233
0 665 337 692 337 864 868 512 189 183 767 786 521 481 695 684 907 204 933 610 741 827 61 539 192 743 132 80 610 277 1015 672 818 757 890 955 692 66 555 473 461 95 608 683 743 93 711 134 120 279 609 921 61 812 368 515 656 673 418 922 366 116 385 941 459 685 916 481 931 897 168 522 978 510 150 793 116 730 353 537 436 830 695 945 291 948 692 750 254 530 435 561 513 784 560 118 695 189 674 589 453 655 900 845 454 574 326 885 1013 717 341 736 652 658 540 893 791 570 119 653 987 659 1003 915 869 992 493 783 144 744 562 600 183 293 579 444 1061 329 570 780 1001 570 668 901 365 112 435 773 727 738 699 185 1101 711 448 762 674 912 712 303 379 675 215 612 117 399 540 125 573 209 561 834 418 275 739 618 730 479 346 730 606 72 118 522 781 462 631 143 481 388 774 551 590 704 799 629 73 532 604 759 838 1016 748 913 538 681 835 84 597 383 770 540 710 591 229 888 637 770 475 588 598 457 767 305 356 249 530 838 624 646 831 123 476
665 0 691 1009 330 365 237 243 555 519 895 876 290 220 174 125 416 511 585 80 658 310 605 276 539 653 598 698 131 395 545 775 278 885 433 711 494 599 149 400 226 614 497 352 759 639 80 708 756 460 195 633 682 201 296 707 109 1003 791 346 336 617 849 545 259 107 674 814 371 445 762 148 592 459 547 630 564 1026 637 772 418 261 908 645 489 667 659 1006 584 927 283 117 623 163 909 715 665 476 582 436 793 906 266 687 213 930 791 799 571 367 382 575 204 801 214 292 418 417 562 321 711 89 600 614 581 721 454 577 597 745 157 256 560 412 259 430 618 823 333 591 581 232 93 270 679 763 302 950 165 156 159 624 685 467 707 605 909 490 669 368 340 767 724 713 701 289 633 756 831 482 484 416 257 440 193 69 208 365 325 694 757 652 754 187 289 840 135 522 837 719 769 922 834 125 162 287 592 153 432 865 664 786 457 699 584 224 348 583 557 806 213 135 905 212 495 369 567 1014 628 620 760 588 1041 380 816 417 719 173 566 465 428 713 726
337 691 0 379 451 735 927 458 476 253 431 452 430 597 633 647 763 240 715 672 456 717 347 450 468 460 225 271 583 354 842 344 722 421 733 692 470 324 646 325 468 253 380 531 426 245 762 471 286 247 731 680 281 883 451 186 735 365 107 825 531 434 161 743 598 658 658 158 822 736 498 549 770 311 420 527 387 412 62 200 292 748 359 705 208 701 400 423 128 247 407 629 217 847 252 453 400 369 410 395 128 323 850 568 533 271 116 579 826 560 536 483 578 325 491 819 618 388 390 517 732 728 799 681 639 734 301 536 452 431 661 505 204 301 487 286 868 154 437 527 805 710 648 961 36 420 598 437 815 691 646 158 890 504 114 501 340 733 419 445 553 348 145 291 234 411 241 448 238 278 341 671 448 275 836 676 654 354 470 431 274 264 288 505 671 161 723 355 168 52 459 254 254 780 851 512 340 537 411 425 568 741 551 644 263 594 707 348 338 114 698 557 373 523 481 764 376 442 176 299 266 181 445 342 132 401 200 849 363 436 661 235 140
692 1009 379 0 821 933 1245 765 851 633 253 299 720 958 905 933 942 619 808 1009 498 935 715 737 845 505 599 615 884 725 974 297 953 252 901 711 621 695 995 608 803 623 557 746 386 609 1086 820 603 613 1086 743 631 1209 814 301 1073 22 278 1042 905 801 316 860 965 949 694 221 1027 899 834 883 867 555 796 584 762 41 405 237 591 987 147 764 571 747 450 90 506 170 738 971 389 1172 132 799 445 748 516 607 251 115 1103 587 887 117 367 520 943 762 914 580 848 254 794 1055 790 616 764 751 758 1063 897 755 727 754 557 627 822 404 1012 775 584 666 764 578 970 373 694 609 913 1071 944 1277 368 748 970 192 1153 964 921 533 964 664 310 576 125 875 457 820 928 310 476 327 576 758 384 781 178 657 547 844 795 643 1177 1009 911 643 841 448 272 623 606 823 898 230 1068 734 213 330 409 142 176 1115 1170 764 711 862 619 278 603 724 709 663 436 853 910 721 490 308 952 885 168 809 860 963 504 113 380 419 265 420 85 707 339 779 290 1144 497 614 828 571 286
337 330 451 821 0 586 534 239 238 217 788 787 278 154 390 367 634 219 722 273 640 539 276 287 220 638 290 378 296 97 758 669 522 777 629 794 522 272 221 308 158 298 467 447 697 324 374 382 436 207 290 736 360 479 42 545 322 809 558 620 90 290 588 709 148 365 753 602 634 639 436 193 754 377 220 656 234 849 415 599 292 525 761 756 249 769 612 845 324 698 175 224 487 449 700 387 617 147 557 419 575 741 578 717 117 719 523 798 766 480 120 593 362 677 255 581 555 394 232 409 813 323 772 724 680 821 361 623 273 690 231 335 268 154 316 307 817 548 347 628 763 262 346 567 454 433 149 824 397 423 390 335 870 521 512 624 752 668 629 41 113 665 434 599 388 122 509 426 654 182 428 584 113 177 413 281 431 288 20 653 623 333 434 219 497 612 300 193 617 494 720 704 664 370 463 374 263 213 427 767 701 866 542 763 476 394 558 253 496 556 464 214 766 307 183 604 526 860 471 528 622 432 875 115 553 87 561 502 517 476 587 400 539
864 365 735 933 586 0 486 356 822 684 741 707 343 549 206 248 51 665 248 440 460 54 816 325 804 453 754 865 300 597 181 644 88 734 74 400 312 801 498 418 428 784 380 203 583 803 418 950 916 591 560 316 856 493 543 655 473 936 803 113 636 861 892 193 589 262 372 797 94 86 1004 411 237 424 793 393 795 935 673 716 455 117 799 320 595 346 493 897 680 913 433 456 566 464 874 950 498 702 418 345 787 818 218 430 501 893 852 552 205 177 684 366 224 683 333 151 145 347 794 220 384 453 239 295 280 395 433 335 850 564 512 264 703 571 285 456 253 889 305 354 218 593 281 504 708 976 631 810 508 209 215 748 319 269 692 383 811 136 492 626 650 632 830 605 852 478 560 980 767 655 404 97 473 590 534 430 164 398 593 510 660 823 916 367 88 840 501 742 825 737 577 895 762 475 441 237 801 380 330 708 405 468 226 407 511 191 29 796 445 840 152 390 786 280 769 30 428 897 594 515 668 567 935 563 866 655 660 350 435 321 116 862 698
868 237 927 1245 534 486 0 480 729 741 1121 1099 524 389 365 324 528 736 734 263 869 439 807 509 715 863 818 912 362 614 641 1004 403 1111 561 879 702 805 313 637 460 830 720 553 978 856 165 887 969 691 276 796 894 60 509 944 212 1240 1028 411 509 802 1084 679 417 305 846 1052 443 573 940 379 723 693 735 828 758 1262 874 1008 655 369 1141 803 723 828 878 1239 817 1164 520 311 858 84 1147 898 884 680 799 660 1030 1141 288 880 419 1168 1024 998 677 559 546 780 413 1031 450 350 589 643 756 529 868 210 721 775 751 879 689 771 777 963 307 479 786 641 486 668 717 1056 560 788 698 324 304 33 917 956 451 1179 149 315 347 852 788 668 945 807 1144 623 886 565 503 994 952 944 920 519 867 943 1067 703 713 568 485 669 148 257 380 602 523 910 990 866 968 425 441 1078 239 725 1075 956 985 1160 1070 164 75 502 795 390 653 1090 855 950 647 877 816 422 482 784 783 1042 357 370 1137 440 669 475 789 1247 865 849 993 825 1275 606 1051 620 955 136 789 680 584 932 964
512 243 458 765 239 356 480 0 469 336 661 647 54 266 187 191 402 320 483 252 451 316 461 53 451 448 412 522 124 241 521 540 306 651 393 568 306 447 262 157 88 438 278 208 537 459 321 594 576 252 355 504 510 444 197 464 317 760 553 410 309 505 619 469 297 200 527 572 418 402 647 134 514 220 437 446 439 783 400 528 175 320 667 522 270 537 440 764 365 686 77 226 380 407 667 593 445 345 369 218 552 663 404 507 193 688 565 604 528 240 352 384 140 562 33 386 315 194 438 170 582 303 533 490 447 590 213 404 495 525 281 95 364 220 76 187 578 599 122 413 524 361 190 513 442 622 329 713 393 239 196 420 631 295 464 416 667 428 453 277 327 533 514 475 514 123 392 625 587 304 254 345 126 243 419 251 219 122 251 478 516 477 576 62 270 601 320 385 596 481 552 680 590 354 405 134 446 104 220 634 488 642 309 542 344 168 327 441 328 573 261 128 665 79 419 378 347 773 385 385 519 344 798 207 587 300 476 391 342 264 347 525 483
189 555 476 851 238 822 729 469 0 238 888 899 497 344 629 605 869 259 939 487 805 777 141 511 17 805 252 265 535 238 990 780 760 878 862 992 718 159 422 491 394 229 647 669 834 247 585 158 310 313 456 943 245 670 280 631 520 835 573 858 222 80 560 934 312 602 951 632 873 871 211 429 976 548 56 840 89 887 471 668 462 764 832 965 346 974 765 899 361 699 395 440 604 647 720 171 769 140 728 612 603 799 812 898 345 737 496 959 996 703 182 778 598 776 489 819 779 588 87 633 1017 528 997 934 888 1023 530 817 51 831 425 564 276 292 544 474 1046 507 561 818 990 412 582 760 497 237 278 906 581 660 628 319 1096 726 575 808 815 896 784 197 225 780 386 714 297 345 630 217 713 234 602 813 348 292 589 497 669 483 236 806 721 238 307 456 734 622 490 127 638 528 862 716 727 565 666 601 142 451 623 875 886 1060 755 955 613 630 794 131 656 548 703 450 844 541 60 841 693 918 573 667 715 544 921 278 528 168 647 723 681 670 814 306 604
183 519 253 633 217 684 741 336 238 0 651 660 340 372 523 518 725 23 751 478 577 649 147 359 226 578 78 185 444 127 833 542 642 640 707 781 513 126 435 291 299 101 432 500 598 123 577 294 241 96 508 742 173 689 233 393 533 619 359 747 286 222 374 758 364 522 741 411 754 715 340 371 796 333 183 622 159 665 236 433 255 656 599 766 116 771 534 672 128 495 262 430 366 657 505 285 537 115 505 409 382 569 735 677 323 524 308 728 830 534 284 562 477 538 367 722 608 389 160 471 811 532 820 736 690 816 315 607 230 596 447 420 52 116 399 264 878 332 387 605 818 480 506 774 267 295 356 671 610 571 529 117 919 530 341 590 584 729 553 201 306 542 216 475 182 234 393 305 482 37 386 652 262 94 628 484 556 296 234 574 482 140 240 356 602 411 514 111 421 303 626 505 495 581 667 447 133 374 423 636 668 845 566 740 379 504 655 134 430 347 598 386 609 415 231 708 469 689 335 433 477 307 697 139 339 151 410 690 456 467 648 194 370
767 895 431 253 788 741 1121 661 888 651 0 46 609 899 760 797 740 630 579 914 281 754 771 620 877 288 647 703 764 705 752 121 779 10 697 466 435 748 918 509 723 680 400 579 158 674 975 902 712 595 1011 508 713 1094 769 257 978 269 375 854 878 858 462 637 917 815 454 313 835 693 930 793 637 441 833 360 804 233 419 231 509 815 113 526 554 507 250 179 528 357 660 885 300 1057 296 885 244 761 329 460 335 164 934 350 823 301 485 268 716 586 900 374 707 113 684 878 596 478 806 595 513 964 666 523 501 508 451 412 873 177 936 641 613 639 636 493 738 508 561 393 685 1008 816 1150 402 851 933 72 1053 816 777 584 724 477 319 361 142 660 249 800 902 128 570 190 665 695 279 879 210 662 410 645 729 623 1080 912 756 543 809 230 168 695 714 723 724 356 981 762 329 381 171 322 191 1013 1049 618 762 765 467 33 369 472 515 420 320 703 723 769 337 427 792 789 90 683 879 770 333 169 320 276 173 356 213 675 469 773 241 1004 331 445 628 665 291
786 876 452 299 787 707 1099 647 899 660 46 0 594 892 736 775 704 639 538 899 246 723 786 604 887 253 662 723 745 706 711 119 749 47 661 421 406 763 907 499 713 696 379 552 124 692 956 920 736 599 1000 465 733 1075 765 271 963 314 405 821 877 872 495 597 911 793 411 344 800 656 950 781 595 429 843 321 816 279 434 255 502 785 157 483 559 463 222 224 541 397 651 873 301 1037 336 904 216 768 302 440 365 207 905 307 815 342 514 222 675 557 901 340 685 127 669 847 562 459 818 571 468 948 623 481 461 463 440 375 886 142 925 621 625 640 617 486 695 539 543 356 643 999 795 1128 420 873 929 116 1037 791 754 601 680 446 338 325 185 622 218 801 901 121 593 188 686 689 277 900 243 669 394 611 722 627 1064 897 730 531 807 197 180 713 738 710 694 390 967 772 363 404 131 363 224 997 1029 596 776 751 445 27 327 426 483 376 313 679 690 782 320 457 765 776 134 664 886 736 310 214 326 264 187 359 258 675 500 777 255 980 310 420 593 687 311
521 290 430 720 278 343 524 54 497 340 609 594 0 319 203 219 385 322 444 305 396 309 475 20 480 393 412 523 163 261 497 488 305 598 370 520 253 459 317 113 137 441 223 172 482 460 369 613 575 249 410 459 513 491 238 419 369 716 520 411 354 526 592 436 349 232 478 534 415 378 665 189 479 169 461 393 459 737 370 484 138 325 618 478 258 492 385 716 349 650 103 280 333 453 627 611 390 367 314 163 516 617 421 454 245 648 541 550 500 205 394 331 148 511 75 395 281 139 458 136 536 355 500 446 402 544 164 353 519 470 336 81 361 228 60 147 550 577 70 361 493 416 225 556 411 633 380 662 444 260 215 411 598 246 425 363 619 399 398 313 374 480 500 424 511 156 343 639 542 312 200 318 169 246 471 303 227 79 292 423 467 480 575 116 262 566 374 403 559 448 497 641 545 405 450 107 459 158 165 581 435 593 264 492 294 169 314 456 274 544 271 182 615 93 451 367 292 724 341 332 470 302 751 224 562 328 430 427 288 211 317 522 442
481 220 597 958 154 549 389 266 344 372 899 892 319 0 342 303 600 373 730 144 713 496 419 319 329 711 445 529 250 248 730 778 470 888 606 830 572 418 77 393 183 451 538 462 790 477 240 501 586 350 136 761 511 331 146 670 177 948 704 554 122 414 740 704 41 293 789 743 575 618 555 144 751 464 346 712 369 983 556 729 390 463 885 778 390 795 697 975 473 845 241 102 602 305 841 511 702 294 631 482 717 870 486 773 76 862 676 869 747 489 164 650 336 792 261 505 557 457 367 423 840 183 765 745 705 849 452 669 390 780 81 342 422 295 331 406 798 702 388 679 751 113 273 421 597 567 84 942 246 353 334 489 858 559 647 682 879 655 711 180 121 772 588 709 541 204 620 555 786 336 508 573 169 322 259 155 384 363 139 737 741 485 584 213 462 757 150 339 761 637 809 848 794 224 323 384 407 180 485 875 753 904 568 806 579 368 525 397 581 706 406 163 888 300 283 560 605 988 592 627 741 552 1006 255 705 235 685 380 599 530 581 553 672
695 174 633 905 390 206 365 187 629 523 760 736 203 342 0 49 258 508 411 240 504 154 641 183 611 498 599 709 95 418 388 645 132 750 267 537 337 629 293 311 237 624 360 189 614 646 244 766 764 440 363 458 697 349 348 606 284 903 721 230 433 676 795 373 383 68 501 731 243 279 821 206 421 351 606 466 613 917 573 671 341 136 789 470 456 492 514 889 550 848 261 251 516 313 821 768 520 519 434 302 714 795 218 520 297 841 745 636 407 197 480 416 57 676 156 199 244 289 611 165 536 264 430 439 407 546 352 410 662 598 308 131 552 407 146 348 457 780 210 426 414 392 81 392 614 803 424 821 336 59 18 607 520 304 622 443 795 320 521 431 445 635 700 590 702 296 520 803 728 489 359 243 283 431 363 231 42 280 395 545 639 664 763 174 121 766 306 562 757 650 620 837 728 297 299 142 626 178 293 729 496 612 288 527 468 57 184 620 425 747 75 185 783 111 573 218 426 894 531 494 644 495 925 389 765 467 615 244 428 316 255 713 636
684 125 647 933 367 248 324 191 605 518 797 775 219 303 49 0 300 504 460 193 547 194 628 200 588 541 595 703 73 406 430 681 166 788 312 586 380 618 250 331 222 618 396 234 654 641 196 748 759 441 315 507 690 304 327 633 235 930 738 254 402 657 808 421 345 19 549 753 273 324 802 176 468 378 586 512 596 947 588 698 357 161 822 519 461 541 554 921 556 869 257 208 544 267 844 751 560 503 475 337 735 826 217 567 266 865 755 682 452 245 449 460 89 710 157 213 293 322 594 206 585 215 477 488 456 595 377 457 641 639 263 158 550 402 169 366 501 790 240 472 460 346 33 352 629 789 387 857 287 55 34 609 565 349 643 488 826 367 562 408 412 672 704 623 699 285 550 788 756 483 392 291 266 428 314 184 85 298 369 586 671 658 758 161 166 785 258 547 778 667 662 860 757 248 255 178 613 154 330 767 543 661 335 576 498 102 227 606 460 761 102 155 816 126 548 256 465 927 556 528 675 518 957 380 778 448 643 211 465 356 303 710 659
907 416 763 942 634 51 528 402 869 725 740 704 385 600 258 300 0 706 215 492 458 106 860 367 852 451 794 905 351 642 130 649 138 733 44 371 322 844 550 452 476 824 398 233 581 842 468 996 955 631 612 288 896 539 592 672 524 946 826 132 687 907 917 154 641 314 347 817 103 51 1049 462 194 451 840 385 841 942 701 731 490 163 804 288 633 315 496 901 715 931 478 508 585 510 890 994 501 747 425 369 808 826 250 416 552 908 880 536 155 203 734 366 273 689 380 183 152 374 840 256 350 504 193 267 260 361 462 329 897 562 564 308 741 613 329 489 202 918 341 348 170 645 333 544 734 1018 682 811 557 260 267 784 269 279 714 379 819 100 493 674 701 637 864 615 890 525 577 1024 781 697 427 97 521 631 582 482 216 435 642 509 670 863 955 416 139 861 552 786 845 762 573 912 774 525 487 277 844 431 353 707 391 435 232 384 530 240 76 840 460 865 203 441 791 328 817 53 438 900 616 529 679 591 939 607 893 702 676 392 447 338 113 899 718
204 511 240 619 219 665 736 320 259 23 630 639 322 373 508 504 706 0 728 473 554 631 170 341 247 555 91 201 431 124 812 521 625 620 687 758 490 150 432 268 288 118 409 479 575 138 571 317 255 75 509 719 191 685 230 374 530 606 347 730 292 246 368 736 367 509 718 397 736 694 363 362 774 310 205 598 182 651 219 416 232 640 581 743 92 748 511 656 113 485 247 425 344 652 493 309 514 132 481 386 369 553 721 653 320 512 304 705 808 513 295 539 461 517 351 707 586 366 183 450 788 527 798 713 667 793 292 583 253 573 445 402 50 101 381 241 857 329 367 582 797 482 494 769 252 317 362 652 608 557 515 117 897 507 323 566 567 708 530 207 314 521 217 454 194 223 370 328 465 38 362 631 253 77 626 478 540 274 237 551 462 158 255 343 584 400 512 132 409 289 603 494 478 577 661 428 156 363 400 616 644 821 544 717 356 487 636 158 406 339 582 376 591 399 249 690 445 673 314 410 457 285 681 130 334 160 390 681 433 444 627 206 352
933 585 715 808 722 248 734 483 939 751 579 538 444 730 411 460 215 728 0 650 310 294 896 434 922 303 806 912 486 700 175 511 330 574 175 157 247 877 697 460 571 841 337 274 424 854 650 1042 954 654 773 78 908 737 681 580 695 816 753 347 792 959 852 66 768 478 140 727 317 165 1090 586 59 426 899 224 891 801 657 629 496 364 662 73 641 101 362 753 703 833 548 654 506 705 782 1036 366 804 314 343 726 694 464 231 668 798 828 341 137 244 836 240 397 554 475 397 173 362 891 313 135 675 89 58 81 146 442 187 956 406 713 392 752 654 408 488 162 865 378 202 106 798 493 752 681 1044 805 652 742 437 426 779 175 221 638 235 682 114 352 758 810 498 840 497 889 601 489 1057 668 731 381 169 610 664 768 641 377 459 734 360 551 876 955 521 300 776 718 835 755 699 407 807 657 705 684 350 882 550 329 546 210 220 185 178 454 368 251 880 377 799 384 567 645 430 895 265 343 747 545 432 561 533 789 661 835 771 578 597 355 288 156 897 633
610 80 672 1009 273 440 263 252 487 478 914 899 305 144 240 193 492 473 650 0 693 385 549 296 471 689 555 650 170 351 621 793 355 904 505 768 535 546 69 407 206 568 525 402 787 593 101 642 708 431 123 692 633 212 246 710 64 1002 776 426 265 553 826 614 182 177 730 805 451 517 696 125 661 473 484 675 504 1029 623 773 418 340 918 706 465 727 688 1013 558 915 271 49 630 179 902 651 694 421 614 464 782 911 346 733 157 923 765 840 645 421 309 616 256 815 231 373 480 442 501 366 771 55 671 674 639 781 465 624 531 774 76 292 523 379 289 432 693 795 361 637 653 153 159 296 665 703 224 965 144 232 227 589 758 513 701 647 916 561 700 308 266 786 690 728 657 261 644 693 832 440 505 483 225 408 168 11 278 373 265 725 768 605 706 190 359 827 71 467 826 705 800 913 837 107 190 330 536 149 462 886 711 843 509 753 596 282 421 527 580 786 289 125 917 246 426 445 595 1023 630 637 770 589 1047 343 792 361 723 236 592 501 494 669 723
741 658 456 498 640 460 869 451 805 577 281 246 396 713 504 547 458 554 310 693 0 477 722 400 790 7 609 699 528 579 477 201 504 275 415 240 167 699 713 331 530 645 175 315 122 650 737 868 729 492 804 250 701 850 608 290 754 506 467 574 727 800 569 362 740 566 211 431 554 411 908 585 370 263 754 86 735 492 408 328 350 541 353 272 462 260 58 447 488 529 477 674 239 813 476 856 59 665 82 232 435 384 660 112 638 491 558 158 445 315 760 94 458 244 465 601 315 256 736 340 284 737 399 259 229 284 279 131 806 104 731 402 559 517 403 335 473 593 332 112 415 812 571 896 420 845 766 352 822 556 522 563 473 203 358 79 372 381 42 664 749 188 597 193 668 525 215 865 361 572 211 364 551 513 850 689 492 354 658 51 244 673 731 511 450 481 764 682 458 427 118 501 349 782 802 370 709 552 231 248 116 285 237 191 203 446 443 711 148 518 524 575 337 448 777 489 113 443 281 157 254 287 484 542 557 655 284 744 123 192 346 673 346
827 310 717 935 539 54 439 316 777 649 754 723 309 496 154 194 106 631 294 385 477 0 777 290 759 471 721 832 249 556 236 652 36 747 125 441 320 763 444 394 383 750 378 192 598 769 364 909 885 559 506 358 822 443 497 650 419 937 791 109 587 819 876 243 537 208 411 789 106 138 962 361 288 409 750 417 754 940 655 713 430 70 805 363 566 389 504 905 654 906 393 403 560 412 870 909 510 660 427 335 777 821 184 459 451 889 832 581 260 173 634 383 178 689 290 124 164 334 753 199 429 398 292 336 316 439 417 358 807 580 458 228 671 534 249 433 308 870 281 377 272 539 227 458 691 938 579 822 455 154 162 719 374 277 682 403 816 186 505 580 599 641 805 609 821 436 557 941 766 618 396 130 428 554 480 375 112 371 545 526 663 789 884 320 46 830 446 701 817 723 596 889 762 421 391 207 762 331 321 722 434 511 240 444 506 147 43 757 445 824 97 339 794 237 722 64 432 906 585 516 670 555 942 523 849 612 656 302 438 321 148 831 690
61 605 347 715 276 816 807 461 141 147 771 786 475 419 641 628 860 170 896 549 722 777 0 492 140 723 123 126 554 222 972 670 766 761 845 928 660 22 493 436 405 93 579 641 734 107 650 147 176 242 547 889 105 750 309 515 595 698 438 870 305 87 419 901 397 629 888 499 880 853 194 463 940 480 94 768 58 752 352 544 401 777 706 913 262 918 676 767 245 559 384 500 502 723 583 139 679 128 651 556 470 670 844 823 394 600 356 870 971 675 280 709 601 660 488 839 749 535 61 609 958 598 964 883 837 963 463 754 106 733 500 552 164 247 530 411 1020 365 528 752 961 509 611 839 371 161 373 783 665 683 645 188 1063 676 452 737 687 870 696 241 317 671 245 606 155 344 529 164 585 165 533 791 362 233 678 557 678 438 284 715 606 96 174 468 731 485 569 82 502 399 764 577 601 642 738 583 15 475 569 760 814 992 711 887 521 630 787 22 575 409 717 482 719 540 173 839 614 787 467 573 599 444 788 253 387 188 531 778 602 614 788 165 481
539 276 450 737 287 325 509 53 511 359 620 604 20 319 183 200 367 341 434 296 400 290 492 0 493 397 431 542 147 277 482 500 285 610 354 515 252 477 312 130 141 459 229 160 491 479 356 629 594 268 404 451 532 477 246 435 359 733 539 391 360 541 611 423 350 213 473 553 395 362 682 184 467 183 476 393 474 752 390 500 158 305 632 471 278 485 392 730 369 668 115 274 348 439 645 627 398 382 320 169 534 632 401 454 246 665 561 552 485 192 402 331 128 524 65 374 268 146 474 122 530 344 487 438 395 538 180 350 534 478 331 61 380 246 40 166 535 597 69 359 479 412 208 540 431 651 383 674 433 241 196 431 585 242 443 363 634 385 404 324 379 492 520 437 531 167 357 656 559 330 209 303 176 265 460 293 207 97 300 430 481 499 594 110 243 585 365 420 578 467 504 659 561 393 435 91 477 151 169 591 434 588 256 488 307 149 295 473 284 563 251 175 629 74 463 349 299 738 358 344 484 319 765 240 582 342 446 409 296 212 303 541 460
192 539 468 845 220 804 715 451 17 226 877 887 480 329 611 588 852 247 922 471 790 759 140 493 0 790 245 266 517 221 973 768 742 867 844 976 702 156 406 475 376 224 631 652 821 243 569 172 313 298 443 927 245 656 262 620 505 829 567 841 207 90 556 916 298 584 935 625 855 853 225 412 959 532 48 824 85 880 461 658 446 746 823 948 333 958 751 891 351 694 378 424 591 633 714 184 755 124 713 595 596 790 795 882 328 731 492 945 978 686 168 762 581 764 471 801 761 572 82 616 1000 512 980 917 871 1007 515 801 63 818 410 547 267 276 527 459 1029 504 544 802 973 400 565 746 488 247 265 897 567 643 611 312 1078 710 565 792 807 878 770 179 211 768 382 701 296 328 617 230 704 220 586 796 330 277 576 481 651 466 218 792 709 236 310 438 716 617 475 115 631 520 848 710 718 551 651 584 139 434 606 863 870 1044 738 939 599 612 776 128 641 543 685 433 834 524 46 823 678 910 561 653 704 532 914 261 524 151 637 707 666 654 797 306 594
743 653 460 505 638 453 863 448 805 578 288 253 393 711 498 541 451 555 303 689 7 471 723 397 790 0 610 701 524 579 469 207 497 282 408 235 161 701 709 329 527 647 172 310 129 652 732 869 732 492 801 243 703 845 607 295 749 513 472 567 725 801 574 355 738 561 206 436 547 404 910 581 363 262 755 80 736 499 412 334 349 535 361 266 463 254 63 454 490 535 475 671 243 808 482 857 65 665 80 229 440 391 653 108 635 497 563 159 438 309 758 87 452 251 461 595 309 253 737 335 278 733 392 252 222 279 279 124 806 111 728 398 561 516 399 335 466 597 329 105 408 809 565 890 424 847 764 359 818 550 516 565 466 197 362 72 379 373 49 663 748 195 600 199 670 523 219 867 367 572 209 357 549 513 845 685 487 352 656 58 250 676 734 507 444 487 760 683 464 431 125 508 355 777 797 365 710 548 228 255 111 281 230 186 205 441 436 712 149 523 518 572 344 443 777 482 112 451 284 160 261 290 491 541 562 654 289 738 123 188 339 676 351
132 598 225 599 290 754 818 412 252 78 647 662 412 445 599 595 794 91 806 555 609 721 123 431 245 610 0 111 522 204 897 547 716 637 774 824 563 100 510 349 378 36 478 565 614 48 655 261 164 162 580 792 103 766 309 391 610 583 321 821 350 210 318 818 433 600 785 380 826 780 299 449 854 381 196 661 163 635 228 421 312 732 583 815 165 818 561 647 124 450 338 507 382 734 468 248 563 164 542 462 351 548 812 713 399 486 252 754 892 599 341 605 552 536 443 798 670 445 165 538 857 609 879 787 741 861 364 652 227 614 521 492 53 192 471 318 940 270 453 649 879 549 585 852 248 239 421 660 686 648 606 66 977 584 329 630 565 792 580 268 368 549 148 484 104 313 409 257 463 115 431 716 340 168 703 562 631 360 306 599 482 70 163 434 674 371 589 137 386 277 644 465 478 657 745 517 115 452 477 637 707 885 623 781 406 578 725 123 465 299 673 465 596 490 263 779 505 667 346 457 476 325 669 218 284 214 407 769 492 518 712 115 358
80 698 271 615 378 865 912 522 265 185 703 723 523 529 709 703 905 201 912 650 699 832 126 542 266 701 111 0 629 303 1007 613 826 693 884 922 667 116 600 458 483 84 579 675 690 62 751 206 57 273 662 894 20 857 404 455 701 596 343 932 422 196 306 925 512 707 884 408 937 891 227 551 961 486 220 757 184 653 297 471 420 842 624 918 273 919 647 675 212 451 447 601 464 828 483 186 649 235 637 568 380 583 920 807 493 497 247 837 1001 709 402 703 662 596 552 908 780 552 187 648 957 702 986 890 844 960 469 752 223 693 609 603 163 301 582 425 1048 249 563 748 987 626 691 945 303 149 492 704 774 756 715 136 1084 690 385 727 603 901 667 349 437 617 139 556 39 418 490 176 503 220 533 827 443 278 789 657 741 470 390 684 545 45 56 541 785 385 678 193 406 321 721 473 520 749 840 628 131 557 583 697 802 980 730 877 495 688 836 144 560 306 783 568 641 601 299 890 600 696 424 543 537 411 691 323 277 294 470 871 587 623 821 43 412
610 131 583 884 296 300 362 124 535 444 764 745 163 250 95 73 351 431 486 170 528 249 554 147 517 524 522 629 0 332 480 645 227 754 356 599 367 544 211 276 148 545 366 231 628 567 211 675 686 369 291 524 616 331 255 582 226 880 677 323 338 584 743 455 290 78 560 696 338 367 730 111 502 331 514 505 523 900 525 647 298 228 780 539 391 558 528 878 487 810 185 168 496 293 789 678 534 429 451 305 676 779 291 563 202 810 689 672 496 251 385 448 88 671 92 286 313 285 521 196 603 209 515 506 470 613 327 454 569 614 227 125 478 329 127 309 547 723 202 467 501 313 65 393 567 716 331 820 294 128 93 537 608 342 587 478 782 405 538 337 350 636 634 583 626 211 505 714 706 409 353 324 193 355 321 164 137 241 300 563 628 584 685 88 212 726 241 474 720 606 639 803 708 254 288 160 540 83 301 734 541 674 338 582 455 118 275 533 426 697 167 90 776 81 478 313 436 885 504 489 631 465 913 307 712 376 594 266 435 335 333 637 605
277 395 354 725 97 597 614 241 238 127 705 706 261 248 418 406 642 124 700 351 579 556 222 277 221 579 204 303 332 0 759 588 544 694 631 755 481 211 308 255 183 219 414 433 625 243 451 353 360 113 384 705 287 562 106 456 406 714 461 647 179 264 491 697 245 408 714 506 658 639 406 248 739 317 199 607 198 754 320 507 229 554 670 727 156 736 546 753 227 601 164 303 405 530 603 352 550 105 499 375 478 648 623 666 196 623 427 736 762 467 195 544 379 592 266 617 542 351 197 398 779 405 760 695 649 785 300 580 257 619 321 334 174 66 313 244 812 454 323 583 755 359 391 648 358 384 245 736 484 461 422 241 859 488 418 574 660 661 564 96 202 585 341 518 306 122 429 385 562 89 371 580 141 83 502 358 455 244 116 587 538 257 359 245 511 515 387 144 521 398 649 607 572 454 541 368 207 256 385 685 652 824 516 720 401 408 568 201 431 459 494 265 677 318 200 619 466 768 384 455 535 348 781 39 457 75 472 568 455 433 579 318 446
1015 545 842 974 758 181 641 521 990 833 752 711 497 730 388 430 130 812 175 621 477 236 972 482 973 469 897 1007 480 759 0 677 267 747 128 323 376 955 680 549 600 929 463 332 595 946 594 1111 1055 737 741 252 1000 657 715 728 652 981 893 230 814 1023 989 114 770 444 313 875 197 119 1163 590 123 534 958 393 956 969 781 782 587 288 830 241 733 267 524 923 808 985 595 638 646 631 939 1108 529 864 465 449 870 859 354 406 680 956 958 516 44 298 860 396 399 719 502 290 228 460 956 362 289 632 103 233 250 299 548 347 1015 576 694 426 844 724 446 583 76 996 445 364 77 775 463 653 810 1128 811 824 682 389 397 881 146 338 778 398 849 109 516 797 828 664 954 655 989 644 634 1135 825 807 500 180 644 740 706 611 346 537 766 528 710 967 1055 541 267 922 681 901 904 834 580 962 817 651 606 390 956 558 433 719 384 372 291 352 592 366 204 953 517 936 332 569 814 450 939 177 488 918 682 579 720 663 960 722 968 822 729 507 499 406 185 998 778
672 775 344 297 669 644 1004 540 780 542 121 119 488 778 645 681 649 521 511 793 201 652 670 500 768 207 547 613 645 588 677 0 674 111 607 424 332 647 797 388 601 581 285 470 101 578 855 806 630 480 890 448 621 976 648 158 857 305 314 756 759 755 412 563 796 699 403 261 739 605 838 672 571 320 725 287 698 293 319 160 387 710 155 470 440 455 153 253 424 342 538 764 182 938 284 791 148 649 225 343 275 183 828 297 702 297 419 257 645 481 782 283 592 43 564 775 499 360 700 483 471 844 600 459 430 469 329 330 768 115 815 524 508 522 518 371 673 449 443 312 616 887 699 1033 310 763 813 175 933 703 663 487 671 375 230 279 171 578 160 683 783 12 488 69 577 574 159 789 172 550 291 552 608 507 959 791 644 421 690 151 70 600 632 602 619 312 860 653 285 299 132 311 157 893 932 503 660 644 352 98 309 450 418 375 198 590 623 666 220 367 682 668 142 564 767 674 222 253 207 156 80 240 290 557 410 657 143 890 218 335 535 579 205
818 278 722 953 522 88 403 306 760 642 779 749 305 470 132 166 138 625 330 355 504 36 766 285 742 497 716 826 227 544 267 674 0 771 161 476 343 753 415 398 367 743 396 207 624 763 330 895 880 554 474 393 815 407 479 665 385 955 800 105 565 805 882 279 511 179 445 801 113 173 949 338 324 418 735 446 741 960 661 728 433 37 826 399 563 424 528 926 653 918 382 374 574 376 884 896 534 647 450 349 788 840 156 491 429 904 837 612 293 193 612 410 165 710 278 101 195 345 739 208 464 365 327 372 351 475 425 388 792 606 428 224 666 526 245 436 340 874 285 406 307 508 198 423 698 927 554 846 420 122 136 717 407 302 693 431 836 222 530 562 577 663 805 628 816 423 572 929 782 610 410 165 412 548 445 344 90 372 526 551 682 783 879 304 55 841 414 689 828 731 623 903 779 386 355 210 751 310 336 746 466 547 267 478 521 137 78 746 463 832 65 317 816 227 704 90 453 928 597 534 688 565 963 513 855 597 671 267 458 340 182 827 703
757 885 421 252 777 734 1111 651 878 640 10 47 598 888 750 788 733 620 574 904 275 747 761 610 867 282 637 693 754 694 747 111 771 0 690 463 427 738 908 499 712 669 391 571 152 664 965 892 702 584 1001 504 703 1085 758 246 968 267 366 847 867 847 454 632 906 806 451 304 828 686 920 783 633 431 822 354 793 234 409 221 498 807 110 523 543 503 242 181 517 351 649 875 289 1047 290 875 236 750 321 450 326 160 926 346 812 296 476 268 712 578 889 367 698 102 674 871 588 468 795 586 511 954 662 519 496 506 440 406 862 171 926 632 602 628 626 482 734 500 552 387 681 998 806 1140 391 841 922 77 1043 807 768 574 721 469 309 355 138 655 241 789 891 118 560 179 655 685 269 869 202 651 400 639 719 612 1070 902 747 532 798 224 157 684 705 713 716 349 971 751 321 371 167 317 183 1003 1040 609 752 755 457 28 365 472 508 417 309 694 715 758 328 418 783 779 86 673 868 763 324 172 309 266 162 345 216 664 460 762 230 995 322 436 621 655 281
890 433 733 901 629 74 561 393 862 707 697 661 370 606 267 312 44 687 175 505 415 125 845 354 844 408 774 884 356 631 128 607 161 690 0 330 283 829 561 428 472 805 362 209 538 823 490 983 933 612 627 247 877 567 587 636 542 906 793 174 687 896 885 118 646 328 305 781 146 12 1036 465 163 422 830 341 829 901 671 694 466 191 763 248 611 275 454 859 690 895 467 518 549 537 852 981 459 736 384 338 773 786 288 372 554 870 850 492 140 176 733 324 272 648 374 221 116 345 828 236 311 522 167 225 216 322 434 285 887 519 575 297 721 598 317 464 191 887 320 305 148 658 346 578 703 1002 687 768 580 278 278 761 253 241 679 336 778 62 450 669 702 595 838 575 868 516 540 1009 742 681 394 61 516 614 606 496 227 414 638 466 631 844 934 413 146 826 568 774 809 730 529 874 735 546 515 262 830 432 322 664 347 396 193 341 494 240 85 826 423 833 221 445 749 322 811 89 400 858 581 490 639 558 897 594 862 694 638 424 409 303 74 877 682
955 711 692 711 794 400 879 568 992 781 466 421 520 830 537 586 371 758 157 768 240 441 928 515 976 235 824 922 599 755 323 424 476 463 330 0 274 907 807 501 656 860 348 369 326 869 782 1075 957 688 890 83 922 877 757 530 819 723 708 504 874 1000 809 223 864 606 41 670 474 320 1120 687 199 448 946 166 933 697 641 567 531 512 563 84 666 56 298 645 709 764 620 765 475 844 708 1066 300 853 286 380 675 603 618 129 760 722 798 204 280 347 913 219 512 468 568 551 294 404 933 407 47 800 222 105 130 44 466 175 1001 310 825 488 772 700 499 520 286 833 449 176 247 910 618 900 657 1064 897 537 873 572 554 786 261 273 598 194 587 271 282 826 894 412 830 432 894 672 452 1081 594 768 395 311 689 703 900 761 509 511 810 279 479 892 959 616 438 721 838 878 697 666 301 735 580 835 825 446 914 651 370 435 124 74 262 49 431 487 399 915 361 759 523 671 543 531 955 420 322 635 516 393 490 517 679 716 798 830 524 743 335 322 294 900 586
692 494 470 621 522 312 702 306 718 513 435 406 253 572 337 380 322 490 247 535 167 320 660 252 702 161 563 667 367 481 376 332 343 427 283 274 0 640 561 227 391 598 90 148 282 610 572 807 708 418 650 229 664 684 485 354 593 624 517 423 604 729 613 273 603 400 233 500 407 282 854 435 300 181 673 141 661 623 411 411 259 379 487 252 400 258 185 585 457 612 349 521 270 648 569 799 191 579 107 106 494 506 499 201 498 587 585 305 356 151 642 81 292 371 313 443 169 129 661 174 299 576 328 223 177 305 198 100 729 265 580 242 510 426 247 249 397 623 183 107 335 663 405 729 437 803 633 502 660 389 355 533 421 43 402 112 499 268 188 553 625 321 593 294 643 401 259 817 459 497 134 224 421 431 687 530 325 237 538 210 349 633 709 361 288 547 606 605 528 459 284 591 452 619 636 207 646 400 95 403 182 344 89 241 215 280 291 646 141 561 359 423 475 288 681 342 116 586 305 207 357 289 623 441 594 555 355 577 126 47 209 650 402
66 599 324 695 272 801 805 447 159 126 748 763 459 418 629 618 844 150 877 546 699 763 22 477 156 701 100 116 544 211 955 647 753 738 829 907 640 0 491 417 395 71 559 623 711 87 647 168 170 223 549 869 96 749 303 492 593 678 417 857 307 109 400 883 398 619 868 478 866 836 213 455 922 460 108 747 71 731 329 521 382 765 684 893 241 898 654 746 222 540 371 496 479 721 563 159 656 124 629 536 448 648 834 801 389 579 337 848 954 658 286 688 588 637 475 828 732 516 74 592 938 595 946 863 817 943 442 733 128 711 499 537 141 231 516 391 1003 348 510 731 943 512 602 838 349 174 377 760 664 672 633 166 1044 657 429 715 665 853 673 239 321 648 226 583 141 333 506 180 563 148 512 774 352 215 678 553 665 420 282 693 583 80 168 457 717 465 568 79 481 377 741 557 578 640 735 567 16 466 549 738 793 970 693 866 498 616 772 28 553 390 705 474 697 526 184 824 592 766 444 551 576 421 766 240 368 185 508 772 580 594 771 151 458
555 149 646 995 221 498 313 262 422 435 918 907 317 77 293 250 550 432 697 69 713 444 493 312 406 709 510 600 211 308 680 797 415 908 561 807 561 491 0 408 196 520 540 438 799 545 162 579 657 400 93 734 582 257 202 701 101 987 752 492 199 491 794 665 113 236 767 786 515 572 632 128 712 477 423 702 445 1018 600 762 412 404 913 750 437 769 702 1006 526 892 260 43 626 229 884 588 708 366 632 481 761 903 415 762 113 905 732 865 701 461 242 642 299 815 248 440 524 457 442 400 814 106 724 717 679 823 467 655 468 787 18 322 483 346 314 428 751 760 381 666 708 102 217 346 642 643 155 966 175 295 283 549 814 543 685 674 910 613 715 252 198 790 650 729 609 237 642 632 821 398 515 534 200 374 193 80 334 375 209 741 766 555 655 202 414 804 79 411 805 682 815 892 827 149 246 362 481 161 481 892 741 882 545 788 598 329 477 471 590 757 350 138 914 276 361 506 609 1017 622 642 766 581 1039 307 760 306 715 303 605 523 543 621 709
473 400 325 608 308 418 637 157 491 291 509 499 113 393 311 331 452 268 460 407 331 394 436 130 475 329 349 458 276 255 549 388 398 499 428 501 227 417 408 0 213 383 160 219 397 398 479 582 506 194 501 455 453 601 277 307 472 604 409 502 396 502 486 468 415 344 460 422 500 434 630 284 505 71 446 352 434 625 264 371 38 423 510 477 184 485 306 606 262 538 152 376 223 564 514 575 311 351 249 121 404 506 526 411 316 535 439 489 542 251 429 289 254 407 186 493 321 99 434 197 526 460 530 447 401 532 59 325 501 387 426 181 296 199 164 38 590 476 113 328 529 500 338 668 303 585 438 558 550 370 325 333 628 240 312 319 510 442 322 334 418 381 412 321 440 195 236 597 430 272 120 369 225 205 575 407 329 35 327 347 360 420 506 217 348 455 472 378 447 338 417 529 433 511 562 187 422 258 133 484 397 569 275 464 189 269 389 421 190 436 373 282 509 205 455 445 218 616 228 234 362 189 641 216 458 330 319 540 210 180 363 449 329
461 226 468 803 158 428 460 88 394 299 723 713 137 183 237 222 476 288 571 206 530 383 405 141 376 527 378 483 148 183 600 601 367 712 472 656 391 395 196 213 0 398 355 296 608 422 294 529 540 233 289 592 469 415 115 506 270 796 570 467 221 438 624 554 211 224 615 598 480 482 583 81 599 283 368 531 375 825 416 568 216 373 717 611 263 626 514 811 358 708 65 168 430 379 696 531 519 281 447 298 575 708 439 592 107 716 565 686 609 327 265 468 204 619 97 434 401 273 374 257 670 262 617 578 535 679 272 490 425 597 214 179 337 187 162 231 660 597 208 499 607 286 208 493 458 567 242 769 351 277 239 399 714 383 494 500 714 511 528 198 239 595 498 534 482 64 446 566 627 263 325 428 45 215 374 208 276 181 166 553 569 437 539 63 340 621 265 325 620 499 626 706 633 314 384 220 391 75 302 697 573 730 397 629 402 236 400 384 399 582 312 90 718 149 340 446 422 822 427 448 570 386 844 160 591 229 520 393 416 348 431 493 517
95 614 253 623 298 784 830 438 229 101 680 696 441 451 624 618 824 118 841 568 645 750 93 459 224 647 36 84 545 219 929 581 743 669 805 860 598 71 520 383 398 0 513 597 649 25 668 226 141 193 586 827 72 777 321 425 620 606 345 848 349 180 332 851 437 622 821 406 854 812 263 467 888 417 175 697 139 659 261 452 345 758 613 851 199 854 597 674 159 469 363 519 418 746 491 212 599 161 578 497 377 576 836 750 411 508 268 790 925 631 336 641 578 569 468 823 703 479 142 569 893 620 913 822 776 897 400 688 199 650 530 521 88 217 500 352 973 281 484 685 912 552 606 864 279 204 421 690 695 671 630 95 1011 619 360 666 594 825 616 272 366 583 159 519 90 333 445 221 492 135 467 748 359 195 711 575 657 391 312 635 516 39 140 457 703 394 598 126 410 306 679 486 508 668 758 547 87 472 512 670 743 921 657 817 442 605 755 97 502 319 699 483 627 517 247 808 541 694 381 493 509 361 695 238 299 217 440 787 528 553 744 102 389
608 497 380 557 467 380 720 278 647 432 400 379 223 538 360 396 398 409 337 525 175 378 579 229 631 172 478 579 366 414 463 285 396 391 362 348 90 559 540 160 355 513 0 188 262 524 577 727 619 339 633 314 578 695 435 274 587 559 431 486 554 652 525 363 565 414 309 418 474 364 772 412 391 99 599 193 585 564 321 335 185 430 432 338 317 340 163 532 368 533 302 503 187 658 493 718 168 507 92 61 410 444 547 252 463 512 495 332 445 205 588 131 307 318 294 498 246 83 585 197 379 572 419 311 265 384 117 174 654 249 559 242 425 355 238 172 487 533 164 173 425 638 416 749 348 718 591 461 659 417 377 445 512 125 316 160 441 354 175 494 576 275 502 233 554 351 179 734 387 420 46 301 376 356 686 522 359 180 485 200 286 547 620 339 340 463 595 530 447 370 275 514 383 619 649 218 565 380 66 370 238 413 172 308 131 304 356 566 67 473 398 404 424 285 614 411 70 536 219 138 292 199 569 375 505 490 279 604 69 59 289 561 319
