170
0 751 775 523 1189 897 353 753 748 464 351 605 525 1198 813 1048 1147 503 914 884 715 813 140 251 969 254 1022 714 403 821 281 766 450 522 94 495 929 1149 1119 562 733 624 675 1091 765 1081 602 1106 677 975 86 1160 852 355 882 905 285 693 912 828 165 494 101 916 844 690 699 635 479 546 592 383 1236 240 847 721 662 389 215 209 192 826 129 521 541 853 902 911 1101 771 763 466 854 897 548 732 608 1034 555 406 872 506 895 764 795 783 720 739 692 812 217 967 919 845 191 876 663 490 263 836 757 879 690 71 946 636 1120 924 696 766 632 261 956 949 683 857 542 209 972 969 184 482 835 811 549 924 797 1061 705 746 646 943 475 975 491 487 536 370 810 716 437 768 733 771 797 492 886 854 464 912
751 0 664 511 543 894 491 84 667 315 400 187 237 552 817 322 509 256 512 744 91 216 785 644 561 505 418 478 381 120 759 255 304 678 809 423 263 552 528 468 31 820 788 440 148 438 250 540 526 1018 666 525 117 603 779 396 485 181 180 571 588 631 813 908 783 109 527 262 287 649 703 371 604 542 535 129 202 794 580 595 719 95 680 243 634 830 898 345 616 124 95 597 205 285 227 59 182 311 240 363 292 434 258 108 722 752 620 884 748 298 812 769 956 94 699 857 260 262 523 479 13 427 540 808 946 117 652 253 87 350 301 499 1011 244 71 693 433 735 823 713 626 291 391 580 345 437 365 654 715 121 134 502 320 318 266 266 216 758 875 98 338 364 107 726 163 310 193 352 782 306
775 664 0 270 671 230 456 586 31 709 613 515 547 677 161 718 634 657 292 112 572 496 687 524 312 604 530 185 725 604 547 894 571 274 753 350 576 587 562 260 679 295 216 620 801 605 790 528 147 354 731 637 766 419 127 398 566 794 817 142 704 285 751 243 119 722 139 828 533 238 219 650 684 754 197 535 465 479 577 575 600 643 645 674 238 167 234 459 447 782 581 309 870 508 524 605 519 706 727 531 472 330 535 568 58 96 59 280 160 946 646 192 293 718 592 193 845 583 552 244 655 337 130 777 282 646 445 581 581 332 861 594 348 635 659 83 301 593 205 207 593 695 334 118 840 376 333 360 115 549 703 335 735 577 650 635 627 467 229 733 515 319 558 73 824 744 853 391 401 502
523 511 270 0 738 457 186 454 250 462 349 328 325 745 368 684 695 422 405 382 425 425 460 283 455 334 570 197 467 500 348 697 325 168 518 99 538 676 646 56 515 310 291 655 623 642 566 624 153 570 470 704 627 182 393 433 296 594 687 304 436 124 518 475 368 534 176 607 296 138 196 390 772 484 328 401 317 328 314 315 369 528 396 442 123 398 462 466 593 610 455 102 705 482 311 458 333 670 499 273 447 82 496 446 307 314 210 387 265 752 438 456 505 590 357 425 629 348 284 326 506 390 167 537 513 452 608 538 424 301 635 324 557 584 480 346 78 370 475 449 338 452 355 287 599 439 325 542 247 423 504 440 489 565 412 397 402 299 404 552 264 296 424 293 651 500 704 394 287 488
1189 543 671 738 0 849 848 487 696 834 863 601 687 8 817 261 43 765 379 670 518 383 1171 997 367 939 169 559 893 426 1083 764 763 871 1217 714 283 94 111 682 574 954 883 104 660 110 793 150 627 957 1112 34 537 910 715 304 905 718 533 529 1045 847 1219 852 751 652 608 804 724 829 849 857 63 1031 475 494 532 1064 980 990 1086 448 1083 762 819 802 850 279 271 634 473 838 654 295 658 520 599 264 776 789 317 709 305 466 718 762 673 952 827 787 1167 627 915 495 1069 818 798 734 927 439 530 353 627 1228 880 641 300 293 541 439 843 930 961 300 606 632 680 1093 693 552 1021 810 383 554 887 306 412 376 781 474 675 336 847 229 771 764 717 1037 890 637 758 442 492 743 654 840 603 345 1009 278
897 894 230 457 849 0 628 817 228 917 806 741 765 853 89 933 816 871 483 180 802 723 785 650 483 775 728 416 925 833 631 1121 780 377 853 552 795 757 737 467 909 290 223 815 1030 800 1010 699 371 124 872 816 996 556 135 607 740 1020 1046 349 861 415 850 18 112 949 367 1049 745 363 307 848 849 927 402 766 695 536 726 720 707 872 771 890 372 63 4 673 593 1012 811 453 1100 727 745 835 745 921 945 731 693 533 757 799 172 147 276 192 208 1173 725 232 67 948 705 36 1068 797 716 457 885 547 355 882 55 872 578 801 811 559 1080 765 119 856 887 224 509 694 175 302 731 906 553 330 1053 579 557 488 210 779 929 524 944 791 863 848 845 539 97 961 720 546 789 171 1053 955 1083 610 450 719
353 491 456 186 848 628 0 462 435 329 189 309 257 857 539 739 805 313 561 568 425 487 324 157 616 148 679 363 314 524 268 614 215 273 369 141 606 801 771 214 484 420 433 754 564 743 460 755 335 733 290 817 607 121 577 555 111 515 670 483 250 223 371 647 548 474 356 502 210 270 332 239 891 300 497 418 342 310 138 144 242 540 236 337 259 573 633 568 747 559 468 181 655 564 263 452 314 725 392 146 535 153 567 464 490 491 396 522 423 668 331 643 669 582 224 599 528 253 98 482 491 526 350 381 683 397 767 603 414 416 521 138 717 637 438 532 189 253 661 633 173 328 483 468 467 572 446 710 418 443 435 590 355 646 301 288 315 274 562 497 159 416 436 472 596 370 668 507 320 576
753 84 586 454 487 817 462 0 591 348 404 153 227 496 742 296 450 281 428 663 38 135 771 618 478 500 349 401 410 69 730 339 303 622 801 373 203 486 460 406 109 759 722 383 232 379 313 468 453 941 669 466 180 565 700 314 474 258 236 489 594 576 805 830 705 181 451 332 274 590 640 385 546 560 452 53 137 754 566 580 699 78 669 275 575 753 820 267 538 208 14 546 285 211 207 33 149 283 288 350 213 382 188 25 645 676 545 816 679 382 790 686 880 137 679 780 334 265 509 395 71 343 466 804 868 153 573 194 57 267 372 493 934 202 123 612 375 713 740 629 611 324 307 499 404 355 282 572 643 38 193 419 359 258 288 284 235 719 802 177 321 281 30 651 247 353 266 269 734 232
748 667 31 250 696 228 435 591 0 697 597 512 540 702 151 735 658 648 317 135 575 506 659 497 340 583 552 191 711 612 517 892 560 243 724 335 591 613 588 247 681 265 188 642 802 627 783 554 142 352 707 662 771 393 142 417 545 791 823 167 681 257 723 243 123 720 139 822 523 209 187 635 711 734 221 539 466 448 552 551 571 650 619 666 209 165 232 477 476 784 586 282 872 523 518 608 516 722 720 517 487 316 550 574 59 85 48 257 132 944 616 220 289 724 564 192 840 573 530 264 658 358 127 749 283 643 475 595 583 343 854 573 343 649 659 113 288 565 226 238 568 685 350 142 830 398 346 391 85 554 700 360 724 595 640 625 619 436 215 732 502 330 563 60 825 733 857 407 369 519
464 315 709 462 834 917 329 348 697 0 149 250 176 843 829 636 796 70 685 814 315 458 531 438 743 253 685 552 66 415 557 310 137 595 537 365 551 823 795 451 289 746 746 730 301 724 144 796 563 1032 379 811 398 449 836 612 255 229 454 675 300 543 543 934 821 232 577 183 176 584 646 97 891 234 663 341 329 627 345 361 489 405 426 73 570 856 922 586 840 309 362 501 390 545 207 318 250 624 90 191 535 384 529 368 757 771 651 840 726 361 579 870 967 401 469 884 211 130 300 622 324 615 581 529 973 200 870 542 292 502 195 254 1019 549 243 768 409 510 906 836 387 24 569 672 139 646 531 844 709 359 190 694 26 605 68 80 118 591 866 257 197 511 342 748 333 41 422 558 648 565
351 400 613 349 863 806 189 404 597 149 0 263 178 872 716 701 822 160 648 724 366 480 395 289 706 110 702 481 124 473 408 454 102 462 410 264 591 836 806 353 382 610 620 761 429 753 290 800 476 915 265 836 503 304 740 603 106 364 564 607 189 411 415 824 717 346 493 331 139 456 519 52 915 170 607 378 331 478 199 215 344 476 288 181 444 747 811 594 821 430 415 369 520 568 205 382 266 687 228 88 548 283 560 417 656 664 554 710 606 507 435 789 851 494 324 775 359 139 151 576 406 592 493 408 862 286 847 584 347 474 344 108 900 604 333 682 315 364 817 766 242 155 544 599 281 630 505 806 595 401 303 666 172 640 147 140 186 443 745 372 115 480 387 643 462 189 545 549 503 585
605 187 515 328 601 741 309 153 512 250 263 0 86 610 659 443 560 181 438 609 116 218 618 465 495 351 443 336 300 218 578 380 162 494 650 236 327 580 551 290 187 639 613 498 296 491 282 549 370 863 522 575 305 417 638 361 323 279 367 450 450 445 654 756 634 210 376 317 126 467 523 256 655 429 428 116 78 608 413 427 545 231 517 188 451 677 745 340 589 282 161 410 377 306 58 143 5 429 229 199 290 249 297 160 570 595 464 709 577 433 637 650 799 275 526 705 332 133 356 381 185 365 386 654 795 131 620 321 104 255 353 344 853 344 152 559 252 560 695 606 458 228 319 452 351 395 282 596 548 141 188 445 270 376 182 172 135 572 710 225 169 266 130 570 323 271 376 307 594 324
525 237 547 325 687 765 257 227 540 176 178 86 0 696 679 523 647 112 509 649 189 304 548 407 567 272 529 381 218 296 524 373 76 480 575 225 412 665 636 299 227 630 616 585 310 577 244 633 400 885 441 661 351 375 674 442 249 271 414 502 367 429 579 782 663 219 411 284 49 460 520 170 741 343 488 199 160 566 343 357 481 302 444 127 445 702 770 424 668 302 238 391 399 393 31 209 88 509 180 126 376 242 383 239 599 618 492 712 587 428 574 699 820 331 461 731 305 48 286 446 240 441 417 577 821 140 697 405 172 327 315 266 873 426 181 601 258 497 738 662 389 156 394 501 295 474 356 668 563 222 183 520 199 462 109 95 79 530 724 241 100 335 209 594 341 203 410 388 565 410
1198 552 677 745 8 853 857 496 702 843 872 610 696 0 822 269 51 774 385 674 527 392 1180 1005 371 948 177 566 902 434 1091 772 772 878 1226 722 292 97 115 689 583 960 889 113 668 119 802 154 634 961 1121 41 545 918 719 312 914 727 541 535 1054 855 1228 856 755 660 615 813 733 836 856 866 55 1039 481 503 541 1071 989 998 1094 457 1091 771 826 806 854 288 273 643 482 846 662 304 667 528 608 271 785 798 326 717 314 475 723 767 679 957 833 794 1175 630 919 504 1077 822 807 743 936 446 539 360 634 1236 884 649 301 302 550 447 851 939 965 309 615 637 688 1101 696 555 1029 819 391 560 896 313 420 378 787 483 684 342 855 238 779 773 726 1044 895 646 766 450 501 749 663 849 611 353 1016 287
813 817 161 368 817 89 539 742 151 829 716 659 679 822 0 878 781 784 441 156 726 656 704 565 450 685 684 342 835 764 552 1039 692 291 773 463 736 728 706 380 831 224 146 773 951 758 924 669 291 205 785 783 923 468 118 555 650 937 975 296 773 327 770 108 70 868 290 964 658 274 221 759 823 838 351 690 616 462 638 633 624 801 686 803 283 42 94 618 573 933 737 364 1023 669 660 759 663 866 859 642 633 444 696 725 104 66 197 152 121 1092 648 235 140 876 622 62 983 710 627 402 809 495 276 801 145 790 564 742 733 492 995 675 194 796 807 184 422 612 198 292 644 818 494 274 965 531 494 474 121 705 846 483 856 737 776 761 759 462 73 881 631 479 714 91 975 867 1008 552 375 663
1048 322 718 684 261 933 739 296 735 636 701 443 523 269 878 0 243 572 456 756 334 260 1058 897 478 794 230 555 701 227 1000 512 599 844 1093 627 147 313 302 628 351 959 903 183 413 191 566 334 623 1054 964 259 286 829 800 326 767 480 273 584 890 807 1096 942 823 424 611 569 568 805 843 681 324 856 531 327 397 1008 855 868 981 230 959 563 792 876 936 260 453 389 285 785 396 212 500 321 439 14 563 643 249 629 190 284 774 815 697 988 852 529 1070 743 1000 252 962 898 559 561 798 476 312 385 630 1097 976 436 490 146 353 401 606 787 1052 102 393 709 611 993 808 671 899 612 384 605 662 358 390 535 808 302 456 422 643 142 581 578 528 975 948 405 613 412 314 792 403 633 343 327 972 216
1147 509 634 695 43 816 805 450 658 796 822 560 647 51 781 243 0 726 342 636 480 342 1128 954 333 897 126 517 854 390 1040 736 722 829 1174 671 247 77 83 639 540 914 844 69 630 71 759 123 586 927 1070 16 510 867 682 262 862 686 510 491 1003 805 1176 820 716 618 567 771 682 787 808 817 95 990 437 454 490 1021 937 947 1043 415 1040 724 777 768 818 236 249 604 436 795 629 254 617 483 559 243 739 747 275 666 266 428 682 726 633 915 789 761 1124 597 883 466 1026 785 766 693 884 399 496 312 586 1185 849 604 281 257 503 396 810 888 930 270 570 598 637 1049 663 522 978 771 341 516 852 265 369 351 742 436 640 299 809 192 731 725 678 994 854 605 716 399 454 706 626 803 579 302 967 237
503 256 657 422 765 871 313 281 648 70 160 181 112 774 784 572 726 0 618 760 247 388 555 441 676 270 615 493 129 349 561 301 100 566 568 322 483 753 725 404 233 717 711 661 268 655 147 726 510 989 417 742 349 435 784 542 262 206 408 615 338 514 574 888 771 187 522 190 126 550 613 120 822 286 600 272 260 621 357 373 502 342 448 23 536 809 876 516 771 271 294 473 360 476 142 252 181 560 79 167 465 341 460 300 707 725 601 806 686 356 594 812 924 346 482 837 215 74 306 557 263 547 528 564 927 138 801 474 225 435 214 268 977 483 184 713 361 521 850 775 402 46 501 613 183 577 463 777 666 290 144 626 88 536 13 25 48 585 825 213 162 444 273 701 301 91 385 488 633 495
914 512 292 405 379 483 561 428 317 685 648 438 509 385 441 456 342 618 0 304 432 298 864 687 58 688 244 208 725 413 751 767 567 509 920 420 330 297 271 356 537 577 504 332 660 317 713 238 266 601 850 345 584 587 349 134 648 680 620 149 798 495 921 490 378 602 244 742 522 467 478 664 395 816 96 392 362 712 699 705 774 454 793 626 459 430 486 202 188 636 416 495 704 266 478 457 440 445 666 561 238 408 299 403 340 383 295 572 448 810 843 287 551 532 761 450 750 557 656 79 499 85 261 937 522 546 205 339 451 182 781 677 601 392 538 260 372 776 351 217 732 664 122 174 789 97 156 159 401 392 601 43 707 314 616 604 574 690 514 603 533 173 408 364 673 709 673 161 648 252
884 744 112 382 670 180 568 663 135 814 724 609 649 674 156 756 636 760 304 0 654 558 792 633 303 717 548 272 833 672 648 983 678 373 858 460 621 579 558 370 762 358 276 635 886 619 888 520 251 297 842 637 839 529 45 430 678 885 886 178 816 391 857 186 86 811 238 925 638 341 310 759 672 867 226 615 552 571 688 686 705 712 755 776 344 133 182 497 419 866 656 418 949 554 624 685 613 745 828 641 520 441 584 643 94 126 171 308 227 1033 746 89 247 789 699 148 941 687 665 284 734 371 233 883 219 738 408 628 665 398 960 706 297 683 747 51 410 698 93 135 704 800 381 164 943 400 391 318 193 625 796 343 840 614 754 739 727 563 227 820 623 384 637 124 907 848 928 437 488 545
715 91 572 425 518 802 425 38 575 315 366 116 189 527 726 334 480 247 432 654 0 151 734 581 485 462 374 386 376 106 693 336 265 593 763 341 235 512 485 379 108 733 698 414 233 409 292 491 435 927 631 496 203 531 688 326 436 248 261 482 556 547 767 816 691 169 435 315 236 562 615 349 576 524 448 40 111 720 528 542 661 115 631 243 547 739 806 285 554 212 48 515 297 234 169 33 111 321 261 312 231 351 215 53 630 660 528 793 658 383 753 681 864 164 642 766 320 227 471 393 83 350 449 766 854 126 588 227 23 263 354 455 919 239 106 603 347 676 733 627 573 291 310 490 380 366 281 581 623 46 173 427 328 289 253 249 200 685 783 171 283 276 27 635 253 322 284 278 702 255
813 216 496 425 383 723 487 135 506 458 480 218 304 392 656 260 342 388 298 558 151 0 810 643 346 560 227 316 514 116 743 472 380 586 849 368 119 365 337 370 244 709 659 280 364 273 444 340 379 847 733 357 287 571 598 179 528 394 328 380 664 548 852 734 610 316 372 466 341 549 591 474 437 647 336 117 151 748 610 622 729 156 714 387 535 661 726 133 403 339 122 525 406 88 275 168 216 245 411 409 79 370 81 109 554 590 463 749 611 513 816 570 788 235 711 686 469 351 555 278 203 213 389 857 771 278 438 116 174 163 505 552 842 159 256 507 351 739 628 508 653 434 183 395 531 221 167 438 570 105 325 286 473 161 392 384 339 715 721 312 377 177 124 566 375 469 376 137 712 107
140 785 687 460 1171 785 324 771 659 531 395 618 548 1180 704 1058 1128 555 864 792 734 810 0 177 915 285 1002 657 479 837 154 841 481 420 68 458 929 1121 1091 508 771 502 561 1078 824 1067 675 1073 609 854 181 1140 894 278 784 875 300 758 956 760 244 401 65 803 742 741 633 713 499 450 487 439 1213 339 787 733 663 258 205 191 90 848 106 576 449 746 789 892 1053 825 780 382 915 888 565 756 622 1045 619 422 859 465 891 778 700 682 637 616 585 891 77 879 800 879 103 767 741 524 262 785 788 841 621 98 831 676 1068 925 719 736 716 288 834 957 722 771 497 94 876 890 160 544 800 740 638 888 765 1001 605 758 698 897 548 969 542 535 579 246 693 766 450 735 748 673 857 566 940 828 340 900
251 644 524 283 997 650 157 618 497 438 289 465 407 1005 565 897 954 441 687 633 581 643 177 0 738 191 827 480 402 681 120 742 351 274 234 283 762 945 915 330 634 390 432 906 705 894 579 896 435 736 222 965 758 105 631 698 182 648 821 586 229 242 234 669 593 616 458 620 358 295 343 341 1037 317 611 575 500 197 102 88 88 697 122 464 290 604 655 718 875 702 625 215 797 718 417 608 470 882 516 284 687 288 723 622 544 532 470 504 443 795 173 717 677 736 74 627 648 393 137 608 645 663 447 255 701 544 891 759 569 560 633 187 718 794 587 607 320 96 721 722 84 444 623 567 566 710 588 826 454 600 575 720 460 800 428 417 453 164 567 641 306 558 593 519 737 477 814 653 245 729
969 561 312 455 367 483 616 478 340 743 706 495 567 371 450 478 333 676 58 303 485 346 915 738 0 744 254 258 784 458 798 817 625 549 972 475 363 278 255 408 587 604 528 335 709 320 768 218 311 594 905 334 628 637 348 171 705 733 661 176 855 538 973 487 384 655 288 797 581 507 512 723 373 874 132 444 419 754 754 759 825 499 846 684 500 434 484 236 141 685 466 542 750 303 536 508 497 468 722 619 279 462 336 453 354 398 326 589 472 859 892 269 549 575 812 451 804 615 711 133 548 134 303 990 516 601 152 372 504 240 835 734 597 423 591 265 427 826 335 195 786 722 177 201 846 129 213 101 426 443 655 60 764 339 674 662 631 734 523 654 591 231 460 381 721 766 716 208 687 286
254 505 604 334 939 775 148 500 583 253 110 351 272 948 685 794 897 270 688 717 462 560 285 191 744 0 773 500 212 568 306 562 200 409 304 273 675 903 873 356 489 549 572 839 539 830 397 862 480 876 173 910 611 233 726 662 39 474 672 624 110 363 308 793 697 455 500 437 226 413 473 157 987 152 633 467 409 387 92 108 235 574 178 292 403 720 780 663 869 540 510 323 630 645 294 481 354 781 337 152 622 289 642 510 639 639 545 657 568 614 326 790 813 599 216 746 465 242 61 611 509 642 496 304 829 393 892 670 444 526 445 10 859 695 439 680 325 256 809 777 133 263 596 611 376 684 557 842 566 492 412 712 273 722 257 249 294 352 704 481 183 529 480 621 572 291 655 610 424 660
1022 418 530 570 169 728 679 349 552 685 702 443 529 177 684 230 126 615 244 548 374 227 1002 827 254 773 0 398 741 298 914 661 603 709 1048 544 158 138 111 514 449 801 734 90 552 75 662 123 468 844 945 138 443 741 593 140 738 599 458 388 880 682 1050 734 623 526 450 679 562 667 692 699 214 871 333 344 370 897 811 821 916 330 914 614 656 675 730 110 226 526 334 671 567 139 499 382 442 223 635 625 153 539 161 324 582 625 523 810 679 693 997 523 795 394 900 695 678 576 759 288 404 196 469 1059 766 500 264 169 397 270 719 764 845 204 472 505 511 923 589 449 852 661 218 412 753 153 244 305 633 328 542 204 700 110 619 611 567 870 756 516 593 274 347 604 554 696 523 176 846 120
714 478 185 197 559 416 363 401 191 552 481 336 381 566 342 555 517 493 208 272 386 316 657 480 258 500 398 0 578 421 543 712 419 312 714 227 408 489 460 151 494 406 348 487 617 473 617 434 69 540 654 525 580 379 303 258 461 613 632 126 609 290 715 429 305 539 56 653 376 270 294 508 586 640 133 350 281 508 500 504 567 458 589 508 259 352 419 306 396 597 395 288 684 342 354 419 340 542 558 393 305 212 366 383 244 276 147 434 297 762 635 318 479 533 554 379 668 422 461 129 469 205 74 733 468 466 410 412 396 155 688 490 533 464 476 222 175 568 359 286 529 535 181 120 676 253 165 347 254 363 523 244 577 420 488 474 457 484 405 549 371 143 373 251 639 583 667 233 450 341
403 381 725 467 893 925 314 410 711 66 124 300 218 902 835 701 854 129 725 833 376 514 479 402 784 212 741 578 0 478 518 364 160 586 479 375 611 879 850 464 356 735 743 789 365 783 199 850 582 1036 319 870 464 427 852 661 223 290 520 704 241 535 485 942 833 298 598 234 204 579 642 76 950 168 696 400 378 596 304 320 444 470 375 137 566 865 929 640 887 374 424 493 452 602 250 381 301 689 155 194 589 395 588 429 770 781 666 834 727 413 531 894 971 468 425 893 263 170 266 659 390 660 600 469 980 265 916 603 354 544 237 215 1022 612 309 789 423 466 926 864 342 89 613 699 164 693 574 885 714 419 257 738 72 664 122 130 176 561 867 324 209 552 402 759 397 89 487 607 626 621
821 120 604 500 426 833 524 69 612 415 473 218 296 434 764 227 390 349 413 672 106 116 837 681 458 568 298 421 478 0 790 368 372 666 869 426 143 432 408 448 151 798 755 322 258 319 368 420 479 958 737 407 171 623 711 288 542 301 213 494 663 623 872 846 721 228 475 382 342 632 679 454 486 629 452 105 186 809 632 645 763 40 736 342 618 771 837 231 501 232 58 595 291 168 274 96 214 214 350 418 180 432 139 59 663 697 568 848 710 404 854 686 898 119 744 797 380 334 575 394 106 328 491 872 883 216 538 133 126 274 421 561 953 134 180 621 422 776 743 624 677 391 299 508 461 330 281 547 671 80 249 398 425 198 356 353 303 775 826 218 388 288 88 672 265 417 260 252 784 188
281 759 547 348 1083 631 268 730 517 557 408 578 524 1091 552 1000 1040 561 751 648 693 743 154 120 798 306 914 543 518 790 0 862 471 274 222 375 862 1024 994 402 751 348 408 996 825 983 699 972 487 700 288 1050 875 173 637 780 302 768 938 634 321 265 219 649 593 736 510 740 475 308 339 460 1119 416 667 684 605 108 214 198 94 808 178 585 310 594 636 806 938 821 735 255 916 813 532 721 583 986 636 403 781 376 821 731 554 533 500 462 434 915 98 736 646 851 105 614 768 512 257 673 760 739 496 252 678 662 950 859 683 644 751 304 680 898 705 631 403 72 729 753 180 564 702 612 682 787 670 877 457 709 695 787 579 896 548 537 573 92 540 760 423 640 703 526 857 596 933 738 186 822
766 255 894 697 764 1121 614 339 892 310 454 380 373 772 1039 512 736 301 767 983 336 472 841 742 817 562 661 712 364 368 862 0 399 854 844 599 503 789 768 666 229 1004 987 667 109 669 166 785 750 1244 683 753 227 735 1015 651 560 103 246 816 605 803 850 1136 1013 172 754 130 411 833 893 405 828 527 784 377 431 923 653 670 798 332 736 278 818 1057 1125 599 869 135 351 764 128 536 385 309 376 506 226 468 546 615 506 364 950 975 844 1084 955 55 888 1016 1180 270 778 1085 102 362 605 730 268 683 765 833 1175 249 906 492 321 599 141 562 1234 467 236 933 626 818 1066 963 696 299 645 822 226 693 617 910 928 374 194 758 293 555 314 326 301 886 1089 165 457 612 358 950 109 275 181 608 932 556
450 304 571 325 763 780 215 303 560 137 102 162 76 772 692 599 722 100 567 678 265 380 481 351 625 200 603 419 160 372 471 399 0 466 504 228 489 739 709 313 290 617 613 661 353 653 248 705 427 895 366 737 413 336 699 510 181 300 475 544 291 414 508 797 683 265 441 290 44 451 514 98 816 267 536 276 233 525 277 292 419 375 375 123 437 718 784 497 733 351 313 373 445 468 104 282 164 586 180 69 450 247 459 315 619 634 514 708 590 454 512 735 830 399 399 746 315 42 222 499 308 505 444 504 836 195 761 482 246 388 313 195 882 502 241 633 271 437 770 705 323 127 457 539 273 540 418 727 572 299 224 582 164 539 88 74 102 488 730 290 62 395 285 611 386 175 463 456 534 485
522 678 274 168 871 377 273 622 243 595 462 494 480 878 291 844 829 566 509 373 593 586 420 274 549 409 709 312 586 666 274 854 466 0 488 258 696 800 772 218 681 151 163 797 786 783 714 744 244 468 495 837 795 180 364 568 378 751 855 375 487 51 485 395 322 695 265 756 444 42 69 510 898 559 417 569 485 207 351 344 336 696 395 588 52 330 381 611 690 774 622 93 870 636 472 626 499 829 646 403 600 245 653 614 279 262 232 249 169 909 373 461 407 758 332 353 779 496 348 436 674 517 247 514 429 614 697 697 591 448 780 400 451 745 645 357 246 326 456 481 354 590 490 352 734 565 467 618 184 591 663 550 621 718 555 540 554 193 297 715 404 440 592 252 815 635 870 538 139 639
94 809 753 518 1217 853 369 801 724 537 410 650 575 1226 773 1093 1174 568 920 858 763 849 68 234 972 304 1048 714 479 869 222 844 504 488 0 508 967 1170 1140 564 792 571 630 1122 835 1111 678 1124 670 923 163 1186 914 339 852 924 326 766 975 821 238 467 7 872 810 756 693 714 527 516 555 449 1261 325 846 766 700 326 239 227 153 877 134 588 514 814 858 938 1108 839 811 446 926 930 594 784 654 1079 627 451 902 516 931 810 766 749 701 684 653 892 139 944 869 903 161 835 742 546 294 841 813 893 681 32 900 696 1125 963 747 785 713 309 903 992 743 836 550 161 943 954 196 552 851 802 632 939 814 1060 672 791 712 952 551 1010 556 550 597 315 762 782 480 785 780 740 868 568 954 876 408 943
495 423 350 99 714 552 141 373 335 365 264 236 225 722 463 627 671 322 420 460 341 368 458 283 475 273 544 227 375 426 375 599 228 258 508 0 486 663 632 89 424 406 390 623 527 611 466 615 212 667 430 682 540 203 476 416 233 496 601 351 382 209 509 569 457 437 230 508 196 234 294 300 754 414 360 323 239 383 280 286 372 450 376 343 219 491 556 435 606 515 376 174 612 437 214 373 241 613 400 181 406 19 445 369 394 406 290 486 364 653 454 526 602 506 355 519 529 248 236 342 419 385 229 522 608 356 625 484 337 277 536 262 654 525 387 418 52 379 553 507 314 355 342 340 501 431 306 570 344 346 406 448 392 521 313 298 303 349 502 456 168 276 344 384 556 403 613 369 360 447
929 263 576 538 283 795 606 203 591 551 591 327 412 292 736 147 247 483 330 621 235 119 929 762 363 675 158 408 611 143 862 503 489 696 967 486 0 289 266 482 294 811 756 179 394 176 512 282 476 918 848 263 285 689 664 196 645 443 305 446 777 660 970 805 684 372 464 526 453 658 695 579 343 754 395 214 267 864 728 740 848 172 833 478 644 736 798 128 376 368 189 640 410 67 385 236 324 134 492 523 103 487 43 182 633 672 552 842 705 534 936 617 862 235 830 759 523 456 673 338 250 252 483 974 840 357 414 11 258 254 565 667 915 61 323 573 467 859 680 548 772 526 242 465 605 235 244 438 662 192 393 303 563 54 488 483 435 832 805 361 492 265 209 648 395 556 367 185 826 77
1149 552 587 676 94 757 801 486 613 823 836 580 665 97 728 313 77 753 297 579 512 365 1121 945 278 903 138 489 879 432 1024 789 739 800 1170 663 289 0 30 621 583 874 801 130 681 124 798 59 555 864 1075 68 566 853 624 246 867 732 572 446 1011 780 1172 760 661 661 535 814 697 758 773 835 98 1006 394 482 505 998 936 945 1034 461 1037 753 748 712 759 241 176 655 471 774 688 277 635 519 579 311 773 757 289 656 297 462 631 675 593 866 745 817 1111 533 823 519 1018 727 812 713 885 364 538 285 553 1183 787 638 206 299 535 385 853 894 868 323 609 543 625 1039 599 458 975 799 322 471 890 237 356 281 698 466 679 254 838 235 757 749 705 972 801 650 726 386 485 657 680 834 640 294 939 258
1119 528 562 646 111 737 771 460 588 795 806 551 636 115 706 302 83 725 271 558 485 337 1091 915 255 873 111 460 850 408 994 768 709 772 1140 632 266 30 0 591 559 848 776 120 660 111 773 40 527 846 1045 79 547 823 603 216 837 709 555 421 981 751 1142 741 640 636 507 790 667 729 746 806 126 976 368 454 476 969 906 915 1003 438 1007 725 720 690 739 212 166 634 445 745 669 250 606 494 550 299 747 727 261 626 272 436 608 652 566 842 720 797 1081 516 803 499 988 707 788 684 855 336 514 256 525 1153 769 611 200 277 508 355 829 863 850 304 583 521 595 1009 582 441 945 771 292 446 864 208 326 268 673 439 653 228 811 213 729 721 677 943 779 626 696 356 458 633 660 807 622 264 910 230
562 468 260 56 682 467 214 406 247 451 353 290 299 689 380 628 639 404 356 370 379 370 508 330 408 356 514 151 464 448 402 666 313 218 564 89 482 621 591 0 474 353 323 598 586 585 544 570 124 585 503 648 582 233 387 378 316 563 641 269 462 178 564 484 369 499 144 584 278 184 235 389 716 501 285 353 269 385 349 352 418 478 438 423 169 405 472 409 544 572 406 159 666 425 282 413 295 614 478 270 390 70 440 397 306 320 201 419 289 720 491 437 520 543 404 433 604 329 312 277 462 336 140 581 523 418 561 482 380 244 614 345 573 529 443 329 42 421 463 421 378 439 299 255 585 384 269 499 263 374 472 389 477 509 395 380 379 356 424 515 255 239 376 297 613 487 661 338 343 431
733 31 679 515 574 909 484 109 681 289 382 187 227 583 831 351 540 233 537 762 108 244 771 634 587 489 449 494 356 151 751 229 290 681 792 424 294 583 559 474 0 825 796 471 125 469 219 570 539 1033 647 556 124 598 796 423 471 151 186 591 568 633 797 923 798 77 541 231 276 654 709 351 635 519 557 148 214 790 567 582 707 126 665 219 638 845 913 374 645 103 122 598 192 315 221 79 182 340 212 351 321 436 288 135 736 765 633 892 758 274 800 790 970 113 687 872 229 247 511 501 44 453 554 790 961 96 681 284 98 371 270 484 1025 275 49 711 438 724 842 735 612 266 416 599 314 465 388 681 726 145 105 529 293 349 244 245 196 754 886 68 328 385 128 740 145 282 189 379 781 336
624 820 295 310 954 290 420 759 265 746 610 639 630 960 224 959 914 717 577 358 733 709 502 390 604 549 801 406 735 798 348 1004 617 151 571 406 811 874 848 353 825 0 82 891 933 876 865 816 337 352 611 919 935 316 332 661 522 901 994 429 617 203 567 307 282 843 351 907 595 172 118 660 972 696 480 705 622 247 481 472 431 830 504 739 187 266 294 713 742 920 758 244 1016 747 620 766 644 945 797 554 710 391 768 748 269 232 281 114 135 1059 438 447 298 896 433 280 930 647 488 515 815 604 332 600 332 762 740 814 733 557 931 541 332 865 791 364 387 415 420 489 474 741 586 403 885 649 571 655 179 726 812 620 772 826 706 692 705 255 194 862 555 547 729 238 962 786 1014 639 162 747
675 788 216 291 883 223 433 722 188 746 620 613 616 889 146 903 844 711 504 276 698 659 561 432 528 572 734 348 743 755 408 987 613 163 630 390 756 801 776 323 796 82 0 825 909 810 856 742 280 305 654 849 901 343 250 596 540 884 958 355 650 209 627 241 201 822 292 898 586 163 100 667 899 723 408 668 587 315 514 507 484 789 551 732 176 189 227 651 664 895 720 251 989 691 602 732 618 890 789 555 654 373 714 709 187 149 211 96 56 1042 503 364 245 859 484 206 920 638 511 446 782 538 273 659 271 741 661 760 701 502 925 563 288 812 766 282 362 471 339 406 514 739 524 329 885 581 513 574 102 687 794 547 773 767 701 686 693 317 135 838 551 491 692 156 937 786 982 579 229 689
1091 440 620 655 104 815 754 383 642 730 761 498 585 113 773 183 69 661 332 635 414 280 1078 906 335 839 90 487 789 322 996 667 661 797 1122 623 179 130 120 598 471 891 825 0 561 15 690 154 557 930 1013 85 442 823 680 229 806 617 444 478 944 769 1124 821 711 549 540 702 622 756 781 754 164 928 423 390 431 983 884 894 994 346 987 657 744 763 817 189 279 535 369 757 561 194 556 415 496 181 671 689 219 620 202 361 671 714 613 900 770 692 1077 605 882 397 977 782 697 630 830 378 427 286 559 1131 851 536 315 189 437 354 741 831 931 200 502 592 593 1002 671 530 925 705 307 502 784 243 330 372 724 370 572 291 742 125 666 660 613 955 845 536 657 359 388 693 558 736 512 260 933 179
765 148 801 623 660 1030 564 232 802 301 429 296 310 668 951 413 630 268 660 886 233 364 824 705 709 539 552 617 365 258 825 109 353 786 835 527 394 681 660 586 125 933 909 561 0 562 178 676 660 1154 680 647 128 684 920 543 529 79 166 716 601 735 841 1045 921 91 663 165 354 761 819 386 723 534 682 273 336 875 625 641 770 222 717 247 746 967 1034 489 760 26 243 698 91 426 314 204 291 406 210 422 437 542 396 256 858 886 754 1006 874 150 863 915 1091 164 750 994 149 312 573 626 160 575 675 829 1084 171 796 383 221 496 197 537 1145 360 144 835 548 789 967 860 670 283 539 723 267 584 513 802 843 269 129 650 294 446 282 290 251 838 1005 71 405 510 253 861 32 278 121 500 875 447
1081 438 605 642 110 800 743 379 627 724 753 491 577 119 758 191 71 655 317 619 409 273 1067 894 320 830 75 473 783 319 983 669 653 783 1111 611 176 124 111 585 469 876 810 15 562 0 687 143 543 914 1003 87 444 810 665 215 796 616 448 463 935 756 1114 805 695 547 525 700 614 742 767 747 167 920 408 383 422 970 873 884 982 345 977 652 730 748 802 177 266 536 365 743 565 185 548 411 489 188 668 680 209 608 195 357 656 699 598 885 755 695 1065 590 867 398 965 767 696 623 820 363 425 271 544 1121 836 532 303 185 432 341 739 821 916 201 499 577 580 990 656 515 915 700 292 487 781 228 317 358 709 364 569 276 737 121 661 654 607 941 830 534 648 346 382 678 559 731 516 247 920 169
602 250 790 566 793 1010 460 313 783 144 290 282 244 802 924 566 759 147 713 888 292 444 675 579 768 397 662 617 199 368 699 166 248 714 678 466 512 798 773 544 219 865 856 690 178 687 0 782 643 1129 518 775 296 581 916 617 397 98 343 733 440 662 684 1026 907 142 652 42 270 697 759 240 854 364 711 329 352 765 489 505 633 345 570 125 682 947 1014 577 845 193 327 621 258 524 265 279 279 556 67 314 523 484 501 338 842 862 735 952 830 217 723 933 1064 315 613 975 68 218 442 662 262 634 660 669 1065 168 879 502 270 533 71 397 1117 494 190 840 502 653 976 889 531 135 591 735 95 656 557 867 807 338 119 714 127 567 159 173 164 728 968 161 310 544 319 838 206 110 298 567 780 545
1106 540 528 624 150 699 755 468 554 796 800 549 633 154 669 334 123 726 238 520 491 340 1073 896 218 862 123 434 850 420 972 785 705 744 1124 615 282 59 40 570 570 816 742 154 676 143 782 0 499 806 1033 119 566 803 565 200 826 721 579 387 972 725 1125 702 602 647 478 800 662 701 716 803 156 970 335 458 473 943 892 900 985 453 991 727 692 652 700 209 126 650 454 721 690 257 602 502 549 330 752 719 261 608 282 443 572 616 534 807 686 816 1061 476 764 517 970 668 800 682 842 307 526 233 496 1137 729 618 161 293 514 339 840 853 810 326 592 484 575 989 542 401 929 773 273 412 871 185 309 227 639 445 662 196 813 232 729 720 678 918 742 638 688 339 464 598 678 810 645 252 883 236
677 526 147 153 627 371 335 453 142 563 476 370 400 634 291 623 586 510 266 251 435 379 609 435 311 480 468 69 582 479 487 750 427 244 670 212 476 555 527 124 539 337 280 557 660 543 643 499 0 494 623 593 633 331 273 327 440 649 687 151 585 228 670 386 264 578 23 681 387 202 224 509 653 625 179 400 325 445 467 469 519 515 550 527 193 307 375 376 452 642 449 231 732 411 377 468 374 610 581 391 374 194 433 437 200 226 94 369 231 802 582 313 431 588 508 335 699 437 434 192 518 274 17 690 425 501 462 479 441 221 714 469 485 531 516 207 160 518 343 298 492 549 250 134 694 321 234 391 192 416 558 306 590 489 504 489 480 423 348 590 372 211 424 201 684 598 718 302 383 410
975 1018 354 570 957 124 733 941 352 1032 915 863 885 961 205 1054 927 989 601 297 927 847 854 736 594 876 844 540 1036 958 700 1244 895 468 923 667 918 864 846 585 1033 352 305 930 1154 914 1129 806 494 0 959 926 1121 649 253 727 842 1142 1171 471 956 512 919 113 237 1072 491 1169 863 462 402 959 952 1027 523 890 819 597 819 812 783 997 854 1008 473 188 121 794 694 1136 936 553 1224 850 865 960 868 1042 1064 843 815 648 879 923 296 268 400 238 309 1296 789 330 65 1073 784 161 1188 914 816 579 1009 668 479 953 78 995 675 924 935 684 1200 866 20 979 1011 345 627 767 266 405 819 1022 676 454 1169 697 681 588 323 904 1051 640 1059 911 980 965 964 608 171 1085 834 670 913 293 1178 1070 1208 732 514 841
86 666 731 470 1112 872 290 669 707 379 265 522 441 1121 785 964 1070 417 850 842 631 733 181 222 905 173 945 654 319 737 288 683 366 495 163 430 848 1075 1045 503 647 611 654 1013 680 1003 518 1033 623 959 0 1083 766 317 844 832 207 608 826 772 79 459 169 890 809 604 645 552 396 512 564 297 1160 162 787 639 582 394 155 156 194 741 110 435 505 824 876 835 1034 685 679 426 769 818 465 648 526 951 469 324 795 443 815 680 757 749 674 726 664 730 252 923 899 759 184 848 581 405 194 772 671 809 637 150 923 550 1055 842 612 695 550 181 940 866 597 812 479 216 933 919 141 396 764 757 469 853 726 1000 672 663 560 876 391 895 405 401 450 369 790 630 356 697 650 735 712 408 800 781 459 834
1160 525 637 704 34 816 817 466 662 811 836 575 661 41 783 259 16 742 345 637 496 357 1140 965 334 910 138 525 870 407 1050 753 737 837 1186 682 263 68 79 648 556 919 849 85 647 87 775 119 593 926 1083 0 527 878 682 271 875 703 527 495 1016 813 1188 820 718 634 574 787 696 795 815 831 80 1004 441 470 504 1030 950 959 1054 432 1052 739 784 769 818 248 243 621 452 804 645 268 632 499 573 259 755 761 288 677 281 444 684 728 638 918 793 777 1134 596 882 483 1037 785 783 708 897 405 512 319 592 1197 848 620 274 273 519 406 826 901 929 286 587 599 647 1060 662 520 990 787 349 520 868 272 379 347 746 451 656 302 824 208 747 740 694 1003 856 621 729 409 469 709 643 819 596 312 975 251
852 117 766 627 537 996 607 180 771 398 503 305 351 545 923 286 510 349 584 839 203 287 894 758 628 611 443 580 464 171 875 227 413 795 914 540 285 566 547 582 124 935 901 442 128 444 296 566 633 1121 766 527 0 720 877 457 594 201 62 663 687 748 919 1009 884 166 632 291 400 765 818 469 601 631 622 233 314 912 690 705 831 130 788 332 750 933 1000 396 661 106 185 715 124 330 343 169 300 279 311 475 349 551 297 197 824 857 725 996 859 251 925 856 1060 52 811 960 277 370 635 564 121 499 647 911 1047 218 698 274 203 441 325 607 1114 243 172 788 549 848 913 795 736 376 470 675 390 499 451 714 824 217 208 568 396 334 361 364 317 876 982 141 452 455 209 831 117 383 88 423 900 349
355 603 419 182 910 556 121 565 393 449 304 417 375 918 468 829 867 435 587 529 531 571 278 105 637 233 741 379 427 623 173 735 336 180 339 203 689 853 823 233 598 316 343 823 684 810 581 803 331 649 317 878 720 0 528 608 207 636 783 482 306 141 338 575 492 593 354 624 329 194 248 356 948 381 509 518 437 191 170 164 188 644 226 458 188 506 561 633 776 678 570 110 774 640 377 560 422 815 514 268 607 203 648 565 440 431 365 424 347 790 257 612 587 692 177 531 650 374 172 508 602 569 343 360 609 515 790 687 522 471 642 226 632 727 554 502 230 188 618 616 176 449 531 463 585 617 498 722 354 542 555 622 474 723 422 410 436 155 478 616 280 468 538 417 716 490 785 565 199 649
882 779 127 393 715 135 577 700 142 836 740 638 674 719 118 800 682 784 349 45 688 598 784 631 348 726 593 303 852 711 637 1015 699 364 852 476 664 624 603 387 796 332 250 680 920 665 916 565 273 253 844 682 877 528 0 474 688 916 924 219 822 388 850 141 50 843 263 953 661 336 298 777 716 877 269 650 585 555 692 689 700 750 753 801 340 89 137 540 462 900 693 418 985 597 650 720 642 789 854 658 563 457 627 680 87 104 185 271 207 1066 735 117 202 827 694 103 970 710 672 326 769 414 256 877 175 769 450 671 699 436 987 715 252 725 779 91 428 691 92 176 704 823 423 203 967 444 431 361 179 661 826 389 862 657 777 762 753 550 186 853 643 422 673 111 941 871 965 479 471 588
905 396 398 433 304 607 555 314 417 612 603 361 442 312 555 326 262 542 134 430 326 179 875 698 171 662 140 258 661 288 780 651 510 568 924 416 196 246 216 378 423 661 596 229 543 215 617 200 327 727 832 271 457 608 474 0 625 572 490 259 771 543 926 615 498 494 310 642 466 527 551 609 339 773 205 288 282 759 691 699 787 328 791 546 516 550 610 68 229 518 301 533 580 132 410 346 361 315 578 520 108 409 166 288 452 494 385 674 542 692 866 421 674 405 772 572 646 491 641 153 383 60 329 937 649 449 262 204 347 139 681 652 726 258 433 383 379 793 484 351 729 589 78 281 701 42 110 259 496 282 500 110 630 183 543 533 495 732 626 492 489 140 300 471 553 629 545 54 706 118
285 485 566 296 905 740 111 474 545 255 106 323 249 914 650 767 862 262 648 678 436 528 300 182 705 39 738 461 223 542 302 560 181 378 326 233 645 867 837 316 471 522 540 806 529 796 397 826 440 842 207 875 594 207 688 625 0 468 656 584 149 330 330 758 660 443 460 438 200 380 441 158 952 189 593 439 377 373 96 112 240 550 195 285 369 684 745 628 830 529 484 289 621 612 267 458 327 753 334 124 588 249 610 483 601 603 506 627 534 613 333 751 779 579 220 711 466 223 44 572 488 604 456 330 795 376 853 639 420 488 450 29 826 667 422 641 285 259 771 738 142 262 558 571 385 647 519 802 530 464 401 673 278 690 248 239 280 338 671 469 153 491 453 584 562 295 642 573 403 627
693 181 794 594 718 1020 515 258 791 229 364 279 271 727 937 480 686 206 680 885 248 394 758 648 733 474 599 613 290 301 768 103 300 751 766 496 443 732 709 563 151 901 884 617 79 616 98 721 649 1142 608 703 201 636 916 572 468 0 245 720 529 700 771 1035 913 78 654 89 309 730 790 318 781 459 691 288 334 825 563 580 708 271 651 183 715 956 1024 525 796 96 272 661 161 466 282 226 274 472 138 369 471 512 439 284 849 873 743 981 852 157 800 921 1078 228 688 984 80 262 513 638 195 598 665 758 1074 147 832 432 230 508 125 473 1132 417 142 835 523 728 970 871 607 213 558 726 189 613 528 829 825 291 91 676 218 497 220 230 200 788 987 82 357 520 273 849 107 202 199 526 832 487
