41
0 744 369 616 529 634 266 766 581 196 132 586 449 361 338 682 545 169 147 657 408 532 531 439 120 62 484 787 164 645 534 206 302 755 775 604 160 267 344 507 719
744 0 880 282 488 719 753 383 1109 754 687 943 350 1027 454 814 734 872 889 91 726 858 991 433 629 697 802 504 753 779 224 943 549 766 781 669 639 949 404 457 313
369 880 0 645 457 401 138 724 241 183 279 229 529 219 433 402 300 489 346 812 186 204 162 452 433 341 187 685 211 379 658 336 332 513 528 401 506 572 568 464 713
616 282 645 0 211 437 536 177 858 558 519 673 168 824 278 532 457 775 744 263 472 589 734 198 525 557 538 266 567 497 164 788 344 487 503 386 569 866 352 187 109
529 488 457 211 0 240 371 268 655 412 406 462 202 655 230 334 247 699 630 450 274 379 528 120 473 467 329 259 431 295 308 663 226 320 339 187 539 796 390 40 257
634 719 401 437 240 0 392 417 522 459 501 290 436 621 427 95 102 798 689 689 240 229 394 343 619 577 215 331 489 61 548 702 370 122 141 52 696 894 603 278 444
266 753 138 536 371 392 0 639 380 71 152 324 404 288 301 425 295 415 296 682 153 265 292 338 305 223 218 621 103 391 529 311 203 514 532 374 383 508 429 368 616
766 383 724 177 268 417 639 0 909 676 655 695 335 924 431 503 475 931 883 400 538 619 779 327 686 705 579 123 691 478 338 921 472 420 431 377 737 1025 528 272 77
581 1109 241 858 655 522 380 909 0 417 513 237 760 275 670 477 438 664 512 1046 386 294 129 676 663 566 329 846 440 475 890 476 569 602 610 544 732 729 809 672 912
196 754 183 558 412 459 71 676 417 0 96 390 412 273 300 496 363 344 231 677 221 335 345 361 249 159 289 669 32 461 530 253 214 581 599 437 323 437 402 403 646
132 687 279 519 406 501 152 655 513 96 0 475 359 348 244 552 415 299 227 606 279 413 439 329 154 76 361 666 76 514 465 269 183 623 642 471 231 397 315 388 615
586 943 229 673 462 290 324 695 237 390 475 0 609 413 545 239 220 717 575 893 234 85 121 514 628 547 144 620 421 239 738 563 450 364 373 319 706 801 710 488 709
449 350 529 168 202 436 404 335 760 412 359 609 0 684 115 528 418 606 581 287 382 524 644 96 356 391 465 393 416 487 131 628 201 522 542 385 402 697 202 162 276
361 1027 219 824 655 621 288 924 275 273 348 413 684 0 574 618 520 402 253 950 399 414 302 626 468 370 407 896 276 597 803 207 484 731 746 620 521 458 663 656 904
338 454 433 278 230 427 301 431 670 300 244 545 115 574 0 509 382 500 467 380 310 462 563 114 255 279 401 468 302 467 229 513 101 532 552 380 314 594 176 195 381
682 814 402 532 334 95 425 503 477 496 552 239 528 618 509 0 138 840 720 784 275 204 356 432 682 629 217 407 527 42 642 725 443 124 133 146 761 933 686 372 535
545 734 300 457 247 102 295 475 438 363 415 220 418 520 382 138 0 706 591 691 142 144 308 321 544 491 116 408 394 99 541 602 308 220 237 106 622 800 559 277 488
169 872 489 775 699 798 415 931 664 344 299 717 606 402 500 840 706 0 152 782 565 674 642 605 252 231 633 956 312 804 676 196 472 920 939 770 235 97 468 675 880
147 889 346 744 630 689 296 883 512 231 227 575 581 253 467 720 591 152 0 803 450 541 494 556 268 192 506 889 204 687 675 60 410 811 829 668 295 226 491 614 842
657 91 812 263 450 689 682 400 1046 677 606 893 287 950 380 784 691 782 803 0 668 807 932 378 540 612 750 514 674 746 156 858 479 749 766 637 548 858 315 415 324
408 726 186 472 274 240 153 538 386 221 279 234 382 399 310 275 142 565 450 668 0 154 264 292 419 356 93 498 253 239 512 462 215 361 379 226 498 659 476 287 531
532 858 204 589 379 229 265 619 294 335 413 85 524 414 462 204 144 674 541 807 154 0 165 429 562 488 60 551 368 189 653 537 369 323 336 249 641 763 630 403 629
531 991 162 734 528 394 292 779 129 345 439 121 644 302 563 356 308 642 494 932 264 165 0 557 594 503 200 716 373 350 775 472 462 480 490 414 668 720 713 547 784
439 433 452 198 120 343 338 327 676 361 329 514 96 626 114 432 321 605 556 378 292 429 557 0 367 378 371 355 372 391 223 597 148 435 455 292 428 701 270 82 287
120 629 433 525 473 619 305 686 663 249 154 628 356 468 255 682 544 252 268 540 419 562 594 367 0 99 507 723 223 642 425 326 255 737 757 582 79 341 226 444 631
62 697 341 557 467 577 223 705 566 159 76 547 391 370 279 629 491 231 192 612 356 488 503 378 99 0 437 725 130 590 483 246 240 698 717 545 165 329 305 445 659
484 802 187 538 329 215 218 579 329 289 361 144 465 407 401 217 116 633 506 750 93 60 200 371 507 437 0 521 322 191 595 508 308 325 340 223 586 724 569 351 583
787 504 685 266 259 331 621 123 846 669 666 620 393 896 468 407 408 956 889 514 498 551 716 355 723 725 521 0 689 389 430 921 485 310 319 302 783 1053 595 280 192
164 753 211 567 431 489 103 691 440 32 76 421 416 276 302 527 394 312 204 674 253 368 373 372 223 130 322 689 0 492 530 231 223 611 629 466 295 406 390 420 658
645 779 379 497 295 61 391 478 475 461 514 239 487 597 467 42 99 804 687 746 239 189 350 391 642 590 191 389 492 0 602 695 401 134 148 110 720 899 644 332 506
534 224 658 164 308 548 529 338 890 530 465 738 131 803 229 642 541 676 675 156 512 653 775 223 425 483 595 430 530 602 0 727 326 620 638 496 451 761 216 270 263
206 943 336 788 663 702 311 921 476 253 269 563 628 207 513 725 602 196 60 858 462 537 472 597 326 246 508 921 231 695 727 0 449 822 840 686 356 252 548 650 884
302 549 332 344 226 370 203 472 569 214 183 450 201 484 101 443 308 472 410 479 215 369 462 148 255 240 308 485 223 401 326 449 0 485 505 329 328 569 261 205 435
755 766 513 487 320 122 514 420 602 581 623 364 522 731 532 124 220 920 811 749 361 323 480 435 737 698 325 310 611 134 620 822 485 0 20 156 813 1016 704 360 467
775 781 528 503 339 141 532 431 610 599 642 373 542 746 552 133 237 939 829 766 379 336 490 455 757 717 340 319 629 148 638 840 505 20 0 176 833 1035 724 380 480
604 669 401 386 187 52 374 377 544 437 471 319 385 620 380 146 106 770 668 637 226 249 414 292 582 545 223 302 466 110 496 686 329 156 176 0 657 867 554 226 399
160 639 506 569 539 696 383 737 732 323 231 706 402 521 314 761 622 235 295 548 498 641 668 428 79 165 586 783 295 720 451 356 328 813 833 657 0 311 238 508 678
267 949 572 866 796 894 508 1025 729 437 397 801 697 458 594 933 800 97 226 858 659 763 720 701 341 329 724 1053 406 899 761 252 569 1016 1035 867 311 0 549 772 973
344 404 568 352 390 603 429 528 809 402 315 710 202 663 176 686 559 468 491 315 476 630 713 270 226 305 569 595 390 644 216 548 261 704 724 554 238 549 0 351 460
507 457 464 187 40 278 368 272 672 403 388 488 162 656 195 372 277 675 614 415 287 403 547 82 444 445 351 280 420 332 270 650 205 360 380 226 508 772 351 0 249
719 313 713 109 257 444 616 77 912 646 615 709 276 904 381 535 488 880 842 324 531 629 784 287 631 659 583 192 658 506 263 884 435 467 480 399 678 973 460 249 0
