24
0 193 520 57 194 726 1016 840 1068 506 590 112 374 342 716 500 862 549 662 900 461 567 524 224
193 0 327 187 191 542 823 684 875 415 407 251 323 161 608 357 717 452 531 707 301 378 404 215
520 327 0 507 448 270 497 472 549 438 152 562 454 201 533 311 531 446 447 379 245 118 393 453
57 187 507 0 140 729 998 799 1049 453 563 70 319 318 665 522 818 497 689 885 476 565 553 168
194 191 448 140 0 699 916 674 966 314 469 146 179 247 525 547 686 357 722 811 488 531 596 31
726 542 270 729 699 0 414 632 460 704 370 792 724 458 769 301 705 707 317 297 289 168 359 709
1016 823 497 998 916 414 0 466 52 767 449 1047 857 680 713 701 538 746 729 124 667 489 768 913
840 684 472 799 674 632 466 0 493 404 320 820 539 525 267 783 76 366 903 449 717 564 865 656
1068 875 549 1049 966 460 52 493 0 810 498 1097 904 731 746 750 563 787 773 175 718 541 816 963
506 415 438 453 314 704 767 404 810 0 352 452 144 316 212 687 396 44 853 691 614 555 758 287
590 407 152 563 469 370 449 320 498 352 0 605 414 248 399 464 379 346 595 353 397 257 546 464
112 251 562 70 146 792 1047 820 1097 452 605 0 310 366 664 592 832 497 760 936 545 627 624 167
374 323 454 319 179 724 857 539 904 144 414 310 0 279 354 644 537 189 818 767 575 561 707 150
342 161 201 318 247 458 680 525 731 316 248 366 279 0 480 373 562 342 543 569 301 291 442 253
716 608 533 665 525 769 713 267 746 212 399 664 354 480 0 826 225 167 978 669 753 649 904 499
500 357 311 522 547 301 701 783 750 687 464 592 644 373 826 0 843 708 175 578 73 231 81 569
862 717 531 818 686 705 538 76 563 396 379 832 537 562 225 843 0 354 969 526 775 630 925 665
549 452 446 497 357 707 746 366 787 44 346 497 189 342 167 708 354 0 872 675 635 565 782 331
662 531 447 689 722 317 729 903 773 853 595 760 818 543 978 175 969 872 0 614 243 339 139 744
900 707 379 885 811 297 124 449 175 691 353 936 767 569 669 578 526 675 614 0 543 365 646 810
461 301 245 476 488 289 667 717 718 614 397 545 575 301 753 73 775 635 243 543 0 181 151 507
567 378 118 565 531 168 489 564 541 555 257 627 561 291 649 231 630 565 339 365 181 0 310 541
524 404 393 553 596 359 768 865 816 758 546 624 707 442 904 81 925 782 139 646 151 310 0 620
224 215 453 168 31 709 913 656 963 287 464 167 150 253 499 569 665 331 744 810 507 541 620 0
