289
0 985 947 1213 288 1060 1002 1072 365 976 677 816 468 931 495 925 667 297 819 713 1048 368 433 786 1137 345 992 1027 808 667 479 329 339 394 787 1065 489 1057 414 993 1040 727 900 721 677 298 1082 754 654 947 901 771 866 761 951 760 79 740 701 726 486 598 892 1152 220 124 943 379 1092 709 469 896 877 1168 608 968 779 737 966 1117 958 817 423 792 845 218 1173 741 715 576 1172 433 753 766 800 497 244 442 696 651 577 861 1000 939 447 359 922 1204 838 747 659 1043 902 671 530 953 604 237 568 799 514 634 128 614 371 862 632 1029 859 465 485 622 828 488 569 433 955 988 939 1062 861 1016 497 446 453 584 1043 870 674 709 1114 743 1129 817 480 760 423 924 1064 450 979 1024 1055 803 431 1055 812 975 424 742 662 1163 614 620 983 1188 1020 1258 670 605 815 761 772 499 1018 1110 1036 196 154 908 525 715 681 233 83 920 958 770 781 896 553 752 224 1059 158 131 735 644 620 355 1100 525 1090 1237 927 577 902 649 120 781 1180 415 358 945 1035 599 949 238 132 834 1205 410 868 640 642 661 626 309 945 855 170 210 885 626 617 1026 324 823 333 718 985 616 659 807 270 468 544 849 768 804 998 880 836 791 918 798 563 805 910 1317 919 1072 1180 979 350 743 529 494 1122 93 891 700 790 248 456 745 597 424 759
985 0 47 291 743 417 286 352 760 357 638 441 562 60 721 169 371 785 677 288 355 616 607 206 152 676 516 543 635 449 614 689 779 681 586 298 574 88 577 707 319 758 442 804 498 921 247 597 619 304 195 221 677 270 213 278 940 700 287 259 522 470 209 293 839 861 582 721 318 501 515 261 629 184 392 91 746 576 317 351 708 453 651 480 510 784 190 249 524 430 208 636 239 321 523 524 807 543 435 354 749 342 20 275 714 640 91 231 679 285 335 173 425 468 459 78 402 753 417 538 593 545 920 792 736 169 590 203 243 829 567 377 494 718 471 576 306 282 798 259 166 388 554 692 685 401 60 445 439 559 370 289 336 509 512 810 564 72 177 711 401 135 270 611 721 173 566 50 596 580 327 185 499 448 84 288 59 289 784 658 303 238 310 835 485 153 109 828 833 628 486 279 597 777 998 345 330 686 389 295 443 641 777 436 920 875 280 360 540 693 127 509 258 313 280 425 82 448 876 417 311 689 724 313 95 655 859 916 918 150 244 790 276 599 441 326 464 752 682 226 864 908 196 382 552 323 661 621 714 682 820 659 381 369 771 628 684 216 364 209 845 346 660 526 738 327 830 541 390 346 71 234 233 693 820 475 638 573 159 1029 133 286 205 747 756 388 784 834 263
947 47 0 303 700 390 257 330 734 323 631 396 534 15 674 184 324 741 680 243 329 578 563 179 193 644 480 509 590 436 568 657 734 654 587 279 549 136 542 668 294 712 455 757 488 875 236 551 610 268 152 178 684 223 235 231 900 653 246 224 492 449 217 290 806 822 542 694 301 453 477 220 586 227 349 118 700 530 339 335 667 408 605 434 517 743 234 207 477 387 232 610 211 273 478 480 764 504 424 309 701 350 55 239 667 599 45 260 635 268 292 212 385 456 425 42 358 713 381 493 546 497 878 744 690 122 578 184 198 782 521 348 499 699 425 533 271 307 755 242 160 357 508 646 662 362 96 454 426 512 352 272 323 513 471 764 528 69 219 688 367 124 251 614 675 166 569 82 565 577 295 216 452 401 65 295 75 317 737 646 302 213 302 787 451 173 152 787 794 587 457 250 550 743 958 361 295 640 342 307 411 594 736 408 878 839 259 316 526 649 155 464 246 327 242 382 54 432 836 370 311 643 680 332 140 642 816 872 877 114 268 743 232 589 393 292 446 722 641 180 822 864 202 338 539 296 622 625 670 635 778 648 335 323 728 581 668 169 359 192 804 357 616 481 695 280 783 496 350 375 61 222 251 653 775 428 590 527 206 988 132 252 180 707 709 381 736 787 245
1213 291 303 0 944 309 250 236 1032 321 930 491 831 317 856 454 549 971 964 502 260 852 796 481 214 934 452 459 658 739 779 946 954 952 875 196 850 290 827 650 237 809 721 856 789 1092 145 648 910 309 312 453 961 452 487 453 1157 748 521 518 786 752 496 93 1094 1089 544 993 186 593 752 332 622 227 605 371 778 638 583 194 666 499 827 533 795 999 236 481 607 637 105 909 513 457 564 720 1005 774 726 561 853 628 270 300 866 855 308 118 688 571 557 404 426 758 714 278 608 975 664 576 749 661 1129 881 909 353 881 186 359 962 747 645 780 1003 652 782 303 541 770 174 458 315 734 849 964 639 238 727 729 637 217 576 166 796 732 849 809 362 393 991 354 193 188 899 877 158 854 334 859 871 590 147 641 610 246 37 233 108 854 949 594 516 601 957 405 139 342 1037 1058 607 754 550 681 1026 1212 621 316 723 479 577 704 688 993 328 1122 1116 563 569 829 884 172 696 141 24 313 635 358 736 1096 496 76 858 905 584 328 945 832 1100 1126 411 83 942 361 890 593 585 750 1015 644 360 1071 1100 486 586 842 253 893 908 907 740 775 950 558 450 970 793 972 364 656 496 798 629 670 571 714 435 933 576 394 144 359 150 66 641 986 556 776 746 298 1242 425 546 483 966 898 680 878 977 549
288 743 700 944 0 773 721 788 385 690 629 527 343 685 234 718 394 66 774 457 764 180 149 561 894 270 704 739 529 533 191 262 102 352 712 785 387 823 248 716 758 472 771 477 567 205 807 471 599 664 631 522 816 494 756 492 219 472 456 495 328 458 694 877 302 181 657 368 811 421 251 618 596 927 350 744 518 453 796 834 683 529 135 504 740 78 933 493 427 313 914 363 532 488 512 223 64 216 559 392 325 701 755 660 179 109 669 948 563 551 407 832 614 547 330 699 342 92 347 512 226 346 185 374 104 601 563 757 585 255 200 423 719 485 291 166 673 808 677 785 646 730 213 170 425 350 797 743 537 422 830 549 848 714 233 514 236 691 851 440 691 760 777 736 165 788 729 743 306 668 445 910 326 337 726 916 769 999 424 569 641 545 594 287 730 853 811 95 150 627 361 498 398 233 269 761 674 499 495 723 361 474 74 772 179 247 532 385 525 66 847 247 815 967 647 318 663 510 168 493 905 133 81 776 807 561 697 179 183 594 945 181 589 576 358 439 492 312 668 584 128 166 683 364 528 743 145 758 46 447 723 580 385 522 29 181 521 580 611 591 739 722 559 503 648 518 342 518 623 1057 683 798 917 701 148 454 246 207 892 299 671 474 567 75 207 595 356 221 556
1060 417 390 309 773 0 132 76 972 92 967 249 778 392 625 574 416 782 1044 429 62 738 626 503 452 850 143 150 369 763 586 858 753 893 949 130 812 477 737 340 98 524 839 570 823 878 197 376 940 144 265 421 1055 363 625 355 992 465 467 500 726 746 603 217 993 943 238 934 126 361 651 214 321 481 498 507 485 375 729 115 357 251 640 282 891 842 492 438 365 514 372 859 522 317 296 570 826 660 762 460 598 730 403 170 650 709 357 404 391 603 475 587 162 787 646 348 493 829 593 305 551 438 955 614 710 330 902 218 262 722 574 616 871 980 497 634 138 697 461 170 535 46 563 640 928 559 403 834 755 386 94 607 143 883 611 556 712 458 586 955 81 288 156 978 665 262 937 466 792 930 560 405 447 444 333 271 371 416 577 963 672 536 656 709 96 349 519 868 911 302 706 546 427 917 1040 748 120 436 279 693 651 409 836 20 941 989 582 467 844 707 379 540 192 322 176 519 428 751 939 279 234 660 715 722 503 957 523 901 952 434 374 720 230 915 420 549 757 934 336 281 899 907 586 474 856 93 768 992 729 463 466 967 421 255 795 598 966 296 717 542 489 740 374 305 407 277 673 302 149 452 448 205 341 331 774 324 557 566 524 1068 515 522 510 816 671 732 616 746 581
1002 286 257 250 721 132 0 84 875 80 846 241 677 259 610 441 337 741 916 324 74 659 572 377 340 760 238 261 413 642 545 770 719 795 822 64 707 351 648 438 45 561 707 608 701 853 106 399 820 60 139 303 926 260 492 256 940 500 358 382 626 631 470 164 912 881 318 836 89 344 564 108 385 372 410 374 533 388 597 117 446 249 597 283 761 784 383 325 357 434 278 758 399 236 314 504 780 579 638 368 603 598 273 62 625 644 224 314 448 478 376 458 179 665 547 215 408 766 494 328 513 416 907 630 674 205 783 96 153 715 521 504 741 872 432 568 53 565 545 76 403 102 508 610 823 462 278 703 633 387 121 482 127 754 532 603 625 325 458 851 124 162 62 850 638 146 808 335 695 805 447 303 404 384 202 214 243 342 604 846 542 411 528 708 201 240 390 816 849 375 602 427 431 838 991 616 67 476 235 560 547 439 778 150 897 918 459 375 725 658 265 477 108 270 74 436 296 632 882 248 191 623 674 589 375 841 607 867 904 306 291 700 134 796 363 438 640 844 421 167 850 869 454 387 738 40 694 863 681 491 558 850 344 206 746 558 854 180 589 414 583 608 429 321 486 203 684 327 145 390 315 105 257 425 747 308 533 517 404 1021 383 407 384 754 654 606 628 733 456
1072 352 330 236 788 76 84 0 958 101 930 281 760 334 660 514 413 804 998 407 27 736 640 460 377 841 215 226 428 726 606 850 779 878 904 56 790 406 728 415 39 581 784 628 785 909 121 426 904 127 224 388 1006 342 564 337 1008 521 442 467 709 716 546 143 990 952 307 919 50 392 644 189 386 406 489 443 546 420 668 50 430 286 660 320 841 854 416 409 401 511 295 841 483 311 342 576 845 656 722 448 642 676 337 142 680 716 301 328 454 561 458 519 202 749 630 288 486 838 576 354 573 468 973 663 734 289 868 149 236 761 588 588 821 956 503 640 118 634 533 97 482 80 575 667 907 544 333 781 717 426 41 565 74 834 609 617 705 399 517 935 123 219 83 932 693 189 889 402 777 888 531 328 465 452 269 198 302 341 631 930 622 495 611 751 169 273 450 884 920 370 685 511 469 915 1058 691 114 493 294 636 631 463 848 96 961 993 543 455 810 724 305 547 115 251 152 513 373 716 952 301 163 683 736 662 434 925 596 927 970 389 298 753 213 880 430 522 724 925 408 251 916 931 530 466 822 47 769 945 746 516 540 934 419 266 812 619 938 264 671 496 563 685 437 351 478 275 720 352 177 380 390 130 265 405 803 354 586 582 450 1087 459 491 467 825 705 689 663 782 539
365 760 734 1032 385 972 875 958 0 879 313 767 201 719 603 652 557 446 453 551 940 265 436 555 904 134 954 992 845 349 508 133 487 80 426 933 186 813 239 1028 920 830 559 845 338 551 927 781 292 833 745 584 501 615 663 620 383 815 520 514 250 298 611 995 145 296 938 39 960 690 326 768 901 928 474 715 868 755 651 992 1000 774 469 762 493 330 931 557 708 462 966 123 522 655 789 439 407 327 375 511 695 544 779 816 550 341 724 991 889 481 499 767 841 344 328 754 481 297 381 795 534 637 405 749 485 688 275 868 722 640 471 387 479 123 500 391 842 681 1019 915 605 925 475 532 95 413 821 529 358 720 997 476 995 466 376 880 266 690 789 85 899 840 914 440 538 879 453 735 180 382 443 945 584 553 786 1016 809 1049 793 241 517 521 482 672 963 907 779 372 297 928 279 483 713 164 432 599 854 835 708 589 330 799 329 978 433 238 480 504 278 420 886 469 937 1056 806 456 681 337 337 721 1021 494 458 631 782 235 1051 497 408 622 1002 565 746 281 578 448 316 73 979 709 387 468 610 498 271 910 264 459 415 788 1063 251 554 725 397 506 179 698 457 553 1083 561 880 782 979 695 725 801 834 1106 688 914 985 1011 530 711 583 490 866 453 640 486 554 312 587 431 731 606 499
976 357 323 321 690 92 80 101 879 0 878 180 686 322 558 502 325 704 958 336 75 647 543 418 420 758 160 186 337 674 507 767 678 801 864 124 720 427 645 358 84 488 761 535 735 807 182 329 851 57 183 332 971 270 556 263 910 427 375 410 633 655 528 229 903 857 237 841 139 290 559 125 305 452 406 442 457 321 659 151 365 185 560 219 810 758 463 348 299 423 358 766 435 224 245 483 746 569 674 368 542 651 346 86 578 622 285 393 370 516 382 530 105 698 554 282 401 743 501 257 473 366 874 565 634 246 812 177 172 659 490 524 789 888 409 547 53 630 464 151 457 46 478 566 835 467 355 755 666 326 141 520 172 800 520 528 621 387 532 863 44 240 135 893 592 227 853 403 699 844 468 384 366 357 273 283 319 418 535 872 590 449 572 650 128 321 464 786 825 295 613 457 369 827 959 674 30 402 195 617 559 367 752 101 862 901 495 375 753 625 345 453 182 339 89 428 354 661 855 200 254 583 636 650 449 866 527 826 871 352 369 651 138 825 334 458 667 842 341 192 818 831 511 382 765 67 679 907 648 420 478 877 330 169 713 519 874 207 632 459 502 662 351 252 405 185 620 256 76 463 376 184 335 345 702 253 485 483 483 988 440 432 426 730 603 647 564 680 495
677 638 631 930 629 967 846 930 313 878 0 825 294 620 801 485 607 696 146 550 919 457 613 469 754 367 996 1033 960 204 679 379 728 292 118 889 246 660 393 1121 891 993 288 1020 144 824 861 896 32 822 706 546 191 613 470 623 688 960 508 467 330 235 440 920 457 595 1010 299 915 786 444 753 1000 769 529 564 1018 868 416 950 1102 835 662 836 204 599 767 531 810 541 841 268 446 678 875 573 672 469 208 547 884 323 659 797 755 544 641 857 1010 369 519 577 877 180 385 665 543 560 423 885 692 759 703 942 709 640 74 804 705 868 625 365 199 192 604 556 829 457 1148 860 472 923 622 732 225 457 694 261 212 833 962 365 944 182 500 1049 415 568 598 227 910 754 864 127 748 796 149 597 325 82 414 810 694 643 695 925 697 915 974 72 337 434 329 895 989 792 614 649 588 1020 319 421 843 458 740 361 848 971 755 378 361 927 596 980 726 548 387 542 131 638 762 593 872 952 791 530 577 217 634 777 942 699 683 401 623 77 1192 778 704 543 877 795 740 59 662 426 214 370 1077 686 673 752 447 550 121 886 485 146 643 933 1188 62 609 761 650 683 134 671 274 440 1211 332 996 870 1097 717 935 891 857 966 572 847 871 1104 777 793 752 645 694 763 505 447 464 570 800 250 925 842 392
816 441 396 491 527 249 241 281 767 180 825 0 588 389 378 545 219 533 927 281 255 514 384 413 546 637 187 225 193 628 338 643 504 692 835 299 629 526 527 302 262 327 769 374 689 630 347 162 795 182 247 314 949 229 600 217 746 266 324 378 535 590 557 404 767 702 185 731 318 112 441 185 196 581 303 507 307 148 695 332 290 12 393 42 799 599 592 314 119 306 509 665 416 155 82 339 578 441 635 278 363 659 438 196 401 473 351 546 239 497 306 607 87 653 459 364 292 590 410 97 303 189 707 389 461 280 753 320 197 479 332 459 776 797 269 400 187 676 365 317 481 210 322 390 739 375 462 756 622 146 321 499 352 784 392 374 500 443 615 765 168 364 303 865 415 368 831 476 592 807 413 526 202 214 371 455 424 579 365 804 590 435 559 470 204 460 549 622 669 205 525 423 190 689 792 696 176 247 71 639 473 205 593 246 692 752 470 283 694 461 475 307 349 511 185 314 404 611 695 47 430 411 466 682 536 798 424 652 704 370 527 472 165 768 190 401 610 719 264 216 652 658 539 279 705 245 538 882 483 253 394 811 219 76 548 350 794 229 616 462 419 675 220 86 306 125 443 99 104 630 431 344 493 285 525 74 307 321 592 820 477 389 423 575 424 623 387 500 480
468 562 534 831 343 778 677 760 201 686 294 588 0 519 508 469 371 410 434 352 743 165 320 356 709 124 772 811 693 202 388 140 438 120 369 733 48 620 99 867 722 708 441 732 226 545 726 628 262 637 545 383 475 417 488 424 451 681 320 313 53 129 432 794 283 358 767 162 761 526 160 571 742 735 286 524 737 601 497 793 843 597 368 589 400 329 738 356 547 283 767 80 323 463 622 289 393 179 230 319 592 392 581 618 461 251 523 793 741 291 303 586 656 211 132 553 296 288 184 630 404 486 452 650 417 487 223 667 523 575 337 186 380 209 334 264 645 520 877 715 414 732 336 438 151 219 623 411 208 565 798 287 795 373 217 762 121 493 608 178 708 638 713 393 454 677 385 540 44 324 241 748 425 382 585 815 610 851 684 244 348 324 306 602 777 707 591 382 340 765 77 283 567 237 510 452 659 695 524 428 129 654 324 786 469 341 286 313 181 345 688 314 736 855 609 274 482 182 389 541 820 405 391 477 592 236 916 507 453 422 802 502 550 237 405 247 160 191 820 510 411 485 427 310 185 712 199 414 352 653 919 254 369 538 367 391 215 498 299 360 941 412 729 616 830 504 642 636 645 909 491 712 785 850 488 541 463 357 678 538 448 285 357 294 506 277 632 550 308
931 60 15 317 685 392 259 334 719 322 620 389 519 0 661 181 311 726 671 228 333 563 548 164 209 629 479 508 582 424 554 642 719 639 578 284 534 148 527 664 298 702 449 747 477 861 244 542 598 267 147 163 676 210 233 218 885 644 230 209 477 435 212 300 791 807 539 680 307 443 461 216 580 242 334 121 691 520 337 342 663 401 591 426 509 728 249 192 467 372 247 595 197 262 470 465 749 489 413 294 689 343 70 237 653 584 38 275 628 255 277 218 381 444 410 47 343 698 365 485 533 485 863 733 676 111 566 191 191 769 507 333 491 685 411 518 270 307 750 249 151 358 494 632 648 347 112 448 414 502 358 260 331 505 455 754 512 65 226 674 366 134 256 605 661 176 561 87 550 568 280 232 439 388 74 307 90 332 726 634 293 199 291 774 451 188 161 771 778 582 442 236 539 727 942 356 294 631 333 302 396 585 721 410 862 823 245 301 514 634 170 449 255 340 239 366 42 419 821 362 322 629 665 329 149 630 810 857 861 98 283 729 226 577 380 277 433 707 637 172 807 849 196 323 526 299 607 616 655 626 773 635 321 315 713 567 655 160 349 180 799 351 609 473 690 271 770 488 347 391 55 230 266 649 760 418 577 513 219 973 125 237 166 691 695 370 725 773 233
495 721 674 856 234 625 610 660 603 558 801 378 508 661 0 751 351 199 938 445 633 352 187 586 860 475 526 556 316 659 129 472 156 555 863 672 556 809 410 498 638 238 877 244 708 255 711 270 769 550 562 512 975 451 799 443 417 244 465 522 472 590 740 775 535 408 461 580 694 267 361 525 386 895 361 751 286 259 865 710 462 375 139 343 869 310 904 490 260 325 852 553 567 410 334 246 254 332 680 385 92 787 728 555 54 266 634 889 342 616 414 851 463 679 435 659 345 325 421 328 134 194 371 146 130 556 729 672 508 108 188 506 845 687 263 245 557 864 446 684 675 588 197 71 625 404 764 854 659 240 699 615 729 845 310 281 386 689 866 644 546 696 672 890 68 714 872 737 482 821 500 859 223 273 679 822 730 932 191 751 718 584 673 115 561 795 812 305 380 418 491 545 202 463 449 842 551 274 377 793 466 260 307 619 347 479 591 381 679 184 799 241 716 878 542 335 653 636 384 362 802 109 152 846 804 743 464 288 367 590 877 97 497 743 280 490 623 534 451 515 325 302 725 358 686 621 340 911 193 222 492 761 341 405 238 121 713 518 708 629 507 808 342 324 422 423 136 333 483 987 679 705 845 485 156 305 83 172 880 473 691 511 595 307 46 700 127 122 612
925 169 184 454 718 574 441 514 652 502 485 545 469 181 751 0 408 771 510 310 514 564 603 165 269 592 656 687 733 314 630 607 775 579 421 463 468 175 511 835 479 837 273 879 353 914 416 686 469 446 322 248 509 329 55 341 893 783 286 231 441 354 45 462 752 805 709 616 484 576 471 389 741 285 392 82 834 661 156 518 830 558 654 578 342 744 286 264 602 430 359 533 188 399 623 521 782 504 294 366 797 174 189 416 732 610 218 372 782 179 336 117 552 327 398 226 407 708 371 638 617 601 880 847 735 268 445 368 355 855 574 303 326 591 488 560 449 131 911 425 76 539 562 708 567 369 216 276 303 636 536 182 504 342 486 892 505 115 139 591 545 303 434 445 736 342 400 120 509 420 273 326 543 484 246 455 228 430 850 514 148 174 172 867 631 314 131 793 780 747 401 220 668 701 952 176 474 775 481 125 372 727 738 591 886 804 191 369 403 680 281 516 426 474 417 421 148 319 828 510 479 696 719 148 138 512 969 897 879 177 394 803 393 453 485 279 339 659 804 334 828 884 42 392 414 481 610 454 699 761 938 514 417 469 747 641 549 319 213 127 963 177 763 624 851 420 875 642 520 481 126 402 391 819 822 559 671 586 216 982 67 247 157 706 778 240 836 851 166
667 371 324 549 394 416 337 413 557 325 607 219 371 311 351 408 0 425 716 97 391 323 248 247 515 433 401 439 362 415 244 441 413 480 626 400 410 458 321 514 378 437 583 477 475 554 415 303 577 285 236 162 741 103 459 98 609 388 130 191 318 372 404 485 578 545 403 520 426 188 234 229 394 550 85 401 444 275 538 454 495 229 284 229 600 451 558 143 214 98 522 449 236 102 268 171 456 244 426 61 390 479 379 274 342 308 287 557 413 305 93 501 285 439 240 314 76 430 190 279 221 194 579 439 368 212 535 363 191 459 201 243 576 579 104 233 294 529 551 394 333 370 187 321 522 155 418 565 410 244 454 307 463 582 196 493 295 337 515 549 341 367 387 656 350 394 625 385 379 594 204 522 135 78 339 522 386 607 444 585 407 255 368 466 406 462 461 487 513 412 306 228 268 502 662 525 302 388 153 471 253 340 444 422 573 581 278 64 476 335 460 147 423 573 262 102 301 396 549 172 513 320 361 521 452 578 602 556 577 240 552 418 202 549 78 191 394 517 470 189 522 552 387 60 487 365 357 674 358 364 587 592 10 167 421 257 575 186 419 294 612 497 397 264 496 139 468 285 276 664 327 405 524 496 452 187 268 204 529 693 344 191 256 419 384 421 428 462 294
297 785 741 971 66 782 741 804 446 704 696 533 410 726 199 771 425 0 841 497 778 245 178 611 934 336 702 735 510 598 197 327 45 417 779 805 454 868 314 695 775 436 834 435 633 143 832 457 666 682 661 564 883 528 810 524 220 443 501 544 392 523 749 900 352 211 647 432 830 423 309 642 579 968 392 792 485 442 855 851 660 533 144 505 806 122 975 536 425 354 948 430 583 514 508 260 54 274 624 431 285 762 796 680 149 168 707 983 540 608 450 883 620 612 390 736 382 149 402 506 230 346 177 329 74 636 630 785 612 197 224 481 784 550 321 212 690 865 645 808 697 740 238 149 491 401 837 807 601 415 845 606 867 779 284 473 301 737 901 504 700 793 799 803 133 818 795 788 373 734 498 947 338 361 763 942 808 1032 383 635 700 597 653 231 731 888 859 106 185 611 425 551 385 289 260 821 690 473 510 782 422 454 120 779 159 285 587 425 591 92 884 279 839 995 667 360 707 575 185 504 929 122 67 835 854 628 660 130 173 638 978 126 613 643 379 492 556 373 647 613 126 128 737 403 595 760 211 824 72 421 691 646 416 537 49 184 587 611 672 644 706 783 538 498 621 539 290 511 633 1090 729 823 949 681 83 458 233 225 937 287 721 524 617 134 163 657 311 160 612
819 677 680 964 774 1044 916 998 453 958 146 927 434 671 938 510 716 841 0 646 991 600 750 540 770 513 1088 1125 1076 300 814 525 871 438 94 952 388 679 534 1228 959 1121 255 1151 241 970 916 1014 175 901 778 629 48 705 480 716 832 1085 604 554 466 354 468 968 599 740 1112 443 977 901 578 833 1111 778 643 592 1142 986 400 1011 1211 939 800 943 170 746 775 619 926 661 867 414 524 775 984 703 817 605 291 655 1019 336 697 874 893 686 699 877 1127 442 624 579 970 276 511 718 659 706 543 996 824 882 848 1077 851 713 211 862 787 1009 758 473 183 330 726 692 907 444 1265 919 519 1002 753 870 369 573 726 240 305 952 1026 438 1002 167 632 1177 554 611 598 369 994 804 925 66 888 845 110 630 468 121 514 832 816 761 745 965 736 932 1105 214 377 509 387 1036 1077 825 629 796 734 1128 448 507 965 603 884 351 928 1092 856 387 484 1047 742 1058 872 691 464 651 258 780 792 721 926 984 869 649 629 320 780 881 987 839 825 391 641 221 1312 925 850 609 902 937 824 198 778 526 326 514 1186 766 819 899 480 663 252 957 629 56 786 1058 1303 203 720 859 796 819 275 751 326 502 1327 335 1112 981 1212 812 1074 1002 947 979 618 901 901 1211 921 903 885 777 699 906 547 539 533 716 940 311 1060 985 462
713 288 243 502 457 429 324 407 551 336 550 281 352 228 445 310 97 497 646 0 391 350 319 150 437 439 445 483 447 349 330 450 491 471 554 381 384 372 328 584 369 532 494 573 411 633 381 391 521 286 196 68 667 66 361 74 662 482 42 99 301 320 306 450 595 589 465 512 409 277 250 218 471 470 106 307 536 365 441 441 569 293 363 301 519 504 477 45 304 143 459 433 142 128 345 236 521 271 355 65 487 387 299 266 431 359 212 492 498 217 54 406 326 374 223 242 114 477 170 358 312 292 637 537 448 149 481 324 171 551 280 188 495 551 185 290 293 432 634 366 235 383 266 408 500 140 339 478 343 336 446 220 444 502 232 588 308 245 421 528 364 311 363 584 437 344 549 295 371 527 135 453 233 174 270 480 312 545 542 538 316 161 281 560 440 398 369 545 559 485 278 142 363 525 718 431 309 479 210 376 223 431 497 438 635 614 191 72 421 405 390 221 390 526 256 139 212 333 599 236 478 402 436 425 362 532 687 628 636 146 492 506 198 495 175 124 336 522 543 157 581 621 290 94 433 360 391 601 427 458 668 543 106 212 485 342 538 147 335 198 692 405 481 343 577 167 565 363 307 604 236 369 467 566 533 268 363 287 442 749 247 108 159 468 475 342 526 551 203
1048 355 329 260 764 62 74 27 940 75 919 255 743 333 633 514 391 778 991 391 0 714 615 452 390 821 194 207 402 715 581 831 753 860 897 70 774 414 709 395 36 554 781 602 775 882 136 399 893 106 213 375 1001 325 565 319 984 494 427 454 691 702 544 167 969 929 284 901 73 366 623 172 361 420 469 445 520 393 669 77 408 259 635 293 836 830 431 395 374 489 314 824 473 289 315 553 820 635 712 429 615 673 341 125 654 693 298 347 429 552 440 525 175 739 612 287 465 814 559 327 548 441 948 636 709 279 856 155 220 734 563 574 816 941 480 617 98 636 511 109 478 54 551 641 891 526 341 778 707 399 66 556 101 828 588 591 685 398 524 919 96 225 93 925 667 199 883 405 759 879 517 345 440 428 271 222 308 363 604 918 616 485 603 724 149 287 456 859 897 346 669 499 442 894 1033 689 90 467 268 634 614 436 824 82 936 970 533 436 798 699 317 524 132 276 134 493 370 704 928 275 188 658 711 662 441 913 573 901 945 381 319 726 194 869 406 508 712 906 385 236 892 905 528 445 810 34 747 938 722 489 519 922 397 242 787 594 925 250 664 489 542 682 411 323 454 252 693 325 150 404 388 143 285 384 777 328 560 557 461 1062 457 478 459 802 678 681 636 755 530
368 616 578 852 180 738 659 736 265 647 457 514 165 563 352 564 323 245 600 350 714 0 173 418 769 131 702 740 579 353 244 133 272 205 534 720 211 689 68 763 700 569 592 587 387 384 728 515 426 609 544 404 640 404 595 406 329 550 334 357 148 278 535 798 255 245 678 236 747 429 101 550 637 799 250 601 604 490 626 776 735 520 213 505 560 182 804 374 445 225 806 201 386 425 528 177 235 79 380 293 441 527 632 596 302 88 555 837 624 388 295 681 594 367 166 586 250 144 199 533 268 372 317 497 252 499 388 673 508 411 205 260 539 336 245 125 617 641 754 711 496 692 209 281 273 216 674 564 357 455 777 386 784 533 126 620 60 556 701 293 660 660 706 559 294 694 549 607 132 490 295 795 322 300 617 830 652 892 537 402 470 395 424 439 716 744 669 233 218 664 183 348 447 179 388 587 625 569 462 553 193 533 176 741 326 263 373 286 346 181 732 208 737 877 585 222 534 331 264 471 826 245 226 605 668 394 786 351 316 466 839 338 524 401 325 293 312 207 715 500 267 332 526 271 350 688 46 580 186 523 798 412 317 483 205 244 361 493 435 440 818 548 614 520 713 462 483 539 592 951 550 717 816 746 322 453 320 224 754 418 525 332 422 144 345 417 479 385 398
433 607 563 796 149 626 572 640 436 543 613 384 320 548 187 603 248 178 750 319 615 173 0 440 756 303 566 602 415 474 71 302 173 379 675 636 369 691 224 601 609 396 699 415 521 314 659 352 581 515 484 387 787 350 646 346 368 378 326 373 284 404 585 728 398 317 528 408 662 282 174 470 476 790 216 619 431 329 701 686 571 387 53 364 685 216 797 359 293 178 770 371 415 340 379 83 208 145 497 253 272 615 618 510 145 98 529 805 456 450 275 712 470 493 251 558 205 206 246 381 99 214 334 329 132 458 541 610 437 268 52 330 662 508 143 58 524 706 583 636 528 583 64 121 445 237 659 674 475 296 681 449 699 660 128 447 199 561 730 466 545 615 628 703 143 642 686 613 298 634 336 768 181 188 584 768 629 855 365 565 548 430 502 290 588 710 684 244 285 505 304 386 281 320 418 672 526 399 348 628 283 365 209 626 326 370 427 247 492 87 706 100 666 820 498 185 530 451 312 347 756 96 117 681 678 557 614 309 331 462 800 205 441 555 210 327 437 373 552 437 277 304 572 225 498 595 175 724 110 351 628 575 238 373 174 71 529 434 531 476 647 636 449 370 545 369 323 387 476 913 553 650 772 585 218 313 147 63 761 448 550 356 447 191 193 520 311 254 450
786 206 179 481 561 503 377 460 555 418 469 413 356 164 586 165 247 611 540 150 452 418 440 0 355 470 554 589 591 267 464 484 613 476 446 419 370 271 374 714 422 682 356 723 325 752 394 538 445 360 238 99 554 185 213 197 746 631 121 66 316 271 157 457 633 663 591 516 446 425 319 293 608 383 227 184 684 512 291 480 703 425 489 440 394 593 388 105 452 265 410 431 33 258 485 357 625 351 261 201 634 246 224 333 566 454 176 436 641 100 171 272 439 289 256 203 241 559 219 498 452 442 730 685 572 172 410 336 248 689 409 171 372 521 323 399 366 282 775 391 89 461 397 543 483 210 267 344 258 485 492 104 475 382 327 738 363 139 290 510 455 293 394 475 570 334 435 189 389 427 124 391 381 321 235 469 254 494 692 476 178 35 154 701 538 352 252 640 636 619 280 73 513 573 805 284 388 627 344 228 237 579 586 517 733 672 84 204 355 519 331 350 405 505 329 256 125 260 681 372 481 531 556 275 249 471 831 739 729 74 446 638 286 422 325 125 272 546 677 227 676 727 140 227 367 418 464 489 539 608 806 479 255 338 590 476 493 211 214 49 831 261 623 484 717 288 711 503 412 552 135 380 431 697 658 413 506 420 335 835 110 87 9 555 612 229 674 686 78
1137 152 193 214 894 452 340 377 904 420 754 546 709 209 860 269 515 934 770 437 390 769 756 355 0 825 578 597 737 579 759 839 927 827 685 321 717 94 729 778 356 872 520 919 621 1068 255 708 739 380 305 372 762 412 290 418 1093 812 439 411 672 609 314 264 988 1013 658 866 330 623 668 361 718 35 543 192 853 691 377 355 785 557 798 588 599 936 45 401 644 580 108 781 389 451 628 673 958 696 561 503 880 437 138 356 857 792 228 108 777 423 486 195 510 594 611 201 552 906 570 643 736 676 1072 919 883 304 714 243 360 969 714 526 587 854 617 727 378 333 883 281 299 437 701 836 825 553 97 530 568 679 379 428 331 604 664 921 716 216 181 850 464 183 297 707 865 193 661 169 744 687 478 67 637 590 181 231 130 162 905 783 417 385 436 971 537 103 141 980 985 712 635 429 719 928 1150 420 400 794 506 383 593 751 929 472 1071 1026 424 509 669 842 74 657 262 228 365 575 234 581 1029 532 268 835 873 381 131 781 945 1065 1070 303 137 933 383 722 580 478 599 900 761 348 1016 1058 308 531 681 367 813 713 864 797 898 783 525 482 922 772 815 342 482 350 923 435 758 633 823 447 962 644 474 211 220 247 148 765 967 593 776 719 84 1181 264 438 353 900 897 509 913 976 404
345 676 644 934 270 850 760 841 134 758 367 637 124 629 475 592 433 336 513 439 821 131 303 470 825 0 825 863 711 322 375 15 372 82 462 820 146 739 112 894 804 698 558 715 336 457 820 647 338 715 636 481 558 500 613 504 334 681 414 419 153 253 556 889 162 239 806 105 847 557 199 652 767 853 352 644 735 621 621 878 866 644 339 630 508 232 856 453 575 336 876 99 436 533 656 305 306 195 351 392 566 516 693 699 423 210 628 904 755 413 385 710 714 328 220 659 357 193 270 662 400 503 341 622 363 583 307 762 607 521 337 298 490 215 369 257 723 645 885 806 534 804 340 404 155 299 736 528 329 586 881 409 883 481 245 749 137 609 731 170 775 741 803 483 413 778 483 657 83 417 349 860 451 423 691 915 720 961 664 302 473 440 431 552 836 816 711 282 226 794 191 396 579 112 391 575 734 701 581 553 233 664 229 855 361 216 406 385 282 295 799 336 829 959 689 331 594 304 274 592 917 366 336 601 712 295 917 411 342 530 911 447 628 318 447 351 281 84 845 596 307 385 551 376 282 793 134 504 293 654 929 313 429 599 288 373 251 586 423 478 949 535 746 649 844 573 601 668 709 1020 606 807 892 877 419 579 450 356 798 418 567 391 471 204 463 400 603 490 428
992 516 480 452 704 143 238 215 954 160 996 187 772 479 526 656 401 702 1088 445 194 702 566 554 578 825 0 38 238 794 513 831 668 879 994 263 812 588 715 201 224 392 906 436 856 782 329 260 966 212 334 459 1105 383 710 372 920 336 487 533 719 764 678 359 954 882 95 918 266 283 628 267 182 609 486 599 349 267 812 259 214 181 569 201 948 779 620 468 277 492 507 850 565 317 194 526 751 629 798 456 485 795 506 241 560 658 440 541 252 648 480 690 118 819 641 440 476 772 591 198 478 358 879 492 628 391 926 335 307 614 515 632 926 980 457 586 210 785 317 300 604 141 506 554 923 555 515 897 788 288 238 651 287 936 580 419 688 542 692 950 115 400 284 1024 575 384 986 562 778 970 581 537 386 402 433 414 479 557 450 981 731 582 707 596 48 476 624 797 850 160 707 581 324 876 962 823 185 304 247 766 653 286 773 126 861 936 624 462 866 637 503 494 326 465 239 499 507 779 872 233 377 580 637 802 609 974 380 812 875 495 513 624 268 940 377 569 781 907 192 329 825 822 660 462 878 212 725 1040 658 339 324 987 402 236 722 523 975 345 767 599 348 808 237 203 263 278 554 193 141 596 531 334 479 190 681 252 469 503 643 989 592 550 563 757 573 778 496 642 629
1027 543 509 459 739 150 261 226 992 186 1033 225 811 508 556 687 439 735 1125 483 207 740 602 589 597 863 38 0 259 832 548 869 700 917 1031 278 850 612 753 190 241 409 940 452 893 812 344 288 1004 241 365 495 1141 420 741 410 954 356 525 570 758 802 710 367 991 917 106 956 277 319 666 300 196 627 525 628 363 297 843 265 210 219 603 237 983 814 638 505 311 530 521 889 601 355 227 563 784 667 835 495 510 829 532 270 592 694 470 554 266 684 518 717 156 856 680 468 515 808 629 229 513 392 912 514 661 424 964 356 341 640 552 670 961 1019 494 623 238 815 314 316 637 160 542 587 962 594 539 932 825 320 242 687 293 971 618 432 726 572 718 989 142 423 300 1060 607 404 1022 590 816 1007 618 553 422 440 460 422 504 566 469 1019 765 617 742 622 59 494 650 831 886 170 745 617 354 913 995 856 213 323 286 798 692 309 808 131 893 972 660 500 904 672 523 532 340 471 269 538 538 816 907 271 384 613 670 834 635 1013 375 843 908 528 525 654 303 978 415 607 819 945 191 363 859 854 693 500 916 230 762 1076 693 361 316 1025 441 274 757 558 1013 379 802 633 338 842 253 236 264 315 577 224 177 602 561 351 491 182 712 289 501 539 664 1022 623 587 598 793 602 814 519 670 664
808 635 590 658 529 369 413 428 845 337 960 193 693 582 316 733 362 510 1076 447 402 579 415 591 737 711 238 259 0 775 347 713 470 779 987 461 739 719 613 188 421 154 942 200 835 565 519 64 928 360 440 493 1103 407 788 395 731 97 487 546 644 725 741 566 812 710 154 813 474 175 534 377 70 771 432 699 119 92 880 477 156 181 398 156 962 607 782 487 150 419 691 761 589 335 111 408 563 522 787 423 256 834 632 381 360 513 545 727 51 664 455 800 233 799 576 558 417 610 536 96 316 208 686 255 436 472 886 503 391 387 374 603 939 899 359 454 364 863 189 488 666 347 370 362 837 503 655 925 771 127 460 666 503 944 477 190 585 634 808 862 305 553 473 1017 376 552 987 670 685 954 566 711 268 317 564 621 617 755 211 928 763 608 728 366 283 646 742 613 679 102 644 588 133 735 765 876 346 66 252 819 598 56 602 356 663 774 637 425 828 465 664 380 520 676 371 430 595 755 692 223 590 395 451 865 729 921 240 604 681 556 705 411 359 901 298 554 750 786 139 409 637 619 724 413 838 405 589 1036 483 103 227 937 357 267 541 354 908 422 781 640 251 851 36 109 137 314 318 93 268 801 622 519 671 172 472 178 282 356 785 790 666 552 601 594 360 784 261 421 651
667 449 436 739 533 763 642 726 349 674 204 628 202 424 659 314 415 598 300 349 715 353 474 267 579 322 794 832 775 0 531 338 619 284 212 687 178 485 286 928 687 826 239 858 61 738 661 714 178 618 502 342 327 411 316 422 653 787 307 263 205 75 270 722 468 559 814 315 713 600 301 549 810 598 343 386 844 686 303 747 911 639 527 643 210 528 599 327 625 363 656 239 243 478 684 415 588 333 28 354 734 196 470 593 620 431 442 676 826 169 323 423 676 24 224 467 359 488 246 695 536 584 654 791 591 437 143 604 501 742 472 172 187 277 430 417 625 332 965 659 283 719 466 596 258 275 508 210 10 652 759 164 743 185 348 883 297 377 445 280 707 557 662 241 617 599 215 413 246 179 215 629 517 461 498 731 506 734 815 210 170 232 142 765 787 603 444 581 542 828 173 217 667 434 712 254 645 793 558 240 193 747 523 776 670 537 184 351 90 522 576 430 672 761 587 351 381 23 591 581 746 569 567 284 450 206 1013 704 655 341 693 674 536 154 478 227 42 371 886 482 612 683 272 362 103 682 394 261 533 760 1002 211 419 561 559 538 236 467 108 243 1026 215 811 680 911 517 795 701 655 789 379 647 683 911 670 603 598 491 530 739 318 244 262 492 668 81 775 723 191
479 614 568 779 191 586 545 606 508 507 679 338 388 554 129 630 244 197 814 330 581 244 71 464 759 375 513 548 347 531 0 374 174 450 736 609 437 701 293 535 578 324 748 344 580 313 638 286 647 486 472 398 849 347 676 341 408 307 345 399 349 463 616 705 465 370 468 480 633 230 235 448 411 794 237 636 360 265 738 654 503 339 55 313 740 266 802 373 236 200 763 442 443 322 321 117 240 210 552 266 205 658 623 485 102 168 531 798 387 488 293 733 425 551 307 558 223 264 292 322 35 155 369 263 129 455 606 593 421 225 59 377 716 579 144 124 494 739 512 613 553 544 69 78 516 275 662 724 531 233 648 487 670 716 183 376 268 575 749 538 504 606 603 764 107 629 745 625 368 696 372 765 141 171 582 749 630 845 295 633 590 460 544 241 539 703 699 284 339 441 365 419 214 388 454 714 493 328 312 666 338 296 261 583 355 430 463 262 555 124 703 114 644 802 472 209 541 508 359 307 734 79 129 719 692 625 542 322 366 476 791 176 418 620 186 362 495 444 486 424 314 324 602 238 562 563 246 785 145 280 557 642 233 340 210 13 599 425 579 505 576 679 380 312 475 344 264 328 436 902 566 630 761 519 208 264 75 44 771 482 572 385 473 248 148 570 246 221 486
329 689 657 946 262 858 770 850 133 767 379 643 140 642 472 607 441 327 525 450 831 133 302 484 839 15 831 869 713 338 374 0 364 90 476 830 161 753 122 896 814 697 573 712 351 446 831 649 351 724 647 493 570 510 628 514 319 681 425 432 167 268 571 900 149 224 810 108 858 561 207 662 770 867 361 659 734 624 637 888 868 649 336 635 523 221 870 465 578 344 889 112 450 542 660 309 295 201 366 402 563 531 707 709 418 208 641 918 757 428 396 725 720 343 233 672 365 182 282 666 400 505 327 618 357 595 321 774 617 515 338 312 505 222 374 258 732 660 885 817 548 812 342 400 164 310 750 543 345 588 890 424 894 495 251 747 146 623 746 177 783 753 813 496 408 789 497 671 98 430 362 873 454 428 704 927 733 975 661 313 488 454 446 546 843 829 726 270 212 797 206 410 580 96 376 591 743 701 588 568 246 666 218 863 348 201 420 395 297 290 812 340 840 971 698 339 607 319 260 598 928 363 330 617 726 306 917 399 328 543 924 440 637 331 453 364 297 76 848 607 294 373 566 385 296 803 131 517 287 654 930 324 437 606 278 372 261 597 439 493 950 551 748 653 846 581 596 672 716 1033 619 819 904 880 410 584 449 357 813 403 581 404 485 195 458 415 599 483 443
339 779 734 954 102 753 719 779 487 678 728 504 438 719 156 775 413 45 871 491 753 272 173 613 927 372 668 700 470 619 174 364 0 454 806 783 483 864 339 654 752 391 853 390 658 141 813 419 697 660 646 559 912 517 817 512 261 400 499 546 416 545 756 880 397 256 610 471 807 392 324 623 539 961 389 792 440 405 867 827 618 503 129 474 829 167 968 532 392 351 935 464 587 496 474 257 99 289 644 426 240 776 789 660 109 188 699 971 498 617 448 885 591 635 405 727 378 191 411 471 206 315 215 284 45 625 660 767 596 153 212 493 807 587 309 217 668 874 601 788 701 713 226 114 527 406 829 826 622 380 820 615 843 803 292 428 323 734 903 542 672 779 778 831 93 803 821 785 403 762 505 936 315 344 752 924 799 1019 337 669 712 602 666 187 699 876 857 151 231 571 445 557 348 332 296 835 666 430 485 793 437 414 165 750 193 331 595 420 619 98 874 270 819 977 647 358 703 596 229 477 908 95 56 847 852 661 615 148 211 635 964 81 593 673 361 498 579 414 606 598 169 154 743 397 623 736 243 853 86 378 647 680 403 513 93 161 622 597 689 648 661 797 497 464 578 519 244 476 605 1076 726 805 935 640 50 429 199 209 934 322 723 528 620 175 118 675 266 118 620
394 681 654 952 352 893 795 878 80 801 292 692 120 639 555 579 480 417 438 471 860 205 379 476 827 82 879 917 779 284 450 90 454 0 395 852 111 736 167 960 840 775 509 793 284 536 846 715 266 754 665 503 484 535 593 540 396 755 440 434 169 226 539 914 184 303 867 41 880 620 251 689 833 852 396 639 809 688 588 912 933 700 417 689 451 311 854 477 639 386 887 46 443 577 718 371 386 257 312 433 645 481 700 736 503 289 644 912 825 405 420 695 765 284 248 674 403 273 301 725 473 570 410 701 445 608 239 788 641 603 408 307 434 133 428 329 762 616 957 835 529 847 410 483 73 334 742 478 293 653 917 400 915 423 304 826 194 612 717 89 821 759 833 414 493 798 419 657 101 350 362 867 515 480 706 936 730 970 742 225 448 443 410 634 887 827 704 359 295 859 198 403 649 166 450 539 775 773 632 523 250 735 308 900 433 263 403 426 226 376 807 400 856 976 726 379 602 270 342 646 941 447 418 568 707 218 992 488 411 542 922 529 666 249 505 368 248 87 912 628 381 461 537 421 222 830 215 434 375 728 1001 236 477 648 369 450 170 617 391 476 1021 499 815 711 915 617 682 731 756 1028 610 833 905 942 500 639 526 428 792 475 563 406 476 285 544 366 683 572 423
