209
0 243 430 952 422 580 149 640 822 184 643 333 665 172 138 455 654 428 25 357 848 706 737 886 409 527 925 934 644 539 655 733 551 57 640 730 442 970 764 456 418 178 741 683 621 766 666 151 659 661 221 483 225 345 796 284 177 665 879 560 432 929 480 660 744 854 484 750 129 940 690 614 216 878 631 614 119 639 656 75 147 760 850 842 680 635 717 524 748 451 420 37 417 308 622 509 634 849 735 711 51 522 317 509 283 254 206 575 243 421 185 788 394 561 360 715 638 605 27 320 728 684 70 493 764 918 627 347 716 498 362 556 141 112 715 962 159 716 645 245 790 362 542 488 402 826 709 953 609 640 72 265 667 133 147 164 159 217 507 313 470 160 77 850 155 201 768 137 163 183 989 569 234 821 668 426 309 692 572 387 774 693 786 285 925 991 282 182 236 734 144 228 656 742 299 384 35 627 405 780 241 611 499 323 733 522 200 756 363
243 0 443 919 583 475 319 774 902 223 454 547 464 87 333 585 422 575 222 515 913 514 765 857 588 440 942 928 424 646 437 877 747 297 515 871 295 930 551 291 488 65 685 581 606 716 437 393 757 794 93 273 19 542 904 488 406 578 794 478 196 909 689 666 566 781 364 596 319 947 797 764 452 805 642 715 345 622 856 176 103 614 885 753 869 741 803 394 610 665 193 252 246 212 592 294 555 894 800 567 227 558 241 370 341 12 448 566 103 412 422 832 424 520 357 869 764 401 263 476 712 776 284 664 914 947 598 108 588 697 162 477 385 314 797 947 319 797 582 388 777 572 341 631 396 737 676 902 403 759 207 336 860 271 101 388 329 168 447 369 634 96 167 820 373 272 738 185 375 354 970 614 136 864 660 197 123 658 565 493 568 522 679 469 865 992 467 404 472 661 297 432 798 546 402 517 276 777 164 874 338 628 327 482 536 283 188 545 343
430 443 0 521 315 254 580 401 466 580 454 423 499 467 565 255 595 280 413 279 472 505 324 456 354 195 506 505 542 258 542 505 502 423 324 494 281 540 606 316 108 422 323 320 191 343 588 515 342 417 350 422 443 375 488 371 415 287 475 205 474 498 494 232 500 441 239 458 558 516 388 417 454 465 205 309 396 209 600 449 449 450 443 444 581 336 375 269 427 496 441 396 323 242 196 445 252 451 361 410 380 116 210 282 149 452 481 145 534 42 445 388 42 151 85 515 382 469 416 264 297 353 499 386 548 507 200 452 387 473 371 198 491 356 367 532 590 365 243 245 360 426 426 306 49 428 282 526 475 367 479 168 586 300 445 566 305 569 141 122 350 461 427 420 380 615 339 523 368 613 559 174 307 421 238 449 355 265 142 173 594 448 414 321 503 565 322 394 465 329 574 357 433 542 174 231 423 430 490 447 200 188 343 272 539 541 269 592 101
952 919 521 0 718 467 1101 615 421 1091 653 880 696 965 1087 635 853 680 933 725 368 655 279 65 767 484 192 101 783 554 773 661 843 944 465 645 648 29 755 670 562 917 238 380 330 204 832 1030 497 612 835 765 925 824 530 846 921 362 219 447 864 50 884 302 595 188 571 506 1080 153 521 668 952 179 332 517 912 312 896 965 953 473 257 248 845 523 449 556 449 904 832 918 708 708 332 773 374 293 378 484 901 448 681 586 670 925 984 376 1020 532 950 299 559 401 594 701 589 716 937 733 225 472 1020 743 695 235 327 885 434 845 791 446 1006 875 437 74 1111 431 339 750 167 869 720 657 551 254 245 71 721 564 997 689 865 821 949 1085 822 1069 471 642 720 963 942 101 891 1130 184 1035 878 1134 71 422 793 291 285 837 804 262 379 624 720 579 333 799 114 145 801 899 959 275 1095 851 644 670 678 669 944 673 898 471 719 354 660 738 676 886 776 740 596
422 583 315 718 0 569 537 223 444 606 758 170 800 556 507 83 871 39 422 67 485 813 445 658 48 510 617 661 828 171 832 311 190 376 639 309 561 745 909 594 209 531 589 628 440 596 869 402 277 244 501 685 572 116 390 164 282 591 747 519 700 679 182 427 814 705 541 773 508 646 294 192 286 726 399 235 314 453 295 484 530 765 528 724 292 247 342 576 740 191 672 387 584 462 465 711 557 513 388 725 394 296 438 584 272 595 322 403 636 349 300 462 283 450 338 293 227 761 395 107 510 307 462 83 342 596 466 644 700 157 595 513 381 309 346 698 550 349 536 194 554 154 708 77 342 710 528 750 767 236 494 265 289 318 528 469 268 632 457 260 51 546 471 630 278 619 565 557 266 556 728 300 472 491 456 680 556 517 398 141 901 761 713 140 743 700 142 263 283 612 544 205 235 851 196 85 392 205 698 390 250 377 630 101 847 784 403 896 363
580 475 254 467 569 0 722 629 614 676 232 667 281 538 718 506 416 534 557 531 598 269 417 413 608 61 547 503 350 491 345 726 756 595 70 713 185 473 378 203 361 490 230 107 233 265 401 702 542 641 405 298 485 623 673 610 626 107 319 54 396 470 748 308 250 309 111 204 707 537 589 655 672 332 303 522 591 241 851 567 532 199 523 278 828 546 551 88 179 748 364 555 243 281 199 308 94 547 508 156 530 313 264 118 354 478 693 226 578 223 656 494 288 148 256 744 606 275 576 512 306 542 650 639 770 567 205 423 141 727 330 60 681 545 539 512 729 535 137 472 361 673 261 556 234 262 251 437 281 586 603 374 835 475 528 739 505 638 112 342 603 538 544 378 587 721 306 623 577 758 529 355 368 519 280 370 352 237 230 428 358 201 208 562 396 570 563 609 687 194 709 584 663 302 410 485 587 667 431 619 409 306 193 520 302 422 381 362 239
149 319 580 1101 537 722 0 759 958 131 761 412 776 231 34 583 741 550 169 478 987 823 884 1036 515 671 1071 1083 743 672 755 846 634 168 779 845 571 1119 868 579 563 264 890 826 771 915 756 154 792 781 335 587 300 440 922 380 258 811 1026 705 515 1078 554 809 867 1002 621 882 28 1087 820 727 274 1026 780 746 223 789 730 158 218 895 995 988 765 766 852 659 885 519 512 184 537 443 771 611 780 992 876 846 200 669 457 642 432 326 247 725 265 571 248 932 543 710 509 822 761 714 165 445 878 819 82 598 873 1063 776 427 855 581 469 702 167 242 852 1111 13 853 793 381 940 443 652 609 551 972 859 1103 717 766 121 414 748 281 221 102 295 201 654 462 581 222 180 1000 259 106 918 137 271 37 1138 714 361 965 818 516 418 842 722 526 883 819 930 396 1074 1139 394 274 289 881 24 332 771 857 442 514 160 739 480 913 388 760 622 446 847 600 341 862 512
640 774 401 615 223 629 759 0 250 823 849 378 896 761 731 190 996 211 637 282 302 895 340 566 252 580 469 535 943 142 943 105 242 597 691 97 682 645 1001 717 305 729 562 652 429 555 989 625 118 21 685 820 766 331 172 386 505 611 708 574 859 568 307 380 879 660 640 819 731 506 100 56 506 677 363 112 536 434 281 697 735 801 378 697 231 95 171 665 774 338 827 604 719 615 464 844 583 352 238 771 607 315 586 682 436 785 541 412 839 443 523 320 390 484 463 115 26 870 614 319 453 143 684 180 147 437 462 818 734 262 752 568 604 527 181 575 773 186 548 399 473 353 827 151 446 686 493 664 876 52 710 437 249 525 732 692 482 844 523 412 183 751 682 547 500 839 506 773 488 779 605 278 649 339 417 836 723 489 407 281 985 830 714 362 672 556 365 487 501 600 767 428 34 930 372 260 612 57 866 188 436 348 745 316 929 934 586 986 487
822 902 466 421 444 614 958 250 0 999 847 613 896 910 933 379 1025 418 814 487 57 878 206 389 484 585 243 325 962 286 958 254 491 790 659 240 730 451 988 763 416 871 461 596 381 439 1012 839 168 236 808 872 899 561 111 607 717 556 574 564 937 371 557 307 843 525 667 766 931 284 154 305 729 534 311 213 736 375 513 867 888 741 163 576 453 197 105 679 712 587 903 785 780 708 417 892 538 128 108 725 781 350 676 703 566 912 764 392 984 504 740 138 478 470 549 299 232 886 799 515 341 139 877 424 281 204 411 918 678 512 837 559 816 716 107 364 971 106 493 578 325 591 859 367 515 570 398 484 892 214 888 576 477 693 885 905 664 1006 536 536 418 903 848 384 704 1023 380 944 690 982 391 292 767 133 340 911 822 403 389 435 964 804 623 573 506 327 575 697 727 510 961 638 266 908 525 445 800 303 955 62 589 311 778 516 909 996 717 973 568
184 223 580 1091 606 676 131 823 999 0 678 507 687 141 161 637 632 612 186 541 1022 738 899 1027 592 632 1085 1085 642 719 656 917 729 233 725 915 507 1107 771 509 587 187 867 783 764 896 650 270 838 845 271 495 206 525 977 464 348 774 991 669 410 1074 654 813 789 973 568 815 148 1096 871 798 377 997 785 793 297 782 831 132 143 831 1015 952 859 816 895 603 825 621 413 219 464 396 759 516 747 1017 908 783 218 683 417 581 442 226 356 720 144 561 347 955 549 691 500 899 821 623 210 504 873 863 158 676 948 1082 764 324 800 676 384 667 276 296 892 1110 124 893 767 426 937 537 564 672 543 936 846 1084 626 823 112 428 844 305 147 230 341 72 626 473 654 138 153 991 334 49 907 57 344 155 1135 734 308 988 815 416 340 829 718 565 789 744 885 468 1051 1145 466 358 395 851 107 409 840 769 473 566 214 811 371 960 410 767 547 507 759 489 315 766 495
643 454 454 653 758 232 761 849 847 678 0 822 49 539 767 708 200 728 618 708 829 63 648 609 790 270 764 708 129 709 120 950 949 677 196 938 212 650 152 190 561 498 432 277 466 467 179 788 771 864 426 186 471 788 904 760 743 307 456 284 291 667 927 540 114 470 217 173 754 748 817 870 792 486 536 747 694 472 1051 603 545 203 749 417 1035 772 783 185 216 920 274 630 226 346 430 173 314 775 740 173 601 536 352 174 503 452 805 458 547 414 770 725 478 379 421 965 828 72 649 681 530 772 706 835 994 788 436 361 220 913 293 290 771 649 771 710 764 767 360 620 578 835 115 760 418 406 471 606 75 810 640 518 1038 577 541 807 624 621 327 504 799 544 584 579 702 727 519 636 696 797 721 583 409 749 510 274 343 460 462 618 143 85 327 718 557 775 718 729 810 385 742 722 883 100 574 672 662 883 335 851 549 538 145 690 93 265 456 138 396
333 547 423 880 170 667 412 378 613 507 822 0 858 496 379 249 900 204 343 155 655 882 611 818 128 606 787 828 869 342 876 448 222 277 737 450 612 905 967 640 334 485 730 743 581 741 904 262 447 398 483 713 532 55 550 63 159 710 887 623 701 843 147 582 896 848 613 869 384 815 460 334 138 871 552 405 213 597 323 406 469 866 698 860 353 417 512 652 845 119 679 307 619 488 602 740 675 684 558 822 325 440 474 653 320 558 171 540 572 446 163 633 383 572 412 418 387 810 306 158 664 477 350 199 469 766 603 630 806 169 605 617 245 233 516 863 426 520 663 202 713 30 751 246 432 845 674 906 815 401 403 303 337 280 468 328 221 550 559 325 195 484 401 787 178 508 717 468 173 423 894 457 467 661 607 687 557 661 535 263 966 842 837 105 895 869 105 150 127 746 425 114 381 920 256 212 297 344 689 557 273 530 682 151 915 792 398 955 434
665 464 499 696 800 281 776 896 896 687 49 858 0 550 785 752 160 771 640 749 878 59 697 654 831 319 811 754 90 755 78 997 991 702 243 985 246 693 109 219 606 512 479 323 515 513 136 812 819 911 445 191 482 826 953 796 773 355 496 333 287 712 967 589 129 512 260 204 771 795 865 916 823 527 585 795 722 521 1094 620 558 236 798 457 1079 820 831 231 253 959 275 654 250 376 479 171 363 824 790 212 625 584 385 217 541 460 834 507 552 459 799 774 521 428 462 1012 875 63 672 720 578 821 725 878 1041 836 485 364 262 954 307 339 796 677 820 755 778 816 409 657 626 873 123 804 462 447 520 647 61 858 657 556 1082 607 555 828 655 626 374 544 842 556 602 625 732 736 566 648 727 813 765 632 432 798 559 274 359 508 510 661 110 119 367 755 598 821 755 761 841 431 757 756 930 83 613 715 686 929 332 900 585 587 176 729 72 246 484 96 437
172 87 467 965 556 538 231 761 910 141 539 496 550 0 247 571 509 554 156 489 927 599 791 902 554 497 973 966 512 641 525 861 707 229 585 856 366 979 638 367 494 48 736 645 643 766 524 315 757 782 133 359 68 499 902 441 346 638 855 534 283 951 642 697 648 839 429 673 232 981 795 744 388 863 672 714 286 661 815 98 27 690 909 815 833 738 808 463 684 615 281 190 322 260 634 381 612 915 813 642 171 577 285 441 343 94 379 601 79 442 357 852 441 564 383 849 754 487 196 449 752 779 202 635 896 974 640 196 659 656 245 532 310 263 804 988 231 804 635 363 816 524 427 612 425 799 720 954 490 752 123 334 822 238 29 304 290 103 496 374 607 12 96 865 318 189 782 98 323 266 1013 631 173 885 696 285 199 703 599 486 655 603 746 431 919 1028 429 348 408 718 209 385 782 632 392 500 207 758 249 877 326 655 406 455 622 369 197 633 374
138 333 565 1087 507 718 34 731 933 161 767 379 785 247 0 556 756 523 161 450 963 830 864 1022 484 666 1052 1065 755 646 767 816 601 146 777 815 573 1106 879 583 543 275 879 821 757 903 770 120 766 752 341 597 314 409 895 349 227 804 1018 699 530 1063 520 792 872 993 619 883 14 1069 793 697 241 1017 763 721 196 775 697 164 231 895 974 981 732 740 827 659 884 485 525 169 542 442 759 622 773 970 853 846 190 651 454 642 416 341 213 711 289 558 216 911 528 699 498 791 733 723 149 418 863 793 68 567 842 1043 764 442 853 548 478 695 134 219 827 1094 47 828 784 358 924 410 661 581 539 965 846 1090 727 739 128 398 714 265 233 69 274 229 646 445 551 237 183 986 230 140 904 158 243 49 1122 694 363 943 802 529 426 829 707 502 893 822 925 368 1063 1120 365 244 255 872 54 302 742 865 422 488 142 709 496 886 370 742 626 419 855 616 337 872 502
455 585 255 635 83 506 583 190 379 637 708 249 752 571 556 0 835 45 451 108 415 760 362 574 132 450 538 579 787 94 790 291 250 416 575 286 521 661 860 554 146 539 509 557 360 514 831 460 210 211 497 652 577 194 340 231 338 519 667 454 680 596 260 344 755 623 491 709 555 565 236 181 352 645 316 166 359 372 345 509 545 698 449 645 327 183 274 523 672 273 650 418 551 437 387 678 485 436 312 660 420 217 410 534 251 596 387 326 649 293 361 383 230 379 295 286 184 717 430 138 427 239 504 133 329 518 387 633 632 229 574 448 437 344 275 615 596 278 462 211 471 236 668 52 290 631 447 666 723 185 525 250 331 336 543 526 296 656 394 231 99 561 494 546 326 656 482 585 312 606 646 217 462 413 374 658 540 436 320 97 849 703 638 194 660 619 197 318 352 534 588 259 213 797 183 71 429 195 683 330 247 295 588 137 794 759 398 846 321
654 422 595 853 871 416 741 996 1025 632 200 900 160 509 756 835 0 846 630 812 1013 212 833 809 895 440 960 907 70 854 81 1100 1059 701 393 1089 314 851 166 280 694 482 630 476 648 665 26 806 931 1013 437 188 441 876 1072 837 791 503 655 463 226 867 1023 722 283 670 361 363 742 946 978 1009 840 686 714 902 734 657 1166 596 525 396 939 617 1159 928 952 346 413 1010 234 652 286 414 614 160 506 963 917 372 624 694 433 322 600 415 845 632 489 553 813 910 608 555 539 1109 978 141 668 779 722 937 704 952 1143 982 621 313 421 1017 299 467 794 693 941 910 740 938 552 704 774 919 169 888 551 606 665 806 135 962 629 610 1159 628 523 809 683 564 490 610 917 518 582 778 752 681 715 605 749 775 922 747 439 936 696 228 351 652 635 739 200 279 527 802 758 974 801 782 860 584 718 789 1028 217 675 787 682 1022 262 1023 634 713 252 787 206 144 504 170 514
428 575 280 680 39 534 550 211 418 612 728 204 771 554 523 45 846 0 426 72 456 782 408 619 87 476 583 624 802 138 805 307 221 386 604 303 535 706 880 568 173 525 550 591 400 557 844 422 249 232 490 661 565 149 372 189 301 553 708 484 682 641 220 388 781 665 511 738 522 610 271 190 311 687 360 206 327 413 323 487 528 729 494 685 313 221 314 545 704 231 653 393 560 441 426 688 520 480 355 690 397 257 416 554 252 586 346 364 633 316 322 428 251 413 309 295 210 733 402 108 471 279 473 107 341 562 427 630 664 193 576 477 400 316 317 660 564 319 498 190 515 190 682 59 310 671 489 711 739 216 499 247 313 316 525 489 271 635 422 236 71 544 472 591 292 628 526 562 279 572 691 261 458 457 417 661 539 477 359 109 870 728 675 156 704 664 159 281 309 573 557 222 228 819 178 60 401 203 682 366 237 338 603 105 816 764 391 866 335
25 222 413 933 422 557 169 637 814 186 618 343 640 156 161 451 630 426 0 356 839 681 723 868 413 504 911 918 619 532 630 732 559 75 616 729 417 951 739 430 406 156 721 660 603 746 641 175 652 659 196 458 204 351 791 291 190 643 858 537 408 912 490 644 719 833 459 726 150 925 685 614 232 857 615 607 130 621 664 64 129 736 837 820 687 629 709 499 724 461 396 36 392 283 603 484 612 837 725 687 33 507 293 484 267 233 225 557 229 402 202 776 378 541 340 716 634 580 40 318 710 677 93 495 764 905 608 324 692 506 337 534 164 114 707 945 178 708 624 239 773 371 517 486 383 804 691 934 584 636 74 250 674 121 128 189 155 211 485 298 471 144 59 832 164 209 750 135 170 204 972 555 209 809 651 402 284 673 555 379 749 668 764 287 905 975 285 193 253 712 161 234 655 717 289 379 53 627 383 773 228 596 474 322 708 499 176 731 343
357 515 279 725 67 531 478 282 487 541 708 155 749 489 450 108 812 72 356 0 524 765 461 663 83 471 641 677 772 203 776 376 247 314 601 373 506 750 858 538 181 463 576 598 427 587 812 351 319 304 434 625 504 101 444 124 230 564 734 484 636 689 219 427 770 694 493 735 450 667 343 257 243 716 397 274 254 442 355 418 462 729 554 708 357 291 383 529 706 217 608 322 525 400 449 652 529 543 419 687 328 285 378 535 212 527 278 387 568 308 252 489 242 424 287 360 283 706 331 39 509 348 401 149 408 623 450 578 666 206 532 477 329 245 384 712 491 387 513 126 559 150 652 131 298 693 519 751 712 288 429 202 352 250 460 417 201 566 420 205 118 478 404 632 219 556 562 492 206 499 742 302 406 519 452 617 491 506 382 110 852 717 689 85 740 720 88 210 244 594 484 151 298 803 136 56 329 270 632 437 184 374 576 34 798 721 337 845 312
848 913 472 368 485 598 987 302 57 1022 829 655 878 927 963 415 1013 456 839 524 0 857 181 340 527 573 186 271 947 321 943 311 544 819 638 297 725 398 967 757 435 886 428 570 365 404 998 874 208 290 820 867 912 602 168 646 752 531 531 550 937 318 607 290 818 483 659 739 961 228 203 358 767 491 299 250 768 357 569 889 906 712 112 536 509 238 142 667 683 636 903 811 778 714 399 885 517 75 114 699 805 356 682 693 584 923 802 383 1000 508 776 105 489 458 557 356 282 872 826 549 310 177 906 472 338 147 393 923 651 563 839 545 851 745 139 309 1000 136 471 606 286 635 849 409 521 532 369 433 878 261 912 596 533 717 903 939 692 1025 528 553 463 920 870 339 736 1048 343 966 723 1013 335 299 778 88 318 911 827 376 381 461 941 781 589 609 458 270 612 732 766 478 989 674 320 885 549 478 828 357 958 118 611 303 769 550 887 992 732 951 574
706 514 505 655 813 269 823 895 878 738 63 882 59 599 830 760 212 782 681 765 857 0 676 615 847 315 779 718 146 756 132 994 1003 740 219 981 274 649 110 253 613 559 446 292 498 479 187 851 812 909 489 243 532 847 941 821 805 327 448 323 344 674 984 570 71 468 272 152 817 760 858 918 855 482 570 790 757 503 1104 666 606 186 772 411 1086 815 820 237 206 978 330 693 289 409 461 226 340 800 774 170 664 580 414 230 562 512 868 495 605 466 832 752 531 417 477 1011 873 118 712 739 552 811 769 889 1038 806 467 418 222 969 355 329 834 711 808 716 825 804 386 680 596 895 173 812 472 402 493 602 118 854 702 578 1091 640 603 870 686 679 372 562 853 605 647 588 765 787 535 697 758 860 724 625 472 774 539 329 405 483 499 672 89 77 322 777 553 783 778 792 872 397 804 783 929 38 632 728 725 931 388 886 609 574 208 748 33 306 519 94 453
737 765 324 279 445 417 884 340 206 899 648 611 697 791 864 362 833 408 723 461 181 676 0 226 493 396 187 216 767 276 762 399 564 718 457 384 552 308 786 584 321 746 255 390 185 237 818 790 221 339 673 692 766 556 292 585 674 351 380 370 769 236 605 111 638 331 483 560 859 207 252 391 699 345 126 238 676 176 620 767 772 534 119 377 571 246 184 489 505 626 735 701 608 558 218 709 335 133 116 519 690 216 527 516 457 774 732 209 858 353 701 77 350 280 409 436 313 692 718 475 135 199 801 464 438 183 212 763 472 565 675 365 766 645 171 252 895 166 290 509 134 598 671 380 369 370 191 324 698 288 794 473 590 603 769 851 590 892 353 426 442 785 745 207 650 931 179 842 636 913 283 169 630 104 137 742 669 196 208 370 760 600 417 540 333 260 543 652 703 303 881 599 371 704 442 406 723 396 792 231 496 137 593 479 706 818 593 770 422
886 857 456 65 658 413 1036 566 389 1027 609 818 654 902 1022 574 809 619 868 663 340 615 226 0 707 425 185 104 738 496 729 618 789 878 417 603 590 87 719 614 498 854 182 332 265 147 788 965 447 564 772 711 863 762 495 783 856 310 203 388 808 58 826 238 559 161 514 471 1014 153 475 618 888 161 268 464 847 247 846 900 889 439 228 222 797 472 404 501 413 845 775 853 650 646 268 720 318 264 333 445 836 384 618 531 605 863 920 311 958 467 885 258 494 338 529 657 540 670 872 670 159 424 955 686 655 223 262 826 393 788 732 387 941 810 391 101 1046 386 280 685 104 808 669 599 486 224 181 98 675 514 932 624 816 756 885 1020 757 1006 409 576 662 899 878 36 826 1066 119 970 813 1069 116 360 730 256 220 781 743 199 314 561 686 538 299 735 117 167 737 835 895 224 1030 787 596 633 613 606 879 623 841 434 654 290 606 675 639 834 712 704 531
409 588 354 767 48 608 515 252 484 592 790 128 831 554 484 132 895 87 413 83 527 847 493 707 0 549 664 709 855 218 859 331 165 360 679 331 589 793 941 621 251 532 636 671 486 644 895 374 319 273 510 708 576 78 423 135 256 635 794 559 716 727 139 475 850 752 574 813 486 693 332 214 254 774 447 278 296 500 273 476 527 805 574 770 280 289 385 610 781 144 689 377 608 482 512 735 600 558 433 764 387 343 461 617 295 600 288 449 633 386 271 509 320 494 369 307 260 789 382 117 559 350 443 83 358 642 512 656 741 123 613 553 354 298 389 746 528 392 581 201 603 107 735 119 377 757 576 798 795 273 482 285 273 318 525 441 264 624 496 287 69 543 465 678 259 602 613 547 248 531 777 349 484 537 504 697 571 564 444 181 934 797 758 125 791 747 127 240 248 658 524 184 259 885 219 123 377 225 711 429 265 425 659 109 880 802 415 927 394
527 440 195 484 510 61 671 580 585 632 270 606 319 497 666 450 440 476 504 471 573 315 396 425 549 0 542 507 377 440 374 679 698 540 131 667 166 493 421 193 304 448 246 155 210 279 427 645 500 593 364 299 448 562 635 549 566 141 359 37 386 480 688 285 305 342 91 264 655 536 546 603 612 366 274 476 532 222 795 518 489 260 507 319 774 501 514 94 240 688 353 501 226 236 181 314 115 528 477 216 477 265 216 120 293 445 634 192 543 162 596 472 228 115 196 695 558 301 521 451 299 502 597 581 723 558 187 401 202 668 307 37 624 487 503 521 678 500 144 411 360 612 275 500 173 303 250 462 308 539 554 313 779 418 485 684 446 599 56 281 546 496 495 389 528 676 310 578 518 707 541 313 324 500 262 359 321 234 195 368 405 253 259 501 424 574 502 549 626 221 659 523 614 350 349 426 532 615 417 584 348 273 197 459 349 425 329 406 179
925 942 506 192 617 547 1071 469 243 1085 764 787 811 973 1052 538 960 583 911 641 186 779 187 185 664 542 0 91 891 446 884 495 710 905 568 480 707 220 886 735 509 927 333 488 340 300 942 977 358 461 852 841 945 732 354 766 859 457 388 510 927 144 763 276 729 345 633 643 1047 41 370 525 882 346 301 390 863 325 746 953 956 612 91 405 689 388 298 630 585 789 893 889 765 732 362 854 454 118 235 611 877 403 701 659 644 950 916 377 1038 531 886 155 536 434 590 538 446 819 906 658 242 328 989 623 524 42 355 930 559 720 839 507 953 833 289 125 1083 284 409 697 186 771 808 546 548 405 296 262 824 422 981 660 712 791 952 1038 778 1075 510 613 607 968 931 199 836 1118 245 1028 822 1101 149 357 808 130 285 900 840 310 377 556 856 702 476 723 297 87 725 838 885 382 1069 783 493 801 630 588 911 527 955 300 684 318 737 661 806 966 776 871 600
934 928 505 101 661 503 1083 535 325 1085 708 828 754 966 1065 579 907 624 918 677 271 718 216 104 709 507 91 0 837 491 828 572 771 920 514 556 674 129 822 700 527 919 276 431 322 241 887 999 419 530 840 801 932 772 436 800 885 404 305 472 894 54 817 273 662 265 598 575 1059 52 438 590 912 263 302 445 882 305 816 955 950 543 163 326 761 448 365 589 517 840 860 899 733 715 336 812 408 197 296 547 884 415 686 619 651 935 945 365 1026 524 913 215 540 409 585 614 510 767 917 689 215 392 1000 676 604 133 330 905 496 777 812 470 975 849 354 39 1093 349 366 717 150 815 763 594 542 329 256 172 772 486 985 668 783 801 947 1057 794 1069 484 620 657 962 933 129 858 1121 197 1028 845 1114 69 378 796 200 269 867 818 273 367 582 790 640 404 755 209 67 757 863 917 322 1078 811 562 737 647 621 923 593 924 379 695 323 696 693 742 925 771 807 591
644 424 542 783 828 350 743 943 962 642 129 869 90 512 755 787 70 802 619 772 947 146 767 738 855 377 891 837 0 800 15 1046 1018 687 323 1035 266 780 129 234 644 479 561 406 582 595 50 795 873 959 423 162 443 842 1012 806 769 434 585 398 233 797 986 657 217 600 304 294 741 876 920 958 819 616 650 846 715 591 1123 592 524 327 872 546 1114 872 891 284 343 975 230 638 250 380 549 135 438 897 854 301 609 636 396 262 560 418 826 569 502 500 793 844 558 491 492 1057 923 75 655 740 654 878 699 908 1089 914 555 318 350 978 282 403 781 672 880 839 743 877 484 670 705 886 119 840 499 536 596 735 69 907 626 572 1115 604 522 803 657 578 429 568 873 520 576 708 729 692 646 609 725 778 851 687 419 870 630 227 336 584 572 693 154 209 456 768 687 904 768 759 838 514 721 761 976 157 635 743 669 971 274 961 598 650 199 749 146 171 479 126 467
539 646 258 554 171 491 672 142 286 719 709 342 755 641 646 94 854 138 532 203 321 756 276 496 218 440 446 491 800 0 801 247 298 504 556 237 539 581 861 574 165 606 454 525 309 453 847 553 120 159 554 678 640 287 260 326 431 484 608 437 719 512 330 277 742 562 497 687 644 475 153 163 446 582 253 74 450 318 375 588 617 671 356 590 341 97 181 524 644 350 687 502 578 477 342 702 453 342 217 639 500 180 447 540 304 657 481 284 718 301 455 291 248 351 321 256 125 727 515 229 358 147 592 190 289 424 340 682 605 292 613 431 530 431 181 528 685 184 423 293 394 325 685 103 303 578 387 591 734 114 606 309 352 413 614 618 380 731 384 278 166 633 571 470 417 740 414 665 403 696 559 156 516 319 311 696 586 379 279 155 846 693 596 288 589 528 291 411 446 485 675 353 175 791 249 158 515 175 728 241 315 234 602 229 790 792 457 846 345
655 437 542 773 832 345 755 943 958 656 120 876 78 525 767 790 81 805 630 776 943 132 762 729 859 374 884 828 15 801 0 1046 1022 697 315 1034 270 770 114 238 646 491 552 397 578 587 59 805 872 959 434 172 456 847 1010 813 778 426 574 394 247 788 992 653 203 589 303 282 753 868 919 959 828 605 647 845 724 586 1127 604 536 314 866 535 1116 871 889 282 331 981 243 649 257 387 544 146 431 891 850 290 619 635 402 262 565 432 836 566 516 501 802 839 560 488 495 1058 924 73 666 745 647 876 711 912 1089 907 550 331 339 983 292 399 791 681 878 830 756 874 477 676 697 892 124 842 501 525 590 725 67 907 639 578 1118 612 534 815 665 592 427 572 876 532 587 699 738 706 638 622 734 791 841 686 428 864 625 240 346 578 569 696 138 197 445 774 676 895 774 767 847 506 734 768 976 142 640 747 679 972 289 959 604 647 202 754 130 187 487 111 470
733 877 505 661 311 726 846 105 254 917 950 448 997 861 816 291 1100 307 732 376 311 994 399 618 331 679 495 572 1046 247 1046 0 267 687 786 15 786 691 1101 821 411 830 640 742 516 629 1093 705 190 87 788 925 869 408 146 467 588 701 779 671 964 612 348 460 974 729 742 911 817 535 149 118 583 744 447 203 625 519 263 794 835 892 409 771 201 179 215 766 864 384 932 698 824 721 553 949 674 377 286 864 703 413 692 784 540 888 617 504 939 547 603 361 495 579 568 46 122 972 706 414 525 202 773 250 43 457 549 922 825 304 858 665 685 620 228 611 859 233 636 497 534 420 931 248 550 762 571 717 979 139 805 541 226 623 832 772 577 942 623 517 265 851 779 605 588 930 575 868 576 863 640 371 753 372 497 941 828 569 499 385 1083 927 797 450 731 581 453 571 575 681 855 514 78 1028 475 360 703 106 971 194 539 434 848 410 1027 1039 690 1086 592
551 747 502 843 190 756 634 242 491 729 949 222 991 707 601 250 1059 221 559 247 544 1003 564 789 165 698 710 771 1018 298 1022 267 0 497 825 275 751 872 1100 783 394 690 751 807 604 752 1058 482 352 255 673 872 735 208 401 267 381 769 906 704 881 799 86 576 1003 861 732 959 606 745 342 186 360 880 552 326 433 614 109 623 680 948 618 887 130 322 411 766 923 124 854 522 772 647 634 899 736 593 475 910 537 465 626 775 459 760 389 573 785 538 386 557 472 629 528 227 264 951 524 282 657 381 573 117 275 679 633 819 883 53 778 698 467 445 420 809 648 425 711 365 690 192 898 205 531 875 685 886 957 287 623 449 115 476 678 547 419 769 643 449 152 696 614 766 396 731 712 688 388 644 840 453 648 579 610 862 735 677 568 331 1092 950 887 278 887 796 280 370 346 780 648 324 226 1041 383 276 517 188 875 429 430 531 820 274 1037 967 578 1086 553
57 297 423 944 376 595 168 597 790 233 677 277 702 229 146 416 701 386 75 314 819 740 718 878 360 540 905 920 687 504 697 687 497 0 658 686 470 963 803 488 396 231 741 695 614 764 710 110 624 618 264 525 279 292 757 230 119 674 885 570 480 918 424 647 774 857 505 774 142 923 653 568 158 881 618 579 64 632 600 133 203 782 828 849 626 599 684 546 768 394 467 48 452 334 618 551 642 824 707 733 77 505 338 534 273 308 150 568 301 419 127 764 384 561 360 667 597 643 34 279 719 651 87 443 717 896 623 398 735 444 405 566 94 73 683 949 180 685 649 213 780 306 581 446 400 833 705 950 648 601 126 254 612 124 203 145 127 273 514 302 423 217 133 843 101 242 762 191 111 195 978 548 270 797 658 473 351 688 565 357 812 722 798 237 924 974 234 126 178 738 171 176 611 777 275 346 22 581 457 745 225 597 532 281 769 572 223 794 368
640 515 324 465 639 70 779 691 659 725 196 737 243 585 777 575 393 604 616 601 638 219 457 417 679 131 568 514 323 556 315 786 825 658 0 773 220 466 329 229 431 537 237 84 280 272 373 767 600 702 454 306 528 694 725 680 694 111 290 120 412 475 818 352 188 291 158 134 765 553 646 719 740 311 352 582 657 284 919 622 582 129 554 248 895 606 603 121 110 819 383 617 273 335 243 310 121 581 555 85 591 376 322 146 424 518 761 282 619 293 723 533 359 207 326 806 667 253 637 583 334 597 709 708 830 592 248 452 76 797 361 127 746 611 591 518 785 587 167 542 382 744 255 624 305 234 276 425 258 647 659 443 902 540 578 801 572 682 182 412 673 586 599 385 654 772 323 674 645 815 531 415 420 556 320 387 392 265 286 498 304 144 166 633 380 581 633 677 755 192 764 654 725 248 481 556 649 731 451 669 478 358 205 591 250 422 440 313 308
730 871 494 645 309 713 845 97 240 915 938 450 985 856 815 286 1089 303 729 373 297 981 384 603 331 667 480 556 1035 237 1034 15 275 686 773 0 776 675 1088 810 401 825 625 728 502 614 1082 706 175 77 782 915 863 409 133 467 588 687 763 658 955 596 354 445 961 714 731 897 817 520 134 117 584 729 432 190 624 504 275 790 830 878 393 756 214 166 199 754 850 390 923 695 815 712 538 939 660 362 270 851 700 401 683 772 533 882 619 491 934 536 603 346 485 566 558 59 111 961 704 411 509 187 771 251 57 443 535 915 811 310 849 652 686 618 212 596 859 218 622 493 519 423 920 243 540 747 556 701 967 127 802 535 239 619 828 773 574 938 611 509 264 846 776 589 587 928 560 865 575 863 624 358 746 356 482 932 820 554 486 378 1071 914 782 449 715 566 452 571 577 667 854 513 74 1015 468 355 701 106 963 179 533 420 837 407 1015 1029 683 1073 583
442 295 281 648 561 185 571 682 730 507 212 612 246 366 573 521 314 535 417 506 725 274 552 590 589 166 707 674 266 539 270 786 751 470 220 776 0 655 355 34 379 320 410 289 370 444 310 581 622 699 238 142 307 580 766 550 531 291 503 202 219 646 723 442 303 495 76 311 560 703 668 694 580 517 427 590 483 384 857 412 365 325 668 461 847 617 648 100 318 713 186 425 59 136 344 164 274 686 621 276 396 387 140 74 296 297 594 343 398 239 558 628 293 274 225 795 664 200 444 476 465 630 508 642 829 721 351 238 293 713 145 203 563 438 638 687 575 636 310 410 526 627 147 574 236 446 417 622 206 649 449 310 848 366 361 606 411 462 199 302 606 368 391 555 490 555 477 458 484 608 707 442 210 657 424 193 171 401 345 426 354 251 385 509 581 741 508 517 598 378 554 510 714 312 370 476 457 707 250 720 339 421 70 485 305 266 247 343 200
970 930 540 29 745 473 1119 645 451 1107 650 905 693 979 1106 661 851 706 951 750 398 649 308 87 793 493 220 129 780 581 770 691 872 963 466 675 655 0 748 676 585 931 246 382 348 213 829 1051 526 641 848 769 937 850 560 871 943 366 207 455 869 80 911 325 588 181 579 499 1098 180 551 697 975 168 355 546 933 330 926 981 967 466 287 239 874 552 479 561 443 931 837 936 715 720 348 775 381 323 408 480 919 471 694 591 690 936 1006 395 1032 549 972 329 579 415 611 731 619 716 956 757 246 501 1039 770 725 263 343 893 430 872 799 455 1027 895 467 98 1129 461 348 772 191 895 721 684 568 247 260 51 720 593 1014 709 894 840 963 1105 842 1083 483 661 747 977 958 120 913 1146 201 1050 900 1153 87 447 806 321 306 843 814 278 398 648 712 574 327 823 99 167 824 922 982 278 1112 874 673 663 699 694 963 702 904 501 739 378 664 762 670 888 792 733 612
764 551 606 755 909 378 868 1001 988 771 152 967 109 638 879 860 166 880 739 858 967 110 786 719 941 421 886 822 129 861 114 1101 1100 803 329 1088 355 748 0 327 713 604 554 400 608 586 139 913 920 1015 543 281 569 935 1051 905 879 436 543 431 361 777 1076 681 160 567 369 248 865 866 966 1022 928 579 679 898 827 613 1203 715 649 281 881 508 1187 923 929 337 306 1068 357 755 355 483 571 257 450 909 884 275 726 687 493 325 651 546 939 604 631 567 904 862 630 526 571 1117 980 160 773 830 661 920 822 987 1145 914 577 446 327 1064 402 437 898 783 917 818 869 913 496 766 704 982 222 912 570 501 602 699 155 961 750 665 1191 713 647 925 762 706 478 653 951 646 698 693 838 820 643 736 833 904 825 733 533 884 649 354 455 592 608 770 38 186 421 864 650 887 864 867 947 504 847 864 1035 85 723 824 787 1035 403 996 694 683 285 838 80 298 588 15 546
456 291 316 670 594 203 579 717 763 509 190 640 219 367 583 554 280 568 430 538 757 253 584 614 621 193 735 700 234 574 238 821 783 488 229 810 34 676 327 0 413 323 432 303 400 466 276 598 656 733 244 109 305 610 800 578 553 310 516 227 194 670 753 473 288 511 102 306 571 729 702 728 603 533 459 625 504 413 889 421 369 323 698 475 880 651 682 114 319 743 161 441 45 157 373 129 296 717 654 275 412 421 166 85 327 292 615 374 393 274 580 659 327 304 259 829 698 169 460 507 493 664 520 674 864 750 380 223 298 744 133 229 581 459 672 712 583 670 334 439 553 656 114 607 270 460 443 641 175 684 458 340 881 388 365 620 436 460 230 333 639 371 400 578 513 557 502 462 507 616 730 476 221 688 454 167 169 427 376 459 329 239 395 537 598 767 537 541 621 398 562 536 748 290 401 509 473 742 228 754 368 453 44 516 282 234 266 316 233
418 488 108 562 209 361 563 305 416 587 561 334 606 494 543 146 694 173 406 181 435 613 321 498 251 304 509 527 644 165 646 411 394 396 431 401 379 585 713 413 0 454 396 420 248 408 689 472 269 323 396 515 484 282 416 290 359 384 553 310 554 531 390 260 609 514 345 565 538 527 310 314 390 537 230 228 355 264 491 455 472 556 431 526 473 254 315 376 531 394 522 381 414 312 268 540 349 431 321 516 373 113 282 388 150 499 421 206 568 146 388 370 86 243 157 416 290 572 398 177 339 287 480 277 453 500 269 518 491 366 448 304 447 324 310 558 575 310 332 190 395 332 526 198 144 511 342 580 579 279 479 160 477 285 468 530 269 590 249 120 242 486 435 465 331 616 389 531 318 592 588 151 356 402 279 530 422 328 201 71 702 556 508 240 565 579 242 337 398 412 562 289 336 650 121 128 402 328 563 385 177 207 444 183 647 628 301 699 181
178 65 422 917 531 490 264 729 871 187 498 485 512 48 275 539 482 525 156 463 886 559 746 854 532 448 927 919 479 606 491 830 690 231 537 825 320 931 604 323 454 0 688 597 596 718 495 328 720 750 84 323 47 482 866 427 341 589 807 485 257 904 628 651 606 790 381 628 261 935 759 715 387 814 626 677 281 614 798 113 46 644 865 767 813 702 770 416 638 604 249 187 278 212 586 346 563 871 772 596 162 533 237 394 304 76 382 554 113 396 356 809 398 516 337 820 721 449 197 423 704 741 222 611 867 929 592 170 612 639 204 484 319 251 765 941 266 764 586 336 769 511 388 583 379 751 673 906 453 717 147 296 803 214 43 326 270 151 447 334 582 48 102 817 309 234 734 139 312 300 965 589 125 842 649 254 155 655 552 451 618 560 698 411 871 981 409 340 407 669 244 371 751 593 358 470 210 729 228 839 292 610 363 429 583 346 154 597 328
741 685 323 238 589 230 890 562 461 867 432 730 479 736 879 509 630 550 721 576 428 446 255 182 636 246 333 276 561 454 552 640 751 741 237 625 410 246 554 432 396 688 0 155 149 35 611 837 451 567 604 528 692 678 547 685 738 128 158 209 625 240 770 181 397 118 333 314 870 315 491 604 776 142 201 450 719 137 828 745 725 285 331 136 789 467 432 318 256 781 593 709 469 476 128 537 136 362 370 279 689 293 451 348 469 690 805 189 787 321 768 325 365 180 381 670 536 490 730 573 120 438 811 637 681 360 126 647 228 738 553 209 814 678 419 283 898 414 102 568 150 727 487 547 340 124 69 217 496 511 779 490 802 616 722 886 628 840 240 445 607 734 722 149 704 908 89 811 692 924 299 298 563 341 144 599 567 74 194 466 524 368 161 635 185 344 637 718 787 50 881 677 596 469 495 521 739 613 659 486 523 220 423 580 473 651 554 538 377
683 581 320 380 628 107 826 652 596 783 277 743 323 645 821 557 476 591 660 598 570 292 390 332 671 155 488 431 406 525 397 742 807 695 84 728 289 382 400 303 420 597 155 0 227 189 456 800 553 662 512 388 592 696 669 689 717 41 213 125 492 391 810 291 248 209 217 171 811 471 597 686 761 230 298 541 686 226 896 672 639 149 480 172 866 563 549 189 121 814 461 656 346 387 189 393 71 509 495 129 632 345 369 218 442 585 785 241 685 298 747 465 359 178 344 766 628 337 677 585 261 547 753 690 786 514 193 526 83 785 433 130 778 641 536 434 833 532 106 556 303 746 339 603 313 157 202 342 342 605 709 462 876 573 635 840 598 745 187 425 656 645 650 302 679 828 243 730 669 863 447 374 475 485 256 466 458 194 246 490 372 214 103 640 297 498 641 699 775 108 814 669 687 316 489 548 688 697 529 611 497 308 285 593 320 506 485 384 330
621 606 191 330 440 233 771 429 381 764 466 581 515 643 757 360 648 400 603 427 365 498 185 265 486 210 340 322 582 309 578 516 604 614 280 502 370 348 608 400 248 596 149 227 0 160 633 704 326 437 517 508 609 529 445 539 599 185 308 184 589 309 620 74 467 266 299 397 749 341 370 466 635 289 72 316 585 18 684 636 628 376 298 284 649 337 324 303 348 631 555 588 427 394 37 524 161 318 275 352 571 143 364 330 341 613 664 46 704 203 629 262 230 96 265 541 403 507 607 426 108 320 690 489 559 351 33 590 310 589 499 180 680 547 311 345 781 307 120 428 173 577 485 399 222 271 93 336 513 380 668 360 661 491 624 757 494 747 171 312 458 639 614 229 567 802 147 707 554 804 371 153 474 289 55 562 500 79 49 318 585 425 286 489 317 386 491 578 644 176 765 535 463 528 355 371 614 476 615 388 391 81 408 432 530 634 450 592 269
766 716 343 204 596 265 915 555 439 896 467 741 513 766 903 514 665 557 746 587 404 479 237 147 644 279 300 241 595 453 587 629 752 764 272 614 444 213 586 466 408 718 35 189 160 0 646 858 441 559 635 564 723 688 529 699 756 163 154 242 660 205 774 176 429 109 367 344 895 281 479 600 793 130 200 444 739 144 825 773 755 314 303 142 784 459 418 353 286 787 628 734 503 507 146 573 170 336 353 311 714 301 481 383 491 722 822 203 819 345 787 302 384 205 405 661 529 525 754 586 104 426 836 640 669 329 142 681 259 741 586 242 834 699 404 247 924 399 134 585 120 737 522 550 364 133 67 188 531 504 806 511 799 639 751 908 648 870 270 465 610 764 750 114 723 936 60 840 711 949 264 299 593 316 142 634 600 80 208 478 556 402 184 649 160 309 651 736 803 82 907 694 589 501 512 531 762 608 694 468 544 220 458 592 506 686 582 571 403
666 437 588 832 869 401 756 989 1012 650 179 904 136 524 770 831 26 844 641 812 998 187 818 788 895 427 942 887 50 847 59 1093 1058 710 373 1082 310 829 139 276 689 495 611 456 633 646 0 817 922 1005 446 191 456 878 1061 840 798 485 632 448 241 847 1024 708 257 648 351 339 756 927 968 1003 848 663 701 894 742 642 1165 609 539 372 923 594 1156 920 940 333 389 1012 246 662 286 415 599 163 489 948 904 349 633 685 433 311 599 430 853 619 507 546 821 895 603 541 535 1103 970 125 678 779 705 927 717 950 1136 965 606 328 398 1017 306 453 804 700 930 889 755 927 535 706 755 922 162 884 544 584 647 784 119 954 643 610 1157 634 537 822 688 583 479 609 915 533 595 758 758 699 697 621 755 790 900 736 446 921 681 240 360 635 622 736 173 256 504 804 735 954 803 789 867 564 734 794 1022 191 675 785 692 1017 279 1011 635 700 244 788 180 164 509 143 510
