62
0 555 758 943 743 411 368 632 650 92 197 649 181 70 272 831 398 641 443 350 347 567 705 679 225 428 123 277 573 660 561 180 716 338 703 78 936 54 945 82 897 363 519 454 390 614 686 190 299 442 855 502 367 453 345 509 477 614 195 491 691 769
555 0 484 394 195 823 575 140 693 643 418 98 551 485 543 511 323 241 616 429 672 118 206 277 659 512 558 279 111 433 131 617 506 218 216 491 742 603 392 485 358 326 283 591 386 274 679 428 452 142 307 167 223 549 587 321 291 658 491 148 237 618
758 484 0 675 447 773 966 360 380 808 561 459 860 707 900 82 756 721 474 836 619 365 342 752 705 392 677 557 373 98 354 691 77 524 321 739 259 811 642 732 463 397 259 1011 369 758 329 568 834 580 627 641 449 399 966 791 755 367 816 374 701 173
943 394 675 0 252 1211 877 385 1000 1033 812 313 909 873 877 651 627 374 976 739 1055 438 353 361 1053 868 952 671 427 680 451 1011 734 612 371 874 911 988 43 868 230 703 605 859 751 430 968 822 780 503 88 462 614 901 899 557 556 972 848 512 307 847
743 195 447 252 0 970 763 134 750 828 588 97 746 673 737 442 506 335 725 617 812 193 106 352 822 618 731 465 184 436 205 784 497 405 127 683 699 793 232 676 162 461 353 770 504 388 720 598 644 336 185 336 387 649 777 479 459 721 687 272 290 612
411 823 773 1211 970 0 777 837 471 350 417 897 589 449 682 855 784 985 299 757 161 777 894 1027 191 387 312 577 786 685 765 241 702 625 883 481 839 418 1200 482 1094 509 638 865 472 973 531 408 709 762 1127 840 600 374 752 892 854 454 606 700 1021 691
368 575 966 877 763 777 0 705 972 430 479 668 188 353 96 1023 257 506 783 146 712 655 778 529 594 737 486 412 654 880 657 549 950 443 785 313 1193 359 896 315 924 593 707 88 651 454 995 479 132 433 796 430 517 770 32 323 321 933 184 608 573 1032
632 140 360 385 134 837 705 0 625 712 464 99 659 564 664 378 458 363 591 560 678 65 75 392 693 483 608 358 59 327 74 657 395 300 80 578 619 684 367 572 268 328 220 726 369 404 600 474 578 273 311 307 267 515 714 461 431 595 602 144 340 510
650 693 380 1000 750 471 972 625 0 656 493 719 811 632 883 453 844 925 213 881 359 591 647 965 491 234 531 593 602 330 576 505 302 600 629 672 370 692 974 668 816 412 413 1042 342 941 62 493 855 719 934 801 528 201 959 921 879 39 791 545 930 241
92 643 808 1033 828 350 430 712 656 0 258 736 242 161 336 885 488 733 444 433 322 647 785 772 183 452 133 364 654 710 640 153 760 424 781 170 968 71 1034 174 979 424 582 518 439 706 699 249 380 534 945 595 445 470 403 600 568 623 272 570 784 801
197 418 561 812 588 417 479 464 493 258 0 502 323 150 390 634 389 568 309 398 285 399 534 610 241 259 144 159 407 463 390 198 521 208 528 187 747 251 807 182 732 167 325 551 196 558 518 10 366 344 725 423 200 291 466 489 449 454 298 320 604 580
649 98 459 313 97 897 668 99 719 736 502 0 649 579 640 471 412 272 669 521 741 130 134 298 741 562 645 372 119 427 145 700 495 311 150 587 717 698 305 581 260 390 308 678 441 318 696 513 547 238 231 245 303 596 681 394 370 687 589 198 243 610
181 551 860 909 746 589 188 659 811 242 323 649 0 179 93 926 296 564 612 209 528 599 735 597 406 580 302 312 602 767 598 362 831 363 738 138 1066 171 919 142 908 466 604 276 513 524 840 321 154 414 822 447 422 610 163 400 379 773 61 535 624 900
70 485 707 873 673 449 353 564 632 161 150 579 179 0 258 778 341 575 433 308 361 499 638 614 258 402 139 207 505 611 494 208 670 268 636 40 898 119 875 38 828 309 461 434 346 550 662 146 262 373 785 435 301 431 334 452 417 594 169 424 624 731
272 543 900 877 737 682 96 664 883 336 390 640 93 258 0 960 250 517 690 144 616 609 739 546 498 649 390 343 610 810 610 452 878 383 745 218 1118 265 892 220 900 515 641 182 570 471 908 390 97 401 792 417 452 681 76 341 328 845 92 554 581 955
831 511 82 651 442 855 1023 378 453 885 634 471 926 778 960 0 802 741 556 889 702 396 343 769 786 474 754 618 402 177 387 771 155 580 323 808 259 885 615 802 429 468 321 1062 446 782 398 641 890 621 613 675 508 481 1024 828 793 443 880 419 714 227
398 323 756 627 506 784 257 458 844 488 389 412 296 341 250 802 0 268 690 112 672 415 528 300 593 615 472 251 413 680 420 543 754 249 537 319 1000 424 643 316 667 433 505 268 502 227 852 395 153 185 543 172 326 653 275 111 82 805 238 383 331 851
641 241 721 374 335 985 506 363 925 733 568 272 564 575 517 741 268 0 823 374 849 359 406 42 803 726 687 409 350 674 372 755 747 365 423 564 980 676 397 559 472 531 521 485 598 58 915 577 421 225 298 145 413 764 530 184 189 889 505 382 66 859
443 616 474 976 725 299 783 591 213 444 309 669 612 433 690 556 690 823 0 708 156 539 636 864 279 107 322 441 550 389 525 292 403 465 621 474 555 483 958 471 829 292 374 859 230 827 260 307 675 600 898 685 409 80 767 781 740 182 599 472 842 398
350 429 836 739 617 757 146 560 881 433 398 521 209 308 144 889 112 374 708 0 664 512 633 402 566 647 447 295 511 754 516 517 826 313 641 276 1072 363 755 275 778 481 579 174 546 327 897 401 55 287 655 285 391 683 162 197 185 842 162 470 439 916
347 672 619 1055 812 161 712 678 359 322 285 741 528 361 616 702 672 849 156 664 0 619 733 891 140 229 226 443 628 528 606 171 552 484 722 400 711 375 1042 398 933 351 476 795 311 843 412 278 622 623 972 705 450 221 691 774 734 333 530 543 880 554
567 118 365 438 193 777 655 65 591 647 399 130 599 499 609 396 415 359 539 512 619 0 138 393 630 432 543 295 10 315 14 593 387 238 138 515 623 619 423 508 333 268 178 682 313 393 571 409 525 230 359 278 201 466 662 431 398 558 543 79 348 500
705 206 342 353 106 894 778 75 647 785 534 134 735 638 739 343 528 406 636 633 733 138 0 430 758 528 678 434 134 329 144 724 390 376 20 653 596 758 328 647 201 390 261 796 422 453 615 544 652 345 291 370 339 558 788 523 496 619 678 215 372 505
679 277 752 361 352 1027 529 392 965 772 610 298 597 614 546 769 300 42 864 402 891 393 430 0 844 767 727 450 384 708 406 796 781 407 448 602 1012 713 388 597 480 572 559 501 640 75 953 619 450 268 291 187 455 806 554 207 219 928 538 421 63 894
225 659 705 1053 822 191 594 693 491 183 241 741 406 258 498 786 593 803 279 566 140 630 758 844 0 318 121 397 638 609 619 49 645 449 750 291 828 243 1046 291 959 369 518 680 353 787 540 232 519 583 966 658 438 325 570 702 664 462 418 550 843 665
428 512 392 868 618 387 737 483 234 452 259 562 580 402 649 474 615 726 107 647 229 432 528 767 318 0 319 364 443 300 418 313 328 378 514 442 517 476 850 437 722 195 266 807 127 734 260 260 620 508 791 592 314 38 725 699 657 196 557 367 742 350
123 558 677 952 731 312 486 608 531 133 144 645 302 139 390 754 472 687 322 447 226 543 678 727 121 319 0 285 551 578 535 71 627 342 672 175 835 161 949 174 876 301 458 569 308 669 571 134 401 470 865 542 344 339 464 581 544 497 305 464 729 668
277 279 557 671 465 577 412 358 593 364 159 372 312 207 343 618 251 409 441 295 443 295 434 450 397 364 285 0 299 468 291 350 538 60 433 220 781 327 670 213 621 187 297 466 253 400 605 168 282 185 583 263 110 401 409 340 298 554 262 225 446 622
573 111 373 427 184 786 654 59 602 654 407 119 602 505 610 402 413 350 550 511 628 10 134 384 638 443 551 299 0 324 25 601 396 242 135 519 631 625 414 513 326 277 189 680 323 385 582 417 525 227 348 273 208 477 662 426 394 569 545 88 338 509
660 433 98 680 436 685 880 327 330 710 463 427 767 611 810 177 680 674 389 754 528 315 329 708 609 300 578 468 324 0 302 594 74 440 310 643 320 714 651 637 486 302 175 928 271 705 289 470 749 512 621 579 363 311 878 725 687 309 725 305 662 185
561 131 354 451 205 765 657 74 576 640 390 145 598 494 610 387 420 372 525 516 606 14 144 406 619 418 535 291 25 302 0 583 375 235 142 510 612 613 436 504 341 255 163 686 300 404 557 400 527 236 373 287 194 452 664 440 406 543 542 70 362 487
180 617 691 1011 784 241 549 657 505 153 198 700 362 208 452 771 543 755 292 517 171 593 724 796 49 313 71 350 601 594 583 0 635 404 716 242 829 204 1005 242 924 337 491 634 330 739 550 188 470 536 924 610 397 326 526 652 615 473 371 513 796 664
716 506 77 734 497 702 950 395 302 760 521 495 831 670 878 155 754 747 403 826 552 387 390 781 645 328 627 538 396 74 375 635 0 512 370 704 246 769 703 698 530 365 249 1000 325 779 252 526 819 586 680 654 435 331 947 800 761 290 791 380 733 115
338 218 524 612 405 625 443 300 600 424 208 311 363 268 383 580 249 365 465 313 484 238 376 407 449 378 342 60 242 440 235 404 512 0 377 279 758 387 610 272 561 187 265 487 257 363 605 218 310 139 524 222 78 417 444 321 280 561 309 173 396 604
703 216 321 371 127 883 785 80 629 781 528 150 738 636 745 323 537 423 621 641 722 138 20 448 750 514 672 433 135 310 142 716 370 377 0 653 576 756 346 646 211 381 248 806 411 469 596 538 658 353 311 382 336 543 795 535 508 601 681 211 391 485
78 491 739 874 683 481 313 578 672 170 187 587 138 40 218 808 319 564 474 276 400 515 653 602 291 442 175 220 519 643 510 242 704 279 653 0 934 114 878 6 840 341 489 395 381 535 702 184 228 371 786 427 320 471 294 431 398 635 130 442 615 768
936 742 259 911 699 839 1193 619 370 968 747 717 1066 898 1118 259 1000 980 555 1072 711 623 596 1012 828 517 835 781 631 320 612 829 246 758 576 934 0 987 873 928 686 602 495 1245 552 1016 308 751 1063 831 872 896 680 504 1188 1044 1006 384 1029 624 960 167
54 603 811 988 793 418 359 684 692 71 251 698 171 119 265 885 424 676 483 363 375 619 758 713 243 476 161 327 625 714 613 204 769 387 756 114 987 0 991 120 948 417 573 447 444 645 731 243 310 485 900 541 420 498 333 535 505 657 201 544 729 819
945 392 642 43 232 1200 896 367 974 1034 807 305 919 875 892 615 643 397 958 755 1042 423 328 388 1046 850 949 670 414 651 436 1005 703 610 346 878 873 991 0 872 189 691 585 881 736 455 940 817 794 509 100 475 608 882 917 579 575 947 858 500 331 814
82 485 732 868 676 482 315 572 668 174 182 581 142 38 220 802 316 559 471 275 398 508 647 597 291 437 174 213 513 637 504 242 698 272 646 6 928 120 872 0 834 335 483 396 376 531 698 179 227 365 780 422 314 467 296 427 394 631 131 436 610 762
897 358 463 230 162 1094 924 268 816 979 732 260 908 828 900 429 667 472 829 778 933 333 201 480 959 722 876 621 326 486 341 924 530 561 211 840 686 948 189 834 0 591 458 928 622 529 775 742 807 498 220 496 534 750 939 632 615 792 849 412 416 637
363 326 397 703 461 509 593 328 412 424 167 390 466 309 515 468 433 531 292 481 351 268 390 572 369 195 301 187 277 302 255 337 365 187 381 341 602 417 691 335 591 0 158 651 70 539 419 175 465 312 621 396 119 234 587 508 467 374 427 191 549 439
519 283 259 605 353 638 707 220 413 582 325 308 604 461 641 321 505 521 374 579 476 178 261 559 518 266 458 297 189 175 163 491 249 265 248 489 495 573 585 483 458 158 0 753 167 545 395 333 575 340 531 413 189 297 706 553 514 379 558 139 520 349
454 591 1011 859 770 865 88 726 1042 518 551 678 276 434 182 1062 268 485 859 174 795 682 796 501 680 807 569 466 680 928 686 634 1000 487 806 395 1245 447 881 396 928 651 753 0 713 429 1062 552 187 453 781 433 565 841 118 302 312 1003 264 643 552 1088
390 386 369 751 504 472 651 369 342 439 196 441 513 346 570 446 502 598 230 546 311 313 422 640 353 127 308 253 323 271 300 330 325 257 411 381 552 444 736 376 622 70 167 713 0 608 351 201 526 382 672 466 189 165 643 579 537 303 480 243 614 387
614 274 758 430 388 973 454 404 941 706 558 318 524 550 471 782 227 58 827 327 843 393 453 75 787 734 669 400 385 705 404 739 779 363 469 535 1016 645 455 531 529 539 545 429 608 0 935 566 376 226 356 142 419 773 479 131 145 904 466 406 123 889
686 679 329 968 720 531 995 600 62 699 518 696 840 662 908 398 852 915 260 897 412 571 615 953 540 260 571 605 582 289 557 550 252 605 596 702 308 731 940 698 775 419 395 1062 351 935 0 520 874 717 905 797 530 232 984 923 882 79 817 532 916 180
190 428 568 822 598 408 479 474 493 249 10 513 321 146 390 641 395 577 307 401 278 409 544 619 232 260 134 168 417 470 400 188 526 218 538 184 751 243 817 179 742 175 333 552 201 566 520 0 368 353 735 432 210 291 465 496 456 455 297 330 613 584
299 452 834 780 644 709 132 578 855 380 366 547 154 262 97 890 153 421 675 55 622 525 652 450 519 620 401 282 525 749 527 470 819 310 658 228 1063 310 794 227 807 465 575 187 526 376 874 368 0 309 695 320 385 655 136 248 232 816 108 476 484 904
442 142 580 503 336 762 433 273 719 534 344 238 414 373 401 621 185 225 600 287 623 230 345 268 583 508 470 185 227 512 236 536 586 139 353 371 831 485 509 365 498 312 340 453 382 226 717 353 309 0 415 84 193 547 444 213 175 681 353 207 260 690
855 307 627 88 185 1127 796 311 934 945 725 231 822 785 792 613 543 298 898 655 972 359 291 291 966 791 865 583 348 621 373 924 680 524 311 786 872 900 100 780 220 621 531 781 672 356 905 735 695 415 0 376 529 825 816 479 474 905 761 430 232 795
502 167 641 462 336 840 430 307 801 595 423 245 447 435 417 675 172 145 685 285 705 278 370 187 658 592 542 263 273 579 287 610 654 222 382 427 896 541 475 422 496 396 413 433 466 142 797 432 320 84 376 0 277 630 447 154 125 763 386 274 188 761
367 223 449 614 387 600 517 267 528 445 200 303 422 301 452 508 326 413 409 391 450 201 339 455 438 314 344 110 208 363 194 397 435 78 336 320 680 420 608 314 534 119 189 565 189 419 530 210 385 193 529 277 0 353 517 393 352 490 373 124 435 526
453 549 399 901 649 374 770 515 201 470 291 596 610 431 681 481 653 764 80 683 221 466 558 806 325 38 339 401 477 311 452 326 331 417 543 471 504 498 882 467 750 234 297 841 165 773 232 291 655 547 825 630 353 0 757 737 696 163 589 403 780 340
345 587 966 899 777 752 32 714 959 403 466 681 163 334 76 1024 275 530 767 162 691 662 788 554 570 725 464 409 662 878 664 526 947 444 795 294 1188 333 917 296 939 587 706 118 643 479 984 465 136 444 816 447 517 757 0 347 343 921 168 612 596 1027
509 321 791 557 479 892 323 461 921 600 489 394 400 452 341 828 111 184 781 197 774 431 523 207 702 699 581 340 426 725 440 652 800 321 535 431 1044 535 579 427 632 508 553 302 579 131 923 496 248 213 479 154 393 737 347 0 41 882 345 419 250 903
477 291 755 556 459 854 321 431 879 568 449 370 379 417 328 793 82 189 740 185 734 398 496 219 664 657 544 298 394 687 406 615 761 280 508 398 1006 505 575 394 615 467 514 312 537 145 882 456 232 175 474 125 352 696 343 41 0 841 321 382 254 864
614 658 367 972 721 454 933 595 39 623 454 687 773 594 845 443 805 889 182 842 333 558 619 928 462 196 497 554 569 309 543 473 290 561 601 635 384 657 947 631 792 374 379 1003 303 904 79 455 816 681 905 763 490 163 921 882 841 0 753 510 895 243
195 491 816 848 687 606 184 602 791 272 298 589 61 169 92 880 238 505 599 162 530 543 678 538 418 557 305 262 545 725 542 371 791 309 681 130 1029 201 858 131 849 427 558 264 480 466 817 297 108 353 761 386 373 589 168 345 321 753 0 482 564 866
491 148 374 512 272 700 608 144 545 570 320 198 535 424 554 419 383 382 472 470 543 79 215 421 550 367 464 225 88 305 70 513 380 173 211 442 624 544 500 436 412 191 139 643 243 406 532 330 476 207 430 274 124 403 612 419 382 510 482 0 385 486
691 237 701 307 290 1021 573 340 930 784 604 243 624 624 581 714 331 66 842 439 880 348 372 63 843 742 729 446 338 662 362 796 733 396 391 615 960 729 331 610 416 549 520 552 614 123 916 613 484 260 232 188 435 780 596 250 254 895 564 385 0 847
769 618 173 847 612 691 1032 510 241 801 580 610 900 731 955 227 851 859 398 916 554 500 505 894 665 350 668 622 509 185 487 664 115 604 485 768 167 819 814 762 637 439 349 1088 387 889 180 584 904 690 795 761 526 340 1027 903 864 243 866 486 847 0
