277
0 259 572 607 508 473 199 264 350 97 370 420 678 95 419 599 670 720 429 620 755 577 733 653 448 297 200 186 395 615 456 31 444 765 559 831 429 665 469 65 615 482 353 160 744 213 422 147 119 293 796 443 42 344 201 112 675 398 118 645 75 756 216 707 195 471 243 466 625 415 534 375 375 582 406 322 767 136 611 235 262 163 507 684 669 461 596 61 409 403 203 412 393 796 556 512 475 839 400 843 193 369 58 284 467 63 628 603 809 361 753 586 719 391 690 471 451 323 835 513 381 729 150 179 39 759 423 255 254 160 485 169 143 287 180 231 531 108 175 187 351 509 739 386 525 575 518 455 304 480 682 287 677 338 800 547 350 600 273 540 206 224 235 325 249 412 520 497 253 902 584 618 383 346 724 727 451 275 480 314 849 228 374 369 611 903 218 708 188 266 388 764 694 526 556 298 307 104 815 131 504 239 783 440 436 733 565 317 810 612 741 709 648 693 534 415 293 759 471 876 796 133 337 560 737 309 824 393 570 339 680 280 359 569 260 528 421 383 378 450 244 212 142 699 558 654 425 533 237 760 267 376 274 349 753 513 563 359 589 234 712 314 252 722 599 716 455 719 704 305 398 551 621 376 807 605 485
259 0 831 490 765 407 452 512 465 237 626 511 872 267 674 473 722 750 681 870 672 804 674 786 676 496 440 148 564 548 451 256 676 956 577 1003 622 792 583 293 829 660 116 409 846 378 199 351 143 533 999 210 296 111 307 280 822 633 342 726 239 841 354 868 140 662 90 325 790 674 716 621 624 769 560 83 738 140 534 460 163 384 749 642 670 710 684 309 669 601 374 202 424 749 784 583 716 775 341 1004 151 158 251 543 704 314 841 506 758 121 867 759 900 650 723 728 698 166 992 755 609 761 240 413 297 812 229 511 166 396 732 125 222 481 83 294 458 151 422 387 567 504 686 613 770 488 560 641 218 731 589 505 902 423 759 799 252 740 526 644 162 444 35 141 249 284 773 750 134 1086 782 707 628 108 748 663 693 184 378 145 1034 142 594 320 763 1094 293 881 190 9 516 853 875 535 414 67 563 345 965 386 526 376 952 563 531 888 586 523 990 804 743 902 547 634 779 495 553 687 725 1047 917 367 564 807 924 526 761 643 826 575 867 224 471 758 450 783 605 501 157 709 468 156 247 873 805 695 681 511 134 871 426 435 528 115 912 557 551 499 642 481 631 122 505 928 809 925 334 814 672 535 630 792 560 552 1008 676 744
572 831 0 1054 101 902 386 354 615 615 216 671 505 586 187 1058 862 934 217 181 1132 328 1083 678 316 455 425 731 511 1002 823 579 299 562 851 668 446 699 646 550 401 494 921 436 804 560 982 526 690 360 534 1006 536 912 624 582 652 301 508 790 608 849 584 625 743 453 807 964 577 162 495 266 250 491 548 892 1064 703 1012 425 802 480 237 1022 948 198 748 527 164 435 553 967 748 1115 317 740 245 1175 848 713 741 928 587 290 301 519 406 1029 1132 927 783 535 574 187 908 119 243 863 718 264 339 936 653 444 534 917 963 331 785 463 201 728 661 471 752 681 948 680 421 513 412 853 1080 363 245 996 790 470 821 174 1088 430 371 659 1107 148 849 633 326 690 741 441 807 875 739 912 180 154 798 676 450 758 268 912 947 1084 244 799 942 861 638 771 393 822 607 650 668 591 717 838 598 845 557 844 1038 868 277 500 725 451 813 582 645 618 669 659 849 450 631 483 997 525 1069 1051 214 688 279 1120 182 701 789 488 381 196 558 404 1160 253 84 350 531 790 622 479 488 121 473 615 940 143 435 756 641 583 223 871 182 889 788 792 543 706 312 916 660 787 897 572 812 370 1095 869 337 478 411 466 940 805 1024 368 318 270 1000 495 549 787 103
607 490 1054 0 958 151 700 851 447 513 842 414 826 530 866 27 431 411 991 1004 190 862 214 629 774 600 800 433 574 121 242 629 785 886 295 879 654 621 477 671 844 644 557 755 611 809 621 752 523 887 953 610 647 560 447 522 683 764 586 489 646 575 477 750 428 674 580 166 699 936 686 788 803 734 543 541 308 581 95 632 653 595 869 216 307 870 479 667 922 650 801 640 310 293 851 399 843 299 214 853 628 611 554 827 1056 615 853 46 295 400 648 697 816 917 398 934 1025 326 836 1092 726 422 689 629 638 495 277 822 365 764 879 463 671 583 537 764 110 538 662 793 957 239 232 985 1099 70 337 648 709 895 105 894 935 397 310 956 260 615 847 487 408 617 521 349 732 209 1075 918 382 977 771 494 788 403 399 200 830 341 126 346 935 397 978 244 654 1003 759 785 662 495 480 592 799 269 88 541 789 710 799 720 292 474 833 487 426 751 306 924 885 772 357 848 63 184 905 392 823 213 1025 914 704 739 939 937 852 651 287 964 1010 935 806 714 442 732 565 957 624 459 599 980 850 639 691 782 1124 396 969 206 624 648 510 354 757 560 777 338 229 497 388 697 155 368 734 903 819 907 159 573 251 685 750 1129 137 581 955 441 1001
508 765 101 958 0 807 312 326 517 539 138 571 421 509 95 963 761 833 234 140 1032 242 983 581 215 358 389 654 410 903 726 519 198 486 750 589 344 602 544 496 316 393 861 389 706 531 927 486 622 344 468 950 476 852 537 503 558 200 430 689 553 751 494 535 666 352 749 875 482 142 396 169 156 396 446 830 962 643 914 336 753 398 141 921 846 96 646 470 131 333 522 914 651 1013 228 638 145 1074 755 632 688 873 515 242 337 450 323 932 1030 853 687 439 489 160 807 38 273 782 635 314 238 834 606 363 472 817 881 290 704 422 102 655 613 374 688 646 852 614 345 480 415 753 979 375 300 899 689 368 778 72 990 418 304 562 1006 72 762 534 294 589 662 353 743 797 699 824 237 55 719 608 358 657 170 839 845 984 143 716 850 782 566 692 402 730 510 587 632 504 668 772 498 748 471 744 946 806 201 449 639 398 713 490 562 517 568 569 748 445 554 392 896 443 971 951 126 588 226 1020 216 626 696 443 380 119 478 307 1059 259 61 347 445 747 523 383 394 37 372 515 884 153 412 704 594 495 290 769 188 790 734 696 448 609 236 857 572 686 797 472 710 289 996 792 260 404 323 393 849 707 922 273 217 331 900 394 483 685 126
473 407 902 151 807 0 550 706 300 376 690 276 698 389 714 156 364 369 842 856 283 719 270 521 626 449 659 314 429 146 107 498 636 764 209 771 509 517 346 539 706 505 497 613 528 682 573 620 404 744 829 568 511 498 299 380 572 613 440 401 521 504 326 636 312 532 492 139 577 785 551 637 652 601 400 473 331 469 138 481 563 445 721 235 274 719 378 531 771 504 673 586 163 343 707 283 694 375 74 751 526 550 417 678 910 473 716 133 353 348 562 569 696 766 347 782 877 243 735 944 576 380 573 479 501 445 246 675 254 626 729 348 555 432 434 653 57 418 513 661 818 133 281 843 951 102 228 506 621 745 209 756 797 247 353 806 155 497 701 370 288 466 432 275 630 138 925 768 279 867 636 397 637 345 362 261 680 231 65 265 821 286 838 104 534 889 645 667 556 414 336 520 677 170 155 468 638 573 700 579 181 323 722 350 291 642 221 788 772 640 344 722 177 230 756 253 674 290 875 809 617 603 798 788 731 500 360 816 859 792 681 621 295 598 414 807 480 315 542 829 711 539 573 662 975 330 819 119 531 563 359 207 606 499 668 227 159 350 299 546 240 292 583 773 681 776 106 491 265 534 600 982 155 435 832 349 850
199 452 386 700 312 550 0 180 314 229 174 387 515 200 221 699 632 696 291 421 812 390 775 547 263 177 176 345 286 673 494 215 255 601 563 680 285 563 405 203 438 347 551 140 657 299 622 229 309 222 621 642 174 543 253 197 554 208 123 585 256 683 224 570 356 323 442 590 491 242 391 178 176 430 313 520 783 336 676 99 456 105 310 718 672 261 534 174 231 258 287 611 418 824 368 478 279 877 486 702 388 568 203 127 367 138 450 683 839 542 656 446 566 220 666 277 327 477 696 396 201 701 321 72 167 712 578 134 400 177 286 343 322 179 377 383 603 302 37 247 314 537 776 319 401 651 508 316 491 280 753 268 489 335 823 348 472 490 162 472 355 103 432 489 422 536 375 298 412 739 420 553 187 527 703 772 254 415 579 475 688 385 325 457 490 735 368 561 375 460 327 687 541 540 670 496 110 171 683 123 512 233 636 372 396 600 564 306 654 453 737 546 726 738 336 394 123 807 325 724 689 181 283 362 576 156 862 268 374 266 523 463 323 415 172 330 289 333 577 284 231 406 310 552 424 627 270 569 434 664 218 384 76 548 616 503 589 293 560 43 771 483 53 546 425 540 569 641 729 132 213 432 674 263 634 558 311
264 512 354 851 326 706 180 0 493 343 219 567 651 322 271 847 813 876 169 464 978 497 945 717 388 356 74 449 462 837 663 257 374 733 740 823 448 735 585 219 560 513 585 104 832 206 639 175 381 41 740 664 222 576 408 328 719 333 267 765 273 861 390 726 459 483 469 723 651 193 549 281 267 580 491 559 959 373 838 279 454 272 396 890 850 329 714 205 197 422 198 621 589 998 476 658 371 1049 637 852 398 585 304 98 205 237 570 839 1013 622 828 604 710 170 846 289 187 587 849 248 342 882 304 246 226 892 687 53 515 117 356 433 315 359 428 327 762 369 208 158 135 708 948 140 261 809 686 481 469 335 914 102 588 510 998 389 604 661 34 652 467 284 482 589 385 668 261 343 517 870 561 733 292 608 884 942 347 535 726 579 820 491 144 607 656 859 313 711 370 517 508 863 686 715 810 535 188 167 839 134 688 403 783 552 576 758 742 138 793 597 916 681 884 907 408 572 119 976 215 866 857 145 103 422 714 326 1034 131 383 87 664 437 503 565 353 359 459 514 599 213 85 411 292 701 294 807 179 739 444 837 396 558 183 580 771 682 762 474 740 212 936 578 187 667 553 658 708 817 904 293 344 286 840 439 754 738 253
350 465 615 447 517 300 314 493 0 272 414 74 429 258 428 456 326 385 593 556 518 422 473 321 326 162 472 317 132 386 209 382 337 506 250 541 211 329 122 407 416 219 582 426 397 552 665 478 366 534 561 674 368 577 166 240 356 318 251 295 424 406 135 405 325 238 514 399 329 519 271 349 366 325 108 549 471 434 397 220 567 226 421 413 358 425 245 385 502 204 540 667 137 515 408 167 396 571 265 538 504 622 297 434 679 310 427 417 530 486 410 305 444 504 354 496 633 376 526 701 280 391 497 247 356 412 450 449 316 454 433 345 486 149 435 580 338 372 284 511 624 237 471 633 703 385 193 212 621 450 473 571 504 56 511 509 310 274 476 191 303 211 469 405 588 358 666 473 347 629 352 267 347 475 391 472 384 312 353 388 578 329 637 248 298 642 568 422 516 475 51 414 421 233 450 531 371 415 499 395 203 111 490 98 87 423 251 608 531 364 423 457 455 439 457 80 424 508 618 585 457 441 595 489 473 213 555 576 565 579 418 605 9 318 143 512 182 35 623 563 529 524 491 415 720 316 561 274 534 416 97 93 346 580 447 189 285 50 249 292 480 411 328 497 392 497 367 370 420 250 303 736 384 135 567 256 576
97 237 615 513 539 376 229 343 272 0 402 337 643 30 445 507 583 630 498 636 657 566 635 589 439 262 287 115 343 517 359 125 439 729 465 785 391 598 394 163 594 436 348 243 669 310 427 245 103 376 768 443 134 341 111 43 616 396 109 564 159 677 139 655 127 433 257 379 574 468 491 387 392 542 346 315 670 164 513 223 299 147 512 587 574 477 516 154 458 368 300 423 298 698 546 426 480 741 303 792 233 377 41 341 549 106 606 507 711 314 683 539 677 444 599 505 526 250 782 590 371 638 227 179 125 672 352 323 174 251 498 116 215 247 179 312 434 105 194 285 443 412 641 473 601 478 427 413 351 499 586 380 665 250 702 567 261 537 345 463 128 207 226 260 316 324 588 519 183 862 551 539 393 299 632 629 457 192 387 246 810 156 465 272 554 867 301 662 244 246 316 686 652 430 467 293 339 196 758 209 409 164 735 368 355 678 471 411 768 576 647 674 552 595 543 330 345 661 538 830 728 226 426 572 699 289 726 466 600 424 641 333 280 530 217 554 378 307 382 507 336 253 223 653 630 565 487 435 268 689 205 285 304 345 700 422 466 291 501 250 615 253 279 695 574 691 365 642 607 298 392 628 523 327 777 521 537
370 626 216 842 138 690 174 219 414 402 0 477 443 372 54 845 694 764 205 258 932 280 887 549 184 251 269 517 329 798 617 382 168 522 660 617 284 569 466 360 346 344 723 260 672 412 790 359 483 247 523 812 339 714 408 367 539 138 293 631 417 710 368 534 529 307 611 748 466 110 367 82 62 386 365 692 878 505 806 210 618 264 177 827 762 110 584 334 91 264 402 777 541 925 259 556 153 983 634 650 552 736 377 122 309 312 356 819 942 715 660 419 506 103 736 103 250 647 649 312 164 767 474 228 335 761 747 172 569 295 137 517 479 265 550 520 739 475 207 359 335 651 885 310 307 787 600 315 646 120 882 320 369 452 920 182 632 496 185 522 526 226 605 661 570 696 259 133 583 656 359 598 92 701 774 886 131 582 728 646 608 556 331 607 481 643 506 512 534 633 406 709 483 647 823 668 63 316 645 264 616 368 580 435 479 567 658 353 585 395 819 471 860 853 190 491 101 922 216 658 680 313 298 207 505 202 968 207 200 268 460 616 422 371 278 159 305 420 747 152 303 569 462 502 315 697 162 687 598 669 333 501 98 719 576 596 699 376 634 154 893 655 122 451 343 442 724 665 832 163 154 341 796 309 537 617 162
420 511 671 414 571 276 387 567 74 337 477 0 425 326 486 427 252 310 662 596 461 448 412 279 369 227 546 365 165 337 172 452 382 495 182 515 242 282 77 478 431 230 625 500 337 625 709 551 425 608 556 715 440 622 227 308 321 370 324 226 492 340 204 378 372 259 568 394 310 584 275 407 425 325 130 594 401 495 352 291 625 301 464 351 287 476 179 457 567 243 613 713 118 448 438 93 441 506 259 506 564 669 365 505 750 383 440 379 464 516 356 295 428 570 280 553 703 401 492 771 332 317 564 321 428 339 463 522 352 528 481 396 552 217 490 648 304 432 358 585 698 185 409 706 772 347 123 233 680 502 425 645 521 89 443 555 324 240 549 133 348 284 518 433 653 361 733 524 384 608 360 202 403 507 317 413 432 343 336 416 559 370 711 251 272 625 636 402 579 520 72 350 408 172 431 578 439 488 461 469 141 181 465 74 20 391 181 683 511 364 350 450 412 380 499 23 494 448 686 557 406 515 669 531 461 275 491 647 615 653 409 666 64 322 215 563 212 57 668 628 604 583 558 397 787 242 629 223 591 360 171 83 415 625 416 119 226 101 175 363 426 442 398 498 405 500 359 307 355 314 354 805 332 177 560 185 639
678 872 505 826 421 698 515 651 429 643 443 425 0 617 404 842 469 537 636 339 821 179 758 233 263 382 680 725 308 728 592 705 277 86 542 173 251 251 352 707 104 213 987 653 341 813 1069 744 747 685 132 1082 671 981 566 600 184 318 560 387 750 395 517 131 735 210 900 818 132 533 158 370 386 104 321 954 699 802 749 443 936 515 284 699 596 350 368 678 515 276 802 1065 543 757 194 428 295 822 684 211 867 1020 646 554 743 616 99 785 774 911 308 129 68 538 521 435 679 803 213 731 315 534 823 501 661 487 879 599 739 691 329 746 820 396 822 893 718 747 518 760 777 587 746 754 719 756 490 230 982 360 812 753 159 484 743 358 739 219 619 341 718 454 867 832 925 783 657 369 768 224 94 364 359 899 553 765 314 737 760 814 173 746 774 672 179 225 879 89 866 881 379 385 54 559 854 933 463 684 219 638 534 496 141 350 408 161 533 789 142 67 616 31 811 740 295 447 533 797 630 215 297 696 740 308 62 370 809 647 421 711 29 958 428 113 425 388 266 399 1024 562 727 887 813 83 711 494 588 621 907 316 445 504 472 985 157 489 606 383 461 471 796 836 478 78 101 84 784 357 685 383 308 750 718 319 138 414 544
95 267 586 530 509 389 200 322 258 30 372 326 617 0 415 524 575 625 474 606 668 537 643 570 409 235 270 145 319 527 363 126 408 702 464 761 365 580 379 159 565 411 377 225 655 307 456 238 131 357 740 472 125 370 106 18 596 366 78 552 165 665 123 632 156 406 283 401 551 440 466 356 361 516 325 344 673 186 525 192 322 117 481 593 574 446 503 144 430 341 297 450 298 704 517 417 449 748 317 769 255 405 38 315 528 85 577 521 717 344 666 515 652 417 595 475 502 278 760 568 341 633 238 148 114 664 379 299 201 237 467 147 227 221 206 322 446 130 165 277 428 415 648 455 578 492 422 388 372 468 598 366 635 242 707 537 282 518 322 449 155 177 255 289 331 346 563 489 212 837 524 526 362 330 628 637 427 217 404 275 785 184 449 286 533 841 309 638 261 276 300 673 627 431 487 322 309 185 737 190 408 148 712 352 343 656 470 399 743 549 646 648 566 603 513 321 317 670 513 806 711 214 409 541 673 259 733 442 570 405 616 352 267 504 191 523 352 292 411 480 322 275 232 629 606 559 461 440 291 673 184 281 274 375 678 418 470 273 494 220 625 283 249 667 546 663 385 629 612 268 362 606 532 302 750 511 509
419 674 187 866 95 714 221 271 428 445 54 486 404 415 0 870 690 761 232 204 946 234 898 530 157 267 323 560 330 815 636 433 139 480 668 577 274 550 467 413 304 329 772 315 654 467 841 413 530 297 476 863 390 764 441 408 514 123 336 623 470 695 399 503 571 290 662 780 440 130 344 79 62 357 367 741 883 556 824 241 670 302 128 837 767 58 577 386 111 257 457 829 560 932 214 559 109 992 661 614 604 787 423 175 339 360 313 841 949 759 639 394 469 133 734 68 276 686 614 333 157 764 527 268 385 753 785 226 609 350 85 561 532 283 599 575 760 523 251 413 381 666 895 352 325 808 607 302 699 65 900 370 319 471 926 129 666 478 237 517 567 257 653 702 624 729 269 79 625 611 325 590 82 745 773 899 91 621 756 687 565 597 375 635 460 596 560 478 587 681 414 693 447 658 851 717 112 370 612 318 627 395 544 438 486 537 666 402 544 362 820 431 881 866 137 502 155 935 233 617 655 368 345 153 465 216 977 243 154 313 423 670 435 342 300 109 298 429 797 165 355 621 516 468 326 696 185 702 650 648 355 519 145 769 544 604 711 386 634 195 908 697 168 406 303 396 755 650 840 180 140 358 812 312 491 614 161
599 473 1058 27 963 156 699 847 456 507 845 427 842 524 870 0 455 437 990 1012 214 874 241 649 783 605 794 422 584 147 254 621 793 903 316 899 664 642 491 663 857 657 536 749 634 798 598 743 511 882 970 586 640 539 445 518 703 770 584 511 636 599 478 769 416 686 563 147 716 937 700 793 808 749 554 520 335 568 121 634 636 594 877 243 332 876 499 660 924 660 790 617 319 319 862 416 851 323 212 874 613 589 548 825 1052 610 867 72 322 379 671 713 834 918 423 938 1022 309 857 1089 733 447 677 629 632 520 255 819 354 758 886 452 658 589 522 750 123 526 662 784 950 256 259 980 1097 90 356 659 691 902 130 887 948 404 337 963 250 633 844 505 398 619 504 331 716 194 1075 924 368 997 785 515 793 383 424 227 837 330 120 329 954 385 972 241 672 1022 745 803 647 477 491 616 817 287 63 522 791 702 820 715 309 477 852 500 439 770 327 917 905 787 384 864 88 211 913 404 823 239 1024 935 726 732 933 945 870 656 313 962 1016 930 823 697 451 747 569 963 635 470 577 981 843 622 679 800 1123 419 969 225 606 670 515 362 758 539 797 355 251 506 410 698 180 350 735 919 832 922 146 596 278 690 757 1127 163 591 972 462 1003
670 722 862 431 761 364 632 813 326 583 694 252 469 575 690 455 0 72 892 747 365 575 299 238 545 460 797 588 365 312 278 702 562 503 154 470 417 222 230 730 527 369 829 752 181 877 910 804 661 855 577 911 692 827 472 558 292 567 577 82 741 144 455 359 592 409 792 503 338 804 380 615 635 407 330 800 230 732 337 534 855 552 631 247 137 664 114 710 786 432 866 919 299 288 574 159 617 352 399 435 800 878 614 744 987 636 532 385 305 695 221 360 435 795 52 752 935 580 417 1001 533 73 811 570 680 90 607 766 555 780 661 623 797 455 718 895 348 670 607 838 946 232 285 951 1000 365 161 392 913 688 379 896 614 332 273 727 489 254 793 172 567 529 736 614 894 497 953 708 587 568 453 108 609 689 86 309 617 539 427 600 532 581 958 410 292 599 884 401 819 730 305 160 426 196 492 789 667 741 379 721 197 434 430 263 239 348 143 934 485 436 147 480 393 291 662 255 730 337 910 499 275 768 916 690 473 500 341 882 793 898 442 902 317 413 460 743 392 300 874 847 855 818 806 401 1010 35 854 245 821 219 422 299 649 830 372 165 209 339 82 604 349 628 636 547 504 554 470 144 225 539 549 1033 297 386 574 76 850
720 750 934 411 833 369 696 876 385 630 764 310 537 625 761 437 72 0 960 819 316 647 250 304 617 526 857 624 434 289 299 752 634 566 173 525 488 287 298 782 598 441 853 811 227 930 933 858 701 917 641 931 745 852 520 608 356 638 633 152 789 179 509 422 627 482 825 505 407 874 452 686 706 478 399 826 168 772 316 598 891 611 703 207 104 736 187 763 856 503 919 944 336 226 646 217 690 289 416 486 839 904 663 809 1053 690 603 364 242 712 269 431 499 863 30 824 1003 600 467 1070 604 11 857 631 733 84 616 829 584 838 733 659 843 519 754 941 343 712 668 893 1008 247 233 1015 1068 350 202 464 949 760 344 956 684 383 209 799 508 324 857 243 601 592 768 634 936 507 1023 780 616 621 524 180 679 708 17 261 689 566 428 621 589 612 1020 432 362 655 930 466 861 758 369 195 492 215 481 816 735 797 430 779 226 488 488 330 300 408 164 993 543 506 81 547 365 250 734 308 796 285 979 550 318 824 979 762 538 568 278 949 865 962 510 941 375 485 523 816 463 362 898 916 914 856 853 466 1079 68 923 250 857 265 482 344 716 854 431 207 210 402 135 668 307 649 701 614 576 621 474 195 178 607 621 1102 273 454 637 147 921
429 681 217 991 234 842 291 169 593 498 205 662 636 474 232 990 892 960 0 371 1102 462 1063 755 387 436 243 609 527 964 784 425 370 709 844 809 488 774 662 388 534 550 755 271 878 360 807 342 548 158 698 833 387 745 544 476 744 343 406 832 443 914 516 735 620 513 639 874 670 102 572 288 268 588 562 729 1064 543 968 374 621 396 354 1005 950 286 784 372 121 467 354 788 708 1108 443 747 341 1163 777 846 567 754 462 164 106 392 542 975 1124 789 866 623 702 101 932 207 44 747 847 109 369 965 472 363 390 963 849 175 673 286 308 597 484 445 597 485 895 536 328 319 195 825 1063 146 110 943 786 520 631 278 1045 220 535 622 1105 307 755 702 155 722 625 385 652 752 546 820 91 275 678 837 558 800 297 775 970 1061 324 691 869 741 792 651 176 748 687 818 473 710 538 686 595 914 680 825 958 705 225 336 845 297 796 523 776 630 667 769 844 235 775 594 1011 662 1018 1027 351 673 170 1096 46 848 885 315 166 352 696 392 1148 40 274 136 656 599 602 574 450 272 508 606 767 82 234 579 460 701 133 893 48 858 613 875 502 672 247 750 777 782 876 563 828 302 1062 742 266 631 535 621 856 870 1014 353 359 142 965 506 713 816 117
620 870 181 1004 140 856 421 464 556 636 258 596 339 606 204 1012 747 819 371 0 1053 174 998 538 229 415 523 748 431 934 763 636 219 386 765 492 354 559 553 617 239 383 972 518 661 666 1043 616 727 483 353 1064 593 964 613 596 504 249 528 669 673 711 566 466 759 345 864 941 431 282 367 249 246 348 465 941 964 757 948 418 874 489 135 937 850 160 633 590 271 353 657 1032 693 1018 172 647 163 1081 813 540 808 989 618 375 469 559 241 972 1036 949 634 395 406 300 796 175 406 866 546 440 283 819 732 457 588 790 962 424 790 552 138 753 736 432 798 778 894 721 448 614 555 782 992 514 423 940 705 368 904 141 1021 557 192 608 1008 75 834 500 430 582 752 434 852 885 828 893 357 125 809 494 303 639 243 935 833 1001 182 799 905 869 458 783 542 791 468 468 763 427 791 878 526 704 392 766 1003 917 316 574 557 522 736 556 474 531 589 499 760 585 454 330 890 354 1008 971 99 616 356 1037 347 523 632 571 520 67 386 368 1067 398 101 487 366 874 561 338 458 104 384 545 999 289 549 825 720 420 404 761 326 819 854 643 508 650 347 969 496 702 819 507 710 389 1020 882 368 301 256 289 912 668 932 344 259 449 929 422 368 676 256
755 672 1132 190 1032 283 812 978 518 657 932 461 821 668 946 214 365 316 1102 1053 0 895 66 598 829 680 936 596 625 141 317 781 843 864 288 835 700 584 501 821 861 673 745 889 542 965 811 902 686 1017 937 800 791 748 571 657 653 832 711 442 804 495 588 721 593 709 761 352 688 1035 703 867 884 743 590 728 161 750 144 730 834 709 924 121 228 938 452 811 1018 704 956 829 394 121 888 407 902 109 357 799 803 799 698 938 1178 751 868 166 116 589 584 699 795 1018 317 1013 1140 506 781 1208 794 325 855 740 782 398 467 942 533 905 943 629 837 667 711 934 225 701 776 943 1095 280 82 1117 1212 185 348 685 891 964 85 1034 952 481 142 1017 428 601 969 484 570 717 701 532 907 388 1180 986 554 933 785 459 864 591 300 56 894 509 295 527 897 565 1114 387 641 964 927 762 835 678 534 512 783 289 278 727 886 853 743 855 319 579 795 522 465 713 294 1067 850 777 240 836 128 82 958 444 932 33 1131 864 634 883 1073 990 833 731 99 1080 1077 1065 796 894 510 745 656 1025 670 517 788 1079 990 815 855 761 1232 334 1074 245 803 580 602 431 858 748 737 351 235 560 360 800 42 551 837 900 836 905 338 507 140 769 816 1244 137 639 936 407 1094
577 804 328 862 242 719 390 497 422 566 280 448 179 537 234 874 575 647 462 174 895 0 837 363 129 311 538 666 290 782 620 600 134 246 606 348 211 384 394 593 74 222 914 518 486 678 992 615 667 528 243 1009 561 907 516 523 330 181 467 496 643 536 465 297 678 188 815 819 257 360 196 220 231 173 319 882 796 711 798 345 840 422 108 776 684 177 462 563 342 220 667 984 555 852 22 487 126 916 687 389 771 940 559 399 568 513 81 827 869 864 461 220 247 367 626 258 504 769 392 553 197 647 711 398 552 615 857 447 696 556 153 680 711 328 742 772 752 664 404 624 615 632 829 587 541 796 547 214 879 183 869 599 99 478 841 180 722 326 463 415 665 360 792 793 812 776 478 191 721 377 128 467 209 851 662 841 149 701 774 776 331 696 609 668 294 362 757 263 762 812 383 530 229 612 872 859 313 561 397 510 582 450 319 377 438 331 600 633 313 157 720 201 860 812 116 470 378 876 453 386 462 567 578 131 236 277 902 476 245 547 203 852 425 164 358 210 239 404 947 385 579 790 700 254 532 592 414 668 814 470 398 513 331 912 332 545 664 371 543 348 864 793 344 171 83 161 788 493 769 272 179 572 776 288 257 507 366
733 674 1083 214 983 270 775 945 473 635 887 412 758 643 898 241 299 250 1063 998 66 837 0 533 777 635 907 584 574 125 283 760 791 800 233 769 646 519 445 799 801 616 755 860 476 945 824 880 673 985 873 816 768 757 542 630 588 782 680 377 787 429 555 656 582 653 760 363 625 992 644 819 837 682 537 734 101 740 140 689 833 674 870 61 163 888 389 787 975 652 936 841 357 79 831 350 850 105 343 733 796 808 675 901 1142 723 808 178 84 599 517 638 730 976 251 965 1102 507 715 1170 744 258 842 703 757 332 481 907 524 878 891 619 825 622 705 922 216 687 741 920 1066 238 19 1085 1173 187 294 630 890 913 115 1006 892 440 95 964 423 538 934 423 558 678 700 536 900 391 1139 935 549 867 725 394 816 600 233 14 843 501 297 529 832 557 1084 372 578 898 915 697 827 680 484 446 719 240 301 732 844 828 677 826 271 543 729 468 414 647 237 1041 784 716 175 772 152 40 904 396 892 39 1090 797 568 857 1043 935 769 685 90 1043 1025 1033 733 891 464 685 614 973 616 468 798 1036 962 810 841 696 1192 268 1033 206 800 514 561 391 817 757 672 297 188 512 297 760 66 554 797 836 777 842 344 441 74 723 765 1206 115 588 871 343 1049
653 786 678 629 581 521 547 717 321 589 549 279 233 570 530 649 238 304 755 538 598 363 533 0 373 373 723 638 264 520 415 685 390 266 334 250 270 20 204 701 304 206 902 684 125 834 986 759 686 757 340 993 662 898 487 551 55 412 539 156 729 172 449 123 646 242 836 655 108 657 185 467 487 190 247 870 468 753 543 451 887 501 441 477 370 490 150 674 638 295 822 988 389 527 368 238 436 591 526 230 822 944 607 631 858 602 306 585 543 795 111 143 197 653 289 582 799 680 215 861 387 300 804 503 649 256 737 665 631 719 479 667 796 377 757 885 528 692 533 786 852 395 520 844 854 559 294 238 940 509 598 813 385 364 511 533 600 56 690 153 623 454 790 712 901 631 799 526 663 348 235 139 457 786 320 541 444 622 587 696 305 647 857 524 71 374 871 164 831 795 273 167 188 361 671 853 542 695 182 660 342 424 203 223 258 121 324 852 256 210 384 242 604 519 466 298 613 572 762 287 143 715 818 490 236 392 579 754 601 794 205 922 315 201 397 556 258 285 944 694 778 842 796 163 856 265 711 424 854 120 387 362 536 901 147 295 400 297 244 508 577 721 530 310 284 317 620 130 459 424 395 888 508 286 338 192 689
448 676 316 774 215 626 263 388 326 439 184 369 263 409 157 783 545 617 387 229 829 129 777 373 0 191 419 542 204 706 534 470 17 346 543 436 131 393 333 464 176 177 786 395 498 556 863 490 538 422 360 880 432 779 396 396 357 55 337 474 514 540 346 349 553 137 686 714 283 286 187 107 124 201 239 753 750 581 720 217 710 293 95 715 635 119 431 435 267 125 545 855 463 803 108 428 73 864 585 467 641 811 430 290 493 384 187 743 820 741 482 236 323 286 592 210 431 650 465 490 67 619 583 269 423 602 742 335 576 433 116 553 582 209 613 646 665 535 274 503 514 555 771 494 482 710 482 153 749 142 794 490 229 379 794 187 610 322 355 374 542 232 664 672 684 667 426 162 598 483 175 442 96 728 630 779 72 582 676 656 433 573 513 563 303 475 631 327 633 685 297 537 300 541 774 730 199 434 460 385 510 333 397 308 363 382 540 526 405 211 682 293 779 747 130 388 269 814 390 478 498 442 478 162 326 151 850 392 249 449 277 723 331 186 238 198 160 317 818 322 465 660 572 318 483 555 341 592 685 491 283 420 211 783 391 479 594 277 497 220 795 672 219 285 166 277 684 495 714 142 50 515 702 193 372 470 316
297 496 455 600 358 449 177 356 162 262 251 227 382 235 267 605 460 526 436 415 680 311 635 373 191 0 352 356 109 547 368 326 197 469 409 533 131 388 230 335 332 185 610 311 480 461 690 387 365 397 505 705 296 603 204 219 386 166 179 409 372 505 155 411 367 173 518 526 330 357 236 189 205 284 135 577 629 419 557 79 554 135 280 575 514 270 358 307 340 106 449 685 292 675 293 311 251 732 400 547 485 640 264 283 527 238 344 574 691 553 481 289 422 343 497 335 477 459 539 545 131 531 446 131 285 537 550 306 385 346 282 371 441 17 441 522 493 365 160 413 491 400 633 491 545 541 350 157 600 296 633 446 407 204 671 359 419 317 333 296 354 81 488 481 547 478 505 319 409 605 289 377 188 539 535 635 234 390 494 465 552 384 500 377 321 607 507 410 485 505 158 509 396 395 591 555 211 323 521 287 364 142 485 197 231 438 409 484 513 316 575 414 613 601 315 239 270 671 458 578 516 342 459 347 440 51 717 422 410 438 383 577 170 271 47 358 124 170 645 401 408 505 437 401 560 458 401 436 524 488 93 251 189 607 457 346 447 126 392 144 642 482 175 433 312 429 498 463 581 88 155 578 546 86 515 384 414
200 440 425 800 389 659 176 74 472 287 269 546 680 270 323 794 797 857 243 523 936 538 907 723 419 352 0 386 461 795 625 188 408 765 711 850 460 739 574 148 595 523 511 47 832 143 564 101 313 94 778 590 157 501 365 279 730 363 228 755 200 856 356 744 395 498 395 665 666 263 565 317 306 601 486 485 928 300 794 273 380 245 442 854 822 379 704 139 264 433 133 547 553 964 516 639 415 1012 588 874 323 511 246 148 267 185 606 792 978 552 832 621 736 239 826 351 258 523 870 316 366 863 230 227 163 880 623 98 454 43 406 368 241 351 356 257 716 300 192 90 158 673 911 186 330 762 661 492 396 389 868 99 633 480 965 447 548 667 99 643 406 273 409 523 313 610 334 400 453 903 588 724 328 538 863 903 390 475 674 514 852 428 178 557 666 895 243 733 295 444 493 861 711 684 754 461 224 97 857 81 657 372 807 541 558 775 715 136 822 622 891 711 836 868 459 549 167 936 289 893 865 72 139 476 743 332 997 204 448 139 691 364 481 586 339 420 466 496 524 286 57 336 218 724 365 788 253 702 369 840 375 527 208 506 790 656 728 460 721 217 894 511 202 704 586 696 652 815 870 305 372 353 799 438 791 724 326
186 148 731 433 654 314 345 449 317 115 517 365 725 145 560 422 588 624 609 748 596 666 584 638 542 356 386 0 417 460 330 202 544 808 452 854 478 645 435 244 687 513 265 345 702 375 348 323 90 479 854 358 228 260 159 151 674 503 223 586 213 701 207 720 11 517 203 283 641 583 569 499 505 622 412 232 635 155 451 330 267 258 620 544 552 589 542 247 574 457 368 349 289 655 647 443 589 689 240 855 217 305 147 455 653 217 699 436 665 201 722 611 752 559 595 620 634 138 843 697 475 634 258 292 223 679 239 434 69 346 609 35 241 339 130 338 371 105 310 364 536 385 593 572 709 411 427 495 325 612 518 472 763 276 662 680 172 592 454 498 25 314 152 144 318 230 700 632 68 938 637 565 504 187 623 576 567 92 307 132 886 42 560 212 615 947 330 733 243 157 367 712 727 412 375 214 454 289 816 314 398 228 804 415 386 739 460 499 842 658 627 755 480 544 653 351 460 605 650 899 771 318 523 682 777 390 675 575 715 526 720 317 323 612 309 668 459 353 305 622 429 233 259 725 740 565 600 400 232 726 280 294 419 263 763 422 436 350 507 364 553 137 394 784 666 781 276 671 569 405 497 735 469 405 862 537 652
395 564 511 574 410 429 286 462 132 343 329 165 308 319 330 584 365 434 527 431 625 290 574 264 204 109 461 417 0 502 333 425 217 391 341 442 79 279 137 438 285 96 680 421 371 569 763 495 445 503 439 775 399 675 257 301 280 209 278 306 470 398 210 312 427 107 599 530 231 439 151 253 272 205 36 647 553 506 516 188 642 237 299 512 437 314 257 411 421 78 557 761 265 603 277 229 277 664 397 450 574 716 353 384 624 340 296 541 620 602 371 196 335 429 406 395 571 497 440 636 173 437 546 239 387 436 578 412 430 455 317 439 539 112 520 624 464 448 270 521 598 350 569 595 634 509 280 82 691 339 590 554 373 188 596 391 439 208 438 194 409 190 561 524 645 489 589 361 459 521 224 273 247 590 445 575 269 430 484 507 469 437 606 380 216 529 610 319 579 573 94 401 311 336 581 627 303 430 419 396 306 188 392 107 159 337 338 593 426 242 490 338 576 543 334 184 368 611 545 487 407 451 565 366 360 138 649 518 451 543 302 671 134 195 135 399 50 114 719 482 517 594 537 311 645 367 489 388 611 379 138 222 288 678 358 276 390 81 304 250 590 528 277 371 262 370 499 355 512 175 192 668 498 22 447 288 488
615 548 1002 121 903 146 673 837 386 517 798 337 728 527 815 147 312 289 964 934 141 782 125 520 706 547 795 460 502 0 180 641 719 782 187 768 580 510 388 680 756 561 632 748 492 825 703 762 550 876 852 695 651 633 430 516 575 704 570 374 666 455 449 643 458 594 635 244 598 899 597 736 752 641 468 610 200 616 26 593 707 569 802 102 185 811 369 671 883 581 816 719 257 201 774 301 778 229 220 739 671 685 558 800 1038 610 764 75 209 477 531 601 712 882 277 883 1001 382 722 1069 666 300 719 601 641 373 362 802 400 764 817 494 701 533 580 799 90 564 637 802 954 151 137 976 1074 68 239 569 765 836 87 893 848 345 213 892 298 512 829 386 435 580 575 412 776 267 1043 859 424 867 681 382 734 477 277 115 768 376 174 404 826 432 973 249 552 894 791 680 702 555 409 472 697 171 197 607 750 712 685 714 200 440 723 405 345 641 196 926 777 678 238 747 84 85 837 318 793 144 994 801 586 742 932 868 749 599 214 941 951 924 706 765 379 641 520 898 550 390 675 943 849 685 718 677 1095 276 937 114 675 530 465 296 721 634 667 240 122 431 276 662 98 430 700 806 731 811 221 455 136 636 689 1105 16 513 852 329 960
456 451 823 242 726 107 494 663 209 359 617 172 592 363 636 254 278 299 784 763 317 620 283 415 534 368 625 330 333 180 0 484 546 657 126 664 412 412 239 521 603 403 554 578 430 669 634 602 413 702 722 634 488 553 260 350 466 527 397 303 515 412 272 529 331 432 527 240 469 718 446 557 573 496 301 526 311 483 188 413 595 392 629 230 222 634 275 508 703 410 659 644 76 340 609 177 605 387 122 645 547 604 397 621 861 442 612 209 354 417 461 462 588 701 273 704 822 302 629 890 490 310 577 422 477 365 333 625 285 597 642 365 561 353 459 660 131 425 459 641 783 55 286 802 894 176 127 406 653 660 264 724 694 165 343 718 211 390 652 263 305 400 469 336 648 223 863 683 316 760 531 295 555 411 296 279 593 266 172 323 714 314 801 133 427 782 651 559 572 459 238 426 570 84 262 516 570 547 595 543 81 261 615 246 185 535 136 759 665 534 296 615 246 244 665 150 614 313 814 702 516 576 760 697 623 419 372 762 774 750 574 647 203 493 340 722 382 218 599 763 680 563 574 555 915 248 757 77 561 463 285 117 541 555 562 124 108 256 204 482 277 351 519 667 578 670 205 394 248 456 513 926 180 341 725 250 779
31 256 579 629 519 498 215 257 382 125 382 452 705 126 433 621 702 752 425 636 781 600 760 685 470 326 188 202 425 641 484 0 466 792 590 859 457 696 501 42 640 511 342 154 776 185 408 123 125 282 822 430 42 333 232 143 706 419 147 677 45 788 247 736 210 499 229 485 655 419 563 393 392 610 437 313 796 124 636 261 241 191 526 712 699 477 627 52 415 431 175 396 423 824 578 544 494 866 424 873 172 354 88 289 456 88 652 627 837 364 785 615 748 395 721 481 445 337 865 504 404 760 120 204 48 790 435 255 271 146 502 180 114 316 174 200 556 111 196 163 334 538 767 371 518 599 549 484 279 495 707 270 699 369 828 562 371 631 270 572 224 250 229 335 220 431 517 512 266 929 610 650 402 350 755 753 469 293 503 326 877 243 358 394 642 929 186 737 162 262 420 796 722 556 576 288 320 91 845 129 534 271 812 472 468 763 595 297 838 639 772 736 671 720 552 447 300 785 469 905 827 117 323 577 764 335 851 388 581 328 708 253 391 596 290 541 450 415 364 453 228 191 111 728 552 686 425 561 218 791 299 407 288 338 782 545 592 391 621 253 738 323 268 747 624 741 476 751 733 329 420 542 647 406 833 637 488
444 676 299 785 198 636 255 374 337 439 168 382 277 408 139 793 562 634 370 219 843 134 791 390 17 197 408 544 217 719 546 466 0 359 558 450 147 411 348 458 186 195 785 385 515 546 861 482 537 408 370 879 426 778 400 396 375 46 336 491 508 557 351 365 555 154 684 722 300 269 205 93 109 218 253 752 766 578 732 216 706 292 84 729 650 102 448 429 250 139 535 853 474 818 112 443 59 879 594 482 637 809 428 276 476 380 198 755 835 744 500 254 338 269 608 192 414 655 481 472 68 636 576 266 418 619 748 322 579 423 100 554 577 215 611 638 676 533 269 492 500 568 786 478 465 722 497 170 744 125 806 477 234 389 810 173 617 340 341 391 545 231 663 676 678 675 409 146 601 495 191 459 81 730 647 793 55 586 686 659 446 576 498 572 320 486 623 343 628 685 310 555 315 554 783 729 186 426 476 376 524 339 412 323 377 399 554 512 419 227 698 306 791 761 119 401 255 829 373 492 515 433 463 152 339 154 865 375 234 434 292 717 343 203 242 183 175 329 816 304 452 656 565 334 465 571 324 605 681 509 290 431 200 782 408 494 608 289 513 214 808 675 210 295 178 287 693 513 729 141 46 498 715 205 383 487 298
765 956 562 886 486 764 601 733 506 729 522 495 86 702 480 903 503 566 709 386 864 246 800 266 346 469 765 808 391 782 657 792 359 0 595 106 337 281 420 794 175 295 1071 738 351 899 1153 831 832 767 74 1166 758 1065 649 686 211 402 646 423 837 407 601 144 818 296 986 889 187 606 239 452 467 187 400 1038 733 888 804 530 1023 601 355 743 636 423 414 765 589 362 888 1151 613 791 265 486 370 855 755 156 954 1105 733 635 815 703 166 843 808 991 313 201 70 613 555 504 751 882 165 799 400 562 910 588 747 507 955 681 820 776 400 830 907 482 908 980 780 833 604 846 857 647 787 831 786 815 548 315 1069 430 863 836 194 561 775 418 815 270 700 398 800 541 951 911 1012 856 723 436 849 138 181 405 440 980 583 808 391 817 828 894 87 828 853 746 231 138 965 102 953 965 456 395 87 617 919 1018 546 771 185 724 593 580 97 422 477 161 585 871 68 153 647 55 866 785 361 518 614 838 699 139 287 782 820 368 33 457 844 722 477 790 88 1045 504 198 511 451 351 475 1109 632 811 974 900 104 775 532 661 679 993 320 529 577 556 1069 143 548 660 463 508 557 843 917 563 85 180 97 854 376 726 469 392 817 771 403 71 458 611
559 577 851 295 750 209 563 740 250 465 660 182 542 464 668 316 154 173 844 765 288 606 233 334 543 409 711 452 341 187 126 590 558 595 0 584 412 326 212 623 574 384 681 665 321 772 761 701 531 781 665 760 588 680 358 449 389 550 483 196 624 295 356 456 454 421 652 349 411 767 415 589 607 457 304 653 220 602 209 470 718 468 637 171 110 655 184 606 749 419 761 771 167 265 599 119 617 323 246 557 668 731 501 684 929 536 582 251 282 543 357 416 524 753 146 734 884 429 540 952 512 183 690 493 576 239 453 697 411 688 658 487 675 398 582 774 200 542 531 739 867 78 228 880 954 225 61 397 777 680 270 811 666 231 261 731 337 324 725 200 428 461 595 463 766 342 915 702 442 682 499 198 585 538 171 236 610 393 273 449 640 439 882 260 364 708 764 493 691 585 254 310 510 42 345 643 621 643 504 631 55 338 538 235 182 455 11 848 591 493 182 560 271 206 671 170 674 271 868 618 412 671 841 702 562 458 309 827 792 827 519 769 241 458 394 740 383 239 726 811 768 685 687 490 969 122 811 94 684 357 345 185 596 682 481 64 66 283 93 542 258 477 578 620 549 625 315 284 172 497 533 986 176 356 665 146 822
831 1003 668 879 589 771 680 823 541 785 617 515 173 761 577 899 470 525 809 492 835 348 769 250 436 533 850 854 442 768 664 859 450 106 584 0 403 258 438 866 275 350 1119 820 299 979 1202 909 888 858 158 1213 828 1114 696 743 198 490 712 396 905 352 651 137 864 361 1041 902 213 706 296 543 559 251 443 1086 693 948 792 601 1083 668 455 717 607 522 400 837 688 429 968 1202 631 751 365 487 468 813 771 55 1015 1157 794 726 915 771 267 835 767 1027 257 246 113 711 519 606 852 914 69 902 483 519 979 659 817 455 979 771 858 857 501 879 974 544 962 1053 779 890 679 927 950 645 755 927 889 809 545 375 1132 531 844 925 300 591 733 523 840 276 791 400 843 610 1002 945 1080 875 826 539 888 98 262 386 532 1016 542 779 487 852 836 928 66 870 948 766 244 129 1038 123 1018 1012 490 337 139 612 922 1067 635 847 101 803 592 628 50 448 496 128 573 962 38 227 606 147 852 760 464 537 705 807 801 45 217 861 913 473 112 529 803 820 583 884 158 1110 537 265 571 555 410 507 1159 733 898 1035 970 131 879 502 761 674 1052 262 580 599 642 1118 102 546 650 503 492 636 819 952 647 191 274 203 867 330 695 547 479 920 756 458 146 439 714
