51
0 961 196 701 559 617 611 481 952 847 630 483 688 719 566 499 545 557 538 875 693 40 651 616 190 906 437 662 761 526 1124 725 386 1124 305 660 712 527 646 952 948 314 717 1019 914 625 321 889 774 705 699
961 0 905 474 512 439 507 580 252 140 341 774 760 678 665 520 425 772 768 96 876 936 351 756 778 122 526 308 741 768 187 330 920 194 659 755 411 704 323 125 147 792 552 264 440 337 697 107 314 506 715
196 905 0 564 435 505 478 537 847 776 564 298 502 815 660 528 528 370 352 830 498 218 646 733 254 829 393 597 868 648 1048 730 190 1046 272 475 590 352 618 922 923 439 562 913 776 573 395 818 668 560 804
701 474 564 0 145 119 89 585 310 338 262 333 286 842 739 519 402 310 310 449 401 694 464 847 574 358 352 268 914 806 549 533 502 543 431 280 65 256 389 557 571 700 84 371 213 307 590 367 160 34 861
559 512 435 145 0 74 58 468 412 373 208 262 314 743 625 407 304 273 264 461 411 550 394 731 429 414 220 231 813 682 627 475 409 624 286 296 155 198 326 567 575 561 190 478 356 246 452 412 234 158 756
617 439 505 119 74 0 77 466 342 300 157 334 358 725 620 400 284 337 331 392 464 605 356 727 473 339 236 173 797 686 552 431 484 549 329 344 98 266 283 499 509 586 192 408 308 200 475 338 162 147 743
611 507 478 89 58 77 0 521 379 367 234 270 280 791 678 459 350 264 260 466 386 604 430 785 487 400 277 251 862 737 606 508 430 602 345 266 116 197 359 574 584 619 132 443 303 276 510 403 208 99 806
481 580 537 585 468 466 521 0 683 514 353 626 764 294 158 70 195 678 661 484 839 444 229 263 299 577 252 370 359 222 766 273 667 771 286 741 551 605 273 527 517 220 653 741 748 316 160 549 548 612 297
952 252 847 310 412 342 379 683 0 188 344 643 572 858 806 613 491 619 621 293 689 936 475 909 791 143 530 319 927 898 248 499 809 240 652 574 263 566 413 374 394 862 366 67 196 371 754 175 179 332 889
847 140 776 338 373 300 367 514 188 0 216 634 624 670 625 446 333 632 628 120 739 825 294 725 670 64 410 184 739 721 277 310 781 277 541 617 273 564 241 223 239 710 418 235 340 224 607 42 180 371 702
630 341 564 262 208 157 234 353 344 216 0 464 515 584 495 282 157 482 472 269 618 609 201 602 456 275 194 32 656 575 493 274 591 494 325 500 212 406 126 369 375 518 344 408 396 44 410 259 194 295 606
483 774 298 333 262 334 270 626 643 634 464 0 204 920 779 583 517 74 54 724 226 495 626 875 446 670 387 490 985 806 876 713 173 871 352 177 382 77 569 829 837 629 299 704 524 495 542 671 478 316 923
688 760 502 286 314 358 280 764 572 624 515 204 0 1050 922 710 617 131 150 734 116 698 707 1025 635 643 512 531 1119 965 820 787 352 813 520 27 351 172 638 842 855 808 210 623 408 556 710 653 446 254 1060
719 678 815 842 743 725 791 294 858 670 584 920 1050 0 155 340 441 970 954 590 1130 679 392 131 563 725 539 588 72 211 860 359 958 868 579 1028 795 896 466 577 558 407 918 904 970 539 419 692 766 872 43
566 665 660 739 625 620 678 158 806 625 495 779 922 155 0 219 339 834 817 570 995 525 331 107 407 686 410 507 210 105 853 335 807 859 432 899 700 762 394 586 571 256 809 860 891 454 264 656 687 766 146
499 520 528 519 407 400 459 70 613 446 282 583 710 340 219 0 125 631 615 424 790 464 171 327 309 510 199 299 409 292 704 230 641 708 262 688 482 556 205 476 468 272 589 672 678 245 188 483 477 546 350
545 425 528 402 304 284 350 195 491 333 157 517 617 441 339 125 0 554 540 334 707 516 118 447 357 398 140 175 512 417 602 205 605 605 258 597 361 477 102 407 404 376 476 552 553 121 274 373 352 431 458
557 772 370 310 273 337 264 678 619 632 482 74 131 970 834 631 554 0 19 730 161 569 657 933 516 662 432 504 1037 866 859 742 228 853 414 104 366 77 595 837 846 696 259 677 483 517 605 666 465 286 976
538 768 352 310 264 331 260 661 621 628 472 54 150 954 817 615 540 19 0 723 179 549 645 915 496 659 416 496 1021 848 859 730 215 854 395 123 365 66 583 830 839 677 265 679 490 506 586 663 463 289 959
875 96 830 449 461 392 466 484 293 120 269 724 734 590 570 424 334 730 723 0 847 849 254 662 690 149 443 239 655 672 283 236 859 289 576 725 384 658 231 108 121 696 532 324 460 257 603 118 297 483 626
693 876 498 401 411 464 386 839 689 739 618 226 116 1130 995 790 707 161 179 847 0 710 804 1094 672 759 590 637 1197 1028 936 887 322 929 575 121 465 233 738 955 967 855 326 738 520 657 766 769 561 370 1136
40 936 218 694 550 605 604 444 936 825 609 495 698 679 525 464 516 569 549 849 710 0 620 575 159 885 415 640 720 485 1102 692 409 1102 285 670 702 533 618 923 918 273 715 1003 906 602 284 867 759 700 659
651 351 646 464 394 356 430 229 475 294 201 626 707 392 331 171 118 657 645 254 804 620 0 433 461 356 258 199 464 427 537 87 722 541 374 690 411 579 75 306 299 443 545 528 577 156 356 325 373 496 419
616 756 733 847 731 727 785 263 909 725 602 875 1025 131 107 327 447 933 915 662 1094 575 433 0 479 785 515 613 147 90 942 426 891 949 524 1001 808 862 499 667 651 303 916 961 998 561 343 754 794 874 94
190 778 254 574 429 473 487 299 791 670 456 446 635 563 407 309 357 516 496 690 672 159 461 479 0 731 262 487 614 394 946 535 420 948 144 608 572 462 459 763 759 191 609 858 781 445 145 712 619 586 550
906 122 829 358 414 339 400 577 143 64 275 670 643 725 686 510 398 662 659 149 759 885 356 785 731 0 470 244 793 783 219 365 824 218 601 638 296 598 305 234 253 774 433 179 320 287 671 32 198 389 759
437 526 393 352 220 236 277 252 530 410 194 387 512 539 410 199 140 432 416 443 590 415 258 515 262 470 0 225 607 462 687 346 465 687 133 489 332 356 225 530 530 351 409 596 541 189 239 452 362 373 547
662 308 597 268 231 173 251 370 319 184 32 490 531 588 507 299 175 504 496 239 637 640 199 613 487 244 225 0 660 590 461 264 620 462 357 517 213 429 123 340 347 543 352 382 384 53 436 227 180 302 612
761 741 868 914 813 797 862 359 927 739 656 985 1119 72 210 409 512 1037 1021 655 1197 720 464 147 614 793 607 660 0 238 921 428 1017 930 641 1097 868 963 537 636 617 447 989 972 1041 612 473 760 837 944 64
526 768 648 806 682 686 737 222 898 721 575 806 965 211 105 292 417 866 848 672 1028 485 427 90 394 783 462 590 238 0 955 439 811 961 453 940 773 798 484 691 677 213 870 954 970 536 266 753 769 830 181
1124 187 1048 549 627 552 606 766 248 277 493 876 820 860 853 704 602 859 859 283 936 1102 537 942 946 219 687 461 921 955 0 518 1035 11 818 820 493 801 502 286 307 974 611 210 436 500 876 234 397 574 899
725 330 730 533 475 431 508 273 499 310 274 713 787 359 335 230 205 742 730 236 887 692 87 426 535 365 346 264 428 439 518 0 810 524 458 771 476 664 149 257 245 493 616 544 624 231 418 333 425 566 393
386 920 190 502 409 484 430 667 809 781 591 173 352 958 807 641 605 228 215 859 322 409 722 891 420 824 465 620 1017 811 1035 810 0 1032 381 329 546 249 677 961 966 611 472 872 698 613 547 821 638 487 953
1124 194 1046 543 624 549 602 771 240 277 494 871 813 868 859 708 605 853 854 289 929 1102 541 949 948 218 687 462 930 961 11 524 1032 0 819 814 489 796 505 295 316 977 605 201 427 502 879 235 393 569 907
305 659 272 431 286 329 345 286 652 541 325 352 520 579 432 262 258 414 395 576 575 285 374 524 144 601 133 357 641 453 818 458 381 819 0 494 428 349 353 660 659 288 470 718 637 322 190 584 477 445 577
660 755 475 280 296 344 266 741 574 617 500 177 27 1028 899 688 597 104 123 725 121 670 690 1001 608 638 489 517 1097 940 820 771 329 814 494 0 344 145 621 833 845 781 208 626 416 540 684 648 440 249 1037
712 411 590 65 155 98 116 551 263 273 212 382 351 795 700 482 361 366 365 384 465 702 411 808 572 296 332 213 868 773 493 476 546 489 428 344 0 307 335 492 505 683 148 327 210 256 571 304 98 98 816
527 704 352 256 198 266 197 605 566 564 406 77 172 896 762 556 477 77 66 658 233 533 579 862 462 598 356 429 963 798 801 664 249 796 349 145 307 0 517 765 773 635 224 627 449 440 540 600 403 239 902
646 323 618 389 326 283 359 273 413 241 126 569 638 466 394 205 102 595 583 231 738 618 75 499 459 305 225 123 537 484 502 149 677 505 353 621 335 517 0 307 305 472 471 469 504 83 374 277 300 422 491
952 125 922 557 567 499 574 527 374 223 369 829 842 577 586 476 407 837 830 108 955 923 306 667 763 234 530 340 636 691 286 257 961 295 660 833 492 765 307 0 21 746 639 390 554 350 663 208 403 591 617
948 147 923 571 575 509 584 517 394 239 375 837 855 558 571 468 404 846 839 121 967 918 299 651 759 253 530 347 617 677 307 245 966 316 659 845 505 773 305 21 0 737 653 411 573 353 655 227 418 604 599
314 792 439 700 561 586 619 220 862 710 518 629 808 407 256 272 376 696 677 696 855 273 443 303 191 774 351 543 447 213 974 493 611 977 288 781 683 635 472 746 737 0 750 925 892 492 111 748 706 719 385
717 552 562 84 190 192 132 653 366 418 344 299 210 918 809 589 476 259 265 532 326 715 545 916 609 433 409 352 989 870 611 616 472 605 470 208 148 224 471 639 653 750 0 420 225 388 642 445 238 50 935
1019 264 913 371 478 408 443 741 67 235 408 704 623 904 860 672 552 677 679 324 738 1003 528 961 858 179 596 382 972 954 210 544 872 201 718 626 327 627 469 390 411 925 420 0 227 433 818 212 246 390 937
914 440 776 213 356 308 303 748 196 340 396 524 408 970 891 678 553 483 490 460 520 906 577 998 781 320 541 384 1041 970 436 624 698 427 637 416 210 449 504 554 573 892 225 227 0 437 780 346 204 215 996
625 337 573 307 246 200 276 316 371 224 44 495 556 539 454 245 121 517 506 257 657 602 156 561 445 287 189 53 612 536 500 231 613 502 322 540 256 440 83 350 353 492 388 433 437 0 386 266 233 339 562
321 697 395 590 452 475 510 160 754 607 410 542 710 419 264 188 274 605 586 603 766 284 356 343 145 671 239 436 473 266 876 418 547 879 190 684 571 540 374 663 655 111 642 818 780 386 0 647 595 609 409
889 107 818 367 412 338 403 549 175 42 259 671 653 692 656 483 373 666 663 118 769 867 325 754 712 32 452 227 760 753 234 333 821 235 584 648 304 600 277 208 227 748 445 212 346 266 647 0 207 399 726
774 314 668 160 234 162 208 548 179 180 194 478 446 766 687 477 352 465 463 297 561 759 373 794 619 198 362 180 837 769 397 425 638 393 477 440 98 403 300 403 418 706 238 246 204 233 595 207 0 191 791
705 506 560 34 158 147 99 612 332 371 295 316 254 872 766 546 431 286 289 483 370 700 496 874 586 389 373 302 944 830 574 566 487 569 445 249 98 239 422 591 604 719 50 390 215 339 609 399 191 0 890
699 715 804 861 756 743 806 297 889 702 606 923 1060 43 146 350 458 976 959 626 1136 659 419 94 550 759 547 612 64 181 899 393 953 907 577 1037 816 902 491 617 599 385 935 937 996 562 409 726 791 890 0
