36
0 342 506 390 260 140 689 349 345 371 553 250 357 551 515 313 531 595 509 253 652 542 527 5 468 255 383 530 494 208 513 421 704 525 592 572
342 0 164 268 591 383 457 397 140 699 231 572 486 317 173 66 450 453 454 555 319 219 465 337 148 312 615 188 199 520 523 634 364 210 258 310
506 164 0 362 756 532 378 525 251 863 151 737 593 266 30 214 522 438 488 719 193 89 494 500 128 428 768 24 131 685 623 756 199 156 139 290
390 268 362 0 550 504 718 182 127 639 289 522 679 582 346 206 184 720 708 482 386 447 721 385 240 513 462 376 454 468 262 791 523 258 346 219
260 591 756 550 0 331 946 421 556 110 779 32 526 810 761 549 627 839 735 87 881 799 754 265 698 490 250 779 754 82 550 502 955 749 825 763
140 383 532 504 331 0 631 486 432 434 613 334 219 506 548 378 659 510 403 356 702 545 422 142 527 162 508 555 485 308 651 288 721 589 641 660
689 457 378 718 946 631 0 853 592 1055 522 938 548 143 405 523 892 176 312 941 517 289 302 685 504 470 1042 376 263 896 978 717 372 533 488 667
349 397 525 182 421 486 853 0 274 493 470 389 694 711 514 331 205 824 783 340 568 604 799 346 414 552 285 543 596 341 164 770 700 438 526 395
345 140 251 127 556 432 592 274 0 656 225 531 581 455 241 81 310 593 586 502 327 330 598 339 149 409 525 269 330 477 385 710 433 193 274 229
371 699 863 639 110 434 1055 493 656 0 881 126 617 920 868 655 695 944 836 157 984 909 855 376 801 595 262 887 865 180 601 568 1063 850 928 856
553 231 151 289 779 613 522 470 225 881 0 756 712 417 121 240 413 590 634 727 102 233 641 548 85 539 742 147 283 701 533 865 240 32 57 146
250 572 737 522 32 334 938 389 531 126 756 0 536 801 742 528 595 837 737 55 858 784 756 254 675 489 223 761 741 54 518 521 936 725 802 736
357 486 593 679 526 219 548 694 581 617 712 536 0 460 617 509 850 388 252 567 783 572 269 358 634 174 725 613 500 519 858 173 752 695 725 794
551 317 266 582 810 506 143 711 455 920 417 801 460 0 296 383 760 177 266 801 436 188 264 547 384 349 899 271 137 758 840 633 330 422 395 555
515 173 30 346 761 548 405 514 241 868 121 742 617 296 0 214 501 468 518 721 166 115 524 510 107 450 764 31 161 689 606 779 195 128 110 262
313 66 214 206 549 378 523 331 81 655 240 528 509 383 214 0 390 514 504 507 338 280 517 308 154 335 555 236 265 475 458 646 410 213 279 286
531 450 522 184 627 659 892 205 310 695 413 595 850 760 501 390 0 903 892 545 490 611 905 527 394 690 465 532 628 547 137 948 654 388 469 287
595 453 438 720 839 510 176 824 593 944 590 837 388 177 468 514 903 0 140 848 613 364 127 592 547 349 971 445 307 801 968 551 501 591 571 723
509 454 488 708 735 403 312 783 586 836 634 737 252 266 518 504 892 140 0 755 678 433 18 507 576 253 892 502 364 707 937 411 595 629 627 753
253 555 719 482 87 356 941 340 502 157 727 55 567 801 721 507 545 848 755 0 830 770 774 257 649 503 172 742 732 48 464 564 917 696 776 699
652 319 193 386 881 702 517 568 327 984 102 858 783 436 166 338 490 613 678 830 0 249 682 646 184 615 843 176 314 803 617 943 177 134 60 204
542 219 89 447 799 545 289 604 330 909 233 784 572 188 115 280 611 364 433 770 249 0 436 537 218 420 834 86 72 733 709 741 180 243 207 377
527 465 494 721 754 422 302 799 598 855 641 756 269 264 524 517 905 127 18 774 682 436 0 526 584 271 910 506 367 726 953 425 594 637 632 761
5 337 500 385 265 142 685 346 339 376 548 254 358 547 510 308 527 592 507 257 646 537 526 0 462 254 385 524 489 211 510 424 699 519 586 566
468 148 128 240 698 527 504 414 149 801 85 675 634 384 107 154 394 547 576 649 184 218 584 462 0 460 675 138 246 621 499 783 286 62 127 177
255 312 428 513 490 162 470 552 409 595 539 489 174 349 450 335 690 349 253 503 615 420 271 254 460 0 639 449 352 456 713 328 600 522 555 619
383 615 768 462 250 508 1042 285 525 262 742 223 725 899 764 555 465 971 892 172 843 834 910 385 675 639 0 789 809 213 352 735 958 710 796 679
530 188 24 376 779 555 376 543 269 887 147 761 613 271 31 236 532 445 502 742 176 86 506 524 138 449 789 0 140 708 637 777 175 157 126 291
494 199 131 454 754 485 263 596 330 865 283 741 500 137 161 265 628 307 364 732 314 72 367 489 246 352 809 140 0 692 715 670 251 285 266 418
208 520 685 468 82 308 896 341 477 180 701 54 519 758 689 475 547 801 707 48 803 733 726 211 621 456 213 708 692 0 477 522 884 670 748 681
513 523 623 262 550 651 978 164 385 601 533 518 858 840 606 458 137 968 937 464 617 709 953 510 499 713 352 637 715 477 0 933 773 504 589 418
421 634 756 791 502 288 717 770 710 568 865 521 173 633 779 646 948 551 411 564 943 741 425 424 783 328 735 777 670 522 933 0 922 845 883 933
704 364 199 523 955 721 372 700 433 1063 240 936 752 330 195 410 654 501 595 917 177 180 594 699 286 600 958 175 251 884 773 922 0 268 184 375
525 210 156 258 749 589 533 438 193 850 32 725 695 422 128 213 388 591 629 696 134 243 637 519 62 522 710 157 285 670 504 845 268 0 87 134
592 258 139 346 825 641 488 526 274 928 57 802 725 395 110 279 469 571 627 776 60 207 632 586 127 555 796 126 266 748 589 883 184 87 0 193
572 310 290 219 763 660 667 395 229 856 146 736 794 555 262 286 287 723 753 699 204 377 761 566 177 619 679 291 418 681 418 933 375 134 193 0
