44
0 570 153 666 159 479 339 198 177 436 507 385 605 594 410 441 333 505 446 441 471 452 170 592 88 522 232 174 330 477 497 252 552 52 452 330 336 381 298 254 351 145 553 314
570 0 719 97 445 421 497 768 709 386 352 952 722 361 519 375 862 707 508 459 514 904 402 712 618 149 785 693 529 758 629 652 400 612 1020 621 266 852 538 319 536 490 145 702
153 719 0 816 283 618 464 69 79 530 609 256 616 697 531 538 271 504 506 516 596 346 316 685 108 676 162 185 381 449 522 318 644 131 301 340 472 274 412 407 467 249 688 365
666 97 816 0 543 466 566 864 807 468 423 1047 798 415 579 456 951 791 590 541 563 1000 499 757 716 196 877 784 621 847 711 734 465 707 1117 714 363 949 613 413 604 588 208 781
159 445 283 543 0 475 381 343 264 280 348 534 500 435 450 284 492 418 310 295 500 482 75 660 177 432 391 329 215 418 386 375 395 211 582 258 189 421 364 167 408 47 404 440
479 421 618 466 475 0 169 631 656 641 659 765 950 712 135 636 618 885 732 697 98 928 400 291 565 274 590 488 676 894 837 374 718 486 879 733 442 858 232 324 191 516 527 392
339 497 464 566 381 169 0 469 512 607 646 596 880 714 71 605 449 799 676 650 133 791 313 280 427 371 421 320 596 792 766 205 704 335 712 634 419 719 62 274 40 412 567 230
198 768 69 864 343 631 469 0 142 597 675 191 682 764 533 605 207 569 576 585 599 380 367 668 173 715 103 160 450 510 590 300 712 160 257 408 529 311 412 451 466 312 746 337
177 709 79 807 264 656 512 142 0 481 562 312 540 649 582 490 349 426 443 458 645 281 314 749 96 683 241 259 318 370 449 386 593 178 325 267 451 208 465 411 520 221 663 437
436 386 530 468 280 641 607 597 481 0 81 787 338 168 666 12 768 323 122 73 699 579 314 885 424 467 662 609 185 385 243 649 116 488 803 280 198 545 610 333 642 292 263 714
507 352 609 423 348 659 646 675 562 81 0 865 374 88 700 71 840 381 182 136 726 657 371 918 501 456 737 678 266 452 296 708 58 560 885 359 227 625 656 372 683 366 215 772
385 952 256 1047 534 765 596 191 312 787 865 0 837 954 648 795 174 721 756 770 714 456 555 734 364 888 177 280 631 648 756 396 901 340 142 575 720 402 534 633 582 504 937 403
605 722 616 798 500 950 880 682 540 338 374 837 0 407 947 348 887 116 222 267 992 453 566 1159 544 803 777 766 285 200 113 856 341 647 794 279 519 464 864 626 908 477 589 919
594 361 697 415 435 712 714 764 649 168 88 954 407 0 765 159 928 436 249 209 785 733 454 981 590 485 824 764 348 515 348 789 71 647 972 438 298 705 729 444 752 454 216 852
410 519 531 579 450 135 71 533 582 666 700 648 947 765 0 664 493 869 741 712 66 861 381 218 498 382 477 379 664 864 833 252 759 404 770 705 473 790 120 333 67 483 604 261
441 375 538 456 284 636 605 605 490 12 71 795 348 159 664 0 773 335 134 84 695 591 315 882 431 458 668 613 197 398 255 651 111 494 813 292 193 556 609 331 640 298 251 716
333 862 271 951 492 618 449 207 349 768 840 174 887 928 493 773 0 775 765 767 556 572 488 562 355 776 110 170 641 718 791 244 884 280 315 610 660 507 386 547 428 476 871 237
505 707 504 791 418 885 799 569 426 323 381 721 116 436 869 335 775 0 201 251 918 346 490 1076 438 769 665 661 208 92 87 758 365 544 678 174 475 351 778 562 825 388 586 819
446 508 506 590 310 732 676 576 443 122 182 756 222 249 741 134 765 201 0 49 781 485 366 957 410 582 655 619 125 270 121 684 178 496 751 197 297 462 669 412 708 302 384 749
441 459 516 541 295 697 650 585 458 73 136 770 267 209 712 84 767 251 49 0 749 524 344 930 415 536 659 616 143 317 170 671 141 493 773 229 257 496 646 380 682 296 335 736
471 514 596 563 500 98 133 599 645 699 726 714 992 785 66 695 556 918 781 749 0 924 428 199 560 369 544 445 711 917 878 317 785 468 836 757 502 852 186 369 133 535 612 322
452 904 346 1000 482 928 791 380 281 579 657 456 453 733 861 591 572 346 485 524 924 0 551 1030 364 913 482 530 395 254 417 664 664 460 369 299 639 72 746 648 800 434 821 711
170 402 316 499 75 400 313 367 314 314 371 555 566 454 381 315 488 490 366 344 428 551 0 593 219 370 396 319 283 493 452 336 424 216 618 332 171 487 303 98 342 119 385 400
592 712 685 757 660 291 280 668 749 885 918 734 1159 981 218 882 562 1076 957 930 199 1030 593 0 678 565 588 507 875 1063 1045 368 977 572 871 907 692 957 298 551 251 687 812 336
88 618 108 716 177 565 427 173 96 424 501 364 544 590 498 431 355 438 410 415 560 364 219 678 0 587 245 223 286 400 441 328 539 110 405 265 366 293 385 315 439 140 581 386
522 149 676 196 432 274 371 715 683 467 456 888 803 485 382 458 776 769 582 536 369 913 370 565 587 0 713 614 571 805 701 548 510 555 973 653 294 853 421 272 409 480 276 591
232 785 162 877 391 590 421 103 241 662 737 177 777 824 477 668 110 665 655 659 544 482 396 588 245 713 0 102 531 611 681 229 778 181 292 500 567 413 360 466 410 370 781 252
174 693 185 784 329 488 320 160 259 609 678 280 766 764 379 613 170 661 619 616 445 530 319 507 223 614 102 0 501 618 662 139 724 123 392 488 490 459 260 377 312 320 701 180
330 529 381 621 215 676 596 450 318 185 266 631 285 348 664 197 641 208 125 143 711 395 283 875 286 571 531 501 0 233 171 577 284 378 630 96 277 359 579 353 623 194 430 641
477 758 449 847 418 894 792 510 370 385 452 648 200 515 864 398 718 92 270 317 917 254 493 1063 400 805 611 618 233 0 173 727 444 510 596 160 510 264 764 576 814 381 647 786
497 629 522 711 386 837 766 590 449 243 296 756 113 348 833 255 791 87 121 170 878 417 452 1045 441 701 681 662 171 173 0 746 278 542 728 182 411 411 751 513 794 365 504 810
252 652 318 734 375 374 205 300 386 649 708 396 856 789 252 651 244 758 684 671 317 664 336 368 328 548 229 139 577 727 746 0 760 218 521 583 495 592 142 358 186 383 688 64
552 400 644 465 395 718 704 712 593 116 58 901 341 71 759 111 884 365 178 141 785 664 424 977 539 510 778 724 284 444 278 760 0 604 912 370 285 638 712 429 740 408 258 824
52 612 131 707 211 486 335 160 178 488 560 340 647 647 404 494 280 544 496 493 468 460 216 572 110 555 181 123 378 510 542 218 604 0 417 370 386 387 286 293 341 197 601 276
452 1020 301 1117 582 879 712 257 325 803 885 142 794 972 770 813 315 678 751 773 836 369 618 871 405 973 292 392 630 596 728 521 912 417 0 558 771 333 652 707 703 543 985 537
330 621 340 714 258 733 634 408 267 280 359 575 279 438 705 292 610 174 197 229 757 299 332 907 265 653 500 488 96 160 182 583 370 370 558 0 362 267 608 416 657 221 526 645
336 266 472 363 189 442 419 529 451 198 227 720 519 298 473 193 660 475 297 257 502 639 171 692 366 294 567 490 277 510 411 495 285 386 771 362 0 586 430 146 456 229 216 557
381 852 274 949 421 858 719 311 208 545 625 402 464 705 790 556 507 351 462 496 852 72 487 957 293 853 413 459 359 264 411 592 638 387 333 267 586 0 674 585 728 373 777 639
298 538 412 613 364 232 62 412 465 610 656 534 864 729 120 609 386 778 669 646 186 746 303 298 385 421 360 260 579 764 751 142 712 286 652 608 430 674 0 284 54 389 596 172
254 319 407 413 167 324 274 451 411 333 372 633 626 444 333 331 547 562 412 380 369 648 98 551 315 272 466 377 353 576 513 358 429 293 707 416 146 585 284 0 310 214 330 418
351 536 467 604 408 191 40 466 520 642 683 582 908 752 67 640 428 825 708 682 133 800 342 251 439 409 410 312 623 814 794 186 740 341 703 657 456 728 54 310 0 436 607 201
145 490 249 588 47 516 412 312 221 292 366 504 477 454 483 298 476 388 302 296 535 434 119 687 140 480 370 320 194 381 365 383 408 197 543 221 229 373 389 214 436 0 442 448
553 145 688 208 404 527 567 746 663 263 215 937 589 216 604 251 871 586 384 335 612 821 385 812 581 276 781 701 430 647 504 688 258 601 985 526 216 777 596 330 607 442 0 745
314 702 365 781 440 392 230 337 437 714 772 403 919 852 261 716 237 819 749 736 322 711 400 336 386 591 252 180 641 786 810 64 824 276 537 645 557 639 172 418 201 448 745 0
