43
0 456 564 517 219 568 598 407 215 552 347 570 451 367 357 285 561 430 516 105 271 141 721 618 511 574 481 293 653 607 470 304 467 205 294 525 464 581 294 410 331 507 406
456 0 375 156 546 379 219 736 241 354 757 381 536 147 619 627 1017 808 960 562 605 594 895 1075 948 721 717 680 879 298 127 722 915 361 497 642 920 736 748 827 154 929 782
564 375 0 233 495 4 234 955 422 21 705 6 853 278 868 831 1042 708 932 642 813 653 608 1104 906 449 513 855 629 140 248 868 1006 606 759 957 969 467 780 973 313 866 968
517 156 233 0 543 236 82 851 315 212 764 238 683 149 744 734 1062 797 982 616 714 641 805 1122 964 634 659 777 806 142 47 809 984 476 624 789 973 651 789 916 187 936 886
219 546 495 543 0 498 614 594 334 491 221 499 670 413 568 481 547 262 444 215 471 199 503 609 422 365 262 464 433 585 506 446 530 412 513 744 478 369 291 534 393 392 568
568 379 4 236 498 0 237 959 427 25 708 1 858 283 873 836 1046 711 935 647 817 657 607 1107 909 449 514 859 630 141 252 873 1010 610 764 961 973 467 783 977 318 869 972
598 219 234 82 614 237 0 933 398 217 835 238 755 232 824 817 1140 863 1056 697 796 721 835 1200 1036 669 708 860 845 104 130 892 1066 557 703 861 1052 686 868 999 269 1006 968
407 736 955 851 594 959 933 0 543 940 592 961 326 711 132 124 543 694 615 379 142 403 1085 571 637 959 844 134 1000 970 804 186 353 377 247 304 443 963 431 200 671 671 93
215 241 422 315 334 427 398 543 0 406 528 429 443 169 447 423 776 592 722 320 403 353 769 833 712 600 554 462 728 426 267 494 677 183 336 542 679 613 506 601 129 698 571
552 354 21 212 491 25 217 940 406 0 704 27 835 259 852 817 1038 710 931 633 798 644 622 1099 905 461 520 842 641 126 227 857 998 589 742 938 963 478 774 962 294 866 955
347 757 705 764 221 708 835 592 528 704 0 709 767 630 615 508 353 102 227 269 508 227 527 412 202 453 312 459 428 803 726 410 397 551 603 818 312 449 169 462 607 173 534
570 381 6 238 499 1 238 961 429 27 709 0 860 285 875 837 1047 712 936 648 819 658 607 1108 910 449 514 861 629 142 254 874 1012 612 766 963 974 466 785 978 320 870 974
451 536 853 683 670 858 755 326 443 835 767 860 0 576 202 300 833 863 866 499 288 541 1167 872 877 1011 930 378 1104 821 641 449 657 272 164 105 727 1020 645 512 540 895 414
367 147 278 149 413 283 232 711 169 259 630 285 576 0 610 592 916 673 843 467 571 493 749 975 827 575 570 631 731 259 103 660 834 342 494 680 825 590 643 767 40 803 740
357 619 868 744 568 873 824 132 447 852 615 875 202 610 0 110 636 716 682 365 107 400 1070 671 698 930 828 182 994 869 697 252 456 268 122 210 530 936 472 309 570 723 213
285 627 831 734 481 836 817 124 423 817 508 837 300 592 110 0 533 610 572 269 21 299 979 572 587 846 737 78 898 849 687 148 361 266 167 320 426 851 362 225 552 612 156
561 1017 1042 1062 547 1046 1140 543 776 1038 353 1047 833 916 636 533 0 405 161 455 546 423 840 61 201 797 656 455 734 1125 1018 384 192 717 690 841 107 791 272 343 885 262 452
430 808 708 797 262 711 863 694 592 710 102 712 863 673 716 610 405 0 254 363 609 322 443 460 218 394 253 561 339 819 763 512 482 636 699 917 387 386 269 560 655 165 635
516 960 932 982 444 935 1056 615 722 931 227 936 866 843 682 572 161 254 0 416 581 375 681 209 40 648 507 502 574 1029 942 434 303 701 709 892 192 640 230 432 816 101 532
105 562 642 616 215 647 697 379 320 633 269 648 499 467 365 269 455 363 416 0 262 43 710 513 414 580 467 248 630 698 571 236 369 289 335 557 359 584 190 334 433 415 354
271 605 813 714 471 817 796 142 403 798 508 819 288 571 107 21 546 609 581 262 0 295 971 587 594 836 729 95 892 829 666 163 377 244 149 314 439 841 366 245 531 617 177
141 594 653 641 199 657 721 403 353 644 227 658 541 493 400 299 423 322 375 43 295 0 682 482 372 559 441 270 599 716 596 246 353 332 377 596 331 562 153 336 461 372 369
721 895 608 805 503 607 835 1085 769 622 527 607 1167 749 1070 979 840 443 681 710 971 682 0 891 641 174 242 951 107 748 794 917 923 900 1014 1246 830 159 694 984 756 580 1043
618 1075 1104 1122 609 1107 1200 571 833 1099 412 1108 872 975 671 572 61 460 209 513 587 482 891 0 249 854 712 494 784 1186 1078 424 217 768 733 873 157 847 332 370 944 310 478
511 948 906 964 422 909 1036 637 712 905 202 910 877 827 698 587 201 218 40 414 594 372 641 249 0 611 471 519 534 1006 924 453 336 702 718 908 225 603 234 459 801 61 557
574 721 449 634 365 449 669 959 600 461 453 449 1011 575 930 846 797 394 648 580 836 559 174 854 611 0 141 828 181 587 621 804 845 740 863 1094 766 17 604 883 582 555 928
481 717 513 659 262 514 708 844 554 520 312 514 930 570 828 737 656 253 507 467 729 441 242 712 471 141 0 711 175 642 636 680 707 667 775 1006 625 136 468 753 566 416 806
293 680 855 777 464 859 860 134 462 842 459 861 378 631 182 78 455 561 502 248 95 270 951 494 519 828 711 0 865 885 730 70 282 323 244 391 349 831 302 153 592 548 112
653 879 629 806 433 630 845 1000 728 641 428 629 1104 731 994 898 734 339 574 630 892 599 107 784 534 181 175 865 0 767 789 827 821 842 947 1177 726 163 597 889 732 473 953
607 298 140 142 585 141 104 970 426 126 803 142 821 259 869 849 1125 819 1029 698 829 716 748 1186 1006 587 642 885 767 0 180 909 1068 601 752 927 1044 605 856 1016 299 971 996
470 127 248 47 506 252 130 804 267 227 726 254 641 103 697 687 1018 763 942 571 666 596 794 1078 924 621 636 730 789 180 0 761 937 429 578 747 928 638 745 868 139 899 838
304 722 868 809 446 873 892 186 494 857 410 874 449 660 252 148 384 512 434 236 163 246 917 424 453 804 680 70 827 909 761 0 215 374 310 461 278 806 246 107 622 486 126
467 915 1006 984 530 1010 1066 353 677 998 397 1012 657 834 456 361 192 482 303 369 377 353 923 217 336 845 707 282 821 1068 937 215 0 581 526 655 111 843 244 152 799 388 261
205 361 606 476 412 610 557 377 183 589 551 612 272 342 268 266 717 636 701 289 244 332 900 768 702 740 667 323 842 601 429 374 581 0 153 365 611 750 472 475 302 704 421
294 497 759 624 513 764 703 247 336 742 603 766 164 494 122 167 690 699 709 335 149 377 1014 733 718 863 775 244 947 752 578 310 526 153 0 231 582 871 484 393 455 734 314
525 642 957 789 744 961 861 304 542 938 818 963 105 680 210 320 841 917 892 557 314 596 1246 873 908 1094 1006 391 1177 927 747 461 655 365 231 0 737 1102 681 504 644 932 398
464 920 969 973 478 973 1052 443 679 963 312 974 727 825 530 426 107 387 192 359 439 331 830 157 225 766 625 349 726 1044 928 278 111 611 582 737 0 761 189 248 792 279 354
581 736 467 651 369 467 686 963 613 478 449 466 1020 590 936 851 791 386 640 584 841 562 159 847 603 17 136 831 163 605 638 806 843 750 871 1102 761 0 602 883 596 546 930
294 748 780 789 291 783 868 431 506 774 169 785 645 643 472 362 272 269 230 190 366 153 694 332 234 604 468 302 597 856 745 246 244 472 484 681 189 602 0 292 612 251 367
410 827 973 916 534 977 999 200 601 962 462 978 512 767 309 225 343 560 432 334 245 336 984 370 459 883 753 153 889 1016 868 107 152 475 393 504 248 883 292 0 729 502 108
331 154 313 187 393 318 269 671 129 294 607 320 540 40 570 552 885 655 816 433 531 461 756 944 801 582 566 592 732 299 139 622 799 302 455 644 792 596 612 729 0 780 701
507 929 866 936 392 869 1006 671 698 866 173 870 895 803 723 612 262 165 101 415 617 372 580 310 61 555 416 548 473 971 899 486 388 704 734 932 279 546 251 502 780 0 596
406 782 968 886 568 972 968 93 571 955 534 974 414 740 213 156 452 635 532 354 177 369 1043 478 557 928 806 112 953 996 838 126 261 421 314 398 354 930 367 108 701 596 0
