98
0 108 417 785 558 558 281 865 432 734 672 799 367 335 584 274 644 262 820 274 575 875 713 829 637 577 817 812 335 146 428 379 229 863 342 960 765 643 239 490 117 645 588 275 725 930 730 584 359 347 591 665 208 336 791 821 636 598 507 507 399 496 877 1006 767 727 551 456 798 572 112 532 461 519 652 608 500 503 506 168 575 234 572 913 624 849 684 752 626 564 206 433 580 57 715 462 543 583
108 0 364 855 469 459 210 884 459 769 673 853 340 228 479 267 666 370 868 379 530 863 722 896 546 536 804 877 438 62 450 416 277 845 445 951 730 618 346 508 224 547 508 245 741 897 789 514 297 429 649 675 317 418 762 771 698 642 538 602 343 556 879 990 763 707 451 442 771 640 93 493 503 598 738 622 487 466 404 84 493 220 548 897 549 858 676 795 677 608 314 529 474 129 740 443 461 600
417 364 0 779 236 306 158 627 319 572 386 710 103 310 398 188 446 616 707 565 166 534 451 800 309 177 475 775 608 407 297 330 325 506 606 624 372 279 608 315 503 359 214 152 489 538 676 181 71 494 556 416 573 752 408 407 611 501 380 682 22 490 579 651 457 370 301 168 422 585 457 139 394 602 754 384 200 120 308 418 217 201 217 561 229 576 368 623 552 473 557 631 392 378 515 156 191 374
785 855 779 0 1013 1084 823 446 462 304 532 156 683 1000 1170 656 396 669 200 578 777 670 484 55 1078 750 655 60 539 915 483 470 581 707 526 694 778 676 698 467 730 1136 971 711 436 851 118 911 804 441 223 469 689 903 756 900 169 284 399 360 788 306 572 771 577 670 1079 620 738 215 898 731 389 272 210 452 607 716 1077 938 983 691 662 715 958 513 584 240 230 307 669 416 1164 736 376 636 964 444
558 469 236 1013 0 97 283 812 555 787 572 935 339 289 202 406 660 799 928 766 282 661 640 1032 80 309 608 1006 815 486 532 566 540 620 816 746 455 427 784 546 666 123 81 356 686 595 907 145 237 720 791 616 749 887 502 421 846 732 613 911 232 727 736 749 618 505 97 394 523 821 553 303 631 837 990 596 414 307 146 485 54 401 393 673 134 748 538 843 784 706 738 854 197 539 722 378 52 591
558 459 306 1084 97 0 305 905 623 872 663 1015 402 248 104 453 745 811 1010 790 377 759 732 1106 118 404 706 1081 843 463 601 626 579 717 845 844 553 522 793 621 672 88 178 398 776 691 982 242 285 763 861 705 760 874 600 515 916 807 686 955 296 791 832 847 713 602 7 472 621 886 532 394 697 893 1047 681 497 394 68 457 151 438 484 771 230 843 632 925 858 779 751 895 100 548 810 457 147 674
281 210 158 823 283 305 0 748 370 665 516 782 173 184 364 166 546 515 787 486 325 684 575 853 364 335 625 830 538 250 352 352 276 660 539 774 531 431 501 394 384 385 306 111 605 697 734 305 88 462 600 534 466 617 566 563 654 565 446 654 136 518 718 805 597 522 298 280 578 612 303 296 436 604 756 490 322 272 272 259 295 138 364 714 342 708 507 706 611 533 454 591 359 256 619 275 263 473
865 884 627 446 812 905 748 0 433 173 242 291 575 928 1007 619 221 886 250 790 530 247 175 419 851 502 257 396 782 945 437 490 639 295 771 249 423 387 903 376 871 924 744 654 144 436 344 674 685 625 382 214 878 1113 384 539 388 312 362 681 646 442 135 327 205 327 902 469 361 445 962 511 420 543 602 262 429 515 925 964 765 666 421 284 709 82 274 216 326 336 854 696 1002 808 153 477 760 284
432 459 319 462 555 623 370 433 0 309 266 412 221 553 708 209 211 484 419 396 355 481 290 487 624 334 430 463 410 521 22 62 206 484 403 557 450 316 494 68 443 678 521 259 295 591 365 469 342 253 238 241 464 695 455 552 293 195 79 407 326 174 457 616 363 368 617 174 451 266 531 301 76 299 445 182 182 278 615 542 530 252 264 525 518 423 296 340 241 163 441 377 702 375 283 191 508 156
734 769 572 304 787 872 665 173 309 0 242 166 497 850 969 515 127 725 144 628 521 368 185 292 841 492 351 265 616 831 321 356 505 403 604 400 482 397 745 271 725 907 731 560 133 547 188 665 618 462 209 182 722 957 456 605 217 147 230 508 587 276 276 477 273 374 868 404 437 272 838 486 274 370 434 191 374 479 880 852 748 560 402 413 707 218 293 66 153 176 699 525 963 678 75 416 735 198
672 673 386 532 572 663 516 242 266 242 0 408 344 692 765 406 137 750 386 662 292 214 68 529 616 264 166 502 672 731 259 329 461 222 664 291 245 157 760 198 702 687 507 431 118 346 413 438 447 511 362 62 730 959 228 368 400 273 229 631 406 368 206 349 96 139 661 237 214 422 757 269 295 499 612 100 193 273 683 748 527 452 179 259 476 191 52 307 320 272 707 620 760 617 167 241 519 124
799 853 710 156 935 1015 782 291 412 166 408 0 624 966 1108 621 282 734 44 637 678 522 351 130 993 650 513 105 610 915 430 441 577 562 597 540 649 562 759 395 766 1057 884 672 299 707 82 820 748 479 209 347 743 971 622 771 174 217 336 459 723 303 419 617 437 541 1011 543 602 245 910 639 352 337 339 345 521 629 1017 937 899 662 560 565 864 360 459 100 176 249 720 498 1102 745 242 557 884 345
367 340 103 683 339 402 173 575 221 497 344 624 0 355 487 101 375 534 625 475 216 524 402 707 412 213 465 683 514 394 199 226 231 505 511 612 398 279 531 229 435 461 317 94 432 564 584 278 123 393 459 360 495 693 425 460 514 410 288 579 107 389 548 650 429 366 397 107 433 484 430 168 295 498 651 317 151 137 395 409 321 133 208 557 327 535 340 542 460 380 477 529 482 319 447 105 295 302
335 228 310 1000 289 248 184 928 553 850 692 966 355 0 251 345 730 597 972 596 462 844 753 1033 354 480 786 1011 654 218 536 531 431 814 658 934 669 589 574 579 452 336 352 293 786 829 915 386 244 612 779 714 544 631 710 673 833 749 630 798 288 694 889 957 767 680 241 459 725 787 289 448 617 768 917 673 499 431 185 210 330 309 528 869 404 884 677 890 793 716 539 729 247 342 803 451 302 657
584 479 398 1170 202 104 364 1007 708 969 765 1108 487 251 0 525 842 845 1105 835 481 864 833 1195 204 508 811 1170 891 468 687 705 641 822 894 948 657 626 823 713 701 140 282 469 877 793 1071 347 366 826 946 805 792 879 704 616 1001 897 776 1018 385 871 936 951 817 706 106 566 726 967 538 496 781 966 1120 779 594 494 93 458 255 503 586 876 332 946 735 1021 947 868 786 954 5 584 908 553 251 771
274 267 188 656 406 453 166 619 209 515 406 621 101 345 525 0 404 433 629 377 318 602 454 687 485 314 544 665 419 326 195 186 136 589 418 688 494 369 429 246 334 523 400 56 475 658 569 370 170 313 434 408 393 593 518 561 488 404 288 504 181 351 612 733 498 452 447 182 524 446 351 269 271 441 595 356 226 238 431 345 399 46 298 639 417 591 412 550 447 371 375 448 519 223 479 187 370 335
644 666 446 396 660 745 546 221 211 127 137 282 375 730 842 404 0 674 269 580 396 320 109 397 714 368 286 370 580 728 216 268 417 343 570 379 383 281 689 158 651 780 604 444 89 477 278 539 494 419 228 76 662 897 365 504 263 140 142 512 462 251 264 448 205 276 741 278 350 291 741 359 204 375 478 64 247 352 754 748 621 450 277 368 582 220 189 185 183 146 639 511 836 586 74 290 608 72
262 370 616 669 799 811 515 886 484 725 750 734 534 597 845 433 674 0 766 97 750 965 770 722 879 743 913 712 131 400 492 421 310 967 143 1040 908 775 33 552 145 896 814 464 763 1063 653 797 575 263 533 721 53 237 923 989 560 578 534 324 604 450 935 1100 847 843 804 589 923 488 343 699 470 401 488 662 624 668 764 419 807 414 709 1009 841 894 778 719 583 550 60 255 840 263 734 601 775 635
820 868 707 200 928 1010 787 250 419 144 386 44 625 972 1105 629 269 766 0 669 665 486 326 169 983 636 480 146 644 931 435 453 594 528 631 500 622 542 790 396 792 1049 873 678 273 673 122 808 748 508 235 327 772 1003 593 745 207 226 341 498 721 327 381 577 407 515 1006 539 573 278 928 628 365 373 383 333 513 620 1015 953 890 671 546 528 851 322 436 84 194 260 750 535 1099 765 219 552 876 336
274 379 565 578 766 790 486 790 396 628 662 637 475 596 835 377 580 97 669 0 687 877 678 630 847 677 827 619 60 421 407 335 244 881 68 950 832 698 121 464 174 871 773 417 669 984 558 747 534 165 435 630 110 333 844 919 463 481 441 247 556 353 843 1012 758 762 783 517 843 392 375 633 376 308 407 571 548 603 749 443 768 368 634 922 794 800 693 621 486 454 92 174 830 254 638 530 737 545
575 530 166 777 282 377 325 530 355 521 292 678 216 462 481 318 396 750 665 687 0 390 361 787 323 28 334 760 720 574 333 392 443 355 716 478 207 145 747 318 651 394 214 301 409 372 663 145 237 584 567 342 712 907 247 245 618 493 387 758 189 525 455 495 336 227 375 182 263 611 623 54 426 654 797 332 175 83 406 585 234 347 118 410 186 466 256 581 547 474 693 718 476 532 451 166 230 335
875 863 534 670 661 759 684 247 481 368 214 522 524 844 864 602 320 965 486 877 390 0 211 652 682 367 59 627 886 918 473 543 672 51 877 89 214 255 974 413 913 758 583 617 245 188 557 516 604 724 546 253 943 1171 167 311 572 458 440 833 557 570 114 135 119 164 758 421 143 610 952 396 507 696 792 308 377 414 795 933 609 646 320 47 538 166 191 430 495 467 921 828 859 821 302 420 612 334
713 722 451 484 640 732 575 175 290 185 68 351 402 753 833 454 109 770 326 678 361 211 0 477 685 333 178 450 682 781 288 352 494 234 672 273 297 224 782 225 734 756 575 485 52 372 366 507 510 520 336 49 753 986 271 420 367 248 236 621 470 359 166 340 97 189 729 295 253 400 803 338 302 485 585 108 254 340 750 800 596 501 248 259 544 136 112 251 288 255 730 618 828 656 109 302 588 135
829 896 800 55 1032 1106 853 419 487 292 529 130 707 1033 1195 687 397 722 169 630 787 652 477 0 1094 760 642 26 591 956 507 501 620 692 579 669 773 679 750 486 778 1155 986 741 426 836 124 925 830 488 253 467 739 956 748 896 200 300 420 415 810 342 549 746 565 665 1102 638 729 256 942 744 417 322 265 457 621 731 1102 979 999 724 670 695 970 490 581 226 247 327 719 470 1189 778 367 653 982 452
637 546 309 1078 80 118 364 851 624 841 616 993 412 354 204 485 714 879 983 847 323 682 685 1094 0 352 633 1068 895 559 602 639 619 637 896 763 469 464 864 610 746 76 109 435 733 594 969 177 316 798 858 665 830 964 517 415 912 795 678 988 308 798 765 758 652 534 123 457 540 891 627 354 700 911 1063 650 473 364 184 556 95 481 440 688 144 783 577 899 848 770 818 933 201 619 773 441 117 648
577 536 177 750 309 404 335 502 334 492 264 650 213 480 508 314 368 743 636 677 28 367 333 760 352 0 310 733 708 583 313 374 434 334 704 456 195 118 741 295 648 422 242 302 381 361 636 174 249 569 543 313 706 906 231 247 593 467 363 739 200 503 429 476 309 204 402 165 246 588 629 45 405 633 775 305 153 75 431 595 263 345 90 389 214 438 228 553 521 448 687 702 502 532 422 149 257 307
817 804 475 655 608 706 625 257 430 351 166 513 465 786 811 544 286 913 480 827 334 59 178 642 633 310 0 616 838 859 421 492 617 57 830 148 172 196 922 362 857 708 532 558 221 195 539 464 545 677 514 213 890 1116 129 283 545 425 395 794 498 530 138 189 81 106 705 362 105 577 893 338 461 660 763 264 318 355 740 874 556 588 260 96 488 176 135 416 466 430 868 785 806 763 280 360 559 289
812 877 775 60 1006 1081 830 396 463 265 502 105 683 1011 1170 665 370 712 146 619 760 627 450 26 1068 733 616 0 583 938 483 479 601 666 570 645 746 652 740 460 765 1129 960 719 399 810 99 898 806 474 231 440 729 948 722 869 179 274 395 411 786 322 524 722 539 639 1077 612 703 240 925 718 394 311 268 430 595 705 1078 961 974 702 643 670 944 466 554 199 223 302 708 463 1165 761 340 628 956 425
335 438 608 539 815 843 538 782 410 616 672 610 514 654 891 419 580 131 644 60 720 886 682 591 895 708 838 583 0 481 424 351 283 893 12 955 855 720 162 477 233 923 818 462 668 1002 528 789 581 161 415 635 161 364 864 948 437 470 446 194 600 340 844 1020 766 779 836 546 861 365 435 666 379 274 358 577 573 636 803 503 814 414 660 932 837 799 706 603 468 446 147 124 886 313 633 560 784 551
146 62 407 915 486 463 250 945 521 831 731 915 394 218 468 326 728 400 931 421 574 918 781 956 559 583 859 938 481 0 512 478 338 898 489 1006 778 671 373 570 256 551 533 301 801 945 851 546 338 485 710 735 347 412 811 813 759 705 600 652 386 617 937 1044 820 760 455 498 822 700 70 541 565 656 793 682 543 516 402 23 515 280 601 951 577 918 732 857 739 671 348 579 465 182 802 498 484 661
428 450 297 483 532 601 352 437 22 321 259 430 199 536 687 195 216 492 435 407 333 473 288 507 602 313 421 483 424 512 0 72 205 474 417 551 433 299 501 63 445 656 498 242 297 578 385 446 322 269 260 239 470 699 440 534 314 213 94 427 305 197 455 608 356 355 596 152 437 289 524 279 98 321 467 181 161 256 594 532 507 239 245 517 495 423 286 355 261 182 448 395 681 371 290 169 485 155
379 416 330 470 566 626 352 490 62 356 329 441 226 531 705 186 268 421 453 335 392 543 352 501 639 374 492 479 351 478 72 0 149 546 345 619 505 370 431 130 383 687 540 241 354 650 384 494 340 198 248 303 401 633 512 602 302 227 128 365 333 166 519 678 425 427 620 209 509 261 482 337 88 272 424 244 227 311 611 500 546 223 313 587 543 483 358 379 265 193 379 328 699 322 338 226 521 217
229 277 325 581 540 579 276 639 206 505 461 577 231 431 641 136 417 310 594 244 443 672 494 620 619 434 617 601 283 338 205 149 0 668 281 753 599 466 311 268 240 653 536 183 501 756 512 506 303 185 372 445 277 498 616 679 421 370 278 377 317 279 660 807 558 539 572 279 617 365 334 390 232 336 485 386 315 360 549 361 534 140 399 714 554 628 482 524 401 336 257 316 635 172 488 291 505 361
863 845 506 707 620 717 660 295 484 403 222 562 505 814 822 589 343 967 528 881 355 51 234 692 637 334 57 666 893 898 474 546 668 0 885 126 167 228 975 417 907 713 541 599 275 144 592 475 577 733 571 270 943 1167 120 260 601 482 452 851 529 588 164 145 137 138 717 406 97 634 935 367 518 717 819 321 363 387 756 913 566 631 297 55 494 213 188 468 522 487 921 842 817 810 334 403 572 346
342 445 606 526 816 845 539 771 403 604 664 597 511 658 894 418 570 143 631 68 716 877 672 579 896 704 830 570 12 489 417 345 281 885 0 946 849 714 174 469 243 924 817 462 658 995 516 788 581 152 403 626 172 377 857 942 424 459 437 183 599 329 834 1011 757 772 838 541 854 353 444 662 370 261 345 569 568 633 806 510 814 414 654 923 835 789 699 591 456 435 157 112 889 318 622 555 784 542
960 951 624 694 746 844 774 249 557 400 291 540 612 934 948 688 379 1040 500 950 478 89 273 669 763 456 148 645 955 1006 551 619 753 126 946 0 293 344 1051 489 994 839 667 705 294 220 585 601 694 793 594 319 1021 1250 245 375 614 510 509 889 647 630 123 77 194 254 843 509 223 659 1039 486 575 751 833 378 464 504 881 1022 693 733 409 75 620 182 276 456 541 523 998 890 944 905 345 508 698 405
765 730 372 778 455 553 531 423 450 482 245 649 398 669 657 494 383 908 622 832 207 214 297 773 469 195 172 746 855 778 433 505 599 167 849 293 0 134 910 390 827 546 375 491 349 166 659 311 444 703 602 308 876 1087 47 123 643 515 445 850 395 592 311 295 221 107 553 319 71 659 823 236 504 727 851 335 284 263 594 790 401 531 199 219 327 344 193 549 564 509 856 827 653 717 406 309 409 353
643 618 279 676 427 522 431 387 316 397 157 562 279 589 626 369 281 775 542 698 145 255 224 679 464 118 196 652 720 671 299 370 466 228 714 344 134 0 778 259 698 537 356 374 275 290 559 287 349 568 485 215 744 959 149 239 530 401 318 720 302 465 310 374 190 90 520 189 154 538 710 141 374 599 730 224 151 159 550 685 379 409 71 282 322 320 113 462 453 390 723 694 621 592 324 181 375 235
239 346 608 698 784 793 501 903 494 745 760 759 531 574 823 429 689 33 790 121 747 974 782 750 864 741 922 740 162 373 501 431 311 975 174 1051 910 778 0 562 122 879 803 456 778 1068 679 788 564 284 556 733 35 213 927 988 585 598 548 356 595 471 949 1109 857 849 786 591 928 513 314 696 485 429 520 674 627 666 744 392 794 407 711 1018 832 909 786 741 605 569 54 286 819 245 750 602 762 647
490 508 315 467 546 621 394 376 68 271 198 395 229 579 713 246 158 552 396 464 318 413 225 486 610 295 362 460 477 570 63 130 268 417 469 489 390 259 562 0 508 669 503 289 235 527 361 445 352 318 250 176 531 762 392 498 303 185 69 460 327 210 392 548 295 304 617 152 386 292 585 268 115 342 480 118 143 250 621 589 515 292 215 457 493 360 229 312 238 160 509 437 707 433 232 168 496 93
117 224 503 730 666 672 384 871 443 725 702 766 435 452 701 334 651 145 792 174 651 913 734 778 746 648 857 765 233 256 445 383 240 907 243 994 827 698 122 508 0 758 689 352 737 989 691 678 453 290 557 684 92 260 848 895 595 581 509 420 487 465 900 1047 799 776 664 509 852 527 203 603 453 458 575 625 549 573 622 276 679 304 629 954 720 866 722 732 599 549 92 345 696 127 718 517 647 599
645 547 359 1136 123 88 385 924 678 907 687 1057 461 336 140 523 780 896 1049 871 394 758 756 1155 76 422 708 1129 923 551 656 687 653 713 924 839 546 537 879 669 758 0 180 470 803 669 1030 249 353 835 915 734 845 962 593 490 969 855 736 1027 354 850 840 834 726 609 96 517 616 944 621 422 754 958 1111 716 536 428 152 546 160 513 509 765 220 857 650 964 907 829 835 969 138 633 841 501 173 713
588 508 214 971 81 178 306 744 521 731 507 884 317 352 282 400 604 814 873 773 214 583 575 986 109 242 532 960 818 533 498 540 536 541 817 667 375 356 803 503 689 180 0 356 623 514 861 69 239 709 753 555 767 923 422 341 806 687 572 897 218 696 662 669 546 430 178 351 444 788 596 245 597 813 964 540 365 255 226 535 26 404 330 594 54 677 469 789 741 663 754 845 277 561 663 335 50 538
275 245 152 711 356 398 111 654 259 560 431 672 94 293 469 56 444 464 678 417 301 617 485 741 435 302 558 719 462 301 242 241 183 599 462 705 491 374 456 289 352 470 356 0 510 657 622 332 119 365 489 441 420 606 520 547 543 455 336 557 140 407 637 745 519 461 392 197 528 502 335 257 324 497 651 392 242 228 375 317 352 49 303 652 378 620 431 597 500 422 404 499 463 230 518 197 322 373
725 741 489 436 686 776 605 144 295 133 118 299 432 786 877 475 89 763 273 669 409 245 52 426 733 381 221 399 668 801 297 354 501 275 658 294 349 275 778 235 737 803 623 510 0 416 318 555 545 507 301 72 750 985 322 472 326 216 230 594 508 336 176 367 141 242 773 328 303 366 819 383 293 456 546 119 289 382 792 821 643 522 294 292 594 131 164 200 250 229 727 596 871 668 59 336 634 141
930 897 538 851 595 691 697 436 591 547 346 707 564 829 793 658 477 1063 673 984 372 188 372 836 594 361 195 810 1002 945 578 650 756 144 995 220 166 290 1068 527 989 669 514 657 416 0 735 456 609 845 706 402 1034 1249 140 180 739 617 571 977 561 714 302 179 276 222 692 480 141 768 990 403 635 846 956 446 441 430 740 956 541 696 360 156 461 355 301 612 660 618 1013 962 789 881 476 471 554 469
730 789 676 118 907 982 734 344 365 188 413 82 584 915 1071 569 278 653 122 558 663 557 366 124 969 636 539 99 528 851 385 384 512 592 516 585 659 559 679 361 691 1030 861 622 318 735 0 800 707 402 140 351 664 890 637 781 95 175 296 377 687 234 462 663 459 552 977 513 620 166 841 620 298 255 264 335 496 606 979 873 875 607 547 602 846 403 466 129 124 203 642 416 1066 677 259 528 857 329
584 514 181 911 145 242 305 674 469 665 438 820 278 386 347 370 539 797 808 747 145 516 507 925 177 174 464 898 789 546 446 494 506 475 788 601 311 287 788 445 678 249 69 332 555 456 800 0 225 671 696 488 752 921 357 289 749 627 514 855 192 643 593 605 476 361 242 295 378 734 606 180 544 765 914 475 304 195 284 551 92 382 263 528 49 608 400 724 681 605 737 808 342 552 596 278 98 475
359 297 71 804 237 285 88 685 342 618 447 748 123 244 366 170 494 575 748 534 237 604 510 830 316 249 545 806 581 338 322 340 303 577 581 694 444 349 564 352 453 353 239 119 545 609 707 225 0 483 580 473 529 696 480 475 635 533 412 675 48 506 645 722 523 440 279 218 493 601 390 210 415 607 761 434 256 190 272 348 234 166 285 632 267 639 433 665 583 504 515 617 360 326 566 209 203 421
347 429 494 441 720 763 462 625 253 462 511 479 393 612 826 313 419 263 508 165 584 724 520 488 798 569 677 474 161 485 269 198 185 733 152 793 703 568 284 318 290 835 709 365 507 845 402 671 483 0 273 473 264 497 709 801 306 315 284 192 491 187 683 858 604 622 756 403 704 237 460 529 217 171 309 416 425 501 734 508 710 324 511 770 720 638 547 457 321 288 241 136 821 303 474 419 682 389
591 649 556 223 791 861 600 382 238 209 362 209 459 779 946 434 228 533 235 435 567 546 336 253 858 543 514 231 415 710 260 248 372 571 403 594 602 485 556 250 557 915 753 489 301 706 140 696 580 273 0 304 537 769 590 721 54 89 181 299 565 94 473 668 433 500 856 401 577 64 702 519 165 160 250 267 393 501 853 733 763 471 458 593 744 418 412 188 56 95 515 317 940 538 249 418 743 250
665 675 416 469 616 705 534 214 241 182 62 347 360 714 805 408 76 721 327 630 342 253 49 467 665 313 213 440 635 735 239 303 445 270 626 319 308 215 733 176 684 734 555 441 72 402 351 488 473 473 304 0 704 937 289 430 339 215 189 581 435 317 216 385 134 201 702 255 274 365 756 312 255 446 554 59 217 311 720 754 574 455 224 300 528 184 115 247 259 217 681 575 800 608 109 264 564 86
208 317 573 689 749 760 466 878 464 722 730 743 495 544 792 393 662 53 772 110 712 943 753 739 830 706 890 729 161 347 470 401 277 943 172 1021 876 744 35 531 92 845 767 420 750 1034 664 752 529 264 537 704 0 235 894 953 569 575 520 355 559 450 920 1078 826 816 752 557 895 498 291 661 458 417 517 645 593 631 711 366 759 371 677 987 796 881 755 720 585 545 23 283 787 211 725 567 727 618
336 418 752 903 887 874 617 1113 695 957 959 971 693 631 879 593 897 237 1003 333 907 1171 986 956 964 906 1116 948 364 412 699 633 498 1167 377 1250 1087 959 213 762 260 962 923 606 985 1249 890 921 696 497 769 937 235 0 1109 1152 797 810 754 549 735 684 1153 1305 1056 1036 866 769 1112 725 342 861 693 638 714 877 809 831 815 421 909 560 889 1213 960 1115 980 954 818 781 258 486 876 375 960 778 877 851
791 762 408 756 502 600 566 384 455 456 228 622 425 710 704 518 365 923 593 844 247 167 271 748 517 231 129 722 864 811 440 512 616 120 857 245 47 149 927 392 848 593 422 520 322 140 637 357 480 709 590 289 894 1109 0 155 628 502 442 849 431 587 267 249 187 90 599 339 24 649 854 270 504 721 840 324 300 295 640 824 448 557 220 171 374 304 177 522 549 498 873 829 699 741 381 331 455 344
821 771 407 900 421 515 563 539 552 605 368 771 460 673 616 561 504 989 745 919 245 311 420 896 415 247 283 869 948 813 534 602 679 260 942 375 123 239 988 498 895 490 341 547 472 180 781 289 475 801 721 430 953 1152 155 0 763 634 557 958 428 704 419 353 341 230 517 402 178 776 865 292 613 839 967 455 375 322 568 822 368 591 289 300 286 458 315 672 684 626 934 930 612 777 529 389 384 470
636 698 611 169 846 916 654 388 293 217 400 174 514 833 1001 488 263 560 207 463 618 572 367 200 912 593 545 179 437 759 314 302 421 601 424 614 643 530 585 303 595 969 806 543 326 739 95 749 635 306 54 339 569 797 628 763 0 129 234 298 619 142 491 689 463 539 911 455 613 71 748 571 220 167 219 308 445 553 908 782 817 524 507 619 796 434 451 179 79 144 547 329 995 584 270 471 797 294
598 642 501 284 732 807 565 312 195 147 273 217 410 749 897 404 140 578 226 481 493 458 248 300 795 467 425 274 470 705 213 227 370 482 459 510 515 401 598 185 581 855 687 455 216 617 175 627 533 315 89 215 575 810 502 634 129 0 121 378 512 129 390 583 345 411 802 337 488 151 705 447 139 240 339 179 323 432 805 726 700 445 379 506 674 338 324 153 53 33 552 385 891 542 168 353 682 165
507 538 380 399 613 686 446 362 79 230 229 336 288 630 776 288 142 534 341 441 387 440 236 420 678 363 395 395 446 600 94 128 278 452 437 509 445 318 548 69 509 736 572 336 230 571 296 514 412 284 181 189 520 754 442 557 234 121 0 406 391 147 401 574 320 352 682 220 433 224 608 338 66 281 414 132 212 319 683 621 583 332 281 487 562 361 270 261 172 92 497 391 770 449 210 237 564 106
507 602 682 360 911 955 654 681 407 508 631 459 579 798 1018 504 512 324 498 247 758 833 621 415 988 739 794 411 194 652 427 365 377 851 183 889 850 720 356 460 420 1027 897 557 594 977 377 855 675 192 299 581 355 549 849 958 298 378 406 0 681 263 769 960 715 758 949 575 840 235 615 703 346 138 164 531 589 677 926 675 899 517 672 880 905 716 675 477 355 366 340 74 1013 472 546 591 872 508
399 343 22 788 232 296 136 646 326 587 406 723 107 288 385 181 462 604 721 556 189 557 470 810 308 200 498 786 600 386 305 333 317 529 599 647 395 302 595 327 487 354 218 140 508 561 687 192 48 491 565 435 559 735 431 428 619 512 391 681 0 496 601 673 478 393 291 183 445 591 436 162 401 604 757 400 218 142 294 396 218 189 239 584 238 597 389 637 563 483 544 627 379 362 532 172 191 389
496 556 490 306 727 791 518 442 174 276 368 303 389 694 871 351 251 450 327 353 525 570 359 342 798 503 530 322 340 617 197 166 279 588 329 630 592 465 471 210 465 850 696 407 336 714 234 643 506 187 94 317 450 684 587 704 142 129 147 263 496 0 513 700 452 497 785 348 578 95 607 473 99 134 271 267 350 451 778 639 704 384 425 618 692 464 412 270 135 107 427 260 866 443 295 365 681 244
877 879 579 572 736 832 718 135 457 276 206 419 548 889 936 612 264 935 381 843 455 114 166 549 765 429 138 524 844 937 455 519 660 164 834 123 311 310 949 392 900 840 662 637 176 302 462 593 645 683 473 216 920 1153 267 419 491 390 401 769 601 513 0 200 122 231 830 441 243 538 963 449 466 630 710 275 397 460 861 955 685 659 362 149 621 58 212 333 418 406 897 773 931 820 223 444 685 302
1006 990 651 771 749 847 805 327 616 477 349 617 650 957 951 733 448 1100 577 1012 495 135 340 746 758 476 189 722 1020 1044 608 678 807 145 1011 77 295 374 1109 548 1047 834 669 745 367 179 663 605 722 858 668 385 1078 1305 249 353 689 583 574 960 673 700 200 0 253 284 847 551 231 733 1080 511 640 823 909 442 507 532 890 1058 695 776 442 93 619 259 325 534 615 594 1056 959 946 953 419 547 704 468
767 763 457 577 618 713 597 205 363 273 96 437 429 767 817 498 205 847 407 758 336 119 97 565 652 309 81 539 766 820 356 425 558 137 757 194 221 190 857 295 799 726 546 519 141 276 459 476 523 604 433 134 826 1056 187 341 463 345 320 715 478 452 122 253 0 122 711 322 165 496 849 327 387 580 682 188 277 338 740 837 568 543 239 166 508 131 89 339 385 350 804 709 812 712 200 324 566 215
727 707 370 670 505 602 522 327 368 374 139 541 366 680 706 452 276 843 515 762 227 164 189 665 534 204 106 639 779 760 355 427 539 138 772 254 107 90 849 304 776 609 430 461 242 222 552 361 440 622 500 201 816 1036 90 230 539 411 352 758 393 497 231 284 122 0 600 270 82 558 797 232 414 630 749 233 227 250 634 774 454 494 158 192 389 252 87 441 459 407 794 740 701 674 299 265 454 253
551 451 301 1079 97 7 298 902 617 868 661 1011 397 241 106 447 741 804 1006 783 375 758 729 1102 123 402 705 1077 836 455 596 620 572 717 838 843 553 520 786 617 664 96 178 392 773 692 977 242 279 756 856 702 752 866 599 517 911 802 682 949 291 785 830 847 711 600 0 467 621 880 525 391 692 887 1040 677 493 391 62 450 152 432 481 771 231 841 629 921 854 774 743 888 100 541 806 453 145 670
456 442 168 620 394 472 280 469 174 404 237 543 107 459 566 182 278 589 539 517 182 421 295 638 457 165 362 612 546 498 152 209 279 406 541 509 319 189 591 152 509 517 351 197 328 480 513 295 218 403 401 255 557 769 339 402 455 337 220 575 183 348 441 551 322 270 467 0 343 438 530 128 249 473 619 217 44 103 476 514 362 225 120 457 344 428 234 454 390 312 536 537 560 404 348 17 344 205
798 771 422 738 523 621 578 361 451 437 214 602 433 725 726 524 350 923 573 843 263 143 253 729 540 246 105 703 861 822 437 509 617 97 854 223 71 154 928 386 852 616 444 528 303 141 620 378 493 704 577 274 895 1112 24 178 613 488 433 840 445 578 243 231 165 82 621 343 0 637 863 282 496 711 827 312 303 306 660 835 470 564 225 150 397 280 165 503 534 486 874 822 721 747 362 336 476 333
572 640 585 215 821 886 612 445 266 272 422 245 484 787 967 446 291 488 278 392 611 610 400 256 891 588 577 240 365 700 289 261 365 634 353 659 659 538 513 292 527 944 788 502 366 768 166 734 601 237 64 365 498 725 649 776 71 151 224 235 591 95 538 733 496 558 880 438 637 0 685 561 190 99 191 325 436 540 873 723 797 478 506 657 782 483 471 244 120 150 476 259 961 522 314 455 775 306
112 93 457 898 553 532 303 962 531 838 757 910 430 289 538 351 741 343 928 375 623 952 803 942 627 629 893 925 435 70 524 482 334 935 444 1039 823 710 314 585 203 621 596 335 819 990 841 606 390 460 702 756 291 342 854 865 748 705 608 615 436 607 963 1080 849 797 525 530 863 685 0 586 566 632 763 701 575 559 472 82 579 305 639 987 639 940 763 859 735 671 295 541 535 164 814 532 548 677
532 493 139 731 303 394 296 511 301 486 269 639 168 448 496 269 359 699 628 633 54 396 338 744 354 45 338 718 666 541 279 337 390 367 662 486 236 141 696 268 603 422 245 257 383 403 620 180 210 529 519 312 661 861 270 292 571 447 338 703 162 473 449 511 327 232 391 128 282 561 586 0 374 601 745 295 125 30 415 554 262 300 90 422 226 453 241 544 501 426 643 664 490 486 419 111 251 294
461 503 394 389 631 697 436 420 76 274 295 352 295 617 781 271 204 470 365 376 426 507 302 417 700 405 461 394 379 565 98 88 232 518 370 575 504 374 485 115 453 754 597 324 293 635 298 544 415 217 165 255 458 693 504 613 220 139 66 346 401 99 466 640 387 414 692 249 496 190 566 374 0 228 370 198 252 352 688 587 606 310 329 553 593 424 334 292 177 105 435 326 776 404 266 266 584 172
519 598 602 272 837 893 604 543 299 370 499 337 498 768 966 441 375 401 373 308 654 696 485 322 911 633 660 311 274 656 321 272 336 717 261 751 727 599 429 342 458 958 813 497 456 846 255 765 607 171 160 446 417 638 721 839 167 240 281 138 604 134 630 823 580 630 887 473 711 99 632 601 228 0 153 399 480 577 873 679 819 465 558 744 814 577 545 343 217 230 396 161 961 473 407 490 794 377
652 738 754 210 990 1047 756 602 445 434 612 339 651 917 1120 595 478 488 383 407 797 792 585 265 1063 775 763 268 358 793 467 424 485 819 345 833 851 730 520 480 575 1111 964 651 546 956 264 914 761 309 250 554 517 714 840 967 219 339 414 164 757 271 710 909 682 749 1040 619 827 191 763 745 370 153 0 516 622 723 1026 816 970 618 695 839 963 653 662 386 296 342 500 233 1114 611 490 636 946 498
608 622 384 452 596 681 490 262 182 191 100 345 317 673 779 356 64 662 333 571 332 308 108 457 650 305 264 430 577 682 181 244 386 321 569 378 335 224 674 118 625 716 540 392 119 446 335 475 434 416 267 59 645 877 324 455 308 179 132 531 400 267 275 442 188 233 677 217 312 325 701 295 198 399 516 0 184 288 691 702 557 403 214 355 518 242 146 249 230 174 622 521 773 551 131 228 544 26
500 487 200 607 414 497 322 429 182 374 193 521 151 499 594 226 247 624 513 548 175 377 254 621 473 153 318 595 573 543 161 227 315 363 568 464 284 151 627 143 549 536 365 242 289 441 496 304 256 425 393 217 593 809 300 375 445 323 212 589 218 350 397 507 277 227 493 44 303 436 575 125 252 480 622 184 0 109 507 559 379 269 86 413 351 385 189 428 376 301 572 556 589 447 314 47 363 177
503 466 120 716 307 394 272 515 278 479 273 629 137 431 494 238 352 668 620 603 83 414 340 731 364 75 355 705 636 516 256 311 360 387 633 504 263 159 666 250 573 428 255 228 382 430 606 195 190 501 501 311 631 831 295 322 553 432 319 677 142 451 460 532 338 250 391 103 306 540 559 30 352 577 723 288 109 0 410 529 270 270 98 442 242 460 249 536 486 409 612 636 488 457 415 86 255 284
506 404 308 1077 146 68 272 925 615 880 683 1017 395 185 93 431 754 764 1015 749 406 795 750 1102 184 431 740 1078 803 402 594 611 549 756 806 881 594 550 744 621 622 152 226 375 792 740 979 284 272 734 853 720 711 815 640 568 908 805 683 926 294 778 861 890 740 634 62 476 660 873 472 415 688 873 1026 691 507 410 0 395 200 410 505 810 281 867 656 931 855 775 704 863 87 501 822 464 186 682
168 84 418 938 485 457 259 964 542 852 748 937 409 210 458 345 748 419 953 443 585 933 800 979 556 595 874 961 503 23 532 500 361 913 510 1022 790 685 392 589 276 546 535 317 821 956 873 551 348 508 733 754 366 421 824 822 782 726 621 675 396 639 955 1058 837 774 450 514 835 723 82 554 587 679 816 702 559 529 395 0 516 298 615 966 581 936 749 879 761 692 368 601 455 205 822 514 485 680
575 493 217 983 54 151 295 765 530 748 527 899 321 330 255 399 621 807 890 768 234 609 596 999 95 263 556 974 814 515 507 546 534 566 814 693 401 379 794 515 679 160 26 352 643 541 875 92 234 710 763 574 759 909 448 368 817 700 583 899 218 704 685 695 568 454 152 362 470 797 579 262 606 819 970 557 379 270 200 516 0 400 349 620 81 699 491 805 753 675 746 846 251 551 681 346 32 554
234 220 201 691 401 438 138 666 252 560 452 662 133 309 503 46 450 414 671 368 347 646 501 724 481 345 588 702 414 280 239 223 140 631 414 733 531 409 407 292 304 513 404 49 522 696 607 382 166 324 471 455 371 560 557 591 524 445 332 517 189 384 659 776 543 494 432 225 564 478 305 300 310 465 618 403 269 270 410 298 400 0 338 682 427 638 457 593 487 412 355 456 497 186 525 229 369 382
572 548 217 662 393 484 364 421 264 402 179 560 208 528 586 298 277 709 546 634 118 320 248 670 440 90 260 643 660 601 245 313 399 297 654 409 199 71 711 215 629 509 330 303 294 360 547 263 285 511 458 224 677 889 220 289 507 379 281 672 239 425 362 442 239 158 481 120 225 506 639 90 329 558 695 214 86 98 505 615 349 338 0 350 305 363 151 462 433 363 656 641 580 522 333 111 340 218
913 897 561 715 673 771 714 284 525 413 259 565 557 869 876 639 368 1009 528 922 410 47 259 695 688 389 96 670 932 951 517 587 714 55 923 75 219 282 1018 457 954 765 594 652 292 156 602 528 632 770 593 300 987 1213 171 300 619 506 487 880 584 618 149 93 166 192 771 457 150 657 987 422 553 744 839 355 413 442 810 966 620 682 350 0 546 206 232 475 542 514 964 875 871 859 349 454 626 381
624 549 229 958 134 230 342 709 518 707 476 864 327 404 332 417 582 841 851 794 186 538 544 970 144 214 488 944 837 577 495 543 554 494 835 620 327 322 832 493 720 220 54 378 594 461 846 49 267 720 744 528 796 960 374 286 796 674 562 905 238 692 621 619 508 389 231 344 397 782 639 226 593 814 963 518 351 242 281 581 81 427 305 546 0 639 436 767 727 652 781 857 328 593 637 327 102 519
849 858 576 513 748 843 708 82 423 218 191 360 535 884 946 591 220 894 322 800 466 166 136 490 783 438 176 466 799 918 423 483 628 213 789 182 344 320 909 360 866 857 677 620 131 355 403 608 639 638 418 184 881 1115 304 458 434 338 361 716 597 464 58 259 131 252 841 428 280 483 940 453 424 577 653 242 385 460 867 936 699 638 363 206 639 0 211 275 363 356 858 723 941 792 170 433 696 267
684 676 368 584 538 632 507 274 296 293 52 459 340 677 735 412 189 778 436 693 256 191 112 581 577 228 135 554 706 732 286 358 482 188 699 276 193 113 786 229 722 650 469 431 164 301 466 400 433 547 412 115 755 980 177 315 451 324 270 675 389 412 212 325 89 87 629 234 165 471 763 241 334 545 662 146 189 249 656 749 491 457 151 232 436 211 0 359 372 321 733 661 730 629 217 234 486 168
752 795 623 240 843 925 706 216 340 66 307 100 542 890 1021 550 185 719 84 621 581 430 251 226 899 553 416 199 603 857 355 379 524 468 591 456 549 462 741 312 732 964 789 597 200 612 129 724 665 457 188 247 720 954 522 672 179 153 261 477 637 270 333 534 339 441 921 454 503 244 859 544 292 343 386 249 428 536 931 879 805 593 462 475 767 275 359 0 135 187 697 503 1015 696 142 468 791 251
626 677 552 230 784 858 611 326 241 153 320 176 460 793 947 447 183 583 194 486 547 495 288 247 848 521 466 223 468 739 261 265 401 522 456 541 564 453 605 238 599 907 741 500 250 660 124 681 583 321 56 259 585 818 549 684 79 53 172 355 563 135 418 615 385 459 854 390 534 120 735 501 177 217 296 230 376 486 855 761 753 487 433 542 727 363 372 135 0 79 562 373 941 571 195 406 735 218
564 608 473 307 706 779 533 336 163 176 272 249 380 716 868 371 146 550 260 454 474 467 255 327 770 448 430 302 446 671 182 193 336 487 435 523 509 390 569 160 549 829 663 422 229 618 203 605 504 288 95 217 545 781 498 626 144 33 92 366 483 107 406 594 350 407 774 312 486 150 671 426 105 230 342 174 301 409 775 692 675 412 363 514 652 356 321 187 79 0 522 367 862 508 187 328 656 156
206 314 557 669 738 751 454 854 441 699 707 720 477 539 786 375 639 60 750 92 693 921 730 719 818 687 868 708 147 348 448 379 257 921 157 998 856 723 54 509 92 835 754 404 727 1013 642 737 515 241 515 681 23 258 873 934 547 552 497 340 544 427 897 1056 804 794 743 536 874 476 295 643 435 396 500 622 572 612 704 368 746 355 656 964 781 858 733 697 562 522 0 266 781 202 701 547 714 595
433 529 631 416 854 895 591 696 377 525 620 498 529 729 954 448 511 255 535 174 718 828 618 470 933 702 785 463 124 579 395 328 316 842 112 890 827 694 286 437 345 969 845 499 596 962 416 808 617 136 317 575 283 486 829 930 329 385 391 74 627 260 773 959 709 740 888 537 822 259 541 664 326 161 233 521 556 636 863 601 846 456 641 875 857 723 661 503 373 367 266 0 948 400 553 553 818 496
580 474 392 1164 197 100 359 1002 702 963 760 1102 482 247 5 519 836 840 1099 830 476 859 828 1189 201 502 806 1165 886 465 681 699 635 817 889 944 653 621 819 707 696 138 277 463 871 789 1066 342 360 821 940 800 787 876 699 612 995 891 770 1013 379 866 931 946 812 701 100 560 721 961 535 490 776 961 1114 773 589 488 87 455 251 497 580 871 328 941 730 1015 941 862 781 948 0 580 903 547 246 765
57 129 378 736 539 548 256 808 375 678 617 745 319 342 584 223 586 263 765 254 532 821 656 778 619 532 763 761 313 182 371 322 172 810 318 905 717 592 245 433 127 633 561 230 668 881 677 552 326 303 538 608 211 375 741 777 584 542 449 472 362 443 820 953 712 674 541 404 747 522 164 486 404 473 611 551 447 457 501 205 551 186 522 859 593 792 629 696 571 508 202 400 580 0 658 410 519 526
715 740 515 376 722 810 619 153 283 75 167 242 447 803 908 479 74 734 219 638 451 302 109 367 773 422 280 340 633 802 290 338 488 334 622 345 406 324 750 232 718 841 663 518 59 476 259 596 566 474 249 109 725 960 381 529 270 168 210 546 532 295 223 419 200 299 806 348 362 314 814 419 266 407 490 131 314 415 822 822 681 525 333 349 637 170 217 142 195 187 701 553 903 658 0 359 670 145
462 443 156 636 378 457 275 477 191 416 241 557 105 451 553 187 290 601 552 530 166 420 302 653 441 149 360 628 560 498 169 226 291 403 555 508 309 181 602 168 517 501 335 197 336 471 528 278 209 419 418 264 567 778 331 389 471 353 237 591 172 365 444 547 324 265 453 17 336 455 532 111 266 490 636 228 47 86 464 514 346 229 111 454 327 433 234 468 406 328 547 553 547 410 359 0 328 218
543 461 191 964 52 147 263 760 508 735 519 884 295 302 251 370 608 775 876 737 230 612 588 982 117 257 559 956 784 484 485 521 505 572 784 698 409 375 762 496 647 173 50 322 634 554 857 98 203 682 743 564 727 877 455 384 797 682 564 872 191 681 685 704 566 454 145 344 476 775 548 251 584 794 946 544 363 255 186 485 32 369 340 626 102 696 486 791 735 656 714 818 246 519 670 328 0 540
583 600 374 444 591 674 473 284 156 198 124 345 302 657 771 335 72 635 336 545 335 334 135 452 648 307 289 425 551 661 155 217 361 346 542 405 353 235 647 93 599 713 538 373 141 469 329 475 421 389 250 86 618 851 344 470 294 165 106 508 389 244 302 468 215 253 670 205 333 306 677 294 172 377 498 26 177 284 682 680 554 382 218 381 519 267 168 251 218 156 595 496 765 526 145 218 540 0
