102
0 225 431 533 923 481 215 640 608 862 413 182 1037 608 633 874 889 143 916 571 910 996 123 1029 458 304 1029 931 466 374 646 288 442 435 358 781 745 912 596 923 1107 890 557 747 319 766 878 1085 902 765 960 703 893 253 985 183 280 226 925 309 567 816 816 705 274 494 553 619 596 558 533 44 764 663 451 947 668 546 723 620 926 607 460 652 180 616 353 397 504 754 707 213 492 312 495 697 663 368 947 875 715 523
225 0 513 421 775 492 40 507 407 712 532 96 952 546 721 807 874 97 728 395 834 929 173 943 232 221 945 817 515 486 691 293 217 215 460 601 818 828 655 727 1000 796 449 766 440 731 659 1004 881 638 911 679 769 174 882 144 423 162 779 120 566 601 813 598 332 522 445 745 718 466 444 227 663 561 504 789 523 576 498 597 703 713 263 438 338 683 130 323 591 847 484 72 267 102 271 800 736 193 741 672 536 437
431 513 0 410 757 155 537 509 657 712 87 550 732 349 209 559 502 431 857 564 605 667 360 725 661 338 721 689 75 79 221 229 665 698 78 721 315 621 167 887 833 617 411 335 125 417 949 769 520 584 606 349 678 355 717 369 177 357 753 634 215 873 419 497 180 124 411 247 218 379 363 475 529 458 64 799 553 151 868 286 1022 202 553 734 261 184 614 306 77 334 829 559 690 611 727 287 232 470 946 870 666 353
533 421 410 0 394 270 460 112 279 337 488 511 532 163 544 393 502 418 450 176 416 513 410 522 402 229 525 401 351 454 445 278 421 480 427 312 593 407 446 477 582 375 29 458 452 352 552 584 503 231 507 322 359 283 463 354 483 309 395 505 282 475 466 178 342 315 25 638 611 63 58 566 242 141 352 425 150 344 513 263 630 575 247 362 481 480 431 144 459 651 465 493 415 467 471 635 527 240 536 461 256 63
923 775 757 394 0 601 813 284 424 63 843 871 335 409 820 346 549 796 226 385 317 387 800 328 656 619 337 164 684 818 691 672 684 748 795 223 817 283 722 279 292 242 376 631 828 452 489 381 532 173 448 486 115 669 230 740 866 696 11 826 560 437 575 259 731 637 379 940 918 392 415 952 239 298 692 52 255 637 591 498 567 869 526 467 874 752 736 539 781 889 542 844 648 788 705 899 781 582 365 328 264 426
481 492 155 270 601 0 525 360 537 558 242 553 594 194 279 422 408 433 709 438 465 537 379 586 588 279 584 537 84 222 206 205 597 642 204 576 347 478 186 741 689 470 265 275 246 292 821 635 421 429 488 225 524 318 570 359 294 330 597 608 86 744 335 342 208 45 266 367 341 230 217 525 375 303 90 644 405 88 762 147 898 304 457 618 345 220 567 204 190 394 718 552 612 578 658 369 271 392 805 730 525 208
215 40 537 460 813 525 0 546 440 750 551 59 992 584 746 846 910 109 762 432 874 968 186 983 251 258 985 857 544 505 722 323 232 219 481 637 846 867 684 759 1040 836 489 800 457 769 684 1044 918 678 950 715 809 209 922 170 437 194 818 102 601 628 849 638 357 554 485 765 738 506 483 209 703 601 532 827 562 607 516 634 724 736 298 466 346 711 141 361 615 872 506 32 285 97 281 824 763 232 770 704 573 476
640 507 509 112 284 360 546 0 258 226 590 601 463 200 621 351 500 517 348 165 362 460 516 453 440 335 457 312 444 559 509 390 464 527 533 217 653 345 520 381 495 306 100 496 561 355 490 517 495 131 473 346 262 386 381 457 594 413 285 576 350 415 482 116 453 403 101 725 699 129 146 670 178 104 448 313 44 421 490 310 572 658 288 336 593 554 494 256 550 717 438 578 445 538 504 710 596 315 449 376 173 157
608 407 657 279 424 537 440 258 0 364 722 499 697 436 816 607 758 465 324 103 612 709 503 688 235 356 694 526 611 681 724 461 264 326 652 212 871 590 720 319 700 547 298 735 662 611 295 751 754 354 729 593 466 382 602 438 677 404 432 423 560 222 734 373 533 583 295 898 871 339 337 624 430 362 608 422 236 618 235 541 365 840 148 82 637 755 331 351 718 927 186 466 224 387 280 907 803 243 338 267 160 342
862 712 712 337 63 558 750 226 364 0 798 808 367 368 788 348 547 734 208 322 328 408 740 360 594 559 368 190 642 771 662 616 622 686 747 170 794 296 689 258 342 251 321 612 778 437 453 418 533 130 460 462 129 609 263 679 815 635 69 762 523 396 564 218 677 595 324 905 882 340 362 891 213 254 648 88 194 600 541 464 534 835 463 410 818 720 673 482 741 864 490 781 587 725 645 871 753 519 344 296 204 373
413 532 87 488 843 242 551 590 722 798 0 554 816 436 226 643 574 442 938 634 690 749 366 809 703 385 805 777 162 46 281 272 704 730 74 800 341 707 222 966 919 704 491 401 95 499 1017 852 593 670 686 432 765 391 804 389 134 387 839 651 301 942 490 584 207 212 491 213 187 462 444 455 616 544 152 885 634 234 924 372 1088 194 608 797 233 227 644 372 111 342 888 569 734 633 767 284 265 519 1022 946 743 434
182 96 550 511 871 553 59 601 499 808 554 0 1042 628 759 892 947 121 822 491 921 1015 190 1033 305 299 1034 910 565 510 745 348 284 263 488 696 863 916 704 819 1093 886 539 829 459 809 740 1093 956 732 993 753 863 246 974 193 432 226 875 129 633 686 883 690 371 579 535 768 742 554 531 166 754 652 551 885 618 633 568 670 778 744 357 524 336 729 192 404 627 884 560 36 338 140 328 833 780 289 829 763 632 523
1037 952 732 532 335 594 992 463 697 367 816 1042 0 430 704 173 316 941 561 622 129 87 917 9 902 748 11 178 658 809 576 751 927 990 796 533 655 125 627 614 125 157 503 471 840 318 821 54 292 344 174 384 240 803 104 870 889 828 323 1034 518 764 382 356 786 609 507 834 820 488 512 1076 290 391 671 378 467 582 901 448 900 765 751 759 933 645 955 645 722 728 849 1024 904 996 964 761 653 769 700 661 551 521
608 546 349 163 409 194 584 200 436 368 436 628 430 0 426 267 342 519 536 332 302 390 488 421 561 329 421 347 276 414 309 321 579 636 394 413 453 306 326 574 509 288 139 300 433 192 689 477 344 238 365 158 330 382 388 446 476 405 404 644 156 613 302 150 360 228 142 538 514 100 112 647 181 116 284 453 243 232 671 110 771 469 409 518 507 359 579 224 373 518 622 616 577 609 632 513 398 386 646 575 374 114
633 721 209 544 820 279 746 621 816 788 226 759 704 426 0 543 413 640 963 716 591 624 569 699 854 534 693 714 215 260 131 431 861 899 275 838 116 617 100 1001 822 629 535 237 314 394 1097 728 436 659 547 341 721 558 720 577 359 562 813 841 271 1020 331 571 389 233 536 130 117 496 488 677 580 542 223 868 665 200 1041 323 1175 62 732 897 455 68 817 478 131 126 997 768 882 818 923 90 54 660 1070 997 792 481
874 807 559 393 346 422 846 351 607 348 643 892 173 267 543 0 203 785 556 517 48 122 756 165 787 594 162 193 485 636 412 586 809 870 622 486 508 76 460 607 280 104 364 318 667 149 787 214 186 266 122 212 230 649 178 713 716 672 335 898 344 720 242 235 617 436 368 673 656 341 362 914 177 258 498 398 370 410 830 275 870 602 632 680 762 481 825 490 551 582 778 878 794 861 853 608 495 633 692 638 483 369
889 874 502 502 549 408 910 500 758 547 574 947 316 342 413 203 0 830 754 659 240 228 783 313 904 652 305 396 439 581 299 608 922 979 577 671 346 274 357 803 441 308 475 178 625 150 971 327 24 448 143 194 434 702 367 756 677 720 539 979 322 900 84 392 616 400 480 541 531 440 454 932 351 396 454 601 531 354 991 276 1054 476 750 837 746 366 919 551 466 416 939 941 918 945 974 456 359 726 887 829 656 457
143 97 431 418 796 433 109 517 465 734 442 121 941 519 640 785 830 0 776 433 817 908 77 932 321 192 933 819 444 397 624 227 309 313 373 642 743 815 583 781 1000 788 444 708 348 695 735 991 840 646 882 637 776 137 879 74 328 113 799 211 513 673 764 595 251 458 440 656 629 453 428 160 657 555 431 817 540 512 584 554 785 628 317 508 240 609 227 296 509 766 565 128 356 199 366 717 660 227 803 732 576 419
916 728 857 450 226 709 762 348 324 208 938 822 561 536 963 556 754 776 0 345 535 611 802 555 553 631 563 389 793 904 844 715 581 639 877 140 982 502 862 52 508 459 446 807 901 637 271 607 740 316 667 654 333 671 457 737 929 697 238 746 692 235 766 396 784 751 446 1072 1047 478 494 937 411 421 797 185 304 766 410 642 345 1004 465 326 912 895 654 582 898 1050 368 790 534 711 583 1050 933 549 138 112 205 504
571 395 564 176 385 438 432 165 103 322 634 491 622 332 716 517 659 433 345 0 527 625 456 613 281 289 617 460 514 595 621 384 307 371 566 209 768 508 619 356 640 467 194 632 581 510 384 676 656 279 638 490 402 326 533 391 602 351 391 440 457 308 632 281 456 484 191 803 775 235 234 594 342 265 513 395 154 517 338 437 459 742 140 186 573 654 351 262 622 826 290 462 282 402 341 807 701 207 396 320 143 239
910 834 605 416 317 465 874 362 612 328 690 921 129 302 591 48 240 817 535 527 0 98 791 121 801 625 119 157 531 681 460 623 824 887 667 476 555 34 508 586 232 76 386 365 711 198 775 175 220 261 132 260 203 680 132 746 760 704 306 921 390 711 286 248 657 482 391 721 705 367 390 949 184 276 543 368 375 457 830 320 857 650 647 681 803 529 845 521 598 629 777 906 807 884 866 655 543 656 672 622 479 398
996 929 667 513 387 537 968 460 709 408 749 1015 87 390 624 122 228 908 611 625 98 0 878 86 900 717 77 222 594 745 498 707 923 985 734 565 571 119 551 664 213 164 483 389 780 249 861 104 205 356 86 317 279 771 164 836 829 795 375 1018 456 799 298 346 736 547 488 754 741 462 484 1036 282 374 608 435 473 515 924 389 943 686 746 777 880 568 943 612 650 643 872 1000 906 981 965 678 573 753 750 705 573 492
123 173 360 410 800 379 186 516 503 740 366 190 917 488 569 756 783 77 802 456 791 878 0 908 386 181 908 807 379 321 561 176 377 387 298 664 674 792 517 811 984 768 433 652 271 654 784 966 795 642 846 593 769 132 863 65 250 105 802 288 462 718 713 582 183 398 430 580 553 435 410 158 641 540 365 825 545 452 643 509 839 554 357 555 165 541 299 274 437 694 621 203 421 276 437 643 591 259 841 767 598 400
1029 943 725 522 328 586 983 453 688 360 809 1033 9 421 699 165 313 932 555 613 121 86 908 0 893 739 9 170 651 801 570 742 918 981 788 525 651 116 621 607 128 148 493 466 832 312 813 63 289 335 172 377 232 794 98 862 881 819 316 1025 510 756 378 346 778 602 498 829 814 479 503 1067 281 381 664 372 458 575 893 441 893 759 742 751 924 640 946 637 715 724 841 1015 895 987 955 757 648 760 693 654 542 512
458 232 661 402 656 588 251 440 235 594 703 305 902 561 854 787 904 321 553 281 801 900 386 893 0 322 897 741 639 657 793 433 28 91 628 448 934 786 772 539 921 746 430 838 621 753 435 956 905 560 904 717 684 311 815 333 618 320 663 200 641 386 861 553 495 629 425 907 879 463 450 459 618 528 631 656 436 676 265 647 473 862 155 231 548 804 113 384 734 977 255 268 35 170 71 942 856 195 536 476 393 448
304 221 338 229 619 279 258 335 356 559 385 299 748 329 534 594 652 192 631 289 625 717 181 739 322 0 740 629 319 340 484 113 327 366 311 492 620 623 456 646 809 596 254 549 312 511 650 799 660 461 694 457 589 54 688 124 322 80 620 331 348 578 592 404 182 315 250 585 557 260 236 336 466 363 310 645 364 366 540 376 714 539 226 422 283 487 288 104 412 658 506 288 351 300 390 620 539 133 684 609 426 227
1029 945 721 525 337 584 985 457 694 368 805 1034 11 421 693 162 305 933 563 617 119 77 908 9 897 740 0 178 647 798 564 742 922 985 785 533 644 117 616 616 136 151 496 459 830 307 821 59 281 340 163 373 240 795 106 862 878 820 325 1028 507 764 371 349 777 599 500 823 809 480 504 1067 284 384 661 381 463 571 899 438 901 753 746 757 923 634 949 637 711 717 847 1017 900 990 959 750 642 763 702 662 548 513
931 817 689 401 164 537 857 312 526 190 777 910 178 347 714 193 396 819 389 460 157 222 807 170 741 629 178 0 614 760 582 655 767 831 741 355 693 123 622 441 182 90 375 503 780 324 643 229 377 182 285 373 62 684 76 754 824 710 153 888 477 586 434 225 703 565 379 840 821 373 398 965 169 268 625 213 306 552 724 408 724 769 595 585 851 648 804 534 698 767 672 889 740 850 800 786 670 627 528 485 375 408
466 515 75 351 684 84 544 444 611 642 162 565 658 276 215 485 439 444 793 514 531 594 379 651 639 319 647 614 0 150 181 222 646 685 140 659 303 546 139 825 758 542 348 282 187 345 898 696 455 513 537 277 604 347 642 375 239 354 680 635 140 822 359 425 196 49 349 288 261 314 300 511 455 387 15 728 489 84 830 211 974 229 519 690 309 168 605 265 108 338 788 569 666 609 708 304 221 444 887 812 607 291
374 486 79 454 818 222 505 559 681 771 46 510 809 414 260 636 581 397 904 595 681 745 321 801 657 340 798 760 150 0 296 227 657 684 29 765 373 696 239 930 908 691 459 413 54 495 976 847 599 644 686 427 745 345 791 342 102 340 815 605 291 901 498 560 161 199 458 259 232 432 413 417 596 519 137 859 602 231 880 361 1045 234 564 754 196 251 598 332 134 380 844 524 688 587 720 325 294 474 985 909 707 402
646 691 221 445 691 206 722 509 724 662 281 745 576 309 131 412 299 624 844 621 460 498 561 570 793 484 564 582 181 296 0 399 803 848 299 723 147 485 59 883 692 497 431 121 347 263 994 602 320 534 424 209 591 519 588 553 398 529 684 809 163 918 214 448 377 169 433 260 244 390 387 691 452 422 195 741 552 117 955 201 1074 189 658 806 481 69 772 408 170 208 909 748 817 781 864 208 90 598 956 885 683 382
288 293 229 278 672 205 323 390 461 616 272 348 751 321 431 586 608 227 715 384 623 707 176 742 433 113 742 655 222 227 399 0 436 469 197 574 525 627 362 735 827 607 295 481 201 478 757 798 619 503 671 417 624 127 705 155 217 131 671 412 287 683 538 432 72 231 292 473 445 285 260 329 486 389 211 704 427 285 653 334 824 431 338 532 202 391 386 134 305 557 618 349 463 387 499 515 443 247 780 704 511 249
442 217 665 421 684 597 232 464 264 622 704 284 927 579 861 809 922 309 581 307 824 923 377 918 28 327 922 767 646 657 803 436 0 64 629 476 943 809 780 567 947 771 450 852 619 772 459 981 923 586 926 734 710 312 840 327 614 318 691 174 653 411 877 576 496 638 445 909 881 482 467 441 641 550 638 685 461 686 284 662 494 866 177 259 540 812 92 395 739 985 278 247 54 146 63 948 865 205 563 503 421 465
435 215 698 480 748 642 219 527 326 686 730 263 990 636 899 870 979 313 639 371 887 985 387 981 91 366 985 831 685 684 848 469 64 0 656 538 986 872 822 623 1011 834 509 902 643 829 501 1044 981 650 987 789 774 342 904 344 632 343 755 138 702 459 932 639 524 680 505 940 912 540 525 427 704 612 676 748 525 730 315 715 527 900 239 314 552 853 87 443 774 1024 318 227 105 123 68 984 906 255 614 558 484 522
358 460 78 427 795 204 481 533 652 747 74 488 796 394 275 622 577 373 877 566 667 734 298 788 628 311 785 741 140 29 299 197 629 656 0 738 386 681 244 903 892 674 433 413 47 485 946 835 594 622 677 417 724 317 774 316 99 312 792 580 278 872 495 538 133 186 432 285 257 407 387 402 576 496 125 835 576 223 851 347 1016 255 535 725 183 260 570 304 145 398 815 501 659 561 692 345 306 445 957 881 680 376
781 601 721 312 223 576 637 217 212 170 800 696 533 413 838 486 671 642 140 209 476 565 664 525 448 492 533 355 659 765 723 574 476 538 738 0 866 447 737 165 512 402 311 699 761 540 300 585 661 223 606 546 292 533 431 600 789 559 232 631 566 234 670 288 644 619 310 942 916 345 359 803 319 303 662 212 172 638 370 523 384 875 339 244 772 771 540 442 766 931 320 666 435 595 490 926 812 416 232 162 66 368
745 818 315 593 817 347 846 653 871 794 341 863 655 453 116 508 346 743 982 768 555 571 674 651 934 620 644 693 303 373 147 525 943 986 386 866 0 585 164 1023 778 604 578 190 428 369 1140 672 370 669 488 331 710 650 687 676 474 657 809 938 311 1064 273 585 491 305 580 213 213 537 534 789 580 563 314 868 696 259 1102 343 1221 166 803 954 569 134 907 551 241 73 1056 870 959 912 1005 113 82 739 1098 1028 827 529
912 828 621 407 283 478 867 345 590 296 707 916 125 306 617 76 274 815 502 508 34 119 792 116 786 623 117 123 546 696 485 627 809 872 681 447 585 0 531 554 212 45 378 394 724 222 745 176 255 237 165 281 169 677 103 745 772 702 272 911 406 682 318 234 664 497 383 746 729 363 386 950 168 266 558 334 355 475 805 335 827 675 633 658 811 554 834 520 618 658 752 900 790 874 849 683 569 646 640 591 453 395
596 655 167 446 722 186 684 520 720 689 222 704 627 326 100 460 357 583 862 619 508 551 517 621 772 456 616 622 139 239 59 362 780 822 244 737 164 531 0 900 740 539 435 180 291 310 998 656 378 559 480 251 626 486 633 514 341 494 716 775 170 921 273 472 333 143 437 218 198 396 389 641 483 442 152 770 565 102 947 224 1077 147 643 802 428 34 743 390 110 208 903 709 797 749 841 189 85 576 969 896 692 382
923 727 887 477 279 741 759 381 319 258 966 819 614 574 1001 607 803 781 52 356 586 664 811 607 539 646 616 441 825 930 883 735 567 623 903 165 1023 554 900 0 559 510 476 851 925 683 223 660 790 361 719 698 385 683 509 746 951 707 290 736 729 196 813 439 805 784 476 1106 1081 511 524 941 457 461 828 237 336 802 375 682 294 1040 465 309 928 933 645 604 931 1091 337 786 518 703 564 1088 972 554 86 71 224 534
1107 1000 833 582 292 689 1040 495 700 342 919 1093 125 509 822 280 441 1000 508 640 232 213 984 128 921 809 136 182 758 908 692 827 947 1011 892 512 778 212 740 559 0 220 555 591 935 430 777 135 418 365 300 492 237 863 121 933 982 889 281 1071 618 729 505 404 869 709 559 952 936 549 574 1143 343 445 771 323 488 687 882 547 853 881 777 752 1017 761 986 710 830 851 832 1072 918 1032 977 882 772 810 642 616 543 584
890 796 617 375 242 470 836 306 547 251 704 886 157 288 629 104 308 788 459 467 76 164 768 148 746 596 151 90 542 691 497 607 771 834 674 402 604 45 539 510 220 0 347 414 715 236 700 210 290 193 208 288 127 651 100 719 762 676 232 877 403 637 344 198 648 492 351 756 738 335 359 927 133 234 554 294 313 475 760 332 782 685 595 614 796 564 798 494 620 678 708 868 750 839 809 699 583 612 596 546 409 369
557 449 411 29 376 265 489 100 298 321 491 539 503 139 535 364 475 444 446 194 386 483 433 493 430 254 496 375 348 459 431 295 450 509 433 311 578 378 435 476 555 347 0 437 460 325 563 555 475 209 477 298 335 308 435 379 494 334 376 534 268 486 441 150 355 310 4 633 607 41 48 591 214 112 351 410 142 334 533 243 643 568 275 380 497 470 461 163 455 638 484 521 442 497 499 625 515 269 539 464 259 57
747 766 335 458 631 275 800 496 735 612 401 829 471 300 237 318 178 708 807 632 365 389 652 466 838 549 459 503 282 413 121 481 852 902 413 699 190 394 180 851 591 414 437 0 461 180 986 492 201 491 310 153 522 592 497 635 512 606 623 880 201 911 95 412 473 253 441 366 354 396 401 791 399 397 297 683 536 201 971 195 1068 299 693 818 590 187 833 459 291 264 922 828 858 849 909 291 184 647 929 862 668 399
319 440 125 452 828 246 457 561 662 778 95 459 840 433 314 667 625 348 901 581 711 780 271 832 621 312 830 780 187 54 347 201 619 643 47 761 428 724 291 925 935 715 460 461 0 531 957 880 642 655 724 463 762 309 816 299 51 301 826 558 323 883 543 573 129 232 459 308 282 438 416 362 614 531 172 867 602 271 853 391 1025 288 538 733 141 304 556 321 188 435 819 475 653 542 682 379 348 444 975 899 701 405
766 731 417 352 452 292 769 355 611 437 499 809 318 192 394 149 150 695 637 510 198 249 654 312 753 511 307 324 345 495 263 478 772 829 485 540 369 222 310 683 430 236 325 180 531 0 835 352 152 322 195 68 342 562 325 620 581 583 444 834 208 763 130 253 498 298 329 524 507 289 304 808 226 250 359 504 389 265 845 146 919 453 600 690 637 332 771 407 403 442 794 800 767 799 823 463 348 578 765 701 518 307
878 659 949 552 489 821 684 490 295 453 1017 740 821 689 1097 787 971 735 271 384 775 861 784 813 435 650 821 643 898 976 994 757 459 501 946 300 1140 745 998 223 777 700 563 986 957 835 0 869 961 523 906 835 583 671 716 721 972 691 500 633 831 76 965 582 829 866 561 1187 1160 603 609 887 619 589 897 454 450 896 195 799 83 1126 429 229 927 1033 549 644 1006 1202 182 703 405 606 433 1187 1078 529 157 161 318 616
1085 1004 769 584 381 635 1044 517 751 418 852 1093 54 477 728 214 327 991 607 676 175 104 966 63 956 799 59 229 696 847 602 798 981 1044 835 585 672 176 656 660 135 210 555 492 880 352 869 0 303 398 184 419 292 854 154 920 929 878 370 1087 556 814 400 409 831 648 559 858 845 539 563 1124 343 443 709 422 521 618 953 488 949 790 805 813 976 672 1009 695 754 744 902 1076 959 1049 1018 781 676 822 745 709 604 571
902 881 520 503 532 421 918 495 754 533 593 956 292 344 436 186 24 840 740 656 220 205 795 289 905 660 281 377 455 599 320 619 923 981 594 661 370 255 378 790 418 290 475 201 642 152 961 303 0 437 119 203 417 710 346 765 694 729 522 985 335 891 106 385 629 416 479 564 554 441 456 945 341 391 471 584 524 371 986 286 1044 499 750 832 761 388 923 558 486 441 934 949 918 950 974 480 382 730 874 817 648 459
765 638 584 231 173 429 678 131 354 130 670 732 344 238 659 266 448 646 316 279 261 356 642 335 560 461 340 182 513 644 534 503 586 650 622 223 669 237 559 361 365 193 209 491 655 322 523 398 437 0 387 339 131 514 254 585 693 540 171 705 393 455 452 88 560 466 212 775 752 220 244 797 97 125 520 215 124 470 568 335 607 705 413 420 705 591 622 373 611 738 515 710 561 667 620 742 625 446 442 381 217 255
960 911 606 507 448 488 950 473 729 460 686 993 174 365 547 122 143 882 667 638 132 86 846 172 904 694 163 285 537 686 424 671 926 987 677 606 488 165 480 719 300 208 477 310 724 195 906 184 119 387 0 262 335 747 240 809 775 769 437 1007 403 840 217 357 693 492 482 677 665 450 470 1001 299 376 551 498 493 454 953 341 989 609 749 802 833 494 938 589 583 559 900 981 913 971 972 597 494 745 805 754 605 476
703 679 349 322 486 225 715 346 593 462 432 753 384 158 341 212 194 637 654 490 260 317 593 377 717 457 373 373 277 427 209 417 734 789 417 546 331 281 251 698 492 288 298 153 463 68 835 419 203 339 262 0 382 507 383 562 513 526 478 785 141 760 144 259 432 230 301 468 449 258 268 745 249 245 291 536 384 198 828 83 917 396 566 674 570 275 727 356 338 403 778 746 733 751 788 415 298 535 776 709 516 269
893 769 678 359 115 524 809 262 466 129 765 863 240 330 721 230 434 776 333 402 203 279 769 232 684 589 240 62 604 745 591 624 710 774 724 292 710 169 626 385 237 127 335 522 762 342 583 292 417 131 335 382 0 643 138 713 803 669 105 835 472 524 462 192 676 555 339 845 824 339 364 926 149 235 613 167 251 548 661 405 664 773 540 523 823 654 750 497 694 783 609 841 682 797 741 798 680 577 471 426 313 375
253 174 355 283 669 318 209 386 382 609 391 246 803 382 558 649 702 137 671 326 680 771 132 794 311 54 795 684 347 345 519 127 312 342 317 533 650 677 486 683 863 651 308 592 309 562 671 854 710 514 747 507 643 0 743 71 310 26 671 290 392 602 640 459 184 350 304 598 570 315 291 283 521 418 337 693 414 403 548 425 731 558 241 441 256 516 259 158 432 684 518 239 343 262 375 642 569 142 716 642 467 282
985 882 717 463 230 570 922 381 602 263 804 974 104 388 720 178 367 879 457 533 132 164 863 98 815 688 106 76 642 791 588 705 840 904 774 431 687 103 633 509 121 100 435 497 816 325 716 154 346 254 240 383 138 743 0 812 862 768 218 957 502 660 418 284 748 592 439 849 831 428 453 1022 222 324 654 275 379 573 800 431 796 777 667 661 896 656 875 589 718 761 748 954 815 919 874 786 672 694 595 556 451 463
183 144 369 354 740 359 170 457 438 679 389 193 870 446 577 713 756 74 737 391 746 836 65 862 333 124 862 754 375 342 553 155 327 344 316 600 676 745 514 746 933 719 379 635 299 620 721 920 765 585 809 562 713 71 812 0 288 44 742 265 439 654 690 529 188 386 375 601 574 384 359 212 590 487 362 764 484 440 584 479 777 568 292 491 215 541 257 225 446 703 560 194 367 244 388 656 593 194 775 702 533 350
280 423 177 483 866 294 437 594 677 815 134 432 889 476 359 716 677 328 929 602 760 829 250 881 618 322 878 824 239 102 398 217 614 632 99 789 474 772 341 951 982 762 494 512 51 581 972 929 694 693 775 513 803 310 862 288 0 298 864 539 373 899 595 613 145 283 493 339 315 474 452 322 657 571 224 903 634 323 858 440 1037 328 547 745 100 354 545 346 236 477 827 451 651 526 676 418 396 451 998 921 727 441
226 162 357 309 696 330 194 413 404 635 387 226 828 405 562 672 720 113 697 351 704 795 105 819 320 80 820 710 354 340 529 131 318 343 312 559 657 702 494 707 889 676 334 606 301 583 691 878 729 540 769 526 669 26 768 44 298 0 698 280 407 623 656 485 180 360 331 596 569 341 316 257 546 444 343 720 441 414 563 443 750 558 261 461 237 522 258 182 434 688 535 222 353 255 380 644 575 162 740 665 493 307
925 779 753 395 11 597 818 285 432 69 839 875 323 404 813 335 539 799 238 391 306 375 802 316 663 620 325 153 680 815 684 671 691 755 792 232 809 272 716 290 281 232 376 623 826 444 500 370 522 171 437 478 105 671 218 742 864 698 0 831 555 448 565 255 730 633 379 934 912 390 414 955 233 295 688 62 258 632 601 492 579 863 532 476 874 745 742 539 776 881 552 849 656 793 713 892 774 586 377 340 272 425
309 120 634 505 826 608 102 576 423 762 651 129 1034 644 841 898 979 211 746 440 921 1018 288 1025 200 331 1028 888 635 605 809 412 174 138 580 631 938 911 775 736 1071 877 534 880 558 834 633 1087 985 705 1007 785 835 290 957 265 539 280 831 0 679 586 923 678 453 640 530 865 838 557 537 296 744 645 623 833 584 693 452 705 664 833 299 431 449 803 91 428 711 967 451 96 228 38 206 921 856 265 736 675 571 531
567 566 215 282 560 86 601 350 560 523 301 633 518 156 271 344 322 513 692 457 390 456 462 510 641 348 507 477 140 291 163 287 653 702 278 566 311 406 170 729 618 403 268 201 323 208 831 556 335 393 403 141 472 392 502 439 373 407 555 679 0 755 251 305 294 91 270 382 358 228 223 610 324 272 153 607 394 77 792 70 911 312 500 643 430 204 631 258 222 370 745 630 662 648 712 359 247 448 799 726 522 218
816 601 873 475 437 744 628 415 222 396 942 686 764 613 1020 720 900 673 235 308 711 799 718 756 386 578 764 586 822 901 918 683 411 459 872 234 1064 682 921 196 729 637 486 911 883 763 76 814 891 455 840 760 524 602 660 654 899 623 448 586 755 0 892 510 756 790 484 1110 1083 527 532 827 550 515 821 409 376 819 180 723 157 1049 361 164 858 956 499 569 930 1125 148 650 358 556 394 1111 1002 460 158 125 245 539
816 813 419 466 575 335 849 482 734 564 490 883 382 302 331 242 84 764 766 632 286 298 713 378 861 592 371 434 359 498 214 538 877 932 495 670 273 318 273 813 505 344 441 95 543 130 965 400 106 452 217 144 462 640 418 690 595 656 565 923 251 892 0 383 541 323 445 460 449 402 412 859 355 378 374 627 517 274 969 217 1049 394 710 815 667 282 868 495 382 346 918 878 878 890 932 380 278 677 895 832 647 413
705 598 497 178 259 342 638 116 373 218 584 690 356 150 571 235 392 595 396 281 248 346 582 346 553 404 349 225 425 560 448 432 576 639 538 288 585 234 472 439 404 198 150 412 573 253 582 409 385 88 357 259 192 459 284 529 613 485 255 678 305 510 383 0 484 378 155 687 664 147 173 740 65 43 433 303 139 382 601 248 665 617 399 448 631 503 600 308 523 654 549 671 559 640 618 656 538 413 516 450 265 183
274 332 180 342 731 208 357 453 533 677 207 371 786 360 389 617 616 251 784 456 657 736 183 778 495 182 777 703 196 161 377 72 496 524 133 644 491 664 333 805 869 648 355 473 129 498 829 831 629 560 693 432 676 184 748 188 145 180 730 453 294 756 541 484 0 220 353 416 388 340 316 318 534 441 182 766 492 272 723 351 895 380 408 603 147 357 438 201 258 515 689 379 527 432 559 468 408 315 852 775 581 305
494 522 124 315 637 45 554 403 583 595 212 579 609 228 233 436 400 458 751 484 482 547 398 602 629 315 599 565 49 199 169 231 638 680 186 619 305 497 143 784 709 492 310 253 232 298 866 648 416 466 492 230 555 350 592 386 283 360 633 640 91 790 323 378 220 0 310 323 297 273 261 538 406 341 61 681 448 53 807 161 943 259 500 664 345 176 603 247 147 351 763 580 654 612 699 324 228 433 849 774 569 253
553 445 411 25 379 266 485 101 295 324 491 535 507 142 536 368 480 440 446 191 391 488 430 498 425 250 500 379 349 458 433 292 445 505 432 310 580 383 437 476 559 351 4 441 459 329 561 559 479 212 482 301 339 304 439 375 493 331 379 530 270 484 445 155 353 310 0 634 607 44 48 587 218 116 351 412 143 335 530 246 641 569 271 377 495 471 456 160 456 640 481 517 438 492 494 626 517 265 538 463 258 57
619 745 247 638 940 367 765 725 898 905 213 768 834 538 130 673 541 656 1072 803 721 754 580 829 907 585 823 840 288 259 260 473 909 940 285 942 213 746 218 1106 952 756 633 366 308 524 1187 858 564 775 677 468 845 598 849 601 339 596 934 865 382 1110 460 687 416 323 634 0 28 596 585 661 701 654 290 987 770 305 1114 442 1262 71 799 977 439 192 855 550 180 172 1074 783 937 846 972 106 182 717 1172 1097 892 576
596 718 218 611 918 341 738 699 871 882 187 742 820 514 117 656 531 629 1047 775 705 741 553 814 879 557 809 821 261 232 244 445 881 912 257 916 213 729 198 1081 936 738 607 354 282 507 1160 845 554 752 665 449 824 570 831 574 315 569 912 838 358 1083 449 664 388 297 607 28 0 570 558 637 679 630 262 965 744 282 1086 420 1235 55 771 950 415 175 827 522 153 181 1046 757 908 819 944 115 171 689 1146 1071 866 550
558 466 379 63 392 230 506 129 339 340 462 554 488 100 496 341 440 453 478 235 367 462 435 479 463 260 480 373 314 432 390 285 482 540 407 345 537 363 396 511 549 335 41 396 438 289 603 539 441 220 450 258 339 315 428 384 474 341 390 557 228 527 402 147 340 273 44 596 570 0 25 593 206 105 318 429 174 295 574 202 683 530 310 422 485 430 487 161 420 598 525 538 477 521 533 586 475 294 576 501 296 35
533 444 363 58 415 217 483 146 337 362 444 531 512 112 488 362 454 428 494 234 390 484 410 503 450 236 504 398 300 413 387 260 467 525 387 359 534 386 389 524 574 359 48 401 416 304 609 563 456 244 470 268 364 291 453 359 452 316 414 537 223 532 412 173 316 261 48 585 558 25 0 569 231 130 303 451 190 287 571 205 688 520 297 420 461 423 469 136 407 593 523 515 465 501 520 578 469 275 587 512 307 11
44 227 475 566 952 525 209 670 624 891 455 166 1076 647 677 914 932 160 937 594 949 1036 158 1067 459 336 1067 965 511 417 691 329 441 427 402 803 789 950 641 941 1143 927 591 791 362 808 887 1124 945 797 1001 745 926 283 1022 212 322 257 955 296 610 827 859 740 318 538 587 661 637 593 569 0 800 698 496 975 697 590 725 662 931 650 476 663 222 660 350 432 547 798 712 201 493 304 490 740 707 388 962 891 737 559
764 663 529 242 239 375 703 178 430 213 616 754 290 181 580 177 351 657 411 342 184 282 641 281 618 466 284 169 455 596 452 486 641 704 576 319 580 168 483 457 343 133 214 399 614 226 619 343 341 97 299 249 149 521 222 590 657 546 233 744 324 550 355 65 534 406 218 701 679 206 231 800 0 102 464 288 193 401 654 259 703 630 464 502 681 512 665 367 546 652 601 736 623 706 682 660 542 479 539 478 308 241
663 561 458 141 298 303 601 104 362 254 544 652 391 116 542 258 396 555 421 265 276 374 540 381 528 363 384 268 387 519 422 389 550 612 496 303 563 266 442 461 445 234 112 397 531 250 589 443 391 125 376 245 235 418 324 487 571 444 295 645 272 515 378 43 441 341 116 654 630 105 130 698 102 0 394 341 139 348 595 221 672 585 373 441 587 474 569 265 487 630 543 634 537 607 595 628 512 379 535 466 271 140
451 504 64 352 692 90 532 448 608 648 152 551 671 284 223 498 454 431 797 513 543 608 365 664 631 310 661 625 15 137 195 211 638 676 125 662 314 558 152 828 771 554 351 297 172 359 897 709 471 520 551 291 613 337 654 362 224 343 688 623 153 821 374 433 182 61 351 290 262 318 303 496 464 394 0 735 492 99 826 223 972 234 513 688 293 179 595 261 109 347 784 557 659 598 700 310 232 437 889 813 609 293
947 789 799 425 52 644 827 313 422 88 885 885 378 453 868 398 601 817 185 395 368 435 825 372 656 645 381 213 728 859 741 704 685 748 835 212 868 334 770 237 323 294 410 683 867 504 454 422 584 215 498 536 167 693 275 764 903 720 62 833 607 409 627 303 766 681 412 987 965 429 451 975 288 341 735 0 280 684 571 546 530 917 535 455 907 800 743 570 826 940 523 858 646 796 702 949 831 597 323 293 263 462
668 523 553 150 255 405 562 44 236 194 634 618 467 243 665 370 531 540 304 154 375 473 545 458 436 364 463 306 489 602 552 427 461 525 576 172 696 355 565 336 488 313 142 536 602 389 450 521 524 124 493 384 251 414 379 484 634 441 258 584 394 376 517 139 492 448 143 770 744 174 190 697 193 139 492 280 0 466 462 353 533 703 289 309 629 598 499 292 595 761 410 594 437 546 496 754 640 329 404 332 132 200
546 576 151 344 637 88 607 421 618 600 234 633 582 232 200 410 354 512 766 517 457 515 452 575 676 366 571 552 84 231 117 285 686 730 223 638 259 475 102 802 687 475 334 201 271 265 896 618 371 470 454 198 548 403 573 440 323 414 632 693 77 819 274 382 272 53 335 305 282 295 287 590 401 348 99 684 466 0 846 144 975 237 544 700 393 136 655 292 146 310 801 634 700 665 747 291 185 481 870 797 592 280
723 498 868 513 591 762 516 490 235 541 924 568 901 671 1041 830 991 584 410 338 830 924 643 893 265 540 899 724 830 880 955 653 284 315 851 370 1102 805 947 375 882 760 533 971 853 845 195 953 986 568 953 828 661 548 800 584 858 563 601 452 792 180 969 601 723 807 530 1114 1086 574 571 725 654 595 826 571 462 846 0 776 211 1060 316 154 799 982 376 564 934 1156 52 532 231 429 247 1131 1031 408 335 303 351 575
620 597 286 263 498 147 634 310 541 464 372 670 448 110 323 275 276 554 642 437 320 389 509 441 647 376 438 408 211 361 201 334 662 715 347 523 343 335 224 682 547 332 243 195 391 146 799 488 286 335 341 83 405 425 431 479 440 443 492 705 70 723 217 248 351 161 246 442 420 202 205 662 259 221 223 546 353 144 776 0 881 371 499 624 492 255 650 277 290 408 727 664 665 672 718 407 291 460 755 685 484 204
926 703 1022 630 567 898 724 572 365 534 1088 778 900 771 1175 870 1054 785 345 459 857 943 839 893 473 714 901 724 974 1045 1074 824 494 527 1016 384 1221 827 1077 294 853 782 643 1068 1025 919 83 949 1044 607 989 917 664 731 796 777 1037 750 579 664 911 157 1049 665 895 943 641 1262 1235 683 688 931 703 672 972 530 533 975 211 881 0 1202 490 292 987 1111 586 716 1081 1281 219 741 440 640 459 1266 1158 589 217 239 401 694
607 713 202 575 869 304 736 658 840 835 194 744 765 469 62 602 476 628 1004 742 650 686 554 759 862 539 753 769 229 234 189 431 866 900 255 875 166 675 147 1040 881 685 568 299 288 453 1126 790 499 705 609 396 773 558 777 568 328 558 863 833 312 1049 394 617 380 259 569 71 55 530 520 650 630 585 234 917 703 237 1060 371 1202 0 747 920 427 121 817 495 127 150 1018 756 890 812 929 90 117 669 1106 1032 827 512
460 263 553 247 526 457 298 288 148 463 608 357 751 409 732 632 750 317 465 140 647 746 357 742 155 226 746 595 519 564 658 338 177 239 535 339 803 633 643 465 777 595 275 693 538 600 429 805 750 413 749 566 540 241 667 292 547 261 532 299 500 361 710 399 408 500 271 799 771 310 297 476 464 373 513 535 289 544 316 499 490 747 0 200 498 677 211 254 621 851 280 327 167 261 223 822 728 99 486 415 275 297
652 438 734 362 467 618 466 336 82 410 797 524 759 518 897 680 837 508 326 186 681 777 555 751 231 422 757 585 690 754 806 532 259 314 725 244 954 658 802 309 752 614 380 818 733 690 229 813 832 420 802 674 523 441 661 491 745 461 476 431 643 164 815 448 603 664 377 977 950 422 420 663 502 441 688 455 309 700 154 624 292 920 200 0 698 837 341 428 797 1010 103 489 209 399 257 988 885 299 306 244 209 424
180 338 261 481 874 345 346 593 637 818 233 336 933 507 455 762 746 240 912 573 803 880 165 924 548 283 923 851 309 196 481 202 540 552 183 772 569 811 428 928 1017 796 497 590 141 637 927 976 761 705 833 570 823 256 896 215 100 237 874 449 430 858 667 631 147 345 495 439 415 485 461 222 681 587 293 907 629 393 799 492 987 427 498 698 0 444 464 337 328 575 772 358 582 439 601 517 489 398 968 892 707 449
616 683 184 480 752 220 711 554 755 720 227 729 645 359 68 481 366 609 895 654 529 568 541 640 804 487 634 648 168 251 69 391 812 853 260 771 134 554 34 933 761 564 470 187 304 332 1033 672 388 591 494 275 654 516 656 541 354 522 745 803 204 956 282 503 357 176 471 192 175 430 423 660 512 474 179 800 598 136 982 255 1111 121 677 837 444 0 774 423 117 174 937 735 830 778 874 155 52 608 1003 930 726 417
353 130 614 431 736 567 141 494 331 673 644 192 955 579 817 825 919 227 654 351 845 943 299 946 113 288 949 804 605 598 772 386 92 87 570 540 907 834 743 645 986 798 461 833 556 771 549 1009 923 622 938 727 750 259 875 257 545 258 742 91 631 499 868 600 438 603 456 855 827 487 469 350 665 569 595 743 499 655 376 650 586 817 211 341 464 774 0 374 691 943 369 155 146 57 141 901 826 193 647 584 480 465
397 323 306 144 539 204 361 256 351 482 372 404 645 224 478 490 551 296 582 262 521 612 274 637 384 104 637 534 265 332 408 134 395 443 304 442 551 520 390 604 710 494 163 459 321 407 644 695 558 373 589 356 497 158 589 225 346 182 539 428 258 569 495 308 201 247 160 550 522 161 136 432 367 265 261 570 292 292 564 277 716 495 254 428 337 423 374 0 370 598 523 392 408 395 455 568 475 189 654 578 380 126
504 591 77 459 781 190 615 550 718 741 111 627 722 373 131 551 466 509 898 622 598 650 437 715 734 412 711 698 108 134 170 305 739 774 145 766 241 618 110 931 830 620 455 291 188 403 1006 754 486 611 583 338 694 432 718 446 236 434 776 711 222 930 382 523 258 147 456 180 153 420 407 547 546 487 109 826 595 146 934 290 1081 127 621 797 328 117 691 370 0 257 893 637 763 689 802 210 160 542 995 920 714 398
754 847 334 651 889 394 872 717 927 864 342 884 728 518 126 582 416 766 1050 826 629 643 694 724 977 658 717 767 338 380 208 557 985 1024 398 931 73 658 208 1091 851 678 638 264 435 442 1202 744 441 738 559 403 783 684 761 703 477 688 881 967 370 1125 346 654 515 351 640 172 181 598 593 798 652 630 347 940 761 310 1156 408 1281 150 851 1010 575 174 943 598 257 0 1111 894 1004 944 1047 66 124 782 1164 1093 891 587
707 484 829 465 542 718 506 438 186 490 888 560 849 622 997 778 939 565 368 290 777 872 621 841 255 506 847 672 788 844 909 618 278 318 815 320 1056 752 903 337 832 708 484 922 819 794 182 902 934 515 900 778 609 518 748 560 827 535 552 451 745 148 918 549 689 763 481 1074 1046 525 523 712 601 543 784 523 410 801 52 727 219 1018 280 103 772 937 369 523 893 1111 0 524 223 425 251 1088 986 376 306 265 299 527
213 72 559 493 844 552 32 578 466 781 569 36 1024 616 768 878 941 128 790 462 906 1000 203 1015 268 288 1017 889 569 524 748 349 247 227 501 666 870 900 709 786 1072 868 521 828 475 800 703 1076 949 710 981 746 841 239 954 194 451 222 849 96 630 650 878 671 379 580 517 783 757 538 515 201 736 634 557 858 594 634 532 664 741 756 327 489 358 735 155 392 637 894 524 0 301 103 291 845 787 264 794 729 602 508
492 267 690 415 648 612 285 445 224 587 734 338 904 577 882 794 918 356 534 282 807 906 421 895 35 351 900 740 666 688 817 463 54 105 659 435 959 790 797 518 918 750 442 858 653 767 405 959 918 561 913 733 682 343 815 367 651 353 656 228 662 358 878 559 527 654 438 937 908 477 465 493 623 537 659 646 437 700 231 665 440 890 167 209 582 830 146 408 763 1004 223 301 0 201 59 970 882 221 510 453 384 464
312 102 611 467 788 578 97 538 387 725 633 140 996 609 818 861 945 199 711 402 884 981 276 987 170 300 990 850 609 587 781 387 146 123 561 595 912 874 749 703 1032 839 497 849 542 799 606 1049 950 667 971 751 797 262 919 244 526 255 793 38 648 556 890 640 432 612 492 846 819 521 501 304 706 607 598 796 546 665 429 672 640 812 261 399 439 778 57 395 689 944 425 103 201 0 187 899 830 227 705 642 534 495
495 271 727 471 705 658 281 504 280 645 767 328 964 632 923 853 974 366 583 341 866 965 437 955 71 390 959 800 708 720 864 499 63 68 692 490 1005 849 841 564 977 809 499 909 682 823 433 1018 974 620 972 788 741 375 874 388 676 380 713 206 712 394 932 618 559 699 494 972 944 533 520 490 682 595 700 702 496 747 247 718 459 929 223 257 601 874 141 455 802 1047 251 291 59 187 0 1010 926 265 550 497 441 518
697 800 287 635 899 369 824 710 907 871 284 833 761 513 90 608 456 717 1050 807 655 678 643 757 942 620 750 786 304 325 208 515 948 984 345 926 113 683 189 1088 882 699 625 291 379 463 1187 781 480 742 597 415 798 642 786 656 418 644 892 921 359 1111 380 656 468 324 626 106 115 586 578 740 660 628 310 949 754 291 1131 407 1266 90 822 988 517 155 901 568 210 66 1088 845 970 899 1010 0 117 748 1158 1086 882 571
663 736 232 527 781 271 763 596 803 753 265 780 653 398 54 495 359 660 933 701 543 573 591 648 856 539 642 670 221 294 90 443 865 906 306 812 82 569 85 972 772 583 515 184 348 348 1078 676 382 625 494 298 680 569 672 593 396 575 774 856 247 1002 278 538 408 228 517 182 171 475 469 707 542 512 232 831 640 185 1031 291 1158 117 728 885 489 52 826 475 160 124 986 787 882 830 926 117 0 661 1044 972 769 463
368 193 470 240 582 392 232 315 243 519 519 289 769 386 660 633 726 227 549 207 656 753 259 760 195 133 763 627 444 474 598 247 205 255 445 416 739 646 576 554 810 612 269 647 444 578 529 822 730 446 745 535 577 142 694 194 451 162 586 265 448 460 677 413 315 433 265 717 689 294 275 388 479 379 437 597 329 481 408 460 589 669 99 299 398 608 193 189 542 782 376 264 221 227 265 748 661 0 581 508 350 271
