39
0 271 281 32 389 451 450 403 411 533 35 290 584 256 447 367 94 433 532 692 441 703 242 495 405 289 425 139 600 272 720 239 652 263 244 611 381 424 202
271 0 362 240 304 460 682 208 665 743 284 496 855 267 563 124 313 612 796 961 283 952 247 732 396 39 677 238 862 536 898 183 923 218 507 873 651 372 122
281 362 0 270 205 718 685 565 416 782 316 205 657 509 201 486 374 267 697 744 631 665 490 721 664 346 633 401 768 471 982 459 774 159 329 779 536 668 391
32 240 270 0 363 452 480 380 435 560 59 301 614 250 445 339 115 441 564 721 423 727 234 525 403 257 456 135 632 304 744 224 684 237 271 643 413 417 179
389 304 205 363 0 748 835 506 621 922 422 410 859 540 351 410 478 458 880 948 585 868 519 877 686 270 797 460 951 636 1108 466 969 126 519 962 718 671 393
451 460 718 452 748 0 490 338 790 479 422 732 861 211 898 415 376 879 693 969 277 1063 231 538 64 500 549 317 733 513 541 282 848 633 628 740 624 113 355
450 682 685 480 835 490 0 709 474 109 420 559 421 476 775 729 374 682 214 517 693 670 485 52 504 712 92 445 243 218 319 542 367 712 392 250 230 564 567
403 208 565 380 506 338 709 0 814 741 398 673 970 232 766 98 397 802 867 1080 82 1106 224 761 277 237 731 296 925 621 855 178 1010 426 646 935 744 227 201
411 665 416 435 621 790 474 814 0 583 418 211 247 640 383 774 436 250 365 327 848 291 632 481 764 670 385 532 427 295 789 646 385 543 170 436 245 801 613
533 743 782 560 922 479 109 741 583 0 501 666 511 511 881 774 449 791 291 599 714 768 524 110 506 776 198 505 297 324 209 586 432 797 500 301 338 569 623
35 284 316 59 422 422 420 398 418 501 0 313 578 233 479 370 58 458 512 687 430 710 221 467 378 306 400 117 580 252 685 227 638 296 249 590 366 401 200
290 496 205 301 410 732 559 673 211 666 313 0 455 545 216 615 356 147 523 539 723 469 532 585 691 493 488 429 592 342 874 525 580 341 167 602 368 714 474
584 855 657 614 859 861 421 970 247 511 578 455 0 762 627 949 573 489 224 111 987 263 760 401 853 868 333 674 253 357 692 792 155 768 353 257 238 902 778
256 267 509 250 540 211 476 232 640 511 233 545 762 0 694 265 203 689 639 873 227 927 21 528 155 306 500 116 695 405 642 84 787 423 470 705 528 168 150
447 563 201 445 351 898 775 766 383 881 479 216 627 694 0 687 532 141 730 691 831 557 677 801 849 545 704 581 798 557 1089 653 768 353 383 808 581 859 587
367 124 486 339 410 415 729 98 774 774 370 615 949 265 687 0 384 735 867 1058 181 1064 250 780 351 145 738 289 930 612 907 188 1003 339 610 940 733 310 172
94 313 374 115 478 376 374 397 436 449 58 356 573 203 532 384 0 503 485 683 417 724 196 422 338 340 363 101 550 228 630 219 619 351 266 560 349 367 212
433 612 267 441 458 879 682 802 250 791 458 147 489 689 141 735 503 0 610 549 857 420 675 701 837 602 603 572 675 471 1000 664 634 425 294 684 470 857 608
532 796 697 564 880 693 214 867 365 291 512 523 224 639 730 867 485 610 0 308 866 486 644 182 698 819 143 578 71 260 468 690 155 768 367 82 161 754 696
692 961 744 721 948 969 517 1080 327 599 687 539 111 873 691 1058 683 549 308 0 1098 225 872 491 963 973 433 784 316 468 765 903 185 864 455 317 348 1013 888
441 283 631 423 585 277 693 82 848 714 430 723 987 227 831 181 417 857 866 1098 0 1139 226 745 222 315 725 317 920 631 810 202 1014 499 678 929 754 164 248
703 952 665 727 868 1063 670 1106 291 768 710 469 263 927 557 1064 724 420 486 225 1139 0 921 657 1043 955 578 822 515 551 954 937 400 810 461 519 455 1084 905
242 247 490 234 519 231 485 224 632 524 221 532 760 21 677 250 196 675 644 872 226 921 0 537 174 286 506 103 701 405 659 65 789 402 462 711 528 182 129
495 732 721 525 877 538 52 761 481 110 467 585 401 528 801 780 422 701 182 491 745 657 537 0 554 761 97 496 200 250 308 594 331 755 417 206 236 615 618
405 396 664 403 686 64 504 277 764 506 378 691 853 155 849 351 338 837 698 963 222 1043 174 554 0 435 554 268 743 499 588 220 852 573 598 751 615 62 293
289 39 346 257 270 500 712 237 670 776 306 493 868 306 545 145 340 602 819 973 315 955 286 761 435 0 703 271 886 558 934 223 942 194 518 897 670 411 159
425 677 633 456 797 549 92 731 385 198 400 488 333 500 704 738 363 603 143 433 725 578 506 97 554 703 0 449 194 162 404 556 299 678 321 204 140 611 570
139 238 401 135 460 317 445 296 532 505 117 429 674 116 581 289 101 572 578 784 317 822 103 496 268 271 449 0 640 326 666 118 716 336 361 650 448 285 122
600 862 768 632 951 733 243 925 427 297 580 592 253 695 798 930 550 675 71 316 920 515 701 200 743 886 194 640 0 328 449 750 137 840 439 10 233 802 760
272 536 471 304 636 513 218 621 295 324 252 342 357 405 557 612 228 471 260 468 631 551 405 250 499 558 162 326 328 0 532 442 391 518 177 339 123 546 440
720 898 982 744 1108 541 319 855 789 209 685 874 692 642 1089 907 630 1000 468 765 810 954 659 308 588 934 404 666 449 532 0 725 584 981 709 448 544 649 775
239 183 459 224 466 282 542 178 646 586 227 525 792 84 653 188 219 664 690 903 202 937 65 594 220 223 556 118 750 442 725 0 832 355 476 760 565 211 73
652 923 774 684 969 848 367 1010 385 432 638 580 155 787 768 1003 619 634 155 185 1014 400 789 331 852 942 299 716 137 391 584 832 0 868 450 136 271 908 831
263 218 159 237 126 633 712 426 543 797 296 341 768 423 353 339 351 425 768 864 499 810 402 755 573 194 678 336 840 518 981 355 868 0 419 850 609 565 281
244 507 329 271 519 628 392 646 170 500 249 167 353 470 383 610 266 294 367 455 678 461 462 417 598 518 321 361 439 177 709 476 450 419 0 449 208 632 446
611 873 779 643 962 740 250 935 436 301 590 602 257 705 808 940 560 684 82 317 929 519 711 206 751 897 204 650 10 339 448 760 136 850 449 0 243 810 770
381 651 536 413 718 624 230 744 245 338 366 368 238 528 581 733 349 470 161 348 754 455 528 236 615 670 140 448 233 123 544 565 271 609 208 243 0 664 560
424 372 668 417 671 113 564 227 801 569 401 714 902 168 859 310 367 857 754 1013 164 1084 182 615 62 411 611 285 802 546 649 211 908 565 632 810 664 0 283
202 122 391 179 393 355 567 201 613 623 200 474 778 150 587 172 212 608 696 888 248 905 129 618 293 159 570 122 760 440 775 73 831 281 446 770 560 283 0
