49
0 534 793 503 187 273 1072 900 803 364 859 523 752 660 405 646 720 668 333 870 199 553 990 416 552 518 532 503 795 630 559 412 388 231 724 577 945 534 82 290 960 598 786 297 408 281 500 920 643
534 0 275 108 523 363 577 849 772 298 368 572 597 144 166 146 470 162 407 745 622 300 469 232 322 169 109 375 513 478 84 190 329 536 199 158 494 12 615 807 492 364 381 736 482 259 558 409 334
793 275 0 292 744 574 478 1039 976 568 335 819 778 233 441 264 632 125 678 916 896 362 330 498 384 297 263 469 646 503 233 460 494 812 197 356 483 281 870 1074 457 566 460 1011 744 512 809 318 506
503 108 292 0 456 288 667 940 859 348 464 639 694 242 215 251 573 167 449 842 622 194 547 296 215 63 29 266 620 371 63 248 231 551 285 264 597 119 578 788 592 460 490 739 536 222 623 496 438
187 523 744 456 0 169 1096 1057 960 460 883 680 881 664 444 659 823 621 468 1011 386 439 992 487 431 448 483 363 894 474 519 465 268 408 722 613 991 527 204 432 998 694 845 478 559 273 657 931 723
273 363 574 288 169 0 940 1009 916 377 729 646 803 507 318 505 722 452 424 943 452 283 830 381 280 278 314 230 787 362 351 347 114 430 561 473 847 369 330 559 850 593 711 562 524 145 625 773 606
1072 577 478 667 1096 940 0 864 844 729 213 833 641 433 667 436 515 543 815 726 1093 813 152 663 837 708 650 913 468 973 608 659 899 984 382 495 169 571 1154 1304 131 556 323 1188 826 824 836 171 481
900 849 1039 940 1057 1009 864 0 97 636 779 378 261 810 739 780 408 982 591 138 758 1129 923 657 1147 1004 953 1168 414 1297 934 704 1068 674 843 703 703 837 952 935 746 486 607 768 497 873 400 850 534
803 772 976 859 960 916 844 97 0 545 737 281 209 744 654 714 356 911 495 143 662 1045 888 571 1062 922 874 1080 379 1211 856 618 978 578 782 631 677 760 855 843 719 414 564 676 401 781 303 811 470
364 298 568 348 460 377 729 636 545 0 524 295 427 366 135 342 364 461 109 566 366 513 671 73 528 403 371 536 436 670 370 108 432 261 430 249 589 290 443 575 609 236 426 468 188 237 278 593 279
859 368 335 464 883 729 213 779 737 524 0 667 527 223 454 224 382 362 616 644 890 626 160 455 650 510 449 720 364 795 408 448 695 783 182 283 149 361 942 1098 131 382 172 989 640 610 666 78 304
523 572 819 639 680 646 833 378 281 295 667 0 272 591 424 561 328 729 222 357 396 809 827 343 824 696 659 828 397 964 651 391 719 301 645 465 667 561 577 595 701 285 511 435 123 520 22 745 362
752 597 778 694 881 803 641 261 209 427 527 272 0 549 506 519 148 723 419 147 657 886 678 428 906 758 704 935 172 1059 681 471 845 553 581 446 472 585 818 864 514 233 354 706 351 660 288 602 273
660 144 233 242 664 507 433 810 744 366 223 591 549 0 260 30 406 181 473 691 722 416 331 292 440 293 230 504 431 591 190 267 471 625 65 127 355 138 742 919 350 332 265 830 526 396 583 266 275
405 166 441 215 444 318 667 739 654 135 454 424 506 260 0 243 408 328 241 652 463 391 586 83 408 273 236 429 470 557 234 35 341 372 325 173 549 159 487 658 559 281 400 575 323 176 408 514 288
646 146 264 251 659 505 436 780 714 342 224 561 519 30 243 0 377 208 447 662 701 432 343 268 455 305 242 516 404 609 204 246 476 602 88 98 347 138 728 901 346 302 245 808 498 388 553 274 245
720 470 632 573 823 722 515 408 356 364 382 328 148 406 408 377 0 584 394 284 665 767 537 341 788 637 580 827 76 944 552 376 748 554 435 314 346 458 795 880 384 129 210 735 359 577 336 458 136
668 162 125 167 621 452 543 982 911 461 362 729 723 181 328 208 584 0 569 867 776 270 407 394 294 179 139 372 612 433 108 352 379 695 184 279 509 170 745 950 493 497 444 891 643 387 716 372 450
333 407 678 449 468 424 815 591 495 109 616 222 419 473 241 447 394 569 0 543 281 602 769 181 615 501 474 612 471 749 476 217 500 170 536 352 666 399 402 496 690 282 501 372 99 301 201 689 343
870 745 916 842 1011 943 726 138 143 566 644 357 147 691 652 662 284 867 543 0 753 1034 786 573 1053 906 852 1082 280 1207 828 617 990 657 719 592 565 732 930 948 608 381 474 784 461 802 378 715 417
199 622 896 622 386 452 1093 758 662 366 890 396 657 722 463 701 665 776 281 753 0 715 1037 436 718 654 652 681 741 814 669 455 562 111 787 614 947 618 211 215 970 561 781 116 309 408 375 959 624
553 300 362 194 439 283 813 1129 1045 513 626 809 886 416 391 432 767 270 602 1034 715 0 677 474 24 130 191 106 813 178 227 426 171 668 443 458 768 312 613 842 757 653 676 830 697 316 791 642 632
990 469 330 547 992 830 152 923 888 671 160 827 678 331 586 343 537 407 769 786 1037 677 0 600 700 580 526 780 510 830 485 586 777 933 270 423 232 466 1072 1241 191 542 327 1139 798 726 826 82 465
416 232 498 296 487 381 663 657 571 73 455 343 428 292 83 268 341 394 181 573 436 474 600 0 491 355 315 511 408 640 309 48 417 334 356 177 529 223 497 643 546 211 370 541 249 236 328 523 235
552 322 384 215 431 280 837 1147 1062 528 650 824 906 440 408 455 788 294 615 1053 718 24 700 491 0 153 214 86 835 156 250 443 166 675 467 480 792 334 610 840 781 673 700 833 711 324 805 666 653
518 169 297 63 448 278 708 1004 922 403 510 696 758 293 273 305 637 179 501 906 654 130 580 355 153 0 62 211 683 309 102 307 199 591 328 327 648 181 590 807 640 524 548 771 591 247 680 536 501
532 109 263 29 483 314 650 953 874 371 449 659 704 230 236 242 580 139 474 852 652 191 526 315 214 62 0 273 623 370 41 268 251 580 268 267 586 121 608 818 579 471 485 768 559 252 644 478 443
503 375 469 266 363 230 913 1168 1080 536 720 828 935 504 429 516 827 372 612 1082 681 106 780 511 86 211 273 0 879 138 313 465 119 650 538 527 859 386 553 785 851 706 756 793 711 311 809 742 695
795 513 646 620 894 787 468 414 379 436 364 397 172 431 470 404 76 612 471 280 741 813 510 408 835 683 623 879 0 991 593 440 806 630 449 355 300 501 870 956 341 200 194 810 435 642 406 436 184
630 478 503 371 474 362 973 1297 1211 670 795 964 1059 591 557 609 944 433 749 1207 814 178 830 640 156 309 370 138 991 0 405 593 256 787 613 636 940 490 673 905 926 827 854 924 847 449 945 804 809
559 84 233 63 519 351 608 934 856 370 408 651 681 190 234 204 552 108 476 828 669 227 485 309 250 102 41 313 593 405 0 263 292 592 226 239 545 96 636 842 538 448 449 785 557 278 637 436 416
412 190 460 248 465 347 659 704 618 108 448 391 471 267 35 246 376 352 217 617 455 426 586 48 443 307 268 465 440 593 263 0 374 358 332 165 534 181 494 655 548 248 381 563 293 202 375 512 260
388 329 494 231 268 114 899 1068 978 432 695 719 845 471 341 476 748 379 500 990 562 171 777 417 166 199 251 119 806 256 292 374 0 531 517 466 824 338 444 674 822 622 704 675 599 199 699 728 622
231 536 812 551 408 430 984 674 578 261 783 301 553 625 372 602 554 695 170 657 111 668 933 334 675 591 580 650 630 787 592 358 531 0 689 511 836 530 277 327 860 449 671 206 202 352 279 855 513
724 199 197 285 722 561 382 843 782 430 182 645 581 65 325 88 435 184 536 719 787 443 270 356 467 328 268 538 449 613 226 332 517 689 0 185 326 195 805 984 314 376 267 895 586 456 638 212 312
577 158 356 264 613 473 495 703 631 249 283 465 446 127 173 98 314 279 352 592 614 458 423 177 480 327 267 527 355 636 239 165 466 511 185 0 377 146 659 818 387 217 239 718 400 340 456 347 177
945 494 483 597 991 847 169 703 677 589 149 667 472 355 549 347 346 509 666 565 947 768 232 529 792 648 586 859 300 940 545 534 824 836 326 377 0 486 1026 1161 43 396 165 1036 668 718 670 180 324
534 12 281 119 527 369 571 837 760 290 361 561 585 138 159 138 458 170 399 732 618 312 466 223 334 181 121 386 501 490 96 181 338 530 195 146 486 0 615 804 485 352 371 731 473 261 548 404 322
82 615 870 578 204 330 1154 952 855 443 942 577 818 742 487 728 795 745 402 930 211 613 1072 497 610 590 608 553 870 673 636 494 444 277 805 659 1026 615 0 231 1042 674 867 282 469 358 555 1002 722
290 807 1074 788 432 559 1304 935 843 575 1098 595 864 919 658 901 880 950 496 948 215 842 1241 643 840 807 818 785 956 905 842 655 674 327 984 818 1161 804 231 0 1183 777 996 167 522 565 577 1166 840
960 492 457 592 998 850 131 746 719 609 131 701 514 350 559 346 384 493 690 608 970 757 191 546 781 640 579 851 341 926 538 548 822 860 314 387 43 485 1042 1183 0 426 193 1062 697 725 704 146 352
598 364 566 460 694 593 556 486 414 236 382 285 233 332 281 302 129 497 282 381 561 653 542 211 673 524 471 706 200 827 448 248 622 449 376 217 396 352 674 777 426 0 233 643 271 448 283 460 77
786 381 460 490 845 711 323 607 564 426 172 511 354 265 400 245 210 444 501 474 781 676 327 370 700 548 485 756 194 854 449 381 704 671 267 239 165 371 867 996 193 233 0 870 503 575 513 248 159
297 736 1011 739 478 562 1188 768 676 468 989 435 706 830 575 808 735 891 372 784 116 830 1139 541 833 771 768 793 810 924 785 563 675 206 895 718 1036 731 282 167 1062 643 870 0 376 524 418 1061 711
408 482 744 536 559 524 826 497 401 188 640 123 351 526 323 498 359 643 99 461 309 697 798 249 711 591 559 711 435 847 557 293 599 202 586 400 668 473 469 522 697 271 503 376 0 400 101 716 345
281 259 512 222 273 145 824 873 781 237 610 520 660 396 176 388 577 387 301 802 408 316 726 236 324 247 252 311 642 449 278 202 199 352 456 340 718 261 358 565 725 448 575 524 400 0 500 662 463
500 558 809 623 657 625 836 400 303 278 666 22 288 583 408 553 336 716 201 378 375 791 826 328 805 680 644 809 406 945 637 375 699 279 638 456 670 548 555 577 704 283 513 418 101 500 0 744 361
920 409 318 496 931 773 171 850 811 593 78 745 602 266 514 274 458 372 689 715 959 642 82 523 666 536 478 742 436 804 436 512 728 855 212 347 180 404 1002 1166 146 460 248 1061 716 662 744 0 383
643 334 506 438 723 606 481 534 470 279 304 362 273 275 288 245 136 450 343 417 624 632 465 235 653 501 443 695 184 809 416 260 622 513 312 177 324 322 722 840 352 77 159 711 345 463 361 383 0
