229
0 215 446 694 573 374 613 134 614 85 405 513 670 230 245 240 459 525 100 207 387 107 651 647 710 141 255 602 694 410 292 580 533 645 213 436 407 470 244 724 552 503 785 842 572 701 685 197 493 115 628 609 408 303 692 691 551 680 563 263 537 661 571 641 699 151 689 208 615 389 92 383 352 570 629 282 687 664 331 108 853 175 494 66 301 411 605 347 546 501 82 467 350 134 376 528 564 642 846 562 604 545 542 458 318 254 376 273 702 390 520 769 234 458 800 605 736 788 240 238 467 676 637 255 254 106 560 425 422 375 381 519 396 632 790 438 528 283 579 114 579 731 447 481 822 588 102 189 186 222 954 873 656 357 731 386 395 542 581 593 668 161 931 544 183 553 248 792 550 640 804 481 790 296 672 927 146 443 647 527 103 426 286 710 296 165 175 201 544 353 670 621 546 933 436 352 644 578 237 640 615 440 392 199 710 103 314 342 789 136 625 901 387 423 615 800 679 51 244 577 418 182 813 523 743 571 608 601 761
215 0 235 489 358 163 398 314 439 167 263 418 456 335 43 155 245 447 294 143 177 233 631 531 502 231 385 517 487 201 367 390 397 550 373 276 325 406 50 527 413 394 619 627 383 491 571 395 281 255 441 517 396 344 543 650 338 607 434 424 544 502 411 491 547 161 476 19 454 338 197 377 405 488 459 475 562 529 190 125 641 389 283 281 95 196 444 324 368 286 189 281 181 191 204 451 401 434 633 368 502 349 333 341 310 42 262 219 502 194 427 591 243 270 586 444 593 585 26 192 278 534 603 334 468 252 368 351 275 423 305 509 275 499 582 223 313 223 425 301 507 590 243 327 647 410 113 403 40 81 739 665 450 356 519 314 338 334 374 378 465 376 726 332 386 427 450 614 385 501 601 436 575 135 457 720 234 294 490 335 128 321 166 568 168 328 153 386 550 145 538 481 484 720 473 137 504 381 336 486 401 242 390 75 540 147 229 302 575 351 411 688 204 321 428 609 518 186 213 384 427 362 627 413 541 494 454 433 554
446 235 0 256 133 135 177 523 374 402 208 488 227 555 201 271 105 530 512 343 136 466 628 424 267 419 608 456 326 39 573 184 417 469 604 299 325 397 202 391 297 330 432 401 297 255 589 608 130 488 236 571 449 537 387 622 159 545 455 654 584 336 386 339 387 384 289 239 418 471 405 442 515 559 280 710 564 522 293 343 406 617 48 512 183 47 409 391 192 91 402 245 153 418 246 535 245 200 399 273 547 253 97 404 397 193 359 389 274 84 374 387 375 232 381 284 566 353 208 311 236 388 589 482 700 457 279 459 201 525 321 537 248 499 346 54 121 307 408 515 464 563 45 339 444 348 345 635 272 276 509 430 216 523 285 331 466 194 227 153 234 605 491 168 621 327 685 516 231 365 440 442 363 256 229 484 461 327 454 136 348 406 310 545 302 527 368 621 586 92 408 474 458 486 555 109 495 163 554 331 169 70 550 287 470 359 281 360 368 579 210 455 115 295 337 388 347 421 400 172 492 567 411 342 390 447 431 386 319
694 489 256 0 176 378 170 754 495 657 348 686 131 811 452 487 305 732 749 598 373 722 675 395 28 643 865 474 343 287 825 141 594 460 861 503 449 489 451 424 311 390 267 226 424 57 740 839 297 744 131 751 580 787 295 644 263 541 627 911 679 247 538 275 286 641 277 491 553 703 641 584 679 751 198 964 707 663 532 587 175 859 209 760 437 301 547 545 200 250 640 433 356 675 474 737 236 58 181 402 723 389 159 610 564 447 586 637 40 304 429 197 574 424 282 238 682 97 463 517 423 313 630 676 947 689 410 680 330 682 459 629 385 649 101 287 246 495 561 749 500 681 247 528 245 478 596 883 528 532 298 180 40 765 90 467 695 318 322 164 30 849 237 284 873 347 938 567 236 315 419 534 248 504 133 233 717 531 581 179 592 622 557 668 547 750 625 876 679 344 351 622 515 257 691 365 637 125 810 265 128 255 788 544 561 600 459 517 268 823 224 234 313 409 444 155 243 674 651 134 625 793 187 388 401 484 574 519 69
573 358 133 176 0 217 43 656 332 521 319 510 98 656 329 405 135 555 643 443 210 581 721 479 174 553 711 532 222 173 663 193 419 535 715 326 437 501 331 298 362 418 419 270 257 150 572 740 121 603 230 577 566 622 410 705 89 615 453 763 693 356 367 371 405 493 170 365 387 528 537 563 643 575 296 826 541 497 362 473 289 746 93 639 286 162 380 514 236 79 533 256 282 529 301 560 292 122 278 233 549 217 74 433 523 318 411 472 209 214 462 357 507 247 248 319 525 269 332 444 246 419 679 614 827 590 241 504 307 651 437 644 361 480 243 135 69 437 390 647 548 523 158 351 412 312 471 761 392 382 381 324 139 594 168 447 521 145 158 20 169 733 391 110 742 397 805 437 283 406 328 547 229 341 99 379 569 354 418 177 478 445 392 508 381 660 474 737 694 223 449 454 551 365 676 221 471 158 654 361 51 180 616 398 411 490 408 483 235 708 89 331 240 402 284 330 360 543 489 177 611 700 361 424 288 531 406 353 222
374 163 135 378 217 0 252 477 298 311 292 360 314 438 152 275 87 400 458 225 14 367 710 541 383 390 493 558 324 128 448 319 302 579 498 176 395 475 160 367 414 428 567 478 231 364 479 558 119 389 371 449 499 409 517 714 178 649 341 546 645 467 289 467 518 277 314 177 327 336 360 486 537 433 413 611 460 421 159 289 507 549 172 438 73 88 318 432 323 138 353 143 209 313 114 405 372 320 495 213 427 192 220 276 427 135 224 259 401 164 470 522 379 129 427 414 475 475 142 318 137 516 675 481 623 415 215 325 293 552 382 603 323 394 458 90 160 333 308 464 559 472 171 223 579 269 273 556 188 166 594 540 337 390 386 393 331 171 210 237 360 535 606 170 531 439 594 465 357 490 438 515 419 125 315 595 353 203 365 270 292 274 179 452 169 490 256 523 649 108 532 371 546 582 594 54 394 297 436 460 267 188 416 184 400 310 320 403 416 510 253 548 196 374 277 519 480 337 273 307 538 525 544 443 379 543 335 300 434
613 398 177 170 43 252 0 698 326 559 359 521 62 689 370 448 166 566 685 477 243 618 755 505 160 595 745 564 193 216 693 217 426 563 750 343 477 538 373 273 393 453 427 229 254 130 570 783 144 640 247 582 607 650 429 737 97 644 458 798 731 375 368 394 423 529 136 405 383 550 579 604 685 584 316 863 537 493 389 515 257 787 135 679 322 203 377 556 266 114 575 271 325 565 326 571 320 123 243 232 554 219 110 447 566 359 433 501 207 257 497 361 550 264 206 343 515 254 372 487 261 440 713 657 867 633 240 522 347 693 478 682 401 479 219 174 94 480 391 689 582 513 200 363 413 308 511 801 431 418 343 297 139 618 140 488 541 150 152 25 170 774 365 118 780 429 843 414 312 430 294 585 186 373 63 351 605 370 412 210 519 463 422 500 411 703 509 774 733 266 472 452 586 330 717 261 468 182 687 384 45 222 639 435 397 532 450 525 192 748 60 295 283 441 275 325 378 582 520 201 652 743 357 458 258 564 404 349 203
134 314 523 754 656 477 698 0 739 219 427 647 750 340 331 268 557 659 37 339 491 232 576 631 773 112 349 568 802 484 407 626 665 615 294 563 390 434 326 839 557 493 800 925 691 770 819 85 593 233 668 744 348 427 697 625 649 635 696 332 454 675 699 650 706 285 789 300 743 523 118 323 260 705 655 311 821 797 459 188 921 126 569 116 408 496 733 304 581 592 124 586 397 268 499 662 587 706 918 678 739 660 613 592 272 345 509 407 755 452 498 797 205 576 895 623 868 841 335 244 585 678 571 166 221 65 678 560 446 283 366 446 405 765 853 527 621 279 708 21 539 864 513 610 845 711 211 179 296 343 1031 934 718 487 803 366 529 648 688 676 725 127 987 645 215 549 265 916 574 641 915 432 881 419 752 986 275 573 777 577 185 560 416 842 425 36 309 257 461 432 663 753 501 1003 344 445 776 631 349 651 692 500 521 320 837 168 317 311 883 110 719 974 440 417 735 840 695 185 378 626 344 49 847 512 855 534 738 728 823
614 439 374 495 332 298 326 739 0 533 576 249 370 572 443 572 270 291 711 412 285 563 998 794 483 669 624 830 191 394 544 520 145 843 656 178 687 765 452 154 669 704 751 449 77 450 246 811 245 580 562 275 797 491 739 996 244 919 159 691 941 685 68 697 735 474 246 457 59 345 630 785 834 291 625 779 211 168 284 558 532 780 376 670 345 350 56 730 552 295 620 158 501 506 239 295 609 449 508 102 246 122 395 213 726 424 263 377 533 443 748 687 674 170 343 642 194 572 426 614 162 746 961 772 834 683 95 298 573 850 677 898 612 157 524 322 276 631 84 722 838 191 420 142 739 29 527 769 446 395 558 587 465 430 445 688 334 190 174 337 496 763 655 224 727 701 778 177 597 728 244 807 361 319 369 634 530 178 86 491 559 248 331 176 320 759 448 700 945 401 772 131 830 577 892 351 143 487 565 687 370 444 433 418 102 581 618 702 343 741 272 542 478 662 53 649 691 566 408 504 836 788 683 716 188 821 83 30 517
85 167 402 657 521 311 559 219 533 0 403 428 619 189 206 248 399 441 186 122 323 68 699 660 670 202 229 627 623 369 239 555 448 667 208 354 429 500 210 649 554 517 776 788 495 658 599 281 431 89 605 525 454 238 690 733 489 711 477 259 592 654 487 639 696 66 623 168 531 306 148 431 415 486 616 307 602 579 248 115 807 248 451 136 238 362 522 387 528 446 135 390 333 56 298 444 554 602 798 486 519 470 500 372 361 210 291 188 670 359 541 752 277 382 737 597 650 753 194 261 391 678 681 323 313 182 484 341 418 438 404 569 402 547 749 386 470 305 495 200 609 646 411 398 807 507 74 246 130 148 902 833 618 282 685 410 312 475 512 542 633 231 894 480 220 560 284 710 539 643 731 518 730 218 620 887 87 360 563 501 110 340 202 625 213 248 90 218 599 313 676 536 578 886 498 299 558 548 193 636 566 408 318 127 627 126 329 376 727 209 565 852 364 438 537 775 672 34 159 550 471 268 791 537 669 599 524 519 722
405 263 208 348 319 292 359 427 576 403 0 645 390 589 222 166 307 682 432 407 301 471 422 268 372 315 633 267 531 181 627 208 594 292 608 467 118 189 213 599 151 137 379 554 501 379 771 509 337 491 243 738 247 607 287 423 366 358 633 659 376 255 578 236 294 419 488 251 614 591 329 245 334 718 227 688 752 712 421 299 523 546 229 464 289 225 604 200 156 299 333 432 87 443 399 686 160 313 526 477 718 456 250 562 216 233 496 480 340 132 177 369 232 418 563 199 762 425 246 183 424 275 385 329 639 367 483 594 18 338 119 329 41 686 448 254 328 152 598 427 266 759 167 515 420 548 329 582 300 341 643 524 320 618 417 128 589 402 436 334 318 539 569 377 588 163 653 724 147 240 644 234 539 368 392 572 484 494 651 170 305 552 415 740 412 417 415 605 379 183 275 663 255 605 358 239 685 223 591 234 332 141 652 339 674 302 114 171 549 515 407 581 98 87 543 413 274 405 476 213 292 460 420 155 597 251 624 583 417
513 418 488 686 510 360 521 647 249 428 645 0 577 386 445 574 394 45 613 314 355 427 1046 902 681 614 430 912 435 488 339 667 105 937 477 189 734 816 456 403 774 783 915 687 284 652 173 703 392 437 717 99 814 287 875 1060 424 1003 95 499 963 824 181 827 875 362 481 437 202 137 563 796 815 72 767 595 184 177 229 501 759 649 513 550 357 445 198 743 680 443 551 254 558 381 247 50 732 632 738 300 91 305 550 84 728 428 156 239 719 524 822 861 656 264 587 772 249 775 421 610 264 876 1016 733 679 607 291 90 649 835 716 927 671 149 738 434 441 641 166 627 909 245 529 158 917 245 457 621 402 342 801 809 650 214 657 726 127 370 379 522 679 631 879 403 568 799 605 378 717 850 492 850 602 285 577 861 385 160 210 624 500 97 253 226 250 676 339 529 968 464 893 155 891 814 889 409 168 640 378 819 558 548 203 360 290 523 643 720 585 614 480 778 554 721 293 840 835 461 269 653 845 695 871 800 438 894 178 219 724
670 456 227 131 98 314 62 750 370 619 390 577 0 752 426 495 228 623 740 539 305 679 767 503 113 645 807 570 212 266 756 219 480 565 812 403 505 560 428 293 401 468 398 174 303 79 616 836 207 701 236 634 637 713 415 744 157 646 510 860 753 364 418 387 407 590 146 462 428 611 633 636 722 638 308 924 581 538 452 570 195 843 181 737 383 259 423 590 275 175 629 331 367 626 389 628 325 103 181 282 605 273 143 506 603 416 495 564 171 302 511 328 594 324 176 341 553 201 430 532 321 430 723 701 924 685 291 583 376 728 509 704 431 526 160 233 156 521 440 742 592 552 242 420 375 356 568 859 490 479 283 235 112 681 79 518 603 207 201 77 141 830 304 177 840 437 903 436 320 425 295 607 149 435 2 289 666 429 455 227 574 523 485 540 474 754 570 835 754 319 465 499 600 268 748 320 513 186 749 376 59 262 700 496 431 587 489 560 162 805 99 234 324 467 317 280 363 641 583 204 682 794 315 471 271 575 451 395 147
230 335 555 811 656 438 689 340 572 189 589 386 752 0 378 438 523 380 302 213 446 127 880 849 820 371 55 817 708 528 68 724 449 856 90 404 618 688 384 712 740 706 955 910 559 802 556 363 548 114 776 466 635 104 875 917 605 899 466 119 768 836 511 823 880 174 724 342 550 249 320 611 581 422 795 210 571 561 312 303 946 290 601 224 373 510 542 572 704 577 308 463 514 145 377 381 735 754 933 558 471 548 651 368 544 376 308 200 829 529 730 926 459 461 842 778 635 908 359 449 468 864 865 485 297 333 553 299 603 605 593 748 590 531 896 526 595 494 510 320 797 631 573 429 982 552 263 247 295 279 1028 979 771 179 825 599 260 575 606 676 790 272 1044 591 188 748 219 738 720 829 802 704 841 316 753 1034 104 395 573 670 298 331 271 611 283 376 187 144 775 474 864 530 766 1020 666 446 548 712 9 819 706 576 204 269 649 312 519 563 834 264 681 985 540 627 593 941 853 199 173 717 648 376 960 726 740 788 535 549 871
245 43 201 452 329 152 370 331 443 206 222 445 426 378 0 132 227 477 316 185 167 274 600 490 466 238 427 479 474 165 410 348 416 511 414 291 291 372 10 519 371 354 576 599 382 456 592 414 263 296 399 543 371 387 500 617 318 569 454 465 519 459 422 448 504 204 458 38 464 374 212 354 392 517 416 513 580 546 216 145 607 417 249 311 99 167 454 300 325 261 206 285 138 233 217 481 358 398 601 365 527 344 297 366 289 19 290 258 463 153 388 548 231 272 564 401 607 547 25 173 280 491 571 329 499 266 366 383 232 408 271 482 236 516 546 197 290 198 438 320 471 603 204 342 604 414 144 434 83 119 709 629 413 396 486 281 373 321 361 349 427 404 689 315 421 385 486 615 342 458 589 404 551 160 427 683 277 312 501 294 149 349 199 582 199 340 197 424 524 108 496 496 449 688 455 114 520 341 380 443 370 202 430 117 545 163 197 275 552 379 388 656 161 283 427 568 475 221 254 343 405 378 585 373 531 457 467 440 518
240 155 271 487 405 275 448 268 572 248 166 574 495 438 132 0 334 603 268 286 289 314 477 412 507 156 477 380 583 232 484 358 549 418 447 424 182 258 122 636 312 268 546 668 507 506 724 352 370 333 401 673 240 473 451 500 419 466 586 498 389 422 554 401 459 279 556 136 596 490 162 222 262 644 393 522 713 678 345 137 656 381 314 297 231 257 586 168 315 354 166 415 131 296 350 607 327 441 655 488 657 467 353 496 156 152 418 367 487 192 292 535 106 401 652 366 740 573 155 42 409 436 451 212 474 204 491 506 184 277 158 353 156 649 587 291 385 67 570 265 364 736 252 475 586 543 174 416 178 234 770 667 452 499 541 166 491 434 473 424 458 374 719 421 422 314 486 741 313 400 699 283 634 290 497 718 334 444 633 309 142 477 322 715 324 263 283 441 394 191 431 629 337 739 322 226 653 363 442 400 435 236 534 222 674 136 81 146 640 349 480 711 174 189 553 573 440 244 355 358 272 305 583 289 644 353 599 571 556
459 245 105 305 135 87 166 557 270 399 307 394 228 523 227 334 0 438 540 311 77 455 730 529 307 464 578 561 249 125 528 273 316 575 585 205 421 497 232 303 402 434 520 390 193 285 485 640 36 477 323 472 538 487 486 726 92 650 353 632 678 434 281 440 485 364 231 257 312 397 439 529 592 464 375 699 459 417 227 369 423 635 119 525 160 83 303 475 293 55 433 144 238 401 168 443 348 248 409 170 447 149 156 313 476 212 280 337 333 175 478 467 440 131 340 385 460 401 222 376 133 489 691 545 710 493 175 377 303 604 414 633 345 394 378 52 72 383 303 546 568 457 150 240 524 243 358 644 274 254 507 459 266 460 303 424 390 100 139 154 292 621 526 88 619 433 681 418 334 468 365 540 331 207 229 514 440 234 349 233 373 320 257 439 246 567 343 610 682 145 511 369 561 496 640 113 390 245 521 431 186 175 483 272 367 389 363 446 330 596 166 461 210 394 235 454 443 424 355 259 580 605 482 446 309 551 326 280 356
525 447 530 732 555 400 566 659 291 441 682 45 623 380 477 603 438 0 624 333 396 434 1078 941 726 633 420 948 479 529 327 710 149 974 470 232 767 849 488 444 813 820 958 732 329 697 177 710 437 441 761 87 843 277 917 1094 469 1040 133 488 991 866 223 868 917 376 526 466 241 138 582 824 838 45 810 584 197 199 262 522 805 653 556 558 392 486 238 771 722 488 569 298 594 391 286 5 773 677 783 345 93 351 594 125 755 460 187 254 764 562 858 905 681 309 631 814 268 820 452 637 309 917 1048 753 676 623 337 100 687 859 749 957 706 175 783 477 486 671 207 639 944 264 570 203 961 288 477 621 428 369 845 855 694 202 702 758 130 416 424 568 723 634 924 448 565 837 599 410 758 891 532 882 646 317 622 906 391 204 245 666 521 129 280 247 279 690 355 524 997 502 933 186 925 859 914 447 196 683 371 860 603 588 184 385 324 543 675 749 629 619 526 823 592 756 337 885 877 474 281 697 872 706 915 837 479 930 216 260 769
100 294 512 749 643 458 685 37 711 186 432 613 740 302 316 268 540 624 0 308 471 195 606 647 767 119 313 589 781 474 369 625 634 635 258 535 405 454 312 816 567 506 808 913 666 762 785 101 575 195 669 709 373 389 707 653 632 658 664 299 485 683 670 660 716 252 771 283 714 487 108 348 292 669 660 284 788 765 430 170 914 113 559 78 387 482 704 324 583 577 110 561 394 232 472 626 592 700 910 654 704 637 605 559 292 328 477 373 753 446 515 802 219 552 879 630 836 839 317 249 560 689 599 196 208 65 653 525 450 315 380 475 413 733 848 513 606 289 679 17 560 832 505 580 852 684 187 157 272 316 1022 930 713 449 795 381 494 628 668 664 722 109 984 627 185 562 240 889 579 653 894 455 867 392 741 982 238 543 747 575 167 526 385 810 395 73 276 224 493 420 677 722 524 996 377 429 744 628 311 660 682 494 483 293 808 153 325 329 868 87 704 966 436 429 710 842 703 152 343 625 373 82 851 526 833 555 708 699 818
207 143 343 598 443 225 477 339 412 122 407 314 539 213 185 286 311 333 308 0 234 154 762 675 606 300 267 659 515 318 231 517 326 693 274 233 464 543 194 534 556 537 755 701 378 589 482 404 338 173 569 413 520 202 684 786 396 748 356 320 666 641 365 631 687 62 523 157 408 207 249 499 505 377 595 391 482 457 127 189 733 368 388 258 160 297 399 449 502 364 237 274 324 96 183 337 540 541 721 372 404 358 438 252 429 176 169 82 617 325 569 721 351 269 639 583 528 695 161 314 277 675 737 420 425 294 369 232 418 526 442 635 418 425 683 312 384 353 372 321 647 524 364 275 778 386 144 359 109 69 818 765 558 213 612 451 210 372 407 463 578 351 830 384 322 570 379 589 524 643 618 570 636 109 540 820 130 237 440 463 187 222 80 502 91 366 36 304 672 267 681 414 622 808 582 233 436 502 211 626 492 369 248 68 505 210 365 431 631 329 473 773 341 463 419 731 657 157 69 508 545 388 752 557 556 635 401 396 658
387 177 136 373 210 14 243 491 285 323 301 355 305 446 167 289 77 396 471 234 0 378 720 548 378 404 501 566 310 133 454 320 293 586 507 168 406 486 174 352 420 437 568 468 218 358 470 572 107 399 372 442 512 414 521 724 166 657 332 555 657 471 277 472 521 287 302 191 316 336 374 499 551 427 415 622 450 411 160 303 499 562 170 451 85 90 306 444 326 130 366 132 220 323 110 401 377 315 486 199 420 178 216 271 441 149 222 264 398 172 479 521 393 118 414 418 463 470 156 332 124 520 685 495 635 429 201 323 302 566 394 615 334 384 451 87 150 346 297 478 568 460 174 214 579 256 286 569 201 177 584 533 333 392 378 405 330 157 196 229 357 547 600 157 543 446 605 451 362 495 424 526 407 131 306 589 362 196 353 272 305 270 183 440 173 504 266 533 661 119 538 361 556 573 607 66 383 296 444 464 260 192 418 196 387 323 333 416 404 523 242 539 205 385 263 517 482 349 280 307 551 539 542 452 365 552 323 287 428
107 233 466 722 581 367 618 232 563 68 471 427 679 127 274 314 455 434 195 154 378 0 753 727 734 245 162 691 669 435 186 622 464 731 140 384 492 562 277 688 622 583 844 846 533 720 601 276 485 22 673 520 508 196 759 790 543 772 489 191 642 723 511 707 765 93 674 235 554 296 194 484 458 479 685 245 608 590 280 178 869 223 514 124 295 424 545 444 596 504 181 429 402 57 337 436 623 666 859 526 518 512 564 384 417 275 307 194 736 427 605 820 332 423 790 665 663 818 259 323 431 746 737 362 271 213 523 338 486 481 467 621 469 558 813 446 527 368 516 211 671 658 477 423 876 538 142 206 194 200 961 896 682 254 747 473 304 524 560 602 699 205 958 533 168 628 227 738 608 711 773 577 785 261 680 951 43 385 583 568 173 349 233 637 245 266 118 155 649 378 744 550 639 946 542 361 572 614 133 704 628 475 288 183 652 185 394 436 780 187 620 913 432 503 572 842 740 72 162 617 522 275 859 603 711 661 544 545 786
651 631 628 675 721 710 755 576 998 699 422 1046 767 880 600 477 730 1078 606 762 720 753 0 293 704 510 906 202 942 604 938 549 1008 227 859 881 315 234 590 1014 367 303 513 901 923 726 1186 617 758 766 544 1144 245 937 411 68 783 162 1047 903 126 441 998 408 424 746 891 612 1035 967 560 269 317 1118 478 888 1169 1131 817 587 833 695 641 678 691 648 1026 314 492 717 572 852 500 754 809 1082 443 669 848 900 1126 879 646 966 338 618 891 844 646 555 258 563 422 838 943 437 1184 708 625 447 844 386 45 410 782 555 905 982 426 295 330 132 387 1104 758 677 744 409 1018 591 175 1181 584 931 577 970 633 753 655 711 959 808 667 971 764 320 968 822 854 731 648 701 822 795 791 330 841 1144 447 368 1049 196 913 761 770 838 785 905 1073 545 591 950 798 1161 799 543 755 830 118 601 346 1081 170 906 238 655 1104 580 887 417 718 559 1007 699 1097 573 403 331 929 686 811 894 520 336 965 644 453 682 829 563 234 571 625 297 1008 192 1044 1006 730
647 531 424 395 479 541 505 631 794 660 268 902 503 849 490 412 529 941 647 675 548 727 293 0 423 528 890 98 699 415 892 288 840 67 859 717 242 204 481 777 128 144 225 618 716 450 1013 701 549 745 268 991 312 874 118 251 556 146 878 909 338 150 811 119 131 683 640 518 841 857 559 331 433 975 197 925 989 947 684 549 543 758 418 697 552 460 833 330 243 499 567 670 354 705 655 946 187 400 560 692 968 672 406 818 362 501 758 748 362 378 133 270 427 656 674 162 988 416 514 409 660 92 248 485 853 583 699 858 258 422 268 294 259 924 470 479 520 365 833 638 137 985 379 761 288 769 585 805 567 609 668 515 394 886 485 266 855 605 630 483 371 756 529 573 823 105 884 916 198 79 796 228 641 632 506 544 745 745 877 304 554 812 681 968 678 609 682 848 334 439 53 899 170 614 399 493 919 322 852 130 463 357 920 606 884 546 334 319 660 734 565 603 349 224 752 350 161 657 744 304 344 649 333 123 764 127 855 808 443
710 502 267 28 174 383 160 773 483 670 372 681 113 820 466 507 307 726 767 606 378 734 704 423 0 663 874 502 324 300 832 168 587 489 872 500 475 516 465 404 340 418 289 197 413 34 729 858 295 756 159 743 606 792 323 672 256 569 619 921 707 275 528 304 313 651 257 504 541 703 659 610 705 745 227 977 694 651 535 604 150 876 219 776 446 310 535 571 227 251 658 429 376 685 475 731 264 67 154 391 714 380 169 606 589 460 586 642 64 321 457 217 597 421 255 267 667 94 476 539 419 341 659 699 963 708 400 679 355 707 485 657 410 638 80 294 244 518 551 767 529 665 263 523 263 467 611 899 540 541 272 163 54 767 62 493 695 311 311 159 57 865 224 278 887 375 952 547 264 344 396 562 221 509 115 217 727 528 568 202 609 620 562 654 552 771 634 888 707 357 379 611 544 233 718 374 625 148 818 293 123 273 790 554 544 617 482 542 242 840 211 208 332 435 430 167 270 687 657 159 652 813 201 416 380 513 563 507 51
141 231 419 643 553 390 595 112 669 202 315 614 645 371 238 156 464 633 119 300 404 245 510 528 663 0 395 473 712 379 432 513 615 518 350 501 285 339 231 757 447 387 689 820 614 661 780 196 500 256 555 713 268 438 587 551 554 546 649 397 396 564 638 540 596 261 694 214 682 503 53 243 214 678 542 398 776 748 403 114 812 233 464 173 327 396 672 211 469 493 67 513 287 258 431 637 475 597 810 599 704 580 506 548 180 254 464 379 643 345 397 684 101 501 796 511 815 729 248 131 510 569 497 121 328 54 600 532 333 237 260 378 294 716 743 429 524 169 650 113 447 811 405 551 734 641 156 276 225 281 924 823 608 485 695 262 507 559 599 572 614 229 875 552 297 442 356 845 462 533 827 344 781 355 647 875 282 515 717 465 115 520 366 790 372 108 278 328 403 330 557 701 412 894 297 351 725 519 378 540 587 390 521 260 770 92 206 212 784 206 621 866 330 309 660 727 583 177 355 514 277 149 735 406 769 440 680 662 712
255 385 608 865 711 493 745 349 624 229 633 430 807 55 427 477 578 420 313 267 501 162 906 890 874 395 0 853 763 580 93 774 499 894 62 458 655 722 432 766 784 746 1003 966 613 857 597 359 604 144 826 505 663 143 920 946 660 933 513 68 790 883 563 868 926 225 780 390 601 295 348 639 600 460 843 164 614 607 368 341 1001 279 655 234 427 563 593 602 753 632 336 518 561 193 433 420 782 807 988 613 512 603 705 418 573 426 362 255 882 579 768 976 489 516 897 825 680 962 409 485 524 908 893 503 269 353 608 345 647 624 630 774 632 578 950 580 651 530 560 329 832 676 625 482 1032 605 304 228 344 332 1083 1033 824 218 880 635 306 631 662 731 843 262 1098 646 167 790 182 789 767 873 856 735 897 372 808 1088 150 449 623 720 335 381 327 656 339 386 239 117 797 526 906 577 799 1075 686 499 595 764 60 865 760 627 238 321 700 346 557 595 890 259 737 1040 588 666 647 992 900 233 229 768 672 379 1011 766 794 823 584 601 925
602 517 456 474 532 558 564 568 830 627 267 912 570 817 479 380 561 948 589 659 566 691 202 98 502 473 853 0 754 439 865 351 860 48 816 734 198 134 469 830 170 129 324 699 753 525 1036 632 585 708 343 1005 231 853 215 173 602 91 899 865 239 239 839 206 228 659 700 502 873 853 511 252 349 985 276 872 1015 975 687 513 631 695 460 646 556 484 864 264 298 539 520 695 354 676 666 953 245 470 646 729 985 709 458 829 296 493 762 737 444 394 90 367 372 681 745 235 1021 506 505 367 686 189 157 413 789 526 735 860 264 336 223 196 243 950 556 508 564 322 860 578 39 1018 410 781 387 804 554 746 550 598 756 606 467 873 563 217 852 646 675 540 447 695 624 616 770 134 829 965 251 167 858 143 714 633 573 638 714 761 909 354 518 819 678 1000 676 543 661 800 236 450 151 926 76 704 307 505 947 384 821 215 524 386 908 592 925 506 298 261 731 675 621 691 361 196 792 445 253 619 729 366 257 580 429 114 820 34 885 841 527
694 487 326 343 222 324 193 802 191 623 531 435 212 708 474 583 249 479 781 515 310 669 942 699 324 712 763 754 0 360 693 411 330 756 784 307 650 718 481 80 584 639 610 258 156 290 429 883 213 689 440 467 775 642 621 927 167 837 350 825 908 568 255 588 615 576 66 501 249 510 684 768 838 482 510 905 390 349 396 613 346 869 302 757 394 327 247 717 458 235 677 244 478 611 333 483 513 310 320 151 437 159 296 383 721 458 407 507 384 410 683 540 689 247 152 537 351 403 467 625 240 634 900 795 936 739 157 469 522 850 647 860 572 345 349 293 204 629 274 789 770 350 364 297 587 190 595 870 509 475 367 403 322 591 274 657 500 153 113 215 353 853 470 162 837 620 895 224 504 624 116 764 170 407 210 448 644 323 266 399 616 412 441 342 428 814 551 819 910 393 666 320 771 386 881 362 328 376 702 577 237 389 601 496 225 634 605 686 151 829 133 351 442 617 141 489 570 653 534 394 819 850 525 646 66 753 274 221 348
410 201 39 287 173 128 216 484 394 369 181 488 266 528 165 232 125 529 474 318 133 435 604 415 300 379 580 439 360 0 549 199 424 456 574 301 296 371 165 423 287 310 444 440 319 291 599 569 156 457 252 575 416 516 389 602 193 529 463 624 554 340 400 339 390 356 326 203 434 461 366 408 479 561 287 677 577 536 282 306 442 579 85 476 162 45 425 356 196 125 364 256 117 389 242 534 244 233 437 296 552 275 132 404 361 159 351 371 301 50 354 404 336 242 420 286 583 383 175 272 247 388 566 443 664 418 301 452 178 489 289 508 219 511 381 73 156 270 421 476 444 580 46 346 461 367 310 599 240 249 547 464 248 507 322 300 456 222 258 193 264 568 524 200 586 315 651 543 229 362 475 415 402 239 268 518 431 330 471 147 311 402 293 561 286 487 341 588 557 56 404 487 435 523 521 89 508 183 528 332 208 59 536 259 492 321 245 326 407 542 248 492 84 268 361 412 353 387 378 190 459 528 433 324 424 427 446 403 352
292 367 573 825 663 448 693 407 544 239 627 339 756 68 410 484 528 327 369 231 454 186 938 892 832 432 93 865 693 549 0 748 413 903 149 385 666 739 417 690 779 750 985 908 539 812 504 431 550 177 801 412 692 53 910 973 604 950 424 161 828 869 480 858 915 208 715 377 516 205 380 669 644 367 825 258 522 516 306 355 951 357 617 291 389 525 509 627 733 584 367 451 549 188 371 327 768 767 937 542 419 534 666 333 600 404 286 192 846 556 777 952 516 450 833 811 589 923 389 500 457 901 921 548 359 397 536 256 640 667 642 807 633 487 906 538 599 544 475 386 848 584 595 404 1009 526 311 313 328 300 1026 987 785 125 832 649 217 569 597 683 806 339 1054 588 252 789 275 704 752 867 780 758 835 322 757 1043 153 372 536 694 350 297 271 565 282 443 213 205 835 498 903 488 818 1022 728 463 505 733 59 854 714 601 144 295 614 366 566 616 826 332 679 987 570 672 570 961 885 256 174 739 707 444 983 770 719 837 498 519 882
580 390 184 141 193 319 217 626 520 555 208 667 219 724 348 358 273 710 625 517 320 622 549 288 168 513 774 351 411 199 748 0 589 347 762 477 307 350 345 489 182 253 249 360 443 182 753 710 282 644 53 746 438 716 218 525 276 429 626 814 542 164 547 178 214 550 352 387 572 656 517 442 538 737 104 858 724 681 477 471 316 737 154 644 361 231 564 404 59 230 518 417 231 581 430 715 106 120 322 418 720 400 125 585 423 348 542 570 131 195 295 204 438 405 394 126 714 217 365 384 407 226 505 538 828 562 426 643 190 540 317 492 244 661 241 234 244 359 570 623 373 712 153 514 262 497 487 766 430 447 439 315 121 706 221 325 650 330 349 195 111 728 362 295 763 218 828 629 101 214 508 396 364 438 221 363 624 506 605 54 477 589 492 696 484 619 537 771 542 250 256 635 383 398 550 288 654 34 724 168 174 147 734 455 603 481 321 376 380 703 277 375 192 267 474 220 171 566 578 16 483 662 237 254 475 356 589 538 209
533 397 417 594 419 302 426 665 145 448 594 105 480 449 416 549 316 149 634 326 293 464 1008 840 587 615 499 860 330 424 413 589 0 880 538 127 693 774 426 299 712 730 833 583 181 556 177 730 307 477 636 157 786 359 802 1016 331 951 39 567 935 750 76 756 801 384 377 417 104 208 568 770 803 158 691 659 164 133 211 500 658 687 434 581 319 379 98 716 608 360 557 172 510 410 199 153 662 541 635 199 131 207 467 81 705 397 157 269 629 465 772 775 641 184 482 701 202 680 394 588 182 805 975 728 729 617 190 159 595 821 678 896 624 101 639 362 352 614 64 647 861 198 461 78 830 139 461 667 391 333 696 709 559 293 559 689 197 275 279 430 589 669 778 309 619 739 664 291 648 782 389 812 497 262 479 759 425 104 124 549 500 118 250 176 242 691 358 586 939 410 826 87 847 710 870 355 110 559 442 747 465 482 292 354 201 523 610 690 480 650 381 674 498 675 188 749 759 483 302 574 821 715 781 745 334 845 85 115 627
645 550 469 460 535 579 563 615 843 667 292 937 565 856 511 418 575 974 635 693 586 731 227 67 489 518 894 48 756 456 903 347 880 0 859 755 239 180 501 833 174 156 287 684 765 514 1055 680 597 749 331 1028 279 889 184 184 609 81 919 908 281 217 855 185 197 696 699 535 887 883 555 301 398 1009 261 917 1032 991 714 553 610 742 468 690 582 501 878 311 298 549 564 712 380 715 690 979 243 463 627 741 1006 720 461 853 343 524 788 769 428 414 126 336 417 698 737 224 1035 483 536 408 703 159 182 461 837 572 747 887 287 385 264 241 274 967 537 523 572 363 877 624 86 1032 424 801 351 817 593 792 584 630 735 582 458 907 550 259 881 656 683 541 435 742 595 625 815 141 875 970 252 145 856 192 705 661 567 611 753 782 923 358 558 844 707 1015 705 590 697 844 277 472 119 942 124 681 354 528 964 381 860 195 522 400 941 625 935 547 337 306 723 722 622 670 383 231 802 417 228 660 763 363 305 628 398 137 822 83 900 855 509
213 373 604 861 715 498 750 294 656 208 608 477 812 90 414 447 585 470 258 274 507 140 859 859 872 350 62 816 784 574 149 762 538 859 0 484 620 684 418 793 758 714 983 975 639 857 647 298 613 118 813 557 618 194 896 902 671 894 555 51 741 861 598 845 902 221 796 375 637 340 306 594 549 512 825 122 662 652 387 310 1004 217 652 182 428 561 629 560 736 636 296 540 542 186 450 471 762 804 993 636 562 625 702 456 530 415 393 280 875 567 733 961 447 536 913 804 725 957 399 450 544 883 848 452 210 304 632 389 624 573 595 727 603 622 950 581 658 495 597 275 793 721 617 514 1016 635 280 166 333 332 1092 1033 821 268 882 599 350 646 679 735 838 201 1096 658 105 762 128 826 747 847 882 694 911 383 813 1088 145 478 662 708 305 419 343 701 355 330 241 56 748 517 878 619 760 1080 634 497 638 754 99 842 763 616 292 317 737 312 525 556 904 199 747 1046 573 635 675 982 879 203 250 757 625 320 999 735 820 785 623 635 923
436 276 299 503 326 176 343 563 178 354 467 189 403 404 291 424 205 232 535 233 168 384 881 717 500 501 458 734 307 301 385 477 127 755 484 0 566 647 301 309 589 604 725 535 155 473 305 634 206 402 528 274 660 335 686 889 246 825 166 522 808 635 136 638 686 295 334 296 180 210 458 645 681 260 578 607 289 254 106 388 594 602 323 491 193 257 170 590 491 256 448 72 382 327 73 238 543 447 575 156 251 150 361 107 580 272 100 204 534 340 645 672 519 79 450 583 317 595 270 464 82 687 847 610 656 510 150 179 469 699 551 769 497 225 563 245 257 488 149 546 734 313 341 51 729 153 353 591 276 221 652 639 465 287 483 561 201 198 218 341 493 584 708 226 550 615 603 356 529 663 397 685 456 146 403 692 353 28 215 434 388 119 152 292 141 585 269 525 813 284 706 205 719 656 746 228 228 450 398 630 376 360 301 244 273 410 483 564 445 563 312 620 372 548 190 655 645 388 234 464 696 613 685 620 336 718 178 164 546
407 325 325 449 437 395 477 390 687 429 118 734 505 618 291 182 421 767 405 464 406 492 315 242 475 285 655 198 650 296 666 307 693 239 620 566 0 81 280 717 175 102 418 664 614 486 871 464 453 510 330 830 132 655 309 326 484 284 732 670 258 296 684 267 320 461 607 308 722 663 317 134 234 806 291 682 854 816 505 314 623 516 348 455 377 338 712 103 248 417 326 538 186 478 494 772 227 421 630 591 812 570 367 652 130 307 580 544 434 246 113 428 185 524 679 252 870 515 316 170 530 289 282 256 611 340 596 674 129 233 25 212 77 788 547 369 446 124 703 396 183 867 285 615 470 659 355 562 355 407 747 617 426 678 525 24 663 518 553 451 419 514 655 494 581 161 642 840 220 252 762 120 654 449 507 661 515 590 759 279 319 638 490 847 490 371 464 607 261 287 272 766 158 705 244 340 789 329 622 270 448 260 713 398 787 308 100 82 665 492 525 683 211 39 656 487 316 421 534 316 177 412 486 121 715 171 730 693 516
470 406 397 489 501 475 538 434 765 500 189 816 560 688 372 258 497 849 454 543 486 562 234 204 516 339 722 134 718 371 739 350 774 180 684 647 81 0 361 788 185 100 410 710 690 532 952 500 527 578 361 912 109 731 297 245 555 210 813 733 193 298 764 265 309 537 671 388 801 744 378 126 230 888 310 737 935 896 587 385 660 561 415 512 459 415 791 130 290 488 388 618 265 551 576 853 254 469 669 667 894 646 428 734 162 388 661 624 468 322 76 434 238 604 736 267 949 543 397 239 610 273 200 282 656 392 672 755 196 222 101 144 152 869 583 444 516 194 783 443 109 946 355 696 468 736 428 612 434 487 785 647 471 757 571 92 744 591 625 513 459 561 677 566 636 157 695 914 252 239 829 46 709 531 562 687 587 672 838 332 390 720 571 926 571 410 541 666 194 367 246 847 79 739 211 421 869 376 693 271 506 329 792 478 864 376 178 128 722 541 590 720 287 102 732 502 317 489 613 361 148 448 495 109 784 101 809 771 552
244 50 202 451 331 160 373 326 452 210 213 456 428 384 10 122 232 488 312 194 174 277 590 481 465 231 432 469 481 165 417 345 426 501 418 301 280 361 0 527 362 345 570 601 390 456 602 410 269 299 395 554 360 395 492 606 323 559 464 469 509 452 432 440 497 210 463 42 474 384 207 343 382 528 410 515 590 556 227 142 608 415 250 311 109 170 464 289 320 265 203 294 131 239 228 492 351 397 601 373 538 353 298 377 279 29 301 268 461 149 378 543 221 281 568 394 617 545 35 163 290 483 560 321 498 262 375 394 224 399 261 471 226 526 546 200 295 187 448 316 460 613 203 353 599 423 145 434 89 129 711 629 412 406 487 270 383 328 368 352 426 403 688 321 422 376 487 624 335 450 596 394 555 171 429 683 282 322 511 290 146 359 209 593 209 335 204 427 514 109 487 507 439 688 445 119 530 338 386 436 371 199 440 125 555 159 187 264 556 377 392 657 156 273 436 565 469 223 263 340 394 373 581 364 538 447 477 450 517
724 527 391 424 298 367 273 839 154 649 599 403 293 712 519 636 303 444 816 534 352 688 1014 777 404 757 766 830 80 423 690 489 299 833 793 309 717 788 527 0 661 712 691 319 155 370 369 918 268 707 520 419 839 638 701 1002 232 913 311 831 975 648 222 667 695 596 146 542 203 496 724 831 896 440 590 916 329 291 409 652 415 897 373 785 431 385 205 778 535 300 716 259 539 630 351 448 590 391 388 162 389 179 372 365 780 502 405 513 464 473 757 621 742 266 206 616 281 481 508 679 258 713 973 846 959 779 164 451 591 908 712 929 639 292 425 352 271 686 236 825 844 281 432 286 667 165 629 892 544 502 419 474 403 580 353 723 485 203 165 293 434 880 539 222 855 695 910 143 581 703 90 833 232 430 291 516 659 318 211 475 654 398 455 275 443 855 570 833 978 448 745 270 844 447 943 411 273 455 706 657 317 458 585 525 155 674 666 748 210 857 212 413 506 686 120 568 650 680 543 473 882 888 604 720 36 827 229 183 426
552 413 297 311 362 414 393 557 669 554 151 774 401 740 371 312 402 813 567 556 420 622 367 128 340 447 784 170 584 287 779 182 712 174 758 589 175 185 362 661 0 84 243 537 592 360 885 634 423 641 181 863 289 758 140 344 435 253 750 809 369 121 684 93 149 570 529 402 715 733 470 300 404 847 124 834 862 820 558 448 478 680 294 607 427 332 706 278 127 375 475 542 232 594 527 818 76 302 489 567 840 547 288 690 306 380 631 626 287 251 118 254 352 528 576 82 862 359 394 319 532 124 323 431 776 501 574 732 138 400 196 320 156 796 401 352 398 278 706 560 191 859 252 633 294 644 479 722 451 489 604 462 300 765 398 199 730 482 509 370 283 676 492 451 733 36 796 797 81 89 687 228 546 507 403 501 636 617 751 185 453 685 557 842 553 541 566 753 368 312 125 772 203 556 396 366 792 214 743 94 353 230 798 488 761 448 242 257 562 653 451 539 223 141 628 318 140 554 625 196 331 583 313 77 650 174 728 682 371
503 394 330 390 418 428 453 493 704 517 137 783 468 706 354 268 434 820 506 537 437 583 303 144 418 387 746 129 639 310 750 253 730 156 714 604 102 100 345 712 84 0 319 613 628 435 907 566 460 601 261 876 205 735 209 292 481 220 769 765 289 201 711 170 219 542 588 380 745 727 416 217 321 856 209 782 886 846 559 405 560 618 338 554 427 356 736 200 194 416 423 566 225 563 537 824 154 374 570 603 855 583 343 700 230 367 633 613 368 265 44 336 287 552 645 167 894 443 380 265 557 187 261 356 714 441 609 732 134 316 126 239 118 821 483 381 442 221 732 498 134 891 285 652 374 677 442 663 429 474 685 546 374 751 474 126 725 523 553 428 361 615 577 494 680 60 742 843 153 151 746 145 616 505 471 586 602 631 782 243 410 690 551 872 549 473 542 704 289 320 170 797 133 638 311 376 819 282 710 174 417 260 785 469 800 402 189 183 631 593 507 620 232 79 667 402 220 513 607 266 246 514 397 20 705 117 756 714 452
785 619 432 267 419 567 427 800 751 776 379 915 398 955 576 546 520 958 808 755 568 844 513 225 289 689 1003 324 610 444 985 249 833 287 983 725 418 410 570 691 243 319 0 458 676 323 992 878 526 865 197 991 520 957 113 462 509 353 869 1035 563 124 786 150 100 781 544 612 806 904 708 534 639 984 160 1068 960 917 725 677 363 922 402 844 605 479 800 519 252 473 712 663 442 809 679 963 221 304 386 652 964 637 366 833 548 580 791 814 227 429 334 73 596 651 540 180 942 239 596 559 652 138 468 674 1017 743 661 892 362 632 440 518 395 900 301 483 482 520 809 802 362 941 398 760 64 731 703 961 660 685 478 320 289 951 348 442 899 565 577 414 258 917 318 529 968 258 1032 835 236 170 685 444 505 683 400 337 852 754 838 297 683 837 737 927 730 785 772 984 560 489 172 873 393 419 617 533 890 275 956 149 382 387 981 690 824 681 483 500 527 893 486 417 415 385 702 151 105 781 819 261 558 826 122 304 669 351 826 772 284
