191
0 444 470 716 362 346 757 721 595 806 421 412 577 93 136 321 844 810 215 314 746 250 532 186 139 342 618 254 775 304 385 663 327 746 580 898 116 406 590 477 548 531 304 599 742 717 163 306 557 170 285 654 359 508 271 794 673 28 451 597 763 408 160 731 733 498 571 196 715 425 464 212 425 326 421 130 688 710 204 795 590 729 218 400 105 432 682 45 170 604 622 242 802 302 395 362 910 579 269 104 693 254 588 154 237 210 494 233 505 603 558 634 332 421 182 413 652 403 848 744 268 334 380 539 597 451 431 396 569 579 320 179 392 469 125 337 369 580 665 757 559 627 493 101 373 383 280 644 88 576 831 559 505 140 741 233 371 728 631 698 574 486 618 580 712 324 261 689 465 643 474 265 731 288 772 370 367 388 363 681 605 279 529 553 433 458 167 375 427 158 742
444 0 724 346 515 690 458 354 210 846 367 540 487 427 501 406 817 750 236 651 356 396 618 573 498 158 270 192 421 285 163 755 269 377 715 858 507 300 168 451 789 576 539 190 394 310 510 163 716 572 647 502 706 163 357 399 234 423 75 516 656 364 516 531 345 756 320 583 484 505 594 260 834 738 219 358 700 717 601 824 211 322 452 697 367 601 390 439 608 308 186 543 770 364 59 716 474 157 438 386 371 294 748 509 475 311 630 596 469 301 678 704 658 55 409 669 546 360 418 762 589 700 808 591 548 834 282 124 294 309 752 321 427 767 396 176 259 779 792 584 745 746 560 346 359 81 696 325 467 648 400 491 371 387 299 276 508 805 672 380 141 624 220 144 363 373 281 801 863 250 549 683 791 682 330 328 688 385 724 366 794 679 127 663 494 767 344 123 432 579 656
470 724 0 805 214 170 751 804 747 428 410 210 449 393 334 322 520 530 595 177 851 717 237 303 331 565 721 572 825 739 763 281 459 824 191 574 358 838 893 938 77 289 769 914 796 855 618 565 151 582 220 541 170 670 729 893 881 495 774 445 548 858 310 628 839 31 608 297 653 262 185 490 327 312 546 426 379 397 303 431 739 864 292 86 558 146 699 516 515 663 902 698 497 361 664 181 1071 781 739 566 737 432 167 609 266 652 173 252 381 668 200 288 156 673 652 59 491 405 1001 407 204 206 387 281 410 261 853 752 629 629 384 433 857 79 593 720 791 124 247 616 122 231 262 482 825 711 323 705 552 263 988 422 481 606 951 458 225 338 320 735 794 170 775 864 778 783 694 278 306 784 944 332 357 271 975 814 130 370 193 722 152 287 848 212 902 96 619 730 347 550 513
716 346 805 0 599 843 154 9 136 736 397 594 392 661 717 511 659 580 547 807 48 735 608 781 712 375 98 479 77 630 509 706 408 31 710 682 735 643 375 792 846 551 877 403 58 87 824 415 730 872 822 337 858 211 699 88 206 704 406 412 472 708 721 304 39 832 196 788 244 543 627 503 1022 939 302 595 603 611 809 710 137 87 620 815 670 658 134 727 887 141 334 870 618 488 357 871 275 198 778 691 86 479 753 820 632 641 652 783 434 136 673 653 805 329 735 766 404 407 207 653 752 867 1022 565 457 997 621 469 176 175 974 545 773 871 709 522 605 806 762 362 770 721 559 615 705 426 906 99 765 616 199 413 323 703 234 487 585 732 607 93 226 650 128 337 40 719 621 757 1035 98 895 898 708 874 237 674 825 442 883 97 810 878 398 655 840 879 666 469 457 870 491
362 515 214 599 0 257 563 599 533 443 201 50 284 269 251 109 486 463 419 227 643 579 169 271 245 356 511 381 626 572 572 303 247 620 229 542 280 665 683 783 274 177 664 705 596 644 525 362 216 517 257 378 270 456 580 688 667 378 570 292 438 696 235 467 631 245 404 273 478 81 104 302 446 383 332 268 329 351 291 432 525 654 144 216 420 88 503 405 474 458 689 605 448 150 456 284 860 566 610 435 537 232 249 517 126 497 138 241 205 462 200 271 219 463 523 168 347 193 790 383 189 288 471 181 273 406 675 556 422 424 441 256 709 274 464 534 615 267 314 471 235 272 136 332 666 510 366 501 451 213 777 258 282 474 736 263 15 367 270 537 579 129 562 653 575 632 530 334 448 572 812 365 369 320 760 650 231 158 297 522 285 329 641 193 763 280 474 535 146 492 410
346 690 170 843 257 0 820 845 761 593 450 285 539 291 217 332 675 674 515 39 886 596 366 161 216 540 751 512 878 641 692 443 451 867 350 730 230 743 857 824 236 403 627 874 846 879 474 526 312 428 62 633 15 676 616 932 881 374 727 543 674 752 194 723 873 185 654 152 736 334 295 433 189 146 554 345 525 545 150 593 753 890 240 84 446 246 757 389 354 705 876 551 647 358 631 27 1094 779 612 450 788 400 333 466 219 549 302 112 461 708 349 440 38 647 528 139 596 438 1024 562 100 38 228 400 518 153 764 690 668 672 216 372 739 132 472 646 701 294 416 722 291 394 367 388 718 658 152 749 417 402 1010 513 536 487 952 414 273 504 463 789 786 295 789 835 824 670 597 446 192 804 814 162 520 101 979 712 40 404 40 773 322 117 804 356 776 116 510 668 403 394 642
757 458 751 154 563 820 0 146 257 612 373 546 306 688 730 497 522 442 621 787 190 822 531 786 725 438 188 549 104 729 621 605 430 142 626 539 753 758 519 910 780 473 961 548 98 241 886 481 653 924 809 226 833 298 791 203 358 751 527 318 336 821 730 166 188 775 186 792 112 494 565 550 1006 933 338 629 490 494 813 585 254 239 620 777 731 605 75 777 924 160 482 942 484 487 452 847 396 332 865 753 88 505 671 881 626 723 585 778 370 165 592 554 781 426 811 721 292 388 336 533 738 848 1020 485 361 970 741 582 191 179 978 579 880 824 775 625 716 729 665 220 695 628 491 663 813 532 905 133 820 529 334 332 283 772 388 524 548 621 507 79 361 585 262 479 115 819 712 655 1012 236 1004 900 594 867 389 783 795 419 860 92 729 874 533 574 948 835 740 577 417 915 359
721 354 804 9 599 845 146 0 144 732 398 594 389 666 720 512 653 574 553 809 51 742 607 784 716 381 103 485 68 638 517 703 412 24 708 675 739 652 384 801 845 549 885 412 49 95 830 421 729 878 824 332 860 217 706 88 214 709 415 409 466 717 725 297 44 832 196 792 238 542 626 508 1024 942 306 600 599 607 812 705 144 94 623 816 676 658 129 733 892 141 343 877 612 491 365 873 278 207 785 697 80 483 751 826 635 648 651 785 433 137 671 650 807 336 742 766 399 408 210 649 754 869 1025 563 453 998 630 478 177 175 978 550 781 872 716 530 613 804 759 355 769 718 558 621 713 434 909 99 771 614 204 411 323 710 242 492 586 729 604 87 234 650 136 346 34 727 628 754 1037 106 903 901 703 877 244 682 826 443 885 93 808 881 407 653 848 880 672 477 457 875 485
595 210 747 136 533 761 257 144 0 755 338 539 388 550 612 433 697 622 415 723 153 599 580 679 607 253 72 350 211 494 374 697 311 167 683 729 627 509 267 659 798 526 742 296 184 122 693 289 696 746 732 365 776 88 563 200 145 581 273 415 518 574 620 365 141 776 179 688 309 492 582 384 931 842 206 481 612 624 708 729 8 134 527 744 541 605 200 602 766 137 236 737 652 403 222 789 332 76 642 562 169 374 723 690 543 507 612 688 407 128 645 643 724 193 602 701 425 342 264 669 664 780 922 541 456 913 489 334 147 158 871 433 637 807 579 385 470 768 746 423 733 702 524 494 569 290 806 131 639 597 249 403 290 572 208 375 522 734 602 178 106 609 28 226 154 583 485 747 949 47 759 796 713 779 228 538 748 376 799 168 777 781 276 627 704 811 533 333 406 745 528
806 846 428 736 443 593 612 732 755 0 485 393 368 712 688 509 126 188 834 588 783 1015 274 689 682 710 695 779 714 990 956 151 605 740 244 164 717 1071 991 1204 389 288 1107 1019 698 816 968 735 281 956 632 399 596 717 1010 809 898 821 917 340 281 1112 668 446 776 426 575 687 500 390 342 713 754 739 627 706 146 130 700 26 746 820 588 510 859 380 602 849 904 623 978 1048 139 546 799 608 1005 820 1048 876 651 634 261 960 568 925 315 645 377 632 253 171 569 791 963 455 333 496 941 85 588 631 816 276 301 683 1073 929 607 597 810 683 1137 498 905 928 1020 315 184 397 306 198 320 769 1087 875 743 649 894 231 935 358 479 913 953 670 435 90 182 644 845 323 778 953 697 1060 950 153 727 770 1246 750 75 691 965 1066 553 482 621 639 292 705 970 254 1195 518 909 911 430 928 253
421 367 410 397 201 450 373 398 338 485 0 201 161 337 365 124 475 421 367 416 442 567 254 415 359 225 310 303 427 518 471 388 126 419 354 523 390 591 524 731 459 209 684 550 396 444 573 252 362 592 436 232 464 268 552 486 477 424 435 186 352 638 361 311 430 439 203 421 304 154 244 253 634 559 152 292 340 359 442 464 330 453 250 418 431 267 307 452 575 256 521 644 429 121 316 478 660 380 606 452 338 179 391 566 254 468 276 405 109 260 316 337 412 312 530 369 236 18 590 403 365 476 646 223 201 603 591 444 220 222 605 249 671 475 479 445 540 432 427 335 396 381 195 345 615 390 532 300 500 281 578 150 91 483 545 211 188 438 306 338 398 272 366 489 374 597 483 434 643 373 789 527 425 494 567 591 429 46 490 322 442 500 493 300 735 482 464 426 69 576 338
412 540 210 594 50 285 546 594 539 393 201 0 254 319 300 138 437 415 460 260 640 626 119 317 295 383 510 418 615 615 608 255 270 614 186 492 330 706 706 827 258 129 713 729 586 645 575 393 179 567 294 348 296 466 626 682 677 428 599 257 396 739 284 438 628 238 397 318 454 52 58 341 475 419 344 316 279 301 335 382 531 654 194 232 468 65 490 455 523 453 709 655 399 181 482 311 861 578 658 484 527 267 211 567 176 542 94 284 178 458 154 222 248 486 572 175 311 197 790 333 229 319 507 132 234 429 714 590 418 418 480 300 754 279 513 571 655 238 271 436 204 227 89 379 710 541 406 495 501 163 778 227 271 522 745 301 42 319 220 526 594 87 568 674 568 678 573 289 473 575 859 406 319 357 768 692 254 164 325 512 254 368 667 146 810 289 521 569 136 541 366
577 487 449 392 284 539 306 389 388 368 161 254 0 488 504 259 330 267 526 511 440 727 225 543 498 368 334 459 392 673 613 315 284 403 322 374 532 740 624 884 474 166 845 653 367 463 732 402 347 747 541 94 550 349 711 475 533 581 560 29 191 790 496 184 430 471 211 547 204 205 263 414 729 668 270 450 224 237 566 344 380 469 385 485 592 306 266 610 723 263 609 804 283 274 445 565 667 452 767 613 311 340 366 725 381 628 279 521 79 271 286 261 501 433 691 426 75 178 598 282 472 571 756 179 67 683 736 582 241 233 723 409 828 525 640 593 690 423 370 188 389 329 187 505 770 526 649 295 658 226 590 26 115 644 592 373 268 346 216 307 476 280 413 585 357 755 640 365 727 408 947 647 324 603 607 745 509 189 578 297 424 613 606 268 893 537 626 567 154 729 179
93 427 393 661 269 291 688 666 550 712 337 319 488 0 77 230 750 717 225 255 695 324 438 148 76 299 563 236 715 351 403 571 258 690 490 804 80 453 586 545 470 437 395 600 682 673 256 271 468 258 236 569 305 461 336 744 644 109 450 508 672 467 98 649 682 422 503 158 637 331 371 170 409 311 360 70 594 616 174 701 544 685 124 331 164 342 614 136 238 540 612 336 709 216 372 312 875 546 349 174 630 184 500 248 145 261 402 182 415 540 466 541 269 394 262 334 563 319 810 650 199 289 381 445 506 418 473 405 504 513 326 117 463 402 202 356 410 496 575 672 473 536 399 97 433 380 269 582 182 482 794 470 424 214 714 174 277 635 537 634 545 394 575 570 654 390 307 598 441 597 555 256 638 258 744 424 304 300 316 617 520 254 529 461 510 394 226 383 337 240 650
136 501 334 717 251 217 730 720 612 688 365 300 504 77 0 246 738 713 303 182 753 384 418 72 5 366 619 312 766 424 481 541 308 745 455 793 29 526 662 610 412 427 436 676 733 734 287 342 428 267 159 591 231 523 401 801 713 161 526 520 679 536 24 675 740 362 547 82 670 324 346 241 333 237 414 142 580 602 99 679 605 746 119 264 230 309 659 181 223 590 686 368 699 244 444 236 941 613 404 235 679 238 459 279 127 332 373 105 427 590 436 517 198 465 318 277 576 348 874 633 132 212 311 432 511 341 547 483 552 560 259 183 526 334 260 434 485 446 537 692 427 502 387 173 502 457 196 632 218 462 858 483 456 274 784 237 263 606 520 682 614 364 638 644 706 455 380 563 364 658 610 185 612 182 813 495 233 323 240 665 472 178 605 433 568 325 293 460 350 241 654
321 406 322 511 109 332 497 512 433 509 124 138 259 230 246 0 529 490 327 296 553 506 241 292 240 247 418 280 547 483 469 384 137 535 323 582 273 570 573 697 383 222 607 596 515 548 481 255 317 489 314 345 347 352 500 599 562 330 462 277 441 606 240 429 541 353 323 297 427 120 196 206 513 436 228 203 378 399 318 494 425 558 128 311 354 195 430 359 463 373 580 557 486 42 347 360 764 460 541 373 457 130 350 474 130 415 232 281 184 375 289 342 294 353 458 271 333 109 694 438 243 356 522 233 275 486 577 451 335 340 481 174 627 375 402 434 520 374 406 446 341 362 189 264 579 403 408 416 406 281 680 240 215 408 632 164 103 444 327 459 472 225 461 543 492 551 442 422 524 474 737 403 439 370 657 560 315 78 372 443 391 376 531 278 686 379 400 430 106 470 420
844 817 520 659 486 675 522 653 697 126 475 437 330 750 738 529 0 79 840 664 704 1032 322 750 732 695 632 778 627 993 942 241 601 658 329 56 767 1066 949 1206 493 312 1137 978 615 743 1006 726 369 1003 706 331 680 673 1022 725 837 856 890 301 187 1113 721 357 698 523 520 750 415 419 396 722 848 822 600 732 157 135 765 106 689 746 628 596 884 441 526 884 960 561 929 1084 46 560 775 694 919 768 1069 902 573 643 358 998 612 938 378 711 366 570 326 234 647 764 987 536 274 489 857 113 653 713 903 305 274 780 1064 912 552 540 890 701 1145 595 931 920 1015 418 291 302 402 291 351 793 1090 856 820 580 931 279 854 329 445 938 886 678 475 198 218 566 795 386 718 909 619 1069 956 262 826 706 1260 824 170 768 894 1067 636 484 707 563 399 782 935 320 1207 614 927 896 434 978 170
810 750 530 580 463 674 442 574 622 188 421 415 267 717 713 490 79 0 789 659 624 986 310 733 707 635 556 724 547 939 881 265 547 579 341 108 742 1008 877 1151 514 286 1096 906 535 664 971 669 382 974 698 256 681 602 973 645 760 820 824 238 107 1057 698 277 619 537 446 733 336 388 383 673 854 819 536 693 150 133 750 163 614 667 598 599 842 431 447 849 936 485 855 1047 49 517 711 695 839 694 1024 861 494 595 377 964 585 889 372 697 315 494 329 242 643 698 944 537 204 437 778 138 641 712 903 283 220 791 1004 849 478 465 885 658 1093 607 890 861 957 441 323 222 420 311 326 752 1036 793 813 502 896 272 774 271 381 895 808 630 450 239 211 487 721 379 642 836 539 1018 904 298 837 629 1210 816 208 762 816 1011 636 437 708 485 426 775 865 319 1156 625 882 834 388 951 94
215 236 595 547 419 515 621 553 415 834 367 460 526 225 303 327 840 789 0 477 569 206 569 372 302 184 454 73 615 155 178 711 242 578 646 890 300 246 374 370 669 546 339 384 584 531 279 141 635 337 461 580 530 336 185 615 470 191 236 553 717 279 323 639 556 626 444 383 608 447 519 121 630 531 291 171 697 717 397 817 412 543 302 545 131 506 546 204 372 461 408 323 794 288 196 537 710 384 248 150 544 200 668 276 328 105 555 407 474 457 615 669 490 225 190 535 599 351 651 759 418 515 592 558 569 644 258 182 431 445 533 163 304 618 164 131 197 680 731 679 651 687 516 129 252 169 486 493 230 608 634 517 424 156 535 164 419 772 651 551 373 547 434 366 552 229 116 748 665 461 421 472 766 482 566 232 523 355 542 534 701 477 314 604 367 612 119 161 407 342 705
314 651 177 807 227 39 787 809 723 588 416 260 511 255 182 296 664 659 477 0 849 565 349 132 181 500 714 474 843 606 654 437 413 832 344 720 198 708 818 792 249 382 602 835 811 841 449 487 308 408 44 605 54 638 583 896 842 342 687 517 653 718 158 695 837 197 619 125 705 306 276 394 219 160 516 307 512 532 128 586 716 852 200 93 412 227 723 358 338 669 836 528 634 321 592 65 1056 740 582 417 753 361 333 441 181 514 287 81 433 672 339 430 20 607 497 134 571 403 986 552 61 60 247 381 494 190 728 652 632 636 226 333 707 155 440 608 665 300 415 696 292 390 344 352 684 619 155 713 389 387 972 485 503 455 914 375 243 500 449 754 747 280 751 796 788 637 561 444 227 766 785 161 514 103 941 678 53 369 76 738 328 117 765 344 747 143 476 629 371 375 622
746 356 851 48 643 886 190 51 153 783 442 640 440 695 753 553 704 624 569 849 0 751 656 818 749 404 135 504 94 642 516 754 446 47 758 725 770 648 363 795 893 599 894 390 91 59 847 442 778 899 862 384 900 237 713 48 184 732 411 460 516 714 759 347 13 878 243 826 288 589 673 534 1063 978 339 628 651 658 847 756 157 53 660 860 695 704 180 755 917 187 319 891 663 529 375 914 227 201 793 715 132 515 801 844 673 660 699 822 482 182 721 701 848 346 755 811 451 451 159 700 793 908 1061 613 505 1039 624 477 221 221 1012 578 780 917 732 533 612 853 810 405 818 769 606 645 712 438 944 146 792 664 152 461 370 726 200 521 630 780 655 138 225 698 137 327 85 730 636 805 1077 107 900 935 755 914 199 681 868 486 925 144 857 917 393 702 846 924 687 479 503 898 536
250 396 717 735 579 596 822 742 599 1015 567 626 727 324 384 506 1032 986 206 565 751 0 742 436 387 388 647 278 807 122 256 882 444 766 807 1084 366 195 481 228 794 728 143 479 777 706 169 346 788 248 535 785 609 529 45 795 623 223 360 753 919 171 409 845 739 745 649 445 813 624 683 313 655 559 496 310 884 905 451 1000 598 718 440 649 160 660 747 207 321 662 527 160 988 472 377 611 860 554 43 150 742 390 821 174 465 100 717 484 670 657 779 845 582 406 69 658 802 550 809 944 517 583 594 739 765 692 229 289 634 648 534 332 142 719 124 223 184 820 893 885 796 851 694 247 136 315 514 691 187 784 791 717 629 110 679 356 583 945 833 749 536 708 614 489 745 81 115 913 700 643 233 497 943 531 710 146 617 549 611 733 844 520 420 772 186 708 105 279 599 273 905
532 618 237 608 169 366 531 607 580 274 254 119 225 438 418 241 322 310 569 349 656 742 0 428 412 468 538 519 615 724 705 142 356 623 103 378 447 811 778 938 250 58 832 804 589 672 695 485 122 685 389 310 373 519 740 694 724 547 683 214 312 848 400 395 646 254 416 428 426 121 74 448 550 509 406 432 165 186 443 263 571 679 314 294 586 121 489 574 638 471 775 774 287 281 564 388 883 630 775 602 532 370 144 686 295 655 65 390 175 478 64 103 333 563 689 232 256 258 813 215 332 403 594 46 175 491 817 683 443 438 575 412 868 317 631 672 760 199 173 379 164 127 58 496 820 632 503 509 620 43 803 199 291 640 788 405 161 203 103 529 650 70 607 743 576 791 684 184 537 609 975 506 201 452 807 801 328 234 401 517 201 465 745 47 924 332 637 663 186 659 278
186 573 303 781 271 161 786 784 679 689 415 317 543 148 72 292 750 733 372 132 818 436 428 0 74 436 683 384 827 486 550 539 372 808 448 806 73 589 734 664 379 447 469 748 794 801 316 413 417 279 99 634 173 591 457 866 783 215 598 556 709 594 59 720 805 327 606 10 719 350 354 313 261 165 479 214 593 615 28 683 673 813 165 224 288 310 716 228 216 650 758 395 715 299 516 175 1010 683 451 290 739 305 445 308 163 393 375 51 464 652 435 522 152 536 367 251 612 399 943 641 103 148 242 449 542 271 612 553 613 620 193 254 578 288 312 503 549 423 527 732 409 496 407 242 559 529 126 694 257 471 927 520 507 327 854 307 285 604 532 741 685 367 706 717 768 510 443 554 293 725 653 117 613 110 883 555 186 371 176 725 450 106 677 436 615 275 352 531 391 247 681
139 498 331 712 245 216 725 716 607 682 359 295 498 76 5 240 732 707 302 181 749 387 412 74 0 362 614 310 761 425 480 536 303 740 450 787 35 527 659 612 408 422 440 674 728 730 292 339 423 273 159 585 230 519 403 797 709 164 524 514 673 537 22 669 736 359 542 84 664 318 341 238 336 240 409 140 574 596 102 674 601 742 113 262 231 303 653 184 229 584 684 373 693 239 442 236 937 609 408 237 674 234 454 283 121 333 368 105 421 585 430 512 196 462 321 274 570 342 870 627 129 212 315 427 505 342 548 482 547 555 263 179 529 332 262 433 485 442 532 686 423 497 381 173 503 455 200 627 223 456 854 477 450 276 780 233 257 601 515 677 611 359 634 642 701 457 380 558 366 654 613 189 607 184 809 496 232 317 240 660 468 181 603 428 571 323 295 459 344 246 648
342 158 565 375 356 540 438 381 253 710 225 383 368 299 366 247 695 635 184 500 404 388 468 436 362 0 278 111 438 312 247 607 112 406 561 741 378 372 327 518 630 430 524 349 406 375 451 43 561 497 501 407 555 166 362 451 347 328 216 397 553 424 377 459 391 597 260 445 425 351 438 131 695 601 109 229 566 584 465 690 248 388 300 541 296 443 362 352 513 277 338 504 648 206 99 566 576 247 431 318 363 139 593 447 321 288 474 452 333 274 525 559 506 108 373 511 436 214 511 629 439 552 678 444 421 687 368 219 247 260 624 183 468 610 339 225 322 621 640 503 587 595 409 241 406 165 562 312 390 500 494 365 256 335 418 129 350 661 530 369 249 468 277 299 375 398 285 651 718 300 590 551 649 541 447 379 534 234 575 352 637 541 284 511 535 611 302 201 284 494 546
618 270 721 98 511 751 188 103 72 695 310 510 334 563 619 418 632 556 454 714 135 647 538 683 614 278 0 385 160 548 434 647 310 128 641 662 636 571 339 722 766 482 789 368 130 135 729 319 657 776 727 300 765 118 613 183 204 606 338 359 450 635 624 294 123 749 123 691 238 461 548 405 927 842 204 496 555 566 712 670 66 143 524 726 574 576 128 630 789 71 307 778 588 393 271 778 350 148 690 596 101 381 682 725 537 551 576 686 363 63 603 593 713 243 643 679 362 318 279 610 657 772 925 496 401 904 552 395 95 100 877 446 696 785 615 441 529 731 699 353 696 656 485 518 628 347 808 59 669 551 268 351 247 610 258 389 498 680 550 109 178 573 86 298 98 637 534 698 941 74 818 800 658 778 273 597 733 353 790 97 738 781 347 585 763 791 573 391 374 772 462
254 192 572 479 381 512 549 485 350 779 303 418 459 236 312 280 778 724 73 474 504 278 519 384 310 111 385 0 545 215 192 662 177 510 603 827 316 292 349 428 643 491 413 364 514 469 344 68 596 395 464 509 528 268 255 551 419 235 214 486 649 335 329 566 491 603 371 394 535 398 476 82 646 548 217 170 638 658 411 761 346 482 282 531 190 469 473 254 421 388 375 394 732 238 141 536 657 327 321 211 473 150 629 340 308 178 512 412 412 385 570 618 483 167 261 513 531 288 595 701 413 518 617 504 505 651 297 181 358 372 560 141 369 604 230 153 241 647 687 607 616 642 464 154 312 146 505 422 288 557 578 452 354 225 487 117 379 721 596 479 320 505 371 333 483 296 181 702 676 397 489 492 713 494 518 288 515 296 543 462 666 491 293 558 434 600 190 158 349 397 638
775 421 825 77 626 878 104 68 211 714 427 615 392 715 766 547 627 547 615 843 94 807 615 827 761 438 160 545 0 704 585 700 458 50 714 644 786 720 451 869 860 557 949 478 32 152 889 479 738 935 861 322 892 279 772 98 276 764 483 408 440 785 768 270 96 850 224 834 214 563 642 562 1060 981 355 650 589 594 855 688 211 147 663 843 735 678 126 789 945 176 408 939 589 529 429 905 292 275 850 756 89 531 758 885 673 712 665 825 446 175 678 648 839 401 804 790 389 439 231 634 790 903 1066 570 452 1030 698 545 213 207 1020 600 849 895 776 596 681 814 758 325 779 720 570 676 781 501 950 133 829 618 230 416 344 771 294 543 612 720 601 89 303 664 204 413 62 793 693 750 1070 175 971 943 693 916 291 749 856 473 918 104 816 921 475 660 916 904 734 544 481 931 463
304 285 739 630 572 641 729 638 494 990 518 615 673 351 424 483 993 939 155 606 642 122 724 486 425 312 548 215 704 0 135 867 392 661 801 1042 413 102 359 214 814 701 260 357 676 594 278 273 788 354 583 719 655 431 77 684 505 275 241 701 862 123 447 770 631 769 566 496 733 603 674 276 728 630 421 313 851 872 507 972 493 606 448 682 199 659 657 271 418 571 406 282 947 444 277 660 740 442 159 202 646 355 821 280 474 93 709 529 626 565 770 825 621 304 164 679 745 503 692 914 551 634 676 713 720 755 127 170 547 561 616 316 156 754 191 108 69 830 886 815 803 843 671 257 97 204 584 596 270 764 673 667 566 175 559 320 574 927 807 653 422 701 505 368 644 89 44 904 769 535 278 568 922 591 590 77 655 509 662 638 852 583 298 760 222 746 137 163 562 374 853
385 163 763 509 572 692 621 517 374 956 471 608 613 403 481 469 942 881 178 654 516 256 705 550 480 247 434 192 585 135 0 847 351 539 793 987 477 137 226 289 835 672 395 227 558 466 400 220 786 472 639 644 707 323 212 557 371 358 107 642 795 200 501 683 506 794 473 561 640 584 666 273 806 707 345 347 812 831 575 936 374 477 471 718 286 661 552 364 526 468 271 414 895 427 176 714 605 314 294 298 534 340 819 401 497 195 702 585 580 461 758 800 666 197 288 704 679 459 557 875 595 693 765 686 668 822 124 39 449 464 705 329 264 791 297 47 96 839 875 733 808 830 648 307 196 91 662 487 376 741 539 612 500 283 423 309 570 903 775 543 292 695 382 233 527 217 149 889 842 412 385 647 893 660 455 165 699 475 720 529 858 654 164 745 331 786 239 47 527 487 790
663 755 281 706 303 443 605 703 697 151 388 255 315 571 541 384 241 265 711 437 754 882 142 539 536 607 647 662 700 867 847 0 497 716 92 294 570 954 911 1080 251 178 966 937 678 778 825 627 131 808 480 379 446 645 881 788 842 680 822 293 316 990 520 450 745 282 524 536 494 264 199 590 608 589 539 571 127 136 549 150 689 784 446 360 724 232 577 707 754 577 904 905 224 424 702 459 982 754 913 739 624 513 116 816 425 796 168 494 293 585 105 53 418 700 827 304 313 395 913 130 437 481 667 164 249 539 959 824 553 546 659 554 1009 354 768 815 903 178 61 415 161 49 198 634 963 772 592 610 751 106 905 296 408 777 904 548 298 65 99 619 776 177 723 875 671 932 826 50 585 721 1114 598 77 539 920 944 402 373 472 610 160 554 882 109 1065 373 776 805 323 780 281
327 269 459 408 247 451 430 412 311 605 126 270 284 258 308 137 601 547 242 413 446 444 356 372 303 112 310 177 458 392 351 497 0 436 449 649 327 466 436 605 521 321 567 459 425 431 467 130 448 496 421 342 467 224 427 493 430 323 329 310 475 512 313 410 433 490 245 380 389 238 326 133 620 533 106 198 463 483 401 586 303 442 216 442 317 332 356 351 493 282 443 532 555 98 211 479 643 328 484 339 372 74 480 461 232 344 361 377 235 282 413 450 415 216 412 407 357 111 575 526 354 469 615 335 327 603 467 327 245 254 566 148 546 509 365 322 415 509 529 444 475 483 298 237 489 275 498 324 396 390 560 275 187 366 501 97 239 552 424 376 338 355 338 406 397 471 357 540 638 355 664 489 542 469 528 465 441 124 489 358 525 472 396 399 609 511 344 307 176 486 462
746 377 824 31 620 867 142 24 167 740 419 614 403 690 745 535 658 579 578 832 47 766 623 808 740 406 128 510 50 661 539 716 436 0 724 679 763 673 400 822 863 565 909 428 44 102 855 446 745 903 847 342 882 242 730 71 226 734 436 422 471 739 749 301 47 851 216 815 243 562 644 533 1047 965 330 624 610 617 836 713 168 98 647 837 701 677 139 758 917 162 358 902 618 514 389 895 266 227 809 722 92 507 767 851 658 673 669 809 450 159 687 663 829 360 767 787 410 430 200 658 777 891 1049 579 467 1021 651 500 199 196 1002 574 804 892 740 553 636 821 773 358 786 733 575 646 736 457 933 119 796 629 195 426 342 735 247 517 606 740 617 97 254 668 157 363 46 750 652 767 1059 127 925 925 714 900 246 704 848 464 907 106 824 904 426 669 870 900 697 500 478 900 491
580 715 191 710 229 350 626 708 683 244 354 186 322 490 455 323 329 341 646 344 758 807 103 448 450 561 641 603 714 801 793 92 449 724 0 383 483 892 877 1012 174 159 885 902 689 774 741 575 40 721 388 402 354 621 809 795 826 599 778 307 373 924 433 482 748 196 518 446 519 210 127 527 518 496 506 497 192 208 458 243 674 782 367 268 647 148 588 625 665 574 875 821 306 365 659 367 985 733 837 661 632 453 44 732 344 726 91 403 278 581 38 99 325 660 749 211 341 357 915 216 346 388 575 144 265 451 900 773 545 541 566 485 938 267 690 757 842 107 85 457 79 47 159 560 895 723 499 611 669 97 906 298 394 700 891 487 227 155 139 628 752 99 710 843 677 862 759 108 497 712 1040 506 169 447 910 878 310 330 379 617 102 461 842 55 992 285 703 752 285 692 337
898 858 574 682 542 730 539 675 729 164 523 492 374 804 793 582 56 108 890 720 725 1084 378 806 787 741 662 827 644 1042 987 294 649 679 383 0 823 1113 985 1255 544 367 1190 1014 635 767 1061 773 423 1058 762 364 735 710 1073 743 866 910 932 344 211 1161 776 377 720 576 554 806 437 473 452 772 902 877 643 785 213 191 821 150 721 769 683 651 937 497 550 938 1016 592 963 1138 96 612 818 749 935 801 1121 955 597 694 410 1053 667 989 434 767 415 601 381 290 702 805 1040 591 312 538 876 168 710 769 958 361 321 833 1110 956 585 573 946 754 1195 648 984 966 1062 470 340 320 455 343 406 846 1139 900 876 608 986 335 873 376 488 991 912 729 531 246 274 589 829 442 748 945 641 1120 1006 311 879 734 1311 880 220 823 919 1115 691 535 762 588 449 837 974 375 1257 667 979 941 485 1034 202
116 507 358 735 280 230 753 739 627 717 390 330 532 80 29 273 767 742 300 198 770 366 447 73 35 378 636 316 786 413 477 570 327 763 483 823 0 515 665 593 435 457 411 678 753 750 261 351 455 238 170 618 243 538 386 818 724 143 529 548 708 521 49 701 757 384 569 84 695 354 375 250 330 232 432 150 610 632 97 709 621 761 147 285 215 337 681 160 194 610 692 342 729 269 452 247 954 625 384 219 699 255 486 252 157 320 402 118 455 610 464 546 216 474 298 302 604 373 888 662 154 221 301 462 540 345 538 482 573 581 246 194 508 353 241 430 475 472 565 719 453 530 417 170 487 459 189 652 194 491 872 511 480 256 794 251 292 635 550 703 625 393 652 650 725 439 369 591 365 673 588 176 641 182 824 482 251 349 249 686 498 176 607 462 548 342 279 460 378 211 683
406 300 838 643 665 743 758 652 509 1071 591 706 740 453 526 570 1066 1008 246 708 648 195 811 589 527 372 571 292 720 102 137 954 466 673 892 1113 515 0 322 151 913 784 309 312 694 595 364 339 881 442 685 777 757 461 153 686 490 377 237 769 925 66 549 819 638 868 609 599 777 689 765 364 830 731 476 412 930 950 609 1053 510 606 546 783 301 753 689 372 511 605 373 351 1019 529 312 762 714 446 219 303 672 440 914 367 572 196 800 632 701 599 859 910 722 335 254 778 809 578 673 993 652 737 776 797 791 857 35 176 587 602 715 410 138 855 290 147 51 926 976 868 898 932 756 357 76 228 685 625 367 849 655 737 629 273 534 406 665 1013 889 680 422 792 515 342 663 122 146 993 871 546 253 669 1005 694 564 50 757 588 765 666 947 685 268 848 200 848 239 183 641 465 919
590 168 893 375 683 857 519 384 267 991 524 706 624 586 662 573 949 877 374 818 363 481 778 734 659 327 339 349 451 359 226 911 436 400 877 985 665 322 0 453 957 732 618 29 433 304 625 331 881 696 812 621 872 275 437 392 183 565 138 653 776 387 678 631 356 924 431 744 576 669 759 424 995 898 372 519 845 861 761 968 272 313 619 866 500 768 467 576 743 400 51 641 903 532 228 882 391 190 518 515 432 463 911 626 643 419 794 760 620 391 839 859 825 219 514 838 674 519 355 906 756 865 964 747 689 999 291 200 400 413 906 486 461 936 518 267 305 945 951 688 910 905 719 498 397 206 854 398 596 805 337 633 512 505 214 443 675 957 823 442 160 788 257 41 407 432 375 958 1025 283 570 841 940 844 243 367 856 547 889 433 959 840 62 823 521 936 461 218 592 708 782
477 451 938 792 783 824 910 801 659 1204 731 827 884 545 610 697 1206 1151 370 792 795 228 938 664 612 518 722 428 869 214 289 1080 605 822 1012 1255 593 151 453 0 1015 916 270 437 844 740 383 482 998 458 763 925 836 613 209 831 630 450 386 912 1071 93 634 970 785 967 760 673 928 817 886 491 881 786 624 518 1066 1086 680 1187 661 751 653 874 381 868 841 435 539 757 505 338 1160 658 463 839 843 594 222 374 823 570 1031 389 679 287 921 711 840 750 982 1039 809 486 298 879 955 716 809 1128 742 811 816 928 933 920 171 328 738 753 757 527 86 945 352 294 198 1036 1098 1017 1010 1055 886 457 117 380 741 777 414 978 791 879 775 336 668 534 785 1141 1021 832 569 913 664 479 814 154 254 1116 927 694 122 724 1136 760 696 139 844 724 840 818 1059 748 406 973 90 935 318 334 776 489 1063
548 789 77 846 274 236 780 845 798 389 459 258 474 470 412 383 493 514 669 249 893 794 250 379 408 630 766 643 860 814 835 251 521 863 174 544 435 913 957 1015 0 308 846 979 832 901 694 633 136 657 291 561 233 725 806 934 936 572 842 465 547 934 387 646 882 51 649 372 677 306 219 561 369 371 602 501 366 381 377 396 789 910 367 156 635 193 733 593 587 705 964 774 475 424 730 241 1117 837 816 644 774 500 136 685 340 728 195 327 413 711 197 273 228 737 729 136 506 456 1046 382 281 270 438 297 426 294 927 823 673 671 443 506 934 114 670 793 866 74 205 626 94 203 289 558 902 780 387 746 629 264 1035 447 522 683 1004 528 282 300 313 772 851 195 826 927 817 860 770 235 339 833 1021 397 324 337 1027 890 199 422 252 759 97 353 914 213 979 134 696 801 392 624 511
531 576 289 551 177 403 473 549 526 288 209 129 166 437 427 222 312 286 546 382 599 728 58 447 422 430 482 491 557 701 672 178 321 565 159 367 457 784 732 916 308 0 827 759 531 615 694 451 180 691 419 254 413 468 722 636 671 544 643 157 270 824 412 340 588 308 359 448 369 106 109 425 591 543 360 422 156 178 465 272 517 623 315 338 576 158 430 572 651 415 726 772 272 258 524 427 826 579 763 593 474 346 202 686 300 637 115 413 119 421 122 128 369 521 679 276 202 216 756 216 358 439 630 15 121 537 787 648 387 382 606 396 849 367 622 642 733 257 221 326 222 176 40 485 798 595 533 452 619 72 747 141 236 630 734 381 164 231 105 470 600 118 553 696 518 772 662 226 582 553 959 534 221 483 753 778 368 197 441 459 259 495 703 103 908 381 623 629 145 667 239
304 539 769 877 664 627 961 885 742 1107 684 713 845 395 436 607 1137 1096 339 602 894 143 832 469 440 524 789 413 949 260 395 966 567 909 885 1190 411 309 618 270 846 827 0 612 918 849 152 481 862 210 565 910 637 670 184 938 765 286 502 870 1037 261 460 974 882 795 784 476 946 720 767 433 644 557 630 404 983 1005 476 1095 740 861 520 693 254 737 885 259 294 800 665 79 1094 579 519 636 1000 697 101 234 882 505 893 161 541 237 798 520 783 796 862 935 621 548 154 713 921 666 951 1042 565 606 570 835 877 694 344 430 771 784 515 438 195 757 206 365 313 883 970 1011 863 931 790 344 235 458 515 831 217 876 933 832 754 201 819 473 671 1031 929 889 679 789 757 628 887 188 258 993 693 786 202 498 1033 545 851 258 655 660 633 873 909 531 557 857 187 743 224 421 707 244 1020
599 190 914 403 705 874 548 412 296 1019 550 729 653 600 676 596 978 906 384 835 390 479 804 748 674 349 368 364 478 357 227 937 459 428 902 1014 678 312 29 437 979 759 612 0 461 331 627 351 905 699 828 650 890 304 433 417 208 574 149 682 806 375 693 660 383 946 460 758 606 693 783 441 1009 911 398 534 874 889 775 996 302 339 638 885 506 791 496 584 749 429 72 639 932 555 249 899 406 219 514 520 462 483 936 628 662 422 818 776 647 421 865 886 843 243 515 859 703 545 373 934 774 881 975 774 718 1015 279 205 430 443 917 502 450 956 523 270 298 968 977 717 934 931 745 510 387 219 867 428 601 831 356 661 540 509 232 462 699 985 851 471 190 812 286 70 435 425 376 985 1040 311 555 853 968 858 260 358 874 572 906 462 983 854 70 849 508 955 465 224 618 713 811
742 394 796 58 596 846 98 49 184 698 396 586 367 682 733 515 615 535 584 811 91 777 589 794 728 406 130 514 32 676 558 678 425 44 689 635 753 694 433 844 832 531 918 461 0 143 857 448 712 903 829 302 860 248 742 111 264 732 458 385 428 759 736 258 89 822 192 801 199 534 614 530 1029 949 322 618 570 576 822 672 183 140 631 813 703 649 101 757 912 143 392 908 575 497 400 874 307 253 820 724 59 498 733 853 641 681 637 792 418 142 653 626 808 372 773 761 369 408 242 617 758 871 1034 544 429 999 673 519 181 175 988 567 822 866 744 568 654 788 735 315 753 696 543 643 754 473 918 100 797 593 239 391 315 739 289 510 581 700 579 60 281 636 181 394 31 765 664 729 1039 152 944 910 674 884 290 723 825 442 886 74 790 888 454 635 889 874 703 517 451 898 449
717 310 855 87 644 879 241 95 122 816 444 645 463 673 734 548 743 664 531 841 59 706 672 801 730 375 135 469 152 594 466 778 431 102 774 767 750 595 304 740 901 615 849 331 143 0 810 411 792 865 852 417 894 211 667 91 125 702 359 486 557 661 742 390 55 884 256 810 330 595 683 507 1051 964 325 604 680 689 830 790 128 12 647 858 659 710 217 723 887 201 259 850 701 520 335 907 216 152 748 680 170 496 817 807 662 618 711 809 497 194 737 724 842 306 714 812 482 451 146 732 784 899 1044 630 529 1032 570 427 229 233 994 555 729 918 695 486 561 866 831 448 830 789 620 615 661 391 928 168 758 684 133 482 381 687 147 498 631 808 680 178 173 708 98 269 127 681 591 828 1068 76 848 918 784 901 151 630 864 486 917 179 872 903 336 719 794 924 647 431 509 866 574
163 510 618 824 525 474 886 830 693 968 573 575 732 256 287 481 1006 971 279 449 847 169 695 316 292 451 729 344 889 278 400 825 467 855 741 1061 261 364 625 383 694 694 152 627 857 810 0 409 715 78 412 805 484 612 211 894 744 151 493 754 920 339 310 877 835 643 702 324 856 587 626 337 501 410 547 281 851 873 324 958 690 823 381 540 154 593 810 122 155 727 667 80 965 458 475 484 985 662 160 133 814 397 746 8 400 206 656 368 663 724 719 797 469 504 113 563 807 555 928 907 413 453 433 702 756 547 396 425 694 706 375 323 297 604 114 358 346 733 824 907 715 787 656 229 305 435 366 763 75 738 911 716 651 123 807 369 534 890 794 820 650 647 713 626 827 250 251 849 549 740 345 350 894 394 839 316 502 543 481 803 759 380 563 716 316 591 166 410 586 106 901
306 163 565 415 362 526 481 421 289 735 252 393 402 271 342 255 726 669 141 487 442 346 485 413 339 43 319 68 479 273 220 627 130 446 575 773 351 339 331 482 633 451 481 351 448 411 409 0 572 457 484 446 542 204 320 489 373 291 209 430 589 388 355 500 429 597 303 423 467 366 450 101 674 579 150 201 592 611 441 716 285 423 288 534 255 450 405 313 476 320 349 462 680 212 104 552 606 275 388 276 405 133 604 405 311 245 486 433 361 317 540 580 494 123 330 509 472 239 542 655 425 536 652 465 452 671 338 198 290 303 597 159 429 605 296 193 288 629 656 543 596 611 428 204 369 148 538 354 350 520 526 397 293 292 443 112 357 682 554 411 274 479 312 308 417 358 244 669 700 337 551 526 672 521 473 343 524 254 560 395 646 519 282 527 495 604 259 178 306 456 581
557 716 151 730 216 312 653 729 696 281 362 179 347 468 428 317 369 382 635 308 778 788 122 417 423 561 657 596 738 788 786 131 448 745 40 423 455 881 881 998 136 180 862 905 712 792 715 572 0 692 352 430 315 631 793 816 838 577 777 335 410 911 406 513 767 155 536 414 547 212 122 518 478 458 513 480 232 248 425 281 688 800 347 229 628 129 611 602 634 592 881 796 346 360 660 328 1004 743 817 641 654 446 33 707 323 710 86 370 296 599 62 139 289 662 729 174 372 363 934 256 314 350 536 168 294 411 891 769 562 559 529 472 922 226 669 749 831 76 109 491 43 82 172 542 881 720 463 631 644 129 924 322 410 680 905 478 216 191 177 651 761 92 724 848 699 846 745 137 457 727 1021 469 208 410 925 865 272 333 341 639 80 425 844 79 974 245 685 748 293 662 375
170 572 582 872 517 428 924 878 746 956 592 567 747 258 267 489 1003 974 337 408 899 248 685 279 273 497 776 395 935 354 472 808 496 903 721 1058 238 442 696 458 657 691 210 699 903 865 78 457 692 0 368 825 437 662 289 946 806 172 561 766 931 418 287 901 886 605 738 284 885 586 614 373 433 347 585 301 846 868 280 947 742 877 376 501 206 576 848 146 83 768 736 131 963 473 533 434 1047 720 238 186 856 423 722 74 391 277 641 330 674 766 703 785 429 560 190 531 821 574 988 900 381 403 361 697 764 484 475 495 733 745 305 348 373 560 177 429 423 702 802 928 687 768 652 260 384 500 306 806 107 729 970 728 675 190 871 400 527 874 787 861 710 632 767 694 872 328 325 828 482 793 411 290 880 339 902 395 460 557 430 844 729 325 633 701 387 545 234 478 596 34 909
285 647 220 822 257 62 809 824 732 632 436 294 541 236 159 314 706 698 461 44 862 535 389 99 159 501 727 464 861 583 639 480 421 847 388 762 170 685 812 763 291 419 565 828 829 852 412 484 352 368 0 635 73 645 556 909 846 313 679 549 689 692 138 723 850 240 637 90 731 337 315 387 200 126 526 295 552 573 88 629 724 863 204 135 386 267 743 327 296 686 833 490 675 333 589 76 1064 744 550 389 771 363 377 404 189 490 328 54 462 688 382 472 64 606 466 178 603 422 996 594 70 53 214 418 527 187 707 640 648 653 186 326 678 192 411 593 644 344 459 728 336 434 380 333 658 610 114 730 355 428 981 516 525 426 917 373 272 543 490 773 749 321 759 792 805 609 539 489 218 776 752 118 557 63 945 653 92 389 80 756 372 76 757 386 715 178 450 617 396 334 659
654 502 541 337 378 633 226 332 365 399 232 348 94 569 591 345 331 256 580 605 384 785 310 634 585 407 300 509 322 719 644 379 342 342 402 364 618 777 621 925 561 254 910 650 302 417 805 446 430 825 635 0 645 348 764 413 505 656 577 96 155 831 584 89 377 562 190 638 116 299 355 476 823 761 300 525 267 274 658 373 358 421 472 579 659 400 203 685 807 229 599 873 287 353 469 660 609 437 826 680 252 408 446 798 470 684 369 614 173 238 369 328 596 452 755 520 67 251 542 316 566 666 849 264 136 777 769 610 221 209 816 481 876 618 707 630 727 507 438 102 473 402 278 575 814 553 741 250 732 304 537 121 156 709 556 438 362 398 280 246 464 371 386 581 299 804 690 429 822 374 997 739 371 697 567 787 603 269 673 240 504 706 612 351 941 630 687 597 242 809 162
