136
0 725 49 965 457 521 713 940 685 208 361 701 666 376 426 256 559 531 335 738 993 521 661 620 646 604 667 443 351 493 626 539 554 316 528 1074 390 588 413 648 826 615 530 739 187 980 820 857 801 895 727 547 451 416 636 681 474 922 851 712 367 863 111 555 503 979 771 361 360 751 631 568 821 300 147 232 184 584 405 64 373 868 478 330 612 479 757 1130 850 730 606 684 763 403 792 976 331 219 60 666 581 204 627 304 1116 362 520 689 666 984 852 142 499 702 1038 775 195 417 879 655 964 132 401 407 663 396 644 34 760 865 545 613 441 649 439 576
725 0 765 676 289 220 688 286 668 668 444 628 1190 960 363 486 610 873 738 988 992 643 581 106 1079 164 61 284 429 253 700 1074 982 411 535 924 461 178 336 349 466 121 594 671 603 676 933 508 927 744 3 1004 861 319 1105 231 1003 681 644 365 394 357 637 176 1021 958 304 898 633 1048 501 594 586 584 606 494 542 166 319 766 360 345 256 890 1138 513 582 969 919 269 600 420 411 388 361 707 850 868 712 1180 233 575 699 657 983 593 413 442 1180 825 496 672 838 176 840 136 602 375 615 636 567 594 399 479 732 932 700 712 69 297 470 364 363 771 633 682
49 765 0 973 491 565 711 972 684 253 384 703 621 332 474 303 559 505 316 712 980 517 665 660 608 639 707 481 377 528 620 495 519 354 534 1070 408 622 459 669 843 657 531 739 236 989 803 872 784 895 767 509 422 452 595 710 432 928 857 733 397 888 161 598 462 968 796 322 356 721 641 569 829 305 197 275 228 620 445 21 409 894 515 289 568 488 763 1126 836 757 608 701 781 429 815 983 296 173 61 622 611 223 620 297 1110 363 538 705 621 983 867 141 474 734 1039 809 207 444 887 655 980 177 450 422 655 355 639 81 797 893 557 633 467 638 435 570
965 676 973 0 637 766 311 514 326 1055 624 286 999 929 881 874 426 672 714 626 408 480 311 692 842 582 695 689 646 626 412 941 789 748 438 263 583 584 823 383 211 727 450 270 976 21 476 168 486 161 674 827 731 674 892 460 895 59 122 333 655 338 951 729 893 371 372 857 627 699 334 412 144 667 942 833 860 607 731 958 697 356 655 876 969 485 209 300 429 410 374 313 274 607 315 32 826 950 913 982 529 762 411 688 321 611 462 298 984 184 180 831 664 504 172 549 770 598 86 340 145 890 906 560 401 871 393 978 617 414 422 400 576 451 554 450
457 289 491 637 0 170 517 483 490 456 159 469 910 671 246 261 394 609 455 755 843 408 416 197 810 147 241 54 141 37 492 791 710 145 316 834 187 130 187 255 445 211 368 517 379 646 737 486 727 639 290 729 585 44 831 236 718 616 556 314 105 431 388 164 738 815 339 611 357 806 343 384 505 298 364 242 285 130 94 489 85 432 39 602 857 275 467 887 738 293 405 324 375 107 376 660 563 580 434 901 133 288 491 372 889 317 206 340 901 732 477 385 573 247 767 318 314 97 555 454 583 334 269 213 530 646 498 451 309 418 270 237 97 556 374 459
521 220 565 766 170 0 682 490 656 447 315 631 1057 801 146 271 563 772 603 924 1006 578 578 118 967 189 159 126 290 156 661 933 866 224 486 983 352 183 116 386 560 99 538 679 385 772 907 603 896 790 223 881 740 168 984 315 860 754 700 433 251 502 425 47 882 977 421 747 514 974 501 553 646 446 392 289 336 162 132 569 193 497 133 733 1003 445 617 1035 906 374 572 461 493 271 471 792 699 687 517 1049 237 402 660 520 1040 477 371 481 1049 881 593 492 735 293 910 319 431 264 689 620 688 388 182 380 700 784 667 504 275 464 436 379 267 726 541 629
713 688 711 311 517 682 0 654 29 845 431 61 694 621 755 691 155 361 421 349 325 193 107 655 540 540 678 570 460 525 103 630 480 576 212 361 382 533 695 339 325 685 186 41 770 331 248 317 246 188 687 518 421 538 587 461 584 253 191 341 485 471 727 662 582 298 436 551 354 421 187 152 204 416 727 639 652 555 598 694 544 488 550 573 661 265 146 417 231 444 118 275 325 441 397 307 524 659 656 678 468 526 101 413 405 352 311 254 679 272 323 572 353 519 330 601 525 439 247 65 396 668 769 351 91 562 83 733 652 534 247 324 426 143 275 147
940 286 972 514 483 490 654 0 644 923 599 593 1280 1097 636 731 641 938 858 997 899 692 563 372 1145 338 340 506 598 448 706 1180 1059 628 584 778 594 354 599 360 341 399 639 622 852 506 897 369 898 633 282 1089 953 526 1182 269 1114 542 534 324 575 187 870 442 1126 862 225 1027 746 1067 499 622 483 726 843 723 768 362 552 968 568 169 468 1028 1234 589 513 812 867 240 609 392 328 547 256 546 981 1039 913 1266 361 757 705 789 836 710 489 409 1267 692 358 854 911 237 686 172 780 532 484 624 374 817 672 597 726 1056 698 935 219 119 519 396 511 775 716 708
685 668 684 326 490 656 29 644 0 816 402 52 687 603 727 662 126 349 397 354 353 167 87 632 534 517 656 543 431 499 86 618 470 547 183 389 353 510 667 320 322 661 157 58 741 346 265 318 261 213 667 507 405 511 580 442 569 270 204 327 456 464 698 637 569 327 424 532 327 425 166 123 210 388 698 610 623 531 570 667 516 481 524 552 651 236 146 445 253 429 89 259 315 412 388 325 503 635 629 670 445 497 84 387 434 324 285 239 672 299 323 544 338 501 355 584 496 411 257 37 403 639 741 322 86 544 67 705 634 525 220 303 399 139 248 125
208 668 253 1055 456 447 845 923 816 0 431 820 874 584 313 195 690 722 519 925 1148 664 773 563 852 588 606 420 408 485 771 747 757 316 639 1203 475 573 331 696 887 547 658 864 79 1068 988 923 971 1013 670 752 648 412 843 693 682 1021 953 760 403 888 125 492 711 1130 795 568 513 945 725 693 913 435 117 223 196 562 373 271 375 888 461 537 820 586 857 1259 1012 749 729 750 818 450 829 1072 535 426 257 875 590 322 772 468 1250 500 592 761 874 1107 916 316 687 697 1155 751 331 461 969 781 1027 177 279 502 811 603 787 173 718 872 636 668 484 808 586 723
361 444 384 624 159 315 431 599 402 431 0 396 751 517 339 261 284 456 296 615 751 280 346 356 653 288 399 189 30 192 379 632 552 146 218 779 48 271 283 286 467 370 254 443 353 637 621 500 607 586 445 570 427 147 672 331 560 590 521 350 66 503 328 320 579 728 412 454 199 661 293 281 481 140 318 212 235 278 193 376 129 510 197 447 698 165 426 834 630 375 312 326 402 56 431 641 406 440 323 742 241 161 378 214 829 161 163 334 742 680 494 256 419 364 725 449 182 70 538 365 607 267 347 80 420 488 390 366 454 512 204 252 89 434 228 337
701 628 703 286 469 631 61 593 52 820 396 0 737 643 711 658 144 397 428 406 375 194 53 599 586 483 620 523 424 475 133 665 519 539 180 383 349 476 650 279 270 629 171 48 744 306 309 266 307 194 627 556 448 493 631 400 614 233 163 280 446 412 705 608 616 345 375 571 348 477 130 133 161 401 703 608 625 498 553 687 502 429 500 590 701 234 94 439 291 383 94 213 264 400 337 289 539 666 646 721 412 506 132 409 432 339 263 192 722 287 270 562 384 459 338 539 508 397 212 53 353 645 727 319 139 586 117 718 592 474 201 266 382 191 272 164
666 1190 621 999 910 1057 694 1280 687 874 751 737 0 289 1027 867 643 345 455 399 749 589 744 1107 159 1028 1149 936 771 942 604 129 221 840 695 933 728 1012 988 919 999 1121 642 736 846 1020 568 1002 550 850 1191 190 330 893 107 1024 200 940 884 959 810 1121 767 1069 175 762 1056 319 557 340 788 663 897 612 798 815 784 1024 925 602 863 1136 948 343 55 694 832 975 623 1040 684 894 973 805 1039 989 363 449 623 18 965 664 605 538 940 596 798 882 16 895 1005 596 369 1074 958 1166 637 817 941 689 1090 751 1015 711 603 281 619 700 1189 1167 761 884 827 551 567 584
376 960 332 929 671 801 621 1097 603 584 517 643 289 0 753 587 512 285 239 467 799 454 629 867 295 805 912 687 530 707 518 163 229 577 535 942 508 789 719 743 868 875 497 661 557 948 606 883 585 806 961 204 204 647 271 828 107 873 806 795 567 963 479 820 136 799 884 72 351 450 646 530 801 378 510 539 504 796 669 313 611 975 706 69 236 514 730 993 653 858 562 740 825 573 881 928 115 160 334 290 752 398 520 309 966 387 608 734 289 876 883 317 277 872 939 960 370 587 854 589 984 466 737 500 537 61 538 411 971 994 590 705 602 497 397 479
426 363 474 881 246 146 755 636 727 313 339 711 1027 753 0 171 618 777 587 951 1080 619 658 264 957 325 302 192 309 254 715 899 855 201 545 1080 386 315 60 497 683 241 589 759 262 889 959 725 946 885 366 865 730 217 966 448 827 862 802 552 275 641 319 194 852 1054 555 708 520 992 587 612 752 440 283 213 252 297 157 483 213 637 225 688 971 497 713 1134 966 507 638 569 613 315 601 905 663 620 437 1022 357 363 715 508 1135 487 448 586 1021 978 715 435 739 433 1014 466 390 315 800 690 816 299 36 417 756 747 725 403 421 607 509 483 329 773 565 676
256 486 303 874 261 271 691 731 662 195 261 658 867 587 171 0 540 643 444 832 1008 527 607 380 810 393 425 225 233 289 632 738 708 126 479 1040 309 379 158 505 697 369 509 704 120 885 866 735 850 846 489 714 586 216 813 497 667 844 778 568 219 692 154 311 693 986 600 548 398 865 551 540 734 315 120 58 83 368 179 311 181 693 265 525 812 426 683 1095 881 554 572 564 627 267 635 893 505 450 266 863 394 216 631 371 1090 373 412 577 863 941 727 271 606 502 985 559 238 275 788 626 837 128 150 339 672 586 645 236 531 676 463 479 297 679 459 586
559 610 559 426 394 563 155 641 126 690 284 144 643 512 618 540 0 298 287 378 468 57 117 558 503 450 588 443 314 409 98 555 421 430 78 516 235 439 559 286 362 583 31 179 616 445 344 372 333 335 610 454 329 407 542 403 497 376 305 317 343 478 571 551 503 445 416 439 204 440 145 19 290 261 572 487 498 458 464 543 405 493 430 454 600 121 220 572 348 407 51 251 329 303 395 431 404 523 503 629 377 370 97 265 560 197 200 238 629 425 373 419 275 460 479 550 369 305 346 95 472 513 629 203 137 458 106 578 589 526 140 256 297 163 128 71
531 873 505 672 609 772 361 938 349 722 456 397 345 285 777 643 298 0 204 207 515 246 400 801 209 708 839 645 482 637 263 268 123 576 355 658 422 694 727 578 654 819 299 403 667 693 322 659 302 535 873 158 88 603 243 688 225 614 552 615 521 776 597 774 221 513 713 228 259 224 443 318 559 336 616 585 571 709 647 483 582 791 649 260 304 362 491 709 368 700 338 550 627 503 694 666 224 381 472 330 641 427 265 272 681 295 465 537 331 598 662 405 37 742 661 833 407 512 607 347 751 557 774 398 270 223 281 562 863 824 421 545 517 223 239 239
335 738 316 714 455 603 421 858 397 519 296 428 455 239 587 444 287 204 0 406 666 233 405 652 370 578 695 480 315 488 321 336 267 391 299 770 277 562 542 503 633 665 267 455 463 732 487 651 468 609 739 279 142 438 381 591 265 662 592 556 354 724 394 613 283 656 644 168 112 428 411 303 578 157 412 387 368 572 472 295 409 735 492 174 402 274 508 825 520 619 339 502 587 350 641 717 124 238 275 447 520 228 322 82 805 149 368 497 447 691 650 202 168 636 750 726 205 363 634 375 755 353 581 264 351 198 341 364 742 754 351 466 375 326 163 273
738 988 712 626 755 924 349 997 354 925 615 406 399 467 951 832 378 207 406 0 353 348 434 932 242 827 964 798 644 776 293 388 244 750 453 534 573 815 897 657 675 956 395 387 867 647 169 666 152 468 988 279 293 758 296 778 379 567 522 676 681 818 800 918 361 364 775 423 434 73 503 394 550 517 817 774 765 834 809 691 745 835 793 458 385 482 496 576 224 774 394 607 669 653 742 611 428 584 679 380 755 620 295 463 542 463 576 589 382 501 672 609 239 835 563 924 603 659 583 373 737 756 953 544 270 409 300 768 966 878 518 631 657 222 386 306
993 992 980 408 843 1006 325 899 353 1148 751 375 749 799 1080 1008 468 515 666 353 0 485 428 972 595 855 990 896 781 850 378 740 590 898 535 205 703 849 1020 645 559 1003 498 328 1078 425 193 529 214 265 991 628 601 864 649 760 724 364 365 629 808 712 1026 984 709 37 709 743 637 409 506 470 419 713 1032 954 961 872 923 961 869 730 875 774 738 586 410 234 147 731 442 571 591 766 658 380 733 888 933 731 785 825 378 689 195 648 636 549 732 228 540 852 531 817 271 888 819 765 415 390 551 971 1094 671 337 738 363 1018 947 786 573 637 752 343 562 425
521 643 517 480 408 578 193 692 167 664 280 194 589 454 619 527 57 246 233 348 485 0 174 583 454 480 617 454 310 428 107 499 368 424 111 553 233 468 562 333 419 607 52 224 593 499 341 429 327 380 643 400 272 415 490 445 440 428 358 369 344 532 542 569 446 466 467 382 161 405 200 76 347 229 547 471 476 486 469 500 407 546 446 398 546 134 276 609 354 454 107 304 385 309 449 484 347 471 464 575 409 341 107 220 594 164 230 293 576 466 431 380 220 501 523 592 337 314 402 142 530 486 627 202 147 400 124 542 627 577 178 300 310 154 82 59
661 581 665 311 416 578 107 563 87 773 346 53 744 629 658 607 117 400 405 434 428 174 0 548 597 432 570 469 374 422 145 664 523 487 134 432 299 425 597 233 255 578 138 101 696 329 353 259 348 240 580 558 441 440 639 355 609 263 191 242 394 387 660 556 613 398 340 556 316 504 80 101 173 361 656 559 577 447 500 650 450 403 447 572 705 187 102 488 338 343 66 173 236 348 308 318 521 639 607 729 361 463 143 377 483 302 210 154 730 334 262 524 381 414 382 497 467 344 229 61 356 600 674 271 164 574 135 677 547 444 148 216 329 212 243 160
620 106 660 692 197 118 655 372 632 563 356 599 1107 867 264 380 558 801 652 932 972 583 548 0 1004 117 46 183 338 164 652 988 905 307 480 926 381 122 232 329 482 34 537 645 498 695 893 525 885 737 108 925 781 221 1026 232 916 688 641 363 300 402 531 71 935 940 329 808 552 988 468 544 585 496 499 388 436 100 214 662 260 394 160 798 1054 449 568 974 885 285 556 406 418 302 384 721 759 768 609 1098 187 476 651 570 984 513 358 427 1098 824 514 571 765 194 847 204 504 291 622 598 600 488 300 403 688 843 655 607 156 356 420 334 283 721 562 628
646 1079 608 842 810 967 540 1145 534 852 653 586 159 295 957 810 503 209 370 242 595 454 597 1004 0 915 1044 842 677 840 453 163 102 761 563 774 623 901 912 787 852 1021 506 581 810 863 410 851 392 691 1080 99 228 800 54 897 188 783 728 821 716 980 734 973 161 606 920 286 454 190 648 523 744 522 760 754 730 915 839 587 775 995 849 320 143 571 680 818 465 908 540 755 830 703 898 831 316 447 594 141 849 596 455 450 784 492 674 741 143 736 856 547 241 951 798 1042 571 714 786 540 936 706 950 601 449 255 468 680 1072 1030 630 754 720 396 446 439
604 164 639 582 147 189 540 338 517 588 288 483 1028 805 325 393 450 708 578 827 855 480 432 117 915 0 139 168 278 111 542 914 818 290 373 810 300 16 276 212 373 149 432 528 514 586 780 416 773 621 164 841 698 188 941 126 842 574 525 249 248 316 531 148 860 823 232 741 471 886 352 435 469 427 505 384 429 28 214 637 231 312 129 735 976 349 451 859 770 184 444 289 307 232 281 609 693 723 582 1017 72 433 541 499 868 431 251 310 1018 708 405 531 674 110 732 170 458 218 509 484 499 479 357 316 576 774 543 597 166 286 310 217 203 612 469 521
667 61 707 695 241 159 678 340 656 606 399 620 1149 912 302 425 588 839 695 964 990 617 570 46 1044 139 0 229 382 207 681 1031 945 354 511 935 421 149 275 344 483 60 569 665 542 696 919 526 912 749 64 966 822 267 1067 237 959 694 651 371 345 390 577 114 978 957 325 852 593 1022 490 574 594 539 545 435 483 131 261 709 306 380 205 842 1097 484 583 982 909 284 583 420 423 344 381 724 804 815 656 1140 211 522 680 613 993 553 388 441 1140 834 514 618 804 190 853 178 550 332 628 623 594 535 338 442 716 887 682 653 121 336 449 354 323 751 600 659
443 284 481 689 54 126 570 506 543 420 189 523 936 687 192 225 443 645 480 798 896 454 469 183 842 168 229 0 165 67 541 814 741 127 367 888 226 153 133 307 495 188 417 571 346 698 787 536 776 693 286 758 615 42 860 275 741 669 609 364 126 471 364 133 762 868 381 630 389 848 397 434 559 323 336 217 263 144 47 482 76 470 40 618 882 323 521 942 789 333 456 377 425 145 421 713 582 585 428 928 174 293 540 397 943 351 259 393 928 786 527 388 608 276 821 336 321 139 608 506 631 315 216 254 580 666 548 433 316 451 323 290 146 604 414 507
351 429 377 646 141 290 460 598 431 408 30 424 771 530 309 233 314 482 315 644 781 310 374 338 677 278 382 165 0 176 409 650 575 116 247 806 78 261 253 298 484 349 284 471 330 659 651 518 638 613 431 592 450 123 694 333 578 614 546 363 39 511 310 298 598 757 419 469 224 689 318 310 504 158 297 187 213 266 165 371 101 517 177 461 718 195 450 862 661 379 341 344 417 52 441 664 421 445 317 763 237 158 409 233 856 187 184 354 763 707 512 255 444 361 751 443 182 67 560 394 624 249 316 110 450 505 420 354 444 516 229 266 90 464 257 368
493 253 528 626 37 156 525 448 499 485 192 475 942 707 254 289 409 637 488 776 850 428 422 164 840 111 207 67 176 0 507 824 740 179 331 832 216 94 197 242 429 182 386 522 409 634 752 470 742 637 254 760 616 77 861 208 752 608 551 298 141 404 421 141 771 820 313 645 387 830 346 398 498 332 396 275 319 93 114 526 120 404 29 637 890 294 465 884 750 266 416 315 359 137 354 650 597 617 471 933 107 325 506 406 888 348 215 333 933 730 461 423 601 214 762 282 351 126 546 463 565 369 281 239 545 680 512 486 272 387 279 229 120 573 400 477
626 700 620 412 492 661 103 706 86 771 379 133 604 518 715 632 98 263 321 293 378 107 145 652 453 542 681 541 409 507 0 532 385 525 175 451 331 532 657 364 398 679 125 142 700 432 245 398 235 290 700 422 319 505 498 485 483 355 290 383 440 532 650 648 483 358 482 448 265 361 209 108 295 336 654 576 583 552 562 602 502 548 528 470 567 219 228 506 251 480 101 314 382 401 453 410 421 559 568 588 469 449 1 322 489 271 295 297 589 369 402 484 252 543 429 630 444 403 343 86 487 594 726 299 40 459 20 648 674 588 232 339 395 71 187 50
539 1074 495 941 791 933 630 1180 618 747 632 665 129 163 899 738 555 268 336 388 740 499 664 988 163 914 1031 814 650 824 532 0 154 714 598 907 613 898 861 819 917 1000 549 671 717 961 549 924 529 800 1075 115 227 772 121 918 73 882 821 864 689 1030 639 947 54 747 959 190 443 348 699 575 827 492 669 687 655 908 801 475 740 1043 828 214 74 591 759 954 602 940 600 802 884 687 946 934 235 323 494 127 854 537 533 418 923 482 692 792 126 857 926 467 282 967 920 1058 510 699 875 614 1018 622 886 598 539 152 550 573 1077 1070 661 783 711 490 464 504
554 982 519 789 710 866 480 1059 470 757 552 519 221 229 855 708 421 123 267 244 590 368 523 905 102 818 945 741 575 740 385 154 0 659 475 753 523 803 810 699 778 921 420 522 713 810 398 782 377 646 983 39 126 698 123 806 135 731 671 737 615 900 638 872 118 595 835 201 353 220 567 441 680 420 662 652 630 817 737 497 673 914 748 236 181 477 614 801 449 821 462 673 751 603 817 782 223 366 500 207 753 494 387 348 770 392 581 660 208 702 785 449 148 858 765 950 469 614 727 470 873 607 848 503 388 176 402 587 977 946 541 665 621 338 351 363
316 411 354 748 145 224 576 628 547 316 146 539 840 577 201 126 430 576 391 750 898 424 487 307 761 290 354 127 116 179 525 714 659 0 363 919 195 274 151 380 571 307 400 586 238 759 766 609 752 725 413 670 532 102 773 381 641 719 653 443 94 573 242 248 664 873 481 525 319 791 427 427 608 240 218 96 139 269 94 355 60 575 162 510 785 311 559 974 776 436 457 438 502 142 513 767 479 464 301 833 277 179 525 310 970 287 287 450 833 819 601 268 538 393 861 460 207 149 663 510 711 189 203 226 566 563 536 307 443 563 340 353 171 579 366 483
528 535 534 438 316 486 212 584 183 639 218 180 695 535 545 479 78 355 299 453 535 111 134 480 563 373 511 367 247 331 175 598 475 363 0 563 170 362 486 224 334 505 59 225 563 454 421 353 410 374 535 505 370 332 598 335 535 394 323 265 273 432 525 472 544 510 361 462 196 513 113 67 295 229 523 428 444 380 390 520 333 445 352 472 649 53 229 619 422 345 94 205 290 230 349 448 422 523 475 682 301 328 174 255 612 174 122 198 683 467 352 392 326 390 516 481 333 230 353 147 459 465 558 139 214 486 181 543 516 472 67 190 221 242 138 148
1074 924 1070 263 834 983 361 778 389 1203 779 383 933 942 1080 1040 516 658 770 534 205 553 432 926 774 810 935 888 806 832 451 907 753 919 563 0 732 809 1020 599 461 959 546 339 1127 273 364 422 382 195 922 792 737 864 828 698 880 244 284 563 825 600 1086 952 870 178 622 878 714 597 494 510 340 777 1085 991 1008 832 924 1053 878 618 860 905 916 617 367 56 309 655 473 522 512 778 566 231 859 1005 1017 914 748 886 450 773 59 713 635 502 916 102 434 933 665 748 92 803 886 773 309 422 407 1027 1100 703 419 880 431 1094 870 676 578 604 756 448 635 501
390 461 408 583 187 352 382 594 353 475 48 349 728 508 386 309 235 422 277 573 703 233 299 381 623 300 421 226 78 216 331 613 523 195 170 732 0 284 328 262 436 398 205 395 397 597 574 466 560 539 462 544 400 185 645 324 542 547 478 325 110 485 367 352 559 679 396 441 171 621 250 232 440 132 360 259 278 295 236 398 174 492 226 438 677 117 382 787 582 362 263 294 373 81 408 599 394 446 347 719 244 186 330 199 781 132 130 299 719 634 461 273 385 364 680 452 201 90 497 317 574 306 394 31 371 474 342 399 465 500 161 226 98 387 188 290
588 178 622 584 130 183 533 354 510 573 271 476 1012 789 315 379 439 694 562 815 849 468 425 122 901 16 149 153 261 94 532 898 803 274 362 809 284 0 265 209 377 153 420 522 500 589 772 420 764 618 179 826 683 172 927 133 827 574 524 251 231 326 515 145 844 818 240 724 455 874 345 424 469 411 489 368 413 23 200 620 214 323 113 719 961 336 447 859 763 192 435 286 310 215 288 611 677 706 565 1002 64 416 531 482 866 416 239 307 1002 707 409 514 660 123 732 187 441 201 509 476 505 463 347 301 567 758 534 581 182 299 300 212 187 602 455 510
413 336 459 823 187 116 695 599 667 331 283 650 988 719 60 158 559 727 542 897 1020 562 597 232 912 276 275 133 253 197 657 861 810 151 486 1020 328 265 0 439 627 216 531 699 268 831 901 668 889 825 339 821 684 157 923 396 788 803 743 495 218 591 313 161 812 994 503 671 469 940 527 553 692 391 278 186 231 248 97 465 154 588 168 653 933 438 653 1074 908 456 579 510 556 256 548 846 625 594 416 982 301 324 656 461 1075 435 387 527 982 918 658 403 689 386 954 427 351 255 741 630 761 282 83 359 697 709 666 394 388 561 449 423 268 715 510 618
648 349 669 383 255 386 339 360 320 696 286 279 919 743 497 505 286 578 503 657 645 333 233 329 787 212 344 307 298 242 364 819 699 380 224 599 262 209 439 0 191 362 280 322 617 391 586 230 582 408 348 729 592 295 822 122 754 368 315 64 294 223 607 353 765 612 140 672 392 723 156 267 260 386 591 473 507 233 350 660 324 233 272 676 873 230 239 649 570 121 263 77 121 249 146 408 628 703 608 906 149 446 362 440 656 358 137 98 906 497 222 535 550 180 524 266 463 237 304 291 331 547 523 255 392 699 360 652 313 251 158 37 213 435 355 356
826 466 843 211 445 560 325 341 322 887 467 270 999 868 683 697 362 654 633 675 559 419 255 482 852 373 483 495 484 429 398 917 778 571 334 461 436 377 627 191 0 516 372 290 808 213 560 43 563 295 464 813 691 486 895 250 859 217 194 131 483 153 794 522 864 523 162 795 529 747 222 342 141 546 780 663 696 399 540 832 516 172 458 807 959 366 179 504 528 199 316 142 70 437 105 241 756 855 782 984 326 622 396 586 520 503 306 139 985 365 32 704 635 293 374 342 635 426 152 312 140 733 710 421 409 817 385 834 409 226 290 218 402 461 472 415
615 121 657 727 211 99 685 399 661 547 370 629 1121 875 241 369 583 819 665 956 1003 607 578 34 1021 149 60 188 349 182 679 1000 921 307 505 959 398 153 216 362 516 0 562 676 484 730 921 560 913 770 124 940 797 228 1042 266 927 722 675 397 311 436 522 59 948 971 364 817 568 1011 498 570 619 508 489 383 430 130 213 660 264 428 172 806 1067 473 600 1008 914 320 584 439 453 318 418 755 769 771 607 1112 217 481 678 582 1017 529 384 460 1112 858 548 574 783 229 881 234 509 307 656 627 634 483 278 421 715 853 682 600 181 388 447 365 302 747 582 653
530 594 531 450 368 538 186 639 157 658 254 171 642 497 589 509 31 299 267 395 498 52 138 537 506 432 569 417 284 386 125 549 420 400 59 546 205 420 531 280 372 562 0 209 584 468 371 385 359 364 594 452 321 379 542 393 488 401 329 317 314 481 540 527 496 476 414 424 177 454 150 38 311 231 541 456 466 439 436 515 376 495 405 437 597 93 241 603 377 401 76 253 334 275 398 456 386 501 474 628 360 339 125 239 591 168 181 243 629 454 386 390 272 449 508 539 339 278 368 125 488 481 600 173 166 445 136 548 575 525 126 247 271 187 105 91
739 671 739 270 517 679 41 622 58 864 443 48 736 661 759 704 179 403 455 387 328 224 101 645 581 528 665 571 471 522 142 671 522 586 225 339 395 522 699 322 290 676 209 0 788 290 275 279 275 156 670 559 462 541 629 442 625 213 149 317 493 438 747 656 624 298 409 590 383 459 177 172 164 440 746 653 669 545 601 722 550 456 548 611 703 279 110 395 250 421 134 253 295 448 367 267 561 694 683 719 458 547 141 443 386 377 311 231 721 245 285 599 393 500 299 578 548 445 205 84 355 688 775 365 133 602 123 758 632 504 249 311 430 185 305 183
187 603 236 976 379 385 770 852 741 79 353 744 846 557 262 120 616 667 463 867 1078 593 696 498 810 514 542 346 330 409 700 717 713 238 563 1127 397 500 268 617 808 484 584 788 0 989 922 844 905 936 606 711 598 335 806 616 649 943 874 681 324 811 78 427 677 1058 718 532 445 891 646 618 834 366 51 144 119 489 299 251 297 812 386 503 791 509 779 1183 943 673 654 671 739 371 751 994 495 404 222 844 513 253 700 405 1174 430 514 682 844 1030 837 264 631 623 1077 680 266 382 890 706 948 111 231 425 740 569 715 156 650 796 557 589 405 739 516 652
980 676 989 21 646 772 331 506 346 1068 637 306 1020 948 889 885 445 693 732 647 425 499 329 695 863 586 696 698 659 634 432 961 810 759 454 273 597 589 831 391 213 730 468 290 989 0 496 170 506 181 674 848 752 683 913 463 915 80 142 338 667 333 965 734 914 388 372 877 644 720 349 430 159 683 956 845 873 611 740 975 708 350 663 896 990 501 227 306 449 412 393 322 279 619 315 44 845 968 929 1003 535 777 431 705 330 628 475 308 1005 198 182 847 684 506 181 547 785 609 101 359 133 904 914 575 422 891 413 993 616 408 437 409 588 471 572 469
820 933 803 476 737 907 248 897 265 988 621 309 568 606 959 866 344 322 487 169 193 341 353 893 410 780 919 787 651 752 245 549 398 766 421 364 574 772 901 586 560 921 371 275 922 496 0 543 20 314 932 435 410 750 464 708 530 419 385 590 684 711 863 892 516 197 683 551 476 235 431 353 424 556 874 809 810 792 807 783 747 730 773 582 552 464 383 407 54 693 337 523 570 646 642 457 544 700 760 550 708 668 246 521 374 494 538 502 552 336 551 681 341 767 396 849 657 649 445 297 599 812 968 542 207 545 239 847 900 778 474 568 641 187 407 283
857 508 872 168 486 603 317 369 318 923 500 266 1002 883 725 735 372 659 651 666 529 429 259 525 851 416 526 536 518 470 398 924 782 609 353 422 466 420 668 230 43 560 385 279 844 170 543 0 547 264 506 818 701 526 896 293 868 178 165 172 520 182 828 565 872 493 203 810 549 738 240 353 119 571 815 699 731 442 580 860 554 201 500 823 964 390 171 463 507 241 324 173 111 473 146 198 772 876 811 986 368 652 396 607 481 525 337 167 987 328 12 732 641 336 334 382 664 462 116 312 107 767 752 449 404 830 383 865 450 258 315 255 439 457 488 420
801 927 784 486 727 896 246 898 261 971 607 307 550 585 946 850 333 302 468 152 214 327 348 885 392 773 912 776 638 742 235 529 377 752 410 382 560 764 889 582 563 913 359 275 905 506 20 547 0 324 927 415 389 739 446 704 510 428 392 587 671 713 846 883 496 217 682 530 459 220 426 343 428 540 856 793 793 785 795 763 734 731 763 562 533 452 384 426 73 690 329 520 569 634 642 468 523 679 741 532 700 651 236 503 393 478 529 500 534 350 555 663 320 763 411 846 640 637 452 291 606 795 955 529 197 524 230 828 895 779 465 562 630 173 391 270
895 744 895 161 639 790 188 633 213 1013 586 194 850 806 885 846 335 535 609 468 265 380 240 737 691 621 749 693 613 637 290 800 646 725 374 195 539 618 825 408 295 770 364 156 936 181 314 264 324 0 742 685 603 669 742 514 760 106 102 379 631 447 899 760 756 228 450 737 539 540 298 326 158 595 897 799 817 642 728 879 683 465 665 760 822 427 172 249 267 477 288 331 334 583 397 143 711 848 839 832 556 701 289 599 250 533 440 311 834 94 275 755 532 567 143 631 703 578 149 240 293 839 905 511 268 746 269 913 694 521 384 410 560 312 461 336
727 3 767 674 290 223 687 282 667 670 445 627 1191 961 366 489 610 873 739 988 991 643 580 108 1080 164 64 286 431 254 700 1075 983 413 535 922 462 179 339 348 464 124 594 670 606 674 932 506 927 742 0 1005 862 321 1106 230 1004 679 642 363 395 355 640 179 1022 957 302 899 634 1048 501 594 585 585 608 497 544 167 322 768 362 343 258 891 1139 513 581 967 918 267 600 419 410 389 359 705 851 869 714 1181 234 577 698 658 981 594 413 441 1181 823 494 673 839 175 838 134 604 376 613 635 564 597 402 480 732 934 699 715 66 294 470 364 364 770 634 682
547 1004 509 827 729 881 518 1089 507 752 570 556 190 204 865 714 454 158 279 279 628 400 558 925 99 841 966 758 592 760 422 115 39 670 505 792 544 826 821 729 813 940 452 559 711 848 435 818 415 685 1005 0 143 715 102 834 103 769 709 769 632 932 635 890 82 633 866 187 372 249 599 474 717 435 661 658 634 839 751 488 688 947 767 221 146 505 650 839 487 850 496 705 784 622 849 820 217 350 495 177 777 501 423 361 808 412 608 693 178 741 821 449 179 885 804 977 476 634 764 506 909 608 856 525 426 157 439 581 1001 977 570 694 642 376 377 398
451 861 422 731 585 740 421 953 405 648 427 448 330 204 730 586 329 88 142 293 601 272 441 781 228 698 822 615 450 616 319 227 126 532 370 737 400 683 684 592 691 797 321 462 598 752 410 701 389 603 862 143 0 573 245 694 167 675 609 636 489 802 525 747 174 598 731 142 229 299 472 349 609 294 547 529 509 695 611 401 547 816 624 172 281 365 539 789 454 713 376 574 656 479 719 729 136 293 394 319 635 370 320 222 763 268 468 565 320 672 702 333 72 744 734 835 347 490 660 395 798 490 724 381 334 143 338 483 859 843 434 556 498 293 237 284
416 319 452 674 44 168 538 526 511 412 147 493 893 647 217 216 407 603 438 758 864 415 440 221 800 188 267 42 123 77 505 772 698 102 332 864 185 172 157 295 486 228 379 541 335 683 750 526 739 669 321 715 573 0 818 281 699 651 588 356 83 475 344 175 720 837 383 588 346 807 370 399 540 281 320 198 242 168 59 451 42 476 63 577 840 286 498 918 754 337 423 360 416 105 419 696 541 548 396 885 177 256 504 355 918 308 230 376 885 762 517 352 566 291 800 359 283 101 591 474 624 291 236 214 545 625 513 409 345 462 292 274 112 566 373 469
636 1105 595 892 831 984 587 1182 580 843 672 631 107 271 966 813 542 243 381 296 649 490 639 1026 54 941 1067 860 694 861 498 121 123 773 598 828 645 927 923 822 895 1042 542 629 806 913 464 896 446 742 1106 102 245 818 0 930 164 832 777 859 734 1020 729 992 134 660 957 275 474 243 687 561 791 537 756 759 732 939 854 575 790 1035 869 306 90 601 726 872 519 943 580 793 870 724 938 881 311 428 586 90 876 602 499 464 838 513 705 780 92 789 900 546 271 982 851 1074 577 735 834 583 983 704 957 625 496 239 513 670 1100 1067 664 788 743 444 474 480
681 231 710 460 236 315 461 269 442 693 331 400 1024 828 448 497 403 688 591 778 760 445 355 232 897 126 237 275 333 208 485 918 806 381 335 698 324 133 396 122 250 266 393 442 616 463 708 293 704 514 230 834 694 281 930 0 850 457 415 134 314 196 622 274 864 727 107 759 479 842 278 385 358 456 599 477 519 153 322 704 320 196 234 760 975 329 351 745 691 59 383 189 187 280 155 489 713 769 650 1011 103 491 483 520 756 442 226 211 1012 597 282 587 658 58 616 146 513 265 391 413 372 565 479 328 513 790 481 679 191 184 267 146 243 556 456 474
474 1003 432 895 718 860 584 1114 569 682 560 614 200 107 827 667 497 225 265 379 724 440 609 916 188 842 959 741 578 752 483 73 135 641 535 880 542 827 788 754 859 927 488 625 649 915 530 868 510 760 1004 103 167 699 164 850 0 837 774 801 616 967 571 874 29 727 894 119 373 352 639 516 776 419 600 615 584 837 728 412 667 980 755 145 144 524 706 929 580 873 544 740 823 615 884 890 163 264 427 196 784 464 484 345 900 412 625 731 195 823 870 396 231 898 886 989 437 628 826 562 965 552 815 528 494 81 502 509 1007 1005 596 717 640 448 398 451
922 681 928 59 616 754 253 542 270 1021 590 233 940 873 862 844 376 614 662 567 364 428 263 688 783 574 694 669 614 608 355 882 731 719 394 244 547 574 803 368 217 722 401 213 943 80 419 178 428 106 679 769 675 651 832 457 837 0 71 325 625 359 914 720 836 327 379 803 579 640 296 362 111 623 907 801 825 598 709 913 671 377 637 822 910 444 166 288 373 412 324 293 270 577 322 55 772 899 870 923 516 722 354 640 303 565 431 275 924 150 190 787 606 506 159 559 728 569 66 286 188 853 885 522 343 815 336 937 626 435 386 379 549 392 504 395
851 644 857 122 556 700 191 534 204 953 521 163 884 806 802 778 305 552 592 522 365 358 191 641 728 525 651 609 546 551 290 821 671 653 323 284 478 524 743 315 194 675 329 149 874 142 385 165 392 102 642 709 609 588 777 415 774 71 0 280 559 346 844 668 773 328 348 735 507 595 227 291 57 552 838 733 756 547 648 842 607 365 579 754 852 373 95 334 346 376 253 238 233 511 295 126 703 828 798 867 463 651 289 568 342 494 365 218 869 183 176 715 542 467 211 529 656 504 60 217 215 783 824 452 282 748 271 866 593 420 317 321 484 333 433 327
712 365 733 333 314 433 341 324 327 760 350 280 959 795 552 568 317 615 556 676 629 369 242 363 821 249 371 364 363 298 383 864 737 443 265 563 325 251 495 64 131 397 317 317 681 338 590 172 587 379 363 769 636 356 859 134 801 325 280 0 358 167 672 396 810 594 99 723 445 744 175 298 223 446 655 537 572 274 409 723 386 180 327 730 914 281 219 611 568 103 285 68 61 314 85 360 680 762 671 945 196 510 382 497 622 414 197 87 946 463 162 598 589 188 484 261 526 301 259 303 268 612 579 316 406 749 376 716 318 208 205 99 277 453 402 384
367 394 397 655 105 251 485 575 456 403 66 446 810 567 275 219 343 521 354 681 808 344 394 300 716 248 345 126 39 141 440 689 615 94 273 825 110 231 218 294 483 311 314 493 324 667 684 520 671 631 395 632 489 83 734 314 616 625 559 358 0 499 314 258 637 783 406 507 263 727 333 338 515 197 297 179 213 233 127 392 63 503 139 497 756 222 465 880 691 364 367 347 415 48 433 674 459 476 338 802 214 185 439 272 877 226 193 358 802 725 512 283 484 337 767 416 210 57 569 419 624 255 286 141 480 543 450 366 412 498 246 264 81 497 295 400
863 357 888 338 431 502 471 187 464 888 503 412 1121 963 641 692 478 776 724 818 712 532 387 402 980 316 390 471 511 404 532 1030 900 573 432 600 485 326 591 223 153 436 481 438 811 333 711 182 713 447 355 932 802 475 1020 196 967 359 346 167 499 0 812 458 976 675 92 891 613 889 333 458 295 610 791 670 710 344 519 880 513 18 431 898 1078 449 328 638 680 138 440 227 150 460 83 370 848 927 827 1107 298 665 530 664 659 581 361 239 1108 510 171 757 752 210 510 222 684 446 299 447 212 754 673 479 548 917 521 864 292 75 373 261 422 599 569 540
111 637 161 951 388 425 727 870 698 125 328 705 767 479 319 154 571 597 394 800 1026 542 660 531 734 531 577 364 310 421 650 639 638 242 525 1086 367 515 313 607 794 522 540 747 78 965 863 828 846 899 640 635 525 344 729 622 571 914 844 672 314 812 0 463 600 1008 719 454 388 821 618 576 808 313 36 147 102 508 321 174 303 815 402 425 713 473 748 1143 888 675 612 654 727 357 747 966 418 326 144 766 519 201 650 342 1132 378 492 663 765 992 822 192 562 635 1042 701 207 370 865 664 934 61 292 391 689 491 666 84 678 805 529 576 394 684 463 600
555 176 598 729 164 47 662 442 637 492 320 608 1069 820 194 311 551 774 613 918 984 569 556 71 973 148 114 133 298 141 648 947 872 248 472 952 352 145 161 353 522 59 527 656 427 734 892 565 883 760 179 890 747 175 992 274 874 720 668 396 258 458 463 0 895 953 378 763 519 970 478 539 613 456 431 323 371 122 154 600 208 452 125 751 1015 436 588 1003 888 331 555 430 455 271 429 756 715 713 548 1061 204 424 647 530 1009 481 354 450 1061 850 554 516 737 247 877 271 452 262 655 601 647 423 229 377 685 799 652 541 228 417 418 350 260 714 539 618
503 1021 462 893 738 882 582 1126 569 711 579 616 175 136 852 693 503 221 283 361 709 446 613 935 161 860 978 762 598 771 483 54 118 664 544 870 559 844 812 765 864 948 496 624 677 914 516 872 496 756 1022 82 174 720 134 864 29 836 773 810 637 976 600 895 0 714 905 146 389 330 646 522 777 439 628 641 611 855 750 441 689 990 775 174 120 537 708 918 568 885 548 749 831 634 893 888 188 293 456 170 800 489 484 365 888 428 638 739 169 816 874 423 232 913 879 1004 462 646 826 564 968 579 840 544 492 108 501 538 1023 1016 607 729 658 444 410 453
979 958 968 371 815 977 298 862 327 1130 728 345 762 799 1054 986 445 513 656 364 37 466 398 940 606 823 957 868 757 820 358 747 595 873 510 178 679 818 994 612 523 971 476 298 1058 388 197 493 217 228 957 633 598 837 660 727 727 327 328 594 783 675 1008 953 714 0 673 740 621 423 475 446 383 695 1013 932 941 840 896 949 843 694 846 770 749 562 376 213 146 696 416 538 556 740 622 343 728 881 920 744 753 807 358 675 177 629 608 516 746 192 504 838 527 783 237 853 802 738 378 364 514 952 1068 648 319 737 342 1003 913 749 545 606 725 330 545 407
771 304 796 372 339 421 436 225 424 795 412 375 1056 884 555 600 416 713 644 775 709 467 340 329 920 232 325 381 419 313 482 959 835 481 361 622 396 240 503 140 162 364 414 409 718 372 683 203 682 450 302 866 731 383 957 107 894 379 348 99 406 92 719 378 905 673 0 813 533 843 274 396 292 524 699 577 617 260 428 789 420 97 341 817 1011 370 305 666 659 47 384 167 117 367 56 402 769 841 735 1042 206 574 481 580 682 498 277 185 1043 526 191 667 686 135 537 181 594 353 313 401 270 661 586 393 504 840 474 772 247 111 297 178 329 552 495 483
361 898 322 857 611 747 551 1027 532 568 454 571 319 72 708 548 439 228 168 423 743 382 556 808 286 741 852 630 469 645 448 190 201 525 462 878 441 724 671 672 795 817 424 590 532 877 551 810 530 737 899 187 142 588 275 759 119 803 735 723 507 891 454 763 146 740 813 0 280 416 573 457 728 313 482 496 465 733 614 301 555 903 647 35 263 442 658 930 596 788 490 668 752 510 809 857 48 165 311 315 686 347 450 242 905 317 537 661 315 810 810 277 214 804 872 893 320 523 782 518 912 433 696 432 469 38 468 395 906 923 518 634 538 431 324 407
360 633 356 627 357 514 354 746 327 513 199 348 557 351 520 398 204 259 112 434 637 161 316 552 454 471 593 389 224 387 265 443 353 319 196 714 171 455 469 392 529 568 177 383 445 644 476 549 459 539 634 372 229 346 474 479 373 579 507 445 263 613 388 519 389 621 533 280 0 472 309 216 486 83 397 340 335 467 388 339 323 624 395 284 505 165 417 770 499 507 254 394 479 250 531 634 236 327 302 547 411 192 266 61 755 39 256 391 547 626 548 218 221 525 682 616 181 261 544 299 655 336 520 155 303 310 284 382 634 642 242 354 270 295 78 215
751 1048 721 699 806 974 421 1067 425 945 661 477 340 450 992 865 440 224 428 73 409 405 504 988 190 886 1022 848 689 830 361 348 220 791 513 597 621 874 940 723 747 1011 454 459 891 720 235 738 220 540 1048 249 299 807 243 842 352 640 595 744 727 889 821 970 330 423 843 416 472 0 570 457 623 553 840 807 794 891 855 700 790 906 845 451 333 538 568 637 290 841 460 675 740 702 812 683 428 581 693 322 815 650 362 493 601 505 635 658 323 570 745 629 260 899 631 989 631 709 656 442 810 781 992 593 340 395 368 783 1029 948 579 695 710 291 433 368
631 501 641 334 343 501 187 499 166 725 293 130 788 646 587 551 145 443 411 503 506 200 80 468 648 352 490 397 318 346 209 699 567 427 113 494 250 345 527 156 222 498 150 177 646 349 431 240 426 298 501 599 472 370 687 278 639 296 227 175 333 333 618 478 646 475 274 573 309 570 0 125 190 337 610 505 528 368 430 628 384 348 372 584 746 153 132 548 418 271 110 107 184 285 250 348 533 636 581 774 281 428 208 368 547 286 141 93 775 393 239 500 420 336 434 422 436 279 248 135 346 556 606 226 235 595 204 643 469 382 89 136 261 280 249 209
568 594 569 412 384 553 152 622 123 693 281 133 663 530 612 540 19 318 303 394 470 76 101 544 523 435 574 434 310 398 108 575 441 427 67 510 232 424 553 267 342 570 38 172 618 430 353 353 343 326 594 474 349 399 561 385 516 362 291 298 338 458 576 539 522 446 396 457 216 457 125 0 274 268 576 487 500 444 457 553 399 473 420 472 620 116 204 566 355 388 38 231 309 297 376 418 421 538 513 649 362 375 107 277 556 206 186 218 649 417 354 428 294 442 470 532 376 298 331 88 454 517 624 201 146 476 114 586 572 506 124 238 288 177 142 89
821 586 829 144 505 646 204 483 210 913 481 161 897 801 752 734 290 559 578 550 419 347 173 585 744 469 594 559 504 498 295 827 680 608 295 340 440 469 692 260 141 619 311 164 834 159 424 119 428 158 585 717 609 540 791 358 776 111 57 223 515 295 808 613 777 383 292 728 486 623 190 274 0 524 799 691 717 492 598 815 560 313 527 745 862 342 70 390 388 318 239 184 176 467 239 159 694 812 770 881 409 618 293 547 399 469 321 165 882 239 128 687 545 410 264 472 626 459 58 213 192 746 774 416 295 745 278 834 536 367 279 269 438 347 416 325
