284
0 342 725 282 747 674 672 705 407 348 610 368 241 301 378 420 304 317 304 281 582 757 764 342 352 566 219 368 823 129 728 573 514 230 465 579 522 722 86 382 434 393 392 537 442 436 305 506 162 126 748 597 610 333 319 438 828 349 650 557 410 383 257 499 418 527 371 475 728 544 719 848 437 703 454 96 365 309 691 569 751 448 73 755 359 469 343 20 497 458 418 474 243 582 584 259 62 251 158 714 552 833 508 629 595 747 454 657 102 92 591 200 696 374 87 621 215 470 576 355 626 235 444 609 741 650 791 519 157 783 142 586 828 414 320 299 329 531 637 355 151 681 215 518 470 401 401 137 734 336 689 578 163 477 625 693 606 581 664 338 639 290 550 237 305 483 484 334 265 729 625 250 346 637 411 576 183 105 617 185 186 555 53 789 220 805 467 746 651 616 325 210 445 435 539 175 240 186 163 249 685 520 485 111 533 569 376 508 146 732 54 389 799 139 724 345 597 417 456 703 308 847 137 808 676 711 274 600 748 750 607 504 43 520 315 419 330 132 451 489 281 327 729 275 105 135 312 150 512 755 740 369 286 391 788 164 175 415 750 567 387 417 542 147 284 355 216 730 612 594 395 700 101 512 171 653 194 363 627 567 91 617 478 74
342 0 824 522 922 461 945 858 681 676 550 689 550 610 694 761 636 367 639 512 265 608 702 224 682 581 280 710 766 289 703 874 482 113 662 831 190 846 342 272 768 274 533 788 460 281 121 164 321 404 700 273 863 611 581 103 762 579 453 823 480 127 423 586 730 524 569 669 747 221 603 785 155 625 777 438 618 598 929 365 947 671 415 931 126 517 29 322 541 128 145 787 556 294 843 583 345 93 281 958 859 757 536 435 771 795 777 850 320 340 704 173 642 706 284 360 522 128 257 444 633 479 141 796 805 800 742 808 200 1022 472 633 736 748 220 573 528 700 819 657 462 921 553 676 564 590 681 474 627 480 920 249 403 798 634 602 273 253 888 620 752 177 291 231 622 145 145 301 517 842 649 387 160 867 742 329 411 319 492 508 458 242 317 1016 286 716 405 972 888 464 341 447 690 505 372 415 458 315 314 573 831 680 717 288 266 229 110 169 379 623 369 682 678 424 983 287 865 698 622 956 634 745 299 1059 546 688 536 261 677 623 815 163 360 612 209 612 67 427 406 244 571 206 563 608 236 213 580 193 714 812 762 653 271 681 1031 494 491 397 656 692 715 511 220 427 511 667 552 863 887 263 202 695 242 559 328 551 336 680 717 382 434 746 769 391
725 824 0 466 203 649 487 132 466 643 371 613 887 575 957 780 859 463 850 462 845 535 357 604 654 265 572 758 359 839 277 567 372 760 300 395 865 59 641 564 704 568 333 390 366 587 702 925 582 842 327 1062 400 491 1000 839 380 414 617 437 347 945 469 240 580 321 369 291 181 1022 465 380 749 388 640 727 435 523 372 624 267 347 717 211 934 306 850 719 284 832 968 594 596 779 414 626 663 800 611 403 591 401 293 609 200 116 639 230 634 818 133 833 338 897 674 735 588 901 849 393 241 505 779 220 81 130 334 507 801 415 662 200 434 693 604 972 404 224 205 972 619 376 792 221 266 339 480 770 448 390 350 875 885 634 238 412 1042 1039 321 500 86 647 718 912 596 868 929 522 488 36 210 486 951 336 928 700 905 826 486 830 890 824 682 380 924 421 446 357 357 533 484 520 390 320 569 895 958 568 586 859 113 222 352 821 729 983 740 881 870 451 773 518 486 598 459 538 450 481 278 429 634 461 615 474 489 274 963 1017 374 491 271 926 765 215 962 327 874 835 435 695 941 969 565 665 749 777 483 734 283 97 175 1012 972 1019 431 804 836 431 422 159 651 322 1020 590 456 953 674 85 476 1041 652 238 754 267 892 436 550 945 106 594 725 117 509 663
282 522 466 0 465 655 422 427 162 242 478 230 420 153 502 382 404 234 396 13 684 668 605 383 253 384 250 342 653 410 546 363 386 418 184 312 655 453 212 386 336 398 159 269 302 445 425 674 201 384 581 795 344 101 533 589 665 66 623 301 237 610 116 278 243 371 97 194 515 744 610 680 539 566 307 263 96 107 418 566 468 166 256 472 590 290 537 284 312 597 642 296 143 652 322 181 228 455 241 444 355 676 332 603 315 514 307 375 220 373 337 447 541 453 265 657 124 640 682 198 438 48 560 327 500 375 619 291 405 511 195 375 684 318 365 505 68 254 355 511 153 409 328 248 250 127 165 303 615 134 413 696 430 321 436 567 792 774 385 114 380 374 599 508 176 632 663 312 22 464 424 154 591 360 488 608 449 387 537 363 426 656 255 513 501 661 384 469 377 558 267 78 171 249 515 438 498 207 207 395 410 248 206 391 593 741 494 654 419 615 321 177 680 143 464 334 343 181 188 438 212 708 226 543 585 531 497 776 598 645 325 674 315 290 577 142 543 374 361 545 474 588 659 225 345 379 67 355 229 516 525 548 563 557 518 337 369 321 618 308 271 218 742 135 19 494 215 458 365 784 454 508 346 320 454 544 187 489 381 549 261 351 255 211
747 922 203 465 0 827 313 78 394 568 550 533 859 522 900 688 806 555 797 466 990 730 558 718 577 429 647 678 562 873 478 424 527 839 282 258 997 143 671 688 603 694 389 275 493 724 804 1045 634 847 528 1180 248 446 975 956 584 399 793 305 449 1033 515 353 486 477 377 272 383 1134 659 583 876 583 533 723 396 479 190 786 65 303 719 10 1017 432 944 747 419 954 1060 482 561 931 272 581 690 879 670 215 455 604 437 782 154 319 532 95 673 839 240 894 534 830 717 897 565 1017 992 478 424 512 905 137 284 127 537 383 855 215 650 362 637 598 711 947 421 224 109 926 613 197 757 246 366 349 407 756 644 445 169 1016 893 520 421 605 1165 1157 153 450 207 746 870 964 539 991 1044 631 483 167 391 545 1028 180 855 858 913 852 663 808 885 967 715 178 963 623 591 159 192 709 584 537 325 428 728 901 959 627 639 823 108 242 279 854 877 1108 855 1008 884 646 786 442 686 609 271 651 301 401 303 245 572 663 666 273 676 473 946 1143 574 686 154 1046 781 329 1026 329 962 835 574 837 912 1035 755 611 797 830 452 795 235 299 378 971 1021 972 230 785 819 558 620 240 563 413 1133 600 462 902 637 118 320 1162 777 436 801 405 919 622 606 890 259 758 722 191 400 676
674 461 649 655 827 0 999 748 798 891 278 885 916 803 1050 1020 967 423 965 642 281 180 354 331 901 398 466 973 406 696 403 994 310 502 677 874 351 698 615 295 989 283 545 840 376 238 396 438 539 786 370 555 899 754 983 392 391 674 35 891 444 573 544 496 898 355 629 678 491 539 217 413 307 283 963 753 726 762 927 106 879 717 729 837 581 423 489 654 424 367 573 947 772 206 892 811 635 519 523 962 996 377 401 52 718 562 963 797 588 725 590 603 328 1034 587 129 738 438 290 463 408 642 327 750 589 703 398 917 606 1005 742 464 342 969 354 967 611 664 761 1029 707 924 874 633 498 628 806 804 245 531 910 321 805 975 411 255 519 533 873 768 619 389 176 680 825 387 461 358 667 682 440 512 619 867 1072 136 818 713 164 859 848 278 624 982 729 330 275 944 893 118 393 621 760 450 142 818 875 515 534 921 718 639 761 686 201 466 355 382 780 240 724 828 265 659 1007 341 927 820 615 975 855 339 549 1058 169 397 936 489 325 216 794 441 712 514 671 643 528 800 299 217 954 668 127 851 602 602 722 553 717 586 505 1042 729 1064 1019 836 849 337 282 598 924 481 538 657 636 1029 813 723 955 527 288 425 610 432 750 216 521 1035 568 109 748 639 890 675
672 945 487 422 313 999 0 358 267 372 749 337 693 377 688 446 610 622 599 432 1089 948 808 788 377 622 670 456 828 799 729 143 690 840 322 125 1070 432 622 779 360 789 461 162 624 831 844 1095 624 734 778 1218 100 341 804 1008 848 367 963 121 558 1030 527 507 278 649 390 321 647 1166 878 853 951 810 291 610 326 363 123 930 256 289 618 311 1009 575 960 681 578 1015 1063 241 433 1046 108 431 631 876 664 105 178 867 601 948 307 597 290 256 637 749 445 860 766 611 680 1035 457 1062 1088 555 644 466 974 277 565 361 798 157 816 158 538 569 893 364 774 777 425 341 284 727 520 115 593 370 501 381 271 623 870 493 143 1105 779 269 641 824 1213 1197 166 334 445 791 988 909 380 1051 1085 707 429 456 614 566 1007 151 625 988 796 770 847 658 751 1062 661 190 889 875 728 171 129 884 657 499 258 549 872 782 827 630 630 649 374 365 242 783 987 1162 911 1072 778 872 691 284 925 540 68 730 79 255 384 73 397 920 648 150 878 719 787 1197 817 910 224 1095 691 493 985 362 964 714 705 941 741 997 960 441 756 790 368 774 282 582 647 778 958 770 152 642 675 674 856 424 348 519 1165 534 433 699 489 412 59 1206 858 684 756 572 830 825 609 682 489 906 611 408 197 598
705 858 132 427 78 748 358 0 383 562 472 528 835 505 888 690 792 490 783 426 916 652 483 649 571 350 588 675 490 827 402 451 450 780 243 278 925 74 625 617 609 623 331 282 420 651 739 976 581 811 452 1112 277 424 951 888 511 364 714 323 381 972 462 280 487 400 333 233 309 1068 581 511 805 505 541 689 371 458 240 709 138 277 683 88 958 358 881 703 344 884 998 492 538 856 295 562 645 820 615 270 477 531 361 704 113 248 540 104 624 797 164 840 456 822 667 820 537 949 919 413 346 472 834 115 214 57 463 398 803 283 618 284 563 601 644 923 375 173 90 910 579 244 735 189 296 303 397 726 566 388 218 943 857 532 342 526 1096 1089 192 431 129 681 794 913 524 922 976 563 447 99 313 488 970 210 850 781 876 809 585 782 853 893 668 250 916 548 516 224 229 630 518 494 309 357 651 865 925 572 585 803 30 186 265 809 802 1038 787 937 845 569 747 434 610 569 326 582 329 394 250 298 559 590 613 342 597 397 919 1073 497 609 156 977 741 255 972 285 901 801 500 763 889 980 677 596 747 778 424 741 206 230 305 953 972 957 299 758 791 485 543 168 562 346 1066 560 421 888 615 54 353 1093 706 360 751 330 876 543 552 877 180 680 688 115 407 636
407 681 466 162 394 798 267 383 0 178 589 146 468 130 506 313 412 387 402 174 845 787 692 543 188 475 413 292 730 535 622 202 507 574 173 174 818 434 354 543 240 554 259 136 427 600 587 836 360 480 664 955 205 73 584 751 745 124 764 150 358 763 276 354 118 480 171 181 567 903 724 757 701 668 185 354 72 99 290 715 376 121 358 399 742 397 695 414 411 760 796 154 178 811 178 189 364 610 400 309 198 760 434 746 273 545 185 299 369 488 360 592 634 439 412 811 194 801 843 335 518 202 723 268 522 346 696 128 549 379 280 444 775 228 526 556 188 244 295 531 256 280 365 257 335 181 14 376 724 267 292 858 526 188 515 675 952 934 273 68 389 537 757 643 145 794 824 469 164 451 496 315 739 243 466 763 545 507 665 422 507 818 393 390 626 754 523 348 252 693 422 234 76 360 661 532 583 369 367 431 378 254 118 518 752 903 657 816 522 724 431 51 786 273 317 492 190 22 224 296 177 801 382 401 708 608 558 938 691 758 240 836 429 354 718 174 698 463 499 704 521 729 786 217 488 523 101 506 183 540 573 577 693 577 383 401 435 461 719 330 184 326 901 266 176 507 248 428 208 944 614 579 488 413 569 661 349 495 410 696 354 351 93 332
348 676 643 242 568 891 372 562 178 0 720 36 321 89 332 143 243 468 233 255 884 911 840 594 10 619 449 114 885 463 777 244 629 563 345 325 840 612 334 609 98 622 393 296 545 669 607 840 379 376 815 942 349 162 433 763 898 254 860 284 480 732 347 505 93 612 309 354 732 888 853 912 735 807 105 264 214 138 437 797 543 296 280 572 707 530 683 364 549 777 766 137 124 864 320 92 331 591 413 447 215 911 571 840 452 716 106 474 359 406 531 549 778 262 392 880 161 804 880 441 669 249 751 447 696 525 851 217 506 516 207 600 922 78 573 405 303 419 473 363 215 426 221 429 480 331 164 262 857 376 445 889 419 130 667 809 948 924 434 149 564 568 817 578 66 808 822 537 227 630 651 379 694 403 288 832 434 429 779 289 384 856 360 535 547 899 625 499 406 799 498 271 254 489 749 420 459 398 385 277 556 426 297 449 807 905 681 832 422 857 350 127 922 257 436 558 313 168 385 425 41 946 388 522 828 762 415 938 836 887 414 839 353 510 660 332 676 353 602 759 369 672 902 76 450 482 185 485 361 713 739 412 617 408 515 275 306 561 858 500 39 457 887 255 262 337 134 607 317 937 663 735 447 555 481 787 384 323 580 784 267 527 182 286
610 550 371 478 550 278 749 472 589 720 0 704 837 631 951 861 857 295 852 466 495 200 158 334 731 128 394 820 221 682 155 769 98 530 439 628 533 420 530 282 811 277 331 599 180 272 438 606 449 736 150 741 649 563 929 530 222 473 245 653 240 677 393 244 702 109 419 437 223 710 134 243 432 93 770 661 522 582 665 262 605 487 641 560 675 192 580 595 178 515 692 743 617 423 647 657 554 563 454 700 778 223 154 238 453 290 770 529 509 688 318 627 93 916 529 369 590 590 500 285 129 484 462 486 314 429 193 693 611 737 625 189 218 793 346 907 417 408 493 945 581 664 769 378 257 408 600 714 136 344 646 529 769 777 132 88 714 718 610 578 343 396 365 713 655 548 618 288 496 403 161 377 704 608 953 340 787 686 115 776 797 478 557 711 745 194 153 676 634 162 285 476 535 231 213 782 846 424 448 828 442 384 525 667 381 655 445 555 747 136 665 629 202 539 749 288 685 611 376 717 691 238 473 792 129 142 884 686 138 169 534 608 654 255 735 417 613 742 163 357 885 738 211 701 580 595 536 542 469 312 238 970 771 987 752 750 773 195 142 331 746 265 708 534 459 936 678 445 713 717 350 159 587 179 741 75 418 937 291 232 657 366 673 581
368 689 613 230 533 885 337 528 146 36 704 0 355 83 368 168 280 461 269 244 889 897 820 595 44 599 451 146 863 486 755 213 615 576 316 288 848 580 346 607 106 619 374 260 531 667 614 852 384 405 794 957 313 141 468 772 877 233 852 248 464 749 341 483 58 595 288 325 707 904 838 889 740 789 88 289 189 123 401 792 506 266 302 536 725 512 697 382 531 786 784 108 132 866 283 109 346 606 419 411 187 890 553 833 419 689 88 439 369 431 503 568 759 297 405 879 168 815 885 429 648 244 757 413 667 492 829 182 524 480 226 577 902 89 575 440 286 389 439 400 227 390 255 400 460 307 132 291 841 362 409 895 448 109 645 792 961 939 398 127 534 573 817 601 67 817 834 534 218 598 628 375 714 367 322 830 464 453 767 321 415 861 375 499 572 880 615 463 369 789 493 269 222 473 743 450 491 401 390 312 523 397 264 472 808 917 688 841 450 841 374 94 905 266 401 556 277 134 360 389 62 927 395 486 815 740 450 951 816 872 379 851 376 487 682 307 691 382 592 760 404 694 890 105 467 500 168 499 329 685 714 448 643 445 479 306 338 552 840 472 41 439 902 263 250 373 159 574 281 951 665 713 465 536 507 772 386 359 553 778 291 497 146 302
241 550 887 420 859 916 693 835 468 321 837 355 0 338 143 299 111 542 120 426 807 994 985 584 316 775 457 260 1041 263 941 562 739 450 594 636 739 870 309 623 358 635 570 602 661 678 540 706 391 146 966 770 664 412 116 652 1049 474 891 600 616 549 454 688 414 744 518 604 925 719 953 1067 667 930 413 175 464 379 752 810 844 559 195 864 523 676 542 261 703 676 582 455 298 816 634 278 286 457 397 764 531 1056 718 870 721 931 413 764 334 210 757 380 917 170 328 859 300 671 801 563 834 386 670 725 919 788 1008 537 350 834 227 782 1055 345 561 87 486 669 753 113 272 741 103 667 658 547 457 123 966 524 757 798 158 437 833 922 789 759 741 408 801 530 787 361 325 695 680 572 398 883 827 461 495 711 200 815 162 231 854 61 101 782 292 851 309 1031 701 812 717 856 557 379 534 637 780 150 157 416 394 46 823 666 579 262 769 762 606 719 178 964 192 427 1031 304 757 584 632 467 609 745 299 1075 373 842 912 924 94 789 972 985 706 704 204 704 440 560 518 123 682 727 54 453 969 255 325 340 410 377 629 935 936 133 375 151 834 87 66 644 979 729 347 613 718 311 432 117 221 872 637 774 635 907 318 716 242 885 419 130 801 808 179 770 500 256
301 610 575 153 522 803 377 505 130 89 631 83 338 0 383 230 287 379 278 166 806 821 754 511 100 532 368 193 799 425 692 272 539 498 274 301 766 549 268 523 185 536 306 265 455 584 532 772 301 357 729 880 331 83 454 691 812 170 771 269 390 676 259 420 119 523 225 284 651 827 764 826 657 718 170 233 139 53 417 710 506 230 241 527 653 441 619 312 462 704 710 177 57 782 302 59 270 529 337 433 252 824 483 751 392 640 170 427 290 373 455 497 691 322 327 795 89 736 802 351 584 161 674 392 621 463 765 221 453 504 162 516 834 166 491 426 214 350 420 405 152 407 235 355 395 249 119 249 768 287 421 812 403 189 582 720 883 862 403 74 492 490 733 537 24 736 756 451 137 564 567 292 645 373 353 747 420 394 689 292 379 778 300 517 514 811 536 477 381 709 410 186 197 401 661 407 456 317 308 301 496 353 243 409 725 838 606 760 401 768 315 93 833 186 434 472 306 131 307 417 62 859 314 520 739 677 428 871 748 798 368 771 315 427 616 253 616 338 513 676 391 628 812 91 394 428 99 423 299 639 659 449 583 451 506 272 306 472 770 425 121 368 826 182 172 382 118 547 318 873 581 651 393 468 453 697 302 372 504 696 234 457 180 230
378 694 957 502 900 1050 688 888 506 332 951 368 143 383 0 247 98 660 106 511 951 1118 1094 719 324 877 586 232 1147 406 1043 547 853 593 657 656 883 933 436 755 328 767 660 629 772 812 681 849 516 290 1073 910 680 466 168 796 1156 545 1024 614 721 690 559 780 421 853 595 667 1017 859 1073 1173 810 1044 397 297 522 434 767 945 875 614 321 904 663 779 686 398 805 819 722 447 362 958 650 330 415 601 527 773 512 1165 822 1003 776 1015 397 805 462 353 834 523 1027 78 463 999 377 815 944 670 935 478 813 774 999 847 1113 542 493 840 326 876 1167 323 696 153 570 733 801 55 371 756 182 736 751 622 492 245 1084 622 776 941 298 419 933 1039 930 899 767 458 873 668 927 500 363 839 823 699 480 948 923 574 634 736 81 954 297 374 979 192 240 925 426 863 446 1144 822 829 737 984 679 479 579 739 912 288 275 541 519 129 880 735 624 406 910 905 749 863 319 1083 333 457 1150 412 756 713 639 498 683 749 328 1189 502 838 1035 1027 189 931 1083 1106 745 847 344 792 576 631 661 266 803 866 134 589 1096 292 467 483 474 519 683 1016 1027 102 507 85 838 213 205 763 1094 804 344 711 858 417 517 29 286 930 638 915 773 1007 460 815 381 1005 541 14 880 941 302 839 511 377
420 761 780 382 688 1020 446 690 313 143 861 168 299 230 247 0 191 599 181 395 989 1049 983 711 132 762 564 51 1028 511 920 303 768 649 485 433 937 746 432 732 86 744 535 413 684 792 709 926 492 404 958 1016 451 305 390 855 1041 397 990 388 620 797 480 648 203 753 453 493 875 962 993 1055 840 948 159 324 357 281 536 923 654 434 346 690 772 671 763 439 692 873 832 211 248 976 423 209 422 671 520 538 268 1053 713 970 585 857 159 597 459 451 671 614 921 169 483 1000 282 890 984 579 812 382 852 575 835 658 994 311 574 602 294 743 1064 89 689 365 445 558 600 294 319 525 227 569 623 474 299 298 998 516 548 989 437 177 810 949 1026 1000 544 292 702 677 933 625 206 900 905 662 365 764 794 509 752 514 179 951 447 475 915 294 388 961 446 628 583 1041 760 597 511 932 627 399 389 631 878 434 455 513 497 253 688 566 429 502 921 989 783 925 448 997 403 262 1063 367 515 682 406 299 528 511 170 1089 493 595 966 905 388 1020 978 1027 538 924 410 653 707 475 750 378 737 874 332 721 1038 169 526 554 328 568 496 853 882 345 653 332 598 293 315 696 1000 641 129 598 961 367 401 263 215 738 401 1014 777 879 521 698 513 926 503 243 721 911 329 665 288 375
304 636 859 404 806 967 610 792 412 243 857 280 111 287 98 191 0 568 10 412 885 1028 998 639 236 780 500 159 1050 359 946 473 760 530 559 568 823 836 351 671 259 684 562 539 678 729 610 797 429 242 976 870 593 369 200 737 1060 446 940 528 624 649 464 681 336 757 496 569 919 818 981 1077 741 949 321 215 424 336 681 863 785 517 239 811 622 682 632 325 708 758 682 368 263 887 564 232 333 543 444 690 439 1069 725 919 680 916 322 712 379 300 735 473 931 70 386 923 279 761 879 574 837 381 747 679 900 750 1016 459 437 758 232 778 1072 250 616 175 472 636 706 120 276 670 92 638 653 524 399 166 991 525 689 879 265 345 835 945 886 857 678 361 775 591 852 465 268 781 772 612 382 850 826 481 597 647 107 877 271 324 889 129 210 859 347 779 416 1049 732 743 650 896 589 383 484 642 827 258 268 454 433 69 783 637 529 354 836 856 681 805 281 990 267 365 1057 319 676 628 556 406 585 667 234 1094 418 761 944 929 197 884 987 1014 652 795 277 694 545 533 611 216 711 791 141 558 1007 196 402 423 376 452 587 917 929 168 483 165 757 142 148 671 1000 706 262 614 817 324 419 95 188 834 557 872 696 909 396 718 347 912 451 86 782 858 219 741 426 291
317 367 463 234 555 423 622 490 387 468 295 461 542 379 660 599 568 0 564 220 467 459 447 169 477 254 114 553 506 402 412 588 197 296 310 499 454 480 235 157 565 168 171 459 126 213 248 492 154 443 431 625 529 334 634 403 511 264 392 504 116 483 120 223 477 210 231 316 423 579 412 531 332 388 541 367 314 340 582 332 584 333 346 565 471 166 391 303 193 404 508 529 350 426 514 389 259 336 166 614 585 516 198 372 407 455 541 487 215 399 338 374 378 631 240 424 317 462 466 77 314 218 358 433 457 433 474 513 346 673 336 288 513 545 158 612 200 337 455 651 295 576 478 310 199 243 393 420 424 128 570 484 478 555 314 380 613 602 536 348 387 191 370 456 401 441 489 84 243 478 318 90 487 519 668 376 497 400 321 481 503 440 264 662 477 489 164 619 542 334 35 199 366 143 282 491 556 131 154 535 463 315 381 385 367 557 302 460 458 422 372 410 489 249 648 107 544 408 261 618 431 533 181 716 376 396 590 592 431 445 459 493 361 248 500 263 412 448 143 319 590 506 442 431 302 325 301 277 361 467 437 675 517 693 683 455 477 103 436 324 500 144 577 245 215 644 397 496 570 608 236 387 309 210 460 344 123 646 357 316 363 379 481 286
304 639 850 396 797 965 599 783 402 233 852 269 120 278 106 181 10 564 0 405 887 1024 992 637 226 774 498 148 1044 363 939 462 755 531 550 558 824 827 349 669 249 682 555 528 672 728 610 800 426 247 970 875 583 360 211 739 1054 438 938 518 619 653 459 674 325 752 488 560 912 822 976 1071 741 944 310 214 415 327 670 861 774 508 238 801 627 676 635 325 701 760 687 357 255 887 553 224 331 546 442 679 429 1063 719 917 670 909 311 702 377 304 727 476 925 69 385 922 272 764 881 569 831 374 748 669 892 741 1010 448 440 747 228 771 1067 239 614 185 464 627 697 130 271 660 91 630 646 516 389 167 986 518 678 881 271 334 829 940 890 861 667 352 766 590 852 470 258 783 775 609 375 841 819 476 602 636 107 876 278 328 885 133 217 860 347 768 422 1043 728 732 639 893 585 377 474 636 825 265 277 451 430 76 774 628 519 358 836 859 681 807 287 985 269 355 1052 314 666 625 545 396 577 657 224 1089 416 750 940 923 207 888 982 1009 642 798 279 686 551 524 615 220 707 791 151 564 1004 186 404 426 367 453 577 909 921 179 490 175 746 144 153 667 995 697 251 608 821 319 412 105 181 825 547 876 696 902 398 712 353 908 448 94 774 856 218 732 415 289
281 512 462 13 466 642 432 426 174 255 466 244 426 166 511 395 412 220 405 0 672 655 593 370 266 372 239 354 642 407 536 375 373 409 184 320 644 450 208 373 350 385 149 277 289 431 414 664 192 385 570 785 352 114 538 578 654 71 609 311 225 602 103 268 257 359 93 194 506 734 598 669 527 554 321 266 106 120 424 552 471 170 258 473 582 278 528 281 301 586 634 309 154 639 330 193 225 446 232 451 368 664 321 590 315 506 321 377 214 372 331 441 529 463 260 644 133 630 670 185 427 46 549 328 493 373 608 303 400 518 200 365 672 331 352 511 59 253 356 518 157 416 335 244 240 124 177 308 603 121 419 684 431 334 425 555 781 764 390 127 375 363 586 503 189 621 653 299 31 460 414 142 584 365 498 595 450 386 523 368 429 644 251 518 498 649 371 474 383 544 254 73 179 237 501 439 500 197 198 402 408 245 212 389 580 731 483 643 419 602 321 190 668 143 472 321 353 193 184 446 224 696 218 550 572 520 501 766 586 632 328 664 315 281 572 140 534 376 348 532 480 582 646 237 339 373 81 348 231 509 516 555 559 564 525 342 374 307 605 303 284 206 732 134 6 502 224 455 375 774 441 498 341 309 452 531 177 498 374 536 264 347 267 210
582 265 845 684 990 281 1089 916 845 884 495 889 807 806 951 989 885 467 887 672 0 460 614 302 891 580 438 938 672 551 645 1047 472 357 774 966 86 883 557 311 981 302 633 926 497 266 280 169 505 663 623 273 996 783 845 164 661 727 293 970 548 337 569 637 919 523 698 779 718 262 485 683 149 536 976 676 774 780 1045 235 1031 800 652 1000 354 558 282 561 572 137 326 975 759 76 981 793 567 352 471 1078 1039 649 557 285 855 782 976 938 529 598 751 437 572 956 507 152 723 182 9 537 613 652 138 885 802 863 658 974 459 1134 694 645 618 960 319 836 665 789 903 917 672 1040 797 760 626 709 849 719 513 596 1032 39 666 994 616 508 237 252 997 796 792 316 130 494 822 134 197 382 687 872 640 530 395 983 993 159 674 579 394 761 720 27 545 1119 550 603 401 1077 1006 349 431 623 832 566 281 679 723 488 498 826 886 765 848 548 115 184 206 118 642 508 619 859 544 627 1114 359 1011 865 720 1084 843 617 497 1180 429 634 800 207 585 491 918 172 608 661 456 729 318 684 416 153 833 450 408 825 483 467 750 433 824 803 733 916 527 943 1145 744 746 433 548 750 922 587 260 628 668 925 774 905 1036 245 231 654 490 587 593 459 504 937 747 265 671 800 939 614
757 608 535 668 730 180 948 652 787 911 200 897 994 821 1118 1049 1028 459 1024 655 460 0 194 431 921 326 537 1006 235 805 262 969 282 624 639 827 525 591 685 382 1003 373 528 799 366 341 520 610 603 878 218 732 847 758 1076 555 218 669 168 853 432 728 572 444 898 307 616 637 359 713 70 238 461 146 966 822 719 773 859 246 789 687 799 739 733 390 637 739 378 532 734 941 802 384 846 842 707 649 598 894 977 201 354 180 647 432 966 719 660 823 509 727 196 1090 670 308 771 606 468 470 308 667 485 679 463 616 235 893 721 927 795 381 164 985 451 1056 611 607 684 1106 754 858 936 577 457 607 797 875 88 534 840 499 904 974 312 125 697 710 804 772 526 496 344 810 844 557 631 422 684 570 341 549 769 804 1128 306 920 815 139 934 941 454 703 898 852 155 295 865 830 147 439 654 735 427 238 918 979 578 600 991 623 583 725 792 368 643 498 555 881 84 810 825 85 709 944 412 884 809 576 912 879 158 621 983 83 262 1029 667 169 46 729 613 799 454 813 617 676 888 316 370 1038 813 52 885 704 711 729 659 669 456 370 1126 864 1145 941 909 928 357 119 526 938 461 712 705 648 1100 856 617 913 704 413 297 712 380 862 126 577 1104 475 226 817 555 872 741
764 702 357 605 558 354 808 483 692 840 158 820 985 754 1094 983 998 447 992 593 614 194 0 490 851 221 551 946 63 840 80 853 250 687 526 695 664 415 682 438 925 432 448 674 324 421 593 743 601 890 30 875 711 679 1081 673 64 587 329 728 373 829 534 337 809 241 531 521 175 847 137 85 574 79 877 809 631 702 707 379 621 578 790 567 827 316 732 750 292 655 841 844 748 538 715 787 706 720 610 741 867 71 273 332 501 246 877 563 662 844 363 785 68 1054 685 471 723 731 620 424 173 618 603 531 279 456 44 780 769 765 767 249 85 909 503 1058 539 476 530 1091 722 709 912 451 360 513 704 862 110 474 687 651 924 880 176 105 844 851 653 693 367 553 486 871 778 686 758 446 625 393 198 523 858 659 1090 454 942 842 221 924 950 602 711 733 903 66 311 705 683 264 440 615 628 356 344 937 1001 578 601 973 456 456 608 824 506 786 595 689 903 114 819 737 130 683 795 446 753 712 468 763 815 112 627 823 186 88 1037 815 28 148 585 745 808 337 892 517 766 895 321 492 1035 894 238 830 737 753 655 700 543 269 183 1119 929 1134 781 898 922 351 75 386 862 387 846 677 587 1080 814 441 782 848 500 125 744 285 898 156 570 1080 319 351 806 401 767 730
342 224 604 383 718 331 788 649 543 594 334 595 584 511 719 711 639 169 637 370 302 431 490 0 602 357 146 661 554 374 483 745 259 198 479 667 284 630 288 52 692 59 340 626 238 94 105 327 219 455 484 462 697 483 653 238 552 425 308 669 268 350 267 371 621 299 398 485 523 419 408 575 163 416 680 424 472 481 751 226 750 500 399 727 344 298 252 323 320 236 369 676 470 271 681 506 306 229 195 783 738 551 313 287 573 571 680 654 260 396 489 299 427 707 255 289 433 299 300 244 409 353 189 600 581 593 527 672 290 842 421 410 535 672 22 637 363 504 621 698 391 745 546 476 352 411 547 474 429 297 740 317 477 697 410 397 447 439 705 495 536 65 223 383 530 274 327 87 386 624 425 228 371 688 745 241 492 386 298 528 518 274 293 831 422 513 183 787 711 285 135 326 531 291 199 490 550 197 213 590 621 481 549 361 213 390 137 291 453 426 393 559 488 343 817 67 710 564 430 787 554 548 222 885 356 468 606 425 467 434 627 328 381 397 401 432 282 469 182 164 622 403 397 542 275 280 449 228 530 588 539 710 440 733 852 505 518 174 454 481 630 304 417 343 367 697 497 648 735 444 71 472 283 337 430 349 209 705 498 225 419 535 637 348
352 682 654 253 577 901 377 571 188 10 731 44 316 100 324 132 236 477 226 266 891 921 851 602 0 630 457 103 896 464 788 247 640 568 356 332 847 622 340 618 90 630 404 305 555 678 614 846 387 376 826 947 357 173 427 769 909 265 869 291 490 735 357 516 99 623 320 365 743 893 863 923 742 817 104 266 225 149 444 806 551 306 282 581 711 540 688 367 560 784 770 139 132 872 327 99 337 596 420 453 217 921 582 850 462 727 105 483 365 407 542 552 789 253 397 889 168 809 887 451 680 259 757 456 706 535 861 223 509 522 211 611 932 69 581 399 313 430 482 356 221 433 218 439 491 342 174 261 868 387 452 896 418 129 678 819 953 929 443 160 574 575 825 580 76 814 827 546 237 640 662 389 697 412 278 840 432 430 789 286 382 863 365 542 548 910 635 506 413 808 508 280 265 500 759 419 457 406 393 272 566 437 307 451 815 911 688 838 422 867 351 137 933 264 442 567 319 177 396 431 48 957 395 527 839 773 411 943 847 898 424 844 355 521 662 343 680 352 612 767 364 674 912 78 454 486 196 490 372 724 750 405 619 401 521 273 304 571 869 511 35 467 892 262 272 329 136 617 322 942 671 746 451 566 481 797 392 315 591 793 269 537 189 291
566 581 265 384 429 398 622 350 475 619 128 599 775 532 877 762 780 254 774 372 580 326 221 357 630 0 367 725 270 657 165 647 108 536 316 501 603 306 480 311 705 312 226 474 129 326 461 667 404 691 197 804 521 458 875 583 281 366 364 528 158 707 321 121 591 58 311 313 170 767 257 296 490 194 659 600 412 480 537 361 481 366 583 439 699 98 609 554 72 573 726 628 527 514 520 566 505 573 421 572 657 292 57 353 325 214 659 401 464 652 191 623 159 834 494 472 504 645 584 212 60 399 520 357 227 305 235 571 598 610 552 67 302 689 362 852 318 281 365 878 507 535 696 251 140 294 487 651 252 255 518 611 729 664 59 204 782 781 482 472 221 409 453 707 556 609 673 285 404 293 67 317 722 480 870 436 748 654 236 714 749 560 514 585 731 280 184 549 506 280 261 398 416 138 305 741 806 383 405 759 320 257 401 640 464 723 488 621 710 253 619 518 312 471 621 295 558 496 255 588 594 327 434 665 257 149 833 756 217 290 405 668 609 129 744 300 638 693 177 431 826 748 339 609 557 579 434 529 343 232 184 908 768 922 624 687 713 184 244 203 641 166 765 464 366 865 594 330 587 782 395 134 564 63 714 204 371 863 171 331 597 241 554 523
219 280 572 250 647 466 670 588 413 449 394 451 457 368 586 564 500 114 498 239 438 537 551 146 457 367 0 515 612 291 522 613 300 191 381 553 405 585 149 171 547 183 257 511 238 230 174 425 73 343 537 550 585 347 539 339 615 303 439 549 227 385 143 332 481 321 289 389 536 500 500 636 291 486 537 288 345 341 648 363 669 391 264 656 370 279 300 202 307 347 413 537 324 415 565 360 171 232 61 678 603 618 312 418 494 568 538 571 123 293 444 261 483 567 135 435 288 392 435 179 427 214 310 518 570 530 581 542 232 742 277 402 611 526 124 519 248 424 542 570 245 641 408 401 306 310 415 340 515 202 640 447 374 555 427 474 544 529 607 359 493 124 369 343 385 381 416 115 250 585 432 106 382 587 605 386 392 291 398 398 405 410 166 736 363 588 248 692 608 398 110 184 412 254 326 387 451 51 68 457 562 405 438 274 358 492 244 403 352 513 274 422 579 197 705 127 590 432 345 677 408 629 84 780 456 506 493 527 533 530 535 425 262 357 389 331 314 351 232 310 500 396 511 396 189 211 314 163 434 581 551 588 403 608 751 374 391 199 532 427 485 250 499 197 237 566 351 599 614 537 214 499 196 324 348 433 65 571 466 357 283 481 505 209
368 710 758 342 678 973 456 675 292 114 820 146 260 193 232 51 159 553 148 354 938 1006 946 661 103 725 515 0 993 462 885 316 726 597 459 428 886 726 381 683 100 696 498 404 642 743 657 874 442 357 922 965 450 273 359 803 1005 363 943 385 579 747 435 613 193 714 418 468 844 911 951 1019 789 909 165 273 327 246 536 875 649 410 295 681 721 632 712 387 654 821 781 214 204 926 421 164 371 619 469 542 282 1017 675 923 566 830 165 585 408 401 644 563 883 156 431 950 236 838 933 537 777 338 801 559 809 639 958 311 523 608 243 710 1026 91 639 333 407 533 585 272 269 525 181 542 588 441 278 248 957 476 546 938 391 187 775 909 975 949 539 261 678 626 883 576 169 849 853 615 324 744 760 462 702 508 177 902 403 426 871 249 345 910 395 632 535 1003 715 598 508 887 581 354 368 592 831 389 414 464 447 214 670 540 410 452 871 938 732 873 401 956 352 241 1022 317 523 634 408 280 498 517 131 1050 443 606 923 870 353 969 940 985 525 873 359 620 659 444 698 330 692 823 299 672 993 121 474 503 292 517 475 827 851 323 606 314 605 246 270 651 960 614 115 560 910 318 361 243 164 721 406 963 727 845 470 661 466 884 454 225 694 864 277 641 282 323
823 766 359 653 562 406 828 490 730 885 221 863 1041 799 1147 1028 1050 506 1044 642 672 235 63 554 896 270 612 993 0 901 108 882 311 751 560 720 725 418 740 502 967 496 494 702 381 485 657 804 660 949 75 935 733 723 1139 735 22 630 384 755 426 893 588 379 848 297 575 555 181 909 189 26 637 141 915 866 673 747 722 439 626 613 847 570 891 367 796 809 342 717 905 880 797 596 740 835 765 784 670 755 898 44 324 388 522 243 915 578 721 904 387 848 129 1104 745 527 774 793 679 478 215 669 666 551 277 470 34 811 831 774 821 285 83 951 567 1116 586 505 546 1146 776 724 965 482 404 555 743 917 161 525 701 710 984 918 217 166 904 912 669 736 383 617 546 934 823 748 820 508 673 394 234 580 922 677 1140 513 1003 903 283 980 1009 661 770 739 966 81 374 714 701 324 501 668 663 407 406 997 1061 637 660 1028 465 486 640 886 566 847 658 751 963 165 878 777 157 738 810 509 778 750 506 779 861 106 687 832 243 122 1095 875 89 192 605 807 867 376 956 557 830 953 383 554 1091 958 284 879 799 815 700 763 573 264 184 1175 993 1189 789 954 979 412 124 413 904 436 907 732 635 1134 864 444 806 909 564 151 806 333 960 218 629 1133 340 411 862 420 801 787
129 289 839 410 873 696 799 827 535 463 682 486 263 425 406 511 359 402 363 407 551 805 840 374 464 657 291 462 901 0 813 696 590 200 591 707 479 841 201 422 540 432 506 666 529 467 302 443 258 117 827 511 739 462 294 392 904 476 677 685 508 290 370 606 539 612 495 600 824 458 777 925 419 772 569 198 494 437 820 591 878 576 184 880 264 565 279 125 594 417 324 594 367 569 713 378 182 198 236 842 672 906 601 657 720 851 569 784 205 60 706 117 772 427 166 621 342 408 544 455 717 361 418 735 848 772 871 645 93 912 262 686 896 521 354 284 452 654 763 368 279 810 286 639 577 524 529 213 796 449 818 539 114 593 717 758 527 498 793 466 755 310 549 115 427 434 416 395 393 845 720 354 241 766 460 581 124 35 669 229 169 527 158 918 91 873 531 875 780 659 401 335 574 535 573 127 179 276 256 291 806 641 614 18 528 499 359 458 90 793 112 515 857 268 852 398 725 545 577 831 424 913 226 936 728 797 248 526 821 805 735 440 110 628 197 544 254 143 519 490 282 210 771 386 102 94 441 145 639 861 838 364 158 391 917 221 210 489 816 683 500 522 458 276 410 379 328 850 740 513 408 790 95 610 58 713 291 393 737 596 195 734 604 203
728 703 277 546 478 403 729 402 622 777 155 755 941 692 1043 920 946 412 939 536 645 262 80 483 788 165 522 885 108 813 0 777 227 675 453 617 687 335 644 432 859 429 387 598 286 427 588 761 566 854 49 896 632 615 1040 685 123 523 375 651 324 830 486 272 740 202 467 448 97 865 196 134 588 121 807 766 565 639 627 410 540 506 748 487 827 264 732 715 238 670 846 773 690 571 637 728 668 710 579 661 792 139 222 373 422 169 807 483 626 812 284 769 75 999 653 510 668 746 651 377 108 564 617 452 202 375 74 705 748 684 718 177 163 843 493 1017 479 400 450 1044 673 628 862 375 297 447 635 817 174 420 606 681 891 810 110 149 868 873 573 628 286 543 515 854 716 703 773 426 567 313 126 481 854 579 1034 487 909 812 252 879 913 630 676 652 882 147 299 624 604 299 412 564 556 304 365 903 968 543 566 925 375 380 534 797 533 809 600 710 870 178 782 669 208 636 714 431 676 642 398 683 754 190 594 742 233 16 997 840 96 217 505 763 772 268 883 449 765 857 303 512 991 886 299 772 712 731 593 679 468 193 107 1074 914 1088 700 853 879 326 145 309 796 331 863 630 529 1031 759 361 704 871 504 45 719 227 871 189 533 1029 239 379 762 321 694 688
573 874 567 363 424 994 143 451 202 244 769 213 562 272 547 303 473 588 462 375 1047 969 853 745 247 647 613 316 882 696 777 0 695 764 331 173 1018 519 537 745 218 756 450 180 619 802 785 1033 556 618 823 1147 176 265 671 949 900 324 960 130 550 948 478 526 157 662 365 333 707 1094 903 908 903 841 151 500 274 276 246 914 377 282 511 424 925 581 886 585 591 959 981 107 330 1013 155 318 542 798 595 241 35 917 615 942 370 668 151 347 556 642 495 770 802 470 597 1012 360 997 1045 533 681 399 923 347 639 437 850 77 726 300 433 604 938 224 728 643 388 377 364 589 424 236 465 402 512 367 198 505 899 466 263 1059 662 128 678 851 1147 1127 271 254 508 737 959 810 269 993 1019 671 362 542 654 517 917 245 483 965 677 664 855 533 628 1020 572 330 784 918 718 304 232 886 624 430 235 548 859 664 704 567 562 517 459 397 245 681 954 1099 857 1015 664 900 585 192 959 454 212 694 123 181 392 212 276 965 575 291 893 765 657 1134 856 936 296 1032 586 519 889 354 886 596 695 906 608 901 974 319 666 701 298 692 309 657 709 639 854 630 295 519 551 659 890 468 215 515 1093 449 378 559 373 504 106 1138 816 732 665 589 720 843 548 541 544 894 502 469 108 503
514 482 372 386 527 310 690 450 507 629 98 615 739 539 853 768 760 197 755 373 472 282 250 259 640 108 300 726 311 590 227 695 0 448 370 566 495 411 433 210 721 209 248 533 84 219 365 560 352 640 237 698 590 476 832 478 315 387 275 586 150 609 296 186 617 51 336 370 265 661 224 335 383 191 684 563 438 492 617 258 575 414 543 537 604 115 511 499 113 467 627 661 523 407 584 563 457 484 359 652 701 319 92 261 409 318 684 489 412 593 286 542 182 819 434 370 494 539 476 189 151 389 414 441 334 401 281 618 522 696 527 172 315 703 267 810 329 354 453 847 484 614 671 323 188 329 517 616 231 252 600 503 673 693 152 185 674 674 563 490 323 317 346 627 563 502 568 199 403 399 171 279 629 557 856 331 691 591 159 678 700 452 460 674 656 292 78 636 583 194 190 379 460 147 201 686 750 328 351 730 420 329 456 574 357 615 385 513 652 230 568 544 297 441 697 204 620 529 307 665 598 336 377 749 201 211 787 648 234 258 484 562 557 205 656 341 542 645 77 323 787 659 279 606 488 505 446 453 407 338 280 872 687 889 709 652 675 100 240 291 656 181 659 436 367 838 581 434 649 675 290 213 495 123 648 157 321 839 275 230 559 336 595 483
230 113 760 418 839 502 840 780 574 563 530 576 450 498 593 649 530 296 531 409 357 624 687 198 568 536 191 597 751 200 675 764 448 0 569 729 293 775 229 250 655 257 449 686 407 283 106 278 217 306 680 382 762 502 494 207 750 478 485 719 412 195 328 519 618 482 474 577 706 329 606 772 220 614 664 326 514 488 831 397 859 573 303 848 178 458 121 210 485 228 225 675 444 369 740 470 231 40 176 859 748 749 485 466 686 746 664 761 208 241 633 102 623 600 171 421 409 241 351 369 592 373 220 708 751 722 723 700 106 925 359 580 733 634 183 483 431 615 733 560 349 823 444 593 494 497 573 365 627 393 824 349 313 685 593 595 385 363 793 511 683 133 349 185 509 252 259 250 411 774 603 295 191 770 636 382 324 224 495 404 365 331 204 921 228 711 377 877 790 477 278 341 588 439 387 327 378 216 210 469 754 596 618 193 328 342 159 277 289 624 262 572 685 312 881 244 761 590 536 855 521 746 191 959 552 659 448 375 665 631 722 276 252 544 208 519 125 327 371 291 477 212 586 495 127 110 473 80 621 760 720 562 242 588 933 388 388 352 652 618 602 439 328 316 409 567 438 790 782 375 215 660 133 502 250 547 237 579 653 406 322 672 660 277
465 662 300 184 282 677 322 243 173 345 439 316 594 274 657 485 559 310 550 184 774 639 526 479 356 316 381 459 560 591 453 331 370 569 0 197 764 277 389 463 414 472 141 163 301 512 550 799 357 568 497 929 224 190 709 711 577 121 642 215 235 765 241 195 291 333 97 10 394 881 572 587 643 510 357 446 135 222 272 607 291 52 440 289 747 255 681 465 261 713 794 319 298 727 215 326 408 609 395 304 342 592 285 626 131 372 357 195 392 557 186 616 472 596 437 713 294 768 774 237 352 230 669 144 350 194 527 255 576 363 375 277 610 401 468 681 141 76 172 674 335 266 496 84 183 72 187 483 568 183 260 794 614 357 350 520 920 907 226 200 218 494 668 683 296 750 794 394 204 291 327 275 754 209 627 667 634 570 529 540 609 748 433 354 681 590 405 310 232 564 344 255 103 226 550 622 682 354 363 563 228 81 86 572 669 865 610 769 603 569 505 223 628 327 340 416 250 191 62 309 333 637 388 406 564 440 676 900 527 606 153 800 499 189 748 50 694 557 383 624 648 757 645 364 517 550 184 519 52 368 400 716 740 721 373 515 548 351 560 156 356 197 879 319 180 654 376 278 278 914 546 409 520 259 637 514 332 645 237 584 445 183 240 395
