79
0 748 728 372 774 770 880 574 534 788 507 548 561 54 336 584 963 495 937 223 433 291 591 632 1086 176 913 985 901 894 386 1018 697 838 471 306 697 1103 1137 516 1116 228 945 816 200 395 907 499 609 935 730 666 778 413 757 311 788 429 362 458 588 496 150 887 229 715 673 985 837 430 678 198 590 68 1264 340 436 828 668
748 0 1083 698 620 970 1020 573 728 354 495 311 787 738 558 664 609 438 864 878 910 554 923 744 809 919 1231 743 486 945 897 752 803 329 625 637 436 881 873 260 798 919 582 854 713 359 455 287 1042 735 302 914 300 715 462 510 217 389 388 646 1010 289 600 711 598 1114 963 817 914 411 1095 571 159 810 961 900 593 652 873
728 1083 0 429 593 199 283 519 355 848 587 772 296 676 575 429 810 646 525 532 296 610 165 361 784 683 184 709 849 384 345 744 334 917 461 518 707 739 797 843 839 568 813 387 548 814 884 816 134 653 845 181 883 395 727 647 958 719 861 442 144 814 779 619 615 60 125 635 345 692 86 689 959 756 910 399 498 613 232
372 698 429 0 442 412 516 250 162 564 241 396 192 319 149 225 660 277 569 289 212 181 265 261 745 426 607 645 634 522 208 680 324 630 129 90 434 749 789 441 783 346 648 443 173 390 653 414 353 590 531 313 578 41 482 219 629 311 432 105 323 411 371 542 193 442 336 628 465 287 415 268 556 426 918 231 125 491 304
774 620 593 442 0 418 428 201 318 291 277 374 349 727 439 224 230 316 245 731 590 488 480 247 311 863 686 211 257 334 614 243 259 353 314 475 184 337 364 477 344 788 226 252 597 544 293 461 621 164 321 413 341 417 164 484 430 427 623 336 595 461 706 119 546 644 470 230 316 406 644 599 564 838 490 656 340 53 361
770 970 199 412 418 0 114 397 275 694 486 667 224 716 532 308 622 549 325 613 381 579 197 226 585 770 270 512 674 188 429 546 169 761 384 500 559 539 598 753 640 660 627 190 572 753 711 728 290 457 703 104 736 371 567 606 818 643 814 376 279 727 783 426 604 259 120 436 145 615 275 679 866 813 711 487 429 429 111
880 1020 283 516 428 114 0 459 367 718 556 728 323 825 625 377 604 618 269 728 495 674 311 296 531 884 282 473 675 117 543 504 226 781 470 601 592 472 532 821 588 775 614 176 680 835 714 797 394 424 737 218 764 474 589 698 851 720 900 466 387 796 885 404 704 343 232 384 112 692 368 778 929 925 636 601 516 424 211
574 573 519 250 201 397 459 0 172 341 101 270 226 526 240 91 410 161 390 537 428 291 370 171 512 664 658 411 388 408 442 444 234 410 120 274 200 531 563 362 544 594 398 313 397 389 411 338 505 361 328 343 369 232 239 293 440 270 462 145 475 337 513 314 347 558 395 416 364 243 546 404 471 637 690 476 139 254 299
534 728 355 162 318 275 367 172 0 513 232 416 59 481 259 96 547 291 409 434 272 307 199 99 603 580 510 506 548 361 297 542 163 582 111 238 372 598 642 491 646 489 541 281 336 480 575 465 332 448 499 192 541 123 405 332 610 374 539 100 302 464 521 402 339 389 236 477 305 345 375 412 607 588 770 342 155 360 164
788 354 848 564 291 694 718 341 513 0 324 246 565 755 478 423 259 305 523 828 763 508 708 486 456 924 964 389 144 625 770 398 525 69 445 548 142 527 521 323 451 881 233 543 665 437 129 323 846 383 69 667 54 560 128 479 143 361 512 472 816 325 673 363 571 892 722 465 606 358 883 590 355 857 617 795 439 311 617
507 495 587 241 277 486 556 101 232 324 0 184 291 465 172 179 456 62 487 508 446 217 428 262 585 619 739 486 406 509 449 516 330 388 133 230 200 614 640 267 611 563 439 414 352 287 421 242 553 441 290 420 337 241 255 207 392 168 362 158 522 241 429 396 278 619 468 503 464 142 602 324 379 574 764 472 116 330 382
548 311 772 396 374 667 728 270 416 246 184 0 476 520 270 358 471 126 615 618 608 285 611 440 644 695 923 555 378 667 602 576 504 290 313 349 207 694 706 103 655 667 447 573 449 194 373 89 732 525 183 604 229 408 262 248 247 119 272 335 700 90 427 488 343 802 652 601 628 125 784 350 201 617 819 613 283 420 565
561 787 296 192 349 224 323 226 59 565 291 476 0 507 309 141 580 351 404 438 248 355 143 106 617 590 451 523 590 334 281 560 145 634 169 277 423 603 652 551 664 492 575 264 361 536 620 524 281 464 554 134 595 150 452 383 666 432 594 156 252 523 561 420 381 331 176 483 276 404 319 456 667 611 778 332 211 386 113
54 738 676 319 727 716 825 526 481 755 465 520 507 0 292 533 921 457 885 186 382 250 537 579 1038 180 861 938 863 840 336 971 644 807 421 255 658 1054 1089 496 1070 202 904 762 146 380 871 477 559 887 700 611 747 359 717 275 763 400 358 406 537 475 157 839 187 665 619 935 783 398 629 172 579 111 1216 293 388 780 614
336 558 575 149 439 532 625 240 259 478 172 270 309 292 0 271 628 173 621 351 354 52 410 338 750 449 749 650 575 608 339 682 410 537 159 80 369 772 803 297 780 403 611 519 186 240 587 271 503 601 432 442 480 179 426 74 515 168 287 159 472 268 276 554 107 591 474 656 555 149 564 165 410 402 929 344 114 493 421
584 664 429 225 224 308 377 91 96 423 179 358 141 533 271 0 452 241 353 512 367 323 285 82 520 651 567 421 452 341 389 457 152 493 114 278 281 524 564 446 560 568 445 249 393 458 480 421 423 365 416 252 455 195 311 336 529 342 527 126 393 420 546 318 369 469 304 404 291 314 460 436 557 643 692 431 156 270 208
963 609 810 660 230 622 604 410 547 259 456 471 580 921 628 452 0 472 351 948 820 672 708 476 200 1071 880 158 123 491 842 152 479 281 530 679 272 280 264 564 191 1004 26 436 803 664 159 558 849 185 325 635 310 639 212 656 391 564 743 554 823 559 872 199 734 864 691 255 495 551 867 773 613 1030 357 881 547 198 584
495 438 646 277 316 549 618 161 291 305 62 126 351 457 173 241 472 0 539 523 487 206 485 324 617 621 800 520 406 569 485 548 392 364 187 245 202 653 675 204 638 576 452 474 359 232 415 179 606 479 260 481 308 284 262 184 352 112 309 209 574 178 401 436 269 676 528 547 525 89 657 302 317 563 796 502 159 369 445
937 864 525 569 245 325 269 390 409 523 487 615 404 885 621 353 351 539 0 841 644 673 480 309 262 990 552 206 443 152 682 235 258 575 467 631 429 215 272 718 319 895 365 148 742 771 484 700 604 165 562 384 575 532 402 681 666 652 848 479 586 700 898 163 722 585 429 114 180 627 600 787 809 994 389 735 508 212 341
223 878 532 289 731 613 728 537 434 828 508 618 438 186 351 512 948 523 841 0 239 333 419 532 1033 156 713 934 914 767 189 969 584 888 418 279 709 1032 1075 622 1072 56 935 703 168 521 929 598 404 877 783 510 832 317 762 373 865 504 519 395 388 596 339 830 281 510 502 911 709 492 472 312 720 231 1203 133 402 781 527
433 910 296 212 590 381 495 428 272 763 446 608 248 382 354 367 820 487 644 239 0 371 184 354 866 394 480 771 815 548 50 808 386 830 318 278 626 849 899 651 912 281 812 498 265 588 840 624 177 712 736 281 782 205 668 415 838 521 617 291 155 622 498 667 355 283 265 730 492 499 247 422 765 460 1025 107 330 631 308
291 554 610 181 488 579 674 291 307 508 217 285 355 250 52 323 672 206 673 333 371 0 446 389 799 415 787 699 613 660 350 731 461 564 211 94 407 822 853 294 827 381 654 571 164 216 622 269 530 651 457 485 506 216 466 44 532 171 251 209 500 266 224 605 62 622 514 708 606 159 594 113 401 358 978 346 167 542 468
591 923 165 265 480 197 311 370 199 708 428 611 143 537 410 285 708 485 480 419 184 446 0 233 721 575 341 633 728 370 232 670 236 778 298 355 566 692 746 679 771 464 706 332 399 648 760 652 141 574 698 100 739 230 594 483 809 555 696 278 114 650 625 533 455 190 83 577 315 527 175 530 796 628 868 290 333 511 138
632 744 361 261 247 226 296 171 99 486 262 440 106 579 338 82 476 324 309 532 354 389 233 0 512 680 488 417 495 270 385 454 72 555 179 331 346 501 548 528 558 587 473 184 434 538 528 504 375 358 486 180 523 222 366 408 601 424 605 181 347 503 610 313 429 407 235 380 216 396 402 500 640 687 675 434 225 281 132
1086 809 784 745 311 585 531 512 603 456 585 644 617 1038 750 520 200 617 262 1033 866 799 721 512 0 1171 812 100 324 414 897 69 485 481 622 785 436 89 64 743 57 1089 227 398 907 831 359 733 853 155 519 631 509 716 382 792 591 722 911 642 832 734 1014 202 858 844 681 149 441 704 856 909 803 1150 179 945 651 258 583
176 919 683 426 863 770 884 664 580 924 619 695 590 180 449 651 1071 621 990 156 394 415 575 680 1171 0 861 1070 1024 921 344 1105 735 980 549 392 818 1175 1216 677 1207 115 1056 855 268 561 1036 657 552 1016 872 666 920 459 875 447 941 576 536 528 538 655 326 968 354 656 658 1055 863 571 617 352 759 135 1344 287 525 915 682
913 1231 184 607 686 270 282 658 510 964 739 923 451 861 749 567 880 800 552 713 480 787 341 488 812 861 0 755 941 399 529 786 439 1031 621 697 829 750 810 1002 869 746 888 444 732 984 979 976 309 705 972 318 1005 570 838 822 1087 883 1036 605 326 974 963 681 796 205 276 666 385 855 244 871 1117 940 907 581 662 693 358
985 743 709 645 211 512 473 411 506 389 486 555 523 938 650 421 158 520 206 934 771 699 633 417 100 1070 755 0 273 356 802 36 396 425 522 685 348 140 154 656 140 990 180 322 806 739 312 644 769 59 445 547 443 617 298 693 530 627 819 542 746 645 916 104 757 767 600 99 373 608 776 809 724 1049 278 848 550 157 498
901 486 849 634 257 674 675 388 548 144 406 378 590 863 575 452 123 406 443 914 815 613 728 495 324 1024 941 273 0 569 830 273 515 157 506 636 206 402 388 463 312 969 97 500 758 572 41 460 870 284 213 669 191 620 151 590 268 484 649 532 841 462 797 280 676 899 726 363 563 476 897 706 499 970 476 863 512 250 617
894 945 384 522 334 188 117 408 361 625 509 667 334 840 608 341 491 569 152 767 548 660 370 270 414 921 399 356 569 0 592 387 199 685 448 599 510 358 418 765 470 818 502 94 694 796 610 743 478 309 652 270 675 481 498 676 764 677 867 452 464 743 880 293 699 444 304 267 57 650 463 770 868 945 526 649 494 321 240
386 897 345 208 614 429 543 442 297 770 449 602 281 336 339 389 842 485 682 189 50 350 232 385 897 344 529 802 830 592 0 838 424 837 326 260 636 885 933 637 942 232 833 538 227 566 853 610 223 743 739 327 786 211 681 394 837 508 589 299 203 608 459 697 326 329 314 765 535 487 292 389 749 411 1060 58 332 657 351
1018 752 744 680 243 546 504 444 542 398 516 576 560 971 682 457 152 548 235 969 808 731 670 454 69 1105 786 36 273 387 838 0 433 428 556 718 369 129 129 676 104 1025 176 357 840 763 311 666 805 96 457 583 451 652 316 723 536 653 843 576 783 667 945 140 789 802 636 122 406 635 812 840 740 1082 248 885 584 190 534
697 803 334 324 259 169 226 234 163 525 330 504 145 644 410 152 479 392 258 584 386 461 236 72 485 735 439 396 515 199 424 433 0 593 251 399 389 463 514 595 535 637 480 119 498 610 551 571 373 337 533 156 566 284 400 480 648 494 677 253 350 570 680 297 499 386 212 344 144 466 388 571 705 750 639 477 297 281 104
838 329 917 630 353 761 781 410 582 69 388 290 634 807 537 493 281 364 575 888 830 564 778 555 481 980 1031 425 157 685 837 428 593 0 512 610 211 558 545 351 468 940 254 605 723 472 126 356 915 427 107 735 60 627 193 532 112 409 543 539 885 358 716 413 625 961 791 509 669 409 952 639 361 907 631 860 505 366 686
471 625 461 129 314 384 470 120 111 445 133 313 169 421 159 114 530 187 467 418 318 211 298 179 622 549 621 522 506 448 326 556 251 512 0 165 309 632 669 382 658 474 518 360 284 369 527 356 420 468 419 303 465 115 355 229 525 263 431 26 389 354 433 420 255 489 345 513 396 234 470 323 498 532 797 357 46 365 274
306 637 518 90 475 500 601 274 238 548 230 349 277 255 80 278 679 245 631 279 278 94 355 331 785 392 697 685 636 599 260 718 399 610 165 0 430 798 834 376 819 333 664 515 124 310 651 350 435 632 505 402 554 130 485 137 593 248 345 152 405 348 284 584 103 528 427 679 543 229 499 179 488 366 962 264 134 527 391
697 436 707 434 184 559 592 200 372 142 200 207 423 658 369 281 272 202 429 709 626 407 566 346 436 818 829 348 206 510 636 369 389 211 309 430 0 488 498 308 449 763 251 421 552 396 220 297 704 321 145 526 177 425 60 387 259 292 475 336 674 297 600 287 470 750 581 399 483 279 741 504 383 765 613 665 310 222 478
1103 881 739 749 337 539 472 531 598 527 614 694 603 1054 772 524 280 653 215 1032 849 822 692 501 89 1175 750 140 402 358 885 129 463 558 632 798 488 0 60 796 138 1088 305 361 917 876 439 784 819 173 585 598 580 716 438 820 666 762 955 649 800 785 1042 218 878 799 644 121 394 742 814 934 865 1165 176 935 666 284 553
1137 873 797 789 364 598 532 563 642 521 640 706 652 1089 803 564 264 675 272 1075 899 853 746 548 64 1216 810 154 388 418 933 129 514 545 669 834 498 60 0 806 91 1131 291 416 954 892 422 795 874 201 583 653 573 758 445 847 655 781 972 688 855 796 1070 249 910 857 701 169 452 762 872 963 867 1200 128 982 700 310 607
516 260 843 441 477 753 821 362 491 323 267 103 551 496 297 446 564 204 718 622 651 294 679 528 743 677 1002 656 463 765 637 676 595 351 382 376 308 796 806 0 751 666 539 671 455 125 452 27 790 628 253 683 292 461 360 250 277 129 191 401 759 29 379 591 341 868 728 704 725 153 847 325 116 582 917 639 345 524 648
1116 798 839 783 344 640 588 544 646 451 611 655 664 1070 780 560 191 638 319 1072 912 827 771 558 57 1207 869 140 312 470 942 104 535 468 658 819 449 138 91 751 0 1129 218 452 942 845 343 743 905 199 517 683 502 756 392 818 580 740 925 679 884 744 1038 244 887 898 734 204 497 723 909 935 804 1181 166 989 684 292 635
228 919 568 346 788 660 775 594 489 881 563 667 492 202 403 568 1004 576 895 56 281 381 464 587 1089 115 746 990 969 818 232 1025 637 940 474 333 763 1088 1131 666 1129 0 991 756 217 561 984 643 436 934 835 558 883 373 817 420 914 551 552 451 423 641 360 886 326 541 546 966 760 541 502 349 760 218 1259 174 458 837 577
945 582 813 648 226 627 614 398 541 233 439 447 575 904 611 445 26 452 365 935 812 654 706 473 227 1056 888 180 97 502 833 176 480 254 518 664 251 305 291 539 218 991 0 444 788 641 134 534 847 201 299 636 284 629 191 637 364 543 720 543 821 535 852 209 716 866 693 274 504 530 868 754 586 1012 384 872 533 200 584
816 854 387 443 252 190 176 313 281 543 414 573 264 762 519 249 436 474 148 703 498 571 332 184 398 855 444 322 500 94 538 357 119 605 360 515 421 361 416 671 452 756 444 0 617 701 539 649 458 267 565 236 590 404 414 586 678 583 773 365 439 648 793 238 613 446 284 250 63 556 457 682 773 870 537 592 404 250 193
200 713 548 173 597 572 680 397 336 665 352 449 361 146 186 393 803 359 742 168 265 164 399 434 907 268 732 806 758 694 227 840 498 723 284 124 552 917 954 455 942 217 788 617 0 361 771 431 441 753 617 468 666 213 608 205 697 336 371 267 416 429 233 705 115 544 480 797 637 324 510 164 557 252 1082 204 257 649 469
395 359 814 390 544 753 835 389 480 437 287 194 536 380 240 458 664 232 771 521 588 216 648 538 831 561 984 739 572 796 566 763 610 472 369 310 396 876 892 125 845 561 641 701 361 0 566 116 743 703 370 671 412 419 453 173 403 119 80 380 713 113 254 662 246 831 708 774 749 145 805 212 199 460 1009 558 325 594 644
907 455 884 653 293 711 714 411 575 129 421 373 620 871 587 480 159 415 484 929 840 622 760 528 359 1036 979 312 41 610 853 311 551 126 527 651 220 439 422 452 343 984 134 539 771 566 0 452 900 325 199 703 169 642 172 596 238 484 642 554 872 454 798 322 684 933 760 403 602 479 930 710 479 976 505 884 530 289 651
499 287 816 414 461 728 797 338 465 323 242 89 524 477 271 421 558 179 700 598 624 269 652 504 733 657 976 644 460 743 610 666 571 356 356 350 297 784 795 27 743 643 534 649 431 116 452 0 763 614 255 657 296 434 351 226 290 102 189 374 731 2 365 576 317 841 701 689 702 126 819 305 143 566 908 613 318 509 622
609 1042 134 353 621 290 394 505 332 846 553 732 281 559 503 423 849 606 604 404 177 530 141 375 853 552 309 769 870 478 223 805 373 915 420 435 704 819 874 790 905 436 847 458 441 743 900 763 0 710 832 222 874 329 734 571 941 661 781 396 31 761 675 671 523 106 174 707 429 636 69 594 906 632 994 272 448 651 270
935 735 653 590 164 457 424 361 448 383 441 525 464 887 601 365 185 479 165 877 712 651 574 358 155 1016 705 59 284 309 743 96 337 427 468 632 321 173 201 628 199 934 201 267 753 703 325 614 710 0 433 489 437 560 277 648 526 589 783 487 687 615 870 47 708 710 542 82 320 568 718 763 703 998 329 790 499 110 439
730 302 845 531 321 703 737 328 499 69 290 183 554 700 432 416 325 260 562 783 736 457 698 486 519 872 972 445 213 652 739 457 533 107 419 505 145 585 583 253 517 835 299 565 617 370 199 255 832 433 0 665 48 531 159 425 114 301 444 446 801 257 611 408 518 885 720 515 628 301 874 532 287 799 683 760 407 349 618
666 914 181 313 413 104 218 343 192 667 420 604 134 611 442 252 635 481 384 510 281 485 100 180 631 666 318 547 669 270 327 583 156 735 303 402 526 598 653 683 683 558 636 236 468 671 703 657 222 489 665 0 703 272 545 516 780 566 727 290 202 656 683 451 505 230 56 485 216 538 232 581 798 708 773 385 346 437 52
778 300 883 578 341 736 764 369 541 54 337 229 595 747 480 455 310 308 575 832 782 506 739 523 509 920 1005 443 191 675 786 451 566 60 465 554 177 580 573 292 502 883 284 590 666 412 169 296 874 437 48 703 0 578 176 473 90 348 483 491 844 298 656 417 566 925 758 519 653 349 915 579 310 846 667 808 454 363 655
413 715 395 41 417 371 474 232 123 560 241 408 150 359 179 195 639 284 532 317 205 216 230 222 716 459 570 617 620 481 211 652 284 627 115 130 425 716 758 461 756 373 629 404 213 419 642 434 329 560 531 272 578 0 470 252 633 332 466 88 297 432 412 513 233 412 298 595 424 307 387 309 577 465 887 243 126 464 262
757 462 727 482 164 567 589 239 405 128 255 262 452 717 426 311 212 262 402 762 668 466 594 366 382 875 838 298 151 498 681 316 400 193 355 485 60 438 445 360 392 817 191 414 608 453 172 351 734 277 159 545 176 470 0 447 266 352 533 382 705 352 660 249 529 773 602 358 477 339 767 564 426 824 557 713 360 189 495
311 510 647 219 484 606 698 293 332 479 207 248 383 275 74 336 656 184 681 373 415 44 483 408 792 447 822 693 590 676 394 723 480 532 229 137 387 820 847 250 818 420 637 586 205 173 596 226 571 648 425 516 473 252 447 0 495 131 213 231 541 223 222 602 94 661 548 708 624 123 634 117 356 379 972 391 182 537 495
788 217 958 629 430 818 851 440 610 143 392 247 666 763 515 529 391 352 666 865 838 532 809 601 591 941 1087 530 268 764 837 536 648 112 525 593 259 666 655 277 580 914 364 678 697 403 238 290 941 526 114 780 90 633 266 495 0 364 465 550 910 292 656 507 590 998 833 609 740 373 985 591 261 855 743 854 507 453 733
429 389 719 311 427 643 720 270 374 361 168 119 432 400 168 342 564 112 652 504 521 171 555 424 722 576 883 627 484 677 508 653 494 409 263 248 292 762 781 129 740 551 543 583 336 119 484 102 661 589 301 566 348 332 352 131 364 0 196 278 630 100 313 546 226 742 608 658 632 28 719 230 244 498 900 512 222 479 535
362 388 861 432 623 814 900 462 539 512 362 272 594 358 287 527 743 309 848 519 617 251 696 605 911 536 1036 819 649 867 589 843 677 543 431 345 475 955 972 191 925 552 720 773 371 80 642 189 781 783 444 727 483 466 533 213 465 196 0 439 751 187 213 741 263 874 761 854 818 220 845 208 232 423 1089 574 385 674 704
458 646 442 105 336 376 466 145 100 472 158 335 156 406 159 126 554 209 479 395 291 209 278 181 642 528 605 542 532 452 299 576 253 539 26 152 336 649 688 401 679 451 543 365 267 380 554 374 396 487 446 290 491 88 382 231 550 278 439 0 365 372 428 439 247 468 329 530 397 250 448 318 517 517 816 331 56 386 265
588 1010 144 323 595 279 387 475 302 816 522 700 252 537 472 393 823 574 586 388 155 500 114 347 832 538 326 746 841 464 203 783 350 885 389 405 674 800 855 759 884 423 821 439 416 713 872 731 31 687 801 202 844 297 705 541 910 630 751 365 0 729 649 647 495 128 160 687 414 605 94 566 875 613 976 255 417 626 249
496 289 814 411 461 727 796 337 464 325 241 90 523 475 268 420 559 178 700 596 622 266 650 503 734 655 974 645 462 743 608 667 570 358 354 348 297 785 796 29 744 641 535 648 429 113 454 2 761 615 257 656 298 432 352 223 292 100 187 372 729 0 363 577 315 839 700 690 701 124 817 303 145 563 909 611 316 509 621
150 600 779 371 706 783 885 513 521 673 429 427 561 157 276 546 872 401 898 339 498 224 625 610 1014 326 963 916 797 880 459 945 680 716 433 284 600 1042 1070 379 1038 360 852 793 233 254 798 365 675 870 611 683 656 412 660 222 656 313 213 428 649 363 0 824 181 778 703 929 825 322 744 110 443 210 1194 427 390 760 674
887 711 619 542 119 426 404 314 402 363 396 488 420 839 554 318 199 436 163 830 667 605 533 313 202 968 681 104 280 293 697 140 297 413 420 584 287 218 249 591 244 886 209 238 705 662 322 576 671 47 408 451 417 513 249 602 507 546 741 439 647 577 824 0 661 676 505 113 296 525 682 716 670 950 377 744 451 67 400
229 598 615 193 546 604 704 347 339 571 278 343 381 187 107 369 734 269 722 281 355 62 455 429 858 354 796 757 676 699 326 789 499 625 255 103 470 878 910 341 887 326 716 613 115 246 684 317 523 708 518 505 566 233 529 94 590 226 263 247 495 315 181 661 0 621 529 762 644 218 590 75 441 296 1036 313 214 600 494
715 1114 60 442 644 259 343 558 389 892 619 802 331 665 591 469 864 676 585 510 283 622 190 407 844 656 205 767 899 444 329 802 386 961 489 528 750 799 857 868 898 541 866 446 544 831 933 841 106 710 885 230 925 412 773 661 998 742 874 468 128 839 778 676 621 0 173 695 405 716 39 693 985 739 970 379 523 666 282
673 963 125 336 470 120 232 395 236 722 468 652 176 619 474 304 691 528 429 502 265 514 83 235 681 658 276 600 726 304 314 636 212 791 345 427 581 644 701 728 734 546 693 284 480 708 760 701 174 542 720 56 758 298 602 548 833 608 761 329 160 700 703 505 529 173 0 534 255 580 176 604 844 711 819 372 386 493 108
985 817 635 628 230 436 384 416 477 465 503 601 483 935 656 404 255 547 114 911 730 708 577 380 149 1055 666 99 363 267 765 122 344 509 513 679 399 121 169 704 204 966 274 250 797 774 403 689 707 82 515 485 519 595 358 708 609 658 854 530 687 690 929 113 762 695 534 0 292 636 707 820 783 1046 295 815 548 180 438
837 914 345 465 316 145 112 364 305 606 464 628 276 783 555 291 495 525 180 709 492 606 315 216 441 863 385 373 563 57 535 406 144 669 396 543 483 394 452 725 497 760 504 63 637 749 602 702 429 320 628 216 653 424 477 624 740 632 818 397 414 701 825 296 644 405 255 292 0 604 420 715 830 888 566 592 442 312 184
430 411 692 287 406 615 692 243 345 358 142 125 404 398 149 314 551 89 627 492 499 159 527 396 704 571 855 608 476 650 487 635 466 409 234 229 279 742 762 153 723 541 530 556 324 145 479 126 636 568 301 538 349 307 339 123 373 28 220 250 605 124 322 525 218 716 580 636 604 0 693 232 270 499 883 493 194 458 507
678 1095 86 415 644 275 368 546 375 883 602 784 319 629 564 460 867 657 600 472 247 594 175 402 856 617 244 776 897 463 292 812 388 952 470 499 741 814 872 847 909 502 868 457 510 805 930 819 69 718 874 232 915 387 767 634 985 719 845 448 94 817 744 682 590 39 176 707 420 693 0 661 963 700 987 340 502 669 283
198 571 689 268 599 679 778 404 412 590 324 350 456 172 165 436 773 302 787 312 422 113 530 500 909 352 871 809 706 770 389 840 571 639 323 179 504 934 963 325 935 349 754 682 164 212 710 305 594 763 532 581 579 309 564 117 591 230 208 318 566 303 110 716 75 693 604 820 715 232 661 0 412 267 1088 368 279 653 569
590 159 959 556 564 866 929 471 607 355 379 201 667 579 410 557 613 317 809 720 765 401 796 640 803 759 1117 724 499 868 749 740 705 361 498 488 383 865 867 116 804 760 586 773 557 199 479 143 906 703 287 798 310 577 426 356 261 244 232 517 875 145 443 670 441 985 844 783 830 270 963 412 0 653 970 748 462 605 762
68 810 756 426 838 813 925 637 588 857 574 617 611 111 402 643 1030 563 994 231 460 358 628 687 1150 135 940 1049 970 945 411 1082 750 907 532 366 765 1165 1200 582 1181 218 1012 870 252 460 976 566 632 998 799 708 846 465 824 379 855 498 423 517 613 563 210 950 296 739 711 1046 888 499 700 267 653 0 1327 360 499 892 715
1264 961 910 918 490 711 636 690 770 617 764 819 778 1216 929 692 357 796 389 1203 1025 978 868 675 179 1344 907 278 476 526 1060 248 639 631 797 962 613 176 128 917 166 1259 384 537 1082 1009 505 908 994 329 683 773 667 887 557 972 743 900 1089 816 976 909 1194 377 1036 970 819 295 566 883 987 1088 970 1327 0 1110 828 436 729
340 900 399 231 656 487 601 476 342 795 472 613 332 293 344 431 881 502 735 133 107 346 290 434 945 287 581 848 863 649 58 885 477 860 357 264 665 935 982 639 989 174 872 592 204 558 884 613 272 790 760 385 808 243 713 391 854 512 574 331 255 611 427 744 313 379 372 815 592 493 340 368 748 360 1110 0 356 701 408
436 593 498 125 340 429 516 139 155 439 116 283 211 388 114 156 547 159 508 402 330 167 333 225 651 525 662 550 512 494 332 584 297 505 46 134 310 666 700 345 684 458 533 404 257 325 530 318 448 499 407 346 454 126 360 182 507 222 385 56 417 316 390 451 214 523 386 548 442 194 502 279 462 499 828 356 0 393 319
828 652 613 491 53 429 424 254 360 311 330 420 386 780 493 270 198 369 212 781 631 542 511 281 258 915 693 157 250 321 657 190 281 366 365 527 222 284 310 524 292 837 200 250 649 594 289 509 651 110 349 437 363 464 189 537 453 479 674 386 626 509 760 67 600 666 493 180 312 458 669 653 605 892 436 701 393 0 385
668 873 232 304 361 111 211 299 164 617 382 565 113 614 421 208 584 445 341 527 308 468 138 132 583 682 358 498 617 240 351 534 104 686 274 391 478 553 607 648 635 577 584 193 469 644 651 622 270 439 618 52 655 262 495 495 733 535 704 265 249 621 674 400 494 282 108 438 184 507 283 569 762 715 729 408 319 385 0
