28
0 453 765 301 799 987 494 86 605 436 453 414 497 186 305 834 615 752 681 940 776 784 462 532 179 282 774 359
453 0 830 154 706 930 119 509 175 139 561 400 371 305 400 694 173 933 763 996 902 668 725 549 274 172 798 470
765 830 0 760 274 287 947 705 814 691 315 437 464 666 494 354 846 223 84 177 120 313 386 282 749 757 72 420
301 154 760 0 686 905 225 355 306 161 463 324 338 155 285 692 314 832 685 934 816 656 597 479 122 19 740 361
799 706 274 686 0 224 824 765 637 568 379 390 348 648 494 80 669 493 286 359 394 47 561 273 720 691 201 446
987 930 287 905 224 0 1048 941 859 792 540 595 568 852 688 257 891 491 353 240 383 265 666 455 929 908 236 628
494 119 947 225 824 1048 0 563 246 259 671 514 490 380 502 810 229 1043 878 1114 1016 785 821 665 327 240 916 575
86 509 705 355 765 941 563 0 648 470 402 394 489 214 280 807 662 676 621 877 707 755 382 493 237 336 721 319
605 175 814 306 637 859 246 648 0 184 596 428 355 434 473 607 32 955 760 966 905 594 793 550 427 326 769 526
436 139 691 161 568 792 259 470 184 0 435 269 231 256 293 561 205 804 626 857 767 532 618 412 266 177 658 353
453 561 315 463 379 540 671 402 596 435 0 168 256 353 182 437 625 371 233 493 353 381 223 113 436 458 320 106
414 400 437 324 390 595 514 394 428 269 168 0 109 258 114 419 456 535 364 610 502 371 373 155 333 323 416 113
497 371 464 338 348 568 490 489 355 231 256 109 0 321 215 357 386 600 405 626 549 318 474 194 383 343 427 222
186 305 666 155 648 852 380 214 434 256 353 258 321 0 172 672 449 706 585 843 704 627 452 401 83 140 660 247
305 400 494 285 494 688 502 280 473 293 182 114 215 172 0 529 497 546 413 671 536 479 326 233 255 278 488 77
834 694 354 692 80 257 810 807 607 561 437 419 357 672 529 0 638 574 366 428 475 56 630 325 740 699 282 491
615 173 846 314 669 891 229 662 32 205 625 456 386 449 497 638 0 985 791 998 936 626 819 580 436 334 801 552
752 933 223 832 493 491 1043 676 955 804 371 535 600 706 546 574 985 0 217 287 108 528 297 406 788 824 295 470
681 763 84 685 286 353 878 621 760 626 233 364 405 585 413 366 791 217 0 260 145 316 312 214 668 681 118 338
940 996 177 934 359 240 1114 877 966 857 493 610 626 843 671 428 998 287 260 0 193 406 536 454 926 932 198 597
776 902 120 816 394 383 1016 707 905 767 353 502 549 704 536 475 936 108 145 193 0 433 348 356 788 811 193 459
784 668 313 656 47 265 785 755 594 532 381 371 318 627 479 56 626 528 316 406 433 0 574 270 696 661 242 438
462 725 386 597 561 666 821 382 793 618 223 373 474 452 326 630 819 297 312 536 348 574 0 328 527 586 430 267
532 549 282 479 273 455 665 493 550 412 113 155 194 401 233 325 580 406 214 454 356 270 328 0 481 478 261 174
179 274 749 122 720 929 327 237 427 266 436 333 383 83 255 740 436 788 668 926 788 696 527 481 0 102 741 330
282 172 757 19 691 908 240 336 326 177 458 323 343 140 278 699 334 824 681 932 811 661 586 478 102 0 739 354
774 798 72 740 201 236 916 721 769 658 320 416 427 660 488 282 801 295 118 198 193 242 430 261 741 739 0 419
359 470 420 361 446 628 575 319 526 353 106 113 222 247 77 491 552 470 338 597 459 438 267 174 330 354 419 0
