201
0 463 891 379 750 550 534 317 791 321 359 626 361 586 938 446 796 662 562 748 415 950 772 374 247 645 389 704 556 522 660 467 807 403 196 518 519 743 606 329 471 449 671 954 447 585 900 443 470 449 683 249 794 769 393 226 292 565 534 332 626 56 222 630 329 526 694 163 499 555 506 806 570 682 875 416 685 357 393 74 751 518 712 585 828 143 447 611 456 1042 167 422 666 221 414 359 390 210 650 322 454 166 409 866 469 178 853 432 331 679 291 288 441 1045 554 737 1051 788 940 1008 254 726 168 381 771 116 901 501 162 236 251 406 166 609 835 281 536 588 767 284 389 768 680 514 852 624 703 737 322 507 396 312 612 595 455 301 544 298 967 100 632 933 583 397 734 934 859 660 815 348 660 810 932 211 379 750 423 111 101 1033 736 334 464 1021 813 952 918 707 636 916 873 367 675 480 975 85 619 492 499 619 452
463 0 873 117 950 452 958 648 799 737 341 323 201 954 953 800 653 474 619 417 61 933 495 800 545 946 101 409 876 133 996 858 830 429 512 600 855 596 488 247 372 627 811 1085 852 487 665 851 893 755 776 686 998 657 567 252 676 1001 803 566 380 493 246 606 730 276 737 457 685 616 945 570 393 743 773 814 426 108 546 489 942 531 592 830 911 412 110 937 626 1145 378 751 545 676 154 104 537 252 308 140 251 421 171 932 131 613 536 841 135 919 744 486 58 1143 544 458 1118 715 992 1066 686 807 309 240 617 523 978 314 417 229 518 109 305 842 554 662 284 924 918 254 779 822 890 375 579 479 821 484 140 889 164 198 555 240 275 560 940 209 1079 377 957 868 728 249 853 986 755 494 995 121 451 683 1018 603 385 922 44 359 372 1147 889 316 642 1100 791 1016 624 959 937 1032 537 247 387 330 991 431 1003 869 157 639 892
891 873 0 783 417 422 914 671 101 819 588 605 1003 761 91 698 274 425 328 611 827 60 512 860 670 614 795 561 639 764 703 788 98 508 710 374 668 311 386 682 509 467 313 336 818 386 419 826 882 610 249 859 434 241 508 791 750 976 543 580 526 946 889 277 784 603 203 728 444 336 958 430 484 222 167 794 514 878 502 966 397 383 295 496 190 995 763 663 458 335 993 652 334 913 725 846 503 864 652 865 623 726 710 162 743 842 577 826 880 489 930 603 816 328 353 525 274 167 163 222 845 213 800 655 305 808 195 559 731 826 652 948 814 474 508 748 597 681 319 712 770 158 430 498 491 399 270 483 854 773 993 956 321 689 600 613 826 953 303 914 669 93 360 640 263 158 176 397 385 889 454 240 228 770 547 358 884 900 828 352 323 623 458 271 83 194 537 519 610 286 619 1047 561 544 123 807 820 756 724 273 937
379 117 783 0 835 362 851 534 703 631 227 293 229 839 859 685 584 409 511 407 55 844 464 695 431 828 15 381 759 144 879 746 733 317 402 489 739 526 404 130 274 510 699 977 742 399 624 742 786 638 668 585 883 580 449 155 566 896 686 449 329 418 189 510 621 215 635 348 569 508 841 527 318 638 698 704 384 98 429 420 828 425 515 713 806 361 69 820 509 1040 334 636 466 582 64 65 420 183 298 100 165 311 75 830 96 513 523 732 109 803 648 369 69 1040 442 426 1018 632 893 967 583 701 214 131 550 422 875 233 308 145 403 164 213 725 527 553 225 807 806 138 668 720 775 288 550 402 711 443 90 776 211 195 462 233 186 443 828 199 973 308 840 787 615 144 743 886 680 424 881 111 392 612 914 496 271 808 107 288 281 1041 777 200 526 998 700 915 605 842 819 925 534 277 354 240 897 333 889 755 131 537 789
750 950 417 835 0 562 553 442 355 539 609 801 1002 379 382 379 598 655 355 864 890 438 792 554 504 218 851 802 277 888 300 448 331 521 556 358 319 597 569 706 604 330 158 229 485 549 771 494 540 320 229 607 47 547 395 763 499 610 228 429 729 793 852 432 506 745 307 602 271 355 608 740 652 283 550 475 751 906 411 817 19 442 558 169 229 886 850 276 329 329 900 361 562 671 799 880 419 825 853 879 723 622 783 268 844 626 882 498 895 95 658 499 894 337 449 786 376 487 324 357 592 234 741 711 610 637 266 685 627 804 508 983 755 143 818 505 745 301 97 712 466 276 70 626 811 600 178 751 870 418 1012 946 486 859 698 454 458 937 259 815 274 510 224 704 165 322 549 624 71 910 681 575 269 558 565 59 941 810 733 310 99 636 314 340 406 313 875 108 217 216 924 1035 787 654 399 684 430 408 842 372 603
550 452 422 362 562 0 804 471 347 623 195 239 585 717 500 584 248 131 206 316 404 482 276 684 406 639 373 253 603 352 715 673 379 157 422 215 603 193 55 271 91 312 405 650 687 38 359 692 749 502 350 624 606 229 289 392 543 863 500 348 170 605 486 156 596 194 295 408 349 207 821 273 90 306 345 651 207 458 265 620 548 125 167 498 469 620 342 656 304 700 609 526 118 657 302 425 258 464 291 447 202 389 288 485 324 576 371 685 461 564 701 312 395 697 112 254 667 271 541 615 614 372 417 237 221 507 532 140 392 422 375 526 429 497 326 534 191 656 504 309 616 377 518 77 334 78 401 232 436 683 573 541 102 301 177 370 744 540 638 541 673 427 345 220 429 534 327 117 588 469 146 267 572 517 170 518 462 524 463 705 480 226 319 650 339 566 407 607 630 595 407 631 232 122 538 466 778 661 309 200 780
534 958 914 851 553 804 0 339 823 221 698 996 893 178 909 227 980 935 663 1104 901 954 1080 161 431 338 865 1044 280 972 276 133 816 663 450 624 247 949 846 744 776 506 601 777 117 819 1140 113 65 317 667 285 572 934 515 706 286 62 371 459 956 539 745 772 230 901 730 502 495 656 63 1070 875 704 993 154 1005 865 538 558 567 695 907 420 756 663 904 279 515 878 695 283 881 323 856 857 545 726 1038 830 841 539 844 800 916 357 1175 122 842 458 259 518 920 886 729 1056 929 907 867 909 280 701 651 783 973 441 810 849 542 735 463 927 659 445 1130 299 908 251 632 716 191 756 505 822 1136 878 645 1036 826 141 926 842 796 1006 826 444 95 828 811 634 285 995 563 790 659 864 984 915 621 860 950 975 819 355 680 595 927 643 597 856 613 699 504 893 869 861 1208 450 337 769 1209 901 1018 816 935 533 150 158 935 721 97
317 648 671 534 442 471 339 0 571 156 360 657 628 305 695 151 671 603 365 765 587 723 745 213 103 330 549 706 245 643 358 217 576 325 143 319 214 632 517 416 438 206 394 658 222 491 820 225 280 132 430 188 484 630 189 406 80 395 218 123 617 355 471 468 126 562 469 201 229 357 350 742 538 448 709 184 668 568 209 379 445 373 592 273 561 459 579 304 216 753 479 110 559 245 529 552 215 447 699 534 503 234 515 603 588 186 840 217 549 364 259 179 602 758 410 719 776 618 678 739 174 473 362 450 659 201 631 510 239 442 131 638 373 298 798 77 569 284 475 395 147 524 372 483 806 548 433 702 528 242 651 572 479 669 488 104 298 560 677 397 324 736 318 456 460 673 697 586 510 566 615 672 655 116 340 451 622 397 328 740 445 364 213 743 607 684 878 390 321 627 872 650 680 477 729 267 355 221 603 428 309
791 799 101 703 355 347 823 571 0 720 499 553 918 676 156 603 260 377 229 578 749 158 487 762 568 536 716 522 552 698 625 694 35 416 610 274 578 279 320 595 429 366 228 334 724 314 427 732 788 514 156 759 381 215 407 700 650 885 452 479 474 846 798 193 685 537 102 628 345 236 864 416 420 123 194 698 473 796 401 866 336 290 251 409 155 898 689 581 357 362 897 556 279 812 648 764 403 772 603 781 548 628 632 152 672 741 564 730 796 415 830 503 741 358 264 492 321 142 195 268 745 128 706 573 282 707 197 487 633 736 551 867 719 389 496 648 532 597 261 623 673 79 355 424 483 340 188 452 769 682 911 869 245 632 524 512 737 866 311 818 588 172 263 559 191 189 194 346 339 805 407 231 237 669 456 296 807 804 731 372 256 533 358 307 51 222 539 449 531 278 607 961 517 469 194 708 736 664 655 177 841
321 737 819 631 539 623 221 156 720 0 492 794 676 273 835 164 828 755 521 907 680 868 894 65 223 371 645 850 281 755 360 148 721 471 233 476 238 789 671 528 581 360 526 766 126 645 975 122 156 223 573 82 574 786 346 485 80 265 312 277 761 336 525 624 34 695 618 283 374 513 212 896 684 596 864 97 815 644 365 358 547 530 749 372 693 458 686 323 371 865 487 179 715 143 639 635 370 505 833 608 631 319 627 737 699 142 987 111 621 449 119 317 699 871 567 867 898 774 810 866 71 614 430 570 815 220 759 648 322 513 256 706 437 400 949 89 703 295 591 498 80 667 474 628 958 701 568 852 604 192 707 623 635 796 620 252 223 610 791 419 341 888 460 579 591 806 853 739 610 639 765 829 779 134 480 562 705 427 377 848 565 489 365 863 758 813 1030 462 365 743 1019 687 822 616 867 312 298 181 719 584 163
359 341 588 227 609 195 698 360 499 492 0 302 421 651 655 501 443 303 290 418 281 649 421 557 268 617 242 364 557 295 677 577 525 90 264 263 543 388 250 100 111 288 472 752 582 232 541 584 636 439 445 473 657 423 231 203 415 751 473 250 278 414 301 311 472 203 419 234 345 285 702 447 213 419 535 543 336 306 209 427 601 210 361 493 587 425 245 617 286 820 415 446 313 493 192 277 199 276 341 286 143 207 176 614 244 413 509 576 301 580 547 180 285 820 235 389 804 455 680 754 466 480 222 103 416 333 657 157 209 238 236 382 234 503 482 403 211 608 580 124 507 504 549 156 497 266 486 384 275 599 419 370 275 309 128 257 657 366 750 346 636 609 388 102 518 674 518 301 654 313 303 462 695 367 45 581 333 329 268 820 550 34 302 781 505 701 566 620 608 702 535 463 335 129 693 278 707 577 251 324 655
626 323 605 293 801 239 996 657 553 794 302 0 510 933 694 789 351 179 446 121 303 660 173 858 570 870 294 88 826 190 942 871 588 337 566 452 820 300 239 297 223 535 644 876 879 255 342 882 936 716 586 774 845 368 497 411 716 1051 728 539 79 676 476 382 773 101 524 531 580 447 1003 248 148 539 477 841 105 384 473 683 788 362 310 732 693 644 233 882 529 916 621 732 274 791 232 354 464 464 52 393 172 500 230 702 204 712 232 874 400 802 847 478 280 912 351 136 872 438 748 819 767 604 461 245 315 627 749 146 500 421 537 426 467 733 235 705 92 879 741 342 805 599 757 184 259 214 637 161 383 889 481 485 324 89 177 552 948 491 860 579 900 579 584 230 665 742 459 209 826 399 151 385 790 669 316 757 353 559 525 924 718 310 546 861 530 776 311 845 861 821 247 559 64 179 728 557 992 867 170 435 957
361 201 1003 229 1002 585 893 628 918 676 421 510 0 926 1074 776 813 638 710 614 206 1064 684 732 529 953 222 599 872 328 986 814 945 510 484 680 842 755 631 322 494 671 882 1168 800 623 849 797 829 753 863 609 1050 808 606 238 632 926 820 581 556 370 156 726 678 442 841 427 730 705 867 752 547 840 925 766 607 130 592 358 997 631 742 859 1007 259 278 932 673 1240 222 738 693 581 293 163 584 182 503 137 393 396 304 1035 306 536 733 786 123 953 651 505 230 1240 653 646 1225 856 1102 1175 613 900 268 348 779 456 1078 462 391 198 512 92 256 876 745 618 452 912 988 299 734 925 936 514 769 631 900 667 149 852 45 56 682 435 413 564 895 67 1169 261 952 1012 793 364 934 1095 908 653 1056 117 621 840 1116 550 465 984 161 250 303 1238 958 387 687 1202 919 1122 819 988 944 1119 736 48 574 466 1112 368 966 834 340 745 813
586 954 761 839 379 717 178 305 676 273 651 933 926 0 747 154 860 843 547 1030 893 796 991 246 409 162 854 968 124 943 101 125 664 596 446 515 113 837 751 718 709 405 448 601 157 725 1028 165 185 216 519 355 396 812 435 711 295 231 231 401 881 607 770 656 257 846 589 504 377 541 238 967 798 563 856 176 924 873 459 630 395 597 794 266 592 727 882 103 413 701 754 205 775 412 830 858 468 747 979 839 794 538 816 635 889 412 1087 174 853 286 367 475 907 709 626 971 755 774 699 737 344 549 664 748 859 474 641 788 542 745 435 943 674 287 1035 308 851 80 464 700 197 604 337 750 1037 784 490 946 833 81 952 871 689 958 776 398 84 858 635 680 107 847 427 751 499 697 850 820 445 871 862 850 648 377 623 426 928 684 623 678 448 661 399 718 724 691 1108 274 162 595 1124 943 944 754 770 558 63 93 901 599 249
938 953 91 859 382 500 909 695 156 835 655 694 1074 747 0 702 366 514 379 702 904 65 604 871 706 592 871 652 630 847 679 788 132 571 751 421 663 402 469 752 585 499 312 259 821 466 507 830 883 618 264 883 389 332 547 855 772 970 542 616 614 991 954 349 800 687 244 774 466 386 957 522 568 256 256 800 604 952 545 1012 363 445 384 489 155 1049 842 646 490 246 1050 662 420 940 802 920 548 928 741 937 702 776 787 113 824 874 669 830 952 464 950 649 895 238 420 616 182 257 79 131 869 222 860 729 396 848 126 640 782 892 692 1023 873 464 600 772 681 667 286 779 780 172 409 577 582 485 268 574 925 769 1067 1025 398 776 678 649 818 1022 222 969 648 166 377 715 250 75 267 484 337 962 543 331 150 801 612 326 962 956 882 265 299 689 488 180 164 109 626 489 589 214 710 1117 651 623 38 855 803 753 806 331 941
446 800 698 685 379 584 227 151 603 164 501 789 776 154 702 0 753 714 436 892 739 741 860 175 255 209 700 831 118 791 213 93 599 452 293 397 76 723 624 565 566 280 390 609 120 597 914 128 185 90 448 241 412 707 296 557 154 288 161 252 742 474 619 545 135 699 507 351 268 429 261 846 660 482 768 98 789 720 320 497 389 471 681 219 553 589 729 166 289 708 613 58 655 304 677 704 328 596 834 686 645 385 663 597 736 281 956 128 700 287 281 323 753 715 504 838 747 681 668 719 227 486 512 596 747 331 614 644 389 592 281 790 522 247 908 165 705 141 441 546 87 541 318 609 913 656 434 816 679 99 800 720 570 810 628 246 159 708 635 535 186 775 340 600 452 665 759 693 451 718 730 748 630 234 476 408 774 538 473 690 416 509 278 711 647 667 985 298 202 589 992 795 806 610 731 410 206 77 750 494 239
796 653 274 584 598 248 980 671 260 828 443 351 813 860 366 753 0 179 317 338 616 320 237 883 628 745 592 293 737 529 831 846 295 395 653 357 751 58 193 514 336 476 448 592 868 211 174 875 933 663 371 844 630 50 482 638 750 1042 630 553 277 852 729 207 797 377 292 648 487 324 1009 157 265 318 126 836 250 683 464 867 580 300 83 604 416 868 546 779 465 607 856 697 130 884 520 650 460 708 392 678 419 633 508 409 522 804 305 870 691 638 920 539 600 601 262 252 549 118 434 497 832 364 665 473 35 744 452 350 636 665 600 743 676 592 236 743 368 788 511 554 804 332 581 304 223 184 419 211 667 846 794 774 194 440 400 582 906 775 566 789 791 230 436 455 434 428 109 160 594 696 203 35 490 739 416 541 673 772 711 622 499 474 476 545 218 464 279 677 738 537 348 861 298 350 396 711 923 826 496 261 975
662 474 425 409 655 131 935 603 377 755 303 179 638 843 514 714 179 0 311 209 439 480 147 816 536 756 416 149 726 350 835 803 412 285 549 332 730 123 92 354 191 438 496 706 819 118 237 823 880 630 429 754 695 189 420 480 674 994 622 480 101 716 566 222 728 198 360 531 470 314 953 145 95 378 302 782 98 508 397 729 639 246 130 613 522 715 368 778 429 739 700 655 99 784 344 475 389 547 227 506 246 508 334 528 343 703 243 817 517 670 830 441 422 735 220 133 693 258 571 640 744 441 515 307 143 630 574 179 510 503 505 565 525 608 195 665 189 780 584 398 747 429 619 147 203 58 482 103 495 813 617 602 169 265 231 502 873 604 687 641 793 401 451 289 506 564 284 31 670 521 29 210 615 646 290 605 495 622 569 750 564 328 444 683 351 599 275 713 747 650 281 686 140 187 548 581 905 791 316 282 912
562 619 328 511 355 206 663 365 229 521 290 446 710 547 379 436 317 311 0 516 563 387 456 572 345 446 525 453 425 540 528 529 247 200 383 47 435 290 220 390 254 161 200 465 552 197 481 558 616 346 157 548 400 271 184 482 445 724 318 258 375 617 580 109 488 391 134 399 170 7 693 422 297 129 343 520 403 596 175 637 342 89 247 303 296 670 513 472 151 530 671 380 230 596 465 566 175 553 498 576 377 398 448 325 502 522 550 554 591 360 622 275 561 530 94 444 516 253 394 467 535 190 482 380 312 481 368 332 403 520 325 671 496 297 493 441 391 477 303 411 489 216 312 272 493 253 202 412 565 529 709 658 145 504 352 291 589 653 461 590 486 378 140 370 234 387 331 283 385 604 335 312 405 451 245 314 618 577 503 530 277 322 159 492 253 412 563 403 438 413 590 751 435 303 417 478 610 508 495 63 661
748 417 611 407 864 316 1104 765 578 907 418 121 614 1030 702 892 338 209 516 0 410 659 105 971 683 955 406 63 918 285 1031 977 613 441 682 531 917 301 296 419 327 627 705 910 987 318 269 990 1045 814 639 891 905 370 596 532 828 1160 817 645 149 797 594 432 884 222 569 649 666 518 1114 195 232 588 461 949 113 492 572 804 849 441 326 814 727 763 342 973 619 938 739 834 307 910 350 464 563 583 111 505 294 619 349 730 313 830 119 983 511 876 965 589 384 932 422 86 885 445 766 832 884 650 583 366 306 747 776 260 620 541 650 526 588 812 146 818 212 972 794 463 913 635 827 282 173 264 692 127 496 991 581 595 378 178 296 660 1051 602 889 700 989 566 656 351 716 759 446 241 880 507 182 374 815 785 426 815 453 679 647 950 774 429 635 878 545 795 207 919 947 854 127 662 86 290 734 678 1091 969 278 491 1069
415 61 827 55 890 404 901 587 749 680 281 303 206 893 904 739 616 439 563 410 0 886 477 744 484 884 40 392 815 128 934 798 779 370 453 542 794 559 443 186 320 566 752 1028 793 440 643 793 836 693 720 631 938 616 505 197 617 945 742 504 351 450 208 556 672 240 684 398 624 559 889 546 352 688 734 756 402 83 485 449 882 476 551 769 856 380 72 876 565 1091 349 690 503 625 101 61 476 209 299 104 203 362 117 879 100 559 528 783 105 858 692 425 27 1089 490 439 1066 671 941 1014 631 752 256 183 582 468 925 270 359 179 457 126 253 781 539 604 250 862 860 193 720 769 830 328 563 438 763 461 99 829 179 185 506 231 226 498 881 193 1023 336 896 826 669 193 796 934 716 457 936 98 419 646 964 545 325 863 57 317 321 1092 831 255 581 1047 744 964 613 898 875 977 534 255 367 282 942 377 943 808 133 586 836
950 933 60 844 438 482 954 723 158 868 649 660 1064 796 65 741 320 480 387 659 886 0 558 907 726 644 855 612 676 822 732 830 147 569 767 432 707 362 444 743 570 521 353 324 862 445 451 870 925 655 295 911 449 292 564 852 801 1015 584 636 581 1004 950 338 833 661 258 787 494 394 1000 473 542 275 202 839 566 939 559 1024 419 443 350 534 209 1055 822 696 512 306 1053 698 391 966 785 906 561 925 705 926 683 785 770 171 802 897 617 870 940 517 981 662 876 297 414 573 235 222 145 187 897 255 861 716 353 865 191 618 790 887 709 1008 874 510 549 800 655 716 342 773 817 201 461 558 530 457 309 531 914 813 1054 1016 382 745 659 669 864 1014 287 974 700 104 408 701 296 141 215 452 398 949 508 285 216 824 608 381 944 961 888 326 351 683 511 239 144 173 570 544 641 279 659 1108 613 604 80 866 854 797 782 333 981
772 495 512 464 792 276 1080 745 487 894 421 173 684 991 604 860 237 147 456 105 477 558 0 956 673 902 466 86 874 362 983 949 522 422 680 479 877 207 240 447 316 585 634 821 963 266 171 968 1024 778 564 888 831 274 565 569 814 1138 769 622 146 824 642 361 869 255 490 655 617 460 1096 90 211 511 358 927 86 557 542 834 776 393 239 759 640 805 406 925 577 842 785 802 231 913 401 526 534 628 191 564 323 629 396 639 377 833 95 961 572 814 963 578 454 837 367 38 786 350 670 734 879 570 614 395 207 755 683 270 630 584 641 600 621 754 63 805 244 927 716 492 891 550 761 268 85 206 616 44 554 959 654 658 312 256 318 642 1020 663 797 736 940 463 595 378 638 664 343 173 802 571 130 273 723 780 418 740 527 716 674 856 699 440 592 781 451 700 146 856 894 765 134 732 110 293 634 696 1053 937 343 422 1054
374 800 860 695 554 684 161 213 762 65 557 858 732 246 871 175 883 816 572 971 744 907 956 0 288 368 709 914 283 820 342 123 762 534 298 528 239 846 731 593 645 411 559 784 89 704 1034 81 96 252 612 125 586 841 403 548 142 201 335 336 825 382 584 678 87 760 662 347 418 565 147 956 747 639 914 80 878 705 423 402 565 587 805 394 725 506 750 315 421 884 537 209 773 171 704 698 429 565 898 670 697 384 692 769 764 196 1050 71 682 461 121 381 763 890 623 929 922 825 841 893 119 651 492 635 872 280 788 712 386 575 321 766 499 422 1010 153 768 285 616 563 91 705 493 691 1019 761 602 914 666 166 765 681 692 861 684 314 181 667 811 473 330 932 500 644 623 837 903 800 626 700 827 883 805 199 544 584 767 482 436 865 591 554 414 887 803 841 1091 468 363 765 1082 741 886 680 901 372 259 163 785 634 98
247 545 670 431 504 406 431 103 568 223 268 570 529 409 706 255 628 536 345 683 484 726 673 288 0 423 446 626 342 543 458 316 580 251 51 298 315 583 457 315 358 208 426 707 317 432 764 318 368 223 445 217 549 591 161 303 146 483 296 90 538 294 373 435 203 472 467 103 253 337 433 680 462 451 682 278 592 465 171 317 504 329 546 343 587 382 478 402 216 796 397 210 507 256 428 449 172 347 610 432 410 133 415 626 488 177 765 309 446 438 294 95 500 799 367 644 809 592 701 767 207 488 262 352 611 142 659 424 138 340 32 536 273 365 729 135 480 385 520 292 241 534 434 405 740 485 460 631 425 345 550 473 434 575 397 57 398 462 720 313 423 724 339 359 490 696 669 524 569 464 545 634 688 111 257 503 519 309 235 786 489 268 221 778 597 711 811 469 414 670 796 554 599 392 742 180 458 324 504 407 386
645 946 614 828 218 639 338 330 536 371 617 870 953 162 592 209 745 756 446 955 884 644 902 368 423 0 844 892 90 912 89 249 519 545 471 424 133 729 664 700 651 337 307 439 287 639 917 297 334 200 384 450 234 694 386 722 359 393 144 380 809 678 796 549 344 794 459 527 290 442 396 867 726 432 724 288 844 880 409 701 234 514 687 143 437 788 860 59 342 539 809 222 676 513 808 859 419 771 920 848 753 556 792 479 862 489 997 302 863 127 484 460 894 547 535 888 593 648 540 575 436 407 684 720 748 528 482 734 561 760 440 954 696 152 939 368 797 88 306 692 291 460 183 686 938 697 347 858 840 213 972 896 591 909 732 391 243 885 473 728 56 703 310 719 350 538 720 729 283 880 778 729 487 435 581 267 927 728 657 517 293 635 325 556 586 531 1007 112 9 433 1036 977 872 700 613 597 212 208 868 489 399
389 101 795 15 851 373 865 549 716 645 242 294 222 854 871 700 592 416 525 406 40 855 466 709 446 844 0 383 775 136 894 761 745 331 416 504 754 534 414 145 286 525 714 991 756 410 628 756 800 653 682 598 898 589 465 166 580 910 702 464 334 427 194 522 635 220 648 362 584 522 855 531 326 651 707 719 387 92 445 428 843 439 524 728 820 367 65 836 525 1054 338 651 476 594 72 60 436 190 296 99 174 326 84 843 93 526 523 746 106 818 660 385 54 1053 455 428 1031 642 906 980 597 715 226 145 558 435 888 242 323 154 418 153 224 741 529 567 230 823 821 154 683 733 790 298 552 411 725 446 90 791 202 191 473 230 196 459 843 197 986 316 856 797 630 157 758 899 689 432 896 106 398 620 927 510 286 823 92 296 292 1055 792 215 541 1011 712 928 606 857 835 939 532 270 356 251 909 346 904 770 128 550 802
704 409 561 381 802 253 1044 706 522 850 364 88 599 968 652 831 293 149 453 63 392 612 86 914 626 892 383 0 856 276 968 916 558 381 628 467 855 250 233 376 268 564 643 853 927 255 257 931 986 752 578 837 843 320 535 494 771 1101 754 585 88 755 563 371 827 179 509 598 603 455 1056 168 170 527 419 890 51 472 510 763 787 378 271 750 670 729 321 910 556 884 707 772 247 858 320 443 502 550 107 481 250 569 316 674 292 778 148 924 489 813 911 532 369 879 359 49 834 394 713 781 829 590 542 323 259 696 720 207 570 507 593 514 548 748 146 760 168 909 733 421 854 577 764 222 170 201 630 85 472 930 569 574 315 170 249 602 990 580 833 662 926 523 593 307 655 707 402 180 819 487 120 329 760 730 369 753 441 642 604 895 713 378 572 825 493 742 223 856 884 797 171 647 29 235 685 631 1029 908 258 429 1012
556 876 639 759 277 603 280 245 552 281 557 826 872 124 630 118 737 726 425 918 815 676 874 283 342 90 775 856 0 852 120 171 541 493 388 395 44 715 634 633 603 291 325 506 208 608 905 217 262 121 396 360 304 688 330 645 268 340 107 311 770 588 715 533 253 743 465 445 257 419 332 847 687 438 732 203 810 805 355 612 290 480 672 143 476 700 796 60 299 607 722 135 655 423 743 786 364 690 874 772 697 476 728 520 800 398 970 222 787 182 396 390 826 614 507 856 653 650 586 630 346 427 604 658 736 440 530 684 481 682 363 877 616 166 916 278 747 53 352 621 202 481 225 641 917 667 369 830 765 141 893 815 569 858 677 316 188 804 537 642 81 724 302 659 380 584 725 702 348 804 746 726 540 345 524 316 855 642 573 587 333 571 283 617 600 581 988 185 83 493 1008 895 833 650 655 512 187 130 809 476 325
522 133 764 144 888 352 972 643 698 755 295 190 328 943 847 791 529 350 540 285 128 822 362 820 543 912 136 276 852 0 972 860 730 371 522 530 837 474 378 228 286 580 739 1000 860 383 532 861 908 733 695 717 934 538 526 296 686 1021 768 543 253 562 330 509 742 160 647 473 634 539 967 438 279 655 652 821 294 211 503 564 877 450 474 786 821 503 75 912 576 1052 474 738 431 719 116 187 493 326 175 230 165 437 128 838 56 647 404 851 233 869 783 468 100 1050 455 325 1019 601 893 966 714 722 355 194 493 556 884 212 435 290 513 240 355 793 421 673 166 903 844 258 785 729 833 275 446 365 743 352 223 886 295 313 453 107 189 545 941 321 990 452 931 750 664 193 774 886 634 374 924 226 326 561 925 622 331 852 168 432 422 1057 817 281 594 1003 684 918 491 910 903 946 407 376 254 237 884 471 997 864 45 550 917
660 996 703 879 300 715 276 358 625 360 677 942 986 101 679 213 831 835 528 1031 934 732 983 342 458 89 894 968 120 972 0 218 609 611 501 503 144 814 743 753 720 406 397 512 253 717 1003 262 286 241 473 442 309 781 449 762 367 324 214 431 884 686 829 633 339 861 548 559 366 523 338 950 801 521 813 266 922 923 473 709 318 591 772 227 524 802 916 60 413 611 827 248 759 502 863 905 483 805 991 890 816 591 848 566 920 492 1078 270 905 215 462 509 946 620 615 967 670 736 625 656 430 497 720 778 834 545 566 802 596 798 480 995 731 240 1022 379 865 73 392 741 280 549 272 757 1021 776 436 938 883 175 1009 930 673 976 796 436 184 918 549 749 42 792 396 779 439 623 808 809 361 922 857 817 569 448 644 353 974 751 685 587 381 691 396 634 675 614 1091 192 94 512 1117 1007 947 768 699 622 134 180 928 573 351
467 858 788 746 448 673 133 217 694 148 577 871 814 125 788 93 846 803 529 977 798 830 949 123 316 249 761 916 171 860 218 0 689 536 345 490 129 815 714 632 650 372 477 677 37 687 1007 47 95 184 539 230 475 800 384 609 184 195 246 332 828 484 660 639 137 778 599 401 362 522 170 937 746 574 861 51 876 771 407 507 460 562 773 300 637 606 795 193 382 778 634 149 747 287 745 759 415 639 915 736 721 437 732 681 805 290 1044 53 750 353 243 397 815 785 595 926 822 774 750 797 219 575 558 668 840 359 695 725 441 641 347 838 567 326 998 197 785 163 519 608 80 630 392 694 1004 746 521 905 731 44 843 760 662 886 705 320 82 747 707 563 208 866 432 673 537 747 852 783 519 767 819 841 708 264 556 484 829 568 512 758 497 582 370 786 739 747 1076 355 245 663 1079 829 891 691 815 447 152 41 820 588 155
807 830 98 733 331 379 816 576 35 721 525 588 945 664 132 599 295 412 247 613 779 147 522 762 580 519 745 558 541 730 609 689 0 439 622 289 569 315 354 622 459 374 216 298 719 347 460 728 783 511 150 764 354 250 419 724 654 877 444 490 508 861 822 223 687 570 113 644 347 254 859 450 454 128 221 695 508 824 415 882 312 314 287 398 122 917 720 567 365 327 918 554 314 819 678 792 417 796 638 808 579 645 662 116 703 750 599 727 823 396 833 519 772 323 291 528 288 176 162 235 750 114 728 602 317 720 162 519 650 761 564 896 741 376 530 653 565 584 235 649 672 60 337 456 518 375 173 487 797 675 939 895 277 667 554 523 728 891 275 837 573 183 262 588 170 155 223 381 310 833 442 265 202 677 481 271 837 825 750 337 234 559 364 273 79 188 573 429 515 243 642 988 553 500 170 724 724 657 688 200 838
403 429 508 317 521 157 663 325 416 471 90 337 510 596 571 452 395 285 200 441 370 569 422 534 251 545 331 381 493 371 611 536 439 0 264 173 484 344 211 191 114 209 382 662 546 187 516 549 605 380 354 468 569 366 162 284 392 720 401 203 292 459 382 234 447 250 331 253 263 195 675 430 213 330 472 508 343 397 137 475 512 125 311 415 497 489 329 551 205 730 485 395 267 499 277 368 128 356 383 376 208 238 261 525 324 418 516 542 391 498 544 156 372 730 156 395 716 387 593 666 458 390 292 189 372 351 568 192 241 321 219 472 305 422 478 382 255 545 489 211 472 415 464 158 488 236 395 380 365 552 509 458 209 365 186 221 611 453 660 409 569 537 299 182 428 586 456 274 565 404 294 408 605 360 45 492 423 394 325 729 460 122 223 692 426 612 560 539 536 612 548 550 355 158 609 317 655 530 325 239 632
196 512 710 402 556 422 450 143 610 233 264 566 484 446 751 293 653 549 383 682 453 767 680 298 51 471 416 628 388 522 501 345 622 264 0 337 357 605 475 294 364 255 475 758 340 450 781 340 386 270 492 208 601 618 203 265 164 498 347 136 541 245 327 466 220 466 509 58 303 375 445 694 469 494 714 302 597 427 208 267 556 357 569 394 634 330 454 447 263 846 346 253 528 235 406 414 208 303 602 393 400 92 394 673 466 153 770 330 407 489 283 114 471 849 395 650 857 625 748 815 201 535 218 337 633 97 707 422 96 299 58 496 229 417 738 151 474 428 571 266 266 579 486 411 751 500 509 640 387 377 507 428 460 563 390 105 427 416 771 262 467 761 388 346 539 743 700 539 620 425 555 661 737 103 261 554 484 259 186 836 540 257 269 827 636 759 822 520 462 720 799 507 599 392 787 129 492 357 486 443 396
518 600 374 489 358 215 624 319 274 476 263 452 680 515 421 397 357 332 47 531 542 432 479 528 298 424 504 467 395 530 503 490 289 173 337 0 402 325 239 364 246 118 210 489 511 214 517 517 576 308 183 501 404 312 137 448 399 685 290 211 386 572 545 150 443 388 176 355 138 39 651 452 304 166 389 479 419 570 128 593 346 90 283 282 328 628 496 446 108 559 631 340 260 549 446 541 129 518 503 548 365 355 430 360 488 474 574 513 563 350 576 229 542 560 112 463 550 299 431 503 488 221 444 359 349 434 401 327 360 487 278 645 458 281 520 394 389 448 317 381 447 254 307 271 522 273 222 435 537 492 681 627 174 503 340 244 552 621 488 549 461 425 134 351 255 425 377 306 395 576 353 354 437 404 218 322 596 537 461 557 289 295 119 525 299 448 593 392 416 439 613 719 448 296 458 434 577 471 484 109 618
519 855 668 739 319 603 247 214 578 238 543 820 842 113 663 76 751 730 435 917 794 707 877 239 315 133 754 855 44 837 144 129 569 484 357 402 0 725 638 615 597 291 354 548 166 611 917 175 223 104 421 317 347 702 322 618 229 308 125 293 768 549 685 545 210 735 487 415 265 429 295 855 684 461 752 159 810 780 347 572 330 484 683 173 510 663 778 92 300 648 686 104 663 380 726 762 356 661 867 746 685 447 711 554 784 357 973 179 761 224 352 370 806 656 513 858 692 669 622 668 303 454 576 642 748 403 566 677 452 655 337 851 587 199 921 239 739 70 390 600 158 509 263 637 924 671 398 833 740 106 865 786 576 848 666 295 159 774 577 607 112 750 321 644 412 619 745 706 390 779 748 741 579 308 513 354 832 608 541 629 368 555 285 656 624 619 996 229 127 533 1010 863 831 643 689 479 175 91 794 489 285
743 596 311 526 597 193 949 632 279 789 388 300 755 837 402 723 58 123 290 301 559 362 207 846 583 729 534 250 715 474 814 815 315 344 605 325 725 0 137 456 279 443 442 614 836 158 191 841 900 634 368 800 633 70 443 580 709 1010 607 512 223 798 671 181 759 320 290 598 460 296 975 142 207 314 178 802 203 625 423 813 580 259 42 587 433 811 489 760 433 637 799 666 77 838 462 591 418 650 343 620 361 581 450 431 465 758 287 837 633 629 877 492 543 631 222 215 584 144 465 531 789 368 609 415 28 695 476 292 584 608 554 685 620 577 221 702 311 767 515 497 769 344 573 246 214 126 419 173 609 818 736 716 153 387 342 540 878 717 590 734 773 279 419 397 437 458 160 102 600 637 149 87 516 695 363 542 616 716 656 649 500 418 445 577 244 494 279 670 722 558 330 802 251 292 434 658 900 797 439 240 939
606 488 386 404 569 55 846 517 320 671 250 239 631 751 469 624 193 92 220 296 443 444 240 731 457 664 414 233 634 378 743 714 354 211 475 239 638 137 0 322 143 346 410 637 730 27 306 735 793 539 348 675 611 178 331 445 591 906 529 395 162 661 538 142 643 217 284 463 377 223 866 224 100 299 295 695 183 502 309 676 554 154 113 521 454 674 377 685 338 680 663 565 64 710 343 469 302 516 291 494 240 445 329 465 357 629 335 729 507 580 752 364 432 676 128 224 641 227 516 588 665 364 472 284 165 562 512 174 448 474 427 567 483 517 284 583 212 687 503 362 660 360 531 116 289 33 400 195 483 722 616 589 84 313 218 419 783 588 622 596 701 382 360 267 426 509 277 69 588 514 114 214 553 569 226 522 501 579 518 687 481 281 352 627 305 542 362 623 655 581 373 677 218 164 505 522 813 700 338 197 827
329 247 682 130 706 271 744 416 595 528 100 297 322 718 752 565 514 354 390 419 186 743 447 593 315 700 145 376 633 228 753 632 622 191 294 364 615 456 322 0 179 380 572 853 631 310 588 632 680 512 546 493 754 500 319 125 457 793 557 322 301 379 215 404 513 197 519 248 438 386 740 490 258 519 616 593 361 205 299 387 698 309 436 583 687 362 164 694 379 921 346 513 387 502 113 176 290 194 323 186 125 213 100 714 173 426 524 623 201 672 563 244 194 921 331 411 904 541 780 853 489 581 166 52 483 337 758 179 212 151 285 281 174 595 510 444 207 682 680 45 556 604 644 210 529 330 586 416 174 658 318 273 363 274 129 320 713 271 851 289 714 697 487 69 619 773 599 360 753 213 346 536 796 395 146 680 235 270 228 920 650 70 395 881 598 800 593 711 691 803 544 365 346 166 790 260 771 637 191 423 690
471 372 509 274 604 91 776 438 429 581 111 223 494 709 585 566 336 191 254 327 320 570 316 645 358 651 286 268 603 286 720 650 459 114 364 246 597 279 143 179 0 314 453 716 659 130 429 663 718 492 409 571 650 321 274 301 502 833 507 317 180 525 395 236 558 144 366 341 362 252 787 336 104 372 437 622 233 368 249 539 592 164 257 515 539 532 262 660 308 773 520 508 208 597 218 336 240 372 271 356 123 317 203 560 249 516 407 655 371 592 647 263 313 771 172 286 746 363 620 694 563 437 330 146 307 440 606 83 319 330 326 438 340 519 375 492 146 656 557 218 585 450 552 47 388 155 456 276 345 666 483 449 188 259 98 333 725 448 708 454 678 518 380 130 487 614 419 189 638 379 193 357 645 464 102 567 377 436 379 776 530 139 325 727 426 644 458 634 642 662 437 540 242 50 623 389 768 644 240 268 743
449 627 467 510 330 312 506 206 366 360 288 535 671 405 499 280 476 438 161 627 566 521 585 411 208 337 525 564 291 580 406 372 374 209 255 118 291 443 346 380 314 0 222 510 393 320 634 399 457 193 237 393 378 431 64 433 286 567 193 118 478 500 523 268 327 457 264 289 59 153 533 566 395 246 503 360 519 576 81 522 325 192 401 206 379 575 533 347 10 594 584 222 375 445 480 551 89 496 584 549 418 301 464 418 531 375 681 394 565 292 465 172 572 597 224 566 602 414 493 559 379 280 413 391 467 351 452 397 307 473 198 652 427 215 631 283 460 345 324 382 328 326 266 350 634 379 253 541 539 376 681 615 290 572 395 151 437 607 519 499 364 530 133 388 285 487 492 415 385 580 456 473 482 303 248 314 614 491 413 586 293 310 16 572 401 503 706 332 328 468 718 705 541 363 534 372 467 355 535 223 500
671 811 313 699 158 405 601 394 228 526 472 644 882 448 312 390 448 496 200 705 752 353 634 559 426 307 714 643 325 739 397 477 216 382 475 210 354 442 410 572 453 222 0 288 509 390 622 518 572 306 77 579 201 397 284 645 467 663 231 339 571 720 739 274 491 592 156 512 172 201 647 584 495 130 417 488 592 777 293 743 143 289 402 182 168 798 707 352 217 371 806 350 403 638 657 748 300 712 696 753 575 524 641 211 699 578 725 518 769 191 642 394 753 374 293 628 383 344 285 345 564 101 632 570 457 568 236 532 529 685 420 853 646 160 661 468 591 369 107 585 468 156 133 472 656 442 44 592 742 460 886 827 327 704 550 369 512 820 296 722 359 399 90 562 66 280 413 466 185 782 523 429 263 506 427 113 806 713 636 363 78 502 207 352 278 290 721 229 302 245 766 918 628 503 342 595 508 444 693 213 629
954 1085 336 977 229 650 777 658 334 766 752 876 1168 601 259 609 592 706 465 910 1028 324 821 784 707 439 991 853 506 1000 512 677 298 662 758 489 548 614 637 853 716 510 288 0 714 624 751 724 768 545 308 832 204 548 573 932 722 832 454 623 797 1001 1027 496 733 844 354 798 456 468 834 749 734 344 502 705 803 1059 582 1024 219 553 584 394 183 1084 977 498 505 100 1094 587 606 895 930 1030 588 1000 927 1037 839 811 913 183 965 845 898 727 1052 323 886 682 1026 108 544 826 162 474 179 166 817 278 920 845 616 846 142 788 817 972 704 1134 934 366 829 727 841 526 187 869 695 277 292 725 815 662 267 785 1026 646 1170 1113 554 949 814 652 682 1107 42 1009 493 424 378 835 234 183 509 674 158 1065 735 561 109 775 707 207 1084 1001 923 81 218 784 494 128 374 152 867 326 440 55 940 1205 846 763 254 881 646 637 955 450 832
447 852 818 742 485 687 117 222 724 126 582 879 800 157 821 120 868 819 552 987 793 862 963 89 317 287 756 927 208 860 253 37 719 546 340 511 166 836 730 631 659 393 509 714 0 703 1026 9 64 210 569 204 512 823 399 601 176 175 279 342 839 462 647 661 123 785 627 394 387 545 141 954 758 602 887 38 888 762 421 483 497 580 794 334 670 584 793 231 403 814 614 172 766 258 744 751 429 627 922 727 725 431 731 715 804 269 1058 17 740 390 210 402 811 822 614 939 858 799 785 833 195 606 549 669 860 344 730 732 434 632 348 827 557 361 1014 189 791 200 554 606 75 661 428 705 1020 762 553 920 722 78 830 747 682 891 710 327 97 733 744 545 245 896 461 676 570 781 878 800 556 758 833 864 743 251 563 520 822 552 499 795 531 584 392 822 767 782 1093 392 283 699 1092 812 901 700 849 434 173 79 821 612 120
585 487 386 399 549 38 819 491 314 645 232 255 623 725 466 597 211 118 197 318 440 445 266 704 432 639 410 255 608 383 717 687 347 187 450 214 611 158 27 310 130 320 390 624 703 0 332 708 766 512 330 649 591 191 304 431 565 879 504 368 180 640 525 128 617 222 270 440 352 199 839 251 109 284 306 668 206 496 282 656 534 127 129 496 442 657 376 660 311 671 647 538 81 685 339 463 276 502 307 486 237 423 325 456 358 604 361 702 499 557 726 338 430 668 103 249 636 233 510 583 639 349 455 275 186 538 503 173 426 461 402 563 466 493 311 556 218 661 486 348 633 349 509 112 316 59 382 221 474 695 610 579 71 324 214 392 756 579 611 579 675 389 337 259 410 503 288 96 571 507 139 229 543 543 205 503 498 561 499 677 463 264 326 620 304 535 389 600 630 569 399 669 238 159 503 500 787 673 341 180 800
900 665 419 624 771 359 1140 820 427 975 541 342 849 1028 507 914 174 237 481 269 643 451 171 1034 764 917 628 257 905 532 1003 1007 460 516 781 517 917 191 306 588 429 634 622 751 1026 332 0 1032 1090 826 545 982 803 224 631 713 895 1201 798 698 295 954 795 372 946 410 466 766 652 487 1165 98 331 492 251 992 241 720 610 967 753 447 234 775 582 950 571 950 624 754 933 857 260 1016 560 688 605 777 363 724 471 745 553 569 543 935 182 1027 734 812 1058 670 621 746 411 207 686 286 583 637 971 537 752 539 169 866 609 409 748 733 734 767 761 764 124 887 399 957 683 632 959 503 755 385 98 280 593 182 714 1010 822 819 344 427 460 724 1070 823 721 876 962 347 607 520 607 577 243 242 765 734 242 196 645 875 526 714 694 857 806 771 672 566 636 688 380 613 119 852 910 698 218 897 278 422 531 819 1091 988 510 430 1128
443 851 826 742 494 692 113 225 732 122 584 882 797 165 830 128 875 823 558 990 793 870 968 81 318 297 756 931 217 861 262 47 728 549 340 517 175 841 735 632 663 399 518 724 9 708 1032 0 58 218 577 199 522 830 404 600 175 170 288 346 842 456 645 667 121 787 635 394 394 551 134 959 762 610 894 41 892 761 426 478 506 585 800 343 679 580 793 240 409 824 609 179 772 251 745 750 433 625 924 726 727 430 732 724 805 264 1063 10 739 400 202 404 811 831 620 943 868 806 794 842 190 615 547 671 866 341 739 735 434 630 350 825 555 370 1018 189 794 210 563 606 77 669 438 708 1025 767 562 924 721 87 827 744 688 893 713 330 102 731 753 541 254 904 469 677 579 790 885 805 565 756 837 871 753 250 566 529 821 548 496 804 541 586 399 832 775 792 1097 402 292 709 1096 809 905 703 858 431 179 88 823 619 111
470 893 882 786 540 749 65 280 788 156 636 936 829 185 883 185 933 880 616 1045 836 925 1024 96 368 334 800 986 262 908 286 95 783 605 386 576 223 900 793 680 718 457 572 768 64 766 1090 58 0 275 633 221 564 888 461 641 223 115 341 402 898 477 680 725 166 840 692 438 452 609 76 1017 818 667 952 97 948 800 483 497 553 643 858 395 732 602 840 275 467 869 633 237 829 263 792 791 490 661 977 765 779 474 780 776 852 293 1119 63 777 445 203 457 855 876 678 999 915 864 845 891 216 670 586 720 925 376 789 789 477 670 401 862 594 421 1075 235 847 245 613 652 133 725 486 763 1082 824 616 981 761 121 861 777 746 944 765 384 104 764 799 570 286 960 526 728 632 842 943 862 610 795 894 929 802 290 620 578 861 579 532 848 591 636 457 879 832 842 1155 443 331 756 1152 838 960 756 911 468 179 131 871 677 65
