161
0 706 362 300 689 579 295 378 328 579 589 828 794 184 751 167 670 300 479 579 130 154 616 614 674 310 57 456 429 527 294 197 535 514 738 805 176 244 307 303 736 475 434 449 608 691 774 628 656 583 731 285 426 296 415 955 440 188 512 558 491 418 717 204 696 460 775 446 158 494 785 323 755 753 778 587 431 437 524 629 202 776 682 359 624 223 681 954 635 724 602 775 451 761 895 487 576 962 474 39 703 173 830 551 868 300 469 598 711 747 788 194 176 650 352 843 518 245 167 754 738 572 635 148 617 542 763 660 85 643 367 102 596 415 538 311 309 640 738 607 406 555 406 275 437 640 620 695 405 143 788 554 755 366 674 201 654 285 758 545 105
706 0 696 561 804 254 861 554 482 128 807 233 771 685 134 547 511 799 533 340 651 803 808 627 710 398 664 494 290 909 426 868 305 512 38 133 650 506 422 905 287 237 577 768 273 112 144 439 441 758 427 453 376 896 314 314 725 744 220 496 415 398 325 771 385 248 106 509 790 400 792 839 279 637 213 126 808 471 182 77 537 649 171 400 400 915 593 334 747 613 398 743 516 796 319 225 370 319 388 672 18 838 985 450 417 605 828 383 853 55 368 893 627 56 715 986 652 573 873 845 557 499 231 707 96 884 93 292 791 654 634 808 490 639 215 497 555 603 379 537 395 913 882 876 343 266 495 200 459 849 912 161 838 434 485 578 436 422 814 820 674
362 696 0 149 328 701 225 144 223 601 228 710 446 178 673 398 895 145 212 411 462 289 254 289 327 381 390 702 425 225 456 537 409 763 734 741 190 254 478 280 579 540 718 97 473 738 694 832 421 221 504 481 606 272 531 836 77 548 594 795 305 298 540 203 488 478 717 209 269 319 432 177 602 438 661 618 115 236 552 629 260 459 759 537 812 536 375 821 277 414 394 431 206 405 747 488 756 842 319 371 703 521 471 322 664 106 144 400 349 750 594 406 494 653 24 483 178 534 431 392 452 808 745 218 639 216 710 796 400 310 63 395 337 86 627 556 151 326 535 853 596 240 189 263 353 766 848 784 634 442 426 599 394 265 888 489 853 383 399 190 450
300 561 149 0 422 551 307 79 79 457 348 606 504 156 555 277 749 239 179 318 365 298 368 317 386 232 306 562 280 375 312 495 296 622 598 620 137 112 335 357 488 391 586 243 368 594 576 684 368 323 449 341 459 347 381 735 209 465 445 652 214 172 457 233 420 332 594 147 278 223 500 279 510 454 555 474 264 148 407 490 132 476 612 391 663 511 381 725 361 424 322 483 152 480 656 345 608 742 212 293 565 472 588 261 598 45 294 322 455 613 521 414 388 514 162 598 234 412 421 486 439 664 595 196 497 364 585 646 364 348 104 368 300 142 478 421 10 341 466 710 450 389 322 330 221 616 702 636 493 418 533 453 485 127 741 371 705 236 481 327 361
689 804 328 422 0 902 508 354 457 753 120 717 154 506 727 699 1140 440 300 464 781 611 90 177 102 628 712 971 611 294 721 865 505 1029 840 793 515 531 743 556 576 735 1004 257 532 883 741 1068 381 107 439 755 853 551 759 818 252 872 788 1053 404 464 527 523 456 661 780 338 591 419 126 451 598 243 680 773 302 377 721 758 554 253 922 794 1041 860 235 790 63 243 408 158 329 93 715 657 986 824 439 695 817 849 183 355 581 400 275 422 49 859 543 721 808 780 342 187 191 835 752 64 313 1064 932 546 783 248 778 994 728 153 327 722 315 281 820 839 416 206 491 1112 849 268 400 551 515 961 1097 951 902 767 115 768 66 469 1127 794 1084 641 78 182 771
579 254 701 551 902 0 807 580 480 181 870 483 910 625 380 412 271 762 603 475 487 710 881 735 823 325 526 248 292 927 288 702 416 259 260 387 588 457 272 839 500 167 333 791 429 162 394 195 597 830 613 294 163 830 176 567 753 558 114 242 500 440 525 705 566 241 360 568 703 486 924 801 500 791 454 163 816 527 187 217 471 807 120 221 158 756 731 589 839 762 538 882 576 919 569 247 117 572 464 540 238 671 1085 560 648 596 845 523 947 255 585 774 451 215 713 1090 721 382 742 955 722 245 56 632 178 913 347 94 658 767 649 679 614 672 82 298 550 725 576 285 185 940 863 809 387 65 246 122 231 710 1017 148 950 448 249 404 200 332 932 866 515
295 861 225 307 508 807 0 348 384 749 389 913 648 182 863 419 946 80 434 619 424 147 420 510 535 486 347 735 572 263 524 401 603 796 898 927 219 359 544 54 789 665 725 253 674 880 884 895 643 407 727 533 676 46 630 1041 273 471 714 837 512 480 754 102 707 620 901 423 137 523 628 57 812 659 862 763 205 441 695 787 337 680 888 604 885 378 599 1029 473 637 611 638 422 597 958 638 832 1047 516 325 864 396 603 541 885 268 236 615 512 911 812 225 469 811 201 619 398 532 268 567 678 850 858 177 789 294 891 897 280 528 279 264 562 312 746 584 315 550 754 889 660 295 129 43 527 872 897 908 677 295 581 737 572 433 946 486 920 474 586 330 400
378 554 144 79 354 580 348 0 105 464 294 569 427 224 530 350 796 271 102 272 443 363 310 239 310 278 385 619 293 356 368 573 265 678 592 597 210 178 390 400 442 414 650 216 331 602 550 728 302 262 384 401 506 391 419 696 175 544 469 704 165 156 406 290 361 346 573 77 343 177 424 308 465 375 519 482 253 94 419 488 206 397 627 443 704 587 303 683 292 345 264 405 79 406 611 353 648 702 175 372 561 550 527 196 539 88 274 267 391 608 465 482 463 512 165 535 163 483 493 416 363 716 619 266 501 337 565 675 441 270 80 443 228 91 502 484 69 262 407 763 500 364 333 377 213 644 751 653 550 493 467 466 415 132 786 444 747 288 409 285 439
328 482 223 79 457 480 384 105 0 379 400 536 517 220 479 261 691 317 175 257 366 357 415 326 404 172 320 514 201 448 264 525 226 573 519 543 192 91 286 431 424 316 548 311 299 515 501 623 328 367 403 298 401 422 315 665 273 472 371 599 163 100 397 302 369 254 517 134 339 167 518 357 444 446 484 395 338 113 329 410 129 468 535 338 600 549 372 657 394 414 274 493 142 502 590 266 544 671 149 312 486 499 632 224 545 124 365 271 495 534 465 468 379 435 239 640 265 389 468 518 417 610 522 254 418 433 507 575 403 359 169 410 273 194 404 383 74 339 413 657 395 459 401 404 143 544 646 560 445 460 571 375 516 49 681 354 642 184 507 387 368
579 128 601 457 753 181 749 464 379 0 738 320 744 569 219 419 452 691 463 304 523 681 743 579 666 274 536 390 178 821 298 740 250 419 158 247 533 390 294 790 320 109 469 680 251 137 237 376 423 693 433 325 261 781 187 424 639 616 102 413 349 309 343 655 386 128 217 433 669 334 761 731 321 619 284 20 715 392 55 54 418 634 168 275 339 786 564 438 692 591 367 716 441 759 406 112 296 430 316 544 123 709 936 400 470 503 738 352 800 167 404 768 499 71 617 940 584 447 747 801 547 418 188 588 39 800 203 255 664 610 541 682 450 553 111 373 453 564 395 461 278 829 780 761 252 222 426 198 346 722 865 40 795 335 430 450 381 296 775 743 545
589 807 228 348 120 870 389 294 400 738 0 753 271 405 747 620 1091 324 275 474 690 498 30 213 180 572 618 910 579 179 659 756 501 970 844 815 418 461 682 436 612 703 935 143 544 873 764 1023 419 52 490 690 801 431 714 865 150 775 757 998 392 432 564 411 497 631 798 305 479 407 245 332 635 330 711 757 183 346 699 752 477 345 905 737 999 748 298 841 106 320 428 268 297 213 765 633 943 871 422 599 817 742 243 362 645 317 154 440 125 862 594 605 721 774 237 255 154 756 639 178 383 1010 906 443 772 133 794 964 620 207 245 612 339 207 790 770 344 254 537 1057 794 158 279 432 488 932 1046 933 841 656 199 747 182 423 1081 712 1041 581 198 62 678
828 233 710 606 717 483 913 569 536 320 753 0 642 756 103 690 745 839 507 299 805 891 746 546 615 526 798 710 403 892 588 1012 310 737 243 118 726 594 591 963 141 417 790 757 239 344 89 672 336 701 282 623 581 954 498 128 714 907 423 725 405 435 190 838 260 387 131 502 874 392 670 878 118 503 51 331 807 475 355 271 633 508 404 586 633 1050 483 126 670 487 328 616 505 683 86 358 600 135 396 800 251 982 883 400 203 644 817 318 766 257 186 997 790 268 733 881 609 751 988 742 420 728 464 788 308 858 142 526 912 564 647 925 414 634 429 684 598 511 228 768 598 888 900 937 398 499 727 430 666 972 809 361 734 487 719 744 670 554 705 784 822
794 771 446 504 154 910 648 427 517 744 271 642 0 617 673 776 1165 574 342 440 870 735 242 191 120 675 808 1016 630 448 774 980 495 1071 804 735 618 603 794 698 509 749 1061 394 501 863 683 1090 329 241 361 811 888 692 788 728 378 969 798 1088 416 493 461 648 392 673 727 383 715 427 34 590 529 139 614 765 445 415 723 738 633 136 909 838 1059 982 180 696 175 159 378 28 375 64 624 663 1006 733 453 794 786 961 253 350 478 494 422 393 182 823 457 850 891 757 464 246 275 907 877 129 222 1099 931 660 769 402 728 996 843 158 427 840 295 379 827 897 496 187 415 1147 888 422 547 690 534 963 1125 939 948 887 185 766 119 514 1148 869 1103 694 88 333 865
184 685 178 156 506 625 182 224 220 569 405 756 617 0 697 253 777 143 325 473 292 141 431 444 497 304 216 571 394 356 346 363 446 632 721 758 36 179 367 221 642 483 572 265 519 699 719 722 524 399 605 359 499 211 448 885 255 371 532 670 371 320 613 85 577 440 731 300 121 379 606 179 664 590 705 582 252 304 515 609 155 612 706 427 709 368 520 877 453 562 479 600 303 581 809 460 655 891 366 196 686 344 646 416 755 136 290 479 527 733 678 258 330 633 167 659 342 380 270 570 586 683 676 43 609 365 721 716 226 471 191 224 452 238 563 419 166 475 623 725 484 381 253 191 360 690 728 726 508 273 604 555 572 269 775 333 746 292 576 361 276
751 134 673 555 727 380 863 530 479 219 747 103 673 697 0 605 644 793 484 274 718 826 744 551 628 443 717 608 322 871 496 929 264 633 151 68 665 527 498 911 167 319 688 732 205 246 22 570 348 696 316 530 480 901 400 209 688 818 322 622 371 382 213 781 280 298 53 470 811 356 698 832 154 535 79 228 778 438 257 168 563 544 306 489 531 970 501 220 675 514 320 646 475 706 189 269 498 216 354 720 152 899 902 385 284 596 792 307 776 168 242 927 700 165 695 901 596 656 915 761 453 625 363 725 205 840 55 426 836 573 610 851 413 604 326 587 547 521 263 666 497 870 863 884 336 399 625 334 565 895 828 259 753 430 618 653 569 471 726 770 737
167 547 398 277 699 412 419 350 261 419 620 690 776 253 605 0 526 396 436 474 117 302 642 585 660 164 118 318 287 605 126 323 421 379 577 654 222 172 140 442 615 312 321 496 488 524 627 476 573 599 638 119 263 434 247 813 472 224 346 418 407 323 604 317 597 308 623 396 298 406 774 430 631 707 641 424 496 372 365 470 145 729 514 193 468 367 634 817 639 675 511 753 403 756 763 336 417 820 381 129 542 293 862 477 758 302 533 504 731 584 677 362 119 490 398 873 511 136 333 763 674 431 468 243 455 608 610 494 249 618 375 269 530 418 371 166 284 601 634 472 245 628 506 412 323 474 477 527 257 304 809 391 762 279 526 94 501 136 758 589 132
670 511 895 749 1140 271 946 796 691 452 1091 745 1165 777 644 526 0 921 840 739 546 821 1106 982 1069 519 612 213 534 1116 439 721 677 158 507 639 743 640 417 967 772 416 257 991 698 403 656 76 862 1057 884 419 290 959 381 814 959 569 372 112 749 677 796 844 836 491 616 801 821 737 1175 956 771 1053 720 435 1005 763 453 487 638 1070 344 358 113 781 989 840 1076 1022 801 1137 810 1168 831 505 160 818 712 632 494 696 1320 815 918 789 1038 786 1181 497 856 850 500 482 902 1326 951 426 806 1197 987 98 280 770 447 1112 604 221 730 1015 853 753 871 885 347 362 751 978 848 77 299 1135 1030 937 631 245 49 321 269 768 1255 418 1193 671 28 468 75 513 1178 1076 575
300 799 145 239 440 762 80 271 317 691 324 839 574 143 793 396 921 0 355 543 423 178 354 431 460 438 345 714 512 227 488 440 531 775 836 858 178 306 509 134 713 613 713 182 600 825 814 866 564 336 647 502 642 126 586 967 197 487 664 814 436 410 677 97 629 562 832 345 160 448 556 40 736 581 789 706 143 365 638 726 292 602 837 569 852 426 519 954 400 557 533 563 344 527 882 578 798 973 443 324 802 430 550 462 806 196 179 537 449 850 734 281 464 750 121 565 319 520 316 501 598 827 811 159 730 247 824 855 309 450 200 296 482 232 697 563 245 470 675 869 628 256 110 118 460 828 872 858 652 336 521 681 505 366 918 473 889 430 517 268 403
479 533 212 179 300 603 434 102 175 463 275 507 342 325 484 436 840 355 0 211 536 464 280 151 233 334 482 678 311 386 432 675 227 735 570 552 313 263 453 488 371 436 719 250 279 597 502 768 209 230 292 469 555 479 459 630 206 639 489 756 117 164 330 387 276 362 532 41 443 132 345 388 395 275 460 482 300 77 426 476 297 298 631 500 741 689 202 612 236 245 183 318 32 332 538 360 686 636 146 471 542 652 482 110 451 189 310 190 343 588 381 583 553 499 236 487 121 565 595 356 261 767 635 368 496 356 527 696 543 184 154 545 129 129 521 554 169 165 322 815 553 386 396 467 216 663 798 659 610 595 415 473 352 173 827 529 784 352 340 288 535
579 340 411 318 464 475 619 272 257 304 474 299 440 473 274 474 739 543 211 0 590 613 472 286 370 320 561 621 224 598 412 774 63 667 376 343 448 335 426 670 170 324 682 460 70 424 292 663 123 423 166 453 484 661 380 424 417 699 366 676 107 160 140 551 122 252 324 203 594 95 458 581 193 316 250 324 509 178 287 298 376 332 468 451 629 802 260 410 408 287 63 412 206 459 339 234 578 430 107 557 353 746 645 111 289 351 521 48 513 394 209 726 591 318 435 646 322 575 726 506 248 684 491 510 328 566 320 557 657 313 348 666 150 335 393 534 308 264 160 732 490 596 601 646 152 525 704 499 558 715 572 328 499 213 720 552 672 348 476 496 600
130 651 462 365 781 487 424 443 366 523 690 805 870 292 718 117 546 423 536 590 0 284 715 682 751 281 78 332 402 647 224 218 537 388 679 763 272 275 229 433 732 413 305 556 605 617 740 509 686 676 753 200 326 427 341 927 540 108 440 434 519 437 721 330 712 419 732 498 289 519 865 449 747 811 756 526 545 479 470 576 239 833 599 267 510 269 737 931 722 780 626 848 505 844 879 448 466 933 494 100 645 187 933 587 875 380 583 619 808 685 794 304 46 594 456 945 598 120 263 845 783 447 544 265 557 658 719 559 184 713 453 207 639 499 460 197 373 702 750 480 304 673 532 405 439 543 496 608 288 227 886 491 845 390 552 84 536 252 844 651 29
154 803 289 298 611 710 147 363 357 681 498 891 735 141 826 302 821 178 464 613 284 0 528 574 617 408 210 608 513 401 421 262 583 667 837 886 165 300 439 148 781 585 589 355 657 804 849 776 665 504 746 421 566 142 537 1020 359 324 630 710 511 458 753 87 718 555 858 440 21 519 721 187 802 722 840 692 321 445 626 726 265 744 804 495 770 250 654 1013 565 695 620 721 443 693 947 577 720 1026 505 189 803 253 729 557 896 275 357 620 623 848 819 119 330 749 271 743 466 398 141 673 724 724 764 103 721 425 847 796 134 598 320 119 592 365 658 460 308 607 764 760 547 432 271 121 493 773 771 820 554 158 697 662 676 405 824 354 802 389 685 445 258
616 808 254 368 90 881 420 310 415 743 30 746 242 431 744 642 1106 354 280 472 715 528 0 201 158 588 643 928 589 206 677 785 503 987 845 812 444 480 699 467 604 713 954 172 542 877 760 1037 410 50 478 708 816 462 727 856 176 802 767 1014 395 441 556 441 487 640 796 313 508 411 216 363 627 308 705 763 214 354 706 755 498 322 912 753 1012 778 281 830 84 300 423 241 304 183 754 640 956 861 427 625 819 771 220 360 630 339 185 436 96 863 583 635 745 778 264 231 160 778 669 147 366 1026 915 470 777 160 792 974 649 190 266 641 333 225 800 789 363 240 527 1073 810 183 309 463 496 942 1061 940 859 685 172 754 151 436 1095 735 1055 598 168 92 703
614 627 289 317 177 735 510 239 326 579 213 546 191 444 551 585 982 431 151 286 682 574 201 0 87 484 624 827 448 377 583 805 329 883 663 617 440 412 603 564 404 570 870 271 355 707 565 909 209 160 278 620 701 556 602 654 239 783 621 902 235 306 356 489 287 495 603 192 553 248 195 456 427 149 507 600 328 225 551 582 444 170 748 648 879 813 92 629 124 126 231 167 184 185 553 488 825 660 272 610 640 784 358 179 432 313 320 245 226 681 382 692 701 603 311 360 112 715 712 221 177 913 761 488 609 335 601 825 670 33 254 669 138 208 652 706 309 43 326 961 700 363 436 550 351 792 941 778 759 718 286 597 215 323 967 679 923 503 197 256 679
674 710 327 386 102 823 535 310 404 666 180 615 120 497 628 660 1069 460 233 370 751 617 158 87 0 568 689 911 535 359 665 860 416 967 745 693 498 487 686 586 474 658 951 283 437 793 641 996 280 137 337 701 787 580 689 716 262 849 709 988 323 392 425 530 355 582 681 274 596 336 114 478 496 150 579 687 337 309 638 668 516 164 834 733 967 862 133 688 74 144 311 104 265 99 613 575 912 721 359 674 723 841 275 266 481 374 319 326 150 764 441 733 773 688 346 276 155 792 758 135 212 999 849 539 695 314 680 912 723 56 306 720 220 258 740 787 378 107 389 1046 785 339 443 577 438 879 1028 864 843 768 201 684 129 406 1055 754 1010 584 109 237 746
310 398 381 232 628 325 486 278 172 274 572 526 675 304 443 164 519 438 334 320 281 408 588 484 568 0 273 344 122 606 99 486 262 401 431 495 267 132 118 523 452 179 385 475 326 397 466 452 429 540 486 138 228 514 150 650 441 387 227 426 272 187 443 388 442 150 465 294 396 266 680 477 466 586 477 284 495 259 218 321 149 607 402 166 431 526 515 652 564 554 365 649 302 667 598 177 375 656 239 277 396 456 804 344 597 274 525 355 667 441 517 494 273 343 391 812 437 255 476 687 541 438 373 317 313 597 453 418 395 518 335 411 401 366 259 224 233 490 477 485 222 622 538 493 168 390 473 422 275 453 742 254 684 161 510 233 472 28 674 557 296
57 664 390 306 712 526 347 385 320 536 618 798 808 216 717 118 612 345 482 561 78 210 643 624 689 273 0 399 395 569 244 215 513 457 694 767 199 230 256 358 713 430 379 481 585 643 739 570 647 607 719 231 371 351 365 923 467 160 464 501 480 403 697 252 681 421 737 446 212 482 802 371 730 758 748 542 468 432 481 587 190 780 631 305 567 253 685 924 656 727 590 788 452 780 867 449 520 929 459 21 660 186 861 544 850 315 506 585 737 702 769 248 121 607 382 873 534 188 215 777 736 514 582 187 573 581 725 605 132 654 386 153 593 433 488 253 315 646 721 550 351 596 453 330 415 586 563 643 348 186 815 509 778 352 616 144 597 246 778 577 60
456 494 702 562 971 248 735 619 514 390 910 710 1016 571 608 318 213 714 678 621 332 608 928 827 911 344 399 0 398 918 250 518 557 61 505 626 538 450 228 754 698 308 85 799 597 410 625 181 743 881 781 221 138 746 240 807 770 365 288 101 604 523 710 634 733 370 598 638 608 595 1023 748 703 919 674 379 807 602 364 440 441 938 366 179 190 577 850 825 908 887 678 990 646 1011 796 393 164 812 568 419 480 490 1146 675 851 598 842 665 1010 502 778 637 287 446 706 1155 780 212 594 1032 863 115 295 560 404 917 584 276 517 861 666 540 733 703 282 151 565 830 756 154 131 938 824 724 488 276 164 360 69 556 1086 349 1029 505 219 254 208 330 1018 888 362
429 290 425 280 611 292 572 293 201 178 579 403 630 394 322 287 534 512 311 224 402 513 589 448 535 122 395 398 0 647 196 609 160 447 326 376 359 216 206 615 334 124 458 508 213 314 344 460 344 538 388 235 262 605 159 527 468 507 178 460 214 148 332 480 341 53 346 275 500 203 641 553 347 523 354 194 540 235 127 215 248 542 334 227 431 648 457 529 548 492 279 603 284 634 476 66 376 534 177 398 292 579 794 281 483 325 565 267 655 339 404 608 392 239 440 799 429 363 594 665 465 469 327 416 217 630 335 385 514 481 367 529 339 384 211 313 276 443 370 517 267 657 602 586 97 353 495 360 334 573 726 174 661 161 519 348 475 151 645 577 419
527 909 225 375 294 927 263 356 448 821 179 892 448 356 871 605 1116 227 386 598 647 401 206 377 359 606 569 918 647 0 677 662 610 979 947 939 383 477 699 298 753 764 926 141 666 958 889 1055 569 223 647 699 829 296 756 1011 184 714 819 1014 500 513 708 325 645 701 918 401 385 515 420 214 777 507 846 839 111 438 774 845 478 523 982 758 1036 641 467 991 285 494 564 447 395 387 915 709 981 1017 522 548 917 654 346 492 806 331 82 573 280 963 748 488 686 869 215 362 285 736 531 340 554 1027 970 381 858 46 912 1021 534 378 280 521 484 270 852 769 376 420 689 1071 818 32 134 304 570 992 1068 1007 852 556 336 821 347 486 1111 689 1076 606 369 122 628
294 426 456 312 721 288 524 368 264 298 659 588 774 346 496 126 439 488 432 412 224 421 677 583 665 99 244 250 196 677 0 442 351 310 454 539 310 201 22 553 530 189 287 552 409 398 518 379 525 630 579 40 153 545 121 706 521 321 220 339 371 286 528 421 533 200 509 391 414 365 778 525 543 685 541 301 565 358 246 351 199 706 388 82 363 489 614 713 658 653 460 748 399 764 665 229 309 713 337 256 420 411 895 443 680 350 598 450 759 461 601 488 203 370 462 904 530 166 459 782 639 352 343 347 332 672 495 375 376 616 417 395 501 452 244 125 315 590 565 398 141 695 594 523 263 352 392 402 181 431 835 267 780 259 434 156 402 80 770 639 247
197 868 537 495 865 702 401 573 525 740 756 1012 980 363 929 323 721 440 675 774 218 262 785 805 860 486 215 518 609 662 442 0 728 564 897 977 365 440 448 381 928 631 464 613 799 835 951 699 854 758 929 418 538 379 559 1136 612 152 659 612 688 614 911 346 892 632 947 643 279 691 969 448 945 948 962 744 583 634 687 793 399 970 816 484 706 60 876 1138 815 918 799 963 647 943 1082 660 668 1143 670 216 863 30 990 749 1063 492 619 795 881 903 982 188 251 812 522 1004 705 321 137 929 935 625 758 320 774 687 934 768 137 833 554 144 794 601 678 405 505 833 934 649 516 693 529 364 629 755 675 823 489 105 956 709 931 562 733 298 726 458 937 705 194
535 305 409 296 505 416 603 265 226 250 501 310 495 446 264 421 677 531 227 63 537 583 503 329 416 262 513 557 160 610 351 728 0 604 343 331 418 293 364 653 201 261 618 470 73 378 284 601 186 453 228 392 420 644 316 439 426 645 305 613 110 125 184 528 182 189 309 208 565 95 510 570 220 375 259 271 514 173 228 253 334 392 418 388 568 759 315 430 445 346 123 466 214 509 364 172 517 445 90 511 316 699 687 150 337 335 530 109 552 360 256 692 535 275 430 690 346 515 688 551 310 621 436 480 279 582 302 501 616 359 345 627 199 341 333 472 288 313 214 669 426 611 598 627 98 468 642 448 494 675 615 271 545 178 659 495 612 290 524 516 549
514 512 763 622 1029 259 796 678 573 419 970 737 1071 632 633 379 158 775 735 667 388 667 987 883 967 401 457 61 447 979 310 564 604 0 520 646 599 510 287 813 734 348 104 860 639 420 650 142 790 940 825 282 184 806 288 826 831 411 320 48 656 577 749 694 777 415 618 694 667 647 1078 808 738 970 703 406 868 658 400 466 502 989 370 235 162 624 902 847 966 938 726 1044 703 1067 823 436 154 831 620 477 497 538 1205 727 886 658 903 713 1068 515 816 691 342 469 767 1213 838 269 647 1089 912 60 298 621 428 978 605 266 572 916 727 595 785 762 308 212 625 884 797 93 182 1000 885 784 539 273 110 359 128 609 1144 379 1086 561 168 313 168 389 1075 949 418
738 38 734 598 840 260 898 592 519 158 844 243 804 721 151 577 507 836 570 376 679 837 845 663 745 431 694 505 326 947 454 897 343 520 0 132 686 542 449 941 313 265 589 806 308 104 156 437 474 796 456 480 393 932 339 309 763 769 242 500 453 436 354 807 416 282 111 547 825 437 826 876 302 669 230 153 846 509 213 111 572 680 163 423 398 944 627 333 784 645 433 776 554 831 326 261 372 313 426 703 34 866 1021 486 436 643 866 419 889 18 392 926 653 88 753 1021 690 597 905 881 588 501 229 742 122 922 101 286 823 689 672 840 525 677 232 518 593 639 406 538 414 951 919 912 380 262 494 188 475 880 947 187 873 472 480 604 432 454 849 858 702
805 133 741 620 793 387 927 597 543 247 815 118 735 758 68 654 639 858 552 343 763 886 812 617 693 495 767 626 376 939 539 977 331 646 132 0 726 586 539 974 225 355 709 800 273 236 52 569 413 764 375 570 505 965 435 181 756 860 347 629 439 448 273 843 343 346 30 538 871 424 760 898 208 596 124 252 846 505 294 193 621 603 295 523 529 1020 566 202 742 576 388 708 544 770 197 318 502 186 421 772 148 947 967 453 320 661 860 375 843 143 292 984 743 181 762 966 665 694 970 826 513 631 360 786 223 909 44 418 890 639 677 905 480 672 346 621 612 587 321 668 524 938 930 947 399 394 625 319 589 949 893 286 817 493 612 695 564 521 790 839 784
176 650 190 137 515 588 219 210 192 533 418 726 618 36 665 222 743 178 313 448 272 165 444 440 498 267 199 538 359 383 310 365 418 599 686 726 0 143 331 257 616 446 542 283 491 663 687 687 505 408 585 324 464 247 412 855 268 358 495 637 348 292 588 121 555 404 698 284 147 355 609 214 637 583 675 546 276 284 479 574 118 605 669 391 674 376 512 848 459 554 458 600 288 585 782 425 620 862 340 181 651 344 661 398 733 126 314 457 538 698 655 278 306 598 184 674 342 352 284 579 574 650 639 62 573 389 687 679 230 468 191 232 437 239 526 387 147 469 600 692 449 407 286 227 329 653 694 689 475 282 616 519 580 239 740 306 711 255 582 379 259
244 506 254 112 531 457 359 178 91 390 461 594 603 179 527 172 640 306 263 335 275 300 480 412 487 132 230 450 216 477 201 440 293 510 542 586 143 0 224 400 494 306 474 351 366 521 549 577 416 435 489 229 351 390 282 723 320 381 357 541 249 174 473 264 452 261 557 224 285 251 602 346 513 536 543 403 366 204 336 431 41 558 530 282 558 467 463 719 469 505 359 580 231 584 656 281 503 729 230 224 508 413 700 314 624 148 398 355 566 554 544 402 289 454 262 709 341 305 395 594 508 553 505 200 430 471 547 550 323 445 216 334 364 254 390 309 116 429 494 599 341 495 406 370 197 522 593 552 381 382 643 377 593 122 633 266 599 128 587 438 277
307 422 478 335 743 272 544 390 286 294 682 591 794 367 498 140 417 509 453 426 229 439 699 603 686 118 256 228 206 699 22 448 364 287 449 539 331 224 0 573 539 185 267 575 420 388 519 357 541 652 592 31 132 564 111 708 544 322 211 317 389 304 538 442 546 205 508 412 432 382 798 546 550 704 545 296 588 378 244 348 221 724 375 60 342 497 633 716 680 672 476 768 420 785 670 234 288 714 355 269 415 417 918 461 689 373 621 465 781 455 611 502 204 366 484 926 552 159 472 804 656 329 328 367 327 695 494 357 388 637 440 408 519 475 233 108 338 609 577 375 118 718 616 542 279 335 369 388 159 442 857 261 801 279 411 156 380 102 792 662 254
303 905 280 357 556 839 54 400 431 790 436 963 698 221 911 442 967 134 488 670 433 148 467 564 586 523 358 754 615 298 553 381 653 813 941 974 257 400 573 0 841 703 737 304 724 920 932 919 697 457 780 559 703 9 664 1091 326 468 751 856 564 529 806 135 761 661 948 476 146 575 677 108 863 713 912 803 253 493 736 830 374 733 925 631 910 351 653 1080 523 690 664 689 475 646 1010 681 859 1098 567 337 907 381 642 594 938 319 282 667 558 954 865 196 479 854 255 658 451 546 245 614 732 869 892 207 830 332 938 928 273 581 333 253 616 366 781 604 365 603 807 907 686 331 164 30 574 904 917 944 698 277 624 776 619 481 968 501 944 509 634 375 407
736 287 579 488 576 500 789 442 424 320 612 141 509 642 167 615 772 713 371 170 732 781 604 404 474 452 713 698 334 753 530 928 201 734 313 225 616 494 539 841 0 389 770 620 128 396 174 696 195 559 149 569 561 832 464 258 577 839 414 732 277 324 49 721 119 337 220 370 763 266 536 750 23 370 104 337 671 348 333 286 535 378 452 548 658 960 344 241 529 352 189 482 373 546 169 310 616 264 276 712 305 899 745 262 153 522 680 180 625 331 84 892 725 295 603 743 469 697 889 604 287 737 498 678 325 718 223 564 818 423 517 828 272 500 430 642 479 370 96 782 573 748 767 817 298 534 746 482 643 876 671 357 596 377 749 682 699 481 568 643 745
475 237 540 391 735 167 665 414 316 109 703 417 749 483 319 312 416 613 436 324 413 585 713 570 658 179 430 308 124 764 189 631 261 348 265 355 446 306 185 703 389 0 381 627 291 218 339 341 447 662 477 216 171 693 81 528 588 507 54 353 335 272 401 567 429 75 324 400 575 322 761 652 396 636 375 112 655 360 62 163 328 653 224 169 309 678 572 539 672 605 385 721 409 755 500 89 257 534 298 439 231 600 918 399 543 436 682 371 780 272 470 666 389 180 553 923 554 339 642 789 572 361 205 497 143 749 310 261 559 603 485 578 454 505 88 268 389 563 448 408 184 776 709 672 220 229 380 246 254 616 850 79 784 281 399 341 353 196 767 699 437
434 577 718 586 1004 333 725 650 548 469 935 790 1061 572 688 321 257 713 719 682 305 589 954 870 951 385 379 85 458 926 287 464 618 104 589 709 542 474 267 737 770 381 0 816 664 495 706 246 801 909 846 250 210 730 307 890 790 313 367 152 655 571 779 626 798 437 680 678 592 647 1064 743 777 970 752 460 818 645 440 521 458 990 452 230 264 525 899 906 942 938 736 1035 686 1050 875 462 246 895 620 400 563 439 1175 727 923 618 854 724 1040 587 849 602 258 528 719 1184 813 193 555 1066 920 163 380 555 486 930 666 359 484 903 689 507 784 729 363 165 591 876 823 184 197 949 823 709 542 360 212 445 126 517 1117 429 1064 546 271 239 273 367 1056 908 333
449 768 97 243 257 791 253 216 311 680 143 757 394 265 732 496 991 182 250 460 556 355 172 271 283 475 481 799 508 141 552 613 470 860 806 800 283 351 575 304 620 627 816 0 527 818 751 927 444 154 525 578 701 298 624 879 43 637 682 892 360 372 577 268 517 562 778 261 335 375 374 196 644 416 710 699 57 297 635 704 358 435 843 633 907 605 364 860 219 397 431 385 256 344 785 569 851 885 381 462 776 599 381 358 685 202 60 439 268 822 622 463 589 728 99 394 164 631 496 319 448 905 833 301 718 122 772 886 477 283 142 469 358 129 715 654 242 314 563 950 692 148 164 296 429 856 944 868 732 512 343 682 322 347 984 586 948 478 334 95 541
608 273 473 368 532 429 674 331 299 251 544 239 501 519 205 488 698 600 279 70 605 657 542 355 437 326 585 597 213 666 409 799 73 639 308 273 491 366 420 724 128 291 664 527 0 362 223 621 173 493 186 449 459 715 357 367 484 712 326 643 168 199 118 600 138 227 254 267 639 154 521 639 146 371 188 271 574 237 245 238 407 385 410 436 586 832 321 357 477 344 125 472 271 523 290 203 538 373 157 583 287 771 712 181 271 405 588 110 581 326 191 766 600 256 496 713 392 576 762 572 296 650 439 553 270 635 250 506 690 381 410 700 217 401 350 526 359 330 159 697 468 665 663 699 170 474 666 441 538 748 638 281 565 252 677 558 629 355 541 565 618
691 112 738 594 883 162 880 602 515 137 873 344 863 699 246 524 403 825 597 424 617 804 877 707 793 397 643 410 314 958 398 835 378 420 104 236 663 521 388 920 396 218 495 818 362 0 255 333 535 827 530 417 310 910 277 413 777 700 178 398 482 447 431 784 486 262 214 569 794 467 882 865 389 733 325 120 852 529 186 125 545 746 59 352 293 886 683 438 823 706 485 834 576 883 429 249 270 417 450 653 94 804 1066 527 530 639 876 470 931 95 478 883 586 106 754 1068 718 524 857 928 655 399 125 715 101 938 202 182 774 736 679 793 573 691 156 442 590 688 484 434 332 966 916 890 389 158 390 87 387 829 993 143 922 473 376 537 327 415 900 880 643
774 144 694 576 741 394 884 550 501 237 764 89 683 719 22 627 656 814 502 292 740 849 760 565 641 466 739 625 344 889 518 951 284 650 156 52 687 549 519 932 174 339 706 751 223 255 0 583 360 712 323 551 499 923 420 188 707 839 340 637 390 404 222 803 290 320 48 490 833 376 708 853 158 544 77 246 797 458 277 185 586 552 315 509 544 992 513 200 689 524 336 656 495 717 175 291 512 194 374 743 162 921 915 402 280 617 811 323 790 172 244 950 722 180 715 913 613 677 937 773 461 640 375 748 221 858 55 437 859 587 630 873 427 623 343 608 569 534 270 680 516 888 883 905 358 410 638 342 584 918 840 278 765 451 630 675 581 493 738 788 759
628 439 832 684 1068 195 895 728 623 376 1023 672 1090 722 570 476 76 866 768 663 509 776 1037 909 996 452 570 181 460 1055 379 699 601 142 437 569 687 577 357 919 696 341 246 927 621 333 583 0 786 988 807 363 226 911 310 746 893 546 296 96 675 605 720 793 759 416 545 730 774 663 1102 901 696 977 646 359 943 691 377 411 578 994 275 297 39 758 914 771 1005 947 725 1062 739 1094 758 429 84 750 638 589 422 671 1249 740 843 725 976 710 1111 428 780 813 464 408 840 1256 881 389 772 1124 911 88 208 718 372 1048 532 154 694 942 788 716 796 818 271 317 686 904 771 106 238 1072 973 889 557 174 58 255 222 735 1183 341 1120 601 58 428 27 449 1105 1010 539
656 441 421 368 381 597 643 302 328 423 419 336 329 524 348 573 862 564 209 123 686 665 410 209 280 429 647 743 344 569 525 854 186 790 474 413 505 416 541 697 195 447 801 444 173 535 360 786 0 366 83 566 606 688 503 446 403 794 490 799 167 249 146 592 77 376 402 225 645 167 352 597 218 197 298 443 498 221 410 411 457 211 583 570 752 876 153 422 334 171 65 301 223 358 346 358 702 452 192 640 456 828 554 107 243 390 501 77 430 493 178 782 692 428 445 553 284 684 790 412 124 808 611 565 444 531 401 678 729 228 363 735 85 335 516 650 358 174 120 855 612 561 600 676 262 645 828 614 679 785 479 450 404 296 843 657 796 455 378 455 692
583 758 221 323 107 830 407 262 367 693 52 701 241 399 696 599 1057 336 230 423 676 504 50 160 137 540 607 881 538 223 630 758 453 940 796 764 408 435 652 457 559 662 909 154 493 827 712 988 366 0 438 662 767 451 677 813 145 766 716 966 345 390 511 417 444 590 747 262 484 360 220 350 583 283 659 713 204 303 656 705 454 300 861 705 962 754 247 789 66 271 376 234 254 190 712 590 906 819 376 590 769 742 265 312 593 297 183 389 132 813 542 616 705 727 235 274 109 735 646 171 333 978 864 439 726 178 744 923 621 157 224 615 287 181 749 744 318 202 485 1025 762 205 307 450 445 891 1013 889 812 660 209 703 173 386 1046 693 1005 550 181 100 666
731 427 504 449 439 613 727 384 403 433 490 282 361 605 316 638 884 647 292 166 753 746 478 278 337 486 719 781 388 647 579 929 228 825 456 375 585 489 592 780 149 477 846 525 186 530 323 807 83 438 0 619 643 772 541 379 484 861 513 830 240 316 103 675 48 410 369 307 726 237 388 681 167 222 252 453 580 301 431 411 530 228 583 616 771 952 203 352 398 205 129 334 306 401 276 389 724 384 259 713 444 902 602 188 160 472 581 134 487 475 104 863 755 425 528 599 363 741 869 461 138 837 620 645 448 608 371 687 806 289 447 813 167 418 536 700 438 238 54 884 651 637 683 760 318 655 853 614 720 862 528 466 452 367 863 718 814 514 423 530 761
285 453 481 341 755 294 533 401 298 325 690 623 811 359 530 119 419 502 469 453 200 421 708 620 701 138 231 221 235 699 40 418 392 282 480 570 324 229 31 559 569 216 250 578 449 417 551 363 566 662 619 0 144 551 140 740 549 290 240 315 410 325 567 430 574 236 540 427 417 405 814 538 581 725 577 327 587 396 276 380 220 745 401 74 351 469 653 748 692 692 501 786 436 800 702 265 299 746 377 246 446 387 927 483 719 376 622 491 792 485 640 479 173 397 485 936 563 128 447 817 679 328 350 355 358 696 526 375 364 653 445 384 540 483 260 86 345 628 605 372 127 718 610 529 304 355 370 412 153 416 868 292 814 296 416 124 387 117 806 667 225
426 376 606 459 853 163 676 506 401 261 801 581 888 499 480 263 290 642 555 484 326 566 816 701 787 228 371 138 262 829 153 538 420 184 393 505 464 351 132 703 561 171 210 701 459 310 499 226 606 767 643 144 0 695 103 685 668 395 158 200 473 395 572 573 595 232 476 515 561 463 896 678 567 786 542 254 717 478 229 314 352 805 281 72 210 593 718 699 789 754 541 861 524 886 666 255 156 690 436 387 364 508 1031 542 714 499 749 529 893 394 641 619 288 324 613 1039 663 219 584 911 728 211 219 498 282 822 462 234 502 735 563 523 600 594 161 134 460 701 618 259 22 846 748 673 355 217 245 285 84 551 968 221 908 383 282 241 248 222 895 785 354
296 896 272 347 551 830 46 391 422 781 431 954 692 211 901 434 959 126 479 661 427 142 462 556 580 514 351 746 605 296 545 379 644 806 932 965 247 390 564 9 832 693 730 298 715 910 923 911 688 451 772 551 695 0 655 1082 319 463 742 848 555 520 797 126 752 652 938 467 138 566 672 101 854 706 903 794 248 484 726 821 365 726 916 623 902 350 645 1071 517 683 655 683 467 641 1001 671 850 1089 558 330 898 377 640 585 930 310 277 658 553 945 856 195 472 844 247 656 444 539 243 609 724 862 883 198 821 330 928 919 268 574 325 249 607 358 772 597 355 596 798 899 678 329 162 21 565 895 909 935 690 274 620 767 614 471 960 493 936 500 629 371 400
415 314 531 381 759 176 630 419 315 187 714 498 788 448 400 247 381 586 459 380 341 537 727 602 689 150 365 240 159 756 121 559 316 288 339 435 412 282 111 664 464 81 307 624 357 277 420 310 503 677 541 140 103 655 0 609 588 430 99 301 371 297 472 529 493 130 404 420 529 361 797 625 472 683 455 187 645 382 143 242 294 702 267 88 285 608 616 620 695 651 438 760 429 788 580 155 229 615 335 377 306 528 939 440 617 424 675 425 801 344 542 608 313 258 541 946 571 259 580 816 624 311 228 456 218 746 391 268 497 636 482 517 498 510 123 187 381 601 516 359 110 771 688 633 253 241 339 283 180 552 874 152 812 291 368 264 327 156 798 703 365
955 314 836 735 818 567 1041 696 665 424 865 128 728 885 209 813 814 967 630 424 927 1020 856 654 716 650 923 807 527 1011 706 1136 439 826 309 181 855 723 708 1091 258 528 890 879 367 413 188 746 446 813 379 740 685 1082 609 0 836 1027 526 809 531 564 303 967 368 507 209 627 1003 518 758 1005 234 591 180 430 930 602 466 370 761 592 470 698 707 1175 582 38 777 580 447 703 630 775 104 478 681 6 524 926 329 1106 977 520 254 772 938 439 866 318 275 1125 910 361 859 972 726 866 1116 838 510 811 538 917 403 975 223 593 1039 668 773 1053 528 758 526 796 726 616 328 847 702 1005 1024 1066 526 571 803 492 769 1099 903 463 828 616 787 863 739 678 798 900 945
440 725 77 209 252 753 273 175 273 639 150 714 378 255 688 472 959 197 206 417 540 359 176 239 262 441 467 770 468 184 521 612 426 831 763 756 268 320 544 326 577 588 790 43 484 777 707 893 403 145 484 549 668 319 588 836 0 626 643 861 317 330 534 272 476 522 735 218 339 332 361 218 601 387 667 657 95 254 594 662 331 407 802 601 872 609 330 818 205 366 388 366 212 333 742 528 816 842 338 449 733 597 393 315 645 172 104 397 271 780 581 472 571 686 89 405 128 608 501 316 413 874 794 295 676 161 729 848 475 255 105 469 317 86 676 626 207 281 521 920 660 189 199 315 387 817 912 828 702 515 348 642 318 307 951 564 913 446 326 118 527
188 744 548 465 872 558 471 544 472 616 775 907 969 371 818 224 569 487 639 699 108 324 802 783 849 387 160 365 507 714 321 152 645 411 769 860 358 381 322 468 839 507 313 637 712 700 839 546 794 766 861 290 395 463 430 1027 626 0 527 459 627 545 829 389 821 520 830 602 334 627 962 506 854 915 860 617 619 585 566 670 343 937 675 348 554 212 842 1033 816 884 734 948 609 940 983 549 517 1034 602 176 736 126 1017 694 982 475 657 727 896 774 902 301 117 687 539 1030 695 176 251 937 889 472 615 336 648 730 816 620 195 814 546 216 745 593 543 260 474 805 858 497 373 742 590 444 547 609 522 681 339 211 974 582 938 498 580 165 573 358 939 732 104
512 220 594 445 788 114 714 469 371 102 757 423 798 532 322 346 372 664 489 366 440 630 767 621 709 227 464 288 178 819 220 659 305 320 242 347 495 357 211 751 414 54 367 682 326 178 340 296 490 716 513 240 158 742 99 526 643 527 0 318 386 326 431 615 465 127 318 454 620 373 811 704 417 681 386 95 709 413 82 155 377 698 174 180 262 708 620 541 725 651 429 770 462 806 508 134 212 531 349 475 210 628 971 447 566 490 736 414 833 246 496 705 411 166 607 976 607 354 679 841 615 325 150 544 124 804 304 207 595 653 540 615 502 560 33 276 443 612 480 371 176 830 762 720 273 175 339 194 243 651 902 62 836 336 353 363 306 241 818 754 465
558 496 795 652 1053 242 837 704 599 413 998 725 1088 670 622 418 112 814 756 676 434 710 1014 902 988 426 501 101 460 1014 339 612 613 48 500 629 637 541 317 856 732 353 152 892 643 398 637 96 799 966 830 315 200 848 301 809 861 459 318 0 672 596 750 735 781 424 603 716 710 662 1097 848 734 983 694 398 903 679 400 456 536 1002 345 261 122 672 917 831 989 952 736 1062 725 1087 811 442 128 814 636 521 480 586 1231 741 882 690 937 722 1093 494 815 737 388 457 800 1238 863 314 694 1112 923 13 273 661 417 1011 590 233 618 935 756 641 799 791 301 252 654 901 799 58 204 1033 923 826 555 245 63 331 162 656 1168 374 1108 584 120 356 122 416 1096 979 463
491 415 305 214 404 500 512 165 163 349 392 405 416 371 371 407 749 436 117 107 519 511 395 235 323 272 480 604 214 500 371 688 110 656 453 439 348 249 389 564 277 335 655 360 168 482 390 675 167 345 240 410 473 555 371 531 317 627 386 672 0 85 243 446 207 259 418 99 492 15 427 474 300 315 355 370 406 70 317 360 290 335 518 426 644 712 245 518 343 283 111 389 104 420 446 253 590 537 36 473 425 662 588 72 385 245 421 109 451 470 307 626 526 382 328 592 237 523 630 455 269 682 527 409 381 471 412 590 565 267 242 573 129 232 417 496 204 229 252 730 474 501 495 540 117 557 709 547 537 622 518 363 450 128 733 493 688 296 432 405 525
418 398 298 172 464 440 480 156 100 309 432 435 493 320 382 323 677 410 164 160 437 458 441 306 392 187 403 523 148 513 286 614 125 577 436 448 292 174 304 529 324 272 571 372 199 447 404 605 249 390 316 325 395 520 297 564 330 545 326 596 85 0 300 402 278 199 422 127 440 82 501 449 344 399 384 328 409 87 267 332 215 420 475 345 577 642 328 556 400 367 188 467 136 491 489 201 522 571 57 398 405 587 646 157 449 213 431 182 507 452 369 568 442 356 317 651 281 437 566 519 355 607 474 354 346 491 414 533 497 339 236 506 214 244 359 411 165 306 319 655 395 519 485 502 57 501 636 502 456 555 579 315 515 53 663 408 620 210 501 433 444
