67
0 758 822 570 335 215 83 465 396 410 644 749 288 648 217 736 87 1070 488 593 376 816 279 262 819 334 334 562 581 298 178 732 300 188 218 736 551 80 400 353 819 450 787 511 511 726 276 355 670 109 215 949 902 602 643 67 810 843 761 568 223 656 481 990 754 552 670
758 0 879 317 469 741 682 672 633 353 874 215 619 407 581 747 819 371 574 179 665 82 792 643 762 477 823 628 531 482 924 161 572 714 751 22 725 837 680 551 805 309 223 280 421 296 524 442 138 741 682 233 155 258 351 750 150 90 80 487 716 824 671 330 724 205 347
822 879 0 999 893 1006 827 364 1095 719 213 680 993 1132 879 133 788 895 1129 748 450 858 566 569 140 901 526 302 367 850 960 723 965 634 611 863 272 845 424 523 87 753 693 886 504 1100 641 882 745 914 972 872 909 633 1087 757 780 898 949 411 1000 172 349 806 155 795 1102
570 317 999 0 234 479 486 694 329 288 925 469 346 133 356 868 650 687 258 287 647 398 711 571 913 236 758 703 632 273 705 418 305 606 652 305 775 648 671 528 944 248 495 112 495 156 439 215 345 514 425 549 466 401 91 589 451 401 267 589 454 893 701 644 859 218 113
335 469 893 234 0 271 252 547 216 205 777 536 156 321 122 773 416 823 236 343 481 541 504 381 835 9 557 591 550 49 475 500 109 393 441 450 638 414 507 375 856 207 571 193 422 390 262 27 425 284 212 690 624 412 309 358 562 559 452 515 247 759 558 759 774 278 336
215 741 1006 479 271 0 180 642 209 441 843 792 133 517 171 906 295 1091 314 607 556 812 489 436 983 264 546 723 717 265 251 761 174 386 425 721 733 256 582 497 990 462 829 463 616 625 388 298 689 105 58 959 895 656 530 279 829 831 721 694 25 846 657 1023 918 547 557
83 682 827 486 252 180 0 463 330 339 663 686 218 566 134 730 167 1003 415 521 376 742 316 257 809 250 373 550 553 215 243 665 222 208 250 660 554 162 402 327 814 376 724 429 467 642 230 271 600 91 158 879 828 541 560 119 741 768 682 535 178 666 479 925 744 476 587
465 672 364 694 547 642 463 0 738 405 231 532 633 822 518 271 443 837 783 502 88 685 243 206 356 555 229 114 191 501 617 552 609 280 267 652 93 497 66 172 354 449 562 584 252 821 286 541 536 551 608 759 759 416 785 402 630 724 723 216 636 212 16 743 292 523 805
396 633 1095 329 216 209 330 738 0 421 960 737 112 328 223 979 483 1001 107 541 662 712 642 549 1046 207 698 796 762 249 460 696 129 529 575 617 831 454 689 571 1063 419 771 359 638 453 454 237 619 296 183 864 787 623 353 448 749 722 594 729 188 951 751 947 983 470 378
410 353 719 288 205 441 339 405 421 0 636 352 353 418 269 592 466 664 425 183 364 406 455 306 646 214 494 419 360 183 583 327 309 366 406 331 487 488 386 242 672 49 389 178 225 419 177 184 261 412 385 540 492 214 379 397 401 435 371 321 421 606 412 588 588 152 400
644 874 213 925 777 843 663 231 960 636 0 705 852 1053 737 220 598 976 1011 716 298 874 372 412 297 784 325 246 346 730 766 737 831 458 426 856 152 655 271 403 261 678 728 814 457 1047 514 772 736 744 817 923 940 616 1016 577 807 914 933 388 841 66 223 882 260 746 1035
749 215 680 469 536 792 686 532 737 352 705 0 692 586 621 551 790 325 706 196 551 178 705 567 556 545 723 462 360 528 927 55 646 654 680 206 565 822 558 458 602 331 37 387 290 496 479 510 124 764 735 227 234 147 530 723 102 218 294 322 771 649 527 240 524 268 532
288 619 993 346 156 133 218 633 112 353 852 692 0 386 115 882 376 979 200 500 555 694 529 440 952 147 586 698 673 170 376 656 47 417 462 601 726 352 582 470 967 363 728 340 555 491 353 183 581 195 85 844 775 565 396 337 718 710 594 643 108 845 647 915 889 434 423
648 407 1132 133 321 517 566 822 328 418 1053 586 386 0 431 1002 733 768 229 414 771 488 821 687 1046 319 871 835 765 367 761 532 356 711 759 401 905 722 795 653 1078 379 608 245 628 139 557 310 463 575 471 632 542 531 56 677 553 482 340 722 493 1024 829 737 992 348 64
217 581 879 356 122 171 134 518 223 269 737 621 115 431 0 768 301 924 291 438 440 649 424 326 840 119 480 584 564 99 352 591 98 311 357 561 611 293 467 356 853 292 658 312 452 511 239 146 520 163 115 793 733 484 426 249 660 670 570 536 152 730 532 853 776 381 454
736 747 133 868 773 906 730 271 979 592 220 551 882 1002 768 0 713 784 1008 615 360 729 502 475 89 781 472 184 236 732 887 593 851 551 535 731 193 768 337 412 84 624 566 756 373 967 528 760 612 819 868 750 782 500 956 673 652 769 816 279 897 154 255 693 40 663 971
87 819 788 650 416 295 167 443 483 466 598 790 376 733 301 713 0 1115 575 648 356 872 225 256 799 416 276 549 583 376 174 779 387 166 177 797 522 57 376 363 793 510 828 584 533 806 311 434 722 191 301 999 958 642 726 68 858 901 828 577 306 617 459 1031 735 614 753
1070 371 895 687 823 1091 1003 837 1001 664 976 325 979 768 924 784 1115 0 945 485 868 289 1027 892 756 832 1042 749 650 826 1246 337 931 979 1005 384 852 1145 872 782 808 632 289 644 609 640 804 796 404 1075 1033 138 225 472 713 1047 263 287 428 621 1068 913 829 94 748 545 704
488 574 1129 258 236 314 415 783 107 425 1011 706 200 229 291 1008 575 945 0 511 713 656 715 607 1068 228 770 827 782 281 566 659 193 601 649 562 874 552 740 611 1091 410 736 319 649 361 497 247 583 394 281 807 725 608 262 534 703 660 525 745 292 995 794 899 1008 437 284
593 179 748 287 343 607 521 502 541 183 716 196 500 414 438 615 648 485 511 0 489 224 612 464 646 352 644 474 384 341 765 156 453 536 572 157 564 671 505 373 684 147 229 193 258 354 347 316 81 590 548 358 310 119 361 579 222 254 220 339 584 671 504 416 599 73 370
376 665 450 647 481 556 376 88 662 364 298 551 555 771 440 360 356 868 713 489 0 689 171 119 444 487 174 194 247 433 529 563 533 191 182 644 177 410 27 121 442 411 584 542 261 783 218 478 534 464 525 779 768 421 739 313 643 726 708 257 551 291 105 776 380 497 761
816 82 858 398 541 812 742 685 712 406 874 178 694 488 649 729 872 289 656 224 689 0 826 680 734 549 853 628 527 550 986 137 647 757 791 94 729 894 700 581 781 366 173 356 433 371 569 514 156 807 753 152 86 269 432 803 87 40 152 486 788 820 682 248 703 268 426
279 792 566 711 504 489 316 243 642 455 372 705 529 821 424 502 225 1027 715 612 171 826 0 149 590 508 56 358 418 455 395 709 522 113 66 770 309 282 180 247 578 505 740 618 417 860 279 511 670 385 475 930 909 565 799 212 791 862 823 427 492 394 259 936 529 604 823
262 643 569 571 381 436 257 206 549 306 412 567 440 687 326 475 256 892 607 464 119 680 149 0 557 386 188 300 326 332 426 567 421 93 113 621 297 306 145 112 559 356 603 474 288 717 133 383 524 345 406 789 764 424 661 204 649 715 674 322 432 410 222 803 492 455 685
819 762 140 913 835 983 809 356 1046 646 297 556 952 1046 840 89 799 756 1068 646 444 734 590 557 0 844 561 259 286 797 973 603 919 636 622 748 281 854 423 486 52 673 565 801 422 1001 600 821 632 899 943 737 780 527 998 758 653 773 836 326 973 235 340 668 64 701 1011
334 477 901 236 9 264 250 555 207 214 784 545 147 319 119 781 416 832 228 352 487 549 508 386 844 0 561 600 559 54 471 509 100 396 444 458 645 412 514 383 864 217 580 199 431 392 269 36 434 280 205 698 631 422 309 358 571 567 458 524 239 767 566 768 783 287 336
334 823 526 758 557 546 373 229 698 494 325 723 586 871 480 472 276 1042 770 644 174 853 56 188 561 561 0 343 415 508 441 731 578 169 123 801 280 333 175 272 545 544 756 662 433 905 321 562 697 441 532 950 934 588 847 268 813 889 858 430 549 353 243 949 501 641 871
562 628 302 703 591 723 550 114 796 419 246 462 698 835 584 184 549 749 827 474 194 628 358 300 259 600 343 0 102 549 722 491 667 384 377 610 103 602 178 228 268 455 487 591 216 815 344 580 490 640 684 684 696 370 793 503 563 668 689 142 715 197 100 655 194 510 810
581 531 367 632 550 717 553 191 762 360 346 360 673 765 564 236 583 650 782 384 247 527 418 326 286 559 415 102 0 513 751 390 637 418 422 513 206 632 240 227 313 388 385 520 137 733 329 535 393 645 672 582 593 274 720 528 461 567 594 44 705 293 181 555 228 428 735
298 482 850 273 49 265 215 501 249 183 730 528 170 367 99 732 376 826 281 341 433 550 455 332 797 54 508 549 513 0 448 496 127 344 392 462 592 378 459 330 815 197 564 215 389 429 215 58 423 260 207 695 634 397 353 315 563 571 472 480 243 713 512 757 735 282 379
178 924 960 705 475 251 243 617 460 583 766 927 376 761 352 887 174 1246 566 765 529 986 395 426 973 471 441 722 751 448 0 908 406 338 351 903 696 120 550 526 967 619 964 664 689 858 455 499 844 190 290 1123 1072 780 767 222 984 1011 920 742 273 789 633 1167 909 719 794
732 161 723 418 500 761 665 552 696 327 737 55 656 532 591 593 779 337 659 156 563 137 709 567 603 509 731 491 390 496 908 0 609 650 680 152 593 807 572 462 648 299 77 340 303 440 469 473 76 739 703 222 206 143 476 710 81 177 240 349 739 683 549 262 568 225 478
300 572 965 305 109 174 222 609 129 309 831 646 47 356 98 851 387 931 193 453 533 647 522 421 919 100 578 667 637 127 406 609 0 409 455 554 701 369 560 442 935 316 681 293 516 454 325 136 534 219 120 796 728 520 361 341 671 663 548 606 149 821 622 868 856 387 388
188 714 634 606 393 386 208 280 529 366 458 654 417 711 311 551 166 979 601 536 191 757 113 93 636 396 169 384 418 344 338 650 409 0 47 692 364 218 213 205 633 415 690 518 380 757 190 401 602 286 367 872 842 508 692 123 731 790 738 415 387 468 296 892 572 518 717
218 751 611 652 441 425 250 267 575 406 426 680 462 759 357 535 177 1005 649 572 182 791 66 113 622 444 123 377 422 392 351 680 455 47 0 729 344 234 200 224 615 456 716 563 400 803 229 449 635 322 409 902 875 537 739 151 762 825 778 425 427 441 283 917 559 558 764
736 22 863 305 450 721 660 652 617 331 856 206 601 401 561 731 797 384 562 157 644 94 770 621 748 458 801 610 513 462 903 152 554 692 729 0 706 816 659 530 791 287 218 262 401 295 502 423 120 721 663 246 173 239 345 728 152 109 88 469 697 806 651 339 709 184 342
551 725 272 775 638 733 554 93 831 487 152 565 726 905 611 193 522 852 874 564 177 729 309 297 281 645 280 103 206 592 696 593 701 364 344 706 0 578 152 262 271 528 591 663 306 896 378 631 587 641 701 788 798 467 866 487 666 769 783 243 728 121 79 758 221 594 885
80 837 845 648 414 256 162 497 454 488 655 822 352 722 293 768 57 1145 552 671 410 894 282 306 854 412 333 602 632 378 120 807 369 218 234 816 578 0 431 408 849 529 860 591 574 804 345 434 747 158 271 1026 981 675 720 104 886 922 842 624 270 674 514 1063 790 632 747
400 680 424 671 507 582 402 66 689 386 271 558 582 795 467 337 376 872 740 505 27 700 180 145 423 514 175 178 240 459 550 572 560 213 200 659 152 431 0 143 419 433 590 564 269 805 244 504 547 489 551 786 778 431 762 336 652 738 725 256 577 265 83 779 359 516 784
353 551 523 528 375 497 327 172 571 242 403 458 470 653 356 412 363 782 611 373 121 581 247 112 486 383 272 228 227 330 526 462 442 205 224 530 262 408 143 0 497 290 494 420 176 662 117 369 425 419 456 683 663 318 619 304 543 617 590 215 487 383 183 693 422 377 640
819 805 87 944 856 990 814 354 1063 672 261 602 967 1078 853 84 793 808 1091 684 442 781 578 559 52 864 545 268 313 815 967 648 935 633 615 791 271 849 419 497 0 702 613 832 450 1038 613 843 674 904 952 788 828 566 1031 756 700 820 878 355 982 204 337 720 85 736 1045
450 309 753 248 207 462 376 449 419 49 678 331 363 379 292 624 510 632 410 147 411 366 505 356 673 217 544 455 388 197 619 299 316 415 456 287 528 529 433 290 702 0 367 135 251 372 226 183 228 443 404 505 452 205 338 441 369 393 323 347 440 645 455 561 617 104 357
787 223 693 495 571 829 724 562 771 389 728 37 728 608 658 566 828 289 736 229 584 173 740 603 565 580 756 487 385 564 964 77 681 690 716 218 591 860 590 494 613 367 0 417 323 512 516 545 153 801 771 197 216 185 552 760 88 210 304 349 807 670 556 203 537 301 553
511 280 886 112 193 463 429 584 359 178 814 387 340 245 312 756 584 644 319 193 542 356 618 474 801 199 662 591 520 215 664 340 293 518 563 262 663 591 564 420 832 135 417 0 382 243 340 166 264 475 405 507 435 298 202 519 390 370 259 477 438 781 590 587 747 119 221
511 421 504 495 422 616 467 252 638 225 457 290 555 628 452 373 533 609 649 258 261 433 417 288 422 431 433 216 137 389 689 303 516 380 400 401 306 574 269 176 450 251 323 382 0 599 237 404 284 556 566 517 509 164 583 470 382 472 476 96 600 414 250 519 365 294 598
726 296 1100 156 390 625 642 821 453 419 1047 496 491 139 511 967 806 640 361 354 783 371 860 717 1001 392 905 815 733 429 858 440 454 757 803 295 896 804 805 662 1038 372 512 243 599 0 584 371 382 668 574 507 415 473 99 745 446 359 219 688 600 1010 826 617 953 305 76
276 524 641 439 262 388 230 286 454 177 514 479 353 557 239 528 311 804 497 347 218 569 279 133 600 269 321 344 329 215 455 469 325 190 229 502 378 345 244 117 613 226 516 340 237 584 0 259 415 320 343 690 655 331 529 243 549 601 548 307 376 498 298 720 536 328 552
355 442 882 215 27 298 271 541 237 184 772 510 183 310 146 760 434 796 247 316 478 514 511 383 821 36 562 580 535 58 499 473 136 401 449 423 631 434 504 369 843 183 545 166 404 371 259 0 397 309 240 662 596 388 294 374 535 532 425 499 274 752 552 731 760 251 320
670 138 745 345 425 689 600 536 619 261 736 124 581 463 520 612 722 404 583 81 534 156 670 524 632 434 697 490 393 423 844 76 534 602 635 120 587 747 547 425 674 228 153 264 284 382 415 397 0 671 630 279 240 120 408 653 141 192 204 349 666 686 534 334 591 149 412
109 741 914 514 284 105 91 551 296 412 744 764 195 575 163 819 191 1075 394 590 464 807 385 345 899 280 441 640 645 260 190 739 219 286 322 721 641 158 489 419 904 443 801 475 556 668 320 309 671 0 113 948 892 620 578 173 812 830 733 626 114 751 567 1001 835 539 605
215 682 972 425 212 58 158 608 183 385 817 735 85 471 115 868 301 1033 281 548 525 753 475 406 943 205 532 684 672 207 290 703 120 367 409 663 701 271 551 456 952 404 771 405 566 574 343 240 630 113 0 901 836 599 480 271 770 772 663 647 36 816 623 965 878 488 507
949 233 872 549 690 959 879 759 864 540 923 227 844 632 793 750 999 138 807 358 779 152 930 789 737 698 950 684 582 695 1123 222 796 872 902 246 788 1026 786 683 788 505 197 507 517 507 690 662 279 948 901 0 93 365 577 931 141 150 291 547 936 863 754 118 718 412 569
902 155 909 466 624 895 828 759 787 492 940 234 775 542 733 782 958 225 725 310 768 86 909 764 780 631 934 696 593 634 1072 206 728 842 875 173 798 981 778 663 828 452 216 435 509 415 655 596 240 892 836 93 0 347 488 889 132 65 202 554 871 883 755 210 753 353 478
602 258 633 401 412 656 541 416 623 214 616 147 565 531 484 500 642 472 608 119 421 269 565 424 527 422 588 370 274 397 780 143 520 508 537 239 467 675 431 318 566 205 185 298 164 473 331 388 120 620 599 365 347 0 479 575 225 307 320 230 636 567 415 388 482 183 489
643 351 1087 91 309 530 560 785 353 379 1016 530 396 56 426 956 726 713 262 361 739 432 799 661 998 309 847 793 720 353 767 476 361 692 739 345 866 720 762 619 1031 338 552 202 583 99 529 294 408 578 480 577 488 479 0 668 497 427 285 676 505 984 792 681 945 297 27
67 750 757 589 358 279 119 402 448 397 577 723 337 677 249 673 68 1047 534 579 313 803 212 204 758 358 268 503 528 315 222 710 341 123 151 728 487 104 336 304 756 441 760 519 470 745 243 374 653 173 271 931 889 575 668 0 790 832 761 519 284 590 418 963 693 546 694
810 150 780 451 562 829 741 630 749 401 807 102 718 553 660 652 858 263 703 222 643 87 791 649 653 571 813 563 461 563 984 81 671 731 762 152 666 886 652 543 700 369 88 390 382 446 549 535 141 812 770 141 132 225 497 790 0 122 229 422 806 751 625 197 624 284 494
843 90 898 401 559 831 768 724 722 435 914 218 710 482 670 769 901 287 660 254 726 40 862 715 773 567 889 668 567 571 1011 177 663 790 825 109 769 922 738 617 820 393 210 370 472 359 601 532 192 830 772 150 65 307 427 832 122 0 141 526 806 860 721 259 742 291 419
761 80 949 267 452 721 682 723 594 371 933 294 594 340 570 816 828 428 525 220 708 152 823 674 836 458 858 689 594 472 920 240 548 738 778 88 783 842 725 590 878 323 304 259 476 219 548 425 204 733 663 291 202 320 285 761 229 141 0 550 696 886 724 398 795 219 277
568 487 411 589 515 694 535 216 729 321 388 322 643 722 536 279 577 621 745 339 257 486 427 322 326 524 430 142 44 480 742 349 606 415 425 469 243 624 256 215 355 347 349 477 96 688 307 499 349 626 647 547 554 230 676 519 422 526 550 0 680 337 208 527 270 384 691
223 716 1000 454 247 25 178 636 188 421 841 771 108 493 152 897 306 1068 292 584 551 788 492 432 973 239 549 715 705 243 273 739 149 387 427 697 728 270 577 487 982 440 807 438 600 600 376 274 666 114 36 936 871 636 505 284 806 806 696 680 0 842 651 1001 909 523 531
656 824 172 893 759 846 666 212 951 606 66 649 845 1024 730 154 617 913 995 671 291 820 394 410 235 767 353 197 293 713 789 683 821 468 441 806 121 674 265 383 204 645 670 781 414 1010 498 752 686 751 816 863 883 567 984 590 751 860 886 337 842 0 200 819 194 706 1002
481 671 349 701 558 657 479 16 751 412 223 527 647 829 532 255 459 829 794 504 105 682 259 222 340 566 243 100 181 512 633 549 622 296 283 651 79 514 83 183 337 455 556 590 250 826 298 552 534 567 623 754 755 415 792 418 625 721 724 208 651 200 0 735 276 527 812
990 330 806 644 759 1023 925 743 947 588 882 240 915 737 853 693 1031 94 899 416 776 248 936 803 668 768 949 655 555 757 1167 262 868 892 917 339 758 1063 779 693 720 561 203 587 519 617 720 731 334 1001 965 118 210 388 681 963 197 259 398 527 1001 819 735 0 657 481 675
754 724 155 859 774 918 744 292 983 588 260 524 889 992 776 40 735 748 1008 599 380 703 529 492 64 783 501 194 228 735 909 568 856 572 559 709 221 790 359 422 85 617 537 747 365 953 536 760 591 835 878 718 753 482 945 693 624 742 795 270 909 194 276 657 0 650 960
552 205 795 218 278 547 476 523 470 152 746 268 434 348 381 663 614 545 437 73 497 268 604 455 701 287 641 510 428 282 719 225 387 518 558 184 594 632 516 377 736 104 301 119 294 305 328 251 149 539 488 412 353 183 297 546 284 291 219 384 523 706 527 481 650 0 310
670 347 1102 113 336 557 587 805 378 400 1035 532 423 64 454 971 753 704 284 370 761 426 823 685 1011 336 871 810 735 379 794 478 388 717 764 342 885 747 784 640 1045 357 553 221 598 76 552 320 412 605 507 569 478 489 27 694 494 419 277 691 531 1002 812 675 960 310 0
