114
0 129 438 288 585 422 505 836 795 696 483 830 736 612 716 874 910 161 872 820 864 369 94 837 809 628 370 615 454 1084 171 664 482 904 768 415 738 726 862 732 258 119 697 194 709 686 688 138 911 91 672 544 847 465 38 747 470 351 806 449 665 618 926 852 824 686 47 219 513 369 202 830 835 140 640 978 384 187 733 602 587 422 1144 273 357 432 385 1083 381 860 403 801 68 805 772 124 400 910 850 515 759 201 755 269 457 114 892 573 735 739 291 352 224 526
129 0 500 241 651 519 561 798 800 613 431 822 755 522 610 819 917 160 855 766 947 293 223 740 775 573 440 698 472 1066 42 765 551 871 669 321 835 619 958 804 287 182 772 164 738 788 718 259 946 150 591 629 782 567 166 817 365 443 849 381 732 713 879 879 887 588 129 181 525 359 201 910 807 265 537 994 361 255 706 710 575 386 1143 389 410 524 476 1080 470 913 334 853 180 808 698 15 285 866 771 470 728 151 652 149 510 29 913 519 831 656 358 267 99 471
438 500 0 361 151 162 69 592 430 649 407 494 346 618 765 685 531 344 558 638 456 444 400 823 559 499 72 217 165 754 523 337 55 633 776 515 383 782 495 305 221 548 276 361 299 356 280 342 484 527 628 164 697 203 432 316 588 146 372 448 232 270 698 437 387 711 485 362 204 255 313 416 560 361 694 575 292 252 475 327 321 340 770 276 91 136 132 715 125 422 433 363 475 443 674 508 585 677 758 398 509 389 785 534 39 511 486 463 373 682 147 465 532 438
288 241 361 0 503 453 402 558 569 415 196 585 536 341 467 588 686 131 615 534 815 102 339 570 534 341 330 579 268 825 236 686 417 630 505 171 741 481 856 657 158 396 633 93 531 707 511 329 738 363 392 521 558 507 315 664 244 380 655 165 580 623 643 665 719 426 323 68 309 137 104 773 566 349 390 769 126 220 465 654 339 144 906 405 275 444 403 842 395 729 122 670 356 577 486 256 224 628 566 231 487 92 500 191 354 268 692 286 732 458 268 109 212 238
585 651 151 503 0 221 101 609 390 736 513 468 294 721 870 719 467 495 540 678 311 577 538 909 576 575 214 107 262 711 675 256 102 632 870 646 275 888 369 155 371 691 130 511 231 269 220 478 370 672 718 111 746 229 576 165 717 255 251 566 80 193 714 344 239 813 631 511 269 383 464 269 564 495 804 487 416 401 498 285 371 456 696 386 242 194 226 649 224 283 560 228 617 403 743 659 724 692 824 494 532 539 885 683 149 662 400 550 261 764 295 601 683 536
422 519 162 453 221 0 209 754 581 794 545 650 490 752 896 847 673 388 716 799 447 549 353 967 721 652 134 203 321 906 551 246 149 794 915 621 316 912 440 334 295 511 295 419 435 269 419 293 592 498 772 134 856 53 402 353 695 76 472 573 285 196 860 561 441 845 462 430 365 381 373 416 722 304 821 704 420 268 637 201 483 473 908 175 197 28 49 857 58 499 549 447 436 594 827 522 674 839 912 544 672 449 920 594 201 520 616 611 313 830 185 562 577 581
505 561 69 402 101 209 0 555 371 647 416 441 283 626 775 656 468 402 508 611 413 475 470 821 521 490 142 194 165 697 581 332 61 589 779 545 366 793 468 255 276 617 231 414 232 349 215 412 414 595 628 161 675 239 500 262 616 210 302 466 177 265 661 369 326 719 552 413 183 281 368 370 517 431 707 508 315 318 439 340 296 356 705 343 150 181 191 652 185 355 458 296 544 384 662 570 622 639 745 400 474 441 791 583 50 573 419 460 353 677 214 500 586 442
836 798 592 558 609 754 555 0 270 332 368 195 349 404 499 125 315 674 146 114 824 518 862 438 33 240 637 715 444 296 787 865 615 79 446 530 871 516 933 683 600 950 692 646 410 877 409 827 500 918 334 710 187 792 856 672 548 725 518 431 628 802 106 423 654 446 876 624 391 471 633 781 64 850 482 414 452 696 117 890 276 415 428 832 587 728 721 367 713 598 473 569 901 262 257 813 627 84 297 327 83 650 480 705 553 825 397 287 854 322 651 552 747 332
795 800 430 569 390 581 371 270 0 538 436 84 96 576 705 396 117 647 157 375 559 578 791 681 243 386 495 487 342 325 803 633 431 263 671 621 626 724 674 428 536 914 444 635 161 641 169 742 238 886 530 500 450 606 803 414 667 576 248 512 386 576 360 156 386 647 841 619 282 440 604 517 209 764 665 204 443 620 204 674 233 437 350 704 466 552 561 290 555 327 538 301 850 13 494 813 721 339 554 393 225 650 700 753 392 822 146 401 608 545 540 613 781 424
696 613 649 415 736 794 647 332 538 0 251 491 577 97 169 268 621 547 467 232 1019 326 755 173 334 165 660 840 486 622 587 980 694 406 137 293 1011 187 1103 859 537 791 853 506 617 997 606 743 774 758 23 807 201 844 727 855 272 737 751 250 787 913 351 691 869 114 724 481 467 418 518 973 384 764 153 723 380 624 335 976 375 325 760 801 597 775 749 699 739 837 294 792 764 536 99 628 363 350 158 250 324 494 162 481 619 643 683 187 997 43 632 346 533 213
483 431 407 196 513 545 416 368 436 251 0 429 433 211 359 392 546 323 445 338 813 153 526 422 347 145 410 610 251 648 419 743 456 444 370 184 782 377 882 651 289 592 638 289 451 761 434 505 644 559 228 569 365 596 508 651 235 486 587 76 574 676 448 562 684 304 520 264 251 166 287 768 385 527 291 640 129 381 288 732 208 75 747 552 348 528 499 682 489 670 108 617 551 440 302 446 286 434 386 44 304 287 378 339 381 459 575 90 769 289 381 188 379 43
830 822 494 585 468 650 441 195 84 491 429 0 178 541 661 320 130 676 72 305 642 579 834 622 172 352 554 568 385 262 821 715 502 178 619 612 710 679 758 513 574 949 529 659 243 724 250 789 305 919 486 578 380 679 842 498 651 639 331 504 469 658 278 229 469 604 875 641 324 465 632 601 131 811 628 232 460 663 158 754 246 444 321 762 519 622 627 257 620 407 536 384 889 73 436 836 714 257 488 384 167 671 650 761 456 846 202 378 692 492 592 614 793 409
736 755 346 536 294 490 283 349 96 577 433 178 0 600 739 472 185 597 251 443 475 562 723 732 318 415 414 390 284 418 763 537 341 353 714 613 531 757 585 337 478 854 350 591 65 545 73 671 211 828 565 405 518 513 741 323 668 492 176 507 290 480 446 130 307 679 783 578 230 400 555 432 293 692 690 241 411 555 260 578 225 417 424 622 393 462 474 369 468 261 525 223 788 109 548 767 711 424 615 394 288 610 738 726 310 775 157 418 514 590 467 595 747 431
612 522 618 341 721 752 626 404 576 97 211 541 600 0 148 358 670 470 529 316 1017 245 677 228 400 190 618 820 461 700 495 954 667 482 165 201 992 167 1091 855 478 702 844 428 632 972 618 670 806 670 81 780 296 804 645 853 174 689 769 183 780 887 439 722 877 93 638 403 455 371 446 971 449 690 90 771 332 558 382 942 382 279 829 740 555 736 704 767 695 854 220 805 680 576 195 537 266 435 253 228 379 413 168 386 592 552 722 183 979 138 580 260 439 186
716 610 765 467 870 896 775 499 705 169 359 661 739 148 0 420 791 588 637 393 1165 365 790 147 503 323 762 969 610 784 576 1102 815 571 78 304 1141 18 1240 1003 614 792 993 545 774 1120 762 791 940 761 175 928 346 948 751 1001 246 831 911 322 928 1035 505 856 1023 59 735 522 603 515 571 1119 553 809 77 893 476 688 504 1088 526 425 926 872 700 881 847 866 838 996 351 948 781 704 247 624 327 508 257 376 493 526 45 463 740 639 851 328 1128 178 719 370 516 334
874 819 685 588 719 847 656 125 396 268 392 320 472 358 420 0 436 714 265 54 947 528 913 333 153 247 722 826 528 366 802 976 715 168 356 522 987 435 1053 803 659 984 810 681 530 989 528 885 625 951 278 815 76 888 899 792 523 809 643 438 745 912 84 549 778 376 912 656 481 527 676 904 188 908 421 533 500 755 221 996 363 454 517 906 668 822 810 462 801 724 485 694 942 388 174 834 610 90 186 360 188 679 393 708 648 848 521 301 970 244 725 558 755 349
910 917 531 686 467 673 468 315 117 621 546 130 185 670 791 436 0 764 170 429 576 692 903 749 297 481 599 553 456 251 920 692 525 276 749 731 672 809 700 471 651 1029 495 752 238 697 253 853 201 1001 616 579 502 692 918 452 774 677 267 622 445 642 380 147 401 734 957 736 397 557 720 539 251 874 758 101 560 733 288 743 349 552 239 807 575 644 659 184 653 327 651 322 965 109 564 930 833 361 612 503 297 767 780 869 495 939 97 503 654 622 650 727 897 531
161 160 344 131 495 388 402 674 647 547 323 676 597 470 588 714 764 0 715 660 797 225 208 698 648 468 290 550 313 927 179 633 397 743 632 284 698 601 819 650 127 276 619 43 578 655 557 202 785 245 523 484 688 440 185 661 351 311 688 297 576 576 764 719 728 552 202 67 368 211 43 758 675 221 511 838 223 121 573 588 430 261 994 298 253 387 341 931 334 752 253 693 228 656 618 171 303 748 698 354 599 67 624 206 351 178 755 414 692 590 211 218 191 366
872 855 558 615 540 716 508 146 157 467 445 72 251 529 637 265 170 715 0 260 713 597 883 583 133 347 616 640 438 211 851 788 569 110 589 623 782 654 830 586 620 991 601 695 316 796 322 841 364 960 466 648 332 747 887 571 655 701 401 517 542 730 213 293 539 582 917 675 377 504 672 673 84 863 612 268 495 712 157 825 285 471 305 822 577 688 691 241 684 475 553 455 934 145 401 870 724 192 443 400 150 704 622 783 519 881 258 381 765 462 648 633 819 419
820 766 638 534 678 799 611 114 375 232 338 305 443 316 393 54 429 660 260 0 917 475 859 323 133 193 673 786 478 391 750 935 669 178 335 472 949 409 1020 769 605 930 774 627 499 948 495 831 610 897 239 772 75 841 845 759 477 759 618 386 708 870 122 530 750 344 858 602 434 473 622 873 177 854 385 528 446 701 185 952 316 400 534 854 617 774 761 476 752 700 432 667 888 368 146 781 562 118 183 306 154 625 371 657 601 795 508 248 933 214 673 506 703 296
864 947 456 815 311 447 413 824 559 1019 813 642 475 1017 1165 947 576 797 713 917 0 888 800 1186 794 854 507 250 569 821 974 250 402 821 1156 957 177 1183 130 162 677 957 181 817 417 235 422 739 387 944 1003 320 991 415 847 163 1027 513 313 872 239 262 919 428 175 1106 907 819 563 694 770 45 767 751 1103 536 726 692 732 334 643 763 743 619 547 432 479 720 483 250 869 258 883 569 1008 953 1036 897 1083 789 762 846 1174 991 461 954 480 838 166 1041 589 913 988 831
369 293 444 102 577 549 475 518 578 326 153 579 562 245 365 528 692 225 597 475 888 0 432 472 499 284 422 661 323 801 274 776 499 595 406 72 827 379 939 728 256 466 707 183 568 797 550 427 771 433 303 607 488 603 401 732 146 479 700 89 650 712 591 693 779 326 398 158 349 194 205 845 537 446 288 783 164 323 441 749 345 144 898 507 363 539 500 834 491 778 44 722 437 584 406 308 152 580 482 197 457 168 399 187 430 322 712 232 817 370 366 35 229 185
94 223 400 339 538 353 470 862 791 755 526 834 723 677 790 913 903 208 883 859 800 432 0 905 833 671 328 553 450 1094 265 587 437 925 837 486 663 801 787 677 263 157 640 249 688 610 668 60 883 146 731 482 892 391 59 694 547 290 772 505 616 546 957 831 776 757 118 274 511 390 239 768 855 51 713 963 413 171 754 520 600 459 1141 189 331 368 323 1081 321 820 461 762 83 801 825 218 483 940 906 553 782 265 828 357 426 209 875 616 663 798 258 421 316 570
837 740 823 570 909 967 821 438 681 173 422 622 732 228 147 333 749 698 583 323 1186 472 905 0 451 333 832 1013 660 698 709 1153 868 499 73 422 1184 150 1273 1028 703 922 1023 656 777 1171 768 899 919 890 194 980 257 1017 871 1023 376 908 908 409 957 1086 415 837 1032 152 861 631 640 588 675 1141 499 919 206 850 550 786 477 1150 543 496 850 966 770 949 921 795 911 994 448 952 905 677 186 754 464 423 148 424 457 640 101 597 793 770 822 361 1170 145 801 485 650 386
809 775 559 534 576 721 521 33 243 334 347 172 318 400 503 153 297 648 133 133 794 499 833 451 0 227 604 682 412 306 765 832 582 96 455 514 839 521 902 652 571 924 660 621 378 844 377 797 477 893 334 676 208 759 828 640 537 692 490 413 596 769 140 398 624 449 850 599 358 443 606 751 49 821 481 398 425 667 84 857 244 390 429 800 555 695 688 367 680 571 454 540 874 236 267 790 613 118 315 305 51 626 488 686 520 802 375 270 822 329 620 533 727 314
628 573 499 341 575 652 490 240 386 165 145 352 415 190 323 247 481 468 347 193 854 284 671 333 227 0 519 680 334 534 557 823 541 319 302 289 851 342 939 695 425 737 690 434 453 840 442 647 618 704 150 651 221 700 654 690 310 602 588 194 624 756 307 534 704 263 665 409 308 294 432 808 272 669 279 582 262 519 194 826 210 212 651 683 459 631 609 588 600 674 239 628 696 386 174 588 386 296 259 118 196 432 324 468 467 602 532 54 837 188 505 315 513 102
370 440 72 330 214 134 142 637 495 660 410 554 414 618 762 722 599 290 616 673 507 422 328 832 604 519 0 259 194 816 467 355 112 683 780 494 413 779 531 364 177 478 331 313 370 377 350 270 556 458 638 194 727 186 362 378 568 87 444 440 295 293 742 509 453 711 416 319 246 247 265 469 610 289 688 646 286 187 520 328 361 338 838 209 62 118 89 782 80 492 418 434 405 507 694 447 554 721 779 410 554 342 786 489 103 449 557 477 405 695 81 438 482 446
615 698 217 579 107 203 194 715 487 840 610 568 390 820 969 826 553 550 640 786 250 661 553 1013 682 680 259 0 359 802 726 149 162 736 972 732 171 987 277 133 434 711 93 572 326 162 318 493 427 696 821 71 854 184 599 154 804 264 309 659 110 89 820 419 245 913 658 576 373 469 524 215 669 505 901 559 505 442 605 189 478 549 773 379 305 185 231 730 233 313 648 270 636 500 849 704 803 797 930 594 639 601 985 748 232 704 477 653 159 869 340 682 741 636
454 472 165 268 262 321 165 444 342 486 251 385 284 461 610 528 456 313 438 478 569 323 450 660 412 334 194 359 0 646 482 494 208 495 615 389 531 628 632 407 195 572 390 309 267 512 247 404 475 545 466 320 535 367 461 410 458 282 387 303 329 427 549 407 456 554 500 299 61 132 271 524 422 426 542 525 159 279 328 491 168 193 692 389 143 298 282 631 273 461 300 402 508 352 508 484 474 528 593 236 361 330 627 458 133 491 442 299 518 518 210 351 472 277
1084 1066 754 825 711 906 697 296 325 622 648 262 418 700 784 366 251 927 211 391 821 801 1094 698 306 534 816 802 646 0 1061 943 757 217 722 821 924 799 948 722 831 1203 746 906 479 948 491 1050 435 1172 627 822 443 931 1098 703 844 899 518 717 695 891 283 397 649 735 1128 886 585 716 884 787 264 1072 775 291 706 923 361 991 497 681 161 1024 781 878 886 127 879 571 757 572 1145 312 536 1081 920 277 550 605 344 915 759 988 715 1092 342 576 906 605 854 836 1026 618
171 42 523 236 675 551 581 787 803 587 419 821 763 495 576 802 920 179 851 750 974 274 265 709 765 557 467 726 482 1061 0 798 575 862 637 294 867 584 989 829 306 217 798 173 750 821 729 299 958 187 566 658 762 600 209 840 332 475 865 363 755 745 865 889 908 556 170 185 533 364 215 936 800 306 505 1000 361 285 700 745 575 380 1143 427 433 555 507 1079 502 931 317 871 222 811 675 50 249 852 746 460 720 153 619 113 531 65 921 504 862 630 385 245 60 457
664 765 337 686 256 246 332 865 633 980 743 715 537 954 1102 976 692 633 788 935 250 776 587 1153 832 823 355 149 494 943 798 0 286 885 1110 848 79 1119 201 230 531 743 199 662 472 22 465 529 545 734 960 173 1002 199 641 253 922 323 434 785 248 67 970 551 335 1047 702 671 515 591 615 240 818 536 1031 686 629 515 755 84 624 677 902 398 412 245 292 864 299 416 768 387 670 646 994 768 910 947 1076 731 789 692 1121 838 361 766 609 792 85 1010 425 793 824 772
482 551 55 417 102 149 61 615 431 694 456 502 341 667 815 715 525 397 569 669 402 499 437 868 582 541 112 162 208 757 575 286 0 650 823 570 329 833 440 253 275 589 222 415 287 305 271 377 457 570 674 112 732 178 473 266 643 160 341 500 182 219 722 418 341 761 528 417 237 308 367 362 579 394 745 560 345 299 499 285 352 391 761 294 145 120 136 709 132 382 487 325 515 444 714 558 641 700 798 445 534 443 834 589 75 560 471 507 318 726 193 520 586 485
904 871 633 630 632 794 589 79 263 406 444 178 353 482 571 168 276 743 110 178 821 595 925 499 96 319 683 736 495 217 862 885 650 0 514 608 884 587 936 690 662 1020 703 717 417 895 421 888 474 988 410 738 241 829 922 676 628 771 509 508 642 825 104 404 648 520 946 695 438 536 701 780 73 911 558 369 520 757 171 917 329 486 355 884 638 767 764 297 756 585 550 563 968 252 325 886 706 85 353 402 144 722 550 782 594 898 368 365 867 393 705 629 823 409
768 669 776 505 870 915 779 446 671 137 370 619 714 165 78 356 749 632 589 335 1156 406 837 73 455 302 780 972 615 722 637 1110 823 514 0 352 1144 86 1238 996 643 850 989 589 754 1128 744 833 909 819 152 936 280 966 802 992 304 854 889 348 923 1042 441 826 1007 81 790 564 601 534 610 1110 504 853 132 851 495 723 467 1102 512 442 869 905 718 898 868 811 858 974 384 930 835 669 189 683 391 445 183 378 452 572 38 524 748 698 815 320 1130 127 745 416 578 338
415 321 515 171 646 621 545 530 621 293 184 612 613 201 304 522 731 284 623 472 957 72 486 422 514 289 494 732 389 821 294 848 570 608 352 0 899 316 1010 796 328 501 776 241 625 869 607 487 824 469 271 679 474 675 449 799 73 550 759 109 718 784 592 744 843 271 438 218 410 263 270 913 557 505 227 825 230 389 466 821 390 201 928 574 435 611 572 863 563 839 90 783 482 625 382 336 101 583 451 228 477 221 341 189 501 351 759 244 889 336 437 66 240 204
738 835 383 741 275 316 366 871 626 1011 782 710 531 992 1141 987 672 698 782 949 177 827 663 1184 839 851 413 171 531 924 867 79 329 884 1144 899 0 1159 124 201 590 819 181 725 467 60 463 605 509 810 993 220 1018 272 716 220 972 391 407 829 243 121 974 527 291 1085 776 732 544 638 677 175 821 612 1073 655 675 582 765 162 646 720 870 475 466 311 359 836 365 374 817 355 746 638 1018 839 966 951 1099 766 799 754 1157 901 402 837 584 824 18 1039 487 847 889 808
726 619 782 481 888 912 793 516 724 187 377 679 757 167 18 435 809 601 654 409 1183 379 801 150 521 342 779 987 628 799 584 1119 833 587 86 316 1159 0 1258 1022 629 800 1011 558 793 1138 781 803 959 769 194 945 360 965 761 1020 255 847 930 339 947 1052 520 875 1042 78 744 534 622 532 584 1138 571 821 91 911 493 702 522 1105 545 442 943 886 716 897 864 883 855 1015 366 967 791 723 263 632 334 523 269 395 512 537 49 470 758 647 870 346 1146 194 735 382 524 353
862 958 495 856 369 440 468 933 674 1103 882 758 585 1091 1240 1053 700 819 830 1020 130 939 787 1273 902 939 531 277 632 948 989 201 440 936 1238 1010 124 1258 0 250 708 943 249 845 523 179 524 729 516 934 1085 336 1092 397 840 261 1082 515 434 934 316 244 1031 552 299 1183 901 850 637 747 797 161 878 736 1174 665 782 704 835 278 730 824 874 599 581 434 482 849 487 378 925 379 870 685 1101 962 1081 1009 1179 863 866 874 1253 1021 509 961 606 917 127 1128 608 960 1011 905
732 804 305 657 155 334 255 683 428 859 651 513 337 855 1003 803 471 650 586 769 162 728 677 1028 652 695 364 133 407 722 829 230 253 690 996 796 201 1022 250 0 526 833 40 666 274 230 274 617 314 816 843 199 841 318 719 22 865 388 206 710 78 198 783 326 112 945 777 666 400 533 619 117 629 631 940 457 565 552 584 298 484 600 672 509 396 313 355 636 356 187 707 156 759 440 853 812 876 761 929 627 616 694 1014 838 304 813 383 677 183 883 446 753 838 669
258 287 221 158 371 295 276 600 536 537 289 574 478 478 614 659 651 127 620 605 677 256 263 703 571 425 177 434 195 831 306 531 275 662 643 328 590 629 708 526 0 377 497 140 455 553 434 227 660 350 514 371 646 349 268 536 401 222 562 295 451 470 698 597 602 568 305 142 254 132 92 637 591 250 538 720 162 96 490 496 336 215 886 263 130 287 245 825 237 625 263 565 315 546 591 298 379 680 676 306 519 168 643 314 225 303 635 374 582 577 109 267 311 332
119 182 548 396 691 511 617 950 914 791 592 949 854 702 792 984 1029 276 991 930 957 466 157 922 924 737 478 711 572 1203 217 743 589 1020 850 501 819 800 943 833 377 0 796 304 826 765 805 218 1026 32 768 639 952 548 116 849 547 446 919 551 770 703 1038 969 930 769 74 328 632 487 319 926 952 207 719 1096 500 301 850 673 705 535 1263 344 471 525 479 1202 477 970 504 912 74 924 873 168 466 1023 948 626 875 305 834 330 570 153 1010 682 819 834 402 444 277 634
697 772 276 633 130 295 231 692 444 853 638 529 350 844 993 810 495 619 601 774 181 707 640 1023 660 690 331 93 390 746 798 199 222 703 989 776 181 1011 249 40 497 796 0 638 286 201 283 579 348 780 836 160 845 278 683 62 846 350 235 694 66 160 794 352 152 935 741 639 389 513 590 139 641 593 928 487 546 518 589 262 480 584 703 470 367 274 317 665 319 225 689 189 722 457 852 779 854 771 929 616 622 666 1005 811 279 780 410 668 163 878 413 731 809 658
194 164 361 93 511 419 414 646 635 506 289 659 591 428 545 681 752 43 695 627 817 183 249 656 621 434 313 572 309 906 173 662 415 717 589 241 725 558 845 666 140 304 638 0 577 685 556 245 785 272 483 508 652 472 221 676 308 343 692 257 591 604 734 716 740 509 231 25 361 195 48 777 651 264 468 830 200 158 549 620 412 231 979 339 270 417 371 916 364 759 212 700 262 644 579 177 263 719 659 322 573 29 581 176 364 187 749 379 718 549 237 175 171 332
709 738 299 531 231 435 232 410 161 617 451 243 65 632 774 530 238 578 316 499 417 568 688 777 378 453 370 326 267 479 750 472 287 417 754 625 467 793 523 274 455 826 286 577 0 480 20 634 208 801 604 343 573 454 711 262 684 443 137 522 225 415 509 142 254 715 756 566 222 393 537 373 355 655 721 276 410 524 314 514 250 424 473 575 357 407 423 422 418 222 535 175 757 173 596 750 720 486 667 415 345 598 777 722 266 756 187 448 449 634 430 600 739 455
686 788 356 707 269 269 349 877 641 997 761 724 545 972 1120 989 697 655 796 948 235 797 610 1171 844 840 377 162 512 948 821 22 305 895 1128 869 60 1138 179 230 553 765 201 685 480 0 474 552 545 757 977 192 1016 221 663 252 942 345 436 804 255 85 981 554 331 1066 724 693 532 611 637 229 829 558 1050 688 649 537 767 101 639 696 903 421 433 268 314 866 321 413 789 387 692 653 1010 791 931 958 1092 749 801 714 1139 860 380 788 612 809 69 1027 447 814 846 790
688 718 280 511 220 419 215 409 169 606 434 250 73 618 762 528 253 557 322 495 422 550 668 768 377 442 350 318 247 491 729 465 271 421 744 607 463 781 524 274 434 805 283 556 20 474 0 614 228 780 592 331 569 440 690 263 667 425 153 505 221 407 510 163 263 702 736 546 202 373 516 377 357 635 708 295 391 504 310 504 236 406 490 557 336 391 406 438 400 236 517 186 736 182 588 729 701 488 660 400 341 577 766 702 247 736 207 435 446 624 410 582 719 440
138 259 342 329 478 293 412 827 742 743 505 789 671 670 791 885 853 202 841 831 739 427 60 899 797 647 270 493 404 1050 299 529 377 888 833 487 605 803 729 617 227 218 579 245 634 552 614 0 826 205 719 422 868 332 111 633 552 229 714 492 555 487 925 776 716 754 172 269 465 358 224 708 816 23 713 909 385 130 716 465 559 435 1091 134 278 307 262 1032 260 760 451 703 143 753 807 257 497 907 890 528 746 266 826 379 369 250 821 594 603 785 203 421 343 549
911 946 484 738 370 592 414 500 238 774 644 305 211 806 940 625 201 785 364 610 387 771 883 919 477 618 556 427 475 435 958 545 457 474 909 824 509 959 516 314 660 1026 348 785 208 545 228 826 0 1002 765 472 685 596 910 292 879 618 119 718 318 507 577 83 220 881 958 774 429 601 744 356 437 845 896 149 616 724 443 610 436 626 360 751 554 564 592 332 589 138 736 158 955 242 733 957 921 557 791 604 463 806 936 929 457 963 106 626 492 783 625 804 947 641
91 150 527 363 672 498 595 918 886 758 559 919 828 670 761 951 1001 245 960 897 944 433 146 890 893 704 458 696 545 1172 187 734 570 988 819 469 810 769 934 816 350 32 780 272 801 757 780 205 1002 0 736 625 919 537 97 832 515 431 896 518 751 692 1006 944 911 738 44 295 604 456 288 911 921 198 688 1069 468 277 819 667 675 503 1235 336 448 511 465 1173 462 949 472 891 65 895 840 137 436 991 915 594 844 272 803 300 548 122 984 649 809 802 380 411 247 601
672 591 628 392 718 772 628 334 530 23 228 486 565 81 175 278 616 523 466 239 1003 303 731 194 334 150 638 821 466 627 566 960 674 410 152 271 993 194 1085 843 514 768 836 483 604 977 592 719 765 736 0 787 215 823 703 839 254 715 739 227 770 893 360 681 855 117 702 457 449 395 495 957 383 740 148 718 357 601 329 956 359 303 762 778 575 754 727 700 717 825 270 779 741 528 115 606 344 358 180 230 320 471 173 460 599 621 676 168 979 66 609 324 511 191
544 629 164 521 111 134 161 710 500 807 569 578 405 780 928 815 579 484 648 772 320 607 482 980 676 651 194 71 320 822 658 173 112 738 936 679 220 945 336 199 371 639 160 508 343 192 331 422 472 625 787 0 836 124 528 219 752 193 353 612 156 106 816 453 308 873 587 514 345 419 460 286 668 434 858 595 457 373 596 180 457 504 806 310 246 114 160 760 162 369 597 321 565 513 824 635 746 794 906 557 631 537 947 684 188 634 510 619 211 838 273 626 676 598
847 782 697 558 746 856 675 187 450 201 365 380 518 296 346 76 502 688 332 75 991 488 892 257 208 221 727 854 535 443 762 1002 732 241 280 474 1018 360 1092 841 646 952 845 652 573 1016 569 868 685 919 215 836 0 901 873 832 467 813 693 401 779 937 160 606 825 304 881 627 495 514 652 946 251 891 351 601 484 741 258 1016 379 433 593 901 670 833 816 537 807 776 448 742 915 444 103 797 556 166 111 340 229 647 318 662 661 811 583 275 1003 172 721 516 711 321
465 567 203 507 229 53 239 792 606 844 596 679 513 804 948 888 692 440 747 841 415 603 391 1017 759 700 186 184 367 931 600 199 178 829 966 675 272 965 397 318 349 548 278 472 454 221 440 332 596 537 823 124 901 0 443 339 749 129 476 626 281 155 899 573 429 898 504 483 407 433 426 388 757 340 874 716 472 319 676 148 525 525 924 205 248 69 103 876 112 493 603 445 474 619 875 570 727 877 960 594 710 501 972 646 240 567 629 660 271 879 239 616 628 631
38 166 432 315 576 402 500 856 803 727 508 842 741 645 751 899 918 185 887 845 847 401 59 871 828 654 362 599 461 1098 209 641 473 922 802 449 716 761 840 719 268 116 683 221 711 663 690 111 910 97 703 528 873 443 0 735 506 334 802 479 655 597 948 854 815 721 61 247 521 386 223 814 853 108 675 982 404 186 751 576 601 445 1154 245 356 414 368 1093 365 854 433 796 47 814 801 161 437 931 880 539 778 232 790 307 454 150 896 599 714 770 285 385 262 552
747 817 316 664 165 353 262 672 414 855 651 498 323 853 1001 792 452 661 571 759 163 732 694 1023 640 690 378 154 410 703 840 253 266 676 992 799 220 1020 261 22 536 849 62 676 262 252 263 633 292 832 839 219 832 339 735 0 868 405 186 712 85 220 770 306 90 943 792 675 400 538 629 118 617 648 940 436 569 565 574 321 480 603 651 528 407 332 373 616 373 164 711 135 775 425 846 824 882 748 922 626 605 703 1011 846 313 826 363 674 202 877 459 758 848 668
470 365 588 244 717 695 616 548 667 272 235 651 668 174 246 523 774 351 655 477 1027 146 547 376 537 310 568 804 458 844 332 922 643 628 304 73 972 255 1082 865 401 547 846 308 684 942 667 552 879 515 254 752 467 749 506 868 0 624 820 161 787 857 599 797 909 224 489 287 474 335 341 982 583 569 172 871 301 460 498 895 442 266 960 645 509 685 646 896 637 901 157 846 535 670 369 379 91 593 427 275 505 285 287 220 572 394 809 273 962 312 511 136 273 243
351 443 146 380 255 76 210 725 576 737 486 639 492 689 831 809 677 311 701 759 513 479 290 908 692 602 87 264 282 899 475 323 160 771 854 550 391 847 515 388 222 446 350 343 443 345 425 229 618 431 715 193 813 129 334 405 624 0 501 508 329 270 830 578 489 782 393 354 334 320 297 480 698 243 755 718 358 191 608 277 449 412 915 133 143 81 33 861 31 538 481 483 371 589 776 447 599 809 862 490 641 372 857 517 183 446 629 558 387 774 113 489 501 524
806 849 372 655 251 472 302 518 248 751 587 331 176 769 911 643 267 688 401 618 313 700 772 908 490 588 444 309 387 518 865 434 341 509 889 759 407 930 434 206 562 919 235 692 137 436 153 714 119 896 739 353 693 476 802 186 820 501 0 658 199 392 609 120 138 851 853 685 351 518 650 274 458 733 859 252 539 618 437 495 387 558 467 634 448 445 474 430 472 85 669 54 847 258 724 860 852 587 792 552 463 715 913 846 348 865 177 585 389 766 517 732 859 592
449 381 448 165 566 573 466 431 512 250 76 504 507 183 322 438 622 297 517 386 872 89 505 409 413 194 440 659 303 717 363 785 500 508 348 109 829 339 934 710 295 551 694 257 522 804 505 492 718 518 227 612 401 626 479 712 161 508 658 0 632 719 502 637 749 274 482 231 314 194 268 827 453 513 248 716 155 376 359 767 283 110 820 557 378 559 525 756 516 740 46 685 518 516 322 396 210 491 401 119 373 248 349 274 427 410 651 143 818 293 397 121 318 99
665 732 232 580 80 285 177 628 386 787 574 469 290 780 928 745 445 576 542 708 239 650 616 957 596 624 295 110 329 695 755 248 182 642 923 718 243 947 316 78 451 770 66 591 225 255 221 555 318 751 770 156 779 281 655 85 787 329 199 632 0 196 731 309 160 870 710 590 325 455 544 195 578 571 865 448 487 482 524 299 414 523 662 457 322 261 298 621 298 213 629 164 695 398 785 740 798 708 863 551 557 618 940 761 227 742 367 603 226 812 376 675 763 594
618 713 270 623 193 196 265 802 576 913 676 658 480 887 1035 912 642 576 730 870 262 712 546 1086 769 756 293 89 427 891 745 67 219 825 1042 784 121 1052 244 198 470 703 160 604 415 85 407 487 507 692 893 106 937 155 597 220 857 270 392 719 196 0 907 505 309 980 658 611 448 526 556 240 757 496 965 643 563 460 691 102 558 610 858 361 349 189 237 817 243 385 703 349 629 589 927 718 848 885 1010 664 725 633 1054 780 294 716 563 725 117 943 366 730 768 705
926 879 698 643 714 860 661 106 360 351 448 278 446 439 505 84 380 764 213 122 919 591 957 415 140 307 742 820 549 283 865 970 722 104 441 592 974 520 1031 783 698 1038 794 734 509 981 510 925 577 1006 360 816 160 899 948 770 599 830 609 502 731 907 0 506 747 460 965 710 496 567 724 877 153 948 504 472 544 794 223 996 381 503 436 935 692 834 827 384 819 686 547 662 992 351 258 894 684 22 267 411 189 734 478 775 659 907 471 360 957 328 754 623 820 408
852 879 437 665 344 561 369 423 156 691 562 229 130 722 856 549 147 719 293 530 428 693 831 837 398 534 509 419 407 397 889 551 418 404 826 744 527 875 552 326 597 969 352 716 142 554 163 776 83 944 681 453 606 573 854 306 797 578 120 637 309 505 506 0 254 798 899 704 356 528 678 392 361 796 812 142 541 667 360 608 354 548 354 711 499 533 555 312 551 182 656 174 900 162 651 891 842 485 711 522 381 736 853 855 406 898 58 542 509 700 573 726 875 558
824 887 387 719 239 441 326 654 386 869 684 469 307 877 1023 778 401 728 539 750 175 779 776 1032 624 704 453 245 456 649 908 335 341 648 1007 843 291 1042 299 112 602 930 152 740 254 331 263 716 220 911 855 308 825 429 815 90 909 489 138 749 160 309 747 254 0 964 870 737 434 587 694 138 595 731 966 369 615 640 567 408 496 643 581 615 476 418 457 552 457 83 753 84 856 396 850 895 930 725 921 653 596 766 1028 906 377 898 306 695 273 888 534 807 911 695
686 588 711 426 813 845 719 446 647 114 304 604 679 93 59 376 734 552 582 344 1106 326 757 152 449 263 711 913 554 735 556 1047 761 520 81 271 1085 78 1183 945 568 769 935 509 715 1066 702 754 881 738 117 873 304 898 721 943 224 782 851 274 870 980 460 798 964 0 709 485 546 464 531 1061 499 773 56 836 425 646 446 1036 467 373 875 829 649 829 798 814 788 937 307 889 753 646 201 602 312 461 228 319 437 491 75 444 685 617 793 269 1072 131 672 335 497 277
47 129 485 323 631 462 552 876 841 724 520 875 783 638 735 912 957 202 917 858 907 398 118 861 850 665 416 658 500 1128 170 702 528 946 790 438 776 744 901 777 305 74 741 231 756 724 736 172 958 44 702 587 881 504 61 792 489 393 853 482 710 658 965 899 870 709 0 255 559 412 245 873 878 169 661 1025 426 234 776 637 631 462 1190 306 404 474 427 1128 424 907 435 848 52 851 804 119 413 950 881 553 801 234 776 278 504 106 939 610 775 768 337 378 229 562
219 181 362 68 511 430 413 624 619 481 264 641 578 403 522 656 736 67 675 602 819 158 274 631 599 409 319 576 299 886 185 671 417 695 564 218 732 534 850 666 142 328 639 25 566 693 546 269 774 295 457 514 627 483 247 675 287 354 685 231 590 611 710 704 737 485 255 0 348 179 57 778 629 288 444 815 180 175 527 632 394 209 961 358 272 426 381 898 374 753 187 694 287 627 554 195 246 695 633 298 551 31 557 171 362 206 735 354 724 524 246 152 175 307
513 525 204 309 269 365 183 391 282 467 251 324 230 455 603 481 397 368 377 434 563 349 511 640 358 308 246 373 61 585 533 515 237 438 601 410 544 622 637 400 254 632 389 361 222 532 202 465 429 604 449 345 495 407 521 400 474 334 351 314 325 448 496 356 434 546 559 348 0 171 325 517 365 487 540 469 188 340 273 522 117 209 632 446 200 340 330 571 322 429 320 373 568 292 478 537 501 476 561 226 308 379 616 500 166 545 388 280 530 495 270 380 518 269
369 359 255 137 383 381 281 471 440 418 166 465 400 371 515 527 557 211 504 473 694 194 390 588 443 294 247 469 132 716 364 591 308 536 534 263 638 532 747 533 132 487 513 195 393 611 373 358 601 456 395 419 514 433 386 538 335 320 518 194 455 526 567 528 587 464 412 179 171 0 168 650 467 381 442 636 38 228 365 573 219 92 784 389 184 365 334 721 324 593 178 535 432 448 464 373 343 549 549 176 392 210 539 328 237 382 557 245 627 456 214 220 347 206
202 201 313 104 464 373 368 633 604 518 287 632 555 446 571 676 720 43 672 622 770 205 239 675 606 432 265 524 271 884 215 615 367 701 610 270 677 584 797 619 92 319 590 48 537 637 516 224 744 288 495 460 652 426 223 629 341 297 650 268 544 556 724 678 694 531 245 57 325 168 0 729 633 245 494 795 181 119 531 575 387 222 950 304 222 370 325 888 317 715 226 655 268 613 585 212 303 708 667 315 557 77 605 224 317 220 712 377 670 561 190 205 218 331
830 910 416 773 269 416 370 781 517 973 768 601 432 971 1119 904 539 758 673 873 45 845 768 1141 751 808 469 215 524 787 936 240 362 780 1110 913 175 1138 161 117 637 926 139 777 373 229 377 708 356 911 957 286 946 388 814 118 982 480 274 827 195 240 877 392 138 1061 873 778 517 650 729 0 724 720 1057 505 682 655 688 322 598 718 715 591 507 400 446 689 449 218 825 219 851 528 963 916 993 855 1038 744 718 805 1129 950 418 917 445 792 161 995 551 870 948 786
835 807 560 566 564 722 517 64 209 384 385 131 293 449 553 188 251 675 84 177 767 537 855 499 49 272 610 669 422 264 800 818 579 73 504 557 821 571 878 629 591 952 641 651 355 829 357 816 437 921 383 668 251 757 853 617 583 698 458 453 578 757 153 361 595 499 878 629 365 467 633 724 0 839 531 351 452 686 102 848 257 421 380 811 565 695 692 318 684 537 493 510 899 201 316 822 656 131 360 341 80 657 537 724 521 834 333 313 804 378 632 572 763 354
140 265 361 349 495 304 431 850 764 764 527 811 692 690 809 908 874 221 863 854 751 446 51 919 821 669 289 505 426 1072 306 536 394 911 853 505 612 821 736 631 250 207 593 264 655 558 635 23 845 198 740 434 891 340 108 648 569 243 733 513 571 496 948 796 731 773 169 288 487 381 245 720 839 0 732 930 408 153 739 469 582 457 1113 138 299 319 275 1054 274 777 471 720 134 775 829 262 512 930 911 551 769 284 845 391 389 254 842 616 612 806 224 439 353 571
640 537 694 390 804 821 707 482 665 153 291 628 690 90 77 421 758 511 612 385 1103 288 713 206 481 279 688 901 542 775 505 1031 745 558 132 227 1073 91 1174 940 538 719 928 468 721 1050 708 713 896 688 148 858 351 874 675 940 172 755 859 248 865 965 504 812 966 56 661 444 540 442 494 1057 531 732 0 859 403 611 469 1016 471 354 910 795 626 807 773 848 764 944 275 894 706 665 248 551 258 503 283 313 464 449 115 392 671 567 811 273 1060 179 644 293 445 271
978 994 575 769 487 704 508 414 204 723 640 232 241 771 893 533 101 838 268 528 536 783 963 850 398 582 646 559 525 291 1000 686 560 369 851 825 655 911 665 457 720 1096 487 830 276 688 295 909 149 1069 718 595 601 716 982 436 871 718 252 716 448 643 472 142 369 836 1025 815 469 636 795 505 351 930 859 0 643 796 389 746 437 640 215 851 631 675 696 183 692 287 743 300 1029 200 665 1007 926 454 711 597 399 847 882 956 542 1015 88 602 637 724 706 817 981 628
384 361 292 126 416 420 315 452 443 380 129 460 411 332 476 500 560 223 495 446 726 164 413 550 425 262 286 505 159 706 361 629 345 520 495 230 675 493 782 565 162 500 546 200 410 649 391 385 616 468 357 457 484 472 404 569 301 358 539 155 487 563 544 541 615 425 426 180 188 38 181 682 452 408 403 643 0 257 350 612 214 54 782 423 223 404 372 718 363 616 143 558 449 450 429 375 316 527 514 143 375 210 500 314 273 386 566 211 664 419 251 193 338 170
187 255 252 220 401 268 318 696 620 624 381 663 555 558 688 755 733 121 712 701 692 323 171 786 667 519 187 442 279 923 285 515 299 757 723 389 582 702 704 552 96 301 518 158 524 537 504 130 724 277 601 373 741 319 186 565 460 191 618 376 482 460 794 667 640 646 234 175 340 228 119 655 686 153 611 796 257 0 586 466 430 308 970 184 170 270 223 910 217 674 339 614 232 631 683 261 421 776 767 400 615 187 720 327 270 261 709 467 577 665 106 324 309 424
733 706 475 465 498 637 439 117 204 335 288 158 260 382 504 221 288 573 157 185 732 441 754 477 84 194 520 605 328 361 700 755 499 171 467 466 765 522 835 584 490 850 589 549 314 767 310 716 443 819 329 596 258 676 751 574 498 608 437 359 524 691 223 360 567 446 776 527 273 365 531 688 102 739 469 389 350 586 0 777 160 320 462 716 471 611 604 397 595 521 396 484 797 201 290 721 567 202 355 244 34 556 496 627 436 733 348 225 749 340 536 476 665 261
602 710 327 654 285 201 340 890 674 976 732 754 578 942 1088 996 743 588 825 952 334 749 520 1150 857 826 328 189 491 991 745 84 285 917 1102 821 162 1105 278 298 496 673 262 620 514 101 504 465 610 667 956 180 1016 148 576 321 895 277 495 767 299 102 996 608 408 1036 637 632 522 573 575 322 848 469 1016 746 612 466 777 0 636 663 961 331 389 210 251 920 259 486 746 451 602 687 999 712 876 974 1083 726 811 650 1110 794 358 708 666 790 169 1009 387 763 775 765
587 575 321 339 371 483 296 276 233 375 208 246 225 382 526 363 349 430 285 316 643 345 600 543 244 210 361 478 168 497 575 624 352 329 512 390 646 545 730 484 336 705 480 412 250 639 236 559 436 675 359 457 379 525 601 480 442 449 387 283 414 558 381 354 496 467 631 394 117 219 387 598 257 582 471 437 214 430 160 636 0 203 567 556 311 458 447 504 439 472 305 422 648 240 372 589 490 360 452 168 193 424 532 520 284 600 368 199 631 398 376 379 549 206
422 386 340 144 456 473 356 415 437 325 75 444 417 279 425 454 552 261 471 400 763 144 459 496 390 212 338 549 193 681 380 677 391 486 442 201 720 442 824 600 215 535 584 231 424 696 406 435 626 503 303 504 433 525 445 603 266 412 558 110 523 610 503 548 643 373 462 209 209 92 222 718 421 457 354 640 54 308 320 663 203 0 766 477 276 456 426 702 416 637 111 581 489 443 376 400 295 487 460 94 342 236 448 317 317 412 568 159 708 364 306 178 348 116
1144 1143 770 906 696 908 705 428 350 760 747 321 424 829 926 517 239 994 305 534 743 898 1141 850 429 651 838 773 692 161 1143 902 761 355 869 928 870 943 874 672 886 1263 703 979 473 903 490 1091 360 1235 762 806 593 924 1154 651 960 915 467 820 662 858 436 354 581 875 1190 961 632 784 950 715 380 1113 910 215 782 970 462 961 567 766 0 1046 814 880 896 64 891 498 855 515 1201 339 681 1157 1029 427 702 702 455 992 905 1082 734 1167 296 687 852 748 889 934 1115 723
273 389 276 405 386 175 343 832 704 801 552 762 622 740 872 906 807 298 822 854 619 507 189 966 800 683 209 379 389 1024 427 398 294 884 905 574 475 886 599 509 263 344 470 339 575 421 557 134 751 336 778 310 901 205 245 528 645 133 634 557 457 361 935 711 615 829 306 358 446 389 304 591 811 138 795 851 423 184 716 331 556 477 1046 0 246 196 160 991 162 669 521 614 271 716 853 389 602 915 938 565 749 366 903 496 312 383 762 634 475 841 181 509 466 594
357 410 91 275 242 197 150 587 466 597 348 519 393 555 700 668 575 253 577 617 547 363 331 770 555 459 62 305 143 781 433 412 145 638 718 435 466 716 581 396 130 471 367 270 357 433 336 278 554 448 575 246 670 248 356 407 509 143 448 378 322 349 692 499 476 649 404 272 200 184 222 507 565 299 626 631 223 170 471 389 311 276 814 246 0 180 151 756 141 505 357 445 401 478 634 419 499 671 719 348 504 298 724 443 100 423 543 416 457 634 74 381 441 384
432 524 136 444 194 28 181 728 552 775 528 622 462 736 881 822 644 387 688 774 432 539 368 949 695 631 118 185 298 878 555 245 120 767 898 611 311 897 434 313 287 525 274 417 407 268 391 307 564 511 754 114 833 69 414 332 685 81 445 559 261 189 834 533 418 829 474 426 340 365 370 400 695 319 807 675 404 270 611 210 458 456 880 196 180 0 48 829 53 474 536 421 450 565 806 528 667 813 891 525 646 446 904 592 175 527 587 591 307 810 179 553 578 562
385 476 132 403 226 49 191 721 561 749 499 627 474 704 847 810 659 341 691 761 479 500 323 921 688 609 89 231 282 886 507 292 136 764 868 572 359 864 482 355 245 479 317 371 423 314 406 262 592 465 727 160 816 103 368 373 646 33 474 525 298 237 827 555 457 798 427 381 330 334 325 446 692 275 773 696 372 223 604 251 447 426 896 160 151 48 0 843 9 509 500 454 405 574 784 480 624 806 869 499 638 400 873 546 171 479 608 567 355 785 136 513 531 535
1083 1080 715 842 649 857 652 367 290 699 682 257 369 767 866 462 184 931 241 476 720 834 1081 795 367 588 782 730 631 127 1079 864 709 297 811 863 836 883 849 636 825 1202 665 916 422 866 438 1032 332 1173 700 760 537 876 1093 616 896 861 430 756 621 817 384 312 552 814 1128 898 571 721 888 689 318 1054 848 183 718 910 397 920 504 702 64 991 756 829 843 0 838 471 790 481 1140 279 622 1093 964 372 648 638 391 928 847 1018 679 1103 254 622 818 689 831 869 1051 658
