139
0 545 836 319 510 367 642 59 508 337 312 839 391 724 454 585 394 93 78 637 402 199 538 340 657 257 353 196 383 636 554 865 494 463 189 118 461 80 760 177 224 537 426 338 434 220 516 751 584 231 298 532 531 447 478 154 526 183 559 886 663 745 704 271 706 190 361 98 624 692 548 145 190 399 510 544 329 262 82 422 361 367 118 177 435 700 759 722 256 209 255 502 483 322 756 283 537 491 660 707 723 488 265 860 802 698 273 459 555 570 243 438 707 269 281 413 852 305 491 773 436 347 339 827 744 385 316 554 227 131 396 524 741 518 560 242 303 232 505
545 0 1312 855 229 743 1094 575 996 261 820 1302 814 816 158 1054 904 621 484 572 456 491 924 854 979 627 763 353 914 521 885 952 1020 88 471 659 934 622 1186 456 769 1031 152 844 841 473 38 1199 1044 362 841 956 55 978 905 670 622 719 273 922 1141 1096 785 641 1176 736 833 473 1131 981 68 473 364 156 1043 1079 858 563 611 934 213 289 550 716 886 879 829 1034 672 509 795 246 919 402 939 267 752 1031 895 950 950 986 347 861 830 996 499 627 601 113 767 255 682 597 744 943 883 590 571 1213 842 880 745 872 741 486 717 784 754 470 924 988 1046 1044 398 775 775 761 926
836 1312 0 543 1165 575 222 848 328 1164 802 47 498 831 1170 257 789 818 861 1010 911 1018 420 498 468 684 978 1015 483 1059 500 864 381 1249 841 725 894 759 194 1009 672 299 1233 804 478 1044 1275 138 267 951 591 365 1277 432 411 817 835 756 1180 945 173 383 844 998 135 700 485 864 232 520 1286 847 1014 1197 396 388 733 752 821 783 1177 1036 918 750 425 704 866 469 639 1020 606 1147 971 924 698 1054 683 445 620 600 624 349 1100 985 931 500 818 772 888 1285 773 1096 977 717 892 712 941 732 860 147 477 711 567 914 958 873 980 656 614 853 462 324 481 363 1087 605 878 609 394
319 855 543 0 774 314 386 316 232 657 287 555 261 754 742 318 312 280 370 780 580 481 382 78 530 315 452 515 64 803 450 868 176 777 409 201 424 239 517 478 129 249 745 298 300 507 822 487 328 504 55 334 833 127 297 274 618 212 812 917 379 572 746 456 426 157 175 381 316 584 848 390 510 716 190 225 231 382 285 322 681 627 381 207 238 677 795 588 262 481 65 762 489 539 717 587 541 177 606 634 657 202 581 917 854 581 441 535 666 862 239 699 810 357 359 263 892 396 607 514 302 220 272 863 827 546 445 539 101 388 81 278 609 199 769 79 353 94 321
510 229 1165 774 0 589 942 558 868 368 820 1148 670 590 99 914 903 601 434 342 260 543 755 754 787 492 812 367 827 292 702 723 921 244 365 602 958 570 1019 499 720 906 301 845 687 535 197 1041 900 280 776 800 174 887 753 660 406 693 60 692 1001 907 559 695 1030 690 708 416 1010 780 167 388 383 270 952 989 840 420 591 931 322 147 564 687 747 662 601 837 546 564 725 19 963 244 720 252 548 951 686 741 738 866 424 631 601 798 352 426 379 139 753 75 452 454 767 923 654 433 358 1051 687 856 602 643 511 297 766 581 674 394 830 848 846 944 169 698 795 681 770
367 743 575 314 589 0 353 411 291 636 551 561 84 439 597 325 602 410 349 492 341 564 185 247 290 125 673 490 330 527 187 558 382 688 285 312 707 324 442 536 368 329 684 570 97 584 705 455 310 392 354 212 705 369 163 450 318 419 607 604 412 385 432 623 440 367 156 343 433 326 713 306 495 645 424 460 517 181 405 618 636 462 483 410 163 372 481 355 111 576 313 572 759 349 418 499 227 446 311 351 370 297 593 603 539 331 245 237 370 710 480 521 505 147 582 569 578 157 321 469 98 514 41 549 516 302 648 227 262 317 320 260 374 401 526 282 589 266 182
642 1094 222 386 942 353 0 663 154 959 671 208 279 639 950 69 679 639 656 795 689 833 203 322 287 466 839 809 340 842 291 696 273 1033 626 539 791 570 130 818 512 149 1022 678 256 858 1056 109 59 735 441 143 1057 311 190 650 619 594 957 771 85 248 648 837 91 534 281 657 179 347 1066 635 810 985 309 324 608 532 640 681 968 815 736 586 211 519 677 312 425 838 441 925 863 703 526 840 472 361 432 425 451 187 901 801 743 331 598 552 672 1064 626 875 771 497 746 611 761 510 640 131 255 590 348 732 759 650 832 447 433 643 316 117 330 268 866 430 739 430 172
59 575 848 316 558 411 663 0 522 348 261 854 427 781 496 603 344 46 134 697 461 170 575 350 700 309 294 221 380 695 599 921 493 490 249 124 405 94 786 162 203 549 446 286 471 195 548 772 604 282 285 562 566 443 510 101 585 144 610 944 677 783 762 215 722 169 386 154 630 738 584 204 211 424 504 535 286 319 36 372 380 418 74 141 462 754 817 765 300 175 250 552 424 379 809 322 592 479 711 757 773 499 267 919 861 743 333 517 615 609 196 488 766 324 222 371 911 361 550 795 473 306 380 885 803 444 257 607 234 190 397 546 785 516 616 244 245 239 537
508 996 328 232 868 291 154 522 0 837 516 332 206 671 861 86 527 495 534 777 630 693 227 173 363 376 684 687 185 816 320 755 138 928 524 398 639 432 285 681 359 38 909 524 209 718 959 255 98 633 286 154 964 164 156 500 600 442 892 821 155 369 673 686 200 384 163 538 142 424 975 525 687 874 182 208 453 448 497 529 851 731 593 435 128 566 712 408 325 696 289 852 710 623 589 733 474 227 482 492 518 33 772 838 777 414 516 522 653 979 472 796 775 414 592 461 804 438 609 281 210 437 268 774 774 591 678 458 288 530 162 65 429 144 817 282 585 284 161
337 261 1164 657 368 636 959 348 837 0 572 1162 688 850 271 908 654 392 303 659 461 233 821 675 911 510 502 149 720 627 809 996 832 174 353 456 675 418 1068 204 552 868 110 595 724 213 249 1068 903 261 632 834 277 785 780 432 636 489 429 988 990 1018 822 380 1031 517 680 301 959 930 299 329 150 111 847 880 617 466 384 684 50 303 306 488 747 876 874 974 539 250 592 374 658 370 937 166 723 826 866 920 928 820 89 940 895 941 423 607 637 339 526 333 760 495 489 701 950 506 586 1087 726 641 623 931 814 473 456 750 564 319 734 844 989 856 509 580 519 569 805
312 820 802 287 820 551 671 261 516 572 0 822 525 976 755 602 84 219 391 935 705 342 661 362 806 493 177 471 331 941 718 1105 422 733 493 261 159 275 801 367 184 526 680 25 569 366 797 767 614 543 232 620 818 372 579 159 802 143 871 1142 651 858 962 234 700 185 449 411 569 857 837 453 458 665 408 424 71 532 230 113 612 679 269 152 520 922 1015 867 458 329 250 813 208 631 969 579 769 363 861 897 918 484 483 1128 1067 856 566 725 840 865 75 749 992 524 103 136 1112 566 775 795 571 96 510 1084 1022 682 188 775 290 442 355 565 889 439 872 275 80 288 604
839 1302 47 555 1148 561 208 854 332 1162 822 0 487 795 1158 254 814 826 859 981 893 1025 397 505 433 674 997 1013 498 1032 472 823 400 1241 833 730 920 764 155 1013 684 307 1228 825 463 1050 1264 109 259 943 605 348 1265 450 397 829 809 768 1161 905 177 342 809 1012 132 712 482 861 255 482 1274 841 1013 1192 420 416 754 740 829 809 1173 1023 925 762 417 667 830 429 632 1028 617 1131 997 910 659 1048 655 471 585 562 585 356 1101 947 894 462 805 748 861 1271 790 1081 945 705 909 738 902 718 835 109 462 733 556 875 924 854 997 627 620 848 476 318 440 385 1065 613 897 616 378
391 814 498 261 670 84 279 427 206 688 525 487 0 500 671 244 566 416 390 574 425 590 148 186 283 187 664 539 264 611 192 608 303 754 347 313 675 334 380 567 341 244 745 541 45 612 777 385 231 456 309 146 778 295 92 446 398 405 690 661 331 356 496 628 362 348 87 388 348 332 787 359 542 707 346 381 481 253 413 579 693 538 501 396 79 416 542 347 148 599 276 653 733 427 455 562 291 372 344 374 397 213 637 666 603 332 320 319 451 787 460 600 581 218 570 524 638 236 404 402 47 475 69 609 588 386 644 283 236 368 251 178 368 320 611 249 573 237 117
724 816 831 754 590 439 639 781 671 850 976 795 500 0 662 657 1035 797 667 267 389 890 450 684 362 484 1071 746 765 328 354 146 795 806 551 719 1135 716 640 849 799 704 840 997 473 900 780 692 632 599 794 525 762 794 515 850 214 836 562 166 724 462 31 994 725 791 587 651 793 315 756 596 759 799 839 872 950 461 790 1053 824 557 839 826 558 129 41 372 518 907 750 571 1179 480 160 684 212 871 210 238 219 692 852 167 105 335 461 265 217 728 902 564 177 459 987 1007 138 420 263 686 472 951 481 109 135 378 1038 217 697 612 751 613 368 808 430 718 1001 701 510
454 158 1170 742 99 597 950 496 861 271 755 1158 671 662 0 915 840 541 383 428 298 459 773 731 822 487 732 289 799 384 730 801 899 150 339 557 887 523 1036 417 674 898 203 781 694 449 120 1053 903 237 737 810 110 861 760 597 464 637 159 776 1002 940 631 613 1034 642 698 367 1000 823 116 352 304 171 926 963 782 418 531 868 223 135 492 632 746 721 677 877 536 480 687 109 886 249 781 176 593 920 736 791 792 855 332 718 683 838 352 469 445 119 693 97 537 453 695 867 737 440 413 1065 696 801 602 724 595 329 686 625 641 354 805 848 888 923 259 664 723 648 780
585 1054 257 318 914 325 69 603 86 908 602 254 244 657 915 0 610 577 605 792 666 773 207 257 321 428 770 758 270 835 302 726 206 991 584 478 722 511 199 760 445 81 976 609 231 798 1018 170 25 693 372 134 1020 242 165 585 613 527 933 797 87 304 663 771 123 469 228 607 137 382 1030 589 759 940 245 262 538 497 579 611 920 782 675 520 168 542 697 356 382 777 374 897 794 671 557 797 475 295 456 457 483 117 847 822 762 369 564 541 667 1031 558 844 777 462 678 542 784 481 630 196 230 521 312 755 770 627 764 453 370 595 247 66 376 204 848 366 671 367 157
394 904 789 312 903 602 679 344 527 654 84 814 566 1035 840 610 0 302 472 1009 781 423 694 390 841 557 219 556 342 1017 758 1160 415 817 571 331 112 350 809 450 236 530 763 60 608 447 881 768 625 625 259 645 902 370 610 242 869 217 953 1201 649 883 1023 303 697 247 484 492 559 895 921 532 543 748 393 402 85 602 312 29 696 761 354 225 550 974 1075 900 517 409 290 896 184 710 1018 664 826 343 909 941 963 493 565 1191 1129 892 640 790 909 950 151 832 1061 590 172 80 1173 633 845 797 610 92 560 1144 1088 756 244 829 339 521 365 582 922 429 951 320 143 335 633
93 621 818 280 601 410 639 46 495 392 219 826 416 797 541 577 302 0 171 726 492 201 564 321 695 317 274 267 344 728 595 935 456 536 279 103 369 85 764 200 162 519 492 245 461 227 594 747 580 323 245 546 612 406 495 61 607 98 651 962 649 772 779 213 695 127 367 191 596 735 630 236 257 469 465 495 240 338 10 329 425 459 100 95 444 763 834 759 300 201 214 594 393 414 817 367 602 438 716 759 777 470 310 940 880 739 359 536 639 654 152 530 792 338 193 326 929 377 575 771 463 260 376 903 826 473 242 615 207 224 362 522 780 479 653 213 212 210 522
78 484 861 370 434 349 656 134 534 303 391 859 390 667 383 605 472 171 0 565 329 226 530 376 637 228 424 153 431 561 534 811 539 407 119 175 539 140 769 191 291 566 378 416 429 241 453 766 600 153 357 536 466 495 481 232 463 259 482 827 687 734 646 330 728 259 377 20 660 666 482 73 154 347 560 595 406 212 161 500 318 289 173 253 445 655 701 702 243 242 310 425 558 245 713 218 492 546 623 673 686 518 246 797 741 674 208 402 489 500 321 361 639 228 356 489 792 257 425 785 431 422 329 768 679 314 384 512 271 58 441 541 720 563 482 290 379 277 507
637 572 1010 780 342 492 795 697 777 659 935 981 574 267 428 792 1009 726 565 0 235 759 592 728 561 466 989 590 812 61 509 386 875 578 448 677 1092 660 832 714 782 815 624 960 568 762 539 873 770 446 805 658 517 858 628 786 178 792 305 350 872 678 236 891 886 763 647 545 916 532 508 493 606 586 916 953 929 408 717 1032 624 356 736 784 650 370 268 594 518 779 755 325 1120 325 418 500 326 933 424 470 459 788 684 289 259 553 369 255 124 474 861 337 109 426 919 1001 311 385 173 874 568 937 526 302 169 254 949 355 697 507 806 734 596 894 174 722 939 704 634
402 456 911 580 260 341 689 461 630 461 705 893 425 389 298 666 781 492 329 235 0 528 497 541 528 268 753 366 622 236 441 535 702 429 213 450 860 430 760 484 562 668 455 730 435 533 418 784 650 219 596 545 408 676 502 553 177 563 268 530 753 647 361 655 778 540 477 309 772 525 409 257 381 413 738 776 704 198 483 805 435 174 500 555 504 428 413 580 324 548 544 241 886 95 489 295 295 747 438 493 494 632 468 487 438 541 142 170 178 394 631 204 316 226 684 780 492 193 125 793 436 714 361 472 363 38 713 327 488 271 620 601 591 723 190 513 705 494 517
199 491 1018 481 543 564 833 170 693 233 342 1025 590 890 459 773 423 201 226 759 528 0 737 520 855 449 274 178 545 744 752 1034 657 402 338 294 443 263 955 45 359 719 343 364 633 26 473 942 774 312 444 729 497 606 676 220 681 282 601 1046 847 945 867 154 893 326 555 240 797 887 518 294 161 335 664 692 394 439 197 453 278 427 100 284 631 882 922 920 454 21 415 542 430 434 940 291 719 634 849 898 912 669 144 1011 957 894 428 625 700 553 305 485 844 454 256 475 1010 483 638 965 635 419 538 987 889 522 228 738 404 278 563 716 939 680 644 413 286 408 703
538 924 420 382 755 185 203 575 227 821 661 397 148 450 773 207 694 564 530 592 497 737 0 303 148 311 807 675 365 639 95 528 361 871 471 461 805 482 263 712 480 256 869 676 103 758 885 288 184 577 435 74 883 373 85 593 416 549 765 595 281 208 455 776 294 490 212 526 343 205 889 491 679 830 406 435 612 364 562 704 822 637 648 540 144 339 490 206 287 746 411 737 868 523 362 685 269 445 255 267 292 253 776 616 555 199 424 351 469 883 600 691 571 331 713 643 580 334 439 296 101 602 201 550 562 459 789 246 378 502 345 165 228 370 667 388 715 378 67
340 854 498 78 754 247 322 350 173 675 362 505 186 684 731 257 390 321 376 728 541 520 303 0 451 273 521 528 83 756 373 794 168 781 392 226 502 262 451 511 190 198 755 375 223 545 820 427 263 495 132 257 828 134 219 328 560 271 786 847 327 496 678 514 373 212 99 384 284 506 841 382 525 723 198 236 309 344 323 400 694 609 420 264 160 603 726 510 217 522 119 740 566 512 641 587 473 206 530 557 580 149 606 849 786 502 408 477 610 851 308 679 751 315 427 340 823 351 555 453 225 298 208 793 763 505 511 468 115 383 78 208 531 191 732 108 423 111 243
657 979 468 530 787 290 287 700 363 911 806 433 283 362 822 321 841 695 637 561 528 855 148 451 0 409 947 771 513 617 103 409 501 937 558 593 953 610 278 826 623 386 945 821 238 874 940 330 295 655 582 210 933 518 233 729 401 689 785 484 373 120 376 908 367 631 358 630 457 61 936 587 778 904 545 571 759 445 691 852 905 689 772 680 292 236 398 65 401 866 556 768 1014 578 239 762 244 588 152 137 163 393 877 518 463 51 493 360 448 922 743 732 514 417 854 791 476 405 438 324 236 750 319 448 490 494 927 211 519 600 493 298 84 507 671 531 857 521 213
257 627 684 315 492 125 466 309 376 510 493 674 187 484 487 428 557 317 228 466 268 449 311 273 409 0 590 365 354 487 306 619 435 567 161 234 652 233 564 418 323 414 560 515 217 467 590 572 417 270 339 331 592 407 278 367 313 351 519 650 515 509 469 524 548 310 216 220 517 438 602 180 370 522 470 508 474 73 310 578 511 355 376 342 259 446 523 474 56 462 288 477 694 247 500 376 285 479 403 450 465 373 468 635 574 446 140 233 356 604 418 420 506 42 504 540 619 81 295 588 218 478 118 592 531 232 559 298 231 192 352 361 492 457 458 256 517 237 301
353 763 978 452 812 673 839 294 684 502 177 997 664 1071 732 770 219 274 424 989 753 274 807 521 947 590 0 445 502 983 852 1209 597 675 542 361 185 356 969 315 331 697 612 181 709 290 747 938 780 557 398 774 772 547 729 224 879 258 868 1236 825 1011 1053 121 873 317 597 443 746 993 793 496 429 608 585 601 248 611 281 242 549 685 255 267 672 1035 1108 1011 568 254 402 809 156 667 1087 560 875 540 983 1024 1043 653 415 1212 1154 995 627 809 909 828 213 749 1061 612 94 297 1203 651 844 965 711 273 635 1177 1098 738 46 886 429 481 525 729 1032 615 896 421 100 429 756
196 353 1015 515 367 490 809 221 687 149 471 1013 539 746 289 758 556 267 153 590 366 178 675 528 771 365 445 0 577 570 668 892 688 269 214 314 598 276 919 133 419 720 230 496 576 175 327 918 754 147 495 685 346 642 631 317 532 365 424 895 841 874 720 328 882 384 530 151 812 793 365 184 16 203 706 739 505 328 258 585 166 249 203 363 598 757 774 835 390 199 452 365 597 271 817 115 597 688 737 790 800 671 108 854 804 804 295 489 543 394 414 306 681 353 406 590 858 370 485 938 578 526 475 836 730 368 399 622 419 172 590 694 851 711 467 436 435 425 657
383 914 483 64 827 330 340 380 185 720 331 498 264 765 799 270 342 344 431 812 622 545 365 83 513 354 502 577 0 839 443 871 112 838 462 264 455 302 470 542 189 195 807 338 297 571 881 436 283 561 107 308 892 64 280 335 644 273 861 926 323 543 760 515 371 220 177 441 254 571 906 447 573 777 128 164 268 424 349 347 744 680 444 267 223 680 806 568 298 544 130 813 525 588 715 647 554 125 604 627 651 152 645 930 867 565 486 561 694 919 292 752 835 396 412 281 903 433 638 463 299 252 291 873 846 586 499 548 160 446 23 239 589 135 812 141 402 153 300
636 521 1059 803 292 527 842 695 816 627 941 1032 611 328 384 835 1017 728 561 61 236 744 639 756 617 487 983 570 839 0 559 445 907 534 448 686 1096 666 885 698 795 854 583 966 608 745 490 923 815 432 825 703 466 888 670 788 223 799 250 404 917 734 298 881 933 774 679 541 956 590 456 491 587 547 947 984 939 424 718 1041 588 327 729 791 688 431 328 651 541 765 773 277 1120 316 480 473 377 962 483 530 520 825 659 340 315 610 377 294 171 420 867 297 165 446 918 1014 366 406 206 925 608 949 558 359 225 262 942 408 716 505 834 775 654 927 124 741 940 722 678
554 885 500 450 702 187 291 599 320 809 718 472 192 354 730 302 758 595 534 509 441 752 95 373 103 306 852 668 443 559 0 436 451 840 455 495 868 510 326 723 533 351 846 734 150 771 846 364 278 554 500 170 841 458 168 632 336 595 705 501 373 211 360 809 381 539 275 526 438 140 845 484 675 805 496 526 674 342 591 771 804 596 670 586 221 245 395 168 298 763 469 683 926 483 273 662 183 533 163 184 208 344 773 520 460 144 393 281 388 834 651 642 480 314 759 713 485 304 366 366 148 667 219 455 468 405 830 156 428 496 425 260 187 461 598 442 764 430 158
865 952 864 868 723 558 696 921 755 996 1105 823 608 146 801 726 1160 935 811 386 535 1034 528 794 409 619 1209 892 871 445 436 0 887 947 696 852 1263 852 669 994 925 784 983 1126 574 1045 917 729 701 746 912 602 897 893 605 986 360 968 691 86 782 481 173 1136 774 920 695 795 864 350 890 740 905 942 932 963 1075 602 928 1177 969 701 981 958 654 192 123 395 647 1052 872 705 1311 626 169 830 336 968 273 271 245 780 998 149 134 367 606 408 360 859 1032 704 280 597 1123 1127 101 560 410 717 573 1073 600 91 222 525 1177 331 820 756 856 693 383 898 558 840 1135 824 594
494 1020 381 176 921 382 273 493 138 832 422 400 303 795 899 206 415 456 539 875 702 657 361 168 501 435 597 688 112 907 451 887 0 946 560 376 525 414 398 655 299 124 917 424 322 683 986 353 226 663 215 291 996 51 282 445 701 382 952 949 234 506 794 621 282 331 228 548 148 562 1009 549 683 886 44 78 353 508 461 413 854 777 557 377 237 696 836 547 379 656 242 907 600 678 723 753 591 89 614 628 653 108 758 962 900 552 573 620 753 1019 393 846 885 476 511 343 931 509 702 383 323 332 349 901 890 665 599 578 269 550 97 203 568 23 893 252 497 262 294
463 88 1249 777 244 688 1033 490 928 174 733 1241 754 806 150 991 817 536 407 578 429 402 871 781 937 567 675 269 838 534 840 947 946 0 407 579 845 541 1131 368 687 963 69 757 784 385 76 1140 982 298 761 898 106 902 846 584 603 634 299 925 1077 1052 776 553 1113 653 766 397 1061 944 128 403 279 68 967 1002 772 507 527 846 125 255 463 632 824 858 823 995 609 421 716 257 831 360 918 194 720 953 865 920 923 917 259 868 832 959 448 596 589 172 680 243 687 541 656 857 886 539 551 1155 785 794 686 872 745 454 629 751 678 399 848 925 1008 969 409 698 686 684 868
189 471 841 409 365 285 626 249 524 353 493 833 347 551 339 584 571 279 119 448 213 338 471 392 558 161 542 214 462 448 455 696 560 407 0 246 647 221 725 298 363 561 399 518 378 349 435 732 574 109 412 492 440 523 439 340 344 353 404 709 670 664 529 450 706 337 361 101 661 579 451 45 223 360 588 626 497 113 269 597 351 218 293 346 416 548 584 621 201 356 360 353 672 139 607 215 386 586 524 576 587 516 322 678 622 589 90 287 369 459 420 290 519 141 470 577 674 156 305 749 379 510 279 650 559 195 503 409 309 61 467 517 637 583 381 333 491 316 462
118 659 725 201 602 312 539 124 398 456 261 730 313 719 557 478 331 103 175 677 450 294 461 226 593 234 361 314 264 686 495 852 376 579 246 0 420 38 663 284 117 425 544 284 358 319 628 647 480 322 182 442 641 329 391 137 540 118 646 884 553 669 703 315 598 90 264 190 508 636 657 214 308 516 392 425 253 271 102 355 480 455 196 109 341 675 757 658 207 299 137 592 460 386 726 393 516 374 622 663 682 376 381 868 807 639 309 464 578 675 186 527 731 263 271 330 854 305 514 671 360 264 276 826 760 424 335 526 111 207 278 422 678 400 627 124 283 116 418
461 934 894 424 958 707 791 405 639 675 159 920 675 1135 887 722 112 369 539 1092 860 443 805 502 953 652 185 598 455 1096 868 1263 525 845 647 420 0 432 920 478 338 642 786 137 718 462 914 878 737 687 370 758 938 480 721 308 961 302 1012 1301 759 996 1121 299 807 343 595 559 665 1005 958 605 583 777 500 506 194 691 379 111 721 822 395 311 662 1079 1174 1012 616 425 398 953 78 783 1125 711 927 449 1016 1049 1071 605 587 1288 1226 1003 723 884 998 990 234 890 1151 683 192 182 1271 725 934 908 720 204 665 1243 1181 838 225 933 444 593 478 694 1033 537 1022 427 163 441 745
80 622 759 239 570 324 570 94 432 418 275 764 334 716 523 511 350 85 140 660 430 263 482 262 610 233 356 276 302 666 510 852 414 541 221 38 432 0 692 249 151 460 506 300 379 287 591 679 511 290 219 468 605 366 416 134 531 133 616 881 587 690 699 298 631 120 292 155 545 650 621 185 270 478 430 463 276 260 81 376 442 423 168 124 368 679 753 675 215 269 175 561 466 361 731 357 518 412 630 673 691 410 344 861 801 654 291 457 566 640 200 496 719 257 271 356 849 297 502 702 380 289 290 822 751 406 327 530 147 177 316 452 695 437 602 161 286 152 443
760 1186 194 517 1019 442 130 786 285 1068 801 155 380 640 1036 199 809 764 769 832 760 955 263 451 278 564 969 919 470 885 326 669 398 1131 725 663 920 692 0 938 641 278 1125 809 347 979 1147 66 188 834 571 234 1146 439 288 778 663 722 1027 751 174 189 655 965 137 663 400 768 281 326 1152 740 922 1086 431 441 738 623 765 809 1074 901 859 715 325 512 674 274 529 961 570 1000 993 787 504 941 507 484 430 406 430 317 1015 791 739 307 686 607 713 1147 756 955 792 589 877 740 747 596 692 47 345 720 447 720 769 722 961 477 559 749 446 243 286 391 924 558 870 556 263
177 456 1009 478 499 536 818 162 681 204 367 1013 567 849 417 760 450 200 191 714 484 45 712 511 826 418 315 133 542 698 723 994 655 368 298 284 478 249 938 0 362 709 312 390 610 51 436 927 760 267 445 709 460 605 655 231 639 290 557 1004 837 919 825 196 881 327 538 203 792 857 481 256 116 300 665 695 413 402 194 479 246 382 104 291 612 845 880 891 427 66 412 498 470 390 903 247 682 638 815 865 878 660 116 968 915 864 388 586 657 514 323 440 801 419 287 496 968 447 595 950 611 437 512 945 846 479 269 703 395 240 559 701 909 678 598 406 318 400 682
224 769 672 129 720 368 512 203 359 552 184 684 341 799 674 445 236 162 291 782 562 359 480 190 623 323 331 419 189 795 533 925 299 687 363 117 338 151 641 362 0 377 648 202 385 386 740 615 453 440 84 443 755 248 399 146 636 83 764 965 508 681 786 327 555 34 267 306 444 673 771 332 411 622 304 333 151 373 168 255 582 573 260 78 342 740 839 685 281 357 71 710 392 502 786 507 590 276 677 713 734 330 471 955 893 672 419 555 678 791 120 645 829 358 237 219 936 401 615 641 387 155 327 908 853 533 320 594 106 325 210 399 706 321 742 92 235 103 425
537 1031 299 249 906 329 149 549 38 868 526 307 244 704 898 81 530 519 566 815 668 719 256 198 386 414 697 720 195 854 351 784 124 963 561 425 642 460 278 709 377 0 943 532 247 744 995 240 102 669 300 181 1001 161 190 521 637 461 930 851 130 382 706 705 177 404 199 571 104 448 1012 560 718 909 165 186 461 486 522 531 884 768 619 455 166 596 744 428 362 721 309 890 715 661 617 768 510 214 511 519 545 49 802 871 809 437 554 560 690 1016 486 834 811 452 607 462 836 477 647 268 247 443 307 806 809 629 693 492 314 564 172 91 448 124 855 306 597 310 193
426 152 1233 745 301 684 1022 446 909 110 680 1228 745 840 203 976 763 492 378 624 455 343 869 755 945 560 612 230 807 583 846 983 917 69 399 544 786 506 1125 312 648 943 0 703 777 323 145 1130 969 293 725 891 176 872 837 536 631 589 359 966 1060 1057 811 491 1099 613 749 372 1038 957 197 387 236 42 936 970 722 506 483 792 67 282 412 587 811 883 860 1005 597 360 682 312 769 376 943 184 738 918 883 938 943 895 199 912 873 970 452 616 623 242 631 287 731 538 599 807 927 541 580 1147 779 745 677 912 787 475 566 768 648 380 819 910 1019 941 460 666 629 654 861
338 844 804 298 845 570 678 286 524 595 25 825 541 997 781 609 60 245 416 960 730 364 676 375 821 515 181 496 338 966 734 1126 424 757 518 284 137 300 809 390 202 532 703 0 585 388 821 772 622 568 243 632 842 375 593 185 825 167 896 1164 656 871 984 250 704 206 463 436 571 873 862 478 483 688 408 422 71 556 255 89 636 704 294 176 534 942 1037 882 479 351 265 839 192 657 988 605 790 361 880 915 936 491 506 1150 1089 871 591 747 863 890 99 774 1016 547 118 120 1134 589 799 801 587 93 529 1106 1045 706 197 795 308 467 362 575 903 440 897 292 91 305 617
434 841 478 300 687 97 256 471 209 724 569 463 45 473 694 231 608 461 429 568 435 633 103 223 238 217 709 576 297 608 150 574 322 784 378 358 718 379 347 610 385 247 777 585 0 655 803 358 214 486 350 115 803 320 66 492 390 451 703 631 317 312 471 674 343 393 125 426 348 287 811 394 580 739 366 400 524 278 459 621 727 560 545 442 85 382 515 301 186 643 320 669 777 447 418 593 268 397 307 333 357 224 676 640 578 287 342 313 443 808 504 619 566 243 615 563 610 254 401 372 1 517 101 580 568 396 689 256 281 404 281 168 322 337 617 293 618 282 85
220 473 1044 507 535 584 858 195 718 213 366 1050 612 900 449 798 447 227 241 762 533 26 758 545 874 467 290 175 571 745 771 1045 683 385 349 319 462 287 979 51 386 744 323 388 655 0 456 966 799 315 470 752 482 633 699 246 690 309 594 1055 873 965 876 168 918 353 579 254 823 906 503 307 158 318 690 719 419 453 223 476 259 424 126 311 654 896 931 939 474 37 442 535 446 439 954 285 733 661 865 915 928 695 125 1018 966 913 439 637 707 539 331 479 850 470 277 500 1019 497 646 989 657 444 559 996 896 530 244 753 430 291 589 740 958 706 642 439 308 434 726
516 38 1275 822 197 705 1056 548 959 249 797 1264 777 780 120 1018 881 594 453 539 418 473 885 820 940 590 747 327 881 490 846 917 986 76 435 628 914 591 1147 436 740 995 145 821 803 456 0 1161 1007 326 810 918 31 945 867 645 585 692 244 888 1104 1057 749 625 1139 706 796 440 1095 942 52 438 339 139 1010 1046 832 525 584 910 199 250 527 689 849 842 794 995 636 492 763 213 903 363 901 234 713 999 856 911 912 950 331 828 797 958 461 588 564 98 741 217 648 559 724 918 850 551 534 1175 804 853 708 838 708 448 700 745 721 436 890 951 1007 1010 366 743 754 728 888
751 1199 138 487 1041 455 109 772 255 1068 767 109 385 692 1053 170 768 747 766 873 784 942 288 427 330 572 938 918 436 923 364 729 353 1140 732 647 878 679 66 927 615 240 1130 772 358 966 1161 0 167 842 540 243 1161 398 294 755 700 697 1053 809 120 251 705 941 76 639 390 767 225 382 1169 743 920 1092 383 388 701 636 748 767 1077 918 844 690 320 566 728 334 532 946 544 1023 953 804 562 948 547 435 482 463 487 284 1010 847 793 363 701 639 752 1166 726 975 838 601 847 697 804 612 726 30 357 682 454 776 819 746 933 518 540 751 412 226 347 343 956 536 838 537 273
584 1044 267 328 900 310 59 604 98 903 614 259 231 632 903 25 625 580 600 770 650 774 184 263 295 417 780 754 283 815 278 701 226 982 574 480 737 511 188 760 453 102 969 622 214 799 1007 167 0 684 383 112 1009 260 148 591 592 534 917 772 103 280 638 777 131 475 224 602 162 357 1018 582 754 932 266 286 552 485 581 627 914 769 677 527 158 517 672 331 373 779 382 883 808 658 532 788 452 316 431 431 458 131 844 797 738 344 551 521 646 1018 568 830 754 450 688 559 759 466 610 190 213 535 300 730 746 611 773 430 373 589 260 59 351 226 831 371 681 370 136
231 362 951 504 280 392 735 282 633 261 543 943 456 599 237 693 625 323 153 446 219 312 577 495 655 270 557 147 561 432 554 746 663 298 109 322 687 290 834 267 440 669 293 568 486 315 326 842 684 0 500 601 333 624 548 383 385 413 328 747 780 765 573 450 816 410 470 135 769 670 345 114 162 253 689 726 559 213 312 653 250 136 301 407 526 616 627 716 311 333 450 272 700 124 677 108 461 682 604 658 666 624 252 706 656 682 162 347 395 357 474 207 535 245 500 643 710 249 338 858 488 576 388 689 582 221 513 488 403 116 568 627 731 686 339 426 525 410 571
298 841 591 55 776 354 441 285 286 632 232 605 309 794 737 372 259 245 357 805 596 444 435 132 582 339 398 495 107 825 500 912 215 761 412 182 370 219 571 445 84 300 725 243 350 470 810 540 383 500 0 389 824 163 351 230 648 166 816 959 429 628 785 407 478 118 225 371 361 636 839 388 488 698 219 249 176 400 251 270 659 628 344 162 292 723 835 641 289 442 52 764 434 547 764 576 582 194 654 684 706 255 553 955 892 633 455 566 694 856 186 701 842 379 306 215 933 420 634 568 352 167 312 903 861 564 393 582 108 384 129 333 663 237 782 83 298 102 375
532 956 365 334 800 212 143 562 154 834 620 348 146 525 810 134 645 546 536 658 545 729 74 257 210 331 774 685 308 703 170 602 291 898 492 442 758 468 234 709 443 181 891 632 115 752 918 243 112 601 389 0 918 308 54 568 480 518 814 670 213 238 529 754 233 458 180 534 268 271 926 506 688 852 335 362 565 393 545 653 840 674 636 510 102 414 565 260 295 737 372 782 824 561 435 707 340 377 329 338 364 182 782 691 630 262 457 411 534 923 563 733 642 358 680 589 655 369 499 257 114 553 213 625 635 507 760 318 348 515 286 90 282 298 723 353 679 347 29
531 55 1277 833 174 705 1057 566 964 277 818 1265 778 762 110 1020 902 612 466 517 408 497 883 828 933 592 772 346 892 466 841 897 996 106 440 641 938 605 1146 460 755 1001 176 842 803 482 31 1161 1009 333 824 918 0 955 868 664 570 710 218 867 1108 1051 731 650 1141 722 801 453 1102 933 21 446 359 166 1021 1057 852 525 602 931 226 245 548 706 852 828 774 987 640 517 776 192 928 359 887 248 703 1011 845 900 900 956 357 805 775 949 460 578 548 67 761 204 627 560 747 937 828 550 520 1174 804 872 709 817 686 439 726 735 732 446 900 954 998 1019 343 754 777 739 888
447 978 432 127 887 369 311 443 164 785 372 450 295 794 861 242 370 406 495 858 676 606 373 134 518 407 547 642 64 888 458 893 51 902 523 329 480 366 439 605 248 161 872 375 320 633 945 398 260 624 163 308 955 0 290 394 687 330 920 952 280 533 791 569 329 280 212 505 199 577 969 509 637 842 65 102 304 479 411 370 808 741 506 326 238 701 835 568 351 605 193 873 554 646 732 711 586 77 622 639 665 130 709 961 898 570 543 604 738 981 342 812 874 449 459 300 931 484 684 427 322 284 333 901 883 639 548 576 224 509 56 227 589 73 866 205 447 217 306
478 905 411 297 753 163 190 510 156 780 579 397 92 515 760 165 610 495 481 628 502 676 85 219 233 278 729 631 280 670 168 605 282 846 439 391 721 416 288 655 399 190 837 593 66 699 867 294 148 548 351 54 868 290 0 519 450 472 769 667 251 281 517 704 277 412 132 480 288 290 876 452 634 799 327 358 528 342 493 619 786 625 584 463 59 413 556 290 241 684 329 736 785 513 441 654 319 364 332 349 374 177 728 683 621 285 408 376 504 874 519 685 620 307 635 557 649 320 464 309 65 517 160 619 618 463 713 302 300 461 260 105 312 294 683 308 635 300 27
154 670 817 274 660 450 650 101 500 432 159 829 446 850 597 585 242 61 232 786 553 220 593 328 729 367 224 317 335 788 632 986 445 584 340 137 308 134 778 231 146 521 536 185 492 246 645 755 591 383 230 568 664 394 519 0 663 64 711 1015 652 800 833 187 699 117 388 252 590 772 683 297 305 516 448 475 187 393 71 271 468 519 126 67 465 811 888 793 344 214 211 653 334 475 863 422 651 416 760 801 820 473 346 995 935 775 418 591 697 709 96 589 850 391 137 273 983 431 633 781 494 209 413 957 884 532 198 663 220 285 355 535 814 467 714 219 153 222 546
526 622 835 618 406 318 619 585 600 636 802 809 398 214 464 613 869 607 463 178 177 681 416 560 401 313 879 532 644 223 336 360 701 603 344 540 961 531 663 639 636 637 631 825 390 690 585 700 592 385 648 480 570 687 450 663 0 658 393 365 694 520 188 794 710 621 474 446 738 383 568 390 546 590 742 779 786 270 598 890 612 349 637 649 473 257 242 442 359 699 599 387 997 266 316 470 157 763 282 335 332 611 638 334 277 401 255 82 53 546 726 367 193 278 800 853 329 235 51 702 390 791 354 305 220 164 843 189 542 406 636 555 448 719 272 566 817 548 456
183 719 756 212 693 419 594 144 442 489 143 768 405 836 637 527 217 98 259 792 563 282 549 271 689 351 258 365 273 799 595 968 382 634 353 118 302 133 722 290 83 461 589 167 451 309 692 697 534 413 166 518 710 330 472 64 658 0 741 1002 591 754 821 243 639 60 339 278 527 736 728 315 355 568 384 411 146 389 108 243 522 548 186 9 416 787 874 752 320 278 153 685 343 493 837 464 631 352 731 770 790 414 404 986 925 737 423 582 696 751 68 620 849 381 164 230 971 423 632 724 453 163 380 944 879 539 241 640 171 305 293 480 773 403 734 165 169 171 498
559 273 1180 812 60 607 957 610 892 429 871 1161 690 562 159 933 953 651 482 305 268 601 765 786 785 519 868 424 861 250 705 691 952 299 404 646 1012 616 1027 557 764 930 359 896 703 594 244 1053 917 328 816 814 218 920 769 711 393 741 0 654 1020 906 531 753 1046 735 734 463 1034 774 206 431 441 329 985 1022 888 446 641 981 382 192 619 735 768 644 570 832 574 623 764 59 1019 273 700 310 543 986 676 729 725 891 484 590 564 792 379 425 359 169 803 121 414 479 822 971 616 453 349 1061 704 904 624 607 474 307 823 576 712 439 864 867 840 974 132 737 848 719 785
886 922 945 917 692 604 771 944 821 988 1142 905 661 166 776 797 1201 962 827 350 530 1046 595 847 484 650 1236 895 926 404 501 86 949 925 709 884 1301 881 751 1004 965 851 966 1164 631 1055 888 809 772 747 959 670 867 952 667 1015 365 1002 654 0 857 563 182 1156 852 957 748 810 935 427 858 754 909 926 994 1026 1116 624 954 1220 958 687 1000 992 714 255 127 476 684 1064 916 675 1345 624 246 823 376 1028 341 347 322 844 998 73 93 445 619 426 352 823 1068 681 240 624 1153 1173 38 584 409 798 630 1116 646 59 180 526 1201 378 863 770 912 760 465 961 524 884 1167 867 659
663 1141 173 379 1001 412 85 677 155 990 651 177 331 724 1002 87 649 649 687 872 753 847 281 327 373 515 825 841 323 917 373 782 234 1077 670 553 759 587 174 837 508 130 1060 656 317 873 1104 120 103 780 429 213 1108 280 251 652 694 591 1020 857 0 328 732 835 48 534 311 691 107 432 1117 674 841 1025 262 267 584 584 651 647 1004 869 748 585 255 604 762 396 468 850 440 984 834 759 612 882 551 314 517 511 537 178 927 886 828 416 652 624 748 1118 615 931 852 549 735 577 846 568 713 150 316 565 400 817 842 714 822 528 443 680 300 154 413 222 934 436 724 439 239
745 1096 383 572 907 385 248 783 369 1018 858 342 356 462 940 304 883 772 734 678 647 945 208 496 120 509 1011 874 543 734 211 481 506 1052 664 669 996 690 189 919 681 382 1057 871 312 965 1057 251 280 765 628 238 1051 533 281 800 520 754 906 563 328 0 480 984 307 694 414 728 428 148 1054 690 880 1016 547 566 804 552 770 890 1014 806 857 745 339 333 494 89 492 954 610 888 1062 694 318 873 364 595 257 224 246 403 978 607 556 128 605 481 567 1042 801 851 624 523 917 825 561 515 559 236 310 791 407 535 595 613 995 332 582 702 521 306 98 506 791 590 916 582 255
704 785 844 746 559 432 648 762 673 822 962 809 496 31 631 663 1023 779 646 236 361 867 455 678 376 469 1053 720 760 298 360 173 794 776 529 703 1121 699 655 825 786 706 811 984 471 876 749 705 638 573 785 529 731 791 517 833 188 821 531 182 732 480 0 974 735 777 582 629 798 332 726 574 734 770 838 872 938 442 771 1042 796 528 818 811 557 148 55 391 505 885 740 540 1163 453 186 656 205 868 224 257 240 693 826 170 107 352 438 244 187 697 887 534 150 442 971 997 150 402 236 700 471 939 473 123 115 352 1019 215 686 590 747 617 388 808 399 708 985 691 513
271 641 998 456 695 623 837 215 686 380 234 1012 628 994 613 771 303 213 330 891 655 154 776 514 908 524 121 328 515 881 809 1136 621 553 450 315 299 298 965 196 327 705 491 250 674 168 625 941 777 450 407 754 650 569 704 187 794 243 753 1156 835 984 974 0 883 302 574 349 768 949 671 404 311 486 617 640 300 533 217 331 427 573 156 250 651 970 1029 973 513 133 396 693 278 565 1025 443 807 578 926 971 988 658 294 1128 1071 953 539 730 819 707 230 634 969 540 132 370 1122 576 755 967 676 327 589 1097 1009 644 75 823 407 388 536 722 993 641 787 406 160 409 732
706 1176 135 426 1030 440 91 722 200 1031 700 132 362 725 1034 123 697 695 728 886 778 893 294 373 367 548 873 882 371 933 381 774 282 1113 706 598 807 631 137 881 555 177 1099 704 343 918 1139 76 131 816 478 233 1141 329 277 699 710 639 1046 852 48 307 735 883 0 581 351 731 148 424 1150 712 882 1063 308 312 633 616 697 695 1043 901 794 632 289 602 762 382 504 896 487 1013 882 789 605 919 562 361 516 504 530 225 969 885 828 407 683 643 763 1150 663 961 861 581 783 624 843 597 732 106 342 613 432 815 847 739 870 537 488 719 348 188 398 270 956 482 773 484 261
190 736 700 157 690 367 534 169 384 517 185 712 348 791 642 469 247 127 259 763 540 326 490 212 631 310 317 384 220 774 539 920 331 653 337 90 343 120 663 327 34 404 613 206 393 353 706 639 475 410 118 458 722 280 412 117 621 60 735 957 534 694 777 302 581 0 280 275 474 679 738 304 376 588 337 367 165 356 134 269 547 543 226 52 356 737 830 694 273 324 94 680 392 476 785 474 584 310 678 715 736 356 436 945 883 680 397 543 662 759 113 616 814 343 223 240 928 386 598 665 395 174 327 900 841 512 301 590 112 296 239 420 715 353 717 105 225 112 439
361 833 485 175 708 156 281 386 163 680 449 482 87 587 698 228 484 367 377 647 477 555 212 99 358 216 597 530 177 679 275 695 228 766 361 264 595 292 400 538 267 199 749 463 125 579 796 390 224 470 225 180 801 212 132 388 474 339 734 748 311 414 582 574 351 280 0 379 302 410 812 363 531 713 268 305 401 288 366 496 692 569 459 331 77 504 629 418 163 561 199 693 656 463 542 571 376 289 431 458 482 157 620 753 690 408 356 392 526 817 388 635 662 255 503 438 725 284 474 411 126 393 121 696 671 439 581 370 168 368 165 164 440 247 667 176 503 168 159
98 473 864 381 416 343 657 154 538 301 411 861 388 651 367 607 492 191 20 545 309 240 526 384 630 220 443 151 441 541 526 795 548 397 101 190 559 155 768 203 306 571 372 436 426 254 440 767 602 135 371 534 453 505 480 252 446 278 463 810 691 728 629 349 731 275 379 0 666 657 468 55 154 338 570 606 424 198 181 519 313 270 192 271 446 641 684 694 240 257 322 407 579 225 700 206 478 558 611 662 674 523 250 779 723 665 191 386 470 485 340 342 619 217 377 508 775 243 406 786 428 440 325 750 660 295 403 499 281 39 451 543 712 572 462 302 400 288 505
624 1131 232 316 1010 433 179 630 142 959 569 255 348 793 1000 137 559 596 660 916 772 797 343 284 457 517 746 812 254 956 438 864 148 1061 661 508 665 545 281 792 444 104 1038 571 348 823 1095 225 162 769 361 268 1102 199 288 590 738 527 1034 935 107 428 798 768 148 474 302 666 0 518 1113 658 810 1005 165 164 500 590 600 554 978 871 697 522 269 679 833 488 465 797 382 994 742 765 694 866 606 216 593 594 620 145 890 958 898 504 657 662 791 1119 541 937 908 556 659 483 921 581 749 255 348 478 411 892 903 734 748 586 397 662 234 183 507 130 960 385 646 392 286
692 981 520 584 780 326 347 738 424 930 857 482 332 315 823 382 895 735 666 532 525 887 205 506 61 438 993 793 571 590 140 350 562 944 579 636 1005 650 326 857 673 448 957 873 287 906 942 382 357 670 636 271 933 577 290 772 383 736 774 427 432 148 332 949 424 679 410 657 518 0 934 611 801 915 606 632 811 465 731 906 920 692 809 726 348 186 348 61 437 900 607 761 1065 584 180 775 231 648 109 80 105 453 901 465 412 20 507 355 426 918 791 729 475 441 900 846 421 423 425 373 285 803 359 394 447 494 971 198 568 625 551 359 66 568 655 581 905 569 271
548 68 1286 848 167 713 1066 584 975 299 837 1274 787 756 116 1030 921 630 482 508 409 518 889 841 936 602 793 365 906 456 845 890 1009 128 451 657 958 621 1152 481 771 1012 197 862 811 503 52 1169 1018 345 839 926 21 969 876 683 568 728 206 858 1117 1054 726 671 1150 738 812 468 1113 934 0 459 378 188 1034 1071 870 534 620 951 248 251 568 724 861 825 768 989 650 538 791 185 949 365 884 264 704 1026 845 900 899 968 379 796 767 951 468 579 544 46 779 204 618 568 767 955 820 557 518 1181 812 890 718 809 677 441 747 736 747 460 913 963 1000 1032 334 769 797 754 896
