283
0 642 995 861 641 835 691 1058 790 579 420 1030 636 714 244 403 667 233 717 930 443 925 411 1010 440 723 1085 430 818 808 541 270 341 901 672 445 508 500 790 766 903 619 622 959 799 969 754 369 731 344 633 935 262 659 212 781 506 1017 727 283 608 290 328 489 1025 848 206 593 655 862 396 501 1042 692 989 436 408 487 519 392 341 715 770 732 558 639 989 408 908 405 375 159 75 257 1110 224 418 239 659 1097 748 502 214 657 286 229 398 358 283 800 1077 244 661 507 85 950 451 130 427 847 970 295 421 296 891 986 233 402 107 145 183 439 178 869 272 711 676 559 1001 506 335 980 595 439 903 1053 745 945 445 950 445 568 525 677 128 429 961 475 354 1006 780 411 1162 920 464 303 1017 134 949 78 534 654 669 1047 716 673 917 283 848 481 864 447 568 853 459 745 417 342 104 463 263 555 827 945 161 211 366 823 505 324 320 79 148 757 731 419 747 566 381 258 762 708 470 593 388 352 506 209 791 272 416 279 596 477 862 605 235 678 173 631 429 870 370 221 641 353 519 567 676 726 608 812 497 906 1000 814 1119 706 790 1060 878 484 595 509 921 803 1004 1011 1107 974 575 307 850 72 671 667 821 666 774 986 907 746 1118 130 333 68 513 301 708 587 481 488 861
642 0 602 382 229 217 227 580 341 547 445 422 393 136 455 692 49 533 246 380 200 432 308 463 229 82 532 256 593 603 662 504 453 305 168 200 261 171 541 236 399 31 280 357 295 382 147 273 132 430 601 313 718 693 448 188 365 511 639 552 566 385 645 309 615 237 491 290 425 485 667 210 499 871 411 641 250 170 309 323 458 282 309 101 770 691 531 331 566 238 369 566 659 385 619 524 230 600 128 564 240 265 480 691 572 446 498 397 391 453 629 627 20 431 623 346 368 571 231 387 435 543 223 715 260 404 441 489 558 584 519 537 559 294 651 266 41 780 518 204 307 419 434 515 349 555 209 477 340 323 204 187 127 664 554 464 336 541 288 471 246 231 674 321 606 340 571 689 380 659 383 617 259 462 505 62 294 644 293 741 263 325 284 323 250 357 472 378 589 634 630 524 338 361 687 542 501 435 267 344 553 563 620 188 246 439 195 489 335 403 230 73 188 173 418 327 143 493 479 494 496 418 405 281 389 732 644 558 540 805 374 450 672 600 775 463 596 295 669 371 228 289 230 276 398 507 637 325 459 560 600 301 65 474 581 164 610 490 612 332 475 425 213 586 142 294 427 305 370 383 303 695 642 530 564 574 409 729 269 808 161 319 252
995 602 0 225 410 692 385 142 917 474 581 422 996 708 933 756 637 775 833 877 707 963 600 269 769 571 289 608 241 263 606 1003 983 770 440 658 846 587 234 799 931 588 397 790 855 828 480 736 483 652 461 462 1185 525 792 719 488 190 395 743 459 717 774 514 36 712 788 418 341 136 738 550 263 714 340 681 650 611 483 863 988 333 886 633 708 542 109 595 97 725 622 1010 1050 789 182 1000 738 1082 479 250 362 848 780 524 752 770 620 930 724 196 108 823 605 1015 1026 407 938 998 757 948 929 1053 718 1198 672 349 767 613 888 1020 813 602 828 364 1138 858 571 719 150 548 737 889 406 590 853 176 779 147 908 476 646 785 687 475 868 578 473 571 742 956 361 685 209 777 628 789 84 1102 855 1052 461 452 374 359 300 541 465 1138 342 742 743 892 444 857 812 270 593 900 898 652 812 485 895 358 1115 1013 650 183 512 695 1072 936 1057 424 828 581 759 454 625 754 374 618 732 774 966 838 690 956 205 729 1053 719 1005 537 942 621 844 377 990 684 566 153 764 820 638 648 570 440 481 967 435 322 541 490 399 186 176 922 205 180 170 880 576 505 89 543 9 984 186 601 440 688 526 922 463 894 188 351 955 401 412 436 166 866 710 935 484 1210 862 728 654 513 435
861 382 225 0 225 470 183 207 691 448 485 268 776 483 756 711 414 665 608 657 512 741 450 163 569 346 232 441 319 338 595 822 792 551 229 470 635 398 276 574 708 372 239 576 630 614 255 554 258 535 466 264 1019 554 649 494 374 156 442 648 447 571 705 374 233 490 661 269 274 141 689 373 189 757 187 638 476 420 345 666 797 146 661 407 711 565 150 454 218 536 490 847 906 628 255 827 544 909 265 236 144 638 651 553 662 632 536 737 579 159 248 734 383 806 877 220 733 841 560 723 711 870 526 1027 454 191 628 527 756 860 688 538 713 150 964 633 349 722 145 369 564 673 336 520 632 194 553 96 703 281 460 568 478 508 741 490 281 517 562 739 137 501 310 559 586 615 189 952 637 907 357 469 193 236 295 320 261 962 121 721 522 687 294 633 607 131 504 709 774 614 727 445 670 175 960 841 559 113 356 541 886 793 898 199 603 483 534 405 480 606 152 393 529 555 769 648 485 786 199 617 854 583 788 384 717 636 755 385 824 710 444 86 709 722 666 544 540 296 514 743 257 96 370 282 236 212 269 698 176 201 285 671 364 437 230 320 231 766 250 401 386 561 307 791 249 671 105 198 730 231 208 499 271 731 628 796 390 1040 637 739 457 377 218
641 229 410 225 0 408 52 431 571 344 303 409 604 363 533 552 276 461 475 592 297 656 231 368 359 244 443 216 364 373 478 600 574 501 76 250 442 178 312 463 622 205 57 544 522 576 191 331 173 331 390 339 794 485 429 402 193 380 415 454 358 351 528 167 430 430 446 81 198 278 528 148 401 676 354 487 251 201 145 453 579 79 539 304 594 487 367 239 353 317 278 622 683 403 480 602 328 684 108 456 111 443 436 483 471 414 359 521 358 234 464 540 241 608 653 333 529 616 346 616 648 649 308 802 425 352 409 349 539 635 475 379 504 241 741 495 216 605 370 144 339 624 222 358 562 419 437 317 499 357 238 390 282 450 525 315 365 370 339 683 147 279 534 514 442 390 402 728 585 684 194 403 36 412 276 184 325 738 214 582 462 483 94 544 403 141 328 491 559 471 536 328 565 314 736 617 375 228 139 318 666 571 673 154 476 299 421 287 262 384 131 279 323 385 556 430 283 561 255 413 643 367 608 167 616 540 560 335 599 615 245 259 542 522 579 350 414 103 455 597 33 172 146 326 376 283 493 551 236 426 376 473 181 291 369 277 418 705 475 436 270 350 301 572 101 517 222 75 599 363 294 473 494 512 446 575 228 816 498 629 243 173 260
835 217 692 470 408 0 382 625 246 748 660 368 405 123 621 909 176 748 200 189 394 271 525 476 397 164 526 473 748 762 871 653 587 92 332 409 367 388 697 139 238 248 465 140 178 168 230 469 240 647 798 263 867 892 655 63 574 549 822 768 764 597 862 521 694 22 702 483 605 603 884 426 508 1078 403 856 464 386 517 470 591 430 222 115 983 892 598 549 684 432 587 736 841 584 650 683 417 751 301 571 362 373 691 890 788 656 715 536 603 590 685 843 197 504 804 320 474 747 407 262 245 682 416 855 64 393 650 706 761 755 728 751 770 329 793 226 203 993 570 420 508 216 628 729 162 591 135 548 455 261 416 286 311 858 760 679 272 753 485 277 345 437 700 107 820 532 638 862 177 841 587 811 427 434 677 230 251 785 350 956 54 443 483 166 392 501 688 529 793 848 846 728 210 360 855 703 718 559 480 557 684 756 789 287 187 655 118 690 552 611 339 144 364 259 541 493 331 662 625 710 600 632 438 495 253 939 859 743 711 1014 589 554 889 815 981 680 806 495 864 327 419 377 445 223 362 649 671 291 601 594 738 407 282 682 697 150 698 301 642 186 674 641 168 786 307 287 550 476 293 349 295 880 679 733 781 769 617 870 232 1019 368 531 259
691 227 385 183 52 382 0 391 564 384 354 356 615 352 574 603 269 513 471 570 329 639 282 318 387 223 393 263 371 383 522 639 608 474 58 286 461 214 319 451 605 207 100 513 510 547 155 371 142 384 425 289 837 520 479 384 244 336 440 507 395 401 580 220 402 404 498 129 225 260 578 193 351 715 301 536 295 236 198 484 613 54 531 287 639 524 331 292 339 352 331 666 731 449 438 644 361 726 99 409 58 463 487 518 524 464 411 554 409 226 429 593 234 631 701 280 554 661 377 605 626 686 343 844 392 300 460 401 590 680 526 429 556 189 781 493 205 650 329 189 383 598 260 408 541 376 427 278 525 307 276 402 302 482 576 366 315 418 379 659 94 318 494 486 490 432 368 775 559 732 242 436 47 360 294 172 275 778 161 630 436 508 145 527 428 130 379 526 611 519 589 370 553 261 782 659 427 209 191 367 703 620 718 109 469 351 409 328 314 433 79 264 349 393 587 465 306 603 253 465 673 419 622 219 603 581 613 363 643 657 298 231 593 575 619 402 459 153 488 598 85 120 194 279 323 281 452 552 232 383 373 495 191 338 354 242 393 682 433 392 310 403 260 623 85 520 202 95 595 311 242 499 454 563 498 625 277 857 496 673 274 226 211
1058 580 142 207 431 625 391 0 863 582 661 306 969 665 964 862 606 851 789 800 720 892 649 156 776 531 152 645 372 394 722 1030 999 693 436 678 838 606 353 746 861 573 437 703 798 743 440 761 450 722 579 372 1225 652 848 663 556 76 524 826 571 770 870 568 114 643 854 464 426 215 842 579 137 847 234 787 682 628 538 873 1004 351 835 587 830 668 70 650 224 744 683 1052 1106 832 52 1033 752 1116 470 109 349 841 844 651 838 829 707 945 778 276 64 910 578 1009 1079 313 938 1044 767 887 849 1078 734 1234 593 244 825 698 951 1065 880 698 901 301 1171 815 543 841 62 575 771 805 493 683 779 40 729 114 909 382 667 767 683 602 934 662 375 670 770 872 334 708 104 696 733 821 60 1155 773 1108 534 574 398 236 408 518 379 1169 290 857 672 893 490 791 813 312 677 917 966 759 900 588 834 267 1164 1048 734 240 556 742 1094 992 1102 392 782 660 709 552 678 806 352 579 736 752 976 856 691 992 302 802 1061 779 985 583 878 745 931 494 1030 813 632 189 866 902 766 725 679 490 609 926 462 292 575 407 290 293 62 882 291 41 306 875 569 597 222 485 139 901 52 504 536 753 457 986 454 860 240 392 906 296 330 570 63 927 799 994 563 1247 820 852 664 570 367
790 341 917 691 571 246 564 863 0 876 747 615 204 211 548 972 295 774 98 169 411 134 598 719 375 348 772 543 934 944 976 552 475 219 505 455 282 474 882 117 116 368 621 258 67 242 437 474 437 707 934 509 747 1023 657 200 689 788 978 810 898 624 910 629 923 234 715 629 766 812 948 525 752 1188 648 935 513 459 636 398 478 618 32 284 1076 1019 830 624 895 440 653 657 774 576 892 593 416 641 466 816 563 288 705 1021 831 668 794 439 628 788 921 869 330 339 737 565 351 677 394 58 191 563 427 726 298 638 663 786 744 677 736 840 779 563 671 88 358 1084 806 521 516 218 770 820 156 831 138 777 348 507 468 243 346 998 751 768 518 852 488 222 557 468 943 231 910 515 870 778 204 773 712 951 600 680 847 391 496 659 578 1033 215 344 620 105 338 693 773 449 779 935 878 851 52 603 763 612 787 764 590 589 557 716 704 494 95 742 157 820 616 624 546 302 365 226 424 441 361 588 817 748 452 663 248 595 72 1051 881 897 634 1120 678 770 946 836 1095 745 912 632 1003 99 569 595 546 468 608 844 912 89 796 835 937 306 397 795 909 378 923 222 884 422 807 686 409 760 478 123 756 646 49 596 537 1034 920 718 837 733 734 739 88 1114 418 638 496
579 547 474 448 344 748 384 582 876 0 177 707 851 683 612 282 596 346 777 926 497 979 303 609 559 583 672 351 252 237 146 686 700 840 421 441 669 404 241 781 946 516 287 886 839 917 536 474 518 260 64 665 816 146 417 733 187 575 149 299 29 366 305 248 509 770 385 265 175 367 264 351 630 331 632 207 394 421 239 620 703 357 844 638 263 144 513 280 377 488 275 647 647 457 634 664 512 736 447 661 430 668 382 144 302 390 182 663 370 309 576 367 563 803 634 642 715 626 538 927 981 737 492 839 769 635 390 179 478 651 402 142 401 550 790 791 547 274 542 355 448 961 124 140 895 595 754 491 687 683 425 653 537 127 454 160 689 107 469 1017 465 445 675 855 154 491 526 706 922 650 164 85 336 684 174 518 653 794 516 276 800 675 264 870 611 321 169 628 475 178 352 29 881 608 726 670 213 352 286 370 762 541 681 493 782 182 741 57 303 398 456 610 542 659 708 574 526 618 280 310 789 345 838 284 932 196 386 103 634 272 222 404 291 372 235 235 96 253 130 877 329 466 330 661 673 290 636 835 293 601 321 684 483 90 387 622 483 1037 634 777 74 305 644 509 443 794 356 292 894 664 612 183 629 465 255 534 142 849 793 293 468 239 591
420 445 581 485 303 660 354 661 747 177 0 710 696 574 434 252 491 194 650 822 345 862 149 646 401 501 718 204 398 389 230 508 523 750 367 294 514 279 369 665 831 413 258 801 720 827 481 308 459 83 241 642 643 304 241 633 112 634 326 165 207 189 225 143 614 681 217 226 240 453 227 235 674 442 648 195 239 289 158 451 527 353 717 545 329 293 590 123 491 329 103 472 483 279 714 486 354 559 378 718 412 511 211 302 177 215 56 489 192 390 671 249 464 634 466 635 547 453 380 802 876 559 335 665 694 648 214 47 314 477 237 93 247 543 614 660 458 337 610 240 278 863 176 72 792 664 638 554 521 660 280 511 401 300 292 21 668 107 301 913 449 289 763 766 163 316 614 540 825 485 127 263 314 705 296 435 627 617 513 295 708 509 209 758 453 355 27 454 319 189 242 149 760 613 558 492 74 420 183 196 584 372 509 454 657 5 629 149 138 220 434 516 392 522 534 403 386 441 376 148 614 167 678 165 809 307 270 263 458 373 71 472 239 240 352 67 170 201 301 734 274 466 215 627 676 397 721 695 378 671 457 523 379 92 504 559 591 929 712 730 155 127 593 348 381 653 421 290 758 664 597 360 717 297 144 367 97 675 660 366 329 134 563
1030 422 422 268 409 368 356 306 615 707 710 0 761 449 872 953 424 868 561 518 612 614 632 153 650 344 170 602 583 604 853 925 875 415 360 592 674 531 543 505 587 432 452 413 547 452 282 676 303 740 731 112 1137 821 821 422 598 236 711 864 709 745 936 576 407 380 848 483 532 399 930 532 169 1024 85 884 622 546 554 745 880 359 591 378 970 831 313 645 461 647 685 979 1060 776 312 942 645 1020 371 220 298 679 836 820 880 810 765 819 753 427 370 949 409 836 1027 79 784 980 650 625 562 965 633 1136 320 78 805 756 934 995 876 778 909 167 1072 588 380 981 272 526 701 515 588 758 502 266 496 283 758 109 588 592 548 775 923 720 97 763 689 580 261 626 353 414 834 744 343 1097 487 1061 591 735 395 73 563 371 130 1066 197 973 404 743 501 526 671 386 733 800 958 863 946 700 576 99 1099 960 784 381 545 708 975 954 1032 273 550 706 476 659 665 774 277 384 609 569 839 746 562 908 467 821 914 768 788 572 613 899 969 652 953 974 655 343 946 931 932 759 794 508 782 694 441 245 539 154 33 478 333 655 444 266 539 715 446 681 468 269 423 610 303 209 640 756 222 966 359 644 373 425 662 45 123 767 345 906 854 962 626 1150 593 1001 562 583 172
636 393 996 776 604 405 615 969 204 851 696 761 0 313 391 886 362 671 205 374 353 326 550 840 294 439 902 500 963 968 925 376 299 410 557 410 182 457 913 268 316 408 643 456 254 444 529 390 519 636 914 650 554 994 546 344 667 897 975 717 877 535 816 606 1008 402 606 640 778 875 865 510 875 1135 777 864 458 436 623 265 301 669 205 388 1010 985 924 575 954 366 593 488 607 465 1005 421 341 456 517 941 634 184 598 992 736 563 731 278 537 838 1021 760 392 142 571 699 185 512 315 248 392 377 360 529 467 768 559 725 611 507 621 784 663 672 478 179 427 1017 908 508 426 423 765 765 359 942 270 869 197 652 425 214 326 978 623 717 664 803 400 420 639 407 1059 424 850 406 964 601 408 605 696 934 639 819 863 455 634 465 679 956 393 201 624 305 243 743 718 299 646 871 772 824 256 728 582 439 717 824 575 510 366 569 529 578 219 690 288 799 557 524 623 391 309 221 249 317 332 427 859 657 256 573 45 570 267 1002 768 895 468 1065 633 843 856 726 1047 674 866 634 982 109 591 681 530 607 748 888 1024 121 841 946 981 176 424 763 970 498 1003 414 998 592 791 605 541 620 532 118 817 678 165 734 663 1025 1030 589 754 588 710 542 174 1048 387 615 615
714 136 708 483 363 123 352 665 211 683 574 449 313 0 498 815 87 641 125 248 277 296 430 529 274 137 589 376 723 734 795 530 464 189 294 301 245 295 671 100 263 166 415 247 159 263 228 352 226 549 738 336 744 829 540 67 500 591 775 666 702 488 763 442 716 134 591 426 560 601 790 340 563 1005 464 768 358 287 444 346 469 406 180 77 902 827 626 455 683 315 490 613 718 467 698 559 298 627 256 629 352 251 580 827 686 544 625 412 493 576 720 736 122 393 681 386 354 624 286 253 302 559 299 733 185 455 538 617 644 632 616 667 658 364 671 150 147 911 605 335 393 291 571 645 217 635 74 572 334 340 310 163 195 801 644 594 352 673 368 339 347 326 751 208 737 412 666 738 254 718 519 754 389 505 639 180 320 662 375 868 150 321 420 186 268 482 601 405 677 764 741 660 202 416 731 579 625 552 401 448 563 635 666 285 120 568 58 625 454 499 335 90 244 136 420 369 215 538 606 606 483 525 339 412 253 867 752 694 587 939 502 560 793 707 910 584 730 432 806 261 364 386 361 294 434 633 717 217 584 639 725 287 199 608 697 185 715 356 690 297 612 538 227 667 267 198 544 437 247 420 350 832 724 616 684 649 544 748 155 939 260 452 304
244 455 933 756 533 621 574 964 548 612 434 872 391 498 0 545 469 324 482 695 259 683 339 884 228 538 958 324 807 803 632 74 108 678 537 288 271 359 767 535 663 441 536 735 562 741 590 203 569 352 675 767 266 730 205 563 470 910 759 380 641 245 467 426 957 632 258 514 620 797 528 385 919 823 847 545 283 338 455 155 109 612 530 531 689 716 900 352 859 226 342 114 226 155 1012 70 227 152 511 980 622 264 255 728 394 231 444 113 241 740 996 396 471 268 189 794 206 129 224 605 733 126 239 270 682 842 230 442 228 134 262 497 297 725 207 473 495 693 902 388 195 746 576 486 670 950 517 850 201 778 297 340 329 733 246 452 790 528 194 767 648 256 1067 696 550 143 935 240 717 226 503 697 567 903 699 501 748 205 711 622 643 204 489 617 230 663 445 99 262 562 412 583 588 799 234 87 418 750 420 249 150 179 168 609 496 429 522 577 323 213 628 512 267 367 147 130 312 41 744 330 198 268 353 398 621 707 399 690 89 755 401 789 511 363 750 383 587 493 733 481 502 686 392 732 846 771 1026 463 735 957 852 242 426 524 874 619 942 770 1007 780 577 309 669 231 526 425 746 582 530 831 750 794 1027 213 427 197 496 283 469 725 311 429 700
403 692 756 711 552 909 603 862 972 282 252 953 886 815 545 0 736 221 877 1063 560 1094 385 874 603 753 942 439 529 512 168 608 652 996 619 519 712 521 523 901 1064 660 503 1049 952 1073 734 502 712 266 305 891 666 288 346 877 359 849 394 169 299 352 78 396 792 929 288 473 440 647 25 483 899 289 886 75 461 527 409 623 654 594 943 793 154 265 792 360 659 533 324 528 479 423 914 571 558 620 631 935 658 708 294 286 152 325 196 636 350 587 858 161 712 796 481 881 714 499 582 1029 1115 651 545 698 945 887 329 205 333 523 282 175 251 788 665 884 708 155 819 489 462 1106 375 195 1032 872 875 765 694 910 507 729 630 323 310 238 918 194 490 1152 695 504 957 1013 128 480 807 538 1069 482 362 320 559 941 457 687 877 674 756 79 955 687 458 995 649 580 226 604 311 105 142 273 991 855 565 568 190 627 435 383 678 403 541 705 886 257 868 310 360 362 682 764 606 745 679 570 613 532 560 229 743 313 860 415 1038 211 168 381 526 227 321 679 34 189 241 230 187 449 318 944 525 708 465 878 920 572 917 909 571 879 601 710 626 274 669 812 765 1166 914 983 328 286 846 352 634 866 630 528 975 908 845 390 911 338 134 387 327 704 883 185 559 387 813
667 49 637 414 276 176 269 606 295 596 491 424 362 87 469 736 0 572 201 332 224 383 352 481 240 80 547 298 639 649 710 512 455 260 211 234 249 215 587 187 350 79 328 314 246 337 166 299 157 473 650 312 727 742 481 141 414 535 687 593 615 421 688 357 648 194 527 338 473 524 712 256 517 920 423 687 288 211 358 327 459 324 262 64 818 740 561 376 605 262 413 582 680 413 643 535 250 609 171 582 276 254 515 740 613 480 544 399 427 495 658 667 35 415 643 352 359 589 246 339 387 547 246 721 224 416 475 535 589 600 553 584 594 312 657 223 66 827 545 251 336 372 483 562 301 579 161 507 334 320 240 169 142 713 586 511 333 588 314 423 277 263 698 277 653 364 602 706 333 680 432 666 304 471 552 97 294 650 316 787 218 319 333 274 250 400 519 385 620 681 671 573 289 374 702 554 546 474 316 381 555 588 636 216 200 486 146 538 378 437 263 43 202 149 416 339 161 508 523 534 490 456 379 328 340 781 683 606 556 853 420 486 716 639 824 506 644 344 718 331 276 319 277 273 404 551 662 285 502 584 643 291 113 522 620 156 645 441 636 311 524 465 206 615 184 257 466 351 325 389 312 744 667 560 607 600 458 735 226 855 193 367 261
233 533 775 665 461 748 513 851 774 346 194 868 671 641 324 221 572 0 685 882 368 902 238 823 400 606 896 280 587 576 321 389 430 829 510 339 503 365 562 717 874 505 428 885 763 904 611 300 588 131 401 786 477 433 126 706 294 819 494 57 374 153 146 295 807 766 66 397 434 646 204 344 853 501 815 224 284 363 321 406 432 525 748 634 366 415 780 223 685 335 183 320 302 206 903 355 358 413 508 902 572 498 73 431 70 108 165 414 148 583 864 95 554 575 291 790 495 294 380 832 932 435 349 504 794 814 112 170 133 319 64 207 54 701 462 687 559 369 797 350 258 929 370 206 853 851 692 741 476 803 332 531 446 447 108 199 813 243 286 969 608 315 953 847 240 265 805 361 894 304 317 422 481 873 488 545 770 469 675 298 788 470 374 810 441 540 186 383 129 246 103 322 799 775 383 354 133 611 323 192 462 201 344 599 695 193 688 335 206 150 591 606 411 551 458 354 427 314 570 48 522 115 643 295 843 392 111 445 314 433 221 661 189 66 433 126 290 370 446 737 428 633 332 764 836 591 911 704 571 858 649 496 473 278 698 677 785 980 901 853 345 113 719 163 516 662 611 467 772 823 749 515 908 127 108 190 290 512 686 401 381 290 708
717 246 833 608 475 200 471 789 98 777 650 561 205 125 482 877 201 685 0 213 318 217 501 651 288 262 709 445 839 849 878 497 423 214 412 359 211 375 787 65 190 271 525 266 81 264 354 384 350 612 836 451 702 924 571 140 591 715 880 718 799 533 818 530 841 197 627 531 668 724 854 426 685 1090 583 839 417 361 538 327 427 525 67 202 979 920 751 527 806 349 557 594 708 491 821 534 326 591 372 750 475 217 617 922 739 580 697 379 537 697 845 780 236 313 671 503 301 611 306 152 253 516 336 685 262 575 575 689 663 614 649 743 693 488 626 26 266 987 730 422 426 264 672 722 188 759 65 697 290 452 372 154 249 900 668 671 464 754 399 289 472 374 874 230 813 431 791 719 236 708 613 853 505 621 750 299 436 616 500 937 191 282 522 135 259 601 676 382 698 838 788 753 114 537 706 553 691 675 491 497 514 641 644 409 15 644 85 721 519 536 459 215 273 133 373 365 265 523 724 656 418 572 239 496 160 952 793 799 570 1022 580 684 852 748 997 649 814 533 904 136 472 512 448 409 550 752 841 94 703 763 845 243 300 697 820 306 840 297 813 387 709 592 344 682 385 87 667 551 124 536 470 935 848 637 743 658 635 699 32 1017 321 540 426
930 380 877 657 592 189 570 800 169 926 822 518 374 248 695 1063 332 882 213 0 514 97 678 646 495 347 686 623 938 951 1042 708 633 106 517 546 424 543 886 166 75 411 648 110 133 80 420 586 429 797 978 428 909 1071 775 192 745 723 1007 911 944 729 1009 689 876 168 829 663 791 792 1038 588 674 1251 569 1017 604 535 689 540 636 619 173 288 1150 1070 779 704 873 549 738 807 922 697 820 746 528 800 484 734 552 430 818 1069 931 781 874 591 734 780 862 978 362 506 884 487 509 824 511 138 56 724 535 890 206 560 776 865 872 827 853 915 895 512 833 223 378 1159 748 583 628 51 809 893 30 763 190 730 501 420 556 362 436 1040 875 842 429 920 601 91 535 567 866 104 985 638 818 931 38 921 762 993 613 589 864 409 420 822 536 1117 135 494 661 77 470 691 849 595 906 1012 985 904 118 533 918 765 873 748 648 691 719 853 857 477 198 817 195 868 702 737 529 316 474 338 582 577 455 736 815 850 618 767 417 660 119 1113 993 928 783 1186 751 742 1040 948 1155 832 976 673 1045 268 600 565 609 393 520 839 841 256 791 766 928 455 445 854 886 340 882 112 811 310 853 783 350 892 491 280 739 662 213 510 470 1065 850 845 931 869 790 904 227 1187 505 699 442
443 200 707 512 297 394 329 720 411 497 345 612 353 277 259 560 224 368 318 514 0 535 197 628 65 283 702 146 628 630 576 316 279 467 284 57 172 121 580 348 507 182 318 525 395 540 330 75 309 297 560 508 525 640 263 345 315 660 624 400 523 215 500 254 728 409 315 306 438 575 537 167 664 788 589 526 106 97 274 155 284 375 382 288 669 632 660 223 647 38 245 367 458 190 766 329 33 409 255 726 372 170 304 638 420 267 387 225 220 525 758 464 218 320 422 534 236 371 49 468 563 361 22 526 447 584 262 380 367 384 339 436 381 466 462 323 238 677 657 167 115 562 416 417 485 703 323 608 206 520 73 168 83 625 366 367 532 453 91 600 394 57 821 486 505 140 697 489 527 459 345 580 333 644 523 242 490 457 455 623 428 190 285 442 116 438 369 197 399 528 471 470 432 540 487 347 377 525 227 179 375 364 421 351 328 340 320 446 209 222 374 265 46 184 259 137 63 295 539 338 345 254 342 218 478 653 478 545 341 718 280 557 534 433 698 334 515 294 628 389 273 434 184 474 586 568 781 350 525 709 657 190 166 409 662 364 716 612 760 532 439 274 413 392 271 308 519 361 416 571 490 673 783 338 426 376 356 540 322 707 55 262 440
925 432 963 741 656 271 639 892 134 979 862 614 326 296 683 1094 383 902 217 97 535 0 714 739 504 415 781 659 1010 1023 1087 686 609 199 584 574 416 584 959 198 33 463 710 207 142 174 495 602 501 828 1034 522 877 1125 788 255 794 815 1070 936 999 750 1035 736 964 251 845 722 854 872 1070 632 768 1299 663 1053 633 572 740 532 612 690 156 352 1191 1123 868 740 954 567 771 792 909 707 913 727 543 773 548 829 628 422 834 1123 956 797 911 574 755 856 953 997 417 466 871 581 485 812 523 79 76 695 553 854 299 653 792 903 877 811 866 955 909 599 801 216 439 1200 839 628 644 122 867 934 113 856 225 818 483 515 587 371 464 1097 883 883 524 964 616 96 614 591 961 200 1025 647 907 912 133 908 814 1050 680 685 931 471 513 789 621 1152 220 479 717 111 471 765 888 583 912 1051 1005 956 103 625 896 746 907 827 695 714 687 851 838 554 207 856 237 921 735 753 606 377 491 351 557 575 481 723 889 874 580 789 371 704 62 1160 1010 989 768 1231 791 824 1069 965 1204 865 1022 728 1102 217 659 647 654 485 615 915 934 222 866 859 1005 441 495 902 967 421 969 89 904 407 908 809 438 894 557 257 818 729 161 605 561 1127 943 851 960 868 839 867 218 1229 536 745 529
411 308 600 450 231 525 282 649 598 303 149 632 550 430 339 385 352 238 501 678 197 714 0 599 256 374 674 55 468 466 380 413 411 612 272 144 368 137 427 518 683 277 212 665 572 689 373 171 349 122 367 548 585 444 199 492 133 606 438 246 330 121 337 87 628 545 216 185 280 464 360 106 631 592 583 339 91 142 117 318 415 304 568 409 477 435 581 26 522 185 61 409 456 189 701 404 209 484 269 685 340 366 205 441 266 182 196 367 128 405 674 327 328 500 429 553 412 398 235 653 731 465 189 599 565 581 178 188 307 420 244 242 276 466 541 510 327 486 591 112 152 721 240 221 648 643 492 536 384 564 130 361 252 431 293 171 574 256 168 768 374 142 754 629 312 201 612 505 684 458 165 388 257 642 360 310 531 541 442 438 570 371 159 612 308 338 175 333 328 337 327 275 612 541 516 415 194 420 94 94 487 342 456 361 508 144 484 256 32 156 356 381 243 372 411 275 237 359 405 193 496 136 535 66 660 456 346 363 389 523 83 465 364 304 501 154 318 160 433 585 197 403 93 526 600 432 711 545 399 650 512 381 244 213 537 441 610 784 697 617 251 125 481 341 277 503 418 257 608 587 511 483 711 281 255 345 167 611 510 515 179 89 470
1010 463 269 163 368 476 318 156 719 609 646 153 840 529 884 874 481 823 651 646 628 739 599 0 678 401 74 582 450 471 756 945 905 540 347 595 724 526 415 603 709 463 394 548 653 587 316 681 331 692 623 217 1150 708 797 519 534 83 589 809 606 719 868 528 254 492 814 425 437 266 852 511 35 910 77 801 612 545 501 776 910 297 692 452 870 720 160 606 317 658 644 982 1050 767 174 954 662 1036 373 101 263 728 803 707 823 782 698 849 727 307 220 895 457 894 1019 158 830 978 672 739 694 989 646 1153 440 87 778 689 907 996 842 701 869 169 1090 678 423 882 119 507 698 649 499 683 626 118 589 138 802 226 587 648 579 660 893 652 219 680 692 716 236 628 223 542 749 746 190 1093 618 1051 520 623 343 90 449 403 226 1086 173 883 520 786 449 641 709 294 667 825 927 777 888 608 687 115 1098 971 721 261 506 686 1003 938 1034 279 642 644 568 567 630 752 255 448 636 630 876 766 589 916 345 774 957 735 860 534 729 793 915 539 958 866 602 213 872 881 821 704 702 452 666 788 402 199 513 254 134 350 194 745 325 120 398 764 466 600 323 344 270 745 165 347 549 716 310 941 357 727 255 357 763 139 182 642 204 881 791 943 553 1167 682 898 574 533 225
440 229 769 569 359 397 387 776 375 559 401 650 294 274 228 603 240 400 288 495 65 504 256 678 0 311 750 208 693 695 631 274 227 461 339 122 112 185 645 329 478 219 382 519 368 530 371 100 351 345 622 542 488 700 283 341 378 714 688 438 585 251 538 318 789 409 340 371 503 637 580 232 714 841 634 574 165 161 339 97 232 436 349 302 720 691 718 281 710 72 298 342 444 203 821 295 47 371 307 777 426 110 330 698 458 293 438 171 255 589 817 494 244 255 407 574 171 351 21 433 540 314 66 485 455 628 288 432 376 360 361 490 404 512 421 288 270 727 713 232 141 544 480 471 467 757 306 665 141 553 138 133 102 686 380 423 565 509 113 577 446 113 876 479 557 143 756 467 512 444 409 642 395 687 588 280 524 415 504 669 424 125 351 419 52 500 424 149 411 579 503 531 402 584 462 314 426 587 292 220 326 361 396 398 300 395 308 509 263 249 427 283 41 156 200 98 88 268 603 376 285 291 279 282 444 708 506 609 316 771 339 617 575 461 753 383 571 359 689 340 336 487 249 506 626 632 836 305 589 763 722 126 211 469 726 392 777 585 815 551 502 317 441 397 323 263 581 424 373 611 530 736 839 349 469 376 419 499 286 757 115 326 479
723 82 571 346 244 164 223 531 348 583 501 344 439 137 538 753 80 606 262 347 283 415 374 401 311 0 466 326 595 607 708 585 531 257 169 280 330 241 543 231 382 104 301 303 290 333 91 355 89 496 633 233 799 727 527 160 410 458 659 620 599 461 711 360 578 186 568 318 443 464 728 270 437 913 343 697 326 245 354 402 536 275 316 64 820 727 489 396 547 321 435 649 742 466 566 606 313 682 137 503 216 334 556 725 640 523 557 475 468 443 584 699 66 495 706 272 439 654 313 384 404 623 305 795 192 335 518 547 638 667 595 591 634 233 731 287 48 830 470 264 388 379 464 568 318 502 209 435 414 243 282 250 208 694 633 519 255 590 370 438 209 312 620 271 659 423 529 772 340 742 423 647 266 390 517 66 215 725 240 796 217 398 319 304 327 350 529 458 668 687 701 564 332 293 770 624 563 417 319 420 632 644 703 147 257 496 190 525 403 481 198 48 270 229 494 409 225 576 474 565 569 493 458 337 381 775 717 580 623 849 431 422 735 673 816 527 642 330 699 397 254 249 288 195 323 500 585 352 452 507 592 371 133 518 561 81 577 460 558 251 509 495 130 667 143 329 408 314 384 309 231 717 591 609 628 655 453 809 291 856 242 370 181
1085 532 289 232 443 526 393 152 772 672 718 170 902 589 958 942 547 896 709 686 702 781 674 74 750 466 0 657 495 518 818 1018 977 582 421 669 793 600 466 658 753 533 468 583 704 622 385 755 401 765 682 262 1224 763 872 573 606 105 641 881 667 794 938 602 265 540 888 499 502 316 920 586 43 964 125 868 686 620 575 847 982 371 746 514 931 777 187 680 354 732 718 1056 1125 842 145 1028 735 1109 446 50 338 797 878 762 895 857 769 921 801 365 213 967 524 961 1094 206 900 1053 745 787 731 1062 719 1227 484 134 852 760 982 1071 916 770 943 238 1164 736 491 943 145 581 772 684 566 752 668 113 645 185 872 267 662 715 650 714 967 723 257 747 766 750 310 703 182 582 815 820 204 1168 656 1126 590 681 417 97 507 473 275 1159 246 948 566 856 522 688 779 363 737 897 1001 843 960 673 736 173 1173 1045 792 320 580 761 1076 1013 1109 351 699 715 625 633 705 827 329 512 708 696 947 839 661 990 400 847 1028 809 924 609 776 851 987 597 1032 923 675 269 941 954 877 776 767 526 721 845 476 273 587 303 166 401 166 803 382 111 437 833 538 668 357 404 287 780 136 379 615 790 365 1015 431 787 315 429 817 177 239 692 178 955 861 1018 623 1241 741 957 647 606 286
430 256 608 441 216 473 263 645 543 351 204 602 500 376 324 439 298 280 445 623 146 659 55 582 208 326 657 0 496 496 434 395 383 559 242 91 318 85 452 463 628 226 211 613 516 635 334 135 310 174 414 512 581 494 218 438 170 596 480 295 377 142 389 112 633 492 248 190 305 472 414 71 615 647 559 394 46 88 137 280 388 294 512 358 533 486 579 81 536 140 114 407 467 187 695 392 162 474 233 672 319 316 236 492 315 207 252 336 150 416 674 372 276 458 437 523 371 400 188 598 676 446 142 591 515 556 202 244 331 419 276 297 312 439 530 455 278 541 585 76 129 667 274 277 593 635 436 531 342 528 76 307 196 478 321 226 539 310 137 713 350 96 749 576 367 181 612 512 629 469 201 434 247 617 389 264 495 529 418 494 517 328 165 557 261 339 230 302 356 392 375 323 557 515 519 405 249 425 96 105 467 356 457 329 453 199 429 300 79 172 331 329 191 318 377 242 182 349 421 238 464 169 488 78 605 510 390 402 385 578 136 466 417 347 555 208 371 170 481 531 183 383 70 487 571 449 707 491 411 642 533 334 193 263 551 397 617 728 691 573 293 169 439 363 243 449 421 258 553 557 480 527 707 303 308 362 210 604 455 571 124 119 435
818 593 241 319 364 748 371 372 934 252 398 583 963 723 807 529 639 587 839 938 628 1010 468 450 693 595 495 496 0 22 371 881 878 838 429 571 791 510 51 823 977 569 320 871 882 908 518 632 509 479 225 581 1038 284 634 755 337 390 154 546 231 568 558 385 277 770 615 323 191 184 514 460 459 475 498 456 543 533 359 775 883 320 902 658 468 301 312 454 147 633 469 864 882 653 418 868 652 946 467 469 386 792 610 283 551 609 423 832 574 163 349 618 603 948 864 539 863 847 676 976 994 933 631 1057 748 504 607 418 713 871 636 392 642 463 1002 860 576 479 351 461 620 962 231 386 910 396 798 312 833 598 556 750 636 234 690 388 600 358 633 1026 408 589 450 849 404 670 311 939 924 884 304 214 334 538 108 543 576 1004 429 507 803 819 342 899 743 246 401 799 716 424 604 271 925 494 956 877 455 206 402 558 956 770 904 461 839 400 781 252 484 604 410 636 664 747 874 738 633 823 125 545 960 558 961 418 975 380 638 149 847 443 408 240 542 621 396 465 343 333 240 961 372 386 443 593 553 106 415 916 149 401 72 817 544 309 151 601 248 1050 421 714 243 521 604 746 456 880 214 288 963 548 524 198 406 696 505 766 314 1068 862 487 582 380 524
808 603 263 338 373 762 383 394 944 237 389 604 968 734 803 512 649 576 849 951 630 1023 466 471 695 607 518 496 22 0 352 878 877 852 439 573 795 513 65 834 989 578 327 887 893 922 532 632 522 471 207 599 1031 262 627 767 333 412 132 533 215 563 542 384 299 784 606 328 192 205 497 463 481 452 519 438 543 536 359 776 881 332 911 670 447 280 334 451 170 634 463 857 873 649 441 864 654 940 477 492 400 795 601 261 538 602 411 832 568 181 371 604 613 950 855 559 865 840 678 987 1007 929 633 1051 763 525 600 406 703 864 626 379 631 481 997 868 586 458 373 464 618 977 227 373 923 418 809 334 835 617 558 756 642 212 680 378 618 344 632 1040 423 590 472 863 387 668 334 930 938 875 301 195 344 559 107 554 594 999 447 487 816 820 346 911 746 260 391 798 705 407 590 257 936 514 947 872 443 225 403 554 952 762 897 475 849 391 792 241 480 598 425 647 667 754 874 738 637 818 142 535 960 551 966 418 986 359 623 134 841 421 403 261 525 608 374 456 326 336 219 969 379 403 445 611 573 125 437 924 166 424 93 820 552 299 174 615 270 1064 444 732 234 514 619 736 467 888 233 297 972 568 542 175 428 687 492 757 308 1061 871 465 585 378 541
541 662 606 595 478 871 522 722 976 146 230 853 925 795 632 168 710 321 878 1042 576 1087 380 756 631 708 818 434 371 352 0 702 731 963 553 524 743 503 372 889 1055 630 422 1011 945 1040 669 535 650 291 145 807 796 121 426 850 297 719 228 264 151 400 222 352 643 893 378 397 321 509 160 455 776 212 778 107 469 516 353 674 734 500 945 758 117 100 654 354 509 558 332 641 615 487 773 672 583 734 575 805 571 741 379 120 256 401 194 704 401 453 712 301 680 856 609 787 770 616 609 1030 1097 751 565 825 898 781 402 199 453 640 385 141 368 695 784 889 668 128 686 459 502 1081 266 159 1011 737 862 635 745 826 510 741 630 154 428 208 832 124 527 1133 607 519 812 978 82 534 665 675 1042 617 286 157 475 831 314 642 795 790 661 135 922 735 390 981 682 468 206 670 440 77 283 153 987 754 699 673 215 498 394 418 777 522 665 631 884 236 852 195 367 424 597 729 623 752 749 624 616 629 421 303 824 368 906 383 1036 77 316 229 634 144 298 549 190 319 122 255 65 379 150 965 458 611 434 801 819 429 774 925 437 744 444 751 596 189 517 754 615 1151 774 914 214 329 780 479 573 883 502 434 988 810 755 222 767 448 213 510 254 833 889 150 558 343 732
270 504 1003 822 600 653 639 1030 552 686 508 925 376 530 74 608 512 389 497 708 316 686 413 945 274 585 1018 395 881 878 702 0 77 702 599 352 289 424 841 555 668 493 606 758 575 761 644 268 624 426 749 817 215 803 276 592 544 974 833 446 715 319 529 499 1027 662 325 586 694 867 592 454 980 890 905 613 352 402 528 185 75 680 538 572 755 788 967 426 931 287 416 113 231 230 1078 46 283 97 571 1042 686 283 323 801 460 302 516 118 315 811 1064 454 519 240 196 848 200 140 275 606 741 51 298 210 715 900 301 515 281 131 325 569 357 783 146 484 545 759 968 456 266 759 650 559 685 1015 539 917 206 828 362 367 377 806 301 526 840 600 261 774 709 321 1133 720 620 214 1003 226 734 230 577 771 635 960 773 554 799 141 771 686 670 215 560 631 263 733 519 127 312 631 471 657 596 856 210 62 490 820 492 324 76 220 153 667 512 503 547 651 397 287 690 555 316 395 129 179 362 75 816 399 146 341 334 470 624 777 455 765 97 822 476 858 574 422 819 456 659 565 807 476 571 749 462 781 900 844 1092 464 807 1022 925 253 482 598 947 666 1012 775 1073 820 652 382 716 275 587 430 815 652 527 885 804 868 1093 270 494 239 571 224 480 790 370 503 753
341 453 983 792 574 587 608 999 475 700 523 875 299 464 108 652 455 430 423 633 279 609 411 905 227 531 977 383 878 877 731 77 0 631 564 324 220 396 835 482 592 445 587 687 500 687 597 248 578 445 764 765 280 825 308 525 544 940 844 485 729 335 575 493 1005 594 364 570 688 848 634 433 941 927 861 649 337 373 520 130 4 653 462 512 794 812 939 428 917 257 425 189 307 245 1045 122 247 167 533 1004 651 214 359 823 501 332 540 56 333 795 1037 504 465 165 272 799 124 214 233 529 665 94 266 268 650 854 330 537 337 208 370 594 405 740 206 409 494 799 937 435 258 684 651 581 610 982 468 887 133 774 337 301 328 824 354 543 787 623 246 698 672 297 1101 649 650 210 976 303 659 306 577 786 610 914 770 507 747 197 731 728 600 144 546 556 204 712 538 82 370 664 520 671 520 811 287 139 516 799 480 330 100 283 230 625 438 519 477 660 401 308 653 497 269 328 51 144 316 134 804 432 92 364 257 461 546 808 508 772 169 858 482 834 619 471 851 479 683 553 825 398 547 713 445 727 851 832 1060 386 793 988 917 181 439 610 932 611 992 697 1040 759 658 403 660 337 549 354 794 632 450 836 756 883 1063 321 531 302 575 283 405 830 335 498 705
901 305 770 551 501 92 474 693 219 840 750 415 410 189 678 996 260 829 214 106 467 199 612 540 461 257 582 559 838 852 963 702 631 0 424 489 412 475 787 150 171 336 558 57 157 77 320 542 332 733 890 322 912 984 730 123 665 617 914 852 857 677 948 612 769 70 781 576 698 687 972 515 569 1170 463 946 546 471 609 523 635 520 206 205 1074 985 672 636 768 505 673 793 902 657 714 736 487 798 394 629 451 418 769 982 872 733 804 583 683 678 755 924 285 527 864 381 511 806 474 215 159 725 489 897 100 454 728 794 834 812 806 841 848 405 837 235 294 1083 641 509 583 124 721 819 86 657 162 624 497 315 497 338 385 951 834 769 324 844 558 188 432 515 761 18 911 601 711 918 86 902 679 904 519 486 768 322 313 827 430 1046 41 487 576 117 447 591 777 581 867 938 929 820 172 426 909 755 806 645 570 637 725 823 844 376 198 744 155 782 638 689 428 234 433 311 582 552 405 719 714 793 632 713 449 585 200 1031 940 835 767 1105 679 637 976 896 1073 767 897 587 956 315 512 461 534 286 415 737 734 289 690 659 825 449 370 774 781 237 775 214 705 211 767 724 244 857 399 299 636 568 269 405 363 972 744 806 867 837 709 911 240 1110 448 622 335
672 168 440 229 76 332 58 436 505 421 367 360 557 294 537 619 211 510 412 517 284 584 272 347 339 169 421 242 429 439 553 599 564 424 0 248 407 179 377 394 550 149 134 467 453 499 116 334 97 384 467 277 802 562 461 329 262 376 490 510 435 385 590 225 455 354 487 156 273 318 595 171 382 753 317 557 267 198 210 437 569 113 473 231 669 564 379 286 398 312 327 635 707 423 481 607 317 689 40 443 87 409 476 560 528 449 424 509 392 284 478 594 176 577 675 281 503 632 331 547 574 645 300 807 348 314 445 414 574 650 515 449 548 196 743 434 147 679 373 166 351 548 299 427 488 418 369 326 473 295 240 345 249 527 562 381 304 442 344 608 111 281 537 438 513 399 418 748 509 708 268 480 96 375 347 114 261 740 177 654 386 457 164 472 377 189 393 482 597 543 592 404 496 272 752 623 437 267 189 348 660 598 687 89 411 363 352 364 304 414 92 207 299 335 540 422 255 569 312 463 624 407 565 215 546 616 614 411 611 691 304 286 607 574 656 407 488 174 532 539 95 149 178 259 329 339 497 493 291 424 432 442 135 365 413 201 448 630 475 364 347 397 228 606 27 462 260 145 536 315 239 548 499 546 507 604 301 820 437 704 229 233 198
