53
0 739 227 494 112 471 476 638 355 406 505 243 821 505 369 163 324 158 194 428 392 494 324 434 64 458 252 175 598 537 265 305 575 597 294 410 413 333 581 398 308 359 592 375 351 414 520 339 531 368 600 267 647
739 0 965 483 649 348 931 482 456 479 344 872 181 680 1012 837 868 583 928 1140 873 954 522 317 677 786 991 635 197 203 982 658 401 476 908 366 829 852 394 1137 1045 444 686 919 1048 988 819 404 794 448 393 600 313
227 965 0 666 332 677 531 807 574 589 727 221 1048 663 255 221 323 386 94 221 401 540 509 661 291 523 60 379 825 764 157 435 788 767 249 635 509 405 794 172 80 580 705 411 240 412 633 566 599 568 813 433 867
494 483 666 0 475 157 906 144 490 92 531 491 650 783 608 651 446 410 676 774 424 928 170 389 461 311 715 519 490 378 755 241 639 102 509 438 815 775 638 826 733 479 216 834 844 887 876 359 310 155 652 234 629
112 649 332 475 0 418 439 616 244 383 395 344 718 411 477 194 412 72 280 539 472 459 308 336 54 511 347 72 496 445 333 336 463 575 395 304 358 302 469 499 412 248 611 359 406 412 448 245 577 330 488 276 536
471 348 677 157 418 0 818 241 362 130 379 544 502 658 677 610 526 346 665 823 526 841 183 241 422 440 716 442 333 220 735 313 487 209 574 297 721 699 485 847 752 350 373 763 817 823 764 234 455 111 498 264 472
476 931 531 906 439 818 0 1042 485 813 590 693 918 293 779 334 789 496 437 732 863 23 744 638 471 934 488 387 736 750 388 771 571 1002 739 576 102 143 579 603 574 499 1050 120 356 147 166 591 1005 753 591 715 679
638 482 807 144 616 241 1042 0 603 234 616 623 661 899 729 795 565 549 820 903 530 1064 314 481 604 396 857 656 544 436 899 375 721 41 635 538 948 914 719 964 871 591 226 974 988 1029 1001 473 369 288 730 377 691
355 456 574 490 244 362 485 603 0 408 153 569 489 295 709 400 616 210 513 783 660 509 370 152 292 653 583 199 274 265 550 470 223 568 618 91 383 395 228 737 654 13 684 463 605 531 406 131 703 339 247 394 292
406 479 589 92 383 130 813 234 408 0 466 431 631 698 558 561 402 318 592 714 396 835 81 325 370 311 635 426 448 338 669 188 574 193 456 367 723 682 574 753 659 398 277 742 757 795 786 279 332 69 590 156 577
505 344 727 531 395 379 590 616 153 466 0 707 342 338 850 552 744 353 666 933 779 613 453 141 441 750 737 352 147 196 701 574 108 588 755 110 489 523 108 891 807 147 742 590 752 659 475 208 789 401 123 498 141
243 872 221 491 344 544 693 623 569 431 707 0 988 748 143 358 103 359 284 283 182 707 361 605 289 303 282 414 771 685 366 250 792 585 51 601 644 553 796 348 262 569 492 579 456 599 758 510 378 433 815 279 848
821 181 1048 650 718 502 918 661 489 631 342 988 0 638 1131 890 999 662 997 1241 1014 940 660 388 757 942 1065 687 222 304 1039 797 348 653 1029 414 820 864 339 1217 1129 480 859 930 1094 999 782 485 957 588 330 731 240
505 680 663 783 411 658 293 899 295 698 338 748 638 0 870 442 823 429 575 884 883 313 649 432 463 909 644 338 482 526 567 726 290 864 799 369 212 300 299 789 730 308 968 347 577 410 144 426 968 630 307 654 398
369 1012 255 608 477 677 779 729 709 558 850 143 1131 870 0 451 163 499 345 186 213 790 494 749 423 361 311 544 914 828 412 370 932 694 103 744 745 646 937 308 251 710 566 661 490 667 865 654 427 568 956 413 991
163 837 221 651 194 610 334 795 400 561 552 358 890 442 451 0 456 267 132 441 531 348 481 520 191 614 203 203 671 633 149 468 595 754 405 478 293 195 602 354 287 409 755 222 212 253 415 435 688 516 620 429 685
324 868 323 446 412 526 789 565 616 402 744 103 999 823 163 456 0 411 388 342 78 804 346 628 359 209 384 484 789 694 470 214 836 531 80 634 735 647 840 435 356 615 409 678 560 701 844 539 282 420 859 269 882
158 583 386 410 72 346 496 549 210 318 353 359 662 429 499 267 411 0 344 582 462 518 247 275 95 480 408 110 439 380 403 298 433 509 408 253 409 364 438 556 467 211 559 424 478 481 487 180 541 261 457 229 495
194 928 94 676 280 665 437 820 513 592 666 284 997 575 345 132 388 344 0 310 467 446 510 616 251 575 72 313 776 724 84 460 719 778 322 583 415 311 726 226 155 520 742 317 177 323 539 524 651 560 744 442 804
428 1140 221 774 539 823 732 903 783 714 933 283 1241 884 186 441 342 582 310 0 400 738 642 853 491 547 246 594 1019 946 343 532 1001 866 268 835 723 618 1007 156 159 787 751 613 394 600 848 756 614 711 1026 560 1075
392 873 401 424 472 526 863 530 660 396 779 182 1014 883 213 531 78 462 467 400 0 878 354 656 421 147 462 544 811 711 548 217 876 499 153 669 805 721 879 506 431 657 353 753 638 778 912 571 214 427 897 286 914
494 954 540 928 459 841 23 1064 509 835 613 707 940 313 790 348 804 518 446 738 878 0 765 661 491 952 496 408 759 773 394 790 593 1024 753 600 125 160 601 606 580 522 1070 129 357 144 181 614 1024 775 613 735 701
324 522 509 170 308 183 744 314 370 81 453 361 660 649 494 481 346 247 510 642 354 765 0 317 291 298 553 357 461 357 587 136 558 272 391 346 656 610 559 675 580 362 319 667 675 718 727 250 337 74 576 81 576
434 317 661 389 336 241 638 481 152 325 141 605 388 432 749 520 628 275 616 853 656 661 317 0 370 615 682 318 166 116 666 444 250 451 649 64 536 543 249 832 742 139 600 611 731 678 553 96 651 260 264 370 259
64 677 291 461 54 422 471 604 292 370 441 289 757 463 423 191 359 95 251 491 421 491 291 370 0 467 313 125 534 475 315 299 513 563 340 345 397 330 519 461 372 295 580 382 395 429 494 275 536 325 538 246 583
458 786 523 311 511 440 934 396 653 311 750 303 942 909 361 614 209 480 575 547 147 952 298 615 467 0 583 579 755 647 659 183 854 369 289 641 865 791 855 645 564 647 206 833 752 867 959 543 76 361 872 259 874
252 991 60 715 347 716 488 857 583 635 737 282 1065 644 311 203 384 408 72 246 462 496 553 682 313 583 0 384 843 788 103 488 790 816 310 651 476 371 797 154 87 590 762 368 180 363 602 589 659 609 816 481 875
175 635 379 519 72 442 387 656 199 426 352 414 687 338 544 203 484 110 313 594 544 408 357 318 125 579 384 0 468 433 352 401 408 616 465 275 299 258 415 539 457 207 669 321 413 381 381 238 644 367 434 337 490
598 197 825 490 496 333 736 544 274 448 147 771 222 482 914 671 789 439 776 1019 811 759 461 166 534 755 843 468 0 112 820 595 211 523 813 193 635 664 206 995 906 264 707 731 879 800 621 263 781 394 209 525 149
537 203 764 378 445 220 750 436 265 338 196 685 304 526 828 633 694 380 724 946 711 773 357 116 475 647 788 433 112 0 778 493 292 413 725 173 647 659 288 935 844 252 594 727 845 794 656 200 671 287 297 426 255
265 982 157 755 333 735 388 899 550 669 701 366 1039 567 412 149 470 403 84 343 548 394 587 666 315 659 103 352 820 778 0 544 743 858 401 627 385 280 750 223 185 559 826 269 92 259 511 578 736 634 768 522 834
305 658 435 241 336 313 771 375 470 188 574 250 797 726 370 468 214 298 460 532 217 790 136 444 299 183 488 401 595 493 544 0 675 336 269 464 694 629 678 589 497 465 287 678 636 719 783 366 242 210 695 77 704
575 401 788 639 463 487 571 721 223 574 108 792 348 290 932 595 836 433 719 1001 876 593 558 250 513 854 790 408 211 292 743 675 0 694 840 212 475 530 8 945 866 222 850 593 782 662 434 310 895 508 25 599 108
597 476 767 102 575 209 1002 41 568 193 588 585 653 864 694 754 531 509 778 866 499 1024 272 451 563 369 816 616 523 413 858 336 694 0 599 506 909 873 692 925 832 556 215 933 947 988 963 437 348 248 704 336 669
294 908 249 509 395 574 739 635 618 456 755 51 1029 799 103 405 80 408 322 268 153 753 391 649 340 289 310 465 813 725 401 269 840 599 0 647 693 600 845 355 277 618 488 625 489 641 808 555 362 464 864 310 895
410 366 635 438 304 297 576 538 91 367 110 601 414 369 744 478 634 253 583 835 669 600 346 64 345 641 651 275 193 173 627 464 212 506 647 0 474 486 214 803 716 78 644 554 687 622 489 98 683 299 231 388 248
413 829 509 815 358 721 102 948 383 723 489 644 820 212 745 293 735 409 415 723 805 125 656 536 397 865 476 299 635 647 385 694 475 909 693 474 0 105 484 608 564 397 968 137 377 198 125 491 933 660 497 634 583
333 852 405 775 302 699 143 914 395 682 523 553 864 300 646 195 647 364 311 618 721 160 610 543 330 791 371 258 664 659 280 629 530 873 600 486 105 0 539 503 458 408 911 67 278 136 231 482 863 625 554 576 634
581 394 794 638 469 485 579 719 228 574 108 796 339 299 937 602 840 438 726 1007 879 601 559 249 519 855 797 415 206 288 750 678 8 692 845 214 484 539 0 952 873 227 850 601 790 670 443 312 896 508 18 601 99
398 1137 172 826 499 847 603 964 737 753 891 348 1217 789 308 354 435 556 226 156 506 606 675 832 461 645 154 539 995 935 223 589 945 925 355 803 608 503 952 0 94 744 841 486 251 463 734 737 718 737 970 597 1029
308 1045 80 733 412 752 574 871 654 659 807 262 1129 730 251 287 356 467 155 159 431 580 580 742 372 564 87 457 906 844 185 497 866 832 277 716 564 458 873 94 0 660 755 454 246 444 689 647 639 642 891 502 947
359 444 580 479 248 350 499 591 13 398 147 569 480 308 710 409 615 211 520 787 657 522 362 139 295 647 590 207 264 252 559 465 222 556 618 78 397 408 227 744 660 0 674 476 615 544 419 120 696 329 246 388 287
592 686 705 216 611 373 1050 226 684 277 742 492 859 968 566 755 409 559 742 751 353 1070 319 600 580 206 762 669 707 594 826 287 850 215 488 644 968 911 850 841 755 674 0 962 919 1006 1045 556 154 346 864 334 845
375 919 411 834 359 763 120 974 463 742 590 579 930 347 661 222 678 424 317 613 753 129 667 611 382 833 368 321 731 727 269 678 593 933 625 554 137 67 601 486 454 476 962 0 245 69 254 549 906 686 616 629 698
351 1048 240 844 406 817 356 988 605 757 752 456 1094 577 490 212 560 478 177 394 638 357 675 731 395 752 180 413 879 845 92 636 782 947 489 687 377 278 790 251 246 615 919 245 0 212 499 647 828 719 807 613 880
414 988 412 887 412 823 147 1029 531 795 659 599 999 410 667 253 701 481 323 600 778 144 718 678 429 867 363 381 800 794 259 719 662 988 641 622 198 136 670 463 444 544 1006 69 212 0 304 613 941 742 685 675 767
520 819 633 876 448 764 166 1001 406 786 475 758 782 144 865 415 844 487 539 848 912 181 727 553 494 959 602 381 621 656 511 783 434 963 808 489 125 231 443 734 689 419 1045 254 499 304 0 530 1025 720 452 717 542
339 404 566 359 245 234 591 473 131 279 208 510 485 426 654 435 539 180 524 756 571 614 250 96 275 543 589 238 263 200 578 366 310 437 555 98 491 482 312 737 647 120 556 549 647 613 530 0 587 210 329 289 343
531 794 599 310 577 455 1005 369 703 332 789 378 957 968 427 688 282 541 651 614 214 1024 337 651 536 76 659 644 781 671 736 242 895 348 362 683 933 863 896 718 639 696 154 906 828 941 1025 587 0 391 913 314 908
368 448 568 155 330 111 753 288 339 69 401 433 588 630 568 516 420 261 560 711 427 775 74 260 325 361 609 367 394 287 634 210 508 248 464 299 660 625 508 737 642 329 346 686 719 742 720 210 391 0 524 154 516
600 393 813 652 488 498 591 730 247 590 123 815 330 307 956 620 859 457 744 1026 897 613 576 264 538 872 816 434 209 297 768 695 25 704 864 231 497 554 18 970 891 246 864 616 807 685 452 329 913 524 0 618 90
267 600 433 234 276 264 715 377 394 156 498 279 731 654 413 429 269 229 442 560 286 735 81 370 246 259 481 337 525 426 522 77 599 336 310 388 634 576 601 597 502 388 334 629 613 675 717 289 314 154 618 0 629
647 313 867 629 536 472 679 691 292 577 141 848 240 398 991 685 882 495 804 1075 914 701 576 259 583 874 875 490 149 255 834 704 108 669 895 248 583 634 99 1029 947 287 845 698 880 767 542 343 908 516 90 629 0
