68
0 464 710 620 532 512 628 848 695 1092 651 879 1103 698 651 684 554 679 1024 729 758 429 217 761 139 750 743 409 357 420 702 413 223 473 596 600 429 783 83 497 181 125 67 522 501 731 573 1017 397 559 969 45 823 479 94 544 347 968 284 480 741 557 531 737 848 477 100 743
464 0 301 775 628 235 167 394 650 775 606 444 739 241 329 220 336 748 680 377 539 70 554 476 479 750 375 641 260 631 708 489 414 421 156 144 206 686 466 107 469 456 517 206 230 599 246 742 214 101 538 436 399 665 517 82 465 646 180 106 854 234 588 459 400 482 418 339
710 301 0 1074 926 223 257 186 923 895 883 174 815 144 535 213 597 1039 786 540 761 295 841 670 676 1028 522 941 381 932 990 789 576 713 148 175 293 942 685 371 757 734 747 197 500 851 159 899 512 211 544 672 113 966 736 268 766 779 456 234 1148 474 884 660 169 777 691 37
620 775 1074 0 150 969 854 1120 297 869 296 1195 957 980 650 924 525 133 867 715 544 801 411 634 760 250 744 214 871 199 227 286 826 370 926 903 898 390 703 708 442 497 667 956 592 421 1005 757 562 863 995 655 1162 140 703 810 324 793 666 864 126 640 199 617 1137 303 537 1111
532 628 926 150 0 830 704 969 213 768 190 1044 842 829 504 773 377 147 751 573 424 658 348 503 669 226 602 182 743 156 181 146 720 220 777 753 761 317 613 558 351 407 589 814 441 317 863 661 414 714 856 561 1012 116 623 661 199 679 531 721 231 490 52 484 986 152 439 963
512 235 223 969 830 0 324 401 878 988 833 398 934 291 559 328 571 961 886 596 774 179 673 706 459 974 588 806 162 802 931 685 355 639 195 228 83 920 474 342 593 559 540 38 465 834 65 966 431 223 693 470 334 845 525 270 646 862 305 129 1061 468 796 690 389 693 513 248
628 167 257 854 704 324 0 266 675 668 636 341 610 129 277 69 349 804 564 288 503 224 697 414 646 781 274 753 407 739 746 580 577 484 138 100 334 686 633 155 613 607 682 285 263 595 298 656 309 102 380 602 316 763 684 84 572 544 343 215 915 224 657 403 282 551 574 289
848 394 186 1120 969 401 266 0 925 783 890 96 685 153 508 196 605 1064 672 485 722 418 948 618 834 1032 460 1018 548 1004 1000 846 742 749 251 250 459 922 835 419 863 850 893 369 527 832 340 808 573 292 400 814 121 1029 887 327 837 681 572 371 1176 482 922 615 29 817 812 180
695 650 923 297 213 878 675 925 0 572 46 1011 661 804 419 738 326 176 572 465 257 699 541 360 821 107 495 394 827 368 83 282 851 248 779 748 824 103 769 556 523 573 758 854 425 127 896 460 448 715 729 715 991 329 789 656 349 498 610 754 282 450 181 348 947 220 595 959
1092 775 895 869 768 988 668 783 572 0 580 879 137 752 458 687 537 743 111 398 354 846 1021 330 1178 638 401 934 1034 908 646 763 1154 650 805 768 980 483 1140 674 968 1000 1159 951 604 452 966 115 703 765 398 1090 897 884 1179 719 814 129 869 866 834 562 722 354 813 685 998 917
651 606 883 296 190 833 636 890 46 580 0 975 661 765 388 701 287 188 571 440 248 654 503 343 777 145 470 367 781 340 110 241 805 201 737 707 778 136 725 513 481 531 715 810 383 128 852 472 403 674 710 670 953 307 745 615 307 498 564 710 300 412 150 328 911 175 551 918
879 444 174 1195 1044 398 341 96 1011 879 975 0 778 215 598 274 688 1145 768 579 815 455 998 712 850 1118 555 1081 556 1070 1085 916 751 825 290 301 468 1013 858 487 913 894 919 372 604 922 332 905 640 344 491 843 64 1098 909 388 902 777 614 399 1257 564 998 708 68 892 853 150
1103 739 815 957 842 934 610 685 661 137 661 778 0 676 452 616 557 837 90 378 417 809 1059 357 1175 740 370 995 1000 970 740 814 1139 694 744 707 937 583 1143 648 998 1024 1170 896 603 535 905 237 706 712 286 1096 803 953 1186 673 857 163 858 820 935 551 792 380 714 739 1015 833
698 241 144 980 829 291 129 153 804 752 765 215 676 0 401 70 478 932 643 399 625 270 795 530 693 910 380 868 419 856 875 701 608 611 108 98 333 813 690 272 710 697 746 254 390 722 243 755 425 140 412 666 187 883 742 175 689 635 420 229 1043 353 783 522 161 677 659 170
651 329 535 650 504 559 277 508 419 458 388 598 452 401 0 331 132 571 377 81 225 398 628 147 724 526 104 610 580 589 498 419 695 298 406 369 536 415 691 223 558 578 718 526 150 324 554 413 254 349 361 644 585 593 733 293 443 329 411 431 684 103 452 131 532 361 565 567
684 220 213 924 773 328 69 196 738 687 701 274 616 70 331 0 414 871 579 328 554 265 763 459 693 844 309 823 436 809 810 650 616 553 133 103 355 745 684 224 678 670 736 290 331 653 290 686 378 131 364 655 254 833 736 141 642 568 400 240 982 290 726 451 213 620 636 240
554 336 597 525 377 571 349 605 326 537 287 688 557 478 132 414 0 458 473 210 220 395 505 206 645 431 236 477 554 456 396 287 635 165 454 422 529 351 605 234 440 467 622 543 105 263 581 467 176 391 494 554 666 461 642 332 313 414 354 443 571 124 326 182 625 230 461 632
679 748 1039 133 147 961 804 1064 176 743 188 1145 837 932 571 871 458 0 748 627 433 786 487 531 816 116 657 302 883 280 97 287 867 327 891 864 896 261 760 668 497 553 734 943 542 303 990 629 535 828 899 708 1118 223 768 771 345 674 668 846 113 581 166 517 1083 267 586 1076
1024 680 786 867 751 886 564 672 572 111 571 768 90 643 377 579 473 748 0 308 327 751 973 270 1102 652 305 905 940 880 651 725 1070 606 701 663 883 496 1067 583 913 941 1091 848 527 445 862 171 629 663 290 1019 786 863 1109 619 769 73 787 767 847 479 702 294 702 650 934 807
729 377 540 715 573 596 288 485 465 398 440 579 378 399 81 328 210 627 308 0 237 447 710 132 797 570 30 687 635 665 547 496 762 373 425 387 582 444 766 276 639 659 795 560 228 356 582 370 332 376 285 720 575 666 809 325 523 269 480 470 740 173 520 130 511 435 645 569
758 539 761 544 424 774 503 722 257 354 248 815 417 625 225 554 220 433 327 237 0 604 669 110 859 353 265 581 772 556 341 408 854 298 631 594 741 211 815 432 619 657 826 743 318 132 775 262 397 573 475 763 807 536 849 514 460 254 575 645 539 306 375 107 747 330 660 792
429 70 295 801 658 179 224 418 699 846 654 455 809 270 398 265 395 786 751 447 604 0 546 545 427 796 445 652 190 645 753 515 353 461 167 172 138 742 421 175 461 439 476 157 289 657 204 811 252 134 602 396 403 684 473 142 483 717 160 64 888 300 622 527 420 518 398 331
217 554 841 411 348 673 697 948 541 1021 503 998 1059 795 628 763 505 487 973 710 669 546 0 703 356 574 731 196 537 212 528 267 438 371 707 699 591 640 300 545 85 115 257 674 494 607 727 931 402 656 981 258 948 272 293 623 208 908 385 607 535 557 361 679 955 345 163 877
761 476 670 634 503 706 414 618 360 330 343 712 357 530 147 459 206 531 270 132 110 545 703 0 848 460 157 643 725 619 443 459 829 337 547 510 683 321 810 369 643 673 829 672 278 239 699 270 374 494 369 760 708 608 848 438 500 207 545 578 641 246 451 24 644 386 668 699
139 479 676 760 669 459 646 834 821 1178 777 850 1175 693 724 693 645 816 1102 797 859 427 356 848 0 882 807 549 297 560 834 543 112 589 585 597 382 906 56 540 319 263 110 479 574 847 524 1112 474 562 1011 107 789 619 78 562 478 1050 320 464 880 624 664 825 830 602 230 705
750 750 1028 250 226 974 781 1032 107 638 145 1118 740 910 526 844 431 116 652 570 353 796 574 460 882 0 600 402 915 377 48 339 922 336 882 852 917 156 828 658 571 625 809 952 528 221 996 523 543 819 828 775 1097 326 842 760 404 580 697 853 195 556 219 450 1054 293 653 1063
743 375 522 744 602 588 274 460 495 401 470 555 370 380 104 309 236 657 305 30 265 445 731 157 807 600 0 713 635 692 577 523 768 400 412 374 579 473 778 278 659 677 809 551 244 385 571 381 347 366 257 733 553 694 822 318 547 273 488 465 770 186 549 157 486 462 661 550
409 641 941 214 182 806 753 1018 394 934 367 1081 995 868 610 823 477 302 905 687 581 652 196 643 549 402 713 0 689 26 361 190 622 313 797 781 728 498 492 598 236 290 453 798 507 489 850 831 444 738 971 446 1040 79 489 693 180 834 501 716 339 567 216 622 1030 257 333 979
357 260 381 871 743 162 407 548 827 1034 781 556 1000 419 580 436 554 883 940 635 772 190 537 725 297 915 635 689 0 690 868 597 195 579 311 333 88 886 313 359 462 421 380 183 454 807 227 994 386 307 788 313 494 739 363 331 548 904 217 195 974 478 717 705 541 623 373 409
420 631 932 199 156 802 739 1004 368 908 340 1070 970 856 589 809 456 280 880 665 556 645 212 619 560 377 692 26 690 0 336 169 629 291 787 770 726 471 503 585 244 299 467 793 490 463 845 805 430 727 950 456 1029 60 503 681 167 809 496 709 323 549 190 598 1017 233 340 970
702 708 990 227 181 931 746 1000 83 646 110 1085 740 875 498 810 396 97 651 547 341 753 528 443 834 48 577 361 868 336 0 291 874 292 844 814 872 164 780 619 523 577 761 909 489 209 954 532 500 780 812 727 1062 287 794 721 356 578 651 811 198 521 171 431 1021 246 604 1026
413 489 789 286 146 685 580 846 282 763 241 916 814 701 419 650 287 287 725 496 408 515 267 459 543 339 523 190 597 169 291 0 584 124 641 620 616 376 489 429 240 291 475 670 324 340 719 667 278 580 781 436 880 183 506 529 66 656 385 578 378 381 123 436 861 78 314 827
223 414 576 826 720 355 577 742 851 1154 805 751 1139 608 695 616 635 867 1070 762 854 353 438 829 112 922 768 622 195 629 874 584 0 608 499 517 284 927 151 492 385 331 216 379 551 860 421 1098 458 485 953 179 689 686 189 495 523 1025 284 379 942 592 708 807 736 632 288 603
473 421 713 370 220 639 484 749 248 650 201 825 694 611 298 553 165 327 606 373 298 461 371 337 589 336 400 313 579 291 292 124 608 0 564 538 580 319 540 342 323 363 540 619 221 258 664 560 209 501 658 486 795 295 567 445 164 538 362 521 435 271 172 314 766 67 373 749
596 156 148 926 777 195 138 251 779 805 737 290 744 108 406 133 454 891 701 425 631 167 707 547 585 882 412 797 311 787 844 641 499 564 0 38 226 802 584 224 622 604 641 156 354 712 161 794 364 63 498 562 243 819 636 122 620 682 324 121 999 334 735 535 252 628 564 185
600 144 175 903 753 228 100 250 748 768 707 301 707 98 369 103 422 864 663 387 594 172 699 510 597 852 374 781 333 770 814 620 517 538 38 0 251 768 593 196 614 600 648 190 324 678 198 756 342 43 465 568 260 800 645 93 602 644 322 138 973 300 710 498 255 603 561 211
429 206 293 898 761 83 334 459 824 980 778 468 937 333 536 355 529 896 883 582 741 138 591 683 382 917 579 728 88 726 872 616 284 580 226 251 0 873 394 313 512 477 459 96 425 790 144 949 375 231 713 388 407 771 445 264 573 852 231 118 993 438 730 665 452 630 430 322
783 686 942 390 317 920 686 922 103 483 136 1013 583 813 415 745 351 261 496 444 211 742 640 321 906 156 473 498 886 471 164 376 927 319 802 768 873 0 855 585 616 665 848 893 456 91 932 368 500 740 684 800 999 432 878 681 442 423 672 793 352 468 284 316 946 306 683 975
83 466 685 703 613 474 633 835 769 1140 725 858 1143 690 691 684 605 760 1067 766 815 421 300 810 56 828 778 492 313 503 780 489 151 540 584 593 394 855 0 517 263 207 67 490 540 798 538 1072 438 555 990 54 798 563 52 549 424 1014 296 464 824 592 609 786 833 550 175 715
497 107 371 708 558 342 155 419 556 674 513 487 648 272 223 224 234 668 583 276 432 175 545 369 540 658 278 598 359 585 619 429 492 342 224 196 313 585 517 0 462 461 558 311 131 497 347 636 154 160 473 478 454 610 565 103 418 545 220 213 777 126 514 351 432 407 433 408
181 469 757 442 351 593 613 863 523 968 481 913 998 710 558 678 440 497 913 639 619 461 85 643 319 571 659 236 462 244 523 240 385 323 622 614 512 616 263 462 0 55 238 592 418 573 645 882 323 571 905 213 864 302 271 538 174 850 301 523 561 481 352 619 870 311 96 793
125 456 734 497 407 559 607 850 573 1000 531 894 1024 697 578 670 467 553 941 659 657 439 115 673 263 625 677 290 421 299 577 291 331 363 604 600 477 665 207 461 55 0 184 561 433 618 614 919 333 557 917 158 843 357 217 529 224 880 279 499 617 494 406 649 855 358 47 769
67 517 747 667 589 540 682 893 758 1159 715 919 1170 746 718 736 622 734 1091 795 826 476 257 829 110 809 809 453 380 467 761 475 216 540 641 648 459 848 67 558 238 184 0 555 567 797 603 1085 463 609 1030 80 861 527 36 598 409 1035 340 522 790 623 590 805 892 541 167 779
522 206 197 956 814 38 285 369 854 951 810 372 896 254 526 290 543 943 848 560 743 157 674 672 479 952 551 798 183 793 909 670 379 619 156 190 96 893 490 311 592 561 555 0 437 806 52 930 409 185 654 482 310 835 542 235 634 825 297 100 1044 437 779 657 359 675 516 225
501 230 500 592 441 465 263 527 425 604 383 604 603 390 150 331 105 542 527 228 318 289 494 278 574 528 244 507 454 490 489 324 551 221 354 324 425 456 540 131 418 433 567 437 0 369 476 548 103 290 487 493 576 507 582 232 329 476 266 337 652 62 394 256 545 289 417 536
731 599 851 421 317 834 595 832 127 452 128 922 535 722 324 653 263 303 445 356 132 657 607 239 847 221 385 489 807 463 209 340 860 258 712 678 790 91 798 497 573 618 797 806 369 0 844 344 420 650 607 744 908 433 825 591 401 372 596 706 408 378 273 231 856 263 630 885
573 246 159 1005 863 65 298 340 896 966 852 332 905 243 554 290 581 990 862 582 775 204 727 699 524 996 571 850 227 845 954 719 421 664 161 198 144 932 538 347 645 614 603 52 476 844 0 952 455 205 653 532 269 886 589 261 685 842 349 143 1092 470 826 685 327 722 568 182
1017 742 899 757 661 966 656 808 460 115 472 905 237 755 413 686 467 629 171 370 262 811 931 270 1112 523 381 831 994 805 532 667 1098 560 794 756 949 368 1072 636 882 919 1085 930 548 344 952 0 641 747 450 1020 915 777 1107 695 722 129 814 839 718 515 617 291 837 589 921 924
397 214 512 562 414 431 309 573 448 703 403 640 706 425 254 378 176 535 629 332 397 252 402 374 474 543 347 444 386 430 500 278 458 209 364 342 375 500 438 154 323 333 463 409 103 420 455 641 0 301 584 390 602 458 479 251 263 576 179 311 639 162 374 351 586 268 314 549
559 101 211 863 714 223 102 292 715 765 674 344 712 140 349 131 391 828 663 376 573 134 656 494 562 819 366 738 307 727 780 580 485 501 63 43 231 740 555 160 571 557 609 185 290 650 205 747 301 0 482 529 301 759 607 59 560 639 280 113 936 272 672 480 298 565 519 248
969 538 544 995 856 693 380 400 729 398 710 491 286 412 361 364 494 899 290 285 475 602 981 369 1011 828 257 971 788 950 812 781 953 658 498 465 713 684 990 473 905 917 1030 654 487 607 653 450 584 482 0 951 520 951 1039 459 804 322 693 595 1010 424 803 381 429 720 896 557
45 436 672 655 561 470 602 814 715 1090 670 843 1096 666 644 655 554 708 1019 720 763 396 258 760 107 775 733 446 313 456 727 436 179 486 562 568 388 800 54 478 213 158 80 482 493 744 532 1020 390 529 951 0 785 515 89 517 370 965 260 444 775 547 556 736 814 495 122 704
823 399 113 1162 1012 334 316 121 991 897 953 64 803 187 585 254 666 1118 786 575 807 403 948 708 789 1097 553 1040 494 1029 1062 880 689 795 243 260 407 999 798 454 864 843 861 310 576 908 269 915 602 301 520 785 0 1060 850 351 862 790 563 345 1229 541 967 702 93 861 801 86
479 665 966 140 116 845 763 1029 329 884 307 1098 953 883 593 833 461 223 863 666 536 684 272 608 619 326 694 79 739 60 287 183 686 295 819 800 771 432 563 610 302 357 527 835 507 433 886 777 458 759 951 515 1060 0 563 709 201 791 540 748 262 562 161 588 1043 231 397 1004
94 517 736 703 623 525 684 887 789 1179 745 909 1186 742 733 736 642 768 1109 809 849 473 293 848 78 842 822 489 363 503 794 506 189 567 636 645 445 878 52 565 271 217 36 542 582 825 589 1107 479 607 1039 89 850 563 0 600 440 1054 346 516 826 636 623 825 885 571 194 767
544 82 268 810 661 270 84 327 656 719 615 388 673 175 293 141 332 771 619 325 514 142 623 438 562 760 318 693 331 681 721 529 495 445 122 93 264 681 549 103 538 529 598 235 232 591 261 695 251 59 459 517 351 709 600 0 513 592 260 147 880 213 617 424 337 510 494 305
347 465 766 324 199 646 572 837 349 814 307 902 857 689 443 642 313 345 769 523 460 483 208 500 478 404 547 180 548 167 356 66 523 164 620 602 573 442 424 418 174 224 409 634 329 401 685 722 263 560 804 370 862 201 440 513 0 702 341 547 427 390 186 477 850 138 248 804
968 646 779 793 679 862 544 681 498 129 498 777 163 635 329 568 414 674 73 269 254 717 908 207 1050 580 273 834 904 809 578 656 1025 538 682 644 852 423 1014 545 850 880 1035 825 476 372 842 129 576 639 322 965 790 791 1054 592 702 0 740 739 774 433 630 231 710 580 875 803
284 180 456 666 531 305 343 572 610 869 564 614 858 420 411 400 354 668 787 480 575 160 385 545 320 697 488 501 217 496 651 385 284 362 324 322 231 672 296 220 301 279 340 297 266 596 349 814 179 280 693 260 563 540 346 260 341 740 0 222 763 308 502 523 576 406 239 492
480 106 234 864 721 129 215 371 754 866 710 399 820 229 431 240 443 846 767 470 645 64 607 578 464 853 465 716 195 709 811 578 379 521 121 138 118 793 464 213 523 499 522 100 337 706 143 839 311 113 595 444 345 748 516 147 547 739 222 0 949 339 684 561 369 579 456 270
741 854 1148 126 231 1061 915 1176 282 834 300 1257 935 1043 684 982 571 113 847 740 539 888 535 641 880 195 770 339 974 323 198 378 942 435 999 973 993 352 824 777 561 617 790 1044 652 408 1092 718 639 936 1010 775 1229 262 826 880 427 774 763 949 0 693 266 628 1195 372 655 1185
557 234 474 640 490 468 224 482 450 562 412 564 551 353 103 290 124 581 479 173 306 300 557 246 624 556 186 567 478 549 521 381 592 271 334 300 438 468 592 126 481 494 623 437 62 378 470 515 162 272 424 547 541 562 636 213 390 433 308 339 693 0 441 227 502 339 476 509
531 588 884 199 52 796 657 922 181 722 150 998 792 783 452 726 326 166 702 520 375 622 361 451 664 219 549 216 717 190 171 123 708 172 735 710 730 284 609 514 352 406 590 779 394 273 826 617 374 672 803 556 967 161 623 617 186 630 502 684 266 441 0 432 939 106 434 921
737 459 660 617 484 690 403 615 348 354 328 708 380 522 131 451 182 517 294 130 107 527 679 24 825 450 157 622 705 598 431 436 807 314 535 498 665 316 786 351 619 649 805 657 256 231 685 291 351 480 381 736 702 588 825 424 477 231 523 561 628 227 432 0 640 364 644 691
848 400 169 1137 986 389 282 29 947 813 911 68 714 161 532 213 625 1083 702 511 747 420 955 644 830 1054 486 1030 541 1017 1021 861 736 766 252 255 452 946 833 432 870 855 892 359 545 856 327 837 586 298 429 814 93 1043 885 337 850 710 576 369 1195 502 939 640 0 834 816 159
477 482 777 303 152 693 551 817 220 685 175 892 739 677 361 620 230 267 650 435 330 518 345 386 602 293 462 257 623 233 246 78 632 67 628 603 630 306 550 407 311 358 541 675 289 263 722 589 268 565 720 495 861 231 571 510 138 580 406 579 372 339 106 364 834 0 376 814
100 418 691 537 439 513 574 812 595 998 551 853 1015 659 565 636 461 586 934 645 660 398 163 668 230 653 661 333 373 340 604 314 288 373 564 561 430 683 175 433 96 47 167 516 417 630 568 921 314 519 896 122 801 397 194 494 248 875 239 456 655 476 434 644 816 376 0 726
743 339 37 1111 963 248 289 180 959 917 918 150 833 170 567 240 632 1076 807 569 792 331 877 699 705 1063 550 979 409 970 1026 827 603 749 185 211 322 975 715 408 793 769 779 225 536 885 182 924 549 248 557 704 86 1004 767 305 804 803 492 270 1185 509 921 691 159 814 726 0
