259
0 152 518 820 243 34 710 90 948 935 898 106 304 642 724 846 930 354 382 381 92 160 853 569 323 868 424 666 362 734 515 781 62 847 474 48 413 413 481 967 606 386 687 115 246 535 961 118 370 480 879 892 460 467 966 182 801 693 556 929 838 467 967 260 667 41 194 617 401 585 885 655 851 957 796 226 762 331 217 995 676 143 361 699 728 247 126 334 708 680 485 802 515 309 1012 535 941 609 513 598 205 470 698 268 102 325 985 566 472 380 254 950 775 473 922 544 947 722 435 699 450 945 334 879 637 760 844 990 265 529 763 454 330 608 328 849 431 930 476 620 424 930 551 924 519 395 65 835 61 260 358 589 632 383 929 598 333 702 621 946 411 370 391 969 362 849 705 564 604 671 623 1003 639 830 312 916 836 186 457 274 97 393 959 504 204 379 686 662 389 263 189 825 976 761 466 908 761 207 652 1002 95 147 556 687 438 269 905 703 289 739 763 853 16 576 82 982 850 707 478 726 994 621 300 483 417 431 590 336 816 378 914 833 172 320 392 953 952 291 811 250 709 570 805 322 834 298 334 880 957 539 798 384 808 961 413 913 364 408 453
152 0 381 888 367 143 753 183 997 998 935 257 454 717 774 938 1016 238 257 507 125 62 845 706 464 892 577 611 210 698 485 737 208 778 328 194 293 565 366 1033 550 234 636 197 128 425 946 270 223 405 919 939 437 335 1046 219 897 772 589 878 928 417 905 389 573 170 168 559 261 478 942 670 866 963 852 173 703 457 354 958 596 136 245 678 793 298 84 478 813 680 349 879 661 280 1074 672 993 502 645 506 154 509 668 368 237 476 939 529 585 272 336 953 731 593 927 649 891 817 420 630 410 877 278 963 676 774 836 949 377 442 696 372 467 520 481 950 284 958 610 551 388 895 444 951 641 296 88 797 118 322 291 536 645 513 872 594 407 711 621 936 536 221 347 1028 426 948 724 627 600 598 611 1082 566 925 405 1005 869 313 574 377 70 491 974 617 356 235 766 771 488 282 341 810 932 752 330 926 704 298 741 1061 60 300 544 687 371 273 972 666 195 821 814 842 162 604 191 936 837 710 620 837 1065 574 452 335 564 287 689 194 739 445 857 835 130 347 341 1008 890 394 775 323 824 707 868 171 802 188 368 889 958 675 886 537 887 931 445 981 216 436 401
518 381 0 968 654 519 788 498 1017 1053 933 623 786 836 825 1072 1129 178 142 771 443 357 739 979 768 862 921 432 215 548 420 561 558 529 82 546 126 901 114 1093 388 188 461 494 272 144 812 632 166 262 927 962 415 54 1143 452 1047 891 637 662 1056 336 657 680 289 517 374 390 119 181 988 657 817 882 908 335 492 729 665 768 351 405 172 573 875 496 395 788 993 627 33 981 967 357 1121 948 1023 197 907 251 345 594 542 612 569 810 726 428 810 176 564 862 552 834 847 847 659 971 423 407 361 618 301 1073 717 737 734 749 638 235 464 235 762 273 835 1105 115 929 884 352 364 715 164 923 881 190 454 627 462 526 274 387 634 787 639 556 596 674 584 814 797 175 332 1071 589 1099 710 733 557 371 547 1171 351 1069 628 1125 865 615 810 624 451 701 912 839 706 150 891 967 702 442 703 694 726 661 51 875 501 555 889 1101 439 655 501 632 277 415 1041 524 256 944 862 732 532 636 515 725 721 657 913 1029 1134 427 806 100 880 102 868 187 475 608 626 760 368 479 313 1043 644 636 611 542 1027 983 940 276 644 232 501 822 861 948 1017 879 992 761 540 1051 177 527 326
820 888 968 0 605 854 190 735 171 117 200 808 691 179 147 162 171 837 868 513 773 833 440 516 612 264 751 635 1001 557 555 600 771 748 1001 780 858 713 854 147 637 1004 620 711 839 847 509 795 956 710 177 143 552 925 175 670 186 136 331 688 142 633 768 603 813 779 727 643 930 849 92 333 311 392 76 741 670 545 652 645 746 751 838 484 96 591 804 625 257 391 949 56 619 651 194 522 152 855 482 784 751 390 524 555 729 697 693 565 409 813 566 410 605 438 383 332 727 188 546 704 607 787 694 121 252 312 432 666 567 755 711 733 590 769 775 227 984 266 513 689 605 606 838 265 424 788 837 582 797 569 710 625 350 531 724 430 488 346 407 478 496 968 642 156 463 213 296 261 432 717 455 203 708 181 509 176 208 652 434 552 889 438 349 391 752 945 147 297 443 610 795 465 675 428 945 314 656 612 198 187 874 771 477 390 691 626 85 554 785 114 118 449 829 332 738 689 462 374 572 292 176 602 771 1025 642 969 280 917 776 445 716 375 763 546 660 152 759 535 570 573 324 524 31 1010 554 818 524 349 425 513 131 737 64 590 454 93 961 465 642
243 367 654 605 0 275 531 185 750 722 715 203 159 426 533 611 698 475 511 139 245 339 737 340 115 703 293 638 557 670 469 724 183 826 635 195 529 263 578 751 587 575 650 174 400 617 847 190 543 511 693 697 413 599 737 201 563 472 404 873 605 463 928 26 705 206 280 599 553 656 680 518 700 813 594 318 731 90 50 914 688 261 481 614 520 177 296 136 466 564 622 579 314 324 799 307 739 676 277 640 310 322 626 76 141 180 920 521 230 483 114 812 721 230 781 305 900 486 384 691 433 917 378 650 467 617 726 916 46 572 746 501 108 642 241 610 598 758 244 620 407 850 625 753 277 481 286 763 250 156 409 567 500 145 885 496 161 570 510 827 169 549 398 759 200 610 557 367 503 673 531 776 643 593 111 682 661 56 214 69 334 167 803 261 157 545 462 419 161 233 196 720 907 652 607 751 725 101 422 792 326 165 473 570 467 259 689 641 397 512 568 739 246 429 176 916 741 584 261 483 774 586 220 651 228 592 354 502 811 205 870 701 294 242 409 748 913 79 740 134 466 342 594 533 754 423 237 736 822 309 565 254 584 870 290 696 542 292 455
34 143 519 854 275 0 744 123 982 969 931 117 325 676 758 880 964 361 387 412 115 164 883 596 350 900 440 688 352 760 541 806 92 867 470 79 419 431 489 1002 629 377 710 148 251 546 990 131 366 498 912 925 487 470 1000 212 834 727 589 953 872 490 989 291 682 75 215 639 400 596 919 686 883 988 830 244 784 362 246 1021 694 164 368 727 762 280 137 360 740 710 486 836 538 333 1046 563 975 620 542 613 223 503 724 302 133 345 1010 591 504 390 288 981 800 504 953 577 970 755 463 720 474 966 354 913 670 792 873 1016 299 545 784 470 358 624 341 883 427 963 505 640 448 956 562 957 550 407 66 861 81 293 376 611 663 412 952 627 367 733 651 975 441 364 414 1003 396 882 737 598 634 691 652 1037 658 864 346 950 869 218 489 307 78 427 991 536 221 376 720 694 422 293 200 854 1001 791 467 941 783 242 686 1036 83 164 584 717 458 297 939 728 300 773 796 882 28 608 116 1007 879 738 504 758 1028 645 313 478 439 429 624 334 835 412 937 864 189 351 414 987 974 325 837 284 740 596 839 308 860 306 366 911 988 567 832 401 842 988 445 947 359 440 475
710 753 788 190 531 744 0 621 244 265 187 721 652 172 44 334 361 669 698 479 648 693 291 558 573 177 742 445 840 373 370 419 671 567 827 677 684 704 673 304 447 840 431 596 685 662 384 711 790 527 168 187 375 747 363 541 336 189 165 524 314 452 603 536 623 669 585 452 760 661 201 143 192 303 121 592 485 496 581 502 556 618 669 298 119 465 670 591 357 204 771 223 642 492 335 552 243 667 502 595 605 244 337 464 632 663 540 376 395 642 460 310 424 433 278 340 563 294 373 515 428 616 528 308 77 146 280 518 486 569 525 552 550 580 741 390 814 227 521 499 429 453 652 222 440 614 715 411 676 450 541 435 161 503 557 241 383 161 217 356 473 803 470 286 349 378 111 166 243 527 265 387 518 344 421 364 130 567 420 466 765 373 281 392 688 778 200 373 380 470 727 304 523 253 768 230 472 508 243 317 748 693 290 203 512 480 254 367 624 224 74 299 722 156 628 536 309 190 583 400 345 412 730 851 634 797 303 754 592 335 547 230 623 405 487 261 592 452 396 460 423 566 158 856 385 656 385 234 323 545 286 719 234 448 307 264 797 316 462
90 183 498 735 185 123 621 0 859 848 808 148 290 557 635 768 850 323 356 324 61 157 766 524 286 777 423 591 376 653 435 701 74 775 467 70 381 404 442 882 533 395 610 24 229 491 873 150 369 417 789 803 378 444 884 96 725 610 466 850 759 394 892 207 610 51 134 543 387 538 798 565 761 867 708 173 687 274 177 912 611 93 329 614 641 157 114 302 636 592 465 719 487 235 926 491 853 561 462 541 157 379 615 190 71 313 905 486 404 341 168 861 696 411 832 472 871 645 352 630 374 872 270 798 547 671 756 909 195 471 692 395 287 549 338 775 427 840 428 551 347 847 505 833 459 349 106 753 67 170 297 514 542 330 853 510 246 612 532 858 353 372 319 882 274 774 615 476 517 604 537 921 571 754 232 837 745 131 392 198 158 316 869 436 210 373 603 592 312 177 214 738 895 674 448 818 685 124 573 914 146 163 470 598 374 187 820 621 248 657 674 765 103 486 18 902 763 618 441 657 910 544 309 480 392 424 515 330 748 291 838 744 129 231 322 865 877 215 729 162 643 526 718 349 751 266 244 790 868 493 718 382 725 877 323 828 366 318 381
948 997 1017 171 750 982 244 859 0 95 93 948 850 330 223 305 263 909 936 671 890 938 369 688 770 181 918 633 1083 534 597 563 904 704 1062 912 920 880 903 120 651 1081 611 835 930 884 405 937 1031 754 91 57 611 980 229 784 344 300 410 616 288 683 696 751 819 906 829 654 998 875 78 360 238 273 156 836 643 699 799 549 746 861 908 472 232 706 914 785 427 395 1003 224 790 737 116 692 23 877 652 804 850 488 512 691 864 857 606 592 571 880 694 297 570 603 279 498 655 359 613 696 663 723 771 242 322 289 365 574 708 789 687 783 748 786 936 370 1052 140 681 701 667 525 871 143 592 851 956 528 917 689 781 644 384 692 657 461 615 347 433 376 657 1045 710 75 585 356 307 385 460 716 473 228 715 330 646 282 155 792 597 691 1007 584 221 556 902 1019 312 468 590 714 945 408 589 395 1002 207 629 742 366 91 991 915 516 391 745 725 127 540 868 286 185 380 959 399 865 602 395 368 741 460 163 612 930 1087 808 1035 446 996 744 569 652 311 867 649 726 43 689 675 523 697 493 695 165 1100 498 899 629 262 311 684 293 902 229 497 551 131 1039 560 695
935 998 1053 117 722 969 265 848 95 0 174 924 808 296 230 216 167 932 962 629 885 941 450 621 729 260 864 690 1101 599 634 634 887 779 1092 896 949 827 938 39 702 1102 671 825 942 926 496 912 1053 791 161 114 640 1013 135 780 260 253 425 699 201 717 780 720 875 893 834 706 1024 922 65 400 316 365 148 845 711 662 769 639 804 861 932 532 206 701 914 741 353 447 1037 156 727 751 77 629 71 926 593 854 857 493 573 671 845 813 694 636 525 906 680 388 640 553 368 447 739 289 637 757 693 805 790 150 339 349 444 663 683 831 754 818 707 837 891 279 1078 232 625 753 694 610 915 233 536 879 949 605 909 681 804 692 421 648 739 501 601 398 475 466 612 1065 734 41 575 265 352 372 502 774 520 140 770 242 625 186 219 769 550 668 1001 555 315 506 870 1041 264 399 561 717 913 484 676 462 1033 295 697 727 313 70 986 888 553 444 777 731 40 602 884 225 192 460 944 420 853 690 474 423 683 381 83 664 887 1116 755 1062 394 1016 815 557 733 388 871 652 752 55 772 652 598 686 415 628 130 1113 575 917 631 346 403 621 213 851 157 586 557 39 1059 568 727
898 935 933 200 715 931 187 808 93 174 0 908 829 316 182 357 334 832 858 652 834 875 278 697 749 88 909 541 1009 441 515 470 858 611 981 865 840 870 819 207 562 1006 519 783 861 798 323 897 956 671 25 62 534 898 309 727 386 301 346 526 338 602 606 719 728 857 767 564 920 787 123 280 145 196 147 770 550 674 765 465 655 802 832 381 221 652 854 765 452 307 921 256 792 667 209 697 109 788 652 715 785 429 420 651 819 838 520 506 558 802 648 217 477 594 195 492 566 382 538 604 584 632 697 301 261 199 273 489 671 703 594 701 726 697 917 423 973 66 677 611 590 436 785 65 591 772 900 435 862 637 706 555 304 674 566 378 570 260 349 293 642 969 634 166 537 409 224 347 377 624 387 314 625 379 607 349 69 753 584 652 950 554 149 549 871 942 314 486 560 654 912 315 502 302 920 122 536 695 368 185 933 878 434 303 665 662 194 448 796 304 152 288 910 331 816 516 303 279 739 489 252 522 908 1006 799 956 445 922 651 523 561 218 804 589 650 132 599 637 430 648 520 705 179 1029 406 826 570 172 232 689 332 889 264 412 491 201 963 499 614
106 257 623 808 203 117 721 148 948 924 908 0 212 628 728 813 901 456 485 327 185 266 896 494 249 888 322 737 468 795 578 844 73 922 580 81 515 314 580 954 680 492 756 167 351 633 1005 16 477 565 887 894 521 572 941 240 765 675 579 994 808 542 1038 211 757 109 279 691 507 681 880 686 877 987 793 316 834 280 161 1052 759 232 463 752 721 283 229 255 664 720 590 783 427 383 1002 460 939 704 446 687 298 491 755 257 95 231 1048 630 428 479 262 983 840 420 954 506 1016 688 494 777 520 1019 418 853 652 789 885 1050 241 618 839 542 261 696 224 809 538 946 407 699 493 987 647 940 463 491 172 894 161 284 444 661 664 322 998 642 337 736 662 987 354 477 466 961 373 810 731 563 649 752 672 979 719 795 301 885 850 156 409 257 196 370 984 458 105 485 666 615 364 317 83 871 1037 805 572 932 831 217 626 994 199 51 607 727 522 331 892 764 386 716 765 896 95 601 130 1045 895 745 398 677 977 690 196 590 328 538 556 442 896 385 983 868 266 362 470 949 1023 273 870 268 656 493 796 425 890 399 370 910 992 465 768 283 788 1014 443 899 471 441 529
304 454 786 691 159 325 652 290 850 808 829 212 0 520 647 661 753 609 643 179 349 444 882 290 80 829 137 797 660 826 628 881 245 985 757 260 666 114 721 832 747 682 809 292 519 764 992 196 658 666 805 802 572 732 798 342 609 555 546 1030 660 621 1086 138 861 284 413 758 678 806 776 661 833 946 696 453 890 156 126 1066 846 381 615 768 618 334 401 67 501 712 753 655 215 477 882 258 837 827 256 794 441 468 782 233 221 23 1075 680 283 622 274 948 878 259 916 362 1057 540 543 851 592 1075 528 711 598 754 871 1070 200 726 905 653 102 798 89 644 717 879 215 779 565 1002 774 874 290 625 365 918 340 315 558 726 645 160 1042 649 312 713 660 970 196 661 554 848 350 648 694 486 656 832 685 837 801 639 258 734 782 176 258 224 401 279 932 305 107 663 544 449 272 388 144 868 1062 800 737 880 884 253 495 879 399 161 630 718 621 413 771 798 532 586 678 885 298 571 274 1071 888 730 191 504 847 745 79 770 116 714 416 620 970 351 1028 841 417 401 564 842 1071 228 895 293 478 288 687 625 907 554 396 871 959 264 624 96 658 1021 444 777 654 448 612
642 717 836 179 426 676 172 557 330 296 316 628 520 0 145 236 302 689 723 341 599 664 461 388 439 339 592 564 844 516 445 567 592 712 859 601 718 554 725 326 549 849 556 535 678 729 556 615 803 589 292 283 427 788 329 498 213 56 214 686 221 511 762 424 724 601 560 558 783 739 256 276 363 470 176 578 622 369 473 673 667 580 691 438 98 419 632 454 195 345 813 162 478 497 373 384 317 750 337 683 587 241 474 375 550 527 707 470 242 671 389 480 570 277 448 175 723 145 414 635 481 771 546 247 173 315 451 687 387 642 658 606 417 672 606 272 838 374 361 602 472 621 723 370 275 648 661 570 621 395 566 534 281 361 715 347 311 314 333 528 327 814 504 333 290 264 269 102 352 639 383 365 623 233 330 294 283 472 268 372 713 258 441 232 574 794 55 203 264 444 617 471 690 414 806 393 610 434 74 366 699 591 379 348 562 463 264 502 630 109 165 469 651 227 560 703 478 342 423 239 352 521 599 882 483 824 132 763 728 271 704 402 595 384 522 324 750 355 552 397 257 396 169 847 546 663 360 405 494 377 181 574 169 619 299 272 807 312 517
724 774 825 147 533 758 44 635 223 230 182 728 647 145 0 290 317 701 731 471 666 716 327 534 567 193 730 489 870 417 409 463 682 611 862 689 719 692 711 269 490 871 475 611 713 702 416 717 822 565 159 167 410 783 321 560 294 152 194 565 270 489 644 537 666 683 608 495 793 702 169 187 218 324 83 617 529 492 583 539 600 638 702 342 77 483 691 584 320 248 808 178 622 521 304 530 218 708 482 637 630 266 381 471 642 657 579 418 380 675 472 335 467 418 304 320 604 255 407 559 465 659 559 265 108 185 318 556 490 609 569 590 544 622 735 347 847 233 504 542 464 492 692 228 420 648 732 453 693 465 573 478 203 493 599 283 393 204 260 387 462 835 504 256 361 335 154 165 285 571 309 347 561 300 427 320 138 573 406 471 783 371 296 374 689 810 164 340 378 492 730 344 562 296 804 248 516 519 212 288 767 697 330 247 549 504 215 412 654 182 39 336 735 189 642 575 347 234 566 362 308 455 725 886 621 831 278 785 636 346 589 265 645 427 521 234 633 456 439 473 387 542 116 883 427 686 406 261 349 523 243 709 189 484 330 225 828 340 499
846 938 1072 162 611 880 334 768 305 216 357 813 661 236 290 0 91 925 959 492 816 889 601 431 587 426 692 775 1076 708 674 753 791 901 1095 802 955 657 961 216 770 1083 763 748 909 962 671 799 1038 822 335 295 661 1025 140 721 54 180 442 848 20 745 928 602 946 806 788 777 1019 970 236 473 473 552 236 809 819 535 652 807 884 804 927 632 216 643 854 595 163 537 1050 112 542 732 264 446 281 979 419 911 816 477 671 578 748 661 855 693 386 907 603 571 757 403 545 307 887 125 649 846 715 945 782 67 378 469 593 828 581 873 859 841 568 898 736 66 1074 422 457 822 708 767 956 422 372 885 875 740 834 616 803 756 486 504 883 562 531 495 543 641 469 1048 740 254 516 51 444 338 566 855 593 179 843 27 536 72 370 665 408 572 926 453 507 359 740 1030 181 216 457 675 785 625 837 584 1043 474 806 644 197 274 914 770 602 537 798 695 178 701 864 128 272 611 853 450 768 850 623 524 508 178 208 737 738 1118 588 1060 257 997 926 496 875 536 822 616 758 270 918 555 727 615 212 438 191 1076 712 898 593 512 586 438 55 687 102 752 535 176 1042 548 751
930 1016 1129 171 698 964 361 850 263 167 334 901 753 302 317 91 0 989 1022 582 896 965 600 521 678 414 783 806 1146 728 721 769 876 917 1157 886 1015 749 1016 152 807 1151 791 829 981 1013 657 887 1105 874 316 271 714 1083 52 798 146 246 492 850 93 797 931 690 984 890 862 813 1083 1016 211 504 467 530 246 881 841 624 740 798 918 881 991 655 255 719 932 686 255 563 1109 147 633 799 194 537 239 1024 511 953 889 539 695 662 833 753 850 734 476 969 683 551 774 494 529 396 890 213 705 876 769 952 846 55 419 480 593 821 666 921 882 895 658 939 828 133 1138 396 549 860 764 764 1005 397 464 945 956 748 916 694 864 795 521 595 888 600 608 517 577 627 559 1116 799 198 591 122 467 402 602 888 626 89 879 116 618 23 364 751 498 656 1008 537 480 450 830 1096 250 307 541 747 874 630 832 597 1102 456 827 726 277 209 995 858 645 562 852 766 140 726 932 195 289 610 937 496 851 846 624 545 599 267 131 773 829 1181 680 1123 344 1065 947 571 881 536 897 686 817 222 922 638 738 694 300 528 203 1149 719 965 663 502 566 528 132 778 137 744 600 133 1109 612 804
354 238 178 837 475 361 669 323 909 932 832 456 609 689 701 925 989 0 36 594 271 196 682 803 590 772 745 406 180 509 325 539 387 555 172 376 59 723 128 971 348 173 434 317 111 187 772 463 123 195 822 852 298 123 1009 274 895 746 507 668 911 239 684 501 337 347 196 355 93 240 870 553 734 816 784 157 490 552 487 759 369 229 7 510 741 321 227 609 833 540 146 843 789 193 1004 772 911 263 732 272 168 450 489 435 394 633 731 353 639 40 388 800 531 661 780 682 675 817 295 410 250 653 143 934 593 647 675 746 460 214 476 158 584 289 661 953 148 840 707 335 241 699 206 833 708 71 294 603 294 352 127 338 528 610 656 458 427 581 487 767 621 137 199 955 424 948 608 588 461 376 461 1040 346 919 454 983 763 437 637 448 304 530 837 669 533 109 744 803 531 270 533 641 726 594 132 795 494 377 735 986 289 483 402 546 178 243 915 479 77 799 740 677 369 512 340 729 669 571 735 866 1009 379 633 194 702 134 707 94 511 443 641 688 193 315 182 930 670 460 583 366 863 806 811 216 613 56 338 748 802 772 870 703 853 740 390 925 131 377 224
382 257 142 868 511 387 698 356 936 962 858 485 643 723 731 959 1022 36 0 631 302 222 699 840 625 795 779 414 164 521 347 547 418 554 136 406 37 758 111 1001 358 152 443 351 136 172 786 493 103 207 848 879 325 88 1041 310 930 779 538 672 945 260 684 537 328 378 232 364 62 225 899 578 756 835 814 193 494 589 522 767 367 262 32 527 773 358 256 645 869 562 110 876 825 229 1033 808 939 249 768 267 202 483 504 472 427 667 735 371 676 56 425 819 539 698 799 718 677 852 324 412 274 651 177 967 623 670 692 752 497 215 477 170 620 286 694 988 116 863 744 340 268 708 193 857 745 87 321 613 324 389 158 350 554 647 657 482 463 604 511 783 658 118 227 984 460 982 634 621 484 377 482 1072 348 954 491 1017 789 472 674 485 325 567 858 706 565 86 778 839 567 306 564 657 732 612 95 817 499 413 770 1015 311 515 426 568 197 280 946 492 114 832 770 693 397 542 373 733 685 593 772 902 1039 392 665 159 737 100 743 86 508 479 643 708 226 351 210 958 670 496 593 403 899 843 842 209 625 89 373 768 820 809 904 737 885 750 423 955 113 411 246
381 507 771 513 139 412 479 324 671 629 652 327 179 341 471 492 582 594 631 0 383 475 726 208 99 657 266 687 692 696 521 752 320 871 761 333 645 227 685 654 644 708 694 311 530 717 834 311 673 597 628 623 471 716 625 324 441 376 391 897 489 537 960 120 784 346 405 655 678 750 596 505 665 778 517 441 774 49 167 920 755 394 599 630 439 275 433 113 338 562 741 478 213 423 704 177 657 768 139 723 436 325 650 159 279 186 936 569 106 596 207 782 750 93 750 186 928 368 443 748 504 954 480 538 431 591 715 927 136 659 796 594 77 721 265 483 726 703 112 685 480 859 722 699 138 589 426 781 390 246 510 624 492 25 914 511 197 557 517 810 29 680 483 669 225 485 532 314 518 736 550 665 708 472 149 564 607 195 83 146 474 119 760 133 248 673 365 288 112 332 292 717 922 650 727 709 766 221 317 700 466 280 503 568 555 359 593 670 517 409 500 730 383 417 316 932 735 577 150 350 671 635 258 778 163 718 240 632 864 218 900 680 425 314 498 663 945 135 759 229 330 211 508 671 767 546 300 704 793 177 451 239 481 872 320 599 673 328 532
92 125 443 773 245 115 648 61 890 885 834 185 349 599 666 816 896 271 302 383 0 96 771 585 347 798 481 574 314 645 426 691 115 754 408 104 330 463 395 919 514 334 595 72 171 447 877 191 309 387 816 833 372 390 927 106 774 653 488 838 806 375 875 268 575 76 101 524 330 496 832 580 777 880 742 133 670 334 238 906 583 50 278 613 678 183 52 364 688 600 410 761 548 218 962 552 885 519 522 506 114 404 610 243 128 372 895 476 460 293 213 872 685 468 845 524 855 694 349 606 359 852 241 843 572 686 762 901 252 437 670 361 348 516 392 826 367 862 489 527 333 841 462 855 517 306 66 746 33 204 265 497 556 391 837 516 287 625 540 864 413 312 299 917 309 824 632 512 522 578 539 964 546 802 281 883 770 193 449 251 116 366 886 492 263 314 647 646 363 184 261 741 886 679 392 836 669 174 619 950 100 212 471 607 345 185 858 613 201 701 705 770 109 506 75 892 767 628 502 712 949 530 363 421 453 365 565 270 723 328 822 754 81 246 300 899 859 268 722 202 699 587 755 288 746 214 264 804 879 554 765 439 768 874 343 866 305 336 361
160 62 357 833 339 164 693 157 938 941 875 266 444 664 716 889 965 196 222 475 96 0 782 680 443 830 574 552 218 637 423 677 204 722 315 191 255 558 325 977 491 238 577 164 86 382 884 275 214 349 859 880 375 306 994 168 850 720 529 819 878 356 848 363 524 163 108 501 240 434 885 608 804 901 795 111 645 427 334 897 543 85 204 616 737 246 43 460 769 618 324 826 644 218 1017 646 935 458 615 456 92 450 606 328 223 467 879 467 546 227 291 890 671 558 865 607 833 769 357 574 349 821 217 911 616 712 773 889 341 390 640 318 444 469 483 904 274 897 583 495 326 834 400 890 606 247 98 737 107 272 232 476 583 484 814 532 358 649 559 873 504 216 285 971 374 901 663 572 537 543 549 1029 511 877 362 955 808 288 537 338 112 447 912 578 354 221 715 730 445 224 347 748 872 690 306 864 646 259 692 1003 95 301 482 624 313 213 917 605 142 770 756 779 175 543 171 876 775 648 598 795 1010 513 454 327 549 273 644 177 685 393 799 773 70 289 280 950 833 354 714 276 784 681 813 195 741 142 310 827 895 649 836 533 834 870 386 926 210 377 341
853 845 739 440 737 883 291 766 369 450 278 896 882 461 327 601 600 682 699 726 771 782 0 839 808 190 992 310 861 194 362 205 832 337 801 833 671 954 631 485 351 851 282 741 742 595 110 890 802 493 288 336 407 715 582 671 616 480 337 250 581 443 331 750 490 817 682 349 756 570 391 221 134 144 365 671 289 729 786 211 414 728 679 172 404 613 774 829 647 175 734 489 912 564 486 829 387 565 777 496 690 415 197 662 801 898 253 328 661 644 638 123 213 701 113 620 290 583 425 358 439 355 572 558 303 146 11 229 691 505 332 529 787 475 971 664 803 236 790 389 458 166 577 231 717 612 836 159 804 611 569 353 237 751 289 255 576 169 233 92 727 816 502 444 537 650 198 425 249 386 233 591 396 617 627 611 235 757 683 668 879 609 184 665 891 785 490 664 616 590 925 46 235 92 738 167 275 681 534 461 861 881 301 168 504 586 464 215 669 508 332 10 868 311 779 249 25 152 851 690 530 312 954 826 889 785 589 776 381 532 283 64 718 535 512 410 322 659 158 629 714 846 410 896 130 694 525 108 122 822 562 962 499 157 453 472 812 454 459
569 706 979 516 340 596 558 524 688 621 697 494 290 388 534 431 521 803 840 208 585 680 839 0 246 727 270 859 897 849 701 904 507 1035 969 521 852 241 891 634 824 914 862 515 737 920 940 477 881 795 672 652 657 925 572 533 377 395 526 1041 436 729 1111 317 976 539 613 835 887 950 609 629 750 858 550 649 939 253 352 1046 939 600 808 776 476 483 636 238 270 695 949 466 112 628 685 33 668 968 74 917 645 484 803 367 470 279 1072 745 194 804 415 868 905 157 836 219 1075 331 631 926 696 1111 685 493 536 694 828 1057 344 857 967 795 239 914 338 394 934 758 96 868 674 989 923 755 124 796 622 923 588 453 715 804 623 195 1064 662 392 677 661 912 182 887 682 662 413 403 640 416 669 917 702 610 892 404 352 499 670 392 181 355 665 293 829 179 394 881 382 222 290 538 434 840 1056 777 935 782 930 429 328 689 660 443 668 699 754 566 581 827 726 402 551 845 568 550 514 1068 852 702 99 254 637 809 350 987 183 927 255 840 1037 400 1051 783 632 514 698 667 1097 343 902 437 221 7 524 873 904 755 497 792 881 31 411 276 464 994 498 584 880 509 726
323 464 768 612 115 350 573 286 770 729 749 249 80 439 567 587 678 590 625 99 347 443 808 246 0 750 189 739 662 761 571 816 261 926 747 275 644 155 694 753 692 681 750 281 510 732 917 233 653 624 725 721 517 713 722 316 535 475 471 964 584 572 1023 89 817 294 393 703 666 770 695 586 755 868 615 432 830 78 109 996 796 370 595 700 538 290 400 23 429 640 736 576 201 439 803 212 756 791 197 752 423 397 716 177 226 91 1007 622 204 598 224 870 814 184 839 284 993 464 488 796 542 1014 493 635 520 678 797 1000 144 685 849 615 22 754 168 573 709 799 157 727 516 933 740 794 220 596 377 851 346 266 523 672 571 82 978 580 247 638 590 894 118 657 510 768 283 576 618 406 588 780 618 761 750 565 192 659 702 156 180 166 420 201 853 228 157 655 464 378 194 347 201 796 994 728 720 801 824 216 416 799 415 199 565 645 580 374 692 734 512 507 597 811 321 497 274 1003 815 656 156 436 769 688 159 762 113 704 337 612 915 282 964 765 405 348 522 762 1008 165 828 245 412 246 607 633 839 537 340 793 882 217 548 155 579 949 379 698 650 384 565
868 892 862 264 703 900 177 777 181 260 88 888 829 339 193 426 414 772 795 657 798 830 190 727 750 0 920 459 950 355 449 382 833 523 914 838 775 881 749 294 484 945 436 752 809 724 245 878 895 602 98 146 474 830 393 691 449 338 311 439 406 536 520 711 646 828 723 485 856 710 203 222 57 133 196 723 463 673 754 383 572 762 770 300 256 620 813 768 500 235 852 318 816 617 297 723 197 709 676 637 739 398 338 634 796 841 436 434 572 739 625 147 390 610 119 513 479 432 483 519 521 545 642 376 236 125 185 406 658 629 507 634 728 618 919 491 908 68 696 531 531 351 709 61 614 708 864 347 828 609 647 479 248 681 479 313 550 191 284 214 651 909 575 254 514 477 167 344 311 542 316 400 544 445 593 427 59 736 597 637 913 550 103 567 861 880 350 527 557 614 900 227 418 217 852 54 449 671 402 273 895 863 369 230 599 619 276 365 741 353 179 201 881 291 787 431 215 205 759 541 339 444 907 939 812 891 472 863 563 503 473 130 761 551 590 220 512 624 342 622 569 735 237 975 317 770 534 87 162 716 394 897 328 329 455 284 903 461 550
424 577 921 751 293 440 742 423 918 864 909 322 137 592 730 692 783 745 779 266 481 574 992 270 189 920 0 927 786 950 759 1005 370 1115 889 384 802 38 858 883 879 809 939 427 652 902 1100 308 789 803 884 874 704 867 832 479 637 618 655 1153 694 756 1212 269 998 411 550 890 811 943 840 770 930 1043 768 590 1019 265 263 1183 981 516 751 888 690 469 532 166 528 826 888 708 162 614 934 248 902 965 273 931 577 584 905 363 352 114 1196 810 350 759 407 1047 1003 315 1015 420 1182 580 675 983 726 1203 665 749 697 857 980 1188 330 863 1037 791 208 934 101 662 848 963 238 913 700 1120 912 959 327 762 489 1039 467 449 696 859 756 241 1168 769 436 822 778 1076 269 790 690 905 472 669 798 578 776 966 807 872 936 667 382 762 868 313 324 353 518 383 1024 361 220 795 605 476 376 525 240 981 1182 914 871 973 1013 390 552 934 520 277 754 831 758 550 825 923 668 639 757 995 416 681 407 1192 999 841 184 520 891 876 127 901 109 846 471 751 1102 470 1153 946 552 534 701 904 1198 354 1017 427 488 265 752 747 1027 689 527 970 1059 256 664 41 708 1136 568 829 784 573 747
666 611 432 635 638 688 445 591 633 690 541 737 797 564 489 775 806 406 414 687 574 552 310 859 739 459 927 0 578 116 168 133 665 188 500 661 382 894 330 730 60 564 29 570 490 287 380 736 516 211 541 584 224 414 805 496 769 607 354 267 756 198 301 659 186 638 473 51 465 260 625 302 407 455 562 447 96 668 677 353 113 524 401 160 559 469 558 762 756 244 431 667 899 356 746 838 644 255 786 185 469 375 121 564 646 817 328 117 665 366 523 433 125 703 421 660 282 709 253 71 216 282 336 754 397 344 306 341 598 203 109 247 722 164 877 826 508 522 783 80 244 293 268 516 736 334 629 198 607 483 320 76 288 711 263 216 493 292 232 382 700 531 274 698 461 815 340 477 211 83 182 825 86 782 547 810 478 634 679 574 661 573 490 683 768 498 613 751 579 423 790 264 322 243 437 460 95 550 635 723 643 740 193 246 239 406 690 96 417 654 517 302 682 336 608 325 291 267 835 799 774 51 853 524 844 489 654 498 178 468 248 341 502 396 275 666 286 574 180 505 812 866 603 622 213 433 400 403 431 834 724 890 678 336 366 699 527 358 213
362 210 215 1001 557 352 840 376 1083 1101 1009 468 660 844 870 1076 1146 180 164 692 314 218 861 897 662 950 786 578 0 685 505 712 416 711 139 402 197 773 260 1139 522 28 607 383 168 318 950 480 62 371 997 1025 475 189 1169 372 1042 900 676 834 1063 419 842 581 478 376 294 528 117 369 1040 730 913 996 952 268 657 644 553 930 525 297 182 689 904 441 262 678 970 719 189 1002 863 350 1174 864 1084 390 831 423 264 610 667 539 440 683 897 533 756 216 498 980 703 771 960 810 837 962 470 573 429 807 311 1091 763 825 854 915 556 378 637 334 662 443 691 1098 99 1018 801 504 419 872 341 1011 819 249 297 777 320 471 303 514 704 702 817 637 555 760 666 946 720 47 375 1126 562 1094 785 745 640 538 641 1202 510 1068 569 1138 939 507 749 550 275 652 1017 787 565 81 897 934 651 402 551 820 894 774 172 974 662 472 882 1157 269 509 581 725 357 381 1081 656 216 952 909 856 372 684 389 896 848 750 817 999 1175 556 662 137 767 112 843 86 662 582 803 868 268 460 360 1101 828 565 757 479 990 899 977 61 789 183 483 928 982 866 1022 746 1011 915 547 1091 50 535 404
734 698 548 557 670 760 373 653 534 599 441 795 826 516 417 708 728 509 521 696 645 637 194 849 761 355 950 116 685 0 219 55 725 195 614 723 491 915 443 638 163 673 87 630 584 403 266 792 624 314 444 489 274 528 721 557 708 552 324 203 688 281 264 688 296 703 547 159 575 376 535 239 300 339 482 528 112 686 714 261 220 597 505 77 492 515 637 784 711 171 545 596 902 427 649 831 547 370 779 301 549 371 45 593 701 845 253 170 657 470 558 318 55 696 307 638 232 657 301 165 288 262 420 679 342 250 192 255 626 316 154 351 742 280 911 764 620 415 781 195 313 197 384 409 724 437 705 100 678 523 409 171 235 721 218 187 514 212 188 266 705 639 351 603 478 752 263 443 179 191 147 737 201 718 569 734 382 675 674 602 742 578 377 670 812 606 560 714 584 477 839 148 242 138 551 350 98 593 590 625 724 790 196 170 334 466 603 31 510 594 439 186 750 301 669 249 175 183 838 755 683 129 890 638 858 601 623 603 219 480 204 231 580 437 357 570 249 598 77 543 772 856 525 726 104 530 435 292 315 827 659 916 607 233 382 613 635 377 297
515 485 420 555 469 541 370 435 597 634 515 578 628 445 409 674 721 325 347 521 426 423 362 701 571 449 759 168 505 219 0 266 507 356 466 505 326 726 305 674 123 498 181 413 379 293 461 576 448 157 507 542 57 383 730 338 658 496 232 416 657 87 462 491 283 484 329 134 407 295 569 237 409 492 490 313 262 501 509 480 238 379 323 193 466 303 420 594 627 215 406 575 734 209 701 678 603 304 627 238 333 225 184 395 485 649 470 52 508 290 355 477 261 544 455 513 438 589 86 227 77 448 210 666 302 323 354 474 429 200 277 186 554 227 709 717 459 517 620 167 96 415 283 510 581 259 487 319 460 315 206 103 213 545 421 136 326 258 165 452 536 462 139 651 295 708 291 348 138 216 136 756 191 676 379 720 446 467 520 406 525 410 512 528 603 432 499 614 415 261 626 325 460 272 404 470 257 384 510 680 507 577 81 221 150 247 624 187 306 547 444 359 531 225 451 467 353 246 670 668 715 117 686 491 676 441 515 418 344 304 406 363 363 228 149 623 447 405 296 337 676 707 525 535 319 331 232 423 480 675 620 722 585 448 203 634 456 193 101
781 737 561 600 724 806 419 701 563 634 470 844 881 567 463 753 769 539 547 752 691 677 205 904 816 382 1005 133 712 55 266 0 774 148 631 772 515 970 462 672 191 697 104 679 620 416 254 842 650 343 475 521 323 546 759 605 756 602 379 150 733 320 208 743 291 750 592 183 599 383 571 290 326 347 524 570 83 741 767 221 217 642 534 129 539 566 680 839 763 221 561 640 958 472 680 887 578 374 835 310 591 427 101 647 751 900 204 215 712 499 612 323 9 752 318 693 176 707 350 159 332 207 460 721 394 288 205 211 680 336 126 380 797 288 965 810 640 437 837 210 357 160 396 432 779 467 749 66 724 575 447 202 288 777 162 243 569 259 243 261 761 664 394 634 533 798 308 497 235 191 203 774 209 764 624 776 415 728 730 657 784 633 390 725 865 631 610 766 640 527 890 160 195 172 568 370 70 645 642 655 766 842 251 220 369 514 641 82 546 642 482 195 797 356 717 201 181 229 893 806 717 163 943 654 914 622 676 631 180 536 148 253 623 489 397 601 193 653 51 596 824 911 568 755 85 564 488 311 318 882 706 971 651 203 437 650 661 432 336
62 208 558 771 183 92 671 74 904 887 858 73 245 592 682 791 876 387 418 320 115 204 832 507 261 833 370 665 416 725 507 774 0 850 520 14 446 356 510 919 607 438 684 94 285 561 940 77 418 491 839 849 450 505 913 168 744 642 522 923 783 469 966 199 683 40 206 618 444 609 840 626 820 928 751 244 761 270 155 983 685 160 394 684 681 219 163 272 649 657 525 751 454 310 964 473 896 632 451 614 226 435 686 216 42 267 978 559 413 408 210 923 769 412 894 486 944 666 424 704 448 946 344 826 600 731 821 980 209 545 766 469 267 623 278 792 478 894 414 626 421 918 575 888 458 419 120 824 97 224 371 589 604 321 927 577 289 675 598 924 349 420 393 922 321 792 674 519 584 678 605 951 646 774 261 861 798 127 397 220 159 339 928 444 150 425 634 602 334 247 145 806 968 741 507 876 759 163 598 955 155 97 539 664 448 260 856 694 316 686 719 832 63 544 57 974 830 683 416 666 944 618 249 531 356 477 534 382 823 336 911 807 195 296 397 908 951 237 801 211 648 507 757 379 821 330 307 851 931 476 743 329 756 947 383 864 413 379 456
847 778 529 748 826 867 567 775 704 779 611 922 985 712 611 901 917 555 554 871 754 722 337 1035 926 523 1115 188 711 195 356 148 850 0 608 845 517 1081 451 816 243 692 176 755 652 394 352 922 650 373 619 665 412 528 906 682 903 748 515 141 881 380 130 847 239 821 652 231 594 348 717 435 466 468 671 624 96 855 866 256 186 703 549 273 687 657 734 949 907 367 538 789 1081 539 821 1016 721 331 964 288 645 552 238 752 833 1006 202 304 842 515 711 443 143 880 444 829 130 853 442 148 402 98 513 869 538 436 340 232 785 340 83 405 909 268 1065 958 627 573 963 227 430 222 372 568 911 486 806 177 786 672 492 262 430 895 111 375 680 406 381 368 883 664 456 777 646 946 456 637 368 179 335 919 211 912 734 924 560 822 858 762 834 755 516 857 956 630 756 909 761 610 977 296 207 319 550 504 105 739 786 796 816 927 368 366 410 592 787 210 582 789 630 326 863 494 792 202 312 377 1017 951 861 239 1042 628 1029 609 816 640 58 652 100 393 678 584 454 744 116 761 181 693 967 1042 716 763 207 593 588 446 435 1012 854 1078 800 270 551 796 661 543 394
474 328 82 1001 635 470 827 467 1062 1092 981 580 757 859 862 1095 1157 172 136 761 408 315 801 969 747 914 889 500 139 614 466 631 520 608 0 507 143 871 170 1131 451 111 529 467 238 216 880 591 104 313 973 1006 452 86 1175 436 1067 915 670 738 1081 379 737 661 369 479 356 455 82 259 1028 702 871 942 945 319 566 716 641 842 427 377 169 632 907 491 357 765 1006 679 70 1010 948 366 1162 937 1066 277 899 325 325 618 604 602 536 780 802 481 810 188 556 924 622 831 907 854 737 989 455 481 399 699 313 1102 753 788 796 824 625 297 540 280 744 347 798 1125 43 982 873 421 397 788 237 975 878 213 408 697 422 522 293 448 678 775 717 603 599 724 632 880 788 108 359 1113 597 1119 757 757 604 445 598 1205 422 1090 624 1152 912 591 808 614 397 701 970 840 670 94 914 976 702 441 662 757 802 720 63 931 574 540 907 1143 388 616 547 684 316 415 1077 588 244 968 900 795 486 672 483 801 785 709 897 1039 1171 489 770 24 857 43 880 138 555 616 704 818 342 487 341 1086 724 627 680 535 1035 972 974 201 713 214 510 880 924 938 1040 848 1020 833 560 1087 112 547 367
48 194 546 780 195 79 677 70 912 896 865 81 260 601 689 802 886 376 406 333 104 191 833 521 275 838 384 661 402 723 505 772 14 845 507 0 435 371 500 928 603 424 681 93 273 552 941 87 405 485 845 856 448 494 923 166 756 652 527 921 794 464 962 212 676 28 199 614 431 600 848 629 824 932 758 235 758 283 169 982 679 151 383 684 689 221 151 287 661 659 513 760 469 305 973 487 904 623 465 606 217 440 685 226 54 282 976 557 425 398 217 926 767 425 897 498 941 677 422 699 444 942 337 836 605 734 823 979 220 537 762 461 281 615 291 804 465 899 428 621 417 917 566 893 471 410 105 823 84 229 364 585 607 335 923 578 296 678 599 926 362 406 388 930 327 804 677 527 585 673 606 961 640 785 271 872 804 139 410 230 144 349 932 457 164 412 644 615 345 246 157 807 966 742 495 881 755 170 609 963 140 109 539 665 442 257 865 692 305 696 727 833 51 548 54 972 831 685 431 679 953 615 263 518 371 464 545 368 817 342 908 809 185 298 392 915 947 248 800 216 661 522 766 365 820 319 309 854 934 491 754 344 766 946 386 873 400 382 451
413 293 126 858 529 419 684 381 920 949 840 515 666 718 719 955 1015 59 37 645 330 255 671 852 644 775 802 382 197 491 326 515 446 517 143 435 0 780 73 988 327 182 411 375 168 134 756 522 134 178 831 863 309 73 1032 328 927 774 526 637 939 238 648 555 291 406 252 332 84 188 885 560 734 810 802 212 460 603 543 733 331 288 52 500 764 369 286 664 870 540 98 868 843 231 1019 822 924 211 780 230 225 477 475 486 452 689 700 346 684 49 437 793 507 707 774 722 641 850 312 377 256 614 176 959 610 649 665 718 512 181 441 143 637 249 719 986 133 843 757 306 254 675 155 836 754 70 353 581 354 399 152 320 536 661 622 462 470 584 491 754 670 149 216 970 464 979 615 616 464 342 460 1062 313 950 501 1010 771 492 684 498 360 574 834 713 591 116 773 842 575 315 592 629 697 587 88 794 465 429 768 1000 346 542 406 546 175 288 934 462 133 827 757 666 428 529 399 699 657 571 787 905 1027 362 691 167 757 115 745 123 471 483 607 683 252 354 198 943 633 509 561 415 903 856 831 245 593 115 376 744 794 822 899 760 878 718 420 944 146 407 225
413 565 901 713 263 431 704 404 880 827 870 314 114 554 692 657 749 723 758 227 463 558 954 241 155 881 38 894 773 915 726 970 356 1081 871 371 780 0 834 846 847 795 905 406 633 876 1062 299 772 774 846 836 672 846 797 455 603 580 618 1117 659 725 1177 238 969 396 527 858 792 917 802 732 891 1005 729 567 985 229 237 1146 950 496 730 852 651 440 515 132 493 789 868 670 137 587 897 216 864 938 238 903 555 548 870 331 335 91 1160 777 311 736 376 1009 968 277 977 382 1147 544 643 951 695 1169 639 714 658 819 943 1152 298 835 1004 763 172 905 106 629 831 925 201 881 669 1084 886 920 290 738 476 1003 452 418 669 826 719 202 1133 732 402 784 741 1038 230 775 661 868 437 635 760 540 740 934 771 837 904 632 347 728 830 288 286 320 508 345 985 323 210 777 568 441 338 496 236 944 1146 876 851 934 979 362 515 897 509 266 719 794 730 522 788 888 646 602 718 958 406 644 388 1156 962 804 150 486 855 843 127 884 71 828 434 734 1070 434 1118 908 532 502 672 866 1163 320 981 397 456 236 714 735 990 668 494 931 1021 224 628 37 671 1098 533 793 768 539 717
