21
0 160 329 467 148 373 539 428 338 254 540 534 373 273 46 348 303 115 435 233 265
160 0 413 432 117 265 405 574 370 149 393 574 274 212 121 438 423 72 284 232 238
329 413 0 317 468 416 589 575 659 367 635 227 681 302 325 27 108 418 683 215 247
467 432 317 0 541 233 342 843 788 293 412 259 686 220 431 338 420 485 601 234 204
148 117 468 541 0 382 515 493 252 266 494 656 225 323 143 489 451 57 312 324 339
373 265 416 233 382 0 181 798 634 121 218 466 475 123 326 443 487 334 369 213 172
539 405 589 342 515 181 0 967 755 286 82 600 540 305 492 616 666 478 381 394 351
428 574 575 843 493 798 967 0 411 681 966 798 659 688 474 573 474 507 800 622 664
338 370 659 788 252 634 755 411 0 519 721 872 284 573 362 674 607 306 462 562 584
254 149 367 293 266 121 286 681 519 0 299 476 393 82 207 394 415 215 332 152 130
540 393 635 412 494 218 82 966 721 299 0 667 486 337 494 662 703 464 315 429 389
534 574 227 259 656 466 600 798 872 476 667 0 849 394 517 225 324 601 807 342 347
373 274 681 686 225 475 540 659 284 393 486 849 0 471 360 705 674 265 187 506 507
273 212 302 220 323 123 305 688 573 82 337 394 471 0 230 329 365 267 413 91 54
46 121 325 431 143 326 492 474 362 207 494 517 360 230 0 346 314 95 403 200 227
348 438 27 338 489 443 616 573 674 394 662 225 705 329 346 0 99 441 710 242 275
303 423 108 420 451 487 666 474 607 415 703 324 674 365 314 99 0 410 706 273 314
115 72 418 485 57 334 478 507 306 215 464 601 265 267 95 441 410 0 320 267 283
435 284 683 601 312 369 381 800 462 332 315 807 187 413 403 710 706 320 0 478 462
233 232 215 234 324 213 394 622 562 152 429 342 506 91 200 242 273 267 478 0 44
265 238 247 204 339 172 351 664 584 130 389 347 507 54 227 275 314 283 462 44 0
