200
0 695 500 426 439 144 473 368 429 129 471 315 738 671 400 669 587 651 812 476 561 530 532 792 157 694 663 660 452 521 538 317 461 470 725 495 347 772 454 686 521 474 238 401 453 441 327 519 427 557 852 560 571 363 202 157 536 379 531 639 362 755 285 210 445 408 242 628 746 597 372 371 604 608 420 121 145 736 254 362 62 535 150 594 483 664 628 562 773 297 632 639 317 657 379 169 468 597 383 455 417 160 472 684 513 639 346 447 374 598 205 452 165 250 263 722 293 368 827 241 513 404 115 438 172 593 530 200 159 251 161 509 519 350 278 356 423 670 600 415 138 429 164 309 392 821 757 257 459 420 204 346 291 408 612 484 740 753 363 719 544 523 466 261 391 657 291 339 297 655 280 190 157 706 733 221 89 396 502 504 601 427 431 248 460 469 205 266 309 717 418 707 252 460 504 437 532 328 225 385
695 0 406 268 341 650 231 978 519 584 480 674 44 747 883 114 399 240 709 533 304 548 165 105 556 54 96 418 249 643 156 739 266 235 621 326 533 623 465 42 655 220 546 906 777 881 730 793 722 557 177 284 412 455 551 577 187 723 704 349 404 63 893 865 461 505 495 315 280 519 804 770 193 252 641 575 756 216 647 381 646 417 716 283 811 371 361 225 127 896 223 231 785 89 677 811 806 539 509 243 785 835 536 234 760 63 532 431 906 300 500 300 849 487 932 265 751 492 153 888 182 1036 630 504 714 413 164 893 847 895 847 289 694 553 879 667 934 456 752 361 749 795 780 387 423 127 101 947 537 573 839 615 802 454 788 621 222 498 366 423 248 619 493 456 482 519 961 661 766 200 747 504 741 692 197 740 784 725 289 700 380 685 500 567 787 773 580 762 890 45 433 356 686 800 481 812 200 684 768 705
500 406 0 280 465 384 350 652 126 457 617 317 429 354 517 308 630 553 384 127 109 705 338 507 347 367 452 160 338 767 318 382 395 238 283 503 578 315 594 431 775 283 267 544 816 502 716 862 330 158 580 126 629 516 485 478 395 741 812 148 152 463 580 710 584 596 448 151 283 145 787 766 480 531 707 422 625 303 321 427 437 610 437 143 853 168 133 181 400 577 208 537 744 441 296 665 411 160 143 257 801 660 662 243 356 347 181 560 554 135 315 431 664 447 655 264 405 556 557 741 293 716 391 615 615 644 312 656 654 751 605 120 799 194 565 294 570 173 347 120 617 408 500 331 508 511 507 699 654 657 553 645 463 551 382 216 591 257 406 218 158 213 90 407 563 185 680 295 420 241 699 356 459 321 311 661 579 752 123 795 625 742 606 267 826 376 521 701 563 394 539 215 642 833 75 425 219 685 454 732
426 268 280 0 186 388 78 721 341 320 344 444 311 625 648 254 350 298 661 375 244 432 110 368 289 269 250 393 60 503 112 503 115 63 561 223 334 586 322 263 513 47 295 667 587 655 510 621 518 433 432 228 349 260 301 319 141 519 554 335 183 330 634 604 313 335 246 306 379 425 586 557 229 267 461 307 497 346 404 167 377 330 454 258 623 366 334 189 352 639 258 283 556 243 464 551 600 440 311 37 582 570 393 310 577 212 317 287 661 272 233 151 583 241 665 354 509 302 407 629 86 776 365 349 462 364 104 624 580 636 579 184 542 340 621 449 695 423 601 170 490 580 517 123 243 395 338 679 388 402 575 412 555 285 633 453 363 498 146 433 186 467 336 203 303 457 694 439 524 269 513 236 479 601 336 495 516 526 176 542 347 501 341 322 596 574 334 524 636 291 270 387 452 607 345 597 133 469 513 505
439 341 465 186 0 462 137 788 509 310 160 569 384 802 755 384 179 214 847 549 429 246 198 410 355 370 268 578 137 325 221 619 85 242 747 58 192 773 139 313 335 202 408 769 438 773 391 459 662 614 453 411 172 115 249 288 154 382 380 518 346 386 700 563 132 167 198 487 540 610 464 429 182 170 303 322 453 494 516 78 412 147 522 439 472 549 519 365 460 709 426 203 449 268 604 510 739 624 471 217 443 547 213 472 731 312 468 103 754 454 308 43 564 190 702 516 616 151 430 581 220 834 425 172 401 191 219 636 567 586 600 370 369 489 690 586 796 609 769 349 447 712 574 176 82 449 361 693 210 236 628 274 650 115 799 619 307 682 85 615 366 639 512 180 141 644 730 572 628 428 413 280 544 783 481 416 520 384 362 372 183 346 166 439 447 718 267 431 712 381 95 565 355 460 526 728 302 344 595 364
144 650 384 388 462 0 453 334 295 200 538 172 690 527 300 603 631 659 671 340 462 610 499 754 107 639 638 541 431 621 499 187 457 416 586 520 428 635 516 651 623 433 119 310 581 329 457 645 286 419 820 465 619 419 277 237 520 504 641 530 268 713 246 346 507 482 292 525 651 464 509 504 600 618 526 163 289 651 110 384 94 585 66 498 614 552 517 481 708 252 545 644 456 631 236 310 335 462 253 407 549 290 552 595 372 590 214 500 293 498 159 462 288 297 285 628 170 437 795 377 470 387 42 512 309 640 490 272 277 388 221 419 628 213 233 213 336 546 456 322 282 298 130 296 439 777 727 317 540 511 188 450 191 467 470 340 739 627 377 601 460 380 336 288 457 526 313 196 179 573 416 182 90 564 651 360 202 520 414 615 641 542 503 117 589 331 297 405 252 664 470 598 378 590 375 308 465 449 133 506
473 231 350 78 137 453 0 787 419 356 297 520 276 700 722 252 280 220 726 452 298 381 68 321 349 248 189 448 22 462 87 579 51 114 626 158 315 648 277 215 473 69 368 741 567 731 506 594 596 507 379 280 282 236 319 347 67 506 517 385 262 287 700 634 269 302 263 353 403 494 581 549 152 188 435 351 525 359 478 152 430 267 518 305 603 416 387 229 337 705 289 204 558 184 542 581 679 510 389 93 568 607 351 335 656 188 396 240 733 321 294 94 621 256 723 379 583 278 354 657 83 840 425 309 482 295 83 673 621 664 631 243 506 419 687 527 768 480 679 247 518 658 578 164 211 354 283 729 347 371 636 397 627 249 711 531 288 551 136 482 233 544 412 224 273 521 752 516 597 291 518 286 543 672 346 509 561 510 237 508 274 478 303 396 577 652 348 532 703 264 230 429 457 589 419 675 166 461 581 489
368 978 652 721 788 334 787 0 531 491 839 336 1016 614 182 919 949 991 805 556 751 899 832 1083 439 962 972 786 765 884 830 273 790 743 750 847 716 804 821 982 883 764 432 155 786 234 665 856 373 611 1151 760 934 728 569 524 854 722 886 798 579 1041 88 422 812 777 601 804 935 672 686 699 934 950 780 469 457 949 337 710 378 899 269 788 810 812 782 790 1023 81 845 977 633 964 374 431 339 661 509 737 745 375 840 890 427 916 474 811 122 783 493 793 356 609 144 916 247 736 1126 444 801 64 365 807 511 956 821 244 339 452 237 723 876 458 100 366 150 778 528 630 455 309 214 629 753 1103 1059 219 827 787 164 710 188 774 517 502 1073 845 706 844 766 540 574 609 758 733 136 361 233 875 609 511 245 689 953 549 322 740 719 859 962 782 799 412 792 369 574 587 89 988 782 862 602 787 611 299 785 679 209 733
429 519 126 341 509 295 419 531 0 417 647 195 546 295 391 429 685 635 390 49 235 734 424 622 292 485 552 258 402 781 409 259 454 318 297 556 583 343 623 538 788 360 193 418 801 375 690 855 205 130 695 249 681 534 464 446 475 723 819 267 162 578 463 638 613 614 441 276 407 168 756 740 563 607 708 377 567 430 211 455 367 656 337 270 838 281 251 297 524 459 334 619 708 542 169 598 288 168 48 330 780 584 684 370 243 457 82 593 429 261 279 484 584 441 546 390 283 570 672 670 380 595 314 637 568 698 401 560 573 680 509 230 806 83 448 168 444 256 261 173 559 282 396 347 535 630 616 597 675 668 445 639 342 576 292 112 685 333 436 317 272 130 43 407 582 230 570 170 298 366 664 327 357 296 437 617 497 737 229 799 684 738 628 181 811 254 498 661 443 512 568 331 612 816 82 300 321 666 341 718
129 584 457 320 310 200 356 491 417 0 349 362 628 693 496 572 459 524 808 467 494 415 419 677 129 589 543 614 336 421 428 386 338 372 713 366 231 756 330 571 423 367 230 503 392 529 275 452 475 548 734 489 443 236 79 37 416 314 441 581 305 642 405 284 321 289 113 564 671 576 338 324 479 480 326 41 180 651 298 234 117 408 242 524 427 609 572 479 672 416 551 511 291 539 419 231 532 581 369 352 366 251 356 605 559 531 340 320 480 531 142 326 265 121 392 645 370 246 709 310 406 531 157 319 158 466 421 326 265 318 290 436 429 351 396 396 527 631 632 352 172 497 279 197 263 708 638 383 343 311 327 250 386 283 651 497 614 714 237 669 464 532 446 135 268 632 420 379 379 571 247 102 258 711 645 204 210 329 429 416 473 344 310 254 401 525 97 245 424 610 291 647 195 405 479 508 439 257 321 313
471 480 617 344 160 538 297 839 647 349 0 674 520 943 838 538 139 287 1001 691 588 88 354 530 438 517 393 738 298 166 378 714 245 403 901 154 129 929 24 445 177 363 515 848 308 865 301 314 777 760 558 572 118 120 270 315 302 271 224 679 487 514 754 535 34 65 246 648 699 762 363 325 293 250 172 377 433 651 615 193 465 86 588 600 338 710 679 525 605 765 586 284 365 396 719 487 848 775 605 377 325 536 56 632 853 461 595 57 827 615 406 203 556 240 731 675 704 103 538 545 380 876 496 39 373 138 377 649 564 547 623 529 214 614 745 698 873 768 902 499 430 817 628 300 112 572 476 705 58 105 675 181 729 73 929 753 379 842 212 776 527 777 656 257 81 800 757 683 715 588 342 365 607 932 636 368 535 267 521 220 162 215 44 546 316 832 267 366 773 523 79 726 298 330 674 831 463 253 667 250
315 674 317 444 569 172 520 336 195 362 674 0 707 360 209 599 747 739 520 223 419 753 548 780 240 649 686 451 499 777 540 66 540 447 446 625 578 498 651 685 780 478 160 234 751 211 628 813 114 288 851 430 738 554 433 398 585 673 802 462 270 736 270 505 641 625 433 468 600 344 682 676 673 704 686 321 460 617 64 498 266 707 179 456 784 476 446 467 701 265 516 724 628 677 65 476 174 337 176 448 720 447 697 558 200 611 144 629 238 450 267 557 441 437 360 581 88 579 826 537 509 400 211 653 482 758 531 392 427 547 343 398 789 125 254 43 261 446 285 313 453 143 223 392 566 794 764 420 686 664 262 611 147 601 297 189 807 518 485 510 443 230 238 416 597 407 382 29 103 547 589 310 190 407 623 532 357 689 396 778 753 706 644 130 759 162 458 578 248 676 600 526 549 761 276 158 474 617 154 674
738 44 429 311 384 690 276 1016 546 628 520 707 0 763 917 124 434 270 713 557 323 587 209 77 597 61 130 425 294 683 199 772 311 274 628 367 577 626 506 75 695 263 583 941 820 913 774 834 750 575 150 304 447 499 596 622 231 766 743 358 439 36 932 909 503 548 539 324 271 534 848 814 230 286 683 618 801 206 683 425 688 455 756 298 853 377 370 249 97 935 234 262 830 124 707 856 834 554 539 285 828 879 577 235 785 100 564 473 941 314 542 344 892 532 973 259 786 536 129 933 224 1074 671 545 759 447 207 935 891 940 889 316 734 585 918 699 968 462 772 393 794 825 820 431 467 87 97 989 578 615 879 658 838 497 808 646 236 498 411 423 273 641 518 500 525 528 1001 694 801 207 791 547 781 702 187 785 827 769 316 741 414 727 542 604 829 801 625 807 928 35 476 355 731 842 503 842 232 728 806 748
671 747 354 625 802 527 700 614 295 693 943 360 763 0 432 639 975 907 198 252 444 1029 692 840 563 702 803 350 686 1075 673 384 741 591 183 847 877 229 918 777 1081 636 462 461 1084 385 968 1141 260 195 912 465 972 830 750 725 749 1006 1112 409 456 798 583 866 909 909 732 440 538 228 1028 1017 834 885 999 651 817 589 417 750 617 949 540 465 1120 398 395 526 710 571 528 892 977 793 295 836 275 208 339 608 1059 808 979 538 188 693 357 888 491 448 564 774 801 733 692 534 417 865 892 897 648 675 560 933 831 988 666 743 787 908 698 474 1099 343 570 317 474 317 86 455 810 306 578 642 830 836 849 763 970 962 605 928 461 872 102 196 944 333 731 381 506 165 290 700 877 246 707 333 424 557 935 613 549 93 604 882 718 1020 478 1091 972 1027 923 438 1093 246 781 927 547 727 864 438 888 1098 281 314 572 949 501 1003
400 883 517 648 755 300 722 182 391 496 838 209 917 432 0 809 928 939 625 406 624 910 754 989 402 859 894 634 700 916 747 145 737 655 576 812 727 629 817 894 917 685 354 30 852 54 727 920 204 448 1061 636 916 719 575 533 788 780 930 656 480 946 173 529 807 782 592 667 798 511 764 769 874 901 817 463 528 820 243 679 380 884 255 660 881 666 640 676 909 157 722 924 709 885 222 520 157 498 382 655 815 473 852 761 246 820 353 800 60 652 446 749 458 598 285 781 139 738 1036 556 717 242 342 812 569 938 738 365 441 566 334 607 918 333 165 223 52 621 346 523 523 131 241 581 738 1004 973 364 839 808 231 742 110 767 335 338 1010 682 669 690 651 372 431 586 758 569 293 225 126 754 677 478 243 510 827 616 395 797 605 903 937 828 803 326 859 189 591 659 132 886 770 716 653 858 464 119 684 729 176 786
669 114 308 254 384 603 252 919 429 572 538 599 124 639 809 0 481 338 594 436 201 616 186 201 519 63 198 304 262 705 165 666 300 199 507 386 568 508 520 153 716 209 489 833 820 801 757 844 634 451 273 182 490 489 555 573 237 758 763 235 340 159 837 856 515 552 500 201 174 410 832 800 278 340 687 555 751 115 582 403 614 489 667 174 855 256 247 132 105 839 111 327 806 188 594 803 718 430 427 219 821 820 594 120 665 84 455 485 836 190 466 341 830 494 888 155 681 530 253 882 174 979 589 556 716 495 168 860 827 890 812 201 752 475 823 587 860 341 649 289 743 710 732 377 462 202 214 912 593 621 790 649 736 499 685 525 334 383 385 308 157 518 398 457 524 405 916 584 697 85 764 480 692 579 98 749 758 763 203 756 465 730 551 506 830 683 587 776 829 88 479 241 703 841 381 728 137 713 710 742
587 399 630 350 179 631 280 949 685 459 139 747 434 975 928 481 0 171 1007 723 577 165 315 427 526 445 304 726 291 265 339 795 235 395 907 128 262 928 145 359 278 350 586 941 435 949 440 429 841 784 442 558 21 223 385 429 253 407 327 661 523 420 862 670 150 201 347 627 652 775 500 462 206 147 305 480 566 596 693 250 571 54 688 580 462 690 664 503 527 872 552 174 505 310 784 621 918 790 649 373 458 667 182 589 910 397 646 140 925 597 483 201 687 340 850 631 790 227 425 682 353 991 592 178 506 14 342 774 694 685 745 524 320 668 852 764 968 759 946 520 562 891 735 355 196 469 371 831 190 242 786 320 822 181 976 796 253 826 262 755 511 814 685 343 204 802 877 751 803 545 481 450 709 951 579 505 658 402 517 332 24 345 182 617 443 897 390 505 877 445 169 697 436 457 696 906 440 393 764 386
651 240 553 298 214 659 220 991 635 524 287 739 270 907 939 338 171 0 908 664 477 335 215 256 552 292 143 617 240 434 235 797 202 318 812 164 383 825 281 198 447 275 585 956 595 950 579 596 817 712 272 456 188 317 464 503 160 556 496 548 482 252 903 775 281 334 413 513 512 690 646 609 72 44 459 532 666 451 695 289 620 206 722 470 624 576 555 395 366 910 428 15 641 152 763 723 899 707 608 305 612 761 339 456 875 255 616 257 946 488 500 199 778 404 912 493 799 341 254 792 259 1040 626 321 612 183 241 850 782 797 813 435 488 639 891 747 983 653 892 461 661 878 778 362 282 298 199 907 345 391 834 456 840 293 925 747 95 710 288 636 409 757 624 390 322 706 941 737 813 414 611 480 745 869 433 622 733 554 430 499 149 502 320 613 603 872 481 632 911 286 273 573 557 617 626 895 339 530 791 535
812 709 384 661 847 671 726 805 390 808 1001 520 713 198 625 594 1007 908 0 341 432 1089 699 786 682 657 784 292 716 1150 676 558 774 611 100 882 958 86 978 746 1158 656 582 655 1188 580 1080 1239 438 259 853 452 1008 900 851 835 760 1111 1194 362 525 749 767 1017 969 980 822 397 452 240 1146 1130 837 894 1087 768 954 514 568 811 753 991 698 438 1225 338 353 513 640 756 487 893 1099 773 459 981 468 230 438 634 1168 960 1046 477 379 666 470 944 683 420 668 812 957 822 872 457 591 939 837 1049 657 867 697 999 958 1021 671 913 944 1060 864 482 1181 463 753 477 669 255 281 503 946 496 744 712 892 772 808 938 1038 1040 779 1021 641 935 301 333 925 219 790 290 500 292 363 784 947 204 890 491 600 509 1055 715 711 116 532 1008 871 1123 489 1176 999 1119 990 565 1197 436 886 1051 733 679 923 358 1002 1204 334 506 571 1054 672 1104
476 533 127 375 549 340 452 556 49 467 691 223 557 252 406 436 723 664 341 0 236 778 451 634 341 495 573 230 436 828 434 283 490 346 248 595 630 295 667 556 834 390 242 434 850 384 740 904 208 81 707 253 720 580 513 495 505 773 867 251 204 590 494 685 657 659 489 266 394 124 805 790 592 639 756 427 615 424 249 498 415 697 379 268 887 260 234 308 527 488 334 649 757 563 185 645 287 121 97 360 829 630 729 365 228 473 130 636 449 257 328 522 629 489 582 379 311 616 684 716 407 621 361 682 618 737 427 601 618 727 551 244 854 127 478 190 458 222 227 205 607 288 435 391 579 639 633 636 720 714 481 687 369 620 261 88 710 295 479 288 284 92 40 454 627 187 605 196 324 366 714 376 397 248 433 667 543 786 246 847 721 786 673 228 860 251 547 710 470 522 612 310 662 866 59 305 340 715 375 767
561 304 109 244 429 462 298 751 235 494 588 419 323 444 624 201 577 477 432 236 0 675 267 401 404 262 361 149 292 748 244 486 349 186 335 457 572 351 566 333 757 229 342 650 821 610 733 861 439 252 474 21 580 502 506 508 328 749 798 92 199 358 676 766 558 579 461 69 189 217 806 781 405 462 702 466 672 197 415 409 499 566 521 36 858 123 90 83 290 674 99 462 769 350 404 717 521 236 243 211 812 720 638 138 465 249 277 531 658 37 360 390 726 457 742 166 506 544 452 795 225 814 461 593 652 592 239 733 719 804 683 62 786 294 660 400 676 182 448 145 664 517 586 332 487 403 406 779 633 645 641 646 564 530 484 325 503 253 387 189 67 317 200 416 547 229 769 400 521 131 725 393 544 394 203 694 645 758 70 785 569 740 585 351 831 486 542 730 662 288 514 153 665 840 180 535 139 696 548 738
530 548 705 432 246 610 381 899 734 415 88 753 587 1029 910 616 165 335 1089 778 675 0 434 588 515 589 457 825 383 100 459 790 329 489 989 230 183 1017 111 511 113 448 597 917 275 940 305 264 858 848 607 658 146 201 335 379 379 261 161 765 574 577 815 564 121 128 320 733 780 850 354 316 357 304 158 447 471 730 693 280 532 131 657 685 299 796 765 610 675 827 670 335 369 462 800 521 928 863 691 464 303 574 58 713 936 536 679 145 895 701 487 287 595 316 782 757 779 173 589 569 463 931 568 100 409 157 458 695 605 570 675 616 154 699 808 779 942 855 988 587 469 896 691 387 199 630 532 749 71 115 735 201 799 157 1014 839 419 929 300 862 613 864 743 338 156 887 808 764 789 669 355 443 673 1020 715 394 585 252 608 167 189 192 109 627 282 913 324 382 837 593 166 811 324 297 762 909 548 263 736 240
532 165 338 110 198 499 68 832 424 419 354 548 209 692 754 186 315 215 699 451 267 434 0 260 399 179 140 413 84 520 24 609 113 105 601 205 382 618 335 154 531 69 404 775 634 759 575 657 614 496 322 246 320 303 387 412 62 573 577 346 279 223 745 700 329 365 330 312 346 476 650 617 142 195 500 411 591 297 512 221 485 312 565 266 669 376 351 188 268 750 237 199 627 132 563 646 698 493 401 99 636 671 409 279 666 119 415 299 770 283 343 154 684 323 775 322 617 344 297 723 44 887 475 370 550 330 27 731 683 730 687 220 566 437 732 549 802 447 679 251 584 680 627 223 276 289 228 787 407 434 686 464 664 312 712 535 262 511 205 440 199 543 410 290 337 495 804 541 632 235 587 342 590 655 283 577 621 577 215 570 304 543 364 430 643 669 416 601 746 195 293 382 526 655 411 697 127 530 624 557
792 105 507 368 410 754 321 1083 622 677 530 780 77 840 989 201 427 256 786 634 401 588 260 0 658 139 141 501 341 687 256 845 347 339 703 383 602 700 519 106 699 322 651 1012 836 987 801 844 826 653 73 382 443 526 638 668 265 788 748 434 510 43 998 955 517 566 582 401 339 612 874 838 237 283 699 671 845 274 753 462 745 457 820 376 868 452 447 326 152 1001 312 253 859 142 782 901 910 631 614 347 848 929 585 309 862 169 637 489 1012 392 602 374 943 574 1034 330 857 560 51 977 284 1140 733 559 800 439 264 992 942 983 947 392 739 659 984 773 1040 538 850 466 839 900 884 483 492 42 56 1047 589 630 942 682 908 517 886 723 197 569 451 496 350 718 595 546 546 604 1063 767 872 284 823 603 845 779 255 822 881 788 392 749 405 743 557 673 845 877 665 840 995 113 496 428 765 858 581 917 305 754 873 769
157 556 347 289 355 107 349 439 292 129 438 240 597 563 402 519 526 552 682 341 404 515 399 658 0 550 537 507 327 536 402 275 350 324 589 413 338 634 416 553 539 336 101 415 521 427 404 580 351 422 722 403 514 318 193 162 416 443 562 483 205 618 351 363 406 386 194 471 590 455 466 454 494 511 447 88 279 581 178 277 96 481 170 437 556 509 472 407 624 358 476 538 417 530 294 317 414 458 243 312 495 316 458 528 434 497 212 398 399 441 56 354 322 199 376 565 266 341 696 394 374 491 76 415 276 535 393 341 315 403 293 352 550 222 339 271 441 519 503 258 271 381 229 189 335 683 628 393 446 423 286 373 296 366 523 368 633 602 270 565 388 403 323 183 360 513 405 255 277 500 373 75 194 583 578 325 242 458 346 539 535 469 406 125 530 402 220 369 359 574 368 551 324 534 359 394 381 386 240 441
694 54 367 269 370 639 248 962 485 589 517 649 61 702 859 63 445 292 657 495 262 589 179 139 550 0 148 367 263 682 163 715 290 225 570 363 560 571 500 96 694 222 530 883 808 853 754 828 690 514 212 242 456 481 564 587 216 751 741 299 383 96 879 873 496 537 508 265 226 473 829 796 239 299 673 577 766 162 627 401 642 459 705 237 843 319 311 187 89 881 174 281 807 139 647 820 774 493 480 239 813 840 573 181 724 60 505 466 884 253 495 328 852 501 923 210 729 520 190 898 183 1021 622 538 727 459 170 890 850 905 843 255 731 526 864 639 910 404 710 336 759 764 769 392 451 145 151 943 573 605 828 642 782 485 746 584 277 444 385 369 212 579 456 467 512 469 952 635 744 148 767 504 729 643 143 756 784 754 256 737 427 717 533 549 818 740 595 781 873 27 464 302 706 830 441 782 176 709 752 734
663 96 452 250 268 638 189 972 552 543 393 686 130 803 894 198 304 143 784 573 361 457 140 141 537 148 0 491 211 554 146 749 208 240 691 243 460 699 381 55 566 209 545 915 697 897 660 708 748 609 191 340 317 384 500 532 127 647 615 422 416 120 885 817 378 426 444 386 371 579 732 696 100 156 560 541 707 309 652 322 620 325 704 347 729 447 431 278 223 890 297 134 717 10 698 764 832 597 534 238 707 793 449 318 796 118 551 349 910 365 481 233 808 436 912 353 757 418 166 838 177 1026 613 420 660 317 155 863 809 845 821 331 606 573 872 686 942 528 799 382 701 816 766 354 350 181 95 919 452 491 824 541 805 376 834 660 141 578 312 503 297 664 533 410 405 586 941 678 772 279 681 476 729 755 290 681 750 648 328 614 284 604 417 570 706 802 525 699 886 142 355 438 623 719 527 834 233 612 764 628
660 418 160 393 578 541 448 786 258 614 738 451 425 350 634 304 726 617 292 230 149 825 413 501 507 367 491 0 442 896 389 513 498 336 202 606 716 207 715 454 905 379 425 663 962 608 867 1004 432 194 570 168 729 648 637 633 475 888 945 69 308 461 721 870 706 726 596 105 189 134 939 917 547 606 846 581 785 239 468 555 597 716 591 147 999 49 62 224 362 716 195 603 899 480 415 825 504 152 291 360 949 820 787 192 429 373 330 680 678 129 473 539 823 594 804 184 540 690 552 901 373 851 551 741 773 740 385 812 814 911 761 209 933 338 706 420 686 37 381 265 777 511 652 471 635 492 518 852 781 791 702 788 598 678 416 299 632 105 534 60 215 274 214 553 694 105 828 425 554 219 854 513 611 279 255 818 738 898 216 931 717 883 733 424 972 466 673 857 699 390 663 90 796 980 175 528 285 833 599 878
452 249 338 60 137 431 22 765 402 336 298 499 294 686 700 262 291 240 716 436 292 383 84 341 327 263 211 442 0 461 99 557 57 106 617 166 307 640 276 235 471 64 346 719 560 710 495 589 577 493 400 274 291 229 302 328 89 496 515 381 243 306 677 616 269 298 246 349 407 483 570 538 173 207 429 330 507 365 457 141 408 274 496 301 596 412 382 227 351 683 290 225 545 205 522 562 659 498 371 82 559 587 350 338 637 202 377 240 711 317 272 97 601 239 701 382 561 271 374 639 88 818 403 307 465 305 94 652 601 646 610 235 503 399 665 507 746 474 662 231 500 637 556 143 205 372 304 708 346 366 614 388 605 246 694 514 310 546 123 478 229 528 397 206 267 512 730 496 575 295 504 265 521 659 354 493 540 502 228 505 287 471 300 374 570 633 332 518 681 280 228 428 443 581 405 654 165 451 559 481
521 643 767 503 325 621 462 884 781 421 166 777 683 1075 916 705 265 434 1150 828 748 100 520 687 536 682 554 896 461 0 544 807 410 563 1050 319 200 1081 185 607 12 526 627 920 185 950 245 164 886 901 707 732 246 250 345 384 468 192 61 839 627 674 804 517 192 170 346 809 865 910 278 242 453 403 104 458 437 817 714 341 535 230 660 761 204 870 838 688 769 818 751 435 305 558 829 481 950 921 736 538 220 536 111 797 967 627 720 221 895 776 517 367 558 344 759 841 791 211 689 518 545 911 578 154 377 257 543 665 570 517 652 686 54 737 799 807 943 924 1027 647 437 916 686 438 260 729 631 717 115 114 723 175 805 218 1051 882 519 1001 362 936 688 910 795 375 203 951 782 790 800 753 301 470 674 1073 803 351 563 178 679 69 290 118 162 656 191 939 324 328 831 687 233 889 286 205 818 928 626 213 740 172
538 156 318 112 221 499 87 830 409 428 378 540 199 673 747 165 339 235 676 434 244 459 24 256 402 163 146 389 99 544 0 602 135 93 579 229 403 594 359 151 555 66 400 769 655 750 593 680 602 477 321 223 345 324 400 424 86 593 601 322 270 217 744 711 352 387 344 287 321 455 668 636 162 217 522 418 603 273 506 239 490 337 565 241 690 351 327 164 251 748 213 219 644 137 552 657 686 472 389 93 656 680 433 254 652 104 404 322 765 259 346 177 693 337 778 298 611 365 295 735 30 886 477 393 563 354 9 737 691 742 692 200 589 426 731 539 796 424 662 237 596 670 628 231 297 282 228 791 431 456 686 484 660 335 696 519 276 487 222 415 176 526 393 303 359 473 807 531 626 210 604 348 590 634 260 592 628 598 195 593 328 565 387 424 664 656 431 617 743 182 315 357 543 676 392 687 104 549 621 577
317 739 382 503 619 187 579 273 259 386 714 66 772 384 145 666 795 797 558 283 486 790 609 845 275 715 749 513 557 807 602 0 596 510 491 676 611 544 692 749 809 540 212 168 766 154 642 831 124 341 916 497 785 594 462 423 645 690 827 526 334 801 214 490 682 662 470 534 665 400 690 687 731 760 713 348 460 683 102 545 279 753 169 522 798 539 510 534 767 206 583 781 635 740 103 467 150 391 242 510 733 432 733 624 205 675 211 672 172 516 312 610 423 475 313 647 33 617 891 521 572 338 229 691 489 806 593 359 407 532 314 465 815 192 199 93 195 505 302 379 454 112 195 443 609 860 828 380 721 695 221 637 87 642 307 235 866 574 534 571 509 275 301 458 635 462 333 88 42 614 598 349 171 443 689 539 343 706 462 802 802 729 682 183 774 154 483 584 187 742 642 590 563 775 338 121 540 635 116 693
461 266 395 115 85 457 51 790 454 338 245 540 311 741 737 300 235 202 774 490 349 329 113 347 350 290 208 498 57 410 135 596 0 163 674 108 270 697 225 243 421 119 383 754 520 750 464 544 623 549 398 330 234 190 292 324 81 460 466 436 294 317 702 609 218 252 236 404 455 540 539 505 144 164 386 339 499 409 494 115 423 218 521 356 555 467 438 281 380 709 341 187 518 205 568 556 704 555 421 139 523 586 299 386 687 230 424 189 743 372 298 42 601 228 717 430 597 231 374 630 134 841 426 258 453 249 133 661 602 637 621 292 455 446 690 551 781 530 715 286 493 681 578 161 162 382 303 718 296 321 635 351 638 199 746 566 282 601 104 533 284 582 451 203 224 569 746 539 611 342 480 281 545 716 395 475 547 464 285 457 231 429 252 412 530 679 317 496 709 303 180 481 420 542 461 697 218 418 588 443
470 235 238 63 242 416 114 743 318 372 403 447 274 591 655 199 395 318 611 346 186 489 105 339 324 225 240 336 106 563 93 510 163 0 512 271 397 534 380 239 573 45 311 677 650 657 573 684 509 396 408 169 396 323 360 375 158 582 616 276 176 298 658 656 372 397 307 245 316 381 648 620 245 293 524 355 552 284 415 230 417 381 482 197 687 306 276 126 302 662 195 302 617 230 458 603 593 397 296 26 645 620 453 247 561 173 310 345 674 212 269 203 631 301 698 291 519 365 383 682 63 801 397 409 519 409 84 665 627 690 618 129 604 333 644 446 704 367 574 145 544 576 546 179 304 361 318 718 448 464 604 475 570 346 607 430 368 439 209 373 124 438 306 262 365 407 727 438 535 207 575 281 506 558 276 554 560 589 122 604 388 565 402 334 660 563 394 584 656 249 330 325 513 670 309 594 70 532 533 568
725 621 283 561 747 586 626 750 297 713 901 446 628 183 576 507 907 812 100 248 335 989 601 703 589 570 691 202 617 1050 579 491 674 512 0 783 859 53 877 656 1058 557 491 606 1090 536 983 1140 377 167 771 356 908 799 754 739 663 1013 1094 271 426 664 704 932 868 879 724 306 378 140 1051 1034 740 797 987 674 864 436 487 710 664 891 618 343 1127 251 260 417 561 695 397 797 1004 680 388 894 423 132 345 534 1071 876 945 393 334 574 379 844 631 326 572 712 874 723 804 379 523 839 754 964 559 814 609 899 866 922 574 837 862 974 787 383 1081 374 689 404 623 165 249 403 856 445 669 612 792 692 721 866 938 940 708 922 577 835 278 257 833 154 690 214 403 216 267 685 847 106 824 416 533 421 960 618 633 93 453 915 788 1025 389 1076 900 1020 890 476 1100 387 789 957 673 593 823 279 906 1106 236 457 474 956 600 1006
495 326 503 223 58 520 158 847 556 366 154 625 367 847 812 386 128 164 882 595 457 230 205 383 413 363 243 606 166 319 229 676 108 271 783 0 223 805 138 293 331 227 464 827 453 830 422 467 715 656 419 438 126 153 302 343 149 405 378 543 394 364 758 611 135 182 253 510 551 648 492 455 146 120 316 380 502 500 573 136 470 109 581 463 486 574 545 386 451 767 442 155 482 245 659 559 794 663 521 248 464 598 210 484 783 307 519 106 813 479 366 73 616 245 758 527 673 180 396 628 237 892 484 178 447 141 230 691 620 632 656 401 368 541 748 640 854 639 817 392 497 768 632 232 118 423 331 748 210 247 686 300 708 135 848 668 259 709 143 639 391 686 556 237 164 678 787 627 686 440 449 338 602 824 485 459 575 405 394 374 129 360 174 495 463 771 317 469 770 369 114 585 395 476 568 783 323 373 653 386
347 533 578 334 192 428 315 716 583 231 129 578 577 877 727 568 262 383 958 630 572 183 382 602 338 560 460 716 307 200 403 611 270 397 859 223 0 893 117 505 205 367 427 734 253 758 199 288 687 706 641 559 243 79 152 195 346 190 236 665 433 578 632 408 111 63 146 638 712 718 271 236 368 341 129 265 304 672 516 168 348 207 473 591 289 696 662 524 650 644 592 376 259 461 629 359 752 728 538 371 253 407 125 642 768 500 520 128 712 604 317 232 427 144 603 687 598 42 619 419 395 750 386 92 244 264 399 520 435 422 496 510 223 537 624 607 759 742 827 458 301 719 507 247 110 641 551 576 112 85 552 81 617 89 851 682 478 821 188 762 519 711 600 176 61 763 629 591 608 600 227 270 490 877 661 244 407 195 502 217 282 167 85 456 263 740 141 249 653 572 109 720 176 274 624 731 466 151 553 174
772 623 315 586 773 635 648 804 343 756 929 498 626 229 629 508 928 825 86 295 351 1017 618 700 634 571 699 207 640 1081 594 544 697 534 53 805 893 0 906 660 1089 578 537 660 1128 589 1024 1176 431 216 766 371 930 831 794 781 680 1052 1127 277 463 662 757 980 897 911 761 312 366 179 1092 1074 754 812 1022 717 910 427 538 740 711 915 669 354 1165 252 269 430 554 748 402 810 1047 688 441 941 476 175 390 557 1111 925 975 391 387 580 426 871 684 336 614 736 924 760 857 370 576 871 750 1012 576 868 657 929 910 943 590 889 912 1023 839 404 1114 422 743 456 677 171 299 435 903 498 721 646 822 686 722 919 968 972 760 958 630 865 327 310 839 133 720 203 419 269 310 721 878 130 877 468 587 423 1002 659 684 136 446 958 837 1064 411 1110 920 1056 920 524 1138 441 829 1001 727 592 852 271 948 1145 276 511 490 995 652 1044
454 465 594 322 139 516 277 821 623 330 24 651 506 918 817 520 145 281 978 667 566 111 335 519 416 500 381 715 276 185 359 692 225 380 877 138 117 906 0 431 196 341 492 827 316 843 300 328 753 736 550 549 125 97 252 297 285 274 242 656 463 502 735 525 10 56 224 626 680 739 365 327 282 242 179 357 421 632 592 168 446 90 568 578 348 687 656 504 589 746 566 277 364 383 695 477 825 751 581 355 331 524 74 612 829 444 571 36 807 593 383 182 543 219 714 655 682 85 529 536 360 859 475 40 362 147 357 634 551 539 607 506 231 590 726 674 852 745 878 475 418 794 609 276 88 560 466 690 72 111 656 178 708 50 905 729 375 820 188 754 505 753 632 234 62 776 741 660 693 568 337 342 587 908 618 360 520 272 498 236 166 223 39 523 325 808 251 361 753 508 54 704 291 339 650 808 442 252 646 254
686 42 431 263 313 651 215 982 538 571 445 685 75 777 894 153 359 198 746 556 333 511 154 106 553 96 55 454 235 607 151 749 243 239 656 293 505 660 431 0 619 217 551 916 746 894 704 759 739 584 169 312 372 428 534 562 162 694 668 385 414 73 896 850 428 474 477 349 322 550 777 742 154 211 609 565 740 259 655 359 640 379 717 315 779 408 395 251 168 900 259 189 760 49 692 796 823 569 525 244 755 823 501 274 781 84 545 399 914 332 497 274 837 470 929 306 759 464 144 872 180 1038 628 471 696 372 160 886 836 879 842 311 658 567 882 681 944 491 778 374 734 810 780 377 395 139 79 941 503 540 838 586 810 423 814 644 181 537 346 461 273 644 516 440 452 553 958 675 774 237 723 497 742 724 240 719 775 695 310 665 339 653 467 574 755 792 561 739 895 88 402 395 663 768 506 828 216 657 772 675
521 655 775 513 335 623 473 883 788 423 177 780 695 1081 917 716 278 447 1158 834 757 113 531 699 539 694 566 905 471 12 555 809 421 573 1058 331 205 1089 196 619 0 536 631 921 174 952 238 152 890 908 720 741 259 258 347 385 480 184 48 848 634 687 803 512 203 178 351 819 876 918 269 233 466 416 102 460 433 828 717 349 536 242 661 771 192 880 847 698 781 817 761 448 297 570 833 476 953 928 742 547 210 532 122 808 972 638 725 232 895 785 522 378 554 349 756 852 793 218 702 512 556 908 580 164 374 269 554 662 566 510 649 696 41 742 798 810 944 933 1032 655 433 919 686 446 270 742 644 713 125 119 722 174 806 227 1056 887 532 1010 371 946 698 916 802 381 211 959 779 794 801 764 296 475 674 1080 814 346 561 170 688 56 302 111 171 660 179 942 326 322 830 699 243 899 283 194 825 930 637 208 740 166
474 220 283 47 202 433 69 764 360 367 363 478 263 636 685 209 350 275 656 390 229 448 69 322 336 222 209 379 64 526 66 540 119 45 557 227 367 578 341 217 536 0 335 705 620 690 550 651 546 441 387 211 351 290 345 365 115 555 579 317 211 282 678 651 333 361 290 285 345 426 625 595 203 249 492 355 544 306 443 199 425 337 499 237 657 347 318 162 305 683 226 259 597 200 494 598 630 442 335 30 618 618 415 275 601 164 346 305 701 253 280 161 630 284 712 319 547 333 362 676 39 820 411 372 508 364 57 672 628 683 626 174 568 369 665 481 733 411 618 186 537 611 562 170 269 348 294 726 411 429 620 447 595 310 650 472 330 482 179 413 164 482 349 247 331 452 741 472 562 233 555 283 524 604 296 539 564 561 167 569 343 533 365 361 630 601 378 567 678 243 292 363 494 641 354 629 100 507 556 540
238 546 267 295 408 119 368 432 193 230 515 160 583 462 354 489 586 585 582 242 342 597 404 651 101 530 545 425 346 627 400 212 383 311 491 464 427 537 492 551 631 335 0 372 622 366 505 680 261 323 720 346 577 396 289 263 435 544 657 411 150 609 348 448 482 470 280 405 531 360 568 555 520 548 542 189 373 532 110 337 175 546 180 378 657 434 398 365 594 351 427 570 518 536 203 406 333 361 146 307 596 396 541 476 340 483 112 469 365 378 110 398 398 283 402 509 214 424 694 479 370 491 125 497 376 597 391 392 388 489 341 301 644 121 334 182 400 433 404 204 365 304 245 232 406 671 629 437 530 513 302 469 260 442 425 266 657 515 324 485 342 301 228 258 440 420 429 167 228 455 475 156 204 482 533 426 312 558 296 634 592 567 487 30 631 316 319 470 344 555 440 479 426 635 266 319 354 486 222 541
401 906 544 667 769 310 741 155 418 503 848 234 941 461 30 833 941 956 655 434 650 917 775 1012 415 883 915 663 719 920 769 168 754 677 606 827 734 660 827 916 921 705 372 0 850 79 726 919 234 478 1083 662 929 729 582 539 807 779 932 684 502 969 156 519 817 790 602 695 826 540 760 766 893 918 820 471 524 847 263 692 386 895 260 686 879 695 668 701 934 139 748 941 705 906 250 513 186 527 408 676 812 464 859 788 276 843 378 811 37 679 460 764 448 608 266 809 158 746 1058 545 738 213 351 820 568 950 760 351 431 555 323 632 921 358 150 250 27 650 375 547 519 161 239 596 749 1028 995 346 847 814 221 746 119 777 363 368 1029 712 684 719 676 402 459 598 767 599 271 251 143 780 674 491 246 539 854 613 389 797 629 906 950 829 811 345 857 219 597 655 115 910 781 745 653 855 492 149 708 730 181 786
453 777 816 587 438 581 567 786 801 392 308 751 820 1084 852 820 435 595 1188 850 821 275 634 836 521 808 697 962 560 185 655 766 520 650 1090 453 253 1128 316 746 174 620 622 850 0 894 125 69 864 930 866 809 415 331 337 359 592 78 141 914 665 818 716 381 319 272 367 888 965 950 109 87 599 558 137 433 330 926 686 421 487 390 602 842 37 944 909 776 898 731 845 592 156 699 811 357 916 958 753 624 44 415 255 896 950 750 728 347 820 854 522 480 436 369 649 940 744 289 845 372 648 801 540 276 282 429 651 549 451 368 548 759 139 741 714 787 871 985 1024 698 333 878 611 490 357 877 782 593 250 206 636 175 744 323 1043 888 685 1066 441 1010 771 922 825 409 296 1000 668 770 749 854 177 474 610 1098 914 238 466 64 751 119 460 93 279 647 9 912 303 199 748 818 344 971 202 22 854 887 719 135 678 84
441 881 502 655 773 329 731 234 375 529 865 211 913 385 54 801 949 950 580 384 610 940 759 987 427 853 897 608 710 950 750 154 750 657 536 830 758 589 843 894 952 690 366 79 894 0 769 961 176 418 1059 624 938 745 607 566 797 821 967 635 481 943 227 579 834 811 620 649 778 481 809 812 884 914 853 493 573 805 257 699 415 906 292 645 924 643 619 668 899 212 709 935 754 888 207 568 113 466 373 660 858 523 882 745 202 818 349 825 114 637 466 764 509 625 340 763 160 766 1034 607 720 291 372 841 612 959 742 418 492 618 386 599 955 327 219 213 89 592 299 520 568 97 287 598 762 999 973 419 870 841 282 778 149 793 285 309 1018 649 688 662 643 339 413 610 786 537 348 219 150 741 720 502 284 465 813 659 443 838 597 941 957 866 832 337 901 149 625 703 186 880 795 693 693 901 443 81 681 768 216 825
327 730 716 510 391 457 506 665 690 275 301 628 774 968 727 757 440 579 1080 740 733 305 575 801 404 754 660 867 495 245 593 642 464 573 983 422 199 1024 300 704 238 550 505 726 125 769 0 192 742 820 841 722 419 276 230 244 543 57 228 824 563 777 593 274 298 244 272 801 889 845 75 50 568 538 148 316 208 856 564 354 363 387 477 756 156 854 818 697 844 608 768 573 65 660 689 242 792 851 642 548 91 300 263 820 828 694 614 321 696 767 411 430 321 275 531 864 619 241 818 273 582 684 417 262 158 438 589 433 335 272 428 671 219 626 590 666 746 888 905 601 210 754 486 401 309 840 751 480 252 198 513 122 619 287 923 772 673 970 372 918 688 807 716 316 257 897 552 649 625 780 58 364 485 986 846 116 344 74 663 200 463 127 261 529 132 789 195 84 624 768 307 885 79 133 748 763 643 48 553 73
519 793 862 621 459 645 594 856 855 452 314 813 834 1141 920 844 429 596 1239 904 861 264 657 844 580 828 708 1004 589 164 680 831 544 684 1140 467 288 1176 328 759 152 651 680 919 69 961 192 0 927 982 868 847 409 361 391 418 611 140 106 953 714 829 785 449 332 292 416 926 996 1000 176 156 608 562 159 493 399 953 749 454 551 389 669 879 55 984 950 811 917 800 878 595 225 711 872 427 980 1008 808 658 112 484 258 927 1012 770 784 362 889 892 577 503 505 416 719 971 810 318 849 440 676 871 603 289 351 421 677 618 520 436 618 798 110 798 783 849 939 1029 1084 743 402 943 679 533 383 886 789 663 256 223 705 218 811 345 1103 945 682 1109 475 1050 807 978 876 455 321 1047 738 832 815 884 246 529 677 1152 940 307 535 124 790 97 453 120 294 706 65 975 360 268 817 836 364 1008 267 73 904 952 751 195 745 139
427 722 330 518 662 286 596 373 205 475 777 114 750 260 204 634 841 817 438 208 439 858 614 826 351 690 748 432 577 886 602 124 623 509 377 715 687 431 753 739 890 546 261 234 864 176 742 927 0 244 899 454 833 657 544 511 658 787 913 460 335 782 329 611 743 731 541 474 603 306 796 790 747 784 798 434 572 631 178 594 380 804 286 473 898 467 443 502 730 319 539 801 742 738 57 585 84 293 213 515 834 553 803 572 86 659 200 729 255 464 371 645 545 544 434 588 157 685 875 642 572 437 325 758 595 852 594 483 530 653 438 434 901 177 315 79 255 417 178 365 566 79 318 486 667 835 818 503 792 772 345 723 203 704 185 134 876 478 580 487 478 168 239 520 702 364 451 95 164 571 703 416 292 322 640 646 463 803 433 890 844 819 749 231 873 56 570 691 296 717 701 517 663 875 268 96 523 731 241 787
557 557 158 433 614 419 507 611 130 548 760 288 575 195 448 451 784 712 259 81 252 848 496 653 422 514 609 194 493 901 477 341 549 396 167 656 706 216 736 584 908 441 323 478 930 418 820 982 244 0 725 272 782 652 593 576 554 852 942 236 274 610 555 764 727 732 566 260 377 62 886 870 639 689 833 508 696 418 323 567 496 761 454 277 966 235 220 333 532 548 343 696 839 598 238 726 311 49 178 413 909 709 801 362 235 500 211 704 497 262 408 583 708 566 649 367 372 690 704 796 452 676 441 754 699 797 471 675 696 807 625 278 929 206 540 249 500 174 197 264 689 321 507 463 649 652 658 707 792 789 550 765 429 691 234 110 749 234 548 244 312 80 106 530 700 121 671 259 384 373 795 456 470 171 430 748 621 865 282 923 780 864 745 308 939 273 627 791 528 540 681 283 742 945 87 337 377 795 443 846
