254
0 1108 1239 433 873 811 918 1192 923 695 279 325 881 855 617 450 475 864 1187 883 1055 574 1057 607 357 705 1139 322 1144 781 719 316 550 268 1131 981 916 1039 748 1030 698 404 892 529 1041 800 588 975 153 663 622 801 1017 467 495 625 206 784 700 534 224 416 556 677 488 384 83 362 181 679 775 727 757 500 434 802 811 747 672 787 137 611 336 536 1072 895 514 950 1200 348 458 498 360 932 381 909 914 681 844 1045 708 723 1175 654 827 756 705 424 880 881 688 932 919 294 625 548 155 424 937 937 496 634 711 1214 332 208 747 238 888 536 412 785 1003 1020 405 558 897 471 153 796 188 922 939 907 57 632 987 1086 486 506 605 910 909 894 717 692 1104 800 943 528 1053 855 951 961 517 816 603 875 419 1078 765 785 952 238 627 1152 268 578 631 785 1232 655 908 758 684 1008 842 986 868 410 776 411 761 80 815 496 894 814 838 203 583 556 862 435 806 814 256 925 375 288 945 342 190 1174 320 485 969 850 944 220 860 746 643 675 490 326 446 719 667 835 643 329 83 90 533 911 80 215 393 801 769 1011 54 837 923 319 884 859 651 559 930 1126 799 840
1108 0 139 852 745 384 649 83 333 536 836 931 426 297 822 837 638 261 89 887 78 708 213 625 753 406 156 787 148 557 526 857 843 849 86 398 524 334 838 297 524 861 230 855 278 873 595 273 1008 575 506 350 344 909 622 488 956 629 652 732 992 897 793 431 819 809 1182 969 929 553 355 650 494 740 886 724 525 397 437 690 1055 583 854 737 52 823 621 290 102 789 675 611 823 584 880 734 757 497 512 121 410 427 139 539 502 393 442 749 343 702 703 191 613 852 493 711 1013 743 452 200 628 627 410 155 776 981 729 985 564 598 823 349 131 88 703 550 674 795 1039 399 944 425 352 354 1053 537 175 122 811 620 784 755 220 261 775 725 120 364 165 656 80 666 253 172 662 455 518 312 733 197 788 571 228 977 567 156 841 772 849 810 124 687 836 423 470 113 288 300 246 728 694 731 554 1058 365 697 547 364 543 999 706 803 411 844 503 871 855 187 855 835 233 936 1041 73 847 837 188 261 474 936 422 362 588 592 746 785 877 600 496 603 713 922 1190 1199 579 705 1034 1031 752 594 364 247 1158 403 494 861 611 429 579 565 178 214 607 838
1239 139 0 992 796 522 769 62 462 675 964 1069 555 402 908 976 773 400 52 937 184 807 249 726 885 534 150 916 139 632 664 976 982 976 175 513 571 359 970 408 621 1000 369 994 388 935 705 398 1143 672 627 458 376 1010 747 623 1092 761 735 835 1130 1037 889 561 922 924 1314 1079 1059 650 495 728 631 847 992 786 657 536 567 821 1190 722 972 839 167 946 741 357 107 912 797 740 962 703 991 855 878 603 641 249 533 566 100 679 634 503 555 865 477 825 784 330 733 989 630 813 1138 882 573 308 752 765 532 73 907 1117 800 1123 616 718 934 489 269 224 835 683 720 935 1175 537 1078 479 478 424 1183 647 310 172 914 743 874 876 360 363 909 860 155 504 297 795 186 791 331 311 802 534 641 403 871 301 919 704 362 1097 673 139 973 911 933 940 70 825 881 524 582 252 427 351 371 850 762 852 688 1191 464 837 671 463 672 1136 804 898 484 952 637 930 984 325 968 961 321 1049 1162 107 985 939 283 398 517 1072 494 494 687 731 886 918 982 736 636 664 801 1036 1319 1330 714 826 1163 1150 873 662 503 299 1289 538 616 999 734 500 718 702 314 208 675 965
433 852 992 0 949 483 493 934 580 333 356 112 511 689 760 19 295 591 940 1020 823 642 884 616 280 518 936 323 938 768 352 470 121 364 845 608 884 916 319 682 651 29 622 103 698 945 562 643 279 646 507 651 899 675 413 399 227 367 740 617 214 44 685 485 634 505 464 622 353 649 498 766 392 584 630 876 419 455 481 359 307 270 494 622 832 463 463 806 923 418 437 377 111 517 572 476 481 604 451 757 541 425 957 315 441 618 584 489 544 451 758 661 499 180 384 615 467 145 552 737 434 247 550 991 304 225 829 201 878 470 555 503 726 769 300 379 937 58 287 466 259 843 585 792 406 568 693 875 626 442 727 477 632 720 284 263 892 491 705 198 822 429 788 682 194 747 480 729 170 757 332 383 646 512 591 947 283 148 788 353 963 236 1018 650 580 740 564 849 657 432 838 440 369 353 685 158 488 683 437 234 651 690 773 599 423 956 339 669 542 382 770 578 526 903 143 643 775 600 888 218 777 529 631 290 106 266 634 319 355 846 720 554 508 497 335 481 405 539 442 809 489 851 454 488 528 132 466 779 285 316 683 947 814 410
873 745 796 949 0 804 1128 791 870 851 650 941 918 491 263 947 663 700 764 142 668 316 548 333 676 552 645 651 656 223 866 565 1031 652 824 973 224 438 1162 926 331 933 699 1026 920 153 390 863 882 313 480 466 419 424 538 638 865 1021 208 351 924 979 316 570 385 499 955 535 729 319 699 184 869 387 444 73 950 726 568 1073 921 811 541 347 694 1242 487 455 840 567 513 579 847 1087 492 1185 1206 388 965 791 518 736 695 807 943 453 444 482 837 1144 195 713 1101 809 660 345 719 806 986 567 515 891 507 729 663 898 127 928 181 483 462 709 749 697 649 606 76 922 917 804 824 320 902 393 823 402 780 636 386 508 268 1201 720 510 1093 1034 648 762 647 809 665 1100 494 736 804 312 504 453 780 880 1135 971 795 639 369 657 716 989 260 1164 840 971 93 401 428 730 708 448 579 528 110 522 934 879 426 829 1032 429 987 914 307 317 342 437 925 144 678 678 498 627 518 539 701 813 835 389 563 653 278 851 330 595 324 893 885 700 432 943 761 149 238 546 921 947 644 1166 799 677 528 173 706 502 926 855 1010 853 1076 324 853 689 661 590 161 1220
811 384 522 483 804 0 334 461 113 153 572 574 116 346 750 465 347 145 473 926 374 609 480 532 465 255 499 516 497 580 142 637 460 586 364 195 636 558 464 219 480 496 171 473 230 878 475 165 685 514 356 347 551 768 403 223 628 263 626 613 652 526 692 246 685 615 873 786 648 499 104 640 111 601 731 750 164 86 250 326 728 215 646 619 376 482 434 451 444 558 468 368 477 285 700 405 428 424 168 277 287 96 507 169 149 351 362 559 69 366 670 200 303 525 210 596 755 399 186 336 423 245 298 534 498 646 727 643 655 417 649 95 252 310 424 297 754 424 710 16 628 553 134 475 762 430 213 438 675 420 708 425 170 354 398 344 452 42 268 298 375 323 416 212 307 501 345 395 397 276 418 203 164 746 471 506 549 389 783 443 485 303 894 403 383 272 121 491 269 513 710 519 177 746 391 338 232 388 196 663 612 702 493 686 139 883 582 222 668 582 388 744 798 426 509 702 370 182 611 609 503 208 513 208 378 490 726 219 144 659 656 723 895 897 298 381 747 796 539 630 98 468 853 51 206 519 284 508 199 257 243 528 642 482
918 649 769 493 1128 334 0 708 321 291 755 606 235 680 1040 474 555 471 730 1243 668 898 795 831 643 576 793 701 788 906 270 850 396 768 594 256 969 886 255 362 798 520 489 417 383 1188 770 376 767 825 657 680 880 1023 659 501 711 137 939 892 707 523 973 558 950 851 956 1012 799 814 435 956 259 872 980 1070 178 402 560 135 799 361 867 899 661 178 703 782 668 775 719 615 559 66 936 85 108 741 165 528 609 392 787 342 186 680 683 806 329 64 978 504 36 631 480 880 917 508 197 661 683 301 620 804 679 715 1041 695 987 693 895 428 529 601 622 556 1083 447 780 329 733 887 297 808 883 736 479 737 940 684 998 107 479 686 232 231 746 376 583 419 669 64 745 503 430 833 639 729 524 469 206 164 431 936 776 797 703 346 1073 211 712 263 1217 732 700 554 450 821 600 750 1029 758 201 840 725 437 105 721 140 726 904 982 827 937 202 1194 753 535 902 774 716 966 971 662 600 966 691 513 945 698 837 536 820 272 429 654 979 216 376 987 957 943 997 988 534 56 876 977 772 956 427 792 944 286 155 599 51 842 310 481 558 834 967 209
1192 83 62 934 791 461 708 0 400 614 919 1014 493 369 887 918 722 344 32 934 145 779 244 697 836 488 157 870 146 615 604 937 922 931 114 452 567 362 908 347 594 943 313 934 327 925 671 336 1092 644 586 423 377 981 703 572 1040 699 715 805 1076 979 863 514 892 887 1266 1045 1012 622 439 711 570 815 960 777 595 479 520 759 1139 664 933 810 122 885 700 342 59 870 755 694 907 641 957 793 817 571 579 187 490 509 116 620 572 468 518 827 415 763 765 273 672 936 577 783 1095 827 511 272 709 706 490 109 860 1065 786 1069 610 677 899 432 209 172 787 634 717 877 1123 477 1027 472 416 408 1136 612 248 155 884 701 851 815 302 331 847 798 143 444 248 738 147 730 310 252 745 515 598 377 817 241 857 642 300 1057 641 150 925 851 913 878 49 764 879 494 546 194 370 343 327 808 749 811 627 1142 435 780 609 433 610 1083 776 872 468 919 575 922 938 271 932 917 295 1013 1121 47 931 909 253 345 515 1020 478 445 658 670 828 868 951 675 579 654 779 1000 1273 1282 663 765 1117 1111 832 649 447 289 1241 476 554 945 673 484 658 649 262 220 662 903
923 333 462 580 870 113 321 400 0 246 686 677 93 388 843 561 460 171 418 999 347 703 476 623 578 341 471 629 467 648 228 748 542 700 291 102 685 573 508 106 559 595 180 557 119 958 570 66 795 598 451 404 569 872 511 332 737 299 707 711 759 623 789 340 787 723 984 895 761 581 190 718 188 702 836 823 195 192 345 359 838 320 756 717 340 491 538 475 370 670 576 479 585 259 808 404 427 506 179 213 370 208 468 274 172 419 441 666 45 370 753 186 286 635 320 693 868 507 130 349 530 334 379 488 611 755 805 749 710 520 756 178 208 279 537 406 815 521 819 127 739 594 31 512 874 520 159 415 777 526 800 425 165 384 448 403 425 136 266 405 348 333 436 181 415 560 443 435 507 181 457 243 109 858 561 476 662 471 875 477 414 376 963 471 465 232 162 511 301 623 784 629 232 858 446 444 216 443 210 771 706 798 542 791 177 961 695 220 776 695 406 853 911 358 618 804 376 219 652 719 553 287 600 292 477 604 831 284 256 722 744 833 1007 1008 411 376 860 908 648 697 189 476 964 91 168 627 279 559 295 371 242 512 710 505
695 536 675 333 851 153 291 614 246 0 487 431 187 448 749 315 271 284 625 959 520 607 611 543 374 308 643 430 642 633 25 571 307 500 518 287 714 675 336 350 520 349 314 319 365 901 482 309 558 541 372 431 663 734 368 214 500 170 655 601 516 376 682 283 660 565 750 731 547 532 205 674 62 581 692 789 127 159 284 223 599 85 586 608 524 391 412 563 597 494 429 325 344 271 651 336 355 462 157 431 341 134 655 52 137 419 411 517 211 295 692 348 272 401 192 589 662 271 243 463 392 91 352 684 409 514 756 506 725 402 607 204 405 459 343 265 813 275 580 137 507 644 253 573 650 452 367 581 650 393 708 351 318 467 266 207 596 173 408 166 520 251 534 364 177 572 352 496 276 424 297 126 317 668 490 651 447 236 782 326 638 156 937 468 423 423 257 606 387 463 748 470 89 624 475 202 220 472 163 530 613 691 577 649 114 908 490 365 617 502 509 686 711 579 380 675 499 309 699 482 585 283 535 58 231 392 690 93 89 716 668 663 778 776 244 319 638 713 486 682 195 592 732 155 234 387 241 589 48 191 383 666 692 375
279 836 964 356 650 572 755 919 686 487 0 307 661 576 424 364 225 601 912 694 779 334 778 345 113 430 861 57 866 520 512 114 470 14 865 759 654 762 655 789 427 331 627 456 798 614 316 729 234 397 343 522 740 320 217 364 215 618 455 299 273 371 350 405 290 159 359 269 97 410 518 483 543 263 275 577 613 498 399 640 277 403 139 303 798 784 236 671 931 83 180 225 245 751 216 770 782 404 644 782 431 478 897 437 624 476 426 168 640 735 456 667 746 180 369 306 183 255 726 660 217 453 433 937 77 247 523 278 632 257 206 529 738 748 148 292 659 359 270 559 173 649 706 630 222 356 727 808 284 227 397 777 646 616 603 558 826 553 670 335 777 699 672 696 324 544 325 596 235 824 652 600 697 181 354 874 74 463 448 679 960 504 704 480 405 740 582 707 593 136 544 139 568 249 536 321 705 535 647 263 344 354 587 248 601 627 27 656 187 26 666 224 225 904 215 296 691 582 677 201 586 476 377 486 348 102 280 539 434 584 412 199 356 369 276 764 200 226 126 548 514 732 332 608 720 230 712 585 452 315 659 847 548 739
325 931 1069 112 941 574 606 1014 677 431 307 0 615 740 730 132 325 669 1017 997 894 626 941 614 266 569 1002 292 1004 779 452 419 224 312 931 713 903 960 422 781 667 87 701 204 797 919 568 738 173 654 536 696 941 625 423 456 128 479 736 596 103 90 655 535 597 466 351 557 277 660 575 763 492 560 581 867 527 536 531 472 195 359 445 600 906 569 469 854 1008 383 431 396 112 629 520 588 592 626 559 842 587 506 1027 405 547 659 619 463 639 564 746 740 612 132 445 598 381 189 659 799 440 350 594 1062 277 117 817 89 891 481 514 582 808 845 302 418 938 164 176 558 169 874 685 831 305 585 779 942 590 450 700 587 712 774 394 375 960 577 776 277 894 542 841 764 269 773 509 775 204 851 440 492 734 437 601 1013 233 260 755 459 1046 348 1003 683 609 820 643 896 720 413 831 419 476 245 726 236 599 723 547 123 636 659 805 556 528 931 284 744 494 334 825 516 439 986 108 604 835 672 914 126 807 589 636 394 201 240 587 427 438 853 705 493 398 385 377 593 307 456 416 815 567 904 343 586 637 89 578 808 383 372 756 1006 819 514
881 426 555 511 918 116 235 493 93 187 661 615 0 452 865 492 437 237 511 1042 436 723 560 647 550 371 562 604 558 695 163 735 461 675 383 100 745 651 415 175 596 530 254 478 193 995 590 157 745 630 471 458 646 877 509 331 687 207 743 726 702 553 806 362 796 718 937 889 728 616 219 756 124 712 839 866 105 200 366 266 786 270 746 732 431 400 544 548 462 656 574 471 531 178 804 315 338 541 86 306 404 203 560 227 81 465 478 665 93 279 786 269 201 588 314 710 840 458 70 426 531 264 414 581 584 701 843 692 767 528 755 209 299 369 513 401 868 454 767 119 694 659 80 579 835 546 251 505 786 529 823 336 244 454 358 315 515 157 348 353 437 241 511 269 364 613 459 500 462 268 364 153 200 839 587 567 628 391 898 385 506 294 1010 517 499 323 219 586 368 616 826 623 148 811 502 389 129 499 117 717 727 815 602 794 91 999 667 300 771 674 482 845 887 450 567 812 456 282 717 669 612 323 629 221 414 571 835 201 227 773 772 823 964 963 396 287 822 887 641 745 214 556 919 64 91 574 190 618 233 348 322 600 757 412
855 297 402 689 491 346 680 369 388 448 576 740 452 0 527 678 417 217 354 627 224 411 204 328 513 171 285 534 291 278 454 577 720 587 359 490 296 230 785 435 227 688 210 725 428 598 302 373 778 277 232 55 216 612 359 289 732 601 362 435 779 732 496 204 523 522 934 677 673 256 250 364 440 445 591 454 509 291 208 662 825 450 571 440 248 825 344 118 399 516 401 362 628 629 589 751 774 202 515 307 153 314 324 422 496 102 153 464 362 712 412 221 649 635 306 414 742 554 512 97 359 521 148 364 529 762 448 775 323 321 531 255 262 224 464 322 430 640 812 353 710 207 420 128 798 244 289 235 515 349 489 771 229 40 715 655 254 305 159 495 221 668 101 245 497 179 251 49 535 392 745 543 304 696 272 298 597 658 556 772 416 600 584 125 180 247 232 161 88 453 419 454 511 816 71 532 577 69 543 781 409 506 153 550 484 599 599 187 566 570 90 646 763 370 640 540 119 170 265 713 165 167 290 504 591 547 581 538 369 342 419 633 932 945 363 727 776 750 475 323 259 164 907 394 543 657 630 171 472 373 170 273 336 818
617 822 908 760 263 750 1040 887 843 749 424 730 865 527 0 763 507 690 866 271 745 142 665 219 479 501 766 440 776 281 770 322 860 422 886 941 387 585 1019 923 301 739 700 850 922 190 275 855 644 253 394 480 562 161 386 541 636 915 173 150 695 783 75 504 135 265 698 271 488 273 653 185 784 178 183 200 867 664 500 958 679 688 297 143 771 1122 338 551 924 347 336 431 650 1012 236 1082 1099 342 889 829 474 663 815 699 867 445 408 271 802 1042 127 727 1019 599 561 160 462 628 936 622 361 764 466 854 457 668 149 701 345 347 219 665 782 752 467 484 306 746 677 745 592 447 872 486 569 322 799 736 140 358 42 1095 723 561 955 899 753 713 683 661 743 999 577 755 653 374 407 510 602 906 1001 875 796 380 282 779 496 831 32 1030 936 837 291 403 381 770 687 564 599 328 189 320 838 631 456 669 958 458 905 682 138 70 425 185 845 203 449 698 249 398 592 278 439 894 629 134 635 647 436 625 416 557 246 778 718 496 171 833 664 283 108 287 660 687 510 1068 546 415 318 265 656 613 669 801 950 647 989 410 737 562 687 724 255 1090
450 837 976 19 947 465 474 918 561 315 364 132 492 678 763 0 290 576 925 1021 809 643 871 614 283 508 923 329 924 763 333 478 108 373 828 589 878 906 304 663 646 46 607 92 680 947 560 625 297 643 501 641 889 682 410 388 244 347 739 619 233 61 688 474 638 510 482 631 366 645 483 764 373 586 636 875 400 440 471 340 325 254 502 624 817 446 461 796 907 423 437 373 119 497 579 458 463 598 432 740 532 410 943 298 421 610 577 492 526 433 758 645 480 190 372 616 481 142 533 725 432 228 540 976 309 243 829 220 873 467 560 488 710 754 300 371 934 41 306 449 274 835 566 783 422 564 676 862 630 440 729 459 616 708 267 244 878 475 690 185 808 410 777 666 181 740 473 719 167 740 315 363 629 524 587 933 292 129 792 337 947 217 1018 643 573 724 549 839 645 435 837 442 349 370 676 146 468 674 418 252 652 694 765 604 403 958 348 654 549 390 758 587 539 887 154 648 762 586 881 234 770 517 628 271 90 271 640 299 340 843 720 563 526 515 328 462 420 552 445 805 474 840 472 470 508 144 446 771 267 305 669 934 811 394
475 638 773 295 663 347 555 722 460 271 225 325 437 417 507 290 0 388 720 748 591 373 620 330 119 249 689 168 692 473 296 300 368 239 656 534 589 635 512 565 356 286 417 363 574 679 273 505 370 354 213 371 616 468 125 150 320 421 455 357 362 332 434 216 401 296 545 459 303 355 299 479 323 330 425 593 398 275 211 457 417 193 314 363 606 617 178 529 727 223 171 84 213 542 381 584 600 308 427 570 263 253 719 219 406 333 294 253 415 546 479 458 541 219 150 349 407 149 503 484 150 261 270 756 151 347 549 358 583 179 340 310 528 550 76 94 645 261 402 334 305 551 480 506 422 273 512 631 391 156 468 595 434 453 447 392 649 329 475 154 589 506 518 485 146 453 186 451 126 604 494 392 478 401 298 701 207 328 538 523 760 330 739 359 286 535 367 571 408 195 553 203 358 420 400 166 492 398 434 366 381 442 481 383 383 688 235 452 347 236 505 414 451 701 223 415 519 377 594 300 485 279 340 283 221 148 424 339 210 553 445 391 558 564 58 573 405 450 217 515 294 581 522 383 501 240 508 486 244 89 460 687 522 582
864 261 400 591 700 145 471 344 171 284 601 669 237 217 690 576 388 0 349 831 236 554 334 471 507 195 358 548 357 479 280 642 588 615 267 273 513 415 609 233 396 599 31 598 232 793 424 166 754 439 310 234 409 737 399 239 700 409 544 567 734 636 642 207 649 605 934 776 689 421 94 553 254 564 706 655 309 135 213 472 801 322 645 574 242 626 413 311 340 567 460 377 563 415 686 546 569 348 308 181 217 166 371 281 292 253 281 546 145 508 592 71 437 596 239 548 783 483 295 191 412 373 224 402 535 724 640 727 539 392 630 88 140 178 459 309 643 535 784 157 691 423 203 342 810 369 126 297 639 406 648 566 45 217 542 486 311 113 123 394 236 466 274 97 401 389 310 264 474 228 563 349 107 759 408 366 595 519 721 589 376 440 793 303 308 150 27 350 131 512 617 516 322 808 275 436 365 272 338 742 556 652 370 661 284 795 617 80 656 605 245 737 818 317 589 666 224 47 482 680 381 138 444 343 485 537 699 361 235 552 587 719 947 953 331 520 792 812 538 528 102 323 911 185 327 602 422 387 323 309 98 384 540 627
1187 89 52 940 764 473 730 32 418 625 912 1017 511 354 866 925 720 349 0 906 133 761 216 680 833 482 126 865 115 592 615 926 932 925 140 475 540 333 925 371 576 948 318 944 352 900 657 356 1091 626 576 409 348 964 696 571 1039 716 694 788 1077 985 845 509 876 875 1262 1031 1007 605 443 689 582 799 945 751 612 485 515 777 1138 671 922 793 114 906 691 318 92 861 746 688 909 664 943 815 838 556 597 204 482 515 83 628 589 455 505 816 430 784 743 279 694 936 577 767 1087 829 533 259 701 716 481 79 855 1065 762 1071 584 668 886 437 220 172 783 630 690 884 1122 488 1026 445 436 384 1131 598 263 131 868 692 831 837 309 315 863 813 116 453 245 744 135 749 289 261 750 493 590 358 818 266 874 658 315 1046 626 118 921 862 892 896 76 776 851 477 533 202 376 316 319 799 725 801 642 1139 417 785 630 416 628 1084 759 854 445 904 591 896 932 272 920 910 276 1000 1112 77 932 893 236 346 487 1019 455 442 641 681 834 865 935 689 585 629 759 987 1267 1278 661 786 1111 1100 823 625 451 263 1237 491 575 947 693 461 668 650 261 188 638 923
883 887 937 1020 142 926 1243 934 999 959 694 997 1042 627 271 1021 748 831 906 0 809 377 690 421 740 671 787 706 798 351 977 594 1112 693 966 1102 366 579 1257 1060 446 1001 832 1105 1054 83 482 995 916 418 586 598 561 416 622 745 908 1129 304 403 966 1046 343 685 407 536 961 525 760 429 822 286 983 437 449 176 1065 845 682 1179 950 912 568 398 835 1347 570 597 982 615 584 665 913 1206 505 1295 1315 503 1082 930 638 852 837 912 1060 580 564 534 964 1255 270 848 1218 865 767 404 728 882 1110 706 597 990 628 870 722 939 203 972 323 572 491 832 887 837 721 703 217 1000 949 925 863 462 1031 534 838 507 917 778 412 592 297 1311 853 648 1190 1132 790 885 784 899 807 1211 635 872 893 448 607 591 855 1018 1234 1082 929 645 469 798 765 1077 252 1263 982 1069 63 528 544 869 837 590 714 588 215 581 1045 902 559 914 1151 562 1103 954 369 340 481 456 1041 68 720 814 520 669 659 541 698 954 895 405 704 784 419 895 470 718 424 998 967 760 438 1049 870 286 302 554 919 948 738 1278 815 673 582 304 828 644 933 978 1132 913 1191 463 957 786 798 731 291 1321
1055 78 184 823 668 374 668 145 347 520 779 894 436 224 745 809 591 236 133 809 0 634 147 552 701 349 125 732 122 479 515 793 825 791 158 426 447 265 838 334 449 829 206 834 318 795 525 296 961 500 442 278 272 836 562 443 911 632 575 659 950 868 719 377 747 742 1130 900 874 478 326 573 486 669 815 646 528 370 383 694 1009 557 789 664 26 837 557 212 178 727 612 556 785 605 811 751 774 425 520 155 348 400 135 517 507 323 373 683 346 716 625 174 633 808 451 638 953 706 474 127 567 609 348 167 723 937 651 944 487 534 754 322 140 67 652 499 596 768 993 388 895 348 371 276 999 467 189 69 739 558 708 772 204 186 772 718 78 347 118 625 2 677 175 167 630 377 456 235 693 246 790 573 237 913 496 132 789 755 772 813 192 676 758 349 401 114 264 225 186 665 616 668 551 1008 290 665 564 289 551 956 632 728 333 774 505 792 799 156 787 777 155 868 978 149 806 764 110 222 398 891 344 311 514 578 718 734 806 594 469 525 637 854 1135 1145 532 723 978 967 689 516 335 173 1105 403 514 821 626 350 560 524 139 167 529 847
574 708 807 642 316 609 898 779 703 607 334 626 723 411 142 643 373 554 761 377 634 0 573 84 364 363 672 335 680 218 628 258 734 337 766 801 349 514 885 786 185 624 567 727 786 306 133 719 567 134 253 359 490 204 249 399 549 774 126 39 607 670 87 363 118 190 657 287 417 156 513 153 642 73 191 242 724 523 359 818 608 549 237 39 658 984 198 457 810 251 207 294 536 870 212 941 959 213 746 703 337 521 718 557 724 319 277 166 661 901 121 596 877 494 419 28 426 504 794 508 224 625 330 758 348 582 190 611 317 205 164 525 656 632 343 342 326 622 603 603 508 379 732 396 520 185 668 635 112 220 100 954 590 447 820 763 652 572 559 527 632 858 476 626 519 285 264 403 477 776 865 734 662 353 146 685 400 701 175 895 827 700 377 285 248 646 550 479 474 213 209 207 696 570 343 538 816 345 763 598 9 97 338 159 703 316 362 570 204 312 485 270 421 781 521 133 525 514 386 534 332 419 120 638 590 386 180 692 522 261 78 267 632 655 371 926 496 401 212 229 516 521 628 659 807 539 847 327 597 422 561 637 226 953
1057 213 249 884 548 480 795 244 476 611 778 941 560 204 665 871 620 334 216 690 147 573 0 498 718 372 101 738 111 385 611 770 904 789 299 563 323 121 942 477 391 885 309 910 462 685 487 433 982 440 435 256 132 777 563 486 937 743 491 605 983 927 652 405 691 712 1137 855 876 419 406 482 588 622 763 537 642 452 409 806 1030 631 762 609 168 958 544 116 296 714 600 567 829 735 770 875 898 386 639 301 358 480 150 596 624 301 352 656 467 838 539 290 760 839 499 584 940 753 605 149 560 694 353 189 733 966 551 978 367 522 714 407 278 205 669 525 473 832 1017 491 915 230 503 179 1000 433 326 92 684 551 633 896 316 167 874 817 101 445 213 687 145 797 106 294 690 291 455 183 736 393 897 683 368 889 452 114 802 837 688 923 292 768 635 305 375 253 359 102 228 651 513 652 657 1020 245 725 689 245 669 985 569 660 240 726 617 681 802 260 751 771 115 829 956 271 843 707 112 302 270 917 249 354 457 669 782 752 753 694 545 414 560 819 1133 1148 565 848 978 942 672 414 416 52 1110 517 644 860 750 254 644 570 238 68 426 961
607 625 726 616 333 532 831 697 623 543 345 614 647 328 219 614 330 471 680 421 552 84 498 0 348 282 595 332 603 175 562 294 698 351 682 722 309 449 836 704 107 601 483 693 703 359 61 636 579 60 176 275 425 284 205 330 553 712 124 108 610 647 172 285 195 227 690 356 437 79 433 150 572 124 265 262 655 446 281 759 623 491 279 112 576 926 153 382 727 264 183 246 516 799 273 878 897 129 675 618 255 447 640 494 653 235 192 183 582 838 151 512 808 484 351 86 467 472 718 425 182 569 247 680 340 585 220 611 286 151 219 445 571 548 317 282 323 589 615 528 515 320 653 325 551 103 584 555 187 175 177 893 506 365 769 710 573 494 475 479 549 794 398 542 473 218 192 323 446 691 812 668 579 403 63 609 401 658 251 842 745 647 408 203 164 562 468 407 390 210 223 206 630 592 262 496 745 263 693 603 84 181 269 227 633 366 373 486 258 327 405 332 472 698 507 212 444 430 337 536 265 337 40 578 552 375 255 630 455 240 125 325 672 692 317 862 527 454 219 203 437 446 661 583 733 526 780 261 537 365 477 564 205 899
357 753 885 280 676 465 643 836 578 374 113 266 550 513 479 283 119 507 833 740 701 364 718 348 0 353 793 57 797 514 399 210 383 126 774 648 641 719 557 683 405 260 535 372 693 664 302 625 264 388 288 463 698 405 164 268 221 506 470 337 273 306 404 324 355 230 429 372 184 395 419 497 431 303 359 603 500 395 318 531 312 290 230 342 718 680 205 619 843 143 164 150 172 639 305 661 674 369 531 688 361 372 826 325 511 420 374 208 534 625 482 575 634 137 269 336 290 155 613 589 177 342 365 864 35 252 553 272 626 219 279 430 646 664 49 202 672 269 298 451 197 619 597 587 303 325 631 737 346 187 446 669 552 551 501 453 755 449 588 224 700 588 613 603 213 516 264 541 131 724 550 487 598 294 336 805 88 365 508 577 875 396 741 435 359 651 486 658 516 152 566 159 455 306 485 213 592 483 534 271 373 410 552 324 488 676 117 568 273 131 603 326 337 817 158 365 622 493 655 202 554 391 370 373 249 33 362 427 324 587 442 302 439 446 176 654 285 339 161 549 414 675 405 498 608 177 599 554 339 208 574 786 552 638
705 406 534 518 552 255 576 488 341 308 430 569 371 171 501 508 249 195 482 671 349 363 372 282 353 0 440 382 444 330 319 455 555 443 440 440 406 398 639 423 224 517 213 559 424 623 230 356 615 258 114 134 382 541 216 120 568 474 371 373 611 560 449 33 453 413 781 582 524 244 153 385 318 369 510 496 397 174 37 530 663 291 455 379 367 698 221 288 502 384 272 206 457 535 492 635 657 169 412 363 33 184 472 271 391 112 107 353 301 595 415 249 548 468 138 354 607 382 441 236 224 367 44 511 373 596 471 607 417 199 436 164 316 318 303 154 508 470 649 254 549 341 371 278 649 178 317 384 444 217 459 653 235 204 568 507 402 215 240 327 348 550 272 279 328 264 116 211 364 423 603 421 303 574 219 453 440 496 533 632 530 448 642 159 127 315 188 331 163 325 455 328 385 659 173 362 480 170 435 615 365 459 272 465 373 627 450 231 463 429 256 544 637 474 471 471 270 162 394 548 279 56 259 358 421 386 503 401 220 411 403 527 785 796 192 615 629 628 350 380 158 335 755 307 461 488 524 283 321 202 231 438 391 683
1139 156 150 936 645 499 793 157 471 643 861 1002 562 285 766 923 689 358 126 787 125 672 101 595 793 440 0 818 11 487 638 860 944 872 239 547 421 209 963 450 488 941 329 953 432 785 580 418 1056 538 517 340 226 876 643 546 1009 758 592 703 1051 981 752 472 789 804 1218 951 958 516 443 584 610 718 861 637 654 489 477 820 1104 674 853 707 131 963 629 216 215 801 686 643 891 729 866 875 899 478 645 270 432 518 49 636 633 386 438 746 472 841 640 299 757 908 557 681 1027 813 597 205 644 730 429 87 811 1036 653 1046 466 607 809 441 263 192 743 595 570 882 1090 512 989 330 495 280 1082 524 313 61 782 634 733 897 328 245 897 843 47 470 235 738 125 803 197 293 742 392 536 274 798 353 915 698 362 980 546 13 879 876 790 939 201 799 730 397 463 238 385 203 282 738 614 739 676 1098 336 778 688 336 676 1055 668 760 341 822 630 780 883 278 845 855 195 924 1047 194 909 806 170 338 367 988 350 413 555 701 832 826 850 718 587 515 660 913 1217 1230 631 847 1061 1033 760 515 453 153 1191 528 638 925 751 356 680 629 259 62 527 972
322 787 916 323 651 516 701 870 629 430 57 292 604 534 440 329 168 548 865 706 732 335 738 332 57 382 818 0 822 504 455 154 432 71 813 702 635 729 611 733 402 301 575 420 742 628 294 673 253 379 303 481 708 354 175 310 221 564 449 304 278 344 365 355 311 181 400 315 142 389 463 476 487 268 308 577 557 442 349 589 299 347 176 308 750 736 204 634 880 94 153 176 212 696 252 718 731 373 587 729 386 421 853 381 567 437 388 171 584 683 456 615 692 159 314 306 239 209 669 615 181 400 388 892 22 254 525 279 616 222 231 474 686 699 91 239 653 319 289 503 186 622 649 597 266 326 673 763 303 191 409 726 593 573 556 509 782 497 621 282 730 646 632 644 271 517 282 558 186 769 606 545 642 237 331 830 69 418 467 633 910 453 711 445 369 689 528 672 546 122 542 128 513 282 499 270 649 498 591 271 344 369 558 275 544 640 68 605 221 73 625 270 282 854 189 319 647 530 654 204 558 425 359 431 303 57 311 485 377 572 414 245 402 413 220 712 246 283 124 535 459 693 373 551 664 207 657 557 396 258 609 807 537 693
1144 148 139 938 656 497 788 146 467 642 866 1004 558 291 776 924 692 357 115 798 122 680 111 603 797 444 11 822 0 497 636 867 944 877 230 541 432 220 960 443 496 942 327 953 426 796 588 413 1060 546 523 346 237 884 649 549 1012 755 602 711 1054 982 760 475 797 811 1222 959 963 525 443 594 608 726 869 648 651 489 480 817 1108 674 860 715 126 958 635 225 204 807 692 648 893 724 873 871 894 486 642 264 436 518 39 635 630 392 444 753 469 837 650 297 752 911 559 689 1033 815 592 208 649 729 433 78 816 1040 663 1049 477 613 816 440 259 188 748 598 580 883 1093 510 993 341 490 289 1088 531 308 62 790 640 743 892 326 251 895 841 45 469 235 739 122 799 205 289 743 402 541 281 801 345 912 695 357 986 554 9 883 875 800 936 190 797 741 405 469 234 384 213 284 744 624 745 673 1103 343 779 684 343 673 1059 677 769 350 830 627 791 888 276 852 861 202 931 1053 183 912 814 174 338 378 992 360 415 563 700 833 831 858 716 587 525 670 920 1222 1235 634 843 1066 1040 766 525 453 163 1196 525 633 928 746 365 680 632 258 73 538 969
781 557 632 768 223 580 906 615 648 633 520 779 695 278 281 763 473 479 592 351 479 218 385 175 514 330 487 504 497 0 648 466 837 526 629 751 134 306 953 708 118 756 480 835 703 320 211 643 754 125 271 246 282 409 357 423 725 802 108 256 781 803 280 350 332 398 865 503 613 119 476 97 648 285 406 176 728 504 349 856 798 600 449 258 505 1025 309 274 657 439 352 390 675 864 430 965 986 173 742 584 296 514 536 591 721 230 223 358 614 924 153 497 879 651 446 239 638 622 763 364 338 680 285 574 510 758 172 782 112 299 381 485 540 496 477 402 179 734 790 581 689 167 680 208 725 200 567 461 328 329 252 982 501 303 883 823 477 538 437 609 476 880 305 522 605 101 297 247 597 670 923 751 577 570 178 500 573 789 303 952 664 761 314 178 210 524 486 284 363 385 141 381 714 768 208 633 810 211 765 776 210 287 147 377 703 320 548 464 421 502 323 488 638 628 671 346 369 432 168 708 137 372 144 679 692 543 394 726 544 82 180 485 844 865 444 945 701 618 394 49 482 334 836 632 786 689 854 131 639 483 448 443 61 1006
719 526 664 352 866 142 270 604 228 25 512 452 163 454 770 333 296 280 615 977 515 628 611 562 399 319 638 455 636 648 0 596 319 526 505 263 725 678 333 330 535 369 309 332 346 920 501 292 581 558 390 440 667 758 391 232 523 154 672 623 539 394 704 297 683 589 773 755 572 549 206 691 39 603 716 806 102 162 298 211 622 110 610 630 517 378 434 567 585 519 452 348 367 247 675 318 339 478 131 418 353 140 648 76 112 430 425 541 195 278 710 341 250 425 210 610 687 295 218 463 415 106 364 676 435 537 774 528 737 423 631 204 395 452 368 286 827 294 603 127 531 652 233 579 675 469 356 577 673 415 728 335 311 470 263 206 591 167 404 191 515 233 537 355 202 583 370 502 301 407 291 105 305 693 508 646 472 247 803 318 626 161 953 479 438 414 253 610 388 487 764 494 68 648 484 225 196 480 139 553 633 712 586 672 89 926 515 360 642 528 511 710 736 567 404 698 499 308 708 506 595 291 553 66 251 417 714 84 107 730 687 687 803 800 267 301 663 738 510 697 196 593 756 137 208 410 219 599 69 215 379 664 707 366
316 857 976 470 565 637 850 937 748 571 114 419 735 577 322 478 300 642 926 594 793 258 770 294 210 455 860 154 867 466 596 0 583 107 896 829 601 737 765 848 392 445 665 569 854 513 285 784 321 352 350 521 714 207 242 417 315 714 384 219 374 485 253 436 187 68 399 162 165 369 568 411 624 184 162 492 699 556 430 742 357 491 26 221 814 890 236 658 955 78 183 269 358 841 102 871 884 385 728 817 447 540 901 520 707 474 423 115 703 835 375 702 839 294 427 232 173 363 803 668 230 550 446 941 176 346 438 380 573 259 103 580 771 771 229 341 583 471 355 626 270 613 771 608 261 337 768 812 182 237 301 879 686 617 711 664 831 612 693 433 791 797 665 733 422 509 339 588 340 870 760 691 744 120 322 874 188 572 344 787 981 607 610 465 397 770 627 689 610 130 464 126 657 314 525 424 792 525 734 360 267 254 558 139 684 526 134 686 76 87 665 116 186 927 329 190 696 615 631 305 555 507 332 579 457 210 168 634 508 519 330 92 378 399 339 864 237 174 105 485 566 721 370 678 802 344 805 552 542 386 686 839 483 848
550 843 982 121 1031 460 396 922 542 307 470 224 461 720 860 108 368 588 932 1112 825 734 904 698 383 555 944 432 944 837 319 583 0 479 824 550 945 951 198 637 719 150 619 21 655 1040 641 608 396 721 568 690 936 786 492 436 347 284 822 712 327 134 785 523 738 612 575 738 474 720 501 847 355 681 740 961 359 455 521 260 419 272 606 718 830 344 545 839 904 525 527 452 226 430 684 367 369 667 388 737 583 426 960 308 383 664 637 590 513 347 845 654 408 299 417 708 588 231 489 754 516 216 593 990 411 341 916 314 944 547 662 503 713 765 392 436 1012 113 401 444 380 893 540 834 526 637 674 883 730 523 824 365 624 747 172 167 898 479 709 231 824 331 816 671 233 804 541 765 257 723 216 316 624 632 665 954 399 71 889 234 945 167 1106 702 638 730 560 882 675 531 921 539 313 470 728 204 410 725 368 348 743 791 823 706 369 1050 456 668 653 496 794 694 647 886 262 749 792 607 942 339 829 554 708 252 146 374 743 260 358 918 810 670 622 609 393 375 525 660 544 881 491 877 567 453 458 252 377 831 265 360 686 963 888 290
268 849 976 364 652 586 768 931 700 500 14 312 675 587 422 373 239 615 925 693 791 337 789 351 126 443 872 71 877 526 526 107 479 0 878 773 660 772 665 803 435 339 641 465 812 613 324 743 230 404 355 533 750 314 229 378 214 630 459 301 273 377 349 418 288 157 349 259 88 417 532 486 557 265 269 578 627 512 412 653 272 417 133 304 810 795 246 681 944 87 190 238 253 765 209 782 794 413 657 795 443 492 909 451 638 487 437 172 654 747 458 680 759 187 383 309 169 267 739 672 228 466 445 948 90 247 525 278 637 267 204 543 751 761 162 305 662 369 266 573 171 658 720 640 211 365 741 820 282 238 397 789 660 627 614 570 838 567 683 348 790 712 683 710 337 552 336 607 247 837 664 613 711 168 362 885 81 473 446 690 973 516 705 490 415 753 596 717 605 144 546 146 582 242 546 333 718 545 660 262 346 352 596 244 615 626 27 669 182 25 678 214 211 917 222 293 703 595 684 202 595 489 384 499 359 114 275 553 448 589 414 190 344 358 290 777 189 212 132 553 528 742 321 622 734 237 725 594 465 329 672 858 553 750
1131 86 175 845 824 364 594 114 291 518 865 931 383 359 886 828 656 267 140 966 158 766 299 682 774 440 239 813 230 629 505 896 824 878 0 338 605 420 799 232 586 856 239 837 212 948 647 226 1022 635 548 407 429 963 656 506 968 590 720 788 1000 889 853 461 874 852 1202 1017 955 614 360 720 468 792 938 800 487 396 467 649 1068 575 896 793 133 771 661 369 80 824 713 639 827 527 927 679 702 553 469 88 450 424 213 530 463 447 493 792 311 650 770 198 558 863 507 767 1045 747 398 265 665 609 453 219 800 991 801 992 644 638 870 351 127 134 726 574 754 787 1051 380 959 506 304 431 1077 588 151 209 865 658 848 701 222 327 740 693 206 354 207 653 160 617 330 170 661 527 556 381 740 126 747 534 200 1015 622 238 862 752 915 767 123 662 915 483 522 125 291 383 293 766 768 769 522 1076 430 695 496 427 499 1008 765 862 486 895 468 946 882 209 901 867 307 982 1077 68 855 891 261 282 556 948 497 390 647 571 739 805 930 571 492 680 778 966 1213 1220 598 650 1059 1068 791 669 367 331 1178 372 440 867 559 504 563 576 210 299 682 791
981 398 513 608 973 195 256 452 102 287 759 713 100 490 941 589 534 273 475 1102 426 801 563 722 648 440 547 702 541 751 263 829 550 773 338 0 786 666 479 106 660 628 280 568 127 1060 667 130 845 698 548 507 664 963 598 418 787 277 808 806 802 648 885 437 880 809 1037 981 828 682 288 820 225 796 926 926 191 281 442 329 886 370 839 813 415 434 629 572 412 751 663 563 631 189 895 341 364 607 162 277 470 290 536 328 168 521 542 754 139 314 854 280 220 688 404 789 939 558 65 445 618 362 479 551 683 801 907 791 812 612 844 276 286 360 611 491 917 551 867 204 794 694 71 612 936 619 237 495 870 616 899 363 263 484 429 394 502 229 360 454 427 285 532 270 465 662 538 536 562 213 426 234 196 935 660 550 728 482 974 442 456 383 1066 573 566 312 265 606 402 707 887 714 240 912 549 489 164 545 185 816 804 895 644 881 185 1063 766 315 862 771 502 938 985 406 667 897 469 321 752 769 655 387 700 319 512 670 922 292 324 825 843 916 1065 1064 490 313 923 984 733 800 285 569 1019 151 106 674 225 661 333 444 337 593 812 458
916 524 571 884 224 636 969 567 685 714 654 903 745 296 387 878 589 513 540 366 447 349 323 309 641 406 421 635 432 134 725 601 945 660 605 786 0 216 1045 727 235 875 506 944 718 366 340 667 886 256 377 289 196 531 479 516 855 878 229 389 911 921 402 433 460 533 999 630 747 246 534 208 719 419 533 221 794 569 433 936 930 693 583 389 472 1103 435 236 616 573 482 509 797 921 561 1036 1058 280 804 578 373 586 471 678 783 294 309 492 657 995 263 512 939 778 537 372 772 738 808 356 463 772 362 506 640 888 249 911 46 422 514 541 540 482 601 509 150 846 922 640 821 99 716 178 860 318 575 412 457 453 367 1054 524 304 974 913 423 594 440 714 444 951 276 532 711 142 405 250 715 670 1010 823 597 703 304 433 704 892 403 1039 616 853 312 247 307 519 527 224 384 517 206 514 788 902 244 742 868 247 830 906 342 408 143 508 768 360 681 477 554 636 303 618 771 589 795 472 347 466 54 838 133 435 276 764 802 671 521 807 627 105 300 616 978 1000 552 1013 836 751 528 125 542 278 970 686 837 814 918 127 727 585 457 367 132 1090
1039 334 359 916 438 558 886 362 573 675 762 960 651 230 585 906 635 415 333 579 265 514 121 449 719 398 209 729 220 306 678 737 951 772 420 666 216 0 1011 587 345 914 396 955 573 582 452 537 981 388 430 265 23 713 556 518 940 820 414 549 990 958 584 431 632 674 1121 801 860 369 472 400 660 572 706 437 723 516 434 882 1028 680 725 552 288 1041 527 112 416 691 582 570 849 828 722 962 985 358 724 416 375 540 258 652 707 301 344 622 557 924 458 386 852 848 535 529 910 778 702 225 548 750 367 291 728 971 459 988 262 507 668 475 388 318 672 542 362 869 1016 567 913 138 602 132 982 406 433 213 626 538 558 982 408 208 941 882 221 520 306 725 263 881 142 396 726 230 455 187 758 509 969 761 469 851 414 220 797 888 606 996 409 828 522 284 360 363 437 68 290 629 418 628 731 1011 235 760 780 237 754 990 508 592 179 672 698 576 788 352 707 751 170 780 920 391 858 647 196 375 161 921 183 398 408 732 820 752 694 763 599 316 486 774 1111 1128 584 936 959 903 646 323 481 97 1093 601 738 875 838 187 701 600 330 151 334 1039
748 838 970 319 1162 464 255 908 508 336 655 422 415 785 1019 304 512 609 925 1257 838 885 942 836 557 639 963 611 960 953 333 765 198 665 799 479 1045 1011 0 581 836 348 636 218 601 1190 775 573 595 848 683 767 1000 962 636 530 545 208 957 868 524 331 945 611 906 786 769 924 669 843 539 979 354 840 917 1095 313 495 611 150 616 353 787 875 837 149 687 900 878 701 682 592 418 311 863 196 190 780 329 720 671 471 968 367 335 751 737 755 494 192 987 663 281 492 508 861 785 402 413 795 661 273 682 992 589 539 1056 510 1052 685 835 537 708 772 555 556 1132 297 597 452 578 978 495 909 725 759 662 903 897 666 980 186 634 803 70 131 916 497 733 358 838 200 870 672 365 902 658 833 426 682 52 266 610 824 793 970 587 192 1050 46 921 192 1243 797 744 730 583 942 721 696 1054 704 287 668 810 350 316 807 299 545 892 952 911 880 334 1199 644 686 831 679 844 879 843 866 456 918 831 640 1033 537 919 619 838 281 308 555 919 248 419 1036 956 855 819 804 519 214 724 855 713 1000 529 926 763 436 373 448 260 922 317 473 707 993 1009 92
