150
0 848 584 794 588 180 585 420 147 882 565 632 726 908 763 561 547 981 766 148 785 525 947 1076 594 382 757 175 464 178 280 1068 400 209 984 346 454 204 258 1018 235 450 631 464 800 61 585 786 962 950 680 241 867 432 810 1000 585 142 1103 900 820 829 686 980 182 695 1039 311 653 519 1105 745 153 506 1009 591 991 379 427 871 487 798 664 698 121 640 528 664 487 409 196 338 990 698 560 797 512 173 33 957 466 653 636 1035 604 933 815 691 434 662 511 723 350 723 442 1019 446 495 126 963 373 961 1123 362 615 629 878 852 167 838 515 974 1004 788 263 215 71 827 667 423 1019 837 292 575 192 272 685 73 566 353
848 0 492 106 392 715 524 514 751 239 498 639 420 221 215 575 778 193 485 709 247 408 281 288 255 759 631 1013 425 695 624 227 704 639 147 735 674 848 787 173 802 554 830 813 439 909 683 150 254 102 829 723 250 585 426 241 564 721 268 300 29 595 499 151 715 623 325 846 385 736 285 124 921 653 346 335 343 554 760 196 483 83 637 767 922 587 645 327 630 600 711 509 151 699 311 218 430 814 845 110 523 240 238 187 437 383 610 488 443 330 376 721 607 719 470 176 419 394 789 142 528 313 327 518 410 544 220 276 796 468 487 168 156 531 617 863 804 411 559 776 233 659 696 273 658 586 509 894 328 494
584 492 0 390 571 404 33 173 440 377 19 158 150 678 577 83 853 683 777 443 619 522 739 781 368 740 218 697 464 408 532 703 256 421 634 698 206 475 686 649 419 135 936 829 766 636 809 353 725 575 963 616 357 625 763 728 73 444 748 728 478 891 737 554 403 173 805 763 623 807 773 370 576 170 811 171 801 542 769 641 568 504 167 932 698 115 744 582 156 621 389 368 574 887 243 607 124 657 601 588 590 479 448 650 627 802 253 107 447 164 459 915 578 914 176 655 419 463 603 533 500 767 819 466 613 733 383 684 637 255 75 660 615 207 500 719 581 253 111 779 724 937 312 351 462 343 744 654 204 347
794 106 390 0 413 648 421 430 686 162 397 535 314 320 279 473 795 298 545 650 319 412 382 393 224 754 525 952 410 632 596 315 612 586 243 725 578 774 765 260 724 462 856 818 507 855 709 45 358 186 862 697 166 585 497 347 461 660 359 393 102 661 545 188 648 517 431 830 423 751 383 52 853 555 449 243 445 539 761 291 487 154 531 805 878 482 663 366 533 597 641 461 201 741 238 293 340 780 795 199 525 257 243 265 466 476 505 382 421 227 366 765 592 763 389 266 393 383 749 169 507 413 430 490 440 580 145 362 762 367 391 273 230 426 583 834 757 310 453 776 338 721 615 235 610 525 555 846 244 443
588 392 571 413 0 530 601 465 554 571 563 723 606 344 209 629 386 441 215 490 214 68 370 520 224 381 783 763 141 498 312 558 649 412 478 366 652 678 440 520 652 536 442 424 226 645 295 440 394 474 449 390 570 208 231 443 635 505 580 317 364 321 165 542 530 744 463 483 67 344 566 368 710 664 425 419 406 215 375 313 111 311 738 395 622 686 253 83 633 229 535 304 539 336 335 235 450 492 573 473 147 156 171 545 58 344 797 638 172 483 118 362 260 361 428 516 182 121 489 534 214 379 568 230 41 173 556 271 479 707 515 445 525 726 325 526 525 660 679 391 471 365 579 233 406 408 172 609 376 308
180 715 404 648 530 0 404 245 38 719 384 455 547 811 669 380 611 868 733 65 699 461 858 967 471 455 578 308 390 33 275 941 233 123 858 412 281 148 354 889 126 269 700 548 755 232 617 633 865 817 743 302 702 434 761 895 404 54 980 819 690 818 661 836 1 516 946 426 598 573 987 602 205 331 925 427 908 355 497 772 450 678 486 742 298 460 552 592 309 415 16 231 848 724 410 705 340 292 200 826 443 552 529 902 562 865 635 511 358 492 428 752 352 752 273 891 357 416 233 818 331 876 1014 304 565 619 716 769 276 659 336 857 869 607 241 352 192 649 487 499 909 840 120 450 149 132 663 252 409 236
585 524 33 421 601 404 0 186 439 402 37 125 166 711 609 54 875 716 808 447 652 550 772 813 400 758 196 692 490 411 548 734 239 431 665 715 186 466 699 680 409 135 959 848 798 636 833 384 758 606 987 630 381 647 795 760 40 447 779 761 511 921 766 583 403 146 838 777 653 829 804 402 569 144 843 204 834 564 788 674 594 537 137 957 701 85 768 613 134 642 389 387 604 913 275 640 151 666 604 620 615 511 480 680 656 835 238 109 472 194 487 942 598 941 195 686 444 490 611 562 522 800 851 488 642 761 409 717 647 261 93 692 645 202 516 729 587 265 91 797 757 967 305 382 473 354 773 656 236 366
420 514 173 430 465 245 186 0 283 478 155 282 306 656 530 187 697 689 680 274 568 404 712 790 309 574 381 551 336 242 364 740 199 247 661 531 189 348 514 686 296 72 782 665 681 476 664 407 708 611 814 444 461 473 682 725 203 278 782 687 492 785 626 615 244 326 791 591 526 651 798 391 438 200 783 192 770 387 605 616 434 497 306 790 530 263 597 497 169 466 233 207 631 752 204 564 97 483 434 622 449 416 386 694 515 750 424 279 312 249 346 781 417 780 44 690 289 345 430 596 347 736 833 312 506 609 478 639 464 420 98 672 660 380 330 546 411 406 276 613 731 824 185 287 288 169 631 487 186 188
147 751 440 686 554 38 439 283 0 757 420 485 585 843 700 413 611 902 754 68 728 486 888 1000 506 452 609 269 415 57 284 977 256 141 893 410 308 126 344 925 119 305 699 543 778 196 624 671 897 853 744 298 741 445 785 928 437 52 1015 848 726 834 680 873 39 547 977 413 622 575 1022 639 169 359 955 465 938 370 495 803 469 712 516 747 267 492 560 619 339 425 50 261 885 733 447 735 379 276 171 862 459 584 561 938 583 892 667 546 384 531 455 761 362 760 311 927 385 443 216 855 349 906 1047 326 588 634 755 799 261 695 373 891 906 641 253 333 170 687 520 496 942 854 145 485 159 166 681 220 447 268
882 239 377 162 571 719 402 478 757 0 391 490 249 459 439 456 948 407 707 734 478 563 518 485 365 893 442 1027 550 709 719 372 629 680 329 861 583 825 891 324 772 487 1012 963 668 941 866 131 486 265 1020 820 21 730 657 460 437 741 417 540 250 822 707 205 718 453 549 960 585 903 453 203 916 546 579 291 578 675 905 436 636 309 477 965 978 437 816 527 533 739 709 568 229 902 330 450 381 895 888 280 673 417 399 314 625 623 404 325 556 230 511 926 727 924 445 334 525 526 856 186 640 549 511 618 600 740 19 514 876 249 409 377 282 330 700 952 855 195 399 920 441 883 660 370 711 609 717 941 316 547
565 498 19 397 563 384 37 155 420 391 0 161 169 680 575 78 839 688 771 424 617 512 740 786 364 724 232 678 453 388 515 711 239 402 641 682 192 456 669 657 400 115 923 814 761 617 796 361 728 583 950 599 371 611 758 732 73 425 756 728 483 883 728 565 383 184 808 746 616 793 780 374 557 158 812 171 802 528 754 642 557 506 175 920 679 123 731 576 142 606 370 353 584 876 239 606 114 638 581 596 578 475 444 659 619 801 269 126 435 172 449 904 563 903 160 663 407 453 585 544 486 768 825 452 605 723 396 684 619 275 58 665 624 226 483 701 562 271 125 763 730 929 293 346 443 324 735 634 201 331
632 639 158 535 723 455 125 282 485 490 161 0 240 833 735 96 980 832 932 509 777 670 894 928 526 853 128 711 608 470 643 841 240 509 777 809 181 478 782 788 424 214 1065 945 923 675 945 494 879 716 1096 716 469 756 920 878 88 505 887 886 629 1044 888 684 454 67 958 859 777 934 915 520 585 127 966 329 957 670 886 797 710 658 32 1071 752 53 878 738 145 749 438 490 706 1029 400 764 273 738 655 730 728 636 605 785 778 960 195 165 587 309 608 1058 700 1057 305 795 561 610 680 663 629 923 964 594 765 880 500 842 720 292 208 807 751 205 608 800 647 319 91 894 873 1089 339 508 552 437 895 705 362 471
726 420 150 314 606 547 166 306 585 249 169 240 0 631 557 216 933 612 793 581 600 570 693 703 383 839 210 846 527 548 637 607 405 548 548 799 352 626 801 555 570 283 1011 923 771 780 874 270 671 485 1032 729 228 703 764 661 194 584 652 695 415 910 767 446 546 207 746 877 645 887 684 314 726 308 762 193 756 627 862 598 630 456 228 991 836 187 813 596 301 704 534 471 469 938 275 581 223 782 740 500 659 482 453 550 664 775 198 75 518 123 508 966 671 965 292 563 486 516 732 426 586 723 736 555 645 778 260 657 762 117 211 585 516 121 609 844 716 102 150 874 651 964 462 373 587 470 776 793 237 448
908 221 678 320 344 811 711 656 843 459 680 833 631 0 144 758 693 111 330 787 130 394 62 176 349 722 840 1082 445 785 645 242 855 711 186 710 836 956 784 226 917 711 724 752 271 968 587 366 54 224 711 732 471 552 255 99 751 802 250 88 218 422 375 312 811 826 136 827 300 659 227 317 1010 826 132 509 125 555 710 39 456 175 835 640 957 783 569 261 799 574 811 582 295 569 456 111 591 832 898 213 492 258 282 255 363 168 825 693 474 527 397 584 603 583 611 217 463 413 823 317 544 92 223 548 339 440 440 92 818 687 656 130 253 746 651 870 852 631 759 727 130 487 822 371 717 678 385 939 486 574
763 215 577 279 209 669 609 530 700 439 575 735 557 144 0 652 582 231 270 644 43 252 188 316 220 591 760 937 301 642 502 349 729 567 271 575 715 815 645 314 779 590 625 630 228 823 481 319 198 277 621 590 445 418 217 239 649 658 370 157 194 383 285 355 669 737 277 692 180 544 358 252 867 711 257 405 242 413 583 108 318 132 741 555 813 688 452 129 683 438 670 439 347 487 340 35 476 689 753 273 356 118 145 341 240 225 756 610 329 441 252 507 462 505 486 309 319 268 678 351 400 208 364 403 213 337 421 109 675 634 543 235 324 678 506 729 707 579 669 600 264 445 687 242 572 537 296 795 375 433
561 575 83 473 629 380 54 187 413 456 78 96 216 758 652 0 885 766 840 429 694 575 818 864 438 760 200 657 512 391 550 787 193 422 717 717 137 427 693 733 371 122 970 852 833 608 849 436 806 659 1000 626 435 660 831 810 25 427 832 805 561 951 794 637 379 141 886 770 685 839 857 452 532 91 890 249 880 574 792 720 614 585 118 974 679 80 782 648 87 653 364 395 657 933 313 683 181 654 581 672 632 549 518 733 684 878 254 152 491 247 513 962 605 961 209 739 465 515 597 616 533 846 903 499 671 785 463 760 635 303 114 743 698 233 516 716 568 313 107 800 807 995 273 419 464 347 801 633 276 375
547 778 853 795 386 611 875 697 611 948 839 980 933 693 582 885 0 801 391 547 571 384 696 863 584 165 1071 688 409 579 346 927 820 501 853 203 850 727 290 896 731 766 88 99 451 576 108 817 731 856 133 315 944 230 468 790 899 561 942 633 750 381 322 928 612 1020 780 261 401 46 920 747 701 883 727 741 707 311 120 672 312 696 1003 159 499 958 132 454 853 232 625 489 923 190 662 599 731 377 516 854 278 541 552 923 342 615 1103 944 415 818 439 204 280 205 679 891 447 426 421 920 353 691 907 387 369 253 934 603 380 1046 782 812 906 1043 382 360 478 1007 965 125 823 355 715 583 464 554 313 518 697 509
981 193 683 298 441 868 716 689 902 407 688 832 612 111 231 766 801 0 441 852 231 483 140 100 397 822 822 1152 525 845 729 130 885 777 89 807 859 1009 876 121 966 736 835 857 382 1042 696 342 97 146 822 820 423 649 366 52 756 865 141 193 204 531 486 229 868 816 142 924 404 766 126 313 1072 842 180 522 186 643 813 129 550 193 830 751 1039 780 675 359 818 670 866 646 207 681 485 205 613 918 973 131 588 329 345 151 466 262 798 681 551 523 475 696 693 694 645 112 536 492 904 239 627 167 145 627 441 549 389 203 903 651 673 30 157 720 730 960 928 594 752 829 41 596 865 418 788 736 496 1017 508 636
766 485 777 545 215 733 808 680 754 707 771 932 793 330 270 840 391 441 0 687 238 280 317 486 413 469 983 937 354 701 486 572 864 612 511 474 868 880 568 553 858 750 405 470 62 817 282 583 357 534 385 539 712 337 79 418 844 703 578 255 464 117 81 618 734 949 394 586 155 368 549 512 900 879 338 616 318 389 443 321 284 403 945 311 775 893 290 197 848 362 740 515 606 241 535 268 659 638 745 527 300 311 340 582 172 224 990 834 384 671 333 255 416 253 642 545 397 337 652 617 404 307 526 429 174 151 690 238 630 884 726 459 574 915 509 657 697 832 882 459 454 176 792 428 599 618 86 772 576 521
148 709 443 650 490 65 447 274 68 734 424 509 581 787 644 429 547 852 687 0 670 422 831 949 458 390 628 303 353 39 216 932 295 78 848 347 340 194 289 881 185 312 636 483 713 207 557 639 842 811 679 237 719 377 720 875 451 16 969 789 682 767 613 837 66 568 921 362 557 510 974 602 223 387 896 443 879 302 433 749 402 665 539 680 255 509 492 557 363 357 80 206 847 665 413 679 364 231 159 819 391 529 508 896 517 830 682 550 322 514 395 693 294 693 294 882 326 382 172 819 282 848 996 260 523 566 730 740 214 695 371 842 864 649 184 292 139 681 533 434 891 786 182 438 90 125 614 213 419 216
785 247 619 319 214 699 652 568 728 478 617 777 600 130 43 694 571 231 238 670 0 265 162 306 260 592 804 960 321 671 518 356 766 592 284 579 755 846 654 327 811 630 609 625 191 844 467 360 180 298 601 602 485 422 179 229 691 685 372 121 229 348 263 381 699 780 253 697 172 535 355 294 893 752 226 448 209 425 581 102 325 168 784 533 830 731 443 131 723 443 700 467 370 464 381 30 517 703 773 293 362 152 182 355 235 184 799 653 351 484 275 482 473 481 525 321 344 290 695 379 417 177 353 423 209 321 459 71 689 676 585 241 342 721 525 740 726 622 712 598 258 411 721 281 596 567 274 813 417 462
525 408 522 412 68 461 550 404 486 563 512 670 570 394 252 575 384 483 280 422 265 0 426 568 200 351 737 700 73 430 252 593 584 345 511 329 590 610 393 551 583 476 452 407 294 582 308 432 446 498 466 338 559 177 299 492 582 438 619 376 379 381 221 559 462 695 519 444 136 340 610 362 643 605 485 379 466 160 353 360 75 332 687 421 564 636 254 139 573 193 466 236 558 368 295 283 398 437 510 500 115 168 171 575 110 409 756 595 104 449 63 396 210 395 370 549 117 60 430 548 152 437 616 163 106 211 549 329 423 676 462 484 551 687 261 477 463 632 632 368 516 420 512 202 340 340 227 548 335 241
947 281 739 382 370 858 772 712 888 518 740 894 693 62 188 818 696 140 317 831 162 426 0 168 403 739 903 1122 483 830 679 267 911 754 227 730 893 1004 809 262 967 768 720 762 255 1006 588 427 43 274 702 761 531 574 238 104 812 846 264 62 279 396 374 361 858 888 92 848 318 666 232 379 1054 884 72 569 63 585 723 97 482 237 897 629 990 845 577 288 857 596 858 627 342 559 514 153 650 862 935 261 516 306 331 291 380 121 887 755 513 588 437 571 631 569 667 253 505 452 856 368 578 31 210 585 358 442 499 99 849 749 715 167 295 808 687 897 888 692 821 740 141 460 874 425 757 726 383 975 545 621
1076 288 781 393 520 967 813 790 1000 485 786 928 703 176 316 864 863 100 486 949 306 568 168 0 496 898 912 1248 616 943 818 137 985 873 157 886 959 1108 960 166 1066 836 889 926 424 1136 755 434 131 221 871 907 503 728 407 77 853 963 113 231 303 560 541 289 967 909 107 1003 476 832 70 411 1170 941 166 621 181 729 885 208 632 293 924 797 1129 875 742 437 917 750 965 743 265 727 585 286 713 1006 1067 206 668 422 441 187 539 276 884 774 643 619 567 739 778 737 745 155 629 583 995 304 716 181 47 718 515 609 468 260 991 734 773 121 209 807 821 1045 1021 678 846 902 58 623 965 518 883 834 551 1110 608 733
594 255 368 224 224 471 400 309 506 365 364 526 383 349 220 438 584 397 413 458 260 200 403 496 0 530 569 761 186 448 373 475 508 386 390 500 495 612 541 424 571 370 652 598 398 655 508 237 402 357 665 474 360 365 394 426 438 471 510 377 227 529 383 396 471 537 485 605 262 538 516 173 675 492 474 203 460 314 540 309 271 206 536 617 666 483 454 216 463 374 469 255 402 560 125 254 259 561 590 363 308 111 80 441 282 443 577 421 196 260 146 587 367 585 265 425 169 161 534 382 282 426 542 267 262 397 352 330 543 483 326 385 411 504 363 613 548 436 470 555 437 580 473 22 403 339 392 638 164 242
382 759 740 754 381 455 758 574 452 893 724 853 839 722 591 760 165 822 469 390 592 351 739 898 530 0 954 526 344 425 210 939 674 353 858 44 709 564 126 900 571 639 250 93 521 412 220 767 768 849 298 153 886 174 536 821 777 403 961 679 730 495 389 910 456 900 829 117 422 140 947 702 536 747 783 652 763 218 45 693 276 683 879 319 340 837 182 462 718 158 470 372 909 330 580 616 623 212 351 850 237 519 521 924 359 681 993 839 338 732 387 351 169 352 564 897 369 370 256 898 256 741 944 284 382 318 882 640 215 955 666 826 902 940 244 203 313 922 849 43 850 486 565 523 314 417 383 355 610 394
757 631 218 525 783 578 196 381 609 442 232 128 210 840 760 200 1071 822 983 628 804 737 903 912 569 954 0 839 681 590 745 811 368 621 756 912 309 607 892 760 552 321 1155 1045 966 801 1027 481 882 693 1182 824 422 843 961 872 179 626 856 903 626 1098 947 646 576 62 956 969 830 1025 890 523 713 255 972 366 966 760 985 807 786 665 96 1150 876 119 962 785 270 839 561 584 670 1104 448 786 343 854 779 708 809 675 645 753 840 982 70 150 665 319 673 1132 795 1131 392 769 636 678 797 627 718 932 944 684 823 948 456 863 835 206 289 795 720 114 711 916 767 250 106 994 861 1147 465 555 663 546 955 830 407 563
175 1013 697 952 763 308 692 551 269 1027 678 711 846 1082 937 657 688 1152 937 303 960 700 1122 1248 761 526 839 0 638 320 454 1236 471 375 1152 496 530 233 400 1185 287 563 765 596 974 120 740 940 1136 1115 817 403 1010 601 983 1173 682 292 1272 1075 986 996 857 1140 308 778 1214 431 828 666 1275 905 126 584 1184 735 1166 552 570 1044 661 967 743 844 189 730 687 839 573 577 318 506 1151 852 715 972 647 314 192 1123 638 826 807 1200 778 1108 904 801 609 800 685 876 521 876 581 1186 619 670 287 1122 549 1136 1295 537 790 797 1025 1027 316 952 636 1144 1168 890 438 329 240 949 764 562 1191 1000 386 741 365 427 855 171 716 519
464 425 464 410 141 390 490 336 415 550 453 608 527 445 301 512 409 525 354 353 321 73 483 616 186 344 681 638 0 359 204 626 512 275 542 314 519 538 362 581 510 408 484 414 368 522 348 423 499 522 505 299 544 182 372 540 521 368 656 437 396 453 292 573 390 637 575 422 209 362 651 358 575 536 546 334 528 129 355 409 104 357 626 469 513 576 286 204 505 189 394 162 576 422 253 334 339 394 452 525 132 197 188 602 183 477 705 544 31 409 50 451 183 450 304 580 46 32 378 560 103 497 664 102 180 273 538 389 378 638 400 522 576 640 205 440 406 597 575 369 561 489 438 180 274 266 297 494 289 167
178 695 408 632 498 33 411 242 57 709 388 470 548 785 642 391 579 845 701 39 671 430 830 943 448 425 590 320 359 0 242 921 256 89 837 381 301 179 327 868 160 275 668 518 723 234 584 619 839 798 711 272 693 400 730 870 414 36 958 790 669 785 629 820 34 529 919 401 566 541 965 585 226 348 897 417 880 322 466 745 417 655 500 709 290 471 518 562 324 382 45 203 831 691 394 677 335 270 193 806 410 526 503 882 529 835 645 515 327 486 398 719 319 719 265 870 327 386 211 801 298 848 989 272 533 585 706 741 253 661 337 834 850 613 208 331 177 649 496 469 885 806 143 428 116 109 630 246 396 210
280 624 532 596 312 275 548 364 284 719 515 643 637 645 502 550 346 729 486 216 518 252 679 818 373 210 745 454 204 242 0 830 474 156 746 167 504 409 171 784 401 429 434 302 520 334 342 601 697 723 473 101 709 161 529 741 567 231 860 628 595 556 408 769 276 690 771 243 375 304 855 544 415 540 737 457 718 98 243 610 207 560 669 468 311 627 276 391 510 141 287 166 774 449 393 534 417 190 262 727 186 401 391 804 324 655 785 632 181 537 254 477 77 477 355 783 205 237 177 755 101 689 866 106 336 355 710 581 174 754 457 726 777 733 36 239 214 725 639 250 764 571 371 360 126 209 407 297 417 188
1068 227 703 315 558 941 734 740 977 372 711 841 607 242 349 787 927 130 572 932 356 593 267 137 475 939 811 1236 626 921 830 0 927 861 84 921 894 1076 985 54 1029 777 964 979 513 1130 823 350 223 129 952 925 391 765 496 164 773 945 45 322 251 661 615 167 941 814 237 1037 527 891 84 348 1147 870 290 557 301 750 932 256 664 271 833 881 1135 787 799 478 849 784 937 730 142 811 539 328 654 1020 1064 117 702 429 439 58 588 387 776 680 649 539 576 827 802 825 697 50 629 593 1001 185 730 290 146 725 562 676 356 334 1004 622 707 115 90 701 827 1066 1021 567 755 949 127 726 923 494 877 811 625 1111 553 716
400 704 256 612 649 233 239 199 256 629 239 240 405 855 729 193 820 885 864 295 766 584 911 985 508 674 368 471 512 256 474 927 0 321 851 630 59 238 583 872 184 150 909 768 871 438 808 583 907 798 947 525 609 616 873 922 219 287 970 886 684 965 804 791 232 306 989 657 713 778 989 579 345 113 982 369 969 530 713 815 600 693 272 936 521 261 741 690 106 603 216 358 809 907 400 763 273 526 426 809 606 614 584 878 695 948 433 345 484 402 532 936 544 935 243 877 467 527 466 771 494 935 1028 461 690 777 633 837 509 497 223 866 843 425 438 586 425 505 297 718 926 998 113 486 360 268 808 473 377 347
209 639 421 586 412 123 431 247 141 680 402 509 548 711 567 422 501 777 612 78 592 345 754 873 386 353 621 375 275 89 156 861 321 0 776 309 356 267 272 810 249 300 589 447 636 270 498 579 765 742 630 207 666 312 643 799 442 93 896 711 612 695 539 771 123 563 844 349 480 460 900 536 300 397 819 393 801 232 392 672 328 591 538 624 297 502 432 479 369 294 132 131 781 604 353 601 326 235 209 749 320 452 432 826 441 752 669 527 244 468 317 632 232 631 256 811 248 304 184 754 208 770 921 184 446 496 675 662 216 665 346 769 795 628 121 298 175 645 520 396 816 717 214 367 42 78 541 261 364 144
984 147 634 243 478 858 665 661 893 329 641 777 548 186 271 717 853 89 511 848 284 511 227 157 390 858 756 1152 542 837 746 84 851 776 0 840 820 993 902 42 948 701 894 902 455 1045 751 282 185 64 885 841 346 684 439 140 705 861 121 273 169 608 547 140 858 755 228 955 452 816 139 271 1063 798 270 482 275 666 854 190 582 186 772 816 1051 724 724 401 776 702 854 645 118 746 458 255 577 936 979 49 622 345 354 71 512 348 727 620 564 470 492 763 719 762 617 38 545 509 916 152 646 255 188 641 485 605 311 274 920 576 633 59 68 650 743 982 936 520 693 870 114 673 842 410 792 728 557 1026 475 632
346 735 698 725 366 412 715 531 410 861 682 809 799 710 575 717 203 807 474 347 579 329 730 886 500 44 912 496 314 381 167 921 630 309 840 0 665 524 98 880 529 595 290 138 523 380 243 736 757 828 337 111 853 157 537 809 734 360 945 672 706 510 393 885 413 857 822 117 412 172 933 673 499 703 778 614 758 186 85 680 257 661 835 351 314 794 196 448 674 137 427 331 886 356 544 602 582 181 316 829 218 497 496 904 350 679 951 797 305 694 360 379 133 379 522 878 336 343 219 873 221 734 933 247 372 324 850 631 181 916 624 810 881 899 201 184 276 884 806 87 837 507 521 492 270 373 388 325 573 353
454 674 206 578 652 281 186 189 308 583 192 181 352 836 715 137 850 859 868 340 755 590 893 959 495 709 309 530 519 301 504 894 59 356 820 665 0 297 625 839 243 125 938 803 871 495 831 546 887 765 974 563 563 638 871 898 162 334 938 872 656 972 812 753 280 247 969 700 714 807 959 549 404 54 965 338 953 551 747 796 613 669 213 958 575 202 763 687 51 627 264 374 772 926 379 749 245 572 479 777 623 603 573 843 701 938 374 290 493 361 534 955 571 954 230 845 474 531 512 732 514 918 1000 479 694 790 588 825 555 440 187 838 808 366 468 632 474 450 238 752 900 1009 162 473 397 295 817 527 351 360
204 848 475 774 678 148 466 348 126 825 456 478 626 956 815 427 727 1009 880 194 846 610 1004 1108 612 564 607 233 538 179 409 1076 238 267 993 524 297 0 448 1022 56 344 814 653 903 221 747 754 1010 949 861 412 807 570 909 1038 453 178 1115 966 824 961 806 961 147 545 1091 510 746 693 1126 731 106 352 1072 540 1055 497 609 916 595 817 510 868 317 499 683 741 342 550 145 379 975 857 538 851 445 370 237 959 586 698 673 1033 708 1013 672 575 506 595 576 884 487 883 386 1025 505 564 314 942 475 1023 1154 451 713 760 826 917 359 727 421 996 1000 660 379 418 259 728 533 608 1050 980 166 590 285 278 808 270 529 383
258 787 686 765 440 354 699 514 344 891 669 782 801 784 645 693 290 876 568 289 654 393 809 960 541 126 892 400 362 327 171 985 583 272 902 98 625 448 0 941 461 571 373 206 614 286 341 771 834 884 422 72 881 237 627 883 713 300 1012 753 758 608 486 935 355 834 902 77 493 266 1003 713 412 668 861 626 841 235 170 752 328 719 810 445 216 773 294 523 641 214 370 332 938 453 564 674 579 86 226 887 293 556 550 963 432 766 938 790 345 705 411 476 183 476 513 940 372 394 134 922 259 816 1007 274 452 418 881 710 90 919 611 877 938 892 193 89 191 892 790 165 909 605 471 530 230 346 482 229 588 355
1018 173 649 260 520 889 680 686 925 324 657 788 555 226 314 733 896 121 553 881 327 551 262 166 424 900 760 1185 581 868 784 54 872 810 42 880 839 1022 941 0 975 722 936 944 496 1079 793 296 219 74 927 880 343 725 480 168 719 893 99 312 199 648 589 123 888 762 252 995 494 858 129 294 1094 815 299 503 306 706 895 231 623 223 781 858 1087 734 766 443 794 743 884 679 99 788 485 297 600 974 1014 63 663 385 392 29 555 384 728 628 602 485 531 805 759 804 643 10 582 548 953 139 685 289 187 678 528 648 308 315 958 574 652 95 43 652 780 1021 972 519 702 912 136 713 868 443 827 759 600 1062 499 665
235 802 419 724 652 126 409 296 119 772 400 424 570 917 779 371 731 966 858 185 811 583 967 1066 571 571 552 287 510 160 401 1029 184 249 948 529 243 56 461 975 0 288 819 663 878 262 742 703 971 902 864 418 753 560 883 997 396 171 1070 932 778 944 787 911 126 490 1053 528 719 694 1081 683 161 297 1036 488 1020 482 615 877 576 773 456 866 353 443 677 711 286 541 118 349 925 850 490 814 392 389 265 912 570 661 635 986 686 982 617 518 479 541 545 878 478 878 335 979 474 535 330 891 457 987 1112 430 688 745 772 882 376 671 365 952 952 604 368 441 278 672 477 615 1008 967 111 549 274 245 789 306 480 349
450 554 135 462 536 269 135 72 305 487 115 214 283 711 590 122 766 736 750 312 630 476 768 836 370 639 321 563 408 275 429 777 150 300 701 595 125 344 571 722 288 0 853 731 750 501 736 434 762 648 885 504 468 545 750 775 142 312 820 747 535 857 698 642 268 263 844 648 596 721 839 429 443 128 840 219 828 458 672 672 507 546 240 862 566 201 669 565 97 537 255 278 660 825 254 624 123 533 468 659 522 479 448 728 587 813 371 241 385 257 418 854 486 853 108 727 362 417 478 622 418 793 879 383 578 681 489 700 514 390 77 717 693 337 394 596 451 386 221 679 778 897 179 348 342 225 704 521 228 260
631 830 936 856 442 700 959 782 699 1012 923 1065 1011 724 625 970 88 835 405 636 609 452 720 889 652 250 1155 765 484 668 434 964 909 589 894 290 938 814 373 936 819 853 0 169 467 657 147 881 758 903 53 402 1010 311 484 819 984 649 975 657 804 368 349 978 701 1105 799 334 446 131 950 809 785 970 743 818 723 395 205 707 383 747 1088 112 576 1042 198 502 940 316 714 575 971 171 737 639 813 459 600 899 352 599 613 964 393 628 1185 1025 494 894 510 172 367 174 763 930 525 498 506 972 436 712 930 471 420 288 997 633 463 1122 866 849 950 1123 470 436 563 1081 1048 208 853 329 804 654 553 642 339 598 774 594
464 813 829 818 424 548 848 665 543 963 814 945 923 752 630 852 99 857 470 483 625 407 762 926 598 93 1045 596 414 518 302 979 768 447 902 138 803 653 206 944 663 731 169 0 527 488 192 835 794 899 221 246 958 233 543 851 868 495 998 700 785 473 395 964 549 991 849 165 453 102 980 768 618 841 799 734 779 296 60 727 331 734 971 258 406 928 184 500 811 224 563 461 962 287 659 652 711 291 432 898 292 573 579 970 390 691 1082 926 412 813 452 303 252 304 653 940 444 437 341 955 337 760 971 367 417 323 951 666 297 1039 755 865 950 1027 337 266 397 1003 939 51 882 452 659 594 408 510 387 429 691 482
800 439 766 507 226 755 798 681 778 668 761 923 771 271 228 833 451 382 62 713 191 294 255 424 398 521 966 974 368 723 520 513 871 636 455 523 871 903 614 496 878 750 467 527 0 853 342 547 296 481 447 581 674 379 17 357 835 728 517 193 420 157 133 567 756 935 332 637 159 427 488 478 930 878 277 600 256 421 498 266 313 359 934 373 817 881 345 185 847 404 761 530 553 303 523 220 652 681 781 473 335 290 320 525 196 164 969 816 399 650 340 316 454 314 642 488 408 346 690 567 431 245 464 452 190 205 649 180 672 856 719 401 519 892 539 703 733 803 868 514 394 221 805 415 626 634 140 811 562 534
61 909 636 855 645 232 636 476 196 941 617 675 780 968 823 608 576 1042 817 207 844 582 1006 1136 655 412 801 120 522 234 334 1130 438 270 1045 380 495 221 286 1079 262 501 657 488 853 0 623 846 1021 1012 708 283 926 481 863 1060 633 200 1164 958 882 875 736 1041 233 739 1098 327 709 552 1166 806 141 548 1067 650 1048 432 457 931 541 859 707 731 99 686 569 721 531 456 246 400 1051 736 620 857 569 199 72 1018 518 713 696 1096 658 989 861 743 494 720 570 760 400 760 500 1080 506 554 166 1024 430 1019 1183 420 670 677 938 910 199 891 569 1035 1065 838 320 226 120 882 715 451 1079 880 336 636 253 332 735 60 626 414
585 683 809 709 295 617 833 664 624 866 796 945 874 587 481 849 108 696 282 557 467 308 588 755 508 220 1027 740 348 584 342 823 808 498 751 243 831 747 341 793 742 736 147 192 342 623 0 734 624 758 158 343 864 192 359 683 860 572 837 525 657 281 214 832 618 980 671 334 300 90 814 663 736 858 618 681 598 279 181 567 244 600 966 127 558 918 67 356 827 205 629 458 826 112 599 496 684 425 557 754 218 452 466 821 245 506 1053 892 361 755 368 137 266 137 640 788 391 358 459 825 317 583 799 352 273 146 851 496 424 983 740 708 806 988 377 423 513 940 920 194 717 267 710 511 468 539 205 568 637 475
786 150 353 45 440 633 384 407 671 131 361 494 270 366 319 436 817 342 583 639 360 432 427 434 237 767 481 940 423 619 601 350 583 579 282 736 546 754 771 296 703 434 881 835 547 846 734 0 403 222 889 702 131 602 537 391 423 649 395 438 148 699 578 209 633 474 476 838 455 772 421 72 837 520 495 216 490 550 778 336 506 197 489 834 874 441 685 398 500 612 626 458 226 771 226 335 314 782 789 236 544 286 268 297 494 520 460 339 431 189 382 796 603 794 368 302 401 398 747 189 516 458 470 497 469 609 116 405 763 322 360 315 262 381 585 838 752 266 411 792 381 759 593 244 606 514 588 840 225 439
962 254 725 358 394 865 758 708 897 486 728 879 671 54 198 806 731 97 357 842 180 446 43 131 402 768 882 1136 499 839 697 223 907 765 185 757 887 1010 834 219 971 762 758 794 296 1021 624 403 0 235 742 783 500 600 279 61 799 856 222 102 256 439 410 322 865 869 82 875 345 700 191 360 1064 875 92 557 92 606 754 93 505 221 880 669 1009 829 610 311 849 622 865 636 302 598 507 164 642 883 951 222 541 313 336 248 409 165 863 736 527 571 451 612 653 610 664 210 517 466 875 330 596 69 176 601 385 478 467 128 869 722 706 126 254 784 703 920 905 665 803 771 98 503 875 424 771 733 420 992 536 629
950 102 575 186 474 817 606 611 853 265 583 716 485 224 277 659 856 146 534 811 298 498 274 221 357 849 693 1115 522 798 723 129 798 742 64 828 765 949 884 74 902 648 903 899 481 1012 758 222 235 0 898 821 282 675 466 198 646 823 173 312 129 637 561 88 817 692 288 941 457 817 199 220 1023 741 325 428 328 649 848 216 573 166 710 831 1023 662 725 402 720 692 812 612 72 762 411 268 525 913 947 15 612 330 333 84 514 391 663 557 541 411 472 781 703 780 569 80 519 490 890 94 625 304 251 617 487 614 247 303 896 512 578 115 54 586 717 962 906 456 631 864 176 702 795 375 760 689 572 996 425 597
680 829 963 862 449 743 987 814 744 1020 950 1096 1032 711 621 1000 133 822 385 679 601 466 702 871 665 298 1182 817 505 711 473 952 947 630 885 337 974 861 422 927 864 885 53 221 447 708 158 889 742 898 0 448 1019 340 464 803 1013 693 961 640 804 335 337 976 744 1133 778 386 444 169 934 817 834 1005 721 839 701 426 253 696 402 746 1118 75 628 1071 219 502 974 348 756 607 968 144 757 631 839 509 649 893 374 604 621 956 395 605 1210 1049 517 913 526 137 403 139 793 921 547 516 554 970 467 692 911 501 422 285 1005 619 513 1141 894 838 943 1145 509 488 611 1098 1075 257 838 290 844 669 595 679 327 649 795 625
241 723 616 697 390 302 630 444 298 820 599 716 729 732 590 626 315 820 539 237 602 338 761 907 474 153 824 403 299 272 101 925 525 207 841 111 563 412 72 880 418 504 402 246 581 283 343 702 783 821 448 0 810 202 592 830 645 249 954 707 694 593 458 869 303 767 854 147 448 281 947 645 392 604 816 554 796 177 197 698 280 657 743 459 236 705 286 473 576 177 317 260 873 456 492 621 507 101 214 824 249 496 488 902 391 726 868 719 280 633 349 481 130 481 442 879 305 332 116 855 195 769 954 206 408 395 811 662 90 847 541 819 875 821 121 140 170 820 721 197 854 597 414 461 165 278 455 234 516 283
867 250 357 166 570 702 381 461 741 21 371 469 228 471 445 435 944 423 712 719 485 559 531 503 360 886 422 1010 544 693 709 391 609 666 346 853 563 807 881 343 753 468 1010 958 674 926 864 131 500 282 1019 810 0 725 663 476 416 726 436 551 259 828 709 225 701 432 565 951 586 899 473 203 899 526 593 276 592 668 899 447 632 317 455 965 964 415 813 529 512 733 692 556 249 903 318 458 364 883 874 297 669 417 398 333 625 634 384 303 548 212 507 927 719 926 429 352 517 521 844 206 632 562 530 609 600 740 35 523 864 231 390 393 301 310 690 941 841 176 378 913 458 888 642 364 698 595 719 927 302 535
432 585 625 585 208 434 647 473 445 730 611 756 703 552 418 660 230 649 337 377 422 177 574 728 365 174 843 601 182 400 161 765 616 312 684 157 638 570 237 725 560 545 311 233 379 481 192 602 600 675 340 202 725 0 391 652 673 392 788 517 556 397 256 736 434 793 665 275 256 184 775 534 574 666 623 511 603 87 176 522 102 509 778 319 438 731 124 291 635 24 444 267 735 292 432 444 501 302 410 675 62 345 348 750 195 528 873 714 185 588 219 321 84 320 452 722 217 203 315 725 126 579 775 161 215 196 718 475 293 816 554 653 727 812 192 326 362 778 736 191 679 410 520 361 286 347 254 435 467 285
810 426 763 497 231 761 795 682 785 657 758 920 764 255 217 831 468 366 79 720 179 299 238 407 394 536 961 983 372 730 529 496 873 643 439 537 871 909 627 480 883 750 484 543 17 863 359 537 279 466 464 592 663 391 0 340 832 736 501 176 408 171 148 552 762 931 315 651 163 443 470 469 938 877 260 596 239 431 513 250 322 348 931 390 828 878 360 184 847 415 766 535 539 320 520 207 650 693 791 458 345 285 316 509 205 147 963 811 404 644 342 333 465 331 642 472 411 350 701 553 439 227 447 459 196 220 638 165 683 848 718 385 504 886 548 716 743 794 864 529 377 235 809 412 634 639 155 822 559 538
1000 241 728 347 443 895 760 725 928 460 732 878 661 99 239 810 790 52 418 875 229 492 104 77 426 821 872 1173 540 870 741 164 922 799 140 809 898 1038 883 168 997 775 819 851 357 1060 683 391 61 198 803 830 476 652 340 0 801 889 160 164 249 501 470 280 895 864 89 927 400 758 130 358 1097 883 131 564 139 652 809 131 555 229 877 730 1053 827 667 361 859 673 894 669 258 660 521 209 653 929 991 184 591 347 367 195 463 223 849 729 567 569 491 673 701 671 681 157 554 507 918 291 640 125 124 642 438 536 441 186 915 703 714 83 206 770 745 968 945 646 799 826 37 565 898 448 808 763 480 1034 547 660
585 564 73 461 635 404 40 203 437 437 73 88 194 751 649 25 899 756 844 451 691 582 812 853 438 777 179 682 521 414 567 773 219 442 705 734 162 453 713 719 396 142 984 868 835 633 860 423 799 646 1013 645 416 673 832 801 0 450 818 801 551 956 800 621 403 122 879 790 689 853 844 442 557 114 884 244 874 588 809 714 624 577 105 986 703 60 795 650 112 667 388 409 642 943 313 679 185 675 605 659 643 549 518 719 690 875 230 127 501 234 520 972 620 971 220 726 474 522 619 600 547 840 891 512 677 793 444 757 656 278 121 732 684 207 533 738 591 289 82 817 797 1001 298 420 484 367 807 657 275 389
142 721 444 660 505 54 447 278 52 741 425 505 584 802 658 427 561 865 703 16 685 438 846 963 471 403 626 292 368 36 231 945 287 93 861 360 334 178 300 893 171 312 649 495 728 200 572 649 856 823 693 249 726 392 736 889 450 0 982 804 694 782 629 848 55 565 936 372 573 524 987 613 208 383 911 450 894 318 446 763 418 677 536 695 254 507 507 573 359 372 71 220 858 681 423 693 369 238 156 831 407 543 522 908 533 846 681 552 337 520 410 708 309 708 300 895 340 397 178 830 298 862 1010 276 539 582 738 755 222 697 373 856 876 649 200 298 141 684 532 447 905 801 174 450 106 135 630 209 427 229
1103 268 748 359 580 980 779 782 1015 417 756 887 652 250 370 832 942 141 578 969 372 619 264 113 510 961 856 1272 656 958 860 45 970 896 121 945 938 1115 1012 99 1070 820 975 998 517 1164 837 395 222 173 961 954 436 788 501 160 818 982 0 324 291 661 626 212 979 860 219 1061 545 908 47 391 1185 914 277 601 290 777 953 270 688 305 879 889 1167 833 816 499 893 808 976 765 187 819 580 346 697 1050 1098 160 726 458 470 103 607 382 821 726 680 584 606 833 829 831 739 93 662 623 1033 230 759 284 109 756 581 690 401 342 1034 667 751 135 136 746 859 1094 1054 612 800 970 123 725 964 531 911 849 636 1144 596 753
900 300 728 393 317 819 761 687 848 540 728 886 695 88 157 805 633 193 255 789 121 376 62 231 377 679 903 1075 437 790 628 322 886 711 273 672 872 966 753 312 932 747 657 700 193 958 525 438 102 312 640 707 551 517 176 164 801 804 324 0 292 338 311 400 819 884 149 790 260 604 294 381 1012 867 109 557 90 532 663 103 427 240 890 567 938 838 515 237 839 540 820 587 383 496 495 123 632 808 887 301 460 273 301 341 322 83 892 754 468 585 393 509 577 507 643 303 463 407 805 404 528 62 273 538 301 380 521 49 796 760 699 216 341 813 638 841 839 704 817 680 200 403 842 399 712 688 320 925 529 583
820 29 478 102 364 690 511 492 726 250 483 629 415 218 194 561 750 204 464 682 229 379 279 303 227 730 626 986 396 669 595 251 684 612 169 706 656 824 758 199 778 535 804 785 420 882 657 148 256 129 804 694 259 556 408 249 551 694 291 292 0 577 475 179 689 615 331 817 359 709 305 108 895 637 347 318 342 525 732 189 455 61 627 742 893 577 618 302 614 572 685 482 180 675 289 201 411 785 818 136 494 211 209 214 411 375 608 481 414 319 347 697 578 696 449 201 391 365 760 169 499 310 344 489 384 519 231 264 768 469 470 182 183 529 588 834 776 413 550 748 246 639 673 245 630 560 486 866 307 467
829 595 891 661 321 818 921 785 834 822 883 1044 910 422 383 951 381 531 117 767 348 381 396 560 529 495 1098 996 453 785 556 661 965 695 608 510 972 961 608 648 944 857 368 473 157 875 281 699 439 637 335 593 828 397 171 501 956 782 661 338 577 0 160 723 818 1063 459 612 268 372 627 629 971 986 399 731 381 464 461 421 369 515 1058 259 823 1006 315 314 954 420 826 610 710 197 650 377 771 686 805 629 375 428 456 678 270 284 1106 950 481 788 439 197 481 196 750 640 498 440 709 724 487 379 595 515 279 201 804 334 681 1001 837 553 674 1032 583 695 758 949 997 475 538 64 886 543 676 710 156 826 691 618
686 499 737 545 165 661 766 626 680 707 728 888 767 375 285 794 322 486 81 613 263 221 374 541 383 389 947 857 292 629 408 615 804 539 547 393 812 806 486 589 787 698 349 395 133 736 214 578 410 561 337 458 709 256 148 470 800 629 626 311 475 160 0 641 662 910 457 505 124 295 601 506 823 826 405 582 384 312 365 359 211 415 904 270 693 852 212 180 795 280 669 449 632 201 500 293 615 557 665 556 222 294 318 618 111 295 960 802 320 644 281 222 336 220 591 583 338 281 571 637 331 368 584 357 124 72 690 284 549 865 680 500 606 888 432 575 617 815 845 381 504 200 726 395 523 550 10 691 540 458
980 151 554 188 542 836 583 615 873 205 565 684 446 312 355 637 928 229 618 837 381 559 361 289 396 910 646 1140 573 820 769 167 791 771 140 885 753 961 935 123 911 642 978 964 567 1041 832 209 322 88 976 869 225 736 552 280 621 848 212 400 179 723 641 0 836 653 369 995 532 887 250 235 1041 724 410 425 414 703 912 304 635 232 674 911 1060 630 795 476 705 751 830 645 25 842 426 350 523 957 980 100 674 391 388 109 586 480 610 521 590 392 526 863 756 861 575 134 564 543 930 20 675 391 310 663 559 691 190 391 940 455 568 198 80 535 760 1009 941 401 595 927 254 788 801 411 794 712 652 1030 431 628
182 715 403 648 530 1 403 244 39 718 383 454 546 811 669 379 612 868 734 66 699 462 858 967 471 456 576 308 390 34 276 941 232 123 858 413 280 147 355 888 126 268 701 549 756 233 618 633 865 817 744 303 701 434 762 895 403 55 979 819 689 818 662 836 0 515 946 427 598 574 987 602 205 330 925 426 908 356 498 772 450 677 485 743 299 459 553 593 308 416 15 232 848 725 409 705 339 294 202 825 444 552 529 901 562 865 633 509 358 492 428 753 353 753 272 891 357 416 234 817 331 876 1013 305 566 619 716 770 278 658 335 857 869 605 242 353 194 648 486 500 909 840 119 450 150 132 664 253 408 236
695 623 173 517 744 516 146 326 547 453 184 67 207 826 737 141 1020 816 949 568 780 695 888 909 537 900 62 778 637 529 690 814 306 563 755 857 247 545 834 762 490 263 1105 991 935 739 980 474 869 692 1133 767 432 793 931 864 122 565 860 884 615 1063 910 653 515 0 946 911 794 975 891 509 652 193 958 334 951 709 931 791 741 650 36 1104 815 62 914 752 208 788 500 531 676 1060 413 765 297 794 717 707 762 645 615 758 801 961 127 135 619 299 632 1088 742 1087 341 770 591 636 737 633 668 917 943 633 786 906 465 842 776 236 239 789 724 145 656 857 706 270 67 939 855 1110 403 521 605 488 917 768 372 511
