239
0 448 394 622 209 268 746 536 208 689 784 568 299 257 564 824 431 686 117 169 284 255 251 482 488 250 392 634 682 600 235 153 668 651 204 681 683 152 252 218 842 669 286 825 655 5 527 193 674 330 607 381 128 692 549 495 248 247 552 334 396 370 227 777 681 579 628 482 313 370 601 398 646 703 283 462 524 452 338 414 260 109 274 454 457 382 338 425 588 310 352 503 668 295 258 763 751 648 286 665 446 217 625 465 862 181 277 356 609 690 80 700 656 467 202 177 739 588 213 525 497 213 448 624 473 324 640 539 659 448 359 340 224 455 603 134 391 919 282 348 766 418 665 589 548 496 408 542 722 126 295 557 673 162 518 711 621 429 858 586 171 596 544 778 447 368 240 307 648 791 430 356 777 497 411 276 380 311 397 317 309 251 124 284 259 279 314 761 668 499 564 424 722 120 317 118 527 294 344 449 359 450 792 225 331 917 473 643 652 126 255 781 485 122 339 89 603 394 348 384 679 270 573 551 704 213 277 636 617 371 284 514 754 834 354 297 581 127 457
448 0 62 218 540 584 328 187 624 242 336 283 742 684 540 389 616 563 509 574 451 196 501 329 636 697 491 550 238 530 525 365 233 614 342 373 513 559 554 230 405 341 263 380 363 449 112 637 690 477 502 437 378 461 560 551 693 466 334 277 109 545 666 355 376 462 355 510 287 379 520 197 583 393 434 377 351 576 319 332 609 552 260 176 582 232 280 208 608 242 548 68 220 196 352 317 315 644 358 220 608 276 612 68 415 299 624 201 187 410 460 289 706 403 650 590 622 591 332 430 469 424 155 566 465 617 578 523 391 63 628 369 453 264 335 428 106 476 608 164 373 538 688 463 101 99 348 457 467 438 623 515 256 581 648 346 275 232 410 147 310 207 139 697 477 648 211 399 250 343 416 93 333 49 41 172 299 395 117 734 643 611 356 386 194 435 600 383 262 69 125 292 616 531 664 519 244 483 433 102 632 417 344 668 493 470 437 525 247 427 250 692 300 495 527 390 619 195 412 90 688 584 137 200 655 621 626 428 554 545 577 616 641 394 651 285 620 326 596
394 62 0 280 478 552 391 237 579 300 390 267 686 625 553 432 555 592 449 529 430 151 438 288 577 645 483 572 299 487 493 304 275 632 280 424 547 514 522 182 449 394 245 439 411 396 138 586 642 461 463 432 318 503 569 497 637 403 368 218 59 529 609 418 371 424 341 457 276 322 541 148 603 445 414 329 378 569 260 340 547 501 239 145 524 239 275 165 617 230 486 130 277 133 331 368 377 658 296 271 597 243 565 76 468 238 588 200 249 401 401 319 656 415 596 530 652 542 270 449 479 362 124 523 414 588 536 474 378 107 603 361 390 224 378 388 53 524 545 158 397 480 639 426 156 154 295 476 513 397 560 530 287 522 591 405 329 251 467 210 249 266 199 723 422 622 154 385 273 398 420 61 393 108 53 118 303 381 131 690 580 549 297 368 136 414 572 401 324 131 169 305 644 472 630 460 285 421 422 140 607 365 401 611 476 523 386 490 273 386 223 719 325 451 509 332 570 206 403 31 641 522 200 252 675 561 590 403 574 529 547 560 670 440 623 271 569 270 537
622 218 280 0 746 688 123 100 766 160 249 446 922 874 494 357 835 456 703 715 529 372 714 530 854 861 523 468 126 727 630 569 254 545 554 193 389 703 657 409 366 154 365 238 198 622 254 797 894 537 694 468 578 311 528 766 870 681 242 495 327 596 849 155 505 655 507 724 364 597 448 411 505 206 512 585 285 597 537 340 816 715 370 376 800 279 343 417 569 337 766 151 164 412 446 253 147 585 576 205 639 414 815 263 318 502 734 282 44 548 652 337 915 383 821 782 508 797 545 379 442 637 356 763 677 704 773 730 538 183 703 420 666 467 201 564 324 400 818 277 423 757 893 653 171 131 562 402 301 576 833 467 308 771 865 134 98 242 287 98 512 31 82 590 692 725 407 466 333 245 419 282 191 185 235 369 332 459 224 868 853 816 553 463 394 514 688 449 46 148 211 296 508 722 769 712 162 701 482 173 709 629 231 847 554 367 647 712 323 566 378 582 257 636 589 582 826 248 459 309 892 795 95 91 571 816 737 596 484 596 672 832 526 344 735 373 830 515 814
209 540 478 746 0 460 865 676 350 774 856 553 273 187 770 868 236 885 96 335 493 382 82 431 297 304 601 836 776 479 438 177 723 858 199 842 875 321 450 348 887 824 464 915 820 214 585 285 509 539 499 588 170 873 757 339 246 110 729 315 453 579 204 894 653 482 594 343 498 286 802 411 850 865 491 384 708 661 293 605 69 245 450 472 280 552 521 430 797 482 168 605 750 346 458 830 855 856 226 735 653 392 476 531 930 244 456 517 723 648 131 731 480 665 248 110 940 437 210 722 700 126 477 493 354 517 509 406 617 563 555 540 105 433 771 344 451 972 77 495 778 253 498 494 632 615 341 741 899 335 92 761 710 119 330 855 768 596 938 687 234 726 664 984 318 561 340 512 677 867 632 464 870 586 514 377 566 515 532 432 110 72 198 488 352 488 510 763 792 604 632 605 924 110 490 102 686 141 551 577 553 351 873 219 541 984 367 535 684 336 424 985 663 321 548 180 445 553 553 455 515 61 677 691 911 117 454 570 821 579 481 337 956 885 542 481 418 243 275
268 584 552 688 460 0 805 588 153 802 904 784 390 411 412 972 693 561 365 134 164 403 516 724 752 285 233 499 784 863 59 412 818 484 461 669 587 144 30 380 988 672 330 920 639 263 689 235 943 179 865 263 389 631 381 763 346 515 523 575 579 165 362 838 898 834 852 750 323 630 472 613 495 689 179 715 478 245 589 371 492 221 328 657 725 408 344 642 404 356 617 617 787 503 242 891 833 464 546 799 217 309 893 628 982 415 48 410 691 915 345 870 924 380 290 383 600 856 468 431 372 481 645 888 738 56 905 805 886 556 95 277 493 684 586 173 571 1053 522 431 949 687 934 843 680 588 660 436 669 169 532 418 838 366 784 732 647 448 964 690 409 657 627 614 714 100 425 228 825 906 330 495 871 628 543 447 362 234 488 206 540 479 376 225 444 176 50 952 726 610 710 406 580 351 81 358 544 562 229 537 92 710 900 345 165 1036 734 901 825 178 334 620 465 146 143 350 871 440 250 556 948 517 674 599 535 411 52 877 473 166 29 782 610 975 85 316 850 353 723
746 328 391 123 865 805 0 218 888 161 203 510 1045 996 573 324 939 506 824 838 644 494 829 613 955 985 629 531 130 802 749 688 277 610 670 219 432 826 775 531 326 185 486 150 239 746 333 920 974 648 766 575 698 344 611 859 993 794 325 600 431 705 972 32 546 729 561 816 483 697 517 509 568 219 628 673 372 696 640 447 934 839 493 465 900 398 461 509 647 459 874 260 182 524 565 223 69 654 685 226 741 538 894 359 249 620 852 404 141 591 773 354 1000 478 945 904 549 881 660 464 532 752 447 838 768 819 847 815 587 302 815 533 781 554 267 687 430 334 934 400 428 858 974 725 255 252 657 482 319 699 950 546 333 894 963 122 169 357 204 184 631 151 202 631 786 837 527 580 368 191 520 401 118 287 351 488 445 574 348 990 970 935 673 580 513 630 803 460 79 260 281 405 554 844 886 833 265 811 593 296 821 720 170 971 665 287 736 779 357 689 501 621 357 759 700 704 910 369 569 417 970 911 191 207 627 937 855 655 552 704 788 928 565 302 849 493 917 637 915
536 187 237 100 676 588 218 0 670 243 340 457 834 791 412 438 786 398 624 620 429 294 652 516 813 769 425 398 214 717 530 499 313 471 491 186 339 608 558 330 449 157 268 337 176 536 265 705 877 437 688 370 505 277 442 735 782 620 169 454 294 497 764 251 534 649 525 694 264 559 374 383 434 207 412 564 203 501 496 242 745 624 275 362 760 179 243 395 485 240 713 136 238 359 346 338 247 509 526 271 542 323 799 249 413 432 634 186 115 574 572 393 892 291 731 702 454 778 483 296 353 574 341 753 651 604 765 710 559 130 603 320 603 451 152 469 289 493 750 188 482 715 875 649 191 88 533 320 280 481 765 384 360 690 827 179 94 141 385 143 442 69 72 533 660 625 336 365 375 338 323 219 289 176 185 301 232 359 143 771 784 744 478 363 327 414 588 503 139 128 238 197 451 641 669 632 76 645 383 102 609 602 326 761 454 463 623 711 367 471 285 527 166 541 489 504 806 150 359 269 876 728 130 15 503 736 637 606 410 497 572 797 473 430 635 274 806 437 772
208 624 579 766 350 153 888 670 0 859 958 775 237 264 559 1011 586 704 262 50 286 429 420 690 648 133 376 643 846 799 175 360 854 635 411 779 723 64 163 397 1028 776 401 987 750 203 716 84 855 315 809 395 335 757 530 679 194 429 636 542 591 316 214 921 888 783 835 674 410 573 615 603 643 800 296 668 596 398 546 483 367 110 395 656 629 494 434 630 556 429 517 669 840 497 330 940 906 616 491 844 370 354 814 654 1037 387 123 483 761 897 262 894 829 508 141 255 746 776 421 563 511 406 649 820 671 199 836 734 867 610 239 390 409 663 697 201 585 1100 400 492 965 596 845 793 724 651 614 572 793 189 407 562 865 239 681 831 742 539 1026 749 378 736 696 765 642 236 431 342 844 963 460 531 938 672 584 462 464 348 548 111 412 352 332 330 451 292 200 962 808 664 747 510 727 241 146 252 640 474 358 600 235 652 960 196 306 1092 674 846 847 200 389 771 573 130 291 297 788 519 374 575 861 400 734 682 686 276 120 844 619 316 182 686 758 1018 213 397 762 329 624
689 242 300 160 774 802 161 243 859 0 101 355 985 925 652 197 817 616 750 809 653 435 727 469 825 938 664 628 36 651 743 603 115 705 575 343 548 794 772 471 207 305 472 140 354 691 199 877 824 668 612 608 618 467 684 722 935 691 401 482 322 732 909 170 384 577 401 677 482 571 608 385 666 352 636 533 442 742 520 483 843 792 474 332 770 404 466 379 726 446 758 189 26 427 561 95 105 745 573 65 782 505 744 244 179 538 846 393 128 430 701 194 853 534 892 830 667 734 564 536 596 654 318 686 629 827 694 670 427 249 831 552 681 415 361 659 323 253 838 372 272 731 825 572 143 214 525 559 452 670 853 624 171 822 830 261 257 376 168 112 549 186 181 749 651 852 453 593 207 103 565 333 98 192 278 415 466 587 314 967 873 846 597 586 435 637 810 302 161 195 146 437 668 772 884 760 316 700 616 265 836 582 102 910 685 234 596 623 196 659 473 741 409 729 721 632 763 367 593 319 820 814 128 240 731 861 848 497 644 732 790 792 684 186 859 487 773 569 786
784 336 390 249 856 904 203 340 958 101 0 388 1076 1014 744 120 879 697 838 907 754 532 804 517 881 1034 764 714 126 682 844 689 143 792 657 415 626 893 873 567 123 378 573 90 430 785 272 973 855 769 641 708 706 541 777 771 1028 767 492 554 404 832 1000 195 388 608 419 727 584 634 696 454 752 419 737 583 535 841 589 582 924 888 575 396 827 505 568 444 819 547 826 288 117 512 662 33 134 834 647 121 881 605 777 326 79 626 947 495 225 433 791 188 889 630 986 919 745 772 646 629 691 733 386 715 678 928 721 712 437 349 932 653 760 470 446 759 407 152 917 473 241 791 858 602 235 315 583 651 520 769 931 716 183 911 882 323 340 477 84 214 637 279 281 827 705 954 545 694 226 16 663 429 87 287 374 508 566 688 415 1066 951 929 686 687 527 739 912 276 237 295 224 536 747 862 985 849 410 773 717 366 938 634 39 1002 786 134 644 646 214 759 573 818 505 828 822 722 800 469 694 405 851 893 229 336 815 948 949 515 732 832 892 843 761 99 961 588 814 661 843
568 283 267 446 553 784 510 457 775 355 388 0 814 735 820 348 511 846 572 731 685 389 482 138 502 806 748 833 380 296 729 427 249 896 378 632 793 713 756 405 366 595 508 473 629 572 194 757 469 720 257 698 451 735 836 387 775 447 615 243 218 788 738 524 113 221 73 343 542 280 803 172 865 649 670 204 634 834 260 608 612 677 499 129 450 506 542 144 885 495 474 321 331 281 587 355 461 924 327 291 858 489 390 214 442 387 814 468 403 134 538 210 501 681 750 644 905 383 367 712 746 429 146 330 295 828 338 323 110 346 849 627 448 121 609 612 226 455 595 426 230 420 471 216 275 370 222 739 735 617 607 795 206 643 500 579 531 513 471 348 397 451 391 980 326 867 359 646 163 404 688 327 446 280 309 341 571 643 394 885 626 621 445 627 341 670 813 210 477 329 235 571 899 599 856 584 524 435 685 385 852 256 421 747 734 486 262 269 174 608 478 975 583 661 765 483 412 472 668 247 465 571 351 467 937 664 815 150 837 788 785 460 923 373 863 534 425 446 468
299 742 686 922 273 390 1045 834 237 985 1076 814 0 88 791 1106 469 931 244 265 508 553 355 699 531 107 607 872 979 750 406 395 953 869 438 971 943 266 399 516 1125 962 576 1122 944 299 812 157 757 544 772 619 375 968 764 601 52 383 835 571 678 552 77 1076 919 756 861 612 597 558 842 657 875 993 515 657 801 634 557 687 241 216 566 718 531 674 622 680 792 602 425 800 963 570 527 1053 1050 852 490 956 608 513 737 752 1154 452 357 651 908 917 286 975 719 725 109 171 977 699 450 782 737 387 718 761 626 435 776 675 886 747 475 600 373 694 891 385 673 1205 274 646 1032 514 745 768 842 795 611 794 1001 372 272 791 951 172 565 1008 918 721 1153 884 441 896 844 1000 589 469 531 556 921 1084 680 653 1074 792 708 569 660 561 697 244 265 226 390 538 549 511 437 1020 967 797 853 705 958 218 371 232 821 414 580 748 470 624 1086 74 536 1209 641 807 927 380 550 1005 769 319 525 354 702 690 593 671 765 288 871 849 921 156 354 842 849 552 419 583 989 1119 444 581 671 416 521
257 684 625 874 187 411 996 791 264 925 1014 735 88 0 791 1037 382 925 175 277 505 501 268 617 444 158 609 869 922 661 414 325 886 874 364 938 930 272 413 465 1055 926 543 1064 913 259 745 180 669 545 684 613 307 946 769 512 82 297 809 493 611 563 50 1027 838 669 779 523 569 473 837 583 875 961 509 572 778 648 476 666 152 204 531 645 443 640 594 605 801 568 336 745 902 503 506 989 996 862 409 892 627 475 648 687 1090 387 387 613 856 834 223 904 632 712 124 95 974 610 376 770 732 306 646 672 538 462 687 586 804 694 503 584 290 614 861 367 608 1138 185 603 956 425 657 681 782 744 528 784 977 354 184 789 880 102 478 968 878 687 1092 828 376 849 793 1004 501 501 473 545 849 1023 670 598 1017 733 651 512 635 549 650 303 179 137 327 524 490 505 461 943 919 742 789 679 956 153 409 164 785 326 574 700 499 538 1026 69 540 1144 553 719 855 360 512 1008 742 311 535 294 613 652 584 608 677 199 816 806 926 71 384 757 848 564 439 495 988 1051 477 552 583 359 433
564 540 553 494 770 412 573 412 559 652 744 820 791 791 0 849 967 152 682 525 286 478 792 829 1014 691 183 88 620 1018 385 637 723 88 663 368 198 525 396 488 859 392 345 720 341 560 648 633 1149 247 1002 182 626 272 42 978 742 774 252 710 609 248 746 601 916 964 893 948 304 806 71 688 84 378 284 854 209 182 745 213 825 587 359 698 971 314 293 711 74 344 885 524 650 604 315 747 628 104 738 683 227 405 1081 608 810 595 457 355 523 950 639 801 1148 138 683 734 187 1050 663 115 77 727 678 1052 917 387 1067 986 929 480 359 235 751 769 305 432 601 894 846 398 890 925 1144 968 591 474 806 92 313 443 859 27 767 717 1039 460 408 308 773 555 597 466 482 214 910 377 531 257 776 739 146 497 678 558 510 522 254 254 425 615 873 816 599 282 539 287 377 908 512 515 637 249 168 682 468 682 337 816 220 442 366 874 723 733 254 855 899 1033 770 439 388 217 248 480 269 599 1074 347 216 578 1151 832 541 412 141 768 461 956 60 247 383 1022 198 838 399 319 1063 554 976
824 389 432 357 868 972 324 438 1011 197 120 348 1106 1037 849 0 858 811 863 961 831 582 807 486 851 1075 853 825 231 626 913 712 156 902 673 532 741 946 942 614 18 495 645 198 546 826 296 1017 796 851 582 797 731 658 880 735 1060 770 599 554 429 917 1029 315 314 554 358 691 662 619 805 457 863 537 814 552 639 933 584 674 933 932 645 395 799 589 649 440 923 621 815 358 199 535 735 104 254 942 647 175 971 666 721 358 114 654 1013 571 325 356 820 140 835 729 1024 942 860 721 661 733 792 742 391 656 643 1002 660 667 368 419 1010 737 766 452 557 817 433 107 921 544 146 767 800 546 293 396 564 757 638 827 935 821 157 937 848 442 452 566 162 299 665 384 372 942 675 1031 584 774 194 133 758 481 207 343 430 549 654 769 488 1121 955 939 716 764 564 816 986 182 351 366 264 629 863 888 1053 875 512 768 802 444 1015 604 157 1033 868 143 610 582 185 816 638 934 604 882 903 753 749 551 779 439 790 897 314 437 928 969 1015 450 841 917 963 807 877 31 1036 664 767 697 816
431 616 555 835 236 693 939 786 586 817 879 511 469 382 967 858 0 1065 329 570 706 519 180 372 63 527 811 1023 829 316 666 329 736 1055 310 969 1043 556 680 494 876 943 633 953 951 436 617 518 287 753 351 788 341 1024 960 154 459 193 879 340 509 799 417 964 581 352 522 185 672 245 988 433 1042 991 701 306 868 879 299 779 232 481 619 485 73 706 691 437 1003 645 82 683 791 427 652 848 913 1060 260 763 876 565 276 581 943 379 691 664 801 560 350 718 250 847 475 337 1122 241 314 901 893 239 498 315 225 750 327 240 533 659 787 731 216 409 909 561 511 965 197 632 738 90 275 364 686 709 296 924 1043 554 197 954 706 350 96 960 881 743 963 755 375 822 754 1175 187 794 465 713 666 892 822 568 915 653 604 493 737 715 651 663 204 248 367 688 468 698 742 714 878 686 670 768 1109 346 726 337 817 151 755 684 786 255 904 436 757 991 255 380 675 552 590 1176 818 550 769 371 238 695 753 525 295 190 749 802 1108 328 690 463 1011 800 713 114 1140 881 776 656 205 413 57
686 563 592 456 885 561 506 398 704 616 697 846 931 925 152 811 1065 0 802 667 423 553 896 879 1107 835 328 63 581 1076 529 737 706 123 755 287 74 665 542 572 818 321 431 656 267 682 659 775 1220 389 1055 313 729 165 191 1057 881 874 231 778 651 399 882 529 931 1015 917 1023 392 880 89 737 85 289 417 914 213 334 816 286 944 722 446 735 1060 368 373 757 197 421 983 529 621 671 428 707 569 171 821 660 379 500 1147 631 753 685 607 412 494 969 756 788 1225 220 823 861 60 1120 752 163 194 826 714 1111 987 538 1125 1053 952 500 511 346 852 816 255 559 644 839 962 452 876 1014 1216 1018 589 478 871 143 199 571 977 143 757 844 1129 384 359 343 710 537 689 434 471 135 985 529 608 381 773 689 256 544 621 568 542 590 327 377 461 765 992 937 701 403 611 421 528 900 460 520 636 301 53 806 620 804 325 913 352 460 518 941 670 870 398 793 965 1082 766 566 474 129 267 615 417 707 1145 391 341 621 1221 946 526 392 122 896 611 991 93 398 533 1107 78 795 552 409 1138 654 1067
117 509 449 703 96 365 824 624 262 750 838 572 244 175 682 863 329 802 0 241 401 331 157 463 390 241 509 751 747 544 342 151 712 769 194 781 797 227 353 294 882 765 392 889 757 121 570 207 593 447 559 499 132 801 667 418 202 168 659 328 436 484 166 855 679 537 621 414 422 329 717 413 763 804 400 428 634 566 318 527 142 153 378 474 367 485 447 436 705 413 256 571 727 328 374 814 822 765 253 717 557 320 553 512 915 212 362 453 684 680 51 731 568 582 183 80 855 515 206 640 614 154 473 563 416 421 579 475 649 522 459 456 151 452 706 251 432 963 165 438 787 334 583 548 606 572 378 658 829 242 178 674 707 73 422 803 714 530 917 654 200 680 622 896 384 465 299 425 677 847 547 424 842 557 477 337 491 428 481 353 191 134 152 401 315 396 414 776 749 568 614 532 839 27 397 12 625 212 461 530 457 403 851 174 447 969 423 595 683 243 355 898 592 225 453 120 526 491 465 432 599 155 642 639 822 113 360 611 734 484 385 424 871 877 447 405 500 187 363
169 574 529 715 335 134 838 620 50 809 907 731 265 277 525 961 570 667 241 0 245 379 398 650 631 168 341 607 795 768 140 322 804 604 374 732 683 17 136 348 978 728 351 937 703 164 667 108 832 278 776 355 297 714 499 654 217 403 590 501 543 288 228 870 844 748 793 646 361 539 578 559 609 753 254 631 551 372 508 437 361 90 345 610 608 445 385 586 528 379 498 619 790 451 282 890 855 588 456 794 349 304 788 605 986 344 121 433 711 855 233 846 809 466 160 250 711 750 383 522 473 376 602 790 640 188 806 704 825 559 228 345 382 620 649 151 537 1050 392 441 918 573 822 758 674 600 577 532 749 139 401 526 816 233 664 782 693 490 976 699 335 686 645 734 612 230 383 298 796 912 419 481 888 622 534 414 416 304 498 160 408 347 292 284 403 250 185 915 758 613 697 463 693 224 155 233 591 449 317 550 225 618 910 212 271 1042 641 812 799 150 339 739 526 79 260 259 763 469 332 526 838 388 684 633 655 276 119 804 584 288 161 665 724 968 209 348 739 285 605
284 451 430 529 493 164 644 429 286 653 754 685 508 505 286 831 706 423 401 245 0 296 526 650 759 413 108 365 631 815 114 386 680 370 423 505 437 242 136 285 846 508 188 764 475 279 562 352 922 46 809 110 369 472 267 743 458 514 359 508 469 105 460 677 796 774 756 721 170 586 334 522 370 525 17 656 315 174 533 206 543 301 191 555 721 250 187 549 304 210 625 473 640 417 99 744 676 364 507 656 182 196 861 504 831 362 213 260 536 819 363 740 912 222 399 448 470 827 426 277 229 471 540 845 699 175 861 768 792 413 178 113 491 600 422 149 461 905 567 288 824 678 914 781 539 439 602 286 509 159 580 284 707 431 787 568 484 287 810 540 359 498 474 500 683 199 334 64 699 755 174 369 716 491 410 344 199 70 343 365 592 533 345 67 350 15 159 831 566 465 575 242 451 399 243 400 381 560 71 389 183 662 747 448 53 885 687 843 698 157 207 504 300 193 79 335 847 285 89 442 925 555 524 438 424 482 216 797 343 105 144 776 483 831 207 167 830 307 724
255 196 151 372 382 403 494 294 429 435 532 389 553 501 478 582 519 553 331 379 296 0 366 360 556 503 368 518 427 542 345 207 425 564 209 462 525 364 374 36 599 441 134 570 440 256 289 441 672 333 529 324 211 506 483 504 502 337 360 232 176 400 479 525 501 491 460 472 173 329 484 227 543 484 281 378 350 452 267 270 451 356 121 259 508 187 185 254 531 134 440 248 415 128 200 513 497 580 268 416 473 99 602 227 611 143 438 145 355 523 279 470 674 345 457 410 612 572 204 393 401 289 245 574 439 443 590 507 496 193 461 254 318 307 394 237 168 671 457 115 546 461 667 497 297 242 328 418 527 246 473 459 439 399 577 474 386 224 604 331 151 348 292 673 434 479 55 262 422 538 333 103 522 244 157 48 228 260 150 539 491 449 184 240 61 281 427 548 418 244 318 252 600 349 480 339 305 369 304 198 464 396 538 478 346 666 421 561 423 235 94 671 299 300 376 210 596 177 290 152 674 436 318 309 613 444 440 503 512 400 400 554 630 588 477 161 587 143 516
251 501 438 714 82 516 829 652 420 727 804 482 355 268 792 807 180 896 157 398 526 366 0 354 237 384 632 852 732 397 486 161 666 880 161 827 880 383 502 336 826 805 467 867 806 256 532 361 435 573 417 612 166 869 783 261 328 36 723 252 404 619 286 856 578 400 518 262 504 208 817 351 869 849 522 305 707 698 224 611 130 310 452 412 210 547 525 366 825 481 101 568 702 304 476 776 813 883 159 682 695 396 398 482 875 222 517 508 687 570 171 668 410 677 327 192 953 359 169 732 719 77 418 412 271 572 427 325 540 532 609 557 48 362 760 380 404 912 114 481 710 176 425 412 586 583 264 754 892 374 128 780 649 199 268 831 746 588 886 647 214 697 632 1003 235 617 316 536 613 815 649 434 824 545 479 350 571 538 510 508 148 140 195 511 324 518 564 693 760 568 582 606 938 179 554 167 671 59 577 550 608 269 823 301 577 927 285 453 621 372 424 1003 660 371 588 193 369 543 576 412 441 90 638 667 933 199 516 489 838 620 534 267 970 825 600 487 343 242 207
482 329 288 530 431 724 613 516 690 469 517 138 699 617 829 486 372 879 463 650 650 360 354 0 366 703 728 856 489 200 673 331 374 912 279 701 835 633 698 364 504 667 493 597 692 486 280 661 364 691 175 685 356 789 839 254 664 321 656 149 228 755 624 631 223 136 163 210 531 147 824 142 886 720 637 66 666 813 146 616 484 585 481 154 313 517 538 122 887 487 337 386 443 233 559 484 573 933 209 409 830 455 285 269 576 309 746 475 489 217 437 346 387 691 646 529 939 268 269 731 753 312 175 236 161 773 249 202 187 389 799 614 326 64 663 551 235 593 465 432 367 281 363 139 361 427 89 758 796 554 476 808 338 530 365 664 602 536 600 435 316 527 461 1009 189 814 316 622 296 532 688 335 565 346 340 313 575 620 418 797 494 495 358 600 301 636 759 345 567 391 331 586 931 491 789 476 571 304 665 426 800 118 546 636 702 621 127 203 306 546 455 1006 612 588 729 393 297 490 651 258 362 442 434 529 958 546 747 154 856 755 729 326 958 510 807 520 304 371 330
488 636 577 854 297 752 955 813 648 825 881 502 531 444 1014 851 63 1107 390 631 759 556 237 366 0 590 862 1067 839 276 723 377 738 1102 352 997 1082 617 739 534 869 970 676 958 981 493 627 581 226 806 316 838 390 1059 1009 121 522 244 914 359 527 854 480 977 563 323 505 161 716 257 1033 446 1088 1019 753 299 906 932 317 821 295 542 661 493 54 744 734 446 1053 685 135 703 799 455 700 849 924 1109 290 768 931 610 224 595 942 421 752 701 819 537 408 712 187 891 538 400 1165 191 354 944 939 288 508 270 208 809 280 205 512 683 846 778 267 411 941 615 530 958 260 667 725 97 214 335 700 732 300 967 1076 609 260 1000 704 413 33 983 906 779 965 771 418 843 776 1220 176 853 501 763 662 895 868 596 922 670 628 526 779 764 681 726 266 311 416 737 502 750 800 699 897 706 680 808 1152 407 787 398 847 199 805 711 845 247 908 499 810 987 241 342 672 607 632 1220 855 608 823 423 183 731 802 547 235 253 765 828 1154 391 750 437 1057 855 771 60 1182 876 836 700 150 460 40
250 697 645 861 304 285 985 769 133 938 1034 806 107 158 691 1075 527 835 241 168 413 503 384 703 590 0 508 775 929 781 306 378 919 768 428 893 851 172 296 467 1092 887 504 1072 865 248 778 64 810 446 798 524 355 881 663 643 76 404 754 563 646 449 112 1017 915 777 859 646 519 570 746 640 775 915 422 669 716 531 557 602 295 146 495 698 581 600 544 665 689 531 470 750 918 543 444 1013 996 749 494 916 502 446 780 716 1112 425 251 583 852 919 267 950 777 634 57 193 878 741 439 690 641 395 695 797 653 329 812 709 888 693 368 512 389 687 812 305 641 1170 330 584 1013 556 799 788 799 739 619 700 915 291 332 693 922 184 624 938 848 647 1107 833 414 834 786 898 619 362 491 466 897 1041 587 605 1024 747 660 527 579 471 638 145 331 279 363 450 510 418 331 1005 905 746 815 625 859 214 264 228 748 443 485 690 363 644 1041 92 437 1168 663 834 901 301 483 904 688 234 424 325 749 621 500 635 817 337 819 783 819 199 247 853 751 449 314 636 890 1085 337 505 720 377 573
392 491 483 523 601 233 629 425 376 664 764 748 607 609 183 853 811 328 509 341 108 368 632 728 862 508 0 267 638 903 202 487 709 264 521 460 354 341 214 366 866 471 239 761 430 388 604 450 1018 64 894 55 471 404 160 841 558 618 316 593 530 80 563 660 855 858 821 816 207 678 239 594 267 477 110 741 267 85 622 183 651 405 249 619 823 264 211 620 196 253 729 499 655 495 171 759 670 256 602 678 118 275 955 551 838 456 280 290 539 882 470 776 1011 159 500 556 370 921 523 202 139 574 601 935 791 217 950 861 857 442 199 121 595 674 380 257 521 917 675 328 863 779 1011 864 568 457 689 204 443 267 688 185 743 538 890 536 461 287 811 554 455 492 483 395 778 220 414 106 741 763 111 422 714 524 453 416 199 108 375 439 701 641 447 130 427 113 205 874 554 490 608 228 351 507 298 508 364 663 63 411 206 753 752 550 70 889 778 927 738 265 273 399 271 299 90 440 943 303 79 500 1021 663 538 432 317 589 284 870 242 80 205 877 382 848 238 213 928 405 827
634 550 572 468 836 499 531 398 643 628 714 833 872 869 88 825 1023 63 751 607 365 518 852 856 1067 775 267 0 594 1051 469 694 710 79 715 315 118 606 481 534 833 345 391 680 292 630 651 716 1190 329 1032 256 685 204 128 1023 823 831 229 748 630 336 825 556 923 992 905 991 351 847 34 714 37 322 360 887 199 270 784 248 894 665 405 717 1022 339 334 735 138 384 941 523 630 640 378 721 591 125 784 666 316 457 1118 618 775 646 544 383 502 959 706 791 1192 175 764 807 105 1090 713 125 137 783 696 1085 956 475 1100 1024 941 487 447 296 809 794 268 505 623 860 913 424 880 976 1185 996 586 472 842 100 242 517 927 81 758 791 1090 412 374 321 734 541 649 442 471 154 952 465 573 327 772 707 204 521 642 560 525 558 290 323 441 702 942 886 657 350 578 364 465 901 478 514 633 271 87 754 557 752 322 871 295 448 454 912 690 813 337 817 936 1060 765 512 435 153 249 558 355 661 1114 366 286 599 1191 898 528 394 105 842 548 975 30 335 470 1071 119 811 488 367 1106 610 1028
682 238 299 126 776 784 130 214 846 36 126 380 979 922 620 231 829 581 747 795 631 427 732 489 839 929 638 594 0 675 725 603 148 671 577 307 512 782 753 463 239 269 454 143 318 683 212 867 847 644 637 582 616 431 652 739 929 696 368 491 327 707 904 143 416 601 430 695 462 584 574 396 632 316 614 551 410 714 530 456 845 783 457 346 785 381 444 393 694 427 768 179 51 430 541 127 84 712 581 96 755 491 767 250 200 537 828 373 98 461 698 228 874 504 885 828 632 755 567 505 566 658 331 710 647 806 718 691 457 236 809 528 685 432 327 645 328 279 842 356 308 745 848 597 145 196 540 527 415 656 857 592 204 819 846 225 222 351 180 96 548 154 157 713 667 830 448 570 238 124 537 325 95 190 271 410 441 564 298 953 877 848 594 564 432 616 790 338 125 183 159 410 633 769 865 757 285 708 592 247 814 599 116 904 662 253 614 649 227 645 457 705 379 715 697 628 784 345 569 320 843 818 111 210 697 859 830 524 610 707 771 809 649 218 838 467 793 564 800
600 530 487 727 479 863 802 717 799 651 682 296 750 661 1018 626 316 1076 544 768 815 542 397 200 276 781 903 1051 675 0 819 450 545 1103 402 901 1034 751 841 537 643 867 676 768 893 606 473 752 173 859 44 864 474 990 1025 161 726 377 856 310 428 920 683 818 315 74 267 139 715 233 1018 339 1079 920 804 164 863 985 282 807 510 689 663 354 242 711 725 322 1073 674 328 585 626 414 732 649 756 1121 316 587 997 628 95 469 730 455 877 668 685 280 536 497 209 882 724 589 1136 99 396 925 941 393 375 36 128 916 48 76 261 590 947 795 393 265 864 697 434 729 481 626 486 241 175 80 556 628 214 951 997 697 487 998 499 596 258 861 802 733 763 631 459 726 661 1204 161 960 491 797 456 698 874 531 742 546 540 496 765 796 616 897 501 525 487 773 480 802 904 455 762 592 522 779 1127 570 918 556 772 338 840 627 947 153 716 699 869 768 129 65 468 690 635 1201 810 719 892 514 124 685 829 457 169 463 631 729 1150 595 877 179 1048 920 874 218 1155 654 948 703 148 515 259
235 525 493 630 438 59 749 530 175 743 844 729 406 414 385 913 666 529 342 140 114 345 486 673 723 306 202 469 725 819 0 370 758 463 417 618 549 142 28 324 929 620 271 862 589 230 630 248 906 140 819 221 349 587 358 726 358 482 473 525 522 149 366 781 842 787 797 710 266 586 440 559 469 638 127 668 430 234 542 320 477 213 269 601 693 351 287 587 388 297 588 557 728 449 184 832 775 448 503 740 217 250 853 569 923 367 103 351 633 861 315 811 890 336 300 373 572 816 423 390 336 445 589 846 695 99 862 763 832 496 127 226 459 631 535 122 514 993 505 371 891 653 898 796 620 529 613 397 624 121 516 387 779 355 754 678 592 392 905 631 361 599 569 594 674 141 369 176 766 847 287 436 813 569 484 390 308 182 429 250 526 465 332 170 388 124 85 894 669 550 651 352 553 333 140 338 489 529 185 478 128 665 841 351 131 977 690 855 766 128 275 599 413 117 121 310 834 382 203 498 911 497 615 542 515 403 106 825 444 150 56 749 584 915 134 258 813 305 692
153 365 304 569 177 412 688 499 360 603 689 427 395 325 637 712 329 737 151 322 386 207 161 331 377 378 487 694 603 450 370 0 561 726 51 669 719 305 391 176 730 649 306 743 648 158 420 331 538 432 455 461 25 709 632 358 351 137 563 185 286 486 317 717 537 426 482 340 344 218 659 263 713 692 378 309 546 560 186 451 246 254 291 323 336 386 365 287 676 320 247 430 579 178 323 664 680 732 134 568 563 237 482 363 765 67 427 348 546 542 111 580 526 518 323 230 794 446 62 573 563 89 322 476 325 466 492 393 512 386 498 402 115 309 601 251 283 813 250 322 638 292 530 436 460 438 255 595 732 249 265 624 556 224 403 679 592 428 769 512 57 549 487 846 303 510 163 386 526 699 493 287 698 413 337 200 410 387 356 466 284 247 40 360 175 376 454 628 615 428 465 445 780 176 468 163 513 178 428 400 498 298 703 323 438 819 322 491 532 244 263 846 499 268 456 63 464 383 425 284 542 228 501 515 778 258 427 484 682 486 424 390 811 726 498 328 446 83 340
668 233 275 254 723 818 277 313 854 115 143 249 953 886 723 156 736 706 712 804 680 425 666 374 738 919 709 710 148 545 758 561 0 785 525 446 641 789 787 457 173 407 493 224 452 670 141 861 718 702 505 653 579 566 751 629 906 630 481 414 275 769 876 284 269 471 289 584 512 491 687 315 747 457 663 440 516 791 448 535 789 775 491 256 684 444 501 302 796 470 685 209 96 383 583 111 218 821 508 51 827 510 640 202 209 501 857 422 213 314 667 83 750 596 869 791 760 632 513 608 661 598 247 579 535 849 586 571 312 268 858 590 623 327 451 661 279 251 780 391 170 647 720 465 141 253 440 632 554 670 794 696 56 785 739 371 352 427 227 169 512 273 241 841 561 879 428 625 93 157 620 324 197 189 274 393 510 620 337 965 814 795 562 614 408 664 832 195 267 218 107 490 759 736 897 723 389 633 655 297 863 491 172 880 719 261 502 513 81 659 483 833 475 726 754 599 661 405 633 283 714 756 182 315 816 819 859 384 723 769 809 700 778 165 883 513 674 542 700
651 614 632 545 858 484 610 471 635 705 792 896 869 874 88 902 1055 123 769 604 370 564 880 912 1102 768 264 79 671 1103 463 726 785 0 752 394 192 605 471 576 911 424 432 760 371 647 719 712 1236 328 1086 270 715 280 104 1066 821 862 304 796 689 319 828 635 990 1047 969 1035 392 893 97 770 41 400 369 939 269 242 831 296 912 670 446 777 1059 394 378 793 85 430 973 592 706 689 403 798 670 48 825 741 282 493 1167 683 854 683 527 437 578 1025 726 864 1236 220 763 819 128 1137 751 184 164 816 757 1137 1004 453 1152 1072 1005 553 421 324 839 851 346 518 682 939 933 479 954 1014 1231 1051 658 542 892 157 318 529 947 105 831 802 1127 491 452 383 813 615 685 519 544 130 997 436 618 345 843 785 234 578 721 629 587 607 338 342 502 682 960 902 687 370 625 373 445 974 556 583 704 327 108 769 533 769 395 904 307 514 427 960 768 814 333 896 985 1116 837 526 475 135 316 563 344 687 1161 425 304 658 1238 920 602 469 53 853 530 1036 61 318 455 1110 133 889 461 406 1150 642 1065
204 342 280 554 199 461 670 491 411 575 657 378 438 364 663 673 310 755 194 374 423 209 161 279 352 428 521 715 577 402 417 51 525 752 0 667 732 356 439 183 692 645 324 715 648 209 386 382 498 469 405 491 76 715 661 320 396 129 569 135 253 526 361 698 487 375 431 297 363 169 681 219 736 690 415 257 557 597 134 469 268 306 309 280 307 395 382 242 706 334 230 409 550 147 353 631 657 761 86 535 604 259 439 331 732 69 477 354 528 491 160 539 489 539 371 270 813 403 11 592 588 83 282 428 279 514 444 347 461 371 545 428 112 259 603 296 251 776 265 324 593 261 491 385 432 423 203 615 736 295 280 648 516 266 375 670 585 434 738 490 66 536 471 869 259 557 157 417 485 667 518 273 671 388 319 190 427 418 349 518 300 271 85 392 164 412 501 582 600 409 433 457 800 221 519 206 512 160 460 390 545 249 674 369 477 785 273 441 491 289 280 868 507 318 496 115 423 387 455 256 501 241 480 507 803 295 477 432 705 526 471 358 830 689 546 347 407 116 313
681 373 424 193 842 669 219 186 779 343 415 632 971 938 368 532 969 287 781 732 505 462 827 701 997 893 460 315 307 901 618 669 446 394 667 0 213 723 642 494 537 38 395 369 30 679 438 829 1063 495 872 413 672 126 408 921 918 797 146 640 481 540 906 242 697 832 696 881 374 746 305 570 352 22 490 751 193 514 682 298 910 755 407 547 945 298 349 582 440 370 894 316 353 542 450 428 284 440 709 396 561 463 985 432 467 605 718 327 236 740 729 530 1079 300 864 855 330 964 661 269 341 750 526 938 838 670 949 896 729 317 658 392 778 637 82 588 476 553 918 347 614 900 1061 832 357 274 720 282 108 602 934 341 501 841 1013 97 101 251 423 289 613 182 242 412 847 679 510 442 526 405 348 401 335 356 372 478 315 435 318 869 952 907 644 450 504 494 655 641 182 309 400 269 335 794 745 787 156 825 441 286 664 789 385 900 511 506 810 892 516 593 426 403 206 659 543 665 992 289 419 456 1062 898 282 172 408 891 721 782 338 540 647 983 347 514 695 389 993 599 957
683 513 547 389 875 587 432 339 723 548 626 793 943 930 198 741 1043 74 797 683 437 525 880 835 1082 851 354 118 512 1034 549 719 641 192 732 213 0 679 565 548 748 248 413 583 196 680 603 789 1184 409 1011 327 714 90 241 1025 892 855 179 743 607 430 890 455 873 971 862 989 377 847 126 695 151 215 429 874 175 376 783 270 937 730 427 687 1033 338 354 713 256 398 962 473 553 636 425 637 497 240 793 594 423 484 1109 580 681 663 634 380 428 913 748 724 1192 218 834 860 119 1083 728 161 215 807 666 1070 951 571 1083 1016 897 449 547 346 834 771 190 563 600 766 953 417 811 987 1180 973 530 423 834 151 126 576 968 180 693 844 1102 310 291 305 637 474 668 368 410 201 952 567 580 387 712 617 263 504 548 513 495 558 309 382 418 793 984 931 685 406 581 432 559 836 390 464 576 274 121 803 652 800 269 892 365 411 554 904 598 879 421 719 927 1036 704 570 455 193 228 624 445 695 1109 354 350 577 1184 935 463 331 197 896 638 940 148 430 560 1079 136 725 588 394 1104 638 1042
152 559 514 703 321 144 826 608 64 794 893 713 266 272 525 946 556 665 227 17 242 364 383 633 617 172 341 606 782 751 142 305 789 605 356 723 679 0 141 332 963 719 340 923 695 147 652 109 816 278 758 353 280 708 500 638 216 387 582 484 527 291 224 858 827 731 775 629 351 522 576 541 609 745 250 614 544 376 490 430 349 78 333 593 593 434 376 569 530 368 483 605 776 434 273 876 843 591 438 779 355 291 771 589 972 327 135 421 698 838 216 830 793 462 158 239 711 733 365 518 471 359 585 773 623 199 789 688 808 545 239 339 366 603 641 139 520 1035 379 428 901 558 806 741 659 587 560 529 743 126 389 525 800 222 649 772 682 480 962 685 318 674 632 736 595 241 366 293 780 898 415 466 874 607 519 398 408 299 484 176 396 335 274 278 386 246 194 899 746 599 682 454 692 210 171 219 581 433 314 537 236 601 896 209 271 1027 624 795 782 137 326 740 518 66 263 241 747 458 328 510 822 376 670 621 657 267 133 787 583 292 169 650 723 953 221 338 723 267 590
252 554 522 657 450 30 775 558 163 772 873 756 399 413 396 942 680 542 353 136 136 374 502 698 739 296 214 481 753 841 28 391 787 471 439 642 565 141 0 352 957 644 299 890 612 246 659 242 925 156 842 239 369 607 367 745 353 499 496 550 550 152 365 808 870 811 824 730 293 608 453 586 479 662 151 692 452 236 565 343 485 217 298 629 709 378 314 614 393 325 603 586 757 476 212 860 803 453 525 768 213 279 873 598 951 391 76 379 661 888 330 840 908 356 296 378 583 836 445 408 351 463 617 867 717 75 883 785 859 525 107 249 476 658 559 147 542 1022 514 400 919 670 916 819 649 557 637 414 644 145 525 400 808 361 770 703 618 418 933 659 385 627 597 602 694 118 397 200 795 875 306 465 841 598 513 418 333 206 457 229 534 473 354 196 415 148 63 922 696 579 680 377 564 342 112 348 515 546 204 506 107 688 869 349 144 1005 712 878 795 152 304 607 437 130 127 330 853 410 224 527 930 508 644 569 522 408 80 851 456 153 32 766 595 944 108 286 832 329 709
218 230 182 409 348 380 531 330 397 471 567 405 516 465 488 614 494 572 294 348 285 36 336 364 534 467 366 534 463 537 324 176 457 576 183 494 548 332 352 0 631 475 144 606 472 219 319 406 661 326 528 326 177 533 491 489 466 309 387 227 199 391 442 562 518 491 475 459 184 317 500 237 557 517 272 375 374 449 258 287 416 321 129 277 487 212 200 265 538 151 414 284 450 131 195 547 533 589 250 450 466 91 593 257 645 115 413 172 392 538 243 498 659 359 421 373 631 562 180 410 412 260 265 569 429 423 585 498 510 230 443 258 288 314 425 211 192 705 424 147 573 441 655 498 331 279 323 434 556 218 439 471 468 362 556 509 421 252 640 368 121 385 328 689 421 461 48 260 450 573 342 138 558 279 193 67 244 258 186 508 458 414 149 236 64 271 407 573 454 280 351 274 618 313 455 303 337 343 303 235 446 388 573 442 338 701 413 561 451 208 100 688 324 270 365 174 585 207 291 179 663 403 354 345 626 407 414 511 526 391 380 536 648 621 457 169 574 107 495
842 405 449 366 887 988 326 449 1028 207 123 366 1125 1055 859 18 876 818 882 978 846 599 826 504 869 1092 866 833 239 643 929 730 173 911 692 537 748 963 957 631 0 500 660 194 552 844 314 1035 813 865 599 810 750 663 891 753 1078 789 608 573 447 931 1047 315 330 571 375 710 676 638 814 476 871 542 829 571 649 946 603 687 952 949 660 414 817 603 663 459 933 636 833 373 211 554 750 112 257 952 666 189 984 682 738 376 105 672 1029 586 335 372 838 159 852 740 1042 960 867 738 680 743 803 761 410 673 662 1017 676 684 384 433 1025 750 785 471 565 834 452 88 940 559 160 786 817 563 308 409 582 766 643 843 954 831 176 955 866 446 460 579 155 311 683 393 384 949 693 1046 602 789 212 134 770 498 208 359 446 567 667 783 502 1138 974 958 734 779 582 830 1001 196 358 381 280 641 869 907 1069 893 523 787 815 458 1030 623 157 1052 882 127 628 598 204 833 654 940 615 899 918 771 766 565 793 457 807 916 327 448 935 987 1031 466 850 931 979 825 883 24 1051 679 784 715 835
