86
0 339 347 618 426 282 469 548 343 464 51 677 464 373 671 527 601 276 183 572 520 615 145 324 485 453 511 511 527 495 283 546 529 484 415 282 285 418 231 216 297 211 238 557 315 409 336 430 361 355 173 311 434 245 264 507 576 475 205 223 258 515 348 546 324 431 167 481 294 630 158 467 473 249 347 301 422 212 502 551 184 408 136 496 260 411
339 0 625 954 683 120 727 657 7 500 316 670 446 258 988 681 786 415 433 240 679 954 348 635 772 277 686 740 864 604 66 296 692 813 715 173 337 161 545 539 525 536 181 853 279 694 340 736 240 178 512 259 619 105 252 429 695 801 538 315 138 677 14 660 614 392 476 734 625 955 404 449 633 103 685 138 597 417 821 860 501 746 359 729 557 572
347 625 0 532 86 521 637 835 631 790 335 1003 804 504 669 283 302 256 192 815 779 501 277 89 146 797 245 707 460 790 559 707 783 474 102 621 350 627 396 369 123 360 578 635 662 69 681 129 505 544 246 659 689 520 412 852 854 234 198 330 496 264 638 831 34 776 182 653 359 609 460 807 739 521 254 522 201 213 228 599 173 278 266 167 90 218
618 954 532 0 581 898 415 729 957 801 653 959 861 956 180 805 785 744 620 1191 636 51 680 448 502 982 763 489 90 715 901 1150 631 154 457 852 818 1032 419 419 635 420 814 278 820 507 796 433 949 961 456 830 580 864 844 939 723 325 450 771 873 786 962 722 506 867 533 427 330 121 576 862 626 868 301 914 734 670 364 220 507 257 663 647 511 750
426 683 86 581 0 573 719 921 689 875 409 1088 887 534 729 224 222 286 258 859 865 544 339 164 112 871 182 791 516 876 617 734 870 540 123 694 381 667 482 455 159 446 652 709 741 73 762 149 538 583 333 736 776 579 454 933 941 261 285 375 549 205 696 918 119 857 265 735 440 668 546 890 825 580 323 570 169 265 239 669 258 337 331 82 176 195
282 120 521 898 573 0 723 705 128 564 245 752 522 155 952 560 666 297 332 301 712 892 248 541 667 384 566 748 807 650 65 270 724 766 616 240 216 136 509 497 414 493 225 831 344 590 401 639 136 91 444 327 641 60 131 520 742 713 461 199 25 557 135 707 514 470 390 732 576 913 390 526 664 55 613 28 478 308 728 830 416 673 261 614 461 452
469 727 637 415 719 723 0 314 727 410 519 546 482 838 329 907 940 718 592 964 220 453 600 554 702 651 876 80 362 305 696 993 215 280 625 575 750 855 258 283 674 293 551 163 503 658 458 618 825 809 410 519 174 669 732 564 307 565 448 689 704 890 729 307 602 503 510 16 279 333 332 482 214 674 413 747 807 641 614 206 498 436 586 801 561 809
548 657 835 729 921 705 314 0 653 173 593 232 252 853 634 1067 1127 823 722 862 95 765 692 769 935 469 1045 249 670 55 655 953 104 587 855 484 818 814 447 472 829 480 484 470 378 876 317 856 835 797 588 398 158 645 769 325 39 831 637 758 696 1053 653 7 802 298 667 304 520 646 392 250 107 650 666 734 962 759 877 519 666 706 684 1002 746 954
343 7 631 957 689 128 727 653 0 496 320 664 440 266 989 688 793 422 439 240 676 957 354 640 778 270 693 739 866 600 72 301 689 815 721 169 344 166 547 541 531 538 179 853 275 700 336 742 247 186 516 255 617 111 259 423 692 806 542 322 145 685 7 656 620 386 482 734 628 957 405 444 630 109 689 145 604 424 826 861 506 750 365 736 563 579
464 500 790 801 875 564 410 173 496 0 501 213 81 717 740 991 1064 729 647 693 237 828 600 740 910 296 975 369 728 132 507 797 250 649 831 329 706 660 441 460 760 467 339 574 222 842 163 837 699 653 553 241 236 504 646 160 212 836 602 650 558 979 494 178 761 125 611 406 532 738 330 79 209 509 671 592 886 674 878 613 617 721 595 951 700 874
51 316 335 653 409 245 519 593 320 501 0 713 495 324 714 491 570 230 154 541 569 647 99 326 478 462 477 562 562 540 255 502 578 523 412 286 234 379 278 261 269 256 243 604 335 401 364 430 313 312 199 329 484 215 214 531 623 487 221 172 220 479 326 592 316 458 165 532 334 672 208 498 521 219 371 261 387 174 509 597 187 432 94 474 254 373
677 670 1003 959 1088 752 546 232 664 213 713 0 230 907 867 1204 1278 939 860 826 328 993 811 949 1119 414 1188 482 897 245 691 960 337 814 1039 511 912 831 640 662 974 669 531 703 409 1053 359 1044 889 838 762 426 380 694 846 245 249 1035 812 857 750 1192 661 240 972 281 824 537 725 879 542 226 333 698 868 780 1099 887 1078 752 829 914 808 1165 912 1086
464 446 804 861 887 522 482 252 440 81 495 230 0 677 810 985 1065 716 647 624 318 885 591 761 931 219 973 447 785 213 462 740 331 707 854 282 683 607 481 497 762 503 300 645 179 860 132 862 659 609 576 195 311 464 616 81 291 871 624 631 520 975 438 258 776 54 622 480 576 805 351 3 289 468 708 550 882 669 910 681 631 762 589 960 714 867
373 258 504 956 534 155 838 853 266 717 324 907 677 0 1034 464 576 249 342 337 852 941 275 549 641 534 480 873 867 798 218 203 863 839 606 396 154 149 603 585 383 579 378 929 499 570 554 632 18 81 503 482 776 213 112 675 888 724 505 186 158 465 271 854 508 626 423 850 653 988 511 681 804 209 657 128 403 299 729 920 450 711 292 556 469 374
671 988 669 180 729 952 329 634 989 740 714 867 810 1034 0 950 943 849 718 1229 539 232 763 580 663 964 910 385 214 633 943 1217 530 201 608 860 911 1089 444 455 757 460 827 166 807 656 771 587 1025 1026 534 820 504 909 922 891 620 489 544 857 929 931 993 627 639 827 627 335 381 63 587 810 542 914 418 972 869 771 532 132 604 392 746 802 629 882
527 681 283 805 224 560 907 1067 688 991 491 1204 985 464 950 0 113 276 346 801 1025 768 394 373 319 919 43 973 739 1017 619 637 1032 758 348 746 343 613 654 628 239 618 709 918 818 298 854 373 475 535 499 809 935 589 429 1016 1092 485 459 374 543 19 695 1065 316 946 405 923 635 890 676 988 981 588 537 547 105 316 458 882 412 558 396 171 346 118
601 786 302 785 222 666 940 1127 793 1064 570 1278 1065 576 943 113 0 373 418 913 1077 743 479 386 283 1014 99 1010 729 1079 723 751 1082 759 335 839 450 725 696 669 303 660 800 930 904 290 935 355 587 646 543 896 987 691 534 1101 1149 459 498 473 647 111 800 1124 337 1029 459 956 661 880 740 1068 1035 690 545 654 190 399 423 889 461 553 478 142 384 213
276 415 256 744 286 297 718 823 422 729 230 939 716 249 849 276 373 0 131 573 795 722 131 310 391 643 274 772 660 771 350 451 803 648 358 470 95 381 461 437 134 429 433 771 545 321 584 385 252 297 322 534 708 317 170 742 852 483 304 100 277 269 429 822 263 674 222 733 479 796 434 719 748 317 442 290 183 79 483 750 244 489 139 318 235 160
183 433 192 620 258 332 592 722 439 647 154 860 647 342 718 346 418 131 0 631 684 602 85 211 338 614 327 649 534 672 367 544 692 518 283 437 197 447 333 308 114 300 395 640 490 261 517 306 338 366 190 484 595 328 236 685 748 386 174 156 307 333 446 720 181 612 90 606 347 666 330 650 639 329 319 336 240 52 397 618 114 370 74 319 130 231
572 240 815 1191 859 301 964 862 240 693 541 826 624 337 1229 801 913 573 631 0 897 1188 548 842 959 412 818 972 1100 811 289 201 911 1052 913 393 479 191 785 778 701 775 413 1093 488 884 547 937 327 275 741 468 846 327 404 582 901 1015 761 485 327 803 236 866 811 571 691 971 863 1195 645 627 854 323 913 294 739 602 1028 1101 717 973 562 889 761 710
520 679 779 636 865 712 220 95 676 237 569 328 318 852 539 1025 1077 795 684 897 0 673 665 708 870 524 1000 153 580 106 668 970 13 497 791 508 801 830 384 410 786 419 500 375 409 815 351 789 836 803 533 429 89 652 760 397 87 756 580 739 699 1010 677 87 745 356 620 210 447 551 361 316 48 657 593 740 920 725 802 424 616 628 655 947 693 915
615 954 501 51 544 892 453 765 957 828 647 993 885 941 232 768 743 722 602 1188 673 0 666 420 460 996 726 528 100 748 899 1138 668 179 420 860 800 1025 429 426 608 426 820 323 834 470 813 395 936 951 448 843 612 861 831 962 760 285 437 756 867 749 962 758 477 888 518 465 335 173 587 886 660 865 284 906 701 651 320 265 491 232 650 607 488 719
145 348 277 680 339 248 600 692 354 600 99 811 591 275 763 394 479 131 85 548 665 666 0 293 424 538 384 649 591 639 282 472 674 565 368 362 151 367 347 326 186 318 321 669 425 346 459 391 269 288 229 416 579 243 164 622 721 467 230 94 222 384 361 691 267 552 149 614 383 715 304 594 618 244 382 254 292 80 480 654 176 438 16 394 213 276
324 635 89 448 164 541 554 769 640 740 326 949 761 549 580 373 386 310 211 842 708 420 293 0 170 778 335 627 373 727 570 752 712 385 92 606 398 659 324 298 188 289 562 547 633 106 644 105 547 577 187 632 619 530 447 816 786 175 137 366 516 354 647 765 58 738 160 571 275 521 411 764 670 533 164 547 289 250 187 509 140 192 279 246 80 303
485 772 146 502 112 667 702 935 778 910 478 1119 931 641 663 319 283 391 338 959 870 460 424 170 0 938 276 778 449 894 706 842 873 488 79 764 487 769 488 463 258 455 721 666 798 77 812 84 643 685 357 796 783 667 554 984 950 176 307 473 642 301 785 931 162 906 318 718 426 600 581 933 834 668 289 667 280 358 141 620 303 282 413 150 225 307
453 277 797 982 871 384 651 469 270 296 462 414 219 534 964 919 1014 643 614 412 524 996 538 778 938 0 916 633 897 425 318 551 538 828 868 176 585 431 567 574 724 577 219 806 162 862 193 883 515 456 609 154 496 337 505 169 508 919 651 545 391 912 265 474 776 170 620 653 664 948 411 222 488 340 771 408 824 618 951 832 638 831 543 932 713 803
511 686 245 763 182 566 876 1045 693 975 477 1188 973 480 910 43 99 274 327 818 1000 726 384 335 276 916 0 943 698 996 623 660 1006 719 306 741 350 628 625 598 216 589 703 881 809 256 842 330 490 548 470 800 910 591 435 1006 1069 442 428 374 548 26 700 1043 279 935 379 891 601 849 655 976 957 590 499 555 92 304 415 844 384 517 384 127 314 114
511 740 707 489 791 748 80 249 739 369 562 482 447 873 385 973 1010 772 649 972 153 528 649 627 778 633 943 0 440 251 715 1017 145 358 701 579 796 877 319 345 737 355 560 221 495 732 444 694 859 837 473 513 137 692 771 529 236 645 514 734 731 957 740 241 673 475 572 65 352 398 362 446 161 697 490 774 871 696 693 272 561 516 636 873 629 871
527 864 460 90 516 807 362 670 866 728 562 897 785 867 214 739 729 660 534 1100 580 100 591 373 449 897 698 440 0 651 810 1060 576 82 394 763 731 942 331 330 556 330 724 251 734 443 713 373 860 871 366 744 516 773 755 861 668 276 362 683 783 720 871 664 432 787 446 376 240 151 489 786 565 777 218 823 662 585 320 195 420 181 574 588 430 676
495 604 790 715 876 650 305 55 600 132 540 245 213 798 633 1017 1079 771 672 811 106 748 639 727 894 425 996 251 651 0 600 899 119 569 814 430 764 760 407 431 780 439 429 467 326 833 265 816 780 742 543 346 135 590 714 291 91 797 593 704 641 1003 600 56 757 255 619 298 486 639 341 211 91 595 631 679 912 707 842 512 619 674 632 956 700 903
283 66 559 901 617 65 696 655 72 507 255 691 462 218 943 619 723 350 367 289 668 899 282 570 706 318 623 715 810 600 0 303 680 763 649 180 276 162 498 490 459 487 171 813 286 628 344 671 200 147 453 267 601 40 192 456 692 738 477 250 76 615 79 657 548 409 413 704 574 907 366 465 620 37 626 90 533 351 757 817 438 687 293 663 492 509
546 296 707 1150 734 270 993 953 301 797 502 960 740 203 1217 637 751 451 544 201 970 1138 472 752 842 551 660 1017 1060 899 303 0 983 1026 809 469 357 140 776 762 585 757 471 1100 576 773 637 836 205 190 694 556 904 325 308 715 991 928 701 387 291 642 302 956 711 686 621 1003 837 1175 661 744 923 319 855 247 592 502 933 1097 648 911 488 749 672 562
529 692 783 631 870 724 215 104 689 250 578 337 331 863 530 1032 1082 803 692 911 13 668 674 712 873 538 1006 145 576 119 680 983 0 493 793 521 810 842 388 414 793 423 512 367 423 818 364 791 847 815 538 443 96 664 771 410 92 756 585 749 711 1016 690 97 750 369 627 204 449 543 370 330 59 669 594 751 927 733 803 417 622 628 664 951 698 922
484 813 474 154 540 766 280 587 815 649 523 814 707 839 201 758 759 648 518 1052 497 179 565 385 488 828 719 358 82 569 763 1026 493 0 424 702 711 902 270 274 557 276 665 183 666 469 641 407 830 835 336 676 433 727 726 785 585 323 343 659 742 739 820 581 443 712 427 294 189 149 425 708 482 732 220 784 672 570 371 132 403 206 548 617 429 684
415 715 102 457 123 616 625 855 721 831 412 1039 854 606 608 348 335 358 283 913 791 420 368 92 79 868 306 701 394 814 649 809 793 424 0 696 452 726 408 383 225 375 652 598 725 50 736 28 607 643 278 724 703 610 512 908 871 139 229 429 591 329 727 851 101 830 248 642 348 546 503 856 754 612 215 619 285 312 126 555 230 218 356 193 158 307
282 173 621 852 694 240 575 484 169 329 286 511 282 396 860 746 839 470 437 393 508 860 362 606 764 176 741 579 763 430 180 469 521 702 696 0 419 331 432 433 547 433 43 713 107 687 167 712 377 327 446 88 452 183 344 282 522 755 485 374 240 738 169 487 602 230 447 581 524 834 276 285 462 187 615 268 649 442 784 729 466 676 366 756 539 629
285 337 350 818 381 216 750 818 344 706 234 912 683 154 911 343 450 95 197 479 801 800 151 398 487 585 350 796 731 764 276 357 810 711 452 419 0 287 499 478 228 470 388 820 506 416 552 478 156 204 377 493 717 249 85 700 850 572 369 62 200 340 351 818 354 638 285 763 533 861 441 687 753 247 517 204 264 149 575 805 311 568 167 409 319 237
418 161 627 1032 667 136 855 814 166 660 379 831 607 149 1089 613 725 381 447 191 830 1025 367 659 769 431 628 877 942 760 162 140 842 902 726 331 287 0 645 634 511 629 330 967 439 695 499 751 137 83 577 419 764 186 215 589 851 834 590 296 160 614 169 816 625 553 515 864 712 1049 524 611 783 180 744 118 547 414 844 967 542 802 382 697 578 519
231 545 396 419 482 509 258 447 547 441 278 640 481 603 444 654 696 461 333 785 384 429 347 324 488 567 625 319 331 407 498 776 388 270 408 432 499 645 0 26 418 36 395 326 405 431 390 409 591 586 155 414 295 464 492 550 462 395 198 439 486 638 551 442 362 473 253 273 97 409 157 483 346 469 229 530 552 383 438 321 242 280 332 564 312 552
216 539 369 419 455 497 283 472 541 460 261 662 497 585 455 628 669 437 308 778 410 426 326 298 463 574 598 345 330 431 490 762 414 274 383 433 478 634 26 0 392 9 394 344 413 405 401 385 575 572 128 420 321 455 474 564 488 375 171 419 474 611 545 468 335 487 227 298 90 417 163 499 372 459 210 517 526 358 417 335 215 265 311 537 286 526
297 525 123 635 159 414 674 829 531 760 269 974 762 383 757 239 303 134 114 701 786 608 186 188 258 724 216 737 556 780 459 585 793 557 225 547 228 511 418 392 0 382 506 701 604 187 632 253 385 427 264 597 696 421 296 800 854 354 229 216 390 224 538 827 135 727 166 690 409 700 439 765 742 422 339 412 134 108 351 671 176 378 181 208 127 134
211 536 360 420 446 493 293 480 538 467 256 669 503 579 460 618 660 429 300 775 419 426 318 289 455 577 589 355 330 439 487 757 423 276 375 433 470 629 36 9 382 0 394 350 416 396 405 376 569 567 118 422 330 451 468 569 497 369 162 411 469 602 543 476 326 491 218 307 90 421 165 505 381 456 205 512 516 350 410 341 206 260 303 528 276 516
238 181 578 814 652 225 551 484 179 339 243 531 300 378 827 709 800 433 395 413 500 820 321 562 721 219 703 560 724 429 171 471 512 665 652 43 388 330 395 394 506 394 0 684 121 644 176 668 360 315 403 106 438 165 316 311 521 711 441 340 220 701 180 486 558 251 403 557 485 800 241 304 453 169 572 253 611 402 740 697 422 633 324 714 495 591
557 853 635 278 709 831 163 470 853 574 604 703 645 929 166 918 930 771 640 1093 375 323 669 547 666 806 881 221 251 467 813 1100 367 183 598 713 820 967 326 344 701 350 684 0 652 640 612 583 918 911 449 666 338 782 818 727 458 506 473 762 809 899 857 463 602 663 551 169 293 177 448 645 376 787 385 853 826 692 554 58 531 384 653 788 576 833
315 279 662 820 741 344 503 378 275 222 335 409 179 499 807 818 904 545 490 488 409 834 425 633 798 162 809 495 734 326 286 576 423 666 725 107 506 439 405 413 604 416 121 652 0 723 60 738 481 433 457 20 363 285 438 197 417 765 501 456 341 809 274 382 638 131 481 506 502 788 250 182 366 290 613 372 717 505 799 674 495 672 425 809 575 700
409 694 69 507 73 590 658 876 700 842 401 1053 860 570 656 298 290 321 261 884 815 470 346 106 77 862 256 732 443 833 628 773 818 469 50 687 416 695 431 405 187 396 644 640 723 0 739 77 572 612 290 721 726 589 480 911 893 190 241 399 566 279 707 872 85 834 242 675 380 594 512 863 777 591 255 591 236 282 173 598 229 264 335 148 149 258
336 340 681 796 762 401 458 317 336 163 364 359 132 554 771 854 935 584 517 547 351 813 459 644 812 193 842 444 713 265 344 637 364 641 736 167 552 499 390 401 632 405 176 612 60 739 0 747 536 490 462 81 309 341 487 172 356 766 509 499 396 843 335 321 654 95 498 460 487 756 242 135 309 346 608 429 751 538 802 638 510 665 457 833 591 735
430 736 129 433 149 639 618 856 742 837 430 1044 862 632 587 373 355 385 306 937 789 395 391 105 84 883 330 694 373 816 671 836 791 407 28 712 478 751 409 385 253 376 668 583 738 77 747 0 633 668 286 737 702 631 537 919 870 112 238 454 614 354 748 851 125 841 265 634 343 525 511 865 753 633 205 643 313 337 98 539 246 200 378 214 179 335
361 240 505 949 538 136 825 835 247 699 313 889 659 18 1025 475 587 252 338 327 836 936 269 547 643 515 490 859 860 780 200 205 847 830 607 377 156 137 591 575 385 569 360 918 481 572 536 633 0 64 495 463 760 195 104 657 871 723 499 182 140 476 253 837 507 607 418 836 644 980 496 662 787 190 651 109 411 297 729 910 444 707 285 562 467 382
355 178 544 961 583 91 809 797 186 653 312 838 609 81 1026 535 646 297 366 275 803 951 288 577 685 456 548 837 871 742 147 190 815 835 643 327 204 83 586 572 427 567 315 911 433 612 490 668 64 0 505 414 731 152 131 602 833 753 515 213 105 535 191 798 542 556 437 819 647 984 477 612 755 146 669 63 466 331 762 907 464 726 304 614 497 438
173 512 246 456 333 444 410 588 516 553 199 762 576 503 534 499 543 322 190 741 533 448 229 187 357 609 470 473 366 543 453 694 538 336 278 446 377 577 155 128 264 118 403 449 457 290 462 286 495 505 0 459 444 414 391 633 607 309 49 323 419 483 521 585 213 555 102 425 157 485 225 578 492 418 173 458 397 242 342 429 87 234 212 414 159 398
311 259 659 830 736 327 519 398 255 241 329 426 195 482 820 809 896 534 484 468 429 843 416 632 796 154 800 513 744 346 267 556 443 676 724 88 493 419 414 420 597 422 106 666 20 721 81 737 463 414 459 0 381 268 423 207 437 768 502 444 324 800 254 402 635 145 478 523 510 800 257 199 386 272 617 355 708 497 801 688 493 677 417 803 572 691
434 619 689 580 776 641 174 158 617 236 484 380 311 776 504 935 987 708 595 846 89 612 579 619 783 496 910 137 516 135 601 904 96 433 703 452 717 764 295 321 696 330 438 338 363 726 309 702 760 731 444 381 0 582 680 393 168 674 491 655 626 920 618 153 656 337 531 170 363 506 276 311 52 587 509 668 831 637 720 380 526 548 568 857 603 826
245 105 520 864 579 60 669 645 111 504 215 694 464 213 909 589 691 317 328 327 652 861 243 530 667 337 591 692 773 590 40 325 664 727 610 183 249 186 464 455 421 451 165 782 285 589 341 631 195 152 414 268 582 0 167 465 681 698 437 217 56 584 117 646 509 413 373 678 538 872 337 467 604 5 587 89 501 313 717 785 398 648 254 627 452 477
264 252 412 844 454 131 732 769 259 646 214 846 616 112 922 429 534 170 236 404 760 831 164 447 554 505 435 771 755 714 192 308 771 726 512 344 85 215 492 474 296 468 316 818 438 480 487 537 104 131 391 423 680 167 0 627 803 623 394 82 115 425 266 770 411 568 313 744 540 876 409 620 712 165 547 120 348 199 631 808 340 602 181 489 367 321
507 429 852 939 933 520 564 325 423 160 531 245 81 675 891 1016 1101 742 685 582 397 962 622 816 984 169 1006 529 861 291 456 715 410 785 908 282 700 589 550 564 800 569 311 727 197 911 172 919 657 602 633 207 393 465 627 0 362 935 680 651 522 1006 419 331 826 78 670 562 647 885 411 82 370 469 774 547 915 702 972 762 682 830 622 1003 763 897
576 695 854 723 941 742 307 39 692 212 623 249 291 888 620 1092 1149 852 748 901 87 760 721 786 950 508 1069 236 668 91 692 991 92 585 871 522 850 851 462 488 854 497 521 458 417 893 356 870 871 833 607 437 168 681 803 362 0 841 656 789 732 1078 691 35 821 337 690 296 531 635 419 288 116 686 677 770 987 786 887 509 688 714 713 1022 767 980
475 801 234 325 261 713 565 831 806 836 487 1035 871 724 489 485 459 483 386 1015 756 285 467 175 176 919 442 645 276 797 738 928 756 323 139 755 572 834 395 375 354 369 711 506 765 190 766 112 723 753 309 768 674 698 623 935 841 0 270 541 688 466 813 826 220 856 325 581 311 425 524 873 726 701 166 721 425 425 48 456 300 129 452 322 256 446
205 538 198 450 285 461 448 637 542 602 221 812 624 505 544 459 498 304 174 761 580 437 230 137 307 651 428 514 362 593 477 701 585 343 229 485 369 590 198 171 229 162 441 473 501 241 509 238 499 515 49 502 491 437 394 680 656 270 0 320 435 442 548 633 165 602 84 463 180 492 273 627 540 440 153 473 360 226 299 447 59 212 213 366 114 363
223 315 330 771 375 199 689 758 322 650 172 857 631 186 857 374 473 100 156 485 739 756 94 366 473 545 374 734 683 704 250 387 749 659 429 374 62 296 439 419 216 411 340 762 456 399 499 454 182 213 323 444 655 217 82 651 789 541 320 0 177 368 329 758 328 586 237 702 477 809 379 634 691 216 471 195 283 117 549 748 264 525 110 415 285 260
258 138 496 873 549 25 704 696 145 558 220 750 520 158 929 543 647 277 307 327 699 867 222 516 642 391 548 731 783 641 76 291 711 742 591 240 200 160 486 474 390 469 220 809 341 566 396 614 140 105 419 324 626 56 115 522 732 688 435 177 0 539 152 697 489 469 364 714 552 889 372 524 651 52 588 43 459 284 703 808 390 647 236 592 436 434
515 677 264 786 205 557 890 1053 685 979 479 1192 975 465 931 19 111 269 333 803 1010 749 384 354 301 912 26 957 720 1003 615 642 1016 739 329 738 340 614 638 611 224 602 701 899 809 279 843 354 476 535 483 800 920 584 425 1006 1078 466 442 368 539 0 692 1051 297 936 389 906 617 871 662 978 966 583 518 545 92 305 440 863 396 539 385 153 329 109
348 14 638 962 696 135 729 653 7 494 326 661 438 271 993 695 800 429 446 236 677 962 361 647 785 265 700 740 871 600 79 302 690 820 727 169 351 169 551 545 538 543 180 857 274 707 335 748 253 191 521 254 618 117 266 419 691 813 548 329 152 692 0 656 627 384 488 736 633 961 408 442 631 116 695 152 611 431 833 865 512 756 371 743 569 586
546 660 831 722 918 707 307 7 656 178 592 240 258 854 627 1065 1124 822 720 866 87 758 691 765 931 474 1043 241 664 56 657 956 97 581 851 487 818 816 442 468 827 476 486 463 382 872 321 851 837 798 585 402 153 646 770 331 35 826 633 758 697 1051 656 0 798 304 664 297 515 639 390 256 101 652 661 735 960 757 872 512 663 701 683 999 743 952
324 614 34 506 119 514 602 802 620 761 316 972 776 508 639 316 337 263 181 811 745 477 267 58 162 776 279 673 432 757 548 711 750 443 101 602 354 625 362 335 135 326 558 602 638 85 654 125 507 542 213 635 656 509 411 826 821 220 165 328 489 297 627 798 0 749 157 618 324 580 431 779 705 511 222 517 230 211 221 566 145 250 255 201 63 244
431 392 776 867 857 470 503 298 386 125 458 281 54 626 827 946 1029 674 612 571 356 888 552 738 906 170 935 475 787 255 409 686 369 712 830 230 638 553 473 487 727 491 251 663 131 834 95 841 607 556 555 145 337 413 568 78 337 856 602 586 469 936 384 304 749 0 593 502 570 817 332 57 322 417 696 498 844 631 893 696 604 752 551 928 686 828
167 476 182 533 265 390 510 667 482 611 165 824 622 423 627 405 459 222 90 691 620 518 149 160 318 620 379 572 446 619 413 621 627 427 248 447 285 515 253 227 166 218 403 551 481 242 498 265 418 437 102 478 531 373 313 670 690 325 84 237 364 389 488 664 157 593 0 526 257 576 282 625 577 376 233 399 301 143 345 528 26 289 133 340 93 299
481 734 653 427 735 732 16 304 734 406 532 537 480 850 335 923 956 733 606 971 210 465 614 571 718 653 891 65 376 298 704 1003 204 294 642 581 763 864 273 298 690 307 557 169 506 675 460 634 836 819 425 523 170 678 744 562 296 581 463 702 714 906 736 297 618 502 526 0 295 342 342 479 207 684 429 757 823 655 629 215 513 452 600 817 577 824
294 625 359 330 440 576 279 520 628 532 334 725 576 653 381 635 661 479 347 863 447 335 383 275 426 664 601 352 240 486 574 837 449 189 348 524 533 712 97 90 409 90 485 293 502 380 487 343 644 647 157 510 363 538 540 647 531 311 180 477 552 617 633 515 324 570 257 295 0 337 253 578 415 542 145 595 538 399 356 272 238 189 367 522 288 543
630 955 609 121 668 913 333 646 957 738 672 879 805 988 63 890 880 796 666 1195 551 173 715 521 600 948 849 398 151 639 907 1175 543 149 546 834 861 1049 409 417 700 421 800 177 788 594 756 525 980 984 485 800 506 872 876 885 635 425 492 809 889 871 961 639 580 817 576 342 337 0 558 805 548 877 360 932 810 718 468 127 552 331 698 740 573 823
158 404 460 576 546 390 332 392 405 330 208 542 351 511 587 676 740 434 330 645 361 587 304 411 581 411 655 362 489 341 366 661 370 425 503 276 441 524 157 163 439 165 241 448 250 512 242 511 496 477 225 257 276 337 409 411 419 524 273 379 372 662 408 390 431 332 282 342 253 558 0 353 314 343 366 415 570 367 561 457 287 423 294 623 370 562
467 449 807 862 890 526 482 250 444 79 498 226 3 681 810 988 1068 719 650 627 316 886 594 764 933 222 976 446 786 211 465 744 330 708 856 285 687 611 483 499 765 505 304 645 182 863 135 865 662 612 578 199 311 467 620 82 288 873 627 634 524 978 442 256 779 57 625 479 578 805 353 0 288 472 710 554 885 672 912 681 634 764 592 963 716 870
473 633 739 626 825 664 214 107 630 209 521 333 289 804 542 981 1035 748 639 854 48 660 618 670 834 488 957 161 565 91 620 923 59 482 754 462 753 783 346 372 742 381 453 376 366 777 309 753 787 755 492 386 52 604 712 370 116 726 540 691 651 966 631 101 705 322 577 207 415 548 314 288 0 609 561 692 876 679 772 421 574 600 608 907 652 870
249 103 521 868 580 55 674 650 109 509 219 698 468 209 914 588 690 317 329 323 657 865 244 533 668 340 590 697 777 595 37 319 669 732 612 187 247 180 469 459 422 456 169 787 290 591 346 633 190 146 418 272 587 5 165 469 686 701 440 216 52 583 116 652 511 417 376 684 542 877 343 472 609 0 591 84 500 314 719 790 401 651 255 628 455 476
347 685 254 301 323 613 413 666 689 671 371 868 708 657 418 537 545 442 319 913 593 284 382 164 289 771 499 490 218 631 626 855 594 220 215 615 517 744 229 210 339 205 572 385 613 255 608 205 651 669 173 617 509 587 547 774 677 166 153 471 588 518 695 661 222 696 233 429 145 360 366 710 561 591 0 626 452 368 211 345 207 61 366 403 213 464
301 138 522 914 570 28 747 734 145 592 261 780 550 128 972 547 654 290 336 294 740 906 254 547 667 408 555 774 823 679 90 247 751 784 619 268 204 118 530 517 412 512 253 853 372 591 429 643 109 63 458 355 668 89 120 547 770 721 473 195 43 545 152 735 517 498 399 757 595 932 415 554 692 84 626 0 468 309 734 851 426 685 268 608 467 442
422 597 201 734 169 478 807 962 604 886 387 1099 882 403 869 105 190 183 240 739 920 701 292 289 280 824 92 871 662 912 533 592 927 672 285 649 264 547 552 526 134 516 611 826 717 236 751 313 411 466 397 708 831 501 348 915 987 425 360 283 459 92 611 960 230 844 301 823 538 810 570 885 876 500 452 468 0 213 407 793 310 480 293 158 249 29
212 417 213 670 265 308 641 759 424 674 174 887 669 299 771 316 399 79 52 602 725 651 80 250 358 618 304 696 585 707 351 502 733 570 312 442 149 414 383 358 108 350 402 692 505 282 538 337 297 331 242 497 637 313 199 702 786 425 226 117 284 305 431 757 211 631 143 655 399 718 367 672 679 314 368 309 213 0 432 671 166 418 80 316 170 199
502 821 228 364 239 728 614 877 826 878 509 1078 910 729 532 458 423 483 397 1028 802 320 480 187 141 951 415 693 320 842 757 933 803 371 126 784 575 844 438 417 351 410 740 554 799 173 802 98 729 762 342 801 720 717 631 972 887 48 299 549 703 440 833 872 221 893 345 629 356 468 561 912 772 719 211 734 407 432 0 503 322 177 466 291 267 431
551 860 599 220 669 830 206 519 861 613 597 752 681 920 132 882 889 750 618 1101 424 265 654 509 620 832 844 272 195 512 817 1097 417 132 555 729 805 967 321 335 671 341 697 58 674 598 638 539 910 907 429 688 380 785 808 762 509 456 447 748 808 863 865 512 566 696 528 215 272 127 457 681 421 790 345 851 793 671 503 0 507 338 638 747 545 802
184 501 173 507 258 416 498 666 506 617 187 829 631 450 604 412 461 244 114 717 616 491 176 140 303 638 384 561 420 619 438 648 622 403 230 466 311 542 242 215 176 206 422 531 495 229 510 246 444 464 87 493 526 398 340 682 688 300 59 264 390 396 512 663 145 604 26 513 238 552 287 634 574 401 207 426 310 166 322 507 0 262 160 336 82 311
408 746 278 257 337 673 436 706 750 721 432 914 762 711 392 558 553 489 370 973 628 232 438 192 282 831 517 516 181 674 687 911 628 206 218 676 568 802 280 265 378 260 633 384 672 264 665 200 707 726 234 677 548 648 602 830 714 129 212 525 647 539 756 701 250 752 289 452 189 331 423 764 600 651 61 685 480 418 177 338 262 0 422 411 255 495
136 359 266 663 331 261 586 684 365 595 94 808 589 292 746 396 478 139 74 562 655 650 16 279 413 543 384 636 574 632 293 488 664 548 356 366 167 382 332 311 181 303 324 653 425 335 457 378 285 304 212 417 568 254 181 622 713 452 213 110 236 385 371 683 255 551 133 600 367 698 294 592 608 255 366 268 293 80 466 638 160 422 0 389 200 278
496 729 167 647 82 614 801 1002 736 951 474 1165 960 556 802 171 142 318 319 889 947 607 394 246 150 932 127 873 588 956 663 749 951 617 193 756 409 697 564 537 208 528 714 788 809 148 833 214 562 614 414 803 857 627 489 1003 1022 322 366 415 592 153 743 999 201 928 340 817 522 740 623 963 907 628 403 608 158 316 291 747 336 411 389 0 255 188
260 557 90 511 176 461 561 746 563 700 254 912 714 469 629 346 384 235 130 761 693 488 213 80 225 713 314 629 430 700 492 672 698 429 158 539 319 578 312 286 127 276 495 576 575 149 591 179 467 497 159 572 603 452 367 763 767 256 114 285 436 329 569 743 63 686 93 577 288 573 370 716 652 455 213 467 249 170 267 545 82 255 200 255 0 256
411 572 218 750 195 452 809 954 579 874 373 1086 867 374 882 118 213 160 231 710 915 719 276 303 307 803 114 871 676 903 509 562 922 684 307 629 237 519 552 526 134 516 591 833 700 258 735 335 382 438 398 691 826 477 321 897 980 446 363 260 434 109 586 952 244 828 299 824 543 823 562 870 870 476 464 442 29 199 431 802 311 495 278 188 256 0
