48
0 512 757 838 357 284 234 343 566 266 308 773 423 865 837 956 159 422 325 765 499 654 889 329 434 886 722 727 402 432 599 259 461 727 731 191 325 675 506 537 651 793 405 837 300 222 799 891
512 0 622 327 621 673 658 812 63 487 776 308 426 627 863 504 512 294 218 469 773 323 566 795 742 394 313 214 331 673 365 648 388 513 579 690 765 260 651 50 455 295 804 325 395 471 784 432
757 622 0 700 505 649 687 817 665 503 797 518 334 164 295 548 877 864 543 236 536 328 290 803 567 624 417 681 888 478 256 644 306 129 44 810 747 435 364 670 167 610 707 706 884 893 205 537
838 327 700 0 890 969 964 1121 283 771 1086 182 654 623 989 286 837 569 526 472 1025 382 501 1104 1008 128 282 118 611 927 482 947 597 570 657 1010 1069 275 872 314 552 89 1094 9 702 789 899 228
357 621 505 890 0 144 191 311 685 140 291 758 250 653 498 896 514 689 409 616 161 568 731 297 120 886 671 806 687 76 472 145 313 534 498 325 242 643 166 666 473 817 219 892 617 567 478 849
284 673 649 969 144 0 58 173 735 201 148 854 367 793 632 1008 440 678 454 744 229 680 862 157 160 981 776 874 667 197 591 26 429 669 639 192 106 742 307 712 604 903 134 970 578 506 619 955
234 658 687 964 191 58 0 158 720 212 125 859 390 827 686 1019 388 640 442 768 287 694 888 141 218 983 785 865 627 252 610 46 449 699 675 135 107 748 357 695 631 902 171 964 533 456 669 964
343 812 817 1121 311 173 158 0 872 367 36 1017 540 964 770 1176 472 765 597 917 337 849 1035 17 275 1142 943 1020 746 347 763 186 601 842 809 161 69 906 463 846 777 1060 144 1121 640 548 769 1121
566 63 665 283 685 735 720 872 0 550 836 298 487 657 916 490 554 301 281 496 837 354 584 855 805 366 323 166 342 737 409 711 447 551 621 747 827 274 712 31 498 266 867 279 422 506 834 418
266 487 503 771 140 201 212 367 550 0 337 653 182 629 572 808 412 552 271 558 301 482 680 351 258 779 576 680 552 207 398 182 238 496 483 314 306 541 248 530 425 703 323 772 491 453 532 754
308 776 797 1086 291 148 125 36 836 337 0 984 512 942 762 1145 440 729 561 890 333 819 1009 20 269 1108 911 985 711 333 734 158 572 817 787 130 58 874 448 811 751 1026 150 1086 606 515 757 1090
773 308 518 182 758 854 859 1017 298 653 984 0 511 443 809 196 805 597 447 290 879 210 329 1000 871 128 103 201 637 784 314 835 450 388 476 926 959 114 717 324 375 93 971 189 703 773 719 124
423 426 334 654 250 367 390 540 487 182 512 511 0 448 472 646 546 588 257 377 371 318 498 524 360 639 421 582 601 273 224 354 63 314 308 496 474 396 226 476 242 575 468 657 573 567 410 598
865 627 164 623 653 793 827 964 657 629 942 443 448 0 433 420 968 900 605 162 698 303 144 950 725 525 356 632 929 634 285 786 403 138 157 942 895 392 524 669 215 536 862 631 946 972 347 427
837 863 295 989 498 632 686 770 916 572 762 809 472 433 0 841 985 1060 728 531 435 608 574 760 494 918 706 959 1074 434 518 640 485 423 334 822 704 717 334 914 438 899 632 995 1041 1021 90 833
956 504 548 286 896 1008 1019 1176 490 808 1145 196 646 420 841 0 998 791 631 318 998 328 277 1159 1001 158 235 365 832 910 425 991 583 429 514 1098 1114 280 825 518 451 237 1114 296 899 968 752 72
159 512 877 837 514 440 388 472 554 412 440 805 546 968 985 998 0 331 378 850 658 724 973 460 593 905 774 720 300 590 689 417 572 830 848 310 468 722 658 522 753 807 555 833 182 78 940 928
422 294 864 569 689 678 640 765 301 552 729 597 588 900 1060 791 331 0 332 750 850 604 855 750 799 665 607 452 42 760 620 651 578 774 824 611 741 553 781 273 706 566 810 563 154 260 992 719
325 218 543 526 409 454 442 597 281 271 561 447 257 605 728 631 378 332 0 475 566 345 596 580 529 562 400 423 349 468 320 430 247 470 506 485 548 351 464 259 396 472 586 525 342 369 660 566
765 469 236 472 616 744 768 917 496 558 890 290 377 162 531 318 850 750 475 0 697 146 124 901 709 388 196 472 781 616 165 732 320 111 198 869 850 230 520 510 144 383 834 480 808 845 441 301
499 773 536 1025 161 229 287 337 837 301 333 879 371 698 435 998 658 850 566 697 0 678 799 329 68 1007 786 948 848 99 575 247 430 599 542 417 275 765 177 820 553 946 196 1028 774 716 445 958
654 323 328 382 568 680 694 849 354 482 819 210 318 303 608 328 724 604 345 146 678 0 254 833 676 334 109 353 636 586 105 663 255 203 283 780 786 108 511 365 170 293 786 388 668 712 520 281
889 566 290 501 731 862 888 1035 584 680 1009 329 498 144 574 277 973 855 596 124 799 254 0 1020 817 393 262 528 888 724 289 851 442 200 266 992 968 309 622 602 258 419 947 510 923 964 487 290
329 795 803 1104 297 157 141 17 855 351 20 1000 524 950 760 1159 460 750 580 901 329 833 1020 0 266 1125 926 1003 732 335 746 169 584 827 795 150 57 889 451 830 761 1043 140 1104 627 536 758 1104
434 742 567 1008 120 160 218 275 805 258 269 871 360 725 494 1001 593 799 529 709 68 676 817 266 0 999 781 926 794 93 575 179 422 617 568 348 210 756 203 787 564 933 142 1010 716 654 496 957
886 394 624 128 886 981 983 1142 366 779 1108 128 639 525 918 158 905 665 562 388 1007 334 393 1125 999 0 224 219 707 912 439 961 578 495 584 1045 1084 242 844 396 493 99 1098 137 787 866 828 106
722 313 417 282 671 776 785 943 323 576 911 103 421 356 706 235 774 607 400 196 786 109 262 926 781 224 0 276 643 692 214 758 359 288 375 863 882 53 620 343 272 192 887 289 693 751 617 178
727 214 681 118 806 874 865 1020 166 680 985 201 582 632 959 365 720 452 423 472 948 353 528 1003 926 219 276 0 495 849 441 851 530 555 637 903 971 247 806 197 522 128 1002 113 584 671 871 296
402 331 888 611 687 667 627 746 342 552 711 637 601 929 1074 832 300 42 349 781 848 636 888 732 794 707 643 495 0 759 647 641 596 801 848 589 726 590 788 313 731 608 798 605 118 226 1009 759
432 673 478 927 76 197 252 347 737 207 333 784 273 634 434 910 590 760 468 616 99 586 724 335 93 912 692 849 759 0 485 206 334 524 477 388 278 670 116 721 471 849 228 929 692 643 423 867
599 365 256 482 472 591 610 763 409 398 734 314 224 285 518 425 689 620 320 165 575 105 289 746 575 439 214 441 647 485 0 577 162 154 213 706 698 207 406 413 89 395 691 488 660 688 432 383
259 648 644 947 145 26 46 186 711 182 158 835 354 786 640 991 417 651 430 732 247 663 851 169 179 961 758 851 641 206 577 0 414 660 633 181 123 723 311 687 593 882 161 947 552 481 623 937
461 388 306 597 313 429 449 601 447 238 572 450 63 403 485 583 572 578 247 320 430 255 442 584 422 578 359 530 596 334 162 414 0 266 275 550 535 335 276 439 191 517 531 600 581 586 414 535
727 513 129 570 534 669 699 842 551 496 817 388 314 138 423 429 830 774 470 111 599 203 200 827 617 495 288 555 801 524 154 660 266 0 88 810 773 308 422 559 76 480 748 577 812 835 332 412
731 579 44 657 498 639 675 809 621 483 787 476 308 157 334 514 848 824 506 198 542 283 266 795 568 584 375 637 848 477 213 633 275 88 0 794 740 391 367 626 123 567 705 664 848 860 244 500
191 690 810 1010 325 192 135 161 747 314 130 926 496 942 822 1098 310 611 485 869 417 780 992 150 348 1045 863 903 589 388 706 181 550 810 794 0 168 820 491 719 739 957 264 1009 481 387 803 1038
325 765 747 1069 242 106 107 69 827 306 58 959 474 895 704 1114 468 741 548 850 275 786 968 57 210 1084 882 971 726 278 698 123 535 773 740 168 0 847 394 803 709 1005 96 1069 626 541 701 1060
675 260 435 275 643 742 748 906 274 541 874 114 396 392 717 280 722 553 351 230 765 108 309 889 756 242 53 247 590 670 207 723 335 308 391 820 847 0 604 292 279 188 857 280 640 698 629 217
506 651 364 872 166 307 357 463 712 248 448 717 226 524 334 825 658 781 464 520 177 511 622 451 203 844 620 806 788 116 406 311 276 422 367 491 394 604 0 701 377 790 343 876 736 701 312 789
537 50 670 314 666 712 695 846 31 530 811 324 476 669 914 518 522 273 259 510 820 365 602 830 787 396 343 197 313 721 413 687 439 559 626 719 803 292 701 0 503 296 845 310 391 475 834 445
651 455 167 552 473 604 631 777 498 425 751 375 242 215 438 451 753 706 396 144 553 170 258 761 564 493 272 522 731 471 89 593 191 76 123 739 709 279 377 503 0 463 690 558 738 759 350 422
793 295 610 89 817 903 902 1060 266 703 1026 93 575 536 899 237 807 566 472 383 946 293 419 1043 933 99 192 128 608 849 395 882 517 480 567 957 1005 188 790 296 463 0 1025 96 687 766 809 168
405 804 707 1094 219 134 171 144 867 323 150 971 468 862 632 1114 555 810 586 834 196 786 947 140 142 1098 887 1002 798 228 691 161 531 748 705 264 96 857 343 845 690 1025 0 1095 704 625 638 1065
837 325 706 9 892 970 964 1121 279 772 1086 189 657 631 995 296 833 563 525 480 1028 388 510 1104 1010 137 289 113 605 929 488 947 600 577 664 1009 1069 280 876 310 558 96 1095 0 697 785 905 238
300 395 884 702 617 578 533 640 422 491 606 703 573 946 1041 899 182 154 342 808 774 668 923 627 716 787 693 584 118 692 660 552 581 812 848 481 626 640 736 391 738 687 704 697 0 107 984 827
222 471 893 789 567 506 456 548 506 453 515 773 567 972 1021 968 78 260 369 845 716 712 964 536 654 866 751 671 226 643 688 481 586 835 860 387 541 698 701 475 759 766 625 785 107 0 971 897
799 784 205 899 478 619 669 769 834 532 757 719 410 347 90 752 940 992 660 441 445 520 487 758 496 828 617 871 1009 423 432 623 414 332 244 803 701 629 312 834 350 809 638 905 984 971 0 742
891 432 537 228 849 955 964 1121 418 754 1090 124 598 427 833 72 928 719 566 301 958 281 290 1104 957 106 178 296 759 867 383 937 535 412 500 1038 1060 217 789 445 422 168 1065 238 827 897 742 0
