247
0 568 350 226 181 596 169 199 554 333 642 415 403 238 350 618 345 388 327 418 703 442 269 759 565 545 365 558 543 198 501 99 544 346 338 653 617 388 520 541 247 497 511 285 626 572 471 438 866 592 688 658 649 755 413 90 111 519 454 198 186 729 384 581 516 268 540 269 580 307 106 636 493 553 592 529 597 472 481 197 271 427 626 193 424 764 455 98 539 429 449 396 441 284 539 222 632 300 423 766 63 736 635 511 283 700 550 142 464 228 795 745 414 359 432 312 314 422 408 180 444 254 378 452 462 222 303 57 103 412 254 614 113 287 670 208 199 387 87 382 374 620 455 271 334 272 414 470 400 518 428 620 66 769 312 464 725 716 538 326 237 218 346 732 390 383 302 397 588 588 672 639 388 460 361 384 582 480 694 564 539 172 481 189 91 751 166 65 478 413 570 726 224 490 332 211 611 524 446 689 311 379 366 323 512 543 400 717 679 395 716 45 575 551 716 634 704 391 393 839 590 591 660 169 577 526 578 244 254 248 256 628 682 737 794 332 235 298 530 750 536 300 152 541 174 555 679
568 0 474 570 687 437 637 371 295 401 125 983 876 337 866 618 469 863 371 985 298 1010 651 915 108 29 256 681 81 376 496 559 88 227 900 577 435 626 920 328 692 567 486 287 820 785 751 713 432 456 469 306 605 434 450 562 521 870 841 389 406 347 460 45 325 830 903 782 698 273 551 117 676 676 455 576 246 126 286 680 677 361 271 759 728 415 509 665 388 516 267 172 127 410 42 548 541 503 982 902 631 981 229 506 835 425 245 647 407 638 931 529 391 217 229 879 807 400 231 499 217 315 926 449 702 682 807 624 671 226 757 390 466 646 633 718 545 440 544 429 820 292 419 785 845 436 562 410 208 904 353 55 627 938 816 315 346 823 832 479 633 786 257 327 607 461 352 804 429 281 440 942 355 341 921 294 823 309 795 407 875 425 1050 659 478 259 734 514 833 495 70 326 787 494 585 780 43 196 207 287 879 356 907 877 442 418 966 888 260 477 296 541 144 349 872 114 561 401 734 368 907 254 485 474 786 544 99 758 818 384 669 224 735 347 998 717 589 289 815 301 89 555 667 28 743 521 926
350 474 0 166 329 744 515 314 283 76 476 694 442 250 466 272 7 432 109 703 446 717 601 485 405 467 225 249 503 252 150 261 508 297 559 302 288 151 453 648 283 156 162 339 368 324 276 238 591 751 357 388 299 448 620 271 239 397 376 221 216 453 37 457 231 501 430 618 271 366 428 473 215 244 751 186 353 348 226 547 611 578 370 459 254 466 105 428 679 666 221 363 381 98 432 521 282 559 626 481 399 520 403 160 486 386 608 309 634 231 513 407 586 295 495 605 400 598 243 171 260 312 554 648 229 288 407 372 425 471 604 301 347 614 321 559 501 593 408 583 380 352 123 619 443 90 98 142 270 435 143 503 412 504 416 582 449 414 358 567 569 512 415 467 132 602 457 348 257 324 347 469 123 594 574 496 357 210 388 707 400 377 738 284 322 533 456 291 361 642 432 460 542 139 625 492 514 317 493 435 570 120 529 643 172 698 689 450 437 44 463 367 566 252 440 473 356 84 266 589 433 342 322 427 326 176 422 380 500 427 249 397 355 463 552 267 551 379 342 504 501 101 503 458 470 758 463
226 570 166 0 162 744 395 289 438 197 601 527 306 260 310 406 164 293 215 537 601 550 495 534 524 556 316 332 578 237 308 126 580 354 393 453 454 162 363 664 126 285 323 352 402 349 255 219 753 746 524 546 442 614 587 135 126 334 285 207 193 613 204 564 389 334 362 475 354 381 325 597 267 328 746 318 502 448 373 420 498 570 523 295 212 631 255 282 681 619 356 422 455 166 531 435 439 496 462 540 258 525 549 316 320 552 644 145 620 71 570 572 568 359 522 441 246 579 350 84 379 317 391 621 238 124 250 229 276 499 465 467 273 512 460 422 413 559 304 551 250 508 289 475 287 140 197 308 364 352 296 610 275 547 259 589 610 490 331 514 462 351 432 625 164 562 438 239 424 478 514 441 263 595 409 501 364 362 468 708 348 324 571 117 239 678 295 187 292 598 544 618 384 297 545 329 613 451 527 589 403 256 367 484 338 693 524 493 588 207 618 258 630 414 491 596 516 240 193 744 394 492 487 356 354 321 541 216 334 394 99 543 458 623 576 153 456 386 320 657 573 80 371 548 310 731 466
181 687 329 162 0 774 317 346 594 352 737 366 222 352 182 555 326 207 363 375 756 388 425 626 659 669 447 462 679 316 469 131 681 461 232 610 617 290 342 713 85 437 484 428 495 441 332 307 911 772 686 702 595 775 595 130 167 351 281 298 281 771 366 689 546 172 369 352 482 454 284 732 388 459 772 470 654 573 526 327 419 603 677 140 285 791 415 173 716 610 504 523 563 313 651 398 598 480 306 639 168 581 699 476 160 714 713 43 643 106 666 733 592 470 591 283 135 601 485 195 518 392 241 633 340 61 127 142 162 569 350 628 283 447 611 313 376 568 267 563 193 664 451 352 162 289 349 470 491 342 453 733 189 633 136 636 767 603 385 507 395 199 500 781 301 564 474 224 586 633 676 476 418 634 250 552 441 517 586 741 374 344 409 45 252 826 151 195 313 594 672 774 240 458 506 174 731 595 601 744 241 409 221 333 501 722 363 584 739 369 771 227 721 574 588 730 675 400 245 898 426 645 649 350 447 477 674 71 172 422 112 692 590 780 646 178 405 451 381 810 673 237 276 662 165 736 527
596 437 744 744 774 0 538 454 697 672 560 919 997 498 945 974 737 982 639 914 736 945 475 1230 537 414 543 991 356 510 836 656 349 457 907 957 835 872 1098 111 825 886 833 405 1110 1063 990 951 866 21 883 737 977 867 194 653 632 1078 1024 542 555 784 751 483 706 843 1105 657 1013 378 507 553 957 986 21 907 669 489 656 568 504 174 699 767 952 850 824 654 64 220 622 405 417 648 457 417 922 324 989 1225 633 1255 663 847 868 849 192 732 132 787 1256 947 181 465 258 825 909 173 555 659 569 435 961 155 958 803 899 647 665 279 631 797 492 456 1005 613 432 215 518 217 960 716 755 661 930 664 842 755 518 1091 687 477 617 1248 908 162 783 1153 1071 288 481 761 329 765 861 227 306 972 819 697 855 1183 665 150 931 248 1090 676 1126 37 1092 431 998 771 524 689 731 584 1036 218 504 764 734 829 360 770 444 599 268 723 860 660 954 787 799 52 893 1194 697 770 734 550 299 741 1184 550 962 707 937 797 1138 674 888 427 1066 882 533 840 824 355 820 658 1081 785 1294 892 439 366 1058 738 349 776 590 421 732 119 1196
169 637 515 395 317 538 0 282 687 488 732 384 521 349 447 785 509 508 476 381 824 411 107 925 660 610 484 727 592 315 664 269 590 439 376 816 768 557 657 514 397 665 673 354 792 738 634 603 988 528 838 786 814 894 344 260 279 668 599 330 323 856 546 660 656 318 686 145 749 364 96 725 662 723 528 697 719 565 615 43 103 392 750 248 587 898 620 147 493 334 580 469 516 439 616 121 793 214 455 934 150 895 750 674 350 843 549 290 410 390 962 898 368 454 449 287 432 373 526 347 562 336 437 382 629 371 417 178 160 437 120 759 193 130 837 83 108 323 112 323 507 748 611 148 438 431 584 625 509 659 575 692 129 935 423 443 852 886 697 249 78 227 384 855 560 310 303 542 739 717 819 793 536 430 399 386 746 619 864 513 691 214 462 341 204 854 211 223 630 325 656 849 196 653 203 241 676 640 469 809 324 526 436 257 669 487 360 883 795 559 834 148 604 694 883 723 863 546 553 951 743 715 814 163 743 692 671 361 297 257 414 743 851 862 956 488 103 347 691 864 583 469 54 608 208 467 839
199 371 314 289 346 454 282 0 412 257 454 611 561 76 527 578 307 546 232 613 542 638 331 792 380 347 206 562 344 62 442 216 345 157 536 588 510 423 648 376 379 469 445 86 667 617 537 499 706 457 577 506 595 620 307 216 184 623 572 94 103 575 333 387 388 466 651 423 584 109 188 448 516 557 457 497 438 285 343 325 350 281 469 392 498 621 412 293 391 351 305 199 245 217 344 233 559 248 620 792 260 805 467 453 477 574 367 303 332 336 823 641 281 172 245 507 479 293 246 205 281 57 571 339 508 361 473 256 300 223 400 493 95 336 621 357 218 280 177 271 517 470 372 425 508 225 408 381 226 639 320 424 255 809 482 301 572 727 617 253 304 415 154 573 414 288 150 521 484 439 555 729 283 305 559 213 641 350 701 418 638 76 679 331 107 573 365 153 582 328 379 568 415 432 322 410 413 358 255 528 510 274 556 507 428 404 594 754 512 350 552 169 379 427 747 445 621 309 483 668 683 434 561 135 620 481 391 417 452 113 370 460 669 582 849 439 270 105 605 581 337 325 302 343 373 449 746
554 295 283 438 594 697 687 412 0 241 233 947 726 339 747 330 282 715 233 954 163 973 743 637 189 305 206 416 361 371 229 494 368 279 827 283 141 417 725 586 562 307 214 371 559 534 529 497 317 711 187 108 312 207 644 502 459 659 651 359 369 178 251 257 52 763 692 817 429 382 591 234 431 411 711 305 76 207 72 728 762 570 87 709 520 211 262 648 637 706 107 301 280 283 258 644 246 641 899 620 614 720 126 235 754 165 516 565 627 508 649 251 592 264 444 851 681 604 169 404 139 370 830 659 474 563 686 595 650 427 798 100 494 748 340 752 631 624 575 612 663 70 173 820 724 305 336 156 199 704 142 294 620 662 696 546 174 540 603 632 716 754 407 187 395 641 494 629 134 41 159 704 176 567 844 483 576 76 513 662 656 488 1000 553 485 254 697 488 629 681 228 180 773 231 722 739 320 100 430 152 827 184 806 874 167 665 938 615 155 260 180 549 431 56 596 235 269 200 541 306 678 64 193 547 532 272 203 654 758 495 530 122 448 186 726 549 683 403 585 221 365 384 695 295 709 754 670
333 401 76 197 352 672 488 257 241 0 412 709 496 186 508 320 70 484 33 716 404 733 565 558 337 393 149 319 427 196 185 258 431 221 585 334 283 225 521 574 323 216 190 270 443 400 351 313 558 680 354 350 339 429 556 267 228 469 443 169 169 419 79 386 194 522 501 603 340 295 396 408 291 314 679 241 304 275 175 524 578 509 325 471 326 442 156 421 607 605 160 286 304 49 359 478 308 505 657 552 389 597 351 196 512 371 532 324 566 269 584 412 519 218 421 614 443 531 169 166 191 246 588 582 306 322 447 366 421 397 587 284 306 576 364 541 459 530 377 519 436 312 123 605 485 65 173 137 194 504 101 432 399 577 457 509 415 482 434 509 534 519 343 429 208 540 392 410 254 281 339 545 66 523 602 425 434 165 455 635 474 326 759 311 286 481 461 269 432 581 362 422 542 175 576 501 442 256 418 392 587 58 565 644 180 627 701 523 390 98 420 340 490 225 512 408 376 58 334 547 508 294 327 380 402 223 354 412 518 367 293 345 416 428 627 325 511 310 417 460 425 157 484 384 474 691 539
642 125 476 601 737 560 732 454 233 412 0 1057 906 404 909 563 473 894 387 1061 183 1084 757 871 78 152 290 647 206 444 459 615 212 298 960 509 361 625 930 451 727 536 445 378 790 762 745 709 307 579 380 206 542 324 573 620 577 871 852 449 464 232 454 83 278 892 904 876 661 371 641 8 656 643 578 537 164 170 256 776 782 484 178 826 729 301 485 741 512 639 254 264 218 435 122 654 474 617 1040 854 706 952 128 466 892 327 368 700 532 672 882 433 514 284 351 954 846 523 252 542 222 398 979 573 692 721 848 695 746 346 852 312 550 755 568 810 648 561 632 550 847 204 393 879 886 461 550 379 246 912 337 85 705 895 858 440 232 773 823 596 737 860 366 209 604 582 463 822 362 205 351 928 353 466 981 413 803 277 746 531 872 518 1121 703 556 135 805 582 837 617 77 209 866 460 701 850 119 159 330 173 947 357 958 961 399 543 1043 848 146 467 177 621 262 290 829 10 479 394 742 243 898 175 404 571 761 504 64 805 882 489 700 126 681 230 960 737 695 390 805 177 214 569 757 147 815 646 900
415 983 694 527 366 919 384 611 947 709 1057 0 397 653 306 915 691 392 714 16 1105 27 449 926 980 959 775 808 952 613 835 454 951 761 157 974 982 645 548 899 430 800 850 696 805 757 649 638 1265 909 1051 1055 957 1137 726 446 490 604 534 609 595 1125 731 996 903 195 603 267 826 714 444 1051 733 806 909 831 1000 887 876 351 423 777 1026 238 608 1151 780 318 877 707 850 810 856 664 954 505 963 596 160 946 352 841 1041 841 221 1077 930 386 794 470 968 1099 753 774 823 104 353 757 817 543 852 668 213 764 676 416 336 362 312 807 292 991 517 471 971 306 493 707 445 708 433 1017 815 264 319 644 712 834 813 563 810 1035 355 925 332 827 1122 928 671 632 439 197 747 1132 659 692 679 492 951 985 1041 722 773 815 158 764 742 871 916 896 632 566 78 411 504 1162 253 475 581 702 985 1126 198 824 566 209 1025 933 840 1092 124 763 237 134 866 870 29 885 1084 735 1119 442 975 934 896 1049 1040 761 563 1245 679 993 1015 532 764 842 993 329 193 628 466 1035 934 1134 917 503 480 703 675 1156 944 603 336 955 242 838 799
403 876 442 306 222 997 521 561 726 496 906 397 0 554 94 579 444 14 518 413 888 408 628 532 830 861 623 453 879 522 543 345 881 656 243 653 707 326 154 933 185 484 561 638 418 375 277 280 1029 994 769 830 627 875 817 346 376 207 140 499 482 893 475 871 674 242 206 513 466 666 503 902 381 453 994 510 795 754 667 520 616 825 813 284 248 898 490 373 938 831 656 723 758 471 837 615 653 700 256 554 380 444 844 546 202 811 928 264 865 237 573 802 815 662 805 367 89 824 656 378 683 602 186 855 319 200 104 358 361 783 520 732 505 651 633 495 593 790 488 785 63 795 559 511 90 445 410 578 670 166 585 916 400 529 98 856 889 546 279 728 600 332 714 909 346 786 695 114 679 767 767 325 559 856 239 771 352 653 538 964 234 566 398 229 473 975 316 414 189 815 850 902 381 534 719 306 919 752 814 878 298 553 160 439 593 944 411 492 880 469 906 449 927 692 505 901 728 526 207 1031 281 785 725 572 381 532 846 161 261 643 207 839 569 903 519 177 617 665 286 947 874 342 472 853 325 958 401
238 337 250 260 352 498 349 76 339 186 404 653 554 0 533 506 243 540 159 656 475 680 405 735 327 317 134 500 327 40 369 222 329 110 562 513 434 373 624 409 368 402 372 94 613 565 494 454 639 504 501 436 522 546 370 225 185 591 546 55 71 506 265 345 313 492 621 485 522 122 253 398 460 495 503 428 369 233 268 391 423 329 400 423 458 549 343 336 434 419 231 171 211 152 304 309 484 323 645 732 302 757 402 380 498 499 384 311 384 319 763 564 335 122 263 550 478 348 176 178 212 62 589 398 459 354 475 291 341 239 464 418 157 412 548 419 294 343 239 333 504 399 297 488 512 166 347 305 163 613 244 386 302 752 485 338 502 664 576 324 378 455 174 505 362 354 206 500 408 367 479 688 207 347 584 250 592 275 638 461 603 152 717 328 154 514 401 178 550 395 332 500 462 360 398 446 381 292 267 461 544 199 571 559 353 450 638 698 447 283 486 220 373 352 689 396 545 235 449 605 645 365 484 210 568 410 340 424 481 181 352 395 602 512 796 414 346 132 562 517 321 279 363 311 411 507 698
350 866 466 310 182 945 447 527 747 508 909 306 94 533 0 639 466 87 526 321 910 318 551 620 831 848 620 520 860 498 585 313 862 641 149 707 745 373 249 890 184 534 602 610 502 455 350 346 1058 941 811 854 685 911 760 312 348 298 228 479 462 920 502 866 696 150 300 424 535 636 442 904 446 519 941 563 812 749 683 441 536 777 832 201 314 931 530 302 889 768 667 704 744 476 829 549 704 638 176 641 315 537 860 589 110 848 893 224 813 239 662 849 764 649 772 273 66 772 656 368 687 574 101 799 385 187 60 299 290 750 433 765 459 574 694 412 528 734 429 730 129 817 588 422 23 450 453 607 666 261 604 910 334 619 51 813 916 627 365 668 525 243 682 933 392 728 651 188 716 788 806 419 574 810 148 731 437 671 617 914 326 520 314 207 430 989 236 375 275 754 847 926 292 575 649 219 910 761 783 899 203 566 74 345 629 893 318 579 898 499 927 395 903 719 591 903 780 547 270 1054 374 802 769 518 462 580 847 110 170 597 217 854 642 929 612 220 546 633 370 967 854 365 395 842 242 898 493
618 618 272 406 555 974 785 578 330 320 563 915 579 506 639 0 278 574 347 926 440 935 873 311 517 623 430 135 674 517 138 523 680 517 765 82 211 270 512 869 484 121 140 584 258 256 310 299 524 984 237 384 48 356 874 533 506 432 458 487 485 417 245 584 292 719 461 879 133 607 700 564 198 133 984 88 400 509 333 816 882 820 393 695 332 388 167 686 910 925 360 569 568 362 577 793 102 826 815 291 660 412 444 127 694 298 812 549 878 448 319 243 833 508 716 838 576 846 421 438 415 564 739 898 261 500 590 632 682 694 868 259 619 886 55 823 773 848 680 838 519 367 218 880 618 360 208 218 458 488 286 623 675 336 596 812 414 210 355 830 841 753 650 443 255 860 710 465 202 358 252 428 310 829 774 733 300 310 184 937 417 645 945 510 594 553 700 562 418 901 554 437 789 147 894 729 647 422 708 437 791 316 712 887 177 933 916 293 455 230 458 637 744 273 272 565 159 272 372 558 418 388 191 697 251 97 532 586 724 688 449 443 118 427 404 419 823 624 338 498 675 325 770 613 714 1005 371
345 469 7 164 326 737 509 307 282 70 473 691 444 243 466 278 0 433 103 700 445 714 595 492 401 462 220 256 497 245 155 257 502 291 558 307 290 156 457 641 283 163 167 332 375 331 281 243 592 744 360 388 305 449 612 266 234 401 379 214 209 453 40 453 230 499 434 613 278 359 422 470 222 251 744 192 351 343 224 542 605 571 368 456 258 467 111 424 672 659 218 357 375 91 427 515 287 552 625 488 394 527 401 165 484 387 601 306 627 230 520 410 579 288 488 602 400 591 238 166 256 305 553 641 235 286 407 368 421 465 599 302 341 608 328 553 495 586 402 576 382 351 125 614 443 83 105 144 264 439 141 499 407 511 416 575 449 421 364 560 563 509 408 467 138 595 450 351 260 323 349 475 120 587 573 489 363 208 395 700 405 370 736 282 315 531 452 286 365 635 428 460 538 144 618 489 510 314 486 434 567 116 528 639 175 691 686 456 436 49 462 361 560 252 447 470 361 82 269 588 438 341 325 420 332 182 418 379 498 420 249 395 362 463 559 268 545 372 347 503 495 102 498 453 466 751 469
388 863 432 293 207 982 508 546 715 484 894 392 14 540 87 574 433 0 506 408 878 404 614 534 817 847 610 450 865 508 535 330 868 642 237 647 699 318 163 919 171 477 553 624 419 374 274 276 1019 980 761 820 621 866 802 332 362 211 143 485 468 883 464 858 663 233 212 502 463 651 489 890 377 449 980 504 784 741 656 507 603 810 802 272 243 889 482 360 923 816 644 709 744 459 824 601 646 686 255 556 366 450 833 538 193 802 914 249 851 224 576 795 800 649 791 359 75 809 643 364 671 588 183 841 314 186 90 344 348 769 508 723 490 637 628 482 579 776 473 771 55 784 549 500 79 432 402 568 657 174 574 903 386 533 85 841 879 546 281 714 586 321 700 899 338 772 680 110 670 756 759 332 548 841 234 756 354 642 537 949 239 551 396 215 459 964 303 400 190 801 837 891 370 526 705 295 906 740 800 867 290 541 157 430 584 930 405 494 869 459 895 434 913 682 507 889 722 515 201 1021 287 774 717 558 381 524 834 147 251 628 194 828 567 893 524 167 603 651 287 937 860 330 459 840 312 944 406
327 371 109 215 363 639 476 232 233 33 387 714 518 159 526 347 103 506 0 721 392 739 548 591 312 361 117 352 395 174 210 261 399 188 595 355 292 258 550 541 342 247 212 239 476 434 383 345 550 648 362 341 363 428 527 269 227 500 471 149 153 411 111 358 190 530 532 596 373 264 382 384 324 347 647 271 290 245 163 513 562 478 314 476 357 439 186 419 575 578 141 253 271 50 329 458 327 481 670 585 386 630 335 221 523 373 498 333 535 287 616 422 488 185 387 618 461 501 140 171 165 217 603 553 339 338 465 364 419 364 578 286 290 558 389 533 441 501 364 491 459 302 140 598 503 75 207 151 163 533 101 404 394 610 474 477 407 514 466 483 518 521 311 419 240 512 363 436 263 271 344 578 61 491 613 393 467 156 487 602 505 304 767 324 272 464 464 262 462 553 334 412 542 200 554 505 412 235 384 380 594 51 580 644 197 595 705 556 376 130 408 330 457 224 545 383 392 76 363 534 540 281 338 360 435 251 328 427 525 341 313 329 445 420 660 350 492 279 450 446 392 184 475 353 477 661 572
418 985 703 537 375 914 381 613 954 716 1061 16 413 656 321 926 700 408 721 0 1111 31 442 941 984 960 780 821 953 616 845 460 952 764 172 985 990 657 564 896 442 811 860 698 820 771 663 651 1271 903 1060 1062 968 1145 721 452 496 619 550 614 600 1132 740 999 910 207 619 260 838 715 444 1055 745 819 903 843 1006 890 883 346 415 773 1033 245 622 1159 791 320 872 700 856 812 858 672 956 501 974 591 176 961 355 857 1047 852 234 1085 928 394 789 480 982 1109 749 777 822 106 367 753 822 550 857 670 229 758 689 427 350 366 315 807 285 999 519 464 982 301 489 702 445 703 448 1023 824 256 334 651 723 842 817 579 818 1037 357 940 346 824 1128 942 686 627 433 202 747 1139 671 687 677 506 960 992 1049 738 780 811 173 762 757 878 930 891 647 566 87 421 507 1167 258 479 596 696 988 1132 198 834 559 215 1027 938 840 1098 135 771 252 127 875 865 20 900 1090 744 1125 443 974 941 910 1053 1051 769 577 1250 694 999 1024 530 778 852 997 341 203 627 477 1040 947 1141 932 516 475 703 690 1161 944 613 333 957 247 831 814
703 298 446 601 756 736 824 542 163 404 183 1105 888 475 910 440 445 878 392 1111 0 1131 868 750 201 321 340 549 379 511 372 651 386 390 988 371 228 575 881 625 725 449 354 483 690 673 681 651 164 753 220 60 408 142 725 658 615 812 809 505 516 49 413 253 214 923 845 960 558 486 728 189 577 545 753 440 106 278 229 866 890 641 78 867 677 117 414 800 684 790 255 387 349 443 279 766 340 747 1061 728 765 849 78 375 916 159 544 725 693 671 754 263 667 375 507 1006 844 678 298 564 262 492 993 731 626 726 850 748 802 496 939 182 631 870 431 894 755 709 714 697 826 93 331 962 887 466 492 313 315 860 305 268 770 775 859 604 48 648 751 731 844 910 497 32 553 729 593 790 243 122 195 846 338 628 1006 561 716 239 623 705 807 615 1160 715 628 114 853 638 784 766 232 28 926 377 830 896 301 184 488 14 986 346 969 1026 311 714 1095 733 38 420 18 693 442 199 712 191 324 363 700 143 824 112 256 673 670 407 203 817 918 606 693 85 553 48 844 712 806 507 733 61 387 548 838 314 865 814 803
442 1010 717 550 388 945 411 638 973 733 1084 27 408 680 318 935 714 404 739 31 1131 0 474 939 1007 986 801 826 979 640 857 479 979 788 172 995 1005 665 557 926 451 820 872 724 820 772 665 655 1290 934 1074 1080 977 1161 752 472 515 615 547 636 621 1151 754 1023 928 217 613 291 843 742 472 1078 751 824 934 852 1026 913 902 377 447 804 1052 263 625 1176 802 345 903 732 875 837 883 689 981 532 985 622 161 959 379 851 1067 863 240 1101 957 410 820 492 980 1122 780 801 850 131 369 784 843 568 878 695 222 789 693 437 352 389 339 835 316 1015 544 495 990 332 520 733 472 734 447 1042 839 288 333 668 733 858 840 573 835 1062 382 937 347 854 1147 944 684 658 464 224 774 1158 680 718 706 506 975 1010 1064 732 798 842 169 791 756 896 932 922 643 593 55 434 532 1189 279 501 594 728 1012 1151 225 846 591 235 1052 959 868 1118 147 788 247 159 889 896 51 898 1110 757 1145 469 1002 958 909 1076 1062 785 580 1270 689 1018 1037 559 779 863 1020 348 216 655 486 1061 952 1159 927 520 506 730 689 1181 971 625 363 982 269 863 810
269 651 601 495 425 475 107 331 743 565 757 449 628 405 551 873 595 614 548 442 868 474 0 1028 691 622 537 824 594 377 747 369 591 477 468 898 837 657 765 473 505 755 754 385 895 841 739 707 1031 462 906 836 899 951 286 360 373 776 707 399 396 904 630 679 718 416 794 182 846 387 173 749 761 820 462 786 766 597 674 111 29 354 798 350 692 952 706 255 439 258 636 493 538 518 636 103 873 165 542 1035 257 1001 791 757 450 905 522 397 356 495 1064 968 325 493 440 362 539 326 576 438 610 376 533 321 731 479 523 285 267 433 157 823 258 23 923 150 112 271 193 275 615 800 687 186 543 514 677 699 553 766 644 706 237 1039 529 410 901 985 803 199 32 321 393 900 658 253 299 650 810 769 885 900 606 392 490 372 851 680 962 455 799 255 528 448 280 886 314 314 737 256 680 895 281 736 116 338 686 684 462 854 411 596 534 315 745 428 422 986 836 644 877 238 594 757 986 747 940 622 659 987 851 763 886 196 846 778 698 468 394 268 520 784 946 910 1062 595 62 367 797 902 585 566 156 622 309 389 945
759 915 485 534 626 1230 925 792 637 558 871 926 532 735 620 311 492 534 591 941 750 939 1028 0 820 917 697 239 963 731 418 659 969 778 769 380 522 375 397 1132 541 351 429 825 132 187 294 322 819 1237 539 695 342 654 1100 668 660 325 391 698 690 724 480 885 595 748 335 979 220 852 860 872 276 244 1236 339 709 798 629 944 1029 1064 704 757 341 688 412 794 1165 1142 649 840 848 583 874 970 410 1025 788 32 779 140 755 409 713 602 1087 642 1119 536 41 526 1070 773 979 879 576 1082 700 604 702 797 717 1131 296 565 594 749 785 955 976 570 802 1046 322 937 947 1073 839 1064 493 678 497 979 606 569 387 505 734 376 566 927 798 25 596 1067 721 102 254 1038 996 815 901 752 380 1080 940 435 513 668 558 232 576 1080 769 982 186 606 127 1193 298 846 930 591 770 864 776 721 344 1119 856 745 862 421 1079 789 948 724 975 748 815 578 692 944 474 1184 937 42 766 461 768 793 1032 581 45 873 442 530 381 862 260 697 496 886 181 371 836 621 762 905 516 753 198 734 97 449 991 865 252 807 964 473 893 907 789 1241 143
565 108 405 524 659 537 660 380 189 337 78 980 830 327 831 517 401 817 312 984 201 1007 691 820 0 125 211 590 184 367 403 536 191 223 882 472 328 555 858 426 650 477 391 307 732 701 677 640 350 554 360 200 502 329 526 542 499 801 780 371 386 248 385 67 225 813 834 803 606 303 568 73 593 585 554 482 137 95 193 704 715 440 164 748 659 313 423 664 484 591 184 197 155 358 80 587 436 557 962 805 629 893 126 411 814 317 347 622 492 595 834 420 467 208 306 877 769 478 174 464 146 325 900 531 626 643 770 617 668 296 779 282 475 690 529 737 580 511 558 499 771 184 331 806 809 384 483 319 168 840 270 106 629 844 780 402 246 725 756 539 669 782 305 232 535 531 402 748 323 173 331 864 281 427 902 362 741 216 697 505 803 446 1043 625 480 195 727 505 766 568 38 230 789 402 641 772 130 96 287 188 869 285 879 885 345 513 966 795 163 399 202 545 251 245 777 72 453 324 670 298 832 145 377 501 700 450 16 727 804 423 623 120 635 249 906 662 628 323 739 218 190 495 683 117 738 612 840
545 29 467 556 669 414 610 347 305 393 152 959 861 317 848 623 462 847 361 960 321 986 622 917 125 0 245 681 58 355 498 539 65 207 878 586 447 618 910 303 676 567 489 262 819 783 744 706 459 431 484 326 613 454 422 543 502 862 830 370 387 370 456 70 331 808 894 756 699 247 524 144 672 676 431 577 262 120 290 653 649 332 289 737 719 437 508 641 363 488 267 149 105 398 47 520 550 474 961 904 607 979 250 508 815 443 223 628 379 623 934 545 362 199 200 855 791 371 225 483 215 291 906 421 697 665 789 601 648 197 730 403 441 617 641 691 517 411 518 400 806 309 420 759 827 424 557 412 198 894 352 84 603 940 799 288 369 826 826 450 605 763 229 351 600 432 323 792 438 295 455 937 350 313 900 264 820 313 798 383 867 399 1027 642 454 287 712 492 824 466 90 350 762 495 556 757 66 205 178 309 856 351 888 852 446 393 941 888 283 473 320 517 126 358 873 141 574 397 724 396 901 269 497 446 783 546 119 740 796 357 654 245 740 370 998 704 561 263 809 327 65 544 641 10 720 495 923
365 256 225 316 447 543 484 206 206 149 290 775 623 134 620 430 220 610 117 780 340 801 537 697 211 245 0 457 277 171 292 326 282 87 671 418 316 375 664 440 441 347 289 169 588 548 501 462 504 554 379 301 435 414 456 332 288 616 585 166 180 371 220 247 188 603 648 619 477 186 388 285 437 452 553 365 234 131 139 526 556 393 265 540 474 415 285 463 480 513 100 142 155 154 215 437 385 437 750 689 428 744 269 303 603 370 389 410 451 386 720 444 409 78 286 674 559 422 42 252 78 164 688 476 455 433 559 413 466 264 598 292 291 542 463 554 424 433 374 421 566 264 211 622 598 180 320 212 47 649 144 293 431 718 569 382 367 614 583 431 510 578 223 371 358 448 297 548 293 233 355 695 122 399 691 305 582 150 587 507 622 282 835 413 287 387 521 301 578 489 227 365 589 286 517 566 298 159 279 326 661 118 668 688 257 503 762 665 314 238 352 352 341 227 652 283 436 167 478 473 657 230 369 340 549 339 227 515 595 291 416 262 538 378 771 461 476 206 567 385 275 299 497 236 533 579 687
558 681 249 332 462 991 727 562 416 319 647 808 453 500 520 135 256 450 352 821 549 826 824 239 590 681 457 0 726 499 188 458 731 538 654 216 324 173 378 893 383 114 202 588 142 125 179 174 650 999 364 490 183 482 868 468 450 297 326 467 461 533 240 653 369 615 326 804 22 614 652 647 75 5 999 110 491 561 397 753 829 828 492 602 206 513 173 612 927 913 414 600 609 347 639 755 230 802 697 233 590 304 539 180 587 422 847 464 884 357 264 377 835 533 739 740 460 848 461 387 466 562 621 898 135 402 476 560 605 716 796 367 583 840 183 754 734 842 631 832 396 466 261 804 501 336 153 271 495 354 328 697 607 260 481 829 530 165 220 812 792 661 662 558 168 850 706 339 306 451 374 300 336 842 662 744 169 374 140 954 282 620 832 419 553 659 612 510 284 890 625 551 702 188 862 636 716 494 735 544 687 339 594 795 248 946 813 207 558 222 568 585 793 361 194 648 293 290 250 677 285 479 317 665 122 144 606 480 623 675 350 537 128 544 317 305 780 628 203 609 725 258 704 671 626 1007 255
543 81 503 578 679 356 592 344 361 427 206 952 879 327 860 674 497 865 395 953 379 979 594 963 184 58 277 726 0 362 546 548 6 223 880 640 503 653 936 246 693 612 537 258 861 823 778 740 513 374 542 385 666 513 376 550 511 892 857 382 398 428 495 126 384 810 924 737 744 237 511 198 713 721 373 624 320 165 340 635 622 285 348 737 751 495 552 636 306 442 315 156 124 427 105 494 604 440 964 952 604 1020 308 556 820 501 164 637 329 642 982 603 316 218 158 848 805 324 265 501 261 290 913 372 733 681 802 600 644 161 711 460 435 587 694 674 494 368 507 357 827 368 466 741 840 452 596 460 233 922 397 127 597 985 812 237 427 874 861 413 580 759 208 409 635 390 295 816 493 353 513 973 391 263 903 226 859 363 846 326 899 387 1022 655 452 339 709 495 854 421 148 408 754 542 520 755 98 261 136 368 854 390 896 840 496 337 933 933 341 512 377 511 70 413 919 195 630 438 753 448 935 327 554 429 824 594 178 751 797 335 674 303 790 428 1042 729 534 249 845 383 9 573 627 67 717 440 963
198 376 252 237 316 510 315 62 371 196 444 613 522 40 498 517 245 508 174 616 511 640 377 731 367 355 171 499 362 0 382 185 364 150 523 530 459 363 599 427 338 407 386 116 606 556 480 440 676 514 528 471 536 578 369 188 149 570 522 32 44 541 272 384 342 453 599 448 522 145 219 438 454 494 514 435 406 273 300 356 394 338 436 384 441 583 350 296 447 413 264 208 250 155 344 284 502 309 606 730 262 746 440 393 459 529 409 274 391 290 761 590 341 161 286 510 444 353 213 152 250 80 551 400 449 322 440 251 301 263 427 446 122 385 561 382 267 342 204 333 474 433 314 451 478 163 346 325 202 589 267 425 262 747 450 353 538 665 560 314 348 415 195 542 353 350 210 474 432 402 507 672 229 360 545 265 581 304 639 474 583 130 677 294 116 554 361 138 529 390 372 536 422 372 379 406 420 329 293 497 504 219 533 519 371 461 598 693 485 288 523 181 406 380 685 436 565 250 429 644 628 401 508 185 560 420 380 388 442 175 324 433 607 548 788 389 320 149 547 555 356 265 326 350 371 510 686
501 496 150 308 469 836 664 442 229 185 459 835 543 369 585 138 155 535 210 845 372 857 747 418 403 498 292 188 546 382 0 412 552 379 694 152 164 217 514 732 411 78 18 446 330 305 310 283 492 846 225 312 153 332 735 422 390 442 445 354 353 364 117 467 181 640 474 768 203 468 575 459 205 183 846 79 304 380 210 697 758 682 308 604 311 358 55 579 772 787 231 433 435 230 455 662 131 691 754 405 549 492 354 11 621 269 678 454 739 365 436 265 695 371 579 750 519 707 287 321 285 426 680 760 255 421 529 523 575 557 755 196 490 758 179 709 643 710 555 699 480 284 81 770 563 233 133 86 323 492 151 509 563 441 537 674 360 327 379 694 715 659 512 385 196 722 572 435 138 266 223 476 171 691 707 595 347 187 300 799 435 512 874 423 466 477 603 441 416 763 438 378 690 11 761 638 530 306 571 365 710 177 653 791 61 795 832 391 376 106 391 515 615 176 375 460 207 134 341 507 452 293 183 565 303 48 419 512 641 551 375 351 246 374 503 368 694 485 361 433 547 232 654 488 617 867 441
99 559 261 126 131 656 269 216 494 258 615 454 345 222 313 523 257 330 261 460 651 479 369 659 536 539 326 458 548 185 412 0 549 332 345 563 540 288 443 588 168 402 424 297 527 473 374 340 811 655 611 601 556 688 485 9 37 432 372 169 152 671 297 563 451 277 456 357 480 323 201 609 393 454 655 434 546 448 422 295 371 482 572 216 328 700 363 166 595 510 396 393 434 212 524 314 544 383 425 666 137 641 588 421 277 630 583 89 527 137 695 665 475 341 461 357 262 485 367 93 401 261 367 522 362 147 257 110 164 439 344 543 166 386 576 300 291 457 181 451 304 563 374 358 293 194 317 391 368 438 359 606 152 671 266 511 668 616 444 404 336 261 370 678 290 457 351 317 510 531 597 549 320 512 366 425 485 417 595 622 451 224 510 116 132 712 203 72 391 491 547 672 283 400 424 245 602 481 471 638 336 311 349 385 429 604 444 618 631 306 665 134 590 483 617 608 618 314 300 791 500 538 579 244 478 433 551 203 269 301 168 582 583 680 697 243 331 321 436 702 542 201 247 533 216 629 583
544 88 508 580 681 349 590 345 368 431 212 951 881 329 862 680 502 868 399 952 386 979 591 969 191 65 282 731 6 364 552 549 0 226 881 646 509 657 940 239 696 617 543 258 866 828 783 744 519 367 548 391 672 520 371 552 513 896 861 384 400 435 500 133 391 811 928 736 749 237 510 204 717 726 367 630 327 171 346 633 619 280 355 737 755 502 557 636 300 437 320 158 127 431 112 492 610 436 965 957 604 1024 315 562 820 508 157 639 323 645 988 610 311 221 154 847 807 319 270 503 266 291 914 366 737 683 804 601 644 158 710 466 435 584 700 673 492 363 507 353 829 374 472 739 842 455 601 465 238 926 403 133 597 991 814 231 434 880 865 410 577 758 206 416 640 385 292 819 499 360 519 977 396 257 904 222 863 369 852 319 903 386 1022 657 452 345 710 496 857 416 155 414 754 548 517 755 103 267 132 374 855 395 897 839 502 330 932 939 348 517 384 511 64 420 924 201 637 443 756 454 939 334 560 427 829 600 184 752 797 333 677 310 796 435 1047 732 531 248 849 389 7 577 626 74 717 434 968
346 227 297 354 461 457 439 157 279 221 298 761 656 110 641 517 291 642 188 764 390 788 477 778 223 207 87 538 223 150 379 332 226 0 673 506 400 440 715 355 471 430 376 93 665 622 565 526 553 467 460 361 522 482 370 335 294 674 636 162 179 428 298 234 269 603 705 580 559 102 345 291 512 533 466 450 290 127 219 482 499 306 322 534 535 479 368 444 393 429 180 68 102 210 193 375 472 362 755 771 409 818 314 390 608 444 310 420 364 419 802 525 322 15 201 658 584 335 111 278 139 103 699 389 524 458 582 400 449 178 557 372 252 479 550 514 365 348 335 337 603 327 298 583 620 233 395 300 79 701 231 275 408 798 592 295 425 698 648 352 453 564 135 422 425 364 215 593 378 298 434 761 208 312 695 217 654 234 670 420 682 226 827 434 258 415 510 289 634 405 223 418 568 372 444 556 270 207 196 376 654 202 681 663 345 416 746 744 359 317 399 323 277 308 732 289 522 250 533 512 721 288 453 283 623 425 234 532 592 218 451 307 624 433 849 506 415 123 633 426 218 355 460 201 520 492 760
338 900 559 393 232 907 376 536 827 585 960 157 243 562 149 765 558 237 595 172 988 172 468 769 882 878 671 654 880 523 694 345 881 673 0 827 847 495 396 868 283 653 710 623 648 600 492 482 1144 900 915 935 808 1007 714 340 383 448 378 512 497 1004 596 907 779 70 449 311 671 645 402 955 579 653 900 684 885 793 758 356 447 748 909 145 452 1024 639 256 857 710 735 730 773 545 867 492 819 586 84 789 283 687 929 700 73 945 885 263 776 329 810 960 730 684 769 133 196 736 712 425 746 590 72 754 521 273 179 281 246 750 327 860 451 491 821 318 475 691 396 690 276 897 683 309 162 521 567 702 714 410 686 949 295 768 175 792 1000 771 514 620 447 148 685 1014 511 681 634 334 817 866 907 568 651 785 23 718 585 750 759 879 476 508 180 275 429 1055 178 386 424 700 892 1007 186 683 578 137 943 824 784 976 64 642 87 208 730 855 168 728 971 598 1004 376 913 807 738 953 897 633 407 1130 524 877 876 489 606 697 897 181 85 580 319 923 779 1013 762 348 479 637 518 1042 873 463 321 873 175 843 643
653 577 302 453 610 957 816 588 283 334 509 974 653 513 707 82 307 647 355 985 371 995 898 380 472 586 418 216 640 530 152 563 646 506 827 0 148 334 592 849 544 174 144 582 339 338 388 374 445 969 160 319 38 277 872 572 541 512 535 503 504 344 269 540 255 778 542 920 215 602 727 512 275 214 969 144 345 478 302 850 910 812 334 748 406 310 199 729 895 927 335 551 544 380 539 812 36 836 881 357 700 489 385 142 756 222 787 599 870 504 382 161 828 495 699 893 643 840 402 473 389 567 806 894 337 557 655 673 725 679 906 197 640 910 59 861 794 848 708 837 591 307 216 921 686 385 261 209 439 568 276 577 714 405 663 798 341 277 436 837 867 804 642 372 316 861 710 539 148 304 178 510 307 817 838 724 382 281 253 921 499 660 1008 564 618 486 749 593 497 903 511 365 838 163 909 782 603 381 689 370 849 315 779 938 162 919 973 367 390 258 389 668 710 227 345 513 77 279 445 482 500 334 116 714 333 132 486 646 781 694 508 385 182 354 476 487 845 621 419 427 643 374 806 576 764 998 451
617 435 288 454 617 835 768 510 141 283 361 982 707 434 745 211 290 699 292 990 228 1005 837 522 328 447 316 324 503 459 164 540 509 400 847 148 0 382 676 725 567 234 146 486 463 449 471 446 330 848 71 172 182 168 770 549 511 602 609 439 444 209 250 396 130 789 634 887 332 501 674 364 361 321 848 219 197 347 181 805 853 701 185 746 475 194 216 705 774 829 219 433 418 332 399 743 114 752 911 501 673 621 237 163 773 104 657 596 759 518 528 130 721 387 580 891 679 733 289 447 267 478 838 787 416 574 688 649 704 561 870 49 580 845 207 824 727 748 656 737 644 159 166 889 723 346 297 148 324 654 192 431 683 547 697 681 206 421 534 748 808 797 534 234 360 763 613 600 30 157 60 624 232 701 861 613 493 166 395 799 594 586 1026 572 564 342 740 553 578 805 367 227 824 173 830 778 458 242 567 225 858 242 812 926 117 801 977 505 244 249 247 622 573 93 484 365 127 226 506 352 606 187 53 644 446 188 341 667 788 606 532 237 326 219 615 531 779 522 516 287 506 384 767 437 754 887 576
388 626 151 162 290 872 557 423 417 225 625 645 326 373 373 270 156 318 258 657 575 665 657 375 555 618 375 173 653 363 217 288 657 440 495 334 382 0 308 782 214 160 235 467 245 194 125 87 707 877 442 515 313 550 730 297 285 246 233 330 320 574 170 608 364 450 279 630 194 496 486 622 104 170 876 190 491 500 370 581 660 701 503 430 104 574 165 438 807 768 370 508 529 230 583 594 330 650 547 379 417 383 542 220 424 486 749 290 754 184 409 477 704 440 632 571 308 716 394 228 411 436 471 762 85 232 321 387 431 608 622 410 426 674 325 581 572 702 466 693 263 482 244 630 352 209 85 262 420 288 287 654 435 389 328 712 571 328 208 664 624 489 547 593 21 707 573 218 354 458 441 321 273 721 505 624 218 351 306 835 249 471 675 246 395 671 439 346 213 746 583 585 529 208 704 464 666 465 632 566 521 271 444 624 270 823 647 335 572 158 594 419 714 375 331 622 406 230 125 716 282 480 399 510 198 207 572 316 456 534 180 537 301 584 426 153 617 506 192 636 650 98 531 609 453 872 324
520 920 453 363 342 1098 657 648 725 521 930 548 154 624 249 512 457 163 550 564 881 557 765 397 858 910 664 378 936 599 514 443 940 715 396 592 676 308 0 1025 275 442 532 716 301 270 206 230 1006 1099 729 821 561 843 928 448 466 82 79 571 556 877 477 908 672 396 62 663 384 744 626 927 319 379 1098 461 799 795 678 661 756 924 811 432 204 870 467 510 1037 950 675 783 813 511 879 741 601 820 399 422 510 294 850 513 357 780 1008 378 970 311 438 751 919 718 886 522 231 929 690 447 712 680 334 966 260 299 249 485 498 862 668 710 610 787 560 640 718 901 608 895 150 789 551 662 243 485 389 569 712 24 594 954 531 390 246 949 874 430 164 845 736 483 795 897 329 900 792 126 652 766 733 175 577 952 390 861 236 659 428 1064 103 668 541 332 576 979 461 516 97 932 884 890 533 507 848 457 962 771 891 873 452 573 311 594 572 1047 564 360 880 466 900 565 992 682 377 927 670 536 187 1020 137 788 683 685 277 489 875 298 415 744 278 845 473 888 371 210 747 748 178 942 933 365 611 901 471 1072 258
541 328 648 664 713 111 514 376 586 574 451 899 933 409 890 869 641 919 541 896 625 926 473 1132 426 303 440 893 246 427 732 588 239 355 868 849 725 782 1025 0 755 785 728 315 1016 971 903 864 758 128 772 626 870 755 192 586 560 998 948 458 471 674 652 373 597 801 1026 647 914 286 466 444 863 888 127 804 558 378 548 551 503 122 588 724 867 739 723 612 62 245 514 299 307 554 346 395 814 309 952 1126 587 1165 552 743 822 738 85 670 122 713 1157 836 148 361 153 800 848 147 448 579 460 348 917 167 868 735 840 596 622 176 620 686 431 457 898 595 406 201 472 197 892 605 651 651 873 572 747 650 411 1015 582 369 573 1152 849 77 672 1053 985 273 471 726 235 655 769 221 239 898 710 586 744 1098 562 84 892 163 1000 568 1026 79 1011 369 976 705 461 582 690 519 957 233 393 654 706 726 368 732 337 488 161 613 827 557 907 771 693 93 875 1098 587 671 624 497 194 631 1086 441 852 605 856 691 1054 563 777 379 973 779 422 782 783 293 747 547 978 674 1200 815 425 278 971 629 238 688 563 311 693 200 1106
