67
0 911 953 138 371 292 678 322 619 578 174 393 483 449 836 177 851 575 203 756 275 542 191 257 131 757 730 443 691 602 814 554 360 674 310 745 401 495 409 360 797 959 818 217 1044 754 250 194 668 877 475 223 171 338 339 325 202 278 695 514 152 747 755 837 1065 390 54
911 0 196 949 559 711 739 664 781 333 818 527 432 850 449 734 60 357 745 734 772 414 809 837 855 181 586 594 959 484 651 473 560 556 601 364 868 416 503 886 360 400 150 882 195 489 661 921 748 338 881 872 972 614 641 639 712 748 987 403 842 613 878 460 247 533 908
953 196 0 1017 583 804 629 663 685 410 893 605 512 794 296 783 210 467 817 605 867 532 818 826 873 211 463 715 856 418 505 433 634 724 648 541 824 483 565 850 231 211 331 878 108 669 707 1001 640 174 820 867 980 624 738 729 768 842 885 489 913 791 756 307 112 563 939
138 949 1017 0 449 258 805 430 750 619 133 422 517 586 933 241 890 596 204 881 214 550 321 393 266 811 843 412 828 701 932 646 389 627 371 731 538 538 453 498 883 1047 839 355 1099 717 315 70 796 960 612 361 300 432 323 317 250 229 833 545 108 687 889 935 1126 461 192
371 559 583 449 0 309 452 122 432 241 343 160 183 375 487 208 499 279 270 511 361 286 250 289 296 392 427 336 584 262 525 202 157 531 89 501 368 168 117 367 434 598 495 326 676 568 134 450 449 512 412 317 412 62 270 249 202 338 604 209 356 622 580 490 695 30 356
292 711 804 258 309 0 751 364 718 394 129 202 292 605 781 185 653 354 96 815 62 300 356 437 341 593 736 155 844 567 834 504 177 382 221 472 574 323 251 549 712 872 590 431 876 465 202 214 746 781 640 431 444 330 69 75 156 37 858 316 156 454 867 785 909 304 326
678 739 629 805 452 751 0 391 78 577 745 608 592 268 347 596 698 656 687 81 795 694 486 429 548 570 168 787 226 275 181 320 609 960 533 874 321 557 557 367 398 486 768 484 736 973 550 835 13 462 270 473 590 420 722 699 611 775 256 603 747 1051 144 338 718 469 632
322 664 663 430 122 364 391 0 353 359 355 268 305 261 515 205 605 401 296 461 404 406 155 173 215 489 412 431 486 281 501 238 254 642 162 622 248 290 235 245 483 642 612 218 762 685 162 451 385 565 298 207 317 59 347 323 219 385 502 331 359 732 502 515 774 152 292
619 781 685 750 432 718 78 353 0 587 700 592 588 193 413 553 736 662 647 157 757 693 428 365 488 606 234 769 179 301 259 334 589 955 506 885 247 556 544 293 453 555 796 417 793 976 515 785 64 523 192 407 521 391 695 672 571 739 206 603 700 1046 149 406 779 453 571
578 333 410 619 241 394 577 359 587 0 490 198 103 590 446 401 273 85 415 608 457 144 489 530 529 199 480 313 761 308 575 257 230 402 269 297 594 83 169 600 358 503 254 567 483 398 328 596 580 410 625 558 649 302 327 319 378 432 785 79 512 489 720 454 515 212 577
174 818 893 133 343 129 745 355 700 490 0 292 387 559 831 149 759 464 76 817 101 417 291 373 257 685 759 284 804 604 853 545 260 508 257 600 519 411 328 486 774 937 706 352 973 593 211 108 738 848 590 355 339 341 190 184 142 106 813 415 27 576 846 834 1002 350 217
393 527 605 422 160 202 608 268 592 198 292 0 95 529 585 219 468 181 217 661 264 154 348 411 371 394 562 179 745 385 661 322 33 373 114 371 515 121 55 506 513 671 425 432 681 419 159 398 606 579 566 426 492 212 141 127 191 239 763 124 314 464 739 591 711 139 401
483 432 512 517 183 292 592 305 588 103 387 95 0 557 519 306 373 99 312 635 354 105 415 467 447 301 521 227 753 342 619 282 127 368 182 317 551 40 78 550 438 592 336 497 586 390 238 492 592 499 594 489 568 245 225 217 281 329 774 31 410 459 730 525 618 154 486
449 850 794 586 375 605 268 261 193 590 559 529 557 0 558 424 796 647 521 349 633 661 269 192 320 668 392 690 245 376 442 377 515 903 422 872 54 534 493 101 572 702 830 236 901 943 410 630 255 651 37 227 332 317 600 576 450 619 254 580 553 993 309 553 898 403 398
836 449 296 933 487 781 347 515 413 446 831 585 519 558 0 692 426 530 757 311 839 590 664 645 727 324 179 747 572 233 209 286 605 842 574 698 599 479 532 635 97 144 528 702 398 819 621 938 359 121 576 691 813 501 726 710 689 815 602 511 844 925 464 11 374 482 806
177 734 783 241 208 185 596 205 553 401 149 219 306 424 692 0 674 400 96 667 208 371 171 252 166 583 612 305 667 461 704 405 186 538 135 581 390 318 232 364 642 805 642 249 871 606 76 248 589 720 458 247 282 194 200 179 33 194 678 337 155 620 700 695 894 221 183
851 60 210 890 499 653 698 605 736 273 759 468 373 796 426 674 0 300 685 698 715 359 749 778 795 130 550 541 915 436 621 420 500 519 541 332 814 356 442 830 332 397 121 822 236 459 601 862 706 324 828 813 912 554 584 581 652 691 942 344 782 581 839 437 283 473 848
575 357 467 596 279 354 656 401 662 85 464 181 99 647 530 400 300 0 393 691 415 65 514 565 545 259 564 247 832 391 660 337 214 316 280 226 645 113 177 646 440 580 244 596 528 316 335 564 658 487 684 588 666 342 284 282 372 391 855 70 488 404 798 538 565 249 582
203 745 817 204 270 96 687 296 647 415 76 217 312 521 757 96 685 393 0 756 111 350 263 345 245 609 692 240 763 532 787 472 185 473 183 544 486 335 251 459 698 861 637 336 897 550 141 185 681 772 555 336 348 274 136 123 76 98 775 341 97 548 795 760 925 275 232
756 734 605 881 511 815 81 461 157 608 817 661 635 349 311 667 698 691 756 0 861 734 565 510 627 574 147 840 270 300 115 355 665 1001 595 902 403 598 608 448 379 441 778 565 709 1007 617 910 94 432 349 554 672 485 781 760 680 840 299 643 820 1091 153 301 686 524 712
275 772 867 214 361 62 795 404 757 457 101 264 354 633 839 208 715 415 111 861 0 359 372 455 348 656 789 201 875 622 885 560 238 413 272 521 597 386 312 569 773 933 649 442 938 502 244 161 789 842 666 443 439 376 130 137 186 25 887 378 125 477 905 844 972 359 317
542 414 532 550 286 300 694 406 693 144 417 154 105 661 590 371 359 65 350 734 359 0 502 561 526 324 614 183 859 437 711 379 185 267 266 218 653 137 171 650 502 645 290 586 590 284 314 513 695 552 698 579 647 346 231 233 340 336 880 91 443 357 834 598 629 257 554
191 809 818 321 250 356 486 155 428 489 291 348 415 269 664 171 749 514 263 565 372 502 0 82 64 638 545 470 514 433 625 393 322 701 235 720 227 411 336 196 637 795 742 84 916 761 192 361 477 720 299 79 163 196 368 346 202 362 522 445 284 785 567 664 929 278 148
257 837 826 393 289 437 429 173 365 530 373 411 467 192 645 252 778 565 345 510 455 561 82 0 127 661 509 546 436 422 582 393 388 773 296 779 146 457 391 113 630 782 783 57 929 829 262 438 419 713 220 46 169 228 445 423 282 444 442 495 365 859 497 643 937 319 207
131 855 873 266 296 341 548 215 488 529 257 371 447 320 727 166 795 545 245 627 348 526 64 127 0 688 609 471 563 495 690 453 342 705 264 741 273 448 368 235 698 857 780 95 970 772 211 312 538 780 346 99 121 248 366 346 200 341 568 477 245 786 624 727 985 322 84
757 181 211 811 392 593 570 489 606 199 685 394 301 668 324 583 130 259 609 574 656 324 638 661 688 0 428 506 785 306 505 291 425 541 447 379 687 273 358 705 227 334 207 707 288 504 507 792 578 246 700 697 802 442 526 518 564 631 813 278 706 617 713 335 317 369 748
730 586 463 843 427 736 168 412 234 480 759 562 521 392 179 612 550 564 692 147 789 614 545 509 609 428 0 739 394 178 99 241 572 880 516 767 439 482 507 479 233 320 633 567 569 877 550 860 180 294 406 555 678 418 693 673 617 766 424 524 767 968 294 171 550 433 693
443 594 715 412 336 155 787 431 769 313 284 179 227 690 747 305 541 247 240 840 201 183 470 546 471 506 739 0 916 560 838 498 180 234 268 320 668 267 232 652 666 816 460 552 774 310 284 362 785 723 727 549 583 381 106 125 271 183 933 238 311 315 917 753 813 318 471
691 959 856 828 584 844 226 486 179 761 804 745 753 245 572 667 915 832 763 270 875 859 514 436 563 785 394 916 0 480 385 511 737 1115 647 1057 290 723 701 331 624 709 975 474 963 1143 645 875 216 688 216 467 557 534 832 809 690 860 29 771 798 1206 133 563 945 608 638
602 484 418 701 262 567 275 281 301 308 604 385 342 376 233 461 436 391 532 300 622 437 433 422 495 306 178 560 480 0 277 63 397 703 350 602 405 303 330 433 208 361 495 478 525 706 393 709 279 290 404 467 587 268 520 501 461 598 507 346 615 793 419 234 525 262 574
814 651 505 932 525 834 181 501 259 575 853 661 619 442 209 704 621 660 787 115 885 711 625 582 690 505 99 838 385 277 0 340 671 976 613 857 493 580 606 536 291 330 712 639 606 970 645 952 194 331 448 628 749 512 792 772 711 863 415 622 860 1064 264 198 579 532 774
554 473 433 646 202 504 320 238 334 257 545 322 282 377 286 405 420 337 472 355 560 379 393 393 453 291 241 498 511 63 340 0 334 646 290 554 398 243 267 420 244 405 465 447 538 653 334 651 323 326 408 435 552 215 456 437 403 536 537 288 557 736 463 289 544 200 528
360 560 634 389 157 177 609 254 589 230 260 33 127 515 605 186 500 214 185 665 238 185 322 388 342 425 572 180 737 397 671 334 0 389 93 399 498 151 73 487 535 695 458 407 712 440 131 366 606 603 552 401 462 202 122 105 158 213 754 157 282 478 737 610 742 141 369
674 556 724 627 531 382 960 642 955 402 508 373 368 903 842 538 519 316 473 1001 413 267 701 773 705 541 880 234 1115 703 976 646 389 0 483 195 887 403 414 875 749 876 405 784 751 101 511 567 960 786 940 780 818 586 340 359 504 402 1135 357 534 91 1098 851 801 506 705
310 601 648 371 89 221 533 162 506 269 257 114 182 422 574 135 541 280 183 595 272 266 235 296 264 447 516 268 647 350 613 290 93 483 0 484 404 186 103 393 516 679 517 319 735 533 60 366 529 591 459 313 386 114 189 166 120 249 664 213 273 571 655 577 759 92 307
745 364 541 731 501 472 874 622 885 297 600 371 317 872 698 581 332 226 544 902 521 218 720 779 741 379 767 320 1057 602 857 554 399 195 484 0 869 338 389 867 601 710 213 804 559 128 530 682 877 624 909 798 862 562 411 421 549 503 1080 292 627 249 1018 708 610 471 763
401 868 824 538 368 574 321 248 247 594 519 515 551 54 599 390 814 645 486 403 597 653 227 146 273 687 439 668 290 405 493 398 498 887 404 869 0 532 483 46 607 742 839 185 931 933 384 585 309 687 73 177 278 306 574 551 418 585 295 576 511 976 363 595 930 397 348
495 416 483 538 168 323 557 290 556 83 411 121 40 534 479 318 356 113 335 598 386 137 411 457 448 273 482 267 723 303 580 243 151 403 186 338 532 0 86 534 400 555 332 491 561 420 245 518 557 462 571 482 568 230 259 248 296 360 745 47 432 494 696 485 590 138 494
409 503 565 453 117 251 557 235 544 169 328 55 78 493 532 232 442 177 251 608 312 171 336 391 368 358 507 232 701 330 606 267 73 414 103 389 483 86 0 478 461 621 413 419 646 450 161 435 555 530 530 412 489 176 194 178 209 286 720 109 348 505 690 537 674 92 409
360 886 850 498 367 549 367 245 293 600 486 506 550 101 635 364 830 646 459 448 569 650 196 113 235 705 479 652 331 433 536 420 487 875 393 867 46 534 478 0 638 778 849 143 956 925 367 547 354 719 116 137 232 304 554 531 394 557 334 576 477 963 408 632 958 396 307
797 360 231 883 434 712 398 483 453 358 774 513 438 572 97 642 332 440 698 379 773 502 637 630 698 227 233 666 624 208 291 244 535 749 516 601 607 400 461 638 0 163 432 686 339 723 568 882 408 82 595 674 794 458 654 639 635 748 653 428 789 831 528 107 328 424 773
959 400 211 1047 598 872 486 642 555 503 937 671 592 702 144 805 397 580 861 441 933 645 795 782 857 334 320 816 709 361 330 405 695 876 679 710 742 555 621 778 163 0 514 839 293 836 731 1045 499 93 720 827 948 620 812 799 799 908 738 578 952 952 594 150 256 587 933
818 150 331 839 495 590 768 612 796 254 706 425 336 830 528 642 121 244 637 778 649 290 742 783 780 207 633 460 975 495 712 465 458 405 517 213 839 332 413 849 432 514 0 821 346 340 574 804 774 436 864 812 901 555 521 522 616 626 1001 305 731 463 912 539 397 466 823
217 882 878 355 326 431 484 218 417 567 352 432 497 236 702 249 822 596 336 565 442 586 84 57 95 707 567 552 474 478 639 447 407 784 319 804 185 491 419 143 686 839 821 0 979 845 276 406 473 769 259 11 111 268 449 427 282 434 478 526 340 868 545 701 989 355 163
1044 195 108 1099 676 876 736 762 793 483 973 681 586 901 398 871 236 528 897 709 938 590 916 929 970 288 569 774 963 525 606 538 712 751 735 559 931 561 646 956 339 293 346 979 0 684 795 1079 747 276 928 968 1080 721 808 802 853 914 992 561 994 808 861 408 56 654 1033
754 489 669 717 568 465 973 685 976 398 593 419 390 943 819 606 459 316 550 1007 502 284 761 829 772 504 877 310 1143 706 970 653 440 101 533 128 933 420 450 925 723 836 340 845 684 0 569 659 975 750 981 840 889 627 415 431 573 489 1165 372 620 124 1115 829 736 540 780
250 661 707 315 134 202 550 162 515 328 211 159 238 410 621 76 601 335 141 617 244 314 192 262 211 507 550 284 645 393 645 334 131 511 60 530 384 245 161 367 568 731 574 276 795 569 0 316 545 645 446 271 333 133 189 166 68 224 659 269 223 597 664 624 818 145 248
194 921 1001 70 450 214 835 451 785 596 108 398 492 630 938 248 862 564 185 910 161 513 361 438 312 792 860 362 875 709 952 651 366 567 366 682 585 518 435 547 882 1045 804 406 1079 659 316 0 827 957 658 411 362 443 282 282 248 180 881 519 93 624 927 941 1109 458 247
668 748 640 796 449 746 13 385 64 580 738 606 592 255 359 589 706 658 681 94 789 695 477 419 538 578 180 785 216 279 194 323 606 960 529 877 309 557 555 354 408 499 774 473 747 975 545 827 0 473 257 462 579 416 718 696 604 769 245 604 740 1052 140 351 730 467 622
877 338 174 960 512 781 462 565 523 410 848 579 499 651 121 720 324 487 772 432 842 552 720 713 780 246 294 723 688 290 331 326 603 786 591 624 687 462 530 719 82 93 436 769 276 750 645 957 473 0 673 757 877 539 720 707 711 817 718 484 864 863 584 132 256 500 854
475 881 820 612 412 640 270 298 192 625 590 566 594 37 576 458 828 684 555 349 666 698 299 220 346 700 406 727 216 404 448 408 552 940 459 909 73 571 530 116 595 720 864 259 928 981 446 658 257 673 0 251 348 354 636 612 484 652 222 617 584 1030 293 571 923 440 422
223 872 867 361 317 431 473 207 407 558 355 426 489 227 691 247 813 588 336 554 443 579 79 46 99 697 555 549 467 467 628 435 401 780 313 798 177 482 412 137 674 827 812 11 968 840 271 411 462 757 251 0 123 258 446 424 280 434 471 519 343 864 536 689 978 346 171
171 972 980 300 412 444 590 317 521 649 339 492 568 332 813 282 912 666 348 672 439 647 163 169 121 802 678 583 557 587 749 552 462 818 386 862 278 568 489 232 794 948 901 111 1080 889 333 362 579 877 348 123 0 360 477 459 316 437 556 599 320 896 641 812 1092 439 122
338 614 624 432 62 330 420 59 391 302 341 212 245 317 501 194 554 342 274 485 376 346 196 228 248 442 418 381 534 268 512 215 202 586 114 562 306 230 176 304 458 620 555 268 721 627 133 443 416 539 354 258 360 0 303 281 199 355 552 272 350 676 540 502 736 92 316
339 641 738 323 270 69 722 347 695 327 190 141 225 600 726 200 584 284 136 781 130 231 368 445 366 526 693 106 832 520 792 456 122 340 189 411 574 259 194 554 654 812 521 449 808 415 189 282 718 720 636 446 477 303 0 23 166 106 848 248 217 420 844 731 842 260 365
325 639 729 317 249 75 699 323 672 319 184 127 217 576 710 179 581 282 123 760 137 233 346 423 346 518 673 125 809 501 772 437 105 359 166 421 551 248 178 531 639 799 522 427 802 431 166 282 696 707 612 424 459 281 23 0 145 112 824 241 210 440 821 715 835 240 349
202 712 768 250 202 156 611 219 571 378 142 191 281 450 689 33 652 372 76 680 186 340 202 282 200 564 617 271 690 461 711 403 158 504 120 549 418 296 209 394 635 799 616 282 853 573 68 248 604 711 484 280 316 199 166 145 0 169 703 312 154 586 719 692 878 211 213
278 748 842 229 338 37 775 385 739 432 106 239 329 619 815 194 691 391 98 840 25 336 362 444 341 631 766 183 860 598 863 536 213 402 249 503 585 360 286 557 748 908 626 434 914 489 224 180 769 817 652 434 437 355 106 112 169 0 872 353 132 470 887 819 947 335 316
695 987 885 833 604 858 256 502 206 785 813 763 774 254 602 678 942 855 775 299 887 880 522 442 568 813 424 933 29 507 415 537 754 1135 664 1080 295 745 720 334 653 738 1001 478 992 1165 659 881 245 718 222 471 556 552 848 824 703 872 0 793 807 1226 159 593 975 628 642
514 403 489 545 209 316 603 331 603 79 415 124 31 580 511 337 344 70 341 643 378 91 445 495 477 278 524 238 771 346 622 288 157 357 213 292 576 47 109 576 428 578 305 526 561 372 269 519 604 484 617 519 599 272 248 241 312 353 793 0 438 448 743 518 593 179 517
152 842 913 108 356 156 747 359 700 512 27 314 410 553 844 155 782 488 97 820 125 443 284 365 245 706 767 311 798 615 860 557 282 534 273 627 511 432 348 477 789 952 731 340 994 620 223 93 740 864 584 343 320 350 217 210 154 132 807 438 0 602 844 847 1022 365 198
747 613 791 687 622 454 1051 732 1046 489 576 464 459 993 925 620 581 404 548 1091 477 357 785 859 786 617 968 315 1206 793 1064 736 478 91 571 249 976 494 505 963 831 952 463 868 808 124 597 624 1052 863 1030 864 896 676 420 440 586 470 1226 448 602 0 1189 934 860 597 780
755 878 756 889 580 867 144 502 149 720 846 739 730 309 464 700 839 798 795 153 905 834 567 497 624 713 294 917 133 419 264 463 737 1098 655 1018 363 696 690 408 528 594 912 545 861 1115 664 927 140 584 293 536 641 540 844 821 719 887 159 743 844 1189 0 454 839 599 705
837 460 307 935 490 785 338 515 406 454 834 591 525 553 11 695 437 538 760 301 844 598 664 643 727 335 171 753 563 234 198 289 610 851 577 708 595 485 537 632 107 150 539 701 408 829 624 941 351 132 571 689 812 502 731 715 692 819 593 518 847 934 454 0 384 486 807
1065 247 112 1126 695 909 718 774 779 515 1002 711 618 898 374 894 283 565 925 686 972 629 929 937 985 317 550 813 945 525 579 544 742 801 759 610 930 590 674 958 328 256 397 989 56 736 818 1109 730 256 923 978 1092 736 842 835 878 947 975 593 1022 860 839 384 0 675 1051
390 533 563 461 30 304 469 152 453 212 350 139 154 403 482 221 473 249 275 524 359 257 278 319 322 369 433 318 608 262 532 200 141 506 92 471 397 138 92 396 424 587 466 355 654 540 145 458 467 500 440 346 439 92 260 240 211 335 628 179 365 597 599 486 675 0 378
54 908 939 192 356 326 632 292 571 577 217 401 486 398 806 183 848 582 232 712 317 554 148 207 84 748 693 471 638 574 774 528 369 705 307 763 348 494 409 307 773 933 823 163 1033 780 248 247 622 854 422 171 122 316 365 349 213 316 642 517 198 780 705 807 1051 378 0
