75
0 673 774 1020 1006 912 173 195 766 204 208 211 686 1017 380 169 598 607 623 56 349 441 504 535 375 865 742 846 142 728 446 901 57 530 186 493 408 913 732 704 819 712 262 712 698 197 117 698 152 595 237 293 215 99 415 704 770 652 227 251 499 181 867 836 651 763 505 612 580 108 150 681 1072 970 145
673 0 1025 673 538 780 794 597 320 680 489 499 937 554 480 811 676 67 298 624 325 324 370 900 396 667 767 400 812 280 741 420 663 225 487 449 720 637 969 516 432 126 573 338 851 833 556 207 768 207 670 550 461 747 349 847 252 990 882 505 225 824 296 727 113 274 284 118 326 599 768 53 699 498 528
774 1025 0 780 915 502 915 947 831 571 877 696 94 914 577 892 352 975 748 749 868 1035 655 246 1015 572 322 840 747 833 342 891 830 1057 797 576 380 667 56 581 775 956 573 765 185 663 787 1186 904 822 542 566 772 848 1025 193 899 147 902 643 1017 895 980 468 923 1265 1074 908 706 703 902 990 831 905 792
1020 673 780 0 193 287 1192 1071 354 881 948 814 740 182 641 1190 527 676 444 966 808 923 525 836 964 212 466 273 1106 397 733 270 1048 861 889 527 747 122 738 320 246 547 772 360 613 1069 938 879 1168 528 847 737 846 1120 936 602 421 849 1243 768 839 1201 417 312 571 939 913 594 467 912 1167 619 55 214 919
1006 538 915 193 0 454 1170 1021 252 900 896 794 859 16 645 1174 612 557 385 950 740 826 503 926 880 350 592 163 1111 297 799 120 1024 748 851 534 804 258 867 366 189 413 781 294 735 1089 909 736 1145 442 870 746 809 1103 844 725 291 960 1234 759 733 1186 251 455 453 787 804 484 425 901 1143 486 188 40 886
912 780 502 287 454 0 1085 1013 483 736 899 731 474 448 547 1076 328 758 489 863 798 946 494 599 966 119 213 443 965 510 534 475 953 915 827 453 559 196 465 273 382 668 650 444 351 910 858 983 1065 586 698 620 786 1010 951 340 562 589 1117 675 883 1085 606 76 667 1054 956 673 480 807 1063 730 333 457 846
173 794 915 1192 1170 1085 0 212 925 362 305 378 832 1182 552 32 768 731 784 226 472 514 671 670 437 1038 910 1008 175 885 603 1061 145 618 323 665 566 1085 878 876 985 851 435 875 858 265 261 780 26 747 399 466 362 74 486 864 921 783 96 423 593 42 1016 1009 790 834 579 751 744 281 26 811 1242 1133 285
195 597 947 1071 1021 1013 212 0 770 378 125 283 855 1035 465 237 724 537 638 200 288 303 547 717 225 946 868 858 314 727 607 906 141 408 186 564 569 977 901 772 845 668 389 730 850 387 163 568 189 582 404 410 228 195 274 854 753 834 308 341 386 250 842 937 609 622 367 569 607 243 189 620 1118 982 168
766 320 831 354 252 483 925 770 0 682 645 555 756 266 427 931 486 321 144 710 487 579 277 778 629 364 527 90 880 45 631 136 780 509 603 329 626 320 777 254 112 196 561 70 646 868 663 527 899 190 656 528 563 860 595 638 79 839 993 527 489 943 150 443 216 591 562 241 192 664 898 266 385 212 639
204 680 571 881 900 736 362 378 682 0 330 189 482 909 256 347 411 614 540 178 394 538 405 339 493 704 551 750 229 653 242 808 258 601 261 366 205 765 529 561 710 682 121 619 496 189 227 762 346 544 37 155 255 289 519 502 707 456 381 175 563 354 808 660 625 836 594 590 490 139 344 672 935 868 240
208 489 877 948 896 899 305 125 645 330 0 185 783 910 356 322 624 425 513 178 168 233 424 661 170 827 766 733 350 602 534 782 180 324 80 447 497 855 828 652 720 550 305 605 763 400 107 491 279 458 347 318 115 261 207 765 630 777 394 243 295 336 721 824 490 555 296 450 482 193 279 506 994 857 90
211 499 696 814 794 731 378 283 555 189 185 0 601 806 184 379 441 432 412 155 205 357 293 491 322 670 585 634 328 518 353 690 234 412 104 290 318 711 645 502 608 517 123 501 577 335 127 573 354 390 191 132 76 308 340 580 563 604 439 58 374 391 662 655 457 647 409 420 369 109 352 497 865 758 114
686 937 94 740 859 474 832 855 756 482 783 601 0 860 483 811 271 885 665 659 774 940 566 174 920 528 274 773 668 755 249 826 741 963 704 487 287 622 46 512 709 872 478 689 126 587 695 1094 820 735 452 471 678 763 930 137 822 115 825 548 924 814 907 429 837 1173 980 820 622 612 818 903 792 846 699
1017 554 914 182 16 448 1182 1035 266 909 910 806 860 0 654 1185 615 573 398 961 754 841 514 929 895 346 591 177 1121 311 804 136 1036 764 863 542 810 254 866 371 199 429 791 306 735 1098 921 752 1157 456 878 756 822 1114 859 725 306 961 1245 770 749 1197 268 452 469 804 820 500 437 912 1155 502 174 56 898
380 480 577 641 645 547 552 465 427 256 356 184 483 654 0 549 273 420 286 326 296 463 151 420 456 487 411 494 468 400 262 552 412 480 280 114 239 533 522 323 455 451 136 363 429 444 311 615 530 307 229 101 241 479 457 430 457 517 601 130 440 560 558 471 401 694 498 372 235 271 528 458 694 612 298
169 811 892 1190 1174 1076 32 237 931 347 322 379 811 1185 549 0 756 746 789 225 486 537 672 647 461 1032 898 1013 148 892 586 1067 152 639 333 663 550 1082 857 873 987 863 427 879 841 237 268 803 48 755 384 460 370 70 509 847 930 759 72 421 614 13 1026 1000 802 858 602 763 748 278 47 825 1242 1137 294
598 676 352 527 612 328 768 724 486 411 624 441 271 615 273 756 0 630 395 554 566 731 309 314 728 322 144 508 639 483 210 563 644 733 545 233 231 404 296 249 446 603 339 418 174 581 561 847 749 471 374 314 509 693 727 171 550 355 793 383 695 764 636 255 572 926 759 558 354 498 748 639 582 593 555
607 67 975 676 557 758 731 537 321 614 425 432 885 573 420 746 630 0 270 557 260 278 321 841 345 649 729 408 745 278 682 437 597 191 421 399 660 628 918 488 430 147 507 326 805 766 489 225 705 173 604 486 394 682 301 801 266 934 817 439 180 760 329 701 105 301 248 86 289 532 704 84 707 516 461
623 298 748 444 385 489 784 638 144 540 513 412 665 398 286 789 395 270 0 567 364 481 135 662 520 382 471 223 736 113 509 277 639 432 465 198 500 373 692 218 207 208 419 91 567 724 523 495 759 97 515 385 424 718 492 561 172 735 851 382 405 802 272 431 186 568 479 185 51 520 758 253 486 348 500
56 624 749 966 950 863 226 200 710 178 178 155 659 961 326 225 554 557 567 0 302 409 448 516 348 813 698 790 187 672 414 845 90 492 139 439 375 859 705 650 763 659 214 656 663 223 74 660 203 540 207 243 163 154 384 668 714 634 284 197 458 236 812 787 598 727 471 559 524 56 202 630 1017 914 100
349 325 868 808 740 798 472 288 487 394 168 205 774 754 296 486 566 260 364 302 0 167 304 684 168 712 698 577 490 443 535 622 337 206 163 351 503 726 815 534 571 381 316 454 726 520 231 368 446 297 396 310 145 421 160 726 465 792 557 239 168 500 554 727 321 441 208 282 342 286 445 339 851 700 204
441 324 1035 923 826 946 514 303 579 538 233 357 940 841 463 537 731 278 481 409 167 0 453 845 79 852 860 669 583 533 700 705 409 108 280 510 667 854 981 676 678 425 475 562 893 632 335 265 490 395 546 473 284 485 29 893 537 956 609 399 99 551 607 878 375 323 64 341 473 412 491 361 960 785 311
504 370 655 525 503 494 671 547 277 405 424 293 566 514 151 672 309 321 135 448 304 453 0 541 472 408 417 347 608 249 384 404 526 435 363 79 371 430 598 230 315 316 284 214 484 591 413 539 646 172 380 250 320 601 456 480 307 623 731 255 400 684 407 424 273 617 469 253 84 397 645 337 574 469 393
535 900 246 836 926 599 670 717 778 339 661 491 174 929 420 647 314 841 662 516 684 845 541 0 813 625 386 813 501 766 158 871 592 886 585 466 182 713 217 560 755 857 370 708 258 417 563 1032 660 713 315 374 567 604 831 269 832 117 655 446 846 649 926 540 813 1110 893 788 613 476 658 874 891 905 573
375 396 1015 964 880 966 437 225 629 493 170 322 920 895 456 461 728 345 520 348 168 79 472 813 0 878 863 720 515 584 675 760 338 186 232 519 640 888 963 701 723 489 445 606 883 570 276 343 414 440 505 448 246 411 50 884 594 927 533 372 172 475 670 895 435 397 141 399 504 359 414 429 1005 839 256
865 667 572 212 350 119 1038 946 364 704 827 670 528 346 487 1032 322 649 382 813 712 852 408 625 878 0 254 325 933 393 532 359 900 813 759 381 550 95 528 178 263 552 605 329 401 887 797 871 1016 478 668 572 717 964 859 390 444 636 1079 618 783 1042 487 105 554 942 857 563 380 757 1015 616 266 348 782
742 767 322 466 592 213 910 868 527 551 766 585 274 591 411 898 144 729 471 698 698 860 417 386 863 254 0 524 776 536 330 572 788 852 688 350 359 348 275 272 458 677 484 466 147 713 706 952 892 559 513 459 650 836 858 136 600 384 932 526 816 905 672 156 657 1029 883 650 441 642 891 724 519 582 699
846 400 840 273 163 443 1008 858 90 750 733 634 773 177 494 1013 508 408 223 790 577 669 347 813 720 325 524 0 955 136 674 59 863 597 688 387 674 261 788 260 65 274 630 133 655 938 747 606 983 280 722 595 647 942 685 646 147 863 1074 602 579 1025 163 417 303 665 652 330 266 742 982 346 299 124 723
142 812 747 1106 1111 965 175 314 880 229 350 328 668 1121 468 148 639 745 736 187 490 583 608 501 515 933 776 955 0 845 454 1012 177 673 326 582 420 992 714 785 922 843 334 821 707 89 258 841 173 719 266 369 350 128 556 714 891 612 157 353 642 149 991 890 783 905 647 744 689 219 172 817 1159 1077 286
728 280 833 397 297 510 885 727 45 653 602 518 755 311 400 892 483 278 113 672 443 533 249 766 584 393 536 136 845 0 616 179 740 464 562 308 609 356 778 265 152 160 531 70 649 836 624 488 859 145 628 499 522 821 549 642 66 833 955 493 444 905 160 465 173 553 517 196 164 628 859 227 430 257 599
446 741 342 733 799 534 603 607 631 242 534 353 249 804 262 586 210 682 509 414 535 700 384 158 675 532 330 674 454 616 0 733 499 733 455 311 38 610 294 433 620 700 230 561 254 385 446 876 588 556 208 227 430 531 688 261 680 257 611 302 693 591 777 464 655 954 744 630 459 364 586 716 789 775 449
901 420 891 270 120 475 1061 906 136 808 782 690 826 136 552 1067 563 437 277 845 622 705 404 871 760 359 572 59 1012 179 733 0 916 627 740 446 733 284 839 315 117 294 688 190 707 996 800 621 1036 324 780 653 699 996 723 698 170 918 1129 658 612 1079 147 456 332 676 683 364 322 798 1035 368 285 79 776
57 663 830 1048 1024 953 145 141 780 258 180 234 741 1036 412 152 644 597 639 90 337 409 526 592 338 900 788 863 177 740 499 916 0 505 181 523 461 944 788 735 840 711 304 730 750 245 116 671 120 603 291 333 218 84 382 756 778 709 220 282 475 165 873 876 651 733 474 611 599 146 119 675 1099 987 142
530 225 1057 861 748 915 618 408 509 601 324 412 963 764 480 639 733 191 432 492 206 108 435 886 186 813 852 597 673 464 733 627 505 0 356 503 703 803 1002 642 614 337 521 504 903 715 418 167 593 338 603 511 348 584 136 901 457 991 712 444 39 653 517 851 295 236 58 267 435 486 593 268 894 707 392
186 487 797 889 851 827 323 186 603 261 80 104 704 863 280 333 545 421 465 139 163 280 363 585 232 759 688 688 326 562 455 740 181 356 0 377 418 792 748 586 670 530 225 557 682 360 68 523 298 423 274 237 42 265 259 685 597 700 401 163 321 347 692 751 470 592 339 430 429 131 297 496 937 813 40
493 449 576 527 534 453 665 564 329 366 447 290 487 542 114 663 233 399 198 439 351 510 79 466 519 381 350 387 582 308 311 446 523 503 377 0 301 420 519 211 344 392 249 261 407 555 417 614 642 250 336 213 335 593 510 404 371 545 716 241 466 674 469 379 352 693 532 332 148 385 640 416 579 502 401
408 720 380 747 804 559 566 569 626 205 497 318 287 810 239 550 231 660 500 375 503 667 371 182 640 550 359 674 420 609 38 733 461 703 418 301 0 625 332 440 622 685 194 557 291 354 408 849 551 540 170 194 394 494 654 298 672 289 577 268 664 556 770 487 638 927 712 611 448 326 549 697 802 779 412
913 637 667 122 258 196 1085 977 320 765 855 711 622 254 533 1082 404 628 373 859 726 854 430 713 888 95 348 261 992 356 610 284 944 803 792 420 625 0 623 209 209 515 659 302 495 952 836 844 1062 465 730 625 749 1013 864 484 397 729 1133 662 777 1093 423 200 527 910 852 543 384 804 1061 584 178 261 819
732 969 56 738 867 465 878 901 777 529 828 645 46 866 522 857 296 918 692 705 815 981 598 217 963 528 275 788 714 778 294 839 788 1002 748 519 332 623 0 528 723 900 523 710 132 632 740 1130 867 765 498 515 721 809 972 142 844 140 870 591 963 861 926 426 867 1209 1020 851 650 658 865 933 790 856 744
704 516 581 320 366 273 876 772 254 561 652 502 512 371 323 873 249 488 218 650 534 676 230 560 701 178 272 260 785 265 433 315 735 642 586 211 440 209 528 0 198 414 451 195 395 749 628 714 853 315 527 417 543 803 682 387 328 603 924 453 611 884 401 212 402 787 684 404 206 595 852 468 374 345 611
819 432 775 246 189 382 985 845 112 710 720 608 709 199 455 987 446 430 207 763 571 678 315 755 723 263 458 65 922 152 620 117 840 614 670 344 622 209 723 198 0 308 592 117 590 899 725 639 960 283 680 557 627 917 692 582 187 801 1046 571 593 1000 224 353 326 703 666 347 241 713 959 378 282 158 703
712 126 956 547 413 668 851 668 196 682 550 517 872 429 451 863 603 147 208 659 381 425 316 857 489 552 677 274 843 160 700 294 711 337 530 392 685 515 900 414 308 0 565 224 776 851 598 332 825 144 665 538 497 795 446 770 126 937 932 509 327 877 181 620 60 394 395 100 250 624 824 73 573 373 570
262 573 573 772 781 650 435 389 561 121 305 123 478 791 136 427 339 507 419 214 316 475 284 370 445 605 484 630 334 531 230 688 304 521 225 249 194 659 523 451 592 565 0 498 461 308 225 674 414 426 99 35 200 360 461 464 586 481 474 76 481 437 687 574 510 751 524 477 369 158 413 560 825 749 224
712 338 765 360 294 444 875 730 70 619 605 501 689 306 363 879 418 326 91 656 454 562 214 708 606 329 466 133 821 70 561 190 730 504 557 261 557 302 710 195 117 224 498 0 580 806 614 544 850 167 592 464 515 808 575 573 134 770 940 468 480 892 219 396 226 613 554 241 132 608 849 287 399 257 591
698 851 185 613 735 351 858 850 646 496 763 577 126 735 429 841 174 805 567 663 726 893 484 258 883 401 147 655 707 649 254 707 750 903 682 407 291 495 132 395 590 776 461 580 0 633 686 1021 843 645 461 445 650 785 886 11 715 238 864 520 864 846 795 302 746 1100 926 733 528 610 841 813 666 723 685
197 833 663 1069 1089 910 265 387 868 189 400 335 587 1098 444 237 581 766 724 223 520 632 591 417 570 887 713 938 89 836 385 996 245 715 360 555 354 952 632 749 899 851 308 806 633 0 298 883 262 720 222 342 375 214 608 642 887 525 238 345 681 237 988 836 792 951 695 755 675 234 260 832 1123 1056 323
117 556 787 938 909 858 261 163 663 227 107 127 695 921 311 268 561 489 523 74 231 335 413 563 276 797 706 747 258 624 446 800 116 418 68 417 408 836 740 628 725 598 225 614 686 298 0 585 236 486 248 246 102 198 311 690 661 680 334 182 384 281 757 781 537 652 397 497 484 88 235 565 987 871 27
698 207 1186 879 736 983 780 568 527 762 491 573 1094 752 615 803 847 225 495 660 368 265 539 1032 343 871 952 606 841 488 876 621 671 167 523 614 849 844 1130 714 639 332 674 544 1021 883 585 0 756 399 762 661 513 749 294 1019 458 1132 875 599 202 816 487 926 317 79 201 309 514 652 756 260 904 697 559
152 768 904 1168 1145 1065 26 189 899 346 279 354 820 1157 530 48 749 705 759 203 446 490 646 660 414 1016 892 983 173 859 588 1036 120 593 298 642 551 1062 867 853 960 825 414 850 843 262 236 756 0 721 382 445 337 57 462 849 895 774 119 400 568 61 990 988 764 811 555 724 719 259 1 785 1219 1107 260
595 207 822 528 442 586 747 582 190 544 458 390 735 456 307 755 471 173 97 540 297 395 172 713 440 478 559 280 719 145 556 324 603 338 423 250 540 465 765 315 283 144 426 167 645 720 486 399 721 0 525 396 384 685 409 641 174 796 821 374 312 768 272 527 101 473 387 91 118 500 720 168 565 402 461
237 670 542 847 870 698 399 404 656 37 347 191 452 878 229 384 374 604 515 207 396 546 380 315 505 668 513 722 266 628 208 780 291 603 274 336 170 730 498 527 680 665 99 592 461 222 248 762 382 525 0 130 262 325 528 467 684 432 419 165 564 392 785 623 609 837 600 576 465 162 381 659 901 838 258
293 550 566 737 746 620 466 410 528 155 318 132 471 756 101 460 314 486 385 243 310 473 250 374 448 572 459 595 369 499 227 653 333 511 237 213 194 625 515 417 557 538 35 464 445 342 246 661 445 396 130 0 207 392 460 448 554 483 508 76 471 470 655 543 483 739 518 451 335 187 444 535 790 714 242
215 461 772 846 809 786 362 228 563 255 115 76 678 822 241 370 509 394 424 163 145 284 320 567 246 717 650 647 350 522 430 699 218 348 42 335 394 749 721 543 627 497 200 515 650 375 102 513 337 384 262 207 0 301 266 653 559 680 436 130 311 383 655 710 436 584 339 397 386 141 336 467 895 772 76
99 747 848 1120 1103 1010 74 195 860 289 261 308 763 1114 479 70 693 682 718 154 421 485 601 604 411 964 836 942 128 821 531 996 84 584 265 593 494 1013 809 803 917 795 360 808 785 214 198 749 57 685 325 392 301 0 457 792 860 719 136 351 556 83 956 934 735 808 550 695 677 208 55 760 1171 1066 225
415 349 1025 936 844 951 486 274 595 519 207 340 930 859 457 509 727 301 492 384 160 29 456 831 50 859 858 685 556 549 688 723 382 136 259 510 654 864 972 682 692 446 461 575 886 608 311 294 462 409 528 460 266 457 0 887 555 942 581 386 124 522 628 881 395 351 93 360 481 390 462 384 974 803 288
704 847 193 602 725 340 864 854 638 502 765 580 137 725 430 847 171 801 561 668 726 893 480 269 884 390 136 646 714 642 261 698 756 901 685 404 298 484 142 387 582 770 464 573 11 642 690 1019 849 641 467 448 653 792 887 0 708 249 872 523 863 853 787 291 742 1097 925 729 523 615 847 809 655 713 688
770 252 899 421 291 562 921 753 79 707 630 563 822 306 457 930 550 266 172 714 465 537 307 832 594 444 600 147 891 66 680 170 778 457 597 371 672 397 844 328 187 126 586 134 715 887 661 458 895 174 684 554 559 860 555 708 0 899 995 542 442 943 101 522 162 518 513 195 224 673 895 199 446 250 636
652 990 147 849 960 589 783 834 839 456 777 604 115 961 517 759 355 934 735 634 792 956 623 117 927 636 384 863 612 833 257 918 709 991 700 545 289 729 140 603 801 937 481 770 238 525 680 1132 774 796 432 483 680 719 942 249 899 0 763 556 951 761 989 540 897 1211 1001 876 688 593 773 961 902 944 689
227 882 902 1243 1234 1117 96 308 993 381 394 439 825 1245 601 72 793 817 851 284 557 609 731 655 533 1079 932 1074 157 955 611 1129 220 712 401 716 577 1133 870 924 1046 932 474 940 864 238 334 875 119 821 419 508 436 136 581 872 995 763 0 477 686 58 1092 1041 871 930 674 831 808 333 118 895 1296 1198 361
251 505 643 768 759 675 423 341 527 175 243 58 548 770 130 421 383 439 382 197 239 399 255 446 372 618 526 602 353 493 302 658 282 444 163 241 268 662 591 453 571 509 76 468 520 345 182 599 400 374 165 76 130 351 386 523 542 556 477 0 404 432 643 599 451 675 447 416 336 143 399 497 820 724 172
499 225 1017 839 733 883 593 386 489 563 295 374 924 749 440 614 695 180 405 458 168 99 400 846 172 783 816 579 642 444 693 612 475 39 321 466 664 777 963 611 593 327 481 480 864 681 384 202 568 312 564 471 311 556 124 863 442 951 686 404 0 628 509 818 280 273 74 249 404 450 568 262 874 692 358
181 824 895 1201 1186 1085 42 250 943 354 336 391 814 1197 560 13 764 760 802 236 500 551 684 649 475 1042 905 1025 149 905 591 1079 165 653 347 674 556 1093 861 884 1000 877 437 892 846 237 281 816 61 768 392 470 383 83 522 853 943 761 58 432 628 0 1039 1009 816 872 616 776 760 289 60 839 1253 1149 307
867 296 980 417 251 606 1016 842 150 808 721 662 907 268 558 1026 636 329 272 812 554 607 407 926 670 487 672 163 991 160 777 147 873 517 692 469 770 423 926 401 224 181 687 219 795 988 757 487 990 272 785 655 655 956 628 787 101 989 1092 643 509 1039 0 577 235 536 575 274 324 772 989 249 431 214 731
836 727 468 312 455 76 1009 937 443 660 824 655 429 452 471 1000 255 701 431 787 727 878 424 540 895 105 156 417 890 465 464 456 876 851 751 379 487 200 426 212 353 620 574 396 302 836 781 926 988 527 623 543 710 934 881 291 522 540 1041 599 818 1009 577 0 613 999 890 616 417 731 987 678 364 452 770
651 113 923 571 453 667 790 609 216 625 490 457 837 469 401 802 572 105 186 598 321 375 273 813 435 554 657 303 783 173 655 332 651 295 470 352 638 527 867 402 326 60 510 226 746 792 537 317 764 101 609 483 436 735 395 742 162 897 871 451 280 816 235 613 0 387 351 39 218 564 764 67 602 412 510
763 274 1265 939 787 1054 834 622 591 836 555 647 1173 804 694 858 926 301 568 727 441 323 617 1110 397 942 1029 665 905 553 954 676 733 236 592 693 927 910 1209 787 703 394 751 613 1100 951 652 79 811 473 837 739 584 808 351 1097 518 1211 930 675 273 872 536 999 387 0 258 383 590 722 811 326 960 749 627
505 284 1074 913 804 956 579 367 562 594 296 409 980 820 498 602 759 248 479 471 208 64 469 893 141 857 883 652 647 517 744 683 474 58 339 532 712 852 1020 684 666 395 524 554 926 695 397 201 555 387 600 518 339 550 93 925 513 1001 674 447 74 616 575 890 351 258 0 321 477 471 555 326 948 763 372
612 118 908 594 484 673 751 569 241 590 450 420 820 500 372 763 558 86 185 559 282 341 253 788 399 563 650 330 744 196 630 364 611 267 430 332 611 543 851 404 347 100 477 241 733 755 497 309 724 91 576 451 397 695 360 729 195 876 831 416 249 776 274 616 39 383 321 0 209 526 724 85 627 443 470
580 326 706 467 425 480 744 607 192 490 482 369 622 437 235 748 354 289 51 524 342 473 84 613 504 380 441 266 689 164 459 322 599 435 429 148 448 384 650 206 241 250 369 132 528 675 484 514 719 118 465 335 386 677 481 523 224 688 808 336 404 760 324 417 218 590 477 209 0 476 718 285 512 389 462
108 599 703 912 901 807 281 243 664 139 193 109 612 912 271 278 498 532 520 56 286 412 397 476 359 757 642 742 219 628 364 798 146 486 131 385 326 804 658 595 713 624 158 608 610 234 88 652 259 500 162 187 141 208 390 615 673 593 333 143 450 289 772 731 564 722 471 526 476 0 257 601 964 865 103
150 768 902 1167 1143 1063 26 189 898 344 279 352 818 1155 528 47 748 704 758 202 445 491 645 658 414 1015 891 982 172 859 586 1035 119 593 297 640 549 1061 865 852 959 824 413 849 841 260 235 756 1 720 381 444 336 55 462 847 895 773 118 399 568 60 989 987 764 811 555 724 718 257 0 784 1217 1106 259
681 53 990 619 486 730 811 620 266 672 506 497 903 502 458 825 639 84 253 630 339 361 337 874 429 616 724 346 817 227 716 368 675 268 496 416 697 584 933 468 378 73 560 287 813 832 565 260 785 168 659 535 467 760 384 809 199 961 895 497 262 839 249 678 67 326 326 85 285 601 784 0 646 446 537
1072 699 831 55 188 333 1242 1118 385 935 994 865 792 174 694 1242 582 707 486 1017 851 960 574 891 1005 266 519 299 1159 430 789 285 1099 894 937 579 802 178 790 374 282 573 825 399 666 1123 987 904 1219 565 901 790 895 1171 974 655 446 902 1296 820 874 1253 431 364 602 960 948 627 512 964 1217 646 0 218 968
970 498 905 214 40 457 1133 982 212 868 857 758 846 56 612 1137 593 516 348 914 700 785 469 905 839 348 582 124 1077 257 775 79 987 707 813 502 779 261 856 345 158 373 749 257 723 1056 871 697 1107 402 838 714 772 1066 803 713 250 944 1198 724 692 1149 214 452 412 749 763 443 389 865 1106 446 218 0 848
145 528 792 919 886 846 285 168 639 240 90 114 699 898 298 294 555 461 500 100 204 311 393 573 256 782 699 723 286 599 449 776 142 392 40 401 412 819 744 611 703 570 224 591 685 323 27 559 260 461 258 242 76 225 288 688 636 689 361 172 358 307 731 770 510 627 372 470 462 103 259 537 968 848 0
