133
0 973 395 312 803 381 641 695 1133 75 791 977 1193 836 478 995 841 699 816 740 1073 1003 747 842 525 456 1036 1107 953 1025 619 447 397 245 293 886 812 788 640 1136 992 895 850 430 824 826 80 849 625 263 270 695 774 866 535 301 514 403 926 319 614 781 767 599 541 622 316 942 743 132 987 814 515 549 951 1178 1112 872 1008 610 477 412 81 823 305 1047 644 826 1027 539 462 885 323 744 667 537 958 973 595 652 390 561 577 1080 178 642 845 482 777 668 695 655 1019 323 547 1159 649 694 594 361 837 41 333 770 700 583 942 259 609 851 609 717 16
973 0 1033 748 713 679 739 998 757 969 181 85 810 260 812 45 212 325 160 443 599 274 502 861 543 882 721 727 66 477 1161 573 804 767 689 174 453 311 344 813 335 131 1039 554 741 949 900 276 359 944 799 344 351 307 879 890 1100 659 396 738 1181 241 974 1040 904 691 657 255 273 889 136 708 958 626 226 813 833 169 846 363 914 944 963 170 775 830 363 211 629 435 615 174 651 292 897 1049 268 453 377 1202 795 441 535 558 825 1002 167 546 963 772 631 606 348 654 441 677 1048 1113 425 1047 377 944 717 836 664 484 328 759 1079 446 1008 641 958
395 1033 0 310 569 670 409 333 905 320 871 1069 955 815 246 1069 977 859 905 653 898 955 626 544 490 176 809 886 1040 894 225 469 229 340 426 1012 702 757 697 888 918 919 490 517 577 493 433 816 763 147 274 866 727 815 234 161 120 378 828 318 224 797 420 215 222 424 514 903 762 305 1097 582 165 427 923 936 853 886 731 711 163 97 475 863 281 780 670 836 836 671 418 1011 476 747 346 147 912 850 692 261 237 596 508 922 505 275 872 491 435 413 515 500 941 462 605 964 268 303 608 43 759 365 336 480 500 552 872 337 217 738 237 527 387
312 748 310 0 496 397 342 470 822 268 576 774 882 561 210 779 671 549 608 438 762 721 438 556 229 231 725 795 746 718 502 174 132 78 130 709 506 507 404 827 700 646 608 208 520 562 284 570 454 196 53 556 486 580 291 150 409 98 626 9 511 524 520 421 309 315 222 662 486 184 797 507 319 237 676 868 806 616 708 407 267 246 358 582 28 743 388 567 715 362 157 707 176 478 409 388 676 668 388 543 119 306 273 770 296 432 596 205 525 375 384 343 726 159 307 846 459 521 327 311 540 271 30 485 391 293 650 64 449 546 411 405 296
803 713 569 496 0 814 167 342 340 746 631 784 395 453 343 758 781 738 663 280 338 510 217 147 366 399 242 318 754 368 567 446 412 574 582 790 260 408 513 334 450 582 332 522 32 241 781 436 655 589 533 758 368 409 335 528 560 427 354 492 594 496 284 442 350 181 649 484 483 671 830 13 414 275 513 378 309 544 216 581 405 477 854 568 499 246 459 509 271 608 383 788 598 453 255 489 482 340 567 598 417 457 312 370 783 376 555 425 268 155 131 181 463 583 489 396 421 471 429 606 337 761 484 137 110 361 422 559 478 274 401 108 787
381 679 670 397 814 0 694 865 1086 421 506 660 1150 633 602 689 505 363 520 625 979 798 663 912 449 628 999 1054 642 893 886 367 529 337 267 554 700 605 415 1110 811 641 996 293 844 939 301 655 323 525 408 351 611 686 687 515 785 408 778 393 890 556 908 816 705 652 177 737 524 380 657 821 715 543 735 1140 1101 632 1030 349 663 633 333 568 418 1052 449 597 955 275 436 553 229 541 797 777 757 842 346 925 516 393 507 968 203 830 597 390 910 735 683 633 839 246 362 1073 856 917 431 654 689 374 386 846 705 472 765 345 842 733 808 707 373
641 739 409 342 167 694 0 258 507 581 619 798 562 485 175 782 760 689 654 300 489 588 251 218 272 235 409 485 767 492 446 333 246 421 443 780 323 429 469 500 539 610 327 413 184 253 624 476 596 421 373 706 391 462 180 360 417 289 444 339 470 501 247 318 200 52 520 547 477 508 838 179 265 159 573 545 473 572 367 524 246 314 696 576 340 406 420 527 427 530 259 778 468 451 158 350 551 453 506 482 251 388 236 513 636 267 572 322 241 41 119 132 558 452 416 557 314 376 372 444 393 599 334 151 95 296 500 406 357 353 280 123 625
695 998 333 470 342 865 258 0 635 621 874 1056 673 742 263 1040 1012 929 909 557 674 836 505 250 505 246 549 624 1025 710 235 542 337 540 598 1034 571 688 717 603 782 868 157 617 333 170 708 733 832 432 472 943 649 716 178 396 265 468 684 472 263 759 92 129 162 307 688 799 734 576 1096 354 180 394 826 653 563 830 434 763 218 282 768 834 452 488 671 786 604 756 465 1032 637 709 100 198 802 680 745 260 350 627 483 710 753 58 830 542 110 227 371 391 797 620 651 718 87 128 618 376 645 658 478 210 340 543 746 529 153 596 96 367 683
1133 757 905 822 340 1086 507 635 0 1080 756 841 63 545 683 800 901 912 780 464 159 486 422 385 646 738 98 32 816 280 871 734 750 896 888 892 394 533 709 65 422 647 551 798 328 478 1104 519 852 929 863 935 507 480 671 867 883 740 371 816 899 621 552 755 684 514 939 503 630 1002 892 327 745 587 530 58 104 618 214 786 742 815 1179 673 828 160 659 608 138 837 687 890 893 601 571 812 488 306 778 894 754 695 587 204 1093 682 646 704 532 494 438 480 412 880 728 113 722 756 658 944 434 1092 805 433 434 614 432 881 786 369 714 416 1117
75 969 320 268 746 421 581 621 1080 0 789 980 1138 815 413 995 852 713 817 705 1028 979 707 777 492 386 983 1055 955 987 544 421 335 213 280 896 774 764 630 1080 963 883 777 417 765 757 128 826 632 189 219 711 747 840 465 231 438 364 892 276 539 766 696 523 470 566 325 919 727 85 994 757 442 502 930 1123 1055 858 947 608 406 339 156 814 255 987 628 810 979 543 424 895 320 725 597 462 934 936 592 577 329 544 540 1038 222 568 833 456 707 606 644 607 990 315 534 1111 574 619 573 286 805 51 293 705 646 553 913 225 533 814 535 664 68
791 181 871 576 631 506 619 874 756 789 0 198 816 211 664 205 151 178 35 350 609 330 413 775 388 730 699 724 170 494 1016 404 645 589 509 161 389 232 173 804 368 145 938 376 662 852 718 237 182 772 625 201 268 277 738 722 947 493 386 566 1034 139 864 901 763 568 475 280 147 710 227 629 811 485 264 815 814 153 799 181 764 786 782 86 604 795 206 148 619 253 454 159 469 177 776 901 300 454 196 1057 635 274 394 579 644 871 117 380 856 657 526 491 392 473 268 699 914 981 267 881 327 763 546 737 560 336 337 582 938 399 871 541 777
977 85 1069 774 784 660 798 1056 841 980 198 0 895 332 858 49 162 297 166 509 684 359 570 932 584 925 803 811 31 562 1209 602 842 785 703 115 526 377 372 897 420 204 1106 572 813 1017 902 350 353 971 823 311 417 384 929 921 1143 691 478 765 1228 297 1038 1091 954 749 660 339 322 903 51 780 1005 675 310 898 916 241 926 373 959 983 960 222 802 911 401 276 712 438 652 115 660 347 956 1095 353 537 390 1250 833 473 583 644 821 1057 230 578 1027 833 695 667 434 666 467 763 1102 1168 463 1080 452 951 744 903 729 528 411 778 1129 523 1060 706 963
1193 810 955 882 395 1150 562 673 63 1138 816 895 0 604 737 852 960 973 839 528 211 537 486 424 709 790 156 96 870 332 909 797 806 956 950 949 458 595 772 71 474 703 578 861 380 510 1164 579 915 984 922 997 569 539 721 923 927 802 430 876 937 682 587 796 732 572 1003 558 692 1061 946 382 793 648 584 21 114 676 241 849 792 867 1239 732 887 186 723 668 200 901 749 947 956 663 616 855 542 363 841 930 811 759 650 252 1155 723 704 768 568 546 498 542 462 943 792 141 761 791 722 994 495 1151 865 478 492 678 488 941 826 431 756 476 1177
836 260 815 561 453 633 485 742 545 815 211 332 604 0 579 305 358 375 235 185 398 169 242 600 334 651 489 512 302 286 919 393 587 602 543 354 194 58 218 593 178 129 778 408 481 688 775 25 336 748 615 399 94 65 637 689 868 464 175 552 941 83 715 795 662 439 545 107 109 729 379 448 719 391 115 603 604 91 599 286 680 721 847 129 585 590 195 64 407 358 409 352 518 94 642 811 125 243 287 958 580 275 307 371 721 751 106 359 703 515 373 353 206 515 293 490 797 861 242 835 122 801 532 575 406 270 136 590 834 194 760 381 820
478 812 246 210 343 602 175 263 683 413 664 858 737 579 0 851 787 688 699 409 659 711 379 364 275 72 585 660 827 648 352 290 82 285 335 816 455 521 494 675 672 691 398 361 358 356 473 578 590 246 222 700 488 573 86 186 289 208 582 211 370 571 310 242 109 180 425 661 539 348 891 355 147 188 683 720 646 656 534 527 102 149 541 642 196 577 457 607 600 507 218 814 374 520 200 237 669 604 507 394 93 395 277 679 503 233 646 298 315 194 270 253 695 357 413 731 267 334 396 277 514 437 216 292 259 329 627 272 277 491 220 284 464
995 45 1069 779 758 689 782 1040 800 995 205 49 852 305 851 0 202 329 178 487 642 315 546 906 580 920 765 770 48 520 1201 605 840 795 715 158 498 355 374 857 378 175 1083 581 786 994 921 321 374 975 829 345 395 352 919 924 1138 693 441 769 1220 282 1018 1081 944 733 678 299 312 916 97 753 997 665 270 856 877 213 892 386 952 980 982 208 806 875 398 254 673 455 650 158 675 333 940 1088 312 497 402 1241 831 474 574 600 843 1044 209 579 1007 815 675 649 390 679 472 719 1089 1154 460 1081 423 967 749 880 708 521 372 787 1119 492 1049 685 981
841 212 977 671 781 505 760 1012 901 852 151 162 960 358 787 202 0 143 122 501 751 449 564 924 513 849 848 869 154 632 1139 509 758 669 582 49 540 383 295 951 499 262 1083 462 812 999 763 383 221 865 716 153 419 422 866 821 1062 600 530 662 1155 290 1007 1028 891 708 527 409 297 779 152 780 935 618 388 960 963 284 951 265 885 898 817 228 700 945 340 294 765 313 571 48 535 328 914 1022 428 596 285 1180 747 391 528 717 676 1004 255 492 999 799 672 635 519 544 375 838 1046 1113 394 982 477 818 642 884 706 469 474 665 1065 549 1001 689 828
699 325 859 549 738 363 689 929 912 713 178 297 973 375 688 329 143 0 177 470 772 508 530 874 424 745 845 879 281 661 1034 400 649 538 450 191 525 378 225 954 543 323 1017 342 771 938 621 401 98 739 591 23 406 440 771 700 952 489 549 541 1048 293 936 931 796 637 388 456 281 643 294 740 833 536 442 970 959 330 928 165 782 786 674 262 578 931 279 317 773 187 470 190 401 311 836 917 476 618 184 1076 637 302 453 746 533 914 294 390 930 730 618 574 568 411 277 865 954 1021 318 860 478 678 522 825 650 393 508 536 965 544 907 637 687
816 160 905 608 663 520 654 909 780 817 35 166 839 235 699 178 122 177 0 383 630 340 445 808 423 765 725 748 139 513 1051 436 679 619 538 127 418 261 207 829 383 151 972 406 694 886 743 260 199 804 657 198 298 300 773 755 981 526 408 598 1069 169 899 936 798 603 500 294 181 738 192 662 846 521 275 838 840 167 829 208 799 820 804 106 636 823 241 171 643 277 488 125 497 210 811 936 313 475 224 1092 669 308 429 598 666 906 134 413 890 692 560 526 406 501 301 719 950 1016 302 914 355 789 578 771 594 371 355 612 973 426 906 575 802
740 443 653 438 280 625 300 557 464 705 350 509 528 185 409 487 501 470 383 0 355 301 62 426 215 482 385 432 478 285 739 298 431 496 460 510 75 132 251 496 267 312 597 346 311 508 692 176 397 606 490 492 92 165 459 543 694 340 187 430 762 216 530 613 483 256 492 253 203 620 553 278 543 227 276 521 495 274 458 326 508 556 767 289 456 462 198 233 330 373 280 508 452 172 456 634 260 233 316 777 427 232 164 349 660 567 279 264 519 330 187 169 292 443 264 448 614 677 194 678 106 701 412 394 221 163 220 482 652 113 577 197 724
1073 599 898 762 338 979 489 674 159 1028 609 684 211 398 659 642 751 772 630 355 0 327 329 437 559 723 157 131 659 121 904 647 713 829 807 739 279 396 582 220 263 492 624 701 341 539 1034 373 721 896 808 795 376 333 668 832 898 671 223 755 931 479 603 780 685 479 846 346 493 946 735 325 749 525 373 214 248 466 314 658 735 803 1110 524 773 274 536 461 70 717 613 737 804 465 593 827 331 155 653 933 714 585 502 48 1010 712 496 614 584 489 391 422 253 794 616 95 756 802 547 933 298 1033 740 463 399 516 277 815 815 245 739 375 1057
1003 274 955 721 510 798 588 836 486 979 330 359 537 169 711 315 449 508 340 301 327 0 338 652 491 784 461 458 337 207 1034 558 731 766 711 428 265 215 386 546 67 188 842 577 532 750 944 154 488 901 774 531 234 141 757 839 994 622 156 712 1058 241 792 907 781 551 714 62 275 894 410 502 842 528 66 542 569 177 600 448 809 858 1016 246 742 575 364 201 365 523 565 426 688 264 737 933 45 193 452 1071 726 443 454 285 891 854 214 523 777 611 469 465 75 684 463 403 901 961 409 979 197 967 692 645 497 428 89 754 946 239 869 469 987
747 502 626 438 217 663 251 505 422 707 413 570 486 242 379 546 564 530 445 62 329 338 0 363 230 451 337 391 539 281 696 318 413 503 477 573 75 192 308 449 293 371 537 376 248 447 705 229 453 593 488 551 152 211 420 529 658 344 202 431 720 278 473 569 443 213 520 296 266 622 614 216 505 210 322 477 444 333 399 381 474 528 781 351 453 406 254 293 294 422 285 571 476 235 404 595 300 231 369 733 411 275 172 332 681 519 339 286 461 277 133 128 315 465 308 419 565 627 240 654 142 708 415 333 165 192 251 488 608 112 532 139 731
842 861 544 556 147 912 218 250 385 777 775 932 424 600 364 906 924 874 808 426 437 652 363 0 477 397 301 374 901 493 486 548 445 635 661 936 408 555 649 353 591 730 192 626 121 102 834 584 786 601 581 893 515 557 320 547 505 507 496 554 514 642 168 372 325 260 739 629 627 711 977 153 379 371 659 403 315 692 188 713 389 466 903 715 550 240 596 656 366 731 475 934 686 598 198 434 626 473 697 509 453 582 430 477 852 299 702 532 149 181 256 301 600 670 613 471 337 372 558 586 485 801 550 71 224 486 565 620 402 420 333 237 828
525 543 490 229 366 449 272 505 646 492 388 584 709 334 275 580 513 424 423 215 559 491 230 477 0 341 555 616 554 500 628 88 260 281 247 541 288 279 219 665 471 430 598 156 397 525 477 341 328 413 282 439 257 350 353 354 559 130 401 220 645 307 515 515 378 221 293 433 271 406 615 372 423 113 448 698 653 397 580 258 375 400 553 373 251 602 183 347 523 258 74 539 246 258 412 512 446 448 240 669 252 122 59 560 450 492 382 59 511 314 235 184 498 235 146 650 533 600 121 506 313 486 201 418 259 64 421 268 552 327 488 258 509
456 882 176 231 399 628 235 246 738 386 730 925 790 651 72 920 849 745 765 482 723 784 451 397 341 0 641 717 895 718 289 344 101 296 361 880 527 593 559 726 744 762 396 409 410 370 463 650 647 204 227 756 560 646 79 154 218 257 654 235 305 641 312 191 85 247 453 734 608 332 957 411 90 260 756 772 694 727 577 586 37 79 525 711 210 623 524 678 662 561 278 878 406 590 211 172 742 674 567 331 114 459 347 746 507 203 716 357 321 244 338 324 767 389 474 792 228 290 463 209 587 417 245 328 324 398 700 285 222 563 180 350 443
1036 721 809 725 242 999 409 549 98 983 699 803 156 489 585 765 848 845 725 385 157 461 337 301 555 641 0 76 777 258 784 643 652 800 794 843 320 469 635 111 394 603 479 709 232 399 1007 465 780 831 766 868 439 427 575 769 791 645 325 720 812 561 469 665 588 416 848 465 565 905 854 230 651 491 495 143 114 571 156 711 646 719 1083 619 731 117 583 554 97 758 593 841 801 535 479 720 454 269 701 809 656 612 496 205 999 593 595 614 450 397 341 385 391 788 645 170 635 673 576 848 371 995 708 343 336 527 393 784 698 301 624 319 1020
1107 727 886 795 318 1054 485 624 32 1055 724 811 96 512 660 770 869 879 748 432 131 458 391 374 616 717 76 0 786 250 859 704 726 868 858 861 362 500 676 88 392 616 547 767 309 470 1076 487 819 906 837 902 474 447 652 843 868 712 340 789 887 589 543 741 665 489 909 472 598 976 862 305 728 559 500 91 120 587 213 753 722 795 1151 641 802 163 627 576 105 805 658 859 863 568 556 796 458 275 745 884 729 663 556 178 1063 669 614 674 523 473 411 453 384 851 696 103 710 747 626 924 401 1065 777 419 408 583 401 853 773 336 700 390 1091
953 66 1040 746 754 642 767 1025 816 955 170 31 870 302 827 48 154 281 139 478 659 337 539 901 554 895 777 786 0 538 1178 573 812 758 677 111 496 346 342 872 396 175 1075 545 783 986 879 321 330 942 795 297 386 355 898 892 1113 662 451 736 1197 266 1007 1060 923 717 637 313 291 877 77 750 974 644 286 874 890 211 897 347 928 953 939 190 774 883 371 245 686 414 622 111 635 316 925 1065 328 511 364 1219 803 443 552 620 799 1026 199 549 996 802 664 635 412 640 438 740 1071 1137 433 1051 423 927 716 872 698 497 385 751 1098 494 1029 675 939
1025 477 894 718 368 893 492 710 280 987 494 562 332 286 648 520 632 661 513 285 121 207 281 493 500 718 258 250 538 0 930 584 691 780 745 619 212 293 485 338 142 372 686 628 381 596 978 260 617 872 768 685 281 222 673 808 910 622 116 710 956 369 650 803 693 470 774 225 387 902 613 357 758 490 252 336 363 347 406 560 735 797 1053 408 734 375 444 346 161 624 563 617 736 363 619 842 209 52 556 963 689 503 447 85 944 741 378 549 633 502 379 397 133 728 532 206 787 839 465 925 204 985 694 504 397 448 158 766 840 173 762 369 1008
619 1161 225 502 567 886 446 235 871 544 1016 1209 909 919 352 1201 1139 1034 1051 739 904 1034 696 486 628 289 784 859 1178 930 0 634 386 549 629 1168 769 862 846 838 986 1037 357 696 562 401 659 914 936 371 479 1044 825 904 282 370 105 545 890 508 28 919 322 127 257 483 720 991 889 530 1243 579 204 535 1015 888 797 1001 669 876 253 256 700 992 476 723 809 953 835 849 567 1167 678 868 311 116 996 895 856 42 398 747 626 937 729 191 994 647 342 428 565 570 1004 662 763 952 149 127 749 257 838 591 523 442 539 681 946 543 89 799 167 568 612
447 573 469 174 446 367 333 542 734 421 404 602 797 393 290 605 509 400 436 298 647 558 318 548 88 344 643 704 573 584 634 0 249 208 161 543 373 342 231 752 544 472 651 79 476 585 394 404 302 370 226 411 327 419 375 318 553 90 480 165 648 350 565 531 398 287 205 497 312 336 628 454 433 176 509 786 739 443 663 244 381 389 469 407 201 687 213 394 611 217 77 542 158 306 457 517 512 532 224 676 238 131 147 646 363 520 422 35 564 375 316 266 572 147 136 738 557 624 154 477 390 410 144 484 337 136 494 196 565 411 510 340 431
397 804 229 132 412 529 246 337 750 335 645 842 806 587 82 840 758 649 679 431 713 731 413 445 260 101 652 726 812 691 386 249 0 204 262 791 487 529 472 746 699 690 478 310 430 438 390 589 551 183 140 658 500 590 159 119 304 159 613 135 399 567 391 293 176 236 353 677 532 266 871 424 191 205 696 790 719 656 611 493 138 141 458 634 115 652 442 606 658 463 190 789 305 517 282 269 688 643 473 428 13 370 279 729 421 300 642 266 397 271 322 294 723 288 382 790 328 392 379 248 538 356 144 373 318 322 651 191 323 525 280 339 383
245 767 340 78 574 337 421 540 896 213 589 785 956 602 285 795 669 538 619 496 829 766 503 635 281 296 800 868 758 780 549 208 204 0 89 710 567 551 424 903 751 674 682 213 598 639 207 613 448 204 71 542 534 627 363 180 450 158 682 81 555 555 594 481 378 393 173 706 517 127 804 584 380 309 717 942 882 648 786 412 329 295 283 606 88 820 417 599 785 355 217 708 140 514 485 440 721 728 394 590 192 333 332 835 218 499 624 243 600 454 458 415 778 127 326 916 522 582 361 331 594 205 91 564 467 341 701 15 505 606 475 480 228
293 689 426 130 582 267 443 598 888 280 509 703 950 543 335 715 582 450 538 460 807 711 477 661 247 361 794 858 677 745 629 161 262 89 0 624 534 495 350 901 702 604 731 138 609 679 234 556 361 293 152 452 484 575 419 265 533 155 641 126 637 488 642 552 438 407 92 649 450 200 719 591 450 307 658 938 885 580 798 329 397 373 308 534 154 827 351 533 769 269 201 623 50 451 532 517 665 693 313 670 249 268 305 807 204 562 554 196 646 481 457 410 730 38 255 897 589 652 301 420 551 259 119 592 472 297 652 89 579 573 542 481 277
886 174 1012 709 790 554 780 1034 892 896 161 115 949 354 816 158 49 191 127 510 739 428 573 936 541 880 843 861 111 619 1168 543 791 710 624 0 543 386 322 944 481 246 1099 501 821 1013 809 378 264 904 755 202 424 416 893 858 1095 634 521 699 1185 295 1026 1056 919 728 572 393 308 822 103 788 964 643 369 950 958 273 952 301 915 932 864 226 737 944 363 291 758 355 602 1 578 338 936 1053 411 586 320 1210 780 421 552 703 724 1029 248 524 1017 818 687 652 500 586 408 824 1072 1139 420 1019 476 863 680 899 721 493 461 705 1093 548 1028 702 874
812 453 702 506 260 700 323 571 394 774 389 526 458 194 455 498 540 525 418 75 279 265 75 408 288 527 320 362 496 212 769 373 487 567 534 543 0 157 315 430 218 322 591 422 288 499 766 176 459 666 557 548 121 149 495 603 733 410 126 498 793 249 533 641 518 287 568 228 247 689 573 255 580 283 256 452 433 285 410 391 550 604 841 317 522 407 265 253 258 443 350 541 527 216 472 669 230 161 383 805 485 306 234 274 735 589 299 339 519 345 203 203 239 518 338 373 636 696 268 729 76 773 481 389 232 238 177 553 680 39 603 204 795
788 311 757 507 408 605 429 688 533 764 232 377 595 58 521 355 383 378 261 132 396 215 192 555 279 593 469 500 346 293 862 342 529 551 495 386 157 0 192 577 209 180 729 363 438 640 729 62 325 692 561 401 40 81 579 632 810 409 177 498 883 92 663 738 604 383 504 155 97 678 422 405 661 333 169 592 584 142 567 266 622 663 802 161 530 563 157 101 395 332 353 384 474 69 587 753 170 245 263 901 523 230 249 374 680 695 147 307 652 461 320 297 238 470 253 490 741 805 195 778 99 752 478 526 353 215 161 539 777 168 703 330 772
640 344 697 404 513 415 469 717 709 630 173 372 772 218 494 374 295 225 207 251 582 386 308 649 219 559 635 676 342 485 846 231 472 424 350 322 315 192 0 745 396 254 796 212 545 714 573 239 145 601 455 245 206 271 571 549 775 319 369 395 863 146 717 734 597 417 334 324 110 548 399 515 642 323 325 767 746 233 707 76 594 613 642 183 432 713 53 190 572 140 281 320 316 125 621 731 343 435 71 888 462 101 234 564 510 709 204 206 710 509 393 350 424 317 97 677 751 818 99 708 284 609 374 601 425 174 350 415 771 341 706 412 625
1136 813 888 827 334 1110 500 603 65 1080 804 897 71 593 675 857 951 954 829 496 220 546 449 353 665 726 111 88 872 338 838 752 746 903 901 944 430 577 745 0 480 700 507 819 316 439 1111 568 890 921 866 977 548 529 655 861 857 750 423 822 866 667 516 726 665 514 958 558 673 1004 948 322 725 596 587 50 44 670 170 822 726 801 1185 722 831 114 694 657 186 869 700 942 910 643 547 786 545 360 812 859 751 724 606 267 1105 653 696 724 496 482 445 491 472 897 757 177 690 720 688 928 478 1095 812 409 436 638 486 888 756 409 686 422 1120
992 335 918 700 450 811 539 782 422 963 368 420 474 178 672 378 499 543 383 267 263 67 293 591 471 744 394 392 396 142 986 544 699 751 702 481 218 209 396 480 0 236 782 572 471 690 936 156 513 873 752 567 217 128 713 811 951 601 97 691 1010 260 734 858 736 505 714 89 287 877 471 442 798 494 112 478 502 216 533 465 768 820 1010 282 720 508 366 227 298 536 542 480 683 270 684 888 70 126 466 1022 695 440 428 223 889 803 250 509 719 559 420 421 28 678 463 343 850 908 403 944 161 954 672 586 446 409 49 738 897 186 820 418 975
895 131 919 646 582 641 610 868 647 883 145 204 703 129 691 175 262 323 151 312 492 188 371 730 430 762 603 616 175 372 1037 472 690 674 604 246 322 180 254 700 236 0 908 466 610 818 827 146 320 839 698 346 220 179 755 783 980 553 277 636 1058 123 843 915 780 562 587 147 159 800 253 578 835 503 125 705 716 38 722 297 793 827 895 74 671 708 258 84 514 374 503 244 571 172 768 927 165 340 306 1077 682 341 414 457 761 874 50 441 832 642 500 477 256 571 349 578 920 985 318 936 248 863 616 704 534 367 215 665 954 318 881 510 880
850 1039 490 608 332 996 327 157 551 777 938 1106 578 778 398 1083 1083 1017 972 597 624 842 537 192 598 396 479 547 1075 686 357 651 478 682 731 1099 591 729 796 507 782 908 0 730 310 91 860 764 923 589 617 1034 689 740 321 549 412 589 686 609 385 811 88 279 310 379 818 816 792 728 1149 340 337 485 845 556 463 870 337 851 372 439 921 886 594 393 745 830 553 856 574 1097 766 764 199 350 814 666 834 369 490 716 564 666 899 215 876 645 87 286 412 447 792 749 744 648 228 230 699 533 667 812 612 203 378 623 754 669 293 607 252 399 838
430 554 517 208 522 293 413 617 798 417 376 572 861 408 361 581 462 342 406 346 701 577 376 626 156 409 709 767 545 628 696 79 310 213 138 501 422 363 212 819 572 466 730 0 552 664 367 423 245 402 253 350 356 444 447 359 610 153 519 200 709 350 643 599 470 366 145 515 312 336 592 528 499 255 522 851 809 442 737 200 447 445 439 396 237 759 214 396 671 154 155 499 111 315 535 580 532 576 182 738 297 133 214 696 318 593 416 97 642 454 390 340 600 107 117 794 628 695 168 520 427 397 181 563 413 185 523 206 632 459 581 414 414
824 741 577 520 32 844 184 333 328 765 662 813 380 481 358 786 812 771 694 311 341 532 248 121 397 410 232 309 783 381 562 476 430 598 609 821 288 438 545 316 471 610 310 552 0 218 804 464 687 604 555 791 398 436 343 544 561 454 376 516 590 526 268 439 356 205 678 508 514 692 859 32 419 303 538 362 289 573 188 614 413 487 877 598 521 222 492 538 272 640 411 819 627 484 252 490 506 357 599 592 436 489 343 376 809 371 584 455 252 165 162 212 482 612 522 393 415 461 461 615 364 783 509 123 139 393 445 583 474 299 398 139 809
826 949 493 562 241 939 253 170 478 757 852 1017 510 688 356 994 999 938 886 508 539 750 447 102 525 370 399 470 986 596 401 585 438 639 679 1013 499 640 714 439 690 818 91 664 218 0 828 674 846 572 578 955 600 649 291 525 435 531 594 562 429 723 79 299 288 303 763 725 705 699 1061 248 330 413 754 489 397 780 269 773 353 427 893 798 551 324 663 741 468 783 509 1012 710 676 159 367 723 575 756 420 449 639 486 580 858 226 787 575 60 211 326 364 701 693 668 569 256 280 620 537 576 787 562 114 292 545 663 626 324 515 264 311 813
80 900 433 284 781 301 624 708 1104 128 718 902 1164 775 473 921 763 621 743 692 1034 944 705 834 477 463 1007 1076 879 978 659 394 390 207 234 809 766 729 573 1111 936 827 860 367 804 828 0 790 549 289 252 616 719 809 539 312 553 364 875 288 656 716 774 623 549 599 242 882 678 133 910 791 532 516 889 1150 1090 806 991 538 489 432 75 755 284 1027 581 761 991 465 421 808 257 682 669 567 899 926 524 694 380 500 533 1037 98 659 778 429 783 655 666 623 964 259 483 1122 672 722 534 404 785 77 299 762 674 531 886 223 638 805 629 688 72
849 276 816 570 436 655 476 733 519 826 237 350 579 25 578 321 383 401 260 176 373 154 229 584 341 650 465 487 321 260 914 404 589 613 556 378 176 62 239 568 156 146 764 423 464 674 790 0 360 754 623 424 90 39 633 693 866 471 149 560 937 108 703 789 658 432 562 93 132 740 398 432 716 390 107 578 580 109 577 309 678 721 862 154 592 567 212 88 382 380 415 376 534 114 633 808 109 218 309 953 583 289 310 345 738 744 129 370 690 506 362 346 184 530 310 464 790 853 255 838 101 813 541 561 395 277 111 601 829 173 754 369 833
625 359 763 454 655 323 596 832 852 632 182 353 915 336 590 374 221 98 199 397 721 488 453 786 328 647 780 819 330 617 936 302 551 448 361 264 459 325 145 890 513 320 923 245 687 846 549 360 0 646 497 111 346 397 673 605 854 391 502 445 950 253 842 832 698 544 309 431 230 558 362 657 735 440 423 910 892 315 852 73 684 689 608 248 483 859 198 287 714 92 372 262 314 255 740 819 451 570 89 978 539 207 360 699 468 817 279 292 837 637 531 485 540 322 181 815 856 923 227 765 422 600 426 735 562 301 472 444 867 483 809 551 611
263 944 147 196 589 525 421 432 929 189 772 971 984 748 246 975 865 739 804 606 896 901 593 601 413 204 831 906 942 872 371 370 183 204 293 904 666 692 601 921 873 839 589 402 604 572 289 754 646 0 148 743 667 759 282 63 266 286 791 206 371 716 509 336 284 418 375 845 679 159 994 601 252 383 861 967 892 808 778 602 219 149 339 777 168 822 582 758 840 553 338 902 344 669 414 277 857 824 584 408 182 502 446 912 358 379 790 398 520 440 505 476 898 331 504 972 386 433 521 129 712 228 226 531 499 478 825 204 349 705 346 522 252
270 799 274 53 533 408 373 472 863 219 625 823 922 615 222 829 716 591 657 490 808 774 488 581 282 227 766 837 795 768 479 226 140 71 152 755 557 561 455 866 752 698 617 253 555 578 252 623 497 148 0 596 539 633 296 112 382 151 677 62 486 576 530 410 310 352 241 715 538 138 845 544 309 282 729 907 842 669 740 453 259 224 323 633 35 778 440 620 759 404 210 753 202 531 422 369 729 718 435 520 129 358 325 818 281 430 648 257 537 403 426 387 779 187 357 892 452 511 380 270 592 229 82 509 430 346 703 63 434 596 405 447 254
695 344 866 556 758 351 706 943 935 711 201 311 997 399 700 345 153 23 198 492 795 531 551 893 439 756 868 902 297 685 1044 411 658 542 452 202 548 401 245 977 567 346 1034 350 791 955 616 424 111 743 596 0 429 463 784 706 960 499 573 548 1058 316 952 942 808 654 387 479 304 644 305 760 844 551 465 994 982 354 950 182 793 795 667 285 585 953 299 341 797 195 482 202 403 334 851 928 499 641 199 1086 646 318 470 769 527 928 318 403 947 747 637 593 592 414 292 888 966 1034 335 866 501 675 530 843 669 410 532 540 977 567 920 656 683
774 351 727 486 368 611 391 649 507 747 268 417 569 94 488 395 419 406 298 92 376 234 152 515 257 560 439 474 386 281 825 327 500 534 484 424 121 40 206 548 217 220 689 356 398 600 719 90 346 667 539 429 0 93 544 606 776 388 166 477 847 129 623 701 569 345 500 177 126 661 462 365 627 300 196 565 553 182 531 282 588 631 793 200 508 529 163 141 369 343 330 422 467 95 548 718 189 230 277 865 494 226 221 359 674 657 187 292 612 422 280 259 245 461 252 471 703 767 188 749 78 737 458 485 313 194 167 522 740 138 666 290 758
866 307 815 580 409 686 462 716 480 840 277 384 539 65 573 352 422 440 300 165 333 141 211 557 350 646 427 447 355 222 904 419 590 627 575 416 149 81 271 529 128 179 740 444 436 649 809 39 397 759 633 463 93 0 624 698 859 481 109 571 927 147 681 778 648 420 586 87 167 754 433 404 708 388 111 538 541 145 542 343 673 719 882 193 601 530 238 128 343 412 423 414 555 145 616 799 97 178 342 942 585 311 313 305 761 729 167 384 668 489 345 333 156 550 335 425 776 838 275 838 72 829 551 538 376 287 79 614 817 139 741 349 850
535 879 234 291 335 687 180 178 671 465 738 929 721 637 86 919 866 771 773 459 668 757 420 320 353 79 575 652 898 673 282 375 159 363 419 893 495 579 571 655 713 755 321 447 343 291 539 633 673 282 296 784 544 624 0 233 238 295 619 294 303 637 235 162 25 207 510 712 607 409 964 348 85 253 735 703 622 718 502 608 71 146 603 710 274 550 531 670 604 592 301 891 460 586 132 175 718 632 589 322 172 475 345 694 578 146 712 381 243 180 295 292 733 442 495 731 182 249 472 272 560 496 300 251 275 402 671 351 200 527 135 303 522
301 890 161 150 528 515 360 396 867 231 722 921 923 689 186 924 821 700 755 543 832 839 529 547 354 154 769 843 892 808 370 318 119 180 265 858 603 632 549 861 811 783 549 359 544 525 312 693 605 63 112 706 606 698 233 0 270 231 728 159 375 660 466 314 239 355 353 784 623 179 946 540 220 319 801 906 833 751 720 556 177 122 372 722 121 764 528 701 777 512 280 857 315 612 366 264 795 760 537 410 118 449 385 848 367 346 734 344 476 381 441 412 836 300 454 909 360 414 466 161 649 263 178 476 436 419 763 175 333 641 316 458 288
514 1100 120 409 560 785 417 265 883 438 947 1143 927 868 289 1138 1062 952 981 694 898 994 658 505 559 218 791 868 1113 910 105 553 304 450 533 1095 733 810 775 857 951 980 412 610 561 435 553 866 854 266 382 960 776 859 238 270 0 463 857 417 105 860 357 136 216 446 623 947 827 425 1174 573 152 477 970 907 820 945 693 797 187 165 594 930 382 745 742 896 831 765 493 1093 583 809 312 71 954 870 778 141 315 674 565 926 625 208 935 570 375 409 534 530 972 567 687 954 183 199 680 152 797 485 433 450 512 616 909 445 119 766 172 541 506
403 659 378 98 427 408 289 468 740 364 493 691 802 464 208 693 600 489 526 340 671 622 344 507 130 257 645 712 662 622 545 90 159 158 155 634 410 409 319 750 601 553 589 153 454 531 364 471 391 286 151 499 388 481 295 231 463 0 528 89 558 430 501 446 317 251 232 564 393 279 718 437 346 154 578 788 732 522 643 334 294 298 440 491 120 673 297 472 627 304 59 632 179 383 391 428 577 571 315 587 147 218 176 677 355 441 503 113 502 328 305 259 628 163 226 758 475 541 235 388 442 363 71 440 318 194 551 144 479 449 428 328 387
926 396 828 626 354 778 444 684 371 892 386 478 430 175 582 441 530 549 408 187 223 156 202 496 401 654 325 340 451 116 890 480 613 682 641 521 126 177 369 423 97 277 686 519 376 594 875 149 502 791 677 573 166 109 619 728 857 528 0 617 914 256 637 762 641 411 664 142 272 807 528 345 704 409 172 430 438 247 452 444 675 731 950 302 643 434 329 237 236 508 468 519 628 247 587 793 134 68 441 925 610 391 352 197 836 706 274 445 622 462 324 329 114 621 419 315 753 811 353 856 91 887 599 490 350 344 71 668 801 91 723 322 910
319 738 318 9 492 393 339 472 816 276 566 765 876 552 211 769 662 541 598 430 755 712 431 554 220 235 720 789 736 710 508 165 135 81 126 699 498 498 395 822 691 636 609 200 516 562 288 560 445 206 62 548 477 571 294 159 417 89 617 0 518 514 521 426 311 311 218 653 476 191 788 503 324 230 667 862 801 607 704 398 271 253 363 572 37 739 378 557 708 353 149 698 171 469 410 394 667 660 379 550 122 296 265 762 298 436 586 195 525 373 378 336 718 154 298 840 463 526 318 320 532 278 20 483 386 283 641 66 454 538 415 400 302
614 1181 224 511 594 890 470 263 899 539 1034 1228 937 941 370 1220 1155 1048 1069 762 931 1058 720 514 645 305 812 887 1197 956 28 648 399 555 637 1185 793 883 863 866 1010 1058 385 709 590 429 656 937 950 371 486 1058 847 927 303 375 105 558 914 518 0 939 351 153 278 507 727 1014 908 530 1261 606 223 555 1038 916 826 1021 697 891 269 265 695 1011 484 752 827 973 862 862 583 1183 686 888 338 132 1019 920 871 37 411 764 646 964 730 219 1014 662 370 454 590 593 1029 670 779 979 177 154 767 252 861 587 533 470 564 699 970 550 115 823 193 593 607
781 241 797 524 496 556 501 759 621 766 139 297 682 83 571 282 290 293 169 216 479 241 278 642 307 641 561 589 266 369 919 350 567 555 488 295 249 92 146 667 260 123 811 350 526 723 716 108 253 716 576 316 129 147 637 660 860 430 256 514 939 0 741 799 663 452 480 181 38 682 338 493 716 384 179 680 675 92 660 207 673 705 786 75 549 655 137 45 483 281 380 293 459 51 659 808 200 325 210 960 559 221 294 453 656 762 75 319 731 536 398 369 287 457 233 571 807 872 196 813 189 748 493 608 432 245 219 545 837 260 766 411 765
767 974 420 520 284 908 247 92 552 696 864 1038 587 715 310 1018 1007 936 899 530 603 792 473 168 515 312 469 543 1007 650 322 565 391 594 642 1026 533 663 717 516 734 843 88 643 268 79 774 703 842 509 530 952 623 681 235 466 357 501 637 521 351 741 0 221 226 299 730 761 720 644 1080 294 260 401 789 566 475 805 346 770 290 361 838 816 506 401 668 763 532 772 488 1024 678 692 110 289 761 624 752 343 402 634 483 641 812 149 809 560 19 207 343 373 747 661 661 639 177 204 619 464 609 729 524 147 309 543 703 582 245 553 187 333 755
599 1040 215 421 442 816 318 129 755 523 901 1091 796 795 242 1081 1028 931 936 613 780 907 569 372 515 191 665 741 1060 803 127 531 293 481 552 1056 641 738 734 726 858 915 279 599 439 299 623 789 832 336 410 942 701 778 162 314 136 446 762 426 153 799 221 0 137 357 644 864 769 490 1127 454 102 416 889 776 687 878 559 769 155 191 676 872 398 613 694 831 711 749 460 1054 597 748 187 71 869 767 749 164 306 636 508 812 681 73 873 540 239 301 438 444 877 580 655 831 52 101 635 258 711 565 437 322 412 564 819 472 39 671 40 440 588
541 904 222 309 350 705 200 162 684 470 763 954 732 662 109 944 891 796 798 483 685 781 443 325 378 85 588 665 923 693 257 398 176 378 438 919 518 604 597 665 736 780 310 470 356 288 549 658 698 284 310 808 569 648 25 239 216 317 641 311 278 663 226 137 0 230 529 736 633 417 989 363 64 279 760 714 631 743 509 633 65 141 611 736 290 558 557 696 620 616 325 917 479 612 130 151 742 653 614 297 189 500 371 712 591 125 737 405 237 196 317 316 756 462 519 747 158 225 498 262 584 502 319 258 295 427 694 366 175 550 111 324 528
622 691 424 315 181 652 52 307 514 566 568 749 572 439 180 733 708 637 603 256 479 551 213 260 221 247 416 489 717 470 483 287 236 393 407 728 287 383 417 514 505 562 379 366 205 303 599 432 544 418 352 654 345 420 207 355 446 251 411 311 507 452 299 357 230 0 480 507 426 490 788 192 293 110 532 556 490 525 393 471 265 327 673 527 317 427 368 479 422 479 215 727 428 401 207 382 512 427 454 521 240 336 184 499 604 312 523 273 293 93 90 87 526 412 364 554 358 422 319 456 354 581 303 197 81 243 463 378 396 320 321 104 606
316 657 514 222 649 177 520 688 939 325 475 660 1003 545 425 678 527 388 500 492 846 714 520 739 293 453 848 909 637 774 720 205 353 173 92 572 568 504 334 958 714 587 818 145 678 763 242 562 309 375 241 387 500 586 510 353 623 232 664 218 727 480 730 644 529 480 0 652 443 257 671 657 542 374 656 992 945 568 865 295 489 465 308 514 246 891 350 524 814 223 266 571 52 450 619 609 670 721 282 761 340 274 352 842 176 653 538 234 732 560 520 471 742 69 251 939 681 744 312 504 573 291 209 672 539 330 665 177 671 605 633 544 302
942 255 903 662 484 737 547 799 503 919 280 339 558 107 661 299 409 456 294 253 346 62 296 629 433 734 465 472 313 225 991 497 677 706 649 393 228 155 324 558 89 147 816 515 508 725 882 93 431 845 715 479 177 87 712 784 947 564 142 653 1014 181 761 864 736 507 652 0 213 834 389 477 796 476 30 560 577 127 595 388 761 807 954 194 684 576 302 143 373 462 507 392 626 202 700 887 20 198 391 1028 672 382 399 309 829 815 162 463 747 573 429 420 112 622 401 430 862 923 348 926 154 906 633 616 459 369 72 694 903 209 827 432 926
743 273 762 486 483 524 477 734 630 727 147 322 692 109 539 312 297 281 181 203 493 275 266 627 271 608 565 598 291 387 889 312 532 517 450 308 247 97 110 673 287 159 792 312 514 705 678 132 230 679 538 304 126 167 607 623 827 393 272 476 908 38 720 769 633 426 443 213 0 643 361 482 685 354 214 689 679 131 656 177 641 671 748 103 512 655 99 83 492 249 344 306 421 31 634 776 232 341 178 929 524 183 262 470 619 734 110 281 710 513 379 346 315 419 195 587 779 845 158 777 196 709 456 590 413 210 244 507 808 263 738 394 727
132 889 305 184 671 380 508 576 1002 85 710 903 1061 729 348 916 779 643 738 620 946 894 622 711 406 332 905 976 877 902 530 336 266 127 200 822 689 678 548 1004 877 800 728 336 692 699 133 740 558 159 138 644 661 754 409 179 425 279 807 191 530 682 644 490 417 490 257 834 643 0 919 682 399 420 845 1046 980 774 876 530 357 299 194 731 174 915 544 726 898 467 339 821 244 641 540 435 848 851 514 567 258 460 455 954 200 526 750 370 653 536 564 525 904 237 451 1030 538 590 488 281 720 90 208 640 568 467 828 139 506 729 495 585 117
987 136 1097 797 830 657 838 1096 892 994 227 51 946 379 891 97 152 294 192 553 735 410 614 977 615 957 854 862 77 613 1243 628 871 804 719 103 573 422 399 948 471 253 1149 592 859 1061 910 398 362 994 845 305 462 433 964 946 1174 718 528 788 1261 338 1080 1127 989 788 671 389 361 919 0 826 1038 711 361 949 967 288 975 392 991 1013 966 263 826 961 433 321 763 451 681 103 675 387 996 1128 404 588 410 1284 861 501 619 695 826 1095 275 605 1070 874 737 707 485 681 492 814 1139 1205 494 1106 500 963 768 946 771 562 462 798 1164 571 1097 750 974
814 708 582 507 13 821 179 354 327 757 629 780 382 448 355 753 780 740 662 278 325 502 216 153 372 411 230 305 750 357 579 454 424 584 591 788 255 405 515 322 442 578 340 528 32 248 791 432 657 601 544 760 365 404 348 540 573 437 345 503 606 493 294 454 363 192 657 477 482 682 826 0 427 284 506 366 298 540 208 584 418 490 865 566 510 236 461 505 258 612 391 787 606 451 268 502 474 330 570 610 429 461 317 357 792 388 551 431 278 168 137 187 453 592 494 383 433 483 432 619 332 773 494 147 118 365 414 569 491 267 414 114 798
515 958 165 319 414 715 265 180 745 442 811 1005 793 719 147 997 935 833 846 543 749 842 505 379 423 90 651 728 974 758 204 433 191 380 450 964 580 661 642 725 798 835 337 499 419 330 532 716 735 252 309 844 627 708 85 220 152 346 704 324 223 716 260 102 64 293 542 796 685 399 1038 427 0 331 819 774 690 799 566 673 52 102 589 788 296 616 605 750 684 650 364 962 495 665 181 91 803 718 653 246 204 543 422 777 585 127 791 444 274 260 381 377 819 478 560 810 142 202 544 207 645 479 335 316 360 476 756 371 133 613 96 388 504
549 626 427 237 275 543 159 394 587 502 485 675 648 391 188 665 618 536 521 227 525 528 210 371 113 260 491 559 644 490 535 176 205 309 307 643 283 333 323 596 494 503 485 255 303 413 516 390 440 383 282 551 300 388 253 319 477 154 409 230 555 384 401 416 279 110 374 476 354 420 711 284 331 0 496 634 578 467 492 370 290 331 592 457 247 520 280 419 477 371 107 641 323 333 299 423 485 442 352 575 201 233 91 536 510 385 459 163 397 201 150 106 518 308 259 609 428 495 224 451 333 508 217 308 165 150 447 293 454 322 385 174 533
951 226 923 676 513 735 573 826 530 930 264 310 584 115 683 270 388 442 275 276 373 66 322 659 448 756 495 500 286 252 1015 509 696 717 658 369 256 169 325 587 112 125 845 522 538 754 889 107 423 861 729 465 196 111 735 801 970 578 172 667 1038 179 789 889 760 532 656 30 214 845 361 506 819 496 0 587 606 111 625 385 783 827 961 180 699 606 308 137 402 460 523 368 632 207 726 910 42 227 389 1053 691 389 417 335 833 841 147 475 776 599 456 445 131 629 406 455 887 949 357 945 181 916 647 644 486 384 102 706 928 238 853 459 935
