210
0 555 591 807 96 508 640 353 238 651 868 426 585 529 194 501 716 521 375 149 820 430 776 719 524 339 751 129 203 532 536 896 548 448 458 816 386 184 350 520 928 429 446 555 454 426 920 479 319 631 341 337 512 248 562 689 438 455 953 782 507 335 152 531 397 576 553 306 305 509 566 671 162 552 149 367 219 330 275 233 869 530 726 561 825 837 449 487 518 454 597 384 579 781 732 668 196 738 520 221 217 720 491 40 69 677 308 227 392 610 401 292 599 502 571 310 367 388 198 774 601 255 396 482 821 487 556 471 548 454 191 712 473 566 565 578 588 685 529 681 501 724 180 305 349 360 780 525 545 629 616 158 436 230 670 337 331 262 283 366 537 593 351 458 684 586 853 446 457 274 747 796 441 904 271 371 216 909 452 237 577 611 160 667 586 106 324 409 342 546 257 446 450 547 365 385 682 117 604 376 149 185 648 461 309 123 669 802 561 806
555 0 143 593 589 956 885 363 376 645 1141 770 1008 78 739 94 320 930 807 702 914 616 430 960 228 771 990 466 600 942 664 1164 873 886 141 485 175 590 337 70 612 893 1001 879 981 974 723 348 619 597 699 299 105 781 624 363 993 241 668 716 210 887 417 967 635 980 271 809 265 216 936 804 634 970 659 189 771 227 505 778 601 648 444 558 1030 1054 138 376 623 715 886 929 997 968 630 846 736 906 939 382 689 748 707 520 548 950 286 584 948 914 571 844 903 346 376 804 327 267 467 486 905 375 461 570 1027 380 36 578 922 850 739 937 684 648 161 73 864 526 236 919 964 922 397 354 900 915 425 248 437 475 195 484 758 750 581 823 683 466 639 309 943 459 672 580 544 895 1058 957 934 429 402 793 978 694 368 202 601 682 691 432 941 250 399 1027 242 521 726 646 271 923 617 551 186 683 285 883 621 655 896 223 578 736 243 965 809 541 654 1086 58 736
591 143 0 451 602 922 803 477 372 529 1054 720 965 85 756 229 179 887 778 740 801 545 287 873 369 745 902 480 586 898 574 1075 810 854 135 343 259 580 449 101 470 869 1035 815 979 986 580 252 576 479 660 404 244 789 524 220 1016 373 525 586 350 926 440 930 575 933 413 803 286 357 881 703 634 927 667 262 794 296 470 823 457 557 302 451 932 958 146 277 532 650 814 939 953 869 499 752 751 807 898 384 682 631 632 552 566 871 286 562 975 844 504 884 833 242 252 795 279 384 548 342 835 463 391 483 930 281 108 494 869 807 759 847 610 549 36 71 790 393 378 834 936 828 414 456 917 949 283 389 324 347 51 484 704 754 455 810 645 436 607 423 898 336 627 499 413 827 960 947 911 399 259 668 982 552 352 296 583 538 623 414 884 109 431 966 106 581 696 583 374 871 590 471 314 592 250 871 497 674 824 328 646 760 100 953 802 546 536 1004 85 605
807 593 451 0 761 880 607 865 579 264 803 664 883 521 892 668 302 815 776 934 470 478 203 645 810 759 662 678 679 824 415 814 687 825 510 168 649 687 837 535 167 862 1179 689 1024 1075 131 342 590 236 657 788 686 895 344 234 1129 799 158 206 789 1094 674 873 530 841 857 865 584 795 773 451 752 851 797 638 939 655 551 1020 85 404 151 287 653 681 524 326 392 561 656 1028 869 595 146 519 882 538 833 599 768 318 513 769 750 674 552 644 1104 686 470 1059 680 322 255 850 456 788 868 123 681 811 418 384 652 325 557 402 770 755 901 614 504 364 432 522 630 123 820 619 907 578 646 826 1028 1101 213 830 262 178 401 650 637 855 174 851 648 550 644 818 820 214 615 418 131 682 673 975 906 533 215 305 1045 106 545 685 668 103 535 569 768 342 686 819 352 854 709 528 758 774 647 409 739 424 480 903 198 831 664 725 924 911 358 970 862 702 252 775 534 211
96 589 602 761 0 420 545 436 230 581 771 329 494 551 154 548 705 428 282 173 733 349 753 624 590 245 655 123 111 439 455 799 452 357 474 789 429 93 430 543 893 343 440 458 395 386 867 450 231 567 245 409 561 191 489 668 414 524 912 715 572 340 172 441 311 483 624 230 325 575 471 584 67 460 71 409 194 374 211 259 828 451 695 498 731 742 468 453 442 362 500 340 487 687 672 577 149 647 428 217 126 643 402 96 45 581 315 140 374 514 325 302 503 474 540 230 348 458 291 742 504 335 343 412 726 452 583 399 452 359 158 618 385 489 572 600 492 637 597 586 416 630 192 385 315 355 758 594 501 584 619 121 340 162 612 255 235 211 190 442 443 549 258 384 633 489 758 377 375 234 725 720 389 853 255 422 125 860 362 203 481 604 194 572 579 202 228 323 408 451 165 377 509 465 358 309 619 74 508 435 244 161 645 389 232 60 600 705 585 738
508 956 922 880 420 0 345 857 581 623 449 219 83 899 351 937 963 76 148 465 601 414 965 385 1001 186 404 516 361 74 465 476 217 69 820 979 821 375 850 896 1044 80 466 219 211 310 938 694 346 643 262 827 953 293 535 898 382 938 1036 737 981 463 571 29 367 100 1038 212 696 985 149 489 354 67 358 799 369 770 454 492 964 476 887 598 488 484 819 680 489 319 274 286 84 479 743 435 342 478 56 579 294 618 367 516 464 324 670 372 395 258 440 462 255 715 756 203 643 874 706 920 255 755 544 507 484 676 940 489 138 125 363 401 376 516 887 945 291 771 1009 369 34 437 579 805 326 436 973 1008 684 744 920 483 244 289 706 174 277 490 317 861 81 717 298 476 755 244 507 156 74 528 945 686 251 937 587 823 358 955 346 523 162 881 600 211 861 613 229 365 822 133 338 495 915 457 678 149 686 397 273 843 632 381 929 138 208 441 638 388 935 753
640 885 803 607 545 345 0 925 571 346 257 224 311 812 574 901 778 269 333 676 255 272 744 81 1006 347 114 573 436 272 231 281 131 325 744 742 805 456 908 816 775 374 784 128 548 636 634 550 329 384 301 869 920 536 293 700 706 955 752 428 983 749 616 325 269 268 1052 462 674 989 200 162 486 291 520 782 612 767 425 736 692 247 661 371 185 197 749 526 271 193 71 601 298 149 461 97 562 132 289 581 450 302 180 625 573 70 635 417 706 91 318 733 91 562 574 445 560 904 817 680 91 827 424 319 181 521 858 309 207 256 587 72 204 267 766 848 59 523 1016 41 380 96 608 870 628 733 754 1019 493 520 782 527 207 508 444 426 309 464 356 907 265 506 289 305 502 101 213 491 404 491 733 357 583 639 556 822 424 662 206 511 190 727 646 214 712 741 331 256 853 212 384 334 914 213 606 447 410 571 72 854 789 605 772 477 457 524 355 201 845 439
353 363 477 865 436 857 925 0 361 812 1174 738 930 391 543 271 652 862 717 460 1046 666 750 1007 206 679 1039 357 513 872 756 1200 861 794 365 803 222 495 28 376 931 780 738 868 804 761 995 534 598 774 652 77 268 600 750 667 757 144 977 923 201 623 309 878 656 916 218 660 293 199 896 906 503 896 501 228 557 209 501 511 898 744 736 712 1102 1119 350 558 723 732 898 725 923 1048 848 925 546 994 863 348 562 905 751 341 393 976 332 520 707 918 623 582 906 549 611 663 436 96 168 785 908 102 552 673 1098 561 386 670 878 788 537 992 728 765 472 424 883 764 208 965 852 993 317 54 683 660 749 199 632 703 524 401 740 584 787 690 638 464 586 54 877 673 646 663 774 894 1131 800 809 443 720 971 786 971 386 185 522 965 719 417 905 556 279 997 537 261 652 669 107 878 557 639 181 772 397 739 817 470 907 148 285 526 571 814 663 424 827 1110 404 946
238 376 372 579 230 581 571 361 0 464 826 411 638 328 384 357 479 562 432 382 685 305 537 653 440 395 685 112 223 573 394 851 526 512 249 578 245 214 341 323 692 517 668 532 610 613 699 243 259 433 332 300 374 416 393 450 644 385 720 586 418 563 94 594 302 614 483 435 115 422 577 544 262 601 294 222 424 199 148 469 636 382 489 366 744 762 245 254 362 381 553 566 628 688 523 564 379 633 568 19 314 551 393 198 198 628 91 208 604 577 262 522 565 265 335 428 128 333 301 538 567 273 197 313 739 255 365 309 562 482 388 636 370 405 342 376 535 461 449 611 588 634 66 309 544 582 541 451 319 402 389 111 405 382 460 447 316 107 268 337 575 367 312 302 464 555 773 582 557 81 508 621 610 680 34 254 224 682 364 62 584 376 109 674 351 275 352 314 282 562 243 279 349 410 129 507 481 303 563 284 344 390 416 589 435 173 481 764 363 611
651 645 529 264 581 623 346 812 464 0 561 413 621 567 688 692 457 555 532 753 271 246 405 391 823 521 413 534 481 563 159 576 424 572 519 398 629 494 788 576 431 613 963 426 782 843 317 302 371 50 422 741 712 679 97 375 903 790 415 134 800 891 549 614 298 578 871 636 520 806 509 198 554 590 600 611 735 612 375 835 349 152 323 99 421 448 530 273 149 309 392 798 607 358 121 262 677 296 574 482 556 102 257 618 584 414 480 446 885 422 257 861 416 300 277 619 378 758 765 336 417 734 267 169 419 269 612 183 507 500 700 361 253 109 497 590 366 180 833 361 652 329 527 764 806 891 415 840 208 193 494 494 385 640 99 615 416 392 426 777 559 194 382 198 158 418 446 729 655 392 398 158 807 314 433 657 468 332 285 428 505 432 571 555 425 724 475 292 715 511 437 205 736 165 420 662 65 642 400 697 789 712 471 723 632 530 18 525 594 157
868 1141 1054 803 771 449 257 1174 826 561 0 442 374 1068 765 1159 1014 388 513 877 347 530 966 181 1263 542 152 818 670 383 480 27 319 468 1000 955 1062 689 1158 1072 964 513 915 313 657 758 794 803 575 607 529 1122 1178 716 533 934 830 1211 928 601 1240 909 864 420 524 349 1308 634 931 1245 319 363 707 381 734 1039 796 1023 678 922 883 497 884 610 153 125 1006 777 521 444 275 736 368 208 659 304 754 265 402 834 660 485 438 859 805 198 892 657 844 258 575 903 269 812 817 619 818 1158 1055 895 267 1074 681 572 152 772 1114 563 337 427 779 207 462 507 1018 1102 291 741 1272 222 481 232 858 1119 774 884 977 1275 737 751 1030 773 436 698 660 594 541 718 592 1159 376 742 528 561 718 282 141 605 524 747 959 508 698 808 812 1078 659 834 462 765 306 973 894 238 960 974 544 511 1107 340 621 590 1171 462 864 591 620 783 267 1110 1013 797 1016 586 629 760 564 66 1101 603
426 770 720 664 329 219 224 738 411 413 442 0 245 706 350 765 747 168 125 451 452 195 746 298 850 128 329 381 228 179 253 470 123 161 630 760 656 247 725 706 827 200 579 130 372 443 730 482 152 428 87 692 783 315 321 680 509 792 821 535 828 532 431 218 150 212 892 248 525 833 166 315 266 208 298 633 390 610 266 512 747 262 667 380 408 416 631 465 272 103 171 402 233 372 532 281 338 344 181 415 226 424 156 416 362 252 492 218 500 184 224 513 173 501 539 231 446 734 613 701 175 637 333 287 403 462 750 270 152 93 364 296 160 304 684 750 167 552 858 263 243 317 429 684 420 520 754 859 466 524 713 337 27 285 490 217 100 307 152 729 178 497 99 256 537 160 434 317 242 342 726 499 399 727 407 665 217 744 129 349 173 670 461 263 650 531 107 146 681 153 181 276 760 248 485 255 473 348 179 692 572 381 717 310 243 319 429 376 742 554
585 1008 965 883 494 83 311 930 638 621 374 245 0 948 434 995 991 78 213 548 563 436 984 334 1067 252 348 583 425 66 469 400 197 136 870 994 882 441 921 946 1049 162 541 196 283 384 930 728 390 647 309 896 1012 376 541 923 456 1005 1036 725 1046 545 637 56 395 43 1105 295 754 1050 113 466 427 38 435 859 453 832 503 576 968 482 904 610 430 422 870 711 498 333 243 365 13 430 742 406 424 438 69 638 368 602 374 590 537 275 725 431 473 220 469 545 220 747 782 285 689 942 783 933 220 828 579 524 426 707 990 508 113 158 446 355 387 519 929 992 265 780 1075 327 109 394 643 878 407 516 993 1074 707 759 959 547 265 370 710 256 325 541 370 931 67 735 338 495 762 212 445 231 156 578 966 664 324 932 640 886 420 952 362 578 121 916 666 138 896 690 286 390 890 109 395 518 979 458 726 232 685 477 239 908 712 464 963 212 291 509 634 316 984 739
529 78 85 521 551 899 812 391 328 567 1068 706 948 0 704 148 264 869 752 678 836 545 370 886 290 716 916 427 549 881 589 1089 805 829 79 425 176 542 363 15 553 840 976 811 938 937 652 270 557 518 639 319 165 742 548 296 962 289 606 639 270 864 383 909 568 918 336 763 226 276 871 727 590 910 619 182 740 218 445 759 535 573 375 480 954 978 83 298 548 646 816 891 936 892 553 771 700 830 879 336 642 669 635 492 512 878 237 530 919 844 501 822 834 268 298 757 260 298 470 419 835 382 389 496 951 303 46 504 858 789 706 862 612 571 90 48 793 450 299 846 909 846 359 372 865 890 367 310 358 398 135 439 693 708 503 774 623 408 581 337 882 381 609 507 467 826 982 910 881 370 341 714 937 624 314 211 549 613 622 378 875 181 369 960 169 509 669 577 289 859 561 477 229 607 221 835 543 621 826 243 572 705 183 917 763 499 576 1014 36 659
194 739 756 892 154 351 574 543 384 688 765 350 434 704 0 691 857 386 252 114 796 443 900 645 718 228 673 276 212 394 544 793 457 305 627 933 574 204 542 696 1032 271 291 463 261 235 989 597 317 682 286 532 703 60 591 816 260 650 1047 822 702 203 322 378 394 436 747 138 477 704 447 651 140 408 95 554 47 518 342 162 964 544 838 616 755 761 621 597 540 420 515 191 431 722 790 628 12 693 378 371 134 734 470 221 191 592 469 247 222 520 432 173 510 621 684 150 499 583 378 883 511 447 476 522 751 595 735 506 428 338 13 646 459 586 726 752 515 768 724 612 335 668 344 497 161 209 905 720 638 719 773 274 371 67 733 178 285 353 262 559 400 684 318 491 761 496 781 259 287 381 873 812 246 978 409 562 223 988 430 353 460 756 340 541 732 282 244 403 536 426 250 490 644 549 512 209 734 83 521 570 286 31 798 275 143 212 707 699 737 844
501 94 229 668 548 937 901 271 357 692 1159 765 995 148 691 0 409 919 788 642 956 629 517 979 142 750 1011 429 576 930 690 1183 875 868 173 572 118 563 246 133 700 870 940 881 943 926 800 390 613 646 688 212 19 738 659 445 940 147 754 776 121 825 376 951 641 971 188 775 241 127 932 836 600 958 619 139 720 173 498 714 683 675 524 599 1057 1079 162 418 651 722 895 883 985 996 692 873 690 936 926 357 657 794 721 470 504 964 273 565 893 921 583 782 910 394 436 772 341 175 389 568 912 294 479 597 1053 422 124 601 917 839 691 958 697 681 238 164 874 591 151 938 942 947 361 268 850 856 513 161 486 536 281 455 757 710 638 793 672 458 625 217 932 515 666 601 607 901 1086 923 908 423 488 845 936 772 357 131 578 761 700 417 938 329 353 1027 317 452 709 652 187 918 600 573 91 709 295 852 676 608 905 139 504 686 330 933 776 506 703 1101 146 797
716 320 179 302 705 963 778 652 479 457 1014 747 991 264 857 409 0 915 829 862 720 555 112 838 548 800 863 592 664 925 549 1031 815 897 291 167 431 663 624 280 292 921 1146 819 1054 1077 423 271 621 408 704 577 423 881 485 82 1116 553 350 475 529 1043 564 965 596 954 591 879 424 535 894 651 724 955 763 429 900 459 533 948 289 533 155 407 878 905 305 283 510 659 805 1029 978 815 391 710 851 753 929 495 762 550 628 675 678 849 410 634 1079 836 523 1002 827 249 209 868 358 562 707 181 829 628 419 472 876 286 286 487 886 840 863 809 610 511 179 246 779 286 556 803 982 782 535 627 1014 1061 106 568 288 264 129 584 726 843 364 878 690 510 664 599 924 273 665 498 309 824 903 1014 965 477 89 569 1063 393 450 468 657 376 631 504 895 105 562 966 130 725 748 601 547 888 654 473 494 566 351 938 408 780 815 503 794 867 81 1017 877 646 458 972 263 490
521 930 887 815 428 76 269 862 562 555 388 168 78 869 386 919 915 0 146 500 524 361 910 310 993 183 330 511 352 11 400 416 142 81 792 922 806 368 852 868 981 125 534 143 284 379 868 650 312 579 231 825 936 332 471 847 451 931 970 666 972 521 564 59 318 54 1032 249 677 976 75 414 361 40 374 783 411 757 425 537 900 412 830 538 415 412 792 633 427 259 198 351 66 404 676 359 375 401 19 562 304 545 303 524 470 250 648 356 460 182 392 515 178 669 706 236 610 870 719 861 179 759 501 450 411 630 912 433 62 80 399 325 315 451 850 914 215 709 1001 293 111 361 569 808 387 496 919 1001 632 686 881 473 188 319 642 209 247 464 294 860 15 661 260 420 692 168 435 228 141 501 891 612 322 869 563 811 346 888 288 501 88 838 594 155 818 628 212 313 818 57 319 442 905 391 648 203 619 419 196 834 655 417 886 211 244 438 570 324 905 681
375 807 778 776 282 148 333 717 432 532 513 125 213 752 252 788 829 146 0 363 574 298 841 397 855 38 425 370 213 156 373 541 208 79 673 860 673 228 708 749 935 92 456 213 250 318 849 558 207 543 125 682 804 206 437 769 384 791 934 657 834 416 424 164 247 200 892 129 548 838 197 439 215 178 228 650 285 622 308 411 858 380 765 489 508 512 672 546 387 224 268 277 206 481 649 402 240 460 145 431 157 549 278 378 324 342 522 224 377 269 315 402 260 580 626 112 499 729 573 802 262 614 410 393 503 543 792 375 178 86 265 402 279 423 743 798 273 660 862 368 157 429 431 664 297 401 848 861 559 626 779 335 152 184 604 94 138 343 171 717 161 596 166 360 647 246 532 198 136 381 818 624 275 844 439 675 209 860 246 375 209 743 453 295 722 482 82 248 677 176 190 374 768 370 532 130 590 274 273 696 510 284 790 194 124 295 549 447 788 677
149 702 740 934 173 465 676 460 382 753 877 451 548 678 114 642 862 500 363 0 886 514 918 749 649 335 779 270 272 508 619 904 564 419 607 956 529 258 463 668 1063 385 299 570 354 301 1041 617 390 740 379 461 651 172 658 831 300 580 1084 887 635 186 300 492 471 550 672 252 454 637 559 739 202 522 159 512 104 475 385 87 1000 617 863 671 860 867 598 622 610 509 621 268 545 823 846 722 124 790 492 366 226 809 555 188 187 699 456 306 251 627 495 143 617 641 708 264 508 513 291 911 619 372 516 583 855 621 703 569 541 449 102 748 542 657 714 726 618 810 654 715 448 767 327 419 223 213 922 648 673 757 764 286 469 180 786 292 375 384 341 484 514 721 404 555 807 603 886 363 399 403 889 887 331 1026 413 511 286 1033 515 369 572 757 309 654 733 200 344 482 472 538 321 549 584 627 511 321 792 111 627 511 184 84 796 381 257 231 771 810 710 910
820 914 801 470 733 601 255 1046 685 271 347 452 563 836 796 956 720 524 574 886 0 392 653 236 1081 581 236 725 622 528 292 354 385 577 784 632 882 639 1024 844 624 626 1030 383 802 886 448 567 502 321 509 979 975 767 299 638 955 1043 584 263 1058 984 755 581 423 521 1129 701 763 1064 455 148 685 545 727 862 838 858 560 956 545 302 574 357 194 222 794 539 322 377 326 849 550 150 336 172 784 124 544 700 663 171 331 796 750 291 722 593 951 344 429 964 346 568 548 683 625 1004 970 575 346 957 495 373 195 534 882 375 463 506 809 210 347 281 768 861 311 434 1091 236 635 169 738 994 871 973 663 1097 478 461 766 679 428 734 356 668 512 590 546 1017 521 465 482 383 411 356 209 744 659 604 651 165 836 463 659 907 608 489 371 635 444 703 782 448 697 911 552 410 957 468 569 406 992 277 671 696 312 776 328 945 968 825 741 731 695 696 266 338 864 261
430 616 545 478 349 414 272 666 305 246 530 195 436 545 443 629 555 361 298 514 392 0 550 351 735 281 383 332 242 371 106 554 265 353 474 565 533 257 647 548 636 387 716 270 546 600 558 297 125 248 180 605 648 432 149 486 658 686 636 379 712 645 365 413 52 399 781 391 403 717 341 245 312 400 358 511 489 497 168 593 559 103 472 190 438 457 479 277 98 105 271 554 423 382 356 258 431 328 376 317 309 295 91 404 361 335 364 209 638 299 45 616 288 314 345 375 289 637 578 506 290 572 155 94 434 273 591 76 331 289 455 332 68 143 508 584 247 361 744 309 437 328 351 612 559 644 559 748 271 330 532 286 172 393 306 374 171 202 180 643 369 302 137 61 348 282 467 497 431 224 531 373 567 550 287 551 228 564 78 249 342 484 393 420 466 518 232 50 587 333 193 81 643 116 334 425 298 403 281 585 577 468 531 493 387 306 265 472 580 401
776 430 287 203 753 965 744 750 537 405 966 746 984 370 900 517 112 910 841 918 653 550 0 796 657 815 818 649 697 920 523 981 798 903 385 55 528 699 722 385 183 932 1192 802 1077 1110 315 303 636 361 716 674 532 917 454 88 1154 659 238 396 638 1094 628 964 598 945 701 905 501 644 881 604 763 949 805 524 945 549 563 1005 178 508 83 378 823 851 400 305 489 651 780 1062 971 762 317 667 893 701 926 555 794 487 612 736 731 814 480 664 1121 811 526 1055 804 279 218 893 409 663 790 81 805 717 436 460 822 306 395 477 875 840 908 766 597 479 281 356 754 225 666 764 987 735 599 721 1052 1108 10 677 281 227 236 633 722 878 306 900 703 547 684 698 918 249 674 490 248 802 847 1033 977 519 31 493 1090 285 505 565 689 266 622 550 880 194 631 944 214 799 763 600 643 878 678 470 599 538 414 958 347 828 789 602 868 913 187 1033 903 693 402 930 372 406
719 960 873 645 624 385 81 1007 653 391 181 298 334 886 645 979 838 310 397 749 236 351 796 0 1087 417 32 655 516 311 299 203 189 377 820 789 885 536 989 890 810 427 840 184 595 688 656 621 410 435 379 951 999 603 354 758 759 1036 781 453 1063 813 698 361 351 295 1132 527 754 1069 236 194 564 323 596 862 681 848 507 806 728 315 713 432 110 118 826 595 340 275 129 656 323 95 498 129 633 117 329 662 525 329 260 706 653 60 715 498 763 130 397 799 138 631 637 510 638 986 898 728 137 908 500 391 106 591 933 382 248 316 658 30 284 328 837 921 132 572 1096 41 420 71 689 952 687 794 806 1099 558 576 849 609 284 578 491 489 388 545 436 989 303 565 369 380 550 151 136 538 451 572 787 370 632 665 637 902 504 689 288 592 223 793 728 213 780 822 406 338 935 253 464 409 995 280 684 503 453 647 124 935 868 676 837 522 521 604 397 134 919 460
524 228 369 810 590 1001 1006 206 440 823 1263 850 1067 290 718 142 548 993 855 649 1081 735 657 1087 0 816 1119 484 642 1005 806 1288 966 934 308 713 202 626 192 276 840 929 937 973 978 947 942 522 699 778 768 187 125 772 782 586 950 68 895 912 23 822 430 1019 740 1047 48 821 332 17 1015 955 651 1030 660 224 739 240 588 709 825 792 666 727 1170 1191 296 550 768 820 993 907 1058 1111 830 987 720 1053 998 435 711 924 826 500 545 1066 371 638 900 1017 689 780 1006 528 575 820 457 135 365 710 1007 277 594 715 1167 554 262 717 999 915 715 1067 802 802 380 301 974 731 9 1045 1002 1060 424 232 869 857 653 19 620 675 421 520 845 749 774 845 752 547 702 166 1007 652 752 715 746 995 1200 966 963 516 629 978 965 914 450 185 647 903 801 502 1023 471 402 1114 459 449 781 752 182 999 675 687 92 824 411 900 811 639 1003 158 485 706 470 979 822 561 835 1203 285 934
339 771 745 759 245 186 347 679 395 521 542 128 252 716 228 750 800 183 38 335 581 281 815 417 816 0 445 331 175 193 363 569 229 118 637 836 635 189 670 713 915 123 453 235 265 323 836 529 179 528 101 644 766 188 424 742 386 753 917 649 796 404 386 202 228 238 854 120 510 799 229 442 178 216 194 612 264 583 274 389 839 368 741 471 528 533 636 518 373 218 287 279 244 497 635 409 216 471 183 393 122 544 272 340 287 364 485 187 374 292 292 386 282 550 600 103 465 690 536 780 284 576 381 374 523 515 756 356 210 116 241 419 269 412 710 763 288 641 824 385 193 443 393 626 293 392 822 823 535 604 746 297 153 160 588 94 112 308 137 679 198 573 144 341 628 268 553 218 167 346 792 621 286 830 403 637 172 845 237 338 240 712 415 328 690 446 51 231 638 208 155 352 730 362 497 144 577 242 293 657 477 259 759 217 116 257 538 475 752 669
751 990 902 662 655 404 114 1039 685 413 152 329 348 916 673 1011 863 330 425 779 236 383 818 32 1119 445 0 687 548 330 328 173 217 400 850 810 916 568 1022 921 827 450 862 211 615 709 667 650 443 458 410 983 1030 631 380 783 781 1068 796 466 1095 838 730 379 383 310 1164 553 786 1101 255 215 595 340 627 894 709 880 539 835 745 344 736 458 85 88 856 624 369 307 158 679 338 88 516 152 661 126 348 695 555 344 292 737 685 82 747 530 787 155 429 826 164 660 664 537 669 1018 930 749 162 941 531 420 80 620 963 412 269 341 687 54 316 355 866 950 163 594 1128 74 439 84 722 985 711 819 828 1131 585 600 877 641 315 606 512 515 420 578 468 1021 322 591 401 410 571 178 107 558 472 605 810 380 653 678 669 934 536 703 320 625 242 820 760 220 808 854 436 370 967 273 496 439 1027 309 715 527 474 677 152 967 899 705 864 542 548 636 418 112 949 472
129 466 480 678 123 516 573 357 112 534 818 381 583 427 276 429 592 511 370 270 725 332 649 655 484 331 687 0 158 522 434 844 503 449 351 688 311 142 344 420 799 445 557 510 515 509 793 350 244 510 294 314 443 314 450 561 536 421 824 663 464 451 54 534 310 565 522 345 202 468 540 578 170 547 192 289 314 257 165 357 740 426 597 440 755 770 345 357 410 380 542 463 575 704 608 585 272 655 514 97 229 610 407 90 86 620 193 162 494 561 296 410 549 373 441 342 239 359 246 645 551 256 272 369 750 357 460 360 523 434 279 643 386 457 451 476 528 557 492 614 518 648 69 303 438 471 652 491 416 500 499 46 383 283 546 364 280 142 228 350 525 464 289 349 557 537 784 494 481 146 619 684 511 776 143 308 166 780 371 109 549 488 83 640 464 190 299 323 307 522 199 332 399 447 241 422 560 194 551 326 255 279 528 504 346 77 551 753 462 687
203 600 586 679 111 361 436 513 223 481 670 228 425 549 212 576 664 352 213 272 622 242 697 516 642 175 548 158 0 363 347 697 352 293 470 726 460 19 502 545 822 294 501 358 394 413 778 396 120 472 141 473 591 220 386 616 457 579 835 615 621 415 212 377 200 406 680 217 337 625 382 473 73 389 119 437 259 408 133 353 752 345 631 405 622 634 468 392 337 251 396 365 416 577 579 465 202 535 356 219 98 537 291 189 136 476 314 35 427 412 224 382 400 419 479 208 311 517 385 675 402 411 265 313 617 390 588 298 365 275 222 509 274 384 552 597 386 556 649 477 366 520 218 459 355 421 702 649 428 508 594 122 234 181 522 225 129 153 80 509 367 473 147 283 549 388 650 361 333 188 671 615 400 766 235 461 13 775 251 171 392 568 241 483 544 305 140 212 465 364 53 280 554 356 335 285 524 161 404 483 353 233 613 367 216 90 500 604 585 638
532 942 898 824 439 74 272 872 573 563 383 179 66 881 394 930 925 11 156 508 528 371 920 311 1005 193 330 522 363 0 409 410 147 89 803 931 818 380 863 880 990 130 536 148 285 381 876 661 323 588 243 836 947 339 480 857 453 943 979 673 984 525 576 53 329 44 1044 257 689 988 75 420 371 29 384 795 418 768 436 544 909 421 840 547 414 411 804 644 436 269 201 354 55 405 685 364 383 404 18 574 314 551 312 534 480 250 659 367 463 184 403 521 181 680 717 244 622 881 729 871 182 770 512 460 410 641 924 443 64 92 407 326 324 459 862 925 220 719 1012 295 109 363 580 819 391 501 929 1012 642 696 892 484 199 328 650 216 259 475 305 871 7 671 271 431 701 171 433 228 143 512 902 617 323 876 575 822 357 896 298 513 87 849 605 149 830 638 223 324 829 60 330 452 916 399 659 207 628 428 199 846 665 425 897 212 252 449 578 320 917 688
536 664 574 415 455 465 231 756 394 159 480 253 469 589 544 690 549 400 373 619 292 106 523 299 806 363 328 434 347 409 0 501 276 413 525 528 604 363 735 594 580 453 810 279 623 686 477 322 229 178 267 691 710 529 71 472 748 762 570 285 783 744 463 458 149 427 853 480 479 789 361 150 417 436 462 583 590 575 269 697 499 16 441 145 367 389 532 296 41 149 257 642 455 305 279 182 532 246 418 408 409 190 98 509 467 301 439 315 731 288 138 717 280 332 343 463 349 719 678 466 281 666 212 93 363 292 636 89 357 341 556 273 94 51 538 622 230 311 816 260 493 257 446 703 652 741 533 821 263 296 551 389 225 491 241 457 263 298 281 729 405 278 228 92 293 278 395 570 496 313 509 268 648 473 370 626 334 491 126 343 358 496 489 421 482 622 319 140 671 360 298 119 715 18 396 503 220 508 266 663 682 570 541 563 476 412 176 430 621 306
896 1164 1075 814 799 476 281 1200 851 576 27 470 400 1089 793 1183 1031 416 541 904 354 554 981 203 1288 569 173 844 697 410 501 0 347 496 1023 968 1086 717 1184 1094 974 541 941 340 683 784 802 824 601 624 556 1148 1202 744 552 950 856 1236 937 611 1265 936 890 447 549 376 1333 662 955 1270 347 380 735 408 761 1064 823 1048 704 950 893 518 899 629 161 133 1029 797 542 470 302 763 395 220 671 323 782 280 429 860 688 497 462 887 833 224 917 684 871 285 599 931 297 833 835 647 841 1184 1082 909 295 1100 704 594 161 793 1136 585 365 455 807 227 486 526 1039 1124 317 756 1297 244 507 249 884 1146 801 911 991 1300 756 767 1050 799 463 726 674 621 568 743 619 1185 403 760 555 583 733 310 144 631 550 772 975 516 724 816 837 1103 686 842 487 790 334 992 921 264 980 1001 572 536 1132 368 648 612 1196 483 887 618 634 810 293 1135 1041 825 1035 612 657 788 579 94 1122 612
548 873 810 687 452 217 131 861 526 424 319 123 197 805 457 875 815 142 208 564 385 265 798 189 966 229 217 503 352 147 276 347 0 193 731 804 769 371 847 806 854 243 653 6 416 504 732 562 267 452 210 813 893 414 347 742 575 910 839 527 944 623 552 200 237 154 1009 337 637 949 85 272 388 170 416 746 492 726 378 618 772 290 716 420 300 304 734 542 309 160 62 470 184 276 544 218 445 264 161 531 342 405 186 540 486 135 602 341 576 63 305 609 53 578 605 320 545 853 737 743 54 760 419 342 295 538 850 327 85 126 470 196 204 324 773 846 74 587 975 162 251 227 549 806 498 605 807 976 527 571 797 459 121 389 515 299 223 419 275 850 141 550 216 317 569 39 324 359 273 453 782 470 451 734 518 781 341 754 186 463 82 748 583 155 731 654 225 227 801 89 304 343 875 264 587 316 489 465 65 809 694 489 795 345 331 442 437 253 840 542
448 886 854 825 357 69 325 794 512 572 468 161 136 829 305 868 897 81 79 419 577 353 903 377 934 118 400 449 293 89 413 496 193 0 751 919 753 307 785 827 988 49 462 196 224 311 889 628 278 589 194 761 884 250 482 834 382 871 982 691 914 442 504 84 305 131 972 168 627 918 150 454 291 104 299 730 330 701 384 455 908 423 825 541 486 485 750 614 433 264 254 279 130 468 692 407 294 457 73 510 231 576 315 453 401 318 601 303 386 246 377 435 240 648 692 155 575 808 646 860 241 691 478 447 481 611 871 429 133 74 318 388 321 464 818 875 266 713 942 355 84 420 511 741 311 420 910 941 621 684 852 415 188 239 651 127 209 421 247 795 95 655 231 415 698 227 507 167 84 458 882 647 258 887 517 755 289 904 290 454 163 814 533 237 793 554 160 303 756 129 269 433 848 407 609 126 634 341 256 776 578 336 861 156 163 374 588 404 866 709
458 141 135 510 474 820 744 365 249 519 1000 630 870 79 627 173 291 792 673 607 784 474 385 820 308 637 850 351 470 803 525 1023 731 751 0 438 143 462 336 76 565 761 903 737 859 860 642 217 480 473 561 288 192 664 489 302 887 289 613 604 286 793 308 831 494 841 356 684 152 292 795 668 512 832 541 138 664 167 367 689 536 509 373 427 892 915 14 246 485 573 744 814 859 830 521 708 624 769 801 258 563 621 565 419 437 809 159 451 844 772 429 750 761 221 266 678 186 280 417 421 763 336 319 431 888 250 120 438 782 711 630 797 542 512 115 127 722 423 318 778 830 783 284 336 789 817 384 326 313 366 169 360 617 630 466 695 545 329 503 314 804 343 532 439 438 753 921 831 802 292 354 672 859 615 235 180 469 607 549 299 800 191 297 886 171 446 591 504 258 783 482 410 230 544 144 756 503 545 754 218 512 630 212 838 684 421 530 945 115 625
816 485 343 168 789 979 742 803 578 398 955 760 994 425 933 572 167 922 860 956 632 565 55 789 713 836 810 688 726 931 528 968 804 919 438 0 581 730 775 440 128 950 1225 807 1100 1137 267 339 659 357 736 727 587 947 457 136 1184 714 183 370 693 1129 670 977 614 954 756 931 549 700 888 595 794 960 837 576 978 601 593 1043 127 513 95 384 809 837 452 336 496 662 782 1089 981 748 297 660 925 689 938 596 822 471 620 776 769 811 526 693 1153 813 544 1091 806 315 249 918 449 716 838 61 807 767 462 472 807 337 450 490 883 854 941 759 607 481 336 412 755 219 721 759 1003 725 641 772 1082 1142 60 732 302 235 291 670 735 907 298 923 724 580 708 752 929 263 694 503 240 806 831 1055 995 554 84 469 1115 237 545 618 718 216 634 586 886 247 675 947 266 843 785 615 696 886 705 486 654 541 458 980 336 863 791 656 913 948 242 1054 928 728 391 922 428 378
386 175 259 649 429 821 805 222 245 629 1062 656 882 176 574 118 431 806 673 529 882 533 528 885 202 635 916 311 460 818 604 1086 769 753 143 581 0 447 194 162 708 753 828 776 825 809 780 333 504 586 577 146 132 620 582 445 824 161 756 726 179 714 258 836 539 859 249 657 132 184 823 754 482 844 501 23 604 55 391 604 678 590 516 531 968 989 128 359 567 620 794 765 872 909 647 784 573 850 812 243 540 728 624 353 386 865 169 450 778 818 487 671 807 343 399 654 256 139 295 564 809 205 392 513 964 363 184 515 807 726 574 865 600 601 251 217 774 555 211 843 825 858 244 196 733 743 526 216 432 496 304 338 649 592 589 676 561 350 512 171 820 469 557 513 567 797 997 805 791 317 497 786 818 755 251 37 463 748 600 307 829 334 235 919 314 346 595 551 115 808 487 485 110 622 211 734 622 491 803 76 403 569 350 815 658 388 642 1002 197 749
184 590 580 687 93 375 456 495 214 494 689 247 441 542 204 563 663 368 228 258 639 257 699 536 626 189 568 142 19 380 363 717 371 307 462 730 447 0 484 537 827 306 495 378 398 413 788 397 137 484 160 456 579 218 400 617 454 563 842 628 606 406 196 392 217 423 664 222 326 610 400 491 64 404 109 424 251 394 137 340 759 360 635 416 641 653 459 394 351 270 415 365 432 596 590 484 195 554 371 208 101 552 309 170 117 495 305 48 422 431 237 372 420 421 482 215 308 501 365 679 421 393 271 325 636 393 579 311 383 293 214 528 292 399 547 590 405 564 634 497 378 539 204 442 352 414 705 633 434 515 590 108 254 179 532 233 148 153 99 492 383 480 167 296 558 407 669 368 344 186 673 630 402 775 228 447 32 784 269 165 410 566 225 501 542 286 157 229 449 382 72 291 540 372 330 293 536 148 423 468 334 223 610 375 222 72 513 624 577 651
350 337 449 837 430 850 908 28 341 788 1158 725 921 363 542 246 624 852 708 463 1024 647 722 989 192 670 1022 344 502 863 735 1184 847 785 336 775 194 484 0 348 902 773 747 854 803 764 968 508 583 749 639 49 244 598 727 639 763 126 949 897 183 631 294 870 638 906 209 656 268 183 884 885 495 886 496 200 558 182 483 519 870 722 708 688 1084 1101 322 532 702 715 882 727 914 1029 822 905 545 975 853 329 555 882 732 334 385 960 307 506 713 903 603 590 891 522 583 658 411 71 174 757 893 95 530 650 1079 535 359 648 867 777 537 974 709 742 444 397 867 737 194 948 846 974 300 45 686 667 720 187 606 677 496 387 726 581 761 684 624 445 572 29 867 647 631 642 747 880 1113 797 804 423 691 947 787 943 364 156 510 938 701 398 893 528 264 985 508 264 641 651 79 866 544 617 157 751 371 735 791 468 892 120 293 527 543 811 658 413 803 1094 377 921
520 70 101 535 543 896 816 376 323 576 1072 706 946 15 696 133 280 868 749 668 844 548 385 890 276 713 921 420 545 880 594 1094 806 827 76 440 162 537 348 0 568 836 966 812 932 930 666 277 556 527 637 304 151 735 554 311 954 273 621 650 255 854 374 907 569 917 322 758 218 261 871 733 584 908 612 168 731 205 443 748 550 578 390 488 960 983 77 306 553 648 818 884 935 898 565 776 693 836 878 330 637 678 638 483 505 882 232 526 910 847 503 812 836 276 309 752 261 283 456 434 837 368 392 500 956 310 44 508 858 788 698 867 615 577 105 58 795 462 285 850 906 852 351 357 858 880 382 295 367 409 150 433 693 702 514 770 622 406 579 322 881 391 609 511 479 828 988 905 877 368 356 724 931 639 310 197 545 627 624 375 876 196 360 961 183 498 667 579 274 859 558 481 214 613 220 830 553 613 828 228 560 696 199 912 758 492 585 1017 41 670
928 612 470 167 893 1044 775 931 692 431 964 827 1049 553 1032 700 292 981 935 1063 624 636 183 810 840 915 827 799 822 990 580 974 854 988 565 128 708 827 902 568 0 1023 1323 856 1181 1226 195 449 742 402 814 854 715 1041 509 263 1277 842 66 363 821 1232 785 1038 688 1007 883 1017 671 827 940 618 892 1017 937 703 1078 727 690 1151 82 568 203 447 813 841 580 441 555 725 824 1179 1036 756 314 685 1023 701 999 710 915 482 678 889 876 841 646 787 1249 854 623 1195 848 426 357 1003 563 845 961 154 849 893 556 542 812 442 578 560 937 919 1041 779 668 530 464 539 797 275 849 785 1070 742 756 899 1175 1242 186 860 393 314 419 777 800 1001 339 1006 803 682 795 880 986 348 771 575 289 850 831 1133 1067 659 212 458 1199 170 658 746 812 143 697 694 935 375 792 987 394 962 865 687 823 940 794 563 782 590 576 1060 366 966 831 784 1032 1049 370 1130 1014 833 420 939 555 362
429 893 869 862 343 80 374 780 517 613 513 200 162 840 271 870 921 125 92 385 626 387 932 427 929 123 450 445 294 130 453 541 243 49 761 950 753 306 773 836 1023 0 412 246 176 261 931 650 299 628 216 752 885 214 521 860 332 864 1020 735 909 395 499 106 336 168 965 133 631 913 197 502 279 138 280 731 291 700 398 416 945 462 856 576 535 534 759 638 471 304 304 229 160 518 732 456 262 507 112 513 219 621 356 439 388 367 607 309 337 296 406 390 290 672 718 123 589 800 628 892 291 678 502 481 530 635 879 463 181 121 283 438 360 504 833 886 316 748 936 405 72 470 510 729 262 372 939 934 650 716 870 415 228 209 689 94 230 432 261 785 137 686 257 448 734 277 556 119 44 470 910 693 209 927 525 753 292 944 328 461 211 835 527 278 813 533 173 336 749 177 278 464 844 449 621 78 673 318 306 771 552 301 882 110 128 368 630 449 876 753
446 1001 1035 1179 440 466 784 738 668 963 915 579 541 976 291 940 1146 534 456 299 1030 716 1192 840 937 453 862 557 501 536 810 941 653 462 903 1225 828 495 747 966 1323 412 0 657 259 157 1272 888 594 963 543 752 949 285 866 1108 86 869 1336 1095 926 115 594 494 665 566 956 332 750 926 608 894 431 534 387 811 246 774 633 228 1253 814 1130 899 948 946 895 888 814 671 715 183 546 930 1071 858 299 914 517 654 411 996 724 483 470 780 749 536 79 709 713 158 702 912 976 350 788 803 572 1175 703 661 766 802 943 887 1002 786 593 527 284 849 719 857 1007 1024 724 1056 941 816 434 880 620 705 159 86 1197 934 929 1009 1056 562 606 324 1017 362 547 645 538 771 544 975 582 770 1048 689 968 310 393 672 1164 1073 218 1262 696 809 511 1274 687 643 622 1044 606 677 1019 491 492 672 765 589 532 773 878 812 797 336 1014 365 717 807 453 279 1085 329 337 500 981 854 1008 1116
555 879 815 689 458 219 128 868 532 426 313 130 196 811 463 881 819 143 213 570 383 270 802 184 973 235 211 510 358 148 279 340 6 196 737 807 776 378 854 812 856 246 657 0 419 508 733 568 273 455 217 820 900 419 350 746 579 916 841 528 951 628 559 201 243 153 1016 342 644 955 83 272 394 170 422 753 498 732 385 624 774 293 720 423 295 298 740 547 312 165 58 474 183 272 546 216 451 261 163 538 349 405 190 547 493 129 609 348 580 57 311 615 47 583 610 325 551 860 743 746 48 766 424 347 290 543 856 332 85 131 476 192 209 327 778 852 72 590 981 158 253 223 556 813 503 610 811 983 531 575 802 466 128 395 517 304 230 426 282 857 141 554 223 322 571 33 319 362 276 459 786 470 455 735 525 787 348 755 191 470 79 753 589 150 736 661 232 233 808 89 311 348 882 267 593 320 491 472 60 816 701 495 800 348 337 449 439 246 846 543
454 981 979 1024 395 211 548 804 610 782 657 372 283 938 261 943 1054 284 250 354 802 546 1077 595 978 265 615 515 394 285 623 683 416 224 859 1100 825 398 803 932 1181 176 259 419 0 102 1099 783 441 793 367 792 956 206 687 1000 173 910 1183 907 961 281 567 238 494 310 1008 176 716 964 359 678 347 278 324 804 250 769 520 345 1105 630 1005 737 700 696 855 775 637 474 477 98 288 688 899 631 258 681 266 601 297 796 527 478 438 534 700 420 196 466 558 294 461 806 859 186 705 843 638 1044 461 708 640 640 695 773 973 622 346 297 266 608 529 673 946 986 491 907 984 576 177 643 585 758 147 246 1083 980 798 869 988 499 399 232 853 176 378 547 392 821 292 838 410 607 894 449 718 57 143 582 1053 869 41 1094 627 817 398 1110 496 564 372 961 589 420 938 543 316 496 796 342 400 618 902 620 729 120 841 338 478 827 538 278 1006 72 177 440 799 598 973 926
426 974 986 1075 386 310 636 761 613 843 758 443 384 937 235 926 1077 379 318 301 886 600 1110 688 947 323 709 509 413 381 686 784 504 311 860 1137 809 413 764 930 1226 261 157 508 102 0 1158 810 485 849 421 759 937 197 747 1029 72 878 1233 972 932 188 557 338 548 409 972 209 711 933 454 756 354 377 319 789 207 753 546 271 1153 691 1042 789 794 792 854 805 695 540 566 48 389 779 957 714 237 768 362 602 316 866 594 456 426 628 701 445 95 557 605 210 551 833 892 225 721 811 593 1084 552 671 675 691 790 803 969 674 440 380 235 699 593 735 955 986 577 954 952 666 277 732 578 720 78 149 1116 947 836 912 1001 502 470 234 907 228 428 567 431 784 389 879 463 658 944 539 814 153 237 599 1084 942 61 1151 635 796 421 1164 560 576 468 979 575 520 955 500 369 552 766 436 432 666 876 685 739 190 899 318 567 802 484 241 1023 172 213 440 861 697 972 992
920 723 580 131 867 938 634 995 699 317 794 730 930 652 989 800 423 868 849 1041 448 558 315 656 942 836 667 793 778 876 477 802 732 889 642 267 780 788 968 666 195 931 1272 733 1099 1158 0 467 678 309 737 918 817 987 412 361 1216 931 141 206 921 1193 793 927 610 886 988 949 711 927 817 472 851 901 897 770 1037 785 656 1126 141 469 278 373 641 669 656 449 463 627 692 1112 916 589 201 538 979 541 887 719 861 332 574 884 860 695 678 742 1195 720 558 1160 716 449 385 933 580 920 993 241 717 939 525 469 641 447 687 486 817 816 1000 625 570 426 563 651 667 238 951 637 967 585 766 956 1117 1197 323 961 380 298 530 762 702 947 255 930 729 659 733 949 871 333 695 502 236 720 657 1047 973 647 333 288 1123 29 665 816 766 53 602 684 810 472 808 849 482 974 789 606 889 821 740 499 871 482 607 979 259 934 698 856 1044 1011 485 1040 945 810 300 777 664 195
