60
0 866 593 164 687 78 573 705 498 405 623 610 697 763 558 629 585 397 575 728 454 506 474 269 874 777 832 248 28 420 1009 683 476 573 606 768 158 828 893 691 677 784 228 723 561 439 326 606 415 251 772 611 631 637 829 750 876 422 185 501
866 0 410 777 436 833 674 451 545 476 257 445 174 106 504 436 525 720 683 335 545 681 396 599 62 390 330 619 839 674 418 287 533 474 408 103 961 76 429 276 393 443 892 460 664 734 943 265 850 633 336 509 593 366 279 451 24 771 716 632
593 410 0 454 593 533 266 617 141 218 192 49 261 355 94 550 120 655 276 138 158 272 302 345 454 185 609 367 573 276 416 127 525 65 14 314 732 339 714 138 549 662 535 155 256 330 564 300 773 446 573 113 684 491 246 175 432 369 515 222
164 777 454 0 686 88 408 707 344 301 522 464 603 682 406 626 430 475 410 592 304 341 413 193 796 633 806 183 158 256 868 558 492 425 466 675 323 729 883 568 665 783 136 572 397 276 227 534 531 253 748 456 669 616 698 599 792 261 236 338
687 436 593 686 0 696 823 24 662 469 416 642 393 356 663 59 701 372 832 623 629 793 320 500 393 700 176 505 659 738 824 540 213 644 602 411 713 468 207 537 47 97 822 727 808 802 908 297 483 443 124 703 163 101 639 734 425 824 502 746
78 833 533 88 696 0 496 715 430 361 583 546 661 733 491 636 516 440 498 671 387 429 452 234 846 715 829 216 80 344 949 631 490 508 546 732 237 790 898 640 680 793 161 657 485 361 261 580 476 252 770 542 657 635 774 684 845 343 207 426
573 674 266 408 823 496 0 847 160 365 453 228 528 621 173 772 148 785 9 357 198 67 506 421 721 346 865 437 565 153 560 387 705 201 265 580 731 601 967 397 783 902 418 260 15 146 398 548 880 541 823 166 884 724 460 285 696 182 581 85
705 451 617 707 24 715 847 0 686 493 439 666 414 374 687 81 725 380 856 645 653 817 344 522 405 722 174 527 677 762 843 562 229 668 626 430 727 486 193 559 69 79 844 750 833 826 930 320 488 462 128 727 157 125 659 757 439 848 520 770
498 545 141 344 662 430 160 686 0 208 305 128 386 479 63 612 87 644 170 270 49 141 345 291 586 294 708 310 483 135 529 268 550 88 147 446 648 477 809 279 622 742 406 228 146 189 425 391 748 408 665 112 725 564 380 255 566 228 462 90
405 476 218 301 469 361 365 493 208 0 222 254 302 382 235 415 275 445 373 338 166 326 150 137 496 400 546 160 381 268 620 281 341 231 232 374 528 429 638 288 435 557 418 371 350 333 481 244 557 228 494 289 518 377 430 393 491 357 300 282
623 257 192 522 416 583 453 439 305 222 0 239 84 175 280 381 311 562 463 210 296 447 189 353 286 287 417 374 598 426 456 126 397 254 198 154 734 207 522 125 370 476 634 311 441 488 686 119 690 411 382 305 529 315 256 318 274 523 492 396
610 445 49 464 642 546 228 666 128 254 239 0 305 397 68 599 79 696 238 142 160 243 349 373 493 169 656 395 592 262 404 158 571 40 41 353 754 372 762 169 598 711 534 118 218 309 553 349 811 480 621 66 733 541 253 142 468 349 545 196
697 174 261 603 393 661 528 414 386 302 84 305 0 93 354 370 382 597 538 238 379 526 239 428 202 312 361 448 671 509 438 161 419 326 265 71 800 132 468 155 346 438 718 356 516 571 771 124 726 473 336 372 526 298 246 357 190 606 556 475
763 106 355 682 356 733 621 374 479 382 175 397 93 0 448 346 475 616 631 316 472 620 291 499 114 385 288 518 736 602 470 247 430 419 357 59 855 112 394 239 310 382 801 438 610 664 858 159 746 528 275 464 505 274 296 436 113 699 610 569
558 504 94 406 663 491 173 687 63 235 280 68 354 448 0 616 40 679 183 211 104 178 355 337 549 231 693 358 542 194 466 220 570 30 96 408 706 433 797 231 621 738 469 166 162 241 485 379 789 451 654 56 740 562 321 193 526 282 510 130
629 436 550 626 59 636 772 81 612 415 381 599 370 346 616 0 655 328 781 591 577 740 267 441 400 668 218 446 601 683 807 507 158 599 560 398 660 459 264 505 57 157 762 690 758 747 849 262 446 383 160 658 158 72 616 699 429 768 444 694
585 525 120 430 701 516 148 725 87 275 311 79 382 475 40 655 0 719 158 215 134 167 395 373 573 221 727 393 570 201 453 238 610 58 118 432 736 452 831 249 659 775 482 146 139 239 491 415 827 488 689 27 780 600 323 174 548 280 545 125
397 720 655 475 372 440 785 380 644 445 562 696 597 616 679 328 719 0 792 753 596 731 374 365 699 825 546 352 374 650 1018 676 188 676 669 651 366 719 571 679 386 456 597 811 770 700 697 473 130 246 489 734 257 375 818 830 720 704 238 699
575 683 276 410 832 498 9 856 170 373 463 238 538 631 183 781 158 792 0 366 206 69 515 427 731 354 874 443 567 156 566 396 713 211 275 590 733 610 977 407 792 912 416 268 23 145 395 558 885 547 833 175 892 734 469 292 706 179 586 92
728 335 138 592 623 671 357 645 270 338 210 142 238 316 211 591 215 753 366 0 295 382 381 473 391 77 599 496 708 404 282 83 600 182 127 261 863 258 706 86 576 676 672 124 350 452 695 329 876 564 575 192 740 524 110 120 360 492 638 338
454 545 158 304 629 387 198 653 49 166 296 160 379 472 104 577 134 596 206 295 0 164 310 241 581 329 685 261 438 130 564 279 507 121 168 443 602 481 784 290 591 712 377 269 183 192 407 369 699 359 639 158 685 532 405 296 565 227 412 117
506 681 272 341 793 429 67 817 141 326 447 243 526 620 178 740 167 731 69 382 164 0 473 366 724 383 848 380 498 87 607 398 662 208 274 584 664 611 948 409 756 877 352 301 57 83 339 531 821 485 803 191 843 697 490 327 703 122 520 50
474 396 302 413 320 452 506 344 345 150 189 349 239 291 355 267 395 374 515 381 310 473 0 220 399 455 400 235 447 419 644 303 223 341 315 305 565 371 489 305 284 406 543 454 491 483 617 132 500 236 347 402 385 226 444 469 405 507 319 427
269 599 345 193 500 234 421 522 291 137 353 373 428 499 337 441 373 365 427 473 241 366 220 0 612 530 613 22 244 286 755 419 321 343 359 500 391 559 692 426 476 596 326 492 406 340 408 346 459 119 555 393 505 424 567 515 611 349 173 336
874 62 454 796 393 846 721 405 586 496 286 493 202 114 549 400 573 699 731 391 581 724 399 612 0 450 273 630 847 711 480 336 511 520 455 140 960 136 368 326 352 391 915 516 710 773 972 268 827 634 284 558 553 333 341 509 40 808 716 674
777 390 185 633 700 715 346 722 294 400 287 169 312 385 231 668 221 825 354 77 329 383 455 530 450 0 671 553 758 422 235 161 676 208 171 327 917 314 778 163 653 751 700 86 342 460 713 406 947 628 649 194 817 601 123 66 415 501 700 346
832 330 609 806 176 829 865 174 708 546 417 656 361 288 693 218 727 546 874 599 685 848 400 613 273 671 0 623 804 808 746 523 374 669 615 347 875 385 107 516 162 127 939 717 851 873 1017 316 659 581 60 722 331 194 584 718 312 901 650 798
248 619 367 183 505 216 437 527 310 160 374 395 448 518 358 446 393 352 443 496 261 380 235 22 630 553 623 0 223 298 778 441 320 364 381 520 368 580 700 449 483 602 318 514 422 349 403 363 443 105 565 414 503 433 590 537 630 356 152 352
28 839 573 158 659 80 565 677 483 381 598 592 671 736 542 601 570 374 567 708 438 498 447 244 847 758 804 223 0 412 989 660 448 556 587 742 166 803 865 668 649 757 239 707 552 435 338 578 399 223 744 595 605 609 807 733 850 420 157 490
420 674 276 256 738 344 153 762 135 268 426 262 509 602 194 683 201 650 156 404 130 87 419 286 711 422 808 298 412 0 654 402 593 222 283 573 578 609 904 413 703 826 284 346 140 65 291 494 737 404 759 228 776 645 515 374 694 97 435 85
1009 418 416 868 824 949 560 843 529 620 456 404 438 470 466 807 453 1018 566 282 564 607 644 755 480 235 746 778 989 654 0 345 851 444 403 413 1146 362 847 340 777 851 935 308 559 688 943 559 1145 844 743 425 964 735 200 280 439 728 920 575
683 287 127 558 540 631 387 562 268 281 126 158 161 247 220 507 238 676 396 83 279 398 303 419 336 161 523 441 660 402 345 0 519 189 123 198 810 214 630 10 493 595 651 194 377 457 686 245 802 499 496 222 656 440 149 196 310 496 577 349
476 533 525 492 213 490 705 229 550 341 397 571 419 430 570 158 610 188 713 600 507 662 223 321 511 676 374 320 448 593 851 519 0 560 537 468 502 535 421 521 212 309 627 677 690 653 719 295 317 239 315 620 183 191 652 692 532 667 291 622
573 474 65 425 644 508 201 668 88 231 254 40 326 419 30 599 58 676 211 182 121 208 341 343 520 208 669 364 556 222 444 189 560 0 66 379 719 403 773 200 602 717 493 150 190 271 513 357 789 453 631 60 726 543 293 176 496 311 516 160
606 408 14 466 602 546 265 626 147 232 198 41 265 357 96 560 118 669 275 127 168 274 315 359 455 171 615 381 587 283 403 123 537 66 0 314 745 337 720 134 558 670 545 141 255 335 572 309 787 460 580 107 696 501 236 161 431 375 529 226
768 103 314 675 411 732 580 430 446 374 154 353 71 59 408 398 432 651 590 261 443 584 305 500 140 327 347 520 742 573 413 198 468 379 314 0 869 67 453 188 364 441 788 385 570 634 840 180 781 541 334 419 556 325 236 381 121 670 624 534
158 961 732 323 713 237 731 727 648 528 734 754 800 855 706 660 736 366 733 863 602 664 565 391 960 917 875 368 166 578 1146 810 502 719 745 869 0 933 920 817 714 807 372 870 719 598 463 696 334 328 815 760 622 684 959 895 969 580 245 657
828 76 339 729 468 790 601 486 477 429 207 372 132 112 433 459 452 719 610 258 481 611 371 559 136 314 385 580 803 609 362 214 535 403 337 67 933 0 488 203 422 490 838 383 591 667 884 248 849 606 381 435 618 387 206 374 101 705 689 562
893 429 714 883 207 898 967 193 809 638 522 762 468 394 797 264 831 571 977 706 784 948 489 692 368 778 107 700 865 904 847 630 421 773 720 453 920 488 0 623 218 115 1018 825 953 969 1100 418 672 646 144 827 328 267 689 825 409 995 709 898
691 276 138 568 537 640 397 559 279 288 125 169 155 239 231 505 249 679 407 86 290 409 305 426 326 163 516 449 668 413 340 10 521 200 134 188 817 203 623 0 490 590 662 201 388 468 697 243 805 506 490 233 655 437 143 202 299 507 584 360
677 393 549 665 47 680 783 69 622 435 370 598 346 310 621 57 659 386 792 576 591 756 284 476 352 653 162 483 649 703 777 493 212 602 558 364 714 422 218 490 0 122 801 681 769 768 884 251 503 429 103 659 201 58 591 688 383 791 493 708
784 443 662 783 97 793 902 79 742 557 476 711 438 382 738 157 775 456 912 676 712 877 406 596 391 751 127 602 757 826 851 595 309 717 670 441 807 490 115 590 122 0 919 787 888 890 1004 361 559 541 108 774 217 180 677 791 428 914 599 829
228 892 535 136 822 161 418 844 406 418 634 534 718 801 469 762 482 597 416 672 377 352 543 326 915 700 939 318 239 284 935 651 627 493 545 788 372 838 1018 662 801 919 0 629 410 271 100 660 637 388 882 510 802 751 782 657 908 239 360 368
723 460 155 572 727 657 260 750 228 371 311 118 356 438 166 690 146 811 268 124 269 301 454 492 516 86 717 514 707 346 308 194 677 150 141 385 870 383 825 201 681 787 629 0 257 380 635 430 928 598 690 118 831 626 207 27 484 420 664 267
561 664 256 397 808 485 15 833 146 350 441 218 516 610 162 758 139 770 23 350 183 57 491 406 710 342 851 422 552 140 559 377 690 190 255 570 719 591 953 388 769 888 410 257 0 139 394 535 865 526 809 158 869 710 454 282 686 176 567 70
439 734 330 276 802 361 146 826 189 333 488 309 571 664 241 747 239 700 145 452 192 83 483 340 773 460 873 349 435 65 688 457 653 271 335 634 598 667 969 468 768 890 271 380 139 0 257 559 781 454 824 266 836 710 561 407 755 40 477 114
326 943 564 227 908 261 398 930 425 481 686 553 771 858 485 849 491 697 395 695 407 339 617 408 972 713 1017 403 338 291 943 686 719 513 572 840 463 884 1100 697 884 1004 100 635 394 257 0 725 737 481 961 518 896 832 806 663 961 217 459 368
606 265 300 534 297 580 548 320 391 244 119 349 124 159 379 262 415 473 558 329 369 531 132 346 268 406 316 363 578 494 559 245 295 357 309 180 696 248 418 243 251 361 660 430 535 559 725 0 603 368 274 413 412 196 362 438 273 589 450 481
415 850 773 531 483 476 880 488 748 557 690 811 726 746 789 446 827 130 885 876 699 821 500 459 827 947 659 443 399 737 1145 802 317 789 787 781 334 849 672 805 503 559 637 928 865 781 737 603 0 340 605 844 345 499 945 948 849 779 303 795
251 633 446 253 443 252 541 462 408 228 411 480 473 528 451 383 488 246 547 564 359 485 236 119 634 628 581 105 223 404 844 499 239 453 460 541 328 606 646 506 429 541 388 598 526 454 481 368 340 0 521 507 415 386 649 620 641 459 82 456
772 336 573 748 124 770 823 128 665 494 382 621 336 275 654 160 689 489 833 575 639 803 347 555 284 649 60 565 744 759 743 496 315 631 580 334 815 381 144 490 103 108 882 690 809 824 961 274 605 521 0 686 285 135 571 693 321 851 590 754
611 509 113 456 703 542 166 727 112 289 305 66 372 464 56 658 27 734 175 192 158 191 402 393 558 194 722 414 595 228 425 222 620 60 107 419 760 435 827 233 659 774 510 118 158 266 518 413 844 507 686 0 786 601 298 146 532 307 566 151
631 593 684 669 163 657 884 157 725 518 529 733 526 505 740 158 780 257 892 740 685 843 385 505 553 817 331 503 605 776 964 656 183 726 696 556 622 618 328 655 201 217 802 831 869 836 896 412 345 415 285 786 0 231 772 842 584 851 451 801
637 366 491 616 101 635 724 125 564 377 315 541 298 274 562 72 600 375 734 524 532 697 226 424 333 601 194 433 609 645 735 440 191 543 501 325 684 387 267 437 58 180 751 626 710 710 832 196 499 386 135 601 231 0 545 634 360 734 456 649
829 279 246 698 639 774 460 659 380 430 256 253 246 296 321 616 323 818 469 110 405 490 444 567 341 123 584 590 807 515 200 149 652 293 236 236 959 206 689 143 591 677 782 207 454 561 806 362 945 649 571 298 772 545 0 189 304 602 727 447
750 451 175 599 734 684 285 757 255 393 318 142 357 436 193 699 174 830 292 120 296 327 469 515 509 66 718 537 733 374 280 196 692 176 161 381 895 374 825 202 688 791 657 27 282 407 663 438 948 620 693 146 842 634 189 0 475 448 687 294
876 24 432 792 425 845 696 439 566 491 274 468 190 113 526 429 548 720 706 360 565 703 405 611 40 415 312 630 850 694 439 310 532 496 431 121 969 101 409 299 383 428 908 484 686 755 961 273 849 641 321 532 584 360 304 475 0 791 723 653
422 771 369 261 824 343 182 848 228 357 523 349 606 699 282 768 280 704 179 492 227 122 507 349 808 501 901 356 420 97 728 496 667 311 375 670 580 705 995 507 791 914 239 420 176 40 217 589 779 459 851 307 851 734 602 448 791 0 475 155
185 716 515 236 502 207 581 520 462 300 492 545 556 610 510 444 545 238 586 638 412 520 319 173 716 700 650 152 157 435 920 577 291 516 529 624 245 689 709 584 493 599 360 664 567 477 459 450 303 82 590 566 451 456 727 687 723 475 0 497
501 632 222 338 746 426 85 770 90 282 396 196 475 569 130 694 125 699 92 338 117 50 427 336 674 346 798 352 490 85 575 349 622 160 226 534 657 562 898 360 708 829 368 267 70 114 368 481 795 456 754 151 801 649 447 294 653 155 497 0
