269
0 714 820 903 247 573 526 863 267 238 682 706 493 371 987 491 855 516 867 441 488 887 1066 456 75 42 1151 296 681 470 656 510 939 1068 505 466 693 581 812 743 709 663 907 821 454 774 511 643 702 983 840 696 719 580 828 858 1194 610 860 677 937 899 478 81 797 823 880 560 871 462 1038 608 628 908 308 812 620 278 893 919 923 390 919 162 720 872 468 1001 354 875 964 907 1193 868 264 440 819 719 879 768 749 891 918 951 582 736 504 464 943 663 855 439 687 483 631 461 317 165 833 801 593 944 1054 712 592 894 1018 555 899 592 565 367 549 1069 132 366 1055 883 1005 209 1020 649 117 867 510 515 1066 375 948 527 663 282 136 739 239 306 340 366 747 554 423 63 619 502 901 481 287 507 1210 662 387 501 957 818 417 919 960 752 780 614 788 821 212 755 777 418 413 801 890 829 812 796 923 491 678 666 268 793 539 756 274 886 529 691 236 245 713 923 610 722 916 395 509 737 980 813 892 935 390 473 93 606 691 971 677 817 1239 947 179 660 805 448 793 222 311 901 587 786 678 1122 683 356 862 609 515 557 931 740 116 899 848 121 69 903 424 1070 195 54 702 844 784 580 638 336 875 848 215 552 599
714 0 299 195 594 140 500 616 520 676 70 490 470 345 277 296 568 380 178 319 228 261 352 266 667 726 443 465 67 403 449 228 354 380 395 474 635 491 290 265 535 489 212 379 557 126 460 71 312 385 560 529 447 338 153 406 485 195 150 122 286 247 430 747 417 109 204 389 181 398 391 145 95 254 455 131 110 471 489 422 211 326 211 582 489 608 246 399 455 479 352 231 484 160 464 365 163 277 178 367 149 267 235 237 572 154 457 553 269 90 664 417 337 448 154 253 440 598 125 584 254 456 355 107 137 181 358 296 245 126 261 361 184 368 717 587 356 520 293 509 306 335 829 340 224 490 353 526 461 450 394 480 693 215 634 594 374 546 414 375 296 683 391 271 379 243 611 528 496 245 565 213 269 408 316 497 402 38 392 195 330 298 502 175 177 411 443 537 281 668 470 586 381 603 404 122 467 571 186 426 516 266 328 646 486 553 119 304 536 599 339 318 300 71 293 140 433 295 605 495 674 278 219 278 318 211 525 428 551 475 168 511 221 515 617 464 240 85 539 409 296 475 411 544 284 421 271 410 717 202 193 703 663 549 290 404 545 711 135 135 460 226 244 553 275 592 563 423 198
820 299 0 375 621 354 396 348 708 863 366 786 393 514 417 545 868 324 217 545 426 520 414 392 755 816 543 655 362 369 271 463 616 316 339 413 441 771 9 77 325 303 417 675 485 178 375 325 131 166 292 325 745 620 191 699 468 225 272 419 175 159 688 877 716 307 439 294 220 374 241 420 362 495 513 390 281 542 783 127 370 457 384 661 786 336 417 184 477 187 601 199 471 266 627 604 166 102 386 666 443 526 216 332 848 451 377 476 210 246 963 662 159 708 442 421 503 755 344 883 537 737 329 406 394 304 567 266 488 369 536 462 314 342 868 555 331 817 347 616 374 629 936 625 339 395 393 504 742 720 689 665 848 513 822 591 524 523 177 292 481 771 250 322 659 373 815 431 539 541 527 408 241 126 520 788 141 294 131 220 627 589 634 124 123 648 430 281 105 421 200 885 656 860 216 215 636 323 329 183 559 115 596 454 586 738 186 558 818 893 99 480 558 228 253 193 134 160 559 752 813 565 135 261 158 491 542 142 699 767 147 451 511 677 608 755 520 247 831 431 143 485 703 826 543 698 502 177 779 239 451 852 755 845 452 286 625 797 178 264 203 503 182 545 89 891 736 699 236
903 195 375 0 789 332 675 723 691 842 222 543 650 531 83 449 571 560 160 485 414 167 176 462 860 917 249 639 222 588 598 400 255 269 576 657 785 587 369 381 675 637 45 368 740 218 637 262 445 375 666 671 492 445 184 378 325 372 103 241 258 239 561 931 424 91 82 560 157 585 332 302 275 130 650 102 303 667 459 469 24 520 16 776 536 711 437 381 649 560 231 198 322 108 646 519 210 404 33 384 191 172 187 88 668 207 636 735 218 273 683 561 476 576 290 444 635 777 70 610 373 390 231 204 312 73 192 475 126 311 392 556 378 239 896 778 230 502 141 701 140 412 1017 292 419 667 189 717 394 564 462 654 872 251 801 788 563 737 535 548 481 875 549 463 316 438 772 706 311 329 754 402 195 501 493 456 417 159 499 371 333 274 690 283 268 562 633 652 301 791 573 615 305 723 547 293 647 692 381 545 711 282 457 797 679 725 263 195 623 655 361 508 445 207 210 186 497 277 794 622 857 384 361 189 461 178 347 460 735 544 231 695 212 696 810 425 366 155 605 242 437 669 381 632 431 528 131 533 911 148 117 883 855 528 480 321 739 903 283 113 572 361 405 746 305 602 738 531 379
247 594 621 789 0 465 283 619 355 427 586 757 255 315 871 472 903 298 715 421 403 819 932 331 171 223 1036 344 584 252 420 449 890 903 284 228 446 651 615 546 465 423 805 813 206 618 274 530 493 787 598 453 753 589 673 851 1042 441 723 600 762 728 529 325 807 701 789 337 720 247 855 532 529 829 140 715 486 133 906 704 805 285 805 109 769 628 369 805 148 646 906 745 1043 729 284 454 658 518 772 766 675 824 759 817 682 665 268 217 777 521 934 483 473 543 565 362 156 303 720 866 567 932 897 629 505 762 939 359 819 493 540 241 411 912 356 121 899 909 866 167 885 652 344 834 370 273 926 132 937 586 687 337 348 690 405 61 278 120 519 334 357 184 393 334 873 353 438 261 1078 631 140 407 797 596 378 928 756 630 558 444 770 785 217 583 606 456 191 560 706 582 580 863 890 615 450 512 297 550 408 527 78 705 533 445 161 357 556 860 693 808 720 318 497 595 819 660 672 756 146 555 297 590 505 814 466 750 1098 735 260 714 641 204 736 285 73 904 554 649 751 979 477 136 856 694 495 602 850 513 165 749 765 340 179 933 335 893 111 203 541 707 552 540 448 90 689 905 330 598 431
573 140 354 332 465 0 421 613 386 544 121 455 383 205 415 190 565 299 306 196 89 357 493 134 528 586 581 331 118 308 411 109 438 511 311 380 585 421 344 294 502 448 342 406 459 226 378 70 310 481 560 492 423 275 272 441 625 156 288 144 399 359 333 607 426 250 323 323 309 301 506 92 64 364 324 250 73 337 515 481 350 188 348 444 459 609 105 497 334 507 447 354 623 298 325 252 271 291 310 376 216 363 361 378 496 210 373 457 392 114 643 309 326 353 128 112 309 459 261 562 198 509 490 166 57 321 474 227 354 33 189 226 80 504 579 474 491 535 433 369 447 301 688 398 107 409 494 414 514 366 359 345 555 250 502 472 233 432 412 307 157 543 346 170 438 113 484 443 637 229 455 73 399 433 183 530 483 178 406 159 356 349 361 240 254 297 335 530 375 646 479 563 449 506 379 139 328 556 70 425 386 363 244 593 347 419 178 400 469 554 423 178 204 176 423 257 479 403 495 398 534 228 231 410 305 292 666 496 411 428 266 413 285 376 496 499 180 218 490 549 289 357 445 476 189 347 385 406 579 335 300 564 523 564 149 527 407 571 179 273 462 160 221 435 364 582 426 347 150
526 500 396 675 283 421 0 337 547 666 527 842 45 402 745 536 971 122 555 500 413 760 778 322 451 507 899 510 523 120 145 473 849 709 110 67 192 767 393 334 182 140 704 827 93 464 43 461 266 556 315 169 821 655 514 862 858 306 585 563 563 537 649 601 842 585 703 115 559 131 638 513 479 755 255 632 397 285 934 449 683 334 689 370 850 345 378 572 195 372 851 566 860 586 456 555 492 304 669 793 629 766 583 673 823 626 49 82 590 410 1032 605 237 668 548 374 258 538 614 954 599 930 714 578 477 625 856 204 745 454 579 297 342 728 621 179 716 951 708 373 732 701 628 818 317 14 764 151 935 701 753 512 607 672 634 232 382 163 254 126 412 465 146 251 858 327 651 34 917 645 151 405 617 335 454 950 513 526 300 306 777 769 417 408 429 581 137 277 497 310 304 953 867 785 189 383 469 267 351 258 259 502 605 196 347 564 412 803 816 922 492 381 560 467 635 505 410 552 172 697 560 628 322 636 240 702 927 482 482 805 470 79 702 485 240 920 581 520 858 810 261 181 867 820 551 701 771 248 447 587 693 603 457 979 374 683 346 486 392 570 277 562 271 192 480 982 545 699 301
863 616 348 723 619 613 337 0 859 992 673 1068 372 686 765 782 1173 382 565 761 650 861 751 574 788 843 881 815 669 417 225 704 957 624 385 399 207 1023 354 352 155 205 764 994 416 515 357 616 307 428 56 167 1035 885 538 1023 771 457 619 723 504 501 917 938 1027 650 783 335 568 428 523 700 648 839 581 727 554 612 1105 290 719 615 732 706 1072 17 623 438 523 175 945 543 775 614 767 822 513 339 732 975 766 867 560 679 1090 769 364 405 546 538 1256 879 287 936 731 623 580 866 686 1175 811 1071 649 721 667 653 915 405 832 640 801 593 541 660 956 507 651 1133 688 702 714 913 963 956 541 348 726 488 1076 962 972 820 941 829 957 565 677 499 203 349 677 802 285 485 993 567 968 358 860 835 481 634 578 222 721 1114 369 623 226 454 944 915 741 450 459 858 461 82 439 93 149 1176 993 1073 237 502 780 70 556 190 594 455 847 217 674 881 497 901 1072 1165 394 657 803 553 585 538 247 486 491 974 894 842 398 597 308 824 852 318 808 1040 492 415 838 805 568 1081 793 585 1100 755 326 514 1027 1078 789 951 848 208 781 586 791 938 795 1162 639 572 681 823 481 611 155 773 391 528 428 1192 866 950 462
267 520 708 691 355 386 547 859 0 158 471 440 503 194 773 247 590 477 692 205 297 645 864 316 271 301 932 55 471 443 634 293 686 897 474 480 739 318 699 635 711 656 686 558 513 611 513 450 617 855 820 698 452 317 658 594 1004 483 670 452 784 744 210 259 531 623 653 524 696 432 890 388 425 672 293 592 452 268 627 827 713 255 706 253 455 863 295 872 353 816 715 740 1002 680 92 184 657 619 663 504 516 649 748 753 333 502 506 519 778 496 599 173 615 216 403 290 289 103 624 539 344 680 875 489 384 698 778 472 663 393 317 267 397 888 210 456 876 616 811 191 821 385 358 609 369 532 870 426 684 261 397 42 185 493 115 408 188 429 694 511 233 278 578 396 642 335 109 543 1003 410 460 315 785 747 203 652 848 556 712 487 527 566 140 613 631 154 410 783 753 853 765 535 665 260 634 512 79 790 383 705 314 743 270 741 208 33 558 677 352 468 793 228 259 563 809 644 811 787 485 212 187 351 573 796 598 577 1037 849 102 395 649 483 549 70 426 635 342 602 417 926 595 372 598 352 269 290 695 686 343 720 617 199 259 636 256 913 244 298 553 655 741 339 533 407 739 585 53 285 472
238 676 863 842 427 544 666 992 158 0 625 515 624 351 923 394 659 613 850 358 455 783 1017 471 285 281 1079 213 625 575 769 448 814 1055 608 599 853 387 854 789 840 787 834 669 616 769 637 607 767 1013 957 827 540 438 816 703 1159 638 826 602 942 902 315 184 632 778 799 661 853 564 1048 541 581 814 411 742 610 381 721 980 865 407 857 318 531 997 453 1030 471 963 846 898 1157 836 236 325 815 771 813 615 662 786 906 907 367 647 630 624 936 654 640 294 762 311 552 448 411 128 777 596 482 788 1032 639 539 854 916 619 805 550 458 411 554 1045 115 543 1032 701 966 292 975 502 279 732 525 652 1024 529 792 350 498 200 102 631 42 487 340 527 838 649 391 283 717 546 761 491 78 656 1154 545 556 473 943 896 361 748 1003 712 859 643 647 693 250 770 789 285 532 919 910 977 909 591 785 267 775 670 227 921 540 849 412 901 401 854 319 125 715 812 405 509 950 384 401 720 967 801 962 945 571 283 147 484 728 953 747 717 1189 1003 183 472 807 594 687 190 500 736 483 760 474 1080 745 485 707 401 413 387 837 830 349 878 762 120 272 717 413 1071 327 289 710 812 883 484 685 500 897 646 128 382 627
682 70 366 222 586 121 527 673 471 625 0 420 492 310 305 236 504 404 243 266 194 237 393 255 642 698 469 418 4 420 493 178 322 439 418 492 676 421 357 327 582 532 224 321 574 197 484 65 366 456 618 574 378 268 222 351 534 231 205 52 354 316 365 709 354 153 203 421 245 414 458 84 57 242 446 131 131 457 432 491 243 306 237 561 420 666 221 469 455 543 328 297 532 217 424 306 233 335 196 303 101 244 300 282 502 100 481 571 335 135 596 355 389 382 85 228 430 555 153 516 184 408 412 51 90 229 353 324 233 93 193 346 189 424 674 594 412 460 341 483 350 265 795 294 224 516 399 533 413 381 324 433 650 156 583 594 343 551 470 406 259 657 431 283 334 234 557 552 533 175 574 184 332 471 271 442 473 95 452 232 271 248 470 242 246 352 453 592 352 720 529 518 340 536 453 171 425 624 185 482 507 336 261 685 463 505 182 281 465 529 410 288 237 141 356 209 500 364 614 429 635 207 275 339 369 175 566 498 513 404 238 527 175 474 617 410 171 152 469 454 348 477 355 473 222 352 263 465 696 264 178 661 636 489 262 469 525 685 195 193 518 159 289 555 346 526 517 353 231
706 490 786 543 757 455 842 1068 440 515 420 0 798 455 598 306 150 730 645 348 431 402 705 521 710 741 711 425 424 721 862 372 379 811 737 786 1024 128 776 739 952 897 510 206 850 617 799 462 765 870 1016 942 52 187 635 226 856 611 592 368 761 727 232 684 148 533 466 764 646 711 858 371 427 445 644 453 518 634 213 912 567 514 551 674 16 1065 465 883 689 956 420 700 851 604 479 304 650 742 510 166 367 401 697 630 172 354 793 852 733 543 189 277 781 223 345 468 632 540 509 111 257 298 774 388 402 595 511 674 442 429 269 558 529 782 620 826 773 186 684 594 679 157 784 294 537 828 725 777 301 178 97 436 599 296 489 796 488 789 868 748 432 718 796 601 303 518 440 855 808 245 819 443 721 883 395 240 892 506 859 615 218 281 549 662 667 302 722 986 770 1099 934 111 330 270 834 578 467 1011 514 880 692 753 237 1031 596 460 600 407 121 112 829 468 281 562 741 624 919 774 854 235 619 227 680 721 761 366 854 918 539 45 658 807 330 498 819 237 275 563 67 773 744 713 227 128 291 155 463 861 782 656 427 617 698 201 469 857 652 738 610 585 918 295 677 777 765 148 490 159 606
493 470 393 650 255 383 45 372 503 624 492 798 0 357 722 492 928 90 537 455 371 727 761 278 419 476 879 465 488 77 164 430 815 700 74 27 238 722 389 326 217 169 677 787 94 444 19 427 261 557 346 205 777 611 495 823 848 277 563 526 555 526 604 567 801 559 674 100 541 87 634 474 443 724 213 601 364 243 894 458 659 288 665 334 806 379 335 574 152 391 819 552 849 565 411 510 474 296 642 752 594 734 568 653 777 590 15 86 578 381 987 560 235 622 510 331 215 497 587 910 556 892 702 543 439 604 827 175 715 416 536 252 304 717 583 164 704 910 691 332 714 659 598 781 278 30 748 123 897 656 709 467 569 634 592 210 336 139 267 106 367 434 146 212 821 286 608 60 901 604 135 363 604 347 409 911 517 498 309 278 738 732 374 391 413 535 93 307 490 352 324 909 831 740 198 356 425 301 312 273 222 494 561 242 305 520 388 771 770 877 491 335 516 442 623 485 422 545 165 651 522 586 305 623 234 668 914 490 440 761 453 58 666 442 222 881 539 495 813 796 252 141 828 775 507 656 741 261 421 569 662 566 424 938 330 678 308 456 369 548 297 520 251 166 473 939 502 654 272
371 345 514 531 315 205 402 686 194 351 310 455 357 0 615 157 596 308 509 108 117 523 697 122 334 388 779 141 309 285 461 143 585 714 310 340 593 367 504 440 546 489 535 497 397 422 362 274 426 661 643 534 444 277 472 535 830 288 494 308 594 554 247 402 492 454 509 352 513 274 700 238 256 540 190 440 263 184 591 633 551 71 547 261 465 688 104 679 233 627 605 554 828 503 121 155 468 425 507 451 381 528 563 582 420 369 355 400 592 307 641 202 427 265 264 98 176 255 461 567 252 617 695 341 220 526 651 286 531 221 224 106 203 709 374 371 696 595 639 178 652 338 485 523 174 388 699 322 622 300 377 151 351 383 309 345 37 333 508 337 51 348 401 207 561 140 301 409 840 317 364 131 601 557 63 613 653 383 522 293 455 474 159 420 438 178 272 607 559 693 581 565 579 388 453 320 126 619 189 521 243 551 222 598 164 225 366 561 414 524 599 33 182 378 625 458 619 596 398 294 329 274 378 614 409 453 870 654 206 415 459 356 433 172 368 588 240 423 462 755 403 258 540 419 179 305 563 501 393 539 479 359 327 621 62 725 228 375 360 479 557 227 340 323 546 602 226 302 277
987 277 417 83 871 415 745 765 773 923 305 598 722 615 0 529 608 633 202 567 498 199 107 544 943 1001 165 721 306 664 659 482 267 238 649 731 844 653 413 436 732 697 92 409 814 281 709 345 504 384 709 729 546 517 237 412 258 447 160 321 273 265 637 1015 468 169 134 630 199 661 323 385 358 156 732 180 384 749 488 496 65 603 67 860 589 752 521 387 729 596 234 223 254 160 730 598 262 462 110 434 265 202 207 86 733 281 708 808 229 351 723 639 536 650 370 528 717 860 154 655 449 407 195 284 395 120 164 548 158 394 469 638 459 199 978 855 194 534 105 785 88 478 1100 325 500 738 128 795 410 635 524 736 954 317 882 868 646 815 587 619 564 958 614 541 340 521 851 777 231 399 831 486 200 544 576 481 434 240 547 445 381 319 774 343 325 641 711 699 329 839 618 660 323 794 606 368 730 741 463 596 793 312 533 856 763 806 333 212 686 708 384 591 523 281 205 243 529 293 870 696 940 457 426 186 522 234 269 481 818 604 285 770 270 779 890 452 443 227 662 174 499 748 414 695 510 598 144 586 994 178 175 966 938 557 563 299 822 987 353 175 620 440 474 825 338 641 821 601 454
491 296 545 449 472 190 536 782 247 394 236 306 492 157 529 0 441 426 474 53 132 399 624 216 469 516 686 200 237 416 566 82 447 675 432 479 720 240 535 483 656 599 440 342 545 407 493 234 491 667 733 645 289 121 446 380 769 336 441 208 578 539 143 502 334 389 406 464 477 405 685 152 201 425 347 348 263 342 433 672 472 209 463 409 314 780 162 683 386 692 472 526 766 452 228 70 451 477 419 294 269 403 531 517 310 254 487 546 564 302 495 121 501 162 159 164 333 343 385 418 102 464 648 245 160 465 531 378 416 180 73 254 244 660 457 527 648 437 576 325 583 180 596 376 241 522 633 475 469 180 221 216 432 248 352 503 194 488 588 448 127 482 501 301 413 217 322 549 760 170 517 148 565 618 94 455 673 329 589 340 302 330 291 429 442 115 416 700 562 803 658 417 433 315 545 330 223 720 228 601 401 549 69 727 317 280 367 432 290 388 612 163 25 353 589 432 668 585 554 207 427 119 419 573 481 330 796 686 313 269 449 501 303 269 526 431 96 382 323 688 469 411 385 296 24 169 448 581 535 498 370 446 460 463 162 700 379 507 369 428 639 91 400 479 552 449 298 168 328
855 568 868 571 903 565 971 1173 590 659 504 150 928 596 608 441 0 854 699 488 557 409 713 649 860 891 691 574 508 851 976 497 352 839 863 918 1146 275 858 831 1067 1013 531 203 986 691 927 557 866 929 1118 1058 152 320 698 196 858 718 641 452 815 784 382 831 152 585 489 885 699 841 901 474 524 453 786 499 619 778 130 989 593 651 575 823 136 1167 593 939 828 1047 393 751 852 652 628 449 717 837 541 201 426 406 745 659 298 417 921 987 780 636 116 426 886 373 442 597 773 690 554 76 372 229 799 461 509 635 487 791 452 535 391 696 643 805 767 968 798 82 706 742 696 269 931 283 657 957 737 917 229 329 220 586 747 355 635 940 630 929 970 869 568 868 911 723 272 643 585 986 792 337 959 566 763 975 534 150 959 575 955 720 244 297 698 744 745 451 857 1091 835 1211 1032 82 295 402 944 672 616 1119 630 982 837 817 374 1154 742 610 686 398 255 172 897 605 416 639 780 689 1002 830 995 383 768 342 777 759 865 397 841 991 689 195 729 942 368 648 963 167 390 629 186 777 846 852 194 259 423 304 465 964 932 704 455 764 848 75 603 892 800 888 699 638 1019 410 782 919 833 34 640 308 714
516 380 324 560 298 299 122 382 477 613 404 730 90 308 633 426 854 0 450 395 298 638 674 209 445 506 791 433 400 46 156 358 727 621 16 99 294 663 318 251 237 181 587 706 181 356 80 339 194 490 344 225 705 542 408 740 766 187 474 441 476 445 549 582 722 469 584 47 455 54 562 391 357 634 211 511 275 242 814 407 569 236 575 354 736 385 265 508 161 359 730 469 768 476 385 454 388 222 551 673 506 644 485 565 724 503 77 175 497 291 920 507 174 568 427 262 206 489 497 841 481 807 621 455 356 515 737 85 625 332 463 210 219 635 588 235 622 832 605 329 627 585 627 695 197 111 663 180 813 598 638 438 571 549 577 267 295 200 231 37 307 461 105 131 736 211 585 148 816 524 207 288 521 302 351 829 457 408 264 188 656 647 363 306 329 484 107 306 415 384 299 840 744 696 164 266 398 313 229 241 243 417 495 301 300 499 299 682 712 814 423 281 450 352 541 398 376 468 243 601 528 511 221 540 167 580 830 436 431 695 368 138 579 424 284 799 463 406 750 712 180 164 745 717 439 594 651 224 461 483 572 571 448 860 269 603 321 486 280 459 272 444 165 220 398 867 486 593 182
867 178 217 160 715 306 555 565 692 850 243 645 537 509 202 474 699 450 0 496 395 317 223 410 814 874 344 638 241 487 459 404 410 204 467 549 642 662 211 235 529 496 204 498 631 97 522 243 303 229 509 526 597 510 42 515 328 275 61 288 116 85 608 908 547 114 232 440 4 486 215 323 273 286 584 201 247 606 599 310 153 477 168 724 641 553 406 239 568 400 390 54 328 52 630 544 63 261 176 501 279 323 56 120 744 291 522 624 91 204 805 595 336 625 329 412 570 764 146 728 427 540 187 260 315 87 350 369 280 300 437 502 318 201 884 682 188 638 154 659 177 497 984 433 358 549 212 623 545 625 554 651 860 351 808 703 533 643 384 431 463 830 417 381 464 386 787 588 366 406 656 379 92 343 489 600 263 148 344 272 455 405 660 146 126 589 540 497 142 637 417 731 456 780 405 204 634 538 327 393 641 123 505 654 633 726 159 351 704 757 204 479 479 131 116 55 337 130 693 673 837 448 233 104 324 304 383 303 714 636 85 589 331 682 723 568 415 92 700 263 300 584 518 713 463 594 290 383 855 33 252 869 811 665 449 226 686 858 175 61 418 402 286 658 146 727 733 596 285
441 319 545 485 421 196 500 761 205 358 266 348 455 108 567 53 488 395 496 0 119 447 659 188 417 465 727 155 266 380 541 91 498 699 400 440 687 268 536 479 629 572 480 395 502 422 458 252 479 677 714 618 336 169 465 433 800 327 468 246 595 554 155 454 386 419 448 435 499 369 701 183 223 470 298 386 268 291 485 671 507 167 500 356 358 761 139 693 340 682 522 546 798 479 176 61 467 470 457 346 312 451 552 549 329 298 451 504 584 311 535 119 487 174 197 138 285 296 419 460 154 517 674 283 181 495 579 356 461 195 126 210 235 687 413 479 675 488 607 271 616 231 547 429 223 485 665 429 522 203 268 170 388 298 316 453 143 441 572 420 88 429 477 276 466 194 292 510 797 222 471 137 588 609 47 507 678 354 578 332 355 382 239 436 451 102 375 680 572 777 643 458 485 318 525 334 172 697 218 585 350 560 113 693 264 239 375 481 316 422 619 120 76 369 612 450 663 600 507 213 380 172 414 597 467 377 832 687 263 308 462 460 352 220 476 484 146 404 358 721 457 365 438 322 77 201 494 565 482 522 413 401 408 513 126 720 326 455 374 454 623 139 389 431 561 494 254 199 318
488 228 426 414 403 89 413 650 297 455 194 431 371 117 498 132 557 298 395 119 0 417 579 92 447 503 663 242 193 293 434 59 487 600 306 362 593 373 417 359 524 468 419 424 434 313 370 157 361 563 601 513 407 243 361 461 713 208 377 198 486 446 270 519 432 336 396 333 399 284 593 129 139 430 264 325 155 271 527 551 434 117 430 368 437 648 37 579 288 564 503 443 712 387 236 179 359 350 390 385 273 422 451 465 441 263 364 434 481 199 621 238 370 290 161 42 249 370 344 542 185 537 580 229 105 409 541 246 420 103 165 162 115 594 489 432 581 540 522 289 534 288 602 434 109 400 582 374 543 312 339 256 466 288 413 420 148 390 456 317 67 462 369 170 474 87 397 429 723 238 417 18 488 490 95 546 561 266 460 212 377 384 276 320 336 221 305 567 458 672 527 541 488 437 413 218 239 588 99 469 325 448 198 600 270 330 262 457 422 519 503 93 153 265 512 346 544 490 456 331 446 215 295 500 350 348 753 569 323 397 352 388 333 287 444 518 169 307 454 637 339 312 466 428 141 301 452 449 503 424 367 475 441 568 68 616 332 490 259 362 507 150 270 388 446 569 337 300 199
887 261 520 167 819 357 760 861 645 783 237 402 727 523 199 399 409 638 317 447 417 0 306 490 856 908 313 599 241 657 709 380 96 430 652 729 896 471 513 509 793 749 124 209 811 346 718 301 565 540 804 787 350 351 330 214 455 456 256 218 424 401 477 901 268 212 86 650 316 651 499 287 292 43 678 134 363 687 293 626 186 534 168 783 393 851 449 548 691 707 91 362 450 265 622 461 354 527 142 236 143 6 352 252 548 154 715 808 385 352 524 490 594 487 258 456 663 742 176 455 302 224 389 190 313 238 132 556 42 326 328 577 427 395 855 831 388 337 296 701 286 300 994 126 462 749 328 771 228 464 336 615 831 152 744 830 559 789 664 636 473 870 652 520 149 470 707 787 406 238 812 411 363 643 470 289 580 242 635 456 184 121 679 410 402 499 691 785 459 921 712 460 139 619 662 383 619 822 423 675 740 441 382 906 685 678 370 43 499 511 521 508 386 311 377 326 650 441 851 530 826 300 474 356 576 70 451 620 710 413 372 764 96 667 853 258 303 275 468 372 552 714 216 508 376 425 61 660 916 312 70 845 849 362 485 486 748 897 389 259 706 308 505 792 462 441 697 428 459
1066 352 414 176 932 493 778 751 864 1017 393 705 761 697 107 624 713 674 223 659 579 306 0 614 1018 1077 129 811 393 710 676 571 365 158 691 773 855 759 412 451 739 712 197 515 855 319 746 423 522 338 697 738 653 620 266 516 151 496 209 416 246 255 738 1099 574 243 241 664 219 709 259 476 442 262 797 278 450 817 590 466 152 677 163 931 697 736 598 337 787 576 329 217 147 203 815 695 286 480 208 541 367 308 200 115 840 383 746 848 205 411 828 738 554 752 465 605 783 947 240 761 549 505 117 380 481 172 245 592 264 476 568 708 525 113 1067 905 115 636 69 860 47 584 1182 429 566 773 30 845 507 739 630 826 1042 423 975 923 726 865 591 655 647 1034 639 599 442 590 947 811 145 503 879 566 173 535 664 581 395 314 546 493 488 426 854 370 348 739 762 693 313 832 609 766 423 898 621 420 817 736 531 598 856 299 634 867 837 898 378 314 793 815 357 671 621 337 166 276 506 265 917 799 1025 560 456 154 544 341 173 446 903 711 308 812 377 866 944 553 543 283 770 67 521 804 518 802 607 703 248 591 1065 191 281 1053 1014 659 642 224 893 1062 396 225 616 537 510 879 326 745 910 705 505
456 266 392 462 331 134 322 574 316 471 255 521 278 122 544 216 649 209 410 188 92 490 614 0 404 464 710 263 252 201 353 152 567 612 216 269 504 454 383 318 441 384 474 515 342 317 278 200 304 544 528 430 499 333 371 552 738 167 406 273 484 445 343 500 524 375 457 248 414 191 588 209 198 498 190 384 165 204 619 511 478 67 478 317 528 574 56 561 202 506 579 450 737 413 235 248 363 302 442 477 347 496 461 498 517 339 272 342 487 206 710 304 306 362 244 52 175 366 391 632 278 626 597 299 178 442 608 169 488 163 257 94 92 612 482 345 598 633 551 248 568 380 573 519 55 308 612 286 631 390 431 273 460 372 429 339 132 303 390 232 102 420 289 89 560 24 424 337 760 330 328 86 500 435 147 637 532 304 401 172 467 470 251 305 325 283 213 493 444 589 461 632 573 500 338 210 243 509 83 402 252 437 285 510 222 346 258 532 503 605 480 89 240 281 524 356 496 484 368 399 431 307 256 514 288 423 785 532 311 485 350 296 413 285 363 609 261 332 540 667 281 226 556 509 230 385 519 382 451 442 434 466 401 660 65 617 278 448 248 390 439 242 217 303 430 660 344 383 156
75 667 755 860 171 528 451 788 271 285 642 710 419 334 943 469 860 445 814 417 447 856 1018 404 0 61 1109 287 640 399 582 476 914 1012 434 392 618 589 747 678 634 589 867 807 378 719 437 598 634 919 765 621 717 569 773 845 1142 550 810 642 878 841 478 154 789 777 843 489 818 391 977 572 586 874 241 773 569 213 887 850 878 341 876 93 724 797 422 937 283 803 937 851 1141 818 242 427 763 652 837 756 715 861 863 902 601 703 430 388 886 610 869 435 618 486 598 415 252 182 789 810 571 930 1000 675 553 846 985 488 865 549 543 311 496 1015 193 291 1001 880 956 158 972 637 182 846 456 440 1017 300 935 531 658 274 190 713 275 231 299 290 675 483 384 16 547 441 883 428 318 431 1163 639 312 458 902 748 386 912 894 705 709 554 771 799 178 696 718 412 341 727 829 753 739 807 903 517 606 610 250 718 488 683 201 825 515 616 181 257 657 894 623 738 852 353 489 685 925 759 822 875 315 483 140 588 628 917 608 786 1190 879 170 664 748 372 765 212 237 892 563 736 688 1072 615 283 850 623 493 556 897 668 72 846 813 179 13 902 380 1011 130 44 645 794 711 554 574 261 813 855 226 552 539
42 726 816 917 223 586 507 843 301 281 698 741 476 388 1001 516 891 506 874 465 503 908 1077 464 61 0 1166 326 697 459 640 529 963 1073 494 449 667 618 809 739 689 645 923 850 429 780 494 656 695 981 821 676 753 610 834 888 1202 612 870 696 940 902 511 118 829 836 898 549 878 451 1039 626 643 928 303 829 629 275 926 912 936 400 933 155 756 852 480 999 344 862 987 912 1201 877 288 469 824 714 894 798 768 913 924 962 622 756 487 440 947 671 893 472 679 518 651 473 314 202 847 838 619 973 1061 730 608 905 1038 550 918 606 590 372 556 1076 174 340 1062 916 1015 217 1031 678 122 893 516 496 1076 355 978 562 696 312 179 763 281 280 355 344 734 543 439 45 607 502 929 488 328 485 1222 687 363 515 963 808 438 951 956 764 770 616 816 846 229 757 779 450 401 783 891 805 798 834 949 531 666 671 294 773 548 743 262 887 558 665 241 281 719 945 648 761 914 409 535 745 986 820 882 937 362 510 135 633 690 978 669 838 1249 940 207 696 809 427 816 251 282 932 612 796 715 1131 677 343 892 647 540 591 951 728 77 906 867 163 63 937 437 1073 192 20 706 854 770 603 635 314 875 885 250 586 601
1151 443 543 249 1036 581 899 881 932 1079 469 711 879 779 165 686 691 791 344 727 663 313 129 710 1109 1166 0 882 470 824 802 644 339 274 807 890 982 785 541 577 867 839 246 508 972 435 865 511 647 465 827 866 660 660 385 500 193 607 317 480 376 384 783 1178 569 335 280 783 340 822 381 546 523 274 898 340 549 915 562 595 231 769 233 1025 701 866 686 462 893 706 298 345 186 314 893 754 407 605 272 545 417 313 327 225 862 432 864 965 335 515 808 790 679 795 529 693 883 1022 319 749 599 467 238 443 559 276 204 707 281 560 622 804 625 231 1140 1017 236 610 196 950 170 613 1265 419 665 893 155 957 469 775 650 897 1115 457 1039 1031 811 977 720 774 728 1124 762 705 420 686 1006 931 102 543 992 651 303 665 739 548 522 406 675 605 494 431 939 491 470 795 873 822 443 962 739 755 396 932 747 529 893 866 629 727 958 429 683 995 928 966 491 304 812 816 487 756 678 443 295 394 635 394 1031 840 1103 603 577 283 668 369 151 574 981 725 430 928 404 942 1053 525 596 388 778 143 645 912 501 821 666 737 253 719 1160 313 318 1127 1104 628 729 340 988 1152 510 332 746 595 628 988 456 725 981 740 615
296 465 655 639 344 331 510 815 55 213 418 425 465 141 721 200 574 433 638 155 242 599 811 263 287 326 882 0 418 402 589 240 645 842 431 444 703 310 645 582 669 613 635 524 484 556 475 396 566 801 775 657 430 283 603 562 950 429 616 401 729 688 192 301 502 570 603 479 641 390 835 336 371 625 262 541 396 240 600 774 661 205 654 251 438 818 240 818 320 766 672 685 948 626 60 144 602 566 611 471 467 603 693 699 338 453 467 490 723 441 593 148 565 203 352 235 255 142 572 529 300 647 820 438 330 645 732 423 616 339 272 222 343 834 258 434 821 593 757 176 768 352 396 570 316 496 816 399 652 247 371 15 233 449 170 392 139 405 645 466 177 297 532 345 605 281 160 510 951 367 436 260 730 696 149 625 793 502 661 434 491 526 127 558 576 124 374 738 698 813 717 526 626 279 587 457 46 746 328 657 292 688 233 707 186 88 502 633 349 465 739 174 215 508 754 588 760 732 464 211 227 310 519 741 548 530 984 795 119 379 594 451 504 75 412 606 296 548 410 872 543 341 566 351 223 270 648 638 358 666 568 246 276 615 202 858 234 320 498 601 693 292 481 385 685 572 99 266 418
681 67 362 222 584 118 523 669 471 625 4 424 488 309 306 237 508 400 241 266 193 241 393 252 640 697 470 418 0 416 489 178 326 438 414 489 671 424 353 323 578 528 226 325 570 193 481 61 361 452 613 570 382 271 219 355 534 226 204 56 352 314 367 709 358 153 205 417 243 410 456 85 55 245 443 132 127 455 436 487 243 304 238 560 424 662 219 466 452 539 332 295 531 215 424 307 230 330 197 308 105 247 298 282 505 104 477 567 332 131 600 356 385 384 88 226 428 555 153 520 187 412 410 55 89 228 355 320 235 91 196 344 186 423 674 590 411 464 340 482 350 268 795 298 221 512 398 530 418 384 328 433 650 160 583 591 342 548 465 402 258 655 427 279 338 231 557 548 533 179 570 182 330 466 271 446 469 93 448 228 275 252 469 238 242 353 449 588 349 715 525 522 344 538 448 167 425 620 182 478 505 333 263 681 462 505 178 284 468 533 406 287 239 137 354 206 496 361 610 432 634 210 270 337 365 179 566 494 512 408 235 523 179 474 614 414 174 149 472 454 344 474 360 477 223 354 266 460 695 262 181 661 635 493 260 467 523 683 191 191 513 161 285 552 342 530 517 356 227
470 403 369 588 252 308 120 417 443 575 420 721 77 285 664 416 851 46 487 380 293 657 710 201 399 459 824 402 416 0 194 353 743 662 35 72 308 648 364 296 267 213 613 711 154 391 78 355 241 536 382 255 700 534 444 746 807 216 507 452 518 486 531 538 724 497 607 90 491 11 606 398 369 656 168 534 294 199 817 454 599 215 604 308 729 422 257 553 115 404 748 508 808 510 351 436 426 267 578 675 521 663 524 599 705 516 71 150 538 316 911 487 221 549 434 254 164 450 523 833 479 817 661 470 363 547 761 118 646 341 459 182 231 675 546 195 662 833 641 288 663 582 581 706 202 106 699 138 822 582 632 406 529 559 539 223 268 157 276 83 292 414 149 138 747 208 551 136 853 527 168 285 561 349 334 834 503 433 310 218 662 657 324 345 368 463 60 344 458 411 343 832 757 671 208 295 364 347 238 285 197 459 485 313 258 464 332 700 696 802 469 262 440 382 581 433 423 511 206 580 485 509 262 579 214 596 868 483 392 685 406 107 592 387 240 805 462 436 738 750 226 117 751 701 430 581 674 269 414 520 593 528 402 861 254 647 276 439 314 491 316 442 204 176 442 862 449 579 209
656 449 271 598 420 411 145 225 634 769 493 862 164 461 659 566 976 156 459 541 434 709 676 353 582 640 802 589 489 194 0 491 803 588 160 191 187 806 270 225 90 39 634 811 238 380 146 430 155 421 188 81 833 675 422 843 740 263 500 538 445 425 696 727 836 513 642 110 463 204 508 503 457 696 361 575 364 392 922 307 602 390 611 495 867 229 405 437 305 228 799 459 743 499 542 602 397 197 599 785 593 716 476 580 871 594 152 227 477 361 1051 657 123 716 536 403 359 644 546 971 607 902 599 544 468 539 788 188 688 441 593 367 333 613 738 324 601 945 607 481 632 711 762 786 325 151 658 288 907 743 767 594 722 648 733 374 451 303 110 124 455 597 65 265 826 349 742 177 808 640 295 420 507 192 499 934 374 467 159 261 761 741 518 316 334 635 244 150 376 237 160 971 830 849 55 327 554 157 347 113 382 385 633 198 452 656 341 752 856 953 361 433 588 400 522 416 266 431 318 752 678 637 237 527 137 660 813 340 586 830 374 219 667 580 383 902 588 445 889 700 161 300 848 861 576 735 710 105 586 489 639 721 587 974 417 555 466 620 321 487 132 568 205 331 360 993 642 734 264
510 228 463 400 449 109 473 704 293 448 178 372 430 143 482 82 497 358 404 91 59 380 571 152 476 529 644 240 178 353 491 0 443 608 366 421 652 319 453 400 581 525 398 369 492 331 430 161 410 589 654 571 347 184 374 406 711 254 377 166 504 464 225 533 373 330 370 392 407 343 611 98 132 398 314 304 182 316 470 590 421 167 415 404 378 701 96 605 342 610 462 455 709 388 248 143 376 395 372 327 239 384 461 460 391 226 424 493 493 223 562 199 421 245 121 100 299 377 332 482 126 484 584 202 91 405 508 303 389 104 105 213 164 597 496 486 584 481 518 321 528 228 621 384 165 459 576 430 489 261 280 255 472 241 406 471 179 445 508 376 94 490 426 228 424 146 383 489 711 183 473 70 497 536 94 489 592 264 507 258 323 335 299 349 363 188 363 621 484 729 577 482 440 396 467 249 248 643 148 521 373 471 143 659 306 327 287 418 369 462 533 131 99 278 521 359 586 510 511 289 458 155 337 506 401 310 744 605 337 339 373 447 290 297 495 462 110 313 397 632 387 367 411 375 85 247 421 501 536 431 338 483 469 509 115 629 370 518 288 363 558 93 319 441 473 509 339 246 247
939 354 616 255 890 438 849 957 686 814 322 379 815 585 267 447 352 727 410 498 487 96 365 567 914 963 339 645 326 743 803 443 0 505 740 815 989 470 608 605 888 843 209 173 896 442 807 388 661 630 900 882 329 375 425 160 506 547 349 294 513 493 500 946 232 308 178 740 408 736 583 358 374 124 752 230 452 758 226 720 270 605 252 847 367 947 522 636 769 803 41 453 500 358 675 502 449 623 234 218 222 89 442 334 541 228 803 893 473 444 469 521 689 507 325 528 736 787 272 409 345 140 462 272 389 328 135 645 129 405 373 650 512 466 895 911 461 273 370 763 356 313 1042 87 544 838 392 852 143 477 334 660 871 202 777 906 622 869 760 726 537 927 745 605 80 549 736 874 440 277 893 484 449 739 528 215 671 337 731 548 172 121 736 506 498 534 773 881 553 1017 808 415 58 623 757 476 670 918 506 771 812 534 416 1000 749 717 465 59 489 479 614 574 430 407 461 422 745 532 933 545 872 335 569 440 670 146 488 713 760 400 468 849 154 716 929 188 351 371 447 428 647 793 161 498 423 437 126 756 978 402 166 886 906 294 555 564 813 954 484 354 803 360 599 871 556 386 740 441 549
1068 380 316 269 903 511 709 624 897 1055 439 811 700 714 238 675 839 621 204 699 600 430 158 612 1012 1073 274 842 438 662 588 608 505 0 637 717 753 846 318 374 637 620 308 637 793 294 683 447 442 197 574 638 761 697 241 644 152 464 234 478 145 176 804 1112 693 290 351 600 201 664 107 522 475 388 777 359 451 801 723 334 247 679 264 921 805 608 610 191 755 449 472 161 155 222 835 745 249 404 301 654 449 434 150 181 928 464 684 785 126 407 952 795 473 820 523 616 764 969 306 880 618 645 43 445 517 218 396 546 388 504 631 701 519 44 1088 856 44 768 134 859 150 674 1185 557 558 706 127 800 648 815 727 856 1065 516 1012 884 737 820 490 594 667 1028 563 574 577 588 991 743 236 586 828 584 112 421 693 717 256 345 440 460 603 544 863 320 297 790 719 576 212 711 493 885 561 973 533 402 839 620 530 494 832 206 699 766 832 931 354 449 885 923 235 683 677 335 88 256 377 156 863 868 1041 635 400 101 468 447 228 308 919 810 264 756 481 886 903 687 608 295 872 134 448 769 647 894 662 782 380 491 1050 177 387 1073 1010 792 653 66 883 1056 367 246 505 597 457 838 228 870 938 784 475
505 395 339 576 284 311 110 385 474 608 418 737 74 310 649 432 863 16 467 400 306 652 691 216 434 494 807 431 414 35 160 366 740 637 0 82 288 668 334 267 237 182 602 717 164 372 66 352 209 505 349 225 714 549 425 752 783 203 490 453 493 462 552 573 732 485 599 55 471 44 578 403 370 649 202 526 289 234 825 420 585 238 591 343 744 389 272 523 150 369 744 486 784 493 382 458 405 238 567 683 519 659 501 581 727 516 63 159 514 306 927 510 188 571 438 269 199 483 512 848 490 820 637 469 367 531 752 101 640 344 471 210 231 652 580 219 639 842 621 322 644 594 616 708 207 98 679 165 825 603 646 436 563 561 572 252 295 184 241 49 312 449 114 141 748 219 582 134 833 535 191 296 538 314 355 840 471 423 276 204 667 659 357 323 345 487 93 311 431 383 308 848 757 697 173 282 395 315 240 250 232 433 501 294 293 495 316 696 717 820 439 284 456 368 558 414 389 484 227 604 520 520 238 556 182 594 847 450 425 702 384 121 592 419 268 810 472 422 756 728 195 151 756 722 446 600 667 234 447 500 587 563 437 870 273 619 311 474 297 475 281 453 182 205 414 875 481 598 197
466 474 413 657 228 380 67 399 480 599 492 786 27 340 731 479 918 99 549 440 362 729 773 269 392 449 890 444 489 72 191 421 815 717 82 0 259 707 409 344 244 197 683 782 83 455 45 427 282 578 373 232 767 599 507 818 864 284 573 525 572 542 587 539 793 566 678 119 554 79 654 469 442 727 188 605 366 217 888 482 667 273 672 307 794 407 325 595 127 417 821 567 865 575 389 494 487 314 648 745 593 735 583 664 760 589 39 78 594 386 975 543 256 605 505 321 191 471 593 898 548 888 718 542 435 614 832 183 718 413 526 234 303 733 556 142 720 902 704 307 726 649 571 778 273 53 761 97 894 640 698 445 542 631 567 185 317 114 292 122 353 406 169 210 819 278 584 69 915 597 113 355 619 371 394 905 540 503 334 286 733 729 350 405 427 518 70 335 509 377 351 897 829 720 224 364 403 329 310 299 195 512 549 262 280 496 398 772 755 862 512 320 504 450 639 497 447 562 146 633 495 577 319 638 254 668 928 514 415 748 466 39 665 418 197 875 530 504 799 810 271 115 822 759 495 642 745 286 394 582 665 539 397 930 317 697 282 429 379 557 323 512 263 140 492 928 478 640 278
693 635 441 785 446 585 192 207 739 853 676 1024 238 593 844 720 1146 294 642 687 593 896 855 504 618 667 982 703 671 308 187 652 989 753 288 259 0 956 443 407 116 147 821 990 241 567 231 611 340 571 219 116 999 836 606 1023 905 445 685 719 616 600 839 772 1011 700 829 261 646 319 663 677 636 883 446 762 545 474 1100 439 787 524 798 546 1030 223 559 584 385 330 986 637 909 684 648 745 581 382 786 961 777 902 655 763 1013 776 238 231 652 546 1214 796 308 858 712 556 450 725 734 1135 774 1084 769 727 642 724 975 357 875 616 757 489 505 782 799 327 771 1120 786 561 812 878 784 970 489 207 835 325 1090 890 932 705 788 828 823 387 574 330 264 277 599 631 244 423 1010 505 842 196 981 813 306 581 682 334 642 1113 516 654 313 443 940 924 607 502 519 772 329 196 546 141 268 1135 1015 978 238 513 662 158 517 259 441 557 789 12 536 755 528 939 1004 1108 519 570 744 587 695 601 393 600 306 888 738 804 424 702 324 846 981 471 670 989 558 258 851 676 385 1082 756 632 1044 873 347 369 1028 1009 733 888 897 264 599 670 826 782 626 1149 561 712 528 648 508 673 250 736 390 359 531 1160 735 886 444
