93
0 817 291 765 867 697 820 728 805 223 680 624 467 783 764 492 681 580 390 117 745 713 529 114 950 609 510 355 735 554 616 1028 916 815 159 885 576 469 264 272 425 139 655 480 855 468 221 993 782 802 413 702 342 577 970 517 132 484 797 120 150 760 672 533 64 225 680 218 449 39 856 721 425 656 528 389 930 646 608 146 798 428 356 414 353 274 616 33 94 721 194 216 167
817 0 597 404 260 872 292 462 669 643 200 414 392 343 208 548 836 503 440 735 172 472 314 887 159 770 425 462 603 538 211 261 152 265 685 88 610 437 567 558 697 954 882 572 212 601 660 298 286 787 554 445 491 249 331 826 805 705 577 877 966 311 307 333 877 654 770 724 369 851 180 351 412 206 339 765 158 877 687 874 317 610 531 408 669 615 203 816 860 552 1004 641 913
291 597 0 476 594 493 692 675 529 67 517 558 207 497 498 206 466 290 165 288 579 666 382 315 706 384 444 207 454 268 430 772 667 539 265 650 303 403 234 91 202 422 466 502 588 508 74 723 503 550 425 411 120 348 693 343 366 254 778 400 415 478 393 273 354 307 442 127 245 310 686 624 186 406 267 223 682 458 354 416 516 159 71 271 125 322 418 272 374 434 441 75 327
765 404 476 0 197 510 671 788 266 543 508 696 327 65 195 299 476 208 413 739 528 791 498 785 394 430 638 498 211 248 436 402 349 154 701 384 289 621 609 505 445 898 534 773 229 795 549 312 121 392 717 79 445 329 258 527 820 421 911 868 889 93 139 280 830 710 404 582 409 787 580 686 380 260 281 525 363 532 344 879 97 380 409 496 466 696 406 748 844 163 911 549 787
867 260 594 197 0 707 552 707 454 656 425 637 400 134 110 458 673 379 481 816 421 714 475 909 202 624 612 546 407 420 383 206 159 55 771 210 475 608 662 595 614 1006 730 759 48 785 667 130 95 584 720 268 526 323 105 713 896 600 826 955 1005 127 201 335 932 763 601 715 444 895 439 597 446 232 339 692 171 728 538 960 102 538 522 519 617 737 357 856 933 360 1034 659 920
697 872 493 510 707 0 1080 1124 294 533 895 1010 561 573 679 358 35 371 597 751 941 1119 805 639 899 114 908 677 305 342 803 912 853 660 744 877 266 872 727 582 292 777 54 990 736 998 519 818 622 183 914 441 580 683 758 183 815 238 1238 818 743 589 565 582 742 796 105 486 659 692 1025 1048 590 674 577 308 868 60 187 844 605 345 489 725 372 815 778 665 792 348 736 545 605
820 292 692 671 552 1080 0 205 924 713 185 226 529 618 482 726 1046 713 529 713 144 221 311 917 423 969 316 496 850 738 278 521 434 550 664 364 815 353 557 620 850 942 1078 420 504 448 734 583 563 1030 443 694 571 397 622 994 762 875 299 840 967 581 548 498 869 608 987 805 450 859 130 118 518 422 503 902 434 1072 894 827 596 766 646 428 798 560 302 831 832 799 1014 707 956
728 462 675 788 707 1124 205 0 1017 677 284 117 564 745 618 766 1091 777 532 613 290 18 320 836 610 1010 233 468 937 794 353 712 613 693 569 545 868 276 485 590 861 833 1112 265 662 288 699 760 696 1106 317 792 560 469 790 1009 644 898 122 721 866 706 652 557 767 503 1042 768 465 767 329 110 534 527 560 898 617 1105 945 702 730 786 648 407 796 454 382 746 718 890 915 668 883
805 669 529 266 454 294 924 1017 0 592 750 914 479 331 461 324 268 260 550 817 780 1017 706 786 656 265 835 642 82 266 667 649 612 419 792 651 228 809 731 596 392 918 337 952 493 968 587 547 388 133 884 229 559 547 483 393 895 340 1139 922 896 359 375 464 863 824 202 590 581 814 841 923 526 502 462 458 625 338 212 941 361 377 486 665 453 825 638 779 896 127 903 601 769
223 643 67 543 656 533 713 677 592 0 545 561 262 563 558 271 509 358 204 227 610 667 402 253 760 429 444 217 518 334 464 830 722 602 212 701 364 401 208 93 241 355 501 482 649 484 21 785 568 605 404 478 153 394 757 370 303 298 773 333 349 543 457 329 287 263 492 91 279 243 719 637 232 460 323 241 737 492 408 350 581 216 135 285 161 286 456 205 307 501 378 11 271
680 200 517 508 425 895 185 284 750 545 0 216 344 462 334 541 861 529 351 583 65 290 150 767 360 784 230 334 673 554 92 461 351 408 532 288 630 249 416 453 666 811 893 373 381 402 566 491 412 850 362 521 397 212 513 810 645 690 406 720 830 424 377 313 735 489 803 635 272 717 176 178 336 249 318 721 358 887 710 712 446 582 466 268 617 445 117 685 707 623 873 540 801
624 414 558 696 637 1010 226 117 914 561 216 0 452 658 540 652 977 669 415 510 247 109 209 729 571 895 118 350 833 683 262 673 566 616 464 501 756 161 372 473 744 736 997 193 595 222 582 707 613 998 223 693 443 369 729 892 549 782 229 628 765 620 558 450 666 402 929 652 351 663 323 109 419 437 453 781 572 990 833 612 647 670 531 290 679 352 291 639 622 787 814 552 774
467 392 207 327 400 561 529 564 479 262 344 452 0 327 297 202 527 221 86 420 399 560 244 515 498 447 360 172 396 231 252 567 460 349 378 442 304 330 281 194 322 605 553 473 389 490 276 527 318 549 407 286 126 147 504 465 501 346 681 556 606 299 210 67 531 383 477 335 103 495 499 488 53 199 62 381 475 547 381 563 337 237 139 186 280 369 232 457 534 357 638 263 533
783 343 497 65 134 573 618 745 331 563 462 658 327 0 136 338 539 253 413 746 476 749 469 811 329 490 610 492 276 293 396 340 283 89 705 320 343 596 606 515 490 918 596 750 164 773 571 255 57 457 698 134 451 301 207 582 827 472 867 880 913 38 119 271 847 709 467 611 397 806 521 640 378 221 273 569 297 594 404 889 32 419 427 481 502 690 367 768 856 227 938 568 817
764 208 498 195 110 679 482 618 461 558 334 540 297 136 0 388 644 322 375 708 342 624 367 811 227 584 506 436 398 361 280 275 182 75 663 198 427 500 552 491 544 903 695 652 91 678 570 229 80 582 610 241 421 212 216 658 787 539 740 848 904 102 122 230 828 653 575 622 333 793 385 511 340 121 235 620 198 691 498 853 114 462 426 408 536 626 253 754 827 347 936 559 826
492 548 206 299 458 358 726 766 324 271 541 652 202 338 388 0 325 93 246 493 591 762 446 494 615 245 554 334 248 62 448 658 570 403 467 575 109 521 410 271 156 616 352 651 468 664 271 588 363 363 578 224 243 330 545 278 572 156 881 605 601 332 266 229 553 500 277 290 301 506 682 690 234 341 224 233 586 346 181 622 364 80 162 373 166 504 425 469 579 229 619 280 491
681 836 466 476 673 35 1046 1091 268 509 861 977 527 539 644 325 0 336 565 730 906 1087 772 627 864 83 876 646 273 307 769 878 818 626 721 842 230 840 700 555 267 765 69 961 701 970 496 785 588 167 885 407 550 648 725 173 796 212 1206 801 733 554 530 548 728 772 72 466 626 677 990 1015 557 638 543 291 833 71 151 827 571 316 460 693 348 789 743 649 775 314 728 521 596
580 503 290 208 379 371 713 777 260 358 529 669 221 253 322 93 336 0 289 573 572 775 459 587 550 267 582 382 178 40 439 584 504 325 543 517 107 552 473 344 237 707 378 693 395 709 359 507 285 329 624 131 301 317 460 336 654 220 897 691 694 252 201 221 643 569 274 382 325 597 653 692 267 302 217 317 520 374 184 707 281 172 235 407 259 566 412 559 665 147 712 366 584
390 440 165 413 481 597 529 532 550 204 351 415 86 413 375 246 565 289 0 335 413 525 222 449 562 482 311 92 467 289 265 638 526 431 292 500 355 275 195 120 330 529 581 406 466 420 221 604 402 607 335 369 51 191 586 477 416 366 643 473 535 385 295 146 454 297 523 288 79 421 520 469 35 265 142 374 541 574 426 479 423 254 118 128 270 285 254 384 452 432 570 201 473
117 735 288 739 816 751 713 613 817 227 583 510 420 746 708 493 730 573 335 0 648 597 434 230 877 652 399 277 741 554 528 962 847 767 50 810 591 360 169 234 464 229 714 363 798 351 236 937 738 833 296 683 295 508 921 577 81 521 680 141 255 720 630 482 156 109 718 266 379 155 758 610 371 593 478 446 860 705 636 144 758 444 338 327 384 158 532 141 125 719 303 217 281
745 172 579 528 421 941 144 290 780 610 65 247 399 476 342 591 906 572 413 648 0 300 216 832 325 832 284 400 706 599 149 427 324 413 598 257 675 308 482 517 722 876 942 421 374 451 630 470 422 886 419 550 460 260 500 864 709 743 407 785 896 439 404 361 801 553 846 699 334 783 110 179 396 278 366 779 328 936 754 776 456 637 525 334 676 508 167 751 772 655 939 605 867
713 472 666 791 714 1119 221 18 1017 667 290 109 560 749 624 762 1087 775 525 597 300 0 316 822 622 1005 223 459 936 791 355 724 624 699 555 556 864 265 472 580 854 817 1107 247 669 270 688 770 701 1104 301 793 552 470 799 1001 627 892 121 705 850 710 654 555 751 488 1038 757 460 752 344 121 529 530 559 890 628 1100 941 685 734 780 641 400 788 439 384 732 702 890 900 657 869
529 314 382 498 475 805 311 320 706 402 150 209 244 469 367 446 772 459 222 434 216 316 0 616 468 691 141 186 624 474 103 564 448 442 383 397 548 134 266 309 551 661 795 285 440 310 423 569 431 788 248 488 261 169 576 698 498 584 438 572 679 431 359 241 585 344 722 494 148 566 327 247 218 251 244 597 458 788 625 566 462 472 340 119 493 302 121 535 559 579 723 396 652
114 887 315 785 909 639 917 836 786 253 767 729 515 811 811 494 627 587 449 230 832 822 616 0 1011 563 613 433 723 555 695 1082 974 854 268 950 561 571 360 329 394 137 592 593 902 582 241 1038 819 764 524 715 398 641 1008 456 241 449 909 202 110 793 709 582 117 337 638 204 518 80 943 823 481 712 576 340 989 584 578 233 831 420 386 498 335 384 692 90 181 717 126 252 54
950 159 706 394 202 899 423 610 656 760 360 571 498 329 227 615 864 550 562 877 325 622 468 1011 0 809 585 600 605 589 365 102 45 240 828 72 653 595 710 682 771 1088 918 731 164 760 775 167 276 785 712 457 612 372 221 886 950 767 719 1019 1096 310 349 432 1012 802 794 833 500 982 294 501 529 299 438 845 31 915 723 1018 296 688 636 552 758 766 351 945 1001 556 1132 759 1031
609 770 384 430 624 114 969 1010 265 429 784 895 447 490 584 245 83 267 482 652 832 1005 691 563 809 0 793 563 245 234 692 831 763 574 641 782 159 757 617 472 188 701 111 877 648 887 417 742 535 203 801 355 467 572 685 128 720 131 1124 729 671 501 466 471 658 690 75 392 544 608 918 935 475 569 466 223 778 107 86 754 522 232 376 610 268 706 667 578 703 276 670 440 536
510 425 444 638 612 908 316 233 835 444 230 118 360 610 506 554 876 582 311 399 284 223 141 613 585 793 0 237 753 591 231 685 570 582 351 513 661 42 255 357 635 627 892 148 575 176 465 701 572 909 134 624 332 309 712 782 445 676 334 523 654 572 499 372 555 292 832 534 256 549 383 211 320 391 373 668 579 884 735 510 603 564 422 183 567 243 255 524 515 710 702 434 657
355 462 207 498 546 677 496 468 642 217 334 350 172 492 436 334 646 382 92 277 400 459 186 433 600 563 237 0 560 381 262 684 569 499 229 533 443 197 116 125 398 491 657 317 524 329 238 663 474 697 244 459 96 231 651 544 353 441 572 419 504 461 373 221 415 217 608 309 102 390 510 420 119 318 219 430 582 650 512 420 498 331 187 68 329 198 261 356 400 524 545 210 467
735 603 454 211 407 305 850 937 82 518 673 833 396 276 398 248 273 178 467 741 706 936 624 723 605 245 753 560 0 187 588 609 560 365 715 593 162 726 650 517 335 853 337 869 441 885 515 513 330 184 801 158 478 468 452 364 820 289 1058 850 833 299 302 382 795 744 201 524 498 746 772 844 444 427 380 407 574 337 172 869 308 307 407 582 388 744 559 710 824 51 844 527 711
554 538 268 248 420 342 738 794 266 334 554 683 231 293 361 62 307 40 289 554 599 791 474 555 589 234 591 381 187 0 462 624 544 366 527 555 76 560 465 329 197 678 345 696 436 710 333 548 326 319 625 170 294 341 500 296 634 180 912 667 663 292 240 241 616 557 250 351 334 569 684 711 271 334 237 277 559 340 156 684 322 136 219 412 223 558 436 532 642 166 679 342 550
616 211 430 436 383 803 278 353 667 464 92 262 252 396 280 448 769 439 265 528 149 355 103 695 365 692 231 262 588 462 0 461 345 356 477 293 539 233 359 373 574 751 800 379 344 406 484 470 352 763 349 440 313 122 481 717 596 597 475 668 766 358 299 220 674 443 712 552 186 652 255 256 247 176 225 630 355 794 618 664 385 489 376 201 527 404 29 618 653 539 807 460 727
1028 261 772 402 206 912 521 712 649 830 461 673 567 340 275 658 878 584 638 962 427 724 564 1082 102 831 685 684 609 624 461 0 116 258 913 173 682 693 797 757 815 1167 937 832 189 861 843 106 299 781 810 475 687 453 173 919 1037 804 819 1103 1172 332 393 500 1092 892 806 897 583 1059 392 602 604 372 506 892 105 934 745 1104 308 735 701 641 811 858 445 1021 1084 564 1206 830 1099
916 152 667 349 159 853 434 613 612 722 351 566 460 283 182 570 818 504 526 847 324 624 448 974 45 763 570 569 560 544 345 116 0 194 798 69 608 578 681 647 726 1055 872 718 119 747 736 148 230 740 694 411 576 339 192 840 921 722 726 988 1061 264 304 393 979 775 748 793 468 947 309 503 493 261 399 802 15 869 677 989 251 644 596 525 715 741 328 910 969 511 1096 722 993
815 265 539 154 55 660 550 693 419 602 408 616 349 89 75 403 626 325 431 767 413 699 442 854 240 574 582 499 365 366 356 258 194 0 722 233 423 574 616 543 559 953 682 727 75 752 613 186 40 546 683 219 475 283 155 660 846 546 814 904 951 73 146 284 880 717 555 660 398 842 445 585 395 192 288 637 208 679 488 911 57 482 467 476 561 692 328 803 882 316 980 605 865
159 685 265 701 771 744 664 569 792 212 532 464 378 705 663 467 721 543 292 50 598 555 383 268 828 641 351 229 715 527 477 913 798 722 0 760 569 311 118 199 453 279 710 326 752 318 225 891 695 815 256 648 255 460 877 576 124 510 641 191 303 678 588 439 205 70 704 268 331 198 707 563 328 546 435 444 811 701 619 191 716 424 308 277 373 116 482 177 175 690 350 200 316
885 88 650 384 210 877 364 545 651 701 288 501 442 320 198 575 842 517 500 810 257 556 397 950 72 782 513 533 593 555 293 173 69 233 760 0 624 523 642 621 729 1024 893 659 164 688 717 218 263 776 640 439 551 309 260 850 882 730 657 951 1033 294 316 378 947 733 773 777 436 918 240 435 469 244 384 801 71 889 696 950 289 644 581 484 710 696 281 882 934 542 1070 700 973
576 610 303 289 475 266 815 868 228 364 630 756 304 343 427 109 230 107 355 591 675 864 548 561 653 159 661 443 162 76 539 682 608 423 569 624 0 628 518 377 174 691 271 760 496 773 359 599 383 254 688 210 352 417 547 238 667 136 985 693 671 349 308 318 635 605 174 362 406 586 760 787 340 409 313 250 623 266 79 713 374 148 269 481 226 612 513 550 667 164 682 374 549
469 437 403 621 608 872 353 276 809 401 249 161 330 596 500 521 840 552 275 360 308 265 134 571 595 757 42 197 726 560 233 693 578 574 311 523 628 0 212 315 596 589 854 153 574 177 422 703 562 878 116 602 294 295 710 742 409 638 374 487 615 560 483 349 516 255 798 491 227 508 411 251 288 382 350 627 587 847 702 475 592 527 384 147 526 207 254 483 478 684 662 392 615
264 567 234 609 662 727 557 485 731 208 416 372 281 606 552 410 700 473 195 169 482 472 266 360 710 617 255 116 650 465 359 797 681 616 118 642 518 212 0 145 436 394 700 274 640 277 228 779 590 772 196 564 172 345 768 574 239 488 572 309 413 576 487 336 318 102 671 291 219 302 592 462 228 434 333 448 694 692 579 307 614 387 249 158 358 93 364 273 294 619 458 197 402
272 558 91 505 595 582 620 590 596 93 453 473 194 515 491 271 555 344 120 234 517 580 309 329 682 472 357 125 517 329 373 757 647 543 199 621 377 315 145 0 293 411 556 411 582 417 113 721 511 629 333 449 70 312 698 435 315 343 689 364 414 491 402 260 337 228 527 184 190 301 627 545 153 385 255 313 661 548 435 374 529 242 109 192 217 236 366 264 341 491 449 87 355
425 697 202 445 614 292 850 861 392 241 666 744 322 490 544 156 267 237 330 464 722 854 551 394 771 188 635 398 335 197 574 815 726 559 453 729 174 596 436 293 0 528 263 704 625 711 228 743 519 376 627 367 302 465 697 147 533 58 970 546 504 486 423 367 479 504 255 207 403 429 820 798 333 490 361 79 742 255 184 569 518 86 213 454 80 523 554 396 519 338 511 253 377
139 954 422 898 1006 777 942 833 918 355 811 736 605 918 903 616 765 707 529 229 876 817 661 137 1088 701 627 491 853 678 751 1167 1055 953 279 1024 691 589 394 411 528 0 729 574 994 557 349 1132 920 901 516 832 481 716 1108 594 191 585 890 118 47 897 809 672 76 334 775 329 588 111 986 838 564 795 667 477 1069 721 713 146 935 546 490 549 464 384 752 150 115 843 94 350 176
655 882 466 534 730 54 1078 1112 337 501 893 997 553 596 695 352 69 378 581 714 942 1107 795 592 918 111 892 657 337 345 800 937 872 682 710 893 271 854 700 556 263 729 0 967 757 974 485 845 643 234 890 462 561 682 787 137 776 216 1224 774 695 609 578 580 697 765 137 447 647 648 1029 1041 578 680 575 268 887 8 196 801 628 327 470 709 342 786 777 622 749 375 685 513 556
480 572 502 773 759 990 420 265 952 482 373 193 473 750 652 651 961 693 406 363 421 247 285 593 731 877 148 317 869 696 379 832 718 727 326 659 760 153 274 411 704 574 967 0 723 29 502 849 715 1014 78 751 411 449 859 846 383 752 317 459 609 713 635 498 511 256 925 564 372 518 510 302 425 535 498 722 727 959 829 438 745 645 501 286 628 211 402 502 458 829 659 471 643
855 212 588 229 48 736 504 662 493 649 381 595 389 164 91 468 701 395 466 798 374 669 440 902 164 648 575 524 441 436 344 189 119 75 752 164 496 574 640 582 625 994 757 723 0 750 661 139 113 621 687 294 513 296 136 731 876 615 780 938 996 147 203 322 920 740 630 712 421 884 391 551 431 206 327 702 133 754 562 942 132 545 517 492 622 711 320 846 918 392 1027 651 916
468 601 508 795 785 998 448 288 968 484 402 222 490 773 678 664 970 709 420 351 451 270 310 582 760 887 176 329 885 710 406 861 747 752 318 688 773 177 277 417 711 557 974 29 750 0 504 877 739 1027 85 771 422 472 886 851 366 760 332 441 593 736 658 518 496 247 936 564 391 506 540 330 441 560 518 725 755 966 841 419 769 654 511 304 634 206 429 492 441 847 644 473 633
221 660 74 549 667 519 734 699 587 21 566 582 276 571 570 271 496 359 221 236 630 688 423 241 775 417 465 238 515 333 484 843 736 613 225 717 359 422 228 113 228 349 485 502 661 504 0 796 577 596 424 482 171 411 767 354 309 286 794 335 341 552 467 343 283 279 481 70 298 238 738 658 248 475 337 223 752 477 400 353 590 211 145 306 148 304 475 200 309 500 367 31 256
993 298 723 312 130 818 583 760 547 785 491 707 527 255 229 588 785 507 604 937 470 770 569 1038 167 742 701 663 513 548 470 106 148 186 891 218 599 703 779 721 743 1132 845 849 139 877 796 0 225 680 817 389 651 434 66 837 1016 727 874 1077 1133 256 331 460 1058 878 712 845 560 1022 457 650 569 345 465 822 149 844 657 1081 225 668 651 629 748 848 448 983 1057 470 1163 787 1050
782 286 503 121 95 622 563 696 388 568 412 613 318 57 80 363 588 285 402 738 422 701 431 819 276 535 572 474 330 326 352 299 230 40 695 263 383 562 590 511 519 920 643 715 113 739 577 225 0 513 668 181 444 267 189 620 818 506 818 874 917 33 110 256 847 692 517 623 375 808 464 589 367 180 259 597 245 640 448 882 33 442 432 456 522 670 323 770 852 280 945 571 828
802 787 550 392 584 183 1030 1106 133 605 850 998 549 457 582 363 167 329 607 833 886 1104 788 764 785 203 909 697 184 319 763 781 740 546 815 776 254 878 772 629 376 901 234 1014 621 1027 596 680 513 0 942 342 606 641 616 327 906 318 1226 922 873 482 485 549 855 856 127 583 652 804 955 1018 590 608 545 424 754 238 196 945 489 390 522 731 451 865 735 772 895 235 873 616 739
413 554 425 717 720 914 443 317 884 404 362 223 407 698 610 578 885 624 335 296 419 301 248 524 712 801 134 244 801 625 349 810 694 683 256 640 688 116 196 333 627 516 890 78 687 85 424 817 668 942 0 690 336 401 822 768 327 675 386 406 548 663 581 438 449 187 850 487 310 452 517 330 357 490 438 644 704 882 755 389 697 569 425 222 550 140 369 433 402 764 598 393 572
702 445 411 79 268 441 694 792 229 478 521 693 286 134 241 224 407 131 369 683 550 793 488 715 457 355 624 459 158 170 440 475 411 219 648 439 210 602 564 449 367 832 462 751 294 771 482 389 181 342 690 0 395 324 336 448 765 342 915 808 821 147 145 253 765 664 336 511 380 721 614 695 339 272 252 446 426 460 269 821 166 304 347 467 390 654 411 683 783 106 841 485 715
342 491 120 445 526 580 571 560 559 153 397 443 126 451 421 243 550 301 51 295 460 552 261 398 612 467 332 96 478 294 313 687 576 475 255 551 352 294 172 70 302 481 561 411 513 422 171 651 444 606 336 395 0 243 630 449 376 345 667 430 485 425 335 191 406 269 514 239 127 372 568 505 83 315 186 339 591 553 418 438 463 235 90 153 236 265 303 334 407 447 519 150 422
577 249 348 329 323 683 397 469 547 394 212 369 147 301 212 330 648 317 191 508 260 470 169 641 372 572 309 231 468 341 122 453 339 283 460 309 417 295 345 312 465 716 682 449 296 472 411 434 267 641 401 324 243 0 428 605 584 484 591 649 724 264 190 101 640 443 590 475 129 610 354 377 162 91 106 527 353 676 497 651 296 379 284 195 427 414 95 573 630 420 761 392 665
970 331 693 258 105 758 622 790 483 757 513 729 504 207 216 545 725 460 586 921 500 799 576 1008 221 685 712 651 452 500 481 173 192 155 877 260 547 710 768 698 697 1108 787 859 136 886 767 66 189 616 822 336 630 428 0 785 1001 678 907 1059 1106 216 299 439 1035 869 653 812 549 997 500 680 550 337 444 777 197 785 601 1066 181 625 622 624 708 842 457 959 1038 411 1134 760 1018
517 826 343 527 713 183 994 1009 393 370 810 892 465 582 658 278 173 336 477 577 864 1001 698 456 886 128 782 544 364 296 717 919 840 660 576 850 238 742 574 435 147 594 137 846 731 851 354 837 620 327 768 448 449 605 785 0 638 122 1116 636 561 586 536 505 560 633 202 311 550 510 959 945 480 620 499 131 856 129 192 663 612 227 360 601 217 657 696 484 611 387 554 382 423
132 805 366 820 896 815 762 644 895 303 645 549 501 827 787 572 796 654 416 81 709 627 498 241 950 720 445 353 820 634 596 1037 921 846 124 882 667 409 239 315 533 191 776 383 876 366 309 1016 818 906 327 765 376 584 1001 638 0 591 698 78 228 800 711 562 135 155 788 329 455 160 817 654 451 671 558 507 934 767 709 68 839 520 419 398 455 202 602 165 75 799 279 293 295
484 705 254 421 600 238 875 898 340 298 690 782 346 472 539 156 212 220 366 521 743 892 584 449 767 131 676 441 289 180 597 804 722 546 510 730 136 638 488 343 58 585 216 752 615 760 286 727 506 318 675 342 345 484 678 122 591 0 1009 604 559 472 417 383 537 559 196 265 435 486 837 830 365 498 377 118 738 208 129 628 501 112 254 493 137 576 576 454 578 299 564 309 429
797 577 778 911 826 1238 299 122 1139 773 406 229 681 867 740 881 1206 897 643 680 407 121 438 909 719 1124 334 572 1058 912 475 819 726 814 641 657 985 374 572 689 970 890 1224 317 780 332 794 874 818 1226 386 915 667 591 907 1116 698 1009 0 773 926 829 775 677 828 572 1159 861 580 836 429 229 648 650 680 1002 728 1217 1062 751 852 897 756 515 901 525 505 819 774 1011 977 763 958
120 877 400 868 955 818 840 721 922 333 720 628 556 880 848 605 801 691 473 141 785 705 572 202 1019 729 523 419 850 667 668 1103 988 904 191 951 693 487 309 364 546 118 774 459 938 441 335 1077 874 922 406 808 430 649 1059 636 78 604 773 0 161 855 765 620 84 232 800 339 520 129 893 732 509 734 615 509 1001 766 728 31 893 545 460 468 472 280 674 152 26 834 211 325 254
150 966 415 889 1005 743 967 866 896 349 830 765 606 913 904 601 733 694 535 255 896 850 679 110 1096 671 654 504 833 663 766 1172 1061 951 303 1033 671 615 413 414 504 47 695 609 996 593 341 1133 917 873 548 821 485 724 1106 561 228 559 926 161 0 893 807 674 99 363 746 311 597 114 1006 866 568 800 668 448 1076 686 688 190 931 529 485 565 445 413 766 150 153 826 50 346 138
760 311 478 93 127 589 581 706 359 543 424 620 299 38 102 332 554 252 385 720 439 710 431 793 310 501 572 461 299 292 358 332 264 73 678 294 349 560 576 491 486 897 609 713 147 736 552 256 33 482 663 147 425 264 216 586 800 472 829 855 893 0 89 240 825 678 483 596 364 785 487 602 350 182 243 565 278 606 414 863 38 411 408 447 492 658 329 747 832 248 920 547 802
672 307 393 139 201 565 548 652 375 457 377 558 210 119 122 266 530 201 295 630 404 654 359 709 349 466 499 373 302 240 299 393 304 146 588 316 308 483 487 402 423 809 578 635 203 658 467 331 110 485 581 145 335 190 299 536 711 417 775 765 807 89 0 151 737 589 463 514 277 698 470 552 260 127 154 499 320 574 382 773 127 342 322 363 418 570 269 659 743 251 834 460 719
533 333 273 280 335 582 498 557 464 329 313 450 67 271 230 229 548 221 146 482 361 555 241 582 432 471 372 221 382 241 220 500 393 284 439 378 318 349 336 260 367 672 580 498 322 518 343 460 256 549 438 253 191 101 439 505 562 383 677 620 674 240 151 0 598 438 491 400 129 562 454 471 111 133 6 433 408 575 397 626 278 281 203 216 336 419 196 524 598 338 706 330 600
64 877 354 830 932 742 869 767 863 287 735 666 531 847 828 553 728 643 454 156 801 751 585 117 1012 658 555 415 795 616 674 1092 979 880 205 947 635 516 318 337 479 76 697 511 920 496 283 1058 847 855 449 765 406 640 1035 560 135 537 828 84 99 825 737 598 0 264 731 273 511 50 911 767 489 720 593 436 993 689 663 116 863 487 421 472 409 314 676 84 65 782 148 281 169
225 654 307 710 763 796 608 503 824 263 489 402 383 709 653 500 772 569 297 109 553 488 344 337 802 690 292 217 744 557 443 892 775 717 70 733 605 255 102 228 504 334 765 256 740 247 279 878 692 856 187 664 269 443 869 633 155 559 572 232 363 678 589 438 264 0 750 330 319 264 661 503 330 533 435 502 788 756 661 223 716 466 338 250 424 49 452 246 223 716 412 252 386
680 770 442 404 601 105 987 1042 202 492 803 929 477 467 575 277 72 274 523 718 846 1038 722 638 794 75 832 608 201 250 712 806 748 555 704 773 174 798 671 527 255 775 137 925 630 936 481 712 517 127 850 336 514 590 653 202 788 196 1159 800 746 483 463 491 731 750 0 462 578 681 927 961 512 575 487 298 762 137 96 824 500 284 425 650 333 763 686 650 774 242 746 503 612
218 724 127 582 715 486 805 768 590 91 635 652 335 611 622 290 466 382 288 266 699 757 494 204 833 392 534 309 524 351 552 897 793 660 268 777 362 491 291 184 207 329 447 564 712 564 70 845 623 583 487 511 239 475 812 311 329 265 861 339 311 596 514 400 273 330 462 0 366 224 807 729 313 534 394 179 809 438 389 362 632 217 197 377 136 361 542 190 312 515 329 99 205
449 369 245 409 444 659 450 465 581 279 272 351 103 397 333 301 626 325 79 379 334 460 148 518 500 544 256 102 498 334 186 583 468 398 331 436 406 227 219 190 403 588 647 372 421 391 298 560 375 652 310 380 127 129 549 550 455 435 580 520 597 364 277 129 511 319 578 366 0 482 441 395 70 215 128 452 482 641 481 522 400 323 195 87 348 294 176 446 501 457 635 275 546
39 851 310 787 895 692 859 767 814 243 717 663 495 806 793 506 677 597 421 155 783 752 566 80 982 608 549 390 746 569 652 1059 947 842 198 918 586 508 302 301 429 111 648 518 884 506 238 1022 808 804 452 721 372 610 997 510 160 486 836 129 114 785 698 562 50 264 681 224 482 0 894 760 455 687 557 386 962 639 613 158 823 439 379 451 360 313 651 38 105 735 156 238 134
856 180 686 580 439 1025 130 329 841 719 176 323 499 521 385 682 990 653 520 758 110 344 327 943 294 918 383 510 772 684 255 392 309 445 707 240 760 411 592 627 820 986 1029 510 391 540 738 457 464 955 517 614 568 354 500 959 817 837 429 893 1006 487 470 454 911 661 927 807 441 894 0 228 501 351 460 881 308 1024 838 884 496 734 630 445 779 615 268 862 881 721 1050 714 977
721 351 624 686 597 1048 118 110 923 637 178 109 488 640 511 690 1015 692 469 610 179 121 247 823 501 935 211 420 844 711 256 602 503 585 563 435 787 251 462 545 798 838 1041 302 551 330 658 650 589 1018 330 695 505 377 680 945 654 830 229 732 866 602 552 471 767 503 961 729 395 760 228 0 465 426 475 843 506 1034 866 718 623 719 587 353 739 454 285 735 726 796 914 629 865
425 412 186 380 446 590 518 534 526 232 336 419 53 378 340 234 557 267 35 371 396 529 218 481 529 475 320 119 444 271 247 604 493 395 328 469 340 288 228 153 333 564 578 425 431 441 248 569 367 590 357 339 83 162 550 480 451 365 648 509 568 350 260 111 489 330 512 313 70 455 501 465 0 232 107 384 508 571 415 515 388 253 129 140 281 316 233 417 487 406 602 230 503
656 206 406 260 232 674 422 527 502 460 249 437 199 221 121 341 638 302 265 593 278 530 251 712 299 569 391 318 427 334 176 372 261 192 546 244 409 382 434 385 490 795 680 535 206 560 475 345 180 608 490 272 315 91 337 620 671 498 650 734 800 182 127 133 720 533 575 534 215 687 351 426 232 0 139 560 276 675 487 737 212 404 337 287 466 505 146 649 714 377 834 460 731
528 339 267 281 339 577 503 560 462 323 318 453 62 273 235 224 543 217 142 478 366 559 244 576 438 466 373 219 380 237 225 506 399 288 435 384 313 350 333 255 361 667 575 498 327 518 337 465 259 545 438 252 186 106 444 499 558 377 680 615 668 243 154 6 593 435 487 394 128 557 460 475 107 139 0 426 414 569 392 622 281 275 197 216 329 417 201 518 594 336 700 324 594
389 765 223 525 692 308 902 898 458 241 721 781 381 569 620 233 291 317 374 446 779 890 597 340 845 223 668 430 407 277 630 892 802 637 444 801 250 627 448 313 79 477 268 722 702 725 223 822 597 424 644 446 339 527 777 131 507 118 1002 509 448 565 499 433 436 502 298 179 452 386 881 843 384 560 426 0 817 259 245 535 597 157 256 492 104 528 613 357 483 414 449 253 315
930 158 682 363 171 868 434 617 625 737 358 572 475 297 198 586 833 520 541 860 328 628 458 989 31 778 579 582 574 559 355 105 15 208 811 71 623 587 694 661 742 1069 887 727 133 755 752 149 245 754 704 426 591 353 197 856 934 738 728 1001 1076 278 320 408 993 788 762 809 482 962 308 506 508 276 414 817 0 884 692 1002 265 660 611 537 731 753 339 925 983 525 1110 737 1008
646 877 458 532 728 60 1072 1105 338 492 887 990 547 594 691 346 71 374 574 705 936 1100 788 584 915 107 884 650 337 340 794 934 869 679 701 889 266 847 692 548 255 721 8 959 754 966 477 844 640 238 882 460 553 676 785 129 767 208 1217 766 686 606 574 575 689 756 137 438 641 639 1024 1034 571 675 569 259 884 0 192 793 626 319 462 702 334 777 771 614 740 374 677 504 548
608 687 354 344 538 187 894 945 212 408 710 833 381 404 498 181 151 184 426 636 754 941 625 578 723 86 735 512 172 156 618 745 677 488 619 696 79 702 579 435 184 713 196 829 562 841 400 657 448 196 755 269 418 497 601 192 709 129 1062 728 688 414 382 397 663 661 96 389 481 613 838 866 415 487 392 245 692 192 0 750 436 194 331 554 255 671 592 580 701 195 693 419 559
146 874 416 879 960 844 827 702 941 350 712 612 563 889 853 622 827 707 479 144 776 685 566 233 1018 754 510 420 869 684 664 1104 989 911 191 950 713 475 307 374 569 146 801 438 942 419 353 1081 882 945 389 821 438 651 1066 663 68 628 751 31 190 863 773 626 116 223 824 362 522 158 884 718 515 737 622 535 1002 793 750 0 901 564 474 466 494 269 671 179 53 851 239 341 286
798 317 516 97 102 605 596 730 361 581 446 647 337 32 114 364 571 281 423 758 456 734 462 831 296 522 603 498 308 322 385 308 251 57 716 289 374 592 614 529 518 935 628 745 132 769 590 225 33 489 697 166 463 296 181 612 839 501 852 893 931 38 127 278 863 716 500 632 400 823 496 623 388 212 281 597 265 626 436 901 0 444 445 483 527 695 356 784 870 260 957 585 838
428 610 159 380 538 345 766 786 377 216 582 670 237 419 462 80 316 172 254 444 637 780 472 420 688 232 564 331 307 136 489 735 644 482 424 644 148 527 387 242 86 546 327 645 545 654 211 668 442 390 569 304 235 379 625 227 520 112 897 545 529 411 342 281 487 466 284 217 323 439 734 719 253 404 275 157 660 319 194 564 444 0 144 382 86 478 469 403 518 297 543 227 413
356 531 71 409 522 489 646 648 486 135 466 531 139 427 426 162 460 235 118 338 525 641 340 386 636 376 422 187 407 219 376 701 596 467 308 581 269 384 249 109 213 490 470 501 517 511 145 651 432 522 425 347 90 284 622 360 419 254 756 460 485 408 322 203 421 338 425 197 195 379 630 587 129 337 197 256 611 462 331 474 445 144 0 241 152 342 361 340 435 382 512 140 399
414 408 271 496 519 725 428 407 665 285 268 290 186 481 408 373 693 407 128 327 334 400 119 498 552 610 183 68 582 412 201 641 525 476 277 484 481 147 158 192 454 549 709 286 492 304 306 629 456 731 222 467 153 195 624 601 398 493 515 468 565 447 363 216 472 250 650 377 87 451 445 353 140 287 216 492 537 702 554 466 483 382 241 0 389 218 205 418 452 543 607 278 533
353 669 125 466 617 372 798 796 453 161 617 679 280 502 536 166 348 259 270 384 676 788 493 335 758 268 567 329 388 223 527 811 715 561 373 710 226 526 358 217 80 464 342 628 622 634 148 748 522 451 550 390 236 427 708 217 455 137 901 472 445 492 418 336 409 424 333 136 348 360 779 739 281 466 329 104 731 334 255 494 527 86 152 389 0 443 510 325 446 382 457 172 327
274 615 322 696 737 815 560 454 825 286 445 352 369 690 626 504 789 566 285 158 508 439 302 384 766 706 243 198 744 558 404 858 741 692 116 696 612 207 93 236 523 384 786 211 711 206 304 848 670 865 140 654 265 414 842 657 202 576 525 280 413 658 570 419 314 49 763 361 294 313 615 454 316 505 417 528 753 777 671 269 695 478 342 218 443 0 415 293 272 712 462 275 432
616 203 418 406 357 778 302 382 638 456 117 291 232 367 253 425 743 412 254 532 167 384 121 692 351 667 255 261 559 436 29 445 328 328 482 281 513 254 364 366 554 752 777 402 320 429 475 448 323 735 369 411 303 95 457 696 602 576 505 674 766 329 269 196 676 452 686 542 176 651 268 285 233 146 201 613 339 771 592 671 356 469 361 205 510 415 0 617 657 510 806 452 721
33 816 272 748 856 665 831 746 779 205 685 639 457 768 754 469 649 559 384 141 751 732 535 90 945 578 524 356 710 532 618 1021 910 803 177 882 550 483 273 264 396 150 622 502 846 492 200 983 770 772 433 683 334 573 959 484 165 454 819 152 150 747 659 524 84 246 650 190 446 38 862 735 417 649 518 357 925 614 580 179 784 403 340 418 325 293 617 0 126 698 189 200 140
94 860 374 844 933 792 832 718 896 307 707 622 534 856 827 579 775 665 452 125 772 702 559 181 1001 703 515 400 824 642 653 1084 969 882 175 934 667 478 294 341 519 115 749 458 918 441 309 1057 852 895 402 783 407 630 1038 611 75 578 774 26 153 832 743 598 65 223 774 312 501 105 881 726 487 714 594 483 983 740 701 53 870 518 435 452 446 272 657 126 0 808 204 299 234
721 552 434 163 360 348 799 890 127 501 623 787 357 227 347 229 314 147 432 719 655 890 579 717 556 276 710 524 51 166 539 564 511 316 690 542 164 684 619 491 338 843 375 829 392 847 500 470 280 235 764 106 447 420 411 387 799 299 1011 834 826 248 251 338 782 716 242 515 457 735 721 796 406 377 336 414 525 374 195 851 260 297 382 543 382 712 510 698 808 0 840 509 709
194 1004 441 911 1034 736 1014 915 903 378 873 814 638 938 936 619 728 712 570 303 939 900 723 126 1132 670 702 545 844 679 807 1206 1096 980 350 1070 682 662 458 449 511 94 685 659 1027 644 367 1163 945 873 598 841 519 761 1134 554 279 564 977 211 50 920 834 706 148 412 746 329 635 156 1050 914 602 834 700 449 1110 677 693 239 957 543 512 607 457 462 806 189 204 840 0 376 134
216 641 75 549 659 545 707 668 601 11 540 552 263 568 559 280 521 366 201 217 605 657 396 252 759 440 434 210 527 342 460 830 722 605 200 700 374 392 197 87 253 350 513 471 651 473 31 787 571 616 393 485 150 392 760 382 293 309 763 325 346 547 460 330 281 252 503 99 275 238 714 629 230 460 324 253 737 504 419 341 585 227 140 278 172 275 452 200 299 509 376 0 272
167 913 327 787 920 605 956 883 769 271 801 774 533 817 826 491 596 584 473 281 867 869 652 54 1031 536 657 467 711 550 727 1099 993 865 316 973 549 615 402 355 377 176 556 643 916 633 256 1050 828 739 572 715 422 665 1018 423 295 429 958 254 138 802 719 600 169 386 612 205 546 134 977 865 503 731 594 315 1008 548 559 286 838 413 399 533 327 432 721 140 234 709 134 272 0
