131
0 578 572 414 383 310 630 407 380 278 505 419 320 512 282 530 675 426 452 576 486 405 417 166 510 386 442 199 193 395 167 323 118 620 360 484 533 196 541 41 591 152 527 447 248 488 304 716 226 88 456 496 439 409 59 442 503 368 511 631 425 532 573 443 537 364 91 252 422 458 271 291 357 279 444 294 381 181 233 423 660 558 546 572 628 320 132 379 397 246 348 365 376 299 393 173 605 339 395 510 554 502 313 268 417 279 416 418 597 458 466 444 379 230 402 489 175 625 420 518 390 433 605 563 347 429 234 282 233 526 554
578 0 473 411 667 887 516 525 857 401 445 422 754 1035 296 1010 454 508 181 890 210 332 991 729 1011 884 711 776 758 297 525 897 693 504 592 508 163 770 94 537 112 580 329 569 641 638 705 435 684 500 128 230 501 498 518 864 282 725 590 1050 488 210 326 324 171 305 604 826 860 1016 376 326 919 705 182 316 287 508 402 965 482 74 436 1101 348 261 526 627 599 705 922 235 470 866 200 523 955 255 433 1000 820 689 873 750 170 749 221 397 382 950 623 568 883 672 176 642 752 550 664 118 769 946 958 579 867 769 534 860 652 292 29
572 473 0 160 351 795 915 809 611 301 806 153 510 1079 428 731 127 808 548 506 606 659 935 731 1082 959 942 702 655 619 654 853 673 48 826 113 594 688 379 553 376 684 144 861 783 927 851 189 498 557 402 630 153 180 532 567 679 432 909 709 159 634 748 676 604 266 654 790 988 1006 322 337 906 833 325 346 266 395 586 985 94 400 39 1134 169 400 444 858 269 808 875 350 201 845 494 657 581 501 177 1083 425 289 731 551 384 540 557 160 802 1031 906 200 659 480 415 242 682 937 904 542 472 715 585 122 919 443 359 787 456 181 447
414 411 160 0 274 656 788 661 512 141 672 12 405 924 282 651 263 662 435 483 494 525 792 576 925 801 785 557 514 487 495 707 519 208 671 110 496 544 322 393 342 523 144 712 623 777 690 310 371 397 307 518 91 88 372 490 561 347 764 661 76 530 635 547 505 130 495 641 828 857 163 186 756 672 232 197 139 241 433 832 245 346 131 981 239 262 289 702 196 648 729 225 72 695 373 498 552 367 29 925 410 278 602 431 277 423 435 14 686 873 755 157 553 354 301 231 536 806 748 448 391 614 555 198 762 378 216 644 330 165 382
383 667 351 274 0 489 944 758 262 278 818 267 167 817 447 382 478 770 642 231 697 682 634 494 836 730 825 421 365 653 534 567 436 381 732 238 717 405 586 390 613 534 413 805 632 857 687 540 195 425 548 718 207 191 379 219 750 81 867 387 211 740 827 714 725 362 475 516 789 722 311 362 630 660 484 376 380 235 536 720 442 609 351 863 495 451 269 756 83 624 583 444 203 572 572 539 289 543 246 844 180 128 408 224 509 209 627 289 869 797 834 150 312 180 522 138 408 950 799 677 121 366 291 265 681 104 176 492 164 439 637
310 887 795 656 489 0 877 634 293 545 763 656 332 349 591 369 915 660 759 572 789 693 144 194 386 322 575 111 142 692 422 95 202 836 553 688 840 118 845 351 893 373 790 657 405 671 410 966 301 393 763 797 643 615 369 390 797 424 719 513 636 835 860 731 843 647 312 103 418 238 551 584 163 381 743 590 666 422 528 256 890 864 779 383 891 627 383 554 549 340 101 667 596 128 703 428 561 648 629 402 594 615 99 266 723 282 722 664 875 366 654 616 249 318 711 627 135 861 579 827 412 260 559 743 269 464 440 37 341 798 863
630 516 915 788 944 877 0 243 1010 686 127 800 939 833 512 1160 940 216 372 1169 318 266 912 682 783 687 383 789 809 301 469 832 689 958 334 899 353 794 584 598 624 509 783 233 477 259 499 936 845 550 522 294 870 851 597 1064 242 962 189 1257 853 306 191 240 344 659 578 779 609 878 652 610 813 521 595 597 654 710 412 807 957 576 875 896 839 526 689 347 912 552 854 567 811 787 421 462 1212 421 794 761 1124 1025 920 896 532 905 358 779 137 727 263 918 1009 844 500 990 771 42 347 403 995 1061 1213 986 704 1022 768 840 837 752 526
407 525 809 661 758 634 243 0 786 534 145 671 726 607 381 931 865 29 344 973 321 192 669 440 563 456 191 549 574 230 240 588 451 856 97 765 381 556 558 382 609 271 698 51 233 119 261 878 632 338 471 309 729 704 386 849 270 762 108 1038 712 344 291 207 376 543 343 535 390 641 503 474 571 280 524 464 545 523 230 571 871 560 772 672 777 412 491 121 743 309 610 467 664 544 352 234 1008 320 658 544 938 857 682 676 461 687 307 655 278 504 100 764 780 633 428 829 533 227 144 410 791 828 1008 854 466 824 584 597 631 676 521
380 857 611 512 262 293 1010 786 0 458 884 508 107 643 584 156 739 806 783 280 830 773 426 395 678 599 790 282 233 756 546 387 354 643 729 498 865 267 789 411 826 519 657 824 595 858 628 799 177 461 729 845 463 441 415 96 863 180 888 253 462 876 937 810 871 562 447 364 683 529 481 530 456 598 682 541 582 351 604 549 704 811 609 675 747 606 345 742 342 556 395 621 441 410 715 552 269 670 483 692 311 366 195 115 687 110 756 525 968 653 837 412 53 186 690 394 285 1006 779 836 148 104 267 526 545 194 324 313 204 677 828
278 401 301 141 278 545 686 534 458 0 564 148 353 790 175 609 397 538 364 509 421 420 674 443 788 663 648 439 403 386 355 585 388 350 535 234 439 428 331 254 370 382 250 585 482 647 549 437 290 255 276 442 194 170 232 462 477 326 640 651 178 463 554 448 447 107 355 516 687 730 34 84 629 531 224 98 127 123 303 700 384 353 271 849 352 174 163 566 229 507 609 169 130 568 295 358 566 270 129 787 450 340 505 356 235 353 352 142 599 735 624 233 488 276 245 303 416 699 611 399 369 551 568 322 626 375 133 528 255 254 372
505 445 806 672 818 763 127 145 884 564 0 684 812 753 392 1035 840 116 278 1042 235 147 808 568 708 602 324 670 687 187 347 724 570 850 242 782 285 675 499 473 544 391 679 160 373 215 407 842 719 423 426 214 751 731 470 937 163 835 153 1130 734 240 156 131 277 544 458 667 535 785 530 490 712 424 492 477 541 584 285 716 854 495 766 818 744 409 561 265 788 450 747 455 691 681 314 341 1085 306 676 689 998 902 801 770 429 779 254 664 133 650 208 797 884 717 395 867 652 134 280 327 868 937 1086 870 611 895 642 726 710 651 448
419 422 153 12 267 656 800 671 508 148 684 0 401 928 293 645 260 673 447 473 506 536 794 580 930 806 794 558 515 498 503 709 522 201 680 98 508 545 333 399 352 531 149 723 630 787 698 309 369 404 319 530 79 78 378 483 573 340 775 652 65 542 647 559 517 142 501 643 834 859 172 197 758 679 244 208 151 244 443 836 241 356 127 985 241 274 293 711 187 654 731 237 67 698 385 506 542 378 27 930 400 266 601 429 289 420 447 25 698 878 765 146 549 352 313 219 537 818 757 460 384 610 545 186 767 370 216 645 328 172 393
320 754 510 405 167 332 939 726 107 353 812 401 0 673 489 256 637 743 689 267 738 692 475 379 699 605 753 283 226 672 487 416 327 544 679 397 770 266 684 343 720 469 550 767 556 808 599 696 94 390 627 755 359 336 342 125 777 92 831 319 358 784 853 728 777 456 400 376 677 569 378 428 483 570 577 440 476 253 527 576 603 706 505 713 641 507 256 697 242 529 430 519 334 429 620 493 285 579 376 710 268 286 244 70 585 53 665 418 887 666 786 313 149 95 589 305 276 938 736 738 84 209 285 432 552 134 219 341 106 569 725
512 1035 1079 924 817 349 833 607 643 790 753 928 673 0 763 703 1186 637 870 922 877 751 232 348 63 155 454 395 452 769 510 257 405 1125 510 982 937 412 1023 541 1077 456 1039 602 402 578 350 1228 622 557 930 875 936 906 563 740 853 761 645 852 925 914 893 782 936 874 447 300 225 125 783 798 189 340 938 798 889 684 633 97 1169 1036 1055 66 1140 805 635 489 864 332 248 859 878 245 835 512 910 780 903 89 940 946 448 603 898 620 827 929 885 106 571 925 598 637 875 950 410 802 485 944 756 600 908 1051 170 807 723 333 656 1037 1018
282 296 428 282 447 591 512 381 584 175 392 293 489 763 0 741 489 380 200 678 252 246 698 438 747 618 524 480 463 211 264 604 398 475 404 391 281 474 262 242 315 311 322 433 394 499 463 510 407 210 173 271 359 339 222 609 303 483 482 803 341 297 380 273 287 161 319 532 615 730 140 98 631 454 176 85 164 235 164 684 491 278 390 827 411 42 240 438 404 443 629 99 299 576 131 264 731 96 284 740 623 515 580 471 136 474 180 275 424 688 478 406 603 398 120 478 456 527 482 252 523 665 733 479 593 538 280 564 382 305 272
530 1010 731 651 382 369 1160 931 156 609 1035 645 256 703 741 0 858 952 940 296 986 928 472 517 748 691 917 399 361 912 692 463 486 756 868 620 1022 387 940 563 975 660 793 966 728 995 753 921 333 613 884 1002 590 573 568 164 1019 304 1030 149 593 1033 1093 965 1028 712 588 462 785 580 634 684 529 722 833 696 732 507 758 617 820 963 734 722 878 762 502 878 466 679 462 776 578 497 872 699 246 827 621 767 359 458 278 271 842 267 913 664 1122 735 975 531 151 342 845 496 408 1153 911 992 261 111 242 632 638 288 476 400 359 816 982
675 454 127 263 478 915 940 865 739 397 840 260 637 1186 489 858 0 859 567 625 622 697 1053 838 1186 1060 1014 818 774 656 737 969 782 106 894 240 598 805 366 651 344 772 167 916 868 985 937 64 621 648 417 646 278 304 629 694 698 560 959 831 282 642 760 709 607 333 752 903 1081 1120 410 412 1019 922 348 417 325 504 654 1095 45 381 135 1244 105 454 552 927 396 901 991 397 319 958 526 739 700 546 287 1185 543 411 855 676 411 665 586 257 816 1132 964 328 786 604 445 366 798 966 972 545 599 843 704 236 1023 570 476 905 580 190 433
426 508 808 662 770 660 216 29 806 538 116 673 743 637 380 952 859 0 328 987 301 176 697 466 592 485 216 574 596 215 259 616 475 854 126 768 359 580 545 399 595 294 693 61 261 130 291 870 649 353 460 287 732 709 401 867 246 777 102 1056 715 321 263 186 355 541 365 562 419 670 506 475 600 310 515 465 542 534 237 600 867 545 770 702 770 408 504 149 751 338 638 462 668 572 341 253 1023 313 660 573 950 866 706 694 453 705 293 656 248 533 114 770 801 649 419 836 557 202 170 391 806 850 1024 857 496 838 594 623 646 669 505
452 181 548 435 642 759 372 344 783 364 278 447 689 870 200 940 567 328 0 873 59 152 849 585 841 716 529 650 643 115 364 755 558 588 411 545 82 648 221 411 268 420 411 389 469 458 531 565 606 366 150 83 523 510 395 810 131 683 415 1004 507 98 201 149 87 306 457 686 685 861 331 280 769 533 223 266 296 436 241 805 585 219 508 936 468 190 438 446 591 538 781 210 473 720 69 361 929 114 447 829 814 697 763 669 163 673 42 424 254 780 442 581 800 598 134 655 627 399 482 74 723 861 931 629 704 736 480 729 583 380 177
576 890 506 483 231 572 1169 973 280 509 1042 473 267 922 678 296 625 987 873 0 929 910 706 646 954 868 1017 545 490 882 739 665 595 518 936 411 947 529 805 593 826 729 607 1018 820 1064 866 690 353 635 775 949 399 395 587 183 980 210 1080 213 409 971 1058 943 955 587 662 635 944 809 542 593 733 837 707 607 604 458 758 827 582 828 522 955 672 682 483 956 290 797 674 673 419 685 803 745 75 774 458 968 82 217 474 335 737 319 858 498 1099 926 1041 330 329 346 752 266 541 1174 997 906 187 350 79 389 814 149 402 590 344 639 860
486 210 606 494 697 789 318 321 830 421 235 506 738 877 252 986 622 301 59 929 0 132 872 609 844 722 511 682 679 108 381 779 587 646 398 604 61 681 267 445 310 437 468 362 474 429 532 617 653 398 206 24 582 568 432 860 76 736 380 1055 566 46 142 115 59 365 482 711 682 877 386 336 787 537 281 323 355 486 262 818 640 261 566 943 521 246 484 431 648 546 804 269 532 742 125 377 983 159 506 830 871 755 799 715 222 719 73 483 196 783 415 639 844 646 193 714 659 348 464 92 775 904 985 688 714 790 533 757 632 436 213
405 332 659 525 682 693 266 192 773 420 147 536 692 751 246 928 697 176 152 910 132 0 762 504 716 595 380 591 597 41 272 672 492 703 266 635 193 592 369 367 419 326 534 237 348 307 403 703 601 317 288 125 605 585 360 817 105 706 266 1012 587 164 168 37 190 397 381 607 551 758 385 344 673 410 349 331 393 452 171 696 709 370 619 817 603 262 437 299 647 423 696 308 545 632 171 267 957 158 529 701 861 760 715 658 286 665 117 516 194 655 290 652 780 597 252 724 569 281 332 218 742 837 958 723 591 764 508 659 588 507 329
417 991 935 792 634 144 912 669 426 674 808 794 475 232 698 472 1053 697 849 706 872 762 0 264 282 265 569 235 280 768 491 94 299 978 578 829 926 248 958 456 1009 436 923 681 435 681 416 1103 445 491 872 876 784 756 476 522 868 567 738 621 776 915 924 798 928 773 391 165 370 108 676 705 100 391 861 709 791 554 609 157 1029 976 918 251 1025 737 511 569 693 359 69 782 735 130 799 496 687 743 767 304 733 759 233 410 834 425 809 800 930 283 666 760 377 462 818 771 258 890 584 920 553 371 684 886 224 605 577 148 484 929 969
166 729 731 576 494 194 682 440 395 443 568 580 379 348 438 517 838 466 585 646 609 504 264 0 352 237 400 118 162 507 232 170 60 777 362 636 662 130 700 200 752 179 693 465 215 484 235 881 304 229 612 614 590 560 222 481 609 454 527 646 579 653 669 541 664 531 127 102 298 293 438 458 192 204 607 460 547 336 346 257 821 717 707 406 794 479 287 366 528 162 195 527 531 137 535 237 656 479 555 356 643 622 248 311 575 327 545 581 682 305 465 584 372 316 557 618 111 667 396 656 462 408 655 709 190 509 378 158 330 692 707
510 1011 1082 925 836 386 783 563 678 788 708 930 699 63 747 748 1186 592 841 954 844 716 282 352 0 128 401 417 474 736 487 291 412 1129 467 989 904 434 1004 535 1058 436 1034 554 371 526 312 1224 641 546 910 840 943 913 557 774 816 785 594 896 931 880 852 745 903 867 437 322 174 179 778 789 222 307 923 788 881 687 608 130 1171 1016 1056 114 1134 789 638 443 878 306 286 844 883 269 811 489 946 756 905 26 967 965 485 629 880 645 798 929 841 60 519 936 635 655 855 966 428 751 435 915 783 642 945 1061 162 833 730 364 673 1029 995
386 884 959 801 730 322 687 456 599 663 602 806 605 155 618 691 1060 485 716 868 722 595 265 237 128 0 317 322 378 614 359 231 296 1006 359 869 782 339 875 409 929 307 907 455 247 438 196 1098 537 418 782 719 823 793 431 693 698 686 502 834 811 759 739 626 781 739 309 235 104 197 651 661 172 185 794 660 753 566 481 123 1047 887 933 221 1007 660 517 340 765 179 238 716 762 194 683 361 868 629 782 124 873 858 415 534 751 551 673 804 733 72 428 821 563 550 726 855 328 659 343 790 689 581 867 944 53 738 613 292 566 902 867
442 711 942 785 825 575 383 191 790 648 324 794 753 454 524 917 1014 216 529 1017 511 380 569 400 401 317 0 518 559 414 297 506 435 991 122 881 571 530 735 434 788 291 847 164 196 124 165 1034 664 406 644 500 840 812 447 868 462 810 193 1043 824 536 478 398 567 682 355 472 228 514 622 606 469 196 686 598 688 602 360 441 1014 739 907 514 935 561 559 87 828 238 522 620 774 460 527 292 1039 485 777 378 997 939 646 692 628 706 490 783 456 347 120 863 770 670 595 919 509 350 47 598 829 808 1039 968 346 870 662 538 675 829 704
199 776 702 557 421 111 789 549 282 439 670 558 283 395 480 399 818 574 650 545 682 591 235 118 417 322 518 0 57 587 324 151 100 745 476 598 731 16 734 240 783 280 687 578 332 601 353 867 226 284 652 691 553 524 258 372 693 368 641 529 544 728 758 628 734 539 213 95 401 306 443 474 209 322 633 480 558 318 423 298 796 753 683 442 789 516 276 483 470 280 172 556 501 150 593 330 548 538 531 427 552 550 132 213 612 229 614 564 776 382 581 534 254 241 600 555 23 776 514 717 367 289 547 661 269 417 343 88 261 693 751
193 758 655 514 365 142 809 574 233 403 687 515 226 452 463 361 774 596 643 490 679 597 280 162 474 378 559 57 0 589 340 202 125 697 507 549 725 40 710 234 757 302 648 606 367 634 396 824 170 282 632 690 504 475 247 320 697 311 670 484 496 726 765 635 729 507 231 151 455 358 411 447 264 365 607 453 526 280 426 354 749 730 638 497 749 496 243 517 417 323 222 532 455 207 583 346 495 530 487 484 495 494 119 156 591 173 609 522 787 439 614 482 211 186 582 500 52 799 550 708 310 255 494 609 325 360 298 132 207 656 733
395 297 619 487 653 692 301 230 756 386 187 498 672 769 211 912 656 215 115 882 108 41 768 507 736 614 414 587 589 0 276 676 489 663 296 597 168 587 329 356 380 332 492 276 366 346 424 661 582 307 247 108 568 549 346 796 108 681 307 991 551 148 181 61 167 358 381 610 575 770 352 308 682 429 308 295 354 427 163 710 668 330 579 835 561 224 415 331 615 438 701 268 510 638 130 272 931 120 492 722 831 727 708 641 244 647 77 478 216 675 329 617 766 577 210 690 565 319 366 185 718 824 933 685 606 738 480 659 566 465 291
167 525 654 495 534 422 469 240 546 355 347 503 487 510 264 692 737 259 364 739 381 272 491 232 487 359 297 324 340 276 0 399 224 703 198 586 438 328 516 146 570 56 574 280 131 325 201 766 393 109 423 385 544 516 154 609 377 529 344 797 528 424 438 309 439 404 111 334 351 497 332 325 406 190 440 321 415 306 123 441 732 528 622 576 669 306 265 222 532 181 424 363 478 361 325 6 770 270 484 479 710 643 454 435 393 446 323 494 452 428 302 565 541 395 367 622 305 461 266 438 554 592 771 672 341 590 366 387 395 563 508
323 897 853 707 567 95 832 588 387 585 724 709 416 257 604 463 969 616 755 665 779 672 94 170 291 231 506 151 202 676 399 0 205 897 500 750 833 166 864 361 915 345 834 605 354 611 345 1017 373 396 777 784 704 675 382 483 777 506 663 608 695 823 835 708 835 681 297 71 330 155 585 612 69 318 767 616 699 466 516 162 947 881 834 296 936 643 422 495 620 281 25 688 652 45 705 404 655 648 682 307 683 695 193 348 739 364 716 714 843 272 595 684 344 389 723 702 171 812 515 826 499 354 653 811 179 550 494 75 410 839 875
118 693 673 519 436 202 689 451 354 388 570 522 327 405 398 486 782 475 558 595 587 492 299 60 412 296 435 100 125 489 224 205 0 719 382 577 638 105 659 156 709 180 639 482 242 509 275 825 247 193 572 594 531 501 177 435 595 398 545 607 519 632 659 529 641 480 112 134 354 342 385 408 241 245 562 412 497 278 326 313 764 676 650 462 740 437 230 391 468 203 230 483 472 181 504 230 608 448 497 416 588 563 231 261 534 276 520 524 676 365 488 524 337 259 519 558 82 677 425 627 408 380 608 649 250 455 318 170 272 640 670
620 504 48 208 381 836 958 856 643 350 850 201 544 1125 475 756 106 854 588 518 646 703 978 777 1129 1006 991 745 697 663 703 897 719 0 874 149 632 731 411 600 402 732 179 908 831 975 899 171 537 605 441 671 193 222 580 593 720 462 956 726 201 673 788 720 641 313 702 834 1036 1050 370 385 950 881 365 394 312 441 634 1031 63 430 84 1180 178 446 490 906 301 856 918 395 246 890 537 706 594 546 224 1130 436 305 770 588 425 576 600 208 842 1078 953 231 692 520 457 262 726 981 952 579 500 747 598 129 966 468 403 830 496 214 479
360 592 826 671 732 553 334 97 729 535 242 680 679 510 404 868 894 126 411 936 398 266 578 362 467 359 122 476 507 296 198 500 382 874 0 769 459 485 613 343 667 211 727 104 147 129 165 913 587 307 522 389 729 703 352 800 356 726 165 983 713 427 385 288 456 563 282 452 295 545 508 488 479 186 564 480 568 502 240 475 895 619 790 575 813 440 463 35 727 219 521 499 664 455 405 192 965 363 664 449 909 840 609 623 505 636 371 667 374 407 107 757 717 591 473 817 463 312 78 482 750 762 965 857 371 787 563 515 592 708 585
484 508 113 110 238 688 899 765 498 234 782 98 397 982 391 620 240 768 545 411 604 635 829 636 989 869 881 598 549 597 586 750 577 149 769 0 604 584 416 470 427 608 198 817 710 880 775 301 388 482 413 628 46 76 451 456 672 320 870 606 59 639 745 658 613 240 571 688 906 904 262 293 805 755 336 305 249 303 536 887 206 438 114 1036 263 372 352 800 156 727 770 335 109 744 483 590 484 477 107 992 332 194 620 439 385 427 546 121 796 940 857 88 546 371 410 145 579 916 845 555 360 602 488 89 826 333 259 681 347 231 479
533 163 594 496 717 840 353 381 865 439 285 508 770 937 281 1022 598 359 82 947 61 193 926 662 904 782 571 731 725 168 438 833 638 632 459 604 0 729 234 492 270 494 452 420 534 487 592 587 688 446 192 72 586 575 477 890 121 761 434 1083 570 47 164 173 9 370 535 764 743 934 406 354 844 597 270 341 357 517 316 876 620 223 554 1003 494 266 519 492 662 605 858 276 540 797 149 434 1005 196 511 891 886 765 845 751 219 754 117 484 221 844 473 647 882 679 197 722 708 387 524 52 802 943 1007 685 773 813 559 809 664 418 172
196 770 688 544 405 118 794 556 267 428 675 545 266 412 474 387 805 580 648 529 681 592 248 130 434 339 530 16 40 587 328 166 105 731 485 584 729 0 727 237 775 286 676 586 342 611 365 854 209 282 646 690 538 509 254 357 694 351 650 515 529 727 760 630 733 529 217 111 417 321 433 466 225 335 625 471 548 306 423 314 782 746 670 458 777 510 266 492 454 292 186 549 487 167 590 334 532 535 518 444 535 533 126 196 605 213 612 552 779 399 591 518 241 225 594 538 23 783 524 714 350 278 531 645 286 401 329 100 245 682 746
541 94 379 322 586 845 584 558 789 331 499 333 684 1023 262 940 366 545 221 805 267 369 958 700 1004 875 735 734 710 329 516 864 659 411 613 416 234 727 0 502 54 567 235 606 640 675 708 353 620 472 93 290 412 410 481 789 343 648 635 971 399 279 398 370 243 228 581 793 862 992 310 265 893 703 107 257 208 446 399 946 392 23 342 1088 261 221 471 648 514 697 890 178 385 837 208 515 871 253 346 995 733 600 822 686 125 684 252 308 454 944 658 479 819 607 148 552 710 615 688 181 692 882 874 485 853 689 464 821 586 198 68
41 537 553 393 390 351 598 382 411 254 473 399 343 541 242 563 651 399 411 593 445 367 456 200 535 409 434 240 234 356 146 361 156 600 343 470 492 237 502 0 553 145 498 425 246 471 308 689 249 50 416 456 425 396 22 467 464 383 488 659 411 492 535 405 496 333 101 290 436 493 242 258 392 285 407 259 349 171 196 455 638 519 524 602 599 281 125 365 395 256 387 327 361 335 352 151 625 298 376 534 565 504 353 297 378 307 375 396 561 481 448 436 413 250 362 487 217 595 409 477 409 469 626 551 373 444 229 323 249 495 514
591 112 376 342 613 893 624 609 826 370 544 352 720 1077 315 975 344 595 268 826 310 419 1009 752 1058 929 788 783 757 380 570 915 709 402 667 427 270 775 54 553 0 621 234 656 695 726 762 323 660 524 148 332 428 430 532 821 385 678 684 1000 417 317 435 417 279 263 634 844 917 1044 352 310 945 757 150 303 243 488 453 999 375 49 341 1141 239 273 516 702 538 751 940 226 409 889 261 569 894 308 368 1050 752 616 867 726 178 723 302 328 491 998 709 497 858 646 203 568 759 656 741 220 723 921 897 489 906 717 502 870 625 198 97
152 580 684 523 534 373 509 271 519 382 391 531 469 456 311 660 772 294 420 729 437 326 436 179 436 307 291 280 302 332 56 345 180 732 211 608 494 286 567 145 621 0 612 305 102 340 167 804 377 126 474 440 565 536 160 589 432 520 369 772 550 480 490 363 495 442 72 282 309 440 363 363 350 149 487 360 454 316 179 385 764 580 652 522 709 353 270 227 540 132 370 409 499 306 380 60 755 324 509 429 706 649 411 412 443 425 379 524 502 377 318 580 509 382 419 632 262 497 268 494 542 557 755 692 286 581 374 337 385 603 562
527 329 144 144 413 790 783 698 657 250 679 149 550 1039 322 793 167 693 411 607 468 534 923 693 1034 907 847 687 648 492 574 834 639 179 727 198 452 676 235 498 234 612 0 750 706 818 775 192 513 490 262 493 210 222 476 631 543 489 793 796 203 494 609 547 462 169 597 766 921 981 256 249 879 761 188 253 160 369 487 950 175 255 107 1099 101 287 412 760 332 743 858 231 216 819 364 576 679 380 173 1031 529 392 742 575 250 567 425 131 664 979 797 278 697 496 283 343 665 807 805 400 532 758 683 254 872 516 355 776 472 36 302
447 569 861 712 805 657 233 51 824 585 160 723 767 602 433 966 916 61 389 1018 362 237 681 465 554 455 164 578 606 276 280 605 482 908 104 817 420 586 606 425 656 305 750 0 252 69 267 928 673 382 520 347 780 755 430 890 304 807 64 1076 763 381 315 247 415 595 377 556 380 645 554 526 583 290 574 516 597 571 281 574 923 607 824 666 828 463 537 114 792 323 626 518 715 560 401 274 1051 371 710 534 985 906 711 715 512 726 354 707 292 497 53 815 815 676 478 879 563 208 120 452 834 861 1051 906 471 868 632 620 674 727 566
248 641 783 623 632 405 477 233 595 482 373 630 556 402 394 728 868 261 469 820 474 348 435 215 371 247 196 332 367 366 131 354 242 831 147 710 534 342 640 246 695 102 706 252 0 269 69 897 467 227 546 472 666 638 262 672 452 614 313 849 651 512 498 381 533 536 158 304 222 414 461 456 339 63 569 452 546 417 241 349 862 650 751 469 801 435 372 150 641 77 376 494 601 310 441 130 842 388 610 359 802 750 463 495 519 509 427 622 498 310 249 682 579 474 492 733 320 458 183 544 633 620 842 794 244 674 476 368 479 694 626
488 638 927 777 857 671 259 119 858 647 215 787 808 578 499 995 985 130 458 1064 429 307 681 484 526 438 124 601 634 346 325 611 509 975 129 880 487 611 675 471 726 340 818 69 269 0 265 998 715 432 590 414 842 816 478 929 369 854 70 1112 825 446 372 314 481 661 411 568 353 634 617 591 581 293 643 581 664 624 343 561 990 676 890 639 897 531 588 118 848 331 629 587 776 565 471 319 1094 440 773 503 1035 962 732 753 581 765 424 772 343 472 22 874 845 719 547 936 588 225 96 521 879 889 1094 968 462 915 686 634 720 796 636
304 705 851 690 687 410 499 261 628 549 407 698 599 350 463 753 937 291 531 866 532 403 416 235 312 196 165 353 396 424 201 345 275 899 165 775 592 365 708 308 762 167 775 267 69 265 0 967 514 293 614 527 731 702 325 710 503 663 321 880 716 567 542 432 591 605 212 307 154 379 529 526 317 30 638 522 616 479 309 309 931 717 819 416 870 505 432 153 701 73 364 563 666 300 507 200 883 455 677 298 852 807 480 535 588 550 489 690 537 252 250 744 607 522 560 793 345 474 170 605 678 643 883 858 205 722 536 373 530 764 692
716 435 189 310 540 966 936 878 799 437 842 309 696 1228 510 921 64 870 565 690 617 703 1103 881 1224 1098 1034 867 824 661 766 1017 825 171 913 301 587 854 353 689 323 804 192 928 897 998 967 0 676 682 416 641 337 360 667 756 694 621 967 896 339 633 751 711 597 361 788 950 1113 1166 446 441 1064 953 354 445 351 550 675 1138 108 365 191 1287 100 472 596 947 457 935 1039 414 372 1004 531 767 765 557 336 1223 607 475 909 733 417 722 588 302 808 1170 978 389 845 659 451 430 846 964 991 535 661 903 769 300 1063 633 526 954 634 204 417
226 684 498 371 195 301 845 632 177 290 719 369 94 622 407 333 621 649 606 353 653 601 445 304 641 537 664 226 170 582 393 373 247 537 587 388 688 209 620 249 660 377 513 673 467 715 514 676 0 296 556 669 345 318 248 218 688 150 737 412 339 699 763 637 694 397 309 321 602 528 310 357 435 485 513 367 417 176 434 524 593 642 486 668 610 429 168 605 248 446 391 448 304 377 538 399 378 493 342 649 340 324 233 66 514 66 580 382 796 602 693 315 199 17 514 329 213 844 645 659 165 262 378 441 487 208 160 300 41 527 655
88 500 557 397 425 393 550 338 461 255 423 404 390 557 210 613 648 353 366 635 398 317 491 229 546 418 406 284 282 307 109 396 193 605 307 482 446 282 472 50 524 126 490 382 227 432 293 682 296 0 383 408 439 410 48 515 415 424 445 707 424 444 485 355 450 321 110 325 432 520 238 243 420 275 382 242 335 196 146 475 639 488 526 620 589 251 156 332 422 252 422 302 373 366 310 114 670 255 383 542 603 534 401 346 346 355 329 397 510 489 409 457 464 296 328 513 261 548 376 434 452 519 671 567 387 486 257 363 293 484 479
456 128 402 307 548 763 522 471 729 276 426 319 627 930 173 884 417 460 150 775 206 288 872 612 910 782 644 652 632 247 423 777 572 441 522 413 192 646 93 416 148 474 262 520 546 590 614 416 556 383 0 230 398 390 396 739 281 602 554 927 383 231 346 294 202 187 490 706 769 902 249 199 804 609 77 188 172 380 305 855 434 105 362 995 318 136 398 557 485 604 803 108 358 749 119 421 837 160 325 902 708 582 747 622 42 622 171 294 401 851 572 462 755 544 55 537 628 549 598 142 645 818 840 492 760 649 408 737 525 230 100
496 230 630 518 718 797 294 309 845 442 214 530 755 875 271 1002 646 287 83 949 24 125 876 614 840 719 500 691 690 108 385 784 594 671 389 628 72 690 290 456 332 440 493 347 472 414 527 641 669 408 230 0 605 591 444 877 53 754 362 1072 589 39 118 101 67 388 487 717 677 878 407 358 790 534 305 344 379 504 269 818 665 283 590 941 545 268 500 421 670 545 809 293 554 746 147 380 1003 177 529 826 892 777 809 730 246 735 90 507 171 779 401 662 858 662 217 736 668 324 452 112 794 918 1005 712 713 809 552 765 649 461 235
439 501 153 91 207 643 870 729 463 194 751 79 359 936 359 590 278 732 523 399 582 605 784 590 943 823 840 553 504 568 544 704 531 193 729 46 586 538 412 425 428 565 210 780 666 842 731 337 345 439 398 605 0 29 406 426 647 286 834 585 17 619 722 629 595 217 526 642 860 858 225 261 759 710 324 273 228 257 498 841 248 435 146 989 288 344 307 759 124 682 725 312 66 698 459 548 469 448 76 945 323 188 578 398 367 387 521 104 772 894 819 68 508 327 390 140 534 886 805 539 328 566 473 128 780 307 212 636 303 240 472
409 498 180 88 191 615 851 704 441 170 731 78 336 906 339 573 304 709 510 395 568 585 756 560 913 793 812 524 475 549 516 675 501 222 703 76 575 509 410 396 430 536 222 755 638 816 702 360 318 410 390 591 29 0 377 410 632 268 810 575 21 606 707 611 584 205 496 613 831 829 202 241 729 681 318 254 218 227 474 811 275 434 169 960 306 327 277 732 110 652 696 299 40 669 444 520 464 430 65 915 322 192 551 372 357 362 505 103 756 864 794 71 486 300 378 146 504 866 778 529 311 545 467 156 750 294 183 608 276 248 469
59 518 532 372 379 369 597 386 415 232 470 378 342 563 222 568 629 401 395 587 432 360 476 222 557 431 447 258 247 346 154 382 177 580 352 451 477 254 481 22 532 160 476 430 262 478 325 667 248 48 396 444 406 377 0 467 454 377 493 660 392 479 526 397 481 311 122 311 456 515 220 235 414 304 385 237 326 155 189 477 617 499 503 624 577 260 111 376 380 276 408 306 341 357 336 159 622 282 355 556 556 491 367 300 357 308 361 374 554 503 455 419 420 248 343 472 234 595 420 460 404 477 623 533 396 438 214 342 245 473 494
442 864 567 490 219 390 1064 849 96 462 937 483 125 740 609 164 694 867 810 183 860 817 522 481 774 693 868 372 320 796 609 483 435 593 800 456 890 357 789 467 821 589 631 890 672 929 710 756 218 515 739 877 426 410 467 0 901 143 954 195 430 906 977 853 897 561 518 457 774 626 490 542 552 680 684 554 580 373 653 645 656 812 570 772 715 625 381 815 302 638 492 631 418 506 740 616 175 700 461 788 221 298 292 176 698 163 787 504 1011 748 907 367 146 220 705 333 372 1063 854 856 99 175 174 469 639 125 332 409 230 656 834
503 282 679 561 750 797 242 270 863 477 163 573 777 853 303 1019 698 246 131 980 76 105 868 609 816 698 462 693 697 108 377 777 595 720 356 672 121 694 343 464 385 432 543 304 452 369 503 694 688 415 281 53 647 632 454 901 0 782 314 1096 631 77 77 71 114 431 485 712 649 864 442 394 779 513 355 381 423 529 270 801 716 337 639 919 597 305 520 387 706 528 802 336 594 738 188 372 1032 207 571 800 926 815 816 748 294 753 126 551 124 755 357 702 873 683 264 776 672 271 414 165 820 932 1034 757 696 838 580 763 671 512 288
368 725 432 347 81 424 962 762 180 326 835 340 92 761 483 304 560 777 683 210 736 706 567 454 785 686 810 368 311 681 529 506 398 462 726 320 761 351 648 383 678 520 489 807 614 854 663 621 150 424 602 754 286 268 377 143 782 0 870 325 288 780 859 740 768 420 455 462 753 660 356 408 572 635 543 421 439 253 550 664 524 671 432 803 574 494 274 747 163 596 521 495 275 517 613 535 250 577 318 795 189 194 336 158 561 142 663 361 897 749 831 232 231 141 571 215 358 965 788 724 44 284 252 346 634 61 202 431 134 513 695
511 590 909 764 867 719 189 108 888 640 153 775 831 645 482 1030 959 102 415 1080 380 266 738 527 594 502 193 641 670 307 344 663 545 956 165 870 434 650 635 488 684 369 793 64 313 70 321 967 737 445 554 362 834 810 493 954 314 870 0 1141 817 391 308 267 428 643 441 617 420 696 608 577 638 346 613 567 644 631 337 624 967 634 871 707 867 510 599 168 851 382 684 563 770 618 436 338 1114 412 763 572 1046 965 774 779 550 790 384 758 276 539 74 871 879 739 516 937 627 157 160 472 897 925 1115 959 523 931 692 681 738 769 591
631 1050 709 661 387 513 1257 1038 253 651 1130 652 319 852 803 149 831 1056 1004 213 1055 1012 621 646 896 834 1043 529 484 991 797 608 607 726 983 606 1083 515 971 659 1000 772 796 1076 849 1112 880 896 412 707 927 1072 585 575 660 195 1096 325 1141 0 592 1100 1172 1048 1090 745 700 601 925 729 681 733 675 850 868 745 764 568 847 765 789 995 720 871 869 817 576 996 464 807 609 821 590 640 934 804 141 895 633 914 293 420 418 362 887 352 982 675 1206 880 1090 519 274 415 896 466 535 1255 1032 1048 282 253 137 596 780 283 524 542 425 824 1021
425 488 159 76 211 636 853 712 462 178 734 65 358 925 341 593 282 715 507 409 566 587 776 579 931 811 824 544 496 551 528 695 519 201 713 59 570 529 399 411 417 550 203 763 651 825 716 339 339 424 383 589 17 21 392 430 631 288 817 592 0 603 706 612 579 201 512 633 846 849 208 243 749 696 309 256 212 244 481 830 254 422 147 979 285 327 294 743 128 668 716 296 50 688 442 532 479 431 59 933 334 201 572 394 351 383 504 90 755 882 802 80 507 322 374 154 524 868 789 523 331 566 482 144 768 312 202 628 297 231 458
532 210 634 530 740 835 306 344 876 463 240 542 784 914 297 1033 642 321 98 971 46 164 915 653 880 759 536 728 726 148 424 823 632 673 427 639 47 727 279 492 317 480 494 381 512 446 567 633 699 444 231 39 619 606 479 906 77 780 391 1100 603 0 118 138 38 401 526 755 716 918 429 378 830 574 309 365 390 532 307 858 663 270 594 981 539 288 530 459 689 585 848 306 570 785 167 420 1027 205 543 865 912 795 845 761 254 765 119 518 174 819 434 678 891 692 228 752 705 340 489 97 820 951 1029 721 753 834 577 803 678 460 219
573 326 748 635 827 860 191 291 937 554 156 647 853 893 380 1093 760 263 201 1058 142 168 924 669 852 739 478 758 765 181 438 835 659 788 385 745 164 760 398 535 435 490 609 315 498 372 542 751 763 485 346 118 722 707 526 977 77 859 308 1172 706 118 0 130 155 505 548 772 681 912 519 471 832 556 423 457 496 606 339 847 780 388 708 959 657 381 596 412 783 575 859 410 670 794 263 432 1109 284 646 834 1003 892 883 822 364 828 202 624 56 792 364 778 946 758 335 852 737 228 433 216 897 1004 1111 830 741 915 657 825 747 577 337
443 324 676 547 714 731 240 207 810 448 131 559 728 782 273 965 709 186 149 943 115 37 798 541 745 626 398 628 635 61 309 708 529 720 288 658 173 630 370 405 417 363 547 247 381 314 432 711 637 355 294 101 629 611 397 853 71 740 267 1048 612 138 130 0 169 418 418 644 579 793 414 370 709 441 361 357 413 486 209 729 722 367 637 848 612 285 472 320 676 456 733 326 572 668 183 304 991 181 553 729 893 788 753 695 297 701 123 538 158 684 300 679 818 633 264 751 607 260 350 206 776 874 992 745 624 798 540 696 623 519 323
537 171 604 505 725 843 344 376 871 447 277 517 777 936 287 1028 607 355 87 955 59 190 928 664 903 781 567 734 729 167 439 835 641 641 456 613 9 733 243 496 279 495 462 415 533 481 591 597 694 450 202 67 595 584 481 897 114 768 428 1090 579 38 155 169 0 379 537 766 741 935 414 362 845 596 280 349 366 523 318 876 630 233 564 1003 504 274 525 489 671 605 860 285 549 798 156 435 1013 201 520 889 894 774 849 757 228 760 120 493 211 842 468 656 888 685 206 731 711 378 520 62 809 949 1015 694 773 820 566 811 670 428 181
364 305 266 130 362 647 659 543 562 107 544 142 456 874 161 712 333 541 306 587 365 397 773 531 867 739 682 539 507 358 404 681 480 313 563 240 370 529 228 333 263 442 169 595 536 661 605 361 397 321 187 388 217 205 311 561 431 420 643 745 201 401 505 418 379 0 429 611 751 823 96 79 721 591 123 84 20 229 322 788 332 251 228 936 267 135 264 596 297 573 706 95 171 662 242 406 650 238 141 864 520 396 611 463 152 459 305 120 556 811 640 277 594 383 173 352 516 678 641 324 464 657 653 327 706 464 238 628 361 162 275
91 604 654 495 475 312 578 343 447 355 458 501 400 447 319 588 752 365 457 662 482 381 391 127 437 309 355 213 231 381 111 297 112 702 282 571 535 217 581 101 634 72 597 377 158 411 212 788 309 110 490 487 526 496 122 518 485 455 441 700 512 526 548 418 537 429 0 229 334 412 342 352 314 188 492 351 444 270 219 365 740 596 626 510 697 360 222 297 489 156 323 412 462 263 409 117 686 352 478 434 643 594 343 341 455 354 418 497 564 381 390 534 437 315 435 581 194 568 336 529 474 485 686 651 277 515 325 278 320 592 584
252 826 790 641 516 103 779 535 364 516 667 643 376 300 532 462 903 562 686 635 711 607 165 102 322 235 472 95 151 610 334 71 134 834 452 688 764 111 793 290 844 282 766 556 304 568 307 950 321 325 706 717 642 613 311 457 712 462 617 601 633 755 772 644 766 611 229 0 324 216 516 542 116 277 696 545 629 399 448 203 882 810 769 348 868 571 354 451 564 237 96 617 588 56 635 340 633 578 617 334 645 645 183 306 668 323 647 647 783 291 551 626 328 336 652 649 109 761 475 757 460 351 631 753 181 511 431 66 355 770 804
422 860 988 828 789 418 609 390 683 687 535 834 677 225 615 785 1081 419 685 944 682 551 370 298 174 104 228 401 455 575 351 330 354 1036 295 906 743 417 862 436 917 309 921 380 222 353 154 1113 602 432 769 677 860 831 456 774 649 753 420 925 846 716 681 579 741 751 334 324 0 297 670 672 276 161 791 669 763 604 463 224 1071 872 958 287 1018 657 554 269 815 179 339 715 796 290 662 351 950 610 812 154 942 915 507 608 742 625 642 829 668 119 346 866 651 613 714 907 403 577 261 758 760 674 949 985 150 808 656 385 626 912 847
458 1016 1006 857 722 238 878 641 529 730 785 859 569 125 730 580 1120 670 861 809 877 758 108 293 179 197 514 306 358 770 497 155 342 1050 545 904 934 321 992 493 1044 440 981 645 414 634 379 1166 528 520 902 878 858 829 515 626 864 660 696 729 849 918 912 793 935 823 412 216 297 0 728 750 101 360 900 752 839 615 620 73 1099 1008 986 145 1083 770 569 531 775 337 138 820 804 162 818 500 793 762 833 203 832 849 334 501 866 518 820 863 912 193 622 840 481 545 847 858 324 852 537 935 650 479 790 967 174 701 647 229 566 983 996
271 376 322 163 311 551 652 503 481 34 530 172 378 783 140 634 410 506 331 542 386 385 676 438 778 651 622 443 411 352 332 585 385 370 508 262 406 433 310 242 352 363 256 554 461 617 529 446 310 238 249 407 225 202 220 490 442 356 608 681 208 429 519 414 414 96 342 516 670 728 0 51 626 513 203 65 115 136 273 695 401 332 289 843 357 140 167 539 263 491 610 141 162 566 261 335 599 235 156 776 484 374 517 376 207 374 317 162 564 723 594 267 509 297 214 338 419 664 585 368 398 572 601 351 616 407 158 532 277 254 347
291 326 337 186 362 584 610 474 530 84 490 197 428 798 98 684 412 475 280 593 336 344 705 458 789 661 606 474 447 308 325 612 408 385 488 293 354 466 265 258 310 363 249 526 456 591 526 441 357 243 199 358 261 241 235 542 394 408 577 733 243 378 471 370 362 79 352 542 672 750 51 0 649 512 160 13 91 181 249 713 408 286 301 860 346 90 205 521 312 494 637 91 201 590 211 327 650 189 186 785 534 421 557 423 157 422 268 180 517 733 569 309 557 345 162 382 451 625 566 316 450 619 653 382 629 459 209 563 325 240 298
357 919 906 756 630 163 813 571 456 629 712 758 483 189 631 529 1019 600 769 733 787 673 100 192 222 172 469 209 264 682 406 69 241 950 479 805 844 225 893 392 945 350 879 583 339 581 317 1064 435 420 804 790 759 729 414 552 779 572 638 675 749 830 832 709 845 721 314 116 276 101 626 649 0 292 800 651 738 514 527 93 998 909 885 233 981 671 467 470 680 262 67 720 704 60 723 410 724 667 732 238 750 758 262 414 767 430 728 762 836 205 567 743 413 450 749 764 226 791 484 842 566 422 722 869 126 617 547 143 470 881 898
279 705 833 672 660 381 521 280 598 531 424 679 570 340 454 722 922 310 533 837 537 410 391 204 307 185 196 322 365 429 190 318 245 881 186 755 597 335 703 285 757 149 761 290 63 293 30 953 485 275 609 534 710 681 304 680 513 635 346 850 696 574 556 441 596 591 188 277 161 360 513 512 292 0 630 508 602 457 304 292 914 713 802 407 858 495 409 178 677 42 337 553 645 272 505 189 853 452 658 295 824 782 450 505 581 520 491 673 553 246 276 721 576 494 554 769 315 498 198 607 650 612 853 837 186 694 513 343 502 751 690
444 182 325 232 484 743 595 524 682 224 492 244 577 938 176 833 348 515 223 707 281 349 861 607 923 794 686 633 607 308 440 767 562 365 564 336 270 625 107 407 150 487 188 574 569 643 638 354 513 382 77 305 324 318 385 684 355 543 613 868 309 309 423 361 280 123 492 696 791 900 203 160 800 630 0 153 104 339 333 858 362 129 285 1002 254 134 366 599 417 619 792 79 288 743 178 440 772 203 252 917 639 510 717 579 63 577 238 219 477 865 624 389 712 500 97 463 609 619 642 219 587 775 775 415 768 587 358 721 479 158 153
294 316 346 197 376 590 597 464 541 98 477 208 440 798 85 696 417 465 266 607 323 331 709 460 788 660 598 480 453 295 321 616 412 394 480 305 341 471 257 259 303 360 253 516 452 581 522 445 367 242 188 344 273 254 237 554 381 421 567 745 256 365 457 357 349 84 351 545 669 752 65 13 651 508 153 0 94 191 240 714 415 278 310 860 349 76 213 513 325 491 641 81 215 593 197 322 664 176 198 784 548 434 564 434 146 433 255 191 504 732 560 322 567 356 150 395 456 612 558 303 463 630 666 394 629 472 221 568 337 243 288
