325
0 595 271 533 731 468 551 648 645 555 698 994 843 460 645 603 267 600 226 636 167 710 718 580 432 162 404 687 1069 981 404 219 183 198 385 592 759 329 855 250 215 868 613 587 250 515 193 292 728 473 427 590 249 638 415 639 402 234 996 451 326 734 307 338 213 954 948 548 674 98 453 731 509 509 233 302 418 481 490 281 605 687 491 125 243 562 197 303 196 819 419 277 212 623 530 580 736 251 98 635 344 618 105 655 633 1016 860 249 627 720 1035 801 725 641 371 226 455 838 322 617 979 790 861 699 690 190 698 29 659 695 83 690 672 252 814 788 301 551 404 646 150 465 823 217 652 584 489 686 290 634 191 283 660 826 667 273 820 456 957 508 725 852 614 244 608 544 738 234 812 712 909 34 841 761 584 391 581 672 706 723 493 130 95 796 80 194 768 675 874 782 564 657 821 253 613 1040 579 662 307 504 694 874 782 332 589 792 342 481 750 681 711 631 608 378 855 772 571 625 331 829 359 317 338 824 646 688 544 166 563 564 937 697 522 97 433 935 779 236 346 442 860 713 365 1037 215 852 555 528 587 139 667 175 818 1115 264 494 657 145 126 497 800 424 649 738 653 175 919 864 626 706 338 795 522 395 163 639 389 875 724 1029 146 897 102 817 218 740 817 332 60 125 775 898 568 681 245 731 32 475 529 683 1083 89 473 711 555 890 1005 298 693 520 1000 422 326 602 310 542 693 806 32 471 473 566 219 161 611
595 0 559 445 547 147 348 83 502 405 460 400 336 152 572 233 695 217 461 418 659 693 366 24 492 728 369 625 473 385 608 700 601 571 439 318 594 560 587 457 414 281 424 171 430 311 465 557 139 166 239 13 354 171 398 176 281 456 404 444 492 414 297 551 794 375 357 179 357 672 475 135 385 500 821 398 500 391 318 321 230 170 306 590 809 503 538 694 750 399 368 372 798 251 87 388 320 449 613 576 251 285 697 79 526 425 288 473 348 124 440 317 678 656 450 814 269 280 540 107 384 440 266 198 586 543 316 592 577 602 665 342 121 666 329 365 475 149 193 531 557 138 279 424 313 416 349 248 341 391 469 316 156 256 109 473 233 200 369 229 143 266 269 787 500 501 496 652 259 321 314 618 480 239 193 296 51 215 144 592 105 696 501 281 515 434 660 356 336 593 205 503 261 594 238 444 281 233 294 519 99 280 379 430 249 306 306 241 315 311 289 389 388 296 615 396 182 44 461 318 460 280 452 406 218 294 66 517 559 229 343 496 383 658 535 343 403 606 343 313 265 394 467 451 716 693 296 617 405 556 130 699 265 522 840 159 214 479 684 552 446 436 377 145 603 436 344 273 593 156 278 386 293 639 438 256 255 280 212 449 597 321 537 360 489 648 232 602 538 525 250 351 354 548 787 136 568 398 138 569 488 578 608 150 155 300 423 463 415 123 410 470 308 534 521 579 286 366 624 370 571 527 453 724 474
271 559 0 694 489 487 360 579 404 697 477 948 703 408 388 668 144 659 115 767 438 916 810 537 182 267 548 423 1013 916 133 176 103 75 562 694 509 559 622 440 184 838 752 628 137 343 138 20 661 508 500 560 251 669 572 524 497 116 954 623 530 534 287 563 332 934 909 597 486 255 209 681 302 693 365 161 616 628 606 349 668 581 601 152 320 738 431 135 267 642 234 195 345 692 474 712 573 116 368 821 350 454 297 591 385 977 761 447 733 675 966 842 924 850 148 363 548 838 56 625 909 591 812 583 435 426 529 243 841 877 264 779 588 118 667 857 89 586 415 398 121 423 707 376 479 366 618 737 398 756 382 286 556 816 588 472 791 365 870 378 703 769 692 281 365 295 511 112 814 543 854 256 638 642 636 494 524 543 621 895 459 393 266 667 252 353 507 487 747 535 623 815 818 503 678 979 668 524 296 248 644 805 604 508 663 832 253 561 811 512 773 427 402 266 614 585 619 571 114 693 133 353 524 646 512 758 494 119 758 426 892 842 316 233 641 857 591 64 473 284 811 817 133 1006 199 594 654 257 723 132 671 209 708 1068 360 530 702 177 393 701 600 596 762 701 844 324 817 828 819 706 406 617 623 132 224 706 304 810 746 1008 134 798 335 656 426 478 735 575 241 158 794 907 688 849 279 676 279 626 557 430 1031 347 201 624 592 810 981 98 486 446 914 181 255 349 55 747 759 869 297 611 687 312 403 262 768
533 445 694 0 930 331 705 528 863 52 854 702 780 453 911 242 770 254 581 122 470 256 248 454 745 695 146 966 781 729 807 738 664 654 148 158 974 257 1003 283 512 579 94 288 569 657 556 705 561 298 244 431 452 325 122 610 220 582 697 83 219 832 443 243 737 622 654 267 767 631 745 531 711 68 748 580 140 69 130 351 246 615 141 618 773 58 350 794 729 840 641 527 731 241 465 86 756 589 475 141 390 690 628 522 874 706 708 285 161 515 780 397 250 211 676 741 192 501 713 365 737 869 611 642 941 358 743 552 153 187 615 232 566 747 774 339 649 296 360 883 610 436 717 328 725 773 100 304 297 136 343 427 599 511 554 261 542 514 755 585 472 670 218 777 844 813 896 727 478 752 657 567 914 684 267 215 480 652 586 201 424 550 462 725 482 354 1024 767 773 982 247 124 492 343 244 766 182 665 431 804 512 657 817 201 219 393 515 210 327 734 299 774 764 541 1024 829 271 488 658 762 676 365 195 847 647 268 458 586 114 619 657 164 717 630 155 720 836 703 221 611 610 224 685 708 741 1079 157 882 79 602 393 705 701 802 787 295 303 524 536 129 877 109 161 509 168 381 755 587 152 419 307 825 152 821 472 249 504 652 386 684 636 733 431 805 316 1004 644 291 507 561 421 528 108 154 779 539 502 69 307 926 785 456 846 592 291 690 670 638 819 496 786 723 496 864 691 139 281 363 542 91 163 842 315 694 77
731 547 489 930 0 605 225 493 86 906 89 776 407 478 122 771 608 756 504 943 883 1186 912 525 306 756 803 137 809 714 400 657 591 559 855 844 46 920 136 785 535 722 942 709 484 274 539 469 540 639 686 558 547 718 836 381 713 497 787 893 865 166 520 918 820 814 758 703 197 740 281 582 235 964 853 436 922 863 803 622 768 421 793 631 804 988 823 575 754 283 325 479 834 791 484 901 284 480 812 1071 553 261 781 508 105 812 534 799 880 588 745 853 1180 1134 360 851 738 776 432 654 700 194 667 399 86 822 256 707 1080 1111 746 886 469 590 370 911 431 675 570 92 592 496 464 719 238 162 831 795 680 919 750 547 415 743 479 816 692 416 635 346 647 573 806 761 124 193 68 592 764 260 685 727 213 419 729 721 496 356 481 1111 515 861 680 411 678 708 120 198 467 53 733 1020 759 900 778 773 807 330 531 242 561 626 258 815 781 843 445 727 861 251 837 159 166 410 125 226 714 520 400 410 372 588 838 281 339 840 499 566 1032 322 734 1024 225 718 956 643 225 550 738 331 667 937 367 851 681 149 812 287 917 601 673 697 478 872 844 649 761 591 857 999 197 872 910 619 1098 686 567 704 1081 688 639 267 795 436 602 799 435 634 750 870 618 560 753 330 793 121 553 951 680 606 779 845 867 1064 759 572 725 866 651 78 831 781 334 480 683 606 843 432 138 446 671 311 468 144 436 1038 833 909 761 840 1002 179 757 751 982
468 147 487 331 605 0 383 225 543 302 525 528 473 127 600 189 608 177 376 339 516 587 337 143 468 613 230 655 605 523 564 602 506 481 298 243 650 414 671 310 316 400 337 141 350 336 370 490 286 33 97 136 248 183 261 284 137 373 529 312 346 501 200 405 675 485 481 114 436 553 460 276 399 376 700 333 361 268 201 187 187 300 191 484 695 390 392 616 639 515 348 292 678 212 136 295 429 371 474 470 140 358 573 224 559 548 435 326 282 262 578 356 578 541 411 693 139 371 482 149 524 538 400 325 624 397 413 470 477 507 544 307 260 580 460 372 413 98 72 567 456 108 422 281 393 452 231 250 196 318 325 209 280 357 250 326 352 193 515 259 257 413 218 680 529 511 566 564 345 422 449 494 584 376 151 151 163 327 288 506 93 559 373 418 389 294 705 436 479 656 144 415 353 447 198 578 208 337 193 514 243 422 489 284 190 345 244 122 324 403 287 446 438 252 694 499 134 188 408 455 416 153 306 522 319 276 133 418 440 288 472 421 402 541 397 487 506 523 197 305 398 353 425 568 615 754 208 604 312 453 199 592 410 648 724 47 215 371 546 423 546 300 313 276 497 300 491 397 483 238 135 498 190 589 322 225 208 422 264 560 494 468 400 485 343 688 379 456 414 417 314 435 262 459 680 279 439 273 70 609 617 440 582 294 105 445 536 400 488 165 555 445 234 556 461 454 275 382 495 245 437 539 308 610 377
551 348 360 705 225 383 0 315 160 682 159 658 351 256 224 557 501 543 329 723 688 961 702 324 202 614 578 278 709 610 333 536 449 414 630 625 269 702 319 567 340 574 720 497 302 48 359 345 383 417 461 357 336 513 610 216 488 321 667 667 644 183 301 698 682 672 629 486 127 582 175 418 61 738 715 249 697 638 579 401 555 272 570 474 677 762 613 481 621 282 134 278 694 579 272 678 215 305 620 847 328 104 621 330 179 692 436 582 662 420 652 664 955 908 211 711 514 609 312 451 599 239 530 261 242 613 171 532 856 887 585 675 304 477 314 712 278 460 345 186 432 274 372 503 121 70 606 592 457 700 538 330 254 578 310 598 536 191 547 125 471 458 591 640 152 161 202 472 592 185 561 555 289 309 516 496 297 214 328 889 297 681 485 325 486 495 322 128 402 278 517 798 590 689 565 673 589 188 311 193 388 505 244 592 565 653 230 504 662 154 633 82 62 192 331 227 500 331 248 344 226 365 616 286 185 633 290 398 806 122 607 804 49 562 732 543 233 423 514 114 529 725 226 727 558 374 591 291 694 439 478 562 378 770 716 428 556 406 674 774 249 647 693 451 873 477 486 559 856 501 414 257 573 372 404 588 212 512 559 738 467 471 554 297 580 306 429 735 495 432 595 680 645 841 639 409 539 641 435 227 730 587 302 328 468 498 710 273 142 233 589 190 253 186 304 813 627 714 583 615 778 183 542 609 758
648 83 579 528 493 225 315 0 459 488 404 369 252 188 533 311 719 295 491 497 726 775 434 81 485 770 451 585 435 340 609 731 632 601 521 398 540 639 519 531 453 265 505 250 459 287 501 573 83 248 320 97 400 239 481 111 361 485 375 527 571 348 342 630 838 364 331 262 298 719 464 106 363 583 867 419 582 475 402 384 306 89 390 629 849 586 608 714 790 319 365 403 844 326 118 470 245 475 675 658 307 234 747 15 486 399 215 547 426 105 392 359 760 739 454 861 352 293 552 177 335 367 233 117 542 613 248 642 659 683 713 412 37 691 246 420 491 232 258 490 593 183 197 492 255 379 433 311 411 470 537 365 81 263 25 549 223 214 309 214 156 203 345 824 462 475 437 679 277 251 275 668 405 155 272 376 68 143 63 671 158 756 556 197 568 500 610 296 254 536 286 583 274 669 315 402 362 166 342 501 73 230 303 509 328 349 333 325 372 247 352 340 345 313 550 323 262 39 472 234 466 340 531 326 154 361 105 552 642 193 313 573 357 702 618 288 329 631 422 309 232 464 472 429 749 635 378 599 486 594 183 736 185 489 883 242 282 522 745 636 374 519 454 135 685 499 273 253 676 195 348 308 376 643 487 329 279 233 258 435 633 251 599 278 561 601 168 681 589 566 285 365 436 628 823 99 623 482 222 525 452 639 599 69 237 241 407 480 357 134 352 465 340 500 535 662 351 417 678 453 655 498 524 766 555
645 502 404 863 86 543 160 459 0 841 96 772 420 416 79 717 527 703 418 883 797 1118 862 479 221 672 732 126 813 715 323 575 506 474 780 785 118 840 217 705 451 705 880 657 399 207 453 385 516 577 619 513 466 671 764 350 643 411 782 821 787 182 442 838 736 800 749 647 182 654 196 556 156 893 770 351 846 795 738 544 715 398 729 546 721 919 740 496 671 309 243 396 750 739 431 838 284 394 726 1004 479 225 696 474 35 808 535 719 823 560 751 816 1113 1063 274 767 672 750 348 608 702 228 654 380 83 739 247 621 1014 1046 661 835 441 508 381 868 345 620 502 32 506 435 465 638 214 90 764 749 603 861 668 468 387 718 449 737 671 350 642 285 616 568 751 679 40 110 114 510 736 255 678 641 262 412 676 651 451 334 458 1048 458 775 595 413 592 626 162 183 479 137 677 958 732 817 725 777 749 306 453 161 530 619 277 739 726 806 366 663 818 237 791 120 114 332 211 247 660 481 314 419 286 513 761 309 311 792 448 480 961 273 726 965 147 633 880 645 249 466 664 254 654 885 281 845 598 221 752 221 854 515 632 614 476 876 761 589 714 505 771 926 235 800 854 591 1031 604 575 688 1013 651 565 288 733 360 518 748 361 627 712 861 533 565 668 348 712 146 544 871 595 520 744 820 805 1001 677 546 639 797 595 67 835 696 262 457 628 604 833 346 136 392 680 226 389 72 351 966 785 869 675 772 927 102 676 667 918
555 405 697 52 906 302 682 488 841 0 827 649 737 427 893 192 782 206 583 82 505 289 199 416 735 718 153 948 729 678 805 754 675 662 177 106 951 300 973 306 513 527 58 243 568 634 560 707 516 268 223 391 450 276 140 574 207 583 645 119 253 801 434 285 763 569 602 225 737 653 734 484 692 121 776 575 184 74 103 349 197 575 112 632 797 101 380 804 751 803 627 522 759 190 433 34 721 589 504 171 378 660 654 480 854 653 661 311 109 468 729 345 276 251 669 769 169 449 712 320 686 835 561 603 921 389 710 572 175 205 638 181 525 758 734 289 647 255 339 863 621 409 673 343 694 751 80 252 299 89 364 422 561 459 513 289 491 490 705 559 423 622 167 799 824 798 868 738 425 717 606 589 880 642 221 206 443 616 543 208 394 582 478 683 499 369 1003 737 728 957 203 120 440 382 194 714 133 630 423 792 467 607 781 224 170 340 504 179 275 702 246 748 739 526 996 794 227 448 653 720 670 356 224 810 613 216 424 594 161 590 605 145 697 650 204 671 802 711 224 593 559 178 679 656 758 1055 111 873 33 613 345 723 656 749 814 261 252 533 568 181 843 140 113 461 198 395 707 536 187 369 299 789 113 821 479 198 487 602 334 632 649 685 455 766 342 984 597 335 524 572 369 476 57 160 800 492 523 80 269 906 733 483 840 549 250 641 618 635 790 466 736 713 486 847 690 190 228 313 567 87 215 827 336 716 76
698 460 477 854 89 525 159 404 96 827 0 691 329 401 172 686 608 671 472 861 842 1111 826 438 296 742 732 207 727 631 410 651 575 542 787 761 135 861 161 726 492 633 861 624 447 206 504 459 450 559 610 471 494 631 765 292 640 464 702 821 802 87 460 857 809 726 672 620 107 718 268 492 189 891 842 396 854 788 726 560 683 332 716 609 797 912 771 580 744 213 280 432 822 706 400 820 198 447 772 995 486 174 759 418 132 727 450 741 796 499 664 764 1103 1060 335 839 661 687 422 567 617 132 579 310 156 771 168 676 1003 1033 723 800 380 587 290 822 407 591 496 125 568 418 380 662 149 114 754 708 616 837 697 489 326 654 390 757 603 341 554 269 558 487 721 756 131 196 43 586 675 172 599 698 168 332 644 649 409 267 392 1031 434 828 638 327 638 653 209 108 388 133 649 940 669 848 693 691 724 240 470 247 471 540 182 750 697 754 389 648 773 162 749 80 96 351 172 151 630 431 376 330 349 523 773 213 249 754 414 538 958 238 648 942 175 697 889 560 153 540 670 272 579 851 346 765 675 233 730 317 837 576 584 686 393 790 837 568 674 554 823 929 138 802 827 529 1022 634 487 615 1006 599 570 193 715 449 558 713 370 548 662 783 599 478 709 254 738 205 466 894 644 575 689 755 786 984 755 482 688 791 568 141 749 740 354 390 599 522 756 406 49 363 591 295 411 168 421 966 746 820 729 765 934 195 701 737 903
994 400 948 702 776 528 658 369 772 649 691 0 378 549 852 467 1088 459 858 609 1041 887 484 419 847 1129 697 896 80 73 974 1098 999 968 765 544 818 901 743 826 815 129 632 443 826 642 864 943 287 531 595 405 755 393 717 444 633 852 12 741 835 610 698 889 1195 96 48 480 590 1073 824 269 714 770 1221 788 810 679 612 715 463 386 602 991 1210 746 912 1084 1151 509 732 769 1199 462 478 618 493 844 1002 787 651 558 1097 357 805 36 242 840 545 277 94 323 860 879 822 1215 597 201 921 387 91 595 136 397 847 918 525 992 774 782 1066 485 364 1060 411 405 861 465 589 805 956 538 313 807 560 710 638 397 722 583 851 717 406 191 362 834 176 583 160 579 270 204 485 1187 788 818 709 1047 224 519 97 1018 605 360 458 649 426 445 334 752 505 1087 898 365 914 822 896 589 322 803 482 689 209 956 462 67 523 472 695 852 306 154 522 777 490 322 700 564 390 535 408 654 667 683 784 554 463 379 841 371 834 676 794 514 473 437 460 916 806 545 57 653 706 1059 840 138 557 1000 702 676 137 519 840 75 1115 891 553 949 629 956 339 1099 298 121 1241 513 401 880 1075 830 596 746 557 255 808 828 223 130 812 302 663 518 573 1010 839 452 647 146 317 102 996 222 928 455 862 897 230 943 937 925 280 199 594 726 1187 272 965 688 479 831 89 968 957 332 464 170 81 850 643 502 150 828 705 829 904 839 424 384 1021 665 861 836 831 1125 686
843 336 703 780 407 473 351 252 420 737 329 378 0 400 499 553 847 538 646 740 946 1023 658 331 554 938 702 536 403 311 684 875 781 747 771 643 446 884 365 767 631 355 750 496 614 359 667 691 229 498 569 349 595 474 732 206 610 639 390 779 816 242 540 876 1008 433 369 512 244 896 526 270 413 836 1039 564 833 727 654 608 549 172 642 794 1009 837 839 830 951 130 468 570 1017 565 345 718 139 625 887 906 525 249 930 257 455 414 138 784 667 284 338 544 1005 989 556 1034 604 434 660 419 296 218 293 150 485 842 183 830 905 927 895 642 214 821 39 622 615 483 492 451 754 404 78 720 231 379 685 535 646 711 764 568 195 400 226 789 343 387 229 337 345 187 587 976 444 491 339 814 432 171 296 856 226 96 518 624 309 170 194 912 392 963 758 55 766 723 525 242 59 428 534 827 421 905 556 367 608 182 544 535 274 240 148 755 572 537 501 577 580 198 570 314 334 468 405 181 510 292 588 17 571 563 778 135 197 587 342 715 894 282 345 811 401 877 869 241 182 764 667 421 293 692 573 454 896 513 627 625 734 758 408 893 97 466 1047 494 512 702 953 888 218 770 693 305 933 717 160 336 925 401 584 141 627 723 680 565 453 249 462 477 792 157 813 77 794 528 182 925 783 740 468 490 684 871 975 259 822 734 474 470 425 852 648 188 488 211 452 608 284 336 263 541 517 486 649 915 575 611 874 706 907 503 755 934 802
460 152 408 453 478 127 256 188 416 427 401 549 400 0 473 308 543 294 310 467 547 709 456 130 355 582 335 529 619 526 463 549 450 420 396 370 524 493 551 369 266 432 464 252 279 209 315 406 270 160 209 152 212 280 368 195 241 305 553 423 427 384 153 486 650 527 507 235 318 530 343 280 274 491 678 246 463 387 325 207 306 232 315 442 662 511 438 542 603 416 232 220 655 331 71 422 328 297 492 593 124 240 558 197 432 575 400 385 408 272 580 448 702 660 306 672 260 430 391 225 523 426 413 250 497 442 304 453 602 632 524 427 212 514 379 479 324 211 100 440 407 19 367 320 277 325 352 356 247 445 363 177 206 407 206 393 385 67 497 132 295 392 340 638 403 387 443 501 407 315 458 479 475 310 267 252 123 236 245 633 53 571 369 348 380 323 578 317 421 530 265 542 410 506 316 587 334 237 153 394 242 417 386 369 313 437 154 248 429 292 396 321 312 147 571 390 251 169 312 384 314 162 392 423 219 390 88 367 558 169 492 548 276 514 499 476 398 454 282 183 411 475 322 602 566 628 335 488 438 407 267 551 360 670 695 173 319 334 560 533 435 406 439 296 620 318 459 424 604 300 189 396 317 493 298 342 104 420 345 601 447 437 416 395 394 561 357 532 400 378 391 500 389 585 638 277 435 391 184 482 635 456 472 251 219 430 575 312 367 64 541 333 156 430 371 568 386 486 490 364 542 415 355 579 503
645 572 388 911 122 600 224 533 79 893 172 852 499 473 0 779 496 765 424 939 805 1164 926 548 213 653 775 55 893 795 286 549 491 462 819 843 126 868 256 733 467 783 934 720 410 266 460 367 593 633 669 581 493 738 807 426 691 417 862 864 818 259 478 867 714 879 828 707 262 643 194 632 201 936 747 368 884 842 790 580 777 476 781 537 695 966 760 461 648 385 273 418 729 802 497 892 364 401 733 1052 522 302 685 548 47 887 615 746 881 636 831 887 1161 1106 278 746 723 826 332 675 782 301 733 459 46 758 327 619 1064 1097 651 898 517 480 460 936 344 682 553 47 500 493 545 665 292 155 814 816 639 918 691 501 464 794 525 766 748 406 722 348 690 647 813 650 72 105 177 485 811 335 757 637 329 492 738 696 520 412 536 1101 519 774 607 493 601 650 124 263 558 155 738 1011 807 837 787 857 808 384 489 141 605 699 354 774 786 877 401 717 886 317 857 199 189 371 237 323 722 553 316 499 288 553 796 384 388 857 515 479 1005 344 805 1021 197 621 917 725 325 446 705 299 732 947 281 925 572 207 808 165 908 510 702 593 556 956 734 647 780 513 771 965 306 841 913 667 1078 626 655 766 1059 723 608 365 788 320 533 811 406 706 783 940 522 645 681 426 736 98 623 895 600 521 817 896 860 1053 648 623 644 844 656 46 915 705 216 535 690 684 912 349 215 457 760 225 423 47 339 1007 851 938 674 820 964 79 702 648 969
603 233 668 242 771 189 557 311 717 192 686 467 553 308 779 0 781 15 554 186 605 470 148 250 657 760 237 834 547 489 752 767 675 654 301 90 817 438 819 385 489 341 197 62 531 513 543 673 327 161 177 220 420 83 252 410 201 552 464 274 375 646 381 425 816 395 419 74 587 697 648 293 581 307 836 519 342 211 145 335 4 400 137 645 843 294 472 793 789 630 536 474 816 23 286 167 553 552 581 355 318 512 709 301 736 476 469 397 115 277 542 200 452 441 600 829 150 272 668 134 496 673 370 428 800 480 549 611 352 374 684 119 347 753 553 190 599 97 256 743 623 288 485 389 543 627 170 84 313 159 426 382 389 275 335 385 302 375 513 432 230 430 35 834 708 695 725 736 246 555 416 633 714 461 41 213 280 449 360 360 260 667 511 500 530 410 878 586 540 819 45 273 260 502 10 529 59 467 372 701 279 415 613 322 23 191 432 122 148 544 108 611 607 442 847 630 57 272 596 536 605 317 335 637 451 90 271 588 354 448 419 262 583 688 372 478 637 698 264 491 368 167 613 483 777 919 86 793 182 618 152 749 468 575 867 141 66 533 653 367 680 279 143 268 381 427 515 347 375 177 273 619 106 776 480 37 397 410 150 465 658 493 515 589 424 863 406 480 556 579 194 314 135 318 834 302 571 220 124 784 554 552 771 366 89 448 447 586 644 325 544 634 421 737 646 381 92 205 623 197 395 723 401 757 250
267 695 144 770 608 608 501 719 527 782 608 1088 847 543 496 781 0 774 234 858 424 970 916 673 311 176 629 521 1154 1058 211 61 107 127 628 795 622 593 744 495 292 975 839 747 264 487 238 156 803 626 606 694 361 792 648 668 595 238 1094 693 580 671 408 601 225 1070 1048 713 627 200 340 820 442 758 257 300 672 710 699 448 781 725 697 154 199 807 461 42 160 783 379 323 241 804 611 801 716 245 363 886 468 598 237 731 503 1116 905 498 833 813 1108 964 982 901 291 256 648 970 189 752 1052 728 952 727 543 454 672 239 908 945 216 886 731 28 811 971 233 705 535 516 161 557 852 442 622 501 707 855 486 850 433 400 700 949 730 524 928 505 1014 522 838 913 801 154 487 416 638 44 945 686 995 238 773 786 752 589 662 688 763 968 592 356 310 812 291 416 606 628 892 650 736 894 950 521 791 1121 773 668 415 366 782 947 745 573 773 954 388 666 927 655 888 565 540 406 731 725 735 709 259 837 276 463 584 787 657 871 631 193 817 571 1032 927 456 185 691 1000 731 88 558 428 951 919 275 1145 82 696 755 341 811 169 800 117 852 1209 239 648 821 251 361 755 736 665 859 839 907 389 961 966 880 836 509 758 722 181 305 818 441 952 872 1145 134 943 361 799 471 576 878 599 269 209 921 1038 782 924 152 816 290 705 678 541 1172 356 284 767 711 953 1118 242 622 585 1058 316 387 464 197 800 873 985 279 695 734 428 459 172 847
600 217 659 254 756 177 543 295 703 206 671 459 538 294 765 15 774 0 546 202 606 485 161 235 645 756 242 820 539 478 741 761 668 646 308 105 802 445 804 387 482 331 212 46 522 499 535 664 312 151 173 204 413 70 258 394 200 544 456 283 380 631 372 431 813 389 410 62 572 693 636 278 567 319 834 509 351 221 153 330 12 384 144 639 839 307 474 785 785 614 524 465 813 36 271 181 537 543 581 370 309 497 706 285 722 468 455 399 131 262 531 201 467 456 588 827 151 265 658 118 485 658 358 412 785 482 534 608 367 389 681 133 331 746 538 198 589 83 246 729 616 275 470 388 527 613 179 85 310 175 426 374 373 267 319 388 291 361 500 417 217 416 51 829 693 682 709 729 239 539 405 630 698 445 26 213 264 433 345 376 246 667 508 485 527 408 863 571 525 804 37 289 253 506 22 520 72 451 363 688 264 402 597 326 35 192 421 120 153 528 114 596 592 430 831 614 43 256 585 520 594 310 340 622 436 99 256 581 367 433 409 278 569 684 381 466 621 691 264 478 357 182 602 477 772 904 97 780 197 612 138 744 453 568 864 131 60 527 653 378 664 287 159 255 396 425 501 337 390 165 268 603 114 766 474 48 385 398 143 459 652 479 514 573 426 849 391 486 553 573 189 311 149 334 830 287 568 230 110 769 546 552 760 351 75 436 440 576 629 310 532 622 411 723 636 394 99 211 621 206 406 710 401 753 265
226 461 115 581 504 376 329 491 418 583 472 858 646 310 424 554 234 546 0 652 380 809 695 440 212 291 435 469 926 831 229 240 141 110 454 579 534 464 628 338 69 742 637 517 32 298 36 124 574 396 385 460 135 559 460 453 382 8 863 513 428 512 175 467 361 837 817 484 455 254 230 589 283 583 393 83 510 515 490 234 555 507 486 148 364 627 344 239 305 606 195 89 370 578 379 596 528 24 308 711 237 407 291 502 408 885 687 347 618 582 883 733 815 744 146 388 433 735 133 518 826 569 722 514 468 340 486 204 730 765 255 664 506 205 614 744 82 474 303 421 107 323 639 271 438 358 503 625 284 641 284 172 481 715 504 371 695 278 793 310 604 690 577 334 382 320 511 191 711 500 766 226 619 575 523 379 431 479 539 782 358 357 184 605 177 250 548 456 685 556 509 701 716 420 564 894 553 464 183 285 551 721 568 400 549 722 158 445 698 469 660 408 384 182 628 555 506 478 108 635 136 238 418 610 450 645 398 69 649 364 801 727 297 233 537 776 561 147 360 228 720 702 143 912 258 629 538 329 609 112 566 248 638 979 401 417 591 89 352 595 579 485 646 606 734 222 745 734 710 602 291 581 508 239 120 592 211 724 638 911 145 725 258 610 330 521 654 486 176 103 687 803 572 736 334 586 220 513 446 459 943 280 281 544 481 729 885 76 469 356 837 199 153 379 113 640 646 757 257 497 584 345 302 287 654
636 418 767 122 943 339 723 497 883 82 861 609 740 467 939 186 858 202 652 0 587 288 133 433 793 798 232 994 687 645 870 832 750 736 259 100 989 379 1000 388 583 494 28 247 635 676 631 776 512 306 277 404 518 266 221 593 270 652 603 199 335 827 495 364 844 523 563 242 766 734 789 476 738 184 858 638 262 155 161 418 191 586 167 709 878 144 462 878 832 817 680 586 840 174 461 56 738 656 586 178 436 689 735 488 898 609 650 393 72 460 694 292 266 269 729 851 224 408 779 321 655 857 534 615 964 471 732 652 170 188 719 125 534 833 740 224 712 272 389 907 696 448 670 422 722 792 150 220 372 28 445 486 575 423 521 371 463 533 682 598 408 608 152 879 869 848 901 814 387 739 577 670 899 647 224 273 462 633 547 174 427 664 557 687 577 447 1045 765 724 993 214 87 403 463 184 675 137 650 484 846 465 586 798 306 169 290 561 223 222 726 201 783 777 580 1026 814 236 458 716 722 731 419 306 824 634 173 449 668 201 622 569 81 742 730 277 646 821 784 299 642 533 105 740 607 837 1092 131 931 48 689 334 803 653 702 895 294 232 607 650 242 864 222 52 448 201 472 692 505 202 351 363 804 152 888 553 176 539 580 304 581 726 671 536 775 424 1028 586 413 603 648 331 424 81 131 880 485 604 162 292 949 688 565 901 553 265 622 569 700 821 497 708 771 545 894 757 237 186 249 648 164 279 877 417 797 77
167 659 438 470 883 516 688 726 797 505 842 1041 946 547 805 605 424 606 380 587 0 596 692 649 591 277 374 848 1119 1039 571 369 350 365 328 570 914 221 1002 219 349 911 561 606 398 647 344 458 798 509 447 650 358 659 371 739 411 387 1041 388 251 868 408 234 293 987 993 567 805 228 610 792 653 427 295 446 334 435 469 341 608 779 474 291 337 482 132 463 312 940 561 409 283 621 610 536 854 404 71 542 422 741 202 730 788 1058 942 207 597 779 1095 804 616 526 527 288 455 865 488 654 1040 922 916 796 849 124 819 196 568 602 210 667 755 414 922 774 460 578 467 802 317 546 914 235 777 729 458 689 319 593 191 379 754 859 748 222 864 561 1029 624 771 925 606 358 762 701 883 396 839 833 965 189 973 857 597 396 657 777 787 636 567 87 203 895 204 225 928 805 969 935 574 586 850 131 613 1094 566 772 403 664 758 938 904 288 586 796 463 487 744 803 706 770 748 501 1005 899 587 695 488 930 516 385 282 946 754 679 620 328 467 680 986 632 666 240 336 1003 906 403 343 575 914 679 523 1074 359 1010 538 694 538 305 702 317 906 1158 339 527 667 292 75 398 932 364 612 792 554 229 999 911 527 740 382 917 507 562 284 636 501 938 744 1060 312 977 135 931 180 901 891 205 204 285 793 917 533 601 360 794 161 427 562 840 1130 101 639 793 580 960 1039 455 831 611 1070 579 443 760 474 438 687 795 146 433 366 725 209 279 543
710 693 916 256 1186 587 961 775 1118 289 1111 887 1023 709 1164 470 970 485 809 288 596 0 403 705 989 862 388 1218 962 928 1038 928 869 866 355 380 1231 382 1259 478 742 777 273 527 802 913 779 930 797 554 501 679 690 552 358 863 474 812 880 301 389 1088 689 372 888 796 843 513 1024 802 992 762 965 228 891 821 300 323 386 591 475 864 396 816 930 198 512 1000 897 1092 891 767 878 461 721 305 1010 821 628 117 642 946 788 767 1128 883 938 472 360 747 975 564 35 69 919 884 449 688 943 603 939 1124 821 891 1195 520 998 735 118 104 784 406 813 950 1021 484 884 543 616 1138 818 693 956 539 981 1028 357 507 533 316 538 670 849 707 801 447 750 770 969 842 696 896 438 945 1098 1064 1153 930 670 1006 862 744 1169 929 504 467 732 905 829 139 680 683 661 969 679 563 1278 1023 1010 1239 489 201 685 468 469 954 414 919 677 1052 750 873 1070 408 450 564 764 465 497 990 485 1031 1020 792 1281 1083 513 736 896 1005 917 612 391 1099 902 458 712 801 160 876 851 234 971 806 278 933 1090 914 461 865 820 367 926 876 926 1335 397 1124 289 808 621 886 939 970 935 549 520 740 671 215 1132 326 339 735 90 592 980 790 105 639 556 1078 402 1047 692 463 757 867 591 846 836 959 610 1054 499 1258 874 390 701 769 614 693 339 161 947 772 683 320 558 1181 961 623 1084 835 538 909 839 873 1076 752 994 968 744 1117 922 170 472 507 710 346 236 1093 514 862 220
718 366 810 248 912 337 702 434 862 199 826 484 658 456 926 148 916 161 695 133 692 403 0 387 805 879 320 981 560 525 898 897 809 790 366 125 959 496 952 480 628 375 159 205 673 660 680 815 429 308 310 354 559 196 321 541 322 693 477 315 444 780 524 482 931 395 440 222 724 815 797 388 729 315 948 665 383 259 228 467 150 522 227 774 961 277 562 930 910 750 685 618 928 125 430 164 680 694 682 304 462 651 822 422 882 481 554 489 95 374 571 162 376 396 747 941 268 285 812 260 537 802 423 550 945 571 681 730 290 298 801 30 468 889 665 91 744 244 402 889 755 436 584 500 680 773 234 124 434 112 531 523 516 305 456 471 352 523 571 578 314 507 119 956 854 843 863 871 267 685 461 750 839 572 188 330 416 577 474 271 407 764 631 609 651 524 1022 723 634 959 193 205 283 575 139 551 142 598 515 850 387 478 737 404 147 161 579 250 94 678 88 753 750 590 982 757 205 399 742 642 752 456 410 757 584 73 413 723 334 590 448 169 730 808 403 535 764 836 371 639 422 36 760 477 906 1059 163 941 168 749 253 875 566 571 982 289 152 665 750 374 808 333 86 355 324 546 589 389 330 257 406 742 196 921 611 114 545 471 199 449 789 570 623 704 519 1008 491 533 677 709 212 293 159 242 957 399 685 268 272 929 560 656 919 479 236 516 439 731 782 469 593 783 567 884 790 370 83 115 735 258 410 871 504 877 209
580 24 537 454 525 143 324 81 479 416 438 419 331 130 548 250 673 235 440 433 649 705 387 0 467 709 371 602 491 401 583 679 580 550 440 333 572 558 568 451 395 302 438 188 409 286 445 534 149 167 239 33 336 192 401 159 280 435 423 448 490 395 278 549 776 397 377 192 337 655 450 151 361 507 803 375 502 398 325 309 247 161 314 571 790 512 530 672 731 386 343 351 781 269 63 401 305 427 600 587 236 264 681 81 502 445 294 466 364 142 455 341 691 665 426 797 273 305 517 128 399 423 284 188 563 534 299 576 590 615 648 362 117 644 321 388 452 162 181 508 537 118 278 414 293 392 357 270 332 407 459 299 144 280 106 468 255 176 380 205 167 276 286 768 476 477 476 631 283 305 330 601 465 234 210 295 29 200 144 607 86 683 486 276 499 423 637 336 336 572 219 518 285 588 256 460 296 217 276 494 114 294 365 428 264 330 284 247 338 293 311 366 366 272 596 380 197 46 437 313 436 266 450 393 201 315 42 496 567 205 362 512 358 640 538 356 388 584 340 288 283 413 442 472 696 672 308 592 418 536 155 680 266 541 822 163 236 461 671 558 430 439 394 166 614 424 351 293 603 181 269 372 303 615 421 275 232 295 236 471 577 328 525 350 482 625 241 600 521 506 275 376 366 562 767 150 553 404 147 546 506 565 583 150 168 311 445 440 395 98 422 445 286 509 498 586 307 390 609 376 575 502 445 706 486
432 492 182 745 306 468 202 485 221 735 296 847 554 355 213 657 311 645 212 793 591 989 805 467 0 450 602 256 903 803 130 355 284 252 636 705 329 668 439 536 262 751 783 605 202 205 248 163 562 498 516 497 300 635 631 403 528 206 854 687 624 360 302 669 515 849 813 583 321 433 29 591 141 760 548 169 698 676 634 397 656 462 627 326 501 797 553 285 450 477 124 223 528 681 405 741 417 190 520 883 357 306 475 499 204 878 635 547 745 589 849 802 990 927 71 546 569 770 126 580 794 417 714 457 258 550 373 406 898 932 441 776 483 290 516 835 131 563 406 217 288 375 573 467 323 190 655 711 455 776 489 318 440 743 487 569 708 293 746 270 630 652 687 460 182 113 328 290 750 386 750 424 461 509 619 530 446 411 512 943 408 561 396 527 389 450 337 322 605 354 612 855 751 630 666 867 673 387 313 72 557 696 439 586 659 791 232 571 785 356 751 255 231 215 432 416 601 489 104 547 77 380 607 479 381 743 425 266 828 301 793 873 153 412 728 739 422 245 528 178 713 821 69 912 379 420 666 138 756 297 618 392 577 962 541 516 675 301 558 782 425 662 776 619 908 424 686 737 886 648 437 452 641 169 326 693 259 702 699 919 312 670 470 498 534 309 621 693 387 307 741 842 712 895 458 584 430 676 535 251 923 493 116 514 571 693 891 136 310 368 789 22 249 170 129 825 740 842 461 655 776 134 502 445 811
162 728 267 695 756 613 614 770 672 718 742 1129 938 582 653 760 176 756 291 798 277 862 879 709 450 0 567 684 1201 1109 375 114 167 200 547 753 776 479 889 412 317 1006 776 739 324 588 273 287 853 621 582 724 373 789 578 743 560 299 1132 613 484 794 430 489 69 1096 1085 701 741 64 477 861 561 668 101 374 576 644 652 429 761 795 652 144 83 722 352 219 35 895 481 371 79 781 654 743 818 314 233 793 479 698 75 779 652 1153 974 410 788 852 1162 956 879 792 408 97 614 984 323 762 1106 851 994 804 700 344 777 148 818 853 79 850 789 180 906 947 337 701 544 665 184 591 929 379 727 630 652 841 447 797 353 411 769 969 786 434 958 564 1077 601 864 973 772 83 632 562 777 170 958 791 1040 128 900 865 738 550 706 770 823 882 623 196 248 896 229 354 769 742 976 802 719 819 966 395 769 1170 739 756 433 515 824 1000 856 494 747 946 442 638 907 759 868 687 663 472 881 841 724 752 368 926 393 459 500 899 742 846 670 223 720 656 1071 859 575 72 588 1058 847 206 507 519 992 875 396 1176 95 857 715 508 750 180 812 61 927 1250 112 643 810 248 205 652 861 585 811 873 810 333 1032 1000 782 851 489 870 682 351 291 796 495 1002 874 1171 147 1012 263 901 379 739 937 475 203 204 924 1047 730 842 85 860 194 638 677 696 1216 241 449 828 705 1012 1146 340 748 637 1121 448 432 616 321 696 851 964 153 634 626 579 381 4 773
404 369 548 146 803 230 578 451 732 153 732 697 702 335 775 237 629 242 435 232 374 388 320 371 602 567 0 829 777 710 661 600 522 510 70 196 846 204 886 160 366 568 211 254 423 529 410 559 502 203 133 356 307 304 32 514 95 436 695 89 138 720 301 191 615 631 648 218 653 502 604 481 577 161 630 436 131 81 95 206 240 531 100 478 647 194 243 651 600 744 503 382 611 250 365 176 657 443 361 280 253 576 505 449 740 709 653 168 225 466 764 433 388 331 533 622 103 507 567 319 714 761 586 556 807 251 638 420 296 332 487 294 488 604 690 399 504 240 236 751 468 322 648 190 613 643 86 320 151 230 214 283 510 507 477 152 524 390 719 464 438 624 233 647 710 675 775 585 481 648 635 438 809 605 239 83 392 557 513 347 319 443 325 647 345 215 891 653 705 857 215 267 494 265 244 756 193 565 289 663 455 622 717 86 216 425 375 136 370 627 333 652 639 403 904 724 234 413 513 685 532 223 98 751 546 305 363 442 229 505 645 298 584 498 167 687 732 558 75 478 585 311 541 719 605 951 164 738 184 460 361 570 635 809 665 210 302 380 429 197 770 70 245 469 306 241 706 571 284 396 167 726 134 675 327 264 370 619 385 701 496 683 306 715 199 870 593 246 371 419 431 551 164 300 648 487 372 77 236 793 785 337 701 520 238 650 683 492 701 389 755 580 355 728 545 234 314 421 418 67 207 704 186 565 219
687 625 423 966 137 655 278 585 126 948 207 896 536 529 55 834 521 820 469 994 848 1218 981 602 256 684 829 0 934 837 310 576 526 498 872 899 120 918 257 784 515 831 990 775 457 321 505 402 643 688 724 635 544 792 861 477 745 462 906 918 870 293 531 918 743 926 874 763 305 678 241 682 256 990 776 418 937 897 845 633 832 525 836 574 721 1021 808 484 676 416 327 469 758 857 551 948 404 447 776 1107 576 352 720 600 99 932 657 797 937 686 871 940 1215 1160 324 774 778 876 368 729 824 329 780 506 51 805 370 660 1119 1151 688 953 567 508 498 990 388 737 608 95 539 548 586 716 339 209 869 870 692 973 741 554 513 844 575 817 797 462 762 403 742 691 868 675 126 156 202 514 862 377 802 677 350 536 793 751 574 460 584 1156 574 814 653 534 646 700 84 307 595 150 793 1066 858 885 842 898 863 432 543 183 656 743 389 827 841 930 455 773 940 361 912 247 240 425 230 357 777 606 361 537 333 606 849 415 437 912 569 521 1059 397 851 1076 252 657 970 767 357 478 759 354 779 1002 326 969 600 174 863 180 963 549 756 623 599 997 760 702 835 558 812 1019 333 895 968 717 1133 676 694 814 1113 776 662 398 843 341 581 866 461 751 836 986 558 685 727 461 786 55 668 945 644 563 869 947 915 1108 673 673 687 898 711 65 956 749 237 584 745 727 958 393 254 511 799 271 476 101 377 1060 906 992 715 874 1017 127 752 679 1025
1069 473 1013 781 809 605 709 435 813 729 727 80 403 619 893 547 1154 539 926 687 1119 962 560 491 903 1201 777 934 0 99 1032 1166 1067 1036 846 623 849 981 763 905 885 209 710 523 894 697 934 1007 352 609 674 479 828 473 797 499 713 920 83 821 915 643 770 969 1267 165 128 560 631 1146 879 339 767 849 1294 854 890 759 692 791 543 440 683 1062 1281 824 991 1148 1222 532 791 838 1272 542 548 697 529 911 1079 863 725 606 1171 424 847 79 277 919 624 349 67 397 934 955 883 1288 677 280 983 466 110 621 207 447 883 997 565 1066 850 857 1139 562 425 1126 439 478 924 544 664 845 1026 609 347 885 604 756 718 476 800 660 929 790 463 272 424 913 255 649 174 639 348 250 564 1258 831 866 741 1114 303 557 160 1092 625 403 538 728 495 494 393 826 578 1164 974 400 988 899 928 629 343 831 562 765 288 1035 542 36 603 520 768 903 377 208 551 857 570 398 768 643 466 577 486 697 712 748 804 584 543 449 904 399 895 752 874 536 524 515 530 986 885 601 133 728 758 1131 920 167 585 1066 782 736 208 595 900 99 1184 915 633 999 708 1027 419 1170 336 63 1314 592 481 952 1152 910 621 826 634 330 884 905 242 208 889 382 740 544 653 1068 912 532 714 203 397 135 1066 248 1005 481 941 930 281 1023 1011 997 359 269 673 801 1257 341 1040 768 557 868 22 1045 1011 390 543 211 129 914 680 569 144 885 774 873 967 917 502 456 1096 745 941 883 909 1197 764
981 385 916 729 714 523 610 340 715 678 631 73 311 526 795 489 1058 478 831 645 1039 928 525 401 803 1109 710 837 99 0 933 1071 973 941 780 571 755 913 675 829 793 151 666 456 799 598 841 909 257 531 598 392 737 409 732 400 639 825 86 761 846 548 679 901 1176 160 93 491 533 1056 779 250 668 796 1204 758 828 700 629 706 485 341 620 969 1189 777 913 1051 1130 442 693 743 1182 487 455 647 432 815 996 823 637 507 1082 330 749 107 180 843 577 261 55 368 902 915 784 1198 607 240 885 392 17 529 124 348 787 919 467 977 813 824 1050 523 327 1030 345 454 827 472 578 747 933 518 251 804 505 657 657 427 720 617 848 700 364 221 328 839 187 553 87 541 272 151 511 1164 733 767 646 1018 258 460 74 1003 536 304 473 655 403 395 295 796 488 1080 886 303 900 817 833 531 253 738 497 728 242 962 485 63 547 421 677 803 286 110 457 786 512 366 673 574 431 479 444 598 614 652 715 490 476 357 806 305 797 665 804 446 424 472 439 892 837 502 78 695 659 1040 860 70 492 970 707 638 125 562 802 147 1089 824 575 900 660 934 348 1077 238 160 1222 515 425 861 1068 856 529 764 592 247 846 821 152 142 848 315 658 452 592 969 822 479 619 107 343 176 973 154 922 389 864 835 182 956 923 905 314 257 621 767 1164 250 953 708 481 771 120 962 911 292 472 111 155 817 583 474 78 786 680 774 870 868 458 434 1009 684 885 784 830 1105 721
