77
0 879 699 334 322 394 668 1074 1121 720 551 477 951 868 348 566 570 1088 1096 546 621 670 229 209 685 983 577 510 767 221 518 895 1009 594 795 294 302 563 874 393 1093 846 475 486 852 1032 506 856 634 795 866 816 1250 505 968 580 575 415 1214 331 1120 884 1289 717 914 112 935 716 866 1330 418 1062 850 759 1031 1216 825
879 0 541 582 577 491 495 493 270 382 504 436 296 421 627 542 474 252 262 507 259 722 688 671 511 199 594 385 265 663 362 182 158 289 313 612 724 395 356 552 390 307 550 523 293 468 521 453 294 429 505 294 450 473 363 337 469 530 374 586 457 546 442 535 473 777 296 524 721 480 505 376 339 294 152 338 411
699 541 0 603 415 411 804 1003 634 159 727 561 807 217 684 773 712 789 799 165 419 981 473 541 828 738 826 515 278 577 411 693 696 393 738 427 753 617 818 633 925 764 710 225 292 970 706 189 573 150 926 736 988 235 866 305 712 310 902 606 987 187 959 866 925 652 801 24 1082 993 592 906 256 696 659 817 833
334 582 603 0 215 192 348 742 843 549 230 150 618 699 81 257 243 767 774 440 340 425 260 168 369 658 288 197 546 123 251 568 694 325 461 228 160 229 540 64 759 511 164 386 639 700 186 701 308 639 544 482 919 367 634 356 248 303 890 4 786 760 965 406 586 221 602 610 588 1006 85 728 653 425 727 907 494
322 577 415 215 0 91 525 869 805 404 415 263 710 555 293 452 416 807 816 250 320 637 110 129 549 711 493 261 444 161 220 629 720 288 573 34 344 356 661 266 852 619 365 190 530 828 377 548 386 486 705 587 986 192 743 259 419 105 934 216 893 590 1007 588 733 246 696 427 788 1047 247 824 530 530 730 916 635
394 491 411 192 91 0 455 782 726 365 351 188 619 517 273 393 347 717 726 248 232 590 200 186 479 620 440 175 383 196 130 538 631 202 485 125 346 276 573 225 761 530 314 198 473 741 319 515 297 453 626 498 895 175 654 190 350 121 844 195 803 570 917 519 650 302 606 418 725 958 192 733 480 442 643 829 552
668 495 804 348 525 455 0 420 757 688 118 266 359 808 319 105 109 566 570 669 395 226 600 516 24 456 125 294 622 472 395 375 528 414 210 551 387 188 250 284 479 252 192 636 703 379 163 826 244 774 198 238 662 595 344 499 105 573 667 350 483 908 739 64 250 557 342 801 278 779 282 447 737 208 592 738 177
1074 493 1003 742 869 782 420 0 642 851 527 616 199 913 731 525 505 350 346 920 606 561 966 899 409 307 538 607 743 864 671 315 392 640 296 901 806 521 208 681 147 253 604 911 785 42 571 943 486 913 236 284 313 861 137 726 499 878 375 744 94 1036 425 391 172 962 203 991 421 454 661 137 831 340 470 510 249
1121 270 634 843 805 726 757 642 0 491 774 702 479 438 893 810 744 296 302 667 506 983 912 912 770 348 861 647 388 912 606 396 258 529 558 837 991 665 575 818 502 536 820 703 342 633 791 474 565 487 730 534 451 659 544 546 739 736 345 847 572 552 374 789 683 1025 488 611 956 396 770 505 378 549 178 208 645
720 382 159 549 404 365 688 851 491 0 626 471 653 152 626 673 607 630 640 189 292 883 491 533 711 579 729 417 119 557 317 538 536 274 596 427 708 508 672 563 767 618 625 240 154 819 614 152 447 91 790 592 829 215 714 200 606 305 744 552 831 222 803 748 783 651 648 142 962 837 517 749 134 557 501 664 695
551 504 727 230 415 351 118 527 774 626 0 168 437 759 204 46 31 623 629 581 344 256 484 398 139 511 102 211 578 353 315 422 570 353 275 438 280 122 339 165 568 325 76 542 666 485 45 772 215 716 316 302 744 505 435 428 36 472 735 231 583 849 810 176 363 440 419 727 374 850 167 536 694 254 624 786 278
477 436 561 150 263 188 266 616 702 471 168 0 476 612 191 213 160 617 625 412 212 420 351 285 291 509 265 58 440 256 154 419 544 209 324 291 288 94 409 116 618 373 153 373 532 574 145 620 159 562 442 343 773 337 498 270 162 307 740 153 650 692 816 331 472 365 460 562 539 857 69 588 554 285 578 758 375
951 296 807 618 710 619 359 199 479 653 437 476 0 715 626 451 408 220 222 732 421 561 813 760 361 131 484 453 544 732 498 116 221 457 161 744 714 388 115 564 142 111 509 728 587 172 474 744 325 714 260 136 307 677 68 539 402 704 308 621 187 837 380 363 206 839 17 794 488 419 533 113 632 193 300 398 195
868 421 217 699 555 517 808 913 438 152 759 612 715 0 775 806 738 643 653 325 416 1014 638 684 831 618 862 556 187 709 460 598 556 406 689 577 859 638 755 710 810 701 765 383 128 886 751 36 564 74 888 679 838 364 780 345 736 454 742 703 878 125 791 865 871 802 713 193 1076 820 662 797 82 654 502 636 791
348 627 684 81 293 273 319 731 893 626 204 191 626 775 0 217 225 793 800 521 399 357 323 224 337 681 235 247 616 172 320 591 726 389 465 303 97 246 538 74 764 516 127 467 709 689 159 778 339 716 518 490 933 448 633 430 231 384 912 78 783 839 988 369 567 239 610 691 533 1029 123 732 725 435 766 942 482
566 542 773 257 452 393 105 525 810 673 46 213 451 806 217 0 70 647 652 626 390 209 516 425 120 535 56 258 624 378 362 448 599 400 293 474 281 168 347 193 578 340 94 585 711 484 75 819 257 763 302 321 758 550 443 475 73 515 755 258 586 895 829 151 356 457 434 773 335 869 205 546 740 278 656 814 280
570 474 712 243 416 347 109 505 744 607 31 160 408 738 225 70 0 593 599 570 321 276 491 409 133 480 126 196 555 366 300 392 539 333 247 441 307 99 313 179 541 296 101 533 641 463 67 751 187 696 301 273 716 495 409 411 6 467 706 244 558 829 780 172 344 458 391 711 378 821 172 510 671 224 593 755 256
1088 252 789 767 807 717 566 350 296 630 623 617 220 643 793 647 593 0 9 759 488 778 917 884 571 112 687 577 511 867 586 202 94 522 355 842 886 546 334 722 206 315 688 773 518 346 654 678 458 665 480 328 199 722 272 583 587 773 127 770 276 768 201 578 422 979 234 770 707 241 683 212 565 369 143 177 413
1096 262 799 774 816 726 570 346 302 640 629 625 222 653 800 652 599 9 0 769 497 781 926 892 575 118 692 586 521 875 595 208 104 532 360 851 893 553 336 730 201 319 695 783 528 343 661 687 465 675 481 332 189 731 272 593 593 782 118 778 271 778 192 582 422 987 237 780 708 233 690 209 574 375 152 176 415
546 507 165 440 250 248 669 920 667 189 581 412 732 325 521 626 570 759 769 0 315 831 317 377 694 687 677 375 279 412 275 626 665 281 636 264 587 481 722 473 863 670 556 61 340 884 556 311 455 251 812 640 955 76 784 194 571 145 881 443 918 341 947 733 820 490 723 177 947 984 436 840 323 592 647 823 724
621 259 419 340 320 232 395 606 506 292 344 212 421 416 399 390 321 488 497 315 0 598 430 411 419 397 446 153 234 407 102 323 400 35 322 355 494 222 407 325 557 355 358 307 323 569 339 431 155 378 506 325 672 255 470 121 319 288 615 344 608 512 687 455 509 520 411 413 670 727 276 532 350 279 411 597 414
670 722 981 425 637 590 226 561 983 883 256 420 561 1014 357 209 276 778 781 831 598 0 680 581 213 672 155 467 831 529 571 596 749 609 429 653 369 376 446 370 658 463 275 787 916 527 275 1028 457 972 327 456 847 755 529 685 278 711 868 424 644 1105 937 199 395 576 545 982 205 974 398 629 947 433 816 953 366
229 688 473 260 110 200 600 966 912 491 484 351 813 638 323 516 491 917 926 317 430 680 0 101 623 819 549 360 544 154 330 737 830 399 671 76 344 445 757 322 956 718 423 256 627 924 442 626 488 565 789 687 1094 276 843 366 495 187 1044 260 994 656 1117 661 823 184 799 489 848 1157 318 927 622 629 840 1026 726
209 671 541 168 129 186 516 899 912 533 398 285 760 684 224 425 409 884 892 377 411 581 101 0 537 781 454 309 566 53 309 694 802 385 609 114 243 378 693 233 903 659 332 316 654 857 354 677 436 615 709 628 1051 321 783 375 413 233 1010 167 935 718 1085 574 748 118 745 554 754 1126 239 872 656 570 822 1007 654
685 511 828 369 549 479 24 409 770 711 139 291 361 831 337 120 133 571 575 694 419 213 623 537 0 463 130 319 644 493 419 384 537 438 218 574 401 212 248 305 475 256 210 660 724 369 183 848 266 797 182 245 660 619 341 523 129 598 669 371 476 931 741 39 238 576 344 825 253 780 305 444 758 220 603 745 173
983 199 738 658 711 620 456 307 348 579 511 509 131 618 681 535 480 112 118 687 397 672 819 781 463 0 576 472 463 761 490 90 89 432 245 745 775 435 235 612 191 208 576 694 490 291 542 650 349 628 388 218 275 643 196 502 474 685 231 661 260 743 307 472 337 873 141 721 616 348 573 180 537 257 169 282 311
577 594 826 288 493 440 125 538 861 729 102 265 484 862 235 56 126 687 692 677 446 155 549 454 130 576 0 312 680 404 416 491 644 456 331 513 281 224 375 228 604 375 127 634 768 498 121 875 312 818 307 359 788 601 469 530 129 561 791 288 606 951 864 149 366 472 467 827 300 903 248 572 797 321 703 857 302
510 385 515 197 261 175 294 607 647 417 211 58 453 556 247 258 196 577 586 375 153 467 360 309 319 472 312 0 382 289 104 385 500 151 311 294 344 106 399 173 596 358 209 342 474 566 196 566 127 508 452 326 742 300 483 217 197 285 703 200 633 639 778 358 475 401 438 515 572 819 123 566 496 268 530 712 376
767 265 278 546 444 383 622 743 388 119 578 440 544 187 616 624 555 511 521 279 234 831 544 566 644 463 680 382 0 579 295 427 418 230 503 473 706 456 574 546 653 519 590 316 93 713 573 209 378 170 702 496 710 276 607 193 553 359 625 550 717 299 685 678 688 684 540 260 888 719 497 636 116 467 383 550 605
221 663 577 123 161 196 472 864 912 557 353 256 732 709 172 378 366 867 875 412 407 529 154 53 493 761 404 289 579 0 306 673 788 383 578 155 192 345 660 188 874 628 284 352 670 822 309 704 413 642 668 598 1028 350 752 386 372 267 992 122 904 750 1067 528 709 113 716 589 704 1108 202 844 676 540 813 997 616
518 362 411 251 220 130 395 671 606 317 315 154 498 460 320 362 300 586 595 275 102 571 330 309 419 490 416 104 295 306 0 411 500 77 376 255 411 207 465 251 639 417 308 248 388 631 298 467 187 408 540 386 766 203 539 116 300 207 713 255 685 538 786 458 554 419 486 411 673 827 203 611 406 332 514 700 456
895 182 693 568 629 538 375 315 396 538 422 419 116 598 591 448 392 202 208 626 323 596 737 694 384 90 491 385 427 673 411 0 153 359 166 664 684 344 181 522 236 139 486 627 471 288 453 628 260 597 336 140 357 576 182 436 386 611 321 571 294 720 397 398 296 784 114 679 560 438 483 214 516 170 222 365 248
1009 158 696 694 720 631 528 392 258 536 570 544 221 556 726 599 539 94 104 665 400 749 830 802 537 89 644 500 418 788 500 153 0 433 319 755 822 481 322 654 263 288 630 680 430 378 597 590 387 575 476 292 293 629 286 491 534 682 218 697 334 682 288 551 426 902 230 677 703 327 611 258 477 322 80 217 395
594 289 393 325 288 202 414 640 529 274 353 209 457 406 389 400 333 522 532 281 35 609 399 385 438 432 456 151 230 383 77 359 433 0 354 323 483 234 440 318 593 389 360 272 323 603 345 418 179 363 535 358 708 220 504 90 332 253 649 329 644 496 721 475 540 496 446 388 691 761 268 568 345 311 442 628 444
795 313 738 461 573 485 210 296 558 596 275 324 161 689 465 293 247 355 360 636 322 429 671 609 218 245 331 311 503 578 376 166 319 354 0 605 552 232 88 404 299 51 347 621 568 256 313 713 189 671 199 27 469 572 174 444 240 583 461 463 326 803 535 232 187 682 144 729 408 575 376 267 609 44 387 527 102
294 612 427 228 34 125 551 901 837 427 438 291 744 577 303 474 441 842 851 264 355 653 76 114 574 745 513 294 473 155 255 664 755 323 605 0 345 386 693 285 886 652 385 203 557 860 399 568 419 506 733 620 1020 212 776 291 445 123 969 230 926 605 1042 613 763 226 730 441 809 1082 270 857 555 563 764 950 666
302 724 753 160 344 346 387 806 991 708 280 288 714 859 97 281 307 886 893 587 494 369 344 243 401 775 281 344 706 192 411 684 822 483 552 345 0 341 620 172 848 603 205 530 799 764 240 860 436 797 583 578 1021 518 716 517 313 445 1005 156 863 916 1080 428 637 208 697 762 563 1121 220 817 813 525 863 1038 558
563 395 617 229 356 276 188 521 665 508 122 94 388 638 246 168 99 546 553 481 222 376 445 378 212 435 224 106 456 345 207 344 481 234 232 386 341 0 315 177 530 283 155 449 543 479 127 652 100 597 349 253 691 407 406 314 98 390 666 232 558 730 741 252 377 450 372 615 466 783 144 499 572 195 525 698 280
874 356 818 540 661 573 250 208 575 672 339 409 115 755 538 347 313 334 336 722 407 446 757 693 248 235 375 399 574 660 465 181 322 440 88 693 620 315 0 481 230 54 414 709 631 167 380 781 278 743 154 81 412 659 96 529 307 672 422 543 245 873 493 248 117 761 99 808 381 531 458 198 674 132 398 511 79
393 552 633 64 266 225 284 681 818 563 165 116 564 710 74 193 179 722 730 473 325 370 322 233 305 612 228 173 546 188 251 522 654 318 404 285 172 177 481 0 703 455 101 424 639 639 121 715 267 654 479 427 868 398 576 364 184 344 844 65 727 780 919 341 523 280 547 637 526 960 49 672 658 371 692 870 432
1093 390 925 759 852 761 479 147 502 767 568 618 142 810 764 578 541 206 201 863 557 658 956 903 475 191 604 596 653 874 639 236 263 593 299 886 848 530 230 703 0 247 643 863 682 154 608 842 468 819 333 276 188 811 134 672 535 843 230 762 71 935 287 469 266 980 158 909 546 321 674 31 728 334 337 362 302
846 307 764 511 619 530 252 253 536 618 325 373 111 701 516 340 296 315 319 670 355 463 718 659 256 208 375 358 519 628 417 139 288 389 51 652 603 283 54 455 247 0 397 659 578 214 363 727 233 689 199 31 419 609 125 477 290 625 415 514 276 818 488 264 170 733 94 754 420 528 427 216 621 89 361 490 108
475 550 710 164 365 314 192 604 820 625 76 153 509 765 127 94 101 688 695 556 358 275 423 332 210 576 127 209 590 284 308 486 630 360 347 385 205 155 414 101 643 397 0 511 681 562 34 774 255 716 390 373 817 480 511 424 107 436 804 164 659 846 878 244 439 365 492 713 425 919 122 611 705 322 678 847 355
486 523 225 386 190 198 636 911 703 240 542 373 728 383 467 585 533 773 783 61 307 787 256 316 660 694 634 342 316 352 248 627 680 272 621 203 530 449 709 424 863 659 511 0 387 873 513 370 435 309 788 628 966 51 776 192 535 85 898 389 916 402 965 700 802 429 718 237 912 1003 389 839 374 577 668 849 704
852 293 292 639 530 473 703 785 342 154 666 532 587 128 709 711 641 518 528 340 323 916 627 654 724 490 768 474 93 670 388 471 430 323 568 557 799 543 631 639 682 578 681 387 0 759 663 160 460 150 768 557 715 353 653 285 639 440 622 643 750 253 674 756 748 773 585 270 963 706 590 669 46 536 380 526 671
1032 468 970 700 828 741 379 42 633 819 485 574 172 886 689 484 463 346 343 884 569 527 924 857 369 291 498 566 713 822 631 288 378 603 256 860 764 479 167 639 154 214 562 873 759 0 529 915 445 883 200 245 333 823 106 690 457 839 385 702 118 1008 440 352 133 920 173 958 396 472 619 136 804 300 458 513 207
506 521 706 186 377 319 163 571 791 614 45 145 474 751 159 75 67 654 661 556 339 275 442 354 183 542 121 196 573 309 298 453 597 345 313 399 240 127 380 121 608 363 34 513 663 529 0 762 227 704 361 338 782 480 476 413 73 441 769 187 625 835 844 219 408 395 457 707 410 885 129 577 689 287 647 814 322
856 453 189 701 548 515 826 943 474 152 772 620 744 36 778 819 751 678 687 311 431 1028 626 677 848 650 875 566 209 704 467 628 590 418 713 568 860 652 781 715 842 727 774 370 160 915 762 0 582 62 911 704 873 356 809 351 750 445 778 704 910 92 827 883 897 794 742 165 1096 856 668 829 113 677 538 672 814
634 294 573 308 386 297 244 486 565 447 215 159 325 564 339 257 187 458 465 455 155 457 488 436 266 349 312 127 378 413 187 260 387 179 189 419 436 100 278 267 468 233 255 435 460 445 227 582 0 531 356 201 615 387 357 269 183 393 581 312 507 666 656 301 366 524 311 567 515 698 225 439 493 145 427 603 269
795 429 150 639 486 453 774 913 487 91 716 562 714 74 716 763 696 665 675 251 378 972 565 615 797 628 818 508 170 642 408 597 575 363 671 506 797 597 743 654 819 689 716 309 150 883 704 62 531 0 868 664 863 294 777 292 695 383 772 642 885 134 825 833 857 732 710 126 1046 856 608 804 108 633 529 676 772
866 505 926 544 705 626 198 236 730 790 316 442 260 888 518 302 301 480 481 812 506 327 789 709 182 388 307 452 702 668 540 336 476 535 199 733 583 349 154 479 333 199 390 788 768 200 361 911 356 868 0 212 521 742 211 625 296 737 553 545 316 1000 618 158 67 756 247 919 228 653 471 305 809 234 553 657 97
816 294 736 482 587 498 238 284 534 592 302 343 136 679 490 321 273 328 332 640 325 456 687 628 245 218 359 326 496 598 386 140 292 358 27 620 578 253 81 427 276 31 373 628 557 245 338 704 201 664 212 0 443 578 156 447 267 593 434 485 307 795 508 258 192 704 119 726 427 548 398 245 599 58 362 500 117
1250 450 988 919 986 895 662 313 451 829 744 773 307 838 933 758 716 199 189 955 672 847 1094 1051 660 275 788 742 710 1028 766 357 293 708 469 1020 1021 691 412 868 188 419 817 966 715 333 782 873 615 863 521 443 0 915 320 775 710 961 106 922 219 962 118 656 454 1138 325 969 730 141 834 218 761 497 335 257 488
505 473 235 367 192 175 595 861 659 215 505 337 677 364 448 550 495 722 731 76 255 755 276 321 619 643 601 300 276 350 203 576 629 220 572 212 518 407 659 398 811 609 480 51 353 823 480 356 387 294 742 578 915 0 725 140 496 89 847 370 864 400 915 659 754 437 667 243 872 953 360 787 346 528 619 800 656
968 363 866 634 743 654 344 137 544 714 435 498 68 780 633 443 409 272 272 784 470 529 843 783 341 196 469 483 607 752 539 182 286 504 174 776 716 406 96 576 134 125 511 776 653 106 476 809 357 777 211 156 320 725 0 590 403 746 342 636 152 902 408 336 150 855 67 853 436 445 550 103 698 214 366 448 167
580 337 305 356 259 190 499 726 546 200 428 270 539 345 430 475 411 583 593 194 121 685 366 375 523 502 530 217 193 386 116 436 491 90 444 291 517 314 529 364 672 477 424 192 285 690 413 351 269 292 625 447 775 140 590 0 410 194 709 360 726 422 778 561 629 492 529 302 776 817 317 648 296 400 486 670 534
575 469 712 248 419 350 105 499 739 606 36 162 402 736 231 73 6 587 593 571 319 278 495 413 129 474 129 197 553 372 300 386 534 332 240 445 313 98 307 184 535 290 107 535 639 457 73 750 183 695 296 267 710 496 403 410 0 470 699 249 552 828 774 169 338 463 385 711 377 815 176 503 669 218 587 750 250
415 530 310 303 105 121 573 878 736 305 472 307 704 454 384 515 467 773 782 145 288 711 187 233 598 685 561 285 359 267 207 611 682 253 583 123 445 390 672 344 843 625 436 85 440 839 441 445 393 383 737 593 961 89 746 194 470 0 900 305 891 484 970 638 757 349 692 322 846 1009 313 817 435 539 681 865 658
1214 374 902 890 934 844 667 375 345 744 735 740 308 742 912 755 706 127 118 881 615 868 1044 1010 669 231 791 703 625 992 713 321 218 649 461 969 1005 666 422 844 230 415 804 898 622 385 769 778 581 772 553 434 106 847 342 709 699 900 0 893 284 866 75 671 489 1104 325 882 773 116 805 252 667 481 243 153 502
331 586 606 4 216 195 350 744 847 552 231 153 621 703 78 258 244 770 778 443 344 424 260 167 371 661 288 200 550 122 255 571 697 329 463 230 156 232 543 65 762 514 164 389 643 702 187 704 312 642 545 485 922 370 636 360 249 305 893 0 788 763 969 407 588 218 605 613 588 1010 88 731 657 428 730 911 496
1120 457 987 786 893 803 483 94 572 831 583 650 187 878 783 586 558 276 271 918 608 644 994 935 476 260 606 633 717 904 685 294 334 644 326 926 863 558 245 727 71 276 659 916 750 118 625 910 507 885 316 307 219 864 152 726 552 891 284 788 0 1003 331 464 249 1007 198 973 513 360 702 81 796 366 408 425 306
884 546 187 760 590 570 908 1036 552 222 849 692 837 125 839 895 829 768 778 341 512 1105 656 718 931 743 951 639 299 750 538 720 682 496 803 605 916 730 873 780 935 818 846 402 253 1008 835 92 666 134 1000 795 962 400 902 422 828 484 866 763 1003 0 912 967 987 832 834 168 1181 940 735 922 206 766 627 755 904
1289 442 959 965 1007 917 739 425 374 803 810 816 380 791 988 829 780 201 192 947 687 937 1117 1085 741 307 864 778 685 1067 786 397 288 721 535 1042 1080 741 493 919 287 488 878 965 674 440 844 827 656 825 618 508 118 915 408 778 774 970 75 969 331 912 0 741 552 1179 397 939 834 41 881 313 719 556 301 166 571
717 535 866 406 588 519 64 391 789 748 176 331 363 865 369 151 172 578 582 733 455 199 661 574 39 472 149 358 678 528 458 398 551 475 232 613 428 252 248 341 469 264 244 700 756 352 219 883 301 833 158 258 656 659 336 561 169 638 671 407 464 967 741 0 219 608 347 863 215 779 343 438 792 241 619 754 169
914 473 925 586 733 650 250 172 683 783 363 472 206 871 567 356 344 422 422 820 509 395 823 748 238 337 366 475 688 709 554 296 426 540 187 763 637 377 117 523 266 170 439 802 748 133 408 897 366 857 67 192 454 754 150 629 338 757 489 588 249 987 552 219 0 802 195 916 286 587 509 239 791 229 505 598 98
112 777 652 221 246 302 557 962 1025 651 440 365 839 802 239 457 458 979 987 490 520 576 184 118 576 873 472 401 684 113 419 784 902 496 682 226 208 450 761 280 980 733 365 429 773 920 395 794 524 732 756 704 1138 437 855 492 463 349 1104 218 1007 832 1179 608 802 0 823 666 765 1221 306 949 775 646 927 1111 713
935 296 801 602 696 606 342 203 488 648 419 460 17 713 610 434 391 234 237 723 411 545 799 745 344 141 467 438 540 716 486 114 230 446 144 730 697 372 99 547 158 94 492 718 585 173 457 742 311 710 247 119 325 667 67 529 385 692 325 605 198 834 397 347 195 823 0 788 476 436 517 128 630 176 309 412 179
716 524 24 610 427 418 801 991 611 142 727 562 794 193 691 773 711 770 780 177 413 982 489 554 825 721 827 515 260 589 411 679 677 388 729 441 762 615 808 637 909 754 713 237 270 958 707 165 567 126 919 726 969 243 853 302 711 322 882 613 973 168 939 863 916 666 788 0 1078 972 596 891 232 688 639 795 825
866 721 1082 588 788 725 278 421 956 962 374 539 488 1076 533 335 378 707 708 947 670 205 848 754 253 616 300 572 888 704 673 560 703 691 408 809 563 466 381 526 546 420 425 912 963 396 410 1096 515 1046 228 427 730 872 436 776 377 846 773 588 513 1181 834 215 286 765 476 1078 0 867 540 522 1001 431 780 884 312
1330 480 993 1006 1047 958 779 454 396 837 850 857 419 820 1029 869 821 241 233 984 727 974 1157 1126 780 348 903 819 719 1108 827 438 327 761 575 1082 1121 783 531 960 321 528 919 1003 706 472 885 856 698 856 653 548 141 953 445 817 815 1009 116 1010 360 940 41 779 587 1221 436 972 867 0 922 348 749 597 337 187 610
418 505 592 85 247 192 282 661 770 517 167 69 533 662 123 205 172 683 690 436 276 398 318 239 305 573 248 123 497 202 203 483 611 268 376 270 220 144 458 49 674 427 122 389 590 619 129 668 225 608 471 398 834 360 550 317 176 313 805 88 702 735 881 343 509 306 517 596 540 922 0 643 609 340 647 826 415
1062 376 906 728 824 733 447 137 505 749 536 588 113 797 732 546 510 212 209 840 532 629 927 872 444 180 572 566 636 844 611 214 258 568 267 857 817 499 198 672 31 216 611 839 669 136 577 829 439 804 305 245 218 787 103 648 503 817 252 731 81 922 313 438 239 949 128 891 522 348 643 0 715 303 335 377 271
850 339 256 653 530 480 737 831 378 134 694 554 632 82 725 740 671 565 574 323 350 947 622 656 758 537 797 496 116 676 406 516 477 345 609 555 813 572 674 658 728 621 705 374 46 804 689 113 493 108 809 599 761 346 698 296 669 435 667 657 796 206 719 792 791 775 630 232 1001 749 609 715 0 575 426 568 711
759 294 696 425 530 442 208 340 549 557 254 285 193 654 435 278 224 369 375 592 279 433 629 570 220 257 321 268 467 540 332 170 322 311 44 563 525 195 132 371 334 89 322 577 536 300 287 677 145 633 234 58 497 528 214 400 218 539 481 428 366 766 556 241 229 646 176 688 431 597 340 303 575 0 384 535 138
1031 152 659 727 730 643 592 470 178 501 624 578 300 502 766 656 593 143 152 647 411 816 840 822 603 169 703 530 383 813 514 222 80 442 387 764 863 525 398 692 337 361 678 668 380 458 647 538 427 529 553 362 335 619 366 486 587 681 243 730 408 627 301 619 505 927 309 639 780 337 647 335 426 384 0 186 469
1216 338 817 907 916 829 738 510 208 664 786 758 398 636 942 814 755 177 176 823 597 953 1026 1007 745 282 857 712 550 997 700 365 217 628 527 950 1038 698 511 870 362 490 847 849 526 513 814 672 603 676 657 500 257 800 448 670 750 865 153 911 425 755 166 754 598 1111 412 795 884 187 826 377 568 535 186 0 590
825 411 833 494 635 552 177 249 645 695 278 375 195 791 482 280 256 413 415 724 414 366 726 654 173 311 302 376 605 616 456 248 395 444 102 666 558 280 79 432 302 108 355 704 671 207 322 814 269 772 97 117 488 656 167 534 250 658 502 496 306 904 571 169 98 713 179 825 312 610 415 271 711 138 469 590 0
