328
0 384 525 910 601 341 489 379 640 613 512 964 870 363 414 756 722 461 804 391 176 757 950 738 953 350 108 482 639 384 606 731 857 675 753 500 893 333 421 734 634 156 660 932 1189 334 956 281 533 1008 308 604 700 761 149 319 912 686 812 343 526 780 417 782 389 1255 916 640 723 585 707 695 1033 407 88 384 883 731 706 177 1064 264 751 526 319 382 184 405 587 474 878 404 893 569 739 487 544 1012 844 1080 811 410 409 561 430 897 1012 1023 447 606 794 439 922 1131 685 1109 676 1062 538 837 1138 761 838 985 234 732 736 929 171 320 1112 879 219 571 316 1036 649 836 533 887 1098 248 24 594 904 681 772 329 612 802 892 835 882 626 610 839 242 863 766 878 549 683 756 770 400 1052 583 918 61 344 534 710 117 462 580 345 695 850 771 399 783 368 176 940 54 638 534 601 449 722 757 980 586 323 828 725 744 493 938 1139 751 417 1124 702 648 835 538 481 251 519 365 378 164 1014 232 235 817 678 341 600 730 1048 168 953 1021 882 784 843 1227 261 563 501 561 781 516 548 214 158 1131 645 323 991 1009 799 91 573 790 845 546 326 310 825 580 1073 201 593 783 888 776 491 417 109 626 498 896 273 911 948 862 707 403 219 817 976 238 617 246 612 878 131 548 542 1043 130 484 633 577 71 555 922 315 657 548 160 299 299 699 954 1221 704 621 504 810 684 794 720 876 177 700 1122 342 849 970 673 239 739 387 530 705 1000 644 604 731 809 1093 503 1068 408
384 0 610 617 219 55 184 128 395 343 227 581 500 115 154 524 337 101 436 458 389 527 706 464 714 263 288 384 308 149 641 494 564 337 694 211 743 357 411 397 438 316 476 688 894 230 578 131 410 705 87 553 340 424 416 215 671 736 427 122 231 795 191 434 86 952 534 256 721 257 701 655 796 161 355 111 743 359 601 315 731 228 605 251 129 11 239 448 368 589 588 24 539 646 478 104 263 716 711 801 650 471 75 243 552 512 729 752 126 444 732 480 653 817 453 803 334 809 314 654 810 471 627 612 245 608 355 695 265 172 785 529 262 234 255 775 275 757 505 504 806 327 404 304 586 316 453 156 247 776 577 458 652 244 247 477 282 596 382 499 339 315 372 453 215 779 588 547 350 82 150 367 367 267 454 43 319 481 387 323 498 193 231 587 335 346 310 218 329 569 381 602 529 63 610 614 361 108 643 839 383 411 852 356 614 769 225 280 240 407 147 118 237 644 372 349 715 464 164 216 554 721 381 613 704 499 738 465 922 154 257 128 176 746 575 426 350 226 845 435 68 612 635 436 297 200 843 720 394 78 303 613 255 779 331 229 550 614 817 388 496 282 499 518 750 226 534 654 713 322 64 229 613 615 279 562 251 248 535 290 582 159 776 292 538 640 219 322 374 565 444 273 347 376 214 471 368 593 919 350 255 528 577 753 494 565 491 354 529 828 45 713 647 292 350 370 353 394 592 723 259 219 639 604 811 360 755 110
525 610 0 707 777 618 527 490 479 506 835 1078 1053 689 485 512 838 593 998 156 349 510 658 567 652 347 478 277 611 472 98 507 670 643 290 818 491 256 204 995 409 646 401 644 934 380 957 625 297 800 609 202 923 1021 378 394 625 161 914 488 518 260 448 1022 683 1005 951 791 217 582 208 230 712 473 442 699 473 921 314 379 906 396 389 492 665 618 442 161 428 58 681 633 823 43 547 686 872 790 436 814 447 140 559 559 97 972 766 755 543 355 324 130 677 921 478 886 651 759 428 492 955 604 531 961 674 353 800 628 427 437 931 802 672 841 749 750 845 373 166 928 853 734 543 528 750 894 662 453 665 301 736 994 587 792 836 1046 705 631 888 897 411 891 881 659 413 783 121 1094 570 648 715 672 634 400 301 605 751 837 900 295 610 747 463 856 544 548 428 718 317 384 931 978 208 593 534 333 826 679 731 900 951 202 840 674 196 360 835 404 391 284 714 701 585 969 303 313 381 448 446 758 419 881 358 834 838 1000 301 869 985 481 867 630 730 290 45 295 328 524 869 430 605 994 982 1005 546 784 265 427 335 537 310 524 863 834 349 654 529 661 250 280 119 556 312 110 489 394 1060 738 466 828 564 647 509 1175 362 211 382 662 783 601 75 727 764 443 74 142 632 552 373 854 212 771 399 676 710 226 643 1154 974 693 674 101 545 160 642 386 955 358 398 875 603 443 810 757 309 937 259 314 323 748 774 739 311 504 830 328 866 524
910 617 707 0 553 671 442 545 274 296 758 593 668 727 507 194 485 517 651 663 798 196 152 171 168 567 802 481 311 534 646 203 53 290 513 746 364 632 579 742 310 909 308 144 281 577 381 743 436 100 698 508 657 754 844 590 146 702 491 582 396 672 494 727 690 345 419 522 615 359 602 536 225 510 836 715 383 611 419 748 200 646 347 388 746 628 726 636 331 739 31 617 223 708 176 577 778 102 384 184 317 656 550 374 738 481 113 142 498 361 520 633 71 226 243 199 296 212 373 273 250 150 211 352 856 385 405 169 739 591 224 207 871 689 872 174 593 499 544 416 190 941 934 322 82 632 170 586 398 598 76 604 168 542 631 695 896 79 507 374 367 624 510 170 509 165 593 682 906 699 554 271 947 449 412 656 390 306 522 540 126 802 736 220 881 278 377 473 485 334 593 390 498 668 196 408 435 563 28 229 637 585 237 284 539 527 723 430 660 453 758 725 820 337 738 719 444 265 572 527 294 175 798 167 131 552 550 370 317 661 745 502 540 571 664 429 738 777 228 292 679 406 364 672 850 599 759 403 404 624 623 209 715 164 737 409 178 52 726 473 678 844 395 608 374 637 626 38 356 490 560 835 225 765 681 501 666 394 177 871 633 561 168 780 652 605 410 874 377 240 728 470 372 968 831 774 257 753 311 302 395 614 168 737 123 331 479 771 310 213 657 379 111 429 716 629 572 426 406 110 493 496 445 225 193 437 165 530
601 219 777 553 0 259 255 296 423 364 214 363 286 260 293 533 129 185 225 637 604 537 678 444 690 437 507 515 266 311 787 504 507 271 792 205 783 542 573 229 494 511 532 662 804 411 393 327 521 620 293 673 147 251 633 403 651 880 215 313 281 919 328 246 224 851 338 44 844 247 824 767 766 305 575 240 789 146 685 530 609 432 665 310 301 220 457 622 427 767 530 197 404 808 470 115 227 638 764 733 693 646 229 255 736 304 664 696 233 523 824 648 608 712 476 707 262 764 389 681 690 434 637 435 425 680 180 677 482 364 668 401 444 136 396 726 67 838 644 309 725 494 619 320 497 118 385 347 167 883 492 239 643 26 80 270 454 561 167 316 415 114 156 386 364 717 728 331 562 262 70 283 569 383 553 256 170 323 170 482 461 310 451 449 550 341 386 85 464 629 164 415 649 278 617 692 170 112 574 748 174 575 787 269 734 856 174 386 446 525 278 249 445 472 580 555 787 501 348 27 601 607 597 492 603 281 838 285 820 369 192 146 47 851 737 534 560 444 767 482 278 421 457 229 511 48 981 778 492 292 492 624 161 698 542 164 553 568 952 516 674 495 587 674 792 428 314 583 757 114 229 418 629 405 486 678 458 172 418 495 734 60 722 511 703 775 177 536 459 421 641 89 427 568 370 673 303 383 821 250 165 684 576 903 440 625 282 568 584 743 259 764 545 129 555 161 519 502 673 663 66 59 726 622 739 473 656 258
341 55 618 671 259 0 234 160 443 393 218 622 531 75 193 573 383 156 466 463 367 576 756 516 764 277 252 410 363 181 657 543 618 393 723 202 785 362 425 413 481 262 518 739 949 243 630 76 442 760 34 579 365 440 389 225 722 752 472 141 282 816 227 455 66 1007 584 299 743 312 724 682 846 197 322 81 784 391 635 295 787 224 645 299 76 47 216 456 412 592 642 66 595 656 529 146 255 771 750 855 692 477 124 297 553 559 783 805 176 482 763 490 706 873 500 858 390 861 357 698 866 525 674 665 189 645 407 745 241 183 841 584 206 246 202 828 308 790 526 554 861 271 360 356 641 344 508 170 302 803 632 494 701 285 273 504 227 649 426 551 381 344 415 508 244 832 607 579 303 34 194 422 315 303 488 17 372 535 430 342 552 149 204 642 290 398 353 269 355 608 416 654 555 26 658 649 410 154 698 894 413 425 906 411 639 801 227 317 233 437 106 85 187 697 359 337 750 510 182 260 596 777 358 669 759 540 767 517 977 141 258 183 221 773 585 458 336 185 899 479 19 663 688 463 252 232 860 758 429 83 307 660 263 834 314 285 599 667 835 416 501 236 534 533 791 224 570 708 754 368 112 174 659 643 270 588 244 304 591 239 596 200 829 262 548 659 275 276 413 620 439 321 388 322 160 461 423 620 975 406 310 542 626 766 548 605 537 333 571 883 17 752 703 344 339 401 367 427 627 776 306 268 672 650 865 393 811 152
489 184 527 442 255 234 0 110 211 159 381 560 525 299 76 340 313 96 471 397 423 343 522 281 530 208 381 259 149 107 532 310 388 186 543 365 567 312 325 482 262 468 301 504 722 193 487 302 267 534 258 419 403 506 463 195 487 625 394 146 47 665 91 501 267 783 460 264 589 95 570 515 612 85 430 292 568 395 441 356 577 245 434 69 311 195 308 379 191 523 411 192 405 556 294 191 412 543 538 623 473 404 110 72 497 463 552 572 58 279 578 401 472 652 269 634 187 627 142 473 653 292 444 508 415 442 287 511 327 174 627 389 429 349 437 594 322 597 388 433 632 499 513 121 421 373 287 162 147 632 410 467 468 267 325 519 454 414 363 413 169 369 356 286 126 599 473 566 474 265 202 220 509 128 302 217 238 371 374 236 319 377 313 450 452 165 139 190 211 397 403 510 395 228 426 451 308 179 469 668 425 328 673 213 480 613 362 131 260 270 331 301 380 532 380 356 550 283 153 233 377 563 419 464 540 479 590 379 753 229 392 114 211 600 485 280 368 343 670 256 240 524 532 479 418 273 726 549 240 182 271 430 376 606 357 132 366 433 696 260 432 409 340 421 574 237 535 479 538 302 121 393 430 647 294 424 270 145 388 432 481 215 596 367 453 519 110 443 211 434 419 244 180 528 395 458 210 626 750 219 157 431 393 648 319 393 444 389 355 655 218 539 486 235 354 412 276 248 431 544 246 211 481 421 634 218 589 88
379 128 490 545 296 160 110 0 294 252 355 638 581 235 38 423 386 111 521 343 325 426 613 379 619 143 271 255 259 21 515 394 491 296 565 339 625 246 287 505 323 364 359 595 826 115 588 213 283 640 173 424 437 531 362 107 577 610 474 36 150 666 66 535 213 889 555 319 592 205 572 526 701 38 323 236 624 442 475 254 687 145 484 157 233 139 199 330 256 474 514 148 514 525 387 196 391 647 590 724 533 354 69 182 441 550 654 671 74 322 604 360 570 760 349 740 297 721 201 541 762 395 522 613 319 484 377 598 220 72 736 499 331 350 355 690 362 630 377 527 736 404 403 223 530 409 396 56 241 647 518 529 553 315 347 567 360 511 436 512 223 406 427 394 86 699 461 626 365 194 229 330 401 142 328 143 331 476 445 198 420 310 203 560 342 267 196 256 200 448 458 612 400 144 506 488 393 190 573 773 471 289 773 323 485 642 349 157 160 279 266 242 274 638 290 265 590 355 53 282 438 672 319 574 648 555 609 477 860 118 381 154 248 617 453 299 273 233 772 324 158 624 637 525 308 295 717 598 268 85 195 508 374 710 259 224 450 532 690 259 381 300 373 394 632 139 602 583 595 373 74 296 505 701 198 433 171 241 498 325 457 241 693 258 417 512 205 333 253 543 345 315 229 423 311 379 320 679 856 326 252 404 478 628 424 445 530 290 411 759 142 592 595 318 265 457 230 267 466 644 311 270 512 496 736 233 697 38
640 395 479 274 423 443 211 294 0 58 585 630 644 510 256 130 423 305 602 403 524 133 319 103 325 294 533 219 168 279 444 100 223 187 386 570 363 361 318 649 82 654 114 301 550 305 482 505 183 374 463 306 562 669 570 320 282 523 478 327 165 532 233 654 478 616 483 412 460 175 442 377 407 256 564 504 367 537 275 475 452 376 243 143 519 406 457 377 59 499 242 403 344 492 99 393 614 375 341 440 271 399 319 171 489 516 372 383 268 130 413 381 282 500 58 473 196 428 101 264 516 134 232 482 614 262 361 304 468 327 490 323 625 541 645 399 483 420 313 464 459 698 665 103 288 533 183 324 260 480 274 578 259 424 502 652 654 223 466 429 93 527 463 180 241 412 384 675 640 474 391 206 686 178 181 425 318 363 481 267 150 588 469 378 614 87 106 339 213 208 534 502 287 432 215 278 392 379 302 501 567 323 485 213 357 441 562 158 389 198 542 512 564 490 465 445 367 77 310 396 178 431 524 362 396 561 432 404 590 401 590 311 389 448 434 183 464 515 491 64 446 518 503 617 586 455 608 355 146 378 349 218 568 434 463 259 156 248 575 212 424 582 192 370 371 366 630 312 335 418 330 590 219 761 408 305 394 255 305 613 412 402 404 509 413 415 245 609 111 375 461 371 99 711 601 506 174 743 583 236 265 378 184 554 173 204 503 497 163 482 426 341 354 341 442 555 302 168 262 360 385 366 315 210 453 169 437 290
613 343 506 296 364 393 159 252 58 0 528 585 591 458 213 182 369 250 548 414 511 185 363 127 371 278 506 234 116 239 481 151 243 140 438 514 421 358 329 591 133 616 169 345 577 283 451 459 209 394 415 346 505 611 556 295 328 564 429 287 112 580 198 598 426 641 446 355 507 117 488 425 453 216 542 451 426 480 328 456 458 351 301 95 470 355 429 389 80 520 265 350 325 523 136 336 557 399 400 472 329 413 269 113 505 473 402 418 217 174 467 399 317 518 115 495 149 469 88 322 528 147 287 457 570 318 311 351 443 295 502 305 583 483 596 438 425 476 343 424 486 655 638 45 294 476 171 289 203 532 282 526 308 367 443 597 610 259 414 392 96 469 410 169 213 447 420 623 609 424 332 166 651 158 219 376 266 330 428 265 170 536 439 364 584 41 90 281 214 265 479 472 325 385 268 333 342 322 324 525 511 334 520 170 401 496 504 140 365 221 491 460 526 469 456 434 424 136 276 338 237 440 510 358 409 513 485 365 613 365 532 253 331 500 461 213 452 481 521 118 398 488 479 562 554 396 653 413 171 334 338 273 510 460 448 201 207 280 621 229 440 548 239 396 429 342 581 335 394 364 280 547 275 710 389 347 372 198 293 576 443 343 441 484 437 455 187 578 132 357 463 315 107 674 553 508 136 691 608 191 208 405 234 593 181 261 459 482 220 509 377 400 361 286 431 499 303 191 315 392 328 308 369 266 484 181 455 243
512 227 835 758 214 218 381 355 585 528 0 511 385 158 375 709 331 285 322 681 577 713 872 631 883 490 447 610 453 376 868 679 708 468 916 16 947 580 638 226 643 381 682 855 1016 456 596 240 633 830 236 779 217 252 592 440 842 964 401 349 423 1022 415 278 152 1064 536 255 948 418 928 880 962 384 518 142 949 267 819 507 823 443 815 449 197 218 428 673 572 810 732 206 618 872 652 192 36 847 919 940 854 695 293 416 771 488 870 899 331 658 953 706 807 925 643 920 461 965 523 850 904 628 814 641 289 822 393 867 452 397 882 615 307 90 228 928 210 975 733 509 935 332 524 484 706 212 587 382 360 1001 701 371 829 233 157 346 303 757 353 522 549 217 342 588 441 923 816 432 459 193 204 487 442 488 675 230 383 536 349 551 655 148 412 663 457 517 519 285 555 778 300 617 754 244 795 830 379 206 780 959 275 638 994 473 840 989 43 498 452 631 147 142 348 680 576 555 930 661 391 236 758 820 568 706 815 441 961 493 1033 359 53 274 217 970 801 648 551 376 977 636 234 620 661 310 421 165 1071 930 613 297 525 801 80 908 530 350 732 767 1045 614 719 403 717 746 954 443 443 790 918 318 284 295 803 476 488 787 462 364 632 385 809 196 925 465 764 867 354 441 589 635 657 304 559 428 221 678 501 454 1034 457 362 756 758 980 639 774 467 545 736 954 232 920 757 343 557 267 580 616 809 868 280 265 858 795 947 583 868 330
964 581 1078 593 363 622 560 638 630 585 511 0 149 614 622 686 251 528 195 957 959 691 746 589 761 767 870 801 471 648 1065 667 573 445 1014 513 932 872 881 323 713 867 742 737 741 747 224 687 789 603 656 932 294 312 991 743 735 1150 165 662 561 1163 650 272 581 760 174 326 1091 496 1073 1008 814 634 936 593 945 244 902 885 522 782 855 586 657 583 817 937 665 1081 587 560 370 1101 619 478 500 629 934 722 858 963 579 519 1056 117 672 713 565 759 1036 957 665 634 663 651 435 788 652 827 586 559 768 269 777 883 278 760 841 710 575 386 797 424 733 750 318 1034 924 179 691 837 982 554 512 300 485 693 414 1108 516 139 746 337 366 197 801 646 202 221 672 296 211 488 686 722 1003 124 924 622 431 424 926 680 804 619 327 292 194 795 574 648 811 383 912 546 651 381 762 825 213 226 911 641 748 902 252 473 599 691 237 885 772 417 987 1058 469 675 797 799 625 601 807 305 928 903 977 696 691 366 787 536 952 445 560 83 1059 234 731 727 463 484 405 1076 1034 796 911 807 732 693 641 215 273 214 874 393 1238 951 753 651 827 759 430 671 895 428 694 635 1206 799 991 858 823 969 941 776 77 603 915 265 581 774 771 184 835 933 808 418 416 855 1022 422 737 872 1005 1041 450 898 715 358 977 322 685 921 716 1015 456 181 739 395 405 978 705 1178 538 821 127 923 783 700 622 931 517 324 903 244 836 770 889 682 328 369 941 766 721 751 602 599
870 500 1053 668 286 531 525 581 644 591 385 149 0 509 575 724 221 470 65 919 889 728 817 626 832 721 784 782 475 595 1053 700 638 459 1030 390 978 826 850 178 724 758 758 805 853 696 338 588 780 697 563 930 171 164 916 689 800 1144 178 599 539 1170 608 124 480 879 275 263 1096 484 1077 1015 893 587 853 488 989 141 919 814 634 719 883 567 553 499 740 902 667 1048 656 477 455 1081 655 398 368 722 971 818 896 927 516 502 1018 204 761 800 515 764 1057 927 737 747 687 758 449 875 641 872 704 601 817 388 666 906 285 826 765 650 690 465 685 305 613 836 225 1062 910 264 793 717 886 552 591 188 531 633 395 1124 593 66 805 266 259 48 685 707 177 303 665 187 180 534 644 813 993 48 824 525 356 449 819 653 803 532 326 364 163 760 622 530 732 480 816 556 640 335 736 849 123 348 907 554 796 922 253 398 680 800 118 853 871 438 988 1084 347 652 733 787 514 494 707 428 866 842 1007 717 634 299 815 643 881 540 660 125 1076 299 850 653 333 428 334 1091 1011 790 846 717 836 708 550 342 398 74 778 300 1240 987 746 576 777 806 305 771 828 403 736 703 1208 782 955 761 830 947 987 714 72 685 957 228 515 667 816 121 772 932 744 399 494 752 1005 344 825 791 979 1036 424 801 710 451 927 284 678 809 601 960 479 101 856 414 387 957 753 1169 589 845 197 853 805 805 535 969 611 305 842 130 800 760 906 767 279 315 959 810 819 736 707 543
363 115 689 727 260 75 299 235 510 458 158 614 509 0 265 640 390 211 443 533 419 643 820 577 828 352 290 486 415 255 730 609 674 441 799 143 857 433 499 372 552 252 590 802 1001 317 649 83 517 811 80 655 338 399 435 299 786 826 475 217 346 891 301 418 39 1057 597 304 819 367 799 757 910 271 361 21 857 374 710 350 829 293 718 367 44 103 270 528 483 660 698 109 632 728 592 164 194 824 824 911 764 548 190 356 620 564 840 863 241 556 838 562 765 920 568 908 437 922 429 769 909 583 743 687 165 719 427 809 294 258 885 623 184 208 147 888 295 865 601 568 914 236 378 418 691 321 560 245 342 878 682 479 767 286 251 476 194 709 427 570 453 323 416 560 319 890 681 557 315 42 207 468 312 377 563 92 400 564 428 417 610 77 254 678 309 459 424 293 431 682 402 672 630 97 725 724 425 177 753 945 391 498 963 456 715 876 177 391 300 512 32 15 199 722 419 399 825 579 257 269 668 821 410 710 807 535 842 537 1026 208 204 226 233 849 658 534 395 219 954 550 84 679 710 437 271 222 934 832 504 158 378 729 217 887 372 326 665 726 910 491 571 253 608 606 864 294 555 763 827 375 179 160 728 613 334 664 310 345 633 243 670 209 888 307 620 734 320 293 487 654 503 337 461 308 112 522 473 590 1025 447 348 616 692 839 604 678 542 387 643 935 93 826 750 366 401 380 441 502 702 834 318 285 747 719 921 468 859 223
414 154 485 507 293 193 76 38 256 213 375 622 575 265 0 385 372 108 516 344 349 388 574 340 581 145 305 236 225 30 502 356 453 262 541 359 592 251 281 511 288 402 325 556 788 124 561 250 257 602 208 404 438 536 388 122 538 597 457 74 112 648 39 537 241 850 531 311 573 171 553 505 663 12 354 264 591 438 447 280 650 169 452 118 267 165 232 328 220 474 476 170 481 517 349 203 410 609 558 685 499 353 82 147 443 531 615 632 59 290 579 355 531 722 311 702 263 682 165 506 725 356 485 584 358 454 356 560 251 98 699 465 370 362 391 651 360 603 362 504 697 442 438 184 492 409 359 86 217 625 481 520 515 310 351 563 398 472 422 486 188 406 414 357 71 660 446 618 402 226 229 296 440 113 300 175 308 447 432 189 381 342 237 527 378 229 160 243 181 416 451 585 379 179 469 459 374 195 534 735 468 282 734 290 465 615 365 126 185 255 298 271 313 608 308 284 560 318 76 276 403 635 344 539 610 540 586 452 821 155 397 147 245 594 445 273 294 271 733 287 193 598 608 522 346 299 702 566 239 122 204 471 387 671 282 200 412 493 674 239 380 338 344 384 598 162 591 545 562 359 91 334 468 696 220 411 195 215 463 364 446 242 654 290 411 496 180 370 221 510 355 301 195 461 347 392 284 674 817 295 227 394 440 617 386 413 511 314 378 720 175 560 558 299 283 454 226 241 438 605 299 260 485 460 697 207 659 45
756 524 512 194 533 573 340 423 130 182 709 686 724 640 385 0 511 433 691 474 627 4 193 98 197 406 653 297 267 407 454 30 160 270 340 695 254 454 393 752 126 780 115 175 446 423 505 635 248 290 593 314 665 770 673 440 156 516 549 456 293 498 361 752 608 515 523 516 435 292 420 352 279 385 677 633 264 632 236 585 394 494 173 273 649 536 577 447 171 545 169 532 348 514 68 517 736 283 248 329 172 465 450 293 545 569 268 270 398 170 356 441 175 414 74 382 280 305 225 149 444 128 105 492 743 207 439 175 585 451 419 327 754 659 775 280 589 348 349 510 357 827 781 225 243 637 201 450 366 432 230 657 129 531 614 739 783 121 548 470 208 630 546 199 365 300 399 749 762 605 510 275 810 298 219 556 403 398 563 366 116 717 590 368 735 193 230 448 312 150 624 521 304 563 86 229 471 503 219 402 662 398 370 287 349 374 683 279 505 265 672 642 691 489 564 548 291 79 435 506 109 369 628 333 326 626 382 452 491 527 710 435 505 401 469 239 568 640 383 112 576 538 510 708 709 570 582 264 221 508 454 91 686 335 570 370 27 151 549 288 487 705 200 414 263 485 700 227 232 509 461 719 96 836 520 308 509 361 301 738 438 520 288 626 458 415 360 731 202 376 544 470 208 837 731 589 245 820 483 311 368 419 55 550 155 147 561 603 118 381 556 245 299 434 544 651 393 242 222 252 487 474 268 88 344 259 356 420
722 337 838 485 129 383 313 386 423 369 331 251 221 390 372 511 0 276 180 711 708 515 625 414 639 517 624 564 254 396 834 485 446 241 808 326 766 622 638 256 503 639 537 611 713 496 266 454 559 536 417 708 172 268 741 492 603 923 90 410 320 948 400 244 352 753 209 85 874 263 855 793 708 384 688 369 775 125 698 634 506 530 664 348 429 340 567 692 445 837 467 318 303 865 442 236 336 557 755 655 681 717 328 282 810 176 590 625 314 542 837 714 549 614 468 615 231 698 420 660 585 394 608 310 555 686 79 629 591 458 565 304 574 243 526 659 124 843 691 180 639 624 741 331 417 151 329 442 174 902 415 157 603 104 175 229 584 511 50 191 444 143 42 331 437 644 773 257 686 389 188 236 696 438 582 377 107 213 61 549 417 439 563 342 672 335 419 129 521 630 113 287 685 399 587 702 53 229 502 657 153 641 709 224 766 864 288 435 545 567 408 378 570 349 676 651 788 497 439 122 597 507 701 393 511 168 855 163 722 478 297 233 161 870 795 569 659 563 683 487 401 293 330 196 634 173 1018 771 525 402 577 597 263 614 644 184 526 511 987 563 745 619 608 730 775 524 222 510 743 15 330 547 605 341 584 711 556 178 327 622 787 183 651 623 764 815 206 659 488 313 727 70 457 697 500 764 265 322 725 200 166 740 544 949 388 626 154 672 585 656 380 754 455 83 651 144 590 540 685 592 78 119 738 598 659 517 563 347
461 101 593 517 185 156 96 111 305 250 285 528 470 211 108 433 276 0 410 452 431 436 609 366 618 252 357 339 207 125 609 402 463 236 635 269 663 356 389 403 358 411 397 592 793 225 495 231 355 603 186 505 329 428 465 219 576 704 365 134 140 750 146 428 176 851 456 208 675 157 655 604 699 120 417 201 665 331 535 358 631 254 530 165 230 111 294 437 287 582 487 101 443 626 382 98 316 615 634 700 570 461 52 144 550 445 629 652 51 374 671 464 554 716 363 701 233 711 238 569 709 372 537 524 345 537 276 600 317 182 685 431 361 258 355 676 252 691 467 427 705 428 483 209 485 301 352 165 152 722 476 418 559 204 243 456 383 498 325 416 264 298 316 351 180 679 552 514 435 182 121 266 459 210 393 142 234 390 334 298 399 288 292 490 417 248 234 147 286 493 346 519 480 158 519 546 288 88 543 738 360 391 752 256 566 706 267 217 268 355 242 210 328 554 400 376 645 379 165 170 474 620 425 514 602 445 681 382 820 205 298 43 137 691 554 369 383 305 744 352 167 530 548 415 379 190 807 645 331 135 307 523 284 678 367 134 458 514 779 342 488 367 434 492 670 248 491 553 634 263 58 328 524 590 307 511 280 153 436 382 554 133 677 352 519 601 120 405 305 469 456 206 274 472 315 491 266 568 818 252 161 503 484 724 393 489 424 396 451 727 143 636 546 214 375 347 335 337 525 623 200 159 575 516 710 305 654 72
804 436 998 651 225 466 471 521 602 548 322 195 65 443 516 691 180 410 0 861 825 695 796 593 811 662 719 729 434 536 1001 665 617 421 986 326 945 767 794 130 681 693 717 784 854 636 350 523 730 689 497 881 106 124 852 628 777 1093 163 537 487 1123 551 86 415 885 285 206 1049 437 1029 969 876 528 788 422 955 78 876 751 637 656 844 516 487 434 676 845 621 990 636 412 447 1027 622 334 307 713 936 810 861 870 454 453 960 217 750 787 457 719 1015 870 718 750 648 758 411 862 592 840 711 572 787 401 601 865 253 803 701 589 695 455 620 240 549 823 161 1022 858 268 789 653 820 507 577 122 505 572 347 1080 578 64 779 206 194 49 621 684 145 302 617 121 144 507 586 803 941 113 758 459 293 415 753 599 756 467 287 354 130 703 594 465 667 478 751 515 590 281 682 810 69 364 857 489 766 881 221 335 665 799 53 796 864 404 940 1043 283 599 670 736 449 428 642 442 803 779 968 677 573 240 777 644 817 536 656 144 1033 290 855 589 271 369 273 1047 956 740 783 651 832 666 485 361 414 23 713 235 1191 951 697 512 717 776 242 765 765 354 705 682 1160 729 897 695 784 892 954 652 122 672 923 183 453 601 784 180 709 884 681 352 482 687 951 282 813 726 923 985 373 735 662 448 866 234 629 744 536 898 445 158 860 380 340 902 723 1117 563 806 204 790 765 803 470 934 604 261 780 65 742 710 864 754 225 259 917 778 812 684 706 483
391 458 156 663 637 463 397 343 403 414 681 957 919 533 344 474 711 452 861 0 216 473 649 503 647 200 329 184 505 327 218 460 618 540 366 664 532 100 85 849 352 498 359 633 918 229 859 468 227 762 452 225 780 875 254 242 612 306 792 337 398 393 311 879 528 988 844 655 332 466 316 307 718 332 304 543 518 783 340 229 853 239 401 376 508 465 287 26 345 131 634 482 740 198 489 539 717 757 479 799 465 19 413 442 99 857 741 739 404 303 407 48 649 887 420 856 546 758 327 501 912 537 523 869 520 373 681 622 273 285 887 720 519 691 593 741 704 451 154 819 830 583 412 425 690 752 583 302 542 411 676 863 576 655 691 908 552 595 761 793 318 749 753 580 275 768 191 961 429 492 572 572 492 279 256 450 632 738 772 162 550 590 308 778 401 454 326 585 202 382 796 881 213 437 520 360 705 534 689 876 812 80 833 572 260 447 683 288 234 210 557 545 432 884 159 163 440 398 295 620 405 831 223 766 792 877 394 762 965 325 715 491 589 390 132 234 181 370 854 371 449 897 892 867 398 639 415 476 260 383 155 512 713 809 200 529 497 625 396 191 38 407 288 107 533 238 932 699 502 699 416 493 500 1040 206 238 225 539 706 452 158 584 753 293 96 241 507 408 292 771 83 641 308 533 554 122 546 1019 956 587 552 112 518 313 576 382 839 215 378 854 448 485 755 632 159 798 121 237 343 725 642 604 356 494 814 235 828 380
176 389 349 798 604 367 423 325 524 511 577 959 889 419 349 627 708 431 825 216 0 627 816 627 817 233 143 335 565 319 429 605 747 603 581 562 733 176 258 781 501 303 521 799 1071 234 910 339 386 898 343 435 728 808 46 228 778 509 797 297 447 604 335 821 430 1139 880 635 547 515 531 522 894 338 93 435 722 747 543 74 970 179 595 438 382 391 151 232 466 300 767 413 821 393 622 490 613 899 683 956 657 235 379 489 255 875 892 897 399 464 622 264 799 1024 560 997 606 928 426 687 1039 655 697 931 349 573 702 792 126 252 1012 803 342 614 431 906 663 666 363 852 980 395 196 503 806 705 681 268 565 627 793 843 745 627 635 866 373 742 757 835 430 704 747 678 306 927 407 935 221 385 534 638 285 353 429 362 656 795 764 260 674 454 164 865 196 543 423 579 315 569 768 934 419 342 689 563 718 491 826 1024 772 253 997 633 475 663 592 371 164 370 434 434 259 954 64 79 650 547 273 595 583 951 10 867 919 876 610 801 1113 235 622 475 558 606 339 400 59 208 1009 515 349 947 955 825 204 589 614 682 406 312 175 685 630 956 66 548 653 769 600 344 240 218 472 323 736 187 918 836 703 694 377 325 675 1004 128 448 153 564 797 261 371 544 915 115 308 457 528 206 424 852 138 638 426 327 400 127 620 982 1106 641 576 329 678 509 691 568 855 35 554 1004 359 688 873 643 82 759 236 387 543 878 630 589 564 667 970 367 962 362
757 527 510 196 537 576 343 426 133 185 713 691 728 643 388 4 515 436 695 473 627 0 192 102 196 407 654 297 271 409 451 34 163 274 337 698 250 455 392 757 126 782 113 174 446 424 509 638 248 291 595 312 669 774 673 441 154 513 553 458 296 495 363 756 611 516 527 520 432 295 416 349 277 387 678 636 260 636 232 586 396 495 169 276 652 539 578 446 173 543 171 535 352 512 73 521 740 284 243 329 168 464 452 296 544 573 268 270 401 170 352 440 175 415 76 383 284 304 227 145 445 132 101 496 745 203 443 173 587 453 420 331 757 662 777 279 593 344 347 514 358 830 782 228 246 641 206 452 370 428 233 661 127 535 618 743 786 122 552 474 210 634 551 203 367 300 397 753 763 607 513 279 811 300 218 558 407 402 567 367 120 720 592 372 736 197 231 452 312 147 628 525 302 565 83 225 475 507 220 403 666 397 369 291 346 370 687 281 507 265 675 645 693 493 565 548 287 80 437 510 105 371 628 336 328 630 378 457 492 528 714 438 508 398 468 239 568 642 383 113 579 542 513 712 710 574 579 260 221 511 454 88 690 336 571 373 25 152 546 288 486 707 198 412 259 486 704 229 228 513 463 721 92 840 521 306 511 365 305 740 436 524 287 627 456 412 363 732 203 379 543 474 210 839 734 588 249 824 483 315 372 418 53 547 158 143 565 603 115 381 559 241 301 438 544 655 393 242 219 252 491 478 265 84 344 259 358 423
950 706 658 152 678 756 522 613 319 363 872 746 817 820 574 193 625 609 796 649 816 192 0 243 15 599 846 482 418 598 582 220 179 406 419 859 235 641 572 880 316 973 295 18 275 616 533 822 431 185 779 456 793 893 862 633 37 621 639 647 474 572 552 869 785 346 571 652 526 456 516 455 90 575 869 811 256 751 347 778 311 687 270 458 833 717 771 622 365 700 160 710 375 650 227 684 895 163 268 156 219 638 632 464 708 633 122 99 580 352 415 611 81 279 266 240 415 112 418 171 328 244 127 503 932 308 546 30 779 644 309 360 944 811 959 92 724 385 508 568 198 1017 974 401 234 767 296 643 514 492 229 751 72 670 758 841 972 116 651 526 402 759 653 295 558 125 537 832 955 787 668 396 1003 492 394 740 524 457 666 556 217 897 784 371 928 361 422 594 503 274 736 541 454 749 129 330 577 669 151 245 778 578 184 410 471 413 841 472 699 448 852 820 883 484 753 737 335 271 628 651 244 284 818 314 238 703 447 521 327 719 865 603 658 469 619 419 758 833 210 305 761 557 513 816 902 720 660 286 409 697 645 136 838 185 761 522 166 114 628 473 656 899 361 573 243 678 777 150 236 628 643 909 150 916 713 446 703 509 329 931 583 677 106 819 616 537 518 925 395 392 724 601 402 1030 917 768 375 904 316 431 513 577 139 657 238 272 631 794 270 219 740 262 248 561 733 769 580 428 336 102 622 619 361 155 172 449 239 606
738 464 567 171 444 516 281 379 103 127 631 589 626 577 340 98 414 366 593 503 627 102 243 0 252 396 631 319 179 367 522 78 120 176 430 617 352 464 418 659 158 743 171 226 451 405 414 584 279 271 540 381 571 676 673 419 211 593 450 415 234 586 325 656 542 516 427 424 519 213 502 435 333 343 665 568 363 536 321 576 350 475 267 222 592 475 555 477 162 592 140 468 262 576 30 441 656 274 346 345 271 499 392 221 586 472 275 291 339 212 449 479 191 396 90 371 185 345 202 246 413 36 194 406 696 297 340 236 567 421 387 241 709 574 718 312 497 445 401 413 360 780 763 159 186 544 106 416 278 523 172 559 199 440 525 641 735 133 449 374 196 536 449 103 338 319 463 650 736 545 428 177 778 278 266 499 306 303 465 371 47 654 565 290 710 118 206 360 317 239 527 431 365 509 174 318 373 427 199 400 566 424 393 189 424 469 602 258 488 295 609 577 653 408 568 549 388 121 402 417 200 328 627 266 292 528 474 355 488 492 627 360 420 492 523 275 567 608 394 137 521 448 425 611 681 484 667 363 244 460 452 183 601 334 566 283 112 153 634 312 523 675 263 462 361 466 601 210 331 413 403 673 191 737 510 377 494 273 219 704 497 437 314 608 506 487 277 704 212 292 564 376 202 802 676 609 148 721 483 213 279 469 132 625 74 235 463 599 199 383 500 344 251 339 546 555 405 266 307 265 395 385 357 184 357 271 334 368
953 714 652 168 690 764 530 619 325 371 883 761 832 828 581 197 639 618 811 647 817 196 15 252 0 602 850 482 429 604 575 225 193 418 409 869 221 642 571 893 318 978 295 27 282 620 548 829 431 200 786 451 806 907 863 637 42 612 654 653 482 561 558 883 794 353 587 665 516 466 507 447 82 581 872 820 242 765 340 780 326 691 263 465 841 725 774 620 369 695 175 719 391 643 235 694 907 177 257 164 210 635 640 474 704 648 135 109 588 353 404 608 96 291 271 252 427 111 423 162 341 256 123 519 939 301 560 24 782 649 322 375 951 823 967 97 737 372 504 584 208 1023 977 409 250 780 310 648 526 480 244 766 71 683 770 855 979 129 665 541 406 773 667 308 563 133 531 847 959 795 679 409 1008 496 392 747 537 472 680 558 228 906 788 387 932 370 427 606 505 269 750 557 449 756 127 323 591 680 167 255 792 577 188 422 463 401 852 477 702 448 860 829 889 500 753 738 323 274 633 663 241 299 819 330 253 718 436 536 335 724 877 613 670 458 614 419 759 838 217 308 769 573 528 831 906 732 649 274 410 703 647 134 850 196 763 533 170 129 617 473 653 903 358 569 230 682 792 166 224 641 651 915 146 931 715 440 706 521 345 936 577 688 113 822 612 529 528 929 397 408 723 614 406 1035 924 767 387 919 323 444 525 572 143 647 251 268 646 795 268 228 748 250 264 574 734 783 581 429 330 116 635 631 353 152 180 451 253 614
350 263 347 567 437 277 208 143 294 278 490 767 721 352 145 406 517 252 662 200 233 407 599 396 602 0 249 148 338 126 379 382 516 376 458 473 558 105 148 649 284 395 311 581 844 34 690 302 193 667 275 308 580 675 278 53 562 474 601 141 221 539 117 678 340 911 667 457 467 291 448 411 682 133 271 358 552 583 383 180 737 92 413 207 336 272 175 187 238 331 536 286 591 383 393 339 526 669 514 732 471 210 212 265 298 671 665 674 205 259 499 217 574 793 335 767 380 711 194 492 806 422 488 707 384 402 495 579 180 94 779 573 389 493 442 686 504 532 250 640 753 461 375 271 573 552 447 108 355 531 560 666 531 455 491 708 422 516 567 618 201 549 559 445 81 703 329 764 360 310 371 410 413 120 242 263 447 572 578 67 442 419 192 633 332 310 190 389 102 381 597 713 285 254 477 401 516 334 596 795 612 148 775 407 366 538 488 138 101 182 380 362 310 727 180 157 500 327 98 421 384 718 231 634 686 685 498 585 884 158 520 292 389 502 311 210 174 250 784 294 268 727 731 667 310 439 582 518 198 194 63 475 516 728 170 340 433 542 558 156 237 310 290 256 563 84 737 606 526 505 217 356 468 842 114 319 104 353 565 349 319 384 693 220 275 382 318 330 204 622 210 446 198 446 399 250 390 820 877 417 365 265 460 490 458 379 652 204 354 776 261 518 639 442 155 599 89 185 378 652 445 406 416 460 745 155 730 180
108 288 478 802 507 252 381 271 533 506 447 870 784 290 305 653 624 357 719 329 143 654 846 631 850 249 0 389 530 275 548 627 749 567 677 433 802 253 341 661 532 168 561 828 1082 229 852 207 438 900 222 525 617 688 147 213 809 635 714 235 417 722 309 705 308 1147 813 544 659 476 642 622 930 298 70 309 794 644 619 100 955 159 658 417 249 287 76 337 482 434 771 310 785 522 633 392 482 905 755 974 718 348 304 453 389 798 905 917 339 508 718 373 816 1023 580 1001 568 958 432 740 1029 653 738 880 205 643 633 827 68 212 1003 770 199 494 287 931 560 757 456 784 991 256 133 485 795 596 663 220 506 734 783 745 780 532 525 757 231 757 670 774 445 597 660 661 293 946 516 832 111 263 439 601 169 356 486 252 591 744 676 304 676 315 67 831 83 529 427 500 350 628 668 876 505 230 726 638 643 396 830 1031 666 338 1019 594 574 759 467 375 147 425 300 306 115 907 174 166 733 575 232 504 632 940 133 844 913 787 711 739 1119 154 495 398 465 710 460 454 149 70 1025 542 233 887 904 716 69 484 742 758 447 223 219 724 507 966 129 488 680 782 725 397 361 78 533 431 806 168 821 841 770 609 299 181 717 895 144 537 145 506 769 123 487 447 937 35 425 568 471 83 453 814 266 557 444 206 257 267 590 872 1114 596 516 438 707 638 685 626 777 122 603 1015 249 760 862 571 170 654 298 433 617 894 546 505 647 709 987 404 960 301
482 384 277 481 515 410 259 255 219 234 610 801 782 486 236 297 564 339 729 184 335 297 482 319 482 148 389 0 335 234 272 279 435 367 313 594 413 159 99 740 172 542 187 465 743 179 684 446 51 581 414 169 662 765 380 199 445 365 638 269 243 412 196 761 468 813 675 523 337 305 317 271 559 226 397 489 405 654 235 305 669 239 269 216 476 394 320 158 161 286 451 403 558 300 306 437 645 578 367 627 329 180 318 283 271 694 565 567 288 129 353 165 472 707 238 677 375 594 152 355 730 353 362 691 532 255 523 458 320 233 704 538 537 597 587 573 582 384 128 652 654 609 506 252 506 633 399 243 390 392 492 721 411 527 581 778 570 417 613 622 137 629 607 397 169 596 213 821 500 444 458 397 557 131 97 394 474 563 626 85 365 558 338 595 472 275 151 448 55 239 661 706 144 390 355 252 549 428 508 699 685 104 664 399 230 392 601 130 245 36 516 495 458 703 271 257 351 219 229 493 249 647 337 581 609 724 356 592 788 304 633 370 469 362 232 66 278 398 681 189 404 721 713 739 454 529 468 371 76 328 171 350 622 632 285 379 322 446 439 9 206 455 144 167 417 231 785 518 381 555 326 504 340 904 245 178 245 386 523 496 222 471 583 357 205 261 359 472 107 590 247 498 126 591 544 292 369 884 780 416 399 176 346 388 391 238 678 315 219 678 393 371 570 482 253 671 98 55 230 550 504 471 268 332 641 52 646 280
639 308 611 311 266 363 149 259 168 116 453 471 475 415 225 267 254 207 434 505 565 271 418 179 429 338 530 335 0 256 593 239 259 37 554 440 520 434 423 485 249 612 283 402 586 331 355 437 318 396 392 461 398 504 607 337 389 679 313 296 118 696 230 488 378 643 340 249 623 54 604 541 508 233 579 403 527 369 443 501 429 391 410 131 437 318 457 482 194 620 283 306 256 632 203 267 477 409 505 496 432 507 246 77 600 361 425 450 197 290 582 497 355 509 216 494 42 513 182 416 506 174 371 369 551 431 195 414 476 322 480 240 567 394 561 477 321 588 453 317 498 635 663 83 278 370 145 311 98 648 269 410 378 263 346 483 590 303 298 288 201 363 294 144 259 475 532 507 623 389 250 72 656 227 333 348 150 235 312 345 202 490 463 301 601 81 183 181 303 376 365 377 439 363 351 447 225 252 337 531 400 427 549 68 517 609 423 216 406 329 446 413 526 389 517 494 534 244 301 239 344 416 562 315 396 397 600 258 613 378 448 190 241 616 567 325 508 491 538 232 373 392 393 448 567 304 769 520 281 326 402 358 422 472 499 104 287 315 737 331 534 557 355 501 528 382 465 347 495 250 256 532 364 593 437 462 415 93 238 579 552 258 475 516 540 569 99 592 243 286 542 204 214 672 522 584 61 575 611 82 101 510 310 707 189 372 346 533 331 520 349 504 341 172 492 388 386 300 430 420 220 207 483 356 505 283 447 234
384 149 472 534 311 181 107 21 279 239 376 648 595 255 30 407 396 125 536 327 319 409 598 367 604 126 275 234 256 0 495 378 481 293 544 359 606 231 268 523 304 376 340 580 816 100 591 231 262 630 192 403 453 549 358 95 562 590 483 48 142 645 47 552 235 879 560 332 571 202 551 505 686 24 323 257 604 457 454 250 680 140 465 145 252 160 201 313 239 457 503 169 512 506 374 214 411 637 570 712 514 337 87 178 425 558 642 658 82 302 583 342 557 751 333 731 294 707 183 523 755 384 505 614 336 464 383 583 220 67 729 496 347 370 374 676 377 609 357 533 725 420 408 213 522 425 388 55 246 626 510 542 537 329 365 582 376 498 446 515 205 422 438 387 65 686 440 639 372 215 245 327 412 122 307 163 337 477 456 178 409 330 207 557 349 257 179 267 179 429 472 615 379 164 490 468 401 207 562 763 486 270 760 321 464 621 369 138 155 258 287 263 286 639 281 256 569 338 46 295 419 665 314 569 640 565 588 481 850 126 401 167 263 596 434 278 266 242 761 306 178 627 638 540 316 312 696 578 248 103 181 491 394 699 253 229 434 520 669 238 364 309 352 374 612 132 614 573 575 383 93 311 488 716 191 412 165 244 494 337 437 257 680 260 398 491 209 341 233 541 331 326 210 434 330 367 315 694 845 326 256 384 462 608 414 426 538 285 392 748 163 572 587 326 255 472 212 246 446 632 322 282 491 479 724 212 688 53
