59
0 366 635 299 286 318 125 414 713 370 157 344 404 191 619 245 431 217 523 647 508 274 468 196 248 346 128 309 479 245 679 345 550 494 431 204 377 713 657 398 621 191 443 370 637 596 443 209 554 524 254 739 356 254 494 453 573 399 327
366 0 292 308 645 251 332 211 465 607 447 629 484 428 384 459 348 148 391 381 585 229 596 262 611 702 325 407 123 559 459 108 324 637 498 257 510 529 346 678 283 408 143 485 353 328 624 292 249 586 318 507 333 618 673 666 323 202 229
635 292 0 451 921 528 564 445 563 775 673 921 761 636 235 646 596 427 605 485 854 516 696 475 867 980 557 549 249 779 294 291 491 918 585 468 637 675 96 863 308 613 194 608 148 450 911 491 108 850 488 612 604 874 959 956 467 277 362
299 308 451 0 556 461 177 488 771 324 250 643 644 200 349 197 586 248 657 689 754 416 287 111 464 615 172 102 423 341 397 208 621 765 193 106 203 821 434 412 585 177 272 177 395 635 725 89 346 764 49 811 535 470 778 744 626 174 92
286 645 921 556 0 524 383 642 915 454 319 209 473 376 896 416 598 497 691 865 538 494 617 471 133 60 389 527 749 293 951 632 760 468 628 479 549 879 943 415 877 393 730 556 921 819 398 473 841 562 507 930 519 132 431 368 791 681 604
318 251 528 461 524 0 375 121 399 670 465 437 234 478 633 527 125 213 208 341 333 47 723 364 544 571 372 533 288 563 707 331 238 389 650 364 629 396 594 713 370 467 394 611 605 295 385 397 500 335 443 422 82 550 432 434 267 430 417
125 332 564 177 383 375 0 444 745 297 115 468 509 105 513 151 499 200 583 671 617 327 359 91 306 443 6 187 454 227 568 276 584 612 310 98 265 767 571 353 611 92 370 254 543 617 565 90 472 631 130 778 432 312 617 578 600 303 222
414 211 445 488 642 121 444 0 302 741 547 558 328 549 587 593 151 251 180 232 411 148 768 409 652 691 439 575 195 652 663 314 140 485 682 407 676 332 522 795 250 534 348 655 543 181 492 443 438 406 482 333 172 659 535 545 158 412 424
713 465 563 771 915 399 745 302 0 1042 849 790 496 850 774 893 320 548 236 85 522 439 1057 704 943 957 740 864 372 954 844 573 162 626 963 701 968 133 659 1097 255 835 566 945 703 136 663 738 612 503 773 48 396 949 689 724 146 658 694
370 607 775 324 454 670 297 741 1042 0 212 630 772 193 638 149 792 493 879 966 872 623 178 345 321 498 302 226 729 162 664 523 881 843 242 349 157 1064 749 97 890 206 596 183 702 911 782 314 668 890 296 1075 721 323 829 776 896 498 416
157 447 673 250 319 465 115 547 849 212 0 451 560 57 599 103 583 312 673 777 662 418 325 198 214 376 121 208 569 112 647 388 686 639 313 205 242 861 673 248 725 76 480 244 640 724 583 183 577 680 202 879 510 220 632 584 705 404 319
344 629 921 643 209 437 468 558 790 630 451 0 304 505 950 555 471 500 555 755 345 425 774 538 328 213 472 645 710 468 1015 652 651 263 761 545 694 730 964 609 808 515 745 694 955 717 192 553 861 370 598 796 401 330 222 158 686 726 664
404 484 761 644 473 234 509 328 496 772 560 304 0 594 862 649 194 414 261 475 109 257 868 535 548 499 509 692 517 630 935 554 376 157 815 538 774 426 828 787 568 592 625 763 838 447 171 564 733 121 614 497 157 553 208 230 414 650 622
191 428 636 200 376 478 105 549 850 193 57 505 594 0 549 54 600 304 687 776 699 430 278 168 269 433 110 150 551 143 594 358 689 683 257 174 190 871 630 250 710 23 445 189 594 722 629 145 536 715 153 883 531 275 679 633 705 362 276
619 384 235 349 896 633 513 587 774 638 599 950 862 549 0 539 732 461 765 690 966 604 520 425 812 956 507 421 414 689 75 309 672 1009 412 417 484 871 152 734 524 526 241 456 91 648 986 424 161 968 397 821 716 818 1038 1020 657 224 292
245 459 646 197 416 527 151 593 893 149 103 555 649 54 539 0 650 344 735 816 754 479 223 196 300 470 155 121 581 152 578 379 732 737 212 201 138 918 631 221 742 59 460 141 591 762 683 167 543 770 158 926 582 304 733 686 746 369 283
431 348 596 586 598 125 499 151 320 792 583 471 194 600 732 650 0 337 94 285 264 173 849 489 639 638 496 658 347 677 807 442 183 347 775 490 754 286 673 829 375 590 491 737 692 253 365 523 587 256 569 332 80 645 402 424 221 542 538
217 148 427 248 497 213 200 251 548 493 312 500 414 304 461 344 337 0 410 472 523 169 519 158 464 556 195 326 263 423 531 153 389 553 439 157 426 582 464 554 414 287 245 406 456 418 526 192 361 530 234 583 289 470 578 559 402 240 208
523 391 605 657 691 208 583 180 236 879 673 555 261 687 765 735 94 410 0 218 301 256 928 566 733 729 580 735 359 769 841 494 132 398 849 566 834 192 689 920 345 676 528 815 716 201 430 601 613 286 644 242 174 739 459 490 169 593 600
647 381 485 689 865 341 671 232 85 966 777 755 475 776 690 816 285 472 218 0 518 377 975 625 883 910 666 783 287 884 761 489 104 617 880 622 887 192 579 1024 178 759 480 863 621 54 646 658 529 502 692 131 354 890 677 705 74 573 610
508 585 854 754 538 333 617 411 522 872 662 345 109 699 966 754 264 523 301 518 0 362 974 644 629 555 617 801 606 726 1040 660 430 106 924 648 881 427 925 881 636 698 728 871 938 501 163 673 833 25 723 513 252 633 171 221 468 757 731
274 229 516 416 494 47 327 148 439 623 418 425 257 430 604 479 173 169 256 377 362 0 676 317 506 544 324 486 286 518 678 298 277 408 604 318 581 442 575 666 387 419 368 564 582 328 395 351 478 366 397 464 119 512 444 440 303 395 377
468 596 696 287 617 723 359 768 1057 178 325 774 868 278 520 223 849 519 928 975 974 676 0 361 488 665 360 193 709 324 530 494 904 961 111 362 94 1101 651 266 870 276 543 113 597 921 907 327 588 989 285 1096 787 491 957 909 911 438 372
196 262 475 111 471 364 91 409 704 345 198 538 535 168 425 196 489 158 566 625 644 317 361 0 397 531 84 169 385 307 483 191 546 654 287 7 268 740 480 416 545 147 281 248 452 570 614 34 381 655 80 740 433 403 667 634 557 212 133
248 611 867 464 133 544 306 652 943 321 214 328 548 269 812 300 639 464 733 883 629 506 488 397 0 177 312 418 726 164 862 577 783 573 509 404 426 925 877 283 869 290 673 437 848 834 505 390 778 652 415 965 559 6 545 485 809 609 527
346 702 980 615 60 571 443 691 957 498 376 213 499 433 956 470 638 556 729 910 555 544 665 531 177 0 449 584 805 341 1011 691 805 476 682 539 601 914 1003 451 929 451 789 610 981 866 405 533 901 580 566 970 560 174 432 367 837 742 665
128 325 557 172 389 372 6 439 740 302 121 472 509 110 507 155 496 195 580 666 617 324 360 84 312 449 0 185 448 233 562 269 579 614 309 92 266 763 564 359 605 95 363 254 536 612 567 84 465 631 126 773 430 319 619 581 595 297 216
309 407 549 102 527 533 187 575 864 226 208 645 692 150 421 121 658 326 735 783 801 486 193 169 418 584 185 0 524 273 457 310 711 799 123 169 103 907 524 317 686 133 374 80 479 729 752 135 442 814 92 903 600 423 804 763 719 273 195
479 123 249 423 749 288 454 195 372 729 569 710 517 551 414 581 347 263 359 287 606 286 709 385 726 805 448 524 0 681 488 215 258 675 608 380 627 458 330 801 161 531 193 601 357 238 674 415 256 601 437 417 360 733 720 723 244 288 337
245 559 779 341 293 563 227 652 954 162 112 468 630 143 689 152 677 423 769 884 726 518 324 307 164 341 233 273 681 0 730 498 791 688 350 314 265 959 773 156 836 167 588 278 737 831 625 288 680 745 297 982 601 167 671 616 811 506 420
679 459 294 397 951 707 568 663 844 664 647 1015 935 594 75 578 807 531 841 761 1040 678 530 483 862 1011 562 457 488 730 0 382 746 1081 428 476 507 944 201 761 592 572 316 481 145 720 1057 478 233 1043 446 892 790 867 1109 1090 730 292 351
345 108 291 208 632 331 276 314 573 523 388 652 554 358 309 379 442 153 494 489 660 298 494 191 577 691 269 310 215 498 382 0 433 699 393 184 412 638 314 601 376 336 98 386 303 436 676 214 211 664 227 615 413 583 728 712 432 100 122
550 324 491 621 760 238 584 140 162 881 686 651 376 689 672 732 183 389 132 104 430 277 904 546 783 805 579 711 258 791 746 433 0 523 815 545 813 205 580 934 214 674 445 791 614 71 548 581 514 416 618 193 249 789 582 606 38 525 550
494 637 918 765 468 389 612 485 626 843 639 263 157 683 1009 737 347 553 398 617 106 408 961 654 573 476 614 799 675 688 1081 699 523 0 923 659 871 534 983 840 722 685 776 864 990 594 70 680 886 130 729 618 315 576 64 119 562 792 755
431 498 585 193 628 650 310 682 963 242 313 761 815 257 412 212 775 439 849 880 924 604 111 287 509 682 309 123 608 350 428 393 815 923 0 285 87 1015 540 339 767 246 436 72 487 827 874 254 476 937 206 1004 720 513 926 884 819 330 271
204 257 468 106 479 364 98 407 701 349 205 545 538 174 417 201 490 157 566 622 648 318 362 7 404 539 92 169 380 314 476 184 545 659 285 0 269 739 472 421 541 153 274 249 444 568 619 36 374 659 78 738 434 411 672 640 555 205 125
377 510 637 203 549 629 265 676 968 157 242 694 774 190 484 138 754 426 834 887 881 581 94 268 426 601 266 103 627 265 507 412 813 871 87 269 0 1008 602 254 788 185 471 28 552 833 818 233 528 896 195 1005 693 430 869 824 822 367 294
713 529 675 821 879 396 767 332 133 1064 861 730 426 871 871 918 286 582 192 192 427 442 1101 740 925 914 763 907 458 959 944 638 205 534 1015 739 1008 0 768 1109 371 859 648 988 807 225 581 775 711 405 815 99 366 931 599 642 214 731 754
657 346 96 434 943 594 571 522 659 749 673 964 828 630 152 631 673 464 689 579 925 575 651 480 877 1003 564 524 330 773 201 314 580 983 540 472 602 768 0 841 404 606 218 573 60 544 970 489 103 923 477 707 673 883 1020 1011 559 268 354
398 678 863 412 415 713 353 795 1097 97 248 609 787 250 734 221 829 554 920 1024 881 666 266 416 283 451 359 317 801 156 761 601 934 840 339 421 254 1109 841 0 960 269 680 280 796 970 776 388 758 901 378 1127 754 283 819 762 952 586 502
621 283 308 585 877 370 611 250 255 890 725 808 568 710 524 742 375 414 345 178 636 387 870 545 869 929 605 686 161 836 592 376 214 722 767 541 788 371 404 960 0 691 339 762 449 155 736 576 364 625 599 303 419 875 776 792 180 441 497
191 408 613 177 393 467 92 534 835 206 76 515 592 23 526 59 590 287 676 759 698 419 276 147 290 451 95 133 531 167 572 336 674 685 246 153 185 859 606 269 691 0 422 180 570 705 633 123 513 713 130 868 523 295 684 640 689 339 253
443 143 194 272 730 394 370 348 566 596 480 745 625 445 241 460 491 245 528 480 728 368 543 281 673 789 363 374 193 588 316 98 445 776 436 274 471 648 218 680 339 422 0 443 214 432 758 299 115 729 302 611 476 680 809 797 435 105 179
370 485 608 177 556 611 254 655 945 183 244 694 763 189 456 141 737 406 815 863 871 564 113 248 437 610 254 80 601 278 481 386 791 864 72 249 28 988 573 280 762 180 443 0 524 809 813 214 500 885 172 983 677 441 864 821 799 339 266
637 353 148 395 921 605 543 543 703 702 640 955 838 594 91 591 692 456 716 621 938 582 597 452 848 981 536 479 357 737 145 303 614 990 487 444 552 807 60 796 449 570 214 524 0 582 973 458 105 938 440 751 686 854 1024 1012 595 240 321
596 328 450 635 819 295 617 181 136 911 724 717 447 722 648 762 253 418 201 54 501 328 921 570 834 866 612 729 238 831 720 436 71 594 827 568 833 225 544 970 155 705 432 809 582 0 618 604 487 486 638 180 316 840 653 677 32 522 557
443 624 911 725 398 385 565 492 663 782 583 192 171 629 986 683 365 526 430 646 163 395 907 614 505 405 567 752 674 625 1057 676 548 70 874 619 818 581 970 776 736 633 758 813 973 618 0 637 871 189 686 660 319 508 53 61 586 766 722
209 292 491 89 473 397 90 443 738 314 183 553 564 145 424 167 523 192 601 658 673 351 327 34 390 533 84 135 415 288 478 214 581 680 254 36 233 775 489 388 576 123 299 214 458 604 637 0 393 685 49 774 466 396 690 655 591 221 136
554 249 108 346 841 500 472 438 612 668 577 861 733 536 161 543 587 361 613 529 833 478 588 381 778 901 465 442 256 680 233 211 514 886 476 374 528 711 103 758 364 513 115 500 105 487 871 393 0 833 385 660 581 784 922 911 497 174 260
524 586 850 764 562 335 631 406 503 890 680 370 121 715 968 770 256 530 286 502 25 366 989 655 652 580 631 814 601 745 1043 664 416 130 937 659 896 405 923 901 625 713 729 885 938 486 189 685 833 0 735 492 252 655 195 247 454 762 738
254 318 488 49 507 443 130 482 773 296 202 598 614 153 397 158 569 234 644 692 723 397 285 80 415 566 126 92 437 297 446 227 618 729 206 78 195 815 477 378 599 130 302 172 440 638 686 49 385 735 0 810 513 421 739 704 627 211 125
739 507 612 811 930 422 778 333 48 1075 879 796 497 883 821 926 332 583 242 131 513 464 1096 740 965 970 773 903 417 982 892 615 193 618 1004 738 1005 99 707 1127 303 868 611 983 751 180 660 774 660 492 810 0 410 970 682 721 184 702 736
356 333 604 535 519 82 432 172 396 721 510 401 157 531 716 582 80 289 174 354 252 119 787 433 559 560 430 600 360 601 790 413 249 315 720 434 693 366 673 754 419 523 476 677 686 316 319 466 581 252 513 410 0 565 362 373 285 512 496
254 618 874 470 132 550 312 659 949 323 220 330 553 275 818 304 645 470 739 890 633 512 491 403 6 174 319 423 733 167 867 583 789 576 513 411 430 931 883 283 875 295 680 441 854 840 508 396 784 655 421 970 565 0 547 486 815 615 533
494 673 959 778 431 432 617 535 689 829 632 222 208 679 1038 733 402 578 459 677 171 444 957 667 545 432 619 804 720 671 1109 728 582 64 926 672 869 599 1020 819 776 684 809 864 1024 653 53 690 922 195 739 682 362 547 0 65 620 818 775
453 666 956 744 368 434 578 545 724 776 584 158 230 633 1020 686 424 559 490 705 221 440 909 634 485 367 581 763 723 616 1090 712 606 119 884 640 824 642 1011 762 792 640 797 821 1012 677 61 655 911 247 704 721 373 486 65 0 644 798 749
573 323 467 626 791 267 600 158 146 896 705 686 414 705 657 746 221 402 169 74 468 303 911 557 809 837 595 719 244 811 730 432 38 562 819 555 822 214 559 952 180 689 435 799 595 32 586 591 497 454 627 184 285 815 620 644 0 521 552
399 202 277 174 681 430 303 412 658 498 404 726 650 362 224 369 542 240 593 573 757 395 438 212 609 742 297 273 288 506 292 100 525 792 330 205 367 731 268 586 441 339 105 339 240 522 766 221 174 762 211 702 512 615 818 798 521 0 86
327 229 362 92 604 417 222 424 694 416 319 664 622 276 292 283 538 208 600 610 731 377 372 133 527 665 216 195 337 420 351 122 550 755 271 125 294 754 354 502 497 253 179 266 321 557 722 136 260 738 125 736 496 533 775 749 552 86 0
