309
0 925 79 649 710 660 820 960 948 180 504 850 385 318 130 932 790 479 789 815 699 62 497 867 813 513 695 818 663 549 813 804 63 888 395 729 841 643 729 816 277 211 740 487 153 402 698 847 428 610 891 394 1094 829 770 266 375 233 138 722 641 714 700 357 648 774 341 736 554 246 853 583 796 405 683 668 379 240 817 264 259 324 670 386 989 740 688 751 242 183 727 591 785 859 634 177 288 480 694 348 770 852 564 688 435 559 693 749 604 639 574 431 356 348 364 437 452 641 864 186 142 483 827 465 712 490 367 101 178 10 58 785 551 568 720 99 476 577 696 339 756 705 514 516 277 513 672 528 781 780 729 72 842 579 771 382 783 712 241 847 464 166 624 525 606 718 365 395 272 484 532 542 393 614 637 716 406 50 73 806 523 664 624 686 447 208 744 549 37 736 275 763 479 746 758 390 770 805 72 295 693 162 54 968 1013 259 765 231 747 824 640 257 249 1009 359 274 688 475 862 738 556 448 735 270 447 366 921 671 698 441 875 432 884 171 930 241 429 703 824 831 148 752 983 814 924 269 816 754 407 380 840 290 739 92 957 546 365 718 477 805 787 477 190 560 584 170 664 421 672 276 525 691 861 100 253 612 625 546 193 349 441 225 502 150 308 213 207 727 235 255 307 254 625 222 683 443 33 704 1008 812 390 557 318 708 837 319 500 732 373
925 0 865 949 284 395 435 262 181 801 666 198 693 743 1045 19 155 448 241 436 732 958 731 118 634 432 954 328 262 396 360 252 881 433 767 400 93 372 564 508 924 952 240 791 779 696 797 268 547 673 159 621 296 332 189 731 729 1007 1013 391 750 472 265 775 457 361 719 994 390 873 137 879 265 534 263 509 970 815 218 809 798 608 349 967 122 613 441 432 943 894 203 335 140 81 680 993 901 483 381 614 509 160 736 520 737 873 277 602 500 774 726 575 980 658 667 608 473 508 406 878 805 471 136 604 233 466 647 827 1060 915 884 585 386 358 598 830 744 653 587 800 456 244 466 916 709 612 623 502 498 289 815 994 168 766 331 649 143 517 990 385 958 902 436 627 886 642 564 783 990 664 496 628 552 872 607 915 642 919 991 511 800 315 899 294 511 919 528 525 895 322 650 205 602 605 223 804 629 368 869 878 667 830 874 231 159 666 160 729 911 361 804 768 1001 246 925 983 513 644 399 648 540 562 906 734 546 775 122 300 355 630 155 834 86 1051 181 690 831 1009 162 666 796 783 157 531 377 785 567 667 786 774 403 886 474 1008 38 729 648 635 458 182 141 521 909 517 388 822 905 829 443 654 564 254 203 889 840 554 305 864 877 749 875 772 441 786 769 726 718 232 1126 705 694 1155 961 707 556 767 907 298 198 527 542 403 933 457 246 813 717 202 576
79 865 0 584 665 585 793 887 879 186 426 802 306 239 208 871 735 424 719 738 622 92 420 802 805 465 629 743 603 481 738 760 16 811 408 653 783 570 715 738 324 173 692 504 125 401 623 805 354 609 823 316 1023 754 717 259 297 212 155 689 565 636 632 370 570 698 341 672 505 183 787 514 724 360 617 590 329 259 770 190 183 258 597 335 923 661 611 723 296 227 670 530 725 802 634 165 330 408 618 273 750 784 488 669 442 491 624 670 580 564 497 405 310 331 353 358 392 620 787 224 135 439 762 449 647 447 289 81 256 69 92 772 501 511 709 40 400 498 685 358 730 653 476 452 263 502 593 452 759 739 654 133 792 503 697 303 722 693 212 770 407 213 592 516 538 712 315 410 237 480 456 463 352 545 628 647 393 113 127 786 449 619 556 639 407 258 726 471 78 696 220 696 400 667 709 318 762 771 94 232 615 86 69 898 946 201 705 213 677 790 566 179 223 938 303 238 668 396 785 733 535 422 665 191 417 380 855 623 661 429 807 362 819 250 861 199 359 641 757 825 137 676 916 796 848 192 737 675 423 305 763 229 715 171 896 469 348 639 427 755 725 446 139 536 513 184 595 445 643 211 507 626 814 47 280 533 570 477 231 272 375 226 455 79 231 183 150 660 314 178 295 332 562 178 604 456 48 660 940 733 341 512 265 681 766 247 422 677 302
649 949 584 0 918 554 1129 801 847 741 306 1010 364 385 746 942 901 703 711 565 244 609 248 836 1229 772 48 652 767 618 624 1001 593 618 939 556 912 582 1125 508 904 454 917 1034 660 901 182 1052 501 1082 818 435 928 654 908 778 341 468 580 1014 203 487 693 907 491 605 854 88 787 403 817 84 692 724 709 443 293 818 991 400 411 575 602 285 930 374 510 1068 879 808 838 706 844 930 1106 515 906 546 568 504 1129 798 217 1065 959 103 680 389 970 179 224 832 323 808 837 411 651 1014 620 803 692 778 812 899 733 786 430 647 811 642 676 1182 772 734 1135 599 249 297 1110 905 1086 865 828 133 767 955 335 476 1132 1003 187 653 982 184 629 412 836 1084 447 624 200 796 944 976 67 1157 678 947 415 961 481 330 735 77 1069 92 864 694 642 1160 176 885 50 894 774 841 1118 438 661 980 622 745 387 384 926 278 1192 1077 676 353 301 501 653 831 931 610 836 724 127 1089 149 432 446 863 295 408 1060 344 624 1177 949 842 118 447 822 916 865 878 964 893 812 227 867 807 832 663 230 68 788 1258 687 233 898 1177 690 408 461 335 960 304 607 358 1083 719 960 228 819 343 734 950 829 837 461 936 593 749 54 994 1000 573 934 716 1023 549 846 394 784 117 809 349 208 767 765 568 376 684 602 724 849 504 792 851 32 651 402 982 617 924 896 490 696 816 339 1043 724 342 259 853 533
710 284 665 918 0 412 226 483 418 560 612 141 587 614 816 300 131 250 353 547 752 754 673 313 394 199 938 455 165 300 480 95 678 581 489 466 194 371 304 609 658 788 44 507 557 420 807 144 430 392 365 507 564 465 96 479 623 842 820 129 746 526 283 502 471 456 451 984 160 724 314 837 382 305 251 536 852 557 107 665 652 429 367 852 397 665 480 186 683 642 126 212 190 203 401 815 633 375 422 467 266 334 704 250 456 824 293 659 216 766 699 309 854 398 401 516 297 228 547 626 575 227 284 326 246 220 526 609 819 701 660 341 168 187 334 625 678 631 319 528 210 69 203 848 459 328 645 443 261 85 833 782 141 737 427 536 197 254 830 520 868 654 151 342 851 376 350 505 838 381 439 591 316 842 328 912 370 692 782 283 747 45 868 26 264 664 275 486 675 67 446 283 532 661 62 704 377 162 645 744 693 653 656 465 434 465 174 490 920 172 792 618 842 495 807 834 243 576 540 387 256 294 911 583 282 500 360 43 80 353 350 747 303 810 408 469 743 985 307 428 567 815 419 304 553 641 659 717 507 671 532 750 221 782 322 690 385 675 239 109 211 254 743 233 332 579 887 549 167 468 281 249 151 699 579 551 134 813 624 634 787 523 209 590 639 498 515 271 885 538 438 916 921 489 588 485 699 14 460 623 323 153 802 191 397 688 660 113 427
660 395 585 554 412 0 638 309 323 604 276 472 330 395 791 389 359 307 165 176 350 672 340 286 789 356 562 158 246 162 153 476 602 241 684 77 360 42 689 215 770 617 396 752 546 616 411 524 231 714 279 278 448 168 372 570 364 670 708 533 359 115 143 672 64 113 605 604 342 530 266 483 155 390 167 125 597 651 459 468 460 350 49 593 393 253 68 592 772 704 304 218 294 377 733 671 755 188 33 312 668 251 341 627 677 478 130 247 550 382 331 495 612 535 559 247 280 585 211 690 582 387 258 558 185 390 308 579 827 650 638 736 326 268 711 561 356 257 689 687 615 346 424 524 548 600 240 137 665 489 434 717 440 371 112 301 285 639 650 190 572 705 498 622 490 746 380 699 641 634 132 235 412 477 672 526 559 673 711 690 406 394 504 393 410 737 668 140 641 480 417 191 225 248 399 429 763 575 626 522 287 523 620 326 403 425 289 539 527 582 411 438 659 366 555 633 620 262 208 762 555 494 520 410 470 676 323 381 480 571 269 450 315 819 305 475 448 615 236 823 573 409 369 710 265 446 254 305 708 402 188 531 620 752 408 334 535 264 340 413 277 465 581 534 108 623 512 753 545 393 559 171 484 593 684 160 289 470 692 389 490 594 356 510 419 516 466 171 891 406 552 913 565 482 178 708 633 423 381 224 376 376 571 583 196 454 326 320 290
820 435 793 1129 226 638 0 678 603 647 823 236 782 797 904 454 320 431 570 770 975 874 881 505 200 364 1152 674 392 517 701 189 804 799 499 691 367 597 157 834 690 940 249 472 671 448 1028 167 630 311 560 703 732 684 290 559 815 992 947 115 965 752 508 526 697 680 501 1199 343 890 512 1046 600 446 477 761 1031 618 220 837 822 596 593 1032 557 891 706 69 725 706 345 432 394 366 304 955 663 583 648 649 89 535 918 151 455 1031 519 885 217 984 914 389 1028 474 462 720 484 185 766 692 678 371 486 362 469 363 717 723 890 813 764 156 357 396 191 752 883 849 194 554 66 294 325 1048 544 328 869 660 75 159 1055 892 268 951 650 731 403 132 984 740 1059 722 202 328 1062 233 498 511 997 376 656 807 448 1054 243 1129 421 791 894 78 954 248 1080 245 394 718 119 704 783 158 591 500 742 887 253 896 204 69 749 917 917 803 766 654 594 610 384 589 1139 73 1010 788 995 676 987 994 148 785 759 232 268 372 1130 756 376 520 541 259 165 390 546 943 486 882 597 594 939 1197 513 232 672 1038 590 97 765 814 884 943 508 863 752 922 88 876 469 903 457 900 406 267 416 347 896 260 555 663 1101 537 149 625 301 474 232 834 629 774 354 1019 688 822 982 604 373 729 820 611 653 493 951 702 516 984 1128 615 814 473 817 215 632 848 472 316 975 113 609 869 870 330 613
960 262 887 801 483 309 678 0 82 879 569 447 639 705 1089 244 360 534 174 237 562 977 629 173 869 551 795 158 369 416 181 489 904 201 908 262 311 318 787 302 1031 927 444 954 833 835 628 518 534 868 119 588 139 152 394 828 672 980 1016 610 598 320 273 906 348 209 841 828 517 840 169 746 164 628 300 371 899 913 458 778 770 639 290 894 166 432 313 661 1040 978 361 408 293 314 880 981 1012 480 278 614 742 150 610 734 888 746 275 417 689 622 598 708 915 773 790 557 532 710 186 963 867 591 199 756 280 590 617 872 1119 949 931 818 506 455 818 860 648 530 803 926 685 420 607 804 804 780 467 447 733 521 638 1021 412 635 198 611 286 737 959 177 862 982 625 799 746 860 638 924 950 826 442 523 650 730 809 747 777 967 1015 750 684 496 755 481 627 1009 755 446 937 540 699 224 532 422 434 731 858 609 918 830 500 830 916 35 147 711 309 808 736 606 653 747 968 61 858 942 727 565 181 870 716 699 733 718 678 908 141 479 563 776 134 746 192 1111 82 752 744 852 179 903 857 599 122 771 130 756 359 479 930 707 196 839 700 1051 243 610 768 461 558 411 273 661 891 692 376 899 751 976 650 685 733 295 455 899 944 433 430 742 964 698 783 860 556 810 729 793 757 256 1185 710 800 1209 821 764 402 920 934 498 100 322 624 544 878 674 123 762 615 371 586
948 181 879 847 418 323 603 82 0 853 595 369 652 714 1075 162 290 501 163 293 613 970 658 106 797 508 845 196 322 399 225 414 896 271 864 293 236 320 718 364 998 934 377 904 814 791 680 440 531 808 60 593 155 194 325 796 686 988 1015 541 644 360 249 865 372 243 802 880 471 849 110 786 167 595 269 407 920 882 382 785 777 624 292 916 89 486 343 590 1010 951 301 374 229 237 818 984 978 472 296 609 670 100 647 668 841 785 255 472 629 668 635 664 935 735 750 567 507 646 250 936 846 549 141 707 243 547 622 856 1101 938 916 746 462 416 750 849 675 564 736 886 614 358 560 838 773 727 512 456 661 448 693 1012 336 674 222 618 223 669 969 235 892 957 564 745 789 793 611 880 962 775 450 551 616 773 746 799 733 951 1007 677 719 435 800 418 586 981 685 464 923 471 680 188 548 476 364 752 787 534 902 844 550 829 902 51 83 694 248 782 791 530 699 751 978 77 878 954 660 585 244 802 660 654 787 720 634 866 61 418 497 730 77 771 117 1092 18 730 770 901 131 831 836 656 51 697 205 763 422 536 885 725 254 852 630 1037 161 644 728 512 521 337 211 615 896 636 367 874 799 930 585 671 679 262 376 895 911 465 382 779 936 711 810 831 515 800 739 770 742 224 1167 705 765 1193 864 744 445 872 925 433 60 383 594 495 894 607 127 776 644 310 577
180 801 186 741 560 604 647 879 853 0 526 701 411 363 259 811 655 356 704 774 734 241 541 762 633 371 783 753 544 463 756 650 188 844 222 679 712 576 549 791 176 359 595 318 81 222 748 688 384 430 793 383 1006 765 631 88 417 396 317 554 684 683 607 184 609 716 161 829 414 356 750 665 716 267 584 645 510 77 667 342 330 255 600 515 880 743 647 579 169 100 598 481 663 729 455 345 170 416 636 313 593 754 608 511 258 642 603 749 429 689 614 261 492 173 186 429 346 465 815 86 51 335 721 287 610 341 366 105 260 175 121 604 416 446 539 153 525 595 516 172 582 566 357 615 103 333 680 489 603 622 781 248 698 630 706 385 664 535 398 794 580 103 456 344 688 537 242 224 424 304 492 552 249 691 456 793 228 144 252 629 588 515 707 537 296 133 566 524 143 576 186 664 475 747 613 464 590 637 108 404 712 248 131 881 909 181 643 72 819 656 697 310 408 921 479 424 511 488 812 558 380 279 808 301 282 194 817 524 537 262 777 514 773 251 836 128 511 803 723 650 54 794 881 636 867 333 805 768 237 442 791 403 564 228 836 588 189 727 343 662 670 312 323 386 509 20 744 261 500 219 348 591 710 233 105 601 496 627 88 400 536 44 362 173 367 87 155 629 326 253 131 357 723 122 673 270 188 552 912 791 261 409 445 534 756 399 539 601 320
504 666 426 306 612 276 823 569 595 526 0 708 120 187 630 661 601 402 441 360 207 492 65 561 931 470 328 410 463 312 391 696 441 430 688 307 618 293 827 336 702 389 612 777 448 637 231 747 202 799 554 152 707 417 605 535 132 435 504 708 164 257 402 662 223 360 601 376 482 302 542 225 429 436 412 203 329 596 687 252 251 303 317 324 669 238 256 763 689 614 536 400 549 636 822 453 697 240 299 229 827 527 98 765 699 213 389 248 672 175 98 549 348 543 572 114 350 715 417 605 486 481 531 618 439 488 162 457 682 495 506 882 467 427 839 420 80 72 814 666 782 559 530 250 519 672 169 172 829 697 264 541 681 130 375 142 542 784 412 409 296 608 642 694 239 864 395 699 396 687 177 47 451 230 778 311 592 535 532 857 137 578 256 587 482 650 817 140 499 673 364 460 81 245 621 165 896 770 499 277 189 343 483 592 677 359 539 486 327 782 194 247 419 630 291 387 760 42 417 883 656 556 317 237 535 670 599 571 658 617 545 176 590 676 578 417 174 373 511 961 478 270 644 874 487 239 322 249 711 148 396 286 779 594 682 80 552 213 434 648 537 546 365 641 291 540 278 751 697 318 645 420 721 413 628 138 477 203 609 160 214 538 464 373 201 450 371 434 738 274 538 752 309 412 195 726 472 617 651 326 410 513 315 740 468 214 51 550 246
850 198 802 1010 141 472 236 447 369 701 708 0 700 735 957 218 113 382 363 571 822 893 771 277 435 337 1025 466 244 399 497 61 817 588 621 507 138 435 370 640 795 919 111 627 697 553 882 70 543 493 331 621 495 475 103 620 737 975 957 204 825 575 329 636 535 483 589 1069 297 852 287 932 393 444 305 597 973 697 34 791 778 560 422 972 321 720 534 238 821 782 172 313 185 133 496 950 770 483 471 590 312 312 793 332 584 922 342 711 331 847 787 448 976 537 539 623 424 329 556 767 716 368 265 458 287 361 643 749 960 841 801 387 302 305 404 764 780 715 396 662 260 156 343 953 599 452 712 536 301 100 905 922 35 826 452 651 194 325 961 531 980 794 272 463 944 449 487 636 967 506 530 680 457 933 424 993 506 833 921 313 845 186 960 164 405 803 333 572 816 143 583 299 632 714 94 817 432 170 785 868 759 787 796 421 358 602 184 631 997 162 876 744 973 441 927 962 325 677 549 453 378 432 990 710 422 633 308 179 183 487 319 856 254 951 365 609 853 1075 295 468 707 881 354 333 544 767 695 773 636 784 546 874 280 923 233 782 524 735 375 59 206 393 875 358 417 720 974 676 264 602 408 300 12 835 718 626 245 911 764 751 898 664 347 727 761 639 652 304 1025 668 578 1057 1016 628 649 611 838 149 396 656 461 293 925 268 393 809 758 157 550
385 693 306 364 587 330 782 639 652 411 120 700 0 71 512 692 603 351 490 453 324 376 131 600 868 419 398 483 459 304 469 678 321 525 586 382 631 333 764 441 586 290 596 678 332 541 337 729 157 717 604 79 778 491 599 428 36 341 394 667 273 348 429 557 294 433 499 446 440 202 581 280 485 361 430 297 277 483 675 143 139 211 361 275 716 355 334 718 571 496 534 387 563 650 742 349 582 217 360 140 774 571 197 705 601 261 417 365 610 278 203 467 287 447 476 85 298 653 507 487 368 419 565 535 459 428 66 338 563 375 386 822 427 400 773 300 120 192 747 559 734 545 469 266 414 591 287 196 777 673 370 425 678 221 441 51 557 726 320 495 280 489 589 612 300 793 313 595 310 598 202 157 371 299 705 395 501 415 416 806 190 548 320 561 411 532 760 193 379 642 262 493 108 361 608 117 830 736 379 191 309 225 363 657 730 253 549 377 417 751 289 128 329 697 232 303 701 91 506 813 586 477 406 117 458 565 645 544 621 530 592 160 625 556 634 310 156 432 550 896 361 383 697 822 574 125 434 369 608 83 484 200 728 475 715 177 458 332 378 642 555 474 259 574 304 424 351 646 646 213 570 438 713 296 514 235 458 247 492 58 200 426 411 253 91 339 258 461 619 158 436 634 356 302 302 627 353 590 711 433 333 466 242 689 527 123 128 547 172
318 743 239 385 614 395 797 705 714 363 187 735 71 0 442 744 643 368 551 523 383 305 182 656 866 433 425 550 500 348 538 708 254 596 553 450 676 393 765 512 534 222 627 648 281 516 389 758 196 703 663 122 844 559 636 392 58 275 323 682 328 419 483 522 363 501 468 472 460 135 638 305 548 360 480 368 237 437 708 73 67 205 422 237 774 425 403 730 515 441 574 425 609 696 728 279 532 260 426 148 780 629 251 708 573 283 472 435 612 329 259 457 241 424 452 147 318 656 577 433 316 427 620 522 510 435 95 279 496 308 323 823 449 430 770 237 164 260 744 520 745 579 476 270 381 579 356 258 785 699 421 355 715 269 507 95 604 729 254 564 263 433 598 599 328 787 309 561 248 580 264 228 366 330 698 430 482 351 346 814 225 573 347 588 412 476 764 261 315 665 239 548 178 431 641 109 827 756 318 135 375 156 300 722 790 225 594 339 456 772 335 60 264 762 192 241 704 162 576 807 582 469 445 62 452 530 703 571 640 513 651 161 680 489 695 277 158 451 606 893 310 439 757 829 644 54 505 436 574 81 554 142 737 407 767 231 436 400 390 679 603 472 188 573 357 373 383 609 655 191 563 489 748 225 467 306 490 269 438 37 194 384 424 195 26 299 216 515 550 118 406 564 372 265 374 597 285 616 773 505 332 482 191 698 590 73 184 586 187
130 1045 208 746 816 791 904 1089 1075 259 630 957 512 442 0 1052 905 596 917 946 820 141 617 992 871 623 793 948 783 676 944 907 192 1019 436 860 958 773 796 946 270 292 849 516 265 464 813 947 559 661 1017 524 1223 959 882 346 499 289 172 813 760 845 826 400 778 904 406 832 665 351 978 687 925 515 809 798 459 290 923 382 380 451 800 468 1113 867 819 836 227 205 844 713 904 976 684 235 291 609 824 478 845 978 684 763 481 664 820 877 686 756 694 520 433 432 441 567 574 720 995 217 241 589 952 541 837 596 498 219 68 141 161 849 664 686 782 229 595 702 760 376 838 817 615 613 363 582 799 659 856 881 843 93 952 695 902 512 903 787 306 978 551 187 716 589 710 773 480 431 340 544 663 669 501 720 699 820 482 125 104 880 636 771 726 793 551 209 816 680 152 835 397 889 609 874 868 504 828 896 175 397 817 286 173 1097 1139 382 884 326 852 915 754 383 311 1138 450 345 764 602 993 793 636 538 841 399 541 408 1046 779 796 514 1002 541 1007 67 1057 354 538 795 949 884 250 869 1109 886 1055 391 945 878 441 498 971 391 819 38 1078 666 448 843 590 916 908 572 287 644 713 241 767 442 758 404 603 817 967 217 288 742 741 651 223 472 543 300 613 280 430 320 333 853 108 386 389 123 719 337 812 480 160 809 1135 941 503 664 407 791 966 434 621 848 503
932 19 871 942 300 389 454 244 162 811 661 218 692 744 1052 0 170 457 231 422 722 963 726 107 653 442 946 315 269 398 347 271 887 418 781 390 107 368 583 495 936 954 256 806 786 709 787 288 549 691 144 621 277 319 205 742 728 1009 1018 409 742 463 263 789 450 349 732 986 401 874 126 872 254 544 263 500 969 826 237 811 799 613 344 966 102 602 432 451 955 904 214 341 147 97 697 996 913 485 373 617 528 148 730 538 752 867 275 591 517 766 720 588 979 669 679 606 480 526 391 888 813 482 130 618 233 478 648 834 1068 922 891 604 396 366 616 836 740 646 606 813 474 258 478 912 719 627 614 499 518 308 805 1000 187 760 320 649 148 536 992 371 955 912 452 642 879 660 572 797 991 679 493 623 562 865 625 906 655 926 997 531 794 330 892 309 522 930 547 521 902 340 656 201 599 594 239 802 648 387 876 878 658 834 881 212 140 673 168 738 902 380 796 770 1003 226 924 984 531 641 384 667 556 575 897 736 559 788 104 315 373 644 141 831 75 1059 163 698 828 1001 154 686 804 773 137 551 360 786 554 655 800 772 389 886 493 1015 25 723 660 625 467 200 145 534 912 532 387 831 897 844 461 659 580 255 222 894 852 547 315 859 887 749 872 782 451 791 770 735 724 230 1135 709 705 1164 954 714 547 781 913 314 179 514 551 415 933 475 233 813 712 214 580
790 155 735 901 131 359 320 360 290 655 601 113 603 643 905 170 0 311 254 460 709 827 665 187 509 284 914 358 143 298 388 133 750 482 612 394 63 323 427 529 771 838 88 635 640 540 769 173 448 524 241 525 433 367 35 581 639 894 887 250 714 462 216 620 423 372 565 958 241 766 192 824 285 389 193 484 878 664 106 703 691 483 309 877 265 606 420 300 792 745 68 218 75 75 532 874 747 385 358 503 381 214 684 378 582 815 229 598 347 736 677 421 884 505 513 522 345 360 449 729 663 321 165 448 174 316 549 689 915 780 745 457 240 224 459 698 675 605 446 645 324 90 311 849 559 457 599 429 372 161 793 861 81 717 341 555 84 378 879 424 880 755 282 472 835 503 425 627 882 509 424 572 406 824 459 882 487 779 858 390 738 159 851 138 361 769 395 464 758 180 516 188 527 600 74 719 497 251 730 778 646 710 737 339 302 534 71 583 885 250 765 658 890 366 833 877 370 572 442 511 385 408 878 624 393 619 230 144 208 475 227 755 173 906 282 550 752 966 192 542 654 768 288 411 444 679 583 660 630 686 438 785 340 869 193 674 495 621 314 57 97 366 794 362 310 676 864 673 296 527 409 187 125 764 689 514 165 805 727 656 797 623 293 657 669 584 586 191 982 587 543 1012 908 569 536 611 774 146 329 544 401 250 835 316 289 716 652 58 463
479 448 424 703 250 307 431 534 501 356 402 382 351 368 596 457 311 0 361 481 579 516 455 406 529 68 730 429 188 144 441 345 439 540 382 383 362 268 424 521 497 538 271 445 330 312 622 394 202 416 440 272 655 442 293 295 384 593 577 315 556 415 261 375 342 403 309 778 91 474 395 620 378 94 233 400 605 381 351 416 402 179 283 606 524 527 370 367 509 452 248 127 309 380 437 568 478 167 333 220 425 400 500 363 371 604 260 526 271 572 498 188 605 239 259 292 53 313 507 436 356 84 366 252 257 89 286 379 612 469 435 480 81 90 439 386 455 440 414 393 383 229 130 617 272 296 485 258 428 332 653 549 369 532 385 299 308 381 580 483 628 459 240 318 637 466 115 397 588 327 256 395 116 631 384 713 254 470 547 456 527 206 655 223 103 481 415 305 447 296 204 313 321 526 287 465 495 387 420 495 530 405 426 532 553 222 288 283 727 403 595 368 592 571 561 583 358 361 502 485 262 187 718 334 163 378 462 207 271 264 423 511 416 603 484 241 508 772 369 560 347 645 526 473 545 392 554 571 405 431 486 501 379 559 482 483 236 525 35 331 314 160 493 244 198 376 680 451 296 219 258 240 394 454 410 387 146 591 436 391 550 331 62 346 392 278 274 278 678 287 265 707 701 258 446 403 462 249 558 528 94 114 553 339 414 442 445 253 182
789 241 719 711 353 165 570 174 163 704 441 363 490 551 917 231 254 361 0 207 491 809 505 124 747 383 714 104 209 242 133 387 735 229 739 159 231 157 655 278 857 771 321 790 660 666 556 428 369 717 113 430 305 113 281 654 525 825 853 483 511 231 99 735 222 122 670 754 353 686 105 644 30 455 130 269 761 739 361 622 613 466 129 758 227 373 201 539 866 803 226 236 179 244 731 821 838 311 144 447 619 86 502 598 721 640 101 362 540 534 492 539 775 600 619 405 358 566 195 788 693 422 107 591 115 422 459 699 946 779 759 694 340 285 683 690 521 418 665 754 563 283 443 689 630 620 383 293 613 410 574 852 328 531 92 455 170 605 806 170 738 808 479 640 650 723 464 754 799 664 288 400 477 635 663 674 608 795 846 635 570 353 662 343 456 835 627 305 765 417 525 70 388 365 317 593 729 501 746 682 426 666 744 179 239 538 186 634 670 503 565 588 815 220 718 792 591 427 188 736 561 532 665 557 510 737 157 337 431 610 103 615 156 938 144 578 613 770 79 781 683 542 206 655 202 600 334 426 761 565 183 690 574 879 248 497 596 394 386 311 157 495 732 537 205 724 666 807 513 513 574 125 374 733 769 319 271 633 789 549 655 686 387 640 576 619 585 89 1012 543 626 1037 725 590 315 753 765 366 223 294 450 382 733 543 53 614 491 240 416
815 436 738 565 547 176 770 237 293 774 360 571 453 523 946 422 460 481 207 0 325 820 412 317 937 526 557 108 387 337 75 591 755 73 860 98 438 213 841 72 944 742 521 927 713 792 391 634 393 881 280 422 363 103 484 745 479 791 846 675 363 104 264 848 168 90 781 591 507 654 300 513 177 566 298 157 687 825 567 596 591 519 199 682 382 194 128 733 944 874 424 381 386 451 898 802 930 359 147 472 812 276 383 781 852 515 255 180 711 387 370 670 707 712 735 382 456 743 57 861 750 559 311 732 301 562 450 742 988 805 799 884 492 433 866 719 433 307 846 863 757 477 593 577 723 771 233 289 807 612 401 867 535 404 120 438 376 791 769 59 640 874 655 792 512 903 556 875 755 807 285 312 588 495 834 510 735 834 860 830 459 538 520 533 585 908 816 267 800 614 588 272 345 184 518 526 915 702 788 635 263 668 780 268 375 594 390 712 499 706 417 575 777 298 650 746 774 366 59 918 722 668 496 552 644 852 326 523 622 745 281 531 349 980 280 646 530 615 281 971 740 363 344 851 129 578 131 243 884 507 41 644 765 908 434 385 712 223 514 518 364 637 712 699 283 793 514 930 696 559 728 299 582 739 858 222 441 512 863 508 565 768 527 667 544 687 631 276 1050 561 727 1070 585 652 173 884 786 559 335 91 552 540 676 731 189 569 399 439 455
699 732 622 244 752 350 975 562 613 734 207 822 324 383 820 722 709 579 491 325 0 679 202 615 1104 645 232 418 589 460 388 823 636 374 893 332 708 386 1000 264 910 553 741 980 655 840 66 873 393 990 590 357 685 419 722 742 325 588 677 864 64 259 493 868 286 375 806 267 647 473 596 208 468 629 516 226 439 804 808 437 441 507 399 431 699 130 292 921 895 820 653 542 643 725 1012 619 905 412 355 435 992 575 136 938 902 219 480 145 850 79 125 744 465 746 775 315 531 890 378 811 692 662 596 813 535 669 370 661 877 691 707 1053 631 582 1017 621 224 144 993 873 942 690 709 289 726 865 110 322 991 833 83 728 790 130 402 349 635 955 564 384 365 813 810 887 200 1046 593 904 540 884 325 191 646 181 963 185 792 735 718 1018 197 726 203 730 670 856 986 275 699 818 571 536 272 141 746 319 1073 915 702 435 64 537 684 593 697 566 639 694 179 924 102 444 568 623 415 531 932 248 382 1064 840 749 174 439 726 876 637 716 811 815 587 294 647 870 599 625 295 290 569 1136 685 66 665 1037 446 430 217 92 916 321 366 443 943 786 738 154 753 101 613 763 626 733 539 823 420 747 191 957 863 525 834 521 834 603 836 200 620 222 816 350 312 746 640 577 391 658 579 520 928 481 743 939 268 620 176 930 666 760 659 246 604 680 453 905 495 386 199 668 447
62 958 92 609 754 672 874 977 970 241 492 893 376 305 141 963 827 516 809 820 679 0 477 894 873 555 656 830 696 573 823 849 77 893 458 738 876 658 787 815 336 159 782 550 203 463 671 893 442 671 914 398 1113 840 809 325 360 173 76 773 619 717 723 419 653 784 402 695 596 210 879 547 813 449 710 668 329 303 861 242 241 351 686 337 1016 730 694 805 300 245 763 622 817 894 696 116 349 498 705 362 827 876 543 745 497 524 716 740 658 615 553 485 304 405 423 438 484 697 870 248 199 528 854 522 739 536 369 150 203 65 120 843 592 603 779 129 455 564 755 402 810 744 562 475 334 572 661 537 837 827 702 49 883 554 784 382 815 769 183 855 418 227 676 584 570 778 405 457 216 545 541 533 439 580 696 680 464 111 40 863 494 708 587 729 494 267 801 553 98 783 311 788 477 737 800 363 830 856 132 257 678 152 110 988 1038 293 798 286 712 874 612 248 191 1028 315 220 745 467 869 799 612 502 701 267 499 429 947 714 747 499 899 400 912 198 952 286 397 660 849 891 204 728 1007 871 933 253 811 739 470 358 847 251 794 110 989 525 421 706 517 846 818 528 148 615 604 232 628 484 725 304 582 718 904 80 316 609 662 511 255 333 404 285 545 172 291 263 241 752 249 266 365 260 583 265 679 505 56 749 1031 809 431 601 272 762 855 293 481 769 393
497 731 420 248 673 340 881 629 658 541 65 771 131 182 617 726 665 455 505 412 202 477 0 625 982 524 275 470 527 374 449 758 434 480 717 366 683 358 878 380 715 358 674 809 461 671 207 809 253 842 618 190 765 476 668 560 125 399 479 766 145 312 467 689 285 419 630 323 539 274 606 165 492 480 477 258 276 614 750 234 238 338 382 270 732 267 316 820 698 623 600 462 614 702 866 423 712 298 362 265 881 591 68 817 732 151 454 280 723 147 77 591 297 577 606 162 403 766 469 615 497 531 596 660 504 539 191 462 674 488 506 934 524 487 889 420 23 105 864 691 838 622 581 185 546 715 199 236 883 758 239 526 745 89 436 171 607 836 375 464 234 615 696 737 181 912 436 727 355 726 241 106 493 175 825 266 629 533 516 912 73 638 200 648 529 658 870 205 497 733 393 525 140 275 684 123 946 829 501 241 205 335 482 653 740 385 603 509 286 842 157 242 381 689 240 346 812 96 470 932 704 600 275 241 579 697 663 631 717 657 609 119 654 668 640 442 118 316 575 1012 490 256 706 929 540 228 357 265 740 119 449 249 834 583 747 48 587 238 486 712 602 593 340 690 355 553 226 777 752 345 691 485 784 400 645 195 539 140 620 148 154 558 517 378 188 470 389 499 726 289 567 737 247 434 241 758 464 678 713 368 453 568 271 795 530 185 14 614 289
867 118 802 836 313 286 505 173 106 762 561 277 600 656 992 107 187 406 124 317 615 894 625 0 696 408 839 209 222 321 242 316 818 319 761 283 139 269 614 390 900 871 272 798 728 688 680 347 465 702 54 533 258 214 221 700 636 926 943 437 635 355 173 763 345 242 702 879 369 789 19 768 147 499 184 394 875 786 285 725 715 544 243 872 121 495 326 488 915 858 195 281 123 145 712 918 879 402 268 538 568 41 626 563 737 763 183 483 523 659 615 562 887 636 649 514 418 541 290 843 758 448 40 603 154 446 561 772 1014 857 831 644 361 318 646 769 640 542 631 786 512 252 456 810 677 621 507 404 560 347 698 934 242 655 213 560 117 565 908 268 856 865 458 639 774 689 519 777 905 670 398 521 519 759 640 799 631 867 929 577 692 329 786 312 486 887 582 422 840 367 595 108 502 486 261 707 685 436 817 789 550 758 819 152 147 610 142 689 794 433 689 687 918 183 831 898 555 543 283 698 554 552 789 654 532 764 55 312 392 626 42 733 32 1005 95 642 731 894 50 730 748 665 120 598 268 701 448 548 782 678 285 797 527 954 124 620 628 517 423 237 105 511 831 530 299 782 791 827 480 591 573 176 286 821 814 442 280 756 843 658 773 737 415 722 682 681 660 143 1081 633 667 1108 849 656 440 768 846 327 155 408 501 391 842 502 128 722 611 203 503
813 634 805 1229 394 789 200 869 797 633 931 435 868 866 871 653 509 529 747 937 1104 873 982 696 0 461 1257 848 550 647 873 383 812 975 436 851 561 746 104 996 623 970 427 373 679 411 1151 367 729 211 750 794 930 859 475 548 896 1015 949 264 1085 905 673 471 842 847 472 1306 457 935 700 1145 776 508 639 905 1086 582 416 891 877 662 748 1089 756 1036 858 209 663 665 520 571 579 562 190 971 596 695 804 727 128 722 1029 166 390 1127 682 1033 258 1102 1027 413 1078 474 452 820 580 215 940 653 675 450 673 357 638 443 801 727 843 808 755 53 473 526 96 766 980 969 122 496 184 463 401 1132 541 303 1005 782 136 349 1181 880 465 1061 819 818 587 150 1012 914 1129 683 294 289 1163 98 557 443 1031 329 779 924 500 1158 177 1243 412 774 884 122 1053 398 1182 405 456 667 121 829 776 331 635 677 850 1034 436 973 43 265 741 971 1052 836 763 847 793 652 566 592 1257 274 1124 844 1023 872 1045 1029 171 890 933 79 284 399 1247 815 414 463 736 414 316 376 736 1023 679 835 790 620 1020 1297 698 34 671 1170 787 103 947 871 1042 1085 435 941 925 974 172 849 668 1012 457 1040 497 460 601 394 927 293 693 644 1208 449 244 679 305 638 432 850 583 907 500 1114 648 897 1059 588 466 755 886 623 686 663 896 757 510 930 1223 639 956 396 818 380 830 1008 536 423 1025 206 790 933 972 507 696
513 432 465 772 199 356 364 551 508 371 470 337 419 433 623 442 284 68 383 526 645 555 524 408 461 0 798 463 186 196 478 294 479 580 356 429 341 314 357 571 494 592 227 407 360 284 689 340 270 358 448 341 663 475 259 299 451 646 621 249 624 468 285 356 397 443 294 846 42 532 399 688 405 107 253 458 668 383 305 476 462 236 326 669 520 587 422 299 512 462 228 149 298 357 378 617 472 233 379 285 357 409 568 295 338 672 287 585 205 640 566 156 667 228 241 361 121 246 546 446 381 40 368 208 271 39 353 411 632 504 464 411 46 97 372 426 524 507 348 378 315 194 68 685 276 244 548 323 359 276 720 585 329 600 422 367 299 313 635 521 694 471 171 266 706 401 150 372 645 283 320 462 122 699 321 782 226 498 583 388 596 153 724 173 79 487 346 370 479 236 247 326 389 585 245 532 428 323 449 556 594 456 459 545 552 266 276 299 795 340 663 428 646 582 624 640 290 430 541 419 201 148 786 395 127 357 463 158 207 226 431 578 413 622 493 271 575 840 378 492 372 711 528 405 577 453 608 632 378 498 526 562 310 588 468 551 220 587 42 293 307 112 547 181 249 392 748 424 227 271 203 258 348 500 409 450 128 659 444 457 617 340 10 391 456 303 316 295 698 344 262 728 769 291 506 370 500 195 563 579 124 49 614 271 436 506 513 229 248
695 954 629 48 938 562 1152 795 845 783 328 1025 398 425 793 946 914 730 714 557 232 656 275 839 1257 798 0 649 783 637 619 1018 638 606 978 557 922 592 1153 496 948 502 934 1072 702 938 166 1069 528 1115 818 465 918 650 922 817 377 517 628 1037 203 486 703 947 498 604 892 48 811 449 820 119 694 755 721 445 342 860 1007 444 454 609 610 333 929 363 513 1092 924 852 853 725 854 939 1139 564 950 569 573 537 1155 800 233 1092 996 141 689 378 999 180 239 865 371 844 873 437 677 1042 611 847 734 807 817 932 744 814 463 690 859 689 721 1209 796 755 1165 643 279 309 1139 945 1111 882 856 180 806 988 333 494 1157 1022 163 700 995 200 629 444 846 1111 496 617 248 841 970 1010 97 1187 710 986 463 996 499 346 768 99 1100 55 899 740 689 1185 207 906 78 913 804 885 1145 453 707 1000 658 752 410 373 942 319 1222 1097 721 400 294 546 698 825 928 647 847 764 85 1109 150 473 494 856 343 456 1088 368 615 1207 979 874 79 486 854 955 865 898 987 928 813 269 870 855 829 701 273 57 792 1287 729 209 896 1203 679 450 446 320 999 343 599 405 1108 766 963 248 855 334 761 965 838 868 508 966 609 792 50 1034 1026 609 966 727 1037 595 889 402 803 156 852 388 253 808 792 611 417 724 641 733 898 543 830 900 79 690 400 1021 663 944 891 478 728 841 387 1069 724 385 285 868 563
818 328 743 652 455 158 674 158 196 753 410 466 483 550 948 315 358 429 104 108 418 830 470 209 848 463 649 0 303 294 32 491 760 126 812 103 332 177 755 180 915 772 425 870 700 741 484 532 389 809 174 436 297 12 385 712 514 824 866 584 448 164 182 804 189 50 738 685 438 685 192 592 73 521 216 214 740 796 465 623 616 504 152 735 281 292 154 641 920 854 329 314 283 344 824 828 898 341 125 470 721 168 454 697 799 591 177 279 634 472 442 615 757 668 689 402 416 662 92 839 735 500 204 672 211 502 465 735 983 807 794 795 424 366 782 719 489 372 763 822 665 385 527 647 690 706 316 295 716 514 499 876 431 480 47 457 274 704 803 65 704 856 574 727 594 821 521 827 793 746 290 364 544 578 758 604 683 829 869 737 527 452 604 443 531 887 728 289 798 520 569 173 375 283 421 573 829 605 782 673 354 681 777 183 279 578 290 686 596 607 503 595 812 219 699 785 689 406 85 835 651 610 592 567 587 808 221 436 532 689 174 587 241 975 180 625 585 705 174 883 726 463 247 758 115 602 239 344 835 549 79 682 676 910 327 453 666 317 459 415 261 576 737 627 244 773 603 881 611 548 661 215 477 751 828 275 362 586 841 541 624 740 466 668 574 666 621 185 1048 564 689 1070 669 634 250 831 791 468 245 199 512 469 719 644 81 605 456 343 446
663 262 603 767 165 246 392 369 322 544 463 244 459 500 783 269 143 188 209 387 589 696 527 222 550 186 783 303 0 155 325 235 619 428 541 301 181 205 454 446 678 698 152 585 517 468 646 285 304 507 262 382 477 315 141 479 496 753 753 289 587 360 123 542 306 297 480 829 149 623 213 688 235 278 88 370 735 564 224 561 548 347 201 733 337 500 314 348 693 639 75 75 121 200 522 736 657 242 256 361 426 223 551 394 520 677 131 494 331 608 544 341 741 413 427 380 211 359 393 623 544 226 182 387 93 224 405 564 800 653 622 497 139 97 480 568 535 474 460 564 371 100 238 708 456 412 481 291 422 243 671 732 219 584 270 411 120 403 738 367 737 646 271 431 700 518 303 557 740 457 286 437 298 690 454 754 411 657 729 446 600 151 717 147 264 667 429 330 633 233 387 145 387 495 158 576 528 328 607 634 529 572 611 360 367 404 102 471 760 335 635 516 749 397 689 734 387 432 387 532 351 332 752 482 311 543 278 136 236 408 245 613 229 791 307 428 610 833 192 584 535 651 342 466 411 536 494 551 563 543 376 641 378 746 295 539 406 510 202 184 126 293 654 327 174 564 732 608 309 393 365 89 257 629 592 389 61 667 622 512 654 517 192 524 526 466 455 120 866 448 445 895 772 445 423 551 644 176 377 459 282 175 691 344 260 572 514 87 322
549 396 481 618 300 162 517 416 399 463 312 399 304 348 676 398 298 144 242 337 460 573 374 321 647 196 637 294 155 0 301 383 498 398 523 239 328 124 544 377 621 555 299 589 417 454 510 435 151 555 341 228 547 306 296 418 341 610 622 404 448 272 150 513 200 262 446 684 190 476 305 537 253 230 137 261 581 502 376 413 401 225 142 579 442 392 226 462 627 563 230 88 261 347 575 598 604 87 190 218 532 303 403 481 514 525 144 389 397 467 398 333 588 376 398 224 122 436 366 548 450 225 282 396 167 229 252 458 704 539 517 595 174 122 563 451 381 332 539 529 482 247 264 554 395 438 358 143 531 385 539 614 374 436 248 257 256 496 593 342 581 566 352 460 551 595 227 538 593 471 138 291 252 541 517 613 397 553 609 558 448 269 568 276 248 595 527 187 524 363 283 214 233 390 309 420 617 460 504 483 405 437 503 421 464 295 245 394 622 472 493 371 604 462 535 587 475 278 361 612 397 331 613 337 307 517 373 260 352 408 326 457 340 695 381 336 454 685 275 679 440 524 434 577 409 388 412 439 547 388 344 491 483 638 423 390 375 394 178 340 256 303 513 377 54 483 586 593 404 272 399 145 412 500 534 260 166 514 549 358 499 447 195 402 374 377 343 178 770 312 396 795 621 347 311 546 526 306 459 384 218 224 539 445 293 419 361 243 182
813 360 738 624 480 153 701 181 225 756 391 497 469 538 944 347 388 441 133 75 388 823 449 242 873 478 619 32 325 301 0 520 755 103 823 87 363 180 779 148 920 759 452 884 700 753 455 561 385 828 206 427 316 30 413 718 500 811 856 610 420 139 202 814 174 40 747 655 455 672 225 566 103 531 237 190 721 801 495 611 605 504 158 716 312 261 136 667 924 856 356 330 313 375 844 816 904 341 120 465 747 200 429 720 812 566 196 248 654 444 417 628 738 677 699 391 423 684 68 842 736 514 236 687 235 516 456 733 981 803 792 820 441 382 805 715 469 349 786 831 691 411 544 623 696 722 288 286 741 542 468 869 461 454 56 447 303 728 789 42 682 858 596 743 567 844 527 838 778 762 282 344 553 550 778 574 695 827 863 764 503 475 576 468 543 889 753 276 794 546 570 201 360 252 448 555 853 633 780 658 325 673 774 208 308 579 318 690 566 635 474 584 798 242 681 770 713 389 62 858 669 624 562 558 601 818 253 460 557 702 206 566 273 973 210 627 565 676 206 907 726 431 276 785 111 591 206 312 847 532 51 667 701 906 359 429 676 287 472 445 291 591 726 646 250 775 574 893 635 547 678 236 508 744 833 253 383 561 844 527 603 745 481 663 561 668 620 209 1045 559 697 1067 641 635 222 844 785 493 272 166 520 487 703 668 114 590 435 370 443
804 252 760 1001 95 476 189 489 414 650 696 61 678 708 907 271 133 345 387 591 823 849 758 316 383 294 1018 491 235 383 520 0 773 615 561 519 178 437 312 658 738 884 83 566 650 495 881 51 520 431 370 598 547 500 106 567 714 938 915 143 822 585 337 578 538 502 532 1064 256 819 322 921 417 399 309 602 946 642 33 760 747 524 428 945 373 728 541 180 765 729 172 296 208 178 435 911 712 463 480 561 258 346 785 272 524 909 349 721 270 843 779 393 948 483 483 604 392 268 582 713 668 321 297 400 296 313 618 702 908 795 753 334 264 278 346 720 764 709 337 604 203 136 292 936 547 392 715 525 247 39 906 876 83 818 471 628 217 267 926 556 959 741 213 402 934 391 445 576 934 446 520 672 410 924 363 990 450 785 876 262 832 141 951 122 357 748 276 564 769 82 541 318 617 723 76 795 377 120 738 838 762 749 749 465 411 560 201 581 995 117 871 713 937 488 901 929 264 662 575 396 318 377 987 678 369 575 353 138 123 429 357 836 297 899 408 563 833 1067 325 417 659 884 403 283 577 736 711 781 576 762 570 845 223 874 288 772 470 741 335 78 230 339 839 298 409 668 967 616 202 564 348 305 66 794 662 624 220 898 710 726 877 612 304 686 733 591 610 317 973 633 525 1005 1005 583 654 551 793 99 446 673 418 247 896 208 422 782 745 156 521
