255
0 857 566 524 398 826 864 524 903 1175 428 650 697 392 325 547 662 776 1010 880 662 942 474 590 708 990 673 626 895 1195 1074 318 422 1305 848 393 862 732 621 282 1071 473 890 514 610 889 420 1114 496 878 885 1211 180 780 867 741 336 572 33 1141 554 798 991 126 726 1191 688 535 346 234 915 875 1041 346 51 303 221 353 981 1275 250 222 939 651 899 859 619 717 194 233 562 891 433 244 653 786 1066 783 934 490 851 205 1090 648 937 1054 1034 593 442 944 851 211 945 633 503 474 341 943 699 837 432 805 756 979 721 704 753 953 461 511 890 890 416 949 534 940 700 474 448 664 1158 856 837 317 1070 972 1024 498 693 658 990 419 811 873 768 1075 63 1005 427 665 464 1089 485 561 873 1073 892 855 618 607 670 989 584 807 1053 425 639 287 148 1243 547 297 918 1191 1100 862 232 636 941 626 824 1174 931 861 1161 885 558 386 1100 771 874 1021 247 970 837 744 590 490 657 672 486 805 756 190 1092 635 194 1002 447 862 247 799 1208 515 664 585 270 814 899 674 1010 616 831 837 486 684 402 954 898 294 284 889 725 502 1102 515 859 1056 953 1021 593 549 1085 233 993
857 0 291 413 473 409 790 759 274 491 437 545 255 464 541 346 195 702 155 190 202 903 520 312 904 899 456 879 89 506 371 719 533 612 247 480 567 393 512 756 693 515 134 627 553 112 437 381 594 856 786 530 712 964 183 894 594 678 837 468 744 815 136 755 298 533 539 361 527 839 557 145 339 605 829 569 822 521 171 647 619 653 228 726 797 546 749 542 666 797 810 975 474 648 451 319 254 925 734 402 127 734 710 649 916 240 319 267 446 105 247 839 106 757 360 494 805 626 417 296 466 574 920 929 758 476 399 166 431 395 316 623 442 97 329 258 934 431 799 227 562 292 848 562 367 694 269 382 186 650 136 809 202 296 121 260 816 690 480 193 447 580 411 346 601 270 50 973 290 259 220 274 680 223 575 670 596 583 736 567 775 573 605 534 321 178 625 260 672 231 413 493 1012 79 547 813 475 521 640 950 178 734 620 954 525 125 499 434 283 603 386 97 775 790 422 370 681 294 642 348 621 967 618 402 547 424 589 196 708 219 690 286 194 646 548 379 828 154 171 563 606 272 371 445 531 535 160 532 101 290 297 310 347 628 768
566 291 0 205 192 420 707 555 401 680 154 418 209 173 254 127 97 603 444 350 106 821 300 134 738 837 355 691 335 699 563 459 289 812 347 200 547 344 373 489 735 293 340 429 404 334 147 593 388 761 713 719 425 809 336 741 327 499 547 649 552 699 425 466 271 710 433 135 244 564 569 331 528 343 539 283 546 238 426 814 331 365 410 571 727 531 578 451 376 522 612 855 217 364 337 336 513 779 697 154 303 453 755 506 828 500 515 44 182 381 348 561 381 591 82 269 550 628 340 362 207 522 767 854 625 391 364 403 174 163 413 599 152 384 60 422 759 185 570 138 706 374 740 280 559 688 489 126 146 510 425 571 293 389 212 522 525 701 223 100 201 678 163 147 575 524 327 841 143 69 140 465 505 298 655 438 456 297 448 756 577 287 602 710 560 330 334 132 658 62 422 681 897 301 700 732 300 254 718 795 339 737 331 869 504 183 342 203 186 478 120 248 652 509 597 249 392 482 418 409 333 817 763 180 427 264 299 292 663 145 704 136 308 589 337 297 585 400 357 273 324 390 323 228 658 337 320 633 388 494 115 36 560 339 748
524 413 205 0 287 625 894 691 593 866 259 603 185 209 212 316 266 789 565 369 294 1006 450 102 889 1027 551 830 485 883 745 541 418 995 327 149 749 548 557 556 940 443 506 579 582 493 185 769 538 943 903 905 443 963 357 899 415 656 517 836 696 876 525 402 202 899 623 318 187 607 773 376 710 437 483 226 586 311 488 1007 357 387 589 736 917 734 735 644 336 569 748 1026 348 403 532 261 664 940 895 314 357 489 960 679 1011 650 694 247 95 470 542 596 518 749 239 420 631 832 541 312 95 721 924 1040 797 588 569 455 317 334 365 801 224 484 243 607 904 337 680 338 903 572 918 209 741 890 659 290 335 685 525 673 299 587 383 671 505 905 97 245 349 881 321 69 777 678 430 1007 347 273 339 644 664 492 859 559 634 336 453 942 715 232 806 899 723 353 322 153 860 221 627 867 1069 455 894 920 477 361 922 950 518 940 352 1052 708 348 523 364 391 660 106 412 827 540 785 449 405 663 548 611 356 975 960 353 614 452 269 482 860 345 908 126 320 786 488 500 679 461 531 287 377 583 527 31 856 497 497 835 514 670 318 230 735 298 947
398 473 192 287 0 457 633 403 508 785 38 351 384 84 159 149 280 529 621 541 271 740 171 282 602 769 329 542 501 805 679 271 131 916 532 164 537 364 307 298 746 165 492 295 321 492 102 718 254 675 646 822 239 677 527 614 138 373 374 752 409 603 610 322 437 806 380 137 171 371 578 523 645 157 382 184 353 47 618 898 150 181 540 457 661 527 451 406 229 329 461 746 70 174 307 504 668 656 657 95 496 261 765 408 742 656 637 206 201 570 455 368 552 465 113 146 363 623 339 540 217 494 638 776 521 367 386 595 68 118 593 580 63 569 144 542 616 89 397 266 782 464 645 196 675 670 626 99 298 415 609 394 481 481 373 677 349 693 230 291 89 728 92 272 558 675 514 724 220 214 272 591 382 409 697 272 370 112 265 856 427 184 596 806 701 521 175 307 638 254 457 785 789 466 782 659 224 74 752 664 475 722 152 782 502 353 271 115 260 400 186 411 554 317 701 257 210 605 261 478 152 689 836 128 364 224 168 415 621 276 697 299 498 548 208 311 403 592 499 113 133 494 350 291 728 223 460 689 564 623 195 165 688 202 714
826 409 420 625 457 0 391 481 173 366 447 228 570 517 608 329 381 317 453 593 345 500 354 543 558 491 161 560 346 386 297 558 403 488 637 584 158 94 229 605 316 354 298 376 261 318 510 346 366 458 383 397 646 602 583 536 490 383 796 333 452 432 494 773 633 373 198 334 612 697 155 550 276 483 822 637 689 490 569 449 584 606 248 389 393 137 426 183 683 662 514 586 401 582 177 681 396 558 325 366 527 636 336 317 514 393 282 377 589 498 169 708 389 429 408 351 614 222 127 678 613 175 560 523 395 142 72 572 388 340 711 213 482 477 390 221 593 368 556 291 332 126 458 644 295 289 312 375 311 312 493 579 582 132 312 406 766 292 630 411 372 271 366 565 192 389 454 592 279 352 293 262 378 186 241 460 275 550 678 425 486 637 199 373 377 578 627 516 265 416 5 365 620 334 336 411 270 442 300 588 245 333 589 551 117 338 248 345 233 263 533 316 401 679 291 200 633 260 429 77 587 600 382 328 220 241 626 212 300 287 293 534 582 242 352 146 606 558 266 569 543 164 106 648 275 324 255 233 419 289 310 398 331 659 361
864 790 707 894 633 391 0 348 561 654 648 291 901 717 787 582 711 105 844 965 674 115 463 841 258 135 356 314 736 668 640 545 512 732 999 796 242 399 337 583 318 469 688 362 313 708 726 688 393 68 27 667 700 260 954 218 572 293 830 628 314 89 884 869 966 633 274 577 803 655 286 925 632 551 883 808 658 638 957 644 688 692 636 212 37 263 249 259 800 638 330 201 563 659 371 1024 777 214 123 580 899 661 327 229 125 776 645 675 825 885 559 675 780 236 655 486 541 238 384 1033 845 216 231 146 145 325 391 956 583 559 1073 200 688 865 655 606 296 560 438 619 553 517 83 823 640 201 689 604 653 220 884 469 941 522 680 785 801 241 860 742 552 444 574 851 212 766 838 218 574 654 624 640 281 569 404 441 263 670 728 677 330 806 239 632 741 948 750 832 190 731 386 650 231 720 573 25 418 575 400 251 636 224 696 165 276 698 371 533 547 235 788 694 112 676 609 463 708 633 425 465 692 249 570 541 281 443 776 596 115 620 246 842 946 148 429 427 496 943 658 714 639 554 423 907 508 410 644 450 810 661 596 674 685 794 164
524 759 555 691 403 481 348 0 635 841 433 253 765 484 525 437 606 278 869 889 578 417 255 674 205 468 335 139 742 859 778 211 274 952 899 558 428 417 264 242 611 262 708 132 225 720 505 828 169 354 372 867 375 282 875 227 288 98 491 809 36 275 886 549 825 839 284 425 547 307 491 859 756 264 549 537 311 384 929 889 392 385 701 139 385 437 99 304 497 293 57 375 346 352 328 891 855 271 439 401 831 328 626 177 412 848 760 543 602 864 603 327 796 112 478 286 193 489 379 918 616 367 248 454 203 340 428 916 385 393 968 433 467 854 495 684 214 371 92 536 778 579 313 556 777 496 780 429 578 185 885 123 842 593 638 865 463 534 626 631 355 682 392 670 423 852 809 344 474 533 543 732 105 583 640 134 207 387 400 890 26 533 471 838 851 869 455 687 469 604 477 839 417 714 790 367 283 329 666 270 665 538 400 446 425 638 265 352 475 226 588 667 236 334 771 392 393 735 142 551 396 297 814 378 261 335 495 605 409 542 540 686 854 365 219 400 151 908 692 440 348 622 428 693 722 226 663 665 819 762 477 519 810 502 496
903 274 401 593 508 173 561 635 0 280 485 384 490 544 636 360 327 490 284 465 300 668 459 497 729 653 300 726 194 300 171 675 498 413 520 595 321 218 371 719 419 456 144 516 410 166 528 212 497 630 551 319 730 775 458 709 581 539 876 248 609 606 331 829 546 308 361 371 633 812 296 419 138 581 890 666 800 550 416 414 653 680 74 557 560 300 591 351 736 772 673 759 470 663 308 582 224 732 483 413 401 732 436 482 682 220 133 358 584 346 54 819 227 595 424 445 743 364 256 567 608 348 733 688 567 298 208 425 442 392 590 373 511 322 397 49 764 428 701 265 310 55 631 668 167 433 145 411 259 478 331 720 470 42 219 234 849 423 625 351 438 308 418 526 354 218 312 766 290 335 262 97 536 103 301 590 435 616 760 355 643 669 347 308 217 453 683 457 415 371 179 281 792 194 300 581 382 518 366 762 96 467 656 718 285 253 378 413 247 428 522 203 575 781 197 277 709 103 558 96 656 773 367 387 379 337 668 111 463 256 423 480 466 413 469 243 745 409 107 620 620 14 208 622 268 444 115 260 258 128 320 394 186 705 509
1175 491 680 866 785 366 654 841 280 0 764 591 740 825 917 638 600 623 407 664 576 733 714 766 881 695 527 901 403 19 121 924 759 132 731 876 432 452 596 970 379 713 367 742 627 385 809 116 733 718 633 39 999 906 662 850 845 742 1147 33 809 725 473 1107 788 47 558 649 914 1063 374 620 156 842 1165 947 1053 825 570 160 926 952 276 732 636 417 774 536 1014 1026 867 852 742 932 543 810 273 860 539 690 612 995 385 668 751 283 173 638 863 515 335 1073 398 773 704 706 981 415 490 781 887 487 870 740 717 508 434 593 718 667 791 457 791 488 678 258 919 702 920 545 124 320 736 949 126 464 222 689 535 661 472 945 692 303 483 274 1119 432 904 621 711 222 693 797 452 252 508 872 570 615 542 222 736 384 254 827 634 890 1030 76 842 949 416 49 195 659 961 721 466 645 370 4 874 423 99 664 631 788 287 895 347 470 931 777 420 518 614 684 526 615 801 456 711 1041 83 540 981 203 795 315 930 899 157 660 581 594 948 388 538 536 428 746 681 524 716 495 972 576 336 898 891 293 454 895 149 689 368 204 421 201 600 674 147 984 534
428 437 154 259 38 447 648 433 485 764 0 361 346 72 161 125 243 543 586 502 236 756 192 246 630 783 329 572 468 784 656 309 159 896 494 149 537 355 316 336 743 185 462 320 334 460 78 693 279 692 659 802 274 704 488 640 176 397 405 731 437 622 573 344 400 787 387 116 167 410 574 485 622 194 408 189 391 84 580 881 183 215 514 479 674 526 476 412 251 368 491 768 89 211 307 468 637 681 665 81 457 299 763 426 760 626 613 170 178 532 432 407 518 490 77 164 401 623 334 502 197 497 664 792 541 367 378 557 66 106 555 583 40 533 108 518 645 89 432 235 767 444 664 197 652 673 598 74 265 433 573 430 443 461 340 647 381 694 212 253 96 718 82 238 560 645 477 748 194 179 241 566 405 384 688 305 384 146 299 836 457 190 596 787 673 482 200 269 641 216 447 764 812 433 765 673 232 108 745 691 447 724 184 800 500 318 279 117 238 413 154 377 573 355 680 247 244 580 291 462 185 715 821 121 373 224 183 388 629 245 698 261 459 555 230 302 440 554 470 136 170 472 340 265 713 241 431 677 529 597 167 127 662 220 721
650 545 418 603 351 228 291 253 384 591 361 0 617 432 509 291 432 186 635 702 396 403 190 551 360 424 90 344 512 610 525 352 244 707 727 510 211 168 45 398 421 194 472 153 40 487 438 574 157 343 300 620 471 418 690 349 321 155 618 559 225 283 660 625 682 593 38 286 522 488 268 665 503 306 657 532 483 364 717 654 433 446 453 181 314 211 209 66 544 457 289 442 281 416 94 742 607 381 307 290 638 448 439 104 410 602 507 388 536 648 357 502 564 215 363 206 394 292 133 757 557 155 375 437 215 87 176 710 295 268 801 242 401 633 364 433 390 272 328 344 539 329 322 546 523 328 529 313 382 104 660 353 669 342 426 617 588 357 572 461 265 453 284 560 222 603 595 434 292 369 350 481 151 345 413 245 52 407 503 645 259 531 268 592 599 683 490 545 296 446 224 589 483 487 548 316 128 303 453 404 425 379 441 451 192 436 81 244 273 61 497 448 238 482 519 183 468 482 215 298 437 422 581 250 14 153 506 369 271 347 362 554 676 198 166 166 380 699 451 444 386 372 184 617 481 139 426 428 590 510 310 383 557 531 365
697 255 209 185 384 570 901 765 490 740 346 617 0 331 373 333 192 800 396 185 229 1016 510 109 947 1027 545 901 339 756 618 656 496 864 152 305 716 514 574 680 882 503 373 639 608 355 301 633 598 958 904 779 591 1017 172 949 522 708 686 714 762 901 349 579 64 778 627 343 351 746 725 191 584 541 660 394 726 423 303 892 498 531 465 778 917 697 787 641 504 705 822 1059 423 539 530 126 509 987 876 363 175 629 901 710 1024 495 566 230 255 292 445 739 361 799 287 479 747 790 520 155 267 702 975 1047 829 577 530 270 381 373 209 771 327 309 270 490 969 394 776 285 797 485 940 381 614 855 521 336 259 714 349 776 114 495 271 515 671 861 275 161 410 796 373 136 747 526 260 1047 326 247 281 518 714 402 782 646 659 469 607 817 787 400 766 779 577 168 478 78 828 170 573 741 1100 316 785 926 506 454 847 1003 400 902 495 1065 672 239 546 413 356 678 217 288 854 684 665 438 554 538 627 534 498 1025 854 389 624 466 430 383 845 286 863 86 135 773 547 476 787 276 405 430 505 483 490 215 758 546 379 748 350 538 307 246 599 465 922
392 464 173 209 84 517 717 484 544 825 72 432 331 0 92 190 270 612 618 502 273 824 256 223 685 852 402 623 506 844 713 334 215 957 483 79 610 426 387 353 816 250 507 379 404 502 30 748 339 759 729 863 261 761 488 698 206 457 374 792 492 688 598 294 377 849 459 183 95 414 646 491 679 228 365 122 394 102 593 946 167 200 567 541 744 599 535 484 203 374 542 831 153 207 380 444 681 740 737 153 465 297 835 492 827 669 668 203 118 553 490 407 554 550 120 230 425 695 406 485 133 570 722 860 606 440 449 567 138 178 539 656 34 557 149 573 698 161 471 285 833 506 730 127 709 746 649 141 308 500 598 465 437 523 380 690 353 767 145 272 166 787 155 205 633 691 500 809 254 220 290 620 467 441 758 351 453 137 280 898 509 124 669 849 723 483 160 259 714 234 517 825 874 472 830 742 304 155 816 748 497 797 165 867 573 354 351 189 300 482 117 417 638 353 741 318 226 635 342 528 168 773 888 193 444 296 128 442 701 295 771 244 456 627 293 373 471 567 519 101 175 531 410 208 780 308 480 746 561 651 224 160 717 167 793
325 541 254 212 159 608 787 525 636 917 161 509 373 92 0 283 351 684 696 555 359 891 324 265 731 923 487 662 590 937 805 347 276 1049 525 67 696 517 466 354 903 319 593 436 478 588 109 839 399 825 801 955 231 807 541 748 237 514 312 885 538 751 671 214 407 942 539 275 26 396 735 549 770 261 291 30 375 149 657 1039 151 177 657 601 816 686 589 565 131 360 581 887 228 198 466 471 767 791 816 242 525 279 923 559 892 754 759 289 120 622 582 384 635 604 212 303 432 781 495 518 117 653 771 927 668 525 539 628 224 268 572 740 127 629 240 665 739 246 497 375 926 599 793 36 801 830 739 234 395 567 671 485 486 616 465 776 297 852 119 348 248 879 243 238 717 777 573 862 347 309 380 711 525 533 850 391 525 141 240 991 551 32 755 942 811 536 109 310 798 310 608 917 930 556 923 812 383 212 907 795 587 881 145 932 660 437 429 273 393 556 161 502 702 329 833 409 194 726 389 621 149 821 981 282 522 382 57 533 780 385 856 290 506 707 358 464 486 629 607 87 182 623 501 198 873 377 569 838 640 741 316 248 807 91 873
547 346 127 316 149 329 582 437 360 638 125 291 333 190 283 0 170 478 485 452 147 695 184 260 614 714 235 570 360 658 530 373 187 770 461 255 436 241 246 410 635 177 347 308 277 349 180 569 268 635 589 676 382 683 439 615 250 375 522 606 431 572 482 469 396 661 309 14 284 495 466 425 497 259 531 312 478 193 506 757 297 327 391 445 603 423 454 328 376 453 493 728 129 315 216 460 522 653 579 58 397 395 655 378 702 511 488 105 263 449 306 496 414 465 80 154 459 520 228 482 287 405 641 729 497 272 263 488 89 48 531 486 155 444 72 393 636 85 462 123 643 318 613 317 527 577 477 50 161 383 482 468 405 335 235 531 496 593 303 193 101 598 66 268 463 528 392 714 71 96 130 442 381 260 570 330 328 260 410 710 458 314 494 661 552 432 324 258 546 167 329 638 770 326 641 607 173 177 629 669 326 627 300 743 396 221 215 89 112 351 213 271 524 450 555 136 356 456 306 338 300 691 698 59 301 138 309 266 544 133 596 263 417 470 218 189 485 482 351 260 272 346 223 333 590 214 312 556 429 474 50 92 539 345 632
662 195 97 266 280 381 711 606 327 600 243 432 192 270 351 170 0 611 347 283 37 826 354 170 775 835 355 736 239 618 480 536 355 731 297 294 524 322 390 570 696 347 248 475 427 239 244 507 437 770 713 639 517 841 269 772 407 538 642 571 597 715 331 563 257 633 438 183 339 649 536 255 445 420 636 379 632 327 340 741 425 458 325 601 726 506 615 451 473 607 661 874 290 454 341 313 418 808 684 218 227 542 716 529 835 405 430 73 269 289 276 648 284 625 166 324 625 600 328 325 292 510 798 857 646 386 338 320 245 217 369 579 247 290 136 341 799 249 632 93 637 310 753 375 476 664 400 195 72 532 330 638 239 323 120 426 621 672 308 31 266 621 228 198 555 429 234 865 140 74 89 380 542 228 603 500 476 389 541 677 625 383 575 633 468 263 430 135 636 45 384 601 915 205 628 735 330 333 668 827 254 711 425 875 480 88 366 259 164 493 206 154 670 598 519 249 486 399 476 353 426 848 695 229 438 285 397 216 652 94 673 156 249 581 387 284 654 315 269 368 413 318 298 295 592 380 233 574 291 408 129 115 473 436 730
776 702 603 789 529 317 105 278 490 623 543 186 800 612 684 478 611 0 768 871 575 217 359 737 257 240 256 286 653 639 591 459 410 716 902 692 191 308 232 500 337 365 608 266 208 626 621 641 294 158 117 642 607 288 860 227 473 205 743 594 242 115 803 773 864 610 172 473 699 578 249 832 578 453 792 705 579 535 871 639 589 595 565 139 132 209 183 161 702 557 277 273 459 562 269 924 712 243 161 475 806 572 351 130 224 710 589 572 720 800 481 597 701 174 550 382 467 225 288 935 740 144 249 251 96 228 303 868 478 454 976 172 583 781 550 538 295 455 370 520 537 442 146 720 591 219 626 499 556 120 802 402 844 449 588 721 713 259 755 641 447 432 469 746 172 703 751 276 473 552 525 577 193 484 390 351 159 569 637 658 266 703 214 609 685 853 650 730 194 629 311 620 310 635 554 130 312 472 403 276 556 260 597 265 212 604 266 428 448 130 683 604 88 592 568 362 613 572 331 394 593 284 564 436 176 339 674 511 130 522 265 739 850 101 327 330 429 856 580 612 540 481 331 802 486 306 562 427 729 600 493 570 633 694 219
1010 155 444 565 621 453 844 869 284 407 586 635 396 618 696 485 347 768 0 268 349 952 647 465 993 938 545 978 128 418 301 854 667 510 339 636 606 469 610 894 687 641 163 740 651 149 592 291 711 912 835 442 860 1046 269 978 735 781 990 393 850 883 65 910 425 454 621 499 683 980 580 230 279 743 983 724 964 668 162 567 769 802 212 816 844 584 844 617 820 938 916 1039 614 795 545 428 136 1004 768 543 231 879 702 739 966 124 257 417 601 115 286 981 73 851 509 623 937 647 501 390 622 628 1003 973 837 555 468 186 573 532 390 658 594 90 478 245 1026 570 919 361 504 327 911 718 297 715 198 526 324 737 65 933 313 322 249 137 967 702 635 348 585 551 551 499 639 156 136 1044 421 406 354 230 781 290 557 794 687 732 886 477 882 728 631 455 214 268 778 412 699 386 458 411 1074 159 484 864 590 662 618 1032 212 746 770 1003 568 267 604 568 402 688 542 213 848 934 357 477 830 247 764 379 771 1046 555 537 634 537 744 265 748 352 701 439 297 696 669 471 954 170 187 716 752 290 451 597 488 652 209 506 56 228 435 460 261 783 792
880 190 350 369 541 593 965 889 465 664 502 702 185 502 555 452 283 871 268 0 312 1079 637 290 1054 1080 618 1018 274 677 548 810 635 775 70 487 750 565 664 839 883 630 323 758 703 300 472 549 720 1028 963 701 764 1118 14 1049 677 819 867 645 880 981 206 763 182 708 702 465 534 912 744 45 519 693 843 577 892 585 130 823 670 703 415 877 975 730 894 709 686 870 944 1142 566 707 608 165 401 1083 917 497 66 798 900 803 1090 388 497 350 438 153 436 907 266 905 432 606 900 813 583 121 452 752 1075 1107 918 643 575 96 521 499 127 806 492 179 406 446 1080 529 914 359 745 481 1017 564 543 881 442 472 319 805 207 918 70 486 284 404 850 879 460 259 546 770 507 320 784 421 157 1136 418 356 353 456 823 407 765 782 750 638 782 737 908 583 791 709 478 20 657 245 858 291 597 666 1181 270 728 988 611 605 830 1104 368 922 668 1130 707 267 644 541 429 763 395 276 938 853 601 519 728 476 759 537 670 1123 800 512 706 563 611 382 890 355 879 264 49 824 670 541 933 108 360 604 670 463 542 399 718 663 351 722 243 467 412 382 516 646 954
662 202 106 294 271 345 674 578 300 576 236 396 229 273 359 147 37 575 349 312 0 789 328 202 743 798 318 706 233 595 458 519 334 707 331 307 487 285 356 554 660 322 234 446 393 229 250 487 409 733 676 615 511 808 298 739 392 507 641 546 568 680 339 568 294 607 402 161 350 636 499 281 423 403 638 388 619 319 359 714 420 452 304 567 689 468 583 414 476 594 632 839 272 446 306 350 408 775 646 200 253 532 680 495 798 396 409 69 287 303 247 636 282 593 160 299 606 563 291 360 311 473 765 820 612 349 301 341 229 195 404 542 246 300 128 318 768 230 608 55 608 278 717 386 454 627 382 180 41 498 339 615 272 292 106 417 618 635 327 68 247 588 209 228 518 418 246 831 106 57 52 359 511 198 569 476 442 383 536 652 596 392 538 608 453 292 431 171 599 73 347 577 880 198 600 699 299 318 634 794 233 674 421 839 443 81 333 236 127 458 225 143 635 587 494 213 481 377 451 319 422 814 665 205 402 252 401 189 615 57 637 190 281 544 360 247 632 335 251 368 404 289 261 322 562 351 213 542 292 388 101 113 454 440 692
942 903 821 1006 740 500 115 417 668 733 756 403 1016 824 891 695 826 217 952 1079 789 0 568 955 271 63 471 346 847 745 733 626 614 797 1114 903 346 514 449 659 369 574 798 457 423 818 835 779 493 65 117 741 786 240 1068 228 668 383 908 710 387 144 994 957 1081 707 389 690 908 722 381 1039 728 646 965 910 728 741 1069 701 783 784 742 296 107 368 323 375 894 710 386 132 670 750 486 1139 878 203 195 691 1014 743 373 331 18 878 743 790 934 997 669 743 890 308 767 593 607 323 499 1148 954 329 229 37 225 440 505 1069 692 671 1189 297 796 977 768 711 302 670 500 734 623 626 104 926 734 268 790 715 768 324 994 531 1056 630 795 886 880 302 968 857 660 514 685 964 313 866 951 167 689 769 739 742 371 681 478 528 372 767 813 747 395 907 330 706 837 1062 846 947 270 846 495 729 143 832 645 91 528 678 460 236 746 271 791 50 384 813 482 643 662 345 899 808 191 751 697 578 797 733 516 572 787 222 632 653 394 557 875 708 206 735 307 956 1061 258 533 543 555 1056 767 814 735 661 538 1018 584 516 755 529 920 761 710 787 779 891 203
474 520 300 450 171 354 463 255 459 714 192 190 510 256 324 184 354 359 647 637 328 568 0 422 442 599 199 391 519 734 624 216 54 840 644 335 394 262 152 260 605 7 494 130 155 501 270 670 89 503 477 748 293 515 623 449 138 205 443 680 252 431 653 437 570 726 224 171 340 352 444 609 595 129 475 345 341 176 686 803 244 260 512 286 491 389 285 252 355 313 312 576 103 232 178 636 659 490 495 146 580 281 624 236 570 650 593 288 370 625 414 360 573 298 225 31 291 478 227 663 388 343 474 604 350 231 283 670 134 138 713 430 230 618 240 503 460 117 279 293 686 406 473 360 622 518 597 174 335 244 653 288 588 423 402 669 413 545 401 377 102 615 137 421 409 660 569 556 230 280 300 554 214 380 579 149 200 217 325 778 276 344 453 725 673 617 300 432 485 349 352 713 619 487 691 488 84 113 627 501 460 569 251 611 366 396 117 97 244 232 344 435 382 326 634 182 284 562 122 399 248 525 735 124 204 122 317 396 459 301 550 432 601 388 38 220 307 663 487 254 198 445 260 457 629 53 452 583 593 586 227 264 645 340 554
590 312 134 102 282 543 841 674 497 766 246 551 109 223 265 260 170 737 465 290 202 955 422 0 864 971 489 812 383 784 645 552 401 895 262 197 677 474 506 574 860 415 404 553 537 391 193 668 512 895 847 805 481 936 276 869 419 626 577 737 674 832 428 473 155 800 567 266 244 638 695 288 610 439 553 287 617 318 398 910 389 422 489 701 861 660 706 585 396 597 732 987 328 431 471 222 562 908 830 276 266 521 879 637 962 548 594 170 148 374 447 630 416 718 197 391 644 757 472 261 164 655 895 988 756 524 493 368 289 291 315 731 222 386 188 508 883 305 678 252 807 480 873 274 641 819 557 249 241 642 428 676 221 493 283 569 561 830 175 145 320 791 285 34 707 576 331 972 274 193 251 544 633 398 772 550 588 361 497 843 697 292 731 801 621 272 369 52 789 129 546 767 1029 353 798 866 431 354 836 922 419 867 386 1003 634 248 475 327 313 611 107 311 784 575 686 383 445 563 533 522 389 945 865 308 561 398 321 386 797 257 832 27 241 723 460 429 686 371 430 320 397 488 451 133 763 464 398 744 413 569 247 168 633 356 880
708 904 738 889 602 558 258 205 729 881 630 360 947 685 731 614 775 257 993 1054 743 271 442 864 0 333 450 82 871 897 845 410 471 973 1072 761 449 523 392 433 574 449 830 311 352 846 704 895 352 225 285 900 575 76 1041 43 493 238 676 852 193 170 1020 747 1009 867 372 604 752 477 507 1020 830 469 739 743 487 588 1076 892 598 589 802 178 292 465 160 379 701 475 152 185 541 556 453 1074 954 76 380 587 992 524 584 255 259 950 838 719 803 1008 710 500 923 149 666 473 366 477 492 1096 818 397 48 303 165 438 526 1068 576 575 1144 427 665 993 678 778 38 558 261 694 793 677 184 762 844 454 871 614 735 256 1020 289 1014 687 784 964 650 495 829 802 544 686 578 863 429 947 955 147 636 705 701 821 233 703 645 339 308 593 597 915 179 739 469 866 934 1035 660 871 438 780 553 878 223 847 810 264 444 530 651 65 782 482 606 281 466 792 410 536 626 305 784 808 170 519 824 537 595 819 343 635 601 92 817 558 360 490 701 728 363 699 501 873 1024 357 404 526 307 1058 807 645 554 719 542 893 743 401 784 684 949 847 646 702 884 707 423
990 899 837 1027 769 491 135 468 653 695 783 424 1027 852 923 714 835 240 938 1080 798 63 599 971 333 0 483 405 838 706 704 673 648 752 1118 932 334 517 470 708 323 604 788 496 448 809 861 749 528 114 124 701 830 303 1069 290 706 424 957 674 436 192 983 1001 1092 667 405 709 939 774 359 1038 703 685 1012 943 779 774 1061 654 822 825 726 340 110 355 371 387 934 761 441 191 699 792 500 1148 856 265 170 714 1013 789 324 364 79 857 719 804 960 990 660 795 878 357 788 622 660 296 506 1154 980 328 291 46 269 449 505 1064 718 693 1192 280 823 968 787 694 364 695 553 742 582 615 157 959 705 234 768 738 774 356 983 585 1060 617 795 864 928 262 995 866 687 474 708 982 300 843 946 229 702 782 747 721 413 676 440 571 399 805 858 704 447 941 307 665 811 1063 884 960 242 858 487 691 195 825 605 110 552 711 416 299 736 226 830 86 374 816 505 667 671 370 922 805 234 801 665 590 840 711 557 560 826 284 586 675 413 575 911 703 191 742 266 971 1064 255 565 551 610 1050 755 849 773 648 541 1041 546 546 747 493 909 738 725 805 752 929 161
673 456 355 551 329 161 356 335 300 527 329 90 545 402 487 235 355 256 545 618 318 471 199 489 450 483 0 433 421 547 450 397 251 649 646 477 208 82 71 444 416 199 382 218 110 397 402 498 206 415 359 558 492 507 606 438 336 239 642 494 310 363 570 631 610 534 84 234 497 536 249 580 425 327 673 514 528 353 628 606 438 457 367 271 373 198 299 96 544 501 375 524 264 430 21 668 521 469 343 250 553 478 436 194 480 514 427 320 495 559 269 548 473 305 314 202 454 293 44 678 517 170 464 502 301 38 95 622 264 225 720 254 368 543 307 349 481 241 402 264 489 244 400 524 448 344 445 268 300 193 570 423 588 258 338 531 612 365 533 386 240 416 247 502 231 517 506 518 218 299 269 397 238 254 380 300 142 407 524 586 343 513 267 534 517 599 488 477 313 375 158 525 563 397 495 381 115 298 430 493 335 395 445 520 173 350 87 214 191 147 448 359 320 519 450 107 482 401 268 220 442 510 537 209 90 105 495 279 309 266 369 488 594 235 192 77 449 611 362 434 394 287 94 569 432 163 336 384 499 427 241 324 478 524 396
626 879 691 830 542 560 314 139 726 901 572 344 901 623 662 570 736 286 978 1018 706 346 391 812 82 405 433 0 853 918 854 333 413 1000 1032 697 470 512 369 352 619 398 815 262 327 830 644 904 302 293 341 923 496 154 1005 120 425 200 594 870 139 226 1000 668 961 892 365 559 685 394 532 986 836 401 658 673 405 523 1050 926 525 514 797 171 350 484 134 377 625 392 81 268 485 482 433 1027 950 159 429 537 958 445 631 244 335 945 843 676 742 984 701 417 906 131 615 422 284 512 478 1052 755 414 131 380 190 429 519 1039 523 528 1102 458 606 971 630 775 78 507 180 661 822 672 251 692 853 499 870 565 703 248 1000 207 974 683 758 960 568 540 765 762 492 718 528 809 456 945 929 230 600 664 668 821 199 688 676 272 292 523 517 941 115 669 500 891 937 999 587 823 478 737 555 898 306 827 837 325 407 468 690 145 769 533 533 361 480 761 379 488 596 298 727 784 209 437 839 509 518 820 281 635 528 173 851 512 347 457 629 712 407 667 546 823 986 387 354 507 224 1030 796 576 482 714 528 832 769 356 769 710 931 849 607 654 891 633 477
895 89 335 485 501 346 736 742 194 403 468 512 339 506 590 360 239 653 128 274 233 847 519 383 871 838 421 853 0 418 282 728 540 525 335 533 504 349 484 767 614 513 50 612 526 28 482 294 583 803 729 441 740 926 269 857 610 655 873 379 723 768 150 801 385 444 499 375 579 854 487 229 250 618 872 619 839 548 224 558 651 683 140 693 739 482 720 498 709 813 789 927 490 674 420 408 180 885 670 419 214 756 630 616 860 167 230 302 506 152 178 857 54 727 392 495 809 555 379 384 528 519 883 870 718 434 350 230 450 406 402 558 480 130 361 172 902 445 791 237 473 222 799 615 278 625 182 404 202 615 149 804 291 223 127 188 850 617 543 248 460 495 427 416 537 193 118 928 294 288 230 185 655 169 492 666 563 613 766 479 755 622 537 445 239 265 664 333 604 282 351 405 962 34 458 757 461 538 557 912 102 661 652 897 463 152 477 442 274 566 444 90 731 811 332 350 711 205 636 279 653 927 529 410 511 409 634 143 646 227 617 359 283 588 541 346 825 215 87 601 631 195 329 516 443 524 91 448 78 201 310 346 259 673 700
1195 506 699 883 805 386 668 859 300 19 784 610 756 844 937 658 618 639 418 677 595 745 734 784 897 706 547 918 418 0 138 943 779 113 744 895 448 472 615 989 388 733 383 761 646 401 828 128 753 732 647 23 1018 922 675 866 865 761 1167 53 828 740 484 1127 804 45 576 668 933 1082 390 634 173 861 1185 966 1073 845 581 149 946 972 294 749 650 433 791 555 1034 1046 885 865 762 952 562 824 283 875 552 710 626 1015 393 686 763 294 190 656 882 528 354 1092 411 790 724 726 1000 429 509 795 906 504 886 751 733 527 453 604 738 687 803 472 811 500 697 277 935 722 939 564 130 340 751 968 143 477 237 709 554 679 483 964 707 323 500 283 1138 444 922 638 730 232 713 815 468 262 522 886 590 634 561 239 754 403 266 847 652 910 1050 60 860 969 431 47 204 672 981 738 479 663 389 21 887 439 105 678 651 808 296 910 365 481 951 789 438 535 634 704 545 633 819 473 727 1060 103 560 1001 220 815 334 950 914 156 680 600 614 967 407 552 555 440 764 695 540 736 514 991 588 353 918 911 313 474 913 161 708 386 217 434 217 620 693 160 1004 545
1074 371 563 745 679 297 640 778 171 121 656 525 618 713 805 530 480 591 301 548 458 733 624 645 845 704 450 854 282 138 0 838 666 250 613 761 402 370 521 884 412 622 245 668 556 263 696 50 654 708 624 160 900 880 545 818 750 680 1047 97 749 701 365 1000 667 161 495 542 800 977 353 504 35 749 1061 835 965 721 462 276 824 851 155 683 629 383 722 478 907 938 811 842 641 833 462 690 175 834 538 584 494 901 423 612 749 183 52 521 746 403 223 985 282 723 592 613 903 410 408 664 770 447 840 745 679 438 354 482 613 563 676 440 681 375 564 140 881 599 851 430 202 219 719 836 4 470 106 581 417 607 365 873 573 202 362 180 1019 446 786 500 609 261 589 676 428 157 391 856 461 499 426 101 675 271 278 748 572 787 931 198 783 837 403 162 110 542 854 600 463 526 301 123 869 301 182 654 544 689 330 867 226 489 828 780 379 397 534 584 418 558 683 335 679 949 55 444 880 82 716 230 827 874 254 558 517 502 838 272 528 421 444 625 563 498 631 405 899 465 215 791 791 185 366 775 191 605 247 223 307 81 489 559 48 875 546
318 719 459 541 271 558 545 211 675 924 309 352 656 334 347 373 536 459 854 810 519 626 216 552 410 673 397 333 728 943 838 0 187 1047 803 395 562 471 333 46 766 219 706 203 312 712 362 885 195 561 567 956 164 486 795 437 133 254 285 890 238 482 855 337 707 932 390 358 372 139 620 789 810 116 339 351 131 234 877 1002 199 183 728 333 581 563 302 418 292 104 258 586 246 153 381 775 874 480 618 318 760 117 784 333 621 864 808 463 446 822 630 150 782 317 377 234 91 638 433 812 454 502 456 663 403 422 490 857 291 324 865 584 330 817 404 719 411 288 155 494 886 621 522 372 836 661 813 341 534 343 855 138 752 637 606 884 255 696 461 553 272 804 309 539 568 876 765 554 433 463 501 770 266 596 765 110 330 207 188 984 236 347 616 931 889 789 258 579 631 519 555 922 628 695 893 567 294 204 805 476 675 709 206 656 544 594 310 286 456 362 450 641 438 133 845 399 185 778 137 611 202 503 931 318 365 338 305 611 584 503 701 570 768 525 208 433 139 852 702 260 165 660 472 536 828 235 665 777 800 802 422 427 860 304 677
422 533 289 418 131 403 512 274 498 759 159 244 496 215 276 187 355 410 667 635 334 614 54 401 471 648 251 413 540 779 666 187 0 887 636 293 448 310 207 227 660 52 520 164 208 525 233 710 124 549 527 794 242 546 621 482 86 242 392 725 277 475 669 382 553 773 279 173 293 317 498 610 635 83 421 295 303 126 694 853 190 206 546 327 541 443 319 307 300 276 332 615 73 179 230 620 689 524 549 137 582 235 679 283 616 679 631 285 333 637 450 322 595 334 208 52 272 533 276 651 349 397 507 651 393 284 331 675 115 139 702 485 194 631 229 540 486 106 280 307 736 446 518 311 663 572 632 163 347 292 668 283 582 463 419 699 363 600 361 375 89 667 128 396 464 692 580 593 246 281 314 591 251 412 632 149 251 163 274 824 298 293 507 772 708 615 245 417 540 343 402 758 659 507 740 537 135 63 680 533 490 623 197 656 420 408 172 99 269 283 314 454 426 283 678 221 231 600 132 444 194 558 786 131 258 165 264 426 513 316 604 414 596 442 82 264 298 670 516 202 144 483 305 422 679 105 480 634 612 623 236 254 684 287 608
1305 612 812 995 916 488 732 952 413 132 896 707 864 957 1049 770 731 716 510 775 707 797 840 895 973 752 649 1000 525 113 250 1047 887 0 844 1008 530 578 716 1093 428 839 492 860 744 509 941 230 854 792 709 94 1127 991 774 939 973 854 1276 164 919 810 576 1239 910 115 672 781 1046 1186 468 733 285 969 1296 1079 1177 956 671 108 1057 1082 405 835 709 518 878 648 1146 1150 973 923 872 1061 666 927 374 944 611 821 727 1122 428 776 816 387 301 770 995 623 467 1197 513 876 837 834 1101 496 614 895 1019 589 957 798 812 627 558 697 849 798 900 545 924 597 810 389 1011 833 1034 677 179 452 815 1081 254 533 342 821 667 768 575 1060 809 435 612 373 1248 496 1035 750 841 288 825 926 545 354 624 948 703 747 674 350 847 516 328 948 746 1021 1159 62 951 1082 503 115 297 772 1092 849 541 776 491 132 940 548 163 738 757 918 337 980 477 527 1061 837 526 647 737 814 658 725 932 584 802 1166 216 669 1110 332 916 443 1060 981 166 791 696 722 1080 520 616 668 491 875 797 615 840 622 1087 681 464 1030 1021 426 581 1025 231 812 497 290 533 326 733 806 265 1116 594
848 247 347 327 532 637 999 899 520 731 494 727 152 483 525 461 297 902 339 70 331 1114 644 262 1072 1118 646 1032 335 744 613 803 636 844 0 457 793 601 687 830 936 637 382 769 724 359 453 616 730 1061 999 768 744 1139 69 1070 670 835 837 710 892 1010 277 728 128 774 731 473 503 897 791 110 583 688 809 546 878 573 199 889 651 684 476 898 1011 773 912 741 655 856 955 1170 565 691 635 96 471 1106 958 500 120 781 953 826 1124 458 562 356 406 223 487 891 332 923 429 613 895 859 615 51 416 790 1096 1143 943 674 613 164 521 505 74 849 478 249 407 506 1096 531 917 383 809 532 1047 531 609 927 508 473 346 829 277 919 58 538 325 474 823 927 422 269 548 828 510 287 826 490 222 1162 437 367 377 519 839 454 821 785 773 621 760 805 919 551 837 775 547 72 631 225 902 295 641 733 1210 326 792 1023 628 600 887 1125 424 969 648 1164 749 302 664 547 455 788 370 324 965 836 666 544 707 540 764 586 651 1145 864 520 733 582 582 430 930 380 928 239 55 862 679 572 932 177 419 582 656 517 577 355 779 675 405 780 311 532 426 382 583 616 998
393 480 200 149 164 584 796 558 595 876 149 510 305 79 67 255 294 692 636 487 307 903 335 197 761 932 477 697 533 895 761 395 293 1008 457 0 684 496 466 407 888 329 541 458 483 534 75 793 418 839 808 914 294 837 473 775 274 536 380 844 567 767 608 279 340 903 537 250 47 457 719 483 726 297 357 91 436 173 590 1004 207 237 610 620 823 673 613 562 198 419 615 909 233 253 456 404 713 817 815 227 459 339 908 572 906 700 713 240 54 558 541 447 577 627 176 310 483 770 478 451 59 646 799 939 685 515 518 561 216 251 505 731 109 566 199 620 773 239 539 331 892 562 809 82 757 822 689 211 345 579 608 530 418 578 412 721 365 842 68 288 245 853 230 170 708 724 510 887 312 261 334 664 545 491 825 424 532 188 306 950 583 96 743 903 761 468 175 243 790 251 584 876 952 500 888 822 382 232 884 824 539 873 202 946 646 382 429 267 359 562 95 448 718 391 792 388 257 681 418 588 206 850 948 268 523 372 125 489 779 340 845 223 438 705 372 443 534 563 558 138 230 583 478 140 841 387 520 810 580 694 280 201 760 159 871
862 567 547 749 537 158 242 428 321 432 537 211 716 610 696 436 524 191 606 750 487 346 394 677 449 334 208 470 504 448 402 562 448 530 793 684 0 203 242 608 211 396 454 360 251 475 609 451 368 310 230 452 682 478 740 419 530 334 829 403 394 299 650 831 780 421 173 437 705 696 62 708 391 517 867 721 692 559 727 461 639 654 395 305 238 21 349 144 747 666 444 443 471 625 229 831 534 432 167 457 684 660 230 251 361 533 404 507 699 656 325 711 545 345 516 403 596 85 208 832 722 61 440 367 284 170 185 730 472 432 867 56 576 634 506 365 486 449 516 431 352 281 318 732 402 141 446 474 457 243 649 544 736 284 468 543 799 157 738 555 448 253 455 694 33 523 613 455 403 483 434 398 325 344 212 453 233 610 714 470 424 721 59 420 500 735 692 656 112 553 153 429 473 492 367 260 317 502 243 466 402 191 645 396 43 491 276 422 364 205 649 474 280 693 376 300 677 390 425 227 643 473 386 416 197 313 701 370 142 429 161 672 738 96 376 249 572 716 422 640 592 315 226 769 298 348 413 240 575 418 432 519 445 730 206
732 393 344 548 364 94 399 417 218 452 355 168 514 426 517 241 322 308 469 565 285 514 262 474 523 517 82 512 349 472 370 471 310 578 601 496 203 0 153 517 394 261 307 300 192 323 421 418 284 463 397 485 552 577 554 508 397 321 702 419 392 421 499 679 579 463 151 245 522 610 225 525 344 391 727 545 600 396 563 543 489 511 285 346 410 186 377 149 589 573 456 581 307 488 92 633 439 536 361 274 499 544 413 270 525 433 345 304 505 492 188 620 399 383 322 258 533 283 38 637 528 189 534 542 368 85 22 560 295 248 675 257 391 475 308 267 556 274 484 229 426 162 454 553 368 344 363 285 258 268 498 504 543 176 281 449 673 356 545 353 278 365 274 492 233 435 442 580 201 280 232 315 319 180 333 378 220 455 584 515 425 545 257 463 434 548 533 453 315 350 93 451 619 328 429 423 179 348 390 563 258 393 495 564 160 299 164 250 161 218 452 296 382 588 373 108 538 318 346 140 493 578 477 235 165 146 532 206 330 228 359 468 547 261 263 52 530 547 284 475 449 205 24 569 370 236 260 327 427 345 230 318 397 565 407
621 512 373 557 307 229 337 264 371 596 316 45 574 387 466 246 390 232 610 664 356 449 152 506 392 470 71 369 484 615 521 333 207 716 687 466 242 153 0 380 453 155 447 147 41 461 393 570 138 388 345 626 441 454 651 385 288 171 589 562 241 327 631 589 638 601 73 240 478 471 294 628 497 275 625 490 464 323 684 668 397 411 437 214 360 238 236 100 507 437 306 485 238 383 64 699 591 419 350 244 601 422 472 139 455 584 499 344 491 616 339 484 537 244 317 165 385 326 115 715 512 190 411 483 256 88 167 675 249 222 760 278 356 602 318 420 421 227 330 304 552 316 367 503 519 366 517 267 344 142 631 352 628 330 392 601 559 393 527 419 220 472 238 514 257 588 562 475 250 326 310 469 170 321 434 231 86 369 473 653 274 489 300 600 588 645 451 501 334 403 226 594 526 458 560 362 83 263 478 440 402 417 404 496 216 399 36 198 234 105 451 416 280 459 520 144 435 472 200 291 401 459 597 204 57 108 465 344 314 308 397 509 637 240 134 138 378 665 429 403 350 358 164 571 495 106 401 444 562 499 266 338 550 491 407
