256
0 514 408 672 646 175 323 498 666 364 27 439 441 501 493 239 426 399 219 160 412 365 602 118 662 549 81 338 500 255 404 313 601 743 356 429 749 376 652 168 147 707 365 472 686 246 660 233 251 490 771 701 351 777 753 246 875 360 515 438 231 54 393 718 440 491 351 670 528 213 459 227 104 719 604 545 621 531 565 353 919 570 326 748 350 263 335 641 868 281 136 207 513 810 290 175 492 618 552 443 183 284 170 371 542 435 617 125 720 408 456 565 170 468 61 278 544 536 212 499 563 112 333 303 474 255 644 501 57 616 418 471 529 441 173 243 478 386 499 708 206 561 777 194 641 384 234 155 448 269 227 694 467 237 537 371 172 327 548 12 273 501 86 728 417 676 155 563 628 806 460 670 329 490 739 394 622 262 202 701 403 349 117 687 87 630 249 171 766 617 383 90 742 170 549 81 495 737 291 702 357 437 703 229 499 205 274 756 563 413 389 452 570 660 763 649 157 347 71 338 788 639 766 426 609 780 211 85 552 828 746 751 388 244 762 193 294 530 220 685 573 529 785 453 588 185 167 255 746 435 778 308 77 511 578 524
514 0 192 327 150 536 490 470 162 331 501 172 754 577 127 613 668 516 536 595 695 516 473 551 490 44 572 551 370 595 278 201 408 457 190 578 270 643 329 670 640 261 382 551 187 419 155 562 392 394 279 348 390 479 323 379 453 788 642 100 450 566 295 267 725 358 503 185 805 664 342 561 607 444 404 692 115 433 567 399 505 324 645 289 176 439 183 168 442 593 622 462 181 393 241 541 147 555 372 117 405 692 597 718 513 669 446 437 257 174 57 790 350 523 454 708 640 491 676 673 462 569 329 726 746 625 434 113 483 185 790 513 314 582 449 445 450 320 393 402 469 49 358 672 129 758 726 432 91 716 741 287 497 467 606 605 352 546 454 512 690 407 496 231 253 190 395 788 355 514 244 221 644 445 300 158 485 706 590 288 255 414 408 226 573 426 381 370 280 267 725 430 299 345 460 585 484 325 644 458 776 855 195 366 70 375 286 341 312 812 712 395 808 149 264 232 504 166 577 802 474 191 479 327 307 526 363 557 409 529 291 327 362 655 469 631 232 360 318 348 847 318 274 447 329 350 535 459 231 81 518 205 514 793 322 245
408 192 0 273 340 377 302 286 348 139 405 32 751 644 96 575 685 323 366 531 508 325 598 408 350 237 482 363 199 567 87 159 268 372 233 385 349 649 501 576 507 453 435 360 303 245 286 534 219 216 466 302 436 653 516 209 646 621 698 208 438 452 371 312 731 185 312 376 819 599 162 392 483 611 268 745 255 261 658 445 697 471 465 343 199 260 183 246 635 416 487 439 104 585 231 496 296 667 503 233 371 647 445 700 333 689 583 301 450 19 159 822 240 332 347 546 706 590 526 715 294 430 371 677 758 455 582 110 363 211 610 584 448 389 412 438 264 390 218 326 445 237 369 594 283 581 586 386 210 655 624 475 570 293 678 416 237 359 283 411 642 231 363 339 346 285 260 820 515 437 79 413 632 538 492 232 615 646 429 477 63 456 291 419 444 571 210 239 368 441 709 346 492 269 571 489 570 328 617 349 607 683 375 352 133 349 286 532 459 638 702 208 837 325 373 420 350 156 479 645 408 235 396 140 218 428 338 426 248 456 339 342 170 606 642 478 125 485 188 525 865 172 444 525 481 223 488 281 388 167 423 158 383 805 472 128
672 327 273 0 400 602 468 322 390 324 673 249 1023 890 226 849 952 442 577 803 647 465 800 649 220 348 750 519 226 841 271 425 168 132 476 491 212 918 644 840 750 528 684 431 250 463 266 808 443 255 480 29 688 786 589 441 700 814 950 410 708 711 606 151 1001 225 462 437 1087 871 245 599 735 759 161 999 274 256 889 697 750 650 637 173 447 464 438 198 687 602 730 711 178 654 494 769 475 882 699 433 644 921 673 973 337 955 774 554 509 281 345 1085 510 402 612 753 953 815 753 973 262 673 623 950 1027 656 759 231 622 150 775 826 642 488 685 708 317 629 247 78 717 334 129 863 298 752 820 660 405 927 875 575 811 504 921 560 505 522 265 677 915 257 614 249 570 218 518 1083 677 187 212 498 904 766 563 459 813 918 646 573 269 710 556 491 694 752 440 500 232 582 982 617 559 543 786 754 803 97 891 152 797 862 392 621 268 620 550 614 638 813 975 288 1101 354 264 527 583 409 743 856 147 159 152 267 67 205 608 675 214 201 163 120 319 880 777 702 399 687 454 657 1132 162 414 763 654 488 761 486 352 370 195 425 634 1073 648 148
646 150 340 400 0 684 640 606 24 479 631 316 826 606 260 712 730 663 685 707 846 665 452 694 597 106 697 701 501 688 423 338 520 532 296 725 255 714 258 795 779 128 440 694 168 569 140 658 543 528 129 413 453 388 191 530 314 937 676 209 544 700 350 285 792 490 652 38 863 775 480 711 744 368 515 726 126 562 574 461 366 295 796 292 296 589 311 202 302 744 762 561 304 260 360 647 181 543 357 207 514 791 742 801 646 729 415 581 115 323 202 835 490 665 590 856 665 498 820 716 587 711 403 827 808 774 390 244 622 252 940 543 306 729 556 536 588 375 526 478 568 103 381 789 103 909 867 544 198 823 873 175 526 617 628 755 493 696 582 644 792 540 638 199 304 193 539 833 302 580 380 98 726 463 166 258 459 812 738 172 401 477 547 91 712 386 531 515 253 202 806 559 163 476 458 713 503 361 734 548 925 1005 61 469 208 483 393 214 286 962 790 534 856 53 220 132 651 302 706 948 536 241 551 469 404 605 471 698 533 590 298 353 508 757 381 776 379 354 464 263 902 441 145 478 292 495 642 610 131 216 596 343 655 854 289 365
175 536 377 602 684 0 169 362 698 278 200 409 614 666 473 413 602 242 45 331 240 205 740 67 539 578 243 168 395 430 335 353 494 645 429 260 725 552 749 292 157 770 505 312 680 139 660 408 161 377 813 630 494 888 824 168 953 253 686 487 392 169 510 682 615 390 194 714 702 372 362 51 160 833 499 718 626 409 723 499 1001 679 156 714 409 138 388 623 944 106 138 371 473 887 366 351 562 770 676 500 329 450 70 543 399 611 748 114 776 385 481 741 209 314 168 172 713 685 151 674 436 90 460 462 650 98 768 486 130 585 275 630 641 272 334 403 345 510 386 620 372 586 721 341 651 240 218 309 496 424 286 770 624 99 703 195 202 156 421 188 437 384 94 716 521 662 150 739 736 704 399 729 505 635 805 461 760 419 54 775 344 498 165 742 124 755 168 173 744 704 555 222 807 255 691 230 647 682 466 596 242 324 731 362 499 339 377 833 670 286 562 336 746 684 750 718 33 387 220 268 694 610 666 335 534 668 340 109 438 727 709 700 285 412 874 101 304 653 220 781 747 443 808 602 696 193 342 119 758 469 668 347 98 686 686 462
323 490 302 468 640 169 0 194 650 167 341 331 762 769 395 560 735 76 128 484 205 44 801 235 375 535 400 60 246 571 230 354 339 491 446 116 624 687 764 460 325 747 582 149 596 101 584 545 120 222 768 494 574 912 807 135 938 346 801 473 501 332 560 573 758 244 28 676 847 533 223 143 329 862 344 839 556 247 813 580 989 710 171 604 417 74 393 534 927 134 307 486 376 875 397 489 560 847 721 493 428 607 232 693 229 743 799 210 746 318 446 878 263 146 289 288 823 763 302 797 270 259 525 623 791 190 811 410 267 486 314 722 677 127 447 509 180 567 232 473 488 537 595 505 585 288 374 419 479 587 454 760 713 86 806 114 252 57 256 334 595 226 237 627 556 573 211 875 763 546 291 706 647 709 785 467 821 581 194 763 248 584 254 714 291 799 132 220 644 710 705 333 785 324 759 391 729 557 612 438 328 396 678 446 436 427 429 820 699 348 710 183 885 628 658 705 171 381 380 390 542 512 510 206 401 507 423 275 281 569 597 578 153 567 899 254 290 699 233 792 893 306 745 682 724 230 480 70 688 442 507 349 250 831 714 346
498 470 286 322 606 362 194 0 608 175 512 299 924 885 347 726 883 136 322 656 331 170 874 426 182 512 579 225 108 731 200 413 163 310 502 172 514 839 788 648 519 729 682 108 514 252 512 702 251 79 722 342 679 940 792 260 920 520 928 493 636 516 636 456 915 118 174 645 1005 712 127 337 520 897 169 971 496 66 915 686 972 755 339 484 469 235 448 449 908 319 500 627 304 862 477 649 583 935 782 518 561 782 426 860 50 890 862 374 721 306 444 1026 390 80 453 474 944 854 496 934 78 450 619 801 947 379 864 362 441 392 464 831 729 168 591 641 24 650 83 304 631 507 451 689 526 447 568 561 496 768 648 757 819 268 922 252 380 231 66 508 771 70 417 533 619 485 358 1024 801 360 226 690 805 800 768 510 891 761 388 758 223 694 405 692 481 854 257 355 536 727 871 485 766 447 840 573 827 419 776 253 501 556 628 565 402 551 523 811 743 507 872 77 1037 579 559 702 358 425 562 574 362 417 327 146 262 316 544 463 108 382 476 441 136 740 928 448 351 762 339 811 1052 179 679 780 766 356 640 248 617 453 318 409 433 989 757 248
666 162 348 390 24 698 650 608 0 486 651 322 851 631 263 735 754 669 698 729 855 673 475 711 591 119 718 710 502 712 429 355 516 521 318 731 235 739 277 816 797 138 465 698 151 581 125 682 554 529 118 401 478 403 199 542 317 951 701 229 567 719 375 268 817 491 661 48 888 797 482 724 763 386 511 751 119 561 598 485 368 319 807 273 316 601 330 191 304 756 780 584 304 265 380 670 205 566 381 229 536 815 758 826 647 754 438 598 120 332 217 860 507 669 608 870 690 522 836 741 586 728 427 850 833 787 411 247 640 244 952 568 330 735 578 559 590 400 527 468 591 113 363 810 92 921 884 566 218 846 893 189 551 630 653 764 510 706 581 663 815 541 655 179 329 178 555 858 324 567 384 112 751 488 173 280 482 835 753 186 407 502 565 101 730 408 543 531 232 223 830 579 169 495 482 733 528 345 758 540 938 1018 38 491 214 505 415 223 309 975 814 537 881 36 198 151 666 320 726 963 522 231 539 474 397 594 493 715 531 576 281 336 514 781 397 792 394 379 479 281 927 439 122 502 315 511 665 621 106 233 585 360 672 879 312 364
364 331 139 324 479 278 167 175 486 0 371 164 767 710 228 574 718 184 255 512 371 186 700 326 303 376 445 227 137 575 63 238 237 379 329 246 459 675 628 528 427 591 506 227 429 138 416 543 120 134 604 352 503 780 653 120 784 503 755 332 468 396 461 411 754 127 174 516 843 575 94 279 414 734 240 799 389 180 739 511 835 587 336 442 296 142 275 367 773 292 407 461 209 722 301 495 422 759 610 355 394 637 349 706 226 723 691 240 589 156 293 860 226 202 310 435 770 678 429 763 215 350 443 661 784 339 695 243 309 320 481 655 560 251 427 472 151 475 141 348 466 376 444 559 418 453 496 397 336 632 553 611 644 181 747 279 218 225 201 371 628 147 296 459 446 406 210 857 636 442 126 551 646 624 630 341 718 624 324 613 80 519 255 557 373 684 118 200 479 570 717 330 630 279 665 445 651 404 622 337 487 559 513 392 272 380 348 669 576 512 715 103 871 463 491 555 259 254 434 537 425 346 402 61 256 416 372 355 191 464 436 423 39 594 768 379 176 590 171 655 890 167 579 604 600 195 486 164 521 295 413 234 315 828 590 186
27 501 405 673 631 200 341 512 651 371 0 436 420 473 487 219 402 418 243 144 438 384 575 145 671 536 76 360 508 232 407 300 609 748 338 449 742 352 628 172 172 688 338 491 677 259 650 208 262 500 754 702 324 752 732 256 853 387 488 422 203 77 369 713 418 499 370 653 506 203 466 252 128 693 612 519 611 542 537 326 897 546 352 743 334 279 320 633 847 306 162 179 510 788 272 151 473 590 527 426 157 269 198 352 557 411 590 137 701 404 443 542 165 485 61 306 517 509 240 474 574 140 307 290 452 282 617 495 74 611 446 443 504 462 145 215 490 361 508 712 179 548 775 190 630 411 258 128 432 260 242 674 440 255 509 394 168 348 559 16 259 511 108 719 394 668 161 540 603 812 461 651 307 463 719 376 595 252 229 680 404 322 117 668 114 604 258 173 758 595 363 71 722 156 522 84 468 734 271 709 385 465 688 203 490 180 253 735 539 440 368 462 548 647 754 629 179 335 76 364 792 633 771 433 610 787 187 113 561 834 740 748 397 228 737 220 287 504 219 662 552 533 771 426 563 185 142 272 733 422 785 296 102 490 554 524
439 172 32 249 316 409 331 299 322 164 436 0 773 655 65 601 704 347 398 559 536 351 599 441 345 215 512 391 204 591 107 176 263 355 241 409 317 669 490 607 539 433 446 379 271 276 255 558 251 225 440 277 449 642 496 242 625 653 711 202 459 484 378 280 752 191 339 353 839 627 172 424 516 602 261 759 225 267 665 457 677 466 495 311 208 291 195 213 614 447 520 462 75 565 247 521 288 671 501 228 394 674 477 723 344 708 581 333 428 32 146 840 270 351 378 578 718 596 559 731 298 463 384 704 778 487 577 79 394 178 641 594 446 413 436 459 278 398 225 307 468 213 339 623 254 611 619 411 202 683 656 458 580 325 689 444 267 388 289 442 668 239 395 306 349 252 292 837 507 419 77 393 655 544 472 234 615 674 462 460 85 470 322 397 476 568 242 271 335 429 732 374 471 296 574 519 577 299 641 337 638 714 348 372 108 370 303 514 454 669 725 223 855 298 340 403 383 166 509 678 388 203 379 155 198 414 359 459 250 438 307 312 192 633 631 510 152 484 219 513 884 166 414 534 475 254 513 313 358 160 408 176 415 825 467 110
441 754 751 1023 826 614 762 924 851 767 420 773 0 287 803 201 107 838 659 283 839 805 501 550 1070 769 372 779 903 192 785 598 998 1122 566 870 1024 112 680 361 512 816 385 911 940 676 907 223 673 900 916 1051 372 729 831 664 913 721 233 654 314 448 475 1015 42 891 790 829 90 256 858 663 477 676 1000 218 868 946 370 365 939 588 753 1040 587 697 590 919 912 715 518 312 845 859 531 275 646 447 531 641 380 176 588 73 972 113 541 554 842 742 708 153 540 904 474 660 272 410 586 180 980 534 427 184 60 677 584 804 495 919 808 325 555 882 342 315 902 451 908 1078 306 786 1097 300 874 778 552 370 663 227 453 773 337 675 298 810 549 768 965 429 191 913 527 984 522 944 566 151 629 1187 825 794 120 407 831 595 514 225 629 782 775 349 519 816 498 574 667 570 1034 686 61 439 837 490 452 388 376 1060 149 1092 727 789 888 401 780 402 477 820 590 785 52 867 147 864 1016 754 598 617 396 664 1159 934 1146 824 970 1172 414 509 957 1207 1041 1067 799 206 717 596 627 518 596 709 133 911 968 374 603 572 284 692 955 680 1168 597 517 74 599 880
501 577 644 890 606 666 769 885 631 710 473 655 287 0 663 329 182 838 704 400 907 813 215 619 993 577 471 806 831 294 705 486 912 1008 415 886 838 207 413 518 628 566 209 906 748 669 714 294 656 839 673 915 208 443 569 642 636 852 71 482 274 537 284 844 245 818 796 599 283 425 787 718 584 392 912 120 678 886 85 200 658 329 823 863 447 695 461 744 637 772 625 295 715 587 415 342 440 161 265 461 342 375 672 310 936 174 257 568 594 629 546 236 507 891 499 775 63 127 703 120 922 614 272 406 242 755 301 658 536 760 919 64 304 897 332 264 861 260 844 957 295 595 935 468 677 885 698 358 489 434 626 515 80 689 37 850 518 795 908 489 388 853 572 789 324 760 558 234 359 1071 724 552 260 144 573 431 227 426 702 524 688 191 518 574 585 293 645 549 843 433 306 446 580 446 172 494 105 902 303 993 852 928 664 324 624 342 364 554 334 909 281 814 258 653 818 508 639 489 497 814 1036 769 1032 755 851 1070 346 586 885 1089 866 905 749 373 432 693 539 259 549 438 312 817 738 130 341 541 347 700 738 520 1064 488 573 279 338 766
493 127 96 226 260 473 395 347 263 228 487 65 803 663 0 639 728 407 463 604 599 413 585 502 364 166 563 455 244 627 167 206 282 347 249 469 257 696 456 659 599 382 457 435 207 341 190 594 315 269 380 252 462 606 445 306 573 718 723 187 489 540 380 225 779 232 402 298 864 673 220 489 574 570 279 772 161 306 665 470 625 443 560 255 220 356 213 151 561 512 580 495 56 515 272 561 264 663 485 212 430 715 540 758 388 731 563 393 374 88 123 859 323 406 431 643 726 592 622 747 334 524 396 746 804 552 555 15 451 123 705 600 428 472 473 487 328 402 268 295 501 160 296 672 190 676 681 450 184 728 713 413 585 390 695 507 321 452 327 495 710 282 455 243 345 189 351 857 479 408 120 343 687 542 420 233 600 719 526 413 147 484 377 345 535 546 306 328 274 394 765 423 419 340 566 572 578 257 677 340 703 779 287 402 57 403 327 465 431 734 756 274 876 237 277 358 445 186 562 742 372 145 370 210 191 413 391 518 282 425 253 267 252 674 596 574 199 471 275 476 908 191 351 537 450 311 554 378 293 146 405 208 474 851 443 118
239 613 575 849 712 413 560 726 735 574 219 601 201 329 639 0 200 637 458 85 643 603 499 350 877 636 174 578 711 36 598 433 809 940 424 668 878 150 625 192 324 731 300 710 800 476 769 55 475 707 819 878 284 714 761 466 863 544 317 517 168 250 376 861 202 700 589 723 288 96 667 463 285 655 811 333 729 751 410 280 899 532 557 888 437 496 434 770 860 516 327 151 675 803 374 80 533 480 489 510 210 79 392 133 773 210 528 354 752 568 560 331 349 703 273 475 353 413 401 286 785 336 314 115 237 481 566 643 293 760 624 328 492 681 166 177 704 356 714 898 145 652 935 138 741 592 380 190 527 120 299 700 332 474 359 609 357 566 770 227 81 719 326 844 418 799 369 329 584 1005 643 702 94 384 754 460 517 110 431 708 591 266 321 723 301 554 469 374 891 612 145 243 759 306 443 192 370 896 52 906 548 617 773 247 625 239 327 756 529 606 149 671 334 742 878 668 396 459 200 496 980 779 964 633 792 986 251 310 765 1026 888 907 604 50 700 404 449 470 406 657 334 726 857 344 549 379 88 491 833 534 982 431 316 272 542 702
426 668 685 952 730 602 735 883 754 718 402 704 107 182 728 200 0 810 645 285 838 779 393 543 1017 678 371 761 850 174 729 527 942 1058 483 848 938 51 573 389 525 713 290 882 852 642 818 193 636 851 815 979 279 622 726 625 805 744 136 568 250 447 380 933 66 838 764 730 137 285 806 654 485 568 943 137 779 898 266 271 832 483 751 956 508 666 514 835 805 707 527 256 773 752 457 251 551 343 425 552 323 217 589 132 933 10 433 525 739 674 625 143 493 872 446 676 176 302 601 91 933 532 338 241 78 677 476 727 475 839 824 217 450 860 292 248 860 355 858 1011 252 696 1018 331 783 792 580 322 577 277 492 669 230 650 197 797 503 749 919 414 232 865 510 895 427 858 530 140 522 1123 762 692 107 300 726 510 407 271 626 677 716 255 483 715 498 467 628 529 946 581 126 403 733 438 344 392 268 981 155 1032 748 817 791 333 699 339 401 714 485 807 101 820 153 770 926 652 581 542 398 695 1092 853 1082 771 903 1112 349 505 905 1142 958 988 753 229 610 602 564 412 546 602 180 851 870 268 497 527 259 665 860 597 1107 528 504 125 493 813
399 516 323 442 663 242 76 136 669 184 418 347 838 838 407 637 810 0 198 560 205 37 860 309 318 560 476 89 215 647 240 403 295 445 496 62 616 762 807 535 395 776 646 72 600 170 591 621 182 187 787 465 640 958 838 197 969 384 872 512 573 407 618 561 834 218 48 700 923 609 206 208 402 909 301 911 567 198 879 646 1020 760 203 591 465 144 442 535 957 184 377 559 379 907 454 565 601 910 776 534 499 684 300 770 161 818 855 285 773 341 477 953 331 72 365 338 893 826 364 870 215 332 587 699 867 245 864 423 343 483 333 790 729 67 521 580 129 627 195 435 562 560 571 581 597 313 436 492 517 662 523 795 780 162 875 118 320 96 202 410 671 186 313 625 610 574 282 950 811 496 293 736 723 772 815 514 879 657 260 797 262 651 327 742 366 852 194 289 637 751 782 407 814 391 820 467 794 536 689 389 365 423 694 514 455 496 491 853 748 373 786 154 961 644 655 739 246 426 456 437 497 509 463 201 377 452 492 349 237 518 584 557 155 643 945 318 338 755 294 835 969 283 757 747 773 297 556 146 697 478 454 398 326 907 763 337
219 536 366 577 685 45 128 322 698 255 243 398 659 704 463 458 645 198 0 376 204 161 769 113 502 579 288 122 363 474 315 362 461 612 444 214 710 595 766 337 197 777 536 268 670 122 652 451 147 343 815 604 526 908 833 157 963 254 726 495 429 215 534 665 660 359 151 717 747 418 333 25 204 854 466 759 620 373 758 531 1012 700 126 697 421 112 399 612 954 71 179 410 458 898 384 394 574 802 700 510 363 496 104 588 357 654 774 140 782 377 483 785 229 271 205 180 752 717 178 715 398 134 487 508 694 89 792 477 170 570 259 665 663 227 372 440 307 536 352 590 411 585 699 386 646 225 248 346 503 469 326 781 658 74 740 151 220 111 383 231 482 349 135 705 542 651 167 782 756 670 380 737 549 666 814 473 789 464 69 785 327 531 192 748 169 779 157 187 730 719 600 258 815 280 721 276 680 660 510 561 241 319 730 393 494 371 400 843 690 277 607 303 790 682 739 728 65 395 266 282 662 596 633 309 509 633 371 154 404 693 691 679 257 457 894 128 308 677 228 798 792 415 805 634 716 206 385 91 753 473 633 356 141 730 706 441
160 595 531 803 707 331 484 656 729 512 144 559 283 400 604 85 285 560 376 0 558 526 549 266 814 623 89 497 650 112 543 402 750 886 412 588 852 234 651 120 239 741 330 633 779 404 749 106 406 643 822 832 314 754 777 399 887 460 395 503 182 165 392 829 287 640 512 723 372 69 607 380 199 694 752 416 709 686 476 312 926 560 472 857 418 423 411 742 883 432 241 157 634 824 353 69 534 542 526 500 192 125 307 211 701 295 574 282 760 527 539 417 294 628 204 390 430 468 316 368 718 251 327 148 322 396 609 609 217 727 539 388 519 601 152 194 635 376 651 847 152 637 898 85 724 506 300 163 514 124 228 716 390 398 432 526 300 486 703 150 115 654 246 822 430 774 303 414 616 950 593 708 180 433 767 449 568 115 347 723 538 301 257 728 216 596 402 312 866 631 223 186 772 263 493 107 425 858 136 849 464 535 767 239 597 223 314 775 556 522 232 606 419 731 857 679 316 432 114 416 928 747 910 573 743 928 235 226 703 972 856 870 540 83 739 318 407 505 351 685 417 671 852 393 578 320 69 415 821 514 925 399 235 355 570 655
412 695 508 647 846 240 205 331 855 371 438 536 839 907 599 643 838 205 204 558 0 188 972 294 503 740 469 144 421 664 433 547 495 641 635 159 820 787 957 490 333 950 741 228 799 285 788 644 311 392 973 670 731 1103 1009 325 1140 213 926 673 633 392 735 766 845 423 197 881 929 587 411 189 362 1050 501 957 761 398 963 736 1191 896 86 797 609 261 586 735 1130 134 323 612 577 1077 580 587 758 1007 900 691 568 668 250 766 338 847 976 345 951 523 649 974 429 252 408 208 954 922 269 912 407 306 691 673 880 162 992 614 371 685 135 869 861 165 574 643 331 738 400 636 613 743 776 547 790 126 331 549 680 630 437 961 863 243 944 92 419 149 397 425 653 390 334 827 739 774 367 972 952 686 491 909 737 871 988 661 992 628 211 965 452 736 397 918 341 980 324 385 841 906 778 462 988 483 925 451 885 741 694 582 194 230 883 598 641 576 601 1022 886 181 789 360 977 833 857 906 268 577 443 283 692 711 656 402 582 637 576 333 439 708 789 763 351 633 1089 245 486 878 416 987 973 489 950 839 912 402 579 244 893 644 641 541 336 913 902 540
365 516 325 465 665 205 44 170 673 186 384 351 805 813 413 603 779 37 161 526 188 0 842 272 352 561 441 55 239 615 246 391 325 476 483 73 632 731 798 498 358 775 624 108 611 144 601 589 161 212 791 490 617 948 836 176 967 353 845 506 545 371 600 579 801 240 16 701 890 574 224 171 365 898 330 883 575 229 856 623 1018 747 173 610 453 117 430 547 956 149 340 530 389 904 437 532 594 889 760 526 472 649 263 736 198 787 839 253 773 342 474 922 306 110 333 304 866 805 327 841 248 295 567 664 835 209 850 429 309 496 309 766 715 84 492 553 160 608 221 463 533 562 594 545 604 287 400 463 511 626 485 791 757 129 850 96 296 61 235 376 636 214 279 639 595 586 255 919 799 529 303 734 690 751 813 503 861 621 222 794 266 628 298 741 329 838 173 263 653 743 748 377 813 367 800 431 772 558 655 421 335 396 699 489 458 471 471 850 736 347 753 176 929 649 669 735 211 415 421 404 527 523 494 214 399 486 467 313 267 551 602 579 163 609 935 281 326 739 274 827 937 305 764 725 761 273 523 114 706 473 488 385 291 874 751 353
602 473 598 800 452 740 801 874 475 700 575 599 501 215 585 499 393 860 769 549 972 842 0 709 944 456 599 850 797 463 676 462 861 929 371 916 703 408 216 669 745 381 237 920 613 701 580 450 681 812 490 821 251 228 370 666 423 962 282 399 379 650 242 722 459 784 826 435 498 593 758 788 700 176 859 323 551 858 145 249 443 157 894 736 405 728 425 626 425 840 737 405 642 378 405 481 325 92 100 373 419 561 765 514 924 387 44 628 411 580 461 444 544 898 578 880 255 91 815 335 892 711 281 595 458 837 87 576 619 656 1012 179 158 925 432 365 850 234 815 875 408 473 818 630 541 977 827 447 401 615 776 324 170 734 217 900 554 840 881 592 571 827 653 649 254 632 605 443 161 987 675 377 453 116 380 366 20 606 786 332 655 254 576 398 690 81 669 588 704 254 512 524 387 488 55 622 130 791 487 925 959 1039 502 379 534 402 372 352 167 1012 488 797 467 504 672 332 708 449 622 938 947 658 951 730 776 997 400 686 847 1002 741 788 740 548 216 792 526 114 568 234 524 765 565 156 160 574 483 739 578 441 989 466 660 495 162 701
118 551 408 649 694 67 235 426 711 326 145 441 550 619 502 350 543 309 113 266 294 272 709 0 601 591 178 235 451 369 379 357 552 701 423 327 758 492 736 225 100 771 471 380 707 189 684 350 206 435 823 678 459 870 822 208 949 258 634 491 346 102 487 719 553 445 261 722 638 305 415 113 94 813 556 663 648 470 680 462 996 661 208 750 408 195 388 653 941 165 81 323 509 884 357 292 559 731 651 501 290 383 56 478 464 552 719 113 780 414 494 680 206 381 130 174 662 648 125 618 498 24 431 395 587 136 743 514 89 619 304 586 621 340 288 358 408 483 444 673 323 600 765 273 672 269 178 266 500 356 228 766 582 159 655 260 201 224 483 131 370 443 59 745 503 692 156 678 719 761 441 732 443 600 806 457 729 351 84 772 384 460 151 747 56 730 209 180 777 695 490 184 808 238 657 163 608 725 402 653 252 334 746 330 522 306 357 829 652 304 498 395 684 700 780 717 69 393 154 254 749 644 722 386 582 728 309 41 497 784 746 742 339 346 856 87 318 628 233 769 683 494 825 564 678 200 284 179 779 478 727 352 48 622 668 505
662 490 350 220 597 539 375 182 591 303 671 345 1070 993 364 877 1017 318 502 814 503 352 944 601 0 523 743 407 167 878 289 506 83 146 584 345 432 976 820 819 697 726 784 275 464 418 474 847 410 171 692 227 784 968 789 415 908 700 1044 546 767 686 722 372 1056 179 356 635 1145 875 211 518 695 934 85 1090 472 131 1009 792 958 807 520 393 550 406 534 405 894 502 678 762 308 857 577 798 628 1017 846 572 694 939 606 1010 164 1022 925 536 711 367 485 1158 530 253 610 656 1054 941 677 1057 104 626 720 962 1086 561 919 377 605 348 638 933 790 338 729 770 194 741 163 164 767 513 331 855 500 624 749 700 545 931 826 766 920 442 1027 430 521 413 118 670 929 160 585 468 695 432 511 1156 844 183 271 692 949 888 763 580 960 924 569 765 305 803 557 688 654 910 413 503 452 757 1020 634 760 580 920 740 921 311 925 87 681 732 600 687 420 677 630 812 795 683 1018 209 1171 557 485 714 532 506 729 756 195 366 156 246 194 135 668 636 112 204 383 333 274 897 958 629 456 830 474 838 1192 179 631 876 815 498 789 422 568 503 137 504 603 1130 807 246
549 44 237 348 106 578 535 512 119 376 536 215 769 577 166 636 678 560 579 623 740 561 456 591 523 0 605 596 410 616 322 237 442 480 212 622 261 657 298 703 679 217 389 595 173 463 139 584 436 435 235 367 399 445 280 424 410 831 644 119 471 602 300 269 738 398 548 140 815 691 384 605 645 413 439 694 101 472 559 407 461 303 690 286 204 483 215 170 398 637 661 484 217 350 269 566 137 542 356 128 431 715 638 736 554 679 427 478 212 219 97 796 388 567 491 751 639 483 716 677 500 609 341 750 757 668 411 151 522 200 834 512 299 627 474 464 492 325 434 425 491 18 363 702 105 802 765 459 109 742 777 246 496 511 603 650 391 591 493 547 715 448 536 216 255 183 435 793 329 535 285 178 662 440 256 176 468 732 633 247 299 423 446 182 611 404 425 411 268 236 742 464 255 379 449 619 479 334 664 486 819 899 154 389 110 400 310 299 291 856 728 437 815 111 247 192 546 202 612 844 493 201 501 371 336 551 388 596 447 548 290 333 407 679 435 672 274 346 359 314 856 355 236 446 306 391 561 504 198 114 542 242 553 804 300 281
81 572 482 750 697 243 400 579 718 445 76 512 372 471 563 174 371 476 288 89 469 441 599 178 743 605 0 410 581 197 483 372 682 823 402 502 817 320 675 98 157 747 367 549 750 327 723 182 333 572 818 779 351 790 788 328 905 381 474 489 220 76 413 789 376 572 428 717 461 133 540 291 114 731 685 498 683 613 542 352 947 588 383 819 401 343 389 708 900 343 156 193 587 841 337 129 533 603 562 490 198 207 218 300 622 381 619 207 762 481 515 505 242 546 137 307 506 524 234 451 644 162 348 223 411 307 650 570 138 687 454 451 546 514 170 233 558 401 580 788 190 618 851 114 701 421 229 165 500 188 185 728 450 315 505 438 245 399 629 73 195 582 163 793 443 742 235 503 645 887 537 711 268 483 776 440 618 182 258 735 481 344 194 729 127 637 330 249 833 647 312 142 780 227 544 23 482 811 225 783 383 457 755 248 565 226 310 789 582 440 321 533 508 716 828 686 230 406 27 344 868 708 847 507 687 861 236 137 633 909 816 825 469 168 775 231 363 540 295 708 505 609 839 444 606 261 123 334 803 492 859 368 149 444 597 601
338 551 363 519 701 168 60 225 710 227 360 391 779 806 455 578 761 89 122 497 144 55 850 235 407 596 410 0 294 592 290 410 381 532 500 92 681 711 820 459 313 806 625 150 656 149 644 568 172 268 828 544 617 968 866 188 998 297 834 532 534 337 609 630 778 294 57 736 866 540 276 126 325 916 386 870 616 285 854 623 1048 763 117 661 472 123 449 593 987 95 296 517 435 934 449 510 618 892 772 551 464 618 217 709 250 769 850 239 807 378 505 902 306 159 315 249 858 807 276 827 303 256 571 630 812 156 863 470 286 544 257 762 729 104 479 543 216 615 277 518 519 598 647 509 646 233 348 451 538 592 438 819 754 117 843 54 296 11 290 350 604 269 252 686 608 633 249 899 818 584 350 766 667 754 845 523 869 587 175 822 308 625 288 774 291 851 185 262 702 767 721 363 845 365 806 398 772 611 630 476 279 342 738 486 497 466 477 880 753 293 727 231 908 688 717 764 181 437 388 349 583 571 550 263 453 541 463 277 323 607 654 632 210 579 954 232 347 750 284 849 912 358 806 725 778 276 502 110 749 502 543 404 261 850 768 402
500 370 199 226 501 395 246 108 502 137 508 204 903 831 244 711 850 215 363 650 421 239 797 451 167 410 581 294 0 711 125 346 101 249 429 266 408 809 695 662 550 626 623 212 405 263 404 680 250 30 615 250 622 846 690 254 816 591 880 406 600 529 567 350 888 13 236 540 978 712 44 383 543 806 105 925 388 62 852 630 868 669 412 380 395 257 377 340 804 380 531 595 197 759 416 632 493 865 702 431 527 774 465 843 144 856 782 375 617 218 351 991 363 182 447 534 892 786 542 891 95 476 559 798 918 436 781 259 444 283 548 773 647 264 561 603 96 584 25 227 600 405 355 695 418 526 612 532 407 769 679 657 760 295 866 333 354 297 85 508 765 39 428 425 544 376 347 989 712 310 127 588 782 733 664 431 814 761 433 658 144 640 392 589 502 770 252 337 429 633 853 468 663 413 769 580 763 320 759 202 573 636 520 521 301 511 467 709 657 587 851 63 1004 471 451 602 382 351 569 636 299 308 271 78 161 279 502 483 55 332 372 342 113 732 835 492 292 684 306 716 1025 71 570 718 679 332 623 276 508 364 277 343 446 963 670 140
255 595 567 841 688 430 571 731 712 575 232 591 192 294 627 36 174 647 474 112 664 615 463 369 878 616 197 592 711 0 595 420 808 935 404 681 862 123 593 225 351 703 269 720 782 483 750 33 481 708 793 869 253 679 730 471 831 573 284 497 145 272 348 846 186 700 600 698 275 132 667 481 310 620 810 303 710 753 374 248 866 499 577 873 420 505 419 753 828 535 353 133 665 771 358 82 508 444 456 488 197 106 414 133 779 184 493 362 724 559 543 311 348 713 282 502 319 377 428 256 787 357 287 143 220 503 531 629 306 747 650 292 460 694 155 152 709 326 716 892 126 632 923 174 720 618 411 181 507 153 333 670 296 485 324 626 356 581 773 242 111 721 340 826 391 782 373 308 551 1000 638 674 75 349 725 439 481 144 452 678 586 234 326 695 323 519 474 377 874 582 142 246 730 301 407 217 334 884 50 903 576 647 750 229 610 223 308 725 497 634 140 674 315 719 859 640 411 444 224 527 974 764 959 632 785 983 236 330 766 1021 873 894 606 84 665 428 442 437 404 625 322 722 833 308 517 379 91 501 811 516 979 419 332 259 509 695
404 278 87 271 423 335 230 200 429 63 407 107 785 705 167 598 729 240 315 543 433 246 676 379 289 322 483 290 125 595 0 221 213 342 306 302 396 688 588 570 479 539 497 273 366 196 354 563 174 136 546 300 497 740 602 170 732 565 755 293 478 440 443 349 769 112 236 460 858 608 82 340 463 696 214 800 328 183 727 505 783 554 399 381 272 203 253 304 720 354 460 475 146 671 290 518 382 741 583 317 406 665 405 728 249 734 663 283 535 106 246 869 250 245 345 496 766 662 487 767 218 402 434 692 798 401 664 183 351 257 544 648 530 305 443 481 177 459 139 305 480 321 386 597 358 516 552 415 295 666 604 563 635 241 741 341 243 288 205 409 658 150 343 396 422 343 248 866 600 406 64 499 665 609 578 311 693 657 383 564 23 515 289 504 422 654 169 233 417 528 738 358 577 294 646 485 638 347 644 307 550 622 454 397 215 389 342 619 542 575 735 122 882 404 428 507 313 228 474 598 385 283 366 54 205 387 379 404 179 428 375 365 85 623 728 437 167 564 192 612 905 127 518 593 565 223 510 225 459 253 383 218 362 844 556 127
313 201 159 425 338 353 354 413 355 238 300 176 598 486 206 433 527 403 362 402 547 391 462 357 506 237 372 410 346 420 221 0 426 531 92 462 449 493 410 471 442 416 277 459 378 262 350 387 237 357 465 452 277 558 471 222 600 606 539 134 284 365 223 428 576 333 375 364 662 472 304 387 407 507 426 585 310 404 505 286 649 356 483 456 62 287 39 339 591 428 424 288 247 535 71 356 211 522 373 147 223 509 407 551 463 531 453 245 423 146 143 663 152 437 254 523 548 441 483 555 439 373 213 541 602 448 461 209 284 327 622 427 325 470 266 283 389 238 361 483 295 249 502 475 329 588 529 244 143 526 540 418 414 305 521 464 156 402 426 311 505 371 300 421 208 372 204 661 408 595 239 376 481 388 452 113 480 516 408 423 202 297 209 390 374 449 224 180 463 358 559 230 454 145 427 385 417 464 470 509 595 677 391 197 194 197 127 480 345 638 551 337 678 348 456 365 320 35 377 612 564 346 555 273 375 588 185 360 400 615 455 473 278 469 544 441 65 353 134 440 707 331 473 371 370 160 349 303 433 122 582 5 317 648 360 286
601 408 268 168 520 494 339 163 516 237 609 263 998 912 282 809 942 295 461 750 495 325 861 552 83 442 682 381 101 808 213 426 0 152 502 336 375 902 738 763 651 648 703 271 395 364 402 776 352 117 620 184 704 887 712 355 833 678 965 463 692 630 640 315 983 110 325 559 1072 812 142 480 644 852 6 1011 397 97 927 712 884 724 498 340 468 357 452 334 819 472 631 688 226 780 497 729 545 934 763 488 620 874 563 940 170 947 842 476 635 285 402 1082 460 244 547 627 974 858 639 979 94 577 640 898 1012 529 836 294 546 276 627 853 707 331 656 694 165 659 108 140 694 433 293 796 426 609 710 628 462 869 780 687 839 395 947 413 452 385 100 609 865 112 530 405 612 364 448 1080 761 209 189 613 878 806 686 497 877 861 530 686 226 723 493 611 603 827 353 437 396 675 950 566 683 508 837 681 839 265 856 101 660 718 527 610 338 602 551 734 712 669 948 158 1095 482 425 634 483 425 671 728 202 296 172 176 123 178 592 585 58 232 330 288 214 831 877 589 379 747 403 756 1119 96 564 794 732 430 721 375 500 420 176 424 548 1057 724 163
743 457 372 132 532 645 491 310 521 379 748 355 1122 1008 347 940 1058 445 612 886 641 476 929 701 146 480 823 532 249 935 342 531 152 0 593 481 324 1021 777 908 800 660 800 413 377 512 396 903 498 269 607 120 804 918 720 499 828 829 1066 534 810 776 727 267 1103 255 477 568 1191 951 286 632 792 891 146 1114 406 246 1012 812 877 781 648 280 562 507 550 330 815 623 781 810 293 784 603 860 604 1009 828 559 742 1008 714 1068 304 1062 904 619 640 384 470 1195 592 388 687 779 1071 940 791 1086 233 725 738 1034 1131 681 891 354 689 282 774 946 771 475 781 811 315 749 260 54 816 466 203 937 430 757 861 753 530 1008 929 707 931 545 1041 562 586 537 244 750 1000 264 675 370 693 346 588 1192 809 64 297 630 1002 890 694 580 942 999 682 705 349 825 631 622 751 883 497 574 341 715 1078 700 689 634 913 824 926 193 984 59 811 866 521 725 394 720 658 745 769 817 1073 309 1209 485 378 660 632 521 813 880 51 290 24 317 157 73 710 732 209 85 270 213 361 966 910 741 495 815 535 790 1237 215 536 884 785 565 851 525 475 493 63 530 694 1177 779 245
356 190 233 476 296 429 446 502 318 329 338 241 566 415 249 424 483 496 444 412 635 483 371 423 584 212 402 500 429 404 306 92 502 593 0 555 459 455 322 499 497 351 208 552 377 351 345 372 327 442 416 502 212 468 399 312 526 678 474 92 260 411 138 450 538 416 467 315 620 480 388 468 458 416 501 523 305 489 425 221 573 264 567 474 34 377 54 353 518 512 481 272 300 460 67 354 136 435 281 89 219 503 476 528 552 485 361 316 363 216 142 611 219 529 304 594 478 357 547 498 524 436 147 538 560 527 368 246 341 356 702 353 232 563 262 254 479 157 446 542 279 228 534 492 316 668 585 248 103 530 581 343 339 391 448 553 226 492 512 352 502 457 364 421 116 379 279 609 317 655 313 313 454 304 384 38 388 520 482 349 286 235 272 330 430 356 314 257 470 275 534 267 387 188 339 418 337 498 453 578 670 752 356 177 216 188 98 406 253 715 522 426 628 320 455 294 395 78 412 677 621 369 616 360 435 654 176 418 481 673 475 504 369 467 454 509 158 260 218 353 663 405 440 293 278 237 349 392 410 114 648 97 378 608 268 350
429 578 385 491 725 260 116 172 731 246 449 409 870 886 469 668 848 62 214 588 159 73 916 327 345 622 502 92 266 681 302 462 336 481 555 0 672 799 868 551 403 838 698 71 659 217 651 656 234 236 848 513 691 1018 900 249 1031 357 917 574 617 429 674 616 868 270 90 762 956 633 263 217 417 969 342 954 628 239 930 697 1082 819 180 646 524 191 501 594 1019 179 387 601 438 969 510 599 663 963 833 595 544 710 308 800 181 856 912 323 835 403 539 990 380 93 401 323 939 879 361 912 247 348 641 723 902 238 922 484 375 541 293 839 787 12 563 625 173 682 244 476 604 622 620 601 658 278 432 534 579 684 527 857 830 199 923 88 369 103 237 440 696 233 342 683 668 632 327 988 871 528 353 798 757 825 877 574 935 679 265 859 324 701 369 804 384 910 247 336 693 812 812 448 876 440 874 490 846 586 720 423 337 386 756 563 517 544 545 915 808 337 818 208 997 706 712 801 272 486 480 417 533 566 497 261 428 480 540 369 280 550 638 608 216 671 1005 320 397 812 348 896 1002 336 817 799 832 347 591 186 757 539 483 457 353 940 823 394
749 270 349 212 255 725 624 514 235 459 742 317 1024 838 257 878 938 616 710 852 820 632 703 758 432 261 817 681 408 862 396 449 375 324 459 672 0 913 513 914 856 366 650 620 90 589 124 829 564 438 292 208 659 636 419 557 514 962 906 370 718 797 561 60 995 402 624 282 1075 921 409 735 831 621 369 956 159 453 817 667 560 546 794 44 441 599 443 109 500 751 837 728 252 477 503 803 397 793 606 385 668 956 794 987 538 939 668 650 341 344 318 1057 579 590 688 891 900 740 876 939 465 780 599 989 1016 797 644 248 709 140 938 773 551 671 712 713 504 586 432 278 735 243 135 924 163 912 936 692 361 975 971 422 757 636 864 729 578 681 466 751 953 445 712 56 517 80 608 1055 557 356 333 347 914 700 394 429 712 965 776 418 383 683 634 332 792 640 556 586 21 457 994 676 389 591 703 827 739 130 911 360 946 1019 220 633 254 639 553 446 536 971 982 463 1076 201 54 386 699 420 818 992 311 114 336 418 255 395 627 775 413 360 54 113 471 917 630 827 455 599 532 516 1116 336 214 707 545 568 797 621 158 346 384 452 731 1063 541 279
376 643 649 918 714 552 687 839 739 675 352 669 112 207 696 150 51 762 595 234 787 731 408 492 976 657 320 711 809 123 688 493 902 1021 455 799 913 0 575 339 474 707 273 835 829 595 795 143 590 809 805 946 260 635 724 579 810 694 175 543 211 396 363 906 83 797 716 717 170 237 764 603 434 579 903 185 756 855 292 253 839 482 701 930 478 619 482 809 809 657 476 214 740 755 424 201 534 367 428 529 282 173 538 105 887 60 445 477 731 638 597 190 449 825 398 625 213 317 550 137 890 481 315 201 110 626 488 696 425 810 773 229 447 812 248 210 815 339 815 975 209 674 989 282 762 741 530 277 552 233 444 665 239 601 228 747 459 700 875 364 187 822 460 872 410 833 483 188 526 1086 724 683 59 306 722 484 423 227 575 673 676 237 437 706 447 477 582 483 923 577 103 355 729 395 356 340 279 952 107 994 698 767 776 296 671 300 369 714 483 756 81 777 198 752 904 644 531 510 347 645 1057 825 1045 730 867 1074 311 454 864 1106 931 959 709 181 622 551 526 413 503 604 216 812 857 270 498 483 209 617 843 570 1069 493 454 155 492 777
652 329 501 644 258 749 764 788 277 628 628 490 680 413 456 625 573 807 766 651 957 798 216 736 820 298 675 820 695 593 588 410 738 777 322 868 513 575 0 762 798 166 324 855 426 672 396 570 647 716 274 661 341 152 156 632 238 995 484 296 469 705 261 542 640 682 783 232 694 709 662 790 756 114 734 529 375 757 357 344 275 93 890 550 348 697 371 453 236 835 785 493 511 180 383 582 206 307 149 273 476 699 792 676 834 569 173 635 196 481 343 649 539 830 609 910 462 287 857 533 788 746 326 735 646 848 138 443 650 494 1024 359 133 875 507 457 765 275 716 722 499 311 638 737 357 990 886 509 292 745 860 108 344 714 424 874 547 812 779 644 704 730 677 457 234 450 600 647 55 829 567 169 606 274 163 296 217 734 802 116 564 358 588 188 734 138 634 579 510 62 677 562 171 498 242 696 310 616 629 784 987 1070 299 427 399 450 379 141 95 1035 656 710 671 311 475 126 715 383 692 986 786 490 797 641 634 849 441 725 737 841 556 610 665 675 140 823 473 161 541 33 725 647 353 305 76 560 581 713 374 334 840 416 689 688 83 575
