160
0 534 541 671 741 574 594 619 163 460 276 819 454 682 58 794 249 255 659 185 76 236 551 632 352 114 127 25 426 282 751 244 415 422 488 487 415 724 628 732 117 707 554 826 493 204 486 423 457 737 522 569 161 415 413 367 617 392 500 122 414 535 147 442 74 479 337 741 488 419 251 761 611 456 443 442 744 258 364 226 128 348 600 424 175 629 184 576 271 213 775 525 615 600 391 43 744 309 377 778 187 647 322 132 626 501 154 419 325 456 593 511 263 614 346 382 188 765 302 480 497 444 172 321 236 431 129 396 27 618 182 500 260 203 653 136 608 541 442 271 654 906 323 411 718 632 697 378 409 355 819 745 201 380 254 582 366 750 262 305
534 0 40 225 783 780 651 752 439 501 810 309 544 591 591 306 589 419 138 447 605 319 632 319 246 488 546 559 498 296 365 742 257 257 608 51 886 667 442 221 479 174 904 766 334 737 583 436 478 781 11 810 376 540 584 264 895 173 698 429 872 839 392 196 479 321 838 509 554 914 326 609 169 416 200 705 304 694 209 484 610 630 647 544 673 883 641 107 805 664 797 686 656 100 676 573 441 474 477 411 506 334 385 430 197 228 472 767 394 866 832 420 367 888 631 863 494 824 684 74 579 579 706 559 638 567 472 472 561 86 358 975 323 409 485 593 858 693 600 793 470 920 561 541 327 272 507 156 459 581 302 550 717 894 614 606 758 627 288 527
541 40 0 188 750 755 620 724 457 474 816 287 578 554 598 278 611 443 119 440 609 317 603 280 232 487 543 566 472 289 327 740 232 292 642 56 879 631 404 198 493 167 887 729 301 742 618 470 513 748 43 787 380 573 561 245 872 163 674 431 864 819 402 231 482 289 835 470 526 909 345 570 130 452 236 685 269 687 198 473 609 656 615 577 686 859 637 145 812 681 763 660 624 132 658 580 401 501 455 372 498 294 367 430 158 193 490 752 423 853 808 387 356 865 658 858 514 791 673 106 551 612 713 542 658 600 469 504 567 80 370 968 316 429 447 591 834 666 576 794 432 884 588 573 288 232 468 165 493 610 283 511 728 893 636 574 745 588 304 554
671 225 188 0 672 737 569 684 618 457 938 170 766 456 730 128 782 619 132 531 729 435 565 154 321 593 642 696 469 391 143 835 275 480 831 237 951 532 301 116 647 181 908 616 271 861 806 659 702 671 231 778 511 760 570 315 867 282 667 551 931 829 549 420 603 269 925 327 502 991 515 444 63 641 425 700 81 763 307 545 712 835 562 764 832 846 728 310 939 839 676 641 565 283 686 714 240 683 472 191 581 160 417 546 45 188 651 787 606 900 795 344 437 859 836 936 681 714 732 295 527 799 840 582 822 787 574 692 695 178 520 1036 416 597 340 690 823 643 575 900 322 782 768 760 107 99 345 329 681 792 183 377 869 987 805 520 798 470 469 733
741 783 750 672 0 242 152 148 836 314 856 821 1128 220 772 764 982 908 786 572 732 635 191 518 591 629 618 753 338 602 594 688 540 926 1179 747 670 153 371 789 821 846 462 154 449 796 1168 1049 1096 3 779 288 685 1098 327 560 348 651 267 661 639 380 747 891 680 463 720 389 267 734 820 277 672 1060 896 348 670 584 628 518 660 1078 150 1106 896 310 621 891 877 950 39 228 136 882 391 771 483 986 384 570 554 513 481 646 654 556 853 449 950 550 283 363 547 340 1076 682 896 41 512 806 250 1136 818 420 977 1121 619 1050 742 803 751 715 595 852 334 634 300 211 298 765 354 165 1036 1095 601 573 344 731 1053 1069 841 338 895 780 992 184 513 239 778 1008
574 780 755 737 242 0 194 97 701 284 636 904 1006 368 592 852 823 786 824 440 546 543 178 596 545 477 447 581 282 527 703 468 522 856 1049 734 429 340 468 850 674 887 226 389 470 584 1042 944 988 239 772 51 567 971 202 520 135 617 85 526 398 140 623 835 529 477 487 536 235 494 717 457 715 964 840 133 761 369 585 379 469 922 205 979 707 109 421 879 660 769 280 96 212 880 185 596 612 858 305 694 401 598 407 512 706 574 710 214 841 308 59 393 456 126 920 444 751 241 298 780 210 1005 615 268 805 991 473 934 568 824 637 473 510 727 449 448 86 94 181 541 466 381 892 967 697 641 479 683 942 925 919 497 696 544 828 237 281 422 686 869
594 651 620 569 152 194 0 116 684 163 731 730 975 175 628 675 832 755 670 421 591 483 43 420 444 481 474 608 185 451 518 566 399 778 1027 611 578 161 282 685 670 733 414 243 319 666 1015 897 944 149 645 244 532 945 185 414 328 508 166 509 548 325 595 745 531 331 612 342 115 640 667 266 557 908 750 245 582 462 483 369 521 927 11 953 754 298 488 757 750 805 182 122 25 751 275 626 421 833 231 505 407 419 329 494 544 428 701 356 798 471 253 234 395 319 925 584 744 185 392 667 98 983 683 277 829 969 470 897 597 680 598 638 443 700 258 495 278 111 157 646 276 316 884 942 516 470 286 586 901 917 747 303 757 676 843 49 410 233 627 856
619 752 724 684 148 97 116 0 731 251 712 846 1031 282 644 792 866 810 781 464 602 550 121 536 531 513 493 629 262 526 635 544 496 857 1079 710 521 246 399 799 709 844 323 292 427 655 1070 962 1007 145 746 147 587 999 213 503 221 599 124 554 490 237 647 830 565 437 572 454 199 585 731 366 669 977 835 202 699 441 571 406 527 964 126 1007 765 187 484 856 734 823 187 94 128 853 248 646 536 886 298 621 436 536 402 539 657 535 744 301 860 402 148 344 461 212 962 534 786 155 369 761 174 1035 681 299 854 1021 506 957 617 788 656 569 513 752 374 503 171 78 184 620 392 299 927 995 632 585 399 673 962 961 863 412 760 632 873 165 365 330 695 902
163 439 457 618 836 701 684 731 0 531 406 744 305 738 198 730 170 92 575 267 236 226 645 617 332 226 269 177 502 274 723 406 405 273 348 400 578 792 652 655 51 613 709 899 505 347 341 261 298 833 428 704 155 269 518 357 762 340 621 177 578 681 92 304 175 489 498 760 571 579 116 805 554 293 305 576 697 418 324 325 290 250 688 277 238 769 345 456 393 225 867 638 703 485 526 179 742 156 453 758 300 634 368 192 575 477 33 570 162 617 729 549 299 758 249 545 67 866 454 373 586 303 302 435 204 289 228 238 186 525 104 662 265 42 684 293 747 653 547 424 680 1001 200 265 686 603 725 293 250 232 740 775 288 535 191 662 523 801 152 171
460 501 474 457 314 284 163 251 531 0 641 626 816 224 502 577 687 598 539 277 472 322 134 325 282 345 353 477 35 288 444 489 244 615 869 458 549 264 227 568 522 603 455 369 187 569 856 735 782 311 494 321 377 787 122 253 410 348 210 361 523 373 440 583 391 193 557 328 52 603 506 311 432 746 588 248 489 390 322 235 413 778 163 795 629 391 393 604 655 674 340 188 177 602 247 497 375 676 82 445 279 331 168 347 424 290 551 349 637 469 340 118 235 402 777 544 594 348 333 510 77 826 576 180 691 811 331 737 468 541 440 624 282 543 229 384 367 193 119 568 239 474 731 784 430 365 272 424 740 764 640 312 641 623 700 132 379 294 464 702
276 810 816 938 856 636 731 712 406 641 0 1091 623 862 220 1064 375 483 934 414 208 505 688 880 616 346 305 251 606 546 1004 168 670 680 630 763 277 885 847 1005 356 983 512 974 730 77 640 632 653 853 799 609 435 581 550 625 619 664 589 388 297 538 421 708 336 719 179 959 650 239 515 952 880 672 709 510 1007 271 633 422 235 453 740 588 193 646 247 850 29 257 894 628 756 875 465 239 979 505 564 1025 378 894 549 392 893 758 381 427 553 386 628 725 507 620 450 242 391 868 343 755 649 594 105 465 315 585 365 591 249 894 456 330 521 448 862 262 633 645 576 97 868 1012 471 576 974 888 907 654 610 493 1092 951 142 170 359 737 357 933 534 473
819 309 287 170 821 904 730 846 744 626 1091 0 840 600 877 57 898 728 170 692 882 585 729 310 478 750 801 844 640 546 233 997 441 556 904 343 1119 674 452 88 779 155 1079 746 441 1015 877 732 770 820 319 946 657 841 740 477 1035 426 836 702 1100 999 686 495 754 440 1089 447 670 1157 633 569 215 706 499 870 151 930 457 711 871 938 721 845 970 1013 891 346 1089 969 820 809 724 311 857 860 350 782 643 270 745 311 585 699 210 357 777 958 701 1071 963 511 599 1027 940 1102 801 863 901 382 694 879 990 752 945 868 731 773 844 226 654 1205 573 716 486 850 990 810 745 1059 467 915 869 842 220 262 480 451 759 889 24 501 1011 1150 923 681 967 601 591 835
454 544 578 766 1128 1006 975 1031 305 816 623 840 0 1004 468 847 248 221 675 567 515 494 938 819 567 531 572 460 790 533 898 680 638 287 64 530 851 1066 893 757 340 686 1008 1174 747 589 42 108 73 1125 536 1009 445 41 818 598 1066 539 924 479 857 985 384 348 480 729 760 991 860 839 311 1058 705 136 343 881 847 712 542 627 582 187 977 34 429 1075 639 495 599 367 1156 939 992 530 831 453 950 148 743 941 605 836 647 494 731 684 302 872 180 909 1034 809 580 1063 190 816 266 1159 755 471 878 46 536 738 309 44 533 80 472 616 377 928 534 279 931 591 1052 954 846 675 923 1290 151 46 859 788 967 460 85 133 827 1017 480 781 264 948 821 1061 357 154
682 591 554 456 220 368 175 282 738 224 862 600 1004 0 726 543 900 794 575 497 696 515 203 302 439 567 577 700 259 472 373 705 374 769 1061 562 740 77 155 572 735 634 589 177 268 791 1045 913 961 220 588 419 582 980 317 407 501 484 337 577 711 500 645 725 611 284 763 174 213 799 693 94 462 917 731 410 449 603 470 459 636 988 163 987 853 469 614 699 877 895 220 294 155 686 431 720 264 872 306 351 503 296 371 563 442 364 761 522 823 640 426 195 439 492 987 742 803 262 538 625 218 1020 800 397 909 1005 552 924 691 599 639 805 474 743 115 608 451 285 297 785 134 330 936 977 380 358 124 568 923 967 621 129 865 829 915 140 569 70 646 904
58 591 598 730 772 592 628 644 198 502 220 877 468 726 0 853 241 285 717 234 49 295 585 689 411 161 153 33 468 340 808 213 472 467 494 545 385 764 680 790 147 764 548 865 547 151 495 449 480 769 579 582 220 427 445 424 623 451 522 180 389 539 201 491 129 534 301 793 526 382 298 808 670 485 492 458 802 251 422 267 125 340 635 435 126 638 180 630 214 178 807 551 651 655 407 19 799 328 420 835 224 704 373 188 685 558 180 420 357 442 605 561 317 621 337 352 205 794 306 535 534 451 115 352 213 440 178 417 36 675 236 467 318 240 703 144 619 568 474 226 705 937 326 422 776 689 747 435 432 356 877 795 145 336 240 620 361 795 314 314
794 306 278 128 764 852 675 792 730 577 1064 57 847 543 853 0 889 721 172 659 855 559 676 256 448 720 769 820 592 517 175 964 404 561 911 334 1080 617 396 93 763 178 1031 688 394 987 886 739 779 763 315 895 634 846 693 443 984 402 785 676 1060 950 667 499 728 394 1054 389 619 1120 622 512 183 716 504 823 94 892 431 674 840 935 667 850 951 961 857 360 1064 954 763 757 669 327 811 836 292 780 598 213 710 256 546 671 172 317 763 913 700 1027 911 460 565 976 936 1064 790 806 860 380 643 884 965 709 934 873 701 777 819 231 637 1165 543 705 430 818 938 757 696 1027 410 857 866 847 163 212 422 437 764 887 80 443 990 1116 913 627 925 544 578 832
249 589 611 782 982 823 832 866 170 687 375 898 248 900 241 889 0 172 727 412 290 394 791 787 502 353 376 244 655 444 891 443 575 375 260 555 611 950 821 809 165 759 790 1056 675 343 267 270 283 979 578 817 319 206 657 527 863 508 748 325 620 779 259 424 302 658 517 930 722 595 266 971 718 313 422 691 862 492 494 464 365 99 837 213 181 877 421 585 351 120 1015 772 853 618 640 232 912 148 606 927 430 804 529 340 740 647 141 661 221 681 842 715 461 860 97 575 103 1009 546 518 734 221 291 567 65 211 363 224 257 674 275 684 433 185 852 381 856 788 686 430 849 1148 96 201 854 771 894 453 244 120 891 944 232 535 25 815 603 966 313 102
255 419 443 619 908 786 755 810 92 598 483 728 221 794 285 721 172 0 557 347 326 278 718 641 366 314 360 267 570 321 736 497 440 208 271 387 669 853 694 640 139 587 801 961 546 429 259 168 206 905 408 791 224 189 597 396 851 356 704 259 669 771 163 253 265 529 586 798 640 668 108 854 555 201 252 662 700 511 349 406 382 217 758 197 301 857 437 414 467 267 937 718 773 446 613 267 769 78 524 775 386 658 430 273 578 501 104 661 71 710 815 600 362 847 217 636 94 939 546 347 658 228 381 517 228 213 314 148 277 503 157 752 319 58 729 386 834 733 625 510 724 1071 151 187 698 618 769 291 158 179 721 819 353 621 197 730 615 854 158 117
659 138 119 132 786 824 670 781 575 539 934 170 675 575 717 172 727 557 0 549 726 432 660 275 335 600 655 684 545 398 273 852 316 389 739 175 985 652 420 83 613 63 974 742 354 859 713 567 606 784 149 860 498 674 640 342 948 273 747 547 969 901 521 327 598 347 947 458 589 1019 463 571 114 544 332 768 194 794 307 577 723 768 664 678 805 931 748 191 931 800 793 727 670 159 747 699 373 612 536 320 605 285 460 545 133 250 608 844 531 951 880 437 460 940 769 966 632 828 774 211 614 712 831 635 776 701 582 606 685 59 489 1073 426 547 461 703 907 732 651 909 443 905 699 675 239 219 471 285 592 719 164 506 847 1005 752 622 844 596 423 665
185 447 440 531 572 440 421 464 267 277 414 692 567 497 234 659 412 347 549 0 214 132 380 466 214 73 110 205 244 151 589 305 258 433 614 396 439 541 446 611 249 605 487 646 317 336 605 504 548 568 436 448 127 534 251 216 515 277 357 89 425 441 183 427 114 306 397 559 310 469 279 576 478 526 430 321 596 247 242 60 182 506 425 542 359 517 199 519 419 398 604 372 441 533 275 225 569 421 195 611 59 480 139 74 487 347 281 344 401 426 473 327 94 510 504 417 324 600 243 413 322 570 327 171 413 556 55 494 197 520 197 528 124 288 468 158 493 387 280 368 471 737 464 531 560 475 513 303 502 497 697 561 378 458 423 403 319 565 255 437
76 605 609 729 732 546 591 602 236 472 208 882 515 696 49 855 290 326 726 214 0 296 547 678 408 142 118 59 437 338 800 170 465 499 543 556 342 731 660 797 187 776 499 830 532 133 544 493 525 729 593 535 228 475 406 418 574 455 479 179 343 490 223 518 127 520 261 772 492 343 328 781 672 527 520 412 799 201 424 238 77 389 598 483 163 590 131 651 209 223 768 509 614 673 361 61 784 374 390 824 193 692 354 183 684 552 223 371 398 393 558 539 304 572 386 309 251 752 257 553 498 500 113 313 261 488 161 462 50 687 257 425 313 278 680 99 571 526 435 194 683 896 375 470 769 683 724 449 477 406 883 771 168 303 289 585 312 766 338 362
236 319 317 435 635 543 483 550 226 322 505 585 494 515 295 559 394 278 432 132 296 0 448 403 117 169 226 261 297 50 518 423 185 313 548 269 568 574 426 500 235 485 615 682 280 429 534 414 461 632 308 559 80 466 342 136 633 159 458 116 555 563 135 299 169 264 518 535 368 594 184 580 375 427 303 437 507 377 128 181 291 475 485 474 402 631 322 387 504 420 662 463 499 402 396 279 522 357 254 548 192 419 153 113 390 267 253 473 315 558 583 324 89 627 475 544 293 668 375 282 387 506 406 282 417 491 152 415 260 397 124 657 41 227 458 274 606 476 368 477 454 796 420 464 484 397 499 172 417 452 587 549 436 575 413 454 451 578 145 388
551 632 603 565 191 178 43 121 645 134 688 729 938 203 585 676 791 718 660 380 547 448 0 420 416 439 431 565 151 418 525 524 377 747 989 591 541 200 289 680 629 723 388 286 306 623 978 862 909 188 626 226 494 908 141 387 314 483 134 469 511 300 556 717 489 315 572 361 82 601 632 296 549 875 722 208 584 419 456 327 478 886 51 916 711 287 445 736 707 763 223 92 67 733 235 583 434 795 194 516 364 421 295 454 537 414 661 321 762 437 238 223 359 305 885 545 704 221 350 644 60 945 640 234 787 931 428 861 554 666 561 603 409 661 271 451 265 86 113 603 288 356 844 905 519 467 304 559 865 877 746 327 713 636 801 63 371 266 592 816
632 319 280 154 518 596 420 536 617 325 880 310 819 302 689 256 787 641 275 466 678 403 420 0 287 536 575 656 344 353 126 757 218 547 883 306 852 379 147 270 635 332 780 466 156 802 861 716 763 517 320 639 484 805 444 267 729 285 531 509 830 698 534 492 559 163 840 190 364 899 533 297 165 708 497 574 165 673 294 464 646 856 411 811 804 705 650 422 885 823 522 501 414 403 567 675 130 714 358 146 505 17 332 500 142 140 648 670 646 787 655 206 373 720 856 842 684 560 631 373 388 846 791 474 817 833 517 741 652 306 513 934 372 606 187 620 682 501 445 828 168 630 793 805 105 56 195 360 734 820 327 233 833 905 808 371 690 320 483 758
352 246 232 321 591 545 444 531 332 282 616 478 567 439 411 448 502 366 335 214 408 117 416 287 0 272 323 377 269 70 400 519 73 335 626 196 650 506 327 396 348 393 658 613 180 539 609 474 522 588 237 571 197 546 344 31 653 73 461 230 633 594 247 300 282 163 612 432 334 683 260 491 265 477 306 461 391 458 40 242 393 576 443 552 520 644 414 337 617 536 613 455 455 342 430 395 410 443 239 431 270 304 140 224 276 149 361 521 386 621 593 244 124 646 576 630 399 628 440 235 358 586 520 313 530 572 253 487 375 311 227 738 95 324 364 371 619 464 363 580 357 744 516 544 366 280 402 142 484 546 482 452 553 672 522 406 513 494 211 482
114 488 487 593 629 477 481 513 226 345 346 750 531 567 161 720 353 314 600 73 142 169 439 536 272 0 59 133 311 203 658 253 324 435 573 438 404 609 520 667 197 654 491 712 390 268 567 480 521 626 477 478 125 495 303 279 536 327 398 67 395 457 159 439 52 378 350 633 373 426 269 648 537 506 442 349 661 219 293 112 122 450 486 504 286 543 155 550 349 328 663 419 502 568 299 152 642 383 262 682 77 550 213 60 548 412 233 349 377 413 502 400 162 532 449 378 274 655 236 446 383 528 255 214 348 515 19 463 124 567 184 494 177 256 542 105 520 435 332 309 544 795 415 491 628 542 586 337 473 448 753 634 304 406 362 468 310 636 257 392
127 546 543 642 618 447 474 493 269 353 305 801 572 577 153 769 376 360 655 110 118 226 431 575 323 59 0 135 318 256 699 197 369 492 609 495 345 612 545 719 232 709 441 712 424 228 605 528 567 615 534 443 184 534 291 326 495 381 373 125 336 413 213 498 96 413 292 658 374 368 324 663 587 556 500 315 707 160 347 120 71 475 481 543 279 505 96 609 313 331 654 399 497 626 264 152 674 424 271 720 75 588 244 119 597 458 270 301 425 356 467 424 205 491 473 319 309 641 185 505 380 565 225 198 360 552 73 507 124 623 240 434 229 303 563 48 483 416 320 258 568 783 447 530 671 585 609 395 518 480 806 654 287 350 381 467 256 647 315 427
25 559 566 696 753 581 608 629 177 477 251 844 460 700 33 820 244 267 684 205 59 261 565 656 377 133 135 0 443 307 775 229 439 441 490 512 401 741 650 757 128 732 550 842 516 181 489 434 467 750 547 573 186 420 426 391 619 417 509 147 402 535 170 463 97 503 320 763 504 402 271 781 637 468 464 448 769 253 389 242 123 344 614 428 153 632 180 600 246 197 788 535 630 624 396 19 767 316 395 802 201 671 343 156 651 525 164 418 338 449 597 533 286 616 341 368 194 777 302 504 512 447 147 333 224 434 149 404 12 643 205 485 285 218 674 136 612 552 455 251 676 919 323 415 743 656 718 403 419 355 844 766 176 360 247 598 362 769 284 308
426 498 472 469 338 282 185 262 502 35 606 640 790 259 468 592 655 570 545 244 437 297 151 344 269 311 318 443 0 267 465 456 240 597 842 453 520 297 256 578 491 608 438 401 198 534 830 711 758 335 490 315 348 760 100 242 403 338 203 330 494 360 411 568 358 201 524 360 70 572 482 346 440 724 573 230 506 358 309 201 377 747 187 768 595 387 359 598 620 640 366 188 202 598 223 462 402 648 49 470 244 351 144 315 434 295 520 326 612 444 336 141 209 395 746 514 564 371 302 501 90 798 541 147 658 784 297 712 434 542 413 597 258 515 261 349 362 196 106 534 270 500 702 757 449 380 305 411 715 734 653 346 606 590 667 160 351 329 441 673
282 296 289 391 602 527 451 526 274 288 546 546 533 472 340 517 444 321 398 151 338 50 418 353 70 203 256 307 267 0 469 453 135 331 589 245 590 533 377 463 285 454 618 641 230 469 574 448 495 599 285 547 130 507 325 86 625 126 442 160 576 560 185 307 212 214 548 486 337 621 222 533 334 457 312 430 462 398 91 188 325 523 452 515 451 620 349 375 547 470 627 442 465 386 393 325 472 400 228 498 209 369 123 154 346 218 302 477 352 570 571 278 75 619 523 569 342 637 388 269 358 547 449 276 467 533 185 453 304 369 171 679 27 273 410 305 595 454 348 512 406 761 467 505 436 349 451 162 454 498 550 501 483 607 462 419 462 532 177 434
751 365 327 143 594 703 518 635 723 444 1004 233 898 373 808 175 891 736 273 589 800 518 525 126 400 658 699 775 465 469 0 883 336 616 962 369 978 444 236 230 746 312 897 513 282 926 939 792 836 594 370 749 598 889 565 384 838 383 644 628 955 813 645 556 678 289 966 214 478 1025 629 336 196 777 561 692 87 799 399 589 770 953 508 894 920 812 776 454 1008 935 590 611 508 426 689 794 117 805 483 47 631 115 458 620 168 250 755 792 732 910 763 325 496 829 954 967 788 635 756 432 500 929 913 599 926 916 639 822 772 322 620 1059 490 707 263 745 790 609 563 953 244 682 888 889 38 120 250 447 812 913 255 268 952 1031 913 470 814 369 580 853
244 742 740 835 688 468 566 544 406 489 168 997 680 705 213 964 443 497 852 305 170 423 524 757 519 253 197 229 456 453 883 0 560 664 702 692 172 723 706 916 357 907 362 809 602 122 706 662 693 685 731 442 372 639 389 520 459 579 421 315 176 376 383 679 270 593 97 814 492 176 492 797 783 697 681 341 897 104 544 293 132 538 576 647 278 483 107 801 191 349 727 460 591 820 297 230 845 542 418 899 254 769 425 312 791 648 393 261 568 242 462 584 398 459 535 138 418 700 176 698 489 661 166 309 400 650 270 630 219 820 416 255 426 447 716 149 468 477 413 79 724 844 535 634 857 773 761 590 646 563 1002 802 248 153 437 575 192 775 496 526
415 257 232 275 540 522 399 496 405 244 670 441 638 374 472 404 575 440 316 258 465 185 377 218 73 324 369 439 240 135 336 560 0 395 698 213 678 444 255 365 419 378 658 550 109 592 680 542 590 538 250 554 266 617 329 49 640 111 441 292 659 587 319 353 342 91 650 358 297 717 333 421 226 543 358 454 337 489 96 270 440 650 397 624 586 626 453 359 673 605 559 428 407 358 430 458 337 516 223 363 306 233 145 283 231 88 434 528 458 635 575 182 163 632 650 661 472 579 461 267 322 658 577 318 602 644 305 557 435 305 300 764 155 398 293 416 601 435 343 626 285 688 590 616 304 218 330 195 554 619 448 380 616 712 595 358 530 426 284 556
422 257 292 480 926 856 778 857 273 615 680 556 287 769 467 561 375 208 389 433 499 313 747 547 335 435 492 441 597 331 616 664 395 0 351 246 831 839 640 471 323 404 920 945 502 618 326 179 221 923 249 873 312 285 654 367 946 285 771 368 826 874 282 61 400 484 760 728 665 841 171 810 421 161 57 750 561 653 300 490 537 392 777 289 506 944 585 217 666 476 948 773 790 252 707 448 676 237 559 660 489 564 454 378 448 421 299 777 156 848 897 576 400 940 394 801 301 963 670 185 687 323 575 595 435 312 427 217 449 330 252 918 345 231 681 531 920 785 678 693 670 1080 323 286 577 510 712 200 203 338 544 761 557 802 401 742 745 819 179 292
488 608 642 831 1179 1049 1027 1079 348 869 630 904 64 1061 494 911 260 271 739 614 543 548 989 883 626 573 609 490 842 589 962 702 698 351 0 594 871 1122 953 821 377 749 1041 1230 807 604 28 172 134 1176 601 1050 494 81 866 657 1104 601 969 525 879 1022 433 412 521 789 777 1053 912 855 367 1118 769 198 408 922 911 743 602 673 613 178 1030 74 439 1114 670 558 605 372 1208 986 1044 593 872 481 1013 193 795 1005 648 900 701 540 796 747 340 907 240 936 1075 867 633 1101 182 836 300 1210 790 535 929 44 551 783 315 58 576 142 502 680 428 945 589 327 991 624 1092 1001 894 690 983 1343 167 84 923 851 1028 523 150 139 891 1078 487 794 271 1001 853 1120 415 182
487 51 56 237 747 734 611 710 400 458 763 343 530 562 545 334 555 387 175 396 556 269 591 306 196 438 495 512 453 245 369 692 213 246 594 0 835 637 417 255 437 219 855 738 299 689 570 423 467 745 40 763 328 522 537 216 847 123 652 380 821 790 347 188 430 284 788 493 511 863 289 586 175 408 193 657 318 643 159 433 560 602 608 527 630 836 591 145 759 625 763 641 617 146 626 526 433 448 430 413 455 322 336 380 201 197 433 717 370 815 785 384 316 840 603 812 458 787 633 66 536 562 659 510 602 550 421 455 513 130 314 924 272 373 460 543 811 649 553 744 447 888 534 523 330 265 485 110 444 556 339 531 673 844 580 568 707 601 247 499
415 886 879 951 670 429 578 521 578 549 277 1119 851 740 385 1080 611 669 985 439 342 568 541 852 650 404 345 401 520 590 978 172 678 831 871 835 0 740 776 1042 529 1043 251 810 697 272 876 835 866 667 875 389 529 810 430 644 372 716 413 470 31 302 548 841 431 692 99 876 534 64 659 835 904 869 844 333 1005 191 680 409 294 703 589 818 438 405 249 954 306 509 709 458 603 970 309 402 922 714 495 987 380 862 533 465 909 762 565 222 740 127 402 660 525 375 699 36 591 671 221 849 523 831 323 378 563 820 418 803 391 959 580 89 563 618 777 301 398 472 445 188 788 809 704 805 956 878 819 739 818 732 1126 853 399 126 602 601 171 807 658 697
724 667 631 532 153 340 161 246 792 264 885 674 1066 77 764 617 950 853 652 541 731 574 200 379 506 609 612 741 297 533 444 723 444 839 1122 637 740 0 232 648 785 711 566 108 340 817 1107 978 1026 153 664 391 637 1040 334 474 467 555 327 625 710 478 700 796 655 356 773 236 238 801 755 126 539 983 802 406 523 618 539 498 666 1041 150 1048 891 432 638 775 902 937 146 282 136 762 435 760 331 931 346 418 540 372 424 611 519 440 813 518 885 631 394 262 493 458 1040 745 856 192 550 699 235 1080 830 422 955 1066 595 986 731 676 697 798 533 800 192 639 417 269 309 802 210 253 991 1038 454 435 194 639 986 1024 695 185 899 837 964 147 571 88 709 961
628 442 404 301 371 468 282 399 652 227 847 452 893 155 680 396 821 694 420 446 660 426 289 147 327 520 545 650 256 377 236 706 255 640 953 417 776 232 0 418 659 478 669 325 147 772 935 796 844 370 440 515 502 873 348 298 603 357 413 511 750 583 562 591 554 164 779 112 251 829 588 170 306 794 597 469 302 611 351 425 613 900 272 880 804 576 604 549 858 835 374 378 273 534 473 670 149 771 287 226 470 142 307 499 286 221 679 574 713 694 528 122 367 594 900 770 719 413 558 483 270 914 770 401 840 900 502 812 644 445 548 851 387 650 43 585 555 375 340 782 30 485 843 871 234 202 74 441 809 873 471 124 825 845 838 234 606 184 539 809
732 221 198 116 789 850 685 799 655 568 1005 88 757 572 790 93 809 640 83 611 797 500 680 270 396 667 719 757 578 463 230 916 365 471 821 255 1042 648 418 0 691 88 1015 729 381 929 795 649 688 788 231 890 571 757 677 398 979 341 778 617 1024 938 598 410 669 377 1009 435 615 1079 544 554 140 625 414 807 143 852 373 633 789 851 678 760 882 959 810 268 1003 880 792 754 682 234 790 773 342 695 576 275 665 276 511 614 144 287 688 890 614 1000 908 457 519 971 852 1024 713 831 827 294 640 795 904 681 857 784 648 688 757 141 566 1129 490 628 456 768 935 757 684 976 437 896 782 758 204 216 458 363 675 802 86 486 924 1069 834 636 895 583 503 748
117 479 493 647 821 674 670 709 51 522 356 779 340 735 147 763 165 139 613 249 187 235 629 635 348 197 232 128 491 285 746 357 419 323 377 437 529 785 659 691 0 653 669 891 514 295 373 306 340 817 467 673 156 302 497 370 727 366 595 160 530 646 101 353 144 498 447 769 558 529 162 807 584 340 354 545 725 375 346 303 245 257 674 310 194 737 301 502 343 191 853 615 690 529 494 128 757 193 442 779 274 652 364 175 603 497 38 532 210 573 698 550 296 724 255 496 77 848 415 415 571 333 251 410 182 319 203 279 138 565 126 612 271 93 689 251 715 631 527 373 687 986 218 297 710 625 731 328 292 251 776 781 241 484 180 651 481 801 191 195
707 174 167 181 846 887 733 844 613 603 983 155 686 634 764 178 759 587 63 605 776 485 723 332 393 654 709 732 608 454 312 907 378 404 749 219 1043 711 478 88 653 0 1037 797 417 909 723 579 615 845 186 923 547 689 704 402 1011 328 811 598 1027 964 566 345 649 410 1002 509 652 1075 498 625 175 552 348 831 228 851 363 635 776 792 726 692 847 994 804 191 978 838 852 791 732 156 809 746 420 636 599 359 663 341 522 598 192 313 646 906 554 1011 943 500 518 1004 794 1023 666 888 833 241 678 726 879 696 810 715 636 621 733 88 532 1132 481 582 519 758 970 795 714 962 500 962 723 690 283 276 526 329 606 741 141 559 891 1060 784 685 905 652 462 690
554 904 887 908 462 226 414 323 709 455 512 1079 1008 589 548 1031 790 801 974 487 499 615 388 780 658 491 441 550 438 618 897 362 658 920 1041 855 251 566 669 1015 669 1037 0 613 637 483 1040 969 1007 459 895 175 609 969 338 641 126 731 256 555 222 88 650 914 536 638 336 750 419 312 759 680 875 997 918 208 944 298 696 434 427 888 425 978 637 163 370 992 540 707 499 296 435 1000 228 559 817 862 438 895 431 786 519 544 871 728 707 143 866 126 178 574 543 131 885 278 742 453 255 887 398 997 528 344 754 985 496 947 538 963 674 266 594 744 657 417 164 303 335 415 673 580 874 965 885 819 692 780 959 905 1091 715 611 377 787 451 187 646 741 858
826 766 729 616 154 389 243 292 899 369 974 746 1174 177 865 688 1056 961 742 646 830 682 286 466 613 712 712 842 401 641 513 809 550 945 1230 738 810 108 325 729 891 797 613 0 445 909 1215 1086 1134 156 764 438 744 1149 426 581 502 661 397 731 779 530 807 902 759 461 852 298 338 873 863 176 630 1091 908 479 596 704 646 600 763 1147 234 1156 992 464 731 874 993 1040 122 354 218 859 515 861 395 1039 451 480 641 456 532 716 608 541 920 587 994 694 435 369 600 493 1146 819 963 177 634 802 331 1188 925 518 1059 1174 699 1095 832 770 804 861 641 908 282 735 453 338 399 888 299 169 1099 1146 528 522 271 745 1095 1131 768 245 997 914 1069 244 646 146 817 1068
493 334 301 271 449 470 319 427 505 187 730 441 747 268 547 394 675 546 354 317 532 280 306 156 180 390 424 516 198 230 282 602 109 502 807 299 697 340 147 381 514 417 637 445 0 652 789 652 700 447 330 509 358 726 298 150 598 216 397 372 674 558 416 457 419 17 684 255 235 743 441 311 245 652 462 429 311 517 206 310 494 753 314 733 668 578 496 441 737 695 463 374 322 433 417 535 251 624 205 297 352 167 180 361 237 108 533 519 566 635 527 86 230 589 753 685 573 489 475 360 260 767 645 319 696 753 371 666 510 361 401 779 243 502 184 468 554 377 303 674 177 589 695 724 259 184 222 301 663 725 454 272 692 749 693 273 535 317 391 661
204 737 742 861 796 584 666 655 347 569 77 1015 589 791 151 987 343 429 859 336 133 429 623 802 539 268 228 181 534 469 926 122 592 618 604 689 272 817 772 929 295 909 483 909 652 0 610 586 612 792 726 561 361 547 483 547 581 588 531 312 285 498 351 643 260 642 174 883 580 251 450 880 803 625 644 454 929 215 557 346 159 432 675 555 166 604 178 781 86 237 834 568 690 804 406 171 903 461 491 948 301 816 472 315 816 681 325 382 501 362 582 650 430 581 429 235 341 810 286 684 581 564 52 395 292 555 287 549 177 820 386 341 444 389 788 186 589 585 509 86 793 955 439 542 896 810 833 581 566 464 1016 877 129 193 332 669 313 862 466 435
486 583 618 806 1168 1042 1015 1070 341 856 640 877 42 1045 495 886 267 259 713 605 544 534 978 861 609 567 605 489 830 574 939 706 680 326 28 570 876 1107 935 795 373 723 1040 1215 789 610 0 147 107 1164 576 1045 484 71 856 640 1100 581 962 516 883 1019 423 387 515 771 783 1033 900 861 352 1100 746 171 383 916 887 743 584 664 613 192 1017 63 448 1109 669 531 616 382 1196 977 1032 567 866 482 991 184 783 982 642 878 688 531 772 726 335 904 222 938 1069 850 620 1097 196 840 297 1199 788 511 917 46 558 775 325 56 569 122 502 654 416 951 575 317 973 622 1087 992 885 697 965 1330 171 75 900 829 1009 501 127 146 864 1059 497 802 280 988 852 1103 399 181
423 436 470 659 1049 944 897 962 261 735 632 732 108 913 449 739 270 168 567 504 493 414 862 716 474 480 528 434 711 448 792 662 542 179 172 423 835 978 796 649 306 579 969 1086 652 586 147 0 48 1046 428 952 377 112 750 506 1016 440 861 421 836 937 323 240 432 634 750 891 782 831 230 963 598 43 235 824 739 679 446 565 551 247 898 114 441 1020 606 388 612 389 1075 871 912 424 777 432 846 127 667 835 549 733 567 434 625 583 269 828 103 878 977 718 503 1011 250 801 246 1083 713 363 801 147 536 676 336 137 478 51 444 508 307 916 453 225 835 554 997 885 777 670 826 1209 187 114 753 683 870 358 30 188 720 920 494 780 294 867 783 969 270 168
457 478 513 702 1096 988 944 1007 298 782 653 770 73 961 480 779 283 206 606 548 525 461 909 763 522 521 567 467 758 495 836 693 590 221 134 467 866 1026 844 688 340 615 1007 1134 700 612 107 48 0 1093 471 995 422 94 795 554 1057 487 905 463 869 978 366 282 472 682 778 939 829 859 276 1011 642 63 277 867 782 715 494 608 586 242 946 92 460 1063 642 424 632 404 1123 917 959 459 819 463 893 151 714 880 592 780 614 477 669 631 303 868 147 914 1020 766 549 1053 245 831 274 1130 752 406 848 118 560 720 348 112 520 63 478 547 352 946 500 264 883 591 1040 931 823 696 874 1257 191 98 798 728 918 405 48 184 757 967 512 805 304 914 821 1017 318 181
737 781 748 671 3 239 149 145 833 311 853 820 1125 220 769 763 979 905 784 568 729 632 188 517 588 626 615 750 335 599 594 685 538 923 1176 745 667 153 370 788 817 845 459 156 447 792 1164 1046 1093 0 777 285 682 1095 324 557 345 648 263 658 636 377 744 888 677 461 717 389 264 731 817 278 670 1057 894 345 669 581 626 515 656 1074 147 1103 892 307 617 889 873 947 42 224 134 880 387 768 482 983 381 570 551 512 478 642 653 554 850 446 947 547 281 361 544 337 1073 679 893 43 509 804 247 1133 815 417 973 1118 616 1047 739 802 748 712 592 849 333 631 298 207 295 762 353 168 1033 1092 600 572 343 729 1050 1066 840 338 891 777 989 181 510 240 775 1005
522 11 43 231 779 772 645 746 428 494 799 319 536 588 579 315 578 408 149 436 593 308 626 320 237 477 534 547 490 285 370 731 250 249 601 40 875 664 440 231 467 186 895 764 330 726 576 428 471 777 0 802 365 532 575 255 886 163 690 418 861 829 380 188 467 316 827 510 547 902 314 608 174 410 193 696 311 683 199 473 599 620 641 536 661 875 630 111 793 653 793 678 650 107 666 561 443 464 469 416 495 335 376 419 202 224 461 758 384 855 824 415 357 879 621 852 483 819 673 65 572 571 695 550 627 559 460 463 549 97 347 964 312 398 484 582 850 686 592 782 469 916 551 532 331 274 506 144 451 572 313 550 705 882 603 601 747 625 276 517
569 810 787 778 288 51 244 147 704 321 609 946 1009 419 582 895 817 791 860 448 535 559 226 639 571 478 443 573 315 547 749 442 554 873 1050 763 389 391 515 890 673 923 175 438 509 561 1045 952 995 285 802 0 576 973 226 548 89 644 112 532 358 92 629 855 529 514 452 585 276 453 728 508 753 974 860 128 804 348 611 388 457 917 256 982 692 72 406 907 634 757 326 138 263 910 178 587 660 861 332 741 404 642 431 518 746 610 710 182 849 264 24 435 474 80 915 406 750 284 280 806 251 1006 595 278 795 992 476 940 561 858 646 427 529 732 497 438 47 140 210 513 514 419 890 969 741 683 529 707 948 923 961 547 678 507 821 286 251 473 699 868
161 376 380 511 685 567 532 587 155 377 435 657 445 582 220 634 319 224 498 127 228 80 494 484 197 125 184 186 348 130 598 372 266 312 494 328 529 637 502 571 156 547 609 744 358 361 484 377 422 682 365 576 0 413 374 217 642 231 483 58 520 567 63 314 103 342 469 613 418 547 152 652 451 398 317 449 586 344 204 187 239 405 535 421 322 645 279 429 432 339 714 495 550 449 403 202 603 301 300 628 178 500 212 66 466 347 178 465 274 537 600 395 143 638 404 502 220 715 358 327 434 451 333 298 338 436 114 369 186 459 70 618 115 167 532 227 621 510 402 417 530 849 354 410 564 478 575 221 375 387 657 625 357 521 336 508 432 647 133 324
415 540 573 760 1098 971 945 999 269 787 581 841 41 980 427 846 206 189 674 534 475 466 908 805 546 495 534 420 760 507 889 639 617 285 81 522 810 1040 873 757 302 689 969 1149 726 547 71 112 94 1095 532 973 413 0 785 576 1029 522 890 445 815 948 352 346 443 708 718 973 830 797 286 1037 698 149 342 845 841 673 522 593 543 150 948 8 388 1038 599 499 558 326 1127 906 963 534 795 413 935 113 714 931 570 823 619 460 723 668 264 833 160 869 998 785 551 1025 154 774 227 1129 717 467 847 41 494 704 268 27 498 68 432 616 347 886 508 246 910 552 1016 921 814 633 903 1261 110 5 850 776 947 446 83 94 830 998 438 740 223 919 781 1039 334 113
413 584 561 570 327 202 185 213 518 122 550 740 818 317 445 693 657 597 640 251 406 342 141 444 344 303 291 426 100 325 565 389 329 654 866 537 430 334 348 677 497 704 338 426 298 483 856 750 795 324 575 226 374 785 0 321 311 417 117 341 403 261 433 632 355 300 447 445 105 487 520 410 538 767 637 130 607 286 384 194 336 753 192 794 569 299 305 680 568 623 362 121 208 683 125 443 496 672 106 567 227 451 205 326 533 392 531 227 648 347 249 240 254 303 752 429 574 352 221 579 99 822 499 92 649 807 294 744 414 634 443 503 308 539 346 310 274 135 29 469 358 493 715 782 550 481 388 481 749 748 753 423 571 512 665 186 259 386 486 689
367 264 245 315 560 520 414 503 357 253 625 477 598 407 424 443 527 396 342 216 418 136 387 267 31 279 326 391 242 86 384 520 49 367 657 216 644 474 298 398 370 402 641 581 150 547 640 506 554 557 255 548 217 576 321 0 631 96 437 244 627 574 270 331 294 133 612 404 305 680 291 460 262 509 336 441 381 454 68 235 397 603 413 583 537 621 414 359 627 556 581 429 424 362 412 410 386 473 215 412 267 283 122 236 270 134 386 506 417 609 570 212 122 624 603 626 425 597 431 259 329 617 531 297 553 603 260 518 388 323 253 732 106 352 334 374 596 438 339 584 328 713 545 574 351 265 372 171 516 575 483 423 568 673 547 376 502 463 241 511
617 895 872 867 348 135 328 221 762 410 619 1035 1066 501 623 984 863 851 948 515 574 633 314 729 653 536 495 619 403 625 838 459 640 946 1104 847 372 467 603 979 727 1011 126 502 598 581 1100 1016 1057 345 886 89 642 1029 311 631 0 727 200 595 342 84 692 931 586 603 450 671 365 435 795 588 842 1039 936 196 894 376 693 456 498 962 340 1038 724 38 443 990 646 792 383 227 346 994 239 631 747 918 417 830 466 731 512 581 835 698 765 203 912 244 75 524 551 8 960 395 803 334 317 888 341 1060 621 351 835 1047 537 1000 606 944 711 392 605 792 584 482 50 228 297 521 602 456 941 1025 831 773 614 786 1009 973 1050 631 704 496 864 372 269 552 770 921
392 173 163 282 651 617 508 599 340 348 664 426 539 484 451 402 508 356 273 277 455 159 483 285 73 327 381 417 338 126 383 579 111 285 601 123 716 555 357 341 366 328 731 661 216 588 581 440 487 648 163 644 231 522 417 96 727 0 533 275 701 667 267 241 327 199 674 452 401 747 248 526 220 437 247 534 359 524 36 311 449 572 505 529 550 717 475 263 662 557 670 525 516 268 503 434 414 428 312 420 335 302 214 273 237 146 372 594 362 692 666 293 194 720 572 695 405 689 511 162 425 563 563 386 544 550 309 459 417 243 239 805 153 323 397 430 692 534 435 636 387 800 508 521 346 263 430 84 454 535 428 480 588 732 530 467 584 534 198 473
500 698 674 667 267 85 166 124 621 210 589 836 924 337 522 785 748 704 747 357 479 458 134 531 461 398 373 509 203 442 644 421 441 771 969 652 413 327 413 778 595 811 256 397 397 531 962 861 905 263 690 112 483 890 117 437 200 533 0 445 383 169 540 750 451 402 455 494 166 476 633 431 641 880 754 82 696 317 501 297 403 847 178 899 642 184 359 796 610 701 306 44 190 798 124 525 561 777 221 640 321 535 322 430 634 497 631 191 758 304 133 325 370 192 845 421 673 279 245 696 144 925 556 186 734 911 393 852 497 745 553 471 425 645 400 380 159 58 98 498 416 424 814 887 634 573 436 599 859 847 850 461 635 517 754 197 249 399 601 790
122 429 431 551 661 526 509 554 177 361 388 702 479 577 180 676 325 259 547 89 179 116 469 509 230 67 125 147 330 160 628 315 292 368 525 380 470 625 511 617 160 598 555 731 372 312 516 421 463 658 418 532 58 445 341 244 595 275 445 0 462 517 97 372 52 358 412 624 397 490 203 652 492 444 375 404 622 286 245 148 182 417 514 453 295 599 221 486 388 323 692 461 529 505 356 166 622 332 281 655 128 524 208 15 506 378 191 412 317 480 557 397 144 590 416 443 234 689 302 383 411 480 289 258 332 466 59 408 144 510 119 559 137 200 538 169 576 476 370 363 538 826 375 442 595 509 582 275 416 408 704 631 324 465 338 490 376 644 190 348
414 872 864 931 639 398 548 490 578 523 297 1100 857 711 389 1060 620 669 969 425 343 555 511 830 633 395 336 402 494 576 955 176 659 826 879 821 31 710 750 1024 530 1027 222 779 674 285 883 836 869 636 861 358 520 815 403 627 342 701 383 462 0 271 543 834 425 670 118 849 507 95 655 806 886 870 837 303 983 178 665 392 290 713 560 824 450 374 241 943 326 521 678 428 573 958 281 405 897 718 471 963 366 839 514 456 889 742 566 192 740 97 371 635 509 345 710 56 594 640 199 838 495 838 335 355 574 827 408 806 391 944 574 105 549 618 750 295 367 442 417 205 762 778 711 811 934 856 792 728 821 740 1107 825 413 154 612 572 144 777 651 702
535 839 819 829 380 140 325 237 681 373 538 999 985 500 539 950 779 771 901 441 490 563 300 698 594 457 413 535 360 560 813 376 587 874 1022 790 302 478 583 938 646 964 88 530 558 498 1019 937 978 377 829 92 567 948 261 574 84 667 169 517 271 0 615 863 506 561 373 662 334 366 719 592 799 962 867 133 863 292 633 384 414 879 337 956 640 107 359 930 564 708 419 208 347 936 167 547 731 837 365 809 389 703 453 505 794 653 683 119 834 175 101 491 485 83 876 322 721 375 233 827 313 978 537 283 750 965 459 920 523 893 635 336 538 713 570 399 96 215 254 441 586 508 858 943 802 738 604 722 930 890 1013 627 620 424 780 363 185 558 697 839
