26
0 23 518 965 566 881 220 658 757 828 607 423 790 196 437 864 254 79 657 624 698 107 904 696 776 883
23 0 518 965 583 876 214 661 754 831 624 410 806 208 436 886 262 99 648 610 687 107 905 704 790 896
518 518 0 448 438 377 310 162 246 330 474 273 573 360 83 823 293 570 257 356 336 411 387 284 505 546
965 965 448 0 681 216 758 313 247 172 691 666 663 792 531 978 725 1011 462 613 511 858 61 369 575 506
566 583 438 681 0 737 501 420 614 508 43 640 223 384 439 388 359 558 696 784 775 506 641 312 225 352
881 876 377 216 737 0 662 317 132 289 759 517 780 737 448 1084 670 940 279 420 310 773 182 447 694 659
220 214 310 758 501 662 0 462 541 634 544 223 708 156 226 862 144 286 439 425 486 116 697 532 671 758
658 661 162 313 420 317 462 0 195 171 444 430 491 480 241 778 413 700 336 471 415 553 257 159 410 419
757 754 246 247 614 132 541 195 0 228 639 421 679 607 321 973 539 813 220 373 281 650 189 342 595 579
828 831 330 172 508 289 634 171 228 0 519 586 504 645 412 816 579 867 437 588 506 724 137 196 416 370
607 624 474 691 43 759 544 444 639 519 0 682 185 427 478 350 403 596 730 823 810 548 654 324 199 329
423 410 273 666 640 517 223 430 421 586 682 0 816 371 218 1024 333 498 252 202 278 332 605 556 759 815
790 806 573 663 223 780 708 491 679 504 185 816 0 604 600 315 573 781 816 930 896 725 640 336 87 192
196 208 360 792 384 737 156 480 607 645 427 371 604 0 289 721 67 222 554 567 613 121 734 502 583 688
437 436 83 531 439 448 226 241 321 412 478 218 600 289 0 827 225 492 282 346 353 330 470 343 541 598
864 886 823 978 388 1084 862 778 973 816 350 1024 315 721 827 0 718 827 1079 1172 1159 836 953 636 402 495
254 262 293 725 359 670 144 413 539 579 403 333 573 67 225 718 0 287 496 522 559 161 666 441 543 641
79 99 570 1011 558 940 286 700 813 867 596 498 781 222 492 827 287 0 726 700 770 170 952 722 776 890
657 648 257 462 696 279 439 336 220 437 730 252 816 554 282 1079 496 726 0 153 80 555 406 494 740 755
624 610 356 613 784 420 425 471 373 588 823 202 930 567 346 1172 522 700 153 0 114 534 559 624 860 889
698 687 336 511 775 310 486 415 281 506 810 278 896 613 353 1159 559 770 80 114 0 601 460 574 821 833
107 107 411 858 506 773 116 553 650 724 548 332 725 121 330 836 161 170 555 534 601 0 798 600 702 802
904 905 387 61 641 182 697 257 189 137 654 605 640 734 470 953 666 952 406 559 460 798 0 330 553 497
696 704 284 369 312 447 532 159 342 196 324 556 336 502 343 636 441 722 494 624 574 600 330 0 253 264
776 790 505 575 225 694 671 410 595 416 199 759 87 583 541 402 543 776 740 860 821 702 553 253 0 131
883 896 546 506 352 659 758 419 579 370 329 815 192 688 598 495 641 890 755 889 833 802 497 264 131 0
