57
0 298 612 88 714 358 328 743 684 248 491 775 637 248 379 538 524 410 540 418 508 470 379 276 408 573 369 695 566 104 655 457 341 495 295 361 481 176 527 307 538 384 549 247 587 188 489 255 603 492 591 459 430 716 152 704 728
298 0 667 372 731 419 284 996 688 90 765 833 934 246 481 719 509 653 830 428 648 764 581 365 654 833 88 965 809 397 703 434 111 785 592 656 426 441 821 411 683 542 578 239 763 408 570 554 902 564 722 716 692 973 263 850 970
612 667 0 566 121 262 383 640 122 710 587 168 853 430 233 291 185 960 705 238 192 868 969 340 954 1069 646 690 498 663 43 244 580 682 720 787 276 753 743 304 202 271 94 436 289 448 124 674 891 119 175 504 948 639 478 266 584
88 372 566 0 675 329 338 655 650 331 404 724 563 263 333 461 504 410 459 398 442 420 404 250 406 554 434 607 478 97 609 443 396 413 239 311 476 187 449 269 470 319 514 264 511 120 442 193 538 447 525 371 416 628 163 632 640
714 731 121 675 0 356 450 741 48 785 706 132 972 510 342 404 222 1075 824 311 311 989 1079 437 1070 1188 697 799 610 772 86 296 634 802 839 907 311 863 863 408 317 390 165 515 394 560 239 792 1012 230 280 623 1065 742 572 339 682
358 419 262 329 356 0 152 667 325 452 508 430 754 173 72 330 177 738 614 78 238 698 730 81 733 870 416 674 484 425 303 131 350 578 528 601 177 515 634 64 274 167 191 181 365 226 152 478 766 147 306 431 738 652 216 434 624
328 284 383 338 450 152 0 806 409 335 622 548 848 79 223 480 230 737 716 144 390 750 705 141 734 891 268 803 619 421 419 154 201 676 570 645 161 503 727 175 426 310 294 81 517 279 293 521 845 285 456 552 751 789 178 584 767
743 996 640 655 741 667 806 0 760 978 264 667 379 782 596 359 766 807 297 726 469 573 890 667 799 798 1033 111 188 696 659 772 975 324 567 579 823 741 352 630 446 499 690 789 351 588 595 561 467 613 465 283 753 32 733 418 61
684 688 122 650 48 325 409 760 0 744 708 179 973 472 320 413 179 1054 826 274 314 979 1054 407 1049 1172 652 812 620 747 101 254 590 802 824 893 265 837 863 381 324 379 135 477 409 537 224 776 1009 212 295 624 1047 759 539 368 702
248 90 710 331 785 452 335 978 744 0 735 878 882 279 505 726 565 570 788 475 666 698 493 386 571 752 178 937 794 336 749 490 196 743 533 591 489 367 775 431 701 553 625 273 773 392 604 499 843 600 745 694 613 953 262 870 957
491 765 587 404 706 508 622 264 708 735 0 678 265 579 450 311 653 557 118 582 394 350 632 481 549 580 813 203 143 435 620 634 762 103 306 328 683 477 162 455 391 354 601 585 340 363 497 296 312 513 437 83 510 234 510 466 269
775 833 168 724 132 430 548 667 179 878 678 0 940 598 396 367 334 1107 795 405 305 991 1124 507 1101 1202 807 739 563 820 129 403 743 780 857 920 426 909 840 470 294 413 255 605 342 604 286 813 991 285 242 599 1089 673 645 249 606
637 934 853 563 972 754 848 379 973 882 265 940 0 792 704 573 910 508 147 831 660 251 615 713 500 444 997 268 380 547 885 884 956 176 355 317 932 546 120 695 655 612 864 797 598 570 760 383 94 776 700 349 442 350 706 714 423
248 246 430 263 510 173 79 782 472 279 579 598 792 0 234 478 297 658 666 198 401 680 625 122 655 814 256 769 594 342 469 223 193 624 499 573 238 424 672 167 437 302 348 7 520 222 325 451 783 320 475 515 673 763 100 603 749
379 481 233 333 342 72 223 596 320 505 450 396 704 234 0 257 207 733 560 133 168 669 737 119 728 854 484 608 415 430 276 184 419 527 506 578 234 520 585 75 204 99 186 241 293 217 110 458 723 114 241 370 727 583 254 368 553
538 719 291 461 404 330 480 359 413 726 311 367 573 478 257 0 407 783 428 377 110 633 824 356 776 854 734 399 206 542 318 419 670 412 521 575 469 620 473 312 89 176 331 486 49 350 237 485 623 254 126 232 753 352 464 179 307
524 509 185 504 222 177 230 766 179 565 653 334 910 297 207 407 0 914 765 106 297 873 901 254 910 1048 475 795 598 599 210 75 412 733 705 778 92 688 792 241 324 298 93 302 425 403 170 655 931 153 326 571 915 758 374 440 715
410 653 960 410 1075 738 737 807 1054 570 557 1107 508 658 733 783 914 0 514 808 806 257 116 660 8 184 740 713 694 317 1003 853 730 483 264 229 884 233 465 676 824 694 919 657 829 516 837 298 424 845 881 589 69 775 559 963 824
540 830 705 459 824 614 716 297 826 788 118 795 147 666 560 428 765 514 0 689 512 276 605 578 506 503 886 198 244 465 738 742 840 45 296 290 791 486 56 557 509 467 717 671 455 444 613 306 200 629 554 201 457 264 587 576 324
418 428 238 398 311 78 144 726 274 475 582 405 831 198 133 377 106 808 689 0 274 776 795 148 804 945 408 741 548 493 275 52 343 654 605 679 101 582 711 142 308 232 150 204 406 302 159 555 845 147 328 503 811 714 268 453 681
508 648 192 442 311 238 390 469 314 666 394 305 660 401 168 110 297 806 512 274 0 687 831 282 799 897 653 506 310 533 226 312 587 490 552 615 361 619 551 236 36 123 221 409 132 323 126 510 700 143 82 311 785 463 407 203 418
470 764 868 420 989 698 750 573 979 698 350 991 251 680 669 633 873 257 276 776 687 0 364 635 249 230 839 471 494 367 907 828 810 256 180 109 869 334 221 634 696 599 851 683 672 478 754 229 171 767 750 408 191 541 582 804 600
379 581 969 404 1079 730 705 890 1054 493 632 1124 615 625 737 824 901 116 605 795 831 364 0 649 123 289 669 802 761 307 1012 835 668 569 326 314 860 216 559 672 854 712 918 624 872 521 845 347 535 851 911 651 185 858 532 1003 901
276 365 340 250 437 81 141 667 407 386 481 507 713 122 119 356 254 660 578 148 282 635 649 0 656 798 378 661 480 345 382 196 315 539 460 535 234 435 592 45 317 180 272 129 398 157 223 410 716 222 359 410 663 649 137 485 631
408 654 954 406 1070 733 734 799 1049 571 549 1101 500 655 728 776 910 8 506 804 799 249 123 656 0 182 740 705 686 314 997 849 729 475 256 221 881 231 456 671 818 688 914 655 822 511 831 291 417 840 875 582 62 767 555 956 816
573 833 1069 554 1188 870 891 798 1172 752 580 1202 444 814 854 854 1048 184 503 945 897 230 289 798 182 0 918 692 724 472 1110 994 904 486 349 282 1029 399 446 806 910 798 1040 815 895 644 949 396 349 960 965 634 142 766 713 1028 828
369 88 646 434 697 416 268 1033 652 178 813 807 997 256 484 734 475 740 886 408 653 839 669 378 740 918 0 1010 845 472 679 404 66 842 664 730 387 522 882 422 689 558 553 248 775 451 561 623 971 553 722 758 777 1012 303 850 1002
695 965 690 607 799 674 803 111 812 937 203 739 268 769 608 399 795 713 198 741 506 471 802 661 705 692 1010 0 196 635 714 791 956 233 486 488 841 670 250 629 489 509 727 775 405 560 627 487 356 644 518 253 655 83 707 495 160
566 809 498 478 610 484 619 188 620 794 143 563 380 594 415 206 598 694 244 548 310 494 761 480 686 724 845 196 0 530 524 596 787 243 435 466 647 588 297 444 295 317 531 601 221 403 430 416 444 448 330 112 650 169 546 333 162
104 397 663 97 772 425 421 696 747 336 435 820 547 342 430 542 599 317 465 493 533 367 307 345 314 472 472 635 530 0 706 536 445 420 196 259 566 90 444 366 559 411 611 343 592 215 538 164 507 544 615 419 331 667 242 717 689
655 703 43 609 86 303 419 659 101 749 620 129 885 469 276 318 210 1003 738 275 226 907 1012 382 997 1110 679 714 524 706 0 275 614 717 761 828 303 796 778 347 230 312 126 476 310 491 167 715 926 162 195 537 990 659 520 268 601
457 434 244 443 296 131 154 772 254 490 634 403 884 223 184 419 75 853 742 52 312 828 835 196 849 994 404 791 596 536 275 0 340 707 655 729 50 625 764 194 345 282 150 228 445 351 190 605 897 175 358 554 858 761 304 480 725
341 111 580 396 634 350 201 975 590 196 762 743 956 193 419 670 412 730 840 343 587 810 668 315 729 904 66 956 787 445 614 340 0 796 632 701 325 505 839 358 623 495 488 186 711 399 495 588 935 486 656 703 762 954 252 784 942
495 785 682 413 802 578 676 324 802 743 103 780 176 624 527 412 733 483 45 654 490 256 569 539 475 486 842 233 243 420 717 707 796 0 255 255 755 443 60 519 489 436 689 629 444 402 585 262 210 601 538 180 429 292 544 569 345
295 592 720 239 839 528 570 567 824 533 306 857 355 499 506 521 705 264 296 605 552 180 326 460 256 349 664 486 435 196 761 655 632 255 0 74 694 193 262 463 568 449 692 502 566 303 600 50 310 611 624 327 233 536 401 700 575
361 656 787 311 907 601 645 579 893 591 328 920 317 573 578 575 778 229 290 679 615 109 314 535 221 282 730 488 466 259 828 729 701 255 74 0 769 233 245 537 628 516 763 575 618 377 669 124 257 681 684 366 183 547 474 752 595
481 426 276 476 311 177 161 823 265 489 683 426 932 238 234 469 92 884 791 101 361 869 860 234 881 1029 387 841 647 566 303 50 325 755 694 769 0 653 812 238 393 333 182 241 493 391 237 644 943 222 403 604 892 812 329 523 775
176 441 753 187 863 515 503 741 837 367 477 909 546 424 520 620 688 233 486 582 619 334 216 435 231 399 522 670 588 90 796 625 505 443 193 233 653 0 455 456 643 498 702 424 670 304 628 182 491 634 699 475 257 711 326 798 741
527 821 743 449 863 634 727 352 863 775 162 840 120 672 585 473 792 465 56 711 551 221 559 592 456 446 882 250 297 444 778 764 839 60 262 245 812 455 0 575 550 496 749 677 503 450 646 281 150 661 598 241 405 320 588 627 381
307 411 304 269 408 64 175 630 381 431 455 470 695 167 75 312 241 676 557 142 236 634 672 45 671 806 422 629 444 366 347 194 358 519 463 537 238 456 575 0 272 136 245 174 353 162 183 413 704 185 313 381 675 613 178 439 592
538 683 202 470 317 274 426 446 324 701 391 294 655 437 204 89 324 824 509 308 36 696 854 317 818 910 689 489 295 559 230 345 623 489 568 628 393 643 550 272 0 154 244 445 100 351 156 527 700 172 56 309 801 441 441 169 392
384 542 271 319 390 167 310 499 379 553 354 413 612 302 99 176 298 694 467 232 123 599 712 180 688 798 558 509 317 411 312 282 495 436 449 516 333 498 496 136 154 0 255 309 220 199 155 403 638 168 206 273 678 485 290 322 458
549 578 94 514 165 191 294 690 135 625 601 255 864 348 186 331 93 919 717 150 221 851 918 272 914 1040 553 727 531 611 126 150 488 689 692 763 182 702 749 245 244 255 0 354 342 402 103 643 893 87 237 517 913 684 407 347 636
247 239 436 264 515 181 81 789 477 273 585 605 797 7 241 486 302 657 671 204 409 683 624 129 655 815 248 775 601 343 476 228 186 629 502 575 241 424 677 174 445 309 354 0 528 227 333 454 787 327 483 522 674 770 102 610 756
587 763 289 511 394 365 517 351 409 773 340 342 598 520 293 49 425 829 455 406 132 672 872 398 822 895 775 405 221 592 310 445 711 444 566 618 493 670 503 353 100 220 342 528 0 400 256 531 653 273 114 266 798 349 510 133 295
188 408 448 120 560 226 279 588 537 392 363 604 570 222 217 350 403 516 444 302 323 478 521 157 511 644 451 560 403 215 491 351 399 402 303 377 391 304 450 162 351 199 402 227 400 0 323 253 565 330 405 308 513 565 147 516 564
489 570 124 442 239 152 293 595 224 604 497 286 760 325 110 237 170 837 613 159 126 754 845 223 831 949 561 627 430 538 167 190 495 585 600 669 237 628 646 183 156 155 103 333 256 323 0 553 790 17 168 413 826 588 360 293 545
255 554 674 193 792 478 521 561 776 499 296 813 383 451 458 485 655 298 306 555 510 229 347 410 291 396 623 487 416 164 715 605 588 262 50 124 644 182 281 413 527 403 643 454 531 253 553 0 348 563 584 305 275 530 353 665 564
603 902 891 538 1012 766 845 467 1009 843 312 991 94 783 723 623 931 424 200 845 700 171 535 716 417 349 971 356 444 507 926 897 935 210 310 257 943 491 150 704 700 638 893 787 653 565 790 348 0 805 749 391 356 437 691 776 507
492 564 119 447 230 147 285 613 212 600 513 285 776 320 114 254 153 845 629 147 143 767 851 222 840 960 553 644 448 544 162 175 486 601 611 681 222 634 661 185 172 168 87 327 273 330 17 563 805 0 182 429 836 605 360 306 562
591 722 175 525 280 306 456 465 295 745 437 242 700 475 241 126 326 881 554 328 82 750 911 359 875 965 722 518 330 615 195 358 656 538 624 684 403 699 598 313 56 206 237 483 114 405 168 584 749 182 0 357 858 463 487 127 408
459 716 504 371 623 431 552 283 624 694 83 599 349 515 370 232 571 589 201 503 311 408 651 410 582 634 758 253 112 419 537 554 703 180 327 366 604 475 241 381 309 273 517 522 266 308 413 305 391 429 357 0 549 258 455 397 270
430 692 948 416 1065 738 751 753 1047 613 510 1089 442 673 727 753 915 69 457 811 785 191 185 663 62 142 777 655 650 331 990 858 762 429 233 183 892 257 405 675 801 678 913 674 798 513 826 275 356 836 858 549 0 721 573 932 773
716 973 639 628 742 652 789 32 759 953 234 673 350 763 583 352 758 775 264 714 463 541 858 649 767 766 1012 83 169 667 659 761 954 292 536 547 812 711 320 613 441 485 684 770 349 565 588 530 437 605 463 258 721 0 711 425 77
152 263 478 163 572 216 178 733 539 262 510 645 706 100 254 464 374 559 587 268 407 582 532 137 555 713 303 707 546 242 520 304 252 544 401 474 329 326 588 178 441 290 407 102 510 147 360 353 691 360 487 455 573 711 0 610 706
704 850 266 632 339 434 584 418 368 870 466 249 714 603 368 179 440 963 576 453 203 804 1003 485 956 1028 850 495 333 717 268 480 784 569 700 752 523 798 627 439 169 322 347 610 133 516 293 665 776 306 127 397 932 425 610 0 356
728 970 584 640 682 624 767 61 702 957 269 606 423 749 553 307 715 824 324 681 418 600 901 631 816 828 1002 160 162 689 601 725 942 345 575 595 775 741 381 592 392 458 636 756 295 564 545 564 507 562 408 270 773 77 706 356 0
