17
0 942 537 791 508 334 168 216 313 487 622 559 537 750 581 776 314
942 0 780 166 750 1244 807 924 699 936 858 848 658 681 583 887 675
537 780 0 705 848 654 562 706 279 170 108 70 815 240 198 246 306
791 166 705 0 587 1103 649 760 573 845 795 775 496 657 516 852 546
508 750 848 587 0 826 352 327 573 889 956 903 93 964 762 1085 543
334 1244 654 1103 826 0 503 503 554 520 695 639 866 895 781 840 572
168 807 562 649 352 503 0 153 289 562 663 603 371 738 547 808 272
216 924 706 760 327 503 153 0 440 687 803 741 383 890 700 952 425
313 699 279 573 573 554 289 440 0 327 385 330 549 451 270 523 33
487 936 170 845 889 520 562 687 327 0 175 126 874 397 360 320 361
622 858 108 795 956 695 663 803 385 175 0 62 924 237 279 154 413
559 848 70 775 903 639 603 741 330 126 62 0 874 271 265 216 359
537 658 815 496 93 866 371 383 549 874 924 874 0 911 711 1046 517
750 681 240 657 964 895 738 890 451 397 237 271 911 0 201 207 465
581 583 198 516 762 781 547 700 270 360 279 265 711 201 0 351 277
776 887 246 852 1085 840 808 952 523 320 154 216 1046 207 351 0 548
314 675 306 546 543 572 272 425 33 361 413 359 517 465 277 548 0
