242
0 428 184 983 969 381 215 518 623 449 461 775 900 512 771 538 932 116 151 651 457 594 194 945 213 831 550 811 683 482 837 706 424 311 1007 651 451 314 460 307 738 168 304 816 186 436 296 314 518 310 730 930 832 987 115 250 931 180 418 631 359 753 887 858 761 607 891 982 716 985 1024 715 744 502 666 637 20 606 678 410 467 739 142 772 631 253 236 30 150 679 77 343 378 441 751 498 341 751 372 865 318 758 915 373 766 319 696 729 223 970 614 554 394 1041 705 655 440 695 130 331 693 391 141 937 707 845 552 963 212 324 443 795 394 667 285 511 241 997 790 942 679 948 793 490 558 635 493 593 927 780 417 713 472 604 133 549 555 477 844 177 216 407 671 357 624 67 267 343 276 341 453 807 686 452 535 722 640 313 534 203 71 771 765 188 285 905 852 940 278 525 148 787 703 200 240 666 622 141 753 832 757 682 661 730 347 819 643 221 761 950 811 1028 271 241 624 121 372 421 383 283 96 470 502 232 259 765 924 966 270 377 608 190 552 364 909 470 857 229 700 532 356 392
428 0 254 982 870 470 637 878 606 877 887 732 1107 889 1009 920 1121 543 294 836 126 883 622 1194 334 826 449 1066 1006 184 1008 636 326 532 1255 967 852 288 708 418 616 596 732 737 466 653 704 598 704 597 844 958 1070 953 543 668 960 591 469 644 788 598 907 830 1082 690 921 982 814 919 946 874 724 849 837 749 425 991 1024 785 851 958 543 1105 729 673 192 411 325 756 500 340 736 15 1002 498 685 802 516 890 694 730 1090 580 965 746 784 781 313 941 900 548 820 1292 812 889 823 817 472 236 921 818 517 1102 760 1083 573 855 426 750 313 782 792 1025 572 773 291 1211 830 902 760 1212 813 528 790 917 576 469 887 940 839 782 897 409 532 781 832 855 858 411 567 589 787 755 931 421 400 772 698 769 778 1049 992 556 943 1038 859 415 537 387 361 759 752 240 170 867 736 842 625 819 283 768 925 392 427 763 996 569 1019 939 964 527 699 1067 163 1123 510 632 989 1187 1097 1300 516 668 881 337 799 38 553 686 333 848 547 573 332 937 812 1018 628 681 848 616 502 420 1084 850 1139 260 943 712 550 439
184 254 0 912 859 317 384 634 532 632 635 681 927 640 813 670 950 299 40 660 272 662 376 996 123 754 420 864 775 300 844 599 280 320 1058 738 598 173 498 242 613 349 482 709 225 453 449 368 521 366 704 871 875 903 299 414 872 337 339 553 538 618 823 773 853 561 832 912 682 888 923 712 658 608 668 607 176 741 785 535 600 769 288 872 594 420 69 176 77 634 261 222 490 266 800 404 441 696 338 802 443 670 926 379 786 503 657 674 112 888 681 463 568 1094 675 692 572 672 219 167 727 567 263 943 652 888 473 850 201 507 292 714 538 783 340 560 110 1029 732 855 635 1008 726 413 590 700 439 459 839 779 585 665 644 449 277 581 615 606 776 174 318 400 644 502 704 167 207 524 445 521 542 852 767 405 689 810 667 244 445 164 112 690 683 48 100 817 733 830 379 595 36 703 734 166 213 630 749 320 811 806 781 543 596 832 166 901 510 377 797 994 882 1093 293 424 673 83 547 241 367 431 88 598 430 326 155 770 809 918 379 449 647 364 442 279 919 600 925 74 743 533 352 307
983 982 912 0 228 606 992 840 383 1200 1121 250 497 891 551 918 459 1025 902 451 862 665 1048 632 799 158 532 604 766 808 395 348 664 684 659 739 960 746 618 682 392 1031 1069 264 801 595 950 725 518 729 311 75 561 75 1024 978 78 944 575 359 1105 434 98 153 782 379 104 2 301 149 178 387 259 803 425 370 962 948 834 867 904 504 922 827 365 993 950 1004 869 313 1031 692 821 977 581 508 796 236 611 121 862 251 418 630 457 1133 306 257 803 67 658 451 1083 687 317 542 895 341 865 779 525 1097 888 397 278 566 439 249 770 1138 671 200 933 873 742 621 801 554 196 107 315 681 189 500 560 649 489 516 114 374 1055 280 1106 595 920 561 639 886 138 806 836 591 350 930 710 916 723 1116 1007 1111 748 568 717 530 1027 756 514 678 467 785 945 224 232 959 886 126 308 233 814 679 932 214 514 787 743 337 917 1009 622 256 476 482 322 825 839 751 483 947 528 601 694 745 724 1085 593 895 1081 943 606 930 951 885 485 819 759 399 266 122 832 724 561 1002 483 635 416 891 696 840 559 503 637 606
969 870 859 228 0 592 1027 949 348 1263 1197 203 697 997 722 1027 666 1035 860 580 744 793 1073 834 763 214 441 783 913 686 584 263 584 705 868 880 1049 686 698 662 254 1052 1117 153 805 655 1005 768 595 771 444 277 746 154 1033 1022 281 972 552 355 1161 274 255 166 944 431 277 230 417 81 82 532 245 908 554 457 949 1070 977 950 999 667 940 988 439 1036 881 984 834 393 1030 639 896 862 748 471 859 330 619 265 923 228 624 666 627 1176 405 340 761 161 791 415 1149 899 434 681 985 462 869 704 676 1161 902 608 349 753 424 21 761 1181 581 218 1011 1011 777 721 752 767 302 127 399 880 267 484 668 787 501 409 129 543 1129 371 1186 461 936 665 755 984 244 793 866 627 455 1000 845 904 701 1167 1055 1162 840 747 866 542 1128 911 646 656 436 765 918 234 237 902 809 136 133 29 861 788 887 216 666 768 733 427 1043 1026 788 435 644 342 355 978 750 925 362 985 697 805 870 951 742 1116 726 864 1143 832 629 983 917 982 476 852 718 565 58 345 879 791 687 1031 419 604 621 987 880 785 713 583 662 576
381 470 317 606 592 0 446 498 244 699 654 395 637 530 542 564 652 442 300 366 391 441 485 726 196 451 220 601 576 365 541 333 184 138 786 535 539 182 264 76 381 462 544 439 213 200 446 222 235 224 389 559 601 606 441 449 559 389 44 250 594 409 513 478 645 244 519 605 365 604 644 407 363 460 368 292 360 628 611 444 509 488 352 677 277 462 367 399 264 317 437 130 384 473 537 125 332 381 60 491 381 377 623 142 495 597 340 359 204 589 455 177 595 824 359 424 485 358 277 233 453 604 312 637 337 614 171 588 169 602 213 415 486 625 216 327 210 740 419 561 318 747 417 109 329 468 122 264 546 474 587 348 650 322 346 319 387 503 468 203 289 131 329 462 495 314 116 595 484 591 379 582 551 90 633 602 391 73 156 179 339 390 384 365 322 524 483 564 306 387 331 406 457 181 141 313 619 435 559 490 494 349 284 644 306 675 307 409 521 718 642 836 163 531 423 290 584 435 100 423 346 498 121 278 162 468 551 602 320 287 386 446 191 50 617 502 680 251 478 243 117 43
215 637 384 992 1027 446 0 342 681 262 251 824 800 322 662 342 840 116 346 590 649 466 67 816 358 855 657 687 522 663 763 776 560 321 876 498 245 463 390 394 827 70 103 877 242 398 94 266 479 263 701 929 718 1012 115 39 928 58 490 672 159 854 893 891 597 615 891 990 698 1026 1068 661 785 338 611 623 213 406 502 232 274 644 105 599 626 38 445 240 325 678 163 470 226 650 635 572 217 755 408 870 161 802 832 365 682 150 687 735 377 993 486 619 183 907 684 560 250 666 192 498 597 183 143 859 715 729 603 1026 298 156 585 827 194 483 252 418 401 886 795 974 676 810 809 547 478 508 526 702 959 718 202 712 259 737 114 472 443 289 858 281 160 404 649 159 480 218 365 153 61 149 318 692 537 484 322 563 557 402 599 317 276 805 800 399 481 938 927 1000 179 403 353 822 609 313 322 656 428 80 626 796 668 790 683 556 534 662 748 45 657 828 666 883 286 93 516 304 163 626 397 94 305 282 553 175 396 698 991 948 162 283 515 28 637 454 826 281 712 406 593 495 364 475
518 878 634 840 949 498 342 0 650 407 308 754 509 51 371 78 557 452 594 388 845 183 406 494 546 742 709 376 183 837 511 747 676 372 550 167 143 623 261 499 821 412 342 820 412 320 248 290 357 290 529 767 416 884 450 303 765 345 535 617 344 865 747 788 256 521 736 838 544 921 965 456 709 41 415 491 507 130 161 110 83 378 375 257 509 311 703 548 557 556 494 597 144 888 338 593 193 625 438 725 199 727 562 356 426 404 548 611 568 864 197 613 299 577 527 309 96 501 417 674 338 316 382 592 600 424 581 955 454 407 705 730 157 150 311 228 592 579 661 860 550 480 688 550 283 216 499 748 847 490 256 581 287 819 384 284 200 61 727 467 316 379 499 185 164 484 497 367 305 363 121 390 208 472 187 225 329 505 598 492 553 715 712 667 708 829 886 927 254 162 616 732 351 488 459 523 121 415 316 597 407 822 597 215 735 323 781 310 377 511 335 546 372 408 255 553 309 855 402 249 582 66 544 307 560 465 930 761 255 212 281 369 659 537 557 70 380 618 317 367 381 541
623 606 532 383 348 244 681 650 0 923 865 151 583 692 539 725 578 686 526 352 492 527 725 703 424 225 164 605 664 442 465 99 282 359 756 625 729 363 388 316 172 704 774 196 456 333 666 428 297 431 281 352 586 371 685 678 354 625 205 51 820 219 302 241 715 152 315 383 244 361 400 347 126 608 337 215 603 778 717 628 685 477 592 756 188 692 566 640 496 183 682 310 570 603 550 128 528 202 272 284 588 137 539 326 459 831 213 185 425 355 532 70 813 793 250 450 667 268 521 396 462 823 554 542 167 597 77 345 413 836 292 183 684 743 433 429 421 681 226 323 189 739 207 135 393 537 159 169 307 399 797 196 857 263 588 387 478 673 253 446 520 290 242 668 585 558 356 824 712 819 531 575 625 198 815 675 410 310 89 420 577 159 151 578 502 285 248 320 521 500 555 171 459 423 386 207 759 677 584 355 467 198 109 734 457 721 167 640 513 685 674 824 395 769 477 524 804 567 286 643 579 670 127 506 382 407 309 412 538 464 433 683 103 261 534 675 700 459 498 291 318 232
449 877 632 1200 1263 699 262 407 923 0 104 1059 917 361 778 355 965 333 596 764 902 585 256 895 619 1077 915 782 578 921 912 1021 822 566 947 571 264 725 581 654 1078 283 158 1117 503 611 258 495 683 492 894 1132 823 1230 333 251 1130 320 744 908 104 1109 1102 1117 636 837 1096 1198 899 1253 1296 836 1017 430 789 831 455 384 528 339 325 781 367 619 840 238 686 465 581 892 376 732 379 891 745 823 406 968 655 1079 340 1035 968 598 826 130 894 949 637 1211 601 866 117 970 883 704 322 861 454 758 737 103 405 997 933 832 846 1264 559 126 848 1054 271 493 490 585 661 985 1007 1197 888 874 1027 794 649 621 764 960 1183 881 153 923 129 999 376 646 585 347 1073 544 410 636 850 270 572 472 626 109 215 113 460 798 612 725 258 617 715 661 846 580 519 1033 1029 637 732 1163 1172 1237 402 542 598 1051 751 575 582 864 422 312 724 978 809 1047 910 581 790 708 1005 292 783 915 732 929 536 208 652 557 120 870 637 280 546 343 797 421 658 858 1231 1139 385 477 667 274 891 713 963 338 774 663 720 697 605 732
461 887 635 1121 1197 654 251 308 865 104 0 994 818 260 680 252 866 349 597 678 899 489 271 792 602 1004 874 681 475 911 818 964 794 517 843 470 167 705 504 618 1027 295 158 1055 475 542 209 438 608 435 812 1051 723 1155 349 225 1049 302 698 845 108 1060 1024 1046 532 767 1016 1119 819 1182 1226 749 951 335 703 755 462 281 425 254 228 685 352 515 766 217 695 482 575 817 397 704 302 900 646 774 338 893 604 1001 277 969 871 539 732 174 817 875 622 1136 505 812 67 866 803 612 229 780 436 744 643 70 386 901 859 731 789 1200 531 173 821 984 188 389 439 501 647 883 931 1125 813 770 953 741 564 524 705 918 1111 791 68 847 25 966 362 562 495 249 997 522 371 575 771 197 472 469 596 132 191 133 374 698 510 668 155 513 625 625 793 557 526 965 961 648 732 1091 1113 1172 348 451 604 983 657 552 551 788 318 320 623 891 714 1003 842 477 784 604 961 265 685 812 629 825 492 235 559 555 88 877 581 232 554 247 742 378 636 767 1169 1054 333 406 577 271 843 674 866 242 671 656 624 621 550 690
775 732 681 250 203 395 824 754 151 1059 994 0 577 800 569 831 558 835 676 403 612 608 871 709 576 104 283 634 735 557 456 97 419 502 753 700 848 510 498 468 156 850 913 68 605 453 801 564 397 567 284 240 605 223 834 818 243 770 357 151 957 208 191 98 775 232 212 250 250 209 248 370 45 713 380 269 755 878 796 749 800 509 739 819 247 832 712 792 647 209 833 458 694 727 589 280 656 168 417 182 720 27 516 462 477 972 228 167 576 210 608 221 946 788 265 507 784 291 670 538 508 957 701 509 167 614 224 205 564 978 424 64 809 828 573 526 571 663 162 174 215 751 124 286 477 607 297 266 158 400 926 196 984 346 735 474 565 785 146 598 663 423 276 796 662 709 508 963 851 958 642 600 691 339 929 739 469 462 241 572 728 56 53 726 645 137 140 177 657 595 705 49 501 574 537 243 854 825 627 317 491 238 156 804 594 767 234 782 543 685 714 831 540 914 546 676 939 694 426 779 731 783 275 648 533 418 176 311 675 588 504 828 240 413 512 788 732 607 546 386 459 384
900 1107 927 497 697 637 800 509 583 917 818 577 0 557 140 569 52 884 898 271 1020 338 867 136 805 498 734 144 356 984 120 637 799 609 176 350 653 819 440 696 720 863 835 638 725 475 721 586 407 589 304 427 97 567 882 769 424 776 640 532 848 774 442 541 335 442 420 494 341 633 670 240 541 489 270 376 882 568 422 591 592 161 781 376 401 782 989 930 856 400 912 766 575 1110 171 633 584 410 596 432 639 553 81 548 142 901 371 416 821 552 319 605 806 211 333 245 598 315 771 871 207 823 764 109 425 92 568 713 729 904 822 518 655 465 615 390 835 103 416 573 394 184 455 592 343 298 537 750 568 184 765 394 795 844 785 352 356 570 459 762 690 527 343 672 345 841 723 868 784 864 483 120 312 551 681 327 261 697 605 763 899 520 523 974 955 561 710 688 637 396 929 530 197 762 714 376 529 854 196 264 146 776 475 390 943 281 750 757 142 108 227 255 642 885 284 870 815 1072 562 711 920 574 574 673 788 177 711 378 651 528 292 822 665 687 81 579 213 875 206 397 574 668
512 889 640 891 997 530 322 51 692 361 260 800 557 0 420 34 606 436 600 440 863 235 384 535 561 791 744 421 220 859 563 790 703 399 590 210 99 643 304 524 863 393 309 866 424 360 228 314 403 313 580 818 463 934 435 283 816 334 568 661 304 906 797 836 286 567 787 889 594 970 1014 508 756 89 466 540 503 102 183 105 48 429 370 280 557 289 709 542 565 604 481 621 155 899 386 630 209 675 471 776 198 773 612 390 477 368 598 660 583 915 249 653 256 615 577 361 72 551 421 693 389 273 382 642 648 471 622 1002 470 370 732 779 129 160 331 276 607 624 711 909 599 518 738 588 333 266 539 785 897 542 211 631 238 852 380 334 252 35 777 480 322 415 549 163 212 485 518 329 278 325 160 438 251 510 135 260 381 530 637 507 553 762 759 671 720 879 931 974 264 212 620 780 403 502 478 572 109 400 363 649 459 861 644 238 751 357 819 296 427 554 374 580 394 380 307 558 269 868 436 233 583 42 583 316 578 517 977 813 261 242 332 351 697 566 607 42 418 631 367 414 413 572
771 1009 813 551 722 542 662 371 539 778 680 569 140 420 0 434 186 749 782 189 932 198 729 184 694 510 672 66 232 901 162 610 716 492 246 218 514 720 316 592 695 725 695 636 602 360 581 459 306 462 285 476 62 613 747 630 473 639 553 489 708 748 476 557 232 387 457 548 319 669 710 199 528 349 202 323 754 439 301 450 453 61 647 277 350 642 878 801 739 368 779 671 436 1013 35 561 448 403 493 461 501 542 193 434 95 761 342 401 711 595 179 544 667 283 305 121 458 279 643 774 88 684 633 224 403 74 506 736 612 764 741 520 515 343 489 260 727 226 422 607 361 207 460 517 222 158 458 696 599 180 626 373 658 787 652 232 219 431 478 643 558 420 300 532 207 715 615 728 645 724 344 40 184 462 547 211 150 594 540 648 776 515 516 858 850 587 709 709 503 258 811 529 85 646 600 336 402 717 72 295 78 737 439 280 846 203 705 619 26 181 147 295 522 746 148 750 675 976 456 571 798 435 501 541 682 157 725 445 516 395 166 684 605 592 189 439 163 766 71 299 463 578
538 920 670 918 1027 564 342 78 725 355 252 831 569 34 434 0 619 457 630 466 896 256 401 539 593 820 778 430 223 892 581 823 737 433 592 219 104 676 337 558 896 412 319 897 456 393 248 347 434 347 606 844 473 962 456 302 842 358 602 693 308 939 824 866 282 599 813 915 622 999 1043 532 787 118 492 570 529 70 176 135 71 448 396 271 587 307 739 567 595 634 503 655 188 930 400 664 242 704 505 803 227 804 627 424 496 374 627 690 615 942 268 687 257 615 605 383 98 578 451 726 409 274 410 658 678 481 656 1033 503 376 766 809 147 147 365 306 639 632 739 938 629 519 767 622 361 284 572 819 926 564 211 660 228 886 406 362 278 65 805 511 352 449 577 183 227 513 552 333 294 330 194 449 259 543 113 261 405 564 671 539 581 793 790 699 751 908 963 1005 295 240 649 810 423 535 511 601 85 420 373 673 477 894 675 231 783 354 853 319 443 560 377 577 427 393 329 587 272 899 470 256 610 72 617 347 611 538 1008 837 292 276 357 370 731 600 623 70 419 662 385 445 447 606
932 1121 950 459 666 652 840 557 578 965 866 558 52 606 186 619 0 921 923 290 1030 382 907 174 827 473 734 196 408 991 114 625 807 635 201 401 700 834 472 715 706 902 879 618 753 501 763 618 428 621 297 392 149 531 919 810 388 814 652 528 894 760 411 515 387 444 388 456 334 599 634 247 526 535 284 379 913 620 475 635 640 196 816 428 403 823 1010 961 881 395 947 781 617 1123 219 638 623 395 615 404 680 536 42 572 165 945 365 404 842 516 364 606 853 233 328 281 644 314 802 885 243 870 798 62 416 145 570 683 754 949 829 498 701 518 646 426 855 105 396 540 389 224 435 600 374 344 547 747 537 183 812 385 844 842 820 382 397 618 433 788 725 549 344 716 393 872 744 913 827 909 525 171 363 564 732 380 291 715 608 787 928 502 506 997 973 531 688 659 674 438 953 511 231 786 737 374 581 891 247 241 175 768 469 443 957 333 744 797 184 142 280 286 669 927 324 896 861 1085 583 752 947 621 581 707 807 184 684 337 688 565 327 862 665 701 46 626 263 895 248 417 598 681
116 543 299 1025 1035 442 116 452 686 333 349 835 884 436 749 457 921 0 264 654 571 559 79 912 307 880 634 780 628 594 835 776 519 341 973 601 362 413 454 377 817 54 191 882 229 447 209 313 530 310 751 967 807 1037 1 156 967 110 484 686 245 837 927 912 705 646 928 1024 742 1043 1084 722 800 443 672 665 122 522 613 341 388 725 106 709 663 153 352 133 255 714 48 432 324 557 725 566 301 789 419 905 258 816 908 397 758 203 727 768 321 1019 579 619 283 1005 730 640 364 715 165 437 677 279 137 933 747 819 611 1031 275 208 541 848 310 596 290 494 343 975 829 996 713 909 837 550 549 601 542 679 980 784 311 748 362 700 106 542 529 403 888 247 199 435 695 274 579 149 340 228 173 226 411 781 639 499 437 669 631 383 599 281 186 824 818 304 400 958 925 1007 246 492 264 841 689 277 303 696 543 36 720 850 746 768 707 667 460 768 728 141 742 921 767 985 301 124 601 229 261 537 419 203 212 395 560 217 351 766 993 995 233 356 593 88 627 437 903 394 814 337 678 545 388 463
151 294 40 902 860 300 346 594 526 596 597 676 898 600 782 630 923 264 0 633 306 627 340 963 104 745 425 831 738 330 818 597 289 289 1026 701 558 178 466 224 617 313 444 708 188 423 409 332 494 330 684 858 844 896 264 374 859 297 327 543 501 625 811 767 815 544 819 902 663 885 921 687 651 569 642 587 141 701 746 495 560 739 248 834 575 381 108 148 42 617 229 220 450 306 768 397 402 682 316 790 403 663 899 350 758 467 639 659 100 880 646 456 529 1062 655 661 532 651 179 183 696 529 223 917 637 856 462 852 169 472 304 706 498 744 303 527 107 1000 719 849 618 974 715 402 559 666 422 465 833 754 545 649 605 463 238 550 580 566 765 139 278 374 623 461 668 127 186 488 406 485 504 820 731 386 649 773 638 227 437 135 80 682 675 77 136 811 736 831 339 559 31 696 704 136 185 611 709 284 777 786 752 552 583 794 196 865 516 337 766 963 847 1059 260 388 640 43 509 280 341 391 62 558 417 287 144 744 810 903 339 412 615 326 441 267 893 560 891 81 711 506 324 296
651 836 660 451 580 366 590 388 352 764 678 403 271 440 189 466 290 654 633 0 752 216 654 366 537 366 483 254 333 718 186 431 532 347 424 300 513 548 201 425 515 643 649 471 468 215 528 342 139 346 141 378 243 498 653 567 376 553 371 304 676 567 359 414 372 200 347 449 162 541 585 72 359 352 26 140 632 498 397 425 455 129 547 415 166 581 720 679 592 194 675 496 387 839 197 373 375 249 325 339 439 375 266 284 129 715 176 240 552 479 211 355 647 462 145 103 449 117 521 600 109 662 523 286 236 255 317 589 466 720 557 364 493 432 368 179 565 374 280 478 187 395 312 330 115 206 271 507 467 129 614 210 660 598 550 119 188 436 345 500 455 259 126 496 265 589 454 691 590 686 304 227 288 281 575 336 66 426 351 498 641 354 353 707 685 451 544 561 413 228 664 370 106 496 448 160 468 629 231 213 128 551 259 400 672 370 517 544 164 354 321 482 384 682 146 607 648 802 293 512 660 436 313 437 518 113 572 376 429 306 109 607 416 416 260 442 347 605 145 127 308 398
457 126 272 862 744 391 649 845 492 902 899 612 1020 863 932 896 1030 571 306 752 0 825 647 1115 304 708 330 992 955 58 916 515 222 480 1175 915 839 224 647 355 491 619 749 613 442 586 701 556 626 556 744 842 991 830 571 673 844 596 380 533 806 472 791 710 1028 590 806 862 712 794 820 782 606 812 749 652 448 965 980 762 829 877 546 1055 630 682 234 448 323 652 534 263 708 118 929 395 654 692 444 775 675 611 997 518 880 774 681 672 283 819 840 439 831 1213 712 815 802 719 465 171 843 832 514 1006 652 1004 468 729 393 779 203 664 779 987 534 712 257 1123 718 779 657 1138 698 430 720 856 483 346 765 846 843 676 904 283 536 710 772 830 741 387 550 519 689 745 876 431 349 794 707 791 736 972 935 470 934 984 782 351 431 357 385 642 634 281 171 745 610 716 601 765 309 649 847 362 385 663 966 590 950 835 880 401 590 1020 115 1063 386 634 911 1106 1032 1227 473 695 813 345 812 90 484 681 361 824 449 552 285 846 686 904 607 638 777 631 389 340 990 827 1071 243 869 632 488 354
594 883 662 665 793 441 466 183 527 585 489 608 338 235 198 256 382 559 627 216 825 0 534 353 552 581 622 221 138 805 328 618 626 351 415 98 322 602 178 470 699 532 497 675 440 240 383 294 233 296 357 591 252 714 557 433 589 448 466 486 511 747 575 628 204 382 562 663 378 757 800 278 563 154 242 338 578 282 190 252 261 196 462 237 360 445 730 624 586 400 592 562 239 890 169 503 257 463 383 555 305 580 383 306 242 562 387 452 573 695 20 507 471 448 360 126 263 333 471 657 154 488 452 412 444 262 471 801 463 566 654 575 318 220 323 114 593 420 495 694 394 354 527 457 134 42 398 655 683 307 432 422 469 738 468 140 54 240 561 488 377 309 337 334 57 543 483 530 447 526 148 225 110 384 369 160 151 474 496 502 608 562 561 704 716 667 746 773 317 69 654 579 168 498 457 366 252 526 161 417 224 717 455 209 726 240 678 425 198 362 219 435 370 549 73 591 478 854 342 375 633 242 446 361 551 282 781 580 328 217 106 490 562 489 378 247 264 627 135 237 336 483
194 622 376 1048 1073 485 67 406 725 256 271 871 867 384 729 401 907 79 340 654 647 534 0 884 371 908 688 755 588 667 829 818 581 369 944 564 300 478 453 426 865 27 112 922 273 457 158 323 540 320 762 986 786 1065 78 103 986 104 528 720 166 888 949 942 662 669 948 1046 757 1076 1118 724 834 404 674 681 199 463 565 297 335 711 133 663 683 95 431 212 327 734 125 492 294 636 703 611 284 811 453 926 228 850 899 418 749 128 744 790 388 1047 554 661 206 974 743 627 313 726 214 507 664 201 172 925 770 797 648 1071 326 132 605 878 255 544 306 484 411 954 851 1026 733 877 863 590 544 576 574 733 1011 782 237 768 285 761 139 537 511 352 912 303 211 457 708 221 547 218 393 149 107 147 386 759 604 532 368 629 623 433 640 338 263 855 850 382 476 989 969 1045 241 471 342 873 676 334 352 713 486 57 694 858 735 822 735 620 534 728 781 110 725 896 733 949 331 49 583 302 183 615 447 161 290 345 597 228 413 763 1035 1008 224 348 582 46 674 487 893 343 779 409 660 555 414 510
945 1194 996 632 834 726 816 494 703 895 792 709 136 535 184 539 174 912 963 366 1115 353 884 0 878 633 846 133 316 1084 253 764 898 675 62 327 635 905 497 776 848 884 835 772 781 544 729 637 490 639 429 564 124 703 910 782 560 802 735 652 839 902 579 677 267 556 556 629 467 769 806 355 672 484 373 490 928 521 371 591 577 238 815 299 517 793 1061 975 921 523 946 856 590 1198 195 739 611 541 678 569 656 684 214 618 245 898 495 545 895 688 333 717 792 98 456 305 589 435 819 958 273 809 804 237 552 111 680 850 795 901 923 652 650 412 666 437 912 110 550 709 516 50 589 696 406 311 638 866 705 309 747 521 767 960 821 415 389 556 595 824 729 605 461 673 337 891 799 861 791 858 501 144 285 645 644 278 334 778 715 831 954 653 655 1040 1035 698 844 825 670 421 992 663 268 829 783 496 482 879 192 400 239 900 598 326 1030 198 871 777 204 33 163 122 703 895 323 931 804 1161 640 723 977 561 679 713 866 296 847 512 681 567 348 841 778 776 215 565 124 950 252 483 647 761
213 334 123 799 763 196 358 546 424 619 602 576 805 561 694 593 827 307 104 537 304 552 371 878 0 642 337 746 672 309 720 500 212 203 940 634 535 106 382 120 527 345 461 611 137 333 399 264 398 263 581 754 756 794 306 377 755 301 223 440 518 540 707 665 749 440 714 798 559 785 822 588 549 516 544 484 196 663 689 458 525 648 252 771 471 387 184 223 71 512 285 129 405 342 683 296 353 577 215 686 371 562 802 259 664 498 535 555 22 778 570 354 536 976 552 573 498 548 166 141 607 539 216 819 533 769 359 756 92 503 234 604 474 692 238 446 46 908 614 747 514 892 611 298 471 589 318 379 732 655 544 544 606 393 243 462 503 527 661 83 245 278 521 441 598 158 84 509 413 506 443 733 660 283 629 705 547 122 335 53 155 579 572 172 164 710 642 734 297 487 135 593 614 58 95 507 666 315 696 683 659 468 479 733 191 793 430 336 677 875 770 978 183 421 557 100 519 309 244 378 154 521 313 247 46 647 716 798 302 347 529 345 344 164 796 523 812 74 625 410 231 193
831 826 754 158 214 451 855 742 225 1077 1004 104 498 791 510 820 473 880 745 366 708 581 908 633 642 0 377 572 699 655 380 199 506 539 672 666 850 588 500 527 259 889 938 147 653 465 821 589 396 593 230 137 538 157 878 845 140 804 419 202 978 309 87 47 729 240 108 158 203 178 223 318 101 702 340 251 810 860 763 752 797 453 779 774 238 859 791 851 713 187 882 534 701 822 534 350 670 117 461 79 736 96 431 490 415 1000 193 130 645 139 578 292 961 706 220 467 785 248 717 621 461 974 743 420 144 545 283 225 618 1005 514 43 816 798 603 515 644 578 88 120 192 678 54 344 459 573 339 365 106 333 936 160 991 449 776 457 545 781 43 653 696 450 244 809 632 764 568 986 876 982 638 537 652 381 924 697 433 523 309 631 791 66 74 801 727 87 215 198 681 580 775 58 452 633 591 219 832 866 574 233 431 343 172 764 681 713 336 811 484 606 657 753 579 947 513 740 957 787 461 801 796 779 330 680 602 354 215 207 699 599 474 863 325 478 427 785 670 682 498 383 493 449
550 449 420 532 441 220 657 709 164 915 874 283 734 744 672 778 734 634 425 483 330 622 688 846 337 377 0 738 761 279 619 189 142 358 902 720 759 247 456 262 192 663 758 296 415 392 665 442 390 444 437 511 725 506 633 664 513 598 178 211 810 203 460 381 822 292 475 532 402 478 510 493 275 669 473 358 532 840 805 663 726 612 557 858 332 677 440 560 405 340 619 207 602 445 678 118 552 367 275 444 602 281 697 354 602 807 371 350 330 493 631 129 814 939 406 569 704 419 474 263 589 822 517 701 331 737 166 431 362 812 141 333 707 825 436 512 317 834 390 455 346 878 368 164 493 640 224 44 440 551 807 358 870 116 549 485 569 719 410 386 505 330 391 683 679 491 294 809 700 804 588 711 728 240 852 779 531 255 131 353 490 311 303 462 368 419 312 412 526 580 450 319 588 357 336 359 827 634 708 519 607 134 271 831 312 839 93 623 648 831 797 965 382 736 586 435 801 410 308 642 485 714 177 496 290 556 389 574 540 502 543 653 68 202 691 719 828 347 621 390 333 183
811 1066 864 604 783 601 687 376 605 782 681 634 144 421 66 430 196 780 831 254 992 221 755 133 746 572 738 0 213 963 208 677 777 543 196 211 519 778 365 648 761 753 712 700 648 414 602 503 366 506 349 530 48 668 779 654 527 670 614 556 719 814 533 619 192 453 514 601 384 727 767 264 593 360 268 390 794 425 278 467 459 128 682 235 417 665 929 842 789 434 813 730 460 1071 64 626 479 467 551 519 526 607 216 488 157 776 408 466 765 651 201 610 675 231 370 177 468 345 685 832 150 692 671 248 469 51 572 797 662 779 804 583 528 321 533 304 782 203 484 665 427 146 523 581 276 179 521 762 658 239 632 439 658 853 688 285 256 438 539 691 596 477 367 548 213 758 669 741 665 737 370 36 171 524 541 183 211 650 606 699 820 579 581 908 905 647 774 770 537 288 860 593 149 697 651 402 386 748 61 351 142 803 506 246 904 148 771 647 92 140 91 234 571 768 190 798 685 1034 512 595 844 442 565 579 737 218 788 493 549 433 218 711 670 652 214 446 98 819 123 360 517 638
683 1006 775 766 913 576 522 183 664 578 475 735 356 220 232 223 408 628 738 333 955 138 588 316 672 699 761 213 0 938 392 752 761 476 369 41 319 731 312 599 834 592 526 804 550 376 430 408 372 410 469 691 259 821 627 485 688 519 603 621 525 883 682 746 78 516 666 764 495 870 913 384 691 185 358 467 669 212 69 290 264 264 543 100 491 494 844 714 697 526 668 694 306 1014 197 642 343 583 517 663 370 708 422 438 313 587 510 574 693 803 131 646 476 395 478 231 280 450 570 785 241 494 542 454 569 265 609 923 581 589 790 698 341 111 436 250 715 410 611 807 520 297 645 596 271 128 537 794 797 393 431 544 451 876 551 278 192 243 674 602 470 445 460 368 81 641 609 548 488 545 234 237 49 523 329 41 267 604 635 620 708 687 686 814 837 782 875 895 407 190 763 703 252 616 578 492 173 593 162 510 293 855 586 70 852 140 817 488 247 337 154 362 489 592 189 699 489 979 477 428 735 249 585 457 676 367 905 669 413 326 232 549 701 623 419 253 198 747 206 375 467 619
482 184 300 808 686 365 663 837 442 921 911 557 984 859 901 892 991 594 330 718 58 805 667 1084 309 655 279 963 938 0 877 460 186 467 1143 897 842 215 627 340 433 640 766 557 444 564 709 547 597 547 702 790 959 775 594 686 792 609 348 486 822 413 739 655 1009 549 755 808 668 737 763 744 554 803 714 612 471 961 967 760 827 845 559 1038 589 695 272 476 340 608 560 243 703 176 900 353 650 644 422 723 676 558 957 499 845 795 638 625 289 764 819 393 844 1180 669 787 801 678 475 168 813 846 525 965 605 972 424 671 392 800 162 611 782 976 527 691 263 1087 669 723 613 1108 647 391 694 833 447 291 709 808 853 630 915 225 549 684 751 827 689 392 553 496 649 749 858 449 340 812 720 809 724 941 915 439 937 965 752 335 387 359 410 589 582 316 202 690 552 658 600 747 337 596 816 364 381 621 959 610 923 790 847 343 544 1004 134 1040 329 645 879 1073 1007 1197 465 717 788 365 826 148 462 688 389 821 410 553 282 808 628 853 608 627 750 648 340 316 951 824 1045 257 841 602 470 325
837 1008 844 395 584 541 763 511 465 912 818 456 120 563 162 581 114 835 818 186 916 328 829 253 720 380 619 208 392 877 0 517 693 533 297 373 650 723 381 606 599 821 812 519 655 401 693 526 324 529 184 322 166 461 833 736 319 731 539 414 832 653 330 424 393 329 309 393 222 523 562 134 421 483 176 264 818 594 461 574 589 133 729 438 288 750 903 865 777 282 858 669 547 1010 196 524 545 289 506 318 606 432 82 470 85 878 252 295 734 445 314 491 797 332 215 208 590 200 707 773 174 813 707 99 305 171 456 599 651 882 715 398 642 503 553 344 746 215 296 462 276 298 336 485 285 297 433 634 456 69 759 274 797 728 732 293 328 568 342 686 636 444 229 652 355 775 637 850 756 846 457 173 343 452 695 374 205 606 493 683 828 400 403 892 863 447 591 573 590 371 849 410 161 682 633 260 558 808 234 148 104 657 356 442 845 357 631 718 144 228 299 374 570 853 259 793 802 973 476 679 846 570 467 618 698 73 594 284 605 481 249 782 551 590 75 576 301 787 195 311 494 569
706 636 599 348 263 333 776 747 99 1021 964 97 637 790 610 823 625 776 597 431 515 618 818 764 500 199 189 677 752 460 517 0 328 455 813 714 828 425 485 400 84 796 870 110 546 432 764 527 392 529 335 336 653 317 774 774 339 720 291 131 917 137 286 195 800 236 305 348 297 291 325 413 105 705 412 291 687 875 808 727 784 549 685 842 265 788 625 721 571 243 768 377 670 631 626 209 627 231 367 274 687 103 584 425 524 926 270 221 498 305 622 157 911 849 308 532 766 332 610 448 540 922 646 581 212 663 175 256 501 931 330 156 783 836 531 524 490 730 239 266 250 803 206 228 484 624 258 168 251 455 896 243 956 249 680 479 571 771 238 532 616 389 310 767 675 642 439 921 809 916 629 645 711 297 914 762 492 394 177 503 655 138 132 642 555 231 151 234 619 595 625 141 535 506 473 274 854 769 662 389 535 147 171 822 501 801 137 736 584 743 751 887 490 863 564 601 902 598 384 741 654 768 224 603 455 468 217 405 636 564 520 778 156 342 579 773 774 525 577 384 416 314
424 326 280 664 584 184 560 676 282 822 794 419 799 703 716 737 807 519 289 532 222 626 581 898 212 506 142 777 761 186 693 328 0 304 957 720 700 111 448 180 334 555 663 437 319 385 585 389 412 390 522 635 773 643 518 573 637 501 163 318 718 337 585 516 830 368 598 664 490 620 652 560 405 639 529 430 407 803 795 610 677 659 455 861 408 585 297 430 274 431 497 90 551 324 715 173 498 476 244 567 536 413 774 325 659 705 460 455 200 630 639 222 730 994 489 601 652 497 369 120 628 735 416 783 434 786 248 573 263 710 29 463 643 807 374 511 184 902 505 593 435 923 489 207 510 652 261 178 578 624 730 456 793 180 446 501 571 673 535 278 422 316 467 614 680 371 197 713 609 709 558 755 736 253 795 786 566 174 211 242 360 439 432 320 226 557 455 555 458 572 312 450 630 247 242 441 797 525 738 614 661 263 373 829 175 859 229 532 693 887 823 1011 313 630 605 305 715 288 284 562 351 668 226 418 168 624 531 693 469 464 566 551 180 139 768 671 860 208 655 417 297 142
311 532 320 684 705 138 321 372 359 566 517 502 609 399 492 433 635 341 289 347 480 351 369 675 203 539 358 543 476 467 533 455 304 0 738 436 402 255 179 127 512 350 414 555 124 134 310 86 209 87 419 626 554 697 339 318 626 267 181 351 462 544 586 573 550 304 587 683 406 706 748 406 464 336 359 327 290 499 500 308 374 449 239 576 323 332 385 337 247 373 349 224 248 539 480 257 196 448 88 563 243 481 613 63 469 471 388 426 222 679 368 299 459 774 394 371 350 383 184 309 406 469 203 633 405 567 282 704 120 476 333 509 348 509 78 242 242 710 488 657 373 688 496 227 270 386 205 402 642 472 450 407 512 458 236 260 300 370 547 152 161 96 360 324 399 245 132 465 353 460 257 531 460 162 496 507 348 133 280 156 294 486 480 366 365 620 606 678 168 287 319 503 414 153 107 357 494 326 492 521 463 486 367 540 376 591 444 280 476 674 566 775 40 411 354 261 449 503 78 287 312 364 232 147 200 460 669 657 183 160 326 326 326 167 607 368 609 277 422 223 46 177
1007 1255 1058 659 868 786 876 550 756 947 843 753 176 590 246 592 201 973 1026 424 1175 415 944 62 940 672 902 196 369 1143 297 813 957 738 0 383 689 966 560 838 896 944 892 815 844 606 788 699 551 702 478 593 185 732 972 841 590 863 795 705 894 950 613 715 313 610 590 656 516 800 835 409 718 542 430 544 990 569 420 650 633 298 877 340 571 852 1123 1038 984 574 1007 916 650 1259 258 797 673 586 739 605 717 729 244 680 300 955 545 592 958 717 394 773 846 37 507 367 646 487 881 1020 334 863 866 261 601 172 736 885 857 958 982 694 707 459 729 500 974 108 592 742 568 74 631 754 468 372 696 921 738 358 801 570 819 1014 883 478 452 612 633 887 791 667 514 731 396 954 861 917 850 914 562 206 342 705 694 330 396 840 771 894 1016 697 700 1103 1097 733 886 861 732 483 1055 707 329 891 845 548 530 940 254 439 296 951 649 371 1092 242 923 837 265 71 215 87 766 953 386 994 859 1222 702 783 1040 617 737 775 928 348 885 536 743 629 411 901 833 837 247 621 172 1012 315 543 709 821
651 967 738 739 880 535 498 167 625 571 470 700 350 210 218 219 401 601 701 300 915 98 564 327 634 666 720 211 41 897 373 714 720 436 383 0 309 691 271 559 795 567 508 768 513 335 407 370 331 372 438 664 254 792 599 461 661 491 562 583 511 844 653 713 114 478 638 736 462 839 882 353 655 160 325 430 637 221 97 267 250 242 512 141 454 471 807 682 660 491 639 653 276 974 183 601 310 549 476 634 342 672 411 397 292 571 475 540 655 773 92 606 465 411 445 199 262 417 535 745 213 482 510 443 534 262 569 889 543 574 749 663 323 134 398 209 676 414 579 776 484 314 612 555 231 93 496 754 766 369 421 509 446 836 520 238 151 229 643 564 437 404 425 348 40 607 569 534 467 531 199 230 41 482 330 72 233 564 594 581 674 652 651 777 799 750 839 861 373 149 726 669 225 578 539 456 184 566 154 484 272 815 548 110 812 168 777 461 230 344 169 385 451 571 153 663 476 940 436 403 701 234 544 423 636 343 871 645 381 288 195 524 660 582 407 238 215 708 181 335 427 578
451 852 598 960 1049 539 245 143 729 264 167 848 653 99 514 104 700 362 558 513 839 322 300 635 535 850 759 519 319 842 650 828 700 402 689 309 0 627 351 519 896 313 214 911 397 397 155 317 454 315 650 889 559 998 360 206 887 270 581 703 205 934 864 894 384 617 856 959 660 1029 1073 584 805 167 539 599 445 162 280 100 61 518 313 376 612 208 665 479 527 662 408 613 158 863 481 651 207 736 484 842 165 822 704 409 565 270 660 720 556 979 338 682 156 715 643 445 65 619 380 673 476 174 334 734 705 568 655 1053 450 272 729 833 60 251 326 339 581 722 774 970 658 617 798 613 401 357 570 802 957 624 112 691 147 861 324 399 328 82 840 451 289 441 612 96 307 435 506 230 193 227 212 534 350 536 95 360 459 526 664 483 501 815 811 623 685 937 974 1025 243 285 573 833 489 478 463 632 188 325 460 726 547 883 694 335 725 455 841 229 519 653 473 679 387 289 391 515 169 834 454 168 531 79 611 288 559 600 1025 890 234 264 411 274 720 569 699 74 517 600 457 467 426 580
314 288 173 746 686 182 463 623 363 725 705 510 819 643 720 676 834 413 178 548 224 602 478 905 106 588 247 778 731 215 723 425 111 255 966 691 627 0 425 132 440 452 567 536 232 367 499 333 415 333 565 710 781 733 412 481 711 406 187 390 623 447 661 604 804 414 671 746 538 716 750 588 489 589 550 469 298 745 756 544 612 669 358 831 451 491 203 320 164 484 389 56 488 292 714 238 434 540 227 641 462 500 805 296 677 605 511 518 91 718 618 295 640 1003 534 601 585 536 271 54 632 644 321 818 496 794 311 677 177 610 129 547 568 763 312 490 73 922 574 684 487 924 564 256 503 634 294 287 669 655 645 513 708 289 349 493 549 611 613 183 340 301 506 536 653 264 125 616 517 612 512 760 712 270 723 761 570 128 280 148 249 522 515 217 144 647 559 657 385 541 202 535 637 153 165 487 744 422 733 664 675 373 438 795 125 841 338 440 701 898 812 1012 250 528 595 194 623 255 265 477 240 605 274 339 69 650 635 762 393 414 561 452 270 133 799 608 853 100 655 423 266 155
460 708 498 618 698 264 390 261 388 581 504 498 440 304 316 337 472 454 466 201 647 178 453 497 382 500 456 365 312 627 381 485 448 179 560 271 351 425 0 292 560 442 455 562 285 64 334 146 103 149 315 550 378 650 452 368 549 352 292 356 487 603 520 542 382 266 514 617 318 678 722 271 454 220 221 250 441 391 349 252 301 279 348 412 261 383 564 489 423 312 477 384 202 714 302 338 179 388 205 498 245 472 456 128 307 520 313 370 401 631 193 353 464 596 302 197 286 281 330 479 233 478 326 480 355 391 320 702 297 525 477 482 316 368 174 64 420 538 426 620 308 509 448 293 97 209 239 493 606 330 437 343 491 570 351 89 124 287 492 326 255 132 268 311 231 401 308 499 394 495 144 354 288 216 431 338 180 296 339 334 459 464 460 542 544 587 627 674 212 124 495 481 243 331 287 283 373 428 313 406 297 563 342 380 549 416 523 344 303 497 388 595 205 482 175 433 462 678 164 316 481 285 285 237 376 311 675 563 228 107 150 406 402 311 450 290 430 456 245 116 159 306
307 418 242 682 662 76 394 499 316 654 618 468 696 524 592 558 715 377 224 425 355 470 426 776 120 527 262 648 599 340 606 400 180 127 838 559 519 132 292 0 440 402 496 509 153 235 408 210 289 210 461 635 653 682 376 403 636 336 110 326 549 462 589 553 672 319 596 682 439 677 716 472 437 463 430 364 287 625 626 429 497 542 294 700 351 415 297 325 188 392 368 97 371 423 584 191 317 458 100 568 355 451 688 164 554 544 415 436 130 665 486 246 556 875 432 471 471 429 213 186 503 563 254 703 413 666 245 657 101 549 209 490 462 636 194 357 140 799 495 636 394 794 493 183 372 502 198 307 620 540 553 424 616 347 287 362 417 494 544 131 246 171 401 434 521 242 40 546 439 542 384 631 580 162 615 628 442 7 227 104 263 466 459 291 259 598 548 633 277 409 255 481 509 106 74 387 621 374 601 563 550 396 361 665 257 709 354 361 573 771 680 882 132 474 463 213 542 386 135 385 269 488 197 240 92 532 618 679 289 288 430 390 250 60 681 491 721 181 525 298 133 86
738 616 613 392 254 381 827 821 172 1078 1027 156 720 863 695 896 706 817 617 515 491 699 865 848 527 259 192 761 834 433 599 84 334 512 896 795 896 440 560 440 0 841 925 128 591 503 822 588 470 591 418 394 737 347 815 829 397 770 337 213 974 54 346 242 883 319 368 393 381 304 329 497 180 780 496 374 720 951 889 796 854 633 732 925 348 843 630 750 596 327 805 398 737 609 710 255 692 311 423 338 750 173 664 488 608 978 354 303 521 339 703 214 971 931 392 615 835 416 653 453 624 981 692 660 295 747 241 241 541 983 328 221 849 916 589 602 510 811 314 296 334 887 278 285 565 706 325 156 283 538 959 326 1020 210 726 559 651 843 302 569 670 455 394 830 756 677 476 975 864 971 702 729 794 360 984 844 576 433 233 538 682 209 204 654 557 267 121 226 679 673 643 206 619 541 514 358 931 813 746 467 619 91 255 904 496 885 107 790 668 826 835 970 543 911 646 627 961 578 445 799 677 840 285 658 481 552 199 466 695 632 603 827 190 379 660 845 858 540 660 463 476 354
