89
0 786 685 771 1023 240 452 929 590 609 817 297 1254 459 333 558 818 709 925 1149 1027 844 1074 830 666 721 783 504 900 156 605 531 413 813 115 371 391 1115 1260 1143 302 820 781 320 849 979 527 343 451 562 483 837 534 618 183 918 645 183 902 925 757 984 825 940 329 556 430 881 688 295 650 1139 825 892 1137 1007 285 618 797 462 394 894 609 739 931 762 949 169 784
786 0 610 1075 647 546 872 179 594 797 940 702 873 443 524 622 56 93 713 768 452 964 679 718 891 888 357 473 895 782 226 653 493 1098 673 507 473 759 887 685 562 913 734 466 867 576 804 817 754 680 948 182 257 595 635 736 722 608 790 277 721 826 297 246 830 476 908 882 530 621 822 792 388 129 867 851 707 865 1023 332 732 440 197 1028 152 284 556 619 685
685 610 0 491 364 573 419 784 94 235 330 403 575 295 383 131 590 526 240 475 486 353 414 155 313 289 297 225 299 563 647 170 306 505 595 348 349 439 579 497 398 302 135 522 262 343 296 445 307 158 485 493 563 66 674 234 135 547 237 502 116 310 382 553 469 179 475 283 82 389 241 459 304 613 453 336 415 306 423 572 337 331 610 445 738 350 318 614 107
771 1075 491 0 767 816 319 1254 482 278 219 516 877 659 654 453 1064 984 583 821 960 222 803 479 183 204 789 610 365 615 1050 425 627 42 750 642 668 781 873 895 637 254 420 814 337 780 294 430 370 395 296 980 955 485 872 552 359 746 478 994 416 539 873 1044 442 599 344 356 572 580 254 783 794 1097 708 544 522 212 96 931 422 811 1022 47 1214 838 764 812 474
1023 647 364 767 0 866 778 775 451 573 553 760 246 577 696 493 600 602 185 134 259 560 51 290 623 572 312 521 425 917 791 535 614 764 921 658 645 114 257 134 722 517 355 795 435 70 651 810 671 522 840 467 739 425 975 217 476 864 295 399 367 265 350 455 833 468 836 425 337 731 563 147 269 575 225 279 772 635 676 781 701 206 749 730 712 381 94 923 310
240 546 573 816 866 0 511 689 487 585 796 302 1109 291 192 470 581 473 804 998 825 824 916 729 667 705 590 355 842 281 368 461 267 853 133 225 226 969 1117 973 190 788 695 84 794 812 528 409 448 499 569 612 294 511 110 805 583 83 809 705 671 884 618 715 409 408 516 823 549 237 626 997 636 656 1016 910 297 622 813 222 394 708 369 774 691 555 782 73 681
452 872 419 319 778 511 0 1049 350 218 390 210 962 428 378 306 876 778 623 876 894 414 826 508 233 297 670 406 506 296 795 261 381 361 432 379 411 836 964 913 351 403 444 524 457 762 129 110 124 261 76 824 699 371 557 602 305 435 556 870 424 638 746 910 123 422 57 488 475 287 247 851 694 926 812 655 213 189 347 660 141 738 774 286 1022 694 737 498 475
929 179 784 1254 775 689 1049 0 773 976 1115 873 982 621 694 801 195 272 866 884 545 1137 800 883 1070 1065 514 652 1062 943 327 832 669 1276 821 679 646 882 997 788 730 1086 904 614 1037 705 984 990 932 859 1125 314 395 772 764 891 900 758 951 377 893 979 441 326 1003 655 1084 1050 703 791 1000 915 537 200 1000 1003 878 1045 1200 466 909 576 319 1207 66 444 690 759 854
590 594 94 482 451 487 350 773 0 205 359 311 668 221 294 45 582 505 334 567 543 385 501 244 298 295 326 154 363 470 598 89 222 503 502 261 267 531 673 581 307 338 208 441 319 422 239 362 230 95 422 502 509 27 585 328 130 456 323 531 185 400 407 576 385 123 404 345 125 295 227 552 345 616 547 425 323 277 429 507 251 387 564 434 732 363 395 524 196
609 797 235 278 573 585 218 976 205 0 212 314 746 386 404 174 787 705 408 663 721 240 619 293 96 119 524 333 297 459 778 149 361 303 553 384 405 622 746 708 396 210 227 566 246 566 92 290 158 117 269 707 684 212 663 386 100 529 338 730 209 420 607 778 312 320 275 278 309 352 41 635 537 822 594 437 325 72 239 667 214 566 748 231 937 567 544 600 264
817 940 330 219 553 796 390 1115 359 212 0 526 659 573 610 349 920 855 368 602 762 28 587 273 157 96 619 510 147 665 957 342 558 211 765 587 604 562 655 678 606 35 224 771 119 572 290 485 367 303 410 820 867 350 875 336 230 741 260 817 228 320 703 871 505 482 439 137 412 564 171 564 616 941 490 325 536 203 124 860 425 621 923 191 1068 678 559 812 279
297 702 403 516 760 302 210 873 311 314 526 0 979 269 181 272 715 610 641 878 814 553 811 540 381 430 572 277 603 159 597 239 214 555 240 194 228 842 983 888 148 525 487 315 552 726 239 119 159 268 274 687 503 338 358 631 349 229 609 752 463 692 635 783 129 317 223 584 425 83 356 863 607 775 851 714 12 333 522 457 101 666 580 476 854 575 697 296 495
1254 873 575 877 246 1109 962 982 668 746 659 979 0 818 933 706 823 838 341 112 437 655 201 454 771 709 557 759 512 1138 1033 743 851 863 1157 895 885 139 15 194 957 626 518 1040 544 311 833 1012 869 722 1014 691 984 640 1217 360 659 1102 413 607 538 340 584 656 1035 705 1020 522 567 959 724 115 512 785 170 333 991 795 781 1028 908 444 991 850 917 623 339 1163 491
459 443 295 659 577 291 428 621 221 386 573 269 818 0 126 224 450 350 515 708 569 600 627 449 482 497 325 69 584 389 391 238 55 688 350 90 68 678 826 689 160 556 426 229 541 526 372 377 313 273 504 418 297 239 399 518 343 288 531 487 404 602 375 515 393 119 465 567 259 198 421 706 366 506 726 628 277 446 625 287 288 434 362 612 594 313 496 345 402
333 524 383 654 696 192 378 694 294 404 610 181 933 126 0 278 541 434 618 825 695 639 747 538 492 523 451 175 649 270 418 271 82 689 225 38 60 794 941 812 38 600 502 162 602 648 360 300 285 309 448 529 323 319 291 616 392 168 617 606 479 694 498 630 310 228 401 631 367 97 444 820 492 606 831 719 184 449 639 282 240 560 399 610 677 436 618 232 490
558 622 131 453 493 470 306 801 45 174 349 272 706 224 278 0 613 530 369 607 588 376 544 271 270 276 368 162 372 432 610 44 213 477 475 248 259 570 710 625 285 332 227 432 325 466 198 317 185 58 378 539 519 69 564 360 119 433 346 571 203 426 448 616 340 145 359 353 170 265 203 591 389 651 580 450 285 244 408 511 207 432 578 406 763 401 440 502 225
818 56 590 1064 600 581 876 195 582 787 920 715 823 450 541 613 0 109 676 718 398 943 630 689 880 873 321 472 867 805 278 647 502 1085 704 520 487 712 836 633 579 892 709 498 842 529 801 827 755 671 952 132 298 580 674 700 708 637 758 222 698 789 254 190 842 468 915 855 508 636 810 744 348 78 822 814 721 857 1008 374 737 395 246 1017 150 250 510 654 658
709 93 526 984 602 473 778 272 505 705 855 610 838 350 434 530 109 0 648 729 439 879 639 643 801 799 296 380 816 696 204 561 400 1008 595 415 381 716 851 657 472 828 654 390 786 531 711 724 660 589 854 170 199 507 568 668 634 528 717 275 639 759 254 262 738 385 815 803 448 530 732 749 334 183 815 785 616 773 934 272 638 396 165 937 244 223 508 546 607
925 713 240 583 185 804 623 866 334 408 368 641 341 515 618 369 676 648 0 254 414 375 220 115 446 392 355 449 243 801 811 403 538 579 834 581 577 214 344 312 636 332 181 745 250 212 494 670 528 381 677 551 741 307 908 33 318 784 111 513 199 113 425 570 694 396 680 242 255 629 391 228 329 671 213 137 653 464 491 767 567 300 770 547 808 429 207 850 149
1149 768 475 821 134 998 876 884 567 663 602 878 112 708 825 607 718 729 254 0 345 603 90 369 698 640 445 650 460 1037 922 645 743 812 1050 787 776 40 123 115 850 567 436 928 483 200 747 918 777 628 932 586 872 540 1107 278 571 993 344 507 453 284 475 558 942 596 934 466 461 854 645 46 401 685 156 286 890 718 726 915 812 333 880 789 819 512 226 1053 401
1027 452 486 960 259 825 894 545 543 721 762 814 437 569 695 588 398 439 414 345 0 775 268 489 793 756 244 538 654 954 643 632 620 966 914 659 635 350 452 243 730 727 541 743 652 204 779 894 772 635 965 273 619 523 934 447 621 848 523 175 544 515 209 219 916 496 947 650 419 760 724 381 207 351 479 533 824 792 878 680 784 155 604 918 479 270 207 893 486
844 964 353 222 560 824 414 1137 385 240 28 553 655 600 639 376 943 879 375 603 775 0 592 286 181 123 639 537 143 691 984 370 586 209 793 615 632 563 651 682 634 51 241 799 125 582 317 511 395 331 431 841 894 376 903 343 257 770 265 835 247 319 723 890 530 508 462 137 434 592 199 563 634 962 486 322 563 228 125 887 452 636 949 199 1090 699 571 840 296
1074 679 414 803 51 916 826 800 501 619 587 811 201 627 747 544 630 639 220 90 268 592 0 331 665 612 355 572 453 968 832 584 665 799 972 709 696 83 213 91 773 551 397 844 468 110 698 860 720 571 886 498 783 475 1026 251 522 915 326 422 411 286 386 475 883 519 884 455 388 782 606 115 310 600 210 295 823 679 711 827 751 243 790 768 735 422 138 973 354
830 718 155 479 290 729 508 883 244 293 273 540 454 449 538 271 689 643 115 369 489 286 331 0 333 282 370 380 179 699 784 300 462 480 745 503 505 329 456 422 551 237 66 678 164 300 379 560 417 274 562 575 706 218 829 94 205 701 82 556 84 156 451 612 583 332 566 169 204 536 276 342 358 697 312 181 552 349 392 721 459 352 746 440 830 439 286 768 47
666 891 313 183 623 667 233 1070 298 96 157 381 771 482 492 270 880 801 446 698 793 181 665 333 0 66 609 429 281 512 873 245 455 207 622 475 498 657 770 756 481 171 268 654 235 625 142 329 223 212 258 797 779 302 738 419 178 606 357 815 257 433 693 865 348 416 282 265 393 431 72 666 618 914 609 446 390 48 146 761 280 641 843 136 1031 656 606 675 316
721 888 289 204 572 705 297 1065 295 119 96 430 709 497 523 276 873 799 392 640 756 123 612 282 66 0 587 439 214 568 886 260 477 215 670 502 522 600 708 703 516 105 219 685 170 580 194 389 271 224 324 782 794 293 782 363 165 648 297 791 213 370 672 843 409 417 348 199 372 471 79 606 591 901 546 382 440 108 135 782 329 607 855 161 1022 639 563 719 272
783 357 297 789 312 590 670 514 326 524 619 572 557 325 451 368 321 296 355 445 244 639 355 370 609 587 0 295 550 709 479 411 375 803 671 415 391 427 568 393 485 587 398 511 529 245 566 658 546 422 744 204 427 313 700 378 430 607 436 206 391 468 84 255 679 256 721 539 216 516 537 459 46 326 519 493 582 597 719 474 551 120 437 743 459 74 218 655 345
504 473 225 610 521 355 406 652 154 333 510 277 759 69 175 162 472 380 449 650 538 537 572 380 429 439 295 0 516 416 448 184 92 637 400 136 128 619 766 639 201 491 357 297 474 474 331 372 283 216 482 420 356 171 460 451 280 343 462 476 335 533 357 511 391 54 449 499 194 222 364 645 332 520 661 559 287 397 570 353 271 395 416 562 620 299 444 404 333
900 895 299 365 425 842 506 1062 363 297 147 603 512 584 649 372 867 816 243 460 654 143 453 179 281 214 550 516 0 754 946 382 584 352 833 620 629 420 508 543 654 116 164 803 50 455 388 587 453 345 539 754 862 345 932 210 260 799 131 734 183 175 630 791 609 476 560 19 369 623 260 420 537 876 343 179 614 318 268 868 507 526 909 338 1009 617 447 869 209
156 782 563 615 917 281 296 943 470 459 665 159 1138 389 270 432 805 696 801 1037 954 691 968 699 512 568 709 416 754 0 637 399 335 657 161 300 330 1001 1143 1043 232 669 646 335 703 879 374 186 301 426 330 799 551 497 284 791 505 198 767 875 622 850 764 900 173 462 276 736 580 194 499 1023 748 872 1011 872 147 463 641 489 247 811 630 583 934 702 850 238 655
605 226 647 1050 791 368 795 327 598 778 957 597 1033 391 418 610 278 204 811 922 643 984 832 784 873 886 479 448 946 637 0 629 423 1080 501 416 386 906 1045 857 449 936 781 301 909 722 759 717 692 663 866 373 95 609 437 827 727 443 864 478 763 918 451 460 725 475 819 930 580 513 811 938 521 355 995 944 599 837 1016 147 655 589 41 1003 342 410 697 435 743
531 653 170 425 535 461 261 832 89 149 342 239 743 238 271 44 647 561 403 645 632 370 584 300 245 260 411 184 382 399 629 0 217 452 453 245 262 608 746 666 272 329 250 430 333 509 157 275 141 38 334 578 535 112 550 391 121 417 371 613 225 453 490 657 298 178 315 363 214 243 183 628 433 688 611 476 251 213 387 521 166 477 598 378 797 441 483 487 256
413 493 306 627 614 267 381 669 222 361 558 214 851 55 82 213 502 400 538 743 620 586 665 462 455 477 375 92 584 335 423 217 0 659 307 44 45 711 858 730 110 544 431 219 538 566 335 324 270 255 456 473 328 245 370 538 332 250 543 542 408 617 429 570 339 146 415 566 285 143 399 738 415 561 750 643 222 416 601 305 240 482 398 581 645 367 536 312 414
813 1098 505 42 764 853 361 1276 503 303 211 555 863 688 689 477 1085 1008 579 812 966 209 799 480 207 215 803 637 352 657 1080 452 659 0 790 675 700 772 859 890 673 247 424 849 330 781 328 471 406 420 338 997 985 505 912 548 378 784 472 1007 423 528 888 1059 484 623 386 346 588 617 276 773 806 1115 693 531 561 242 88 963 459 820 1051 79 1235 855 767 851 480
115 673 595 750 921 133 432 821 502 553 765 240 1157 350 225 475 704 595 834 1050 914 793 972 745 622 670 671 400 833 161 501 453 307 790 0 264 281 1017 1164 1038 199 763 701 207 783 874 480 323 399 488 479 722 425 528 126 830 573 67 821 809 677 901 711 825 316 453 425 814 589 210 594 1043 714 777 1047 925 231 574 762 355 342 784 502 712 820 648 844 77 698
371 507 348 642 658 225 379 679 261 384 587 194 895 90 38 248 520 415 581 787 659 615 709 503 475 502 415 136 620 300 416 245 44 675 264 0 33 755 903 774 70 574 469 184 573 610 348 311 277 284 452 501 321 285 327 580 364 206 583 574 446 658 465 600 323 190 407 601 329 115 423 782 456 582 794 684 200 434 622 289 238 523 395 597 660 402 580 269 455
391 473 349 668 645 226 411 646 267 405 604 228 885 68 60 259 487 381 577 776 635 632 696 505 498 522 391 128 629 330 386 262 45 700 281 33 0 745 893 758 98 590 475 174 584 594 375 344 306 300 484 470 290 289 333 578 378 219 586 545 452 659 438 569 357 181 440 611 323 149 443 772 434 549 789 685 234 458 644 263 270 502 363 622 626 375 564 277 457
1115 759 439 781 114 969 836 882 531 622 562 842 139 678 794 570 712 716 214 40 350 563 83 329 657 600 427 619 420 1001 906 608 711 772 1017 755 745 0 147 139 817 527 395 901 443 184 707 880 738 589 892 579 853 503 1078 238 531 962 303 505 413 245 464 559 903 565 894 426 428 820 605 32 384 683 132 248 854 677 686 893 774 320 864 749 818 496 208 1023 361
1260 887 579 873 257 1117 964 997 673 746 655 983 15 826 941 710 836 851 344 123 452 651 213 456 770 708 568 766 508 1143 1045 746 858 859 1164 903 893 147 0 209 964 623 520 1048 542 323 835 1015 872 725 1014 704 995 645 1225 361 661 1109 412 621 540 337 597 670 1038 712 1021 518 574 965 724 121 524 799 165 329 995 795 777 1038 911 456 1003 847 931 635 350 1170 494
1143 685 497 895 134 973 913 788 581 708 678 888 194 689 812 625 633 657 312 115 243 682 91 422 756 703 393 639 543 1043 857 666 730 890 1038 774 758 139 209 0 840 642 488 898 559 164 786 942 804 655 974 503 816 555 1083 342 610 978 417 414 501 372 405 462 965 587 970 546 463 854 696 160 346 592 269 380 900 769 802 867 832 273 815 859 723 451 194 1033 444
302 562 398 637 722 190 351 730 307 396 606 148 957 160 38 285 579 472 636 850 730 634 773 551 481 516 485 201 654 232 449 272 110 673 199 70 98 817 964 840 0 598 512 176 605 676 345 268 266 309 419 568 355 332 279 633 394 149 629 643 488 707 535 668 277 254 371 635 389 64 437 843 526 644 849 732 150 436 627 309 218 592 432 594 715 472 646 217 503
820 913 302 254 517 788 403 1086 338 210 35 525 626 556 600 332 892 828 332 567 727 51 551 237 171 105 587 491 116 669 936 329 544 247 763 574 590 527 623 642 598 0 190 759 83 536 295 492 368 290 428 789 847 327 870 300 212 736 225 784 196 286 671 839 513 460 454 104 383 558 169 529 583 911 458 293 536 214 159 843 425 586 902 223 1039 648 523 807 246
781 734 135 420 355 695 444 904 208 227 224 487 518 426 502 227 709 654 181 436 541 241 397 66 268 219 398 357 164 646 781 250 431 424 701 469 475 395 520 488 512 190 0 649 132 360 315 499 357 219 496 602 698 186 791 158 143 660 121 594 24 204 482 648 523 313 501 149 205 491 210 408 393 724 371 226 499 282 337 706 402 397 744 380 854 462 343 730 55
320 466 522 814 795 84 524 614 441 566 771 315 1040 229 162 432 498 390 745 928 743 799 844 678 654 685 511 297 803 335 301 430 219 849 207 184 174 901 1048 898 176 759 649 0 757 738 520 432 443 468 589 527 219 463 191 748 549 143 759 621 627 831 535 630 436 348 538 785 489 237 606 929 557 573 954 857 314 611 801 154 394 630 297 770 613 473 708 157 630
849 867 262 337 435 794 457 1037 319 246 119 552 544 541 602 325 842 786 250 483 652 125 468 164 235 170 529 474 50 703 909 333 538 330 783 573 584 443 542 559 605 83 132 757 0 457 338 536 402 296 492 733 823 303 883 218 211 750 141 720 147 204 611 776 558 435 511 32 337 574 210 446 520 855 378 213 564 270 243 826 456 516 872 306 986 594 446 820 184
979 576 343 780 70 812 762 705 422 566 572 726 311 526 648 466 529 531 212 200 204 582 110 300 625 580 245 474 455 879 722 509 566 781 874 610 594 184 323 164 676 536 360 738 457 0 638 784 649 501 827 397 672 397 922 245 466 814 323 331 368 310 279 387 807 422 819 452 301 690 560 217 200 505 294 328 737 632 693 717 674 135 680 740 642 312 29 871 309
527 804 296 294 651 528 129 984 239 92 290 239 833 372 360 198 801 711 494 747 779 317 698 379 142 194 566 331 388 374 759 157 335 328 480 348 375 707 835 786 345 295 315 520 338 638 0 198 81 144 189 735 663 256 596 473 176 464 429 770 295 511 646 814 220 334 186 370 360 291 128 722 585 844 684 529 248 94 284 637 138 623 733 249 950 599 614 534 346
343 817 445 430 810 409 110 990 362 290 485 119 1012 377 300 317 827 724 670 918 894 511 860 560 329 389 658 372 587 186 717 275 324 471 323 311 344 880 1015 942 268 492 499 432 536 784 198 0 142 290 159 791 623 387 448 654 356 330 619 848 477 702 728 883 23 402 106 568 485 203 326 898 689 884 871 721 118 282 454 576 110 741 700 396 969 671 757 391 520
451 754 307 370 671 448 124 932 230 158 367 159 869 313 285 185 755 660 528 777 772 395 720 417 223 271 546 283 453 301 692 141 270 406 399 277 306 738 872 804 266 368 357 443 402 649 81 142 0 149 200 700 596 253 514 511 213 383 477 745 335 560 622 785 166 298 175 434 356 211 198 755 571 804 728 580 168 175 366 565 57 617 668 327 903 570 623 452 378
562 680 158 395 522 499 261 859 95 117 303 268 722 273 309 58 671 589 381 628 635 331 571 274 212 224 422 216 345 426 663 38 255 420 488 284 300 589 725 655 309 290 219 468 296 501 144 290 149 0 330 597 570 111 587 367 84 453 341 627 195 424 503 672 314 204 317 326 215 278 147 608 440 709 586 446 280 185 353 558 185 479 632 348 822 458 476 524 231
483 948 485 296 840 569 76 1125 422 269 410 274 1014 504 448 378 952 854 677 932 965 431 886 562 258 324 744 482 539 330 866 334 456 338 479 452 484 892 1014 974 419 428 496 589 492 827 189 159 200 330 0 901 771 441 605 655 364 490 603 945 478 683 821 986 162 498 54 522 546 355 290 904 767 1003 859 698 275 222 344 729 216 809 847 272 1099 770 803 549 532
837 182 493 980 467 612 824 314 502 707 820 687 691 418 529 539 132 170 551 586 273 841 498 575 797 782 204 420 754 799 373 578 473 997 722 501 470 579 704 503 568 789 602 527 733 397 735 791 700 597 901 0 363 495 715 577 620 654 639 105 593 665 126 103 809 403 869 743 410 615 725 612 222 122 690 688 695 779 916 432 692 264 335 933 257 142 379 684 549
534 257 563 955 739 294 699 395 509 684 867 503 984 297 323 519 298 199 741 872 619 894 783 706 779 794 427 356 862 551 95 535 328 985 425 321 290 853 995 816 355 847 698 219 823 672 663 623 596 570 771 363 0 521 378 754 636 363 787 467 679 844 416 460 631 388 724 846 501 419 718 884 472 376 933 871 505 742 923 75 559 544 79 908 397 365 645 366 662
618 595 66 485 425 511 371 772 27 212 350 338 640 239 319 69 580 507 307 540 523 376 475 218 302 293 313 171 345 497 609 112 245 505 528 285 289 503 645 555 332 327 186 463 303 397 256 387 253 111 441 495 521 0 610 301 127 482 298 519 164 374 395 566 410 133 426 328 104 322 230 525 329 611 519 400 350 285 428 523 277 367 574 438 730 354 371 549 171
183 635 674 872 975 110 557 764 585 663 875 358 1217 399 291 564 674 568 908 1107 934 903 1026 829 738 782 700 460 932 284 437 550 370 912 126 327 333 1078 1225 1083 279 870 791 191 883 922 596 448 514 587 605 715 378 610 0 908 671 133 908 810 767 985 726 817 442 514 551 913 655 311 704 1105 746 751 1121 1010 350 690 880 303 458 818 447 834 773 664 892 63 781
918 736 234 552 217 805 602 891 328 386 336 631 360 518 616 360 700 668 33 278 447 343 251 94 419 363 378 451 210 791 827 391 538 548 830 580 578 238 361 342 633 300 158 748 218 245 473 654 511 367 655 577 754 301 908 0 299 782 78 542 178 91 450 599 678 399 660 209 261 623 367 249 354 697 220 117 643 439 460 777 553 329 786 517 834 452 239 848 135
645 722 135 359 476 583 305 900 130 100 230 349 659 343 392 119 708 634 318 571 621 257 522 205 178 165 430 280 260 505 727 121 332 378 573 364 378 531 661 610 394 212 143 549 211 466 176 356 213 84 364 620 636 127 671 299 0 538 264 636 121 347 515 686 379 253 363 241 214 363 106 546 440 737 515 368 360 170 300 630 259 466 694 313 857 478 443 609 169
183 608 547 746 864 83 435 758 456 529 741 229 1102 288 168 433 637 528 784 993 848 770 915 701 606 648 607 343 799 198 443 417 250 784 67 206 219 962 1109 978 149 736 660 143 750 814 464 330 383 453 490 654 363 482 133 782 538 0 778 742 636 857 644 757 329 397 436 780 535 177 571 988 650 710 998 881 223 559 749 295 327 721 441 706 756 581 784 70 653
902 790 237 478 295 809 556 951 323 338 260 609 413 531 617 346 758 717 111 344 523 265 326 82 357 297 436 462 131 767 864 371 543 472 821 583 586 303 412 417 629 225 121 759 141 323 429 619 477 341 603 639 787 298 908 78 264 778 0 611 145 83 513 668 642 414 613 130 285 611 312 309 418 760 256 104 621 382 385 803 523 400 825 445 896 507 316 847 129
925 277 502 994 399 705 870 377 531 730 817 752 607 487 606 571 222 275 513 507 175 835 422 556 815 791 206 476 734 875 478 613 542 1007 809 574 545 505 621 414 643 784 594 621 720 331 770 848 745 627 945 105 467 519 810 542 636 742 611 0 589 624 123 57 868 448 918 726 422 686 743 537 201 178 625 646 761 803 922 534 744 213 440 948 313 177 320 777 539
757 721 116 416 367 671 424 893 185 209 228 463 538 404 479 203 698 639 199 453 544 247 411 84 257 213 391 335 183 622 763 225 408 423 677 446 452 413 540 501 488 196 24 627 147 368 295 477 335 195 478 593 679 164 767 178 121 636 145 589 0 228 475 643 501 293 482 167 191 467 195 426 388 715 393 250 475 268 336 685 379 397 726 374 844 452 350 706 59
984 826 310 539 265 884 638 979 400 420 320 692 340 602 694 426 789 759 113 284 515 319 286 156 433 370 468 533 175 850 918 453 617 528 901 658 659 245 337 372 707 286 204 831 204 310 511 702 560 424 683 665 844 374 985 91 347 857 83 624 228 0 538 681 725 483 695 183 347 692 393 244 442 784 176 26 704 461 443 866 606 411 878 510 921 542 311 924 203
825 297 382 873 350 618 746 441 407 607 703 635 584 375 498 448 254 254 425 475 209 723 386 451 693 672 84 357 630 764 451 490 429 888 711 465 438 464 597 405 535 671 482 535 611 279 646 728 622 503 821 126 416 395 726 450 515 644 513 123 475 538 0 171 748 326 796 620 300 572 621 497 95 247 569 562 644 680 804 473 622 143 410 827 383 63 258 686 428
940 246 553 1044 455 715 910 326 576 778 871 783 656 515 630 616 190 262 570 558 219 890 475 612 865 843 255 511 791 900 460 657 570 1059 825 600 569 559 670 462 668 839 648 630 776 387 814 883 785 672 986 103 460 566 817 599 686 757 668 57 643 681 171 0 902 487 957 782 472 713 792 591 255 132 680 703 791 851 975 531 781 270 425 999 261 215 376 787 593
329 830 469 442 833 409 123 1003 385 312 505 129 1035 393 310 340 842 738 694 942 916 530 883 583 348 409 679 391 609 173 725 298 339 484 316 323 357 903 1038 965 277 513 523 436 558 807 220 23 166 314 162 809 631 410 442 678 379 329 642 868 501 725 748 902 0 422 108 590 508 213 348 921 710 900 894 745 126 301 470 583 133 763 709 410 983 690 780 387 544
556 476 179 599 468 408 422 655 123 320 482 317 705 119 228 145 468 385 396 596 496 508 519 332 416 417 256 54 476 462 475 178 146 623 453 190 181 565 712 587 254 460 313 348 435 422 334 402 298 204 498 403 388 133 514 399 253 397 414 448 293 483 326 487 422 0 470 459 141 269 347 591 289 510 607 509 328 389 551 392 296 349 441 551 618 272 393 458 285
430 908 475 344 836 516 57 1084 404 275 439 223 1020 465 401 359 915 815 680 934 947 462 884 566 282 348 721 449 560 276 819 315 415 386 425 407 440 894 1021 970 371 454 501 538 511 819 186 106 175 317 54 869 724 426 551 660 363 436 613 918 482 695 796 957 108 470 0 542 530 306 303 909 746 968 869 712 224 241 385 680 178 792 801 317 1060 742 794 495 532
881 882 283 356 425 823 488 1050 345 278 137 584 522 567 631 353 855 803 242 466 650 137 455 169 265 199 539 499 19 736 930 363 566 346 814 601 611 426 518 546 635 104 149 785 32 452 370 568 434 326 522 743 846 328 913 209 241 780 130 726 167 183 620 782 590 459 542 0 355 604 242 427 527 866 354 189 595 301 260 851 488 519 893 328 998 606 443 850 196
688 530 82 572 337 549 475 703 125 309 412 425 567 259 367 170 508 448 255 461 419 434 388 204 393 372 216 194 369 580 580 214 285 588 589 329 323 428 574 463 389 383 205 489 337 301 360 485 356 215 546 410 501 104 655 261 214 535 285 422 191 347 300 472 508 141 530 355 0 394 320 453 227 530 466 374 436 382 506 518 375 263 542 526 656 268 273 598 162
295 621 389 580 731 237 287 791 295 352 564 83 959 198 97 265 636 530 629 854 760 592 782 536 431 471 516 222 623 194 513 243 143 617 210 115 149 820 965 854 64 558 491 237 574 690 291 203 211 278 355 615 419 322 311 623 363 177 611 686 467 692 572 713 213 269 306 604 394 0 393 844 554 698 842 716 87 385 576 374 158 617 496 538 774 511 660 248 490
650 822 241 254 563 626 247 1000 227 41 171 356 724 421 444 203 810 732 391 645 724 199 606 276 72 79 537 364 260 499 811 183 399 276 594 423 443 605 724 696 437 169 210 606 210 560 128 326 198 147 290 725 718 230 704 367 106 571 312 743 195 393 621 792 348 347 303 242 320 393 0 616 546 842 568 409 366 72 205 704 255 571 780 208 960 584 540 641 253
1139 792 459 783 147 997 851 915 552 635 564 863 115 706 820 591 744 749 228 46 381 563 115 342 666 606 459 645 420 1023 938 628 738 773 1043 782 772 32 121 160 843 529 408 929 446 217 722 898 755 608 904 612 884 525 1105 249 546 988 309 537 426 244 497 591 921 591 909 427 453 844 616 0 417 715 109 243 875 688 688 924 793 353 896 753 851 529 241 1050 378
825 388 304 794 269 636 694 537 345 537 616 607 512 366 492 389 348 334 329 401 207 634 310 358 618 591 46 332 537 748 521 433 415 806 714 456 434 384 524 346 526 583 393 557 520 200 585 689 571 440 767 222 472 329 746 354 440 650 418 201 388 442 95 255 710 289 746 527 227 554 546 417 0 343 481 466 617 609 721 520 580 73 480 750 479 112 175 700 337
892 129 613 1097 575 656 926 200 616 822 941 775 785 506 606 651 78 183 671 685 351 962 600 697 914 901 326 520 876 872 355 688 561 1115 777 582 549 683 799 592 644 911 724 573 855 505 844 884 804 709 1003 122 376 611 751 697 737 710 760 178 715 784 247 132 900 510 968 866 530 698 842 715 343 0 800 807 781 893 1035 451 790 377 325 1050 138 262 490 729 671
1137 867 453 708 225 1016 812 1000 547 594 490 851 170 726 831 580 822 815 213 156 479 486 210 312 609 546 519 661 343 1011 995 611 750 693 1047 794 789 132 165 269 849 458 371 954 378 294 684 871 728 586 859 690 933 519 1121 220 515 998 256 625 393 176 569 680 894 607 869 354 466 842 568 109 481 800 0 165 863 637 612 966 771 426 953 682 937 592 311 1063 355
1007 851 336 544 279 910 655 1003 425 437 325 714 333 628 719 450 814 785 137 286 533 322 295 181 446 382 493 559 179 872 944 476 643 531 925 684 685 248 329 380 732 293 226 857 213 328 529 721 580 446 698 688 871 400 1010 117 368 881 104 646 250 26 562 703 745 509 712 189 374 716 409 243 466 807 165 0 726 476 448 892 628 433 904 517 945 567 330 949 228
285 707 415 522 772 297 213 878 323 325 536 12 991 277 184 285 721 616 653 890 824 563 823 552 390 440 582 287 614 147 599 251 222 561 231 200 234 854 995 900 150 536 499 314 564 737 248 118 168 280 275 695 505 350 350 643 360 223 621 761 475 704 644 791 126 328 224 595 436 87 366 875 617 781 863 726 0 342 530 457 111 676 583 483 860 584 709 290 507
618 865 306 212 635 622 189 1045 277 72 203 333 795 446 449 244 857 773 464 718 792 228 679 349 48 108 597 397 318 463 837 213 416 242 574 434 458 677 795 769 436 214 282 611 270 632 94 282 175 185 222 779 742 285 690 439 170 559 382 803 268 461 680 851 301 389 241 301 382 385 72 688 609 893 637 476 342 0 191 721 232 637 809 166 1007 639 611 628 325
797 1023 423 96 676 813 347 1200 429 239 124 522 781 625 639 408 1008 934 491 726 878 125 711 392 146 135 719 570 268 641 1016 387 601 88 762 622 644 686 777 802 627 159 337 801 243 693 284 454 366 353 344 916 923 428 880 460 300 749 385 922 336 443 804 975 470 551 385 260 506 576 205 688 721 1035 612 448 530 191 0 907 422 733 986 80 1157 774 678 818 392
462 332 572 931 781 222 660 466 507 667 860 457 1028 287 282 511 374 272 767 915 680 887 827 721 761 782 474 353 868 489 147 521 305 963 355 289 263 893 1038 867 309 843 706 154 826 717 637 576 565 558 729 432 75 523 303 777 630 295 803 534 685 866 473 531 583 392 680 851 518 374 704 924 520 451 966 892 457 721 907 0 523 593 147 886 471 418 689 292 676
394 732 337 422 701 394 141 909 251 214 425 101 908 288 240 207 737 638 567 812 784 452 751 459 280 329 551 271 507 247 655 166 240 459 342 238 270 774 911 832 218 425 402 394 456 674 138 110 57 185 216 692 559 277 458 553 259 327 523 744 379 606 622 781 133 296 178 488 375 158 255 793 580 790 771 628 111 232 422 523 0 631 633 380 883 567 647 396 417
894 440 331 811 206 708 738 576 387 566 621 666 444 434 560 432 395 396 300 333 155 636 243 352 641 607 120 395 526 811 589 477 482 820 784 523 502 320 456 273 592 586 397 630 516 135 623 741 617 479 809 264 544 367 818 329 466 721 400 213 397 411 143 270 763 349 792 519 263 617 571 353 73 377 426 433 676 637 733 593 631 0 547 768 515 179 115 771 341
609 197 610 1022 749 369 774 319 564 748 923 580 991 362 399 578 246 165 770 880 604 949 790 746 843 855 437 416 909 630 41 598 398 1051 502 395 363 864 1003 815 432 902 744 297 872 680 733 700 668 632 847 335 79 574 447 786 694 441 825 440 726 878 410 425 709 441 801 893 542 496 780 896 480 325 953 904 583 809 986 147 633 547 0 975 326 368 655 439 705
739 1028 445 47 730 774 286 1207 434 231 191 476 850 612 610 406 1017 937 547 789 918 199 768 440 136 161 743 562 338 583 1003 378 581 79 712 597 622 749 847 859 594 223 380 770 306 740 249 396 327 348 272 933 908 438 834 517 313 706 445 948 374 510 827 999 410 551 317 328 526 538 208 753 750 1050 682 517 483 166 80 886 380 768 975 0 1167 791 724 773 433
931 152 738 1214 712 691 1022 66 732 937 1068 854 917 594 677 763 150 244 808 819 479 1090 735 830 1031 1022 459 620 1009 934 342 797 645 1235 820 660 626 818 931 723 715 1039 854 613 986 642 950 969 903 822 1099 257 397 730 773 834 857 756 896 313 844 921 383 261 983 618 1060 998 656 774 960 851 479 138 937 945 860 1007 1157 471 883 515 326 1167 0 392 628 763 802
762 284 350 838 381 555 694 444 363 567 678 575 623 313 436 401 250 223 429 512 270 699 422 439 656 639 74 299 617 702 410 441 367 855 648 402 375 496 635 451 472 648 462 473 594 312 599 671 570 458 770 142 365 354 664 452 478 581 507 177 452 542 63 215 690 272 742 606 268 511 584 529 112 262 592 567 584 639 774 418 567 179 368 791 392 0 287 623 410
949 556 318 764 94 782 737 690 395 544 559 697 339 496 618 440 510 508 207 226 207 571 138 286 606 563 218 444 447 850 697 483 536 767 844 580 564 208 350 194 646 523 343 708 446 29 614 757 623 476 803 379 645 371 892 239 443 784 316 320 350 311 258 376 780 393 794 443 273 660 540 241 175 490 311 330 709 611 678 689 647 115 655 724 628 287 0 841 291
169 619 614 812 923 73 498 759 524 600 812 296 1163 345 232 502 654 546 850 1053 893 840 973 768 675 719 655 404 869 238 435 487 312 851 77 269 277 1023 1170 1033 217 807 730 157 820 871 534 391 452 524 549 684 366 549 63 848 609 70 847 777 706 924 686 787 387 458 495 850 598 248 641 1050 700 729 1063 949 290 628 818 292 396 771 439 773 763 623 841 0 721
784 685 107 474 310 681 475 854 196 264 279 495 491 402 490 225 658 607 149 401 486 296 354 47 316 272 345 333 209 655 743 256 414 480 698 455 457 361 494 444 503 246 55 630 184 309 346 520 378 231 532 549 662 171 781 135 169 653 129 539 59 203 428 593 544 285 532 196 162 490 253 378 337 671 355 228 507 325 392 676 417 341 705 433 802 410 291 721 0
