126
0 277 624 675 736 640 573 819 346 717 291 750 948 853 334 291 516 819 270 202 489 545 857 437 133 634 398 534 941 572 684 664 919 927 503 431 490 777 528 725 299 655 718 412 556 834 400 663 477 263 1133 686 764 480 837 586 950 940 657 291 724 754 527 1033 562 866 290 735 99 780 817 141 897 647 796 834 896 1104 672 816 410 567 619 262 864 224 585 589 957 769 646 464 589 369 672 235 659 773 615 605 870 675 551 621 425 815 1081 1072 248 772 869 770 444 293 744 670 541 908 860 883 1124 571 575 840 981 1233
277 0 349 607 737 365 643 610 153 487 400 516 715 797 414 175 414 645 47 86 221 297 733 229 371 606 122 272 753 379 677 493 764 798 282 478 327 503 251 466 55 386 541 249 285 708 490 386 408 432 940 637 517 203 805 628 746 762 701 49 620 776 311 807 487 680 247 543 354 556 669 388 626 442 700 795 625 870 610 747 496 485 360 285 634 261 324 423 745 638 385 422 312 122 678 174 690 526 506 660 820 421 519 396 228 542 884 877 68 778 593 495 184 345 579 598 281 649 793 752 898 302 340 665 774 1017
624 349 0 747 925 16 900 528 374 393 713 400 553 917 711 451 570 624 371 434 204 264 775 353 719 788 226 116 684 419 867 523 754 821 332 744 446 218 101 158 346 189 542 421 163 752 780 58 601 764 838 792 359 158 951 866 648 711 931 333 712 980 348 649 648 631 528 516 704 454 689 737 343 426 787 934 341 687 754 860 783 639 235 587 495 578 97 488 627 689 103 635 86 307 880 486 912 366 623 904 944 277 716 357 369 194 779 778 378 966 247 205 189 643 590 734 117 415 901 781 731 174 312 639 664 859
675 607 747 0 195 751 311 410 458 443 430 468 567 189 380 440 194 308 562 578 555 483 220 417 623 94 636 765 420 331 151 259 323 286 416 293 308 702 675 905 555 597 282 366 584 205 364 732 205 511 580 50 526 628 205 247 469 392 266 655 96 261 399 599 121 364 396 328 650 443 239 639 742 354 131 191 744 680 11 142 356 122 532 412 505 451 800 263 501 177 842 210 661 517 179 473 238 529 124 281 212 526 133 411 407 894 549 536 668 232 876 707 717 390 255 13 776 665 188 252 668 574 440 320 500 727
736 737 925 195 0 930 214 601 600 639 452 664 755 183 404 561 355 490 689 689 725 664 358 579 652 137 788 930 588 518 59 455 471 405 592 305 478 895 845 1083 689 785 477 518 762 354 352 915 335 515 722 145 722 794 125 165 644 554 124 786 278 67 578 776 276 543 497 522 686 638 410 663 937 548 261 137 940 856 185 195 343 285 719 488 697 526 969 452 680 354 1016 315 839 667 64 578 101 725 314 171 181 718 218 602 566 1081 702 688 789 41 1067 900 872 444 446 208 940 860 211 388 837 755 626 499 673 879
640 365 16 751 930 0 909 523 386 389 726 394 544 920 723 463 576 621 386 449 213 268 774 361 734 794 242 132 678 422 873 523 751 819 338 754 452 205 115 154 360 184 541 430 167 752 791 44 608 777 830 796 352 171 955 874 641 706 939 349 714 987 352 639 654 626 540 514 719 449 687 752 328 425 789 937 326 676 758 863 794 645 233 600 488 591 109 491 620 689 107 643 90 320 886 499 920 359 627 913 947 273 723 357 378 180 771 770 395 972 231 191 205 655 589 738 133 403 903 779 720 177 314 636 657 849
573 643 900 311 214 909 0 702 535 698 281 729 863 391 243 474 361 614 597 576 696 661 525 548 468 217 722 878 731 544 193 526 633 585 584 164 473 921 808 1053 605 797 566 479 748 514 172 904 311 325 890 277 780 751 339 63 777 704 96 690 408 198 580 904 307 671 396 609 506 718 550 477 990 598 427 349 992 986 300 386 163 321 732 361 792 393 924 492 807 487 978 271 821 606 164 469 112 785 379 42 393 749 222 635 531 1077 860 847 681 233 1083 923 806 305 551 319 889 933 414 557 977 746 638 628 809 1038
819 610 528 410 601 523 702 0 479 137 696 128 161 502 659 528 370 126 583 638 423 325 301 388 833 498 555 604 157 246 562 183 240 323 327 616 333 378 508 664 559 338 135 407 398 287 685 485 431 780 332 459 179 493 562 642 136 183 675 640 323 669 300 220 398 107 548 96 844 74 214 853 366 172 363 539 369 299 421 449 681 384 302 605 95 629 615 246 138 253 630 473 452 487 589 585 647 175 322 680 529 250 481 215 397 600 274 269 677 633 548 390 607 624 155 398 612 268 475 293 309 378 273 131 164 414
346 153 374 458 600 386 535 479 0 371 341 403 602 647 336 80 264 500 113 159 180 204 580 91 393 466 189 342 613 237 540 345 615 645 156 374 174 462 277 521 98 331 395 96 246 555 405 391 266 400 803 491 418 219 659 509 613 618 580 199 466 646 181 688 339 539 154 403 392 435 518 413 570 307 547 648 570 757 461 596 409 336 283 215 518 213 388 272 617 485 444 287 306 70 545 129 566 427 353 545 671 334 382 274 82 564 749 741 219 642 591 458 273 269 430 448 353 567 642 599 779 254 228 520 643 892
717 487 393 443 639 389 698 137 371 0 637 35 231 575 607 432 339 234 466 526 288 193 399 280 749 516 422 467 295 168 590 183 363 436 214 584 259 270 370 534 440 204 173 317 261 379 647 353 397 716 466 493 83 357 625 644 269 319 690 514 374 704 190 319 392 238 468 134 755 70 309 769 299 99 436 604 301 386 453 518 645 378 164 530 147 548 478 205 260 326 495 441 315 366 613 489 664 88 329 684 603 115 477 96 293 483 407 403 553 675 445 278 470 561 217 430 475 236 552 399 411 240 147 248 293 529
291 400 713 430 452 726 281 696 341 637 0 672 849 589 50 263 330 654 360 321 522 525 639 396 200 368 503 663 781 469 404 515 724 709 455 148 377 795 613 852 378 663 569 333 586 619 109 732 272 85 966 428 707 555 562 296 808 768 366 443 502 464 465 916 339 709 189 600 234 682 624 213 891 543 560 562 892 996 424 560 118 350 605 126 767 139 713 450 827 565 773 238 648 406 388 231 369 715 412 313 602 644 296 549 378 905 923 912 424 485 932 792 580 77 578 429 673 865 601 669 1002 592 526 673 841 1092
750 516 400 468 664 394 729 128 403 35 672 0 199 593 642 466 372 239 497 558 312 220 409 314 784 544 446 480 283 203 617 209 364 441 246 618 294 258 386 536 470 210 191 351 278 390 682 357 430 751 447 518 60 377 645 675 252 312 719 541 395 730 224 290 422 233 503 149 789 54 319 804 273 132 453 624 276 355 479 537 680 408 180 565 117 583 489 238 238 342 502 474 326 396 641 523 692 61 357 715 620 123 508 130 326 477 388 385 582 700 432 268 490 596 233 455 488 203 569 406 381 257 177 250 273 502
948 715 553 567 755 544 863 161 602 231 849 199 0 639 815 661 529 265 697 757 506 418 428 511 976 657 639 651 208 386 719 342 337 428 445 776 477 357 563 663 670 375 297 544 462 419 844 500 590 932 294 615 205 564 704 803 145 251 833 739 476 822 421 96 559 218 692 256 983 170 350 996 291 309 506 681 295 155 579 590 841 545 367 752 84 773 649 400 105 401 648 632 495 595 747 719 805 196 483 841 664 304 643 327 523 571 238 242 780 784 499 371 675 776 313 556 657 177 609 411 184 441 377 260 139 310
853 797 917 189 183 920 391 502 647 575 589 593 639 0 538 630 383 378 751 767 733 653 212 601 788 221 822 945 449 498 199 402 320 240 593 442 491 844 852 1074 744 754 402 554 755 219 503 896 393 663 557 167 653 808 72 333 511 409 306 845 206 234 572 642 310 421 582 444 819 555 289 802 863 502 140 50 865 717 188 57 494 311 691 592 596 631 978 429 550 251 1016 393 831 705 227 661 281 654 301 349 27 674 302 567 592 1050 545 531 858 187 1020 852 902 562 360 199 956 770 32 236 691 743 605 379 536 717
334 414 711 380 404 723 243 659 336 607 50 642 815 538 0 261 290 611 371 340 514 509 591 380 250 317 509 669 739 439 355 477 677 661 435 99 349 779 613 855 385 648 530 315 576 571 76 726 230 132 922 377 680 555 512 251 767 724 323 459 454 419 443 879 293 667 183 563 282 649 578 263 870 512 510 513 871 959 374 510 83 304 588 129 733 154 718 415 788 519 776 194 642 404 340 240 324 688 367 272 551 622 247 523 362 900 880 868 445 438 922 777 589 69 536 380 679 839 550 621 964 581 505 630 801 1051
291 175 451 440 561 463 474 528 80 432 263 466 661 630 261 0 253 531 128 138 260 280 589 154 320 432 250 409 651 281 502 376 638 657 222 309 200 541 351 593 132 410 429 121 326 565 333 469 237 320 843 467 487 293 633 454 659 652 527 225 465 601 242 743 319 576 79 444 323 491 538 340 647 357 543 624 647 816 442 582 337 320 359 136 576 133 457 300 666 496 515 247 385 143 503 57 515 495 351 488 651 407 345 336 140 642 791 782 229 602 671 537 332 192 458 432 419 639 628 612 834 334 296 553 690 942
516 414 570 194 355 576 361 370 264 339 330 372 529 383 290 253 0 323 369 392 370 312 341 226 493 218 442 577 451 182 296 187 405 410 238 247 124 562 490 728 361 442 239 171 409 317 315 563 61 416 638 230 420 440 398 313 477 440 369 462 212 410 227 589 79 378 226 274 513 369 303 512 628 240 289 385 630 670 198 332 312 73 376 263 450 297 615 134 497 252 660 103 485 323 309 294 347 426 98 353 407 387 149 273 214 732 593 582 477 396 728 565 524 265 247 184 587 575 378 366 673 403 281 343 511 761
819 645 624 308 490 621 614 126 500 234 654 239 265 378 611 531 323 0 611 657 488 390 175 415 813 401 613 687 127 265 457 155 130 201 367 552 331 497 589 769 591 438 104 413 479 160 624 587 381 739 315 353 297 564 440 552 163 120 575 682 213 557 339 291 326 57 533 110 830 190 88 833 493 213 241 417 496 372 319 326 619 313 390 581 219 611 705 231 193 136 727 418 543 525 486 585 546 295 248 588 404 349 402 277 419 716 269 258 713 519 670 507 676 589 76 297 696 394 349 168 363 461 334 21 195 439
270 47 371 562 689 386 597 583 113 466 360 497 697 751 371 128 369 611 0 67 219 282 692 197 349 559 147 305 722 347 630 458 728 758 256 432 288 508 271 497 29 385 507 208 286 668 446 403 361 398 911 591 503 217 758 581 719 729 654 96 577 729 283 786 441 649 200 512 337 534 632 368 626 413 657 748 626 852 564 702 451 440 351 242 614 220 356 386 720 598 417 374 324 102 631 130 643 512 463 613 774 410 472 372 192 565 856 849 107 730 610 501 220 301 543 553 315 641 748 712 878 301 319 632 748 994
202 86 434 578 689 449 576 638 159 526 321 558 757 767 340 138 392 657 67 0 286 346 725 250 285 564 207 359 772 396 630 502 769 793 313 413 327 575 334 553 97 453 553 245 353 701 416 468 373 347 963 602 566 282 767 567 773 777 641 123 603 723 339 845 457 698 191 562 271 592 671 303 694 467 682 759 694 913 579 720 423 458 417 215 674 185 410 428 776 632 472 378 390 167 628 110 633 576 489 597 788 475 476 431 242 627 908 901 105 729 675 568 270 273 586 570 368 707 766 747 937 369 380 678 803 1051
489 221 204 555 725 213 696 423 180 288 522 312 506 733 514 260 370 488 219 286 0 99 615 149 560 588 134 212 576 242 667 358 617 670 140 541 248 290 120 359 189 166 391 217 68 591 580 212 397 580 754 597 302 77 760 662 558 594 727 235 532 779 163 600 449 510 333 378 552 359 536 579 407 275 611 745 407 658 561 677 582 441 141 395 428 392 245 307 549 523 290 430 127 125 678 304 709 311 433 700 759 204 513 212 165 386 696 692 279 767 410 284 187 448 437 543 222 427 720 626 690 82 154 507 582 813
545 297 264 483 664 268 661 325 204 193 525 220 418 653 509 280 312 390 282 346 99 0 522 130 598 528 230 302 478 155 607 265 519 575 77 517 190 270 204 422 254 139 294 194 101 498 566 250 351 594 657 528 220 174 686 620 460 495 680 321 449 722 85 510 388 411 338 279 596 263 441 618 368 177 526 669 368 572 490 596 567 378 80 404 337 410 327 224 454 432 362 390 177 180 622 333 659 230 358 660 680 130 461 113 147 420 599 594 362 705 422 268 286 449 341 470 311 363 638 532 601 91 55 408 486 722
857 733 775 220 358 774 525 301 580 399 639 409 428 212 591 589 341 175 692 725 615 522 0 510 823 310 726 824 237 374 342 257 112 70 480 511 405 667 727 926 678 596 233 484 620 24 582 744 382 723 366 248 468 692 281 462 298 198 464 776 137 422 453 429 302 210 567 265 847 363 90 841 668 349 99 258 671 506 229 169 575 293 540 599 392 635 848 314 337 95 877 404 690 622 373 634 436 467 242 491 237 509 349 418 507 883 344 330 800 379 841 677 799 589 185 216 834 569 182 31 482 604 468 172 323 521
437 229 353 417 579 361 548 388 91 280 396 314 511 601 380 154 226 415 197 250 149 130 510 0 475 442 221 350 525 150 520 264 535 572 67 396 110 399 266 509 175 267 311 69 201 485 440 356 248 464 714 456 332 214 622 512 523 533 578 268 408 631 90 597 305 452 209 315 477 344 442 495 497 217 489 608 497 667 422 547 442 299 210 274 427 282 390 196 526 415 438 281 273 112 530 211 560 341 300 551 626 253 365 184 18 530 659 652 298 621 544 397 301 319 349 405 361 484 592 527 688 202 141 436 553 801
133 371 719 623 652 734 468 833 393 749 200 784 976 788 250 320 493 813 349 285 560 598 823 475 0 567 493 641 940 590 604 664 899 894 542 348 500 850 620 835 377 722 719 432 628 802 301 753 443 144 1129 625 807 567 762 492 957 932 559 397 686 660 561 1053 521 865 285 743 39 805 797 20 962 667 750 763 962 1128 618 757 311 530 676 232 891 204 692 591 970 742 754 419 673 435 588 264 565 816 586 505 801 727 491 654 460 913 1082 1072 360 683 960 844 551 234 737 621 649 959 799 852 1143 640 616 834 990 1243
634 606 788 94 137 794 217 498 466 516 368 544 657 221 317 432 218 401 559 564 588 528 310 442 567 0 652 793 514 385 79 335 416 373 455 222 341 765 708 946 557 652 366 382 626 297 287 779 200 444 672 64 600 656 204 153 562 486 177 656 190 194 443 692 140 457 374 410 598 524 333 581 815 422 214 200 817 773 83 194 279 149 586 375 591 415 832 321 594 271 878 186 703 532 97 455 149 604 187 187 236 588 88 472 429 946 643 629 662 178 936 769 736 341 343 103 804 745 233 342 762 619 492 413 594 821
398 122 226 636 788 242 722 555 189 422 503 446 639 822 509 250 442 613 147 207 134 230 726 221 493 652 0 159 707 354 728 473 740 786 248 559 331 390 129 350 126 284 512 271 182 702 583 264 452 545 887 673 434 86 840 699 691 723 769 114 629 835 275 734 520 639 330 504 477 493 653 510 516 400 710 827 514 791 640 768 587 516 273 381 562 364 209 412 683 632 269 476 194 120 734 272 755 444 521 734 847 336 570 342 229 420 829 824 161 830 471 380 84 440 555 625 170 551 813 741 824 203 283 632 716 947
534 272 116 765 930 132 878 604 342 467 663 480 651 945 669 409 577 687 305 359 212 302 824 350 641 793 159 0 762 453 870 567 818 877 352 716 456 332 98 194 285 276 596 412 208 800 742 174 596 703 926 806 449 137 971 851 732 785 920 244 744 980 375 748 656 702 488 577 621 533 742 657 458 478 823 956 456 791 771 889 746 649 302 541 586 524 51 519 716 733 113 624 156 271 879 432 905 457 644 888 971 357 714 411 363 285 867 865 285 972 355 319 90 599 643 753 10 525 933 834 832 227 356 704 752 960
941 753 684 420 588 678 731 157 613 295 781 283 208 449 739 651 451 127 722 772 576 478 237 525 940 514 707 762 0 376 563 277 132 223 470 678 451 522 665 816 700 494 222 531 555 235 750 639 509 867 191 461 329 649 518 668 64 43 684 787 323 654 442 193 452 75 658 210 955 229 181 959 486 311 328 495 490 269 431 406 745 439 459 707 206 737 772 352 106 243 785 545 609 630 593 706 655 323 374 702 472 407 525 365 531 744 142 131 821 612 684 535 762 716 203 411 770 375 418 213 249 535 424 108 86 313
572 379 419 331 518 422 544 246 237 168 469 203 386 498 439 281 182 265 347 396 242 155 374 150 590 385 354 453 376 0 463 118 388 432 106 419 91 381 357 576 325 267 161 160 257 349 481 401 235 549 566 378 243 319 532 495 378 383 548 417 293 579 79 463 248 302 306 166 599 216 298 610 447 77 370 515 448 538 339 441 479 236 201 365 301 386 482 68 385 281 518 278 332 259 481 338 525 250 206 535 525 206 329 91 154 563 512 504 448 558 551 385 424 393 202 318 463 401 482 387 554 245 109 286 409 660
684 677 867 151 59 873 193 562 540 590 404 617 719 199 355 502 296 457 630 630 667 607 342 520 604 79 728 870 563 463 0 407 453 396 534 256 420 842 786 1025 630 731 434 459 705 334 309 858 275 472 708 104 674 734 158 134 615 531 122 727 243 115 522 747 219 512 439 479 638 594 382 617 889 498 242 162 892 827 140 193 300 229 664 432 657 471 910 399 649 322 957 255 782 607 31 520 93 677 262 154 205 665 158 550 507 1025 684 670 730 101 1014 847 812 391 407 164 881 816 221 373 812 698 570 468 646 862
664 493 523 259 455 523 526 183 345 183 515 209 342 402 477 376 187 155 458 502 358 265 257 264 664 335 473 567 277 118 407 0 271 313 224 433 175 445 470 677 439 352 55 257 364 233 502 497 248 600 468 309 267 435 446 469 294 276 510 533 196 520 197 401 219 202 381 86 678 191 180 683 482 100 266 426 484 482 270 344 498 205 291 432 266 460 592 75 311 166 624 290 437 375 431 430 484 270 149 509 429 272 304 166 266 648 418 409 562 492 621 452 542 446 85 246 577 410 382 269 486 349 212 176 327 580
919 764 754 323 471 751 633 240 615 363 724 364 337 320 677 638 405 130 728 769 617 519 112 535 899 416 740 818 132 388 453 271 0 90 492 604 442 619 720 898 709 567 227 524 610 119 677 717 456 809 256 356 419 693 391 569 197 90 576 804 230 535 464 324 384 134 628 241 919 312 102 917 600 342 211 368 604 397 333 281 670 373 521 669 318 702 836 342 238 158 857 485 674 646 484 688 547 415 313 600 342 478 444 407 536 840 231 217 833 491 788 630 805 667 185 317 827 494 288 84 371 591 464 115 218 409
927 798 821 286 405 819 585 323 645 436 709 441 428 240 661 657 410 201 758 793 670 575 70 572 894 373 786 877 223 432 396 313 90 0 538 579 470 698 779 969 742 638 281 550 670 93 650 787 452 793 318 309 498 747 312 522 287 180 518 840 207 466 511 413 372 220 637 305 918 391 134 911 687 399 158 290 690 484 294 210 642 364 586 669 405 705 898 376 328 161 924 475 738 684 428 703 490 496 312 549 260 549 417 467 571 918 304 290 865 420 870 709 856 659 234 283 886 582 208 45 454 653 520 192 307 477
503 282 332 416 592 338 584 327 156 214 455 246 445 593 435 222 238 367 256 313 140 77 480 67 542 455 248 352 470 106 534 224 492 538 0 440 114 345 259 491 231 215 265 121 170 455 491 325 274 527 657 460 264 216 621 543 464 481 604 316 392 648 28 532 315 399 271 262 544 279 405 562 436 159 471 605 436 601 423 537 491 306 152 336 361 347 385 167 464 386 426 313 247 160 548 278 584 273 293 582 619 189 386 118 82 496 601 595 350 633 499 344 319 378 307 404 363 418 580 493 624 165 74 387 492 738
431 478 744 293 305 754 164 616 374 584 148 618 776 442 99 309 247 552 432 413 541 517 511 396 348 222 559 716 678 419 256 433 604 579 440 0 337 784 649 894 441 656 482 326 597 493 72 751 187 221 855 284 663 592 413 158 713 659 231 526 376 323 441 832 226 610 231 520 382 617 509 361 864 485 425 414 865 913 287 416 66 239 592 198 698 233 763 381 737 447 818 144 668 445 241 305 228 669 304 184 454 617 162 509 378 926 817 805 517 340 938 784 642 145 480 295 726 820 456 542 913 598 502 570 747 991
490 327 446 308 478 452 473 333 174 259 377 294 477 491 349 200 124 331 288 327 248 190 405 110 500 341 331 456 451 91 420 175 442 470 114 337 0 449 368 604 272 324 228 82 285 381 395 439 162 457 642 349 331 319 514 430 460 451 490 370 298 534 107 552 202 376 215 245 511 307 344 520 527 168 379 499 528 628 314 437 394 194 258 274 393 296 493 100 471 310 537 202 361 218 433 255 469 338 190 470 517 279 271 173 103 610 590 582 394 520 610 450 411 302 259 296 467 489 482 425 642 279 165 352 492 745
777 503 218 702 895 205 921 378 462 270 795 258 357 844 779 541 562 497 508 575 290 270 667 399 850 765 390 332 522 381 842 445 619 698 345 784 449 0 272 306 478 131 442 464 222 648 836 160 610 861 651 751 200 304 892 875 474 557 930 504 641 958 342 449 630 485 606 404 843 307 577 869 127 347 705 872 126 476 711 787 836 618 192 671 317 674 315 443 446 596 300 651 198 415 862 591 907 203 581 916 872 176 711 292 417 222 593 595 551 933 176 14 387 718 487 688 335 200 822 664 524 209 283 507 484 652
528 251 101 675 845 115 808 508 277 370 613 386 563 852 613 351 490 589 271 334 120 204 727 266 620 708 129 98 665 357 786 470 720 779 259 649 368 272 0 245 245 189 498 332 110 703 682 135 515 663 833 717 359 58 881 776 638 688 843 241 650 898 280 660 569 605 430 479 605 438 645 638 399 380 728 865 398 708 681 796 686 562 206 488 495 477 125 424 624 636 171 546 74 208 797 385 826 368 553 814 879 264 632 313 281 295 774 771 287 887 341 261 116 544 545 663 107 450 839 736 747 130 259 607 659 874
725 466 158 905 1083 154 1053 664 521 534 852 536 663 1074 855 593 728 769 497 553 359 422 926 509 835 946 350 194 816 576 1025 677 898 969 491 894 604 306 245 0 476 331 692 576 321 904 926 181 757 896 956 950 487 302 1109 1021 774 847 1087 437 868 1138 506 755 806 769 672 663 814 589 838 851 405 578 943 1092 402 780 912 1017 930 797 386 728 617 714 142 645 748 842 80 790 244 451 1037 621 1069 493 781 1059 1101 419 873 510 524 132 898 899 477 1124 227 291 283 786 740 892 185 503 1057 930 828 331 468 783 786 957
299 55 346 555 689 360 605 559 98 440 378 470 670 744 385 132 361 591 29 97 189 254 678 175 377 557 126 285 700 325 630 439 709 742 231 441 272 478 245 476 0 355 486 194 256 653 460 376 358 420 888 586 474 190 754 587 695 708 659 100 565 731 259 759 435 627 209 490 366 508 614 395 597 390 646 743 596 825 558 694 465 433 322 256 587 238 335 368 695 583 395 374 296 74 632 146 647 484 452 620 768 381 471 347 173 540 832 826 123 731 582 471 203 315 524 545 295 612 740 697 851 271 293 611 724 968
655 386 189 597 785 184 797 338 331 204 663 210 375 754 648 410 442 438 385 453 166 139 596 267 722 652 284 276 494 267 731 352 567 638 215 656 324 131 189 331 355 0 362 333 102 574 705 149 486 729 651 645 173 200 795 754 460 522 811 395 548 846 216 472 514 442 474 332 716 264 507 741 241 252 618 776 241 519 605 696 706 503 66 539 310 543 279 334 441 514 291 526 120 288 748 460 789 181 473 794 781 89 592 187 285 297 592 591 441 825 286 129 303 586 410 584 282 267 735 599 558 84 161 452 478 685
718 541 542 282 477 541 566 135 395 173 569 191 297 402 530 429 239 104 507 553 391 294 233 311 719 366 512 596 222 161 434 55 227 281 265 482 228 442 498 692 486 362 0 309 389 211 552 511 300 654 414 332 251 468 454 507 239 223 543 579 204 544 237 350 262 147 436 45 733 160 147 738 464 117 263 432 467 431 293 346 548 248 307 487 226 515 617 129 258 153 644 340 458 421 459 484 515 253 186 546 430 277 345 185 314 653 363 354 609 512 618 451 578 500 48 270 605 382 379 239 433 372 239 125 272 525
412 249 421 366 518 430 479 407 96 317 333 351 544 554 315 121 171 413 208 245 217 194 484 69 432 382 271 412 531 160 459 257 524 550 121 326 82 464 332 576 194 333 309 0 270 459 372 425 184 406 722 401 379 278 569 444 538 533 511 295 370 568 133 623 249 456 152 323 439 373 425 452 557 237 451 557 558 697 370 502 373 244 273 217 459 231 453 182 545 390 504 214 342 151 467 177 494 387 258 483 578 310 301 222 52 600 670 661 315 560 612 463 354 256 341 355 423 535 547 504 714 271 193 434 569 821
556 285 163 584 762 167 748 398 246 261 586 278 462 755 576 326 409 479 286 353 68 101 620 201 628 626 182 208 555 257 705 364 610 670 170 597 285 222 110 321 256 102 389 270 0 597 640 155 443 647 725 629 256 102 788 710 529 577 773 293 550 819 185 558 486 494 397 368 621 329 536 647 341 271 627 771 340 611 591 698 642 477 97 460 390 459 228 325 516 531 260 479 76 193 719 372 754 266 460 749 782 158 556 203 218 329 666 663 338 804 346 215 213 511 437 571 217 368 740 628 647 21 152 496 551 772
834 708 752 205 354 752 514 287 555 379 619 390 419 219 571 565 317 160 668 701 591 498 24 485 802 297 702 800 235 349 334 233 119 93 455 493 381 648 703 904 653 574 211 459 597 0 565 722 359 704 376 237 450 668 285 450 294 199 456 751 117 419 429 426 281 201 543 244 825 346 73 819 653 326 93 262 655 504 215 172 558 272 518 576 379 612 825 290 332 70 854 383 667 597 365 610 427 449 219 481 245 488 331 395 482 863 350 336 775 377 823 657 774 568 163 200 810 555 190 50 483 581 444 160 321 528
400 490 780 364 352 791 172 685 405 647 109 682 844 503 76 333 315 624 446 416 580 566 582 440 301 287 583 742 750 481 309 502 677 650 491 72 395 836 682 926 460 705 552 372 640 565 0 792 254 163 928 351 724 624 468 191 785 732 258 536 448 358 495 902 298 682 253 589 338 683 581 312 921 549 494 471 922 983 356 481 9 311 643 204 765 231 790 447 808 519 848 211 708 474 290 316 263 731 376 205 513 673 233 568 422 966 889 877 521 382 984 835 663 145 552 366 752 882 519 613 984 642 557 642 818 1064
663 386 58 732 915 44 904 485 391 353 732 357 500 896 726 469 563 587 403 468 212 250 744 356 753 779 264 174 639 401 858 497 717 787 325 751 439 160 135 181 376 149 511 425 155 722 792 0 598 787 788 778 311 185 934 866 601 669 929 376 690 973 336 596 639 590 544 481 740 411 656 771 285 397 763 916 282 631 739 839 794 629 205 606 446 600 154 470 578 661 148 635 84 328 872 509 909 318 607 905 923 238 711 330 373 174 729 729 422 956 207 146 239 660 559 719 175 358 878 748 676 160 292 601 616 805
477 408 601 205 335 608 311 431 266 397 272 430 590 393 230 237 61 381 361 373 397 351 382 248 443 200 452 596 509 235 275 248 456 452 274 187 162 610 515 757 358 486 300 184 443 359 254 598 0 358 694 230 477 461 397 268 537 496 330 457 246 384 269 650 85 436 192 335 465 429 354 461 682 298 318 387 683 730 205 347 251 90 420 217 511 254 637 193 558 299 686 43 518 331 283 268 311 483 142 308 414 438 117 325 233 770 650 639 466 377 772 612 536 211 305 198 607 633 393 409 733 439 327 400 570 820
263 432 764 511 515 777 325 780 400 716 85 751 932 663 132 320 416 739 398 347 580 594 723 464 144 444 545 703 867 549 472 600 809 793 527 221 457 861 663 896 420 729 654 406 647 704 163 787 358 0 1052 505 784 606 631 353 893 854 417 470 586 519 540 1000 424 794 255 685 183 764 709 152 962 624 642 633 962 1079 505 638 172 435 674 190 849 188 754 534 911 650 815 324 704 459 453 278 425 792 497 362 674 716 378 626 447 957 1009 997 443 545 991 857 616 155 663 511 713 941 677 753 1087 655 600 759 926 1177
1133 940 838 580 722 830 890 332 803 466 966 447 294 557 922 843 638 315 911 963 754 657 366 714 1129 672 887 926 191 566 708 468 256 318 657 855 642 651 833 956 888 651 414 722 725 376 928 788 694 1052 0 613 478 823 629 826 196 198 831 972 485 784 629 213 631 266 849 400 1146 396 346 1148 582 498 465 607 586 238 590 528 922 618 627 897 342 927 931 543 210 409 936 728 771 817 740 898 802 471 555 857 575 569 697 547 721 866 59 62 1008 738 792 665 936 903 392 573 933 468 525 335 187 704 605 295 174 161
686 637 792 50 145 796 277 459 491 493 428 518 615 167 377 467 230 353 591 602 597 528 248 456 625 64 673 806 461 378 104 309 356 309 460 284 349 751 717 950 586 645 332 401 629 237 351 778 230 505 613 0 576 669 167 213 512 431 223 686 139 211 443 643 152 408 416 377 654 493 280 640 792 404 151 157 794 724 40 132 342 157 579 424 554 464 843 310 546 219 886 226 706 553 133 495 194 579 171 243 186 575 135 460 445 941 585 572 696 182 925 756 755 396 303 63 817 715 174 280 710 620 487 364 543 764
764 517 359 526 722 352 780 179 418 83 707 60 205 653 680 487 420 297 503 566 302 220 468 332 807 600 434 449 329 243 674 267 419 498 264 663 331 200 359 487 474 173 251 379 256 450 724 311 477 784 478 576 0 358 705 727 289 361 773 537 455 787 246 302 475 286 532 209 809 107 378 827 215 181 513 684 217 356 537 597 723 461 161 595 137 610 452 288 268 402 459 520 293 400 697 543 748 9 413 767 681 98 560 158 347 420 420 418 579 759 373 211 469 630 293 513 455 158 629 465 390 235 190 306 305 516
480 203 158 628 794 171 751 493 219 357 555 377 564 808 555 293 440 564 217 282 77 174 692 214 567 656 86 137 649 319 734 435 693 747 216 592 319 304 58 302 190 200 468 278 102 668 624 185 461 606 823 669 358 0 833 721 626 668 789 200 608 845 240 660 519 584 371 453 554 426 613 585 429 351 687 818 428 713 633 752 628 512 198 430 490 420 175 383 615 600 227 491 109 150 744 327 772 368 507 758 834 260 579 287 227 351 764 760 247 835 392 294 113 486 514 616 148 467 796 704 749 123 229 582 650 874
837 805 951 205 125 955 339 562 659 625 562 645 704 72 512 633 398 440 758 767 760 686 281 622 762 204 840 971 518 532 158 446 391 312 621 413 514 892 881 1109 754 795 454 569 788 285 468 934 397 631 629 167 705 833 0 287 579 479 249 854 250 167 603 711 320 486 578 497 795 610 353 775 918 546 198 23 920 787 200 114 459 324 731 580 657 619 1006 464 618 308 1047 388 864 721 180 658 227 707 328 297 59 719 292 608 612 1092 617 603 862 119 1067 899 922 544 414 217 982 829 104 306 762 777 641 444 605 790
586 628 866 247 165 874 63 642 509 644 296 675 803 333 251 454 313 552 581 567 662 620 462 512 492 153 699 851 668 495 134 469 569 522 543 158 430 875 776 1021 587 754 507 444 710 450 191 866 268 353 826 213 727 721 287 0 714 640 74 676 344 167 537 842 252 609 380 551 528 661 487 503 939 546 364 295 941 924 237 326 181 266 687 355 733 391 896 440 745 424 948 231 785 580 107 458 72 732 321 40 338 701 167 585 496 1039 797 783 672 192 1040 878 783 303 491 256 862 878 355 493 914 707 593 566 746 975
950 746 648 469 644 641 777 136 613 269 808 252 145 511 767 659 477 163 719 773 558 460 298 523 957 562 691 732 64 378 615 294 197 287 464 713 460 474 638 774 695 460 239 538 529 294 785 601 537 893 196 512 289 626 579 714 0 107 735 777 373 710 436 132 488 105 673 215 970 200 233 977 429 306 385 556 432 212 480 466 780 474 432 726 156 753 739 366 41 293 748 576 578 623 645 715 706 282 409 750 535 375 565 351 531 695 138 133 814 669 631 488 740 740 233 459 740 316 480 276 200 508 409 148 33 285
940 762 711 392 554 706 704 183 618 319 768 312 251 409 724 652 440 120 729 777 594 495 198 533 932 486 723 785 43 383 531 276 90 180 481 659 451 557 688 847 708 522 223 533 577 199 732 669 496 854 198 431 361 668 479 640 107 0 653 798 296 619 453 234 434 83 653 219 949 258 153 951 526 323 292 456 529 308 403 368 726 421 483 700 244 731 798 351 149 216 813 530 635 640 562 706 624 356 357 673 432 433 503 381 537 779 158 145 830 576 721 569 781 705 196 384 793 416 378 173 283 557 440 99 127 335
657 701 931 266 124 939 96 675 580 690 366 719 833 306 323 527 369 575 654 641 727 680 464 578 559 177 769 920 684 548 122 510 576 518 604 231 490 930 843 1087 659 811 543 511 773 456 258 929 330 417 831 223 773 789 249 74 735 653 0 750 362 102 596 866 300 631 454 587 596 700 503 569 987 593 365 261 989 947 255 311 249 313 745 429 768 465 964 489 768 442 1015 297 849 650 91 531 28 778 361 55 305 754 219 638 562 1100 806 793 745 137 1097 933 854 377 520 278 931 920 333 495 933 769 650 587 766 985
291 49 333 655 786 349 690 640 199 514 443 541 739 845 459 225 462 682 96 123 235 321 776 268 397 656 114 244 787 417 727 533 804 840 316 526 370 504 241 437 100 395 579 295 293 751 536 376 457 470 972 686 537 200 854 676 777 798 750 0 665 826 345 831 535 715 296 578 377 584 711 413 630 476 746 843 628 892 658 795 542 533 376 332 659 305 295 464 774 681 357 471 308 157 728 221 739 546 553 708 868 439 569 426 269 523 915 909 46 827 580 495 154 391 618 646 252 661 840 795 923 312 368 703 804 1043
724 620 712 96 278 714 408 323 466 374 502 395 476 206 454 465 212 213 577 603 532 449 137 408 686 190 629 744 323 293 243 196 230 207 392 376 298 641 650 868 565 548 204 370 550 117 448 690 246 586 485 139 455 608 250 344 373 296 362 665 0 346 369 503 165 269 435 248 711 363 142 704 669 296 80 230 671 584 107 148 441 157 485 464 419 501 775 225 406 80 811 267 625 517 272 506 333 457 114 378 233 469 214 361 402 844 453 440 684 310 817 648 707 452 169 88 755 585 189 167 571 537 399 224 404 631
754 776 980 261 67 987 198 669 646 704 464 730 822 234 419 601 410 557 729 723 779 722 422 631 660 194 835 980 654 579 115 520 535 466 648 323 534 958 898 1138 731 846 544 568 819 419 358 973 384 519 784 211 787 845 167 167 710 619 102 826 346 0 636 843 333 610 532 589 696 704 477 670 1003 612 326 184 1005 922 251 256 348 344 780 515 764 553 1021 514 747 421 1069 358 896 714 101 612 95 790 377 157 226 781 266 665 617 1140 766 752 825 47 1129 962 919 467 514 274 991 926 265 451 903 813 686 566 739 942
527 311 348 399 578 352 580 300 181 190 465 224 421 572 443 242 227 339 283 339 163 85 453 90 561 443 275 375 442 79 522 197 464 511 28 441 107 342 280 506 259 216 237 133 185 429 495 336 269 540 629 443 246 240 603 537 436 453 596 345 369 636 0 506 303 370 285 233 565 253 377 581 427 131 448 587 428 576 406 516 495 293 151 350 336 363 405 144 437 360 444 309 262 188 537 299 575 255 275 577 599 179 377 93 102 504 573 566 379 619 502 343 345 388 280 386 385 402 558 466 598 176 61 359 465 711
1033 807 649 599 776 639 904 220 688 319 916 290 96 642 879 743 589 291 786 845 600 510 429 597 1053 692 734 748 193 463 747 401 324 413 532 832 552 449 660 755 759 472 350 623 558 426 902 596 650 1000 213 643 302 660 711 842 132 234 866 831 503 843 506 0 609 234 768 316 1062 253 366 1073 370 386 518 688 374 81 610 598 898 595 462 825 172 849 745 466 97 424 743 691 592 685 776 800 837 292 531 879 666 400 689 414 607 658 163 171 872 802 581 463 771 845 354 588 753 258 611 407 91 537 466 279 106 214
562 487 648 121 276 654 307 398 339 392 339 422 559 310 293 319 79 326 441 457 449 388 302 305 521 140 520 656 452 248 219 219 384 372 315 226 202 630 569 806 435 514 262 249 486 281 298 639 85 424 631 152 475 519 320 252 488 434 300 535 165 333 303 609 0 384 277 303 545 410 285 539 687 294 233 308 689 691 123 263 292 14 447 300 485 337 694 188 513 226 739 102 563 401 234 353 276 480 78 292 333 453 85 337 293 807 591 579 547 318 799 633 603 287 255 113 667 626 309 331 688 479 353 344 521 765
866 680 631 364 543 626 671 107 539 238 709 233 218 421 667 576 378 57 649 698 510 411 210 452 865 457 639 702 75 302 512 202 134 220 399 610 376 485 605 769 627 442 147 456 494 201 682 590 436 794 266 408 286 584 486 609 105 83 631 715 269 610 370 234 384 0 583 137 880 180 134 884 467 240 289 463 470 315 375 372 676 370 400 633 185 662 716 277 137 190 733 474 553 558 542 631 602 282 306 645 446 353 460 298 457 707 216 207 749 571 654 497 698 643 131 354 710 362 391 196 305 474 357 44 138 383
290 247 528 396 497 540 396 548 154 468 189 503 692 582 183 79 226 533 200 191 333 338 567 209 285 374 330 488 658 306 439 381 628 637 271 231 215 606 430 672 209 474 436 152 397 543 253 544 192 255 849 416 532 371 578 380 673 653 454 296 435 532 285 768 277 583 0 458 297 522 526 305 706 383 510 571 706 844 395 539 257 281 419 65 607 80 537 307 685 478 594 189 460 221 436 80 444 540 324 412 602 461 286 375 191 718 800 790 293 537 743 603 411 115 457 390 499 688 584 592 857 403 345 554 705 959
735 543 516 328 522 514 609 96 403 134 600 149 256 444 563 444 274 110 512 562 378 279 265 315 743 410 504 577 210 166 479 86 241 305 262 520 245 404 479 663 490 332 45 323 368 244 589 481 335 685 400 377 209 453 497 551 215 219 587 578 248 589 233 316 303 137 458 0 755 115 175 763 420 103 303 475 423 395 338 387 585 289 281 512 182 538 595 152 227 192 619 377 433 421 504 500 560 210 229 590 471 244 388 166 321 618 346 338 611 557 579 413 565 530 84 315 586 337 420 266 402 350 224 128 247 500
99 354 704 650 686 719 506 844 392 755 234 789 983 819 282 323 513 830 337 271 552 596 847 477 39 598 477 621 955 599 638 678 919 918 544 382 511 843 605 814 366 716 733 439 621 825 338 740 465 183 1146 654 809 554 795 528 970 949 596 377 711 696 565 1062 545 880 297 755 0 813 817 42 958 676 777 795 958 1137 646 786 347 553 673 250 898 218 672 604 982 764 734 444 662 428 622 265 601 818 607 542 833 726 520 659 463 897 1097 1087 337 719 947 836 531 260 753 648 629 959 829 875 1153 634 618 850 1003 1256
780 556 454 443 638 449 718 74 435 70 682 54 170 555 649 491 369 190 534 592 359 263 363 344 805 524 493 533 229 216 594 191 312 391 279 617 307 307 438 589 508 264 160 373 329 346 683 411 429 764 396 493 107 426 610 661 200 258 700 584 363 704 253 253 410 180 522 115 813 0 274 825 307 139 415 589 310 324 453 500 680 396 232 582 85 602 543 236 190 303 556 473 380 434 619 549 673 104 340 700 582 177 495 161 355 527 337 334 622 672 479 318 540 608 196 430 541 222 529 358 344 308 215 199 223 460
817 669 689 239 410 687 550 214 518 309 624 319 350 289 578 538 303 88 632 671 536 441 90 442 797 333 653 742 181 298 382 180 102 134 405 509 344 577 645 838 614 507 147 425 536 73 581 656 354 709 346 280 378 613 353 487 233 153 503 711 142 477 377 366 285 134 526 175 817 274 0 815 579 265 155 330 582 445 250 239 575 274 454 566 307 600 765 246 269 63 791 385 605 554 412 587 474 377 212 521 316 420 350 333 442 793 311 298 737 437 751 586 722 565 99 231 752 482 261 91 429 519 385 90 263 488
141 388 737 639 663 752 477 853 413 769 213 804 996 802 263 340 512 833 368 303 579 618 841 495 20 581 510 657 959 610 617 683 917 911 562 361 520 869 638 851 395 741 738 452 647 819 312 771 461 152 1148 640 827 585 775 503 977 951 569 413 704 670 581 1073 539 884 305 763 42 825 815 0 982 687 767 776 982 1149 634 772 321 547 696 251 911 224 709 611 990 761 770 436 692 454 600 284 575 836 604 514 815 747 507 674 480 931 1101 1091 375 695 978 863 567 252 756 637 665 979 814 870 1162 660 636 853 1010 1263
897 626 343 742 937 328 990 366 570 299 891 273 291 863 870 647 628 493 626 694 407 368 668 497 962 815 516 458 486 447 889 482 600 687 436 864 527 127 399 405 597 241 464 557 341 653 921 285 682 962 582 792 215 429 918 939 429 526 987 630 669 1003 427 370 687 467 706 420 958 307 579 982 0 394 723 896 3 380 752 807 921 674 288 771 282 778 437 499 393 611 414 725 325 530 912 700 962 212 628 979 890 248 772 356 514 293 529 533 676 974 211 140 515 814 503 728 460 114 837 660 432 325 365 498 430 558
647 442 426 354 548 425 598 172 307 99 543 132 309 502 512 357 240 213 413 467 275 177 349 217 667 422 400 478 311 77 498 100 342 399 159 485 168 347 380 578 390 252 117 237 271 326 549 397 298 624 498 404 181 351 546 546 306 323 593 476 296 612 131 386 294 240 383 103 676 139 265 687 394 0 366 526 396 461 364 445 547 280 192 442 225 463 500 106 310 263 528 341 341 319 519 414 568 186 235 586 530 172 378 68 225 547 442 435 510 587 522 353 463 468 165 341 487 335 483 356 477 255 122 232 336 585
796 700 787 131 261 789 427 363 547 436 560 453 506 140 510 543 289 241 657 682 611 526 99 489 750 214 710 823 328 370 242 266 211 158 471 425 379 705 728 943 646 618 263 451 627 93 494 763 318 642 465 151 513 687 198 364 385 292 365 746 80 326 448 518 233 289 510 303 777 415 155 767 723 366 0 176 725 597 138 85 487 228 558 533 459 571 853 304 423 111 888 333 701 598 274 583 336 514 193 392 167 537 264 433 483 913 442 428 764 284 881 713 787 516 220 130 833 631 116 130 576 613 475 246 414 620
834 795 934 191 137 937 349 539 648 604 562 624 681 50 513 624 385 417 748 759 745 669 258 608 763 200 827 956 495 515 162 426 368 290 605 414 499 872 865 1092 743 776 432 557 771 262 471 916 387 633 607 157 684 818 23 295 556 456 261 843 230 184 587 688 308 463 571 475 795 589 330 776 896 526 176 0 899 764 187 91 462 312 712 575 635 615 991 446 595 286 1031 381 847 708 187 651 238 685 312 307 43 699 286 589 598 1073 594 580 853 137 1047 879 909 541 392 203 967 807 82 283 739 760 624 421 582 767
896 625 341 744 940 326 992 369 570 301 892 276 295 865 871 647 630 496 626 694 407 368 671 497 962 817 514 456 490 448 892 484 604 690 436 865 528 126 398 402 596 241 467 558 340 655 922 282 683 962 586 794 217 428 920 941 432 529 989 628 671 1005 428 374 689 470 706 423 958 310 582 982 3 396 725 899 0 384 754 810 922 676 288 772 286 779 435 501 397 614 412 726 324 529 914 700 964 214 630 981 893 249 774 357 515 289 532 536 675 976 207 138 513 815 506 731 458 118 840 663 436 325 366 501 433 562
1104 870 687 680 856 676 986 299 757 386 996 355 155 717 959 816 670 372 852 913 658 572 506 667 1128 773 791 791 269 538 827 482 397 484 601 913 628 476 708 780 825 519 431 697 611 504 983 631 730 1079 238 724 356 713 787 924 212 308 947 892 584 922 576 81 691 315 844 395 1137 324 445 1149 380 461 597 764 384 0 691 675 979 676 518 902 239 925 784 545 179 505 776 772 637 751 857 873 918 346 613 960 740 455 771 483 678 674 204 215 934 881 590 491 822 924 436 670 796 276 686 481 55 590 532 360 182 177
672 610 754 11 185 758 300 421 461 453 424 479 579 188 374 442 198 319 564 579 561 490 229 422 618 83 640 771 431 339 140 270 333 294 423 287 314 711 681 912 558 605 293 370 591 215 356 739 205 505 590 40 537 633 200 237 480 403 255 658 107 251 406 610 123 375 395 338 646 453 250 634 752 364 138 187 754 691 0 143 348 125 540 410 516 449 807 271 513 187 849 208 668 521 168 473 227 539 132 270 210 535 127 420 411 902 559 546 670 222 885 717 722 386 266 23 781 676 188 261 679 581 448 331 511 738
816 747 860 142 195 863 386 449 596 518 560 537 590 57 510 582 332 326 702 720 677 596 169 547 757 194 768 889 406 441 193 344 281 210 537 416 437 787 796 1017 694 696 346 502 698 172 481 839 347 638 528 132 597 752 114 326 466 368 311 795 148 256 516 598 263 372 539 387 786 500 239 772 807 445 85 91 810 675 143 0 473 262 634 553 544 592 921 372 504 196 959 352 774 652 224 616 284 598 246 348 85 617 266 509 539 992 511 497 809 210 963 795 848 527 304 150 900 717 45 197 652 686 548 330 493 686
