40
0 915 763 168 461 434 598 525 261 419 531 523 225 342 579 804 886 744 483 904 238 924 261 497 458 120 888 856 225 354 927 678 391 148 812 621 399 390 134 892
915 0 169 943 1013 1010 453 757 744 956 440 1005 772 711 372 172 276 294 774 557 962 255 687 681 536 805 617 241 948 562 253 365 1010 957 275 577 981 913 987 105
763 169 0 809 917 840 392 687 619 787 271 920 608 600 203 63 348 288 606 598 836 348 525 604 435 659 646 167 822 408 348 329 903 795 309 418 878 743 846 213
168 943 809 0 294 602 561 407 206 587 615 358 369 268 650 859 864 728 638 830 69 906 375 403 429 175 802 926 57 418 909 652 222 313 793 746 233 558 72 902
461 1013 917 294 0 895 566 282 335 877 794 72 637 321 807 976 854 742 904 724 225 900 614 340 482 427 676 1063 236 600 903 662 76 608 795 970 61 845 352 944
434 1010 840 602 895 0 874 916 640 53 570 955 316 715 640 850 1095 961 255 1208 672 1121 398 865 751 491 1212 849 659 532 1123 921 825 291 1025 485 833 97 555 1033
598 453 392 561 566 874 0 304 357 829 419 553 563 296 383 456 304 176 723 334 558 347 476 229 139 478 345 558 548 344 351 96 573 698 236 644 542 783 622 378
525 757 687 407 282 916 304 0 276 883 633 254 609 202 623 749 575 472 845 449 369 621 549 83 268 430 409 846 366 471 624 395 313 665 520 843 278 842 480 679
261 744 619 206 335 640 357 276 0 609 462 369 338 80 481 673 658 522 590 645 218 700 292 237 223 155 626 750 204 265 703 447 298 392 587 636 281 569 264 698
419 956 787 587 877 53 829 883 609 0 518 935 277 681 587 796 1045 912 204 1163 657 1070 355 830 709 464 1169 796 643 486 1072 873 809 283 975 434 815 46 545 980
531 440 271 615 794 570 419 633 462 518 0 818 346 478 69 291 548 430 349 727 658 566 273 552 368 445 754 326 642 199 567 418 760 536 484 224 744 473 635 463
523 1005 920 358 72 955 553 254 369 935 818 0 687 339 824 980 829 725 951 680 291 875 657 324 485 478 627 1071 301 628 879 647 147 671 775 1004 126 902 420 931
225 772 608 369 637 316 563 609 338 277 346 687 0 407 407 636 807 668 269 896 434 838 90 552 436 210 897 670 418 231 840 618 577 190 734 398 576 234 355 772
342 711 600 268 321 715 296 202 80 681 478 339 407 0 486 658 600 468 648 568 263 643 350 156 175 235 547 742 252 292 646 390 302 473 531 670 278 640 333 655
579 372 203 650 807 640 383 623 481 587 69 824 407 486 0 229 483 372 417 676 687 500 329 540 355 485 707 278 671 232 500 369 779 596 422 270 759 543 676 394
804 172 63 859 976 850 456 749 673 796 291 980 636 658 229 0 394 347 608 654 889 389 558 667 495 704 704 105 873 450 388 392 960 826 362 404 936 754 893 243
886 276 348 864 854 1095 304 575 658 1045 548 829 807 600 483 394 0 142 896 282 863 45 716 514 435 766 345 492 852 576 49 211 870 968 73 745 837 999 922 171
744 294 288 728 742 961 176 472 522 912 430 725 668 468 372 347 142 0 772 313 731 180 577 402 298 625 358 453 719 436 182 79 750 826 68 642 719 865 784 207
483 774 606 638 904 255 723 845 590 204 349 951 269 648 417 608 896 772 0 1051 703 916 299 777 624 478 1068 598 687 388 917 747 846 391 830 230 843 174 617 810
904 557 598 830 724 1208 334 449 645 1163 727 680 896 568 676 654 282 313 1051 0 806 313 810 428 461 788 69 757 800 678 317 308 763 1019 291 947 727 1117 899 452
238 962 836 69 225 672 558 369 218 657 658 291 434 263 687 889 863 731 703 806 0 906 431 378 435 231 773 961 16 459 909 653 153 383 794 802 165 627 129 914
924 255 348 906 900 1121 347 621 700 1070 566 875 838 643 500 389 45 180 916 313 906 0 747 560 477 805 379 482 895 607 3 253 915 1002 112 756 882 1024 964 152
261 687 525 375 614 398 476 549 292 355 273 657 90 350 329 558 716 577 299 810 431 747 0 486 354 200 814 600 415 140 749 528 562 269 644 371 555 309 378 684
497 681 604 403 340 865 229 83 237 830 552 324 552 156 540 667 514 402 777 428 378 560 486 0 185 391 399 763 372 397 563 323 356 629 455 764 322 787 473 607
458 536 435 429 482 751 139 268 223 709 368 485 436 175 355 495 435 298 624 461 435 477 354 185 0 338 460 586 423 236 480 224 474 561 364 585 446 663 487 480
120 805 659 175 427 491 478 430 155 464 445 478 210 235 485 704 766 625 478 788 231 805 200 391 338 0 774 764 215 254 807 557 368 237 693 572 366 427 190 777
888 617 646 802 676 1212 345 409 626 1169 754 627 897 547 707 704 345 358 1068 69 773 379 814 399 460 774 0 808 768 687 382 338 719 1009 346 977 683 1123 873 513
856 241 167 926 1063 849 558 846 750 796 326 1071 670 742 278 105 492 453 598 757 961 482 600 763 586 764 808 0 946 509 480 497 1043 860 465 376 1020 757 954 331
225 948 822 57 236 659 548 366 204 643 642 301 418 252 671 873 852 719 687 800 16 895 415 372 423 215 768 946 0 443 898 642 165 371 783 785 175 613 123 901
354 562 408 418 600 532 344 471 265 486 199 628 231 292 232 450 576 436 388 678 459 607 140 397 236 254 687 509 443 0 609 389 562 400 503 377 547 439 444 550
927 253 348 909 903 1123 351 624 703 1072 567 879 840 646 500 388 49 182 917 317 909 3 749 563 480 807 382 480 898 609 0 256 918 1005 115 756 886 1026 967 151
678 365 329 652 662 921 96 395 447 873 418 647 618 390 369 392 211 79 747 308 653 253 528 323 224 557 338 497 642 389 256 0 670 767 141 639 639 826 711 284
391 1010 903 222 76 825 573 313 298 809 760 147 577 302 779 960 870 750 846 763 153 915 562 356 474 368 719 1043 165 562 918 670 0 536 807 925 35 778 278 948
148 957 795 313 608 291 698 665 392 283 536 671 190 473 596 826 968 826 391 1019 383 1002 269 629 561 237 1009 860 371 400 1005 767 536 0 894 571 547 263 264 950
812 275 309 793 795 1025 236 520 587 975 484 775 734 531 422 362 73 68 830 291 794 112 644 455 364 693 346 465 783 503 115 141 807 894 0 689 775 929 851 175
621 577 418 746 970 485 644 843 636 434 224 1004 398 670 270 404 745 642 230 947 802 756 371 764 585 572 977 376 785 377 756 639 925 571 689 0 914 401 747 630
399 981 878 233 61 833 542 278 281 815 744 126 576 278 759 936 837 719 843 727 165 882 555 322 446 366 683 1020 175 547 886 639 35 547 775 914 0 783 294 918
390 913 743 558 845 97 783 842 569 46 473 902 234 640 543 754 999 865 174 1117 627 1024 309 787 663 427 1123 757 613 439 1026 826 778 263 929 401 783 0 520 935
134 987 846 72 352 555 622 480 264 545 635 420 355 333 676 893 922 784 617 899 129 964 378 473 487 190 873 954 123 444 967 711 278 264 851 747 294 520 0 952
892 105 213 902 944 1033 378 679 698 980 463 931 772 655 394 243 171 207 810 452 914 152 684 607 480 777 513 331 901 550 151 284 948 950 175 630 918 935 952 0
