72
0 143 347 632 345 785 304 595 442 366 553 164 697 409 295 911 99 483 540 70 852 1017 583 796 589 419 789 964 638 128 1009 320 774 534 719 594 348 1000 705 636 571 113 688 595 864 505 812 598 271 27 673 232 870 1010 649 210 529 875 277 704 570 738 848 388 984 903 619 451 344 357 388 308
143 0 437 536 445 840 171 725 461 491 475 100 683 489 360 872 89 384 672 193 874 1034 666 843 726 284 856 990 552 91 1049 214 743 628 781 725 334 1040 619 630 572 33 600 539 888 556 821 559 412 116 787 112 774 1041 543 295 563 806 384 628 477 698 814 449 1001 828 553 516 265 223 349 361
347 437 0 656 34 453 518 350 238 154 545 502 499 70 101 741 441 550 316 381 564 728 236 473 398 608 446 663 631 469 688 649 602 190 382 360 284 679 686 430 363 425 675 520 572 202 551 478 255 355 363 549 858 702 697 142 256 787 82 656 596 595 675 103 696 827 563 129 420 560 352 123
632 536 656 0 688 776 386 1005 454 800 113 625 413 647 561 455 624 151 973 702 675 784 759 747 1053 318 837 781 57 626 883 632 388 776 759 1016 374 877 98 418 424 565 78 193 693 586 587 270 819 608 980 572 238 839 54 592 534 305 676 140 64 322 424 575 758 312 153 618 289 353 305 535
345 445 34 688 0 471 536 321 273 119 578 505 533 95 128 775 442 579 285 373 590 753 244 494 365 629 458 687 664 470 708 654 636 188 398 330 315 698 720 464 397 430 709 554 598 231 581 513 227 356 346 556 892 724 728 151 288 822 69 690 627 629 709 137 722 862 597 156 446 579 383 153
785 840 453 776 471 0 853 550 396 544 675 924 387 383 490 562 869 754 569 830 207 327 245 49 645 902 81 248 725 895 238 1052 474 320 74 571 540 229 745 360 355 838 746 582 201 284 270 506 689 786 415 950 875 268 830 575 286 720 536 690 740 518 513 397 302 766 626 334 693 876 573 481
304 171 518 386 536 853 0 843 457 609 349 243 620 552 422 774 258 239 795 362 845 995 721 846 859 114 885 963 413 252 1038 256 659 699 804 847 313 1030 477 580 536 204 458 435 862 579 778 476 559 276 881 185 620 1018 385 388 567 676 487 497 334 604 722 495 964 692 437 561 173 53 292 412
595 725 350 1005 321 550 843 0 563 235 893 758 782 360 450 1018 694 900 59 591 739 877 330 594 96 944 491 799 976 722 772 915 889 268 482 21 634 763 1028 718 660 702 1018 856 738 462 766 803 341 616 157 827 1197 816 1047 456 529 1104 357 993 945 899 955 431 851 1147 901 403 767 891 702 473
442 461 238 454 273 396 457 563 0 393 341 554 273 204 180 510 508 384 541 503 413 576 307 389 626 509 432 529 419 530 589 667 369 321 350 577 144 581 466 205 136 466 458 292 427 137 369 242 474 435 525 566 633 579 502 263 109 550 294 429 401 357 444 137 543 590 338 164 300 481 185 154
366 491 154 800 119 544 609 235 393 0 691 530 651 204 238 893 466 682 186 372 687 846 300 574 257 711 515 775 779 494 783 686 754 228 469 238 426 773 836 582 515 469 824 673 692 339 686 633 153 385 310 595 1009 807 837 224 401 942 127 808 737 749 827 257 815 981 715 265 543 657 494 266
553 475 545 113 578 675 349 893 341 691 0 571 332 534 452 431 560 119 862 624 592 715 647 649 943 314 733 704 89 566 800 605 334 663 654 904 265 793 153 324 320 501 137 108 610 474 508 178 720 531 867 530 325 761 161 489 424 331 569 152 65 271 387 463 687 353 91 504 212 331 197 425
164 100 502 625 505 924 243 758 554 530 571 0 782 561 437 972 64 473 702 176 968 1129 737 930 747 346 936 1084 645 35 1139 157 844 692 862 755 432 1130 711 728 670 88 692 638 982 640 918 660 426 149 837 85 862 1133 627 361 653 902 438 723 568 798 914 529 1097 922 651 595 363 289 449 443
697 683 499 413 533 387 620 782 273 651 332 782 0 448 453 242 747 440 772 763 262 385 465 349 858 624 461 371 357 764 470 865 107 515 394 799 352 464 364 68 137 696 369 225 280 321 175 155 745 685 700 773 487 428 467 535 255 341 565 307 393 132 176 396 355 387 260 390 446 622 336 427
409 489 70 647 95 383 552 360 204 204 534 561 448 0 131 690 501 554 337 448 495 658 177 403 422 633 379 593 617 528 618 703 553 147 313 374 285 608 667 380 314 480 658 495 503 137 486 445 322 415 341 602 836 631 691 200 196 751 153 632 589 552 625 71 627 793 540 61 435 590 350 140
295 360 101 561 128 490 422 450 180 238 452 437 453 131 0 690 380 450 413 345 565 730 306 500 492 508 498 673 540 406 714 574 549 276 426 459 187 705 598 385 316 353 585 438 576 210 536 405 295 296 461 473 771 718 600 90 241 713 120 572 500 532 624 93 698 751 478 158 319 462 256 29
911 872 741 455 775 562 774 1018 510 893 431 972 242 690 690 0 946 551 1012 979 371 397 694 515 1098 746 643 431 402 960 545 1030 141 750 592 1036 563 543 366 311 378 891 382 339 386 562 292 313 984 894 926 947 398 480 499 767 496 208 804 315 471 174 66 638 382 245 340 632 613 761 526 662
99 89 441 624 442 869 258 694 508 466 560 64 747 501 380 946 0 472 638 119 922 1085 677 877 684 369 878 1036 639 28 1088 221 815 630 806 691 394 1079 706 690 629 59 687 618 935 586 875 633 364 86 772 139 863 1085 633 300 603 889 375 713 565 772 887 473 1052 913 635 538 348 309 420 388
483 384 550 151 579 754 239 900 384 682 119 473 440 554 450 551 472 0 863 552 693 825 690 734 939 194 805 808 173 474 899 492 452 694 723 909 268 892 238 421 401 413 219 223 711 522 613 285 685 458 895 424 390 865 166 465 483 437 555 258 95 390 506 484 796 453 210 537 146 214 205 426
540 672 316 973 285 569 795 59 541 186 862 702 772 337 413 1012 638 863 0 533 749 894 337 611 86 897 516 817 947 666 798 859 879 268 498 53 600 789 1001 707 646 648 991 831 751 451 770 782 282 561 202 772 1171 837 1013 410 518 1087 312 968 912 885 948 405 867 1129 876 386 727 843 668 438
70 193 381 702 373 830 362 591 503 372 624 176 763 448 345 979 119 552 533 0 908 1073 617 844 573 476 827 1018 709 142 1058 330 842 561 761 586 416 1049 776 700 634 159 758 666 920 554 872 667 253 94 683 258 940 1063 717 255 584 946 304 775 640 808 916 436 1041 974 690 495 414 415 458 361
852 874 564 675 590 207 845 739 413 687 592 968 262 495 565 371 922 693 749 908 0 165 412 157 830 868 287 117 619 944 208 1075 314 484 260 759 543 202 622 273 309 880 628 486 18 363 90 413 818 847 615 976 725 173 729 655 324 552 645 563 654 372 333 478 132 596 522 435 673 856 552 546
1017 1034 728 784 753 327 995 877 576 846 715 1129 385 658 730 397 1085 825 894 1073 165 0 560 283 971 1008 395 79 726 1106 168 1231 398 634 395 898 701 170 716 415 463 1041 726 607 155 527 216 540 980 1011 741 1134 789 96 836 820 489 602 809 658 773 464 385 644 32 642 635 598 822 1002 703 712
583 666 236 759 244 245 721 330 307 300 647 737 465 177 306 694 677 690 337 617 412 560 0 280 419 794 217 486 719 704 483 880 571 74 170 350 430 474 760 407 360 657 754 584 414 172 435 518 449 590 235 778 918 512 809 376 230 800 313 715 708 590 633 225 532 845 631 160 589 756 487 310
796 843 473 747 494 49 846 594 389 574 649 930 349 403 500 515 877 734 611 844 157 283 280 0 688 888 130 206 694 902 215 1053 431 354 112 615 532 205 711 328 332 843 713 553 151 291 222 477 716 796 462 951 836 233 801 588 281 677 556 655 714 478 468 407 257 723 596 349 682 866 561 489
589 726 398 1053 365 645 859 96 626 257 943 747 858 422 492 1098 684 939 86 573 830 971 419 688 0 964 587 893 1029 711 868 903 965 352 575 74 680 859 1084 793 732 701 1073 916 830 537 854 868 320 612 252 821 1255 911 1093 481 604 1173 385 1052 992 971 1034 489 945 1215 959 472 801 909 748 518
419 284 608 318 629 902 114 944 509 711 314 346 624 633 508 746 369 194 897 476 868 1008 794 888 964 0 942 985 357 360 1069 318 645 781 860 948 368 1061 415 596 563 317 395 416 885 641 793 471 670 391 970 275 539 1041 303 487 618 621 586 446 280 584 701 571 978 631 405 634 209 61 328 493
789 856 446 837 458 81 885 491 432 515 733 936 461 379 498 643 878 805 516 827 287 395 217 130 587 942 0 315 788 905 281 1070 551 287 81 512 575 272 813 427 413 851 812 646 280 305 352 570 665 793 347 968 948 325 891 578 324 797 526 759 798 593 593 407 374 843 691 340 732 912 615 494
964 990 663 781 687 248 963 799 529 775 704 1084 371 593 673 431 1036 808 817 1018 117 79 486 206 893 985 315 0 725 1059 114 1192 405 560 318 820 661 112 722 389 427 995 730 597 102 466 195 525 913 960 662 1093 810 57 835 763 435 629 745 663 765 469 408 584 63 671 630 535 791 974 670 656
638 552 631 57 664 725 413 976 419 779 89 645 357 617 540 402 639 173 947 709 619 726 719 694 1029 357 788 725 0 643 827 665 331 740 711 989 353 821 67 365 376 579 49 142 637 547 531 218 809 615 944 598 236 782 110 579 492 265 657 90 78 264 368 545 700 279 98 583 294 386 286 512
128 91 469 626 470 895 252 722 530 494 566 35 764 528 406 960 28 474 666 142 944 1106 704 902 711 360 905 1059 643 0 1112 192 829 658 832 719 412 1103 710 709 649 68 691 628 958 612 896 646 391 114 801 115 864 1108 632 328 627 897 404 719 568 786 901 499 1074 919 644 564 356 301 434 413
1009 1049 688 883 708 238 1038 772 589 783 800 1139 470 618 714 545 1088 899 798 1058 208 168 483 215 868 1069 281 114 827 1112 0 1257 515 558 313 793 729 9 829 478 505 1052 835 695 190 504 296 621 928 1008 624 1156 923 72 937 802 486 742 771 770 862 576 521 622 169 785 730 564 869 1053 747 701
320 214 649 632 654 1052 256 915 667 686 605 157 865 703 574 1030 221 492 859 330 1075 1231 880 1053 903 318 1070 1192 665 192 1257 0 912 840 994 912 531 1248 727 819 768 224 707 691 1090 769 1016 728 582 302 991 102 857 1245 621 506 772 930 590 751 586 859 977 664 1199 943 693 731 421 279 530 576
774 743 602 388 636 474 659 889 369 754 334 844 107 553 549 141 815 452 879 842 314 398 571 431 965 645 551 405 331 829 515 912 0 622 489 906 426 510 318 173 239 761 328 229 331 428 223 184 843 759 806 825 411 461 439 626 361 246 663 259 386 66 75 498 374 291 246 496 491 652 395 521
534 628 190 776 188 320 699 268 321 228 663 692 515 147 276 750 630 694 268 561 484 634 74 354 352 781 287 560 740 658 558 840 622 0 245 287 427 548 786 452 398 615 778 610 486 201 502 550 379 544 203 740 949 587 823 333 266 843 257 744 721 635 687 212 606 887 656 158 580 737 489 287
719 781 382 759 398 74 804 482 350 469 654 862 394 313 426 592 806 723 498 761 260 395 170 112 575 860 81 318 711 832 313 994 489 245 0 503 494 304 738 354 335 777 737 569 258 226 307 494 615 722 354 892 878 342 813 509 243 734 464 685 718 526 538 333 369 779 614 268 651 831 534 419
594 725 360 1016 330 571 847 21 577 238 904 755 799 374 459 1036 691 909 53 586 759 898 350 615 74 948 512 820 989 719 793 912 906 287 503 0 644 785 1041 735 676 702 1031 869 759 479 786 818 335 615 178 826 1210 837 1057 461 546 1120 362 1006 956 915 973 443 872 1163 914 418 775 895 712 483
348 334 284 374 315 540 313 634 144 426 265 432 352 285 187 563 394 268 600 416 543 701 430 532 680 368 575 661 353 412 729 531 426 427 494 644 0 720 413 296 238 345 400 265 558 273 486 253 460 333 627 433 587 713 413 228 253 548 303 393 312 392 500 215 668 582 300 272 159 337 68 161
1000 1040 679 877 698 229 1030 763 581 773 793 1130 464 608 705 543 1079 892 789 1049 202 170 474 205 859 1061 272 112 821 1103 9 1248 510 548 304 785 720 0 823 471 497 1043 829 688 184 495 291 614 918 999 616 1147 919 75 931 793 477 739 762 764 856 571 518 612 169 782 724 555 861 1045 739 692
705 619 686 98 720 745 477 1028 466 836 153 711 364 667 598 366 706 238 1001 776 622 716 760 711 1084 415 813 722 67 710 829 727 318 786 738 1041 413 823 0 385 407 646 19 176 640 588 532 245 872 682 988 663 173 779 133 641 530 207 716 59 143 253 343 597 692 216 129 630 362 448 348 570
636 630 430 418 464 360 580 718 205 582 324 728 68 380 385 311 690 421 707 700 273 415 407 328 793 596 427 389 365 709 478 819 173 452 354 735 296 471 385 0 69 641 386 224 290 256 199 148 677 625 643 724 524 445 473 468 189 393 496 331 388 183 245 327 384 438 267 323 406 587 289 359
571 572 363 424 397 355 536 660 136 515 320 670 137 314 316 378 629 401 646 634 309 463 360 332 732 563 413 427 376 649 505 768 239 398 335 676 238 497 407 69 0 582 404 234 325 198 248 162 607 561 594 671 558 481 477 399 132 445 427 358 385 239 312 259 430 488 280 260 364 548 243 290
113 33 425 565 430 838 204 702 466 469 501 88 696 480 353 891 59 413 648 159 880 1041 657 843 701 317 851 995 579 68 1052 224 761 615 777 702 345 1043 646 641 582 0 628 560 894 554 830 578 384 88 769 126 804 1045 574 282 565 830 367 653 505 717 832 444 1009 854 577 511 289 256 366 357
688 600 675 78 709 746 458 1018 458 824 137 692 369 658 585 382 687 219 991 758 628 726 754 713 1073 395 812 730 49 691 835 707 328 778 737 1031 400 829 19 386 404 628 0 171 646 582 538 242 857 664 981 643 187 787 117 626 525 226 703 69 123 262 356 587 701 236 124 622 343 428 333 557
595 539 520 193 554 582 435 856 292 673 108 638 225 495 438 339 618 223 831 666 486 607 584 553 916 416 646 597 142 628 695 691 229 610 569 869 265 688 176 224 234 560 171 0 504 412 401 76 724 575 812 608 340 654 248 493 354 283 558 136 168 169 288 426 579 316 47 455 275 425 209 409
864 888 572 693 598 201 862 738 427 692 610 982 280 503 576 386 935 711 751 920 18 155 414 151 830 885 280 102 637 958 190 1090 331 486 258 759 558 184 640 290 325 894 646 504 0 372 108 431 825 859 612 991 742 156 747 666 335 568 653 581 672 390 349 488 123 613 540 443 690 873 569 558
505 556 202 586 231 284 579 462 137 339 474 640 321 137 210 562 586 522 451 554 363 527 172 291 537 641 305 466 547 612 504 769 428 201 226 479 273 495 588 256 198 554 582 412 372 0 349 349 458 504 400 666 749 509 636 299 67 643 282 545 536 436 497 118 495 686 459 75 432 608 322 198
812 821 551 587 581 270 778 766 369 686 508 918 175 486 536 292 875 613 770 872 90 216 435 222 854 793 352 195 531 896 296 1016 223 502 307 786 486 291 532 199 248 830 538 401 108 349 0 330 806 804 655 919 634 253 641 625 297 464 628 473 569 281 248 457 185 508 435 424 605 786 487 514
598 559 478 270 513 506 476 803 242 633 178 660 155 445 405 313 633 285 782 667 413 540 518 477 868 471 570 525 218 646 621 728 184 550 494 818 253 614 245 148 162 578 242 76 431 349 330 0 698 581 750 640 399 582 324 471 288 309 525 196 241 140 254 379 511 348 120 400 306 473 212 376
271 412 255 819 227 689 559 341 474 153 720 426 745 322 295 984 364 685 282 253 818 980 449 716 320 670 665 913 809 391 928 582 843 379 615 335 460 918 872 677 607 384 857 724 825 458 806 698 0 296 450 502 1045 948 849 231 511 1004 181 854 755 827 918 353 949 1040 761 383 539 611 524 323
27 116 355 608 356 786 276 616 435 385 531 149 685 415 296 894 86 458 561 94 847 1011 590 796 612 391 793 960 615 114 1008 302 759 544 722 615 333 999 682 625 561 88 664 575 859 504 804 581 296 0 688 210 846 1007 623 214 525 854 289 682 545 722 833 389 978 881 598 453 320 330 370 306
673 787 363 980 346 415 881 157 525 310 867 837 700 341 461 926 772 895 202 683 615 741 235 462 252 970 347 662 944 801 624 991 806 203 354 178 627 616 988 643 594 769 981 812 612 400 655 750 450 688 0 896 1150 673 1027 496 463 1036 403 946 925 826 866 411 717 1081 859 362 776 923 690 478
232 112 549 572 556 950 185 827 566 595 530 85 773 602 473 947 139 424 772 258 976 1134 778 951 821 275 968 1093 598 115 1156 102 825 740 892 826 433 1147 663 724 671 126 643 608 991 666 919 640 502 210 896 0 805 1145 568 407 671 860 493 681 519 774 892 561 1101 877 616 629 334 223 436 473
870 774 858 238 892 875 620 1197 633 1009 325 862 487 836 771 398 863 390 1171 940 725 789 918 836 1255 539 948 810 236 864 923 857 411 949 878 1210 587 919 173 524 558 804 187 340 742 749 634 399 1045 846 1150 805 0 864 236 814 687 190 890 204 300 357 404 766 770 160 295 796 526 583 521 742
1010 1041 702 839 724 268 1018 816 579 807 761 1133 428 631 718 480 1085 865 837 1063 173 96 512 233 911 1041 325 57 782 1108 72 1245 461 587 342 837 713 75 779 445 481 1045 787 654 156 509 253 582 948 1007 673 1145 864 0 893 807 482 681 785 720 822 525 461 627 99 723 687 575 846 1030 725 702
649 543 697 54 728 830 385 1047 502 837 161 627 467 691 600 499 633 166 1013 717 729 836 809 801 1093 303 891 835 110 632 937 621 439 823 813 1057 413 931 133 473 477 574 117 248 747 636 641 324 849 623 1027 568 236 893 0 625 586 335 712 185 102 373 472 620 811 336 207 664 312 346 345 574
210 295 142 592 151 575 388 456 263 224 489 361 535 200 90 767 300 465 410 255 655 820 376 588 481 487 578 763 579 328 802 506 626 333 509 461 228 793 641 468 399 282 626 493 666 299 625 471 231 214 496 407 814 807 625 0 331 774 98 622 528 604 701 180 788 809 529 241 322 435 293 111
529 563 256 534 288 286 567 529 109 401 424 653 255 196 241 496 603 483 518 584 324 489 230 281 604 618 324 435 492 627 486 772 361 266 243 546 253 477 530 189 132 565 525 354 335 67 297 288 511 525 463 671 687 482 586 331 0 576 331 484 487 369 431 159 457 620 401 136 408 590 291 222
875 806 787 305 822 720 676 1104 550 942 331 902 341 751 713 208 889 437 1087 946 552 602 800 677 1173 621 797 629 265 897 742 930 246 843 734 1120 548 739 207 393 445 830 226 283 568 643 464 309 1004 854 1036 860 190 681 335 774 576 0 834 179 343 210 221 687 585 45 255 702 541 651 492 684
277 384 82 676 69 536 487 357 294 127 569 438 565 153 120 804 375 555 312 304 645 809 313 556 385 586 526 745 657 404 771 590 663 257 464 362 303 762 716 496 427 367 703 558 653 282 628 525 181 289 403 493 890 785 712 98 331 834 0 692 613 650 738 172 777 872 598 210 416 533 371 149
704 628 656 140 690 690 497 993 429 808 152 723 307 632 572 315 713 258 968 775 563 658 715 655 1052 446 759 663 90 719 770 751 259 744 685 1006 393 764 59 331 358 653 69 136 581 545 473 196 854 682 946 681 204 720 185 622 484 179 692 0 166 194 287 563 633 200 93 591 364 473 330 543
570 477 596 64 627 740 334 945 401 737 65 568 393 589 500 471 565 95 912 640 654 773 708 714 992 280 798 765 78 568 862 586 386 721 718 956 312 856 143 388 385 505 123 168 672 536 569 241 755 545 925 519 300 822 102 528 487 343 613 166 0 320 432 518 746 358 139 563 226 307 243 473
738 698 595 322 629 518 604 899 357 749 271 798 132 552 532 174 772 390 885 808 372 464 590 478 971 584 593 469 264 786 576 859 66 635 526 915 392 571 253 183 239 717 262 169 390 436 281 140 827 722 826 774 357 525 373 604 369 210 650 194 320 0 118 492 439 255 182 499 440 595 352 504
848 814 675 424 709 513 722 955 444 827 387 914 176 625 624 66 887 506 948 916 333 385 633 468 1034 701 593 408 368 901 521 977 75 687 538 973 500 518 343 245 312 832 356 288 349 497 248 254 918 833 866 892 404 461 472 701 431 221 738 287 432 118 0 572 366 264 296 567 558 713 466 596
388 449 103 575 137 397 495 431 137 257 463 529 396 71 93 638 473 484 405 436 478 644 225 407 489 571 407 584 545 499 622 664 498 212 333 443 215 612 597 327 259 444 587 426 488 118 457 379 353 389 411 561 766 627 620 180 159 687 172 563 518 492 572 0 611 728 471 67 369 530 279 88
984 1001 696 758 722 302 964 851 543 815 687 1097 355 627 698 382 1052 796 867 1041 132 32 532 257 945 978 374 63 700 1074 169 1199 374 606 369 872 668 169 692 384 430 1009 701 579 123 495 185 511 949 978 717 1101 770 99 811 788 457 585 777 633 746 439 366 611 0 626 608 567 790 971 672 679
903 828 827 312 862 766 692 1147 590 981 353 922 387 793 751 245 913 453 1129 974 596 642 845 723 1215 631 843 671 279 919 785 943 291 887 779 1163 582 782 216 438 488 854 236 316 613 686 508 348 1040 881 1081 877 160 723 336 809 620 45 872 200 358 255 264 728 626 0 284 744 565 664 524 722
619 553 563 153 597 626 437 901 338 715 91 651 260 540 478 340 635 210 876 690 522 635 631 596 959 405 691 630 98 644 730 693 246 656 614 914 300 724 129 267 280 577 124 47 540 459 435 120 761 598 859 616 295 687 207 529 401 255 598 93 139 182 296 471 608 284 0 501 288 421 239 449
451 516 129 618 156 334 561 403 164 265 504 595 390 61 158 632 538 537 386 495 435 598 160 349 472 634 340 535 583 564 564 731 496 158 268 418 272 555 630 323 260 511 622 455 443 75 424 400 383 453 362 629 796 575 664 241 136 702 210 591 563 499 567 67 567 744 501 0 429 595 331 155
344 265 420 289 446 693 173 767 300 543 212 363 446 435 319 613 348 146 727 414 673 822 589 682 801 209 732 791 294 356 869 421 491 580 651 775 159 861 362 406 364 289 343 275 690 432 605 306 539 320 776 334 526 846 312 322 408 541 416 364 226 440 558 369 790 565 288 429 0 184 122 299
357 223 560 353 579 876 53 891 481 657 331 289 622 590 462 761 309 214 843 415 856 1002 756 866 909 61 912 974 386 301 1053 279 652 737 831 895 337 1045 448 587 548 256 428 425 873 608 786 473 611 330 923 223 583 1030 346 435 590 651 533 473 307 595 713 530 971 664 421 595 184 0 306 450
388 349 352 305 383 573 292 702 185 494 197 449 336 350 256 526 420 205 668 458 552 703 487 561 748 328 615 670 286 434 747 530 395 489 534 712 68 739 348 289 243 366 333 209 569 322 487 212 524 370 690 436 521 725 345 293 291 492 371 330 243 352 466 279 672 524 239 331 122 306 0 229
308 361 123 535 153 481 412 473 154 266 425 443 427 140 29 662 388 426 438 361 546 712 310 489 518 493 494 656 512 413 701 576 521 287 419 483 161 692 570 359 290 357 557 409 558 198 514 376 323 306 478 473 742 702 574 111 222 684 149 543 473 504 596 88 679 722 449 155 299 450 229 0
