301
0 372 531 556 581 628 603 242 305 656 290 84 555 402 227 489 461 824 391 614 496 388 323 391 270 626 540 612 99 622 423 669 282 363 243 348 272 659 333 222 334 557 526 102 501 540 440 491 632 245 246 287 616 469 630 686 668 224 538 732 276 309 244 217 402 327 364 408 345 70 554 221 367 265 548 222 277 693 563 233 216 851 228 654 420 445 715 450 471 337 722 761 451 194 828 87 601 758 368 557 559 569 333 270 309 453 592 347 693 373 466 419 531 613 651 595 375 426 727 100 52 382 366 417 631 219 266 673 442 367 188 751 245 563 294 584 575 125 662 289 457 686 439 694 276 352 368 390 739 660 316 841 483 424 57 140 251 493 347 453 475 399 275 92 273 597 619 92 159 265 404 386 113 604 755 321 725 463 728 465 34 586 143 630 444 447 159 295 615 569 175 424 499 319 186 269 548 760 188 462 294 408 575 305 483 479 497 394 198 119 343 70 684 309 556 688 815 386 624 78 239 379 406 498 464 594 692 378 502 330 643 583 714 262 134 724 610 288 408 454 175 571 808 751 235 679 457 564 714 241 636 390 485 501 705 437 412 607 416 245 475 438 580 429 373 238 412 662 817 709 379 352 493 137 217 425 199 374 173 365 212 422 449 332 478 409 519 332 265 267 298 537 804 360 156 262 257 438 300 651 414
372 0 903 463 794 747 597 353 147 662 661 455 883 36 583 260 684 927 94 792 861 466 85 245 617 789 512 763 429 803 74 890 563 437 180 708 371 713 89 170 258 688 553 472 836 264 803 262 326 508 174 551 721 831 699 386 742 571 459 514 493 254 478 494 757 279 12 38 711 422 859 508 213 213 907 320 401 540 678 496 578 971 553 815 218 96 899 318 835 456 541 879 113 565 950 343 722 830 190 614 272 220 705 640 674 516 294 94 695 354 113 791 904 772 658 308 206 766 669 273 357 746 734 48 839 583 251 709 398 222 242 548 323 531 655 706 947 347 359 499 828 371 416 852 127 647 587 81 526 452 363 968 240 761 423 388 331 785 443 99 256 768 504 330 537 847 828 367 236 606 193 747 384 402 852 317 437 835 831 833 360 881 505 755 281 817 251 218 826 216 288 485 670 598 558 616 806 794 558 460 317 85 857 278 709 845 392 386 203 298 653 414 869 321 669 603 524 207 751 436 444 238 228 832 311 828 375 732 874 643 887 735 559 405 386 886 655 648 274 438 544 405 877 840 428 478 441 673 742 336 694 424 855 487 544 787 272 565 731 615 477 200 509 300 320 567 737 603 539 411 748 433 749 248 218 315 272 132 239 335 582 143 156 675 802 427 193 585 321 612 133 898 512 48 528 209 624 792 655 544 294
531 903 0 954 619 787 914 672 819 937 243 448 321 934 351 978 560 936 917 693 122 724 852 879 344 724 893 734 487 693 953 645 461 718 757 248 686 888 860 746 814 734 836 433 286 1040 159 979 1136 515 766 487 800 152 851 1183 870 374 931 1178 555 792 540 488 224 788 895 939 210 488 401 487 857 762 173 678 668 1100 758 517 338 931 419 742 920 972 737 904 135 669 1145 872 976 340 912 572 769 931 867 823 1060 1093 197 270 255 764 1096 873 967 793 993 116 4 721 933 1094 876 273 1049 630 553 188 198 947 651 329 746 917 846 854 692 1184 695 911 274 761 49 592 1162 581 79 1191 829 767 802 417 551 918 1180 1109 724 913 979 287 481 563 685 423 709 981 963 150 541 585 491 552 642 557 678 348 904 202 551 1059 896 760 1213 71 870 112 544 440 404 781 925 121 674 793 637 1093 663 752 653 456 345 344 517 978 347 826 744 933 469 767 561 125 921 795 717 624 387 499 718 757 758 1044 1299 888 774 473 574 860 902 289 924 584 1197 239 28 383 586 716 1120 636 561 780 867 278 876 832 361 1013 971 905 600 1121 850 765 954 673 868 776 83 858 1117 231 892 949 358 290 830 939 954 899 813 390 327 1003 1294 1203 167 724 505 660 723 888 689 894 684 796 323 943 964 302 326 782 1038 499 704 337 821 151 1289 890 375 761 287 214 286 1033 873
556 463 954 0 528 386 162 714 344 221 737 594 774 487 764 227 471 517 557 483 860 232 524 697 811 463 94 431 520 494 528 609 494 235 370 865 744 298 535 409 688 360 172 636 752 278 804 226 337 796 562 467 352 823 302 343 338 769 23 237 398 674 416 469 739 238 471 455 745 625 709 776 256 324 872 679 765 146 335 783 636 570 783 480 678 411 573 145 836 284 192 488 391 701 553 470 371 409 276 235 293 417 790 767 819 210 315 547 247 183 414 872 952 448 218 296 659 711 206 494 589 766 862 451 553 647 303 280 115 249 386 234 695 97 683 360 982 636 340 824 876 374 126 507 533 553 422 544 236 183 246 573 250 699 564 672 307 633 829 419 223 804 413 463 462 615 548 626 428 606 269 753 651 159 448 235 340 884 435 849 523 708 596 398 739 921 572 637 549 425 623 209 398 505 679 811 597 353 653 131 716 388 670 258 489 848 71 166 405 588 578 626 549 726 328 144 399 662 398 631 385 231 686 747 152 579 381 720 930 578 637 415 166 327 667 538 248 680 192 121 641 105 448 431 756 184 874 326 303 317 287 837 878 109 163 750 726 111 636 695 132 271 49 754 186 566 660 140 381 349 789 825 556 452 369 765 627 591 407 191 671 606 330 654 703 171 364 465 291 618 558 875 394 507 664 329 685 763 668 95 174
581 794 619 528 0 192 404 823 649 392 515 541 324 830 648 686 120 317 866 77 497 346 803 937 689 109 435 130 483 75 868 95 304 370 616 678 854 314 816 639 893 174 357 578 337 756 464 687 839 786 773 294 217 466 281 861 282 670 507 760 318 870 345 364 407 529 795 812 471 616 238 752 615 581 469 802 858 646 202 777 459 318 714 123 949 803 138 577 483 339 701 253 793 568 296 525 186 321 639 303 776 874 552 589 636 327 807 832 409 472 818 596 615 113 390 794 910 349 516 612 634 464 642 814 50 469 543 348 474 607 567 747 824 441 438 187 622 707 851 848 562 886 448 149 776 260 218 858 756 711 437 301 702 336 539 717 463 195 927 813 674 503 313 532 308 94 37 673 594 385 662 442 690 682 280 488 865 568 255 509 557 216 489 181 991 654 715 845 34 879 748 345 134 270 543 689 105 383 506 413 870 764 175 523 98 494 541 448 609 691 287 626 110 885 208 543 927 919 176 609 367 599 943 333 599 54 893 404 606 299 109 127 659 391 711 167 322 441 585 435 505 627 356 291 809 710 1037 212 375 459 303 971 535 420 664 389 964 459 269 503 404 690 499 986 509 379 300 497 908 871 500 933 118 599 582 987 769 875 579 489 506 914 745 369 292 409 810 250 472 393 806 484 922 816 555 584 477 406 415 563 569
628 747 787 386 192 0 236 858 600 209 645 612 511 780 750 583 229 196 831 120 670 282 776 931 796 90 292 62 540 128 821 243 391 313 585 805 890 124 789 616 898 70 218 654 517 647 629 583 719 860 769 370 33 635 95 730 90 768 369 601 353 876 385 427 565 467 750 756 615 679 428 829 543 541 651 831 901 481 69 849 567 229 805 98 931 732 188 474 652 308 537 136 718 671 207 553 26 146 568 151 666 778 689 709 760 231 693 804 220 395 744 747 784 80 208 676 898 513 330 627 678 617 778 755 193 579 503 158 369 534 552 583 852 290 570 43 797 748 725 914 723 759 345 121 760 386 278 821 595 563 387 223 602 500 599 768 437 373 971 743 573 658 357 555 378 286 193 720 589 501 583 596 741 545 128 430 725 730 100 675 597 408 574 12 983 805 731 846 196 785 773 261 143 370 645 796 294 194 608 302 892 698 367 469 225 663 420 364 593 720 417 686 168 906 78 367 776 906 16 676 389 521 930 513 494 245 767 557 771 426 288 71 491 382 762 152 146 571 496 326 603 491 192 128 863 557 1063 73 182 438 117 1004 703 292 499 556 959 295 429 621 287 602 347 984 431 480 460 322 753 736 651 974 285 602 558 989 789 849 570 414 614 881 662 508 469 321 717 332 439 512 790 662 773 778 648 545 598 573 547 399 477
603 597 914 162 404 236 0 798 462 65 722 620 689 626 783 383 378 355 689 346 808 218 647 816 832 322 85 290 542 356 667 474 460 240 471 868 829 136 659 508 798 229 81 664 678 439 757 383 499 849 668 433 203 771 145 502 177 794 152 365 378 781 405 460 690 334 604 596 715 668 614 824 383 422 807 765 847 245 201 836 627 407 818 334 805 558 424 286 786 274 301 327 541 711 391 517 227 247 407 102 455 577 774 768 821 159 477 673 99 258 565 848 912 308 60 458 780 651 136 565 645 728 855 593 420 639 391 118 200 375 465 347 784 68 658 220 935 704 500 889 840 534 187 356 646 497 362 677 359 329 293 411 405 639 596 735 359 544 914 567 377 769 390 513 434 497 416 686 507 580 410 712 710 317 286 311 492 848 274 803 569 605 604 249 863 902 658 746 418 585 707 182 289 459 686 831 489 197 655 148 813 531 565 347 389 798 216 227 495 663 527 672 404 825 195 140 540 785 250 670 386 358 809 673 300 458 541 675 893 530 511 280 256 343 729 385 90 656 323 166 645 266 288 268 826 321 979 191 145 367 127 933 833 113 263 693 846 59 569 687 132 419 116 873 283 545 597 94 517 505 757 913 459 528 457 882 716 718 486 275 669 740 480 613 628 199 521 415 350 592 674 814 537 638 678 427 670 708 638 162 303
242 353 672 714 823 858 798 0 385 857 462 298 774 365 321 575 703 1055 309 853 674 598 269 214 333 864 724 848 341 862 361 911 523 568 345 434 31 875 269 306 149 789 728 278 717 602 626 577 676 177 180 529 844 655 849 736 890 298 701 837 513 131 483 459 605 476 340 390 531 222 785 193 473 390 737 35 51 831 791 169 426 1086 257 892 261 449 956 581 652 555 847 994 464 350 1063 306 831 981 461 770 614 572 487 406 416 662 641 273 894 544 467 556 673 850 852 652 222 641 908 235 189 568 476 400 873 424 413 884 611 477 334 865 31 747 497 815 721 116 709 148 611 723 617 932 226 591 608 317 847 768 505 1076 560 642 289 119 441 729 116 452 565 573 514 303 515 838 861 153 291 490 488 580 142 713 984 489 784 615 957 638 267 819 362 862 255 561 142 149 857 568 91 631 736 560 360 333 789 973 383 650 72 427 812 458 725 657 646 573 309 139 579 210 924 85 784 856 873 232 856 235 471 494 240 714 587 836 727 583 644 565 884 818 852 479 123 963 822 490 532 635 374 697 1031 978 84 792 215 791 924 435 852 148 651 688 840 643 222 789 647 429 665 513 749 227 529 471 637 840 885 761 553 115 735 270 346 216 89 269 313 530 401 312 493 550 702 599 544 574 448 489 222 721 861 313 330 385 451 640 510 808 546
305 147 819 344 649 600 462 385 0 527 575 377 760 182 531 194 541 782 232 645 761 319 184 355 572 642 378 615 331 656 222 745 435 289 62 653 411 571 197 87 344 541 411 406 716 237 702 196 327 502 220 420 575 729 555 382 598 526 335 454 357 330 345 371 649 133 150 162 616 369 728 492 89 70 800 349 436 448 531 489 482 825 521 667 343 165 752 201 735 310 462 733 163 495 804 247 575 687 76 470 254 275 625 571 613 370 288 211 561 210 184 713 819 625 522 292 318 651 548 209 311 648 669 165 693 490 106 569 261 95 127 480 361 399 555 559 859 332 357 514 741 381 276 705 188 519 447 221 464 384 216 822 184 644 343 374 188 652 494 175 182 675 368 234 406 705 683 337 145 496 106 646 360 328 707 170 423 748 686 737 282 747 415 608 401 747 248 293 681 276 298 339 524 468 482 572 666 656 473 320 376 123 721 130 566 745 273 243 106 280 529 364 721 385 522 488 514 322 604 381 309 114 347 712 204 685 387 625 791 520 744 588 469 264 370 739 514 549 153 298 459 312 735 696 442 407 530 526 604 195 551 495 761 350 456 676 384 436 606 529 336 136 386 412 179 454 616 480 519 405 656 488 610 168 96 422 295 256 135 191 496 282 145 563 679 283 218 450 177 504 214 794 502 179 455 68 532 683 551 434 170
656 662 937 221 392 209 65 857 527 0 756 667 694 691 828 446 387 298 754 327 827 267 711 880 876 299 150 269 590 336 732 452 492 293 534 907 889 90 724 571 861 222 130 712 689 500 778 446 555 902 731 466 178 791 113 554 132 840 214 403 417 843 446 500 712 398 669 661 744 719 616 876 448 485 820 825 906 280 193 889 664 352 866 306 870 623 392 350 806 321 335 277 605 753 338 570 208 189 472 115 515 639 807 807 860 204 536 738 37 321 629 878 935 287 4 516 844 669 123 623 700 754 890 658 401 676 453 62 265 440 525 381 844 132 689 205 955 761 554 944 866 587 250 322 710 520 387 743 395 376 352 358 468 656 645 790 417 550 973 632 441 795 428 568 468 487 399 741 568 612 474 737 765 371 233 373 541 873 226 825 622 603 647 221 928 933 718 809 402 647 766 232 294 486 728 875 486 133 695 210 874 596 561 410 394 818 280 290 557 721 550 724 375 886 190 160 581 849 225 721 431 423 874 685 364 447 595 699 917 555 495 265 287 394 784 348 72 688 388 229 686 323 226 214 882 365 1041 184 81 423 92 993 855 177 297 712 910 111 585 723 194 483 173 937 347 580 614 117 556 556 784 973 463 587 519 946 776 783 546 338 708 805 544 639 639 258 584 443 409 624 738 829 579 702 722 490 705 727 668 201 368
290 661 243 737 515 645 722 462 575 756 0 206 334 692 163 739 420 822 680 578 213 515 613 657 189 603 687 603 245 582 713 575 264 503 514 162 483 724 622 502 594 581 641 197 276 799 163 740 895 338 531 290 649 192 688 944 716 190 714 951 345 570 322 267 155 552 653 696 71 255 372 303 617 520 274 461 471 883 599 335 101 831 243 626 694 729 652 671 190 457 924 755 732 112 809 328 622 791 626 642 819 849 53 79 121 565 855 635 790 566 749 139 243 595 752 854 649 207 858 387 317 107 134 704 560 90 506 749 624 614 449 961 481 707 76 610 286 366 922 408 167 950 610 660 564 260 374 679 955 880 497 815 738 214 238 345 450 347 525 737 724 112 332 341 288 483 548 328 434 145 662 122 327 828 767 528 976 173 739 178 300 414 160 641 707 184 439 567 543 850 436 547 501 276 107 189 435 822 103 614 532 690 423 530 431 196 696 572 473 391 231 267 626 546 597 841 1063 661 634 240 352 621 678 275 691 500 956 139 215 220 527 579 904 411 341 682 692 74 640 617 117 785 837 772 404 894 663 605 789 439 702 588 196 649 899 193 674 748 256 46 621 698 744 685 582 177 231 804 1059 964 92 537 399 417 480 676 463 659 440 566 79 708 721 147 279 566 794 317 470 133 585 259 1053 650 138 519 52 186 100 822 639
84 455 448 594 541 612 620 298 377 667 206 0 480 486 170 554 423 806 475 582 412 402 407 468 217 599 565 588 77 590 507 623 237 380 315 281 325 659 417 299 409 542 540 44 424 609 356 555 703 249 329 249 605 385 627 755 663 176 574 786 260 384 228 185 321 378 447 490 261 77 486 217 430 329 465 286 324 736 551 238 135 828 199 626 500 525 678 502 387 346 770 741 530 118 805 135 586 749 435 561 628 647 251 193 238 463 663 431 704 412 546 338 449 586 662 664 455 349 749 181 120 298 292 499 591 137 323 677 478 429 254 801 308 588 212 570 492 185 732 308 373 757 471 665 360 295 338 474 792 714 348 816 550 348 34 182 288 431 390 533 539 315 255 146 238 545 578 146 233 192 471 303 156 659 740 364 791 379 712 381 96 521 64 613 520 369 240 374 574 647 247 437 475 271 105 217 495 760 104 487 359 487 514 356 443 395 541 427 272 195 281 88 648 374 546 717 880 466 606 68 236 439 485 421 519 547 763 297 420 267 592 560 757 277 176 693 615 205 464 483 91 622 799 739 269 731 513 554 718 277 636 442 401 526 750 357 488 631 348 161 498 507 612 503 418 173 340 687 880 777 295 398 443 213 284 497 273 457 242 407 127 506 523 255 405 434 595 293 305 192 381 453 870 444 78 327 173 357 220 686 467
555 883 321 774 324 511 689 774 760 694 334 480 0 919 497 868 310 632 929 401 202 547 860 946 522 434 693 452 466 399 949 330 325 555 707 467 799 627 872 713 888 474 622 495 58 937 198 869 1031 670 798 343 532 183 592 1067 601 524 750 1011 413 864 417 390 179 679 879 912 263 552 86 635 764 692 153 765 791 912 502 666 347 621 576 446 974 926 425 771 199 507 963 572 922 435 602 546 499 646 782 588 959 1027 341 412 440 564 994 887 718 653 944 342 317 436 691 986 930 132 816 631 600 234 417 918 346 349 662 660 686 758 642 1008 787 706 279 496 313 664 1051 740 288 1084 663 465 819 242 354 925 1010 951 593 601 876 132 498 654 582 144 851 936 854 257 399 558 355 242 339 625 649 290 815 214 632 910 603 641 1085 292 579 228 548 120 415 502 999 394 714 851 334 1030 727 565 401 295 419 521 218 705 391 644 838 884 154 664 300 206 762 643 680 673 231 564 410 853 504 828 1160 941 496 539 455 757 962 60 794 279 1091 196 317 240 269 441 928 511 650 472 622 285 759 658 400 856 679 615 728 956 984 511 691 572 612 910 247 666 930 141 967 736 154 352 642 849 759 983 684 321 146 783 1147 1082 267 862 231 641 669 977 753 921 644 664 376 968 891 224 81 615 964 323 599 288 845 172 1153 888 446 693 327 151 264 834 749
402 36 934 487 830 780 626 365 182 691 692 486 919 0 609 277 720 959 77 827 894 500 96 235 642 824 540 797 463 838 41 926 599 471 217 735 381 743 95 206 258 722 584 501 871 272 836 278 325 527 191 587 754 864 731 385 773 596 485 524 529 257 514 530 790 312 39 34 744 450 895 529 243 248 940 334 411 557 711 515 611 1003 576 849 202 96 934 343 868 492 555 911 116 595 983 377 756 860 218 646 277 208 736 669 702 549 296 94 723 386 108 821 934 807 686 311 198 801 693 305 385 779 762 42 875 616 286 738 427 251 278 559 334 559 688 739 978 369 358 513 859 366 447 886 145 683 623 64 537 465 398 1001 255 796 454 410 367 821 449 94 274 800 540 364 573 883 864 392 270 640 218 780 408 416 884 351 436 866 863 865 393 917 537 788 265 846 274 224 862 203 307 518 705 634 589 641 842 823 589 491 323 100 893 312 745 877 418 418 238 323 688 441 904 325 703 626 522 196 785 465 480 267 215 867 335 864 369 766 905 678 923 770 575 441 408 921 686 681 302 468 576 424 907 871 444 491 435 706 771 372 725 425 887 517 560 821 261 591 767 647 508 219 534 288 352 602 772 627 538 409 780 437 785 281 254 304 289 121 274 367 613 120 169 709 837 460 191 621 357 646 143 931 509 52 558 245 656 826 689 566 322
227 583 351 764 648 750 783 321 531 828 163 170 497 609 0 716 540 938 581 702 362 566 520 529 48 723 732 718 244 708 622 717 359 546 470 125 336 811 526 447 464 682 703 129 439 768 321 718 859 176 428 380 748 348 777 913 810 27 743 954 412 442 381 330 318 547 573 621 235 163 532 143 593 491 429 328 319 906 696 174 188 954 79 749 572 664 787 670 342 509 940 872 672 80 932 301 725 893 595 718 786 791 172 90 97 625 819 537 863 582 685 235 352 713 823 822 528 369 915 323 226 268 158 630 695 179 489 832 648 593 415 971 344 755 226 711 400 247 889 246 291 913 640 785 469 388 472 583 960 882 518 940 710 374 201 214 458 498 368 671 702 262 403 311 372 629 683 217 386 263 631 285 206 826 877 534 952 295 849 325 253 572 180 749 574 243 337 446 678 790 318 601 608 385 106 47 580 912 143 655 393 629 577 524 556 346 711 597 424 287 363 170 758 406 691 886 1042 540 742 150 397 604 553 438 686 641 918 301 323 349 675 691 927 444 213 811 771 220 631 652 147 791 942 879 251 900 508 699 873 447 788 433 334 693 920 357 541 798 406 151 665 665 781 548 588 272 385 854 1044 936 245 381 536 363 444 537 343 552 400 577 142 601 674 296 440 603 743 418 475 255 483 411 1031 562 105 489 179 349 247 856 635
489 260 978 227 686 583 383 575 194 446 739 554 868 277 716 0 600 736 352 660 906 341 337 505 759 647 302 617 495 671 315 778 550 323 250 834 600 515 345 281 512 540 366 588 833 70 846 1 163 697 401 528 552 870 512 205 552 713 232 262 455 503 457 499 787 192 271 243 769 557 820 686 123 224 934 540 627 280 521 684 640 786 712 669 478 190 760 110 880 365 281 700 169 671 769 419 563 630 122 433 91 196 791 746 792 363 125 354 473 219 190 878 977 631 443 118 467 776 426 400 503 797 845 236 722 650 233 502 215 124 301 292 549 315 706 549 1014 527 185 708 899 216 240 701 361 627 522 340 273 195 274 788 23 767 520 569 296 741 681 197 15 829 470 407 517 761 714 531 332 637 88 791 554 142 664 227 237 906 648 886 462 830 580 594 541 918 442 466 714 203 492 341 552 574 655 759 731 579 640 282 558 177 797 212 622 891 168 238 296 474 644 553 733 565 513 355 326 468 592 568 419 117 489 829 89 732 224 764 951 639 792 594 298 359 564 734 460 701 108 258 626 147 672 649 636 220 698 514 528 307 501 673 912 292 283 808 533 338 716 693 295 63 276 561 184 594 733 363 328 225 811 673 680 356 272 575 486 393 316 206 663 398 109 699 789 277 138 545 277 647 379 932 315 309 632 227 691 818 697 293 120
461 684 560 471 120 229 378 703 541 387 420 423 310 720 540 600 0 402 752 161 445 260 688 818 583 183 386 183 363 168 757 212 186 277 504 582 733 329 701 524 773 174 313 461 301 670 401 601 759 670 655 175 239 410 291 786 310 561 448 709 199 749 225 244 337 429 684 704 386 497 238 637 517 472 433 681 738 604 199 661 352 414 602 208 831 700 254 493 426 238 657 335 691 460 392 405 209 375 539 278 691 780 462 488 538 261 724 717 413 381 716 518 557 175 384 713 791 287 507 491 514 387 552 707 170 362 435 359 397 509 451 702 703 397 344 200 573 587 774 731 494 808 372 245 659 159 99 745 707 653 336 400 613 274 420 597 353 166 807 710 587 428 193 412 188 164 158 552 476 281 566 367 570 617 347 387 797 502 320 448 436 237 373 224 872 576 595 725 154 785 627 269 94 155 434 583 131 418 397 345 749 659 200 420 24 437 470 362 494 570 190 507 224 764 199 518 866 801 216 491 248 503 825 297 517 144 816 328 543 200 203 160 620 278 591 271 315 346 494 363 394 562 419 353 690 655 917 207 394 348 310 851 476 362 623 330 844 425 202 401 340 595 452 866 417 267 233 473 851 799 422 813 84 480 468 867 648 759 462 396 399 799 647 280 252 327 716 130 364 290 689 443 860 703 443 475 376 346 320 525 480
824 927 936 517 317 196 355 1055 782 298 822 806 632 959 938 736 402 0 1014 246 815 471 962 1121 983 219 434 220 736 244 1000 307 579 502 773 984 1087 221 975 806 1091 266 376 848 652 794 782 736 854 1055 961 560 212 783 228 853 186 958 507 694 549 1070 581 620 724 648 932 932 784 874 546 1024 717 727 783 1027 1098 571 264 1044 752 55 996 196 1120 902 212 633 801 503 623 66 886 858 49 750 223 109 741 312 811 932 862 890 940 413 833 990 283 572 911 912 933 226 301 814 1088 666 383 823 875 780 952 930 287 763 690 237 534 708 745 667 1048 422 745 240 938 945 853 1110 879 886 513 168 950 561 469 1003 684 673 575 67 758 654 795 965 629 512 1168 912 729 820 552 752 570 390 294 916 783 682 751 758 938 670 74 614 838 886 98 826 794 515 765 194 1173 970 927 1039 300 939 969 445 331 554 832 983 420 184 795 468 1087 870 477 653 390 811 568 540 784 916 591 882 222 1101 271 446 872 1095 200 871 585 693 1120 649 650 354 893 719 924 601 368 247 574 577 959 160 276 747 663 492 791 621 87 87 1060 660 1258 265 223 632 236 1200 853 447 586 707 1150 409 586 803 452 766 470 1176 606 666 617 409 845 854 816 1170 434 797 748 1182 985 1036 763 591 799 1065 827 679 609 499 874 520 629 692 980 798 872 962 838 732 778 724 722 496 643
391 94 917 557 866 831 689 309 232 754 680 475 929 77 581 352 752 1014 0 869 887 549 69 159 609 868 605 843 464 880 53 962 616 518 250 706 321 802 58 228 187 770 642 484 879 349 831 354 399 480 152 608 806 859 787 459 830 565 553 601 556 190 537 546 790 365 85 111 736 428 912 486 306 290 938 281 351 633 761 469 606 1057 539 895 125 173 977 412 862 533 632 964 193 576 1036 382 806 919 283 702 354 277 720 648 676 601 372 44 787 442 184 802 918 852 750 388 122 806 763 300 364 773 737 120 913 610 329 799 489 314 301 636 278 624 684 789 963 335 432 458 845 439 506 933 115 700 654 12 614 541 444 1053 331 802 446 372 404 840 382 171 348 790 565 371 593 913 901 363 283 644 288 776 375 493 939 401 511 851 917 856 387 937 532 839 188 822 244 161 899 271 266 570 747 653 573 608 870 885 579 550 259 175 916 361 777 870 486 474 259 294 701 418 946 259 753 697 595 119 834 443 506 331 138 875 406 897 441 765 888 691 955 815 651 475 372 967 745 677 368 528 566 498 967 928 392 568 359 757 833 407 783 353 876 578 636 823 184 658 780 636 567 293 603 211 410 608 782 697 613 483 770 370 813 287 284 227 244 46 292 423 603 50 246 713 848 515 267 645 397 648 97 927 583 52 542 286 648 826 687 639 387
614 792 693 483 77 120 346 853 645 327 578 582 401 827 702 660 161 246 869 0 573 329 809 952 745 32 389 58 518 11 866 127 347 357 619 740 884 244 822 645 912 122 311 621 413 727 537 660 806 830 788 333 149 540 214 823 209 723 464 709 340 889 370 399 478 518 794 806 538 655 316 798 601 579 546 829 891 591 148 821 513 253 764 49 959 791 107 549 557 335 647 180 779 621 231 550 119 244 625 250 747 852 617 648 697 297 777 838 340 454 804 666 690 39 325 762 922 421 449 632 666 534 707 807 74 524 541 278 444 592 575 694 851 391 501 126 698 739 816 890 634 850 419 83 786 318 246 860 704 665 429 238 677 408 576 753 465 270 961 801 649 574 339 555 344 167 72 706 606 441 645 512 725 641 203 477 823 641 178 582 586 292 535 108 1005 724 737 862 76 858 774 320 122 317 596 744 183 307 558 379 895 753 251 515 147 568 506 426 617 718 347 664 76 910 155 482 880 931 103 650 385 582 955 410 571 126 858 473 680 358 168 67 603 397 746 111 260 503 563 403 556 586 279 214 846 661 1065 157 302 463 235 1001 610 380 610 463 979 404 340 561 368 670 449 1003 491 429 371 436 859 831 570 966 188 615 587 1006 793 882 590 471 560 918 727 433 368 385 789 289 471 451 816 560 876 818 605 583 536 480 477 508 546
496 861 122 860 497 670 808 674 761 827 213 412 202 894 362 906 445 815 887 573 0 628 819 871 371 603 793 615 433 572 918 523 367 626 702 294 693 774 829 696 808 619 732 409 164 971 59 907 1067 537 741 393 684 37 737 1111 754 388 837 1090 465 784 454 407 121 713 855 895 150 468 279 505 789 700 70 674 680 1005 644 536 283 809 439 621 907 922 615 823 26 576 1053 751 923 324 790 520 653 812 802 714 992 1037 189 272 281 662 1028 843 856 709 942 153 118 602 823 1024 862 158 942 590 528 114 240 902 529 278 678 804 757 785 635 1093 694 810 207 645 128 579 1092 607 91 1122 738 646 772 311 446 886 1091 1023 642 791 909 171 441 557 610 302 730 931 891 101 450 533 399 430 520 541 628 269 837 115 541 975 776 682 1137 93 750 37 501 319 356 662 920 197 650 779 515 1038 649 654 539 355 319 371 395 862 308 730 745 881 347 693 444 16 833 708 665 603 283 480 596 759 644 941 1220 874 656 453 490 789 891 167 845 462 1128 142 115 282 464 598 1024 553 554 658 756 213 801 739 321 926 851 786 612 1033 869 652 840 598 755 795 45 760 1023 115 887 846 243 252 732 873 856 898 733 312 213 899 1213 1130 120 743 386 613 665 888 676 869 630 714 285 918 904 208 205 690 978 397 629 259 794 50 1211 855 351 699 239 99 210 934 795
388 466 724 232 346 282 218 598 319 267 515 402 547 500 566 341 260 471 549 329 628 0 493 650 614 323 172 296 324 341 541 440 263 31 303 654 629 277 506 335 621 222 138 446 522 411 572 342 499 634 491 236 259 591 252 527 294 576 208 466 169 600 192 247 507 189 469 478 517 452 489 608 271 258 640 567 644 377 212 621 416 510 600 349 649 461 435 234 604 57 425 417 449 495 488 303 257 386 295 172 432 527 567 555 607 64 465 522 304 125 475 646 722 307 262 453 617 479 349 362 433 535 644 478 385 428 220 287 138 263 275 466 587 192 456 240 750 496 514 677 647 548 116 386 479 320 193 539 466 403 105 505 356 467 378 524 160 411 713 472 329 574 183 302 232 419 376 475 315 378 317 522 498 362 396 149 540 654 372 617 355 494 388 289 702 698 462 568 375 532 508 35 213 272 470 614 390 375 440 102 622 424 459 188 281 615 215 103 313 459 345 456 406 635 204 326 613 624 285 453 169 253 649 517 257 390 556 488 700 345 451 270 396 126 518 420 224 454 238 112 430 308 436 388 617 410 792 208 327 164 254 739 646 135 395 517 679 234 405 476 106 343 230 705 163 339 428 291 600 540 560 714 342 331 277 711 521 567 294 142 456 599 399 422 474 68 463 233 158 390 509 642 606 496 461 263 462 530 439 309 222
323 85 852 524 803 776 647 269 184 711 613 407 860 96 520 337 688 962 69 809 819 493 0 172 550 809 563 785 395 819 102 898 548 462 191 645 286 754 13 164 175 713 595 418 809 347 762 338 412 430 95 540 752 791 737 472 780 505 517 595 491 169 470 478 721 316 72 120 668 364 843 433 268 235 869 237 316 613 706 419 537 1003 482 836 158 181 916 379 794 474 618 910 199 511 982 313 750 870 247 652 356 303 654 584 614 549 379 29 746 393 198 737 852 793 707 393 134 737 730 231 299 705 675 131 850 542 272 753 446 276 236 628 239 584 615 733 897 276 445 417 779 457 461 874 50 631 589 66 607 531 388 999 317 733 378 316 343 772 358 183 330 723 499 302 525 847 839 302 215 574 261 708 316 479 887 348 522 785 865 789 319 869 463 783 216 759 182 133 836 298 212 517 686 585 507 549 803 841 512 504 231 167 849 309 712 802 453 426 193 232 633 354 885 235 697 667 610 138 778 379 440 294 162 806 376 832 460 697 823 622 889 757 633 412 315 909 697 609 332 483 498 477 918 877 347 557 361 702 789 345 734 340 809 534 618 754 201 620 711 569 521 274 568 229 364 539 713 662 624 497 703 347 746 219 221 241 193 73 226 375 535 111 238 644 779 464 278 578 338 579 47 859 597 44 476 230 580 757 619 611 351
391 245 879 697 937 931 816 214 355 880 657 468 946 235 529 505 818 1121 159 952 871 650 172 0 546 956 733 934 484 962 209 1030 658 619 349 646 211 919 161 315 65 865 760 462 892 507 818 507 558 391 163 656 909 848 899 617 942 508 690 759 619 87 594 588 789 482 234 269 723 403 944 407 440 397 929 201 239 784 861 383 603 1160 470 983 52 331 1059 551 847 623 786 1067 352 547 1138 417 904 1033 420 815 513 433 689 610 626 709 531 151 915 560 343 763 881 940 876 547 38 816 902 328 348 760 687 278 986 604 432 920 616 448 378 793 186 754 680 887 928 291 591 350 814 596 629 1023 171 736 719 171 771 697 546 1154 485 815 447 316 493 879 248 330 500 770 624 408 641 970 974 329 345 656 432 768 330 647 1047 511 670 819 1023 836 401 974 532 937 54 772 233 95 971 427 222 677 829 696 551 545 923 1008 567 671 143 330 959 473 842 854 625 592 337 273 731 391 1027 135 853 840 753 39 932 418 570 466 29 889 549 960 598 765 851 719 1015 905 803 554 318 1056 862 673 504 651 555 648 1082 1038 297 723 200 858 956 492 897 204 852 703 788 825 29 792 806 619 688 444 740 57 533 628 803 834 771 642 750 232 867 338 372 70 195 114 362 542 588 130 401 723 869 628 426 698 492 658 142 915 741 196 520 392 637 825 688 783 523
270 617 344 811 689 796 832 333 572 876 189 217 522 642 48 759 583 983 609 745 371 614 550 546 0 767 781 763 293 750 652 756 405 595 512 100 344 859 556 487 481 728 751 176 464 809 337 761 900 170 457 426 794 362 825 955 857 46 791 1000 460 460 429 378 343 593 606 655 258 203 562 143 637 535 440 345 324 953 742 173 231 998 76 792 591 701 828 716 354 557 986 917 710 125 975 347 771 940 638 766 827 828 185 110 91 673 860 566 912 629 721 232 346 757 871 864 548 397 964 363 263 288 145 665 736 220 534 880 696 637 458 1017 359 803 259 757 393 274 930 238 293 953 688 828 499 429 518 612 1006 927 565 984 753 403 247 237 505 533 365 707 745 276 450 356 419 666 724 249 428 304 673 307 234 872 923 581 994 296 895 334 298 603 228 795 588 228 367 467 719 826 343 649 654 429 151 0 617 960 188 703 406 667 611 570 598 356 758 645 466 318 403 208 800 418 738 934 1085 559 788 191 446 648 571 463 732 680 959 328 318 390 712 736 974 492 237 853 819 254 676 700 193 837 988 925 257 946 506 746 921 494 836 432 339 742 967 380 555 846 441 187 714 707 829 560 635 317 419 903 1087 978 261 380 576 404 487 547 367 578 443 624 184 626 714 330 469 651 782 464 522 295 511 421 1074 593 153 532 214 371 282 904 681
626 789 724 463 109 90 322 864 642 299 603 599 434 824 723 647 183 219 868 32 603 323 809 956 767 0 369 32 533 38 864 153 365 352 619 765 895 214 823 646 918 106 292 639 445 714 567 648 791 847 792 349 121 571 185 805 178 743 445 686 351 895 382 414 507 513 791 802 565 670 348 815 594 578 578 839 903 567 128 837 535 231 783 27 962 784 113 537 588 335 623 152 772 643 208 559 94 212 618 228 733 841 643 672 722 285 762 838 310 446 797 694 720 16 297 746 926 451 420 640 679 562 733 802 103 546 539 248 432 585 578 669 861 370 526 103 729 751 799 906 664 834 406 67 789 342 260 859 680 644 426 218 665 438 591 766 466 302 973 795 637 602 351 564 360 200 103 719 611 464 637 541 739 622 172 473 804 671 146 612 598 325 553 78 1009 752 745 867 107 847 783 311 128 338 617 766 215 274 580 365 904 747 284 511 171 599 490 417 620 728 372 679 86 918 136 456 859 934 74 665 394 574 958 441 558 159 841 502 710 383 199 53 578 401 760 100 233 528 554 389 577 567 248 182 860 639 1074 137 270 465 206 1012 640 363 586 493 984 380 369 585 353 660 428 1008 483 450 400 410 837 813 598 978 218 620 588 1011 801 883 593 464 583 918 719 460 399 375 778 307 471 474 819 592 855 817 624 582 560 510 502 484 535
540 512 893 94 435 292 85 724 378 150 687 565 693 540 732 302 386 434 605 389 793 172 563 733 781 369 0 337 488 400 582 515 432 186 390 825 754 213 575 428 717 266 78 609 675 361 739 302 427 785 587 405 259 756 212 437 250 741 76 325 341 700 364 419 673 253 519 511 688 607 625 762 298 342 799 690 773 218 241 772 588 484 761 386 721 474 479 201 770 229 271 399 456 664 467 453 277 328 322 141 378 497 739 725 778 131 403 589 182 179 481 818 891 354 145 385 696 640 187 493 579 705 816 508 460 600 312 201 117 290 389 316 708 23 627 266 917 634 432 821 816 467 107 413 564 482 348 593 322 276 224 486 323 628 539 667 290 550 839 483 295 744 355 448 403 524 454 618 433 549 325 691 643 253 362 234 434 824 347 785 506 622 557 304 780 870 582 665 455 505 632 140 308 438 640 780 508 282 611 77 735 446 583 267 402 781 134 151 417 590 509 610 455 746 234 154 491 701 304 611 339 273 726 671 216 488 474 655 870 511 544 321 235 288 661 445 159 625 238 88 600 199 371 346 756 274 899 232 230 299 199 855 814 38 237 680 763 66 561 648 67 335 65 790 201 511 587 122 472 443 730 837 470 454 379 800 639 634 411 195 627 655 396 591 626 131 440 396 279 561 591 804 487 553 629 347 634 694 610 141 218
612 763 734 431 130 62 290 848 615 269 603 588 452 797 718 617 183 220 843 58 615 296 785 934 763 32 337 0 520 67 837 184 359 326 594 765 880 186 799 623 898 76 260 629 459 683 576 617 759 838 771 341 91 582 155 773 152 737 413 654 336 875 367 403 515 485 766 775 569 658 367 806 566 553 593 822 888 535 96 827 532 240 776 52 939 756 143 506 598 312 591 154 743 638 217 542 62 197 590 196 702 811 645 671 721 256 731 814 282 417 768 700 731 18 267 715 903 461 391 621 664 568 735 775 132 543 514 220 401 557 556 638 844 338 527 71 742 735 767 894 672 802 376 89 766 343 250 834 648 612 400 229 635 448 579 752 442 316 958 766 606 609 337 546 351 224 131 705 590 463 608 547 725 590 164 446 772 679 137 622 583 346 545 51 987 758 726 847 134 817 766 282 113 334 612 762 233 253 575 335 886 720 305 485 175 610 458 388 597 711 373 667 117 900 104 425 826 911 46 654 377 546 936 456 527 183 809 508 719 383 227 29 546 380 746 123 202 529 524 358 571 535 237 171 847 607 1056 105 245 442 177 995 650 331 554 503 962 348 377 583 322 631 396 987 454 446 408 379 805 781 603 962 229 600 565 990 783 859 572 435 579 893 689 463 412 346 748 300 446 473 796 606 823 792 618 557 559 520 504 453 506
99 429 487 520 483 540 542 341 331 590 245 77 466 463 244 495 363 736 464 518 433 324 395 484 293 533 488 520 0 527 489 570 182 303 270 348 371 583 407 263 430 470 462 122 414 555 374 497 650 320 331 188 532 401 551 699 588 253 499 718 187 405 154 119 327 312 423 462 285 138 459 290 373 275 477 322 374 663 478 309 151 760 276 560 509 489 618 435 407 268 699 671 491 182 737 86 514 675 381 484 575 606 296 253 302 385 610 422 626 339 509 383 487 520 585 609 465 341 672 164 151 318 351 470 533 158 262 600 404 370 204 732 344 511 226 498 527 224 677 374 409 705 396 599 353 254 272 461 723 646 273 749 494 337 59 234 216 396 443 498 481 344 183 99 175 497 521 189 195 179 417 318 207 592 668 294 733 416 641 406 82 490 84 542 538 422 251 388 517 607 273 359 407 219 162 292 449 684 144 410 393 449 477 290 385 416 469 353 232 216 247 146 587 408 472 641 820 476 535 135 159 378 497 411 453 495 711 302 459 234 544 491 684 200 228 629 538 219 400 407 130 553 725 666 327 662 556 480 641 205 559 488 430 449 677 358 507 554 322 198 421 453 536 525 349 145 321 610 819 720 324 449 394 181 235 522 297 454 198 336 167 501 476 248 387 358 550 233 235 184 378 468 810 427 144 274 200 362 225 611 401
622 803 693 494 75 128 356 862 656 336 582 590 399 838 708 671 168 244 880 11 572 341 819 962 750 38 400 67 527 0 878 117 354 368 630 744 893 252 833 656 922 134 322 629 412 739 538 672 818 838 798 340 158 541 222 834 216 729 475 719 349 899 379 407 479 529 805 817 541 663 313 805 613 591 545 839 900 602 158 828 519 249 770 48 970 802 97 561 558 347 657 178 790 627 226 559 129 247 637 260 759 863 620 653 702 308 788 849 348 465 816 668 690 48 334 773 933 422 458 642 675 536 710 818 65 529 552 286 456 604 586 704 861 402 505 136 698 748 827 898 635 862 430 78 797 322 254 871 714 676 440 233 688 410 584 761 476 270 970 813 660 575 348 564 352 162 65 715 617 446 657 514 734 652 204 488 834 642 180 583 595 288 542 116 1016 726 747 872 69 870 783 332 133 324 602 750 180 312 564 391 905 765 247 526 152 568 517 438 628 727 351 672 65 919 166 492 891 941 111 658 395 594 966 409 582 122 869 475 680 363 160 79 613 408 755 103 269 507 575 414 562 597 281 216 854 672 1074 168 308 474 244 1010 610 391 620 464 990 414 341 566 380 681 460 1013 503 435 372 446 870 842 572 975 189 625 598 1016 802 892 600 483 566 929 739 437 367 396 800 296 482 456 827 559 887 829 611 594 541 481 481 519 557
423 74 953 528 868 821 667 361 222 732 713 507 949 41 622 315 757 1000 53 866 918 541 102 209 652 864 582 837 489 878 0 964 631 511 253 748 374 785 96 238 241 763 625 519 901 304 860 316 349 529 196 621 795 889 772 408 815 608 526 556 565 244 548 562 817 353 73 72 767 466 928 533 284 287 966 332 404 594 752 518 635 1044 584 889 170 127 974 384 892 531 590 952 149 613 1024 405 797 902 260 687 307 224 755 686 717 590 323 88 764 427 136 839 954 847 728 340 174 830 733 328 401 803 777 78 913 640 325 780 469 293 311 592 329 600 713 780 998 378 381 509 880 387 488 927 153 716 660 44 569 499 438 1042 292 825 477 417 405 855 436 124 312 823 575 392 606 920 903 404 300 668 259 805 418 452 925 392 460 886 904 888 416 951 561 829 233 861 285 214 901 218 312 559 745 667 608 652 878 864 611 533 312 139 928 352 782 901 458 460 271 334 720 456 943 312 744 665 544 170 826 481 515 309 186 897 376 902 389 792 924 709 960 810 612 479 416 961 727 706 343 510 598 462 949 913 442 525 410 747 812 409 766 406 909 558 596 848 233 632 798 668 549 258 575 259 393 630 803 668 562 432 802 424 821 309 290 276 292 99 306 409 635 85 206 737 868 501 218 656 396 673 143 956 531 63 577 284 679 852 714 605 363
669 890 645 609 95 243 474 911 745 452 575 623 330 926 717 778 212 307 962 127 523 440 898 1030 756 153 515 184 570 117 964 0 388 464 712 734 941 367 911 734 986 249 437 657 358 846 499 778 928 864 867 382 275 495 339 947 329 741 589 837 411 962 437 452 449 624 890 907 522 699 245 829 710 677 483 890 944 719 275 856 530 291 787 149 1043 898 96 667 512 435 775 253 887 639 274 617 246 343 733 377 867 967 605 651 696 416 897 928 463 566 912 638 641 166 451 883 1004 388 573 704 722 509 694 909 55 539 639 400 563 702 662 821 913 518 499 254 641 794 939 928 597 973 538 150 871 332 311 954 831 792 532 272 794 377 624 802 559 231 1012 908 766 546 406 624 396 94 63 759 688 455 756 487 775 766 292 582 949 603 273 540 646 210 567 231 1085 696 806 938 64 972 838 436 226 352 615 756 139 416 578 501 960 859 176 618 188 522 628 541 705 781 355 710 89 975 282 609 1007 1013 227 692 460 693 1037 355 690 76 981 451 636 368 61 194 730 486 796 147 387 503 678 523 579 711 367 308 892 788 1126 284 420 555 360 1059 564 504 738 425 1057 532 320 569 491 783 577 1079 603 455 347 564 987 956 546 1019 182 693 677 1079 859 970 674 582 575 1009 839 427 322 500 903 337 568 462 901 500 1003 912 630 680 541 441 476 636 661
282 563 461 494 304 391 460 523 435 492 264 237 325 599 359 550 186 579 616 347 367 263 548 658 405 365 432 359 182 354 631 388 0 259 384 419 553 461 561 393 608 323 380 274 284 618 310 551 713 483 499 26 390 330 425 752 455 378 470 722 97 583 92 70 246 358 560 590 255 312 296 450 441 366 386 504 556 640 339 474 177 597 417 392 678 600 441 460 342 209 686 513 597 279 574 241 366 535 457 377 639 702 314 320 373 305 674 577 525 344 619 388 459 355 488 668 636 226 596 330 334 272 398 595 354 189 336 485 389 435 320 726 527 451 197 353 487 407 735 545 384 766 371 430 512 84 113 611 724 656 278 584 556 217 236 414 258 224 624 611 535 312 82 250 32 315 341 371 333 120 491 259 387 609 518 322 775 392 489 354 261 320 187 389 712 442 427 563 337 705 454 292 248 38 253 404 267 560 217 365 575 559 302 341 206 354 465 340 360 397 95 322 411 590 336 584 856 646 382 305 131 436 668 280 482 312 774 225 437 89 361 331 659 191 408 458 428 196 442 372 212 559 583 519 505 666 739 343 525 248 439 671 383 397 657 261 682 490 171 234 369 526 493 702 370 90 184 545 847 770 298 631 211 330 345 701 477 614 325 350 224 659 566 160 244 323 640 59 275 132 540 386 847 572 259 367 214 272 178 572 434
