219
0 176 420 670 885 610 506 413 540 882 396 658 794 541 481 377 286 586 408 542 238 161 826 770 506 264 873 135 228 542 563 328 779 767 602 404 714 665 394 901 443 569 878 563 600 261 180 820 574 656 321 690 732 290 571 307 762 860 388 202 705 843 356 368 419 377 414 553 442 527 257 222 287 183 324 616 795 507 593 627 1006 416 764 361 499 886 515 247 565 844 391 665 388 193 354 923 408 243 566 627 203 640 331 374 566 769 703 530 296 954 108 399 462 307 362 680 473 546 579 561 162 834 718 221 90 696 368 786 326 877 213 443 673 545 696 433 606 810 601 536 290 567 540 554 668 475 618 398 268 790 500 836 220 130 506 577 258 750 150 160 300 96 780 825 441 381 370 337 705 529 720 881 424 152 860 583 711 230 375 328 402 829 125 883 623 713 123 704 510 201 472 647 750 313 461 548 648 666 752 97 423 464 420 447 577 369 521 121 430 704 273 560 290 792 804 177 625 209 577
176 0 421 776 852 572 489 588 375 909 406 777 761 462 596 250 457 500 266 596 313 337 895 889 671 436 875 257 374 414 561 349 767 753 477 552 658 730 567 935 563 519 835 626 476 170 243 931 608 669 458 742 862 150 398 456 739 879 559 362 642 922 471 528 434 233 587 545 551 682 211 396 432 255 461 663 815 452 467 638 986 355 750 534 575 920 491 213 503 922 423 619 403 343 237 936 371 321 493 674 41 659 487 538 678 715 809 620 458 956 229 574 628 148 186 806 411 637 700 601 44 955 858 359 163 631 527 820 473 1015 313 602 618 393 674 570 590 920 640 390 366 672 368 440 616 381 777 315 445 904 343 789 132 276 671 664 426 872 146 324 453 268 897 772 545 549 534 511 653 361 684 840 443 163 963 740 739 377 465 428 563 937 51 981 595 764 159 689 338 372 435 699 725 483 449 637 756 690 790 251 298 294 544 455 486 501 477 175 299 724 227 390 341 789 871 304 776 99 456
420 421 0 463 467 204 89 608 495 487 30 495 376 229 351 306 614 273 348 212 209 497 503 591 592 595 457 554 351 361 143 94 358 346 387 429 320 344 688 515 344 188 465 252 382 268 242 610 198 247 348 339 599 338 577 690 342 457 548 392 321 542 290 465 34 350 704 132 306 547 211 474 365 244 346 261 393 155 383 217 585 148 343 547 238 501 105 208 206 541 75 264 42 359 284 515 92 210 230 270 394 238 427 713 400 370 489 301 655 539 528 674 559 382 480 539 157 317 442 196 457 658 624 326 497 316 458 402 387 761 254 506 281 442 276 402 186 597 231 416 189 376 546 326 274 237 637 199 539 592 440 426 293 351 587 327 451 585 292 399 676 415 594 421 287 516 484 625 307 509 306 467 45 281 622 596 320 625 219 239 747 609 408 628 208 358 304 284 527 440 98 300 331 640 47 311 452 269 374 370 308 481 344 35 277 349 141 301 323 302 197 541 150 373 477 308 598 328 358
670 776 463 0 662 562 490 517 955 429 450 65 609 675 190 757 664 710 801 263 463 622 237 128 393 656 522 760 451 824 444 467 523 529 843 320 657 192 664 416 229 595 693 223 838 680 533 155 319 396 359 249 157 758 1033 780 561 449 462 494 677 216 314 390 429 797 670 461 227 306 615 541 400 521 355 267 410 598 840 401 685 611 528 489 226 406 510 602 629 218 405 606 444 486 730 505 554 455 662 268 769 370 395 735 105 679 33 165 724 569 749 635 396 802 900 110 615 148 114 306 794 195 207 450 759 681 383 350 373 307 467 351 636 905 531 266 491 143 298 879 411 104 1001 784 628 700 335 659 572 131 900 682 684 541 385 135 486 125 631 534 761 596 130 701 232 430 407 625 640 967 588 688 418 614 189 310 347 756 311 348 765 160 738 215 532 259 617 510 979 528 547 244 561 677 485 153 23 359 322 574 767 930 254 436 719 310 568 603 782 381 609 999 445 498 231 493 266 713 816
885 852 467 662 0 279 380 1031 734 303 495 724 91 411 684 643 1073 394 662 463 673 962 504 763 970 1055 173 1020 801 557 333 562 141 141 521 821 209 469 1135 344 702 334 48 483 517 681 710 737 394 288 769 413 816 725 821 1156 127 257 967 848 235 564 697 877 477 686 1150 337 662 900 647 929 799 711 766 412 262 401 527 302 147 497 143 975 541 340 370 650 356 561 516 234 505 817 639 248 484 673 376 407 816 316 849 1171 675 162 665 582 1118 203 994 1117 950 758 836 771 442 586 722 413 893 809 869 779 957 249 869 328 808 946 717 892 242 658 191 774 281 724 393 632 642 642 802 501 242 498 966 542 991 742 695 84 720 817 963 566 897 774 747 861 1141 883 756 118 643 932 898 1075 207 761 168 39 475 739 706 931 314 1093 623 665 1205 725 852 686 262 404 765 190 800 897 419 422 137 1098 424 576 669 312 346 837 610 774 717 447 412 750 374 764 620 283 630 779 614 163 488 771 906 753 514
610 572 204 562 279 0 115 807 507 405 234 611 188 164 508 377 819 174 403 303 413 700 510 686 776 799 326 745 555 334 119 297 209 192 324 616 117 390 892 443 513 64 268 341 318 402 439 686 242 193 543 354 715 450 596 892 169 362 745 597 124 564 478 659 224 422 908 106 471 720 367 679 565 443 541 300 311 125 325 173 414 219 189 747 368 431 99 371 99 562 269 59 246 564 368 403 204 415 133 303 537 210 624 918 532 166 579 427 859 403 718 878 747 487 572 659 167 438 579 256 614 747 753 531 678 124 652 353 584 869 459 692 82 436 110 579 73 672 266 407 392 501 572 279 74 239 803 268 743 677 459 225 440 553 770 433 655 688 468 603 878 616 685 217 451 712 679 830 103 530 111 271 227 461 679 763 280 825 403 434 951 680 572 673 38 362 488 134 562 645 139 333 155 845 157 429 559 235 341 570 351 528 519 195 190 537 95 488 364 244 351 555 355 241 486 512 754 473 304
506 489 89 490 380 115 0 692 500 433 119 531 288 185 408 333 704 220 369 226 299 587 486 618 666 685 385 640 439 344 77 184 278 265 355 505 232 341 777 465 408 112 376 267 350 325 330 627 184 192 429 320 636 386 586 780 256 397 631 482 236 532 366 546 109 379 793 58 368 615 278 563 449 332 427 250 336 110 353 162 502 161 262 632 276 451 21 278 142 531 154 175 131 448 316 450 121 300 173 256 458 193 510 803 443 281 512 339 745 466 614 762 636 427 521 578 136 353 489 190 528 682 668 415 579 233 538 358 469 795 344 581 195 437 190 472 102 613 216 409 277 415 558 298 187 225 701 218 628 613 447 336 357 440 661 355 539 615 371 489 766 505 618 331 348 599 566 714 219 518 216 377 113 361 630 661 276 715 292 319 837 624 482 631 118 336 386 201 543 530 70 288 244 730 44 345 483 224 336 459 321 501 412 80 229 425 78 385 336 250 262 547 240 299 460 398 657 392 329
413 588 608 517 1031 807 692 0 929 897 578 468 949 818 371 739 199 865 779 574 420 261 747 554 150 206 947 404 268 885 707 529 894 891 936 217 924 632 151 897 341 796 1043 565 932 618 439 619 639 746 264 683 484 675 974 312 904 898 63 246 928 733 334 154 583 755 154 710 377 226 578 191 243 427 266 641 840 754 928 729 1108 696 888 62 497 885 711 562 811 735 538 866 565 278 711 963 657 414 828 649 609 719 183 232 428 970 545 476 254 1016 414 120 125 703 772 459 739 481 403 621 575 597 440 294 466 924 162 800 223 579 376 166 887 918 847 272 766 617 648 902 420 452 941 877 880 784 273 708 149 586 882 1012 590 331 155 512 174 527 504 271 294 319 567 1015 394 99 132 134 910 924 892 1042 579 492 678 259 754 328 409 373 257 635 536 714 799 704 470 841 912 219 701 650 897 197 655 490 494 732 765 344 777 863 321 611 864 281 748 455 788 769 586 957 467 888 734 337 319 594 906
540 375 495 955 734 507 500 929 0 912 505 980 660 343 815 204 826 344 159 708 548 699 986 1082 981 804 829 633 675 177 574 494 712 693 216 833 526 836 934 949 794 443 699 748 220 315 502 1105 681 683 734 820 1081 254 89 832 662 869 888 684 498 1031 712 834 527 176 953 553 766 967 368 741 724 515 734 747 817 397 209 656 881 348 691 869 729 937 486 384 407 1030 550 519 511 655 233 909 404 557 375 754 339 690 790 912 880 572 983 790 832 901 604 936 939 232 209 1021 364 807 917 684 410 1150 1096 652 538 484 830 851 763 1243 577 900 500 75 615 831 565 1092 714 101 582 861 69 234 503 275 1064 296 799 1086 55 652 339 597 978 821 756 1073 425 658 828 618 1086 623 751 869 846 874 531 30 592 706 539 437 1117 1024 772 753 668 656 938 1105 420 1123 544 836 458 640 75 710 430 786 648 853 486 802 942 721 833 586 188 87 784 527 326 762 436 474 173 740 366 48 533 746 960 600 1044 336 219
882 909 487 429 303 405 433 897 912 0 502 495 305 569 525 764 993 577 798 347 643 908 219 502 800 979 130 1006 727 740 356 563 218 236 726 680 424 266 1028 41 557 468 350 340 720 753 703 462 308 242 663 215 569 819 1001 1096 275 49 835 777 455 275 591 747 475 811 1038 374 524 718 699 850 702 698 659 272 97 518 728 273 268 594 238 853 412 36 440 695 505 272 493 405 507 753 749 77 553 639 538 261 882 249 732 1082 482 409 421 421 1047 144 985 1003 792 860 954 536 557 416 521 320 943 536 628 712 967 466 739 99 696 675 676 738 432 842 303 624 348 451 281 813 595 452 976 684 427 640 762 650 901 474 863 365 781 778 793 385 804 519 774 804 1079 846 492 396 510 799 768 975 411 935 342 341 467 761 421 734 171 1048 532 582 1115 447 892 394 367 193 779 275 965 824 501 251 286 1014 466 407 444 219 135 807 747 927 579 453 594 627 481 772 761 185 685 960 591 178 210 726 694 816 708
396 406 30 450 495 234 119 578 505 502 0 479 404 254 329 310 585 299 354 209 179 469 505 578 564 565 478 529 320 378 166 67 382 371 408 402 350 343 658 528 319 218 494 247 402 260 216 600 204 264 318 343 582 333 584 662 369 474 518 362 351 541 262 435 27 353 674 158 283 521 200 444 335 217 316 264 409 182 403 235 609 162 368 517 224 513 135 194 235 541 50 294 12 329 286 534 106 180 257 274 382 253 397 684 382 400 477 286 626 560 504 644 531 377 476 522 180 303 423 199 441 645 605 296 475 347 428 414 358 744 225 478 311 455 303 376 213 587 237 429 159 359 553 346 304 255 612 208 509 581 449 455 281 322 559 316 421 570 273 370 647 388 581 451 265 487 455 595 337 517 334 495 38 261 614 571 332 598 193 210 717 600 390 623 236 364 282 309 533 410 125 302 357 611 78 297 438 283 384 342 316 485 318 51 302 321 170 278 332 318 187 549 121 396 479 279 575 316 378
658 777 495 65 724 611 531 468 980 495 479 0 669 714 180 778 626 751 824 308 467 595 300 112 336 620 587 739 433 857 491 487 584 590 880 284 710 254 617 481 216 639 754 270 875 694 535 164 369 453 339 312 105 772 1055 744 620 514 416 472 729 273 306 351 460 816 622 507 226 250 630 510 378 523 336 323 475 637 877 455 751 642 589 445 257 472 552 616 672 275 431 657 471 469 751 571 585 458 704 325 773 426 362 692 101 735 81 194 686 635 730 588 344 815 911 48 650 178 80 354 791 178 146 436 746 732 345 415 346 265 464 304 688 934 588 235 542 157 352 908 417 119 1022 820 679 733 270 686 535 132 925 742 694 528 329 177 455 95 635 514 725 578 121 759 235 386 366 582 693 990 644 750 450 617 215 248 409 725 320 349 720 176 736 248 583 323 617 568 999 502 584 304 620 637 521 186 55 418 387 561 792 949 238 470 760 291 609 602 807 442 626 1023 457 561 295 484 201 720 852
794 761 376 609 91 188 288 949 660 305 404 669 0 328 612 557 985 316 578 390 583 873 480 719 895 967 187 928 714 482 245 471 94 82 453 743 134 417 1050 347 627 245 93 415 448 591 618 700 320 218 686 364 766 636 748 1066 48 256 886 760 165 540 615 796 387 600 1065 248 586 829 555 841 714 620 683 348 238 311 457 226 229 407 82 893 467 340 278 559 269 537 427 147 415 728 552 270 392 583 293 345 726 247 766 1083 611 104 617 513 1029 246 902 1032 873 671 751 717 353 519 659 338 802 770 815 692 865 178 788 301 726 904 628 816 160 585 102 698 191 687 325 558 554 578 728 425 159 413 900 453 904 701 618 73 629 727 889 503 811 727 655 772 1052 792 714 96 566 851 818 989 128 686 77 92 386 647 676 863 265 1002 540 580 1117 690 761 660 170 360 673 108 723 809 327 365 52 1010 332 509 613 250 310 747 526 694 640 357 334 669 283 672 537 229 539 706 524 132 460 682 842 662 442
541 462 229 675 411 164 185 818 343 569 254 714 328 0 580 233 790 47 250 412 399 662 660 803 817 768 487 673 550 170 246 290 370 351 171 655 204 523 878 607 574 101 385 453 165 295 398 812 367 347 567 497 820 322 432 843 323 526 762 583 183 710 516 683 263 274 896 225 536 776 284 661 577 406 565 432 475 77 170 322 556 128 349 756 457 595 166 294 64 708 304 181 266 549 233 566 161 404 35 437 423 358 643 888 623 259 697 521 820 562 644 869 782 350 425 760 78 536 668 375 506 868 849 525 594 171 677 513 605 979 444 731 169 272 272 631 226 799 397 244 400 597 408 118 169 86 867 147 727 799 296 338 338 519 812 540 650 800 391 578 833 573 804 315 517 732 701 814 204 367 255 391 272 390 814 826 436 770 448 462 920 809 475 813 201 510 419 297 400 627 132 469 309 817 194 528 667 387 498 528 198 368 573 246 47 574 108 425 208 402 268 391 351 404 635 491 828 366 146
481 596 351 190 684 508 408 371 815 525 329 180 612 580 0 611 488 622 657 222 288 435 387 293 286 478 582 570 260 706 391 322 543 543 737 154 620 260 506 526 40 521 704 202 732 519 355 338 292 396 170 311 270 596 886 602 564 528 309 304 633 386 126 224 317 647 515 402 48 216 456 357 212 342 166 277 472 504 732 386 746 489 541 330 145 513 430 441 549 387 279 563 319 296 583 592 435 279 576 284 593 368 217 569 85 656 223 106 547 647 559 480 270 639 734 211 508 109 105 273 611 359 280 260 570 633 216 429 189 430 283 214 590 775 516 98 449 329 291 751 240 92 853 675 582 583 294 528 395 310 760 681 516 351 279 140 304 275 455 344 583 405 301 691 64 274 244 459 604 823 569 702 308 437 379 255 388 571 147 169 600 347 555 405 489 332 437 504 829 341 448 280 560 505 387 118 167 374 394 384 630 778 65 335 628 122 482 421 644 409 453 856 284 531 371 305 248 542 708
377 250 306 757 643 377 333 739 204 764 310 778 557 233 611 0 657 262 45 518 344 527 808 883 781 636 701 493 478 167 410 291 586 569 229 630 438 651 760 798 590 314 619 557 227 121 303 908 501 524 531 643 878 99 276 684 546 726 694 492 417 849 508 634 335 46 779 390 562 764 165 556 524 316 531 566 667 252 219 495 786 171 566 678 531 784 324 182 287 848 352 410 315 461 29 774 219 353 268 575 208 525 590 750 678 492 785 591 673 780 463 759 740 118 194 818 210 608 714 501 293 950 892 454 403 404 630 691 561 1040 376 698 401 178 487 626 418 896 535 163 377 660 244 190 400 146 861 115 617 888 151 571 157 408 778 625 564 872 240 470 677 440 887 549 548 672 647 698 436 211 481 625 346 249 925 820 609 605 464 452 779 910 277 933 409 661 274 508 222 523 263 605 532 685 307 604 742 557 668 402 48 174 579 340 246 558 287 287 52 583 162 245 329 615 782 403 839 170 206
286 457 614 664 1073 819 704 199 826 993 585 626 985 790 488 657 0 836 691 649 406 130 875 724 344 21 1020 227 273 819 740 522 947 940 876 344 933 738 111 1001 450 793 1077 652 873 537 391 786 704 805 330 780 662 575 855 118 946 985 221 225 931 873 402 274 599 662 130 737 475 407 516 145 291 384 334 723 922 739 867 782 1172 662 937 187 581 987 719 502 799 874 557 878 573 256 633 1050 637 404 808 733 488 782 271 99 563 985 695 580 60 1095 245 124 310 594 643 627 714 590 551 687 433 775 625 294 308 924 281 894 301 771 360 329 893 829 883 398 794 782 721 819 431 579 825 823 887 737 469 658 93 753 786 1040 500 270 348 624 189 698 419 215 99 219 737 1036 486 243 259 69 921 815 919 1078 599 413 841 449 834 130 465 416 132 801 408 873 821 803 385 883 795 176 693 742 936 27 662 597 640 801 858 263 702 749 425 629 831 370 743 374 710 840 529 846 464 950 859 306 507 493 849
586 500 273 710 394 174 220 865 344 577 299 751 316 47 622 262 836 0 272 446 446 708 681 837 863 815 486 717 598 167 272 337 369 350 149 700 185 551 925 615 617 119 364 487 144 335 445 844 396 365 613 521 857 355 433 889 318 531 809 631 159 734 561 730 306 299 943 253 578 820 328 709 624 454 612 460 484 118 151 343 541 174 348 803 496 604 199 339 81 732 348 175 311 596 266 567 208 451 47 464 459 379 690 935 662 235 731 559 866 557 687 916 828 381 448 798 125 573 708 406 543 901 888 572 635 146 723 527 652 1015 491 776 156 270 274 675 243 830 425 242 447 635 411 110 158 118 910 189 774 832 302 316 378 566 858 575 698 835 435 625 878 619 837 290 559 779 748 861 188 370 248 370 314 435 842 869 453 815 492 507 967 839 515 839 213 532 464 301 407 674 174 496 304 864 235 565 703 407 515 574 222 380 617 287 18 620 142 470 230 418 313 391 398 405 657 538 870 405 131
408 266 348 801 662 403 369 779 159 798 354 824 578 250 657 45 691 272 0 561 389 561 848 928 824 669 730 518 520 149 446 337 613 595 213 675 454 693 795 832 635 339 635 600 212 160 345 953 541 560 576 683 924 119 231 711 570 758 735 533 431 890 553 677 378 33 815 426 608 809 210 594 567 359 576 607 701 281 203 530 807 208 593 718 576 819 359 226 309 889 396 431 359 502 74 804 259 398 286 615 225 562 634 782 723 507 830 636 704 807 488 795 783 122 175 863 240 653 760 542 308 995 937 496 426 418 673 727 605 1085 420 742 420 139 514 671 450 940 575 128 423 705 199 185 420 165 905 152 655 933 106 587 192 448 821 669 605 918 277 509 706 476 932 563 593 715 690 734 455 166 504 641 389 287 968 865 645 633 510 497 810 954 300 976 437 700 311 537 179 562 298 646 556 718 346 648 787 593 705 440 52 133 625 381 256 603 317 325 42 618 207 199 374 644 823 445 885 198 194
542 596 212 263 463 303 226 574 708 347 209 308 390 412 222 518 649 446 561 0 303 560 299 391 507 634 374 662 379 565 184 249 322 322 582 360 407 135 692 361 239 332 482 41 576 465 368 402 70 174 323 148 413 540 790 749 342 336 511 430 424 333 249 420 183 562 705 199 199 438 402 504 359 362 319 75 273 336 579 164 534 359 319 523 78 347 246 393 366 332 176 352 206 405 495 401 304 298 398 86 578 147 398 741 229 438 285 125 702 447 642 670 487 585 684 355 355 135 277 51 625 455 450 364 630 426 412 249 359 569 332 430 382 652 295 311 236 388 73 625 252 198 759 523 373 442 511 412 559 387 653 460 481 432 500 130 462 389 452 456 732 499 391 471 181 475 442 637 391 722 349 480 171 437 409 474 184 700 185 235 774 400 570 415 277 171 451 282 740 477 287 105 338 671 225 125 257 157 213 462 520 693 255 181 456 294 305 441 536 195 392 753 258 314 275 380 457 514 555
238 313 209 463 673 413 299 420 548 643 179 467 583 399 288 344 406 446 389 303 0 289 593 578 439 386 642 363 151 473 341 116 555 545 519 285 527 430 483 662 258 389 673 326 515 238 70 618 336 423 187 451 557 313 611 482 546 624 366 187 526 615 169 295 196 373 500 335 241 419 179 267 184 60 187 377 558 339 512 396 782 276 542 357 267 648 313 163 398 615 159 472 168 152 315 687 239 8 412 388 306 405 252 505 367 579 496 307 446 721 341 472 399 353 447 499 320 324 393 323 333 645 561 126 326 520 290 547 219 715 46 355 487 520 482 283 392 607 362 500 54 359 578 459 481 365 516 291 333 591 496 635 230 144 435 352 251 562 168 190 468 211 585 630 232 339 310 420 515 551 514 674 198 151 649 475 473 421 152 118 538 624 277 668 416 475 155 485 552 233 289 408 535 432 256 324 444 430 513 167 374 500 243 226 444 214 339 142 387 469 182 585 59 563 570 99 497 254 489
161 337 497 622 962 700 587 261 699 908 469 595 873 662 435 527 130 708 561 560 289 0 813 703 375 109 922 153 183 688 630 403 841 833 745 315 813 664 234 920 395 670 963 570 742 406 265 760 608 704 265 700 651 446 732 193 835 895 249 133 808 819 326 259 485 532 254 625 410 416 385 89 223 259 269 636 830 614 736 679 1068 534 830 217 500 906 601 372 674 820 447 759 458 154 502 960 512 289 681 646 364 683 235 226 517 865 655 512 159 1000 156 238 333 467 523 607 587 524 516 592 318 760 625 196 205 801 262 809 249 781 245 330 772 700 771 360 681 753 629 689 323 527 701 692 766 607 497 528 111 728 658 924 369 147 377 558 143 679 288 104 179 89 714 918 416 253 253 175 801 690 804 964 487 282 808 468 742 140 376 325 258 772 286 837 705 724 254 774 672 93 570 659 825 158 544 529 599 705 773 134 571 625 369 515 702 312 620 243 579 745 398 721 348 847 794 191 518 364 718
826 895 503 237 504 510 486 747 986 219 505 300 480 660 387 808 875 681 848 299 593 813 0 286 629 865 338 935 631 828 414 549 385 399 830 537 570 164 890 193 425 562 546 268 824 764 661 243 306 316 550 165 358 838 1071 988 437 254 688 680 597 60 487 608 477 853 897 435 404 543 701 741 592 653 546 241 244 592 829 338 488 641 399 712 326 187 500 692 601 57 475 533 504 664 786 296 589 586 636 233 877 302 604 955 319 573 220 301 934 363 919 862 630 882 981 334 622 289 347 307 922 316 420 624 916 606 601 179 575 456 613 581 564 923 436 481 438 232 273 895 538 297 1042 778 557 711 571 696 782 256 932 550 780 706 622 255 689 306 750 715 969 769 276 576 397 655 627 845 555 1004 489 538 467 734 203 548 231 953 450 499 986 228 866 181 472 150 745 408 1026 722 555 202 444 892 502 284 258 274 174 737 804 981 450 468 696 506 555 734 819 270 690 1033 554 350 25 653 501 813 807
770 889 591 128 763 686 618 554 1082 502 578 112 719 803 293 883 724 837 928 391 578 703 286 0 412 720 610 848 544 952 569 592 629 637 972 388 777 304 706 479 328 721 798 350 966 803 647 66 444 513 450 355 80 880 1159 843 671 530 508 582 799 240 418 452 558 922 708 587 337 328 738 616 489 634 447 388 503 727 969 521 768 740 636 540 354 472 638 724 756 243 532 728 571 580 856 579 683 570 789 387 884 488 468 784 211 795 107 292 785 646 840 675 429 924 1021 97 743 275 191 432 904 67 143 548 858 803 447 438 455 185 576 396 759 1033 648 343 615 68 420 1007 528 223 1127 912 750 828 318 787 636 35 1027 792 804 640 405 264 561 27 746 624 824 689 14 813 346 482 465 676 760 1093 705 792 546 729 129 309 453 829 429 461 810 84 848 168 655 359 729 625 1105 610 676 360 673 733 613 280 140 473 417 672 894 1055 350 564 847 402 696 714 909 490 733 1126 566 600 291 596 251 831 944
506 671 592 393 970 776 666 150 981 800 564 336 895 817 286 781 344 863 824 507 439 375 629 412 0 347 866 528 307 911 665 529 829 829 954 162 891 535 300 795 268 777 989 488 950 666 479 478 576 681 253 590 338 732 1036 460 848 808 127 309 900 608 302 147 562 804 299 672 309 86 615 289 257 465 254 563 755 746 947 669 1031 705 826 161 428 783 687 598 799 611 517 833 552 332 752 871 658 431 821 570 686 653 190 382 318 932 416 391 401 928 532 268 43 767 846 319 739 390 283 557 667 450 291 329 574 899 150 707 219 429 404 86 858 958 797 197 724 477 577 939 420 348 1002 893 850 798 125 728 274 445 930 963 645 397 7 418 247 384 563 347 441 409 425 971 329 124 138 283 876 980 847 986 555 548 539 109 673 468 374 355 405 495 621 576 761 609 532 787 975 304 690 564 843 345 636 401 371 660 673 420 812 924 257 586 864 242 732 515 825 695 619 1014 471 817 620 383 169 657 924
264 436 595 656 1055 799 685 206 804 979 565 620 967 768 478 636 21 815 669 634 386 109 865 720 347 0 1004 210 256 797 722 502 930 922 854 337 913 725 131 988 440 773 1058 638 851 515 370 782 688 788 318 767 659 554 834 124 927 970 222 207 911 864 388 269 580 640 150 719 463 407 494 129 277 363 322 708 907 718 846 765 1155 640 919 187 567 974 700 480 778 865 539 859 554 238 611 1036 616 385 787 718 467 766 262 119 554 965 688 568 68 1080 227 142 311 572 622 623 693 578 544 671 412 772 624 276 288 904 275 880 290 773 340 326 873 808 864 390 775 776 705 797 413 570 804 801 867 715 473 636 84 749 764 1021 478 249 351 612 176 694 397 196 105 198 733 1017 473 241 255 83 902 794 900 1059 580 391 835 451 818 122 449 400 152 796 387 867 802 790 363 865 774 158 672 728 918 49 642 585 632 785 844 241 680 728 415 610 809 359 723 352 688 824 507 825 444 933 848 286 508 472 827
873 875 457 522 173 326 385 947 829 130 478 587 187 487 582 701 1020 486 730 374 642 922 338 610 866 1004 0 1004 747 652 314 545 117 135 630 731 316 337 1067 170 607 390 220 382 625 710 692 578 316 218 697 279 671 768 918 1115 168 85 883 797 347 397 623 794 454 747 1079 329 570 789 663 874 732 690 693 306 112 449 634 245 165 536 138 897 450 166 385 662 424 394 483 310 486 769 690 83 505 639 454 298 844 238 772 1114 554 291 519 475 1070 81 980 1045 852 807 896 631 491 475 599 333 912 651 727 729 953 360 785 172 733 790 680 796 332 756 215 678 286 565 301 728 600 522 895 596 328 566 844 589 931 586 784 239 743 783 859 449 834 624 750 818 1098 851 602 271 553 848 815 1011 306 854 239 211 449 739 542 812 193 1060 555 603 1147 564 865 518 292 264 761 193 887 845 445 302 182 1043 425 465 533 218 200 809 678 854 626 427 504 668 414 756 690 179 647 876 585 86 325 733 779 778 616
135 257 554 760 1020 745 640 404 633 1006 529 739 928 673 570 493 227 717 518 662 363 153 935 848 528 210 1004 0 309 660 696 461 912 900 722 463 849 778 337 1023 530 704 1013 679 720 385 312 903 699 785 401 808 800 399 649 199 896 987 401 266 839 947 451 411 551 486 355 687 538 569 389 242 360 313 404 737 922 641 713 758 1139 549 897 367 612 1009 650 381 699 948 521 800 520 274 474 1051 543 367 699 748 295 768 384 290 654 904 793 635 210 1084 29 352 486 405 435 753 607 649 659 686 223 908 777 312 94 830 413 909 392 933 330 483 808 650 831 504 740 895 725 644 411 660 621 677 803 604 650 528 256 871 600 971 342 230 529 681 294 825 282 225 198 166 859 960 541 406 406 293 840 618 855 1016 555 286 948 621 836 121 486 436 311 914 218 975 758 832 258 838 592 240 607 766 884 248 596 652 737 794 875 200 541 550 505 579 707 449 656 256 545 832 405 646 419 924 915 283 671 323 698
228 374 351 451 801 555 439 268 675 727 320 433 714 550 260 478 273 598 520 379 151 183 631 544 307 256 747 309 0 618 468 264 673 667 667 178 671 481 337 738 221 536 807 387 663 360 174 596 431 531 93 517 503 425 729 369 673 715 217 50 672 639 144 159 331 499 353 467 229 308 313 128 59 161 97 455 651 490 660 508 898 427 664 206 317 724 456 297 548 640 287 614 308 36 449 781 390 146 563 465 383 509 116 369 345 720 484 330 323 823 298 323 264 460 542 452 472 342 353 414 377 606 490 25 314 667 156 627 99 649 107 230 632 656 611 204 524 588 450 639 162 351 695 608 625 515 403 439 189 565 626 771 338 100 305 376 100 523 256 84 352 145 554 769 234 194 170 275 658 674 650 807 329 241 640 366 563 323 194 144 403 606 326 666 553 541 226 610 668 98 438 477 664 297 398 347 428 529 591 131 513 617 196 361 596 142 487 209 524 568 320 707 203 676 612 76 402 351 638
542 414 361 824 557 334 344 885 177 740 378 857 482 170 706 167 819 167 149 565 473 688 828 952 911 797 652 660 618 0 413 388 535 517 63 753 349 685 919 777 692 272 523 606 62 282 446 967 528 517 657 663 961 264 266 850 485 695 836 640 321 876 620 768 396 183 938 392 658 883 308 709 657 458 657 594 645 235 53 492 705 216 514 823 599 765 327 324 234 875 428 342 387 607 187 733 272 480 201 601 373 527 725 913 761 396 848 663 838 724 631 915 872 271 312 900 210 679 802 534 457 1018 983 593 570 307 763 684 692 1122 511 826 322 103 439 739 397 954 560 75 492 737 245 56 325 124 978 182 773 951 139 476 322 561 907 688 711 946 400 623 843 600 954 448 641 811 783 856 354 204 415 530 406 406 973 937 606 772 563 563 943 965 444 975 372 677 433 466 243 676 278 632 471 847 340 672 813 557 668 559 119 222 687 387 148 676 272 445 115 573 299 224 441 571 802 548 948 337 48
563 561 143 444 333 119 77 707 574 356 166 491 245 246 391 410 740 272 446 184 341 630 414 569 665 722 314 696 468 413 0 234 215 204 417 507 228 279 804 387 399 154 338 221 411 399 383 572 125 114 443 251 596 463 661 823 205 321 645 515 242 464 374 556 145 456 819 21 357 606 349 596 470 383 440 187 259 177 416 84 443 239 201 650 249 374 87 348 191 462 183 171 175 483 394 376 197 340 225 192 531 116 524 838 412 266 462 307 785 396 671 787 639 504 598 539 210 318 460 137 598 631 634 446 641 243 548 281 483 751 384 582 199 509 142 467 58 558 152 481 308 381 633 363 191 298 686 295 658 561 522 305 430 485 659 314 565 569 435 528 809 552 568 308 337 611 577 743 212 593 185 338 143 425 569 647 199 762 299 336 872 567 550 567 97 264 448 144 619 564 147 223 195 765 111 309 440 147 260 507 398 578 408 116 285 431 140 444 412 172 334 622 282 230 389 438 636 465 393
328 349 94 467 562 297 184 529 494 563 67 487 471 290 322 291 522 337 337 249 116 403 549 592 529 502 545 461 264 388 234 0 450 439 427 368 411 385 600 587 304 272 560 283 422 217 149 620 259 329 277 392 587 295 568 596 436 537 471 303 409 581 232 393 90 330 616 226 273 495 153 384 287 149 276 314 472 225 420 300 677 176 436 467 244 573 197 143 283 581 74 356 59 269 264 598 129 119 299 324 328 316 352 621 386 462 496 301 562 626 436 587 493 339 438 526 211 319 423 251 381 659 602 239 408 403 387 472 315 749 163 443 371 453 371 351 280 608 291 429 110 369 535 365 364 270 589 207 449 598 439 520 231 256 525 338 365 581 210 306 582 321 596 514 258 442 411 536 399 503 400 561 97 197 641 548 392 531 176 176 655 623 328 653 302 414 217 377 512 350 173 350 425 549 140 315 451 345 441 275 308 463 298 118 337 289 222 211 322 381 144 536 61 463 524 216 559 264 397
779 767 358 523 141 209 278 894 712 218 382 584 94 370 543 586 947 369 613 322 555 841 385 629 829 930 117 912 673 535 215 450 0 18 515 682 206 330 1004 260 562 273 170 342 509 600 599 608 255 148 635 275 679 655 801 1035 56 169 830 722 237 445 562 740 360 631 1017 226 522 758 556 802 666 599 631 270 143 333 518 166 227 423 21 840 401 251 276 557 306 442 395 193 391 692 576 197 396 553 336 265 735 175 714 1043 533 192 528 440 994 194 886 984 810 693 780 632 375 444 580 273 806 678 730 653 855 248 732 206 673 813 596 753 217 639 98 634 177 594 252 611 518 500 778 479 213 449 824 475 862 609 666 165 635 698 822 424 766 638 649 738 1020 766 623 190 503 795 762 945 194 736 125 165 357 639 583 789 176 976 489 533 1077 597 761 566 177 269 662 78 770 771 334 281 68 971 321 434 529 171 216 722 561 737 578 332 387 613 299 659 573 142 541 759 496 39 366 650 764 669 500
767 753 346 529 141 192 265 891 693 236 371 590 82 351 543 569 940 350 595 322 545 833 399 637 829 922 135 900 667 517 204 439 18 0 496 680 188 337 998 277 561 256 164 343 491 585 588 618 253 147 630 282 686 639 782 1027 39 187 827 714 218 458 558 737 350 614 1012 214 521 759 542 795 661 588 627 273 159 316 499 162 238 407 3 836 400 268 261 543 288 456 386 174 380 684 559 216 381 544 318 268 720 175 710 1037 536 176 536 441 987 211 875 979 809 677 763 638 358 446 584 272 792 688 736 646 843 230 729 220 669 823 587 751 199 620 81 633 163 605 253 592 510 503 759 460 194 431 827 458 856 619 648 154 620 689 822 427 761 646 636 730 1011 756 632 178 502 792 758 939 175 718 106 160 347 626 594 791 184 966 484 527 1070 608 747 579 160 278 650 63 752 764 318 286 49 964 308 436 535 173 228 712 543 719 576 321 368 610 283 647 556 148 526 741 486 57 379 642 767 654 481
602 477 387 843 521 324 355 936 216 726 408 880 453 171 737 229 876 149 213 582 519 745 830 972 954 854 630 722 667 63 417 427 515 496 0 795 318 695 974 765 726 267 484 623 5 341 498 983 538 514 701 668 985 327 300 910 462 679 884 691 288 881 659 813 422 246 993 396 691 922 362 763 703 510 700 603 634 245 10 491 669 250 494 873 623 753 337 377 228 879 458 321 418 658 248 712 303 526 193 608 436 527 771 971 787 359 867 686 897 698 692 970 916 335 372 925 230 702 830 546 520 1037 1011 642 632 275 808 677 736 1146 560 868 297 141 422 777 392 969 568 120 534 762 285 62 301 156 1016 227 827 969 189 438 382 615 950 708 762 968 458 677 903 657 973 408 673 858 830 911 325 245 391 492 432 463 985 974 603 832 598 603 1001 980 506 984 362 680 491 450 288 729 296 640 448 904 359 694 835 556 665 615 181 275 723 409 134 716 279 502 178 567 351 259 482 552 805 599 982 398 29
404 552 429 320 821 616 505 217 833 680 402 284 743 655 154 630 344 700 675 360 285 315 537 388 162 337 731 463 178 753 507 368 682 680 795 0 732 415 352 681 123 615 837 349 790 520 335 447 427 534 99 465 336 591 894 461 697 680 154 203 740 530 139 70 400 657 361 513 161 134 465 228 119 321 98 424 623 584 788 519 893 545 678 175 282 668 525 448 636 532 355 674 389 212 601 745 496 277 659 432 559 507 80 418 220 774 351 259 404 798 459 325 131 629 715 292 578 263 207 408 555 445 316 193 485 738 63 583 78 473 257 76 698 806 643 56 566 441 433 785 261 240 860 733 690 638 231 571 252 414 781 809 505 278 157 295 172 364 427 246 442 313 400 815 179 119 90 307 717 835 691 835 393 411 499 191 537 441 212 193 448 460 504 530 603 486 400 634 833 223 528 432 691 357 474 272 296 517 547 308 659 782 105 425 702 80 570 383 672 554 468 869 312 674 523 249 223 522 765
714 658 320 657 209 117 232 924 526 424 350 710 134 204 620 438 933 185 454 407 527 813 570 777 891 913 316 849 671 349 228 411 206 188 318 732 0 474 1009 465 627 144 181 442 313 488 549 769 341 265 661 429 813 524 614 1003 149 375 863 713 30 628 595 776 341 479 1025 219 585 834 463 794 682 554 658 390 342 209 323 256 356 305 186 864 477 456 215 469 155 625 386 58 362 679 436 399 306 529 170 390 621 289 741 1032 637 56 671 533 972 380 821 995 864 555 629 759 247 543 685 357 701 834 855 647 777 43 769 397 701 962 574 808 41 451 134 694 171 755 358 425 509 605 595 292 46 291 914 343 859 764 487 133 529 666 886 534 771 781 568 717 990 727 774 113 565 830 797 946 16 553 83 186 345 563 754 875 340 934 520 551 1066 761 665 744 131 432 591 161 591 760 243 417 138 960 272 533 656 306 396 681 402 565 634 312 203 653 193 593 412 301 446 573 470 245 548 627 863 560 308
665 730 344 192 469 390 341 632 836 266 343 254 417 523 260 651 738 551 693 135 430 664 164 304 535 725 337 778 481 685 279 385 330 337 695 415 474 0 765 266 293 433 501 104 689 601 497 296 157 209 407 58 348 676 919 845 369 272 570 531 496 198 338 483 317 695 775 298 263 455 538 597 448 489 403 91 224 451 693 219 502 488 336 589 166 253 358 529 470 197 311 426 342 511 628 335 433 423 504 87 713 184 471 823 219 491 199 158 794 393 761 740 526 720 819 301 476 151 262 151 757 360 399 470 754 502 475 172 437 489 452 472 458 777 344 359 317 282 126 749 376 187 889 639 450 565 507 542 645 290 781 490 616 548 528 119 549 310 585 563 827 613 300 510 252 534 504 715 457 852 400 495 306 569 290 476 154 805 292 343 856 290 702 289 356 74 581 321 871 575 408 57 370 757 350 142 199 169 138 579 650 825 316 311 564 368 416 570 666 188 527 882 389 306 140 495 442 649 670
394 567 688 664 1135 892 777 151 934 1028 658 617 1050 878 506 760 111 925 795 692 483 234 890 706 300 131 1067 337 337 919 804 600 1004 998 974 352 1009 765 0 1031 472 872 1143 689 971 639 481 771 753 858 370 813 636 681 965 185 1008 1024 202 296 1009 879 444 282 668 767 19 804 503 377 612 216 337 471 373 763 964 822 966 837 1224 751 995 177 619 1018 793 597 881 881 625 952 646 330 734 1090 721 480 894 773 597 833 296 85 570 1058 693 607 137 1139 356 31 277 701 754 610 800 614 549 735 543 749 591 361 419 1003 290 929 333 726 437 313 970 934 947 409 861 768 766 922 500 592 934 919 963 830 420 752 150 738 892 1108 603 360 305 647 238 678 520 300 170 319 719 1107 518 234 262 63 996 924 987 1143 667 512 829 409 876 229 514 470 105 787 518 864 891 835 486 944 905 251 773 777 999 88 736 622 641 849 893 359 803 858 449 698 921 400 822 473 812 887 624 955 539 1002 876 387 470 599 946
901 935 515 416 344 443 465 897 949 41 528 481 347 607 526 798 1001 615 832 361 662 920 193 479 795 988 170 1023 738 777 387 587 260 277 765 681 465 266 1031 0 559 506 390 350 759 782 723 436 329 273 670 220 549 849 1038 1106 317 91 836 788 496 247 599 749 500 844 1041 407 528 712 726 859 710 718 666 286 132 554 767 303 299 626 279 855 421 14 473 722 543 243 515 445 531 766 781 107 584 657 577 275 909 276 737 1088 476 451 404 423 1056 173 1003 1006 789 891 986 520 592 417 513 339 968 509 610 724 987 507 741 115 702 648 693 736 472 879 342 625 384 425 300 851 612 448 1012 722 467 676 751 683 909 450 900 407 808 794 787 385 812 498 798 817 1089 861 469 438 516 801 770 981 452 971 383 382 492 784 391 724 195 1061 544 595 1121 420 916 363 405 197 802 315 1001 835 534 260 327 1021 496 409 432 245 148 823 782 962 582 480 632 633 516 793 796 215 713 997 612 220 189 741 682 843 747
443 563 344 229 702 513 408 341 794 557 319 216 627 574 40 590 450 617 635 239 258 395 425 328 268 440 607 530 221 692 399 304 562 561 726 123 627 293 472 559 0 521 720 225 721 493 323 376 308 414 130 342 300 570 863 562 580 557 278 264 638 425 91 190 311 623 481 407 41 207 431 317 172 310 126 301 499 499 721 401 770 476 559 296 161 546 429 416 546 427 269 569 308 256 561 622 423 249 572 309 561 387 179 532 124 665 263 136 508 675 519 446 247 611 705 243 500 142 137 289 576 393 303 221 531 637 182 459 149 457 250 190 595 757 529 71 457 368 311 733 214 132 830 664 587 571 293 512 357 347 740 695 488 313 261 175 264 309 423 304 544 366 337 703 61 242 211 422 611 801 580 718 302 405 419 253 414 531 128 140 564 386 521 445 496 364 403 518 805 301 442 309 575 467 383 150 206 395 424 345 611 754 25 331 621 82 479 387 625 431 430 834 261 553 409 267 256 512 697
569 519 188 595 334 64 112 796 443 468 218 639 245 101 521 314 793 119 339 332 389 670 562 721 777 773 390 704 536 272 154 272 273 256 267 615 144 433 872 506 521 0 316 372 261 348 406 726 279 247 536 402 745 391 532 859 231 425 736 575 138 614 476 653 215 359 889 134 481 728 319 656 553 411 534 341 374 66 267 224 473 163 253 735 388 494 91 325 38 612 261 100 230 541 307 467 161 392 73 345 482 260 615 892 554 200 615 449 829 467 676 860 746 426 509 687 108 463 601 289 561 784 779 511 633 131 646 412 576 902 435 692 103 373 174 584 125 712 306 345 376 525 508 218 99 175 814 208 722 715 395 271 387 524 772 462 637 721 423 577 847 584 721 256 461 705 672 809 136 466 168 321 222 418 723 774 336 790 403 426 925 721 522 720 101 413 446 198 498 622 100 376 217 820 142 454 589 288 398 538 287 463 524 190 133 535 49 448 299 301 302 491 333 305 538 487 770 420 245
878 835 465 693 48 268 376 1043 699 350 494 754 93 385 704 619 1077 364 635 482 673 963 546 798 989 1058 220 1013 807 523 338 560 170 164 484 837 181 501 1143 390 720 316 0 506 480 665 706 775 412 309 780 445 849 704 785 1156 140 302 980 852 204 606 709 890 478 660 1158 339 679 921 634 933 808 708 777 437 302 383 490 319 187 480 166 986 560 386 364 639 334 603 519 216 505 820 617 296 472 674 351 433 799 337 860 1175 700 128 698 604 1120 252 986 1125 967 735 810 802 424 610 748 431 878 846 900 784 946 218 882 368 820 983 718 910 218 623 196 791 282 762 415 598 645 667 767 468 220 472 990 522 997 778 662 47 704 816 982 592 904 808 736 863 1142 881 792 76 660 945 912 1082 183 727 159 9 478 730 747 954 346 1091 634 673 1209 764 839 727 257 438 756 202 766 901 407 451 146 1102 420 599 699 338 383 835 583 743 733 448 381 763 360 757 592 312 618 743 614 199 528 773 932 736 479
563 626 252 223 483 341 267 565 748 340 247 270 415 453 202 557 652 487 600 41 326 570 268 350 488 638 382 679 387 606 221 283 342 343 623 349 442 104 689 350 225 372 506 0 617 500 393 360 100 197 322 130 374 576 829 756 367 335 502 438 459 298 250 412 222 600 701 238 188 416 436 509 361 386 318 75 275 377 620 191 544 400 341 517 71 336 287 427 406 297 210 388 243 416 533 400 344 320 439 83 609 168 393 742 197 470 244 98 707 450 660 666 471 621 720 318 396 104 245 84 653 414 413 374 652 462 404 241 356 530 350 415 418 693 325 296 272 347 90 666 273 164 798 564 409 483 484 451 561 346 693 486 514 448 481 92 464 349 481 467 738 514 350 499 172 466 434 636 425 762 380 503 210 465 369 448 188 711 194 245 775 359 598 376 313 153 477 308 779 484 328 89 364 673 266 93 218 171 205 479 560 732 244 221 497 289 345 466 576 206 427 794 285 329 244 395 427 547 596
600 476 382 838 517 318 350 932 220 720 402 875 448 165 732 227 873 144 212 576 515 742 824 966 950 851 625 720 663 62 411 422 509 491 5 790 313 689 971 759 721 261 480 617 0 338 494 977 532 509 696 662 980 325 304 908 457 674 880 688 283 875 654 809 416 245 990 391 686 917 359 760 699 506 695 597 628 240 11 485 665 245 488 869 617 748 331 374 222 873 453 316 413 654 246 707 298 521 187 603 435 522 767 968 781 355 861 681 894 693 690 967 912 334 373 920 224 696 825 540 519 1031 1006 638 631 270 804 671 732 1140 556 864 292 144 417 772 387 963 563 122 529 756 289 57 296 151 1011 223 824 963 191 434 380 612 946 702 759 962 455 673 900 654 967 404 667 854 825 908 320 249 386 488 427 460 979 969 597 830 593 598 999 974 505 978 357 674 488 444 291 725 290 634 443 901 353 689 829 550 659 612 179 277 718 404 128 711 273 499 177 562 348 263 478 547 799 595 977 396 25
