52
0 736 833 853 683 742 789 896 309 399 350 457 209 898 930 538 475 540 447 916 649 420 373 771 630 636 169 239 289 156 353 845 641 317 228 285 576 190 576 353 519 779 896 885 457 158 525 478 732 336 350 705
736 0 280 219 220 309 136 211 817 901 520 496 599 344 545 338 274 215 986 364 271 647 533 218 500 500 862 629 594 807 383 173 468 485 552 463 361 665 285 418 224 625 502 506 703 842 442 948 372 705 733 541
833 280 0 88 152 112 406 156 996 1090 722 729 646 72 822 586 378 432 1171 93 186 868 743 74 767 767 988 801 603 944 520 139 738 667 611 550 620 823 542 480 420 903 779 785 629 970 691 1149 652 903 932 815
853 219 88 0 177 185 333 70 990 1080 705 699 678 131 748 548 382 402 1164 148 229 844 723 92 718 718 1000 796 645 952 521 54 687 656 639 568 576 823 499 502 397 845 706 713 693 982 653 1135 590 889 918 761
683 220 152 177 0 102 357 236 845 940 577 593 501 222 755 462 227 302 1021 242 58 726 600 88 652 653 836 651 467 791 369 189 626 519 464 398 503 671 425 330 284 800 711 714 526 818 564 1000 563 755 784 708
742 309 112 185 102 0 445 255 928 1024 669 692 547 160 852 565 313 404 1103 176 98 820 694 105 755 756 901 734 498 861 452 222 729 608 515 464 605 750 528 391 385 903 808 811 516 884 665 1087 664 843 873 811
789 136 406 333 357 445 0 301 818 892 519 468 680 464 415 307 366 249 978 481 406 621 524 351 425 424 895 643 690 836 441 279 391 502 632 538 310 686 251 506 274 525 373 380 819 875 399 929 268 697 723 450
896 211 156 70 236 255 301 0 1014 1101 722 706 728 184 709 549 421 415 1186 197 291 855 738 158 708 708 1037 822 701 987 555 50 676 679 687 611 572 852 497 549 416 824 669 677 758 1018 653 1152 567 907 936 744
309 817 996 990 845 928 818 1014 0 99 299 362 483 1068 808 513 618 602 175 1088 829 231 294 925 501 506 210 194 569 167 476 965 527 334 477 479 526 181 568 552 598 602 786 772 757 199 443 174 660 127 110 557
399 901 1090 1080 940 1024 892 1101 99 0 380 426 581 1162 841 584 713 687 86 1182 925 279 369 1017 543 548 273 289 667 247 572 1054 572 423 576 578 590 281 640 651 685 619 823 808 853 268 503 78 713 196 169 589
350 520 722 705 577 669 519 722 299 380 0 107 384 795 581 219 357 307 466 815 572 154 32 648 280 285 398 132 456 335 230 675 291 71 350 293 243 184 271 346 307 435 548 537 655 378 177 430 393 185 213 356
457 496 729 699 593 692 468 706 362 426 107 0 482 802 476 162 392 297 512 823 599 153 85 655 173 178 493 230 548 430 290 663 185 161 444 375 164 284 218 416 309 330 446 434 745 474 80 461 300 235 258 249
209 599 646 678 501 547 680 728 483 581 384 482 0 706 911 497 324 438 640 723 459 511 416 590 645 650 379 337 86 357 251 678 644 321 48 144 546 314 518 182 408 811 871 864 282 366 526 658 696 462 485 723
898 344 72 131 222 160 464 184 1068 1162 795 802 706 0 879 658 449 504 1243 20 249 940 816 147 837 837 1055 873 659 1012 591 186 807 740 673 616 691 893 613 545 493 969 837 844 667 1037 762 1221 717 975 1004 883
930 545 822 748 755 852 415 709 808 841 581 476 911 879 0 413 675 517 918 896 796 577 562 764 310 304 967 707 955 904 666 693 291 615 864 774 364 761 401 780 551 241 44 46 1128 948 404 843 218 684 697 252
538 338 586 548 462 565 307 549 513 584 219 162 497 658 413 0 296 160 671 679 480 315 219 513 194 196 613 350 542 551 254 508 175 222 451 361 52 399 56 374 184 357 374 366 722 592 104 622 199 390 415 262
475 274 378 382 227 313 366 421 618 713 357 392 324 449 675 296 0 157 794 469 215 510 383 308 490 492 618 424 324 570 142 370 472 295 278 192 347 444 282 143 124 654 631 629 462 599 382 775 459 530 560 559
540 215 432 402 302 404 249 415 602 687 307 297 438 504 517 160 157 0 772 525 320 441 322 358 352 354 654 414 459 597 193 369 330 270 389 294 204 451 130 276 33 509 474 471 615 633 261 737 301 492 520 415
447 986 1171 1164 1021 1103 978 1186 175 86 466 512 640 1243 918 671 794 772 0 1263 1004 364 455 1099 625 630 298 369 726 290 652 1138 655 507 641 651 677 354 727 724 769 692 902 887 904 299 589 87 797 282 255 667
916 364 93 148 242 176 481 197 1088 1182 815 823 723 20 896 679 469 525 1263 0 267 961 837 167 857 857 1073 893 674 1031 611 202 827 760 691 635 712 913 633 564 514 989 855 861 678 1056 783 1242 736 996 1025 903
649 271 186 229 58 98 406 291 829 925 572 599 459 249 796 480 215 320 1004 267 0 724 597 136 672 674 806 635 419 765 353 246 649 511 425 368 523 651 448 296 296 826 751 753 468 789 577 989 597 745 774 733
420 647 868 844 726 820 621 855 231 279 154 153 511 940 577 315 510 441 364 961 724 0 127 793 270 275 403 183 589 342 385 810 296 223 483 440 314 229 371 498 448 380 554 540 790 385 226 308 434 107 120 327
373 533 743 723 600 694 524 738 294 369 32 85 416 816 562 219 383 322 455 837 597 127 0 669 257 263 409 145 488 346 259 692 271 102 381 324 236 199 274 377 325 408 531 520 687 389 162 414 382 173 200 332
771 218 74 92 88 105 351 158 925 1017 648 655 590 147 764 513 308 358 1099 167 136 793 669 0 695 696 922 730 554 876 450 119 667 594 552 486 548 752 470 418 346 834 720 725 601 904 617 1076 586 829 859 745
630 500 767 718 652 755 425 708 501 543 280 173 645 837 310 194 490 352 625 857 672 270 257 695 0 5 657 400 704 594 425 673 35 328 603 524 149 454 226 552 378 169 285 271 894 638 119 557 180 375 390 78
636 500 767 718 653 756 424 708 506 548 285 178 650 837 304 196 492 354 630 857 674 275 263 696 5 0 663 405 708 599 430 673 33 333 608 528 150 459 228 556 380 165 279 265 899 644 123 561 177 380 396 73
169 862 988 1000 836 901 895 1037 210 273 398 493 379 1055 967 613 618 654 298 1073 806 403 409 922 657 663 0 265 459 63 483 986 676 395 394 438 641 214 661 510 639 783 939 926 619 20 572 349 791 298 297 724
239 629 801 796 651 734 643 822 194 289 132 230 337 873 707 350 424 414 369 893 635 183 145 730 400 405 265 0 420 202 282 773 415 144 317 297 376 54 400 366 407 541 677 665 619 245 307 355 525 126 152 471
289 594 603 645 467 498 690 701 569 667 456 548 86 659 955 542 324 459 726 674 419 589 488 554 704 708 459 420 0 441 288 652 700 389 106 181 593 400 555 184 427 872 914 908 200 447 584 744 737 546 570 782
156 807 944 952 791 861 836 987 167 247 335 430 357 1012 904 551 570 597 290 1031 765 342 346 876 594 599 63 202 441 0 432 936 613 335 365 397 578 151 599 470 583 721 875 863 614 44 508 326 728 239 241 661
353 383 520 521 369 452 441 555 476 572 230 290 251 591 666 254 142 193 652 611 353 385 259 450 425 430 483 282 288 432 0 504 417 162 202 108 306 302 268 127 168 595 625 619 470 463 307 635 449 393 422 502
845 173 139 54 189 222 279 50 965 1054 675 663 678 186 693 508 370 369 1138 202 246 810 692 119 673 673 986 773 652 936 504 0 641 631 637 560 533 802 457 499 368 795 652 659 715 967 612 1106 539 860 889 712
641 468 738 687 626 729 391 676 527 572 291 185 644 807 291 175 472 330 655 827 649 296 271 667 35 33 676 415 700 613 417 641 0 332 601 519 126 469 201 542 357 182 262 250 887 657 118 588 146 400 416 87
317 485 667 656 519 608 502 679 334 423 71 161 321 740 615 222 295 270 507 760 511 223 102 594 328 333 395 144 389 335 162 631 332 0 283 222 258 184 266 275 263 491 579 570 587 375 213 481 414 235 264 405
228 552 611 639 464 515 632 687 477 576 350 444 48 673 864 451 278 389 641 691 425 483 381 552 603 608 394 317 106 365 202 637 601 283 0 95 500 301 470 138 360 770 824 818 307 379 484 652 649 444 468 681
285 463 550 568 398 464 538 611 479 578 293 375 144 616 774 361 192 294 651 635 368 440 324 486 524 528 438 297 181 397 108 560 519 222 95 0 412 297 377 73 265 693 734 727 371 420 405 649 557 421 448 602
576 361 620 576 503 605 310 572 526 590 243 164 546 691 364 52 347 204 677 712 523 314 236 548 149 150 641 376 593 578 306 533 126 258 500 412 0 427 78 427 230 307 326 318 774 621 89 622 155 400 423 212
190 665 823 823 671 750 686 852 181 281 184 284 314 893 761 399 444 451 354 913 651 229 199 752 454 459 214 54 400 151 302 802 469 184 301 297 427 0 447 370 441 594 730 719 595 193 360 353 578 152 172 525
576 285 542 499 425 528 251 497 568 640 271 218 518 613 401 56 282 130 727 633 448 371 274 470 226 228 661 400 555 599 268 457 201 266 470 377 78 447 0 379 160 379 359 354 727 640 156 679 182 445 471 285
353 418 480 502 330 391 506 549 552 651 346 416 182 545 780 374 143 276 724 564 296 498 377 418 552 556 510 366 184 470 127 499 542 275 138 73 427 370 379 0 243 722 738 734 348 493 434 720 562 488 516 628
519 224 420 397 284 385 274 416 598 685 307 309 408 493 551 184 124 33 769 514 296 448 325 346 378 380 639 407 427 583 168 368 357 263 360 265 230 441 160 243 0 538 507 505 581 619 281 738 334 492 520 443
779 625 903 845 800 903 525 824 602 619 435 330 811 969 241 357 654 509 692 989 826 380 408 834 169 165 783 541 872 721 595 795 182 491 770 693 307 594 379 722 538 0 241 225 1064 765 288 612 257 486 494 95
896 502 779 706 711 808 373 669 786 823 548 446 871 837 44 374 631 474 902 855 751 554 531 720 285 279 939 677 914 875 625 652 262 579 824 734 326 730 359 738 507 241 0 16 1085 919 371 829 176 660 675 235
885 506 785 713 714 811 380 677 772 808 537 434 864 844 46 366 629 471 887 861 753 540 520 725 271 265 926 665 908 863 619 659 250 570 818 727 318 719 354 734 505 225 16 0 1081 907 360 813 171 646 661 219
457 703 629 693 526 516 819 758 757 853 655 745 282 667 1128 722 462 615 904 678 468 790 687 601 894 899 619 619 200 614 470 715 887 587 307 371 774 595 727 348 581 1064 1085 1081 0 611 775 931 909 745 767 971
158 842 970 982 818 884 875 1018 199 268 378 474 366 1037 948 592 599 633 299 1056 789 385 389 904 638 644 20 245 447 44 463 967 657 375 379 420 621 193 640 493 619 765 919 907 611 0 552 345 771 281 281 705
525 442 691 653 564 665 399 653 443 503 177 80 526 762 404 104 382 261 589 783 577 226 162 617 119 123 572 307 584 508 307 612 118 213 484 405 89 360 156 434 281 288 371 360 775 552 0 534 220 315 337 197
478 948 1149 1135 1000 1087 929 1152 174 78 430 461 658 1221 843 622 775 737 87 1242 989 308 414 1076 557 561 349 355 744 326 635 1106 588 481 652 649 622 353 679 720 738 612 829 813 931 345 534 0 733 246 217 594
732 372 652 590 563 664 268 567 660 713 393 300 696 717 218 199 459 301 797 736 597 434 382 586 180 177 791 525 737 728 449 539 146 414 649 557 155 578 182 562 334 257 176 171 909 771 220 733 0 532 552 185
336 705 903 889 755 843 697 907 127 196 185 235 462 975 684 390 530 492 282 996 745 107 173 829 375 380 298 126 546 239 393 860 400 235 444 421 400 152 445 488 492 486 660 646 745 281 315 246 532 0 29 434
350 733 932 918 784 873 723 936 110 169 213 258 485 1004 697 415 560 520 255 1025 774 120 200 859 390 396 297 152 570 241 422 889 416 264 468 448 423 172 471 516 520 494 675 661 767 281 337 217 552 29 0 446
705 541 815 761 708 811 450 744 557 589 356 249 723 883 252 262 559 415 667 903 733 327 332 745 78 73 724 471 782 661 502 712 87 405 681 602 212 525 285 628 443 95 235 219 971 705 197 594 185 434 446 0
