31
0 65 161 799 663 936 192 152 725 349 464 994 415 1045 926 879 1001 284 717 155 680 355 410 956 768 592 609 452 56 768 407
65 0 147 855 714 1001 251 106 763 399 516 1058 470 1110 981 933 1066 345 764 194 733 418 434 1011 802 643 670 514 38 832 469
161 147 0 788 809 1013 241 86 651 329 448 1045 558 1114 912 862 1067 415 671 136 661 469 309 941 682 741 636 497 182 824 449
799 855 788 0 870 525 608 869 316 461 341 418 748 546 126 83 500 678 190 668 129 609 543 156 378 850 240 387 856 334 416
663 714 809 870 0 583 614 815 1029 712 729 742 251 701 963 943 682 400 936 710 828 378 895 989 1100 71 639 554 679 587 567
936 1001 1013 525 583 0 773 1066 819 732 654 179 634 122 549 559 99 678 691 877 578 593 903 563 889 609 435 523 981 219 570
192 251 241 608 614 773 0 295 563 173 278 814 368 876 734 688 830 218 537 109 490 244 302 764 616 552 418 266 248 590 219
152 106 86 869 815 1066 295 0 738 407 527 1109 568 1171 993 943 1125 434 756 203 742 500 395 1022 768 745 706 560 144 885 512
725 763 651 316 1029 819 563 738 0 390 313 732 842 856 384 337 809 724 129 570 242 686 346 402 73 990 421 476 778 607 471
349 399 329 461 712 732 173 407 390 0 119 735 487 819 586 537 770 350 368 208 335 336 190 615 445 659 318 214 405 524 173
464 516 448 341 729 654 278 527 313 119 0 636 530 730 466 417 680 411 262 327 216 373 250 495 378 685 222 179 520 438 162
994 1058 1045 418 742 179 814 1109 732 735 636 0 751 133 408 430 98 765 604 910 505 678 884 415 797 759 417 549 1044 226 597
415 470 558 748 251 634 368 568 842 487 530 751 0 755 861 830 722 151 769 460 675 156 661 890 908 184 508 376 436 545 371
1045 1110 1114 546 701 122 876 1171 856 819 730 133 755 0 542 563 49 794 727 977 622 708 980 549 922 730 508 617 1092 294 666
926 981 912 126 963 549 734 993 384 586 466 408 861 542 0 51 502 799 276 793 250 727 656 30 432 950 355 509 982 395 540
879 933 862 83 943 559 688 943 337 537 417 430 830 563 51 0 520 761 226 745 201 692 604 78 388 927 321 471 935 388 499
1001 1066 1067 500 682 99 830 1125 809 770 680 98 722 49 502 520 0 754 679 931 573 668 931 511 875 707 458 570 1049 245 618
284 345 415 678 400 678 218 434 724 350 411 765 151 794 799 761 754 0 666 310 586 86 514 829 786 335 445 290 317 543 268
717 764 671 190 936 691 537 756 129 368 262 604 769 727 276 226 679 666 0 570 118 616 390 299 197 904 307 393 773 481 400
155 194 136 668 710 877 109 203 570 208 327 910 460 977 793 745 931 310 570 0 544 349 258 823 613 645 503 361 207 688 313
680 733 661 129 828 578 490 742 242 335 216 505 675 622 250 201 573 586 118 544 0 526 415 279 313 799 192 300 736 365 317
355 418 469 609 378 593 244 500 686 336 373 678 156 708 727 692 668 86 616 349 526 0 517 757 752 322 372 226 394 456 216
410 434 309 543 895 903 302 395 346 190 250 884 661 980 656 604 931 514 390 258 415 517 0 682 373 839 472 400 457 688 362
956 1011 941 156 989 563 764 1022 402 615 495 415 890 549 30 78 511 829 299 823 279 757 682 0 446 978 385 540 1012 416 571
768 802 682 378 1100 889 616 768 73 445 378 797 908 922 432 388 875 786 197 613 313 752 373 446 0 1060 494 545 820 678 539
592 643 741 850 71 609 552 745 990 659 685 759 184 730 950 927 707 335 904 645 799 322 839 978 1060 0 615 515 608 587 522
609 670 636 240 639 435 418 706 421 318 222 417 508 508 355 321 458 445 307 503 192 372 472 385 494 615 0 162 663 217 202
452 514 497 387 554 523 266 560 476 214 179 549 376 617 509 471 570 290 393 361 300 226 400 540 545 515 162 0 505 326 48
56 38 182 856 679 981 248 144 778 405 520 1044 436 1092 982 935 1049 317 773 207 736 394 457 1012 820 608 663 505 0 818 461
768 832 824 334 587 219 590 885 607 524 438 226 545 294 395 388 245 543 481 688 365 456 688 416 678 587 217 326 818 0 375
407 469 449 416 567 570 219 512 471 173 162 597 371 666 540 499 618 268 400 313 317 216 362 571 539 522 202 48 461 375 0
