116
0 106 661 834 728 519 569 922 589 403 426 909 460 340 365 423 240 399 332 555 773 29 389 255 242 437 381 837 582 482 358 782 82 847 666 276 657 828 562 326 483 507 550 43 112 795 811 592 83 269 310 673 712 572 424 515 91 894 887 214 371 853 687 377 382 921 551 808 396 607 74 549 150 730 246 753 716 463 631 682 873 565 788 646 522 621 535 473 818 483 395 575 642 140 492 828 138 569 809 678 847 305 523 521 556 922 503 354 680 729 608 667 125 544 75 542
106 0 650 729 635 488 603 815 557 318 412 860 358 405 371 364 309 467 367 454 698 125 284 199 137 334 320 790 633 379 258 756 24 748 559 358 591 775 586 380 382 574 520 148 203 750 705 603 95 207 265 570 672 468 429 582 60 787 781 212 332 746 581 421 276 857 445 731 461 546 179 473 244 626 233 648 677 490 525 681 833 515 722 554 454 621 454 529 748 485 306 599 645 244 518 760 241 585 749 575 805 275 539 574 451 869 562 249 615 642 560 599 102 443 72 594
661 650 0 889 620 188 270 1055 155 491 238 363 836 464 299 359 509 468 373 903 471 640 747 465 632 803 944 304 377 831 787 154 654 769 844 544 362 341 212 426 853 468 162 684 754 267 886 142 726 842 909 734 194 695 243 468 600 1016 977 859 333 943 836 369 678 473 812 511 452 322 663 426 608 983 419 857 187 269 820 67 294 260 403 576 369 68 455 398 454 183 871 217 84 660 246 450 740 170 372 746 281 376 195 384 709 400 414 738 355 550 241 378 750 645 704 381
834 729 889 0 280 727 1058 174 735 494 777 770 447 1019 834 595 958 1073 917 394 482 848 468 658 592 447 695 742 1145 414 529 861 753 178 191 1020 537 686 1004 972 433 1156 741 877 928 736 30 966 805 703 751 174 736 266 853 1161 754 136 89 833 677 60 159 970 453 643 315 464 1059 568 905 470 947 262 753 87 746 961 220 955 809 630 572 313 532 921 447 1083 541 864 567 1018 952 964 969 557 970 972 628 165 786 711 950 1108 279 740 1117 503 552 361 649 524 778 305 789 1121
728 635 620 280 0 474 815 453 470 328 546 497 493 827 619 378 786 874 714 494 207 732 459 497 506 474 729 464 911 466 530 581 657 153 321 849 260 409 758 776 493 942 483 771 837 456 284 711 727 691 755 179 458 232 624 946 637 415 369 799 466 339 294 761 405 385 380 199 858 299 787 228 806 462 574 277 468 731 319 687 531 369 296 81 289 659 219 865 271 623 601 771 689 835 734 287 865 722 351 189 507 518 706 883 262 471 897 484 273 81 379 246 714 220 706 892
519 488 188 727 474 0 342 886 70 302 112 399 647 420 204 170 427 449 306 715 373 504 559 293 451 614 765 327 442 642 601 267 497 627 663 478 242 333 283 372 664 491 31 550 624 283 720 239 573 669 737 563 196 514 176 494 445 847 813 701 157 777 658 333 490 451 625 417 432 186 539 256 504 799 273 686 198 270 637 244 356 110 337 416 194 199 281 413 385 154 686 296 231 552 266 387 622 247 333 575 331 215 233 421 525 420 441 552 249 417 126 258 591 463 550 427
569 603 270 1058 815 342 0 1208 365 586 282 634 887 265 251 465 349 240 238 972 706 542 795 477 643 855 923 575 107 892 812 421 597 969 968 356 580 608 61 252 909 204 339 576 632 535 1048 128 649 811 867 888 455 822 212 203 543 1171 1140 784 392 1103 969 194 738 739 904 749 228 526 542 592 463 1092 388 1008 450 115 938 230 565 451 653 753 529 202 611 149 704 193 885 53 190 513 93 703 600 104 631 898 552 387 109 119 827 671 153 775 582 759 456 597 685 772 633 111
922 815 1055 174 453 886 1208 0 900 629 926 944 484 1145 975 743 1074 1202 1050 404 656 939 534 780 684 496 711 917 1291 454 581 1033 840 345 258 1135 708 860 1157 1100 464 1291 902 962 1004 910 170 1124 879 746 780 322 908 389 999 1297 850 39 86 881 820 114 245 1105 542 815 371 638 1189 735 995 631 1049 222 879 200 918 1106 293 1120 983 794 747 480 691 1083 604 1221 715 1016 595 1172 1115 1058 1118 731 1051 1127 802 311 960 845 1102 1250 391 913 1256 571 724 535 816 695 845 437 866 1264
589 557 155 735 470 70 365 900 0 348 177 331 696 478 267 221 492 502 366 758 341 574 610 359 513 663 827 260 470 688 656 201 566 621 690 541 218 271 303 431 711 533 42 620 694 216 731 247 642 733 802 579 127 541 231 535 515 861 823 769 224 788 681 387 539 394 662 384 484 171 609 270 572 830 343 702 128 312 666 220 286 105 291 422 214 189 300 456 341 195 742 314 219 621 302 341 691 263 278 591 261 285 261 457 556 355 481 606 218 404 93 235 659 491 619 461
403 318 491 494 328 302 586 629 348 0 306 584 347 524 345 133 469 579 422 412 383 405 264 171 209 315 504 520 663 340 316 540 338 461 383 532 291 491 540 477 363 663 329 446 514 486 479 518 413 429 499 320 428 239 374 668 312 593 569 507 194 532 386 477 192 554 325 414 564 260 460 160 479 508 260 432 435 479 352 546 575 262 419 246 163 496 137 591 438 400 403 555 527 507 493 451 539 516 455 329 546 217 484 620 241 584 626 264 317 325 305 295 408 192 390 635
426 412 238 777 546 112 282 926 177 306 0 509 628 310 91 183 315 344 195 706 474 408 536 232 403 595 711 438 368 628 566 356 416 698 687 366 340 445 233 261 648 397 135 453 525 394 766 216 488 607 672 606 305 540 78 401 362 889 859 621 115 822 688 227 473 563 629 517 327 281 437 318 396 814 182 726 306 185 658 272 461 209 446 478 256 213 333 320 491 94 647 248 241 445 192 495 518 210 445 617 438 140 177 336 546 532 351 522 351 499 235 356 512 490 466 347
909 860 363 770 497 399 634 944 331 584 509 0 906 803 598 497 823 818 695 942 290 897 837 662 786 878 1089 71 740 889 897 217 873 605 807 871 300 96 575 758 915 829 373 943 1017 115 779 506 952 1011 1081 668 204 681 558 830 827 906 858 1070 537 831 785 709 765 153 830 306 801 324 935 436 903 952 667 775 204 619 796 411 75 345 202 503 422 431 469 757 228 511 983 580 444 951 601 213 1019 533 148 679 81 604 552 746 706 44 776 844 273 416 301 302 962 642 929 744
460 358 836 447 493 647 887 484 696 347 628 906 0 744 636 477 656 806 676 95 653 482 92 410 253 33 250 849 944 32 102 887 380 539 255 710 606 810 852 709 23 908 676 496 528 820 418 845 404 262 304 343 771 260 681 915 406 463 471 397 514 443 288 734 157 841 133 667 796 592 534 472 602 275 504 360 779 773 227 887 908 608 717 436 500 834 438 851 719 721 120 867 864 600 794 734 578 836 764 340 880 501 798 890 231 897 886 116 632 545 649 604 367 279 395 909
340 405 464 1019 827 420 265 1145 478 524 310 803 744 0 220 448 100 62 116 837 782 311 657 364 491 714 718 734 248 757 652 616 391 974 888 90 648 749 286 50 767 169 438 334 379 690 1002 343 423 605 650 845 601 758 246 176 347 1111 1091 549 361 1054 899 95 618 871 797 825 55 589 295 602 208 989 266 952 599 198 855 453 745 519 757 750 546 402 607 137 802 292 710 293 409 254 225 806 341 313 754 853 725 310 273 186 753 831 164 628 661 793 545 663 465 714 413 207
365 371 299 834 619 204 251 975 267 345 91 598 636 220 0 242 225 258 104 720 562 343 543 225 394 603 685 527 318 641 562 434 370 769 727 274 428 537 220 170 657 324 225 386 455 483 821 231 436 576 637 661 394 585 58 328 315 938 912 571 156 875 732 143 487 655 655 605 241 369 364 391 313 845 141 776 394 138 696 316 547 299 537 547 332 256 401 249 582 118 637 234 277 364 158 586 442 214 537 670 525 136 169 275 587 622 283 523 441 578 326 443 465 537 416 289
423 364 359 595 378 170 465 743 221 133 183 497 477 448 242 0 415 495 335 544 358 416 390 168 296 444 609 428 550 471 434 420 378 528 506 477 235 410 415 398 494 566 198 461 535 389 584 388 457 520 590 423 318 358 257 571 335 705 676 573 87 639 505 383 320 498 457 398 479 184 462 154 456 637 209 543 324 365 478 413 474 153 365 304 105 363 159 491 398 274 520 430 394 495 375 407 547 388 386 434 446 145 359 513 366 505 524 384 257 346 198 246 465 308 433 526
240 309 509 958 786 427 349 1074 492 469 315 823 656 100 225 415 0 159 136 750 766 210 571 300 406 628 619 752 346 672 562 653 294 928 816 63 635 760 358 96 680 268 450 235 284 708 939 404 323 505 550 785 619 693 270 275 253 1042 1025 450 332 988 830 157 539 875 718 808 156 577 196 568 113 909 211 887 619 260 782 510 772 513 753 707 519 454 568 235 795 326 616 367 466 163 290 800 251 377 757 793 750 269 332 284 685 847 264 541 651 761 545 649 365 653 313 305
399 467 468 1073 874 449 240 1202 502 579 344 818 806 62 258 495 159 0 159 899 818 370 718 421 553 776 779 751 201 819 714 623 452 1022 947 133 684 771 273 102 829 108 463 391 431 708 1057 337 482 665 709 899 620 814 272 115 409 1168 1147 606 407 1109 956 116 678 896 857 861 17 625 350 647 261 1049 322 1008 618 200 913 448 757 553 787 799 589 403 654 95 834 309 772 277 404 303 223 837 389 306 780 908 739 362 273 141 810 849 113 689 695 836 575 700 524 770 472 161
332 367 373 917 714 306 238 1050 366 422 195 695 676 116 104 335 136 159 0 766 665 305 585 274 424 645 688 625 269 686 592 518 360 863 797 176 531 637 232 66 699 241 325 341 402 581 901 271 411 575 629 742 491 660 137 247 307 1015 992 546 248 954 804 58 538 757 714 708 143 473 310 488 241 906 175 854 491 132 764 374 641 403 641 640 431 318 495 175 686 191 660 244 331 293 162 690 378 245 640 752 619 205 199 214 658 721 210 560 545 678 430 547 447 615 395 232
555 454 903 394 494 715 972 404 758 412 706 942 95 837 720 544 750 899 766 0 673 578 180 496 345 122 309 889 1032 80 196 942 476 512 207 805 645 846 934 801 71 1000 742 591 621 863 364 922 498 344 376 325 822 267 763 1007 502 388 403 480 591 379 242 824 233 863 115 682 889 639 629 516 698 186 592 310 831 858 189 958 951 664 746 451 553 906 481 941 741 800 191 949 937 696 878 757 672 916 796 320 923 585 879 980 239 928 976 209 670 557 703 641 459 300 490 998
773 698 471 482 207 373 706 656 341 383 474 290 653 782 562 358 766 818 665 673 0 769 597 519 591 628 864 261 810 630 664 398 717 324 521 825 133 204 645 731 657 865 369 813 885 259 489 587 794 805 874 380 284 407 547 868 682 618 570 891 435 542 497 701 531 189 559 43 801 192 819 225 814 665 567 484 293 644 514 537 327 265 91 223 253 523 246 787 67 527 745 656 550 854 639 84 902 604 146 391 305 502 601 794 434 265 815 613 124 126 251 118 792 375 770 800
29 125 640 848 732 504 542 939 574 405 408 897 482 311 343 416 210 370 305 578 769 0 409 250 257 459 410 825 553 504 382 764 102 855 683 247 651 818 537 297 506 478 534 46 120 782 825 567 112 298 339 685 698 584 401 485 96 911 903 242 359 868 703 349 398 914 569 806 366 600 56 548 123 751 230 768 701 437 648 659 859 555 781 651 517 599 535 444 813 461 421 548 619 118 466 823 134 545 800 690 834 292 498 492 569 911 474 374 673 730 597 661 154 554 103 513
389 284 747 468 459 559 795 534 610 264 536 837 92 657 543 390 571 718 585 180 597 409 0 318 165 59 270 777 852 100 70 804 307 530 284 627 537 742 760 620 113 819 588 428 470 745 441 753 344 240 299 334 691 237 588 826 326 509 508 366 423 475 311 644 72 783 163 617 708 517 463 401 525 342 412 382 699 681 251 798 834 526 655 392 423 743 368 761 662 629 148 775 774 528 702 676 516 745 698 335 806 409 706 800 211 831 796 36 564 500 569 537 312 239 331 818
255 199 465 658 497 293 477 780 359 171 232 662 410 364 225 168 300 421 274 496 519 250 318 0 171 377 479 591 536 416 338 560 211 632 525 362 401 577 444 320 431 515 324 295 367 550 640 444 290 377 445 485 473 395 273 521 167 747 727 411 135 690 535 332 265 666 439 556 409 352 300 298 309 631 99 589 478 362 491 504 633 316 532 416 267 446 288 450 563 320 416 459 474 341 384 573 383 432 555 493 606 94 390 486 389 671 485 298 425 485 360 411 302 353 266 503
242 137 632 592 506 451 643 684 513 209 403 786 253 491 394 296 406 553 424 345 591 257 165 171 0 223 314 719 693 266 169 713 161 613 426 462 499 695 614 456 276 655 483 284 340 682 568 615 222 224 295 433 614 331 444 662 166 654 646 299 298 611 445 482 141 763 316 621 543 462 313 369 365 504 256 511 620 528 391 674 769 448 628 427 366 616 345 598 648 491 244 628 645 375 551 660 378 603 662 437 741 266 561 639 313 789 633 136 525 522 494 504 207 307 202 657
437 334 803 447 474 614 855 496 663 315 595 878 33 714 603 444 628 776 645 122 628 459 59 377 223 0 259 819 912 44 85 855 356 528 257 683 577 782 819 678 54 878 643 474 510 790 419 812 385 256 304 332 739 243 648 885 380 473 478 389 481 447 287 703 124 816 132 644 766 561 511 442 577 293 472 360 747 740 227 854 878 576 690 414 469 800 409 820 693 688 128 834 831 577 761 709 559 803 736 330 850 468 765 859 214 869 855 87 604 523 617 576 350 257 375 877
381 320 944 695 729 765 923 711 827 504 711 1089 250 718 685 609 619 779 688 309 864 410 270 479 314 259 0 1025 953 282 200 1028 329 788 504 658 792 995 903 698 262 887 797 399 395 990 666 915 299 113 86 591 925 501 740 894 380 696 712 212 611 686 537 741 333 1048 384 885 774 764 443 657 530 490 543 609 932 809 477 983 1078 759 916 663 667 924 627 847 927 793 130 917 951 506 836 941 451 899 956 589 1049 571 855 893 473 1087 879 251 819 770 804 795 256 509 306 913
837 790 304 742 464 327 575 917 260 520 438 71 849 734 527 428 752 751 625 889 261 825 777 591 719 819 1025 0 681 832 835 171 803 585 764 801 243 58 515 688 859 766 302 871 945 44 749 446 882 944 1014 628 133 632 488 767 756 878 831 1001 466 802 744 640 704 176 778 286 734 260 863 377 832 909 596 740 134 553 750 358 66 275 170 460 357 372 410 693 209 443 921 521 388 879 536 197 947 472 115 639 45 533 488 684 656 97 713 782 218 382 230 248 892 590 858 683
582 633 377 1145 911 442 107 1291 470 663 368 740 944 248 318 550 346 201 269 1032 810 553 852 536 693 912 953 681 0 952 862 526 623 1065 1045 333 682 715 168 256 966 122 442 581 627 643 1134 235 665 839 889 973 563 902 292 118 573 1254 1226 795 470 1189 1049 213 801 846 973 854 196 628 542 685 456 1163 439 1092 558 184 1014 332 670 552 759 846 623 309 702 110 810 288 929 160 295 502 177 809 588 211 738 984 658 453 209 61 905 777 88 828 686 858 559 699 705 853 652 40
482 379 831 414 466 642 892 454 688 340 628 889 32 757 641 471 672 819 686 80 630 504 100 416 266 44 282 832 952 0 128 876 401 508 223 727 589 792 855 721 27 920 670 519 554 805 385 845 429 293 336 312 758 233 684 927 424 433 440 427 513 411 255 744 155 820 101 643 809 578 556 456 622 249 512 327 767 778 195 884 893 597 697 412 488 831 422 861 697 722 153 870 862 622 798 713 603 838 745 309 865 505 800 900 204 878 896 131 615 520 637 586 393 255 419 917
358 258 787 529 530 601 812 581 656 316 566 897 102 652 562 434 562 714 592 196 664 382 70 338 169 85 200 835 862 128 0 853 280 599 341 614 598 802 782 620 125 819 631 394 426 802 501 781 302 174 229 403 744 307 611 826 309 559 563 304 456 532 370 650 134 849 216 685 706 574 432 462 503 376 425 442 752 697 309 833 891 578 719 462 479 777 431 765 728 657 86 796 806 499 720 742 476 770 761 402 862 432 729 806 280 893 799 53 625 569 621 599 265 310 293 825
782 756 154 861 581 267 421 1033 201 540 356 217 887 616 434 420 653 623 518 942 398 764 804 560 713 855 1028 171 526 876 853 0 764 719 849 693 326 222 365 576 901 621 235 810 882 147 863 295 839 934 1003 724 125 706 383 621 712 994 951 968 424 918 835 521 732 348 840 432 606 309 794 431 747 994 535 844 116 423 830 194 144 279 313 557 388 222 465 553 362 327 940 369 230 798 400 353 874 324 268 736 137 481 350 537 725 258 568 802 308 503 239 337 858 658 817 533
82 24 654 753 657 497 597 840 566 338 416 873 380 391 370 378 294 452 360 476 717 102 307 211 161 356 329 803 623 401 280 764 0 772 584 340 607 789 582 368 404 560 528 123 180 762 729 602 79 215 269 594 683 492 428 568 55 812 806 205 341 771 605 412 301 874 469 750 447 561 155 492 223 649 235 672 688 485 549 683 844 528 739 576 471 622 473 518 766 486 324 595 646 220 513 777 216 583 764 599 817 282 537 564 475 883 550 272 632 663 572 616 95 467 55 584
847 748 769 178 153 627 969 345 621 461 698 605 539 974 769 528 928 1022 863 512 324 855 530 632 613 528 788 585 1065 508 599 719 772 0 309 991 407 527 911 924 532 1093 635 891 952 584 197 864 836 771 829 196 599 293 776 1097 759 309 258 890 615 237 274 911 491 471 409 300 1007 450 912 380 939 422 716 222 608 883 323 837 650 521 415 223 442 811 368 1016 377 776 657 924 840 964 887 392 986 875 469 198 629 663 860 1035 319 572 1049 561 416 219 529 392 816 307 816 1045
666 559 844 191 321 663 968 258 690 383 687 807 255 888 727 506 816 947 797 207 521 683 284 525 426 257 504 764 1045 223 341 849 584 309 0 877 528 714 921 845 241 1038 684 707 753 746 162 894 628 513 559 142 724 149 757 1044 592 228 223 646 577 191 35 853 284 706 125 520 934 540 738 421 790 145 624 104 733 862 34 906 830 586 605 303 475 862 390 970 588 781 376 936 894 801 876 605 798 895 658 132 803 595 865 1001 141 786 1005 321 550 396 616 520 597 200 614 1016
276 358 544 1020 849 478 356 1135 541 532 366 871 710 90 274 477 63 133 176 805 825 247 627 362 462 683 658 801 333 727 614 693 340 991 877 0 693 811 375 118 734 238 500 262 298 757 1001 429 358 545 584 848 667 755 313 245 304 1103 1087 476 392 1051 891 177 598 929 777 867 137 634 220 630 130 967 274 949 667 283 843 538 817 569 809 770 580 485 630 224 852 365 664 382 494 170 312 857 255 400 811 855 796 331 358 272 747 896 246 596 709 823 600 707 401 715 351 293
657 591 362 537 260 242 580 708 218 291 340 300 606 648 428 235 635 684 531 645 133 651 537 401 499 577 792 243 682 589 598 326 607 407 528 693 0 204 519 598 615 733 240 696 769 219 537 465 686 720 791 399 200 391 414 736 568 669 626 793 306 593 512 567 465 266 535 177 667 58 698 136 688 674 439 518 210 512 512 429 306 132 131 231 136 406 168 655 162 396 683 531 435 729 508 171 782 480 163 411 278 374 473 663 413 294 683 545 26 188 125 16 689 347 662 670
828 775 341 686 409 333 608 860 271 491 445 96 810 749 537 410 760 771 637 846 204 818 742 577 695 782 995 58 715 792 802 222 789 527 714 811 204 0 547 702 819 794 312 864 938 76 693 479 868 919 990 576 153 586 502 795 744 822 775 983 458 746 692 658 670 131 734 227 754 232 859 340 833 859 592 686 157 576 702 400 123 262 113 410 329 407 373 719 151 462 888 554 426 879 562 138 943 504 58 587 103 527 516 713 610 94 741 749 178 327 221 206 876 546 844 714
562 586 212 1004 758 283 61 1157 303 540 233 575 852 286 220 415 358 273 232 934 645 537 760 444 614 819 903 515 168 855 782 365 582 911 921 375 519 547 0 262 873 256 279 574 635 475 995 69 640 792 851 836 394 774 171 256 527 1119 1088 776 347 1051 921 201 700 678 861 688 259 466 543 536 470 1048 361 957 389 100 892 178 507 392 591 697 473 143 557 191 642 140 858 15 136 521 70 641 608 42 570 846 494 351 55 171 780 611 203 742 521 700 395 536 673 723 622 168
326 380 426 972 776 372 252 1100 431 477 261 758 709 50 170 398 96 102 66 801 731 297 620 320 456 678 698 688 256 721 620 576 368 924 845 118 598 702 262 0 732 199 390 327 380 644 955 312 409 584 633 797 555 712 200 206 320 1066 1045 539 310 1007 854 61 578 823 756 774 89 539 291 551 210 948 220 906 554 166 811 421 702 469 707 701 496 367 556 149 752 249 682 271 377 260 196 757 348 284 706 806 681 261 241 195 708 785 181 592 611 742 496 613 448 668 396 216
483 382 853 433 493 664 909 464 711 363 648 915 23 767 657 494 680 829 699 71 657 506 113 431 276 54 262 859 966 27 125 901 404 532 241 734 615 819 873 732 0 931 692 519 551 831 404 864 427 281 320 337 784 260 701 938 430 444 454 417 533 426 274 757 175 847 123 670 819 603 557 482 626 253 526 346 792 794 215 905 919 622 724 439 513 852 448 874 724 741 134 888 883 624 815 740 601 857 772 333 891 522 818 913 230 904 908 139 642 547 662 613 389 283 418 931
507 574 468 1156 942 491 204 1291 533 663 397 829 908 169 324 566 268 108 241 1000 865 478 819 515 655 878 887 766 122 920 819 621 560 1093 1038 238 733 794 256 199 931 0 499 499 536 725 1141 326 591 774 817 982 640 901 320 7 516 1256 1232 714 480 1195 1046 185 776 923 953 909 113 675 457 713 368 1146 415 1095 636 221 1005 433 762 600 824 870 653 399 724 78 873 339 879 254 392 408 232 874 491 297 810 991 748 445 278 85 900 864 53 792 740 897 616 749 633 855 581 94
550 520 162 741 483 31 339 902 42 329 135 373 676 438 225 198 450 463 325 742 369 534 588 324 483 643 797 302 442 670 631 235 528 635 684 500 240 312 279 390 692 499 0 580 653 258 735 228 605 700 769 580 169 535 191 501 477 864 828 733 189 792 678 348 518 433 650 412 446 187 567 271 530 822 303 703 170 277 659 221 327 114 325 429 211 180 298 421 374 159 716 291 212 579 270 376 650 240 317 592 303 246 232 425 548 396 448 582 244 421 117 257 622 484 582 431
43 148 684 877 771 550 576 962 620 446 453 943 496 334 386 461 235 391 341 591 813 46 428 295 284 474 399 871 581 519 394 810 123 891 707 262 696 864 574 327 519 499 580 0 74 828 853 607 100 290 322 717 744 615 444 506 134 935 929 215 406 894 728 382 424 959 591 849 390 645 43 591 132 768 276 796 747 474 672 701 905 601 826 690 562 642 577 471 858 504 425 585 661 108 504 868 94 584 846 721 880 338 537 519 598 957 499 392 719 771 643 706 145 588 102 540
112 203 754 928 837 624 632 1004 694 514 525 1017 528 379 455 535 284 431 402 621 885 120 470 367 340 510 395 945 627 554 426 882 180 952 753 298 769 938 635 380 551 536 653 74 0 903 903 672 125 296 312 773 818 670 512 543 203 979 976 190 480 943 777 438 475 1033 633 921 432 719 92 662 171 803 350 845 821 534 719 769 979 675 900 755 634 709 647 517 931 572 443 645 727 128 565 941 55 647 920 777 954 412 601 566 652 1031 542 433 792 840 717 779 161 646 139 587
795 750 267 736 456 283 535 910 216 486 394 115 820 690 483 389 708 708 581 863 259 782 745 550 682 790 990 44 643 805 802 147 762 584 746 757 219 76 475 644 831 725 258 828 903 0 740 407 841 907 977 613 89 611 444 726 715 871 825 961 423 795 728 597 673 206 754 289 691 228 820 348 788 892 553 728 90 511 731 324 88 235 171 444 323 333 382 651 217 399 889 482 351 836 494 207 904 432 122 624 60 490 447 644 633 140 672 749 196 374 190 226 852 567 817 643
811 705 886 30 284 720 1048 170 731 479 766 779 418 1002 821 584 939 1057 901 364 489 825 441 640 568 419 666 749 1134 385 501 863 729 197 162 1001 537 693 995 955 404 1141 735 853 903 740 0 959 780 675 722 160 738 246 841 1147 731 131 92 806 664 56 131 956 429 656 286 475 1043 565 881 463 926 234 736 59 747 949 192 951 816 626 580 310 525 916 439 1069 551 855 538 1009 947 941 958 566 945 964 635 150 792 696 940 1095 256 750 1103 477 554 366 646 525 752 287 764 1109
592 603 142 966 711 239 128 1124 247 518 216 506 845 343 231 388 404 337 271 922 587 567 753 444 615 812 915 446 235 845 781 295 602 864 894 429 465 479 69 312 864 326 228 607 672 407 959 0 666 807 869 801 328 746 174 326 547 1085 1051 801 331 1015 892 251 690 611 843 629 322 415 580 496 513 1026 372 923 322 146 867 111 437 343 529 656 433 74 519 259 580 124 860 75 68 565 117 578 650 30 505 812 424 349 71 241 754 542 273 738 465 649 340 482 696 695 646 238
83 95 726 805 727 573 649 879 642 413 488 952 404 423 436 457 323 482 411 498 794 112 344 290 222 385 299 882 665 429 302 839 79 836 628 358 686 868 640 409 427 591 605 100 125 841 780 666 0 189 226 652 761 550 494 598 127 853 851 135 419 818 652 459 352 953 508 827 479 640 144 569 230 679 306 721 765 541 594 751 922 607 818 647 550 691 549 557 844 553 326 653 713 209 570 855 174 645 843 656 895 358 598 604 530 962 587 308 711 737 651 694 44 529 23 625
269 207 842 703 691 669 811 746 733 429 607 1011 262 605 576 520 505 665 575 344 805 298 240 377 224 256 113 944 839 293 174 934 215 771 513 545 720 919 792 584 281 774 700 290 296 907 675 807 189 0 70 575 838 477 632 781 267 725 733 135 512 703 543 627 286 982 388 830 661 686 333 588 418 531 435 616 844 698 483 879 994 673 848 619 589 819 560 733 864 686 154 806 845 398 725 878 351 790 884 576 965 467 745 779 451 1012 765 210 747 722 718 724 145 473 194 800
310 265 909 751 755 737 867 780 802 499 672 1081 304 650 637 590 550 709 629 376 874 339 299 445 295 304 86 1014 889 336 229 1003 269 829 559 584 791 990 851 633 320 817 769 322 312 977 722 869 226 70 0 632 908 536 694 825 323 763 775 126 580 747 591 680 350 1052 436 899 706 757 366 658 454 561 497 663 914 755 530 943 1064 743 918 684 660 884 630 782 934 749 185 865 909 427 783 947 368 851 954 631 1036 533 805 829 509 1083 812 271 817 789 788 795 184 536 237 849
673 570 734 174 179 563 888 322 579 320 606 668 343 845 661 423 785 899 742 325 380 685 334 485 433 332 591 628 973 312 403 724 594 196 142 848 399 576 836 797 337 982 580 717 773 613 160 801 652 575 632 0 598 102 681 987 589 284 252 698 504 215 117 796 302 564 216 378 885 419 741 309 779 284 579 123 608 789 141 799 694 474 465 168 369 761 282 909 447 695 460 850 792 798 798 463 811 805 520 11 668 537 781 935 124 645 943 366 419 254 498 389 630 132 634 948
712 672 194 736 458 196 455 908 127 428 305 204 771 601 394 318 619 620 491 822 284 698 691 473 614 739 925 133 563 758 744 125 683 599 724 667 200 153 394 555 784 640 169 744 818 89 738 328 761 838 908 598 0 581 355 642 634 869 826 885 342 794 709 508 619 283 718 322 603 185 734 308 700 868 468 718 9 424 705 258 161 166 209 431 270 256 342 565 261 311 831 402 278 748 409 256 818 351 177 610 135 407 362 560 601 229 587 692 184 381 122 212 775 534 738 561
572 468 695 266 232 514 822 389 541 239 540 681 260 758 585 358 693 814 660 267 407 584 237 395 331 243 501 632 902 233 307 706 492 293 149 755 391 586 774 712 260 901 535 615 670 611 246 746 550 477 536 102 581 0 612 907 489 354 332 597 431 295 147 716 199 596 152 415 800 396 641 275 681 289 492 194 591 718 125 757 697 438 482 183 326 713 242 831 474 633 372 788 745 699 730 491 709 746 533 106 669 456 718 860 29 664 866 267 415 290 470 384 527 50 532 874
424 429 243 853 624 176 212 999 231 374 78 558 681 246 58 257 270 272 137 763 547 401 588 273 444 648 740 488 292 684 611 383 428 776 757 313 414 502 171 200 701 320 191 444 512 444 841 174 494 632 694 681 355 612 0 324 373 962 933 630 180 896 759 156 529 625 692 591 255 356 421 396 365 880 197 799 354 108 727 258 503 282 514 556 334 198 411 242 561 60 688 186 218 417 118 564 497 159 508 691 482 179 117 258 616 584 273 570 424 577 302 430 523 562 474 269
515 582 468 1161 946 494 203 1297 535 668 401 830 915 176 328 571 275 115 247 1007 868 485 826 521 662 885 894 767 118 927 826 621 568 1097 1044 245 736 795 256 206 938 7 501 506 543 726 1147 326 598 781 825 987 642 907 324 0 523 1261 1238 721 485 1200 1052 191 783 925 960 912 120 678 464 717 375 1152 421 1100 638 224 1011 432 763 603 827 875 657 399 729 81 876 341 886 253 392 415 233 877 499 297 812 997 749 451 279 84 906 865 54 799 743 901 618 752 640 861 588 92
91 60 600 754 637 445 543 850 515 312 362 827 406 347 315 335 253 409 307 502 682 96 326 167 166 380 380 756 573 424 309 712 55 759 592 304 568 744 527 320 430 516 477 134 203 715 731 547 127 267 323 589 634 489 373 523 0 820 811 259 292 775 611 361 307 834 482 718 402 520 152 458 199 668 180 675 638 431 557 628 795 482 700 556 433 567 443 469 729 431 363 541 591 210 459 739 228 528 722 595 769 230 482 514 474 838 502 293 592 637 526 578 150 458 105 534
894 787 1016 136 415 847 1171 39 861 593 889 906 463 1111 938 705 1042 1168 1015 388 618 911 509 747 654 473 696 878 1254 433 559 994 812 309 228 1103 669 822 1119 1066 444 1256 864 935 979 871 131 1085 853 725 763 284 869 354 962 1261 820 0 52 860 783 76 212 1070 513 778 345 601 1154 696 967 592 1019 212 845 162 879 1070 263 1081 945 755 709 440 653 1044 566 1185 678 979 577 1134 1076 1029 1080 693 1024 1089 764 273 922 810 1064 1214 357 876 1220 545 685 496 777 656 821 401 840 1227
887 781 977 89 369 813 1140 86 823 569 859 858 471 1091 912 676 1025 1147 992 403 570 903 508 727 646 478 712 831 1226 440 563 951 806 258 223 1087 626 775 1088 1045 454 1232 828 929 976 825 92 1051 851 733 775 252 826 332 933 1238 811 52 0 867 756 37 200 1046 505 728 346 552 1133 656 959 556 1008 240 824 138 836 1041 257 1043 898 718 661 401 618 1008 532 1160 629 947 589 1102 1040 1021 1051 644 1020 1056 717 242 875 786 1033 1187 340 827 1195 544 642 450 737 613 821 377 837 1200
214 212 859 833 799 701 784 881 769 507 621 1070 397 549 571 573 450 606 546 480 891 242 366 411 299 389 212 1001 795 427 304 968 205 890 646 476 793 983 776 539 417 714 733 215 190 961 806 801 135 135 126 698 885 597 630 721 259 860 867 0 545 836 674 592 399 1059 521 920 605 752 256 667 346 667 439 747 889 676 614 886 1045 725 924 722 657 826 644 685 946 688 290 788 848 312 706 958 245 780 954 699 1017 487 734 733 573 1077 714 332 818 820 770 799 110 587 155 754
371 332 333 677 466 157 392 820 224 194 115 537 514 361 156 87 332 407 248 591 435 359 423 135 298 481 611 466 470 513 456 424 341 615 577 392 306 458 347 310 533 480 189 406 480 423 664 331 419 512 580 504 342 431 180 485 292 783 756 545 0 719 579 296 358 559 514 476 391 249 400 241 382 700 135 621 346 286 546 377 503 196 430 392 187 321 247 406 468 209 539 362 351 425 299 475 485 326 443 514 476 69 291 431 435 551 440 410 324 433 237 319 434 383 396 444
853 746 943 60 339 777 1103 114 788 532 822 831 443 1054 875 639 988 1109 954 379 542 868 475 690 611 447 686 802 1189 411 532 918 771 237 191 1051 593 746 1051 1007 426 1195 792 894 943 795 56 1015 818 703 747 215 794 295 896 1200 775 76 37 836 719 0 166 1009 470 704 315 525 1096 622 924 520 972 226 787 101 803 1004 224 1008 869 683 633 366 582 973 495 1123 602 911 561 1065 1004 985 1014 617 986 1020 688 205 846 749 996 1150 303 801 1158 512 610 420 703 581 788 339 803 1163
687 581 836 159 294 658 969 245 681 386 688 785 288 899 732 505 830 956 804 242 497 703 311 535 445 287 537 744 1049 255 370 835 605 274 35 891 512 692 921 854 274 1046 678 728 777 728 131 892 652 543 591 117 709 147 759 1052 611 212 200 674 579 166 0 861 304 680 155 494 943 527 759 411 808 167 633 72 719 865 60 899 810 576 582 283 467 857 380 976 564 780 408 935 889 820 878 580 820 893 637 106 784 601 865 1006 146 762 1011 347 533 371 604 502 623 197 637 1021
377 421 369 970 761 333 194 1105 387 477 227 709 734 95 143 383 157 116 58 824 701 349 644 332 482 703 741 640 213 744 650 521 412 911 853 177 567 658 201 61 757 185 348 382 438 597 956 251 459 627 680 796 508 716 156 191 361 1070 1046 592 296 1009 861 0 596 781 772 744 99 508 348 533 270 963 233 909 506 105 821 361 650 436 671 688 475 308 543 117 717 197 716 210 316 321 135 720 408 223 665 806 631 260 181 156 715 737 152 618 578 721 459 583 496 669 444 175
382 276 678 453 405 490 738 542 539 192 473 765 157 618 487 320 539 678 538 233 531 398 72 265 141 124 333 704 801 155 134 732 301 491 284 598 465 670 700 578 175 776 518 424 475 673 429 690 352 286 350 302 619 199 529 783 307 513 505 399 358 470 304 596 0 715 179 552 667 444 454 329 506 370 363 371 627 625 250 730 762 454 585 333 350 677 297 714 594 567 218 715 707 516 645 608 516 683 627 305 733 351 645 751 178 760 749 82 492 439 496 466 328 188 335 768
921 857 473 643 385 451 739 815 394 554 563 153 841 871 655 498 875 896 757 863 189 914 783 666 763 816 1048 176 846 820 849 348 874 471 706 929 266 131 678 823 847 923 433 959 1033 206 656 611 953 982 1052 564 283 596 625 925 834 778 728 1059 559 704 680 781 715 0 748 186 879 314 959 394 941 847 695 659 288 704 700 531 222 365 135 412 403 538 422 847 122 588 932 686 557 985 691 107 1043 635 117 574 214 629 645 844 624 111 870 797 242 310 329 259 956 564 929 844
551 445 812 315 380 625 904 371 662 325 629 830 133 797 655 457 718 857 714 115 559 569 163 439 316 132 384 778 973 101 216 840 469 409 125 777 535 734 861 756 123 953 650 591 633 754 286 843 508 388 436 216 718 152 692 960 482 345 346 521 514 315 155 772 179 748 0 567 845 533 624 410 682 192 539 227 727 793 94 869 842 564 633 336 452 821 375 889 626 724 254 877 852 688 810 642 679 840 683 211 814 520 806 924 124 815 924 199 560 442 601 530 475 188 495 941
808 731 511 464 199 417 749 638 384 414 517 306 667 825 605 398 808 861 708 682 43 806 617 556 621 644 885 286 854 643 685 432 750 300 520 867 177 227 688 774 670 909 412 849 921 289 475 629 827 830 899 378 322 415 591 912 718 601 552 920 476 525 494 744 552 186 567 0 844 235 856 259 854 661 607 475 331 687 515 577 351 309 118 231 292 565 277 831 77 571 764 699 591 892 682 92 939 647 170 388 331 542 644 838 443 275 859 634 168 125 294 161 823 387 804 843
396 461 452 1059 858 432 228 1189 484 564 327 801 796 55 241 479 156 17 143 889 801 366 708 409 543 766 774 734 196 809 706 606 447 1007 934 137 667 754 259 89 819 113 446 390 432 691 1043 322 479 661 706 885 603 800 255 120 402 1154 1133 605 391 1096 943 99 667 879 845 844 0 608 349 631 261 1037 309 995 601 183 901 433 740 536 770 783 573 387 638 87 817 292 765 263 389 305 207 820 392 291 763 894 722 347 257 135 797 832 110 680 678 820 558 683 521 756 469 156
607 546 322 568 299 186 526 735 171 260 281 324 592 589 369 184 577 625 473 639 192 600 517 352 462 561 764 260 628 578 574 309 561 450 540 634 58 232 466 539 603 675 187 645 719 228 565 415 640 686 757 419 185 396 356 678 520 696 656 752 249 622 527 508 444 314 533 235 608 0 645 123 632 684 384 541 194 455 520 389 317 75 181 255 97 360 157 597 218 340 661 479 390 674 452 226 730 428 202 430 288 318 418 607 416 326 626 522 75 234 81 74 646 349 617 614
74 179 663 905 787 539 542 995 609 460 437 935 534 295 364 462 196 350 310 629 819 56 463 300 313 511 443 863 542 556 432 794 155 912 738 220 698 859 543 291 557 457 567 43 92 820 881 580 144 333 366 741 734 641 421 464 152 967 959 256 400 924 759 348 454 959 624 856 349 645 0 599 89 805 267 825 737 443 704 677 895 597 827 706 565 618 587 432 860 481 466 554 636 66 473 870 84 555 844 747 869 331 509 480 625 951 459 428 719 783 638 709 188 611 143 501
549 473 426 470 228 256 592 631 270 160 318 436 472 602 391 154 568 647 488 516 225 548 401 298 369 442 657 377 685 456 462 431 492 380 421 630 136 340 536 551 482 713 271 591 662 348 463 496 569 588 658 309 308 275 396 717 458 592 556 667 241 520 411 533 329 394 410 259 631 123 599 0 602 564 359 432 317 503 400 490 437 165 260 161 62 452 34 636 278 398 547 550 484 638 507 291 681 503 299 320 408 298 483 655 293 430 669 409 163 192 194 137 567 227 545 665
150 244 608 947 806 504 463 1049 572 479 396 903 602 208 313 456 113 261 241 698 814 123 525 309 365 577 530 832 456 622 503 747 223 939 790 130 688 833 470 210 626 368 530 132 171 788 926 513 230 418 454 779 700 681 365 375 199 1019 1008 346 382 972 808 270 506 941 682 854 261 632 89 602 0 867 248 871 701 371 756 615 857 576 813 725 561 558 595 346 850 425 544 480 572 51 401 858 138 486 824 786 834 314 441 394 669 923 372 491 707 792 613 700 273 647 225 415
730 626 983 262 462 799 1092 222 830 508 814 952 275 989 845 637 909 1049 906 186 665 751 342 631 504 293 490 909 1163 249 376 994 649 422 145 967 674 859 1048 948 253 1146 822 768 803 892 234 1026 679 531 561 284 868 289 880 1152 668 212 240 667 700 226 167 963 370 847 192 661 1037 684 805 564 867 0 731 200 878 982 163 1043 975 727 749 449 615 998 531 1081 732 908 378 1063 1030 870 999 748 853 1024 804 274 949 710 992 1116 274 930 1116 377 696 539 759 665 642 338 669 1132
246 233 419 753 574 273 388 879 343 260 182 667 504 266 141 209 211 322 175 592 567 230 412 99 256 472 543 596 439 512 425 535 235 716 624 274 439 592 361 220 526 415 303 276 350 553 736 372 306 435 497 579 468 492 197 421 180 845 824 439 135 787 633 233 363 695 539 607 309 384 267 359 248 731 0 686 471 272 591 448 629 331 565 495 314 387 357 350 602 252 497 375 412 290 296 610 351 355 578 587 603 65 311 387 487 684 386 389 459 552 370 452 330 448 284 405
753 648 857 87 277 686 1008 200 702 432 726 775 360 952 776 543 887 1008 854 310 484 768 382 589 511 360 609 740 1092 327 442 844 672 222 104 949 518 686 957 906 346 1095 703 796 845 728 59 923 721 616 663 123 718 194 799 1100 675 162 138 747 621 101 72 909 371 659 227 475 995 541 825 432 871 200 686 0 728 907 133 922 806 597 573 287 492 884 405 1023 549 816 480 971 915 885 918 565 888 927 628 111 782 649 901 1051 202 749 1058 418 537 359 620 507 693 239 706 1065
716 677 187 746 468 198 450 918 128 435 306 204 779 599 394 324 619 618 491 831 293 701 699 478 620 747 932 134 558 767 752 116 688 608 733 667 210 157 389 554 792 636 170 747 821 90 747 322 765 844 914 608 9 591 354 638 638 879 836 889 346 803 719 506 627 288 727 331 601 194 737 317 701 878 471 728 0 421 715 250 157 173 217 440 278 250 351 562 269 309 838 397 271 750 405 263 820 346 184 620 132 410 358 556 610 231 583 699 194 390 130 222 780 544 742 556
463 490 269 961 731 270 115 1106 312 479 185 619 773 198 138 365 260 200 132 858 644 437 681 362 528 740 809 553 184 778 697 423 485 883 862 283 512 576 100 166 794 221 277 474 534 511 949 146 541 698 755 789 424 718 108 224 431 1070 1041 676 286 1004 865 105 625 704 793 687 183 455 443 503 371 982 272 907 421 0 831 255 557 380 603 664 441 205 519 144 652 117 770 111 211 422 30 653 509 117 590 799 539 274 75 152 721 651 171 660 519 681 394 529 575 669 524 161
631 525 820 220 319 637 938 293 666 352 658 796 227 855 696 478 782 913 764 189 514 648 251 491 391 227 477 750 1014 195 309 830 549 323 34 843 512 702 892 811 215 1005 659 672 719 731 192 867 594 483 530 141 705 125 727 1011 557 263 257 614 546 224 60 821 250 700 94 515 901 520 704 400 756 163 591 133 715 831 0 881 816 563 595 292 452 836 368 938 581 752 348 907 868 766 846 597 763 866 648 134 789 563 836 970 112 776 973 287 535 390 595 504 564 175 580 985
682 681 67 955 687 244 230 1120 220 546 272 411 887 453 316 413 510 448 374 958 537 659 798 504 674 854 983 358 332 884 833 194 683 837 906 538 429 400 178 421 905 433 221 701 769 324 951 111 751 879 943 799 258 757 258 432 628 1081 1043 886 377 1008 899 361 730 531 869 577 433 389 677 490 615 1043 448 922 250 255 881 0 339 325 467 642 431 60 518 369 519 198 916 179 44 667 228 514 751 142 434 811 330 412 180 348 769 451 381 787 423 618 308 445 778 706 730 342
873 833 294 809 531 356 565 983 286 575 461 75 908 745 547 474 772 757 641 951 327 859 834 633 769 878 1078 66 670 893 891 144 844 650 830 817 306 123 507 702 919 762 327 905 979 88 816 437 922 994 1064 694 161 697 503 763 795 945 898 1045 503 869 810 650 762 222 842 351 740 317 895 437 857 975 629 806 157 557 816 339 0 321 236 526 412 363 471 692 274 453 977 511 374 906 537 260 977 465 181 706 28 568 487 679 720 119 709 838 281 449 275 312 935 654 899 675
565 515 260 630 369 110 451 794 105 262 209 345 608 519 299 153 513 553 403 664 265 555 526 316 448 576 759 275 552 597 578 279 528 521 586 569 132 262 392 469 622 600 114 601 675 235 626 343 607 673 743 474 166 438 282 603 482 755 718 725 196 683 576 436 454 365 564 309 536 75 597 165 576 727 331 597 173 380 563 325 321 0 240 317 112 291 195 522 283 264 664 404 322 620 377 288 681 354 247 485 293 265 343 531 454 356 551 526 142 307 45 148 617 388 583 538
788 722 403 572 296 337 653 747 291 419 446 202 717 757 537 365 753 787 641 746 91 781 655 532 628 690 916 170 759 697 719 313 739 415 605 809 131 113 591 707 724 824 325 826 900 171 580 529 818 848 918 465 209 482 514 827 700 709 661 924 430 633 582 671 585 135 633 118 770 181 827 260 813 749 565 573 217 603 595 467 236 240 0 302 268 461 289 747 51 485 803 601 485 855 593 50 911 549 55 476 214 499 552 749 508 182 773 666 107 214 211 124 820 445 794 752
646 554 576 313 81 416 753 480 422 246 478 503 436 750 547 304 707 799 640 451 223 651 392 416 427 414 663 460 846 412 462 557 576 223 303 770 231 410 697 701 439 870 429 690 755 444 310 656 647 619 684 168 431 183 556 875 556 440 401 722 392 366 283 688 333 412 336 231 783 255 706 161 725 449 495 287 440 664 292 642 526 317 302 0 224 609 145 794 291 560 538 711 640 754 669 307 784 663 355 180 500 441 644 815 211 484 827 414 250 108 336 220 635 157 625 825
522 454 369 532 289 194 529 691 214 163 256 422 500 546 332 105 519 589 431 553 253 517 423 267 366 469 667 357 623 488 479 388 471 442 475 580 136 329 473 496 513 653 211 562 634 323 525 433 550 589 660 369 270 326 334 657 433 653 618 657 187 582 467 475 350 403 452 292 573 97 565 62 561 615 314 492 278 441 452 431 412 112 268 224 0 392 86 576 296 336 565 487 423 600 445 306 649 440 296 380 383 250 420 593 342 423 608 426 161 246 149 145 553 277 526 603
621 621 68 921 659 199 202 1083 189 496 213 431 834 402 256 363 454 403 318 906 523 599 743 446 616 800 924 372 309 831 777 222 622 811 862 485 406 407 143 367 852 399 180 642 709 333 916 74 691 819 884 761 256 713 198 399 567 1044 1008 826 321 973 857 308 677 538 821 565 387 360 618 452 558 998 387 884 250 205 836 60 363 291 461 609 392 0 479 330 512 138 859 149 31 609 180 509 692 101 434 772 350 353 130 315 724 468 346 731 403 593 281 423 718 662 670 312
