71
0 732 658 266 565 689 663 574 689 681 797 662 104 721 119 812 909 373 818 931 519 682 636 737 929 961 131 593 529 508 1046 894 340 872 391 472 905 934 659 779 449 985 788 987 932 406 892 894 1048 778 670 795 1082 715 762 948 718 225 758 428 428 1006 938 269 649 813 155 310 927 787 593
732 0 521 570 617 147 711 361 54 764 274 111 687 511 733 717 356 359 674 556 653 730 306 267 400 258 693 670 696 343 343 343 391 556 340 614 702 202 118 420 282 262 678 281 201 367 380 314 391 398 650 358 630 194 93 267 589 506 386 602 442 452 234 544 354 342 600 602 200 684 358
658 521 0 698 152 376 199 177 472 253 778 567 692 69 740 210 874 463 186 288 218 215 727 285 376 572 541 186 250 667 628 860 473 220 472 224 258 632 571 188 457 631 173 593 622 586 891 834 564 205 131 252 446 679 613 532 78 529 195 254 701 443 737 391 168 284 628 357 678 177 171
266 570 698 0 660 579 775 556 541 808 563 475 169 745 195 892 669 259 882 924 637 797 394 668 865 823 337 704 662 270 910 656 237 880 264 581 957 768 470 759 314 832 860 848 769 203 646 662 938 750 758 749 1059 497 572 822 772 176 729 538 173 939 739 348 623 757 123 433 744 861 574
565 617 152 660 0 481 117 256 564 160 851 640 618 219 662 246 956 463 257 432 66 139 771 416 528 708 438 54 98 689 770 941 462 361 478 94 347 755 643 340 482 764 223 731 746 591 967 919 713 355 105 400 589 749 703 671 172 484 343 137 700 596 846 319 286 431 569 255 793 222 262
689 147 376 579 481 0 569 225 103 622 416 219 666 364 715 570 503 331 527 426 523 587 412 128 300 275 627 532 565 408 358 489 361 417 319 489 558 283 226 278 265 312 531 301 276 389 525 461 362 257 506 224 521 326 240 258 442 474 243 483 489 367 365 464 208 215 579 505 312 537 219
663 711 199 775 117 569 0 351 659 53 956 744 724 245 766 166 1057 580 200 425 144 22 884 485 560 771 533 72 139 805 825 1042 579 353 595 196 288 832 747 377 596 831 161 792 821 708 1071 1019 755 397 70 448 574 854 800 731 167 599 391 241 817 620 933 430 363 480 680 358 875 156 352
574 361 177 556 256 225 351 0 308 404 605 393 584 199 634 388 705 304 358 369 298 372 549 187 359 471 479 309 340 492 543 691 321 323 309 267 417 504 397 207 285 521 350 496 496 419 720 667 509 204 295 222 512 505 448 441 254 400 183 268 535 436 589 310 74 243 508 319 538 354 19
689 54 472 541 564 103 659 308 0 712 313 120 650 464 697 670 403 317 629 526 599 678 318 230 384 282 645 617 641 334 368 389 349 519 300 559 661 245 127 381 242 297 632 307 242 340 423 362 402 360 599 325 611 223 141 282 540 465 346 547 426 442 289 493 305 312 562 549 252 637 306
681 764 253 808 160 622 53 404 712 0 1007 795 748 296 788 187 1109 622 230 467 170 39 932 538 609 824 549 108 152 850 877 1095 620 396 638 226 313 885 798 428 642 884 191 845 875 751 1122 1071 805 449 122 500 611 905 853 784 215 632 443 270 858 667 987 460 417 532 708 382 929 185 405
797 274 778 563 851 416 956 605 313 1007 0 212 722 777 756 981 115 466 942 831 875 976 170 541 665 457 804 906 916 293 523 99 492 831 444 827 975 346 208 694 404 422 943 471 355 391 115 98 608 672 901 633 895 103 184 488 850 585 659 804 392 707 233 692 615 616 644 770 283 948 608
662 111 567 475 640 219 744 393 120 795 212 0 607 569 650 772 316 297 734 645 666 764 198 348 503 366 642 694 707 234 449 301 328 636 275 620 773 294 7 497 223 362 734 388 296 273 327 281 503 476 688 443 731 111 99 378 640 438 461 600 336 559 275 508 406 432 521 579 269 739 396
104 687 692 169 618 666 724 584 650 748 722 607 0 750 50 863 831 336 863 951 580 744 556 730 926 929 213 652 596 429 1015 817 304 897 351 528 947 890 603 792 408 947 835 955 889 338 810 820 1028 788 722 798 1097 646 706 921 758 192 767 484 339 1003 880 303 657 812 88 366 876 835 603
721 511 69 745 219 364 245 199 464 296 777 569 750 0 798 205 867 501 165 219 285 257 740 256 316 531 606 246 316 691 580 853 514 153 507 293 217 601 574 132 485 593 167 550 590 619 888 825 509 152 175 203 376 680 604 489 84 580 148 322 734 380 715 452 162 235 682 423 652 173 187
119 733 740 195 662 715 766 634 697 788 756 650 50 798 0 907 864 384 909 1000 621 786 588 780 977 977 244 695 635 463 1063 850 353 946 398 571 994 935 645 842 456 993 881 1003 935 378 841 855 1077 838 767 848 1147 685 749 969 805 242 817 526 368 1053 921 349 707 863 135 408 919 881 653
812 717 210 892 246 570 166 388 670 187 981 772 863 205 907 0 1073 668 55 301 298 158 937 459 473 719 684 226 303 877 757 1059 675 237 679 340 126 799 777 318 667 783 38 736 788 794 1093 1031 671 341 141 393 433 884 810 674 133 717 344 383 908 518 918 560 366 423 809 501 853 33 380
909 356 874 669 956 503 1057 705 403 1109 115 316 831 867 864 1073 0 581 1030 900 982 1078 275 622 722 486 919 1010 1024 402 537 15 608 907 559 936 1057 367 314 774 518 438 1035 494 379 504 47 45 635 751 1000 709 949 214 262 523 944 700 741 915 497 754 228 807 708 688 755 884 296 1040 706
373 359 463 259 463 331 580 304 317 622 466 297 336 501 384 668 581 0 650 667 462 602 337 409 607 593 345 514 497 232 679 566 32 627 22 406 717 561 294 501 76 614 633 619 559 128 576 557 693 491 546 489 799 370 395 585 541 148 470 372 239 681 571 227 367 497 248 311 555 636 320
818 674 186 882 257 527 200 358 629 230 942 734 863 165 909 55 1030 650 0 246 316 197 905 412 417 666 693 248 328 851 703 1017 659 181 659 351 91 749 739 267 642 731 39 682 737 772 1052 988 616 291 156 341 382 846 767 621 109 709 295 392 887 463 870 560 328 371 805 508 804 44 349
931 556 288 924 432 426 425 369 526 467 831 645 951 219 1000 301 900 667 246 0 499 429 838 298 198 468 821 449 525 819 486 888 687 72 668 512 204 570 652 166 632 534 280 478 557 770 930 855 387 179 362 201 157 748 647 421 265 770 199 542 882 224 707 661 301 214 877 640 635 287 351
519 653 218 637 66 523 144 298 599 170 875 666 580 285 621 298 982 462 316 499 0 164 783 469 591 761 389 74 42 693 826 967 456 428 479 56 407 802 668 403 491 815 280 785 793 589 990 947 773 417 160 461 656 772 735 726 238 462 404 99 693 661 885 289 338 491 538 213 836 278 306
682 730 215 797 139 587 22 372 678 39 976 764 744 257 786 158 1078 602 197 429 164 0 905 501 570 786 551 92 155 827 838 1063 601 358 617 217 283 848 768 389 618 846 157 806 838 730 1091 1039 766 410 84 461 575 875 820 745 176 621 405 261 839 628 951 451 381 493 701 378 893 152 372
636 306 727 394 771 412 884 549 318 932 170 198 556 740 588 937 275 337 905 838 783 905 0 540 702 547 655 826 822 128 625 261 357 823 315 731 952 454 191 684 293 529 899 566 460 237 255 268 691 664 837 636 929 133 249 566 803 435 648 702 222 757 377 563 579 627 481 648 406 903 556
737 267 285 668 416 128 485 187 230 538 541 348 730 256 780 459 622 409 412 298 469 501 540 0 197 292 655 462 509 527 358 609 436 289 404 447 434 347 354 152 357 348 422 315 336 492 647 578 322 130 417 96 402 454 361 257 339 538 119 453 599 273 459 485 130 92 647 505 395 428 171
929 400 376 865 528 300 560 359 384 609 665 503 926 316 977 473 722 607 417 198 591 570 702 197 0 270 838 561 626 709 289 712 634 240 601 585 396 376 510 188 553 336 443 280 364 685 757 677 198 174 490 138 230 595 483 223 393 735 189 602 789 77 518 669 286 116 844 675 444 451 340
961 258 572 823 708 275 771 471 282 824 457 366 929 531 977 719 486 593 666 468 761 786 547 292 270 0 902 753 802 600 86 478 625 501 578 737 659 119 373 403 520 66 685 26 107 621 526 441 151 380 702 328 476 418 298 46 615 740 382 740 700 278 263 739 422 297 841 776 190 692 458
131 693 541 337 438 627 533 479 645 549 804 642 213 606 244 684 919 345 693 821 389 551 655 655 838 902 0 463 397 531 985 903 315 759 367 344 782 891 639 677 419 934 661 929 887 418 907 898 974 679 543 701 976 712 739 884 596 220 659 301 472 916 915 169 553 723 214 185 893 660 498
593 670 186 704 54 532 72 309 617 108 906 694 652 246 695 226 1010 514 248 449 74 92 826 462 561 753 463 0 80 742 812 995 512 377 530 124 339 804 697 374 535 810 211 775 795 643 1021 973 751 391 93 439 603 803 757 715 183 528 381 169 750 627 898 358 334 470 608 286 844 207 313
529 696 250 662 98 565 139 340 641 152 916 707 596 316 635 303 1024 497 328 525 42 155 822 509 626 802 397 80 0 729 865 1008 490 453 515 90 419 844 709 438 529 856 290 825 835 623 1031 988 811 453 173 498 681 813 777 766 261 489 441 127 726 694 927 314 379 529 559 232 878 287 348
508 343 667 270 689 408 805 492 334 850 293 234 429 691 463 877 402 232 851 819 693 827 128 527 709 600 531 742 729 0 684 388 245 794 213 638 908 525 227 657 210 595 840 623 528 115 383 391 734 640 765 621 928 228 319 610 745 310 622 605 106 773 475 451 536 619 353 539 490 844 504
1046 343 628 910 770 358 825 543 368 877 523 449 1015 580 1063 757 537 679 703 486 826 838 625 358 289 86 985 812 865 684 0 531 711 529 665 806 686 177 456 449 607 100 725 61 168 708 580 494 112 428 754 377 466 493 375 102 663 826 433 811 785 273 309 820 488 345 927 853 242 733 529
894 343 860 656 941 489 1042 691 389 1095 99 301 817 853 850 1059 15 566 1017 888 967 1063 261 609 712 478 903 995 1008 388 531 0 592 895 543 921 1044 360 299 762 503 432 1021 487 371 489 48 37 628 739 985 697 939 198 249 515 929 684 728 899 483 745 223 791 694 676 740 868 290 1026 691
340 391 473 237 462 361 579 321 349 620 492 328 304 514 353 675 608 32 659 687 456 601 357 436 634 625 315 512 490 245 711 592 0 644 52 400 729 593 325 522 109 646 641 651 591 134 600 584 724 513 549 513 822 398 426 617 549 115 492 363 238 708 603 206 386 523 217 293 587 643 338
872 556 220 880 361 417 353 323 519 396 831 636 897 153 946 237 907 627 181 72 428 358 823 289 240 501 759 377 453 794 529 895 644 0 630 443 158 595 642 139 598 567 212 515 582 736 935 863 437 159 289 198 227 743 648 455 193 720 175 474 850 281 726 602 261 220 826 576 656 219 306
391 340 472 264 478 319 595 309 300 638 444 275 351 507 398 679 559 22 659 668 479 617 315 404 601 578 367 530 515 213 665 543 52 630 0 424 725 542 273 502 58 597 644 604 541 114 553 534 682 491 559 486 797 347 374 571 550 166 470 391 228 675 550 249 369 493 263 333 535 646 324
472 614 224 581 94 489 196 267 559 226 827 620 528 293 571 340 936 406 351 512 56 217 731 447 585 737 344 124 90 638 806 921 400 443 424 0 441 771 622 400 438 788 318 762 763 533 943 902 760 411 199 451 669 724 693 705 261 406 396 44 637 658 848 234 317 480 484 162 801 316 279
905 702 258 957 347 558 288 417 661 313 975 773 947 217 994 126 1057 717 91 204 407 283 952 434 396 659 782 339 419 908 686 1044 729 158 725 441 0 753 778 282 703 726 128 673 740 837 1082 1013 590 305 247 350 315 883 795 613 188 787 315 481 952 428 882 644 374 375 886 596 813 132 405
934 202 632 768 755 283 832 504 245 885 346 294 890 601 935 799 367 561 749 570 802 848 454 347 376 119 891 804 844 525 177 360 593 595 542 771 753 0 300 481 485 76 763 127 12 565 408 323 268 457 764 407 592 320 207 160 685 709 455 766 629 394 144 735 470 379 802 785 71 770 495
659 118 571 470 643 226 747 397 127 798 208 7 603 574 645 777 314 294 739 652 668 768 191 354 510 373 639 697 709 227 456 299 325 642 273 622 778 300 0 503 221 368 739 395 302 268 323 280 510 482 692 450 738 107 103 385 645 434 467 601 330 566 279 507 411 439 516 578 274 744 400
779 420 188 759 340 278 377 207 381 428 694 497 792 132 842 318 774 501 267 166 403 389 684 152 188 403 677 374 438 657 449 762 522 139 502 400 282 481 503 0 466 466 283 421 470 604 800 731 378 23 307 75 305 605 513 359 214 607 35 420 717 257 604 511 135 105 715 503 537 289 188
449 282 457 314 482 265 596 285 242 642 404 223 408 485 456 667 518 76 642 632 491 618 293 357 553 520 419 535 529 210 607 503 109 598 58 438 703 485 221 466 0 539 630 546 483 137 517 491 626 453 555 444 756 305 320 514 535 224 433 409 251 625 496 288 337 448 320 365 478 634 298
985 262 631 832 764 312 831 521 297 884 422 362 947 593 993 783 438 614 731 534 815 846 529 348 336 66 934 810 856 595 100 432 646 567 597 788 726 76 368 466 539 0 749 60 69 629 480 394 199 443 762 391 539 396 281 113 677 762 444 788 699 341 210 774 477 360 859 817 142 756 509
788 678 173 860 223 531 161 350 632 191 943 734 835 167 881 38 1035 633 39 280 280 157 899 422 443 685 661 211 290 840 725 1021 641 212 644 318 128 763 739 283 630 749 0 702 752 758 1055 993 642 306 120 358 420 846 772 641 95 686 308 360 872 492 881 532 327 388 779 477 817 7 342
987 281 593 848 731 301 792 496 307 845 471 388 955 550 1003 736 494 619 682 478 785 806 566 315 280 26 929 775 825 623 61 487 651 515 604 762 673 127 395 421 546 60 702 0 116 646 536 450 141 399 722 347 479 436 317 61 634 766 401 764 724 281 268 765 446 315 867 802 197 709 483
932 201 622 769 746 276 821 496 242 875 355 296 889 590 935 788 379 559 737 557 793 838 460 336 364 107 887 795 835 528 168 371 591 582 541 763 740 12 302 470 483 69 752 116 0 566 419 334 257 446 754 395 580 327 212 147 674 707 443 759 632 382 157 730 461 367 801 779 83 759 486
406 367 586 203 591 389 708 419 340 751 391 273 338 619 378 794 504 128 772 770 589 730 237 492 685 621 418 643 623 115 708 489 134 736 114 533 837 565 268 604 137 629 758 646 566 0 490 488 741 591 674 580 892 309 371 623 664 197 571 497 115 755 542 337 474 584 255 426 543 761 433
892 380 891 646 967 525 1071 720 423 1122 115 327 810 888 841 1093 47 576 1052 930 990 1091 255 647 757 526 907 1021 1031 383 580 48 600 935 553 943 1082 408 323 800 517 480 1055 536 419 490 0 86 676 777 1015 736 984 218 286 562 962 687 766 919 473 791 272 803 727 717 737 883 338 1060 722
894 314 834 662 919 461 1019 667 362 1071 98 281 820 825 855 1031 45 557 988 855 947 1039 268 578 677 441 898 973 988 391 494 37 584 863 534 902 1013 323 280 731 491 394 993 450 334 488 86 0 591 707 960 664 903 186 220 478 902 681 697 882 491 709 186 780 667 644 741 855 252 998 667
1048 391 564 938 713 362 755 509 402 805 608 503 1028 509 1077 671 635 693 616 387 773 766 691 322 198 151 974 751 811 734 112 628 724 437 682 760 590 268 510 378 626 199 642 141 257 741 676 591 0 359 684 312 354 565 445 125 589 836 369 771 829 166 409 805 445 282 941 828 338 649 492
778 398 205 750 355 257 397 204 360 449 672 476 788 152 838 341 751 491 291 179 417 410 664 130 174 380 679 391 453 640 428 739 513 159 491 411 305 457 482 23 453 443 306 399 446 591 777 707 359 0 327 51 310 583 491 337 236 602 20 429 703 246 580 512 130 83 710 508 513 313 185
670 650 131 758 105 506 70 295 599 122 901 688 722 175 767 141 1000 546 156 362 160 84 837 417 490 702 543 93 173 765 754 985 549 289 559 199 247 764 692 307 555 762 120 722 754 674 1015 960 684 327 0 377 513 800 740 661 98 582 321 242 786 551 868 421 298 409 671 360 810 118 293
795 358 252 749 400 224 448 222 325 500 633 443 798 203 848 393 709 489 341 201 461 461 636 96 138 328 701 439 498 621 377 697 513 198 486 451 350 407 450 75 444 391 358 347 395 580 736 664 312 51 377 0 311 548 450 285 287 608 57 466 690 215 532 533 148 32 717 537 464 365 203
1082 630 446 1059 589 521 574 512 611 611 895 731 1097 376 1147 433 949 799 382 157 656 575 929 402 230 476 976 603 681 928 466 939 822 227 797 669 315 592 738 305 756 539 420 479 580 892 984 903 354 310 513 311 0 825 713 432 420 912 331 699 1001 198 736 813 440 309 1020 796 663 426 494
715 194 679 497 749 326 854 505 223 905 103 111 646 680 685 884 214 370 846 748 772 875 133 454 595 418 712 803 813 228 493 198 398 743 347 724 883 320 107 605 305 396 846 436 327 309 218 186 565 583 800 548 825 0 120 440 752 497 569 701 335 644 248 593 518 534 565 670 272 851 508
762 93 613 572 703 240 800 448 141 853 184 99 706 604 749 810 262 395 767 647 735 820 249 361 483 298 739 757 777 319 375 249 426 648 374 693 795 207 103 513 320 281 772 317 212 371 286 220 445 491 740 450 713 120 0 320 681 537 480 677 425 528 176 600 446 433 620 666 172 777 447
948 267 532 822 671 258 731 441 282 784 488 378 921 489 969 674 523 585 621 421 726 745 566 257 223 46 884 715 766 610 102 515 617 455 571 705 613 160 385 359 514 113 641 61 147 623 562 478 125 337 661 285 432 440 320 0 573 730 340 709 707 234 304 718 388 254 834 751 231 648 427
718 589 78 772 172 442 167 254 540 215 850 640 758 84 805 133 944 541 109 265 238 176 803 339 393 615 596 183 261 745 663 929 549 193 550 261 188 685 645 214 535 677 95 634 674 664 962 902 589 236 98 287 420 752 681 573 0 601 233 298 779 452 797 455 235 319 698 410 735 99 247
225 506 529 176 484 474 599 400 465 632 585 438 192 580 242 717 700 148 709 770 462 621 435 538 735 740 220 528 489 310 826 684 115 720 166 406 787 709 434 607 224 762 686 766 707 197 687 681 836 602 582 608 912 497 537 730 601 0 581 363 261 811 713 175 472 622 109 264 701 687 419
758 386 195 729 343 243 391 183 346 443 659 461 767 148 817 344 741 470 295 199 404 405 648 119 189 382 659 381 441 622 433 728 492 175 470 396 315 455 467 35 433 444 308 401 443 571 766 697 369 20 321 57 331 569 480 340 233 581 0 413 683 263 574 492 109 88 689 490 508 315 164
428 602 254 538 137 483 241 268 547 270 804 600 484 322 526 383 915 372 392 542 99 261 702 453 602 740 301 169 127 605 811 899 363 474 391 44 481 766 601 420 409 788 360 764 759 497 919 882 771 429 242 466 699 701 677 709 298 363 413 0 599 676 836 190 326 493 439 118 793 359 282
428 442 701 173 700 489 817 535 426 858 392 336 339 734 368 908 497 239 887 882 693 839 222 599 789 700 472 750 726 106 785 483 238 850 228 637 952 629 330 717 251 699 872 724 632 115 473 491 829 703 786 690 1001 335 425 707 779 261 683 599 0 857 582 425 589 691 274 516 596 875 548
1006 452 443 939 596 367 620 436 442 667 707 559 1003 380 1053 518 754 681 463 224 661 628 757 273 77 278 916 627 694 773 273 745 708 281 675 658 428 394 566 257 625 341 492 281 382 755 791 709 166 246 551 215 198 644 528 234 452 811 263 676 857 0 539 747 363 193 920 752 465 500 417
938 234 737 739 846 365 933 589 289 987 233 275 880 715 921 918 228 571 870 707 885 951 377 459 518 263 915 898 927 475 309 223 603 726 550 848 882 144 279 604 496 210 881 268 157 542 272 186 409 580 868 532 736 248 176 304 797 713 574 836 582 539 0 773 570 506 794 835 73 887 584
269 544 391 348 319 464 430 310 493 460 692 508 303 452 349 560 807 227 560 661 289 451 563 485 669 739 169 358 314 451 820 791 206 602 249 234 644 735 507 511 288 774 532 765 730 337 803 780 805 512 421 533 813 593 600 718 455 175 492 190 425 747 773 0 385 553 250 90 744 532 330
649 354 168 623 286 208 363 74 305 417 615 406 657 162 707 366 708 367 328 301 338 381 579 130 286 422 553 334 379 536 488 694 386 261 369 317 374 470 411 135 337 477 327 446 461 474 727 667 445 130 298 148 440 518 446 388 235 472 109 326 589 363 570 385 0 171 580 389 512 333 55
813 342 284 757 431 215 480 243 312 532 616 432 812 235 863 423 688 497 371 214 491 493 627 92 116 297 723 470 529 619 345 676 523 220 493 480 375 379 439 105 448 360 388 315 367 584 717 644 282 83 409 32 309 534 433 254 319 622 88 493 691 193 506 553 171 0 731 561 437 395 225
155 600 628 123 569 579 680 508 562 708 644 521 88 682 135 809 755 248 805 877 538 701 481 647 844 841 214 608 559 353 927 740 217 826 263 484 886 802 516 715 320 859 779 867 801 255 737 741 941 710 671 717 1020 565 620 834 698 109 689 439 274 920 794 250 580 731 0 327 789 780 527
310 602 357 433 255 505 358 319 549 382 770 579 366 423 408 501 884 311 508 640 213 378 648 505 675 776 185 286 232 539 853 868 293 576 333 162 596 785 578 503 365 817 477 802 779 426 883 855 828 508 360 537 796 670 666 751 410 264 490 118 516 752 835 90 389 561 327 0 801 476 337
927 200 678 744 793 312 875 538 252 929 283 269 876 652 919 853 296 555 804 635 836 893 406 395 444 190 893 844 878 490 242 290 587 656 535 801 813 71 274 537 478 142 817 197 83 543 338 252 338 513 810 464 663 272 172 231 735 701 508 793 596 465 73 744 512 437 789 801 0 823 531
787 684 177 861 222 537 156 354 637 185 948 739 835 173 881 33 1040 636 44 287 278 152 903 428 451 692 660 207 287 844 733 1026 643 219 646 316 132 770 744 289 634 756 7 709 759 761 1060 998 649 313 118 365 426 851 777 648 99 687 315 359 875 500 887 532 333 395 780 476 823 0 347
593 358 171 574 262 219 352 19 306 405 608 396 603 187 653 380 706 320 349 351 306 372 556 171 340 458 498 313 348 504 529 691 338 306 324 279 405 495 400 188 298 509 342 483 486 433 722 667 492 185 293 203 494 508 447 427 247 419 164 282 548 417 584 330 55 225 527 337 531 347 0
