137
0 225 514 597 786 944 467 729 795 737 817 383 664 603 882 238 639 847 866 682 80 547 747 844 598 965 549 703 206 1073 939 458 867 484 687 224 935 882 567 498 417 966 899 175 763 12 755 670 782 697 490 887 932 363 552 1013 754 133 642 1148 789 646 522 782 817 642 505 818 104 950 926 1103 606 430 784 562 712 465 567 438 619 613 773 347 636 364 98 543 830 224 575 140 448 517 966 475 699 985 860 454 414 885 942 847 418 368 1170 687 782 286 864 688 792 51 870 846 248 637 1024 51 305 117 935 896 347 488 864 609 367 1004 919 738 676 730 561 903 780
225 0 571 425 719 882 545 702 594 845 651 532 568 605 678 422 705 912 794 518 191 506 848 838 621 869 542 676 30 1048 950 320 672 589 608 383 869 686 382 284 237 976 942 212 886 237 656 806 860 687 273 932 959 248 371 952 877 300 708 1074 587 554 675 599 829 627 316 887 278 853 810 1068 553 217 828 615 608 596 461 300 552 663 906 454 574 301 322 661 727 286 460 90 586 578 833 260 529 945 858 600 211 692 857 912 222 307 1092 798 714 403 690 494 617 176 755 865 409 452 998 265 165 343 785 794 353 422 992 590 446 930 898 860 695 811 647 732 573
514 571 0 561 413 530 61 293 783 297 680 242 400 156 863 359 133 342 483 585 452 234 292 357 112 612 158 273 542 593 433 436 813 123 374 321 527 829 583 644 517 459 385 373 354 512 461 313 288 240 652 373 419 398 565 586 347 389 136 733 785 384 280 709 315 211 568 316 611 603 626 632 276 608 270 48 447 192 387 433 314 99 391 182 310 314 539 175 524 300 410 516 210 9 699 641 612 531 370 234 571 823 573 341 555 309 758 260 411 238 740 683 690 504 581 339 312 619 548 549 451 514 722 571 222 286 458 203 147 601 446 329 180 241 97 761 796
597 425 561 0 421 564 581 484 228 851 225 691 260 478 315 676 663 822 473 94 524 346 840 628 528 501 427 468 422 774 753 153 281 657 319 616 548 297 59 205 188 775 805 453 913 607 313 874 803 506 223 800 790 247 59 630 906 584 666 720 228 259 804 186 655 459 117 810 683 485 419 775 343 239 715 579 268 705 189 170 312 605 952 581 334 297 690 726 363 470 167 472 710 571 422 225 103 656 650 733 224 297 505 821 207 298 733 819 415 570 267 122 195 548 370 695 633 58 728 648 292 696 362 423 400 275 1014 429 534 590 648 889 567 770 659 308 236
786 719 413 421 0 162 469 137 560 604 387 646 166 257 613 726 428 493 80 372 706 241 582 235 308 200 271 146 700 353 352 416 548 536 113 672 150 560 476 610 527 370 440 611 673 790 119 681 508 194 626 440 403 471 467 233 669 700 428 362 568 173 690 460 288 201 510 495 890 190 223 359 181 618 388 391 155 605 269 432 169 378 721 557 150 431 850 576 135 571 279 715 623 420 304 623 394 237 255 647 587 548 164 492 566 425 383 595 6 591 437 504 422 753 191 323 674 461 306 835 554 838 356 162 446 303 750 212 503 217 230 655 283 499 481 439 593
944 882 530 564 162 0 591 237 666 659 477 772 321 379 703 868 509 508 91 500 865 397 634 234 418 142 411 260 862 223 307 576 636 649 274 817 16 645 621 761 685 315 430 770 726 948 250 755 546 291 778 435 372 633 615 70 724 853 509 206 675 332 793 564 304 325 662 520 1049 147 233 213 339 774 421 498 297 719 428 592 331 471 776 693 311 592 1004 675 212 726 436 877 739 536 311 775 517 108 243 762 744 631 98 507 723 586 230 663 167 733 516 630 522 912 239 324 816 595 186 992 716 990 395 178 600 464 786 348 642 71 168 713 367 552 580 505 704
467 545 61 581 469 591 0 353 807 303 716 181 443 213 889 300 171 380 541 614 410 273 304 418 174 669 205 332 514 654 490 446 842 77 422 265 587 858 597 645 517 516 434 339 352 464 510 295 319 301 651 421 473 395 579 647 345 338 174 794 808 426 234 738 374 269 575 352 562 659 679 694 322 603 320 105 492 140 417 440 359 153 383 125 357 313 485 145 575 264 440 483 154 58 749 639 640 593 430 179 566 853 630 380 552 309 819 260 467 184 776 704 722 462 632 396 254 639 609 500 439 459 767 625 210 310 459 257 102 661 507 326 241 268 101 799 817
729 702 293 484 137 237 353 0 658 466 501 534 231 141 720 633 291 365 194 458 653 195 445 146 182 326 181 26 678 348 270 434 658 414 174 584 234 672 531 648 545 294 327 558 535 731 234 544 374 58 662 324 305 461 519 297 532 627 292 442 664 226 563 563 173 89 550 364 833 319 361 374 156 641 257 264 249 484 302 445 175 244 584 457 151 401 781 446 270 505 320 680 503 299 442 656 483 256 168 526 606 661 283 364 586 394 467 458 138 499 556 586 530 702 327 212 582 533 298 774 542 763 490 299 382 283 614 119 406 307 196 518 146 362 351 564 686
795 594 783 228 560 666 807 658 0 1066 192 919 428 683 88 898 876 1016 585 203 728 557 1053 791 737 561 639 648 599 889 911 379 85 883 484 839 649 96 234 314 378 930 985 668 1130 805 440 1096 1007 692 328 983 959 467 251 721 1124 800 878 772 12 436 1032 101 831 654 290 1008 869 546 459 877 539 378 907 796 411 933 397 394 502 817 1171 809 521 525 892 951 454 693 374 659 938 792 419 339 177 771 812 962 384 106 583 1015 377 526 777 1037 555 798 176 110 144 743 431 870 858 172 849 843 496 902 326 493 629 497 1227 630 763 668 789 1106 765 979 880 212 43
737 845 297 851 604 659 303 466 1066 0 942 362 655 386 1141 520 190 194 651 864 695 508 27 427 329 780 426 461 815 615 415 732 1087 257 612 514 663 1102 877 941 814 432 292 635 68 732 691 123 124 411 949 280 361 694 860 691 65 604 188 827 1069 642 257 984 357 426 864 165 819 776 827 666 531 904 241 272 692 274 668 730 571 249 117 396 557 610 729 194 736 560 692 778 294 288 908 937 890 609 423 296 867 1094 734 195 852 606 854 50 605 455 1000 971 959 743 793 347 492 909 586 759 742 696 953 764 512 577 162 442 399 728 512 54 323 106 204 1015 1083
817 651 680 225 387 477 716 501 192 942 0 857 287 556 227 869 752 866 400 134 741 446 926 622 613 368 525 496 647 700 739 360 161 794 333 809 460 173 272 408 414 755 824 664 1009 826 269 991 868 544 426 823 790 457 281 529 1004 791 754 579 203 300 950 94 670 517 338 863 906 353 266 686 411 456 758 683 253 853 302 380 372 694 1054 748 384 487 908 855 268 667 282 696 862 690 233 432 121 584 642 887 446 161 391 866 431 485 586 921 382 751 59 197 51 769 239 707 823 206 662 869 514 910 149 302 574 414 1100 500 696 476 610 988 626 847 773 88 234
383 532 242 691 646 772 181 534 919 362 857 0 601 393 1006 158 317 503 720 741 355 432 376 594 354 846 376 513 501 828 654 541 967 138 589 159 768 983 694 706 582 679 577 323 381 376 676 286 430 482 708 563 627 465 675 828 372 252 319 975 919 583 143 865 544 449 656 471 458 836 850 870 488 651 471 280 652 88 554 529 521 321 389 110 524 395 367 171 745 258 574 450 67 237 916 693 766 772 604 70 618 980 809 504 609 394 1000 311 644 134 915 811 855 398 800 561 135 747 785 400 478 334 924 798 290 443 481 433 161 842 684 356 418 378 226 943 923
664 568 400 260 166 321 443 231 428 655 287 601 0 269 494 647 465 588 231 227 583 170 638 370 326 304 243 219 551 519 494 255 435 519 59 588 307 450 312 444 363 516 558 490 722 669 91 706 583 264 460 554 535 321 302 391 717 597 467 505 434 18 678 336 404 231 344 582 765 288 265 525 125 452 479 398 51 583 108 272 86 407 766 498 97 299 738 576 166 465 114 575 595 410 319 457 252 403 392 620 422 441 288 587 402 295 523 634 160 516 345 355 307 624 210 444 596 304 471 714 403 731 324 232 347 179 813 213 443 363 389 700 341 560 490 362 455
603 605 156 478 257 379 213 141 683 386 556 393 269 0 756 492 196 346 328 480 530 132 371 241 57 456 64 119 578 471 345 385 701 279 231 445 374 716 513 605 487 372 348 438 453 604 315 440 325 96 617 340 355 383 497 438 447 493 198 584 687 255 433 599 224 55 515 332 706 447 473 503 145 584 243 136 309 348 290 390 184 138 497 315 172 309 647 321 372 378 312 571 366 162 548 608 506 392 258 390 547 708 417 346 528 302 608 364 256 360 614 594 573 581 430 260 441 534 423 646 456 628 579 416 262 220 546 56 266 448 317 431 95 295 229 631 703
882 678 863 315 613 703 889 720 88 1141 227 1006 494 756 0 987 951 1082 628 278 816 634 1127 847 812 586 716 712 685 926 965 467 67 966 547 928 686 60 322 395 467 982 1046 757 1206 893 494 1177 1077 759 409 1044 1015 556 340 752 1201 889 953 787 93 504 1116 158 892 724 378 1077 955 573 482 910 611 461 974 874 470 1018 475 482 573 892 1248 896 590 613 979 1033 496 782 452 746 1023 872 429 421 251 810 867 1047 470 75 613 1082 463 613 790 1115 608 885 188 199 190 831 464 930 947 260 889 930 584 990 332 525 715 579 1302 702 849 696 837 1184 835 1052 959 210 105
238 422 359 676 726 868 300 633 898 520 869 158 647 492 987 0 460 657 805 742 232 491 534 716 466 923 457 609 395 952 790 522 957 285 649 60 861 973 665 644 532 816 724 239 537 229 732 439 585 587 642 711 769 431 647 930 528 122 463 1074 895 628 287 860 674 543 616 625 302 910 909 990 551 582 614 405 699 246 576 505 578 453 542 178 587 383 209 328 805 205 593 334 225 358 966 627 764 884 729 225 554 973 890 657 550 384 1098 469 723 135 924 788 858 264 856 696 51 727 907 246 416 176 959 865 301 471 634 519 226 935 803 513 539 533 372 958 894
639 705 133 663 428 509 171 291 876 190 752 317 465 196 951 460 0 209 484 673 581 318 177 296 139 616 237 281 675 521 338 552 896 178 425 433 510 912 692 766 641 362 264 505 256 636 506 253 155 234 775 251 310 524 675 553 251 509 3 697 879 452 291 794 236 239 684 183 733 610 651 566 341 734 154 92 504 238 479 551 380 59 301 295 368 441 654 173 556 432 502 649 262 127 731 764 700 483 301 279 697 904 572 209 680 436 724 170 428 355 811 783 769 632 614 247 418 721 482 671 582 627 769 590 354 392 351 252 272 581 388 235 145 111 90 826 894
847 912 342 822 493 508 380 365 1016 194 866 503 588 346 1082 657 209 0 521 813 791 479 167 275 305 641 405 370 883 428 229 731 1022 372 535 636 515 1036 859 950 829 242 99 715 246 844 599 317 77 323 961 87 169 718 844 526 248 716 206 654 1021 579 432 925 209 363 861 32 939 641 706 480 480 925 108 297 613 417 632 734 514 249 293 501 495 637 858 336 628 642 654 858 440 336 789 951 839 440 264 450 888 1026 594 1 870 631 680 228 496 562 922 934 893 842 682 183 619 876 404 878 782 829 849 642 559 566 282 392 482 572 346 244 254 125 287 929 1040
866 794 483 473 80 91 541 194 585 651 400 720 231 328 628 805 484 521 0 412 786 321 628 248 375 131 348 211 776 305 349 486 561 606 186 751 76 572 530 669 594 362 456 691 719 870 159 737 547 252 686 458 408 546 523 160 717 781 485 282 594 241 757 483 312 272 570 528 970 125 185 302 261 682 423 458 205 676 338 502 248 439 769 634 230 509 931 641 131 651 345 793 694 490 269 684 430 187 264 718 653 559 89 520 632 503 303 648 84 670 444 543 442 832 172 341 753 506 263 915 628 918 339 122 526 381 790 288 581 137 212 704 339 545 545 438 621
682 518 585 94 372 500 614 458 203 864 134 741 227 480 278 742 673 813 412 0 607 356 850 595 535 422 438 447 514 717 718 226 228 691 285 682 483 244 148 293 281 739 785 531 928 692 255 899 803 490 312 782 762 323 153 563 922 659 676 641 208 233 844 124 632 451 211 805 771 406 333 713 336 333 704 595 217 746 197 246 299 614 970 631 318 359 773 757 291 538 174 561 753 595 330 315 26 599 617 777 318 239 431 812 302 358 652 837 367 629 183 132 115 634 288 671 697 98 673 734 379 777 267 345 453 304 1025 426 581 518 603 905 562 775 681 221 227
80 191 452 524 706 865 410 653 728 695 741 355 583 530 816 232 581 791 786 607 0 468 702 771 529 884 474 627 165 999 870 381 797 437 606 198 855 813 497 441 349 897 837 95 726 87 674 639 729 623 435 826 867 285 481 934 718 109 584 1069 723 565 498 710 747 567 437 763 183 870 845 1027 526 374 722 500 631 430 486 361 539 551 741 298 556 283 166 502 749 153 495 102 415 456 886 420 624 909 789 425 353 815 862 791 355 288 1090 645 702 239 790 619 718 51 789 778 224 566 950 132 233 173 856 815 270 407 831 533 308 924 845 701 607 678 509 828 715
547 506 234 346 241 397 273 195 557 508 446 432 170 132 634 491 318 479 321 356 468 0 495 334 181 432 82 170 483 542 452 255 581 350 159 435 387 597 380 475 361 478 475 373 572 551 244 545 457 186 488 468 474 268 364 465 566 459 321 601 560 152 508 478 338 128 383 465 652 420 420 564 60 459 375 240 220 413 160 262 89 259 614 332 96 206 609 409 316 330 183 488 425 243 483 479 382 443 355 450 422 590 403 478 403 199 624 481 237 357 505 464 456 516 369 377 439 403 492 595 347 596 494 374 204 92 670 92 277 457 391 549 226 424 327 527 575
747 848 292 840 582 634 304 445 1053 27 926 376 638 371 1127 534 177 167 628 850 702 495 0 401 315 756 414 440 818 587 387 725 1072 264 595 526 638 1087 868 936 809 404 264 640 92 742 672 150 96 391 944 252 333 690 851 664 90 614 174 801 1056 626 278 970 331 408 857 137 831 753 805 638 516 900 214 263 674 287 656 723 555 236 142 404 541 606 742 206 715 565 679 783 309 283 887 933 877 582 397 313 863 1079 710 168 847 601 827 68 584 463 983 960 944 751 772 320 504 897 558 771 741 710 934 742 511 567 175 426 402 703 485 81 303 83 203 997 1071
844 838 357 628 235 234 418 146 791 427 622 594 370 241 847 716 296 275 248 595 771 334 401 0 251 366 299 167 812 236 124 580 783 460 311 675 241 795 676 794 690 147 207 679 493 844 353 530 311 151 809 209 168 603 664 264 492 731 295 404 798 369 588 693 69 210 697 286 946 366 434 275 301 787 186 314 380 527 448 590 322 274 543 538 297 537 885 469 365 619 466 809 549 359 518 802 619 187 21 569 752 784 319 274 732 530 431 435 240 590 673 726 656 822 416 92 668 675 191 886 681 864 584 370 502 425 552 247 495 302 92 482 177 321 379 674 821
598 621 112 528 308 418 174 182 737 329 613 354 326 57 812 466 139 305 375 535 529 181 315 251 0 505 102 164 593 487 340 426 757 231 289 424 416 772 560 645 523 367 321 442 396 598 372 382 276 127 656 311 339 413 544 474 390 481 141 620 741 313 382 655 218 108 558 288 700 497 528 523 202 619 209 82 367 301 342 428 241 80 440 288 229 334 634 267 428 376 365 579 320 117 604 646 561 419 265 344 582 764 464 305 564 328 645 307 308 338 672 646 630 581 486 249 417 585 440 638 481 613 636 470 269 262 490 114 244 489 336 374 77 242 173 689 756
965 869 612 501 200 142 669 326 561 780 368 846 304 456 586 923 616 641 131 422 884 432 756 366 505 0 471 341 854 350 449 551 519 735 279 867 130 527 560 706 652 457 568 790 848 970 213 868 673 384 724 572 513 625 558 170 846 889 616 219 571 320 887 461 433 400 611 651 1067 16 103 326 371 731 548 588 261 805 409 570 349 570 898 756 336 602 1035 772 143 758 409 880 822 619 173 724 434 245 378 847 706 512 46 640 686 597 231 778 202 788 397 543 417 927 134 458 871 521 321 1015 705 1025 263 78 634 477 916 412 702 111 309 834 470 673 676 380 601
549 542 158 427 271 411 205 181 639 426 525 376 243 64 716 457 237 405 348 438 474 82 414 299 102 471 0 155 515 524 408 325 663 279 217 406 404 678 458 544 425 435 412 381 490 551 305 465 378 149 556 403 420 319 442 475 484 445 239 618 642 227 437 560 287 93 456 389 653 460 474 553 118 522 305 158 289 345 242 328 156 178 532 285 152 244 599 333 370 325 265 510 359 166 544 546 464 438 318 384 484 671 436 405 466 238 642 399 269 322 584 546 537 525 427 323 405 484 475 594 392 582 564 422 204 160 588 62 232 478 370 467 159 343 248 604 657
703 676 273 468 146 260 332 26 648 461 496 513 219 119 712 609 281 370 211 447 627 170 440 167 164 341 155 0 652 374 290 412 651 395 165 559 255 665 514 628 522 315 339 532 530 705 233 534 373 49 642 335 322 437 501 321 526 601 282 465 654 213 546 555 187 65 530 367 807 333 370 400 134 619 262 247 243 465 283 422 157 231 577 433 133 375 755 430 275 479 303 655 483 279 449 635 472 282 189 507 584 655 300 369 564 369 490 450 147 475 552 573 522 676 333 227 557 518 324 748 517 738 493 309 356 259 612 93 382 329 221 511 138 358 335 561 674
206 30 542 422 700 862 514 678 599 815 647 501 551 578 685 395 675 883 776 514 165 483 818 812 593 854 515 652 0 1025 923 308 676 559 589 353 850 690 381 294 233 950 914 181 855 218 640 775 830 661 285 904 932 230 369 933 847 272 678 1056 593 537 645 599 802 602 316 858 269 838 798 1045 531 226 800 586 593 566 445 287 531 634 876 424 553 277 304 630 712 255 445 67 555 548 824 270 525 923 832 569 215 695 840 882 223 283 1075 767 694 373 688 497 615 156 742 838 380 452 975 249 148 323 778 779 325 400 961 565 416 912 874 829 667 781 616 729 581
1073 1048 593 774 353 223 654 348 889 615 700 828 519 471 926 952 521 428 305 717 999 542 587 236 487 350 524 374 1025 0 200 763 859 692 463 911 239 868 829 963 875 186 330 905 673 1075 462 731 491 376 979 341 259 804 821 180 674 964 519 249 898 525 811 787 285 431 863 452 1177 360 450 53 495 968 383 550 505 758 618 777 502 507 721 774 478 748 1118 694 434 849 630 1029 780 595 523 975 736 118 224 800 936 854 314 427 915 742 272 636 359 825 739 848 745 1049 462 277 904 810 49 1117 886 1098 613 400 728 626 705 466 731 240 153 668 413 518 608 726 926
939 950 433 753 352 307 490 270 911 415 739 654 494 345 965 790 338 229 349 718 870 452 387 124 340 449 408 290 923 200 0 702 900 515 435 754 319 912 801 918 812 27 134 781 473 938 472 532 291 266 932 143 66 720 789 310 474 819 336 428 919 493 620 813 122 325 821 252 1039 453 531 251 424 909 189 385 501 576 572 712 446 337 521 615 421 651 971 507 475 716 590 916 600 432 613 925 741 220 102 617 873 900 404 228 853 644 453 437 357 671 787 849 775 921 521 93 744 799 175 978 797 947 688 469 606 545 509 362 578 362 140 468 262 320 428 785 943
458 320 436 153 416 576 446 434 379 732 360 541 255 385 467 522 552 731 486 226 381 255 725 580 426 551 325 412 308 763 702 0 434 519 302 462 562 451 153 219 111 727 731 304 790 467 339 742 701 439 232 724 728 97 134 646 783 433 555 759 378 244 660 338 592 383 132 715 551 534 490 775 278 207 629 462 290 562 147 21 262 496 826 432 287 146 548 591 407 317 142 345 564 445 516 224 245 651 602 587 173 450 541 730 152 147 776 696 410 418 410 270 340 411 435 631 480 207 714 510 161 550 477 474 252 165 894 347 388 618 621 765 481 662 533 447 381
867 672 813 281 548 636 842 658 85 1087 161 967 435 701 67 957 896 1022 561 228 797 581 1072 783 757 519 663 651 676 859 900 434 0 919 486 897 619 16 300 395 449 917 984 732 1152 877 429 1126 1019 698 410 982 951 527 316 685 1147 864 898 722 96 446 1072 103 829 666 361 1017 945 506 416 842 555 458 913 821 408 973 425 451 516 837 1195 856 532 577 962 985 429 751 402 734 980 822 364 421 202 743 803 1004 461 20 546 1021 452 577 725 1062 543 850 121 179 128 816 397 866 914 232 822 916 564 971 267 458 677 532 1247 645 807 629 771 1130 777 995 908 146 123
484 589 123 657 536 649 77 414 883 257 794 138 519 279 966 285 178 372 606 691 437 350 264 460 231 735 279 395 559 692 515 519 919 0 496 266 647 936 671 712 584 540 440 378 296 479 584 226 302 358 717 427 488 462 653 702 288 350 181 848 884 502 158 816 407 334 646 341 571 726 750 735 397 667 333 150 567 70 495 511 434 185 320 139 431 381 486 74 647 304 517 520 90 116 822 704 717 641 468 112 631 930 695 372 618 377 874 209 535 198 853 779 799 486 704 423 247 715 650 510 498 457 842 695 275 387 403 327 146 720 551 270 286 249 88 876 893
687 608 374 319 113 274 422 174 484 612 333 589 59 231 547 649 425 535 186 285 606 159 595 311 289 279 217 165 589 463 435 302 486 496 0 592 261 501 370 499 413 457 501 511 680 691 87 671 535 212 516 498 477 359 360 345 676 610 426 467 490 61 654 390 347 186 400 530 790 265 261 472 101 505 426 366 79 563 155 318 71 368 726 491 65 325 756 548 157 479 166 608 577 383 327 511 309 349 333 602 473 491 256 534 453 320 487 594 107 516 390 414 357 650 210 386 598 363 415 736 442 746 348 216 356 198 769 175 436 323 330 660 293 515 458 402 512
224 383 321 616 672 817 265 584 839 514 809 159 588 445 928 60 433 636 751 682 198 435 526 675 424 867 406 559 353 911 754 462 897 266 592 0 810 913 606 590 475 781 698 187 539 217 674 446 568 540 589 685 739 371 588 880 530 92 436 1024 836 570 301 799 636 494 558 606 305 855 851 946 496 529 585 369 640 241 516 445 521 419 549 140 531 322 221 320 748 145 532 297 224 322 907 574 704 837 689 230 500 912 836 636 495 323 1048 463 669 85 864 729 797 238 798 661 26 668 864 245 361 194 899 809 241 411 640 468 180 883 759 514 498 515 349 897 836
935 869 527 548 150 16 587 234 649 663 460 768 307 374 686 861 510 515 76 483 855 387 638 241 416 130 404 255 850 239 319 562 619 647 261 810 0 629 605 745 671 327 439 760 731 938 234 758 552 288 762 444 383 620 599 84 729 844 510 214 659 317 793 547 310 320 646 527 1039 134 218 230 328 759 426 497 281 717 414 578 319 471 780 688 299 581 996 675 195 717 421 866 736 533 297 760 500 124 251 759 729 615 84 514 709 575 237 666 155 727 500 613 505 902 223 332 810 579 203 983 703 982 380 162 591 453 793 342 636 74 179 718 367 556 579 489 687
882 686 829 297 560 645 858 672 96 1102 173 983 450 716 60 973 912 1036 572 244 813 597 1087 795 772 527 678 665 690 868 912 451 16 936 501 913 629 0 316 409 465 929 997 749 1168 893 442 1142 1034 713 424 995 964 544 332 694 1162 880 914 727 106 461 1088 119 842 681 377 1031 960 513 423 851 570 472 927 837 422 990 441 468 532 853 1211 873 547 594 978 1001 440 768 419 749 996 838 369 434 218 753 815 1021 476 15 555 1035 467 594 730 1077 555 866 129 194 143 831 406 880 931 248 832 931 580 987 272 467 693 548 1262 661 824 637 783 1146 791 1010 924 150 132
567 382 583 59 476 621 597 531 234 877 272 694 312 513 322 665 692 859 530 148 497 380 868 676 560 560 458 514 381 829 801 153 300 671 370 606 605 316 0 146 150 824 848 434 937 577 370 892 836 549 164 842 836 234 18 688 930 566 695 779 230 310 813 217 700 499 66 846 648 544 478 831 384 185 754 605 324 715 230 164 356 635 974 584 380 298 662 743 421 460 211 436 718 593 479 167 151 712 698 740 174 318 563 859 160 300 792 843 470 568 308 123 235 516 429 740 626 70 783 617 264 670 414 482 405 300 1040 467 542 648 701 913 605 801 681 350 230
498 284 644 205 610 761 645 648 314 941 408 706 444 605 395 644 766 950 669 293 441 475 936 794 645 706 544 628 294 963 918 219 395 712 499 590 745 409 146 0 128 942 951 404 996 509 511 938 918 657 18 944 947 249 148 829 989 531 769 924 306 438 838 337 810 602 99 933 562 689 624 969 494 67 849 674 463 744 348 216 473 712 1028 603 497 332 596 786 566 452 333 358 742 653 624 25 293 847 816 762 89 416 707 950 96 336 937 902 604 573 435 223 365 446 575 849 613 202 915 543 229 611 555 628 437 385 1102 567 570 791 828 970 700 877 738 478 290
417 237 517 188 527 685 517 545 378 814 414 582 363 487 467 532 641 829 594 281 349 361 809 690 523 652 425 522 233 875 812 111 449 584 413 475 671 465 150 128 0 837 835 294 868 427 443 810 794 547 135 828 836 121 136 755 861 425 644 864 373 354 712 367 699 490 88 811 498 635 583 886 389 97 730 549 394 617 257 100 374 587 900 477 398 204 513 658 508 332 249 286 616 526 600 123 292 763 712 636 61 468 645 829 41 208 880 774 521 450 455 271 382 366 530 738 497 220 826 467 118 523 548 574 309 269 974 453 443 725 733 843 583 752 611 496 367
966 976 459 775 370 315 516 294 930 432 755 679 516 372 982 816 362 242 362 739 897 478 404 147 367 457 435 315 950 186 27 727 917 540 457 781 327 929 824 942 837 0 144 808 488 965 490 551 308 292 957 155 73 746 812 311 489 846 360 422 938 515 642 831 149 351 845 267 1066 461 542 239 449 934 211 411 521 601 596 737 470 363 535 641 445 677 998 530 490 743 614 943 624 459 624 950 762 221 126 641 899 916 412 241 879 671 447 456 375 697 803 870 793 948 534 120 770 821 168 1005 824 974 701 481 633 571 519 389 605 366 150 484 289 339 452 800 962
899 942 385 805 440 430 434 327 985 292 824 577 558 348 1046 724 264 99 456 785 837 475 264 207 321 568 412 339 914 330 134 731 984 440 501 698 439 997 848 951 835 144 0 755 345 897 555 414 170 299 963 13 71 731 834 440 347 772 261 562 992 552 520 890 154 349 858 127 996 570 641 383 463 933 115 337 576 493 617 737 493 286 392 559 471 654 919 416 573 685 638 896 517 382 725 955 810 352 191 530 896 986 522 98 877 648 588 322 444 618 877 912 856 889 624 117 683 857 310 934 801 892 792 578 589 566 375 384 532 490 263 343 253 210 352 880 1013
175 212 373 453 611 770 339 558 668 635 664 323 490 438 757 239 505 715 691 531 95 373 640 679 442 790 381 532 181 905 781 304 732 378 511 187 760 749 434 404 294 808 755 0 674 180 581 594 658 530 402 744 781 207 417 838 666 131 509 973 664 472 465 640 658 474 381 688 279 776 754 932 431 342 640 420 539 384 397 285 444 470 694 242 461 191 250 449 656 75 407 143 374 378 797 387 550 814 697 389 314 750 767 715 311 195 995 587 607 192 715 558 644 144 698 691 212 500 856 225 177 248 772 722 177 313 780 439 238 829 751 648 519 607 440 751 661
763 886 354 913 673 726 352 535 1130 68 1009 381 722 453 1206 537 256 246 719 928 726 572 92 493 396 848 490 530 855 673 473 790 1152 296 680 539 731 1168 937 996 868 488 345 674 0 756 759 103 184 480 1003 333 416 747 920 756 8 630 254 891 1133 708 257 1050 423 494 922 220 839 845 896 725 598 956 306 334 760 297 732 787 637 315 49 432 624 664 746 225 805 600 755 814 314 345 977 991 955 673 488 311 919 1160 802 247 905 659 917 94 674 488 1067 1034 1026 773 862 411 515 971 646 781 791 712 1022 833 563 638 106 509 441 795 576 26 391 174 258 1083 1146
12 237 512 607 790 948 464 731 805 732 826 376 669 604 893 229 636 844 870 692 87 551 742 844 598 970 551 705 218 1075 938 467 877 479 691 217 938 893 577 509 427 965 897 180 756 0 761 663 779 698 502 885 931 371 562 1016 748 128 639 1152 800 652 514 792 816 644 515 814 102 956 932 1105 610 442 782 560 718 459 574 446 624 612 766 343 640 370 86 537 836 226 582 151 442 515 973 487 708 988 861 447 425 896 947 844 429 374 1174 681 786 282 874 698 802 63 877 846 241 647 1026 45 314 105 943 902 349 493 858 611 365 1008 921 732 676 726 557 913 791
755 656 461 313 119 250 510 234 440 691 269 676 91 315 494 732 506 599 159 255 674 244 672 353 372 213 305 233 640 462 472 339 429 584 87 674 234 442 370 511 443 490 555 581 759 761 0 755 606 282 528 554 521 411 364 317 755 686 507 420 448 108 742 340 400 267 413 598 856 198 177 461 188 527 492 451 48 650 195 357 155 450 806 576 152 391 829 634 75 554 196 666 664 470 239 527 275 344 373 689 500 431 202 598 480 386 437 676 114 599 322 387 303 715 124 437 681 347 418 806 491 821 263 141 434 269 844 260 521 282 349 740 368 590 544 329 473
670 806 313 874 681 755 295 544 1096 123 991 286 706 440 1177 439 253 317 737 899 639 545 150 530 382 868 465 534 775 731 532 742 1126 226 671 446 758 1142 892 938 810 551 414 594 103 663 755 0 244 487 944 401 482 688 874 793 95 538 252 934 1098 691 155 1023 462 488 870 287 742 862 904 781 580 893 350 307 748 209 701 735 620 304 102 352 611 607 648 152 808 521 724 730 223 304 983 931 926 716 529 216 857 1136 823 318 844 603 960 95 681 403 1050 996 1002 683 866 458 421 932 699 685 724 614 1019 843 501 599 195 496 371 826 619 85 398 213 217 1069 1109
782 860 288 803 508 546 319 374 1007 124 868 430 583 325 1077 585 155 77 547 803 729 457 96 311 276 673 378 373 830 491 291 701 1019 302 535 568 552 1034 836 918 794 308 170 658 184 779 606 244 0 324 928 157 238 679 820 573 184 650 152 707 1011 573 355 919 242 353 833 44 872 671 728 542 467 888 125 248 614 342 615 702 504 206 233 435 487 596 789 261 643 583 638 802 366 282 811 917 830 489 305 375 850 1025 626 77 833 590 733 152 510 496 925 920 890 780 699 227 549 859 463 811 738 759 864 664 510 538 243 377 421 613 393 177 242 52 221 935 1028
697 687 240 506 194 291 301 58 692 411 544 482 264 96 759 587 234 323 252 490 623 186 391 151 127 384 149 49 661 376 266 439 698 358 212 540 288 713 549 657 547 292 299 530 480 698 282 487 324 0 670 294 289 454 535 346 476 589 234 493 698 256 505 601 152 59 562 318 800 377 417 407 165 644 215 208 291 428 319 447 194 186 528 409 173 386 743 388 324 472 339 658 448 245 498 663 516 297 171 471 608 703 341 323 589 379 518 401 194 455 601 614 569 674 382 192 536 558 327 741 531 724 542 356 353 279 562 96 361 362 222 462 89 309 293 611 718
490 273 652 223 626 778 651 662 328 949 426 708 460 617 409 642 775 961 686 312 435 488 944 809 656 724 556 642 285 979 932 232 410 717 516 589 762 424 164 18 135 957 963 402 1003 502 528 944 928 670 0 956 960 256 166 846 996 527 779 942 319 454 841 354 823 615 116 944 552 707 642 985 508 60 860 683 481 748 363 227 487 721 1035 606 512 339 588 791 584 452 349 350 745 661 642 14 311 864 831 765 89 431 725 961 99 343 955 909 620 574 452 240 382 439 593 863 613 220 931 534 230 604 573 646 442 397 1109 580 575 809 844 977 712 887 746 495 303
887 932 373 800 440 435 421 324 983 280 823 563 554 340 1044 711 251 87 458 782 826 468 252 209 311 572 403 335 904 341 143 724 982 427 498 685 444 995 842 944 828 155 13 744 333 885 554 401 157 294 956 0 82 723 828 447 335 760 248 571 989 548 506 888 153 343 851 114 983 573 644 394 458 925 104 325 574 479 612 729 488 274 380 546 467 645 906 402 573 673 633 885 503 370 727 948 807 359 194 516 888 984 526 86 869 639 597 309 444 606 876 908 854 877 625 117 670 852 319 921 792 879 793 580 578 559 366 377 520 496 269 331 244 197 339 880 1010
932 959 419 790 403 372 473 305 959 361 790 627 535 355 1015 769 310 169 408 762 867 474 333 168 339 513 420 322 932 259 66 728 951 488 477 739 383 964 836 947 836 73 71 781 416 931 521 482 238 289 960 82 0 738 823 376 417 809 307 494 965 532 580 861 136 345 851 196 1031 516 592 312 453 933 155 371 547 546 605 736 479 320 463 599 455 665 958 472 531 713 625 919 569 418 675 953 786 287 148 584 897 952 467 168 877 658 519 388 408 657 841 891 825 919 579 97 726 839 240 969 812 933 747 529 609 567 446 382 567 429 204 413 264 273 400 841 988
363 248 398 247 471 633 395 461 467 694 457 465 321 383 556 431 524 718 546 323 285 268 690 603 413 625 319 437 230 804 720 97 527 462 359 371 620 544 234 249 121 746 731 207 747 371 411 688 679 454 256 723 738 0 216 704 740 337 527 826 464 307 592 433 603 395 191 698 458 609 573 821 308 210 622 431 364 497 215 77 304 472 779 358 327 83 451 536 483 226 218 256 496 406 606 243 342 698 623 517 172 544 610 717 157 88 844 654 465 336 507 357 437 317 517 641 391 296 754 415 83 453 572 550 187 178 853 357 322 682 656 721 478 635 490 544 464
552 371 565 59 467 615 579 519 251 860 281 675 302 497 340 647 675 844 523 153 481 364 851 664 544 558 442 501 369 821 789 134 316 653 360 588 599 332 18 148 136 812 834 417 920 562 364 874 820 535 166 828 823 216 0 682 913 549 678 776 248 299 795 230 687 485 58 830 634 541 477 824 370 180 738 588 317 697 217 145 343 618 956 566 367 279 647 724 418 442 198 422 699 575 482 166 159 704 686 722 166 334 559 843 150 281 789 825 461 550 319 141 246 501 428 727 607 85 774 602 248 654 420 480 386 283 1022 452 523 644 691 895 590 784 663 360 248
1013 952 586 630 233 70 647 297 721 691 529 828 391 438 752 930 553 526 160 563 934 465 664 264 474 170 475 321 933 180 310 646 685 702 345 880 84 694 688 829 755 311 440 838 756 1016 317 793 573 346 846 447 376 704 682 0 755 919 552 146 731 402 842 619 333 386 730 543 1117 181 272 157 408 843 449 551 365 771 498 663 401 520 805 754 381 662 1071 723 272 793 506 947 792 591 343 844 578 89 267 814 814 679 138 525 793 656 172 699 238 796 564 691 576 981 290 346 879 659 156 1060 787 1056 434 227 667 534 808 412 703 60 180 745 416 585 629 549 760
754 877 347 906 669 724 345 532 1124 65 1004 372 717 447 1201 528 251 248 717 922 718 566 90 492 390 846 484 526 847 674 474 783 1147 288 676 530 729 1162 930 989 861 489 347 666 8 748 755 95 184 476 996 335 417 740 913 755 0 622 249 891 1126 703 249 1044 422 489 915 221 830 842 893 726 593 948 305 327 755 289 726 780 632 310 51 423 619 656 738 216 801 591 749 805 306 338 974 983 949 673 487 303 911 1155 800 249 897 652 917 87 670 479 1062 1028 1020 764 859 410 506 964 647 772 783 704 1018 830 555 632 115 504 433 793 576 18 387 172 250 1078 1140
133 300 389 584 700 853 338 627 800 604 791 252 597 493 889 122 509 716 781 659 109 459 614 731 481 889 445 601 272 964 819 433 864 350 610 92 844 880 566 531 425 846 772 131 630 128 686 538 650 589 527 760 809 337 549 919 622 0 513 1059 796 579 393 771 698 538 512 687 223 876 862 997 520 467 658 437 648 332 512 414 540 488 641 215 553 307 154 409 762 131 525 211 316 391 912 513 679 883 746 323 441 881 862 717 439 310 1082 553 696 154 843 690 773 146 807 726 118 632 916 161 307 137 893 825 255 417 732 508 241 916 811 605 558 598 429 879 792
642 708 136 666 428 509 174 292 878 188 754 319 467 198 953 463 3 206 485 676 584 321 174 295 141 616 239 282 678 519 336 555 898 181 426 436 510 914 695 769 644 360 261 509 254 639 507 252 152 234 779 248 307 527 678 552 249 513 0 697 881 454 292 796 234 240 687 179 736 610 652 565 343 737 151 95 505 240 481 554 382 61 300 298 369 444 658 175 557 435 505 652 264 130 731 768 702 482 300 281 700 906 572 206 683 439 723 168 429 358 812 785 771 636 615 245 421 723 480 674 585 630 771 591 358 394 349 254 276 580 387 233 146 108 92 828 896
1148 1074 733 720 362 206 794 442 772 827 579 975 505 584 787 1074 697 654 282 641 1069 601 801 404 620 219 618 465 1056 249 428 759 722 848 467 1024 214 727 779 924 864 422 562 973 891 1152 420 934 707 493 942 571 494 826 776 146 891 1059 697 0 783 519 987 674 472 531 828 674 1252 235 314 200 542 946 586 698 469 918 613 777 530 666 940 899 512 792 1210 868 358 931 617 1075 939 737 358 942 652 218 405 961 920 712 218 653 900 786 26 839 366 940 601 761 630 1115 353 480 1023 740 254 1197 908 1196 455 296 806 664 936 555 848 144 315 882 562 723 775 577 813
789 587 785 228 568 675 808 664 12 1069 203 919 434 687 93 895 879 1021 594 208 723 560 1056 798 741 571 642 654 593 898 919 378 96 884 490 836 659 106 230 306 373 938 992 664 1133 800 448 1098 1011 698 319 989 965 464 248 731 1126 796 881 783 0 441 1032 111 837 659 285 1013 862 557 470 887 544 370 912 799 418 933 400 392 507 820 1173 808 526 524 886 953 464 691 377 653 938 794 431 331 182 780 819 961 378 117 593 1020 371 525 788 1040 562 796 188 107 154 738 441 876 856 171 858 837 491 896 338 503 628 498 1231 634 763 678 797 1109 770 982 882 224 31
646 554 384 259 173 332 426 226 436 642 300 583 18 255 504 628 452 579 241 233 565 152 626 369 313 320 227 213 537 525 493 244 446 502 61 570 317 461 310 438 354 515 552 472 708 652 108 691 573 256 454 548 532 307 299 402 703 579 454 519 441 0 661 346 399 220 338 572 748 305 283 533 110 444 471 383 70 565 96 261 71 393 753 479 85 282 721 560 183 447 105 560 578 393 337 450 259 410 390 603 413 453 302 579 392 277 537 620 167 497 359 359 318 607 228 439 578 306 477 697 389 713 341 249 329 161 801 199 425 376 391 687 330 548 474 377 461
522 675 280 804 690 793 234 563 1032 257 950 143 678 433 1116 287 291 432 757 844 498 508 278 588 382 887 437 546 645 811 620 660 1072 158 654 301 793 1088 813 838 712 642 520 465 257 514 742 155 355 505 841 506 580 592 795 842 249 393 292 987 1032 661 0 969 527 488 782 400 589 879 907 857 555 787 431 299 726 98 649 650 593 321 256 235 590 516 494 118 804 398 671 594 96 272 980 828 870 774 593 76 753 1084 846 433 742 514 1013 210 689 274 1009 926 954 539 862 534 275 861 772 533 614 459 1001 850 408 540 349 484 271 865 680 236 426 310 213 1034 1039
782 599 709 186 460 564 738 563 101 984 94 865 336 599 158 860 794 925 483 124 710 478 970 693 655 461 560 555 599 787 813 338 103 816 390 799 547 119 217 337 367 831 890 640 1050 792 340 1023 919 601 354 888 861 433 230 619 1044 771 796 674 111 346 969 0 735 566 283 919 865 446 360 775 454 392 816 718 314 870 321 356 415 735 1092 754 432 478 876 881 353 655 299 653 877 719 327 362 98 669 713 901 389 115 481 924 376 478 680 959 455 750 99 114 43 732 330 774 816 146 747 832 477 882 239 392 575 428 1145 544 705 567 688 1027 677 894 805 141 140
817 829 315 655 288 304 374 173 831 357 670 544 404 224 892 674 236 209 312 632 747 338 331 69 218 433 287 187 802 285 122 592 829 407 347 636 310 842 700 810 699 149 154 658 423 816 400 462 242 152 823 153 136 603 687 333 422 698 234 472 837 399 527 735 0 209 714 217 918 432 496 330 317 797 117 268 421 472 470 599 344 223 473 497 320 532 851 409 421 594 489 794 495 315 580 816 656 253 67 514 761 831 386 208 741 525 498 367 291 552 723 759 701 799 474 39 627 705 245 856 678 828 642 432 483 430 483 246 458 371 156 412 140 252 323 727 859
642 627 211 459 201 325 269 89 654 426 517 449 231 55 724 543 239 363 272 451 567 128 408 210 108 400 93 65 602 431 325 383 666 334 186 494 320 681 499 602 490 351 349 474 494 644 267 488 353 59 615 343 345 395 485 386 489 538 240 531 659 220 488 566 209 0 508 354 746 392 420 460 116 588 255 190 266 404 270 390 151 183 540 368 134 327 692 375 320 418 292 600 422 218 496 607 477 345 230 446 551 672 361 362 532 320 555 409 200 409 575 571 538 617 378 248 492 513 382 687 472 674 531 362 296 221 583 37 317 394 277 474 110 329 281 589 677
505 316 568 117 510 662 575 550 290 864 338 656 344 515 378 616 684 861 570 211 437 383 857 697 558 611 456 530 316 863 821 132 361 646 400 558 646 377 66 99 88 845 858 381 922 515 413 870 833 562 116 851 851 191 58 730 915 512 687 828 285 338 782 283 714 508 0 846 583 595 533 869 397 122 758 594 365 685 249 135 374 628 956 549 399 265 601 719 470 414 233 372 686 577 540 114 217 748 719 707 108 380 611 861 94 268 842 828 504 527 374 183 301 454 483 754 579 136 815 554 205 611 479 533 373 295 1026 474 510 694 729 897 609 794 664 416 280
818 887 316 810 495 520 352 364 1008 165 863 471 582 332 1077 625 183 32 528 805 763 465 137 286 288 651 389 367 858 452 252 715 1017 341 530 606 527 1031 846 933 811 267 127 688 220 814 598 287 44 318 944 114 196 698 830 543 221 687 179 674 1013 572 400 919 217 354 846 0 909 650 711 504 470 906 106 272 610 384 621 717 505 226 269 471 487 616 827 303 630 615 643 832 408 310 795 934 831 457 277 418 869 1022 604 33 851 610 700 196 498 532 919 924 888 814 685 196 588 865 426 848 760 798 852 647 535 550 266 381 454 586 362 217 243 93 257 928 1031
104 278 611 683 890 1049 562 833 869 819 906 458 765 706 955 302 733 939 970 771 183 652 831 946 700 1067 653 807 269 1177 1039 551 945 571 790 305 1039 960 648 562 498 1066 996 279 839 102 856 742 872 800 552 983 1031 458 634 1117 830 223 736 1252 862 748 589 865 918 746 583 909 0 1053 1026 1207 710 495 881 660 813 545 667 530 723 711 844 438 740 465 98 625 931 328 674 211 525 614 1063 538 786 1090 963 527 484 964 1045 940 492 470 1274 768 886 378 951 765 878 141 970 946 326 718 1128 62 392 133 1029 997 451 591 937 713 464 1108 1023 815 777 820 652 991 851
950 853 603 485 190 147 659 319 546 776 353 836 288 447 573 910 610 641 125 406 870 420 753 366 497 16 460 333 838 360 453 534 506 726 265 855 134 513 544 689 635 461 570 776 845 956 198 862 671 377 707 573 516 609 541 181 842 876 610 235 557 305 879 446 432 392 595 650 1053 0 90 338 359 714 546 580 245 796 393 554 336 564 894 745 323 587 1022 764 127 744 393 864 813 610 164 708 417 253 379 838 689 499 49 640 669 582 247 773 192 776 384 527 402 912 118 459 859 504 330 1001 689 1012 252 61 621 462 914 402 691 123 312 830 464 670 669 367 586
926 810 626 419 223 233 679 361 459 827 266 850 265 473 482 909 651 706 185 333 845 420 805 434 528 103 474 370 798 450 531 490 416 750 261 851 218 423 478 624 583 542 641 754 896 932 177 904 728 417 642 644 592 573 477 272 893 862 652 314 470 283 907 360 496 420 533 711 1026 90 0 429 362 655 605 610 214 818 359 510 331 601 945 752 325 563 1003 795 104 731 354 830 834 634 83 644 341 340 449 859 633 408 136 705 614 558 322 819 223 776 294 448 316 885 55 526 858 431 418 977 650 996 162 63 612 445 971 423 697 214 391 879 507 722 701 277 500
1103 1068 632 775 359 213 694 374 877 666 686 870 525 503 910 990 566 480 302 713 1027 564 638 275 523 326 553 400 1045 53 251 775 842 735 472 946 230 851 831 969 886 239 383 932 725 1105 461 781 542 407 985 394 312 821 824 157 726 997 565 200 887 533 857 775 330 460 869 504 1207 338 429 0 514 977 432 590 507 801 628 789 517 549 773 812 494 769 1151 740 425 878 638 1052 824 635 497 982 730 123 266 844 946 836 296 479 925 763 222 686 365 861 721 843 733 1076 446 325 941 808 85 1147 904 1132 590 384 756 645 758 493 766 214 187 720 452 568 652 706 915
606 553 276 343 181 339 322 156 539 531 411 488 125 145 611 551 341 480 261 336 526 60 516 301 202 371 118 134 531 495 424 278 555 397 101 496 328 570 384 494 389 449 463 431 598 610 188 580 467 165 508 458 453 308 370 408 593 520 343 542 544 110 555 454 317 116 397 470 710 359 362 514 0 485 372 273 170 462 154 288 39 282 642 390 36 256 669 451 257 390 175 540 476 285 428 501 362 392 323 501 450 562 342 479 430 249 564 509 177 417 470 454 427 573 312 356 500 396 445 654 390 657 445 314 265 131 691 90 335 398 347 576 226 440 364 488 561
