260
0 648 238 158 465 462 478 255 301 360 280 241 352 609 779 340 343 451 616 188 595 574 654 597 215 701 346 509 364 456 195 695 703 791 492 644 752 512 749 425 449 559 308 721 414 499 347 846 277 588 163 557 467 342 311 203 499 726 382 803 340 71 528 193 363 234 783 492 466 99 621 381 368 607 551 258 414 429 259 194 255 550 770 349 369 529 358 512 722 181 251 225 699 641 323 524 405 155 78 396 526 89 422 334 295 418 225 628 371 341 669 519 536 783 727 609 360 352 260 398 593 327 412 631 623 380 603 381 144 172 312 195 425 280 529 358 172 792 817 302 461 572 537 585 443 556 624 481 292 223 187 503 479 470 615 283 286 648 619 245 400 440 290 560 764 570 246 317 671 561 630 313 529 733 246 220 656 474 434 282 767 291 332 404 670 202 406 446 315 162 592 758 564 525 180 735 340 381 492 256 300 502 559 597 590 556 721 539 554 852 428 695 377 726 689 81 261 640 447 316 135 397 289 216 313 396 122 610 363 490 612 628 138 481 397 412 731 261 252 53 191 331 420 499 218 375 314 571 192 513 202 508 517 586 163 351 392 301 298 182
648 0 881 584 734 676 821 893 700 707 620 407 882 393 317 577 524 514 164 669 558 903 176 62 519 218 368 837 954 211 823 64 377 593 324 140 333 866 607 224 324 289 533 199 425 682 325 336 846 324 812 706 540 923 348 830 468 600 915 270 600 585 248 811 727 467 332 814 183 722 262 677 547 314 621 862 906 289 443 459 474 790 377 573 877 580 968 375 260 523 893 811 64 65 415 535 319 579 579 333 614 699 945 551 883 370 656 588 317 335 539 129 394 197 285 297 882 860 519 1000 317 326 979 173 326 299 524 459 665 753 915 742 619 379 658 360 763 358 352 387 538 86 503 956 641 685 185 494 439 824 817 230 350 709 231 389 792 335 295 802 263 794 890 90 343 418 880 426 239 843 445 377 415 558 744 428 36 286 251 632 190 614 605 305 285 650 685 231 629 538 489 134 348 625 593 580 840 580 360 701 870 155 310 497 66 886 423 249 413 376 605 188 413 170 57 729 886 8 714 706 706 833 745 433 664 306 759 310 960 1087 112 341 750 239 786 1037 346 741 900 632 804 895 725 661 786 944 609 570 642 712 753 814 265 88 523 837 897 401 380 472
238 881 0 368 602 530 469 28 437 497 456 475 365 835 978 530 485 588 833 343 796 543 893 828 394 911 582 498 300 694 74 924 933 1000 726 863 945 485 952 657 646 756 452 936 637 660 567 1050 287 821 94 623 594 182 550 171 651 928 262 1013 521 308 735 190 393 467 980 490 698 205 857 442 566 841 734 227 436 667 493 422 443 575 957 468 280 643 266 691 927 374 14 248 935 877 554 726 642 368 302 632 709 185 415 533 151 650 385 824 610 559 877 752 709 1003 928 844 378 270 423 304 826 565 362 870 856 599 810 545 307 249 251 290 601 505 700 562 151 985 1014 513 590 802 746 527 612 630 862 691 522 226 74 716 710 617 852 522 355 836 853 185 625 439 128 794 957 736 40 547 877 560 791 550 752 942 347 455 891 710 672 452 987 469 512 615 868 367 557 668 406 390 804 985 794 621 326 941 274 569 676 300 294 739 751 808 825 530 947 745 777 1048 528 910 605 944 919 164 67 873 590 449 262 356 297 452 468 608 168 802 289 380 836 814 141 720 498 273 921 366 86 272 201 199 555 578 171 335 417 691 295 569 196 510 754 823 395 404 413 537 536 409
158 584 368 0 322 581 622 390 176 225 129 211 309 467 775 182 431 530 593 90 438 721 551 543 297 684 232 653 370 374 343 639 566 637 364 613 756 660 593 377 468 570 400 698 269 346 340 835 263 457 276 672 552 497 237 258 562 569 541 783 183 105 526 236 503 118 782 634 414 165 500 509 209 478 393 280 350 321 144 208 318 682 783 453 528 618 384 549 713 260 382 227 625 561 194 366 292 7 172 280 368 248 378 175 451 286 99 470 273 339 514 458 577 747 723 483 311 510 346 416 462 262 399 528 492 371 448 446 82 171 331 158 268 275 372 379 331 797 816 320 547 521 382 737 287 666 519 326 162 242 334 494 346 322 500 195 221 666 492 404 376 584 443 494 769 615 387 186 663 700 676 210 384 579 171 195 583 357 341 134 733 138 176 408 673 81 259 424 437 49 439 708 428 625 299 579 498 223 524 402 287 429 576 443 519 702 579 538 408 850 533 672 239 694 633 206 406 577 302 190 127 550 439 184 172 397 205 625 376 503 575 649 295 378 282 456 742 175 350 106 227 489 281 611 377 363 431 653 329 634 360 648 401 508 68 278 334 189 203 200
465 734 602 322 0 903 941 630 168 107 193 488 299 426 1000 176 746 839 806 279 281 1039 622 717 615 898 389 972 415 537 609 797 526 476 416 814 992 977 415 592 740 825 717 900 308 82 606 1045 341 464 511 992 863 769 459 435 861 392 830 984 158 426 772 413 824 355 1010 954 615 416 535 831 192 486 187 400 267 448 362 512 629 1004 1026 772 826 930 456 829 935 579 615 360 749 686 345 242 420 328 494 407 171 549 320 201 726 364 240 291 440 610 371 637 859 926 951 500 289 809 663 460 473 485 394 606 489 631 317 751 323 353 418 313 114 555 133 661 624 1030 1041 609 858 702 281 1050 94 985 592 256 337 384 600 735 389 30 553 418 255 921 509 699 618 903 712 656 1005 898 634 335 889 1022 958 402 353 430 255 481 717 447 492 187 916 186 160 673 912 263 64 660 759 353 335 868 429 941 622 416 800 157 803 720 349 592 836 333 669 1021 512 784 369 1072 852 878 325 885 791 477 660 729 21 154 353 862 754 469 152 662 442 880 430 509 771 908 584 495 122 532 986 236 543 412 402 771 46 931 672 378 753 961 649 956 663 969 476 646 370 235 275 379 413 507
462 676 530 581 903 0 159 517 752 806 709 453 809 877 592 744 178 165 542 643 945 227 790 614 290 575 617 166 795 603 458 683 936 1100 743 578 549 200 1077 511 352 412 195 611 731 916 405 668 729 825 540 96 144 428 530 628 227 1058 364 660 753 480 434 628 141 570 587 145 538 551 816 88 754 834 936 693 874 650 577 405 291 119 540 136 319 144 773 317 568 324 531 675 741 712 631 879 647 574 412 648 913 408 877 727 416 700 673 982 598 394 991 585 312 691 555 827 818 312 245 815 825 519 851 772 853 411 936 223 602 631 740 657 833 406 932 343 385 580 616 356 144 592 875 284 856 100 774 826 616 667 460 446 745 900 793 546 748 442 832 348 452 148 439 623 557 314 498 634 531 167 343 581 826 1044 708 450 705 699 618 715 675 717 749 384 498 650 839 460 147 550 911 713 818 103 284 1055 295 781 323 232 749 609 395 918 654 210 972 436 844 644 72 591 688 638 681 499 481 668 882 767 597 232 234 459 753 389 555 429 788 901 578 420 413 670 855 800 516 722 606 506 632 391 862 49 358 816 150 191 272 53 335 139 728 671 535 813 851 590 561 406
478 821 469 622 941 159 0 449 779 838 752 544 797 982 752 800 299 321 695 666 1026 99 921 759 368 733 710 31 760 724 406 833 1050 1197 847 732 709 45 1168 638 498 568 301 769 817 968 527 828 714 935 506 205 302 324 629 601 386 1148 245 819 804 517 585 608 121 641 747 23 669 550 936 146 817 948 1004 668 866 757 654 485 388 117 699 250 205 301 731 473 728 393 466 663 886 852 714 957 749 617 451 747 980 402 859 787 329 795 702 1062 701 515 1082 721 470 849 715 942 808 207 337 771 937 624 820 901 966 539 1023 362 622 629 707 662 888 511 991 471 348 740 775 469 302 736 959 135 909 223 901 906 694 648 412 593 846 944 916 635 751 602 949 286 580 38 353 760 717 474 431 715 690 91 502 672 921 1140 719 535 848 808 732 755 833 761 798 520 657 679 881 596 211 603 1002 868 924 255 329 1148 197 839 477 222 730 738 552 1009 792 80 1083 589 942 804 222 748 774 794 830 489 408 813 923 794 605 115 192 542 789 522 542 588 751 850 728 580 385 786 874 742 676 735 553 529 615 290 898 199 307 788 228 345 293 156 298 44 841 807 591 814 843 676 652 482
255 893 28 390 630 517 449 0 464 525 482 488 393 856 980 555 482 583 839 369 821 521 909 838 397 916 601 478 326 708 72 934 953 1024 745 870 947 463 977 668 650 758 450 941 659 687 575 1053 315 841 120 609 588 155 565 200 647 953 236 1018 547 326 739 219 378 486 981 471 709 230 876 430 590 860 761 255 464 684 512 433 447 557 957 462 256 634 290 691 931 379 18 277 947 890 574 750 660 390 314 651 735 194 442 557 126 670 411 850 626 567 901 764 708 1009 930 863 406 248 423 328 846 579 387 886 876 607 835 544 332 277 278 317 627 514 727 567 147 986 1015 520 583 812 770 503 639 617 879 714 542 254 76 722 730 645 870 538 383 836 872 169 634 420 103 806 958 734 19 568 881 541 788 568 774 967 375 468 904 729 688 478 993 495 538 621 870 393 584 677 398 410 828 993 814 610 327 965 253 595 676 291 322 752 753 832 837 509 969 749 799 1050 519 915 626 951 929 185 42 884 618 477 288 336 283 466 495 615 194 804 314 401 844 814 145 736 526 293 921 394 111 292 230 174 583 566 159 361 410 683 293 555 187 491 772 836 414 432 440 555 553 421
301 700 437 176 168 752 779 464 0 61 80 376 196 478 928 140 607 706 738 113 383 875 626 670 473 832 332 810 299 490 440 760 583 591 418 754 913 814 536 519 636 733 575 840 302 223 503 982 201 493 344 845 729 601 376 275 738 512 661 926 119 272 685 252 663 253 936 793 550 247 554 676 181 516 307 252 206 413 270 383 494 848 943 627 657 795 331 720 864 435 450 204 730 665 285 321 382 183 340 368 283 382 249 160 557 346 79 405 384 505 472 585 749 880 877 526 191 641 522 347 501 403 300 606 525 533 408 622 157 187 284 147 176 443 266 549 456 953 969 492 723 651 351 885 181 840 594 304 262 229 432 650 393 181 564 331 116 829 536 531 530 741 543 614 926 787 467 273 815 862 848 329 393 537 94 363 692 432 448 68 867 87 111 573 831 101 120 576 606 219 413 831 459 800 468 530 632 164 695 557 217 547 740 414 634 858 582 697 415 1002 707 816 296 831 754 308 493 694 154 14 184 696 590 352 44 561 274 788 310 418 713 814 416 469 106 410 902 76 384 250 240 602 122 784 504 272 602 830 490 805 496 809 470 616 238 139 199 304 332 375
360 707 497 225 107 806 838 525 61 0 105 412 225 452 951 130 656 753 759 173 340 935 619 682 523 852 344 869 336 501 502 769 557 545 409 772 939 873 488 540 670 763 626 858 293 165 537 1002 248 476 405 898 776 662 400 333 781 464 723 944 107 327 713 310 722 283 960 851 568 309 541 732 166 499 256 304 216 418 295 427 541 904 971 679 719 843 373 757 886 486 511 259 732 667 297 282 388 232 395 374 234 443 265 156 619 343 135 358 397 539 430 599 786 893 901 510 217 702 572 384 484 427 328 600 505 565 368 667 217 247 329 207 133 480 212 587 517 978 992 531 771 665 317 945 132 892 587 276 280 284 493 677 383 120 554 356 161 860 520 592 557 800 605 624 952 825 528 286 839 920 886 348 369 493 151 402 696 430 457 95 881 104 102 606 857 159 63 602 661 263 377 841 441 851 523 484 694 139 731 616 260 557 772 378 641 917 552 725 390 1025 759 835 296 847 763 370 554 702 93 48 246 756 649 390 55 594 335 818 350 446 730 845 477 471 78 451 929 132 442 308 298 664 60 837 566 305 656 876 547 859 557 867 465 621 282 161 215 323 354 420
280 620 456 129 193 709 752 482 80 105 0 307 270 413 851 77 555 650 661 113 341 850 549 590 423 754 252 782 365 410 447 680 518 548 342 675 838 789 497 441 566 660 525 761 228 218 432 904 260 422 361 799 674 606 299 310 676 473 658 847 65 235 610 286 633 179 860 763 471 253 480 638 117 445 279 303 286 333 193 323 439 811 868 580 649 740 393 652 787 387 470 250 650 585 205 273 302 136 302 289 254 368 328 89 561 268 72 368 304 434 425 505 681 800 800 454 268 631 471 414 429 326 374 529 455 460 359 563 151 215 342 180 147 375 250 482 448 877 892 426 668 571 298 865 163 793 517 246 182 272 438 575 318 192 488 254 184 756 464 523 455 713 550 534 850 720 482 193 738 830 781 250 327 491 146 297 612 354 368 11 788 13 56 501 755 89 129 500 567 161 359 751 389 750 429 487 621 113 626 531 280 467 668 362 553 832 521 622 350 925 660 737 218 752 674 309 505 614 173 87 193 677 567 285 50 490 287 715 375 490 634 741 409 389 176 471 827 135 416 227 274 602 154 738 496 343 560 773 458 762 482 778 393 536 178 218 278 225 254 317
241 407 475 211 488 453 544 488 376 412 307 0 518 439 565 314 278 357 388 301 491 641 427 357 175 477 166 570 569 221 421 454 515 653 306 411 546 587 626 184 259 359 258 493 277 482 129 627 465 398 405 531 383 540 89 429 373 606 551 578 329 180 315 412 425 132 572 547 225 319 412 404 314 413 486 469 561 221 130 64 162 569 572 317 523 449 575 345 504 155 488 422 459 401 177 426 207 204 174 204 465 297 588 292 496 251 306 528 161 129 540 278 374 549 513 410 522 504 210 611 400 94 604 404 431 160 483 267 282 362 523 361 398 67 489 174 370 586 606 121 378 332 421 675 422 520 399 372 165 430 414 284 302 478 399 93 432 455 418 422 168 507 499 319 558 413 477 181 453 603 473 128 377 596 382 20 416 271 209 317 534 309 328 197 462 291 424 216 333 161 459 519 383 468 230 605 486 345 319 354 490 263 365 467 349 622 544 327 398 640 390 467 234 493 448 322 486 399 466 387 314 508 400 27 357 187 354 414 572 701 377 439 351 262 481 639 531 386 492 229 407 518 457 470 401 567 319 476 279 505 371 556 310 347 142 489 545 137 108 73
352 882 365 309 299 809 797 393 196 225 270 518 0 673 1084 336 694 801 902 218 564 884 820 846 563 993 515 828 116 670 402 940 778 768 613 921 1064 822 710 685 771 876 660 1006 498 378 647 1144 82 690 295 905 819 548 542 199 846 686 624 1092 315 363 834 188 694 418 1091 814 720 257 750 724 377 713 478 137 71 601 440 505 597 886 1090 702 634 881 158 847 1022 527 376 134 916 851 469 508 570 315 420 556 456 402 71 356 512 539 225 581 564 645 655 761 873 1053 1032 723 13 621 610 161 697 568 104 799 721 679 593 727 238 179 129 162 358 580 428 680 448 1105 1125 621 813 825 541 879 356 905 787 498 442 148 394 803 588 326 759 498 90 971 732 516 685 761 492 793 1077 909 404 458 972 886 970 505 588 718 139 501 877 624 631 259 1039 280 307 714 981 233 285 733 663 358 603 1010 655 876 532 708 619 358 823 586 70 727 880 603 816 869 775 846 611 1159 779 981 488 1001 934 311 432 875 298 197 220 695 605 492 240 704 256 930 130 222 882 953 411 658 176 232 1049 140 287 320 181 561 261 849 492 80 664 922 536 858 498 833 664 801 377 65 47 480 503 494
609 393 835 467 426 877 982 856 478 452 413 439 673 0 707 339 699 748 527 514 176 1078 232 409 614 605 276 1007 776 290 804 454 105 226 134 518 717 1026 221 386 575 610 687 591 197 352 475 729 673 70 744 941 777 949 352 714 733 210 976 663 358 538 553 690 864 375 721 984 378 632 135 839 297 80 261 715 668 227 352 501 594 996 759 744 953 836 806 661 646 594 849 661 381 331 287 185 232 467 577 234 265 692 718 323 902 193 480 200 280 486 146 361 690 588 669 97 667 934 645 825 76 359 777 225 72 478 137 663 537 619 756 589 324 473 310 542 776 747 744 521 772 408 145 1114 336 926 211 176 317 682 795 517 136 396 164 351 594 688 102 840 442 946 899 352 728 725 851 291 615 1036 772 314 86 176 559 450 364 179 263 422 582 401 367 516 654 488 402 457 770 447 104 516 59 868 666 195 917 314 637 791 692 314 628 110 345 1059 112 561 62 770 808 577 231 564 449 671 869 393 413 476 585 946 836 445 434 507 672 652 787 895 477 685 745 217 522 884 724 547 814 565 679 934 439 884 816 751 755 846 714 926 791 991 159 315 446 612 668 316 334 506
779 317 978 775 1000 592 752 980 928 951 851 565 1084 707 0 828 512 439 194 865 864 808 493 300 584 104 611 756 1132 466 907 265 695 911 619 191 45 791 924 410 332 222 539 117 700 962 438 76 1030 637 933 576 452 959 552 981 370 916 922 84 850 735 252 967 697 675 15 737 385 872 579 635 808 629 916 1029 1124 557 658 589 535 679 78 549 878 455 1133 296 65 607 987 985 352 382 656 832 582 769 700 594 905 795 1153 802 929 644 867 896 559 442 854 367 288 160 52 613 1087 865 557 1171 631 525 1170 491 643 405 833 442 848 925 1084 927 889 506 946 420 834 43 41 476 453 306 803 870 913 554 503 784 671 991 904 281 642 980 548 597 996 152 611 845 399 738 944 360 43 278 963 667 112 739 256 603 717 875 946 583 351 574 510 862 154 848 852 375 110 854 943 352 618 725 798 230 658 504 653 897 844 842 305 720 1054 416 227 806 362 794 740 240 720 75 536 130 676 150 269 856 960 316 978 937 877 807 753 593 900 384 901 177 1133 1263 235 175 836 522 1027 1191 79 949 1022 784 964 924 982 557 839 1132 600 420 690 606 805 728 564 392 707 1052 1109 628 597 601
340 577 530 182 176 744 800 555 140 130 77 314 336 339 828 0 581 669 635 188 265 898 490 554 454 728 218 829 437 372 516 640 444 471 280 646 819 839 422 419 564 650 554 732 164 171 430 877 334 353 435 830 694 674 283 387 688 398 722 817 23 285 597 363 679 182 838 810 444 325 415 678 41 376 211 379 341 288 186 344 462 851 852 611 710 761 467 654 764 420 544 326 601 537 172 196 258 186 348 244 186 429 387 26 628 212 148 294 270 434 349 471 683 765 779 386 331 692 501 486 361 310 441 471 385 455 283 580 223 291 417 257 88 380 191 486 512 858 870 435 689 537 221 917 111 822 458 169 161 349 508 560 255 163 426 242 254 746 396 585 442 761 619 495 832 723 554 161 717 874 782 227 253 415 221 309 565 299 328 84 753 63 29 497 739 163 115 485 606 197 282 711 319 775 472 411 680 41 627 581 353 429 661 285 511 880 446 609 276 902 689 709 165 720 633 378 577 572 154 140 267 732 620 298 96 486 361 704 448 558 603 733 474 340 209 545 812 208 493 287 351 669 153 769 559 412 597 790 506 797 543 823 335 491 210 278 337 203 237 341
343 524 485 431 746 178 299 482 607 656 555 278 694 699 512 581 0 108 412 504 769 389 622 462 134 467 440 319 702 428 411 542 760 921 565 448 475 345 899 339 208 299 34 499 555 752 230 588 620 647 463 252 124 446 353 536 166 881 413 563 592 339 301 530 203 401 511 296 370 441 641 153 587 658 765 597 753 472 406 236 118 296 480 49 370 188 690 216 472 171 491 567 589 552 456 705 469 424 275 470 743 319 765 561 417 522 528 806 420 218 813 421 228 576 466 651 702 356 85 731 648 341 754 602 676 240 759 72 468 515 648 534 668 228 764 171 334 512 544 178 119 438 699 435 692 242 603 651 443 564 410 301 567 741 620 370 622 362 656 334 281 270 434 461 485 252 464 460 426 338 306 404 648 866 578 277 550 521 441 562 560 560 588 220 405 507 682 297 109 393 733 583 640 195 168 877 335 615 208 207 643 439 288 741 493 370 795 307 666 577 111 475 512 519 538 401 456 516 725 621 474 312 241 287 601 222 456 335 699 822 437 339 346 494 712 732 446 589 544 375 531 412 709 191 330 717 89 228 189 228 298 299 551 507 376 687 733 415 385 240
451 514 588 530 839 165 321 583 706 753 650 357 801 748 439 669 108 0 376 607 836 392 638 452 239 412 507 330 811 462 514 519 796 973 615 413 397 363 957 367 191 247 143 448 624 838 273 515 729 689 571 197 29 532 418 645 70 940 486 501 682 443 269 639 258 487 435 309 388 549 672 195 671 696 842 705 860 522 487 327 212 275 395 121 442 92 799 152 409 276 594 676 579 553 530 776 525 523 381 528 821 427 872 648 508 584 629 873 478 263 872 431 151 528 398 687 809 430 191 840 688 400 862 620 715 270 822 90 572 623 757 641 754 296 846 206 437 432 466 240 25 432 765 449 778 180 623 721 522 673 514 283 622 831 647 444 728 286 692 427 308 302 527 466 407 163 565 536 369 330 207 474 706 920 683 360 544 568 485 658 511 655 679 235 338 608 775 307 189 489 794 548 688 120 277 934 409 701 158 298 751 460 231 802 496 376 834 271 722 497 98 427 582 473 516 510 555 506 818 720 581 368 323 371 698 242 565 268 808 931 413 263 452 533 813 839 366 693 651 482 640 496 804 147 428 825 174 123 294 198 396 305 592 515 471 792 839 489 456 333
616 164 833 593 806 542 695 839 738 759 661 388 902 527 194 635 412 376 0 683 676 769 333 121 444 93 417 707 957 272 767 146 530 741 430 36 192 739 747 219 204 133 429 105 507 768 269 243 853 457 777 558 399 843 363 814 321 738 821 190 657 565 110 799 614 487 205 685 191 704 407 558 614 453 724 857 938 364 468 422 395 649 233 457 780 430 963 227 129 460 843 810 222 224 463 640 388 587 540 400 713 647 970 609 807 450 681 710 365 275 673 175 240 170 147 438 904 765 430 999 452 336 991 325 468 236 647 340 669 751 911 748 695 336 752 273 699 227 234 320 398 119 613 825 719 537 335 592 479 819 763 117 451 785 376 408 813 170 437 723 219 672 819 175 204 259 824 474 87 705 281 411 529 700 763 407 201 383 316 672 153 658 659 218 126 670 749 171 521 543 612 172 474 477 518 721 744 649 218 609 877 224 153 620 185 752 575 106 533 266 473 79 482 111 145 697 826 159 785 747 702 724 649 415 709 224 737 146 960 1090 53 176 694 331 836 1025 196 765 867 614 794 812 789 520 712 955 501 414 563 571 678 681 377 215 525 866 925 436 406 435
188 669 343 90 279 643 666 369 113 173 113 301 218 514 865 188 504 607 683 0 454 762 624 630 370 775 308 697 287 458 336 725 617 660 426 703 847 700 610 467 556 659 472 787 320 323 430 925 178 514 248 736 628 496 325 201 644 586 552 873 178 165 616 176 551 202 872 680 502 141 565 565 226 536 391 205 261 397 226 293 397 736 873 521 547 693 305 636 804 332 357 150 707 643 265 385 366 96 232 353 366 270 287 195 452 349 42 481 353 429 537 545 663 835 814 543 221 530 419 333 521 350 311 602 548 461 471 526 44 105 252 77 258 364 360 466 345 887 906 408 622 608 408 772 271 733 591 354 235 170 327 584 405 287 568 281 131 755 553 420 466 628 440 579 859 701 369 255 753 749 762 292 428 603 81 284 666 427 422 109 821 126 169 498 763 25 224 514 496 140 468 795 483 696 358 600 521 226 612 444 201 513 665 472 603 745 624 628 452 940 601 762 298 783 719 200 393 662 263 128 80 583 476 274 130 487 174 714 293 418 664 738 305 454 211 380 832 87 305 138 166 495 233 677 393 275 493 730 378 695 384 696 470 590 158 190 245 269 288 283
595 558 796 438 281 945 1026 821 383 340 341 491 564 176 864 265 769 836 676 454 0 1125 406 564 661 760 329 1054 677 414 780 621 259 207 247 673 869 1068 156 500 685 739 750 751 213 199 566 893 584 238 701 1020 864 936 418 650 835 132 977 828 276 532 682 626 905 385 877 1033 505 590 310 892 230 254 96 636 544 328 372 543 653 1060 910 808 962 928 712 776 801 633 810 585 553 499 314 71 316 441 587 310 110 684 596 264 889 253 413 37 360 574 90 502 805 756 823 271 556 943 701 724 246 436 666 397 249 578 40 747 488 555 667 519 208 542 150 632 768 902 903 597 859 558 70 1152 208 1008 383 120 332 609 771 644 229 251 337 398 498 826 277 840 548 989 881 504 881 843 819 311 764 1092 896 364 147 153 475 495 532 296 375 347 749 328 285 620 799 429 279 576 820 437 72 686 210 953 698 146 929 227 750 817 599 453 756 66 503 1106 237 692 145 930 881 734 256 727 615 641 841 557 274 376 533 972 860 487 341 610 627 787 689 783 630 820 733 346 395 791 872 459 758 544 615 927 308 960 814 645 807 946 740 996 794 1043 299 474 443 500 549 354 384 545
574 903 543 721 1039 227 99 521 875 935 850 641 884 1078 808 898 389 392 769 762 1125 0 1011 841 466 799 808 71 840 817 487 911 1145 1295 944 806 763 62 1267 729 578 639 394 836 916 1066 618 882 801 1031 590 234 370 382 726 687 451 1246 296 880 903 615 662 695 220 740 801 94 758 642 1029 240 916 1043 1103 752 954 853 753 584 484 130 748 340 265 353 809 543 790 492 539 751 968 937 813 1056 846 715 550 845 1079 495 945 886 396 893 799 1161 798 607 1181 808 536 916 775 1037 896 273 433 848 1032 720 901 991 1061 629 1122 446 718 720 788 755 987 606 1090 560 435 791 827 563 371 819 1058 64 1008 256 992 1005 793 735 493 673 943 1042 1008 733 843 661 1043 368 670 137 420 847 770 533 504 814 755 70 552 770 1019 1238 812 633 932 904 827 853 900 859 897 607 719 776 978 683 308 701 1100 941 1021 304 429 1247 269 938 551 319 816 828 621 1107 878 19 1178 664 1040 853 298 816 873 863 908 580 479 895 1020 890 699 189 286 640 886 610 631 652 831 922 805 640 474 880 969 813 730 829 629 626 702 351 994 253 391 871 323 389 392 202 387 90 936 894 690 904 931 775 750 581
654 176 893 551 622 790 921 909 626 619 549 427 820 232 493 490 622 638 333 624 406 1011 0 212 579 395 318 941 908 207 844 230 201 418 210 314 510 967 435 283 447 443 621 375 326 559 395 506 800 168 811 835 666 967 344 809 604 430 974 440 513 584 393 787 815 434 508 918 252 709 96 775 453 152 482 828 831 229 408 489 543 908 553 671 942 715 929 517 436 572 906 774 150 111 358 398 258 548 598 270 480 722 876 466 923 280 601 432 283 407 373 206 541 360 461 135 817 924 594 956 160 333 923 22 160 382 369 567 632 721 876 701 510 426 526 450 797 534 527 456 663 222 361 1057 528 816 32 368 389 791 837 364 236 595 70 371 732 503 129 848 341 890 926 175 519 570 899 368 414 957 606 344 275 385 689 445 141 196 220 561 357 540 520 406 458 601 584 331 716 513 334 287 200 755 647 408 904 482 497 767 822 183 464 341 151 992 247 398 266 549 718 365 331 344 225 730 911 178 605 629 678 913 813 446 585 401 748 474 916 1037 279 506 776 173 696 1004 522 682 894 625 778 944 624 784 828 891 697 713 698 833 798 921 156 125 503 766 826 362 357 500
597 62 828 543 717 614 759 838 670 682 590 357 846 409 300 554 462 452 121 630 564 841 212 0 459 196 338 774 914 181 767 97 408 620 321 109 308 804 628 172 262 234 470 187 411 672 266 332 806 339 761 645 479 864 306 784 408 619 854 268 576 536 189 766 664 428 313 752 131 675 286 615 527 333 619 819 875 269 406 405 414 728 350 510 816 520 925 317 237 465 839 768 127 107 386 534 297 538 526 310 610 644 911 527 824 354 621 596 286 276 555 85 337 210 260 317 847 799 458 958 333 282 942 203 347 239 533 396 624 710 872 701 604 323 651 298 706 338 338 327 476 25 504 893 626 625 213 489 407 780 762 169 344 694 254 349 756 290 317 742 205 731 832 61 318 363 825 397 206 781 394 342 418 580 707 377 92 277 225 602 199 585 580 243 248 613 665 170 567 496 498 164 358 564 534 601 778 561 300 640 830 125 255 506 64 823 454 191 420 366 542 169 392 168 91 678 830 54 697 677 662 771 683 383 636 244 711 262 919 1046 68 293 695 226 760 992 315 706 849 584 759 835 705 600 727 906 547 512 583 651 694 751 265 94 480 804 864 367 343 418
215 519 394 297 615 290 368 397 473 523 423 175 563 614 584 454 134 239 444 370 661 466 579 459 0 518 342 394 579 373 324 551 687 829 481 477 552 412 800 303 252 361 102 544 450 626 194 656 491 571 353 376 258 404 262 415 284 780 397 620 464 204 342 407 249 281 586 372 341 314 579 230 464 585 647 472 620 393 290 118 49 400 566 156 363 323 570 302 533 37 403 439 579 531 348 594 382 290 142 380 624 212 634 437 366 426 394 698 335 183 714 397 324 614 533 581 570 345 48 611 573 260 627 557 603 220 656 166 333 385 526 402 543 153 642 171 254 592 620 132 252 434 593 499 566 370 555 541 329 438 321 326 478 612 562 267 489 444 588 283 255 332 375 440 564 356 381 349 483 430 416 303 553 771 444 166 537 444 373 429 598 429 459 226 474 372 551 290 158 262 634 605 558 327 74 780 325 491 284 187 514 400 358 641 473 447 718 351 573 654 236 518 407 556 546 282 381 510 595 487 342 337 233 174 469 221 334 409 577 703 454 423 253 427 578 619 528 455 440 243 406 376 577 315 269 590 146 361 123 343 235 382 480 480 246 553 600 309 283 117
701 218 911 684 898 575 733 916 832 852 754 477 993 605 104 728 467 412 93 775 760 799 395 196 518 0 510 741 1047 362 843 174 596 811 515 87 114 775 822 312 268 168 489 37 597 859 355 150 943 534 860 576 431 909 456 901 348 814 880 102 750 652 176 886 663 580 117 721 284 791 478 604 706 527 812 945 1030 454 561 507 469 674 158 509 838 449 1051 260 41 537 921 899 261 283 556 728 479 678 623 492 801 726 1062 702 876 541 773 793 458 360 751 264 263 116 66 511 996 823 498 1088 529 429 1082 391 541 321 729 395 759 840 1000 839 787 423 842 348 772 142 143 400 431 202 699 859 810 554 403 681 572 907 839 197 538 878 447 501 905 148 510 791 309 714 889 256 124 268 900 567 43 732 269 504 613 774 855 496 254 470 407 765 101 751 752 297 87 762 842 261 576 635 694 160 554 498 590 795 802 741 261 671 967 312 182 702 259 784 642 167 616 174 511 30 573 71 176 780 900 216 877 841 792 775 708 505 802 305 822 147 1049 1179 131 164 771 418 929 1112 130 857 949 702 882 876 882 546 782 1045 557 423 632 598 748 715 460 289 617 959 1017 529 499 520
346 368 582 232 389 617 710 601 332 344 252 166 515 276 611 218 440 507 417 308 329 808 318 338 342 510 0 736 595 157 541 428 360 487 148 428 603 754 460 203 367 441 423 514 116 359 239 659 486 244 497 690 535 679 89 490 510 441 702 600 240 275 386 468 591 116 621 714 226 391 275 570 197 262 339 510 538 89 90 226 327 734 637 481 677 599 613 459 546 319 596 456 400 336 47 269 60 229 305 49 321 424 577 191 633 84 290 367 52 247 373 254 489 549 562 263 514 658 377 642 248 108 615 296 278 256 318 417 313 402 560 384 280 213 353 304 505 641 652 267 530 320 259 841 305 678 287 214 73 473 534 348 139 370 270 75 426 535 272 567 235 674 632 281 616 528 593 59 500 769 584 38 211 429 379 175 361 128 116 264 537 247 242 300 523 287 332 273 500 195 293 499 223 623 391 439 641 232 432 515 509 214 454 301 301 789 384 397 231 684 552 491 76 502 421 418 608 362 368 339 359 671 560 169 297 289 431 494 602 726 385 524 478 146 422 686 597 375 577 311 459 662 371 630 544 581 485 619 438 668 517 723 171 285 187 469 529 45 58 231
509 837 498 653 972 166 31 478 810 869 782 570 828 1007 756 829 319 330 707 697 1054 71 941 774 394 741 736 0 791 746 437 847 1074 1223 872 743 712 36 1195 658 512 578 322 777 844 998 548 831 746 959 537 196 310 350 654 633 393 1175 269 825 835 547 598 640 150 669 750 22 689 581 958 168 847 971 1033 699 898 781 682 512 413 99 700 270 231 302 761 483 734 421 495 694 902 869 742 985 774 647 481 773 1009 433 891 816 357 821 733 1090 726 536 1109 739 478 857 721 965 839 234 361 802 960 648 851 921 990 559 1050 378 654 660 738 694 918 535 1021 490 379 742 778 492 310 752 986 118 939 216 922 934 721 680 442 607 871 975 937 662 783 607 972 317 600 69 381 778 719 479 460 743 698 62 503 698 947 1166 750 561 865 832 755 786 842 792 828 538 663 710 911 614 236 632 1028 879 949 254 358 1175 225 869 488 253 761 758 561 1035 810 52 1107 601 968 805 234 757 801 804 844 521 437 829 954 825 637 143 224 569 820 541 573 595 782 879 741 585 417 809 906 771 679 767 583 560 646 316 929 200 338 819 252 343 324 152 330 28 864 826 620 845 874 703 678 509
364 954 300 370 415 795 760 326 299 336 365 569 116 776 1132 437 702 811 957 287 677 840 908 914 579 1047 595 791 0 744 353 1010 882 882 706 980 1108 780 824 746 808 916 667 1063 593 493 693 1196 109 788 256 891 825 480 608 167 863 800 562 1147 418 397 880 172 669 487 1137 780 784 265 844 707 479 810 592 106 168 683 512 543 620 859 1130 702 580 884 45 876 1072 545 307 147 994 930 551 618 653 376 441 639 570 389 128 454 451 630 307 695 640 690 767 829 900 1116 1080 819 127 569 622 48 795 632 61 887 821 726 704 745 290 206 54 212 469 625 543 716 415 1149 1171 658 820 891 650 827 468 894 876 604 522 141 348 851 683 441 850 565 182 1008 829 473 738 727 429 865 1121 934 340 540 1021 851 994 578 691 830 220 550 953 712 709 355 1101 377 409 757 1025 307 398 786 654 418 711 1078 754 872 534 821 571 463 855 564 86 799 918 712 890 827 882 891 714 1206 775 1037 579 1061 1004 301 368 948 413 303 255 651 575 541 343 747 246 969 15 132 943 989 382 741 292 116 1090 230 214 348 172 500 376 838 453 42 659 928 527 840 466 799 753 877 434 180 149 556 574 531
456 211 694 374 537 603 724 708 490 501 410 221 670 290 466 372 428 462 272 458 414 817 207 181 373 362 157 746 744 0 642 270 333 516 168 277 463 769 508 96 285 326 423 362 234 496 198 508 635 228 617 659 491 760 144 626 444 494 767 447 395 388 268 606 613 256 477 723 91 521 212 577 346 234 453 654 695 91 232 283 339 722 501 476 735 548 759 371 401 365 706 602 250 187 204 371 116 370 395 129 441 518 734 345 717 178 445 449 106 209 426 99 400 392 419 225 670 717 391 790 226 128 768 184 252 193 389 382 457 545 706 532 424 220 480 260 592 499 506 254 487 165 347 859 448 642 181 321 228 616 635 231 185 515 191 181 580 412 230 641 154 691 721 124 476 436 697 216 358 767 485 166 268 466 532 241 208 118 44 421 380 404 398 227 389 439 484 167 515 330 356 341 231 583 440 483 698 380 346 561 659 57 343 364 145 798 372 278 278 537 531 341 212 348 264 535 708 205 516 496 499 709 607 242 455 220 559 373 750 876 233 406 572 73 579 830 462 530 703 432 598 737 524 603 622 733 497 556 491 649 591 727 131 133 317 625 685 189 171 293
195 823 74 343 609 458 406 72 440 502 447 421 402 804 907 516 411 514 767 336 780 487 844 767 324 843 541 437 353 642 0 863 898 980 688 798 874 426 935 598 577 685 378 868 608 659 504 980 320 784 106 552 520 160 500 202 577 912 225 945 511 267 666 215 323 430 909 426 639 195 815 370 549 803 726 267 473 623 454 363 374 508 885 393 232 569 324 619 858 307 80 273 878 822 518 708 600 341 247 591 700 124 459 515 117 614 379 810 564 495 857 694 636 937 857 805 414 219 351 365 788 513 414 821 819 535 791 472 295 258 301 298 594 444 696 494 77 914 943 447 515 742 725 477 608 558 815 669 487 254 8 649 674 621 808 476 376 764 814 119 563 374 103 737 886 663 57 513 808 498 717 507 723 922 358 401 835 669 624 444 921 459 502 548 797 358 558 605 332 356 782 922 759 547 254 922 218 557 604 227 332 684 680 786 768 473 916 676 748 977 454 842 572 878 858 138 66 814 595 454 257 298 227 399 466 542 167 731 344 446 772 742 72 673 515 342 849 376 149 239 224 163 562 505 101 384 342 617 221 499 122 447 711 768 358 431 449 496 492 352
695 64 924 639 797 683 833 934 760 769 680 454 940 454 265 640 542 519 146 725 621 911 230 97 551 174 428 847 1010 270 863 0 431 647 388 113 287 878 664 269 336 279 554 148 489 746 360 276 902 385 858 704 543 956 402 881 466 659 942 210 662 634 249 863 745 523 280 825 229 773 321 693 610 374 685 916 966 351 500 502 504 793 331 590 903 576 1021 372 214 559 936 865 87 123 475 599 381 634 623 395 678 740 1004 613 917 433 715 650 376 369 599 180 387 134 240 357 940 887 546 1054 378 378 1036 230 385 331 586 473 720 807 969 797 683 419 722 385 801 308 298 420 541 122 566 966 705 683 244 558 499 877 858 241 414 773 290 444 850 307 354 835 300 808 926 146 295 405 921 487 203 848 424 435 478 615 802 475 90 350 312 692 128 675 667 329 251 708 748 261 649 592 551 71 411 623 626 637 866 644 361 728 926 213 300 559 128 894 477 247 476 319 613 143 475 115 6 776 926 67 778 767 759 854 771 481 725 332 808 289 1015 1142 105 317 790 302 848 1089 305 800 947 682 856 926 788 664 821 1001 629 561 674 715 787 822 329 152 576 896 956 459 437 515
703 377 933 566 526 936 1050 953 583 557 518 515 778 105 695 444 760 796 530 617 259 1145 201 408 687 596 360 1074 882 333 898 431 0 216 212 513 711 1095 240 428 613 630 751 577 298 449 530 706 778 117 843 993 825 1039 426 817 773 240 1062 640 464 631 575 793 935 468 709 1051 411 732 126 905 402 102 351 819 772 294 444 579 662 1055 754 806 1036 880 911 693 638 671 947 765 348 312 379 284 308 566 665 313 360 783 822 428 993 284 584 272 353 541 196 380 720 559 662 109 772 1017 714 930 114 427 883 205 84 527 219 715 639 722 860 693 427 539 404 594 866 736 728 582 821 414 245 1185 438 976 195 281 411 786 890 542 223 495 156 433 699 698 103 928 487 1016 991 360 720 752 948 385 613 1098 793 397 190 189 664 529 343 243 318 527 557 505 472 560 656 592 506 493 839 543 192 484 139 916 745 214 1000 420 671 869 797 341 650 196 344 1126 45 582 167 750 865 566 327 545 426 768 964 379 514 581 687 1024 915 525 539 553 772 666 892 1001 476 699 837 265 625 989 722 652 915 661 782 1022 542 937 904 856 822 885 794 982 878 1057 209 314 540 717 773 404 416 586
791 593 1000 637 476 1100 1197 1024 591 545 548 653 768 226 911 471 921 973 741 660 207 1295 418 620 829 811 487 1223 882 516 980 647 216 0 358 727 925 1241 62 612 801 832 907 793 384 393 700 923 791 290 906 1166 1002 1133 570 858 960 84 1170 857 483 725 776 834 1078 568 925 1201 603 794 334 1057 434 290 291 843 743 451 550 712 812 1217 969 965 1151 1062 919 887 853 805 1014 793 565 528 486 275 452 639 773 452 312 879 796 467 1087 402 620 187 501 711 123 582 915 776 877 304 759 1133 863 929 293 580 868 420 273 704 189 888 693 763 874 727 415 693 342 767 963 952 945 743 998 623 255 1327 413 1151 408 310 511 817 972 741 354 447 365 561 705 906 303 1033 668 1161 1081 568 935 950 1022 487 826 1255 995 525 276 58 683 662 559 404 489 554 773 534 492 742 868 635 483 683 987 630 200 701 286 1093 875 61 1117 434 863 998 806 537 851 194 555 1276 171 784 255 967 1031 782 426 762 643 843 1043 594 473 583 739 1154 1042 655 549 734 832 872 895 984 688 905 929 443 596 997 935 667 965 742 822 1123 509 1108 1007 849 972 1073 920 1149 985 1209 385 525 633 703 750 521 545 716
492 324 726 364 416 743 847 745 418 409 342 306 613 134 619 280 565 615 430 426 247 944 210 321 481 515 148 872 706 168 688 388 212 358 0 428 623 892 343 259 448 494 552 509 116 359 342 653 598 96 638 808 644 827 218 621 604 328 850 588 303 421 436 598 730 258 632 849 259 529 138 704 243 115 297 632 622 93 233 369 459 861 662 609 824 705 730 537 556 461 740 577 334 272 171 212 98 362 453 102 290 572 667 257 781 78 399 282 146 352 259 255 566 522 576 118 609 806 510 754 100 224 717 192 131 347 221 529 441 528 678 504 302 338 333 409 654 656 659 386 640 313 183 980 322 793 178 170 203 596 680 399 26 390 145 221 527 579 128 715 313 812 780 260 634 603 739 178 518 901 653 185 100 305 485 318 304 49 133 354 513 332 310 386 552 403 374 333 636 335 188 457 77 735 535 319 788 271 511 659 620 206 511 196 264 925 237 446 110 687 673 490 128 487 382 561 754 321 398 420 489 814 705 314 376 377 569 541 715 832 384 573 626 98 486 806 624 477 714 453 588 810 415 750 692 686 620 717 584 792 665 856 60 237 330 558 617 192 204 375
644 140 863 613 814 578 732 870 754 772 675 411 921 518 191 646 448 413 36 703 673 806 314 109 477 87 428 743 980 277 798 113 513 727 428 0 199 775 736 236 240 169 464 86 511 773 297 231 874 448 806 594 436 877 380 840 357 728 856 171 668 590 147 824 650 505 204 722 204 730 393 594 623 441 724 881 955 368 485 449 428 685 241 494 816 466 987 263 128 491 874 833 193 203 475 640 394 607 568 407 714 678 989 619 841 455 699 705 375 304 664 177 276 139 151 426 923 800 464 1022 442 353 1013 308 456 265 642 377 691 774 935 770 702 363 755 306 731 229 231 350 435 114 611 862 725 573 319 593 493 842 794 151 450 793 362 425 832 196 425 757 244 709 852 168 209 292 856 486 99 742 311 425 526 688 782 431 176 382 322 687 123 671 671 250 145 688 759 197 557 564 607 136 467 513 551 710 779 657 255 643 899 225 188 615 173 789 559 142 528 260 510 63 489 82 112 724 858 136 793 762 725 760 684 439 723 256 763 176 983 1113 43 204 725 331 849 1050 208 783 895 639 818 846 799 556 746 976 537 449 597 608 711 718 373 203 547 884 943 450 422 462
752 333 945 756 992 549 709 947 913 939 838 546 1064 717 45 819 475 397 192 847 869 763 510 308 552 114 603 712 1108 463 874 287 711 925 623 199 0 747 936 400 303 192 502 139 698 958 417 119 1008 647 904 531 409 921 539 955 328 927 882 127 840 711 230 942 656 660 38 693 378 847 592 593 800 640 917 1004 1106 555 644 565 504 634 44 509 838 410 1108 258 73 577 954 962 374 398 647 833 578 750 673 590 905 764 1134 793 892 642 850 902 552 419 863 368 248 197 48 625 1068 825 523 1147 641 512 1148 506 655 385 839 406 827 902 1059 906 883 484 944 393 800 40 69 451 411 310 806 826 907 509 517 785 660 967 872 263 644 973 561 583 978 112 624 808 383 695 908 366 12 236 930 658 105 694 211 592 722 887 928 562 369 575 507 849 188 836 841 351 83 836 934 337 579 707 804 261 666 459 620 909 804 835 270 682 1032 417 194 812 372 749 757 218 726 102 493 145 671 176 290 828 926 331 971 923 855 766 715 572 887 361 874 143 1109 1238 240 135 804 524 1014 1164 33 932 992 760 939 886 972 512 803 1110 561 375 656 562 769 684 569 402 688 1035 1091 617 585 577
512 866 485 660 977 200 45 463 814 873 789 587 822 1026 791 839 345 363 739 700 1068 62 967 804 412 775 754 36 780 769 426 878 1095 1241 892 775 747 0 1211 684 543 611 346 811 860 1006 572 866 740 980 529 232 343 329 674 625 427 1190 245 860 843 554 629 634 163 682 785 54 715 580 981 192 857 993 1044 691 893 802 696 528 433 133 736 296 210 338 749 516 768 436 481 689 931 897 757 999 793 654 490 792 1020 433 883 826 339 838 737 1104 745 560 1125 766 512 891 755 987 834 216 381 789 981 668 841 947 1011 585 1065 407 656 658 728 692 927 556 1030 517 374 777 813 515 343 781 1001 90 947 252 947 948 736 674 432 638 890 981 961 679 781 641 994 307 626 80 364 806 755 513 446 758 731 87 539 715 965 1183 750 578 893 853 777 792 875 798 836 565 698 714 917 642 256 642 1045 911 969 290 370 1191 210 878 520 258 755 784 594 1051 838 46 1127 633 986 841 265 790 817 837 875 518 421 858 959 828 637 128 224 585 825 568 569 629 771 865 772 620 412 831 907 756 714 767 570 565 641 297 933 235 330 811 273 379 332 188 325 64 886 853 631 842 869 719 695 525
