197
0 813 301 655 173 800 715 527 498 982 530 751 288 79 582 417 431 727 859 649 395 351 618 477 302 714 715 512 569 288 412 115 970 454 599 762 514 556 258 714 301 489 162 571 704 682 673 586 354 773 734 510 91 901 404 674 822 536 425 687 496 533 258 561 417 276 644 267 487 656 461 457 777 756 562 800 298 537 365 101 259 193 653 835 575 708 478 304 815 548 579 613 92 472 619 639 925 675 239 444 188 514 192 453 585 419 680 562 188 844 257 238 414 391 539 209 902 18 300 488 32 274 360 313 666 343 813 451 335 743 809 808 700 741 422 642 739 919 223 130 702 813 946 736 862 476 816 426 491 249 480 602 344 749 244 553 670 492 251 292 119 861 636 350 743 581 992 757 456 554 541 588 224 165 754 684 367 474 477 234 649 178 890 829 827 787 518 402 751 413 703 627 659 521 611 601 972
813 0 984 233 789 431 104 1170 660 763 979 705 715 872 264 460 789 144 781 384 475 468 204 1030 524 220 202 442 746 830 681 893 709 795 1043 357 737 266 825 1267 576 563 941 515 1024 964 600 1066 586 803 688 1093 723 768 927 1249 434 1128 453 1244 519 349 1016 1027 808 807 1075 713 346 646 438 922 151 691 448 550 917 1006 874 851 614 728 1172 138 879 220 1066 960 1007 1022 438 268 780 440 1140 1000 886 1233 841 479 668 311 675 986 236 793 1273 1088 863 60 838 672 411 853 366 619 665 796 562 432 786 664 676 501 803 520 562 406 897 392 978 801 1083 125 420 940 774 621 764 924 871 605 848 315 637 347 107 403 435 883 333 691 715 707 816 1169 937 860 791 564 922 358 228 490 156 336 913 81 1057 266 628 712 651 724 1010 926 700 764 617 1004 187 828 926 99 495 136 1032 809 142 399 946 742 1024 542 855 869 685
301 984 0 779 472 831 879 227 445 907 286 669 276 333 801 675 304 867 757 708 653 578 815 195 546 827 835 581 459 167 366 362 914 320 339 820 412 760 162 414 407 495 163 583 474 474 635 313 408 650 658 214 363 810 173 373 852 236 534 387 526 647 107 300 277 185 381 273 711 596 557 236 906 680 610 785 569 282 178 201 542 259 360 965 393 823 184 33 613 286 628 735 252 560 329 407 792 375 143 522 475 673 318 190 785 290 378 277 468 999 148 312 576 219 639 386 852 316 423 574 329 571 339 509 532 607 793 579 131 789 618 691 445 885 661 438 625 888 524 199 540 777 832 812 818 639 955 655 573 101 678 521 299 666 168 251 473 314 195 561 220 920 770 494 874 681 862 946 160 719 499 496 512 464 540 494 324 359 454 128 854 469 735 971 834 919 245 264 886 613 506 520 420 530 445 428 925
655 233 779 0 676 264 140 951 427 591 749 488 503 724 270 406 560 92 577 162 410 353 206 806 410 61 60 212 513 617 454 752 544 566 811 187 504 225 616 1038 378 332 760 283 791 731 377 836 371 583 470 869 572 574 704 1021 278 905 245 1015 288 131 824 797 581 596 843 505 291 419 221 695 127 476 215 362 824 777 653 671 515 533 942 186 646 55 844 752 780 793 205 43 604 219 911 767 682 1004 636 258 549 152 488 762 211 565 1046 860 748 228 630 473 242 629 141 447 488 641 369 208 633 579 454 349 573 438 376 207 680 206 751 586 850 111 348 708 552 459 665 749 642 412 653 139 453 186 177 322 210 678 232 460 495 490 610 947 705 629 583 466 751 251 28 306 95 105 718 239 837 133 395 480 543 606 779 694 477 532 385 816 235 713 712 193 325 140 804 583 107 275 714 511 791 309 622 636 527
173 789 472 676 0 867 702 695 625 1091 700 871 430 151 533 341 585 732 983 711 322 327 585 650 269 737 734 582 708 455 545 143 1072 608 770 816 655 523 425 886 389 593 320 663 870 843 780 759 457 908 853 684 159 1019 576 846 888 708 484 859 589 573 415 733 575 440 816 409 443 773 521 627 786 874 637 890 158 709 534 275 175 337 826 839 734 731 652 477 972 720 652 639 252 536 793 806 1058 847 409 518 127 524 309 626 553 574 850 736 74 830 426 362 438 556 586 285 1003 162 378 551 151 144 493 331 808 272 904 493 507 805 964 939 870 743 370 803 872 1011 54 284 851 911 1072 782 962 489 815 386 556 422 463 730 486 871 410 723 830 653 413 225 266 909 652 401 752 625 1123 721 629 554 659 720 138 70 916 842 506 621 594 388 608 38 1032 826 904 793 691 560 757 404 861 762 827 619 764 757 1070
800 431 831 264 867 0 378 951 394 334 706 305 567 878 534 652 548 304 358 156 652 573 471 794 623 229 248 289 433 664 465 911 283 542 751 79 453 488 675 985 499 337 863 248 683 621 234 786 453 405 293 856 734 338 707 980 22 889 383 967 313 303 904 749 574 649 770 578 545 288 346 675 280 288 238 123 1024 735 669 784 728 634 889 306 570 233 838 799 623 750 221 274 727 332 863 681 460 958 701 356 744 387 610 752 476 558 1011 824 933 392 688 574 439 633 284 596 233 791 502 317 787 798 494 539 446 668 133 377 709 64 592 391 756 317 592 610 385 195 869 863 507 178 418 127 205 408 328 564 313 739 478 361 533 308 674 936 595 589 647 685 872 112 292 466 283 252 482 474 839 387 342 389 749 798 647 576 507 500 377 904 497 902 511 342 63 294 775 583 294 502 592 398 701 301 527 547 263
715 104 879 140 702 378 0 1065 561 712 877 627 610 777 203 386 686 75 712 301 398 376 132 926 434 149 130 342 651 725 578 800 661 694 942 299 639 185 720 1164 471 464 839 422 929 869 517 965 481 723 609 989 626 705 822 1146 386 1024 348 1141 420 246 912 926 705 702 975 608 267 560 334 819 118 614 353 488 837 904 770 749 529 624 1070 150 781 147 961 855 920 920 344 169 679 337 1038 902 817 1130 736 375 578 207 572 882 158 690 1169 985 776 129 733 567 308 749 265 518 610 699 457 329 689 585 572 401 713 439 502 301 792 328 892 724 985 66 339 844 692 573 681 823 782 541 784 252 579 244 119 319 332 778 240 599 611 629 711 1065 843 758 686 479 822 328 129 387 99 238 850 100 953 163 532 619 564 635 918 833 596 663 517 901 137 741 850 126 442 114 929 705 91 304 854 650 926 444 759 773 641
527 1170 227 951 695 951 1065 0 558 950 264 727 456 550 1010 897 405 1043 791 853 876 795 1017 158 768 993 1003 741 529 343 502 574 971 409 263 957 499 965 355 206 603 635 377 714 412 442 729 220 584 678 722 100 591 849 248 160 971 77 717 182 674 823 289 239 380 367 285 461 923 681 732 277 1075 742 758 880 778 240 297 428 768 470 193 1133 412 989 113 234 566 230 775 909 478 732 179 357 796 172 347 693 703 866 531 199 988 396 156 165 683 1178 343 513 775 325 810 601 918 543 621 743 556 798 496 721 567 831 885 765 274 921 582 719 349 1061 879 419 663 966 748 413 546 859 849 959 891 834 1128 871 741 310 883 601 456 724 367 43 453 366 388 786 433 1053 947 693 1046 848 863 1141 114 912 610 573 739 691 487 479 474 451 584 317 1056 689 723 1145 941 1090 189 374 1059 822 482 581 356 667 468 446 988
498 660 445 427 625 394 561 558 0 487 326 252 214 576 586 576 153 519 360 301 563 458 561 402 476 455 470 220 104 283 89 614 482 149 385 399 77 530 301 615 251 97 509 158 372 316 191 412 179 283 235 465 467 402 312 603 415 500 258 594 141 319 529 374 179 273 415 232 530 161 247 284 539 258 214 340 779 355 275 446 554 306 519 594 220 453 445 412 400 371 228 392 409 237 489 341 433 584 329 209 531 401 316 360 541 163 631 443 672 653 313 264 352 239 297 347 417 496 270 239 498 620 138 382 199 547 348 302 318 363 380 314 424 538 527 287 247 446 649 519 259 335 448 405 380 384 596 504 234 362 463 104 163 251 305 545 291 205 281 532 532 494 432 300 516 323 498 653 445 439 54 98 554 567 375 288 136 110 48 535 601 649 413 613 391 556 389 188 530 431 309 141 365 118 205 215 489
982 763 907 591 1091 334 712 950 487 0 685 239 701 1060 856 944 604 638 159 447 940 847 798 797 886 563 582 531 447 760 576 1097 59 587 698 413 497 806 782 911 702 499 993 432 576 524 311 741 635 272 252 849 939 101 744 923 329 876 629 901 504 591 1003 714 629 754 697 719 851 326 594 690 613 230 475 231 1250 710 728 934 984 791 825 632 538 566 843 873 452 720 466 591 894 578 811 606 201 896 810 584 982 689 793 765 798 618 956 793 1147 720 793 744 711 687 566 806 103 977 714 566 978 1055 624 792 384 945 217 644 776 386 421 232 656 652 885 536 287 143 1107 1005 407 190 136 460 141 699 658 857 560 838 779 391 649 241 788 921 506 600 765 949 1019 412 617 707 617 549 181 808 854 700 441 412 996 1027 511 480 623 549 504 1012 826 1120 283 670 270 627 760 644 629 786 484 386 617 472 482 504 89
530 979 286 749 700 706 877 264 326 685 0 463 318 586 865 798 191 841 526 628 779 682 855 116 673 781 795 537 274 247 299 620 706 183 74 722 255 814 276 289 461 417 437 484 187 193 475 87 415 413 459 164 556 584 126 276 724 192 541 267 461 630 394 48 176 265 119 334 791 425 546 75 865 479 539 624 824 28 167 433 711 384 193 920 147 779 159 260 330 44 554 711 448 541 162 120 537 257 291 504 659 695 438 98 831 190 305 118 716 977 274 397 620 156 612 504 655 539 482 548 548 761 317 601 302 746 628 591 194 684 339 455 169 861 764 162 398 703 744 467 283 599 587 731 629 670 921 749 544 284 736 346 287 460 291 238 197 121 294 712 488 812 751 545 840 644 605 964 174 739 371 318 693 669 255 222 292 217 364 415 896 708 469 938 688 881 75 181 854 685 229 320 134 444 203 181 724
751 705 669 488 871 305 627 727 252 239 463 0 466 829 723 770 365 562 112 326 762 661 677 571 692 484 503 353 209 520 340 866 246 349 489 359 258 668 543 717 486 284 755 243 393 333 115 530 415 101 20 627 715 150 509 721 315 656 440 703 303 438 764 498 391 515 498 485 695 100 411 459 558 17 307 188 1028 490 490 697 782 558 625 597 316 485 617 635 319 503 305 471 661 396 604 406 205 696 571 389 769 538 566 536 669 379 753 578 922 677 554 515 532 449 411 588 191 748 501 388 749 852 390 595 165 757 186 468 537 318 287 97 471 580 714 333 82 241 892 767 212 146 202 392 166 538 613 687 382 599 622 152 413 3 549 702 309 367 527 753 782 416 507 508 548 411 259 727 625 562 212 173 788 811 347 287 386 310 277 773 713 898 223 628 261 574 538 405 562 613 299 149 422 266 262 284 261
288 715 276 503 430 567 610 456 214 701 318 466 0 364 560 479 158 593 572 435 460 364 561 329 355 551 559 304 281 114 125 402 695 180 393 548 226 512 113 581 149 230 300 319 457 421 399 399 131 485 450 387 272 616 224 554 589 422 262 555 255 372 337 363 155 92 437 21 479 374 281 245 630 472 337 540 579 338 169 232 401 95 495 689 309 547 358 248 544 353 355 460 196 284 460 400 636 543 136 245 359 409 128 287 533 149 573 402 469 727 127 80 319 163 363 187 628 287 169 297 291 458 77 283 380 427 550 309 182 520 534 520 476 611 447 382 451 653 463 306 420 543 658 537 590 377 681 433 296 177 431 315 56 464 109 459 405 235 82 396 319 649 496 238 599 404 704 684 346 455 261 300 389 383 493 414 79 190 202 337 602 450 603 696 579 644 345 143 611 374 434 338 424 266 334 329 700
79 872 333 724 151 878 777 550 576 1060 586 829 364 0 632 454 502 794 936 726 433 405 673 521 351 784 784 589 644 353 489 37 1049 525 652 838 589 611 322 746 378 568 173 650 765 747 752 634 433 849 812 547 152 979 459 704 900 569 500 719 575 606 265 613 486 343 697 344 537 734 536 516 845 834 639 879 239 590 426 153 288 270 693 902 643 779 517 343 882 599 657 684 167 548 660 699 1000 708 300 521 218 580 271 503 640 489 706 606 135 906 319 317 482 455 613 284 981 87 376 564 92 283 438 378 740 381 892 523 391 820 878 884 755 807 469 707 815 998 205 136 773 892 1023 811 941 543 881 477 567 302 539 679 420 827 309 581 737 558 320 329 117 936 705 423 810 655 1068 812 493 618 619 664 249 176 819 752 444 547 556 238 702 138 963 894 905 854 566 471 818 473 770 703 718 600 681 670 1051
582 264 801 270 533 534 203 1010 586 856 865 723 560 632 0 196 676 264 823 412 213 232 71 889 281 315 301 380 688 668 572 649 812 689 937 457 660 56 655 1140 411 491 727 486 956 902 608 951 450 809 703 948 491 829 785 1115 548 982 330 1115 452 285 812 913 688 644 976 551 95 638 339 797 317 714 418 625 654 889 729 638 358 542 1052 353 799 310 917 783 979 905 418 265 569 350 1017 916 926 1103 664 377 418 188 482 848 58 675 1134 960 607 315 666 497 244 719 312 416 753 565 391 351 553 402 547 291 770 261 639 283 740 474 955 819 999 264 164 870 773 728 504 704 836 671 905 409 716 201 321 155 357 704 129 654 579 725 643 1018 877 756 622 309 699 512 242 322 290 314 970 190 904 161 575 666 396 471 961 873 573 668 537 795 77 572 944 326 595 316 903 684 287 188 895 705 941 486 792 800 796
417 460 675 406 341 652 386 897 576 944 798 770 479 454 196 0 623 434 880 504 22 119 257 797 129 463 454 419 680 571 533 466 909 642 873 582 639 201 550 1052 343 498 573 527 922 876 658 878 406 840 750 850 328 898 698 1020 669 882 331 1025 469 354 665 843 628 547 916 464 120 674 358 724 489 765 471 716 457 818 643 490 168 431 971 534 765 458 818 663 976 833 479 382 426 374 935 872 975 1013 552 383 236 264 370 760 228 619 1035 876 414 508 559 402 237 643 379 299 844 398 321 383 385 206 494 200 775 73 731 303 641 587 957 859 951 439 59 840 802 831 308 545 835 754 967 538 804 246 505 88 389 586 175 666 515 771 536 912 854 705 520 125 536 657 378 276 457 401 1029 387 800 272 584 670 208 284 943 856 518 632 530 645 273 379 976 513 704 492 821 620 459 158 878 713 896 507 772 775 898
431 789 304 560 585 548 686 405 153 604 191 365 158 502 676 623 0 653 458 449 606 505 664 250 504 596 608 348 157 160 108 540 610 22 260 552 108 624 187 478 280 232 397 309 301 263 335 278 226 357 354 314 428 510 159 460 568 349 350 454 274 439 398 240 27 161 299 179 605 293 354 134 680 376 356 487 728 217 126 355 558 248 384 736 150 593 292 270 387 234 372 521 339 349 351 248 506 444 214 313 517 504 287 207 640 13 486 299 618 789 195 237 432 87 422 343 548 434 302 357 440 616 130 423 242 578 494 400 173 516 379 397 328 672 585 224 328 586 620 416 271 475 538 554 515 479 735 567 354 236 547 217 109 363 197 393 246 81 181 550 433 647 561 359 653 456 576 772 292 547 206 192 547 540 334 256 105 55 180 409 705 602 462 751 542 695 243 40 667 500 276 219 272 263 179 172 621
727 144 867 92 732 304 75 1043 519 638 841 562 593 794 264 434 653 0 643 240 443 405 193 898 463 78 59 305 603 707 546 819 587 658 903 225 596 235 705 1130 463 424 841 371 880 820 456 929 461 660 545 961 642 634 796 1114 311 997 332 1107 380 220 908 889 674 686 934 593 314 501 311 787 55 549 306 416 874 869 745 751 564 618 1035 107 737 77 936 841 862 885 294 133 682 310 1003 857 748 1097 724 349 606 213 570 854 212 658 1139 953 806 136 719 559 313 721 232 523 537 712 452 299 704 624 546 415 658 478 429 290 771 256 833 659 940 19 381 797 630 499 716 828 727 470 713 179 506 251 89 358 302 766 271 547 587 565 698 1039 793 721 671 514 829 254 97 385 25 197 779 170 929 178 485 568 596 663 865 782 569 625 477 899 206 771 785 104 368 60 897 675 25 328 801 597 881 400 711 726 566
859 781 757 577 983 358 712 791 360 159 526 112 572 936 823 880 458 643 0 417 872 772 773 639 804 564 584 461 301 618 447 974 192 439 538 425 355 769 642 753 598 397 854 352 418 365 221 581 527 113 132 690 826 58 591 763 363 716 550 742 414 541 856 554 483 615 537 592 801 212 521 535 631 114 411 234 1139 551 579 801 894 666 666 663 380 566 685 724 305 561 408 565 769 505 651 447 105 737 670 500 882 642 676 609 767 472 797 633 1033 747 652 625 642 538 514 700 165 856 613 496 859 964 498 707 228 868 224 576 627 388 273 72 498 659 823 376 132 227 1004 869 247 179 89 466 165 644 683 796 490 695 728 257 517 112 650 761 346 446 629 865 885 461 598 620 626 509 149 811 696 662 323 273 901 923 357 321 492 405 388 868 807 1009 156 697 301 646 601 498 639 721 326 239 458 378 324 345 216
649 384 708 162 711 156 301 853 301 447 628 326 435 726 412 504 449 240 417 0 503 419 357 700 467 165 183 137 372 541 352 758 406 449 684 114 374 359 547 916 349 218 723 143 646 584 216 713 311 422 308 764 580 418 604 904 177 798 227 895 182 150 772 674 473 523 710 443 405 261 190 583 246 314 98 215 867 656 559 640 572 491 819 297 510 165 741 678 622 672 80 148 580 177 790 629 521 885 571 206 588 243 462 657 354 457 932 744 777 365 561 431 284 528 129 442 344 638 349 162 634 642 369 382 419 516 230 220 594 95 593 424 710 258 445 565 391 327 713 720 487 259 495 105 306 258 304 416 158 612 334 311 410 328 545 843 558 507 517 530 727 215 181 309 229 103 560 401 739 253 258 334 593 641 627 545 386 411 269 769 390 745 550 320 201 263 690 479 244 350 564 359 652 186 478 495 394
395 475 653 410 322 652 398 876 563 940 779 762 460 433 213 22 606 443 872 503 0 104 271 777 108 469 460 412 666 550 518 445 906 625 854 584 625 213 529 1032 326 487 551 520 906 860 650 859 391 829 741 829 306 891 678 1000 670 861 322 1005 460 352 643 824 610 527 897 445 131 665 351 705 499 757 465 713 442 799 623 468 148 410 951 545 749 463 797 641 962 814 474 385 404 366 916 855 966 993 531 373 214 265 349 740 241 601 1014 856 395 521 538 383 230 624 376 279 840 376 305 376 363 189 477 184 762 52 728 297 621 588 943 850 933 449 62 824 792 829 291 523 822 750 960 541 800 244 516 89 382 565 178 655 498 762 515 891 839 688 500 103 514 661 383 263 466 400 1021 403 779 277 572 658 187 263 927 841 501 616 517 623 289 360 965 525 703 502 802 601 468 153 863 701 879 497 757 759 895
351 468 578 353 327 573 376 795 458 847 682 661 364 405 232 119 505 405 772 419 104 0 268 687 58 414 409 316 561 461 414 425 815 523 756 511 520 205 442 941 224 383 495 421 803 756 551 763 287 726 641 741 259 794 585 911 593 774 221 915 358 270 581 728 510 437 799 350 137 563 253 609 459 657 371 624 471 702 530 407 161 324 858 512 646 408 710 562 857 717 381 320 338 269 823 753 865 903 447 272 202 200 263 648 234 500 927 764 401 505 452 289 136 528 290 193 749 333 202 280 322 227 375 81 657 97 638 203 532 509 839 748 833 415 84 720 689 742 312 472 717 658 861 471 708 170 487 78 286 484 136 551 397 661 429 807 735 587 411 113 466 596 328 158 425 321 921 407 694 227 468 553 191 259 823 737 399 513 413 564 298 366 862 498 620 466 708 502 429 77 759 597 778 395 652 655 807
618 204 815 206 585 471 132 1017 561 798 855 677 561 673 71 257 664 193 773 357 271 268 0 888 322 247 232 346 660 674 557 692 751 676 925 393 637 62 663 1136 413 464 754 447 933 877 562 942 442 766 658 949 526 776 784 1113 483 984 314 1111 422 247 835 904 679 650 962 555 142 597 314 790 246 667 377 567 713 880 729 665 410 556 1045 282 779 243 919 794 946 896 374 208 594 323 1011 897 877 1100 675 355 465 160 498 846 33 665 1134 956 659 250 675 505 242 714 273 436 694 600 395 321 589 460 539 312 736 315 581 264 744 413 921 774 981 193 215 848 732 666 560 734 804 615 853 344 659 186 251 199 326 716 139 620 574 679 652 1021 852 742 629 360 731 443 180 324 219 266 918 139 908 121 543 635 446 520 933 846 564 651 513 821 41 624 900 257 532 245 898 676 216 206 867 672 922 453 766 776 734
477 1030 195 806 650 794 926 158 402 797 116 571 329 521 889 797 250 898 639 700 777 687 888 0 669 845 856 594 371 226 352 552 816 252 147 802 341 841 248 254 478 483 357 560 292 307 570 117 447 527 565 63 520 697 104 225 814 98 580 227 523 680 298 111 227 250 187 339 807 522 591 119 928 585 607 722 759 98 160 375 689 367 178 985 259 841 45 178 442 97 623 765 406 589 143 229 653 216 252 551 629 733 427 43 861 243 245 85 655 1034 241 397 647 177 666 497 762 489 498 599 500 730 354 609 413 738 727 629 156 765 453 568 252 917 771 278 510 808 698 391 399 701 702 805 734 703 982 759 596 229 760 443 316 568 263 143 313 208 277 698 413 896 804 567 900 702 722 1006 58 778 453 415 665 630 365 338 330 293 431 322 929 652 585 999 783 943 52 223 913 703 345 424 236 514 315 294 832
302 524 546 410 269 623 434 768 476 886 673 692 355 351 281 129 504 463 804 467 108 58 322 669 0 471 466 356 577 442 422 370 857 524 748 563 532 260 421 923 229 409 451 456 805 762 585 752 298 751 671 720 210 829 570 891 643 752 257 896 389 320 541 718 507 419 792 339 186 592 292 599 517 689 412 667 413 692 516 366 106 302 843 570 650 465 688 534 870 707 423 375 300 308 808 752 893 884 422 304 144 257 241 632 289 499 905 748 343 563 430 276 183 518 338 171 790 283 208 320 271 175 378 96 675 73 681 247 512 559 853 775 830 473 121 725 714 787 255 426 732 698 893 525 749 225 545 125 326 457 194 573 395 692 407 782 742 585 392 63 419 651 385 183 483 372 951 461 671 285 492 573 133 201 831 746 401 518 432 522 351 308 885 556 668 524 694 497 488 135 768 617 777 425 662 663 850
714 220 827 61 737 229 149 993 455 563 781 484 551 784 315 463 596 78 564 165 469 414 247 845 471 0 19 251 534 664 492 812 513 599 841 150 531 276 665 1070 432 364 815 303 811 749 380 868 419 583 467 908 632 556 744 1056 239 943 298 1048 321 184 877 829 618 643 870 554 346 426 271 731 83 471 241 339 885 809 695 727 576 587 974 140 671 5 884 799 787 825 228 100 660 267 944 791 669 1038 685 305 610 214 544 801 258 602 1082 895 809 200 678 526 302 669 188 505 461 700 425 253 692 640 497 409 585 498 352 264 725 179 758 581 873 95 407 728 554 425 727 805 653 392 635 102 429 247 140 380 254 727 291 476 538 487 659 987 723 660 632 527 808 197 86 364 64 146 701 247 878 192 418 498 605 667 792 710 519 564 417 870 269 775 707 157 293 100 840 621 78 336 730 525 814 337 642 658 493
715 202 835 60 734 248 130 1003 470 582 795 503 559 784 301 454 608 59 584 183 460 409 232 856 466 19 0 262 550 673 503 812 531 612 855 169 546 263 673 1084 437 377 819 318 827 766 398 881 427 602 486 920 632 575 756 1069 257 955 304 1061 334 189 883 843 630 652 885 561 336 444 278 743 71 490 256 358 880 823 706 731 570 592 988 130 686 18 895 808 805 839 242 102 663 274 957 806 689 1051 693 313 606 209 548 812 244 614 1095 908 806 184 686 532 302 680 195 507 480 701 429 262 693 634 507 408 602 490 371 267 734 198 776 600 888 76 398 744 572 444 722 808 670 411 655 121 448 244 126 372 263 735 283 492 548 506 667 998 739 674 639 521 811 211 81 366 47 155 720 228 889 184 433 514 600 664 809 727 529 577 430 875 252 771 725 143 311 86 852 633 61 331 746 542 830 351 658 673 511
512 442 581 212 582 289 342 741 220 531 537 353 304 589 380 419 348 305 461 137 412 316 346 594 356 251 262 0 315 415 241 622 501 353 600 251 297 324 418 825 211 122 586 110 591 533 239 624 176 431 333 658 445 479 493 809 310 693 100 802 78 100 638 585 368 395 633 310 342 261 63 482 333 347 56 312 740 564 444 503 456 354 730 391 440 247 632 551 600 580 69 174 442 48 698 561 558 792 441 68 463 191 324 550 330 353 834 648 646 441 432 294 181 417 77 307 434 502 213 35 498 527 246 263 390 414 326 115 474 231 575 446 644 324 362 506 395 432 589 582 458 342 548 234 393 186 388 334 29 482 270 274 287 354 414 736 507 417 386 419 589 352 214 182 306 107 610 433 627 225 197 288 472 514 587 500 267 321 175 635 386 616 567 404 321 349 592 371 319 260 521 326 585 107 422 434 495
569 746 459 513 708 433 651 529 104 447 274 209 281 644 688 680 157 603 301 372 666 561 660 371 577 534 550 315 0 316 163 682 455 139 318 455 55 632 340 553 349 196 552 231 278 218 201 353 278 205 199 431 549 352 301 547 451 462 361 534 237 415 556 316 182 313 341 302 634 151 349 254 617 221 298 351 859 302 281 503 650 376 456 669 139 533 417 426 296 317 308 481 477 338 430 257 356 525 368 311 622 501 399 333 642 171 577 392 750 735 350 346 456 240 391 439 396 569 369 338 573 715 215 484 100 649 356 405 328 415 277 242 338 622 632 194 173 438 737 568 155 330 383 470 365 486 675 609 333 393 566 72 224 206 349 509 192 163 329 631 585 541 522 403 597 413 424 746 423 538 118 44 647 655 273 186 202 103 152 566 700 730 323 691 414 634 346 197 611 535 207 62 280 208 108 123 468
288 830 167 617 455 664 725 343 283 760 247 520 114 353 668 571 160 707 618 541 550 461 674 226 442 664 673 415 316 0 200 389 761 181 319 653 263 623 30 481 260 327 237 416 415 394 474 315 246 518 507 280 308 667 129 450 686 314 377 454 358 487 246 285 139 24 365 118 584 440 396 172 744 530 443 623 587 259 79 201 467 141 401 803 290 660 249 136 529 272 461 575 202 398 366 351 667 442 54 359 413 523 201 190 645 146 467 306 477 842 35 172 431 102 477 271 698 295 278 410 304 514 172 383 402 512 632 424 71 622 526 557 415 726 545 354 488 730 497 256 426 618 698 645 662 491 795 534 409 79 540 369 131 518 44 349 384 206 50 473 274 753 610 349 713 517 736 798 235 569 336 347 447 422 466 400 157 213 288 253 713 466 620 811 669 758 253 123 725 481 417 378 372 363 332 320 770
412 681 366 454 545 465 578 502 89 576 299 340 125 489 572 533 108 546 447 352 518 414 557 352 422 492 503 241 163 200 0 527 571 118 367 459 112 519 215 586 192 133 420 218 390 342 278 387 127 363 324 416 386 490 253 567 487 451 243 562 171 332 445 348 127 187 404 144 505 250 246 240 575 346 256 423 697 325 207 357 489 219 492 632 232 488 392 333 448 342 272 414 321 241 459 345 514 551 243 205 459 397 235 309 534 111 592 407 589 683 227 182 328 177 315 275 505 410 214 249 413 553 52 333 264 495 433 293 244 426 433 397 427 566 490 306 328 533 573 430 314 422 533 457 468 373 630 470 246 277 444 189 74 338 218 495 321 184 193 473 443 558 453 261 548 349 581 664 388 440 139 176 485 491 409 324 47 99 88 449 598 568 486 646 469 590 350 129 561 401 345 217 370 167 239 241 577
115 893 362 752 143 911 800 574 614 1097 620 866 402 37 649 466 540 819 974 758 445 425 692 552 370 812 812 622 682 389 527 0 1086 562 685 869 626 630 359 773 412 604 199 685 801 783 789 667 469 886 849 576 180 1016 494 730 933 597 532 746 610 636 286 647 524 381 730 382 555 771 568 551 871 871 673 915 207 624 462 188 297 308 722 927 680 807 546 374 919 633 690 712 205 580 690 735 1038 735 336 554 231 606 307 535 659 527 731 636 109 929 355 353 510 491 643 315 1018 121 409 596 124 284 476 404 778 393 927 553 426 853 915 922 789 832 484 744 853 1034 196 163 811 928 1060 842 978 569 906 494 599 336 560 716 457 865 346 606 773 595 358 341 142 967 732 454 836 685 1106 831 522 642 657 702 258 182 855 789 482 585 593 259 720 121 1001 918 940 880 598 508 843 496 807 740 753 635 718 708 1088
970 709 914 544 1072 283 661 971 482 59 706 246 695 1049 812 909 610 587 192 406 906 815 751 816 857 513 531 501 455 761 571 1086 0 594 725 362 502 763 782 944 683 482 991 409 610 555 297 767 619 300 256 870 923 135 756 953 275 898 601 932 483 554 1007 737 636 754 727 712 812 321 565 705 559 234 445 192 1231 732 736 928 958 782 855 576 558 516 862 880 494 743 434 547 885 549 839 635 252 927 810 558 959 649 779 782 754 623 986 817 1130 664 793 732 679 695 530 787 68 965 693 536 964 1029 617 764 404 913 177 612 783 338 463 262 690 599 849 564 308 88 1085 1001 435 160 189 410 109 663 603 821 531 840 741 393 645 249 787 944 535 614 763 921 1014 355 571 681 565 510 239 756 871 658 433 417 971 1006 549 510 618 555 494 1014 779 1102 331 614 220 572 781 650 576 752 516 396 648 453 502 525 30
454 795 320 566 608 542 694 409 149 587 183 349 180 525 689 642 22 658 439 449 625 523 676 252 524 599 612 353 139 181 118 562 594 0 249 549 94 637 208 472 298 235 418 307 281 241 324 271 241 337 338 316 451 491 167 456 562 350 362 449 278 447 416 231 43 183 286 201 620 281 363 134 683 360 358 477 751 210 141 377 579 270 376 739 129 596 296 286 364 227 373 527 362 358 345 230 485 438 235 322 539 515 309 210 652 35 483 295 641 794 216 258 445 100 428 364 534 457 320 365 463 638 147 441 221 597 483 411 188 512 356 377 311 677 602 202 309 573 643 437 248 462 518 554 501 491 739 583 361 256 561 203 130 346 219 395 224 66 204 570 455 643 567 375 657 461 555 781 297 558 200 177 569 563 312 234 123 42 182 428 717 625 440 755 534 699 241 58 671 515 254 201 255 264 156 149 606
599 1043 339 811 770 751 942 263 385 698 74 489 393 652 937 873 260 903 538 684 854 756 925 147 748 841 855 600 318 319 367 685 725 249 0 773 309 885 348 234 534 479 496 540 149 179 517 43 486 426 488 170 628 597 194 232 768 186 611 216 523 696 444 38 248 339 45 409 864 465 613 150 925 506 599 661 891 61 240 501 785 458 138 979 180 838 180 317 303 53 613 774 519 607 115 94 534 208 361 572 732 764 512 150 901 261 264 99 784 1038 345 471 692 230 677 578 678 608 556 614 619 834 389 675 324 820 663 660 263 733 319 466 105 923 838 161 417 731 815 528 290 630 589 785 656 740 981 822 610 350 807 389 360 486 363 228 193 183 368 786 549 859 814 618 901 707 600 1030 201 807 425 361 766 742 225 219 363 279 426 467 966 777 460 998 728 941 95 254 915 758 219 355 93 504 229 207 745
762 357 820 187 816 79 299 957 399 413 722 359 548 838 457 582 552 225 425 114 584 511 393 802 563 150 169 251 455 653 459 869 362 549 773 0 467 412 660 1007 462 327 838 243 720 657 270 805 426 460 344 865 690 411 710 999 90 900 337 987 294 243 886 768 577 635 796 557 472 322 301 684 205 343 211 193 970 751 667 755 669 606 911 238 595 153 845 789 674 767 193 201 694 289 883 710 529 978 685 319 691 318 576 759 399 561 1028 840 884 321 674 545 380 634 229 554 311 751 462 273 746 738 481 484 484 604 205 323 703 41 643 451 789 239 523 642 435 275 814 834 549 248 491 48 281 342 257 495 271 725 407 387 521 362 658 945 631 602 630 624 841 101 215 417 205 191 556 396 844 313 351 414 692 745 690 614 497 509 373 883 418 851 574 271 142 221 788 584 217 437 631 431 732 292 557 575 342
514 737 412 504 655 453 639 499 77 497 255 258 226 589 660 639 108 596 355 374 625 520 637 341 532 531 546 297 55 263 112 626 502 94 309 467 0 605 287 542 303 175 499 230 296 242 231 339 234 260 246 402 495 404 261 532 473 436 330 521 219 396 505 301 134 260 338 247 601 187 322 222 615 268 290 383 805 284 234 448 601 322 445 669 142 529 385 378 337 299 303 469 422 313 416 263 411 511 315 283 571 477 346 300 617 121 560 373 696 730 297 293 422 194 374 388 440 514 323 316 518 665 163 441 153 604 389 377 281 428 321 297 347 615 593 210 227 479 684 514 201 368 437 476 407 458 672 571 311 341 535 109 170 255 294 482 218 135 275 585 530 558 510 364 592 401 479 731 389 516 116 84 597 602 304 217 148 53 123 515 678 676 377 689 442 632 322 148 606 499 239 115 287 195 133 140 513
556 266 760 225 523 488 185 965 530 806 814 668 512 611 56 201 624 235 769 359 213 205 62 841 260 276 263 324 632 623 519 630 763 637 885 412 605 0 610 1091 363 436 694 431 901 847 552 900 399 753 648 900 465 776 736 1066 502 935 276 1066 396 230 776 862 637 599 923 505 82 582 283 746 290 660 362 574 653 838 681 605 348 501 1001 333 745 271 870 740 923 854 363 215 535 294 967 862 871 1054 621 322 402 132 442 799 29 623 1086 910 597 309 622 452 194 669 257 378 703 539 344 295 527 400 496 253 714 255 588 228 693 426 899 764 945 239 154 816 718 679 499 673 780 619 852 364 665 146 304 137 301 662 82 598 529 670 599 972 822 703 577 298 670 473 197 274 260 260 916 201 858 107 519 610 384 458 905 818 521 615 482 761 94 562 888 312 547 292 853 633 260 147 839 649 887 430 736 745 747
258 825 162 616 425 675 720 355 301 782 276 543 113 322 655 550 187 705 642 547 529 442 663 248 421 665 673 418 340 30 215 359 782 208 348 660 287 610 0 502 250 337 212 427 446 425 492 342 245 544 529 299 280 691 155 470 697 332 373 475 366 485 230 313 167 27 394 111 568 460 394 201 743 552 449 639 556 288 109 171 442 119 425 802 321 660 267 135 559 300 467 573 172 398 390 382 693 463 28 359 385 516 180 214 633 173 485 330 446 838 13 158 421 133 477 250 717 265 267 411 274 487 180 367 429 489 648 419 92 630 556 583 445 723 527 385 514 748 468 228 455 636 724 650 681 482 793 517 410 64 528 391 143 541 15 364 414 236 34 449 246 761 608 339 712 518 763 790 251 561 353 370 420 393 497 430 170 238 301 234 702 435 649 809 683 757 278 151 724 467 447 402 402 373 361 349 790
714 1267 414 1038 886 985 1164 206 615 911 289 717 581 746 1140 1052 478 1130 753 916 1032 941 1136 254 923 1070 1084 825 553 481 586 773 944 472 234 1007 542 1091 502 0 730 706 574 772 335 388 751 202 694 644 718 205 767 811 356 46 1003 178 824 27 750 918 491 241 459 505 219 592 1060 698 831 346 1154 734 828 893 979 261 412 612 940 621 96 1209 414 1068 238 410 476 244 843 999 653 827 126 311 731 39 504 790 878 978 682 293 1110 474 67 180 881 1266 494 652 897 422 900 752 902 728 751 835 741 978 597 863 553 992 895 874 410 968 501 681 256 1150 1026 384 641 957 937 610 509 861 792 1018 883 950 1210 1013 832 476 1011 623 562 713 517 168 409 410 531 951 631 1094 1039 818 1129 933 790 1249 259 1022 658 596 915 874 404 434 572 506 653 519 1177 883 650 1227 961 1170 237 460 1143 956 427 588 296 733 460 439 966
301 576 407 378 389 499 471 603 251 702 461 486 149 378 411 343 280 463 598 349 326 224 413 478 229 432 437 211 349 260 192 412 683 298 534 462 303 363 250 730 0 204 382 276 579 534 391 544 72 533 467 537 240 631 374 703 521 571 134 704 201 248 445 507 287 236 576 141 331 386 165 389 506 487 261 505 547 483 318 296 302 154 642 565 422 428 507 384 640 498 278 335 232 174 607 528 680 692 265 143 283 266 114 437 385 276 722 550 446 593 263 96 171 309 247 104 615 291 22 189 288 369 150 142 449 302 518 173 330 443 624 561 608 480 304 497 496 625 406 375 504 523 688 440 574 232 552 288 191 306 282 353 174 485 240 608 513 362 216 282 380 562 366 89 473 290 742 539 494 311 276 349 303 325 602 517 175 290 212 437 453 419 665 567 527 518 493 279 483 226 538 393 553 230 432 434 682
489 563 495 332 593 337 464 635 97 499 417 284 230 568 491 498 232 424 397 218 487 383 464 483 409 364 377 122 196 327 133 604 482 235 479 327 175 436 337 706 204 0 530 89 470 413 187 504 136 342 264 546 440 428 386 692 359 581 169 684 44 221 566 465 255 311 511 243 441 184 153 367 448 284 123 313 751 445 340 456 497 306 611 504 318 361 523 463 488 462 140 295 406 141 580 438 484 674 363 118 486 305 297 439 445 239 718 531 648 559 351 251 265 309 199 307 414 482 217 142 482 567 156 313 281 477 324 210 376 294 466 365 522 443 446 384 305 430 610 533 346 324 486 324 374 291 503 421 137 402 372 168 196 284 337 625 387 297 310 469 544 426 335 227 422 227 543 555 520 342 86 176 504 529 469 382 170 200 53 567 504 621 478 520 348 464 476 260 436 346 403 217 463 35 302 313 483
162 941 163 760 320 863 839 377 509 993 437 755 300 173 727 573 397 841 854 723 551 495 754 357 451 815 819 586 552 237 420 199 991 418 496 838 499 694 212 574 382 530 0 618 623 614 698 474 411 755 740 378 245 903 313 531 885 397 516 547 550 630 96 458 376 239 540 286 632 669 547 375 886 763 628 840 406 437 293 90 420 231 524 945 519 810 348 179 753 443 646 716 160 555 493 556 904 535 184 520 350 632 271 346 722 384 532 440 307 965 202 292 531 330 630 321 926 180 390 570 194 436 378 442 640 501 851 552 250 813 753 794 602 856 572 575 725 953 374 36 661 842 935 820 888 595 930 573 571 164 614 602 346 753 205 407 608 435 228 450 57 939 745 455 852 673 974 891 323 675 559 582 386 325 683 627 373 450 502 72 789 312 856 945 879 898 406 360 862 547 642 614 571 565 565 551 998
571 515 583 283 663 248 422 714 158 432 484 243 319 650 486 527 309 371 352 143 520 421 447 560 456 303 318 110 231 416 218 685 409 307 540 243 230 431 427 772 276 89 618 0 509 448 130 569 216 322 222 623 516 373 466 761 270 657 199 751 75 201 656 531 334 400 568 332 452 151 169 442 386 238 70 230 822 513 424 543 552 392 676 439 367 301 602 551 500 529 77 254 491 153 646 487 448 741 453 152 550 299 378 516 434 318 789 601 722 503 440 336 289 391 174 379 340 563 285 144 561 623 246 361 292 518 242 224 462 208 474 336 569 391 471 425 287 349 676 621 360 248 440 246 299 296 443 444 138 491 380 177 284 244 426 703 421 363 399 519 631 340 293 275 365 186 501 519 601 328 115 197 564 597 495 411 258 268 131 657 485 694 458 460 260 403 548 341 379 369 431 228 511 53 339 354 406
704 1024 474 791 870 683 929 412 372 576 187 393 457 765 956 922 301 880 418 646 906 803 933 292 805 811 827 591 278 415 390 801 610 281 149 720 296 901 446 335 579 470 623 509 0 62 451 191 517 311 398 320 718 476 310 350 698 335 626 327 513 691 581 182 302 430 129 477 894 398 619 249 893 411 576 579 1002 195 339 612 858 539 253 943 157 809 329 448 154 195 586 759 617 610 245 67 398 322 466 579 814 773 585 285 913 308 383 247 893 1011 447 537 716 314 668 644 572 711 600 612 720 915 428 721 237 879 578 673 375 678 172 347 80 900 880 85 313 629 910 651 181 540 457 740 556 754 950 860 607 465 830 335 411 390 460 374 88 222 457 851 672 795 800 651 874 691 460 1023 349 812 397 312 846 832 75 107 404 291 420 603 974 882 319 967 650 910 241 315 888 790 94 289 56 485 169 157 633
682 964 474 731 843 621 869 442 316 524 193 333 421 747 902 876 263 820 365 584 860 756 877 307 762 749 766 533 218 394 342 783 555 241 179 657 242 847 425 388 534 413 614 448 62 0 388 222 469 255 337 345 689 424 303 398 636 365 572 377 455 633 582 203 269 405 172 441 842 335 563 239 831 350 516 517 980 209 322 594 821 508 301 881 112 748 348 445 139 214 525 700 593 554 287 84 355 371 447 524 780 717 550 290 858 272 431 277 871 950 428 500 664 291 610 605 514 687 555 555 695 879 384 676 175 836 517 618 364 616 146 293 137 839 832 39 254 571 881 640 121 479 411 678 497 700 889 811 550 452 777 273 371 330 438 407 26 190 431 811 660 733 740 603 813 631 421 964 366 756 337 251 810 802 72 46 361 244 364 601 917 857 281 905 588 848 259 283 827 740 40 226 93 426 110 102 577
673 600 635 377 780 234 517 729 191 311 475 115 399 752 608 658 335 456 221 216 650 551 562 570 585 380 398 239 201 474 278 789 297 324 517 270 231 552 492 751 391 187 698 130 451 388 0 553 324 206 95 631 628 244 492 748 251 663 329 733 196 323 721 517 362 464 535 416 580 53 299 452 457 108 191 152 938 504 461 631 679 485 655 501 336 380 615 601 408 518 189 358 587 283 630 446 320 725 520 280 672 423 483 530 553 347 778 594 836 577 504 435 420 422 295 495 229 668 403 274 668 749 321 489 214 648 159 354 506 228 378 212 522 474 601 376 174 255 797 706 279 144 309 295 190 423 513 574 268 553 507 129 352 117 496 710 362 363 471 647 719 345 394 402 444 296 371 617 620 447 138 157 688 717 420 345 324 282 197 726 598 809 337 529 212 474 547 373 458 499 361 164 467 162 292 312 301
586 1066 313 836 759 786 965 220 412 741 87 530 399 634 951 878 278 929 581 713 859 763 942 117 752 868 881 624 353 315 387 667 767 271 43 805 339 900 342 202 544 504 474 569 191 222 553 0 500 468 528 129 621 639 186 194 804 143 628 182 548 718 416 39 263 336 70 413 875 501 633 154 952 546 626 699 874 61 237 486 783 456 106 1007 217 865 143 294 345 45 640 798 510 628 77 138 578 172 352 592 728 782 513 132 917 277 225 55 768 1064 337 475 706 235 699 581 719 596 566 635 607 829 403 682 365 823 702 678 252 766 362 509 137 948 846 204 459 771 805 507 333 670 633 816 696 756 1008 831 632 336 821 424 371 526 357 184 236 207 365 787 529 893 838 630 927 731 644 1051 166 826 456 396 762 733 267 262 378 304 451 440 983 763 504 1025 765 968 68 266 941 769 263 393 136 531 268 246 787
354 586 408 371 457 453 481 584 179 635 415 415 131 433 450 406 226 461 527 311 391 287 442 447 298 419 427 176 278 246 127 469 619 241 486 426 234 399 245 694 72 136 411 216 517 469 324 500 0 460 396 509 304 562 343 671 475 544 133 668 142 240 462 463 238 224 526 134 379 315 150 348 498 416 216 446 615 439 289 331 374 180 603 557 360 415 481 380 571 455 234 329 275 152 568 471 608 657 266 114 355 285 161 404 416 225 692 513 511 595 259 121 205 272 231 173 550 347 91 166 346 442 97 207 377 371 458 182 311 401 554 488 553 479 363 434 423 565 477 410 433 460 616 410 510 256 549 343 165 307 321 280 132 414 239 584 448 307 212 353 418 527 364 134 467 273 670 559 472 330 204 277 376 395 536 450 122 226 140 458 483 485 592 565 474 512 456 234 479 274 471 320 496 166 365 368 619
773 803 650 583 908 405 723 678 283 272 413 101 485 849 809 840 357 660 113 422 829 726 766 527 751 583 602 431 205 518 363 886 300 337 426 460 260 753 544 644 533 342 755 322 311 255 206 468 460 0 116 577 749 171 481 653 415 603 508 632 370 523 752 441 380 517 427 505 773 170 484 424 657 117 390 287 1061 438 473 708 835 580 555 698 268 583 572 617 219 448 392 564 681 470 539 335 151 626 572 457 815 621 598 497 756 371 686 520 953 777 553 545 604 433 496 630 260 772 551 464 776 903 415 655 118 820 282 542 521 419 187 41 391 678 786 264 37 319 933 773 135 239 181 493 247 617 713 760 458 594 701 180 429 98 553 648 235 337 534 810 789 516 600 569 647 501 219 823 584 649 259 187 837 851 256 210 405 306 321 764 803 931 136 728 359 674 488 396 661 685 217 146 348 333 212 233 322
