304
0 817 453 394 816 672 363 427 143 358 323 866 283 77 748 401 898 905 990 835 1035 414 653 984 457 906 809 678 1038 682 858 456 610 336 421 619 916 657 153 845 185 517 661 867 346 256 926 418 453 906 186 843 394 763 961 584 350 740 1013 899 349 394 441 875 610 758 1019 643 745 179 485 536 100 417 529 285 812 470 509 286 779 434 561 971 826 402 885 1039 244 706 683 874 723 251 202 420 535 1037 759 408 688 871 547 255 182 445 937 869 560 717 176 264 750 992 224 1018 268 913 452 448 507 774 957 455 993 954 593 887 497 840 747 578 940 302 509 552 786 660 856 1030 162 839 360 788 797 711 376 716 372 374 558 661 287 380 376 688 708 620 475 33 864 375 738 354 295 767 700 820 749 687 318 536 64 156 394 549 355 539 288 744 490 814 740 590 530 208 595 326 161 155 440 529 1066 468 444 377 661 935 622 664 111 463 22 875 989 136 297 544 384 319 237 760 129 436 654 507 379 738 755 827 818 397 548 575 601 580 588 819 405 131 215 859 181 570 255 777 610 433 903 326 982 337 585 288 437 387 246 179 33 402 945 564 689 237 605 392 320 795 747 501 580 571 483 647 659 216 546 760 814 782 1077 403 634 915 225 491 384 1000 835 304 453 99 245 392 373 438 552 603 495 567 718 826 285 644 164 826 1078 697 507 892 389 259 275 956
817 0 600 649 507 346 991 669 700 495 737 103 766 741 280 681 159 406 348 740 648 779 223 209 507 652 239 262 265 710 716 920 214 825 825 777 591 399 745 87 643 518 528 327 616 621 166 908 968 94 851 199 759 182 283 329 711 405 723 181 870 594 742 486 224 189 202 685 287 639 649 920 775 445 354 532 546 439 725 922 206 804 575 567 42 514 694 611 610 157 677 113 356 649 822 634 355 274 694 697 264 314 284 685 754 559 120 534 465 666 702 829 767 237 617 215 608 96 480 1016 815 563 551 683 177 236 611 512 333 167 314 420 700 834 676 828 194 161 343 699 813 274 465 149 27 671 610 122 574 449 269 217 769 738 490 170 632 470 365 784 698 813 147 758 632 76 492 167 209 140 594 674 767 815 527 822 566 604 667 357 954 124 216 254 320 616 343 537 658 666 961 292 681 468 730 569 164 339 748 409 706 355 816 253 575 710 911 346 434 909 679 679 741 418 450 617 504 87 118 19 275 682 485 255 217 565 353 218 714 821 641 665 838 659 929 352 242 956 181 851 182 899 233 728 388 600 714 864 831 491 360 658 691 708 531 862 616 657 422 359 384 257 494 231 416 614 899 93 632 603 270 594 810 248 611 341 921 247 524 701 410 721 652 426 480 517 279 216 323 538 408 337 681 189 697 369 757 356 765 75 444 585 666 179
453 600 0 70 377 675 425 70 448 449 177 691 224 416 395 667 601 500 620 388 588 736 565 808 96 453 727 625 865 246 407 322 476 253 228 231 468 695 510 580 409 652 215 489 108 210 633 316 374 693 356 521 710 459 613 572 141 331 559 755 294 63 142 445 497 655 772 204 702 339 713 321 358 205 525 343 365 170 136 378 458 204 108 531 630 533 432 597 449 445 237 701 725 509 319 650 247 872 311 102 636 499 341 547 543 46 710 427 653 267 489 290 321 833 263 740 203 679 557 428 824 324 519 83 765 629 140 451 435 534 720 196 486 276 96 240 682 455 471 578 338 482 388 496 593 262 594 478 99 381 360 569 636 150 471 564 255 709 449 431 411 227 608 179 535 592 263 695 434 464 149 767 450 343 537 234 534 728 561 354 354 531 656 501 485 301 597 193 386 393 368 424 617 564 129 559 509 558 216 262 391 381 437 529 550 320 360 255 356 348 524 310 325 462 234 58 494 556 493 599 754 93 135 472 424 736 252 723 691 364 455 405 346 131 402 388 361 365 757 283 782 330 438 609 295 595 563 374 441 509 562 126 247 221 159 273 136 342 331 490 613 367 601 564 254 408 302 512 360 329 866 53 260 576 269 440 338 842 394 165 221 413 505 351 450 576 345 417 361 708 309 442 570 512 291 430 624 703 172 661 415 242 178 665
394 649 70 0 447 691 359 40 404 438 107 735 153 364 459 642 661 571 688 441 656 704 591 854 142 518 758 648 911 290 464 272 506 186 177 248 536 706 465 635 372 646 285 557 68 168 692 259 319 742 286 583 678 517 679 586 72 400 622 796 229 57 106 515 525 687 827 250 726 299 695 287 296 225 536 325 434 210 138 308 519 158 176 601 676 522 492 666 420 497 288 744 743 477 249 630 293 917 365 52 659 566 378 513 499 94 761 497 654 323 448 219 362 876 224 799 165 732 551 369 794 391 589 73 818 692 200 521 451 594 742 260 548 207 119 227 715 497 540 643 269 548 382 553 639 316 573 526 90 378 396 597 597 89 462 597 315 712 459 374 470 166 643 113 508 633 333 731 494 510 117 750 397 275 524 221 515 716 530 423 307 588 685 525 500 264 610 180 345 351 312 446 684 561 96 542 544 627 242 330 343 395 376 594 619 265 291 302 357 281 489 366 265 464 304 114 483 598 545 649 782 34 202 497 459 730 309 755 663 297 421 467 277 176 331 456 407 308 798 215 831 263 469 573 312 576 526 304 379 500 631 170 296 157 230 214 94 402 401 500 622 404 596 590 323 376 273 563 424 394 917 54 273 640 232 454 276 886 464 96 250 364 472 354 441 566 381 454 384 704 378 510 538 544 236 499 688 719 159 713 413 210 120 725
816 507 377 447 0 762 781 433 775 683 552 610 600 765 229 924 407 167 315 244 223 1012 616 696 359 149 727 682 743 286 213 641 530 617 563 392 110 803 838 437 723 837 162 211 474 560 433 651 698 571 734 324 986 326 344 683 516 116 241 689 652 427 475 73 559 659 591 287 744 669 940 594 727 434 663 621 42 365 415 747 300 534 273 155 549 754 187 222 740 380 252 619 797 800 697 892 345 758 224 465 691 227 424 842 866 374 567 53 811 220 806 665 308 731 600 530 548 538 754 760 1085 83 141 421 607 387 266 74 576 355 769 252 198 646 376 484 676 451 188 237 715 247 620 358 518 228 843 421 444 604 435 616 939 514 697 583 193 849 609 790 192 581 603 547 811 548 116 664 301 434 498 986 799 720 763 481 780 928 845 156 660 386 675 582 611 629 709 501 712 720 697 536 256 753 463 800 527 258 361 171 734 542 802 291 173 679 728 341 573 712 823 209 691 651 166 340 721 521 396 494 761 463 268 556 470 915 282 710 955 740 757 158 724 318 775 155 378 696 688 647 651 690 505 903 480 839 865 752 809 726 250 322 263 596 217 617 498 168 99 639 743 429 792 620 173 711 565 422 134 117 704 419 417 330 602 586 686 740 22 543 410 756 798 563 675 786 423 459 495 884 128 178 857 549 651 146 295 784 452 529 629 568 549 459
672 346 675 691 762 0 955 726 530 316 739 310 748 597 542 392 504 713 687 954 947 482 146 388 583 910 168 86 428 872 944 945 232 821 857 900 865 52 549 429 488 207 713 635 632 580 512 920 978 382 778 521 467 465 625 105 729 645 1000 292 862 636 797 767 203 165 501 836 87 523 334 977 673 470 158 419 792 513 812 874 496 845 706 864 318 275 936 918 428 391 845 312 53 437 762 343 463 418 890 743 82 626 359 457 543 629 420 803 145 850 509 793 943 379 546 544 572 415 225 1009 495 790 847 752 458 581 752 792 240 493 78 570 959 814 770 913 177 313 644 987 737 581 337 452 320 852 344 357 601 332 342 148 514 766 296 190 819 127 234 642 931 828 199 772 401 270 701 221 480 335 590 344 609 736 286 907 330 275 428 607 983 446 135 185 191 522 83 519 518 522 967 254 983 209 787 317 237 667 878 611 569 295 680 577 875 615 871 460 343 880 462 879 650 248 641 718 293 275 399 365 160 724 616 214 294 228 507 189 421 731 459 904 766 783 866 618 386 961 297 837 413 879 262 477 380 331 483 786 697 270 687 780 860 670 688 874 617 874 663 194 92 343 210 142 614 457 965 378 862 826 500 642 931 585 536 237 915 383 783 697 456 575 442 343 303 251 358 304 315 205 637 627 440 213 616 653 1046 28 844 400 303 528 646 524
363 991 425 359 781 955 0 357 483 647 257 1067 224 406 818 757 1017 921 1045 691 966 777 890 1189 498 813 1059 935 1246 541 728 169 819 172 220 437 851 954 513 987 495 842 621 914 376 382 1049 141 127 1085 188 941 757 873 1038 854 288 754 906 1119 131 406 305 853 831 995 1178 516 1011 439 836 256 303 546 797 536 758 556 370 82 877 249 512 926 1013 716 769 987 563 845 560 1077 1009 593 195 769 641 1249 630 324 947 924 708 609 545 453 1108 825 873 601 526 164 582 1207 409 1154 393 1079 761 90 871 711 917 362 1165 1051 515 855 732 951 1021 619 830 156 405 337 1024 832 896 937 227 907 617 908 978 592 718 871 419 623 725 898 651 274 670 909 610 935 726 375 743 201 959 245 637 964 675 1048 851 850 397 890 417 230 712 337 682 883 639 780 180 942 986 822 778 433 873 460 460 459 118 746 989 775 318 707 864 983 458 687 417 682 343 953 944 347 84 651 616 81 587 639 314 707 657 445 683 929 895 993 1077 331 560 798 785 916 666 1062 765 244 543 753 197 465 107 813 750 113 1123 143 1171 95 785 649 616 727 604 188 330 706 986 461 558 290 572 164 374 687 752 763 870 735 800 887 679 520 281 910 720 700 1261 408 433 1000 419 732 98 1216 794 290 580 424 587 619 658 758 712 782 690 898 732 867 639 857 340 853 970 983 338 1059 652 430 326 1082
427 669 70 40 433 726 357 0 443 478 120 757 169 401 465 682 671 564 687 408 635 745 622 876 161 493 787 680 932 255 433 252 535 187 158 208 516 742 504 650 412 685 270 557 108 208 703 245 304 761 306 591 718 529 683 621 85 396 596 820 226 89 74 502 555 716 842 216 758 339 735 257 328 257 572 365 416 233 97 315 529 135 159 584 697 562 464 648 461 514 256 767 777 518 270 670 313 939 333 33 691 567 404 553 538 109 779 480 692 292 487 232 325 899 264 810 205 749 591 357 835 371 573 32 835 699 175 507 485 604 775 266 521 213 82 189 743 521 538 619 294 551 421 566 660 285 613 546 126 416 422 627 637 83 501 625 287 750 495 409 440 157 670 114 548 657 321 758 505 531 158 791 433 300 565 183 556 756 571 422 285 602 715 557 535 304 646 219 384 391 297 478 662 600 63 582 571 625 202 330 381 430 408 599 602 301 296 322 394 283 530 335 298 502 299 92 523 621 562 667 812 31 204 528 486 769 322 784 704 323 462 440 298 143 342 455 428 294 822 217 851 263 498 613 346 616 566 324 410 540 628 137 262 189 217 202 135 374 395 536 658 430 635 621 321 417 241 581 398 370 935 83 232 645 272 489 269 909 448 123 278 401 513 391 481 606 407 480 416 743 375 509 578 572 272 496 661 754 120 730 451 251 156 736
143 700 448 404 775 530 483 443 0 220 368 740 343 77 670 275 796 840 908 836 998 312 520 855 420 884 672 541 908 692 852 543 487 412 486 650 881 513 63 737 58 374 633 792 342 237 822 508 553 785 295 750 288 669 872 445 384 684 991 767 437 384 480 826 484 624 902 651 604 109 353 611 180 347 391 175 778 411 537 401 689 492 547 927 704 258 873 995 101 605 685 747 580 111 296 286 458 905 759 435 550 794 447 127 95 425 818 828 416 715 46 351 766 861 185 908 244 796 308 559 406 746 912 475 873 858 587 841 370 743 606 525 923 386 524 603 651 548 785 1002 258 757 234 689 678 710 237 608 351 250 454 529 195 422 236 559 699 476 344 117 854 442 608 405 155 644 663 687 659 577 299 407 80 254 250 599 211 402 157 679 580 712 605 461 398 149 455 275 63 55 540 408 1031 324 479 234 539 857 646 611 70 345 155 789 945 156 406 466 268 424 105 757 180 300 609 506 237 617 651 711 679 420 510 450 488 440 519 683 286 238 71 843 286 577 378 710 513 532 771 412 856 436 467 177 340 247 129 295 172 259 869 571 695 272 579 472 313 784 694 366 437 467 339 514 607 85 615 652 797 762 952 394 671 825 179 363 482 868 796 336 378 58 105 277 235 294 452 491 384 425 663 755 157 519 180 760 1055 554 546 775 259 210 289 850
358 495 449 438 683 316 647 478 220 0 456 524 454 282 524 241 609 707 746 806 901 331 301 637 378 814 451 320 689 686 810 659 280 529 580 679 793 308 254 543 172 209 572 646 371 291 632 630 685 574 465 578 306 498 701 225 455 574 918 547 566 393 539 718 272 404 694 645 386 209 268 706 357 264 170 118 697 332 574 565 523 574 519 822 493 84 819 887 120 425 668 531 368 155 452 211 338 685 731 485 330 644 282 192 260 409 609 734 228 687 211 490 762 641 246 708 287 589 117 708 402 677 805 509 662 678 565 737 162 564 389 435 859 516 543 664 431 355 644 920 424 602 64 510 470 685 160 418 354 78 282 310 283 495 24 343 663 289 130 327 805 544 391 492 143 432 585 467 495 386 322 320 297 423 88 659 97 279 179 555 698 527 384 246 180 215 237 258 201 206 673 207 936 129 532 118 330 703 665 511 253 158 365 624 838 301 564 342 109 575 184 725 336 80 523 503 45 409 465 508 459 466 450 240 296 292 402 462 272 416 152 787 454 576 553 582 348 667 552 540 641 578 267 242 202 157 220 472 382 63 718 572 680 373 528 586 348 738 588 146 226 293 160 295 509 141 700 460 740 703 737 401 706 654 235 153 618 649 705 414 277 259 157 119 15 128 286 302 207 267 557 616 193 307 306 630 977 342 597 569 57 238 361 657
323 737 177 107 552 739 257 120 368 456 0 817 48 312 563 630 760 678 794 521 756 680 655 938 241 613 824 706 995 365 549 205 576 89 124 295 637 747 423 730 350 664 389 664 120 164 792 181 241 831 186 684 655 616 784 634 35 507 715 873 133 149 118 621 592 756 921 329 784 277 693 252 223 296 581 338 536 299 187 201 620 124 278 704 761 536 582 769 410 589 371 827 792 459 149 626 384 1000 448 92 718 672 457 489 458 198 852 600 682 409 415 113 430 958 213 897 170 823 573 281 773 492 693 141 909 795 296 626 504 693 797 364 640 102 195 235 784 580 646 739 177 652 410 651 725 402 570 616 163 410 474 661 563 56 480 667 407 743 505 310 558 89 716 37 496 714 439 805 594 596 151 749 341 183 536 231 518 725 512 529 244 685 750 587 552 251 656 221 317 321 231 508 783 585 121 545 619 733 300 437 300 450 302 698 723 214 185 394 396 177 466 452 200 498 411 213 499 679 639 738 845 89 308 561 536 746 409 824 647 208 402 559 178 260 224 563 495 226 876 114 918 163 541 545 374 575 497 204 302 519 737 254 376 96 335 135 125 493 508 545 662 484 616 652 429 363 250 654 518 491 1007 152 311 744 224 505 185 967 568 42 327 318 454 395 463 581 461 532 449 723 485 616 517 615 187 606 781 767 184 804 444 217 95 824
866 103 691 735 610 310 1067 757 740 524 817 0 843 789 384 681 239 504 429 844 744 777 225 121 595 755 166 237 178 812 820 1007 257 906 912 876 692 362 778 179 685 505 630 425 696 690 234 993 1053 74 917 297 759 286 362 325 794 509 823 78 950 678 832 587 255 145 191 786 234 691 636 1012 833 521 364 581 650 525 819 995 310 892 673 665 63 526 798 705 644 255 779 10 304 675 891 632 443 182 797 784 235 411 360 707 783 647 111 636 446 769 735 903 870 141 679 238 678 113 485 1098 801 667 649 774 149 309 710 613 370 264 257 517 802 912 770 923 134 237 443 798 879 374 507 252 100 773 617 216 655 492 342 217 784 823 515 180 735 438 395 833 801 897 134 841 651 103 596 92 312 226 670 653 811 880 539 917 582 583 685 461 1041 225 174 278 343 673 332 608 705 712 1044 337 777 472 819 580 207 430 847 512 755 405 867 347 671 769 985 435 483 986 704 783 802 444 552 711 525 138 221 116 198 769 581 290 282 538 449 141 713 884 676 768 905 756 999 456 329 1040 77 930 117 977 286 743 453 606 735 930 883 508 450 756 794 780 631 946 693 761 526 379 370 332 490 233 519 655 992 195 736 707 212 680 908 335 672 376 1002 151 627 779 489 768 679 476 509 521 355 285 382 513 512 439 699 222 759 471 855 311 859 105 480 650 741 235
283 766 224 153 600 748 224 169 343 454 48 843 0 280 604 611 797 723 837 569 805 656 672 964 280 662 841 720 1021 413 597 207 597 75 143 338 686 753 394 763 332 660 437 707 153 167 828 176 231 860 137 723 631 653 825 644 84 553 764 896 114 189 161 668 611 775 954 377 797 262 680 268 184 321 589 336 585 334 232 160 658 152 327 753 788 531 631 817 395 622 419 852 801 441 101 611 418 1025 496 141 732 715 483 468 429 241 883 649 682 458 390 67 475 983 208 932 176 854 571 262 750 541 741 190 940 834 345 674 517 731 809 406 689 69 244 269 803 608 690 788 131 694 413 687 753 450 556 646 196 416 500 679 536 101 478 688 456 743 514 273 607 98 737 71 479 739 486 826 631 625 172 735 307 137 530 266 508 715 493 573 245 720 767 603 564 241 665 238 297 301 220 526 832 583 166 535 641 777 344 482 273 464 262 739 771 187 146 428 404 143 444 500 167 503 457 262 495 705 672 769 861 138 353 578 561 740 447 843 627 162 384 608 130 308 179 607 525 214 900 89 947 135 562 521 394 562 473 155 259 516 782 303 423 80 383 134 150 542 554 554 667 511 613 669 474 349 271 686 567 540 1037 193 351 785 218 517 167 992 616 66 355 289 435 405 462 575 488 557 468 717 531 660 496 635 164 651 830 776 225 835 448 219 103 860
77 741 416 364 765 597 406 401 77 282 312 789 280 0 682 351 825 845 924 804 987 380 575 906 405 864 732 601 961 655 823 474 533 345 424 603 868 584 114 770 109 449 615 803 308 207 853 438 480 829 218 773 357 692 892 507 333 682 971 821 367 354 428 821 533 680 943 614 668 106 430 546 106 352 452 209 764 410 490 324 709 432 521 919 749 330 847 987 171 634 652 797 648 189 223 363 469 959 727 388 611 806 474 202 149 400 861 818 489 683 120 280 726 915 165 944 218 837 379 484 475 728 905 431 917 883 557 834 419 768 671 521 900 316 483 547 708 584 793 986 184 772 282 716 720 678 315 642 326 296 484 583 257 367 300 610 671 550 397 45 827 378 660 347 232 690 650 742 680 612 271 484 34 179 323 543 286 480 233 683 510 741 663 512 452 141 519 266 84 77 467 452 1018 395 428 310 584 869 602 607 35 386 83 807 937 99 331 477 307 350 181 727 113 358 600 473 305 661 682 751 741 374 497 498 525 517 525 742 360 161 144 820 210 540 301 715 538 460 825 342 904 363 508 247 365 324 200 218 100 328 880 534 659 217 559 405 280 758 691 424 505 497 412 569 602 140 552 686 774 740 1000 363 621 846 163 413 409 923 785 284 387 22 182 315 296 368 479 527 419 502 661 763 232 566 128 765 1035 622 494 816 312 198 244 882
748 280 395 459 229 542 818 465 670 524 563 384 604 682 0 760 215 184 242 459 405 854 396 479 323 378 497 459 530 442 436 713 317 646 621 523 325 587 729 220 612 645 260 123 452 503 246 710 767 354 719 129 829 98 221 474 530 125 460 462 688 414 531 224 345 430 399 423 517 576 760 693 676 330 464 497 267 282 495 764 78 595 333 322 322 583 416 380 609 153 407 393 573 664 684 721 213 543 416 498 467 124 242 706 750 365 356 264 610 391 690 671 492 512 524 354 489 326 571 823 916 282 305 470 404 233 359 249 388 149 543 199 426 665 446 591 446 229 119 444 689 92 469 134 289 397 679 192 411 451 246 394 802 545 533 358 357 640 424 717 418 622 374 573 665 318 217 434 72 208 453 800 715 693 594 585 620 737 701 77 741 167 447 372 412 541 498 423 612 621 762 342 441 567 518 634 305 187 492 147 648 368 739 135 334 617 748 204 423 740 691 401 639 474 187 390 556 291 166 269 532 488 261 349 261 716 161 480 792 707 633 385 707 412 782 76 180 759 462 675 439 723 298 763 334 672 733 736 750 554 199 413 421 569 278 668 465 376 142 446 535 236 603 400 155 592 668 193 352 322 505 411 554 181 522 399 734 522 248 537 295 668 664 412 514 607 239 251 319 685 130 92 715 329 594 112 504 562 536 313 467 489 521 278
401 681 667 642 924 392 757 682 275 241 630 681 611 351 760 0 817 944 971 1040 1142 98 461 776 609 1055 560 445 819 911 1047 816 480 683 752 890 1035 352 248 745 279 185 811 879 574 476 836 781 828 745 570 800 77 723 920 356 639 816 1160 679 712 606 732 959 462 540 868 870 480 352 88 879 456 501 327 324 939 570 780 676 750 754 749 1063 669 178 1058 1128 221 646 897 686 428 170 572 49 579 810 964 682 450 876 517 148 221 632 783 976 247 919 231 626 987 770 421 896 477 769 202 835 161 917 1046 715 830 891 794 979 376 781 469 676 1099 660 756 858 560 568 879 1161 534 833 305 729 655 917 81 631 568 320 514 468 140 679 228 513 897 286 339 383 1043 710 550 667 134 609 826 603 724 599 525 135 341 530 166 853 144 155 119 795 853 740 512 431 368 381 349 474 314 311 815 424 1177 213 728 126 523 932 880 752 344 392 419 849 1079 427 682 584 350 700 170 958 455 287 765 724 204 595 679 698 552 664 687 438 514 207 643 579 32 513 227 1026 561 798 651 820 580 808 685 685 794 711 480 118 444 87 155 569 434 206 949 793 909 535 764 744 547 975 830 328 313 524 191 453 751 267 880 669 979 942 886 615 915 874 411 365 757 775 947 592 517 334 176 360 249 164 520 522 441 209 799 853 118 495 447 868 1218 406 796 751 296 431 540 857
898 159 601 661 407 504 1017 671 796 609 760 239 797 825 215 817 0 274 190 651 510 915 372 296 519 540 396 418 339 654 621 922 336 846 829 738 472 556 847 75 738 664 474 200 643 674 31 917 975 179 900 87 893 144 124 475 730 329 596 313 890 611 740 368 355 349 186 637 447 719 793 907 840 492 491 621 449 463 708 957 142 804 548 433 195 643 591 469 716 191 619 245 516 763 868 771 381 355 619 703 421 185 350 801 862 566 164 421 615 599 806 863 699 333 682 139 660 139 615 1029 959 477 419 679 199 77 574 393 448 67 473 405 585 861 659 805 352 253 222 567 866 159 568 111 184 606 741 190 600 550 342 367 891 749 609 320 566 625 484 865 599 826 305 774 751 233 427 321 166 222 633 822 854 869 655 800 691 753 788 283 952 83 376 387 449 689 492 589 746 755 969 402 542 606 727 698 295 192 707 362 790 455 893 118 438 777 943 371 529 937 791 603 805 539 402 602 627 232 145 140 430 691 470 379 313 718 351 373 850 880 745 565 888 627 970 264 288 966 311 874 247 922 342 850 460 732 830 916 906 618 212 628 632 751 493 873 650 571 343 488 534 329 635 379 370 711 882 148 540 517 297 609 769 96 678 458 937 341 419 730 455 807 764 519 595 653 346 307 412 689 341 229 802 324 759 260 623 514 750 137 553 648 705 64
905 406 500 571 167 713 921 564 840 707 678 504 723 845 184 944 274 0 147 404 241 1038 567 570 455 273 643 628 611 452 367 792 495 751 708 555 201 760 901 324 784 827 303 80 582 652 294 797 849 451 850 207 1012 248 184 652 642 170 322 581 790 538 618 104 522 583 446 449 677 741 944 752 825 494 646 672 208 434 564 878 217 679 409 161 449 766 330 206 786 322 418 511 739 843 814 905 382 628 392 598 634 92 426 885 924 484 438 159 791 386 864 790 476 607 681 379 638 413 755 909 1100 250 146 559 469 234 414 125 572 240 704 328 315 777 521 643 594 404 68 294 826 134 649 266 424 395 862 355 546 632 430 564 982 647 717 524 358 818 608 875 343 720 530 679 846 464 248 573 234 379 594 984 878 830 777 639 803 920 882 161 814 283 605 551 595 703 676 579 780 789 846 526 275 751 604 818 476 95 524 244 811 552 894 157 168 770 860 375 603 848 869 376 788 658 266 476 739 446 316 390 679 592 371 530 443 897 321 623 976 848 809 308 840 469 902 129 364 845 579 781 521 827 479 943 512 856 911 868 903 738 84 472 428 705 348 760 601 333 169 630 714 420 787 573 251 766 724 340 296 284 561 532 582 182 681 583 828 616 170 661 462 832 843 592 697 791 423 433 502 866 192 91 895 503 745 79 351 731 603 409 649 647 656 315
990 348 620 688 315 687 1045 687 908 746 794 429 837 924 242 971 190 147 0 551 343 1068 549 469 559 414 586 601 502 597 512 924 496 873 837 698 339 738 965 261 850 833 439 130 689 745 195 927 981 363 957 172 1044 249 66 647 760 293 444 500 913 648 746 251 520 537 326 592 635 817 958 891 918 572 653 734 356 523 698 996 223 810 538 278 386 793 473 297 841 325 563 434 703 894 922 928 455 520 539 721 605 121 467 935 985 596 340 305 788 533 926 905 623 507 766 253 731 322 773 1039 1120 397 268 686 358 121 550 269 595 195 662 431 451 895 652 783 542 405 149 408 929 151 696 244 372 541 892 344 649 678 465 544 1029 770 751 499 504 804 632 959 488 845 490 800 889 420 384 511 251 374 693 991 956 933 805 778 837 924 926 265 949 242 563 551 606 783 667 665 852 860 977 547 371 766 733 848 464 61 667 357 889 588 982 122 278 859 979 446 652 969 921 524 881 685 389 603 772 412 296 329 621 713 485 537 457 893 403 563 1004 948 867 454 946 605 1016 232 400 975 497 903 417 950 491 989 568 884 962 974 993 766 64 608 574 808 478 888 704 481 298 644 708 453 798 555 365 828 863 312 443 432 438 644 726 102 765 606 955 514 318 772 536 908 894 641 734 811 463 449 540 863 313 178 940 492 836 194 458 700 739 324 689 731 760 204
835 740 388 441 244 954 691 408 836 806 521 844 569 804 459 1040 651 404 551 0 307 1116 815 936 430 155 945 881 985 156 45 527 723 554 476 253 225 988 899 676 795 990 242 456 496 599 678 549 581 811 704 566 1089 557 587 863 489 334 221 921 576 452 411 299 751 874 836 192 950 727 1074 454 736 541 831 716 202 474 338 682 535 450 291 306 781 887 93 344 830 599 152 853 995 890 669 1016 496 999 77 429 891 472 596 930 932 413 809 245 976 121 876 620 111 970 651 775 592 780 899 643 1200 177 306 381 851 631 249 281 738 596 974 387 149 590 326 355 894 657 433 259 699 491 741 592 747 126 962 640 485 729 612 816 1022 468 825 790 142 1023 765 816 68 511 818 500 912 771 255 888 531 647 537 1125 837 705 893 354 899 1076 941 382 532 624 886 768 781 688 890 571 773 781 584 708 319 902 403 923 732 499 233 346 780 693 816 536 319 706 661 497 700 639 908 81 706 796 312 331 850 741 624 728 978 438 357 740 660 1073 446 931 1066 729 839 99 698 265 718 391 569 586 921 581 893 613 691 992 614 961 948 722 818 860 488 270 145 597 278 531 524 82 317 801 917 610 941 817 341 791 424 650 110 136 949 442 262 574 657 747 593 979 235 531 533 801 887 691 803 925 596 651 654 1043 332 422 951 749 676 391 282 978 358 769 760 628 561 704
1035 648 588 656 223 947 966 635 998 901 756 744 805 987 405 1142 510 241 343 307 0 1232 800 805 581 157 884 863 842 431 262 812 722 811 746 542 120 993 1061 565 946 1045 374 321 690 780 526 829 869 689 941 448 1206 485 402 879 721 326 113 821 842 643 665 185 751 823 669 450 916 891 1153 750 944 657 866 844 223 588 597 943 454 717 480 83 690 969 214 49 962 555 407 751 976 1022 905 1108 563 860 344 665 870 333 632 1064 1089 591 673 169 1014 367 1029 867 414 842 822 597 769 650 965 932 1302 264 100 618 698 458 460 163 784 481 942 475 160 843 567 643 835 635 306 69 926 374 839 506 666 376 1061 591 663 823 641 799 1161 712 914 760 356 1046 818 1010 240 772 769 745 1032 705 336 814 468 612 717 1197 1021 931 979 641 999 1137 1066 351 824 524 844 777 814 852 904 723 935 943 870 741 35 963 654 1017 709 319 515 392 956 755 1021 397 73 899 922 558 792 904 1046 332 909 864 389 543 938 685 555 631 920 667 489 754 665 1119 499 865 1173 953 980 219 933 503 974 332 579 871 819 841 754 880 702 1125 698 1056 1088 960 1027 941 300 508 411 810 431 802 715 281 312 845 940 633 1001 805 395 934 719 579 246 267 782 634 558 415 825 795 868 850 202 752 632 978 1020 782 893 999 630 655 706 1088 344 320 1079 734 870 293 114 966 628 647 846 791 765 542
414 779 736 704 1012 482 777 745 312 331 680 777 656 380 854 98 915 1038 1068 1116 1232 0 558 869 686 1140 650 540 911 983 1126 854 578 723 799 953 1123 439 267 843 333 275 893 974 638 536 934 818 860 842 595 897 26 819 1018 453 693 906 1245 772 747 674 788 1049 560 634 965 941 570 406 153 924 486 583 425 400 1025 653 841 699 846 803 825 1154 766 274 1139 1219 287 743 971 782 514 227 603 145 669 901 1040 741 544 972 612 191 233 705 880 1064 336 995 265 660 1058 861 480 994 539 867 300 860 94 1001 1137 777 926 989 868 1069 473 879 557 762 1183 697 822 913 653 666 973 1249 563 929 393 826 752 992 176 729 637 409 609 565 126 732 321 610 975 368 436 403 1124 754 646 717 204 706 911 697 820 697 590 172 362 558 262 908 235 221 175 887 890 838 606 529 466 440 445 546 363 358 847 521 1267 311 786 221 621 1028 946 841 382 486 434 946 1170 468 708 674 439 728 215 1035 491 383 850 795 298 693 777 796 641 724 768 536 611 277 733 671 65 537 283 1108 588 868 669 913 675 840 778 722 889 742 577 134 533 184 182 591 447 302 1045 863 982 583 844 784 610 1055 920 426 407 620 287 550 839 328 927 767 1061 1024 979 684 976 972 472 462 789 866 1034 645 602 367 232 450 341 262 615 619 535 287 888 947 166 593 492 961 1305 494 854 848 388 495 596 955
653 223 565 591 616 146 890 622 520 301 655 225 672 575 396 461 372 567 549 815 800 558 0 335 468 765 169 66 387 743 802 857 93 742 765 780 719 193 555 297 468 294 576 490 539 508 386 836 896 284 726 379 538 319 489 105 639 500 854 246 785 534 696 620 67 106 408 708 139 484 425 878 631 366 138 373 647 396 701 813 350 749 581 717 208 301 793 772 422 245 714 232 181 450 704 412 334 384 753 643 76 481 229 481 558 518 322 657 242 716 513 726 811 340 486 436 497 308 261 934 591 648 700 646 371 449 626 645 160 353 160 437 814 741 656 805 134 166 498 840 685 436 293 309 196 718 393 212 503 281 211 8 558 673 290 53 684 255 177 620 789 741 91 684 425 148 560 167 333 188 503 451 595 686 313 799 356 381 459 461 894 307 95 68 122 472 120 434 491 497 886 146 836 248 685 355 91 525 756 469 543 208 656 435 728 569 807 329 278 811 479 741 603 221 502 601 299 140 255 241 190 625 488 94 154 345 370 172 493 686 454 761 713 661 811 471 245 881 251 762 342 807 128 517 281 382 509 736 672 282 544 658 729 600 557 790 529 734 518 155 161 209 271 7 473 437 863 236 720 685 437 539 812 447 477 163 838 348 637 614 344 553 454 274 286 298 227 164 207 316 493 481 473 67 563 507 900 167 736 290 263 461 568 403
984 209 808 854 696 388 1189 876 855 637 938 121 964 906 479 776 296 570 469 936 805 869 335 0 714 835 221 331 57 917 909 1126 377 1027 1031 986 768 436 890 260 802 593 734 496 817 812 278 1113 1173 125 1039 373 852 383 405 426 914 604 893 96 1071 798 950 663 373 238 158 893 302 810 722 1129 954 643 471 700 738 644 934 1117 402 1011 785 730 178 631 883 762 757 366 883 112 368 785 1013 726 562 64 896 904 325 481 481 814 893 766 132 716 532 870 848 1025 971 37 800 230 799 158 587 1219 883 760 716 892 115 348 820 688 487 341 320 630 881 1033 885 1038 215 357 517 864 1000 451 624 345 215 875 718 331 776 610 464 327 886 943 626 296 836 512 510 951 889 1017 246 961 758 225 696 173 410 344 791 731 928 1001 644 1032 688 663 791 556 1161 312 263 394 457 793 428 730 822 829 1165 457 835 572 937 683 328 485 957 616 873 524 986 414 734 890 1107 553 602 1108 813 881 923 556 657 827 633 259 325 215 241 888 695 408 404 613 563 199 806 1005 789 855 1026 868 1120 545 448 1160 90 1051 53 1098 408 847 575 705 842 1052 1002 615 505 868 898 902 740 1066 815 855 620 490 463 453 586 342 623 771 1108 302 827 800 112 800 1019 390 793 493 1123 45 711 900 610 885 789 595 621 621 477 406 503 592 610 519 804 341 880 552 918 382 975 167 596 771 862 264
457 507 96 142 359 583 498 161 420 378 241 595 280 405 323 609 519 455 559 430 581 686 468 714 0 463 630 529 771 308 439 412 379 326 318 317 462 605 484 492 373 574 212 430 129 201 551 402 462 601 398 443 660 375 545 480 210 285 570 659 370 91 236 418 401 559 684 267 607 312 646 417 371 118 436 286 358 73 232 440 379 296 140 514 536 461 455 582 401 354 289 605 632 462 362 587 152 778 354 189 541 437 244 503 514 51 619 412 570 309 456 348 383 737 241 657 189 589 479 512 769 325 500 180 675 554 187 429 344 453 625 128 503 343 188 336 585 359 415 582 371 414 315 411 499 307 532 385 90 305 263 473 597 232 399 467 288 623 361 430 438 308 511 255 482 496 245 598 353 369 140 699 440 375 467 330 470 654 512 298 446 446 559 406 393 272 506 145 357 365 454 330 613 485 223 494 412 499 297 211 375 291 444 459 532 320 425 161 277 418 482 349 335 380 196 135 423 460 403 507 657 175 91 376 327 658 168 626 636 392 413 424 387 203 458 332 266 451 661 354 689 403 342 565 205 532 523 415 452 435 506 200 302 250 159 357 145 369 291 402 525 270 523 468 204 365 398 420 378 342 775 89 348 504 244 350 419 747 379 214 127 397 459 270 377 502 248 320 267 629 263 384 522 415 293 378 634 610 268 570 338 210 201 583
906 652 453 518 149 910 813 493 884 814 613 755 662 864 378 1055 540 273 414 155 157 1140 765 835 463 0 875 831 879 274 110 656 678 662 593 385 75 951 948 578 836 979 250 340 560 656 564 674 713 712 799 462 1113 473 458 830 578 265 107 833 690 512 516 172 707 808 719 296 893 775 1077 593 812 556 807 742 120 486 445 794 446 565 345 152 695 889 63 190 860 530 253 763 946 921 763 1025 480 895 186 520 840 355 567 962 978 463 704 119 956 212 919 721 258 871 702 653 646 676 893 776 1216 138 154 472 739 508 318 148 719 494 919 378 48 695 420 487 825 600 318 126 787 384 750 503 664 221 974 570 538 735 579 765 1058 566 830 732 206 995 749 883 86 621 752 599 936 696 229 811 449 583 592 1124 898 792 898 484 911 1069 968 306 667 530 824 730 755 735 856 609 820 828 714 681 176 893 505 932 676 369 359 309 836 681 890 422 164 772 773 478 705 754 942 175 778 789 290 403 855 670 543 638 910 524 375 703 617 1058 420 858 1084 815 874 61 791 355 826 302 525 715 832 691 788 729 652 1024 613 971 984 817 895 861 355 360 255 674 305 649 586 125 247 782 888 574 932 769 308 827 562 570 94 124 833 503 401 454 706 728 715 880 129 613 538 858 918 695 808 923 566 607 636 1027 273 316 980 698 742 284 171 933 474 669 762 673 632 587
809 239 727 758 727 168 1059 787 672 451 824 166 841 732 497 560 396 643 586 945 884 650 169 221 630 875 0 130 260 889 927 1025 251 911 932 936 819 215 699 326 623 375 715 563 708 677 395 1005 1065 240 893 438 635 404 520 227 807 616 953 126 954 701 862 715 232 72 349 857 81 646 502 1044 795 533 280 536 762 557 863 982 433 916 734 802 200 429 911 849 570 347 858 164 146 589 872 510 488 250 889 810 121 551 386 614 697 681 276 760 314 855 658 894 954 210 653 403 666 279 381 1103 661 771 786 809 303 469 776 741 327 406 98 583 924 910 817 967 50 290 578 933 852 509 454 378 219 859 508 306 670 444 367 162 678 841 436 163 822 291 339 777 911 910 126 853 557 180 690 75 426 297 672 509 749 852 441 961 485 441 587 571 1062 360 73 237 284 637 221 604 649 655 1055 315 918 365 850 477 221 579 911 600 701 377 815 492 811 734 975 482 445 980 616 876 768 373 637 760 438 205 333 258 35 792 640 263 305 391 514 25 589 851 602 880 880 816 979 573 385 1050 132 931 252 976 289 639 449 495 641 903 831 418 600 814 873 769 703 958 698 862 634 308 250 362 373 172 606 592 1028 307 843 810 334 705 969 488 644 329 1007 215 745 783 508 710 593 441 436 412 383 313 375 371 614 568 600 215 730 598 991 160 899 269 422 629 737 399
678 262 625 648 682 86 935 680 541 320 706 237 720 601 459 445 418 628 601 881 863 540 66 331 529 831 130 0 378 808 869 910 159 791 819 843 783 137 569 343 493 267 643 549 593 554 428 888 947 306 765 435 522 379 539 97 692 566 919 236 834 591 753 684 132 94 427 773 78 517 398 935 666 423 150 407 713 457 761 856 410 805 645 779 237 302 859 833 440 307 780 241 114 460 745 396 398 372 819 700 11 540 293 486 568 578 344 722 209 782 527 771 877 329 527 466 544 336 256 982 563 714 763 705 387 495 690 709 203 407 96 502 880 788 717 864 115 231 559 904 725 495 325 365 235 784 386 272 559 316 275 65 555 727 305 104 750 208 210 646 855 794 115 737 430 185 627 158 395 251 555 417 618 724 314 858 358 347 461 526 948 359 67 123 157 509 96 485 519 524 937 201 898 241 743 352 154 580 820 536 571 256 684 490 791 605 851 394 319 857 487 808 640 242 569 663 309 188 313 281 142 682 553 152 221 304 436 142 476 722 472 827 753 724 852 536 311 931 241 810 348 854 193 516 335 374 514 775 701 289 600 721 794 646 622 841 581 801 584 178 133 274 255 64 540 461 921 291 786 751 440 596 875 499 518 203 887 335 703 664 403 579 464 316 305 289 291 230 264 278 559 543 474 133 602 569 963 103 796 319 292 505 617 441
1038 265 865 911 743 428 1246 932 908 689 995 178 1021 961 530 819 339 611 502 985 842 911 387 57 771 879 260 378 0 970 957 1183 433 1084 1088 1041 811 474 942 310 855 635 787 540 874 869 317 1170 1230 177 1095 419 895 435 439 474 972 654 934 142 1128 855 1007 707 428 286 178 947 341 865 762 1185 1009 700 522 755 785 701 990 1174 452 1067 840 769 235 680 929 798 809 422 936 169 403 835 1070 770 619 20 946 960 371 524 538 864 944 823 176 760 574 922 900 1082 1023 49 857 253 856 205 634 1276 921 809 756 948 143 383 875 732 541 389 356 685 924 1090 941 1093 262 414 561 902 1057 496 678 397 272 927 764 387 833 664 521 379 933 1000 677 350 888 550 564 1005 936 1075 300 1018 808 282 747 222 463 401 849 768 982 1058 692 1088 736 701 839 606 1217 363 310 448 510 849 474 787 876 883 1222 513 871 619 994 730 384 523 1012 669 927 580 1041 457 772 946 1164 610 657 1165 863 931 979 608 710 883 684 316 380 269 274 945 750 463 461 650 618 240 849 1061 842 902 1083 923 1177 594 505 1218 137 1108 91 1156 464 894 631 751 892 1108 1057 665 542 923 950 958 794 1123 872 904 670 542 507 511 631 393 676 824 1164 357 875 849 92 857 1073 429 849 547 1180 45 757 957 667 939 839 651 673 668 534 463 560 631 661 565 852 397 936 598 956 419 1031 217 649 828 919 299
682 710 246 290 286 872 541 255 692 686 365 812 413 655 442 911 654 452 597 156 431 983 743 917 308 274 889 808 970 0 188 382 649 399 323 111 323 901 754 661 655 881 182 481 350 454 684 400 438 792 548 566 956 535 618 774 334 325 365 886 422 310 254 358 676 816 840 41 882 585 953 319 583 426 736 586 249 366 182 528 520 296 169 404 748 769 228 457 696 557 35 822 918 755 513 892 409 982 89 274 819 495 514 793 788 279 798 314 875 67 734 464 75 948 508 789 448 767 787 501 1069 203 398 227 846 653 122 350 643 591 904 306 289 434 173 212 840 599 457 397 543 501 623 573 712 58 836 597 346 613 532 746 882 312 707 728 93 926 664 664 202 356 763 343 780 727 226 841 507 596 394 1006 688 549 774 210 775 962 807 370 392 608 824 688 689 547 801 437 631 638 439 619 451 793 247 800 668 538 84 301 633 592 663 550 420 556 506 413 585 486 771 98 554 687 260 188 731 693 592 702 920 284 256 659 589 965 375 879 936 574 702 214 542 115 563 392 504 441 887 426 880 460 614 855 508 837 809 566 664 743 533 121 23 444 186 378 379 149 313 703 824 533 831 744 294 654 289 617 186 177 948 300 132 594 515 650 442 958 289 378 426 654 751 578 685 810 516 580 560 936 313 437 816 681 526 411 429 899 204 754 646 488 410 714
858 716 407 464 213 944 728 433 852 810 549 820 597 823 436 1047 621 367 512 45 262 1126 802 909 439 110 927 869 957 188 0 566 712 587 512 292 182 980 916 649 809 990 239 423 515 617 646 587 621 784 734 537 1099 534 551 855 516 312 179 898 611 470 442 262 740 857 804 220 936 743 1077 496 760 546 827 725 171 478 369 717 510 484 304 261 758 890 48 299 841 580 177 829 983 902 698 1021 492 971 100 456 879 439 589 942 948 427 780 207 973 141 891 651 154 944 667 742 609 752 899 683 1207 155 262 408 820 597 266 243 734 568 960 383 106 622 353 394 876 642 400 216 726 461 746 568 725 147 968 621 501 733 603 803 1035 497 829 776 153 1017 762 837 24 544 801 530 922 751 242 868 508 630 554 1128 857 732 897 393 905 1077 952 359 573 598 870 759 775 704 882 583 789 797 623 701 275 902 433 928 717 462 270 333 798 691 840 504 274 727 695 492 703 674 921 97 729 796 303 351 853 722 602 704 961 464 360 731 649 1071 438 912 1074 756 852 58 727 289 752 365 557 625 897 615 865 649 681 1004 615 967 961 752 843 862 450 295 174 621 283 567 543 72 294 798 911 601 941 805 329 804 466 628 84 117 917 460 303 541 673 743 630 953 201 556 535 820 898 694 806 927 589 639 650 1041 313 392 962 736 697 360 241 968 392 742 763 642 582 672
456 920 322 272 641 945 169 252 543 659 205 1007 207 474 713 816 922 792 924 527 812 854 857 1126 412 656 1025 910 1183 382 566 0 775 132 94 274 701 953 588 902 537 866 488 796 317 368 954 38 57 1013 272 841 831 781 926 840 217 631 745 1067 107 328 181 714 792 956 1094 362 988 468 886 89 369 492 786 541 613 482 227 193 780 118 386 778 948 737 609 836 601 767 405 1017 997 645 254 817 564 1189 471 223 921 807 649 669 623 361 1031 680 886 445 590 194 417 1148 414 1062 375 1001 776 119 948 565 770 243 1087 946 377 713 708 855 1002 517 670 157 272 171 984 769 775 778 295 796 615 818 911 436 762 798 355 616 667 863 731 184 683 866 458 947 710 456 582 116 913 172 685 905 543 1001 756 782 355 941 495 301 736 173 715 922 696 663 38 854 951 789 757 448 862 426 502 505 57 710 833 788 195 742 814 863 297 572 473 653 434 845 796 388 173 573 601 148 646 480 362 704 536 323 701 870 815 920 1047 238 452 762 730 947 575 1024 829 324 589 596 275 323 234 694 678 59 1070 132 1102 124 738 720 576 769 672 283 426 722 863 320 401 287 446 72 328 531 626 751 868 676 819 854 563 555 112 833 565 550 1187 326 266 892 424 710 81 1158 651 248 520 486 639 601 667 782 653 725 649 924 611 748 699 813 369 730 808 973 189 983 649 422 300 987
