66
0 762 414 415 464 520 743 517 578 274 460 663 467 683 741 766 866 126 840 118 96 779 210 697 451 308 373 723 427 801 705 560 94 788 555 537 634 321 300 549 681 304 457 580 1052 234 320 920 143 562 838 849 439 79 397 101 568 303 956 1049 675 613 263 974 523 445
762 0 400 385 412 458 358 653 288 873 822 288 705 78 61 473 321 643 324 740 679 54 726 150 468 807 808 355 418 151 273 588 675 97 750 282 514 786 639 266 550 490 763 622 365 755 467 219 720 388 516 126 495 684 397 786 537 511 426 415 298 275 893 348 586 741
414 400 0 267 75 165 336 314 370 474 674 452 599 326 404 384 622 287 426 359 359 400 329 297 402 407 413 316 40 399 480 573 350 461 679 314 292 386 445 314 628 272 633 323 749 509 256 603 434 167 458 458 416 334 30 409 544 306 545 776 469 397 495 701 263 611
415 385 267 0 339 429 535 573 163 607 460 251 360 313 348 616 452 321 586 437 321 419 464 384 136 575 607 519 307 476 292 307 321 387 429 123 552 565 255 136 364 113 407 590 637 369 94 510 343 411 686 498 155 349 237 471 276 127 711 634 265 198 616 559 529 385
464 412 75 339 0 90 279 259 428 483 748 506 674 344 427 314 664 339 380 393 419 402 347 287 475 405 398 259 39 382 530 646 409 485 754 374 217 381 519 372 696 347 708 256 772 578 331 625 499 100 388 449 490 386 106 444 615 381 493 807 523 452 508 733 201 686
520 458 165 429 90 0 241 194 512 492 834 587 763 400 483 246 733 400 354 434 487 438 372 318 565 404 382 223 126 398 607 737 477 540 844 459 128 377 605 455 785 436 795 174 824 656 420 677 571 74 318 472 580 446 196 485 706 469 454 866 603 534 520 794 128 774
743 358 336 535 279 241 0 393 546 732 987 593 895 339 408 115 677 617 117 668 695 314 612 215 666 644 616 19 315 232 596 828 685 456 964 505 204 616 764 495 837 586 939 333 702 842 565 566 770 181 164 308 688 665 360 719 786 619 215 765 608 554 762 703 329 916
517 653 314 573 259 194 393 0 683 386 913 764 865 594 677 342 922 426 510 406 521 632 319 511 701 291 242 379 275 586 789 870 510 735 952 628 194 262 691 627 937 545 886 76 1018 708 536 871 612 266 396 662 711 463 339 448 847 576 585 1060 781 709 420 987 67 866
578 288 370 163 428 512 546 683 0 766 538 89 418 239 235 646 289 484 564 599 483 336 621 350 186 728 754 534 408 418 129 301 483 256 461 55 620 715 377 57 291 274 477 685 479 504 257 360 495 471 709 414 214 513 346 634 252 280 683 471 105 35 776 396 629 456
274 873 474 607 483 492 732 386 766 0 734 856 740 797 871 713 1052 294 846 181 349 874 148 767 684 95 154 715 463 865 894 817 340 926 829 716 563 124 566 724 928 515 732 462 1209 509 523 1067 417 559 775 929 678 287 475 173 817 528 943 1224 871 801 33 1148 427 720
460 822 674 460 748 834 987 913 538 734 0 577 125 761 773 1055 742 497 1046 570 406 865 654 844 354 764 825 970 709 933 616 285 417 792 150 541 963 772 229 557 411 403 62 958 963 225 423 877 321 840 1129 944 327 473 644 561 331 370 1171 920 578 560 720 861 894 82
663 288 452 251 506 587 593 764 89 856 577 0 452 261 227 699 203 573 594 688 567 341 710 384 244 817 842 582 489 433 44 312 568 226 480 143 687 804 442 139 262 359 514 761 405 572 343 301 572 539 757 413 269 600 431 722 260 361 707 387 16 56 866 315 708 495
467 705 599 360 674 763 895 865 418 740 125 452 0 647 654 971 616 471 945 564 393 750 638 737 239 754 810 878 636 822 492 162 403 671 90 426 891 758 179 442 293 327 63 901 838 247 343 752 324 759 1043 829 214 459 568 566 206 294 1069 795 453 438 731 736 837 47
683 78 326 313 344 400 339 594 239 797 761 261 647 0 83 451 345 564 333 662 601 106 650 125 408 733 737 332 347 178 258 540 597 141 698 221 470 713 569 205 519 414 703 569 427 682 391 280 644 334 503 185 434 606 321 708 492 437 447 466 274 234 816 394 528 681
741 61 404 348 427 483 408 677 235 871 773 227 654 83 0 522 269 627 383 729 655 115 723 194 419 810 817 403 427 212 211 531 652 58 695 237 551 791 597 220 489 458 713 652 346 717 435 199 689 417 569 185 446 666 397 773 480 476 487 383 237 218 889 311 612 691
766 473 384 616 314 246 115 342 646 713 1055 699 971 451 522 0 792 645 201 678 731 429 609 328 751 619 581 119 354 345 705 917 721 571 1045 602 150 591 828 593 937 652 1011 271 816 893 632 681 812 216 74 420 771 692 413 728 878 685 245 880 715 657 744 818 288 989
866 321 622 452 664 733 677 922 289 1052 742 203 616 345 269 792 0 774 643 888 770 371 905 463 439 1008 1027 672 654 468 160 459 771 223 622 336 814 993 637 328 355 562 679 907 222 767 546 181 774 674 837 416 461 802 606 924 410 564 735 186 191 254 1064 119 860 662
126 643 287 321 339 400 617 426 484 294 497 573 471 564 627 645 774 0 713 116 95 658 168 572 390 286 338 598 302 676 614 528 84 677 562 438 519 287 291 449 634 221 478 481 948 282 232 812 186 438 718 726 384 47 270 150 524 234 830 952 587 520 297 877 419 462
840 324 426 586 380 354 117 510 564 846 1046 594 945 333 383 201 643 713 0 773 784 272 722 214 708 759 733 133 413 175 589 860 776 420 1007 533 319 731 830 520 851 654 994 449 633 918 631 508 854 289 212 238 733 761 446 824 814 685 125 705 607 565 875 650 446 971
118 740 359 437 393 434 668 406 599 181 570 688 564 662 729 678 888 116 773 0 170 750 91 655 504 194 256 649 362 758 728 636 161 781 654 551 538 203 387 561 747 337 562 472 1058 346 348 919 248 487 748 814 498 106 350 51 635 349 884 1065 702 634 182 989 418 548
96 679 359 321 419 487 695 521 483 349 406 567 393 601 655 731 770 95 784 170 0 701 248 627 355 362 420 675 380 730 610 471 11 700 483 444 610 367 217 457 588 209 393 576 959 188 227 830 90 519 805 773 344 67 337 179 475 207 904 954 579 518 344 880 514 378
779 54 400 419 402 438 314 632 336 874 865 341 750 106 115 429 371 658 272 750 701 0 730 120 511 804 801 313 413 97 327 637 696 147 798 324 482 781 675 308 603 519 807 596 394 787 496 253 747 365 469 79 538 701 402 798 587 542 371 452 352 326 896 388 564 785
210 726 329 464 347 372 612 319 621 148 654 710 638 650 723 609 905 168 722 91 248 730 0 626 551 118 172 593 323 726 748 695 237 778 728 569 465 119 459 577 798 379 641 388 1061 431 384 918 333 433 677 787 548 181 329 129 689 397 826 1076 725 655 166 1000 338 626
697 150 297 384 287 318 215 511 350 767 844 384 737 125 194 328 463 572 214 655 627 120 626 0 499 693 686 209 304 103 383 646 620 245 796 319 364 669 636 306 638 466 789 475 513 736 443 369 684 245 378 162 524 617 305 704 600 494 335 565 398 351 790 498 444 766
451 468 402 136 475 565 666 701 186 684 354 244 239 408 419 751 439 390 708 504 355 511 551 499 0 668 708 651 442 582 288 171 359 443 299 187 689 662 198 202 247 172 295 722 649 328 172 542 340 548 820 591 27 403 371 528 146 155 832 625 251 213 686 556 660 273
308 807 407 575 405 404 644 291 728 95 764 817 754 733 810 619 1008 286 759 194 362 804 118 693 668 0 68 626 390 788 853 814 352 867 845 675 469 28 576 681 915 495 755 367 1153 540 499 1008 443 475 681 855 666 295 413 211 807 514 852 1174 833 761 129 1098 332 740
373 808 413 607 398 382 616 242 754 154 825 842 810 737 817 581 1027 338 733 256 420 801 172 686 708 68 0 599 390 776 876 860 409 874 900 699 431 52 630 704 956 536 813 318 1162 602 537 1016 504 456 638 846 709 353 424 278 851 558 819 1188 858 786 188 1112 293 798
723 355 316 519 259 223 19 379 534 715 970 582 878 332 403 119 672 598 133 649 675 313 593 209 651 626 599 0 296 235 587 813 666 452 948 492 193 599 746 482 825 569 922 321 703 823 548 566 751 162 175 312 672 646 341 700 772 601 234 765 598 543 744 701 314 899
427 418 40 307 39 126 315 275 408 463 709 489 636 347 427 354 654 302 413 362 380 413 323 304 442 390 390 296 0 403 515 614 371 485 718 352 254 368 480 352 668 309 669 283 773 538 294 626 459 139 428 466 456 349 70 413 584 343 528 804 506 434 486 729 223 648
801 151 399 476 382 398 232 586 418 865 933 433 822 178 212 345 468 676 175 758 730 97 726 103 582 788 776 235 403 0 422 719 724 245 875 397 419 763 731 382 694 565 876 540 470 836 542 337 786 324 378 77 608 721 408 807 670 592 275 536 445 412 889 477 518 854
705 273 480 292 530 607 596 789 129 894 616 44 492 258 211 705 160 614 589 728 610 327 748 383 288 853 876 587 515 422 0 347 611 200 514 178 703 840 487 172 282 401 554 782 360 616 385 261 617 556 760 395 313 642 460 763 295 405 697 344 38 93 905 271 730 535
560 588 573 307 646 737 828 870 301 817 285 312 162 540 531 917 459 528 860 636 471 637 695 646 171 814 860 813 614 719 347 0 477 538 167 327 860 811 262 340 135 329 223 894 681 373 335 605 425 718 986 714 159 530 543 650 52 303 981 635 309 312 814 577 831 209
94 675 350 321 409 477 685 510 483 340 417 568 403 597 652 721 771 84 776 161 11 696 237 620 359 352 409 666 371 724 611 477 0 698 493 443 599 357 226 456 594 209 403 564 958 199 226 828 102 509 794 768 348 56 329 172 481 209 896 954 580 518 336 880 503 388
788 97 461 387 485 540 456 735 256 926 792 226 671 141 58 571 223 677 420 781 700 147 778 245 443 867 874 452 485 245 200 538 698 0 705 268 606 847 629 253 482 499 731 709 288 752 477 141 730 474 614 201 470 714 453 825 486 514 516 325 232 232 943 255 669 710
555 750 679 429 754 844 964 952 461 829 150 480 90 698 695 1045 622 562 1007 654 483 798 728 796 299 845 900 948 718 875 514 167 493 705 0 478 971 848 270 493 274 410 108 986 844 329 424 772 412 836 1116 875 276 549 648 655 219 378 1131 792 477 476 819 739 922 112
537 282 314 123 374 459 505 628 55 716 541 143 426 221 237 602 336 438 533 551 444 324 569 319 187 675 699 492 352 397 178 327 443 268 478 0 569 662 361 16 335 236 482 630 515 483 217 387 464 420 667 403 213 469 291 589 282 248 654 514 159 86 727 438 574 460
634 514 292 552 217 128 204 194 620 563 963 687 891 470 551 150 814 519 319 538 610 482 465 364 689 469 431 193 254 419 703 860 599 606 971 569 0 441 734 563 901 564 924 129 877 782 548 733 696 148 212 496 705 564 323 587 827 598 390 930 704 638 595 861 138 903
321 786 386 565 381 377 616 262 715 124 772 804 758 713 791 591 993 287 731 203 367 781 119 669 662 28 52 599 368 763 840 811 357 847 848 662 441 0 578 667 910 489 761 338 1135 549 492 989 451 448 652 831 661 300 394 227 803 510 824 1157 820 748 157 1081 303 745
300 639 445 255 519 605 764 691 377 566 229 442 179 569 597 828 637 291 830 387 217 675 459 636 198 576 630 746 480 731 487 262 226 629 270 361 734 578 0 377 390 177 194 732 847 129 198 737 163 612 901 754 175 281 416 394 277 145 955 824 450 408 560 755 668 175
549 266 314 136 372 455 495 627 57 724 557 139 442 205 220 593 328 449 520 561 457 308 577 306 202 681 704 482 352 382 172 340 456 253 493 16 563 667 377 0 344 250 498 628 502 499 230 373 479 415 657 388 229 481 292 599 294 262 641 503 155 82 736 427 573 476
681 550 628 364 696 785 837 937 291 928 411 262 293 519 489 937 355 634 851 747 588 603 798 638 247 915 956 825 668 694 282 135 594 482 274 335 901 910 390 344 0 420 352 951 575 507 419 520 552 753 1000 675 249 643 599 766 113 401 966 519 252 286 928 469 891 340
304 490 272 113 347 436 586 545 274 515 403 359 327 414 458 652 562 221 654 337 209 519 379 466 172 495 536 569 309 565 401 329 209 499 410 236 564 489 177 250 420 0 360 576 751 270 23 624 231 436 725 596 173 242 242 367 315 33 779 745 371 309 519 671 512 338
457 763 633 407 708 795 939 886 477 732 62 514 63 703 713 1011 679 478 994 562 393 807 641 789 295 755 813 922 669 876 554 223 403 731 108 482 924 761 194 498 352 360 0 926 901 226 378 815 315 797 1084 886 268 460 603 558 269 327 1119 858 515 499 721 799 862 22
580 622 323 590 256 174 333 76 685 462 958 761 901 569 652 271 907 481 449 472 576 596 388 475 722 367 318 321 283 540 782 894 564 709 986 630 129 338 732 628 951 576 926 0 988 759 564 842 666 235 321 618 734 521 352 517 866 608 516 1035 778 708 496 964 64 906
1052 365 749 637 772 824 702 1018 479 1209 963 405 838 427 346 816 222 948 633 1058 959 394 1061 513 649 1153 1162 703 773 470 360 681 958 288 844 515 877 1135 847 502 575 751 901 988 0 977 732 147 974 754 844 396 673 982 740 1098 632 759 692 92 398 445 1225 106 952 884
234 755 509 369 578 656 842 708 504 509 225 572 247 682 717 893 767 282 918 346 188 787 431 736 328 540 602 823 538 836 616 373 199 752 329 483 782 549 129 499 507 270 226 759 977 0 294 864 98 676 967 865 305 252 482 336 397 244 1042 954 579 535 496 885 697 217
320 467 256 94 331 420 565 536 257 523 423 343 343 391 435 632 546 232 631 348 227 496 384 443 172 499 537 548 294 542 385 335 226 477 424 217 548 492 198 230 419 23 378 564 732 294 0 603 254 418 705 572 176 256 225 379 317 53 756 728 356 292 529 653 501 356
920 219 603 510 625 677 566 871 360 1067 877 301 752 280 199 681 181 812 508 919 830 253 918 369 542 1008 1016 566 626 337 261 605 828 141 772 387 733 989 737 373 520 624 815 842 147 864 603 0 852 608 715 269 568 848 594 961 553 636 582 199 299 329 1083 142 805 796
143 720 434 343 499 571 770 612 495 417 321 572 324 644 689 812 774 186 854 248 90 747 333 684 340 443 504 751 459 786 617 425 102 730 412 464 696 451 163 479 552 231 315 666 974 98 254 852 0 598 887 822 323 154 409 243 439 216 976 960 582 529 407 888 604 302
562 388 167 411 100 74 181 266 471 559 840 539 759 334 417 216 674 438 289 487 519 365 433 245 548 475 456 162 139 324 556 718 509 474 836 420 148 448 612 415 753 436 797 235 754 676 418 608 598 0 290 397 565 486 196 538 682 470 396 800 556 490 587 729 199 775
838 516 458 686 388 318 164 396 709 775 1129 757 1043 503 569 74 837 718 212 748 805 469 677 378 820 681 638 175 428 378 760 986 794 614 1116 667 212 652 901 657 1000 725 1084 321 844 967 705 715 887 290 0 448 841 765 486 797 945 758 216 914 772 718 807 855 348 1061
849 126 458 498 449 472 308 662 414 929 944 413 829 185 185 420 416 726 238 814 773 79 787 162 591 855 846 312 466 77 395 714 768 201 875 403 496 831 754 388 675 596 886 618 396 865 572 269 822 397 448 0 617 770 463 862 663 620 318 466 422 402 952 412 594 864
439 495 416 155 490 580 688 711 214 678 327 269 214 434 446 771 461 384 733 498 344 538 548 524 27 666 709 672 456 608 313 159 348 470 276 213 705 661 175 229 249 173 268 734 673 305 176 568 323 565 841 617 0 395 385 519 141 151 857 648 275 240 679 579 672 246
79 684 334 349 386 446 665 463 513 287 473 600 459 606 666 692 802 47 761 106 67 701 181 617 403 295 353 646 349 721 642 530 56 714 549 469 564 300 281 481 643 242 460 521 982 252 256 848 154 486 765 770 395 0 317 125 531 249 878 983 613 548 285 908 461 445
397 397 30 237 106 196 360 339 346 475 644 431 568 321 397 413 606 270 446 350 337 402 329 305 371 413 424 341 70 408 460 543 329 453 648 291 323 394 416 292 599 242 603 352 740 482 225 594 409 196 486 463 385 317 0 399 514 276 567 764 447 375 495 688 291 581
101 786 409 471 444 485 719 448 634 173 561 722 566 708 773 728 924 150 824 51 179 798 129 704 528 211 278 700 413 807 763 650 172 825 655 589 587 227 394 599 766 367 558 517 1098 336 379 961 243 538 797 862 519 125 399 0 654 374 935 1103 736 670 165 1027 465 546
568 537 544 276 615 706 786 847 252 817 331 260 206 492 480 878 410 524 814 635 475 587 689 600 146 807 851 772 584 670 295 52 481 486 219 282 827 803 277 294 113 315 269 866 632 397 317 553 439 682 945 663 141 531 514 654 0 293 934 589 257 261 816 529 805 253
303 511 306 127 381 469 619 576 280 528 370 361 294 437 476 685 564 234 685 349 207 542 397 494 155 514 558 601 343 592 405 303 209 514 378 248 598 510 145 262 401 33 327 608 759 244 53 636 216 470 758 620 151 249 276 374 293 0 810 749 373 315 531 676 544 305
956 426 545 711 493 454 215 585 683 943 1171 707 1069 447 487 245 735 830 125 884 904 371 826 335 832 852 819 234 528 275 697 981 896 516 1131 654 390 824 955 641 966 779 1119 516 692 1042 756 582 976 396 216 318 857 878 567 935 934 810 0 772 719 681 973 725 527 1096
1049 415 776 634 807 866 765 1060 471 1224 920 387 795 466 383 880 186 952 705 1065 954 452 1076 565 625 1174 1188 765 804 536 344 635 954 325 792 514 930 1157 824 503 519 745 858 1035 92 954 728 199 960 800 914 466 648 983 764 1103 589 749 772 0 377 435 1237 76 995 842
675 298 469 265 523 603 608 781 105 871 578 16 453 274 237 715 191 587 607 702 579 352 725 398 251 833 858 598 506 445 38 309 580 232 477 159 704 820 450 155 252 371 515 778 398 579 356 299 582 556 772 422 275 613 447 736 257 373 719 377 0 72 880 306 724 496
613 275 397 198 452 534 554 709 35 801 560 56 438 234 218 657 254 520 565 634 518 326 655 351 213 761 786 543 434 412 93 312 518 232 476 86 638 748 408 82 286 309 499 708 445 535 292 329 529 490 718 402 240 548 375 670 261 315 681 435 72 0 811 361 654 478
263 893 495 616 508 520 762 420 776 33 720 866 731 816 889 744 1064 297 875 182 344 896 166 790 686 129 188 744 486 889 905 814 336 943 819 727 595 157 560 736 928 519 721 496 1225 496 529 1083 407 587 807 952 679 285 495 165 816 531 973 1237 880 811 0 1161 459 709
974 348 701 559 733 794 703 987 396 1148 861 315 736 394 311 818 119 877 650 989 880 388 1000 498 556 1098 1112 701 729 477 271 577 880 255 739 438 861 1081 755 427 469 671 799 964 106 885 653 142 888 729 855 412 579 908 688 1027 529 676 725 76 306 361 1161 0 923 782
523 586 263 529 201 128 329 67 629 427 894 708 837 528 612 288 860 419 446 418 514 564 338 444 660 332 293 314 223 518 730 831 503 669 922 574 138 303 668 573 891 512 862 64 952 697 501 805 604 199 348 594 672 461 291 465 805 544 527 995 724 654 459 923 0 842
445 741 611 385 686 774 916 866 456 720 82 495 47 681 691 989 662 462 971 548 378 785 626 766 273 740 798 899 648 854 535 209 388 710 112 460 903 745 175 476 340 338 22 906 884 217 356 796 302 775 1061 864 246 445 581 546 253 305 1096 842 496 478 709 782 842 0
