305
0 154 897 789 299 187 767 462 370 882 413 195 486 674 435 813 459 507 776 644 285 383 228 491 722 303 312 620 620 222 635 204 415 787 974 405 353 236 861 733 806 806 173 755 590 577 660 677 598 574 408 562 527 127 851 759 882 469 663 888 203 337 472 443 434 318 209 599 238 70 548 375 485 191 163 645 631 150 556 652 82 799 79 691 306 875 84 581 240 109 920 398 479 529 515 594 862 736 892 785 642 618 826 942 934 686 312 36 493 766 453 488 274 222 659 412 868 799 731 827 905 83 413 389 689 369 513 652 390 812 355 486 168 893 490 785 256 668 798 440 659 333 378 681 639 139 417 377 968 303 517 601 679 846 481 798 668 1000 707 891 300 872 657 320 863 863 676 656 478 319 347 693 296 821 465 110 404 328 347 137 657 767 95 302 958 418 364 257 614 423 775 767 269 921 86 734 174 539 75 753 302 238 482 563 187 247 754 322 453 582 579 887 754 622 290 913 673 681 835 430 564 376 659 410 907 266 582 253 278 111 460 586 894 490 853 666 788 480 535 789 248 396 358 257 393 194 709 35 838 831 621 419 334 632 734 377 846 735 213 676 555 752 434 885 963 896 821 764 372 266 458 468 161 245 501 686 916 693 457 382 541 651 537 603 380 362 407 623 829 808 394 291 355 461 445 296 375 588 515 599 381 336 769 566 747
154 0 986 861 431 329 832 598 369 972 516 346 634 816 575 853 486 560 856 591 316 535 371 631 859 432 178 749 759 94 634 336 374 918 964 265 398 342 930 708 934 836 308 802 706 671 793 674 655 674 390 708 442 254 870 821 859 618 769 908 60 361 626 404 282 368 106 536 310 186 600 439 520 345 296 585 720 131 547 791 93 865 149 746 384 961 204 630 118 47 1018 529 508 639 570 599 975 832 989 913 705 766 918 947 1058 658 448 161 619 785 317 549 411 365 771 265 872 897 854 825 938 115 405 542 756 404 592 741 481 876 509 410 28 902 349 919 340 688 927 445 781 465 511 625 764 69 285 531 950 420 556 649 665 948 515 891 644 1121 760 971 206 864 774 168 836 939 700 794 595 354 500 667 425 823 496 192 541 462 455 162 726 869 245 444 953 565 222 404 754 570 749 790 155 945 216 840 250 661 82 718 332 116 631 696 335 399 883 352 605 509 494 988 821 717 443 1040 766 781 889 528 714 352 715 510 998 388 730 115 248 237 360 708 1012 338 894 799 838 389 470 787 331 382 206 364 505 53 740 167 945 930 566 291 299 626 860 489 950 808 361 700 577 878 577 1004 1080 938 925 811 526 304 516 427 289 389 367 721 1041 822 563 529 673 689 651 703 522 321 535 657 897 824 334 270 447 523 461 394 519 728 575 571 532 204 901 474 854
897 986 0 163 979 919 206 1016 678 16 485 761 605 498 561 326 551 447 138 777 681 688 914 1012 440 615 996 389 470 963 560 704 755 363 630 1053 598 661 143 657 343 382 940 300 347 319 405 558 363 326 698 565 887 950 443 227 673 922 255 433 1046 649 825 740 1136 622 926 812 675 829 419 548 512 789 945 804 266 857 613 466 971 184 848 299 602 27 814 398 954 969 80 547 532 383 436 549 191 164 66 338 306 589 72 534 316 670 626 864 459 444 1057 447 954 715 278 1088 520 112 302 549 369 979 669 702 257 603 394 245 508 193 826 850 1013 499 1098 401 648 463 345 622 329 995 567 790 360 1018 1026 732 673 599 478 387 607 107 516 103 654 314 298 67 901 586 302 1061 686 98 441 451 441 644 713 663 993 531 536 803 567 982 551 823 277 156 824 932 602 931 1042 709 497 926 665 418 942 424 936 196 738 411 951 708 668 954 923 454 889 748 351 652 674 847 894 97 205 275 839 337 223 225 236 466 627 726 320 487 26 639 592 989 786 786 928 376 247 1176 313 406 276 901 817 546 657 695 1093 640 511 1039 400 863 144 99 782 1012 770 579 329 525 124 198 737 442 507 324 588 244 251 305 134 301 720 688 480 741 739 913 1072 389 319 362 444 912 457 393 383 299 607 772 530 422 164 453 812 765 543 470 589 601 623 495 425 675 671 996 379 919 191
789 861 163 0 914 840 43 977 531 157 394 678 585 531 519 181 401 304 52 613 548 646 841 978 488 534 854 394 484 828 397 612 601 436 500 904 464 557 72 497 423 234 857 141 321 235 430 395 213 256 546 566 727 859 303 64 525 892 237 303 919 510 802 584 989 492 792 649 556 719 270 421 362 709 860 640 179 729 451 491 857 32 732 138 484 136 705 245 817 849 235 487 381 324 294 386 304 155 210 411 157 605 137 407 441 507 552 754 417 288 905 311 887 632 273 940 379 168 350 400 252 868 518 661 105 464 276 165 401 52 780 691 889 365 945 472 533 300 423 469 342 935 505 627 369 900 875 690 538 508 326 232 445 214 366 141 491 457 135 118 757 441 306 921 535 81 278 477 380 509 663 501 927 381 387 687 515 922 458 699 135 195 727 872 471 892 896 635 511 887 507 263 802 305 839 220 621 377 835 548 533 817 896 444 811 677 411 515 648 685 732 234 43 206 780 453 163 198 106 370 629 576 162 390 187 547 599 852 645 681 772 359 368 1026 184 434 124 744 656 392 542 544 951 538 428 913 237 754 246 191 619 861 624 415 381 439 232 54 656 279 348 384 550 362 393 196 223 143 676 557 345 583 639 844 917 226 439 398 362 867 439 231 333 240 554 623 468 260 46 304 659 623 435 337 438 495 572 500 286 512 627 851 444 758 226
299 431 979 914 0 114 905 167 629 963 524 248 412 604 422 990 682 690 886 924 532 303 84 200 669 383 605 618 576 515 873 329 696 756 1207 696 573 403 986 988 780 997 125 923 633 680 636 914 766 662 676 484 823 177 1055 903 1131 210 723 1087 458 581 265 721 710 538 507 885 454 331 730 566 696 217 136 927 736 446 807 601 337 934 368 852 494 963 328 761 535 384 977 432 697 598 695 828 886 815 954 764 794 515 907 1159 915 946 362 321 521 974 747 664 29 292 705 697 1088 869 735 1056 1088 317 673 294 831 596 654 753 533 951 177 779 432 1107 780 740 452 881 773 688 674 34 412 960 645 380 712 265 1209 418 720 782 927 901 693 876 926 987 871 993 598 1105 688 599 1115 975 883 611 540 555 271 952 17 1046 683 374 412 31 466 424 798 828 263 51 1187 153 653 280 557 161 1030 968 566 1116 217 789 412 570 352 1016 546 534 223 549 128 238 733 563 347 872 873 939 889 715 141 886 765 754 986 550 452 650 823 531 980 382 484 543 563 324 759 610 897 765 1025 640 951 778 823 1019 446 663 634 411 487 450 905 314 881 893 902 715 617 874 725 478 894 862 267 884 775 742 400 890 968 1063 871 933 273 512 642 746 328 74 796 878 895 680 552 129 536 841 596 685 372 646 450 820 960 1017 685 571 507 639 682 453 356 540 688 863 316 630 734 862 798
187 329 919 840 114 0 826 274 518 903 445 161 398 595 382 900 578 596 816 810 422 283 42 304 654 306 498 582 555 408 767 234 582 735 1103 590 468 304 912 879 757 904 28 836 581 609 609 809 677 595 564 474 709 80 959 823 1024 290 667 992 363 472 312 607 611 433 397 771 348 217 637 467 595 131 42 814 665 333 698 584 237 856 254 766 394 901 214 669 427 281 926 375 595 536 602 723 845 754 900 738 710 518 847 1059 891 836 293 207 470 877 640 571 87 207 653 594 987 812 700 953 998 219 562 281 750 491 570 684 446 872 198 665 333 1008 675 724 349 782 749 579 633 148 354 847 607 286 604 257 1104 333 621 689 819 850 592 816 817 961 784 927 486 1001 642 497 1007 905 785 592 478 447 246 842 115 944 580 260 363 142 383 310 717 773 150 115 1085 235 548 210 541 241 921 872 456 1022 112 736 301 520 247 906 437 425 303 515 30 174 707 455 344 758 759 889 811 648 134 865 699 694 904 470 457 537 736 450 923 294 484 437 449 212 646 564 865 667 938 614 865 664 709 916 343 551 535 316 412 355 810 200 834 839 788 606 503 768 694 401 845 786 183 785 673 712 367 857 935 977 821 846 259 402 547 633 224 60 688 784 872 650 480 201 498 747 537 620 327 532 390 724 884 919 570 457 416 545 575 359 313 520 596 752 291 522 714 749 747
767 832 206 43 905 826 0 974 495 201 381 665 590 551 520 147 365 272 87 570 517 644 830 977 512 522 819 410 500 796 353 595 562 466 466 867 434 537 98 453 455 197 842 99 330 231 450 351 179 256 508 577 685 841 268 20 486 893 254 272 890 477 805 545 952 463 760 606 531 696 236 395 326 696 845 597 179 700 409 510 832 33 706 96 460 180 683 209 784 822 279 483 344 324 262 343 343 182 253 441 126 620 178 375 480 464 543 731 419 247 866 283 877 618 290 903 342 205 377 360 228 844 480 660 77 432 257 169 382 46 776 650 860 331 906 501 510 257 454 432 361 926 499 583 386 873 837 688 502 493 290 194 401 255 330 179 448 498 92 158 722 403 325 887 495 120 235 496 377 478 659 457 917 341 351 663 512 914 443 671 110 227 708 863 438 889 860 625 526 885 464 221 768 278 820 247 596 383 810 505 502 785 897 455 798 667 439 483 652 642 690 276 17 209 773 491 175 215 88 356 640 539 123 376 231 532 611 819 612 660 732 370 407 988 157 454 87 703 614 351 519 506 916 519 417 884 194 731 285 231 575 823 588 372 408 427 272 51 643 235 307 412 551 400 434 178 261 102 674 528 315 543 620 833 877 182 477 420 353 863 447 188 335 245 551 586 464 218 64 265 620 589 415 309 401 476 569 513 257 469 625 815 473 716 256
462 598 1016 977 167 274 974 0 767 999 605 367 413 578 458 1076 802 791 941 1066 668 331 235 35 648 473 771 632 569 681 993 448 842 742 1319 862 696 522 1045 1116 767 1091 291 1008 670 743 635 1033 856 720 816 469 978 344 1154 976 1253 105 762 1183 625 713 203 866 877 664 671 1032 585 486 829 678 810 339 303 1073 797 606 935 587 505 1000 526 935 610 1003 479 858 700 551 1000 491 814 652 794 948 894 858 980 754 875 479 946 1263 898 1077 443 480 562 1077 913 763 188 401 737 864 1195 903 742 1169 1175 484 810 316 905 722 738 811 628 1018 198 933 599 1210 947 718 575 989 760 818 692 134 475 1103 661 547 878 286 1327 515 829 877 1052 926 807 915 1056 970 954 1040 760 1219 714 766 1240 1027 988 600 597 686 314 1082 175 1157 800 525 461 136 558 579 873 860 411 161 1298 85 820 373 545 90 1157 1068 731 1208 383 820 553 607 518 1149 681 699 111 564 278 334 725 696 343 1023 1028 962 957 771 220 867 818 797 1060 632 420 794 909 616 1013 486 456 710 714 469 919 639 894 933 1108 637 1031 935 973 1133 572 803 801 525 566 618 1004 473 900 922 1046 880 767 997 726 561 916 927 379 989 889 740 429 888 962 1143 895 1017 300 648 746 890 460 218 962 976 878 681 623 113 558 939 645 737 423 795 510 922 1023 1119 837 720 608 740 807 563 405 536 785 997 349 796 719 1019 826
370 369 678 531 629 518 495 767 0 666 314 401 573 690 481 490 129 231 540 300 99 530 546 788 705 348 323 570 622 311 268 324 102 729 605 375 112 255 593 363 736 469 518 447 493 402 625 310 318 420 51 622 267 488 501 480 511 734 517 539 419 62 689 110 458 124 277 275 184 309 260 172 168 428 513 309 433 244 186 652 404 528 290 401 190 651 307 286 296 376 728 414 151 420 241 230 722 549 698 714 374 687 619 580 835 318 383 334 458 416 382 234 600 375 535 410 505 611 642 461 571 423 44 545 426 90 305 454 259 534 596 218 397 534 424 745 203 319 730 76 575 662 409 336 572 426 348 555 598 303 205 302 309 669 164 598 299 885 412 648 226 504 553 393 493 612 333 648 407 90 514 325 633 457 144 264 446 653 294 235 401 596 367 611 591 699 365 413 631 700 406 422 275 576 451 579 217 477 378 387 87 296 744 548 501 444 691 77 587 279 303 706 488 445 551 826 483 513 538 306 660 53 371 299 696 310 657 329 123 306 268 515 774 498 532 632 483 254 228 422 203 38 421 262 334 415 374 339 678 647 281 336 93 263 660 322 677 483 394 333 210 676 503 765 831 577 654 455 542 118 204 131 306 559 402 358 822 635 352 662 524 329 440 447 456 96 405 296 559 455 143 100 243 217 97 243 467 604 253 233 515 320 719 310 594
882 972 16 157 963 903 201 999 666 0 470 745 589 483 545 326 540 435 128 771 668 672 898 996 426 599 984 373 454 950 554 689 745 351 633 1041 586 646 145 654 331 382 924 297 331 304 390 553 353 310 688 550 879 935 444 221 673 906 239 435 1032 637 809 731 1124 609 913 805 661 814 408 535 501 773 930 797 252 843 605 451 956 180 834 292 588 22 799 388 941 955 79 531 522 367 425 541 181 149 60 325 296 574 56 537 309 665 610 850 443 442 1046 435 938 699 262 1076 521 96 287 549 372 964 659 686 247 591 380 231 493 191 810 841 999 501 1087 389 633 458 333 612 313 978 551 785 344 1003 1015 716 675 584 468 378 603 94 505 87 649 311 292 73 889 586 286 1049 686 99 436 436 425 631 697 658 977 530 525 788 551 965 536 809 266 140 809 916 605 915 1030 693 482 909 663 416 930 427 920 180 724 395 937 705 656 941 907 438 873 732 337 639 658 840 886 90 198 260 823 328 208 209 237 451 611 715 312 472 30 624 577 976 774 771 918 360 239 1165 315 391 274 892 809 545 643 684 1081 625 496 1025 395 848 132 84 775 1001 759 573 315 510 112 189 721 436 498 311 571 236 247 309 120 298 704 675 468 732 724 897 1062 384 311 347 428 896 441 386 367 284 590 761 514 414 163 452 801 752 528 457 578 587 607 479 413 669 655 984 365 911 175
413 516 485 394 524 445 381 605 314 470 0 284 285 376 192 471 256 198 372 574 256 290 448 614 392 140 570 259 308 514 427 220 416 425 725 647 201 178 466 562 436 486 462 403 195 166 313 461 250 161 360 318 581 467 551 379 678 536 252 577 577 256 461 420 718 199 479 569 211 346 230 143 244 314 466 592 222 396 399 337 489 411 371 330 145 464 330 256 512 492 507 129 257 123 198 384 458 323 479 414 271 382 414 661 550 535 164 381 144 477 669 168 495 237 255 675 597 386 347 578 569 495 337 307 307 225 132 242 55 427 407 532 542 608 713 436 178 397 429 312 275 546 137 606 265 539 631 330 740 114 247 274 492 434 242 385 513 609 349 485 487 629 262 623 671 461 392 333 93 234 294 537 535 564 246 325 166 534 66 357 274 355 338 484 702 522 624 243 319 520 597 465 511 602 450 324 266 165 471 606 252 511 542 234 416 286 388 247 322 583 614 475 365 210 395 535 261 268 462 26 366 366 303 16 494 154 355 545 372 301 577 207 499 767 504 320 428 567 535 546 186 350 660 156 40 569 401 379 429 418 563 622 385 437 359 45 435 340 262 392 316 376 221 490 564 541 410 413 315 252 165 437 253 452 699 372 534 328 47 492 210 337 138 189 195 401 113 324 438 518 453 356 77 153 283 122 211 292 185 476 270 578 412 624 338
195 346 761 678 248 161 665 367 401 745 284 0 291 481 246 743 437 441 655 702 302 189 167 387 532 145 479 441 430 395 629 82 482 603 960 572 329 156 751 749 623 749 179 677 428 448 476 669 518 435 451 366 630 193 807 662 888 334 511 838 398 346 306 503 615 296 371 671 218 167 482 317 449 31 184 709 504 286 568 461 276 695 212 606 246 741 151 513 406 304 770 223 451 378 446 584 697 596 745 603 550 422 688 910 755 710 137 185 320 726 614 415 219 46 500 586 840 655 557 809 840 271 444 196 589 355 410 523 287 711 198 582 363 858 655 598 208 633 615 451 487 276 202 738 463 334 575 189 964 172 472 533 685 695 446 658 689 823 625 767 437 859 492 502 874 744 635 467 321 318 155 715 258 799 437 189 219 265 222 248 556 617 100 217 940 297 535 63 421 298 790 719 426 867 189 581 194 369 271 781 315 405 345 379 132 55 572 329 259 666 677 735 649 487 149 731 539 536 744 308 368 432 577 289 766 134 386 428 364 125 584 415 722 671 779 481 706 593 615 773 204 438 542 163 251 390 657 178 681 683 682 573 411 632 555 239 691 625 23 635 528 573 241 713 792 818 667 687 182 283 393 528 97 174 658 629 736 512 319 260 358 593 381 461 190 439 236 571 723 768 486 365 259 390 440 205 182 397 440 630 186 499 584 673 592
486 634 605 585 412 398 590 413 573 589 285 291 0 196 93 713 539 481 543 854 490 114 373 407 258 232 750 218 163 672 712 306 672 343 997 839 465 339 649 847 368 741 426 644 265 364 225 745 513 335 623 77 837 462 811 596 960 317 356 832 689 510 220 683 893 448 643 843 412 449 507 416 529 300 437 869 412 554 683 188 568 611 492 574 382 594 431 528 679 594 586 160 542 270 479 669 482 452 567 351 515 132 536 925 502 821 202 473 173 746 874 451 394 269 327 859 866 492 330 853 809 562 604 119 532 492 396 421 333 631 238 786 653 872 917 328 381 675 360 588 279 418 163 887 247 625 835 147 1016 271 532 544 777 513 528 506 798 574 592 634 689 905 302 783 954 625 667 198 226 483 152 822 429 838 530 457 126 405 280 512 503 448 391 361 972 331 806 230 144 324 882 730 692 851 471 408 430 207 562 891 493 678 318 150 370 243 321 496 70 851 875 548 573 381 276 474 421 394 679 307 88 620 553 301 600 278 96 706 590 400 813 230 487 948 739 228 660 812 801 824 385 611 823 323 250 680 668 467 487 510 840 830 622 722 316 258 502 540 274 667 601 331 69 480 557 767 482 654 141 477 450 703 352 365 913 639 482 271 275 317 148 606 255 345 121 644 173 599 630 784 697 582 335 438 562 331 118 128 464 759 108 766 321 880 414
674 816 498 531 604 595 551 578 690 483 376 481 196 0 241 692 623 538 481 941 624 311 569 564 70 389 915 146 68 844 766 480 792 165 1003 1000 578 495 581 901 191 732 623 628 238 366 101 791 536 334 737 120 958 659 806 563 990 474 297 818 873 631 375 797 1061 572 812 942 558 629 551 520 602 494 634 961 392 723 760 43 756 562 669 567 510 495 611 562 848 779 458 295 620 292 533 728 335 378 446 181 516 101 441 919 320 884 369 657 231 756 1030 512 588 452 260 1024 872 394 196 872 779 752 713 315 514 602 438 391 432 583 427 909 837 870 1073 140 525 706 184 686 189 605 309 970 165 813 991 341 1031 416 593 572 832 393 602 415 862 392 583 544 844 922 225 956 990 547 693 55 286 607 349 883 621 855 611 631 276 593 403 680 494 352 579 552 975 502 971 418 62 495 930 736 856 828 665 317 592 221 748 950 623 847 471 142 567 436 156 621 256 959 990 420 534 358 471 288 377 335 636 388 158 742 557 392 486 437 122 877 735 579 950 200 322 1115 708 97 634 943 911 849 531 726 995 474 358 864 680 651 359 399 932 984 756 780 169 372 378 500 461 693 660 178 240 316 386 727 364 636 337 616 523 813 527 560 1064 653 300 136 343 497 166 627 270 327 294 775 296 631 572 789 827 723 448 509 654 467 299 89 515 838 305 928 142 1001 315
435 575 561 519 422 382 520 458 481 545 192 246 93 241 0 635 445 389 482 760 402 128 367 459 286 150 676 200 185 603 619 238 582 356 910 764 372 258 587 754 377 659 408 565 213 289 229 653 427 263 532 143 747 435 727 524 869 372 305 750 632 419 285 592 822 358 572 750 327 388 417 323 436 265 417 776 341 483 590 216 518 544 428 494 292 546 370 440 608 538 554 67 449 196 388 576 465 400 532 357 434 209 490 840 510 727 127 416 103 659 796 359 399 213 283 785 780 449 317 765 732 515 512 142 456 399 308 354 240 563 265 697 596 788 839 351 295 585 369 494 252 435 73 793 225 574 757 172 928 184 439 456 685 478 434 458 705 580 513 582 609 817 266 715 863 568 578 221 144 392 152 729 438 750 437 389 36 422 187 440 426 407 341 374 886 373 733 183 179 368 790 645 618 771 435 367 354 150 508 798 404 607 376 133 352 210 326 406 135 759 785 517 503 313 281 486 359 339 608 215 178 529 471 207 560 198 176 636 506 338 727 187 482 876 663 234 584 725 709 734 300 520 754 240 157 623 582 411 458 471 747 751 534 629 312 164 471 471 225 578 508 329 31 474 553 694 448 575 159 390 357 611 286 363 833 553 491 268 186 351 116 519 186 279 57 556 80 511 565 699 609 497 242 346 468 241 68 153 374 666 110 691 337 790 376
813 853 326 181 990 900 147 1076 490 326 471 743 713 692 635 0 366 307 232 483 539 753 910 1083 658 608 808 549 638 802 277 666 533 613 319 841 461 599 184 343 602 56 912 69 464 348 592 259 224 379 488 708 627 904 121 131 347 1002 395 125 907 491 919 510 929 496 767 531 575 743 265 440 333 774 913 511 306 722 354 651 869 150 744 141 512 303 732 233 786 851 405 588 345 443 300 286 486 329 384 588 201 756 317 228 623 365 634 776 539 124 831 330 960 698 432 879 197 349 523 223 98 884 463 770 182 450 338 303 456 135 877 601 881 183 867 648 561 184 601 417 504 1014 602 489 527 903 807 795 356 572 298 212 306 395 337 323 354 634 122 263 711 261 467 879 360 228 165 638 490 501 762 357 1000 204 356 704 621 1002 524 700 209 375 768 952 290 992 842 712 663 989 344 100 764 137 877 395 638 510 845 392 522 787 1007 587 874 754 586 502 769 571 621 410 161 339 865 635 315 358 90 444 770 524 167 461 352 608 744 819 613 714 689 504 549 958 41 597 59 655 553 222 569 490 904 585 510 902 118 777 428 372 494 792 578 295 554 516 413 194 723 165 280 559 666 543 570 86 405 59 781 554 357 501 682 916 834 132 620 565 454 963 576 163 458 374 657 568 569 195 162 127 593 590 484 356 393 541 675 648 304 395 733 800 620 651 403
459 486 551 401 682 578 365 802 129 540 256 437 539 623 445 366 0 108 412 318 175 523 598 818 627 341 453 490 555 437 191 355 205 637 525 502 110 280 464 318 641 351 584 319 404 296 546 232 189 320 147 574 356 564 392 350 451 752 411 429 540 125 692 196 587 145 402 319 231 391 132 128 39 467 582 337 317 356 144 582 507 398 384 271 191 524 383 156 423 486 604 379 21 336 118 146 609 430 575 620 245 638 495 484 729 284 376 422 396 307 505 122 652 400 434 538 411 491 545 375 452 523 118 540 297 90 200 337 205 404 615 311 514 434 547 657 230 209 636 73 484 712 381 349 486 537 474 556 527 295 75 172 251 549 35 476 262 774 282 519 356 423 457 522 438 483 218 575 339 139 516 287 689 366 15 349 415 701 265 337 274 480 432 655 507 726 495 430 569 725 357 309 404 464 531 467 287 403 482 356 158 423 761 482 556 467 600 137 568 340 378 585 358 334 581 724 366 401 409 238 622 175 241 240 570 317 612 457 249 372 380 433 664 625 408 553 355 358 296 337 235 143 551 276 288 535 254 424 561 526 308 461 222 195 567 281 558 355 423 218 96 581 473 655 718 452 537 327 542 192 101 203 354 608 522 235 717 548 281 691 459 203 357 343 436 221 365 171 429 349 261 226 208 115 38 240 450 544 133 220 505 450 630 394 482
507 560 447 304 690 596 272 791 231 435 198 441 481 538 389 307 108 0 309 407 245 487 609 803 534 318 551 398 470 524 232 362 314 536 529 606 162 292 371 368 538 308 607 248 308 191 453 263 94 218 255 504 463 596 365 260 479 729 305 396 618 205 659 305 688 193 488 418 269 436 41 132 73 473 607 429 209 429 223 495 567 305 440 186 205 420 425 74 513 553 497 328 94 246 10 191 500 321 468 517 146 565 388 471 622 347 349 470 321 286 612 30 661 398 330 641 403 383 442 380 402 580 226 504 198 160 100 228 163 315 596 420 589 418 654 558 254 199 533 182 385 717 335 434 391 604 579 525 542 276 54 94 298 441 75 368 325 666 201 419 454 432 355 617 473 384 196 487 262 206 487 347 699 367 93 399 364 705 233 402 171 371 461 656 507 711 595 419 488 709 401 278 498 426 569 359 333 317 543 414 230 513 736 400 570 460 499 211 521 442 483 477 262 227 574 618 257 293 330 174 557 280 154 184 465 309 542 547 341 406 489 341 556 729 347 460 281 467 401 347 262 250 648 280 237 612 215 471 452 418 401 566 323 244 466 237 450 254 423 197 122 479 419 547 609 389 428 257 510 256 49 311 375 616 629 188 610 451 207 679 380 151 267 239 393 326 311 130 337 328 368 319 184 51 147 237 409 464 25 302 468 549 530 501 374
776 856 138 52 886 816 87 941 540 128 372 655 543 481 482 232 412 309 0 646 547 610 815 941 437 509 860 347 436 829 430 591 616 384 551 915 464 541 105 537 371 284 834 186 277 207 380 432 224 223 559 520 750 839 354 106 573 854 190 355 915 513 762 602 998 489 792 678 548 707 280 416 373 684 838 672 150 726 477 442 847 84 722 166 474 111 692 259 819 842 200 455 393 289 298 415 256 103 173 358 168 557 94 459 393 544 525 742 379 334 918 311 859 608 225 950 429 118 298 447 305 856 531 625 118 467 264 132 385 104 745 712 884 416 959 420 522 336 371 483 293 905 474 661 321 891 887 654 588 486 339 249 482 168 377 92 527 412 168 115 764 490 258 925 582 89 314 428 346 509 629 538 899 429 397 677 481 892 437 693 138 143 709 841 523 856 904 608 463 851 550 308 806 357 821 168 611 336 826 589 534 819 857 400 786 649 359 516 608 712 758 192 77 171 749 403 123 151 158 349 583 588 184 370 159 526 552 854 650 666 789 315 319 1037 236 384 173 763 680 438 531 556 957 521 403 909 277 741 198 144 649 874 633 448 329 415 185 60 632 315 370 332 512 313 349 248 174 189 641 555 345 603 622 817 933 262 389 347 336 832 396 260 296 203 520 634 436 287 91 352 673 628 420 335 450 480 538 453 288 542 591 859 392 782 174
644 591 777 613 924 810 570 1066 300 771 574 702 854 941 760 483 318 407 646 0 399 825 841 1088 941 641 460 804 873 504 216 625 229 941 417 446 392 555 651 163 942 434 807 481 716 596 860 224 443 625 250 892 184 770 419 550 294 1034 706 457 623 359 988 203 529 416 484 64 484 594 405 437 339 727 800 27 602 498 183 899 656 595 565 479 481 750 596 408 481 616 846 693 321 651 414 233 883 699 819 922 491 957 739 441 1014 122 676 613 715 362 414 430 895 675 734 484 377 750 847 321 519 678 259 841 530 365 507 617 522 590 896 190 614 415 438 965 501 313 938 266 792 957 692 36 798 659 405 852 388 594 353 409 177 808 339 729 129 1048 479 725 388 336 761 528 267 687 335 892 657 388 811 132 926 330 330 550 728 949 575 507 523 753 660 908 416 999 467 713 888 1000 193 384 445 494 731 750 513 720 630 144 387 482 1044 801 796 744 905 375 877 107 154 837 572 627 851 1014 644 687 565 557 938 273 464 558 801 606 929 503 366 600 273 747 944 539 518 867 512 234 125 293 503 263 535 559 604 622 380 618 829 783 25 389 310 197 871 596 821 585 694 335 293 884 786 936 987 556 804 483 839 418 417 177 606 855 398 387 1005 858 600 962 778 385 673 644 744 282 681 360 621 380 257 354 518 431 292 534 756 862 432 106 808 439 937 187 764
285 316 681 548 532 422 517 668 99 668 256 302 490 624 402 539 175 245 547 399 0 438 448 689 647 260 321 516 557 282 351 226 186 681 690 392 83 160 615 457 692 526 423 487 449 380 569 393 339 391 149 545 347 396 568 505 603 635 489 605 373 52 593 203 467 61 245 371 86 219 283 135 206 328 419 407 421 184 277 588 331 551 209 430 114 656 215 314 273 312 722 336 196 375 255 309 698 537 692 670 391 610 617 657 801 414 293 248 395 483 412 236 502 277 501 422 582 602 601 542 627 347 142 453 442 88 289 443 205 560 497 297 344 608 456 693 110 384 686 158 531 564 328 435 522 363 375 460 686 218 241 333 399 657 201 592 394 856 444 660 232 588 513 381 586 627 394 586 350 38 419 420 536 536 184 175 365 555 220 161 413 580 271 512 674 600 372 317 563 601 499 484 264 640 362 557 120 422 306 484 17 273 646 484 404 345 644 37 497 370 388 696 507 425 452 789 470 493 573 256 578 133 399 244 696 218 578 307 115 209 326 464 745 514 580 576 522 322 319 504 108 136 415 170 267 367 429 251 660 636 379 365 132 349 615 252 662 496 295 394 271 632 421 736 807 624 638 495 448 20 202 226 207 461 443 409 786 585 301 563 459 375 393 419 371 154 331 345 582 524 207 99 179 212 160 160 379 536 261 331 424 326 669 391 572
383 535 688 646 303 283 644 331 530 672 290 189 114 311 128 753 523 487 610 825 438 0 258 332 372 184 664 316 275 582 708 225 624 455 1016 756 432 278 714 840 479 773 311 684 341 413 333 745 538 389 582 191 784 349 840 647 964 249 433 865 587 468 171 640 803 408 556 805 353 354 520 395 521 192 322 837 467 469 666 302 463 669 400 611 343 674 338 546 592 493 679 164 531 321 488 663 583 528 657 461 551 238 617 951 614 808 148 374 231 767 795 457 282 179 410 773 887 576 432 867 851 455 567 17 578 460 418 480 325 688 137 734 551 898 837 442 328 686 471 560 373 312 153 859 343 520 756 44 1029 230 532 564 771 604 519 586 786 685 630 710 613 919 390 691 955 696 682 311 267 439 38 811 319 854 517 371 132 299 258 428 546 534 289 252 992 245 721 135 258 241 878 755 609 888 360 494 356 277 459 880 445 591 254 246 255 136 431 453 70 808 827 641 627 440 163 586 487 467 731 316 181 572 587 303 687 220 203 616 525 309 750 313 594 859 783 337 705 754 757 835 329 569 731 268 250 578 691 368 581 598 808 753 564 716 422 250 596 597 176 682 598 439 100 587 665 816 573 694 31 422 447 662 266 251 837 662 594 377 298 223 235 627 314 406 96 589 184 614 692 808 640 521 315 438 539 290 78 239 475 738 19 683 434 827 502
228 371 914 841 84 42 830 235 546 898 448 167 373 569 367 910 598 609 815 841 448 258 0 263 631 307 539 566 533 449 789 247 614 714 1123 632 489 319 913 904 736 917 68 845 571 608 590 830 686 592 592 448 745 123 973 827 1046 247 660 1005 406 496 272 638 653 454 437 803 370 252 649 483 613 136 82 845 665 371 723 561 279 859 291 774 410 896 247 680 468 324 916 366 614 531 614 744 831 749 892 718 716 488 841 1076 871 862 290 245 459 892 681 583 54 212 643 636 1005 805 684 973 1008 262 590 254 755 512 576 682 454 876 160 700 376 1024 716 701 368 798 729 604 619 116 346 877 592 329 645 228 1125 339 637 701 842 840 609 810 842 942 792 925 525 1021 630 540 1031 904 801 570 473 470 222 868 91 963 599 293 351 107 388 345 722 765 180 74 1104 193 590 206 517 198 946 886 497 1035 155 727 328 509 290 932 462 466 260 498 45 166 687 479 315 792 795 880 814 645 100 844 696 688 910 473 427 567 744 454 917 302 455 479 482 240 684 552 848 710 946 594 873 701 743 936 362 580 577 329 413 398 824 238 822 830 819 647 536 790 677 403 835 788 187 801 691 694 349 840 919 985 811 855 232 428 560 663 244 18 729 797 852 632 479 158 482 760 530 616 313 564 383 738 886 934 605 490 426 557 597 371 298 498 607 779 268 564 692 785 737
491 631 1012 978 200 304 977 35 788 996 614 387 407 564 459 1083 818 803 941 1088 689 332 263 0 634 484 802 625 559 712 1009 466 866 728 1332 894 713 540 1046 1134 754 1100 322 1014 668 746 625 1049 865 722 838 458 1004 377 1164 980 1269 90 760 1192 658 733 190 888 910 682 701 1055 605 513 840 692 825 360 335 1095 800 634 953 575 537 1002 554 942 627 1000 505 868 731 583 994 495 830 654 806 964 885 856 974 742 882 464 943 1274 884 1095 453 509 562 1089 944 774 219 418 733 896 1207 899 733 1182 1182 517 831 317 910 740 745 813 639 1021 206 958 632 1221 978 703 593 1002 747 837 686 168 481 1125 655 581 908 289 1341 528 842 887 1068 920 822 912 1075 955 961 1039 788 1233 709 799 1257 1027 1000 589 600 705 320 1100 210 1170 815 551 465 169 569 606 878 855 437 189 1310 92 851 388 534 94 1174 1078 761 1216 415 815 576 606 550 1167 702 729 92 558 306 350 714 716 337 1047 1054 955 960 772 238 852 818 796 1064 641 406 817 916 625 1008 501 443 741 739 493 946 636 882 966 1114 627 1037 962 997 1147 590 825 834 542 574 651 1014 501 893 917 1068 911 791 1014 716 570 910 930 397 1000 904 729 429 876 949 1148 889 1024 303 670 759 913 482 246 992 986 864 672 629 127 554 950 645 738 427 819 515 934 1025 1130 862 744 621 752 825 578 409 527 795 1017 352 827 706 1045 822
722 859 440 488 669 654 512 648 705 426 392 532 258 70 286 658 627 534 437 941 647 372 631 634 0 428 948 136 101 881 755 523 806 95 973 1031 593 529 533 888 121 701 682 596 225 351 80 778 519 319 750 185 971 715 774 526 968 544 264 783 917 648 445 809 1095 591 848 947 588 673 541 533 602 547 692 962 366 760 757 71 804 520 711 540 533 439 655 548 883 824 394 331 621 290 527 720 269 333 384 112 493 171 388 886 250 875 411 702 252 730 1057 510 652 500 227 1056 843 341 141 847 740 802 724 377 484 615 433 362 446 541 493 922 881 838 1101 71 553 688 114 693 157 672 348 968 143 861 1019 405 1003 449 588 556 821 333 602 364 854 322 554 490 872 896 193 992 970 496 673 65 298 626 409 874 686 830 613 670 318 660 429 717 468 301 628 618 945 571 1003 468 113 564 915 709 889 791 719 269 627 227 795 938 644 882 541 165 626 491 90 639 321 966 1000 357 497 334 534 219 344 299 595 399 228 758 533 406 426 474 191 913 760 622 970 194 252 1148 670 73 598 959 920 827 560 739 1031 507 380 909 656 697 298 342 934 1011 777 770 111 395 317 463 511 674 653 115 291 247 316 685 305 603 399 640 526 823 570 623 1090 630 230 92 353 565 190 608 269 307 342 794 328 615 527 761 845 746 467 511 660 494 350 135 509 836 363 959 72 1013 265
303 432 615 534 383 306 522 473 348 599 140 145 232 389 150 608 341 318 509 641 260 184 307 484 428 0 526 318 328 454 530 98 445 486 847 613 248 108 606 659 503 620 325 541 289 302 360 567 385 289 400 293 607 335 682 520 788 413 368 711 491 286 351 459 671 225 422 622 179 247 356 213 343 175 330 653 358 333 483 360 385 551 283 469 159 596 229 385 458 399 627 97 350 233 321 484 561 450 601 482 411 358 543 789 630 625 35 279 189 604 645 289 355 99 359 635 722 510 427 697 707 386 384 200 448 276 271 377 155 568 278 557 455 737 688 487 150 517 496 375 356 406 80 675 335 440 606 214 857 46 358 405 591 552 340 512 604 696 488 621 459 748 355 566 777 598 515 363 179 257 174 629 395 685 336 242 114 394 85 290 414 474 216 344 825 392 582 103 327 390 698 595 467 737 324 438 203 235 372 697 265 457 421 264 277 145 452 271 238 627 648 593 506 341 257 610 393 391 603 166 320 392 441 147 621 47 324 487 358 197 581 282 591 725 643 367 568 581 576 663 153 387 605 91 106 482 531 274 541 539 625 600 390 536 431 95 550 480 122 516 421 449 164 582 660 680 525 551 200 246 274 480 144 311 683 503 612 391 173 360 240 467 238 315 111 414 103 449 578 646 466 350 136 268 355 106 119 300 312 554 167 540 469 651 451
312 178 996 854 605 498 819 771 323 984 570 479 750 915 676 808 453 551 860 460 321 664 539 802 948 526 0 824 851 90 555 444 280 993 862 93 400 420 917 599 1006 780 480 769 765 701 874 592 641 712 320 818 289 427 801 804 747 782 811 841 180 347 778 307 147 382 108 398 361 313 583 456 492 487 468 448 741 196 467 884 270 852 267 725 425 971 328 610 73 222 1041 620 475 693 561 529 1020 857 1012 983 696 881 935 861 1120 549 550 303 697 720 141 549 583 485 821 109 788 922 917 736 882 292 344 674 748 393 610 763 523 858 663 270 188 822 177 1001 396 629 999 392 846 639 605 490 834 243 107 669 840 499 529 625 570 977 488 911 539 1177 736 970 97 768 831 72 722 935 645 884 660 355 633 559 600 737 468 294 640 636 521 237 722 901 387 613 855 731 56 529 853 735 638 731 59 879 388 878 322 731 253 598 331 74 794 783 499 535 956 346 734 364 338 1017 811 747 599 1106 790 815 861 574 835 284 695 559 1013 478 845 62 210 355 199 776 1065 199 850 881 806 234 334 699 388 318 97 441 571 183 690 310 981 957 434 113 232 543 929 555 983 805 488 645 528 946 686 1056 1128 894 959 776 661 320 516 324 399 557 190 677 1104 896 616 695 758 651 709 741 630 239 620 617 883 755 224 231 493 527 420 455 632 825 571 467 657 27 979 313 893
620 749 389 394 618 582 410 632 570 373 259 441 218 146 200 549 490 398 347 804 516 316 566 625 136 318 824 0 89 761 623 416 671 169 857 904 458 410 450 757 185 587 608 484 92 220 55 646 390 188 614 176 835 633 660 421 843 535 157 674 808 514 437 673 972 459 727 810 462 565 408 398 465 462 616 825 246 641 621 103 703 425 599 421 403 381 547 417 762 717 368 222 484 153 392 586 267 247 349 164 370 210 324 774 314 742 309 597 129 610 928 373 597 403 121 931 726 278 117 725 638 703 588 327 369 480 298 246 313 445 452 787 772 724 972 177 428 560 178 556 60 628 242 832 29 758 890 357 884 330 453 426 688 294 466 295 720 381 438 425 745 775 90 872 844 421 546 92 166 493 347 741 634 708 477 557 222 615 303 599 348 234 530 569 830 549 879 379 116 543 785 589 765 686 631 194 507 93 690 806 512 761 535 69 552 410 134 506 289 829 864 329 393 212 478 292 235 196 497 264 239 623 410 273 383 360 206 793 631 515 836 57 282 1023 567 62 491 825 783 702 435 604 911 388 252 800 534 592 268 292 797 881 644 637 114 268 284 359 419 547 518 132 218 274 352 588 263 492 347 511 389 686 462 562 959 506 295 73 218 534 84 481 132 180 256 660 214 485 438 642 711 616 336 374 523 369 268 107 374 700 302 834 154 877 198
620 759 470 484 576 555 500 569 622 454 308 430 163 68 185 638 555 470 436 873 557 275 533 559 101 328 851 89 0 782 700 422 724 180 944 936 509 431 539 835 204 676 582 573 177 303 66 726 472 271 669 100 889 614 749 511 927 468 247 763 816 563 369 728 998 504 750 874 493 572 485 451 534 446 593 892 334 661 692 32 703 514 611 509 443 463 554 497 785 723 439 232 551 225 465 661 326 335 423 188 456 121 407 862 339 817 310 601 163 696 964 444 557 398 211 960 813 361 175 811 728 700 645 281 458 533 372 335 363 535 402 840 780 812 1008 168 459 642 196 617 144 581 248 902 115 760 925 311 971 352 525 508 766 369 534 379 795 410 526 510 778 861 178 894 926 508 630 36 217 539 310 817 592 794 542 571 217 569 336 619 436 317 526 525 917 489 907 367 27 482 864 676 792 775 618 279 529 153 693 883 555 785 467 73 526 390 158 553 231 890 922 401 483 300 438 311 325 286 587 319 158 674 496 323 461 375 122 815 669 522 882 137 325 1051 657 68 581 875 842 786 465 658 933 410 290 808 619 596 339 371 864 918 689 713 156 304 357 449 409 630 593 170 190 318 394 678 339 581 303 549 455 744 469 526 998 591 319 113 274 478 98 564 203 267 240 707 231 567 527 730 759 656 380 441 586 401 248 35 448 770 265 864 159 932 280
222 94 963 828 515 408 796 681 311 950 514 395 672 844 603 802 437 524 829 504 282 582 449 712 881 454 90 761 782 0 567 366 297 931 889 183 365 352 895 629 945 780 390 757 709 657 810 606 617 664 322 742 349 338 808 783 780 692 762 848 118 319 691 327 221 341 36 447 303 228 561 415 474 401 378 496 701 121 479 814 182 830 182 706 372 938 244 589 24 135 1002 550 459 638 534 535 971 817 973 923 671 804 898 879 1064 579 475 214 633 725 231 518 493 404 769 192 804 881 860 755 882 205 342 591 723 364 570 723 472 838 574 320 111 836 267 936 336 629 938 386 788 550 534 538 774 163 196 584 872 432 511 607 592 935 470 873 567 1124 719 942 116 792 776 111 756 909 644 816 600 319 550 589 510 754 450 214 567 546 460 163 694 857 300 523 880 641 142 447 781 645 670 733 61 885 298 832 254 670 164 636 295 22 705 716 409 450 895 313 652 419 401 975 787 703 510 1048 750 770 846 522 756 284 675 505 978 407 768 33 188 273 266 716 1013 276 844 816 793 296 381 717 328 317 151 374 511 117 686 222 936 916 479 200 229 557 870 494 939 777 405 644 522 887 610 1004 1078 888 915 765 577 275 484 348 320 467 280 670 1048 834 561 605 691 640 653 694 554 247 552 607 861 762 250 211 439 494 408 394 554 754 542 493 576 115 916 380 846
635 634 560 397 873 767 353 993 268 554 427 629 712 766 619 277 191 232 430 216 351 708 789 1009 755 530 555 623 700 567 0 547 275 745 338 576 300 472 436 136 743 235 771 266 531 405 677 41 239 436 245 737 350 747 245 333 259 942 506 285 681 299 879 248 663 334 536 256 419 571 215 317 187 659 768 243 399 513 88 723 672 378 557 263 383 533 566 207 547 644 630 556 179 475 235 45 672 488 603 723 281 797 524 313 805 121 563 599 553 168 560 261 843 592 538 614 238 537 649 192 332 691 229 725 316 276 328 412 383 375 805 326 661 269 594 772 421 97 739 194 601 903 561 231 612 694 539 743 336 484 180 203 66 594 189 515 100 836 262 509 462 236 568 628 247 470 119 714 495 321 704 118 879 188 193 526 592 893 449 503 313 542 619 847 323 917 582 621 718 916 170 183 519 323 713 543 470 548 646 183 334 548 950 631 746 659 710 315 748 295 345 622 355 428 773 807 438 483 353 404 790 283 250 412 584 508 774 578 385 558 415 566 733 689 315 683 298 380 276 154 426 252 647 468 464 678 166 602 616 569 223 523 337 18 676 460 608 370 615 119 111 687 649 726 774 357 591 269 729 370 262 234 544 799 560 171 797 668 440 883 611 169 496 450 617 321 540 148 405 199 332 364 393 273 192 431 632 695 252 119 690 543 743 374 556
204 336 704 612 329 234 595 448 324 689 220 82 306 480 238 666 355 362 591 625 226 225 247 466 523 98 444 416 422 366 547 0 410 584 878 534 248 74 684 668 602 670 247 601 386 386 458 587 442 378 375 375 564 247 726 590 806 409 462 759 394 267 369 429 587 215 337 597 140 150 403 236 367 112 250 634 442 248 487 454 286 626 189 532 164 684 132 434 373 301 721 194 369 327 367 502 659 541 694 580 476 437 633 829 729 629 111 180 288 645 571 337 299 51 456 553 758 602 526 727 763 287 366 238 518 273 338 462 213 641 271 515 358 777 613 584 127 552 594 370 455 358 175 661 434 341 532 240 882 105 390 455 604 647 364 603 608 795 550 705 388 777 453 478 792 680 554 457 275 238 200 634 338 717 355 152 204 347 154 206 485 568 120 300 858 376 500 93 418 376 709 639 387 788 231 533 131 334 273 701 237 372 419 361 208 119 550 250 292 595 609 688 580 429 228 709 481 483 671 242 391 358 501 221 712 65 402 400 301 99 525 381 689 642 703 464 631 531 544 691 123 362 517 82 193 386 577 176 637 632 606 528 344 550 530 179 645 557 69 554 446 547 244 681 759 743 621 611 229 208 313 453 47 255 612 550 711 489 260 340 338 513 335 406 188 370 202 491 655 687 419 299 182 311 359 125 188 392 362 550 215 461 566 607 546
