141
0 465 1040 155 678 818 919 120 385 924 736 667 498 631 554 386 905 935 663 448 538 487 363 1024 915 239 315 474 1048 443 607 520 470 273 594 574 463 177 920 1091 650 802 671 353 578 373 871 204 992 804 123 392 969 494 628 849 386 1212 332 541 236 545 1085 514 276 494 1192 667 309 997 1016 498 641 935 93 622 966 607 61 841 345 840 801 864 760 958 615 869 732 991 746 951 722 427 498 481 771 614 305 807 933 222 284 440 544 376 808 385 690 257 843 720 625 147 690 457 631 771 944 707 496 670 915 336 717 555 417 106 492 350 562 116 97 630 829 773 790 636 755 641 954
465 0 875 498 425 363 682 357 556 681 639 322 362 493 284 387 528 699 727 38 272 23 209 797 537 588 183 532 688 618 726 194 186 255 783 118 39 293 660 798 356 632 678 649 489 374 407 570 813 526 492 117 687 62 237 514 640 911 228 503 299 547 777 506 464 29 897 519 196 846 638 298 399 536 543 626 749 567 469 679 630 504 628 540 295 606 150 467 560 796 514 651 260 179 50 366 306 457 300 601 804 582 451 50 171 373 613 190 832 313 388 863 160 563 335 336 702 517 742 399 335 495 595 590 358 144 549 571 400 362 538 431 540 322 372 786 333 456 524 600 728
1040 875 0 919 450 795 220 1026 708 229 306 576 564 417 592 654 530 209 487 843 606 871 751 147 531 913 826 585 478 686 574 681 699 812 679 920 836 988 263 301 523 249 421 842 462 669 886 934 64 374 947 972 288 816 673 449 786 358 768 500 827 506 337 530 778 871 335 382 1005 47 527 601 476 588 1040 449 152 439 989 204 829 456 252 420 910 456 866 603 324 91 362 333 837 725 832 575 863 443 753 274 116 928 764 921 708 666 262 747 599 797 796 599 870 996 576 605 507 365 140 493 579 392 391 797 566 747 664 1102 554 692 483 926 1135 558 1002 382 804 432 351 410 177
155 498 919 0 602 820 821 235 234 827 612 622 413 526 501 285 857 836 513 471 486 519 335 920 866 99 319 337 987 289 453 493 442 252 438 615 484 263 829 1003 590 692 530 203 466 276 887 73 876 725 33 459 883 508 606 786 231 1124 303 420 205 414 1002 389 141 526 1103 562 394 874 964 434 566 895 121 485 861 480 94 727 192 779 691 796 788 896 642 833 627 878 657 871 737 402 517 393 789 516 246 707 808 88 155 489 528 279 704 362 534 206 844 565 652 85 647 377 482 687 835 646 419 572 843 180 673 551 270 184 395 258 435 73 231 578 870 628 795 542 665 511 851
678 425 450 602 0 416 262 630 475 263 264 143 189 149 147 320 282 279 457 395 162 421 332 377 290 640 404 363 388 500 505 231 256 412 606 472 387 579 250 414 76 214 376 624 204 327 512 646 387 125 620 526 293 365 232 191 581 535 358 262 443 311 406 293 476 420 516 146 569 423 375 181 36 336 710 344 326 275 642 261 604 186 210 196 496 299 424 296 153 371 88 272 419 290 381 209 457 124 373 176 388 648 458 472 257 323 189 320 597 420 427 620 429 687 155 224 448 98 317 80 183 110 241 560 161 298 437 765 216 343 282 578 775 109 596 457 412 95 99 289 306
818 363 795 820 416 0 575 718 799 567 680 280 510 559 377 612 286 587 863 372 383 341 486 670 290 896 508 722 428 845 896 338 384 568 985 288 356 653 534 600 350 609 787 927 597 607 96 887 731 428 823 470 526 325 230 346 901 687 517 643 615 696 567 665 744 335 681 562 557 784 363 446 421 253 889 749 644 678 813 649 907 339 605 376 141 378 222 203 564 704 476 479 111 420 322 527 91 526 582 553 771 896 727 403 295 604 573 459 997 615 24 1023 215 897 262 515 849 454 656 339 484 526 415 862 255 269 774 924 556 608 673 764 899 330 211 873 31 504 484 699 619
919 682 220 821 262 575 0 883 645 13 266 368 421 295 409 538 315 16 504 654 425 675 590 114 316 838 664 518 297 644 580 491 519 665 692 714 645 837 47 194 326 148 418 793 358 549 666 852 156 161 844 787 99 621 465 229 741 309 613 413 690 441 209 448 683 674 286 260 832 213 331 437 295 375 937 420 70 377 876 144 776 236 146 201 691 250 656 385 195 128 178 131 619 552 636 437 644 306 616 114 219 850 667 731 511 545 120 581 641 663 576 652 659 904 365 462 511 165 83 286 427 249 178 736 352 546 601 996 428 570 412 811 1017 360 782 438 584 283 168 363 46
120 357 1026 235 630 718 883 0 431 887 730 595 465 609 494 376 832 900 696 346 476 380 299 993 841 332 235 493 982 496 653 444 396 218 659 461 361 64 879 1043 590 780 690 437 565 360 765 301 973 754 209 274 923 394 544 786 459 1164 272 539 198 555 1033 518 312 387 1146 645 190 985 944 448 593 855 212 638 937 609 156 822 424 777 778 804 650 892 507 787 707 968 706 899 617 354 395 452 664 586 272 776 926 317 314 328 460 363 779 316 745 229 743 777 517 257 617 423 665 726 918 647 456 641 857 405 644 463 453 222 471 337 566 166 182 566 714 798 689 603 716 645 922
385 556 708 234 475 799 645 431 0 653 405 547 301 357 428 187 755 658 279 520 419 572 348 730 764 206 382 127 860 66 223 464 423 314 237 670 528 431 663 837 493 503 301 150 291 194 883 229 672 584 267 567 722 539 569 667 106 954 328 232 284 206 843 197 119 577 931 388 532 662 851 356 445 805 352 260 673 274 324 530 131 662 503 669 808 772 672 754 450 680 505 720 742 398 554 281 794 361 256 532 593 221 121 569 510 196 524 372 314 257 819 346 682 298 572 286 247 539 642 541 323 410 707 91 594 548 44 415 262 198 233 274 466 494 903 394 781 392 510 298 667
924 681 229 827 263 567 13 887 653 0 277 365 425 302 410 544 304 20 516 653 426 673 593 116 305 846 666 527 283 654 592 491 519 668 703 710 644 839 35 184 325 159 430 802 366 555 657 859 166 157 851 786 86 619 461 220 750 300 616 421 694 451 197 457 691 672 277 267 832 223 319 439 297 364 943 431 77 386 882 157 785 227 157 191 684 238 651 375 204 137 180 118 613 553 634 442 636 311 621 122 232 858 674 729 509 551 130 582 653 668 567 665 654 911 361 467 523 165 93 283 431 255 166 745 347 543 609 1002 434 575 421 817 1021 358 774 450 576 288 171 374 52
736 639 306 612 264 680 266 730 405 277 0 406 287 146 363 354 498 276 239 603 371 641 477 331 504 609 551 280 541 391 314 452 453 524 425 711 599 698 299 459 336 119 153 545 166 369 777 628 267 288 640 717 360 587 489 394 490 567 487 194 532 200 475 223 471 643 543 125 734 262 557 342 267 560 733 157 276 132 684 129 530 395 122 380 759 471 673 539 120 275 213 376 682 468 605 292 722 182 460 173 197 623 458 679 492 367 156 479 379 500 690 394 680 690 420 324 245 245 242 341 309 157 393 496 424 537 360 795 264 393 177 621 830 365 859 199 677 190 209 106 275
667 322 576 622 143 280 368 595 547 365 406 0 246 279 123 367 238 384 583 300 136 312 303 481 248 680 360 454 386 585 620 152 198 393 713 345 288 537 341 475 71 353 507 687 318 367 375 679 512 208 634 435 364 259 96 196 652 590 335 367 434 420 457 392 517 310 575 285 495 554 349 195 141 272 716 469 438 398 643 398 667 186 349 219 353 298 289 212 296 490 219 329 276 241 273 266 315 246 376 307 525 684 498 372 152 364 324 282 718 420 294 744 293 706 25 263 570 210 437 82 224 249 274 622 51 180 516 764 289 376 395 583 760 53 453 595 272 224 229 419 415
498 362 564 413 189 510 421 465 301 425 287 246 0 147 133 131 458 437 375 324 128 368 190 529 467 452 265 211 577 338 392 197 179 248 475 451 323 424 422 594 192 315 317 445 126 137 600 457 509 312 432 431 472 318 282 377 407 715 204 146 269 195 590 158 287 371 695 182 448 526 559 71 153 505 523 267 472 204 458 359 424 371 313 385 544 486 428 453 242 502 248 458 471 184 336 20 520 121 195 311 472 459 269 397 244 133 314 192 496 242 528 524 437 498 271 42 354 275 452 243 29 176 430 379 292 289 269 580 46 154 180 393 596 193 645 424 495 138 256 237 457
631 493 417 526 149 559 295 609 357 302 146 279 147 0 218 245 424 310 308 456 225 495 337 394 432 544 413 234 508 369 356 306 307 395 459 566 453 570 307 482 208 171 229 507 66 258 654 557 364 231 550 573 365 441 352 325 459 601 352 126 410 169 486 161 388 496 579 36 594 378 507 196 137 482 643 195 336 125 585 213 489 322 170 322 624 424 530 446 101 360 149 362 547 323 459 157 590 36 336 180 324 555 372 533 347 254 178 337 447 381 572 470 537 609 297 188 298 185 312 229 166 53 354 448 307 393 315 703 139 280 139 520 728 231 725 318 551 55 152 141 325
554 284 592 501 147 377 409 494 428 410 363 123 133 218 0 245 356 426 498 251 17 283 194 524 365 557 262 345 494 470 523 90 109 282 608 348 245 440 395 552 96 347 431 566 234 244 467 556 530 264 514 380 433 227 149 294 533 672 224 271 319 323 540 289 394 283 654 239 422 562 464 72 116 394 598 386 472 318 526 395 545 285 344 310 416 403 313 335 276 516 234 406 342 144 245 150 389 181 257 319 519 561 375 329 129 241 329 178 625 302 395 653 320 585 148 142 480 244 462 153 107 212 363 500 173 174 399 648 179 253 303 465 650 76 518 531 362 174 244 345 453
386 387 654 285 320 612 538 376 187 544 354 367 131 245 245 0 588 553 352 349 234 400 178 640 598 320 233 147 708 239 340 276 237 183 398 495 354 349 544 718 320 415 324 320 192 16 695 326 605 441 307 421 597 361 382 509 289 839 169 163 181 185 717 145 156 404 818 281 410 612 691 172 285 633 399 270 581 233 339 454 300 502 414 516 622 618 490 578 346 604 372 586 555 216 377 111 607 232 114 424 551 328 137 408 323 15 423 197 445 148 632 477 500 370 392 104 324 402 557 373 145 288 561 254 416 361 167 458 109 39 191 275 483 316 719 435 593 257 380 269 570
905 528 530 857 282 286 315 832 755 304 498 238 458 424 356 588 0 323 723 516 371 512 541 394 9 908 597 646 159 782 779 388 436 632 884 509 501 772 268 313 268 395 637 902 484 591 367 909 469 209 870 646 247 469 295 103 861 405 573 543 672 591 281 575 743 508 397 409 717 527 112 423 310 63 953 614 378 548 881 424 882 103 391 121 421 92 440 82 379 439 288 200 363 479 478 479 370 405 613 334 530 913 725 578 376 588 354 520 865 658 280 885 439 941 215 485 718 253 398 215 443 374 138 837 188 387 718 1003 493 603 562 820 999 279 498 696 305 374 290 555 354
935 699 209 836 279 587 16 900 658 20 276 384 437 310 426 553 323 0 512 671 442 692 607 98 324 853 681 531 296 657 590 508 536 682 701 729 661 853 54 183 343 159 427 806 373 565 677 867 146 176 860 804 97 637 480 240 754 295 630 427 706 455 200 462 699 690 272 275 848 205 334 454 312 382 953 431 57 389 892 151 789 247 157 211 704 255 671 394 210 117 195 133 633 569 652 453 657 322 633 129 216 865 682 747 527 561 134 597 648 680 587 659 674 920 380 479 520 182 76 302 444 265 185 750 366 562 614 1012 444 586 425 827 1033 376 794 443 596 299 185 375 32
663 727 487 513 457 863 504 696 279 516 239 583 375 308 498 352 723 512 0 688 498 736 526 555 730 473 586 208 779 230 86 572 552 533 193 824 690 685 538 694 513 359 87 378 266 368 957 502 470 516 546 773 599 689 645 620 322 797 521 228 520 180 712 221 388 740 773 315 762 441 792 446 444 783 630 114 504 184 602 361 370 619 361 610 915 705 803 752 346 489 435 615 840 547 707 365 886 337 465 412 372 491 383 754 619 368 395 540 142 488 877 162 812 573 603 392 31 470 468 537 404 351 628 350 615 664 246 692 331 388 195 549 745 532 1016 121 853 363 433 168 508
448 38 843 471 395 372 654 346 520 653 603 300 324 456 251 349 516 671 688 0 238 52 172 769 525 559 152 493 674 581 687 163 149 224 746 151 15 282 634 776 328 598 640 616 451 336 423 542 782 499 467 135 663 49 221 494 605 890 192 465 269 508 757 467 430 57 876 483 201 813 626 261 367 528 523 588 720 528 448 646 597 485 595 519 317 590 171 458 526 766 483 629 274 141 49 327 323 421 265 570 770 554 416 77 147 335 581 151 793 280 396 824 181 539 315 297 663 488 712 374 297 461 574 556 339 129 511 555 362 324 499 407 527 294 399 748 342 421 494 562 699
538 272 606 486 162 383 425 476 419 426 371 136 128 225 17 234 371 442 498 238 0 272 177 539 381 543 245 339 510 462 520 81 94 265 603 341 232 422 412 569 113 359 434 555 236 233 471 542 545 281 498 366 450 217 153 311 523 689 207 270 302 322 557 287 381 272 671 248 406 575 480 63 131 409 582 387 488 320 510 407 534 302 357 327 417 420 308 348 288 530 249 423 343 127 234 144 391 189 241 333 531 547 363 316 123 229 343 161 624 286 402 652 316 570 162 133 480 260 477 170 101 223 380 489 187 169 391 632 175 240 303 449 633 93 518 535 367 184 259 349 468
487 23 871 519 421 341 675 380 572 673 641 312 368 495 283 400 512 692 736 52 272 0 224 789 521 609 202 544 672 633 737 192 190 275 798 98 46 316 652 786 349 629 685 668 494 387 384 591 808 517 514 135 677 55 223 502 657 898 244 511 319 556 765 515 482 6 885 519 217 843 621 302 396 518 566 634 743 573 492 677 649 492 626 528 273 592 127 449 559 791 509 640 237 188 39 373 283 459 317 597 802 603 469 66 164 386 609 203 844 332 365 874 137 585 323 344 712 511 737 391 340 495 583 609 345 132 563 594 408 377 546 453 562 315 350 793 310 456 520 606 721
363 209 751 335 332 486 590 299 348 593 477 303 190 337 194 178 541 607 526 172 177 224 0 703 551 411 75 325 686 408 518 159 108 90 574 321 179 247 582 745 291 501 486 453 312 164 557 401 694 456 341 249 624 192 272 488 437 865 33 312 134 349 734 308 266 229 847 371 257 714 653 153 296 572 416 433 648 381 342 547 433 479 499 505 468 596 326 507 427 684 412 600 409 66 206 185 461 308 98 488 662 410 251 230 192 163 494 26 624 129 509 655 337 415 326 152 499 430 632 348 171 359 558 391 353 217 339 462 215 152 346 285 457 268 559 597 461 319 422 417 631
1024 797 147 920 377 670 114 993 730 116 331 481 529 394 524 640 394 98 555 769 539 789 703 0 394 930 777 603 331 722 637 606 633 775 747 825 759 948 141 159 441 228 475 875 453 652 758 946 104 273 945 902 147 735 577 325 821 243 725 503 798 525 193 537 780 788 219 358 946 164 382 549 409 449 1038 489 58 457 979 202 859 333 228 295 793 314 766 472 293 74 291 194 723 666 750 544 744 410 724 217 207 943 764 845 625 649 216 694 683 771 669 689 769 1002 476 571 568 280 89 399 537 354 257 822 461 660 686 1098 532 674 497 915 1122 474 880 468 682 390 281 437 72
915 537 531 866 290 290 316 841 764 305 504 248 467 432 365 598 9 324 730 525 381 521 551 394 0 917 606 654 151 790 787 397 446 642 892 517 510 782 270 309 277 400 644 911 492 601 369 919 471 215 880 655 246 478 304 109 870 399 583 552 682 600 276 583 753 517 392 417 726 529 102 433 319 59 963 622 379 556 890 428 891 110 397 126 426 88 447 87 386 440 294 199 369 489 486 488 375 413 622 339 533 923 734 587 385 597 359 530 872 667 283 892 446 951 225 495 725 260 399 224 453 382 139 846 198 395 727 1012 502 613 570 830 1009 288 501 702 309 383 297 563 355
239 588 913 99 640 896 838 332 206 846 609 680 452 544 557 320 908 853 473 559 543 609 411 930 917 0 406 328 1029 243 402 562 513 336 367 706 571 363 852 1027 640 701 506 117 480 316 968 35 876 759 122 555 909 593 676 830 160 1146 380 426 289 408 1030 392 164 615 1124 578 492 867 1011 486 606 951 171 467 872 477 181 731 113 823 701 837 873 939 728 892 643 882 686 901 819 476 603 432 871 541 315 724 799 19 183 582 601 320 718 437 470 283 919 499 738 106 705 422 443 717 843 694 464 594 881 122 730 628 249 228 425 304 434 172 293 632 958 593 873 570 692 503 864
315 183 826 319 404 508 664 235 382 666 551 360 265 413 262 233 597 681 586 152 245 202 75 777 606 406 0 380 746 446 570 209 161 72 616 301 164 178 654 814 357 577 552 467 385 217 569 390 769 526 317 188 695 189 313 551 459 934 66 380 116 414 802 372 283 209 917 446 183 790 709 228 369 622 381 498 723 450 305 622 447 542 574 570 468 657 322 555 502 760 486 669 419 119 198 258 470 383 127 563 737 401 270 187 229 218 569 83 675 130 532 707 333 390 382 226 558 502 707 413 247 434 624 409 409 240 381 419 287 200 413 258 405 332 552 664 481 394 496 487 705
474 532 585 337 363 722 518 493 127 527 280 454 211 234 345 147 646 531 208 493 339 544 325 603 654 328 380 0 741 136 193 400 369 324 264 636 497 478 537 710 393 375 197 275 167 162 811 348 547 464 367 568 596 501 493 553 225 827 316 107 312 79 718 72 199 548 804 263 553 540 736 278 336 699 459 148 546 148 417 403 258 548 376 552 750 655 625 653 323 554 383 596 679 356 518 195 729 243 256 405 472 343 189 555 448 162 397 342 299 279 740 330 635 411 478 212 179 418 515 435 238 287 587 219 497 491 82 522 166 180 106 358 563 400 850 304 707 274 387 175 540
1048 688 478 987 388 428 297 982 860 283 541 386 577 508 494 708 159 296 779 674 510 672 686 331 151 1029 746 741 0 877 847 538 585 775 957 668 660 923 252 199 399 424 692 1010 573 714 494 1034 427 276 1003 805 199 627 453 201 964 261 717 634 813 676 159 668 865 668 258 483 874 489 66 555 423 174 1090 681 339 622 1019 436 991 208 421 192 568 91 599 234 436 394 358 167 516 627 637 597 517 498 749 367 512 1036 846 738 531 710 385 667 921 795 416 936 597 1072 365 610 781 323 369 342 567 455 154 947 339 545 820 1142 605 729 646 957 1144 418 634 728 450 467 356 621 319
443 618 686 289 500 845 644 496 66 654 391 585 338 369 470 239 782 657 230 581 462 633 408 722 790 243 446 136 877 0 164 514 476 379 170 730 588 497 667 838 526 498 268 155 303 248 931 272 656 600 322 632 727 598 615 689 99 953 390 242 350 203 848 208 185 638 929 396 599 640 873 399 472 834 402 237 665 267 382 520 143 685 499 688 862 791 728 787 453 667 518 730 794 454 613 320 845 379 319 534 570 260 188 632 561 250 524 431 249 323 865 281 738 344 609 330 200 554 633 570 363 422 723 120 629 600 72 464 295 256 234 336 520 531 958 350 828 410 522 285 662
607 726 574 453 505 896 580 653 223 592 314 620 392 356 523 340 779 590 86 687 520 737 518 637 787 402 570 193 847 164 0 588 560 510 111 829 691 648 612 772 552 433 162 300 303 354 989 433 555 578 486 759 673 694 672 679 246 878 508 253 490 200 789 233 340 741 854 370 738 527 855 462 486 838 566 166 585 231 545 440 294 676 435 671 936 770 816 802 411 572 495 686 863 550 711 379 912 380 444 482 458 421 339 748 635 354 467 536 106 460 913 137 825 506 641 401 69 531 549 583 421 404 694 281 656 679 200 627 346 370 224 497 684 567 1037 204 884 409 495 226 587
520 194 681 493 231 338 491 444 464 491 452 152 197 306 90 276 388 508 572 163 81 192 159 606 397 562 209 400 538 514 588 0 51 250 664 260 155 385 473 621 166 437 511 589 314 270 418 555 618 339 500 295 505 136 113 347 564 738 192 343 294 393 605 355 407 192 722 329 346 651 500 126 205 414 576 463 557 397 502 485 568 337 434 368 350 450 231 348 367 603 320 473 280 93 154 208 330 270 248 407 610 563 389 240 47 267 418 135 693 286 359 722 239 574 173 188 551 325 549 216 168 303 423 524 200 92 442 621 242 270 377 445 612 134 449 614 317 265 330 427 536
470 186 699 442 256 384 519 396 423 519 453 198 179 307 109 237 436 536 552 149 94 190 108 633 446 513 161 369 585 476 560 51 0 198 631 272 146 339 504 658 200 451 497 544 304 229 462 505 638 372 449 272 540 138 164 390 520 777 141 324 242 371 644 331 359 192 760 333 313 667 548 112 225 464 525 446 582 384 450 499 523 381 449 410 385 495 255 399 379 625 343 511 319 43 156 186 370 272 198 427 622 513 342 226 89 226 437 84 666 235 407 696 265 523 221 160 529 353 571 254 151 312 464 479 248 124 404 570 221 226 358 394 563 172 482 603 362 272 354 416 562
273 255 812 252 412 568 665 218 314 668 524 393 248 395 282 183 632 682 533 224 265 275 90 775 642 336 72 324 775 379 510 250 198 0 549 373 235 175 661 827 378 564 507 394 357 166 634 321 758 538 254 252 706 257 361 576 388 948 58 341 47 368 818 328 211 281 929 430 228 773 743 231 376 663 326 453 719 413 252 608 375 567 562 592 537 685 392 597 490 751 488 684 485 156 267 237 536 370 68 558 716 332 199 258 279 167 562 114 613 58 592 646 402 328 417 206 504 508 701 435 238 424 644 337 444 299 316 371 259 145 372 197 368 357 623 619 543 386 497 449 703
594 783 679 438 606 985 692 659 237 703 425 713 475 459 608 398 884 701 193 746 603 798 574 747 892 367 616 264 957 170 111 664 631 549 0 893 752 665 723 884 648 544 273 252 402 410 1075 401 664 685 470 802 785 759 757 784 208 989 558 346 521 295 901 321 353 802 965 476 769 632 963 542 585 941 538 275 696 336 532 552 254 782 547 778 1014 878 887 902 520 682 602 797 944 614 775 459 994 481 488 593 564 386 358 800 712 411 578 594 108 493 1003 134 896 474 735 476 180 638 660 683 502 510 803 258 752 754 235 595 429 421 323 495 659 659 1113 300 971 510 602 335 699
574 118 920 615 472 288 714 461 670 710 711 345 451 566 348 495 509 729 824 151 341 98 321 825 517 706 301 636 668 730 829 260 272 373 893 0 142 398 685 803 397 686 768 767 573 483 311 688 856 553 609 191 702 135 248 519 756 909 343 596 417 643 778 603 581 93 898 587 281 895 611 381 453 503 656 718 783 655 583 733 747 509 683 547 190 596 70 436 619 835 558 661 177 279 118 458 214 530 416 647 860 700 567 133 219 482 662 299 936 431 312 966 74 679 349 431 801 554 782 428 422 559 600 708 366 175 660 680 493 473 631 548 642 363 256 873 257 522 569 686 760
463 39 836 484 387 356 645 361 528 644 599 288 323 453 245 354 501 661 690 15 232 46 179 759 510 571 164 497 660 588 691 155 146 235 752 142 0 297 624 764 318 592 640 627 449 341 409 555 774 489 481 147 652 33 207 482 614 878 201 466 281 510 745 469 440 50 864 479 216 807 612 258 360 513 538 589 711 528 463 640 607 472 589 507 304 577 157 443 521 758 475 617 259 142 34 328 308 418 274 562 764 566 426 85 135 340 574 157 797 291 381 828 168 553 302 298 666 479 704 363 296 455 562 566 326 114 518 570 362 331 500 420 543 285 387 748 327 416 486 561 690
177 293 988 263 579 653 837 64 431 839 698 537 424 570 440 349 772 853 685 282 422 316 247 948 782 363 178 478 923 497 648 385 339 175 665 398 297 0 830 992 535 739 670 459 531 332 700 334 933 703 244 214 872 330 482 729 473 1112 223 512 168 532 980 494 312 322 1094 605 135 949 884 399 544 794 265 617 893 583 199 783 444 720 738 748 586 835 443 726 666 926 658 846 553 297 331 412 600 545 237 732 891 350 310 264 398 334 737 261 745 201 678 778 453 302 558 382 654 677 875 592 412 599 802 419 585 400 448 282 434 309 540 190 246 510 652 780 624 560 668 619 876
920 660 263 829 250 534 47 879 663 35 299 341 422 307 395 544 268 54 538 634 412 652 582 141 270 852 654 537 252 667 612 473 504 661 723 685 624 830 0 174 307 179 452 812 373 554 624 864 201 134 851 768 61 598 437 187 761 295 607 430 688 463 181 466 694 650 273 274 817 259 284 430 285 328 943 449 111 400 880 185 795 194 177 158 653 203 625 340 213 171 174 84 583 539 613 440 605 313 616 133 267 863 677 710 489 551 145 571 677 663 534 690 628 913 335 462 544 152 129 261 425 258 130 754 320 521 619 1001 434 574 433 815 1018 339 742 478 544 286 165 391 86
1091 798 301 1003 414 600 194 1043 837 184 459 475 594 482 552 718 313 183 694 776 569 786 745 159 309 1027 814 710 199 838 772 621 658 827 884 803 764 992 174 0 458 342 610 985 547 728 677 1039 264 289 1025 911 121 735 563 285 934 121 771 604 856 635 40 639 869 783 102 449 968 324 261 595 450 354 1116 614 194 571 1052 332 968 295 340 258 734 221 737 396 386 233 346 147 673 696 748 612 684 487 785 305 365 1037 851 848 628 724 314 731 828 833 593 837 738 1088 463 633 703 319 231 404 594 432 203 928 441 654 793 1174 608 747 605 987 1188 487 811 618 618 460 338 558 186
650 356 523 590 76 350 326 590 493 325 336 71 192 208 96 320 268 343 513 328 113 349 291 441 277 640 357 393 399 526 552 166 200 378 648 397 318 535 307 458 0 291 437 637 249 323 446 642 460 173 605 461 340 294 156 198 599 577 320 301 414 353 445 328 475 348 560 214 511 498 373 156 70 313 691 399 393 328 620 337 617 190 287 214 422 308 347 261 229 442 161 311 345 238 310 213 385 176 349 250 465 645 456 404 185 319 265 274 650 396 364 674 353 675 89 217 500 161 388 57 175 179 267 572 104 223 459 743 231 335 327 558 746 34 522 524 343 153 172 348 371
802 632 249 692 214 609 148 780 503 159 119 353 315 171 347 415 395 159 359 598 359 629 501 228 400 701 577 375 424 498 433 437 451 564 544 686 592 739 179 342 291 0 272 649 226 429 705 717 193 189 718 724 240 574 446 293 596 454 518 274 582 297 356 309 552 629 430 135 755 215 444 351 233 458 811 272 170 231 755 47 633 296 3 274 704 358 638 446 74 189 134 257 628 476 591 327 662 194 508 61 174 714 536 676 469 425 41 497 498 552 616 512 644 773 360 357 364 155 142 275 329 142 279 595 357 511 458 872 310 451 269 690 898 324 802 306 610 182 125 215 164
671 678 421 530 376 787 418 690 301 430 153 507 317 229 431 324 637 427 87 640 434 685 486 475 644 506 552 197 692 268 162 511 497 507 273 768 640 670 452 610 437 272 0 424 197 341 883 531 397 430 562 735 513 636 575 534 367 715 486 175 502 139 627 180 395 688 691 231 734 374 705 386 366 698 651 54 422 114 613 278 412 533 275 523 847 618 742 669 259 412 349 528 771 498 653 312 816 261 439 324 304 522 386 710 557 339 308 497 229 469 801 247 750 599 526 342 93 384 387 456 346 268 541 385 536 603 260 714 277 363 140 555 759 458 949 111 779 284 347 88 425
353 649 842 203 624 927 793 437 150 802 545 687 445 507 566 320 902 806 378 616 555 668 453 875 911 117 467 275 1010 155 300 589 544 394 252 767 627 459 812 985 637 649 424 0 441 322 1006 152 811 734 232 635 871 644 699 816 56 1102 426 382 353 351 993 346 187 674 1079 538 581 796 1000 493 592 951 288 393 818 418 294 673 20 810 650 819 922 922 780 897 599 821 655 870 861 512 657 424 913 512 354 680 726 136 202 652 633 325 672 479 357 336 949 385 790 223 713 424 350 689 786 687 463 560 857 65 735 666 192 343 409 319 380 271 410 636 1012 499 906 542 660 439 813
578 489 462 466 204 597 358 565 291 366 166 318 126 66 234 192 484 373 266 451 236 494 312 453 492 480 385 167 573 303 303 314 304 357 402 573 449 531 373 547 249 226 197 441 0 206 691 494 414 296 491 557 431 442 379 388 392 666 321 60 366 107 552 95 326 496 644 98 569 421 571 192 183 540 585 153 395 83 529 263 423 384 225 386 650 488 545 500 162 413 215 429 574 311 460 128 620 79 294 244 360 491 311 524 359 203 239 317 400 335 612 425 553 548 339 160 251 250 368 281 153 119 419 381 353 405 248 646 98 229 79 465 674 266 752 300 587 109 219 112 385
373 374 669 276 327 607 549 360 194 555 369 367 137 258 244 16 591 565 368 336 233 387 164 652 601 316 217 162 714 248 354 270 229 166 410 483 341 332 554 728 323 429 341 322 206 0 689 320 620 449 296 406 607 350 378 514 293 849 153 179 164 202 726 162 151 392 828 294 394 627 695 172 291 635 388 287 594 250 327 468 301 507 428 522 614 623 480 579 359 618 382 594 548 206 365 117 599 243 98 436 566 322 133 394 316 3 435 184 460 132 628 491 490 361 392 106 340 410 570 377 148 299 568 256 416 353 177 447 120 23 207 262 470 317 710 452 587 267 389 286 582
871 407 886 887 512 96 666 765 883 657 777 375 600 654 467 695 367 677 957 423 471 384 557 758 369 968 569 811 494 931 989 418 462 634 1075 311 409 700 624 677 446 705 883 1006 691 689 0 956 823 523 887 502 612 381 318 437 982 755 587 736 682 788 642 756 821 378 752 658 591 877 428 533 516 324 947 843 734 773 872 745 985 430 701 465 124 457 257 286 660 795 572 565 150 494 374 616 100 621 655 649 865 966 804 439 373 686 668 530 1090 685 90 1116 247 960 358 602 942 549 748 436 572 622 501 941 352 340 860 978 646 689 766 827 947 425 143 969 104 600 580 794 710
204 570 934 73 646 887 852 301 229 859 628 679 457 557 556 326 909 867 502 542 542 591 401 946 919 35 390 348 1034 272 433 555 505 321 401 688 555 334 864 1039 642 717 531 152 494 320 956 0 895 767 91 532 920 578 669 834 193 1159 369 442 274 428 1040 409 170 597 1137 592 466 889 1014 486 611 951 137 490 888 496 148 749 147 827 717 842 859 944 713 891 656 900 695 911 806 467 588 437 858 551 307 738 821 17 188 562 593 324 733 427 503 272 910 532 723 73 704 425 472 726 859 696 467 606 887 152 729 618 272 194 433 306 452 146 259 632 942 620 862 579 702 524 879
992 813 64 876 387 731 156 973 672 166 267 512 509 364 530 605 469 146 470 782 545 808 694 104 471 876 769 547 427 656 555 618 638 758 664 856 774 933 201 264 460 193 397 811 414 620 823 895 0 310 903 911 232 753 608 386 756 341 712 455 775 467 297 487 735 808 317 328 946 61 473 542 414 528 997 418 91 399 943 151 797 393 195 358 845 398 801 541 267 33 299 276 772 666 769 521 798 388 701 211 106 890 721 859 645 616 201 689 592 745 733 596 805 955 512 551 487 301 75 429 522 335 331 763 501 683 628 1058 503 642 443 879 1088 494 937 375 740 374 288 373 115
804 526 374 725 125 428 161 754 584 157 288 208 312 231 264 441 209 176 516 499 281 517 456 273 215 759 526 464 276 600 578 339 372 538 685 553 489 703 134 289 173 189 430 734 296 449 523 767 310 0 744 634 168 463 304 106 688 410 482 357 569 400 280 391 596 516 391 209 684 358 277 307 162 272 834 411 231 349 768 224 715 107 185 93 536 193 495 257 171 286 83 146 462 409 478 331 490 222 499 129 342 768 578 575 354 445 149 442 659 546 432 677 498 810 204 349 514 46 234 126 309 178 123 672 192 387 543 890 334 467 370 704 901 204 630 486 433 191 83 351 207
123 492 947 33 620 823 844 209 267 851 640 634 432 550 514 307 870 860 546 467 498 514 341 945 880 122 317 367 1003 322 486 500 449 254 470 609 481 244 851 1025 605 718 562 232 491 296 887 91 903 744 0 445 904 507 613 802 263 1146 308 447 208 443 1023 417 169 520 1125 586 376 903 978 448 584 907 93 515 886 509 61 753 222 794 717 813 785 912 638 844 652 905 679 891 737 408 515 413 788 539 257 731 837 108 182 480 533 300 728 367 567 214 847 598 649 73 659 395 515 707 860 662 437 595 861 212 685 553 302 155 417 278 464 60 199 591 864 660 797 564 686 540 875
392 117 972 459 526 470 787 274 567 786 717 435 431 573 380 421 646 804 773 135 366 135 249 902 655 555 188 568 805 632 759 295 272 252 802 191 147 214 768 911 461 724 735 635 557 406 502 532 911 634 445 0 798 177 353 629 635 1025 252 561 285 598 892 557 459 140 1011 602 89 940 756 376 497 654 479 682 852 629 410 771 617 619 721 654 382 723 249 584 651 896 614 764 362 250 168 430 403 540 315 699 893 546 450 69 282 406 709 240 864 309 495 895 257 511 449 398 746 621 843 509 407 584 709 582 473 260 568 496 462 388 595 386 453 429 440 846 439 543 625 665 831
969 687 288 883 293 526 99 923 722 86 360 364 472 365 433 597 247 97 599 663 450 677 624 147 246 909 695 596 199 727 673 505 540 706 785 702 652 872 61 121 340 240 513 871 431 607 612 920 232 168 904 798 0 624 456 186 821 243 651 489 735 523 121 525 749 674 223 333 851 293 240 474 329 301 995 511 141 461 931 243 854 195 238 156 653 167 639 325 273 200 225 47 586 578 638 491 603 368 664 193 313 919 732 737 516 603 206 611 738 711 523 750 640 967 354 512 605 198 170 289 473 314 111 812 335 545 678 1053 488 626 493 866 1067 370 737 537 540 340 217 452 120
494 62 816 508 365 325 621 394 539 619 587 259 318 441 227 361 469 637 689 49 217 55 192 735 478 593 189 501 627 598 694 136 138 257 759 135 33 330 598 735 294 574 636 644 442 350 381 578 753 463 507 177 624 0 175 452 629 848 217 462 304 509 715 468 457 55 834 465 249 787 579 250 340 479 566 585 688 522 491 621 624 442 571 477 280 545 135 410 503 736 453 588 230 145 18 324 281 405 289 541 747 589 442 112 109 348 554 167 801 311 349 831 146 579 272 297 666 456 682 337 289 440 532 582 295 82 527 600 359 341 497 447 575 260 368 742 296 401 464 555 666
628 237 673 606 232 230 465 544 569 461 489 96 282 352 149 382 295 480 645 221 153 223 272 577 304 676 313 493 453 615 672 113 164 361 757 248 207 482 437 563 156 446 575 699 379 378 318 669 608 304 613 353 456 175 0 278 671 674 305 420 406 472 541 439 519 220 661 365 421 650 406 215 222 312 688 532 534 463 613 492 678 268 442 305 271 370 193 243 385 587 314 418 195 205 186 298 241 317 361 402 619 677 501 287 84 375 418 247 775 400 250 802 198 687 101 285 628 307 534 179 254 332 359 634 122 92 543 731 328 380 451 558 718 124 373 670 214 301 324 488 511
849 514 449 786 191 346 229 786 667 220 394 196 377 325 294 509 103 240 620 494 311 502 488 325 109 830 551 553 201 689 679 347 390 576 784 519 482 729 187 285 198 293 534 816 388 514 437 834 386 106 802 629 186 452 278 0 772 396 518 448 613 494 262 481 665 499 382 308 691 441 184 353 224 166 889 513 298 448 819 324 796 9 289 30 468 110 454 157 276 357 185 143 400 431 464 398 419 309 548 232 436 837 647 565 348 510 253 470 763 594 346 782 455 871 180 409 616 150 311 141 367 274 81 752 156 370 628 941 408 528 464 756 944 219 555 593 357 278 187 454 273
386 640 786 231 581 901 741 459 106 750 490 652 407 459 533 289 861 754 322 605 523 657 437 821 870 160 459 225 964 99 246 564 520 388 208 756 614 473 761 934 599 596 367 56 392 293 982 193 756 688 263 635 821 629 671 772 0 1049 413 332 350 299 942 297 176 663 1026 488 589 739 956 460 551 911 330 337 764 365 325 619 48 767 597 774 903 877 764 860 548 766 608 821 839 492 643 387 891 465 340 629 670 179 189 646 609 296 620 462 309 329 921 339 774 266 678 390 294 642 732 647 428 512 811 54 699 644 144 388 368 293 328 292 451 600 996 443 881 496 612 384 760
1212 911 358 1124 535 687 309 1164 954 300 567 590 715 601 672 839 405 295 797 890 689 898 865 243 399 1146 934 827 261 953 878 738 777 948 989 909 878 1112 295 121 577 454 715 1102 666 849 755 1159 341 410 1146 1025 243 848 674 396 1049 0 892 722 978 750 133 757 989 895 24 567 1085 392 327 717 572 433 1238 724 293 685 1174 438 1085 406 453 371 825 314 842 487 504 314 467 265 769 816 860 733 774 608 907 422 447 1157 972 961 743 845 430 851 926 954 676 933 841 1208 576 755 808 441 328 522 716 553 316 1045 553 766 910 1295 729 869 721 1109 1310 605 894 712 708 581 459 669 291
332 228 768 303 358 517 613 272 328 616 487 335 204 352 224 169 573 630 521 192 207 244 33 725 583 380 66 316 717 390 508 192 141 58 558 343 201 223 607 771 320 518 486 426 321 153 587 369 712 482 308 252 651 217 305 518 413 892 0 314 101 348 762 306 239 250 874 386 249 730 684 176 321 605 383 432 669 385 309 563 406 509 516 535 496 626 353 540 444 704 435 627 439 99 230 195 491 324 73 509 676 378 225 242 225 153 514 58 613 97 541 645 363 382 358 163 493 454 652 378 189 377 587 365 385 248 322 429 223 137 347 252 426 299 585 598 493 338 445 421 653
541 503 500 420 262 643 413 539 232 421 194 367 146 126 271 163 543 427 228 465 270 511 312 503 552 426 380 107 634 242 253 343 324 341 346 596 466 512 430 604 301 274 175 382 60 179 736 442 455 357 447 561 489 462 420 448 332 722 314 0 344 52 610 35 279 514 699 156 563 456 631 217 238 598 541 122 445 71 489 307 364 444 274 446 688 549 574 556 217 458 276 488 613 324 480 138 661 138 275 299 392 439 265 535 390 177 292 322 354 311 660 381 583 500 389 167 209 311 416 337 175 179 480 324 405 435 189 602 103 202 34 426 636 314 789 285 631 169 279 107 437
236 299 827 205 443 615 690 198 284 694 532 434 269 410 319 181 672 706 520 269 302 319 134 798 682 289 116 312 813 350 490 294 242 47 521 417 281 168 688 856 414 582 502 353 366 164 682 274 775 569 208 285 735 304 406 613 350 978 101 344 0 364 850 325 174 325 959 447 248 787 782 262 406 705 282 449 741 414 208 624 334 604 580 627 584 722 438 640 509 770 514 715 532 200 314 254 583 389 73 580 727 285 164 298 325 166 583 159 591 32 639 623 449 282 458 227 490 537 721 471 263 444 678 297 485 345 292 330 272 141 372 151 332 395 668 612 590 408 523 451 726
545 547 506 414 311 696 441 555 206 451 200 420 195 169 323 185 591 455 180 508 322 556 349 525 600 408 414 79 676 203 200 393 371 368 295 643 510 532 463 635 353 297 139 351 107 202 788 428 467 400 443 598 523 509 472 494 299 750 348 52 364 0 644 41 273 559 727 193 594 461 676 266 289 648 536 85 467 68 490 324 335 491 298 491 739 593 623 607 249 474 317 526 665 367 526 185 713 186 300 330 394 422 262 576 440 200 321 362 302 331 712 329 632 490 442 211 158 353 436 387 225 221 522 297 457 485 161 598 150 224 30 429 637 367 840 250 684 217 320 97 462
1085 777 337 1002 406 567 209 1033 843 197 475 457 590 486 540 717 281 200 712 757 557 765 734 193 276 1030 802 718 159 848 789 605 644 818 901 778 745 980 181 40 445 356 627 993 552 726 642 1040 297 280 1023 892 121 715 541 262 942 133 762 610 850 644 0 646 870 762 120 454 951 358 222 587 443 318 1114 628 221 581 1048 351 975 272 354 237 703 188 711 363 394 265 345 134 643 683 727 609 652 488 779 314 395 1040 852 828 610 722 325 719 849 827 559 859 711 1087 442 629 720 315 257 389 589 435 182 934 419 633 800 1170 608 745 614 984 1182 472 777 641 586 460 338 571 209
514 506 530 389 293 665 448 518 197 457 223 392 158 161 289 145 575 462 221 467 287 515 308 537 583 392 372 72 668 208 233 355 331 328 321 603 469 494 466 639 328 309 180 346 95 162 756 409 487 391 417 557 525 468 439 481 297 757 306 35 325 41 646 0 248 518 734 191 553 485 664 229 268 629 510 126 479 93 461 340 328 477 309 480 703 583 585 585 253 491 310 524 630 326 486 146 678 171 259 335 420 405 234 534 403 160 327 320 337 292 682 366 594 468 415 171 197 346 450 366 188 214 515 288 432 447 153 572 112 184 47 398 608 338 804 291 652 202 314 127 472
276 464 778 141 476 744 683 312 119 691 471 517 287 388 394 156 743 699 388 430 381 482 266 780 753 164 283 199 865 185 340 407 359 211 353 581 440 312 694 869 475 552 395 187 326 151 821 170 735 596 169 459 749 457 519 665 176 989 239 279 174 273 870 248 0 488 967 423 418 733 846 322 441 787 262 347 722 339 218 586 166 658 551 673 735 774 593 729 489 738 525 740 675 326 470 267 726 381 167 569 667 171 18 469 449 155 565 292 434 152 766 466 603 221 542 257 357 555 695 529 299 436 717 126 567 480 142 324 262 141 294 161 364 468 825 497 722 409 531 371 712
494 29 871 526 420 335 674 387 577 672 643 310 371 496 283 404 508 690 740 57 272 6 229 788 517 615 209 548 668 638 741 192 192 281 802 93 50 322 650 783 348 629 688 674 496 392 378 597 808 516 520 140 674 55 220 499 663 895 250 514 325 559 762 518 488 0 882 520 223 843 617 304 396 513 573 637 742 575 499 677 654 489 626 525 266 588 121 444 559 790 508 637 230 192 38 376 277 460 323 596 803 610 474 71 163 391 609 207 848 338 359 878 130 592 320 347 716 510 736 389 343 495 580 614 342 129 568 601 411 381 549 460 569 314 344 795 304 457 519 608 720
1192 897 335 1103 516 681 286 1146 931 277 543 575 695 579 654 818 397 272 773 876 671 885 847 219 392 1124 917 804 258 929 854 722 760 929 965 898 864 1094 273 102 560 430 691 1079 644 828 752 1137 317 391 1125 1011 223 834 661 382 1026 24 874 699 959 727 120 734 967 882 0 545 1069 369 325 698 553 429 1217 700 269 661 1153 414 1062 392 429 356 818 306 831 479 481 290 446 248 761 799 847 713 767 586 887 400 423 1135 950 947 728 824 407 833 902 935 671 909 831 1187 562 735 784 421 304 506 696 531 301 1023 539 753 887 1275 708 848 698 1088 1290 589 890 687 701 560 438 646 267
667 519 382 562 146 562 260 645 388 267 125 285 182 36 239 281 409 275 315 483 248 519 371 358 417 578 446 263 483 396 370 329 333 430 476 587 479 605 274 449 214 135 231 538 98 294 658 592 328 209 586 602 333 465 365 308 488 567 386 156 447 193 454 191 423 520 545 0 627 344 486 226 144 469 680 205 300 140 621 177 520 306 133 301 635 402 548 437 65 324 125 333 558 353 482 193 599 63 373 145 291 590 407 560 367 291 141 369 456 417 574 477 555 645 300 223 308 162 276 226 199 36 329 479 307 412 345 740 175 316 162 557 764 241 736 310 557 64 127 146 289
309 196 1005 394 569 557 832 190 532 832 734 495 448 594 422 410 717 848 762 201 406 217 257 946 726 492 183 553 874 599 738 346 313 228 769 281 216 135 817 968 511 755 734 581 569 394 591 466 946 684 376 89 851 249 421 691 589 1085 249 563 248 594 951 553 418 223 1069 627 0 970 828 403 537 729 399 680 894 634 334 801 565 681 752 714 472 789 336 659 680 934 655 820 450 280 244 442 492 564 297 737 918 481 411 154 343 395 745 258 840 278 581 872 345 437 512 409 733 666 881 563 428 613 769 535 537 330 540 412 471 373 595 320 366 481 529 845 526 572 665 670 875
997 846 47 874 423 784 213 985 662 223 262 554 526 378 562 612 527 205 441 813 575 843 714 164 529 867 790 540 489 640 527 651 667 773 632 895 807 949 259 324 498 215 374 796 421 627 877 889 61 358 903 940 293 787 650 441 739 392 730 456 787 461 358 485 733 843 369 344 970 0 534 566 446 587 996 403 152 394 946 168 783 447 218 413 894 459 843 597 289 95 336 336 820 692 804 536 848 406 713 247 69 882 720 891 681 624 233 712 554 756 786 555 848 951 556 567 460 343 130 472 542 357 390 751 548 721 618 1058 514 651 439 882 1092 532 988 336 791 397 326 364 175
1016 638 527 964 375 363 331 944 851 319 557 349 559 507 464 691 112 334 792 626 480 621 653 382 102 1011 709 736 66 873 855 500 548 743 963 611 612 884 284 261 373 444 705 1000 571 695 428 1014 473 277 978 756 240 579 406 184 956 327 684 631 782 676 222 664 846 617 325 486 828 534 0 530 407 111 1063 689 382 627 991 463 980 189 441 185 504 86 541 175 446 440 361 200 455 591 587 580 453 493 721 385 551 1018 828 687 488 691 404 632 934 767 351 952 539 1049 327 589 791 324 410 318 547 455 165 936 300 497 812 1113 591 708 646 930 1110 387 568 751 387 462 360 629 360
