257
0 596 771 699 172 207 810 435 175 662 121 778 702 574 837 714 695 734 805 696 411 996 788 77 779 698 444 536 604 603 237 572 307 271 427 734 161 620 444 558 297 520 146 557 531 594 872 531 244 869 420 724 127 500 421 414 856 217 133 701 695 608 572 344 366 232 488 125 224 718 344 854 358 735 435 983 878 699 318 520 215 185 89 370 107 699 827 119 606 296 703 472 216 673 335 178 599 879 860 38 467 772 489 557 187 602 196 559 869 567 665 295 847 659 60 802 101 931 666 574 624 906 168 237 377 950 811 504 322 851 500 683 249 938 254 342 551 882 706 409 742 828 984 611 465 480 720 510 458 374 231 272 646 324 958 706 215 476 765 746 814 722 481 652 566 867 566 311 704 456 188 241 776 457 487 800 378 892 352 486 718 708 447 182 567 668 646 585 53 862 777 787 507 593 151 827 769 772 241 670 505 173 288 854 663 555 729 239 722 710 964 618 651 867 593 783 163 92 908 955 1045 1031 434 432 495 851 1016 285 887 674 695 537 240 463 881 799 730 481 400 1079 238 669 752 531 414 370 630 284 786 740 714 105 404 187 933 799 598
596 0 1135 1007 513 471 685 569 598 1012 710 713 270 364 968 1078 1015 317 854 1029 809 842 492 601 1166 486 381 397 864 559 387 541 420 837 605 1097 481 855 881 657 696 76 657 378 614 238 1207 298 713 966 906 128 713 536 267 201 1187 708 727 175 470 78 157 334 599 485 458 652 475 241 816 1197 256 926 666 913 779 780 358 92 465 640 560 346 524 1020 1031 708 345 307 237 880 756 167 411 773 1008 811 1136 610 263 586 119 660 443 566 488 329 678 179 531 335 746 185 579 727 514 952 845 903 403 685 742 833 237 768 932 985 615 615 135 158 433 729 405 516 927 594 383 663 280 987 932 276 754 938 124 762 377 462 825 713 1006 882 832 951 412 315 539 297 1080 1105 800 738 659 1073 802 286 469 155 413 356 530 667 321 706 729 965 779 251 860 128 653 725 587 986 592 417 551 1195 417 939 681 1016 444 1180 578 744 788 1073 674 685 460 516 934 52 203 646 590 115 718 960 870 676 4 782 729 613 770 860 896 829 608 480 409 1053 937 560 891 87 99 79 834 182 755 953 135 271 323 872 361 690 1032 134 409 386 788 854 361 722 484 597 572 784 679 1062 493
771 1135 0 144 695 716 740 569 624 122 693 663 1037 836 398 58 128 1033 516 110 365 828 926 700 52 826 760 781 285 661 952 658 724 865 530 38 739 306 329 518 489 1069 889 813 552 960 105 870 527 454 376 1233 792 623 867 1050 95 554 707 1121 839 1093 1008 807 538 687 699 646 701 1082 430 85 902 314 468 714 719 482 789 1107 718 595 716 789 736 124 284 696 878 958 1068 299 571 1093 727 752 177 681 173 800 876 804 1084 514 925 653 704 858 830 988 746 831 715 1061 831 677 756 575 359 231 837 876 822 722 1025 845 413 313 533 877 999 1113 734 873 764 621 223 945 938 472 1077 355 690 942 380 308 1238 374 767 672 758 502 131 534 777 240 940 830 847 1066 180 55 337 489 520 287 346 916 850 987 887 904 871 469 830 701 425 492 420 892 392 1183 482 874 605 154 661 793 814 99 989 367 466 191 836 56 809 617 559 113 473 598 688 991 225 1124 1134 553 741 1210 928 174 308 829 1134 581 632 682 777 736 841 903 528 660 750 290 739 594 588 1221 1213 1055 677 952 754 364 1226 872 811 933 862 567 164 1006 727 748 405 575 1057 605 845 873 562 734 925 187 728
699 1007 144 0 597 611 598 437 536 71 639 521 896 697 282 106 19 891 383 42 290 696 782 623 192 682 628 642 145 517 856 516 606 835 401 116 642 163 285 375 403 944 829 673 412 823 200 734 457 338 355 1101 741 485 740 936 180 487 658 983 695 961 875 686 419 580 562 576 595 942 380 190 784 180 342 590 582 340 671 986 612 515 632 665 647 22 187 642 737 852 929 242 520 956 606 712 180 547 161 731 745 660 964 372 835 509 602 719 688 854 602 716 576 924 758 536 667 457 215 124 696 735 777 694 915 707 289 322 424 733 872 977 623 733 653 500 161 802 795 351 936 243 569 803 262 292 1106 244 634 546 728 427 91 515 645 102 846 697 702 925 121 147 227 345 378 210 207 805 706 863 791 802 726 339 696 559 327 377 350 760 253 1048 353 826 462 31 517 652 736 188 845 242 329 205 742 177 665 476 516 169 336 531 573 847 80 999 995 466 596 1077 788 86 163 687 1006 443 580 606 640 606 713 769 398 527 614 203 617 485 461 1092 1082 927 650 826 616 242 1092 740 684 801 757 423 62 876 597 623 260 551 914 463 701 804 435 696 783 112 585
172 513 695 597 0 46 638 268 85 576 234 607 562 413 692 636 598 589 646 604 333 824 624 119 713 529 280 370 481 430 258 399 142 436 266 657 44 490 391 395 207 437 315 394 365 454 787 379 202 719 400 636 291 328 286 372 769 194 258 582 527 505 449 202 211 60 317 149 56 586 311 772 256 599 289 815 707 541 174 455 54 127 85 218 68 603 698 233 449 267 571 404 244 553 170 324 538 710 754 209 326 600 427 395 239 430 29 402 697 440 494 178 676 533 212 631 84 771 524 475 459 734 335 367 342 778 664 483 179 680 394 567 93 766 112 172 471 714 549 266 604 688 817 465 341 443 636 377 294 202 375 209 563 371 787 584 248 322 595 605 703 652 370 492 402 740 433 240 537 359 193 210 607 307 332 628 271 738 287 346 570 607 295 354 397 569 474 418 175 776 620 645 353 539 145 748 597 604 277 609 350 173 117 691 547 483 608 146 550 618 793 527 518 695 511 617 230 121 737 785 873 859 273 260 328 723 848 127 724 599 609 441 352 350 709 658 637 337 251 907 173 502 643 418 247 208 481 348 638 571 546 261 239 325 762 687 427
207 471 716 611 46 0 608 251 127 595 279 581 516 370 687 657 614 543 631 621 359 795 582 163 737 490 237 328 488 401 247 369 99 476 256 677 50 494 422 380 236 395 345 351 346 407 805 334 242 710 437 593 331 301 239 339 787 237 303 536 487 460 403 156 207 34 281 195 20 539 347 790 214 599 288 792 680 527 128 417 7 169 125 172 100 618 701 278 404 242 524 431 290 507 128 368 564 686 765 243 280 565 389 380 239 401 17 357 663 393 458 135 648 486 240 605 109 756 522 491 417 699 374 413 312 746 657 519 187 643 349 521 46 732 67 151 494 674 505 269 558 686 796 419 351 476 593 382 252 169 419 244 584 416 759 591 242 277 557 559 713 676 385 478 386 744 437 206 496 316 185 190 568 304 287 600 290 728 318 300 565 562 291 389 372 584 445 377 201 794 576 641 346 567 143 768 561 581 322 634 342 218 82 649 557 443 562 178 517 574 757 545 521 661 469 597 276 166 707 760 845 827 263 228 288 725 825 128 707 557 566 398 399 304 680 655 594 290 204 874 146 481 654 373 206 164 476 394 593 549 506 287 226 370 725 696 391
810 685 740 598 638 608 0 386 657 649 844 77 449 331 391 703 616 418 246 638 628 187 239 748 790 199 403 325 481 207 797 238 518 1065 411 715 658 450 697 297 616 661 952 327 301 446 758 405 691 358 771 717 924 311 508 744 739 714 871 567 216 610 528 530 471 579 331 747 589 498 717 759 605 428 443 228 94 257 542 721 602 678 722 493 705 620 500 845 340 738 491 660 783 551 492 942 720 130 643 848 473 105 718 300 817 208 616 366 90 507 166 595 62 520 848 67 717 293 383 574 283 138 968 966 749 142 358 803 525 143 585 571 575 146 586 469 640 213 319 469 472 429 248 408 498 749 728 456 393 439 985 661 659 871 157 499 806 422 160 454 595 743 536 262 290 530 440 667 218 612 757 723 180 420 411 40 564 338 655 471 348 652 420 992 249 598 164 284 809 746 327 393 376 742 734 758 113 123 804 750 372 734 525 281 520 710 562 630 101 694 195 614 438 89 688 165 811 742 100 176 239 224 405 379 346 512 253 536 233 746 712 624 935 561 75 403 700 456 480 270 678 191 580 564 415 468 348 878 411 135 204 895 420 936 185 579 228
435 569 569 437 268 251 386 0 272 447 458 345 482 283 445 514 447 488 380 461 294 567 441 367 604 333 191 225 294 186 486 160 194 680 42 532 299 287 373 129 240 508 581 258 96 395 638 303 309 463 431 664 541 86 303 517 618 330 485 555 339 524 439 260 87 217 139 361 230 523 357 628 359 373 106 548 445 277 251 553 247 291 346 233 337 451 478 459 327 456 509 353 399 526 183 555 463 444 570 473 308 373 534 129 487 183 252 297 458 419 271 305 415 495 480 369 352 505 291 340 302 500 585 580 502 529 413 487 141 459 434 546 235 525 259 99 377 509 408 115 525 451 549 382 196 432 669 194 198 116 599 282 444 498 526 385 486 261 386 517 514 544 245 228 135 522 232 395 350 429 430 418 405 100 261 370 213 478 298 323 324 614 87 614 137 417 223 253 444 626 473 403 114 477 393 612 373 337 423 520 108 347 177 513 365 564 570 244 312 641 562 397 306 456 569 348 424 359 480 520 613 610 42 90 187 502 581 152 456 654 644 489 550 389 452 417 657 303 248 657 369 234 463 438 159 190 238 499 523 304 354 529 33 550 537 496 216
175 598 624 536 85 127 657 272 0 508 187 617 632 469 661 565 535 656 632 539 258 839 672 99 639 572 335 420 432 452 329 423 207 408 257 586 125 446 311 389 134 522 321 448 366 525 719 445 117 693 315 720 269 347 363 456 702 109 214 661 572 587 528 279 195 122 355 90 127 659 226 703 341 560 260 816 717 526 252 541 133 42 96 289 112 539 653 188 508 349 644 328 165 631 231 284 461 715 696 213 399 632 512 387 301 451 110 463 724 516 526 262 688 609 231 641 132 758 490 412 511 764 313 316 425 799 635 399 147 716 476 646 169 793 194 192 400 756 606 233 675 652 815 533 291 360 720 335 350 242 330 127 494 291 798 535 316 388 634 675 648 579 312 480 396 694 391 326 582 443 265 291 649 282 396 643 209 716 207 420 542 689 273 344 409 506 493 466 202 709 677 611 332 460 214 678 630 607 197 532 331 95 171 741 494 569 685 70 576 701 825 460 476 722 596 614 164 88 753 791 886 881 264 292 376 678 850 121 716 684 693 525 292 431 724 624 721 408 322 928 257 503 586 500 298 270 454 272 703 575 590 280 239 280 797 632 461
662 1012 122 71 576 595 649 447 508 0 593 573 920 719 352 66 53 918 445 39 252 757 821 589 157 718 638 663 174 550 834 545 601 781 408 85 621 200 231 405 373 946 787 695 437 840 211 750 418 407 295 1112 695 505 744 927 194 446 610 1001 730 971 887 684 415 566 579 538 580 964 331 195 779 245 345 655 641 392 666 984 597 482 602 666 620 53 258 596 761 838 950 193 472 973 604 661 109 607 212 693 754 704 962 401 809 542 584 739 740 867 638 708 632 941 722 590 640 525 266 108 723 787 728 639 904 765 356 254 411 781 877 993 612 788 643 498 111 848 825 349 961 313 635 824 257 229 1116 254 646 550 673 391 21 456 706 166 823 709 743 950 184 99 214 390 408 279 231 794 741 865 769 784 767 347 709 611 305 446 310 770 311 1061 360 779 492 53 555 677 703 201 879 309 347 134 719 173 708 530 465 103 355 491 566 887 130 1001 1015 437 639 1089 842 51 211 738 1011 499 533 571 698 669 777 829 406 538 630 274 684 472 527 1099 1091 932 594 830 672 311 1105 750 688 863 742 467 130 884 605 625 303 493 945 514 737 766 440 644 835 177 615
121 710 693 639 234 279 844 458 187 593 0 802 794 646 814 639 633 822 803 630 350 1025 854 117 694 757 512 601 566 640 359 610 376 224 439 658 244 587 364 569 262 634 197 627 549 685 797 613 189 852 324 838 102 535 514 534 782 158 26 804 756 717 672 432 377 291 540 97 290 814 263 778 464 703 429 996 902 698 404 637 287 168 157 451 191 636 786 2 683 416 799 400 121 775 404 97 516 897 800 128 557 820 606 567 308 638 263 636 912 665 713 393 873 758 167 826 197 927 644 519 691 952 140 134 497 987 792 405 324 903 606 787 325 980 339 379 483 941 782 401 835 798 993 698 434 389 835 485 527 426 143 223 575 207 983 663 336 556 820 837 759 641 438 654 576 824 539 424 766 565 308 359 834 453 566 828 342 879 289 576 700 818 446 186 595 607 680 648 174 788 854 762 505 506 267 750 818 789 137 586 505 120 348 923 616 671 831 221 764 822 1012 555 619 910 707 793 60 112 939 974 1070 1068 445 479 558 810 1030 308 890 790 809 647 124 567 910 773 842 568 483 1115 349 684 697 635 478 442 616 165 872 757 774 193 425 93 984 746 648
778 713 663 521 607 581 77 345 617 573 802 0 495 350 318 627 539 468 174 561 565 224 302 711 713 239 397 331 407 186 787 216 498 1025 364 638 632 376 631 240 564 682 923 341 252 476 681 422 640 289 707 757 886 280 512 753 662 665 829 610 256 641 556 523 425 551 317 705 561 545 657 682 606 351 388 216 100 181 530 740 576 634 689 485 676 543 425 803 369 734 536 593 733 591 475 899 647 107 567 816 483 164 734 243 802 183 587 386 167 534 182 585 72 559 819 23 689 241 307 501 310 213 930 920 753 201 284 735 479 218 603 612 553 216 567 436 569 288 366 414 522 355 227 441 434 681 768 389 390 415 941 609 584 814 181 422 794 429 218 505 519 667 469 190 232 456 368 664 262 626 742 713 241 364 419 38 506 274 596 485 271 693 365 958 210 522 141 298 781 669 386 318 316 670 714 681 171 47 752 674 313 688 499 351 444 733 608 584 127 734 269 540 362 165 716 91 765 704 141 178 268 278 357 355 343 438 247 497 179 780 750 648 887 574 112 327 742 467 477 321 666 125 503 586 402 455 275 824 469 59 249 868 377 893 262 503 230
702 270 1037 896 562 516 449 482 632 920 794 495 0 201 790 985 909 47 657 927 771 585 229 676 1077 256 309 258 752 387 559 382 425 970 525 1003 550 734 849 521 685 284 805 225 484 108 1091 190 729 775 896 269 829 415 280 415 1070 735 817 118 238 192 150 361 546 511 343 711 508 50 812 1085 355 776 588 673 542 608 389 340 508 672 636 344 604 914 874 793 159 476 41 834 798 108 402 877 945 579 999 728 236 345 352 524 604 395 532 185 424 144 323 407 511 85 708 503 603 736 701 816 204 423 867 927 439 510 753 962 584 355 238 126 469 468 454 478 859 326 130 596 43 817 696 102 678 909 282 667 296 414 930 716 920 921 583 820 579 246 291 43 944 1019 727 576 519 913 691 419 233 286 554 499 277 579 239 478 687 765 761 217 700 205 568 866 436 882 404 244 671 1078 148 771 572 959 563 1074 336 534 829 1000 564 728 462 246 817 312 113 655 368 248 451 871 740 423 274 578 792 682 522 617 639 565 524 396 295 893 694 547 674 309 269 243 915 253 512 784 252 225 311 606 476 510 906 202 349 363 646 905 97 520 246 741 501 882 413 926 316
574 364 836 697 413 370 331 283 469 719 646 350 201 0 612 784 709 204 491 726 575 505 216 532 876 145 134 57 552 200 495 188 270 845 326 802 413 535 654 323 499 332 699 24 285 134 893 74 552 604 706 424 700 214 188 415 872 563 672 290 135 296 207 238 353 355 144 555 357 245 625 886 288 585 389 557 424 425 260 391 362 505 496 206 468 714 686 646 43 424 232 636 630 264 243 737 745 451 805 607 147 244 387 326 526 207 384 35 346 185 168 301 390 231 595 365 473 588 507 615 55 369 742 780 423 438 575 768 396 302 254 286 325 410 321 293 658 316 137 398 242 634 573 107 478 714 432 466 119 232 788 534 719 746 486 624 509 106 213 234 750 818 527 387 322 727 490 354 141 282 468 423 216 379 93 346 492 601 570 141 512 364 368 752 240 682 228 53 556 880 208 587 371 760 459 874 238 379 659 799 363 563 299 279 618 383 299 478 231 399 418 670 543 345 366 418 634 534 424 507 560 512 325 201 99 706 584 367 526 436 411 297 761 230 405 601 411 128 180 559 385 330 709 236 171 205 451 736 243 357 154 636 304 739 382 731 130
837 968 398 282 692 687 391 445 661 352 814 318 790 612 0 383 302 770 144 323 482 436 618 760 451 540 598 571 257 411 930 427 640 1031 431 386 731 230 516 323 552 921 982 594 366 746 386 671 625 55 596 1036 913 441 724 955 369 656 837 897 557 906 816 699 481 652 515 729 667 840 587 392 797 118 404 316 342 188 695 974 685 657 754 667 756 304 119 816 643 901 829 469 709 874 627 902 456 299 263 874 711 481 960 322 926 404 685 643 473 794 466 749 349 841 892 323 775 176 170 338 588 515 954 900 944 465 36 586 517 534 842 895 679 501 704 541 406 604 667 428 823 43 291 716 379 544 1044 329 598 558 930 591 370 744 387 189 928 655 534 807 225 422 380 231 319 141 274 839 565 850 872 863 557 385 649 350 471 94 537 720 122 975 397 996 382 301 387 559 860 376 698 52 341 481 830 399 488 271 716 452 345 694 621 669 237 976 901 601 432 1012 558 344 198 472 970 226 760 747 399 343 444 514 425 513 561 125 340 565 194 1046 1023 893 858 803 381 43 1023 699 674 539 814 281 237 835 583 627 211 770 778 275 554 941 464 889 563 214 482
714 1078 58 106 636 657 703 514 565 66 639 627 985 784 383 0 87 983 489 65 307 802 882 642 91 780 704 729 236 613 893 609 666 817 474 20 681 260 274 469 431 1012 835 760 501 906 157 816 470 438 327 1178 739 570 810 991 143 497 654 1067 793 1037 953 750 480 628 645 589 643 1030 376 139 844 286 412 694 689 445 731 1050 659 537 658 732 678 83 276 642 826 900 1016 242 517 1039 670 701 127 653 193 744 820 762 1027 465 866 605 645 805 794 934 700 773 683 1007 775 642 698 559 320 174 788 841 770 674 967 814 393 271 475 838 943 1059 676 840 706 563 165 905 889 415 1026 341 672 890 323 258 1183 320 712 616 709 445 73 486 751 208 881 775 804 1015 182 40 279 448 472 287 295 858 803 930 828 846 827 414 775 665 366 477 363 836 359 1128 427 822 556 106 616 743 757 149 942 345 413 146 778 113 767 583 507 79 421 542 630 948 183 1066 1081 495 698 1155 895 117 266 793 1077 549 578 625 747 712 819 876 473 605 697 287 721 535 566 1165 1157 998 629 896 723 344 1171 816 754 907 804 525 146 950 671 691 362 527 1009 568 799 817 506 683 889 183 679
695 1015 128 19 598 614 616 447 535 53 633 539 909 709 302 87 0 904 403 22 285 715 798 620 175 698 637 654 157 532 857 530 612 826 409 99 643 177 275 389 401 951 824 686 424 834 193 745 452 358 343 1111 734 496 748 941 174 482 651 995 711 970 885 693 424 583 573 572 598 955 372 181 790 200 349 610 602 358 677 992 615 512 631 672 647 4 205 635 750 856 941 234 513 967 612 704 163 566 167 728 755 677 971 386 835 524 604 731 707 865 618 721 595 935 755 555 667 477 233 123 709 753 769 684 919 727 309 307 427 751 880 988 627 752 657 506 151 819 809 357 949 262 588 815 266 279 1116 253 644 554 718 423 74 504 664 121 847 707 719 938 133 128 229 362 392 226 219 809 721 871 792 804 743 348 706 578 327 397 345 770 272 1059 361 819 476 30 533 665 733 181 860 261 340 187 743 165 682 495 508 149 347 526 578 863 96 1007 1007 464 613 1087 807 78 180 705 1015 462 573 603 659 626 733 789 407 537 625 220 637 488 481 1101 1091 935 640 834 635 262 1103 749 692 821 760 440 77 885 606 630 277 540 929 481 717 800 443 688 802 125 599
734 317 1033 891 589 543 418 488 656 918 822 468 47 204 770 983 904 0 635 923 780 546 189 705 1075 231 325 262 748 376 600 374 449 1003 531 999 579 728 859 515 700 331 841 229 481 142 1083 210 748 752 909 309 862 415 313 461 1062 756 846 159 214 239 195 391 557 536 348 737 534 84 827 1077 393 763 593 638 508 591 418 387 535 694 666 370 634 909 859 821 161 518 82 841 820 153 424 907 949 548 987 762 267 312 399 518 644 384 559 197 385 187 304 440 479 131 743 474 634 708 691 816 195 382 901 956 484 470 734 973 598 315 282 169 496 427 483 493 862 282 103 603 54 799 662 124 682 919 322 667 311 430 960 733 919 941 545 811 619 268 257 36 933 1017 731 563 513 897 687 458 207 330 592 538 241 582 259 448 697 741 774 248 685 245 572 902 428 878 387 240 706 1070 103 755 571 964 599 1068 304 509 851 1001 563 751 484 200 811 359 147 674 342 288 407 870 732 385 321 553 817 710 485 581 598 522 529 406 303 877 657 564 646 352 311 290 942 293 477 767 290 254 338 562 513 494 898 247 365 386 636 927 53 497 219 777 509 911 369 915 306
805 854 516 383 646 631 246 380 632 445 803 174 657 491 144 489 403 635 0 425 507 312 475 732 568 404 500 457 302 295 863 317 567 1026 380 497 679 269 558 251 545 813 952 476 287 624 520 556 622 117 638 911 897 350 624 863 502 651 828 768 421 787 698 614 438 597 415 711 610 707 610 523 707 202 374 216 204 106 614 868 627 637 718 579 713 406 256 805 517 823 697 514 713 747 549 897 536 164 401 844 605 338 858 251 867 288 632 524 329 676 334 670 206 714 855 178 730 125 192 398 461 372 941 906 857 329 113 647 484 390 733 768 614 361 635 480 469 460 531 402 688 183 202 591 383 598 921 331 497 482 932 588 460 770 261 281 865 549 392 671 357 530 402 153 244 284 289 757 428 747 809 792 414 351 540 206 471 111 552 611 136 849 359 976 281 392 262 437 820 509 558 152 300 560 773 526 345 128 726 548 301 683 556 526 316 867 770 582 293 887 418 422 245 328 855 83 756 721 262 224 332 386 373 428 455 267 247 521 90 927 901 782 867 698 241 160 897 591 579 418 743 167 352 722 492 541 193 789 639 137 417 905 406 887 421 342 360
696 1029 110 42 604 621 638 461 539 39 630 561 927 726 323 65 22 923 425 0 285 738 818 622 154 717 652 671 175 551 863 548 622 820 423 78 649 197 269 408 404 964 823 703 442 850 183 760 453 379 334 1126 732 513 761 950 165 481 647 1011 730 985 900 704 435 591 589 572 606 972 368 170 801 222 362 632 624 380 687 1004 623 514 634 685 651 19 224 633 768 863 958 230 510 983 624 700 147 589 173 728 769 698 982 404 839 543 611 748 728 880 637 731 617 952 756 577 671 498 254 130 727 775 766 678 928 749 331 293 436 772 893 1004 636 774 666 518 147 840 828 368 967 283 610 832 277 268 1131 266 659 567 712 424 61 495 687 144 852 722 739 956 144 106 237 383 410 242 236 818 741 883 798 811 763 361 721 599 332 418 345 784 294 1074 375 816 495 44 553 683 735 172 879 283 356 171 748 151 703 517 503 128 364 526 588 884 117 1019 1024 468 634 1102 829 78 201 727 1028 484 570 605 681 648 755 811 421 552 641 238 659 496 503 1115 1106 949 633 847 657 283 1118 764 705 843 768 461 93 899 620 643 297 533 948 503 736 800 456 682 824 139 618
411 809 365 290 333 359 628 294 258 252 350 565 771 575 482 307 285 780 507 285 0 783 731 337 381 623 464 517 226 461 588 442 388 555 252 327 377 253 78 331 125 737 539 551 339 675 462 584 167 528 143 921 452 376 546 698 446 197 370 831 630 780 704 474 224 334 432 286 347 809 105 445 561 366 196 719 656 412 452 768 362 230 351 465 371 288 439 353 619 599 794 72 234 801 399 429 205 637 451 442 568 645 742 328 559 455 345 585 713 688 553 485 635 773 471 587 391 622 322 168 597 759 489 419 671 766 467 192 194 731 677 819 384 775 415 299 141 788 703 179 814 460 708 668 130 138 923 179 476 361 451 139 236 264 734 316 575 534 669 808 409 320 104 381 338 475 218 564 642 655 523 544 690 215 537 599 84 560 60 586 382 878 220 537 401 258 486 548 451 452 767 430 252 209 472 420 647 535 236 276 257 241 349 803 268 790 850 189 579 899 820 207 284 711 808 523 291 319 705 712 818 843 255 374 477 462 752 249 597 897 897 730 377 629 677 439 917 569 493 885 504 439 346 691 425 429 314 287 818 508 643 515 271 414 802 395 506
996 842 828 696 824 795 187 567 839 757 1025 224 585 505 436 802 715 546 312 738 783 0 356 932 880 362 588 507 605 394 983 425 705 1247 588 809 845 572 845 464 788 827 1139 505 476 606 823 579 864 387 923 855 1107 496 689 921 806 889 1052 704 376 764 688 716 649 766 518 928 775 630 879 829 787 515 611 138 126 378 728 887 789 857 907 679 892 719 556 1026 507 921 626 805 957 693 680 1122 843 150 700 1034 651 260 888 466 1004 393 802 539 163 669 349 781 152 665 1034 200 904 276 496 701 453 164 1152 1144 928 76 415 944 703 230 754 712 762 122 773 654 771 274 460 638 598 480 169 567 652 892 868 605 578 626 1164 833 771 1037 51 594 992 603 302 578 661 843 684 402 456 574 577 850 375 786 944 909 311 587 591 196 728 353 817 647 446 790 589 1177 430 704 350 463 996 813 443 461 539 867 921 834 268 247 976 860 536 912 712 363 627 872 692 807 285 833 164 731 551 165 845 264 989 925 87 94 55 78 581 566 531 560 136 718 242 893 855 789 1111 735 115 465 836 633 664 105 864 347 663 729 602 655 478 1047 524 276 359 1082 600 1116 192 649 414
788 492 926 782 624 582 239 441 672 821 854 302 229 216 618 882 798 189 475 818 731 356 0 742 973 108 344 253 647 275 705 289 482 1058 481 896 627 621 808 420 679 489 915 231 398 268 962 275 741 591 871 498 913 356 397 602 942 757 880 348 102 414 347 454 525 564 319 761 567 274 799 959 495 632 535 452 325 454 476 549 574 704 708 422 681 803 718 854 192 631 270 782 825 338 454 948 871 367 855 822 352 138 554 423 740 282 595 238 196 330 183 516 298 311 811 302 687 532 570 728 164 194 956 987 617 280 583 922 576 125 424 356 539 238 536 485 785 106 111 553 242 652 477 230 614 867 511 587 330 430 997 719 826 935 356 692 721 321 84 223 804 920 661 438 415 753 592 563 91 464 682 635 61 518 308 275 653 575 740 340 551 434 511 967 336 775 265 206 771 949 89 611 491 889 675 954 130 347 853 914 484 763 507 72 701 528 336 670 189 477 226 778 618 195 496 392 836 742 297 394 409 337 477 384 296 734 469 560 472 538 499 449 965 417 291 622 480 333 396 379 599 361 777 394 377 418 521 930 173 343 88 852 471 948 187 786 225
77 601 700 623 119 163 748 367 99 589 117 711 676 532 760 642 620 705 732 622 337 932 742 0 710 647 399 489 527 540 276 510 261 319 355 663 127 543 375 487 221 524 221 513 462 568 799 497 172 793 359 728 176 436 397 435 783 148 140 688 645 603 556 315 294 178 433 60 175 697 278 782 350 657 360 913 811 626 287 532 170 108 41 335 77 624 749 116 567 318 682 400 165 659 289 205 530 811 784 114 440 715 502 485 235 540 148 520 810 548 608 278 781 641 135 735 87 857 589 499 578 849 220 250 399 889 735 445 247 797 492 672 209 879 222 278 478 832 667 333 718 750 913 581 387 415 725 433 413 318 256 198 573 287 892 629 257 440 712 720 738 652 404 579 494 790 489 316 655 452 216 259 725 381 450 735 301 816 279 459 641 705 373 247 501 592 583 536 114 789 738 710 432 525 169 755 713 703 196 601 431 107 236 810 586 565 715 161 663 711 908 544 573 808 598 712 128 17 844 887 979 970 362 373 446 773 947 215 815 683 699 535 239 451 816 722 731 451 367 1017 241 599 676 520 365 327 554 255 755 671 664 182 335 207 878 723 542
779 1166 52 192 713 737 790 604 639 157 694 713 1077 876 451 91 175 1075 568 154 381 880 973 710 0 871 795 820 327 705 969 701 752 857 564 76 758 351 335 560 506 1099 892 852 593 998 127 907 537 506 372 1268 791 662 898 1074 125 562 707 1158 884 1127 1043 836 567 710 737 654 724 1122 435 106 930 366 501 766 771 532 817 1136 740 608 729 820 751 170 336 697 918 979 1108 311 573 1130 757 748 180 733 219 806 910 852 1112 557 939 697 725 896 880 1024 792 857 766 1099 839 727 771 627 407 264 880 926 820 714 1049 896 466 301 559 926 1031 1150 758 924 789 651 243 994 981 503 1118 407 742 981 412 305 1272 411 803 704 750 515 160 524 829 291 955 866 894 1107 231 61 366 537 564 337 387 940 895 1017 904 924 918 504 866 751 447 544 432 926 443 1218 517 873 648 197 707 834 824 126 1033 419 505 188 853 78 857 668 559 109 512 606 715 1038 271 1154 1172 570 788 1245 979 207 355 879 1166 632 634 692 828 788 893 955 563 695 788 341 791 618 641 1253 1247 1086 670 984 805 416 1261 907 843 985 884 615 216 1040 761 779 451 568 1101 655 891 879 596 729 975 238 770
698 486 826 682 529 490 199 333 572 718 757 239 256 145 540 780 698 231 404 717 623 362 108 647 871 0 256 164 544 169 638 181 391 966 373 795 537 520 700 314 572 466 830 151 290 247 867 218 636 521 763 519 821 248 334 560 847 652 783 371 17 411 329 376 418 469 217 661 474 306 691 863 433 541 427 427 293 365 395 526 483 602 614 341 590 702 633 757 144 570 297 674 722 353 363 851 764 327 765 732 293 101 526 318 667 176 502 178 201 309 80 441 261 321 725 248 598 480 473 623 91 223 864 888 569 293 504 814 469 158 391 374 449 264 451 382 678 184 127 445 284 570 447 209 506 758 531 480 243 330 900 613 722 829 347 595 651 250 68 267 712 817 553 342 310 669 488 499 24 424 608 566 78 410 237 224 545 510 632 286 461 455 403 879 229 674 165 115 685 854 163 527 384 783 595 856 94 278 749 809 377 661 411 180 601 513 369 565 112 496 274 674 520 199 489 322 736 646 285 373 417 366 369 280 202 650 451 457 418 546 514 428 864 373 268 539 503 274 320 413 525 269 682 368 283 329 422 826 239 266 20 768 363 850 239 694 117
444 381 760 628 280 237 403 191 335 638 512 397 309 134 598 704 637 325 500 652 464 588 344 399 795 256 0 92 484 213 394 185 137 714 230 723 283 473 542 279 375 325 573 114 235 210 828 120 423 603 587 473 569 158 125 362 808 432 538 367 251 333 248 127 240 221 85 421 223 345 503 818 209 546 294 614 487 413 141 375 230 372 363 90 337 642 652 512 172 336 329 530 497 338 109 604 648 504 754 477 118 340 361 281 417 218 251 129 442 229 239 192 453 309 468 417 343 613 464 530 180 473 611 646 358 530 563 654 275 413 248 357 194 510 194 168 564 439 271 296 353 612 624 206 384 602 478 385 14 105 655 407 635 616 560 570 404 71 324 349 699 734 432 367 281 694 421 266 260 251 356 320 333 290 72 406 380 609 451 132 484 423 277 624 219 608 256 141 429 816 342 564 300 660 339 803 335 412 527 709 292 430 165 411 554 381 385 348 303 450 528 587 489 440 382 442 500 400 502 571 642 609 231 100 57 674 644 239 555 465 454 302 627 205 478 578 466 112 80 657 276 333 650 249 40 73 408 604 370 383 271 512 200 605 495 680 174
536 397 781 642 370 328 325 225 420 663 601 331 258 57 571 729 654 262 457 671 517 507 253 489 820 164 92 0 497 162 478 143 229 805 268 746 375 482 596 271 443 356 666 33 231 181 840 99 498 568 649 468 660 158 183 422 819 510 627 341 159 335 245 213 296 310 86 508 314 301 569 832 280 537 331 545 414 383 230 412 321 454 454 177 428 659 640 601 101 414 287 578 578 314 201 694 687 436 755 569 152 252 404 274 504 168 341 77 355 223 158 278 379 282 561 349 435 561 458 558 90 384 703 734 424 445 534 710 340 322 276 335 286 422 286 239 601 346 190 340 300 591 558 161 420 656 476 409 78 179 744 479 662 693 482 572 490 98 233 292 699 761 469 343 271 681 435 343 168 295 445 405 241 321 87 333 434 568 513 154 466 410 310 716 192 627 197 49 521 827 259 544 315 702 430 820 247 354 607 742 308 513 253 322 565 409 353 425 223 444 438 614 491 353 399 389 585 489 422 498 561 522 267 144 44 661 573 314 501 474 453 325 713 243 400 557 457 136 158 570 363 292 657 264 123 165 401 684 300 329 179 604 246 694 404 681 101
604 864 285 145 481 488 481 294 432 174 566 407 752 552 257 236 157 748 302 175 226 605 647 527 327 544 484 497 0 377 736 373 471 778 260 252 524 33 261 233 309 802 744 529 267 678 344 589 377 304 342 956 667 340 598 802 324 408 588 838 557 816 730 548 286 455 417 488 470 798 331 335 647 140 206 519 483 228 535 846 488 419 529 525 538 162 222 568 593 725 784 216 456 811 468 650 240 454 279 640 602 531 826 229 721 369 481 574 572 710 465 583 470 779 662 425 558 406 109 96 552 619 707 645 782 604 244 345 302 609 729 832 495 624 524 364 167 675 653 220 792 234 503 658 141 297 962 107 490 406 675 343 180 487 554 103 729 553 570 781 225 273 127 219 236 262 62 673 567 723 673 677 593 199 551 445 226 338 282 616 167 903 213 751 320 130 381 508 635 332 705 204 184 263 626 322 535 367 461 270 191 448 441 714 71 858 850 365 466 933 676 133 60 570 864 341 510 512 538 522 631 673 257 384 469 246 550 360 391 949 937 784 603 683 511 213 948 596 542 710 630 295 170 732 454 482 132 513 773 347 563 710 295 637 666 208 443
603 559 661 517 430 401 207 186 452 550 640 186 387 200 411 613 532 376 295 551 461 394 275 540 705 169 213 162 377 0 601 31 313 859 219 629 451 354 536 145 425 517 745 182 123 334 707 261 496 406 603 624 717 104 333 574 687 516 666 488 180 494 405 337 273 372 131 542 381 436 537 702 423 389 265 402 281 224 344 573 394 475 514 300 498 537 488 640 233 548 423 508 586 464 289 737 595 293 612 640 310 188 563 149 616 7 408 232 272 383 92 399 248 430 640 208 510 402 315 454 183 314 761 764 571 348 375 649 327 274 438 485 369 340 382 262 509 327 277 286 424 434 411 306 340 594 632 311 207 232 782 468 554 683 358 435 607 254 208 411 557 649 385 189 141 528 319 479 191 453 556 527 229 246 245 200 386 406 476 315 313 564 241 784 61 507 45 147 602 694 328 387 215 614 530 693 188 198 610 640 209 532 318 345 437 571 494 430 126 600 375 505 357 270 561 230 609 535 306 363 444 429 213 172 162 508 433 331 343 634 611 487 736 403 279 401 611 296 294 477 480 131 522 426 216 269 260 685 397 170 189 688 219 732 350 539 71
237 387 952 856 258 247 797 486 329 834 359 787 559 495 930 893 857 600 863 863 588 983 705 276 969 638 394 478 736 601 0 571 296 451 499 914 213 742 640 614 462 318 269 487 576 460 1045 430 439 950 634 514 335 516 308 189 1028 420 369 524 630 420 411 267 454 281 469 336 266 560 549 1030 211 846 536 1004 881 763 256 301 248 363 246 304 219 861 948 356 513 84 548 658 442 501 315 401 791 894 1011 239 353 731 270 615 56 604 254 467 834 414 633 202 847 495 202 809 200 985 768 733 550 861 359 465 151 924 899 719 434 797 326 505 251 900 227 389 728 810 604 517 591 932 1012 490 597 686 508 630 404 381 451 456 821 559 954 838 25 389 707 601 960 908 628 713 620 991 684 143 636 276 65 74 711 550 401 799 530 965 537 366 808 511 537 338 588 827 646 526 185 1034 668 886 590 790 115 1006 726 796 471 862 586 382 309 760 804 340 555 399 698 503 913 785 769 832 383 819 396 293 897 964 1036 1001 505 438 451 973 1035 375 932 456 484 345 475 306 873 900 523 372 320 1049 121 704 900 361 384 331 720 521 653 765 649 211 466 415 877 943 569
572 541 658 516 399 369 238 160 423 545 610 216 382 188 427 609 530 374 317 548 442 425 289 510 701 181 185 143 373 31 571 0 282 829 195 625 420 353 519 140 400 496 714 168 110 322 709 243 470 425 583 610 686 76 308 548 688 489 637 478 190 478 389 308 247 341 102 513 350 430 515 703 395 396 246 432 312 239 314 551 363 446 483 271 467 534 498 611 225 519 417 492 559 453 258 707 585 323 618 609 287 213 540 144 585 33 377 217 301 367 111 369 279 420 609 238 479 428 320 446 179 342 731 736 544 378 391 632 301 299 416 474 338 370 351 232 498 349 280 265 421 448 441 295 325 577 619 300 181 200 753 443 547 659 390 438 577 231 227 408 562 644 372 200 138 539 314 450 201 430 525 497 248 228 223 231 366 428 454 294 324 551 222 754 53 504 76 138 570 696 335 400 203 602 498 693 212 227 583 633 196 504 287 361 436 550 486 403 154 586 403 499 358 299 542 256 581 505 337 394 475 460 191 140 137 518 464 302 370 618 597 467 708 380 310 414 599 274 266 507 449 150 524 407 186 239 264 659 399 198 201 657 193 703 377 544 69
307 420 724 606 142 99 518 194 207 601 376 498 425 270 640 666 612 449 567 622 388 705 482 261 752 391 137 229 471 313 296 282 0 576 215 686 146 470 461 319 278 349 440 252 280 318 805 239 308 656 491 534 431 221 162 330 786 311 401 458 388 395 327 85 187 86 187 288 86 453 402 793 178 565 265 713 595 467 65 383 92 246 225 83 199 616 670 376 306 261 438 460 372 429 28 467 589 604 750 341 194 468 360 320 304 315 113 259 568 313 363 112 562 405 334 521 206 689 484 493 318 603 473 510 312 653 607 567 195 545 289 445 58 637 69 106 510 575 406 254 468 645 719 326 345 519 536 364 152 85 518 300 594 496 672 569 298 181 458 468 696 690 387 418 325 713 413 202 397 267 245 225 469 273 190 514 309 669 360 214 518 495 259 487 294 582 358 278 295 793 477 598 305 596 216 773 465 503 403 655 299 302 40 549 542 402 482 235 424 513 660 550 493 566 419 524 368 263 618 676 757 733 220 143 188 694 745 139 636 508 509 342 493 241 592 612 531 201 115 781 176 408 641 305 108 65 432 479 498 471 407 380 180 468 628 678 296
271 837 865 835 436 476 1065 680 408 781 224 1025 970 845 1031 817 826 1003 1026 820 555 1247 1058 319 857 966 714 805 778 859 451 829 576 0 662 834 431 802 550 793 482 765 182 828 773 862 971 802 406 1071 489 965 144 754 690 640 959 376 198 960 963 861 834 614 600 496 752 320 491 983 455 951 619 918 653 1220 1125 922 589 752 483 392 351 641 377 828 995 222 877 529 969 592 322 933 604 129 689 1121 992 241 736 1035 721 791 394 858 463 830 1129 831 928 563 1096 922 263 1049 372 1150 863 720 894 1168 103 143 602 1207 1011 555 548 1116 757 942 520 1198 525 596 674 1150 977 625 1008 1013 1217 881 653 558 959 704 728 637 107 441 761 332 1206 871 425 747 1031 1013 957 811 651 878 800 1030 757 564 972 710 427 485 1044 677 758 1051 561 1099 496 755 920 957 671 112 817 803 900 853 298 964 1048 979 728 674 407 921 1032 1013 319 753 729 343 554 1124 823 790 989 445 982 953 1228 749 834 1128 833 1017 271 323 1161 1198 1293 1288 669 693 764 1017 1254 529 1113 907 935 787 187 725 1132 989 973 751 671 1335 496 908 895 790 682 640 838 290 1056 981 982 240 647 141 1198 945 862
427 605 530 401 266 256 411 42 257 408 439 364 525 326 431 474 409 531 380 423 252 588 481 355 564 373 230 268 260 219 499 195 215 662 0 493 302 256 331 132 207 542 574 301 111 436 602 345 279 454 390 704 526 125 338 544 582 302 465 596 379 562 479 288 61 221 182 342 236 566 319 591 387 350 63 559 463 274 276 585 253 270 339 264 333 414 454 440 370 475 551 310 371 567 209 535 421 459 538 465 346 407 565 130 495 215 255 340 487 460 307 327 436 537 475 388 350 505 270 299 344 531 570 556 527 554 400 445 115 493 470 587 249 554 275 110 335 545 450 73 568 432 558 424 154 390 708 156 239 146 576 250 404 464 545 355 497 302 423 560 483 503 203 226 139 498 200 418 390 462 440 433 443 61 302 392 172 472 259 362 309 654 47 601 164 380 252 295 440 589 515 386 91 434 400 574 407 350 393 479 86 324 191 553 331 598 612 219 344 681 592 357 278 485 605 357 400 345 502 535 632 635 7 131 230 478 592 142 460 692 683 526 524 424 474 400 697 342 283 681 385 246 430 476 197 222 220 468 566 318 393 525 35 529 569 465 255
734 1097 38 116 657 677 715 532 586 85 658 638 1003 802 386 20 99 999 497 78 327 809 896 663 76 795 723 746 252 629 914 625 686 834 493 0 701 275 294 485 451 1031 854 778 518 924 138 834 490 442 344 1197 758 588 829 1011 125 517 673 1085 808 1056 972 770 500 649 663 609 663 1048 395 119 864 294 431 699 698 457 752 1070 680 558 679 752 699 94 276 661 843 920 1034 262 536 1057 690 720 145 661 183 764 840 776 1047 481 887 621 666 823 805 952 716 793 693 1026 795 653 718 562 332 194 804 852 789 691 987 823 398 286 495 850 962 1077 696 850 726 583 186 918 905 434 1043 344 677 907 343 276 1202 338 731 635 727 465 93 503 759 217 902 794 818 1032 178 38 299 461 488 284 312 878 819 950 849 866 841 432 793 676 387 480 383 855 369 1146 445 841 572 121 631 759 777 130 957 351 431 161 799 92 781 593 526 89 438 562 650 962 195 1086 1099 516 712 1174 905 136 279 804 1097 559 598 645 756 719 825 884 491 623 715 285 726 556 572 1184 1177 1017 646 915 732 349 1190 835 774 915 824 539 149 969 690 711 375 544 1025 580 814 837 525 701 900 181 695
161 481 739 642 44 50 658 299 125 621 244 632 550 413 731 681 643 579 679 649 377 845 627 127 758 537 283 375 524 451 213 420 146 431 302 701 0 532 435 428 252 404 295 396 395 441 832 373 242 756 440 606 286 352 269 331 814 230 267 561 534 478 429 188 249 82 331 171 70 570 351 817 226 640 329 842 730 575 161 419 56 165 86 210 54 647 740 243 446 224 555 448 274 532 174 328 582 736 798 195 313 614 390 427 197 452 46 399 713 421 508 151 698 514 189 655 60 804 564 519 463 748 328 377 300 796 701 524 222 691 367 545 88 781 95 200 516 721 546 308 591 728 846 455 384 485 605 420 297 219 380 251 608 401 809 627 204 316 605 593 747 697 414 526 434 782 475 202 543 329 149 166 616 346 327 651 316 774 330 332 609 580 334 341 422 613 495 424 150 821 617 684 390 583 101 793 610 631 306 653 387 204 133 693 591 449 588 189 567 589 806 571 560 711 478 647 251 135 757 810 895 877 308 279 335 764 875 166 756 566 578 412 367 325 730 697 608 325 242 924 132 531 687 394 254 209 519 374 630 599 553 237 273 332 774 730 440
620 855 306 163 490 494 450 287 446 200 587 376 734 535 230 260 177 728 269 197 253 572 621 543 351 520 473 482 33 354 742 353 470 802 256 275 532 0 292 212 327 795 762 512 250 663 358 575 398 275 373 944 687 325 591 800 337 429 610 823 533 805 718 545 289 461 403 506 476 780 358 350 644 116 207 486 450 196 533 840 494 436 542 520 549 182 208 589 575 727 767 247 480 796 466 673 272 421 282 656 592 503 821 209 730 346 488 559 541 697 440 583 438 764 677 394 569 374 76 129 533 588 728 670 782 572 214 377 310 580 721 817 497 592 526 364 200 647 632 225 774 211 470 642 155 329 950 112 479 401 700 363 209 515 521 98 736 542 543 762 227 298 150 189 215 250 58 673 544 717 680 681 567 197 539 414 245 308 307 606 135 890 211 771 299 153 356 490 648 345 682 177 174 296 634 339 507 335 486 299 181 468 442 687 83 851 834 381 438 920 645 164 32 540 855 309 532 528 506 489 598 640 252 374 455 232 517 367 358 939 926 776 628 676 479 187 935 585 536 677 634 266 177 722 446 477 102 540 751 316 539 725 292 660 636 208 422
