341
0 555 871 704 385 767 89 537 693 876 881 813 146 1035 283 213 284 731 325 733 590 648 319 864 686 240 755 865 627 537 298 391 826 576 671 636 874 951 282 784 598 941 790 496 214 760 287 220 318 707 950 199 544 420 535 676 190 763 556 1027 674 865 476 313 880 740 492 739 506 871 118 665 748 124 971 163 285 649 509 566 818 859 11 736 375 91 158 1105 835 346 657 763 1081 709 588 847 724 879 556 781 759 1124 680 820 150 546 903 974 716 1019 875 1029 696 532 492 597 143 762 774 880 1061 451 853 905 712 379 434 1095 125 818 747 206 449 674 594 720 1133 677 118 875 76 426 937 833 687 579 327 826 451 858 516 953 729 331 657 540 1149 474 788 663 632 844 885 1036 589 666 954 866 589 446 675 140 711 1101 235 1006 443 281 716 860 219 328 136 600 883 873 632 552 922 758 543 822 713 664 1016 780 811 358 236 763 699 448 282 151 473 753 869 776 659 878 646 557 957 439 956 280 782 71 446 382 892 983 759 717 449 623 653 416 583 365 876 136 1119 578 725 844 969 884 801 480 181 802 849 172 1137 1025 564 334 575 588 845 67 358 874 585 1060 626 450 984 116 613 513 881 1051 783 739 1117 459 642 583 785 819 723 165 890 591 653 662 458 500 282 774 699 602 839 710 515 193 225 939 634 343 884 692 540 625 735 449 833 142 143 230 125 470 1009 275 308 1007 1113 468 1084 253 662 781 109 468 823 163 595 817 346 787 592 455 896 583 729 853 589 981 665 106 844 921 813 758 681 782 727 105 1062
555 0 471 590 289 306 526 179 267 406 437 320 532 580 595 381 549 176 569 179 220 195 600 427 283 317 220 351 630 191 353 515 301 25 124 423 322 399 328 392 479 620 392 152 422 343 393 345 338 310 429 441 321 381 295 125 444 441 80 546 323 359 360 263 614 417 115 277 309 389 493 286 292 432 416 452 276 283 67 187 521 373 560 281 534 646 475 593 295 297 626 240 581 240 528 690 417 626 383 227 358 648 506 360 498 101 349 433 194 488 391 478 142 638 384 242 444 583 717 324 540 533 574 420 174 331 156 583 430 429 217 368 311 141 41 223 633 392 440 517 479 526 385 446 483 558 238 281 345 307 71 506 364 303 450 69 630 223 300 631 121 375 382 502 227 280 563 570 362 196 216 456 430 606 458 476 335 402 392 728 367 493 492 87 490 322 86 191 421 752 272 444 177 501 610 730 675 327 399 549 409 107 352 456 405 198 411 248 668 323 316 540 488 166 451 424 403 590 112 338 547 610 505 363 105 638 373 368 292 305 339 540 622 572 399 317 414 731 263 405 481 250 361 522 655 532 71 283 323 356 463 620 420 474 623 568 235 606 441 440 302 120 340 561 365 217 589 97 656 276 320 487 206 460 345 617 190 555 97 582 307 236 267 50 643 667 600 518 335 606 524 225 457 149 190 97 621 203 354 431 512 416 670 85 556 496 323 518 609 309 617 301 545 256 656 546 272 441 75 711 353 617 44 572 375 321 183 307 443 573 318 478 306 562 376 679 528 755 435 486 567
871 471 0 1056 746 681 884 648 206 130 784 197 914 878 1015 777 975 413 1004 451 294 277 1030 783 709 689 317 232 1101 351 575 969 584 474 480 886 381 526 749 88 948 1020 83 406 663 129 594 726 777 173 661 682 790 845 765 398 842 870 546 816 196 211 830 678 1040 850 432 197 780 158 764 211 677 755 482 838 669 225 454 651 947 692 880 672 984 950 728 794 316 524 1097 564 809 636 999 1143 856 1056 853 398 764 899 968 131 746 569 408 603 304 674 161 576 410 1104 854 700 728 1039 1184 435 734 995 1000 724 341 495 611 786 764 824 306 753 425 515 442 259 848 842 786 912 806 985 514 838 942 1029 574 338 813 372 541 830 141 742 912 421 802 401 648 1102 351 137 672 669 292 213 926 990 828 438 631 831 876 837 874 666 436 603 829 1183 762 935 751 384 19 500 483 658 698 1222 327 842 336 965 952 1197 1133 778 638 999 854 523 779 837 874 410 750 557 1139 452 224 1011 790 625 710 613 88 870 547 795 945 979 949 793 529 1109 230 832 755 505 303 785 845 1043 834 271 490 1182 536 875 715 468 682 914 897 786 534 720 300 822 33 919 872 3 1093 813 682 1063 600 785 257 408 321 812 105 557 750 506 1127 287 163 902 561 715 341 1088 281 1023 531 1047 721 318 681 434 1090 1137 1066 918 662 1001 993 641 815 496 658 513 1086 432 690 797 894 829 948 511 860 924 562 783 822 405 890 658 1012 565 939 1010 491 711 518 1172 530 1072 432 1032 630 290 362 342 913 920 205 838 553 948 748 1145 992 1223 177 769 809
704 590 1056 0 390 445 616 411 858 971 449 881 567 546 478 521 446 666 417 633 804 785 446 432 371 572 758 889 135 762 760 323 576 583 585 171 782 738 473 982 122 319 981 707 760 931 791 554 423 901 626 767 272 302 297 663 517 256 512 586 913 904 270 506 228 259 668 859 293 948 749 877 436 658 794 544 544 872 627 405 233 509 698 433 347 763 765 701 804 742 96 550 658 453 115 143 240 216 212 704 359 644 92 935 779 489 786 699 757 692 949 783 657 253 244 356 716 84 128 744 694 266 226 526 723 801 485 694 639 350 765 546 825 553 615 798 694 229 622 328 661 290 734 351 124 135 630 780 297 777 525 487 955 435 147 652 751 762 490 95 706 944 551 716 811 870 409 250 228 717 444 569 211 662 468 684 842 794 264 160 525 381 762 676 1076 685 574 399 566 179 836 336 728 91 464 141 108 388 756 123 227 578 453 557 247 678 467 564 146 730 902 152 526 467 591 813 994 775 550 359 319 402 170 302 570 149 954 311 300 766 844 800 678 143 264 845 785 180 599 241 789 658 509 540 662 608 523 449 890 234 1052 758 349 1059 177 628 378 314 713 624 882 687 835 618 952 543 751 591 149 853 897 277 530 757 828 164 779 43 561 240 495 766 404 622 146 97 237 519 639 331 76 518 424 577 400 544 33 726 488 583 564 480 817 578 528 433 736 588 688 833 598 598 48 560 801 253 653 733 537 127 797 92 625 283 598 891 710 797 152 446 907 602 618 350 417 88 65 171 1022 729 634
385 289 746 390 0 393 318 173 539 694 499 609 297 652 318 172 270 443 283 428 461 470 317 482 306 189 507 640 380 409 370 225 476 298 362 270 591 625 104 661 268 565 663 350 378 617 401 181 71 575 590 387 162 103 150 407 210 381 240 649 572 649 120 115 516 357 317 560 125 678 388 542 374 297 660 231 155 532 292 199 443 487 384 362 244 467 395 735 578 352 389 418 707 343 292 523 342 519 193 494 375 743 334 645 413 220 611 629 484 662 680 697 416 359 146 217 347 422 500 578 697 249 484 531 462 411 136 726 282 433 506 184 442 350 328 512 758 297 274 492 319 239 613 448 330 309 241 561 92 578 221 570 622 55 296 325 782 390 421 395 408 663 518 682 465 538 570 493 213 345 310 248 334 725 197 650 457 405 333 549 167 205 397 372 764 549 330 183 554 515 471 437 466 321 631 510 495 40 370 409 320 223 104 240 149 463 490 433 420 571 554 287 578 123 587 425 669 446 198 49 511 600 391 332 217 384 597 91 198 377 622 442 743 318 341 605 655 564 464 152 415 488 479 277 757 650 253 61 524 210 733 451 130 749 360 684 249 318 641 276 529 341 621 674 640 396 755 240 404 496 606 438 379 384 623 358 468 347 214 303 114 522 323 338 497 440 322 266 254 561 314 130 500 373 172 309 424 353 460 242 282 169 510 234 626 218 346 631 739 453 701 210 342 435 494 264 500 359 283 518 406 453 334 286 539 527 465 585 244 596 564 281 503 539 431 469 345 527 671 371 686
767 306 681 445 393 0 709 230 514 572 131 486 691 281 692 557 644 267 644 229 507 451 681 121 94 535 363 476 544 491 640 554 131 283 214 290 348 293 488 624 382 339 620 458 692 571 680 547 464 560 206 708 275 418 267 295 602 204 246 261 592 495 361 455 363 191 421 492 301 545 740 552 18 660 349 622 489 555 372 200 273 94 768 31 582 854 733 342 385 590 521 118 315 66 445 488 206 381 316 288 90 361 354 549 755 242 347 265 380 279 545 345 276 610 367 177 692 396 568 304 306 537 324 138 342 632 341 332 650 143 374 560 617 180 299 428 366 218 650 231 695 545 289 157 320 487 505 360 369 346 288 202 617 441 304 372 389 529 45 523 369 551 128 301 515 544 260 311 268 501 97 637 233 334 588 267 641 687 181 532 549 568 744 357 700 241 232 215 161 624 572 161 348 360 305 582 489 429 674 349 217 378 496 631 400 270 108 129 573 288 594 480 193 332 194 710 640 820 362 417 264 311 294 143 371 556 656 412 217 603 419 793 352 504 181 430 340 523 160 394 746 226 87 670 372 258 247 434 619 264 686 834 488 683 560 293 144 619 278 651 588 426 406 284 587 124 365 379 568 568 518 224 121 719 396 550 441 428 359 563 484 364 69 300 429 541 575 657 581 321 409 432 152 191 226 211 465 508 67 625 675 562 891 361 255 598 609 240 346 615 324 536 415 123 875 541 215 696 230 534 649 426 311 577 163 616 319 371 350 267 590 668 173 270 72 526 381 614 704 728 295
89 526 884 616 318 709 0 481 696 877 818 807 58 970 198 153 196 702 237 699 595 644 233 800 624 211 737 855 538 539 328 301 779 545 635 557 848 913 221 796 514 862 802 492 258 767 328 181 248 715 900 249 471 339 464 650 110 689 514 967 688 857 398 268 798 666 481 738 434 869 181 675 690 134 938 87 249 659 489 509 740 802 82 678 285 152 216 1050 816 365 567 717 1024 654 501 759 649 796 477 753 693 1062 597 821 217 502 875 930 701 970 872 990 669 443 412 535 184 677 685 849 1009 362 773 847 693 408 390 1041 121 749 730 158 474 634 567 710 1075 602 98 801 90 337 900 764 605 490 317 805 374 833 479 889 744 267 576 523 1096 483 734 573 616 844 831 989 595 674 882 787 513 449 621 73 635 1043 149 957 473 324 643 771 164 238 199 582 899 835 597 495 868 668 559 751 694 580 945 690 723 287 275 680 624 421 214 77 391 724 808 731 570 846 662 469 896 392 901 329 796 161 414 307 817 908 679 648 421 533 677 337 515 388 858 215 1061 488 652 830 935 796 758 398 243 767 794 82 1075 967 524 275 597 513 861 142 274 888 495 1001 565 361 941 100 629 504 862 992 791 694 1066 435 552 598 784 744 677 219 869 501 647 575 428 410 229 755 640 575 753 621 425 103 222 861 548 303 818 653 483 586 647 453 776 95 53 153 202 443 945 186 330 949 1056 493 1020 235 576 735 185 378 785 207 556 729 379 701 566 365 847 605 706 831 507 911 679 48 801 846 750 669 596 692 753 162 1003
537 179 648 411 173 230 481 0 447 574 350 484 467 504 489 328 440 289 449 267 395 375 485 334 157 306 368 504 455 357 432 375 303 173 204 245 431 452 260 571 300 476 571 306 473 521 471 317 242 490 419 487 142 233 117 267 378 288 102 491 502 516 195 225 453 262 266 452 136 553 513 466 211 431 491 395 260 461 220 29 364 322 538 199 399 624 509 569 430 392 449 244 544 173 351 514 256 463 205 338 236 589 327 532 530 79 448 456 357 490 554 524 269 477 215 78 466 407 538 412 528 379 415 368 327 442 119 559 420 305 371 330 446 184 206 394 596 223 420 383 464 378 442 322 306 384 291 409 187 421 116 423 544 215 272 241 614 369 252 453 297 544 349 510 402 459 447 416 182 329 139 408 263 564 370 478 468 478 235 550 319 370 518 265 668 378 179 18 386 573 435 315 331 322 504 550 497 213 457 375 242 187 271 403 241 307 334 260 493 403 493 368 422 106 420 500 583 590 162 209 409 487 337 216 179 464 547 222 114 410 474 566 582 399 243 463 485 555 291 239 523 321 313 449 601 488 114 205 488 177 642 604 290 651 452 523 94 459 468 421 475 282 469 514 543 223 585 196 481 447 493 340 206 495 468 445 369 375 168 422 254 380 163 214 470 488 439 438 356 466 344 205 358 209 10 153 442 338 296 395 451 339 661 180 478 390 402 470 576 450 550 310 365 262 645 389 330 471 135 532 452 441 216 420 367 488 322 432 264 466 497 439 330 430 281 499 349 575 612 499 525
693 267 206 858 539 514 696 447 0 183 631 137 720 747 814 578 773 255 800 292 103 72 827 627 526 492 178 199 897 157 409 763 443 274 301 689 297 440 546 124 747 851 124 206 499 77 437 529 571 46 546 519 589 638 563 219 644 688 345 695 87 190 625 475 861 666 227 57 577 181 596 52 506 572 417 643 468 67 247 452 767 546 701 499 778 778 564 699 227 351 894 406 704 460 795 952 670 876 651 263 589 788 771 126 584 368 332 508 140 579 186 509 238 897 649 504 554 846 985 340 639 789 821 585 176 339 404 691 578 655 162 556 274 336 243 96 750 651 598 744 623 779 425 670 747 825 379 238 607 282 336 688 103 536 716 215 720 219 488 899 153 152 535 581 104 45 771 813 629 247 448 637 687 732 673 568 293 446 643 991 563 730 586 181 225 388 294 458 567 1020 169 672 172 767 807 997 939 572 473 808 665 317 575 642 669 261 599 403 935 352 103 806 654 419 588 461 136 703 340 588 777 823 761 610 322 904 163 625 557 338 246 626 744 838 649 204 422 992 392 669 556 334 534 718 790 669 334 515 175 623 196 748 665 209 887 702 491 857 510 597 122 203 261 698 101 392 670 300 922 131 94 726 393 550 279 882 78 822 324 841 518 190 501 236 902 935 860 720 474 834 792 437 659 322 457 323 888 243 537 605 700 628 783 305 727 721 390 662 724 256 770 463 812 412 773 803 361 540 323 977 374 880 232 825 503 166 205 257 711 771 89 648 421 784 585 946 794 1023 192 598 698
876 406 130 971 694 572 877 574 183 0 667 90 899 753 986 754 943 310 967 346 287 234 996 668 612 671 214 103 1029 340 592 920 466 404 386 800 253 397 715 141 871 908 131 385 682 129 619 706 736 180 535 702 714 788 690 309 820 769 473 690 228 82 764 645 935 750 400 140 710 28 779 219 570 755 351 820 643 237 408 571 843 574 885 567 938 962 747 664 193 535 1021 453 680 534 925 1048 759 952 777 284 659 770 881 57 768 496 278 474 217 545 30 445 314 1045 787 615 738 946 1100 308 604 940 896 603 249 520 558 656 761 715 206 733 452 419 371 182 718 750 780 801 806 933 385 728 853 959 560 217 751 246 477 709 190 700 825 372 672 403 536 1025 286 32 550 539 288 216 808 883 747 430 534 816 780 708 845 537 469 628 731 1090 739 893 769 322 147 375 398 580 574 1143 347 733 244 880 832 1113 1041 730 656 904 760 481 743 820 810 302 633 444 1066 326 256 942 667 571 585 642 158 887 500 743 834 862 852 694 485 1038 292 775 673 521 174 809 716 973 736 146 360 1085 420 810 738 351 564 895 768 658 460 679 339 741 153 931 824 131 1026 685 593 1013 471 779 287 376 192 685 113 449 619 464 1055 307 93 796 456 733 211 1019 233 941 484 988 689 209 581 362 992 1057 1007 896 656 888 913 606 699 398 583 427 999 427 574 785 879 800 967 465 736 890 574 657 693 434 763 643 930 452 957 953 372 724 439 1082 555 979 363 978 507 329 262 216 834 800 236 829 432 834 636 1060 906 1142 269 781 681
881 437 784 449 499 131 818 350 631 667 0 586 794 154 778 669 731 377 725 339 633 573 762 18 194 656 468 565 568 620 770 628 200 414 339 329 423 324 600 735 421 248 729 589 820 682 810 665 570 677 185 835 358 504 357 414 708 194 377 154 713 585 443 574 301 198 553 603 391 638 863 673 147 780 386 730 610 677 503 320 230 92 882 159 658 966 858 259 474 721 538 225 221 198 482 452 220 322 381 385 126 244 368 652 880 372 411 266 493 244 637 349 393 656 442 284 816 381 558 371 245 601 269 82 455 764 466 252 768 98 482 675 749 307 428 540 267 255 766 150 811 613 326 98 335 524 633 449 458 425 419 73 733 551 332 503 310 661 143 539 493 649 125 269 641 664 142 248 333 632 227 747 248 234 687 238 773 817 206 497 662 653 868 484 803 301 361 333 124 622 701 112 461 379 176 571 463 532 802 333 242 509 603 740 474 375 33 228 591 353 716 523 84 455 143 840 752 938 491 516 180 195 280 182 502 582 779 500 305 735 501 917 252 541 201 520 375 479 247 468 872 315 102 771 258 165 378 546 747 330 793 948 577 785 595 194 256 680 279 768 713 557 485 183 696 239 303 510 590 695 624 178 242 845 471 583 562 444 489 615 600 466 187 429 390 546 624 757 705 227 435 555 34 313 344 341 461 639 94 739 780 667 1007 493 128 690 739 146 254 746 202 660 432 220 990 601 295 821 362 511 780 403 440 638 176 743 429 454 396 140 711 780 236 172 68 518 393 606 824 849 198
813 320 197 881 609 486 807 484 137 90 586 0 826 681 906 678 862 221 885 258 233 165 915 586 523 598 125 62 939 280 539 835 387 316 297 710 190 339 636 166 781 824 157 317 628 124 569 633 653 157 467 648 625 701 601 219 744 681 384 621 210 53 676 566 848 662 326 80 621 68 722 187 484 690 303 746 567 203 328 481 756 495 821 480 854 900 692 606 121 479 931 368 618 446 835 959 670 865 687 201 572 707 791 66 714 408 221 414 127 485 70 398 224 957 698 525 678 857 1010 243 546 853 809 526 159 473 474 598 694 629 117 659 410 330 283 99 660 660 712 717 741 847 326 643 763 869 490 142 663 179 390 633 193 618 735 292 620 348 451 935 202 64 474 483 237 180 728 797 657 368 444 744 691 646 766 476 430 579 643 1000 663 811 714 238 217 305 308 491 501 1053 306 648 154 790 755 1023 951 646 602 815 670 401 663 747 722 215 553 361 977 259 234 852 592 485 515 595 185 829 419 658 750 782 763 606 404 949 285 689 583 469 121 756 656 884 647 81 310 996 339 721 686 271 484 820 706 591 371 597 312 651 210 871 740 199 937 621 503 927 412 711 258 303 139 619 125 363 568 384 965 269 54 710 369 678 159 930 160 851 402 901 611 122 493 274 903 967 919 820 590 805 823 527 618 308 493 338 909 366 492 714 805 722 910 383 663 810 518 588 634 393 696 572 840 369 899 865 294 666 349 993 507 889 276 892 433 302 172 149 745 722 216 759 355 751 552 970 816 1051 286 722 616
146 532 914 567 297 691 58 467 720 899 794 826 0 944 141 151 138 706 179 700 621 664 175 776 603 228 748 870 483 565 371 248 769 549 634 519 854 909 211 825 469 824 831 514 308 794 375 193 226 743 887 300 440 302 437 657 90 655 512 945 719 874 363 269 756 634 499 759 405 889 237 703 672 179 938 80 259 688 501 495 702 785 138 660 230 195 271 1033 826 402 514 709 1005 640 452 710 616 753 441 758 668 1038 553 843 273 497 879 922 714 958 892 985 674 386 374 514 235 631 631 851 994 308 733 829 703 449 387 1023 163 721 742 167 513 630 573 727 1055 569 137 768 143 283 897 735 563 438 340 813 342 839 479 864 775 252 537 536 1080 513 718 520 630 866 815 978 622 702 851 748 479 476 606 83 599 1022 108 946 514 371 612 720 164 187 255 594 929 832 597 479 851 612 592 722 705 536 913 636 673 262 322 636 590 431 196 78 350 727 786 723 514 846 694 418 874 386 885 379 827 217 420 278 782 874 639 619 430 478 713 302 488 426 869 273 1040 436 620 843 934 746 752 357 298 766 777 27 1052 947 522 264 633 479 892 191 232 917 440 981 547 303 933 139 661 523 872 971 818 686 1052 446 497 629 806 710 669 272 878 447 667 527 435 355 226 765 621 582 706 567 369 48 254 824 501 307 792 651 468 584 597 481 758 116 20 128 249 451 919 134 369 929 1037 530 995 256 528 727 233 325 782 258 554 677 423 654 574 309 835 640 715 840 465 881 710 82 793 812 727 617 551 637 790 218 983
1035 580 878 546 652 281 970 504 747 753 154 681 944 0 921 822 875 492 866 458 763 696 903 170 349 811 574 649 676 757 921 767 305 556 472 458 499 367 753 840 545 264 833 731 973 789 961 819 722 792 219 989 505 650 507 539 860 312 527 70 832 670 588 729 349 325 696 712 540 724 1017 793 298 934 427 883 765 800 648 475 313 208 1035 310 797 1120 1012 173 561 871 642 350 128 347 602 511 347 370 520 488 277 99 479 748 1034 523 478 291 607 235 722 358 515 776 585 438 970 467 637 444 197 734 330 164 571 911 620 171 923 227 589 829 891 443 566 652 151 389 920 218 966 749 375 216 448 643 786 539 605 506 569 81 847 705 455 644 218 802 280 641 621 740 212 254 771 785 142 305 474 777 378 900 372 121 837 237 916 969 341 553 816 797 1022 617 896 377 499 487 181 705 836 231 576 493 109 649 532 684 955 423 372 659 756 893 615 486 172 348 692 427 840 645 94 609 167 991 858 1092 643 666 230 174 379 326 652 691 903 647 456 883 579 1071 135 659 334 607 416 528 355 609 1026 415 220 921 116 105 526 700 878 472 891 1102 724 879 709 101 411 810 300 922 841 698 561 93 800 370 237 659 694 826 725 273 377 999 544 697 685 552 640 741 754 568 341 566 451 638 748 906 859 243 550 709 152 445 499 483 550 783 226 892 931 819 1161 642 25 836 890 99 151 887 53 814 541 339 1144 732 389 975 507 579 929 481 578 769 247 874 542 536 526 106 832 933 328 202 223 600 501 683 940 1004 108
283 595 1015 478 318 692 198 489 814 986 778 906 141 921 0 238 48 759 60 746 720 752 37 760 599 329 815 945 373 664 499 160 790 608 680 470 907 942 270 927 400 765 931 609 445 890 508 292 258 842 897 439 421 275 426 718 176 615 557 933 824 951 335 340 688 598 587 846 391 973 378 803 675 314 979 188 346 790 578 512 649 786 273 664 132 309 412 1030 890 522 409 733 997 652 367 616 577 681 401 811 652 1019 484 932 414 538 929 943 787 970 976 1013 730 262 336 516 373 551 520 896 999 212 670 825 770 574 440 1021 296 694 812 266 633 668 636 807 1045 533 270 726 283 189 931 705 502 343 443 874 323 894 532 843 879 292 481 614 1079 620 727 414 705 953 821 991 722 801 812 688 447 579 621 206 556 1012 140 958 637 506 580 620 253 125 397 669 1031 867 646 497 854 491 702 691 773 467 875 523 578 278 457 566 552 505 243 195 305 780 777 749 399 889 801 326 861 433 886 515 930 351 488 280 734 827 580 596 502 366 827 280 477 547 934 414 1030 336 587 913 973 649 781 312 439 807 779 122 1034 940 569 311 747 449 996 315 203 1018 327 971 551 179 955 272 770 611 934 961 914 712 1058 522 382 737 893 666 695 412 937 336 753 442 505 244 296 831 623 645 623 459 254 108 373 769 422 379 770 692 487 627 503 585 759 240 153 186 366 523 897 99 493 920 1030 650 974 362 446 751 352 224 819 396 600 573 551 569 639 198 848 753 777 899 407 845 816 219 819 766 716 512 476 519 904 359 975
213 381 777 521 172 557 153 328 578 754 669 678 151 822 238 0 203 555 238 550 482 519 258 652 474 91 597 721 471 426 277 248 626 398 484 431 703 761 69 689 406 733 693 372 248 653 295 54 107 604 746 250 332 221 322 506 65 552 363 817 585 725 271 118 677 528 353 614 294 743 228 565 538 137 789 71 110 552 352 357 610 650 212 526 247 297 244 898 675 289 493 564 872 502 409 662 513 678 351 607 546 913 483 699 258 350 728 777 564 817 746 837 523 405 290 385 195 569 610 700 856 301 648 696 552 344 238 888 118 605 592 30 398 482 422 579 923 466 105 663 149 280 749 620 485 410 204 662 244 688 329 741 640 117 454 387 943 381 581 499 480 721 678 835 484 564 742 659 379 340 468 80 502 891 102 804 404 296 504 681 14 190 241 445 793 684 447 342 715 608 463 609 554 468 803 618 629 148 250 563 489 281 72 77 277 576 658 578 508 696 562 387 746 239 749 311 692 274 269 173 681 771 554 504 279 470 589 215 370 315 718 281 909 413 513 693 785 701 606 283 268 617 641 142 926 815 373 123 509 378 758 279 176 781 437 850 415 335 788 107 531 378 721 841 678 541 913 296 490 498 661 608 524 236 727 439 521 477 285 358 76 615 488 431 645 546 377 142 144 730 447 156 671 502 331 435 554 346 624 70 131 58 338 301 797 158 264 797 904 414 871 124 475 582 322 319 634 213 405 643 325 597 423 321 694 515 564 688 391 768 577 111 648 709 601 587 488 628 666 209 852
284 549 975 446 270 644 196 440 773 943 731 862 138 875 48 203 0 711 41 698 681 710 54 712 551 294 769 899 350 625 473 123 741 561 632 427 860 893 227 887 361 725 891 569 426 849 486 257 211 802 848 422 373 227 377 671 147 571 509 885 786 906 288 298 650 553 545 804 343 929 368 764 626 296 930 164 307 751 535 463 607 737 276 615 99 324 399 982 843 491 384 684 950 603 332 586 533 644 355 763 604 972 445 890 404 490 881 894 742 921 932 964 683 248 290 467 357 516 498 848 950 180 631 777 724 546 393 973 277 648 767 232 602 620 590 763 998 487 251 682 272 156 882 660 461 312 407 827 275 847 485 797 841 246 439 570 1031 584 678 389 661 910 773 942 683 762 768 648 401 541 572 185 512 964 102 909 607 484 535 593 218 78 386 624 992 819 598 448 805 475 666 645 727 428 831 502 548 229 435 528 507 462 199 173 260 732 729 700 379 841 764 294 814 386 838 495 891 355 443 231 691 784 540 549 458 344 792 232 429 517 887 409 982 307 542 867 925 620 732 267 426 758 731 113 988 892 521 266 712 402 957 326 155 979 305 924 503 165 906 254 733 570 887 913 874 664 1010 479 361 700 851 623 647 398 890 313 710 408 460 220 254 785 575 599 589 435 233 93 343 728 386 336 723 644 438 579 473 548 711 217 144 147 380 479 851 53 465 873 982 618 927 328 411 702 365 194 770 380 553 548 524 536 594 174 799 718 730 852 365 800 778 205 771 723 668 487 439 501 869 349 927
731 176 413 666 443 267 702 289 255 310 377 221 706 492 759 555 711 0 727 38 278 204 761 374 302 493 96 223 734 285 511 661 187 156 85 495 148 231 498 358 572 606 353 280 588 305 549 521 501 301 299 607 421 520 399 60 617 459 202 442 340 238 484 436 627 440 259 226 424 284 665 300 263 608 240 626 452 307 227 278 534 290 736 259 684 822 645 461 141 451 722 152 459 224 630 738 448 644 482 52 350 538 574 283 668 223 173 279 116 344 285 310 35 766 503 314 617 637 795 149 402 668 587 329 78 472 320 451 606 410 107 543 432 112 136 163 508 441 616 498 655 666 216 424 545 666 410 120 476 135 228 432 357 467 519 202 489 345 236 726 139 286 280 352 285 292 518 576 446 336 224 631 470 486 626 332 457 559 421 780 541 648 662 151 433 158 113 290 314 841 356 428 84 575 551 808 731 483 564 594 450 283 520 631 531 21 344 148 770 149 347 652 399 325 336 580 375 765 287 488 531 571 542 384 282 744 411 508 373 453 184 710 500 681 425 179 239 775 137 528 648 88 279 694 542 419 190 449 393 440 419 796 571 416 737 453 288 747 285 617 351 249 180 448 320 143 443 271 760 339 251 488 147 630 180 729 193 638 273 711 479 100 271 129 682 755 728 688 509 588 611 399 406 89 296 136 693 340 282 607 686 586 845 261 471 659 482 410 482 423 517 477 626 157 831 679 116 612 159 774 500 669 140 709 252 387 52 143 536 517 339 654 170 535 335 753 600 837 448 659 450
325 569 1004 417 283 644 237 449 800 967 725 885 179 866 60 238 41 727 0 712 710 735 37 706 550 329 789 920 315 654 512 101 746 579 646 412 875 901 254 916 340 705 920 597 466 877 525 293 231 830 849 463 370 225 377 689 185 558 524 880 817 928 284 325 627 542 572 829 342 952 410 793 627 337 940 204 337 781 559 471 589 737 316 616 72 361 441 979 861 528 350 691 945 606 306 556 521 621 345 778 599 964 424 915 446 504 895 898 763 922 955 971 700 208 282 470 398 490 462 860 949 151 610 775 743 583 413 970 317 639 787 268 637 632 609 786 992 477 292 668 313 128 891 650 442 282 439 844 274 862 503 789 871 267 423 594 1028 616 680 355 683 934 773 944 713 791 754 629 392 572 576 226 499 959 136 911 643 524 525 560 252 79 428 646 1020 828 614 455 805 437 699 635 747 407 817 466 518 243 475 506 495 486 225 214 251 747 725 707 342 852 795 265 809 404 837 535 921 395 466 240 675 768 521 542 482 308 825 233 427 554 905 450 977 276 532 886 935 589 740 257 468 770 731 154 980 888 537 287 746 394 987 364 159 1007 269 919 505 125 911 295 765 597 904 908 901 671 1009 503 325 731 876 608 654 439 907 278 735 381 483 185 283 804 576 619 562 400 196 135 380 710 361 362 716 656 446 593 443 580 710 257 186 181 418 502 842 81 502 868 978 653 919 363 385 709 403 163 780 421 567 514 562 508 614 138 802 751 748 869 348 788 808 247 777 707 664 453 415 464 902 390 922
733 179 451 633 428 229 699 267 292 346 339 258 700 458 746 550 698 38 712 0 308 238 746 336 267 493 134 256 705 310 526 642 153 156 66 463 164 220 490 396 542 568 391 299 599 343 564 519 489 338 270 618 394 500 373 84 610 422 189 409 375 273 461 431 589 404 275 264 400 320 672 336 225 611 239 621 450 342 237 254 497 253 737 221 666 824 654 434 171 466 692 114 429 187 601 702 413 606 454 72 313 507 541 320 677 208 182 259 153 321 320 299 58 742 479 285 623 602 762 151 377 647 550 294 116 491 312 424 607 372 145 540 456 84 144 201 479 407 617 460 656 646 205 386 512 639 417 147 455 153 220 396 394 456 486 217 465 367 198 696 167 323 245 330 316 327 480 539 417 354 190 627 435 457 616 308 480 573 386 744 537 633 670 172 471 143 102 267 280 809 385 391 121 542 514 775 697 469 576 559 415 286 510 626 507 45 307 111 740 146 382 625 364 315 304 595 413 770 287 471 493 533 506 348 283 716 445 489 344 470 212 719 471 654 389 211 236 739 104 505 658 71 242 687 511 387 178 440 423 411 457 798 554 453 710 422 257 726 266 617 383 267 205 417 358 105 420 276 731 370 289 451 110 639 202 702 227 606 274 687 473 136 235 138 646 723 704 680 514 550 581 395 368 59 274 119 660 358 245 605 681 578 849 264 436 646 496 378 454 448 484 479 595 120 835 656 95 620 146 739 517 634 150 687 221 418 90 166 506 479 374 652 141 497 297 721 568 805 485 665 420
590 220 294 804 461 507 595 395 103 287 633 233 621 763 720 482 681 278 710 308 0 82 735 626 500 395 230 292 830 56 307 679 461 235 294 640 362 493 455 206 688 835 210 112 396 172 336 431 485 121 577 416 532 563 507 224 547 661 300 718 111 287 557 385 833 637 143 154 515 284 493 83 496 469 482 545 374 72 177 406 740 556 598 487 693 674 461 738 299 248 831 413 737 446 732 909 637 846 593 303 571 816 722 229 482 320 397 553 184 621 288 568 250 820 582 462 451 802 929 396 679 710 794 599 208 239 330 729 476 641 215 458 178 327 211 159 786 612 496 730 521 698 478 658 701 758 280 303 536 345 279 697 162 451 668 153 765 116 490 837 142 255 553 626 7 81 768 789 577 146 428 538 650 765 580 609 200 345 612 946 467 642 483 150 311 430 275 409 589 958 82 657 205 717 810 941 893 490 370 768 629 237 485 543 598 291 603 415 870 404 97 738 669 347 613 361 211 600 264 509 762 818 726 582 244 837 153 550 510 236 327 523 778 770 619 287 485 950 413 600 454 365 544 620 820 696 291 430 115 572 276 644 582 298 817 730 455 775 557 496 82 120 339 725 196 395 717 221 856 62 196 704 391 447 355 813 93 767 249 764 427 247 481 207 863 876 783 624 372 820 735 349 658 320 406 300 836 141 542 505 601 534 680 230 741 630 287 686 760 163 792 364 757 424 670 725 394 437 290 928 274 836 198 745 529 110 238 326 654 773 104 548 448 773 579 892 744 964 217 494 728
648 195 277 785 470 451 644 375 72 234 573 165 664 696 752 519 710 204 735 238 82 0 763 567 458 436 148 219 825 117 376 694 392 202 237 617 280 413 482 196 674 787 196 152 464 148 409 471 505 116 503 485 516 568 491 158 585 620 273 647 140 217 553 411 793 597 165 94 504 225 557 100 442 525 400 585 408 104 178 380 699 491 656 435 711 735 528 662 217 316 822 349 662 395 723 881 600 807 579 224 523 743 700 180 550 296 315 474 102 543 228 487 181 827 577 433 513 775 913 314 602 719 753 532 130 315 334 653 529 590 133 498 258 271 172 78 710 581 547 680 576 710 397 606 675 753 326 221 535 263 264 633 171 470 644 144 687 186 429 827 84 202 484 548 88 92 711 746 557 202 381 582 616 690 611 531 281 418 574 920 504 663 549 109 296 352 226 386 518 947 163 607 126 695 749 925 868 503 438 738 595 249 511 586 597 215 541 348 863 324 144 734 602 348 541 435 208 664 272 519 712 762 692 541 254 832 207 555 486 307 247 592 703 766 580 208 403 921 342 597 523 290 479 660 747 624 262 449 191 551 268 706 597 280 816 657 420 788 478 547 146 141 259 653 171 333 638 232 850 138 141 659 332 513 274 811 11 750 255 770 456 165 434 165 831 863 789 661 425 770 720 373 600 260 385 254 816 201 480 551 644 566 745 236 675 657 354 615 685 244 722 409 740 357 734 733 318 501 252 905 348 809 160 756 457 184 160 244 639 713 138 596 375 721 523 874 722 950 253 557 655
319 600 1030 446 317 681 233 485 827 996 762 915 175 903 37 258 54 761 37 746 735 763 0 743 587 349 821 952 339 679 525 136 783 612 680 448 909 937 281 942 374 739 946 623 475 904 536 312 262 856 886 470 407 262 414 722 199 594 558 917 841 958 321 352 660 578 599 857 379 982 412 819 664 344 976 215 361 806 588 507 624 774 309 653 107 346 444 1016 894 545 375 728 982 643 337 584 557 653 382 812 636 1001 457 944 448 538 929 935 794 959 985 1007 733 225 319 507 404 522 485 895 986 182 644 812 775 599 445 1007 325 675 818 286 655 667 641 816 1029 513 299 704 316 161 927 686 477 311 461 877 311 896 536 826 895 298 458 623 1066 638 717 380 713 964 810 981 738 816 790 663 429 596 613 234 535 996 156 948 661 534 561 586 272 114 430 677 1046 864 647 491 842 455 721 672 778 440 853 487 545 277 485 539 532 515 252 223 287 781 762 744 363 887 818 295 846 436 874 544 946 387 496 276 711 803 555 579 511 331 847 270 464 571 938 449 1014 304 568 918 970 615 776 294 471 805 768 154 1017 925 570 318 767 431 1012 352 195 1033 292 956 542 143 948 302 788 624 937 945 928 707 1046 532 346 755 904 644 690 444 940 301 764 411 513 210 308 836 613 651 592 424 219 137 396 744 393 390 752 691 482 627 471 603 747 267 186 202 403 532 879 106 518 905 1015 672 955 383 417 745 389 193 816 427 601 539 576 538 645 164 839 773 781 902 383 824 833 250 814 743 701 478 448 483 924 392 959
864 427 783 432 482 121 800 334 627 668 18 586 776 170 760 652 712 374 706 336 626 567 743 0 178 640 467 567 551 612 757 610 201 404 332 310 427 333 583 733 403 243 727 579 805 680 797 648 552 673 198 821 339 486 339 409 691 177 365 173 708 587 424 558 291 180 542 600 372 639 847 667 135 764 395 713 595 671 493 305 216 97 865 146 639 949 843 278 476 709 521 221 240 186 464 439 202 312 362 385 108 262 350 651 865 359 416 277 490 260 639 361 388 637 424 267 800 366 543 375 262 582 257 95 452 752 451 270 752 82 480 659 738 299 419 537 286 236 749 141 795 595 334 83 317 506 619 451 439 428 406 89 730 534 314 494 328 651 138 522 487 649 133 284 634 659 144 238 314 621 215 730 230 252 669 252 762 804 188 484 645 634 852 476 803 306 353 317 137 607 693 97 457 361 184 556 449 514 788 318 224 496 586 723 455 373 39 226 574 358 711 504 102 440 158 827 750 921 478 498 173 196 264 164 489 565 774 482 287 722 504 901 270 523 183 522 384 467 247 449 857 316 105 753 276 184 367 530 739 312 791 931 559 785 577 213 240 662 291 751 707 547 489 202 694 234 320 498 572 688 623 164 236 829 475 565 557 427 477 597 583 465 172 421 377 529 606 739 690 222 417 539 32 307 329 332 445 629 93 722 762 649 990 480 145 672 726 164 272 736 219 645 415 218 974 583 296 806 351 497 768 389 432 620 185 735 426 456 378 147 706 763 239 167 53 503 376 590 819 834 217
686 283 709 371 306 94 624 157 526 612 194 523 603 349 599 474 551 302 550 267 500 458 587 178 0 462 398 523 458 474 587 459 214 265 229 206 411 379 405 644 295 336 641 432 630 591 626 470 377 572 300 645 181 324 173 312 516 162 209 343 596 540 266 380 335 140 393 514 207 587 669 557 78 585 431 537 417 557 343 129 241 186 687 70 488 772 666 432 436 543 439 180 402 82 358 435 146 349 223 335 80 438 278 582 687 196 416 357 405 373 587 436 300 518 272 89 623 335 498 374 399 443 295 227 368 590 276 423 573 151 406 480 585 194 290 450 452 142 571 235 617 450 372 168 247 399 447 411 276 406 245 267 629 357 225 353 480 502 135 442 373 587 223 396 508 549 291 288 176 467 78 553 168 419 498 362 608 633 119 477 467 474 675 353 729 319 231 140 254 549 556 163 373 281 346 511 429 340 614 292 148 332 410 546 305 312 183 195 490 360 593 390 272 263 287 656 659 743 310 327 264 334 240 84 324 471 653 318 123 559 474 723 437 415 124 478 423 473 230 300 681 287 181 581 451 344 214 352 606 171 711 753 395 712 472 378 63 525 371 573 583 403 464 368 610 172 459 337 483 559 547 203 160 653 457 462 449 348 312 470 405 403 34 294 380 464 483 568 513 323 326 362 200 214 151 203 395 475 160 544 588 475 812 319 323 506 557 325 434 586 397 468 336 191 796 447 283 629 210 472 603 367 302 483 257 604 350 427 261 309 593 585 254 281 126 456 305 542 710 655 380
240 317 689 572 189 535 211 306 492 671 656 598 228 811 329 91 294 493 329 493 395 436 349 640 462 0 526 644 539 338 196 328 587 337 430 459 638 710 100 600 451 750 605 286 189 566 221 37 151 516 712 198 349 270 333 440 153 564 315 797 496 647 306 82 704 539 272 531 312 661 207 477 517 125 732 150 46 463 277 335 629 625 244 504 332 331 208 869 605 200 556 524 847 474 466 709 526 708 381 544 539 896 522 615 228 307 666 734 489 780 664 788 459 485 330 375 162 610 672 641 823 377 672 672 481 257 196 859 116 604 519 63 308 434 357 500 899 481 123 671 164 358 697 620 518 473 114 594 278 623 276 729 551 137 485 311 912 291 552 562 405 638 648 796 396 476 744 680 400 250 440 145 520 869 192 767 315 223 513 732 76 275 214 370 704 632 392 323 687 677 373 610 483 509 804 681 679 183 183 598 504 211 126 149 325 515 641 536 577 639 472 450 728 203 720 241 603 285 206 212 693 778 580 506 211 540 498 260 375 226 647 261 886 479 521 618 729 749 560 330 227 562 615 225 908 792 323 127 418 398 668 307 244 692 509 828 399 420 744 124 440 295 651 819 591 499 878 224 560 408 578 620 484 196 658 510 439 528 219 435 77 543 470 365 685 609 454 229 67 745 496 104 663 451 311 385 606 257 600 116 207 147 361 232 785 248 179 775 878 324 857 34 524 542 346 395 582 172 354 698 241 640 356 402 658 424 496 620 430 767 487 163 604 718 587 645 531 693 575 193 829
755 220 317 758 507 363 737 368 178 214 468 125 748 574 815 597 769 96 789 134 230 148 821 467 398 526 0 135 821 255 507 731 272 209 173 587 132 265 547 267 660 702 261 271 591 215 542 557 558 220 368 611 506 593 482 101 662 555 272 519 265 147 563 480 723 536 264 137 505 189 677 228 359 631 251 668 489 239 248 362 631 379 762 355 751 845 652 521 79 445 810 246 526 320 716 833 544 740 568 86 447 611 667 186 674 294 167 331 46 401 190 338 101 845 583 403 630 732 887 166 461 743 684 414 45 454 376 512 632 506 15 582 403 205 179 81 572 536 646 594 680 739 250 520 639 751 428 75 552 115 286 520 272 523 611 215 543 323 330 814 124 189 363 403 237 220 610 673 535 328 319 669 566 554 678 390 426 552 517 875 583 712 671 155 337 210 189 373 393 931 312 525 43 667 640 900 826 546 565 690 545 317 572 671 609 93 435 240 857 176 279 735 483 384 412 571 285 781 329 554 627 663 638 480 318 830 340 581 462 442 121 717 566 766 522 97 254 871 222 608 651 158 368 739 612 492 258 503 338 529 324 817 637 319 820 524 379 820 333 646 289 246 125 521 227 239 493 302 847 286 156 585 244 637 136 813 137 729 313 789 525 18 368 169 778 845 807 736 530 683 701 442 499 183 376 217 786 328 374 642 728 635 862 296 555 716 481 486 546 390 594 504 717 248 849 755 185 622 233 868 486 764 175 783 328 330 47 101 624 607 266 689 246 630 430 846 693 929 367 674 521
865 351 232 889 640 476 855 504 199 103 565 62 870 649 945 721 899 223 920 256 292 219 952 567 523 644 135 0 955 336 596 865 365 343 306 718 150 294 675 219 794 809 209 369 684 183 627 677 689 220 431 704 641 728 617 237 786 676 407 586 273 21 698 606 839 659 373 142 640 75 777 249 476 741 252 790 611 266 369 497 749 473 872 474 885 953 748 562 91 535 944 357 577 443 851 958 669 857 703 189 564 667 797 113 770 430 175 371 157 442 73 347 235 980 719 536 732 858 1018 204 502 879 800 500 178 532 507 554 744 617 134 703 470 335 311 145 616 664 760 702 791 874 282 630 768 886 539 116 687 142 419 606 252 653 742 334 572 405 438 948 240 96 448 437 296 243 707 787 669 422 446 789 692 605 806 434 491 637 642 1001 706 844 769 276 249 272 324 508 471 1064 367 636 174 798 729 1031 953 678 658 815 672 441 701 792 745 211 532 347 991 222 297 871 563 517 481 654 238 883 456 688 735 760 762 604 443 965 346 715 595 526 71 812 613 901 645 45 260 995 320 743 743 251 463 863 665 555 394 633 374 663 251 924 771 232 955 582 511 955 368 760 320 352 89 581 180 356 519 424 981 331 114 701 365 733 109 948 213 861 440 924 651 124 491 302 901 978 942 862 640 789 834 567 598 312 512 352 916 420 474 760 850 762 964 422 633 846 573 553 590 454 659 620 849 354 953 890 270 721 368 996 566 891 306 919 403 365 182 113 758 698 278 806 330 734 538 977 823 1060 344 776 577
627 630 1101 135 380 544 538 455 897 1029 568 939 483 676 373 471 350 734 315 705 830 825 339 551 458 539 821 955 0 783 735 236 672 628 649 253 863 836 438 1021 164 455 1021 725 719 973 760 514 389 937 737 722 314 277 338 721 451 374 557 712 941 968 273 487 363 371 688 906 320 1007 690 908 532 603 890 477 521 901 654 458 364 618 620 526 253 675 712 825 876 727 40 637 784 539 104 252 350 350 252 777 465 775 200 987 724 533 872 806 812 806 1009 889 719 123 248 420 664 220 147 831 813 176 361 641 781 787 500 818 583 470 825 499 822 622 660 849 822 326 562 458 596 201 831 473 233 72 618 853 295 856 560 613 988 412 240 683 876 770 589 44 750 1000 660 830 836 903 541 385 289 724 522 502 321 789 398 797 836 762 369 248 478 300 705 717 1120 777 632 448 680 138 850 458 786 189 598 152 212 364 719 256 332 594 412 489 233 749 582 652 39 817 927 93 648 483 706 779 1031 699 567 337 452 537 297 404 587 14 973 290 361 753 918 738 806 61 372 913 881 279 688 231 738 741 617 456 793 731 569 430 903 295 1093 675 296 1104 47 754 449 197 820 565 903 710 910 743 995 626 872 610 26 872 948 404 611 706 906 37 820 124 581 130 465 831 492 669 275 85 119 435 605 466 135 509 546 646 446 603 146 733 595 523 484 421 731 600 657 352 715 712 814 833 728 569 136 650 715 159 740 684 590 201 777 223 670 176 704 905 773 872 199 578 935 532 712 484 528 140 176 156 1045 670 759
