46
0 166 391 453 598 673 756 343 507 249 422 187 670 284 434 191 675 164 358 443 312 156 377 468 475 277 151 328 281 116 177 128 179 426 318 665 370 426 549 262 500 568 307 136 679 486
166 0 406 470 501 604 646 358 555 385 299 51 527 180 596 334 592 222 473 555 256 240 361 633 310 443 317 307 443 281 202 112 298 330 175 604 341 421 464 249 657 422 467 111 729 504
391 406 0 63 363 354 519 49 164 306 340 458 558 284 542 324 385 227 268 300 187 242 77 603 554 515 450 697 445 444 557 477 562 735 564 334 110 56 297 158 546 493 443 483 328 98
453 470 63 0 369 334 516 113 120 347 381 521 580 341 569 372 373 289 288 303 241 301 123 631 603 560 503 761 486 500 621 541 621 798 625 309 155 69 304 220 563 525 480 547 270 34
598 501 363 369 0 149 164 369 482 638 211 538 236 324 888 633 105 479 627 663 292 510 299 946 408 819 719 796 768 697 702 611 774 748 567 170 278 310 65 362 903 231 774 612 579 381
673 604 354 334 149 0 209 380 426 658 341 648 372 425 897 666 60 530 619 636 362 557 316 957 555 858 774 909 795 758 801 710 853 879 695 31 310 297 147 415 896 380 795 712 482 332
756 646 519 516 164 209 0 530 621 801 347 678 224 476 1051 797 151 642 786 816 454 673 460 1109 489 982 881 928 932 859 848 758 930 858 686 240 441 464 226 526 1063 286 938 758 691 522
343 358 49 113 369 380 530 0 203 278 318 410 549 246 522 288 404 179 258 304 153 196 70 581 521 480 408 648 415 400 508 428 515 688 518 362 95 89 304 111 533 477 415 434 372 147
507 555 164 120 482 426 621 203 0 340 500 607 700 448 522 382 473 349 245 227 351 351 238 584 718 553 523 830 469 529 683 611 659 886 720 398 271 190 419 314 498 646 456 618 174 101
249 385 306 347 638 658 801 278 340 0 529 423 784 403 252 60 682 190 120 201 363 160 344 308 665 214 194 567 139 212 416 378 346 676 556 639 360 361 575 285 287 694 137 386 492 368
422 299 340 381 211 341 347 318 500 529 0 331 256 139 780 507 313 343 558 617 173 376 263 831 233 674 561 585 642 533 500 411 588 538 356 351 230 311 195 248 814 165 655 410 644 408
187 51 458 521 538 648 678 410 607 423 331 0 546 223 621 369 633 270 516 599 306 285 413 655 305 459 334 261 469 296 173 93 289 278 133 649 392 472 505 301 687 440 495 89 780 556
670 527 558 580 236 372 224 549 700 784 256 546 0 393 1035 763 314 600 802 853 422 633 484 1087 293 930 814 771 898 784 719 636 825 672 516 398 454 514 287 499 1066 105 911 634 812 599
284 180 284 341 324 425 476 246 448 403 139 223 393 0 650 374 412 213 450 519 100 245 219 699 279 536 421 485 507 393 379 288 454 476 294 425 190 279 284 144 690 296 522 289 612 374
434 596 542 569 888 897 1051 522 522 252 780 621 1035 650 0 275 926 437 282 302 615 404 591 62 897 188 296 683 152 334 551 551 426 831 751 875 610 599 824 538 90 944 129 559 628 582
191 334 324 372 633 666 797 288 382 60 507 369 763 374 275 0 685 163 178 261 348 130 350 324 625 191 141 507 136 154 356 319 288 617 503 650 360 376 572 272 324 669 148 328 541 398
675 592 385 373 105 60 151 404 473 682 313 633 314 412 926 685 0 541 653 676 363 570 337 985 513 875 785 893 817 767 792 701 854 851 669 91 325 328 128 424 931 330 819 702 540 375
164 222 227 289 479 530 642 179 349 190 343 270 600 213 437 163 541 0 255 334 188 32 220 487 476 340 243 480 298 228 334 262 336 546 397 518 220 265 421 117 478 507 311 269 523 322
358 473 268 288 627 619 786 258 245 120 558 516 802 450 282 178 653 255 0 85 385 233 328 344 726 314 314 682 228 332 531 484 466 781 648 597 353 324 562 311 277 723 211 492 380 300
443 555 300 303 663 636 816 304 227 201 617 599 853 519 302 261 676 334 85 0 445 315 370 363 797 376 393 767 288 413 615 569 546 866 730 611 399 353 597 376 271 780 265 577 328 305
312 256 187 241 292 362 454 153 351 363 173 306 422 100 615 348 363 188 385 445 0 220 119 669 368 528 427 563 484 406 443 353 491 570 391 356 90 179 238 77 644 338 494 356 512 274
156 240 242 301 510 557 673 196 351 160 376 285 633 245 404 130 570 32 233 315 220 0 244 455 505 309 216 480 265 204 332 266 320 556 415 544 247 284 451 147 446 539 278 273 524 333
377 361 77 123 299 316 460 70 238 344 263 413 484 219 591 350 337 220 328 370 119 244 0 650 480 541 460 663 480 448 531 445 555 684 508 301 33 60 234 118 603 417 482 450 394 155
468 633 603 631 946 957 1109 581 584 308 831 655 1087 699 62 324 985 487 344 363 669 455 650 0 938 202 323 694 192 361 570 579 437 849 782 936 668 659 882 592 124 994 176 587 687 645
475 310 554 603 408 555 489 521 718 665 233 305 293 279 897 625 513 476 726 797 368 505 480 938 0 753 627 489 746 591 467 399 594 379 235 570 447 535 415 424 949 203 767 394 871 633
277 443 515 560 819 858 982 480 553 214 674 459 930 536 188 191 875 340 314 376 528 309 541 202 753 0 126 495 88 163 367 379 238 647 583 842 550 568 760 456 275 831 113 387 695 583
151 317 450 503 719 774 881 408 523 194 561 334 814 421 296 141 785 243 314 393 427 216 460 323 627 126 0 398 150 38 257 255 155 535 459 761 463 497 664 360 373 713 181 264 683 531
328 307 697 761 796 909 928 648 830 567 585 261 771 485 683 507 893 480 682 767 563 480 663 694 489 495 398 0 548 366 151 219 257 178 255 910 645 720 766 546 767 668 579 214 1003 795
281 443 445 486 768 795 932 415 469 139 642 469 898 507 152 136 817 298 228 288 484 265 480 192 746 88 150 548 0 187 408 400 296 686 599 777 494 500 707 408 223 803 31 408 608 506
116 281 444 500 697 758 859 400 529 212 533 296 784 393 334 154 767 228 332 413 406 204 448 361 591 163 38 366 187 0 221 217 134 498 420 747 449 488 644 343 410 682 217 225 693 530
177 202 557 621 702 801 848 508 683 416 500 173 719 379 551 356 792 334 531 615 443 332 531 570 467 367 257 151 408 221 0 91 143 279 246 798 517 586 664 412 630 614 438 90 856 654
128 112 477 541 611 710 758 428 611 378 411 93 636 288 551 319 701 262 484 569 353 266 445 579 399 379 255 219 400 217 91 0 195 298 204 707 430 502 572 327 622 531 428 8 786 575
179 298 562 621 774 853 930 515 659 346 588 289 825 454 426 288 854 336 466 546 491 320 555 437 594 238 155 257 296 134 143 195 0 415 386 845 550 601 727 441 511 721 328 200 825 652
426 330 735 798 748 879 858 688 886 676 538 278 672 476 831 617 851 546 781 866 570 556 684 849 379 647 535 178 686 498 279 298 415 0 184 886 660 745 732 577 909 578 715 289 1059 832
318 175 564 625 567 695 686 518 720 556 356 133 516 294 751 503 669 397 648 730 391 415 508 782 235 583 459 255 599 420 246 204 386 184 0 702 481 568 549 407 819 416 626 196 891 659
665 604 334 309 170 31 240 362 398 639 351 649 398 425 875 650 91 518 597 611 356 544 301 936 570 842 761 910 777 747 798 707 845 886 702 0 298 277 156 405 873 402 776 710 451 306
370 341 110 155 278 310 441 95 271 360 230 392 454 190 610 360 325 220 353 399 90 247 33 668 447 550 463 645 494 449 517 430 550 660 481 298 0 89 214 108 626 385 497 434 425 186
426 421 56 69 310 297 464 89 190 361 311 472 514 279 599 376 328 265 324 353 179 284 60 659 535 568 497 720 500 488 586 502 601 745 568 277 89 0 244 174 602 456 498 507 337 98
549 464 297 304 65 147 226 304 419 575 195 505 287 284 824 572 128 421 562 597 238 451 234 882 415 760 664 766 707 644 664 572 727 732 549 156 214 244 0 304 838 261 712 574 525 318
262 249 158 220 362 415 526 111 314 285 248 301 499 144 538 272 424 117 311 376 77 147 118 592 424 456 360 546 408 343 412 327 441 577 407 405 108 174 304 0 567 413 417 332 484 255
500 657 546 563 903 896 1063 533 498 287 814 687 1066 690 90 324 931 478 277 271 644 446 603 124 949 275 373 767 223 410 630 622 511 909 819 873 626 602 838 567 0 980 194 631 582 571
568 422 493 525 231 380 286 477 646 694 165 440 105 296 944 669 330 507 723 780 338 539 417 994 203 831 713 668 803 682 614 531 721 578 416 402 385 456 261 413 980 0 818 528 774 548
307 467 443 480 774 795 938 415 456 137 655 495 911 522 129 148 819 311 211 265 494 278 482 176 767 113 181 579 31 217 438 428 328 715 626 776 497 498 712 417 194 818 0 436 589 498
136 111 483 547 612 712 758 434 618 386 410 89 634 289 559 328 702 269 492 577 356 273 450 587 394 387 264 214 408 225 90 8 200 289 196 710 434 507 574 332 631 528 436 0 792 581
679 729 328 270 579 482 691 372 174 492 644 780 812 612 628 541 540 523 380 328 512 524 394 687 871 695 683 1003 608 693 856 786 825 1059 891 451 425 337 525 484 582 774 589 792 0 239
486 504 98 34 381 332 522 147 101 368 408 556 599 374 582 398 375 322 300 305 274 333 155 645 633 583 531 795 506 530 654 575 652 832 659 306 186 98 318 255 571 548 498 581 239 0
