251
0 895 413 1120 655 292 556 962 430 405 1061 424 730 704 308 253 1089 829 476 742 348 298 843 339 199 441 795 221 443 618 867 549 231 589 547 208 1049 430 289 741 1014 699 397 644 522 863 427 216 472 837 1145 331 196 242 675 339 707 1157 887 910 507 933 347 762 362 99 486 513 349 735 482 609 719 909 110 863 781 326 316 899 1090 469 261 423 460 947 522 438 1115 257 783 613 464 623 441 158 1079 872 284 970 987 419 586 910 214 200 972 535 700 965 626 1079 553 139 386 658 678 701 111 386 850 640 1119 352 965 831 973 766 1151 992 268 306 895 747 837 408 381 982 715 594 496 1029 372 464 570 845 747 953 614 979 930 565 752 877 930 657 408 1003 470 267 551 888 672 949 503 358 651 587 624 566 476 1029 734 668 172 547 847 1070 982 203 549 293 971 542 435 368 315 564 944 789 300 1045 448 880 809 964 1088 1013 580 542 251 1087 927 764 454 1002 671 266 897 973 108 138 617 528 1132 968 498 710 719 520 276 993 604 947 369 817 388 690 679 983 724 627 795 567 719 447 702 656 865 967 256 1047 517 831 264 916 745 540 849 1022 721
895 0 603 307 240 907 507 144 474 902 342 843 620 484 600 661 263 291 715 194 699 669 133 628 714 505 769 794 535 590 859 819 717 901 372 734 198 477 1057 696 156 564 582 278 478 47 673 1051 939 57 335 994 980 1087 421 572 410 329 303 322 840 53 547 409 598 904 432 480 946 515 534 388 181 355 810 582 857 570 1025 293 325 508 865 517 450 58 638 676 241 658 599 428 592 279 805 769 309 816 617 905 421 786 838 838 723 975 850 359 610 759 628 360 345 795 941 429 222 290 895 593 706 641 272 544 690 789 720 147 308 878 967 1018 402 832 100 816 744 127 497 463 745 167 594 433 858 587 213 126 503 395 562 720 486 631 769 238 487 272 481 956 344 107 391 424 874 974 303 513 371 589 447 329 376 539 767 499 892 226 860 959 497 614 627 811 480 765 625 762 174 740 640 225 449 643 209 509 279 268 740 591 975 312 669 357 489 553 491 804 501 728 854 757 278 464 338 728 723 841 708 736 705 364 572 115 875 886 790 566 331 190 179 509 107 513 783 455 546 361 894 312 981 184 781 232 683 219 786 899 47 358 304
413 603 0 889 407 607 146 714 313 681 872 659 761 665 165 335 849 673 616 414 98 115 508 411 221 395 886 472 435 213 981 735 181 808 237 393 792 179 681 810 751 706 40 324 132 560 544 625 748 548 917 681 584 654 272 318 304 919 728 755 717 653 231 674 69 479 365 127 668 709 78 504 469 769 303 843 920 213 686 733 882 94 558 383 340 661 601 557 843 178 791 541 53 332 648 385 868 963 193 1072 859 619 772 1000 199 585 1047 312 732 1000 683 892 289 275 690 255 387 541 481 42 894 701 868 262 968 921 987 519 903 1073 626 677 781 884 584 631 560 719 682 190 652 765 412 238 772 832 405 700 594 840 883 689 706 878 981 387 222 802 126 619 334 557 578 832 733 689 487 175 250 160 171 846 336 665 241 140 982 819 1059 579 142 311 942 726 162 565 374 713 716 867 122 805 230 886 612 882 857 807 713 136 618 874 932 648 394 930 639 516 830 991 443 319 352 471 912 988 639 862 800 664 432 837 630 692 640 959 598 699 545 750 426 214 495 555 839 204 290 275 995 794 625 783 690 464 150 713 859 773 555 854 347
1120 307 889 0 489 1062 809 175 691 1025 123 959 626 523 854 870 44 314 821 498 982 938 438 807 962 687 747 975 700 897 816 893 977 965 652 933 112 740 1227 695 153 592 863 569 773 355 803 1242 1043 351 28 1143 1165 1278 729 782 718 38 268 259 930 253 785 432 873 1108 634 774 1087 530 827 526 423 283 1052 520 848 812 1182 251 68 796 1029 703 660 255 736 802 123 911 580 541 886 556 917 976 64 765 864 827 277 906 900 775 979 1158 762 604 632 661 683 124 608 1043 1071 736 502 423 1097 873 656 687 61 772 584 754 613 372 54 786 1132 1178 331 834 305 938 881 180 527 767 840 144 770 686 927 535 520 190 588 258 463 791 497 564 688 503 734 130 764 1120 583 401 483 311 965 1114 470 817 673 893 723 145 683 586 1020 799 862 85 770 1140 798 827 510 889 748 903 817 832 178 719 905 84 701 575 311 386 32 117 805 894 1145 55 579 399 672 409 547 971 421 622 1058 984 540 613 37 625 820 858 717 824 886 216 645 200 1008 866 919 597 452 141 467 816 405 620 794 715 853 667 856 197 1150 132 868 533 946 206 786 979 348 181 611
655 240 407 489 0 675 357 317 233 682 465 628 495 363 368 420 451 279 512 154 495 449 228 394 480 274 646 557 311 467 744 627 490 712 171 494 401 251 820 566 363 434 377 126 306 215 458 811 727 184 516 762 740 846 330 332 338 521 329 356 639 278 308 326 384 664 198 303 718 405 354 209 66 376 574 517 718 332 791 332 476 317 631 284 212 292 445 464 463 426 498 259 412 86 594 528 462 709 382 812 465 571 652 739 493 736 769 120 476 695 467 485 119 561 717 327 69 169 655 386 612 483 475 303 642 674 668 116 509 797 732 784 399 686 186 599 524 331 380 327 545 378 362 199 668 513 181 305 340 444 532 537 387 562 690 35 251 395 281 721 104 260 254 445 670 746 133 377 240 447 236 439 323 397 536 343 766 425 780 720 342 373 597 619 259 542 387 577 312 620 416 407 214 573 207 510 456 400 560 440 738 469 612 283 259 559 352 571 471 674 613 517 55 257 508 672 524 685 570 542 469 435 405 298 652 752 570 432 195 348 97 392 152 330 636 226 460 253 772 389 745 397 585 277 458 306 646 700 197 449 245
292 907 607 1062 675 0 726 931 450 117 976 157 539 565 450 289 1041 749 268 805 579 503 898 281 395 402 559 136 374 819 614 290 449 309 637 217 1017 534 168 524 990 529 576 718 674 889 261 221 181 855 1082 87 147 249 821 359 851 1101 800 817 239 932 428 646 539 194 477 664 62 581 654 540 727 806 360 686 522 426 120 816 1017 624 49 391 464 949 345 265 1089 429 598 521 660 681 190 222 1009 630 420 717 868 182 321 665 430 138 730 573 512 745 436 991 613 387 94 806 723 648 180 568 635 444 1077 411 763 592 764 762 1103 746 74 115 776 492 825 156 184 962 570 750 270 1005 313 535 299 665 821 927 483 867 763 343 607 685 704 691 486 934 607 63 580 934 579 825 225 82 613 762 745 766 588 944 866 511 409 713 585 1033 739 119 714 332 788 285 548 162 293 325 901 561 485 1000 522 685 761 815 1032 946 349 743 94 1019 728 667 418 843 534 105 746 762 192 296 658 454 1064 756 281 450 498 295 209 892 443 925 90 554 156 520 613 939 765 802 827 445 475 536 887 777 604 880 96 1022 272 918 467 857 502 257 868 927 828
556 507 146 809 357 726 0 634 357 788 810 757 791 677 277 441 766 636 693 312 237 259 395 496 360 445 928 590 490 119 1026 815 326 894 193 509 704 217 816 849 662 731 159 243 63 461 621 766 851 457 837 805 720 796 127 398 158 834 686 713 805 560 311 666 196 617 392 72 786 722 75 509 408 733 447 849 976 305 816 688 812 103 677 438 373 565 661 633 747 309 811 554 104 271 739 511 796 1002 307 1110 822 711 850 1037 342 720 1078 301 764 1018 727 830 259 420 803 110 314 516 616 170 920 746 779 338 976 962 999 454 815 1105 754 806 754 941 510 728 652 631 694 48 729 674 488 256 855 841 296 618 621 801 877 755 712 889 1005 328 272 737 131 746 320 443 577 801 826 809 467 36 136 90 173 787 193 690 386 16 1035 732 1089 712 16 406 940 806 197 661 464 784 644 907 257 724 257 899 562 863 778 740 779 85 749 801 942 630 439 912 656 629 819 1004 577 452 303 501 835 1001 713 925 844 738 535 790 669 609 748 1014 695 726 531 674 343 75 403 589 893 231 161 149 1045 742 755 691 769 334 292 653 910 864 462 802 219
962 144 714 175 317 931 634 0 531 907 198 844 561 436 685 715 135 217 709 326 807 766 277 662 795 539 701 832 559 725 785 798 807 876 477 782 87 568 1090 636 61 514 689 394 598 189 679 1097 935 179 203 1015 1021 1133 559 626 550 204 203 213 827 95 620 348 699 957 478 598 962 456 652 390 251 246 887 492 797 646 1051 187 182 621 893 554 502 106 625 680 158 743 528 417 710 381 803 823 166 737 697 816 295 788 811 754 810 1016 757 435 558 660 593 216 435 876 951 565 327 283 946 698 625 602 158 610 587 716 617 200 192 784 997 1045 299 776 130 820 755 43 445 593 733 75 626 516 835 502 349 17 480 269 458 695 424 541 677 329 566 131 589 986 415 248 366 308 862 989 320 643 499 720 549 188 517 497 852 624 823 109 766 998 623 670 518 792 575 777 668 737 46 672 734 91 531 553 170 394 143 126 713 719 1008 170 572 302 524 434 452 833 401 626 907 824 367 477 201 627 712 792 653 720 742 233 545 28 886 821 798 517 320 46 292 644 232 502 731 543 686 494 822 183 1013 91 766 376 775 107 728 882 178 220 442
430 474 313 691 233 450 357 531 0 474 639 429 448 355 189 187 659 412 342 355 366 293 449 171 279 87 577 325 133 474 673 465 308 547 203 260 618 143 588 499 584 392 273 270 293 448 273 577 528 418 716 537 507 613 410 98 435 726 471 496 462 508 104 378 256 431 62 284 498 398 307 206 293 501 363 534 619 133 563 481 664 263 403 82 33 523 304 283 685 237 478 234 348 231 403 295 652 652 186 761 587 376 498 688 304 502 734 123 419 687 374 658 164 357 503 399 274 278 421 275 581 392 689 83 657 611 676 337 720 761 502 555 500 584 407 399 321 553 372 359 378 599 148 104 506 522 372 523 281 574 580 398 399 566 667 244 91 577 227 492 132 487 280 554 487 525 225 391 320 432 184 608 440 352 338 341 679 640 746 487 341 140 636 456 162 336 157 429 514 557 255 615 100 574 380 590 658 586 423 414 507 660 620 363 83 636 327 344 531 679 380 293 209 158 703 675 361 568 491 384 241 581 318 517 440 658 367 386 265 552 318 424 383 242 537 126 511 350 690 548 513 618 419 469 285 489 555 523 430 606 388
405 902 681 1025 682 117 788 907 474 0 929 66 459 509 517 347 1008 711 204 824 666 586 910 304 483 409 457 215 371 889 505 185 538 193 674 289 991 582 255 432 968 460 647 744 731 889 229 328 70 853 1043 144 260 352 871 397 899 1064 757 771 132 921 478 596 612 309 487 721 83 517 719 519 726 756 463 607 411 482 191 774 974 684 144 403 481 939 289 227 1064 507 519 490 733 702 109 310 968 524 488 606 809 119 211 558 519 251 624 594 436 647 363 943 639 488 49 857 738 626 295 640 540 367 1046 456 672 488 670 755 1069 638 176 192 721 383 813 87 158 942 511 806 191 983 327 571 186 586 843 906 437 811 686 258 547 600 604 704 529 894 662 168 597 942 544 766 111 102 599 824 788 838 635 898 910 450 506 773 472 1004 632 234 774 382 704 182 598 140 328 231 874 462 562 969 561 599 737 745 996 907 258 815 200 978 639 625 424 769 481 166 677 667 301 387 675 438 1023 661 209 340 405 214 252 841 384 905 40 442 112 452 587 910 777 863 833 406 371 579 950 819 491 835 200 998 179 942 551 825 398 141 867 877 862
1061 342 872 123 465 976 810 198 639 929 0 863 512 421 815 807 140 232 725 513 959 907 475 734 917 621 627 899 626 909 694 788 938 856 636 865 188 709 1143 579 215 483 842 566 767 386 715 1166 942 370 127 1054 1087 1201 747 723 742 156 177 159 827 294 739 333 846 1039 578 766 996 422 818 453 405 174 1002 400 729 767 1095 163 55 782 946 638 606 303 640 712 233 870 464 459 876 544 820 910 61 643 820 703 154 812 792 652 938 1080 639 569 521 537 577 20 584 996 977 752 495 360 1026 850 535 580 177 722 460 633 489 356 177 663 1048 1091 217 716 301 844 792 227 422 773 741 215 698 652 820 415 539 216 494 136 340 687 389 442 565 487 695 73 746 1036 548 447 399 189 863 1022 414 824 679 899 701 32 710 483 976 799 740 172 646 1061 798 768 386 784 720 814 750 727 171 600 871 142 665 453 263 263 114 73 699 895 1062 68 456 309 607 286 448 890 300 499 990 927 520 539 102 502 721 743 602 723 812 96 545 227 916 745 828 490 381 152 469 828 420 531 678 683 877 678 734 96 1067 212 766 574 910 158 669 874 372 59 633
424 843 659 959 628 157 757 844 429 66 863 0 394 442 494 324 942 646 138 773 654 571 856 263 474 358 402 214 317 863 457 132 530 166 632 277 927 546 314 371 905 393 623 696 699 832 170 378 99 795 977 206 305 405 834 361 860 998 691 705 83 860 446 530 590 335 436 688 144 451 691 458 669 689 468 542 365 454 252 708 908 654 167 354 433 878 223 166 1000 491 454 426 710 653 42 308 902 472 466 560 742 56 165 508 512 296 573 546 370 589 297 876 592 490 115 821 686 563 320 618 480 302 981 421 611 434 610 696 1004 588 227 252 654 335 752 30 108 879 444 772 125 919 281 530 146 521 793 843 371 744 621 194 480 537 548 651 492 828 629 218 547 887 480 699 79 166 539 794 747 813 598 831 869 383 505 743 429 939 581 277 743 352 640 127 564 96 293 169 809 404 545 904 521 536 673 678 931 841 195 790 250 912 577 559 372 703 414 164 611 607 317 385 624 379 956 601 142 293 344 148 227 774 317 842 68 399 63 385 524 845 724 832 777 342 317 541 919 778 448 769 251 935 117 893 539 760 344 119 809 810 818
730 620 761 626 495 539 791 561 448 459 512 394 0 137 621 509 621 343 272 645 806 726 691 406 674 367 152 517 333 910 248 289 720 348 605 525 627 588 705 76 619 61 721 614 728 631 304 756 453 592 637 600 677 787 809 465 824 663 366 369 336 613 537 213 702 669 401 720 538 105 751 291 497 342 721 148 238 563 646 384 564 707 526 382 423 632 209 294 698 654 59 242 796 566 353 574 563 214 607 320 371 356 285 247 709 669 287 493 31 244 105 521 541 730 508 802 565 343 654 722 133 94 663 507 234 179 244 494 677 314 613 644 295 215 520 385 365 603 122 781 270 631 383 537 315 127 674 567 169 380 227 200 136 148 219 530 539 499 668 602 478 702 243 328 370 560 362 822 713 873 620 483 814 101 727 775 274 631 298 649 774 496 248 288 607 384 441 231 517 125 688 593 540 150 412 290 603 513 203 857 633 572 197 263 367 310 142 485 226 244 631 628 526 292 613 239 257 233 92 246 454 417 135 570 458 266 382 65 306 544 582 849 601 205 170 567 930 735 278 429 636 642 280 765 708 456 168 372 605 454 739
704 484 665 523 363 565 677 436 355 509 421 442 137 0 541 461 512 220 305 510 722 647 554 365 612 289 289 510 268 796 385 370 651 443 486 496 509 487 734 212 496 80 625 484 615 494 305 769 521 455 539 639 689 803 683 398 697 562 255 265 407 481 455 91 612 660 299 608 579 44 645 168 360 246 674 178 373 483 681 273 468 600 541 306 326 500 221 300 582 583 136 124 694 438 400 546 464 347 532 449 302 393 378 376 644 681 407 375 125 341 159 434 421 678 557 678 432 206 645 628 249 166 553 427 302 314 323 357 571 435 639 678 212 347 384 425 380 477 17 662 320 509 334 431 404 167 539 440 90 302 230 267 47 213 330 398 443 393 561 627 358 565 108 259 442 604 229 706 589 762 511 390 684 62 669 661 412 516 418 661 661 436 282 365 505 402 394 308 394 261 608 479 436 222 279 259 497 406 282 748 656 473 267 133 283 298 33 490 192 327 615 585 398 199 517 324 300 358 223 301 431 331 125 443 498 403 412 82 170 425 446 730 464 137 299 463 808 608 415 329 659 522 345 629 634 337 301 456 468 367 608
308 600 165 854 368 450 277 685 189 517 815 494 621 541 0 170 818 594 454 436 185 105 537 248 114 254 736 313 288 371 828 571 123 643 239 233 770 124 543 662 732 570 129 338 228 564 382 502 583 542 880 528 448 534 380 159 412 887 653 678 551 643 85 567 96 349 251 218 509 582 204 395 434 687 211 719 762 58 539 661 834 176 400 239 221 655 446 394 831 57 657 422 216 322 482 234 821 814 30 922 774 453 608 851 125 447 903 250 591 864 534 834 255 195 529 364 379 459 347 123 754 552 844 114 839 772 856 485 877 928 477 530 688 726 555 465 394 699 557 304 488 747 253 169 607 705 440 674 461 759 768 530 586 748 840 363 120 749 166 469 270 583 469 741 567 532 404 312 319 320 167 785 434 530 167 264 826 794 914 438 265 146 823 561 127 400 210 551 676 719 67 773 153 755 552 779 821 757 553 297 473 829 802 551 258 825 511 355 720 859 305 183 322 341 871 855 476 702 650 502 267 763 486 667 477 801 433 562 451 713 424 352 496 418 683 145 437 351 840 727 480 765 526 522 96 659 705 607 553 786 414
253 661 335 870 420 289 441 715 187 347 807 324 509 461 170 0 840 576 298 532 336 251 629 103 169 187 603 153 193 541 688 408 222 477 352 77 803 245 407 536 770 467 300 439 386 635 229 390 413 605 894 372 322 426 532 89 562 906 633 656 385 695 139 512 265 243 236 376 346 496 371 355 481 656 214 629 615 137 391 645 838 338 239 169 213 710 311 243 871 170 555 362 386 407 314 108 827 682 142 787 736 285 446 720 207 318 776 305 478 752 410 825 336 221 362 517 456 448 234 294 637 427 871 126 740 639 752 524 902 799 328 382 644 579 594 296 228 738 474 463 330 785 128 252 443 612 544 708 372 726 690 382 508 649 722 429 200 751 318 319 318 670 420 698 398 370 399 477 457 490 299 776 578 432 218 427 680 823 787 304 428 48 737 399 259 231 68 397 695 590 221 796 238 654 558 717 837 761 403 467 329 835 702 511 200 758 428 188 652 753 193 124 391 275 880 749 322 550 519 348 96 740 375 703 307 653 263 459 426 734 501 516 569 324 540 249 603 489 695 713 336 803 365 638 222 664 563 438 617 769 542
1089 263 849 44 451 1041 766 135 659 1008 140 942 621 512 818 840 0 297 805 455 942 901 394 780 928 659 748 950 674 853 822 882 941 956 612 905 67 703 1204 692 108 584 824 528 732 311 783 1217 1028 308 72 1123 1139 1252 685 752 674 69 257 252 917 209 751 421 834 1080 604 732 1068 523 786 501 385 280 1018 525 849 778 1161 240 91 756 1006 675 629 210 720 783 93 876 579 520 845 517 901 947 80 771 829 837 288 888 890 783 943 1133 774 568 625 673 672 147 570 1008 1053 692 462 396 1069 834 661 678 41 739 596 757 626 334 62 799 1109 1156 331 832 266 920 861 136 517 724 826 100 744 650 917 538 476 149 572 266 472 779 489 570 698 464 699 122 724 1098 548 356 463 317 952 1095 441 774 630 851 684 154 639 575 985 757 865 41 782 1115 755 796 523 877 710 883 790 821 145 720 868 44 665 581 283 397 26 108 794 851 1122 75 589 384 644 425 534 947 426 635 1030 952 502 589 79 637 805 855 713 810 860 223 631 158 989 868 901 589 428 106 426 772 362 601 791 678 809 623 861 194 1127 88 855 489 909 183 784 968 305 192 567
829 291 673 314 279 749 636 217 412 711 232 646 343 220 594 576 297 0 508 383 752 692 392 502 692 388 486 667 393 747 573 587 717 663 447 632 289 500 915 418 277 296 638 401 584 314 489 935 731 280 333 829 856 970 601 492 605 353 58 83 620 275 515 130 637 806 350 580 773 239 628 221 237 97 773 290 580 544 869 69 268 588 717 406 379 293 423 488 362 648 313 229 685 365 604 678 260 527 597 614 186 592 597 548 715 849 558 360 341 468 379 250 386 769 757 601 332 135 794 645 416 386 336 496 401 503 430 205 358 586 819 864 123 558 197 624 567 259 227 607 529 289 466 440 623 295 414 223 275 167 276 484 206 340 477 310 477 184 550 808 338 388 169 166 656 800 190 657 517 726 501 200 582 282 751 622 609 297 568 830 622 537 342 582 513 589 517 526 174 457 655 261 452 352 89 237 285 196 500 718 833 269 379 87 375 285 238 660 214 438 757 696 332 306 314 438 508 575 435 513 579 168 335 227 694 605 605 300 149 205 323 670 308 306 513 473 734 526 609 137 838 301 558 483 691 117 511 672 289 194 500
476 715 616 821 512 268 693 709 342 204 725 138 272 305 454 298 805 508 0 662 632 547 740 205 467 258 319 256 213 805 396 123 521 205 543 285 790 476 435 267 770 261 577 595 630 708 72 484 225 670 839 335 405 515 752 299 776 860 553 567 127 729 387 392 548 404 332 621 274 316 633 327 547 551 489 418 317 403 379 570 770 593 254 260 336 748 85 60 864 467 330 292 663 549 95 330 764 397 430 498 606 88 157 434 505 397 495 445 244 492 168 739 495 505 252 741 575 431 388 574 378 177 844 358 501 355 505 569 866 516 342 377 517 281 622 119 96 745 308 700 36 784 205 446 163 398 685 709 233 608 494 89 344 419 455 538 420 690 561 331 442 767 343 563 159 299 412 728 661 759 523 693 780 247 510 677 383 803 506 376 677 308 521 114 495 113 244 98 673 313 514 767 441 420 539 547 793 703 107 738 362 773 465 421 269 575 276 217 479 503 371 397 516 255 818 498 23 252 244 49 215 636 180 708 193 355 111 253 391 709 609 763 656 206 246 464 851 690 399 631 365 799 77 785 520 622 272 188 684 672 721
742 194 414 498 154 805 312 326 355 824 513 773 645 510 436 532 455 383 662 0 512 490 100 526 550 415 796 679 456 399 894 779 545 864 197 609 392 312 940 717 350 584 397 98 286 148 605 919 872 147 527 893 854 954 234 449 229 522 420 445 789 248 401 461 417 768 337 288 853 550 342 362 152 472 648 652 871 418 918 417 507 320 759 421 343 252 598 612 435 492 642 412 399 125 741 635 492 857 458 958 555 717 806 886 553 851 911 232 627 832 621 533 195 629 856 239 87 306 761 408 756 637 467 406 774 824 801 178 502 939 857 910 507 840 213 744 666 319 526 268 696 362 498 282 821 650 30 309 493 531 655 691 529 699 831 124 338 440 297 846 227 147 401 545 820 880 283 318 176 395 272 494 201 549 599 304 917 420 922 837 303 484 722 771 310 684 512 730 342 770 466 414 297 710 295 621 468 440 714 396 860 495 746 413 401 669 503 700 593 808 719 609 149 410 527 807 676 839 722 694 596 510 559 299 791 904 713 582 339 369 63 317 93 485 790 295 364 168 923 459 867 379 737 123 509 364 799 851 150 515 120
348 699 98 982 495 579 237 807 366 666 959 654 806 722 185 336 942 752 632 512 0 84 607 427 184 439 921 451 474 273 1012 744 129 812 330 377 887 252 630 848 846 754 118 421 231 657 561 564 735 644 1009 645 534 591 364 344 396 1012 808 835 720 749 269 741 114 428 425 226 641 764 175 568 559 847 240 901 945 243 645 815 972 191 533 424 397 757 630 574 939 165 841 600 132 425 649 357 957 999 203 1107 936 620 782 1037 149 536 1088 391 776 1049 720 979 375 210 668 348 481 618 432 108 939 738 962 298 1023 957 1040 610 997 1113 587 635 854 908 677 627 563 813 738 284 665 860 437 311 778 888 504 794 645 919 946 712 766 931 1026 478 281 890 219 581 413 656 643 907 731 659 562 260 348 222 259 931 430 714 179 234 1009 913 1099 533 236 325 1003 735 239 565 388 730 806 905 119 898 300 939 696 952 949 895 734 199 576 964 986 719 441 998 693 500 896 1043 399 283 441 523 1003 1039 655 883 835 681 430 918 672 785 625 984 596 747 617 841 521 296 592 602 867 278 360 373 1023 877 582 878 701 562 115 800 889 771 652 938 445
298 669 115 938 449 503 259 766 293 586 907 571 726 647 105 251 901 692 547 490 84 0 589 343 109 360 838 372 393 325 929 660 66 728 297 296 849 198 568 766 809 675 103 394 232 629 476 510 654 612 965 573 471 539 381 262 413 970 749 776 636 716 191 671 73 366 354 223 565 688 185 498 515 786 188 825 860 164 576 757 923 181 456 345 325 726 547 489 906 81 763 527 167 389 565 280 910 917 120 1024 873 536 698 954 84 472 1006 337 696 970 638 926 330 160 590 364 447 557 368 91 859 656 923 220 945 874 962 566 958 1031 517 566 789 824 635 544 479 776 663 299 581 823 353 254 694 811 488 754 567 858 873 627 691 854 945 437 215 839 194 510 359 637 573 843 648 585 501 289 344 272 221 878 443 636 126 251 925 874 1018 467 253 240 929 651 190 481 304 646 761 822 38 856 241 861 643 883 905 846 650 248 508 916 908 653 364 929 617 419 825 965 331 209 398 447 957 961 570 798 753 596 346 860 591 746 545 899 513 668 552 797 490 329 562 524 783 224 405 372 939 822 514 842 616 558 36 750 805 688 621 882 442
843 133 508 438 228 898 395 277 449 910 475 856 691 554 537 629 394 392 740 100 607 589 0 617 651 501 843 774 539 466 938 853 645 937 297 706 327 413 1036 765 285 632 494 199 377 88 687 1018 955 113 466 985 952 1053 296 544 282 456 417 439 867 185 501 491 516 867 423 381 943 591 434 424 198 469 749 677 924 518 1012 409 459 416 852 509 433 183 670 692 357 593 680 471 489 222 822 734 443 898 558 993 543 800 876 923 654 948 943 325 677 857 681 493 293 730 944 306 174 347 860 506 792 695 398 504 793 867 821 198 433 971 951 1004 511 895 197 828 752 258 569 348 772 294 587 382 894 678 102 259 552 518 668 759 565 726 861 206 437 404 395 941 317 48 449 541 898 971 339 395 262 471 372 460 245 600 700 390 966 355 953 933 388 581 734 845 411 770 606 800 305 815 566 357 397 737 302 623 411 401 782 476 956 445 768 441 486 669 552 793 606 829 817 709 240 484 470 829 751 899 774 768 690 491 620 248 879 955 798 631 386 323 132 386 90 551 845 396 416 245 969 438 962 310 812 99 609 342 852 927 107 487 180
339 628 411 807 394 281 496 662 171 304 734 263 406 365 248 103 780 502 205 526 427 343 617 0 271 123 500 169 108 605 588 323 322 399 370 132 749 283 430 433 720 366 373 442 436 608 133 436 361 574 829 368 359 471 570 98 597 844 557 579 308 655 186 424 343 305 196 426 327 398 433 281 446 575 315 529 517 198 398 571 769 394 237 110 183 672 208 146 820 264 453 277 459 402 242 181 759 579 225 686 650 214 360 617 308 353 673 294 375 648 307 751 336 324 331 557 443 384 292 369 534 324 814 158 637 537 650 484 843 696 339 391 558 481 549 233 156 690 377 509 240 735 36 267 361 512 543 657 275 643 593 284 412 548 619 410 228 683 366 328 299 653 338 611 329 354 341 533 484 557 334 702 606 332 322 481 582 768 684 335 482 102 637 314 301 167 39 303 637 487 309 738 257 552 497 624 775 693 306 536 348 768 600 430 139 663 331 177 558 650 256 223 377 195 813 646 228 455 416 254 79 660 273 653 268 556 200 358 355 675 484 570 546 228 440 277 657 516 596 639 353 752 278 641 317 600 463 367 587 692 558
199 714 221 962 480 395 360 795 279 483 917 474 674 612 114 169 928 692 467 550 184 109 651 271 0 324 772 267 345 433 858 572 56 635 353 196 881 239 459 704 844 628 200 452 322 679 399 405 552 656 988 464 362 436 476 214 508 996 750 775 543 757 177 650 164 258 342 313 457 650 285 482 546 781 97 786 784 150 466 760 940 269 349 306 313 769 480 412 943 58 717 501 275 436 472 173 927 851 98 957 866 444 611 889 38 363 945 360 642 918 578 936 369 81 484 459 493 558 259 189 804 595 954 196 901 809 916 595 987 968 407 457 777 748 666 449 389 811 626 396 498 859 291 281 604 771 553 785 526 853 842 552 659 810 889 476 229 854 270 401 379 697 554 831 553 476 503 392 425 381 279 887 534 591 58 350 849 904 956 357 351 178 893 563 240 388 233 565 784 759 102 883 266 816 656 861 929 862 573 357 398 935 864 640 332 905 580 317 799 917 222 100 436 415 977 913 490 719 688 516 255 860 539 778 442 823 418 621 545 822 538 433 611 480 710 259 511 456 865 827 405 877 531 633 73 764 733 593 667 886 522
441 505 395 687 274 402 445 539 87 409 621 358 367 289 254 187 659 388 258 415 439 360 501 123 324 0 491 293 46 562 587 381 362 464 284 245 627 230 554 414 597 315 355 339 381 486 193 558 457 452 710 489 482 593 495 110 518 724 446 468 382 532 170 328 334 421 78 372 443 329 394 167 324 468 393 465 532 196 520 458 652 350 360 18 78 548 216 202 697 294 402 178 433 295 327 289 642 568 244 676 549 302 413 604 354 476 652 188 338 610 288 638 237 393 442 484 329 264 409 355 501 306 693 140 585 526 602 360 722 678 462 513 458 496 426 328 251 566 304 446 294 612 89 191 422 451 435 534 206 539 519 310 335 493 587 294 176 565 315 451 188 535 234 512 409 471 219 479 402 519 272 589 521 275 381 429 591 645 663 459 429 152 571 372 249 269 130 343 515 472 322 616 188 500 376 538 655 576 335 501 471 650 548 324 15 581 258 299 475 604 371 310 266 91 695 600 276 480 405 299 203 552 235 530 377 570 298 308 239 554 368 512 426 163 449 214 598 431 603 526 477 629 336 535 346 480 468 443 466 581 463
795 769 886 747 646 559 928 701 577 457 627 402 152 289 736 603 748 486 319 796 921 838 843 500 772 491 0 575 450 1047 98 272 823 294 747 602 761 719 713 80 758 212 846 762 865 781 376 780 428 743 754 602 706 807 954 576 971 783 500 498 325 759 656 360 823 720 536 857 541 253 884 439 649 468 805 228 102 679 649 518 682 840 560 503 556 778 292 364 831 762 172 389 925 714 370 648 683 79 718 186 476 384 249 117 809 697 176 636 170 191 203 633 685 819 505 947 716 495 704 845 102 184 790 626 231 36 221 645 800 197 629 650 417 98 669 404 414 744 274 922 300 768 485 672 278 211 825 709 312 491 299 230 282 192 146 680 667 625 803 620 622 853 395 437 350 558 513 961 859 1008 756 601 963 248 821 912 123 762 186 678 912 599 285 276 739 428 539 236 656 28 802 724 673 184 560 376 727 639 216 990 652 692 207 411 494 378 293 533 326 216 689 712 675 428 730 210 297 137 86 275 531 531 259 713 470 120 414 214 458 680 733 990 753 339 86 700 1073 882 126 553 653 778 288 917 816 594 61 336 755 568 889
221 794 472 975 557 136 590 832 325 215 899 214 517 510 313 153 950 667 256 679 451 372 774 169 267 293 575 0 275 683 646 331 323 380 505 80 919 399 263 522 890 492 440 589 537 772 213 267 285 740 997 219 189 302 685 230 715 1013 722 742 292 823 293 580 404 152 361 527 196 535 517 449 613 735 253 656 561 289 239 736 936 487 87 279 344 840 309 223 990 295 572 440 525 554 223 95 926 651 283 749 806 199 369 689 304 183 751 448 488 747 412 916 484 276 218 670 600 553 136 433 632 424 984 278 751 610 758 652 1012 770 177 231 714 527 718 193 160 860 519 614 275 905 205 403 355 637 693 827 421 802 727 344 556 666 711 570 353 850 470 167 457 813 500 765 294 219 511 625 610 631 452 867 731 465 292 576 627 937 761 165 577 198 763 323 412 147 169 343 806 569 351 907 390 668 666 769 944 861 359 608 181 935 714 592 308 803 476 50 700 757 115 172 534 361 980 751 277 491 500 299 89 822 398 823 175 598 169 483 522 845 643 665 708 376 498 402 750 642 644 803 188 922 297 788 337 768 524 333 753 854 695
443 535 435 700 311 374 490 559 133 371 626 317 333 268 288 193 674 393 213 456 474 393 539 108 345 46 450 275 0 606 545 335 388 418 331 239 645 274 531 375 618 284 395 383 427 519 150 542 416 484 722 459 465 578 541 133 564 737 449 470 337 558 206 319 372 413 120 417 411 305 438 173 356 467 406 440 487 230 493 463 661 395 334 52 123 575 171 157 717 322 372 170 475 338 285 287 651 528 274 636 544 261 367 565 379 458 614 233 302 577 247 643 282 410 407 530 369 278 400 395 466 266 709 175 556 486 571 388 737 640 438 487 452 452 451 288 212 588 282 492 249 632 72 237 376 425 477 555 180 536 498 264 315 465 552 333 220 575 360 426 231 571 230 505 365 439 239 524 449 563 317 594 567 246 401 474 548 663 626 440 474 168 547 326 294 231 128 296 532 432 355 632 233 471 392 523 668 586 289 544 448 660 519 322 56 565 235 274 459 573 364 318 307 87 705 569 230 435 364 252 186 553 198 552 341 526 259 276 247 570 406 558 461 134 405 259 644 477 560 531 454 650 290 576 375 493 424 398 497 584 508
618 590 213 897 467 819 119 725 474 889 909 863 910 796 371 541 853 747 805 399 273 325 466 605 433 562 1047 683 606 0 1145 927 389 1004 311 603 789 332 893 968 746 850 242 347 182 542 733 833 954 546 925 894 796 861 170 508 189 919 795 821 914 644 419 782 279 691 511 190 879 840 172 628 513 843 508 967 1094 409 899 795 906 212 770 554 492 646 777 745 824 391 930 673 159 381 847 598 890 1121 401 1229 931 819 963 1156 408 797 1197 420 884 1137 846 929 376 479 900 161 418 631 693 250 1040 864 862 448 1094 1081 1117 557 898 1224 839 890 867 1058 607 833 760 717 813 139 842 757 600 374 966 960 376 708 740 909 993 870 831 1008 1124 436 387 836 246 832 438 512 695 913 933 901 584 90 231 52 291 887 228 810 446 135 1153 817 1208 791 135 510 1057 918 312 767 571 899 739 1026 335 813 374 1017 669 977 867 837 895 76 831 894 1061 746 556 1026 775 726 934 1122 656 532 416 620 925 1120 826 1042 963 851 637 895 788 698 848 1132 800 845 648 767 440 81 492 708 1011 348 92 231 1164 846 838 774 881 387 361 755 1029 972 548 905 287
867 859 981 816 744 614 1026 785 673 505 694 457 248 385 828 688 822 573 396 894 1012 929 938 588 858 587 98 646 545 1145 0 325 910 322 846 681 840 816 757 179 840 310 940 861 963 874 459 832 464 836 822 645 762 857 1053 668 1070 851 582 577 375 848 750 451 917 787 634 954 588 347 980 538 745 545 885 297 94 772 692 598 750 936 622 597 653 866 382 446 907 851 260 488 1020 813 431 726 752 51 809 103 541 450 293 63 896 753 125 734 268 192 299 698 784 901 548 1046 814 591 771 940 161 280 863 719 257 70 237 740 870 134 681 694 492 122 760 465 487 828 369 1020 371 850 575 770 318 284 923 793 410 558 356 308 374 252 148 778 763 700 900 672 721 946 492 505 393 601 611 1059 957 1105 853 671 1061 347 905 1010 52 839 131 734 1010 689 325 331 835 499 627 303 739 124 893 801 770 241 650 434 800 714 289 1087 704 761 246 502 590 426 391 602 395 229 760 793 774 526 796 223 373 164 182 349 611 600 357 798 524 74 480 312 555 761 831 1088 848 437 149 797 1171 980 40 628 704 858 351 1013 905 677 125 370 848 635 987
549 819 735 893 627 290 815 798 465 185 788 132 289 370 571 408 882 587 123 779 744 660 853 323 572 381 272 331 335 927 325 0 628 84 666 380 875 599 440 251 859 305 696 715 753 815 194 509 164 777 908 329 437 535 876 420 899 932 625 634 52 828 508 461 666 464 453 743 268 366 755 432 657 614 581 435 234 522 376 643 837 715 297 383 459 846 182 182 949 579 348 390 783 669 108 419 833 340 546 428 655 132 38 375 611 428 441 567 272 462 210 800 617 600 232 864 692 529 448 693 357 208 922 479 489 303 487 675 942 456 358 377 572 202 722 141 182 836 366 823 86 872 327 569 41 414 803 800 318 661 515 102 398 422 419 655 543 763 684 349 562 877 433 612 81 286 518 851 784 880 647 758 902 307 610 800 298 884 449 409 800 424 526 9 617 187 360 61 759 278 629 848 564 420 630 580 867 776 89 859 381 843 458 499 392 599 348 283 515 482 441 492 634 369 886 477 105 162 223 85 317 695 253 800 199 268 162 298 488 792 724 886 767 305 186 588 974 813 317 698 382 886 45 903 631 704 213 85 791 732 842
231 717 181 977 490 449 326 807 308 538 938 530 720 651 123 222 941 717 521 545 129 66 645 322 56 362 823 323 388 389 910 628 0 691 348 252 891 240 504 753 853 672 168 447 296 679 452 444 608 659 1003 516 408 473 447 255 479 1010 775 801 599 762 203 684 135 302 370 288 511 691 252 513 556 808 121 828 837 174 516 784 958 244 403 345 341 773 530 465 951 70 761 537 233 437 528 229 945 902 121 1008 895 500 666 940 19 409 994 372 689 964 626 958 373 94 539 430 495 582 305 156 851 644 965 226 945 859 960 606 999 1018 457 506 808 801 676 505 445 820 667 365 552 867 338 291 660 813 544 795 568 881 881 604 698 854 937 482 243 873 253 452 393 692 587 862 609 530 527 356 406 336 272 908 508 634 60 317 902 916 1005 405 319 224 933 619 237 444 283 619 799 809 79 896 276 860 675 896 944 880 626 312 447 952 908 671 369 941 620 372 836 962 271 153 442 453 994 958 544 773 738 570 310 886 584 788 498 876 474 665 572 836 539 396 612 522 762 263 471 435 918 850 454 886 585 618 36 783 785 649 669 910 504
589 901 808 965 712 309 894 876 547 193 856 166 348 443 643 477 956 663 205 864 812 728 937 399 635 464 294 380 418 1004 322 84 691 0 749 439 952 678 438 296 937 373 771 799 833 899 274 518 142 860 979 326 453 540 958 496 982 1003 698 706 92 909 585 534 739 498 537 823 272 435 832 516 741 683 634 487 227 597 372 716 907 793 329 465 542 927 267 263 1025 647 403 473 857 753 163 473 904 349 617 420 718 191 65 380 673 444 445 651 335 484 283 867 700 655 231 946 777 611 483 766 390 277 996 556 523 319 516 758 1014 456 368 375 639 205 804 187 248 915 438 903 169 950 406 651 43 467 888 878 399 726 566 181 468 467 439 740 622 835 763 361 646 961 513 676 86 282 602 930 866 957 727 826 985 381 669 878 284 960 453 427 879 497 569 93 697 247 434 139 836 307 699 923 645 462 710 636 940 849 162 935 392 913 495 575 475 650 424 330 573 510 482 549 719 454 956 505 189 161 268 169 382 762 332 879 222 254 216 367 570 868 809 966 851 388 210 668 1054 896 304 768 391 964 128 987 697 780 233 52 874 799 926
547 372 237 652 171 637 193 477 203 674 636 632 605 486 239 352 612 447 543 197 330 297 297 370 353 284 747 505 331 311 846 666 348 749 0 429 556 116 759 667 516 544 212 99 137 332 476 731 730 315 680 723 669 765 211 279 233 681 499 527 665 420 214 472 226 578 217 133 690 530 182 318 231 544 451 656 803 227 743 503 645 145 589 283 207 429 497 486 610 295 621 364 240 95 606 449 630 818 262 925 634 579 698 852 356 667 890 111 580 827 550 656 65 432 699 201 151 323 573 222 732 568 632 226 783 780 806 282 667 917 681 735 563 769 347 602 523 483 503 176 579 530 350 103 707 649 200 463 436 614 683 592 520 697 816 149 152 565 111 672 128 344 384 611 690 716 274 220 117 282 76 610 237 504 402 179 859 582 901 654 178 306 746 657 113 537 347 626 478 724 270 568 115 707 378 670 619 569 617 272 682 636 750 437 274 719 466 533 625 811 530 416 116 321 674 809 561 758 664 583 430 606 490 455 638 840 569 540 337 512 193 244 265 409 720 104 325 147 868 561 689 548 620 287 313 477 735 726 324 621 190
208 734 393 933 494 217 509 782 260 289 865 277 525 496 233 77 905 632 285 609 377 296 706 132 196 245 602 80 239 603 681 380 252 439 429 0 870 321 330 542 838 491 360 516 457 709 226 317 358 678 956 298 246 352 605 162 635 970 688 710 348 767 215 557 325 175 305 446 276 527 437 411 553 707 204 656 601 210 314 702 897 407 167 229 284 782 318 238 939 217 576 410 446 484 277 49 887 680 203 783 783 250 419 718 234 242 778 381 494 764 422 882 413 221 297 590 532 510 164 353 648 437 937 203 759 638 769 595 967 799 252 306 690 566 664 252 198 807 507 533 312 853 167 329 410 638 621 776 406 776 722 373 544 671 730 504 277 811 390 243 392 746 470 744 356 299 463 545 532 552 374 832 652 460 230 496 667 889 788 227 497 124 763 372 333 194 115 380 760 593 273 861 315 674 621 756 901 821 392 528 252 896 722 562 260 794 463 123 689 769 125 112 467 326 941 764 308 533 522 333 71 792 397 771 248 639 223 483 483 799 577 585 644 359 531 326 670 564 683 769 259 871 341 715 262 726 557 396 691 823 618
1049 198 792 112 401 1017 704 87 618 991 188 927 627 509 770 803 67 289 790 392 887 849 327 749 881 627 761 919 645 789 840 875 891 952 556 870 0 651 1177 700 42 584 768 469 672 246 763 1185 1016 246 139 1100 1109 1220 620 713 608 130 261 263 907 144 706 418 781 1045 566 673 1047 525 727 476 335 294 974 544 860 732 1137 244 150 698 980 642 589 143 706 764 73 828 589 500 786 461 885 910 135 791 782 864 321 871 886 805 895 1103 802 520 628 702 668 200 518 962 1034 627 405 369 1034 778 679 675 75 697 627 774 656 285 110 827 1083 1131 347 841 214 903 840 73 516 661 814 32 714 601 911 555 412 96 559 297 499 772 491 591 723 411 652 145 668 1072 501 289 447 344 942 1074 407 711 568 787 630 193 572 571 937 695 882 27 810 1085 694 758 555 870 658 862 755 814 117 733 817 46 616 603 255 428 89 133 789 789 1094 133 616 376 611 461 527 920 448 666 994 911 450 563 146 668 792 860 720 800 829 255 622 102 970 882 882 588 404 83 367 708 300 584 797 627 743 560 879 215 1100 23 845 421 859 172 793 960 242 231 502
430 477 179 740 251 534 217 568 143 582 709 546 588 487 124 245 703 500 476 312 252 198 413 283 239 230 719 399 274 332 816 599 240 678 116 321 651 0 647 641 613 531 141 214 154 440 405 616 643 419 767 618 556 649 289 185 317 772 556 583 590 521 106 494 137 463 188 144 590 531 164 324 317 595 336 665 762 112 635 563 725 120 485 222 165 533 445 416 710 181 615 362 208 198 526 336 711 795 146 903 684 498 633 830 246 554 875 140 560 824 517 729 133 319 603 275 255 366 458 147 720 535 726 126 790 754 810 368 760 902 573 626 604 726 437 516 439 580 504 226 512 627 271 59 638 654 317 556 419 667 704 538 527 700 806 241 55 641 86 564 162 458 398 656 612 615 311 252 211 289 53 681 332 490 290 201 822 676 887 542 201 202 763 589 19 450 253 567 562 699 165 658 50 708 446 704 707 648 563 271 572 718 754 469 226 751 461 431 650 814 416 300 201 296 759 810 496 709 634 521 331 666 460 549 544 800 483 525 367 599 299 287 372 383 680 26 375 243 833 626 579 646 553 403 207 552 698 649 429 686 299
289 1057 681 1227 820 168 816 1090 588 255 1143 314 705 734 543 407 1204 915 435 940 630 568 1036 430 459 554 713 263 531 893 757 440 504 438 759 330 1177 647 0 685 1149 697 657 847 771 1035 429 98 295 1003 1247 112 96 106 924 491 955 1265 966 984 388 1086 544 814 620 202 624 761 171 750 741 702 876 973 391 853 663 534 66 982 1183 719 197 541 608 1102 514 434 1249 507 764 686 735 815 352 311 1175 779 514 858 1036 348 466 813 485 96 878 710 679 902 603 1158 744 421 209 908 862 808 200 647 794 611 1239 534 925 743 924 914 1266 891 95 63 945 637 980 320 353 1119 739 847 434 1164 465 660 439 832 952 1086 651 1035 930 506 776 850 859 832 607 1099 709 106 720 1076 745 994 364 156 770 850 857 840 699 1111 975 680 451 804 722 1194 886 105 805 455 953 437 658 331 432 483 1063 717 560 1162 646 849 922 983 1196 1111 509 816 82 1184 891 834 569 1011 702 256 915 921 238 363 796 614 1229 915 448 593 658 459 351 1060 611 1083 246 692 324 688 775 1100 906 890 971 612 627 655 970 890 742 1047 77 1181 431 1045 531 1021 653 387 1016 1094 947
