331
0 57 933 358 874 337 638 480 782 527 440 454 436 380 572 629 677 860 956 1029 697 854 797 831 1150 668 180 657 239 217 151 402 153 854 841 342 466 751 525 587 425 83 490 455 183 841 671 811 750 674 657 143 196 1120 791 436 670 645 467 206 752 669 540 587 570 699 199 477 744 648 609 718 159 659 529 625 590 133 806 1136 303 641 779 695 740 680 785 291 291 106 296 572 1093 295 616 781 174 497 588 692 616 802 629 1014 824 686 168 620 933 404 848 582 451 839 43 710 270 556 228 619 797 1066 802 837 172 487 789 507 860 728 393 472 399 859 592 925 865 338 123 693 73 423 1086 729 691 378 684 216 572 770 611 124 514 804 374 250 721 473 887 938 653 533 603 662 703 422 347 567 926 801 608 279 925 810 319 741 734 969 369 435 519 242 942 823 455 818 1006 723 640 618 803 494 1068 777 355 740 751 80 491 35 791 270 299 730 641 564 466 173 504 757 965 1066 771 593 553 530 495 806 190 828 57 712 305 883 698 301 910 996 861 221 74 158 792 431 231 256 791 169 157 596 594 82 618 568 421 755 182 99 641 831 216 600 745 744 409 812 241 129 619 834 276 698 828 682 1156 646 656 478 649 902 587 191 382 885 446 148 624 361 361 791 927 337 314 45 722 280 186 976 480 115 931 128 976 446 316 730 965 139 344 1085 852 379 348 489 596 394 475 790 305 107 615 358 905 638 895 419 936 713 393 339 434 711 317 118 280 403 504 956 505 95 784
57 0 989 388 930 374 686 522 820 584 497 489 469 437 626 672 726 910 1013 1085 750 906 847 877 1208 717 224 700 280 260 158 436 152 908 895 374 513 795 579 630 479 140 544 512 224 896 702 866 786 717 702 192 252 1177 840 494 721 694 522 262 808 712 594 642 625 756 244 534 775 704 643 774 214 716 585 675 621 154 863 1193 360 681 819 749 779 720 838 326 347 111 338 622 1150 349 660 839 122 530 644 749 671 839 681 1072 881 743 205 677 990 436 905 610 499 896 100 766 307 592 274 655 855 1123 854 871 152 528 846 549 895 764 439 514 454 913 634 981 920 395 133 724 31 468 1143 764 733 409 741 215 630 819 668 93 565 848 412 290 778 507 936 993 710 590 657 718 745 479 394 622 982 855 663 329 981 847 357 794 783 1026 426 474 559 298 996 861 490 859 1063 777 697 662 859 524 1125 830 411 796 806 61 546 56 823 319 339 774 686 619 515 225 561 814 1022 1124 816 650 610 577 546 860 219 865 71 764 361 934 745 359 967 1053 919 277 21 188 837 488 264 267 842 216 103 637 650 38 675 617 467 788 164 52 676 887 273 656 801 796 446 863 271 95 660 875 309 755 885 733 1213 685 695 525 704 953 644 216 417 941 503 205 666 388 417 848 984 372 371 82 767 338 202 1032 533 168 988 184 1033 495 349 787 1022 182 399 1142 903 436 406 541 651 451 509 832 361 124 672 390 962 684 950 476 993 769 430 385 490 748 370 147 335 458 560 1013 559 150 840
933 989 0 879 119 743 628 756 632 438 493 709 858 552 384 716 414 366 49 107 511 525 603 475 242 597 839 546 825 827 977 844 994 441 453 861 685 729 434 733 523 849 461 511 808 381 734 167 872 551 505 811 748 194 611 502 559 443 545 728 182 740 532 475 373 238 820 455 737 379 694 235 796 276 477 430 737 900 127 227 629 778 802 451 616 783 513 848 644 943 731 461 167 651 720 206 1087 725 345 318 439 873 394 213 183 279 834 314 21 753 87 769 672 231 890 365 768 678 803 663 141 137 303 715 1007 634 147 609 714 848 625 753 541 193 579 343 137 599 965 737 996 724 175 863 568 764 305 964 364 375 391 1035 484 736 810 830 236 848 394 163 280 444 362 275 755 510 735 398 388 220 433 739 279 881 740 485 409 326 577 672 633 694 227 644 831 573 240 254 293 698 159 746 141 473 581 350 217 994 514 949 732 753 811 715 706 380 555 772 481 296 138 232 705 339 379 670 497 461 851 874 939 535 629 321 464 638 25 139 196 713 1003 904 487 511 871 914 542 830 1089 760 404 1004 320 620 609 720 1008 1018 843 104 717 341 353 318 814 312 826 1019 774 583 868 237 253 386 237 610 606 569 443 330 345 865 842 296 518 787 578 898 572 271 266 749 619 927 684 656 899 52 590 844 213 805 218 671 775 203 179 863 639 243 566 567 585 488 354 560 845 769 632 947 345 763 29 504 182 523 169 220 819 668 499 847 690 885 657 589 494 141 459 840 165
358 388 879 0 866 593 364 170 976 446 480 697 82 417 623 318 787 951 918 986 468 605 521 965 1047 403 191 827 138 159 243 57 258 635 618 23 210 434 597 272 515 344 560 380 462 647 911 815 401 846 809 407 286 1036 512 421 423 767 334 375 724 348 357 417 602 648 183 490 977 511 841 728 261 619 402 737 839 470 771 1034 388 308 444 495 933 346 543 75 410 460 538 691 1012 443 304 683 503 747 577 570 456 455 720 883 720 600 466 586 888 668 811 842 214 707 339 551 534 784 166 838 738 992 870 1052 530 694 763 702 1072 381 578 166 481 882 776 741 864 364 260 932 418 162 992 379 870 646 577 568 538 867 490 341 629 486 69 123 642 121 986 946 619 436 656 661 377 458 148 633 726 831 456 185 765 462 571 516 846 792 352 658 727 391 973 1017 110 988 863 751 626 314 798 752 990 552 440 579 765 336 365 334 1017 176 94 417 333 599 621 400 400 619 858 936 461 583 549 258 613 583 501 481 413 469 407 955 833 331 863 892 741 372 409 200 933 407 127 592 537 210 422 270 476 426 573 314 602 982 540 440 292 795 336 622 581 815 82 884 539 481 288 1006 82 685 690 779 1061 843 850 645 470 976 566 510 44 720 376 311 808 18 413 654 772 596 382 313 419 334 520 930 292 267 796 348 839 214 589 693 842 225 267 954 588 358 387 594 632 352 124 463 425 264 534 626 858 790 914 399 817 683 68 542 464 364 217 448 412 299 385 847 590 357 774
874 930 119 866 0 653 660 762 512 420 435 608 856 500 305 746 301 249 103 167 554 597 663 356 352 635 800 431 795 793 935 838 951 517 526 846 687 776 355 755 451 790 387 487 734 455 617 64 913 434 390 744 699 296 670 462 597 332 534 667 143 775 539 489 304 221 784 403 618 397 581 155 750 246 473 324 624 827 104 337 573 808 850 491 497 818 573 826 582 873 647 361 271 582 747 248 1019 620 297 343 456 921 292 329 245 285 760 280 102 655 81 657 671 304 832 404 685 568 770 549 157 239 184 596 931 532 104 506 595 887 537 757 475 75 468 436 18 552 920 620 933 720 288 901 451 668 322 882 329 256 398 983 393 791 800 802 247 852 279 83 246 432 278 215 795 455 718 315 480 104 448 710 375 929 652 536 291 428 538 574 527 631 134 525 832 453 354 158 244 726 71 640 245 532 519 397 124 941 504 894 612 723 789 760 738 310 463 707 468 343 252 351 756 291 329 683 409 526 773 925 874 580 568 207 347 592 98 258 276 653 942 865 367 473 841 828 603 789 1031 784 406 940 293 638 518 601 932 953 870 87 662 273 402 203 808 192 743 949 800 464 844 183 323 275 341 495 490 473 471 219 303 787 833 383 492 734 464 885 517 328 364 659 564 874 729 607 820 127 589 795 314 746 328 669 686 175 290 820 610 363 636 529 535 404 279 526 849 821 568 901 337 669 96 391 74 483 274 183 812 584 444 884 662 814 594 568 485 253 378 779 93
337 374 743 593 653 0 716 636 446 464 306 116 648 296 360 748 389 567 751 820 717 865 847 515 982 729 411 333 456 436 474 613 482 832 825 571 583 858 311 719 245 282 292 425 155 796 335 589 913 348 343 205 307 937 845 361 713 353 481 218 567 794 563 581 378 546 413 348 407 592 271 507 335 507 508 345 256 224 618 967 250 786 910 685 405 820 799 518 216 274 55 297 910 180 739 656 414 161 431 609 591 955 366 885 696 570 169 474 736 74 656 253 559 733 314 658 67 218 427 281 633 880 530 499 305 159 597 182 522 885 117 626 248 614 265 858 639 306 447 357 360 564 915 892 362 53 590 239 444 480 552 461 259 905 570 471 590 675 587 697 498 481 380 474 829 305 496 344 876 559 578 423 833 964 21 746 438 889 349 103 187 210 683 486 652 487 888 494 470 730 589 162 884 775 241 683 530 418 486 371 453 427 502 835 755 371 189 197 474 675 818 930 865 434 404 636 245 797 157 976 302 742 231 600 391 308 717 843 742 223 374 441 474 368 481 177 817 391 469 740 537 363 484 645 134 418 301 369 812 639 261 408 690 477 603 536 109 345 766 503 518 512 732 404 979 312 322 183 632 616 441 164 595 804 417 285 296 605 278 700 831 6 266 368 815 290 192 773 535 346 815 256 855 553 33 558 832 393 402 947 879 354 293 255 390 376 676 906 210 427 516 35 713 327 650 360 804 538 592 88 314 872 421 226 205 433 487 812 286 265 577
638 686 628 364 660 716 0 194 959 306 451 781 300 428 538 88 715 829 675 732 124 241 161 884 739 40 462 808 410 429 578 308 596 280 262 360 173 146 542 114 516 583 520 303 648 306 954 629 256 825 775 608 468 744 154 376 73 710 237 530 526 115 163 184 505 448 442 427 1003 263 884 568 484 440 240 678 901 702 555 729 466 150 211 178 920 158 182 384 500 717 666 652 723 536 93 423 809 827 445 317 208 275 644 566 446 376 666 425 643 779 585 918 187 411 602 262 683 834 412 869 505 712 738 1048 795 742 558 736 1061 228 640 197 493 703 782 399 666 409 585 971 710 222 695 242 851 767 337 804 399 766 273 672 606 189 303 404 413 272 867 744 446 285 561 508 140 438 292 558 375 668 220 360 437 284 697 168 763 451 367 731 768 519 789 993 267 943 540 603 471 72 608 840 707 199 481 280 600 652 242 630 1030 367 357 123 78 507 639 579 269 332 563 616 149 449 437 110 598 229 701 287 681 114 485 814 776 412 620 595 449 517 708 512 866 363 441 798 173 470 751 138 271 720 405 73 652 1000 803 736 215 575 487 506 278 696 281 753 717 766 147 960 407 512 390 695 759 849 853 668 189 834 428 715 319 394 310 518 807 378 442 361 447 722 450 604 99 433 739 680 180 523 484 559 522 191 729 493 536 504 323 633 225 363 424 574 529 341 269 196 505 579 343 751 616 759 726 367 517 494 296 634 435 224 328 679 512 282 249 552 551 587 583
480 522 756 170 762 636 194 0 959 349 438 723 110 389 564 152 740 885 799 863 303 435 350 918 902 233 299 806 241 263 396 114 414 469 452 168 76 274 551 108 491 441 519 302 534 486 922 718 281 825 781 484 343 898 342 365 256 727 237 424 619 190 224 281 536 540 282 433 981 377 850 640 342 519 289 695 858 568 660 890 394 161 299 339 918 200 375 201 424 572 581 656 875 462 139 552 643 772 494 438 318 328 669 733 585 481 546 492 768 707 697 868 96 564 451 406 588 795 253 841 620 858 798 1042 648 702 657 703 1060 255 588 9 460 790 766 580 763 348 407 941 549 71 851 259 850 689 450 670 450 809 366 494 599 327 114 231 522 92 922 845 521 333 594 573 223 419 143 579 562 744 322 221 610 337 615 351 795 632 319 677 732 426 880 997 78 958 710 669 536 146 699 781 855 386 431 431 676 479 263 465 1015 223 182 254 167 535 611 465 300 476 717 786 297 500 474 94 587 417 582 352 530 302 414 881 795 332 743 750 599 415 543 337 892 350 262 679 367 312 574 115 356 558 474 151 607 982 657 574 176 683 379 549 432 747 88 813 609 609 140 976 222 590 544 726 919 835 840 639 323 902 480 594 126 565 303 386 796 184 394 510 618 640 381 440 252 346 612 809 173 370 647 429 689 101 641 586 697 341 241 803 418 320 370 564 565 304 89 310 435 405 424 671 738 762 818 347 674 581 103 566 421 240 214 544 433 236 281 706 551 449 674
782 820 632 976 512 446 959 959 0 652 522 332 1010 571 422 1022 256 282 609 653 902 1009 1036 169 855 953 820 153 851 837 910 979 920 944 946 953 888 1103 417 1009 469 718 443 667 599 888 161 474 1203 135 183 643 703 793 1039 597 923 251 737 621 534 1065 796 779 456 577 815 535 119 731 187 458 745 558 718 282 225 669 556 841 588 1076 1170 846 43 1102 959 908 568 719 485 307 771 538 1017 679 852 298 523 708 767 1231 320 838 702 643 615 554 615 389 570 253 865 761 755 778 512 230 820 167 604 740 328 91 737 296 535 281 102 1174 405 951 501 439 200 906 494 618 885 148 806 892 795 1185 109 416 682 662 566 257 703 906 360 1137 933 865 632 1026 271 498 549 673 404 487 1095 540 846 400 941 415 752 791 854 1241 463 909 231 913 641 347 263 595 448 41 1002 74 858 419 515 1002 490 310 748 923 537 789 448 862 722 815 100 800 882 1081 1023 454 355 624 691 752 760 863 1097 520 523 921 372 931 602 1245 748 931 569 332 191 646 610 769 747 618 820 865 146 612 887 593 986 802 915 1036 698 808 574 904 379 97 731 814 1122 561 651 461 796 324 959 320 552 786 1060 78 915 506 772 282 839 137 128 331 802 334 540 608 964 846 663 702 167 992 569 757 846 447 595 809 1054 641 631 632 806 770 805 684 829 860 472 552 793 814 725 876 1038 639 595 395 436 655 1025 1153 552 863 636 432 608 200 460 613 772 537 953 452 539 1165 766 672 567 723 711 759 411 701 499
527 584 438 446 420 464 306 349 652 0 163 503 436 174 232 374 410 539 473 543 263 403 399 583 631 302 406 502 387 391 546 417 564 368 360 427 273 451 237 368 230 448 219 75 453 336 655 372 555 519 469 434 332 609 399 106 274 404 114 344 278 415 146 129 199 203 387 128 700 130 587 290 376 174 67 372 609 533 325 618 246 432 518 222 614 454 339 410 275 566 425 345 583 301 371 258 696 544 146 165 129 580 339 487 300 164 477 143 445 514 365 630 254 311 484 197 453 540 367 569 296 560 450 741 641 452 317 442 755 526 366 343 217 442 480 408 420 195 537 671 598 300 570 538 545 509 157 621 101 468 89 614 303 487 379 392 204 436 577 501 174 21 256 224 444 159 299 252 419 395 115 302 399 589 450 285 460 448 158 453 474 316 533 686 415 637 478 319 186 353 354 560 559 312 227 224 327 577 85 536 725 315 373 429 373 201 346 396 48 231 442 540 446 151 132 284 298 332 505 593 548 291 257 532 470 226 420 475 334 327 602 472 562 103 434 592 359 400 677 396 73 606 127 255 370 696 645 622 485 350 316 205 231 402 388 465 502 635 418 654 429 242 301 391 640 545 548 374 170 553 132 521 412 362 83 380 503 465 195 264 401 471 230 512 401 249 551 488 175 424 403 408 448 251 487 246 438 435 203 558 420 148 193 274 225 133 433 501 271 522 93 497 414 452 472 115 410 237 391 376 152 518 252 513 290 151 68 433 248 443 330
440 497 493 480 435 306 451 438 522 163 0 340 498 68 146 505 307 472 515 588 425 566 560 486 718 454 373 368 379 372 502 470 518 527 521 457 366 598 116 489 67 357 81 148 322 490 503 373 684 387 342 319 265 683 559 76 431 290 218 235 311 549 287 288 133 264 359 43 554 286 433 280 316 223 217 259 451 411 365 703 137 556 660 385 481 584 502 423 151 452 272 217 656 162 499 362 594 382 149 303 292 717 239 597 405 271 348 185 493 352 408 470 343 435 398 352 304 383 350 418 361 628 394 607 520 292 349 285 623 656 202 430 58 428 334 553 427 123 486 520 503 373 652 666 412 348 286 487 145 387 246 548 161 638 426 389 297 510 506 504 216 182 180 221 582 22 337 153 570 372 278 300 532 726 293 449 366 587 127 290 317 200 516 559 486 520 596 290 200 485 363 397 630 475 88 377 315 506 209 459 584 312 390 575 507 129 188 280 185 370 538 646 597 153 115 400 150 494 370 733 446 452 135 480 358 163 470 568 448 220 510 435 457 90 423 449 522 359 598 515 233 510 189 389 207 552 523 525 600 390 227 162 384 338 447 408 357 527 539 538 436 257 431 298 721 402 407 217 333 501 151 386 459 501 143 298 361 498 82 397 532 313 129 439 550 174 418 535 285 360 521 313 564 338 331 291 546 388 213 665 583 123 102 127 163 134 509 647 140 467 211 337 465 323 464 91 517 273 444 217 17 645 262 395 165 201 202 531 113 347 344
454 489 709 697 608 116 781 723 332 503 340 0 746 352 345 823 319 484 710 775 765 905 899 417 952 788 520 234 562 543 590 712 598 862 857 674 663 926 302 798 273 398 298 479 271 819 220 546 994 247 254 321 410 901 898 408 768 284 543 322 545 868 621 628 371 541 520 376 291 621 155 476 444 505 556 285 142 337 592 937 328 866 983 725 293 898 842 623 298 386 164 248 875 261 814 655 520 49 435 627 632 1033 316 872 692 579 285 478 700 59 625 146 639 736 431 685 184 103 532 166 616 843 462 382 407 75 569 102 406 966 140 714 289 559 168 870 592 378 563 242 473 651 885 974 257 84 605 334 459 402 583 577 235 970 667 576 591 771 499 640 495 522 355 457 902 346 588 324 894 507 618 520 838 1042 135 788 359 896 416 50 88 306 617 372 747 379 881 455 463 804 551 59 849 814 300 707 492 534 541 488 337 525 604 903 828 364 167 309 522 690 801 914 929 436 414 712 228 832 270 1052 417 791 308 522 305 390 684 823 739 324 488 555 376 419 590 266 862 500 583 820 571 476 492 713 132 301 402 481 898 610 361 397 714 416 699 465 219 453 846 393 625 494 738 340 945 202 212 145 673 537 448 275 694 814 472 395 194 710 339 710 834 116 342 484 880 377 299 733 604 459 811 369 848 634 139 543 821 505 483 930 923 419 360 246 374 440 771 975 287 542 536 99 680 241 593 414 793 523 689 157 352 953 510 341 291 504 538 796 279 381 544
436 469 858 82 856 648 300 110 1010 436 498 746 0 441 635 243 806 962 899 965 413 541 451 985 1010 341 263 858 205 227 325 35 340 578 561 94 172 356 615 199 542 415 580 379 526 596 956 808 318 877 837 472 342 1004 442 432 365 789 322 430 713 270 326 385 610 635 251 501 1020 481 885 726 325 610 383 758 887 543 756 999 426 228 362 449 967 265 483 146 452 537 593 715 981 487 230 656 585 796 576 542 423 372 737 842 690 580 533 580 868 722 795 893 185 671 415 514 593 829 228 880 719 964 877 1089 608 737 751 742 1108 298 620 110 509 878 812 691 856 391 342 977 498 136 959 297 902 702 552 642 535 882 466 424 655 407 78 191 622 39 998 938 611 423 667 659 297 477 164 648 672 830 426 226 720 379 627 461 863 743 372 705 768 441 970 1049 33 1016 820 752 622 243 791 803 961 496 472 540 762 418 352 414 1057 221 148 339 259 608 655 461 388 584 824 895 384 582 552 204 640 527 569 399 491 411 445 961 856 365 843 858 706 425 490 280 956 417 205 662 473 280 504 192 454 507 564 261 642 1023 618 521 209 780 387 627 541 824 51 891 604 562 208 1034 159 679 652 795 1027 880 886 681 431 983 564 579 55 675 378 374 843 88 441 618 728 652 416 392 344 373 591 910 267 339 756 414 798 187 648 681 805 300 286 913 521 375 414 620 641 365 42 382 465 345 519 682 838 818 909 411 782 673 57 590 481 281 243 520 457 303 371 813 611 427 766
380 437 552 417 500 296 428 389 571 174 68 352 441 0 214 473 370 538 578 650 421 570 552 547 772 437 305 418 311 305 435 411 451 541 533 394 322 573 181 451 101 297 144 129 280 511 536 440 648 437 396 267 198 740 550 68 419 350 190 179 372 518 269 285 201 319 291 98 592 305 465 347 249 278 212 320 477 364 426 757 78 519 631 390 529 550 504 357 102 402 252 274 713 126 465 408 540 399 208 334 297 684 304 643 450 313 305 239 554 353 469 492 298 474 337 372 279 411 283 453 417 686 462 653 473 318 411 316 670 619 212 381 70 496 376 581 493 55 419 554 445 321 707 628 462 344 320 448 193 452 264 483 214 617 366 322 344 455 572 570 273 189 248 285 551 45 277 220 593 440 284 234 568 693 280 451 429 619 70 303 346 147 584 610 431 575 639 358 261 453 429 411 687 480 54 399 382 442 191 396 625 246 325 550 477 197 222 229 178 401 588 694 577 213 173 363 199 503 331 702 390 446 84 547 416 95 530 619 491 163 452 367 516 73 356 417 521 291 536 475 248 453 239 360 225 592 477 468 557 451 164 229 405 405 389 475 327 474 501 593 370 320 467 363 776 445 450 250 338 569 207 347 398 533 121 235 406 434 21 431 568 302 66 375 528 107 378 596 252 294 564 253 607 292 315 349 592 320 154 712 583 70 34 179 231 89 454 623 97 400 246 330 525 377 531 64 563 333 385 209 56 608 200 346 117 156 191 580 173 288 408
572 626 384 623 305 360 538 564 422 232 146 345 635 214 0 607 178 327 397 468 480 597 616 354 622 531 519 275 526 519 646 609 661 541 539 601 489 682 50 598 147 489 82 261 429 491 445 241 787 291 239 439 408 578 618 203 501 172 329 365 207 647 378 357 34 196 505 134 480 313 384 151 459 162 299 139 415 521 258 607 277 663 750 427 385 686 543 569 281 567 346 123 551 278 603 310 714 373 104 300 345 813 106 529 347 242 455 142 379 379 297 442 467 393 531 366 384 346 497 359 274 521 248 512 626 275 237 256 524 759 242 557 173 287 266 531 295 270 628 457 628 505 555 770 317 386 275 580 144 246 282 685 109 715 566 536 248 643 363 366 152 253 33 114 677 169 477 23 558 229 330 446 495 822 356 491 231 553 271 300 286 329 373 455 620 404 536 150 119 586 236 392 525 508 219 383 181 642 309 594 500 458 535 660 605 31 179 402 275 356 459 572 675 102 101 511 118 520 468 825 569 510 269 333 238 309 359 484 394 352 638 580 330 218 570 529 568 505 729 626 276 635 160 487 229 473 627 648 714 280 366 52 390 191 584 261 442 644 649 421 583 152 397 162 620 326 327 199 381 354 120 483 599 473 261 436 284 641 226 371 490 367 272 575 632 319 516 418 398 502 466 444 503 463 392 200 477 532 355 589 623 265 249 105 30 271 641 732 266 608 218 383 354 224 323 224 449 180 583 283 161 750 406 509 291 332 295 454 75 477 221
629 672 716 318 746 748 88 152 1022 374 505 823 243 473 607 0 784 907 763 820 211 306 210 957 825 124 448 870 392 412 549 260 566 358 340 319 170 122 605 45 567 583 580 357 664 389 1007 713 180 888 840 619 476 832 200 429 160 777 287 549 610 45 228 262 574 531 430 487 1060 348 936 648 484 520 307 745 950 708 641 816 499 62 161 267 983 79 257 354 532 716 696 715 811 569 13 511 795 870 518 403 290 211 713 652 535 461 679 503 731 815 672 964 191 499 597 351 709 884 400 923 592 800 816 1110 794 791 643 787 1125 152 683 159 541 787 840 481 751 445 560 1025 699 206 783 164 914 801 423 810 472 841 354 646 665 175 267 382 499 209 945 829 525 354 631 586 80 490 283 625 454 749 301 358 522 220 729 252 835 533 406 775 818 543 874 1058 210 1011 625 682 548 20 692 882 795 281 522 368 681 631 300 616 1089 363 334 101 16 575 691 594 332 421 651 702 144 523 507 112 656 309 715 229 676 197 518 894 845 440 708 683 537 537 694 490 936 415 414 812 241 459 727 56 350 708 483 119 698 1058 802 724 126 661 504 579 366 772 238 832 737 758 59 1028 375 593 478 766 846 908 912 720 275 914 502 728 275 480 362 524 867 329 483 450 533 754 483 590 101 459 749 769 221 516 571 566 608 197 758 577 624 490 347 718 281 404 462 632 600 384 206 163 539 558 423 784 703 822 810 417 605 576 254 671 489 144 338 684 542 318 311 640 612 590 667
677 726 414 787 301 389 715 740 256 410 307 319 806 370 178 784 0 183 405 464 649 752 783 178 653 706 661 134 678 668 776 778 789 688 689 764 666 857 191 776 276 599 226 438 507 632 323 246 965 142 92 534 544 597 786 375 674 35 507 481 285 825 556 532 210 321 651 307 337 477 280 207 593 302 477 52 323 596 315 638 413 841 926 592 226 864 704 727 405 646 401 105 572 388 781 426 793 323 271 452 516 990 71 604 452 387 531 299 401 373 338 356 643 509 640 522 438 267 648 249 358 540 143 347 690 244 293 217 356 937 290 733 310 243 167 654 284 424 755 329 721 678 588 948 164 391 426 628 317 93 451 798 166 888 734 689 376 816 211 322 293 430 153 231 854 329 645 161 688 197 502 604 606 999 395 654 59 665 435 294 233 447 298 284 793 228 621 172 259 764 257 343 547 667 355 533 205 754 487 704 345 615 695 836 783 209 212 503 453 496 527 637 848 268 278 690 185 675 533 1002 660 679 399 211 64 460 389 543 499 471 733 717 152 390 720 566 731 645 829 804 448 726 320 665 263 325 688 737 892 326 495 209 540 99 754 147 493 722 827 245 738 251 519 28 643 198 194 207 550 228 288 545 766 594 436 560 163 804 376 502 598 394 414 691 807 463 575 428 575 629 562 557 590 639 423 299 556 667 521 652 782 430 401 198 186 441 815 906 389 734 382 397 386 90 276 395 533 283 752 344 324 928 569 590 411 505 473 525 197 584 260
860 910 366 951 249 567 829 885 282 539 472 484 962 538 327 907 183 0 336 373 743 817 867 113 576 813 838 256 850 842 956 937 970 742 748 929 809 962 357 906 452 782 395 584 690 681 416 231 1085 250 230 718 722 513 872 530 777 216 647 662 322 944 682 645 351 389 826 461 398 571 401 263 772 389 604 234 448 778 321 563 590 967 1035 681 279 985 781 895 585 829 582 288 493 569 905 465 975 476 392 530 621 1102 236 578 476 463 714 404 346 542 321 482 789 537 823 600 619 410 821 369 377 462 91 356 871 414 305 387 352 1057 472 879 485 173 317 677 231 594 936 412 905 829 519 1070 255 562 504 806 438 90 556 982 348 986 893 860 437 968 38 218 383 557 295 321 969 495 805 319 718 174 609 773 619 1111 575 737 128 674 598 468 395 628 166 285 945 214 603 226 358 886 252 495 471 741 531 602 235 937 623 887 382 784 862 943 903 353 395 687 586 554 501 597 948 387 411 823 366 742 715 1111 843 772 578 50 179 632 346 505 514 652 917 896 138 545 893 742 810 822 1012 935 557 910 424 790 446 378 868 920 1023 318 675 336 608 138 911 76 673 904 955 221 908 319 553 179 558 312 303 389 648 56 407 726 927 620 584 741 297 969 547 549 608 571 589 873 912 638 756 357 714 810 561 739 577 785 600 349 539 846 683 607 852 592 571 376 321 599 966 1010 569 915 485 571 346 242 185 552 522 343 910 527 488 1051 734 773 591 658 607 503 369 767 270
956 1013 49 918 103 751 675 799 609 473 515 710 899 578 397 763 405 336 0 72 560 575 653 447 249 645 869 534 858 859 1007 884 1024 491 503 899 727 778 447 779 540 873 476 545 825 431 720 163 920 537 494 831 775 192 661 531 607 436 583 751 205 788 574 519 390 271 852 480 718 423 684 245 824 306 516 427 728 917 152 234 653 825 851 498 597 831 562 884 666 962 743 462 167 670 766 252 1107 723 370 363 483 922 394 251 231 319 851 344 32 757 109 761 713 281 914 412 781 672 835 652 179 135 282 690 1023 634 166 609 687 896 634 795 561 170 572 392 121 626 994 721 1018 764 186 911 552 769 348 977 393 356 432 1061 491 785 849 864 277 891 361 123 309 481 372 294 804 534 773 409 437 207 477 773 327 930 750 534 393 372 607 675 630 715 186 618 873 547 281 256 317 745 162 743 142 523 602 398 220 1020 552 974 710 786 847 764 754 397 562 793 518 344 180 263 754 364 404 714 506 511 866 923 960 583 651 288 450 666 55 175 246 736 1026 935 463 541 905 924 592 860 1113 806 444 1025 352 664 617 700 1024 1039 889 126 742 358 401 306 854 289 838 1038 820 556 903 257 302 378 237 598 593 573 489 296 372 880 881 345 551 813 568 936 596 319 314 757 643 953 733 683 913 23 631 871 260 828 261 712 784 231 222 892 673 272 616 597 611 499 368 592 888 818 653 976 383 769 60 495 150 552 215 246 859 679 523 895 724 904 678 625 532 185 471 862 175
1029 1085 107 986 167 820 732 863 653 543 588 775 965 650 468 820 464 373 72 0 613 613 698 486 204 700 941 590 929 931 1079 951 1096 529 543 968 792 827 519 838 612 945 548 616 897 471 772 231 972 591 551 903 847 140 706 603 662 497 652 823 278 843 639 582 462 342 923 552 765 485 741 316 897 377 584 490 785 989 224 191 726 882 900 553 644 885 608 954 738 1034 813 528 120 742 824 312 1179 786 442 425 545 971 459 255 285 386 923 416 98 823 181 819 779 327 986 469 851 732 907 708 247 91 333 730 1095 699 239 673 725 949 704 860 633 222 632 419 182 698 1066 772 1090 831 151 964 605 836 412 1047 465 406 498 1134 560 831 917 935 343 955 393 154 381 550 443 367 857 607 842 480 465 268 540 844 354 978 819 584 446 392 679 741 694 788 210 658 938 587 290 325 389 803 232 806 101 569 675 452 290 1093 620 1047 753 857 916 815 810 469 630 865 587 399 199 252 802 437 476 776 575 554 937 971 1032 635 724 323 505 739 123 182 290 808 1098 1007 506 613 976 994 637 932 1186 865 511 1098 423 726 685 746 1095 1112 947 199 814 430 454 365 921 338 909 1110 878 594 973 330 349 439 185 653 647 641 548 326 445 951 949 380 622 885 625 1005 669 371 341 826 716 1026 784 755 984 55 698 944 287 901 277 778 853 303 241 965 744 256 655 669 684 569 440 663 952 866 726 1048 452 837 128 553 194 624 242 318 926 750 595 949 795 976 751 695 601 207 542 935 247
697 750 511 468 554 717 124 303 902 263 425 765 413 421 480 211 649 743 560 613 0 157 136 810 614 88 533 756 488 503 660 416 679 167 151 459 260 222 495 238 492 632 481 291 676 183 917 530 360 772 720 643 511 620 137 357 51 651 244 557 428 229 161 136 446 354 511 392 959 173 850 480 538 355 209 619 873 742 450 604 477 271 296 63 866 272 88 474 510 764 672 601 600 542 218 310 872 807 378 215 136 366 581 442 328 280 696 350 528 773 476 894 264 289 658 150 695 804 483 830 397 589 652 992 842 716 456 706 1004 336 626 304 476 604 740 278 562 418 663 932 771 311 571 351 798 765 239 839 336 689 198 749 564 242 401 484 311 389 781 637 363 243 497 427 243 418 368 503 258 575 151 422 313 374 701 48 691 330 374 715 738 539 687 933 380 877 415 518 393 197 508 822 584 84 476 161 509 723 232 695 981 432 443 206 199 449 609 610 243 216 440 492 205 381 380 210 561 116 729 371 734 29 492 722 713 433 505 472 327 542 770 590 795 349 525 824 100 536 825 262 204 780 329 153 632 953 849 797 337 467 519 440 158 616 386 667 737 821 270 894 498 424 267 626 635 804 806 638 99 742 361 744 423 269 300 563 761 484 439 242 323 723 459 668 174 456 771 563 217 582 360 602 398 267 736 397 412 572 358 509 163 367 427 537 465 345 386 268 511 654 267 751 501 705 623 356 393 401 399 630 412 335 380 719 524 304 229 429 509 633 485
854 906 525 605 597 865 241 435 1009 403 566 905 541 570 597 306 752 817 575 613 157 0 104 898 562 202 687 870 640 656 811 550 830 84 71 600 406 246 621 346 632 790 612 442 832 144 1041 590 394 884 831 800 669 584 115 504 187 760 400 714 495 301 319 286 562 435 666 528 1077 286 978 562 696 450 358 730 1004 899 501 556 630 352 309 180 976 335 69 621 663 921 823 720 569 694 317 353 1028 945 492 300 274 376 690 392 353 365 853 456 545 917 516 1027 414 295 815 231 848 935 637 955 444 567 728 1100 1000 851 513 838 1109 378 769 438 620 660 862 206 609 572 815 1054 928 457 534 393 910 912 326 996 455 777 322 902 692 230 543 635 382 511 854 674 459 384 608 522 296 562 520 620 166 643 288 577 265 382 850 119 787 252 529 855 870 695 731 1037 507 975 359 601 493 300 568 961 560 91 625 219 584 878 386 851 1094 587 592 244 290 567 744 766 391 263 419 434 213 494 502 348 691 77 885 370 891 142 645 788 817 589 527 445 329 698 927 742 890 497 675 979 67 691 979 363 334 937 437 297 772 1069 1007 954 413 512 676 550 212 702 522 743 891 978 360 991 644 508 275 727 588 923 924 771 233 806 476 900 560 233 452 721 881 620 589 270 278 872 613 825 220 613 928 572 374 739 329 759 353 417 886 469 381 727 516 447 41 521 579 668 576 499 507 270 663 808 379 899 524 818 671 506 372 479 537 778 554 384 537 877 677 461 381 409 637 791 548
797 847 603 521 663 847 161 350 1036 399 560 899 451 552 616 210 783 867 653 698 136 104 0 939 661 129 623 892 572 590 740 464 758 177 160 518 335 142 632 253 627 739 617 422 795 228 1053 647 291 907 855 758 621 680 10 491 134 785 367 676 547 199 284 271 581 478 603 528 1095 305 987 606 641 485 343 754 1009 855 562 654 602 250 208 190 1001 232 90 546 636 872 801 737 663 670 222 415 969 942 513 337 273 277 716 490 423 405 814 483 622 905 582 1030 347 372 761 267 822 940 573 967 506 658 776 1127 951 852 571 842 1138 274 760 355 610 720 876 305 673 544 746 1068 870 383 629 289 933 896 363 955 471 818 334 834 701 133 463 565 430 419 905 743 493 379 632 557 192 552 453 638 268 696 287 518 359 284 830 130 823 353 500 849 874 662 797 1067 418 1010 457 645 524 208 625 957 652 131 606 267 632 813 361 790 1116 527 519 140 194 585 745 728 376 320 508 534 110 516 516 272 697 143 848 274 838 108 619 843 847 554 602 536 408 662 868 674 927 481 603 945 61 630 912 266 340 880 462 229 767 1089 959 896 310 576 635 574 262 744 439 792 860 924 260 1026 568 550 350 759 686 940 942 774 235 862 496 863 477 323 430 672 898 534 569 336 372 853 585 764 117 577 888 653 325 681 420 713 449 351 864 518 473 665 471 547 71 494 554 673 600 472 415 171 639 741 400 882 598 840 735 488 461 524 454 761 546 280 483 832 649 423 361 498 646 742 603
831 877 475 965 356 515 884 918 169 583 486 417 985 547 354 957 178 113 447 486 810 898 939 0 690 872 833 183 853 842 941 957 953 827 831 942 844 1023 370 951 451 757 405 616 653 768 313 327 1137 170 174 688 714 627 943 554 839 198 684 644 406 997 729 700 384 463 823 485 287 636 310 336 762 455 650 227 356 736 416 677 586 1015 1094 750 172 1037 856 903 574 786 540 275 606 553 954 553 929 400 440 602 681 1159 249 685 569 535 674 461 456 477 422 389 821 629 797 673 574 330 822 279 469 575 178 243 820 356 397 332 240 1109 438 911 485 281 250 772 338 601 918 307 868 857 632 1121 166 500 576 750 486 121 615 955 338 1051 912 864 515 995 102 332 446 603 326 382 1024 508 823 339 812 268 667 781 717 1168 526 809 123 774 614 412 331 613 279 171 971 100 709 296 417 936 347 417 584 817 529 679 316 910 663 861 268 792 872 1003 955 384 367 660 628 635 608 707 1012 435 451 865 355 821 669 1170 807 839 571 164 134 636 454 614 610 637 881 886 41 569 893 683 885 815 977 979 614 872 481 838 410 266 815 880 1067 416 664 378 686 195 933 165 624 859 1002 108 914 390 643 192 672 225 215 352 711 165 456 679 945 714 614 725 223 982 552 635 707 518 588 850 973 638 707 469 752 795 662 717 681 817 546 429 644 835 700 718 931 609 578 371 357 619 993 1072 558 897 544 512 453 192 297 573 625 419 930 491 503 1102 747 734 578 684 648 608 374 741 361
1150 1208 242 1047 352 982 739 902 855 631 718 952 1010 772 622 825 653 576 249 204 614 562 661 690 0 701 1038 783 1015 1021 1177 1004 1196 484 501 1032 840 802 672 853 755 1068 696 707 1039 439 969 408 951 786 743 1037 959 65 672 714 666 683 724 951 415 838 689 629 608 453 1018 677 966 537 933 477 1005 494 653 672 976 1129 364 15 850 883 870 565 845 878 580 1028 869 1171 968 704 83 879 832 373 1311 968 569 479 590 939 637 173 332 467 1065 532 253 995 327 1009 832 339 1107 496 1005 919 997 901 356 115 531 933 1237 876 385 852 929 932 864 900 770 418 820 356 370 812 1169 970 1217 885 67 948 802 1005 478 1198 578 605 563 1244 725 793 977 1018 430 993 597 358 501 632 603 510 843 733 913 638 396 456 591 931 304 944 979 574 642 310 784 914 875 917 414 862 980 790 204 496 521 811 401 988 107 548 806 470 459 1206 693 1163 956 944 991 795 812 615 796 998 666 427 189 128 772 564 602 809 738 524 1084 932 1162 629 852 527 699 850 267 156 306 935 1223 1103 709 720 1061 1151 605 1031 1304 877 579 1225 533 753 849 948 1240 1240 949 343 934 576 469 555 973 537 1062 1245 885 798 1049 471 357 626 30 848 842 811 579 530 566 1099 1005 346 715 1003 816 1065 792 393 293 989 837 1140 766 870 1132 226 755 1053 255 1025 216 832 1015 429 205 1067 834 116 603 774 802 727 592 763 990 832 858 1153 539 1003 272 743 395 732 229 448 981 905 721 936 881 1113 882 778 675 200 697 1060 407
668 717 597 403 635 729 40 233 953 302 454 788 341 437 531 124 706 813 645 700 88 202 129 872 701 0 494 804 444 461 613 348 631 240 222 398 207 151 539 154 520 609 519 309 669 266 955 607 278 820 770 630 492 708 123 380 38 703 247 550 504 142 167 174 497 427 473 427 1002 242 886 550 512 423 238 671 905 727 530 692 481 183 222 146 916 185 142 421 515 743 680 647 688 550 131 394 840 833 434 292 191 289 636 528 415 354 687 411 613 790 558 924 218 377 631 233 699 837 444 869 478 677 721 1043 822 746 534 739 1056 252 648 236 499 681 781 359 641 423 619 971 740 257 659 266 847 779 314 827 389 753 257 706 605 185 341 438 389 313 851 718 429 281 552 492 160 443 324 552 335 648 204 389 399 298 711 128 752 411 380 739 771 537 766 986 307 934 501 586 456 110 585 847 672 159 491 247 581 684 246 660 1027 397 392 130 111 499 642 601 269 301 528 578 144 438 429 146 598 189 722 298 709 74 498 795 768 429 590 560 414 536 738 546 855 369 476 819 134 500 784 176 258 750 391 100 658 998 830 766 249 549 508 496 245 681 320 736 736 795 183 951 444 494 355 685 722 847 850 671 166 815 417 736 358 356 316 543 805 418 452 329 409 735 464 634 101 452 761 650 198 552 447 584 484 222 744 471 500 535 344 594 188 375 435 574 520 353 309 200 519 612 328 764 586 754 702 374 481 473 334 645 439 250 354 703 527 298 251 517 550 613 561
180 224 839 191 800 411 462 299 820 406 373 520 263 305 519 448 661 838 869 941 533 687 623 833 1038 494 0 678 59 36 139 228 157 695 681 172 289 571 481 406 386 153 443 331 272 689 739 741 572 696 667 216 119 1015 616 339 501 635 320 200 665 489 383 436 506 600 21 398 808 511 670 649 76 563 390 609 663 279 717 1024 248 460 598 538 777 499 619 117 258 275 357 558 989 283 436 664 347 569 503 563 469 623 601 889 705 571 275 525 843 485 760 663 276 710 153 568 348 614 50 672 698 965 766 889 349 528 705 540 911 548 415 291 353 800 620 779 795 250 133 761 250 244 977 550 718 462 560 379 476 749 479 217 495 624 195 72 610 298 870 873 560 406 552 585 522 350 170 522 774 745 464 112 787 631 389 579 721 826 262 486 562 225 889 862 278 842 876 663 556 438 729 572 965 615 307 598 685 190 349 167 850 101 119 550 461 502 471 214 372 624 848 942 591 509 470 353 478 645 309 648 231 545 262 850 698 210 819 881 737 202 246 65 797 328 70 400 622 19 292 415 462 259 518 394 441 815 359 275 462 743 170 533 602 708 230 778 349 309 439 859 110 617 696 659 1047 684 692 492 498 871 498 318 207 744 323 125 653 199 292 658 791 413 249 142 543 200 329 886 318 76 802 158 847 272 403 638 842 41 204 960 681 272 270 463 536 278 299 609 274 122 499 442 813 647 835 317 814 624 215 372 360 532 160 257 255 261 366 838 468 165 707
657 700 546 827 431 333 808 806 153 502 368 234 858 418 275 870 134 256 534 590 756 870 892 183 783 804 678 0 705 691 776 827 786 810 810 804 735 953 265 857 316 587 290 514 476 756 189 379 1051 18 42 514 559 726 894 444 775 113 584 481 418 913 645 630 310 447 671 382 208 588 151 340 603 423 568 140 196 555 450 769 439 924 1020 703 112 950 818 760 421 606 362 156 701 394 865 556 747 221 379 571 620 1080 182 739 584 508 495 413 532 294 472 230 712 640 626 639 394 153 674 118 491 669 257 239 637 174 427 151 254 1022 267 798 349 367 67 784 413 466 751 195 689 739 719 1032 44 317 545 567 420 187 558 781 207 989 782 718 502 874 267 441 413 523 262 355 944 387 694 253 816 327 605 642 738 1089 345 766 144 797 489 229 147 453 406 191 850 164 755 306 379 850 391 239 676 782 387 653 339 737 570 688 224 651 733 931 871 307 207 490 539 620 662 771 948 377 376 768 219 793 489 1094 629 785 421 300 85 495 522 677 631 476 703 726 142 459 742 499 843 659 799 883 551 693 433 752 239 198 632 701 969 460 507 320 660 228 807 256 442 678 907 181 768 380 648 162 771 64 59 185 656 312 396 497 813 724 510 563 41 843 417 629 730 336 445 679 904 492 525 557 653 632 695 549 724 707 363 429 691 675 572 785 898 486 443 241 294 501 873 1003 405 730 493 329 519 51 397 459 667 412 802 318 386 1012 615 555 422 570 559 659 258 570 394
239 280 825 138 795 456 410 241 851 387 379 562 205 311 526 392 678 850 858 929 488 640 572 853 1015 444 59 705 0 22 172 169 191 653 638 116 237 514 492 349 402 210 455 313 324 651 778 738 512 724 691 269 151 996 565 334 453 654 291 239 656 431 344 401 509 587 46 398 846 482 708 647 123 553 362 626 704 338 707 1002 267 402 540 499 808 440 573 63 283 335 401 577 970 313 379 642 402 611 498 537 436 563 614 861 683 551 329 516 831 530 749 707 226 682 212 535 396 652 30 708 683 948 774 923 409 563 696 573 944 489 448 233 368 800 650 742 790 256 175 800 307 189 956 490 747 508 537 438 466 763 452 262 514 567 135 14 592 239 883 871 550 384 559 581 464 356 120 531 735 746 432 85 754 572 434 535 737 791 258 524 596 258 891 892 219 868 846 664 550 382 724 615 947 571 323 565 684 241 322 223 887 72 60 493 405 505 497 262 349 595 825 915 535 504 466 300 497 602 364 589 290 498 283 859 719 218 806 858 711 238 302 102 819 321 46 457 574 75 340 357 436 316 506 344 473 851 418 332 403 732 202 534 568 717 171 787 402 368 380 886 63 611 668 673 1026 716 724 520 461 880 491 374 149 711 307 173 683 149 302 630 760 459 264 198 487 214 386 874 278 134 774 211 819 222 451 628 816 99 185 933 632 266 278 481 540 268 241 551 299 168 481 488 801 671 834 311 789 615 156 409 364 473 135 315 284 237 340 815 482 222 701
217 260 827 159 793 436 429 263 837 391 372 543 227 305 519 412 668 842 859 931 503 656 590 842 1021 461 36 691 22 0 160 192 179 667 652 138 255 535 484 370 392 187 446 316 302 663 761 736 535 710 678 247 134 1000 583 331 469 644 299 221 656 452 356 411 504 588 24 394 829 490 691 644 102 553 369 616 686 315 708 1007 255 424 562 511 793 462 588 84 270 312 382 566 974 298 400 647 382 593 496 543 446 586 606 869 688 555 307 516 832 511 750 688 243 690 190 545 376 635 24 691 685 951 767 908 386 547 696 558 929 511 432 255 358 797 636 753 789 249 160 782 286 209 961 513 733 489 543 416 466 754 459 246 503 588 158 36 595 262 875 868 551 388 553 579 486 350 136 524 748 742 441 89 764 594 415 549 728 801 255 507 580 242 887 877 242 855 855 660 549 402 723 597 951 586 313 574 681 223 329 203 870 76 82 514 426 500 484 241 354 603 831 922 556 502 464 319 486 616 342 611 268 514 271 852 708 210 807 864 718 221 281 87 807 320 51 434 590 52 323 379 443 295 507 361 458 835 396 311 425 733 186 530 578 710 193 780 380 346 402 873 81 610 676 664 1031 701 709 506 472 873 490 352 172 721 309 152 669 169 294 638 769 439 254 177 507 204 363 875 290 112 782 189 827 239 431 628 823 78 187 941 649 264 270 470 535 267 263 573 286 151 484 468 802 659 831 309 796 615 179 392 359 495 140 292 269 242 346 821 473 199 700
