48
0 760 426 753 427 557 656 928 501 393 724 703 671 196 1079 242 941 664 726 840 813 355 809 646 1075 946 832 544 653 548 969 645 621 742 988 289 793 513 762 568 563 214 693 298 539 868 600 533
760 0 602 288 337 533 413 818 359 661 191 604 664 682 326 554 358 555 560 111 202 578 226 502 334 189 256 245 117 529 251 121 458 218 294 676 593 363 340 229 364 708 274 478 376 806 400 232
426 602 0 441 410 740 751 504 570 67 466 279 894 532 852 447 617 246 882 629 753 595 763 242 830 781 537 514 487 139 718 533 748 709 715 150 374 587 424 374 253 565 395 263 234 447 697 402
753 288 441 0 421 736 655 532 535 508 99 338 887 750 424 620 188 299 808 242 490 706 513 253 396 406 97 413 241 321 286 320 687 494 275 565 309 547 52 224 199 782 61 459 222 525 624 295
427 337 410 421 0 352 341 821 161 445 353 567 511 351 661 219 589 512 476 428 397 285 397 466 664 519 470 124 241 422 566 218 342 333 595 414 614 178 453 197 305 379 363 178 293 783 288 131
557 533 740 736 352 0 156 1173 203 759 648 920 158 371 828 334 873 865 168 644 434 203 413 818 851 648 756 323 504 772 782 433 99 360 828 698 964 190 778 523 655 370 687 477 644 1135 137 449
656 413 751 655 341 156 0 1135 183 783 559 887 253 488 685 415 768 832 152 523 284 322 261 781 712 504 657 259 414 755 654 335 58 215 703 740 916 166 702 464 614 495 614 504 610 1104 57 396
928 818 504 532 821 1173 1135 0 976 536 627 254 1332 1031 897 932 576 309 1284 770 1019 1069 1040 356 853 930 597 876 747 411 767 824 1152 1011 729 640 225 992 480 672 522 1065 546 736 529 67 1092 739
501 359 570 535 161 203 183 976 0 601 449 724 359 362 676 259 679 668 314 468 328 225 317 620 691 508 560 124 308 583 609 245 180 250 650 558 763 17 575 320 455 379 484 321 446 940 127 246
393 661 67 508 445 759 783 536 601 0 531 328 910 520 917 450 684 302 908 692 804 602 813 305 896 843 604 556 545 203 784 586 776 757 782 104 427 618 491 432 318 551 461 283 298 475 728 453
724 191 466 99 353 648 559 627 449 531 0 417 796 697 386 565 235 371 712 168 393 636 415 321 368 331 116 325 145 366 256 223 593 394 265 571 402 460 150 161 213 728 86 426 232 615 531 222
703 604 279 338 567 920 887 254 724 328 417 0 1078 787 753 682 454 55 1035 579 796 816 815 106 718 744 426 628 516 161 614 588 902 779 591 427 102 740 294 429 273 821 331 485 278 217 842 492
671 664 894 887 511 158 253 1332 359 910 796 1078 0 475 936 471 1014 1023 141 775 532 323 507 977 965 754 900 475 651 930 908 576 205 467 956 843 1122 344 930 678 813 464 840 631 803 1293 266 605
196 682 532 750 351 371 488 1031 362 520 697 787 475 0 1009 132 930 739 539 779 690 169 680 709 1014 855 813 442 593 625 917 561 445 613 946 427 864 369 772 536 585 34 689 309 565 977 437 480
1079 326 852 424 661 828 685 897 676 917 386 753 936 1009 0 880 320 720 811 239 404 900 431 677 50 182 329 570 425 743 139 447 740 470 167 956 699 678 461 518 599 1034 459 787 619 909 690 546
242 554 447 620 219 334 415 932 259 450 565 682 471 132 880 0 798 632 500 648 579 152 572 596 884 730 680 318 461 521 785 433 385 504 814 373 752 270 643 403 462 163 559 196 443 882 359 347
941 358 617 188 589 873 768 576 679 684 235 454 1014 930 320 798 0 431 917 259 546 871 573 399 277 386 120 554 370 486 197 439 809 575 153 748 386 688 192 394 386 961 248 646 409 590 748 458
664 555 246 299 512 865 832 309 668 302 371 55 1023 739 720 632 431 0 979 536 744 763 763 52 687 701 390 573 464 116 581 535 846 725 561 396 128 685 258 374 217 773 284 435 222 272 787 437
726 560 882 808 476 168 152 1284 314 908 712 1035 141 539 811 500 917 979 0 667 406 371 379 929 842 628 807 408 567 897 794 488 134 350 845 854 1066 297 854 615 762 536 766 625 756 1252 192 545
840 111 629 242 428 644 523 770 468 692 168 579 775 779 239 648 259 536 667 0 286 684 313 487 236 165 177 350 188 534 141 224 569 320 183 723 550 473 292 279 377 805 253 547 394 766 512 308
813 202 753 490 397 434 284 1019 328 804 393 796 532 690 404 579 546 744 406 286 0 548 27 692 436 222 455 273 281 704 395 220 340 78 449 797 793 322 542 385 539 707 472 570 546 1003 299 351
355 578 595 706 285 203 322 1069 225 602 636 816 323 169 900 152 871 763 371 684 548 0 534 724 913 734 751 333 509 658 825 459 277 469 862 526 878 227 738 482 575 173 649 336 559 1022 274 414
809 226 763 513 397 413 261 1040 317 813 415 815 507 680 431 572 573 763 379 313 27 534 0 710 463 249 480 273 299 718 423 233 318 67 477 803 814 310 565 399 555 696 493 573 561 1023 279 361
646 502 242 253 466 818 781 356 620 305 321 106 977 709 677 596 399 52 929 487 692 724 710 0 646 651 347 522 411 103 538 482 797 672 521 391 155 636 217 322 166 743 234 401 173 323 737 386
1075 334 830 396 664 851 712 853 691 896 368 718 965 1014 50 884 277 687 842 236 436 913 463 646 0 215 299 580 424 717 112 455 765 497 127 940 660 694 429 509 578 1041 435 781 599 867 714 544
946 189 781 406 519 648 504 930 508 843 331 744 754 855 182 730 386 701 628 165 222 734 249 651 215 0 333 413 306 695 200 300 558 289 255 863 713 508 455 415 535 878 417 666 550 929 511 421
832 256 537 97 470 756 657 597 560 604 116 426 900 813 329 680 120 390 807 177 455 751 480 347 299 333 0 436 252 419 190 324 695 473 178 658 382 570 132 276 291 843 146 535 314 598 634 338
544 245 514 413 124 323 259 876 124 556 325 628 475 442 570 318 554 573 408 350 273 333 273 522 580 413 436 0 184 500 492 126 279 209 530 535 658 134 455 206 355 465 364 301 351 845 217 136
653 117 487 241 241 504 414 747 308 545 145 516 651 593 425 461 370 464 567 188 281 509 299 411 424 306 252 184 0 424 324 79 447 264 355 558 522 318 288 112 259 620 204 364 267 727 385 120
548 529 139 321 422 772 755 411 583 203 366 161 930 625 743 521 486 116 897 534 704 658 718 103 717 695 419 500 424 0 606 485 763 673 596 288 244 599 296 319 165 659 285 324 157 365 706 369
969 251 718 286 566 782 654 767 609 784 256 614 908 917 139 785 197 581 794 141 395 825 423 538 112 200 190 492 324 606 0 366 703 443 55 828 563 614 322 401 466 945 323 673 486 775 648 441
645 121 533 320 218 433 335 824 245 586 223 588 576 561 447 433 439 535 488 224 220 459 233 482 455 300 324 126 79 485 366 0 371 190 404 586 599 252 368 165 323 587 283 372 328 801 310 134
621 458 748 687 342 99 58 1152 180 776 593 902 205 445 740 385 809 846 134 569 340 277 318 797 765 558 695 279 447 763 703 371 0 269 751 726 936 163 731 486 630 450 642 494 623 1118 62 414
742 218 709 494 333 360 215 1011 250 757 394 779 467 613 470 504 575 725 350 320 78 469 67 672 497 289 473 209 264 673 443 190 269 0 494 742 786 244 545 354 513 630 466 510 516 991 223 308
988 294 715 275 595 828 703 729 650 782 265 591 956 946 167 814 153 561 845 183 449 862 477 521 127 255 178 530 355 596 55 404 751 494 0 832 532 655 304 420 466 975 321 691 488 741 694 467
289 676 150 565 414 698 740 640 558 104 571 427 843 427 956 373 748 396 854 723 797 526 803 391 940 863 658 535 558 288 828 586 726 742 832 0 524 575 556 448 366 458 512 238 344 579 683 452
793 593 374 309 614 964 916 225 763 427 402 102 1122 864 699 752 386 128 1066 550 793 878 814 155 660 713 382 658 522 244 563 599 936 786 532 524 0 779 258 452 309 898 321 557 321 216 875 521
513 363 587 547 178 190 166 992 17 618 460 740 344 369 678 270 688 685 297 473 322 227 310 636 694 508 570 134 318 599 614 252 163 244 655 575 779 0 588 333 471 385 497 338 462 957 110 260
762 340 424 52 453 778 702 480 575 491 150 294 930 772 461 643 192 258 854 292 542 738 565 217 429 455 132 455 288 296 322 368 731 545 304 556 258 588 0 258 199 804 91 473 223 474 669 331
568 229 374 224 197 523 464 672 320 432 161 429 678 536 518 403 394 374 615 279 385 482 399 322 509 415 276 206 112 319 401 165 486 354 420 448 452 333 258 0 159 566 167 271 162 645 424 73
563 364 253 199 305 655 614 522 455 318 213 273 813 585 599 462 386 217 762 377 539 575 555 166 578 535 291 355 259 165 466 323 630 513 466 366 309 471 199 159 0 619 145 279 23 490 570 219
214 708 565 782 379 370 495 1065 379 551 728 821 464 34 1034 163 961 773 536 805 707 173 696 743 1041 878 843 465 620 659 945 587 450 630 975 458 898 385 804 566 619 0 721 343 598 1011 446 509
693 274 395 61 363 687 614 546 484 461 86 331 840 689 459 559 248 284 766 253 472 649 493 234 435 417 146 364 204 285 323 283 642 466 321 512 321 497 91 167 145 721 0 398 168 531 580 240
298 478 263 459 178 477 504 736 321 283 426 485 631 309 787 196 646 435 625 547 570 336 573 401 781 666 535 301 364 324 673 372 494 510 691 238 557 338 473 271 279 343 398 0 258 687 448 245
539 376 234 222 293 644 610 529 446 298 232 278 803 565 619 443 409 222 756 394 546 559 561 173 599 550 314 351 267 157 486 328 623 516 488 344 321 462 223 162 23 598 168 258 0 495 564 216
868 806 447 525 783 1135 1104 67 940 475 615 217 1293 977 909 882 590 272 1252 766 1003 1022 1023 323 867 929 598 845 727 365 775 801 1118 991 741 579 216 957 474 645 490 1011 531 687 495 0 1059 709
600 400 697 624 288 137 57 1092 127 728 531 842 266 437 690 359 748 787 192 512 299 274 279 737 714 511 634 217 385 706 648 310 62 223 694 683 875 110 669 424 570 446 580 448 564 1059 0 353
533 232 402 295 131 449 396 739 246 453 222 492 605 480 546 347 458 437 545 308 351 414 361 386 544 421 338 136 120 369 441 134 414 308 467 452 521 260 331 73 219 509 240 245 216 709 353 0
