123
0 758 801 904 679 827 976 445 497 850 504 810 899 891 656 495 580 138 464 909 376 584 774 490 333 1132 760 614 781 640 1113 935 344 772 485 744 1110 847 845 857 744 1022 771 735 868 751 956 537 1072 778 1032 796 219 440 738 857 231 783 714 317 337 1027 182 1053 259 478 700 760 293 780 14 1004 263 505 804 286 480 1027 863 196 518 33 1144 427 561 983 718 886 883 367 1169 803 761 471 780 727 503 907 603 839 511 505 960 39 216 1061 645 234 491 782 499 906 295 840 441 389 916 564 247 193 332 595 809
758 0 133 172 299 432 485 359 299 507 289 61 266 277 141 263 179 622 331 263 521 274 209 642 425 376 100 315 154 124 393 196 473 60 298 232 418 209 648 676 571 319 231 395 158 152 208 518 409 617 301 439 649 480 359 137 527 730 356 513 610 276 587 375 501 455 250 539 489 373 760 311 499 278 197 474 309 268 234 705 527 729 386 342 317 239 299 302 521 399 434 224 118 483 263 514 588 314 417 200 346 253 217 730 557 314 530 524 277 641 375 344 605 672 552 382 313 470 516 573 675 506 90
801 133 0 253 216 311 608 450 393 387 383 165 136 145 146 318 239 663 342 374 508 242 91 754 473 388 47 440 35 178 451 263 481 72 387 127 492 76 781 810 703 224 115 528 260 58 172 464 498 749 360 324 659 454 492 66 573 861 258 595 598 311 621 460 555 422 164 435 513 258 805 209 555 369 68 529 399 268 354 715 642 770 368 374 434 291 201 424 397 466 476 353 251 448 395 416 702 432 350 68 454 314 276 778 617 351 450 571 311 773 484 211 602 805 518 454 430 591 554 628 768 438 53
904 172 253 0 459 563 379 475 416 639 407 110 345 364 313 418 339 771 499 136 692 446 345 706 576 235 247 367 287 293 221 32 640 205 423 378 247 308 614 642 562 324 368 382 44 299 182 689 244 600 131 577 813 652 346 207 675 723 508 629 781 127 742 208 645 628 407 689 650 511 905 328 641 402 320 618 430 163 137 869 586 877 274 503 394 80 451 202 646 537 268 177 147 655 230 667 649 202 584 303 436 405 56 873 694 157 693 671 441 626 463 438 774 642 724 517 196 519 670 713 773 673 200
679 299 216 459 0 181 778 447 409 242 401 355 242 228 178 286 254 547 231 563 332 109 134 768 388 602 211 518 181 232 666 474 335 253 392 94 704 210 890 917 796 381 117 642 454 162 382 252 703 845 574 169 499 269 612 280 473 940 65 556 415 528 497 667 469 231 52 243 387 118 686 360 474 383 170 449 405 483 532 554 675 646 574 286 489 506 38 599 267 415 692 512 407 253 541 215 725 612 135 206 486 294 489 664 536 567 235 474 248 866 513 228 431 908 320 415 612 642 442 538 735 221 262
827 432 311 563 181 0 917 628 589 76 581 475 244 221 343 468 431 702 404 685 456 289 223 949 561 645 332 691 281 398 742 568 485 374 573 201 792 257 1058 1086 969 367 200 807 571 279 432 320 804 1017 656 36 627 390 774 357 638 1116 121 734 524 596 650 766 639 351 203 157 544 65 836 345 645 563 243 621 586 534 663 677 856 794 595 462 666 588 153 733 90 594 753 656 549 362 691 159 906 742 225 260 666 476 578 817 705 634 239 640 429 1039 693 165 552 1078 415 595 740 821 604 705 913 265 365
976 485 608 379 778 917 0 547 515 992 512 443 720 737 601 604 562 870 717 243 905 723 693 589 711 502 584 369 636 554 364 390 829 542 534 718 303 675 314 336 326 700 716 242 355 637 559 960 241 337 370 924 969 888 238 578 783 454 838 658 981 435 862 264 744 877 732 1020 808 858 970 706 736 522 677 723 532 508 255 1016 492 958 579 690 424 403 782 184 1005 644 428 265 371 904 244 993 540 178 878 669 472 587 397 937 764 428 996 778 648 359 478 810 958 344 962 620 182 428 798 790 723 963 555
445 359 450 475 447 628 547 0 60 686 70 397 579 581 317 160 215 326 251 464 391 341 468 321 170 709 403 178 445 272 673 507 306 394 62 458 666 518 509 532 404 669 478 318 435 421 567 501 626 450 596 614 424 399 310 486 236 520 510 155 453 602 315 608 198 406 433 653 270 564 443 657 190 81 484 176 50 616 418 469 232 423 735 197 122 555 477 441 713 98 732 357 327 426 335 618 278 462 470 509 77 153 531 410 229 632 578 231 202 466 86 626 423 519 465 75 470 216 251 252 318 530 434
497 299 393 416 409 589 515 60 0 650 10 336 525 528 265 128 164 372 235 412 400 308 417 367 196 650 346 152 391 218 618 448 318 336 21 411 613 463 512 537 409 611 429 298 377 368 507 492 576 458 539 577 454 397 284 427 278 539 473 215 470 543 354 557 242 398 390 626 293 524 495 599 236 26 431 217 17 556 366 503 266 472 675 190 101 496 436 395 676 133 676 307 269 421 291 591 319 415 447 454 79 116 472 463 281 573 560 273 176 476 104 576 444 525 468 110 423 236 286 303 377 514 376
850 507 387 639 242 76 992 686 650 0 643 551 315 292 413 526 497 731 452 761 474 344 299 1006 605 715 407 759 357 468 816 644 515 450 633 275 867 333 1129 1156 1037 431 276 878 647 355 505 323 880 1086 731 73 642 409 846 432 675 1183 177 783 533 670 678 841 680 372 272 117 577 135 860 409 686 625 319 664 647 606 739 688 916 817 662 511 731 663 221 809 33 645 825 731 624 378 765 135 965 818 249 336 729 535 653 844 745 707 225 677 484 1107 755 229 565 1148 421 648 816 885 638 742 960 264 441
504 289 383 407 401 581 512 70 10 643 0 327 515 518 256 122 155 378 232 405 399 301 408 376 200 641 336 153 381 208 610 439 319 326 22 402 606 453 516 540 414 601 420 298 368 358 497 488 570 462 530 570 458 395 283 417 284 545 465 225 471 534 359 550 248 395 381 620 296 516 503 589 242 17 421 223 23 546 360 507 274 479 666 188 103 487 428 389 668 139 667 301 260 418 286 585 328 410 442 444 85 109 463 470 289 564 555 279 170 480 112 567 446 529 466 116 417 242 291 310 387 510 366
810 61 165 110 355 475 443 397 336 551 327 0 284 299 203 318 235 675 391 211 583 336 252 662 479 321 146 326 194 184 331 134 533 102 339 281 356 234 632 660 563 309 275 383 99 199 180 579 349 606 239 485 708 541 346 142 579 724 408 552 672 218 642 315 551 517 304 590 547 419 812 305 549 318 233 525 349 220 188 764 544 782 339 399 338 178 351 259 562 447 374 192 101 545 239 567 606 267 476 227 373 306 156 781 605 255 587 576 335 631 402 370 666 657 613 428 265 482 571 622 708 565 112
899 266 136 345 242 244 720 579 525 315 515 284 0 22 264 437 364 762 435 478 572 317 125 888 581 401 181 577 134 307 503 343 564 207 516 157 557 61 913 941 837 139 130 661 364 159 191 489 575 883 420 270 735 510 624 142 678 996 250 719 657 357 716 537 664 473 204 395 606 215 905 117 667 500 98 641 530 291 466 791 778 867 354 478 570 355 209 537 314 585 510 476 379 495 522 386 837 542 371 70 589 436 348 880 729 393 444 677 420 907 618 93 670 937 563 576 537 728 654 738 895 448 176
891 277 145 364 228 221 737 581 528 292 518 299 22 0 264 435 366 755 428 496 559 308 119 893 577 423 188 585 138 310 525 363 554 217 519 147 578 69 925 954 848 157 120 673 382 160 213 472 596 894 442 248 724 497 637 159 672 1006 231 718 644 379 708 557 660 459 193 373 598 194 897 135 662 502 97 636 532 313 483 779 784 859 375 473 576 376 193 554 292 583 532 491 393 481 536 365 842 559 354 77 593 435 369 873 725 415 425 672 416 918 623 73 658 949 548 575 555 734 647 733 895 430 189
656 141 146 313 178 343 601 317 265 413 256 203 264 264 0 173 101 518 202 397 385 133 151 632 327 503 104 349 131 55 533 336 345 123 255 149 560 204 716 743 625 370 164 465 298 105 304 378 549 674 441 340 523 339 434 201 427 775 243 454 474 410 477 516 408 314 140 421 371 278 660 354 409 240 167 383 268 387 363 580 528 625 498 228 327 376 192 426 433 322 572 336 233 342 362 392 584 440 280 195 336 171 356 632 471 449 396 425 165 696 365 310 473 735 411 312 442 485 409 482 631 368 156
495 263 318 418 286 468 604 160 128 526 122 318 437 435 173 0 85 358 115 455 302 181 318 481 162 639 273 267 305 146 637 448 232 278 109 303 646 377 637 662 536 542 325 409 388 278 462 370 620 584 549 453 397 285 388 367 263 667 349 283 383 536 324 594 240 279 274 498 232 404 497 527 239 105 339 214 121 531 411 451 390 466 649 89 223 494 317 457 553 148 687 362 288 304 363 463 438 476 319 368 207 16 471 468 300 572 433 261 48 603 231 474 366 651 359 139 481 364 253 313 461 388 317
580 179 239 339 254 431 562 215 164 497 155 235 364 366 101 85 0 443 165 389 361 168 253 531 247 555 192 264 230 62 560 367 302 194 153 247 574 303 637 664 542 462 264 394 312 206 378 397 552 591 470 423 474 331 367 283 348 686 320 356 447 454 408 524 324 316 228 488 311 366 583 448 324 138 268 298 166 447 348 529 429 551 564 164 234 413 277 401 520 228 607 306 218 343 318 455 483 419 323 294 237 77 390 553 383 490 441 346 102 611 265 412 436 655 406 215 423 390 337 397 530 403 233
138 622 663 771 547 702 870 326 372 731 378 675 762 755 518 358 443 0 327 784 267 448 637 450 196 997 622 502 643 502 984 802 216 634 358 609 984 709 774 791 670 884 635 633 737 614 819 431 948 709 900 673 155 324 631 719 96 735 586 227 255 893 52 928 129 359 565 649 159 652 142 867 136 377 667 155 355 890 738 172 446 107 1007 289 447 849 585 766 764 239 1038 679 631 358 661 615 447 787 481 701 398 369 826 118 111 927 538 100 353 716 392 772 210 774 343 261 795 479 109 84 315 486 671
464 331 342 499 231 404 717 251 235 452 232 391 435 428 202 115 165 327 0 555 195 124 310 560 157 704 305 381 319 207 721 526 143 325 214 282 738 383 748 772 645 559 308 524 475 289 506 256 718 693 630 383 320 170 504 402 245 770 283 331 282 607 281 689 238 164 240 405 172 346 469 541 243 216 340 218 225 589 513 377 482 431 701 59 335 570 268 564 482 193 765 469 384 189 475 369 523 582 220 375 313 132 548 444 305 645 327 245 69 711 332 449 274 761 245 199 586 466 218 309 509 279 358
909 263 374 136 563 685 243 464 412 761 405 211 478 496 397 455 389 784 555 0 750 529 463 637 597 308 357 316 404 361 218 150 687 314 425 492 201 437 492 519 452 459 486 282 115 410 317 773 165 486 167 696 850 720 250 337 688 611 619 610 835 215 762 144 654 701 513 801 684 630 907 464 648 406 442 628 429 278 45 902 520 885 371 544 358 173 561 71 771 544 284 107 171 729 145 777 581 67 677 431 407 439 161 874 693 223 792 684 489 511 428 570 821 521 794 522 60 449 692 715 729 766 320
376 521 508 692 332 456 905 391 400 474 399 583 572 559 385 302 361 267 195 750 0 266 452 648 229 887 480 552 479 399 914 717 86 507 378 416 933 531 901 923 795 708 442 698 670 451 680 164 913 841 823 424 171 66 682 573 241 900 352 399 89 795 215 884 264 106 368 384 142 416 386 687 274 387 488 263 385 770 708 223 600 343 876 215 501 760 369 758 507 300 956 663 580 95 665 351 626 776 231 525 466 318 739 373 315 834 271 245 262 855 477 558 98 909 82 319 781 603 200 302 550 220 536
584 274 242 446 109 289 723 341 308 344 301 336 317 308 133 181 168 448 124 529 266 0 192 661 281 624 216 430 213 170 665 467 247 248 290 160 693 269 804 831 707 447 187 563 431 184 414 245 682 756 572 272 421 213 536 307 370 845 168 446 355 537 401 649 363 183 116 321 290 227 590 427 367 283 225 342 303 506 492 477 572 551 610 177 395 506 144 553 372 306 701 461 361 211 480 287 620 568 155 262 387 192 487 566 429 576 274 370 140 776 412 325 361 821 281 306 571 544 341 433 626 240 272
774 209 91 345 134 223 693 468 417 299 408 252 125 119 151 318 253 637 310 463 452 192 0 784 457 469 109 491 58 202 541 355 439 151 406 40 584 78 847 875 763 255 23 594 349 58 248 386 589 810 450 233 612 393 560 150 553 917 167 601 539 399 591 552 540 357 86 344 480 167 779 235 543 391 36 517 420 350 440 668 679 741 439 353 475 382 112 510 311 464 563 433 327 381 471 324 735 519 269 73 487 319 367 754 606 438 362 552 297 834 516 158 550 869 451 457 517 634 528 613 779 355 144
490 642 754 706 768 949 589 321 367 1006 376 662 888 893 632 481 531 450 560 637 648 661 784 0 427 934 707 339 755 583 854 737 564 690 379 778 823 827 371 378 286 962 796 368 662 733 842 789 767 307 800 934 601 677 393 779 415 293 830 249 679 830 477 765 385 695 754 965 505 886 479 953 374 393 796 385 366 866 599 622 119 488 980 501 325 781 798 583 1033 368 921 539 568 710 492 929 56 602 780 818 299 474 760 451 349 850 879 410 521 304 270 943 637 360 730 360 613 188 453 372 163 828 728
333 425 473 576 388 561 711 170 196 605 200 479 581 577 327 162 247 196 157 597 229 281 457 427 0 800 430 344 456 307 791 606 142 439 178 434 795 525 675 696 568 696 459 487 543 427 624 361 763 614 706 538 258 250 477 526 101 671 440 183 283 697 165 740 83 268 395 547 99 503 335 680 86 193 484 60 179 694 552 307 371 303 811 104 289 654 425 588 636 73 844 496 438 282 485 511 400 608 363 517 248 172 631 306 149 732 453 99 162 627 254 603 252 682 308 95 615 375 94 156 356 401 477
1132 376 388 235 602 645 502 709 650 715 641 321 401 423 503 639 555 997 704 308 887 624 469 934 800 0 408 599 422 500 150 203 847 379 655 509 220 400 792 819 760 295 489 590 277 446 220 852 272 792 141 671 1024 838 556 322 901 917 633 864 977 107 963 241 873 808 551 795 865 612 1133 314 870 635 433 846 664 119 338 1080 815 1104 83 718 628 156 581 376 711 767 120 396 383 834 445 783 878 364 737 401 672 627 178 1102 925 85 830 898 653 817 698 486 976 822 905 748 353 746 892 943 1008 823 352
760 100 47 247 211 332 584 403 346 407 336 146 181 188 104 273 192 622 305 357 480 216 109 707 430 408 0 396 55 131 457 262 447 43 340 134 492 120 743 772 663 269 131 490 245 53 201 449 492 709 364 340 625 429 455 97 531 819 262 548 569 323 581 456 511 399 159 444 475 274 764 255 512 322 100 486 352 290 332 681 596 729 397 333 388 296 205 401 420 420 488 324 218 426 362 421 656 411 339 111 407 268 279 736 573 363 446 529 269 733 437 250 571 766 496 408 410 546 513 585 721 428 56
614 315 440 367 518 691 369 178 152 759 153 326 577 585 349 267 264 502 381 316 552 430 491 339 344 599 396 0 449 293 534 399 471 370 174 496 515 516 374 400 278 632 508 145 323 434 506 637 468 326 470 686 601 547 132 453 414 426 584 301 622 493 493 456 375 545 488 751 443 626 610 625 367 166 494 354 168 527 273 647 219 594 642 340 55 444 538 278 781 275 598 210 229 569 173 718 282 299 580 508 103 251 422 576 399 515 697 408 315 348 115 645 595 390 619 251 308 156 429 424 413 654 405
781 154 35 287 181 281 636 445 391 357 381 194 134 138 131 305 230 643 319 404 479 213 58 755 456 422 55 449 0 172 486 297 456 94 382 92 527 73 798 827 717 241 82 545 290 29 204 430 531 764 395 292 632 423 510 99 555 873 223 586 568 346 599 494 538 390 129 401 491 226 785 224 540 365 45 513 395 302 382 689 646 749 400 354 439 326 166 452 368 454 511 377 273 416 417 381 704 461 315 63 455 303 311 759 602 386 415 553 293 787 485 195 574 821 486 444 459 597 533 612 761 403 86
640 124 178 293 232 398 554 272 218 468 208 184 307 310 55 146 62 502 207 361 399 170 202 583 307 500 131 293 172 0 515 319 349 132 209 203 534 245 660 687 570 400 217 410 271 150 316 413 518 618 423 395 524 361 380 221 409 719 297 417 488 401 466 487 386 341 196 473 365 334 643 387 385 192 213 360 222 389 323 580 476 610 505 218 273 363 247 383 489 290 558 291 191 368 312 443 533 398 324 236 284 139 341 614 445 438 442 406 153 640 314 361 481 680 435 277 401 432 395 459 590 410 171
1113 393 451 221 666 742 364 673 618 816 610 331 503 525 533 637 560 984 721 218 914 665 541 854 791 150 457 534 486 515 0 197 861 419 628 578 70 486 668 693 649 422 564 493 248 504 311 905 125 676 92 763 1033 873 463 391 887 800 709 823 1003 145 957 101 855 848 614 882 869 700 1113 437 850 608 510 829 633 216 261 1088 738 1088 233 723 574 160 652 272 817 746 67 324 353 875 364 865 798 255 796 484 622 623 178 1080 899 110 901 883 662 700 644 594 995 698 944 724 244 667 885 920 948 886 403
935 196 263 32 474 568 390 507 448 644 439 134 343 363 336 448 367 802 526 150 717 467 355 737 606 203 262 399 297 319 197 0 667 222 454 390 230 311 637 665 588 309 378 409 75 312 169 709 235 625 105 585 841 675 373 211 705 749 521 662 806 95 772 197 676 650 421 699 679 520 936 315 672 434 327 649 462 135 160 897 617 908 243 532 426 47 463 219 650 568 239 206 180 678 258 679 680 217 601 308 469 435 24 904 725 125 709 702 469 651 495 437 800 665 747 548 210 550 700 744 805 691 212
344 473 481 640 335 485 829 306 318 515 319 533 564 554 345 232 302 216 143 687 86 247 439 564 142 847 447 471 456 349 861 667 0 468 297 406 875 516 815 837 709 694 433 616 614 426 648 231 851 755 771 456 177 118 602 543 167 813 370 315 152 750 165 824 184 147 360 438 64 436 352 674 194 307 472 179 302 733 643 234 513 311 844 142 418 712 374 689 547 213 907 594 518 152 592 403 540 707 265 509 382 248 690 332 241 788 333 170 200 769 392 563 134 823 167 233 713 517 127 233 473 280 501
772 60 72 205 253 374 542 394 336 450 326 102 207 217 123 278 194 634 325 314 507 248 151 690 439 379 43 370 94 132 419 222 468 0 332 178 452 149 708 737 630 274 174 455 202 96 184 486 449 676 326 383 646 460 420 91 541 788 305 544 597 289 595 414 518 432 202 487 492 317 775 263 518 313 137 492 344 264 289 703 576 741 376 346 367 259 248 358 462 422 452 283 179 459 323 464 637 368 378 140 391 271 240 746 578 328 487 538 281 700 421 284 596 732 529 408 367 523 526 591 713 468 40
485 298 387 423 392 573 534 62 21 633 22 339 516 519 255 109 153 358 214 425 378 290 406 379 178 655 340 174 382 209 628 454 297 332 0 398 625 455 534 558 430 606 417 319 385 358 507 470 590 479 547 560 436 375 304 423 263 559 456 214 449 549 338 569 228 377 375 607 274 509 484 594 223 20 421 203 13 559 379 485 282 460 678 168 123 502 420 411 659 119 685 321 277 399 307 572 333 431 427 446 99 98 479 452 271 580 539 258 156 496 122 565 424 546 446 96 438 255 269 292 381 493 372
744 232 127 378 94 201 718 458 411 275 402 281 157 147 149 303 247 609 282 492 416 160 40 778 434 509 134 496 92 203 578 390 406 178 398 0 620 117 859 887 772 292 26 607 379 81 289 346 623 819 487 206 578 355 574 189 527 923 130 585 502 438 561 586 517 319 47 310 451 140 751 271 520 385 76 494 412 390 466 634 676 712 480 329 476 419 73 535 291 447 602 455 348 342 490 289 730 546 229 113 484 307 404 726 583 477 323 527 277 842 512 170 513 880 411 442 545 634 501 589 765 314 178
1110 418 492 247 704 792 303 666 613 867 606 356 557 578 560 646 574 984 738 201 933 693 584 823 795 220 492 515 527 534 70 230 875 452 625 620 0 534 612 637 602 486 607 456 263 542 367 936 62 625 136 811 1043 896 429 436 888 748 750 811 1021 202 961 58 854 873 652 927 878 747 1109 499 849 606 555 828 630 277 247 1097 708 1086 304 735 559 203 693 240 870 745 125 309 358 901 341 909 767 221 831 532 609 631 216 1076 894 172 939 884 675 649 628 650 1010 643 969 722 210 638 889 916 925 920 442
847 209 76 308 210 257 675 518 463 333 453 234 61 69 204 377 303 709 383 437 531 269 78 827 525 400 120 516 73 245 486 311 516 149 455 117 534 0 857 885 779 177 93 604 322 99 180 462 547 825 398 277 690 472 568 100 623 937 233 659 618 340 665 508 608 436 165 397 555 215 852 158 610 438 43 584 468 283 420 746 717 815 365 422 509 330 183 491 338 526 501 425 325 460 469 383 776 498 345 9 527 376 320 826 672 379 431 622 363 849 557 136 628 881 529 516 495 666 600 682 834 428 122
845 648 781 614 890 1058 314 509 512 1129 516 632 913 925 716 637 637 774 748 492 901 804 847 371 675 792 743 374 798 660 668 637 815 708 534 859 612 857 0 28 106 933 867 253 576 789 792 1004 550 66 652 1055 909 907 288 774 710 143 956 547 958 707 786 566 672 910 856 1125 773 994 835 933 662 532 843 660 524 770 477 942 329 837 862 701 413 665 907 421 1149 602 734 444 533 933 394 1092 344 429 954 849 437 622 652 805 664 710 1069 704 686 68 423 992 923 30 975 582 440 301 739 690 532 1025 736
857 676 810 642 917 1086 336 532 537 1156 540 660 941 954 743 662 664 791 772 519 923 831 875 378 696 819 772 400 827 687 693 665 837 737 558 887 637 885 28 0 128 961 895 281 605 817 820 1028 574 82 679 1083 927 930 317 803 729 129 983 564 978 735 804 591 691 934 883 1151 793 1022 847 961 680 557 872 679 548 798 505 959 344 850 889 724 438 693 935 448 1176 623 759 472 562 956 422 1119 354 457 979 877 461 647 680 817 680 737 1095 723 711 75 446 1021 943 17 998 604 466 321 758 706 540 1050 764
744 571 703 562 796 969 326 404 409 1037 414 563 837 848 625 536 542 670 645 452 795 707 763 286 568 760 663 278 717 570 649 588 709 630 430 772 602 779 106 128 0 870 782 181 521 705 732 901 541 48 619 964 802 802 218 703 604 161 862 442 851 667 680 550 566 807 765 1028 666 904 735 868 555 430 762 553 420 723 429 837 226 735 823 597 313 622 816 384 1059 495 717 385 462 828 332 995 250 397 854 771 333 521 605 704 559 676 969 598 584 70 318 913 816 115 869 476 408 194 632 585 441 924 661
1022 319 224 324 381 367 700 669 611 431 601 309 139 157 370 542 462 884 559 459 708 447 255 962 696 295 269 632 241 400 422 309 694 274 606 292 486 177 933 961 870 0 266 689 358 270 142 629 518 912 355 398 868 648 652 183 796 1032 389 817 794 285 841 479 779 611 340 524 731 350 1027 22 780 588 221 753 619 208 461 924 846 990 232 596 637 302 349 527 422 690 414 489 410 634 540 519 908 526 511 185 664 538 304 1000 841 313 582 795 534 937 694 202 806 960 702 678 519 788 775 852 988 588 235
771 231 115 368 117 200 716 478 429 276 420 275 130 120 164 325 264 635 308 486 442 187 23 796 459 489 131 508 82 217 564 378 433 174 417 26 607 93 867 895 782 266 0 614 373 79 268 369 613 829 473 210 605 381 580 172 553 934 145 608 528 421 588 576 542 345 74 320 477 143 777 245 545 403 55 519 430 370 463 660 692 738 457 354 490 405 91 533 289 470 584 455 349 368 492 301 748 542 252 89 500 327 391 753 608 460 341 553 301 852 529 148 540 888 437 464 541 649 527 615 786 335 168
735 395 528 382 642 807 242 318 298 878 298 383 661 673 465 409 394 633 524 282 698 563 594 368 487 590 490 145 545 410 493 409 616 455 319 607 456 604 253 281 181 689 614 0 341 535 551 779 399 223 450 805 742 692 37 524 550 342 707 417 767 493 629 399 511 689 606 881 587 743 729 687 502 311 590 491 313 545 253 785 259 718 649 486 198 446 657 220 897 416 560 205 282 713 152 849 314 237 716 596 240 393 428 696 525 505 834 544 457 248 241 739 739 276 764 393 248 190 569 551 487 794 484
868 158 260 44 454 571 355 435 377 647 368 99 364 382 298 388 312 737 475 115 670 431 349 662 543 277 245 323 290 271 248 75 614 202 385 379 263 322 576 605 521 358 373 341 0 298 216 676 251 560 163 583 784 632 304 223 640 682 508 589 757 170 709 217 609 610 404 690 620 516 868 359 605 364 328 583 392 206 104 839 542 842 318 475 351 121 450 173 656 501 301 136 107 638 188 667 605 177 575 316 394 374 99 837 656 197 687 636 414 585 420 455 748 604 705 480 173 475 637 676 730 664 206
751 152 58 299 162 279 637 421 368 355 358 199 159 160 105 278 206 614 289 410 451 184 58 733 427 446 53 434 29 150 504 312 426 96 358 81 542 99 789 817 705 270 79 535 298 0 230 406 543 752 412 287 603 396 501 124 526 859 210 560 540 367 570 507 510 364 109 391 461 220 756 253 511 342 63 485 372 327 385 660 626 720 426 325 420 344 152 454 369 426 532 376 269 390 412 369 683 465 293 90 435 277 327 730 574 406 397 524 264 775 464 211 545 811 460 417 463 579 504 583 736 382 100
956 208 172 182 382 432 559 567 507 505 497 180 191 213 304 462 378 819 506 317 680 414 248 842 624 220 201 506 204 316 311 169 648 184 507 289 367 180 792 820 732 142 268 551 216 230 0 633 389 773 231 455 826 627 514 106 725 894 413 721 769 165 780 351 702 594 332 577 676 394 959 146 702 487 213 676 518 103 319 883 724 926 196 531 518 168 360 384 505 604 321 349 278 620 400 564 787 384 517 181 551 454 166 930 761 202 610 723 466 799 580 283 773 819 691 589 378 663 710 776 883 603 148
537 518 464 689 252 320 960 501 492 323 488 579 489 472 378 370 397 431 256 773 164 245 386 789 361 852 449 637 430 413 905 709 231 486 470 346 936 462 1004 1028 901 629 369 779 676 406 633 0 927 949 812 285 322 113 757 529 398 1021 242 543 210 772 379 894 415 95 301 223 296 296 548 607 425 472 423 408 480 732 736 366 726 505 826 304 591 745 280 795 356 424 937 702 604 79 716 192 760 811 118 459 567 386 727 536 473 812 107 402 322 966 585 451 244 1016 98 437 814 718 358 462 705 59 504
1072 409 498 244 703 804 241 626 576 880 570 349 575 596 549 620 552 948 718 165 913 682 589 767 763 272 492 468 531 518 125 235 851 449 590 623 62 547 550 574 541 518 613 399 251 543 389 927 0 563 162 820 1015 880 374 447 853 686 753 768 999 233 928 38 818 859 651 933 849 755 1069 529 812 572 563 793 593 310 210 1068 655 1048 353 709 515 221 696 190 885 709 186 269 333 887 295 912 713 169 825 543 565 604 227 1036 855 211 937 849 653 587 583 669 986 581 954 686 159 584 857 878 875 915 445
778 617 749 600 845 1017 337 450 458 1086 462 606 883 894 674 584 591 709 693 486 841 756 810 307 614 792 709 326 764 618 676 625 755 676 479 819 625 825 66 82 48 912 829 223 560 752 773 949 563 0 651 1012 844 849 260 747 646 125 911 482 896 702 721 575 608 854 813 1077 711 952 769 910 598 479 809 596 468 760 465 877 263 770 857 644 361 657 864 416 1107 541 743 424 506 876 373 1044 278 428 903 817 381 570 642 738 598 708 1017 640 633 25 365 959 860 68 916 522 438 238 676 625 467 972 706
1032 301 360 131 574 656 370 596 539 731 530 239 420 442 441 549 470 900 630 167 823 572 450 800 706 141 364 470 395 423 92 105 771 326 547 487 136 398 652 679 619 355 473 450 163 412 231 812 162 651 0 676 944 781 417 302 804 776 618 749 911 71 872 124 772 755 522 793 781 612 1032 367 768 527 420 746 554 148 201 1000 682 1005 210 635 504 68 561 234 733 664 137 261 270 783 308 775 744 223 704 396 551 536 85 1000 819 58 809 800 572 676 574 513 905 682 852 643 213 612 800 839 883 793 311
796 439 324 577 169 36 924 614 577 73 570 485 270 248 340 453 423 673 383 696 424 272 233 934 538 671 340 686 292 395 763 585 456 383 560 206 811 277 1055 1083 964 398 210 805 583 287 455 285 820 1012 676 0 594 358 774 374 612 1109 104 714 490 618 621 783 615 319 199 125 516 66 806 376 621 552 257 598 574 558 672 643 843 763 623 442 658 607 148 741 99 575 776 661 555 329 695 123 892 752 193 279 655 462 595 788 681 656 202 614 413 1034 682 197 518 1075 380 577 750 811 577 679 892 229 377
219 649 659 813 499 627 969 424 454 642 458 708 735 724 523 397 474 155 320 850 171 421 612 601 258 1024 625 601 632 524 1033 841 177 646 436 578 1043 690 909 927 802 868 605 742 784 603 826 322 1015 844 944 594 0 237 734 721 198 880 523 365 117 926 124 990 236 277 530 546 165 587 232 848 247 451 646 252 437 910 805 56 585 190 1022 309 546 886 537 844 675 326 1081 751 685 265 743 514 593 864 402 683 501 411 864 227 252 963 429 204 372 854 502 727 77 911 225 349 871 608 173 229 470 381 679
440 480 454 652 269 390 888 399 397 409 395 541 510 497 339 285 331 324 170 720 66 213 393 677 250 838 429 547 423 361 873 675 118 460 375 355 896 472 907 930 802 648 381 692 632 396 627 113 880 849 781 358 237 0 673 520 285 916 286 431 146 749 272 849 302 39 307 324 183 350 450 627 311 381 429 295 384 720 679 289 619 407 823 207 498 716 305 733 443 316 912 637 548 34 645 290 650 750 165 466 469 302 696 435 360 788 215 289 240 865 484 492 164 918 74 331 754 615 245 350 592 162 485
738 359 492 346 612 774 238 310 284 846 283 346 624 637 434 388 367 631 504 250 682 536 560 393 477 556 455 132 510 380 463 373 602 420 304 574 429 568 288 317 218 652 580 37 304 501 514 757 374 260 417 774 734 673 0 487 545 380 677 421 754 457 624 372 506 668 574 852 576 711 733 650 498 295 555 485 300 508 218 779 280 720 613 468 187 410 626 190 865 408 530 168 246 693 115 821 338 208 690 560 234 372 392 700 525 471 808 539 436 285 239 704 727 312 746 384 219 210 562 551 504 769 448
857 137 66 207 280 357 578 486 427 432 417 142 142 159 201 367 283 719 402 337 573 307 150 779 526 322 97 453 99 221 391 211 543 91 423 189 436 100 774 803 703 183 172 524 223 124 106 529 447 747 302 374 721 520 487 0 627 863 318 636 663 248 678 409 606 488 229 491 572 310 860 174 606 405 118 580 436 203 324 778 664 826 303 430 454 233 262 394 438 512 412 335 241 514 382 474 725 400 415 96 481 361 221 832 667 288 513 625 365 772 510 232 666 799 584 499 396 608 610 680 805 502 51
231 527 573 675 473 638 783 236 278 675 284 579 678 672 427 263 348 96 245 688 241 370 553 415 101 901 531 414 555 409 887 705 167 541 263 527 888 623 710 729 604 796 553 550 640 526 725 398 853 646 804 612 198 285 545 627 0 686 519 170 263 797 79 832 39 314 486 604 102 584 234 779 49 281 581 60 261 795 643 236 388 202 912 200 359 753 511 673 707 144 941 585 534 320 568 568 401 693 426 615 311 273 730 205 74 831 500 6 262 656 309 695 222 713 324 167 701 410 40 66 308 447 578
783 730 861 723 940 1116 454 520 539 1183 545 724 996 1006 775 667 686 735 770 611 900 845 917 293 671 917 819 426 873 719 800 749 813 788 559 923 748 937 143 129 161 1032 934 342 682 859 894 1021 686 125 776 1109 880 916 380 863 686 0 1006 516 945 826 756 699 650 926 913 1165 763 1051 773 1029 640 563 918 643 547 884 589 907 300 781 982 717 451 782 963 541 1206 601 867 546 623 945 494 1131 287 553 986 929 460 655 766 744 628 833 1097 680 715 100 438 1069 907 115 979 585 563 304 720 653 455 1050 820
714 356 258 508 65 121 838 510 473 177 465 408 250 231 243 349 320 586 283 619 352 168 167 830 440 633 262 584 223 297 709 521 370 305 456 130 750 233 956 983 862 389 145 707 508 210 413 242 753 911 618 104 523 286 677 318 519 1006 0 612 429 567 535 717 518 246 106 182 427 65 723 367 524 448 200 500 469 516 590 575 739 681 597 341 555 549 57 658 203 473 730 573 467 263 604 159 788 670 127 232 551 358 534 703 585 606 197 520 309 932 577 210 450 974 325 474 670 707 485 585 791 198 308
317 513 595 629 556 734 658 155 215 783 225 552 719 718 454 283 356 227 331 610 399 446 601 249 183 864 548 301 586 417 823 662 315 544 214 585 811 659 547 564 442 817 608 417 589 560 721 543 768 482 749 714 365 431 421 636 170 516 612 0 432 757 240 753 137 451 553 730 256 673 312 804 126 234 622 136 203 772 565 395 220 301 891 272 252 709 590 579 813 140 884 502 482 463 473 694 231 600 545 650 202 283 686 278 116 786 637 164 309 490 185 756 392 548 481 143 609 252 206 142 179 585 584
337 610 598 781 415 524 981 453 470 533 471 672 657 644 474 383 447 255 282 835 89 355 539 679 283 977 569 622 568 488 1003 806 152 597 449 502 1021 618 958 978 851 794 528 767 757 540 769 210 999 896 911 490 117 146 754 663 263 945 429 432 0 884 211 971 295 184 454 432 185 491 349 773 306 460 575 302 454 860 793 156 645 307 966 293 569 849 451 840 566 357 1045 745 665 165 745 402 664 859 303 612 530 399 828 343 332 923 315 269 346 908 538 637 45 964 111 378 864 657 226 313 563 269 626
1027 276 311 127 528 596 435 602 543 670 534 218 357 379 410 536 454 893 607 215 795 537 399 830 697 107 323 493 346 401 145 95 750 289 549 438 202 340 707 735 667 285 421 493 170 367 165 772 233 702 71 618 926 749 457 248 797 826 567 757 884 0 861 195 768 721 475 738 765 555 1028 297 765 528 367 741 557 77 239 982 710 999 156 618 521 48 511 286 671 661 165 293 275 748 344 722 773 278 660 339 564 524 71 997 819 39 761 793 554 727 590 449 881 737 818 642 268 642 789 837 900 749 267
182 587 621 742 497 650 862 315 354 678 359 642 716 708 477 324 408 52 281 762 215 401 591 477 165 963 581 493 599 466 957 772 165 595 338 561 961 665 786 804 680 841 588 629 709 570 780 379 928 721 872 621 124 272 624 678 79 756 535 240 211 861 0 906 118 307 517 596 110 601 189 823 127 356 621 139 337 855 717 157 461 150 971 249 438 819 536 749 711 221 1009 659 604 306 645 562 469 770 429 657 390 336 796 168 128 896 486 85 314 730 388 724 166 788 293 244 777 487 71 105 353 434 632
1053 375 460 208 667 766 264 608 557 841 550 315 537 557 516 594 524 928 689 144 884 649 552 765 740 241 456 456 494 487 101 197 824 414 569 586 58 508 566 591 550 479 576 399 217 507 351 894 38 575 124 783 990 849 372 409 832 699 717 753 971 195 906 0 798 828 616 896 825 717 1052 490 793 551 525 773 573 272 190 1044 651 1029 321 683 501 182 659 182 846 689 168 251 306 856 283 876 710 163 791 505 550 579 189 1019 837 175 902 828 625 599 570 630 959 596 923 666 152 580 835 860 867 881 408
259 501 555 645 469 639 744 198 242 680 248 551 664 660 408 240 324 129 238 654 264 363 540 385 83 873 511 375 538 386 855 676 184 518 228 517 854 608 672 691 566 779 542 511 609 510 702 415 818 608 772 615 236 302 506 606 39 650 518 137 295 768 118 798 0 327 478 614 121 583 260 762 10 247 567 26 225 769 608 275 352 232 887 187 320 723 506 637 711 109 910 549 502 336 531 579 368 657 433 599 272 248 700 229 66 801 514 33 245 619 269 686 256 676 347 132 665 371 69 73 289 462 557
478 455 422 628 231 351 877 406 398 372 395 517 473 459 314 279 316 359 164 701 106 183 357 695 268 808 399 545 390 341 848 650 147 432 377 319 873 436 910 934 807 611 345 689 610 364 594 95 859 854 755 319 277 39 668 488 314 926 246 451 184 721 307 828 327 0 271 291 211 310 487 590 336 380 393 317 386 689 662 329 631 445 790 210 499 690 267 718 405 329 884 623 530 27 634 256 666 735 125 431 473 296 670 471 387 760 187 317 232 871 490 453 204 922 97 342 738 622 274 380 617 134 455
700 250 164 407 52 203 732 433 390 272 381 304 204 193 140 274 228 565 240 513 368 116 86 754 395 551 159 488 129 196 614 421 360 202 375 47 652 165 856 883 765 340 74 606 404 109 332 301 651 813 522 199 530 307 574 229 486 913 106 553 454 475 517 616 478 271 0 288 406 138 707 319 481 363 123 456 389 431 484 586 656 667 525 291 463 453 51 552 293 413 640 467 361 295 498 263 709 564 185 160 465 280 437 683 544 515 287 486 243 835 493 208 466 875 364 410 564 619 458 549 733 273 210
760 539 435 689 243 157 1020 653 626 117 620 590 395 373 421 498 488 649 405 801 384 321 344 965 547 795 444 751 401 473 882 699 438 487 607 310 927 397 1125 1151 1028 524 320 881 690 391 577 223 933 1077 793 125 546 324 852 491 604 1165 182 730 432 738 596 896 614 291 288 0 502 182 771 501 622 602 372 602 619 680 773 588 885 727 749 464 716 724 239 841 146 597 898 755 649 290 784 36 928 852 185 398 705 510 711 758 677 777 117 607 452 1097 729 322 468 1142 321 604 852 862 565 671 902 164 488
293 489 513 650 387 544 808 270 293 577 296 547 606 598 371 232 311 159 172 684 142 290 480 505 99 865 475 443 491 365 869 679 64 492 274 451 878 555 773 793 666 731 477 587 620 461 676 296 849 711 781 516 165 183 576 572 102 763 427 256 185 765 110 825 121 211 406 502 0 493 300 713 132 287 511 120 276 754 639 219 462 261 868 147 389 725 425 679 609 172 918 586 519 217 579 467 485 698 327 547 348 246 702 277 176 802 398 105 212 723 353 613 152 779 225 194 705 472 62 168 409 345 527
780 373 258 511 118 65 858 564 524 135 516 419 215 194 278 404 366 652 346 630 416 227 167 886 503 612 274 626 226 334 700 520 436 317 509 140 747 215 994 1022 904 350 143 743 516 220 394 296 755 952 612 66 587 350 711 310 584 1051 65 673 491 555 601 717 583 310 138 182 493 0 788 327 588 499 192 564 522 498 606 639 791 747 569 403 601 543 88 675 154 533 716 596 489 325 630 171 842 685 187 216 601 411 531 769 649 594 233 585 366 974 628 157 514 1014 384 533 684 756 551 650 853 246 311
14 760 805 905 686 836 970 443 495 860 503 812 905 897 660 497 583 142 469 907 386 590 779 479 335 1133 764 610 785 643 1113 936 352 775 484 751 1109 852 835 847 735 1027 777 729 868 756 959 548 1069 769 1032 806 232 450 733 860 234 773 723 312 349 1028 189 1052 260 487 707 771 300 788 0 1009 263 504 809 287 479 1029 861 210 509 43 1146 431 558 984 725 883 893 367 1169 800 761 482 777 738 493 904 612 844 507 507 960 33 214 1062 656 236 495 772 495 913 307 830 453 388 913 556 251 192 320 606 812
1004 311 209 328 360 345 706 657 599 409 589 305 117 135 354 527 448 867 541 464 687 427 235 953 680 314 255 625 224 387 437 315 674 263 594 271 499 158 933 961 868 22 245 687 359 253 146 607 529 910 367 376 848 627 650 174 779 1029 367 804 773 297 823 490 762 590 319 501 713 327 1009 0 764 576 202 738 606 221 463 904 838 973 253 579 628 311 327 530 401 675 431 489 406 613 539 496 899 531 489 166 654 524 312 983 826 327 559 778 517 935 684 180 785 959 680 664 524 781 757 836 976 565 224
263 499 555 641 474 645 736 190 236 686 242 549 667 662 409 239 324 136 243 648 274 367 543 374 86 870 512 367 540 385 850 672 194 518 223 520 849 610 662 680 555 780 545 502 605 511 702 425 812 598 768 621 247 311 498 606 49 640 524 126 306 765 127 793 10 336 481 622 132 588 263 764 0 242 569 26 219 767 602 285 341 237 885 190 312 720 511 630 718 104 906 543 498 345 525 587 357 651 441 601 264 247 697 232 62 798 523 43 246 608 260 690 267 665 357 126 659 361 80 73 280 470 556
505 278 369 402 383 563 522 81 26 625 17 318 500 502 240 105 138 377 216 406 387 283 391 393 193 635 322 166 365 192 608 434 307 313 20 385 606 438 532 557 430 588 403 311 364 342 487 472 572 479 527 552 451 381 295 405 281 563 448 234 460 528 356 551 247 380 363 602 287 499 504 576 242 0 405 222 31 539 361 501 292 480 658 174 119 482 410 394 650 138 665 303 257 403 291 568 345 414 424 429 103 92 458 472 292 560 538 277 153 497 129 550 436 546 452 116 421 260 286 312 400 493 353
804 197 68 320 170 243 677 484 431 319 421 233 98 97 167 339 268 667 340 442 488 225 36 796 484 433 100 494 45 213 510 327 472 137 421 76 555 43 843 872 762 221 55 590 328 63 213 423 563 809 420 257 646 429 555 118 581 918 200 622 575 367 621 525 567 393 123 372 511 192 809 202 569 405 0 543 435 315 422 703 688 772 403 381 482 352 147 492 328 487 529 420 316 418 461 355 746 501 305 37 497 338 339 784 632 406 397 580 322 832 527 151 584 866 487 478 498 641 558 640 798 390 122
286 474 529 618 449 621 723 176 217 664 223 525 641 636 383 214 298 155 218 628 263 342 517 385 60 846 486 354 513 360 829 649 179 492 203 494 828 584 660 679 553 753 519 491 583 485 676 408 793 596 746 598 252 295 485 580 60 643 500 136 302 741 139 773 26 317 456 602 120 564 287 738 26 222 543 0 200 742 583 294 343 259 861 165 298 697 486 612 695 84 884 524 476 328 507 566 364 633 419 575 251 222 673 256 88 775 505 55 220 608 250 664 264 664 345 107 640 358 79 99 300 452 531
480 309 399 430 405 586 532 50 17 647 23 349 530 532 268 121 166 355 225 429 385 303 420 366 179 664 352 168 395 222 633 462 302 344 13 412 630 468 524 548 420 619 430 313 392 372 518 480 593 468 554 574 437 384 300 436 261 547 469 203 454 557 337 573 225 386 389 619 276 522 479 606 219 31 435 200 0 569 383 486 269 456 688 177 115 510 434 412 673 116 691 324 284 408 308 584 320 432 439 459 87 111 487 447 265 588 550 256 168 486 109 578 427 536 454 93 440 243 269 287 369 504 384
1027 268 268 163 483 534 508 616 556 606 546 220 291 313 387 531 447 890 589 278 770 506 350 866 694 119 290 527 302 389 216 135 733 264 559 390 277 283 770 798 723 208 370 545 206 327 103 732 310 760 148 558 910 720 508 203 795 884 516 772 860 77 855 272 769 689 431 680 754 498 1029 221 767 539 315 742 569 0 294 967 746 998 119 607 548 106 462 350 605 666 219 340 299 716 393 667 809 344 617 284 588 521 118 999 824 105 712 792 542 785 615 380 860 799 786 648 335 680 784 841 925 704 234
863 234 354 137 532 663 255 418 366 739 360 188 466 483 363 411 348 738 513 45 708 492 440 599 552 338 332 273 382 323 261 160 643 289 379 466 247 420 477 505 429 461 463 253 104 385 319 736 210 465 201 672 805 679 218 324 643 589 590 565 793 239 717 190 608 662 484 773 639 606 861 463 602 361 422 583 383 294 0 858 481 839 395 501 313 193 533 70 750 499 325 63 131 689 107 748 543 79 643 414 362 395 176 828 647 253 759 638 446 490 383 556 778 505 754 476 79 411 646 669 687 731 300
196 705 715 869 554 677 1016 469 503 688 507 764 791 779 580 451 529 172 377 902 223 477 668 622 307 1080 681 647 689 580 1088 897 234 703 485 634 1097 746 942 959 837 924 660 785 839 660 883 366 1068 877 1000 643 56 289 779 778 236 907 575 395 156 982 157 1044 275 329 586 588 219 639 210 904 285 501 703 294 486 967 858 0 615 171 1078 365 591 942 591 895 722 372 1137 803 739 314 793 558 619 915 453 740 545 466 920 214 279 1019 471 242 428 886 544 780 125 944 268 395 922 644 217 254 482 425 736
518 527 642 586 675 856 492 232 266 916 274 544 778 784 528 390 429 446 482 520 600 572 679 119 371 815 596 219 646 476 738 617 513 576 282 676 708 717 329 344 226 846 692 259 542 626 724 726 655 263 682 843 585 619 280 664 388 300 739 220 645 710 461 651 352 631 656 885 462 791 509 838 341 292 688 343 269 746 481 615 0 508 861 426 209 661 702 468 942 302 804 420 449 649 374 850 63 487 702 707 192 380 640 478 336 730 808 382 434 270 163 837 607 328 680 288 498 70 420 362 230 759 614
