338
0 432 395 490 375 718 493 368 500 169 547 228 476 173 750 461 757 576 75 98 333 483 118 292 518 635 690 381 118 202 278 149 277 458 434 249 526 512 205 303 582 450 111 735 587 663 607 277 401 639 337 341 288 461 648 145 185 483 342 115 660 578 454 447 503 280 512 234 316 918 408 645 306 373 658 209 412 642 558 693 393 208 411 648 454 302 753 549 671 222 138 285 170 223 284 431 289 629 535 34 263 575 606 257 338 227 532 619 702 442 770 262 764 465 269 435 173 481 354 282 426 272 403 747 189 826 692 341 232 847 312 296 830 276 298 338 559 795 311 652 278 36 449 287 527 73 111 23 482 58 275 400 613 176 181 640 268 630 99 203 509 292 269 661 165 372 755 660 258 609 663 631 598 223 245 627 434 184 791 456 371 544 492 154 345 383 325 751 663 346 623 388 127 360 691 678 500 423 201 680 851 551 118 655 151 198 727 311 795 183 479 619 629 411 96 741 480 610 315 519 599 631 294 687 628 470 315 431 78 579 287 644 832 528 301 190 583 589 425 473 588 312 835 491 479 419 547 383 415 646 356 451 661 381 308 344 554 155 649 224 291 424 705 499 230 302 457 491 625 718 514 524 371 278 400 303 293 395 701 444 544 778 320 291 304 115 45 652 293 248 633 219 428 460 827 539 46 329 633 547 296 678 455 777 655 800 651 351 497 554 228 373 255 680 243 545 492 621 489 600 503 550 177 450 309 517 274 324 379 113 495 428 437 448 718 343 511 143
432 0 817 456 749 313 509 295 424 373 293 602 203 451 343 314 850 450 414 530 570 401 365 216 382 357 673 467 461 305 271 581 200 52 214 572 217 729 544 683 421 38 458 378 630 677 229 369 626 288 403 764 425 529 714 435 247 186 207 322 736 777 403 640 465 217 581 197 218 525 248 688 434 318 233 616 842 236 439 262 372 611 498 234 882 150 328 182 487 530 453 447 567 377 590 457 144 569 172 406 673 586 187 336 759 365 446 215 331 648 389 670 381 242 618 183 464 68 299 714 467 675 64 860 437 490 310 769 266 465 744 727 429 535 181 93 127 408 669 521 687 401 605 145 119 475 320 412 357 483 302 832 257 600 572 426 546 396 529 398 207 444 471 668 573 436 349 556 288 182 531 516 315 599 611 215 318 564 422 349 529 652 424 302 764 303 147 341 238 489 556 681 528 139 334 802 292 192 585 361 457 226 550 463 446 529 346 427 439 257 450 404 207 538 405 361 562 571 170 651 219 325 721 255 335 126 584 856 363 191 272 232 479 135 442 620 187 305 164 329 676 244 481 233 277 352 463 621 476 473 110 567 748 421 714 772 122 423 282 574 408 321 392 272 237 729 324 362 293 298 708 330 695 504 176 347 697 653 719 316 133 361 218 176 583 406 402 245 725 633 723 533 534 552 464 340 410 494 387 464 238 397 162 453 401 481 222 150 296 212 245 210 666 829 495 274 629 218 125 478 83 229 563 262 577 199 352 466 87 448 136 247 495 134 486 89 315 367
395 817 0 833 400 1113 814 659 856 536 854 237 810 392 1145 745 975 807 445 309 572 842 501 636 774 1023 989 557 435 589 665 260 634 849 761 303 921 688 434 180 950 839 363 1130 872 949 1003 533 615 1034 682 234 620 764 907 479 571 823 678 495 910 750 685 670 704 628 800 623 709 1313 796 918 508 747 1048 202 71 1036 917 1079 753 327 567 1014 82 696 1144 902 912 470 459 605 252 489 484 762 673 957 931 414 147 880 976 627 58 589 885 980 1098 656 1166 303 1160 856 423 830 379 858 643 146 753 315 778 954 516 1218 1088 67 572 1243 118 122 1225 378 656 725 944 1191 417 1004 297 431 700 671 897 385 503 418 854 338 655 133 1009 283 358 1017 357 909 314 460 846 614 441 952 244 572 1150 1001 643 998 1014 838 989 237 239 1020 713 263 1187 827 653 799 845 516 53 668 689 1145 1035 648 955 537 289 756 1087 889 886 817 366 1072 1247 946 284 904 475 318 1123 519 1189 579 821 890 1020 697 413 1137 769 932 711 765 952 946 106 1067 937 865 535 46 473 974 673 1009 1225 894 624 209 978 901 770 750 846 702 1229 815 866 679 761 595 735 1012 751 729 903 722 304 208 937 496 1045 277 516 800 1096 807 626 96 735 753 1019 1110 710 906 488 558 795 668 313 581 978 725 936 1172 655 687 520 416 436 1013 144 204 879 463 720 750 1222 920 432 477 1016 760 687 1065 801 1168 1039 1190 1027 708 794 950 623 766 294 870 394 936 743 983 884 821 893 946 261 757 362 857 638 636 752 443 890 817 600 803 1094 729 895 518
490 456 833 0 548 512 64 668 47 321 742 717 648 639 539 729 397 873 417 539 298 61 374 553 801 291 226 787 404 306 252 579 519 425 641 738 309 360 403 788 148 432 593 442 176 222 411 664 306 383 154 660 213 116 260 361 440 636 583 472 283 381 788 281 851 543 146 416 267 631 207 232 722 152 532 686 818 472 99 587 106 512 822 656 863 359 595 637 930 367 379 227 657 632 378 72 437 140 373 497 732 129 610 238 782 263 60 652 444 298 500 555 501 231 440 279 644 520 663 688 85 549 497 409 319 473 454 766 547 557 720 711 582 749 521 426 510 527 475 172 569 459 229 437 566 462 441 470 112 543 235 774 381 549 477 227 747 846 531 631 659 219 718 214 647 764 541 170 259 510 181 939 285 712 735 478 720 674 496 109 208 222 39 503 793 683 511 546 639 194 133 404 616 324 418 359 199 267 472 360 583 328 564 907 362 685 475 722 479 383 11 851 504 177 553 480 144 128 318 237 668 782 728 618 791 357 336 854 427 415 244 657 500 587 208 632 429 760 597 745 231 246 506 677 201 736 870 317 106 194 359 176 297 111 581 681 520 345 411 715 698 135 366 712 333 737 735 776 353 551 326 179 448 281 280 191 563 351 264 723 441 586 576 334 346 570 446 674 694 734 274 374 156 147 513 182 444 770 255 871 264 315 607 425 275 434 613 539 729 348 326 249 560 394 710 264 226 654 374 902 446 323 667 685 788 653 218 199 500 399 368 211 836 580 290 427 183 348
375 749 400 548 0 973 506 743 586 376 918 455 841 518 1005 837 585 950 349 303 249 582 388 661 893 809 642 737 293 446 499 283 640 757 803 524 753 298 205 475 692 753 451 947 524 595 857 648 258 863 432 166 373 447 538 314 532 844 710 480 536 355 826 306 871 648 463 566 557 1142 608 558 665 530 944 389 350 908 646 990 508 170 763 982 387 599 1033 899 1046 222 297 349 406 592 177 476 624 640 791 409 393 548 936 435 377 397 608 958 930 289 997 132 994 669 131 672 511 811 729 273 463 116 740 561 315 1006 930 338 605 1066 289 295 1071 588 659 661 866 1024 82 713 124 387 351 622 861 304 461 382 614 363 473 285 846 223 194 769 571 1005 295 569 871 357 613 601 385 734 1010 696 476 902 721 1003 787 451 473 900 810 435 1005 590 340 437 575 525 390 758 679 1009 988 357 642 159 397 633 911 499 677 655 175 872 1083 780 305 1030 302 494 960 672 997 498 538 994 913 376 464 971 437 611 589 401 947 998 329 998 996 736 212 396 409 840 502 979 1025 869 365 304 849 958 786 849 482 537 1030 859 663 794 918 241 442 742 647 395 525 456 102 193 866 325 883 485 655 576 888 871 512 335 833 866 839 991 327 682 107 281 643 453 103 213 617 820 827 1044 690 576 203 482 377 990 268 445 505 218 400 423 1032 693 367 671 785 918 532 844 814 955 808 969 970 709 870 792 504 601 143 476 572 743 385 961 759 973 800 777 426 823 602 876 431 360 722 306 760 628 793 801 837 665 676 382
718 313 1113 512 973 0 576 594 465 611 514 909 456 763 32 585 883 696 681 811 748 452 625 530 639 241 662 771 714 544 478 863 513 270 490 884 221 864 776 990 390 282 762 125 675 689 116 682 785 129 554 1026 605 623 753 678 544 433 513 619 777 892 686 778 741 531 658 491 421 212 367 717 745 450 105 916 1129 77 436 136 487 865 800 282 1172 416 91 364 693 752 699 629 869 691 798 556 448 557 185 698 973 622 266 538 1055 578 467 308 84 791 93 923 83 309 843 302 775 307 601 997 570 924 371 903 662 228 61 1059 579 158 1028 1013 115 849 495 395 207 102 891 467 940 683 729 449 302 744 609 696 403 774 501 1110 133 869 825 337 859 593 809 711 436 623 784 676 872 740 37 512 501 145 472 753 230 906 919 98 600 869 134 416 677 735 473 608 1061 599 461 35 244 644 542 866 827 359 111 864 318 318 832 183 144 196 834 670 687 839 66 737 164 534 513 612 115 665 709 76 655 574 405 749 352 489 1012 187 507 248 775 1149 641 139 473 289 200 324 616 908 134 498 446 597 738 438 199 479 324 640 724 788 588 401 361 679 794 546 963 1038 223 662 100 884 720 414 201 520 492 1020 597 627 160 56 833 333 896 697 333 521 945 824 723 594 181 74 528 427 780 712 681 305 1006 938 776 757 651 653 174 330 686 806 288 726 447 246 426 216 282 242 219 459 548 181 496 372 922 902 809 249 735 309 228 720 230 199 867 533 891 420 542 630 398 702 223 348 792 404 347 391 330 617
493 509 814 64 506 576 0 704 111 326 789 716 695 651 603 770 341 913 418 531 258 125 382 588 842 354 199 812 396 325 283 567 555 481 685 743 372 299 379 783 207 487 600 505 122 182 475 689 255 447 159 629 206 60 205 355 467 685 622 490 227 317 822 224 885 577 81 449 308 692 262 182 745 194 595 679 794 536 156 650 141 488 847 715 839 401 659 691 975 343 371 214 654 653 344 65 477 142 435 504 722 86 669 254 766 271 117 709 508 241 564 527 565 292 407 337 655 575 698 668 66 519 546 351 311 532 519 747 576 619 698 692 645 761 558 471 569 591 437 207 539 464 172 476 622 456 457 475 176 542 260 746 445 531 456 284 757 894 522 650 709 205 734 176 643 791 605 192 285 572 215 979 349 710 734 541 759 674 558 169 168 158 103 525 777 719 552 610 700 165 141 356 615 373 482 298 262 323 448 422 646 391 555 952 354 691 539 745 540 408 64 897 567 129 564 544 82 119 361 173 723 834 711 680 842 415 298 832 436 478 275 716 560 642 196 619 492 810 643 786 170 285 566 724 263 772 907 268 80 243 408 119 239 116 548 651 579 341 476 717 721 190 428 757 362 720 774 816 417 615 264 243 403 255 334 210 531 301 224 762 502 650 613 374 310 582 450 733 672 730 215 350 106 89 574 246 447 789 316 908 301 376 655 484 335 492 674 581 773 412 354 299 532 331 723 329 163 712 434 942 505 387 666 728 798 704 231 178 546 393 428 268 863 629 342 472 247 355
368 295 659 668 743 594 704 0 651 434 195 421 164 268 619 94 1030 219 404 451 654 627 389 115 153 646 895 178 464 394 420 490 149 346 116 364 504 836 561 490 680 333 316 671 823 886 522 125 722 583 556 693 544 701 900 465 248 184 91 270 919 897 119 756 184 126 757 254 401 804 482 884 170 515 497 464 705 521 684 503 564 576 206 391 737 311 583 270 305 566 472 556 416 171 633 641 232 802 466 334 514 790 367 461 605 465 679 353 623 757 678 628 668 503 631 445 281 286 15 602 645 639 230 1030 494 785 601 631 145 751 624 606 705 300 147 258 387 694 677 777 643 358 739 232 300 439 297 362 596 389 445 718 553 536 549 702 318 264 457 201 199 559 229 879 430 147 625 805 421 449 788 281 603 421 421 497 66 398 713 579 654 814 647 222 606 15 165 616 423 617 790 738 392 363 628 964 556 446 569 655 737 517 460 287 476 340 636 160 732 306 659 251 479 681 284 651 730 795 354 801 315 286 586 472 278 413 650 704 347 485 428 385 772 285 562 507 479 242 149 105 850 421 774 161 536 68 204 710 644 740 330 719 926 592 673 690 372 463 576 383 151 543 686 148 342 591 89 125 587 565 828 593 731 587 421 498 659 731 928 76 423 626 92 334 643 270 371 383 614 454 898 565 687 714 755 606 380 227 670 205 404 687 175 748 686 776 426 148 136 506 351 433 620 979 271 556 775 355 417 246 374 520 402 99 336 214 485 591 209 453 428 491 200 192 770 260 577 410
500 424 856 47 586 465 111 651 0 332 713 728 620 641 492 707 436 851 429 557 336 23 382 536 779 244 249 778 423 308 245 599 503 390 616 744 265 407 431 802 106 397 599 394 217 254 365 655 349 336 173 691 236 163 300 378 432 607 563 471 323 428 771 327 835 527 193 403 249 584 177 269 716 140 487 701 845 427 62 543 107 540 813 616 890 339 549 603 904 396 398 254 669 626 413 110 418 151 330 504 749 167 571 244 804 274 31 614 396 343 453 586 454 191 473 243 647 487 647 713 124 580 469 451 339 429 407 790 536 510 745 735 534 751 503 402 470 480 511 151 600 467 275 418 531 478 441 479 70 555 233 803 334 573 503 184 750 818 549 628 630 245 715 244 661 754 494 162 256 467 162 917 238 723 746 433 700 685 449 74 248 269 10 499 814 665 490 498 598 229 139 446 627 297 370 403 154 232 500 312 536 283 582 880 381 692 427 714 432 377 51 823 460 220 556 433 192 147 297 285 632 750 750 575 760 318 373 879 432 370 236 618 454 552 235 652 385 729 571 724 275 231 460 650 159 718 851 359 145 158 333 222 338 135 613 712 481 362 364 723 690 107 320 685 324 759 713 755 306 505 373 132 488 313 248 197 596 394 295 702 400 539 559 317 383 572 455 635 719 747 317 403 200 194 467 135 454 765 209 851 251 269 578 379 229 390 572 516 704 304 318 222 589 439 711 218 273 616 335 880 408 278 678 661 791 623 226 230 473 416 328 176 825 552 251 402 138 357
169 373 536 321 376 611 326 434 332 0 575 396 489 325 644 518 612 653 97 228 221 315 56 327 585 489 525 504 105 70 135 275 298 381 459 417 399 402 171 469 418 377 274 605 427 500 495 384 288 513 168 415 125 299 494 66 187 488 373 177 509 463 542 322 601 314 353 203 189 796 263 486 432 211 572 369 537 541 391 616 225 254 538 607 581 223 663 532 734 156 87 129 336 340 219 262 257 460 426 177 419 410 561 92 481 58 363 585 580 323 648 311 644 325 244 311 329 437 423 401 259 313 370 608 65 685 575 474 290 723 434 421 716 435 312 288 490 675 295 484 328 138 309 256 488 150 144 149 320 222 119 507 492 264 213 482 430 673 222 332 515 134 413 498 329 487 648 491 111 528 495 715 456 391 413 531 498 353 664 293 226 395 323 221 490 450 324 646 612 193 453 317 295 259 565 540 350 295 221 541 733 426 254 714 76 365 608 434 662 135 309 668 540 259 239 620 322 441 213 377 578 646 430 622 648 366 223 564 111 473 141 605 696 497 141 327 481 610 432 533 437 175 701 512 331 498 635 277 249 481 271 299 512 212 352 428 490 51 529 393 411 264 563 532 136 439 518 558 494 623 394 370 324 153 278 136 334 301 540 505 454 679 356 199 218 257 125 617 410 414 484 159 272 303 696 384 122 470 480 635 164 530 456 635 503 655 594 356 539 434 128 241 310 550 397 405 349 588 388 680 424 424 346 490 471 518 106 168 355 95 390 284 558 439 559 292 358 29
547 293 854 742 918 514 789 195 713 575 0 616 93 463 533 114 1129 182 570 637 796 690 541 257 133 638 963 337 628 521 521 679 280 338 116 557 503 972 724 684 714 326 508 618 912 964 480 320 860 547 662 881 666 800 994 620 392 106 207 437 1015 1027 210 886 247 269 855 373 482 710 536 971 356 595 409 659 900 455 732 394 648 755 352 252 932 392 476 150 194 723 631 684 611 367 789 732 326 861 446 513 709 871 250 577 801 592 737 216 567 890 607 809 597 535 798 476 476 243 211 795 740 819 244 1135 640 733 541 826 314 671 819 800 613 490 264 319 318 616 846 814 825 531 859 327 220 614 458 536 649 576 550 912 518 721 724 715 509 104 641 396 87 684 419 956 625 310 538 849 530 373 824 239 598 616 616 430 145 594 647 638 777 921 713 393 801 186 252 527 292 738 848 892 585 417 580 1073 586 483 742 627 648 507 648 170 632 535 570 345 673 440 734 111 402 795 472 584 833 861 429 915 170 91 781 351 83 416 799 899 510 444 526 245 711 195 685 700 433 47 148 116 950 507 711 65 571 187 215 851 744 765 382 830 1025 689 855 880 301 614 530 578 342 607 657 48 456 786 127 133 561 471 957 623 892 727 465 603 840 877 1006 134 381 525 228 420 793 460 541 235 808 649 999 723 797 819 688 633 550 405 673 217 494 673 135 706 684 735 306 220 62 489 466 492 802 1095 464 563 890 216 409 205 342 511 597 98 522 100 598 712 243 616 420 538 330 161 770 317 608 557
228 602 237 717 455 909 716 421 728 396 616 0 575 158 940 507 951 575 300 193 521 711 346 406 538 854 910 328 321 428 502 181 409 640 525 75 736 682 373 81 809 628 147 942 801 878 805 296 582 846 563 334 509 679 855 361 366 589 445 293 864 749 451 635 475 399 725 419 535 1116 630 856 273 600 835 67 288 831 786 861 621 304 344 785 317 500 930 670 680 404 346 503 62 252 448 655 461 854 734 230 96 795 749 485 186 454 760 750 905 626 971 324 964 684 405 647 144 635 406 215 649 339 556 937 405 1040 891 217 344 1049 226 208 1024 151 431 514 727 994 427 880 331 262 648 460 671 261 312 249 710 174 502 315 818 242 308 866 131 672 203 224 611 511 207 878 78 339 946 887 484 785 891 612 816 5 19 813 476 43 997 684 579 747 720 301 185 430 465 940 808 560 848 537 101 565 898 868 722 637 327 894 1049 759 174 671 363 81 928 283 1004 390 705 654 808 622 200 942 693 834 523 719 720 708 179 844 699 668 493 282 300 773 512 779 1042 665 520 151 775 664 537 513 794 535 1045 578 701 442 531 562 636 874 552 660 862 607 356 320 718 374 852 40 279 651 921 569 445 181 498 516 835 900 693 749 502 480 612 531 352 563 914 487 728 962 423 497 479 196 273 782 226 32 835 398 641 674 1035 763 274 249 855 530 516 898 569 992 878 1017 803 480 556 759 445 591 313 862 158 762 692 752 685 591 682 760 50 520 151 623 502 541 529 323 692 649 377 572 944 518 735 370
476 203 810 648 841 456 695 164 620 489 93 575 0 417 478 129 1035 251 491 570 707 597 458 184 186 555 870 336 548 431 428 616 201 250 49 523 418 881 643 648 624 238 453 550 818 871 405 285 770 472 569 816 575 707 900 537 309 23 135 363 921 936 232 795 285 195 761 285 389 660 443 877 335 501 353 610 850 389 640 350 554 681 359 227 885 298 431 107 284 640 549 593 560 322 705 638 235 768 364 443 663 777 208 485 754 502 644 189 499 800 545 738 535 444 718 384 430 161 178 738 646 747 151 1041 554 665 474 776 247 614 763 745 562 463 182 225 250 558 767 724 754 456 767 236 153 539 379 463 556 512 458 856 442 652 649 628 480 198 573 350 36 593 392 862 572 306 484 758 438 310 734 315 515 574 577 364 147 546 584 545 685 828 619 321 756 163 165 473 261 646 755 806 530 323 509 980 495 391 666 550 595 423 584 260 549 493 506 324 607 353 641 203 340 703 411 521 739 768 336 822 150 157 729 314 158 328 712 854 432 369 433 221 646 132 594 641 359 121 56 141 857 414 647 29 480 190 271 762 651 676 288 737 931 596 784 817 233 530 458 538 315 514 580 70 365 735 142 172 483 419 866 533 809 639 372 510 768 789 913 140 305 477 158 327 707 401 465 218 750 607 905 640 704 726 625 544 474 391 588 272 401 593 41 634 601 663 268 133 95 407 375 399 731 1002 432 476 797 191 324 278 261 427 549 78 500 49 506 621 149 536 335 445 345 69 686 224 518 472
173 451 392 639 518 763 651 268 641 325 463 158 417 0 793 358 929 445 244 215 506 620 269 249 398 732 850 218 291 333 399 240 254 493 368 121 604 684 374 234 708 481 67 806 752 826 664 146 574 710 492 437 450 625 817 316 232 432 287 171 830 751 318 620 356 243 678 282 418 973 516 811 147 504 684 196 436 685 693 707 535 349 246 627 469 366 779 512 547 394 311 451 148 96 454 586 315 779 595 151 246 735 592 400 338 380 672 592 766 616 830 390 823 563 430 519 13 480 252 337 584 404 402 920 359 909 750 362 188 908 357 338 878 110 275 368 575 852 467 789 403 191 621 314 515 241 200 184 610 157 407 451 681 296 334 756 109 527 223 67 453 457 98 823 163 217 799 803 385 634 800 491 691 156 162 665 327 130 858 585 542 714 633 160 339 279 310 792 651 514 772 556 129 433 761 851 607 511 355 765 905 626 214 534 323 78 787 155 868 271 627 511 658 580 86 801 646 764 396 691 562 554 318 689 546 529 488 437 214 630 409 622 907 508 465 245 631 510 379 366 758 424 910 422 586 298 407 556 575 773 415 620 832 535 432 431 565 324 713 124 141 550 793 415 328 322 350 374 702 750 687 638 534 450 485 447 422 567 865 338 581 813 265 369 476 69 206 624 349 190 804 390 595 627 898 652 212 158 739 406 405 776 411 863 761 889 647 324 404 623 331 471 381 853 72 638 664 594 544 465 534 627 133 366 150 465 422 491 375 286 552 533 275 414 833 372 623 296
750 343 1145 539 1005 32 603 619 492 644 533 940 478 793 0 607 905 715 713 843 779 479 658 558 659 262 682 798 747 576 510 895 543 300 514 915 252 892 808 1021 413 312 794 132 700 711 148 710 815 155 585 1058 636 651 776 710 575 455 541 651 800 919 710 807 763 560 685 523 454 184 398 740 773 481 124 948 1162 108 460 145 517 898 825 294 1204 448 81 383 707 784 731 660 901 720 830 584 479 578 218 730 1005 646 283 570 1087 610 492 323 100 821 86 955 76 339 875 334 805 333 628 1029 599 957 400 926 694 223 84 1092 609 137 1060 1045 86 878 524 426 232 86 923 486 972 715 758 480 325 777 641 728 431 806 533 1142 162 901 857 356 889 608 841 741 457 654 813 698 904 766 6 531 534 170 491 771 254 937 950 128 623 900 126 445 707 761 499 639 1093 624 490 8 254 674 564 897 859 391 129 888 347 350 865 200 117 227 867 685 719 870 75 765 159 566 541 628 140 694 741 79 682 597 438 776 367 503 1044 195 521 281 807 1181 674 171 505 301 191 346 647 940 166 514 471 619 764 470 189 500 354 664 744 819 617 420 393 707 818 576 996 1070 248 694 128 914 748 444 214 541 524 1052 620 649 185 62 861 360 928 728 365 553 977 854 744 617 211 48 556 460 811 744 713 317 1039 970 801 789 680 681 162 356 718 834 308 746 479 263 450 219 300 243 232 487 569 213 529 405 954 927 838 277 763 323 261 738 259 230 898 556 920 440 574 661 426 735 256 379 817 428 360 422 357 649
461 314 745 729 837 585 770 94 707 518 114 507 129 358 607 0 1102 144 495 545 740 683 476 191 72 671 955 223 555 473 489 584 222 365 100 445 531 920 652 572 725 352 409 676 891 950 530 212 806 595 629 786 622 772 970 554 331 152 149 361 990 980 104 838 156 204 828 327 462 789 533 951 242 577 482 554 794 517 735 478 628 670 240 348 824 369 559 231 216 655 561 637 506 263 722 708 293 858 483 427 601 854 334 536 693 544 733 310 626 840 674 722 664 545 723 485 370 285 109 694 714 733 252 1104 580 791 601 720 234 743 716 697 691 376 213 305 378 687 769 824 737 451 818 293 282 532 386 454 648 483 516 809 565 630 642 738 396 170 551 291 154 638 307 942 522 195 613 855 493 439 834 210 630 507 506 492 31 487 712 633 733 889 705 313 692 80 218 602 384 695 846 827 484 411 635 1040 597 489 662 672 724 540 554 196 565 426 634 231 734 386 720 157 469 757 378 649 803 854 411 878 266 205 676 440 194 439 738 790 437 492 496 341 774 261 641 600 484 161 149 16 922 484 775 109 579 73 149 795 715 781 376 794 998 662 767 783 362 551 583 468 229 599 702 76 415 681 13 48 604 548 910 635 822 671 466 570 753 818 992 20 429 606 162 395 731 364 462 335 706 540 971 655 762 788 754 647 472 290 701 150 468 710 160 759 715 788 394 190 52 525 424 485 714 1057 352 587 852 311 439 172 382 543 491 53 407 171 559 669 239 544 450 539 222 186 800 305 619 495
757 850 975 397 585 883 341 1030 436 612 1129 951 1035 929 905 1102 0 1244 684 758 429 456 667 915 1174 643 229 1117 641 636 612 776 882 822 1022 997 700 288 577 1002 493 828 868 787 220 194 795 997 370 754 473 749 490 330 137 612 784 1025 953 789 114 231 1146 316 1207 903 274 776 646 952 603 167 1045 534 919 899 933 856 449 975 481 663 1151 1052 972 738 972 1033 1311 547 619 483 889 953 505 396 810 327 766 778 927 269 1007 568 941 569 424 1049 805 326 848 673 852 627 558 676 929 916 1022 833 389 660 886 35 569 775 822 909 893 886 857 858 928 1033 889 810 906 872 558 424 678 737 307 810 963 698 756 744 506 791 586 870 759 722 647 551 1024 1233 748 944 1050 478 1022 207 873 1099 906 380 609 903 422 1310 654 945 970 865 1088 915 831 506 387 217 433 831 954 1045 886 913 1035 419 341 438 858 714 777 86 590 664 630 708 920 716 776 1289 605 950 833 1047 805 724 401 1235 894 353 844 835 299 308 699 237 1065 1175 887 1010 1184 754 459 978 722 804 606 1054 812 983 472 821 819 1151 981 1118 179 621 818 1063 595 1097 1234 390 386 489 748 313 104 440 672 775 917 604 784 964 1024 530 702 1095 688 895 1106 1147 724 929 265 562 487 479 675 532 662 396 164 1093 836 954 942 710 473 864 722 1071 833 955 131 553 343 315 835 560 716 1080 597 1235 636 648 995 737 608 734 1008 916 1110 737 678 640 683 114 1000 648 264 1051 771 1273 843 711 905 1063 1064 1045 545 445 885 644 764 608 1171 970 571 811 571 641
576 450 807 873 950 696 913 219 851 653 182 575 251 445 715 144 1244 0 620 650 873 827 607 330 71 806 1099 250 679 612 632 683 362 500 237 505 667 1055 775 628 867 487 505 797 1034 1094 655 303 941 722 771 882 762 915 1113 683 467 271 292 487 1133 1116 126 975 108 342 971 468 606 892 676 1095 304 721 591 631 864 635 878 576 772 781 246 432 889 513 657 331 105 783 689 775 588 359 849 852 436 1001 615 543 672 998 432 677 760 683 877 397 746 976 788 829 778 686 844 626 455 412 229 779 857 841 392 1246 713 913 720 793 363 852 797 778 795 428 355 448 496 798 888 966 843 572 957 437 398 649 515 573 791 589 658 889 693 735 757 876 449 139 657 385 262 777 368 1086 606 236 720 998 635 553 976 66 765 577 569 610 156 565 828 777 872 1030 849 439 758 203 361 709 472 835 989 954 575 554 758 1181 738 631 778 801 830 674 655 99 694 500 751 293 853 524 864 113 583 898 486 765 945 998 555 1019 351 236 753 532 218 576 868 853 564 619 639 425 892 374 780 690 609 208 286 127 1065 628 892 222 721 157 51 928 858 922 519 935 1141 805 873 876 479 682 707 535 303 743 831 181 557 756 139 97 734 653 1047 776 945 806 609 712 861 949 1136 151 555 707 302 539 860 468 585 413 792 606 1113 782 903 929 869 788 594 330 837 53 612 843 290 884 851 912 488 334 155 658 566 629 820 1197 417 725 992 397 573 28 512 678 571 190 448 277 700 809 380 669 585 681 215 318 936 449 761 629
75 414 445 417 349 681 418 404 429 97 570 300 491 244 713 495 684 620 0 136 266 412 56 313 557 578 615 442 59 144 219 185 290 433 454 325 478 447 156 372 514 426 185 687 512 587 567 330 334 593 263 350 212 386 573 72 183 495 362 134 586 513 501 378 555 300 436 221 266 874 351 570 368 306 630 273 452 607 488 670 322 197 475 641 495 271 724 552 710 163 70 209 239 279 229 356 279 554 496 93 323 499 596 188 389 154 460 615 658 375 726 256 721 410 228 388 245 471 392 317 351 262 396 676 115 772 650 385 261 802 349 335 790 350 309 322 538 752 276 581 273 54 377 277 519 63 111 60 416 125 211 429 569 188 160 576 343 660 131 265 522 216 338 585 232 430 719 587 197 584 592 678 543 294 317 594 471 257 745 389 297 470 420 182 398 420 330 715 651 271 549 334 198 322 645 607 441 374 176 627 809 504 161 692 80 274 685 372 745 156 405 651 600 337 161 697 404 535 275 447 601 648 340 669 647 432 253 476 59 542 227 638 781 525 225 236 548 609 436 509 514 257 785 510 421 462 595 318 339 578 325 377 587 307 301 359 535 80 606 298 350 359 650 523 189 349 493 530 576 687 446 463 326 206 353 233 284 334 625 480 513 745 342 255 243 180 38 648 326 317 559 161 353 385 779 477 31 397 572 595 242 620 464 723 595 744 637 360 525 510 184 321 252 611 316 491 419 617 453 645 477 503 249 477 384 527 203 249 376 49 457 371 498 453 654 326 450 74
98 530 309 539 303 811 531 451 557 228 637 193 570 215 843 545 758 650 136 0 328 541 192 386 596 714 721 433 135 280 355 51 373 555 527 243 613 492 181 252 646 547 148 822 610 688 699 347 389 727 385 245 327 490 662 178 284 578 435 213 671 559 525 441 568 375 535 332 401 1008 487 665 361 440 754 148 318 736 617 790 451 134 460 746 361 396 850 646 749 210 160 317 131 291 258 473 387 672 627 128 192 607 704 320 253 284 587 717 791 433 860 178 854 546 222 522 208 580 436 185 466 191 501 744 221 908 782 250 323 936 216 201 922 294 394 436 657 885 254 708 192 129 455 386 625 78 209 117 549 61 346 302 703 85 123 711 280 715 10 266 604 325 311 688 115 431 849 710 333 706 718 701 680 187 212 722 516 157 879 522 387 554 547 249 262 465 422 845 761 371 668 352 103 452 779 675 576 509 144 763 942 639 25 734 177 202 818 368 881 278 527 703 725 430 167 831 502 650 406 525 696 723 204 785 718 562 300 341 169 672 364 742 917 626 335 100 677 680 520 556 601 393 921 584 557 496 616 370 451 709 451 468 669 428 222 247 652 194 739 207 352 493 786 588 320 213 540 570 711 813 501 598 324 288 487 364 210 373 723 527 639 873 412 383 286 182 130 750 196 201 642 205 450 483 914 612 125 369 707 616 378 756 551 859 731 880 749 448 584 643 316 457 169 670 272 627 499 719 582 672 599 638 147 539 316 612 333 353 478 140 587 507 490 544 788 440 586 209
333 570 572 298 249 748 258 654 336 221 796 521 707 506 779 740 429 873 266 328 0 334 266 549 807 566 417 708 215 275 299 349 520 565 680 567 527 182 148 575 442 564 442 708 299 376 634 595 68 630 194 373 148 201 338 195 409 705 595 389 345 247 760 114 817 536 228 422 356 903 382 346 634 298 734 471 545 689 396 784 266 246 741 803 588 423 817 741 956 117 196 124 459 545 88 226 473 397 574 358 503 311 755 233 530 207 358 786 697 109 761 274 760 439 152 454 506 637 643 426 213 265 579 417 160 760 700 505 510 828 454 450 839 607 533 495 672 789 179 464 285 320 129 472 689 269 359 324 369 362 269 492 617 299 222 520 597 894 318 531 732 128 603 379 443 695 783 450 281 697 473 934 547 516 541 685 719 485 766 347 90 229 325 436 542 670 543 784 801 109 398 118 428 437 675 348 439 437 208 631 848 552 347 936 186 521 728 638 755 356 289 890 703 130 426 737 199 369 399 198 785 863 475 800 866 527 39 585 314 622 299 802 782 702 133 397 634 829 650 755 277 331 787 731 427 717 853 55 192 492 460 157 341 210 291 396 675 193 653 534 616 338 644 753 344 483 740 779 604 773 180 439 152 68 431 232 275 82 406 726 621 821 578 395 52 446 305 816 428 527 315 123 154 181 790 449 297 662 539 853 333 598 673 710 561 723 780 575 761 567 334 387 281 347 576 507 173 788 549 900 603 549 475 712 636 733 219 118 567 220 548 400 764 654 588 498 435 244
483 401 842 61 582 452 125 627 23 315 690 711 597 620 479 683 456 827 412 541 334 0 364 513 756 237 273 755 408 287 223 585 480 367 593 725 247 415 421 785 111 375 580 386 237 276 349 633 351 324 161 683 225 172 320 364 410 584 540 450 343 440 747 333 811 503 207 380 226 578 153 290 693 118 470 685 833 411 75 526 90 529 790 595 878 316 534 581 880 387 384 244 652 604 408 111 395 174 312 485 734 188 550 226 790 258 52 592 386 348 444 577 444 170 467 221 627 464 623 701 126 572 445 470 326 427 395 777 513 504 733 723 525 730 479 378 449 471 506 169 591 449 282 395 509 463 420 461 50 538 213 793 320 561 492 186 730 794 534 607 606 235 694 267 644 731 482 184 235 449 180 894 228 706 728 416 676 667 442 51 247 283 23 477 800 641 467 486 578 225 163 446 610 274 360 421 137 210 490 305 528 266 567 857 367 673 417 692 427 356 61 800 443 223 536 423 202 171 273 297 610 727 737 557 737 297 370 866 413 353 214 597 451 530 225 638 367 706 547 700 293 208 456 626 139 695 827 360 146 169 309 230 357 127 606 703 460 347 351 705 668 84 315 662 302 746 689 731 294 490 382 119 486 306 225 179 588 395 318 678 380 526 535 293 379 551 437 614 707 730 336 394 205 202 462 124 437 743 206 828 228 266 555 377 227 389 552 492 680 287 296 198 580 455 690 203 283 595 314 856 387 261 660 638 771 599 209 223 450 401 307 154 802 528 258 378 122 340
118 365 501 374 388 625 382 389 382 56 541 346 458 269 658 476 667 607 56 192 266 364 0 287 542 522 581 450 96 87 163 242 261 380 425 363 421 449 185 421 463 374 219 630 483 557 511 332 334 536 223 403 181 356 550 78 149 460 336 124 564 511 494 372 551 274 409 178 209 818 295 543 377 254 577 325 509 552 439 617 275 246 484 595 552 219 670 511 692 181 91 184 288 285 248 318 235 514 440 122 377 466 550 138 445 111 414 570 601 371 669 305 664 354 260 331 273 424 378 374 315 310 352 662 105 716 593 442 244 745 406 392 734 379 277 274 487 695 310 534 323 84 363 234 474 119 93 96 364 175 157 485 512 243 207 523 374 636 188 276 487 190 357 554 282 434 663 543 142 530 545 668 487 341 363 539 454 303 688 338 280 450 374 170 453 405 294 660 603 248 507 351 246 266 588 593 385 317 220 570 753 447 217 673 90 311 628 380 689 110 362 629 546 315 183 641 378 496 220 431 559 616 396 619 616 377 261 533 55 486 172 592 724 481 197 292 492 578 402 491 492 200 728 479 365 451 587 321 305 527 271 355 567 267 349 414 485 74 549 341 357 306 594 496 134 405 475 514 519 632 443 408 351 200 296 185 331 342 596 462 459 690 317 200 254 201 73 603 383 366 539 182 328 359 722 422 73 414 517 587 186 564 429 666 540 688 588 325 501 453 128 264 302 602 341 434 403 573 398 634 425 446 296 452 416 491 157 224 334 83 402 315 504 414 601 278 396 27
292 216 636 553 661 530 588 115 536 327 257 406 184 249 558 191 915 330 313 386 549 513 287 0 260 548 779 259 371 282 305 432 33 265 142 366 409 729 468 484 571 251 274 591 707 770 443 153 615 499 441 632 432 586 785 366 140 193 49 181 804 788 234 647 298 12 642 139 287 742 370 768 218 400 443 434 672 453 572 461 449 499 292 378 709 198 535 267 407 468 375 446 384 164 535 525 120 687 380 259 489 674 343 347 579 353 565 344 546 649 606 555 597 397 541 340 262 234 110 556 529 564 159 916 390 702 527 597 64 682 582 564 645 321 38 155 331 625 589 666 571 274 627 119 265 357 201 280 484 328 330 675 468 468 467 598 333 348 389 188 218 447 254 763 394 230 564 692 306 393 677 394 506 404 412 431 173 373 638 466 542 700 533 137 582 130 69 556 402 505 676 639 350 255 547 851 448 339 485 566 674 425 400 386 377 328 563 211 654 195 543 341 419 567 228 578 615 680 240 688 317 338 550 440 336 321 548 678 253 407 312 373 694 259 450 459 404 297 136 206 735 306 696 199 428 183 319 604 529 632 224 605 811 477 600 633 320 362 496 373 191 430 596 210 227 556 192 233 499 510 718 485 637 480 313 383 585 628 812 179 350 573 29 219 542 221 284 377 568 439 784 468 573 600 679 498 293 278 568 320 288 591 167 661 586 689 397 75 213 416 236 321 548 867 282 456 662 346 329 358 300 427 375 164 362 227 370 479 132 360 339 381 296 166 668 158 469 305
518 382 774 801 893 639 842 153 779 585 133 538 186 398 659 72 1174 71 557 596 807 756 542 260 0 739 1027 227 616 543 561 632 292 432 168 471 599 988 713 597 796 419 455 736 963 1022 592 252 874 658 700 833 692 844 1042 618 399 208 221 423 1062 1048 91 907 114 273 900 398 534 839 605 1024 266 650 534 590 827 574 807 524 701 724 233 385 855 442 606 276 153 719 625 706 545 307 786 780 365 930 549 484 634 927 380 607 725 614 806 349 685 909 730 775 720 616 783 556 409 347 165 735 786 786 322 1176 646 851 660 755 298 796 755 736 741 397 285 377 435 741 829 895 789 510 888 365 337 590 450 513 720 535 588 848 628 682 699 807 418 137 603 334 202 708 332 1015 562 205 665 926 565 494 906 137 697 539 534 549 87 523 769 706 803 960 777 375 723 137 290 654 424 765 918 891 527 483 695 1111 668 560 719 736 775 606 603 137 629 460 691 255 793 455 793 116 524 828 430 706 874 926 483 949 303 209 713 482 193 508 803 820 500 555 568 378 832 314 711 643 545 171 217 55 994 557 832 160 650 100 85 862 787 852 448 865 1070 734 819 828 418 616 644 498 260 671 766 118 486 716 68 27 668 599 979 706 883 739 537 641 806 884 1064 81 491 654 232 467 796 414 523 369 748 570 1043 718 833 859 810 717 532 303 769 86 541 777 223 821 783 849 437 263 91 591 496 557 766 1127 380 656 922 349 506 100 446 610 529 120 423 218 630 739 310 606 517 610 206 250 868 377 690 562
635 357 1023 291 809 241 354 646 244 489 638 854 555 732 262 671 643 806 578 714 566 237 522 548 739 0 421 808 593 434 358 763 521 306 572 850 141 651 630 934 153 319 710 151 441 449 176 696 588 117 377 893 438 408 515 550 500 536 554 564 539 671 759 571 821 544 434 452 319 340 227 479 761 285 297 844 1026 230 202 351 300 733 841 465 1070 368 331 498 831 600 572 461 803 685 632 349 434 316 192 625 898 387 430 399 967 440 237 476 161 586 210 786 212 170 687 213 741 395 648 890 363 784 420 665 522 198 179 962 576 266 923 910 292 834 510 393 331 237 730 226 802 598 519 435 422 638 542 612 197 693 369 993 134 752 693 96 840 735 709 697 551 453 782 436 800 778 263 271 380 299 231 870 42 850 868 247 676 811 204 219 483 508 253 572 976 656 484 270 435 456 302 681 759 302 133 628 138 220 695 68 292 132 739 807 557 799 190 756 189 464 295 748 279 461 659 193 436 335 335 527 509 645 918 394 659 233 599 1053 557 202 350 469 216 447 444 814 216 638 522 687 506 322 221 585 157 707 821 596 383 161 327 466 557 355 820 910 347 533 147 838 734 234 78 626 409 927 682 720 89 290 617 126 719 528 247 365 802 632 482 674 260 310 560 362 606 669 591 487 898 879 541 606 443 438 225 116 593 819 47 822 339 44 516 147 47 166 407 498 650 149 409 263 788 669 792 94 517 478 232 834 296 128 806 619 877 538 393 449 438 583 221 207 843 488 132 390 133 504
690 673 989 226 642 662 199 895 249 525 963 910 870 850 682 955 229 1099 615 721 417 273 581 779 1027 421 0 1010 588 524 477 753 746 637 866 940 496 369 557 974 276 645 799 561 119 51 582 887 385 535 359 787 402 231 131 549 664 857 809 690 149 348 1014 335 1078 769 189 642 494 722 427 95 944 379 708 870 962 642 240 763 331 662 1045 854 1005 586 752 851 1153 522 563 407 847 852 506 264 664 108 563 703 909 115 811 453 945 470 227 855 581 353 621 691 625 435 569 491 854 734 890 842 266 681 719 256 504 546 600 922 772 657 871 867 701 960 747 651 709 645 588 196 701 663 294 664 777 648 657 673 316 737 457 908 544 711 634 326 955 1068 712 849 879 399 934 42 835 988 683 151 481 697 193 1165 436 904 928 654 946 869 603 324 337 207 250 724 957 909 737 690 832 350 122 483 810 547 553 242 390 481 623 483 692 508 744 1130 547 889 609 943 576 605 236 1073 684 293 764 609 221 102 544 242 877 998 890 801 1008 563 456 1003 636 596 469 856 583 799 390 804 611 979 821 971 167 473 588 900 400 963 1097 405 275 262 583 260 169 316 705 811 721 536 565 913 919 356 475 935 557 899 961 1003 505 710 331 357 535 436 498 408 690 429 64 949 636 731 803 561 470 781 648 875 845 922 169 528 272 240 605 352 645 988 374 1097 491 422 828 508 382 504 805 764 954 530 550 472 699 288 922 439 257 858 577 1128 651 503 860 910 997 872 431 368 723 587 568 426 1060 802 342 651 369 554
381 467 557 787 737 771 812 178 778 504 337 328 336 218 798 223 1117 250 442 433 708 755 450 259 227 808 1010 0 496 487 534 457 287 518 291 255 668 890 586 377 823 504 286 845 924 994 696 123 777 754 655 648 627 798 996 513 346 358 260 327 1012 955 135 819 147 264 853 376 531 982 622 985 74 638 675 388 615 698 820 681 681 567 35 564 639 451 761 443 355 602 512 634 349 164 665 747 376 926 636 351 425 899 543 558 511 549 808 526 798 817 854 609 845 654 646 599 225 464 169 538 748 622 404 1112 552 957 776 545 242 928 553 535 884 178 297 414 565 871 685 916 621 388 813 375 478 453 360 385 732 375 552 643 724 515 551 855 200 364 442 177 369 638 126 989 368 31 804 938 528 628 927 283 765 330 321 674 195 323 889 711 730 900 773 287 508 175 325 794 598 697 916 769 343 512 801 1044 704 597 573 823 915 683 432 348 522 257 811 70 906 404 776 342 657 764 285 827 823 915 491 881 484 426 507 649 412 579 694 603 396 658 543 557 946 462 644 455 654 383 328 221 940 546 948 325 684 150 204 761 743 886 482 804 1016 696 650 639 550 517 749 288 92 675 854 299 454 510 210 211 756 743 889 740 750 646 570 602 640 775 1035 205 598 804 250 467 684 265 403 553 550 357 988 599 775 805 930 754 411 79 827 202 527 850 353 918 845 946 603 317 276 674 461 573 599 1051 173 715 853 527 586 264 548 686 330 260 198 385 582 672 380 489 596 634 56 371 926 417 724 476
118 461 435 404 293 714 396 464 423 105 628 321 548 291 747 555 641 679 59 135 215 408 96 371 616 593 588 496 0 170 240 176 348 475 512 357 504 394 96 386 515 470 227 711 480 557 599 387 283 619 250 311 191 357 536 44 239 551 421 194 547 460 560 329 612 358 404 273 293 902 369 536 422 312 670 283 432 643 483 712 318 152 528 691 477 314 763 606 769 106 25 182 259 335 171 338 331 537 529 144 327 473 646 194 382 154 453 666 685 324 753 210 749 430 169 415 290 520 451 297 331 214 448 631 85 790 679 371 320 828 330 318 821 392 366 371 583 780 218 573 228 109 333 329 570 60 170 110 419 151 224 401 597 159 112 582 383 719 127 318 578 190 387 556 247 485 752 575 217 625 583 737 561 316 340 631 530 281 769 392 259 430 413 241 392 479 386 749 699 239 532 276 222 358 670 561 455 400 124 646 838 531 160 751 42 309 713 426 768 205 392 711 639 301 212 725 372 515 312 404 654 706 329 714 705 467 198 461 118 576 247 688 802 576 200 229 583 667 493 568 476 280 806 568 436 521 653 266 316 577 366 340 547 292 254 324 581 61 634 327 405 365 668 582 228 338 552 589 600 724 396 473 267 162 382 233 235 279 593 539 553 781 401 294 187 232 94 699 305 333 519 103 319 352 802 486 86 447 582 653 268 634 521 740 606 760 684 416 584 538 221 346 208 562 360 510 377 669 489 704 519 529 272 536 423 583 203 220 429 12 492 389 553 508 658 375 462 97
