286
0 760 226 472 833 744 431 367 576 245 15 728 1092 608 979 95 698 283 593 752 1030 381 632 988 892 222 627 179 723 742 730 610 452 450 890 860 737 512 794 574 248 51 568 533 734 519 210 637 135 380 465 475 358 294 592 756 784 634 359 542 712 850 702 968 947 450 307 421 817 334 483 893 740 582 331 289 758 708 824 837 1118 515 311 721 889 923 804 259 337 637 929 465 798 895 876 845 362 972 865 525 1091 911 732 553 190 819 380 424 887 805 642 694 567 625 1048 885 769 463 803 535 122 1047 466 473 92 652 856 830 640 902 998 268 125 692 660 639 722 274 704 360 411 781 789 899 912 950 186 789 698 455 819 869 455 933 828 425 345 838 1069 892 846 802 432 519 325 1089 571 844 870 566 595 710 858 725 620 209 916 401 840 625 409 679 653 959 591 505 652 370 467 494 812 614 567 461 855 789 885 418 834 529 660 737 750 438 493 328 734 349 718 601 991 719 510 492 573 214 1015 723 456 523 496 168 164 482 826 22 480 1004 821 484 746 501 480 203 820 887 870 744 86 644 675 233 460 734 1011 433 668 414 455 811 728 879 578 774 724 277 464 775 714 761 725 315 908 527 291 1150 259 658 1154 1040 767 682 552 815 930 721 925 478 812 613 524 847 975 942 889 687
760 0 864 493 613 32 774 568 184 736 757 300 333 263 220 856 648 624 714 197 311 410 548 422 295 613 277 881 223 772 193 168 464 486 454 448 384 293 103 265 521 725 435 243 481 345 625 160 755 546 584 285 690 466 538 46 256 452 620 522 574 100 567 235 307 702 733 544 315 711 296 552 568 617 456 480 2 425 94 183 367 293 642 217 185 337 151 535 602 125 623 541 37 699 443 788 432 434 738 258 373 295 324 565 574 616 381 604 148 268 407 367 200 290 287 161 315 731 110 273 875 290 350 538 690 124 246 312 706 776 245 623 635 233 502 263 149 487 96 605 586 567 46 460 172 290 901 303 269 375 549 692 321 335 191 469 677 174 352 464 239 288 350 241 485 349 512 83 225 503 287 366 221 616 668 851 167 361 219 467 382 267 377 489 246 538 734 483 407 304 739 206 618 388 558 43 128 341 534 483 639 27 236 515 521 765 498 442 441 233 231 77 561 271 413 551 352 56 319 244 273 714 854 333 508 778 280 423 408 276 563 504 446 638 257 316 603 417 821 723 592 771 749 578 355 436 115 438 638 56 734 217 426 484 533 490 605 67 250 709 78 479 228 240 469 393 744 106 414 284 330 97 224 197 177 567 379 411 742 442 329 493 234 845 654 73
226 864 0 451 765 854 276 337 683 142 241 897 1180 655 1071 211 607 503 472 901 1091 453 842 998 925 251 792 77 768 615 783 698 451 438 876 844 921 666 871 731 356 273 556 669 933 556 425 717 122 590 402 587 254 428 802 848 819 831 580 751 646 939 913 1041 986 330 184 387 984 221 627 850 949 497 408 450 861 691 908 897 1195 581 534 874 1018 948 870 329 554 750 870 676 901 808 864 725 431 976 763 607 1148 947 906 490 320 749 495 357 968 964 832 696 692 793 1144 961 787 330 879 686 170 1135 523 430 308 774 899 995 524 793 1082 487 290 849 864 802 789 398 829 309 356 988 900 884 992 996 96 956 730 503 769 781 542 960 884 622 252 900 1128 875 996 829 584 634 511 1158 527 947 921 772 636 892 908 646 517 16 1029 533 986 824 571 714 653 944 650 457 527 394 651 564 703 682 482 638 806 899 978 537 790 732 569 837 790 645 702 179 694 520 696 661 1087 840 724 619 568 382 1055 817 600 620 590 394 69 644 789 206 599 1017 813 602 686 707 480 226 976 913 809 730 149 522 889 104 318 944 1049 622 792 601 366 907 610 1019 772 971 930 385 390 862 874 655 811 494 1045 656 431 1232 142 757 1221 1127 940 802 686 959 1017 657 938 665 702 593 694 817 1051 821 815 794
472 493 451 0 367 497 284 115 355 309 479 657 768 237 667 548 264 553 245 609 658 187 749 547 479 249 560 500 335 357 357 331 42 26 428 397 717 444 464 495 272 469 104 404 775 148 492 332 386 562 90 304 216 306 716 462 377 689 608 670 249 542 807 618 541 209 278 64 724 246 396 421 832 166 203 363 491 243 506 469 771 212 589 598 675 499 449 230 575 417 458 626 527 438 415 430 184 524 424 257 710 502 675 112 320 355 278 115 559 688 664 245 395 568 741 545 338 237 470 451 542 723 169 46 460 453 459 730 260 466 669 539 380 585 740 561 376 289 500 143 102 856 538 437 579 554 524 700 290 144 348 414 233 512 454 533 210 474 691 429 694 382 392 338 441 729 103 567 486 675 213 687 473 272 223 445 657 324 678 692 408 276 202 498 248 60 285 116 514 212 385 287 158 488 383 536 581 297 362 632 231 466 352 584 633 302 261 407 250 260 688 503 674 353 117 370 609 438 381 292 272 545 473 451 355 476 327 566 363 326 278 626 47 271 691 464 400 281 484 273 805 347 256 834 603 508 469 490 144 521 327 695 630 802 801 263 111 467 615 336 422 417 713 381 318 811 310 396 788 714 703 471 410 650 610 256 487 530 386 145 501 377 632 521 424 440
833 613 765 367 0 635 510 465 578 633 841 879 743 399 680 902 168 910 319 795 589 528 1047 368 399 611 806 829 389 247 420 520 398 392 222 202 955 723 527 753 637 835 293 664 1036 403 855 496 731 902 371 587 511 659 1020 567 366 969 957 981 121 599 1093 594 450 439 581 412 919 544 681 121 1109 268 560 714 612 198 566 474 715 467 945 801 788 384 485 597 925 611 107 953 630 87 221 198 534 334 130 505 615 420 901 281 687 17 607 416 585 874 934 255 634 818 742 559 302 447 526 720 888 706 466 359 827 648 420 919 270 165 660 898 747 802 1023 800 464 647 674 477 425 1124 657 223 592 477 853 902 347 455 66 78 529 399 458 858 516 484 604 212 852 340 700 597 784 662 264 651 458 978 385 930 450 120 259 764 731 643 833 977 726 355 266 260 433 328 284 481 822 484 159 458 283 795 78 654 630 609 90 940 201 593 378 912 952 588 129 743 181 438 705 665 996 630 300 733 495 563 678 544 541 912 805 744 114 835 608 390 221 606 88 942 375 629 867 370 49 196 833 281 1102 667 465 1115 485 827 658 813 398 606 218 828 918 1053 1075 623 378 554 829 163 537 762 834 642 671 759 627 565 700 697 919 650 662 810 630 112 339 837 162 249 783 144 614 233 57 602
744 32 854 497 635 0 775 567 171 729 740 269 354 273 242 839 664 599 723 167 341 402 515 454 327 603 244 869 246 786 216 167 466 488 481 475 352 266 135 235 507 707 445 219 449 349 603 166 744 518 588 270 688 449 506 74 283 420 593 490 591 129 534 265 340 704 729 545 287 708 272 578 536 627 446 460 31 444 126 215 391 291 616 186 177 369 181 525 575 107 649 511 59 721 471 807 424 465 758 254 403 326 293 574 559 638 366 606 178 241 374 385 178 258 306 193 339 734 142 245 860 312 347 543 671 98 277 286 718 798 270 598 619 201 469 230 170 472 64 604 587 535 45 489 201 322 888 275 289 373 572 713 313 367 222 441 675 206 382 492 217 315 327 225 462 376 522 101 257 471 296 334 253 633 679 841 175 342 198 434 358 285 393 519 252 544 745 479 378 300 758 213 627 360 582 45 153 326 558 452 652 41 260 486 490 762 517 419 460 240 250 45 530 251 423 532 385 72 296 235 264 692 842 306 532 762 263 455 434 260 582 473 449 628 232 347 627 439 806 734 559 763 752 546 388 408 87 410 641 85 749 202 394 453 501 477 609 97 219 726 98 456 217 219 452 416 738 102 441 307 300 69 200 174 204 585 410 382 760 455 300 518 262 866 677 60
431 774 276 284 510 775 0 213 619 186 445 900 1052 521 952 463 344 643 199 870 936 400 929 796 749 275 796 351 617 338 641 608 310 288 658 626 946 669 749 729 387 459 372 645 986 429 565 613 298 697 199 546 102 457 891 745 653 890 716 840 399 826 995 901 812 81 125 229 976 106 621 610 1026 248 378 506 772 483 791 751 1052 484 680 853 952 763 733 335 684 686 617 778 809 542 647 449 383 768 491 524 985 773 914 263 393 493 481 170 843 945 876 507 650 801 1026 829 605 63 755 682 433 1007 430 243 476 719 735 984 252 519 953 627 414 835 934 800 661 427 770 178 187 1058 817 664 863 828 372 950 570 404 527 515 480 776 735 698 120 757 967 654 960 653 597 588 586 1008 315 850 765 853 498 916 752 389 252 281 939 530 945 888 600 558 467 722 530 256 252 307 702 477 429 569 234 681 562 816 866 516 551 810 309 746 632 738 795 105 464 572 482 543 972 775 828 591 391 467 878 719 599 553 527 575 333 662 556 422 566 817 605 567 440 793 330 271 951 730 558 521 390 248 983 203 45 1025 870 684 736 663 144 804 336 967 828 1019 999 401 179 751 864 383 705 562 988 626 466 1093 172 673 1066 998 945 741 657 917 895 411 741 718 428 395 716 588 915 544 555 716
367 568 337 115 465 567 213 0 407 195 376 687 863 329 758 438 336 492 262 656 762 187 736 661 589 146 584 385 438 402 456 400 116 101 543 512 736 458 555 517 209 371 219 432 782 231 422 410 272 521 103 332 121 266 700 543 485 688 555 650 344 629 799 717 651 159 170 54 763 144 410 531 827 221 173 321 566 358 595 569 871 275 529 639 742 611 546 157 523 474 563 596 604 528 530 493 172 639 503 313 817 612 702 186 241 452 273 73 652 731 671 359 436 589 832 640 450 188 562 471 429 818 219 106 369 506 566 770 297 542 764 476 291 621 735 588 468 240 558 37 51 857 610 552 673 662 408 737 396 194 455 503 266 624 555 508 109 574 797 544 746 492 390 374 403 831 205 647 590 660 308 706 578 359 268 330 735 322 732 688 398 381 316 612 331 137 316 93 503 266 455 368 208 480 491 609 669 305 471 616 298 541 457 554 608 199 371 379 364 344 777 564 645 378 231 305 719 515 389 340 314 461 358 455 466 369 352 680 478 353 379 604 144 163 737 576 503 396 372 306 791 233 202 828 713 489 523 469 118 603 379 755 626 813 799 212 109 552 650 403 504 378 777 412 277 910 197 464 892 809 733 529 443 704 702 353 601 519 455 260 508 490 730 589 521 507
576 184 683 355 578 171 619 407 0 560 573 311 516 179 403 671 565 462 595 254 469 233 477 507 383 432 228 698 233 682 217 65 317 341 482 464 381 159 229 175 336 542 329 95 458 213 451 100 572 400 444 100 528 281 455 181 295 393 472 423 505 275 517 401 421 554 564 393 371 545 136 554 531 504 275 299 182 380 252 293 544 143 485 245 338 424 255 353 448 68 620 419 222 666 468 723 254 506 687 97 533 394 331 448 389 576 196 454 315 333 356 325 56 239 472 318 325 584 239 149 690 471 190 401 508 99 335 376 599 729 424 458 451 235 447 223 185 302 151 444 434 545 217 491 340 414 717 348 248 216 523 652 144 428 289 331 514 289 511 490 340 326 184 58 318 520 404 268 333 414 195 353 324 545 560 670 346 179 325 402 218 234 313 537 145 409 626 316 277 144 673 122 502 252 544 216 309 157 517 381 545 160 260 384 407 597 450 271 397 139 415 159 451 95 311 368 481 149 151 67 95 539 670 193 494 593 97 516 418 93 508 393 308 457 336 392 583 389 636 615 530 593 601 538 481 296 116 291 494 235 646 348 346 476 497 305 464 204 264 634 156 307 370 79 285 574 570 83 586 465 355 122 86 297 355 503 450 287 675 354 216 491 404 796 629 112
245 736 142 309 633 729 186 195 560 0 259 800 1046 517 938 283 481 473 358 791 952 327 784 856 784 135 694 197 628 507 644 569 310 296 735 703 834 565 736 630 255 274 413 559 859 417 393 584 113 540 264 469 124 331 745 717 678 759 548 693 512 807 853 904 845 212 62 245 884 94 522 713 887 367 287 367 733 549 775 758 1058 447 508 768 899 806 733 215 518 628 736 625 773 682 722 613 305 833 643 477 1008 806 811 353 239 617 384 218 834 860 753 554 575 697 1011 825 645 221 744 584 260 1000 389 289 294 655 758 894 408 676 947 456 241 745 798 702 653 299 709 167 216 923 775 743 857 855 220 857 589 367 633 655 416 818 745 555 117 762 988 734 885 687 486 515 440 1020 387 818 781 710 496 804 769 516 394 136 903 427 874 754 480 573 511 803 513 317 416 257 572 433 585 547 352 555 669 774 846 424 653 668 442 709 649 588 646 84 555 438 555 525 955 719 675 506 426 312 913 687 497 494 466 393 172 550 650 236 484 875 671 486 551 647 338 117 870 771 676 588 210 410 836 38 216 884 908 548 673 526 235 777 496 904 697 895 864 279 255 729 772 535 679 420 928 543 337 1096 15 630 1082 992 845 682 574 846 883 523 796 587 585 452 602 677 915 711 685 669
15 757 241 479 841 740 445 376 573 259 0 718 1089 610 976 100 708 269 605 745 1029 382 618 991 893 230 619 193 725 754 730 609 457 456 895 865 727 505 792 566 248 38 574 528 722 522 198 636 149 367 475 472 371 291 579 753 786 622 345 529 720 847 689 967 948 462 320 429 808 347 477 900 727 592 333 283 754 714 822 837 1115 515 297 713 883 925 804 262 323 633 937 452 794 904 881 856 363 975 875 524 1091 912 722 562 189 828 377 434 885 797 631 699 562 616 1044 884 772 476 801 528 132 1044 467 481 80 647 857 821 651 912 996 255 123 684 648 631 722 272 699 370 420 768 784 904 910 951 199 780 700 457 827 878 454 934 828 414 357 837 1069 897 839 804 425 515 316 1087 578 840 870 553 597 700 858 734 631 225 912 397 833 612 402 681 657 964 592 513 663 375 457 494 822 614 577 451 862 784 882 415 841 517 670 733 751 426 481 342 740 341 724 601 988 715 497 488 578 208 1016 721 450 521 494 153 179 474 832 36 476 1007 825 480 754 488 486 212 812 888 878 749 100 656 662 248 474 721 1012 423 663 404 466 808 739 873 567 762 711 277 474 773 705 771 723 307 901 522 287 1147 273 655 1152 1038 757 677 547 808 928 729 928 467 822 619 516 853 973 953 898 683
728 300 897 657 879 269 900 687 311 800 718 0 534 485 443 817 876 496 901 108 580 499 276 723 596 665 105 888 499 993 473 360 617 640 746 737 83 234 404 171 546 680 641 255 183 523 535 382 776 390 742 356 801 471 281 343 546 183 457 287 814 380 276 503 605 844 821 686 89 811 280 837 272 813 524 448 299 681 389 484 590 450 497 83 251 638 451 585 453 267 906 341 309 966 735 1033 516 734 994 405 637 595 23 757 577 879 421 745 427 92 138 623 262 104 478 448 597 873 411 218 850 505 488 702 639 230 546 103 909 1035 483 503 616 76 221 99 428 502 212 721 723 267 275 754 445 585 903 62 533 513 819 955 426 635 491 318 784 475 617 756 154 579 314 319 402 594 714 326 525 260 503 70 522 855 870 882 329 374 161 200 326 524 618 787 453 715 936 593 264 446 983 422 810 267 835 279 384 383 809 262 856 307 519 337 311 856 753 380 698 445 437 227 336 309 622 520 643 332 304 366 385 619 865 253 784 749 335 723 693 334 814 294 612 684 113 616 878 684 807 924 309 826 889 283 648 300 221 316 788 342 957 210 191 184 237 520 762 367 51 944 358 412 238 276 467 599 813 314 650 503 45 232 246 152 431 811 679 256 985 664 204 775 494 1103 926 281
1092 333 1180 768 743 354 1052 863 516 1046 1089 534 0 534 113 1187 842 952 947 433 159 729 810 402 344 931 565 1205 435 961 411 485 749 769 525 540 606 618 309 578 849 1058 683 574 705 632 957 464 1078 865 853 616 981 798 812 336 410 716 940 810 757 243 806 155 294 974 1034 828 490 1007 627 639 794 850 777 813 336 610 272 302 65 599 966 470 283 359 318 858 924 459 702 846 296 812 524 941 751 433 872 575 167 322 553 808 904 753 711 883 212 453 670 564 533 576 56 223 471 1000 302 596 1205 45 657 809 1023 452 334 478 925 902 99 951 967 499 755 549 395 818 408 899 870 776 313 527 190 265 1225 498 484 678 678 816 644 345 319 787 972 296 163 536 390 422 681 574 816 102 752 252 298 786 557 603 309 796 890 1169 206 694 377 733 713 495 595 516 533 799 950 789 723 616 897 499 857 708 668 312 207 673 653 777 846 355 423 827 821 1063 668 773 619 521 104 389 855 604 663 884 264 369 651 570 598 1047 1177 658 628 1109 613 386 525 609 730 803 725 957 431 373 712 582 1149 941 842 1083 1020 807 275 756 439 761 908 280 924 331 710 690 763 818 874 319 500 884 370 811 308 573 802 65 1053 434 129 54 539 422 555 381 163 746 408 725 900 670 643 599 138 967 762 407
608 263 655 237 399 273 521 329 179 517 610 485 534 0 431 699 395 575 450 412 436 227 652 386 283 414 407 689 115 516 128 124 215 235 323 301 559 328 227 354 362 587 171 267 637 99 542 109 564 538 325 204 447 341 627 227 176 571 604 591 329 305 695 388 339 445 500 294 535 473 291 381 710 354 277 384 261 200 269 241 542 99 605 411 449 315 217 352 576 218 444 575 294 486 309 548 246 376 509 117 493 302 506 301 421 397 261 351 323 492 535 147 235 419 505 311 174 473 234 323 707 488 142 280 563 257 248 537 445 551 435 567 490 408 625 402 140 347 293 365 336 724 309 332 344 344 711 515 94 156 345 472 171 324 228 481 437 245 473 330 484 196 321 203 433 503 249 332 267 585 24 532 254 371 406 645 422 279 466 579 352 75 134 386 34 276 472 261 436 122 498 63 355 409 367 307 344 244 340 550 381 237 141 536 569 529 270 387 217 40 451 289 613 239 150 432 407 207 294 152 159 620 661 354 318 620 222 400 254 218 329 556 191 440 490 279 405 212 648 461 706 554 493 717 403 448 269 437 380 285 479 475 521 655 676 335 346 230 436 461 188 415 490 245 351 580 522 180 565 480 527 265 263 440 374 326 324 449 500 184 388 319 400 618 450 223
979 220 1071 667 680 242 952 758 403 938 976 443 113 431 0 1074 762 841 858 337 153 618 717 373 284 821 462 1093 339 884 313 373 645 666 473 482 520 508 203 470 736 945 587 461 621 527 845 353 967 756 754 503 877 685 716 224 326 621 831 710 679 131 719 95 249 874 928 725 412 902 515 587 711 760 666 700 222 528 163 213 152 490 857 372 203 311 221 746 815 346 654 741 184 756 468 874 640 400 810 464 199 267 463 715 791 689 598 782 108 370 575 478 420 474 74 127 391 901 196 486 1092 70 548 709 910 340 259 402 839 843 41 840 854 400 663 446 290 705 298 794 767 697 202 476 91 220 1114 416 390 570 614 756 532 299 231 679 867 205 183 484 311 344 569 460 704 150 659 140 222 687 454 513 231 720 803 1059 116 580 295 638 600 399 505 478 426 701 866 681 615 506 829 391 765 599 610 201 94 560 591 675 762 242 332 720 717 958 591 661 539 414 25 278 753 491 566 771 248 256 538 457 486 934 1066 547 565 996 500 363 458 496 656 700 622 847 350 314 654 505 1037 856 752 974 921 723 256 647 328 651 809 167 847 255 610 611 678 706 775 208 404 810 259 699 239 460 688 174 945 321 208 65 454 310 442 293 57 669 362 617 831 579 535 539 75 911 706 293
95 856 211 548 902 839 463 438 671 283 100 817 1187 699 1074 0 758 352 642 846 1124 473 704 1075 982 299 719 140 815 790 822 705 532 528 972 942 823 605 888 666 341 137 648 628 813 608 288 732 173 456 530 571 406 390 665 851 875 714 424 616 780 945 774 1063 1038 496 345 493 907 377 578 969 812 643 423 384 853 789 919 931 1213 607 374 813 983 1012 898 347 406 732 1001 538 893 958 959 896 453 1058 923 619 1185 1002 820 620 284 887 475 486 982 896 726 779 662 715 1143 980 857 504 897 628 47 1143 557 544 178 747 947 920 691 958 1093 339 220 784 737 731 816 369 800 424 477 855 884 981 1007 1042 134 879 787 544 893 932 549 1022 921 509 396 931 1163 974 939 891 526 614 415 1183 643 939 962 642 685 796 950 790 675 198 1012 497 933 704 503 769 736 1042 683 575 700 454 554 587 867 707 627 550 929 884 980 514 909 607 720 832 840 516 569 357 809 442 797 693 1087 815 580 588 655 309 1107 819 551 618 590 224 141 574 903 79 576 1092 904 579 816 578 561 276 912 976 941 825 72 693 744 260 498 805 1103 520 763 502 512 907 779 973 661 854 799 371 526 870 805 817 820 407 1002 623 387 1245 294 753 1248 1136 855 777 647 909 1025 790 1013 564 867 692 615 926 1070 994 956 782
698 648 607 264 168 664 344 336 565 481 708 876 842 395 762 758 0 815 150 808 698 448 1003 505 501 481 789 675 434 123 464 519 304 289 356 328 945 686 581 728 532 707 236 636 1015 358 752 504 585 826 234 544 356 570 972 606 436 935 872 927 85 660 1057 687 560 277 425 288 930 388 640 279 1078 116 467 627 647 234 624 548 824 430 852 806 833 499 547 485 839 613 275 888 673 202 349 166 447 473 166 475 734 525 896 154 574 150 537 274 658 888 906 287 616 799 831 636 372 282 583 689 741 801 409 238 706 651 508 933 103 205 750 801 627 800 988 787 503 552 688 338 288 1099 695 360 671 584 697 909 383 389 200 174 477 514 531 794 364 557 720 349 879 420 645 567 705 773 170 703 544 930 375 916 534 52 91 607 790 581 860 940 666 382 271 409 424 208 120 378 769 440 121 459 131 743 231 692 696 550 228 888 38 624 433 846 893 428 174 670 223 434 787 684 935 591 254 630 616 593 630 515 503 797 652 700 241 697 567 527 325 565 119 885 291 496 886 475 217 259 688 115 1059 513 298 1082 607 767 665 750 246 655 85 865 879 1037 1046 525 234 600 829 72 570 680 877 613 582 867 473 576 820 791 920 660 638 835 707 96 463 785 122 212 746 276 706 257 211 618
283 624 503 553 910 599 643 492 462 473 269 496 952 575 841 352 815 0 754 551 929 382 351 956 838 371 412 463 674 893 668 519 516 527 896 871 486 333 690 378 284 233 617 382 464 520 80 553 390 108 592 380 547 251 312 637 740 367 77 264 799 724 421 857 881 630 523 530 585 537 330 935 459 707 351 197 622 739 708 755 991 477 37 514 704 877 717 334 53 502 987 186 658 987 882 979 375 949 978 461 993 852 494 661 254 900 315 564 769 584 385 704 427 405 900 776 749 653 700 355 395 911 454 577 195 500 793 599 789 1019 869 16 231 482 385 427 643 264 543 506 543 502 638 906 794 876 469 558 668 459 876 965 405 883 750 178 530 752 970 902 637 766 278 406 145 974 654 700 795 291 573 462 785 825 759 486 754 298 636 355 245 650 671 961 546 606 808 437 238 455 937 551 695 246 908 639 752 331 883 259 780 608 702 168 217 554 788 192 754 550 847 563 228 367 612 186 943 606 311 438 421 131 447 293 867 306 370 967 826 375 823 227 536 372 603 843 935 766 370 798 392 479 658 453 943 202 512 192 607 681 869 682 320 505 447 290 600 662 497 886 617 160 711 388 239 1015 488 542 1039 906 528 530 400 615 802 804 895 242 938 662 315 878 858 1073 968 554
593 714 472 245 319 723 199 262 595 358 605 901 947 450 858 642 150 754 0 849 814 424 988 640 618 392 805 544 519 149 547 563 286 265 494 464 962 688 664 740 472 611 278 649 1019 382 682 557 469 783 169 549 236 525 953 676 537 931 818 905 220 744 1048 792 680 146 298 233 966 264 640 428 1074 98 426 582 712 342 708 646 937 452 791 840 899 623 637 419 785 653 426 855 743 344 485 255 416 609 292 498 856 643 920 149 501 301 516 190 750 928 908 383 639 813 930 731 478 141 668 696 618 904 413 201 617 691 616 971 52 321 851 738 543 829 981 806 579 501 735 249 211 1099 760 499 766 701 566 943 467 389 346 316 478 637 629 765 248 654 840 488 929 528 633 582 663 889 202 780 650 912 427 932 638 200 63 474 869 564 912 934 646 461 353 552 471 186 58 335 752 455 231 510 95 727 380 757 782 539 373 869 121 687 526 813 865 293 301 636 336 483 881 735 904 598 300 567 741 657 624 535 516 714 523 694 383 589 572 662 452 571 261 860 288 401 930 595 368 375 569 51 1044 385 154 1075 732 743 706 723 146 731 138 925 871 1047 1043 473 155 676 858 184 637 639 941 626 537 980 348 626 940 895 947 706 655 885 801 233 592 768 230 279 744 417 809 352 360 670
752 197 901 609 795 167 870 656 254 791 745 108 433 412 337 846 808 551 849 0 472 473 379 618 492 657 140 901 409 928 380 289 572 595 649 642 191 240 300 179 545 708 578 232 291 466 577 304 782 452 698 326 775 474 379 242 450 283 524 377 741 271 384 395 498 807 804 647 123 789 274 744 380 756 506 463 196 600 282 379 487 397 558 38 158 533 348 576 514 195 814 419 201 882 638 959 492 630 915 352 529 489 131 701 585 797 407 708 318 80 237 541 220 149 378 340 504 837 307 218 874 402 443 656 668 158 443 125 851 955 376 554 633 69 326 124 334 503 121 692 687 374 168 656 336 478 918 107 447 470 734 873 390 530 388 375 760 370 509 659 95 482 321 281 435 487 654 218 420 352 433 178 417 783 811 886 227 367 87 300 342 441 542 686 384 664 878 563 313 398 909 348 754 306 746 171 275 366 721 345 792 208 426 405 391 838 673 404 616 374 333 130 423 285 558 539 535 235 301 318 343 664 876 271 695 773 308 617 600 306 736 374 562 679 81 513 790 598 827 867 415 821 854 392 539 348 143 359 748 235 891 130 277 289 346 516 718 264 67 874 263 439 160 248 472 499 803 232 546 399 133 147 217 64 323 736 576 310 911 596 237 683 386 1024 840 193
1030 311 1091 658 589 341 936 762 469 952 1029 580 159 436 153 1124 698 929 814 472 0 652 847 243 197 848 582 1124 324 815 308 422 645 662 369 386 661 602 240 577 782 1001 564 547 762 535 921 393 998 855 737 564 874 742 842 292 282 751 930 830 613 211 857 77 139 855 932 721 559 902 599 482 851 719 702 767 313 472 221 194 126 518 949 503 352 204 225 781 910 427 544 852 284 655 368 788 673 274 717 504 63 173 602 682 840 601 654 771 163 515 705 433 502 595 178 152 335 880 230 582 1136 134 572 694 971 435 200 550 787 746 112 926 906 527 797 567 307 756 405 796 760 841 314 370 140 114 1146 560 367 590 525 661 574 190 207 780 866 192 41 379 459 286 650 528 786 75 626 255 171 810 455 650 184 651 754 1081 265 647 442 767 684 381 469 357 444 680 811 697 717 537 746 416 727 698 513 311 196 620 499 792 706 323 305 826 832 959 524 740 479 433 172 384 871 564 545 832 105 323 618 510 536 1008 1096 642 476 1044 566 228 375 562 583 815 618 875 496 223 556 441 1078 803 887 990 900 863 116 746 427 746 791 255 779 406 733 755 818 752 756 267 537 735 313 777 391 540 748 170 957 387 130 127 597 408 530 436 149 602 251 723 748 544 641 445 86 810 605 376
381 410 453 187 528 402 400 187 233 327 382 499 729 227 618 473 448 382 424 473 652 0 564 610 510 203 396 475 342 544 348 245 145 162 527 500 549 271 422 329 135 360 235 245 598 145 333 265 349 378 255 147 302 131 530 394 403 508 429 483 421 487 624 595 565 346 332 193 576 316 223 555 649 353 50 185 407 359 457 458 747 134 417 453 571 542 427 129 397 301 605 440 448 607 513 615 22 597 603 153 713 529 514 299 194 519 91 249 518 546 487 331 253 402 690 513 393 375 431 283 483 683 85 224 337 329 474 584 445 646 632 370 262 434 557 400 344 126 383 221 227 676 447 537 542 569 496 550 318 80 494 586 89 552 447 346 287 459 691 531 565 422 209 191 258 714 279 493 489 489 215 519 477 450 409 441 576 140 552 509 222 299 293 595 210 246 469 94 328 114 570 235 344 303 526 446 525 118 501 446 417 383 368 398 446 366 406 221 373 220 634 392 487 191 230 214 633 363 203 167 138 402 448 271 486 394 165 626 456 167 442 439 158 228 553 506 553 389 426 458 620 361 389 651 630 321 347 303 294 453 514 579 447 628 619 109 272 409 463 521 358 234 602 226 143 782 336 303 779 676 545 355 257 524 565 424 548 344 571 280 323 500 604 704 586 341
632 548 842 749 1047 515 929 736 477 784 618 276 810 652 717 704 1003 351 988 379 847 564 0 962 834 659 271 810 705 1106 685 541 707 726 957 941 212 324 646 304 542 580 771 384 137 650 421 573 723 252 818 462 827 472 39 583 763 96 281 91 959 640 70 770 854 894 823 755 336 826 366 1031 108 916 564 423 546 851 641 726 865 581 331 344 527 876 689 593 297 468 1096 166 566 1133 944 1169 572 968 1146 542 906 837 258 861 545 1043 472 806 688 362 142 799 420 258 754 706 801 921 655 329 746 780 594 788 540 441 783 351 1009 1188 755 364 553 320 58 285 644 502 451 762 783 151 534 966 709 838 818 319 725 614 996 1117 526 876 729 230 809 718 886 966 426 796 358 450 344 867 833 592 769 76 663 208 763 996 973 825 605 425 436 81 341 711 781 1008 617 810 1033 652 235 567 1121 599 908 261 1019 537 651 453 992 119 975 546 730 197 139 858 917 357 868 614 712 470 123 417 757 472 900 562 373 502 506 480 792 304 970 654 440 966 895 442 970 137 714 670 384 849 1057 864 718 1022 56 799 931 102 903 246 441 267 852 598 1075 484 130 175 99 528 834 609 312 1076 586 367 512 406 462 875 799 521 925 778 278 458 390 429 700 960 911 219 1123 806 263 968 762 1252 1101 504
988 422 998 547 368 454 796 661 507 856 991 723 402 386 373 1075 505 956 640 618 243 610 962 0 128 779 691 1045 281 610 290 443 550 560 149 177 807 665 319 662 745 970 442 602 904 468 928 408 925 906 607 576 756 728 948 382 215 869 976 923 422 353 987 278 127 715 822 611 728 788 643 251 990 555 659 769 423 313 335 239 361 485 983 640 543 85 274 728 950 496 306 925 416 423 155 565 628 34 491 494 253 128 746 532 805 382 646 649 315 681 825 302 557 704 417 288 218 734 311 651 1077 375 525 571 948 521 179 723 603 514 340 948 873 655 920 679 323 733 515 689 644 990 450 146 308 154 1068 721 293 533 311 433 556 87 233 839 753 247 246 157 637 190 686 556 811 308 482 412 198 909 395 789 201 453 577 992 463 658 617 882 719 312 345 116 411 548 624 622 784 508 528 404 566 759 290 447 365 624 283 882 522 418 253 891 912 842 339 764 313 406 398 498 955 596 430 819 138 400 655 518 534 1007 1018 700 264 998 588 22 191 583 385 897 520 804 666 115 328 274 1018 618 1010 894 755 1000 127 804 521 798 655 383 576 593 835 907 955 720 623 356 673 527 376 795 588 586 737 404 857 444 336 367 751 505 589 603 340 410 62 793 530 407 717 230 298 576 373 457
892 295 925 479 399 327 749 589 383 784 893 596 344 283 284 982 501 838 618 492 197 510 834 128 0 693 562 965 169 618 170 321 473 488 188 198 680 539 191 535 645 870 379 476 776 376 815 286 842 783 552 458 695 620 819 254 107 740 855 796 416 234 859 195 62 668 757 544 605 725 520 302 862 525 560 656 296 276 212 112 322 379 865 513 429 42 145 635 830 369 369 800 292 472 184 596 530 138 529 381 238 24 620 491 705 409 535 590 203 558 696 242 431 576 343 176 144 691 184 524 988 307 426 511 845 392 50 600 590 560 261 832 773 527 792 550 198 628 387 621 581 863 326 192 203 83 988 596 196 438 334 474 447 44 105 715 689 121 221 200 517 97 565 435 693 272 435 293 74 781 297 661 74 454 558 917 355 542 497 753 598 214 281 202 303 494 614 536 658 401 552 289 533 634 326 322 253 510 309 755 509 290 142 767 786 781 327 646 283 295 310 370 828 474 362 712 130 271 533 400 419 897 938 575 284 904 468 133 180 464 387 770 445 719 544 29 370 244 930 606 881 822 712 872 123 680 392 675 605 260 582 477 707 780 827 618 571 229 546 540 248 679 475 462 628 366 786 317 321 298 625 376 463 481 239 405 86 667 555 354 590 256 216 627 422 329
222 613 251 249 611 603 275 146 432 135 230 665 931 414 821 299 481 371 392 657 848 203 659 779 693 0 559 275 529 538 541 448 232 228 673 642 700 430 623 494 121 226 348 425 727 317 295 467 149 422 247 338 176 196 620 597 585 628 441 568 490 690 727 795 751 260 164 198 749 169 387 671 759 365 157 237 610 489 659 654 948 333 408 633 769 720 625 81 410 500 706 504 650 674 659 634 180 760 648 356 907 714 676 332 118 597 250 209 720 725 620 480 443 561 893 714 562 282 631 448 298 886 276 251 226 525 662 759 433 686 833 354 150 610 669 567 543 165 579 145 193 793 649 681 744 759 297 721 496 258 597 649 291 731 642 428 159 656 886 674 752 599 351 385 314 913 348 696 681 584 397 669 669 505 409 238 778 292 741 624 345 479 437 742 404 283 449 157 440 315 598 434 351 422 632 648 728 291 612 541 443 586 553 465 522 199 511 306 498 415 837 590 554 373 355 192 820 566 361 368 339 321 247 414 604 227 351 797 604 354 523 522 262 26 735 684 647 525 239 440 712 163 287 757 815 418 542 396 246 657 519 772 566 762 735 144 249 612 637 546 561 292 797 410 203 984 148 506 977 878 709 552 440 714 768 498 717 455 598 392 467 626 804 731 667 543
627 277 792 560 806 244 796 584 228 694 619 105 565 407 462 719 789 412 805 140 582 396 271 691 562 559 0 785 442 903 419 286 519 541 694 680 156 129 374 66 440 581 553 156 230 432 442 314 671 312 643 256 696 365 261 311 497 178 384 248 733 371 298 505 582 742 715 585 192 706 175 776 307 720 419 344 275 607 371 454 614 359 418 102 297 605 417 479 374 202 843 281 297 894 681 950 412 698 916 314 643 566 118 664 472 804 315 644 420 177 134 552 174 13 510 437 539 771 383 113 750 529 392 605 540 171 512 203 816 958 497 416 513 70 230 16 377 396 180 618 622 317 268 702 442 566 800 164 469 416 750 880 327 605 458 235 680 446 622 703 225 530 209 224 304 608 624 328 497 227 423 127 491 773 777 777 358 268 223 191 221 457 541 742 374 619 842 491 174 352 900 348 715 170 769 270 386 279 743 212 767 274 465 265 256 751 678 278 624 367 461 199 291 208 535 418 629 291 198 274 290 529 761 148 719 649 234 694 635 234 736 238 517 579 194 579 810 615 706 831 318 721 786 315 632 210 170 223 688 329 868 270 150 248 272 414 662 337 86 860 315 312 300 179 361 630 707 254 670 526 150 186 151 203 437 731 641 170 902 580 103 713 499 1024 856 233
179 881 77 500 829 869 351 385 698 197 193 888 1205 689 1093 140 675 463 544 901 1124 475 810 1045 965 275 785 0 804 689 816 720 495 485 929 897 905 662 897 726 362 230 605 673 909 591 389 741 126 557 461 599 319 428 770 869 859 807 538 719 709 962 881 1070 1025 400 249 438 977 286 627 910 918 562 427 440 878 743 933 929 1223 608 490 872 1027 991 900 347 516 763 933 643 919 877 916 798 453 1024 834 629 1183 987 895 550 316 814 504 416 994 960 813 743 700 784 1165 988 831 402 906 684 96 1159 552 485 269 784 936 989 595 865 1107 447 272 845 837 796 818 400 838 362 412 958 915 937 1018 1033 23 949 769 534 830 850 561 1003 917 598 313 931 1162 929 996 870 580 645 491 1189 584 965 956 743 671 877 944 712 586 70 1044 536 988 799 563 752 700 998 680 514 600 429 634 589 774 710 547 624 867 914 1000 545 850 704 636 856 827 615 671 250 751 507 749 691 1109 851 689 626 616 367 1094 838 600 637 608 344 28 637 847 156 608 1064 864 612 748 677 525 249 974 955 873 781 92 595 854 162 392 912 1089 602 801 582 431 928 683 1024 750 948 901 393 452 885 869 726 834 478 1051 663 429 1258 202 775 1252 1151 929 813 691 962 1041 720 984 646 774 645 684 873 1079 895 881 810
723 223 768 335 389 246 617 438 233 628 725 499 435 115 339 815 434 674 519 409 324 342 705 281 169 529 442 804 0 557 31 167 321 339 252 238 580 392 147 401 476 701 248 328 669 212 648 133 679 626 418 294 551 450 686 178 65 617 695 656 355 227 740 283 223 538 608 397 531 579 366 337 750 421 392 488 222 203 191 133 435 210 702 418 403 204 118 467 669 240 406 651 242 475 239 566 361 276 514 213 380 187 523 375 536 393 366 450 231 485 576 146 287 455 412 213 97 565 150 381 822 390 257 374 675 273 132 531 503 553 336 667 604 424 670 433 75 458 289 472 438 757 268 260 248 229 826 516 51 271 326 468 277 212 118 561 543 139 359 261 463 94 405 277 529 394 319 270 153 646 132 557 140 397 466 759 356 376 443 628 439 59 166 304 133 363 529 375 509 232 517 122 425 484 337 265 264 343 312 614 429 204 28 615 640 635 275 482 218 126 362 278 684 317 228 542 292 174 375 236 253 728 776 425 286 736 306 293 193 302 341 626 295 555 478 169 381 193 764 519 756 666 585 757 288 527 279 519 473 222 519 440 575 680 714 448 439 167 448 490 147 513 448 311 459 476 633 188 454 381 537 267 318 420 282 347 221 520 520 240 449 275 297 621 432 218
742 772 615 357 247 786 338 402 682 507 754 993 961 516 884 790 123 893 149 928 815 544 1106 610 618 538 903 689 557 0 588 639 399 381 460 435 1060 795 705 841 609 759 352 748 1126 471 824 625 618 915 301 653 385 657 1074 730 558 1043 955 1027 205 783 1163 807 676 294 445 364 1050 412 748 368 1186 191 554 714 770 356 748 670 941 544 931 925 956 613 670 559 922 733 343 983 797 235 456 111 540 576 168 589 847 642 1013 245 643 230 635 331 780 1008 1016 411 731 913 952 758 493 287 707 800 766 921 516 321 764 771 628 1053 105 186 870 879 689 917 1095 902 626 635 809 393 350 1209 818 463 793 701 710 1028 506 494 298 211 584 627 653 890 397 680 834 452 1001 540 748 679 794 889 279 827 664 1032 495 1031 655 164 135 618 914 681 982 1047 766 505 394 506 544 297 90 463 871 551 104 580 200 845 322 815 819 653 327 990 136 747 556 941 990 438 293 763 344 554 909 806 1031 701 371 707 729 716 735 629 614 860 669 806 345 738 676 632 439 675 231 983 393 548 1007 591 294 379 717 98 1162 533 296 1189 719 866 785 847 291 779 37 988 985 1150 1154 608 293 724 946 83 693 770 1000 725 669 984 496 697 933 912 1037 781 752 957 829 215 573 887 102 332 854 379 826 205 268 740
730 193 783 357 420 216 641 456 217 644 730 473 411 128 313 822 464 668 547 380 308 348 685 290 170 541 419 816 31 588 0 153 340 359 275 263 554 377 117 381 482 705 274 313 645 227 645 118 691 615 442 288 571 451 667 147 78 595 686 639 386 197 718 261 218 562 627 418 502 598 353 364 726 449 399 486 192 234 161 113 415 214 694 391 371 209 92 476 660 217 434 636 211 505 262 597 369 289 545 211 366 185 496 402 541 423 366 472 204 456 554 177 269 432 386 188 124 589 120 364 831 366 266 397 678 248 127 502 532 583 312 661 608 398 648 409 45 461 261 491 459 732 237 283 223 220 838 488 81 282 356 498 278 214 100 549 562 117 345 284 432 111 395 266 523 375 346 239 140 627 148 532 128 428 495 773 326 371 412 607 429 86 196 323 138 388 559 389 494 236 549 119 453 470 366 234 235 339 342 597 459 174 46 602 624 654 306 475 249 129 335 249 668 306 253 543 285 144 364 230 249 728 788 411 316 743 298 300 220 294 372 610 315 567 448 175 411 224 773 549 735 682 609 734 282 514 254 507 497 191 550 409 555 654 691 453 463 136 422 521 117 508 417 296 459 454 649 164 437 357 509 241 301 390 256 378 232 505 551 268 431 303 275 652 461 191
610 168 698 331 520 167 608 400 65 569 609 360 485 124 373 705 519 519 563 289 422 245 541 443 321 448 286 720 167 639 153 0 299 321 416 399 435 225 183 238 364 580 289 161 516 183 502 35 593 462 422 142 522 320 520 149 230 456 534 489 454 242 580 358 362 538 565 378 411 543 200 491 592 469 292 346 165 322 214 237 507 124 544 287 344 361 200 373 509 94 557 484 205 608 403 673 267 442 633 91 485 333 382 414 421 519 232 439 276 369 417 265 120 298 445 275 260 567 192 215 721 439 181 377 549 132 274 414 562 675 389 514 486 283 510 280 124 336 172 437 420 604 210 425 301 357 740 390 184 206 463 595 158 365 231 395 509 235 462 425 366 261 243 113 374 478 365 249 276 479 144 409 265 496 523 686 335 226 349 465 277 171 258 471 94 381 590 315 342 136 623 62 468 317 482 208 280 198 456 447 502 141 194 449 473 597 393 327 338 85 389 172 516 153 268 410 425 118 212 88 114 588 692 258 432 626 148 452 353 144 454 458 283 473 368 328 523 328 665 578 594 604 585 599 424 361 145 354 475 209 602 363 410 532 557 334 443 165 311 586 114 361 382 143 325 540 577 65 543 432 402 143 152 322 321 451 385 353 625 307 282 428 364 742 570 109
452 464 451 42 398 466 310 116 317 310 457 617 749 215 645 532 304 516 286 572 645 145 707 550 473 232 519 495 321 399 340 299 0 23 440 409 675 402 442 454 239 445 116 363 733 119 457 303 376 521 126 263 231 267 674 435 369 646 569 627 283 518 765 602 535 239 287 80 686 258 353 443 789 209 164 324 461 256 483 453 755 176 552 560 643 497 431 201 536 381 484 585 498 472 426 470 143 530 462 220 700 496 635 154 290 387 235 140 538 650 622 249 356 527 720 526 336 268 449 410 530 704 129 85 433 416 449 692 302 504 650 503 353 546 697 520 355 251 465 150 122 814 508 449 559 546 518 661 280 103 373 449 192 509 439 491 222 458 680 441 658 377 349 297 401 715 138 540 474 632 192 645 461 309 265 443 629 282 642 649 366 264 205 509 221 103 327 84 471 174 425 259 201 445 408 506 558 254 385 590 272 436 341 543 591 314 285 366 266 233 665 469 632 311 122 335 603 409 338 253 232 514 467 408 375 458 285 568 372 285 309 584 29 256 653 461 428 293 471 316 763 348 286 791 597 466 433 448 176 495 369 661 587 760 758 226 146 442 575 376 395 376 680 340 279 795 313 364 776 695 663 436 370 614 589 289 489 487 426 161 458 395 615 560 455 408
450 486 438 26 392 488 288 101 341 296 456 640 769 235 666 528 289 527 265 595 662 162 726 560 488 228 541 485 339 381 359 321 23 0 446 415 698 423 462 476 246 446 121 385 754 140 466 325 368 536 103 285 212 280 693 456 384 667 582 646 275 539 785 620 549 216 270 59 709 240 375 443 809 190 177 337 484 261 504 472 774 199 563 583 666 510 450 205 549 404 482 601 520 463 432 455 158 539 450 243 716 511 657 138 295 380 254 117 558 673 643 258 379 549 740 545 348 245 469 431 523 723 152 63 436 440 465 715 283 492 669 513 355 569 717 543 375 262 488 133 101 834 530 455 579 561 508 684 296 126 371 440 214 522 457 508 204 476 697 447 681 391 369 320 415 733 128 562 491 651 212 667 478 298 246 431 651 301 665 669 384 281 215 515 242 84 307 90 490 197 411 281 182 465 406 528 579 275 385 608 256 458 357 559 608 296 284 382 269 255 686 492 649 333 130 344 618 431 359 277 255 520 458 429 376 455 307 579 379 307 303 602 44 251 677 474 424 298 465 296 782 334 263 812 612 484 456 465 153 516 352 684 607 782 778 236 123 463 598 362 417 391 703 363 292 814 298 387 793 715 685 459 393 638 609 281 500 506 412 164 479 398 634 547 449 431
890 454 876 428 222 481 658 543 482 735 895 746 525 323 473 972 356 896 494 649 369 527 957 149 188 673 694 929 252 460 275 416 440 446 0 31 828 641 354 653 658 879 325 577 920 382 858 384 814 862 477 528 627 654 937 408 199 869 928 906 274 413 992 382 231 578 696 490 769 660 610 114 1001 413 572 702 453 185 385 285 494 419 928 664 609 166 307 633 899 491 181 895 460 286 14 420 541 117 348 441 392 206 770 396 716 235 581 520 388 722 828 197 537 707 530 362 156 595 350 631 969 491 446 445 861 523 222 766 455 376 448 887 783 672 922 684 319 653 533 568 519 1007 492 9 391 260 952 757 235 447 162 291 491 179 271 803 626 295 382 11 689 166 643 520 756 441 350 470 257 896 323 806 253 304 430 871 540 602 668 880 675 252 237 69 355 419 476 519 755 441 381 363 425 728 144 488 438 567 134 864 374 440 228 858 887 712 194 710 180 355 498 520 931 558 317 742 273 414 615 473 482 930 902 671 115 897 544 171 71 540 236 873 410 696 711 159 186 147 911 469 1008 772 615 1009 263 769 528 759 521 431 427 654 826 929 966 636 491 388 695 378 387 737 655 558 665 537 734 439 478 483 781 515 568 649 427 261 118 767 383 283 699 80 403 442 236 466
