74
0 481 366 410 459 852 480 896 420 608 305 667 361 601 184 638 469 501 454 263 403 775 695 669 625 438 674 279 330 412 110 755 480 579 895 497 609 863 608 449 845 604 841 304 533 547 544 535 335 417 420 146 272 810 746 974 568 450 841 313 426 745 459 508 207 486 405 334 882 963 13 224 126 568
481 0 247 272 701 605 553 653 495 500 676 1003 209 755 443 339 476 975 192 294 753 554 794 597 884 866 1026 757 739 750 483 790 817 507 655 563 284 981 756 677 900 549 904 665 753 948 478 140 817 95 885 467 216 623 537 1209 724 229 614 791 908 838 695 860 683 132 886 808 1041 1199 472 583 500 349
366 247 0 51 457 503 308 550 248 306 462 764 41 509 245 271 237 805 379 103 526 431 554 395 638 662 790 637 534 520 315 563 583 296 550 319 244 742 509 432 672 336 674 448 506 729 262 206 682 267 706 283 231 482 405 961 477 405 498 672 765 600 451 628 569 160 748 646 798 952 354 377 324 210
410 272 51 0 449 453 281 499 227 256 477 760 86 485 273 229 204 832 420 147 533 380 522 347 625 679 788 676 551 526 349 523 585 250 499 291 209 709 485 423 633 291 636 462 492 738 216 203 717 305 731 314 281 430 354 939 454 448 447 710 798 566 442 631 609 163 783 675 769 930 397 398 356 161
459 701 457 449 0 679 214 706 232 417 203 313 492 162 311 607 288 550 790 417 159 603 271 405 185 340 344 559 260 141 352 362 163 374 702 219 619 412 171 26 423 363 415 191 74 338 362 652 551 697 450 326 592 594 576 530 138 805 652 581 590 316 8 208 533 612 589 456 423 520 450 240 333 512
852 605 503 453 679 0 473 48 490 270 817 957 528 592 687 265 424 1198 796 596 827 80 538 280 780 1005 996 1099 895 811 772 454 843 312 49 464 320 660 584 656 532 316 545 800 671 1018 335 464 1127 685 1093 731 720 101 110 968 584 832 35 1131 1197 548 671 887 1040 480 1186 1063 750 963 839 772 772 293
480 553 308 281 214 473 0 503 67 204 350 518 349 204 296 398 83 729 682 317 354 394 249 213 361 532 553 670 426 339 375 280 376 162 500 16 417 436 203 188 381 159 381 333 230 549 148 475 684 574 625 334 505 394 366 659 174 705 447 699 742 297 205 421 624 442 735 606 489 650 468 324 365 305
896 653 550 499 706 48 503 0 525 305 851 975 575 609 728 314 459 1231 844 642 856 121 547 302 797 1036 1015 1140 928 840 814 458 869 345 5 493 368 657 601 684 528 344 542 834 693 1044 371 512 1166 734 1127 773 768 113 150 969 604 880 56 1172 1234 553 697 912 1081 529 1224 1099 749 964 883 809 813 340
420 495 248 227 232 490 67 525 0 220 327 545 288 261 235 377 67 707 617 249 350 410 316 255 399 521 576 625 405 337 317 347 385 180 523 83 387 502 262 205 449 193 449 310 266 553 154 427 645 510 602 276 437 422 381 713 228 639 469 655 709 364 224 431 574 391 699 574 552 704 408 284 310 282
608 500 306 256 417 270 204 305 220 0 546 711 343 360 431 235 154 927 669 374 558 191 344 97 542 735 748 838 624 543 517 304 580 42 303 198 274 514 354 392 412 67 419 529 420 754 66 382 862 553 822 476 537 205 162 791 343 700 249 870 928 375 408 625 783 369 919 794 591 784 595 503 514 163
305 676 462 477 203 817 350 851 327 546 0 363 485 366 233 684 394 380 716 383 98 737 474 563 331 202 374 356 78 108 220 561 174 505 848 362 680 610 374 208 627 509 619 17 271 272 482 669 349 645 275 217 514 744 708 674 339 722 795 378 396 519 208 205 333 622 392 260 610 664 300 96 199 592
667 1003 764 760 313 957 518 975 545 711 363 0 797 365 577 917 598 475 1070 710 266 887 443 676 178 297 41 634 345 262 582 548 192 670 971 520 932 459 374 339 549 650 534 367 291 187 665 964 589 987 417 573 867 862 861 359 373 1078 925 640 578 461 320 158 644 922 591 485 404 349 663 454 561 823
361 209 41 86 492 528 349 575 288 343 485 797 0 549 260 284 279 817 337 108 554 458 596 434 674 683 821 637 554 549 322 604 613 336 575 361 249 784 550 468 713 376 716 472 544 755 302 187 685 225 720 294 196 512 433 1001 517 364 525 671 771 642 486 658 567 138 753 655 839 991 349 397 333 234
601 755 509 485 162 592 204 609 261 360 366 365 549 0 433 584 285 700 875 501 313 524 109 312 188 487 405 722 421 294 491 207 291 322 605 196 611 262 9 160 261 294 253 353 104 458 327 678 714 771 604 459 688 496 500 454 34 895 560 744 750 153 158 325 693 646 750 618 295 446 591 393 475 496
184 443 245 273 311 687 296 728 235 431 233 577 260 433 0 499 286 560 492 153 315 607 519 486 493 425 595 413 296 316 86 572 385 399 726 312 482 695 438 295 667 422 664 222 381 505 366 447 447 413 461 44 289 636 578 841 398 502 672 446 526 570 309 425 353 398 511 402 724 831 172 139 86 417
638 339 271 229 607 265 398 314 377 235 684 917 284 584 499 0 319 1052 530 374 723 216 579 322 758 885 950 906 761 712 578 536 762 265 315 399 56 748 580 581 641 301 649 668 628 928 257 199 946 419 949 542 465 288 203 1025 562 566 275 939 1025 610 599 809 839 215 1010 900 826 1018 625 614 584 94
469 476 237 204 288 424 83 459 67 154 394 598 279 285 286 319 0 774 616 266 415 343 318 200 443 587 631 687 472 401 371 328 446 116 457 89 335 505 284 262 436 135 438 377 312 616 88 392 708 504 669 329 450 358 314 740 257 641 403 717 774 363 280 492 633 361 764 640 565 731 456 349 366 225
501 975 805 832 550 1198 729 1231 707 927 380 475 817 700 560 1052 774 0 952 709 390 1118 808 940 579 214 449 277 303 409 496 907 413 885 1228 740 1041 896 710 565 950 888 939 397 596 288 862 1004 203 917 104 523 773 1124 1088 832 683 944 1175 258 133 845 557 390 336 954 157 167 862 822 507 437 484 963
454 192 379 420 790 796 682 844 617 669 716 1070 337 875 492 530 616 952 0 376 806 742 931 765 976 884 1086 701 764 808 500 942 877 669 846 695 475 1119 877 770 1051 710 1053 708 853 983 636 332 770 116 875 499 203 809 724 1317 841 38 804 733 863 978 786 916 629 317 839 787 1169 1307 450 620 520 529
263 294 103 147 417 596 317 642 249 374 383 710 108 501 153 374 266 709 376 0 458 521 565 452 603 578 732 534 449 455 214 592 522 355 641 331 348 751 504 395 697 389 697 371 477 655 318 295 579 279 612 185 188 565 494 941 467 394 589 568 664 614 412 565 465 246 646 547 797 931 250 292 225 307
403 753 526 533 159 827 354 856 350 558 98 266 554 313 315 723 415 390 806 458 0 749 422 558 241 181 280 429 114 19 315 519 76 516 853 363 727 537 323 176 571 512 561 100 210 205 498 732 408 729 291 308 603 746 720 578 294 814 801 446 437 464 167 109 417 687 438 307 527 568 399 188 294 629
775 554 431 380 603 80 394 121 410 191 737 887 458 524 607 216 343 1118 742 521 749 0 479 212 712 926 925 1019 815 734 693 404 767 233 120 386 273 615 517 580 492 240 504 720 599 942 255 415 1047 629 1013 652 653 75 29 918 514 778 67 1051 1116 494 595 812 960 425 1105 983 703 912 761 691 692 224
695 794 554 522 271 538 249 547 316 344 474 443 596 109 519 579 318 808 931 565 422 479 0 271 266 594 485 829 530 403 585 105 396 314 543 236 614 187 99 266 154 277 147 460 212 557 331 701 822 821 712 549 753 438 459 447 134 954 503 852 859 50 265 427 798 675 859 727 250 440 684 495 570 499
669 597 395 347 405 280 213 302 255 97 563 676 434 312 486 322 200 940 765 452 558 212 271 0 500 739 715 880 638 541 571 214 567 98 298 201 366 427 305 383 318 64 327 546 391 742 134 479 896 648 837 529 624 189 189 717 303 795 250 910 956 294 396 610 830 466 948 820 509 710 656 536 564 258
625 884 638 625 185 780 361 797 399 542 331 178 674 188 493 758 443 579 976 603 241 712 266 500 0 370 219 668 354 226 523 372 179 502 793 359 779 316 196 207 384 479 371 326 132 304 501 827 642 882 497 503 777 685 688 350 199 991 748 683 656 288 190 189 659 789 662 537 290 339 618 400 503 666
438 866 662 679 340 1005 532 1036 521 735 202 297 683 487 425 885 587 214 884 578 181 926 594 739 370 0 283 339 128 199 387 694 199 693 1032 542 882 685 496 358 736 691 725 217 383 121 673 868 292 825 127 399 687 926 897 655 471 884 980 343 288 631 348 180 360 821 298 188 657 644 438 286 369 793
674 1026 790 788 344 996 553 1015 576 748 374 41 821 405 595 950 631 449 1086 732 280 925 485 715 219 283 0 623 347 278 594 590 210 706 1010 555 964 499 414 370 590 688 576 379 327 167 700 991 575 1007 398 588 883 902 899 382 411 1094 965 627 558 503 352 170 638 949 572 472 442 372 671 467 573 856
279 757 637 676 559 1099 670 1140 625 838 356 634 637 722 413 906 687 277 701 534 429 1019 829 880 668 339 623 0 315 446 329 912 491 803 1138 685 882 964 730 563 983 819 975 368 627 460 772 814 74 685 245 368 543 1044 990 986 694 688 1083 34 163 875 564 495 73 765 138 153 956 976 290 346 327 829
330 739 534 551 260 895 426 928 405 624 78 345 554 421 296 761 472 303 764 449 114 815 530 638 354 128 347 315 0 132 265 622 178 582 925 437 756 652 430 271 681 585 672 94 321 219 559 740 294 701 199 273 565 820 785 681 398 767 872 331 329 574 266 191 308 692 328 196 641 671 328 157 245 670
412 750 520 526 141 811 339 840 337 543 108 262 549 294 316 712 401 409 808 455 19 734 403 541 226 199 278 446 132 0 320 499 70 501 837 347 717 519 304 158 552 496 542 107 191 216 484 726 427 728 310 311 605 729 705 566 275 816 785 464 456 444 148 109 433 681 457 326 510 556 407 193 300 618
110 483 315 349 352 772 375 814 317 517 220 582 322 491 86 578 371 496 500 214 315 693 585 571 523 387 594 329 265 320 0 646 390 485 812 391 558 753 497 341 735 507 731 215 425 483 452 508 368 438 402 41 300 722 664 873 457 503 758 362 450 635 351 424 267 458 433 333 774 863 99 127 20 500
755 790 563 523 362 454 280 458 347 304 561 548 604 207 572 536 328 907 942 592 519 404 105 214 372 694 590 912 622 499 646 0 498 286 453 264 579 213 197 352 109 244 115 546 311 662 312 683 910 828 810 608 778 353 388 514 224 968 419 936 952 95 355 531 876 664 951 818 299 509 743 570 633 467
480 817 583 585 163 843 376 869 385 580 174 192 613 291 385 762 446 413 877 522 76 767 396 567 179 199 210 491 178 70 390 498 0 537 865 382 770 489 301 187 537 527 525 176 188 175 524 787 463 797 323 381 674 757 739 505 279 886 815 505 479 432 172 46 486 743 484 358 469 494 475 263 369 668
579 507 296 250 374 312 162 345 180 42 505 670 336 322 399 265 116 885 669 355 516 233 314 98 502 693 706 803 582 501 485 286 537 0 343 155 299 490 317 349 395 42 401 488 379 711 36 396 825 553 781 443 525 242 204 760 303 698 289 834 890 349 365 582 749 378 880 754 563 752 566 465 481 184
895 655 550 499 702 49 500 5 523 303 848 971 575 605 726 315 457 1228 846 641 853 120 543 298 793 1032 1010 1138 925 837 812 453 865 343 0 490 370 652 597 680 523 341 536 831 689 1040 369 514 1164 735 1124 771 768 109 149 963 600 882 54 1170 1232 548 694 908 1079 530 1221 1097 744 958 882 806 811 340
497 563 319 291 219 464 16 493 83 198 362 520 361 196 312 399 89 740 695 331 363 386 236 201 359 542 555 685 437 347 391 264 382 155 490 0 420 423 195 194 366 149 366 345 230 556 145 482 698 586 636 350 519 384 358 651 168 718 438 714 755 283 210 427 639 450 748 619 478 642 484 339 381 306
609 284 244 209 619 320 417 368 387 274 680 932 249 611 482 56 335 1041 475 348 727 273 614 366 779 882 964 882 756 717 558 579 770 299 370 420 0 788 608 593 685 338 693 664 647 932 286 143 926 366 939 523 420 345 259 1058 587 511 331 916 1008 648 612 817 813 163 991 885 863 1050 597 605 565 116
863 981 742 709 412 660 436 657 502 514 610 459 784 262 695 748 505 896 1119 751 537 615 187 427 316 685 499 964 652 519 753 213 489 490 652 423 788 0 256 416 130 449 116 600 339 618 511 884 946 1009 811 721 940 559 601 313 296 1142 624 983 968 143 409 505 943 860 973 844 93 309 853 651 737 674
608 756 509 485 171 584 203 601 262 354 374 374 550 9 438 580 284 710 877 504 323 517 99 305 196 496 414 730 430 304 497 197 301 317 597 195 608 256 0 168 252 289 244 362 113 467 323 677 723 772 614 464 691 488 493 456 39 898 552 753 759 145 166 335 701 645 759 627 292 447 597 401 481 492
449 677 432 423 26 656 188 684 205 392 208 339 468 160 295 581 262 565 770 395 176 580 266 383 207 358 370 563 271 158 341 352 187 349 680 194 593 416 168 0 420 340 412 195 86 362 337 627 558 675 464 312 572 572 552 549 131 785 629 586 600 313 18 233 533 587 598 466 433 539 440 234 323 486
845 900 672 633 423 532 381 528 449 412 627 549 713 261 667 641 436 950 1051 697 571 492 154 318 384 736 590 983 681 552 735 109 537 395 523 366 685 130 252 420 0 353 15 614 360 687 422 792 975 938 858 699 884 432 480 444 288 1077 496 1005 1008 107 419 563 952 773 1009 877 223 440 834 649 722 575
604 549 336 291 363 316 159 344 193 67 509 650 376 294 422 301 135 888 710 389 512 240 277 64 479 691 688 819 585 496 507 244 527 42 341 149 338 449 289 340 353 0 359 492 360 702 74 438 837 595 784 465 563 235 213 724 279 739 289 849 899 309 355 571 767 421 891 763 525 717 591 476 501 224
841 904 674 636 415 545 381 542 449 419 619 534 716 253 664 649 438 939 1053 697 561 504 147 327 371 725 576 975 672 542 731 115 525 401 536 366 693 116 244 412 15 359 0 606 351 674 427 798 966 941 847 695 885 445 491 429 281 1079 509 997 998 99 411 551 945 778 999 868 209 425 830 643 717 582
304 665 448 462 191 800 333 834 310 529 17 367 472 353 222 668 377 397 708 371 100 720 460 546 326 217 379 368 94 107 215 546 176 488 831 345 664 600 362 195 614 492 606 0 260 283 465 655 364 635 292 209 506 727 691 672 326 715 777 391 412 507 195 209 343 608 407 276 602 661 299 88 194 576
533 753 506 492 74 671 230 693 266 420 271 291 544 104 381 628 312 596 853 477 210 599 212 391 132 383 327 627 321 191 425 311 188 379 689 230 647 339 113 86 360 360 351 260 0 358 374 694 615 756 500 398 657 580 573 464 92 869 641 648 648 253 74 225 604 656 648 517 349 454 524 314 407 535
547 948 729 738 338 1018 549 1044 553 754 272 187 755 458 505 928 616 288 983 655 205 942 557 742 304 121 167 460 219 216 483 662 175 711 1040 556 932 618 467 362 687 702 674 283 358 0 697 936 409 916 231 487 782 932 914 547 450 986 990 462 391 587 347 133 482 890 405 307 577 537 546 367 463 834
544 478 262 216 362 335 148 371 154 66 482 665 302 327 366 257 88 862 636 318 498 255 331 134 501 673 700 772 559 484 452 312 524 36 369 145 286 511 323 337 422 74 427 465 374 697 0 372 795 521 757 410 490 271 226 772 305 665 315 803 862 368 354 570 716 351 852 728 581 764 531 437 448 170
535 140 206 203 652 464 475 512 427 382 669 964 187 678 447 199 392 1004 332 295 732 415 701 479 827 868 991 814 740 726 508 683 787 396 514 482 143 884 677 627 792 438 798 655 694 936 372 0 866 226 907 481 305 485 399 1133 649 369 474 848 953 741 645 833 742 49 935 841 951 1124 524 583 520 222
335 817 682 717 551 1127 684 1166 645 862 349 589 685 714 447 946 708 203 770 579 408 1047 822 896 642 292 575 74 294 427 368 910 463 825 1164 698 926 946 723 558 975 837 966 364 615 409 795 866 0 749 183 404 605 1067 1017 946 689 758 1110 57 92 867 556 460 141 817 69 105 932 936 345 360 362 865
417 95 267 305 697 685 574 734 510 553 645 987 225 771 413 419 504 917 116 279 729 629 821 648 882 825 1007 685 701 728 438 828 797 553 735 586 366 1009 772 675 938 595 941 635 756 916 521 226 749 0 832 428 144 695 610 1218 737 149 692 719 841 867 692 838 612 204 818 750 1063 1208 410 549 456 414
420 885 706 731 450 1093 625 1127 602 822 275 417 720 604 461 949 669 104 875 612 291 1013 712 837 497 127 398 245 199 310 402 810 323 781 1124 636 939 811 614 464 858 784 847 292 500 231 757 907 183 832 0 426 688 1019 983 776 585 869 1070 239 162 752 457 307 286 858 174 97 785 766 425 334 388 860
146 467 283 314 326 731 334 773 276 476 217 573 294 459 44 542 329 523 499 185 308 652 549 529 503 399 588 368 273 311 41 608 381 443 771 350 523 721 464 312 699 465 695 209 398 487 410 481 404 428 426 0 296 680 623 853 424 505 717 401 484 600 325 418 308 431 468 362 745 842 135 121 42 461
272 216 231 281 592 720 505 768 437 537 514 867 196 688 289 465 450 773 203 188 603 653 753 624 777 687 883 543 565 605 300 778 674 525 768 519 420 940 691 572 884 563 885 506 657 782 490 305 605 144 688 296 0 709 629 1121 653 213 719 577 697 802 588 713 469 263 675 606 984 1111 265 418 319 429
810 623 482 430 594 101 394 113 422 205 744 862 512 496 636 288 358 1124 809 565 746 75 438 189 685 926 902 1044 820 729 722 353 757 242 109 384 345 559 488 572 432 235 445 727 580 932 271 485 1067 695 1019 680 709 0 86 867 491 843 65 1075 1131 447 585 799 988 492 1122 996 649 862 797 707 719 282
746 537 405 354 576 110 366 150 381 162 708 861 433 500 578 203 314 1088 724 494 720 29 459 189 688 897 899 990 785 705 664 388 739 204 149 358 259 601 493 552 480 213 491 691 573 914 226 399 1017 610 983 623 629 86 0 901 489 758 95 1022 1086 477 567 784 931 406 1076 953 688 895 733 661 663 200
974 1209 961 939 530 968 659 969 713 791 674 359 1001 454 841 1025 740 832 1317 941 578 918 447 717 350 655 382 986 681 566 873 514 505 760 963 651 1058 313 456 549 444 724 429 672 464 547 772 1133 946 1218 776 853 1121 867 901 0 485 1334 932 995 938 424 533 492 989 1101 951 841 220 10 967 750 853 942
568 724 477 454 138 584 174 604 228 343 339 373 517 34 398 562 257 683 841 467 294 514 134 303 199 471 411 694 398 275 457 224 279 303 600 168 587 296 39 131 288 279 281 326 92 450 305 649 689 737 585 424 653 491 489 485 0 861 553 717 728 182 132 317 664 616 727 594 330 476 557 362 442 472
450 229 405 448 805 832 705 880 639 700 722 1078 364 895 502 566 641 944 38 394 814 778 954 795 991 884 1094 688 767 816 503 968 886 698 882 718 511 1142 898 785 1077 739 1079 715 869 986 665 369 758 149 869 505 213 843 758 1334 861 0 840 718 850 1002 801 924 617 352 826 780 1190 1324 447 626 524 563
841 614 498 447 652 35 447 56 469 249 795 925 525 560 672 275 403 1175 804 589 801 67 503 250 748 980 965 1083 872 785 758 419 815 289 54 438 331 624 552 629 496 289 509 777 641 990 315 474 1110 692 1070 717 719 65 95 932 553 840 0 1115 1177 513 643 859 1025 487 1167 1043 714 927 828 752 757 290
313 791 672 710 581 1131 699 1172 655 870 378 640 671 744 446 939 717 258 733 568 446 1051 852 910 683 343 627 34 331 464 362 936 505 834 1170 714 916 983 753 586 1005 849 997 391 648 462 803 848 57 719 239 401 577 1075 1022 995 717 718 1115 0 137 898 586 506 107 800 110 155 972 985 324 375 360 862
426 908 765 798 590 1197 742 1234 709 928 396 578 771 750 526 1025 774 133 863 664 437 1116 859 956 656 288 558 163 329 456 450 952 479 890 1232 755 1008 968 759 600 1008 899 998 412 648 391 862 953 92 841 162 484 697 1131 1086 938 728 850 1177 137 0 901 596 468 233 904 26 136 945 928 435 425 442 942
745 838 600 566 316 548 297 553 364 375 519 461 642 153 570 610 363 845 978 614 464 494 50 294 288 631 503 875 574 444 635 95 432 349 548 283 648 143 145 313 107 309 99 507 253 587 368 741 867 867 752 600 802 447 477 424 182 1002 513 898 901 0 311 460 846 717 902 770 216 418 734 544 620 533
459 695 451 442 8 671 205 697 224 408 208 320 486 158 309 599 280 557 786 412 167 595 265 396 190 348 352 564 266 148 351 355 172 365 694 210 612 409 166 18 419 355 411 195 74 347 354 645 556 692 457 325 588 585 567 533 132 801 643 586 596 311 0 217 536 605 595 462 423 523 450 241 333 504
508 860 628 631 208 887 421 912 431 625 205 158 658 325 425 809 492 390 916 565 109 812 427 610 189 180 170 495 191 109 424 531 46 582 908 427 817 505 335 233 563 571 551 209 225 133 570 833 460 838 307 418 713 799 784 492 317 924 859 506 468 460 217 0 497 788 475 355 477 482 504 297 403 714
207 683 569 609 533 1040 624 1081 574 783 333 644 567 693 353 839 633 336 629 465 417 960 798 830 659 360 638 73 308 433 267 876 486 749 1079 639 813 943 701 533 952 767 945 343 604 482 716 742 141 612 286 308 469 988 931 989 664 617 1025 107 233 846 536 497 0 694 209 189 943 978 218 305 268 764
486 132 160 163 612 480 442 529 391 369 622 922 138 646 398 215 361 954 317 246 687 425 675 466 789 821 949 765 692 681 458 664 743 378 530 450 163 860 645 587 773 421 778 608 656 890 351 49 817 204 858 431 263 492 406 1101 616 352 487 800 904 717 605 788 694 0 885 791 925 1092 475 534 470 216
405 886 748 783 589 1186 735 1224 699 919 392 591 753 750 511 1010 764 157 839 646 438 1105 859 948 662 298 572 138 328 457 433 951 484 880 1221 748 991 973 759 598 1009 891 999 407 648 405 852 935 69 818 174 468 675 1122 1076 951 727 826 1167 110 26 902 595 475 209 885 0 132 952 940 414 415 426 928
334 808 646 675 456 1063 606 1099 574 794 260 485 655 618 402 900 640 167 787 547 307 983 727 820 537 188 472 153 196 326 333 818 358 754 1097 619 885 844 627 466 877 763 868 276 517 307 728 841 105 750 97 362 606 996 953 841 594 780 1043 155 136 770 462 355 189 791 132 0 827 831 340 291 322 814
882 1041 798 769 423 750 489 749 552 591 610 404 839 295 724 826 565 862 1169 797 527 703 250 509 290 657 442 956 641 510 774 299 469 563 744 478 863 93 292 433 223 525 209 602 349 577 581 951 932 1063 785 745 984 649 688 220 330 1190 714 972 945 216 423 477 943 925 952 827 0 216 873 663 756 748
963 1199 952 930 520 963 650 964 704 784 664 349 991 446 831 1018 731 822 1307 931 568 912 440 710 339 644 372 976 671 556 863 509 494 752 958 642 1050 309 447 539 440 717 425 661 454 537 764 1124 936 1208 766 842 1111 862 895 10 476 1324 927 985 928 418 523 482 978 1092 940 831 216 0 957 739 843 934
13 472 354 397 450 839 468 883 408 595 300 663 349 591 172 625 456 507 450 250 399 761 684 656 618 438 671 290 328 407 99 743 475 566 882 484 597 853 597 440 834 591 830 299 524 546 531 524 345 410 425 135 265 797 733 967 557 447 828 324 435 734 450 504 218 475 414 340 873 957 0 217 116 555
224 583 377 398 240 772 324 809 284 503 96 454 397 393 139 614 349 437 620 292 188 691 495 536 400 286 467 346 157 193 127 570 263 465 806 339 605 651 401 234 649 476 643 88 314 367 437 583 360 549 334 121 418 707 661 750 362 626 752 375 425 544 241 297 305 534 415 291 663 739 217 0 106 526
126 500 324 356 333 772 365 813 310 514 199 561 333 475 86 584 366 484 520 225 294 692 570 564 503 369 573 327 245 300 20 633 369 481 811 381 565 737 481 323 722 501 717 194 407 463 448 520 362 456 388 42 319 719 663 853 442 524 757 360 442 620 333 403 268 470 426 322 756 843 116 106 0 503
568 349 210 161 512 293 305 340 282 163 592 823 234 496 417 94 225 963 529 307 629 224 499 258 666 793 856 829 670 618 500 467 668 184 340 306 116 674 492 486 575 224 582 576 535 834 170 222 865 414 860 461 429 282 200 942 472 563 290 862 942 533 504 714 764 216 928 814 748 934 555 526 503 0
