166
0 642 151 675 513 589 851 277 679 991 835 356 429 666 356 621 454 650 291 711 321 558 484 479 633 89 497 305 92 217 583 486 434 757 596 689 846 317 563 510 487 925 650 127 841 754 554 293 116 858 734 941 542 883 353 600 901 43 267 382 820 672 482 330 338 402 295 587 445 754 337 355 816 395 887 767 600 533 473 605 847 881 540 545 412 709 460 649 664 127 117 597 795 149 297 343 697 275 796 241 650 237 517 536 31 249 460 505 643 760 368 837 128 491 578 407 717 483 975 313 689 311 643 793 450 496 139 300 451 860 593 484 442 180 892 399 853 342 469 889 175 113 427 380 420 521 517 394 814 313 912 870 887 854 42 285 469 649 691 318 254 478 346 405 721 826
642 0 535 91 133 862 614 435 767 939 708 507 488 64 753 147 438 89 495 464 334 106 487 365 108 707 320 344 644 470 477 820 352 447 156 263 694 750 898 683 390 389 27 579 200 646 475 859 698 767 94 850 230 719 858 202 273 633 510 786 600 510 268 581 303 262 601 772 453 415 571 474 222 914 699 652 684 830 463 462 781 471 221 637 877 656 753 445 271 732 572 809 158 557 384 654 659 497 362 628 566 440 769 609 628 683 1034 787 138 373 296 850 712 895 284 937 583 236 351 692 507 393 373 632 734 1059 504 606 365 242 116 649 200 619 636 542 305 862 460 555 531 619 554 702 589 816 552 257 237 397 390 512 852 811 604 896 924 817 686 832 756 340 616 605 511 225
151 535 0 583 401 502 701 128 555 858 690 392 453 569 292 491 303 528 323 560 200 466 336 461 547 181 466 190 112 71 433 411 411 606 521 547 700 267 495 389 336 784 538 44 728 609 404 329 164 717 629 802 485 737 349 462 779 119 120 325 670 522 340 202 238 330 371 476 457 604 206 377 687 402 739 622 470 450 486 454 708 732 480 412 389 567 368 498 521 199 39 494 680 26 159 240 556 307 650 336 503 98 418 399 122 188 506 414 514 612 242 708 177 445 432 422 569 422 850 233 538 288 493 645 354 535 86 185 301 736 509 359 343 280 741 444 716 347 482 738 220 221 473 287 287 436 373 277 683 294 770 719 753 718 110 361 445 539 554 317 239 329 422 277 570 698
675 91 583 0 195 943 704 496 855 1030 800 490 457 26 820 239 521 179 490 555 387 117 572 328 49 747 282 393 689 523 567 896 329 537 106 352 785 814 975 765 475 450 115 628 205 737 564 912 743 859 94 941 190 810 919 293 294 672 574 855 691 601 351 652 345 276 592 856 420 504 643 458 275 974 789 743 771 909 424 552 872 551 183 723 942 747 830 536 362 775 618 892 180 607 442 725 750 495 445 628 657 493 849 695 665 744 1088 865 229 460 355 941 757 967 374 997 675 219 372 758 598 397 465 723 810 1115 540 674 447 276 85 731 239 628 724 516 368 921 422 641 545 637 524 774 667 894 638 313 297 400 455 597 943 902 641 942 992 903 776 891 813 424 600 682 602 274
513 133 401 195 0 750 589 303 678 885 660 426 424 176 625 147 333 145 399 427 201 100 387 320 176 575 283 212 511 337 400 700 290 429 184 266 651 620 780 575 294 458 137 446 328 589 391 726 565 714 227 801 217 681 727 169 390 502 380 659 569 453 168 456 174 163 505 668 395 403 447 392 315 782 665 597 590 715 412 393 723 492 206 538 748 587 635 391 258 599 439 703 282 424 251 529 587 398 383 524 495 306 656 511 497 552 901 671 159 375 163 779 579 771 226 806 527 186 466 563 455 292 329 587 616 926 374 479 259 352 149 540 81 507 617 469 376 730 408 555 415 498 486 578 474 700 455 124 321 298 453 517 791 749 474 763 797 718 609 700 623 242 529 487 468 323
589 862 502 943 750 0 579 491 216 500 471 894 953 920 236 741 424 805 826 552 603 847 379 941 926 529 933 610 497 506 432 107 890 616 925 704 500 278 77 181 476 899 849 487 1001 427 417 414 486 448 944 496 922 527 319 686 1008 546 418 217 551 470 593 319 663 772 869 114 953 641 323 877 900 335 551 437 228 55 981 461 421 751 914 244 256 365 134 511 675 502 504 76 953 482 543 263 348 809 738 825 395 526 95 270 561 339 457 88 763 685 611 348 481 169 605 355 445 863 1053 277 489 778 571 488 150 447 588 320 496 962 896 213 738 764 615 947 872 340 977 685 720 697 976 215 276 68 322 653 880 785 877 698 417 406 569 504 239 126 314 339 356 523 920 265 518 914
851 614 701 704 589 579 0 584 370 351 140 968 989 677 664 470 398 525 918 163 612 675 367 904 720 852 870 631 784 643 267 623 866 167 756 351 110 696 652 449 376 406 588 726 637 152 296 869 815 201 648 258 805 117 802 424 594 814 584 679 32 179 453 547 652 723 1010 467 967 201 536 936 503 845 89 143 358 590 988 247 228 223 794 374 770 213 568 215 343 849 734 503 604 702 591 582 230 909 284 1000 215 634 532 363 821 689 986 563 475 250 577 332 821 718 364 871 147 773 603 641 163 819 260 91 557 989 750 588 421 557 713 445 642 956 41 1020 426 819 984 120 870 911 1043 590 467 585 352 591 475 827 383 154 295 263 811 950 783 462 264 800 760 407 1050 491 134 515
277 435 128 496 303 491 584 0 492 775 589 431 478 478 327 371 188 415 368 437 116 384 231 450 467 307 441 119 236 60 318 420 399 480 452 419 595 318 504 342 211 657 433 167 619 507 291 427 285 623 528 710 435 631 423 338 663 248 79 362 554 406 214 173 174 282 443 437 471 476 168 407 567 479 630 519 401 446 499 336 618 603 428 341 446 473 362 375 392 321 168 463 570 141 55 240 464 354 521 422 398 50 398 322 250 249 599 405 395 483 140 633 296 478 303 502 460 375 731 264 421 296 365 537 344 624 166 184 174 619 431 307 263 374 624 486 591 427 495 613 293 327 513 292 230 431 283 183 561 304 642 593 670 633 235 475 497 497 469 397 321 200 489 231 451 579
679 767 555 855 678 216 370 492 0 318 255 923 969 830 376 629 349 695 858 375 583 778 293 928 850 643 910 596 591 530 292 287 880 435 862 561 284 417 293 169 383 724 749 557 872 218 291 584 600 234 836 291 878 311 497 571 863 635 441 375 344 296 510 353 641 745 924 118 961 466 349 899 756 527 335 227 91 242 988 314 209 561 868 150 447 161 256 351 536 625 572 143 828 542 531 339 146 844 567 891 220 539 201 174 648 448 660 230 647 516 573 160 599 375 486 551 250 826 897 384 311 787 422 279 254 655 633 378 420 818 827 195 690 835 403 978 711 518 983 482 771 773 1005 316 268 241 225 609 733 795 701 502 220 199 648 673 445 93 109 507 496 435 972 277 333 770
991 939 858 1030 885 500 351 775 318 0 230 1201 1239 1003 693 791 600 853 1141 476 845 981 548 1177 1038 960 1151 861 905 822 490 593 1133 506 1065 685 250 735 575 485 611 755 915 866 985 296 507 899 917 171 985 92 1100 234 809 738 946 948 739 691 352 432 725 661 898 990 1217 431 1224 543 655 1175 853 833 263 288 390 542 1249 493 163 571 1090 446 753 307 572 496 670 944 879 443 949 848 804 656 313 1129 634 1191 395 825 515 458 959 766 958 541 802 595 823 159 917 669 662 855 358 1058 954 703 432 1057 565 307 572 947 930 691 657 908 1025 507 920 1137 353 1256 777 830 1245 462 1066 1079 1282 635 571 546 492 851 824 1066 732 502 104 142 958 989 740 382 306 822 814 659 1264 586 428 865
835 708 690 800 660 471 140 589 255 230 0 1002 1033 773 596 561 403 622 946 245 642 754 358 961 809 822 933 660 758 643 279 532 919 278 838 455 32 633 547 373 402 543 684 708 757 82 302 806 781 63 754 141 877 57 729 509 723 794 570 604 129 208 505 511 690 775 1030 366 1015 315 502 973 626 766 80 70 272 492 1039 274 88 362 866 307 688 129 487 269 440 813 719 397 720 686 609 529 145 935 410 1011 190 640 441 307 804 641 904 472 571 368 614 192 784 624 435 792 136 838 737 585 205 855 336 77 479 903 753 548 448 683 797 380 701 962 161 1056 556 748 1034 261 883 910 1081 525 423 489 318 637 598 863 520 294 157 123 798 892 693 347 166 733 705 445 1074 443 197 639
356 507 392 490 426 894 968 431 923 1201 1002 0 74 495 680 573 602 564 68 805 359 401 653 177 441 446 217 342 430 395 722 803 161 827 385 686 1002 649 886 767 600 882 529 413 693 921 700 649 470 1043 578 1132 303 1037 706 586 777 385 486 712 942 801 517 584 315 263 111 860 102 808 583 34 727 750 1030 932 833 842 124 731 1041 911 308 773 760 896 760 753 673 483 396 881 660 413 397 631 888 85 805 166 813 384 807 753 370 572 813 806 586 789 391 1064 483 829 614 763 867 273 855 624 812 148 712 940 745 850 305 574 554 749 407 734 349 202 1003 54 799 697 121 961 184 254 82 679 657 828 712 378 738 140 879 928 1098 1059 351 633 817 922 897 671 601 562 110 654 835 731
429 488 453 457 424 953 989 478 969 1239 1033 74 0 466 745 571 638 553 137 825 393 382 692 129 409 518 175 377 500 449 753 864 136 841 351 690 1031 715 949 819 631 872 511 478 662 953 733 722 542 1077 549 1166 267 1065 776 591 750 456 539 777 964 828 536 638 342 268 178 912 38 820 637 76 710 822 1055 964 878 902 51 759 1077 916 274 819 829 932 818 776 680 556 461 936 634 476 438 690 926 154 807 238 847 433 864 797 441 637 887 864 581 797 418 1106 555 895 629 835 897 252 828 687 837 182 730 968 803 924 367 632 584 726 379 784 353 276 1022 63 788 768 49 973 254 328 66 739 707 887 753 398 724 174 870 938 1136 1097 421 707 886 974 936 741 670 588 160 706 858 713
666 64 569 26 176 920 677 478 830 1003 773 495 466 0 801 212 497 152 492 528 371 108 547 338 59 736 292 379 676 508 541 874 335 510 117 326 758 796 953 742 451 430 89 614 197 711 538 897 730 832 82 915 200 783 902 266 284 661 555 835 664 575 327 632 332 270 595 832 430 477 622 462 256 957 762 717 746 886 435 526 845 527 191 698 924 720 808 509 335 763 605 869 167 593 425 705 723 496 419 628 630 478 826 670 654 727 1073 843 202 434 338 914 744 946 348 980 648 222 362 739 572 395 438 697 789 1100 530 655 423 262 87 708 226 626 698 524 347 904 433 615 541 632 533 753 645 872 614 296 277 399 434 571 916 875 630 929 973 879 750 874 797 400 605 660 576 256
356 753 292 820 625 236 664 327 376 693 596 680 745 801 0 661 356 717 611 577 443 711 340 752 794 293 752 443 264 318 434 130 701 639 780 665 618 43 208 222 413 891 747 267 923 527 408 210 250 596 844 665 759 652 139 614 951 314 248 34 632 507 497 174 498 603 643 263 750 654 186 668 847 187 667 540 324 180 779 465 576 781 752 291 127 468 121 520 635 266 284 259 873 268 383 102 452 595 734 595 450 345 180 300 329 109 328 160 685 684 466 534 245 154 549 214 517 697 1010 63 528 580 556 583 121 339 377 146 411 905 759 219 591 534 705 731 844 155 774 744 500 467 759 74 210 169 320 509 833 587 872 743 596 573 340 298 171 319 431 137 123 443 695 186 561 859
621 147 491 239 147 741 470 371 629 791 561 573 571 212 661 0 320 65 544 316 301 210 362 462 250 671 422 317 603 420 336 712 436 304 287 125 546 666 785 560 266 315 124 534 262 499 338 796 654 620 207 702 344 572 780 57 293 603 435 693 454 363 164 487 297 309 649 644 541 273 475 539 196 835 553 504 549 715 556 318 633 348 333 507 788 511 643 298 126 690 530 683 213 509 331 559 515 541 238 663 422 392 651 479 601 609 964 672 23 236 253 704 666 794 142 860 436 327 360 604 359 436 226 484 624 985 484 519 253 248 244 529 225 641 493 616 236 787 553 420 548 625 633 602 477 702 423 231 193 442 309 379 704 663 580 846 831 685 543 758 686 222 675 496 363 207
454 438 303 521 333 424 398 188 349 600 403 602 638 497 356 320 0 382 543 259 244 433 56 583 509 464 563 260 393 245 131 392 537 311 516 308 408 370 464 244 57 537 425 331 582 321 103 526 431 441 520 530 528 444 487 266 600 418 191 385 367 219 170 189 299 397 626 334 625 315 176 574 494 540 442 333 259 395 650 151 439 445 519 205 483 294 324 196 278 467 337 371 533 306 205 254 287 532 383 609 213 238 332 178 424 332 678 352 342 336 227 470 439 477 193 567 273 477 655 307 235 457 208 349 305 693 354 229 74 553 482 211 340 562 438 656 487 498 646 437 480 514 682 290 158 382 124 260 479 465 518 423 498 458 413 594 520 384 299 472 411 98 670 178 266 507
650 89 528 179 145 805 525 415 695 853 622 564 553 152 717 65 382 0 542 377 331 175 426 437 197 707 394 345 640 459 402 772 417 358 242 174 606 719 846 624 329 318 63 572 206 562 404 843 693 682 141 763 309 631 831 123 251 636 483 749 512 427 219 543 315 304 649 709 521 325 531 530 169 887 610 567 615 777 534 384 696 383 299 572 843 576 704 362 183 728 567 748 156 548 370 615 580 542 274 669 487 430 714 544 632 658 1013 734 50 283 286 769 705 852 208 912 500 303 324 658 423 436 289 545 685 1035 511 572 312 210 200 592 226 653 546 603 235 837 530 466 561 643 618 660 538 764 488 255 176 442 316 423 768 727 610 888 887 751 609 808 734 283 670 556 425 177
291 495 323 490 399 826 918 368 858 1141 946 68 137 492 611 544 543 542 0 757 305 390 594 207 442 381 239 287 363 329 667 734 175 782 389 651 948 581 817 701 546 858 514 344 688 864 644 585 404 985 573 1073 313 983 639 550 768 319 419 643 891 748 471 516 268 238 106 793 154 766 517 63 710 684 977 876 769 773 181 677 982 874 316 709 692 836 691 703 636 419 327 813 652 345 338 562 829 17 770 138 756 319 739 690 304 503 751 737 559 751 341 1002 417 760 571 698 812 271 847 555 759 107 666 886 676 787 237 506 500 737 405 668 319 154 954 121 776 630 177 917 117 195 149 610 591 759 650 334 719 101 852 886 1037 999 284 572 749 855 836 603 533 510 134 587 784 715
711 464 560 555 427 552 163 437 375 476 245 805 825 528 577 316 259 377 757 0 453 516 245 740 566 724 707 472 653 497 144 567 702 64 598 210 229 602 616 388 225 350 439 590 518 192 171 770 690 306 509 386 644 256 716 266 495 677 450 599 142 81 289 434 490 559 851 438 803 91 421 774 392 765 239 195 325 548 824 114 323 204 633 313 696 224 504 63 194 726 596 479 479 565 437 483 234 748 192 844 158 484 482 292 682 579 906 512 326 141 415 406 697 663 200 791 134 610 523 542 64 656 97 168 488 915 601 475 266 452 556 372 478 803 197 857 336 731 820 178 715 762 879 503 368 538 258 428 366 665 327 167 395 355 670 844 720 456 270 708 656 248 890 393 49 405
321 334 200 387 201 603 612 116 583 845 642 359 393 371 443 301 244 331 305 453 0 272 299 346 355 376 332 19 311 136 362 535 297 483 337 378 643 431 619 445 240 609 337 245 528 561 340 526 364 684 429 773 320 678 532 283 582 305 195 477 585 442 176 288 60 168 398 541 380 470 281 331 495 587 671 572 491 560 406 371 684 588 312 432 560 538 476 397 357 398 238 570 480 222 61 356 532 296 492 394 454 106 509 409 301 359 701 518 322 464 47 714 377 594 278 610 507 260 655 380 453 212 366 580 457 728 183 300 194 541 318 410 149 359 649 413 534 534 402 619 267 330 438 407 334 545 361 77 494 221 598 591 743 703 280 562 611 599 543 504 426 205 437 339 478 505
558 106 466 117 100 847 675 384 778 981 754 401 382 108 711 210 433 175 390 516 272 0 487 262 82 630 218 277 572 408 499 793 246 511 85 335 743 703 874 673 394 491 129 511 298 685 491 796 626 810 184 895 134 772 805 250 377 555 463 746 657 548 268 547 228 162 495 767 348 482 538 367 327 860 755 692 690 810 359 491 819 556 124 638 831 685 729 485 335 657 501 801 261 491 330 619 686 393 445 525 594 378 752 611 547 631 972 766 212 447 245 878 640 860 319 882 622 130 456 649 549 291 420 680 710 1000 423 566 359 348 49 638 123 520 701 435 406 807 356 630 434 524 448 669 570 795 555 201 342 294 491 590 888 847 523 825 882 818 709 776 699 342 510 583 559 331
484 487 336 572 387 379 367 231 293 548 358 653 692 547 340 362 56 426 594 245 299 487 0 639 562 485 619 314 416 285 103 359 592 303 570 333 365 360 426 198 97 552 472 358 621 275 74 525 449 392 566 480 584 402 476 306 633 446 217 366 336 190 221 188 354 454 673 284 679 314 176 627 526 527 403 288 203 356 705 131 388 443 575 151 464 242 290 184 303 484 367 322 573 335 256 241 235 581 393 653 168 282 290 123 454 334 667 314 383 343 283 415 455 448 227 554 233 533 684 299 208 510 215 309 272 680 395 229 127 586 536 168 396 604 409 708 509 490 701 421 525 553 734 269 131 343 68 317 508 518 532 413 444 405 445 599 497 331 244 465 411 147 719 155 242 539
479 365 461 328 320 941 904 450 928 1177 961 177 129 338 752 462 583 437 207 740 346 262 639 0 280 567 46 335 533 437 686 862 51 748 222 585 956 729 947 790 565 753 390 496 534 884 669 766 582 1010 421 1099 138 988 806 490 622 497 522 786 882 754 456 622 287 187 288 886 92 724 618 152 587 856 976 894 837 893 97 687 1014 811 146 778 851 871 809 697 579 603 480 914 506 487 401 682 867 220 701 339 782 415 848 754 484 650 938 853 469 695 356 1054 596 906 539 872 825 135 700 691 760 174 643 892 792 973 383 624 521 600 253 755 261 361 934 191 668 800 95 876 308 397 195 734 678 879 705 326 603 170 753 838 1077 1037 461 765 907 945 882 772 696 518 283 681 777 589
633 108 547 49 176 926 720 467 850 1038 809 441 409 59 794 250 509 197 442 566 355 82 562 280 0 707 234 359 651 490 565 874 279 553 58 371 796 785 955 751 467 488 136 591 253 743 560 877 705 867 140 951 141 823 888 300 342 632 546 828 705 607 341 629 309 232 543 843 372 522 620 408 315 943 803 750 763 890 377 554 878 579 134 713 914 749 810 542 376 736 581 879 226 572 413 701 751 447 470 579 658 460 832 685 624 714 1053 847 245 481 327 943 719 942 377 965 681 170 420 731 606 350 473 733 791 1082 500 648 435 321 39 716 205 580 742 467 405 889 374 663 499 591 475 751 650 876 629 284 336 353 492 621 949 907 600 904 964 893 776 859 781 415 551 663 612 316
89 707 181 747 575 529 852 307 643 960 822 446 518 736 293 671 464 707 381 724 376 630 485 567 707 0 584 363 71 252 587 423 521 774 674 727 836 251 495 475 505 964 712 140 903 743 558 203 43 838 801 917 624 873 269 644 958 75 273 315 820 675 521 310 404 479 379 542 535 775 320 444 868 308 880 756 571 474 562 613 824 905 621 521 332 693 407 661 700 37 141 546 856 166 340 304 679 364 827 323 643 279 466 516 85 196 371 450 694 787 421 803 48 416 611 318 712 563 1030 262 694 397 665 787 400 406 206 273 476 916 668 454 509 263 894 488 897 256 559 902 265 197 515 331 399 462 506 453 864 400 950 887 858 828 109 199 387 603 669 234 179 505 429 380 727 878
497 320 466 282 283 933 870 441 910 1151 933 217 175 292 752 422 563 394 239 707 332 218 619 46 234 584 0 323 545 434 660 858 65 713 176 546 926 731 943 777 541 709 345 502 488 857 645 778 595 983 375 1071 92 958 814 453 576 511 516 786 849 725 427 614 272 165 327 873 137 687 610 190 542 865 944 866 819 887 143 659 988 771 101 761 856 846 803 666 541 618 487 902 460 491 390 678 843 250 660 375 756 410 839 736 499 653 953 846 428 657 336 1032 610 906 506 882 797 97 654 690 730 187 610 862 785 986 392 620 497 554 207 742 231 392 900 236 624 809 140 838 331 423 241 729 666 872 685 302 558 184 709 800 1052 1011 476 783 911 931 860 780 703 492 326 671 746 544
305 344 190 393 212 610 631 119 596 861 660 342 377 379 443 317 260 345 287 472 19 277 314 335 359 363 323 0 299 131 380 539 285 502 338 397 660 430 624 455 259 626 349 235 539 578 358 519 353 701 439 790 316 696 528 301 596 291 197 478 604 461 195 293 54 162 379 551 366 490 287 314 510 583 690 590 504 565 392 390 700 607 309 445 558 554 481 416 376 387 227 579 493 214 67 359 548 277 511 374 471 101 516 422 287 356 695 524 338 483 65 728 367 596 298 605 525 255 669 380 472 196 385 599 463 722 167 302 212 555 322 420 154 339 668 396 552 529 388 638 247 312 422 411 343 551 376 89 510 204 616 611 758 719 265 552 610 610 559 499 421 224 418 347 497 520
92 644 112 689 511 497 784 236 591 905 758 430 500 676 264 603 393 640 363 653 311 572 416 533 651 71 545 299 0 182 518 394 485 703 621 655 772 227 472 422 433 893 648 68 839 679 489 233 54 777 739 858 577 809 276 573 891 49 202 291 752 606 451 248 344 427 381 496 512 704 256 424 799 323 814 692 515 441 540 543 765 833 573 462 330 631 368 590 629 87 72 505 791 94 271 253 617 346 755 331 577 210 425 455 65 157 409 413 626 715 354 750 68 403 539 339 646 515 962 221 624 359 593 721 358 441 155 214 404 848 612 398 449 270 825 478 827 268 536 831 246 202 506 288 338 428 441 388 795 363 879 816 802 771 79 253 387 558 609 241 170 433 432 321 657 810
217 470 71 523 337 506 643 60 530 822 643 395 449 508 318 420 245 459 329 497 136 408 285 437 490 252 434 131 182 0 376 425 386 541 469 476 650 301 510 372 272 713 472 114 660 561 349 389 234 674 564 761 441 687 397 391 710 189 90 353 613 464 269 189 183 285 395 464 447 537 188 375 617 452 687 573 441 457 475 395 667 664 435 382 429 524 373 435 450 269 111 487 612 89 89 245 514 314 580 370 453 30 416 365 191 226 564 418 443 543 175 677 246 472 362 474 516 379 779 256 480 272 426 593 356 591 109 187 234 666 453 339 285 319 683 450 645 398 471 674 243 269 478 296 262 442 331 213 612 279 699 654 717 681 174 428 482 526 516 368 290 261 443 258 510 628
583 477 433 567 400 432 267 318 292 490 279 722 753 541 434 336 131 402 667 144 362 499 103 686 565 587 660 380 518 376 0 433 643 205 584 274 280 458 490 257 122 471 458 458 581 199 29 626 552 324 544 413 612 316 572 278 579 546 317 457 236 88 235 291 411 499 754 324 737 221 278 693 471 622 312 210 218 420 761 31 327 346 602 188 554 186 367 86 247 587 466 364 536 434 331 339 186 656 309 739 96 369 353 162 553 436 763 381 354 257 335 378 558 527 194 648 145 568 621 398 106 575 138 219 350 773 485 332 169 533 546 236 429 692 308 776 439 587 756 318 609 645 801 361 224 409 118 360 450 583 449 311 392 351 543 701 582 356 210 564 512 168 796 249 139 485
486 820 411 896 700 107 623 420 287 593 532 803 864 874 130 712 392 772 734 567 535 793 359 862 874 423 858 539 394 425 433 0 811 631 867 692 558 171 84 179 448 904 811 391 974 475 412 310 380 520 907 578 856 589 216 659 992 444 342 110 592 489 554 248 594 702 771 169 867 652 255 788 884 241 608 487 264 53 896 464 496 772 848 255 160 413 68 518 662 395 408 149 925 389 474 180 395 717 743 724 420 448 91 275 459 237 374 59 734 690 550 436 374 96 584 264 480 795 1043 179 509 695 568 535 87 370 497 238 459 945 842 197 678 663 661 855 867 237 892 718 625 596 883 128 234 47 315 593 867 701 883 725 503 485 469 400 161 211 367 233 248 489 822 216 541 898
434 352 411 329 290 890 866 399 880 1133 919 161 136 335 701 436 537 417 175 702 297 246 592 51 279 521 65 285 485 386 643 811 0 714 223 557 915 678 896 740 521 736 375 445 532 841 625 718 534 967 417 1056 142 948 756 459 618 450 471 735 843 712 415 571 238 144 268 836 104 691 567 130 574 806 937 852 788 842 122 645 970 783 147 730 800 826 758 657 548 556 430 863 501 436 351 631 821 185 674 312 738 363 797 706 437 599 891 802 445 665 310 1007 548 855 503 823 783 116 696 639 719 125 606 851 740 925 333 572 476 592 247 705 224 327 898 189 651 751 118 843 266 358 201 682 628 827 657 282 588 121 734 807 1032 992 414 720 856 895 836 722 646 475 272 631 738 577
757 447 606 537 429 616 167 480 435 506 278 827 841 510 639 304 311 358 782 64 483 511 303 748 553 774 713 502 703 541 205 631 714 0 591 184 256 663 680 452 270 288 421 639 478 239 231 829 742 341 482 414 643 276 777 261 446 725 501 661 156 145 311 492 514 572 880 502 817 36 479 794 348 827 253 240 388 612 836 174 362 141 632 378 759 279 568 119 177 778 643 542 442 613 474 544 291 775 135 877 220 525 547 356 729 637 968 576 309 90 442 453 750 727 212 853 188 615 468 602 126 679 117 202 552 977 641 533 306 405 548 436 489 839 189 877 283 792 832 135 749 802 898 566 429 603 321 448 320 687 265 113 434 396 715 902 784 518 328 768 714 283 916 454 102 360
596 156 521 106 184 925 756 452 862 1065 838 385 351 117 780 287 516 242 389 598 337 85 570 222 58 674 176 338 621 469 584 867 223 591 0 411 826 768 950 754 478 543 184 564 311 769 576 850 674 894 199 979 83 855 867 331 400 598 532 815 739 633 352 620 285 194 489 848 314 560 612 353 372 921 837 777 774 887 318 575 904 626 76 721 897 770 805 569 413 704 552 882 285 546 397 691 771 396 516 527 679 439 830 694 589 695 1027 844 285 522 317 963 689 931 403 942 707 119 478 717 633 302 503 763 786 1056 467 636 442 379 42 719 189 532 780 410 459 866 316 706 454 547 417 741 649 872 638 273 390 304 546 664 973 931 565 872 949 900 794 836 758 426 495 660 642 372
689 263 547 352 266 704 351 419 561 685 455 686 690 326 665 125 308 174 651 210 378 335 333 585 371 727 546 397 655 476 274 692 557 184 411 0 437 677 757 525 251 238 237 587 312 401 286 825 703 516 299 594 470 459 794 101 305 665 467 693 340 273 207 495 391 423 755 598 661 151 482 652 197 848 437 405 492 686 678 248 533 226 459 461 791 424 624 211 29 739 586 638 270 561 392 562 432 647 118 763 342 452 620 433 665 631 983 645 125 111 331 614 713 782 119 874 341 450 350 614 264 544 139 378 606 1000 558 532 261 258 368 498 338 734 372 732 179 804 675 295 641 709 751 598 462 674 382 322 176 551 223 254 605 565 647 885 828 630 464 777 711 228 785 485 260 210
846 694 700 785 651 500 110 595 284 250 32 1002 1031 758 618 546 408 606 948 229 643 743 365 956 796 836 926 660 772 650 280 558 915 256 826 437 0 653 576 395 402 515 669 719 735 93 305 827 796 91 736 158 868 37 752 495 698 806 580 627 103 202 500 526 689 771 1034 393 1012 293 516 973 603 790 50 79 296 519 1035 271 118 333 857 327 712 149 511 260 423 828 729 425 699 697 612 548 166 937 385 1017 197 646 466 324 815 658 929 498 556 346 613 223 800 651 424 816 135 831 710 604 196 854 323 64 502 928 760 564 448 659 785 400 695 969 129 1056 530 771 1031 230 888 918 1080 546 438 516 330 634 575 863 492 264 185 153 808 913 719 377 191 755 724 442 1077 460 183 615
317 750 267 814 620 278 696 318 417 735 633 649 715 796 43 666 370 719 581 602 431 703 360 729 785 251 731 430 227 301 458 171 678 663 768 677 653 0 246 260 426 907 746 237 925 562 431 174 209 635 842 705 743 688 117 621 958 276 240 64 663 534 501 181 484 587 608 305 722 675 194 638 854 171 702 575 363 222 751 489 616 803 737 326 128 504 164 543 647 224 254 302 875 242 372 118 488 564 751 558 480 330 224 333 292 78 307 203 689 703 458 576 203 179 559 197 548 681 1018 62 555 556 574 616 163 323 349 147 419 911 749 253 581 497 737 699 856 129 747 772 467 429 727 107 234 211 347 501 842 562 888 769 638 613 305 260 181 362 468 105 80 452 659 209 589 867
563 898 495 975 780 77 652 504 293 575 547 886 949 953 208 785 464 846 817 616 619 874 426 947 955 495 943 624 472 510 490 84 896 680 950 757 576 246 0 232 519 960 887 474 1046 501 472 358 454 526 983 573 939 604 261 731 1059 522 427 181 624 535 630 331 678 787 851 185 952 704 338 872 951 268 627 511 297 70 981 520 499 818 932 303 193 439 145 572 727 465 491 151 998 472 558 265 422 801 798 804 462 533 136 328 537 317 384 112 807 746 633 424 447 99 653 287 516 879 1108 262 555 779 627 562 164 372 581 323 534 1012 923 258 761 742 689 938 928 282 976 756 708 675 966 213 309 82 375 676 933 786 938 767 494 483 549 446 167 203 389 286 317 563 903 293 585 965
510 683 389 765 575 181 449 342 169 485 373 767 819 742 222 560 244 624 701 388 445 673 198 790 751 475 777 455 422 372 257 179 740 452 754 525 395 260 232 0 295 728 670 389 820 307 240 433 431 375 763 447 757 429 357 505 828 466 282 232 418 310 414 187 505 613 761 95 814 474 185 746 720 396 445 319 102 162 841 288 356 592 748 76 320 246 119 340 496 458 404 128 772 375 388 170 229 686 567 726 241 385 95 96 479 281 537 124 582 514 446 328 431 275 424 422 304 701 875 219 330 638 395 364 107 540 471 210 318 782 723 35 570 668 489 822 696 375 837 540 608 606 850 154 112 151 142 486 701 646 707 546 384 356 480 520 336 155 208 359 335 343 810 113 362 734
487 390 336 475 294 476 376 211 383 611 402 600 631 451 413 266 57 329 546 225 240 394 97 565 467 505 541 259 433 272 122 448 521 270 478 251 402 426 519 295 0 482 375 368 527 322 104 579 475 446 468 535 498 437 543 211 544 454 232 442 348 202 126 244 288 378 635 382 614 270 231 571 437 596 431 332 296 449 638 131 448 399 488 247 540 305 380 164 221 511 373 419 478 342 214 310 301 536 330 623 216 259 385 219 458 384 733 407 288 285 213 491 483 534 136 623 266 451 598 363 214 453 160 340 361 749 376 282 46 497 443 263 312 580 415 654 431 553 634 402 494 537 679 347 214 436 162 239 422 461 464 383 511 471 445 644 577 427 319 527 463 52 676 235 242 450
925 389 784 450 458 899 406 657 724 755 543 882 872 430 891 315 537 318 858 350 609 491 552 753 488 964 709 626 893 713 471 904 736 288 543 238 515 907 960 728 482 0 363 825 291 523 491 1060 941 606 361 663 620 522 1024 325 215 902 704 918 414 431 443 726 612 620 964 787 839 259 713 848 175 1077 492 520 674 890 850 440 631 183 610 656 1017 567 837 388 265 977 824 827 282 798 628 790 580 856 161 979 508 688 824 632 902 866 1215 852 299 214 561 731 951 997 356 1104 476 620 201 844 414 750 337 475 820 1230 791 765 497 196 505 707 539 957 402 922 84 1036 847 293 864 938 937 821 683 880 588 544 152 756 23 252 701 666 882 1122 1049 806 617 1009 945 465 987 707 391 178
650 27 538 115 137 849 588 433 749 915 684 529 511 89 747 124 425 63 514 439 337 129 472 390 136 712 345 349 648 472 458 811 375 421 184 237 669 746 887 670 375 363 0 583 190 623 457 860 702 744 96 826 257 694 856 180 257 640 507 780 575 487 257 574 311 278 620 757 477 388 564 495 198 911 673 629 667 819 487 441 757 443 247 622 872 634 743 422 246 736 576 795 145 560 384 648 638 515 334 645 545 442 757 593 635 681 1033 776 113 346 297 828 715 887 263 935 560 259 334 687 484 410 350 608 724 1058 511 601 353 223 143 637 211 635 609 565 278 860 485 528 545 631 577 694 578 805 537 260 212 415 364 485 829 788 612 900 918 801 666 830 755 326 637 595 487 202
127 579 44 628 446 487 726 167 557 866 708 413 478 614 267 534 331 572 344 590 245 511 358 496 591 140 502 235 68 114 458 391 445 639 564 587 719 237 474 389 368 825 583 0 772 627 429 286 120 731 674 814 526 756 311 504 823 87 141 298 694 547 382 205 282 372 381 471 485 638 211 401 731 363 760 640 476 433 514 482 720 767 521 420 355 582 354 527 560 155 17 485 725 26 203 229 570 327 688 339 523 142 407 410 96 159 462 400 557 648 287 713 132 417 471 381 590 463 893 212 564 321 527 667 341 492 112 179 337 780 553 362 388 280 767 464 758 307 509 768 234 216 492 272 294 420 389 322 726 326 810 752 762 728 91 316 412 534 565 278 201 366 432 281 597 742
841 200 728 205 328 1001 637 619 872 985 757 693 662 197 923 262 582 206 688 518 528 298 621 534 253 903 488 539 839 660 581 974 532 478 311 312 735 925 1046 820 527 291 190 772 0 711 589 1047 892 820 115 892 395 752 1037 315 93 831 689 955 633 586 425 748 502 460 792 900 625 442 737 660 134 1093 726 714 800 977 629 558 839 441 387 762 1049 737 906 523 336 926 766 940 49 749 572 821 745 692 353 823 655 631 912 734 826 864 1218 934 239 389 485 925 905 1057 395 1118 652 420 167 864 576 589 451 681 887 1241 702 778 515 94 285 789 400 818 646 721 225 1043 627 546 731 819 729 865 740 964 680 450 163 593 304 501 912 873 803 1089 1093 937 777 1014 939 485 803 759 568 124
754 646 609 737 589 427 152 507 218 296 82 921 953 711 527 499 321 562 864 192 561 685 275 884 743 743 857 578 679 561 199 475 841 239 769 401 93 562 501 307 322 523 623 627 711 0 220 737 703 126 698 214 804 130 664 444 685 714 488 539 125 136 429 432 610 698 948 316 936 275 423 892 584 703 139 13 210 440 960 197 134 349 794 236 626 62 424 201 383 735 637 351 671 605 526 455 80 853 375 929 108 558 384 231 723 566 843 415 511 328 535 214 707 570 366 729 62 763 708 512 139 774 272 61 414 844 670 470 368 643 729 309 625 880 187 975 523 682 956 264 800 828 1000 455 345 435 237 559 557 782 499 286 205 164 716 821 636 310 112 665 632 366 992 367 143 597
554 475 404 564 391 417 296 291 291 507 302 700 733 538 408 338 103 404 644 171 340 491 74 669 560 558 645 358 489 349 29 412 625 231 576 286 305 431 472 240 104 491 457 429 589 220 0 598 523 343 545 432 600 341 546 280 591 517 288 432 265 117 224 262 391 482 729 312 717 245 250 672 483 596 338 232 211 402 742 57 345 372 590 174 530 201 346 112 258 558 437 352 542 405 307 312 198 632 330 713 113 342 335 147 524 407 737 362 357 279 316 388 529 506 196 623 169 554 636 370 135 553 155 245 328 747 457 303 149 544 539 216 415 666 337 754 456 560 737 347 583 618 779 335 198 390 97 343 462 562 470 339 407 367 514 673 558 348 218 536 484 153 772 222 168 496
293 859 329 912 726 414 869 427 584 899 806 649 722 897 210 796 526 843 585 770 526 796 525 766 877 203 778 519 233 389 626 310 718 829 850 825 827 174 358 433 579 1060 860 286 1047 737 598 0 183 807 954 875 809 862 97 758 1090 268 362 208 837 705 634 338 568 658 581 468 738 839 351 648 991 112 876 749 535 363 765 656 787 968 805 500 166 678 328 709 796 166 297 457 998 305 475 288 662 568 909 522 654 420 384 507 282 194 176 358 820 862 563 740 169 262 706 117 722 747 1155 229 725 592 734 791 331 208 388 297 564 1045 838 427 672 464 910 692 1003 76 762 942 468 400 718 281 404 357 519 602 982 596 1043 937 804 782 304 90 211 519 641 76 115 597 630 380 760 1003
116 698 164 743 565 486 815 285 600 917 781 470 542 730 250 654 431 693 404 690 364 626 449 582 705 43 595 353 54 234 552 380 534 742 674 703 796 209 454 431 475 941 702 120 892 703 523 183 0 796 793 875 629 833 237 623 944 85 242 273 783 639 500 270 398 480 411 498 556 745 280 466 851 280 840 716 529 431 584 578 782 875 626 479 296 652 363 627 676 36 126 503 845 144 323 261 638 387 800 357 605 262 422 475 100 153 357 407 677 759 407 760 14 377 586 293 674 568 1013 218 658 409 635 749 356 390 208 233 448 900 666 411 504 296 857 515 876 226 580 868 287 229 543 288 358 419 467 442 845 412 926 855 815 785 121 198 353 559 627 201 139 478 462 338 691 862
858 767 717 859 714 448 201 623 234 171 63 1043 1077 832 596 620 441 682 985 306 684 810 392 1010 867 838 983 701 777 674 324 520 967 341 894 516 91 635 526 375 446 606 744 731 820 126 343 807 796 0 815 89 930 95 725 567 786 816 596 601 192 261 556 529 734 823 1065 351 1061 378 521 1015 690 759 126 117 272 476 1085 323 30 424 920 317 679 150 482 325 500 826 743 377 783 711 646 539 161 973 473 1044 230 673 431 322 826 651 894 461 631 431 659 137 798 609 490 783 187 889 800 592 261 897 394 139 476 889 784 564 492 746 853 387 751 993 216 1097 619 745 1080 321 916 938 1123 529 439 475 343 685 662 905 582 355 94 63 822 895 679 322 169 732 710 492 1111 458 257 702
734 94 629 94 227 944 648 528 836 985 754 578 549 82 844 207 520 141 573 509 429 184 566 421 140 801 375 439 739 564 544 907 417 482 199 299 736 842 983 763 468 361 96 674 115 698 545 954 793 815 0 894 282 758 951 265 201 727 603 877 638 565 353 671 397 346 677 850 512 446 660 545 186 1007 735 703 757 915 517 525 831 478 274 713 969 715 839 500 315 826 666 888 86 652 478 744 720 577 375 709 627 534 852 685 721 777 1128 871 190 398 390 908 806 984 349 1031 636 304 279 783 559 475 427 677 820 1153 597 698 448 182 170 731 292 704 664 607 282 955 515 573 618 707 615 791 674 901 629 351 211 479 368 529 903 863 698 991 1015 892 749 926 850 421 688 691 558 183
941 850 802 941 801 496 258 710 291 92 141 1132 1166 915 665 702 530 763 1073 386 773 895 480 1099 951 917 1071 790 858 761 413 578 1056 414 979 594 158 705 573 447 535 663 826 814 892 214 432 875 875 89 894 0 1017 141 789 650 853 898 682 667 259 348 644 611 823 912 1153 410 1150 451 603 1104 760 819 171 204 346 530 1174 411 93 479 1007 396 738 237 547 410 580 904 826 430 857 795 735 615 247 1061 541 1131 319 761 492 404 909 727 950 521 712 503 748 151 876 662 576 842 274 977 861 666 346 986 477 217 544 943 870 644 581 815 939 464 840 1079 261 1186 684 809 1169 370 1003 1023 1212 601 521 531 430 773 731 994 640 410 81 92 905 964 733 371 249 799 782 581 1199 538 338 772
542 230 485 190 217 922 805 435 878 1100 877 303 267 200 759 344 528 309 313 644 320 134 584 138 141 624 92 316 577 441 612 856 142 643 83 470 868 743 939 757 498 620 257 526 395 804 600 809 629 930 282 1017 0 898 834 381 483 549 514 794 786 669 377 608 261 155 410 852 230 615 601 273 451 888 882 813 788 879 235 607 938 691 11 732 870 799 796 608 468 656 512 884 367 511 381 676 798 321 580 451 708 413 827 706 539 666 986 837 347 581 311 989 644 912 444 907 743 62 561 696 672 236 547 804 777 1017 421 619 458 462 115 721 188 461 832 327 536 832 233 764 389 482 334 727 648 865 652 271 468 237 621 724 1005 963 514 824 924 908 818 803 724 447 413 656 685 452
883 719 737 810 681 527 117 631 311 234 57 1037 1065 783 652 572 444 631 983 256 678 772 402 988 823 873 958 696 809 687 316 589 948 276 855 459 37 688 604 429 437 522 694 756 752 130 341 862 833 95 758 141 898 0 786 523 711 843 617 661 120 236 532 563 723 804 1070 423 1046 312 553 1007 619 823 32 116 329 549 1069 306 126 338 887 362 745 184 544 291 448 865 766 453 718 734 648 583 200 972 400 1054 234 682 498 360 852 695 961 530 581 364 647 232 836 681 454 849 171 862 720 640 228 889 352 97 536 960 797 600 483 674 813 435 727 1006 124 1091 543 805 1064 231 924 955 1115 581 475 546 367 668 591 897 499 270 184 158 845 948 750 403 223 789 759 476 1113 496 213 631
353 858 349 919 727 319 802 423 497 809 729 706 776 902 139 780 487 831 639 716 532 805 476 806 888 269 814 528 276 397 572 216 756 777 867 794 752 117 261 357 543 1024 856 311 1037 664 546 97 237 725 951 789 834 786 0 736 1073 320 348 124 770 646 616 298 581 679 648 380 788 791 311 700 970 55 802 676 457 269 816 603 703 919 829 428 69 603 243 658 764 233 326 365 988 323 476 235 586 622 868 592 589 427 296 439 336 174 190 268 804 820 564 651 225 165 676 80 655 772 1134 180 667 631 691 720 250 206 422 262 535 1027 850 356 682 532 843 752 973 21 812 883 522 465 779 213 348 264 459 605 959 636 1006 882 717 696 354 185 120 427 563 35 110 568 698 323 701 983
600 202 462 293 169 686 424 338 571 738 509 586 591 266 614 57 266 123 550 266 283 250 306 490 300 644 453 301 573 391 278 659 459 261 331 101 495 621 731 505 211 325 180 504 315 444 280 758 623 567 265 650 381 523 736 0 337 578 396 645 407 308 124 440 291 323 654 587 563 234 428 552 234 791 505 450 492 661 581 261 579 325 370 450 741 454 591 243 89 659 502 627 267 479 304 511 458 546 219 663 365 365 596 422 577 567 923 618 77 206 235 648 634 743 84 817 381 356 398 559 305 443 173 433 571 942 465 474 203 290 290 474 238 636 450 632 254 744 577 385 543 613 651 552 424 648 366 222 224 450 314 348 650 609 558 811 782 628 486 716 645 171 684 444 312 246
901 273 779 294 390 1008 594 663 863 946 723 777 750 284 951 293 600 251 768 495 582 377 633 622 342 958 576 596 891 710 579 992 618 446 400 305 698 958 1059 828 544 215 257 823 93 685 591 1090 944 786 201 853 483 711 1073 337 0 888 728 982 595 569 457 778 564 535 873 903 714 410 765 744 108 1128 683 686 797 989 719 553 808 384 475 766 1079 718 923 511 333 979 818 943 117 799 621 848 728 770 312 901 642 681 923 738 884 902 1258 947 269 357 537 900 956 1078 407 1153 629 503 78 896 556 666 442 648 904 1278 762 811 540 46 371 800 468 892 598 808 168 1080 717 493 802 888 817 889 758 976 686 506 130 671 233 449 880 842 862 1138 1119 934 762 1051 979 508 887 779 543 94
43 633 119 672 502 546 814 248 635 948 794 385 456 661 314 603 418 636 319 677 305 555 446 497 632 75 511 291 49 189 546 444 450 725 598 665 806 276 522 466 454 902 640 87 831 714 517 268 85 816 727 898 549 843 320 578 888 0 229 341 782 635 458 287 330 404 332 543 470 723 295 381 799 365 848 727 557 491 498 569 804 851 546 503 377 668 416 614 639 107 81 553 784 112 274 299 655 302 769 281 610 213 473 494 15 206 441 462 626 731 351 793 99 452 551 379 678 489 960 269 652 324 612 754 406 475 131 257 421 846 593 441 435 220 855 431 832 311 494 855 201 152 459 336 377 478 476 381 796 328 888 838 844 812 36 274 434 606 649 285 217 449 383 362 685 809
267 510 120 574 380 418 584 79 441 739 570 486 539 555 248 435 191 483 419 450 195 463 217 522 546 273 516 197 202 90 317 342 471 501 532 467 580 240 427 282 232 704 507 141 689 488 288 362 242 596 603 682 514 617 348 396 728 229 0 282 553 406 272 100 252 360 482 374 536 503 98 465 629 404 620 501 354 371 564 341 588 632 507 295 368 447 286 387 438 278 149 397 640 117 135 162 435 404 559 452 383 107 327 280 236 174 529 331 459 517 218 591 251 399 348 428 450 453 793 185 423 360 392 526 269 552 192 105 207 683 511 249 343 398 625 540 643 354 560 629 329 341 568 213 173 356 253 261 620 368 688 614 634 599 228 418 418 436 434 324 251 239 531 168 456 641
382 786 325 855 659 217 679 362 375 691 604 712 777 835 34 693 385 749 643 599 477 746 366 786 828 315 786 478 291 353 457 110 735 661 815 693 627 64 181 232 442 918 780 298 955 539 432 208 273 601 877 667 794 661 124 645 982 341 282 0 647 526 529 206 533 638 672 259 782 677 217 700 877 166 677 551 332 163 811 488 580 803 787 304 98 478 119 543 663 285 315 250 905 301 417 133 461 626 759 623 466 380 176 316 356 139 308 150 717 709 500 532 266 120 578 193 532 732 1039 97 547 614 581 596 125 316 409 180 442 935 793 233 626 561 719 762 872 143 807 763 530 494 790 96 235 153 341 544 863 620 898 764 596 574 369 298 138 311 438 132 138 474 723 210 581 890
