205
0 319 314 577 187 122 794 326 315 476 660 248 616 445 223 637 503 540 136 155 655 346 614 627 541 535 283 422 365 496 398 146 385 203 401 676 674 296 448 548 651 277 444 205 559 600 197 152 110 211 224 347 71 89 743 265 557 509 479 402 575 513 144 333 434 515 618 186 148 182 337 415 493 112 355 436 554 408 753 488 437 349 446 230 492 652 417 100 211 620 676 386 374 191 298 302 730 414 443 448 703 346 401 448 375 179 411 387 216 360 337 365 476 560 230 556 339 403 281 289 376 285 590 531 581 655 109 523 435 688 159 447 476 630 158 205 357 611 662 575 239 285 630 454 243 508 334 231 209 456 516 259 234 275 201 341 698 568 327 347 537 153 117 380 77 551 445 726 330 546 237 496 165 400 270 489 719 186 500 515 121 654 398 490 265 113 364 421 327 395 430 157 81 614 484 437 413 490 291 132 438 571 455 233 547
319 0 306 436 502 338 898 615 34 327 366 230 461 260 338 398 586 560 424 456 531 474 588 466 712 762 558 164 126 445 366 465 704 522 716 485 687 456 408 676 668 261 180 411 745 336 358 290 217 527 183 637 304 272 495 367 662 191 350 439 310 823 431 35 596 537 390 164 421 161 344 730 421 313 495 747 573 237 852 727 173 638 762 90 681 504 402 410 395 622 776 603 371 420 506 403 487 292 198 213 756 459 335 433 691 289 369 692 399 214 618 674 780 598 549 361 461 96 451 212 559 300 350 849 900 701 318 617 725 762 469 572 298 523 171 480 83 714 473 352 555 393 554 156 387 440 41 510 478 310 224 287 540 422 520 651 485 442 569 665 405 329 389 669 243 555 281 859 542 512 542 181 212 83 274 567 857 465 546 467 201 824 641 454 218 214 401 740 557 695 366 464 321 656 553 666 150 809 283 448 494 890 600 384 384
314 306 0 272 470 421 592 441 333 619 470 444 312 197 119 384 280 263 449 347 342 636 314 325 422 502 593 258 428 183 85 407 624 443 587 384 397 199 662 374 376 483 486 511 460 380 486 164 308 488 393 648 364 225 486 109 357 452 637 655 361 665 311 285 311 238 358 192 290 201 38 676 690 210 214 601 277 530 546 480 271 461 698 258 402 345 111 335 191 334 469 353 71 502 609 577 469 571 253 245 454 171 90 145 635 137 97 536 192 494 431 641 612 297 472 283 177 395 203 93 292 511 346 728 796 400 216 311 537 457 371 274 209 316 224 518 388 408 371 320 513 123 317 454 530 708 280 542 522 600 355 488 414 168 453 512 418 259 348 598 232 181 277 679 270 264 574 555 301 769 412 452 368 339 46 261 553 499 242 204 247 529 406 709 447 238 95 659 641 684 116 363 243 355 247 417 456 701 26 420 188 782 307 157 255
577 436 272 0 743 672 613 696 470 758 344 645 40 175 390 192 374 275 714 619 96 869 229 54 566 687 860 286 557 150 205 679 894 716 849 123 343 435 843 483 334 682 582 761 610 246 726 434 544 761 592 919 617 488 262 369 445 479 783 862 246 915 583 402 486 270 165 416 562 424 266 948 857 481 419 857 279 670 571 683 285 712 970 444 573 75 213 608 456 285 512 568 240 757 862 804 243 727 253 234 439 377 182 205 908 408 189 792 456 650 681 914 860 317 745 107 389 485 447 293 498 717 189 989 1059 392 487 402 780 469 643 425 138 96 452 783 510 474 112 156 786 371 148 528 767 876 395 809 786 743 317 697 682 415 726 774 170 27 586 869 40 454 550 950 521 251 712 619 531 947 680 490 588 412 310 360 623 764 307 152 486 643 630 889 640 483 282 928 900 956 163 635 513 356 341 625 562 966 290 691 306 1045 465 421 56
187 502 470 743 0 197 838 253 494 595 848 376 782 625 358 820 588 653 99 146 811 344 739 795 562 507 147 609 529 640 548 67 205 75 252 849 777 377 523 599 754 390 607 207 566 786 247 309 285 24 374 180 203 265 926 391 621 689 590 445 762 371 176 519 480 629 799 373 197 370 484 228 576 261 433 296 666 546 804 453 624 270 259 415 506 816 558 136 309 732 732 394 518 178 242 337 912 533 629 634 784 443 561 586 188 334 563 267 312 499 276 177 350 662 78 734 433 580 360 466 417 380 773 363 403 743 255 600 338 758 122 516 653 783 346 112 530 671 836 757 52 402 773 627 276 585 520 112 124 577 704 359 153 372 56 216 875 730 324 164 702 289 197 209 264 670 574 756 357 600 159 675 316 585 432 578 748 104 604 657 309 665 376 555 397 300 495 240 237 213 585 129 230 708 579 421 578 316 452 55 547 394 509 343 719
122 338 421 672 197 0 915 410 322 400 702 179 708 523 342 705 625 659 99 247 755 224 730 718 659 641 220 475 340 605 507 197 399 250 447 760 794 418 343 669 771 194 416 89 674 657 76 267 133 221 182 299 57 199 809 385 679 512 396 285 631 566 249 363 554 634 690 257 259 250 449 409 393 233 477 489 673 349 875 591 489 432 444 264 608 747 529 194 334 738 798 499 486 86 190 182 798 337 502 511 825 468 504 561 373 293 519 451 338 301 427 348 538 681 268 636 461 402 403 378 495 188 656 560 597 776 230 646 512 810 240 569 557 733 222 142 348 733 747 647 245 406 739 442 121 405 366 173 139 381 557 165 309 398 239 401 776 666 436 357 632 274 232 331 152 669 377 846 445 434 313 496 130 421 375 611 839 129 620 625 186 771 503 382 200 189 481 433 230 360 534 241 203 735 605 545 388 512 396 159 559 588 576 355 635
794 898 592 613 838 915 0 617 925 1205 955 1006 632 714 596 806 312 355 884 699 567 1137 385 645 279 391 985 820 1019 494 540 779 854 769 750 709 276 497 1225 246 280 1043 1078 990 290 855 991 672 850 839 960 996 865 736 862 554 241 1029 1219 1194 850 729 680 876 363 372 779 768 664 776 553 924 1261 690 440 722 345 1117 45 437 828 612 924 844 337 618 503 737 583 328 122 446 528 969 1065 1096 843 1152 800 785 176 458 580 478 898 654 542 679 578 1078 589 933 681 311 784 713 462 985 512 685 425 1063 799 841 915 221 691 283 610 145 719 348 695 538 790 939 980 187 704 765 848 528 477 1043 1037 1278 870 949 949 1185 895 1037 692 522 787 703 762 587 515 858 606 649 685 1016 798 371 1161 96 482 1329 687 1032 920 924 626 331 108 924 354 479 797 208 479 1270 1014 782 496 871 1073 991 555 713 715 260 344 435 1048 851 615 818 403 901 339 567 657
326 615 441 696 253 410 617 0 621 800 899 572 736 635 326 826 425 519 334 170 738 594 615 750 337 257 388 664 685 560 491 217 243 178 159 816 618 261 754 397 597 597 763 450 330 817 478 334 433 244 550 383 385 343 928 332 431 805 801 687 795 223 186 618 287 500 800 453 193 454 434 312 804 302 292 161 529 735 588 202 679 23 318 525 279 759 484 225 252 590 525 180 455 423 495 578 910 738 672 669 599 325 521 500 282 346 506 96 250 686 27 316 172 512 181 724 313 708 249 486 234 597 786 294 367 568 297 425 110 563 171 344 651 704 444 365 670 471 804 761 244 326 676 765 515 816 617 364 377 780 767 573 103 280 196 92 855 675 122 242 658 295 226 400 385 542 770 527 178 841 98 796 491 688 424 422 517 355 465 570 419 426 137 791 590 404 414 267 486 374 533 171 295 543 430 182 731 278 436 259 422 353 321 283 691
315 34 333 470 494 322 925 621 0 294 390 201 496 295 357 430 613 590 412 459 566 445 621 500 733 778 542 197 95 478 397 461 697 519 715 519 719 475 374 700 700 230 156 390 765 365 336 303 208 519 157 622 293 277 525 388 688 194 316 406 339 824 435 69 617 567 423 178 427 173 372 721 386 321 517 749 603 204 880 742 206 645 754 97 700 539 433 410 410 654 803 619 401 401 483 375 517 257 232 247 786 482 367 464 682 305 401 695 414 179 626 664 784 628 545 395 483 88 469 241 578 269 382 847 895 731 326 643 732 790 469 596 333 558 177 465 55 741 507 385 547 414 588 144 362 405 75 495 461 276 250 257 542 441 515 652 518 477 582 658 440 342 394 654 241 586 247 884 558 477 544 181 193 101 300 595 882 450 575 499 202 846 654 419 188 217 428 734 535 681 399 465 326 686 581 681 124 804 310 441 522 885 622 402 419
476 327 619 758 595 400 1205 800 294 0 590 228 780 583 614 683 892 880 496 631 854 352 915 783 988 1006 566 474 202 772 689 595 791 650 847 790 1011 727 150 970 991 206 189 406 1014 606 353 544 378 618 257 648 415 492 761 653 964 335 31 243 584 966 621 359 873 856 684 436 622 428 657 788 123 542 777 890 894 90 1160 961 478 824 824 361 947 823 723 575 648 947 1082 850 689 432 453 301 759 63 508 526 1074 749 660 756 757 556 693 850 653 127 814 722 938 916 668 672 748 277 717 530 824 217 640 954 984 1020 544 921 907 1075 630 864 620 848 416 513 248 1018 779 652 641 679 881 252 340 140 366 538 504 20 485 236 703 695 639 800 778 767 799 748 730 576 589 673 433 878 46 1155 790 218 707 316 312 349 580 874 1151 508 861 793 418 1103 871 176 211 434 711 822 507 716 693 629 530 974 862 907 200 906 594 559 804 977 885 651 704
660 366 470 344 848 702 955 899 390 590 0 589 334 275 573 160 688 606 781 768 414 833 573 326 869 967 921 240 427 467 461 799 1039 851 1028 284 687 669 720 798 677 614 403 777 911 100 725 570 574 871 547 997 663 588 184 577 766 255 621 778 111 1121 736 339 769 595 183 475 719 478 492 1075 711 611 679 1051 613 522 912 949 224 920 1105 439 861 363 490 734 647 628 849 823 491 785 873 762 189 588 226 229 782 634 417 501 1035 554 450 989 650 528 893 1025 1071 650 880 241 643 338 673 412 759 653 155 1169 1229 734 618 720 1001 810 787 718 276 433 501 842 390 804 282 189 899 593 490 340 752 729 336 872 840 583 144 645 849 638 854 957 245 369 816 1004 349 607 694 1030 584 586 551 953 771 808 848 275 578 289 477 672 955 825 625 479 539 961 877 758 573 547 539 1075 923 1051 427 780 633 696 653 887 402 1134 467 792 603 1217 757 620 298
248 230 444 645 376 179 1006 572 201 228 589 0 675 475 410 629 699 706 278 402 738 244 757 682 774 782 377 393 178 619 525 369 578 425 624 709 841 515 219 765 819 38 246 213 796 566 155 335 158 400 53 461 187 274 725 452 765 365 230 217 540 742 393 264 661 680 619 252 396 243 480 584 255 324 569 666 720 170 963 736 403 595 620 201 729 717 555 346 433 779 885 628 516 233 294 174 717 165 426 440 891 548 507 589 550 352 533 623 438 122 585 521 712 736 445 583 544 258 503 369 608 72 580 739 775 838 325 725 679 885 402 660 513 723 221 310 202 819 697 580 425 478 743 284 168 272 269 338 303 208 451 56 475 486 415 574 713 646 574 536 610 361 363 490 213 709 200 949 569 325 479 347 88 300 400 682 944 300 677 640 209 889 646 265 21 224 528 611 348 526 540 401 307 794 672 683 223 692 418 335 617 767 676 441 598
616 461 312 40 782 708 632 736 496 780 334 675 0 201 431 176 406 303 752 659 83 903 247 15 599 723 898 305 579 186 245 719 935 756 889 86 358 475 870 514 351 711 600 797 643 240 761 473 579 801 622 958 654 527 233 409 474 490 806 892 245 954 623 427 522 301 151 451 602 459 306 988 881 521 458 897 306 693 591 720 303 752 1010 475 608 42 252 647 497 305 535 606 280 793 898 836 214 751 271 254 456 416 222 242 948 447 230 833 497 675 721 954 899 344 785 112 428 505 487 330 536 748 183 1029 1099 412 527 433 819 490 683 460 163 98 487 821 533 501 77 153 826 411 157 544 802 901 420 847 824 765 325 729 723 455 766 815 137 62 626 910 80 494 590 989 557 278 734 643 571 973 720 502 621 432 350 393 648 802 339 185 522 672 668 915 669 519 322 969 937 996 203 675 553 379 374 663 582 1006 330 731 342 1085 500 461 77
445 260 197 175 625 523 714 635 295 583 275 475 201 0 308 196 425 359 580 522 271 707 357 207 597 692 726 115 381 222 189 568 800 613 774 238 467 395 668 532 452 511 410 610 638 183 569 323 391 647 422 793 472 360 301 306 504 322 608 691 165 858 487 226 494 343 174 266 468 272 216 845 681 369 404 792 369 495 669 674 119 655 871 276 586 244 221 497 382 402 599 548 216 609 711 639 286 552 87 71 551 359 145 239 804 301 181 728 384 474 626 802 806 403 643 113 367 312 400 159 484 547 152 916 981 498 375 457 733 570 544 446 38 265 301 647 334 547 225 131 674 320 303 359 608 700 219 675 649 567 181 529 597 365 620 701 253 184 545 769 147 354 448 825 378 345 537 698 497 772 596 330 426 240 211 407 699 629 366 240 338 694 603 714 468 339 264 836 754 838 161 536 396 455 389 611 388 886 198 571 335 968 484 351 124
223 338 119 390 358 342 596 326 357 614 573 410 431 308 0 501 289 317 349 228 453 565 392 444 377 426 488 344 443 282 190 292 504 325 468 504 451 118 629 356 428 447 513 428 408 490 414 77 255 374 365 537 286 146 604 43 354 513 626 604 469 550 192 329 261 291 476 181 171 188 126 557 665 110 163 484 331 529 552 395 359 347 579 263 343 461 200 222 74 396 474 267 160 414 521 514 587 559 348 344 487 137 208 230 517 58 205 420 76 487 319 524 498 339 354 402 134 434 114 163 221 469 460 610 676 436 114 314 428 476 253 250 325 424 197 418 412 408 491 436 398 67 416 494 460 682 325 439 424 594 447 443 294 84 336 394 538 375 245 479 350 71 161 568 205 328 573 541 208 734 292 508 324 394 97 274 536 399 278 300 201 491 312 675 418 186 142 539 547 569 229 244 143 394 266 332 481 582 110 311 216 663 270 48 375
637 398 384 192 820 705 806 826 430 683 160 629 176 196 501 0 558 465 770 718 255 871 421 167 746 857 915 236 495 331 350 764 996 809 969 126 534 577 795 668 526 660 494 789 789 80 744 519 572 842 580 985 657 554 106 493 632 361 712 836 99 1049 683 364 655 458 29 453 664 458 396 1041 796 565 575 985 470 604 764 846 225 845 1067 445 746 203 372 693 574 478 705 724 384 792 890 801 92 667 205 194 631 531 311 376 1000 497 336 921 576 597 816 997 996 508 839 106 541 409 585 355 657 699 49 1111 1176 585 571 588 921 662 740 599 175 275 486 835 451 665 122 64 869 504 334 433 778 815 359 864 836 671 198 685 792 550 815 895 97 220 729 965 207 549 644 1017 567 442 639 811 679 892 791 377 596 342 405 542 815 817 492 339 524 830 782 838 617 527 432 1032 935 1032 310 732 592 549 523 785 484 1081 390 765 480 1163 639 542 157
503 586 280 374 588 625 312 425 613 892 688 699 406 425 289 558 0 110 612 441 372 849 205 421 193 326 733 520 707 226 238 522 664 529 582 492 194 212 918 110 172 736 766 706 237 589 699 367 545 595 651 762 571 434 637 247 79 726 907 894 578 612 414 565 143 105 529 456 394 464 242 730 952 393 154 574 115 804 268 335 530 432 741 532 210 410 204 465 293 168 190 251 220 688 792 802 617 841 505 492 200 156 281 187 696 347 244 514 289 766 401 720 556 89 551 453 163 675 229 374 190 759 538 708 783 155 394 32 472 187 466 81 414 335 480 674 668 128 483 504 611 222 288 733 745 970 560 689 683 872 605 733 464 227 546 516 543 346 302 654 351 351 407 787 495 138 849 276 249 1023 459 727 614 617 313 18 276 657 67 221 489 272 311 964 705 476 184 690 809 774 264 458 421 121 36 288 736 700 302 554 93 769 111 269 400
540 560 263 275 653 659 355 519 590 880 606 706 303 359 317 465 110 0 662 508 262 882 97 318 302 437 794 466 685 140 193 586 751 602 678 389 135 278 925 212 113 744 736 746 346 506 730 392 562 664 655 831 603 461 537 275 171 676 899 913 499 716 476 534 249 25 437 455 455 463 226 815 953 428 230 673 14 791 310 445 474 528 829 521 321 303 157 522 345 79 242 353 192 731 838 828 517 834 445 430 196 210 229 127 779 368 192 611 342 756 497 799 660 43 627 366 221 641 294 350 287 771 452 808 883 142 431 132 576 210 534 184 341 226 484 729 643 199 380 418 683 257 177 696 776 971 528 747 736 862 540 747 544 280 617 609 440 248 396 738 259 387 461 859 517 27 835 346 340 1031 540 681 626 576 306 104 349 710 53 127 502 368 415 971 709 491 180 780 861 851 202 525 460 97 90 396 709 796 289 613 105 869 220 313 310
136 424 449 714 99 99 884 334 412 496 781 278 752 580 349 770 612 662 0 189 790 263 741 763 616 579 146 547 438 629 532 117 299 161 351 812 792 399 426 640 769 291 514 116 626 728 149 284 208 122 280 216 119 225 875 388 656 605 490 353 703 470 204 445 521 637 751 316 221 311 470 311 478 240 458 395 676 448 847 527 562 354 345 343 562 788 548 148 320 742 772 450 506 89 181 244 862 434 571 578 812 459 537 579 274 312 546 362 323 401 355 251 447 678 174 692 450 495 383 425 459 280 721 460 497 767 236 629 429 791 173 547 611 765 284 69 443 708 799 709 146 405 763 538 181 489 447 95 74 477 636 260 231 386 147 311 833 704 382 257 673 278 204 248 202 676 475 808 403 508 236 590 226 507 405 600 800 50 618 647 245 724 443 460 300 242 492 333 198 270 565 177 207 728 597 487 486 413 427 74 557 488 547 349 684
155 456 347 619 146 247 699 170 459 631 768 402 659 522 228 718 441 508 189 0 680 450 596 672 427 395 292 529 518 505 417 81 278 98 262 731 630 231 590 456 607 428 596 302 437 695 320 200 264 156 380 323 216 186 823 254 476 648 632 531 672 366 35 464 337 484 695 301 56 301 354 329 639 156 286 291 521 564 662 344 544 193 352 366 373 689 423 55 168 587 589 261 385 277 367 424 807 568 542 543 638 298 436 448 289 220 433 235 170 516 183 298 325 516 126 624 287 547 214 363 274 431 674 401 460 596 150 454 279 613 25 370 545 650 286 240 505 527 718 653 175 261 635 602 360 652 463 251 250 610 629 406 83 228 110 194 763 603 193 251 578 168 74 351 219 526 600 620 216 682 85 637 321 533 315 431 612 225 459 521 256 535 257 629 420 242 357 314 374 346 457 17 138 561 432 300 564 366 333 119 402 448 365 204 601
655 531 342 96 811 755 567 738 566 854 414 738 83 271 453 255 372 262 790 680 0 958 187 89 564 696 935 382 653 178 263 746 950 778 895 142 291 478 938 475 288 775 678 845 608 322 813 507 630 828 684 990 699 565 294 425 432 572 880 955 328 952 644 497 501 267 231 503 623 511 327 1007 953 553 450 899 261 766 527 700 380 753 1027 536 581 52 258 675 513 245 478 594 294 838 945 893 276 823 348 330 390 413 253 238 968 480 248 835 512 746 721 978 895 298 806 194 425 581 491 378 524 810 266 1033 1105 351 558 395 813 428 705 436 234 36 539 860 606 451 139 236 852 422 91 623 855 972 491 884 864 839 407 789 737 463 789 822 195 91 623 928 128 522 615 1020 603 235 808 587 566 1043 734 583 678 508 384 361 592 841 306 168 571 626 657 984 733 566 327 983 980 1023 226 697 586 323 344 646 658 1014 363 762 325 1091 475 477 151
346 474 636 869 344 224 1137 594 445 352 833 244 903 707 565 871 849 882 263 450 958 0 949 911 875 842 249 634 413 819 721 380 496 417 581 944 1017 642 223 891 994 219 466 148 887 810 151 489 329 358 290 320 279 420 969 608 902 601 332 122 784 698 461 507 775 856 860 455 474 446 666 473 277 457 701 629 896 354 1098 789 645 613 509 430 822 944 746 404 557 960 1021 711 704 173 118 70 960 305 666 679 1050 693 713 779 451 514 732 608 562 325 616 409 686 904 421 818 686 498 626 579 714 181 821 658 671 1000 455 870 682 1034 436 793 744 939 419 232 443 956 931 819 370 630 951 516 105 279 512 244 221 341 696 188 491 622 400 558 952 867 644 456 831 499 451 339 366 890 356 1065 661 270 497 582 281 545 589 835 1058 239 844 840 390 985 706 238 259 398 703 521 164 387 745 439 427 959 830 750 451 607 610 337 782 667 798 579 827
614 588 314 229 739 730 385 615 621 915 573 757 247 357 392 421 205 97 741 596 187 949 0 260 390 529 877 471 715 143 232 672 846 692 775 326 114 369 973 296 104 796 758 818 433 474 797 463 622 752 705 919 673 531 478 353 252 680 936 970 472 814 564 559 346 115 394 506 542 515 282 909 997 502 325 771 89 825 343 540 476 626 924 563 415 235 203 606 429 58 291 451 245 806 913 891 459 873 445 428 209 300 254 169 872 437 224 709 427 795 594 890 757 119 717 333 312 660 385 390 385 826 417 906 980 165 506 222 674 243 622 281 330 154 538 809 670 265 320 384 772 338 95 712 843 1016 552 829 815 897 529 802 637 367 706 705 379 203 493 831 227 463 544 947 582 73 869 400 437 1079 633 687 683 591 361 200 405 790 151 121 561 442 513 1019 758 552 250 876 939 941 222 614 535 136 188 493 732 893 341 697 196 966 316 396 276
627 466 325 54 795 718 645 750 500 783 326 682 15 207 444 167 421 318 763 672 89 911 260 0 614 738 910 308 583 201 260 732 948 769 903 71 370 490 875 529 364 718 602 807 658 233 770 486 588 813 629 970 664 538 219 423 489 489 809 898 240 969 636 431 537 316 142 461 615 468 320 1001 885 533 473 912 320 696 603 735 305 767 1023 482 623 41 267 660 510 318 549 621 295 803 908 844 200 755 274 256 468 431 236 258 961 460 244 847 511 679 735 967 914 358 798 111 443 507 501 340 552 754 177 1044 1114 425 539 448 834 503 697 475 169 108 497 832 536 515 62 148 839 425 168 545 810 905 424 858 835 768 322 736 737 470 779 829 122 77 641 923 93 507 603 1001 568 292 737 657 586 977 734 501 629 434 362 408 661 813 354 201 532 686 683 920 675 529 336 982 947 1008 217 688 565 393 389 678 584 1020 342 743 358 1100 515 475 83
541 712 422 566 562 659 279 337 733 988 869 774 599 597 377 746 193 302 616 427 564 875 390 614 0 145 708 679 821 417 408 506 576 491 476 686 340 261 986 94 325 808 890 726 43 771 735 444 615 562 733 716 613 499 829 344 140 874 998 943 758 472 413 698 116 299 717 559 400 566 389 647 1028 449 216 453 304 906 251 173 691 333 648 641 58 604 379 471 340 342 194 168 381 703 795 841 809 931 670 659 287 254 452 370 619 433 418 404 336 862 309 653 419 270 505 640 250 807 271 511 165 823 723 580 655 274 448 169 341 242 446 151 593 529 573 667 789 154 676 690 570 319 479 867 779 1044 693 674 677 968 772 796 414 294 510 424 736 539 238 579 541 413 426 736 560 330 948 194 213 1086 408 872 685 758 441 206 185 653 260 414 570 115 199 1030 785 554 335 596 799 712 442 441 468 269 225 157 858 583 437 546 266 641 115 337 589
535 762 502 687 507 641 391 257 778 1006 967 782 723 692 426 857 326 437 579 395 696 842 529 738 145 0 645 759 859 537 509 462 474 432 365 809 485 310 982 238 469 812 933 695 110 872 715 475 627 500 749 637 604 516 946 404 284 939 1012 926 857 339 393 755 202 429 829 600 387 605 476 544 1029 466 288 333 441 930 373 54 772 244 539 682 115 732 485 447 368 484 330 159 477 669 748 819 927 945 755 746 430 333 551 484 522 473 521 296 363 883 231 562 290 409 437 750 325 859 312 580 210 820 829 450 524 419 463 307 221 383 406 262 694 660 606 618 833 298 799 798 501 382 614 919 755 1043 751 619 629 985 858 794 353 344 450 328 857 661 207 485 658 438 418 652 573 464 970 295 220 1076 348 934 694 820 508 334 284 607 390 537 593 184 137 1023 796 577 429 487 742 621 547 403 476 413 352 99 900 461 511 505 380 510 222 378 703
283 558 593 860 147 220 985 388 542 566 921 377 898 726 488 915 733 794 146 292 935 249 877 910 708 645 0 690 552 770 675 210 248 217 340 959 920 521 462 747 897 377 624 165 710 872 223 428 347 146 395 83 259 371 1021 525 768 730 553 368 846 454 319 582 627 769 898 462 339 456 612 226 517 382 578 388 807 538 951 591 705 402 261 482 651 934 689 271 449 873 880 540 647 145 131 271 1008 508 715 723 931 585 682 718 202 455 689 378 452 495 414 160 448 805 207 838 575 619 504 572 564 353 867 408 424 888 377 746 457 905 269 662 758 909 429 79 565 818 945 855 144 539 904 657 226 522 585 51 80 550 776 340 295 513 198 331 980 850 470 208 819 417 333 113 348 809 556 903 504 519 301 714 349 641 550 723 894 97 747 788 390 809 518 484 399 388 629 272 101 150 709 276 349 852 723 564 599 358 571 180 688 419 656 481 830
422 164 258 286 609 475 820 664 197 474 240 393 305 115 344 236 520 466 547 529 382 634 471 308 679 759 690 0 274 333 282 559 799 611 790 321 580 451 570 624 564 425 296 556 718 182 509 332 343 632 343 764 430 348 336 356 600 209 500 603 156 885 496 129 569 448 226 236 481 239 289 836 578 372 472 814 477 388 774 734 15 686 865 211 661 348 318 493 416 515 702 606 302 561 656 564 326 447 34 51 661 429 240 342 795 318 278 752 419 372 660 787 836 509 640 199 435 199 452 181 549 464 187 930 989 608 378 553 770 677 547 529 149 379 264 610 228 646 310 187 660 376 419 243 542 597 123 640 610 459 102 449 610 418 614 718 320 297 590 764 261 370 455 796 346 454 428 797 550 671 610 215 360 126 252 502 797 593 467 353 302 783 655 614 382 309 345 835 703 816 264 540 392 564 485 671 276 894 248 554 428 977 564 392 231
365 126 428 557 529 340 1019 685 95 202 427 178 579 381 443 495 707 685 438 518 653 413 715 583 821 859 552 274 0 572 492 507 734 565 765 594 814 561 300 792 795 194 78 390 851 423 332 383 254 554 158 635 326 347 582 478 781 188 226 350 399 879 498 157 705 662 492 262 494 255 466 749 303 394 606 802 698 113 974 820 279 709 784 180 786 622 528 465 491 749 897 700 495 407 473 343 577 173 309 326 881 573 461 559 712 389 496 752 496 102 693 688 842 723 589 474 573 89 554 336 663 232 449 890 933 826 398 737 796 885 525 687 418 646 253 480 46 834 583 457 581 504 679 105 347 323 164 510 475 186 301 229 599 528 559 706 587 565 658 693 528 420 460 665 299 681 155 976 638 398 601 169 213 153 393 688 973 468 670 593 269 935 730 342 158 285 522 769 527 698 493 521 393 781 675 761 48 845 404 481 616 924 712 486 503
496 445 183 150 640 605 494 560 478 772 467 619 186 222 282 331 226 140 629 505 178 819 143 201 417 537 770 333 572 0 98 574 773 603 717 272 247 299 832 337 230 657 615 695 461 366 669 344 490 656 565 820 548 408 411 250 301 543 793 833 359 775 470 416 336 128 302 369 448 378 158 831 855 388 274 721 148 681 449 534 339 575 849 422 422 201 82 504 337 181 382 421 122 685 793 759 392 730 309 293 329 236 112 59 792 317 86 657 335 652 543 803 719 184 631 228 248 518 313 249 352 688 313 855 927 276 393 256 638 349 531 275 201 145 403 698 527 336 262 280 679 245 134 570 714 874 409 720 703 754 401 665 560 285 615 644 320 124 446 752 124 353 443 850 454 123 725 486 389 939 556 549 547 450 230 211 488 679 160 22 429 498 484 879 618 421 149 805 823 850 79 522 421 234 192 477 589 835 209 593 156 913 314 301 173
398 366 85 205 548 507 540 491 397 689 461 525 245 189 190 350 238 193 532 417 263 721 232 260 408 509 675 282 492 98 0 483 690 515 643 325 322 232 741 344 302 563 543 596 450 364 571 247 393 565 472 727 450 310 445 164 318 489 708 738 350 711 381 341 308 171 322 274 360 283 63 745 766 292 225 652 206 599 494 496 292 508 766 332 400 272 36 412 252 257 420 374 35 587 694 662 426 644 266 253 389 180 44 66 706 220 15 587 251 566 477 715 656 232 544 243 191 448 242 159 306 593 319 784 853 335 297 270 578 399 442 257 185 234 307 601 450 364 313 289 588 165 232 504 616 785 335 624 606 670 367 570 478 210 526 569 365 186 384 667 167 259 352 757 356 188 643 514 331 848 475 492 451 385 132 220 514 582 185 119 332 505 433 787 526 323 81 724 726 760 42 434 325 290 202 435 515 760 111 499 147 840 295 216 202
146 465 407 679 67 197 779 217 461 595 799 369 719 568 292 764 522 586 117 81 746 380 672 732 506 462 210 559 507 574 483 0 240 58 258 788 710 311 538 538 688 389 585 234 513 734 262 247 254 81 357 246 184 211 870 324 558 655 593 470 709 374 109 479 418 562 742 324 130 322 419 277 589 200 367 297 599 537 743 409 575 238 305 375 450 752 492 71 242 665 671 338 453 207 289 361 855 532 578 581 720 376 497 520 236 272 498 254 245 489 237 235 343 596 83 675 366 549 294 408 355 385 718 385 435 678 194 535 315 695 59 451 595 717 301 161 501 608 774 700 106 335 707 599 298 601 479 169 171 575 657 362 113 305 55 205 815 666 269 204 639 225 131 275 222 603 569 699 296 624 118 642 298 546 370 512 691 147 538 591 265 611 327 574 388 255 428 276 293 277 521 65 171 642 513 371 555 343 389 43 480 424 446 277 657
385 704 624 894 205 399 854 243 697 791 1039 578 935 800 504 996 664 751 299 278 950 496 846 948 576 474 248 799 734 773 690 240 0 187 113 1009 858 478 702 640 836 588 812 387 564 971 438 477 489 180 578 195 408 450 1102 526 674 892 782 613 947 211 314 718 530 730 973 564 334 562 628 70 757 432 521 157 762 747 828 422 814 243 77 615 519 963 692 305 438 826 767 423 657 360 379 510 1086 729 816 818 842 547 712 714 53 499 706 178 438 701 269 101 218 749 158 902 535 784 463 641 474 573 951 164 198 811 425 666 256 806 255 583 823 918 541 279 734 714 996 931 153 528 897 832 456 764 719 258 289 773 897 555 213 487 185 152 1041 877 362 42 854 447 351 197 462 773 773 762 414 766 216 878 521 785 593 659 751 283 698 786 505 656 377 728 599 495 623 36 345 155 731 263 407 784 666 419 783 114 611 256 650 189 563 474 879
203 522 443 716 75 250 769 178 519 650 851 425 756 613 325 809 529 602 161 98 778 417 692 769 491 432 217 611 565 603 515 58 187 0 200 827 721 324 587 533 699 444 644 276 493 783 310 290 312 70 415 232 241 262 915 352 557 712 647 514 759 317 133 534 414 579 787 377 155 376 452 232 640 245 376 240 615 594 735 378 627 196 257 432 434 787 521 117 266 680 665 323 483 248 317 406 900 587 628 630 723 392 533 546 192 314 531 201 268 546 201 200 288 608 29 718 381 606 307 454 352 438 764 328 379 683 238 539 267 694 72 454 638 748 356 187 559 605 814 745 82 359 733 657 343 650 534 187 198 631 710 416 79 324 18 150 857 701 253 155 675 263 166 258 279 621 625 685 290 669 84 700 356 602 410 521 676 178 552 619 321 592 302 622 445 310 454 224 311 249 555 81 219 650 524 347 613 287 428 91 497 368 444 302 697
401 716 587 849 252 447 750 159 715 847 1028 624 889 774 468 969 582 678 351 262 895 581 775 903 476 365 340 790 765 717 643 258 113 200 0 968 775 417 773 547 754 641 844 456 460 952 499 458 511 231 615 302 442 447 1073 481 583 907 842 691 930 119 293 725 443 659 944 563 309 563 584 181 827 418 451 48 688 794 726 314 805 150 175 625 420 914 639 305 396 749 669 334 608 427 467 585 1056 784 802 802 751 483 671 657 166 476 659 71 395 746 181 212 108 671 179 870 471 803 404 619 392 632 927 141 210 723 411 581 144 712 247 501 794 862 546 351 758 620 955 904 213 478 835 856 525 836 725 337 363 828 891 611 180 433 208 74 1004 829 281 137 810 422 335 307 474 702 824 656 337 846 180 896 556 794 563 580 645 350 625 728 514 548 281 804 644 501 569 122 441 268 686 252 400 700 589 319 813 118 578 289 582 196 476 430 840
676 485 384 123 849 760 709 816 519 790 284 709 86 238 504 126 492 389 812 731 142 944 326 71 686 809 959 321 594 272 325 788 1009 827 968 0 433 557 892 600 429 743 604 848 730 205 808 540 628 869 657 1022 708 588 152 487 560 479 818 923 218 1037 695 450 609 387 112 502 675 509 383 1060 898 587 542 978 391 706 668 806 315 833 1083 513 694 91 336 716 573 384 617 691 361 846 949 876 133 768 287 271 532 500 297 328 1020 515 310 913 573 694 802 1023 982 428 857 126 512 513 568 386 622 781 155 1109 1178 491 594 519 902 569 755 547 202 171 538 880 548 585 13 138 894 490 231 544 846 917 444 907 883 777 312 764 798 536 836 893 53 148 709 982 158 564 661 1054 613 363 745 725 654 992 796 494 663 442 418 479 730 862 425 272 574 757 753 936 701 574 404 1044 990 1063 282 747 618 460 461 749 590 1084 399 796 429 1164 587 538 130
674 687 397 343 777 794 276 618 719 1011 687 841 358 467 451 534 194 135 792 630 291 1017 114 370 340 485 920 580 814 247 322 710 858 721 775 433 0 399 1059 247 23 879 861 879 379 588 865 527 697 786 790 953 737 596 585 409 202 790 1031 1048 586 798 601 660 332 161 507 589 581 598 360 925 1087 561 345 764 121 921 237 507 586 624 935 654 379 342 288 650 473 65 197 442 325 864 970 963 567 966 555 538 99 334 352 255 890 503 318 706 469 888 594 914 742 114 744 447 344 764 416 481 384 907 531 898 973 70 564 194 659 141 656 274 442 262 619 858 770 192 428 498 803 388 201 818 911 1105 654 875 865 993 642 882 658 407 737 710 486 317 496 849 341 520 589 980 652 133 966 304 443 1166 653 796 761 697 441 200 311 840 174 227 637 365 499 1106 844 626 315 885 991 968 322 648 593 75 197 471 834 892 423 740 235 959 299 444 390
296 456 199 435 377 418 497 261 475 727 669 515 475 395 118 577 212 278 399 231 478 642 369 490 261 310 521 451 561 299 232 311 478 324 417 557 399 0 731 252 376 550 631 497 290 579 494 182 357 387 473 554 367 241 675 94 260 629 737 696 560 479 202 446 146 255 550 299 182 305 181 540 770 193 59 422 290 644 457 283 465 276 556 381 225 497 223 253 85 356 379 155 197 478 580 599 657 670 450 443 413 68 267 239 503 172 247 358 80 600 245 521 424 284 348 472 56 553 16 271 102 568 542 556 627 368 193 229 345 393 256 150 404 444 311 461 531 314 545 514 405 75 419 613 540 787 442 477 470 706 551 542 267 34 339 344 598 414 152 462 398 153 194 581 303 297 686 434 102 833 264 625 427 510 199 201 429 444 227 310 309 376 207 775 525 293 153 509 596 573 275 248 217 331 201 220 599 536 203 342 173 613 161 75 434
448 408 662 843 523 343 1225 754 374 150 720 219 870 668 629 795 918 925 426 590 938 223 973 875 986 982 462 570 300 832 741 538 702 587 773 892 1059 731 0 982 1038 182 319 317 1007 723 277 553 375 542 269 538 378 490 881 671 984 467 122 102 699 893 589 443 875 899 792 469 596 461 698 688 55 538 787 819 938 197 1182 933 577 776 723 410 939 912 772 536 647 997 1104 835 734 346 336 191 877 132 605 621 1111 766 720 806 662 571 748 788 652 198 771 622 873 955 600 769 763 388 719 583 821 163 749 866 886 1058 538 944 854 1105 584 877 706 927 441 424 344 1038 880 756 560 697 952 380 247 62 450 443 413 148 601 190 652 703 573 737 887 848 775 660 811 577 565 560 428 926 175 1165 778 106 656 447 305 453 618 902 1160 423 897 854 428 1101 845 46 215 442 747 730 386 606 753 585 517 1013 892 885 318 816 635 497 837 881 892 658 793
548 676 374 483 599 669 246 397 700 970 798 765 514 532 356 668 110 212 640 456 475 891 296 529 94 238 747 624 792 337 344 538 640 533 547 600 247 252 982 0 231 801 856 744 136 699 745 430 607 603 721 764 619 492 746 317 45 826 983 949 688 556 436 658 119 213 639 534 419 541 338 710 1020 445 195 529 213 884 206 261 635 398 715 613 133 516 311 492 337 247 132 217 322 723 821 850 727 915 610 598 204 220 388 297 679 414 351 475 332 843 371 709 501 178 550 564 221 768 266 467 182 820 648 660 736 183 446 81 420 165 478 106 523 439 553 697 756 73 591 615 614 290 387 827 791 1037 653 708 706 950 712 794 459 278 551 488 651 456 283 638 461 405 439 786 554 239 928 185 242 1085 454 826 677 714 401 126 181 681 176 331 556 162 266 1027 774 541 280 663 831 767 373 472 470 175 145 231 825 659 393 575 197 721 93 323 511
651 668 376 334 754 771 280 597 700 991 677 819 351 452 428 526 172 113 769 607 288 994 104 364 325 469 897 564 795 230 302 688 836 699 754 429 23 376 1038 231 0 857 843 856 365 578 842 504 675 763 768 930 715 573 581 386 186 774 1010 1026 575 778 578 641 312 139 499 568 557 577 339 903 1066 538 322 744 99 901 239 490 570 604 913 633 361 338 267 627 450 49 193 421 304 841 947 941 562 946 540 523 105 311 334 235 868 480 299 685 446 868 573 891 723 91 722 436 321 746 393 461 363 885 521 878 953 64 541 174 640 140 633 253 428 257 598 835 751 181 423 488 780 365 197 800 888 1084 635 852 842 972 628 860 635 384 715 689 482 308 475 827 330 497 566 957 630 113 946 301 422 1144 631 780 739 679 419 178 307 817 151 211 615 356 479 1084 822 604 293 863 968 946 304 625 570 56 175 452 816 871 402 717 212 939 279 421 379
277 261 483 682 390 194 1043 597 230 206 614 38 711 511 447 660 736 744 291 428 775 219 796 718 808 812 377 425 194 657 563 389 588 444 641 743 879 550 182 801 857 0 254 212 830 596 154 371 193 413 91 460 211 309 756 489 801 383 204 180 570 760 421 296 696 719 652 290 425 281 518 590 220 358 605 683 758 161 1000 765 435 620 626 238 762 754 594 372 467 817 921 660 554 235 283 149 748 143 459 473 929 584 545 628 558 389 572 644 472 118 611 526 732 774 462 618 581 279 538 408 642 39 612 751 784 876 359 762 702 923 426 696 549 761 260 315 224 856 731 613 437 515 781 299 157 236 301 342 307 186 479 36 498 522 433 594 746 683 604 546 647 396 393 488 247 747 184 984 602 287 502 364 123 327 438 719 979 307 715 679 246 923 675 228 43 260 566 621 338 527 578 425 340 832 710 713 235 703 456 353 655 776 711 477 634
444 180 486 582 607 416 1078 763 156 189 403 246 600 410 513 494 766 736 514 596 678 466 758 602 890 933 624 296 78 615 543 585 812 644 844 604 861 631 319 856 843 254 0 460 921 417 401 457 333 632 233 707 404 424 571 545 843 148 219 387 395 958 577 202 773 714 496 333 571 327 524 825 308 471 673 881 749 122 1032 895 297 787 860 250 856 643 579 544 564 796 955 773 550 479 537 399 569 186 329 347 933 638 508 609 789 460 544 831 569 141 771 764 921 775 667 490 640 98 625 392 734 288 452 968 1010 878 475 797 874 940 604 752 445 675 327 554 100 894 594 466 658 571 714 62 411 326 208 583 548 180 296 291 678 597 638 785 590 594 733 771 557 495 538 737 378 730 148 1039 712 405 680 128 290 169 454 748 1037 543 725 636 346 1002 806 355 225 362 581 847 592 771 539 600 470 833 733 835 32 923 463 559 674 1001 779 557 527
205 411 511 761 207 89 990 450 390 406 777 213 797 610 428 789 706 746 116 302 845 148 818 807 726 695 165 556 390 695 596 234 387 276 456 848 879 497 317 744 856 212 460 0 738 738 58 355 219 225 236 248 146 287 892 470 757 572 395 238 712 575 313 438 627 720 774 346 326 338 538 382 371 318 556 502 760 373 951 643 569 470 418 345 673 836 618 255 413 825 875 562 575 28 101 129 881 346 585 595 907 551 594 650 351 381 609 474 417 330 471 317 556 766 285 723 543 462 481 468 566 189 740 551 578 859 315 726 543 890 288 647 645 823 310 108 406 810 835 732 243 490 828 495 69 380 442 132 98 389 634 175 347 479 260 423 862 755 496 345 722 359 304 277 242 756 392 917 513 393 352 555 198 491 465 693 909 106 705 715 275 836 558 348 234 278 569 417 146 315 624 291 286 819 689 602 436 502 486 191 644 571 651 437 724
559 745 460 610 566 674 290 330 765 1014 911 796 643 638 408 789 237 346 626 437 608 887 433 658 43 110 710 718 851 461 450 513 564 493 460 730 379 290 1007 136 365 830 921 738 0 813 750 471 638 564 758 713 631 523 872 377 181 910 1023 960 799 446 426 732 149 343 760 589 415 596 428 635 1049 473 250 433 348 933 267 148 730 324 634 672 67 648 421 483 365 384 220 176 421 714 803 856 853 956 709 699 320 290 493 413 609 462 460 389 360 888 303 646 395 313 504 683 285 840 298 547 189 843 765 556 631 312 471 213 320 273 454 192 634 572 601 673 820 189 720 733 569 352 522 900 793 1065 728 679 684 993 812 816 415 323 512 414 779 583 243 570 584 438 443 731 584 373 975 197 229 1105 409 908 708 793 476 250 187 660 304 457 596 98 193 1049 809 580 375 581 803 704 484 449 489 310 268 148 889 563 474 554 309 617 154 365 632
600 336 380 246 786 657 855 817 365 606 100 566 240 183 490 80 589 506 728 695 322 810 474 233 771 872 872 182 423 366 364 734 971 783 952 205 588 579 723 699 578 596 417 738 813 0 689 496 525 809 519 945 612 522 159 489 666 281 636 769 26 1040 662 303 672 495 93 414 644 418 399 1011 722 539 585 972 513 529 811 856 168 837 1039 393 764 273 391 665 564 529 748 731 395 743 837 740 154 593 157 153 683 540 321 402 971 476 353 909 566 525 809 964 989 549 812 141 549 335 584 333 666 635 57 1094 1156 634 546 620 917 710 716 621 178 337 444 792 380 703 199 90 837 504 394 355 721 740 299 821 792 596 121 622 773 549 787 879 177 271 728 938 249 530 621 977 526 485 563 853 681 818 773 297 541 271 392 572 855 775 525 378 483 861 787 764 553 488 443 1007 884 995 328 709 564 595 553 794 408 1061 381 731 505 1144 659 534 198
197 358 486 726 247 76 991 478 336 353 725 155 761 569 414 744 699 730 149 320 813 151 797 770 735 715 223 509 332 669 571 262 438 310 499 808 865 494 277 745 842 154 401 58 750 689 0 337 182 268 180 306 128 269 846 457 754 516 344 211 663 619 324 388 631 704 730 310 335 302 515 436 329 306 553 544 744 316 951 664 521 500 472 298 684 801 595 268 409 808 874 574 553 80 148 105 835 291 539 549 899 543 565 628 404 362 583 511 414 272 497 372 596 753 323 682 536 406 479 434 571 135 694 601 631 850 304 721 577 885 310 645 605 792 274 160 350 808 795 688 289 479 802 438 46 340 392 187 152 335 582 119 375 473 296 460 820 722 511 395 688 348 308 335 215 739 337 922 521 362 380 498 148 437 439 685 915 154 693 690 242 847 577 312 176 248 551 469 198 372 596 312 278 808 679 619 378 553 460 220 631 624 652 429 687
152 290 164 434 309 267 672 334 303 544 570 335 473 323 77 519 367 392 284 200 507 489 463 486 444 475 428 332 383 344 247 247 477 290 458 540 527 182 553 430 504 371 457 355 471 496 337 0 178 328 291 484 210 68 625 120 430 475 555 527 472 552 166 288 329 367 496 125 149 130 185 522 590 47 235 481 406 462 629 438 348 357 548 206 404 508 265 176 107 471 550 316 222 342 450 437 609 487 344 344 564 213 254 296 482 27 261 420 112 418 333 483 505 416 320 427 209 386 173 163 281 392 474 599 660 514 53 392 442 554 221 324 347 480 131 354 357 485 527 454 354 145 478 446 384 607 285 377 358 523 434 366 278 152 297 386 568 422 279 446 393 40 125 515 127 402 504 614 255 657 278 468 248 356 123 351 609 335 355 363 127 559 351 598 344 111 214 513 479 523 281 213 79 471 344 378 424 565 144 257 293 648 342 107 410
