89
0 557 778 729 228 357 873 254 942 761 498 601 343 1184 740 666 642 813 311 891 977 859 879 601 657 402 719 1127 739 1000 762 308 867 955 417 999 404 945 1017 910 837 955 756 829 550 498 713 358 156 787 954 655 763 810 1179 810 875 796 606 765 904 887 784 512 861 593 624 589 829 871 694 1053 137 801 560 507 263 566 974 955 935 582 569 757 749 590 1067 971 566
557 0 224 674 351 326 345 620 891 620 423 592 543 753 212 412 457 292 557 869 442 715 371 675 446 198 485 777 181 853 883 609 442 411 236 560 296 416 497 433 734 960 343 707 265 120 189 232 597 570 449 168 435 841 774 569 481 252 316 253 513 508 251 536 752 409 553 217 797 316 402 621 422 274 213 456 428 501 495 517 729 508 736 757 213 690 619 678 571
778 224 0 735 564 504 150 814 923 653 541 687 714 599 91 445 512 215 736 916 229 729 283 785 490 416 504 671 54 847 981 791 338 192 410 420 461 211 295 281 764 1009 289 733 360 322 181 434 804 576 265 236 411 912 635 562 393 54 374 127 419 425 83 656 776 483 632 287 849 133 415 479 645 105 306 572 620 597 330 385 710 598 867 827 72 806 465 619 676
729 674 735 0 578 445 691 526 229 110 277 127 391 681 644 290 224 926 429 196 764 152 1005 169 245 746 241 533 746 275 271 459 502 780 481 578 432 728 745 602 111 286 467 114 409 753 840 545 609 207 677 840 354 177 640 239 458 701 368 619 464 440 667 216 135 265 126 468 124 868 323 597 695 659 464 250 476 188 635 555 254 176 275 93 663 198 631 364 162
228 351 564 578 0 146 648 284 805 584 312 456 262 960 517 455 443 631 255 763 752 687 705 492 454 252 515 914 529 834 687 293 641 733 189 773 185 719 790 682 677 840 529 662 325 326 527 132 246 591 727 480 545 698 958 610 651 575 384 540 681 665 561 368 701 390 458 361 694 668 477 828 126 577 332 332 124 395 746 729 749 410 503 629 527 492 840 766 422
357 326 504 445 146 0 559 311 674 441 170 329 216 827 439 311 297 619 233 636 662 545 698 385 308 316 369 771 481 692 591 287 515 650 94 646 49 627 689 568 538 718 406 522 197 353 515 113 320 445 622 485 406 581 821 464 518 502 249 450 547 530 481 249 561 244 321 251 565 624 336 698 273 492 221 195 121 257 631 603 603 271 423 506 453 392 713 620 298
873 345 150 691 648 559 0 869 853 595 550 669 751 450 135 408 481 348 780 856 103 655 403 772 455 543 450 536 204 756 954 835 223 94 472 278 511 72 152 142 698 946 224 667 379 457 331 516 876 506 114 387 340 868 489 485 282 100 366 109 301 313 94 658 707 468 607 311 794 225 370 334 746 73 339 576 680 586 182 248 617 583 866 785 132 797 317 508 666
254 620 814 526 284 311 869 0 719 584 366 404 145 1088 750 556 507 909 105 664 971 671 985 374 531 535 587 995 788 801 514 66 798 961 404 923 358 935 993 865 637 719 697 636 495 610 804 388 99 635 924 761 664 575 1070 665 788 814 530 761 813 792 792 326 661 473 447 558 609 930 593 968 311 803 530 359 193 402 924 883 761 417 322 534 764 357 989 827 372
942 891 923 229 805 674 853 719 0 273 506 349 599 719 831 485 433 1125 634 61 908 198 1202 345 446 974 420 538 941 161 285 653 640 934 708 676 661 876 873 740 159 104 638 189 625 976 1046 774 811 348 814 1053 515 161 663 367 584 882 576 799 579 558 848 438 146 482 355 678 113 1051 509 675 919 835 678 479 699 418 756 667 264 405 415 186 850 362 712 406 384
761 620 653 110 584 441 595 584 273 0 272 184 441 573 561 212 164 853 481 263 662 103 930 263 174 718 149 434 669 251 380 520 397 682 455 469 417 628 639 498 114 355 374 87 356 711 773 527 657 98 573 781 255 275 535 129 350 614 303 531 355 332 580 258 132 217 138 405 198 783 237 487 708 569 407 255 499 194 528 446 177 178 373 197 580 293 521 263 213
498 423 541 277 312 170 550 366 506 272 0 171 224 722 458 190 146 701 261 471 644 375 781 253 166 470 226 637 535 522 459 314 438 645 207 559 155 607 653 515 367 557 348 351 181 485 605 268 416 289 582 591 298 426 705 313 423 522 184 451 447 426 493 116 391 107 151 254 399 673 228 603 436 495 235 33 234 88 570 520 440 101 325 346 475 269 625 475 148
601 592 687 127 456 329 669 404 349 184 171 0 266 740 598 262 189 861 305 307 753 266 942 104 217 640 246 614 688 400 295 339 510 762 378 609 324 716 747 603 236 389 448 232 335 657 769 436 484 256 676 760 356 254 707 290 477 660 312 582 491 467 628 89 261 204 66 404 238 820 303 639 570 625 392 140 350 91 647 578 358 88 209 176 617 131 669 442 35
343 543 714 391 262 216 751 145 599 441 224 266 0 945 642 415 363 835 40 547 851 532 915 258 387 504 442 850 695 667 434 89 662 845 310 784 253 814 867 734 502 613 566 498 372 560 732 320 217 490 797 699 523 467 925 519 648 707 398 646 672 650 682 183 527 331 303 441 486 838 453 827 344 689 415 214 138 256 791 745 619 272 244 413 657 248 850 682 232
1184 753 599 681 960 827 450 1088 719 573 722 740 945 0 552 532 583 794 983 754 411 557 838 833 558 942 506 191 650 567 940 1034 322 458 771 193 779 406 337 324 617 824 435 590 634 874 780 841 1133 484 337 833 426 815 67 450 308 546 578 505 279 298 526 783 608 615 676 606 722 660 497 133 1080 500 633 731 937 699 268 238 461 686 943 757 560 863 135 322 759
740 212 91 644 517 439 135 750 831 561 458 598 642 552 0 353 421 300 667 824 237 638 372 698 399 410 412 603 117 758 892 722 264 215 347 364 393 207 286 228 672 917 200 642 277 328 245 385 750 485 237 285 321 821 581 472 315 65 285 47 343 346 43 572 685 394 542 205 757 224 323 425 612 62 228 488 559 509 287 324 622 509 782 736 19 720 417 537 589
666 412 445 290 455 311 408 556 485 212 190 262 415 532 353 0 73 641 452 473 490 302 718 367 46 533 73 460 458 441 545 504 255 500 286 370 270 453 485 342 326 565 185 298 159 511 561 363 601 159 414 570 108 467 517 166 234 410 97 329 257 235 377 270 342 83 199 195 404 578 41 412 582 370 201 202 409 188 391 333 323 181 467 382 373 393 435 311 265
642 457 512 224 443 297 481 507 433 164 146 189 363 583 421 73 0 701 402 414 564 265 780 294 28 556 80 491 521 410 473 451 324 574 295 432 264 527 557 414 277 506 259 252 192 546 617 370 562 147 487 620 172 400 562 168 297 480 144 399 316 293 447 204 296 55 125 245 343 645 114 470 570 441 244 148 379 120 461 397 308 110 395 315 440 320 496 329 193
813 292 215 926 631 619 348 909 1125 853 701 861 835 794 300 641 701 0 849 1114 390 935 80 953 683 411 705 882 184 1057 1157 900 552 343 527 626 586 388 465 489 965 1206 500 936 526 314 104 521 877 782 457 158 621 1100 836 771 608 267 558 341 634 640 298 817 980 664 814 459 1044 139 616 682 676 319 469 733 719 770 529 594 922 774 1022 1015 282 971 664 834 846
311 557 736 429 255 233 780 105 634 481 261 305 40 983 667 452 402 849 0 581 880 571 928 290 426 504 482 890 715 705 457 55 697 873 328 820 275 844 899 767 540 644 599 537 402 565 745 329 179 530 829 709 560 498 964 559 685 731 431 673 709 687 708 223 565 369 343 468 521 858 490 864 324 716 441 253 136 296 825 780 659 312 264 448 682 278 886 722 271
891 869 916 196 763 636 856 664 61 263 471 307 547 754 824 473 414 1114 581 0 917 209 1192 291 431 942 412 577 931 211 225 598 648 940 677 696 627 884 887 749 158 92 636 189 603 950 1031 740 756 349 824 1034 515 99 700 373 596 878 559 795 593 572 844 394 154 459 322 660 72 1047 501 700 874 833 658 443 653 383 771 683 293 372 355 135 844 306 737 434 340
977 442 229 764 752 662 103 971 908 662 644 753 851 411 237 490 564 390 880 917 0 711 428 857 536 639 523 530 283 797 1031 936 268 47 575 273 613 37 75 168 759 1006 305 727 478 549 398 620 979 568 97 461 409 938 461 543 324 190 460 213 334 352 194 749 764 557 689 412 858 252 450 317 849 175 441 669 783 674 170 258 660 669 955 857 231 883 290 537 753
859 715 729 152 687 545 655 671 198 103 375 266 532 557 638 302 265 935 571 209 711 0 1010 322 270 821 231 394 750 147 383 605 442 736 558 487 521 678 678 542 59 295 442 38 454 810 860 631 749 153 617 872 319 258 509 169 388 686 398 604 384 363 652 349 55 319 234 498 165 856 320 493 810 638 502 357 599 295 562 474 105 279 425 204 656 350 529 234 300
879 371 283 1005 705 698 403 985 1202 930 781 942 915 838 372 718 780 80 928 1192 428 1010 0 1034 761 476 782 939 260 1130 1237 978 616 381 607 680 666 433 504 545 1042 1284 572 1012 606 383 182 599 950 857 505 226 694 1180 885 845 674 332 637 411 697 705 365 897 1056 744 894 539 1122 178 692 733 743 384 549 814 796 850 580 651 994 854 1103 1094 354 1051 712 901 926
601 675 785 169 492 385 772 374 345 263 253 104 258 833 698 367 294 953 290 291 857 322 1034 0 322 701 348 697 784 435 208 308 614 866 450 710 392 821 851 707 276 355 552 283 429 730 857 498 466 349 781 843 460 210 797 383 579 760 412 684 592 568 729 140 299 305 170 500 234 918 408 738 593 727 485 219 373 188 751 680 424 189 110 159 716 30 768 526 108
657 446 490 245 454 308 455 531 446 174 166 217 387 558 399 46 28 683 426 431 536 270 761 322 0 554 61 471 501 413 499 476 295 547 298 404 272 499 529 386 288 523 232 261 184 539 600 373 583 140 459 606 143 422 538 155 269 456 129 375 289 266 423 232 306 64 152 231 361 623 86 443 581 417 232 172 396 148 432 369 304 139 423 337 418 349 468 313 222
402 198 416 746 252 316 543 535 974 718 470 640 504 942 410 533 556 411 504 942 639 821 476 701 554 0 606 948 367 966 907 545 624 606 266 748 315 614 695 626 827 1028 516 805 373 99 314 204 484 692 646 253 586 894 958 699 655 449 438 450 688 679 449 564 848 501 620 359 870 483 536 809 266 472 340 500 368 559 690 704 856 570 734 816 411 708 810 830 611
719 485 504 241 515 369 450 587 420 149 226 246 442 506 412 73 80 705 482 412 523 231 782 348 61 606 0 411 521 368 508 530 267 539 355 363 332 487 507 364 260 504 226 230 232 585 629 431 642 86 439 640 114 417 483 96 231 465 170 382 245 222 431 278 274 126 179 267 346 634 89 396 642 421 275 228 457 193 403 332 250 181 455 335 431 377 424 251 258
1127 777 671 533 914 771 536 995 538 434 637 614 850 191 603 460 491 882 890 577 530 394 939 697 471 948 411 0 715 381 776 935 340 573 736 260 729 514 465 393 453 641 434 431 597 896 847 811 1053 361 438 888 371 648 127 331 295 617 532 555 264 269 590 674 440 535 557 590 554 760 436 215 1040 565 613 638 868 594 363 287 290 579 806 598 616 727 247 172 639
739 181 54 746 529 481 204 788 941 669 535 688 695 650 117 458 521 184 715 931 283 750 260 784 501 367 521 715 0 873 984 769 378 244 387 469 441 265 349 330 782 1024 316 752 355 271 131 403 773 597 318 183 436 921 685 586 432 104 379 162 459 463 126 651 796 487 637 284 862 143 432 528 604 151 299 567 594 598 381 432 738 600 860 836 101 804 516 655 676
1000 853 847 275 834 692 756 801 161 251 522 400 667 567 758 441 410 1057 705 211 797 147 1130 435 413 966 368 381 873 0 433 735 534 828 705 547 668 768 754 630 164 261 558 172 597 952 989 778 884 282 700 1006 436 301 507 287 476 800 538 719 463 446 766 488 140 465 378 635 218 968 452 536 956 750 642 502 743 440 636 545 138 424 527 287 776 460 574 268 435
762 883 981 271 687 591 954 514 285 380 459 295 434 940 892 545 473 1157 457 225 1031 383 1237 208 499 907 508 776 984 433 0 454 773 1045 658 849 600 995 1015 872 324 232 730 349 630 938 1063 704 613 478 947 1051 623 132 892 510 729 952 607 873 735 712 920 348 336 498 349 700 223 1115 583 865 778 915 687 426 565 386 907 827 485 384 193 184 911 198 899 617 311
308 609 791 459 293 287 835 66 653 520 314 339 89 1034 722 504 451 900 55 598 936 605 978 308 476 545 530 935 769 735 454 0 751 928 381 873 330 899 954 822 570 654 654 570 457 611 796 379 160 574 884 758 612 510 1013 604 738 787 486 729 761 739 763 263 595 421 383 524 542 912 542 916 344 771 497 303 182 341 880 834 697 356 261 467 737 291 939 766 307
867 442 338 502 641 515 223 798 640 397 438 510 662 322 264 255 324 552 697 648 268 442 616 614 295 624 267 340 378 534 773 751 0 295 452 132 466 236 242 100 490 737 113 459 318 562 509 519 830 301 176 548 154 673 334 275 58 285 269 217 81 90 255 526 496 335 444 283 591 444 213 189 759 233 311 456 630 443 136 88 395 435 718 594 277 642 199 286 517
955 411 192 780 733 650 94 961 934 682 645 762 845 458 215 500 574 343 873 940 47 736 381 866 547 606 539 573 244 828 1045 928 295 0 560 314 602 61 123 198 782 1029 315 750 473 514 354 600 964 590 136 419 427 956 507 567 352 160 461 200 366 382 171 753 789 562 699 404 879 205 461 361 825 158 431 671 771 680 211 296 690 677 960 874 205 891 335 571 760
417 236 410 481 189 94 472 404 708 455 207 378 310 771 347 286 295 527 328 677 575 558 607 450 298 266 355 736 387 705 658 381 452 560 0 584 60 541 607 494 561 763 339 541 139 280 425 76 404 438 542 399 364 633 772 451 464 410 203 362 495 480 390 310 583 239 354 173 604 530 301 639 309 402 143 238 211 294 558 540 602 304 502 553 360 462 651 597 352
999 560 420 578 773 646 278 923 676 469 559 609 784 193 364 370 432 626 820 696 273 487 680 710 404 748 363 260 469 547 849 873 132 314 584 0 597 254 214 139 543 779 245 512 450 681 600 652 959 371 178 648 262 737 217 339 136 366 398 316 117 141 343 637 542 453 542 415 649 501 331 61 892 317 444 573 760 552 103 44 415 542 818 665 373 739 67 279 621
404 296 461 432 185 49 511 358 661 417 155 324 253 779 393 270 264 586 275 627 613 521 666 392 272 315 332 729 441 668 600 330 466 602 60 597 0 578 639 518 519 712 356 500 148 338 485 113 369 411 572 460 361 579 775 428 471 457 201 402 500 483 434 252 542 209 306 202 555 584 292 650 311 444 172 185 170 244 581 554 573 256 442 500 407 403 665 581 297
945 416 211 728 719 627 72 935 876 628 607 716 814 406 207 453 527 388 844 884 37 678 433 821 499 614 487 514 265 768 995 899 236 61 541 254 578 0 84 138 725 973 268 694 442 526 386 587 945 534 75 447 374 903 452 510 293 166 423 179 305 322 165 712 732 519 652 376 824 254 413 303 818 145 405 632 748 637 151 234 630 632 918 821 203 846 279 510 716
1017 497 295 745 790 689 152 993 873 639 653 747 867 337 286 485 557 465 899 887 75 678 504 851 529 695 507 465 349 754 1015 954 242 123 607 214 639 84 0 143 729 973 305 697 498 609 469 658 1009 543 71 530 393 915 389 515 291 250 470 253 294 315 246 752 732 558 681 438 832 328 443 250 893 223 467 675 810 673 117 209 618 666 952 836 284 878 220 488 750
910 433 281 602 682 568 142 865 740 498 515 603 734 324 228 342 414 489 767 749 168 542 545 707 386 626 364 393 330 630 872 822 100 198 494 139 518 138 143 0 591 837 168 559 372 552 461 553 888 402 75 510 249 773 355 376 155 227 335 182 167 183 204 611 596 417 537 321 692 368 300 198 793 178 351 536 688 531 65 106 492 524 809 694 236 735 188 373 608
837 734 764 111 677 538 698 637 159 114 367 236 502 617 672 326 277 965 540 158 759 59 1042 276 288 827 260 453 782 164 324 570 490 782 561 543 519 725 729 591 0 248 480 31 469 823 887 631 719 192 666 895 358 199 568 215 438 723 418 641 437 415 689 324 24 328 218 519 106 893 349 550 797 677 520 345 581 282 614 527 162 267 375 146 691 303 586 294 271
955 960 1009 286 840 718 946 719 104 355 557 389 613 824 917 565 506 1206 644 92 1006 295 1284 355 523 1028 504 641 1024 261 232 654 737 1029 763 779 712 973 973 837 248 0 728 279 694 1039 1123 825 815 440 912 1125 606 145 766 462 683 970 651 887 679 658 936 472 241 550 410 752 163 1139 593 778 947 924 749 527 726 469 857 768 368 459 399 212 936 365 816 510 420
756 343 289 467 529 406 224 697 638 374 348 448 566 435 200 185 259 500 599 636 305 442 572 552 232 516 226 434 316 558 730 654 113 315 339 245 356 268 305 168 480 728 0 449 208 461 439 406 724 289 234 468 123 644 444 274 139 244 167 162 171 165 210 447 491 253 384 170 572 413 146 302 646 196 198 370 524 370 226 200 421 364 650 561 218 578 311 343 449
829 707 733 114 662 522 667 636 189 87 351 232 498 590 642 298 252 936 537 189 727 38 1012 283 261 805 230 431 752 172 349 570 459 750 541 512 500 694 697 559 31 279 449 0 444 799 859 612 716 160 635 867 327 227 544 183 406 692 391 610 405 383 658 317 44 305 205 492 136 862 320 521 784 646 494 330 570 268 583 496 143 252 387 167 661 311 557 268 266
550 265 360 409 325 197 379 495 625 356 181 335 372 634 277 159 192 526 402 603 478 454 606 429 184 373 232 597 355 597 630 457 318 473 139 450 148 442 498 372 469 694 208 444 0 355 434 214 516 319 429 431 225 578 633 325 326 342 66 275 356 341 314 297 488 144 290 73 531 492 165 503 447 319 56 212 316 244 433 406 482 248 507 493 295 448 517 462 320
498 120 322 753 326 353 457 610 976 711 485 657 560 874 328 511 546 314 565 950 549 810 383 730 539 99 585 896 271 952 938 611 562 514 280 681 338 526 609 552 823 1039 461 799 355 0 215 241 568 671 565 157 547 912 895 674 600 360 414 371 632 626 364 590 843 495 628 322 877 384 506 742 361 388 310 518 429 570 614 638 833 580 776 830 326 741 739 792 632
713 189 181 840 527 515 331 804 1046 773 605 769 732 780 245 561 617 104 745 1031 398 860 182 857 600 314 629 847 131 989 1063 796 509 354 425 600 485 386 469 461 887 1123 439 859 434 215 0 417 773 709 446 69 554 1012 816 701 561 235 472 292 589 591 258 720 903 576 724 371 961 180 540 659 575 283 378 638 614 677 511 564 857 682 923 927 231 874 646 781 751
358 232 434 545 132 113 516 388 774 527 268 436 320 841 385 363 370 521 329 740 620 631 599 498 373 204 431 811 403 778 704 379 519 600 76 652 113 587 658 553 631 825 406 612 214 241 417 0 370 514 596 380 439 690 844 527 535 444 278 407 567 553 429 360 654 314 419 236 668 544 377 708 240 444 207 297 197 357 618 607 677 369 537 612 395 506 718 673 407
156 597 804 609 246 320 876 99 811 657 416 484 217 1133 750 601 562 877 179 756 979 749 950 466 583 484 642 1053 773 884 613 160 830 964 404 959 369 945 1009 888 719 815 724 716 516 568 773 370 0 698 942 724 706 670 1119 726 827 811 560 766 854 834 793 399 744 521 519 571 699 913 635 1008 234 806 541 416 199 467 950 917 834 483 421 624 762 451 1026 889 449
787 570 576 207 591 445 506 635 348 98 289 256 490 484 485 159 147 782 530 349 568 153 857 349 140 692 86 361 597 282 478 574 301 590 438 371 411 534 543 402 192 440 289 160 319 671 709 514 698 0 478 724 167 372 451 33 253 533 257 451 257 234 499 312 201 202 195 353 290 703 170 392 718 486 361 282 523 233 431 348 164 218 459 295 503 379 424 191 278
954 449 265 677 727 622 114 924 814 573 582 676 797 337 237 414 487 457 829 824 97 617 505 781 459 646 439 438 318 700 947 884 176 136 542 178 572 75 71 75 666 912 234 635 429 565 446 596 942 478 0 502 324 849 380 451 229 214 399 197 237 255 202 681 671 487 611 371 768 327 373 228 833 176 400 604 743 602 75 160 563 596 882 770 239 808 206 439 680
655 168 236 840 480 485 387 761 1053 781 591 760 699 833 285 570 620 158 709 1034 461 872 226 843 606 253 640 888 183 1006 1051 758 548 419 399 648 460 447 530 510 895 1125 468 867 431 157 69 380 724 724 502 0 576 1008 865 719 597 288 477 333 626 627 306 704 912 575 720 375 962 250 554 708 518 332 376 624 576 669 564 609 877 675 902 924 274 858 698 811 739
763 435 411 354 545 406 340 664 515 255 298 356 523 426 321 108 172 621 560 515 409 319 694 460 143 586 114 371 436 436 623 612 154 427 364 262 361 374 393 249 358 606 123 327 225 547 554 439 706 167 324 576 0 529 415 151 126 367 161 285 148 127 333 375 368 191 290 227 453 537 71 304 670 319 246 311 512 291 290 226 302 282 564 447 339 488 327 244 364
810 841 912 177 698 581 868 575 161 275 426 254 467 815 821 467 400 1100 498 99 938 258 1180 210 422 894 417 648 921 301 132 510 673 956 633 737 579 903 915 773 199 145 644 227 578 912 1012 690 670 372 849 1008 529 0 766 401 625 878 542 796 627 604 844 332 207 436 288 641 93 1045 501 748 803 836 634 394 582 341 802 719 357 333 259 85 840 220 784 493 283
1179 774 635 640 958 821 489 1070 663 535 705 707 925 67 581 517 562 836 964 700 461 509 885 797 538 958 483 127 685 507 892 1013 334 507 772 217 775 452 389 355 568 766 444 544 633 895 816 844 1119 451 380 865 415 766 0 417 308 581 573 533 277 292 559 757 558 598 646 612 672 706 486 156 1081 533 638 710 927 674 307 257 409 660 907 711 590 827 173 276 729
810 569 562 239 610 464 485 665 367 129 313 290 519 450 472 166 168 771 559 373 543 169 845 383 155 699 96 331 586 287 510 604 275 567 451 339 428 510 515 376 215 462 274 183 325 674 701 527 726 33 451 719 151 401 417 0 224 518 261 436 226 203 484 343 221 220 228 353 316 687 168 358 737 469 364 309 547 263 402 318 159 248 493 326 490 413 391 163 311
875 481 393 458 651 518 282 788 584 350 423 477 648 308 315 234 297 608 685 596 324 388 674 579 269 655 231 295 432 476 729 738 58 352 464 136 471 293 291 155 438 683 139 406 326 600 561 535 827 253 229 597 126 625 308 224 0 341 269 269 32 31 310 501 442 317 410 304 541 502 195 180 773 289 329 437 629 417 178 101 337 407 686 548 330 608 201 227 487
796 252 54 701 575 502 100 814 882 614 522 660 707 546 65 410 480 267 731 878 190 686 332 760 456 449 465 617 104 800 952 787 285 160 410 366 457 166 250 227 723 970 244 692 342 360 235 444 811 533 214 288 367 878 581 518 341 0 347 82 366 373 34 636 735 455 603 269 811 169 378 424 665 52 293 552 621 572 277 331 663 571 846 793 49 783 411 568 652
606 316 374 368 384 249 366 530 576 303 184 312 398 578 285 97 144 558 431 559 460 398 637 412 129 438 170 532 379 538 607 486 269 461 203 398 201 423 470 335 418 651 167 391 66 414 472 278 560 257 399 477 161 542 573 261 269 347 0 271 298 281 316 292 435 108 258 101 488 508 99 449 509 315 104 210 361 224 394 356 419 224 501 457 304 435 466 396 304
765 253 127 619 540 450 109 761 799 531 451 582 646 505 47 329 399 341 673 795 213 604 411 684 375 450 382 555 162 719 873 729 217 200 362 316 402 179 253 182 641 887 162 610 275 371 292 407 766 451 197 333 285 796 533 436 269 82 271 0 297 301 48 563 652 378 523 204 729 252 295 377 640 44 231 479 571 495 242 276 583 494 772 712 60 707 370 494 576
904 513 419 464 681 547 301 813 579 355 447 491 672 279 343 257 316 634 709 593 334 384 697 592 289 688 245 264 459 463 735 761 81 366 495 117 500 305 294 167 437 679 171 405 356 632 589 567 854 257 237 626 148 627 277 226 32 366 298 297 0 24 336 520 439 340 425 336 541 524 219 155 804 314 361 459 657 436 177 91 325 425 700 553 358 622 179 207 504
887 508 425 440 665 530 313 792 558 332 426 467 650 298 346 235 293 640 687 572 352 363 705 568 266 679 222 269 463 446 712 739 90 382 480 141 483 322 315 183 415 658 165 383 341 626 591 553 834 234 255 627 127 604 292 203 31 373 281 301 24 0 342 497 417 318 401 324 519 534 199 177 788 321 349 437 638 412 199 114 308 401 676 529 361 598 202 196 480
784 251 83 667 561 481 94 792 848 580 493 628 682 526 43 377 447 298 708 844 194 652 365 729 423 449 431 590 126 766 920 763 255 171 390 343 434 165 246 204 689 936 210 658 314 364 258 429 793 499 202 306 333 844 559 484 310 34 316 48 336 342 0 606 701 424 570 242 777 203 344 402 655 26 267 522 601 541 258 306 629 540 816 760 37 752 391 536 621
512 536 656 216 368 249 658 326 438 258 116 89 183 783 572 270 204 817 223 394 749 349 897 140 232 564 278 674 651 488 348 263 526 753 310 637 252 712 752 611 324 472 447 317 297 590 720 360 399 312 681 704 375 332 757 343 501 636 292 563 520 497 606 0 349 193 120 369 326 789 312 673 481 607 352 84 260 84 661 601 435 97 210 260 590 154 700 504 54
861 752 776 135 701 561 707 661 146 132 391 261 527 608 685 342 296 980 565 154 764 55 1056 299 306 848 274 440 796 140 336 595 496 789 583 542 542 732 732 596 24 241 491 44 488 843 903 654 744 201 671 912 368 207 558 221 442 735 435 652 439 417 701 349 0 348 242 536 113 905 364 547 821 688 539 369 605 306 617 529 150 291 396 163 704 325 584 286 296
593 409 483 265 390 244 468 473 482 217 107 204 331 615 394 83 55 664 369 459 557 319 744 305 64 501 126 535 487 465 498 421 335 562 239 453 209 519 558 417 328 550 253 305 144 495 576 314 521 202 487 575 191 436 598 220 317 455 108 378 340 318 424 193 348 0 149 205 387 617 122 495 517 421 199 120 332 118 469 415 363 116 398 351 413 329 518 378 198
624 553 632 126 458 321 607 447 355 138 151 66 303 676 542 199 125 814 343 322 689 234 894 170 152 620 179 557 637 378 349 383 444 699 354 542 306 652 681 537 218 410 384 205 290 628 724 419 519 195 611 720 290 288 646 228 410 603 258 523 425 401 570 120 242 149 0 354 250 766 239 573 579 565 346 126 365 63 581 511 315 50 275 204 561 198 602 385 83
589 217 287 468 361 251 311 558 678 405 254 404 441 606 205 195 245 459 468 660 412 498 539 500 231 359 267 590 284 635 700 524 283 404 173 415 202 376 438 321 519 752 170 492 73 322 371 236 571 353 371 375 227 641 612 353 304 269 101 204 336 324 242 369 536 205 354 0 589 419 185 473 476 248 29 285 372 313 385 370 512 315 579 556 222 520 481 472 391
829 797 849 124 694 565 794 609 113 198 399 238 486 722 757 404 343 1044 521 72 858 165 1122 234 361 870 346 554 862 218 223 542 591 879 604 649 555 824 832 692 106 163 572 136 531 877 961 668 699 290 768 962 453 93 672 316 541 811 488 729 541 519 777 326 113 387 250 589 0 980 433 657 807 767 586 371 586 311 718 632 263 299 313 75 776 254 693 399 272
871 316 133 868 668 624 225 930 1051 783 673 820 838 660 224 578 645 139 858 1047 252 856 178 918 623 483 634 760 143 968 1115 912 444 205 530 501 584 254 328 368 893 1139 413 862 492 384 180 544 913 703 327 250 537 1045 706 687 502 169 508 252 524 534 203 789 905 617 766 419 980 0 546 554 734 218 437 704 736 731 401 474 830 732 999 960 205 939 533 730 810
694 402 415 323 477 336 370 593 509 237 228 303 453 497 323 41 114 616 490 501 450 320 692 408 86 536 89 436 432 452 583 542 213 461 301 331 292 413 443 300 349 593 146 320 165 506 540 377 635 170 373 554 71 501 486 168 195 378 99 295 219 199 344 312 364 122 239 185 433 546 0 375 603 335 197 243 440 230 349 292 327 223 508 417 342 435 396 297 307
1053 621 479 597 828 698 334 968 675 487 603 639 827 133 425 412 470 682 864 700 317 493 733 738 443 809 396 215 528 536 865 916 189 361 639 61 650 303 250 198 550 778 302 521 503 742 659 708 1008 392 228 708 304 748 156 358 180 424 449 377 155 177 402 673 547 495 573 473 657 554 375 0 948 377 500 614 810 589 153 104 411 577 847 681 434 767 37 269 654
137 422 645 695 126 273 746 311 919 708 436 570 344 1080 612 582 570 676 324 874 849 810 743 593 581 266 642 1040 604 956 778 344 759 825 309 892 311 818 893 793 797 947 646 784 447 361 575 240 234 718 833 518 670 803 1081 737 773 665 509 640 804 788 655 481 821 517 579 476 807 734 603 948 0 673 448 453 221 516 858 847 875 531 587 739 619 589 958 893 535
801 274 105 659 577 492 73 803 835 569 495 625 689 500 62 370 441 319 716 833 175 638 384 727 417 472 421 565 151 750 915 771 233 158 402 317 444 145 223 178 677 924 196 646 319 388 283 444 806 486 176 332 319 836 533 469 289 52 315 44 314 321 26 607 688 421 565 248 767 218 335 377 673 0 274 523 612 539 232 280 612 537 816 752 62 750 365 516 619
560 213 306 464 332 221 339 530 678 407 235 392 415 633 228 201 244 469 441 658 441 502 549 485 232 340 275 613 299 642 687 497 311 431 143 444 172 405 467 351 520 749 198 494 56 310 378 207 541 361 400 376 246 634 638 364 329 293 104 231 361 349 267 352 539 199 346 29 586 437 197 500 448 274 0 267 343 301 415 399 523 305 561 549 244 504 510 490 377
507 456 572 250 332 195 576 359 479 255 33 140 214 731 488 202 148 733 253 443 669 357 814 219 172 500 228 638 567 502 426 303 456 671 238 573 185 632 675 536 345 527 370 330 212 518 638 297 416 282 604 624 311 394 710 309 437 552 210 479 459 437 522 84 369 120 126 285 371 704 243 614 453 523 267 0 244 63 589 535 427 78 294 315 506 237 638 472 115
263 428 620 476 124 121 680 193 699 499 234 350 138 937 559 409 379 719 136 653 783 599 796 373 396 368 457 868 594 743 565 182 630 771 211 760 170 748 810 688 581 726 524 570 316 429 614 197 199 523 743 576 512 582 927 547 629 621 361 571 657 638 601 260 605 332 365 372 586 736 440 810 221 612 343 244 0 304 750 718 672 320 378 518 572 371 828 709 315
566 501 597 188 395 257 586 402 418 194 88 91 256 699 509 188 120 770 296 383 674 295 850 188 148 559 193 594 598 440 386 341 443 680 294 552 244 637 673 531 282 469 370 268 244 570 677 357 467 233 602 669 291 341 674 263 417 572 224 495 436 412 541 84 306 118 63 313 311 731 230 589 516 539 301 63 304 0 579 517 369 16 280 259 528 211 615 425 80
974 495 330 635 746 631 182 924 756 528 570 647 791 268 287 391 461 529 825 771 170 562 580 751 432 690 403 363 381 636 907 880 136 211 558 103 581 151 117 65 614 857 226 583 433 614 511 618 950 431 75 564 290 802 307 402 178 277 394 242 177 199 258 661 617 469 581 385 718 401 349 153 858 232 415 589 750 579 0 91 500 571 855 726 293 779 135 371 654
955 517 385 555 729 603 248 883 667 446 520 578 745 238 324 333 397 594 780 683 258 474 651 680 369 704 332 287 432 545 827 834 88 296 540 44 554 234 209 106 527 768 200 496 406 638 564 607 917 348 160 609 226 719 257 318 101 331 356 276 91 114 306 601 529 415 511 370 632 474 292 104 847 280 399 535 718 517 91 0 409 508 787 644 335 709 111 280 589
935 729 710 254 749 603 617 761 264 177 440 358 619 461 622 323 308 922 659 293 660 105 994 424 304 856 250 290 738 138 485 697 395 690 602 415 573 630 618 492 162 368 421 143 482 833 857 677 834 164 563 877 302 357 409 159 337 663 419 583 325 308 629 435 150 363 315 512 263 830 327 411 875 612 523 427 672 369 500 409 0 353 529 309 640 453 448 142 390
582 508 598 176 410 271 583 417 405 178 101 88 272 686 509 181 110 774 312 372 669 279 854 189 139 570 181 579 600 424 384 356 435 677 304 542 256 632 666 524 267 459 364 252 248 580 682 369 483 218 596 675 282 333 660 248 407 571 224 494 425 401 540 97 291 116 50 315 299 732 223 577 531 537 305 78 320 16 571 508 353 0 285 250 528 214 604 410 84
569 736 867 275 503 423 866 322 415 373 325 209 244 943 782 467 395 1022 264 355 955 425 1103 110 423 734 455 806 860 527 193 261 718 960 502 818 442 918 952 809 375 399 650 387 507 776 923 537 421 459 882 902 564 259 907 493 686 846 501 772 700 676 816 210 396 398 275 579 313 999 508 847 587 816 561 294 378 280 855 787 529 285 0 240 800 80 877 635 201
757 757 827 93 629 506 785 534 186 197 346 176 413 757 736 382 315 1015 448 135 857 204 1094 159 337 816 335 598 836 287 184 467 594 874 553 665 500 821 836 694 146 212 561 167 493 830 927 612 624 295 770 924 447 85 711 326 548 793 457 712 553 529 760 260 163 351 204 556 75 960 417 681 739 752 549 315 518 259 726 644 309 250 240 0 755 178 715 435 208
749 213 72 663 527 453 132 764 850 580 475 617 657 560 19 373 440 282 682 844 231 656 354 716 418 411 431 616 101 776 911 737 277 205 360 373 407 203 284 236 691 936 218 661 295 326 231 395 762 503 239 274 339 840 590 490 330 49 304 60 358 361 37 590 704 413 561 222 776 205 342 434 619 62 244 506 572 528 293 335 640 528 800 755 0 738 424 554 608
590 690 806 198 492 392 797 357 362 293 269 131 248 863 720 393 320 971 278 306 883 350 1051 30 349 708 377 727 804 460 198 291 642 891 462 739 403 846 878 735 303 365 578 311 448 741 874 506 451 379 808 858 488 220 827 413 608 783 435 707 622 598 752 154 325 329 198 520 254 939 435 767 589 750 504 237 371 211 779 709 453 214 80 178 738 0 798 556 131
1067 619 465 631 840 713 317 989 712 521 625 669 850 135 417 435 496 664 886 737 290 529 712 768 468 810 424 247 516 574 899 939 199 335 651 67 665 279 220 188 586 816 311 557 517 739 646 718 1026 424 206 698 327 784 173 391 201 411 466 370 179 202 391 700 584 518 602 481 693 533 396 37 958 365 510 638 828 615 135 111 448 604 877 715 424 798 0 307 682
971 678 619 364 766 620 508 827 406 263 475 442 682 322 537 311 329 834 722 434 537 234 901 526 313 830 251 172 655 268 617 766 286 571 597 279 581 510 488 373 294 510 343 268 462 792 781 673 889 191 439 811 244 493 276 163 227 568 396 494 207 196 536 504 286 378 385 472 399 730 297 269 893 516 490 472 709 425 371 280 142 410 635 435 554 556 307 0 468
566 571 676 162 422 298 666 372 384 213 148 35 232 759 589 265 193 846 271 340 753 300 926 108 222 611 258 639 676 435 311 307 517 760 352 621 297 716 750 608 271 420 449 266 320 632 751 407 449 278 680 739 364 283 729 311 487 652 304 576 504 480 621 54 296 198 83 391 272 810 307 654 535 619 377 115 315 80 654 589 390 84 201 208 608 131 682 468 0
