184
0 495 805 631 972 660 973 298 76 486 740 82 394 676 569 617 827 473 441 1055 675 402 167 516 707 1142 973 816 1026 834 173 222 201 702 757 734 817 1007 931 478 126 832 1039 842 790 598 776 629 811 630 981 569 1024 735 388 391 657 930 712 855 815 807 814 710 57 725 431 1072 531 450 300 507 534 891 740 485 269 612 388 536 216 719 681 506 270 713 558 644 332 779 696 522 252 685 793 262 1223 601 686 623 573 748 681 408 673 1060 63 361 765 230 204 604 617 395 647 794 1131 482 303 980 138 780 864 684 959 729 739 538 780 301 226 492 459 142 508 458 640 1000 974 1189 563 780 581 544 686 833 144 595 724 9 664 506 1046 790 261 426 340 929 565 710 787 1044 650 714 710 176 252 492 231 554 661 559 461 703 871 922 1014 966 747 266 915 638 703 220
495 0 310 781 808 895 685 625 424 365 299 534 276 493 593 758 897 653 665 858 231 595 562 474 658 953 583 386 904 339 467 362 426 347 791 620 322 885 450 639 445 480 849 495 821 860 712 354 715 721 677 666 699 521 158 421 665 894 708 866 690 412 431 882 449 421 68 862 828 154 248 272 765 764 787 763 255 749 651 589 513 342 620 315 281 456 532 809 213 285 948 28 510 204 970 280 1016 398 909 842 651 288 247 273 407 913 530 358 592 308 297 855 146 729 160 466 925 654 611 592 444 773 370 190 658 437 694 644 504 194 270 369 121 496 16 139 668 919 695 993 505 284 113 273 950 348 404 149 616 494 774 15 801 362 302 75 432 819 827 215 362 880 779 219 227 421 289 682 353 718 189 494 123 658 802 480 656 604 980 328 631 689 268 307
805 310 0 987 833 1122 632 906 733 554 217 840 519 586 776 962 1051 888 912 851 215 843 861 659 788 939 443 257 944 29 769 661 724 356 941 719 24 928 180 870 752 421 848 436 965 1099 822 441 804 910 611 866 608 581 439 657 824 989 852 993 767 329 355 1085 758 444 376 845 1082 397 545 449 1003 823 944 1016 554 953 912 786 801 327 753 491 573 506 706 1016 508 33 1178 284 791 145 1167 581 980 519 1130 1067 846 172 229 509 472 934 838 606 660 607 606 1091 208 1003 166 441 901 886 889 453 750 904 67 129 599 463 818 852 516 504 580 555 371 801 297 382 837 985 648 968 671 25 238 422 1183 99 706 245 720 804 963 301 764 253 599 380 687 880 1070 104 259 894 975 102 124 723 585 916 651 937 177 660 372 790 892 289 537 493 1199 613 595 864 226 613
631 781 987 0 540 155 697 349 607 434 796 558 505 452 213 24 209 158 192 633 773 232 474 327 283 687 844 820 529 1012 794 791 805 666 190 371 981 514 1003 159 740 710 614 708 212 176 317 560 370 90 723 120 779 497 629 363 205 373 223 276 407 758 745 100 597 607 762 660 227 630 786 541 132 448 168 205 587 33 250 200 416 699 295 497 550 547 284 30 792 953 209 806 382 843 189 768 771 480 150 109 141 833 762 508 552 580 579 428 452 553 689 159 790 306 836 661 699 151 336 846 752 249 1010 926 705 594 283 137 588 676 648 432 663 771 781 646 179 467 685 733 321 971 772 565 221 945 535 749 362 621 61 797 686 802 787 718 368 449 172 942 795 587 33 946 862 778 556 138 793 77 811 330 661 276 367 903 822 797 214 500 659 147 772 738
972 808 833 540 0 683 248 790 913 508 618 930 625 324 429 526 417 602 656 93 647 637 872 456 286 169 472 581 113 846 1085 1028 1072 491 357 238 815 100 749 582 1034 415 75 402 348 716 228 454 177 460 280 486 324 286 724 581 362 238 322 314 159 506 480 580 919 401 835 120 762 677 961 553 659 93 377 725 775 523 708 467 784 513 301 522 749 353 417 561 946 805 727 817 746 730 610 966 252 420 666 646 466 663 627 615 401 105 946 619 222 779 911 699 718 802 754 391 166 592 769 467 1042 293 818 847 275 382 267 507 320 833 856 502 702 1083 797 687 389 177 229 217 409 831 727 538 744 748 832 687 248 964 479 819 164 581 992 787 633 102 711 848 574 74 507 851 735 1049 766 608 1024 566 709 413 699 292 180 607 400 407 704 724 254 412 620 958
660 895 1122 155 683 0 851 362 654 568 939 580 621 605 362 177 298 242 240 774 912 306 494 467 437 820 999 968 657 1149 832 849 852 814 325 527 1119 645 1149 256 781 864 756 862 339 68 466 706 520 246 878 265 933 652 738 476 360 491 375 391 559 909 897 109 639 759 868 803 146 749 863 673 135 593 305 175 677 184 278 342 460 846 451 631 641 700 430 127 875 1089 56 921 436 977 151 840 903 626 30 55 289 975 902 627 702 712 601 537 608 635 759 57 920 277 967 815 837 241 358 1001 793 389 1150 1052 860 747 435 273 743 767 726 567 782 803 897 766 334 588 839 864 468 1105 899 701 66 1087 594 880 517 651 209 911 834 950 856 827 465 587 97 1070 943 724 183 1074 998 824 643 213 852 185 945 477 780 431 505 1055 977 953 88 589 814 303 913 806
973 685 632 697 248 851 0 862 903 487 433 951 585 306 524 678 629 708 759 229 480 719 911 490 414 310 227 374 358 640 1051 974 1027 338 543 327 611 347 521 686 1006 216 231 200 547 869 390 358 341 608 32 610 83 244 648 601 494 475 477 532 297 306 280 762 916 269 728 216 899 588 885 482 794 295 560 848 732 672 800 560 822 348 406 470 715 261 480 724 862 608 902 686 787 557 811 900 349 372 841 806 586 473 460 571 306 328 963 614 251 753 863 853 565 904 590 219 269 700 840 221 1012 480 604 673 32 257 417 620 196 766 809 481 603 1058 671 592 521 425 19 336 453 635 584 452 917 538 829 543 337 966 642 693 132 382 927 687 657 337 856 669 377 286 668 671 555 1009 734 724 968 699 543 451 601 420 395 374 152 162 891 708 58 551 446 903
298 625 906 349 790 362 862 0 298 411 771 218 391 558 361 340 556 205 158 881 722 153 131 372 505 957 931 828 817 935 470 495 492 682 505 562 910 799 984 219 420 783 864 788 537 300 568 581 614 371 879 320 930 619 472 282 435 691 485 603 632 791 789 417 280 666 580 904 237 509 528 490 238 699 486 187 374 337 99 322 117 709 490 464 344 628 385 357 547 874 398 654 115 765 498 499 1041 520 388 326 333 795 719 404 605 861 239 309 618 323 420 305 698 108 740 736 956 215 22 936 432 544 950 807 857 663 528 292 692 457 399 415 535 441 632 524 411 774 857 1004 408 884 667 528 390 900 251 663 551 289 393 640 900 804 511 550 233 724 266 830 798 854 374 834 788 465 339 214 500 277 734 410 535 499 652 930 945 905 449 297 809 398 737 461
76 424 733 607 913 654 903 298 0 418 663 116 321 610 522 591 795 448 423 993 599 374 179 458 655 1082 898 740 972 762 188 197 198 627 717 676 744 952 856 449 134 758 978 768 751 596 724 556 756 595 911 533 952 668 312 332 611 885 666 815 757 731 738 692 26 652 361 1009 535 373 248 433 523 834 702 482 193 584 376 492 194 643 627 435 194 642 504 623 276 706 694 451 224 611 779 213 1161 532 678 612 534 672 605 335 601 1003 108 296 701 155 143 599 542 403 573 721 1069 455 297 905 145 735 790 613 888 657 689 502 709 229 154 425 383 173 436 382 596 950 905 1129 505 708 506 469 687 758 81 520 666 72 634 435 980 714 219 353 286 875 561 639 711 986 623 643 635 171 177 470 202 530 586 500 385 652 820 846 940 892 742 195 845 598 627 171
486 365 554 434 508 568 487 411 418 0 378 464 119 192 231 409 532 337 369 582 345 304 432 110 299 673 521 423 584 581 579 520 564 272 426 282 551 564 593 317 530 373 567 379 457 547 360 169 374 363 497 314 542 249 234 129 300 541 344 503 362 380 377 533 430 257 365 595 538 210 458 106 452 441 422 474 267 400 383 234 344 301 262 63 241 230 167 463 448 521 623 385 315 410 618 460 750 117 575 512 295 411 336 110 197 606 475 126 288 274 403 538 355 485 402 328 657 334 390 526 538 411 583 492 474 256 336 298 297 330 348 6 243 581 361 226 303 581 487 719 140 538 339 134 629 522 342 315 275 478 417 380 561 401 486 316 181 490 520 508 394 582 426 512 430 542 258 364 516 382 378 130 241 298 455 522 544 500 644 223 430 326 349 450
740 299 217 796 618 939 433 771 663 378 0 754 381 373 582 771 842 715 747 643 69 682 754 471 577 734 288 86 729 234 751 652 714 140 732 505 202 712 215 695 720 217 639 233 755 924 608 236 588 714 417 676 425 364 351 498 620 773 644 779 550 128 153 891 685 227 362 639 917 290 542 282 829 606 737 852 470 762 758 597 679 110 543 316 476 289 512 826 510 187 995 289 661 125 969 569 782 317 943 884 654 44 58 368 259 721 757 461 443 515 565 914 154 856 164 228 697 712 751 297 722 692 219 240 402 246 606 666 300 455 523 377 281 773 283 281 635 768 448 766 475 212 186 246 1002 150 615 154 506 735 766 301 563 63 594 337 539 664 897 236 64 682 781 238 121 705 492 742 643 754 118 465 279 580 676 185 369 319 1010 501 389 665 36 589
82 534 840 558 930 580 951 218 116 464 754 0 387 648 515 546 758 403 366 1016 693 334 86 477 657 1100 970 826 977 869 256 300 283 701 693 693 849 958 954 410 208 825 999 834 727 517 725 619 763 564 962 505 1007 709 408 354 601 872 655 793 771 809 814 633 91 713 473 1035 449 465 364 501 456 846 676 405 288 541 311 480 151 721 633 494 277 694 513 569 392 812 614 561 190 712 715 328 1182 581 607 544 511 767 696 402 658 1014 21 338 730 239 260 523 643 312 677 784 1092 412 225 976 221 721 895 724 939 716 687 474 762 340 266 470 480 223 545 475 582 946 950 1148 523 815 608 540 605 858 138 617 682 74 595 545 1014 801 331 460 299 880 484 749 796 1000 579 753 737 257 262 419 307 482 686 520 481 652 818 932 1004 958 666 258 894 577 718 286
394 276 519 505 625 621 585 391 321 119 381 387 0 305 324 482 631 380 397 697 330 327 375 211 414 789 582 445 703 547 468 403 449 314 529 401 521 683 593 365 421 439 683 448 561 589 477 234 493 448 590 391 631 357 126 145 404 656 452 613 481 422 426 606 336 330 261 709 565 128 340 114 494 560 522 499 151 473 393 315 297 335 378 114 130 323 270 532 330 486 675 301 279 375 694 341 864 216 633 567 377 403 328 14 280 725 395 87 404 168 286 583 310 484 355 400 771 380 373 589 428 521 559 433 568 336 450 368 389 212 231 125 160 473 276 145 402 700 587 834 251 498 284 152 677 508 253 274 394 387 500 292 670 420 367 214 167 609 558 453 415 700 504 458 398 429 148 409 399 442 344 241 159 412 573 551 620 573 704 129 526 420 347 333
676 493 586 452 324 605 306 558 610 192 373 648 305 0 246 429 469 421 468 392 375 420 605 185 204 485 397 377 412 606 771 708 754 233 360 134 574 393 564 398 722 258 378 257 381 607 236 149 226 363 321 342 372 62 400 295 256 411 272 406 197 310 294 538 620 158 514 404 622 354 637 229 521 271 367 565 456 421 503 276 515 265 172 198 433 95 186 482 621 553 661 506 481 457 609 643 559 96 603 554 318 416 358 293 113 426 661 314 102 466 591 594 427 607 469 209 466 414 535 399 730 318 592 565 299 143 232 343 141 510 536 185 381 773 484 365 277 427 303 529 154 576 426 219 672 523 532 390 134 668 411 506 369 364 669 465 351 326 587 573 356 398 431 576 469 733 450 441 703 431 429 149 378 207 315 453 392 358 665 415 252 308 360 637
569 593 776 213 429 362 524 361 522 231 582 515 324 246 0 189 307 184 236 520 562 208 448 121 144 596 644 606 463 801 707 677 706 453 207 205 770 444 789 161 653 504 502 503 241 360 210 346 253 133 546 97 600 299 450 204 89 363 144 299 271 547 534 309 522 396 585 543 378 438 644 336 274 339 199 324 440 180 283 38 364 485 129 291 405 339 70 244 643 743 418 615 325 634 390 635 680 266 362 309 73 620 550 323 339 503 533 266 273 421 563 347 584 383 631 455 595 175 340 646 664 214 797 722 526 385 172 97 387 523 514 228 472 695 590 455 79 431 516 644 107 761 570 356 427 732 440 544 194 559 187 609 544 589 658 538 238 367 341 737 581 494 199 741 652 680 416 199 676 184 603 117 470 139 302 692 632 602 428 362 478 95 559 614
617 758 962 24 526 177 678 340 591 409 771 546 482 429 189 0 215 144 182 620 749 217 463 303 264 677 822 796 520 988 779 773 789 642 182 351 957 505 979 142 725 687 601 685 208 192 301 536 355 70 704 95 759 475 606 340 184 369 207 273 390 735 721 124 583 583 740 647 237 606 766 516 136 434 161 208 566 9 241 176 402 675 275 472 529 523 259 54 771 928 231 782 367 819 212 749 761 455 174 128 116 809 738 485 528 571 567 406 432 533 670 175 765 305 812 638 688 136 326 824 737 238 985 901 685 571 266 114 566 655 628 408 640 757 757 623 158 461 666 723 296 946 748 540 243 921 518 725 342 608 55 774 670 778 768 695 347 438 184 917 771 576 33 922 838 762 536 127 775 64 787 306 638 257 357 880 801 776 239 479 639 127 747 720
827 897 1051 209 417 298 629 556 795 532 842 758 631 469 307 215 0 355 397 502 836 425 677 423 265 534 818 845 369 1073 983 968 989 703 109 345 1041 360 1031 349 929 705 484 699 88 352 249 609 291 199 659 262 713 492 757 506 233 197 198 103 336 774 755 188 789 625 892 532 420 742 947 632 338 339 110 411 742 219 456 321 611 735 298 586 706 559 365 210 947 1018 330 918 575 915 194 934 614 533 274 283 265 884 821 630 582 425 779 570 423 717 859 335 873 514 919 661 557 346 541 816 941 155 1061 1013 646 608 238 293 579 827 812 528 776 965 893 758 229 294 613 575 394 1039 863 645 349 992 718 833 341 817 163 912 580 833 956 844 529 315 362 1025 825 444 181 1029 930 963 716 341 969 278 885 404 773 261 239 910 773 761 295 660 606 212 826 910
473 653 888 158 602 242 708 205 448 337 715 403 380 421 184 144 355 0 53 695 681 73 321 251 317 764 816 754 618 915 635 633 646 600 300 388 886 601 929 22 581 672 677 673 332 211 374 491 424 166 730 118 783 478 496 234 240 487 286 398 449 702 694 248 439 559 626 719 204 508 633 440 115 509 281 144 440 138 110 148 257 631 310 400 403 507 234 176 641 854 295 679 223 743 337 613 849 416 256 188 135 748 673 386 498 664 423 295 457 401 533 204 683 201 729 623 768 10 188 819 593 340 919 812 709 550 335 94 562 530 495 338 541 613 655 525 213 571 700 812 268 869 660 471 297 860 376 644 377 463 192 669 726 733 631 585 224 527 182 831 727 662 176 835 764 619 407 29 635 81 710 274 539 311 452 848 812 779 327 351 661 196 687 582
441 665 912 192 656 240 759 158 423 369 747 366 397 468 236 182 397 53 0 749 710 70 282 292 371 818 861 790 672 940 608 614 622 637 350 441 911 654 962 74 554 715 731 717 380 195 428 529 478 216 780 171 833 526 506 255 294 537 339 447 502 742 734 269 411 601 632 773 170 525 623 468 105 563 329 105 438 178 59 199 229 667 363 431 402 552 282 202 635 879 288 691 200 767 355 601 903 456 260 192 189 778 703 404 540 718 387 310 508 395 520 192 705 147 750 667 822 63 144 864 567 392 947 831 759 593 389 148 609 528 486 370 556 583 667 541 267 623 751 865 314 893 680 501 287 889 357 667 430 431 234 680 780 769 617 594 232 581 162 850 762 715 215 855 789 595 403 56 617 118 735 319 555 364 505 886 860 826 328 350 711 249 717 567
1055 858 851 633 93 774 229 881 993 582 643 1016 697 392 520 620 502 695 749 0 680 729 960 539 378 95 455 594 152 862 1161 1100 1146 526 448 323 832 151 749 675 1111 429 18 414 438 808 322 506 270 554 258 580 290 344 788 664 455 313 415 398 249 522 495 670 1001 440 891 29 856 736 1027 615 752 187 469 818 848 616 801 559 871 544 391 589 823 402 504 654 1009 825 817 865 833 761 697 1034 168 484 756 739 560 686 660 685 452 107 1031 698 293 855 983 791 757 896 789 415 76 685 860 449 1119 385 829 878 261 423 361 600 357 900 928 575 759 1161 846 745 482 233 210 137 493 852 770 596 835 760 913 729 334 1046 572 869 107 598 1061 845 717 188 804 878 592 68 600 880 763 1124 840 702 1095 659 742 496 756 384 269 603 372 390 793 802 256 505 649 1029
675 231 215 773 647 912 480 722 599 345 69 693 330 375 562 749 836 681 710 680 0 642 697 446 574 773 353 154 754 239 682 583 645 156 726 509 208 737 264 662 652 265 674 281 751 892 612 227 598 695 467 653 481 377 287 456 609 784 638 781 563 186 208 871 621 246 292 678 880 228 473 241 796 625 729 815 407 740 716 573 626 135 539 281 415 302 492 803 441 181 968 222 610 83 952 500 826 304 918 857 632 74 20 318 263 752 695 413 456 453 497 883 88 811 109 265 739 679 703 362 654 691 238 199 451 265 605 640 326 387 456 345 215 705 215 218 621 787 493 807 456 202 118 210 974 179 554 85 509 671 748 234 606 131 525 268 493 683 864 202 130 714 761 205 94 636 430 709 574 726 62 445 214 576 687 253 430 379 986 443 432 649 37 520
402 595 843 232 637 306 719 153 374 304 682 334 327 420 208 217 425 73 70 729 642 0 255 238 351 803 808 727 665 871 562 559 572 575 361 411 843 646 897 76 508 660 711 664 394 265 415 468 461 230 738 172 791 480 436 186 282 544 333 460 480 682 676 321 366 544 563 752 238 455 561 401 172 546 343 172 371 210 82 169 185 605 338 365 335 499 239 250 571 810 356 622 150 698 410 540 888 398 323 255 183 712 636 335 483 707 354 240 472 330 460 261 636 187 681 612 803 81 132 811 520 394 879 761 717 538 375 143 559 461 423 306 486 541 597 471 259 623 713 851 267 823 611 435 355 822 302 597 400 392 262 610 750 705 558 524 162 570 232 780 699 701 249 785 720 545 337 98 561 155 666 270 485 346 500 825 812 775 393 283 669 248 651 509
167 562 861 474 872 494 911 131 179 432 754 86 375 605 448 463 677 321 282 960 697 255 0 426 592 1041 950 821 911 890 340 374 365 686 617 636 868 892 961 330 291 802 943 810 650 431 659 595 701 485 924 428 972 667 422 310 531 798 585 716 712 796 798 547 157 688 508 980 364 471 424 486 370 785 599 318 308 459 226 412 89 709 571 471 287 661 455 485 448 831 528 591 126 727 629 391 1124 548 520 458 437 771 698 389 629 951 107 310 681 254 315 437 658 228 695 759 1036 331 139 955 304 648 912 751 902 688 620 398 728 377 308 437 492 309 572 484 510 876 909 1088 469 837 624 525 519 869 159 628 625 158 513 576 966 796 398 487 254 815 397 775 791 940 497 780 751 338 276 336 381 399 698 468 492 587 749 926 976 932 580 254 856 503 719 350
516 474 659 327 456 467 490 372 458 110 471 477 211 185 121 303 423 251 292 539 446 238 426 0 207 625 570 504 515 684 635 590 626 350 319 218 654 495 683 229 582 423 523 426 350 454 273 241 299 253 506 207 557 247 336 125 193 449 241 401 299 451 443 426 463 308 469 557 455 319 544 215 361 376 313 394 342 294 320 126 336 381 174 170 310 261 59 357 538 625 523 495 300 516 509 539 706 165 472 412 187 508 435 208 248 545 492 171 254 334 473 443 464 425 511 375 615 246 350 573 592 310 683 602 484 301 243 194 321 418 421 107 352 629 470 335 194 500 486 672 47 643 449 237 531 620 376 424 208 507 307 489 539 485 564 421 178 418 429 617 478 528 317 621 534 603 324 275 588 282 484 43 350 205 371 597 574 537 540 276 437 215 446 523
707 658 788 283 286 437 414 505 655 299 577 657 414 204 144 264 265 317 371 378 574 351 592 207 0 451 571 581 319 809 837 797 832 437 156 90 777 300 767 296 784 447 360 443 177 455 68 346 109 193 440 204 496 231 534 325 81 242 70 209 132 511 493 353 658 360 664 402 490 506 751 386 385 194 164 446 550 258 422 182 507 470 37 342 517 295 153 310 744 755 489 675 468 654 414 747 536 273 428 391 182 620 558 408 317 358 675 378 173 540 681 439 617 518 661 401 452 307 484 572 794 117 796 757 422 344 36 222 322 624 628 294 538 829 652 520 109 295 402 499 163 777 610 392 503 727 574 578 82 698 229 672 412 568 772 615 369 223 444 767 560 349 254 771 668 807 531 325 795 290 625 172 535 6 165 650 541 520 482 482 377 137 562 731
1142 953 939 687 169 820 310 957 1082 673 734 1100 789 485 596 677 534 764 818 95 773 803 1041 625 451 0 530 682 164 949 1252 1192 1237 620 498 407 919 175 830 745 1202 518 106 503 481 861 390 601 342 615 335 647 358 439 882 751 524 337 479 432 328 611 584 713 1088 535 986 94 914 831 1121 709 812 257 520 881 940 674 872 634 953 637 469 682 915 498 587 705 1104 915 860 960 915 853 728 1128 85 578 800 790 628 776 753 778 547 109 1116 787 385 946 1076 843 851 963 882 507 45 754 936 523 1210 438 914 971 342 517 429 670 451 994 1021 667 854 1251 941 840 550 243 292 47 578 941 864 691 878 847 1001 823 417 1133 625 964 178 687 1155 940 803 239 860 969 681 102 653 972 854 1216 932 768 1188 722 836 582 851 457 319 683 441 466 830 892 345 570 742 1122
973 583 443 844 472 999 227 931 898 521 288 970 582 397 644 822 818 816 861 455 353 808 950 570 571 530 0 205 584 445 1013 922 981 271 720 481 420 572 304 794 976 148 459 144 731 1004 569 354 528 754 197 739 174 347 600 650 641 687 641 730 482 174 160 924 916 265 641 440 1019 535 817 468 918 503 733 961 708 815 890 673 864 257 551 478 703 309 583 874 787 427 1054 576 837 409 985 841 555 411 994 949 715 315 336 568 326 556 977 640 399 743 823 990 442 995 451 195 487 810 909 9 980 663 402 515 197 269 586 741 256 715 774 517 539 1030 568 533 665 647 246 550 548 453 471 430 1066 344 835 434 489 967 798 587 353 225 866 610 703 553 985 504 224 513 820 505 398 968 721 838 913 828 407 542 536 577 598 159 94 65 1053 712 220 697 316 855
816 386 257 820 581 968 374 828 740 423 86 826 445 377 606 796 845 754 790 594 154 727 821 504 581 682 205 0 694 267 834 737 798 154 737 501 237 679 186 733 802 166 592 180 757 959 602 263 575 734 354 703 355 354 430 549 633 756 650 773 534 75 100 911 761 220 447 587 958 366 628 338 866 581 744 895 547 787 807 626 743 123 550 365 549 285 537 850 595 234 1024 375 721 203 985 654 723 341 969 914 680 109 141 432 268 681 830 520 430 589 647 948 240 907 246 194 643 750 807 215 804 691 236 311 342 237 606 696 275 537 603 421 361 856 369 360 651 741 390 711 500 261 272 299 1033 166 688 240 504 812 784 387 506 25 679 422 594 638 934 302 30 640 802 304 193 788 566 779 728 785 202 491 360 584 660 106 291 243 1035 570 338 682 119 673
1026 904 944 529 113 657 358 817 972 584 729 977 703 412 463 520 369 618 672 152 754 665 911 515 319 164 584 694 0 958 1150 1101 1141 598 338 302 927 20 863 601 1098 528 139 515 319 700 252 552 215 462 389 500 430 384 810 639 382 172 332 268 221 619 593 550 975 508 926 180 756 767 1042 641 657 143 360 727 849 518 728 499 827 622 345 607 820 456 468 545 1029 916 696 915 788 838 564 1044 245 509 636 629 484 773 735 694 502 55 994 685 312 847 984 682 822 814 860 503 190 608 797 579 1107 282 930 954 386 489 290 526 429 914 930 578 794 1144 894 778 406 82 338 206 468 941 829 632 714 860 890 789 310 1017 467 917 255 693 1070 878 687 97 701 956 687 84 495 959 844 1118 836 619 1098 569 815 474 791 324 166 720 509 518 665 791 368 422 729 1033
834 339 29 1012 846 1149 640 935 762 581 234 869 547 606 801 988 1073 915 940 862 239 871 890 684 809 949 445 267 958 0 796 688 751 375 963 739 32 942 167 897 780 433 859 447 987 1126 842 464 823 934 618 892 612 599 468 685 847 1008 874 1013 785 341 367 1110 787 462 405 854 1110 426 572 475 1030 839 967 1044 584 979 941 811 830 345 775 517 603 524 731 1042 535 61 1204 313 820 172 1191 608 988 542 1156 1094 871 190 252 538 493 947 867 635 678 636 635 1118 237 1031 195 455 909 913 917 454 778 925 50 156 607 481 839 878 532 533 608 581 400 828 326 411 860 1001 657 977 695 54 268 447 1210 102 735 274 740 833 987 329 772 265 626 409 715 897 1097 130 271 907 1000 127 151 751 614 943 678 964 205 685 401 812 911 288 539 497 1225 642 605 888 247 641
173 467 769 794 1085 832 1051 470 188 579 751 256 468 771 707 779 983 635 608 1161 682 562 340 635 837 1252 1013 834 1150 796 0 108 48 746 905 851 784 1130 918 637 54 883 1147 895 939 771 905 693 935 784 1054 722 1090 825 413 512 797 1070 852 1002 932 840 853 877 196 787 399 1175 705 478 223 569 704 1010 891 658 318 772 558 679 379 756 807 582 338 789 684 809 260 748 869 489 411 671 962 188 1329 685 858 793 723 749 693 481 744 1179 236 466 868 305 190 776 609 568 628 852 1236 643 474 1021 43 921 833 640 1031 796 871 691 854 298 242 586 475 43 483 480 783 1133 1054 1298 682 743 572 600 860 816 267 597 842 182 822 473 1138 809 169 414 469 1053 737 666 807 1159 811 669 694 46 321 656 119 717 653 676 477 834 1003 936 1068 1018 920 360 992 786 716 162
222 362 661 791 1028 849 974 495 197 520 652 300 403 708 677 773 968 633 614 1100 583 559 374 590 797 1192 922 737 1101 688 108 0 63 658 881 799 677 1081 813 631 109 796 1086 809 915 792 864 615 888 768 975 705 1008 758 327 474 766 1036 820 976 880 748 762 880 216 707 295 1112 732 390 116 493 716 959 869 679 252 766 570 652 388 665 764 512 281 715 644 809 152 641 890 383 414 567 968 83 1267 617 872 805 703 647 595 414 668 1126 283 419 807 257 117 795 506 600 523 769 1174 639 493 930 101 890 726 532 953 717 832 675 778 208 171 526 383 145 378 390 755 1091 979 1237 636 635 470 521 883 710 256 498 791 228 811 367 1069 712 61 315 440 1006 757 558 710 1103 803 561 590 65 266 657 10 714 550 629 385 794 961 837 981 930 937 315 916 762 618 70
201 426 724 805 1072 852 1027 492 198 564 714 283 449 754 706 789 989 646 622 1146 645 572 365 626 832 1237 981 798 1141 751 48 63 0 716 907 840 740 1121 876 646 75 854 1132 867 941 792 899 669 926 789 1029 727 1064 807 383 506 795 1068 850 1003 921 808 821 891 212 761 358 1159 728 448 179 545 721 1000 894 679 298 782 575 679 393 724 800 561 322 767 678 822 216 704 890 447 423 630 978 146 1314 665 876 811 726 710 657 461 720 1168 264 456 852 293 164 796 569 593 586 825 1220 653 493 989 62 920 789 595 1007 771 866 696 831 266 218 570 442 90 442 448 783 1127 1031 1283 673 699 533 575 882 774 271 560 831 209 830 430 1119 773 125 377 468 1045 758 621 771 1146 820 624 653 27 306 669 73 728 613 667 444 828 997 899 1038 988 940 350 969 788 680 126
702 347 356 666 491 814 338 682 627 272 140 701 314 233 453 642 703 600 637 526 156 575 686 350 437 620 271 154 598 375 746 658 716 0 594 364 342 581 336 578 707 138 519 152 615 804 467 108 448 582 330 549 355 225 333 401 484 634 505 639 411 109 112 759 645 90 393 526 804 268 560 200 711 470 599 741 437 634 655 472 604 32 405 218 432 150 383 697 533 324 870 347 579 239 835 579 676 187 816 760 526 184 136 299 120 595 708 378 304 472 555 793 231 757 263 119 587 595 661 278 711 552 359 355 311 109 466 542 170 450 505 269 276 761 332 268 500 632 349 656 346 348 246 161 878 289 565 205 366 697 633 354 458 136 606 355 449 528 779 358 128 558 649 361 246 702 450 625 651 630 218 336 274 441 536 250 322 271 881 443 285 531 131 589
757 791 941 190 357 325 543 505 717 426 732 693 529 360 207 182 109 300 350 448 726 361 617 319 156 498 720 737 338 963 905 881 907 594 0 241 931 324 924 287 851 602 430 596 34 362 153 499 203 134 572 189 627 386 655 411 126 188 89 99 246 667 649 224 714 517 788 477 417 636 852 523 319 268 21 391 648 182 409 229 542 626 189 478 612 452 260 207 850 908 370 811 504 805 267 842 582 423 308 292 183 775 711 527 473 390 713 474 321 627 769 345 764 485 809 557 512 290 488 719 862 64 952 904 557 501 134 219 476 730 721 422 670 890 787 652 128 278 529 543 286 929 754 535 387 883 638 724 235 747 128 806 511 725 865 740 441 261 362 916 717 399 156 920 820 881 623 294 881 237 775 297 667 153 179 806 682 665 350 569 515 119 716 820
734 620 719 371 238 527 327 562 676 282 505 693 401 134 205 351 345 388 441 323 509 411 636 218 90 407 481 501 302 739 851 799 840 364 241 0 707 281 686 366 799 360 307 355 257 542 102 284 95 281 352 283 407 146 512 344 167 277 159 274 81 429 409 444 682 281 634 344 572 474 741 349 467 160 252 524 547 345 488 243 547 395 79 310 518 216 180 399 729 687 579 634 509 592 504 742 489 222 518 480 260 549 492 393 246 328 708 384 82 546 682 526 561 588 603 316 400 379 540 481 808 190 723 700 333 264 107 296 234 613 628 276 504 847 612 487 194 301 316 455 171 710 559 347 593 653 595 524 11 726 319 633 339 490 768 585 395 207 528 708 482 309 344 711 604 817 534 400 796 372 564 175 501 96 182 565 451 429 573 490 287 224 493 731
817 322 24 981 815 1119 611 910 744 551 202 849 521 574 770 957 1041 886 911 832 208 843 868 654 777 919 420 237 927 32 784 677 740 342 931 707 0 911 156 867 766 402 829 417 955 1097 810 432 791 903 590 861 585 567 446 656 815 976 842 981 753 310 336 1079 768 430 389 825 1081 401 561 446 1001 807 935 1016 562 948 913 781 806 313 743 487 580 492 700 1011 524 37 1175 297 795 145 1160 596 960 510 1125 1064 841 158 220 510 461 916 848 607 646 614 619 1089 212 1005 172 424 880 884 892 430 765 893 48 148 579 449 807 848 500 515 591 551 377 815 308 386 829 969 628 948 664 45 244 417 1180 76 714 247 708 815 956 314 744 234 615 390 688 865 1068 124 240 876 969 121 122 738 592 914 667 933 177 654 377 780 879 265 514 471 1194 618 575 857 215 627
1007 885 928 514 100 645 347 799 952 564 712 958 683 393 444 505 360 601 654 151 737 646 892 495 300 175 572 679 20 942 1130 1081 1121 581 324 281 911 0 849 583 1078 513 137 500 307 686 233 533 196 446 379 483 422 365 790 619 364 165 315 258 201 603 578 538 956 490 907 180 741 747 1022 621 641 123 346 711 829 503 711 481 808 605 325 587 800 437 448 531 1009 899 684 896 769 820 555 1024 257 489 625 616 467 756 717 674 483 66 975 665 292 827 964 669 804 798 842 487 196 591 779 568 1087 267 915 936 375 471 272 508 412 894 910 557 774 1124 875 758 388 82 328 218 448 925 810 612 703 845 870 771 290 997 452 897 250 677 1050 858 667 77 687 939 670 86 480 942 827 1097 816 603 1078 553 797 454 772 305 149 707 499 507 655 770 355 405 711 1013
931 450 180 1003 749 1149 521 984 856 593 215 954 593 564 789 979 1031 929 962 749 264 897 961 683 767 830 304 186 863 167 918 813 876 336 924 686 156 849 0 908 895 338 750 350 943 1137 787 443 758 918 494 885 478 540 546 713 819 937 836 958 716 257 279 1096 879 406 518 738 1131 490 697 497 1042 759 931 1067 666 970 973 807 890 303 736 531 677 471 719 1033 661 184 1205 429 873 247 1171 730 859 523 1152 1095 862 189 264 581 454 843 955 675 614 714 742 1126 314 1071 290 374 788 926 965 312 894 877 117 298 488 423 792 876 457 634 707 591 473 946 435 478 836 916 539 853 682 201 350 461 1213 102 815 336 690 928 969 445 652 200 751 509 754 814 1111 277 208 801 986 275 223 871 691 955 803 965 270 673 473 771 842 146 399 364 1218 707 496 867 247 757
478 639 870 159 582 256 686 219 449 317 695 410 365 398 161 142 349 22 74 675 662 76 330 229 296 745 794 733 601 897 637 631 646 578 287 366 867 583 908 0 583 649 656 651 319 229 355 470 404 154 707 101 761 455 483 219 220 472 268 386 428 681 672 253 441 536 614 699 226 493 627 421 134 489 269 167 431 135 127 125 262 610 288 381 394 485 211 180 634 836 310 665 226 724 343 608 830 394 269 202 116 728 654 370 476 646 430 282 434 394 529 221 665 222 712 600 748 17 200 797 595 325 900 796 686 528 315 75 539 521 489 318 525 617 641 509 195 555 677 792 245 851 644 452 314 840 376 626 355 468 185 655 705 712 627 572 213 509 202 814 705 642 173 819 745 619 399 46 633 84 692 251 524 290 435 826 789 756 340 343 638 179 667 579
126 445 752 740 1034 781 1006 420 134 530 720 208 421 722 653 725 929 581 554 1111 652 508 291 582 784 1202 976 802 1098 780 54 109 75 707 851 799 766 1078 895 583 0 843 1097 855 885 720 852 650 882 729 1010 667 1047 778 376 459 743 1016 798 948 880 804 816 824 142 745 377 1126 655 441 213 525 652 959 836 607 274 718 505 624 325 719 754 536 291 744 631 755 249 730 818 469 357 647 909 174 1279 638 806 741 668 721 662 434 699 1127 189 414 818 256 155 725 582 520 605 811 1187 589 422 984 12 867 815 625 987 753 818 636 809 265 202 537 441 53 460 444 729 1079 1009 1248 630 726 546 558 810 793 213 568 790 134 768 452 1091 777 163 387 415 1001 686 651 774 1107 757 655 671 50 273 603 119 663 627 624 443 781 949 906 1028 978 869 309 947 731 685 139
832 480 421 710 415 864 216 783 758 373 217 825 439 258 504 687 705 672 715 429 265 660 802 423 447 518 148 166 528 433 883 796 854 138 602 360 402 513 338 649 843 0 426 15 617 864 457 207 424 621 202 600 219 216 470 502 511 599 518 626 380 92 66 794 775 116 530 423 876 406 698 325 776 420 612 816 571 679 743 531 717 138 422 332 563 165 440 740 671 396 919 478 688 340 861 718 564 263 861 812 576 258 246 424 178 514 833 492 282 603 692 851 352 847 374 49 481 666 761 153 848 550 402 457 185 122 468 600 126 588 642 369 414 897 465 406 533 578 230 549 405 422 374 288 930 333 692 333 366 826 667 486 345 169 744 493 555 476 844 453 163 473 688 455 338 839 581 694 789 688 327 398 412 452 505 205 184 135 922 569 173 565 230 727
1039 849 848 614 75 756 231 864 978 567 639 999 683 378 502 601 484 677 731 18 674 711 943 523 360 106 459 592 139 859 1147 1086 1132 519 430 307 829 137 750 656 1097 426 0 412 419 790 304 496 252 536 261 561 297 333 776 648 437 296 397 381 231 519 493 652 985 432 880 47 837 725 1015 603 734 168 451 800 834 598 783 541 854 538 373 576 809 393 487 635 997 822 799 856 816 756 679 1021 183 472 738 720 541 682 654 672 442 98 1015 683 279 841 970 773 750 877 783 411 92 667 842 453 1105 367 827 873 263 415 342 582 349 888 915 561 749 1146 837 734 464 219 212 151 476 848 762 585 816 759 898 721 317 1031 553 860 116 595 1048 834 701 170 786 873 589 57 581 875 758 1110 826 683 1082 641 736 480 746 366 251 604 378 393 774 787 255 487 644 1016
842 495 436 708 402 862 200 788 768 379 233 834 448 257 503 685 699 673 717 414 281 664 810 426 443 503 144 180 515 447 895 809 867 152 596 355 417 500 350 651 855 15 412 0 610 864 450 215 415 618 186 599 204 212 483 508 508 589 513 618 371 107 81 791 785 122 545 408 877 419 712 335 776 409 607 818 583 677 746 531 724 153 418 340 574 165 441 738 685 411 917 493 695 356 857 731 549 268 859 811 575 273 261 434 183 500 843 500 275 613 705 851 367 851 390 51 465 667 766 148 860 543 416 473 169 125 462 600 121 601 654 375 428 909 480 419 530 566 214 534 406 438 389 299 928 347 702 349 361 836 664 502 330 184 758 507 561 464 844 469 178 459 685 471 354 852 592 695 802 687 343 399 426 447 495 214 172 124 919 578 158 562 246 740
790 821 965 212 348 339 547 537 751 457 755 727 561 381 241 208 88 332 380 438 751 394 650 350 177 481 731 757 319 987 939 915 941 615 34 257 955 307 943 319 885 617 419 610 0 380 161 523 206 165 576 222 630 403 686 445 157 161 114 66 251 686 666 233 748 536 820 466 439 667 886 553 344 263 50 416 681 208 440 263 576 647 212 508 646 471 291 226 884 932 379 841 538 831 265 876 564 448 319 309 217 798 736 559 495 373 746 507 335 661 803 363 791 512 836 573 498 321 520 730 896 68 974 931 562 519 150 252 491 764 755 452 700 924 817 682 161 254 531 525 316 954 782 563 397 905 672 751 252 781 153 836 507 745 899 772 475 249 383 942 737 385 179 946 845 915 657 324 915 265 801 327 698 175 168 822 688 674 355 603 521 153 739 854
598 860 1099 176 716 68 869 300 596 547 924 517 589 607 360 192 352 211 195 808 892 265 431 454 455 861 1004 959 700 1126 771 792 792 804 362 542 1097 686 1137 229 720 864 790 864 380 0 493 696 546 262 894 265 949 658 701 445 375 538 399 438 582 903 893 166 580 755 828 836 78 718 812 651 96 624 341 113 632 197 223 334 404 836 464 611 597 699 425 155 826 1066 98 886 383 954 219 787 944 617 98 70 289 958 884 596 697 753 538 503 620 587 706 17 894 210 940 815 874 213 298 1006 733 423 1130 1023 875 745 458 264 747 722 676 548 750 741 862 734 348 634 858 905 461 1081 871 681 92 1070 539 855 532 589 237 875 862 939 802 789 427 623 34 1042 932 762 208 1046 975 765 597 183 796 176 922 470 748 449 542 1049 988 961 149 545 828 317 897 752
776 712 822 317 228 466 390 568 724 360 608 725 477 236 210 301 249 374 428 322 612 415 659 273 68 390 569 602 252 842 905 864 899 467 153 102 810 233 787 355 852 457 304 450 161 493 0 385 53 233 419 258 474 247 594 393 134 181 94 171 93 529 509 372 726 384 722 348 535 563 815 440 431 135 169 496 616 297 482 247 574 498 99 398 584 319 221 341 807 790 515 728 535 694 421 812 475 318 453 425 239 651 595 470 349 292 742 445 175 607 747 476 661 574 704 414 394 364 547 568 862 93 826 800 404 366 39 280 332 688 694 354 594 897 705 576 160 227 376 437 228 813 658 442 530 755 642 623 102 766 258 726 369 592 837 673 438 156 485 809 584 287 285 812 706 875 598 380 862 337 666 236 591 72 97 663 528 513 501 549 361 183 596 797
629 354 441 560 454 706 358 581 556 169 236 619 234 149 346 536 609 491 529 506 227 468 595 241 346 601 354 263 552 464 693 615 669 108 499 284 432 533 443 470 650 207 496 215 523 696 385 0 376 477 360 442 397 168 290 298 384 561 410 553 345 213 208 654 571 95 384 512 696 233 529 124 602 414 503 633 376 527 549 364 510 140 311 124 363 104 276 590 508 408 762 363 482 308 732 542 668 80 709 652 419 277 212 220 54 559 627 285 241 401 505 685 277 652 319 166 575 487 559 360 655 463 454 415 338 102 378 434 162 408 451 165 253 703 343 239 398 574 363 642 239 430 278 94 771 387 487 240 283 622 529 365 458 243 569 338 350 471 671 423 236 526 544 427 322 651 381 516 609 523 280 229 250 349 465 357 385 339 775 363 300 428 217 545
811 715 804 370 177 520 341 614 756 374 588 763 493 226 253 355 291 424 478 270 598 461 701 299 109 342 528 575 215 823 935 888 926 448 203 95 791 196 758 404 882 424 252 415 206 546 53 376 0 287 370 309 424 223 606 423 184 185 148 203 45 501 479 424 760 361 729 296 589 569 833 444 484 85 220 548 637 350 531 292 614 478 130 405 607 298 252 394 823 773 568 729 576 681 470 833 427 316 506 479 289 632 580 485 334 250 780 470 145 633 771 530 653 625 694 384 343 414 593 526 891 139 803 790 355 342 90 329 301 705 717 368 599 928 707 582 211 207 326 390 252 796 653 441 584 733 674 616 100 802 311 728 315 567 858 680 471 118 539 798 560 240 339 801 691 902 622 431 885 390 654 259 596 115 89 630 482 470 553 575 315 235 579 820
630 721 910 90 460 246 608 371 595 363 714 564 448 363 133 70 199 166 216 554 695 230 485 253 193 615 754 734 462 934 784 768 789 582 134 281 903 446 918 154 729 621 536 618 165 262 233 477 287 0 634 63 689 407 574 313 114 321 139 232 321 671 657 177 590 519 708 581 302 567 750 469 198 367 114 265 547 64 275 132 414 614 205 424 511 458 203 119 753 876 299 744 377 768 257 737 700 396 240 198 70 753 683 449 465 511 584 379 362 520 660 246 717 353 764 572 624 156 354 755 741 179 930 855 615 506 197 93 498 634 615 361 601 766 719 584 88 408 596 661 239 895 702 489 312 864 518 677 272 620 53 737 601 717 758 663 331 375 252 870 710 513 67 875 786 763 519 161 769 107 736 249 599 187 296 816 731 707 301 463 569 57 691 711
981 677 611 723 280 878 32 879 911 497 417 962 590 321 546 704 659 730 780 258 467 738 924 506 440 335 197 354 389 618 1054 975 1029 330 572 352 590 379 494 707 1010 202 261 186 576 894 419 360 370 634 0 633 55 259 648 614 519 507 504 564 326 289 263 790 924 267 723 243 922 586 884 485 817 326 588 871 736 698 820 581 835 337 430 476 721 268 499 751 859 589 929 677 801 541 840 899 369 380 868 832 609 456 447 577 310 359 973 623 274 758 865 879 553 924 576 211 293 722 857 191 1016 510 581 657 22 257 445 643 201 766 812 491 600 1063 663 590 546 457 51 359 472 615 574 454 944 516 838 533 362 974 669 685 157 363 926 683 670 369 880 652 358 316 695 654 538 1012 739 746 968 723 529 469 598 447 427 348 120 132 919 715 69 577 432 904
569 666 866 120 486 265 610 320 533 314 676 505 391 342 97 95 262 118 171 580 653 172 428 207 204 647 739 703 500 892 722 705 727 549 189 283 861 483 885 101 667 600 561 599 222 265 258 442 309 63 633 0 688 393 516 253 124 371 168 288 337 644 631 219 528 493 650 605 289 513 688 421 183 393 171 241 486 86 228 80 354 581 204 376 449 435 165 150 691 832 321 690 316 723 305 674 732 362 266 212 24 714 642 392 436 546 524 319 359 457 597 251 670 316 716 551 652 107 301 741 678 223 890 806 614 482 219 30 482 573 552 312 547 704 665 529 97 454 600 694 202 850 653 444 330 826 455 629 273 559 110 682 617 685 695 605 268 409 247 822 678 545 113 826 742 700 457 121 706 89 691 212 545 198 334 789 724 696 333 401 566 78 652 648
1024 699 608 779 324 933 83 930 952 542 425 1007 631 372 600 759 713 783 833 290 481 791 972 557 496 358 174 355 430 612 1090 1008 1064 355 627 407 585 422 478 761 1047 219 297 204 630 949 474 397 424 689 55 688 0 310 680 662 574 557 559 616 381 297 273 845 966 302 748 272 977 618 914 522 872 377 643 925 773 753 872 635 883 357 485 517 760 312 552 806 888 588 984 697 850 550 895 931 381 425 923 887 664 461 462 617 351 395 1017 668 329 799 900 934 569 976 588 239 314 775 907 166 1053 564 572 664 74 295 500 697 244 799 848 537 630 1101 684 620 601 501 100 376 523 614 592 489 999 510 880 552 417 1017 724 705 184 367 958 710 718 418 935 657 364 353 750 658 545 1047 778 800 1001 778 541 520 627 502 478 332 82 114 974 757 122 632 445 938
735 521 581 497 286 652 244 619 668 249 364 709 357 62 299 475 492 478 526 344 377 480 667 247 231 439 347 354 384 599 825 758 807 225 386 146 567 365 540 455 778 216 333 212 403 658 247 168 223 407 259 393 310 0 443 357 296 408 301 419 186 282 262 579 679 137 549 354 677 392 682 270 574 248 396 621 508 468 563 331 577 254 206 245 487 75 244 527 664 550 707 531 543 461 645 690 510 141 648 602 368 409 359 345 117 391 721 374 78 521 643 644 439 667 478 170 416 470 597 348 785 337 580 574 237 119 253 397 91 556 588 243 416 829 511 401 319 410 241 482 213 574 444 253 719 509 591 405 151 727 452 533 313 345 717 502 413 306 640 579 337 359 474 582 470 786 504 497 753 482 436 210 414 236 311 419 334 303 707 472 190 351 356 687
