23
0 601 340 937 401 848 979 612 436 915 591 110 596 832 549 624 574 286 453 799 965 278 526
601 0 330 509 586 267 491 365 269 385 206 683 437 499 432 484 526 499 431 292 512 334 329
340 330 0 794 544 533 800 535 96 706 254 390 288 738 536 328 609 411 472 600 808 97 455
937 509 794 0 672 585 108 333 763 197 712 1044 946 148 426 993 470 691 516 224 46 751 413
401 586 544 672 0 849 749 353 604 731 703 505 830 535 248 872 214 136 175 626 712 447 304
848 267 533 585 849 0 517 581 443 397 294 917 491 639 669 526 763 766 686 374 566 570 571
979 491 800 108 749 517 0 398 756 120 684 1082 920 249 500 966 556 751 583 200 65 769 468
612 365 535 333 353 581 398 0 538 379 555 721 759 221 108 807 190 358 185 281 367 468 87
436 269 96 763 604 443 756 538 0 654 158 486 231 724 557 277 639 477 508 556 771 174 466
915 385 706 197 731 397 120 379 654 0 571 1013 807 300 487 851 560 712 558 115 170 685 432
591 206 254 712 703 294 684 555 158 571 0 644 235 705 603 281 694 588 577 491 712 317 501
110 683 390 1044 505 917 1082 721 486 1013 644 0 609 942 660 629 684 396 564 899 1071 350 634
596 437 288 946 830 491 920 759 231 807 235 609 0 929 787 48 870 698 739 726 947 385 692
832 499 738 148 535 639 249 221 724 300 705 942 929 0 295 977 327 569 391 266 193 680 308
549 432 536 426 248 669 500 108 557 487 603 660 787 295 0 834 95 275 97 389 464 455 102
624 484 328 993 872 526 966 807 277 851 281 629 48 977 834 0 917 740 785 772 993 426 740
574 526 609 470 214 763 556 190 639 560 694 684 870 327 95 917 0 288 138 469 512 522 197
286 499 411 691 136 766 751 358 477 712 588 396 698 569 275 740 288 0 178 599 725 314 283
453 431 472 516 175 686 583 185 508 558 577 564 739 391 97 785 138 178 0 451 552 384 129
799 292 600 224 626 374 200 281 556 115 491 899 726 266 389 772 469 599 451 0 221 574 323
965 512 808 46 712 566 65 367 771 170 712 1071 947 193 464 993 512 725 552 221 0 770 444
278 334 97 751 447 570 769 468 174 685 317 350 385 680 455 426 522 314 384 574 770 0 383
526 329 455 413 304 571 468 87 466 432 501 634 692 308 102 740 197 283 129 323 444 383 0
