282
0 573 611 660 241 738 327 351 595 583 840 309 696 994 143 398 547 850 466 500 267 156 905 214 285 141 591 322 815 142 900 821 224 657 550 45 251 509 725 149 4 668 632 444 512 358 625 493 776 755 238 377 298 410 348 373 317 724 387 252 1007 205 280 724 475 724 81 124 950 432 957 599 316 301 610 772 321 550 319 965 714 420 852 460 265 614 372 279 470 201 254 402 373 869 652 865 748 111 767 387 774 501 1007 305 596 505 695 321 509 268 478 409 771 640 772 669 556 296 914 697 333 161 248 835 249 361 189 635 790 795 506 318 221 644 591 125 784 491 613 600 684 392 594 252 752 302 872 251 485 603 284 356 663 618 517 436 429 871 635 863 383 351 145 183 92 916 531 619 763 424 705 283 114 409 482 426 228 791 737 703 614 246 692 806 526 365 621 425 544 106 774 992 281 191 715 208 269 686 936 374 607 275 531 128 433 628 897 767 802 619 426 488 42 336 127 424 527 749 346 297 578 327 706 444 500 724 840 441 43 483 128 818 327 399 858 314 204 522 830 545 765 800 783 937 128 643 647 980 381 114 884 756 721 661 414 895 859 563 354 755 450 956 492 855 724 506 823 161 615 390 661 317 839 891 349 480 338 389 550 758 750 462
573 0 519 87 528 253 280 465 75 414 316 575 214 449 677 678 626 552 630 525 647 509 399 709 318 702 17 471 533 655 591 271 543 253 686 531 634 335 151 692 574 271 178 292 534 500 92 130 283 372 758 279 631 272 551 627 422 215 626 681 465 429 442 153 144 217 498 490 405 682 392 412 332 533 178 198 378 41 540 443 265 298 527 113 627 328 777 658 415 650 332 682 298 295 168 346 243 607 348 775 338 674 497 285 81 459 413 769 272 491 135 677 481 383 271 557 583 661 430 173 694 660 452 310 436 248 455 196 228 318 257 626 463 255 237 623 437 106 583 594 560 465 162 422 394 350 488 577 566 370 650 334 267 101 641 139 630 302 202 330 597 306 587 495 528 446 51 503 510 441 201 547 460 180 333 353 485 257 223 136 556 370 157 246 54 237 351 606 223 468 566 439 320 399 277 524 695 392 624 228 585 340 345 695 550 97 426 231 228 78 326 420 565 808 656 188 63 562 602 749 17 274 494 377 630 445 289 641 541 371 452 275 256 230 285 290 505 735 301 721 530 278 211 368 448 90 236 478 193 687 322 184 148 514 268 470 364 458 255 345 172 467 331 576 265 347 392 587 46 343 328 397 283 329 371 242 420 205 212 187 215 386
611 519 0 563 383 422 387 784 593 872 517 347 410 908 601 362 1002 281 960 125 844 681 899 572 584 651 525 770 246 752 325 750 756 767 1040 574 449 188 587 618 607 785 694 257 119 814 468 400 443 888 624 638 403 301 842 331 727 729 317 498 928 642 718 563 583 731 590 633 872 969 821 877 640 800 690 610 308 478 315 928 784 268 302 495 429 211 512 448 817 510 558 951 311 679 411 521 450 546 351 496 857 1005 987 418 454 868 193 551 248 748 576 352 225 171 784 58 979 871 937 686 439 559 702 806 689 380 656 711 698 834 264 381 690 765 295 550 283 552 73 1008 73 809 671 677 908 646 365 796 170 846 858 298 781 452 996 505 938 643 717 545 892 326 728 428 646 956 531 953 192 187 437 799 533 418 760 744 383 753 735 618 42 611 667 571 479 570 838 922 702 539 173 887 581 458 795 411 499 892 358 390 79 390 796 660 210 615 937 730 643 478 241 135 572 596 588 383 543 145 872 546 536 574 131 193 218 196 569 283 613 169 577 762 536 356 699 581 713 1051 796 1057 182 494 649 787 521 602 334 973 493 694 623 585 602 62 302 419 484 896 583 338 379 970 198 274 388 785 911 488 554 711 249 705 581 628 281 683 740 555 696 580 495 173
660 87 563 0 611 227 364 533 96 445 261 654 198 370 764 754 676 553 690 585 724 592 336 795 400 789 69 542 540 739 588 195 622 250 739 618 717 390 66 779 661 266 175 358 594 567 95 203 248 353 844 351 712 346 619 703 493 170 701 765 387 511 517 76 214 172 584 575 328 747 307 439 409 606 187 113 457 118 618 373 240 369 524 200 710 359 859 740 466 735 417 750 375 209 167 292 208 693 336 856 307 731 429 371 111 506 432 853 327 566 206 752 490 412 222 595 629 737 373 128 774 746 530 244 515 332 537 194 147 273 313 706 542 257 269 710 436 181 632 633 596 528 179 501 380 427 472 653 630 393 726 412 263 112 695 225 693 221 202 270 663 386 670 580 613 393 131 533 525 509 177 622 547 264 382 412 568 190 174 56 603 452 108 173 138 317 369 668 258 555 586 357 403 486 254 608 778 397 618 312 635 425 384 782 619 85 374 167 141 85 395 479 652 893 743 269 139 587 672 833 82 356 519 442 695 461 220 712 627 430 538 203 340 310 198 372 585 794 234 777 547 228 124 282 535 57 248 413 279 774 245 103 61 550 341 444 319 495 334 336 249 407 388 580 249 391 357 673 47 408 346 469 211 252 448 295 489 286 246 108 165 448
241 528 383 611 0 612 249 519 578 700 721 77 576 977 221 188 737 644 671 264 501 355 916 209 362 269 544 495 608 383 693 799 435 698 755 215 107 328 666 238 237 713 649 290 275 539 545 410 648 815 264 453 108 277 547 147 469 725 158 158 993 354 443 656 489 726 250 307 934 654 918 712 417 500 632 708 159 492 77 966 742 268 653 432 99 438 250 129 605 143 323 628 241 802 543 740 630 163 608 251 813 711 1017 254 517 651 502 243 354 454 487 195 570 449 780 439 733 530 937 689 169 182 416 832 408 279 355 658 757 817 358 112 394 689 448 167 599 484 375 772 455 555 613 403 821 412 689 470 244 700 518 207 708 533 717 419 639 790 661 747 591 227 378 70 303 946 503 759 553 206 592 489 207 349 584 542 46 780 737 664 380 356 677 717 474 405 708 630 594 207 553 967 356 177 748 33 169 773 728 300 369 192 632 277 192 610 926 755 742 544 258 277 199 285 207 341 506 526 561 225 539 382 493 250 260 526 740 208 257 289 261 802 358 301 803 378 400 743 824 759 552 683 732 891 201 615 509 995 371 312 791 687 670 439 282 724 722 699 406 594 362 978 314 644 589 611 868 105 574 502 491 455 744 798 178 543 488 414 596 686 648 264
738 253 422 227 612 0 411 708 311 664 109 630 44 498 808 706 879 335 879 488 869 715 516 818 535 845 243 710 328 847 365 362 764 478 938 693 716 302 209 825 738 494 403 321 492 743 160 253 37 578 872 520 694 339 791 658 660 387 651 769 518 641 674 180 394 389 675 685 466 925 405 661 564 767 413 211 454 239 590 531 464 343 302 333 703 215 837 731 668 753 537 922 378 261 93 128 29 737 112 828 526 923 590 434 178 713 247 849 259 721 384 700 284 251 431 435 837 886 562 349 751 780 678 427 661 377 666 421 311 483 254 681 682 484 165 751 219 353 496 847 431 713 401 647 606 580 245 801 540 616 875 407 491 154 893 360 875 221 429 136 839 397 789 607 718 586 301 753 325 446 52 779 625 338 586 604 580 381 388 261 464 586 329 151 263 466 594 852 473 634 391 474 536 547 478 621 778 625 393 365 501 466 597 844 549 311 570 365 238 174 355 389 718 893 789 316 314 399 840 834 265 497 338 379 606 266 147 644 715 349 636 380 468 339 286 513 722 983 417 972 349 75 254 370 611 284 104 582 398 851 201 188 229 388 335 218 122 710 485 116 290 587 311 364 34 601 571 700 254 590 173 634 159 207 433 495 661 435 462 181 82 375
327 280 387 364 249 411 0 398 328 503 514 304 369 728 406 414 615 562 576 328 491 326 666 431 197 438 296 385 530 441 611 550 392 458 653 282 354 222 423 422 326 475 403 143 341 429 309 172 449 579 482 257 355 98 461 364 341 476 366 401 744 268 335 416 248 477 266 287 684 593 672 512 253 423 388 467 116 246 273 717 498 124 555 183 349 308 500 379 434 371 173 578 76 564 327 538 422 335 445 500 570 621 768 32 280 485 400 489 197 370 245 416 480 347 531 442 593 514 689 439 418 384 323 582 309 34 288 414 509 569 190 353 316 451 267 350 477 237 425 623 453 422 368 296 589 259 561 431 351 489 501 94 470 300 609 173 557 558 417 538 511 61 391 215 315 699 253 578 484 228 379 425 214 100 387 362 205 530 487 416 410 228 427 488 226 192 490 539 363 222 514 719 194 135 505 244 415 551 648 52 423 61 429 435 318 360 679 505 500 306 146 252 307 528 386 101 256 496 497 469 290 189 438 194 405 432 519 394 305 220 232 552 152 72 560 195 347 670 574 673 493 474 488 646 200 365 321 745 131 439 565 448 425 417 100 576 532 519 202 434 126 729 205 574 398 413 626 309 326 326 348 318 520 573 125 324 353 187 362 449 427 213
351 465 784 533 519 708 398 0 439 250 781 596 665 771 494 706 221 943 179 712 222 195 656 565 201 482 480 29 915 318 990 624 151 402 255 340 577 617 596 499 355 406 417 538 725 34 552 471 742 464 588 187 613 492 86 667 57 510 677 593 779 165 76 609 321 510 288 231 730 217 766 268 151 87 392 640 486 469 586 722 465 521 930 376 586 686 716 608 133 543 226 217 474 726 615 811 703 456 783 728 504 225 750 366 530 156 782 670 580 86 329 714 862 733 540 841 214 223 649 502 662 511 105 612 111 411 168 409 613 543 568 626 131 387 619 472 844 359 817 254 852 40 385 116 451 140 916 158 721 288 216 486 402 555 211 349 168 750 405 795 131 458 244 449 258 642 413 270 873 613 659 111 315 400 187 132 481 583 523 550 805 174 507 706 445 245 316 146 304 316 909 779 203 353 460 490 611 372 1027 407 814 398 225 464 676 462 626 564 659 540 544 649 381 688 479 436 402 892 140 645 459 222 832 591 761 816 751 723 309 618 261 613 259 444 700 210 149 279 610 276 885 743 632 757 318 489 654 720 323 421 778 635 583 815 492 914 826 218 227 775 454 690 601 959 711 200 542 487 487 124 715 80 743 785 508 246 47 274 316 640 680 610
595 75 593 96 578 311 328 439 0 353 356 630 276 404 709 737 580 623 594 595 637 512 338 748 322 729 74 450 606 662 661 227 536 178 643 555 682 409 156 723 596 196 102 361 605 473 156 199 337 296 795 261 684 336 526 686 402 149 686 727 419 430 429 171 127 150 516 500 360 653 361 349 322 514 105 200 434 115 597 388 190 365 596 146 677 404 828 707 370 692 344 657 358 290 235 387 296 641 414 828 264 635 439 326 153 410 488 815 346 477 121 737 554 459 205 632 533 648 364 110 746 696 443 253 429 300 457 120 195 249 330 681 458 181 312 658 507 104 657 539 636 433 90 415 318 341 552 566 634 305 638 394 192 168 599 163 598 311 127 366 569 363 590 538 540 378 75 442 584 509 259 532 485 230 286 317 533 203 159 114 631 373 99 269 118 237 283 573 164 493 641 398 325 434 201 570 741 320 693 280 659 386 289 721 616 32 358 177 222 141 394 491 592 853 689 248 72 637 579 794 58 277 569 446 698 519 316 704 559 443 469 226 269 289 270 292 501 698 246 681 604 322 197 342 475 51 308 418 218 707 338 196 143 590 332 530 412 401 253 412 236 403 403 648 328 296 319 628 57 315 402 379 306 345 431 199 397 208 151 202 258 456
583 414 872 445 700 664 503 250 353 0 706 773 627 570 725 887 256 961 309 831 466 435 443 791 337 720 421 279 940 568 1003 457 401 222 325 561 778 685 493 732 586 215 276 614 844 264 505 487 691 232 820 249 804 572 312 842 267 346 849 805 574 378 306 515 295 345 509 458 534 391 589 18 284 334 259 527 616 440 752 509 275 606 939 382 783 720 926 809 117 757 377 411 571 592 583 737 650 676 763 934 287 338 527 479 495 108 813 888 632 334 304 892 886 773 355 921 201 460 424 359 860 735 337 423 334 498 393 261 465 339 617 812 364 208 634 694 849 332 921 193 929 214 266 330 211 291 902 407 854 59 456 597 214 515 290 368 332 630 253 712 329 563 493 635 493 412 374 89 910 732 612 359 517 453 117 160 655 412 357 436 902 351 372 609 424 311 93 309 191 521 959 585 343 522 265 676 822 129 1037 485 920 532 76 704 819 359 399 402 534 491 635 745 604 912 708 489 360 950 361 864 400 322 883 689 907 846 657 886 539 703 469 440 354 516 557 322 394 401 425 371 927 673 504 590 515 388 647 496 380 666 667 532 474 886 571 883 765 58 303 759 496 463 674 984 679 90 311 695 411 199 731 265 644 672 629 189 247 319 202 539 610 705
840 316 517 261 721 109 514 781 356 706 0 739 146 438 915 814 936 379 946 593 955 807 483 927 622 950 302 786 382 943 397 335 850 501 998 795 825 411 215 932 840 515 432 430 596 816 230 348 76 584 981 594 803 447 866 767 736 392 759 878 458 730 755 191 461 394 774 779 414 998 340 700 644 847 447 194 563 315 699 484 474 452 341 413 812 318 946 841 726 862 627 998 485 199 187 30 92 844 173 937 525 988 541 535 256 767 331 958 369 803 452 808 348 347 424 523 890 971 532 361 860 887 761 402 745 480 756 449 291 474 363 790 769 510 274 857 275 422 591 895 517 781 440 731 615 661 264 886 645 653 960 515 513 231 954 441 946 148 457 27 913 504 882 714 814 559 367 793 394 554 135 860 726 434 642 668 688 365 388 274 559 673 343 108 341 546 627 922 520 734 460 410 623 650 488 730 888 647 417 465 597 571 645 949 656 346 545 355 207 242 464 496 821 1002 895 416 379 473 917 943 323 581 419 488 710 343 71 751 815 458 733 356 555 443 235 597 809 1051 393 1035 418 40 232 304 712 317 214 539 485 953 114 180 236 477 442 214 69 756 565 184 390 550 420 410 137 653 563 808 301 659 270 711 88 117 542 553 736 515 507 172 101 483
309 575 347 654 77 630 304 596 630 773 739 0 597 1024 260 114 815 621 747 221 573 431 969 224 435 311 590 572 585 449 668 846 511 760 832 287 102 332 706 276 305 776 707 312 230 616 581 451 664 879 277 525 64 310 624 70 546 779 81 153 1041 431 520 693 550 780 325 383 981 729 959 784 491 577 692 746 197 537 39 1018 802 294 634 487 83 440 208 106 680 164 396 702 278 837 569 755 650 216 612 202 874 788 1070 314 554 727 490 221 370 531 548 119 552 441 835 400 810 602 993 741 122 216 493 883 485 330 432 718 802 874 377 52 471 752 464 215 589 542 326 849 416 632 672 480 887 487 679 545 189 771 590 242 771 568 794 477 715 821 721 766 668 269 450 147 377 1004 555 834 529 193 616 565 284 400 657 616 117 831 790 709 336 432 728 746 521 473 777 707 660 284 520 1012 430 251 808 107 157 841 702 350 319 253 704 323 139 662 984 805 780 582 276 264 266 266 250 386 559 492 636 210 588 453 468 252 192 510 765 133 329 288 338 851 426 345 841 450 476 819 875 836 524 703 773 931 278 664 525 1048 432 365 818 724 712 407 315 720 733 774 475 598 404 1033 321 618 604 683 929 155 621 576 493 532 771 824 207 612 564 479 660 722 674 261
696 214 410 198 576 44 369 665 276 627 146 597 0 499 769 677 838 355 836 467 824 671 506 781 491 804 205 666 344 803 389 352 720 447 896 651 681 275 192 785 695 464 371 286 472 699 121 209 81 552 834 477 661 301 747 628 616 365 622 733 519 597 630 164 352 367 632 641 465 882 411 624 520 723 379 204 417 197 557 526 438 307 325 289 668 199 805 697 627 716 492 878 339 268 49 168 54 697 138 797 503 881 585 391 136 672 248 814 227 677 343 672 296 242 411 429 796 842 549 324 719 741 633 415 617 335 622 390 300 464 220 648 638 452 134 711 238 311 484 808 427 670 367 603 579 536 276 756 518 581 830 369 461 113 851 316 832 235 398 171 795 358 744 568 674 573 260 716 334 417 27 734 582 294 546 563 542 366 366 239 453 541 304 161 220 422 559 809 436 591 398 477 492 505 452 584 743 593 419 322 488 425 559 803 522 279 556 347 234 136 321 364 676 858 749 273 273 403 796 799 227 453 339 349 584 272 170 618 672 322 592 368 424 297 289 468 677 941 405 929 357 107 245 376 568 254 78 575 353 808 223 179 211 383 296 256 166 672 441 137 246 577 282 383 52 561 550 661 219 548 166 590 178 230 397 455 617 391 424 173 85 346
994 449 908 370 977 498 728 771 404 570 438 1024 499 0 1113 1124 825 817 878 948 991 894 131 1152 712 1131 434 791 818 1046 836 178 900 369 895 955 1083 750 326 1126 996 366 366 727 955 799 453 573 491 346 1199 632 1080 716 853 1073 754 272 1071 1129 19 814 788 347 519 271 914 890 44 956 99 555 697 858 390 297 826 486 987 76 306 739 780 549 1076 696 1227 1107 656 1096 740 971 745 240 497 455 468 1045 601 1225 284 908 115 729 476 673 745 1217 689 834 516 1122 779 742 231 929 768 995 170 297 1143 1101 811 161 798 697 839 368 222 232 676 1075 831 384 616 1062 709 506 980 750 926 749 403 787 375 715 702 922 994 512 987 782 370 469 861 568 897 290 370 420 884 755 970 941 931 197 476 632 822 877 472 880 887 628 585 639 933 203 258 314 950 759 304 347 503 630 478 872 472 895 888 32 716 839 312 972 1143 451 855 677 984 787 554 1122 987 371 197 227 265 448 764 841 994 1256 1092 637 476 897 907 1197 437 669 836 809 1061 764 368 1081 956 794 866 177 667 679 211 682 872 972 165 941 846 440 260 135 877 362 574 128 622 1104 327 323 316 883 711 648 503 628 642 609 619 157 751 848 532 576 274 1032 402 657 665 736 351 326 818 536 741 605 461 328 417 813
143 677 601 764 221 808 406 494 709 725 915 260 769 1113 0 313 684 865 599 479 382 299 1031 77 416 52 694 465 830 233 914 937 361 788 681 166 166 543 826 17 139 801 757 493 489 500 716 579 845 892 94 511 220 469 486 305 461 845 321 140 1127 347 424 821 596 846 218 267 1068 555 1068 741 454 440 736 871 358 648 286 1089 843 469 874 567 187 653 246 185 613 100 381 522 430 968 730 937 822 71 818 265 906 630 1134 394 686 648 721 186 559 410 598 326 791 668 896 656 697 411 1043 815 231 44 392 957 393 441 333 762 901 923 560 245 365 776 649 57 817 606 586 741 672 535 719 395 890 441 907 383 449 744 401 403 796 706 652 546 560 965 762 940 517 411 271 202 235 1047 640 762 775 427 782 420 227 501 623 568 236 910 858 811 595 383 808 895 625 490 761 559 676 220 773 1108 411 277 845 198 154 826 949 458 579 346 672 66 399 742 1027 885 903 712 466 498 123 195 20 507 638 746 477 164 684 454 714 467 446 746 925 376 186 507 261 935 447 474 962 443 346 645 951 671 773 876 888 1045 236 754 709 1108 491 119 972 853 825 659 473 939 925 707 482 805 532 1085 527 866 789 647 957 116 721 531 705 459 926 979 384 614 481 510 681 854 832 482
398 678 362 754 188 706 414 706 737 887 814 114 677 1124 313 0 922 644 852 241 665 534 1075 253 549 364 691 681 609 530 687 948 612 872 937 384 150 403 802 326 394 888 817 400 245 724 675 550 737 992 295 639 99 407 729 51 657 886 54 175 1141 540 630 786 662 887 428 486 1082 828 1055 899 605 681 803 840 302 638 141 1121 912 386 664 595 133 502 150 128 794 214 511 799 380 928 654 827 728 292 673 133 985 890 1175 426 650 839 534 196 451 637 659 13 584 491 942 405 920 695 1101 847 89 269 602 987 595 437 540 828 902 982 460 81 579 864 542 285 632 651 319 960 421 743 783 590 1001 601 720 644 192 885 683 343 883 661 900 587 818 907 832 841 771 373 543 257 476 1112 661 948 554 260 699 668 391 507 771 730 231 935 896 810 339 544 833 832 624 587 892 811 773 391 532 1111 544 365 919 215 167 956 719 457 311 365 818 380 162 767 1092 909 874 678 363 320 356 239 310 490 667 501 737 198 691 567 493 327 154 548 847 81 425 356 446 954 541 448 935 565 580 918 979 937 544 781 869 1025 387 768 601 1154 544 430 900 816 809 424 412 768 800 887 590 658 505 1140 394 635 677 798 1040 237 724 690 554 644 854 907 306 726 676 592 773 814 758 330
547 626 1002 676 737 879 615 221 580 256 936 815 838 825 684 922 0 1144 96 933 326 393 696 759 417 661 638 242 1118 471 1189 712 322 476 69 545 787 829 731 685 551 471 521 751 946 198 718 663 910 481 773 376 827 705 198 885 277 600 896 798 827 384 296 750 486 599 496 437 789 178 845 270 362 245 501 769 707 641 806 761 531 736 1127 560 798 889 919 818 211 746 446 211 691 842 790 967 869 657 967 933 540 97 773 583 702 169 986 867 787 285 495 931 1064 939 611 1057 56 307 672 607 872 708 321 680 330 624 382 508 717 594 774 842 343 461 815 672 1039 527 1037 90 1068 192 502 337 455 355 1104 302 943 315 310 705 469 725 46 537 137 877 501 946 170 676 413 667 456 657 578 197 1079 834 828 263 531 603 294 277 701 667 611 677 1024 396 619 847 620 443 349 128 418 531 1119 841 421 574 521 707 815 375 1225 617 1034 619 295 641 898 593 645 656 781 705 761 867 582 879 671 640 564 1104 213 843 616 430 1042 809 982 1020 895 943 509 834 476 696 468 654 809 421 345 152 682 117 1093 901 751 846 536 623 841 742 524 590 910 771 714 1030 705 1094 990 197 427 961 655 708 814 1162 888 284 559 696 635 300 913 298 883 917 728 384 262 466 431 778 837 828
850 552 281 553 644 335 562 943 623 961 379 621 355 817 865 644 1144 0 1123 405 1052 886 849 844 746 913 548 936 35 984 49 696 954 799 1193 808 723 344 543 883 848 816 722 419 400 977 467 481 331 907 898 768 681 463 1015 612 888 720 598 774 837 830 890 515 669 722 812 844 791 1150 719 961 792 981 728 545 529 522 586 859 794 441 39 586 704 257 794 725 939 781 730 1138 492 577 389 366 362 804 223 778 859 1168 917 594 470 988 162 831 366 929 660 633 81 215 765 244 1110 1075 896 680 720 826 882 762 867 539 850 741 646 818 376 659 878 803 329 811 117 629 334 1128 230 959 713 854 934 803 126 993 452 921 1063 499 813 454 1148 607 1109 527 749 400 1066 513 946 676 866 921 587 1049 91 437 379 985 755 543 866 868 634 717 721 594 308 786 660 474 537 701 903 1089 772 762 123 790 744 672 808 668 777 943 86 539 342 591 888 919 490 631 905 700 569 481 428 367 816 876 850 507 601 151 1055 825 567 720 153 406 497 129 449 564 843 366 787 715 684 502 610 732 909 1222 752 1219 99 378 588 683 741 607 315 913 621 946 493 523 564 219 461 191 318 999 719 219 489 919 362 31 306 885 905 749 568 843 231 863 466 495 500 777 896 677 762 515 415 388
466 630 960 690 671 879 576 179 594 309 946 747 836 878 599 852 96 1123 0 882 232 317 752 675 380 572 644 190 1095 379 1170 751 241 516 85 469 712 796 750 598 470 514 550 717 895 147 720 648 912 541 685 360 754 671 123 817 235 636 829 718 882 324 242 766 486 636 423 365 840 87 889 326 330 170 528 791 658 639 742 819 576 699 1109 550 724 866 838 741 229 667 403 116 652 870 787 976 872 577 959 853 596 45 836 543 701 205 962 784 759 218 495 861 1042 913 655 1017 138 211 734 638 796 625 261 726 273 590 317 539 749 645 747 770 278 501 798 591 1023 526 990 181 1029 166 526 283 519 320 1094 216 887 365 215 662 512 725 54 524 41 900 533 958 82 635 327 600 378 721 580 271 1053 785 829 183 464 580 312 277 637 707 648 699 979 348 647 863 616 423 399 40 440 463 1088 891 382 517 567 639 735 436 1206 586 986 571 328 553 840 612 708 693 806 707 722 825 503 793 587 615 567 1071 122 760 622 402 1011 767 922 996 910 878 430 796 410 736 439 623 840 390 271 104 727 97 1065 908 778 886 471 641 830 805 502 500 931 789 734 993 671 1089 994 253 405 951 633 772 780 1139 884 310 621 620 646 288 894 260 901 938 681 394 226 450 453 796 845 787
500 525 125 585 264 488 328 712 595 831 593 221 467 948 479 241 933 405 882 0 746 586 921 446 518 529 534 694 369 642 450 779 664 758 964 466 324 197 621 495 496 775 690 234 13 739 495 396 516 881 498 586 277 266 760 206 655 740 193 373 966 558 640 601 558 742 489 537 908 882 868 839 576 716 682 652 225 483 192 958 784 234 423 475 304 275 390 322 762 386 487 861 260 732 455 602 514 427 440 375 859 926 1015 356 475 813 294 426 258 666 552 232 343 255 797 178 916 773 954 698 314 436 621 829 609 333 569 705 729 843 272 255 606 754 336 429 391 534 113 949 194 741 662 599 896 579 479 703 53 814 760 234 771 479 922 477 857 703 710 621 809 268 625 317 545 971 525 907 314 100 492 712 435 388 716 690 271 776 748 642 116 537 681 628 477 521 811 843 678 439 299 930 514 367 794 294 373 869 484 348 107 313 756 539 84 621 951 751 686 502 204 106 459 471 467 357 534 270 785 420 541 517 253 149 117 307 635 165 507 154 483 789 481 321 746 521 624 967 820 977 307 563 687 835 424 614 388 998 453 576 689 627 633 187 269 527 571 848 531 425 362 990 197 399 457 742 914 367 566 654 324 635 645 695 206 647 670 513 674 623 552 138
267 647 844 724 501 869 491 222 637 466 955 573 824 991 382 665 326 1052 232 746 0 165 878 460 333 349 663 199 1020 152 1101 838 104 623 307 286 517 708 790 379 271 628 630 632 758 201 725 617 905 686 463 375 566 589 155 639 238 725 653 513 999 228 208 799 510 725 256 211 949 174 980 484 315 134 606 836 537 641 578 944 686 610 1046 542 533 799 628 545 352 463 333 140 559 927 776 984 870 376 925 645 726 255 973 459 699 361 890 569 688 159 518 676 970 837 759 903 356 29 871 713 598 415 194 830 210 516 205 625 822 765 680 586 186 608 750 386 967 543 859 402 917 252 596 224 672 297 1049 71 739 508 18 557 624 723 286 514 190 945 622 973 158 539 123 435 200 865 596 464 971 658 825 111 311 534 409 352 478 798 739 751 855 282 715 893 614 410 537 198 520 306 994 997 332 387 681 468 529 592 1138 521 853 462 447 329 688 664 848 778 859 714 626 712 309 573 374 563 586 972 115 547 645 374 921 659 761 922 936 706 244 695 268 828 400 555 905 358 147 262 828 291 978 915 834 969 323 688 796 943 471 274 968 828 779 888 591 1058 991 423 392 915 587 913 691 1063 864 422 764 428 677 334 838 259 930 976 565 457 249 442 531 832 856 679
156 509 681 592 355 715 326 195 512 435 807 431 671 894 299 534 393 886 317 586 165 0 793 371 191 287 526 166 854 151 936 729 79 538 403 152 394 542 658 303 160 547 527 467 599 202 579 462 752 624 392 262 436 424 196 501 168 622 513 404 905 81 129 663 385 622 106 49 850 299 869 451 196 148 503 705 373 496 430 856 598 445 881 398 406 634 526 424 319 353 179 275 394 800 623 834 719 264 765 540 651 356 893 295 552 350 725 477 524 112 390 543 805 671 664 739 400 190 795 602 479 317 97 732 103 353 55 526 705 680 516 453 70 524 589 279 803 411 698 444 753 236 490 110 617 179 886 116 583 461 177 391 542 576 367 370 284 812 524 826 237 373 78 286 63 793 460 465 806 496 674 134 152 377 343 285 326 693 635 626 693 139 601 753 470 275 483 277 426 149 828 896 188 222 597 323 422 546 973 359 694 297 391 270 534 542 775 671 731 570 460 548 189 493 283 403 453 807 205 453 509 236 755 494 612 757 794 564 116 529 104 722 253 393 782 220 48 387 729 404 813 766 709 853 162 563 637 864 322 231 831 693 650 723 426 898 838 410 259 755 428 838 525 897 708 365 697 303 544 252 674 173 790 838 400 360 187 305 435 697 709 514
905 399 899 336 916 516 666 656 338 443 483 969 506 131 1031 1075 696 849 752 921 878 793 0 1077 620 1045 388 678 844 944 875 154 791 256 766 869 1018 726 315 1044 907 250 274 690 930 682 430 530 518 215 1121 533 1022 672 735 1024 644 190 1024 1061 132 715 680 342 435 189 824 795 107 832 190 427 597 744 295 304 773 441 935 66 194 698 814 483 1014 691 1166 1044 536 1024 651 849 696 288 491 505 488 966 627 1166 156 781 102 662 447 548 754 1150 663 724 435 1075 800 742 135 927 639 880 50 228 1084 1023 705 92 694 639 739 270 205 113 649 1020 727 271 603 983 735 432 968 619 927 631 312 684 243 614 744 811 964 387 873 732 254 447 733 497 773 342 270 471 763 702 867 872 835 79 414 502 840 841 479 767 804 569 469 526 870 145 179 280 939 663 242 378 452 542 353 749 366 811 904 154 624 764 197 906 1076 321 898 619 971 723 434 1034 950 307 72 170 280 422 726 815 910 1186 1011 585 410 909 789 1129 385 579 844 776 1029 778 412 1040 865 766 777 137 583 627 248 591 767 844 102 813 863 474 262 213 795 309 572 79 548 1012 385 328 298 882 667 697 551 501 551 632 571 71 724 879 548 458 142 959 355 548 669 628 394 386 769 432 630 520 358 335 434 783
214 709 572 795 209 818 431 565 748 791 927 224 781 1152 77 253 759 844 675 446 460 371 1077 0 471 118 726 537 808 310 892 975 436 840 758 229 122 538 855 82 210 853 803 498 455 573 739 602 855 947 54 567 172 480 561 255 529 889 271 78 1167 413 493 847 641 890 282 335 1108 633 1101 806 514 514 784 899 364 677 258 1133 892 475 856 603 142 648 169 130 681 66 434 600 442 995 745 946 835 115 818 189 958 708 1179 424 710 718 708 109 562 483 642 266 773 657 941 624 771 488 1091 856 166 56 461 999 461 465 401 810 937 971 565 196 434 828 655 97 806 646 548 815 640 606 765 462 948 502 897 459 410 806 478 411 848 728 728 584 637 987 810 952 593 424 348 216 307 1097 676 832 753 410 796 495 280 530 685 632 238 950 901 845 560 443 848 915 656 539 821 636 728 274 745 1145 466 313 895 197 86 886 926 484 540 370 734 137 363 781 1077 925 932 737 467 482 186 122 88 531 676 717 554 86 718 506 692 459 397 731 942 324 256 498 322 975 494 494 992 496 419 722 993 749 749 888 919 1077 286 791 716 1154 530 193 991 879 856 632 485 933 931 775 533 804 554 1134 523 842 797 710 1010 122 754 593 701 526 945 998 386 669 550 557 733 880 850 472
285 318 584 400 362 535 197 201 322 337 622 435 491 712 416 549 417 746 380 518 333 191 620 471 0 425 335 191 716 340 794 542 229 372 456 251 443 416 467 427 287 384 347 337 531 232 391 286 572 476 509 96 466 290 269 505 144 440 512 474 724 110 144 472 195 441 204 179 668 404 681 350 58 237 325 513 293 308 416 680 428 320 734 209 446 488 593 473 248 429 39 394 273 608 442 650 536 356 598 599 490 425 722 166 365 297 584 560 380 187 200 555 664 534 487 640 398 351 628 416 524 415 142 552 126 210 137 350 516 509 369 474 147 360 427 374 651 220 620 430 651 224 309 112 476 61 727 265 533 340 339 288 379 390 412 181 363 620 349 640 320 258 269 297 219 631 268 400 674 418 491 245 191 207 222 180 317 509 453 435 607 52 413 563 282 84 352 344 259 197 708 712 5 184 429 339 491 418 830 207 618 206 271 414 492 352 611 486 540 382 344 449 293 589 397 240 261 691 311 537 318 44 631 391 579 618 605 552 245 417 157 537 67 244 591 29 188 477 547 477 685 581 518 664 186 372 468 695 137 392 640 502 459 614 291 731 657 339 70 589 261 671 400 761 533 249 540 365 353 141 521 120 600 647 312 197 155 114 265 506 523 411
141 702 651 789 269 845 438 482 729 720 950 311 804 1131 52 364 661 913 572 529 349 287 1045 118 425 0 719 452 878 197 962 956 341 798 653 175 218 586 852 38 138 809 771 533 540 484 746 610 882 897 113 518 272 506 464 357 453 861 373 190 1144 345 415 849 612 862 221 262 1087 523 1090 737 457 420 749 898 400 675 337 1104 854 509 921 590 239 696 287 236 606 152 393 489 468 995 764 973 858 110 860 307 915 602 1147 422 716 637 767 224 599 396 615 377 838 713 910 707 677 376 1054 833 280 96 383 973 386 473 327 775 923 935 599 297 356 785 688 102 862 625 638 723 723 522 733 390 893 443 952 358 501 742 368 443 804 737 626 567 533 994 774 974 491 448 247 243 226 1056 662 751 823 475 816 399 243 530 622 566 281 928 874 834 646 387 827 925 651 503 762 534 684 235 823 1128 421 304 855 245 202 826 998 489 630 379 671 19 450 762 1037 903 929 741 508 546 136 224 62 538 659 795 450 203 708 466 763 512 498 793 957 428 183 552 268 954 463 508 987 454 332 612 968 640 822 910 913 1068 254 776 748 1120 512 76 1003 881 850 709 511 982 963 698 493 846 564 1097 570 914 827 646 964 164 745 530 747 455 958 1010 426 621 474 526 691 882 865 528
591 17 525 69 544 243 296 480 74 421 302 590 205 434 694 691 638 548 644 534 663 526 388 726 335 719 0 486 531 672 587 256 560 253 698 548 650 343 134 709 592 270 176 302 544 514 84 142 272 369 775 294 646 285 565 640 437 206 639 697 450 446 458 136 159 207 515 507 391 696 375 419 348 548 179 180 392 53 554 430 260 310 522 131 643 331 793 673 426 667 350 697 312 277 162 332 232 624 342 790 333 687 485 301 78 470 413 785 280 507 150 690 479 385 262 561 594 677 419 163 709 677 469 297 453 264 472 195 213 310 265 641 479 255 239 640 433 121 590 603 564 479 164 439 392 366 481 593 576 375 666 348 267 94 654 157 644 285 202 315 611 321 604 511 546 436 67 510 509 453 191 563 478 196 344 366 501 244 213 120 563 387 146 229 69 254 356 619 230 486 566 423 337 417 272 540 711 394 619 244 592 357 354 713 562 90 416 218 210 69 338 429 583 825 674 203 78 564 617 765 21 291 495 388 641 444 273 653 558 380 469 262 274 244 267 307 521 748 289 734 529 264 194 351 466 79 233 466 210 705 305 167 131 518 280 461 352 466 271 339 186 456 339 573 257 357 386 604 32 357 327 412 266 312 385 253 435 222 219 170 201 396
322 471 770 542 495 710 385 29 450 279 786 572 666 791 465 681 242 936 190 694 199 166 678 537 191 452 486 0 907 289 984 641 122 423 270 312 550 606 606 469 326 428 433 527 707 44 556 468 745 489 559 192 587 481 81 643 50 527 654 566 800 141 53 617 328 527 261 203 750 216 783 296 147 66 409 650 468 472 563 744 486 509 924 377 560 679 688 581 161 515 212 211 461 738 617 816 707 427 781 700 527 235 773 353 533 186 775 641 571 56 336 689 855 725 560 827 239 204 672 517 635 482 79 631 87 400 142 427 628 565 560 601 104 408 615 444 839 365 800 281 838 69 401 95 477 133 913 133 701 314 196 472 424 558 227 350 172 761 423 801 130 444 215 425 229 666 419 299 865 596 662 88 290 395 209 152 458 600 540 562 789 158 521 714 447 244 341 153 321 290 898 798 193 332 481 466 583 399 1021 398 797 382 250 435 656 474 650 581 671 544 532 634 352 659 450 429 408 881 131 617 466 217 822 577 740 809 759 700 281 605 235 630 253 435 714 204 120 286 629 287 876 747 645 773 294 500 652 744 319 392 787 644 593 802 482 913 829 247 225 773 449 714 590 952 711 224 566 460 495 137 710 76 751 794 491 260 52 274 333 650 685 596
815 533 246 540 608 328 530 915 606 940 382 585 344 818 830 609 1118 35 1095 369 1020 854 844 808 716 878 531 907 0 950 84 690 922 783 1166 774 687 312 535 847 813 801 707 387 364 948 452 457 328 894 862 741 645 432 986 576 859 709 563 738 838 799 860 506 646 711 778 811 789 1120 721 940 764 951 711 539 495 502 550 856 781 409 61 562 668 228 759 689 914 745 700 1108 460 577 374 372 356 768 217 742 847 1140 915 563 453 964 132 796 336 899 637 598 53 183 755 211 1085 1044 890 668 684 790 852 755 837 509 818 725 639 808 347 623 847 787 306 775 109 607 300 1104 197 932 696 824 919 775 144 962 417 901 1031 465 797 438 1121 582 1080 529 733 404 1037 481 913 640 833 914 567 1028 55 402 369 955 721 515 842 843 598 709 711 584 274 756 648 472 515 675 884 1061 752 728 94 791 715 639 794 633 741 926 121 509 308 558 866 884 454 616 898 691 565 465 395 332 781 841 815 479 581 121 1025 789 549 692 117 371 463 98 450 529 809 332 754 708 655 472 608 704 878 1194 745 1191 65 377 582 685 707 593 297 909 594 911 496 516 555 184 430 208 325 976 692 211 462 915 329 44 297 863 895 714 553 817 208 834 466 499 466 754 868 651 742 509 409 353
142 655 752 739 383 847 441 318 662 568 943 449 803 1046 233 530 471 984 379 642 152 151 944 310 340 197 672 289 950 0 1034 880 167 688 458 177 380 641 805 228 146 696 679 571 654 311 719 595 885 770 311 413 431 533 281 510 307 774 525 369 1057 232 268 809 535 774 175 165 1002 326 1020 586 348 242 655 852 456 639 460 1008 749 547 984 542 397 742 480 405 451 321 322 292 498 948 757 970 853 237 887 498 800 406 1043 415 691 473 827 419 634 234 541 542 904 772 816 810 493 179 945 754 457 269 240 884 250 473 207 678 856 830 629 453 217 674 709 245 913 560 755 540 825 357 642 260 761 330 999 171 627 601 170 486 692 715 434 515 339 958 676 964 300 476 77 325 129 942 607 584 899 565 809 218 230 510 487 428 370 845 787 775 756 289 752 897 613 424 626 343 577 223 913 1048 337 314 747 351 384 686 1071 483 749 398 533 177 575 693 924 823 880 711 557 627 183 421 227 531 601 888 258 397 656 385 843 580 641 857 935 579 141 618 211 874 398 513 932 369 178 414 881 443 903 903 858 1004 245 713 762 1015 464 122 975 840 798 801 536 1017 969 536 409 875 557 987 623 991 837 507 844 295 692 399 787 318 932 982 484 511 325 454 586 843 849 599
900 591 325 588 693 365 611 990 661 1003 397 668 389 836 914 687 1189 49 1170 450 1101 936 875 892 794 962 587 984 84 1034 0 722 1003 836 1240 858 770 394 574 931 897 853 759 468 444 1024 505 526 356 941 945 814 727 512 1063 657 935 752 643 821 856 879 938 545 712 754 862 893 811 1198 737 1002 839 1029 766 572 579 563 634 881 828 491 64 631 751 305 838 771 983 828 779 1186 542 597 426 381 390 853 253 821 891 1215 939 643 510 1032 211 876 414 978 703 677 131 264 796 284 1155 1125 922 713 765 874 931 789 915 588 899 778 673 849 424 705 927 841 374 860 154 672 373 1172 269 1006 752 902 969 851 134 1042 496 961 1112 548 850 492 1194 652 1157 545 786 416 1114 563 996 725 916 948 629 1091 139 486 412 1034 805 590 909 913 683 745 753 626 349 834 693 497 579 748 943 1137 813 812 158 807 792 722 842 717 823 981 37 587 382 640 931 968 535 667 932 729 594 519 478 416 866 921 899 554 643 188 1104 871 607 767 200 456 539 178 468 607 893 416 837 741 731 551 632 780 958 1270 779 1266 143 401 614 701 791 643 356 935 668 995 509 551 595 263 510 194 333 1042 765 251 536 944 412 52 339 928 936 798 606 889 276 910 485 510 550 820 943 723 803 543 443 437
821 271 750 195 799 362 550 624 227 457 335 846 352 178 937 948 712 696 751 779 838 729 154 975 542 956 256 641 690 880 722 0 742 236 781 782 905 582 163 951 823 242 208 554 787 655 284 397 366 272 1022 468 903 540 709 897 599 115 895 951 194 648 631 189 347 115 742 722 134 823 141 445 533 708 232 150 649 309 811 178 183 564 661 371 898 540 1049 929 523 918 568 834 568 154 339 360 334 868 473 1047 206 787 237 551 304 549 600 1039 520 679 343 946 646 590 107 776 658 845 199 126 965 924 651 67 638 519 673 215 52 148 507 898 669 251 454 885 581 331 820 649 776 608 241 625 305 552 593 768 824 398 836 605 243 300 743 391 765 205 220 326 745 577 806 763 762 225 299 534 686 704 325 728 713 450 444 492 755 45 102 138 791 591 129 228 325 459 365 739 320 721 750 171 546 662 195 794 965 360 747 499 824 609 423 948 814 194 210 59 129 277 590 672 820 1078 916 460 299 756 764 1019 259 498 691 637 890 624 266 907 784 624 694 21 494 501 113 513 711 851 57 825 709 322 108 134 702 184 420 224 446 933 248 174 148 730 536 548 404 515 472 478 442 225 582 726 394 441 233 854 225 504 516 579 249 251 641 380 589 432 308 181 281 643
224 543 756 622 435 764 392 151 536 401 850 511 720 900 361 612 322 954 241 664 104 79 791 436 229 341 560 122 922 167 1003 742 0 535 326 228 470 612 688 363 229 541 535 535 677 145 620 512 801 609 452 275 513 490 124 580 147 631 592 477 909 125 111 695 409 631 185 129 857 219 884 419 213 78 511 734 448 536 509 856 597 513 947 437 483 699 597 500 284 425 229 196 463 826 671 879 765 335 822 612 643 279 889 360 594 306 792 544 588 68 416 621 872 739 668 815 336 123 788 616 554 385 92 738 107 415 103 532 723 677 580 531 81 520 648 350 867 440 776 381 828 189 500 121 598 194 947 39 663 436 111 463 537 619 293 409 206 843 529 868 160 443 95 365 136 784 492 417 875 573 720 59 232 430 326 267 405 703 644 650 770 178 617 789 510 306 462 201 428 229 901 905 228 298 594 403 494 521 1040 419 771 369 370 322 614 563 767 683 758 610 531 622 261 557 348 460 483 880 125 521 541 270 826 568 692 824 832 643 189 601 181 733 295 454 805 254 44 308 736 325 883 810 734 871 241 587 693 859 366 275 865 725 678 797 492 955 886 368 288 812 484 830 595 965 760 344 684 379 574 243 737 163 826 872 474 363 162 338 438 729 751 588
657 253 767 250 698 478 458 402 178 222 501 760 447 369 788 872 476 799 516 758 623 538 256 840 372 798 253 423 783 688 836 236 535 0 544 623 795 580 285 800 659 18 76 523 768 430 331 367 498 123 880 280 806 492 484 822 388 124 825 833 376 461 424 310 210 123 576 542 328 590 372 211 344 489 76 312 573 291 731 321 62 524 771 284 794 582 945 823 290 792 407 604 506 371 410 531 458 726 585 948 117 551 355 446 331 312 667 922 518 468 213 874 732 637 139 808 422 626 257 141 868 785 449 211 438 438 485 58 243 142 503 808 471 15 491 744 682 225 828 415 812 380 96 428 141 360 722 555 792 163 619 540 13 345 506 286 532 411 51 503 516 506 611 646 583 258 236 302 763 665 427 512 561 373 216 270 652 191 135 226 803 412 158 397 288 301 131 506 113 568 819 378 377 533 59 684 849 147 867 419 829 507 188 786 768 168 239 180 316 317 553 657 665 954 768 400 225 816 539 899 236 334 748 608 853 697 445 851 616 610 529 220 346 439 335 345 511 615 211 589 783 473 286 371 554 193 486 326 328 760 449 321 264 767 489 693 564 279 306 585 395 300 572 825 499 209 170 727 230 291 580 372 431 455 576 178 374 286 107 329 412 620
550 686 1040 739 755 938 653 255 643 325 998 832 896 895 681 937 69 1193 85 964 307 403 766 758 456 653 698 270 1166 458 1240 781 326 544 0 554 797 872 796 680 554 540 588 793 977 226 778 715 969 551 767 426 839 747 208 902 312 668 914 802 897 407 323 814 543 667 508 450 859 140 915 340 404 255 567 835 739 699 827 831 601 776 1178 613 809 937 922 826 272 751 481 175 730 909 848 1029 929 661 1022 937 610 52 843 621 760 235 1034 867 833 302 553 946 1113 986 680 1096 126 284 742 675 881 709 344 749 355 666 401 575 785 664 820 856 362 530 866 675 1091 584 1071 154 1107 234 568 365 525 395 1159 299 970 385 290 741 538 783 45 589 121 943 568 1009 166 713 409 685 462 726 637 266 1126 867 887 268 549 651 356 333 722 736 679 743 1060 428 685 911 676 491 418 125 483 548 1163 911 459 600 591 724 819 445 1276 661 1068 652 362 634 924 658 715 724 847 764 800 904 588 876 670 687 623 1147 204 844 676 474 1086 846 1007 1068 959 963 515 873 494 765 512 698 877 464 356 87 751 48 1139 962 818 915 555 687 895 812 571 580 976 835 779 1070 747 1151 1050 267 474 1016 704 777 856 1211 945 349 628 705 697 351 963 335 948 982 762 445 301 517 496 842 898 866
