340
0 440 376 383 370 815 569 415 770 245 752 314 603 551 462 289 277 733 306 191 781 431 408 129 487 535 563 240 558 389 212 120 709 92 573 338 643 259 401 341 522 391 571 458 839 315 508 401 190 233 578 247 593 354 458 367 197 197 720 465 537 706 345 670 650 543 140 560 406 507 677 392 464 51 273 291 664 457 728 662 253 160 765 803 612 502 191 304 275 478 885 17 573 826 485 493 526 586 394 199 614 178 203 623 430 632 272 398 151 473 284 145 526 501 414 800 292 314 47 553 81 389 472 268 518 716 227 233 443 166 666 825 109 272 566 495 501 266 415 814 460 95 321 172 437 561 439 320 652 430 854 300 373 688 446 327 888 256 743 856 329 628 228 655 603 718 367 211 552 765 584 482 811 399 756 52 666 712 699 151 506 696 797 356 790 281 553 328 535 391 932 404 707 708 483 300 742 613 182 595 363 251 700 69 705 476 747 870 236 179 294 597 680 183 120 230 630 123 454 263 849 489 297 442 163 711 842 652 521 433 356 241 383 371 584 295 177 776 708 131 231 229 512 391 254 486 561 868 212 136 329 686 424 288 691 777 155 392 693 692 557 428 200 243 78 511 713 579 376 799 364 667 261 305 709 252 562 436 381 390 939 637 608 577 371 779 490 716 600 678 399 130 724 314 476 531 400 611 490 280 870 166 570 410 259 549 262 548 495 391 116 598 163 708 860 314 430 304 738 423 760 212 411 790 419 227 627 796 268 652 653 195 476 455 392 673 731 618 597 304
440 0 725 422 723 417 134 266 425 362 314 696 424 253 736 164 691 354 154 291 512 356 847 407 155 117 480 664 597 218 619 384 337 518 377 489 442 556 234 175 149 829 739 590 425 267 255 310 399 271 210 577 426 793 484 264 569 629 280 606 257 720 283 746 736 449 341 338 846 336 695 632 323 481 421 370 228 271 464 363 689 280 829 457 652 227 623 140 474 340 478 426 276 435 544 454 93 245 834 563 635 595 366 530 338 233 457 372 509 523 312 578 357 379 690 524 428 584 425 351 506 466 665 199 671 805 650 444 97 433 742 488 538 600 462 214 118 673 469 386 118 389 176 452 532 737 492 318 794 601 490 240 812 783 171 766 474 199 631 506 146 325 601 467 396 289 789 602 151 535 591 735 867 710 426 388 247 472 264 305 354 497 461 204 450 281 149 760 449 352 544 399 394 813 47 336 636 191 401 436 802 678 360 435 766 65 694 498 203 482 726 324 463 494 477 663 211 463 411 533 497 167 737 587 292 601 423 212 703 259 88 644 68 735 637 147 607 421 525 543 371 552 441 316 186 250 121 477 282 341 110 256 248 615 722 394 491 50 309 354 340 91 568 202 486 262 423 528 812 461 210 234 219 647 625 679 259 128 554 273 535 209 397 262 550 854 88 782 347 628 430 569 285 753 546 684 667 326 606 714 457 604 564 406 497 647 336 314 660 318 429 160 559 515 447 617 628 432 835 438 361 525 373 408 336 463 580 409 410 381 522 323 580 570 639 723 400 362 223 518
376 725 0 402 8 997 858 780 906 621 1004 79 975 711 144 618 160 906 636 436 851 504 335 326 821 782 939 203 445 566 181 353 881 291 943 701 1015 170 565 564 846 402 322 315 1035 482 659 511 325 453 778 553 640 303 423 734 487 243 985 307 889 555 716 475 452 557 512 664 352 601 533 175 563 327 324 382 915 592 806 785 253 494 553 934 473 853 246 621 269 850 1069 375 924 997 398 869 818 926 361 179 492 414 579 597 803 843 638 774 234 403 657 270 897 561 126 870 326 161 351 645 389 759 248 525 311 494 410 599 765 534 472 943 281 124 577 844 733 149 388 1037 787 358 665 274 351 308 394 694 400 265 994 497 304 469 789 291 1081 593 692 982 580 764 147 695 677 950 196 167 783 805 489 179 595 70 882 416 890 776 944 435 586 731 920 711 919 651 866 235 546 469 1087 442 829 474 772 417 685 850 556 636 316 211 847 439 512 734 643 1015 549 529 227 955 735 233 468 237 860 279 830 197 978 826 296 297 447 667 1046 917 281 796 663 154 656 31 446 608 380 919 726 415 607 173 524 498 569 843 833 1035 443 507 629 981 576 109 530 948 498 689 879 838 658 749 493 572 297 868 815 539 280 922 721 958 611 78 644 407 911 768 264 529 1113 877 684 924 256 553 739 515 710 594 409 334 980 353 385 317 137 968 342 383 1063 283 493 441 611 384 400 666 290 764 310 882 213 734 1055 115 233 330 503 426 948 544 471 957 508 264 561 968 333 757 1029 568 351 334 167 501 863 981 926 237
383 422 402 0 404 601 537 600 504 540 639 416 799 319 351 403 460 510 417 240 455 103 665 255 563 434 812 463 196 210 403 264 485 385 755 674 828 253 199 249 569 694 317 169 643 161 268 125 193 213 398 630 244 615 80 567 581 459 631 186 658 342 565 338 324 171 431 262 675 199 313 249 163 379 116 96 556 203 407 383 515 350 429 532 254 622 456 388 149 684 672 367 685 599 129 759 506 664 673 323 247 549 510 242 655 465 612 654 302 109 537 431 720 160 316 474 100 241 337 243 460 698 253 267 250 395 585 576 499 520 333 541 398 302 195 610 380 437 48 654 524 289 461 232 109 316 74 569 372 190 592 194 627 370 555 591 686 401 361 580 287 364 349 305 276 576 552 372 421 418 210 339 472 356 480 372 516 380 578 281 184 344 517 517 516 513 571 555 162 78 686 40 427 398 465 107 359 486 515 242 629 480 446 441 364 402 366 613 343 550 527 729 341 255 500 483 491 285 711 222 575 573 575 169 281 329 656 568 284 607 401 411 358 426 232 376 534 517 347 510 535 277 138 114 355 630 498 635 224 425 371 653 198 309 334 550 533 409 488 438 255 485 583 377 352 650 413 196 614 520 528 629 436 341 325 602 668 518 153 157 714 513 283 676 155 450 397 380 308 296 15 471 620 619 127 262 292 735 184 612 668 465 191 39 618 228 136 266 240 618 274 552 359 351 661 288 223 89 423 39 555 590 70 559 112 187 244 570 118 355 882 470 157 147 258 325 461 763 645 167
370 723 8 404 0 998 856 776 908 615 1003 71 970 712 152 614 152 907 632 433 854 506 327 323 817 781 934 194 451 566 173 350 882 284 938 694 1010 169 565 563 843 394 330 321 1036 482 660 513 324 451 778 545 643 295 427 729 480 235 984 313 885 562 711 482 460 561 507 666 344 603 540 181 565 321 325 383 914 594 809 788 244 489 561 937 479 849 238 618 269 845 1070 369 920 999 403 863 816 923 353 174 498 406 573 602 798 843 631 768 230 408 652 263 892 564 133 873 327 163 346 647 382 753 255 523 318 501 402 592 762 527 479 946 275 122 581 840 733 141 392 1037 784 354 661 271 356 316 398 689 408 271 996 496 296 477 786 282 1082 589 697 984 579 766 142 699 680 950 188 161 782 809 494 187 603 78 885 411 890 779 943 431 589 735 922 707 921 645 863 226 550 471 1089 444 831 483 771 418 691 849 550 639 308 203 848 432 520 733 650 1017 546 522 218 951 739 230 461 228 860 275 824 197 980 823 287 303 443 673 1047 916 289 792 660 147 655 24 452 605 372 921 730 408 601 171 528 499 566 839 831 1037 441 502 627 979 576 108 537 949 491 687 880 840 660 746 485 569 292 864 818 543 272 925 717 956 607 75 650 398 907 765 268 530 1115 876 686 920 260 561 738 523 712 600 412 326 980 344 390 324 144 963 347 374 1064 275 499 444 604 390 400 668 297 758 306 880 207 738 1056 117 239 331 511 429 949 536 473 959 510 264 566 969 333 760 1023 563 356 339 172 508 866 976 923 238
815 417 997 601 998 0 354 660 135 779 204 996 754 286 950 577 1018 90 570 630 286 497 1204 738 507 300 844 1004 675 443 949 724 116 875 711 905 752 833 439 476 467 1204 872 745 53 529 338 485 701 592 237 989 408 1150 610 671 974 981 248 762 585 726 694 799 801 491 746 344 1208 404 713 850 437 846 675 617 224 404 283 230 1043 669 848 135 706 576 976 550 729 715 72 799 580 26 664 840 378 523 1199 877 679 987 782 518 731 187 875 774 833 647 728 935 713 453 917 282 670 836 787 367 892 876 840 547 813 854 1040 861 486 844 796 164 895 884 483 565 319 997 628 118 492 740 593 761 686 876 635 732 891 781 112 529 1166 842 552 1123 86 609 543 148 487 238 911 388 357 157 1117 924 271 354 643 935 869 957 164 770 172 318 195 664 422 381 157 615 146 698 424 1103 499 528 128 561 201 872 397 584 552 227 815 418 1161 1021 160 829 800 358 642 104 595 893 1070 624 349 800 879 1012 206 793 802 803 139 519 1098 754 652 530 76 264 856 646 502 967 447 1017 709 552 992 114 411 935 788 845 512 498 583 612 319 61 611 745 513 347 423 894 743 53 898 465 122 168 351 489 973 606 839 610 238 558 1160 154 619 335 635 928 570 1067 567 517 753 470 123 217 351 557 756 877 338 816 302 608 597 944 221 1126 673 822 893 615 743 1096 69 966 617 564 913 753 610 336 814 720 764 328 892 396 64 881 818 667 882 587 56 937 530 49 490 743 586 35 668 270 855 737 718 720 859 761 165 659 474 760
569 134 858 537 856 354 0 309 405 457 201 830 407 299 864 283 824 318 269 425 524 458 977 541 153 121 491 797 698 327 752 518 309 650 362 568 412 688 340 300 113 955 855 707 347 391 322 417 532 404 220 683 492 923 591 327 683 761 159 723 234 809 353 846 839 533 460 397 975 415 786 760 414 612 549 496 132 360 484 380 821 408 923 431 750 221 755 264 604 360 402 556 235 377 652 485 42 183 962 697 730 717 471 606 378 202 548 425 643 631 399 710 360 466 819 532 555 715 557 416 632 530 787 333 787 906 772 543 146 543 842 466 670 734 541 211 168 807 583 291 144 523 274 586 646 854 603 395 904 723 449 368 942 885 201 896 392 318 692 474 277 348 735 518 451 202 922 736 155 563 686 861 958 841 415 517 186 501 167 439 436 541 442 278 429 372 72 892 536 462 481 509 399 916 87 461 698 141 509 502 932 811 352 558 862 135 767 451 333 592 858 283 504 627 595 794 160 597 449 665 464 164 866 706 425 665 337 99 821 294 212 778 201 869 738 273 731 394 571 665 469 685 532 425 314 257 51 415 415 461 240 122 347 748 814 348 605 176 275 349 402 156 682 326 619 256 436 615 943 441 279 100 329 780 695 801 220 172 677 382 459 140 450 214 674 950 142 879 391 707 543 697 171 880 655 800 795 278 720 839 377 735 658 516 593 756 465 374 778 371 563 32 693 560 367 749 751 558 936 548 305 633 480 361 440 595 663 357 539 410 509 432 693 685 767 819 392 321 140 647
415 266 780 600 776 660 309 0 688 200 505 727 202 517 838 197 692 611 183 381 778 569 792 462 157 374 220 652 795 437 627 434 596 507 163 270 237 632 457 371 201 746 893 750 656 443 510 520 489 393 475 424 675 742 676 48 446 606 458 764 137 933 74 938 924 679 274 593 784 579 906 745 555 466 549 518 442 510 730 629 655 291 1029 718 853 113 600 214 589 83 711 411 172 681 730 188 281 208 766 601 842 503 233 766 72 488 269 116 545 710 141 556 121 612 789 791 564 678 430 603 444 223 804 333 828 995 555 278 176 308 934 751 523 663 697 115 385 681 648 599 167 424 139 521 702 887 675 114 962 745 746 408 763 969 108 718 701 204 877 766 328 591 635 722 652 511 778 624 412 799 800 848 1071 790 691 367 487 735 477 360 593 755 724 83 713 134 248 733 677 549 788 591 661 997 267 495 880 434 272 683 748 661 624 369 965 331 926 751 261 349 700 185 723 555 379 637 455 502 145 622 756 147 686 741 352 845 647 408 849 21 219 656 286 781 832 225 528 682 781 457 216 614 663 521 246 81 340 721 388 279 239 379 479 680 930 646 373 236 565 619 595 177 442 228 489 104 690 752 772 724 72 372 175 705 863 585 167 144 692 485 768 442 653 185 685 1051 354 980 608 857 612 518 475 682 727 842 769 201 774 630 687 569 775 599 320 826 475 570 811 64 473 339 575 773 676 696 761 572 1023 629 607 379 574 660 549 557 806 659 538 646 281 221 751 735 749 924 665 203 242 632
770 425 906 504 908 135 405 688 0 775 310 914 812 219 846 568 944 91 565 579 153 402 1140 677 547 314 890 936 553 382 879 667 95 818 767 910 817 749 373 431 515 1149 753 635 188 463 264 401 632 538 216 968 287 1086 500 690 944 918 344 651 638 594 709 670 674 373 723 241 1145 305 582 750 344 794 592 537 294 324 147 120 980 638 715 33 580 621 914 540 643 754 190 753 640 118 550 875 416 587 1139 803 552 947 771 389 761 203 871 797 764 534 732 877 761 347 816 151 585 744 736 261 850 892 730 507 698 724 997 851 511 825 668 63 837 800 362 610 309 923 524 246 523 686 597 690 577 759 527 742 766 674 88 471 1101 713 584 1060 214 597 408 86 453 145 835 258 238 245 1042 851 276 219 518 827 735 860 29 730 224 184 278 619 320 247 37 630 24 700 477 1034 383 438 182 464 78 743 420 508 417 264 799 295 1098 953 70 795 669 360 508 109 570 872 1002 688 217 726 849 948 245 729 833 718 78 560 1037 645 608 396 212 335 742 678 499 894 434 929 585 539 947 20 276 897 781 765 399 414 562 654 359 141 558 721 502 434 352 808 611 89 872 467 130 78 248 511 945 588 782 657 106 434 1093 36 636 417 628 842 436 1022 625 544 652 395 217 267 232 619 656 745 338 685 195 475 498 894 318 1070 560 705 793 681 628 1046 200 909 494 465 904 633 539 241 700 743 702 386 824 261 197 791 711 579 751 484 132 917 434 86 399 665 457 100 587 152 914 724 605 610 759 631 42 725 540 669
245 362 621 540 615 779 457 200 775 0 658 558 365 572 702 207 512 713 210 300 833 544 594 333 327 479 318 468 735 442 452 308 694 332 341 141 407 494 460 372 371 545 790 660 787 407 547 500 379 331 560 230 684 546 620 155 245 421 616 671 337 882 127 866 848 663 117 621 585 587 853 622 552 294 456 445 581 521 780 691 464 190 960 808 792 309 415 235 480 244 840 247 373 796 663 248 419 404 567 444 787 303 41 751 192 594 96 154 392 646 61 372 293 603 653 848 474 547 274 623 253 159 694 304 730 918 355 85 311 108 861 837 346 514 684 308 467 504 583 743 317 289 187 390 624 782 610 87 867 643 847 377 566 890 275 522 835 180 870 860 336 652 473 741 676 647 590 456 510 837 750 718 1005 643 771 209 609 776 618 260 595 780 809 182 799 85 414 541 658 513 906 545 730 914 388 434 871 553 73 690 550 475 706 185 897 422 899 857 221 149 510 384 754 415 181 449 573 356 209 492 851 323 490 647 258 837 783 555 742 221 278 482 340 616 768 236 330 774 800 259 16 468 639 495 221 281 472 839 316 123 273 553 486 531 872 754 173 314 668 699 620 302 242 193 323 305 750 722 577 810 184 540 147 550 846 384 367 288 590 472 897 569 679 384 581 978 443 911 649 828 554 326 628 483 657 744 636 401 689 430 819 381 730 552 135 746 403 602 710 157 334 490 408 796 808 554 650 485 943 576 723 182 538 768 526 438 775 770 447 696 408 70 670 651 624 860 744 398 431 519
752 314 1004 639 1003 204 201 505 310 658 0 986 566 332 986 476 992 221 464 588 459 542 1158 705 348 223 665 969 762 440 920 685 230 827 526 768 559 833 445 442 303 1143 943 802 174 521 377 513 684 559 243 883 512 1104 672 527 881 938 49 819 407 844 554 902 899 579 654 425 1158 468 826 882 486 791 681 624 89 437 438 349 999 594 966 325 805 405 932 454 738 546 226 738 394 231 733 671 239 337 1146 857 781 909 671 631 571 179 750 621 806 713 601 888 536 523 946 460 683 850 734 448 821 728 892 496 879 960 964 744 347 742 899 358 847 882 579 397 270 973 677 101 345 694 474 741 740 945 692 596 979 829 316 507 1122 944 399 1077 208 511 688 350 434 334 894 515 462 72 1092 900 221 517 739 977 994 976 333 702 126 467 60 611 490 522 343 480 330 574 256 1067 585 560 315 603 344 975 276 588 695 154 708 523 1114 984 290 749 910 278 779 309 516 791 1033 435 485 783 790 971 147 762 639 807 340 357 1048 806 598 667 156 103 918 488 401 943 369 1019 800 461 921 292 554 857 670 837 590 524 500 443 192 257 574 655 424 148 440 895 856 226 802 363 200 293 431 356 879 516 794 436 386 658 1121 341 481 142 527 929 704 993 384 373 790 485 279 127 458 372 790 994 268 927 397 731 640 882 30 1067 739 890 922 423 808 1028 198 915 711 608 794 832 603 406 874 569 729 169 861 540 189 890 862 682 990 637 179 832 571 235 528 739 697 225 672 390 665 631 781 778 890 868 319 467 287 776
314 696 79 416 71 996 830 727 914 558 986 0 918 709 219 576 81 906 593 404 872 513 272 288 779 763 876 123 491 557 107 314 880 225 887 630 958 164 558 544 808 331 391 360 1031 470 658 513 302 428 769 476 660 234 452 679 410 165 965 355 842 612 659 538 515 581 454 674 287 610 588 224 570 264 322 378 897 593 824 794 174 447 620 944 525 806 168 582 271 793 1068 316 877 999 436 804 789 883 294 132 541 336 516 631 744 834 568 712 189 438 599 196 840 576 191 891 328 182 297 656 317 691 307 497 370 561 331 530 726 466 534 955 213 114 603 798 717 69 412 1027 747 314 619 245 386 376 422 635 471 311 1002 479 238 536 745 218 1079 548 733 993 555 769 95 719 693 937 140 103 768 831 533 252 663 141 892 359 878 796 927 395 598 757 931 662 928 594 831 165 571 476 1093 455 838 544 743 411 728 834 490 658 247 132 851 373 575 711 694 1022 509 457 152 906 757 203 397 157 846 235 767 195 988 784 220 341 408 707 1041 896 346 744 627 78 629 61 497 570 301 926 755 340 543 151 548 500 529 794 808 1038 415 449 595 952 572 108 588 949 425 657 876 842 667 711 416 529 238 819 829 574 217 933 671 930 562 78 687 327 865 727 297 526 1115 861 699 879 287 623 719 580 720 639 426 258 962 276 423 378 195 919 390 304 1060 205 534 456 539 438 388 673 348 705 268 855 151 761 1052 136 284 334 573 446 945 469 481 959 514 252 602 969 328 769 966 510 394 375 217 560 871 929 887 250
603 424 975 799 970 754 407 202 812 365 566 918 0 675 1039 397 876 726 382 584 924 759 952 662 273 509 116 834 991 624 814 635 717 694 47 363 42 832 642 561 298 894 1095 951 737 639 679 711 692 595 615 553 850 907 873 244 592 786 517 965 174 1127 260 1137 1123 865 463 762 942 757 1100 947 739 654 751 719 530 690 881 776 829 492 1226 839 1049 197 780 411 791 125 791 601 174 779 928 167 398 231 922 796 1036 660 405 950 173 609 396 215 741 908 319 737 80 796 990 934 766 879 624 775 618 291 1006 531 1030 1194 708 421 327 470 1132 874 709 861 880 210 536 868 847 668 306 623 339 721 902 1090 873 283 1164 947 854 605 927 1169 255 884 775 406 1055 881 519 740 829 891 820 597 956 815 548 955 994 1050 1267 988 821 559 592 892 559 562 774 921 850 284 837 325 335 906 864 744 877 787 801 1197 406 694 1059 548 438 859 910 841 757 549 1162 482 1112 855 463 501 875 131 886 754 545 815 568 700 174 823 871 259 852 943 554 1024 722 490 1051 192 404 844 464 974 1030 423 690 802 949 621 381 812 852 713 447 175 454 814 590 468 430 419 662 878 1125 754 530 410 682 754 765 335 587 430 680 162 835 941 940 849 273 424 377 901 1046 736 187 298 895 674 845 547 821 196 888 1249 503 1177 770 1044 810 692 540 839 926 1044 970 144 975 783 764 746 968 795 445 1026 676 738 1013 212 672 429 766 939 754 896 964 774 1222 826 709 518 768 767 739 759 994 762 741 800 101 408 951 936 951 1120 798 102 280 835
551 253 711 319 712 286 299 517 219 572 332 709 675 0 671 367 733 196 367 360 263 217 924 460 403 178 733 722 430 163 666 448 171 600 628 710 690 546 155 213 383 930 613 475 325 247 51 199 418 319 91 753 194 871 342 508 726 702 335 492 504 521 523 571 568 249 509 100 929 136 500 569 157 574 388 331 260 118 213 118 764 422 640 252 474 478 697 339 442 593 359 533 517 289 402 705 288 474 922 592 451 728 562 311 589 152 666 616 550 382 535 659 611 191 635 278 384 550 517 121 631 701 567 289 550 631 778 643 351 612 568 275 619 597 252 465 140 712 352 335 369 466 405 477 414 615 364 550 646 506 304 252 886 613 425 844 370 391 393 305 239 81 626 220 151 264 832 640 145 282 409 658 671 672 206 511 205 218 273 399 158 246 247 447 240 503 361 821 254 244 388 281 160 644 270 298 399 191 588 205 882 739 149 576 582 193 470 321 358 658 788 566 210 515 631 733 189 513 660 516 298 416 820 481 388 366 337 285 590 512 307 683 238 731 469 335 728 225 275 678 576 559 258 212 352 503 248 329 339 506 301 386 137 608 530 239 656 282 169 141 105 345 727 379 564 513 178 330 879 248 455 362 425 642 397 802 500 382 473 183 405 215 151 499 475 668 172 599 94 413 317 675 319 852 408 560 611 565 478 827 352 691 381 284 695 500 325 77 546 565 485 298 610 265 344 595 541 380 660 311 237 703 249 250 207 457 373 259 381 128 774 515 452 451 578 540 181 604 437 474
462 736 144 351 152 950 864 838 846 702 986 219 1039 671 0 657 300 860 674 465 770 454 478 376 852 773 1017 338 334 548 303 404 835 391 1002 799 1075 207 541 563 871 547 181 215 994 473 620 475 351 469 748 670 565 448 346 794 606 372 975 202 932 424 780 337 315 478 586 607 496 546 405 104 514 420 315 368 901 554 730 727 392 547 410 871 350 895 374 654 261 914 1021 456 965 947 304 950 827 958 506 267 372 538 661 500 871 815 734 850 311 315 729 388 958 499 49 789 308 159 427 586 495 851 126 543 183 351 542 695 792 628 334 875 388 191 495 885 721 286 322 1005 815 417 710 317 268 166 318 765 256 171 932 496 448 327 829 435 1036 638 581 915 589 712 251 613 608 926 339 279 766 716 378 35 452 77 820 492 865 697 925 478 528 645 854 762 855 716 884 379 468 428 1028 390 768 331 783 403 573 832 644 559 461 349 793 530 374 732 520 954 587 632 370 1001 655 287 570 372 839 345 908 216 912 860 439 202 487 560 1008 909 146 851 688 283 667 174 326 641 506 861 635 530 690 233 449 462 605 892 831 982 465 581 654 985 546 176 398 899 603 708 839 785 600 776 611 616 386 915 747 442 424 857 772 961 663 170 531 542 950 801 197 501 1060 859 615 961 196 410 732 375 652 479 353 453 966 496 292 186 70 1011 232 522 1019 407 389 387 715 261 399 614 167 831 369 884 315 645 1012 148 134 306 359 363 906 654 422 907 464 283 453 918 325 694 1102 641 250 239 97 367 804 1030 950 217
289 164 618 403 614 577 283 197 568 207 476 576 397 367 657 0 557 507 17 192 629 376 697 292 203 277 411 525 598 253 487 264 488 375 354 343 428 458 272 183 234 671 699 554 589 246 346 328 306 198 354 413 497 643 479 166 405 485 439 569 274 738 169 741 727 490 177 425 694 399 710 560 369 336 356 322 392 330 578 485 543 131 832 601 656 237 479 28 401 280 640 278 308 593 533 364 241 308 680 444 645 434 205 578 254 390 302 264 387 513 168 433 317 425 609 645 370 498 285 430 348 337 613 136 633 798 489 284 154 269 737 630 395 495 509 227 261 542 451 551 172 261 57 346 505 694 477 187 767 552 641 212 663 772 172 617 638 35 693 653 141 447 480 550 481 454 652 476 306 639 604 664 874 617 564 237 410 576 429 183 410 586 602 113 592 136 264 617 487 354 702 395 524 800 200 298 696 354 238 504 651 538 499 274 768 218 736 651 70 318 583 344 558 385 313 519 374 341 317 442 644 208 586 547 171 660 587 373 656 204 76 514 133 623 635 32 448 568 609 381 213 445 472 327 51 235 284 635 196 178 66 397 296 512 733 549 326 114 463 492 425 138 403 46 348 258 545 559 666 603 124 379 59 540 676 518 294 151 500 295 697 373 484 306 494 854 239 783 448 666 415 415 447 598 530 647 587 354 578 555 621 456 580 403 337 629 280 403 617 220 308 314 429 603 610 522 571 378 826 432 520 361 379 563 356 374 613 565 346 493 478 159 554 539 565 727 537 374 312 445
277 691 160 460 152 1018 824 692 944 512 992 81 876 733 300 557 0 929 574 403 914 550 207 286 760 769 826 47 557 575 71 307 904 185 848 570 917 208 578 552 791 255 470 427 1050 488 683 543 316 433 786 405 704 162 505 644 341 95 966 424 814 684 622 614 591 630 417 708 219 645 659 296 603 226 354 407 902 620 865 826 92 426 698 975 594 779 100 567 310 752 1090 283 850 1022 497 753 782 861 222 141 609 263 471 686 702 848 510 665 186 496 558 139 801 617 270 933 364 242 272 692 261 634 382 496 445 640 253 474 711 413 610 989 168 165 652 772 725 22 463 1039 730 301 595 257 445 456 476 593 550 380 1032 491 170 613 721 142 1098 527 793 1026 557 799 110 765 733 947 100 93 777 878 597 333 742 223 924 327 890 839 934 385 635 804 964 633 960 558 819 96 619 510 1121 497 871 623 737 436 789 843 441 703 176 51 879 326 651 714 760 1052 495 397 74 875 801 218 340 79 856 230 718 239 1021 763 140 408 399 765 1058 897 424 710 616 50 626 137 566 556 228 955 805 275 496 182 596 530 514 763 808 1063 417 413 585 945 596 166 661 972 365 648 896 870 702 695 346 510 209 788 865 630 154 966 642 925 536 146 749 247 839 708 357 551 1139 868 739 853 347 701 723 657 753 703 471 194 966 196 484 454 272 889 458 222 1080 138 595 498 477 509 407 704 422 664 262 851 131 810 1071 201 355 372 652 493 965 404 520 984 548 280 663 992 358 804 918 471 460 439 290 634 902 896 869 299
733 354 906 510 907 90 318 611 91 713 221 906 726 196 860 507 929 0 502 546 238 406 1117 652 465 238 807 916 590 355 861 638 25 789 680 844 729 743 350 392 430 1119 785 656 135 441 248 394 613 507 156 916 325 1063 521 616 897 894 253 673 552 649 638 718 719 405 671 255 1121 314 634 760 346 761 584 527 203 314 219 147 956 591 772 114 624 537 889 480 638 673 162 716 552 93 576 796 333 498 1113 788 598 907 712 438 683 122 809 722 744 558 666 850 677 364 826 239 580 745 703 278 811 820 751 465 725 774 959 792 434 772 716 149 809 794 398 526 246 908 538 171 444 654 530 672 596 789 546 673 807 692 135 442 1079 761 505 1036 176 538 477 156 407 149 822 311 273 153 1028 835 204 298 559 845 795 866 111 689 134 251 186 581 333 311 128 558 114 635 390 1016 413 437 199 470 127 792 343 495 485 178 744 335 1075 933 78 750 721 292 572 144 519 820 982 600 276 711 802 926 158 706 755 713 146 477 1012 664 569 460 152 244 768 600 435 879 374 927 625 481 910 77 342 856 720 755 425 408 509 571 274 135 526 670 442 342 334 804 665 44 823 400 45 83 262 435 897 533 754 573 169 475 1073 126 563 325 566 838 499 985 538 466 663 380 209 179 268 531 666 801 270 738 214 532 506 860 227 1041 585 734 803 592 655 1013 158 881 533 473 845 667 521 246 725 668 677 297 804 328 151 790 728 576 803 497 52 864 439 57 399 654 506 63 578 188 827 666 629 631 769 681 99 636 451 669
306 154 636 417 632 570 269 183 565 210 464 593 382 367 674 17 574 502 0 209 631 386 712 309 186 269 400 542 611 260 504 282 483 392 339 344 413 475 279 191 216 686 715 569 580 259 349 338 323 213 350 422 503 659 492 155 416 502 426 584 257 750 162 755 741 499 190 429 709 405 722 577 377 352 373 337 381 336 579 485 559 148 845 598 669 220 496 31 417 267 632 295 290 586 546 355 227 290 695 462 658 447 212 587 243 384 306 257 405 526 167 450 303 433 626 645 386 515 302 435 363 334 629 149 649 812 502 290 137 278 751 627 412 513 518 210 257 560 465 541 155 279 45 364 520 710 491 184 782 568 636 224 679 786 154 632 629 49 701 649 148 447 498 555 486 444 669 493 299 642 616 681 887 634 562 253 402 579 418 201 417 591 599 100 589 136 247 634 497 365 696 407 523 814 188 312 704 346 246 511 667 554 496 289 781 211 746 646 87 328 599 327 561 403 326 535 366 358 308 460 640 190 602 562 189 668 578 361 672 190 68 532 131 641 649 41 462 564 614 395 218 463 482 338 68 219 272 629 212 191 66 382 303 529 746 543 338 105 457 490 429 122 415 64 365 242 545 570 682 600 111 364 64 558 684 532 276 133 516 304 689 364 488 288 510 867 232 796 451 676 429 431 434 613 544 662 604 337 593 570 612 472 592 415 343 643 295 407 633 211 326 300 447 608 602 540 587 394 840 445 514 371 391 557 366 391 624 559 362 494 465 168 569 554 582 740 535 357 294 462
191 291 436 240 433 630 425 381 579 300 588 404 584 360 465 192 403 546 209 0 592 255 576 117 388 365 582 381 435 197 331 96 521 244 543 435 617 269 209 154 410 573 512 371 657 127 317 218 114 42 394 415 411 521 320 342 377 352 563 384 467 582 335 570 554 373 193 370 578 320 553 367 279 215 167 146 499 267 539 470 414 109 663 612 493 430 347 189 208 462 701 174 500 639 365 524 384 494 569 272 488 369 270 459 427 451 374 420 218 347 299 305 503 322 417 610 183 306 157 365 272 458 422 93 447 624 418 340 330 288 566 633 264 311 396 420 324 385 284 640 353 109 247 161 328 506 311 333 583 363 664 109 538 597 363 494 706 177 580 665 154 436 309 473 416 546 503 313 376 579 450 471 708 427 565 157 490 525 531 46 322 513 605 301 599 277 430 480 367 219 744 246 515 623 338 135 580 441 278 415 532 397 509 226 600 310 601 680 122 326 445 536 495 203 285 385 455 173 477 251 658 395 468 361 41 547 662 494 467 392 227 355 224 445 469 176 368 585 528 321 295 262 346 210 141 428 405 681 21 188 193 548 233 327 573 590 315 253 508 501 367 314 379 154 209 451 522 425 535 607 312 526 208 358 552 443 485 337 310 201 753 466 421 496 303 683 320 614 409 530 254 315 562 495 359 461 395 546 398 467 688 336 430 254 385 453 103 357 430 388 140 451 272 526 678 333 379 192 650 276 575 369 243 602 241 182 477 609 157 461 658 229 376 359 372 562 540 566 491 252
781 512 851 455 854 286 524 778 153 833 459 872 924 263 770 629 914 238 631 592 0 365 1118 671 652 415 991 914 451 400 854 667 231 814 877 972 934 709 385 464 626 1139 652 554 339 466 286 383 618 549 308 1002 211 1066 428 771 969 903 489 568 750 464 787 549 557 294 761 221 1126 276 456 683 319 796 561 514 431 325 53 149 963 672 583 152 467 728 900 602 604 851 332 764 757 266 466 966 526 707 1122 775 438 960 821 278 850 324 926 879 745 455 798 868 865 297 747 19 549 693 741 229 863 965 647 539 605 598 1005 901 606 865 548 133 831 758 275 715 393 892 462 399 623 689 669 671 504 661 457 814 653 599 202 484 1079 592 681 1041 358 652 266 170 497 186 803 156 182 390 1007 824 376 70 411 747 598 796 127 749 359 75 421 636 281 126 130 710 140 766 594 1008 304 406 293 417 125 620 519 491 276 386 844 214 1079 931 175 818 542 448 368 225 615 908 979 806 115 702 876 931 370 717 922 677 173 665 1022 567 627 260 363 469 650 772 570 865 501 877 477 598 954 173 146 912 836 731 326 394 611 757 474 277 570 758 564 573 360 763 485 242 903 544 265 176 224 602 970 639 778 764 88 333 1067 133 717 553 687 796 302 1027 741 638 588 391 344 397 176 737 594 612 425 558 185 348 445 896 464 1062 478 610 726 801 541 1045 346 902 391 416 952 533 527 235 612 827 696 511 805 132 346 740 636 541 624 425 284 953 394 239 370 635 341 252 558 136 1025 773 521 530 692 508 140 844 664 621
431 356 504 103 506 497 458 569 402 544 542 513 759 217 454 376 550 406 386 255 365 0 752 311 506 347 787 548 241 138 489 312 381 451 713 683 784 349 121 198 506 773 403 260 539 136 167 48 254 217 299 669 162 701 133 542 626 538 538 277 606 367 545 390 381 119 446 160 760 97 341 353 60 437 196 149 462 104 315 281 597 358 473 431 295 572 534 355 242 652 568 413 629 495 195 740 431 602 757 410 279 606 520 206 630 365 626 639 380 174 529 504 683 70 419 384 185 342 387 143 512 697 351 245 337 449 648 594 443 544 386 442 468 399 141 559 294 528 135 552 467 336 432 306 198 404 149 557 446 289 490 168 714 428 507 675 583 383 326 479 241 261 440 225 183 478 645 459 329 337 236 441 511 460 379 408 417 291 481 301 85 266 417 486 415 501 501 644 113 41 583 64 325 458 395 131 327 391 533 164 713 566 343 478 409 324 359 511 328 581 613 676 255 336 538 565 395 354 693 317 475 518 656 264 297 293 553 478 376 572 355 500 300 526 281 345 596 415 276 562 542 368 96 49 335 586 415 532 235 442 330 569 111 407 367 446 569 353 385 334 154 431 628 361 417 603 315 183 702 420 496 544 420 440 302 668 612 467 256 85 610 418 189 617 259 498 315 426 206 289 100 536 525 697 199 348 396 680 267 683 565 538 209 67 640 298 169 162 332 596 334 469 439 277 557 389 323 178 479 95 452 624 32 455 20 270 237 466 193 255 849 475 240 236 362 367 359 712 577 267
408 847 335 665 327 1204 977 792 1140 594 1158 272 952 924 478 697 207 1117 712 576 1118 752 0 465 889 938 879 204 762 762 263 480 1092 332 933 604 995 416 769 730 926 91 658 631 1233 677 876 741 507 612 969 412 909 54 712 744 362 223 1128 627 925 885 718 809 786 836 530 907 21 846 861 497 803 366 556 606 1069 815 1068 1023 161 568 888 1171 798 893 228 713 515 836 1276 421 961 1211 704 806 935 983 41 342 814 292 558 894 784 1028 558 737 375 704 651 271 885 820 459 1137 568 448 424 893 352 677 579 665 642 829 245 530 849 485 805 1188 312 373 859 888 900 229 670 1215 865 467 723 450 652 643 684 681 734 583 1227 675 38 804 844 81 1282 663 1001 1223 727 994 316 970 936 1120 139 293 952 1084 803 514 930 405 1121 460 1066 1043 1103 547 837 1010 1161 750 1157 660 960 111 826 712 1313 701 1068 810 891 632 996 1015 520 908 45 186 1073 429 846 880 965 1246 644 450 139 977 1005 416 413 191 1031 411 781 446 1217 890 110 613 561 973 1238 1059 616 812 765 254 789 304 770 704 263 1149 1012 334 577 388 802 729 662 870 968 1252 593 527 738 1094 788 372 861 1161 422 801 1082 1064 902 835 367 652 366 895 1065 838 55 1163 756 1076 662 348 956 218 953 840 564 745 1327 1040 942 969 555 888 893 850 952 910 677 281 1131 113 691 649 466 993 662 171 1263 243 802 704 512 711 601 902 620 750 440 1007 315 1016 1254 405 556 577 838 700 1150 436 723 1173 749 482 870 1181 559 1004 973 575 665 646 489 832 1098 992 999 507
129 407 326 255 323 738 541 462 677 333 705 288 662 460 376 292 286 652 309 117 671 311 465 0 494 482 643 266 429 297 215 27 627 142 626 449 699 170 304 267 520 471 458 334 768 213 412 288 61 148 504 377 474 411 329 418 325 242 680 343 564 577 404 546 526 418 215 453 469 395 549 289 352 126 143 165 615 354 619 563 304 171 640 709 483 527 237 295 151 537 810 114 599 745 356 578 500 600 462 156 485 295 295 496 495 564 384 476 101 343 354 199 582 382 327 690 162 217 82 442 205 489 360 210 400 593 336 345 439 282 541 728 160 204 442 518 439 267 285 754 461 43 340 58 309 449 310 390 536 312 763 209 427 565 463 384 817 267 616 762 271 532 193 537 490 661 386 195 491 649 455 389 686 327 660 130 604 600 648 108 391 578 700 389 695 340 543 366 410 270 848 278 608 588 454 180 614 556 287 476 423 283 609 192 579 427 617 781 223 304 332 631 565 93 248 273 570 56 534 161 755 500 360 320 120 584 774 611 409 477 338 238 341 332 457 283 284 685 587 255 323 153 386 277 243 520 522 787 131 210 306 664 325 220 563 696 283 368 616 600 448 423 328 246 106 544 609 451 422 702 399 642 289 248 580 357 585 442 260 284 861 582 495 598 251 656 437 591 496 549 270 224 679 393 347 413 308 643 366 373 798 232 440 283 379 425 144 444 379 455 25 568 155 589 789 234 317 174 617 295 685 340 289 708 302 106 498 715 138 548 726 268 350 329 292 546 636 658 600 186
487 155 821 563 817 507 153 157 547 327 348 779 273 403 852 203 760 465 186 388 652 506 889 494 0 237 342 726 746 368 690 467 453 576 225 423 288 658 385 314 45 855 875 727 501 403 409 459 503 383 343 557 581 837 630 181 567 684 301 742 102 873 210 894 883 603 358 491 884 491 847 752 477 535 542 498 286 426 608 504 740 334 979 576 802 75 678 199 591 208 556 478 122 530 689 332 131 106 869 648 786 612 349 685 225 344 411 273 591 668 265 632 213 534 804 663 553 695 487 505 537 380 796 310 808 953 666 412 63 425 890 610 595 697 617 63 262 745 611 443 39 465 166 547 671 872 635 253 935 733 598 372 857 930 52 811 545 233 786 621 276 468 684 620 549 356 853 679 276 682 743 856 1018 816 554 435 337 619 320 386 509 648 585 145 572 243 91 816 603 498 635 544 530 959 133 467 791 286 388 591 844 738 488 460 916 209 849 602 271 472 781 170 613 587 486 717 307 544 295 640 611 13 779 722 373 756 491 251 836 141 165 718 207 826 786 212 631 539 677 561 341 647 594 463 251 106 190 568 387 361 198 227 401 713 874 498 489 154 420 484 494 78 564 250 550 111 563 682 862 584 143 217 227 742 780 696 106 52 682 422 613 291 549 112 677 1004 230 932 497 783 572 608 318 785 689 821 782 173 746 738 531 653 716 552 459 791 459 467 794 220 512 183 632 667 520 722 755 559 982 584 457 508 520 511 486 570 734 509 531 527 373 319 721 708 758 873 529 207 110 636
535 117 782 434 781 300 121 374 314 479 223 763 509 178 773 277 769 238 269 365 415 347 938 482 237 0 578 747 584 225 697 462 223 606 462 606 519 612 235 219 211 927 748 602 311 301 201 309 460 336 106 690 370 884 480 377 679 716 203 619 334 690 399 730 724 414 450 276 939 296 667 668 299 572 462 406 133 245 372 267 778 380 805 344 633 313 711 251 519 441 363 520 343 317 542 561 112 297 928 634 613 699 482 485 447 116 574 484 583 521 429 667 451 348 730 425 465 631 514 295 607 581 687 273 682 790 753 560 197 546 727 377 626 660 421 300 53 750 477 279 210 472 293 518 541 748 495 434 793 623 374 285 902 770 271 856 361 311 572 392 211 233 671 398 330 183 869 677 39 449 569 767 839 758 318 486 133 386 165 390 317 422 350 319 338 398 183 845 417 356 427 402 292 801 107 370 577 78 515 381 894 762 252 539 745 60 646 382 303 595 811 393 385 560 585 749 97 538 519 586 382 250 829 603 377 544 310 136 718 364 201 720 152 797 623 255 708 308 452 647 487 614 415 319 289 343 71 360 351 450 215 221 237 673 696 277 602 164 192 247 281 197 678 310 572 349 326 496 899 350 324 197 334 707 574 781 327 230 580 276 420 101 329 324 579 833 45 762 271 587 437 666 198 850 546 693 706 390 613 814 343 696 541 408 613 645 382 252 674 430 506 124 638 441 333 670 653 466 820 440 244 639 372 291 330 517 543 292 453 294 609 437 585 579 676 702 293 431 259 559
563 480 939 812 934 844 491 220 890 318 665 876 116 733 1017 411 826 807 400 582 991 787 879 643 342 578 0 781 1008 657 769 616 796 650 142 276 150 809 677 590 377 815 1092 953 831 658 729 739 681 600 683 470 895 837 889 245 517 732 616 966 259 1149 247 1149 1134 899 431 812 867 799 1121 932 775 612 749 725 620 730 944 841 769 479 1241 919 1066 269 727 431 783 140 886 565 271 868 941 73 474 328 847 762 1056 591 360 986 157 686 322 167 710 922 289 686 130 831 968 1002 765 860 591 822 564 203 999 546 1029 1204 634 354 384 413 1145 953 663 832 916 280 597 820 859 766 368 600 355 702 909 1085 886 252 1165 943 939 624 858 1178 309 817 872 411 1097 963 547 804 791 941 871 688 898 774 617 1015 1015 1032 1284 960 896 526 677 951 651 552 813 974 927 301 915 305 420 845 896 765 970 806 870 1205 472 705 1100 628 385 903 840 786 830 502 1177 543 1146 942 468 434 816 237 941 730 486 758 649 672 109 804 953 329 785 943 547 1065 818 581 1046 221 439 799 505 934 1045 442 624 882 1000 558 332 785 882 738 456 235 532 905 592 436 459 521 699 849 1144 838 465 454 762 826 814 388 512 434 642 234 902 970 873 927 291 523 376 868 1083 661 281 352 890 704 942 631 872 293 882 1262 565 1192 826 1076 825 634 638 766 937 1043 950 252 980 708 860 691 992 814 367 1034 682 789 1010 194 648 516 726 992 849 870 955 775 1231 843 796 443 791 852 767 745 1024 848 739 861 93 375 958 941 935 1137 871 215 377 824
240 664 203 463 194 1004 797 652 936 468 969 123 834 722 338 525 47 916 542 381 914 548 204 266 726 747 781 0 575 561 59 285 891 149 807 523 875 219 566 534 759 235 502 447 1034 475 673 537 304 414 770 358 706 152 514 604 293 49 942 446 776 707 581 641 618 634 378 703 212 641 681 323 599 190 352 401 880 611 863 819 57 393 728 968 616 742 54 537 313 711 1076 248 813 1010 512 708 755 826 210 139 629 216 428 696 660 831 464 622 172 509 516 96 759 616 304 933 365 261 240 689 216 588 411 473 472 670 207 428 679 368 637 983 130 183 658 735 705 53 471 1021 697 275 560 246 459 488 487 551 584 402 1024 475 165 644 685 128 1083 493 806 1019 535 790 118 767 732 927 127 91 757 881 613 370 772 261 917 291 871 839 913 359 633 807 957 596 953 518 788 99 624 507 1110 498 864 655 710 428 802 822 397 705 165 17 870 284 679 691 779 1043 465 351 66 836 802 212 295 34 837 210 674 248 1013 728 115 428 372 777 1041 873 455 671 586 60 602 182 587 526 181 946 810 228 453 188 600 524 484 725 783 1051 397 374 557 917 585 188 685 960 319 620 882 861 698 664 299 478 178 750 860 641 156 959 604 897 500 175 763 204 802 674 374 541 1126 848 738 817 364 733 701 685 748 719 475 147 943 167 499 482 303 851 479 184 1065 91 610 501 430 533 397 698 449 623 242 825 112 814 1055 225 381 374 684 498 951 357 519 972 545 278 676 980 355 799 873 431 478 458 317 659 895 856 836 309
558 597 445 196 451 675 698 795 553 735 762 491 991 430 334 598 557 590 611 435 451 241 762 429 746 584 1008 575 0 379 519 444 567 538 947 866 1019 357 363 433 747 810 201 131 724 352 388 287 369 409 520 805 266 719 118 763 751 586 765 138 844 148 761 148 140 185 623 340 776 294 119 270 285 542 286 289 689 338 419 444 632 545 234 573 58 809 584 581 287 879 740 543 869 665 72 955 673 843 780 444 56 707 703 173 851 582 803 851 445 88 734 571 914 239 324 469 267 315 511 316 627 894 207 462 156 207 735 766 683 707 144 570 547 392 192 797 532 536 151 754 707 469 656 390 122 209 124 765 217 180 633 386 726 186 743 699 760 597 247 610 474 442 457 299 317 693 631 486 562 391 44 305 276 380 524 556 635 383 704 474 272 324 553 711 557 709 743 652 178 249 730 204 477 217 637 304 240 619 705 257 733 591 514 621 170 565 203 656 539 733 630 915 342 397 678 603 619 444 908 332 609 757 690 150 476 225 742 710 200 801 590 516 539 475 39 570 686 571 309 676 729 391 172 282 551 821 654 694 420 617 561 805 352 390 137 622 713 592 582 507 333 670 754 574 511 839 447 119 707 556 722 781 633 414 198 747 852 704 200 324 770 645 323 858 211 258 556 186 376 148 183 623 749 742 82 159 308 920 104 747 744 603 60 196 805 82 331 356 168 814 442 708 490 320 739 357 212 256 237 166 641 770 225 627 261 335 119 640 293 404 1077 664 97 117 279 129 514 950 819 272
