69
0 555 737 573 575 499 333 151 676 732 403 704 622 1040 496 776 617 348 713 18 893 719 639 833 705 707 623 753 871 592 515 410 534 722 709 661 771 849 102 343 288 528 755 561 338 837 430 378 343 673 881 233 809 977 954 660 807 218 860 660 608 842 632 585 592 525 155 643 860
555 0 377 214 479 159 454 534 127 344 568 631 770 608 431 384 789 266 311 558 586 732 582 319 319 273 774 445 423 152 337 172 35 169 688 691 796 565 495 261 396 449 279 26 483 335 647 646 386 200 438 624 262 501 520 207 306 652 741 708 170 784 338 656 217 302 675 221 776
737 377 0 187 280 533 457 788 412 698 505 360 600 304 306 49 629 395 665 749 209 485 344 246 677 620 605 79 163 523 232 506 410 348 431 468 538 191 642 581 460 292 166 351 474 225 575 608 718 545 165 677 333 273 222 561 214 719 411 491 539 480 109 477 592 678 794 584 458
573 214 187 0 281 358 345 608 293 556 432 423 596 473 253 214 619 225 524 583 390 532 380 279 532 482 601 241 298 366 149 321 241 263 484 496 595 362 485 393 321 261 189 189 370 276 512 527 531 407 309 557 304 403 385 418 248 595 526 515 385 573 124 474 431 502 652 435 562
575 479 280 281 0 593 244 672 573 823 242 160 326 553 81 329 353 315 791 591 343 253 103 508 797 753 331 241 443 627 143 523 498 543 208 215 316 295 473 563 290 47 415 458 248 493 302 343 688 680 443 445 568 550 485 687 474 489 302 234 647 318 195 201 684 727 584 699 320
499 159 533 358 593 0 503 437 218 258 625 751 849 766 530 543 863 312 231 497 742 840 696 469 229 213 853 597 582 94 451 97 125 296 800 793 905 718 467 158 430 555 438 185 531 488 700 685 248 174 597 626 394 656 679 161 460 645 874 806 109 908 482 746 105 145 640 147 904
333 454 457 345 244 503 0 444 576 759 122 372 357 758 170 503 366 193 730 349 578 403 307 624 731 703 360 450 613 570 225 410 455 583 384 346 462 531 231 412 78 200 532 444 29 619 197 192 511 642 618 220 643 724 679 640 592 262 528 351 590 517 348 278 607 608 345 640 531
151 534 788 608 672 437 444 0 641 640 534 815 762 1082 591 821 760 394 626 135 964 844 749 840 615 629 764 817 904 532 586 367 506 702 828 787 900 924 225 281 382 624 774 547 456 849 571 522 227 609 915 383 796 1003 993 591 819 370 969 788 544 961 690 713 514 424 295 569 975
676 127 412 293 573 218 576 641 0 287 687 715 879 583 535 404 900 392 256 678 614 825 673 270 269 209 883 489 408 148 435 274 141 86 777 788 888 603 620 361 521 549 270 132 605 294 767 769 467 136 423 751 179 461 502 156 272 779 808 807 153 862 406 761 213 332 800 185 848
732 344 698 556 823 258 759 640 287 0 881 976 1100 858 769 691 1116 567 32 727 902 1075 926 544 28 78 1104 773 690 196 680 355 324 365 1031 1032 1139 889 716 393 688 790 557 367 788 570 957 942 415 152 706 881 436 729 782 138 552 897 1082 1047 175 1128 678 991 152 216 882 124 1119
403 568 505 432 242 625 122 534 687 881 0 320 238 792 198 554 245 314 851 421 584 315 262 703 852 823 241 479 667 690 290 533 572 685 310 258 368 536 310 534 199 214 609 555 95 694 80 103 627 760 671 216 736 778 721 759 669 260 474 256 710 443 402 181 729 731 366 760 465
704 631 360 423 160 751 372 815 715 976 320 0 273 566 235 403 305 474 943 721 322 125 65 606 950 904 278 292 505 781 299 683 653 674 72 124 179 277 603 722 433 204 520 609 366 586 346 403 846 829 501 537 683 600 519 839 573 580 156 147 801 158 313 174 840 887 686 852 162
622 770 600 596 326 849 357 762 879 1100 238 273 0 837 344 648 31 537 1069 640 596 176 259 835 1072 1037 4 546 758 905 447 761 781 860 213 149 190 550 537 769 435 335 742 753 332 819 191 245 866 969 757 400 892 860 784 972 800 434 377 127 926 307 522 124 951 963 546 977 343
1040 608 304 473 553 766 758 1082 583 858 792 566 837 0 598 263 868 695 830 1051 248 684 581 315 845 782 842 313 185 726 535 767 643 498 634 690 720 288 946 851 765 578 329 584 774 290 855 895 985 716 171 977 423 134 89 739 311 1020 529 713 735 620 413 724 795 904 1098 769 584
496 431 306 253 81 530 170 591 535 769 198 235 344 598 0 355 366 239 737 511 408 310 173 510 742 702 349 286 468 573 103 454 445 516 273 263 374 361 394 488 210 33 416 412 179 499 271 301 610 631 472 381 554 579 524 636 476 425 383 278 593 393 204 225 625 659 514 645 398
776 384 49 214 329 543 503 821 404 691 554 403 648 263 355 0 677 432 659 788 210 528 391 209 672 613 653 112 113 524 278 525 418 333 474 514 580 204 683 603 503 342 141 358 522 186 624 657 740 539 116 723 305 223 178 557 179 765 441 537 539 515 155 525 594 687 838 582 491
617 789 629 619 353 863 366 760 900 1116 245 305 31 868 366 677 0 551 1085 635 627 207 290 862 1088 1054 27 576 788 921 470 774 799 883 245 180 217 582 536 779 444 359 768 773 340 846 189 239 871 987 786 391 917 890 815 989 827 423 408 159 942 336 548 152 966 974 534 993 372
348 266 395 225 315 312 193 394 392 567 314 474 537 695 239 432 551 0 537 357 572 544 412 492 538 510 541 424 524 376 199 224 264 411 510 492 608 533 262 249 129 269 410 259 222 493 391 382 373 448 533 362 485 629 607 446 464 393 616 503 397 631 296 438 415 428 434 447 635
713 311 665 524 791 231 730 626 256 32 851 943 1069 830 737 659 1085 537 0 709 870 1043 894 515 18 47 1073 741 660 164 647 328 292 335 999 1000 1107 857 693 372 660 758 526 335 759 540 928 915 404 120 676 857 408 701 752 105 522 873 1050 1016 144 1096 646 960 126 205 861 92 1086
18 558 749 583 591 497 349 135 678 727 421 721 640 1051 511 788 635 357 709 0 907 736 656 840 701 704 641 766 881 591 529 410 537 726 726 679 789 863 118 340 303 544 764 565 355 845 448 396 333 672 891 251 814 986 964 658 815 235 877 678 607 860 644 603 588 518 166 640 878
893 586 209 390 343 742 578 964 614 902 584 322 596 248 408 210 627 572 870 907 0 437 346 400 882 824 600 150 253 731 379 711 619 543 388 447 472 48 792 781 605 380 350 560 586 373 636 684 918 749 242 787 506 313 221 767 376 832 285 470 747 374 279 488 800 887 923 791 340
719 732 485 532 253 840 403 844 825 1075 315 125 176 684 310 528 207 544 1043 736 437 0 152 730 1049 1005 180 417 631 879 395 763 750 790 53 57 64 395 623 792 476 285 643 711 388 710 311 372 906 933 626 522 804 725 641 940 696 562 200 62 899 136 430 134 934 969 674 951 169
639 582 344 380 103 696 307 749 673 926 262 65 259 581 173 391 290 412 894 656 346 152 0 586 900 855 264 286 500 730 246 624 602 638 105 124 215 299 538 661 368 143 496 561 302 568 297 351 783 782 497 478 655 601 525 790 552 522 221 146 750 220 280 143 787 829 626 802 227
833 319 246 279 508 469 624 840 270 544 703 606 835 315 510 209 862 492 515 840 400 730 586 0 530 467 840 321 154 416 412 490 353 184 677 710 785 406 753 579 599 507 94 300 648 27 780 802 705 402 169 836 111 190 239 424 34 874 651 733 424 724 313 710 484 598 926 455 700
705 319 677 532 797 229 731 615 269 28 852 950 1072 845 742 672 1088 538 18 701 882 1049 900 530 0 63 1076 752 675 169 653 326 298 350 1005 1005 1113 868 688 365 659 764 540 342 760 556 928 914 391 133 690 853 424 718 767 116 537 869 1059 1020 149 1104 655 964 124 192 854 98 1095
707 273 620 482 753 213 703 629 209 78 823 904 1037 782 702 613 1054 510 47 704 824 1005 855 467 63 0 1041 695 613 133 610 310 256 287 961 964 1070 811 680 364 635 722 479 294 733 493 901 890 412 75 628 839 361 654 704 65 474 858 1007 980 112 1055 603 926 115 219 852 65 1045
623 774 605 601 331 853 360 764 883 1104 241 278 4 842 349 653 27 541 1073 641 600 180 264 840 1076 1041 0 550 763 909 451 765 785 865 217 153 192 555 539 773 438 339 747 758 335 824 193 246 868 973 761 400 897 865 789 976 805 434 381 131 930 310 526 129 955 967 547 981 346
753 445 79 241 241 597 450 817 489 773 479 292 546 313 286 112 576 424 741 766 150 417 286 321 752 695 550 0 214 594 237 561 476 427 364 407 468 120 654 631 467 265 245 419 464 299 543 582 768 620 211 667 412 314 244 636 290 711 331 430 611 402 128 425 662 742 794 657 379
871 423 163 298 443 582 613 904 408 690 667 505 758 185 468 113 788 524 660 881 253 631 500 154 675 613 763 214 0 546 387 582 459 325 577 621 679 267 781 667 607 456 144 399 632 126 738 770 801 543 15 832 265 111 96 564 138 873 522 644 556 603 266 636 615 721 942 593 575
592 152 523 366 627 94 570 532 148 196 690 781 905 726 573 524 921 376 164 591 731 879 730 416 169 133 909 594 546 0 484 185 128 234 836 835 943 713 556 253 501 594 403 177 599 438 767 757 334 81 561 710 327 607 642 71 414 731 893 851 20 935 490 795 69 183 732 72 927
515 337 232 149 143 451 225 586 435 680 290 299 447 535 103 278 470 199 647 529 379 395 246 412 653 610 451 237 387 484 0 386 355 413 351 354 459 338 417 435 231 114 318 316 245 403 368 390 567 537 393 445 451 498 454 544 378 487 428 372 504 457 123 326 541 588 562 556 454
410 172 506 321 523 97 410 367 274 355 533 683 761 767 454 525 774 224 328 410 711 763 624 490 326 310 765 561 582 185 386 0 141 337 727 714 828 681 371 89 336 481 441 190 438 504 606 589 218 266 596 528 433 668 678 255 475 547 814 726 203 841 438 662 202 205 547 245 840
534 35 410 241 498 125 455 506 141 324 572 653 781 643 445 418 799 264 292 537 619 750 602 353 298 256 785 476 459 128 355 141 0 196 707 707 815 597 480 230 393 466 314 60 485 369 651 646 352 188 473 616 292 536 555 191 341 642 766 723 148 807 366 669 189 268 659 200 800
722 169 348 263 543 296 583 702 86 365 685 674 860 498 516 333 883 411 335 726 543 790 638 184 350 287 865 427 325 234 413 337 196 0 740 758 851 536 657 426 537 525 194 161 611 208 765 773 542 218 340 773 97 374 418 240 187 805 754 778 240 814 361 738 300 417 837 270 797
709 688 431 484 208 800 384 828 777 1031 310 72 213 634 273 474 245 510 999 726 388 53 105 677 1005 961 217 364 577 836 351 727 707 740 0 67 111 345 610 760 453 245 590 666 373 657 320 379 878 887 573 523 752 672 589 895 643 565 173 87 856 133 379 139 892 932 675 907 155
661 691 468 496 215 793 346 787 788 1032 258 124 149 690 263 514 180 492 1000 679 447 57 124 710 1005 964 153 407 621 835 354 714 707 758 67 0 116 402 565 739 419 241 620 671 331 692 258 318 852 892 618 466 778 720 641 898 676 507 240 23 856 189 403 78 889 919 618 908 217
771 796 538 595 316 905 462 900 888 1139 368 179 190 720 374 580 217 608 1107 789 472 64 215 785 1113 1070 192 468 679 943 459 828 815 851 111 116 0 433 677 855 536 350 699 775 446 764 353 413 968 997 674 566 862 769 683 1004 752 605 208 112 964 123 490 187 999 1034 717 1015 163
849 565 191 362 295 718 531 924 603 889 536 277 550 288 361 204 582 533 857 863 48 395 299 406 868 811 555 120 267 713 338 681 597 536 345 402 433 0 748 749 560 333 345 539 540 379 588 635 885 736 258 740 507 341 251 752 378 784 257 425 729 342 245 441 781 863 876 775 311
102 495 642 485 473 467 231 225 620 716 310 603 537 946 394 683 536 262 693 118 792 623 538 753 688 680 539 654 781 556 417 371 480 657 610 565 677 748 0 323 187 426 672 497 238 756 347 300 364 637 790 178 739 889 861 627 726 183 759 565 574 744 535 490 568 521 179 615 761
343 261 581 393 563 158 412 281 361 393 534 722 769 851 488 603 779 249 372 340 781 792 661 579 365 364 773 631 667 253 435 89 230 426 760 739 855 749 323 0 334 518 527 279 438 592 601 575 137 333 680 493 523 755 761 318 563 505 862 749 268 880 504 681 249 202 489 300 883
288 396 460 321 290 430 78 382 521 688 199 433 435 765 210 503 444 129 660 303 605 476 368 599 659 635 438 467 607 501 231 336 393 537 453 419 536 560 187 334 0 243 511 389 104 597 270 255 434 576 615 238 605 717 681 573 569 274 587 426 522 583 352 353 535 531 335 571 595
528 449 292 261 47 555 200 624 549 790 214 204 335 578 33 342 359 269 758 544 380 285 143 507 764 722 339 265 456 594 114 481 466 525 245 241 350 333 426 518 243 0 413 429 206 494 282 317 642 650 458 407 558 565 506 656 473 451 350 258 614 362 196 213 648 687 543 666 366
755 279 166 189 415 438 532 774 270 557 609 520 742 329 416 141 768 410 526 764 350 643 496 94 540 479 747 245 144 403 318 441 314 194 590 620 699 345 672 527 511 413 0 255 556 86 685 708 659 407 159 746 166 229 241 426 60 784 577 642 415 646 220 617 473 576 841 454 624
561 26 351 189 458 185 444 547 132 367 555 609 753 584 412 358 773 259 335 565 560 711 561 300 342 294 758 419 399 177 316 190 60 161 666 671 775 539 497 279 389 429 255 0 473 314 635 636 406 221 413 620 250 479 496 229 285 650 716 688 195 761 313 638 243 328 677 245 752
338 483 474 370 248 531 29 456 605 788 95 366 332 774 179 522 340 222 759 355 586 388 302 648 760 733 335 464 632 599 245 438 485 611 373 331 446 540 238 438 104 206 556 473 0 642 168 163 534 671 637 203 670 743 696 669 616 247 522 334 620 506 366 259 636 635 336 669 523
837 335 225 276 493 488 619 849 294 570 694 586 819 290 499 186 846 493 540 845 373 710 568 27 556 493 824 299 126 438 403 504 369 208 657 692 764 379 756 592 597 494 86 314 642 0 770 793 721 426 141 833 139 168 212 449 30 871 626 714 447 701 299 694 506 619 926 479 676
430 647 575 512 302 700 197 571 767 957 80 346 191 855 271 624 189 391 928 448 636 311 297 780 928 901 193 543 738 767 368 606 651 765 320 258 353 588 347 601 270 282 685 635 168 770 0 60 686 838 740 213 816 848 786 837 746 251 492 249 788 447 475 181 805 801 364 838 474
378 646 608 527 343 685 192 522 769 942 103 403 245 895 301 657 239 382 915 396 684 372 351 802 914 890 246 582 770 757 390 589 646 773 379 318 413 635 300 575 255 317 708 636 163 793 60 0 651 831 774 154 830 881 824 828 768 191 550 309 777 507 504 241 790 777 304 826 534
343 386 718 531 688 248 511 227 467 415 627 846 866 985 610 740 871 373 404 333 918 906 783 705 391 412 868 768 801 334 567 218 352 542 878 852 968 885 364 137 434 642 659 406 534 721 686 651 0 404 814 542 639 886 896 383 692 544 990 859 342 1003 640 788 302 199 498 357 1008
673 200 545 407 680 174 642 609 136 152 760 829 969 716 631 539 987 448 120 672 749 933 782 402 133 75 973 620 543 81 537 266 188 218 887 892 997 736 637 333 576 650 407 221 671 426 838 831 404 0 559 789 300 591 637 24 406 811 932 909 65 980 528 856 106 231 813 57 970
881 438 165 309 443 597 618 915 423 706 671 501 757 171 472 116 786 533 676 891 242 626 497 169 690 628 761 211 15 561 393 596 473 340 573 618 674 258 790 680 615 458 159 413 637 141 740 774 814 559 0 838 280 107 82 580 154 880 514 641 572 596 271 635 630 736 950 608 567
233 624 677 557 445 626 220 383 751 881 216 537 400 977 381 723 391 362 857 251 787 522 478 836 853 839 400 667 832 710 445 528 616 773 523 466 566 740 178 493 238 407 746 620 203 833 213 154 542 789 838 0 844 943 899 781 805 44 690 460 729 654 568 388 730 695 152 773 679
809 262 333 304 568 394 643 796 179 436 736 683 892 423 554 305 917 485 408 814 506 804 655 111 424 361 897 412 265 327 451 433 292 97 752 778 862 507 739 523 605 558 166 250 670 139 816 830 639 300 280 844 0 293 350 323 130 878 744 799 331 812 375 768 391 511 917 355 791
977 501 273 403 550 656 724 1003 461 729 778 600 860 134 579 223 890 629 701 986 313 725 601 190 718 654 865 314 111 607 498 668 536 374 672 720 769 341 889 755 717 565 229 479 743 168 848 881 886 591 107 943 293 0 93 614 195 984 597 743 614 683 377 740 674 788 1052 645 651
954 520 222 385 485 679 679 993 502 782 721 519 784 89 524 178 815 607 752 964 221 641 525 239 767 704 789 244 96 642 454 678 555 418 589 641 683 251 861 761 681 506 241 496 696 212 786 824 896 637 82 899 350 93 0 658 230 941 506 664 652 593 331 667 711 818 1016 687 561
660 207 561 418 687 161 640 591 156 138 759 839 972 739 636 557 989 446 105 658 767 940 790 424 116 65 976 636 564 71 544 255 191 240 895 898 1004 752 627 318 573 656 426 229 669 449 837 828 383 24 580 781 323 614 658 0 428 802 944 914 52 991 540 860 83 207 801 33 981
807 306 214 248 474 460 592 819 272 552 669 573 800 311 476 179 827 464 522 815 376 696 552 34 537 474 805 290 138 414 378 475 341 187 643 676 752 378 726 563 569 473 60 285 616 30 746 768 692 406 154 805 130 195 230 428 0 843 620 698 423 693 278 676 483 594 897 457 669
218 652 719 595 489 645 262 370 779 897 260 580 434 1020 425 765 423 393 873 235 832 562 522 874 869 858 434 711 873 731 487 547 642 805 565 507 605 784 183 505 274 451 784 650 247 871 251 191 544 811 880 44 878 984 941 802 843 0 733 500 750 696 610 429 747 705 112 792 721
860 741 411 526 302 874 528 969 808 1082 474 156 377 529 383 441 408 616 1050 877 285 200 221 651 1059 1007 381 331 522 893 428 814 766 754 173 240 208 257 759 862 587 350 577 716 522 626 492 550 990 932 514 690 744 597 506 944 620 733 0 256 911 91 404 311 956 1015 841 961 54
660 708 491 515 234 806 351 788 807 1047 256 147 127 713 278 537 159 503 1016 678 470 62 146 733 1020 980 131 430 644 851 372 726 723 778 87 23 112 425 565 749 426 258 642 688 334 714 249 309 859 909 641 460 799 743 664 914 698 500 256 0 872 199 424 75 903 932 611 923 229
608 170 539 385 647 109 590 544 153 175 710 801 926 735 593 539 942 397 144 607 747 899 750 424 149 112 930 611 556 20 504 203 148 240 856 856 964 729 574 268 522 614 415 195 620 447 788 777 342 65 572 729 331 614 652 52 423 750 911 872 0 955 508 816 59 181 749 51 946
842 784 480 573 318 908 517 961 862 1128 443 158 307 620 393 515 336 631 1096 860 374 136 220 724 1104 1055 310 402 603 935 457 841 807 814 133 189 123 342 744 880 583 362 646 761 506 701 447 507 1003 980 596 654 812 683 593 991 693 696 91 199 955 0 455 266 996 1045 806 1006 40
632 338 109 124 195 482 348 690 406 678 402 313 522 413 204 155 548 296 646 644 279 430 280 313 655 603 526 128 266 490 123 438 366 361 379 403 490 245 535 504 352 196 220 313 366 299 475 504 640 528 271 568 375 377 331 540 278 610 404 424 508 455 0 397 555 626 685 558 442
585 656 477 474 201 746 278 713 761 991 181 174 124 724 225 525 152 438 960 603 488 134 143 710 964 926 129 425 636 795 326 662 669 738 139 78 187 441 490 681 353 213 617 638 259 694 181 241 788 856 635 388 768 740 667 860 676 429 311 75 816 266 397 0 845 867 540 868 293
592 217 592 431 684 105 607 514 213 152 729 840 951 795 625 594 966 415 126 588 800 934 787 484 124 115 955 662 615 69 541 202 189 300 892 889 999 781 568 249 535 648 473 243 636 506 805 790 302 106 630 730 391 674 711 83 483 747 956 903 59 996 555 845 0 125 738 55 989
525 302 678 502 727 145 608 424 332 216 731 887 963 904 659 687 974 428 205 518 887 969 829 598 192 219 967 742 721 183 588 205 268 417 932 919 1034 863 521 202 531 687 576 328 635 619 801 777 199 231 736 695 511 788 818 207 594 705 1015 932 181 1045 626 867 125 0 678 175 1043
155 675 794 652 584 640 345 295 800 882 366 686 546 1098 514 838 534 434 861 166 923 674 626 926 854 852 547 794 942 732 562 547 659 837 675 618 717 876 179 489 335 543 841 677 336 926 364 304 498 813 950 152 917 1052 1016 801 897 112 841 611 749 806 685 540 738 678 0 787 831
643 221 584 435 699 147 640 569 185 124 760 852 977 769 645 582 993 447 92 640 791 951 802 455 98 65 981 657 593 72 556 245 200 270 907 908 1015 775 615 300 571 666 454 245 669 479 838 826 357 57 608 773 355 645 687 33 457 792 961 923 51 1006 558 868 55 175 787 0 997
860 776 458 562 320 904 531 975 848 1119 465 162 343 584 398 491 372 635 1086 878 340 169 227 700 1095 1045 346 379 575 927 454 840 800 797 155 217 163 311 761 883 595 366 624 752 523 676 474 534 1008 970 567 679 791 651 561 981 669 721 54 229 946 40 442 293 989 1043 831 997 0
