223
0 306 526 752 745 432 319 790 330 814 146 588 837 583 353 894 258 815 866 618 833 678 613 1095 529 265 889 621 916 345 145 581 531 99 955 888 567 583 997 868 268 866 580 677 883 363 289 467 292 763 659 532 806 794 494 295 360 400 986 515 591 349 756 451 557 342 316 882 537 476 245 1074 333 780 699 337 206 582 360 460 683 881 579 414 976 517 569 383 367 270 295 484 893 536 865 510 534 272 528 298 379 727 57 799 656 51 493 379 517 733 302 447 543 957 432 917 143 307 610 426 919 953 300 323 600 345 896 676 609 436 204 743 626 156 703 520 691 820 500 518 597 44 502 234 700 632 642 496 971 703 495 541 301 711 671 825 592 707 286 311 456 339 103 306 680 504 379 440 1030 73 621 897 890 299 199 605 972 702 620 398 65 200 655 780 677 321 742 876 390 296 883 762 521 634 676 428 366 953 926 516 428 573 309 629 512 307 287 1088 244 559 178 264 745 689 598 354 818 835 533 411 317 497 320
306 0 221 494 568 388 427 569 25 509 228 423 531 428 242 596 285 530 569 354 529 464 317 801 224 96 584 626 707 381 229 466 357 220 650 582 447 316 714 663 382 575 417 371 579 365 190 193 522 530 368 419 505 497 260 200 107 166 682 458 290 75 564 246 272 344 181 621 316 464 421 782 44 489 470 511 102 369 83 491 433 634 336 308 677 354 484 456 175 499 78 491 588 366 569 408 227 260 464 249 345 423 266 569 356 282 271 456 262 481 309 265 289 654 297 687 424 38 324 374 617 651 238 281 492 89 596 467 475 131 285 447 493 405 418 542 398 522 198 222 362 285 282 370 424 443 363 327 677 484 364 527 388 406 512 548 292 429 42 138 276 399 252 190 463 383 75 321 735 233 349 590 606 481 334 312 668 526 358 141 328 257 434 555 502 136 520 658 224 356 618 502 446 371 523 180 379 672 622 211 272 316 46 442 447 284 112 793 338 491 183 331 438 551 303 235 582 531 288 174 327 427 37
526 221 0 389 488 465 579 440 199 301 444 451 310 400 378 378 471 327 381 207 323 361 111 612 69 276 375 743 579 508 445 527 395 442 442 361 447 177 549 543 546 402 384 161 371 478 327 180 712 394 217 493 285 281 269 332 222 242 474 507 128 185 470 244 175 464 336 444 316 593 602 599 206 323 348 680 320 292 199 639 290 471 231 421 484 342 505 586 290 690 264 627 366 343 385 435 34 406 505 380 489 222 488 431 182 504 229 587 236 327 482 333 186 447 338 538 635 232 139 500 396 450 405 400 492 224 403 372 518 107 463 232 533 610 274 679 238 336 32 124 259 507 297 573 241 440 244 319 492 437 380 646 539 200 525 403 132 244 241 266 340 534 461 316 422 460 156 420 547 454 189 374 443 656 516 115 461 520 213 211 550 460 331 490 502 289 398 524 329 503 489 334 541 285 541 226 495 511 413 11 360 261 220 376 492 413 293 603 505 581 381 520 225 513 100 370 436 309 266 192 497 474 217
752 494 389 0 860 843 919 783 471 298 616 265 400 789 425 538 557 575 232 570 291 730 445 393 325 587 329 602 910 865 617 355 273 652 362 417 837 551 265 883 876 190 773 303 317 841 671 300 1010 736 178 361 461 492 258 679 401 352 381 893 261 515 834 630 230 824 441 722 223 519 914 362 451 152 706 1005 583 676 413 585 641 770 611 400 312 732 894 942 386 987 465 554 447 733 219 823 355 748 892 731 484 262 697 765 224 709 619 942 237 661 535 320 572 352 721 849 890 471 490 458 512 326 483 758 882 419 266 743 320 387 779 474 323 884 127 593 172 214 416 289 637 715 253 666 560 208 145 709 285 125 769 533 880 282 271 104 257 557 534 609 314 886 733 665 134 354 426 377 338 683 547 380 179 974 827 462 363 236 577 361 741 589 702 123 236 431 751 853 372 847 131 650 423 122 288 327 857 222 344 389 350 181 526 759 878 766 466 389 832 439 676 594 312 897 446 420 762 442 219 568 537 859 462
745 568 488 860 0 351 548 129 566 644 759 934 568 162 807 489 847 373 759 289 668 129 415 943 558 522 689 1191 184 463 759 1002 874 717 739 602 196 312 939 138 561 804 165 563 695 426 460 658 737 158 681 962 481 441 750 452 648 694 763 296 605 493 39 323 664 437 748 292 801 1030 635 947 593 750 158 651 600 204 616 1060 223 245 258 867 826 229 235 499 727 726 646 1059 577 211 771 253 522 477 282 448 913 619 743 158 635 758 298 504 722 221 876 798 306 754 313 223 768 604 369 939 542 775 807 428 189 637 762 117 999 554 557 424 1015 719 733 1111 689 728 473 612 230 756 778 913 315 928 722 253 853 924 251 1092 527 594 1012 842 609 319 545 461 807 490 642 444 910 927 564 874 890 700 312 648 853 653 593 397 762 1009 283 660 802 807 158 971 990 700 126 167 775 504 933 252 1001 769 1028 689 434 914 720 493 817 750 526 126 287 447 680 933 549 1044 572 890 582 101 413 799 181 525 753 394 894 290 596
432 388 465 843 351 0 198 440 402 742 493 812 709 200 617 695 606 582 839 387 767 341 472 1063 520 299 809 983 535 112 493 852 746 437 873 757 155 372 1013 488 210 866 207 613 809 76 203 560 386 433 681 804 639 609 642 192 495 553 903 83 591 337 375 226 613 92 555 580 699 822 284 1055 430 789 379 304 359 278 467 832 401 555 324 687 935 176 138 158 563 375 458 843 745 192 845 98 496 166 95 153 703 678 448 460 648 459 257 162 634 442 645 654 327 883 129 562 425 425 437 741 740 893 594 119 176 477 856 330 863 459 229 566 881 374 738 890 703 796 435 554 321 455 666 640 471 828 699 179 949 860 126 889 176 653 900 869 595 478 348 250 664 138 331 198 840 768 432 704 1000 409 405 788 908 302 252 453 895 913 384 525 496 553 333 926 889 519 401 511 610 155 953 480 824 726 912 564 83 976 847 462 659 681 343 269 80 130 485 1054 204 868 287 638 665 272 460 612 483 682 663 275 664 66 425
319 427 579 919 548 198 0 638 449 876 430 829 860 398 606 866 553 760 960 556 899 536 616 1191 618 332 947 931 733 89 430 849 765 368 1014 910 353 533 1123 686 53 978 404 738 946 129 253 620 188 628 778 799 800 774 684 247 529 586 1045 259 691 408 574 374 692 129 551 773 739 777 97 1178 471 895 571 110 352 463 510 772 585 751 496 676 1063 364 323 68 578 178 474 791 903 382 964 296 603 174 274 198 667 801 358 656 754 363 415 63 689 630 596 672 486 1021 292 760 258 455 590 712 907 1027 567 182 366 510 982 526 868 537 150 727 887 206 832 831 805 914 547 637 500 356 704 552 644 859 783 359 1071 909 318 845 39 778 919 965 694 651 385 316 682 59 244 263 888 765 493 698 1126 330 570 936 1015 104 123 599 1035 940 554 566 384 493 524 982 915 528 597 709 619 75 1041 667 804 797 927 605 117 1083 986 573 666 743 393 466 264 166 490 1182 92 845 257 572 798 463 602 604 680 840 715 391 614 258 461
790 569 440 783 129 440 638 0 561 542 780 891 457 239 794 365 854 254 658 234 565 111 347 828 507 544 580 1174 140 549 781 967 836 747 624 486 293 267 835 102 642 706 233 481 586 510 502 620 824 47 608 932 370 329 710 496 631 669 647 401 542 494 89 342 609 516 740 162 757 1018 716 835 585 661 98 745 621 208 601 1054 150 119 232 848 715 282 346 597 710 811 643 1049 459 263 671 343 471 537 388 505 904 530 779 28 560 796 304 601 676 122 878 769 281 640 368 127 834 601 305 924 419 664 804 492 301 624 657 116 959 525 620 322 974 788 656 1101 611 631 433 564 206 795 738 932 224 877 654 298 746 861 321 1075 611 507 963 754 546 226 554 486 777 578 691 484 850 898 547 851 778 737 251 534 755 742 662 333 647 955 228 635 841 821 137 900 938 691 48 89 755 583 844 139 976 706 980 660 521 813 608 448 792 696 533 172 389 512 677 819 622 1018 613 899 488 227 350 786 51 412 706 400 895 388 590
330 25 199 471 566 402 449 561 0 484 247 410 508 430 241 575 295 512 543 341 504 458 298 776 199 116 559 625 700 400 248 457 344 243 626 558 453 304 690 657 405 550 418 346 554 382 207 171 547 521 343 411 483 477 242 217 93 151 657 470 265 74 560 247 247 362 182 608 299 464 445 757 29 464 462 535 127 364 65 495 422 622 328 304 652 357 493 476 167 524 82 493 565 368 544 416 203 279 474 267 346 398 289 560 331 305 268 476 241 470 316 253 280 629 305 677 449 40 307 373 595 626 243 298 498 77 571 462 463 106 309 427 482 430 393 545 373 496 177 197 354 308 265 385 408 427 339 329 652 465 371 526 410 381 498 523 267 413 63 151 264 419 278 206 444 375 50 315 710 257 335 566 581 505 358 293 643 511 346 123 350 271 428 535 487 134 513 650 216 377 595 489 441 349 510 162 397 647 597 188 263 294 59 440 458 302 116 768 361 486 208 342 414 553 283 233 572 509 268 172 334 437 29
814 509 301 298 644 742 876 542 484 0 711 520 103 623 579 242 702 302 115 379 25 521 270 321 285 576 74 863 651 800 712 614 497 722 141 120 682 379 295 633 845 165 606 140 70 767 627 370 1013 498 193 603 179 217 406 631 467 452 173 766 228 486 611 516 286 756 562 447 414 747 902 315 481 147 487 979 611 502 458 807 423 500 438 589 193 588 747 877 503 991 527 783 149 581 128 690 284 704 761 677 674 88 769 519 170 785 486 878 362 425 697 490 418 146 612 582 932 508 309 665 213 152 625 694 721 478 119 537 587 378 764 221 595 909 195 830 167 94 332 303 455 789 422 813 329 476 242 572 212 415 636 779 836 103 555 229 228 324 536 567 490 828 758 614 415 582 435 575 259 741 355 95 214 956 817 290 160 527 385 436 828 709 500 420 521 527 522 597 519 800 313 402 664 294 573 424 784 270 113 309 525 333 517 572 750 709 547 311 805 692 680 748 77 707 281 571 509 149 372 484 706 735 494
146 228 444 616 759 493 430 780 247 711 0 441 748 603 207 822 122 758 749 578 727 671 545 974 430 237 784 502 915 431 0 437 385 62 848 797 603 541 869 869 377 744 596 580 777 437 306 347 436 745 541 387 729 724 358 315 243 272 879 575 483 294 762 440 437 414 175 847 397 347 374 951 238 659 683 470 159 573 253 344 654 855 552 268 859 531 620 486 230 413 184 361 806 547 746 551 443 327 586 341 240 622 88 784 545 96 476 483 386 703 166 304 509 849 453 903 289 212 552 286 840 841 154 374 642 233 781 671 463 341 288 674 481 299 579 403 573 704 424 407 576 103 364 154 652 486 517 505 851 560 523 414 403 610 525 695 483 657 229 297 313 434 186 319 537 358 288 294 910 100 575 799 764 433 307 540 863 556 582 277 125 63 643 636 531 190 731 869 247 386 747 726 380 502 530 300 445 824 820 433 283 440 252 635 569 363 164 968 342 420 205 146 647 720 531 209 799 752 398 381 184 550 226
588 423 451 265 934 812 829 891 410 520 441 0 608 822 234 736 347 738 487 658 522 810 549 657 383 516 571 343 1029 798 442 94 66 494 616 639 854 627 525 994 779 452 808 459 559 786 612 276 874 845 335 97 644 665 184 622 316 259 638 880 362 479 918 641 287 764 281 875 134 255 797 625 381 393 799 894 477 732 345 322 741 911 676 177 576 753 900 869 253 851 359 289 665 761 475 824 420 676 884 671 244 452 530 880 376 538 648 868 214 776 312 159 628 607 712 984 731 387 587 207 724 585 288 704 901 334 522 819 69 382 680 631 83 738 325 327 355 457 462 327 705 545 156 441 682 60 282 726 550 152 775 268 794 460 89 370 359 683 464 561 148 812 603 614 135 99 388 150 604 531 639 614 445 858 717 560 620 114 664 289 558 395 779 220 89 302 849 974 210 767 377 777 157 226 100 252 800 484 593 444 164 204 468 815 867 704 340 654 737 175 572 371 501 943 543 234 884 640 185 566 307 847 386
837 531 310 400 568 709 860 457 508 103 748 608 0 568 640 138 755 207 210 327 119 451 244 376 318 584 122 947 557 779 749 702 578 751 172 51 630 336 380 543 835 264 552 172 129 744 620 424 1010 415 273 686 87 127 476 623 510 505 200 722 279 494 532 489 350 735 613 348 493 823 897 379 511 249 413 967 631 450 495 880 353 404 390 658 258 543 696 853 558 990 563 859 60 534 225 645 305 695 715 665 740 156 797 432 237 814 452 855 431 346 755 559 381 186 581 485 945 538 272 737 115 207 680 677 665 517 202 467 677 406 762 149 686 917 289 908 253 197 338 352 402 817 496 863 260 568 326 532 288 513 594 860 822 153 650 333 281 254 552 564 561 808 771 606 512 662 461 647 322 765 306 82 312 947 815 260 195 624 332 484 858 755 434 522 617 574 442 504 581 786 415 318 745 382 667 479 760 362 152 321 593 412 531 510 707 694 587 366 797 776 689 802 110 639 258 631 419 47 447 471 766 693 523
583 428 400 789 162 200 398 239 430 623 603 822 568 0 670 526 697 408 732 243 648 146 360 940 468 370 681 1054 341 310 603 882 759 559 740 611 63 247 912 293 405 768 16 514 684 271 300 548 585 234 613 839 488 452 639 292 519 570 768 170 527 355 179 184 573 279 610 384 694 892 479 937 459 702 186 505 446 120 487 916 224 355 186 735 815 74 129 357 597 573 507 919 593 62 741 103 435 314 158 285 772 577 583 260 571 597 175 361 618 256 729 676 217 752 152 362 607 466 316 802 576 768 664 265 98 506 742 133 883 440 395 418 901 558 669 969 628 693 377 516 167 595 667 757 310 824 644 101 836 834 88 955 373 551 905 791 531 317 399 308 686 338 480 285 818 802 438 745 881 540 267 650 815 503 432 340 762 908 238 537 640 654 145 890 887 564 201 312 645 346 880 295 871 685 920 571 281 880 717 402 691 654 383 71 156 285 540 930 389 916 411 738 550 123 353 663 283 533 649 259 748 150 459
353 242 378 425 807 617 606 794 241 579 207 234 640 670 0 741 132 705 592 566 590 696 490 804 334 318 647 384 934 585 208 242 178 259 706 683 689 529 688 893 554 576 659 468 638 579 413 216 639 752 391 193 644 651 180 424 162 138 735 693 360 315 800 487 293 556 61 821 202 224 566 777 213 496 696 663 262 604 193 261 650 843 562 71 698 596 724 652 88 616 164 255 700 609 586 648 362 466 699 467 110 493 295 790 409 304 508 650 220 694 118 105 513 703 538 905 496 204 514 132 746 690 57 501 734 170 627 701 263 276 456 605 281 504 415 307 422 550 373 289 590 311 175 242 618 279 353 569 683 356 606 285 573 488 319 515 358 621 275 374 111 595 372 420 333 159 247 92 742 297 554 674 588 627 489 493 717 348 571 167 327 166 665 432 323 106 747 883 60 548 556 707 207 323 326 161 591 643 679 368 78 264 288 681 682 498 133 798 514 251 352 173 530 794 478 8 800 656 219 413 127 662 211
894 596 378 538 489 695 866 365 575 242 822 736 138 526 741 0 846 118 344 310 256 391 280 470 408 630 244 1069 443 781 823 827 700 816 271 139 590 334 502 437 849 398 512 280 254 742 646 525 1032 331 401 808 96 99 589 647 596 603 289 692 387 544 450 494 463 737 707 229 614 937 917 482 584 388 349 977 688 418 576 991 301 288 372 768 369 520 655 849 655 1013 642 973 106 506 359 617 384 714 683 681 846 285 860 338 359 877 451 852 546 276 852 670 381 288 576 366 986 610 287 848 54 317 775 687 618 600 329 406 805 484 788 150 815 953 423 1023 385 335 398 452 374 879 612 950 224 699 455 515 405 649 571 979 830 275 782 471 390 216 608 598 674 810 816 630 646 782 534 760 427 824 296 189 445 961 841 289 293 759 312 577 923 838 382 661 750 663 364 395 684 795 551 240 865 512 800 580 757 490 262 389 703 534 585 460 677 706 670 461 816 899 731 895 235 574 295 732 320 97 565 497 865 667 596
258 285 471 557 847 606 553 854 295 702 122 347 755 697 132 846 0 798 722 636 715 748 580 936 439 327 771 381 992 551 122 326 300 184 833 800 704 599 820 947 500 707 689 583 763 554 410 332 551 815 517 278 750 752 310 420 249 250 862 687 477 359 846 524 416 531 141 901 334 224 495 909 275 626 755 590 253 652 272 226 717 917 621 170 829 624 728 608 198 529 214 239 814 639 716 656 461 442 696 453 120 614 204 854 532 206 554 605 348 765 44 237 574 830 552 972 397 254 597 168 857 818 77 486 746 247 756 751 356 364 410 704 373 415 545 284 549 679 458 403 647 214 307 111 700 399 483 597 815 481 622 291 525 607 423 647 476 705 302 389 243 555 309 421 459 254 321 197 874 223 629 795 720 553 430 580 845 458 641 270 216 60 719 557 434 183 805 943 189 508 687 783 263 455 426 277 564 775 805 460 207 395 322 721 679 478 181 930 464 300 320 48 647 818 567 138 866 767 351 456 61 660 267
815 530 327 575 373 582 760 254 512 302 758 738 207 408 705 118 798 0 416 206 322 272 217 574 374 549 329 1057 350 673 759 825 693 745 371 233 472 236 588 336 746 467 394 282 337 633 552 497 931 215 415 799 123 85 574 551 550 567 393 576 375 469 335 392 452 630 663 147 607 915 816 582 526 436 230 871 614 304 525 964 184 198 263 742 463 406 537 738 617 913 586 950 205 392 430 502 343 614 566 581 814 313 786 227 368 803 347 741 532 157 810 649 281 387 468 280 897 550 206 823 171 411 732 584 499 550 410 287 808 433 692 107 820 860 451 1001 408 395 339 426 261 805 599 896 118 710 467 404 495 673 457 963 725 294 795 526 379 111 535 509 654 702 730 535 666 769 477 738 525 747 197 281 516 858 744 218 393 778 207 538 850 782 264 698 766 616 247 297 653 691 613 121 853 524 813 548 648 569 355 338 679 533 511 341 561 603 617 565 715 890 645 846 263 455 230 696 213 160 557 407 824 551 536
866 569 381 232 759 839 960 658 543 115 749 487 210 732 592 344 722 416 0 489 93 635 374 232 348 646 104 829 766 890 750 580 478 770 130 207 790 485 181 749 926 54 715 226 93 858 708 402 1086 613 208 578 292 332 412 713 508 479 151 869 278 558 727 613 312 845 586 559 404 731 978 218 534 97 602 1060 670 612 505 795 537 614 546 588 109 692 854 967 527 1064 572 767 240 687 15 793 357 787 865 762 674 161 817 635 212 832 586 968 373 541 710 493 522 120 710 695 992 560 416 658 306 99 644 782 830 521 35 651 548 439 839 337 552 974 177 810 175 46 413 348 565 836 421 834 444 434 239 675 110 358 739 754 921 186 503 139 276 439 601 646 491 915 821 697 364 564 493 569 167 793 465 161 101 1034 892 394 133 469 495 472 871 739 613 344 468 559 637 712 533 885 209 518 640 276 520 450 875 154 111 387 527 329 585 684 853 795 585 224 884 662 748 765 181 820 383 585 624 258 373 572 716 837 547
618 354 207 570 289 387 556 234 341 379 578 658 327 243 566 310 636 206 489 0 404 159 125 696 275 354 438 942 374 470 579 733 601 556 497 373 304 37 670 336 540 528 227 278 440 431 346 385 724 189 392 697 253 221 476 345 403 437 526 395 316 284 266 185 378 427 514 268 523 787 610 694 362 467 141 666 425 123 373 827 85 280 63 616 571 216 369 538 479 706 422 820 359 206 499 318 238 408 388 375 676 338 595 226 346 612 141 541 443 128 656 535 75 509 265 339 692 382 80 694 353 525 580 378 341 397 498 172 725 292 486 180 740 654 445 872 401 453 199 330 76 612 504 724 88 646 432 207 592 636 267 844 520 312 731 558 320 96 349 308 543 499 529 329 623 664 320 619 637 554 24 409 576 652 537 107 520 725 6 403 659 611 131 681 707 465 191 319 523 485 648 148 743 481 748 426 447 640 474 214 559 465 326 195 379 397 456 687 508 784 444 684 308 333 124 557 234 296 473 207 673 366 369
833 529 323 291 668 767 899 565 504 25 727 522 119 648 590 256 715 322 93 404 0 546 295 296 304 597 57 865 672 825 728 616 501 740 122 126 708 404 271 655 868 145 632 162 50 791 649 384 1035 521 201 606 199 238 415 654 483 465 153 791 244 507 635 541 298 780 575 466 419 753 925 290 499 138 511 1002 631 528 475 814 447 521 463 597 168 613 772 901 516 1013 544 789 157 606 107 715 305 728 786 701 683 105 787 542 183 803 511 903 372 449 709 499 443 125 637 602 952 526 335 672 223 128 638 718 746 494 94 561 587 398 786 245 594 930 196 835 172 79 354 319 481 807 430 826 354 475 247 597 187 410 661 783 860 123 552 215 243 349 557 589 499 851 779 637 412 587 454 582 234 759 381 92 194 979 839 315 139 523 410 451 845 724 525 411 518 542 545 618 530 824 296 425 668 297 570 437 808 248 93 331 533 339 538 597 776 732 563 286 828 695 701 761 102 732 306 582 531 166 380 508 717 760 512
678 464 361 730 129 341 536 111 458 521 671 810 451 146 696 391 748 272 635 159 546 0 285 828 431 434 571 1078 244 447 671 881 751 636 624 490 207 184 816 199 536 678 135 434 575 406 390 534 720 91 551 843 367 328 626 384 534 576 650 315 476 389 108 231 536 411 639 239 676 920 610 829 483 622 42 645 511 98 503 954 98 215 135 753 707 174 269 500 613 706 540 950 468 155 646 248 394 426 303 394 804 491 668 123 505 684 195 504 596 114 774 679 184 638 258 238 724 498 239 827 442 658 702 383 229 525 640 16 876 434 509 303 892 679 604 1002 560 602 348 485 106 683 654 824 192 801 592 187 732 795 218 979 507 466 886 714 480 198 447 375 687 476 579 372 782 808 449 758 772 625 182 533 726 639 553 267 647 882 153 542 729 713 30 841 864 590 64 199 660 477 804 152 884 640 902 569 419 789 604 367 700 622 426 74 302 403 574 818 514 927 501 793 456 188 284 688 145 411 627 292 792 296 488
613 317 111 445 415 472 616 347 298 270 545 549 244 360 490 280 580 217 374 125 295 285 0 591 167 351 337 851 482 537 546 630 497 536 401 294 416 112 553 449 591 408 343 154 337 501 377 288 768 299 266 598 194 181 373 380 333 353 432 496 195 264 390 248 263 492 446 333 415 704 654 585 310 343 262 723 408 240 308 750 198 363 174 531 464 318 480 611 402 748 369 738 290 313 382 420 132 451 491 421 600 217 580 333 220 597 215 613 335 228 593 441 148 411 343 435 710 334 45 611 307 421 515 433 457 333 387 298 618 216 520 130 632 679 319 790 275 334 122 223 196 599 400 679 133 531 308 302 481 515 365 755 578 191 617 433 199 135 327 324 447 565 538 362 503 567 261 529 529 543 102 319 455 703 573 20 423 608 132 322 643 566 257 557 592 399 309 426 440 542 523 228 648 359 634 336 518 521 375 121 469 349 305 318 480 450 400 582 553 688 453 629 194 457 14 481 335 228 363 228 607 464 320
1095 801 612 393 943 1063 1191 828 776 321 974 657 376 940 804 470 936 574 232 696 296 828 591 0 581 879 258 985 914 1119 975 744 666 998 204 341 1001 699 138 907 1158 230 923 453 255 1086 939 628 1319 788 435 754 462 502 625 945 735 702 181 1087 510 791 907 837 539 1074 806 700 605 912 1211 36 766 315 790 1292 902 820 735 978 729 759 757 788 128 908 1066 1195 747 1297 800 946 369 901 231 1010 589 1018 1081 993 874 390 1045 802 444 1059 807 1197 590 722 919 700 739 189 933 836 1223 791 630 850 418 171 858 1012 1038 750 208 843 706 671 1072 524 706 1206 394 984 404 279 644 579 772 1064 629 1047 636 598 457 893 124 508 956 923 1152 413 647 292 509 630 834 878 696 1145 1054 928 523 748 725 767 65 1022 673 295 216 1267 1124 611 181 605 701 698 1098 958 810 462 613 783 817 865 746 1116 288 692 815 480 661 673 1103 175 224 618 733 540 818 885 1071 1025 812 9 1116 828 981 976 398 1016 602 797 787 418 584 801 923 1056 778
529 224 69 325 558 520 618 507 199 285 430 383 318 468 334 408 439 374 348 275 304 431 167 581 0 298 360 685 645 553 431 463 330 437 426 367 512 246 505 610 581 361 452 150 354 526 364 122 738 461 161 431 311 316 205 371 191 195 458 567 73 211 539 304 106 510 299 500 249 540 631 564 196 277 416 714 326 362 176 590 357 531 300 368 455 407 569 631 247 716 245 575 377 410 349 497 36 443 567 421 441 199 484 496 137 500 294 632 169 392 444 275 255 429 396 601 648 223 203 448 417 427 367 445 558 198 374 441 452 93 491 272 466 627 218 627 187 301 91 56 328 504 232 546 301 371 180 383 458 368 443 589 578 182 456 350 76 303 253 301 281 577 475 355 353 399 149 364 515 455 256 369 397 688 544 177 444 451 281 169 544 436 400 422 433 256 466 590 279 543 432 396 481 217 473 174 542 465 398 65 305 191 237 446 552 455 269 572 538 520 400 488 217 581 160 325 500 327 198 244 457 534 208
265 96 276 587 522 299 332 544 116 576 237 516 584 370 318 630 327 549 646 354 597 434 351 879 298 0 650 693 677 285 238 552 449 204 718 636 378 318 799 631 289 657 362 436 647 270 97 288 439 511 452 504 545 531 356 107 202 261 749 374 369 90 525 203 361 249 256 621 412 530 333 863 140 572 448 420 78 336 179 549 423 624 320 388 753 296 407 360 264 417 159 554 637 312 648 332 292 163 381 155 410 493 241 549 435 257 240 359 357 474 361 356 280 722 225 668 360 129 345 445 658 723 300 188 421 183 672 434 564 209 195 480 582 333 505 603 481 599 247 308 341 258 377 391 435 538 452 270 756 580 295 596 293 474 605 636 371 441 54 61 367 303 186 101 559 468 161 404 813 200 356 650 691 391 246 341 736 621 356 237 304 284 406 651 596 219 495 632 310 261 710 500 525 465 616 276 284 758 689 267 359 411 62 397 364 189 185 871 245 569 104 368 502 490 336 313 565 577 384 148 380 344 132
889 584 375 329 689 809 947 580 559 74 784 571 122 681 647 244 771 329 104 438 57 571 337 258 360 650 0 914 678 871 785 665 553 797 67 105 742 441 259 665 918 159 665 214 11 837 700 441 1087 537 256 658 209 250 471 704 540 522 99 830 301 560 654 585 355 826 632 467 473 806 976 258 555 180 534 1052 686 561 532 867 472 524 499 652 136 650 807 947 573 1065 601 842 138 643 120 753 358 777 824 750 738 162 843 555 240 859 552 949 428 468 765 554 483 74 680 605 1006 582 373 727 203 87 694 766 779 551 84 587 635 453 837 267 641 984 247 888 227 115 406 376 514 863 485 883 378 522 301 637 165 452 700 834 908 177 596 242 300 373 611 640 554 899 833 687 456 639 509 637 201 815 415 57 203 1029 891 356 87 565 443 508 902 781 552 446 562 599 564 626 587 872 313 441 719 349 614 494 854 245 38 383 589 393 592 626 814 781 620 248 878 745 755 817 150 758 349 639 542 169 435 556 773 799 568
621 626 743 602 1191 983 931 1174 625 863 502 343 947 1054 384 1069 381 1057 829 942 865 1078 851 985 685 693 914 0 1314 932 502 249 369 563 959 981 1070 907 848 1274 878 792 1043 789 903 935 783 563 903 1130 674 261 975 991 483 794 544 504 981 1063 684 699 1183 872 608 912 444 1185 455 162 866 950 598 736 1076 958 625 988 575 160 1027 1214 944 325 915 980 1100 988 465 883 547 141 1005 993 818 1026 719 822 1071 830 282 791 575 1168 711 572 893 985 525 1068 339 410 894 950 917 1280 743 588 882 252 1062 927 392 864 1114 554 865 1084 282 649 790 952 280 773 668 101 696 801 744 631 972 579 459 391 985 395 621 953 886 479 987 99 905 796 337 706 681 987 655 752 404 936 687 792 468 288 629 323 936 600 928 957 780 921 808 859 962 380 947 538 563 438 1048 523 371 491 1128 1261 419 888 697 1077 204 568 323 517 944 809 937 734 383 536 670 1065 1054 857 514 982 844 171 700 359 838 1177 842 392 1176 976 504 798 320 1035 595
916 707 579 910 184 535 733 140 700 651 915 1029 557 341 934 443 992 350 766 374 672 244 482 914 645 677 678 1314 0 648 915 1107 975 879 714 577 380 408 937 47 745 816 340 607 686 610 627 759 921 185 737 1071 473 434 849 621 772 810 733 480 676 632 162 474 745 620 880 214 895 1158 819 925 724 779 238 835 755 341 741 1194 289 155 372 988 810 399 418 684 850 911 782 1189 547 380 779 437 609 654 465 623 1044 651 909 148 689 925 439 689 814 254 1017 909 421 731 485 80 948 740 442 1065 496 757 943 606 372 764 759 243 1097 665 736 438 1112 900 782 1241 737 743 573 701 345 923 877 1068 352 1013 785 419 843 993 429 1216 711 629 1100 871 680 354 691 618 917 674 815 610 983 1038 687 992 870 866 390 627 866 837 774 469 736 1090 368 776 969 958 272 1029 1074 831 187 56 895 687 960 259 1116 839 1116 800 618 919 702 587 933 831 670 287 471 626 816 904 731 1158 739 1037 605 278 486 926 148 509 844 536 1034 475 730
345 381 508 865 463 112 89 549 400 800 431 798 779 310 585 781 551 673 890 470 825 447 537 1119 553 285 871 932 648 0 431 827 732 371 937 829 268 449 1057 600 99 911 316 665 870 40 194 569 275 539 715 777 717 689 641 185 487 546 968 183 626 349 487 291 635 44 526 684 698 774 171 1108 425 829 482 199 324 374 464 776 497 662 409 656 990 275 245 77 545 263 439 791 821 293 894 210 535 122 197 134 659 729 372 567 688 381 330 78 641 541 593 639 402 945 205 672 318 414 508 701 822 953 553 108 286 469 910 437 842 478 145 644 861 266 770 835 740 844 476 578 412 375 663 568 557 823 724 270 1000 865 229 841 63 705 887 903 629 565 339 255 650 29 252 199 844 742 440 676 1054 337 485 856 949 192 151 519 958 905 468 522 411 494 435 936 881 497 508 622 589 50 982 578 789 744 898 562 29 1017 910 503 638 693 341 377 185 98 460 1110 103 832 234 577 723 383 523 581 591 757 668 317 612 176 417
145 229 445 617 759 493 430 781 248 712 0 442 749 603 208 823 122 759 750 579 728 671 546 975 431 238 785 502 915 431 0 437 386 62 849 797 603 542 870 869 377 744 597 580 778 437 306 348 435 746 542 388 730 725 359 316 244 272 880 576 484 295 763 441 438 414 176 847 397 347 374 951 239 659 684 469 160 573 254 344 655 856 553 269 860 531 621 486 231 413 185 361 807 548 747 551 444 327 586 342 240 623 88 784 546 96 476 483 387 704 166 305 510 850 453 904 288 212 553 286 841 842 154 374 643 233 782 672 463 342 288 675 481 299 580 403 574 705 425 408 576 102 364 153 652 487 518 506 851 561 523 414 403 611 525 696 484 658 230 298 313 434 186 320 538 358 289 294 911 100 576 800 765 432 307 541 864 556 582 278 124 63 644 637 531 191 732 870 248 387 748 727 381 503 530 301 445 825 821 434 284 441 253 635 569 363 165 968 342 420 205 146 648 721 532 209 800 753 399 381 184 551 227
581 466 527 355 1002 852 849 967 457 614 437 94 702 882 242 827 326 825 580 733 616 881 630 744 463 552 665 249 1107 827 437 0 132 495 709 733 909 700 610 1069 797 544 869 549 654 819 649 347 873 921 428 50 735 754 257 660 364 311 731 925 449 530 989 698 373 797 300 960 217 179 806 711 428 487 873 903 503 798 395 245 817 993 746 172 668 810 950 895 290 850 393 209 758 820 569 874 498 707 930 705 208 545 525 958 468 530 710 893 294 855 285 205 697 701 762 1064 722 428 666 162 817 678 285 739 955 380 615 889 40 448 699 718 51 736 419 240 449 551 535 406 775 537 230 404 764 147 375 783 641 235 828 178 816 552 113 460 446 765 504 603 196 838 613 654 221 84 444 150 693 534 716 708 534 867 731 640 713 156 739 345 542 381 850 292 139 333 924 1052 242 791 460 858 80 320 108 313 832 569 687 519 194 294 512 880 913 737 368 741 756 83 595 338 594 1004 623 245 963 732 268 623 275 893 430
531 357 395 273 874 746 765 836 344 497 385 66 578 759 178 700 300 693 478 601 501 751 497 666 330 449 553 369 975 732 386 132 0 435 603 613 790 570 539 938 715 449 745 420 543 720 546 217 814 790 305 107 607 624 125 556 250 193 628 814 318 414 860 577 241 698 219 827 86 253 735 635 315 381 742 831 412 671 279 317 686 861 617 131 575 689 834 804 187 790 293 289 636 697 468 758 366 610 818 605 211 422 473 826 341 482 585 803 162 722 270 93 568 597 647 932 674 321 533 184 693 577 234 637 836 268 513 760 124 320 615 587 141 679 306 334 330 443 404 274 646 489 98 401 631 101 254 662 552 182 710 282 729 426 155 374 315 632 398 495 82 746 541 548 160 86 323 106 608 471 584 592 449 796 654 507 610 175 608 224 505 343 721 257 150 236 793 920 147 701 397 726 167 204 166 188 734 496 579 387 102 166 402 754 802 638 275 661 672 198 508 330 469 881 490 176 830 606 136 502 269 781 320
99 220 442 652 717 437 368 747 243 722 62 494 751 559 259 816 184 745 770 556 740 636 536 998 437 204 797 563 879 371 62 495 435 0 862 801 554 519 898 832 315 768 553 587 790 378 259 369 380 715 562 445 725 717 394 267 262 301 893 520 497 275 723 405 459 356 218 824 438 409 313 976 241 682 652 409 131 538 265 405 628 828 524 324 879 488 567 424 267 357 198 423 808 505 768 500 446 271 531 288 301 635 47 753 561 62 443 421 418 678 228 349 484 864 407 872 240 214 538 347 838 858 210 319 592 248 800 636 520 345 227 666 538 244 605 464 595 724 418 423 546 66 403 203 634 536 544 464 874 605 476 476 341 620 579 726 497 640 210 260 359 372 124 273 582 414 290 349 933 38 556 807 792 372 245 529 878 608 559 300 107 125 610 681 583 221 698 835 292 325 783 703 441 535 585 329 386 854 834 432 332 473 233 595 514 307 188 991 280 481 151 206 655 673 521 260 769 752 433 352 246 497 229
955 650 442 362 739 873 1014 624 626 141 848 616 172 740 706 271 833 371 130 497 122 624 401 204 426 718 67 959 714 937 849 709 603 862 0 138 801 503 236 705 985 176 724 282 71 903 767 504 1154 584 315 706 257 298 528 771 605 585 31 891 366 627 703 649 416 892 694 501 526 857 1043 211 622 223 586 1118 752 621 597 920 526 559 559 708 99 712 867 1012 635 1133 666 893 167 704 143 814 426 844 885 816 794 227 909 598 303 925 616 1014 486 517 825 611 546 17 744 638 1074 648 436 781 222 49 755 832 837 616 96 640 677 520 905 322 682 1051 298 937 284 160 473 441 573 929 540 944 433 564 356 699 138 488 762 882 975 244 633 265 365 426 678 707 610 964 900 754 495 690 576 691 155 881 475 91 210 1096 958 420 22 599 502 572 967 844 607 472 599 662 613 664 646 939 322 488 768 399 651 556 919 233 28 450 646 448 659 682 875 847 684 194 945 791 822 878 217 812 414 698 584 214 491 622 832 861 634
888 582 361 417 602 757 910 486 558 120 797 639 51 611 683 139 800 233 207 373 126 490 294 341 367 636 105 981 577 829 797 733 613 801 138 0 674 384 362 567 886 262 596 218 115 793 671 468 1062 446 307 720 123 162 516 674 557 550 161 768 323 545 565 539 391 785 659 365 529 861 949 349 560 264 451 1018 681 494 543 920 393 422 436 699 232 590 740 902 603 1041 612 897 33 580 222 692 355 746 761 716 782 192 847 460 276 864 501 905 471 381 800 600 429 153 630 502 996 587 321 777 98 180 725 728 708 565 190 506 707 456 813 193 715 968 315 945 284 205 389 397 447 867 534 909 301 596 359 579 267 535 641 896 872 194 675 340 324 295 603 616 601 858 822 657 536 698 511 686 293 815 352 50 308 998 867 311 160 647 377 531 908 802 475 538 641 620 476 527 624 836 416 350 780 413 693 524 810 350 124 371 634 447 582 551 753 744 635 332 848 810 740 848 153 678 309 675 446 78 485 522 810 739 573
567 447 447 837 196 155 353 293 453 682 603 854 630 63 689 590 704 472 790 304 708 207 416 1001 512 378 742 1070 380 268 603 909 790 554 801 674 0 304 970 333 366 825 78 569 745 231 296 584 541 293 663 864 551 516 674 287 544 598 830 109 576 379 221 214 616 243 628 444 730 907 439 998 482 756 249 456 451 180 513 927 288 411 244 756 875 105 65 305 620 530 525 932 657 104 799 59 481 294 96 269 787 633 573 315 623 587 218 310 655 319 739 704 270 813 152 410 576 486 374 820 640 829 678 243 46 530 801 193 913 476 371 481 931 526 719 982 680 751 421 558 228 584 700 756 374 860 691 130 895 876 82 972 331 607 939 844 580 381 414 317 714 294 464 283 858 828 467 768 941 531 327 712 871 457 402 396 824 945 299 566 627 657 209 934 923 584 259 357 669 309 932 358 893 729 953 602 238 937 778 448 716 695 401 133 96 261 556 991 356 938 403 743 609 121 408 683 340 596 687 288 758 95 481
583 316 177 551 312 372 533 267 304 379 541 627 336 247 529 334 599 236 485 37 404 184 112 699 246 318 441 907 408 449 542 700 570 519 503 384 304 0 665 369 515 521 230 266 443 411 315 353 698 223 373 664 268 240 444 315 366 402 533 388 293 247 292 159 351 405 477 305 493 751 583 694 325 455 172 643 388 128 336 791 120 317 61 581 572 209 368 520 443 680 385 784 373 202 494 311 210 380 382 347 640 330 559 261 328 576 118 522 413 166 619 501 47 514 246 376 661 344 69 658 373 527 543 353 345 360 497 195 693 257 457 195 709 624 427 836 385 446 165 301 85 576 472 687 118 617 410 196 591 611 258 808 497 303 702 545 297 125 312 274 509 478 495 298 597 630 283 584 638 518 39 417 568 627 508 92 525 697 41 368 623 573 154 659 679 428 223 354 487 461 635 185 708 457 718 392 427 633 478 183 525 437 289 207 372 371 419 689 481 750 410 646 304 346 106 521 270 310 443 172 635 358 332
997 714 549 265 939 1013 1123 835 690 295 869 525 380 912 688 502 820 588 181 670 271 816 553 138 505 799 259 848 937 1057 870 610 539 898 236 362 970 665 0 923 1086 146 896 402 251 1027 869 530 1237 792 347 622 466 506 513 876 637 598 230 1046 432 716 906 787 444 1013 696 727 485 781 1133 102 676 228 782 1219 813 792 642 848 718 783 726 666 137 871 1033 1134 638 1214 703 814 395 866 171 971 521 949 1043 926 750 337 944 811 368 958 763 1136 482 720 800 582 700 218 884 864 1131 699 596 723 456 187 744 948 1010 654 178 831 572 590 995 516 570 1118 296 850 318 219 581 492 746 964 513 930 625 466 355 853 97 374 916 789 1083 363 510 173 429 620 751 807 577 1081 965 860 390 619 640 643 107 926 646 312 108 1191 1046 573 219 468 676 599 994 847 794 325 477 679 816 885 632 1048 151 696 682 367 524 570 1044 44 240 553 613 429 737 865 1031 960 710 137 1043 693 898 858 362 1001 561 682 800 427 472 741 802 1014 688
868 663 543 883 138 488 686 102 657 633 869 994 543 293 893 437 947 336 749 336 655 199 449 907 610 631 665 1274 47 600 869 1069 938 832 705 567 333 369 923 0 697 798 292 580 673 562 580 722 874 149 709 1033 457 417 812 573 730 770 725 435 644 588 114 428 711 572 837 211 859 1117 771 916 682 757 197 789 709 296 699 1152 252 153 330 948 799 351 373 638 809 864 739 1148 538 332 762 390 573 606 420 575 1002 628 862 117 661 877 394 643 779 222 973 870 379 721 438 97 900 697 408 1024 491 747 900 558 327 722 745 197 1061 626 688 416 1077 852 756 1200 711 724 535 666 302 876 840 1022 324 980 755 371 831 963 381 1175 664 604 1066 850 648 325 646 572 878 627 767 563 952 999 646 952 860 819 354 616 848 791 726 435 727 1057 330 736 922 912 228 1001 1041 788 146 45 855 639 939 234 1077 808 1083 761 571 903 691 550 893 798 625 239 425 578 773 897 683 1119 692 992 583 235 452 885 124 496 808 491 991 428 687
268 382 546 876 561 210 53 642 405 845 377 779 835 405 554 849 500 746 926 540 868 536 591 1158 581 289 918 878 745 99 377 797 715 315 985 886 366 515 1086 697 0 942 409 706 916 135 218 576 185 628 739 747 779 755 638 214 482 539 1016 282 653 369 583 355 651 125 499 770 692 724 74 1144 426 858 569 134 303 456 465 719 577 751 483 624 1031 362 344 115 528 170 426 738 881 381 929 307 569 140 297 170 614 768 305 658 718 311 399 111 644 624 543 622 468 992 283 766 220 409 568 659 888 996 514 162 385 464 949 527 817 497 99 707 835 168 793 778 767 880 514 596 490 304 656 500 629 810 742 353 1037 862 320 791 37 746 868 925 656 636 342 280 632 79 190 231 840 713 451 647 1093 277 553 909 977 112 70 575 1005 890 539 520 334 440 521 936 865 478 599 717 568 58 999 660 751 754 877 559 128 1045 957 539 616 699 351 469 285 143 440 1149 43 793 207 519 768 482 577 552 681 817 669 364 561 275 416
866 575 402 190 804 866 978 706 550 165 744 452 264 768 576 398 707 467 54 528 145 678 408 230 361 657 159 792 816 911 744 544 449 768 176 262 825 521 146 798 942 0 752 256 147 881 725 398 1096 660 207 545 344 382 396 731 506 472 192 900 288 572 772 641 309 867 576 611 381 701 991 208 539 86 646 1075 675 649 507 766 581 665 582 565 125 725 888 988 517 1074 571 736 295 721 39 825 375 804 896 781 652 191 815 683 223 829 617 989 360 587 693 474 555 164 737 747 996 563 452 632 361 136 630 802 866 520 80 693 509 448 852 383 513 981 164 778 176 75 434 352 603 834 402 819 489 397 226 707 107 315 770 720 938 217 461 89 286 484 610 662 470 936 827 715 324 534 500 545 166 793 504 216 49 1048 904 428 174 425 534 468 867 728 655 295 426 553 683 762 517 903 154 566 607 253 477 443 898 112 162 407 507 311 596 723 885 814 581 223 899 627 757 749 221 861 416 569 674 311 356 595 697 868 551
580 417 384 773 165 207 404 233 418 606 596 808 552 16 659 512 689 394 715 227 632 135 343 923 452 362 665 1043 340 316 597 869 745 553 724 596 78 230 896 292 409 752 0 497 668 276 295 534 590 225 597 826 473 437 625 287 506 557 752 182 511 344 178 171 557 283 599 374 680 881 483 921 447 685 175 512 439 103 475 906 210 347 169 723 798 65 144 365 585 578 496 908 578 50 725 113 419 313 171 283 762 560 578 252 555 593 161 369 603 243 720 663 201 736 148 357 607 455 299 791 561 752 654 265 114 493 725 123 870 426 395 403 887 560 653 959 612 677 361 501 151 591 653 750 295 810 628 91 819 819 89 944 378 534 891 774 515 302 389 300 673 344 477 279 803 790 425 733 864 535 251 634 798 508 434 323 746 894 222 524 636 646 132 874 873 553 193 308 633 350 864 282 859 669 906 557 287 864 701 386 678 639 373 62 167 285 529 914 391 904 407 730 534 135 336 652 276 517 635 247 739 161 448
677 371 161 303 563 613 738 481 346 140 580 459 172 514 468 280 583 282 226 278 162 434 154 453 150 436 214 789 607 665 580 549 420 587 282 218 569 266 402 580 706 256 497 0 210 633 488 252 873 433 132 528 186 205 309 493 339 333 313 644 108 345 535 387 183 621 441 426 334 657 763 442 345 189 406 840 472 395 326 713 341 470 328 490 325 469 632 742 385 851 395 693 232 465 232 569 144 566 640 540 570 65 634 462 85 650 361 744 265 358 583 391 299 287 483 548 792 372 199 569 279 289 508 558 611 347 244 448 529 241 624 176 540 769 175 743 130 183 192 179 350 654 331 691 256 428 185 451 336 391 514 698 699 40 513 280 110 254 396 427 394 692 619 476 384 501 297 480 389 603 253 220 301 817 677 174 300 495 284 312 694 584 408 422 483 402 450 550 410 663 370 347 585 242 531 307 650 368 253 168 425 255 377 472 629 572 417 444 666 619 540 630 67 611 160 459 458 189 285 348 594 612 358
