297
0 820 375 890 897 367 654 762 357 816 531 965 746 723 525 800 196 982 628 742 149 738 126 214 815 389 82 481 361 291 671 732 477 424 589 258 797 211 655 475 579 66 215 416 114 199 706 553 674 460 568 741 901 857 570 922 910 1054 722 245 913 778 324 570 808 751 646 782 712 880 1014 731 734 132 100 667 217 765 354 469 465 358 502 444 524 641 374 611 368 745 858 760 556 592 682 570 405 543 889 446 325 746 280 319 34 619 817 531 542 432 411 810 833 959 467 707 185 829 665 771 120 505 665 713 522 588 802 223 664 31 796 415 560 727 422 67 212 260 140 128 147 393 719 347 359 595 766 395 513 918 906 704 497 530 712 922 266 102 192 480 603 654 393 562 679 421 746 407 127 640 434 597 702 629 152 499 377 761 635 279 250 770 321 567 694 769 540 418 815 477 1052 389 475 278 547 470 807 806 371 761 734 370 352 197 447 378 786 933 338 248 671 193 546 392 472 376 202 631 315 575 514 316 691 878 683 266 594 783 728 509 96 642 935 144 502 489 662 389 276 116 443 1097 882 829 449 372 704 671 212 645 226 821 488 720 187 682 483 813 467 573 101 78 601 683 167 904 364 530 977 816 714 408 752 417 684 677 83 625 458 577 864 866 229 671 635 919 441 811 421 472 668 466 97 734 33 284 927
820 0 716 968 818 567 500 747 752 1027 648 639 208 1108 667 913 637 857 512 1270 898 1103 834 871 176 798 740 371 603 561 1139 92 433 739 940 964 517 632 900 911 999 762 967 437 886 636 491 1003 176 472 252 716 950 942 575 825 777 861 451 686 897 1293 543 250 703 1166 1033 1295 1069 494 698 374 97 896 768 915 788 697 917 455 484 909 1062 733 660 795 1046 305 454 539 455 743 376 584 776 1130 419 277 645 412 956 691 622 518 832 994 906 963 773 423 1011 701 42 667 353 117 635 69 702 321 868 907 562 111 822 234 1050 601 1096 789 837 415 857 893 1035 754 843 732 827 698 910 637 703 473 490 231 694 858 465 660 839 840 1000 293 1183 668 961 908 882 417 511 365 436 339 271 399 1182 554 704 400 436 440 447 698 668 337 966 350 626 946 574 568 539 269 914 317 1053 987 54 372 774 521 366 542 475 1063 256 896 726 779 808 972 808 626 522 872 995 763 486 724 522 920 309 852 350 652 756 401 510 823 1040 982 129 951 371 557 254 111 509 994 730 676 810 839 865 695 650 831 958 890 1036 841 507 687 522 484 137 176 881 838 796 672 901 306 750 1065 774 204 916 1139 778 899 242 230 703 476 755 306 683 995 1145 437 77 985 343 952 853 420 845 690 334 685 993 202 783 798 1060 94 810 1029 278 360 845 889 804 916 911
375 716 0 521 523 157 342 389 40 470 169 624 558 444 158 431 264 608 314 563 525 449 274 579 631 82 329 354 119 445 443 625 282 53 274 633 477 244 303 203 308 379 351 301 335 260 394 301 639 243 512 371 529 487 234 548 540 684 426 142 538 591 222 511 442 493 360 594 417 572 666 467 663 507 275 318 170 397 211 260 233 200 346 70 159 268 355 420 403 416 562 387 347 250 307 414 360 493 540 515 266 379 500 429 409 323 446 262 170 505 301 445 746 611 440 601 310 693 293 526 494 211 329 637 169 503 467 289 410 361 421 453 213 361 325 354 569 114 258 367 522 79 349 350 270 554 400 141 262 568 532 332 286 454 489 571 304 468 264 298 292 408 439 379 478 398 501 162 381 379 290 326 409 257 336 395 259 505 278 277 293 432 465 553 339 527 340 274 686 519 693 202 367 346 272 349 588 435 11 386 358 267 97 295 195 158 437 566 325 127 349 307 409 136 416 63 519 372 396 213 325 302 607 508 427 301 585 732 409 282 309 274 563 508 180 115 300 114 295 491 322 732 570 468 195 264 651 539 579 278 167 461 199 489 501 398 118 617 206 423 439 424 584 505 225 604 40 530 627 461 463 480 638 271 443 338 458 357 144 205 613 507 377 655 260 547 349 664 101 312 467 470 469 368 342 240 551
890 968 521 0 189 613 474 221 533 151 411 452 760 356 404 90 779 229 469 572 1039 334 775 1099 809 502 850 730 590 941 459 902 643 469 343 1147 467 757 246 452 402 900 800 716 826 775 477 437 982 613 876 254 33 33 439 202 248 314 518 663 109 569 695 873 272 404 359 567 321 536 440 596 965 1021 793 238 674 271 589 624 596 579 561 450 408 254 701 691 862 431 562 226 643 419 231 568 792 869 381 962 655 277 1007 913 925 351 76 426 350 956 611 275 1009 415 851 887 825 913 290 655 1011 418 412 942 370 845 195 796 410 879 133 899 336 164 625 875 1090 633 759 888 1034 536 269 812 722 917 274 512 576 386 172 189 499 824 474 381 728 975 737 659 479 608 893 683 702 828 434 583 901 576 691 551 520 311 854 769 605 625 364 697 793 406 955 937 207 659 505 578 918 950 402 635 752 837 542 602 731 88 523 192 180 618 542 808 574 537 153 284 790 647 449 770 745 513 817 544 1040 579 877 314 522 692 914 16 598 795 964 1038 460 479 830 320 231 1028 400 421 332 510 714 1004 601 390 524 299 573 708 975 820 1099 244 666 311 433 662 1022 352 407 783 465 578 960 927 957 745 746 573 526 931 415 116 417 937 903 577 626 249 974 560 441 351 687 320 819 1011 264 230 634 881 472 558 697 892 987 155 857 665 106
897 818 523 189 0 567 352 134 548 323 370 263 610 512 373 200 752 85 357 730 1046 493 797 1093 650 534 843 635 555 887 605 762 556 479 442 1154 302 730 337 528 514 893 851 639 855 748 337 546 857 535 764 159 158 182 360 26 58 169 371 654 86 733 646 761 120 567 490 732 471 356 253 445 828 1029 797 337 692 148 652 541 519 641 670 457 374 276 785 566 791 282 386 137 534 337 224 693 713 761 196 878 721 164 960 853 930 470 175 523 371 875 698 121 860 226 759 750 795 758 233 497 1014 495 297 807 415 728 365 760 553 880 131 819 399 255 717 868 1079 638 780 867 1044 509 182 746 658 802 148 564 486 198 20 234 598 717 629 192 787 992 775 569 375 476 817 571 563 745 595 530 881 448 610 438 379 267 830 669 680 468 281 755 750 251 896 829 309 502 619 662 765 859 227 576 658 785 446 704 569 176 529 139 182 693 575 777 508 592 310 96 726 649 324 814 635 563 723 523 1017 453 817 360 629 760 781 176 458 748 852 898 314 579 822 258 51 1024 463 408 248 553 774 1013 696 235 343 131 507 642 843 686 1095 296 687 145 507 514 999 495 430 623 541 704 950 947 843 606 738 391 542 829 227 282 572 859 759 661 486 366 979 438 494 319 515 139 874 888 277 43 731 726 510 657 560 800 988 243 864 719 97
367 567 157 613 567 0 286 435 188 593 203 599 428 595 209 527 189 647 261 721 505 599 313 536 501 238 296 199 37 328 600 475 139 196 423 609 430 168 429 360 463 343 430 143 376 185 338 458 482 107 355 408 613 579 213 589 568 710 356 139 604 749 82 354 463 646 513 752 565 513 651 372 508 492 274 445 235 423 349 121 105 341 499 201 204 362 482 286 258 379 493 431 216 236 382 569 205 335 527 367 391 405 396 300 396 474 536 419 284 359 443 464 595 595 283 451 229 550 339 421 472 366 303 483 308 348 598 193 565 342 493 304 351 469 467 321 519 171 301 306 508 89 385 206 118 397 424 295 150 556 581 428 443 297 646 561 406 470 339 152 236 300 293 239 350 244 656 40 320 280 134 233 336 308 266 239 398 407 287 386 183 405 342 396 460 421 497 421 541 367 694 46 211 223 181 496 472 524 166 445 435 404 242 211 79 307 558 585 181 168 304 382 258 290 259 95 452 271 265 337 480 420 453 598 327 183 428 577 360 440 276 310 597 471 332 199 319 269 401 478 468 744 515 478 81 109 495 392 540 388 240 468 356 375 434 549 252 492 363 578 395 436 426 370 201 539 192 373 614 576 618 336 490 418 334 473 439 263 300 262 513 511 457 497 351 580 492 524 258 464 339 316 444 472 337 353 619
654 500 342 474 352 286 0 253 381 528 193 314 296 627 213 413 472 416 28 814 792 619 589 817 356 405 582 288 295 565 678 429 218 332 473 893 143 452 412 482 542 629 688 305 652 468 53 556 510 210 412 220 459 446 111 367 329 458 85 416 418 832 345 409 231 688 562 833 586 232 369 147 491 779 559 425 495 210 546 210 199 535 648 315 208 302 693 217 455 95 220 248 182 105 277 703 375 409 251 532 607 199 642 525 683 525 407 518 308 530 628 230 539 314 410 413 507 451 202 213 758 466 62 468 367 377 552 466 629 629 341 476 390 394 652 607 798 428 575 586 794 280 205 417 339 450 208 461 154 278 370 341 575 365 718 284 646 756 598 228 51 135 477 218 229 403 708 246 600 102 276 87 72 204 546 319 591 185 129 620 449 127 568 476 420 216 621 596 453 510 420 273 311 470 113 664 289 398 353 282 308 601 435 488 208 485 496 334 402 432 27 642 282 457 375 300 724 104 491 349 616 643 440 457 130 442 500 563 73 563 563 178 363 755 421 258 150 437 637 765 642 476 231 230 206 322 501 346 822 347 496 217 466 200 708 588 334 334 491 714 678 721 492 272 487 262 380 477 333 495 673 517 431 594 157 464 726 87 418 211 285 251 715 540 291 348 674 418 400 620 223 452 730 390 623 582 433
762 747 389 221 134 435 253 0 415 299 235 304 540 451 238 171 618 219 250 664 911 436 663 958 591 405 708 520 421 759 531 681 436 346 345 1019 258 596 246 413 420 758 723 516 722 614 256 447 763 412 660 33 206 195 234 159 154 296 298 519 173 672 515 657 83 511 410 672 408 342 322 376 744 895 662 252 559 55 530 420 396 518 566 324 239 157 667 471 667 214 361 4 426 212 102 600 592 655 215 760 599 56 830 726 796 383 160 419 243 755 583 86 788 276 644 666 661 693 98 437 880 383 191 721 294 628 333 627 478 745 90 699 286 184 604 733 944 503 647 733 909 375 52 620 531 700 59 439 368 234 146 141 492 610 562 232 661 857 644 452 263 387 695 466 480 626 537 399 747 355 489 333 300 132 696 557 561 407 155 630 618 193 769 723 231 441 521 548 698 744 324 447 543 655 330 597 514 152 395 35 85 574 445 643 380 467 274 186 600 514 228 684 529 438 609 389 883 358 690 243 527 638 693 204 376 617 749 816 240 474 687 125 174 889 346 273 121 426 648 879 585 351 332 118 379 515 754 599 960 190 554 123 393 441 866 424 301 565 426 611 815 813 741 524 603 381 409 719 286 261 508 738 682 546 405 289 844 340 371 185 478 157 746 792 155 158 620 661 382 550 475 685 853 175 729 593 188
357 752 40 533 548 188 381 415 0 471 204 660 597 427 191 443 268 633 353 534 507 434 249 565 670 53 319 387 151 455 418 661 319 68 262 615 515 249 304 177 286 368 316 331 307 264 433 275 670 280 543 399 543 500 273 573 568 711 466 141 557 563 245 543 473 473 343 566 403 611 700 507 696 489 260 318 144 427 171 297 271 161 311 90 193 284 315 459 423 454 601 413 386 288 327 380 386 523 574 535 226 409 505 442 392 307 460 239 184 525 262 475 781 645 467 637 313 730 321 566 478 190 366 671 169 536 464 297 388 346 440 474 211 370 286 343 558 100 232 363 503 117 378 370 296 585 430 107 301 602 555 346 255 485 464 604 266 446 231 334 332 448 459 416 517 423 479 198 376 419 322 366 449 286 335 428 219 545 312 238 305 469 477 581 342 567 309 236 723 542 725 234 399 359 312 311 628 448 29 409 378 228 57 299 233 120 438 595 345 115 387 273 444 101 445 100 513 412 411 219 292 262 641 521 468 314 613 765 447 253 299 304 590 495 167 145 332 81 256 472 284 761 609 499 234 292 684 576 566 288 139 494 177 529 495 381 126 657 178 389 428 400 613 543 218 643 7 556 661 465 441 499 674 233 483 335 441 397 125 234 653 539 342 685 278 574 310 702 80 276 506 495 453 378 324 201 570
816 1027 470 151 323 593 528 299 471 0 408 579 824 205 394 130 735 377 515 420 962 183 694 1030 881 430 789 743 563 912 310 952 655 417 233 1068 558 715 167 349 274 836 697 717 738 731 545 310 1015 620 900 325 184 143 461 341 380 464 589 611 255 417 674 898 373 252 220 416 173 640 576 666 1010 943 725 152 600 354 487 633 603 478 429 403 401 241 579 732 851 510 661 303 673 447 251 426 790 888 498 958 547 353 971 891 851 223 150 309 309 951 490 376 1066 544 858 934 781 979 325 730 936 316 467 986 302 875 43 759 264 810 216 895 260 135 502 812 1025 571 679 834 955 507 331 799 710 942 359 423 594 509 310 187 375 844 323 505 622 892 646 673 518 661 885 715 756 828 282 571 848 627 694 591 587 331 805 785 493 700 401 593 760 492 930 956 133 734 371 460 981 952 547 625 764 810 568 472 807 154 469 264 222 505 464 766 573 444 34 419 775 587 507 674 771 425 827 509 984 627 856 259 391 581 956 156 657 766 986 1084 534 355 770 351 371 959 313 394 377 427 608 926 476 540 629 406 573 698 1014 866 1029 206 590 415 333 726 966 206 352 856 360 435 897 842 980 798 690 679 464 944 547 40 266 929 957 460 685 140 899 607 358 352 777 436 713 1041 253 366 506 946 397 432 749 897 914 138 785 565 255
531 648 169 411 370 203 193 235 204 408 0 455 461 459 20 327 382 453 166 630 678 456 441 722 529 216 473 335 186 531 496 564 247 144 293 786 314 360 258 289 357 523 520 310 502 378 240 367 612 211 493 211 410 377 83 394 379 523 279 285 401 651 285 491 277 518 386 652 421 412 497 335 616 662 431 274 338 233 358 225 195 346 454 125 14 168 505 343 452 252 408 232 275 89 180 511 385 481 371 554 422 215 600 502 563 347 334 328 125 548 436 279 683 442 450 543 426 610 137 400 646 274 165 590 179 471 421 393 450 512 289 491 209 276 460 499 709 277 425 497 677 139 189 401 311 536 235 270 190 398 382 230 382 436 539 401 469 629 434 265 152 296 484 316 383 422 535 172 511 261 286 212 265 105 460 377 401 375 108 441 386 265 544 548 279 402 429 403 608 546 525 224 356 427 172 471 472 322 178 242 231 412 251 408 166 296 373 402 379 286 192 477 367 266 418 154 648 257 466 175 423 460 560 395 306 386 578 689 250 370 452 111 405 654 229 65 132 247 459 647 449 567 409 300 165 297 614 476 725 203 336 293 274 375 630 417 140 510 298 522 580 587 573 420 368 447 200 535 458 385 498 527 573 401 328 309 611 238 225 59 478 338 546 636 156 388 481 579 208 427 374 489 620 277 498 403 415
965 639 624 452 263 599 314 304 660 579 455 0 448 752 469 450 786 253 338 967 1105 736 890 1132 463 667 895 580 603 872 835 606 525 597 648 1208 176 766 551 704 723 942 976 611 953 783 266 749 724 523 663 297 421 443 397 253 204 228 267 722 347 974 660 659 221 811 715 974 710 145 62 309 676 1092 868 557 791 260 804 521 513 792 864 576 467 456 949 466 755 220 186 302 469 377 403 902 674 669 90 816 871 273 950 829 995 687 428 718 522 817 870 218 681 37 692 602 821 572 359 331 1071 677 300 660 581 621 619 781 782 941 366 767 582 485 893 920 1113 726 875 901 1107 578 308 723 651 692 256 713 467 71 280 446 789 632 865 74 924 1066 889 532 363 376 772 493 432 696 838 558 914 366 583 389 285 390 861 600 842 310 347 894 763 195 872 728 534 336 822 835 584 787 135 587 601 781 427 892 384 426 633 335 389 855 704 803 522 741 561 170 711 732 294 932 552 710 658 597 1038 375 797 537 826 910 640 439 346 755 744 737 241 772 875 365 225 1069 636 516 331 694 913 1077 877 202 133 186 520 634 701 550 1137 493 789 183 684 371 1022 728 572 435 716 913 993 1029 732 470 798 164 656 740 46 538 810 808 597 834 366 593 1039 369 653 433 306 147 1002 758 451 223 911 544 652 844 435 732 1044 474 933 856 356
746 208 558 760 610 428 296 540 597 824 461 448 0 917 481 707 550 652 312 1091 852 911 729 846 73 637 664 265 458 539 957 157 289 571 754 936 311 538 705 740 818 698 854 330 787 548 283 826 278 322 248 508 742 735 382 618 571 663 242 563 689 1112 431 244 495 976 846 1114 877 303 509 165 227 845 673 719 662 489 768 306 328 758 899 561 475 597 907 142 415 330 262 535 212 388 573 962 350 265 443 428 816 484 614 493 765 808 699 786 586 434 859 493 249 472 320 154 563 154 499 118 819 731 357 211 640 206 849 523 912 715 630 400 670 690 883 683 820 600 719 638 860 479 497 411 388 263 486 697 296 460 631 637 832 245 1000 468 834 844 764 278 315 166 414 190 80 349 995 403 648 201 316 248 240 499 601 252 816 144 425 814 496 360 526 306 715 113 882 832 157 390 583 386 273 483 293 906 79 690 569 572 603 824 654 549 365 716 793 559 413 595 317 806 200 692 297 497 734 204 471 633 872 847 192 744 166 482 313 291 301 823 650 474 605 799 687 516 446 671 829 836 880 650 315 479 363 376 252 113 854 641 668 465 728 98 723 876 595 67 747 973 728 824 300 62 601 293 598 329 490 790 958 436 151 830 138 757 796 224 673 496 166 479 881 313 585 592 908 122 644 867 90 349 793 686 723 780 703
723 1108 444 356 512 595 627 451 427 205 459 752 917 0 440 312 691 575 607 218 858 23 597 936 982 375 715 778 560 881 106 1024 694 399 172 959 695 674 216 256 145 758 564 736 627 688 658 170 1063 655 940 467 388 343 534 533 565 664 703 565 454 222 666 938 533 60 84 222 42 788 759 774 1073 838 645 205 520 503 369 671 640 365 258 395 447 327 420 802 847 639 801 454 734 528 367 234 801 924 665 959 413 495 927 870 756 121 337 195 335 950 338 537 1143 720 878 1003 735 1069 435 841 837 237 574 1048 291 923 163 724 70 725 388 897 252 267 342 735 936 515 583 771 848 507 465 794 713 983 507 340 646 681 502 311 229 881 118 679 488 781 535 712 602 750 883 774 841 840 85 586 783 715 719 669 696 424 750 821 357 812 499 463 732 629 904 988 221 844 202 317 1067 962 739 637 796 787 632 302 917 335 438 418 365 367 396 723 604 350 205 604 769 531 613 552 821 345 851 501 912 712 838 284 227 440 1017 358 754 742 1019 1146 655 215 699 452 563 868 264 417 486 357 474 821 315 739 779 568 603 705 1069 935 933 282 509 574 251 825 894 46 345 961 261 242 816 732 1016 879 630 827 421 968 727 240 61 925 1032 317 780 166 801 693 301 420 903 605 574 1084 338 555 339 1037 347 273 832 912 819 277 695 445 456
525 667 158 404 373 209 213 238 191 394 20 469 481 440 0 318 383 457 186 610 673 437 431 720 550 200 470 350 188 537 476 583 262 128 273 781 332 361 241 268 336 520 507 322 493 379 260 347 629 225 509 216 404 370 103 397 385 529 299 281 399 630 291 507 285 498 366 632 403 430 509 356 634 657 425 257 328 240 340 240 209 328 434 108 6 156 488 362 461 269 426 235 294 108 173 490 396 496 383 565 405 222 604 509 558 327 327 307 105 558 417 287 703 454 464 562 427 630 139 421 642 254 182 609 158 488 405 396 430 507 285 502 189 264 441 495 707 268 416 496 672 138 194 410 320 552 242 252 207 410 383 220 362 452 518 413 454 622 422 280 173 316 494 334 403 434 515 180 510 282 299 233 285 105 460 393 383 395 121 425 390 281 551 563 264 423 408 384 628 558 535 233 370 433 191 451 492 315 166 241 226 394 235 409 179 278 360 409 387 278 211 464 384 248 432 150 648 278 473 156 402 443 578 388 326 391 593 707 268 350 449 117 410 651 209 47 141 230 444 641 430 575 427 309 178 306 632 495 722 188 325 303 253 395 630 397 120 531 278 501 577 579 589 440 364 465 186 549 470 373 478 537 592 382 348 291 606 259 205 54 498 349 533 652 144 393 462 599 190 407 394 502 616 266 492 387 413
800 913 431 90 200 527 413 171 443 130 327 450 707 312 318 0 690 266 404 531 949 293 685 1009 760 413 760 653 503 854 407 842 565 379 265 1058 430 669 162 369 330 810 714 636 737 686 424 364 914 534 804 200 104 57 363 221 255 356 467 573 148 533 610 802 243 367 296 532 271 510 450 545 902 931 703 156 584 226 504 546 517 494 489 360 323 166 621 625 779 385 531 176 572 345 149 503 711 795 368 881 571 227 919 828 835 281 26 348 260 875 532 246 952 415 773 825 736 861 216 607 921 334 351 879 280 775 169 708 355 789 85 818 248 76 548 785 1000 543 669 798 944 448 209 729 638 846 231 425 500 379 190 100 423 750 429 376 643 885 649 583 411 548 811 613 643 748 395 498 812 514 611 484 467 232 765 694 523 577 293 611 705 365 869 864 125 612 435 498 864 871 427 552 675 750 469 528 685 24 433 137 105 536 452 719 493 450 111 294 706 557 390 683 673 425 740 455 950 516 792 225 449 608 850 78 541 708 892 976 411 402 740 246 250 938 314 332 265 421 629 914 524 428 499 275 492 624 909 757 1009 154 576 284 349 608 932 297 317 735 381 514 870 837 885 686 657 549 436 855 420 90 373 855 845 497 569 176 884 497 353 268 650 306 733 942 176 243 558 828 383 483 637 813 897 66 767 579 155
196 637 264 779 752 189 472 618 268 735 382 786 550 691 383 690 0 834 448 767 321 700 200 347 619 317 116 285 197 191 667 546 281 318 530 421 614 21 567 435 547 158 335 220 248 4 522 530 505 269 389 593 784 745 402 775 756 899 534 126 782 800 130 390 651 732 608 804 669 692 839 537 557 309 130 582 192 610 360 276 276 357 525 333 380 524 448 414 204 566 668 615 361 425 554 598 218 364 717 306 368 592 237 190 219 573 703 497 432 293 446 652 654 784 290 521 46 640 520 575 287 455 492 534 433 403 731 40 645 167 668 257 477 624 465 138 330 176 197 116 325 245 570 167 162 421 611 352 324 745 764 590 492 344 712 750 346 297 260 284 423 459 237 366 482 241 735 230 130 448 237 407 514 487 77 306 401 566 475 340 64 594 217 400 603 573 544 437 626 327 884 200 281 114 361 507 610 691 266 624 607 401 295 31 264 349 701 774 151 160 492 291 352 348 287 235 265 438 167 477 521 381 509 765 489 81 430 613 546 497 100 493 784 282 435 358 506 334 348 297 477 933 695 668 266 175 531 480 351 540 204 658 440 523 247 645 383 617 432 605 206 273 435 487 76 714 275 366 803 725 698 267 566 435 489 602 257 434 393 437 667 701 359 508 515 767 489 620 348 490 472 300 259 629 172 321 797
982 857 608 229 85 647 416 219 633 377 453 253 652 575 457 266 834 0 425 794 1130 555 882 1176 684 620 926 703 637 964 673 807 627 564 521 1238 341 812 415 611 591 976 937 712 941 830 392 623 910 609 824 241 195 234 437 60 86 89 421 738 122 793 725 821 188 628 562 792 536 374 224 490 876 1114 882 414 778 224 737 614 594 725 748 543 458 360 867 624 864 336 409 222 598 414 309 768 785 823 213 947 806 242 1038 928 1015 545 240 603 456 945 780 188 899 216 826 798 876 794 317 535 1099 578 366 856 500 786 420 841 622 965 210 889 482 330 798 952 1162 723 866 950 1129 593 264 821 735 860 224 649 558 203 81 316 678 780 693 196 871 1077 860 640 445 531 889 633 613 816 657 609 964 507 683 503 431 352 912 735 764 508 360 840 829 301 971 889 384 540 696 745 803 926 175 654 726 863 517 784 603 244 614 225 266 777 661 858 586 677 370 94 802 734 388 899 697 648 790 607 1099 513 893 445 708 845 831 221 510 827 911 943 368 658 906 341 52 1108 547 493 328 638 858 1098 777 163 361 185 584 718 894 737 1178 379 773 199 590 559 1081 563 516 656 623 779 1033 1033 902 656 821 404 627 892 209 338 637 930 803 744 537 440 1063 499 578 404 539 174 959 942 362 68 811 763 595 738 611 868 1073 318 948 804 123
628 512 314 469 357 261 28 250 353 515 166 338 312 607 186 404 448 425 0 791 767 600 561 795 375 377 557 278 268 548 655 438 203 304 450 870 169 428 393 455 518 604 660 289 625 445 81 531 513 191 410 217 456 440 83 374 339 472 113 389 419 809 323 407 238 667 540 811 566 260 391 170 498 754 533 407 467 211 518 193 179 506 621 287 181 285 665 221 441 117 248 245 177 80 263 677 361 406 270 522 578 199 625 509 657 502 400 493 284 520 600 237 551 336 402 421 484 466 189 236 733 440 60 475 342 377 538 444 607 604 335 464 367 380 624 582 776 401 547 563 769 252 200 401 320 450 210 433 136 298 375 327 549 361 696 304 618 730 570 215 25 147 464 216 241 391 687 221 577 112 260 83 98 187 523 312 563 209 113 592 427 146 552 474 403 239 595 568 467 502 439 250 301 451 94 637 310 390 324 276 298 573 406 466 184 457 482 347 385 404 43 614 279 429 366 272 703 112 474 327 589 615 446 452 147 421 499 571 99 537 538 163 372 731 395 230 139 409 609 740 615 494 259 241 182 303 506 353 799 329 468 228 440 218 687 567 307 353 465 688 655 695 491 283 461 291 351 472 355 483 651 505 442 566 173 445 701 92 392 188 311 265 687 542 273 356 646 434 373 593 234 443 706 377 597 554 434
742 1270 563 572 730 721 814 664 534 420 630 967 1091 218 610 531 767 794 791 0 853 238 622 940 1160 482 758 917 683 958 136 1181 840 532 341 942 898 755 420 361 273 791 543 864 631 765 851 266 1203 800 1076 677 604 561 711 752 784 882 895 651 672 37 778 1075 747 168 256 41 259 993 977 961 1224 834 687 412 577 713 408 817 787 410 243 536 616 527 376 965 951 839 1003 666 894 710 573 172 920 1057 879 1063 418 704 988 957 770 290 556 306 507 1051 331 750 1302 936 1001 1158 806 1238 635 1027 840 362 766 1198 451 1066 377 805 187 753 605 1004 423 483 319 773 947 596 612 822 841 639 672 900 830 1118 718 428 804 896 721 522 280 1018 102 894 477 773 551 858 781 926 987 930 1012 957 138 723 831 892 854 842 885 618 810 959 371 1000 690 462 820 833 984 1116 433 1030 226 332 1234 1073 958 766 931 876 798 272 1101 554 554 632 578 375 486 798 749 424 423 823 876 611 804 550 969 434 979 627 943 888 930 465 247 426 1168 575 935 833 1148 1295 851 281 746 647 781 879 404 576 683 453 466 818 299 957 985 782 749 826 1214 1094 935 483 565 787 368 1005 927 239 496 1141 357 169 843 727 1147 1047 696 1032 529 1091 944 457 158 1025 1193 334 958 375 809 869 425 603 1097 820 542 1219 535 774 301 1207 463 278 1003 1029 828 493 721 462 674
149 898 525 1039 1046 505 792 911 507 962 678 1105 852 858 673 949 321 1130 767 853 0 874 267 90 917 537 209 590 504 339 797 815 601 574 732 108 934 340 802 617 717 163 310 530 230 324 843 687 737 590 648 890 1050 1006 714 1070 1058 1202 855 392 1063 890 451 651 955 881 783 895 850 1013 1156 856 806 19 249 814 365 912 488 597 597 494 623 594 672 791 477 725 447 885 989 908 678 736 832 685 502 623 1032 496 448 894 292 380 115 758 967 670 691 483 531 957 905 1101 550 792 294 917 813 891 34 648 807 788 670 675 946 336 795 166 946 483 707 875 538 184 108 410 283 215 16 540 867 441 476 667 914 539 645 1061 1056 853 629 620 835 1065 378 79 322 602 741 778 462 678 792 509 873 546 204 769 552 729 836 778 254 600 503 884 781 399 360 911 364 632 841 889 666 545 901 533 1197 521 579 369 682 586 919 955 520 910 883 495 499 311 583 519 932 1080 439 397 810 308 652 537 562 524 162 759 389 724 639 430 769 1027 809 373 655 845 865 643 229 790 1083 63 648 638 809 534 391 36 562 1243 1016 975 585 491 772 766 83 794 373 967 630 838 160 818 633 919 608 686 123 127 664 790 310 1035 514 594 1119 963 843 464 837 544 807 822 67 755 604 726 983 1011 312 728 784 1067 553 902 568 596 782 538 61 883 182 412 1076
738 1103 449 334 493 599 619 436 434 183 456 736 911 23 437 293 700 555 600 238 874 0 611 951 975 383 728 778 563 889 130 1020 693 402 175 975 683 682 207 267 158 770 582 737 643 697 649 186 1063 654 940 454 366 322 529 514 547 644 694 574 433 240 671 938 518 74 93 239 34 775 741 766 1071 854 658 195 532 489 385 670 639 379 279 397 444 318 440 799 852 628 789 439 731 522 355 257 804 924 650 964 431 482 936 877 770 127 318 207 332 954 358 521 1139 704 881 1000 744 1063 425 832 852 245 565 1046 292 922 141 732 92 738 370 901 251 252 362 748 951 524 597 783 864 509 452 799 716 983 493 351 644 665 483 297 247 881 139 662 506 798 551 711 595 744 888 771 836 843 102 588 795 709 720 664 687 415 760 821 374 803 490 480 739 617 912 989 207 835 222 335 1062 966 720 639 796 794 628 323 909 316 444 403 351 385 406 732 603 363 184 586 774 540 605 569 819 355 853 504 925 706 845 280 247 458 1015 337 747 748 1020 1144 645 231 711 443 543 882 269 416 476 366 492 837 335 718 766 553 603 708 1068 932 948 272 521 559 260 818 907 56 347 953 273 265 829 748 1017 874 640 814 427 970 710 218 83 930 1029 335 773 155 816 687 308 414 893 589 593 1084 329 536 360 1031 353 293 827 914 834 261 709 461 435
126 834 274 775 797 313 589 663 249 694 441 890 729 597 431 685 200 882 561 622 267 611 0 340 801 272 140 471 295 361 545 742 443 317 464 374 731 202 535 350 453 169 134 403 63 200 642 426 706 418 589 645 788 743 493 822 815 959 665 174 806 657 298 590 717 625 519 661 586 820 935 686 756 248 75 547 104 672 228 430 418 232 380 339 432 532 265 588 403 674 803 661 524 512 576 449 416 563 809 500 203 654 374 376 159 493 704 405 432 486 290 719 853 880 490 717 218 832 568 734 243 380 590 733 405 600 678 240 538 131 688 456 441 610 303 151 339 164 16 206 261 312 624 367 347 621 674 271 464 837 804 592 371 541 587 841 157 199 72 452 537 613 435 539 655 441 620 349 213 594 413 545 646 532 206 498 252 720 548 162 265 695 391 601 575 734 415 294 820 524 967 347 471 311 492 350 781 693 268 658 626 247 233 220 392 252 664 841 350 157 602 92 538 269 485 292 322 585 360 460 388 202 707 764 640 282 631 813 661 383 133 548 838 271 381 390 573 267 163 231 322 1006 821 741 393 355 731 671 337 531 110 734 363 687 305 555 372 795 341 453 222 152 635 668 131 848 255 566 897 695 587 461 761 292 646 554 206 576 337 480 827 779 159 709 526 822 323 810 303 348 644 500 223 619 100 159 818
214 871 579 1099 1093 536 817 958 565 1030 722 1132 846 936 720 1009 347 1176 795 940 90 951 340 0 907 601 250 591 541 312 879 793 615 630 803 93 958 368 867 689 793 200 397 537 311 350 867 765 704 610 626 934 1108 1065 749 1116 1100 1244 875 440 1115 977 472 629 996 961 859 981 926 1031 1186 868 776 108 306 880 430 954 566 614 619 571 707 649 718 847 564 727 432 912 1004 955 687 772 884 770 497 602 1064 460 530 936 250 357 180 833 1025 745 748 448 615 997 874 1131 532 771 310 896 859 896 100 719 840 760 733 658 1016 351 875 219 999 459 772 936 623 224 29 466 354 231 106 583 912 437 487 640 955 609 666 1092 1103 911 708 606 918 1097 463 168 401 613 769 789 440 682 792 497 955 577 217 784 562 748 855 825 271 594 584 893 820 482 371 941 332 602 906 894 748 626 879 500 1231 544 577 367 705 671 917 1013 576 960 937 577 565 329 611 592 999 1120 440 452 838 391 648 606 550 569 115 774 375 785 721 515 745 1086 821 381 621 808 891 721 271 834 1127 70 716 688 850 602 475 122 646 1280 1035 1014 612 504 740 752 11 854 439 1004 702 843 123 895 692 912 681 772 142 213 631 785 355 1050 573 564 1149 1028 924 434 815 625 815 890 134 773 671 774 986 1047 402 690 839 1111 639 885 633 678 782 515 116 944 244 492 1129
815 176 631 809 650 501 356 591 670 881 529 463 73 982 550 760 619 684 375 1160 917 975 801 907 0 709 733 334 532 597 1026 161 362 643 822 998 348 609 768 811 887 765 927 400 859 617 336 896 292 395 293 560 788 785 449 655 606 686 292 636 731 1180 502 289 539 1042 913 1182 941 318 522 215 226 911 744 782 736 538 841 380 401 831 971 633 543 659 980 215 475 377 279 586 286 453 632 1033 414 313 471 475 890 534 670 551 833 875 751 856 654 482 932 537 217 491 376 169 630 109 558 154 884 801 415 218 709 254 908 591 979 784 681 454 738 749 956 751 880 673 791 704 926 552 551 475 458 299 535 770 368 485 671 696 903 301 1068 493 908 912 837 351 380 233 470 262 153 410 1061 477 713 268 387 317 294 561 668 317 889 184 486 888 564 404 582 343 776 149 953 905 121 435 598 459 340 548 364 979 81 742 642 624 659 897 728 617 438 789 851 590 479 668 374 879 268 764 356 571 794 271 532 700 944 920 208 792 227 549 343 277 350 894 719 535 639 862 757 586 505 743 903 902 953 665 331 519 437 447 260 157 915 704 741 505 798 156 784 942 666 28 818 1044 793 893 330 133 673 300 671 371 507 846 1025 487 145 902 202 821 863 291 745 562 159 514 954 326 647 628 981 81 716 939 164 400 858 744 792 854 745
389 798 82 502 534 238 405 405 53 430 216 667 637 375 200 413 317 620 377 482 537 383 272 601 709 0 359 436 201 506 365 707 364 72 213 645 531 299 265 124 233 406 318 382 325 314 455 222 720 325 594 393 516 470 294 560 560 701 490 190 536 511 297 593 469 420 291 514 352 629 703 537 745 518 295 279 172 424 141 342 314 130 264 91 203 262 289 501 476 469 623 404 428 305 311 332 438 574 579 588 205 406 554 494 423 256 432 186 163 578 225 472 828 650 519 683 362 774 317 599 509 138 382 719 133 585 420 348 335 381 419 528 171 338 249 382 595 143 256 407 532 161 373 423 348 635 427 60 341 606 540 320 204 535 411 608 258 472 240 381 358 483 512 460 557 476 426 244 420 453 372 399 474 282 381 477 186 576 320 228 357 481 528 633 305 600 258 195 767 595 723 284 449 411 347 269 664 421 72 395 358 196 40 349 276 81 398 589 399 159 407 279 491 55 496 146 555 446 463 188 242 243 689 491 500 366 665 815 466 201 340 304 579 530 119 152 336 33 246 502 244 755 626 498 276 344 733 621 600 259 163 494 124 564 537 329 104 695 125 341 466 424 664 585 262 663 47 609 665 427 388 552 720 193 517 291 472 430 75 234 683 539 341 736 258 564 273 745 32 231 546 548 486 346 357 190 548
82 740 329 850 843 296 582 708 319 789 473 895 664 715 470 760 116 926 557 758 209 728 140 250 733 359 0 399 295 226 674 651 397 381 568 314 725 132 623 461 570 50 263 334 163 119 633 546 596 383 488 685 859 817 504 867 852 996 647 189 865 793 245 490 748 749 634 797 700 805 946 652 655 196 71 637 195 706 355 391 389 356 515 400 468 597 405 530 290 675 782 705 477 527 634 585 323 462 822 374 341 687 233 247 103 604 776 520 499 360 427 750 753 891 387 626 104 747 609 691 176 486 598 633 488 507 779 141 661 51 748 338 529 689 441 25 239 218 146 65 212 333 662 266 278 516 707 377 437 851 853 662 498 448 717 856 297 181 212 400 532 575 317 481 598 340 747 336 72 563 353 521 628 575 75 417 387 682 573 302 168 701 256 489 661 690 545 427 733 403 987 313 393 198 473 488 726 764 327 710 686 383 326 115 374 365 756 872 256 203 600 229 464 373 390 319 197 553 239 538 519 342 610 837 605 184 517 705 656 507 20 585 878 181 477 438 602 365 303 183 459 1034 808 767 376 291 626 589 252 606 206 758 470 640 179 672 444 731 454 590 109 160 524 601 105 828 326 453 909 784 713 336 671 425 605 650 143 549 432 523 784 802 283 595 590 862 463 729 391 482 587 388 149 696 65 296 879
481 371 354 730 635 199 288 520 387 743 335 580 265 778 350 653 285 703 278 917 590 778 471 591 334 436 399 0 236 298 793 279 88 386 606 678 404 275 591 556 654 433 601 67 527 283 321 652 286 125 161 488 722 698 291 652 617 746 312 315 693 944 173 160 516 832 698 946 744 457 640 285 309 582 411 607 417 488 548 110 140 540 698 385 343 502 675 136 176 377 425 516 111 311 504 768 97 146 532 244 585 474 377 253 500 658 656 612 449 242 642 516 396 589 123 253 298 362 440 306 556 558 338 284 486 149 756 258 755 450 598 189 527 610 665 418 566 360 463 375 597 278 468 154 124 204 487 494 153 558 653 561 641 102 838 565 590 579 513 70 260 208 192 92 202 116 845 194 385 214 65 201 294 421 337 43 596 305 367 574 232 412 294 213 614 303 694 620 351 223 700 152 23 224 190 696 329 644 364 541 550 602 442 284 174 506 709 622 151 352 315 553 67 489 88 290 483 205 224 502 679 610 254 713 239 217 243 378 348 637 385 409 651 539 520 362 400 468 587 572 667 760 464 518 175 115 297 201 598 538 424 505 549 252 470 733 433 332 560 777 466 559 239 202 341 469 391 201 608 719 807 230 295 617 228 640 532 212 493 391 395 539 627 305 490 635 690 339 453 663 192 165 530 610 458 544 708
361 603 119 590 555 37 295 421 151 563 186 603 458 560 188 503 197 637 268 683 504 563 295 541 532 201 295 236 0 351 563 511 172 160 388 609 438 175 398 323 426 344 405 181 358 193 348 421 519 136 393 395 592 556 209 578 559 703 369 121 586 711 110 392 455 610 477 714 530 525 653 393 545 489 264 414 210 413 314 152 131 305 462 166 184 337 449 317 291 384 508 417 246 232 361 531 241 373 528 401 358 395 416 327 392 438 513 382 254 392 408 456 631 597 320 487 240 584 323 445 471 329 304 520 273 385 566 208 528 338 474 338 317 442 431 320 525 143 282 313 505 56 373 238 153 434 414 258 172 557 567 403 405 334 609 561 377 463 314 186 243 323 326 272 380 280 619 56 327 301 171 251 350 291 275 277 363 428 279 356 202 408 368 433 430 445 459 384 576 402 693 83 248 248 197 460 499 501 128 428 414 370 206 222 98 270 529 579 213 143 310 357 294 252 296 58 462 292 292 305 443 388 490 575 348 205 465 614 368 402 274 296 587 474 296 171 309 232 371 475 432 740 526 473 100 145 532 427 544 360 213 464 319 401 444 513 218 521 326 540 398 426 464 401 194 553 154 410 615 548 581 368 526 382 358 440 437 282 263 242 536 507 433 535 327 570 456 557 220 427 368 352 443 446 329 322 601
291 561 445 941 887 328 565 759 455 912 531 872 539 881 537 854 191 964 548 958 339 889 361 312 597 506 226 298 351 0 859 481 347 497 717 404 695 207 745 626 738 225 489 261 389 194 607 721 398 357 314 730 942 907 527 908 881 1019 605 316 930 991 245 317 776 924 797 995 858 755 930 583 467 338 286 761 381 740 549 355 371 548 715 509 533 689 625 431 124 660 723 755 406 550 711 788 201 290 816 158 551 723 78 46 291 762 864 688 604 145 633 777 566 877 221 458 152 584 664 601 310 644 603 450 614 346 912 157 837 262 821 146 658 793 651 227 284 368 364 164 351 407 707 148 229 329 740 544 411 844 902 754 684 295 904 850 518 360 431 339 524 506 128 391 492 190 927 360 164 508 290 484 587 635 155 292 589 603 606 518 152 692 30 293 779 599 735 626 567 194 986 311 280 104 453 694 613 852 449 771 763 588 486 160 379 540 878 893 163 352 590 453 347 539 242 403 197 499 75 653 712 559 433 926 538 146 315 506 633 689 229 635 913 278 622 523 639 525 522 335 664 1042 761 786 380 246 433 441 321 711 393 774 630 548 189 835 561 604 623 794 223 363 325 480 262 768 462 255 897 899 890 125 502 624 527 784 301 502 581 590 688 813 509 389 678 896 674 572 536 680 483 202 289 798 288 504 945
671 1139 443 459 605 600 678 531 418 310 496 835 957 106 476 407 667 673 655 136 797 130 545 879 1026 365 674 793 563 859 0 1052 713 406 205 893 762 652 285 240 140 712 493 743 567 664 715 142 1079 673 953 543 490 443 577 628 657 763 759 545 553 154 663 952 614 90 121 156 138 858 847 825 1097 777 603 278 484 579 319 690 660 317 176 408 482 391 336 834 840 702 867 533 763 575 438 134 803 935 746 952 349 569 896 853 702 154 433 180 372 942 265 617 1173 805 883 1030 709 1106 499 892 779 234 630 1071 317 941 269 703 53 677 477 892 288 353 263 692 882 491 534 735 786 515 536 788 713 996 584 317 674 764 598 389 177 895 46 762 419 718 479 731 646 792 876 801 879 841 76 598 745 758 731 709 749 482 718 835 294 864 554 397 715 697 884 996 301 894 131 252 1102 960 832 644 808 771 666 218 966 430 435 500 446 302 375 699 622 318 306 695 763 507 668 488 842 322 859 505 867 754 824 329 157 368 1041 460 800 727 1028 1168 715 170 660 511 657 814 274 444 547 339 406 761 237 836 850 649 622 708 1089 964 875 347 471 654 244 870 850 110 365 1006 239 140 768 669 1027 915 600 896 412 973 813 342 54 916 1063 254 824 242 745 735 300 467 961 688 499 1097 399 648 254 1075 342 200 870 913 763 364 646 387 557
732 92 625 902 762 475 429 681 661 952 564 606 157 1024 583 842 546 807 438 1181 815 1020 742 793 161 707 651 279 511 481 1052 0 343 650 855 886 467 540 820 822 912 675 875 344 794 545 427 914 131 382 167 648 886 875 494 771 724 821 390 594 837 1206 450 164 644 1081 948 1208 986 460 667 317 69 812 677 835 695 633 825 365 394 817 971 645 576 717 954 222 368 479 420 676 289 506 701 1039 328 192 600 340 864 625 546 437 745 909 837 874 689 349 919 642 120 630 266 25 546 103 627 276 784 819 491 56 736 143 973 511 1010 700 770 334 772 817 943 665 765 639 735 611 826 546 634 384 397 155 630 767 378 618 782 764 910 202 1096 626 868 822 790 326 434 293 353 251 200 311 1097 463 618 327 343 361 384 621 580 245 874 301 551 853 484 511 460 198 835 271 963 896 85 299 741 429 273 454 392 972 227 827 635 711 737 880 717 536 433 781 920 714 396 631 453 828 217 761 260 561 678 326 426 740 949 889 52 885 305 467 191 136 448 904 641 600 759 757 778 609 577 740 866 805 944 808 472 630 432 392 98 88 802 759 703 616 813 248 670 980 686 184 827 1049 693 811 178 156 611 449 664 232 648 921 1059 360 21 894 276 871 768 345 756 609 314 633 901 165 704 746 968 100 721 937 205 278 760 814 714 823 852
477 433 282 643 556 139 218 436 319 655 247 525 289 694 262 565 281 627 203 840 601 693 443 615 362 364 397 88 172 347 713 343 0 308 522 697 349 265 504 479 573 439 566 86 504 278 260 574 369 40 247 405 636 611 204 574 542 675 261 274 610 866 152 245 439 749 615 868 659 416 583 255 383 590 394 519 373 408 486 23 54 477 629 305 255 414 621 147 237 312 389 432 81 225 416 696 158 234 469 323 530 393 425 306 501 575 568 534 362 319 579 439 463 530 208 319 307 412 353 294 567 479 261 357 402 228 668 265 674 448 512 263 442 522 603 420 593 311 433 388 606 203 384 199 127 290 407 424 69 496 572 473 567 189 758 502 545 578 475 18 181 177 261 100 212 189 763 120 400 168 57 136 242 333 347 130 535 284 282 526 243 345 349 301 526 293 620 554 404 307 638 97 109 255 109 630 337 557 293 456 463 542 375 290 91 439 620 550 185 306 244 518 128 418 174 219 515 158 273 416 606 559 327 626 208 233 331 455 286 562 380 322 575 557 439 277 315 397 540 579 603 695 421 444 91 110 376 257 621 450 379 431 471 244 500 649 350 354 484 706 481 551 326 230 320 435 321 289 549 631 725 303 356 552 207 553 539 158 415 302 387 468 593 391 401 558 628 385 378 595 201 249 539 522 450 493 625
