329
0 110 218 466 112 449 453 278 444 208 513 128 429 666 248 341 412 432 330 598 370 358 540 326 159 292 539 366 256 302 455 416 325 360 467 289 462 365 393 228 340 489 143 511 469 335 375 534 248 396 218 772 348 575 321 301 566 490 314 542 645 197 397 643 562 213 501 265 355 493 360 395 418 521 427 729 390 298 104 83 305 298 476 369 591 567 381 282 512 340 274 331 370 328 404 130 220 672 625 370 533 400 114 499 443 331 223 411 429 211 570 345 593 583 291 263 470 402 280 556 346 277 507 503 519 244 330 342 534 586 360 565 671 755 414 525 207 59 689 149 293 605 465 250 426 341 544 412 221 560 470 315 423 103 96 363 522 555 71 465 277 454 363 615 449 363 273 317 429 282 564 179 310 601 612 308 369 411 273 364 172 413 327 689 596 263 231 429 410 108 51 241 509 466 301 279 673 156 623 289 210 459 567 161 319 544 479 176 201 500 352 355 118 351 292 494 470 335 277 541 585 185 621 397 72 300 294 519 335 248 277 96 569 539 409 182 444 555 181 469 654 467 569 359 557 557 243 614 376 241 430 562 464 340 597 317 584 483 390 468 216 452 352 499 407 208 475 300 411 506 353 454 610 387 225 301 643 665 216 217 435 366 558 646 434 334 425 568 212 610 159 424 554 132 424 403 455 530 444 506 373 239 155 513 166 66 659 548 307 440 41 513 391 328 423 370 285 244 552 245 505 485 669 623 533 202 579 325 505
110 0 130 490 101 560 358 178 526 240 429 219 348 764 151 442 462 364 440 544 481 331 640 361 168 363 647 472 199 377 471 317 433 336 463 239 510 473 295 248 233 546 252 538 537 415 417 479 319 470 174 864 240 684 321 402 536 586 331 622 595 298 441 595 666 319 589 349 281 518 459 426 516 438 351 809 495 219 173 41 200 379 519 279 691 670 364 260 623 431 167 419 311 432 477 61 186 619 689 344 635 321 208 589 553 310 262 456 493 147 646 280 632 542 207 369 509 451 271 658 457 173 578 613 435 149 432 416 564 687 381 672 643 844 325 435 101 148 655 200 404 692 558 356 537 235 655 315 240 601 520 391 534 131 14 286 621 659 147 575 380 443 347 654 551 422 356 233 374 375 667 79 239 547 708 389 260 490 292 370 272 317 288 772 664 250 233 382 521 212 60 299 549 469 412 250 635 137 581 400 321 391 551 231 228 628 489 257 102 593 256 368 106 364 204 418 463 415 296 639 561 84 697 483 120 370 403 440 349 298 336 165 663 616 390 135 504 528 166 518 750 545 481 250 649 518 345 698 381 242 477 669 429 324 561 283 638 558 279 533 305 430 256 610 327 231 402 382 316 522 280 355 647 468 316 371 611 755 249 301 359 443 665 735 325 362 531 666 321 569 198 436 658 198 327 513 366 626 542 552 469 335 137 597 276 175 723 593 354 524 142 612 317 243 357 481 350 319 485 149 616 385 757 620 453 121 598 224 477
218 130 0 436 230 644 371 205 546 229 460 280 218 806 195 496 441 235 537 420 578 235 758 488 159 379 753 583 91 396 409 200 541 244 382 131 483 579 176 375 143 527 359 484 535 543 545 355 338 599 94 889 152 754 256 519 427 625 454 634 472 415 414 473 724 431 715 383 342 464 578 386 565 469 402 815 557 89 225 136 205 405 486 152 737 785 276 371 715 469 174 453 188 494 607 179 114 494 675 448 750 191 275 714 635 223 392 429 623 51 651 155 589 426 77 480 472 580 388 711 548 77 708 690 466 31 492 430 513 735 505 739 533 866 197 454 59 227 542 330 499 713 681 467 627 231 747 329 366 560 495 520 627 168 140 342 669 714 216 674 445 356 262 609 667 417 483 283 450 421 781 55 309 422 746 416 175 618 417 489 390 335 186 783 656 365 189 466 608 326 168 429 510 393 508 357 518 117 463 492 421 450 453 266 267 647 420 383 36 716 278 489 126 486 254 465 377 438 256 759 457 150 700 508 248 500 509 479 472 428 466 292 786 622 298 78 492 423 130 492 787 673 500 167 773 404 410 713 499 364 606 734 320 434 448 384 612 563 219 526 351 332 135 705 376 358 273 509 334 457 151 237 600 596 364 501 499 780 237 427 229 459 730 860 285 323 596 786 407 453 209 373 771 326 340 612 393 665 587 520 590 388 260 616 376 283 709 558 483 651 257 657 374 113 230 574 358 343 356 197 702 382 778 533 490 18 534 239 372
466 490 436 0 566 585 807 638 295 258 896 371 435 549 621 388 121 382 561 384 590 231 832 786 323 242 763 661 351 249 38 526 616 218 119 322 110 632 512 694 549 159 509 48 215 740 829 357 259 804 342 570 557 610 180 645 261 407 780 321 395 572 102 385 537 560 858 295 765 28 695 73 401 905 831 455 444 407 364 455 641 274 90 463 511 838 188 741 669 324 609 304 339 414 813 549 323 428 283 828 811 418 384 850 567 226 685 101 854 385 314 358 156 317 422 589 69 847 743 511 546 500 912 587 902 457 404 238 76 514 825 581 322 538 471 890 490 411 354 611 535 410 808 583 592 667 693 765 688 131 122 730 607 371 487 768 463 525 396 669 402 148 192 174 746 172 683 710 864 334 830 469 726 386 487 275 577 807 739 831 565 771 276 439 281 725 258 872 571 517 464 691 92 92 543 734 364 354 345 518 514 876 203 318 699 351 62 609 466 839 713 821 384 816 681 897 134 265 194 849 245 561 346 297 538 727 585 913 801 703 721 556 893 297 186 371 164 241 325 115 517 860 937 573 892 293 390 391 842 706 876 576 248 802 303 770 204 257 636 196 327 195 484 674 806 674 413 704 771 52 387 548 164 779 334 729 315 475 250 635 415 248 570 983 709 131 479 872 455 330 307 67 814 589 777 621 829 432 404 115 722 352 611 333 490 482 313 138 760 821 495 449 800 429 367 571 225 271 420 621 634 816 460 195 925 424 113 675 228
112 101 230 566 0 529 357 197 555 308 408 240 447 769 165 446 521 465 400 645 439 428 568 259 246 404 589 411 300 415 551 406 378 432 553 340 571 419 385 147 312 600 211 613 581 326 315 580 360 377 272 880 317 664 407 334 634 597 230 654 697 238 505 696 660 266 503 377 247 594 388 498 523 415 319 841 490 319 214 118 229 410 583 375 693 600 458 174 582 450 205 442 412 429 384 58 282 720 737 262 566 421 226 505 526 404 161 519 395 248 683 382 700 643 307 313 577 350 178 656 423 261 482 589 414 246 432 454 637 688 280 658 741 864 421 423 191 171 755 107 367 715 477 299 502 264 614 319 138 667 580 300 494 195 95 256 625 654 181 527 379 535 440 722 482 474 271 216 316 392 599 176 201 648 717 420 334 399 191 273 210 317 387 801 709 159 317 317 489 166 102 202 615 556 374 169 735 225 682 367 283 348 645 272 223 655 573 176 199 512 260 269 188 265 195 385 554 448 373 563 658 120 734 509 56 277 352 412 250 198 239 92 582 652 484 232 556 626 255 578 760 452 466 324 566 618 347 726 284 144 376 655 528 236 661 206 695 596 337 581 328 526 349 566 300 129 503 296 315 603 381 443 716 380 336 278 710 774 317 219 459 479 651 648 366 435 521 590 303 670 261 518 591 113 330 467 354 637 549 614 392 348 44 624 244 148 771 656 253 435 111 617 282 342 459 444 397 357 586 160 581 394 779 710 425 222 677 241 575
449 560 644 585 529 0 886 722 317 472 926 365 818 318 691 198 464 798 132 907 104 658 286 535 505 359 186 194 639 345 605 841 187 650 671 652 495 157 818 531 782 473 318 601 408 374 535 855 369 414 597 459 791 146 576 257 817 238 575 374 938 305 483 931 188 272 371 315 765 597 255 525 195 933 834 499 141 703 421 527 752 321 520 783 248 276 649 630 85 260 723 282 730 177 420 572 586 971 515 697 259 789 369 357 19 628 491 483 476 616 413 719 605 861 703 238 534 520 606 204 105 716 479 68 932 675 185 347 604 241 589 154 900 460 821 948 651 419 929 460 162 364 321 248 36 788 112 848 532 579 490 390 57 477 546 776 212 190 429 100 211 681 634 624 231 413 362 744 799 267 267 621 721 910 299 316 812 394 552 627 330 847 658 453 477 606 534 785 41 363 499 448 550 652 156 640 931 538 898 162 246 849 778 394 753 348 639 389 640 336 790 606 519 601 724 894 683 321 515 313 815 633 446 294 473 411 194 925 592 471 446 440 362 395 672 579 439 799 542 495 330 422 988 803 372 833 243 395 636 569 542 154 750 660 859 674 537 380 838 425 316 710 776 90 819 520 843 361 844 637 739 878 629 373 303 414 885 384 470 367 815 337 152 450 884 512 112 327 239 882 457 597 249 437 859 98 879 254 206 527 283 276 555 334 286 388 533 555 493 379 425 216 797 736 784 89 384 357 898 687 58 924 404 780 938 626 672 768 764
453 358 371 807 357 886 0 180 884 584 99 575 473 1119 207 795 805 525 755 704 793 596 885 470 509 720 929 752 458 734 780 368 725 607 746 493 850 767 363 393 283 891 568 856 890 622 522 649 675 649 465 1221 277 1021 627 671 759 942 412 979 759 587 780 763 1015 617 792 707 138 835 717 755 871 108 110 1166 843 415 531 399 167 736 855 397 1044 923 640 302 935 788 200 777 515 782 653 322 484 769 1037 301 889 465 563 799 883 589 434 796 636 422 1002 483 960 739 397 661 842 566 335 1009 780 312 726 946 104 351 783 773 884 1040 445 1014 856 1202 425 83 318 503 855 434 723 1050 782 648 857 140 966 42 387 931 862 593 849 486 369 125 975 1008 505 876 730 717 628 980 810 773 584 141 207 732 923 343 173 706 1064 747 268 679 401 400 560 40 546 1129 1015 321 556 238 845 523 414 490 881 760 730 284 824 468 769 724 639 155 801 589 134 986 789 510 342 812 102 417 452 418 162 131 739 773 624 873 795 273 1052 841 413 564 703 126 413 472 516 445 879 972 658 440 852 760 491 858 1106 720 129 265 859 724 696 1056 403 353 578 1011 659 322 767 268 980 913 208 884 663 685 364 917 99 393 538 603 42 827 461 382 971 669 673 563 820 1113 593 547 497 800 1007 926 148 692 876 898 659 763 549 744 919 453 30 819 42 982 897 889 713 690 332 955 602 503 1072 928 496 720 466 966 125 406 529 799 705 676 617 209 937 49 1115 889 134 383 903 135 713
278 178 205 638 197 722 180 0 704 405 259 397 365 942 31 618 628 405 596 593 635 440 758 389 330 539 786 607 297 554 613 282 575 450 587 336 674 616 267 284 177 713 405 686 710 505 447 531 495 546 296 1042 177 853 459 530 623 764 338 798 648 435 604 651 841 463 683 527 140 666 581 582 694 268 196 985 669 270 351 219 35 556 680 283 868 793 482 228 778 609 36 597 377 607 552 150 314 664 859 280 759 348 385 687 718 428 319 619 550 254 822 343 788 613 253 510 667 489 257 834 617 168 641 780 265 193 608 592 714 864 384 844 726 1022 323 259 147 325 731 293 562 870 663 497 696 68 810 137 276 758 685 478 690 306 189 138 798 834 326 724 555 561 468 809 676 594 456 80 253 553 792 168 117 596 886 567 183 573 311 352 407 140 390 949 836 235 382 273 682 360 236 372 707 599 569 210 704 291 648 560 477 245 656 409 62 806 625 368 172 696 78 360 273 359 55 259 583 593 450 751 656 94 872 661 250 451 549 275 348 360 406 289 766 792 503 267 674 621 315 682 928 621 306 175 748 595 521 875 359 254 509 841 518 280 639 220 803 733 159 705 483 535 248 762 170 277 430 480 139 661 327 311 800 557 494 450 692 933 414 410 385 620 837 825 171 518 704 778 489 640 369 577 785 306 149 664 193 804 719 713 583 513 187 775 436 334 894 753 401 612 297 789 170 273 405 639 524 496 515 36 776 207 935 738 287 214 738 46 571
444 526 546 295 555 317 884 704 0 318 954 315 648 273 677 154 176 608 344 665 357 447 595 692 387 167 504 450 497 151 325 708 414 436 403 489 190 413 688 635 688 159 395 299 91 585 717 625 210 643 464 342 697 316 363 467 552 112 708 99 683 437 206 675 242 411 653 178 799 300 500 256 122 962 871 285 180 566 353 485 722 147 215 642 221 591 421 714 397 112 688 113 547 186 651 569 446 717 215 799 570 622 329 641 298 425 609 199 703 500 132 550 288 605 574 416 233 720 703 216 317 624 737 303 960 577 176 116 296 222 742 286 617 319 668 961 581 386 649 545 333 167 601 416 335 756 416 842 631 263 182 586 355 399 516 806 168 229 382 413 211 424 412 306 521 151 542 757 871 167 581 551 753 667 210 137 720 635 673 765 445 844 470 245 178 692 371 868 317 428 473 590 240 379 338 715 659 430 636 316 358 903 499 295 755 102 356 507 561 625 782 749 436 743 729 938 418 111 317 617 540 611 182 47 505 595 392 962 730 610 608 499 665 102 435 468 132 532 416 188 247 679 1007 713 670 579 228 171 776 662 748 281 513 765 595 754 221 64 766 110 227 464 649 407 849 617 649 556 843 343 577 739 312 608 219 598 610 233 311 513 635 87 276 756 829 276 204 635 299 621 340 330 564 519 854 381 893 140 114 214 531 211 597 70 361 417 243 238 656 636 448 154 835 597 593 334 188 208 681 675 358 909 232 481 976 529 364 750 510
208 240 229 258 308 472 584 405 318 0 664 138 351 584 383 292 223 326 395 447 433 192 656 533 75 152 617 475 182 170 246 395 427 187 265 184 270 456 373 437 369 307 278 304 307 509 578 390 116 573 146 660 379 557 125 436 384 404 523 404 486 345 201 481 513 343 651 169 521 286 492 189 352 673 590 587 357 251 111 202 417 183 279 330 519 673 197 483 552 252 383 233 258 300 582 296 129 517 453 571 641 323 147 646 458 162 430 216 617 181 423 251 393 414 257 383 270 600 485 497 394 306 685 503 670 259 295 202 328 517 569 537 484 637 361 665 269 157 507 355 360 484 607 373 463 448 582 541 430 361 280 495 470 113 234 526 452 503 140 527 260 258 179 415 563 189 448 470 613 214 667 241 479 450 522 193 401 582 482 573 331 545 186 554 431 467 62 619 443 274 206 441 309 261 369 477 498 116 454 347 307 631 371 87 463 418 271 364 247 641 484 564 134 559 441 657 271 212 71 666 396 318 472 283 280 487 393 677 544 452 474 301 703 393 224 151 268 370 98 278 562 637 712 394 697 386 229 483 584 448 630 532 294 544 421 513 398 334 448 300 155 268 333 548 566 417 371 473 544 297 274 428 409 555 168 489 460 552 9 396 345 231 527 789 514 126 399 691 263 439 49 216 653 336 553 468 599 443 371 311 515 195 353 387 270 233 488 353 510 603 240 439 557 284 312 421 130 124 428 383 529 603 549 418 690 211 370 448 324
513 429 460 896 408 926 99 259 954 664 0 640 573 1177 280 854 887 624 794 804 829 691 895 465 589 792 950 777 550 806 870 467 756 701 839 586 933 797 462 408 382 972 613 944 966 631 510 748 748 649 553 1286 376 1067 716 697 857 1003 406 1050 858 622 863 863 1067 654 792 775 161 924 736 841 930 9 93 1238 897 511 601 470 255 806 939 497 1101 935 734 309 968 853 286 844 613 837 651 384 572 868 1117 280 903 565 627 800 926 682 451 879 627 511 1075 580 1047 838 493 694 927 553 340 1064 821 407 713 990 6 443 840 845 973 1096 430 1062 955 1268 524 43 405 568 955 466 765 1117 788 682 896 234 999 135 405 1017 944 603 885 560 438 151 1033 1061 572 907 787 811 721 1068 827 851 601 197 166 796 936 427 206 806 1125 816 367 679 406 382 596 127 640 1200 1093 332 642 196 885 568 480 505 966 853 770 294 923 550 868 768 683 101 898 660 201 1055 880 540 429 817 182 402 530 404 224 53 834 843 709 880 893 346 1126 909 463 574 737 30 402 484 525 488 881 1045 752 526 931 858 575 941 1167 715 63 364 859 823 755 1125 381 368 560 1060 756 309 866 267 1062 987 308 962 728 781 462 949 108 414 637 618 127 918 559 481 1059 674 738 572 919 1179 673 572 597 872 1056 918 245 777 928 904 710 862 626 834 934 489 125 853 67 1044 957 973 728 753 374 1024 649 556 1151 1012 497 721 519 1025 129 504 628 838 779 747 717 281 975 125 1182 985 34 471 994 220 811
128 219 280 371 240 365 575 397 315 138 640 0 458 545 368 223 297 444 268 582 309 327 521 419 142 167 491 339 276 176 368 475 293 324 399 295 347 324 452 337 421 369 141 411 343 374 458 522 126 439 234 646 430 474 263 297 522 366 419 413 623 208 288 618 450 204 513 137 483 396 354 297 297 648 556 601 279 338 55 179 419 170 364 417 471 540 335 405 440 213 386 203 377 216 447 255 225 653 500 492 507 428 15 508 355 297 321 300 485 250 442 361 481 552 337 245 362 475 398 440 274 354 549 409 646 312 215 214 431 468 461 460 622 628 457 650 295 72 645 249 232 477 469 235 350 454 471 533 332 449 354 362 353 112 207 491 402 441 71 405 166 395 317 504 428 243 315 443 557 156 534 263 438 585 488 179 452 445 380 474 197 535 313 561 470 385 191 556 331 146 161 320 398 392 241 404 636 173 591 221 170 587 507 53 443 416 397 238 280 503 473 461 154 456 417 622 407 207 206 530 533 302 493 269 193 357 258 647 441 335 350 196 566 411 362 213 323 508 180 354 531 500 695 443 559 524 130 486 485 358 505 456 431 460 559 442 464 355 485 344 88 406 410 432 534 318 489 338 533 417 378 512 501 418 98 359 598 538 142 265 456 238 451 651 540 245 317 556 134 577 102 342 521 225 546 344 581 407 322 392 376 115 283 384 132 115 533 434 390 466 138 392 520 371 431 301 164 120 554 366 423 604 542 548 661 262 484 444 462
429 348 218 435 447 818 473 365 648 351 573 458 0 921 370 644 496 59 726 232 767 208 965 704 315 495 948 786 181 513 398 111 742 221 333 167 522 777 110 590 194 574 564 476 606 760 762 175 465 817 224 977 198 908 287 728 295 746 666 716 287 624 463 291 862 636 930 520 502 457 787 418 701 581 544 878 709 131 405 351 345 530 514 81 862 989 248 573 896 601 328 580 101 651 825 393 233 300 714 640 955 29 458 928 806 225 609 477 842 218 722 100 587 267 140 685 494 798 595 844 732 201 926 854 578 202 646 537 505 861 716 888 385 949 49 551 259 423 382 549 689 803 894 672 807 349 927 440 581 566 536 738 811 353 358 497 797 851 408 863 608 299 248 601 872 498 699 443 616 565 985 271 482 234 857 539 205 836 630 696 601 449 177 855 706 571 289 638 787 536 383 648 526 356 699 557 350 288 295 679 619 597 350 424 420 737 391 600 248 929 411 698 318 696 420 595 321 553 330 969 334 351 764 621 467 718 708 598 682 646 685 510 998 698 249 251 553 300 278 530 895 891 593 208 987 256 575 794 705 575 823 883 211 633 297 577 638 643 266 591 504 254 116 889 518 575 65 726 451 430 79 118 589 813 518 719 349 872 355 643 25 564 878 1075 335 376 750 996 592 290 361 368 973 544 448 802 509 783 718 545 802 545 474 710 574 491 746 573 701 868 470 784 527 105 70 759 469 475 150 374 877 461 864 445 607 229 497 376 261
666 764 806 549 769 318 1119 942 273 584 1177 545 921 0 913 324 442 882 430 931 415 721 583 837 647 431 464 512 765 413 584 978 497 709 665 761 439 473 957 811 949 392 572 539 334 688 845 895 469 731 730 142 959 195 636 566 811 180 869 229 944 586 473 935 130 554 684 423 1017 547 572 524 248 1185 1088 222 282 835 594 724 964 401 460 912 77 560 693 904 352 337 931 353 820 339 738 796 713 978 332 981 554 895 556 670 306 698 777 464 794 763 247 823 484 867 841 534 481 834 886 119 396 884 797 255 1183 837 336 384 526 83 891 172 863 149 940 1191 833 616 896 729 443 147 637 540 354 1000 349 1078 810 473 427 700 375 646 752 1026 144 129 616 407 390 689 685 493 546 425 666 983 1071 389 550 802 971 933 63 391 981 712 840 924 605 1079 743 187 305 880 640 1062 349 615 706 741 473 640 442 910 911 689 895 433 510 1113 751 542 985 198 612 670 815 647 1017 905 687 900 958 1153 681 371 590 613 793 847 241 301 714 718 494 1181 888 764 747 694 661 254 707 729 388 791 679 434 36 740 1235 973 675 842 422 177 934 846 858 170 782 945 853 947 397 292 1023 354 460 732 917 374 1069 797 922 670 1077 591 850 1010 504 691 448 721 861 106 577 659 909 357 169 741 1082 549 258 620 470 880 597 595 534 703 1090 416 1121 141 222 445 601 429 805 218 535 621 331 449 796 697 657 152 1052 867 867 394 455 463 953 910 313 1149 131 714 1195 788 589 988 774
248 151 195 621 165 691 207 31 677 383 280 368 370 913 0 589 606 407 564 595 603 430 728 365 308 514 754 576 287 528 597 295 543 439 575 326 653 585 278 258 190 691 374 669 686 477 424 533 469 519 281 1014 191 822 443 499 619 735 316 773 650 404 583 652 811 431 654 500 147 649 550 563 665 289 210 960 639 267 324 192 64 530 660 289 838 762 471 210 747 581 50 570 374 577 525 119 299 668 836 270 728 351 356 658 687 416 292 599 524 241 797 340 769 612 250 479 648 465 237 805 586 170 615 749 286 187 578 567 697 834 363 813 723 995 331 284 136 296 730 263 530 843 633 465 665 99 779 165 250 739 664 449 659 280 161 148 769 804 297 693 525 550 456 790 645 570 427 89 256 525 761 151 115 598 857 540 200 545 288 335 376 166 381 923 812 214 364 273 651 329 207 344 688 586 538 192 703 270 647 529 445 256 648 382 79 779 611 338 159 667 105 342 249 340 60 276 572 566 431 721 650 66 847 634 219 423 517 294 328 333 378 258 737 766 493 250 651 615 296 661 900 594 330 191 719 592 491 849 343 230 486 810 512 265 636 208 782 708 184 681 455 527 255 731 184 250 434 451 165 647 327 326 782 529 466 422 689 906 392 380 389 594 806 797 201 498 673 748 458 638 345 562 755 275 177 633 216 776 690 693 553 484 157 748 405 303 871 733 375 584 266 760 180 274 406 607 500 470 520 5 745 236 908 728 306 201 724 77 565
341 442 496 388 446 198 795 618 154 292 854 223 644 324 589 0 269 616 192 713 210 468 453 548 341 162 375 298 471 148 406 682 260 459 472 477 304 262 660 502 639 292 259 407 232 432 569 663 180 489 432 436 648 264 384 313 619 151 570 243 742 290 286 735 227 262 501 124 694 402 346 326 76 861 765 417 65 539 275 402 642 124 329 619 249 454 455 589 283 63 609 83 550 32 497 472 417 775 369 670 430 616 233 490 181 440 472 287 549 458 281 544 425 664 542 263 341 570 574 217 168 572 583 214 860 528 22 149 413 245 600 244 701 422 653 867 517 293 730 415 179 280 450 263 204 677 309 754 500 397 302 435 220 330 429 702 180 219 295 281 68 484 441 446 374 215 391 659 753 78 446 485 648 716 271 118 671 481 537 626 302 754 475 372 332 566 355 747 183 298 382 447 361 453 184 593 733 381 700 162 211 792 579 230 661 232 440 366 500 475 694 609 372 603 634 831 485 123 325 473 616 524 327 114 391 444 238 858 590 468 461 375 520 254 477 422 251 601 377 306 313 526 911 662 523 636 98 299 637 533 597 240 555 635 661 631 370 217 707 246 145 514 618 286 746 486 660 404 752 440 566 717 449 454 131 447 687 332 289 367 637 142 235 611 763 314 106 493 157 684 291 399 429 389 766 238 797 191 103 340 377 108 483 205 222 299 396 373 510 483 334 171 729 572 602 189 188 169 710 586 252 825 341 583 872 477 480 665 567
412 462 441 121 521 464 805 628 176 223 887 297 496 442 606 269 0 450 449 489 475 288 719 715 297 140 645 552 371 142 148 572 508 276 226 353 50 521 554 634 572 85 424 138 110 648 752 453 172 711 349 481 581 489 210 545 375 289 717 222 507 482 32 498 418 466 752 191 744 133 591 82 280 896 813 384 323 437 307 423 638 164 68 506 397 723 255 694 549 205 605 186 395 296 720 517 329 540 233 782 697 474 312 743 446 271 619 22 765 390 225 405 184 428 448 489 73 765 691 393 431 514 816 465 893 468 287 122 147 399 758 461 443 453 524 887 488 353 474 546 426 311 702 484 474 668 572 763 628 152 58 641 489 332 455 748 345 406 341 550 291 248 250 207 635 59 594 693 833 223 714 462 701 491 378 163 602 711 677 770 480 767 321 359 216 675 252 837 453 441 423 615 103 202 434 690 482 337 459 409 416 853 323 252 686 247 180 531 464 731 706 758 357 753 664 880 241 147 185 737 364 542 269 175 483 642 479 900 738 631 642 493 782 202 266 366 57 355 314 57 411 762 934 597 783 402 284 298 782 651 795 455 340 752 418 728 175 151 656 94 233 290 519 554 789 614 488 614 766 172 434 599 205 683 237 644 434 379 214 551 480 127 450 873 726 123 357 759 355 444 264 154 698 522 775 505 822 316 282 95 619 249 566 223 399 412 268 136 685 721 433 331 780 465 435 455 133 181 511 606 513 822 369 315 913 426 212 670 334
432 364 235 382 465 798 525 405 608 326 624 444 59 882 407 616 450 0 713 188 752 162 960 724 302 462 936 780 176 479 344 169 734 174 276 149 473 767 165 611 242 525 561 421 561 767 781 126 436 826 216 932 248 880 245 726 237 710 690 672 243 623 417 245 829 633 932 491 544 402 785 370 669 633 590 830 682 146 394 360 388 498 463 127 825 982 197 603 877 569 368 548 67 626 834 415 220 261 663 674 949 59 446 930 784 183 626 430 855 222 676 86 532 213 161 680 443 815 622 810 716 237 937 829 629 226 620 501 450 825 740 858 330 903 106 604 285 418 330 562 676 760 895 668 788 396 908 490 602 512 487 746 794 347 372 541 763 818 402 848 586 242 200 545 867 457 706 485 658 538 977 291 521 191 818 507 257 843 653 723 601 499 141 808 657 599 263 678 768 537 390 661 473 300 686 588 300 281 244 665 610 643 291 405 463 695 335 607 270 930 457 724 316 721 460 644 263 519 295 965 276 380 716 584 478 728 700 649 707 661 698 519 997 652 195 250 507 242 266 481 855 899 647 260 987 199 554 749 733 600 841 853 152 664 242 611 586 599 319 545 481 197 162 872 565 594 45 732 500 374 84 177 533 819 495 730 295 829 328 649 35 527 848 1077 391 333 723 992 578 238 343 315 965 555 499 788 559 745 685 494 801 522 496 668 567 491 694 520 718 873 474 749 571 132 15 743 436 447 121 410 856 515 819 386 658 242 439 421 202
330 440 537 561 400 132 755 596 344 395 794 268 726 430 564 192 449 713 0 842 41 587 271 409 411 320 223 106 544 311 574 736 72 582 628 564 490 71 713 398 669 482 190 588 424 260 415 785 313 310 502 565 677 277 513 137 767 305 445 425 879 172 460 873 302 140 309 267 633 579 158 493 235 801 701 580 174 603 321 411 626 287 514 682 354 281 587 497 182 250 598 265 645 160 318 446 494 911 558 565 252 697 268 298 134 557 359 465 372 514 465 630 616 804 601 106 523 406 474 310 33 604 395 198 800 567 170 327 597 347 463 279 859 560 723 816 536 309 885 327 37 441 257 116 101 662 215 719 399 586 489 271 94 375 426 644 300 300 321 137 158 633 570 637 185 391 237 614 666 227 274 507 589 845 397 286 698 297 420 499 197 717 579 534 521 473 454 652 91 235 381 317 548 614 28 507 882 439 843 48 119 716 738 309 623 407 607 256 527 283 661 478 414 473 595 762 639 302 451 288 771 508 507 306 345 288 64 792 463 340 319 310 332 440 612 478 440 750 448 493 435 337 856 688 333 776 175 467 508 436 430 278 687 528 807 542 562 408 719 438 248 654 671 169 687 387 758 240 714 613 646 774 639 272 237 291 840 477 395 235 725 329 276 423 760 464 177 310 134 827 370 559 259 305 730 75 748 333 259 529 188 213 424 385 163 265 583 563 367 294 301 299 665 636 700 44 340 300 821 560 181 794 492 756 806 519 662 641 710
598 544 420 384 645 907 704 593 665 447 804 582 232 931 595 713 489 188 842 0 879 255 1103 905 449 550 1064 922 346 566 348 337 875 260 266 309 493 904 341 792 426 543 713 406 596 933 960 65 538 994 380 953 430 966 331 877 133 776 874 705 55 779 459 59 903 783 1090 592 732 393 935 409 751 812 776 833 778 333 539 534 575 589 475 312 886 1121 258 790 991 657 557 635 233 730 1002 598 377 75 658 863 1089 245 587 1086 892 285 805 467 1027 397 698 264 503 74 348 827 453 992 808 880 839 426 1106 927 808 414 722 576 429 888 924 940 174 922 279 780 472 573 160 737 808 794 1048 816 904 581 1019 672 784 493 506 913 913 502 551 728 831 891 556 972 698 241 273 509 1010 518 870 673 846 640 1114 475 710 2 868 596 437 1008 836 909 760 681 273 821 662 785 391 867 883 696 562 835 471 292 817 775 124 441 76 794 753 829 205 534 651 734 322 774 455 1083 643 909 479 906 648 827 250 599 393 1112 167 567 729 654 651 898 840 830 891 838 872 690 1148 681 236 419 542 151 419 499 899 1064 821 440 1140 91 672 775 919 784 1020 935 157 852 103 799 576 638 496 577 596 201 347 989 750 775 166 897 683 352 270 330 495 983 609 900 141 859 446 814 209 596 930 1231 563 400 818 1138 711 81 479 335 1101 727 680 914 740 805 761 497 955 635 679 712 713 650 684 510 895 1035 639 817 758 321 190 866 525 550 91 599 964 689 845 291 838 424 391 608 156
370 481 578 590 439 104 793 635 357 433 829 309 767 415 603 210 475 752 41 879 0 625 243 431 452 350 184 99 585 340 604 777 84 619 661 603 514 60 754 429 710 502 230 614 442 273 432 823 347 317 543 553 718 251 549 154 801 305 471 433 915 207 488 909 285 175 296 299 669 607 158 523 242 836 736 579 180 644 362 452 666 316 538 723 342 249 623 528 143 272 638 289 685 180 323 486 534 947 569 594 221 737 309 284 111 595 389 492 379 555 472 670 636 840 642 135 549 419 504 297 43 645 392 172 835 608 190 353 622 334 485 257 892 551 764 852 577 351 919 362 78 440 245 147 68 702 175 756 430 607 512 287 56 416 467 680 293 285 362 96 188 667 607 657 164 418 258 651 697 256 241 548 625 882 388 314 739 300 448 523 233 754 618 532 531 505 493 682 66 274 422 344 571 646 69 539 916 480 878 87 160 749 771 348 661 412 637 289 568 267 699 502 455 497 632 795 672 327 487 263 804 548 512 323 384 307 92 826 488 367 342 348 309 449 648 519 462 785 489 516 423 335 891 729 313 811 209 468 532 468 442 256 724 557 842 573 578 422 760 456 284 690 712 128 722 419 798 257 752 642 687 815 660 277 272 310 874 470 433 264 766 351 254 400 800 497 174 283 174 863 409 591 225 340 767 35 784 330 263 551 188 247 461 392 204 306 592 584 389 291 341 295 700 677 740 23 371 334 860 599 145 832 488 785 839 560 688 680 745
358 331 235 231 428 658 596 440 447 192 691 327 208 721 430 468 288 162 587 255 625 0 848 680 201 308 809 666 143 325 196 295 619 13 149 104 313 648 281 573 324 365 462 275 398 687 732 198 289 749 157 770 332 728 85 624 207 551 658 509 295 528 255 291 673 530 838 344 578 255 682 210 515 699 637 670 534 183 287 310 437 346 306 232 666 865 44 592 740 416 408 395 109 481 758 392 145 325 506 674 833 188 334 834 643 30 577 269 787 191 514 127 386 226 200 573 286 760 603 653 585 284 862 683 696 248 475 343 305 666 707 705 314 742 240 679 294 325 330 505 552 598 796 562 652 457 769 556 565 363 327 669 660 257 334 578 605 662 307 718 447 120 39 403 755 296 625 519 686 392 859 283 544 257 657 354 350 761 618 701 511 563 50 647 497 582 137 700 631 449 332 600 319 165 562 581 315 204 266 539 498 686 220 279 503 532 196 532 271 830 510 697 243 693 490 699 143 363 142 857 230 381 556 426 421 657 585 711 678 606 636 454 894 490 62 196 346 198 177 321 693 817 725 348 887 199 418 587 712 572 789 700 106 655 238 611 431 437 411 383 343 98 254 737 611 554 201 650 563 236 156 317 391 735 356 659 284 666 191 569 191 368 694 978 485 171 574 883 455 253 225 163 845 491 567 660 623 586 529 337 702 382 467 506 459 404 539 368 665 786 398 591 610 200 147 612 282 300 242 432 715 599 657 297 722 230 310 471 147
540 640 758 832 568 286 885 758 595 656 895 521 965 583 728 453 719 960 271 1103 243 848 0 435 659 591 121 181 786 582 845 956 228 844 899 811 757 202 933 492 873 744 401 857 682 264 403 1044 584 254 744 725 880 388 778 238 1035 525 491 660 1143 343 731 1138 460 328 128 539 748 850 181 764 474 900 804 782 414 836 567 622 793 558 782 910 524 42 852 587 231 515 772 533 894 423 255 624 739 1174 800 623 28 936 517 114 305 818 451 735 298 747 699 874 878 1070 831 280 792 369 555 482 287 814 252 333 900 785 433 597 865 516 480 411 1129 732 954 927 742 542 1155 465 301 650 109 293 261 826 236 856 498 850 755 292 240 613 627 761 497 466 558 186 430 902 835 898 93 661 303 749 739 498 47 717 712 1106 577 557 898 223 489 528 369 851 834 736 762 566 712 716 278 431 590 395 815 885 292 603 1150 679 1109 316 351 800 1009 569 766 635 879 391 740 90 806 506 647 502 739 851 909 571 717 30 1041 688 733 564 523 321 263 884 500 413 370 479 77 679 878 714 705 1019 694 759 603 211 958 888 93 1041 446 681 533 532 378 414 951 589 1074 627 816 659 905 698 517 921 893 210 797 492 1005 281 848 885 887 994 902 222 507 323 1109 664 658 348 968 595 415 163 930 735 395 40 394 1094 624 830 56 454 865 215 865 540 490 794 175 484 571 620 393 475 820 826 399 185 501 503 772 867 949 264 611 571 1074 723 272 931 685 1027 896 743 931 797 977
326 361 488 786 259 535 470 389 692 533 465 419 704 837 365 548 715 724 409 905 431 680 435 0 485 579 506 351 559 583 779 651 347 683 794 598 765 382 632 113 549 782 298 829 745 177 58 840 543 184 529 969 553 682 648 278 888 693 58 789 956 257 707 955 711 287 327 535 331 813 297 713 617 469 377 965 564 578 422 372 423 569 783 628 761 476 706 169 551 580 415 582 672 521 186 310 536 980 900 188 446 679 404 336 541 655 103 719 166 508 825 641 900 900 565 303 781 100 137 718 442 509 257 603 469 502 528 619 850 754 53 688 995 961 674 500 445 375 1010 177 393 828 326 296 499 449 578 449 122 867 771 152 483 429 354 344 702 709 392 485 482 781 688 923 378 659 173 350 305 527 478 434 305 908 800 576 564 215 77 95 247 442 643 921 866 156 558 280 497 274 348 102 817 793 394 189 992 475 939 404 337 367 893 468 373 780 805 186 456 353 411 73 436 69 350 418 797 603 603 417 910 357 873 645 260 126 344 451 64 84 89 231 416 795 734 489 735 878 503 772 839 250 527 555 394 875 464 848 103 135 121 687 783 155 917 202 876 747 548 751 486 777 600 529 375 130 761 177 439 829 640 685 920 212 488 123 965 874 540 181 717 636 685 456 549 656 580 440 393 927 484 749 479 197 456 443 444 728 644 810 280 486 230 752 331 304 931 851 42 256 292 698 348 599 718 448 582 534 845 360 570 519 886 950 463 482 900 415 828
159 168 159 323 246 505 509 330 387 75 589 142 315 647 308 341 297 302 411 449 452 201 659 485 0 219 634 478 134 236 306 340 432 201 309 152 344 465 318 383 302 382 264 370 382 485 535 387 178 548 92 730 312 603 163 428 407 466 469 476 494 329 275 491 568 334 640 224 448 351 487 258 407 598 516 660 404 199 92 132 342 245 352 279 579 680 222 419 581 310 308 293 235 343 556 226 82 522 528 506 647 286 144 636 493 173 382 290 586 117 496 218 464 428 201 380 342 561 424 554 416 237 660 544 595 190 340 272 396 576 517 586 512 707 316 590 195 124 531 308 375 554 599 368 491 374 612 466 375 433 355 468 495 56 164 452 511 558 106 548 297 295 203 486 566 264 423 396 542 264 675 166 406 452 586 256 334 560 428 516 310 470 176 626 506 405 72 549 472 248 143 401 381 310 384 412 517 43 468 364 309 558 407 112 388 488 327 330 173 634 409 510 61 505 367 583 312 278 128 666 426 244 546 349 226 456 398 602 490 408 436 255 700 467 249 82 343 396 37 352 627 616 636 327 691 401 262 555 528 389 590 581 307 482 440 447 473 408 378 375 196 293 276 574 492 363 347 449 469 357 235 376 479 534 210 457 485 621 84 368 313 300 576 782 442 194 444 692 277 454 50 272 663 292 478 487 524 506 429 385 506 236 289 457 266 202 563 426 467 586 197 499 483 232 289 444 200 183 415 308 563 528 619 466 615 141 432 373 346
292 363 379 242 404 359 720 539 167 152 792 167 495 431 514 162 140 462 320 550 350 308 591 579 219 0 528 419 333 17 254 546 373 299 313 331 188 389 525 503 521 203 284 272 177 507 614 501 44 570 299 510 530 420 223 406 458 253 584 259 579 342 143 572 367 325 616 53 641 262 453 173 207 801 712 445 227 403 192 322 556 38 209 481 368 599 293 571 444 108 522 86 397 181 579 410 281 612 333 659 571 468 182 608 343 281 485 150 624 333 283 395 323 502 410 350 213 626 565 349 306 456 676 376 799 409 173 52 286 367 624 396 543 487 510 798 413 232 571 414 293 334 566 344 361 589 471 677 499 291 193 501 373 233 354 647 302 356 224 434 161 322 280 346 504 81 453 596 720 94 591 383 596 553 369 45 552 570 545 639 340 680 320 409 304 552 209 721 339 304 314 478 244 296 301 570 572 262 538 276 276 747 421 133 592 269 287 393 393 596 618 626 268 620 568 780 325 59 167 607 457 447 333 130 359 502 343 802 606 494 503 363 651 252 314 301 157 440 249 194 409 622 844 545 650 473 147 336 650 525 655 391 393 627 499 608 298 194 598 177 93 351 486 445 689 485 505 473 678 294 420 579 345 543 96 504 527 401 146 412 485 81 386 741 661 152 267 630 215 522 172 241 576 390 689 383 730 291 223 233 481 110 447 237 258 280 367 273 547 582 305 289 677 435 447 332 26 47 550 512 414 743 399 436 816 361 347 585 405
539 647 753 763 589 186 929 786 504 617 950 491 948 464 754 375 645 936 223 1064 184 809 121 506 634 528 0 178 766 517 780 953 213 803 841 786 678 174 930 542 879 659 395 783 594 329 486 1007 529 340 724 605 887 269 733 257 984 422 558 559 1099 351 661 1093 344 327 240 479 796 778 214 699 381 956 857 668 325 823 543 622 819 492 703 901 408 96 807 641 115 439 794 459 868 349 343 642 716 1131 700 690 92 919 490 225 205 779 499 663 394 734 598 852 791 1023 820 277 716 458 612 368 224 816 364 221 956 782 358 524 787 400 557 293 1072 614 943 979 746 527 1099 496 259 540 204 291 171 854 116 896 546 765 674 354 155 595 633 808 388 351 541 94 368 848 791 810 128 590 349 788 803 433 86 718 756 1066 462 489 907 311 548 602 379 893 802 624 662 618 677 783 191 434 590 445 734 824 249 656 1098 660 1061 271 331 861 950 532 803 531 814 419 740 200 842 580 633 576 774 910 853 498 671 151 985 706 628 479 538 383 244 943 570 467 429 497 198 580 832 699 623 966 671 679 486 315 1014 897 214 995 392 572 609 582 472 296 908 654 1024 684 724 567 922 611 467 873 888 98 848 537 981 335 890 815 868 991 815 302 455 385 1055 549 617 381 948 518 298 276 955 678 299 156 357 1046 593 769 69 480 906 149 914 432 393 712 226 430 602 520 376 473 717 741 467 280 504 395 823 856 923 197 551 516 1044 749 158 972 571 959 956 736 855 828 928
366 472 583 661 411 194 752 607 450 475 777 339 786 512 576 298 552 780 106 922 99 666 181 351 478 419 178 0 606 412 671 783 47 662 721 630 594 39 760 369 705 588 224 690 530 182 344 862 407 219 564 651 713 338 597 80 855 405 397 530 961 174 561 956 382 152 203 366 621 680 60 591 339 783 684 679 277 659 386 450 640 388 618 734 440 202 671 470 200 356 616 370 713 266 225 464 559 992 664 526 169 757 335 192 206 636 327 566 281 569 569 694 721 889 654 103 626 326 442 395 134 643 292 261 783 611 276 431 700 432 404 348 950 650 777 804 573 363 975 318 126 540 151 116 158 675 227 719 372 691 594 200 138 433 458 633 393 383 378 133 261 723 654 743 88 493 181 611 635 329 198 546 580 924 487 389 732 201 381 446 202 715 652 632 626 446 530 617 163 259 418 276 652 708 118 483 970 499 928 143 169 691 831 387 625 510 704 241 568 178 664 424 469 420 596 739 731 406 537 192 862 528 610 412 361 224 81 771 412 299 266 319 232 545 697 535 545 839 513 597 522 235 840 722 231 860 271 567 454 410 348 348 769 489 894 514 668 514 745 544 339 740 719 178 673 363 824 174 712 713 708 821 745 178 330 227 930 570 477 206 789 434 347 322 777 557 273 217 213 913 442 654 187 301 729 97 738 430 361 634 89 309 423 489 212 301 688 669 309 191 330 395 649 690 768 123 437 394 893 571 220 794 587 854 784 567 764 650 796
256 199 91 351 300 639 458 297 497 182 550 276 181 765 287 471 371 176 544 346 585 143 786 559 134 333 766 606 0 351 322 213 561 152 290 41 409 596 192 447 201 456 385 399 472 592 614 281 298 651 42 836 210 735 171 550 339 586 531 577 396 447 341 395 695 457 756 350 434 378 609 307 533 559 493 753 535 69 223 188 295 365 409 148 701 809 185 455 716 434 265 415 114 475 659 257 54 421 603 535 775 152 276 754 627 132 458 357 682 52 590 89 507 343 78 505 393 646 469 679 551 148 763 677 555 106 471 381 428 699 581 716 445 811 182 541 151 243 457 391 507 660 718 493 626 317 747 416 439 479 422 571 629 172 205 434 634 684 228 682 430 264 171 526 693 356 530 375 542 393 804 140 400 349 703 375 231 667 491 569 425 423 94 724 587 447 125 557 606 361 217 489 431 303 517 443 435 106 381 497 438 542 362 245 359 593 330 432 127 754 368 567 139 564 346 556 286 393 186 790 367 239 637 464 305 554 527 569 549 491 526 345 821 563 206 74 425 333 96 417 743 723 587 226 811 319 396 656 580 442 673 712 231 518 362 471 537 505 286 461 328 240 152 708 467 430 219 557 423 369 102 246 516 643 342 556 413 729 187 473 182 410 706 900 358 249 576 817 410 370 182 286 792 382 427 620 482 624 553 442 625 368 336 564 394 314 638 479 549 697 298 622 466 101 166 578 310 306 295 288 697 465 724 441 580 87 445 329 282
302 377 396 249 415 345 734 554 151 170 806 176 513 413 528 148 142 479 311 566 340 325 582 583 236 17 517 412 351 0 263 564 367 315 325 349 188 382 543 511 538 199 287 277 167 506 617 517 59 569 316 493 547 403 240 402 471 235 590 244 594 343 149 587 350 325 611 50 653 268 449 182 190 815 725 431 211 421 205 336 571 24 210 499 350 589 309 581 430 91 537 69 414 168 578 423 299 627 323 668 562 486 191 602 329 298 491 154 624 350 269 413 322 516 427 347 216 628 574 331 297 473 674 361 812 427 160 39 289 349 629 379 555 471 528 812 430 243 584 421 286 318 561 342 348 605 457 692 506 290 191 501 361 248 368 660 284 338 236 422 152 336 296 345 496 82 454 609 732 84 581 399 609 568 351 29 570 568 552 646 342 695 338 394 294 561 227 731 327 309 327 482 245 307 294 580 585 279 552 269 274 760 433 146 606 253 297 397 409 590 633 632 284 627 581 793 338 42 184 599 469 461 320 113 369 503 337 816 612 499 506 370 643 238 330 318 152 453 267 193 392 619 858 563 643 488 142 321 657 533 657 374 408 636 513 619 292 181 615 169 96 366 503 432 703 492 523 473 693 302 438 597 344 540 97 506 540 384 163 414 503 65 369 734 678 166 251 622 213 536 189 253 566 396 704 372 744 273 205 232 477 107 458 221 259 288 357 272 551 579 314 271 690 453 465 322 43 58 567 526 400 758 383 445 829 378 352 599 419
