59
0 516 532 931 540 968 591 908 262 725 377 612 352 260 265 678 814 720 343 1104 367 214 272 920 538 604 63 678 963 1074 165 820 941 484 394 765 520 307 687 980 99 618 661 223 315 683 370 591 349 681 669 470 1067 245 945 551 632 841 123
516 0 737 873 588 792 782 623 367 934 725 825 573 647 389 630 662 661 175 899 216 435 593 490 524 124 477 309 845 813 498 606 475 67 611 653 621 312 857 716 428 544 283 294 362 943 458 93 244 571 415 404 858 331 439 315 610 351 506
532 737 0 482 203 611 58 679 734 206 210 90 192 297 378 321 487 347 651 740 744 720 260 858 275 736 582 650 554 771 692 553 926 671 146 421 145 746 154 705 581 335 653 597 384 206 279 829 745 387 532 358 715 690 1018 503 280 896 653
931 873 482 0 390 211 445 412 1049 458 688 469 593 754 687 263 229 223 884 296 990 1065 694 695 404 801 962 617 106 382 1066 320 788 810 562 220 417 1035 396 370 941 344 638 894 654 547 566 944 1003 303 473 510 288 998 936 558 304 833 1035
540 588 203 390 0 457 221 485 677 359 349 269 211 382 305 150 314 189 541 594 645 684 314 655 74 563 572 453 430 600 679 364 725 520 192 252 58 672 276 523 555 135 459 524 281 395 180 676 653 194 330 184 562 627 823 314 101 702 646
968 792 611 211 457 0 590 225 1034 640 799 624 667 840 706 307 154 270 843 136 946 1065 771 515 435 698 986 498 108 175 1081 185 610 737 650 207 504 1009 566 163 956 351 523 882 661 722 600 848 965 287 377 503 105 982 768 492 356 677 1056
591 782 58 445 221 590 0 677 791 153 259 47 249 354 432 316 477 336 702 715 797 778 319 873 296 773 640 675 525 755 751 550 945 715 203 411 169 802 96 695 639 345 680 653 434 173 327 873 799 389 550 393 693 747 1045 532 281 923 712
908 623 679 412 485 225 677 0 918 768 831 720 671 841 645 361 213 346 711 288 806 962 766 290 431 514 912 314 324 189 992 126 385 579 668 272 543 882 683 93 874 350 340 776 593 836 568 665 828 292 242 444 249 868 543 368 398 456 976
262 367 734 1049 677 1034 791 918 0 938 619 822 541 506 373 786 884 826 212 1161 155 75 493 846 646 485 200 629 1055 1102 151 861 840 370 588 850 678 60 885 1003 170 708 606 155 397 911 497 412 128 760 678 541 1121 52 801 552 747 718 179
725 934 206 458 359 640 153 768 938 0 363 116 397 473 584 415 556 422 855 751 950 921 454 991 433 921 778 809 556 814 888 642 1069 866 351 495 315 952 87 769 782 466 817 803 587 92 480 1025 951 496 676 539 736 896 1179 674 394 1058 847
377 725 210 688 349 799 259 831 619 363 0 262 174 116 335 495 662 529 596 933 670 586 135 960 400 759 436 727 754 948 542 712 1015 666 163 598 296 646 347 872 451 481 723 510 369 309 304 817 663 543 641 429 905 585 1078 572 448 958 499
612 825 90 469 269 624 47 720 822 116 262 0 281 366 469 358 517 376 741 747 834 805 340 919 343 819 664 722 554 792 775 593 992 759 235 452 216 835 86 735 666 391 728 687 474 126 368 917 835 433 597 439 726 779 1092 580 326 970 734
352 573 192 593 211 667 249 671 541 397 174 281 0 173 193 361 520 400 467 804 556 529 103 786 242 594 396 553 640 803 507 557 840 510 46 461 175 554 344 720 391 327 549 406 211 382 130 666 555 392 470 254 772 498 906 398 312 785 469
260 647 297 754 382 840 354 841 506 473 116 366 173 0 266 533 694 572 504 976 569 471 75 935 415 696 320 694 809 977 425 730 980 593 193 634 340 537 447 893 337 500 686 408 310 424 278 737 559 566 630 409 945 475 1027 541 484 910 383
265 389 378 687 305 706 432 645 373 584 335 469 193 266 0 427 552 469 274 841 365 379 204 688 284 430 280 443 708 809 379 555 724 331 236 506 305 374 522 715 254 358 431 224 53 575 124 481 366 419 410 205 803 324 762 299 383 646 351
678 630 321 263 150 307 316 361 786 415 495 358 361 533 427 0 167 42 623 443 730 803 465 577 142 575 705 420 284 454 806 234 658 564 343 103 199 772 329 384 681 85 435 630 391 477 308 709 742 82 275 248 412 734 780 320 49 663 777
814 662 487 229 314 154 477 213 884 556 662 517 520 694 552 167 0 140 698 289 803 912 623 476 283 580 832 390 182 286 927 96 566 603 506 65 366 861 473 218 802 198 412 730 507 628 446 727 820 133 250 349 254 832 710 352 214 604 902
720 661 347 223 189 270 336 346 826 422 529 376 400 572 469 42 140 0 661 405 768 844 504 579 184 602 747 438 242 423 849 219 663 596 380 75 234 812 337 359 723 121 454 671 432 490 350 739 781 96 291 287 375 775 791 348 89 676 819
343 175 651 884 541 843 702 711 212 855 596 741 467 504 274 623 698 661 0 965 106 271 461 635 493 280 302 417 876 898 328 664 635 160 511 673 559 170 788 799 253 540 393 120 269 849 377 248 121 584 476 376 925 167 613 352 592 519 332
1104 899 740 296 594 136 715 288 1161 751 933 747 804 976 841 443 289 405 965 0 1066 1194 907 560 571 797 1120 595 195 132 1213 300 652 849 785 344 639 1133 682 197 1089 487 621 1010 795 837 736 948 1086 423 490 636 40 1109 817 612 492 740 1190
367 216 744 990 645 946 797 806 155 950 670 834 556 569 365 730 803 768 106 1066 0 229 536 704 599 339 313 503 982 994 301 766 692 233 601 779 660 96 886 896 268 646 478 161 368 938 477 256 27 690 575 482 1025 133 646 454 698 567 319
214 435 720 1065 684 1065 778 962 75 921 586 805 529 471 379 803 912 844 271 1194 229 0 469 907 661 550 152 683 1079 1142 77 897 906 432 575 874 679 136 873 1044 139 729 660 186 412 887 503 485 202 785 720 564 1155 104 872 593 761 786 111
272 593 260 694 314 771 319 766 493 454 135 340 103 75 204 465 623 504 461 907 536 469 0 862 342 633 324 622 743 904 434 656 909 536 132 564 277 516 415 820 330 428 615 377 244 418 204 684 530 493 555 335 875 456 960 468 415 842 394
920 490 858 695 655 515 873 290 846 991 960 919 786 935 688 577 476 579 635 560 704 907 862 0 583 366 904 245 614 435 957 379 94 476 800 518 712 796 904 366 858 528 259 734 635 1044 660 492 731 494 325 531 525 803 257 393 597 195 953
538 524 275 404 74 435 296 431 646 433 400 343 242 415 284 142 283 184 493 571 599 661 342 583 0 492 562 378 425 562 664 315 651 456 237 228 129 635 349 478 538 85 385 491 249 470 167 610 609 151 258 121 537 595 748 240 101 627 635
604 124 736 801 563 698 773 514 485 921 759 819 594 696 430 575 580 602 280 797 339 550 633 366 492 0 574 201 761 703 608 513 355 121 626 581 605 432 839 608 525 493 175 392 390 943 468 151 366 507 329 381 756 445 342 257 565 239 611
63 477 582 962 572 986 640 912 200 778 436 664 396 320 280 705 832 747 302 1120 313 152 324 904 562 574 0 665 987 1083 110 831 919 452 440 786 558 246 736 988 49 639 647 183 325 740 396 548 293 700 670 484 1083 186 913 548 659 813 73
678 309 650 617 453 498 675 314 629 809 727 722 553 694 443 420 390 438 417 595 503 683 622 245 378 201 665 0 567 503 726 315 287 270 572 402 506 586 723 407 621 348 26 503 391 848 424 353 527 341 147 301 554 582 370 155 423 249 718
963 845 554 106 430 108 525 324 1055 556 754 554 640 809 708 284 182 242 876 195 982 1079 743 614 425 761 987 567 0 276 1087 254 708 785 615 205 468 1036 487 271 962 350 590 901 668 642 592 909 998 295 432 515 182 1003 862 534 332 765 1060
1074 813 771 382 600 175 755 189 1102 814 948 792 803 977 809 454 286 423 898 132 994 1142 904 435 562 703 1083 503 276 0 1169 253 526 768 792 351 652 1068 738 98 1048 476 530 956 759 895 717 853 1016 410 423 603 108 1051 691 549 500 622 1149
165 498 692 1066 679 1081 751 992 151 888 542 775 507 425 379 806 927 849 328 1213 301 77 434 957 664 608 110 726 1087 1169 0 919 962 488 551 884 667 211 847 1072 125 737 705 224 420 848 500 555 275 796 749 577 1175 169 937 624 763 847 43
820 606 553 320 364 185 550 126 861 642 712 593 557 730 555 234 96 219 664 300 766 897 656 379 315 513 831 315 254 253 919 0 471 552 551 147 420 832 557 163 797 231 339 712 506 709 465 663 785 169 192 350 260 809 616 311 273 514 899
941 475 926 788 725 610 945 385 840 1069 1015 992 840 980 724 658 566 663 635 652 692 906 909 94 651 355 919 287 708 526 962 471 0 474 858 606 781 787 982 460 871 603 294 742 674 1118 711 459 719 575 395 587 618 801 165 442 675 136 962
484 67 671 810 520 737 715 579 370 866 666 759 510 593 331 564 603 596 160 849 233 432 536 476 456 121 452 270 785 768 488 552 474 0 547 591 553 321 790 670 403 478 245 271 300 878 393 158 258 507 360 336 808 328 461 252 543 361 489
394 611 146 562 192 650 203 668 588 351 163 235 46 193 236 343 506 380 511 785 601 575 132 800 237 626 440 572 615 792 551 551 858 547 0 444 147 600 298 713 436 319 571 452 250 338 158 704 600 383 479 271 755 544 931 418 294 810 512
765 653 421 220 252 207 411 272 850 495 598 452 461 634 506 103 65 75 673 344 779 874 564 518 228 581 786 402 205 351 884 147 606 591 444 0 302 831 411 284 759 147 421 695 464 564 395 724 794 89 256 310 311 798 741 338 150 630 858
520 621 145 417 58 504 169 543 678 315 296 216 175 340 305 199 366 234 559 639 660 679 277 712 129 605 558 506 468 652 667 420 781 553 147 302 0 679 236 578 545 194 511 529 292 342 184 711 665 251 387 224 610 630 876 363 151 754 632
307 312 746 1035 672 1009 802 882 60 952 646 835 554 537 374 772 861 812 170 1133 96 136 516 796 635 432 246 586 1036 1068 211 832 787 321 600 831 679 0 894 969 209 692 562 150 390 931 495 353 69 741 645 525 1092 62 743 521 736 663 236
687 857 154 396 276 566 96 683 885 87 347 86 344 447 522 329 473 337 788 682 886 873 415 904 349 839 736 723 487 738 847 557 982 790 298 411 236 894 0 688 735 379 732 744 519 156 410 947 888 409 588 458 664 840 1092 590 306 972 808
980 716 705 370 523 163 695 93 1003 769 872 735 720 893 715 384 218 359 799 197 896 1044 820 366 478 608 988 407 271 98 1072 163 460 670 713 284 578 969 688 0 952 393 434 858 665 844 628 759 917 329 325 510 160 952 623 451 427 543 1053
99 428 581 941 555 956 639 874 170 782 451 666 391 337 254 681 802 723 253 1089 268 139 330 858 538 525 49 621 962 1048 125 797 871 403 436 759 545 209 735 952 0 612 601 133 295 749 375 499 249 671 632 453 1051 147 864 508 637 764 101
618 544 335 344 135 351 345 350 708 466 481 391 327 500 358 85 198 121 540 487 646 729 428 528 85 493 639 348 350 476 737 231 603 478 319 147 194 692 379 393 612 0 360 552 317 515 248 624 659 65 209 167 452 656 714 236 74 595 710
661 283 653 638 459 523 680 340 606 817 723 728 549 686 431 435 412 454 393 621 478 660 615 259 385 175 647 26 590 530 705 339 294 245 571 421 511 562 732 434 601 360 0 481 380 854 419 327 502 357 165 300 580 559 364 153 435 242 698
223 294 597 894 524 882 653 776 155 803 510 687 406 408 224 630 730 671 120 1010 161 186 377 734 491 392 183 503 901 956 224 712 742 271 452 695 529 150 744 858 133 552 481 0 243 785 346 368 153 606 534 386 971 103 730 407 592 632 220
315 362 384 654 281 661 434 593 397 587 369 474 211 310 53 391 507 432 269 795 368 412 244 635 249 390 325 391 668 759 420 506 674 300 250 464 292 390 519 665 295 317 380 243 0 586 108 455 373 376 357 158 757 346 717 246 350 599 395
683 943 206 547 395 722 173 836 911 92 309 126 382 424 575 477 628 490 849 837 938 887 418 1044 470 943 740 848 642 895 848 709 1118 878 338 564 342 931 156 844 749 515 854 785 586 0 485 1036 936 554 722 563 820 872 1218 705 448 1097 806
370 458 279 566 180 600 327 568 497 480 304 368 130 278 124 308 446 350 377 736 477 503 204 660 167 468 396 424 592 717 500 465 711 393 158 395 184 495 410 628 375 248 419 346 108 485 0 551 481 313 351 131 701 448 776 269 263 655 469
591 93 829 944 676 848 873 665 412 1025 817 917 666 737 481 709 727 739 248 948 256 485 684 492 610 151 548 353 909 853 555 663 459 158 704 724 711 353 947 759 499 624 327 368 455 1036 551 0 284 645 477 491 907 385 392 390 692 326 568
349 244 745 1003 653 965 799 828 128 951 663 835 555 559 366 742 820 781 121 1086 27 202 530 731 609 366 293 527 998 1016 275 785 719 258 600 794 665 69 888 917 249 659 502 153 373 936 481 284 0 704 596 494 1045 109 674 473 709 594 294
681 571 387 303 194 287 389 292 760 496 543 433 392 566 419 82 133 96 584 423 690 785 493 494 151 507 700 341 295 410 796 169 575 507 383 89 251 741 409 329 671 65 357 606 376 554 313 645 704 0 195 220 387 708 698 256 107 582 771
669 415 532 473 330 377 550 242 678 676 641 597 470 630 410 275 250 291 476 490 575 720 555 325 258 329 670 147 432 423 749 192 395 360 479 256 387 645 588 325 632 209 165 534 357 722 351 477 596 195 0 220 450 627 506 126 283 388 733
470 404 358 510 184 503 393 444 541 539 429 439 254 409 205 248 349 287 376 636 482 564 335 531 121 381 484 301 515 603 577 350 587 336 271 310 224 525 458 510 453 167 300 386 158 563 131 491 494 220 220 0 599 489 663 147 216 541 553
1067 858 715 288 562 105 693 249 1121 736 905 726 772 945 803 412 254 375 925 40 1025 1155 875 525 537 756 1083 554 182 108 1175 260 618 808 755 311 610 1092 664 160 1051 452 580 971 757 820 701 907 1045 387 450 599 0 1069 782 572 461 703 1152
245 331 690 998 627 982 747 868 52 896 585 779 498 475 324 734 832 775 167 1109 133 104 456 803 595 445 186 582 1003 1051 169 809 801 328 544 798 630 62 840 952 147 656 559 103 346 872 448 385 109 708 627 489 1069 0 769 501 696 682 185
945 439 1018 936 823 768 1045 543 801 1179 1078 1092 906 1027 762 780 710 791 613 817 646 872 960 257 748 342 913 370 862 691 937 616 165 461 931 741 876 743 1092 623 864 714 364 730 717 1218 776 392 674 698 506 663 782 769 0 516 789 122 945
551 315 503 558 314 492 532 368 552 674 572 580 398 541 299 320 352 348 352 612 454 593 468 393 240 257 548 155 534 549 624 311 442 252 418 338 363 521 590 451 508 236 153 407 246 705 269 390 473 256 126 147 572 501 516 0 307 394 609
632 610 280 304 101 356 281 398 747 394 448 326 312 484 383 49 214 89 592 492 698 761 415 597 101 565 659 423 332 500 763 273 675 543 294 150 151 736 306 427 637 74 435 592 350 448 263 692 709 107 283 216 461 696 789 307 0 670 732
841 351 896 833 702 677 923 456 718 1058 958 970 785 910 646 663 604 676 519 740 567 786 842 195 627 239 813 249 765 622 847 514 136 361 810 630 754 663 972 543 764 595 242 632 599 1097 655 326 594 582 388 541 703 682 122 394 670 0 851
123 506 653 1035 646 1056 712 976 179 847 499 734 469 383 351 777 902 819 332 1190 319 111 394 953 635 611 73 718 1060 1149 43 899 962 489 512 858 632 236 808 1053 101 710 698 220 395 806 469 568 294 771 733 553 1152 185 945 609 732 851 0
