194
0 621 787 554 463 759 684 637 782 650 42 356 481 127 316 829 834 519 564 135 853 157 388 991 703 450 445 347 782 452 748 211 953 732 745 835 273 761 233 487 775 133 718 737 180 901 559 878 646 739 656 383 852 878 524 290 100 193 372 244 813 420 734 579 1039 749 721 457 609 513 667 781 241 940 327 925 429 827 386 233 131 684 495 378 767 697 1092 383 598 747 853 1087 414 532 37 774 1066 1176 548 487 778 768 432 404 279 510 806 371 599 205 862 830 448 324 491 703 436 400 642 558 436 794 613 159 485 784 420 325 108 780 667 747 381 597 672 714 805 454 163 785 807 673 681 874 824 389 334 1061 183 511 1125 795 149 490 891 400 492 281 606 838 296 778 461 989 645 606 867 986 347 735 473 798 739 821 420 1048 626 445 817 637 634 945 338 334 541 770 722 303 706 290 280 249 925 301
621 0 534 658 226 527 193 52 169 1020 660 514 333 627 548 209 259 789 87 680 475 490 792 656 735 822 743 333 782 173 373 485 737 747 1093 216 351 490 575 828 892 573 849 767 702 284 118 269 502 891 641 271 370 327 899 665 633 432 279 533 202 311 889 581 739 849 936 505 791 663 221 660 403 774 296 774 194 925 289 413 674 67 163 601 427 613 854 244 38 380 738 800 280 135 632 281 784 914 87 900 976 715 197 370 443 111 488 377 338 657 757 711 544 586 365 90 468 229 266 110 393 174 725 606 778 200 543 528 534 161 706 530 239 418 1032 172 715 861 516 952 312 69 62 478 573 699 786 856 495 115 878 290 507 136 413 281 686 693 43 218 637 216 848 877 411 15 272 652 310 916 654 480 800 529 758 757 582 178 293 18 913 708 420 563 946 320 518 375 440 435 415 754 731 372
787 534 0 371 684 30 350 585 513 771 827 448 325 701 500 607 432 553 469 746 151 635 670 206 326 656 561 720 326 516 174 575 206 319 806 624 588 43 584 631 483 833 467 341 735 575 629 527 150 508 256 668 286 395 699 607 726 688 487 865 513 398 510 274 254 442 586 348 479 414 314 165 711 241 565 242 581 492 455 574 904 567 448 479 120 184 336 609 563 164 224 307 426 629 819 311 287 410 578 734 601 248 601 389 508 527 76 422 225 940 243 201 376 516 304 507 356 611 268 447 352 552 393 661 568 447 402 482 769 539 322 46 577 191 772 395 222 706 793 561 307 586 528 175 42 559 709 327 786 502 365 322 770 574 285 699 456 643 492 607 577 409 682 348 153 537 481 202 492 548 440 77 384 48 599 265 227 525 347 544 625 181 449 491 755 256 70 736 99 497 766 741 197 506
554 658 371 0 692 341 553 707 729 410 586 218 324 436 242 819 698 182 571 463 508 442 311 560 149 287 196 662 228 539 462 375 454 178 461 833 486 374 320 260 252 649 200 182 437 829 699 785 238 238 129 636 603 693 328 291 464 550 442 725 745 363 235 102 573 215 277 161 135 49 512 272 598 418 500 399 585 297 412 427 686 718 504 176 437 199 583 583 669 454 322 604 402 684 592 579 584 668 652 364 318 228 606 307 335 587 434 319 356 749 327 306 132 230 293 684 201 595 451 548 272 763 72 397 198 683 152 240 586 747 113 324 551 279 414 606 272 337 633 299 595 727 688 534 387 211 362 540 636 566 616 599 606 616 621 672 90 320 617 823 270 652 313 443 323 653 748 556 423 259 88 429 188 419 237 575 144 543 629 676 274 460 301 221 384 537 305 652 355 331 667 418 419 388
463 226 684 692 0 670 393 211 391 987 496 497 396 510 510 404 485 777 234 557 663 374 732 841 804 776 717 123 866 170 551 400 890 823 1072 404 241 643 501 794 944 382 893 840 590 496 116 490 608 930 718 81 582 552 858 600 506 272 250 320 424 336 927 643 917 904 956 532 812 681 405 776 222 914 202 909 110 985 281 318 484 266 236 580 598 711 1019 113 189 556 859 977 296 92 464 490 959 1088 140 845 1004 813 88 386 390 162 657 373 461 450 876 831 561 547 429 315 492 98 427 249 426 386 764 502 757 426 548 496 360 377 770 667 142 523 1004 388 825 805 325 990 525 247 283 671 727 662 708 1011 303 185 1047 504 325 113 626 66 691 619 241 414 579 439 799 1005 538 211 498 836 270 947 659 649 865 693 719 934 661 162 512 233 909 866 399 531 897 519 649 171 585 387 207 653 877 318
759 527 30 341 670 0 349 579 517 744 800 418 302 672 470 611 441 524 459 717 174 608 639 236 303 625 531 701 308 500 180 548 220 297 780 628 565 46 554 601 462 807 444 320 706 584 618 536 119 485 229 650 301 408 670 577 697 664 466 842 518 375 487 244 280 421 562 318 452 384 311 151 688 247 544 246 565 474 433 549 877 564 434 449 129 158 355 591 555 170 218 331 405 617 792 318 311 431 567 704 579 231 586 364 481 515 98 397 209 915 237 193 346 485 279 506 327 594 260 437 326 555 366 632 539 452 372 452 743 542 296 16 558 166 744 396 209 676 769 540 317 582 525 199 65 529 679 341 762 490 385 331 745 561 304 682 426 612 485 611 547 414 652 350 133 530 491 232 469 525 410 96 363 77 569 291 197 509 357 539 598 200 421 461 725 264 39 715 87 470 745 711 207 481
684 193 350 553 393 349 0 242 179 948 727 470 258 654 517 272 159 711 159 708 281 533 755 462 597 771 682 473 631 260 181 503 548 603 1010 288 418 308 570 766 761 673 725 625 719 277 305 236 352 768 504 410 190 193 840 643 668 519 312 661 191 282 768 460 545 717 826 422 688 571 41 492 511 592 369 593 317 786 300 452 767 217 196 548 237 460 661 362 228 190 566 606 274 314 705 99 590 720 260 854 859 558 331 328 443 233 297 351 197 770 585 540 465 551 278 157 395 355 103 149 329 215 611 623 709 130 474 494 620 200 574 355 341 279 957 53 550 816 619 829 134 237 178 285 388 649 766 666 603 214 685 116 603 281 234 432 603 676 159 275 611 105 799 699 252 202 205 458 337 800 573 290 663 340 705 563 446 270 134 201 824 518 398 524 892 127 347 506 265 432 544 756 546 390
637 52 585 707 211 579 242 0 181 1062 674 556 382 653 587 196 285 833 136 705 523 514 829 703 786 862 785 328 834 201 423 515 788 799 1137 199 372 542 608 869 943 578 899 818 729 285 95 279 555 940 693 270 411 358 940 700 657 444 313 528 214 354 939 631 787 900 984 551 839 710 272 712 410 826 318 826 207 976 326 439 681 55 206 643 477 665 903 254 42 431 791 848 321 119 645 324 833 963 88 939 1025 768 205 414 478 138 538 418 390 656 810 764 590 625 414 112 514 237 319 159 439 175 774 634 821 227 587 568 544 166 757 582 256 470 1075 214 768 899 521 1002 354 37 79 524 625 739 821 906 499 150 927 331 514 146 453 273 732 727 95 206 673 249 888 930 463 54 291 699 343 965 699 531 852 580 798 805 633 204 331 41 959 759 460 603 986 366 570 373 492 471 412 784 783 405
782 169 513 729 391 517 179 181 0 1119 822 626 421 776 668 94 117 882 219 830 412 643 912 584 776 933 847 502 808 330 339 628 700 782 1184 110 509 473 709 932 940 741 905 804 847 120 276 100 531 947 683 440 273 191 1006 791 785 597 422 702 33 425 947 638 671 896 1004 592 865 745 221 665 572 751 454 755 362 965 422 563 842 127 294 709 394 638 798 412 202 349 735 732 405 298 796 206 719 846 255 1015 1038 734 366 480 577 273 450 496 376 826 755 711 635 705 445 79 561 398 283 229 490 38 789 750 877 70 640 646 700 28 753 525 404 458 1128 126 723 976 684 1008 223 151 108 405 547 810 915 811 664 270 817 202 674 305 309 449 775 822 175 96 761 108 961 861 431 185 110 580 452 979 744 445 842 494 868 691 626 337 188 158 999 667 542 679 1056 260 520 544 438 568 584 893 703 512
650 1020 771 410 987 744 948 1062 1119 0 657 506 698 531 480 1203 1100 236 933 514 915 634 266 941 461 212 276 914 507 869 872 590 800 481 95 1216 748 781 490 194 366 781 341 464 470 1226 1030 1184 647 317 515 913 1014 1100 130 393 553 759 757 888 1138 708 312 512 933 383 232 526 292 380 909 638 819 741 785 719 896 404 737 671 761 1085 857 419 847 588 900 875 1021 864 651 947 740 1009 682 985 929 978 991 163 266 562 913 649 599 928 839 643 758 848 644 647 484 442 673 1063 557 891 851 913 630 1149 378 516 241 1079 479 497 737 1133 454 727 850 686 24 1000 609 196 796 307 1003 1088 1060 941 780 326 315 846 810 912 930 1006 773 943 1031 945 345 383 982 1208 409 1051 193 708 732 1011 1149 938 729 277 375 836 427 820 268 929 549 869 1036 1038 148 817 604 461 111 946 710 886 765 602 882 403 762 673
42 660 827 586 496 800 727 674 822 657 0 393 524 152 351 868 875 540 604 145 896 199 400 1032 736 463 467 377 815 492 790 252 992 764 752 873 314 802 266 503 801 141 744 769 189 941 594 919 685 764 691 416 895 920 535 314 123 229 414 253 853 463 759 615 1079 777 741 495 634 543 710 819 273 977 367 962 467 853 429 276 106 722 537 410 809 735 1131 420 636 789 889 1126 457 567 33 816 1106 1214 585 494 798 803 469 446 320 549 848 413 641 190 898 866 485 356 533 743 475 437 684 599 478 833 643 189 506 825 456 361 135 819 699 787 420 639 680 756 841 463 182 808 850 711 721 916 864 412 343 1099 205 551 1163 837 174 527 934 431 521 300 646 877 323 819 472 1024 687 645 908 1027 389 757 503 840 769 862 439 1088 663 485 860 675 651 984 380 369 547 813 762 331 748 332 305 254 963 344
356 514 448 218 497 418 470 556 626 506 393 0 211 255 53 705 629 282 429 298 543 226 286 654 360 308 229 450 437 364 456 159 599 387 584 716 273 429 136 313 467 436 412 396 288 740 526 703 299 444 302 432 586 648 385 176 281 331 254 507 649 204 441 223 693 432 460 102 319 192 436 425 380 584 296 569 396 514 231 209 484 580 351 87 457 341 738 384 514 451 497 737 234 507 392 531 716 822 486 389 510 414 415 146 117 422 483 137 308 540 507 473 94 81 198 564 93 398 386 409 141 653 288 215 266 597 67 34 372 637 323 404 355 273 520 517 449 350 416 501 557 583 558 567 481 184 297 705 418 406 771 553 389 439 617 467 195 212 479 711 145 575 335 635 326 505 675 650 228 455 163 475 407 488 243 701 269 365 581 533 412 593 99 54 432 506 379 437 383 115 449 304 570 180
481 333 325 324 396 302 258 382 421 698 524 211 0 421 260 505 417 462 246 473 372 324 496 518 413 513 426 405 471 228 267 276 519 430 766 518 263 291 321 511 564 511 518 448 476 532 380 493 216 559 323 360 384 438 585 386 440 364 165 540 442 73 557 253 578 521 602 173 457 330 224 384 386 530 243 522 286 600 132 255 589 394 181 289 286 315 656 301 344 266 466 632 106 369 510 321 612 733 331 596 643 416 307 79 208 267 329 111 117 618 482 439 215 293 33 365 140 307 177 223 70 451 392 385 456 387 218 237 448 435 381 294 267 137 708 307 430 558 469 621 350 402 366 392 366 391 509 638 461 244 687 344 446 302 419 395 356 420 292 510 354 364 541 613 172 328 463 514 167 583 325 321 477 350 448 590 266 235 371 351 583 501 152 266 636 302 272 415 232 196 444 505 499 185
127 627 701 436 510 672 654 653 776 531 152 255 421 0 207 836 811 391 557 53 785 139 265 908 585 326 317 410 664 454 687 150 854 614 625 844 281 680 120 361 649 252 592 617 79 896 588 867 554 612 545 429 805 846 403 163 29 246 354 356 805 373 607 472 949 624 593 358 482 392 630 677 305 835 335 819 450 701 357 214 256 694 481 259 698 593 991 411 612 685 744 993 380 563 165 734 972 1076 567 370 650 656 459 341 214 517 730 311 536 333 752 722 342 206 423 701 345 429 594 546 363 794 490 40 358 767 313 221 206 779 549 659 399 519 553 691 695 335 265 657 766 688 684 807 736 261 218 957 280 512 1024 756 243 509 840 454 368 155 604 844 170 754 339 876 570 614 849 903 324 607 351 723 616 740 293 956 521 450 782 645 507 849 269 222 425 722 634 373 630 225 361 145 823 265
316 548 500 242 510 470 517 587 668 480 351 53 260 207 0 744 676 268 465 248 596 202 244 706 389 274 206 451 468 390 509 137 646 417 562 755 276 482 86 286 481 407 424 424 236 784 550 748 351 453 340 440 638 697 354 126 235 317 277 486 692 243 449 265 743 449 459 152 324 206 484 469 371 628 308 612 416 530 260 204 446 615 386 75 510 385 784 397 545 504 538 786 268 529 353 581 765 868 513 352 512 452 433 189 120 451 536 172 361 507 547 516 134 38 249 603 147 413 436 447 190 694 306 167 247 642 105 22 344 678 352 455 371 326 495 563 489 312 393 507 608 616 595 620 532 153 249 749 398 437 817 603 366 463 669 474 198 160 515 750 94 622 300 673 379 538 721 702 249 459 171 528 430 540 212 750 313 390 631 567 400 642 128 22 398 558 431 432 436 123 440 250 615 193
829 209 607 819 404 611 272 196 94 1203 868 705 505 836 744 0 192 968 282 889 500 699 988 668 870 1013 929 524 903 382 433 692 791 876 1271 16 560 567 778 1015 1033 775 997 898 910 103 288 124 625 1040 777 466 357 261 1088 865 842 639 485 723 97 501 1039 730 756 989 1095 677 954 832 314 760 606 843 505 848 401 1059 490 622 877 145 361 789 487 732 885 449 231 443 830 817 476 314 840 298 804 930 283 1094 1130 829 400 558 646 320 543 571 468 852 849 805 720 781 531 141 645 433 376 297 572 57 880 813 961 161 723 723 740 72 846 620 447 551 1214 220 818 1055 717 1101 311 159 152 492 640 890 988 900 696 323 903 292 710 340 388 468 861 894 232 10 835 199 1041 954 525 223 162 665 515 1070 830 537 936 586 948 776 719 387 274 192 1086 757 616 756 1137 352 615 569 533 637 608 960 795 577
834 259 432 698 485 441 159 285 117 1100 875 629 417 811 676 192 0 863 277 865 312 686 914 476 722 928 837 586 745 390 262 660 604 725 1158 208 562 395 729 921 887 809 857 747 877 142 375 94 479 900 633 523 165 74 996 803 823 659 462 783 97 442 901 600 564 844 964 577 831 720 193 593 643 661 510 667 436 907 454 605 907 236 338 706 312 578 694 485 296 272 657 624 431 394 852 125 612 738 345 1011 993 668 445 488 601 345 362 511 342 901 676 634 620 710 435 173 552 474 249 277 488 148 751 781 863 59 630 654 762 143 704 452 470 418 1108 119 651 974 754 960 126 260 206 302 461 807 926 711 735 334 711 110 741 386 196 537 755 836 248 188 771 56 956 773 380 273 50 473 490 935 726 358 788 405 863 584 578 399 86 254 971 570 558 683 1048 177 452 625 372 591 665 915 612 545
519 789 553 182 777 524 711 833 882 236 540 282 462 391 268 968 863 0 701 398 691 454 169 738 279 121 73 720 348 645 639 398 619 306 304 981 545 557 308 83 273 638 219 298 359 989 808 947 419 229 304 709 781 865 145 228 418 578 536 733 901 478 223 284 745 260 202 290 113 146 672 442 635 571 575 551 679 325 513 472 646 853 627 197 618 377 737 664 792 632 475 769 513 789 556 749 750 821 767 186 259 379 697 418 389 702 617 417 521 724 475 465 247 235 436 828 322 679 614 680 396 913 175 362 35 842 246 281 582 897 258 507 636 451 246 763 428 166 637 268 768 858 827 717 568 131 233 689 647 684 769 770 612 721 800 743 108 239 750 973 228 814 141 570 499 781 912 735 510 217 138 612 276 602 104 744 326 647 800 807 131 629 382 247 201 711 488 698 536 390 703 314 582 459
564 87 469 571 234 459 159 136 219 933 604 429 246 557 465 282 277 701 0 611 431 424 709 610 651 737 657 315 700 114 321 411 674 664 1006 291 291 426 496 741 807 532 763 683 630 339 159 314 423 804 558 252 350 334 814 583 566 383 204 508 249 224 803 495 689 763 848 417 704 575 172 584 365 707 237 704 161 840 208 344 631 151 79 515 371 533 797 209 101 327 664 750 196 162 579 258 733 862 109 816 889 636 173 284 364 73 432 292 260 625 683 637 457 502 278 143 380 199 202 23 306 236 638 533 691 223 455 444 486 221 621 460 193 337 945 164 639 777 476 866 293 156 130 438 510 613 706 795 458 57 823 273 464 122 394 272 599 613 50 289 555 224 764 806 335 82 304 606 234 829 566 424 716 470 672 706 498 122 285 105 826 648 337 478 861 284 446 351 372 355 390 678 666 296
135 680 746 463 557 717 708 705 830 514 145 298 473 53 248 889 865 398 611 0 834 190 255 953 612 318 325 453 691 507 738 204 893 641 609 897 332 726 162 357 664 268 607 643 44 950 638 921 598 624 579 475 857 899 390 177 50 288 407 378 859 427 619 508 991 642 598 400 497 417 683 714 346 871 386 854 500 716 411 267 251 747 535 290 747 630 1029 460 664 735 778 1034 433 612 167 788 1013 1114 618 351 654 688 509 393 267 570 778 363 587 335 786 758 380 240 473 754 390 479 647 600 413 847 513 87 363 821 352 264 232 832 577 703 450 566 537 745 729 319 291 666 819 740 737 857 780 274 199 993 309 565 1063 810 272 560 892 499 389 158 658 897 193 808 327 907 618 666 903 949 378 615 377 770 639 786 296 998 558 502 835 697 505 889 320 260 405 775 678 413 677 278 397 113 861 319
853 475 151 508 663 174 281 523 412 915 896 543 372 785 596 500 312 691 431 834 0 697 793 180 477 786 690 724 476 508 114 646 292 470 954 517 621 134 674 765 634 878 618 492 830 451 585 403 272 659 403 665 150 261 836 714 807 726 512 892 403 437 661 407 264 593 736 453 625 547 259 314 736 351 586 360 572 642 485 626 960 492 437 591 87 332 387 609 510 112 362 326 455 592 882 206 311 440 538 866 752 398 590 449 577 500 76 482 255 983 381 343 488 619 363 426 449 607 240 414 422 449 539 747 702 341 510 576 817 439 471 190 581 270 917 311 369 836 832 712 189 514 453 26 163 680 825 399 820 477 407 209 811 550 138 692 589 750 439 498 683 304 813 464 217 483 356 176 526 699 568 79 535 107 726 283 366 518 227 482 771 258 518 593 891 157 205 748 162 565 783 846 301 555
157 490 635 442 374 608 533 514 643 634 199 226 324 139 202 699 686 454 424 190 697 0 369 837 587 421 384 282 664 317 591 67 809 613 724 707 142 607 147 448 683 210 626 622 218 763 449 737 498 654 527 293 696 726 503 241 143 125 223 284 673 263 650 447 888 651 653 319 524 408 513 643 184 801 195 788 310 732 233 80 269 556 350 276 610 560 948 272 473 590 718 938 259 423 185 619 917 1030 427 481 708 639 319 248 127 379 651 215 442 315 729 694 320 225 336 566 292 290 485 415 282 659 508 128 426 639 294 202 145 644 549 596 259 444 653 566 672 443 191 707 653 549 548 717 673 325 337 920 196 376 980 641 164 369 735 321 399 253 469 708 229 629 441 860 490 476 722 832 195 658 373 643 631 667 373 898 490 312 664 507 582 798 186 224 535 614 572 252 551 138 250 279 782 145
388 792 670 311 732 639 755 829 912 266 400 286 496 265 244 988 914 169 709 255 793 369 0 867 438 63 117 651 511 629 722 331 766 466 359 999 491 664 230 106 441 517 388 461 211 1026 785 989 523 395 441 655 859 929 137 132 289 493 517 622 935 487 390 397 885 430 353 347 282 262 720 584 553 725 533 706 648 493 503 413 506 859 630 209 712 510 891 621 787 716 629 915 512 763 422 811 895 976 752 113 409 532 663 431 352 692 723 417 584 590 631 615 307 207 480 847 364 639 668 691 426 938 331 250 135 883 289 265 471 922 410 623 599 530 287 803 580 73 529 427 836 859 839 818 692 112 65 846 544 679 924 833 507 699 886 686 220 116 759 995 156 861 73 734 583 781 960 864 487 378 230 717 443 716 74 887 447 629 863 810 254 772 372 232 165 782 600 621 631 358 616 153 730 427
991 656 206 560 841 236 462 703 584 941 1032 654 518 908 706 668 476 738 610 953 180 837 867 0 480 848 755 895 449 681 290 779 176 463 962 684 779 230 790 819 612 1030 612 482 942 606 766 560 355 648 434 838 311 413 883 812 932 882 672 1054 571 590 652 470 87 578 734 554 650 606 439 302 898 250 749 267 746 605 643 773 1105 671 611 683 245 361 220 781 691 284 307 148 613 772 1022 383 136 262 718 923 736 381 765 589 711 678 190 622 407 1137 320 301 581 721 502 604 563 780 414 592 554 620 568 868 758 513 607 688 967 612 488 251 751 393 938 491 337 898 988 692 360 694 633 180 176 759 910 248 978 655 235 382 965 727 281 866 649 847 620 664 783 477 873 355 347 664 514 4 682 691 637 199 523 169 795 108 420 691 395 662 792 144 652 697 938 337 275 916 286 700 949 946 205 703
703 735 326 149 804 303 597 786 776 461 736 360 413 585 389 870 722 279 651 612 477 587 438 480 0 400 321 788 79 640 465 519 342 29 484 885 616 347 469 362 164 796 140 36 583 862 793 815 245 182 93 756 600 702 416 437 614 689 556 867 785 468 184 161 473 121 260 281 175 194 555 178 734 292 622 271 694 190 524 564 835 788 594 326 425 147 457 699 751 455 196 492 508 783 741 598 474 541 744 464 275 102 715 420 473 681 401 439 403 897 195 188 268 379 379 743 319 710 493 627 379 812 106 547 307 720 292 385 732 797 37 288 666 320 458 650 150 446 776 238 606 800 753 502 326 351 495 409 778 657 489 615 750 716 607 791 226 465 692 872 419 685 421 299 345 732 773 477 543 221 235 400 66 373 363 470 152 646 644 751 312 357 431 369 469 549 278 784 352 467 801 559 305 517
450 822 656 287 776 625 771 862 933 212 463 308 513 326 274 1013 928 121 737 318 786 421 63 848 400 0 95 702 469 664 723 378 736 427 303 1025 536 654 278 45 387 578 336 419 274 1046 823 1007 514 339 415 701 862 938 82 180 350 546 552 682 955 512 333 381 859 379 292 352 234 242 734 557 606 691 575 671 687 437 535 459 570 888 659 224 708 487 857 664 820 716 595 886 541 802 484 820 867 941 787 83 347 498 704 454 390 726 714 444 591 653 595 583 310 236 493 872 375 681 679 718 443 961 294 307 92 901 297 293 530 945 376 609 641 531 231 821 546 50 588 367 843 890 866 812 675 123 127 810 601 711 889 842 565 737 886 733 199 173 787 1019 197 876 28 692 582 812 975 844 523 319 217 708 397 703 65 860 429 664 872 840 191 744 401 258 124 788 588 673 626 395 671 217 699 464
445 743 561 196 717 531 682 785 847 276 467 229 426 317 206 929 837 73 657 325 690 384 117 755 321 95 0 653 395 593 628 330 649 350 356 942 481 559 236 85 340 564 285 345 288 958 754 918 418 299 325 646 768 845 159 154 345 508 481 660 868 432 293 287 770 323 276 260 174 148 644 468 566 608 514 589 622 392 461 406 573 809 580 142 612 395 774 604 744 621 512 799 464 734 482 728 779 859 715 177 332 415 639 373 327 652 618 367 498 650 514 498 217 170 403 789 286 620 588 637 357 876 214 289 42 812 208 222 509 860 293 514 577 436 290 732 463 145 565 340 749 812 785 716 581 59 174 729 575 635 807 749 540 667 791 679 105 167 707 935 156 786 123 619 487 734 885 751 454 290 121 613 330 608 42 771 335 593 779 762 198 656 327 186 211 694 493 630 530 329 633 247 613 399
347 333 720 662 123 701 473 328 502 914 377 450 405 410 451 524 586 720 315 453 724 282 651 895 788 702 653 0 857 216 609 325 922 811 1003 525 177 682 424 725 915 259 860 825 489 612 236 602 622 895 709 63 663 648 784 521 402 164 240 200 535 334 891 630 965 877 909 507 770 642 476 788 107 936 167 928 155 960 274 248 361 382 287 526 650 716 1056 114 299 612 870 1023 299 210 344 572 1004 1130 246 764 961 812 142 371 334 242 706 349 495 328 886 843 529 484 435 423 469 118 483 324 414 502 734 409 696 528 511 441 241 491 752 696 144 542 933 479 832 725 202 952 607 365 394 736 763 596 620 1042 179 259 1086 589 204 199 707 57 645 535 338 534 505 536 722 1018 568 317 605 890 247 906 614 697 844 737 649 980 657 206 601 343 850 901 360 474 817 592 675 47 622 335 84 556 904 273
782 782 326 228 866 308 631 834 808 507 815 437 471 664 468 903 745 348 700 691 476 664 511 449 79 469 395 857 0 700 483 596 294 50 517 919 688 355 549 430 163 874 167 50 662 887 848 839 280 200 149 822 610 717 478 516 693 763 622 943 815 531 203 227 429 129 287 354 237 273 589 161 807 233 691 212 756 166 589 638 914 831 649 405 437 171 395 764 801 473 145 440 570 840 820 620 423 477 798 528 287 77 777 486 548 736 403 508 445 975 137 148 344 459 438 783 390 774 530 676 444 846 182 626 378 748 369 463 809 831 115 295 731 363 500 683 112 514 853 243 623 846 795 500 316 428 570 344 854 712 426 635 827 774 612 857 304 543 738 904 498 712 489 223 378 781 795 447 610 243 314 403 79 368 437 423 205 706 663 797 359 314 504 448 528 568 292 855 373 542 874 637 257 589
452 173 516 539 170 500 260 201 330 869 492 364 228 454 390 382 390 645 114 507 508 317 629 681 640 664 593 216 700 0 393 314 721 658 948 389 179 475 406 675 786 418 738 676 529 449 162 427 438 777 552 156 449 445 744 500 460 269 112 400 361 175 774 479 755 745 810 378 665 533 260 606 253 743 124 738 64 825 132 240 517 239 71 451 436 542 852 103 159 397 688 814 136 145 466 359 795 923 122 740 855 644 85 232 277 63 494 228 291 512 705 660 412 428 262 251 338 99 268 114 267 343 610 433 630 337 404 371 372 328 607 498 80 353 883 275 655 700 363 838 395 234 231 519 559 543 619 842 345 59 880 377 350 77 492 185 550 526 154 390 473 336 690 834 368 159 419 677 142 797 517 485 703 528 602 770 494 9 392 190 774 698 265 407 788 376 479 246 417 271 284 582 707 204
748 373 174 462 551 180 181 423 339 872 790 456 267 687 509 433 262 639 321 738 114 591 722 290 465 723 628 609 483 393 0 543 367 465 921 449 508 134 581 708 629 766 603 487 738 405 478 357 228 646 379 550 141 236 781 631 707 614 399 778 339 328 647 360 368 586 715 375 590 493 151 330 622 413 472 416 457 646 373 517 851 398 322 514 55 319 480 494 405 10 397 429 343 483 775 138 412 542 429 805 739 406 476 347 475 388 116 378 151 871 417 373 415 535 264 336 364 492 125 302 324 377 505 650 646 272 433 487 706 365 450 190 466 192 877 222 389 772 719 704 140 419 359 129 208 610 748 484 707 365 505 152 699 437 163 578 533 667 334 432 600 234 751 522 141 379 312 285 414 682 508 109 529 158 660 386 329 403 180 381 735 336 418 508 835 85 190 633 112 463 668 760 366 447
211 485 575 375 400 548 503 515 628 590 252 159 276 150 137 692 660 398 411 204 646 67 331 779 519 378 330 325 596 314 543 0 745 546 678 701 159 549 100 400 618 278 561 555 219 748 460 718 435 590 460 323 656 695 460 199 166 181 207 350 657 223 586 380 828 585 593 252 461 343 479 577 237 736 204 722 321 667 207 82 332 553 334 212 559 494 884 291 474 541 651 876 229 436 244 584 855 967 432 445 647 572 334 196 68 378 596 164 392 382 662 627 253 164 282 555 227 308 445 399 225 648 442 122 372 617 226 135 213 633 482 536 271 386 608 541 605 405 257 644 616 549 540 667 613 271 310 855 261 370 917 606 231 376 693 355 335 219 459 700 180 604 400 792 435 473 699 775 176 596 308 588 564 610 324 837 423 311 631 503 528 735 127 160 496 574 511 300 495 80 305 268 717 116
953 737 206 454 890 220 548 788 700 800 992 599 519 854 646 791 604 619 674 893 292 809 766 176 342 736 649 922 294 721 367 745 0 319 811 807 780 248 733 702 452 1014 461 335 874 743 834 696 312 493 325 871 442 552 759 734 881 877 684 1057 694 592 497 385 135 422 581 497 518 504 515 182 904 73 762 92 785 439 652 757 1077 766 654 607 311 263 139 812 767 358 149 150 624 835 988 493 131 222 784 804 576 240 806 574 681 733 251 606 429 1121 157 154 512 653 493 703 517 815 472 653 533 738 443 813 643 630 541 632 949 727 360 225 779 381 794 589 192 784 979 530 479 786 727 305 164 665 817 121 974 708 171 498 955 780 424 903 545 767 696 789 708 592 759 180 354 741 648 175 686 536 540 258 373 208 691 129 334 730 519 747 651 35 624 633 812 440 247 934 305 671 963 866 37 691
732 747 319 178 823 297 603 799 782 481 764 387 430 614 417 876 725 306 664 641 470 613 466 463 29 427 350 811 50 658 465 546 319 0 499 892 640 342 498 389 165 823 151 22 613 866 809 818 251 190 106 776 597 701 441 466 643 714 577 893 790 487 192 181 452 123 272 305 200 223 562 163 758 266 644 245 713 183 544 589 863 798 609 354 423 146 431 720 765 455 171 468 527 799 769 600 450 514 759 490 282 81 734 441 498 696 395 461 413 925 169 166 293 408 396 752 342 729 501 640 399 819 135 575 335 724 319 412 759 804 64 283 686 330 476 656 128 473 803 242 606 812 764 495 315 380 524 382 804 673 463 616 776 733 602 812 256 494 704 878 448 689 448 269 351 745 775 460 564 231 264 394 65 364 392 448 165 664 645 762 332 335 455 397 493 550 276 807 353 492 825 589 282 541
745 1093 806 461 1072 780 1010 1137 1184 95 752 584 766 625 562 1271 1158 304 1006 609 954 724 359 962 484 303 356 1003 517 948 921 678 811 499 0 1284 834 820 579 278 361 876 350 480 565 1288 1109 1245 693 317 551 1000 1062 1154 222 483 647 849 837 982 1201 783 313 561 946 388 230 593 331 439 970 662 909 747 870 725 978 389 815 758 856 1157 931 497 891 622 900 959 1096 912 662 954 816 1090 777 1040 938 974 1070 258 243 581 995 723 682 1006 878 720 816 943 653 663 551 525 739 1132 626 975 910 985 701 1216 416 609 317 1141 550 578 831 1200 484 764 933 741 72 1063 626 290 889 289 1056 1162 1131 980 810 409 410 844 903 988 928 1060 867 1023 1076 1032 409 475 1055 1275 498 1111 286 700 784 1085 1208 960 810 274 441 875 439 854 354 940 593 949 1090 1111 187 831 683 543 206 998 749 976 811 685 974 498 774 755
835 216 624 833 404 628 288 199 110 1216 873 716 518 844 755 16 208 981 291 897 517 707 999 684 885 1025 942 525 919 389 449 701 807 892 1284 0 567 583 787 1027 1049 778 1012 913 918 112 289 137 641 1055 792 469 373 277 1100 875 850 644 494 724 113 512 1054 744 772 1004 1109 691 968 846 330 776 610 860 512 864 406 1075 500 629 880 151 371 801 504 748 901 453 236 459 846 833 487 315 844 315 821 946 287 1105 1144 845 404 570 656 327 559 582 483 854 866 821 733 792 545 153 658 437 391 308 585 72 895 822 974 177 736 734 744 87 861 636 453 566 1226 235 834 1066 720 1116 328 162 161 509 656 901 998 917 699 331 920 308 714 345 404 469 874 904 242 20 846 215 1052 971 541 230 177 681 524 1085 843 554 951 603 960 792 734 394 290 199 1100 774 627 767 1149 369 631 571 549 647 610 969 812 586
273 351 588 486 241 565 418 372 509 748 314 273 263 281 276 560 562 545 291 332 621 142 491 779 616 536 481 177 688 179 508 159 780 640 834 567 0 553 260 555 738 259 684 653 359 629 307 605 471 717 541 165 595 610 618 358 284 105 110 277 540 189 714 460 841 701 732 334 592 465 405 632 124 786 54 776 168 784 135 77 350 416 224 349 539 555 918 132 332 509 713 895 166 282 289 511 875 996 285 604 783 648 178 209 157 240 588 181 371 362 727 687 353 311 286 431 297 150 390 285 252 522 557 266 522 511 334 265 203 508 579 557 117 399 765 443 672 564 210 775 546 408 410 638 629 425 468 898 199 239 949 531 190 227 636 198 467 378 333 569 338 507 559 860 435 336 594 774 96 729 437 579 670 612 480 853 492 173 552 367 676 764 185 298 655 515 534 167 494 158 187 418 758 99
761 490 43 374 643 46 308 542 473 781 802 429 291 680 482 567 395 557 426 726 134 607 664 230 347 654 559 682 355 475 134 549 248 342 820 583 553 0 564 632 507 801 487 365 718 538 586 490 141 529 269 628 255 362 702 594 704 655 450 830 473 363 531 274 287 465 604 332 490 414 271 198 675 284 528 285 540 520 419 543 876 524 407 468 83 200 376 569 519 124 263 342 390 586 792 272 323 448 535 734 623 277 561 359 481 485 59 392 186 909 282 239 364 501 272 464 336 571 224 404 324 511 404 641 570 407 389 463 738 498 338 59 537 163 782 353 256 704 760 584 271 543 485 160 84 553 701 369 752 460 404 284 738 532 260 659 456 630 449 567 564 369 681 391 118 494 444 225 457 568 437 55 408 60 596 300 231 485 311 501 637 223 422 475 758 218 70 698 59 470 730 728 240 474
233 575 584 320 501 554 570 608 709 490 266 136 321 120 86 778 729 308 496 162 674 147 230 790 469 278 236 424 549 406 581 100 733 498 579 787 260 564 0 302 547 336 490 503 156 827 558 794 435 515 425 424 706 757 360 98 148 272 295 425 735 287 510 351 829 519 508 238 384 279 541 556 331 714 303 698 419 598 287 182 365 642 417 144 588 472 870 391 566 578 624 872 304 535 271 642 852 955 527 344 563 536 433 243 132 470 616 218 431 431 632 602 221 90 317 638 227 408 498 481 257 731 380 80 279 690 192 101 277 715 433 540 370 405 509 612 575 304 330 565 671 640 626 697 617 177 212 836 339 459 903 664 305 473 739 455 262 120 545 785 82 673 299 757 457 563 771 786 264 515 240 609 505 623 226 836 400 404 691 593 435 728 171 102 395 624 515 397 516 141 397 186 702 202
487 828 631 260 794 601 766 869 932 194 503 313 511 361 286 1015 921 83 741 357 765 448 106 819 362 45 85 725 430 675 708 400 702 389 278 1027 555 632 302 0 342 613 292 380 315 1043 835 1002 493 294 385 721 848 928 74 208 386 573 563 715 953 517 288 358 827 335 247 344 193 218 728 524 632 655 592 634 702 392 544 479 609 893 664 226 690 458 820 681 828 701 558 852 548 815 522 811 833 904 797 103 303 462 719 457 405 735 692 450 581 691 558 548 301 248 488 874 371 698 672 722 442 962 258 339 62 897 293 303 563 945 341 584 656 517 210 817 511 84 620 322 832 896 870 791 648 132 171 772 633 719 852 832 596 749 870 753 176 206 791 1020 220 871 58 651 567 818 970 816 535 273 199 687 356 679 75 827 404 675 862 846 148 712 410 267 127 776 564 699 607 408 698 260 665 479
775 892 483 252 944 462 761 943 940 366 801 467 564 649 481 1033 887 273 807 664 634 683 441 612 164 387 340 915 163 786 629 618 452 165 361 1049 738 507 547 342 0 884 57 142 628 1027 944 980 409 50 256 889 762 866 369 488 678 797 693 968 950 611 56 311 588 44 135 412 167 276 719 322 848 386 753 364 835 52 663 676 906 948 746 407 588 310 538 835 907 620 306 592 650 931 813 763 577 614 896 425 124 237 856 557 585 831 559 571 566 978 295 311 385 459 531 905 452 847 657 783 520 976 180 615 308 884 404 484 823 961 187 448 803 483 355 814 276 422 874 80 770 959 914 658 477 390 506 483 879 809 566 779 847 863 767 924 285 506 850 1036 479 849 398 342 510 889 938 610 676 89 310 559 99 527 376 580 314 791 809 909 230 475 554 458 411 713 440 904 517 582 916 587 416 641
133 573 833 649 382 807 673 578 741 781 141 436 511 252 407 775 809 638 532 268 878 210 517 1030 796 578 564 259 874 418 766 278 1014 823 876 778 259 801 336 613 884 0 826 831 313 857 491 841 702 851 738 309 853 863 654 410 228 154 369 112 774 441 847 658 1087 854 840 530 720 613 663 852 169 1010 303 997 379 934 393 258 102 630 476 478 794 769 1154 329 545 767 928 1139 423 464 108 768 1118 1235 492 619 896 850 376 443 335 468 841 410 625 107 940 903 531 424 529 661 501 343 650 532 482 747 713 275 606 755 504 410 65 735 758 797 339 641 803 693 882 585 57 900 803 616 635 896 873 506 466 1128 79 475 1186 788 69 436 895 316 598 406 567 785 410 755 591 1070 683 557 836 1026 352 850 575 832 838 861 543 1098 700 410 807 587 758 1002 390 429 673 774 773 211 744 344 178 382 989 327
718 849 467 200 893 444 725 899 905 341 744 412 518 592 424 997 857 219 763 607 618 626 388 612 140 336 285 860 167 738 603 561 461 151 350 1012 684 487 490 292 57 826 0 130 571 996 896 950 378 43 225 836 740 840 326 431 621 741 642 911 916 562 43 269 596 44 121 361 110 220 683 314 792 400 700 378 785 109 612 621 849 906 699 350 565 287 559 783 862 594 312 607 601 883 756 734 590 638 849 381 135 231 806 507 529 784 542 520 529 921 305 312 332 402 485 866 401 795 622 740 470 940 128 558 254 851 349 427 766 925 153 428 751 446 333 779 275 375 816 103 743 917 874 643 466 333 453 506 822 762 589 751 790 815 748 872 228 450 807 1000 422 817 350 371 477 845 908 610 623 81 253 541 89 513 322 591 279 742 781 866 195 481 500 401 372 686 418 849 490 526 861 532 424 587
737 767 341 182 840 320 625 818 804 464 769 396 448 617 424 898 747 298 683 643 492 622 461 482 36 419 345 825 50 676 487 555 335 22 480 913 653 365 503 380 142 831 130 0 613 888 828 841 272 169 125 792 620 724 430 467 646 725 592 903 812 504 171 197 468 101 252 318 189 225 583 183 770 278 659 257 729 161 560 600 868 819 628 359 445 168 442 735 784 478 186 483 543 817 775 622 465 525 778 479 260 100 751 456 509 715 417 476 434 932 181 183 303 413 414 773 356 745 522 659 414 841 132 579 328 746 328 420 767 826 73 305 702 351 459 678 145 465 812 220 628 832 784 517 337 378 520 392 814 691 474 638 786 751 625 827 255 494 724 900 450 711 439 273 372 765 797 479 579 210 266 416 43 386 387 464 185 681 667 783 316 352 468 403 481 572 298 820 375 503 838 587 297 554
180 702 735 437 590 706 719 729 847 470 189 288 476 79 236 910 877 359 630 44 830 218 211 942 583 274 288 489 662 529 738 219 874 613 565 918 359 718 156 315 628 313 571 613 0 967 667 937 586 587 556 509 861 908 346 146 89 324 426 422 876 436 581 489 977 608 557 387 461 389 692 694 383 849 412 831 527 680 426 290 295 769 553 268 744 611 1009 490 688 734 755 1017 446 641 212 795 997 1095 644 307 614 663 537 397 275 593 771 369 587 379 762 736 363 222 473 774 382 508 652 618 413 867 483 97 324 835 336 255 275 851 549 691 477 561 492 758 705 274 334 627 825 764 758 854 767 239 154 971 351 587 1043 817 314 586 895 533 358 121 678 918 167 821 283 880 613 689 917 938 395 576 348 764 607 777 255 983 540 525 843 720 463 872 324 244 360 779 666 451 671 286 437 69 842 335
901 284 575 829 496 584 277 285 120 1226 941 740 532 896 784 103 142 989 339 950 451 763 1026 606 862 1046 958 612 887 449 405 748 743 866 1288 112 629 538 827 1043 1027 857 996 888 967 0 380 48 618 1039 771 553 301 192 1117 908 905 715 542 813 92 542 1039 734 693 983 1100 699 964 849 317 735 688 802 574 808 479 1048 542 683 959 230 414 821 455 719 826 528 313 415 799 752 523 404 915 267 742 864 367 1128 1131 811 481 595 696 392 504 613 473 940 819 776 743 820 554 198 671 513 378 349 602 110 886 870 986 147 750 762 818 122 843 595 522 552 1235 225 794 1090 800 1099 268 249 222 438 603 923 1032 846 779 389 841 253 791 420 324 558 881 940 295 94 878 178 1074 914 518 299 95 603 572 1072 851 500 928 547 980 714 716 456 228 270 1102 709 659 794 1168 319 594 657 513 686 696 1012 752 632
559 118 629 699 116 618 305 95 276 1030 594 526 380 588 550 288 375 808 159 638 585 449 785 766 793 823 754 236 848 162 478 460 834 809 1109 289 307 586 558 835 944 491 896 828 667 380 0 374 576 936 703 181 488 446 904 654 589 365 272 435 309 336 934 634 846 902 972 539 826 695 327 740 325 866 256 863 139 981 294 380 593 150 199 612 529 684 957 178 80 485 821 908 298 27 564 397 891 1021 51 898 1016 787 129 394 433 112 591 391 416 565 839 794 574 588 414 203 499 160 362 181 427 270 769 574 792 316 567 532 462 261 762 619 190 490 1045 290 793 857 433 997 430 130 170 590 670 704 770 955 411 136 982 408 429 86 531 180 712 678 146 298 629 334 848 965 493 106 384 762 300 958 679 583 857 630 762 864 644 160 412 121 937 807 426 568 947 433 604 282 531 428 321 725 825 359
878 269 527 785 490 536 236 279 100 1184 919 703 493 867 748 124 94 947 314 921 403 737 989 560 815 1007 918 602 839 427 357 718 696 818 1245 137 605 490 794 1002 980 841 950 841 937 48 374 0 571 993 725 541 253 147 1076 873 878 695 514 802 67 507 993 689 648 937 1055 658 920 806 275 687 671 754 551 760 462 1001 511 656 941 224 386 783 407 672 780 512 302 367 751 708 491 397 893 219 697 820 355 1089 1085 763 466 559 664 373 456 578 429 927 771 728 701 783 514 179 631 498 334 322 564 107 840 840 945 105 710 726 798 113 796 547 502 507 1193 186 746 1051 784 1052 220 246 208 391 555 884 997 800 764 368 796 205 773 406 278 549 839 905 274 116 842 133 1035 866 472 285 47 558 543 1026 809 452 881 499 941 669 670 434 179 258 1058 661 625 757 1128 271 547 645 466 654 684 980 704 602
646 502 150 238 608 119 352 555 531 647 685 299 216 554 351 625 479 419 423 598 272 498 523 355 245 514 418 622 280 438 228 435 312 251 693 641 471 141 435 493 409 702 378 272 586 618 576 571 0 421 153 576 368 463 563 457 580 565 381 746 540 287 422 135 394 365 488 198 362 275 310 168 595 315 458 306 499 433 348 445 767 550 379 329 199 110 451 517 524 219 250 440 323 570 680 355 420 532 525 594 514 212 520 263 370 465 200 294 165 809 267 222 226 366 186 502 210 523 250 399 221 568 277 514 430 474 252 334 637 553 225 104 483 86 651 405 218 564 667 481 366 565 515 298 181 412 560 427 662 441 483 373 643 507 383 611 316 492 459 627 427 440 541 397 100 502 529 351 379 456 296 194 311 194 455 402 101 445 403 517 507 300 312 341 619 308 80 630 118 360 656 591 288 380
739 891 508 238 930 485 768 940 947 317 764 444 559 612 453 1040 900 229 804 624 659 654 395 648 182 339 299 895 200 777 646 590 493 190 317 1055 717 529 515 294 50 851 43 169 587 1039 936 993 421 0 268 872 782 883 319 450 641 771 680 938 959 601 5 311 629 70 87 399 131 252 726 352 823 429 735 408 823 98 650 653 869 948 740 378 607 329 585 820 903 637 345 636 640 922 777 777 620 662 889 375 93 268 844 545 562 824 583 557 572 943 336 347 368 429 526 909 439 832 664 781 510 983 167 580 264 894 384 458 792 967 196 470 788 489 307 822 311 373 844 61 786 959 916 684 506 351 461 530 850 803 614 794 818 854 790 907 255 466 849 1043 443 860 350 391 520 886 951 646 660 42 283 582 125 554 333 622 322 781 824 908 179 514 535 430 360 729 460 881 533 560 892 543 456 621
656 641 256 129 718 229 504 693 683 515 691 302 323 545 340 777 633 304 558 579 403 527 441 434 93 415 325 709 149 552 379 460 325 106 551 792 541 269 425 385 256 738 225 125 556 771 703 725 153 268 0 673 517 615 449 412 573 620 473 801 693 382 268 81 444 212 337 210 222 178 462 143 662 293 542 275 607 284 440 495 785 694 503 288 343 74 456 615 659 369 199 474 421 693 693 509 454 541 653 489 360 112 629 338 407 590 327 360 310 842 207 180 208 339 290 650 244 625 400 534 295 719 137 505 324 628 236 331 673 704 71 213 582 226 515 557 150 465 713 327 518 707 660 429 266 339 491 415 713 566 489 526 687 626 527 708 220 444 598 779 388 593 440 333 253 639 683 431 462 303 215 324 160 305 366 445 59 558 556 657 369 330 359 323 504 461 198 708 266 399 728 543 290 442
