192
0 966 690 603 680 638 393 335 1074 476 577 282 263 922 140 814 822 637 670 858 1042 578 175 136 663 551 525 288 681 203 222 402 561 497 141 802 151 628 336 735 952 439 651 227 887 574 1000 1082 244 549 465 738 388 448 384 290 90 466 869 737 321 680 822 841 415 614 483 961 897 65 790 865 209 763 450 649 922 543 448 970 951 772 237 995 344 266 233 267 1040 343 428 37 654 678 319 666 838 983 886 802 400 533 657 734 725 197 824 520 293 587 479 447 1001 231 600 247 936 797 695 1027 436 578 480 969 291 826 869 444 606 626 157 869 454 479 846 593 886 290 66 1067 852 751 203 766 655 715 48 705 445 303 541 628 800 338 628 247 930 311 459 471 402 887 881 512 280 610 331 868 751 485 536 1116 691 408 577 957 188 559 314 677 611 158 800 380 263 586 664 714 637 760 972 1002
966 0 326 761 662 540 575 633 531 792 594 1003 704 317 980 559 155 1092 373 192 385 470 847 871 916 421 443 929 314 959 868 616 435 537 882 213 823 1065 665 422 161 527 337 863 599 408 222 418 772 618 1024 362 931 642 932 884 879 537 134 482 662 374 520 507 609 949 502 191 611 986 686 460 831 203 842 334 399 1043 564 520 462 499 967 202 889 865 738 838 316 692 740 958 639 524 1005 483 225 509 381 497 988 740 385 329 295 783 425 678 740 815 850 691 408 924 664 723 390 304 414 246 550 497 900 114 676 447 467 725 567 399 820 211 539 541 388 699 205 843 966 429 179 246 817 504 348 708 923 680 599 759 454 582 486 761 1017 733 342 977 915 828 687 334 171 1060 733 531 937 606 267 484 703 438 318 678 585 459 818 1080 681 414 433 879 292 770 842 740 458 253 1056 221 206 374
690 326 0 691 639 229 303 359 725 465 519 684 429 491 678 618 248 982 336 342 608 373 608 577 848 155 188 609 35 734 557 304 295 394 584 120 564 958 452 448 264 280 247 645 686 122 476 650 468 294 870 98 764 317 764 564 611 228 199 506 369 57 296 589 294 858 207 429 700 723 710 565 602 157 704 66 551 912 388 667 341 543 652 460 564 660 457 632 560 496 413 674 604 509 809 460 349 665 516 266 819 642 61 63 296 532 224 574 430 733 722 364 353 708 600 469 553 385 408 508 351 409 768 388 420 242 573 398 507 322 534 368 237 383 495 630 379 524 677 651 168 261 515 250 36 694 653 666 278 558 303 271 548 577 919 444 514 655 774 699 364 480 195 916 428 212 751 683 64 218 607 680 281 516 509 615 520 947 459 393 354 578 119 605 635 665 432 130 954 232 281 579
603 761 691 0 124 828 510 507 564 868 175 843 512 527 721 291 615 335 395 574 603 321 430 630 159 559 529 808 659 439 710 633 396 303 648 731 486 307 355 345 850 474 464 377 338 595 654 629 630 806 320 788 279 723 282 780 534 614 748 295 566 730 972 345 641 188 580 637 343 567 206 393 396 629 172 625 478 306 330 459 1032 301 790 661 826 342 537 336 640 311 790 628 129 240 391 277 541 477 459 942 321 74 712 755 471 451 914 126 651 57 153 768 1035 395 97 454 496 463 347 667 378 286 191 692 457 930 392 793 196 385 576 564 593 321 426 62 577 750 656 606 766 524 639 917 662 125 561 131 672 313 388 851 328 272 257 563 519 851 218 147 718 491 793 336 623 794 325 317 714 528 93 658 458 240 185 476 622 340 373 347 349 662 799 224 340 27 302 604 297 558 893 568
680 662 639 124 0 803 511 522 442 882 136 896 544 409 786 168 524 451 314 472 479 268 505 685 258 524 499 853 604 537 756 637 350 283 704 660 548 423 387 240 766 464 396 462 221 558 538 505 665 796 443 737 394 724 397 820 603 602 666 183 584 683 930 221 643 303 563 525 227 652 110 270 471 552 285 573 356 429 325 337 974 181 843 547 861 433 574 421 518 354 803 700 37 140 504 187 439 354 339 900 440 160 669 700 385 507 863 160 678 180 271 774 968 492 80 495 374 359 254 549 372 233 312 585 487 881 269 803 134 317 627 458 583 306 307 92 469 786 726 482 689 438 683 877 613 56 635 30 670 378 348 831 207 342 371 597 399 899 339 260 728 373 714 460 651 770 435 200 651 507 146 534 378 280 144 352 668 462 409 260 285 715 736 304 425 119 215 536 411 474 811 445
638 540 229 828 803 0 336 369 949 272 670 542 418 717 581 815 478 1074 533 571 836 537 616 505 975 280 303 467 258 743 449 247 455 527 505 327 551 1053 515 649 433 356 445 672 889 249 705 879 393 101 936 179 828 190 826 427 579 223 406 701 340 172 184 795 234 970 249 659 903 688 890 778 623 387 796 267 774 992 499 885 317 741 524 689 408 699 429 674 790 566 249 612 766 689 842 643 577 885 736 164 876 766 170 210 510 536 199 703 345 859 820 208 378 730 749 479 777 604 604 737 451 570 858 614 440 195 785 231 669 506 484 597 243 507 712 773 609 395 604 879 362 484 436 127 229 859 613 832 199 614 454 42 751 645 1022 404 740 504 857 798 239 704 379 986 358 34 799 882 277 300 737 909 488 612 661 836 449 1024 510 586 530 493 256 686 675 801 617 356 1052 458 427 807
393 575 303 510 511 336 0 58 782 372 375 461 130 585 410 574 437 738 336 489 712 280 306 298 647 158 132 396 290 433 314 125 219 230 310 409 260 717 178 436 560 61 284 350 653 182 637 756 210 297 601 369 493 213 492 354 310 113 476 466 97 306 506 575 132 637 101 593 666 421 613 578 304 371 460 257 610 656 186 693 607 508 415 628 381 371 163 344 694 229 293 383 475 430 518 394 474 699 570 480 543 442 283 355 366 228 477 384 196 533 485 262 641 411 444 165 620 455 388 667 139 302 522 589 118 486 585 292 385 292 245 504 92 206 534 461 521 313 391 746 459 378 251 447 267 565 353 542 162 279 205 350 529 309 687 160 600 446 520 463 218 557 489 651 177 302 469 640 361 91 417 790 332 280 367 660 248 688 175 367 295 310 420 350 346 483 378 322 716 379 583 675
335 633 359 507 522 369 58 0 821 362 387 415 72 631 355 600 493 711 379 542 758 312 255 242 635 216 190 355 347 384 267 132 261 250 255 467 204 691 157 473 618 110 335 305 679 239 689 801 164 316 567 420 459 220 457 315 252 152 534 497 61 358 546 606 143 619 153 646 691 364 628 614 257 429 437 314 651 626 200 728 654 538 368 681 348 329 105 304 742 207 283 325 486 455 474 423 526 736 612 521 506 436 335 409 415 175 524 383 160 524 464 261 691 365 450 114 662 501 425 718 159 329 497 644 70 531 620 286 402 334 188 556 134 226 574 463 573 276 334 790 517 431 200 487 323 574 295 552 178 246 244 378 561 281 665 106 645 405 493 444 211 602 547 617 136 336 430 665 418 149 414 835 381 269 381 699 195 657 146 405 332 256 474 327 305 481 410 379 692 434 640 720
1074 531 725 564 442 949 782 821 0 1129 501 1235 871 236 1153 276 489 864 448 390 149 511 904 1041 661 700 695 1176 693 963 1087 890 563 584 1058 668 926 837 741 348 689 721 520 878 229 718 311 131 985 989 884 808 836 958 839 1135 987 824 622 337 878 783 1002 235 889 723 777 341 228 1060 372 209 873 573 726 682 177 861 638 106 979 302 1186 330 1163 855 908 838 222 731 1057 1085 452 396 944 409 376 91 216 974 883 599 781 766 443 881 912 577 978 617 714 1014 936 918 507 846 172 347 395 292 666 501 755 417 818 934 205 1049 470 490 980 363 812 607 249 532 356 1095 1106 109 666 465 1017 968 720 445 1026 433 902 777 577 989 273 751 785 921 211 1226 781 702 984 245 675 896 957 926 874 250 697 727 577 135 471 669 500 122 1007 892 765 415 488 1064 765 725 842 562 415 595 823 492 736 158
476 792 465 868 882 272 372 362 1129 0 746 291 363 911 373 942 701 1040 683 783 1038 647 529 343 990 430 434 225 483 639 254 248 576 602 334 580 453 1023 514 795 701 425 610 598 1021 419 928 1082 264 176 879 445 777 171 774 197 452 305 661 832 302 418 420 938 245 966 352 881 1034 538 985 935 550 612 782 474 952 948 556 1048 567 874 290 914 157 635 348 616 1003 562 78 441 846 800 754 762 780 1053 913 413 813 796 406 468 689 461 465 745 226 883 811 115 639 643 812 428 960 785 745 960 511 672 837 850 413 457 942 81 757 645 356 806 318 578 881 826 820 186 422 1077 622 680 285 379 449 935 470 912 228 584 566 237 892 624 1005 318 931 249 827 793 153 890 642 930 254 267 733 1010 525 404 776 1114 659 629 739 1009 305 974 498 725 656 317 523 674 616 842 743 570 1027 664 698 1003
577 594 519 175 136 670 375 387 501 746 0 773 414 398 671 236 444 498 222 414 498 146 404 565 335 393 367 725 485 463 629 500 224 146 583 555 435 471 261 200 676 328 288 376 310 428 514 532 535 660 440 617 362 587 364 691 494 466 574 172 449 559 804 266 506 357 427 489 321 559 240 298 373 453 259 452 370 451 189 396 858 200 721 517 730 355 446 336 518 237 667 593 100 107 460 121 382 410 341 774 417 146 543 582 300 392 742 89 545 224 261 637 859 419 81 371 387 309 185 532 235 110 310 535 357 759 300 666 34 209 506 407 447 169 302 113 422 655 617 513 590 353 556 750 490 191 530 167 533 276 219 697 229 249 424 467 397 773 330 241 592 360 617 471 519 637 387 293 539 372 109 565 284 169 10 391 542 487 284 181 173 593 624 227 341 150 139 428 463 385 718 459
282 1003 684 843 896 542 461 415 1235 291 773 0 365 1046 142 1002 883 918 795 946 1173 724 422 212 926 591 578 75 690 485 148 387 677 655 194 804 357 908 512 887 943 522 745 488 1080 596 1095 1216 251 440 746 695 663 371 660 120 316 466 883 906 363 651 707 1015 394 884 505 1050 1091 346 1007 1027 454 804 709 669 1067 824 601 1140 852 946 53 1085 136 529 329 522 1155 542 292 246 864 857 602 832 934 1149 1028 697 681 769 633 707 827 392 741 738 268 838 739 336 920 507 817 402 1078 915 840 1125 569 737 748 1037 420 736 1033 310 795 750 269 963 467 631 990 818 980 159 216 1206 852 836 219 661 657 940 306 924 405 529 660 514 970 571 904 314 1060 44 730 727 321 1017 877 795 283 526 608 1064 748 537 762 1251 793 616 769 1114 231 842 489 820 747 181 769 620 519 821 821 756 917 832 949 1135
263 704 429 512 544 418 130 72 871 363 414 365 0 691 290 638 563 683 437 608 816 360 198 176 628 288 262 312 418 325 217 171 320 290 191 539 137 665 158 523 689 179 400 256 717 311 754 859 121 351 530 486 424 248 422 276 181 213 606 541 78 425 599 650 184 603 222 712 728 293 653 662 206 501 419 386 705 594 236 775 714 581 314 747 317 286 37 263 804 201 288 254 509 493 425 467 591 784 667 576 467 438 402 477 479 117 584 394 139 522 448 277 756 312 467 67 717 561 476 783 205 372 475 714 57 590 668 294 433 392 118 622 198 266 628 475 639 241 263 847 589 499 145 541 394 592 223 573 220 221 302 421 605 261 644 53 703 360 467 429 224 660 618 581 111 386 387 701 489 222 422 893 445 272 409 750 135 623 139 457 385 194 543 311 264 487 456 451 668 503 711 778
922 317 491 527 409 717 585 631 236 911 398 1046 691 0 981 266 253 860 254 155 127 343 765 866 665 481 481 982 459 848 898 680 371 425 882 433 770 833 585 199 467 524 305 755 288 494 132 171 795 763 834 572 761 741 763 939 832 609 391 233 683 549 766 207 678 713 563 133 299 920 398 155 739 337 656 452 81 832 474 202 748 228 1000 144 961 741 728 719 121 589 842 927 398 296 857 279 141 193 73 738 815 533 547 531 223 725 676 487 781 585 653 797 710 806 441 680 73 130 230 139 489 349 701 210 643 698 160 833 364 299 807 127 600 443 101 475 123 897 944 165 433 234 832 732 488 440 874 417 686 647 389 758 204 631 781 736 25 1032 723 636 772 38 444 859 763 695 785 299 461 518 501 205 256 543 393 142 825 867 608 246 311 885 529 620 724 514 269 361 821 258 514 91
140 980 678 721 786 581 410 355 1153 373 671 142 290 981 0 905 847 777 726 897 1105 644 292 114 794 559 539 160 676 343 131 374 610 568 99 796 238 768 413 807 943 466 690 355 982 574 1044 1147 209 483 605 709 525 392 521 176 187 450 871 817 318 657 759 925 385 748 479 1002 992 204 896 943 325 777 578 650 992 683 515 1053 898 856 100 1037 224 395 253 391 1095 434 344 104 756 764 460 744 881 1064 954 744 540 649 636 713 770 279 777 626 249 711 608 375 957 368 706 306 1004 851 762 1073 492 651 613 999 337 775 948 362 696 681 173 911 444 546 914 703 929 192 74 1134 846 787 163 707 647 826 167 813 408 410 592 562 882 450 766 250 992 173 594 598 341 949 874 653 250 558 469 964 742 497 646 1182 735 506 668 1033 162 700 389 743 672 101 778 497 388 701 738 727 777 789 956 1066
814 559 618 291 168 815 574 600 276 942 236 1002 638 266 905 0 444 609 283 369 316 295 640 797 409 538 522 950 582 690 856 694 369 349 815 607 671 582 492 169 687 517 372 608 79 566 398 339 758 829 611 714 560 775 563 912 730 643 594 114 661 670 914 60 697 463 598 395 92 794 132 113 608 498 450 559 199 595 402 169 932 74 950 410 948 583 672 567 362 473 865 829 175 145 668 180 338 186 193 883 608 323 661 674 327 627 835 303 761 346 438 829 912 645 231 602 216 263 211 403 440 271 481 465 582 855 109 861 208 309 737 348 627 374 173 256 355 875 852 315 626 374 783 867 600 182 766 164 718 512 377 849 75 482 530 690 250 999 507 426 790 235 646 628 736 786 597 68 614 542 301 367 336 405 237 185 770 628 516 228 289 824 696 452 572 287 201 496 569 411 734 284
822 155 248 615 524 478 437 493 489 701 444 883 563 253 847 444 0 942 221 98 362 315 696 735 772 292 308 812 222 805 743 498 280 381 748 179 676 915 512 288 244 384 182 709 498 290 228 403 642 538 869 322 775 539 776 767 733 419 149 351 530 306 513 400 492 801 378 181 511 838 563 362 678 91 688 226 325 891 409 447 499 376 843 213 779 710 599 683 311 538 640 817 498 384 849 339 116 441 295 485 833 589 309 280 143 634 423 525 616 667 697 592 469 769 517 577 322 181 270 260 398 343 746 153 531 445 370 628 418 244 682 126 416 386 287 552 134 725 827 406 185 91 686 480 255 573 778 545 489 604 299 520 369 605 868 597 278 861 761 675 579 252 202 906 605 461 781 500 209 350 552 432 163 522 434 390 685 927 529 267 278 746 276 615 687 592 313 131 907 65 290 336
637 1092 982 335 451 1074 738 711 864 1040 498 918 683 860 777 609 942 0 720 908 926 634 514 725 202 834 801 910 953 433 822 843 696 590 741 1041 590 27 559 680 1171 724 778 444 635 871 988 948 776 1027 172 1073 263 929 266 897 609 851 1068 630 756 1011 1239 668 854 147 829 972 635 576 492 719 490 945 280 917 805 94 594 766 1321 632 869 996 950 405 692 423 969 508 969 672 463 575 319 610 875 785 790 1211 236 353 991 1045 798 578 1195 419 813 278 259 961 1335 411 429 616 823 798 679 1000 636 602 217 1027 644 1208 717 977 525 703 691 898 830 599 758 393 912 879 702 923 1080 851 764 1181 949 427 612 446 890 465 683 1088 658 430 79 722 850 941 217 282 908 824 1109 127 786 1040 312 615 1016 787 390 973 781 469 507 794 744 81 565 678 667 759 1097 387 424 353 634 914 40 883 1210 893
670 373 336 395 314 533 336 379 448 683 222 795 437 254 726 283 221 720 0 205 379 102 520 612 553 261 250 732 301 615 646 441 117 181 628 345 519 693 337 116 456 274 89 519 355 285 333 422 543 554 651 435 561 513 563 690 580 378 354 170 433 388 633 262 441 580 331 298 369 673 375 252 497 237 469 276 274 670 224 365 663 208 747 331 716 512 474 488 370 348 610 674 284 176 643 128 177 369 234 602 619 367 377 395 78 474 558 304 532 446 476 568 653 575 297 426 284 126 71 358 235 124 526 327 389 577 259 603 198 44 553 207 365 195 199 332 224 649 690 411 375 130 579 585 317 368 623 339 455 411 134 568 218 403 646 483 266 782 542 455 536 223 400 687 512 505 573 349 340 279 330 456 64 316 213 326 571 706 358 57 64 631 425 404 492 371 99 223 685 163 499 341
858 192 342 574 472 571 489 542 390 783 414 946 608 155 897 369 98 908 205 0 265 307 718 784 727 360 368 877 313 818 802 566 299 385 798 277 708 881 533 231 322 431 208 722 414 365 148 308 699 625 852 419 765 616 767 833 768 489 238 290 586 400 611 318 562 763 445 104 426 867 494 275 697 185 670 311 229 865 423 352 594 307 903 139 849 717 645 692 220 550 718 857 450 335 849 297 33 345 202 583 822 560 401 378 135 664 521 501 678 630 674 671 559 779 478 611 225 112 229 179 423 328 724 122 569 543 283 707 384 242 727 27 484 395 201 514 37 791 870 309 279 110 740 578 344 516 812 488 564 614 319 613 294 609 831 648 180 927 742 654 653 157 292 885 663 552 778 419 307 409 524 338 168 521 406 294 737 901 552 233 269 798 374 610 696 555 275 217 871 118 370 238
1042 385 608 603 479 836 712 758 149 1038 498 1173 816 127 1105 316 362 926 379 265 0 464 881 991 725 608 609 1109 578 957 1025 808 497 544 1007 538 891 898 705 308 545 651 433 866 305 619 163 43 922 886 919 684 855 868 858 1066 952 736 484 325 810 665 872 258 806 779 690 197 311 1037 440 209 853 451 748 573 127 909 594 180 839 306 1126 183 1089 850 853 829 73 705 969 1048 477 390 957 384 260 162 158 845 908 621 666 643 351 845 780 584 909 659 741 924 792 914 527 802 110 258 347 143 613 464 787 271 768 802 210 959 464 424 931 239 727 563 198 558 228 1025 1067 44 530 358 958 842 608 499 994 480 813 760 514 878 276 741 846 862 113 1159 811 725 900 156 536 939 890 816 885 322 572 645 592 77 383 653 494 134 951 942 728 364 433 1011 634 724 833 594 380 481 885 379 591 39
578 470 373 321 268 537 280 312 511 647 146 724 360 343 644 295 315 634 102 307 464 0 422 531 480 257 234 666 339 513 576 399 82 81 548 410 427 608 242 162 536 222 144 418 374 290 433 504 474 539 554 471 461 480 462 627 488 349 434 186 371 416 662 295 402 498 305 400 387 576 353 302 397 311 373 307 347 577 130 416 712 228 675 432 659 410 397 385 463 248 570 584 232 155 541 114 279 424 309 632 519 281 401 436 177 381 597 215 471 368 383 534 713 473 228 339 360 223 117 458 154 35 432 429 308 614 308 566 135 70 471 309 332 99 270 259 326 588 603 490 447 224 505 609 345 324 530 297 423 309 84 567 249 301 563 410 351 716 446 360 495 309 475 592 448 505 471 362 393 250 245 539 151 213 136 389 496 613 264 99 38 554 477 303 390 296 98 283 601 252 576 424
175 847 608 430 505 616 306 255 904 529 404 422 198 765 292 640 696 514 520 718 881 422 0 215 504 456 425 401 591 128 309 369 420 340 232 708 76 500 185 572 858 331 516 70 712 486 854 920 265 547 349 676 251 442 248 384 105 407 766 568 276 612 797 670 382 463 408 817 722 156 614 696 34 650 287 556 758 421 296 800 910 601 370 850 437 110 192 100 885 176 463 197 478 507 229 499 694 813 724 773 283 359 590 662 583 81 779 344 307 419 317 463 947 116 425 141 773 645 535 879 298 416 328 835 188 786 700 474 435 478 177 725 390 325 683 417 742 365 225 903 757 616 250 739 572 540 130 530 418 128 400 618 630 162 489 221 771 438 311 306 411 729 787 401 281 584 204 694 663 391 360 954 550 235 404 789 230 445 166 519 457 249 726 206 97 412 500 603 506 631 884 842
136 871 577 630 685 505 298 242 1041 343 565 212 176 866 114 797 735 725 612 784 991 531 215 0 717 450 429 185 572 303 97 278 496 456 18 693 145 713 304 694 841 353 576 285 874 467 930 1033 112 414 557 616 465 314 461 172 116 348 765 707 209 560 688 815 290 678 373 888 886 195 796 831 245 667 500 544 878 631 403 942 820 745 159 923 226 325 139 314 980 331 292 107 654 654 421 633 767 952 840 669 490 556 538 616 656 179 695 526 160 626 530 311 873 315 605 195 891 737 649 959 378 540 543 887 223 696 836 308 589 567 60 798 340 434 801 606 815 161 101 1021 743 674 68 633 544 728 127 713 317 316 477 493 771 358 704 138 878 224 527 517 267 835 771 607 151 479 413 858 640 387 549 1068 621 404 562 920 57 653 281 630 558 33 682 408 312 608 625 618 720 677 857 952
663 916 848 159 258 975 647 635 661 990 335 926 628 665 794 409 772 202 553 727 725 480 504 717 0 712 681 902 816 471 807 766 553 456 735 890 572 176 478 496 1009 619 623 439 432 748 796 746 738 945 264 944 283 856 287 880 610 756 907 441 690 885 1125 468 776 69 726 783 432 614 289 520 473 788 217 782 607 214 476 563 1189 437 874 805 929 399 647 404 770 429 914 693 277 392 386 433 694 582 594 1095 298 209 867 912 629 545 1069 275 767 116 187 896 1193 434 256 564 624 615 502 805 523 445 183 842 578 1085 517 919 355 544 670 714 735 472 564 222 726 854 723 721 925 682 740 1068 818 226 627 248 809 410 545 995 462 368 124 675 654 941 208 201 845 630 952 256 738 941 341 412 873 676 241 771 616 368 345 593 721 238 492 504 508 751 957 317 406 184 459 763 161 717 1052 694
551 421 155 559 524 280 158 216 700 430 393 591 288 481 559 538 292 834 261 360 608 257 456 450 712 0 33 520 135 580 450 206 175 255 461 252 417 810 297 377 403 125 180 490 614 36 508 652 352 293 716 239 610 260 609 475 468 129 318 424 241 176 413 523 201 715 85 462 627 578 610 512 448 217 554 100 523 761 240 624 486 465 551 497 489 504 319 477 577 341 361 540 487 409 653 363 353 627 484 383 664 502 156 215 258 381 361 436 323 595 574 316 507 553 474 319 529 355 329 540 198 291 618 446 270 375 519 351 389 229 401 380 124 240 453 500 396 433 547 646 302 252 396 357 119 580 511 553 205 402 175 311 478 422 773 312 500 569 623 551 293 459 332 763 313 249 596 606 206 66 470 685 229 365 384 581 397 795 303 310 250 458 274 453 480 531 338 168 807 243 428 573
525 443 188 529 499 303 132 190 695 434 367 578 262 481 539 522 308 801 250 368 609 234 425 429 681 33 0 508 167 548 435 199 154 226 440 283 388 778 264 364 433 93 176 458 598 69 517 653 334 307 683 272 576 263 576 464 440 128 345 408 221 209 443 510 196 683 81 472 612 550 588 502 416 239 522 131 518 727 208 615 519 450 536 507 481 471 295 444 582 307 362 516 462 389 620 344 358 619 479 414 631 472 189 248 257 351 393 406 309 565 542 318 540 521 446 289 526 353 315 548 165 267 585 461 241 407 509 353 365 215 377 387 118 209 447 472 403 422 523 646 332 259 378 387 152 555 484 529 206 369 151 332 464 388 741 290 499 558 590 519 290 458 362 729 297 271 562 590 238 41 440 686 226 332 357 575 377 762 270 296 232 438 307 419 447 502 321 189 775 254 459 573
288 929 609 808 853 467 396 355 1176 225 725 75 312 982 160 950 812 910 732 877 1109 666 401 185 902 520 508 0 615 482 97 314 615 600 169 730 330 898 465 828 867 457 678 470 1029 524 1026 1152 192 365 740 619 650 296 647 45 300 394 808 850 299 576 635 960 321 864 434 981 1040 354 962 969 430 732 684 595 1006 816 547 1083 779 891 65 1015 68 511 279 500 1088 500 218 251 819 805 601 777 866 1091 966 624 674 734 558 631 760 358 667 698 200 808 715 260 846 498 775 357 1016 851 780 1057 512 682 729 966 369 662 975 236 745 688 232 895 395 576 929 779 911 86 225 1143 777 767 169 588 583 899 300 882 331 496 599 441 915 539 890 259 996 50 713 701 246 954 802 790 219 451 598 1013 673 468 723 1186 727 574 721 1054 186 836 443 760 687 152 694 589 498 785 764 684 905 762 873 1071
681 314 35 659 604 258 290 347 693 483 485 690 418 459 676 582 222 953 301 313 578 339 591 572 816 135 167 615 0 715 558 305 262 363 581 121 550 928 430 413 271 260 212 625 651 107 451 621 466 316 844 134 739 327 739 570 599 226 194 470 363 90 331 554 296 827 199 404 665 711 675 530 584 131 676 36 518 884 360 633 373 507 655 435 574 638 447 611 533 472 427 667 569 473 787 424 319 632 482 301 794 610 88 96 261 516 258 543 431 701 693 378 381 688 567 454 520 351 372 483 325 375 739 367 405 277 538 413 473 287 527 339 232 353 461 597 351 530 671 621 171 228 513 285 33 660 642 631 285 535 272 299 513 552 888 437 482 662 746 670 372 447 200 889 426 238 728 647 71 200 575 651 245 488 475 582 517 919 438 358 319 576 144 579 613 632 396 97 924 200 293 548
203 959 734 439 537 743 433 384 963 639 463 485 325 848 343 690 805 433 615 818 957 513 128 303 471 580 548 482 715 0 400 496 525 433 316 830 194 425 294 650 979 455 623 96 755 611 947 994 378 671 261 803 190 566 186 474 188 536 885 635 403 740 925 728 509 417 535 913 763 145 640 761 131 766 270 680 831 339 397 856 1038 663 437 946 528 108 316 129 970 268 578 239 517 571 118 573 792 871 799 901 197 378 717 788 684 209 908 386 424 411 297 583 1075 44 461 269 848 736 618 970 409 501 287 938 316 915 764 590 496 576 283 822 518 423 759 444 839 463 269 975 878 722 354 866 697 561 181 557 544 204 506 744 693 217 426 343 851 510 263 295 531 811 909 309 400 711 131 735 787 516 391 1027 653 305 465 854 334 356 281 605 551 335 852 238 124 427 579 721 434 740 1007 918
222 868 557 710 756 449 314 267 1087 254 629 148 217 898 131 856 743 822 646 802 1025 576 309 97 807 450 435 97 558 400 0 253 529 507 84 677 235 809 369 738 820 374 598 379 934 460 950 1068 103 351 653 581 560 262 557 75 213 332 753 758 216 531 628 868 263 770 367 906 946 286 865 879 337 667 589 535 918 728 454 992 766 799 101 941 128 419 183 407 1008 403 214 187 722 711 518 684 788 1001 879 612 587 636 511 588 680 261 646 600 128 711 620 244 826 412 677 260 930 768 691 980 421 589 635 896 273 644 884 232 650 602 136 818 329 483 842 681 835 68 168 1058 726 691 72 576 527 801 222 784 281 399 512 431 823 442 798 166 912 143 620 605 210 869 752 704 138 427 509 919 621 394 626 1103 646 477 625 965 88 750 346 671 599 65 652 492 405 687 673 618 815 689 831 987
402 616 304 633 637 247 125 132 890 248 500 387 171 680 374 694 498 843 441 566 808 399 369 278 766 206 199 314 305 496 253 0 330 355 283 423 304 824 289 549 568 177 375 427 773 209 714 852 166 183 696 338 589 89 587 269 335 79 500 584 93 283 430 692 13 751 120 669 786 446 738 691 377 417 570 282 714 757 311 805 550 627 350 703 283 455 182 431 781 340 171 381 600 552 596 514 557 810 674 407 635 564 261 338 456 288 422 508 126 654 597 137 598 484 569 234 723 551 500 746 264 424 630 651 199 426 697 167 509 401 245 585 81 331 640 586 601 228 379 844 472 457 213 371 274 691 372 667 48 378 319 250 645 414 797 159 697 363 626 576 95 656 499 747 126 216 556 761 368 163 540 885 424 398 492 768 221 788 279 480 409 275 404 460 432 606 495 369 825 449 581 772
561 435 295 396 350 455 219 261 563 576 224 677 320 371 610 369 280 696 117 299 497 82 420 496 553 175 154 615 262 525 529 330 0 107 511 345 410 670 235 219 480 158 97 429 447 208 439 539 425 460 602 393 502 407 503 573 470 274 379 256 316 335 581 362 331 566 228 400 460 568 435 360 400 255 425 229 391 633 128 475 636 299 629 434 600 429 357 403 484 257 500 561 314 234 570 190 277 481 351 551 560 348 320 358 164 366 518 281 415 439 439 461 641 489 305 314 401 241 169 467 124 116 487 414 274 535 367 495 216 73 437 308 258 107 315 335 325 532 577 528 386 196 461 528 266 406 514 379 349 323 20 486 316 326 629 365 383 665 498 416 426 340 415 643 395 424 503 437 321 173 313 574 130 246 214 441 454 669 253 149 80 514 404 340 407 369 168 219 665 214 517 458
497 537 394 303 283 527 230 250 584 602 146 655 290 425 568 349 381 590 181 385 544 81 340 456 456 255 226 600 363 433 507 355 107 0 473 452 346 565 160 239 588 181 201 337 429 292 515 584 408 513 494 489 395 441 396 563 408 319 487 251 312 428 669 360 360 463 281 480 441 494 383 374 315 363 317 328 425 525 53 486 735 291 604 512 598 332 325 307 545 166 524 504 246 204 468 177 358 496 388 639 453 248 410 457 251 301 613 181 411 340 332 492 745 394 222 262 439 305 197 539 92 83 379 505 235 628 379 522 154 143 396 388 300 24 348 246 405 525 524 570 493 293 435 613 362 338 449 313 387 229 93 552 315 225 525 341 432 650 390 309 449 390 523 535 386 493 399 414 425 227 214 619 222 141 138 464 424 561 183 180 117 480 507 233 311 276 169 327 560 316 625 505
141 882 584 648 704 505 310 255 1058 334 583 194 191 882 99 815 748 741 628 798 1007 548 232 18 735 461 440 169 581 316 84 283 511 473 0 702 164 729 322 711 849 366 590 302 892 477 944 1049 117 413 572 621 481 315 478 157 131 356 775 724 219 566 688 833 295 696 383 902 904 203 814 848 263 678 517 553 895 647 420 959 821 763 141 937 211 342 153 332 996 349 287 109 672 672 435 650 781 970 857 670 506 575 545 622 670 198 697 545 162 644 548 308 876 330 624 213 907 752 665 974 394 557 561 900 240 697 853 303 607 583 78 812 348 451 817 624 829 150 98 1037 751 687 70 633 552 746 138 731 321 335 493 492 789 377 721 150 894 206 544 535 266 850 779 622 157 480 429 876 648 398 568 1084 635 423 580 937 64 669 299 646 575 18 688 426 330 627 642 629 736 690 864 968
802 213 120 731 660 327 409 467 668 580 555 804 539 433 796 607 179 1041 345 277 538 410 708 693 890 252 283 730 121 830 677 423 345 452 702 0 670 1015 540 441 150 376 267 738 668 228 390 578 587 406 943 153 841 436 841 685 720 346 80 504 484 161 334 569 414 908 320 346 681 831 716 536 698 110 770 152 504 977 459 626 325 535 772 372 684 748 568 721 481 578 532 788 628 522 896 473 295 621 473 307 897 691 175 116 282 634 243 624 550 778 784 483 308 801 635 572 502 351 410 421 430 445 832 291 523 265 543 516 537 346 648 305 353 446 461 668 312 645 792 582 49 233 633 305 149 713 763 684 399 643 358 370 534 656 972 558 458 775 842 761 484 431 79 986 546 318 834 668 56 319 655 605 281 586 545 569 637 1013 550 401 382 696 96 679 724 706 445 127 1010 196 177 514
151 823 564 486 548 551 260 204 926 453 435 357 137 770 238 671 676 590 519 708 891 427 76 145 572 417 388 330 550 194 235 304 410 346 164 670 0 576 186 585 820 297 501 146 746 443 849 931 188 477 426 624 327 372 324 310 61 351 733 589 212 562 734 695 317 534 358 810 756 162 658 716 101 622 354 517 772 497 296 824 851 625 304 844 362 185 122 171 889 198 387 158 518 532 303 517 687 836 735 711 360 413 539 614 575 45 722 387 232 480 385 390 893 190 467 99 786 646 544 876 286 428 400 821 147 727 721 398 462 475 101 718 336 327 695 465 735 289 181 916 719 602 174 676 528 588 104 575 352 172 390 551 653 213 563 149 779 369 385 371 338 736 749 477 207 520 280 728 621 350 408 966 541 268 433 808 154 522 163 526 459 179 679 262 169 465 514 574 581 613 844 851
628 1065 958 307 423 1053 717 691 837 1023 471 908 665 833 768 582 915 27 693 881 898 608 500 713 176 810 778 898 928 425 809 824 670 565 729 1015 576 0 538 653 1144 701 752 430 609 847 961 921 760 1007 165 1049 248 910 252 884 597 829 1042 602 737 987 1216 641 835 119 807 945 609 569 465 691 475 919 257 892 778 87 570 739 1297 604 859 968 937 391 675 407 941 487 952 663 436 547 313 583 848 758 763 1188 227 326 967 1021 771 562 1171 392 797 251 235 943 1310 401 402 598 796 771 652 972 612 575 194 999 625 1185 689 959 498 676 677 871 809 575 731 366 884 866 694 896 1054 824 750 1158 924 400 602 419 870 446 658 1067 630 409 52 705 822 931 198 258 890 796 1082 126 769 1018 300 588 991 764 363 946 754 445 480 767 730 85 545 650 640 747 1072 366 408 325 606 888 16 856 1184 866
336 665 452 355 387 515 178 157 741 514 261 512 158 585 413 492 512 559 337 533 705 242 185 304 478 297 264 465 430 294 369 289 235 160 322 540 186 538 0 399 687 174 331 199 570 331 670 745 279 471 425 533 317 378 316 433 247 292 592 405 212 468 683 512 299 462 273 632 581 336 496 531 165 472 282 393 586 477 112 640 777 442 459 666 476 208 187 180 705 51 437 344 353 350 356 332 509 651 549 656 369 282 446 512 398 140 648 235 297 368 308 418 803 261 309 110 600 463 358 696 115 242 343 650 103 659 536 441 284 294 245 540 271 142 509 317 557 399 365 730 587 432 296 624 416 434 288 416 333 105 215 529 469 130 509 211 593 513 342 287 367 551 618 474 268 481 299 553 500 238 264 780 365 114 257 622 281 510 23 340 275 332 571 172 183 329 328 428 538 447 718 666
735 422 448 345 240 649 436 473 348 795 200 887 523 199 807 169 288 680 116 231 308 162 572 694 496 377 364 828 413 650 738 549 219 239 711 441 585 653 399 0 533 376 204 558 239 402 314 347 636 670 639 545 562 624 564 788 647 490 435 63 531 501 744 146 550 534 444 293 253 728 275 141 545 331 459 390 186 643 291 256 765 95 837 319 817 543 560 521 320 396 719 744 219 105 658 79 198 263 151 714 617 340 492 504 159 539 666 289 631 402 459 679 748 607 252 501 201 119 49 332 317 157 507 346 470 686 148 713 166 149 633 218 476 260 110 287 231 748 763 331 464 209 668 698 431 286 687 258 567 451 231 685 101 433 603 573 201 878 528 440 645 162 486 667 609 621 585 234 445 390 306 381 167 345 194 226 658 679 422 69 141 716 528 420 526 328 71 327 643 246 578 269
952 161 264 850 766 433 560 618 689 701 676 943 689 467 943 687 244 1171 456 322 545 536 858 841 1009 403 433 867 271 979 820 568 480 588 849 150 820 1144 687 533 0 526 392 886 736 378 383 579 733 525 1082 255 982 571 982 823 870 493 102 596 633 291 375 640 558 1033 469 348 749 981 807 598 847 225 905 303 547 1112 601 669 301 620 913 362 818 895 718 867 477 724 662 938 738 626 1041 580 350 660 524 356 1039 817 310 236 381 785 282 751 694 901 918 613 247 949 753 722 540 424 512 408 575 569 966 274 674 303 605 645 654 467 798 347 501 585 523 788 346 784 941 589 101 328 780 369 297 817 913 788 540 789 496 473 612 800 1099 707 492 911 978 895 621 477 71 1123 693 433 978 740 201 470 781 599 392 726 666 609 785 1148 698 506 503 843 178 819 871 827 552 262 1137 292 47 531
439 527 280 474 464 356 61 110 721 425 328 522 179 524 466 517 384 724 274 431 651 222 331 353 619 125 93 457 260 455 374 177 158 181 366 376 297 701 174 376 526 0 224 365 596 158 578 695 271 333 598 358 490 261 489 415 352 139 436 408 159 294 514 516 181 614 107 535 609 460 563 518 323 325 444 225 548 646 144 632 603 450 476 570 442 380 214 352 633 221 348 432 427 374 529 337 415 639 509 486 544 410 272 338 306 259 474 348 258 503 466 313 629 428 401 198 559 393 327 608 96 246 507 534 149 486 524 344 334 231 297 446 119 158 473 422 463 374 442 685 425 321 310 456 243 519 396 495 205 279 144 377 470 302 668 216 539 508 509 444 272 496 455 646 238 322 473 584 332 64 382 729 271 257 319 599 305 680 178 307 235 367 399 338 355 447 319 276 700 324 552 613
651 337 247 464 396 445 284 335 520 610 288 745 400 305 690 372 182 778 89 208 433 144 516 576 623 180 176 678 212 623 598 375 97 201 590 267 501 752 331 204 392 224 0 527 444 200 354 477 495 471 693 346 596 439 597 634 561 305 290 259 382 298 543 349 373 643 258 312 458 662 463 334 497 166 514 186 342 720 226 444 578 298 700 346 656 527 437 501 410 355 538 649 363 262 667 213 191 446 303 513 654 426 288 307 82 458 470 359 477 512 526 494 573 587 368 404 350 176 161 383 218 178 574 319 360 489 341 530 270 79 519 221 295 203 273 401 238 593 662 469 302 100 535 495 227 451 605 422 382 421 117 481 306 423 708 441 322 728 587 503 467 281 330 733 461 418 600 439 255 212 389 510 49 341 278 401 530 756 349 145 114 591 340 435 504 439 185 140 746 117 432 396
227 863 645 377 462 672 350 305 878 598 376 488 256 755 355 608 709 444 519 722 866 418 70 285 439 490 458 470 625 96 379 427 429 337 302 738 146 430 199 558 886 365 527 0 677 523 852 903 333 608 280 719 181 504 178 454 172 457 792 546 334 655 851 642 439 395 452 818 685 190 569 673 49 672 223 589 741 351 301 772 958 576 437 850 507 40 256 41 876 172 530 255 439 482 169 481 696 786 708 826 214 309 632 702 587 140 827 305 374 359 253 528 991 62 384 193 757 641 525 875 314 406 259 842 235 836 676 540 408 480 247 726 439 327 667 371 743 435 285 885 786 625 320 792 609 492 188 485 475 108 410 677 605 126 419 285 758 506 242 244 475 718 816 331 347 639 134 657 696 428 316 937 556 212 377 766 300 376 188 510 455 318 764 158 37 361 486 627 436 644 916 827
887 599 686 338 221 889 653 679 229 1021 310 1080 717 288 982 79 498 635 355 414 305 374 712 874 432 614 598 1029 651 755 934 773 447 429 892 668 746 609 570 239 736 596 444 677 0 640 417 318 836 906 656 782 615 853 618 991 804 721 647 190 740 740 981 98 776 493 675 422 13 865 143 138 680 559 506 629 210 632 481 131 993 148 1028 431 1027 650 751 636 363 548 944 903 238 224 725 259 385 150 218 951 659 381 732 741 392 703 900 371 840 389 490 907 968 711 294 679 224 317 285 415 520 351 529 497 660 921 131 940 285 384 815 390 705 453 213 313 394 954 927 293 682 435 862 937 670 216 840 207 796 584 455 924 138 552 556 769 267 1077 556 481 869 265 700 668 815 860 656 21 678 620 364 341 405 479 313 171 849 662 593 303 367 901 759 519 640 339 278 562 594 471 784 281
574 408 122 595 558 249 182 239 718 419 428 596 311 494 574 566 290 871 285 365 619 290 486 467 748 36 69 524 107 611 460 209 208 292 477 228 443 847 331 402 378 158 200 523 640 0 511 663 364 271 752 203 646 251 645 479 492 129 298 452 257 139 377 548 202 752 94 465 654 603 642 534 480 208 591 76 540 797 277 645 450 492 559 499 489 538 340 510 584 376 353 561 521 440 687 393 361 647 501 347 700 539 119 180 274 410 324 473 332 632 611 306 472 585 509 347 546 370 355 543 235 324 655 443 298 338 542 342 423 257 421 387 130 276 473 536 401 437 565 659 278 261 410 322 86 614 535 587 200 437 209 283 504 457 810 331 514 572 659 588 289 474 307 799 325 219 630 633 178 95 506 695 247 402 419 600 412 831 336 337 281 472 241 489 513 568 368 160 844 246 400 585
1000 222 476 654 538 705 637 689 311 928 514 1095 754 132 1044 398 228 988 333 148 163 433 854 930 796 508 517 1026 451 947 950 714 439 515 944 390 849 961 670 314 383 578 354 852 417 511 0 196 847 766 953 541 875 763 877 982 910 638 329 358 734 532 722 339 710 841 594 46 426 1005 530 286 830 319 774 453 206 957 558 315 680 358 1052 20 997 842 791 819 94 681 865 1001 525 417 967 392 163 301 205 696 931 654 537 502 275 805 628 603 827 711 773 817 630 906 565 754 192 211 333 32 563 447 822 108 713 651 291 853 481 375 873 132 633 528 231 599 115 940 1015 207 376 259 888 696 483 572 953 547 711 743 459 747 335 733 909 795 149 1076 843 754 800 165 379 982 812 689 895 428 431 557 621 218 310 644 507 255 884 992 690 344 397 946 484 727 823 639 377 358 949 265 428 156
1082 418 650 629 505 879 756 801 131 1082 532 1216 859 171 1147 339 403 948 422 308 43 504 920 1033 746 652 653 1152 621 994 1068 852 539 584 1049 578 931 921 745 347 579 695 477 903 318 663 196 0 965 930 947 725 887 912 890 1110 993 780 522 360 854 708 912 283 850 802 734 234 323 1076 458 238 892 493 779 617 162 934 635 188 875 337 1169 216 1132 886 896 866 101 744 1013 1089 506 424 990 422 303 169 196 885 938 652 709 684 395 886 819 617 952 685 771 968 826 950 557 844 146 301 387 171 655 504 816 304 810 841 238 1003 498 467 973 281 771 604 237 587 270 1068 1108 25 568 402 1001 883 651 521 1034 504 857 798 557 920 307 777 868 905 156 1203 840 756 943 199 573 966 933 859 918 337 613 689 624 34 427 691 529 153 993 967 768 405 475 1053 673 759 870 622 419 524 907 422 624 81
244 772 468 630 665 393 210 164 985 264 535 251 121 795 209 758 642 776 543 699 922 474 265 112 738 352 334 192 466 378 103 166 425 408 117 587 188 760 279 636 733 271 495 333 836 364 847 965 0 306 614 504 513 203 510 155 195 240 661 658 113 449 577 768 178 709 270 803 848 297 774 777 285 569 525 440 815 684 355 890 707 699 205 838 196 370 93 352 904 319 199 219 631 612 491 584 685 899 776 558 548 556 428 505 577 198 582 514 49 636 554 208 760 378 589 176 827 664 589 877 320 489 577 796 178 583 783 212 554 499 96 715 234 384 739 596 732 120 214 954 636 588 47 521 437 713 223 695 204 328 409 384 722 370 744 68 809 242 565 538 159 766 664 665 40 366 468 822 532 292 542 999 542 392 530 863 56 710 258 569 496 109 571 421 352 606 572 520 765 587 748 884
549 618 294 806 796 101 297 316 989 176 660 440 351 763 483 829 538 1027 554 625 886 539 547 414 945 293 307 365 316 671 351 183 460 513 413 406 477 1007 471 670 525 333 471 608 906 271 766 930 306 0 880 269 773 104 771 325 498 193 487 715 274 244 276 816 172 932 234 719 919 603 891 805 558 447 753 313 812 941 477 916 416 757 423 751 306 638 355 614 846 522 147 521 759 694 776 651 626 918 773 261 818 739 234 293 545 467 301 679 256 831 779 108 480 663 734 417 817 642 622 798 428 569 813 683 383 296 812 129 663 521 400 649 213 491 745 755 663 295 511 927 446 528 346 224 283 851 529 826 137 562 455 79 771 597 980 327 784 402 809 758 147 745 466 931 274 91 739 897 351 289 713 961 519 577 651 872 361 971 462 603 539 399 347 642 615 778 628 408 1008 508 523 854
465 1024 870 320 443 936 601 567 884 879 440 746 530 834 605 611 869 172 651 852 919 554 349 557 264 716 683 740 844 261 653 696 602 494 572 943 426 165 425 639 1082 598 693 280 656 752 953 947 614 880 0 955 108 779 109 729 440 714 981 600 606 891 1108 664 708 196 699 930 660 404 518 710 328 857 182 807 793 78 484 779 1201 613 698 958 782 245 534 266 950 377 810 500 441 537 147 561 821 797 770 1081 66 300 870 931 729 419 1073 351 654 267 180 806 1223 241 393 463 810 749 625 970 519 527 132 974 497 1084 709 820 473 625 526 847 694 497 733 361 862 713 530 925 986 778 599 1049 835 440 441 450 744 322 586 945 642 295 178 564 828 770 110 199 753 796 1016 51 627 902 145 635 911 662 332 977 706 357 448 795 579 96 426 619 591 590 988 265 266 325 579 820 177 806 1118 883
738 362 98 788 737 179 369 420 808 445 617 695 486 572 709 714 322 1073 435 419 684 471 676 616 944 239 272 619 134 803 581 338 393 489 621 153 624 1049 533 545 255 358 346 719 782 203 541 725 504 269 955 0 848 323 848 575 665 273 228 604 418 64 199 684 326 952 268 496 796 778 809 658 673 235 794 164 638 1000 479 756 247 640 669 524 566 737 509 710 631 579 408 719 703 607 885 559 431 754 604 169 902 737 86 42 390 596 125 670 460 829 814 361 271 781 698 534 638 475 506 573 438 507 858 444 487 143 665 391 606 421 581 447 288 476 586 728 456 538 717 728 183 351 550 159 126 793 705 765 301 638 400 221 644 660 1012 491 597 661 863 791 375 566 199 1002 464 178 831 779 112 294 703 753 378 605 606 703 559 1035 536 491 452 612 77 692 712 762 531 220 1046 319 255 658
