119
0 205 348 668 1019 929 395 897 682 938 859 798 603 774 330 706 446 904 531 424 766 786 70 420 538 487 429 344 975 741 316 962 358 490 836 963 721 424 926 420 445 570 820 697 514 810 844 564 524 700 504 339 805 817 883 282 726 529 1009 375 202 901 357 628 427 870 478 637 1101 386 614 576 797 866 730 604 941 655 791 956 178 558 937 1064 865 596 614 488 884 501 457 443 658 725 979 776 821 969 824 798 452 1120 188 993 500 878 467 714 905 339 513 763 899 416 594 847 892 850 329
205 0 162 574 814 740 236 698 498 732 673 608 520 596 125 559 267 705 327 331 653 582 188 217 388 308 276 139 770 536 130 757 223 377 670 758 565 275 735 353 398 391 627 610 314 680 720 388 410 584 374 302 609 622 693 271 524 325 810 217 123 699 160 500 244 756 380 494 896 294 541 421 592 677 526 495 743 462 586 762 122 401 732 861 666 478 444 317 753 339 288 296 506 520 797 571 648 768 689 603 247 915 33 792 315 750 335 523 735 199 308 643 700 282 467 667 689 648 236
348 162 0 645 687 684 289 549 465 615 626 450 604 434 92 402 104 556 243 427 705 447 307 171 422 310 129 115 643 407 32 628 308 452 657 649 405 331 578 464 515 228 471 685 257 713 571 381 479 444 235 435 542 554 638 417 383 202 725 78 274 560 165 546 255 801 467 340 767 398 631 442 485 624 398 560 666 411 476 608 190 243 611 763 517 536 282 155 600 181 128 349 348 414 754 451 628 624 715 536 154 801 195 648 304 599 198 365 715 95 201 497 618 353 518 633 589 506 169
668 574 645 0 857 528 356 893 374 758 462 890 71 937 553 993 711 894 517 248 110 742 707 494 241 359 769 530 827 694 634 828 351 197 340 739 977 314 976 249 239 787 880 41 467 185 1176 330 166 1070 874 335 508 514 502 395 736 600 675 724 481 834 480 129 397 207 195 948 930 286 81 244 639 488 683 86 610 428 647 970 694 849 770 766 864 114 849 760 1191 795 747 295 941 604 513 676 360 908 213 503 548 870 553 926 379 1196 840 824 399 733 564 1113 601 295 140 414 661 819 793
1019 814 687 857 0 391 708 224 487 99 424 354 877 445 689 611 618 215 497 828 819 242 990 608 672 613 680 677 44 280 715 61 765 782 565 126 568 715 302 880 928 535 312 891 528 756 729 576 777 737 702 922 349 345 388 948 311 490 263 702 867 150 675 733 644 848 818 633 83 831 909 644 240 396 289 797 288 451 239 252 877 609 90 199 233 767 542 607 704 622 631 712 598 304 471 243 528 143 732 354 567 144 834 138 588 722 707 392 551 746 506 726 270 748 738 476 196 208 811
929 740 684 528 391 0 540 532 248 312 74 606 570 690 633 824 671 528 441 596 462 421 927 530 428 442 747 610 380 403 698 391 589 530 194 266 789 522 628 641 675 658 575 554 432 387 987 368 510 941 818 710 145 134 46 756 466 500 152 737 734 446 580 428 501 470 565 813 445 616 598 389 284 62 399 494 103 278 299 596 844 744 329 245 518 470 700 691 979 722 701 509 787 319 91 348 168 498 360 149 530 357 745 507 428 992 803 587 161 773 487 955 132 545 447 113 217 467 848
395 236 289 356 708 540 0 658 292 614 468 611 316 634 197 659 362 662 231 153 423 514 407 155 151 101 415 174 668 462 277 660 56 163 441 623 649 42 722 201 256 456 614 396 186 445 838 171 190 723 520 217 429 441 495 239 479 292 637 367 195 628 124 266 69 524 182 606 791 137 344 185 469 478 449 272 566 280 469 732 358 506 618 705 625 250 519 414 859 448 397 62 604 405 584 473 425 704 452 422 217 780 227 726 122 862 486 532 509 376 256 770 531 67 235 452 544 592 439
897 698 549 893 224 532 658 0 524 237 536 136 896 223 578 391 460 10 426 800 882 151 856 523 672 580 507 573 195 201 581 175 712 772 665 295 348 677 96 852 905 353 96 932 472 836 505 572 777 516 507 874 432 434 511 886 180 383 445 542 777 88 588 764 589 935 806 420 273 793 929 655 269 512 214 819 439 465 257 76 735 413 219 408 32 788 343 434 482 440 463 681 384 289 622 219 624 92 818 434 467 368 725 112 554 499 519 197 673 586 411 502 400 712 759 583 315 74 640
682 498 465 374 487 248 292 524 0 388 177 541 390 604 401 698 477 524 235 363 358 376 684 298 196 194 552 376 455 332 473 455 342 305 197 376 672 276 612 412 454 503 524 411 208 320 877 120 294 800 640 473 151 161 203 514 383 315 354 529 486 461 339 247 255 420 342 669 564 377 422 161 264 186 322 310 282 70 273 600 608 583 398 432 497 279 558 511 881 546 512 265 652 236 299 305 163 534 307 144 314 522 500 552 182 890 617 489 250 559 289 829 255 301 251 170 295 450 634
938 732 615 758 99 312 614 237 388 0 334 345 778 437 608 595 556 230 409 730 723 189 913 521 573 516 623 594 71 213 641 79 671 683 474 58 554 618 329 782 829 488 305 793 437 662 733 477 677 721 658 826 251 249 301 854 259 414 208 638 778 148 588 634 550 756 719 607 179 734 810 544 145 307 219 698 211 352 147 290 803 568 17 180 232 667 505 552 714 572 574 615 574 214 397 164 435 187 639 256 485 186 751 195 492 730 658 361 466 682 425 719 182 651 639 386 101 189 750
859 673 626 462 424 74 468 536 177 334 0 595 501 674 571 797 622 533 385 522 404 411 860 467 354 372 698 547 405 384 639 413 517 456 141 298 764 449 632 567 601 621 567 491 371 335 966 296 436 910 775 636 111 105 40 682 446 451 212 684 663 455 514 357 432 424 491 780 486 542 529 314 273 28 378 424 149 215 287 605 780 705 350 304 518 399 667 646 962 679 654 436 757 291 128 334 106 515 309 112 472 411 677 527 359 973 757 565 136 718 434 929 154 471 375 52 233 467 793
798 608 450 890 354 606 611 136 541 345 595 0 882 92 495 256 352 146 386 761 897 185 751 462 655 549 388 497 320 213 483 299 660 745 709 402 214 637 128 812 866 233 41 931 436 861 388 560 756 382 375 820 484 490 577 824 158 320 545 430 701 206 521 762 543 962 776 283 409 748 915 646 323 574 222 810 525 474 308 167 628 283 330 524 120 779 211 317 374 317 347 645 247 311 698 261 667 229 847 484 401 498 638 248 525 388 390 85 729 472 354 375 480 672 751 635 401 155 520
603 520 604 71 877 570 316 896 390 778 501 882 0 923 512 968 677 898 501 189 181 745 644 463 226 338 731 490 845 695 590 845 301 153 389 764 955 275 975 182 168 762 875 94 450 252 1149 324 130 1038 837 266 534 540 540 326 732 580 712 683 421 843 440 145 366 278 140 918 953 227 32 241 651 525 683 80 645 435 658 973 638 819 789 801 866 110 825 728 1167 763 713 259 914 610 564 682 404 918 278 527 521 902 497 937 360 1171 802 812 453 688 543 1084 631 251 139 456 684 823 746
774 596 434 937 445 690 634 223 604 437 674 92 923 0 494 167 330 233 422 788 953 270 721 480 698 585 349 500 412 289 466 391 679 779 781 494 124 665 185 836 891 205 133 978 473 924 298 607 794 292 313 834 562 569 658 832 228 345 636 398 700 298 532 811 569 1024 808 203 497 770 955 693 405 654 296 855 613 535 391 235 598 228 422 617 212 824 161 285 288 275 316 676 166 384 781 342 740 315 911 562 418 589 628 333 562 301 336 115 806 437 381 282 566 699 797 711 490 247 474
330 125 92 553 689 633 197 578 401 608 571 495 512 494 0 484 180 584 205 335 616 457 307 103 334 229 221 26 645 411 81 632 216 359 586 635 482 239 620 373 426 295 510 593 201 628 657 304 387 534 327 350 497 509 587 339 401 200 692 170 206 574 75 457 169 714 374 425 771 307 538 358 468 572 401 469 628 356 462 643 210 325 607 740 545 446 354 234 684 264 212 258 430 396 698 446 560 644 632 491 122 791 148 668 227 684 291 411 647 180 182 586 583 260 428 571 567 525 247
706 559 402 993 611 824 659 391 698 595 797 256 968 167 484 0 304 401 482 810 1026 415 644 505 753 634 283 498 576 422 431 555 693 817 888 651 43 696 346 853 907 206 298 1035 530 1009 182 675 837 126 204 834 686 695 787 820 359 397 786 342 676 462 541 874 602 1108 840 68 664 786 998 757 542 780 424 908 756 628 528 399 527 159 581 775 377 879 144 249 200 221 274 710 54 506 913 480 849 482 1001 684 446 755 593 500 615 203 239 240 923 369 431 132 707 726 854 828 637 408 380
446 267 104 711 618 671 362 460 477 556 622 352 677 330 180 304 0 468 242 510 759 375 398 217 476 357 76 195 575 343 136 558 391 524 674 597 303 402 480 551 604 125 377 752 274 757 478 416 548 360 166 530 525 537 626 517 307 170 690 83 377 482 240 601 313 850 544 245 695 484 706 489 439 614 336 625 637 414 428 514 276 145 550 717 430 598 178 54 504 86 37 418 249 373 749 395 641 541 755 521 170 742 299 565 344 504 139 269 725 128 188 408 588 429 576 637 546 425 193
904 705 556 894 215 528 662 10 524 230 533 146 898 233 584 401 468 0 431 804 882 153 864 529 674 583 516 580 187 204 588 166 716 775 662 287 358 681 100 856 909 362 106 933 476 835 514 574 779 526 517 878 429 432 507 892 186 389 438 551 784 82 593 765 593 934 809 430 263 797 931 656 267 508 216 821 434 465 255 75 743 423 212 400 39 789 352 443 491 450 472 685 394 289 617 219 621 82 816 431 473 359 732 102 558 508 528 206 670 595 417 512 396 716 760 580 310 74 650
531 327 243 517 497 441 231 426 235 409 385 386 501 422 205 482 242 431 0 377 543 285 512 112 276 163 317 187 454 233 259 443 285 359 432 432 463 253 491 428 482 279 385 558 51 529 664 192 372 573 404 447 298 311 395 462 247 85 488 298 370 401 178 393 162 626 390 444 580 367 533 276 266 381 221 433 425 173 261 500 413 352 410 535 394 403 338 276 676 311 276 259 432 195 513 253 398 476 523 293 89 589 342 499 140 682 381 312 483 332 54 608 379 288 376 396 362 361 408
424 331 427 248 828 596 153 800 363 730 522 761 189 788 335 810 510 804 377 0 341 653 459 308 168 221 556 316 790 601 409 785 119 72 453 730 802 124 869 52 105 609 762 281 328 389 988 253 104 869 663 116 514 524 556 170 624 444 717 505 233 763 270 212 218 445 54 755 909 38 210 207 589 539 588 179 645 379 591 876 448 655 737 795 768 175 671 563 1011 596 544 119 756 532 619 603 450 839 406 507 371 882 308 861 246 1013 626 684 523 506 408 919 618 89 179 492 649 731 560
766 653 705 110 819 462 423 882 358 723 404 897 181 953 616 1026 759 882 543 341 0 735 800 542 284 401 823 591 794 691 698 797 430 279 268 696 1006 381 971 351 347 821 881 110 496 83 1208 351 245 1112 925 439 471 474 444 498 739 629 613 782 572 816 541 159 450 104 287 986 887 379 190 270 618 431 680 162 553 423 628 958 775 890 736 706 856 175 882 805 1219 841 796 361 975 595 432 663 297 886 113 466 590 815 636 902 415 1226 894 838 316 797 595 1151 553 371 188 352 622 808 862
786 582 447 742 242 421 514 151 376 189 411 185 745 270 457 415 375 153 285 653 735 0 753 389 521 431 438 449 199 52 476 182 569 622 529 240 377 530 235 705 757 299 156 782 327 692 568 421 626 539 468 731 300 306 392 747 70 257 370 459 648 117 455 613 445 792 656 420 320 647 778 503 138 389 64 668 343 315 123 227 637 378 180 366 122 636 316 366 558 384 389 533 389 139 512 77 488 191 675 301 339 370 605 214 406 571 469 176 546 503 279 544 296 565 607 452 221 78 568
70 188 307 707 990 927 407 856 684 913 860 751 644 721 307 644 398 864 512 459 800 753 0 405 557 491 372 325 946 710 276 932 378 521 849 942 661 441 879 463 493 519 775 738 503 838 777 570 555 633 440 387 798 810 881 334 690 500 997 322 227 867 348 655 428 904 513 575 1071 421 659 593 775 865 700 637 932 650 769 912 122 500 911 1048 824 627 560 436 819 445 405 461 598 703 983 750 830 932 851 791 429 1097 183 956 501 811 405 668 916 283 488 697 888 438 622 852 875 813 264
420 217 171 494 608 530 155 523 298 521 467 462 463 480 103 505 217 529 112 308 542 389 405 0 259 142 280 81 565 339 175 554 198 311 487 543 495 190 578 355 410 301 469 535 98 545 686 209 333 576 382 357 394 407 483 364 342 143 592 243 260 506 67 384 97 636 335 455 691 289 493 275 378 468 327 408 527 252 374 594 314 356 522 644 490 381 364 266 706 301 254 204 452 307 594 364 459 580 546 388 62 701 231 603 133 709 351 381 546 266 111 621 483 221 359 468 472 463 339
538 388 422 241 672 428 151 672 196 573 354 655 226 698 334 753 476 674 276 168 284 521 557 259 0 119 539 309 637 470 416 634 180 110 300 569 736 115 749 216 258 547 648 282 226 295 935 100 105 832 641 281 347 357 388 328 505 359 548 498 336 623 259 125 166 379 146 708 752 187 259 40 437 370 458 156 477 221 442 748 510 610 582 628 641 126 609 523 950 559 513 96 700 389 457 462 290 699 301 340 309 718 378 719 137 955 610 586 370 514 322 874 451 124 101 327 487 599 581
487 308 310 359 613 442 101 580 194 516 372 549 338 585 229 634 357 583 163 221 401 431 491 142 119 0 422 203 573 379 309 567 157 196 362 523 618 101 651 274 326 427 546 401 112 403 816 79 208 713 524 309 328 339 397 338 405 242 535 385 292 542 157 243 63 493 227 589 695 219 370 132 372 380 367 274 465 178 374 655 424 491 522 603 548 245 490 404 831 440 394 102 581 312 492 383 340 618 405 321 190 679 307 640 25 836 493 475 427 405 205 754 429 136 221 360 444 510 475
429 276 129 769 680 747 415 507 552 623 698 388 731 349 221 283 76 516 317 556 823 438 372 280 539 422 0 241 637 410 153 619 437 578 748 666 294 456 515 593 645 155 418 810 347 825 445 485 604 314 106 563 601 613 703 542 368 246 764 58 396 538 290 664 373 916 595 217 754 527 758 555 511 690 404 683 712 490 499 554 251 129 616 787 479 658 187 73 476 73 49 474 232 447 825 464 715 593 824 597 240 808 310 616 412 474 71 311 800 89 264 369 662 480 638 712 618 480 133
344 139 115 530 677 610 174 573 376 594 547 497 490 500 26 498 195 580 187 316 591 449 325 81 309 203 241 0 633 401 107 621 197 337 560 619 494 215 619 356 409 304 510 570 179 603 673 278 364 552 347 338 475 488 564 331 395 192 673 193 205 566 50 432 143 688 353 441 759 289 517 332 452 548 390 445 608 332 447 641 233 341 593 722 541 421 365 249 699 281 228 234 444 381 673 433 534 638 606 469 110 776 157 661 201 699 312 412 622 205 170 603 563 238 403 546 550 518 273
975 770 643 827 44 380 668 195 455 71 405 320 845 412 645 576 575 187 454 790 794 199 946 565 637 573 637 633 0 236 671 20 725 746 546 115 534 675 281 842 891 493 278 863 486 734 701 539 742 702 661 883 322 320 372 908 268 446 264 658 824 114 632 702 603 828 782 595 126 792 878 610 201 378 245 765 278 415 199 235 833 568 57 214 200 735 502 564 678 580 588 673 561 263 464 200 507 127 711 327 523 179 791 129 549 695 664 352 536 702 463 694 253 709 706 457 173 169 767
741 536 407 694 280 403 462 201 332 213 384 213 695 289 411 422 343 204 233 601 691 52 710 339 470 379 410 401 236 0 435 221 517 570 495 256 385 478 282 653 705 281 192 734 275 651 584 371 575 542 451 679 272 279 369 696 63 211 371 425 599 167 406 565 393 751 604 418 361 595 728 454 120 364 12 619 335 268 106 278 597 364 206 380 171 587 308 340 578 361 361 481 389 98 493 59 453 242 635 272 291 398 558 265 354 590 447 183 517 469 231 553 285 513 558 422 220 130 537
316 130 32 634 715 698 277 581 473 641 639 483 590 466 81 431 136 588 259 409 698 476 276 175 416 309 153 107 671 435 0 656 290 438 663 674 435 319 610 443 494 261 504 673 268 710 597 383 467 467 257 410 558 570 652 389 413 227 745 96 245 590 157 539 250 796 451 368 796 378 616 439 508 637 426 549 684 423 500 640 161 272 638 786 549 527 314 186 628 210 158 339 378 438 767 477 635 655 713 552 170 827 163 679 306 626 219 398 722 99 222 522 637 339 510 643 612 536 166
962 757 628 828 61 391 660 175 455 79 413 299 845 391 632 555 558 166 443 785 797 182 932 554 634 567 619 621 20 221 656 0 717 742 553 130 513 669 261 837 886 474 257 864 477 739 680 535 739 682 641 876 326 325 381 899 250 432 280 641 813 93 621 702 594 834 778 575 139 786 877 607 196 386 231 765 290 412 193 217 818 549 63 234 179 734 482 546 658 561 570 667 540 255 476 189 513 110 717 331 510 200 778 115 542 674 646 332 546 685 450 673 262 703 705 465 180 149 750
358 223 308 351 765 589 56 712 342 671 517 660 301 679 216 693 391 716 285 119 430 569 378 198 180 157 437 197 725 517 290 717 0 154 479 680 687 68 773 160 214 494 665 388 242 461 870 221 186 749 543 162 483 494 545 182 532 340 691 385 155 684 152 279 123 533 161 637 848 93 326 219 526 528 505 271 620 335 525 785 345 537 675 760 679 255 556 445 894 477 425 85 639 462 629 529 466 759 473 476 261 836 206 782 179 895 506 579 549 387 305 800 585 60 246 497 601 646 444
490 377 452 197 782 530 163 772 305 683 456 745 153 779 359 817 524 775 359 72 279 622 521 311 110 196 578 337 746 570 438 742 154 0 381 679 805 122 846 111 148 612 742 235 308 320 997 206 34 885 684 188 457 466 492 242 600 434 655 530 293 728 287 140 214 383 36 766 862 105 181 144 546 474 558 118 584 331 550 848 498 666 691 737 741 106 675 576 1017 610 560 106 763 494 549 567 380 804 336 450 370 828 358 825 220 1020 649 671 452 537 398 931 561 99 106 423 597 701 596
836 670 657 340 565 194 441 665 197 474 141 709 389 781 586 888 674 662 432 453 268 529 849 487 300 362 748 560 546 495 663 553 479 381 0 440 859 411 759 490 514 698 685 363 402 194 1064 283 354 993 837 569 233 231 179 622 553 512 345 724 634 587 518 256 426 283 411 863 628 480 414 260 396 169 487 319 288 263 409 736 786 778 490 439 643 300 750 708 1065 743 709 394 843 397 175 452 41 651 168 230 510 549 666 664 359 1075 814 668 70 752 487 1019 295 424 282 89 373 593 826
963 758 649 739 126 266 623 295 376 58 298 402 764 494 635 651 597 287 432 730 696 240 942 543 569 523 666 619 115 256 674 130 680 679 440 0 610 624 387 782 827 536 363 772 454 632 791 476 670 776 707 831 230 225 262 862 308 446 151 678 795 206 608 619 563 723 715 660 191 737 795 537 166 270 261 684 163 351 173 345 835 618 75 125 290 654 557 596 772 618 617 619 628 238 348 202 403 240 607 236 513 158 774 245 500 788 704 415 425 720 454 776 144 655 626 351 81 247 790
721 565 405 977 568 789 649 348 672 554 764 214 955 124 482 43 303 358 463 802 1006 377 661 495 736 618 294 494 534 385 435 513 687 805 859 610 0 685 303 846 901 193 256 1019 511 986 204 655 824 168 226 832 653 661 753 820 322 378 747 351 679 420 534 856 590 1085 830 94 621 780 985 739 506 747 389 893 719 602 491 356 542 165 540 734 335 863 130 250 213 226 277 698 64 472 878 443 819 439 977 652 434 712 598 457 598 219 258 202 892 382 413 167 670 716 838 797 598 367 401
424 275 331 314 715 522 42 677 276 618 449 637 275 665 239 696 402 681 253 124 381 530 441 190 115 101 456 215 675 478 319 669 68 122 411 624 685 0 744 175 229 492 638 354 204 404 876 156 148 762 562 207 420 431 478 240 500 320 627 409 222 642 165 224 95 482 144 644 797 117 304 152 474 461 466 230 556 275 476 752 398 544 624 699 645 208 554 453 896 488 437 20 642 414 561 484 398 718 413 413 251 779 264 740 126 899 527 560 481 418 284 809 523 35 193 429 544 609 481
926 735 578 976 302 628 722 96 612 329 632 128 975 185 620 346 480 100 491 869 971 235 879 578 749 651 515 619 281 282 610 261 773 846 759 387 303 744 0 920 974 361 109 1016 540 927 433 651 853 465 495 935 526 529 607 942 245 435 538 558 824 183 640 847 653 1027 878 388 334 858 1008 735 362 607 293 900 535 550 350 55 757 405 312 495 115 869 334 445 404 444 476 750 352 375 718 309 717 159 910 528 519 443 764 168 626 422 513 212 768 600 468 442 496 779 840 678 411 166 646
420 353 464 249 880 641 201 852 412 782 567 812 182 836 373 853 551 856 428 52 351 705 463 355 216 274 593 356 842 653 443 837 160 111 490 782 846 175 920 0 54 653 813 276 380 407 1030 305 136 907 699 87 564 573 602 147 675 493 765 540 244 815 312 239 268 454 78 797 962 67 195 254 641 585 640 195 694 431 644 928 466 697 789 845 820 198 716 605 1054 637 584 171 799 585 660 656 491 892 427 557 418 933 327 914 299 1055 662 733 560 537 457 959 668 140 209 534 700 784 587
445 398 515 239 928 675 256 905 454 829 601 866 168 891 426 907 604 909 482 105 347 757 493 410 258 326 645 409 891 705 494 886 214 148 514 827 901 229 974 54 0 708 867 259 434 412 1083 352 164 960 751 106 606 615 638 163 729 548 803 591 283 867 366 258 323 446 112 850 1009 121 172 293 690 621 693 203 732 477 693 981 507 750 837 885 873 215 770 658 1108 690 637 224 852 635 687 707 519 943 435 599 473 976 370 965 351 1109 713 788 583 587 512 1012 709 194 231 565 745 836 633
570 391 228 787 535 658 456 353 503 488 621 233 762 205 295 206 125 362 279 609 821 299 519 301 547 427 155 304 493 281 261 474 494 612 698 536 193 492 361 653 708 0 263 829 325 808 388 470 631 296 170 642 514 525 618 634 229 193 650 197 498 389 342 668 397 905 636 166 606 587 793 552 395 608 278 702 607 434 381 399 397 85 479 661 325 673 62 83 405 88 114 505 154 341 744 339 660 440 801 512 241 669 423 463 409 409 171 156 739 239 226 329 556 522 648 646 500 331 287
820 627 471 880 312 575 614 96 524 305 567 41 875 133 510 298 377 106 385 762 881 156 775 469 648 546 418 510 278 192 504 257 665 742 685 363 256 638 109 813 867 263 0 920 434 843 427 551 751 424 412 826 456 462 547 833 144 326 508 457 715 164 530 751 545 943 774 324 368 751 908 637 293 545 202 802 491 458 279 137 653 319 290 484 78 770 248 346 410 349 376 644 288 290 666 233 643 188 827 457 409 456 655 208 521 425 425 107 702 500 359 416 446 673 742 609 366 115 551
697 610 685 41 891 554 396 932 411 793 491 931 94 978 593 1035 752 933 558 281 110 782 738 535 282 401 810 570 863 734 673 864 388 235 363 772 1019 354 1016 276 259 829 920 0 508 192 1217 371 206 1111 915 360 542 547 531 419 776 641 703 763 514 872 520 169 438 193 229 989 963 319 88 285 676 517 722 127 639 467 684 1009 729 890 805 795 904 156 891 801 1233 837 788 335 982 643 534 714 386 945 222 537 590 901 588 963 420 1238 881 865 418 772 605 1155 633 334 182 441 695 858 832
514 314 257 467 528 432 186 472 208 437 371 436 450 473 201 530 274 476 51 328 496 327 503 98 226 112 347 179 486 275 268 477 242 308 402 454 511 204 540 380 434 325 434 508 0 486 712 145 321 617 440 403 296 308 385 422 295 133 495 321 341 441 157 344 118 581 339 489 611 320 482 227 291 370 263 383 429 155 289 547 412 395 440 549 440 352 385 314 725 350 311 210 479 223 498 288 371 517 482 290 107 612 326 540 89 731 414 363 458 351 98 654 385 240 326 375 380 405 426
810 680 713 185 756 387 445 836 320 662 335 861 252 924 628 1009 757 835 529 389 83 692 838 545 295 403 825 603 734 651 710 739 461 320 194 632 986 404 927 407 412 808 843 192 486 0 1190 341 285 1102 924 495 413 414 374 554 703 614 539 789 611 765 554 182 459 100 336 974 821 425 266 271 568 363 641 212 482 389 579 910 803 881 677 633 812 214 866 799 1198 835 794 384 960 553 351 618 228 832 30 409 586 744 667 847 413 1206 895 809 236 807 582 1137 487 401 216 282 561 762 876
844 720 571 1176 729 987 838 505 877 733 966 388 1149 298 657 182 478 514 664 988 1208 568 777 686 935 816 445 673 701 584 597 680 870 997 1064 791 204 876 433 1030 1083 388 427 1217 712 1190 0 857 1018 145 347 1006 854 862 953 987 521 579 934 503 841 589 718 1056 783 1289 1020 232 768 963 1179 939 702 948 588 1090 912 807 688 488 669 332 717 911 502 1061 326 424 51 393 445 891 234 674 1077 639 1024 589 1181 853 628 873 753 601 797 36 386 401 1095 522 613 80 865 905 1037 1000 788 543 514
564 388 381 330 576 368 171 572 120 477 296 560 324 607 304 675 416 574 192 253 351 421 570 209 100 79 485 278 539 371 383 535 221 206 283 476 655 156 651 305 352 470 551 371 145 341 857 0 205 763 583 357 265 275 324 395 407 277 471 453 367 523 235 203 143 436 242 635 657 262 357 86 339 306 359 250 400 125 343 649 503 540 485 545 542 218 530 458 868 494 453 146 624 289 414 362 260 599 338 258 245 629 386 619 77 874 554 494 347 476 243 800 368 183 190 282 395 499 548
524 410 479 166 777 510 190 777 294 677 436 756 130 794 387 837 548 779 372 104 245 626 555 333 105 208 604 364 742 575 467 739 186 34 354 670 824 148 853 136 164 631 751 206 321 285 1018 205 0 908 709 218 445 453 473 274 608 450 640 557 328 729 314 107 235 348 57 788 856 139 161 133 543 456 563 84 569 326 548 853 531 689 686 723 746 71 694 599 1036 633 584 130 784 495 524 568 356 805 302 438 390 817 392 825 231 1040 675 684 424 566 413 954 548 129 74 401 589 705 627
700 584 444 1070 737 941 723 516 800 721 910 382 1038 292 534 126 360 526 573 869 1112 539 633 576 832 713 314 552 702 542 467 682 749 885 993 776 168 762 465 907 960 296 424 1111 617 1102 145 763 908 0 211 877 801 810 903 855 480 488 910 371 707 588 600 957 673 1199 905 130 789 841 1067 842 662 895 544 984 877 730 648 520 527 222 707 901 503 957 243 310 190 275 325 779 153 621 1029 601 955 607 1097 798 523 881 618 624 697 180 250 363 1032 385 519 64 828 789 934 938 759 534 371
504 374 235 874 702 818 520 507 640 658 775 375 837 313 327 204 166 517 404 663 925 468 440 382 641 524 106 347 661 451 257 641 543 684 837 707 226 562 495 699 751 170 412 915 440 924 347 583 709 211 0 667 673 683 775 644 399 325 819 160 496 554 396 767 477 1017 701 135 770 633 865 656 563 765 448 788 773 574 550 541 326 93 648 831 483 762 164 128 383 95 130 579 162 506 901 509 802 597 921 669 337 838 407 619 511 378 39 312 885 175 350 269 722 586 741 794 669 495 176
339 302 435 335 922 710 217 874 473 826 636 820 266 834 350 834 530 878 447 116 439 731 387 357 281 309 563 338 883 679 410 876 162 188 569 831 832 207 935 87 106 642 826 360 403 495 1006 357 218 877 667 0 622 632 670 59 694 500 827 506 182 845 302 324 285 541 161 774 1005 95 276 321 682 652 667 282 755 481 683 947 405 675 832 903 841 284 703 584 1034 614 561 212 780 620 735 689 567 921 515 615 419 985 271 944 333 1034 628 738 640 497 467 932 726 175 292 607 751 808 538
805 609 542 508 349 145 429 432 151 251 111 484 534 562 497 686 525 429 298 514 471 300 798 394 347 328 601 475 322 272 558 326 483 457 233 230 653 420 526 564 606 514 456 542 296 413 854 265 445 801 673 622 0 12 103 660 334 354 207 593 618 354 450 388 380 510 493 671 421 527 565 313 164 94 266 454 137 150 177 503 708 599 265 280 411 424 558 546 850 577 555 411 647 180 229 223 192 419 392 7 388 371 618 434 309 862 657 453 245 629 343 818 104 448 397 152 152 360 705
817 622 554 514 345 134 441 434 161 249 105 490 540 569 509 695 537 432 311 524 474 306 810 407 357 339 613 488 320 279 570 325 494 466 231 225 661 431 529 573 615 525 462 547 308 414 862 275 453 810 683 632 12 0 93 671 341 366 196 605 630 356 462 394 392 510 502 681 416 537 571 321 168 85 273 460 125 162 182 505 720 610 263 271 414 431 568 557 857 588 567 422 656 189 219 229 191 420 392 18 400 363 630 434 321 869 669 461 240 641 355 827 94 459 404 148 148 364 717
883 693 638 502 388 46 495 511 203 301 40 577 540 658 587 787 626 507 395 556 444 392 881 483 388 397 703 564 372 369 652 381 545 492 179 262 753 478 607 602 638 618 547 531 385 374 953 324 473 903 775 670 103 93 0 714 432 456 172 692 689 427 533 396 455 462 527 774 448 575 569 348 253 17 364 463 109 231 268 578 797 703 318 263 494 437 661 648 947 680 657 466 749 281 126 316 146 484 348 106 483 371 698 495 382 959 760 552 165 727 442 919 119 502 413 91 201 443 803
282 271 417 395 948 756 239 886 514 854 682 824 326 832 339 820 517 892 462 170 498 747 334 364 328 338 542 331 908 696 389 899 182 242 622 862 820 240 942 147 163 634 833 419 422 554 987 395 274 855 644 59 660 671 714 0 706 507 867 484 148 863 302 381 305 601 219 757 1031 141 334 369 709 696 684 341 795 515 708 958 363 660 858 940 854 342 693 571 1017 598 545 249 766 644 785 711 617 939 573 653 423 1018 239 962 361 1016 605 741 692 470 475 911 764 212 348 655 783 824 504
726 524 383 736 311 466 479 180 383 259 446 158 732 228 401 359 307 186 247 624 739 70 690 342 505 405 368 395 268 63 413 250 532 600 553 308 322 500 245 675 729 229 144 776 295 703 521 407 608 480 399 694 334 341 432 706 0 203 431 391 598 176 407 607 409 804 633 357 388 615 764 493 183 427 68 658 397 316 168 253 572 309 250 433 147 626 250 296 515 313 320 505 327 156 556 121 512 243 689 333 287 440 549 267 380 527 399 120 578 435 231 490 348 535 598 483 280 124 499
529 325 202 600 490 500 292 383 315 414 451 320 580 345 200 397 170 389 85 444 629 257 500 143 359 242 246 192 446 211 227 432 340 434 512 446 378 320 435 493 548 193 326 641 133 614 579 277 450 488 325 500 354 366 456 507 203 0 526 240 395 374 205 478 225 712 463 359 572 428 612 360 282 444 201 515 470 249 273 452 389 268 411 560 350 485 252 196 591 230 202 330 346 212 579 250 476 445 608 350 84 599 348 469 221 597 306 240 559 280 36 522 420 354 460 469 387 326 354
1009 810 725 675 263 152 637 445 354 208 212 545 712 636 692 786 690 438 488 717 613 370 997 592 548 535 764 673 264 371 745 280 691 655 345 151 747 627 538 765 803 650 508 703 495 539 934 471 640 910 819 827 207 196 172 867 431 526 0 766 825 356 651 568 587 621 691 788 302 731 741 511 255 187 372 634 71 357 268 497 902 735 225 93 438 608 680 700 919 726 716 617 758 317 214 312 316 391 512 214 576 206 820 394 516 934 811 547 311 806 523 914 109 654 583 261 151 392 880
375 217 78 724 702 737 367 542 529 638 684 430 683 398 170 342 83 551 298 505 782 459 322 243 498 385 58 193 658 425 96 641 385 530 724 678 351 409 558 540 591 197 457 763 321 789 503 453 557 371 160 506 593 605 692 484 391 240 766 0 337 565 243 623 331 878 545 276 779 474 709 518 517 679 418 638 710 471 507 594 200 186 632 796 512 614 238 113 535 126 82 428 290 450 812 476 693 624 790 588 214 824 251 648 377 532 122 349 779 44 250 427 661 431 596 694 624 508 113
202 123 274 481 867 734 195 777 486 778 663 701 421 700 206 676 377 784 370 233 572 648 227 260 336 292 396 205 824 599 245 813 155 293 634 795 679 222 824 244 283 498 715 514 341 611 841 367 328 707 496 182 618 630 689 148 598 395 825 337 0 766 193 428 237 676 287 612 950 195 438 374 633 672 587 410 755 468 630 845 223 517 780 887 745 399 555 429 872 455 402 240 623 564 780 624 619 839 624 611 310 953 90 862 308 870 457 617 703 322 368 764 717 213 395 647 720 720 357
901 699 560 834 150 446 628 88 461 148 455 206 843 298 574 462 482 82 401 763 816 117 867 506 623 542 538 566 114 167 590 93 684 728 587 206 420 642 183 815 867 389 164 872 441 765 589 523 729 588 554 845 354 356 427 863 176 374 356 565 766 0 573 706 560 863 763 482 216 760 876 602 197 429 179 765 352 407 188 150 749 461 131 322 87 733 392 465 568 477 491 644 447 234 536 161 547 76 745 357 457 293 722 98 516 584 560 242 591 610 397 580 314 677 704 503 229 58 671
357 160 165 480 675 580 124 588 339 588 514 521 440 532 75 541 240 593 178 270 541 455 348 67 259 157 290 50 632 406 157 621 152 287 518 608 534 165 640 312 366 342 530 520 157 554 718 235 314 600 396 302 450 462 533 302 407 205 651 243 193 573 0 382 95 639 305 485 758 245 468 284 444 517 394 394 584 302 440 658 268 385 589 706 555 371 404 293 741 326 275 184 486 373 639 431 494 646 558 443 120 766 168 670 159 743 361 438 582 255 176 649 542 190 353 510 536 528 322
628 500 546 129 733 428 266 764 247 634 357 762 145 811 457 874 601 765 393 212 159 613 655 384 125 243 664 432 702 565 539 702 279 140 256 619 856 224 847 239 258 668 751 169 344 182 1056 203 107 957 767 324 388 394 396 381 607 478 568 623 428 706 382 0 291 257 162 831 809 245 176 117 511 380 553 66 499 299 519 840 622 734 645 656 735 43 730 648 1070 684 638 204 822 475 431 547 265 780 196 382 433 756 485 798 259 1076 735 697 325 637 443 997 486 218 33 315 539 690 703
427 244 255 397 644 501 69 589 255 550 432 543 366 569 169 602 313 593 162 218 450 445 428 97 166 63 373 143 603 393 250 594 123 214 426 563 590 95 653 268 323 397 545 438 118 459 783 143 235 673 477 285 380 392 455 305 409 225 587 331 237 560 95 291 0 546 239 552 727 205 396 189 405 439 381 311 517 230 404 663 360 453 554 650 556 285 460 363 802 398 350 108 548 339 554 406 404 636 463 374 156 720 245 658 72 805 444 465 491 348 189 718 479 129 264 423 486 523 416
870 756 801 207 848 470 524 935 420 756 424 962 278 1024 714 1108 850 934 626 445 104 792 904 636 379 493 916 688 828 751 796 834 533 383 283 723 1085 482 1027 454 446 905 943 193 581 100 1289 436 348 1199 1017 541 510 510 462 601 804 712 621 878 676 863 639 257 546 0 391 1071 910 483 281 361 667 452 741 266 569 489 678 1009 878 977 772 715 911 278 964 894 1297 930 887 462 1058 654 421 717 320 929 117 506 680 827 740 944 505 1305 987 909 311 894 679 1235 579 473 288 372 655 862 961
478 380 467 195 818 565 182 806 342 719 491 776 140 808 374 840 544 809 390 54 287 656 513 335 146 227 595 353 782 604 451 778 161 36 411 715 830 144 878 78 112 636 774 229 339 336 1020 242 57 905 701 161 493 502 527 219 633 463 691 545 287 763 305 162 239 391 0 788 899 92 164 181 582 509 592 125 620 367 585 882 500 688 728 773 774 123 699 596 1041 630 579 132 786 529 581 602 412 839 354 487 395 864 359 860 252 1043 665 701 481 549 426 953 597 115 131 456 634 735 606
637 494 340 948 633 813 606 420 669 607 780 283 918 203 425 68 245 430 444 755 986 420 575 455 708 589 217 441 595 418 368 575 637 766 863 660 94 644 388 797 850 166 324 989 489 974 232 635 788 130 135 774 671 681 774 757 357 359 788 276 612 482 485 831 552 1071 788 0 692 730 948 716 538 766 418 862 752 600 523 439 458 100 594 786 402 834 113 192 260 160 213 659 36 493 900 477 825 512 967 669 399 775 527 532 572 259 170 245 902 302 391 165 703 673 810 808 637 426 312
1101 896 767 930 83 445 791 273 564 179 486 409 953 497 771 664 695 263 580 909 887 320 1071 691 752 695 754 759 126 361 796 139 848 862 628 191 621 797 334 962 1009 606 368 963 611 821 768 657 856 789 770 1005 421 416 448 1031 388 572 302 779 950 216 758 809 727 910 899 692 0 913 985 723 322 458 371 873 342 531 323 280 957 677 173 220 290 843 608 681 738 694 706 794 656 388 517 326 592 182 796 427 649 124 917 166 671 756 777 457 606 823 589 773 333 830 815 539 269 275 886
386 294 398 286 831 616 137 793 377 734 542 748 227 770 307 786 484 797 367 38 379 647 421 289 187 219 527 289 792 595 378 786 93 105 480 737 780 117 858 67 121 587 751 319 320 425 963 262 139 841 633 95 527 537 575 141 615 428 731 474 195 760 245 245 205 483 92 730 913 0 246 228 591 557 583 217 660 387 593 868 411 630 740 808 761 210 649 538 987 570 518 119 732 531 643 602 475 836 441 520 352 891 270 858 244 988 596 669 551 473 393 892 631 83 212 514 657 726 525
614 541 631 81 909 598 344 929 422 810 529 915 32 955 538 998 706 931 533 210 190 778 659 493 259 370 758 517 878 728 616 877 326 181 414 795 985 304 1008 195 172 793 908 88 482 266 1179 357 161 1067 865 276 565 571 569 334 764 612 741 709 438 876 468 176 396 281 164 948 985 246 0 274 684 553 716 112 674 468 690 1006 658 848 821 831 899 143 855 757 1198 792 742 288 944 642 589 715 430 951 294 559 551 932 517 970 392 1201 829 844 476 714 575 1113 662 278 172 484 716 856 769
576 421 442 244 644 389 185 655 161 544 314 646 241 693 358 757 489 656 276 207 270 503 593 275 40 132 555 332 610 454 439 607 219 144 260 537 739 152 735 254 293 552 637 285 227 271 939 86 133 842 656 321 313 321 348 369 493 360 511 518 374 602 284 117 189 361 181 716 723 228 274 0 412 331 442 165 440 195 418 731 541 619 554 592 625 133 613 534 952 570 526 134 706 368 416 441 249 677 274 306 320 684 413 697 144 958 626 580 330 536 325 881 416 164 104 286 456 581 605
797 592 485 639 240 284 469 269 264 145 273 323 651 405 468 542 439 267 266 589 618 138 775 378 437 372 511 452 201 120 508 196 526 546 396 166 506 474 362 641 690 395 293 676 291 568 702 339 543 662 563 682 164 168 253 709 183 282 255 517 633 197 444 511 405 667 582 538 322 591 684 412 0 251 119 572 214 216 14 342 669 479 149 279 247 540 427 445 694 470 462 472 509 71 375 63 355 269 549 165 346 323 609 287 348 707 555 303 409 559 287 673 165 508 511 316 107 196 631
866 677 624 488 396 62 478 512 186 307 28 574 525 654 572 780 614 508 381 539 431 389 865 468 370 380 690 548 378 364 637 386 528 474 169 270 747 461 607 585 621 608 545 517 370 363 948 306 456 895 765 652 94 85 17 696 427 444 187 679 672 429 517 380 439 452 509 766 458 557 553 331 251 0 359 447 122 216 265 579 782 693 323 278 494 421 653 637 942 669 646 449 742 274 135 313 134 488 337 96 469 384 682 500 366 954 748 547 161 714 429 913 126 485 396 80 206 443 789
730 526 398 683 289 399 449 214 322 219 378 222 683 296 401 424 336 216 221 588 680 64 700 327 458 367 404 390 245 12 426 231 505 558 487 261 389 466 293 640 693 278 202 722 263 641 588 359 563 544 448 667 266 273 364 684 68 201 372 418 587 179 394 553 381 741 592 418 371 583 716 442 119 359 0 607 333 257 104 290 587 362 214 384 183 575 308 335 583 358 355 469 390 89 489 61 445 254 626 265 280 405 548 277 341 595 443 187 510 462 220 556 284 501 546 415 221 143 530
604 495 560 86 797 494 272 819 310 698 424 810 80 855 469 908 625 821 433 179 162 668 637 408 156 274 683 445 765 619 549 765 271 118 319 684 893 230 900 195 203 702 802 127 383 212 1090 250 84 984 788 282 454 460 463 341 658 515 634 638 410 765 394 66 311 266 125 862 873 217 112 165 572 447 607 0 566 357 579 896 616 763 709 722 790 31 764 674 1106 709 661 210 855 532 494 604 330 839 233 447 462 823 476 858 294 1111 755 742 386 648 479 1028 552 213 60 381 604 746 710
941 743 666 610 288 103 566 439 282 211 149 525 645 613 628 756 637 434 425 645 553 343 932 527 477 465 712 608 278 335 684 290 620 584 288 163 719 556 535 694 732 607 491 639 429 482 912 400 569 877 773 755 137 125 109 795 397 470 71 710 755 352 584 499 517 569 620 752 342 660 674 440 214 122 333 566 0 287 229 499 838 692 229 156 428 539 641 650 900 678 664 546 724 267 186 276 255 399 456 144 514 262 753 406 446 914 762 516 264 749 464 886 50 583 514 200 125 379 824
655 462 411 428 451 278 280 465 70 352 215 474 435 535 356 628 414 465 173 379 423 315 650 252 221 178 490 332 415 268 423 412 335 331 263 351 602 275 550 431 477 434 458 467 155 389 807 125 326 730 574 481 150 162 231 515 316 249 357 471 468 407 302 299 230 489 367 600 531 387 468 195 216 216 257 357 287 0 222 541 566 515 360 425 437 325 488 445 811 480 448 268 582 176 343 247 227 482 377 143 258 504 469 501 159 820 553 420 310 503 226 759 250 305 296 223 270 391 579
791 586 476 647 239 299 469 257 273 147 287 308 658 391 462 528 428 255 261 591 628 123 769 374 442 374 499 447 199 106 500 193 525 550 409 173 491 476 350 644 693 381 279 684 289 579 688 343 548 648 550 683 177 182 268 708 168 273 268 507 630 188 440 519 404 678 585 523 323 593 690 418 14 265 104 579 229 222 0 331 662 466 150 288 234 547 413 433 679 458 450 474 495 66 390 48 367 261 560 179 340 328 604 279 349 692 543 288 423 549 280 658 179 510 518 330 119 184 620
956 762 608 970 252 596 732 76 600 290 605 167 973 235 643 399 514 75 500 876 958 227 912 594 748 655 554 641 235 278 640 217 785 848 736 345 356 752 55 928 981 399 137 1009 547 910 488 649 853 520 541 947 503 505 578 958 253 452 497 594 845 150 658 840 663 1009 882 439 280 868 1006 731 342 579 290 896 499 541 331 0 791 449 272 449 107 864 378 483 458 484 513 756 402 365 684 295 695 109 891 505 537 391 789 115 630 476 557 245 741 637 482 497 464 787 835 653 378 150 686
178 122 190 694 877 844 358 735 608 803 780 628 638 598 210 527 276 743 413 448 775 637 122 314 510 424 251 233 833 597 161 818 345 498 786 835 542 398 757 466 507 397 653 729 412 803 669 503 531 527 326 405 708 720 797 363 572 389 902 200 223 749 268 622 360 878 500 458 957 411 658 541 669 782 587 616 838 566 662 791 0 379 800 946 704 600 438 313 708 324 282 418 479 598 906 639 763 813 811 702 325 989 140 837 428 702 288 546 850 161 382 589 793 404 589 778 772 695 155
558 401 243 849 609 744 506 413 583 568 705 283 819 228 325 159 145 423 352 655 890 378 500 356 610 491 129 341 568 364 272 549 537 666 778 618 165 544 405 697 750 85 319 890 395 881 332 540 689 222 93 675 599 610 703 660 309 268 735 186 517 461 385 734 453 977 688 100 677 630 848 619 479 693 362 763 692 515 466 449 379 0 558 743 389 735 71 92 358 62 115 560 105 427 829 423 741 504 876 596 301 746 434 526 475 358 108 219 822 218 298 265 642 573 712 729 584 402 246
937 732 611 770 90 329 618 219 398 17 350 330 789 422 607 581 550 212 410 737 736 180 911 522 582 522 616 593 57 206 638 63 675 691 490 75 540 624 312 789 837 479 290 805 440 677 717 485 686 707 648 832 265 263 318 858 250 411 225 632 780 131 589 645 554 772 728 594 173 740 821 554 149 323 214 709 229 360 150 272 800 558 0 194 216 678 494 544 698 563 566 621 561 216 415 161 451 169 654 270 484 191 751 178 498 714 649 348 483 676 424 704 199 657 649 402 117 174 744
1064 861 763 766 199 245 705 408 432 180 304 524 801 617 740 775 717 400 535 795 706 366 1048 644 628 603 787 722 214 380 786 234 760 737 439 125 734 699 495 845 885 661 484 795 549 633 911 545 723 901 831 903 280 271 263 940 433 560 93 796 887 322 706 656 650 715 773 786 220 808 831 592 279 278 384 722 156 425 288 449 946 743 194 0 409 695 683 719 890 742 738 691 753 348 304 323 409 340 605 288 620 113 875 338 583 907 828 540 405 838 564 899 176 728 669 354 173 369 909
