20
0 1136 378 604 919 393 857 92 1121 1135 790 327 974 1228 342 735 765 1233 1075 511
1136 0 949 822 401 877 287 1189 279 217 484 1010 311 230 836 409 885 135 387 626
378 949 0 746 634 74 714 359 1026 1018 505 582 710 1102 443 614 925 1070 1020 427
604 822 746 0 844 693 558 694 672 713 766 299 840 804 307 468 179 861 582 401
919 401 634 844 0 572 357 945 614 570 130 911 92 619 709 387 974 536 680 486
393 877 74 693 572 0 640 391 952 943 442 555 645 1028 398 540 872 997 947 357
857 287 714 558 357 640 0 915 317 303 355 723 315 388 549 123 653 376 344 345
92 1189 359 694 945 391 915 0 1190 1200 814 419 1006 1293 422 794 857 1291 1150 570
1121 279 1026 672 614 952 317 1190 0 64 653 920 538 134 786 413 685 226 118 626
1135 217 1018 713 570 943 303 1200 64 0 619 949 490 94 805 411 737 164 182 631
790 484 505 766 130 442 355 814 653 619 0 801 206 683 598 342 910 617 699 383
327 1010 582 299 911 555 723 419 920 949 801 0 937 1044 203 605 443 1078 848 426
974 311 710 840 92 645 315 1006 538 490 206 937 0 533 738 373 957 446 613 511
1228 230 1102 804 619 1028 388 1293 134 94 683 1044 533 0 900 501 819 122 246 723
342 836 443 307 709 398 549 422 786 805 598 203 738 900 0 426 485 918 734 227
735 409 614 468 387 540 123 794 413 411 342 605 373 501 426 0 587 498 411 224
765 885 925 179 974 872 653 857 685 737 910 443 957 819 485 587 0 898 577 566
1233 135 1070 861 536 997 376 1291 226 164 617 1078 446 122 918 498 898 0 345 722
1075 387 1020 582 680 947 344 1150 118 182 699 848 613 246 734 411 577 345 0 603
511 626 427 401 486 357 345 570 626 631 383 426 511 723 227 224 566 722 603 0
