241
0 620 966 952 920 920 453 317 578 830 893 622 771 920 623 722 646 718 945 524 945 785 907 288 645 858 332 970 1110 879 719 772 1060 660 567 679 167 694 465 847 413 991 670 537 556 157 70 140 974 136 1042 824 647 777 576 23 584 918 1222 867 274 616 611 1032 855 390 878 723 719 819 706 129 425 410 883 454 169 615 571 658 685 798 153 715 428 144 1021 857 361 835 695 748 858 770 503 254 750 875 179 618 337 468 1064 768 937 889 1108 533 507 85 980 1089 583 1007 401 461 723 501 832 658 1178 926 851 797 871 504 406 579 438 493 827 640 290 568 677 358 1203 357 1148 719 923 974 987 687 891 677 561 522 55 977 382 973 1192 348 521 758 949 751 907 541 301 505 978 842 822 1065 586 317 398 1095 182 132 796 288 461 769 647 867 837 58 738 917 835 672 364 323 1283 469 872 636 980 154 981 1089 401 102 808 55 758 523 260 1058 1035 125 848 1083 949 796 723 680 739 560 422 1101 116 375 1216 457 388 498 42 200 479 964 736 460 110 74 816 903 687 799 952 45 945 316 821 942 931 837 460
620 0 401 743 852 1033 328 532 594 827 746 673 228 373 372 699 614 642 534 562 796 260 810 526 376 239 292 725 638 939 295 151 704 848 789 102 702 76 361 272 429 574 781 452 396 464 574 482 738 756 812 664 121 918 685 603 713 358 807 862 354 287 730 636 615 457 837 770 352 733 132 520 301 427 265 727 650 585 712 743 590 485 596 316 592 478 558 291 259 265 75 274 240 672 228 429 874 259 603 825 320 628 855 841 477 282 746 105 579 699 854 661 661 725 360 483 474 257 245 668 762 966 409 560 678 683 570 111 711 526 231 771 621 654 294 282 748 458 746 116 722 588 910 109 386 133 669 100 571 528 762 1005 738 331 464 633 606 408 805 339 550 265 778 273 785 800 65 443 331 735 603 746 312 411 268 509 586 994 610 621 147 891 538 306 456 627 864 680 981 103 802 572 963 835 339 627 265 659 175 567 600 560 568 564 868 665 1068 953 872 80 388 109 676 769 529 725 845 183 662 421 662 432 458 807 723 703 658 658 966 911 567 232 1001 574 830 352 499 411 716 568 556
966 401 0 594 777 1037 544 770 683 805 647 745 195 55 434 711 661 643 284 683 678 182 727 778 417 292 640 553 281 929 278 300 440 941 920 307 1002 362 553 129 634 295 849 569 509 822 907 840 569 1094 625 588 476 965 789 945 817 47 469 830 729 383 822 355 495 669 786 802 322 686 276 846 554 635 219 905 944 649 823 808 604 378 896 297 770 823 234 461 617 138 350 232 232 641 467 728 922 205 894 936 630 786 673 866 201 156 464 506 712 1034 736 341 757 522 598 648 440 476 410 716 431 937 219 475 569 828 760 393 894 667 176 854 866 757 325 671 387 689 430 285 589 338 813 299 125 295 778 494 926 234 982 962 379 624 592 601 393 340 720 481 793 475 626 129 753 587 464 701 587 459 892 1078 193 698 514 436 627 1015 506 951 254 835 410 337 683 858 515 842 993 467 660 875 894 622 588 943 157 994 413 690 858 195 234 879 850 354 1068 1001 936 400 332 509 863 508 858 941 535 513 864 572 1008 766 615 680 731 875 973 986 1007 874 575 173 969 924 727 654 372 72 573 447 716
952 743 594 0 206 493 550 640 388 283 93 382 573 552 396 280 320 248 314 436 90 540 159 666 382 816 755 51 434 389 453 764 229 521 559 659 885 769 520 613 545 319 427 421 426 878 882 892 39 1033 89 129 864 480 446 929 460 580 394 287 858 466 444 287 128 563 236 349 391 183 643 829 596 548 760 618 833 345 474 400 269 260 813 429 549 851 398 971 762 604 754 492 757 199 582 716 448 740 794 542 691 526 118 380 394 700 257 800 460 978 143 351 420 108 584 491 277 559 913 336 368 379 392 186 81 525 562 643 621 461 663 451 701 431 448 859 444 597 333 687 29 269 223 657 479 621 450 768 944 373 733 390 438 664 434 197 205 336 152 469 659 549 35 600 237 124 796 640 604 247 791 1005 477 683 586 235 309 491 135 906 661 269 208 437 589 674 440 560 465 846 65 803 313 138 596 874 561 947 874 439 718 468 409 828 319 332 519 509 479 803 356 830 608 214 841 701 332 685 632 466 981 796 475 87 282 591 892 926 506 318 265 605 405 929 142 688 250 522 27 175 502
920 852 777 206 0 288 593 605 346 108 130 298 721 730 480 199 285 224 508 401 117 692 50 634 475 967 793 258 640 187 587 903 435 366 429 784 820 893 556 775 550 519 289 444 476 879 852 890 244 976 246 196 973 295 352 898 354 756 592 93 886 564 330 492 281 557 49 213 521 120 774 809 640 554 919 516 776 319 369 280 274 408 769 561 492 844 598 1109 808 764 878 635 912 183 655 714 274 899 746 398 721 455 228 210 583 864 459 888 414 928 91 557 339 313 609 483 383 627 1052 262 571 172 563 312 208 433 514 743 524 439 818 320 641 353 568 907 649 587 536 820 198 469 67 783 655 746 364 854 924 570 631 186 643 692 447 219 404 473 57 532 619 616 190 761 97 303 896 634 637 450 743 946 633 686 642 361 296 289 273 867 798 63 368 554 581 609 633 471 263 954 159 766 117 296 627 829 718 903 1004 401 664 670 610 795 128 538 313 319 309 922 490 924 523 411 819 607 520 754 553 490 942 798 480 127 183 495 841 879 312 113 291 758 199 906 68 709 409 705 217 331 462
920 1033 1037 493 288 0 725 639 444 231 409 366 948 985 672 339 419 404 782 487 405 924 334 667 675 1188 897 545 925 108 810 1114 723 260 353 985 782 1087 687 1013 647 799 269 583 636 928 863 934 532 936 530 450 1147 142 376 902 356 1009 879 210 971 757 330 778 549 637 259 262 746 351 982 837 767 650 1151 466 755 447 365 299 453 658 768 783 521 887 877 1313 922 1000 1075 863 1139 396 811 777 175 1131 742 303 823 475 504 192 852 1102 747 1044 482 902 370 844 388 601 719 577 607 782 1258 364 859 117 818 561 480 425 549 922 481 528 1049 292 632 400 780 1014 937 659 824 1027 483 750 296 986 911 949 393 1010 941 845 558 129 931 794 574 437 684 708 341 694 643 772 478 1000 283 588 1065 702 752 738 739 905 872 759 784 601 449 53 535 862 1012 224 628 764 655 599 917 455 53 1128 446 774 206 576 741 819 953 888 1200 483 663 949 890 806 186 825 34 127 197 1110 721 1083 499 698 844 552 803 897 533 620 929 856 592 415 316 461 820 862 106 175 480 988 102 920 355 801 664 966 502 592 522
453 328 544 550 593 725 0 229 280 541 517 359 361 492 173 410 318 368 492 240 572 363 561 234 195 537 205 555 657 640 275 449 616 522 461 319 460 396 37 444 103 538 462 149 124 341 385 357 562 568 636 435 431 601 362 430 389 498 772 579 307 167 408 582 433 135 565 465 266 473 333 324 47 102 530 403 401 285 386 427 318 352 356 266 266 323 569 619 216 430 387 313 510 411 102 199 558 515 351 497 141 300 668 533 486 510 664 320 253 507 622 637 341 580 54 155 286 77 572 364 727 674 400 372 470 355 245 225 388 201 445 449 325 331 230 315 750 147 699 368 523 523 658 324 450 296 345 287 427 525 454 717 739 116 152 382 504 298 558 89 251 73 582 435 508 647 346 157 57 651 349 547 357 165 60 334 298 681 419 424 370 617 394 222 142 322 833 352 672 412 595 336 690 676 52 408 392 468 503 244 314 609 583 346 577 631 759 634 551 408 286 359 353 664 336 414 772 172 344 106 491 264 134 588 432 378 437 455 648 626 305 399 708 417 591 145 374 507 525 405 228
317 532 770 640 605 639 229 0 261 519 576 309 590 717 358 406 329 401 678 207 628 591 591 29 380 758 289 661 852 581 494 668 769 391 306 543 256 606 216 673 137 722 374 242 280 289 248 296 664 394 729 510 614 498 271 294 285 725 939 556 340 387 312 754 551 102 563 415 471 502 560 205 236 136 757 212 198 298 275 354 371 517 173 481 119 249 766 819 322 659 600 538 735 454 324 143 464 742 155 354 225 165 749 468 689 739 816 492 190 338 663 817 271 702 180 155 434 305 777 342 897 625 607 496 559 214 93 442 194 178 674 348 96 257 448 398 933 81 865 591 611 696 672 549 669 524 254 464 319 721 230 673 923 205 221 443 661 487 590 291 23 302 663 664 507 756 532 89 203 802 152 367 579 136 275 478 332 588 531 267 596 605 545 438 87 95 999 189 588 597 664 164 672 777 197 233 620 307 704 206 90 815 781 191 540 808 671 524 443 611 481 530 161 802 215 192 921 351 138 214 342 217 181 647 421 198 253 286 543 596 375 628 655 301 628 194 539 728 619 541 143
578 594 683 388 346 444 280 261 0 272 317 79 547 627 258 147 68 142 505 54 368 532 329 289 269 771 463 417 680 360 415 690 551 265 237 557 497 653 243 623 211 542 187 141 201 533 509 543 417 647 476 259 705 324 106 555 134 645 728 310 548 335 143 557 321 212 308 185 361 240 560 463 323 215 745 249 446 46 140 149 124 339 431 391 160 498 604 880 483 609 641 469 730 194 368 368 280 727 410 254 388 140 492 253 543 707 595 600 72 595 402 626 74 464 279 141 256 339 828 89 690 397 477 280 311 157 175 483 246 94 647 181 313 73 374 579 742 241 655 603 359 505 414 560 562 524 96 566 579 560 356 442 733 358 130 191 455 347 329 256 278 330 408 611 251 510 622 288 311 582 407 618 493 342 339 283 82 402 300 527 593 355 345 359 235 285 785 185 391 686 406 425 425 527 300 492 563 566 765 55 331 666 619 452 302 613 479 359 279 672 351 638 226 572 474 320 694 452 246 175 603 452 148 387 166 218 508 543 372 355 141 589 430 561 367 371 357 623 371 328 118
830 827 805 283 108 231 541 519 272 0 191 209 723 754 457 131 222 185 553 325 205 698 132 548 457 966 733 333 702 123 586 895 510 258 321 769 722 875 503 786 483 573 182 391 435 802 764 811 322 878 341 220 945 197 255 809 253 779 677 38 820 543 227 556 319 484 59 110 520 120 764 725 587 487 925 412 680 256 267 177 236 427 678 559 402 765 650 1098 752 773 862 637 915 166 615 639 170 905 654 289 659 362 330 103 621 874 540 851 333 833 197 625 248 390 548 413 380 586 1042 183 651 140 587 329 254 334 426 716 421 366 823 213 546 262 559 849 724 512 615 810 266 524 165 770 680 733 269 817 838 616 526 178 718 629 389 208 459 479 137 493 531 576 277 772 52 395 865 559 579 529 651 848 643 613 595 371 244 215 304 775 792 86 397 543 507 513 722 371 191 926 252 677 153 393 568 736 726 810 988 324 571 721 663 707 45 606 263 226 204 901 494 888 423 497 734 504 612 709 454 435 849 723 417 221 109 393 746 785 223 85 261 762 174 819 167 643 433 735 285 361 380
893 746 647 93 130 409 517 576 317 191 0 299 599 600 381 194 249 175 377 369 54 569 79 604 372 845 722 142 515 303 469 786 318 429 470 671 814 781 484 650 495 391 336 376 394 830 823 843 132 965 167 83 867 387 362 870 374 628 486 200 822 460 357 368 152 509 150 257 404 92 659 773 564 499 795 535 764 278 389 311 209 283 748 443 477 800 469 992 733 639 766 514 789 123 564 666 355 775 727 451 654 450 175 287 453 738 349 792 390 913 108 435 339 199 543 435 271 538 935 254 460 298 434 190 78 444 493 641 539 399 695 361 630 351 455 831 533 542 424 704 74 341 170 670 526 633 368 759 889 440 651 317 526 626 385 137 275 352 72 445 594 528 97 636 144 213 795 588 568 338 725 936 509 634 560 241 245 402 146 844 681 191 240 442 535 601 533 480 377 849 88 741 247 220 558 809 594 883 890 371 649 541 482 767 230 417 437 417 386 812 371 825 529 307 784 620 425 666 555 423 919 749 424 72 193 509 826 861 415 236 215 635 327 872 85 647 281 575 94 203 435
622 673 745 382 298 366 359 309 79 209 299 0 618 690 330 106 86 139 546 123 343 601 292 338 339 846 536 418 718 285 484 766 569 196 190 634 523 731 321 693 284 580 110 220 279 593 555 602 415 678 465 259 784 245 64 601 83 709 747 247 617 410 78 586 340 279 255 110 427 210 636 515 401 288 818 236 477 96 95 70 151 385 471 459 194 555 647 958 558 679 720 538 804 183 448 431 201 800 447 193 461 157 473 175 593 778 611 679 124 630 367 657 41 471 354 213 308 418 906 45 712 325 533 311 312 144 217 562 239 164 719 109 342 55 446 653 770 306 676 679 354 538 365 637 622 601 69 645 629 605 352 371 762 432 209 197 483 405 293 334 322 409 395 680 200 506 701 352 387 598 444 648 559 407 418 326 119 323 319 568 669 296 382 430 300 311 802 180 313 765 386 468 363 518 376 530 632 604 843 120 366 712 662 498 234 642 400 280 202 751 413 717 231 581 525 321 704 531 258 254 643 514 226 363 115 209 542 580 293 288 176 660 357 610 332 442 401 682 369 358 170
771 228 195 573 721 948 361 590 547 723 599 618 0 154 288 609 541 543 318 535 642 35 673 596 279 245 445 545 409 844 137 192 491 812 776 125 813 216 377 82 458 353 728 416 353 626 713 645 559 900 629 524 329 856 651 750 681 147 581 753 535 217 690 417 451 493 718 695 202 612 96 652 365 458 202 745 755 522 684 687 496 316 706 164 607 628 331 397 422 68 201 85 192 557 276 536 811 183 705 800 436 630 675 763 252 160 530 327 561 840 702 436 621 533 413 484 343 288 340 599 537 862 196 409 523 677 593 198 732 511 101 727 687 618 172 481 519 509 523 127 558 375 769 119 158 104 639 309 731 303 811 894 509 431 437 515 405 247 667 312 613 289 608 73 674 606 293 516 398 520 704 885 98 508 324 360 508 918 454 757 95 770 365 188 503 682 636 686 900 316 637 684 838 643 400 751 39 800 308 541 676 332 339 686 767 441 982 892 819 255 230 338 700 559 664 771 624 318 696 408 813 571 451 650 632 716 782 792 901 801 468 41 896 729 684 461 322 186 547 400 556
920 373 55 552 730 985 492 717 627 754 600 690 154 0 378 658 606 589 247 627 633 135 679 726 362 299 597 513 278 878 224 290 412 886 864 274 951 343 500 106 580 266 794 514 454 778 859 796 529 1047 588 538 459 912 733 898 762 29 462 779 688 330 766 329 448 615 737 748 266 636 243 798 504 581 230 849 893 594 767 753 550 327 846 242 715 777 216 469 576 110 330 178 237 589 418 679 868 213 843 881 583 731 635 812 164 165 441 476 656 986 692 325 701 485 546 593 386 426 416 662 421 887 167 425 522 772 705 352 839 612 162 799 813 701 270 635 388 636 415 260 544 304 768 266 74 257 723 461 881 205 927 913 379 575 536 548 354 285 673 427 740 424 585 101 703 553 438 649 536 435 841 1030 138 648 464 384 572 962 457 902 227 786 361 282 630 804 512 787 941 448 618 825 847 589 537 894 114 946 409 634 805 194 219 829 799 336 1017 947 882 382 277 483 808 481 810 886 520 470 810 517 961 720 560 637 678 819 924 937 954 824 521 141 920 878 682 606 322 42 529 399 661
623 372 434 396 480 672 173 358 258 457 381 330 288 378 0 333 256 272 324 250 433 274 440 374 22 518 368 392 495 573 158 442 442 523 490 313 610 418 158 365 223 369 440 135 79 515 554 531 402 731 477 297 492 571 363 599 392 392 599 492 473 85 401 409 271 256 465 412 115 361 310 494 213 225 488 471 551 234 396 399 220 178 513 136 338 497 408 641 369 351 404 211 474 300 186 369 526 470 503 511 312 352 513 482 330 449 490 411 278 672 489 467 333 412 222 218 120 163 586 313 555 597 249 210 321 395 330 262 461 233 389 438 450 330 116 465 582 284 526 355 371 351 540 314 320 277 351 377 600 363 553 634 571 289 158 261 330 130 435 84 382 154 430 353 413 481 416 312 231 477 501 709 240 334 194 165 224 637 260 589 341 519 222 101 276 437 661 408 622 473 448 496 590 512 225 569 305 634 530 257 449 456 423 510 499 460 706 606 531 444 122 444 430 491 506 512 598 289 434 145 659 438 185 447 356 440 595 619 617 540 195 330 632 589 463 319 200 381 369 236 283
722 699 711 280 199 339 410 406 147 131 194 106 609 658 333 0 91 68 484 202 236 587 186 435 335 849 603 320 648 239 472 775 482 254 279 646 629 750 372 677 355 511 155 260 305 681 654 691 316 783 361 167 817 254 169 700 180 680 658 169 693 419 164 509 259 359 161 91 408 104 643 610 456 359 812 341 582 125 194 122 114 335 572 445 296 645 584 975 622 664 737 525 800 88 485 516 211 793 550 267 530 262 367 155 541 765 520 721 215 733 261 580 147 375 418 286 273 456 920 64 626 267 493 246 217 250 316 588 345 241 711 175 447 161 440 719 689 389 589 688 254 466 266 648 586 610 176 686 725 545 457 308 681 500 258 117 406 374 187 363 421 446 291 664 103 404 736 436 448 508 547 753 537 489 464 276 114 308 240 669 673 209 318 425 383 416 710 287 290 797 280 568 281 414 438 632 616 707 863 202 469 652 598 597 169 564 373 289 229 775 386 758 338 486 620 427 608 578 365 304 744 600 288 256 23 315 646 683 295 216 141 650 301 707 226 515 346 644 270 288 263
646 614 661 320 285 419 318 329 68 222 249 86 541 606 256 91 0 73 460 121 299 522 264 357 262 775 512 351 633 325 405 697 491 281 275 567 566 668 281 613 266 494 189 169 218 595 576 606 350 716 408 192 730 315 143 623 167 626 669 260 603 340 164 503 261 272 251 157 345 174 566 529 364 269 743 307 515 34 177 147 66 299 499 379 229 561 561 894 530 600 656 459 729 125 396 430 270 724 478 280 439 205 423 227 506 700 534 631 141 664 335 574 111 400 327 198 222 366 840 57 633 356 447 227 244 213 244 503 306 155 642 194 382 119 369 628 688 303 597 610 292 454 352 569 537 532 141 597 645 519 418 399 679 409 167 124 400 320 263 276 346 357 340 600 193 442 648 349 357 521 476 687 477 401 374 240 33 382 240 595 597 300 296 353 296 354 725 245 368 711 337 493 372 459 347 560 552 634 781 122 400 625 576 520 258 560 453 350 278 691 329 669 290 509 540 383 631 488 312 212 671 514 197 318 113 277 577 612 360 307 90 582 390 627 300 425 314 597 303 274 186
718 642 643 248 224 404 368 401 142 185 175 139 543 589 272 68 73 0 419 193 227 520 197 429 272 784 568 281 586 302 405 712 430 315 327 585 639 690 332 610 329 449 217 219 254 662 648 674 279 789 335 121 761 322 203 695 222 612 608 220 663 358 212 450 202 339 198 159 341 106 580 599 415 332 746 373 588 102 234 179 52 267 572 379 302 629 520 913 584 597 677 458 735 52 434 496 279 726 552 323 497 277 350 223 474 698 471 670 215 737 265 521 174 332 384 264 204 406 858 94 573 325 425 181 174 279 318 532 374 225 644 231 455 184 376 682 633 371 537 625 220 405 290 585 517 548 204 636 715 480 486 362 625 467 222 58 347 306 195 311 419 395 266 596 143 371 682 417 412 459 549 761 469 466 419 208 73 375 181 668 609 251 253 360 364 427 662 313 357 742 264 565 324 386 402 633 549 707 803 195 473 587 534 592 227 506 438 358 296 716 318 706 360 442 610 453 565 531 384 265 743 580 258 246 89 344 650 685 364 268 76 584 359 698 231 486 279 576 232 225 259
945 534 284 314 508 782 492 678 505 553 377 546 318 247 324 484 460 419 0 526 401 282 457 696 302 536 663 270 176 674 254 505 173 734 736 434 933 534 481 330 546 45 636 439 398 828 877 845 286 1056 341 333 645 733 603 922 628 277 286 571 767 336 624 101 234 578 524 574 230 433 409 816 524 548 472 752 874 462 637 598 395 167 837 245 635 814 100 702 654 324 519 261 474 401 465 691 693 453 826 739 622 635 389 629 83 408 212 620 556 996 457 144 570 238 544 528 252 456 646 508 240 675 124 238 302 662 635 464 746 527 386 649 766 575 282 737 257 607 217 445 312 58 536 429 181 401 597 594 919 62 850 695 247 603 461 366 109 194 450 404 702 449 344 318 501 305 598 636 549 202 824 1033 223 657 494 221 430 768 249 914 413 568 165 282 599 748 346 687 744 630 379 820 622 341 545 893 292 958 624 532 769 169 115 834 597 141 812 767 713 572 206 640 721 242 829 811 310 554 733 464 983 755 498 401 499 721 920 943 769 612 370 337 705 910 452 634 147 212 295 195 578
524 562 683 436 401 487 240 207 54 325 369 123 535 627 250 202 121 193 526 0 420 523 384 236 265 750 413 462 703 408 409 666 586 286 241 533 449 625 203 614 161 565 222 119 182 478 455 488 463 597 525 306 669 361 123 502 152 643 762 364 496 319 169 585 359 158 363 233 361 294 539 409 280 164 729 227 397 91 152 188 167 359 379 387 116 443 623 851 435 600 614 461 712 246 334 314 318 711 358 267 338 109 542 298 556 695 632 560 30 544 456 653 101 506 232 90 273 305 800 142 723 447 485 312 356 144 126 453 220 41 633 209 266 92 365 530 770 187 688 580 407 531 469 537 565 503 108 527 524 578 325 493 760 309 100 238 486 355 383 231 225 296 458 602 306 555 585 234 264 618 356 569 490 288 300 307 126 442 338 474 573 409 372 351 181 240 820 162 434 651 457 372 479 574 254 440 554 514 735 6 281 681 638 399 354 641 522 394 311 641 356 599 195 612 419 286 733 411 209 140 550 398 105 439 220 196 457 492 408 407 177 577 480 507 421 320 379 627 417 359 66
945 796 678 90 117 405 572 628 368 205 54 343 642 633 433 236 299 227 401 420 0 611 74 656 423 887 777 141 524 303 515 830 318 457 505 718 863 828 538 688 550 409 368 431 448 885 875 897 127 1014 136 137 917 402 405 922 415 661 476 203 876 511 395 378 190 563 153 288 450 132 705 826 619 553 834 577 813 330 429 347 263 325 799 489 526 854 488 1037 787 678 814 558 830 174 617 720 375 815 778 482 709 497 131 307 480 776 342 844 440 963 59 441 384 196 598 489 321 592 980 299 454 289 470 236 119 487 544 692 582 452 736 395 679 397 503 886 531 596 419 750 89 358 135 717 559 680 413 811 942 462 693 299 526 680 440 192 294 397 67 498 645 582 74 675 167 190 846 641 622 333 775 985 549 688 614 288 298 405 188 895 726 180 278 490 588 649 518 524 379 899 47 792 223 189 613 860 634 934 937 422 699 558 499 819 237 422 430 429 407 860 416 877 574 295 837 664 407 720 601 477 970 803 478 19 232 552 876 912 424 230 269 677 315 925 52 702 320 606 106 241 486
785 260 182 540 692 924 363 591 532 698 569 601 35 135 274 587 522 520 282 523 611 0 644 598 262 275 462 511 378 820 117 227 456 796 764 157 820 251 375 91 456 318 710 405 343 643 725 661 526 912 595 496 364 836 637 764 666 135 547 727 555 209 674 382 420 491 691 674 178 585 129 664 371 457 227 737 761 504 670 669 474 286 714 142 600 642 298 431 442 77 236 63 219 531 284 545 791 207 711 786 448 621 641 742 218 178 494 356 550 852 671 402 606 498 417 477 317 293 374 579 503 836 160 380 493 667 588 220 726 502 126 710 688 604 158 505 487 509 488 163 527 340 740 151 126 131 625 337 746 269 808 867 477 441 427 489 370 220 638 307 614 293 576 79 648 571 325 520 404 485 710 895 63 515 331 331 488 896 423 768 130 743 333 172 504 681 603 677 877 350 605 692 809 608 405 760 31 811 343 530 678 303 307 696 742 407 958 872 800 290 204 369 694 524 675 767 589 336 692 401 826 585 444 618 609 708 790 803 880 775 446 65 870 743 654 471 291 162 515 369 548
907 810 727 159 50 334 561 591 329 132 79 292 673 679 440 186 264 197 457 384 74 644 0 619 433 919 764 211 591 230 541 857 388 387 441 739 816 849 526 726 526 469 302 414 441 858 839 870 198 970 209 149 931 328 351 885 357 706 549 129 860 522 335 443 231 535 79 222 475 90 729 793 608 530 871 520 769 297 371 285 243 359 759 514 482 825 548 1063 777 715 834 588 864 149 618 693 302 851 736 415 693 449 199 235 532 815 415 850 400 920 74 509 333 267 581 460 338 590 1006 251 526 221 513 263 157 433 502 702 526 419 770 330 634 347 523 876 603 567 491 774 149 419 99 738 605 701 360 816 908 519 636 237 597 664 419 181 354 425 7 496 606 580 147 712 100 264 856 613 608 405 733 940 584 663 608 313 270 332 223 856 752 112 318 509 560 603 592 470 306 912 120 754 167 261 598 819 669 893 959 385 656 619 560 782 163 490 361 355 335 878 443 884 522 369 803 609 481 718 550 460 931 777 455 88 176 496 833 870 350 159 256 710 249 891 40 683 359 655 168 281 447
288 526 778 666 634 667 234 29 289 548 604 338 596 726 374 435 357 429 696 236 656 598 619 0 396 755 273 687 869 610 505 664 791 417 330 542 236 601 226 678 151 740 402 263 297 261 219 268 690 369 756 537 604 526 300 266 314 732 960 586 316 397 341 773 575 118 593 444 484 530 560 176 235 149 757 232 178 326 303 383 398 537 147 493 148 221 782 811 306 664 595 547 735 481 325 121 492 743 131 379 212 193 776 497 704 742 838 480 219 313 692 836 301 726 182 178 455 308 770 371 917 654 621 520 585 241 122 440 214 205 677 376 95 286 458 378 952 90 886 590 637 716 701 548 680 525 283 453 290 737 238 701 942 195 243 470 682 503 619 303 27 306 690 669 536 782 522 83 202 825 129 343 589 120 275 499 359 616 556 239 597 634 566 449 97 104 1020 214 615 587 692 137 701 804 197 208 627 280 696 234 79 830 797 163 570 827 698 551 470 603 496 518 183 826 186 202 944 343 156 232 315 191 202 675 450 220 229 260 570 625 401 633 684 272 657 180 559 738 645 563 172
645 376 417 382 475 675 195 380 269 457 372 339 279 362 22 335 262 272 302 265 423 262 433 396 0 513 387 376 473 574 145 439 421 534 504 312 632 419 180 354 245 347 448 153 99 536 576 553 386 754 462 288 497 577 375 621 404 377 577 490 492 89 412 387 256 278 462 417 96 357 308 516 233 247 480 488 573 242 408 407 222 157 535 121 357 518 386 641 387 340 405 199 467 296 201 391 532 462 525 524 333 369 499 487 309 438 469 421 294 694 480 445 344 394 244 238 105 180 585 319 533 597 228 195 309 410 350 269 478 251 380 448 472 342 106 482 559 306 504 353 358 329 533 313 301 275 364 388 622 341 572 633 549 310 176 257 309 107 428 105 404 171 416 341 412 464 423 334 252 456 523 731 225 356 212 149 229 642 246 612 337 515 202 91 298 457 639 425 625 479 435 518 587 495 247 591 293 656 531 272 471 435 401 532 500 438 709 613 539 447 100 453 449 471 528 531 577 304 453 166 681 459 205 436 358 458 618 641 623 539 195 321 631 611 455 340 179 363 355 218 301
858 239 292 816 967 1188 537 758 771 966 845 846 245 299 518 849 775 784 536 750 887 275 919 755 513 0 531 784 572 1086 380 90 707 1035 989 218 940 164 564 206 641 562 957 632 570 702 814 719 799 994 866 770 239 1089 872 841 901 271 759 997 588 436 914 626 696 673 963 931 446 857 210 759 522 640 72 940 888 752 902 916 735 561 835 407 802 717 515 170 498 214 164 331 62 800 436 665 1044 87 841 1018 556 833 913 1001 458 136 739 328 772 938 947 625 844 767 579 684 587 460 119 832 720 1105 427 655 769 885 783 315 926 720 152 952 850 839 408 511 679 679 715 170 802 595 1015 214 355 247 857 336 808 503 988 1139 671 565 649 759 636 493 913 519 777 465 851 219 918 838 275 672 554 732 840 985 338 646 484 605 742 1156 699 860 177 1015 609 423 676 853 807 887 1139 241 881 810 1083 875 560 866 254 898 140 756 832 486 518 803 1010 636 1222 1125 1049 181 476 310 891 777 769 949 820 418 881 612 900 671 654 894 871 914 898 898 1135 1045 707 210 1139 813 930 588 566 341 790 645 758
332 292 640 755 793 897 205 289 463 733 722 536 445 597 368 603 512 568 663 413 777 462 764 273 387 531 0 758 812 822 416 443 804 667 589 347 412 368 238 517 251 708 628 349 330 182 282 200 766 466 841 641 343 763 522 313 544 592 949 772 105 327 568 759 636 260 763 646 433 675 374 228 159 248 552 501 363 478 537 598 521 542 309 419 388 188 724 555 35 506 367 434 527 614 197 155 724 543 319 634 74 433 873 711 638 556 852 219 415 408 826 807 509 780 185 322 486 209 521 551 903 860 553 574 676 488 360 248 483 371 495 608 361 497 381 117 914 241 878 387 728 702 859 355 577 347 504 199 288 683 506 905 903 104 346 587 693 478 761 287 300 217 787 513 705 848 268 205 156 839 319 455 483 153 174 533 496 850 623 329 406 813 589 381 244 376 1009 471 844 328 800 284 885 878 166 335 483 368 446 416 333 751 737 273 765 804 931 793 710 359 462 254 450 857 237 474 959 127 427 303 374 139 316 794 624 485 367 366 810 817 509 470 893 287 795 98 564 623 730 604 375
970 725 553 51 258 545 555 661 417 333 142 418 545 513 392 320 351 281 270 462 141 511 211 687 376 784 758 0 383 441 432 737 178 567 600 637 911 747 527 580 559 271 471 434 431 889 899 903 16 1056 87 159 845 529 483 947 499 541 344 339 861 456 485 236 121 580 288 395 373 229 620 845 599 562 726 654 857 372 512 443 294 239 834 409 576 863 350 942 762 571 731 466 724 235 577 729 497 707 816 586 696 557 130 429 352 665 207 788 488 1000 191 299 455 57 592 510 272 556 885 373 317 431 358 183 106 561 588 629 655 484 631 494 728 466 432 857 392 613 282 663 68 222 272 635 441 600 486 756 959 328 768 441 386 670 449 226 160 317 204 470 682 546 75 567 287 94 781 655 610 196 813 1028 447 695 585 227 336 542 135 926 635 321 187 421 605 701 392 594 516 828 110 824 364 121 603 895 530 968 850 465 742 420 360 847 371 280 571 560 527 781 337 817 641 167 857 734 288 680 663 477 1000 807 491 136 325 626 915 947 557 370 286 575 457 945 193 696 226 481 50 159 527
1110 638 281 434 640 925 657 852 680 702 515 718 409 278 495 648 633 586 176 703 524 378 591 869 473 572 812 383 0 818 396 569 215 902 909 535 1106 618 650 384 718 138 803 615 572 985 1043 1003 397 1225 427 488 733 890 776 1087 801 303 188 715 914 494 796 147 390 751 665 737 391 585 505 982 685 720 500 928 1047 637 811 766 567 343 1008 396 812 975 89 742 799 385 604 383 511 562 616 857 852 485 998 909 779 812 471 787 174 436 217 735 733 1165 572 87 744 332 711 704 429 612 691 678 153 812 260 407 448 838 811 591 923 703 441 818 941 749 434 874 110 779 160 531 442 181 655 528 251 509 772 714 1080 132 1027 824 100 764 637 531 244 365 583 572 876 606 456 377 651 375 703 807 712 218 996 1203 336 823 652 397 604 916 408 1081 497 703 337 437 772 924 234 863 891 722 491 990 747 405 709 1063 373 1126 687 709 943 85 75 1003 744 106 952 923 876 657 373 747 898 270 994 988 261 695 910 638 1148 915 673 519 662 897 1090 1112 924 750 544 412 839 1073 576 795 324 236 422 361 755
879 939 929 389 187 108 640 581 360 123 303 285 844 878 573 239 325 302 674 408 303 820 230 610 574 1086 822 441 818 0 707 1014 619 239 326 886 753 990 602 908 570 692 208 493 543 870 817 877 429 909 433 342 1055 132 310 859 296 902 779 103 902 659 269 671 441 565 153 175 642 243 882 784 683 573 1047 434 718 356 308 228 352 550 725 680 461 831 770 1214 844 895 977 759 1036 289 721 712 136 1027 699 281 747 416 411 112 744 997 645 956 408 870 274 739 315 498 640 499 502 692 1159 275 757 49 710 453 373 374 488 827 446 450 945 238 588 328 678 939 834 590 722 927 377 642 209 887 804 850 327 922 894 737 538 95 828 718 487 331 577 602 237 601 589 682 377 895 175 490 974 634 672 636 696 878 766 691 697 495 352 102 427 821 911 126 520 662 585 556 820 409 75 1036 347 728 136 482 661 779 848 851 1103 406 618 841 783 759 78 720 139 145 171 1015 616 994 458 598 793 524 707 811 491 533 892 794 509 314 216 421 785 826 132 75 378 884 73 873 255 728 556 859 397 484 452
719 295 278 453 587 810 275 494 415 586 469 484 137 224 158 472 405 405 254 409 515 117 541 505 145 380 416 432 396 707 0 316 415 679 649 206 735 315 278 208 357 298 593 292 231 589 655 607 445 840 518 392 414 719 521 697 550 235 539 617 518 108 558 355 327 392 582 557 66 476 190 593 294 358 340 627 676 387 554 551 358 193 631 27 492 581 308 522 404 194 300 54 329 420 220 470 675 321 626 669 384 509 562 626 222 294 459 370 436 780 575 394 490 430 330 369 206 218 465 462 493 725 137 279 396 553 481 212 616 390 239 593 590 488 46 484 498 414 471 235 435 302 639 203 175 168 509 342 687 268 703 758 488 371 314 378 312 118 535 203 518 214 489 196 537 504 354 431 324 448 624 821 85 437 258 228 371 780 326 695 211 635 245 58 408 581 599 565 762 397 515 611 704 540 323 682 147 740 422 415 584 338 321 619 630 394 844 755 683 350 98 394 585 477 605 662 563 301 586 293 759 522 336 524 494 597 711 728 764 665 330 178 759 680 555 402 205 233 427 277 438
772 151 300 764 903 1114 449 668 690 895 786 766 192 290 442 775 697 712 505 666 830 227 857 664 439 90 443 737 569 1014 316 0 679 952 903 132 851 80 477 185 552 537 877 549 488 616 726 633 752 908 822 708 180 1011 789 754 818 267 751 928 505 357 832 601 641 584 896 854 382 790 131 671 432 551 117 852 798 673 818 837 661 505 745 342 714 630 501 206 411 186 77 272 92 732 347 575 966 116 750 934 466 746 867 925 433 152 715 247 687 851 890 611 762 725 490 597 521 372 149 754 709 1036 387 595 711 799 695 225 837 635 128 871 760 756 337 430 679 590 700 86 748 563 955 129 331 165 774 251 723 481 898 1071 670 474 566 691 597 433 851 435 687 378 800 193 849 798 195 582 464 706 750 898 290 555 394 544 666 1080 641 772 104 949 555 352 586 763 803 800 1064 176 828 721 1019 835 470 777 213 811 119 672 741 484 507 714 939 619 1148 1046 968 108 414 235 803 747 680 859 803 328 792 527 814 583 568 839 798 826 809 810 1057 977 635 167 1070 726 871 497 513 333 738 590 672
1060 704 440 229 435 723 616 769 551 510 318 569 491 412 442 482 491 430 173 586 318 456 388 791 421 707 804 178 215 619 415 679 0 734 758 605 1024 707 597 502 648 146 637 528 504 958 990 974 190 1160 212 315 817 705 632 1037 652 442 178 517 910 478 642 85 230 675 466 563 375 400 581 932 655 651 641 798 967 505 664 604 427 264 937 400 702 939 209 875 800 497 692 430 645 393 609 808 671 623 923 749 754 691 255 603 249 576 48 785 615 1102 361 128 602 122 663 613 337 595 819 525 143 608 296 274 265 705 708 627 796 599 559 657 847 611 434 889 214 707 107 619 244 116 443 601 352 571 632 757 1041 207 907 616 208 732 547 372 111 326 382 526 791 587 246 490 462 159 766 744 674 34 920 1134 395 773 631 291 468 720 251 1022 586 498 225 429 699 824 234 735 694 802 280 923 537 191 668 997 466 1066 798 591 856 271 214 942 548 109 748 736 699 745 343 807 778 69 944 871 156 705 795 563 1094 880 588 310 490 768 1020 1048 734 548 410 511 633 1029 369 761 242 373 224 228 648
660 848 941 521 366 260 522 391 265 258 429 196 812 886 523 254 281 315 734 286 457 796 387 417 534 1035 667 567 902 239 679 952 734 0 93 819 522 911 487 888 429 764 98 403 465 676 604 681 560 677 592 420 953 118 163 642 134 905 910 279 730 600 121 763 514 411 317 172 623 338 824 581 557 431 1010 206 494 292 136 136 342 577 509 655 280 635 835 1138 696 874 901 733 995 342 619 534 104 992 482 43 595 234 586 157 786 972 771 840 269 642 456 834 191 624 503 366 503 591 1087 227 878 289 729 496 469 179 308 739 221 321 912 87 373 196 640 782 944 426 842 866 499 720 417 823 818 788 178 807 683 794 301 333 936 568 386 370 660 601 391 517 392 583 524 875 289 642 868 464 536 759 479 646 755 520 582 518 314 207 494 602 858 328 568 624 424 341 960 202 214 934 504 516 368 645 526 558 827 627 1022 281 405 902 849 548 246 818 288 136 68 928 609 879 242 734 588 292 854 690 274 427 669 609 389 474 243 202 560 601 156 292 369 854 307 661 425 569 592 878 516 540 297
567 789 920 559 429 353 461 306 237 321 470 190 776 864 490 279 275 327 736 241 505 764 441 330 504 989 589 600 909 326 649 903 758 93 0 770 430 856 429 855 362 770 140 360 423 587 511 591 595 585 636 444 889 211 133 549 107 881 935 348 646 560 116 777 530 339 380 218 598 377 778 490 492 364 970 112 401 275 98 158 341 572 416 626 203 545 836 1081 619 841 847 702 952 366 562 450 190 952 389 51 519 161 637 229 779 936 798 772 216 549 514 848 166 655 435 306 491 534 1032 233 901 375 714 501 496 105 229 684 128 268 874 110 280 164 606 702 961 350 865 818 533 729 486 774 799 741 141 741 590 793 212 420 952 493 340 386 673 584 444 470 304 527 567 843 341 683 804 384 467 785 386 554 729 439 521 514 305 300 509 508 813 400 572 591 349 249 989 118 307 871 552 423 448 690 458 465 795 534 964 234 313 900 851 456 319 833 381 229 158 870 589 812 150 766 496 200 888 623 182 376 576 522 334 524 276 111 466 508 249 370 365 818 396 569 481 491 589 861 549 548 233
679 102 307 659 784 985 319 543 557 769 671 634 125 274 313 646 567 585 434 533 718 157 739 542 312 218 347 637 535 886 206 132 605 819 770 0 741 110 345 178 422 473 744 416 355 528 626 546 651 812 724 591 211 879 656 660 685 262 705 803 427 227 699 535 532 455 773 724 268 668 31 568 307 422 214 721 686 541 685 704 534 399 634 230 583 535 455 328 319 168 95 176 192 608 219 462 834 202 637 801 355 614 768 794 375 210 646 202 554 754 777 559 629 633 363 465 401 242 273 623 660 910 309 482 599 666 564 103 707 502 148 738 637 623 215 365 645 463 645 48 641 489 838 8 283 38 641 187 634 426 772 946 635 358 433 568 511 323 734 302 563 247 695 177 724 708 167 459 340 636 636 799 211 438 267 430 536 949 530 672 59 827 451 230 459 638 761 668 934 196 721 610 898 744 345 672 163 713 219 539 620 458 465 607 812 563 1019 914 836 144 303 212 673 671 578 732 744 221 664 394 721 482 436 729 669 695 703 709 926 852 508 134 944 635 756 384 410 310 632 483 540
167 702 1002 885 820 782 460 256 497 722 814 523 813 951 610 629 566 639 933 449 863 820 816 236 632 940 412 911 1106 753 735 851 1024 522 430 741 0 778 458 894 387 977 549 498 534 279 151 269 912 156 974 755 752 641 467 160 469 955 1196 756 391 627 495 1010 804 354 774 612 719 731 764 187 448 385 954 319 59 540 455 545 617 773 107 725 337 244 1018 965 447 880 776 773 930 691 537 278 619 943 108 479 386 366 989 647 939 949 1071 630 424 120 890 1073 482 954 405 411 690 526 933 565 1153 801 855 751 806 388 322 637 306 428 884 518 183 468 689 475 1189 326 1121 786 856 952 885 748 911 730 456 612 213 974 227 848 1179 383 477 688 917 740 816 536 233 527 906 886 723 1005 680 303 415 1058 110 126 818 305 488 734 576 728 784 116 799 808 801 681 333 213 1255 350 736 739 903 130 866 1024 414 83 847 117 858 446 169 1064 1034 138 732 1064 808 655 588 771 732 663 299 1056 181 230 1176 523 267 469 157 274 437 882 639 332 58 93 676 787 625 847 825 193 855 356 795 967 866 796 383
694 76 362 769 893 1087 396 606 653 875 781 731 216 343 418 750 668 690 534 625 828 251 849 601 419 164 368 747 618 990 315 80 707 911 856 110 778 0 427 237 499 570 841 511 453 538 650 555 760 830 833 700 115 977 748 677 777 323 795 910 425 332 793 634 642 528 881 825 378 776 127 596 373 497 197 798 726 641 776 802 639 509 673 340 662 553 544 226 335 233 15 282 172 716 294 505 933 194 680 890 396 697 877 896 469 225 746 167 643 774 888 651 723 741 432 549 510 322 175 724 752 1015 411 592 709 751 641 172 782 591 186 832 696 716 325 350 728 531 739 88 751 591 948 112 370 148 733 172 645 519 837 1053 719 407 525 676 617 433 843 397 624 329 805 242 831 815 115 518 404 737 680 821 311 488 338 540 638 1050 640 696 122 935 561 339 528 702 849 749 1036 105 831 649 1006 851 411 703 247 734 112 630 676 536 552 641 917 657 1122 1012 932 39 413 155 748 774 605 799 840 259 735 484 736 508 523 839 774 774 735 734 1025 958 614 206 1050 649 866 428 520 384 742 593 623
465 361 553 520 556 687 37 216 243 503 484 321 377 500 158 372 281 332 481 203 538 375 526 226 180 564 238 527 650 602 278 477 597 487 429 345 458 427 0 459 81 527 426 112 96 363 396 378 534 574 608 403 466 564 326 441 353 508 757 541 338 170 372 567 406 116 528 427 261 437 357 336 83 81 553 376 399 247 351 389 283 334 358 266 237 341 562 652 252 445 418 321 534 376 133 211 521 538 350 463 170 269 638 496 481 530 645 357 218 514 587 625 304 555 65 122 263 105 603 327 713 636 397 345 440 323 219 255 362 165 465 412 312 295 232 350 739 135 683 394 493 509 622 350 454 320 309 324 443 518 434 679 729 143 114 348 485 287 523 78 239 99 551 449 471 620 382 156 84 632 348 552 363 176 96 310 261 644 391 432 393 580 373 223 129 306 818 323 634 447 563 339 652 648 75 413 405 476 536 208 305 606 577 352 539 618 722 597 515 441 277 396 328 642 348 394 753 209 321 68 501 283 98 555 394 349 440 461 611 589 270 416 670 432 556 168 356 512 496 381 196
847 272 129 613 775 1013 444 673 623 786 650 693 82 106 365 677 613 610 330 614 688 91 726 678 354 206 517 580 384 908 208 185 502 888 855 178 894 237 459 0 541 357 802 496 433 699 790 718 595 978 661 579 352 927 729 827 758 87 566 814 603 298 766 421 498 575 776 764 269 671 147 730 446 541 146 826 836 596 762 760 564 366 787 234 689 703 317 373 493 14 224 154 145 619 357 616 883 126 787 877 514 711 707 832 252 89 535 376 641 918 748 426 698 560 496 565 406 370 317 671 524 923 222 463 572 757 675 269 814 592 57 802 770 696 249 543 494 591 516 156 602 388 820 170 149 170 716 364 805 299 894 953 485 511 517 577 429 306 720 394 696 371 648 13 735 631 335 598 480 527 785 963 142 588 405 416 580 986 503 835 124 827 410 264 586 765 618 767 967 342 679 764 893 668 482 830 61 877 304 621 758 300 322 766 830 435 1047 963 892 275 292 380 782 571 741 853 620 390 779 489 889 648 533 694 699 797 861 871 971 861 536 47 956 804 734 540 368 148 589 447 638
413 429 634 545 550 647 103 137 211 483 495 284 458 580 223 355 266 329 546 161 550 456 526 151 245 641 251 559 718 570 357 552 648 429 362 422 387 499 81 541 0 590 379 124 147 335 343 348 564 512 634 420 527 516 274 390 299 589 814 522 337 250 321 626 441 35 516 395 334 435 436 286 129 3 633 299 328 231 294 347 286 389 291 343 163 305 631 721 274 526 490 402 613 378 205 170 475 618 280 401 177 200 660 460 553 611 696 411 165 454 593 687 259 593 73 70 310 180 674 301 771 608 470 383 463 256 142 328 284 119 546 361 232 247 310 368 803 61 740 471 516 568 617 428 532 399 257 379 400 586 353 654 793 147 110 358 538 353 524 154 161 176 573 531 458 654 442 96 106 682 278 488 442 138 160 356 255 601 424 374 472 565 422 300 53 224 875 251 594 508 580 276 636 679 96 349 486 417 604 164 227 679 646 293 514 679 681 548 465 509 345 450 250 688 298 313 803 261 241 85 446 253 71 568 376 275 374 400 564 567 281 497 641 386 560 160 412 590 522 424 131
