100
0 217 356 421 112 664 591 377 468 710 662 524 374 62 278 501 573 83 463 575 84 268 510 365 692 205 388 596 43 377 547 262 940 813 710 107 666 901 537 638 511 603 446 942 360 384 503 731 423 378 551 111 483 522 593 568 881 912 325 835 882 231 300 151 182 739 222 303 602 497 888 122 364 887 314 658 923 347 317 670 190 715 372 307 93 371 360 331 757 305 567 125 157 355 455 644 144 652 675 537
217 0 469 239 301 476 434 234 251 526 553 342 309 262 93 317 367 246 532 497 227 278 329 152 578 174 263 385 184 254 336 235 875 689 610 188 466 787 359 584 435 565 231 726 428 300 286 578 242 463 431 132 282 534 508 393 731 695 457 693 729 441 145 163 227 666 423 283 453 281 811 196 154 754 133 608 708 142 479 470 120 598 223 285 306 348 491 236 618 501 407 248 304 229 512 594 72 436 474 320
356 469 0 520 255 710 585 433 673 740 548 810 318 299 561 577 818 273 131 924 279 219 575 555 582 304 412 827 343 405 779 271 711 698 569 293 745 753 827 439 392 388 669 1079 93 350 710 685 711 60 884 443 603 256 941 604 807 1053 48 751 815 281 425 498 538 549 239 657 577 681 681 477 543 778 463 447 1049 519 120 927 517 603 440 661 305 251 43 668 677 231 574 477 199 402 143 438 421 808 755 712
421 239 520 0 465 242 199 89 200 290 349 407 223 443 276 80 355 410 525 664 390 302 91 128 366 250 120 346 379 122 308 252 690 466 410 341 248 569 428 432 284 433 218 562 443 193 229 342 344 487 568 366 83 461 668 154 494 535 531 459 491 608 122 402 466 486 578 506 222 184 620 434 113 524 109 457 534 107 581 462 356 383 80 508 492 294 557 433 388 643 172 483 434 118 495 444 294 288 257 204
112 301 255 465 0 700 609 402 548 743 648 628 360 49 377 541 668 56 374 687 77 233 547 437 681 218 403 687 121 393 637 250 895 803 689 125 713 882 642 597 489 556 532 1011 279 378 585 741 526 288 663 220 537 456 705 598 886 982 219 835 889 144 343 264 291 704 121 414 614 572 850 233 432 881 368 613 989 411 204 768 299 704 401 417 54 334 253 444 757 200 588 224 67 375 371 601 232 722 723 610
664 476 710 242 700 0 138 299 323 51 303 525 391 683 492 162 425 648 677 826 627 507 154 336 296 482 306 394 621 315 383 466 620 336 354 579 68 438 544 456 359 484 357 397 621 360 323 181 504 664 713 606 197 571 824 106 303 378 731 291 294 842 363 638 699 453 808 721 162 277 545 672 327 363 351 478 359 334 792 503 587 299 299 722 731 459 751 634 249 866 139 723 663 328 645 469 535 230 73 258
591 434 585 199 609 138 0 214 359 156 184 574 270 599 475 139 494 561 543 853 541 396 122 324 188 393 206 471 548 216 447 362 524 270 243 495 197 375 594 323 221 348 388 535 494 242 374 144 529 536 750 554 207 433 856 68 296 515 611 260 295 744 297 596 660 336 708 706 31 323 449 623 310 325 300 346 498 306 675 587 553 200 220 707 646 333 628 631 190 758 27 670 563 236 510 336 480 337 204 320
377 234 433 89 402 299 214 0 278 340 319 473 135 388 298 146 434 351 436 705 331 217 148 180 343 184 37 429 334 35 388 170 648 455 377 284 319 553 493 370 218 364 289 646 355 107 310 355 397 398 618 344 171 377 712 195 507 619 447 464 507 543 89 390 456 440 509 517 226 268 581 414 163 523 108 395 617 145 501 543 354 363 14 519 436 206 471 457 388 569 190 458 364 31 406 382 271 376 329 292
468 251 673 200 548 323 359 278 0 373 533 215 412 512 211 222 155 492 702 503 472 457 239 118 545 371 315 154 435 313 110 404 878 627 595 428 282 733 235 631 484 634 35 479 610 385 37 483 181 651 394 373 152 656 503 293 622 448 674 602 615 690 250 381 430 679 670 419 389 47 805 425 130 672 210 657 465 154 709 265 322 559 265 420 557 478 704 323 543 746 334 478 541 301 675 644 323 194 287 81
710 526 740 290 743 51 156 340 373 0 296 573 422 727 543 210 469 692 699 875 671 543 200 388 283 525 344 437 668 354 429 504 596 305 342 623 103 403 591 456 375 490 408 394 650 392 372 152 554 692 762 655 249 587 873 145 258 378 764 252 248 883 410 688 750 441 849 773 172 327 521 722 378 323 399 476 354 384 826 542 638 283 342 774 776 488 782 685 221 904 165 773 703 369 667 469 584 266 103 305
662 553 548 349 648 303 184 319 533 296 0 748 290 652 615 312 675 610 468 1013 595 415 295 477 34 456 291 654 620 300 628 402 344 155 61 556 369 239 769 166 162 208 559 690 456 277 552 166 693 490 916 654 381 332 1017 252 260 674 585 202 268 766 407 705 770 152 724 836 152 501 272 723 461 234 425 183 649 450 658 771 672 56 331 838 695 320 592 774 133 757 204 762 590 325 437 178 582 520 375 502
524 342 810 407 628 525 574 473 215 573 748 0 598 582 253 437 120 578 865 310 561 610 454 292 760 509 510 161 507 507 146 560 1093 841 810 528 473 947 20 838 688 836 190 556 764 576 203 694 102 801 192 413 368 841 304 508 828 525 799 812 820 755 418 389 409 892 746 337 604 253 1020 434 309 883 380 864 558 329 819 160 337 774 459 336 618 656 833 238 756 828 549 480 643 489 841 851 400 334 476 267
374 309 318 223 360 391 270 135 412 422 290 598 0 362 392 264 568 320 303 804 305 130 260 306 322 172 103 564 333 101 522 113 576 443 335 267 428 527 617 277 137 256 420 766 231 32 445 387 514 275 727 381 304 244 813 285 527 741 341 476 531 484 181 437 500 370 445 585 267 404 518 447 290 521 217 301 734 268 405 677 417 344 147 588 405 72 359 545 397 490 257 482 304 111 272 287 315 507 437 427
62 262 299 443 49 683 599 388 512 727 652 582 362 0 332 522 625 42 412 637 58 243 528 403 684 206 393 646 77 382 597 250 914 806 696 104 691 889 595 613 496 575 493 980 313 377 548 735 480 326 614 171 512 483 656 583 882 950 265 834 885 179 320 214 242 718 164 365 607 538 865 184 400 882 341 631 959 381 254 724 251 707 385 368 48 347 300 394 755 245 577 178 101 363 407 618 190 690 700 577
278 93 561 276 377 492 475 298 211 543 615 253 392 332 0 345 295 325 626 411 308 372 360 156 636 268 332 320 255 324 272 327 946 741 674 275 469 843 269 662 511 648 182 690 522 379 241 617 152 557 338 171 294 624 420 425 768 659 547 735 764 509 216 169 219 738 496 231 499 252 880 214 167 801 190 687 677 169 565 392 111 655 285 232 371 437 581 159 665 577 448 267 389 300 606 673 146 406 476 291
501 317 577 80 541 162 139 146 222 210 312 437 264 522 345 0 364 488 566 714 467 363 17 189 323 324 165 347 459 171 317 317 656 409 373 419 173 514 457 422 286 434 249 502 494 232 240 274 390 538 611 445 69 485 717 80 423 477 593 393 419 684 201 480 543 459 652 576 168 190 583 513 177 461 189 447 472 178 647 465 432 337 143 578 570 337 616 497 327 714 112 563 507 177 535 435 374 247 183 194
573 367 818 355 668 425 494 434 155 469 675 120 568 625 295 364 0 613 855 429 595 605 380 267 682 514 471 40 548 469 47 553 1018 752 736 555 367 857 133 783 638 788 150 439 760 541 126 601 173 800 309 467 296 812 422 425 727 409 814 716 718 803 400 456 490 824 789 438 525 175 943 502 281 788 361 808 439 305 844 110 399 694 421 437 667 633 846 335 666 868 471 553 670 456 829 796 435 218 369 174
83 246 273 410 56 648 561 351 492 692 610 578 320 42 325 488 613 0 379 654 20 201 494 380 642 167 354 632 74 344 582 208 872 764 654 69 659 847 592 571 454 533 476 955 277 336 529 695 476 294 623 177 482 444 672 547 842 926 244 793 844 200 288 227 265 676 177 385 567 516 823 204 375 841 312 589 933 355 244 715 255 665 349 388 86 304 279 404 714 254 539 208 74 325 372 576 179 666 668 554
463 532 131 525 374 677 543 436 702 699 468 865 303 412 626 566 855 379 0 1013 380 255 560 588 501 358 406 857 441 403 812 304 588 608 477 381 723 651 883 335 328 282 705 1064 106 334 738 620 770 85 961 535 606 143 1028 576 727 1041 180 669 736 413 454 593 640 441 370 755 528 701 563 579 574 687 494 338 1031 550 248 965 602 520 446 758 426 230 163 752 601 360 538 588 310 407 32 331 499 810 732 728
575 497 924 664 687 826 853 705 503 875 1013 310 804 637 411 714 429 654 1013 0 646 768 731 536 1030 665 740 470 582 733 457 730 1352 1124 1074 634 779 1229 296 1073 921 1059 470 849 907 791 503 985 325 935 120 481 648 1030 24 792 1126 820 898 1104 1119 771 627 426 397 1144 780 274 881 548 1283 453 552 1174 598 1098 857 563 891 424 410 1047 691 270 653 845 933 263 1042 860 827 471 729 710 997 1084 515 645 783 570
84 227 279 390 77 627 541 331 472 671 595 561 305 58 308 467 595 20 380 646 0 189 474 360 627 148 335 612 64 325 563 192 861 748 640 48 638 832 576 560 439 523 456 934 276 319 509 677 459 296 611 166 461 438 663 527 824 905 253 775 826 221 267 219 261 663 197 379 549 495 811 200 355 824 291 579 912 334 258 697 243 649 329 382 104 292 288 392 697 274 519 209 84 305 371 566 162 645 647 533
268 278 219 302 233 507 396 217 457 543 415 610 130 243 372 363 605 201 255 768 189 0 363 339 448 104 201 611 231 193 564 52 672 570 455 162 535 648 628 371 255 335 455 863 154 154 493 517 515 194 709 305 385 266 782 401 658 837 229 606 662 354 207 364 421 475 314 523 396 462 622 362 326 648 246 390 834 302 284 715 361 470 223 526 282 103 254 505 527 362 379 387 175 186 233 377 254 588 545 493
510 329 575 91 547 154 122 148 239 200 295 454 260 528 360 17 380 494 560 731 474 363 0 205 305 329 163 362 467 170 333 318 639 392 356 425 172 497 475 408 274 420 266 506 491 228 257 258 407 534 628 457 86 475 734 64 408 481 592 377 404 689 209 493 556 443 656 591 150 206 566 525 192 445 200 433 474 193 648 480 446 319 147 593 577 332 614 513 311 717 95 574 511 179 529 421 385 257 181 210
365 152 555 128 437 336 324 180 118 388 477 292 306 403 156 189 267 380 588 536 360 339 205 0 495 253 218 272 329 214 225 286 817 593 538 314 318 697 312 549 398 544 117 577 493 283 156 464 219 534 441 283 138 551 540 270 613 547 555 583 609 580 133 306 365 611 558 387 349 135 747 345 16 649 93 575 557 38 591 377 252 512 166 388 450 368 585 307 514 631 296 397 424 196 561 561 222 287 326 173
692 578 582 366 681 296 188 343 545 283 34 760 322 684 636 323 682 642 501 1030 627 448 305 495 0 487 317 660 650 327 636 434 335 122 58 587 364 210 780 191 196 237 572 675 490 308 562 143 708 524 931 681 392 364 1034 257 226 661 620 169 235 799 432 731 796 158 758 859 157 511 261 751 479 200 448 206 634 470 692 776 697 22 355 861 727 354 626 795 101 791 211 791 623 352 470 202 609 519 369 508
205 174 304 250 218 482 393 184 371 525 456 509 172 206 268 324 514 167 358 665 148 104 329 253 487 0 187 523 163 176 475 67 746 607 505 102 497 695 527 446 310 418 365 808 255 179 409 529 413 291 604 212 327 366 678 380 678 779 302 630 679 359 132 270 331 541 328 425 401 384 690 276 243 681 166 467 782 219 340 622 260 509 182 428 253 186 333 402 552 393 371 309 184 157 338 454 153 523 507 418
388 263 412 120 403 306 206 37 315 344 291 510 103 393 332 165 471 354 406 740 335 201 163 218 317 187 0 465 345 10 424 159 615 432 347 289 334 527 531 333 181 326 327 667 329 72 346 342 435 373 654 365 200 342 748 200 493 642 429 447 494 540 117 414 479 406 504 546 214 303 549 434 201 503 142 359 637 183 486 580 381 337 51 548 440 175 451 490 370 560 185 477 359 34 375 345 292 404 344 325
596 385 827 346 687 394 471 429 154 437 654 161 564 646 320 347 40 632 857 470 612 611 362 272 660 523 465 0 568 465 49 558 995 725 715 571 334 830 173 769 627 776 158 400 764 537 119 573 209 806 349 491 281 807 462 402 695 369 825 686 685 825 404 485 522 805 808 475 503 162 921 531 284 758 365 794 399 308 858 117 427 671 417 474 688 632 856 372 639 887 450 582 686 453 830 782 455 180 336 152
43 184 343 379 121 621 548 334 435 668 620 507 333 77 255 459 548 74 441 582 64 231 467 329 650 163 345 568 0 334 519 221 902 770 668 69 625 858 520 600 471 567 416 906 336 342 471 687 404 359 549 102 443 491 599 525 838 876 316 791 839 256 258 155 199 700 241 315 558 463 848 138 327 844 273 620 886 309 319 647 181 672 328 318 121 333 352 329 713 322 524 155 147 312 431 607 113 616 634 502
377 254 405 122 393 315 216 35 313 354 300 507 101 382 324 171 469 344 403 733 325 193 170 214 327 176 10 465 334 0 423 150 623 443 357 279 342 538 527 340 187 331 324 673 324 72 345 353 429 368 648 354 203 342 741 209 503 648 421 458 504 530 109 404 469 414 495 537 224 303 558 424 197 513 135 365 643 178 478 578 372 348 48 539 430 172 444 482 380 551 195 466 349 25 373 351 282 408 351 326
547 336 779 308 637 383 447 388 110 429 628 146 522 597 272 317 47 582 812 457 563 564 333 225 636 475 424 49 519 423 0 512 971 708 689 521 328 813 163 735 591 740 109 435 718 495 79 557 171 759 338 443 248 766 451 379 686 404 777 673 678 776 358 438 477 776 759 437 479 127 897 484 238 745 318 761 431 262 809 155 380 648 375 437 639 589 808 334 622 837 424 536 636 411 785 748 406 189 331 128
262 235 271 252 250 466 362 170 404 504 402 560 113 250 327 317 553 208 304 730 192 52 318 286 434 67 159 558 221 150 512 0 681 556 448 154 490 640 579 380 249 350 403 814 206 128 441 490 467 247 666 280 334 299 742 360 635 787 279 585 638 382 154 338 398 478 345 493 365 409 626 343 274 632 193 401 786 250 330 663 327 456 174 496 294 118 306 467 506 400 343 373 201 139 281 387 221 537 500 440
940 875 711 690 895 620 524 648 878 596 344 1093 576 914 946 656 1018 872 588 1352 861 672 639 817 335 746 615 995 902 623 971 681 0 295 282 833 689 222 1113 301 441 339 903 967 637 577 896 443 1035 652 1258 957 726 455 1357 592 403 958 758 368 418 980 732 1013 1076 208 937 1157 492 845 75 1023 801 316 756 282 925 788 831 1111 990 325 662 1160 948 569 749 1105 375 943 546 1055 829 647 568 295 891 849 693 844
813 689 698 466 803 336 270 455 627 305 155 841 443 806 741 409 752 764 608 1124 748 570 392 593 122 607 432 725 770 443 708 556 295 0 130 708 403 105 861 278 317 330 657 672 606 429 639 154 800 638 1020 797 477 466 1126 334 133 663 737 80 146 921 545 846 911 197 879 968 243 588 222 867 578 80 557 284 629 572 810 837 809 99 466 970 849 475 741 899 86 911 297 909 745 467 578 286 725 566 405 579
710 610 569 410 689 354 243 377 595 342 61 810 335 696 674 373 736 654 477 1074 640 455 356 538 58 505 347 715 668 357 689 448 282 130 0 602 422 193 830 150 200 201 621 733 478 327 614 199 754 509 978 707 443 335 1079 312 256 719 609 198 267 800 465 759 824 99 758 893 212 563 210 776 522 210 484 159 692 511 682 831 729 61 390 896 737 356 612 834 146 785 265 814 628 382 447 159 636 576 428 562
107 188 293 341 125 579 495 284 428 623 556 528 267 104 275 419 555 69 381 634 48 162 425 314 587 102 289 571 69 279 521 154 833 708 602 0 589 794 544 531 404 497 414 887 274 278 465 632 427 301 591 154 412 423 650 479 780 857 274 732 782 269 218 213 263 632 244 374 503 449 780 203 308 783 242 551 864 287 290 659 224 609 281 377 152 264 308 375 654 318 473 224 115 258 368 537 130 598 599 487
666 466 745 248 713 68 197 319 282 103 369 473 428 691 469 173 367 659 723 779 638 535 172 318 364 497 334 334 625 342 328 490 689 403 422 589 0 504 491 519 413 545 317 342 659 396 276 248 462 703 664 598 183 624 776 147 360 321 763 354 351 856 370 624 683 521 825 694 224 235 614 662 312 426 351 541 308 323 820 439 570 368 317 695 739 499 785 602 317 888 191 714 681 350 690 532 531 164 9 208
901 787 753 569 882 438 375 553 733 403 239 947 527 889 843 514 857 847 651 1229 832 648 497 697 210 695 527 830 858 538 813 640 222 105 193 794 504 0 966 316 393 369 762 753 665 516 744 257 905 693 1125 892 582 507 1231 439 182 747 795 155 197 992 642 942 1007 211 950 1068 347 694 160 961 682 95 657 313 711 675 869 941 907 190 564 1070 930 549 796 1001 191 975 402 1001 821 562 624 319 820 668 505 684
537 359 827 428 642 544 594 493 235 591 769 20 617 595 269 457 133 592 883 296 576 628 475 312 780 527 531 173 520 527 163 579 1113 861 830 544 491 966 0 859 709 857 210 563 782 596 222 713 117 819 176 425 388 861 289 527 847 534 816 831 839 767 438 399 417 912 759 340 624 272 1040 444 329 902 400 884 567 349 834 158 348 794 479 338 630 675 850 242 776 841 569 488 658 509 860 871 415 349 494 286
638 584 439 432 597 456 323 370 631 456 166 838 277 613 662 422 783 571 335 1073 560 371 408 549 191 446 333 769 600 340 735 380 301 278 150 531 519 316 859 0 152 53 650 850 354 284 657 332 768 378 988 658 488 191 1081 384 406 833 483 348 417 691 446 715 777 111 648 863 294 608 252 722 532 355 475 25 811 516 557 886 695 205 384 865 649 267 481 819 292 665 334 753 532 362 307 13 593 656 526 617
511 435 392 284 489 359 221 218 484 375 162 688 137 496 511 286 638 454 328 921 439 255 274 398 196 310 181 627 471 187 591 249 441 317 200 404 413 393 709 152 0 149 501 755 298 136 512 294 616 336 836 517 347 212 929 267 417 734 426 361 423 603 294 572 636 233 562 716 202 464 381 584 381 397 323 177 718 364 497 744 548 218 232 718 537 157 435 668 286 595 222 619 429 210 295 163 449 531 421 477
603 565 388 433 556 484 348 364 634 490 208 836 256 575 648 434 788 533 282 1059 523 335 420 544 237 418 326 776 567 331 740 350 339 330 201 497 545 369 857 53 149 0 650 881 304 268 661 374 761 327 979 630 496 138 1068 404 456 863 432 398 467 645 433 688 749 161 601 840 322 614 297 693 528 408 465 59 842 509 507 894 672 252 378 843 608 233 429 802 338 615 356 721 489 351 254 50 568 674 552 626
446 231 669 218 532 357 388 289 35 408 559 190 420 493 182 249 150 476 705 470 456 455 266 117 572 365 327 158 416 324 109 403 903 657 621 414 317 762 210 650 501 650 0 507 609 396 58 514 146 650 363 348 180 665 471 323 656 476 667 634 649 672 250 352 399 702 653 384 417 82 831 397 131 704 210 676 495 154 699 260 293 586 276 385 537 484 698 287 573 731 362 450 528 309 678 663 303 226 323 116
942 726 1079 562 1011 397 535 646 479 394 690 556 766 980 690 502 439 955 1064 849 934 863 506 577 675 808 667 400 906 673 435 814 967 672 733 887 342 753 563 850 755 881 507 0 997 734 448 536 607 1040 729 852 481 967 836 490 574 31 1093 599 559 1156 675 860 906 832 1130 873 559 445 894 904 580 659 645 871 42 600 1144 425 801 673 640 872 1027 838 1117 770 599 1200 533 957 991 677 1032 863 798 290 334 405
360 428 93 443 279 621 494 355 610 650 456 764 231 313 522 494 760 277 106 907 276 154 491 493 490 255 329 764 336 324 718 206 637 606 478 274 659 665 782 354 298 304 609 997 0 263 646 592 668 43 855 429 526 183 921 516 715 972 130 658 722 343 360 487 536 465 300 649 485 613 601 475 480 687 399 364 965 456 204 870 496 511 363 652 333 161 136 645 584 311 484 485 213 324 94 354 392 731 669 642
384 300 350 193 378 360 242 107 385 392 277 576 32 377 379 232 541 336 334 791 319 154 228 283 308 179 72 537 342 72 495 128 577 429 327 278 396 516 596 284 136 268 396 734 263 0 418 364 495 307 711 382 273 270 800 254 507 709 371 457 510 507 164 436 500 369 469 580 241 376 517 450 267 504 198 308 702 246 434 651 412 330 120 582 422 104 390 535 378 516 227 487 326 86 303 294 313 475 405 398
503 286 710 229 585 323 374 310 37 372 552 203 445 548 241 240 126 529 738 503 509 493 257 156 562 409 346 119 471 345 79 441 896 639 614 465 276 744 222 657 512 661 58 448 646 418 0 491 188 688 389 406 171 688 500 306 626 417 711 609 618 727 286 411 458 700 707 439 405 51 823 455 167 680 247 682 436 191 747 233 352 574 297 439 593 512 741 339 553 783 350 508 578 334 710 670 358 169 281 67
731 578 685 342 741 181 144 355 483 152 166 694 387 735 617 274 601 695 620 985 677 517 258 464 143 529 342 573 687 353 557 490 443 154 199 632 248 257 713 332 294 374 514 536 592 364 491 0 660 630 877 697 336 491 985 194 152 523 717 119 152 871 441 740 805 297 832 848 128 441 368 767 450 189 444 349 494 448 786 683 697 137 363 850 781 439 728 771 68 876 171 813 690 375 588 344 624 412 251 429
423 242 711 344 526 504 529 397 181 554 693 102 514 480 152 390 173 476 770 325 459 515 407 219 708 413 435 209 404 429 171 467 1035 800 754 427 462 905 117 768 616 761 146 607 668 495 188 660 0 704 223 312 323 755 326 466 802 576 699 779 796 653 333 291 318 830 644 266 557 227 964 337 235 849 297 793 602 252 717 251 237 724 383 265 516 568 733 163 717 726 502 385 541 409 748 780 298 350 467 255
378 463 60 487 288 664 536 398 651 692 490 801 275 326 557 538 800 294 85 935 296 194 534 534 524 291 373 806 359 368 759 247 652 638 509 301 703 693 819 378 336 327 650 1040 43 307 688 630 704 0 888 455 570 196 950 559 750 1015 106 693 757 334 401 512 557 489 291 674 526 655 621 496 521 719 440 386 1009 497 180 910 525 545 406 677 341 204 103 675 620 290 526 503 225 368 88 377 423 775 712 684
551 431 884 568 663 713 750 618 394 762 916 192 727 614 338 611 309 623 961 120 611 709 628 441 931 604 654 349 549 648 338 666 1258 1020 978 591 664 1125 176 988 836 979 363 729 855 711 389 877 223 888 0 446 543 962 112 686 1015 700 864 996 1008 766 546 400 389 1053 769 275 779 437 1188 436 458 1067 513 1014 736 473 867 306 368 947 604 272 638 776 899 219 936 851 724 466 696 627 942 1000 464 526 667 456
111 132 443 366 220 606 554 344 373 655 654 413 381 171 171 445 467 177 535 481 166 305 457 283 681 212 365 491 102 354 443 280 957 797 707 154 598 892 425 658 517 630 348 852 429 382 406 697 312 455 446 0 414 571 497 519 850 821 419 809 849 341 256 59 119 751 334 220 570 407 899 69 286 867 257 680 836 274 421 560 79 702 335 223 204 398 454 226 732 416 528 117 250 330 522 666 73 563 606 447
483 282 603 83 537 197 207 171 152 249 381 368 304 512 294 69 296 482 606 648 461 385 86 138 392 327 200 281 443 203 248 334 726 477 443 412 183 582 388 488 347 496 180 481 526 273 171 336 323 570 543 414 0 537 650 143 482 453 614 456 477 682 195 442 503 528 653 524 237 120 652 479 130 525 170 513 455 140 663 398 390 406 163 525 560 376 639 439 393 720 181 531 511 201 576 501 347 204 192 130
522 534 256 461 456 571 433 377 656 587 332 841 244 483 624 485 812 444 143 1030 438 266 475 551 364 366 342 807 491 342 766 299 455 466 335 423 624 507 861 191 212 138 665 967 183 270 688 491 755 196 962 571 537 0 1042 477 588 945 303 530 598 526 423 630 686 298 483 789 414 645 424 626 535 545 461 194 931 513 376 921 626 382 390 792 510 187 296 767 465 487 434 646 388 355 117 187 519 732 633 665
593 508 941 668 705 824 856 712 503 873 1017 304 813 656 420 717 422 672 1028 24 663 782 734 540 1034 678 748 462 599 741 451 742 1357 1126 1079 650 776 1231 289 1081 929 1068 471 836 921 800 500 985 326 950 112 497 650 1042 0 793 1126 808 915 1105 1118 792 635 444 417 1151 800 293 884 547 1288 472 557 1175 605 1106 845 569 910 411 425 1051 698 290 672 856 951 276 1044 881 829 491 746 718 1011 1092 529 639 779 567
568 393 604 154 598 106 68 195 293 145 252 508 285 583 425 80 425 547 576 792 527 401 64 270 257 380 200 402 525 209 379 360 592 334 312 479 147 439 527 384 267 404 323 490 516 254 306 194 466 559 686 519 143 477 793 0 343 468 625 314 339 738 268 557 620 404 704 656 100 255 518 588 257 382 262 408 455 257 685 519 510 269 198 658 631 354 645 577 250 760 49 636 558 224 543 397 447 272 156 251
881 731 807 494 886 303 296 507 622 258 260 828 527 882 768 423 727 842 727 1126 824 658 408 613 226 678 493 695 838 503 686 635 403 133 256 780 360 182 847 406 417 456 656 574 715 507 626 152 802 750 1015 850 482 588 1126 343 0 569 843 58 15 1012 593 893 957 330 972 1000 280 578 336 920 601 87 597 414 531 600 915 799 850 206 515 1001 928 571 851 920 131 1011 323 966 832 526 696 415 777 522 360 561
912 695 1053 535 982 378 515 619 448 378 674 525 741 950 659 477 409 926 1041 820 905 837 481 547 661 779 642 369 876 648 404 787 958 663 719 857 321 747 534 833 734 863 476 31 972 709 417 523 576 1015 700 821 453 945 808 468 569 0 1066 592 555 1126 646 829 875 818 1101 842 540 414 885 873 550 654 616 854 46 570 1116 397 770 659 613 841 998 813 1091 739 588 1171 512 926 962 651 1009 846 768 260 312 375
325 457 48 531 219 731 611 447 674 764 585 799 341 265 547 593 814 244 180 898 253 229 592 555 620 302 429 825 316 421 777 279 758 737 609 274 763 795 816 483 426 432 667 1093 130 371 711 717 699 106 864 419 614 303 915 625 843 1066 0 787 850 233 429 471 507 594 191 628 605 684 727 447 544 817 465 492 1064 520 74 922 495 641 452 632 266 279 35 645 713 184 598 443 169 415 191 482 404 817 773 717
835 693 751 459 835 291 260 464 602 252 202 812 476 834 735 393 716 793 669 1104 775 606 377 583 169 630 447 686 791 458 673 585 368 80 198 732 354 155 831 348 361 398 634 599 658 457 609 119 779 693 996 809 456 530 1105 314 58 592 787 0 68 959 552 853 918 276 919 966 239 559 297 879 569 72 559 357 557 566 859 794 812 149 474 968 879 517 795 890 78 956 287 923 781 481 638 357 735 518 355 545
882 729 815 491 889 294 295 507 615 248 268 820 531 885 764 419 718 844 736 1119 826 662 404 609 235 679 494 685 839 504 678 638 418 146 267 782 351 197 839 417 423 467 649 559 722 510 618 152 796 757 1008 849 477 598 1118 339 15 555 850 68 0 1016 593 891 956 343 976 996 280 571 351 919 597 102 595 426 516 597 921 788 847 216 515 997 930 576 858 916 137 1016 322 965 836 527 705 426 776 511 349 553
231 441 281 608 144 842 744 543 690 883 766 755 484 179 509 684 803 200 413 771 221 354 689 580 799 359 540 825 256 530 776 382 980 921 800 269 856 992 767 691 603 645 672 1156 343 507 727 871 653 334 766 341 682 526 792 738 1012 1126 233 959 1016 0 487 372 378 802 43 499 747 716 942 331 576 1000 512 705 1134 556 174 901 418 822 542 502 137 445 256 550 881 92 725 301 181 514 422 694 369 866 866 754
300 145 425 122 343 363 297 89 250 410 407 418 181 320 216 201 400 288 454 627 267 207 209 133 432 132 117 404 258 109 358 154 732 545 465 218 370 642 438 446 294 433 250 675 360 164 286 441 333 401 546 256 195 423 635 268 593 646 429 552 593 487 0 301 366 523 458 428 313 256 667 326 119 612 39 471 650 96 472 511 265 452 79 430 369 237 457 374 477 525 272 372 316 84 428 457 183 391 380 288
151 163 498 402 264 638 596 390 381 688 705 389 437 214 169 480 456 227 593 426 219 364 493 306 731 270 414 485 155 404 438 338 1013 846 759 213 624 942 399 715 572 688 352 860 487 436 411 740 291 512 400 59 442 630 444 557 893 829 471 853 891 372 301 0 65 806 370 161 614 420 954 46 312 913 296 737 846 303 468 542 58 752 380 164 239 457 507 180 778 452 569 97 302 379 581 723 123 575 632 459
182 227 538 466 291 699 660 456 430 750 770 409 500 242 219 543 490 265 640 397 261 421 556 365 796 331 479 522 199 469 477 398 1076 911 824 263 683 1007 417 777 636 749 399 906 536 500 458 805 318 557 389 119 503 686 417 620 957 875 507 918 956 378 366 65 0 870 384 123 679 472 1017 61 372 979 360 799 895 365 495 568 112 817 445 127 255 517 542 179 843 464 634 77 339 444 630 785 187 625 691 511
739 666 549 486 704 453 336 440 679 441 152 892 370 718 738 459 824 676 441 1144 663 475 443 611 158 541 406 805 700 414 776 478 208 197 99 632 521 211 912 111 233 161 702 832 465 369 700 297 830 489 1053 751 528 298 1151 404 330 818 594 276 343 802 523 806 870 0 759 949 305 649 148 817 594 265 548 103 791 581 668 922 782 159 453 951 755 371 591 897 239 776 355 851 640 438 415 111 683 672 526 652
222 423 239 578 121 808 708 509 670 849 724 746 445 164 496 652 789 177 370 780 197 314 656 558 758 328 504 808 241 495 759 345 937 879 758 244 825 950 759 648 562 601 653 1130 300 469 707 832 644 291 769 334 653 483 800 704 972 1101 191 919 976 43 458 370 384 759 0 507 709 693 899 332 552 959 485 661 1107 531 137 889 412 780 509 510 131 404 216 550 841 82 689 309 145 480 379 650 353 842 835 731
303 283 657 506 414 721 706 517 419 773 836 337 585 365 231 576 438 385 755 274 379 523 591 387 859 425 546 475 315 537 437 493 1157 968 893 374 694 1068 340 863 716 840 384 873 649 580 439 848 266 674 275 220 524 789 293 656 1000 842 628 966 996 499 428 161 123 949 507 0 728 465 1094 181 399 1030 411 886 867 399 618 497 167 879 504 3 379 612 664 103 894 587 678 198 459 512 742 872 272 608 701 501
602 453 577 222 614 162 31 226 389 172 152 604 267 607 499 168 525 567 528 881 549 396 150 349 157 401 214 503 558 224 479 365 492 243 212 503 224 347 624 294 202 322 417 559 485 241 405 128 557 526 779 570 237 414 884 100 280 540 605 239 280 747 313 614 679 305 709 728 0 354 418 640 335 302 319 317 521 330 671 619 573 169 235 730 653 326 620 656 166 757 55 685 565 246 495 308 496 368 231 351
497 281 681 184 572 277 323 268 47 327 501 253 404 538 252 190 175 516 701 548 495 462 206 135 511 384 303 162 463 303 127 409 845 588 563 449 235 694 272 608 464 614 82 445 613 376 51 441 227 655 437 407 120 645 547 255 578 414 684 559 571 716 256 420 472 649 693 465 354 0 771 462 142 631 219 633 428 165 724 279 362 523 256 465 584 473 713 369 503 767 299 516 559 294 673 621 353 155 240 39
888 811 681 620 850 545 449 581 805 521 272 1020 518 865 880 583 943 823 563 1283 811 622 566 747 261 690 549 921 848 558 897 626 75 222 210 780 614 160 1040 252 381 297 831 894 601 517 823 368 964 621 1188 899 652 424 1288 518 336 885 727 297 351 942 667 954 1017 148 899 1094 418 771 0 966 731 251 690 237 852 719 801 1036 928 250 595 1097 901 518 720 1039 300 911 472 999 784 582 541 249 830 774 617 769
122 196 477 434 233 672 623 414 425 722 723 434 447 184 214 513 502 204 579 453 200 362 525 345 751 276 434 531 138 424 484 343 1023 867 776 203 662 961 444 722 584 693 397 904 475 450 455 767 337 496 436 69 479 626 472 588 920 873 447 879 919 331 326 46 61 817 332 181 640 462 966 0 349 937 325 744 890 339 437 589 104 772 405 184 202 460 482 219 802 414 597 53 278 399 569 730 143 618 670 502
364 154 543 113 432 327 310 163 130 378 461 309 290 400 167 177 281 375 574 552 355 326 192 16 479 243 201 284 327 197 238 274 801 578 522 308 312 682 329 532 381 528 131 580 480 267 167 450 235 521 458 286 130 535 557 257 601 550 544 569 597 576 119 312 372 594 552 399 335 142 731 349 0 635 80 558 559 24 582 391 259 496 149 400 447 353 574 321 500 625 282 401 417 180 547 544 223 290 321 178
887 754 778 524 881 363 325 523 672 323 234 883 521 882 801 461 788 841 687 1174 824 648 445 649 200 681 503 758 844 513 745 632 316 80 210 783 426 95 902 355 397 408 704 659 687 504 680 189 849 719 1067 867 525 545 1175 382 87 654 817 72 102 1000 612 913 979 265 959 1030 302 631 251 937 635 0 621 359 617 631 890 866 874 178 533 1032 926 554 821 957 136 991 353 980 823 537 657 362 794 590 427 617
314 133 463 109 368 351 300 108 210 399 425 380 217 341 190 189 361 312 494 598 291 246 200 93 448 166 142 365 273 135 318 193 756 557 484 242 351 657 400 475 323 465 210 645 399 198 247 444 297 440 513 257 170 461 605 262 597 616 465 559 595 512 39 296 360 548 485 411 319 219 690 325 80 621 0 500 621 56 506 471 253 467 94 413 389 276 495 349 485 555 273 374 346 113 468 487 185 358 360 252
658 608 447 457 613 478 346 395 657 476 183 864 301 631 687 447 808 589 338 1098 579 390 433 575 206 467 359 794 620 365 761 401 282 284 159 551 541 313 884 25 177 59 676 871 364 308 682 349 793 386 1014 680 513 194 1106 408 414 854 492 357 426 705 471 737 799 103 661 886 317 633 237 744 558 359 500 0 831 541 566 912 718 217 410 889 666 287 488 843 304 675 358 774 548 387 312 13 616 680 548 642
923 708 1049 534 989 359 498 617 465 354 649 558 734 959 677 472 439 933 1031 857 912 834 474 557 634 782 637 399 886 643 431 786 925 629 692 864 308 711 567 811 718 842 495 42 965 702 436 494 602 1009 736 836 455 931 845 455 531 46 1064 557 516 1134 650 846 895 791 1107 867 521 428 852 890 559 617 621 831 0 578 1116 436 788 631 612 867 1007 806 1088 765 557 1175 497 943 966 648 998 824 780 272 299 388
347 142 519 107 411 334 306 145 154 384 450 329 268 381 169 178 305 355 550 563 334 302 193 38 470 219 183 308 309 178 262 250 788 572 511 287 323 675 349 516 364 509 154 600 456 246 191 448 252 497 473 274 140 513 569 257 600 570 520 566 597 556 96 303 365 581 531 399 330 165 719 339 24 631 56 541 578 0 559 415 254 488 131 401 428 330 550 326 496 603 279 390 395 159 524 528 208 310 332 201
317 479 120 581 204 792 675 501 709 826 658 819 405 254 565 647 844 244 248 891 258 284 648 591 692 340 486 858 319 478 809 330 831 810 682 290 820 869 834 557 497 507 699 1144 204 434 747 786 717 180 867 421 663 376 910 685 915 1116 74 859 921 174 472 468 495 668 137 618 671 724 801 437 582 890 506 566 1116 559 0 949 500 714 505 622 242 346 85 647 784 111 661 425 176 469 263 557 419 863 829 759
670 470 927 462 768 503 587 543 265 542 771 160 677 724 392 465 110 715 965 424 697 715 480 377 776 622 580 117 647 578 155 663 1111 837 831 659 439 941 158 886 744 894 260 425 870 651 233 683 251 910 306 560 398 921 411 519 799 397 922 794 788 901 511 542 568 922 889 497 619 279 1036 589 391 866 471 912 436 415 949 0 487 786 530 496 763 743 954 398 750 969 567 636 775 566 939 900 536 277 439 270
190 120 517 356 299 587 553 354 322 638 672 337 417 251 111 432 399 255 602 410 243 361 446 252 697 260 381 427 181 372 380 327 990 809 729 224 570 907 348 695 548 672 293 801 496 412 352 697 237 525 368 79 390 626 425 510 850 770 495 812 847 418 265 58 112 782 412 167 573 362 928 104 259 874 253 718 788 254 500 487 0 717 343 170 282 446 530 150 738 495 526 156 327 347 587 704 106 516 579 401
715 598 603 383 704 299 200 363 559 283 56 774 344 707 655 337 694 665 520 1047 649 470 319 512 22 509 337 671 672 348 648 456 325 99 61 609 368 190 794 205 218 252 586 673 511 330 574 137 724 545 947 702 406 382 1051 269 206 659 641 149 216 822 452 752 817 159 780 879 169 523 250 772 496 178 467 217 631 488 714 786 717 0 375 881 750 376 647 814 87 813 225 813 645 372 489 215 630 525 372 520
372 223 440 80 401 299 220 14 265 342 331 459 147 385 285 143 421 349 446 691 329 223 147 166 355 182 51 417 328 48 375 174 662 466 390 281 317 564 479 384 232 378 276 640 363 120 297 363 383 406 604 335 163 390 698 198 515 613 452 474 515 542 79 380 445 453 509 504 235 256 595 405 149 533 94 410 612 131 505 530 343 375 0 506 433 217 477 444 398 570 195 450 364 38 417 396 261 368 327 281
307 285 661 508 417 722 707 519 420 774 838 336 588 368 232 578 437 388 758 270 382 526 593 388 861 428 548 474 318 539 437 496 1160 970 896 377 695 1070 338 865 718 843 385 872 652 582 439 850 265 677 272 223 525 792 290 658 1001 841 632 968 997 502 430 164 127 951 510 3 730 465 1097 184 400 1032 413 889 867 401 622 496 170 881 506 0 382 615 667 102 896 590 680 201 463 514 746 875 275 608 701 501
93 306 305 492 54 731 646 436 557 776 695 618 405 48 371 570 667 86 426 653 104 282 577 450 727 253 440 688 121 430 639 294 948 849 737 152 739 930 630 649 537 608 537 1027 333 422 593 781 516 341 638 204 560 510 672 631 928 998 266 879 930 137 369 239 255 755 131 379 653 584 901 202 447 926 389 666 1007 428 242 763 282 750 433 382 0 385 299 419 800 213 624 183 121 410 425 653 234 737 749 623
371 348 251 294 334 459 333 206 478 488 320 656 72 347 437 337 633 304 230 845 292 103 332 368 354 186 175 632 333 172 589 118 569 475 356 264 499 549 675 267 157 233 484 838 161 104 512 439 568 204 776 398 376 187 856 354 571 813 279 517 576 445 237 457 517 371 404 612 326 473 518 460 353 554 276 287 806 330 346 743 446 376 217 615 385 0 294 583 440 439 322 487 272 179 200 273 340 579 508 498
360 491 43 557 253 751 628 471 704 782 592 833 359 300 581 616 846 279 163 933 288 254 614 585 626 333 451 856 352 444 808 306 749 741 612 308 785 796 850 481 435 429 698 1117 136 390 741 728 733 103 899 454 639 296 951 645 851 1091 35 795 858 256 457 507 542 591 216 664 620 713 720 482 574 821 495 488 1088 550 85 954 530 647 477 667 299 294 0 681 721 196 616 478 204 440 180 479 439 843 795 746
331 236 668 433 444 634 631 457 323 685 774 238 545 394 159 497 335 404 752 263 392 505 513 307 795 402 490 372 329 482 334 467 1105 899 834 375 602 1001 242 819 668 802 287 770 645 535 339 771 163 675 219 226 439 767 276 577 920 739 645 890 916 550 374 180 179 897 550 103 656 369 1039 219 321 957 349 843 765 326 647 398 150 814 444 102 419 583 681 0 821 633 604 255 477 458 735 829 252 507 608 403
757 618 677 388 757 249 190 388 543 221 133 756 397 755 665 327 666 714 601 1042 697 527 311 514 101 552 370 639 713 380 622 506 375 86 146 654 317 191 776 292 286 338 573 599 584 378 553 68 717 620 936 732 393 465 1044 250 131 588 713 78 137 881 477 778 843 239 841 894 166 503 300 802 500 136 485 304 557 496 784 750 738 87 398 896 800 440 721 821 0 880 217 846 702 404 569 302 659 480 320 493
305 501 231 643 200 866 758 569 746 904 757 828 490 245 577 714 868 254 360 860 274 362 717 631 791 393 560 887 322 551 837 400 943 911 785 318 888 975 841 665 595 615 731 1200 311 516 783 876 726 290 851 416 720 487 881 760 1011 1171 184 956 1016 92 525 452 464 776 82 587 757 767 911 414 625 991 555 675 1175 603 111 969 495 813 570 590 213 439 196 633 880 0 741 389 209 538 375 665 433 913 897 804
567 407 574 172 588 139 27 190 334 165 204 549 257 577 448 112 471 539 538 827 519 379 95 296 211 371 185 450 524 195 424 343 546 297 265 473 191 402 569 334 222 356 362 533 484 227 350 171 502 526 724 528 181 434 829 49 323 512 598 287 322 725 272 569 634 355 689 678 55 299 472 597 282 353 273 358 497 279 661 567 526 225 195 680 624 322 616 604 217 741 0 644 544 214 505 348 455 322 199 297
125 248 477 483 224 723 670 458 478 773 762 480 482 178 267 563 553 208 588 471 209 387 574 397 791 309 477 582 155 466 536 373 1055 909 814 224 714 1001 488 753 619 721 450 957 485 487 508 813 385 503 466 117 531 646 491 636 966 926 443 923 965 301 372 97 77 851 309 198 685 516 999 53 401 980 374 774 943 390 425 636 156 813 450 201 183 487 478 255 846 389 644 0 279 442 580 760 189 671 723 555
157 304 199 434 67 663 563 364 541 703 590 643 304 101 389 507 670 74 310 729 84 175 511 424 623 184 359 686 147 349 636 201 829 745 628 115 681 821 658 532 429 489 528 991 213 326 578 690 541 225 696 250 511 388 746 558 832 962 169 781 836 181 316 302 339 640 145 459 565 559 784 278 417 823 346 548 966 395 176 775 327 645 364 463 121 272 204 477 702 209 544 279 0 334 306 536 243 704 690 596
355 229 402 118 375 328 236 31 301 369 325 489 111 363 300 177 456 325 407 710 305 186 179 196 352 157 34 453 312 25 411 139 647 467 382 258 350 562 509 362 210 351 309 677 324 86 334 375 409 368 627 330 201 355 718 224 526 651 415 481 527 514 84 379 444 438 480 512 246 294 582 399 180 537 113 387 648 159 469 566 347 372 38 514 410 179 440 458 404 538 214 442 334 0 378 373 257 406 360 320
455 512 143 495 371 645 510 406 675 667 437 841 272 407 606 535 829 372 32 997 371 233 529 561 470 338 375 830 431 373 785 281 568 578 447 368 690 624 860 307 295 254 678 1032 94 303 710 588 748 88 942 522 576 117 1011 543 696 1009 191 638 705 422 428 581 630 415 379 742 495 673 541 569 547 657 468 312 998 524 263 939 587 489 417 746 425 200 180 735 569 375 505 580 306 378 0 304 482 779 699 698
644 594 438 444 601 469 336 382 644 469 178 851 287 618 673 435 796 576 331 1084 566 377 421 561 202 454 345 782 607 351 748 387 295 286 159 537 532 319 871 13 163 50 663 863 354 294 670 344 780 377 1000 666 501 187 1092 397 415 846 482 357 426 694 457 723 785 111 650 872 308 621 249 730 544 362 487 13 824 528 557 900 704 215 396 875 653 273 479 829 302 665 348 760 536 373 304 0 602 670 539 630
144 72 421 294 232 535 480 271 323 584 582 400 315 190 146 374 435 179 499 515 162 254 385 222 609 153 292 455 113 282 406 221 891 725 636 130 531 820 415 593 449 568 303 798 392 313 358 624 298 423 464 73 347 519 529 447 777 768 404 735 776 369 183 123 187 683 353 272 496 353 830 143 223 794 185 616 780 208 419 536 106 630 261 275 234 340 439 252 659 433 455 189 243 257 482 602 0 508 540 392
652 436 808 288 722 230 337 376 194 266 520 334 507 690 406 247 218 666 810 645 645 588 257 287 519 523 404 180 616 408 189 537 849 566 576 598 164 668 349 656 531 674 226 290 731 475 169 412 350 775 526 563 204 732 639 272 522 260 817 518 511 866 391 575 625 672 842 608 368 155 774 618 290 590 358 680 272 310 863 277 516 525 368 608 737 579 843 507 480 913 322 671 704 406 779 670 508 0 163 116
675 474 755 257 723 73 204 329 287 103 375 476 437 700 476 183 369 668 732 783 647 545 181 326 369 507 344 336 634 351 331 500 693 405 428 599 9 505 494 526 421 552 323 334 669 405 281 251 467 712 667 606 192 633 779 156 360 312 773 355 349 866 380 632 691 526 835 701 231 240 617 670 321 427 360 548 299 332 829 439 579 372 327 701 749 508 795 608 320 897 199 723 690 360 699 539 540 163 0 213
537 320 712 204 610 258 320 292 81 305 502 267 427 577 291 194 174 554 728 570 533 493 210 173 508 418 325 152 502 326 128 440 844 579 562 487 208 684 286 617 477 626 116 405 642 398 67 429 255 684 456 447 130 665 567 251 561 375 717 545 553 754 288 459 511 652 731 501 351 39 769 502 178 617 252 642 388 201 759 270 401 520 281 501 623 498 746 403 493 804 297 555 596 320 698 630 392 116 213 0
