217
0 373 547 691 476 508 273 105 185 585 640 146 332 403 91 68 810 825 48 371 839 558 230 587 644 615 274 504 567 83 588 139 610 944 522 822 417 583 763 373 690 532 526 166 380 365 713 340 329 110 183 696 475 689 113 105 397 762 179 707 650 780 351 623 198 639 675 748 821 753 833 441 704 366 544 141 651 662 347 487 380 300 486 658 849 157 770 361 676 455 303 429 774 546 572 245 571 829 664 506 676 262 357 524 348 770 711 659 756 768 715 758 609 307 739 705 792 684 751 535 961 169 637 613 401 629 816 752 182 429 737 189 902 590 104 477 179 769 750 488 191 202 900 373 601 714 204 375 764 447 682 525 51 914 204 710 388 192 499 558 103 1043 615 168 611 417 584 658 1009 118 716 650 701 100 182 198 831 159 572 272 870 605 650 909 348 258 553 639 144 596 416 640 889 519 532 177 461 343 280 375 421 202 370 967 170 754 105 242 722 367 424 726 213 400 215 142 828
373 0 648 621 251 438 577 280 365 747 562 255 370 557 438 441 672 584 369 122 649 457 379 759 364 667 305 132 240 427 605 420 254 773 318 777 210 592 777 72 432 438 165 211 172 664 786 347 396 483 556 559 352 823 451 344 482 913 373 380 619 408 581 750 445 566 302 380 664 643 544 180 866 136 175 231 356 461 646 158 14 524 119 674 726 381 469 455 620 452 97 682 750 750 658 535 201 663 346 251 314 144 274 620 310 397 746 347 392 532 411 941 694 109 782 484 732 313 410 181 767 302 782 803 213 256 541 883 351 190 930 523 649 243 346 329 433 730 629 313 444 382 737 167 737 577 474 494 443 617 332 187 416 774 170 341 64 188 128 549 442 835 399 376 520 657 604 397 791 491 618 457 687 353 298 308 546 370 244 492 605 613 738 639 612 423 256 541 511 642 563 783 662 183 702 441 712 432 121 563 184 186 196 798 534 866 455 162 406 67 360 734 324 534 519 324 694
547 648 0 294 484 279 373 507 724 131 289 485 280 147 485 564 452 619 595 537 547 313 768 151 590 94 353 742 885 485 136 686 719 590 455 342 476 149 239 585 575 305 794 535 782 362 166 300 259 566 569 393 358 175 643 450 170 267 721 705 222 908 244 102 353 280 859 959 487 380 707 818 226 750 789 565 617 475 360 615 662 266 683 162 455 702 691 204 267 212 666 267 284 193 30 359 802 503 666 521 920 664 378 28 338 944 180 651 980 577 665 309 62 542 200 522 338 885 764 677 636 419 141 202 461 816 672 234 718 507 308 441 689 684 450 389 726 296 393 420 738 350 547 775 96 400 746 175 727 131 955 639 522 526 594 919 602 607 704 177 636 719 484 712 301 245 131 564 707 564 344 459 225 452 696 392 698 391 889 284 686 152 102 723 294 291 585 318 523 94 134 140 637 635 120 724 269 227 539 189 812 625 463 605 638 220 626 656 692 700 308 217 370 146 387 671 459
691 621 294 0 381 193 614 612 835 415 59 575 359 386 661 732 158 348 731 499 256 163 873 436 400 213 423 666 823 657 159 826 580 298 320 156 411 149 200 548 355 183 722 605 787 631 285 353 364 749 777 123 268 400 802 585 321 480 835 511 71 743 497 356 539 55 730 828 193 86 456 801 468 751 705 646 430 248 624 519 634 492 601 153 171 823 462 349 26 236 678 550 141 487 270 585 708 209 484 401 811 697 373 286 358 796 209 468 853 317 456 550 272 539 239 280 111 760 567 567 342 525 399 485 407 696 418 430 825 433 561 655 408 547 586 291 862 114 100 310 875 497 255 781 367 121 893 358 512 406 857 527 686 242 646 793 559 667 621 146 793 426 288 830 100 524 164 360 413 751 51 235 108 591 787 495 444 537 826 493 415 142 289 448 554 454 446 83 723 201 375 396 351 525 414 863 557 359 551 435 804 682 429 316 827 391 790 699 487 686 283 163 477 363 605 777 166
476 251 484 381 0 220 567 372 553 606 323 330 260 446 500 540 420 358 498 139 404 222 581 622 169 474 246 285 442 490 402 578 234 525 67 538 60 386 557 181 214 209 341 327 423 634 590 230 291 575 633 308 130 656 584 395 350 749 558 255 393 426 515 586 437 329 376 476 413 394 357 426 711 386 326 368 182 213 619 140 262 470 221 462 475 555 297 338 385 272 328 611 518 635 485 524 332 414 211 39 444 361 149 458 188 459 537 200 498 301 245 794 515 202 573 245 490 403 311 196 525 325 626 672 75 335 340 710 540 62 790 551 432 200 396 100 605 494 380 72 618 365 488 418 581 327 643 379 302 502 485 156 500 523 336 437 186 360 240 342 574 598 154 556 281 583 403 181 557 581 372 208 461 404 491 307 354 382 445 446 395 405 555 434 564 371 106 298 578 448 446 625 430 153 571 610 636 323 225 472 433 370 106 550 645 685 580 370 260 319 178 514 306 416 523 499 442
508 438 279 193 220 0 482 423 644 408 136 384 181 289 491 556 302 377 546 316 348 54 681 427 311 254 235 501 655 485 181 640 449 439 179 345 233 165 341 366 302 32 557 412 599 523 370 168 197 578 616 192 90 443 622 405 195 535 645 425 181 633 388 376 381 137 595 695 316 244 444 618 502 563 545 454 338 213 511 359 451 363 438 242 340 634 417 206 187 87 488 467 313 453 273 446 552 326 387 252 665 505 179 255 166 674 316 372 718 325 387 586 299 349 352 263 304 623 485 417 464 340 419 478 225 555 411 493 633 260 587 503 454 414 406 120 675 295 241 149 688 326 395 593 375 208 707 234 449 333 706 377 510 405 452 657 379 473 458 121 612 549 208 640 102 438 182 287 521 581 209 196 249 412 594 310 435 362 659 352 439 184 337 479 445 295 312 131 559 229 283 417 419 374 382 676 485 206 359 330 619 488 242 462 656 466 611 506 414 501 90 297 295 259 458 586 319
273 577 373 614 567 482 0 311 452 358 581 324 319 234 182 249 763 855 317 521 828 536 496 353 730 463 322 706 803 190 469 384 767 906 584 706 521 472 612 547 752 514 742 376 635 92 529 346 293 230 206 668 499 467 324 237 296 525 444 823 553 956 129 415 135 575 868 954 787 694 902 691 465 614 752 378 747 686 74 638 588 121 669 524 785 420 856 276 591 399 537 166 649 298 403 44 776 800 778 605 892 508 417 360 382 963 554 768 968 801 809 505 433 479 572 737 691 884 877 699 940 276 414 366 501 820 875 526 452 546 480 91 934 738 236 517 423 655 699 542 432 206 861 628 390 682 429 256 869 244 908 675 226 856 436 914 566 434 686 468 321 1025 661 433 567 163 464 726 1001 225 655 671 582 231 456 277 896 207 808 129 913 488 464 954 91 198 668 595 175 453 247 418 901 669 309 417 195 276 459 186 674 449 480 926 287 539 305 491 827 596 429 586 269 251 60 415 776
105 280 507 612 372 423 311 0 225 568 558 42 257 375 157 172 721 723 128 266 743 469 266 573 539 563 189 412 494 146 526 218 509 851 420 751 312 519 705 271 586 443 441 69 324 403 670 258 263 211 280 605 380 664 212 75 343 745 224 602 578 683 353 595 196 558 582 660 729 668 728 379 690 303 455 68 546 562 385 383 289 295 389 598 763 211 664 307 600 381 226 445 707 544 529 273 481 736 559 400 592 197 260 481 257 677 657 553 671 666 609 752 566 204 688 604 717 593 646 434 866 90 615 607 297 535 712 728 216 324 735 246 800 486 76 379 251 698 663 387 265 161 809 317 575 624 285 332 659 427 603 421 139 826 125 621 288 123 402 488 202 946 513 218 525 426 522 553 910 218 632 551 635 81 189 120 726 126 499 262 766 541 610 805 366 220 447 554 231 542 386 617 789 415 516 253 477 286 178 358 363 139 265 875 275 724 208 180 617 287 335 666 141 364 251 168 740
185 365 724 835 553 644 452 225 0 769 780 260 483 584 271 206 936 911 137 421 948 687 45 771 706 786 413 477 486 265 751 87 619 1062 612 976 494 744 929 400 765 662 479 234 287 541 889 483 488 239 306 820 591 872 151 274 565 947 11 742 804 758 537 805 382 780 642 695 941 887 895 350 889 292 505 191 705 760 525 515 365 485 484 823 981 36 823 529 824 606 269 613 933 731 748 428 534 946 704 572 617 221 472 700 477 730 881 703 697 855 765 943 785 353 910 797 942 643 775 546 1071 315 820 798 483 602 885 935 13 495 922 363 984 608 274 584 75 924 881 586 83 374 1020 282 783 838 114 550 804 630 608 549 227 1042 217 662 408 193 489 713 148 1147 706 22 746 601 747 730 1109 247 853 751 860 272 67 346 894 333 491 456 945 766 827 982 532 433 602 773 294 765 596 823 983 543 717 85 644 509 328 558 325 187 452 1086 238 935 167 202 765 327 554 891 366 578 397 57 956
585 747 131 415 606 408 358 568 769 0 417 554 378 195 508 586 572 749 633 644 671 444 814 20 720 202 443 850 987 511 263 718 841 704 581 433 591 278 311 689 706 435 901 607 867 314 198 403 350 578 564 521 483 109 666 500 266 178 763 834 344 1032 238 73 386 408 977 1076 608 500 839 908 122 837 898 631 746 607 319 731 761 284 794 269 567 742 822 292 389 335 752 208 375 84 147 359 913 625 794 643 1032 743 487 152 445 1064 254 779 1096 707 795 193 144 638 256 654 440 1002 893 794 754 486 56 71 575 933 803 169 765 622 185 442 817 806 500 513 758 395 516 545 769 407 664 860 52 527 772 253 857 140 1065 757 550 636 669 1036 707 679 815 308 660 835 615 753 432 198 259 695 827 575 467 590 331 500 751 464 829 443 992 313 816 276 146 852 267 348 709 447 528 214 186 60 764 753 52 754 194 315 632 210 900 697 573 718 643 181 648 733 822 793 427 305 443 213 391 720 576
640 562 289 59 323 136 581 558 780 417 0 520 309 360 616 685 182 332 680 440 260 104 818 438 354 222 370 609 766 610 154 774 528 325 264 215 352 139 245 489 316 124 665 549 728 605 313 301 317 703 735 104 209 417 753 535 285 502 781 468 87 696 470 365 497 9 678 776 208 115 430 742 484 692 649 591 384 208 597 462 575 459 544 174 210 770 428 309 63 190 620 531 195 482 269 549 652 222 438 345 757 639 315 276 303 747 242 421 801 294 416 567 280 480 275 248 170 708 525 511 361 473 409 488 348 643 393 454 770 375 576 615 399 494 536 232 810 171 118 252 823 450 280 722 372 111 841 324 473 387 802 471 638 279 588 741 500 609 564 119 743 446 241 775 42 504 158 316 427 705 76 194 148 542 731 443 419 489 769 456 399 142 304 435 528 411 392 34 679 204 350 406 348 469 408 811 542 316 492 408 745 624 370 345 781 418 741 641 446 627 226 204 427 335 567 722 196
146 255 485 575 330 384 324 42 260 554 520 0 224 359 187 212 681 681 170 229 701 429 299 561 497 536 152 387 479 176 495 259 474 810 377 716 270 487 675 238 544 404 419 55 321 414 645 222 233 249 315 565 338 647 255 89 318 730 260 562 544 652 350 576 198 520 554 635 688 628 686 372 676 296 431 80 505 520 396 347 266 291 358 567 723 249 623 282 563 347 215 446 674 536 505 283 456 695 519 359 570 194 218 459 218 650 629 513 647 623 568 742 543 169 660 562 681 567 608 400 824 67 599 597 254 507 670 710 250 283 726 268 757 450 90 337 292 664 623 345 305 149 768 314 558 583 326 310 619 414 584 385 175 786 119 596 255 125 373 454 245 904 471 255 486 425 492 511 868 256 594 508 602 97 217 93 684 123 484 258 724 509 586 763 370 205 407 515 264 513 369 601 747 379 503 294 478 260 144 348 358 143 223 834 316 704 250 180 576 272 295 635 114 345 265 202 700
332 370 280 359 260 181 319 257 483 378 309 224 0 194 309 376 483 540 373 267 527 234 524 391 414 316 75 473 609 303 270 467 484 621 266 494 227 262 450 310 433 209 523 266 502 377 430 29 31 396 435 373 180 453 444 226 112 543 482 514 321 678 255 380 203 307 609 706 498 422 583 537 496 469 521 302 434 370 363 363 384 212 420 343 518 468 538 86 344 124 385 351 450 389 294 278 538 508 470 300 657 386 116 252 73 700 406 458 724 484 494 572 331 262 439 419 461 632 571 427 645 168 412 436 208 563 556 515 474 257 562 326 618 451 227 198 504 441 421 224 518 144 577 495 367 390 534 128 555 254 687 394 329 585 319 665 329 336 440 230 434 729 341 475 281 323 267 408 700 399 385 355 377 233 441 137 576 181 613 191 596 285 376 636 305 122 366 310 378 292 197 412 591 389 334 505 377 66 258 214 531 353 199 643 474 501 432 381 514 419 111 410 119 168 286 425 500
403 557 147 386 446 289 234 375 584 195 360 359 194 0 338 417 540 664 451 460 617 339 629 204 584 231 251 666 797 338 235 541 676 683 437 471 419 240 382 502 587 321 715 412 672 245 313 222 164 418 422 456 338 289 496 311 98 371 580 692 321 869 111 221 207 353 804 900 568 469 732 714 317 642 714 437 607 502 238 557 571 120 614 290 557 559 700 108 362 202 557 178 415 194 176 214 732 582 649 485 851 548 310 129 266 894 324 636 919 614 663 387 210 448 347 553 457 826 750 621 721 291 240 245 401 758 700 353 578 450 374 294 740 642 311 365 582 421 477 396 593 214 638 664 200 467 600 67 726 60 880 588 375 628 474 860 521 484 634 242 489 806 492 570 354 149 231 568 787 416 430 485 347 311 561 269 724 252 802 136 727 255 248 767 168 154 551 379 376 219 13 242 699 582 146 578 197 128 439 49 705 502 394 701 490 351 479 537 686 600 272 353 248 29 241 532 551
91 438 485 661 500 491 182 157 271 508 616 187 309 338 0 79 792 834 134 414 834 544 315 508 669 561 269 570 646 11 543 209 661 931 536 782 443 541 711 426 708 518 598 226 465 273 651 325 298 87 133 683 474 615 158 105 350 684 263 744 613 840 271 553 131 613 740 818 808 730 855 525 625 449 613 214 680 666 256 534 447 225 545 610 826 239 797 317 644 426 379 342 731 463 512 157 639 817 700 533 749 343 364 464 344 835 657 693 828 777 744 675 547 357 682 712 756 751 792 588 954 175 562 531 425 693 835 677 269 461 653 98 912 637 104 482 250 729 730 498 260 165 886 458 529 700 264 322 798 374 758 572 43 894 278 779 443 270 559 521 152 1037 626 252 590 332 539 677 1006 89 692 652 659 96 273 196 851 129 651 201 883 561 586 924 261 209 587 620 78 544 351 565 892 565 456 245 373 303 332 303 506 283 397 953 165 682 141 324 755 442 414 678 203 340 126 232 809
68 441 564 732 540 556 249 172 206 586 685 212 376 417 79 0 858 885 83 439 894 608 249 586 709 639 326 572 629 79 619 135 679 995 584 857 482 616 789 442 753 582 593 235 438 335 730 388 368 42 118 747 531 693 79 153 426 761 197 774 687 849 348 632 210 682 743 814 872 798 898 501 702 428 611 209 717 720 319 556 448 304 555 687 894 172 835 392 716 496 368 413 807 539 591 231 638 880 732 571 742 326 415 543 401 837 735 726 822 828 781 750 626 375 761 765 830 752 819 604 1015 223 641 607 465 697 880 756 208 495 727 158 963 658 152 535 174 804 797 548 184 235 951 432 608 764 185 399 831 453 746 593 46 961 272 777 457 258 567 595 73 1097 676 186 657 405 615 721 1065 51 761 707 734 145 224 250 895 195 634 280 932 637 665 971 334 285 620 686 89 622 430 644 947 587 535 168 444 376 349 382 479 266 435 1018 104 761 62 305 789 433 475 755 262 419 199 180 876
810 672 452 158 420 302 763 721 936 572 182 681 483 540 792 858 0 234 846 556 114 252 971 593 371 369 536 687 842 786 318 939 568 142 353 207 467 307 315 601 306 278 741 702 843 786 423 470 495 879 914 117 345 547 923 707 467 619 938 464 230 700 651 509 677 188 713 805 41 72 358 846 615 807 719 745 398 221 778 541 683 641 624 304 59 930 389 491 185 370 745 708 237 645 428 732 715 59 450 426 803 772 464 445 463 764 345 435 831 228 402 693 427 610 368 224 164 745 511 576 184 641 552 640 470 688 320 568 925 481 708 797 276 539 708 356 973 205 63 363 986 627 98 839 522 98 1006 506 446 564 854 538 812 106 732 775 607 755 641 298 913 267 282 934 201 681 323 326 255 882 110 219 247 714 882 612 346 664 845 638 296 300 439 321 709 591 450 172 859 359 530 548 210 538 572 975 716 497 627 589 854 768 498 162 957 526 913 778 433 740 386 292 597 516 749 879 22
825 584 619 348 358 377 855 723 911 749 332 681 540 664 834 885 234 0 851 492 127 325 938 769 222 554 565 555 698 825 486 935 404 235 303 441 417 471 538 524 151 345 603 684 750 900 633 517 563 915 966 229 361 747 936 733 572 828 916 271 413 494 766 697 743 341 533 614 196 280 125 735 814 716 575 725 237 169 889 429 592 739 501 499 285 913 174 583 372 464 674 843 463 810 601 817 563 180 274 340 628 712 470 603 490 565 556 263 640 57 209 897 612 559 584 121 395 564 303 439 203 662 741 820 430 519 90 778 898 416 906 865 78 385 735 351 962 431 258 337 976 678 222 747 704 227 1001 612 232 704 682 410 842 282 694 590 523 718 512 443 926 255 209 914 319 814 490 186 209 920 298 184 454 742 848 638 113 706 699 726 67 474 634 103 822 661 328 301 909 537 657 738 80 413 737 967 858 580 582 707 750 727 462 256 990 739 930 724 235 649 428 507 631 635 826 857 249
48 369 595 731 498 546 317 128 137 633 680 170 373 451 134 83 846 851 0 384 871 594 182 635 663 661 310 498 547 127 633 94 615 978 548 865 438 628 808 379 713 568 515 175 355 407 761 378 372 125 200 731 507 737 86 149 442 810 131 719 693 778 399 672 247 678 669 737 856 791 853 418 753 346 535 140 668 690 390 495 375 348 487 703 887 108 787 407 717 497 290 476 818 594 619 291 563 863 678 525 664 246 388 571 383 762 757 673 744 794 731 806 656 316 786 732 834 676 761 540 994 206 685 661 423 624 838 800 135 447 784 230 928 596 148 507 133 812 787 515 146 248 935 348 649 749 161 422 778 495 665 532 91 951 199 700 393 182 497 601 76 1074 642 120 649 464 629 679 1039 134 755 679 745 145 142 236 851 205 552 320 893 649 697 932 395 305 568 677 172 642 464 688 918 526 581 132 507 388 290 423 396 188 391 1002 164 802 87 225 737 355 460 772 253 448 260 99 865
371 122 537 499 139 316 521 266 421 644 440 229 267 460 414 439 556 492 384 0 543 335 445 657 285 550 214 206 348 404 485 456 248 665 205 655 89 472 656 50 344 316 257 208 289 602 669 241 296 478 544 442 230 713 471 310 377 804 426 335 497 435 502 640 386 444 350 443 551 524 474 302 759 253 254 245 286 353 585 119 135 448 154 554 610 427 405 354 498 334 189 602 628 655 545 477 271 552 293 152 391 221 159 509 199 444 626 289 460 438 348 837 580 68 662 383 610 370 380 177 664 250 675 703 91 303 463 772 408 77 829 485 564 222 312 208 478 608 511 194 491 316 627 284 629 460 518 394 394 521 420 157 404 660 203 402 64 227 174 428 460 737 294 426 398 576 485 309 695 485 498 348 565 320 357 244 474 317 352 418 524 493 623 561 541 344 184 420 493 524 464 675 567 151 601 484 631 332 95 473 305 235 76 690 541 753 469 231 352 187 241 612 253 435 468 370 578
839 649 547 256 404 348 828 743 948 671 260 701 527 617 834 894 114 127 871 543 0 293 979 692 310 470 567 642 793 827 410 960 505 125 339 321 458 397 429 583 238 318 694 714 820 860 534 509 545 919 962 161 364 655 952 740 534 730 951 384 327 616 725 612 729 268 644 729 73 175 252 814 723 785 669 757 333 190 851 504 659 707 583 408 159 945 296 552 283 428 732 791 351 740 524 793 661 56 379 398 737 765 483 535 492 683 455 365 756 140 321 803 529 604 480 166 279 675 424 527 123 671 656 741 466 624 217 679 935 466 816 851 161 481 742 364 991 319 157 361 1005 671 99 816 623 149 1027 574 355 647 790 493 848 156 735 703 585 758 597 379 942 203 250 948 262 763 415 266 173 923 204 196 355 748 889 644 241 704 795 699 184 395 544 206 782 643 405 237 905 457 608 652 96 495 667 995 802 554 625 663 825 770 497 150 996 638 944 773 350 716 419 403 632 590 806 891 125
558 457 313 163 222 54 536 469 687 444 104 429 234 339 544 608 252 325 594 335 293 0 723 463 282 273 284 507 664 537 198 687 437 387 167 319 248 181 336 385 262 25 564 454 624 575 382 219 251 630 669 139 105 468 671 455 247 558 688 397 172 615 440 405 435 109 586 686 264 200 398 638 531 587 549 496 310 165 565 361 471 417 443 247 294 679 378 261 164 139 516 517 296 495 302 500 553 273 362 247 662 537 216 292 211 661 321 346 710 275 353 615 324 377 356 215 275 616 456 414 410 389 449 515 244 549 364 514 676 271 618 557 401 403 456 128 721 274 193 150 734 379 343 618 406 156 754 287 415 380 705 374 561 357 489 649 395 511 463 140 661 495 172 684 62 488 200 252 467 633 167 149 240 462 635 360 389 415 667 407 388 196 358 428 498 350 300 87 613 250 332 447 365 371 423 723 533 261 390 382 641 525 266 410 708 483 661 540 381 523 134 293 346 310 513 629 270
230 379 768 873 581 681 496 266 45 814 818 299 524 629 315 249 971 938 182 445 979 723 0 816 729 829 452 482 477 309 792 121 631 1094 641 1016 522 785 972 420 790 698 479 269 280 585 933 522 530 279 343 854 625 917 188 318 609 992 51 759 844 761 582 850 427 818 644 690 975 923 916 341 934 290 507 227 727 790 568 533 377 530 495 865 1017 77 843 572 863 646 281 657 973 776 791 473 536 979 722 598 612 235 507 744 515 729 924 722 691 882 785 988 829 378 954 826 981 642 789 559 1101 357 865 843 513 605 908 980 50 521 967 407 1009 622 318 617 96 964 917 617 99 418 1054 276 828 873 127 593 822 675 599 565 271 1077 244 659 427 220 498 754 186 1177 734 63 783 646 789 755 1138 287 890 782 901 317 89 387 916 377 482 501 970 808 871 1006 577 477 624 810 336 808 641 868 1011 560 762 107 689 552 355 603 315 211 482 1119 271 980 205 218 783 334 592 933 408 622 442 98 991
587 759 151 436 622 427 353 573 771 20 438 561 391 204 508 586 593 769 635 657 692 463 816 0 738 223 454 864 999 512 284 718 857 725 599 453 607 298 329 701 726 454 914 615 876 305 215 416 363 576 559 542 500 116 665 505 280 175 766 852 365 1049 237 92 389 429 993 1091 629 521 859 918 117 846 912 638 765 627 310 746 773 286 809 290 588 744 841 304 410 353 761 198 395 68 168 357 927 646 813 660 1047 751 501 171 458 1080 274 798 1111 728 814 182 165 650 274 674 461 1017 912 809 775 493 67 51 590 948 823 173 767 637 171 438 838 823 504 531 759 415 537 562 769 413 684 869 72 548 771 265 876 146 1078 773 550 656 677 1051 720 687 829 329 660 856 634 755 452 191 279 714 848 572 488 610 351 504 755 472 849 448 1004 315 837 297 165 873 262 355 726 468 525 235 196 71 785 769 58 754 182 327 642 215 909 704 587 738 639 190 647 741 841 804 444 324 452 224 389 723 597
644 364 590 400 169 311 730 539 706 720 354 497 414 584 669 709 371 222 663 285 310 282 729 738 0 555 412 334 482 660 480 739 197 436 148 542 227 463 599 309 73 285 385 489 528 792 661 386 444 744 803 288 245 750 750 564 486 840 712 115 440 342 667 686 603 363 342 435 348 375 190 513 812 495 358 528 29 156 778 207 371 627 279 524 431 712 127 483 415 389 457 758 541 762 583 688 350 341 84 138 432 498 314 567 347 398 595 67 461 176 80 896 606 353 629 148 492 373 174 218 417 494 729 790 244 317 179 796 692 215 898 719 285 171 566 219 763 511 355 191 776 532 408 525 686 301 803 521 141 636 483 188 669 458 488 404 305 512 291 422 739 477 113 712 318 729 482 45 431 750 370 165 502 574 641 476 188 550 484 605 242 476 640 277 719 532 107 321 748 532 581 728 302 190 693 769 780 471 379 618 527 519 274 459 814 764 747 511 102 428 313 558 475 554 689 655 392
615 667 94 213 474 254 463 563 786 202 222 536 316 231 561 639 369 554 661 550 470 273 829 223 555 0 392 748 897 559 75 755 704 502 433 248 477 92 151 599 529 273 802 581 814 456 118 329 302 644 653 325 343 197 716 513 220 285 783 671 142 887 335 143 429 212 850 949 405 297 651 843 262 780 793 616 584 424 453 611 682 351 686 69 366 766 644 256 186 215 698 362 190 278 64 445 803 423 636 506 917 702 393 102 359 929 96 620 972 516 625 346 59 566 124 468 245 877 730 670 552 472 187 271 465 809 615 241 778 507 353 525 619 669 514 374 795 202 313 404 807 413 461 807 153 328 817 239 685 224 956 631 595 436 636 911 615 652 707 134 709 633 444 775 244 339 73 524 624 644 265 408 132 516 752 444 641 456 901 364 621 81 85 656 386 357 566 255 605 25 217 184 563 627 207 793 362 277 567 277 840 669 474 517 719 211 701 697 654 724 309 123 422 221 472 730 373
274 305 353 423 246 235 322 189 413 443 370 152 75 251 269 326 536 565 310 214 567 284 452 454 412 392 0 418 546 261 345 404 450 670 271 564 199 336 525 252 443 258 464 191 429 394 505 70 94 352 401 422 205 524 387 172 183 612 412 501 391 643 287 451 190 369 564 658 547 480 592 466 563 397 466 228 428 397 378 324 319 235 369 418 576 400 540 152 411 194 312 388 521 445 368 278 485 555 457 284 604 311 98 325 75 658 482 446 675 508 491 636 406 196 515 443 529 585 555 387 689 105 480 497 179 517 569 586 403 225 625 307 643 419 174 213 439 511 476 231 453 119 626 422 436 440 471 189 548 311 631 358 280 640 244 617 271 260 388 302 377 771 358 406 338 361 342 414 739 356 444 383 450 180 368 76 587 141 550 206 616 359 450 656 328 131 346 366 344 368 257 481 623 352 396 441 416 128 188 259 459 277 160 693 429 574 378 305 506 350 149 485 66 229 277 355 554
504 132 742 666 285 501 706 412 477 850 609 387 473 666 570 572 687 555 498 206 642 507 482 864 334 748 418 0 157 559 680 540 165 768 346 822 270 665 842 165 408 494 56 343 221 792 866 447 503 614 688 583 411 917 578 476 584 1009 486 310 678 282 702 845 573 615 171 248 671 672 489 187 965 197 47 362 317 466 774 148 124 646 64 744 745 497 411 560 671 535 210 803 804 861 748 663 69 667 287 266 187 258 364 714 406 265 818 295 261 511 357 1044 782 228 854 476 774 180 323 116 752 430 880 910 282 127 495 975 463 241 1036 655 610 172 477 382 548 780 655 357 559 507 738 221 835 600 590 601 372 727 214 149 548 783 300 209 146 315 46 620 568 810 405 491 566 777 679 376 764 622 653 467 746 484 411 433 494 499 160 615 562 685 824 591 737 543 238 583 643 722 671 880 636 148 808 558 833 539 247 678 206 311 278 792 662 954 583 279 343 150 438 798 447 642 649 443 709
567 240 885 823 442 655 803 494 486 987 766 479 609 797 646 629 842 698 547 348 793 664 477 999 482 897 546 157 0 636 831 565 294 918 503 979 422 817 996 300 555 649 101 427 199 893 1016 586 636 672 747 740 565 1060 615 566 721 1151 497 437 834 321 819 987 677 772 207 219 825 829 619 136 1105 202 124 432 462 621 875 305 226 761 221 897 901 515 542 695 827 682 267 918 960 990 893 763 135 820 424 423 142 304 507 857 546 268 971 434 215 658 492 1181 928 349 1006 628 931 191 434 267 898 535 1021 1043 432 193 630 1120 474 395 1171 740 746 312 567 537 561 937 812 513 569 617 890 204 975 757 600 734 495 858 122 304 616 936 369 196 283 376 203 772 608 952 560 505 723 895 831 526 904 681 811 623 902 573 429 545 625 601 5 728 697 837 971 722 847 662 392 740 711 872 803 1021 778 304 942 572 949 672 360 802 161 365 423 942 705 1101 625 324 472 207 587 952 562 775 743 470 864
83 427 485 657 490 485 190 146 265 511 610 176 303 338 11 79 786 825 127 404 827 537 309 512 660 559 261 559 636 0 540 206 650 924 527 779 433 538 709 415 699 511 587 215 455 282 651 318 293 93 143 676 466 617 158 95 347 687 258 734 610 829 274 554 131 607 728 807 801 725 846 515 629 439 602 203 670 658 264 523 436 227 534 608 820 234 787 313 640 421 368 348 728 468 511 163 628 811 690 523 738 333 355 463 336 824 655 683 817 768 734 680 547 346 681 704 753 740 782 577 947 165 565 535 416 681 825 680 263 451 658 107 904 626 93 474 247 726 724 489 257 160 880 448 531 693 262 320 788 376 747 561 38 888 267 768 432 259 548 518 151 1030 617 246 585 337 536 668 999 96 687 644 656 86 265 187 842 122 641 202 875 558 586 915 267 206 577 614 89 542 351 568 884 555 459 242 379 299 321 304 496 272 387 947 171 684 141 313 745 431 407 675 195 339 133 225 803
588 605 136 159 402 181 469 526 751 263 154 495 270 235 543 619 318 486 633 485 410 198 792 284 480 75 345 680 831 540 0 727 630 457 359 240 409 16 180 535 455 199 735 536 757 477 188 278 263 629 647 258 271 271 694 484 193 360 749 596 88 812 347 212 413 145 777 877 351 245 580 783 335 722 724 573 509 351 471 540 619 350 617 73 325 733 570 227 133 155 642 392 187 330 115 445 733 367 561 434 846 650 332 127 302 855 141 545 900 446 550 419 128 507 176 395 221 805 655 599 502 435 257 334 399 737 544 316 742 438 425 521 554 595 484 302 766 187 258 331 779 386 414 750 218 264 792 223 611 248 886 559 574 396 587 839 550 605 637 60 686 585 369 742 171 366 5 449 572 630 209 335 115 488 712 405 570 428 835 356 553 19 160 589 402 334 493 185 596 52 223 254 502 556 256 765 398 244 511 285 781 621 409 474 706 285 680 647 579 664 244 140 384 217 469 694 325
139 420 686 826 578 640 384 218 87 718 774 259 467 541 209 135 939 935 94 456 960 687 121 718 739 755 404 540 565 206 727 0 673 1069 632 960 518 722 902 443 793 661 549 251 365 469 852 472 467 160 221 823 598 823 66 243 536 894 75 787 788 823 481 760 334 773 710 768 947 884 930 429 835 366 573 211 742 777 454 560 422 433 540 798 980 51 861 501 812 591 330 549 913 673 711 365 601 954 747 603 692 282 477 663 475 800 851 744 772 878 804 884 748 387 879 818 929 713 825 598 1083 300 771 741 505 667 917 886 95 524 862 293 1010 658 243 596 40 907 880 602 52 341 1027 360 737 842 67 515 848 582 686 596 167 1044 256 734 454 234 547 696 65 1163 726 64 742 540 724 759 1126 167 849 767 840 239 135 330 928 299 570 407 974 744 788 1013 469 398 640 771 217 736 554 774 1003 590 665 38 579 482 360 510 405 234 473 1093 151 890 84 261 807 392 552 866 348 539 333 97 958
610 254 719 580 234 449 767 509 619 841 528 474 484 676 661 679 568 404 615 248 505 437 631 857 197 704 450 165 294 650 630 673 0 630 271 729 256 614 772 237 267 432 204 444 384 844 818 455 515 719 789 478 362 890 700 558 582 982 628 146 608 194 735 821 632 535 150 248 545 567 327 352 946 357 174 474 172 348 827 128 254 685 136 685 627 635 249 567 591 506 350 834 721 867 718 723 159 538 130 198 235 398 367 693 410 225 759 141 273 367 197 1028 747 305 794 345 679 180 159 75 606 498 861 907 275 120 336 942 606 227 1025 733 452 34 559 331 687 694 547 300 699 560 604 384 815 492 729 608 207 734 286 92 648 655 418 213 222 439 135 569 690 658 294 631 487 806 631 242 610 727 556 355 674 567 552 490 332 565 295 657 403 631 786 429 779 581 137 497 738 679 677 860 485 98 805 695 861 549 331 698 372 439 290 653 778 915 702 417 180 300 413 729 498 647 715 578 589
944 773 590 298 525 439 906 851 1062 704 325 810 621 683 931 995 142 235 978 665 125 387 1094 725 436 502 670 768 918 924 457 1069 630 0 459 298 578 447 424 705 363 413 820 827 945 928 540 607 635 1017 1054 248 472 668 1057 842 610 732 1064 504 368 730 794 638 818 331 765 849 122 213 354 939 736 909 794 870 458 312 921 630 783 784 709 434 137 1057 410 633 324 511 854 849 345 780 563 874 786 115 502 522 860 885 592 584 595 800 464 489 875 262 441 810 559 724 480 292 271 797 539 653 61 775 679 770 584 748 323 681 1050 587 827 938 233 606 843 477 1102 317 206 478 1115 765 44 940 653 230 1137 649 468 704 913 619 948 78 852 824 709 875 723 440 1047 131 373 1061 342 822 462 392 134 1020 252 317 374 849 1005 746 343 802 920 780 273 439 565 280 851 732 531 313 998 495 672 675 168 620 709 1105 856 639 743 731 950 887 614 24 1095 638 1048 893 469 841 520 409 733 659 891 1005 131
522 318 455 320 67 179 584 420 612 581 264 377 266 437 536 584 353 303 548 205 339 167 641 599 148 433 271 346 503 527 359 632 271 459 0 475 119 342 504 248 172 160 402 381 490 644 546 238 296 615 670 241 99 622 633 433 338 714 616 255 339 454 518 554 459 271 419 519 346 328 321 493 680 454 385 423 170 149 630 198 330 478 282 414 408 612 272 334 327 246 395 610 459 619 451 542 388 347 214 80 494 426 173 430 202 496 488 199 543 246 228 764 478 265 523 185 427 448 314 247 461 362 596 650 128 381 298 673 599 129 763 578 380 236 435 71 660 434 313 42 673 389 421 485 551 259 698 372 290 490 539 207 541 456 396 482 254 420 300 298 622 536 94 614 222 580 360 143 496 621 307 142 406 442 551 340 316 412 506 458 348 359 516 388 570 385 133 236 613 408 435 595 371 205 551 665 632 323 286 469 501 431 160 484 688 644 627 434 250 386 165 460 336 407 545 557 375
822 777 342 156 538 345 706 751 976 433 215 716 494 471 782 857 207 441 865 655 321 319 1016 453 542 248 564 822 979 779 240 960 729 298 475 0 568 241 129 705 488 339 878 751 943 704 249 494 493 869 887 253 424 378 931 717 432 436 976 648 172 883 580 361 653 211 879 975 248 169 562 958 444 906 861 791 571 386 701 674 790 589 757 182 169 962 585 465 158 370 833 610 58 516 312 684 862 265 625 556 963 850 524 348 505 941 179 609 1001 427 589 515 295 694 187 407 50 910 700 721 358 662 398 492 564 847 524 385 967 590 534 761 483 697 717 448 998 53 191 467 1011 622 267 937 381 241 1026 463 639 472 1010 681 811 221 795 942 715 815 776 264 922 427 435 969 257 587 244 499 432 869 172 376 124 722 932 631 550 664 982 596 504 221 287 528 633 572 598 239 836 253 458 394 416 679 450 998 609 480 704 520 961 831 584 305 946 341 917 850 620 843 432 129 612 456 708 919 197
417 210 476 411 60 233 521 312 494 591 352 270 227 419 443 482 467 417 438 89 458 248 522 607 227 477 199 270 422 433 409 518 256 578 119 568 0 395 575 137 275 230 325 266 379 592 596 198 258 516 577 352 144 651 524 338 328 743 498 304 413 451 479 579 388 357 386 484 463 434 416 390 702 342 315 308 237 269 577 139 223 431 208 475 520 496 354 311 412 266 278 577 543 613 480 477 326 465 259 89 443 307 111 448 153 475 548 250 504 361 300 782 513 145 584 303 522 410 356 202 580 269 616 655 19 341 400 707 481 30 777 499 492 224 340 119 545 522 422 104 558 316 540 373 571 371 583 352 355 478 480 168 442 571 277 444 147 301 229 350 514 655 212 497 310 549 409 241 615 523 408 262 481 347 432 253 413 329 426 404 456 415 555 494 525 329 147 331 522 452 421 616 489 163 553 550 604 293 167 441 394 312 47 603 586 685 520 315 312 276 169 531 255 392 474 440 489
583 592 149 149 386 165 472 519 744 278 139 487 262 240 541 616 307 471 628 472 397 181 785 298 463 92 336 665 817 538 16 722 614 447 342 241 395 0 190 522 438 182 720 527 745 483 204 268 256 628 647 244 256 288 691 479 191 377 743 579 81 795 352 228 412 130 761 860 339 234 564 770 352 710 709 564 492 334 477 525 606 352 602 83 317 727 553 224 123 144 630 401 190 343 130 447 717 355 544 417 830 639 319 138 290 838 154 528 884 430 533 436 145 494 190 379 219 789 638 583 491 428 273 349 384 721 528 333 735 423 441 522 539 579 479 286 761 188 246 315 774 382 404 738 234 250 787 223 594 257 871 543 570 389 577 823 536 595 622 44 682 575 352 735 155 375 19 432 560 628 197 318 118 483 704 398 554 424 820 357 538 22 177 574 408 331 476 169 595 69 228 270 488 540 269 760 408 240 499 290 769 612 396 465 705 302 677 636 562 652 231 148 378 220 470 687 316
763 777 239 200 557 341 612 705 929 311 245 675 450 382 711 789 315 538 808 656 429 336 972 329 599 151 525 842 996 709 180 902 772 424 504 129 575 190 0 706 556 348 897 716 934 599 120 458 442 795 804 323 431 249 866 660 365 308 927 711 164 941 483 237 579 236 922 1020 357 258 652 957 315 899 884 753 628 449 598 697 791 502 778 107 289 911 663 401 183 334 820 499 79 395 208 596 890 375 683 583 998 829 508 252 480 992 59 666 1045 514 657 387 182 683 58 481 154 951 767 751 481 614 271 366 566 885 614 257 921 601 405 676 590 738 660 459 942 110 279 485 954 560 390 928 259 317 966 389 713 370 1042 711 744 348 767 985 720 785 798 229 858 554 486 920 284 480 183 560 556 795 242 436 97 663 892 584 641 603 1000 515 604 167 165 633 533 505 635 278 756 167 368 267 526 708 334 940 494 421 688 427 957 802 581 432 870 214 851 827 688 839 418 43 563 373 623 873 310
373 72 585 548 181 366 547 271 400 689 489 238 310 502 426 442 601 524 379 50 583 385 420 701 309 599 252 165 300 415 535 443 237 705 248 705 137 522 706 0 373 366 212 207 242 630 718 286 339 482 552 488 280 760 465 325 422 851 406 344 547 414 537 687 412 493 320 409 594 571 495 253 805 206 213 238 306 393 613 117 85 482 122 604 655 410 423 397 548 384 150 638 678 697 593 503 232 595 304 185 352 188 207 556 246 416 676 303 424 471 365 882 628 69 712 420 659 337 382 162 702 271 721 747 141 273 488 819 386 119 873 503 593 217 327 257 462 658 558 241 474 344 669 237 675 506 503 437 405 563 378 153 411 704 186 368 19 209 139 478 455 772 332 408 447 612 535 338 730 490 546 389 615 334 334 270 496 340 304 450 551 543 672 587 573 378 203 468 503 574 507 721 601 147 645 469 667 375 94 512 256 213 125 730 541 801 466 202 365 139 291 663 283 478 492 352 623
690 432 575 355 214 302 752 586 765 706 316 544 433 587 708 753 306 151 713 344 238 262 790 726 73 529 443 408 555 699 455 793 267 363 172 488 275 438 556 373 0 272 458 541 599 808 629 406 461 786 842 236 254 726 799 604 490 814 770 160 403 396 678 666 630 325 409 498 280 319 149 585 790 565 431 582 95 107 795 277 440 643 351 490 365 769 115 492 373 386 523 765 492 756 564 711 422 272 144 192 500 562 345 554 372 458 558 129 525 103 101 875 583 411 591 82 438 440 212 291 344 534 710 777 289 387 126 768 751 270 879 750 219 243 606 235 819 461 297 212 832 561 337 595 668 246 858 527 157 635 552 260 711 388 547 470 371 571 364 400 788 405 94 769 285 735 458 35 360 792 318 121 461 614 701 512 144 584 557 624 181 449 614 219 732 554 176 281 785 508 583 708 230 263 684 824 784 484 436 625 599 579 321 386 858 734 794 574 132 497 325 517 508 557 716 712 327
532 438 305 183 209 32 514 443 662 435 124 404 209 321 518 582 278 345 568 316 318 25 698 454 285 273 258 494 649 511 199 661 432 413 160 339 230 182 348 366 272 0 550 429 603 555 386 193 226 605 644 165 86 466 645 429 227 557 663 400 184 613 420 401 410 128 579 679 290 225 412 619 527 567 536 471 313 181 544 349 452 395 430 254 319 653 387 238 181 119 495 500 312 483 297 477 542 299 363 237 652 514 192 283 186 656 328 348 703 293 359 611 321 355 364 231 295 608 460 404 436 363 443 506 225 541 380 514 651 255 612 533 422 397 430 112 695 291 219 137 709 354 369 598 400 182 728 267 421 365 695 364 535 383 465 642 378 487 450 138 635 520 179 658 85 470 200 259 491 608 192 164 252 436 610 334 404 389 653 384 407 199 358 446 477 325 294 111 588 249 315 442 387 361 412 697 517 238 367 363 622 501 245 436 682 485 635 517 387 503 108 304 320 291 489 604 296
526 165 794 722 341 557 742 441 479 901 665 419 523 715 598 593 741 603 515 257 694 564 479 914 385 802 464 56 101 587 735 549 204 820 402 878 325 720 897 212 458 550 0 372 204 830 921 498 551 635 710 639 466 970 591 508 634 1061 489 350 734 282 745 897 611 671 164 222 725 727 531 157 1017 189 31 386 365 520 812 204 153 689 120 799 800 503 453 609 727 588 224 846 860 909 801 700 58 721 331 322 151 270 416 766 457 251 873 340 230 561 400 1094 835 270 909 528 830 163 355 167 802 468 932 959 336 129 539 1028 466 296 1086 686 655 217 510 438 553 836 710 413 562 547 791 206 886 656 593 650 410 775 167 203 573 836 322 185 194 334 101 675 582 858 459 495 623 821 734 428 811 644 709 522 802 516 415 473 536 536 104 657 607 740 878 633 777 587 291 639 668 776 720 932 684 203 857 563 876 587 286 724 180 327 331 844 678 1008 598 291 384 160 493 854 488 690 684 451 763
166 211 535 605 327 412 376 69 234 607 549 55 266 412 226 235 702 684 175 208 714 454 269 615 489 581 191 343 427 215 536 251 444 827 381 751 266 527 716 207 541 429 372 0 266 466 693 259 279 275 346 585 356 699 262 138 366 783 237 544 579 616 405 627 253 550 513 591 706 654 679 317 730 241 386 42 493 528 448 321 220 347 321 609 747 231 612 331 596 384 161 501 711 591 553 336 412 711 502 351 523 138 237 508 246 609 673 498 602 627 556 796 591 142 705 567 714 524 586 369 837 121 651 652 253 467 665 762 223 273 781 314 759 424 139 350 278 699 647 353 292 204 786 259 610 604 317 361 603 468 535 359 206 808 63 552 222 72 334 492 251 915 475 234 513 480 533 507 877 283 620 518 640 145 181 143 677 178 432 313 722 550 635 761 425 259 392 540 300 558 422 653 753 353 557 283 533 308 115 402 303 90 222 851 334 755 261 125 561 220 322 676 165 397 316 177 722
380 172 782 787 423 599 635 324 287 867 728 321 502 672 465 438 843 750 355 289 820 624 280 876 528 814 429 221 199 455 757 365 384 945 490 943 379 745 934 242 599 603 204 266 0 727 931 485 523 480 555 730 518 953 418 399 612 1040 297 526 780 487 671 880 518 732 368 410 836 813 700 64 989 36 234 256 517 632 709 321 161 613 255 828 898 315 623 580 785 601 116 767 913 856 796 597 262 835 497 422 332 127 425 754 455 450 898 502 411 700 566 1058 833 251 933 655 899 364 544 322 937 386 908 915 380 334 701 1015 275 362 1044 562 813 385 400 497 362 894 800 483 370 470 909 7 864 749 400 615 589 730 321 342 431 946 202 379 236 200 251 704 410 1003 571 306 687 746 755 564 959 489 787 629 847 405 230 404 703 444 204 579 767 767 878 799 690 523 422 709 523 789 680 909 829 339 818 372 799 556 246 666 41 185 358 969 508 1003 428 143 556 104 516 891 424 654 574 272 865
365 664 362 631 634 523 92 403 541 314 605 414 377 245 273 335 786 900 407 602 860 575 585 305 792 456 394 792 893 282 477 469 844 928 644 704 592 483 599 630 808 555 830 466 727 0 503 406 348 311 272 699 553 422 406 329 328 467 533 890 564 1035 135 381 218 598 951 1039 813 714 956 783 408 706 838 470 812 734 18 716 676 165 752 522 801 508 915 317 606 436 628 106 646 241 392 130 861 827 846 674 978 600 485 356 447 1046 540 835 1054 847 872 436 416 563 552 784 695 968 946 778 967 362 371 306 573 903 928 476 541 619 409 178 977 814 327 575 507 656 723 602 515 286 884 720 355 711 509 288 933 231 996 752 316 872 528 999 649 526 770 487 405 1052 714 521 598 119 472 784 1032 305 676 717 583 322 547 359 950 293 898 188 961 496 440 1001 77 263 738 623 254 451 256 375 940 746 273 500 127 323 544 197 766 542 554 947 358 495 388 583 891 686 483 579 348 270 153 506 797
