162
0 277 521 816 189 429 499 715 603 696 914 685 921 934 178 731 387 697 687 634 581 74 215 1024 582 755 666 682 828 602 597 122 379 689 947 653 469 358 956 438 987 435 913 717 382 886 398 364 221 572 908 500 806 877 197 516 414 155 137 600 213 676 364 257 306 583 229 841 521 363 105 193 68 727 525 606 622 857 236 591 521 342 700 722 366 308 550 325 597 649 437 1027 175 661 340 845 98 849 590 5 501 812 818 956 247 189 1001 76 294 476 335 848 648 657 836 595 693 977 616 835 703 162 250 209 887 993 848 972 846 305 988 849 82 942 540 100 342 680 706 842 715 299 976 433 866 1062 243 151 449 446 443 426 639 916 780 691 260 844 455 244 753 793
277 0 414 542 105 205 500 450 612 419 657 468 703 658 216 479 452 428 450 361 563 306 181 760 571 479 429 407 588 325 374 174 153 412 674 458 311 148 719 160 751 211 636 465 204 609 191 92 152 402 652 378 575 608 124 281 419 164 154 353 287 668 231 377 67 439 150 577 337 324 358 329 215 449 501 351 352 580 162 518 299 253 424 450 218 401 297 356 399 542 264 771 252 424 245 611 305 634 344 277 286 566 570 682 317 101 755 241 96 489 58 575 413 559 587 375 453 710 348 567 543 330 128 154 640 721 575 736 604 366 765 588 322 703 310 177 330 707 618 579 505 298 754 156 631 830 314 248 355 457 214 328 364 639 504 496 168 631 391 33 509 516
521 414 0 707 479 585 193 452 268 571 891 276 467 698 343 755 280 660 763 585 199 590 575 688 214 647 748 601 438 475 251 507 283 559 683 823 120 274 535 437 561 253 735 744 611 678 588 380 320 125 891 39 395 802 361 267 188 381 413 667 661 291 184 352 349 86 551 797 724 736 626 377 463 587 156 647 596 696 565 111 234 668 599 654 196 780 322 240 767 131 665 656 617 740 660 435 607 396 311 516 657 444 454 697 697 393 598 444 511 207 424 596 737 145 855 725 345 658 410 550 199 413 311 330 508 708 602 546 454 278 535 818 602 529 253 477 737 362 203 528 849 701 522 426 923 620 693 373 769 198 589 742 574 760 575 857 280 390 86 414 395 614
816 542 707 0 629 421 886 284 975 139 202 498 589 211 737 192 909 134 267 182 907 831 649 401 922 65 274 134 447 244 466 701 508 150 257 402 598 534 528 383 550 491 126 197 495 154 459 467 662 597 206 672 482 97 653 443 837 699 696 272 747 995 622 883 534 657 618 116 440 660 883 850 757 120 860 247 198 81 620 808 474 597 121 97 603 820 386 817 396 769 479 461 733 271 590 484 823 566 398 817 391 410 403 253 758 641 509 783 532 890 483 220 285 794 216 342 411 352 297 273 668 861 625 670 433 307 211 544 450 844 610 142 847 509 454 715 690 1070 845 319 359 692 608 390 297 619 756 777 596 868 408 587 177 109 164 405 651 570 753 575 403 118
189 105 479 629 0 244 528 555 641 514 725 567 803 758 199 543 455 508 502 447 601 205 96 864 607 569 481 496 691 425 474 72 248 508 775 482 389 236 823 257 855 308 730 529 209 707 216 197 168 488 720 447 678 688 125 382 442 135 106 412 190 704 295 354 160 517 78 652 351 265 257 295 140 545 539 417 433 674 92 574 397 209 515 535 287 308 401 365 424 610 269 876 150 476 203 714 201 734 448 190 320 670 675 783 223 89 860 177 107 513 155 678 463 624 649 414 556 815 452 671 627 285 167 161 744 824 677 840 709 365 866 660 221 807 411 90 261 732 681 684 539 222 856 254 683 933 220 214 322 480 257 295 453 731 605 521 202 730 439 80 613 613
429 205 585 421 244 0 697 448 808 337 486 553 763 589 418 303 657 289 257 247 754 427 234 734 764 370 236 300 626 285 464 307 301 335 618 253 468 313 753 165 784 340 538 289 75 531 37 205 358 539 480 546 630 462 327 374 620 360 341 172 326 858 415 579 250 589 207 420 138 254 476 527 385 366 693 183 225 481 206 695 405 181 325 324 398 402 356 560 193 702 92 765 316 232 173 658 414 705 407 432 80 595 596 622 336 297 772 420 137 688 168 530 219 723 406 172 505 681 354 544 671 523 332 358 660 671 526 772 640 572 816 425 441 735 405 334 278 905 783 571 301 274 807 174 438 865 335 445 223 658 13 202 261 529 447 291 371 704 580 230 547 440
499 500 193 886 528 697 0 642 113 747 1061 469 641 890 341 911 136 824 908 748 84 573 621 880 83 823 891 771 628 646 442 531 411 735 876 948 287 392 718 573 742 404 923 899 704 868 690 498 361 319 1060 220 584 978 403 442 87 400 435 809 684 179 287 260 447 273 607 968 834 793 594 312 460 766 48 794 755 881 621 152 413 736 772 824 306 796 499 174 889 237 764 846 639 883 730 622 596 575 496 493 775 636 647 890 721 440 783 427 593 27 529 788 878 228 1016 855 539 851 590 743 362 350 373 367 698 901 794 727 644 195 707 987 581 714 434 492 786 207 251 721 984 745 695 562 1078 794 717 351 846 52 704 819 739 945 762 984 333 568 133 486 589 800
715 450 452 284 555 448 642 0 718 179 485 215 338 250 585 409 693 302 457 257 649 754 614 310 664 238 451 233 191 164 201 623 341 170 245 572 361 367 309 310 339 297 284 404 518 226 478 358 513 331 488 421 212 381 522 221 610 569 579 396 724 728 420 701 409 388 580 394 542 697 805 686 648 176 609 364 283 250 588 543 238 621 214 273 405 826 171 613 537 494 537 324 695 444 612 227 755 298 150 714 469 155 153 257 747 526 324 660 493 651 402 149 451 519 480 479 127 261 102 120 385 707 476 524 213 284 153 327 201 646 379 419 770 290 215 621 718 809 567 129 560 703 372 309 560 419 744 629 669 634 440 650 238 311 127 592 486 300 513 479 126 172
603 612 268 975 641 808 113 718 0 838 1156 528 667 961 452 1012 220 922 1014 846 69 677 734 931 54 914 996 866 678 740 518 642 517 826 943 1057 379 499 752 679 773 504 1003 1000 817 945 802 607 474 387 1156 303 632 1069 516 533 198 512 546 915 793 78 394 353 558 332 719 1063 945 906 694 412 568 855 118 898 855 964 733 181 501 849 865 919 413 904 589 282 999 256 876 889 749 989 843 667 701 607 579 597 885 692 703 957 831 553 820 534 706 129 640 860 984 237 1115 964 606 908 678 811 392 448 486 479 747 963 866 759 693 297 729 1083 683 751 520 603 898 98 233 785 1092 857 717 668 1180 816 826 459 959 161 814 932 836 1027 843 1093 446 600 233 599 650 883
696 419 571 139 514 337 747 179 838 0 323 381 514 252 605 230 769 122 281 96 770 719 548 405 784 76 278 56 366 105 336 586 370 11 281 404 459 397 472 258 500 351 216 225 412 196 373 337 529 464 324 534 392 231 524 305 697 570 570 235 652 860 483 746 404 525 515 229 397 590 771 716 635 30 721 202 123 160 519 674 336 519 35 94 464 738 248 678 377 640 413 446 632 271 510 404 713 477 265 696 332 329 325 285 668 514 472 657 426 750 361 198 280 664 305 318 297 351 162 226 547 728 491 537 374 334 193 490 374 705 549 252 735 453 317 596 616 933 717 265 384 610 544 263 383 576 666 645 542 728 325 527 79 222 114 420 515 480 613 452 306 103
914 657 891 202 725 486 1061 485 1156 323 0 699 788 374 868 183 1068 238 242 315 1090 913 719 568 1104 251 261 290 648 416 659 792 662 335 424 350 777 687 721 513 741 658 274 197 547 330 521 600 796 788 9 854 684 109 778 624 1004 821 810 314 800 1182 784 1024 667 848 694 94 443 680 963 983 863 313 1039 308 313 262 691 996 657 634 293 237 764 848 569 972 374 963 510 636 798 263 629 685 899 769 589 915 426 612 604 415 801 758 695 895 619 1062 600 414 279 988 91 342 612 525 486 471 867 987 761 802 630 466 404 737 650 995 805 73 928 703 639 815 713 1253 1041 517 282 727 803 522 136 804 801 904 595 1037 473 595 322 236 367 333 793 772 928 689 606 321
685 468 276 498 567 553 469 215 528 381 699 0 237 438 521 604 549 497 638 436 458 740 650 411 474 448 629 429 163 320 94 623 319 370 416 736 232 333 277 388 306 259 493 596 608 430 572 388 463 152 701 258 127 596 489 189 459 529 551 560 756 526 329 594 406 196 618 606 675 775 786 598 617 386 428 530 457 464 629 346 170 697 415 475 322 870 196 489 691 286 645 382 718 621 688 167 749 166 147 682 600 167 177 430 786 507 332 615 544 484 441 339 624 311 686 637 88 382 232 286 169 627 434 476 233 435 346 291 180 526 303 630 755 266 158 608 787 612 354 257 738 762 291 381 764 378 783 563 773 474 549 749 419 523 342 762 426 163 355 487 122 387
921 703 467 589 803 763 641 338 667 514 788 237 0 441 755 743 746 637 795 596 604 978 883 311 619 560 790 570 147 494 329 861 555 506 399 911 459 571 97 605 108 495 530 739 826 465 788 618 700 363 793 462 133 679 727 421 655 766 788 734 990 640 561 811 642 381 851 706 872 999 1024 823 854 505 595 701 621 527 862 494 406 921 548 604 556 1103 414 702 874 412 855 247 954 783 912 110 986 73 363 918 798 184 189 413 1020 745 164 851 773 662 671 375 789 430 802 816 259 315 412 317 279 855 671 712 160 388 384 96 140 740 68 731 992 106 392 845 1014 732 445 271 898 991 56 600 883 153 1017 795 987 661 758 965 576 568 427 931 661 78 553 723 218 471
934 658 698 211 758 589 890 250 961 252 374 438 441 0 822 404 943 328 477 343 891 963 799 194 907 230 483 291 323 333 448 830 577 256 49 612 611 604 361 500 376 540 100 407 665 60 626 570 747 574 382 669 370 269 750 469 860 797 802 467 904 964 668 947 631 628 766 313 636 841 1015 927 870 222 855 437 368 130 770 782 488 771 265 285 651 991 415 862 600 724 662 261 883 478 763 355 960 442 400 934 577 294 283 42 921 747 325 887 676 900 603 102 491 749 417 544 355 150 329 152 600 945 710 757 282 96 96 374 318 894 444 336 979 344 465 836 867 1049 790 188 571 863 445 503 494 433 918 865 787 884 577 774 328 138 154 617 725 448 762 691 318 149
178 216 343 737 199 418 341 585 452 605 868 521 755 822 0 693 256 635 666 563 420 248 284 887 423 673 646 604 673 501 440 189 244 596 827 668 297 218 797 358 827 290 817 679 400 780 398 271 75 398 864 322 646 812 91 370 254 63 95 569 342 520 193 161 203 406 275 785 541 457 283 114 123 633 360 565 558 763 288 417 367 407 617 651 199 456 414 170 609 471 461 881 297 640 402 686 266 682 446 173 498 661 669 838 379 121 847 101 288 322 269 728 630 480 802 590 542 843 493 705 526 124 113 67 736 869 730 812 691 166 823 798 259 785 388 151 447 539 531 705 719 405 811 349 847 900 375 43 520 290 428 494 563 826 670 707 99 677 279 188 603 691
731 479 755 192 543 303 911 409 1012 230 183 604 743 404 693 0 905 107 77 172 949 730 536 591 962 189 90 176 595 289 545 610 502 239 448 211 636 525 695 345 721 508 317 14 365 345 338 430 623 665 176 716 622 180 602 490 848 643 630 131 619 1046 627 851 496 724 511 129 272 507 780 807 682 238 894 128 158 273 508 864 525 455 195 139 607 673 441 808 213 843 332 646 616 89 450 633 717 708 473 733 245 558 553 445 622 580 687 715 437 909 424 397 105 867 108 169 524 540 373 441 764 809 590 628 597 499 389 713 602 828 774 126 745 676 512 633 539 1110 923 484 167 550 770 355 168 794 622 728 429 882 290 425 187 291 323 213 624 710 780 510 536 286
387 452 280 909 455 657 136 693 220 769 1068 549 746 943 256 905 0 829 891 753 218 460 540 958 213 844 871 784 713 664 502 441 405 758 936 911 333 381 815 559 841 418 963 892 650 913 643 476 300 397 1065 291 673 995 337 476 91 319 351 791 587 297 286 133 414 366 532 978 788 712 475 193 360 792 179 781 755 916 545 279 454 664 790 836 305 693 533 97 851 361 712 932 543 865 659 713 485 677 542 381 738 715 725 948 623 372 877 322 537 108 494 842 857 356 1013 825 606 924 624 804 472 228 325 302 782 967 846 826 730 90 814 995 466 808 477 401 700 292 385 789 955 658 802 549 1068 900 619 252 777 92 666 750 747 981 804 949 287 670 195 431 662 836
697 428 660 134 508 289 824 302 922 122 238 497 637 328 635 107 829 0 160 76 857 707 520 505 870 98 161 68 489 187 441 579 423 131 367 290 543 448 593 277 619 420 257 102 361 268 327 364 562 564 236 621 514 179 547 392 766 591 583 140 615 951 545 787 432 624 491 150 309 526 758 749 641 134 804 113 77 204 491 767 427 463 88 42 526 686 341 734 272 742 345 554 604 155 456 527 697 600 369 698 257 452 448 367 625 530 588 670 407 824 370 303 166 766 195 216 416 452 268 341 659 755 526 568 494 421 296 611 497 757 670 165 722 573 412 596 556 1019 821 383 263 558 666 286 268 694 623 672 463 799 276 453 85 243 223 302 556 602 691 461 428 193
687 450 763 267 502 257 908 457 1014 281 242 638 795 477 666 77 891 160 0 203 952 680 484 661 964 254 21 225 647 318 571 565 497 288 520 135 643 517 753 335 780 512 393 70 310 418 289 415 600 683 234 724 669 256 574 506 840 612 596 99 560 1052 622 827 477 741 461 203 202 438 727 779 642 295 895 116 181 347 457 874 541 392 248 200 602 606 462 793 137 860 269 713 560 26 387 684 664 754 500 689 188 610 606 518 560 549 749 677 395 904 400 462 39 883 153 100 563 609 406 502 792 777 569 603 655 572 455 771 655 810 830 197 693 734 531 592 471 1112 941 544 103 485 825 346 181 855 559 698 356 876 245 354 221 368 384 141 605 756 780 479 582 352
634 361 585 182 447 247 748 257 846 96 315 436 596 343 563 172 753 76 203 0 781 649 469 501 795 125 195 52 448 118 373 518 347 99 375 315 467 372 561 205 590 344 291 162 322 285 284 291 489 493 313 547 468 249 476 319 689 521 515 140 569 877 469 713 359 552 437 225 301 497 701 677 576 123 728 108 27 234 440 693 354 428 77 89 449 649 269 658 283 671 319 542 553 188 420 485 641 553 301 635 236 412 409 378 582 461 566 602 350 748 302 295 193 695 269 224 360 448 204 321 593 684 452 495 463 429 290 580 458 681 635 241 664 542 340 533 524 944 751 358 305 521 629 213 339 668 581 601 446 722 235 432 19 286 211 335 481 554 615 394 381 195
581 563 199 907 601 754 84 649 69 770 1090 458 604 891 420 949 218 857 952 781 0 655 695 863 15 846 935 800 610 673 448 608 459 759 873 1001 314 442 687 619 708 441 933 937 767 875 750 551 432 318 1090 236 564 1002 475 466 167 476 511 854 762 104 338 344 506 263 678 996 892 866 678 397 540 787 62 836 791 895 692 113 434 806 798 853 356 876 522 256 943 192 826 822 717 928 799 599 678 542 510 576 830 623 634 887 799 512 754 509 658 110 586 790 924 175 1051 906 536 839 610 741 327 434 440 439 679 894 797 694 625 279 668 1017 664 685 452 571 860 163 183 715 1033 820 655 608 1117 755 795 433 915 136 759 887 771 958 774 1036 401 535 174 552 580 814
74 306 590 831 205 427 573 754 677 719 913 740 978 963 248 730 460 707 680 649 655 0 196 1064 656 773 659 699 878 630 650 132 427 713 980 632 532 408 1007 462 1039 485 935 716 370 912 392 397 281 635 907 567 859 885 251 565 488 215 189 599 158 750 427 329 347 650 219 846 500 317 52 266 127 749 599 609 634 878 222 663 573 310 719 736 427 239 594 399 578 719 418 1072 131 655 311 897 27 906 637 79 492 860 866 987 188 234 1050 148 299 550 360 881 641 728 832 584 743 1016 653 872 769 233 306 269 935 1027 881 1024 895 379 1044 852 16 993 591 134 292 752 778 883 698 251 1032 459 855 1115 184 224 409 520 440 389 656 934 809 669 322 902 526 275 802 818
215 181 575 649 96 234 621 614 734 548 719 650 883 799 284 536 540 520 484 469 695 196 0 921 700 594 462 521 765 470 555 104 334 543 821 438 483 326 896 305 928 393 759 522 173 744 198 266 263 579 712 542 755 696 220 462 535 222 189 405 109 798 391 429 246 611 33 654 306 172 244 367 194 578 633 417 451 702 28 670 480 129 543 552 382 220 473 454 384 706 223 938 84 459 127 790 180 816 522 219 295 741 744 827 136 184 929 236 123 604 215 726 445 720 636 387 631 869 512 726 720 349 264 256 813 871 724 914 781 450 945 659 209 880 492 144 165 822 777 744 503 126 934 305 659 1007 133 291 241 572 247 216 478 755 648 476 299 813 535 167 685 650
1024 760 688 401 864 734 880 310 931 405 568 411 311 194 887 591 958 505 661 501 863 1064 921 0 879 407 664 455 252 453 460 934 647 404 146 794 629 671 215 615 217 597 294 593 808 247 768 668 817 563 576 668 299 464 830 516 869 876 888 637 1030 918 709 988 718 606 887 507 802 988 1115 981 957 379 838 605 528 321 894 750 524 914 428 463 696 1127 475 890 776 678 816 75 1003 659 906 266 1065 341 441 1023 737 244 233 152 1051 835 157 967 798 895 710 206 671 700 612 719 354 53 412 194 542 1005 781 829 184 103 211 222 238 926 289 531 1080 205 501 931 1012 1009 729 182 759 1001 294 615 689 254 1048 931 946 885 724 931 484 332 290 802 788 348 765 789 296 312
582 571 214 922 607 764 83 664 54 784 1104 474 619 907 423 962 213 870 964 795 15 656 700 879 0 860 947 813 626 687 463 612 470 773 889 1012 327 453 703 631 724 453 949 950 776 890 759 561 438 333 1103 250 580 1016 481 480 169 481 515 866 766 97 348 342 515 279 684 1010 902 872 678 396 543 802 70 848 804 910 698 129 448 812 812 866 367 879 536 257 954 207 834 838 721 940 806 615 679 558 525 577 840 639 650 903 803 518 770 510 666 107 596 806 935 190 1064 917 552 855 624 757 343 433 447 445 695 910 812 710 641 279 683 1030 664 701 467 574 866 149 195 731 1044 825 671 620 1130 770 799 435 922 136 769 895 784 973 789 1047 408 550 185 560 596 829
755 479 647 65 569 370 823 238 914 76 251 448 560 230 673 189 844 98 254 125 846 773 594 407 860 0 257 73 414 180 409 641 443 87 269 387 536 469 507 319 532 426 167 188 445 170 408 403 598 539 253 610 445 155 589 381 773 636 633 236 694 936 557 818 470 599 562 157 405 616 824 785 695 62 798 207 145 111 565 749 412 550 56 55 538 772 324 752 371 713 436 459 678 252 542 452 765 531 339 756 349 377 371 269 707 578 498 720 475 827 421 208 264 738 243 314 362 355 237 252 616 796 560 605 410 322 200 525 419 779 588 181 788 488 393 654 645 1009 790 296 354 644 584 326 324 605 705 713 558 804 358 547 116 161 135 396 586 534 690 513 362 97
666 429 748 274 481 236 891 451 996 278 261 629 790 483 646 90 871 161 21 195 935 659 462 664 947 257 0 221 642 308 559 544 479 284 525 130 627 499 751 317 778 495 401 80 289 423 267 396 580 669 254 708 663 270 554 492 821 591 575 81 539 1036 604 806 457 727 440 219 184 420 706 758 621 294 878 101 171 354 436 858 527 372 246 202 584 587 450 774 123 846 249 715 539 7 367 679 643 748 488 668 167 606 602 523 540 528 749 656 374 886 379 464 17 869 174 81 555 612 396 502 780 756 549 582 652 577 457 769 651 790 827 213 672 731 517 571 452 1094 927 542 109 465 821 328 202 854 539 677 339 858 224 337 214 378 384 142 585 749 763 458 576 353
682 407 601 134 496 300 771 233 866 56 290 429 570 291 604 176 784 68 225 52 800 699 521 455 813 73 221 0 422 126 376 568 380 63 325 348 486 406 529 248 556 369 238 170 375 232 337 333 529 501 289 564 446 211 519 334 717 565 561 181 622 893 498 752 401 561 489 196 347 549 751 717 623 75 749 149 76 182 492 707 367 481 26 52 479 702 280 691 323 678 370 499 606 215 473 459 692 532 304 683 285 385 381 327 635 506 528 648 402 773 349 249 224 703 259 264 347 402 202 281 592 727 492 537 430 379 243 547 430 716 605 216 715 509 350 582 576 963 757 321 328 574 600 255 335 632 634 644 496 749 288 483 43 235 166 363 519 534 638 441 360 145
828 588 438 447 691 626 628 191 678 366 648 163 147 323 673 595 713 489 647 448 610 878 765 252 626 414 642 422 0 350 233 754 450 358 289 764 393 470 131 474 163 392 401 591 692 335 653 498 610 315 653 421 48 539 630 312 622 673 691 587 874 668 484 755 533 355 731 563 729 868 926 756 760 358 586 555 474 390 741 497 307 790 401 457 474 983 291 651 728 426 717 219 840 635 781 37 884 121 243 825 655 37 44 303 901 643 174 762 649 645 549 241 642 449 657 670 135 232 271 181 292 784 577 622 69 295 250 149 17 689 190 588 893 116 288 744 886 757 481 137 750 866 182 469 738 243 898 715 849 636 619 828 429 437 283 783 575 126 518 612 79 328
602 325 475 244 425 285 646 164 740 105 416 320 494 333 501 289 664 187 318 118 673 630 470 453 687 180 308 126 350 0 255 497 264 95 351 420 360 291 472 167 503 246 316 280 357 284 317 238 426 377 416 437 363 333 423 207 593 470 472 242 578 766 377 641 302 437 437 323 379 538 682 612 538 131 622 212 137 262 443 581 241 462 126 179 358 673 154 572 380 554 373 479 554 301 453 385 627 445 183 601 306 316 316 358 598 416 487 558 347 648 269 255 304 579 382 323 248 400 88 260 475 625 388 434 377 400 253 491 362 600 540 343 646 454 225 503 560 836 634 285 418 548 533 170 455 582 596 543 506 625 277 487 102 325 179 444 410 446 512 358 276 191
597 374 251 466 474 464 442 201 518 336 659 94 329 448 440 545 502 441 571 373 448 650 555 460 463 409 559 376 233 255 0 531 226 324 435 660 169 242 358 298 389 166 485 536 516 427 481 293 378 131 660 221 208 563 400 94 415 442 462 486 662 530 252 528 313 191 523 565 590 681 698 525 529 347 408 459 391 447 535 344 77 604 367 426 241 776 111 430 611 304 555 445 624 552 595 248 658 260 72 594 515 223 231 449 692 416 407 530 450 452 347 346 553 329 636 559 106 423 174 303 221 552 346 390 297 465 351 374 251 466 394 588 665 346 63 517 693 609 382 287 668 667 382 290 710 465 688 482 681 437 461 657 358 510 325 688 342 257 315 393 165 366
122 174 507 701 72 307 531 623 642 586 792 623 861 830 189 610 441 579 565 518 608 132 104 934 612 641 544 568 754 497 531 0 305 580 847 534 430 289 885 330 916 365 802 595 261 779 276 266 187 532 787 479 738 758 147 442 444 132 97 478 155 710 329 326 221 555 110 721 401 271 185 263 90 617 548 485 505 746 119 595 454 234 587 606 325 272 466 360 477 639 318 943 110 539 230 775 131 790 511 124 379 734 739 855 192 118 924 131 173 512 227 749 526 651 714 473 618 884 521 741 670 245 200 177 809 895 748 902 771 352 925 728 148 870 469 40 258 728 706 752 595 216 914 326 744 994 188 190 345 480 321 321 525 803 676 572 227 786 457 144 676 686
379 153 283 508 248 301 411 341 517 370 662 319 555 577 244 502 405 423 497 347 459 427 334 647 470 443 479 380 450 264 226 305 0 360 583 543 168 27 580 161 612 59 577 489 331 537 305 96 171 251 660 244 432 591 183 138 345 228 242 398 438 561 125 376 88 293 303 572 440 474 476 350 311 396 400 382 349 525 316 393 149 400 387 431 105 553 171 311 486 403 383 648 399 472 392 470 433 485 210 377 374 433 439 593 469 193 622 319 241 408 144 483 466 422 609 447 315 602 248 462 391 368 134 182 508 624 485 597 468 336 619 589 443 566 164 293 482 615 482 464 574 452 608 150 668 689 465 288 494 380 305 467 342 589 426 578 148 482 285 168 374 450
689 412 559 150 508 335 735 170 826 11 335 370 506 256 596 239 758 131 288 99 759 713 543 404 773 87 284 63 358 95 324 580 360 0 282 410 448 387 466 251 494 340 224 234 410 201 371 329 520 453 336 523 383 243 515 293 686 562 562 239 648 849 472 736 395 513 510 241 399 588 765 707 627 37 710 206 126 168 515 662 325 517 45 105 453 735 237 667 381 628 413 443 628 278 508 396 707 469 253 689 333 322 318 287 664 507 467 649 421 739 354 197 286 653 315 322 287 350 151 222 536 719 482 528 368 335 192 484 367 695 542 263 728 447 306 589 614 922 706 260 391 608 537 256 393 571 662 637 542 717 324 527 80 230 113 426 505 471 602 445 297 107
947 674 683 257 775 618 876 245 943 281 424 416 399 49 827 448 936 367 520 375 873 980 821 146 889 269 525 325 289 351 435 847 583 282 0 655 603 609 315 519 329 541 149 451 693 102 654 583 754 558 431 656 337 319 759 466 851 807 814 504 928 942 666 946 642 610 787 361 672 871 1031 930 882 252 839 473 401 176 793 762 483 800 298 325 650 1018 416 857 640 701 694 212 905 520 791 318 977 405 395 947 611 262 251 14 946 759 276 897 698 888 620 99 532 725 466 583 337 101 334 132 573 950 716 764 241 53 98 328 282 891 398 385 996 299 460 850 897 1028 764 159 615 890 399 521 543 384 943 871 821 873 607 808 359 188 172 661 729 411 751 705 294 180
653 458 823 402 482 253 948 572 1057 404 350 736 911 612 668 211 911 290 135 315 1001 632 438 794 1012 387 130 348 764 420 660 534 543 410 655 0 703 558 876 386 904 571 528 205 273 553 270 450 611 759 340 783 782 385 578 583 872 608 585 177 492 1104 663 829 502 814 424 332 132 349 675 775 620 422 941 209 289 483 416 934 617 324 373 332 644 516 548 814 59 931 216 845 503 135 322 800 612 865 591 656 173 728 725 653 484 547 876 659 381 940 419 593 124 953 258 100 668 742 507 630 879 767 586 611 778 707 586 894 774 825 951 321 643 857 611 567 383 1155 1013 669 72 407 945 397 244 981 485 693 256 910 245 262 335 503 513 38 625 866 827 481 694 483
469 311 120 598 389 468 287 361 379 459 777 232 459 611 297 636 333 543 643 467 314 532 483 629 327 536 627 486 393 360 169 430 168 448 603 703 0 163 509 317 538 132 638 624 499 585 473 264 250 103 776 81 359 691 285 154 248 316 344 547 578 410 105 362 244 128 456 683 606 636 574 365 405 479 262 526 477 594 470 231 126 564 486 539 105 697 211 260 648 234 551 610 536 619 556 400 545 386 212 465 538 389 398 615 613 312 564 396 405 293 312 510 616 254 737 605 275 593 303 471 239 396 230 262 461 634 514 523 411 297 528 703 546 499 148 406 640 476 314 457 728 606 516 306 804 607 609 336 661 274 471 634 457 659 477 736 210 381 154 316 333 513
358 148 274 534 236 313 392 367 499 397 687 333 571 604 218 525 381 448 517 372 442 408 326 671 453 469 499 406 470 291 242 289 27 387 609 558 163 0 599 182 630 77 604 512 337 564 314 108 146 254 684 236 450 617 160 158 323 205 221 418 427 546 105 349 81 291 297 597 452 473 456 323 290 423 382 404 374 552 310 382 165 400 414 456 86 544 196 285 501 397 391 670 387 492 392 489 416 500 232 356 388 454 460 619 459 174 643 296 241 387 150 509 486 415 632 464 335 626 274 487 394 341 110 157 529 650 511 615 488 310 636 614 423 585 182 274 478 597 475 489 592 446 625 171 690 707 456 262 497 358 318 470 368 616 453 594 121 496 268 158 395 477
956 719 535 528 823 753 718 309 752 472 721 277 97 361 797 695 815 593 753 561 687 1007 896 215 703 507 751 529 131 472 358 885 580 466 315 876 509 599 0 604 31 522 455 693 820 392 781 630 736 421 727 525 150 612 759 442 723 801 820 702 1005 729 605 869 664 449 863 644 851 998 1055 875 888 458 672 669 588 459 873 575 434 920 505 556 597 1114 422 762 845 496 844 150 971 744 911 110 1014 145 374 953 778 158 157 328 1032 773 68 889 780 737 681 308 752 515 744 786 266 224 399 256 360 904 705 748 98 298 317 18 115 800 83 669 1023 19 416 873 1016 821 535 211 856 997 84 600 825 111 1029 839 976 733 746 956 542 493 373 893 700 152 619 743 211 413
438 160 437 383 257 165 573 310 679 258 513 388 605 500 358 345 559 277 335 205 619 462 305 615 631 319 317 248 474 167 298 330 161 251 519 386 317 182 604 0 635 184 475 332 220 449 184 86 284 378 510 397 472 454 271 209 505 316 313 236 414 721 286 510 155 430 271 428 296 394 515 472 376 288 561 222 200 419 278 548 241 316 264 294 267 515 193 463 331 546 257 634 388 310 307 503 459 544 244 438 224 446 448 526 437 258 630 400 183 569 103 422 304 568 453 288 346 564 209 421 507 479 248 290 516 568 421 622 489 483 661 441 478 586 240 338 412 777 627 439 413 394 652 10 508 716 434 396 384 541 163 361 206 478 347 420 279 543 446 194 394 356
987 751 561 550 855 784 742 339 773 500 741 306 108 376 827 721 841 619 780 590 708 1039 928 217 724 532 778 556 163 503 389 916 612 494 329 904 538 630 31 635 0 553 472 719 852 411 812 662 767 449 747 552 181 632 790 474 749 832 851 731 1037 747 636 897 696 474 895 666 881 1029 1087 904 919 484 696 698 617 479 905 597 466 952 532 582 628 1146 454 790 873 516 874 146 1003 771 943 141 1045 166 406 984 809 189 188 341 1064 804 60 920 812 761 713 330 780 535 767 815 298 234 430 280 381 934 736 779 126 307 339 15 147 828 72 691 1054 49 448 905 1048 840 552 236 883 1028 77 632 847 80 1061 869 1007 758 777 987 570 511 398 920 731 174 646 775 243 437
435 211 253 491 308 340 404 297 504 351 658 259 495 540 290 508 418 420 512 344 441 485 393 597 453 426 495 369 392 246 166 365 59 340 541 571 132 77 522 184 553 0 548 496 378 503 349 142 220 200 656 213 373 579 238 81 347 282 299 415 497 540 132 406 147 248 362 565 477 529 533 389 367 374 385 395 351 499 374 364 89 454 373 422 113 613 125 328 516 362 426 594 459 488 445 411 492 426 156 433 407 377 383 552 528 251 565 372 295 404 195 442 484 384 612 472 258 553 211 416 337 410 186 232 452 581 445 538 410 358 560 584 501 508 105 351 538 602 443 415 596 509 549 174 676 630 525 333 543 379 342 517 335 564 392 604 190 422 272 228 318 421
913 636 735 126 730 538 923 284 1003 216 274 493 530 100 817 317 963 257 393 291 933 935 759 294 949 167 401 238 401 316 485 802 577 224 149 528 638 604 455 475 472 548 0 322 612 66 575 553 742 616 281 703 444 170 738 487 885 786 786 397 861 1013 680 953 618 673 728 215 566 783 987 927 851 186 892 370 312 56 731 828 512 717 216 217 662 939 430 876 522 777 602 362 844 397 709 436 928 523 426 913 514 368 359 141 874 731 423 873 639 931 578 160 412 802 319 469 406 251 338 220 661 941 704 750 370 193 151 469 399 907 539 238 950 437 490 813 811 1094 848 264 481 811 538 480 395 532 872 859 721 912 525 711 280 38 160 529 724 528 792 669 380 127
717 465 744 197 529 289 899 404 1000 225 197 596 739 407 679 14 892 102 70 162 937 716 522 593 950 188 80 170 591 280 536 595 489 234 451 205 624 512 693 332 719 496 322 0 351 348 324 416 609 655 191 704 617 190 588 479 835 629 616 117 606 1035 614 837 482 714 496 140 261 494 766 793 668 235 882 114 147 277 494 853 515 442 190 137 595 661 431 795 204 832 319 647 602 78 436 629 703 703 464 719 231 555 550 449 609 566 686 700 422 897 410 397 94 857 122 158 517 542 365 440 756 795 576 614 595 503 389 711 599 814 772 139 731 674 502 619 526 1098 913 482 165 537 767 342 179 793 609 713 418 870 275 413 178 298 321 209 610 705 768 496 531 286
382 204 611 495 209 75 704 518 817 412 547 608 826 665 400 365 650 361 310 322 767 370 173 808 776 445 289 375 692 357 516 261 331 410 693 273 499 337 820 220 852 378 612 351 0 607 40 236 350 579 540 573 692 531 313 423 623 338 313 236 255 872 432 560 263 624 153 487 142 180 417 503 346 442 706 252 300 556 147 718 452 106 400 398 417 326 413 556 216 734 61 837 250 286 98 722 354 765 465 385 122 662 663 697 263 279 842 385 113 693 187 605 271 753 463 214 567 755 421 617 715 494 331 348 729 746 601 839 706 562 880 490 383 803 455 294 203 912 812 643 333 198 871 227 486 932 262 422 165 661 87 140 336 603 522 312 371 763 595 220 612 515
886 609 678 154 707 531 868 226 945 196 330 430 465 60 780 345 913 268 418 285 875 912 744 247 890 170 423 232 335 284 427 779 537 201 102 553 585 564 392 449 411 503 66 348 607 0 568 522 705 557 337 647 378 222 705 437 833 752 756 407 849 952 633 910 585 613 711 261 576 782 964 887 822 166 835 377 309 73 716 768 460 713 207 225 616 933 381 829 540 715 603 309 829 418 705 370 908 457 372 886 517 302 292 100 864 700 364 841 622 877 553 94 431 740 365 484 343 199 291 154 597 904 667 714 305 154 85 407 333 861 476 286 928 374 437 787 809 1035 784 198 513 805 475 453 444 474 862 822 727 859 519 715 270 102 110 558 685 462 738 642 315 93
398 191 588 459 216 37 690 478 802 373 521 572 788 626 398 338 643 327 289 284 750 392 198 768 759 408 267 337 653 317 481 276 305 371 654 270 473 314 781 184 812 349 575 324 40 568 0 209 342 549 515 549 654 499 308 389 610 338 316 207 288 854 412 559 244 596 172 457 145 220 441 505 356 403 689 220 263 519 170 696 419 146 362 362 396 365 377 547 210 708 78 797 279 263 137 684 378 728 428 400 103 623 624 658 298 277 802 393 111 680 164 565 250 728 439 198 529 715 382 577 684 499 320 342 689 706 561 800 667 556 842 461 406 763 421 305 243 898 787 603 323 237 833 191 468 893 297 423 200 649 51 177 297 567 482 308 360 726 576 212 574 476
364 92 380 467 197 205 498 358 607 337 600 388 618 570 271 430 476 364 415 291 551 397 266 668 561 403 396 333 498 238 293 266 96 329 583 450 264 108 630 86 662 142 553 416 236 522 209 0 197 343 596 341 489 540 186 198 426 233 233 315 375 654 212 423 68 388 233 514 344 389 449 385 299 367 491 304 287 498 243 489 222 313 346 380 194 485 207 379 392 499 287 679 341 389 304 524 397 552 256 363 279 475 479 592 402 177 665 319 156 492 54 484 382 519 538 356 364 618 255 475 480 394 161 204 549 630 484 648 515 398 679 528 413 614 230 266 400 705 578 487 485 374 668 78 591 741 399 310 400 463 209 374 291 559 416 486 193 549 376 122 419 430
221 152 320 662 168 358 361 513 474 529 796 463 700 747 75 623 300 562 600 489 432 281 263 817 438 598 580 529 610 426 378 187 171 520 754 611 250 146 736 284 767 220 742 609 350 705 342 197 0 353 793 292 586 738 43 302 276 66 94 502 342 536 146 227 129 371 246 712 487 433 324 187 155 557 370 496 485 688 260 409 302 374 541 577 146 460 342 205 551 451 411 815 297 574 368 625 294 627 377 218 438 596 603 764 378 79 784 152 237 346 200 654 564 463 732 527 477 773 419 633 488 199 37 12 671 796 656 752 628 214 767 725 295 724 322 157 429 566 519 635 658 389 755 275 780 842 374 117 485 314 367 458 488 751 595 649 41 623 272 130 537 616
572 402 125 597 488 539 319 331 387 464 788 152 363 574 398 665 397 564 683 493 318 635 579 563 333 539 669 501 315 377 131 532 251 453 558 759 103 254 421 378 449 200 616 655 579 557 549 343 353 0 789 105 276 694 387 177 306 419 447 592 678 399 208 449 335 60 551 693 674 726 677 460 508 478 281 568 507 579 564 212 142 652 495 553 208 796 223 341 706 177 627 535 636 662 643 316 648 290 199 568 602 319 329 571 711 413 480 498 493 332 394 472 661 202 759 658 220 533 302 425 140 493 332 365 385 582 479 433 332 379 432 716 649 413 152 508 733 478 258 402 775 701 419 368 831 514 708 437 743 322 540 717 479 641 456 790 313 284 202 412 270 498
908 652 891 206 720 480 1060 488 1156 324 9 701 793 382 864 176 1065 236 234 313 1090 907 712 576 1103 253 254 289 653 416 660 787 660 336 431 340 776 684 727 510 747 656 281 191 540 337 515 596 793 789 0 854 689 115 774 623 1002 816 805 308 793 1182 782 1020 664 849 687 95 435 672 956 979 858 315 1038 303 310 268 685 997 657 626 293 237 762 840 569 970 365 964 503 643 791 256 621 690 893 773 590 910 419 616 608 423 794 754 702 890 614 1061 596 419 271 989 82 335 614 532 487 476 869 982 758 798 635 473 410 743 655 992 810 73 921 709 640 810 705 1253 1042 522 272 719 809 519 126 811 793 900 587 1036 466 587 320 243 371 323 790 777 927 684 610 325
500 378 39 672 447 546 220 421 303 534 854 258 462 669 322 716 291 621 724 547 236 567 542 668 250 610 708 564 421 437 221 479 244 523 656 783 81 236 525 397 552 213 703 704 573 647 549 341 292 105 854 0 381 766 332 230 201 355 386 628 631 330 151 349 313 86 518 760 685 702 605 367 440 552 188 607 557 662 532 150 197 632 562 616 161 750 285 239 728 163 627 640 588 700 624 421 584 390 277 495 617 424 434 670 667 363 586 424 474 231 386 567 697 180 816 685 320 636 374 523 207 402 280 303 491 683 573 537 438 277 531 781 580 518 217 450 703 399 239 504 809 668 519 386 884 615 663 355 732 217 549 705 536 727 543 817 251 384 97 379 373 581
806 575 395 482 678 630 584 212 632 392 684 127 133 370 646 622 673 514 669 468 564 859 755 299 580 445 663 446 48 363 208 738 432 383 337 782 359 450 150 472 181 373 444 617 692 378 654 489 586 276 689 381 0 576 609 295 582 650 671 604 863 619 455 721 518 311 722 597 739 866 906 725 738 386 541 572 493 430 732 450 285 788 427 484 446 974 283 615 743 378 722 261 827 656 779 40 866 85 232 803 665 76 86 351 891 624 205 738 642 602 541 284 662 401 689 686 126 280 279 224 244 754 555 598 114 343 293 166 61 653 190 622 874 139 268 725 882 709 433 182 772 860 180 467 769 256 888 688 853 594 624 831 449 480 317 803 549 88 477 597 87 363
877 608 802 97 688 462 978 381 1069 231 109 596 679 269 812 180 995 179 256 249 1002 885 696 464 1016 155 270 211 539 333 563 758 591 243 319 385 691 617 612 454 632 579 170 190 531 222 499 540 738 694 115 766 576 0 725 536 926 770 763 296 787 1091 709 962 609 754 667 53 451 684 936 926 821 216 953 279 256 153 667 904 568 628 206 161 690 848 480 902 393 867 505 530 778 269 621 576 874 660 494 878 416 503 495 311 793 709 587 849 586 981 550 304 285 892 151 349 508 419 393 361 766 934 701 744 520 364 295 628 541 927 695 70 900 593 549 776 715 1165 943 407 329 723 694 462 225 697 792 850 609 958 448 604 250 134 259 379 729 664 845 641 500 213
197 124 361 653 125 327 403 522 516 524 778 489 727 750 91 602 337 547 574 476 475 251 220 830 481 589 554 519 630 423 400 147 183 515 759 578 285 160 759 271 790 238 738 588 313 705 308 186 43 387 774 332 609 725 0 319 318 47 61 478 300 579 182 253 120 408 203 696 452 390 297 205 129 553 413 474 469 684 217 451 324 333 533 565 179 419 354 244 518 492 374 831 256 548 326 648 261 655 393 195 407 614 621 769 336 36 803 137 200 388 178 660 538 505 711 498 496 783 425 642 524 208 55 36 690 803 661 775 648 248 793 708 265 745 342 121 385 608 561 647 628 346 781 263 755 866 332 125 444 356 337 417 477 746 596 616 80 650 315 96 556 614
516 281 267 443 382 374 442 221 533 305 624 189 421 469 370 490 476 392 506 319 466 565 462 516 480 381 492 334 312 207 94 442 138 293 466 583 154 158 442 209 474 81 487 479 423 437 389 198 302 177 623 230 295 536 319 0 398 363 380 414 569 559 199 479 222 235 429 530 504 586 614 466 448 324 416 390 332 441 441 374 35 509 331 386 183 682 57 393 532 354 465 512 532 484 500 333 571 353 75 514 430 295 301 478 598 331 484 454 355 447 252 369 483 377 588 482 177 473 149 339 299 489 267 314 371 504 373 459 330 425 484 550 581 428 31 431 598 629 435 335 598 572 473 200 658 551 595 414 589 426 372 564 307 506 327 613 271 351 309 302 236 360
414 419 188 837 442 620 87 610 198 697 1004 459 655 860 254 848 91 766 840 689 167 488 535 869 169 773 821 717 622 593 415 444 345 686 851 872 248 323 723 505 749 347 885 835 623 833 610 426 276 306 1002 201 582 926 318 398 0 313 347 740 596 266 220 187 370 275 521 912 755 707 511 232 373 719 112 727 694 839 535 198 373 651 720 769 240 709 455 88 813 276 683 841 552 814 645 621 510 585 460 408 699 625 635 864 634 354 785 341 511 70 452 758 808 274 954 782 518 836 547 718 382 270 291 281 692 880 763 734 639 115 723 930 496 717 395 405 699 290 311 701 911 658 711 494 1013 809 630 265 762 38 627 735 682 904 724 909 251 578 104 403 573 759
155 164 381 699 135 360 400 569 512 570 821 529 766 797 63 643 319 591 612 521 476 215 222 876 481 636 591 565 673 470 442 132 228 562 807 608 316 205 801 316 832 282 786 629 338 752 338 233 66 419 816 355 650 770 47 363 313 0 34 517 287 578 212 221 167 436 212 740 480 395 258 167 88 600 416 515 514 731 225 464 366 344 579 610 212 403 400 232 549 511 399 876 242 586 339 690 229 693 438 152 440 658 665 816 324 63 847 91 227 382 220 707 575 522 751 532 539 830 472 689 553 166 96 54 734 850 708 817 691 229 832 752 229 788 385 97 386 600 576 693 661 344 821 309 794 907 320 85 457 350 371 430 523 792 644 647 106 689 326 133 600 662
137 154 413 696 106 341 435 579 546 570 810 551 788 802 95 630 351 583 596 515 511 189 189 888 515 633 575 561 691 472 462 97 242 562 814 585 344 221 820 313 851 299 786 616 313 756 316 233 94 447 805 386 671 763 61 380 347 34 0 502 252 613 240 247 171 466 180 731 456 361 235 189 69 600 450 502 506 731 193 498 385 312 577 605 239 369 413 265 526 544 374 890 207 569 308 710 200 716 453 135 419 675 681 823 289 55 864 87 205 417 212 714 558 556 738 513 557 841 480 699 583 182 117 83 751 859 715 836 709 261 854 741 204 807 403 63 352 634 610 705 640 310 843 307 777 927 285 108 426 384 352 399 518 791 648 624 135 712 360 121 616 664
600 353 667 272 412 172 809 396 915 235 314 560 734 467 569 131 791 140 99 140 854 599 405 637 866 236 81 181 587 242 486 478 398 239 504 177 547 418 702 236 731 415 397 117 236 407 207 315 502 592 308 628 604 296 478 414 740 517 502 0 491 955 522 729 378 649 379 251 169 390 648 682 552 257 797 32 113 344 377 778 450 331 208 182 503 553 375 694 142 768 210 681 486 74 325 623 586 687 416 602 120 552 549 505 497 453 706 585 306 805 301 431 69 791 236 84 490 583 330 461 707 682 470 505 604 557 425 720 597 711 775 254 613 683 441 503 420 1013 849 499 183 427 769 247 278 808 496 602 323 777 158 314 160 381 348 202 506 688 682 383 517 325
213 287 661 747 190 326 684 724 793 652 800 756 990 904 342 619 587 615 560 569 762 158 109 1030 766 694 539 622 874 578 662 155 438 648 928 492 578 427 1005 414 1037 497 861 606 255 849 288 375 342 678 793 631 863 787 300 569 596 287 252 491 0 863 481 463 349 705 143 743 366 160 189 399 226 683 702 508 550 804 135 750 586 169 645 650 474 118 582 511 444 793 290 1048 45 537 173 898 133 922 631 218 374 850 854 933 37 268 1039 265 231 664 324 833 521 806 713 460 739 978 621 835 817 372 351 332 923 978 831 1023 890 499 1053 745 165 989 598 191 133 877 861 853 562 93 1042 415 727 1116 33 335 255 632 339 237 580 854 755 528 381 919 612 269 794 755
676 668 291 995 704 858 179 728 78 860 1182 526 640 964 520 1046 297 951 1052 877 104 750 798 918 97 936 1036 893 668 766 530 710 561 849 942 1104 410 546 729 721 747 540 1013 1035 872 952 854 654 536 399 1182 330 619 1091 579 559 266 578 613 955 863 0 442 430 610 340 782 1088 997 970 770 487 639 875 166 936 888 977 796 186 525 910 889 945 460 975 613 353 1047 242 930 871 818 1028 904 652 774 585 596 671 934 685 696 957 900 616 798 606 763 200 691 864 1024 218 1147 1008 610 899 698 813 376 523 545 543 734 959 872 734 681 371 698 1109 758 730 542 671 963 92 195 783 1135 923 687 710 1214 784 896 530 1019 231 863 992 866 1040 855 1139 505 577 278 657 648 897
