186
0 85 469 654 792 975 173 809 500 702 323 363 213 622 691 377 560 775 412 657 727 983 113 745 72 276 367 554 365 286 551 1058 403 764 634 421 542 393 526 248 116 263 903 854 642 596 973 197 386 494 234 700 708 918 693 574 113 510 141 301 1032 26 298 760 595 804 498 876 466 533 911 972 289 404 875 832 490 171 887 785 480 898 284 842 745 561 850 252 503 419 233 351 215 1005 684 369 38 980 388 876 370 410 480 422 381 322 516 310 865 789 1067 521 564 452 1057 198 229 690 376 958 702 464 248 224 437 262 546 770 822 539 684 784 790 514 345 613 146 431 251 580 308 528 959 408 263 708 417 248 487 418 333 442 399 389 803 574 726 575 627 673 458 257 60 674 683 469 784 835 138 889 913 518 895 413 459 588 605 890 843 195 344 831 297 909 799 216
85 0 397 644 715 893 104 736 430 642 241 284 168 581 666 307 496 747 327 626 664 954 120 661 13 336 397 469 313 227 538 974 342 731 587 363 471 312 460 241 180 198 818 817 593 554 894 175 411 433 208 650 645 852 632 492 112 505 171 318 950 60 266 704 514 747 454 821 401 538 829 890 213 368 791 768 411 156 832 700 425 842 204 762 729 476 805 192 418 442 200 266 131 975 617 409 121 949 390 833 289 325 420 344 304 250 457 362 780 736 983 441 484 441 974 197 183 679 293 920 618 389 207 168 432 186 528 685 783 454 599 703 710 482 336 560 90 389 222 511 274 473 882 477 311 624 467 214 405 347 383 358 348 414 746 547 703 490 547 610 410 200 129 615 612 405 703 767 83 833 880 490 851 368 486 527 606 822 810 250 344 746 358 878 750 234
469 397 0 919 634 715 398 690 38 711 321 124 274 762 892 93 581 954 216 836 717 1140 396 365 410 732 770 290 520 193 819 754 102 919 736 523 513 125 539 583 577 207 567 983 735 730 758 513 778 553 529 774 695 852 702 178 385 807 560 681 752 451 553 787 169 815 215 897 505 861 653 714 184 610 585 793 406 344 904 474 577 907 344 638 976 248 932 224 216 802 284 224 327 1157 640 791 507 1127 721 970 323 254 99 84 103 146 127 755 553 832 767 404 136 738 777 558 262 947 150 1073 313 27 495 444 742 210 795 453 944 226 350 566 591 712 655 686 324 207 531 554 555 161 782 874 704 311 856 276 354 442 775 266 548 779 819 780 935 306 192 667 600 223 479 697 616 517 558 759 426 902 1055 732 978 189 852 616 912 804 991 647 679 501 755 1057 862 609
654 644 919 0 685 915 567 639 958 434 598 800 801 239 123 863 431 189 718 164 465 368 756 952 640 514 355 758 399 830 105 1033 921 220 297 407 500 795 452 406 580 795 980 303 310 257 851 469 329 409 436 336 467 613 432 892 751 144 518 369 981 643 385 417 933 453 1063 469 449 153 875 912 770 309 901 536 578 800 480 881 370 496 578 767 105 806 370 804 778 297 839 696 618 390 508 393 647 375 269 365 603 683 990 836 819 814 1029 472 925 401 1032 606 921 203 996 456 814 38 769 391 941 897 449 500 216 754 124 882 295 804 866 761 740 214 309 345 726 1006 424 488 380 1055 788 582 474 953 437 852 632 496 457 688 373 323 446 156 121 765 961 454 330 814 709 413 538 438 773 590 564 486 327 191 392 982 303 415 88 628 272 526 310 930 518 318 375 445
792 715 634 685 0 232 619 73 659 254 477 589 752 446 581 655 288 585 457 525 229 684 814 399 724 900 815 344 477 710 639 349 711 532 387 414 262 551 298 664 825 687 322 539 375 430 190 648 803 349 624 360 220 240 254 483 801 674 756 742 299 766 578 301 519 294 849 354 349 743 191 229 631 515 232 222 303 807 355 265 388 349 510 82 667 389 446 711 419 800 790 500 587 693 177 860 819 663 691 486 431 432 734 570 593 648 759 888 269 343 349 277 534 634 316 691 753 686 541 585 423 608 583 580 661 641 604 279 505 410 337 105 71 512 645 342 727 830 608 239 569 792 167 1043 849 436 938 794 322 378 893 402 460 798 302 539 614 329 527 230 439 721 844 272 151 353 119 160 656 350 603 536 479 806 844 286 740 185 566 841 681 298 920 612 383 738
975 893 715 915 232 0 806 278 729 481 652 709 896 677 808 763 518 803 591 754 453 875 978 381 904 1114 1041 449 694 838 871 119 809 751 618 634 480 667 522 879 1024 823 197 743 605 662 96 854 1030 574 834 584 448 383 483 540 965 907 960 964 66 949 795 516 563 497 926 537 567 976 65 3 767 742 134 413 491 959 534 244 615 523 692 153 892 473 645 848 522 1028 929 646 762 880 409 1085 1006 852 919 682 604 578 810 673 706 772 825 1107 177 551 117 456 589 865 85 900 894 915 665 770 426 692 791 779 892 783 837 265 713 498 366 192 195 745 870 574 887 922 819 464 786 857 173 1261 1065 436 1163 929 487 583 1113 545 682 1025 506 772 838 428 557 462 667 856 1022 502 383 572 191 346 846 528 800 769 669 902 1074 518 973 335 774 1050 906 233 1135 811 591 951
173 104 398 567 619 806 0 636 435 537 158 275 235 483 576 320 392 655 272 532 560 860 222 606 110 354 372 402 211 267 461 893 369 635 485 258 370 290 356 186 225 231 746 720 491 454 801 116 380 329 137 547 541 749 528 455 212 435 178 283 865 147 181 600 484 642 502 717 297 478 743 803 220 274 712 664 318 247 728 627 321 737 115 670 645 419 703 237 364 405 274 216 73 881 514 395 201 854 332 733 205 259 444 328 296 264 483 368 705 632 901 350 458 367 889 160 247 600 266 822 568 384 117 69 364 198 446 614 685 401 536 614 619 390 270 457 164 442 144 409 187 505 785 505 317 576 464 287 320 245 385 289 247 381 642 456 615 422 517 506 309 248 228 511 511 301 615 664 41 729 784 401 750 418 454 422 539 719 714 273 287 675 378 782 647 213
809 736 690 639 73 278 636 0 717 204 504 636 788 401 529 704 273 525 502 476 174 615 841 472 744 895 799 401 474 752 602 397 762 473 343 411 267 600 293 661 832 726 392 472 330 390 213 652 785 340 625 306 171 169 206 547 828 642 761 732 343 784 574 239 584 226 904 282 350 710 249 275 672 500 301 149 332 839 282 339 374 276 534 143 613 450 378 750 474 778 827 540 612 623 146 845 834 593 672 417 461 473 790 622 641 692 816 880 340 277 395 311 597 608 357 692 790 637 587 514 494 663 587 591 636 679 568 352 440 469 407 178 145 481 631 304 756 880 608 234 564 850 163 1033 843 507 921 832 361 390 882 446 453 779 234 500 559 388 594 191 423 760 864 227 132 351 193 86 672 277 534 504 408 856 820 262 700 116 501 842 667 371 914 544 317 735
500 430 38 958 659 729 435 717 0 744 360 162 299 799 930 123 616 991 252 874 749 1176 422 369 442 766 806 315 559 218 857 762 113 956 772 561 547 163 575 620 610 236 574 1019 771 767 776 550 815 590 566 809 727 881 736 189 411 846 595 718 763 482 591 821 171 848 196 929 542 899 668 728 219 648 597 823 440 368 936 486 614 939 382 658 1014 270 966 251 244 840 304 262 364 1193 672 827 537 1163 759 1004 360 290 80 122 141 179 99 790 563 866 776 437 141 776 788 594 286 985 188 1108 317 62 533 482 781 244 834 464 980 249 362 586 613 750 693 722 354 200 569 588 593 133 803 906 739 313 892 295 387 479 810 300 586 816 852 818 972 330 189 700 638 249 506 730 647 553 577 787 462 934 1091 770 1012 186 889 651 950 831 1027 680 717 509 788 1093 897 645
702 642 711 434 254 481 537 204 744 0 445 625 733 198 327 697 147 332 497 272 32 460 758 594 647 735 621 452 339 718 401 600 760 281 140 281 199 598 187 510 699 687 568 304 126 189 417 520 604 208 487 105 33 225 9 607 747 445 625 564 547 679 427 76 649 108 910 189 243 511 445 478 638 335 482 135 305 771 198 487 224 205 460 336 412 506 228 707 507 592 775 514 537 473 90 668 720 442 491 269 415 461 805 631 637 670 838 713 513 122 599 308 651 419 561 550 740 433 578 374 600 684 458 478 449 637 368 494 266 517 513 344 317 289 461 110 684 873 469 157 417 871 358 863 683 614 741 784 357 306 712 445 308 598 111 298 359 448 668 44 260 718 761 29 124 237 357 166 565 198 374 309 272 847 630 114 497 216 326 694 494 530 751 381 158 585
323 241 321 598 477 652 158 504 360 445 0 205 290 450 574 274 299 640 133 519 461 834 337 455 252 504 491 246 199 274 498 735 335 609 434 206 252 196 257 298 383 242 588 681 435 419 653 241 493 252 241 483 440 636 436 323 325 490 331 400 709 297 244 517 358 554 485 633 206 547 587 649 197 288 554 558 173 335 643 469 266 650 43 520 655 269 644 262 219 510 331 98 111 853 400 523 355 823 416 679 47 109 397 238 223 234 435 512 547 556 744 200 338 421 733 292 295 625 171 778 421 299 198 158 429 192 474 455 643 254 381 461 469 391 350 391 252 439 236 296 244 464 644 656 462 430 597 339 164 141 526 134 227 492 556 459 616 265 390 406 281 273 370 423 389 216 461 546 200 643 751 410 691 413 562 334 593 599 684 426 378 517 527 752 580 349
363 284 124 800 589 709 275 636 162 625 205 0 199 654 779 72 486 845 134 725 635 1036 309 404 298 616 647 259 402 130 698 765 135 812 634 411 425 41 444 459 465 122 589 882 634 623 736 390 655 450 405 677 613 789 616 218 296 685 441 558 754 342 430 700 233 732 285 814 402 737 644 707 75 491 586 721 322 269 822 481 469 827 222 608 861 239 838 146 186 678 224 113 203 1055 563 669 401 1025 597 874 216 166 191 59 21 63 229 636 563 743 777 330 201 615 780 435 192 828 48 975 355 109 371 320 619 101 676 461 843 213 362 538 558 596 531 587 224 248 407 468 432 258 748 761 585 358 736 223 278 337 655 189 432 655 736 665 821 280 265 583 487 151 382 607 544 413 533 695 305 821 952 615 884 223 728 522 790 744 887 530 554 517 639 954 770 487
213 168 274 801 752 896 235 788 299 733 290 199 0 710 811 182 587 887 305 765 751 1091 122 603 176 489 564 447 436 81 695 959 194 865 705 472 543 239 545 405 329 76 786 947 709 680 914 336 579 533 366 762 730 925 724 415 112 666 336 486 945 203 416 803 425 842 287 921 491 703 830 894 129 508 779 848 456 71 931 675 536 938 274 783 880 434 922 53 379 610 42 252 201 1112 690 574 248 1084 555 954 328 322 269 253 210 139 303 521 758 841 971 476 392 600 970 364 16 834 233 1047 554 277 352 304 594 113 681 657 910 410 559 716 731 623 498 669 77 222 376 586 422 314 917 620 472 556 628 53 429 427 543 354 472 582 843 691 850 469 455 696 534 51 208 710 678 499 713 835 237 931 1013 635 969 202 654 620 768 887 944 406 509 714 511 1012 861 402
622 581 762 239 446 677 483 401 799 198 450 654 710 0 147 724 207 192 547 85 229 384 702 733 583 587 453 553 273 717 206 794 786 158 58 244 282 638 238 390 588 682 744 237 71 31 615 424 433 210 388 113 230 399 195 700 693 255 514 415 743 603 323 198 742 242 936 286 258 317 636 673 644 217 663 314 377 730 298 650 185 313 446 528 238 606 231 697 588 415 752 542 509 403 269 500 630 375 325 254 439 509 845 677 671 684 882 558 689 200 794 398 736 244 758 439 720 243 614 339 728 737 376 414 274 635 174 652 201 609 647 524 501 119 315 107 646 888 370 260 314 912 555 700 537 741 568 763 434 319 552 506 237 426 236 103 187 557 768 215 175 709 682 175 299 246 535 360 498 302 303 130 274 862 447 183 299 404 235 564 341 697 600 303 193 458
691 666 892 123 581 808 576 529 930 327 574 779 811 147 0 847 354 86 682 61 355 293 784 880 665 595 443 698 381 829 162 927 908 101 199 369 428 767 384 444 635 793 887 191 209 174 739 495 418 350 459 223 360 491 326 842 777 219 565 434 873 676 399 300 884 333 1055 345 396 257 772 805 761 302 805 417 520 821 357 796 318 373 562 663 91 750 248 805 729 390 851 669 616 315 408 485 691 293 332 247 569 644 971 808 797 802 1009 558 832 280 925 543 876 250 886 495 823 110 743 289 874 868 460 507 274 748 151 799 176 751 794 665 641 187 351 253 741 1003 444 407 391 1038 673 682 550 888 539 864 577 453 546 644 348 411 325 119 42 702 910 352 292 816 749 309 440 384 677 474 583 363 232 175 273 977 407 331 207 510 167 593 365 843 603 225 252 498
377 307 93 863 655 763 320 704 123 697 274 72 182 724 847 0 559 914 204 793 708 1107 302 436 320 643 689 318 468 100 760 812 62 883 705 480 497 104 516 507 487 113 631 953 705 693 796 436 699 522 455 749 686 859 688 245 291 743 474 602 805 359 486 773 248 805 213 886 474 793 699 761 100 554 637 792 394 252 895 528 539 899 286 670 927 289 910 130 242 725 194 185 253 1126 635 708 415 1096 649 946 288 237 127 90 62 57 166 668 610 816 825 401 214 674 831 477 170 892 119 1047 385 95 425 373 676 124 739 508 914 264 406 599 620 662 585 659 231 177 459 541 489 192 812 783 617 385 771 189 349 408 688 259 498 700 808 731 889 337 276 655 555 130 385 680 615 484 593 765 344 894 1023 680 957 152 774 594 848 814 957 558 606 561 666 1025 843 527
560 496 581 431 288 518 392 273 616 147 299 486 587 207 354 559 0 393 364 293 167 562 612 526 503 621 528 349 205 574 365 629 622 350 164 142 75 463 42 388 567 541 552 404 159 180 476 386 515 68 356 193 148 358 137 499 601 393 494 458 584 536 302 217 541 255 772 334 96 463 467 514 494 228 478 272 178 624 344 450 100 351 313 364 445 402 351 561 390 511 628 374 389 579 131 573 580 548 403 388 272 327 672 498 500 528 706 606 498 257 632 193 538 347 603 422 593 443 442 491 520 555 322 336 374 492 331 450 364 407 440 342 326 233 358 109 537 732 339 57 292 738 436 759 570 534 650 637 235 159 608 316 180 510 256 276 394 350 565 113 151 572 618 123 142 91 351 279 422 344 476 258 398 706 556 35 471 334 415 571 394 499 640 479 283 463
775 747 954 189 585 803 655 525 991 332 640 845 887 192 86 914 393 0 740 122 355 208 866 913 746 681 527 742 453 901 248 922 975 52 229 433 469 830 428 529 721 866 901 114 236 224 727 578 502 402 542 227 366 460 334 891 858 304 651 520 867 759 481 287 933 310 1124 302 450 336 774 800 831 380 814 397 568 900 312 817 376 328 632 665 104 795 192 879 780 474 928 733 690 230 421 569 776 206 419 179 631 702 1036 869 862 872 1074 643 846 255 919 586 928 337 877 580 899 162 806 205 911 929 540 585 361 820 238 822 112 799 828 677 649 265 437 285 819 1074 526 441 472 1103 657 764 637 925 621 940 625 512 631 698 419 495 302 200 68 744 958 366 359 891 834 322 454 438 690 459 663 318 145 256 206 1048 487 364 278 487 83 679 451 862 689 138 219 584
412 327 216 718 457 591 272 502 252 497 133 134 305 547 682 204 364 740 0 624 505 923 392 335 340 627 624 145 323 254 622 658 265 703 520 314 298 101 323 430 493 233 493 767 518 516 611 371 627 338 373 557 483 655 488 189 378 618 450 533 641 388 378 573 224 603 413 685 289 678 525 589 177 413 476 588 192 368 693 377 364 697 172 480 767 148 715 259 92 644 339 61 204 941 431 654 449 910 549 753 115 37 308 134 141 191 342 638 459 617 669 196 206 550 666 421 303 743 85 856 296 190 331 289 560 192 595 360 727 129 271 412 429 507 483 470 300 381 369 340 377 374 618 778 588 303 728 341 144 228 654 55 345 626 607 573 724 167 257 454 392 267 448 481 411 301 408 561 312 691 838 528 762 357 696 399 721 610 775 545 512 421 650 841 647 477
657 626 836 164 525 754 532 476 874 272 519 725 765 85 61 793 293 122 624 0 301 328 745 819 626 585 438 637 331 779 164 872 854 108 139 313 367 711 323 414 609 743 828 201 151 113 687 459 415 290 422 172 305 451 271 782 738 221 537 417 820 640 360 254 824 291 1003 316 336 272 716 750 709 258 746 372 459 779 328 735 260 344 510 607 152 689 232 757 669 391 806 614 567 349 350 483 660 323 319 242 513 586 917 752 742 750 954 551 773 241 871 482 817 234 833 464 776 161 687 305 813 812 419 463 262 698 141 738 175 691 733 607 583 143 326 192 697 952 406 346 351 984 624 683 537 826 544 818 516 395 541 585 297 408 284 84 102 641 850 295 238 768 716 253 381 324 618 426 542 333 256 138 266 926 415 269 236 465 186 574 345 783 595 252 220 474
727 664 717 465 229 453 560 174 749 32 461 635 751 229 355 708 167 355 505 301 0 471 780 582 670 766 653 451 366 733 434 572 770 303 172 306 211 607 206 540 727 702 547 318 158 222 386 547 636 232 515 131 21 195 39 606 768 478 653 596 518 703 456 80 647 98 919 179 264 544 419 449 652 365 459 106 313 790 187 471 251 191 479 310 439 505 235 723 509 625 793 526 556 483 81 700 745 452 523 276 428 470 812 638 646 682 845 745 492 127 570 312 652 452 531 579 757 462 588 381 591 690 485 502 482 652 400 478 281 517 504 323 294 321 493 143 704 884 497 167 446 878 326 895 714 605 774 801 363 324 744 452 336 630 103 331 385 445 665 55 290 734 785 61 113 259 336 133 589 186 386 342 276 858 663 138 529 183 342 723 526 512 782 394 166 615
983 954 1140 368 684 875 860 615 1176 460 834 1036 1091 384 293 1107 562 208 923 328 471 0 1074 1054 954 879 722 905 655 1101 449 990 1169 226 403 628 635 1018 602 737 928 1066 1006 158 405 415 787 786 697 586 750 371 489 495 466 1059 1066 502 859 724 932 967 688 391 1101 390 1319 337 635 522 860 872 1028 586 916 466 740 1107 341 940 567 352 830 758 263 960 238 1081 952 665 1133 923 892 22 550 761 984 25 622 198 820 885 1226 1056 1052 1068 1263 839 954 345 984 753 1100 542 938 788 1102 332 995 106 1060 1114 747 790 565 1019 443 949 198 967 974 787 755 471 645 454 1025 1272 734 600 679 1294 710 950 837 1074 805 1144 797 699 825 878 620 690 382 408 263 904 1123 502 558 1092 1042 462 584 623 801 533 871 347 86 464 207 1246 671 529 452 540 149 883 657 980 885 82 305 791
113 120 396 756 814 978 222 841 422 758 337 309 122 702 784 302 612 866 392 745 780 1074 0 710 119 384 480 538 433 203 652 1050 316 851 707 481 581 346 574 350 226 191 884 938 713 674 987 289 498 551 325 770 760 965 749 527 13 615 253 412 1031 115 385 822 541 864 392 939 515 642 913 976 234 488 868 882 511 62 951 770 544 960 307 855 844 533 925 172 476 532 129 333 228 1095 728 482 140 1069 495 954 383 400 390 366 323 255 422 420 852 855 1061 537 508 553 1056 301 136 792 335 1041 663 396 327 289 541 210 644 752 904 510 659 792 803 602 447 680 91 326 340 623 394 430 981 505 374 666 527 143 496 458 443 433 469 502 864 665 821 559 571 725 531 173 88 732 722 521 790 878 203 952 1000 609 971 310 572 643 712 932 930 305 450 812 403 997 870 326
745 661 365 952 399 381 606 472 369 594 455 404 603 733 880 436 526 913 335 819 582 1054 710 0 674 959 939 212 600 530 873 395 467 865 685 562 453 365 500 748 829 526 206 898 677 706 449 696 937 543 692 691 565 639 589 190 697 886 784 849 403 721 681 663 197 671 561 743 507 952 328 381 477 681 247 614 379 673 746 146 584 742 498 360 971 187 818 550 243 949 626 395 540 1066 503 974 783 1035 845 859 417 347 449 351 393 465 457 967 205 710 410 347 229 824 428 747 596 967 375 963 51 348 647 613 842 500 840 126 860 206 86 298 332 742 782 629 621 569 684 473 677 487 497 1110 917 56 1050 622 332 476 980 320 608 935 678 796 920 198 183 553 631 554 776 595 470 518 284 558 647 742 968 767 857 553 1000 550 979 584 919 879 815 149 982 975 749 804
72 13 410 640 724 904 110 744 442 647 252 298 176 583 665 320 503 746 340 626 670 954 119 674 0 323 388 481 316 238 535 986 354 731 590 367 479 325 467 236 167 210 830 818 597 556 904 172 403 439 206 653 651 859 638 505 112 501 160 310 961 47 265 709 527 752 463 826 407 533 840 902 226 368 803 775 421 159 837 712 429 847 214 772 726 489 808 203 431 434 207 279 143 975 624 398 108 950 384 836 299 337 432 357 317 263 469 350 793 740 995 451 497 437 985 190 192 676 307 922 631 402 207 172 427 199 526 697 785 468 612 714 721 482 332 564 99 398 220 519 274 484 892 464 300 637 455 222 416 355 371 370 352 405 751 546 702 502 560 616 413 211 119 620 620 411 714 774 85 838 881 490 854 378 478 533 601 829 811 238 339 758 346 878 753 226
276 336 732 514 900 1114 354 895 766 735 504 616 489 587 595 643 621 681 627 585 766 879 384 959 323 0 158 750 422 560 433 1213 676 689 623 485 637 638 603 235 160 533 1084 783 635 573 1090 266 185 555 281 692 753 960 727 809 388 377 177 172 1178 287 321 771 837 817 774 872 550 363 1055 1111 548 400 1038 870 630 445 885 965 522 898 460 966 618 772 812 525 718 219 510 570 425 902 752 129 244 883 265 826 545 611 754 674 636 586 790 46 1039 784 1219 666 809 350 1200 216 505 552 616 884 922 723 325 348 323 521 446 954 760 755 885 923 919 468 275 627 418 708 294 663 331 804 1056 151 51 930 147 524 651 532 69 638 441 191 813 503 618 768 870 721 477 531 300 705 763 547 927 894 316 888 827 458 850 690 234 637 439 948 762 85 246 1015 23 820 781 163
367 397 770 355 815 1041 372 799 806 621 491 647 564 453 443 689 528 527 624 438 653 722 480 939 388 158 0 726 352 621 280 1147 733 539 497 408 560 660 518 193 262 590 1038 633 510 444 1004 257 26 467 250 564 644 843 614 813 480 223 228 91 1106 367 259 646 846 692 851 740 475 205 985 1037 589 300 980 754 578 537 752 921 427 767 452 888 460 758 670 588 710 61 593 576 444 745 653 47 346 727 130 680 523 600 811 700 668 632 849 117 988 654 1151 615 823 209 1126 212 580 393 635 732 909 756 293 336 179 565 297 913 613 745 858 854 846 337 170 510 487 786 255 577 264 867 962 246 125 919 122 608 612 476 103 622 359 32 687 360 463 741 879 614 376 596 409 591 669 469 861 786 345 756 673 323 705 765 91 536 280 837 610 190 134 972 162 665 645 163
554 469 290 758 344 449 402 401 315 452 246 259 447 553 698 318 349 742 145 637 451 905 538 212 481 750 726 0 389 389 672 513 370 699 513 357 273 218 315 536 627 373 349 747 508 524 478 485 724 350 480 534 430 566 445 155 524 680 577 636 497 529 468 527 197 548 505 628 308 745 384 447 318 473 331 514 179 513 634 232 387 634 289 351 788 54 680 399 76 737 479 205 341 921 370 761 589 889 634 720 205 144 389 230 258 323 415 756 314 574 524 155 201 616 523 537 444 776 216 826 187 263 435 402 632 335 641 216 708 67 135 280 303 544 570 458 446 488 472 305 465 449 495 902 707 199 838 480 125 268 769 113 401 722 554 603 740 21 217 408 429 406 592 444 342 320 274 474 443 631 819 568 724 466 788 379 776 516 762 672 603 276 773 824 609 593
365 313 520 399 477 694 211 474 559 339 199 402 436 273 381 468 205 453 323 331 366 655 433 600 316 422 352 389 0 448 299 797 527 429 274 63 215 395 181 187 362 412 685 510 280 244 667 181 345 137 151 337 349 561 330 505 423 296 288 270 759 342 101 395 544 439 674 511 127 358 636 691 379 90 628 472 227 457 522 570 116 533 182 544 459 430 492 426 392 352 478 297 237 675 336 394 380 647 246 521 207 289 593 437 421 421 632 412 636 424 802 264 528 229 780 217 447 426 370 612 577 498 119 144 243 367 275 563 474 423 516 505 499 195 185 249 372 621 133 241 92 659 635 567 372 588 472 489 267 125 418 300 36 342 438 263 422 402 574 314 98 437 424 311 342 124 510 484 231 524 576 212 538 596 403 228 398 539 507 367 220 621 442 575 437 261
286 227 193 830 710 838 267 752 218 718 274 130 81 717 829 100 574 901 254 779 733 1101 203 530 238 560 621 389 448 0 725 896 117 875 706 473 521 172 531 450 400 35 718 952 708 686 864 379 634 526 404 757 711 898 709 340 193 702 398 538 885 272 446 791 347 827 235 907 481 745 773 836 80 528 717 825 426 151 917 611 536 923 271 734 903 369 918 34 316 663 96 212 213 1121 666 635 323 1092 598 953 304 278 194 178 137 66 230 588 693 831 908 441 313 633 910 414 69 862 173 1050 480 196 382 330 631 82 708 592 914 344 491 665 683 641 537 665 141 175 411 565 451 246 872 694 538 481 693 93 391 415 610 307 482 636 829 710 869 410 375 678 543 30 288 697 650 490 660 805 281 916 1020 656 966 151 709 608 806 856 952 475 553 647 581 1020 854 458
551 538 819 105 639 871 461 602 857 401 498 698 695 206 162 760 365 248 622 164 434 449 652 873 535 433 280 672 299 725 0 987 817 260 262 315 427 694 379 302 482 689 917 353 276 212 815 363 255 331 330 318 431 604 397 800 646 57 417 275 938 539 279 403 840 445 958 479 365 111 826 868 666 209 843 520 494 694 491 813 288 506 475 719 195 718 397 698 686 229 733 596 513 471 462 323 546 451 173 403 506 587 887 736 718 710 926 395 863 399 988 525 826 98 954 353 708 140 668 452 857 797 343 395 116 649 34 811 334 714 786 705 687 132 205 298 620 901 318 422 274 952 759 521 389 870 380 747 546 405 383 595 277 248 439 103 186 680 869 411 242 709 607 376 488 354 715 566 459 496 394 107 428 876 251 356 106 611 329 434 211 863 440 386 382 346
1058 974 754 1033 349 119 893 397 762 600 735 765 959 794 927 812 629 922 658 872 572 990 1050 395 986 1213 1147 513 797 896 987 0 852 870 736 739 587 724 630 980 1115 884 189 861 723 779 204 950 1137 683 932 703 566 496 601 575 1037 1021 1054 1068 58 1032 897 635 591 616 956 653 672 1090 162 122 829 850 182 531 584 1026 649 284 725 638 777 267 1011 526 762 909 580 1137 989 717 842 995 526 1190 1091 967 1028 798 688 651 842 723 759 829 853 1208 202 670 16 548 620 977 61 997 955 1034 726 885 446 733 888 872 1003 848 952 304 831 551 406 292 303 859 977 691 959 961 918 575 889 883 282 1362 1165 452 1269 989 572 681 1216 618 787 1133 624 888 957 491 578 579 777 916 1101 620 499 678 286 465 934 643 917 884 785 943 1184 632 1089 450 892 1145 1013 252 1235 928 709 1050
403 342 102 921 711 809 369 762 113 760 335 135 194 786 908 62 622 975 265 854 770 1169 316 467 354 676 733 370 527 117 817 852 0 944 767 542 560 164 579 556 518 144 667 1016 768 755 847 484 745 584 506 812 748 919 751 278 306 799 512 648 848 389 541 835 271 867 151 948 536 846 745 807 151 613 680 854 456 259 957 570 601 961 345 722 987 336 972 151 294 772 193 248 306 1188 697 749 440 1158 701 1009 351 299 77 141 123 107 115 704 650 878 865 462 238 729 874 523 180 951 181 1110 415 119 479 427 730 171 797 549 977 312 446 651 674 722 638 721 258 118 511 603 545 136 865 812 654 413 809 183 410 471 725 320 559 746 870 791 949 389 294 717 616 146 403 742 676 547 644 825 389 956 1086 739 1019 95 820 657 903 873 1020 592 657 600 698 1087 905 570
764 731 919 220 532 751 635 473 956 281 609 812 865 158 101 883 350 52 703 108 303 226 851 865 731 689 539 699 429 875 260 870 944 0 186 403 425 796 387 522 717 840 849 94 191 189 675 566 515 365 529 177 314 410 283 849 843 317 645 523 814 747 466 234 892 258 1094 255 413 358 721 747 803 362 763 345 527 882 265 767 343 281 604 613 150 752 149 854 739 489 907 700 666 246 370 583 768 219 424 145 597 665 1003 834 829 842 1040 654 795 203 867 544 887 339 825 572 876 199 772 197 865 894 523 565 366 793 243 773 75 758 781 625 597 249 434 241 799 1046 513 396 457 1071 605 781 643 879 639 918 584 477 643 660 393 508 250 192 104 700 916 316 332 866 823 272 404 402 638 407 647 271 149 246 172 1020 507 320 307 435 79 681 452 811 698 147 168 582
634 587 736 297 387 618 485 343 772 140 434 634 705 58 199 705 164 229 520 139 172 403 707 685 590 623 497 513 274 706 262 736 767 186 0 233 239 614 201 415 611 672 689 248 13 52 556 440 477 183 404 69 171 348 137 663 698 308 536 451 685 614 340 149 705 195 918 250 231 372 578 615 630 236 607 260 340 731 262 597 169 275 435 470 289 566 218 688 553 462 747 520 504 421 211 544 646 391 367 248 417 482 823 652 649 668 859 597 634 161 735 358 701 289 699 461 715 299 592 344 683 710 386 418 320 623 228 600 209 571 600 467 444 159 348 56 645 873 386 212 330 890 498 743 573 696 614 758 398 296 593 475 238 471 190 158 236 515 729 157 177 700 695 116 242 220 479 304 505 265 318 176 264 847 497 135 357 349 254 593 378 644 638 321 165 485
421 363 523 407 414 634 258 411 561 281 206 411 472 244 369 480 142 433 314 313 306 628 481 562 367 485 408 357 63 473 315 739 542 403 233 0 153 398 117 250 425 439 634 478 237 213 604 244 399 74 214 290 288 500 271 485 471 323 351 329 699 398 163 341 526 384 691 458 66 389 577 631 400 119 573 412 184 500 469 521 64 479 202 483 453 402 450 455 371 402 514 300 270 648 272 451 439 619 294 481 200 277 603 438 428 439 640 474 583 374 743 218 514 262 720 281 481 429 373 577 544 499 180 197 281 391 286 516 440 399 477 446 438 193 238 199 414 643 197 177 154 670 571 628 434 556 529 524 231 90 479 281 49 395 384 258 411 367 555 253 78 467 480 253 279 61 452 421 284 470 546 215 496 617 451 167 419 476 479 430 274 572 505 547 390 324
542 471 513 500 262 480 370 267 547 199 252 425 543 282 428 497 75 469 298 367 211 635 581 453 479 637 560 273 215 521 427 587 560 425 239 153 0 398 48 402 565 491 493 477 234 253 452 386 550 99 361 264 189 384 190 424 569 449 495 483 546 517 316 275 467 307 710 388 87 519 425 477 441 264 425 305 107 586 397 386 142 402 275 330 519 327 418 512 317 551 584 315 353 651 147 604 566 620 441 457 217 261 606 432 437 471 640 627 440 319 591 118 464 397 566 428 548 514 379 561 446 486 321 323 420 442 393 384 437 333 367 294 285 294 390 184 501 673 345 43 307 672 423 781 587 459 682 591 162 124 632 247 201 546 310 344 469 275 490 157 194 523 598 183 140 91 302 296 404 396 549 320 464 648 598 106 534 350 489 579 426 436 658 553 349 475
393 312 125 795 551 667 290 600 163 598 196 41 239 638 767 104 463 830 101 711 607 1018 346 365 325 638 660 218 395 172 694 724 164 796 614 398 398 0 421 469 491 162 547 862 613 606 696 402 666 431 413 655 585 755 589 182 333 684 462 570 713 371 432 674 201 704 312 786 383 739 602 665 112 485 545 689 293 309 794 439 453 798 221 568 851 197 814 187 144 688 266 98 216 1036 533 685 431 1006 602 851 199 136 209 42 41 105 244 656 521 718 736 297 172 615 738 449 233 821 25 954 317 102 377 327 621 136 670 419 823 172 320 498 518 587 536 566 259 281 413 441 433 276 709 785 605 320 753 264 246 319 674 156 423 666 708 655 810 239 234 555 475 193 416 581 512 394 492 661 323 793 933 607 861 256 739 498 789 709 869 553 561 476 661 935 746 503
526 460 539 452 298 522 356 293 575 187 257 444 545 238 384 516 42 428 323 323 206 602 574 500 467 603 518 315 181 531 379 630 579 387 201 117 48 421 0 368 540 499 540 444 197 209 488 359 507 52 331 234 186 392 178 462 562 401 468 444 588 502 281 259 505 296 730 376 60 471 468 519 452 220 472 308 139 584 386 434 95 392 272 369 474 367 393 519 352 507 587 331 350 619 158 563 548 588 398 430 229 285 630 457 457 485 665 590 487 300 634 159 500 350 607 398 552 467 399 533 491 513 294 303 374 450 345 432 405 371 413 339 327 246 348 148 498 690 314 59 272 696 454 744 552 504 641 596 197 118 594 275 162 503 298 296 425 318 529 151 148 531 583 165 161 58 347 309 388 385 516 272 440 664 553 77 485 364 454 548 384 484 622 519 326 442
248 241 583 406 664 879 186 661 620 510 298 459 405 390 444 507 388 529 430 414 540 737 350 748 236 235 193 536 187 450 302 980 556 522 415 250 402 469 368 0 198 416 858 614 425 369 854 71 197 321 57 483 526 736 502 620 345 264 124 102 943 236 86 555 653 601 685 664 314 297 821 876 407 179 807 646 399 396 676 740 291 689 258 731 497 565 622 419 517 219 441 383 256 759 519 225 247 735 149 643 331 407 631 509 480 451 670 228 810 576 986 436 630 203 965 51 420 442 444 718 717 567 100 142 191 385 297 730 584 552 670 689 684 275 96 407 328 622 64 428 96 692 822 381 185 727 301 455 426 299 237 429 208 197 599 330 477 552 686 492 250 428 306 481 528 311 693 665 169 679 670 275 664 599 269 407 364 719 601 183 103 790 255 665 579 75
116 180 577 580 825 1024 225 832 610 699 383 465 329 588 635 487 567 721 493 609 727 928 226 829 167 160 262 627 362 400 482 1115 518 717 611 425 565 491 540 198 0 375 971 810 621 567 1012 180 284 499 212 680 711 923 691 668 229 435 75 212 1085 128 273 749 692 795 615 860 481 446 962 1021 394 375 935 834 533 287 872 852 476 884 340 883 678 642 820 366 586 319 350 434 288 950 697 258 86 928 310 841 429 483 595 524 484 431 631 193 930 772 1123 568 663 386 1108 150 345 618 471 914 789 570 245 245 366 367 484 839 781 622 761 831 833 472 283 600 259 548 230 598 283 644 988 296 149 795 301 365 543 446 217 514 391 288 793 525 665 647 725 677 442 371 147 670 701 481 834 846 183 875 864 471 862 530 353 590 521 901 795 78 271 900 181 859 776 136
263 198 207 795 687 823 231 726 236 687 242 122 76 682 793 113 541 866 233 743 702 1066 191 526 210 533 590 373 412 35 689 884 144 840 672 439 491 162 499 416 375 0 710 917 674 651 845 344 602 493 369 724 680 870 677 339 179 666 368 506 871 247 410 759 350 796 270 875 448 710 757 821 56 492 704 795 398 147 885 600 502 892 236 714 867 358 885 25 303 630 105 186 177 1086 637 605 301 1057 563 919 273 255 222 176 134 63 259 560 682 799 896 415 317 598 896 381 71 826 158 1016 477 205 346 295 596 49 672 581 880 333 483 646 663 605 502 631 117 211 376 535 415 277 850 671 510 479 665 107 366 383 581 285 447 603 798 674 833 394 380 647 508 33 271 665 622 457 642 778 247 885 985 620 932 186 677 576 771 829 917 448 518 638 555 985 821 426
903 818 567 980 322 197 746 392 574 568 588 589 786 744 887 631 552 901 493 828 547 1006 884 206 830 1084 1038 349 685 718 917 189 667 849 689 634 493 547 540 858 971 710 0 861 678 723 284 818 1031 592 806 673 534 538 566 389 871 942 916 953 203 877 780 622 402 616 767 673 569 1012 166 198 657 752 91 541 459 855 673 119 635 665 631 250 977 351 769 735 408 1037 813 554 689 1015 481 1078 938 985 928 809 543 492 654 542 581 652 664 1085 54 665 204 423 433 890 226 868 781 987 552 906 257 548 760 736 912 677 883 133 826 376 227 224 253 785 870 636 793 774 794 494 774 694 351 1235 1038 262 1156 811 433 562 1095 460 683 1028 624 826 923 328 389 536 687 740 941 580 448 578 211 476 788 668 925 810 801 756 1086 565 1023 484 888 1011 906 72 1107 934 705 922
854 817 983 303 539 743 720 472 1019 304 681 882 947 237 191 953 404 114 767 201 318 158 938 898 818 783 633 747 510 952 353 861 1016 94 248 478 477 862 444 614 810 917 861 0 248 266 660 656 608 431 619 213 334 377 309 901 929 410 738 617 804 836 555 239 943 246 1166 214 479 448 721 740 877 450 771 330 582 967 221 789 415 236 681 616 214 801 99 933 794 581 989 768 746 174 395 676 859 143 518 72 665 729 1071 900 897 916 1107 747 807 196 856 595 942 433 812 664 957 275 840 104 904 957 611 650 460 870 337 797 39 809 817 638 608 340 528 297 883 1120 602 442 546 1138 585 873 737 917 731 1000 639 545 736 720 474 601 238 285 182 746 965 345 412 944 914 305 429 468 652 396 734 228 71 338 96 1094 598 371 391 413 36 775 546 830 792 76 155 675
642 593 735 310 375 605 491 330 771 126 435 634 709 71 209 705 159 236 518 151 158 405 713 677 597 635 510 508 280 708 276 723 768 191 13 237 234 613 197 425 621 674 678 248 0 66 543 449 490 183 413 58 158 334 123 658 704 322 546 463 671 621 349 136 701 182 919 239 231 386 566 602 632 245 595 247 336 736 251 587 172 264 438 457 299 561 213 691 549 476 751 520 507 422 199 557 654 392 380 244 417 480 823 651 649 669 858 609 623 151 722 352 697 302 686 470 718 311 591 342 675 709 393 425 333 626 242 590 209 567 592 456 432 172 360 49 650 874 395 205 339 890 484 755 584 689 627 761 394 297 605 472 245 484 178 172 246 509 724 144 184 703 702 103 230 220 468 290 512 254 319 189 259 848 511 129 370 336 257 604 390 633 650 322 157 496
596 554 730 257 430 662 454 390 767 189 419 623 680 31 174 693 180 224 516 113 222 415 674 706 556 573 444 524 244 686 212 779 755 189 52 213 253 606 209 369 567 651 723 266 66 0 603 400 425 179 363 119 219 401 185 669 665 256 492 400 729 577 299 202 712 247 905 299 226 321 620 659 613 193 643 313 346 701 311 626 153 325 415 512 265 576 254 667 558 410 722 510 479 434 252 491 606 405 315 279 407 478 814 646 639 652 851 546 668 211 779 368 705 236 744 417 690 265 583 368 700 705 349 386 267 604 178 628 230 578 620 504 483 107 299 88 617 856 346 234 289 881 547 690 522 713 561 733 404 288 541 475 208 419 242 110 215 527 737 200 145 678 657 163 281 214 515 355 471 315 334 123 298 830 445 159 310 402 266 545 327 674 587 334 210 439
973 894 758 851 190 96 801 213 776 417 653 736 914 615 739 796 476 727 611 687 386 787 987 449 904 1090 1004 478 667 864 815 204 847 675 556 604 452 696 488 854 1012 845 284 660 543 603 0 836 991 538 813 515 385 292 419 588 974 855 944 932 145 947 768 441 616 417 972 450 539 923 122 94 788 704 206 331 483 974 446 303 576 434 690 132 819 510 560 870 553 987 950 662 764 791 356 1050 1002 763 879 596 606 592 855 707 736 799 874 1079 253 472 197 452 639 819 151 880 914 848 691 681 489 733 772 767 847 801 781 325 632 535 418 198 184 694 835 517 897 963 797 428 759 907 78 1233 1039 500 1127 952 491 565 1083 560 650 986 426 714 767 458 615 404 628 878 1023 440 335 543 203 267 840 440 714 717 581 941 1030 471 913 247 692 1030 871 306 1110 725 510 928
197 175 513 469 648 854 116 652 550 520 241 390 336 424 495 436 386 578 371 459 547 786 289 696 172 266 257 485 181 379 363 950 484 566 440 244 386 402 359 71 180 344 818 656 449 400 836 0 265 318 36 507 531 742 511 559 283 330 108 168 916 180 100 572 590 617 613 685 301 367 793 851 336 207 773 654 365 331 697 699 296 709 199 709 555 511 654 348 460 289 372 320 186 808 516 284 205 783 219 679 280 350 560 442 411 380 599 270 773 598 956 401 566 266 939 51 350 504 377 760 662 498 64 83 257 314 354 688 624 496 620 661 661 316 162 424 259 552 54 418 111 620 810 417 221 671 357 386 384 271 284 376 211 265 616 377 531 503 623 496 266 357 257 491 521 301 665 665 98 700 715 321 699 528 338 410 432 721 646 196 174 749 289 712 606 107
386 411 778 329 803 1030 380 785 815 604 493 655 579 433 418 699 515 502 627 415 636 697 498 937 403 185 26 724 345 634 255 1137 745 515 477 399 550 666 507 197 284 602 1031 608 490 425 991 265 0 455 254 544 627 824 597 816 498 198 245 97 1095 384 256 627 850 672 865 718 466 178 975 1026 599 287 972 735 573 554 731 916 415 746 455 877 434 758 647 601 711 36 609 580 451 719 638 68 366 702 113 657 523 601 822 706 676 643 860 143 981 633 1141 609 828 189 1115 221 595 367 641 707 909 763 295 340 158 576 274 908 589 746 856 845 835 318 161 493 502 801 257 565 260 880 948 268 150 919 137 624 608 470 128 622 350 6 667 338 437 739 883 599 363 610 429 574 656 459 852 769 355 735 648 302 682 779 75 522 254 820 585 214 125 967 188 640 624 176
494 433 553 409 349 574 329 340 590 208 252 450 533 210 350 522 68 402 338 290 232 586 551 543 439 555 467 350 137 526 331 683 584 365 183 74 99 431 52 321 499 493 592 431 183 179 538 318 455 0 288 230 214 425 198 492 540 351 426 394 640 471 234 272 534 313 735 389 48 420 520 571 449 167 524 337 170 566 400 484 43 409 259 422 439 400 391 511 379 454 575 337 333 604 199 511 513 574 345 426 233 300 640 469 465 486 676 541 539 308 686 197 526 298 660 354 541 426 408 525 531 528 254 270 322 444 298 481 392 401 457 391 380 199 296 138 479 691 270 110 224 707 501 695 503 544 589 584 226 113 544 296 113 451 313 254 392 356 560 179 95 523 553 181 207 37 399 347 357 401 502 224 439 665 501 93 437 402 437 503 332 534 574 504 328 396
234 208 529 436 624 834 137 625 566 487 241 405 366 388 459 455 356 542 373 422 515 750 325 692 206 281 250 480 151 404 330 932 506 529 404 214 361 413 331 57 212 369 806 619 413 363 813 36 254 288 0 471 499 711 478 563 318 300 137 159 897 217 64 538 596 583 639 650 275 341 774 831 356 170 757 622 349 364 662 687 263 674 201 687 520 509 618 374 460 274 403 326 202 771 487 282 242 746 194 642 275 350 581 454 425 400 620 279 759 563 938 385 573 234 919 67 380 470 388 723 661 512 45 86 228 335 320 677 587 495 614 642 640 279 133 389 290 578 18 391 74 642 784 430 233 670 357 417 373 251 290 373 179 253 581 341 496 497 629 465 231 384 294 458 493 273 646 635 128 665 679 285 662 554 325 378 403 690 609 217 150 738 302 675 570 117
700 650 774 336 360 584 547 306 809 105 483 677 762 113 223 749 193 227 557 172 131 371 770 691 653 692 564 534 337 757 318 703 812 177 69 290 264 655 234 483 680 724 673 213 58 119 515 507 544 230 471 0 139 286 107 687 760 368 605 520 650 679 408 85 729 128 963 181 276 429 550 581 680 304 588 202 370 790 193 590 226 206 489 441 307 588 161 742 581 527 804 564 560 387 193 611 712 356 435 196 461 520 864 691 691 716 899 665 618 92 701 381 728 355 663 529 770 332 633 298 693 748 451 481 385 675 286 596 173 596 608 449 422 226 417 92 704 921 453 228 397 931 452 810 641 707 680 814 426 343 661 509 301 538 123 215 254 532 751 139 242 753 760 95 227 267 462 253 569 196 285 241 208 895 560 158 405 294 229 662 446 634 706 290 100 555
708 645 695 467 220 448 541 171 727 33 440 613 730 230 360 686 148 366 483 305 21 489 760 565 651 753 644 430 349 711 431 566 748 314 171 288 189 585 186 526 711 680 534 334 158 219 385 531 627 214 499 139 0 211 34 585 749 474 637 584 514 685 441 99 627 120 897 201 244 540 412 445 631 353 448 123 291 770 209 455 236 213 458 302 446 484 254 701 488 617 772 504 536 501 61 691 728 470 514 295 407 448 790 616 624 661 823 733 480 146 565 290 630 445 528 564 736 467 566 400 572 668 468 484 474 631 397 463 297 496 485 310 283 315 481 136 684 862 481 145 431 856 328 884 701 586 765 779 341 303 733 430 320 622 124 329 393 424 645 35 276 712 767 55 94 240 323 142 571 208 403 337 296 836 657 121 528 194 357 709 515 498 770 410 184 600
