264
0 718 343 90 737 679 127 479 639 285 783 406 580 257 581 192 484 795 664 278 262 380 936 332 737 732 247 865 468 760 559 693 310 215 726 86 341 559 311 318 643 317 552 405 838 889 792 151 380 559 181 769 204 644 752 708 689 164 619 321 617 403 596 124 624 649 195 822 384 700 555 217 921 614 280 116 884 408 695 522 259 79 150 350 135 214 698 258 800 366 654 221 730 224 306 355 722 626 175 413 795 719 834 276 292 619 897 486 350 306 819 732 575 466 620 329 688 379 601 759 564 329 299 566 649 303 458 319 372 388 212 328 84 664 253 521 327 457 243 357 706 374 623 302 419 243 801 435 847 610 345 695 772 184 834 80 655 840 509 585 560 483 166 718 705 521 592 491 465 361 603 468 175 72 780 115 611 525 119 64 45 526 305 837 510 689 591 684 267 625 166 552 209 314 188 367 445 107 302 141 470 316 570 226 438 338 484 409 563 660 779 580 585 695 489 422 187 580 348 240 212 127 197 475 608 195 101 570 539 511 783 624 526 494 531 175 192 577 439 158 568 237 255 669 446 601 309 100 288 685 245 813 353 594 252 242 234 787 591 488 712 255 488 213
718 0 538 696 212 733 668 748 83 1002 519 350 167 846 708 672 299 250 249 543 748 978 370 1034 321 24 958 464 253 149 914 77 1017 581 392 763 919 515 1022 1011 358 456 208 968 217 362 321 590 430 159 567 413 898 124 220 742 600 818 701 749 894 378 420 633 96 99 800 539 513 747 266 505 417 104 438 659 379 519 675 234 553 797 576 509 583 926 135 621 562 710 891 651 452 586 999 604 132 93 600 314 207 823 464 994 556 184 390 349 788 462 414 867 286 366 179 1001 322 919 945 633 350 1041 453 616 196 772 736 407 1089 363 930 420 664 141 719 404 677 517 872 428 478 350 101 416 305 916 370 449 456 328 374 182 993 651 265 673 351 452 827 994 847 608 567 499 295 355 714 376 448 901 452 301 792 714 286 791 679 231 825 759 758 943 513 219 515 555 265 732 580 632 594 313 556 536 687 966 468 645 841 580 399 432 247 774 786 632 910 423 819 578 537 980 417 760 234 406 580 178 370 944 925 644 521 281 287 598 691 191 434 331 291 536 196 292 770 877 809 372 353 585 307 505 683 468 280 459 409 775 438 167 475 450 608 133 466 954 951 606 476 390 720 486 372 574
343 538 0 265 654 855 401 715 456 564 832 393 371 588 773 457 239 714 611 432 222 720 861 560 706 560 508 863 358 641 841 482 636 402 731 327 675 662 565 653 649 390 467 739 725 829 745 337 443 404 345 773 543 425 669 879 802 343 798 599 876 161 265 218 465 443 525 869 43 876 292 211 876 443 257 229 834 65 840 446 422 410 304 28 262 481 584 105 864 613 902 148 763 416 642 546 603 467 380 345 693 921 842 582 458 532 848 496 638 381 809 948 294 181 530 670 668 706 883 867 576 582 140 719 393 596 695 205 643 189 526 358 358 430 533 199 138 579 583 119 757 236 474 267 341 431 776 516 847 605 249 605 1025 435 747 365 341 841 771 887 816 651 319 776 669 538 783 189 543 687 265 237 305 393 721 458 781 307 458 407 356 827 434 725 166 781 552 858 78 770 362 542 367 32 195 707 539 236 622 242 515 154 311 539 702 549 784 470 808 771 838 879 632 878 377 470 160 362 256 573 538 377 238 257 581 147 254 476 206 227 726 281 355 247 763 425 317 260 445 338 554 334 159 331 280 263 257 332 302 588 274 821 73 458 238 565 519 875 668 179 873 333 515 132
90 696 265 0 741 746 201 556 614 315 822 414 546 347 651 268 437 800 674 325 176 468 946 338 754 712 265 892 455 755 646 662 371 267 752 69 430 606 328 387 667 343 550 495 836 901 806 190 408 538 218 796 279 609 757 774 741 127 686 405 700 352 526 63 605 618 286 861 308 768 506 193 938 591 270 39 899 330 755 520 307 146 174 277 135 234 693 172 842 444 735 133 764 278 376 418 716 607 228 406 795 792 863 323 344 618 912 506 436 331 843 808 522 408 619 406 708 470 688 812 588 347 252 626 605 390 536 289 400 345 263 341 151 625 336 454 237 505 331 301 743 345 606 292 411 224 821 472 875 630 324 696 856 255 839 152 592 868 592 674 642 544 195 757 720 544 661 430 502 451 530 424 115 159 791 203 675 487 195 152 91 615 347 835 431 736 603 751 187 684 213 569 249 238 98 455 486 51 392 126 499 272 522 315 521 406 573 439 644 712 820 669 619 764 476 448 124 544 329 307 273 191 185 434 623 121 11 566 468 455 795 544 500 447 608 181 135 512 455 197 585 260 165 596 416 528 295 79 291 684 245 842 266 580 237 301 266 835 632 424 776 274 512 143
737 212 654 741 0 561 653 627 246 1020 311 331 324 799 558 636 439 60 84 498 836 918 209 1069 112 193 984 252 299 76 791 284 1006 553 188 800 859 365 1048 990 183 427 193 897 111 176 110 590 375 256 561 202 886 314 15 564 416 868 540 674 753 495 603 683 211 286 765 328 640 572 434 550 226 240 471 709 184 653 495 221 514 809 586 625 610 952 83 713 355 620 742 733 250 553 979 520 80 212 583 335 64 651 251 998 502 124 198 267 707 437 202 697 463 510 125 969 129 846 815 437 218 1067 535 464 393 703 620 473 1105 464 936 409 665 341 663 568 786 404 835 535 283 424 197 450 333 964 158 358 243 175 429 48 831 620 97 674 548 240 706 876 715 481 571 302 96 247 562 530 342 831 635 431 850 711 76 782 519 373 826 762 781 832 465 108 675 368 152 558 673 466 584 203 540 642 760 907 368 690 780 615 305 515 419 728 680 552 806 354 683 399 332 861 263 587 278 338 645 340 423 934 923 634 555 408 149 670 739 180 604 489 82 719 306 435 637 909 870 551 302 583 189 500 773 663 374 642 449 814 451 66 497 237 727 201 504 951 969 403 316 544 540 482 278 648
679 733 855 746 561 0 552 229 712 871 309 495 740 542 100 488 773 574 491 433 915 587 628 956 461 723 867 447 597 635 315 779 785 482 386 766 544 224 917 747 380 465 548 542 654 572 505 560 419 654 538 398 693 774 565 29 151 844 60 391 238 764 971 724 669 754 557 329 871 21 819 648 560 688 598 741 550 896 74 537 447 706 586 838 634 843 608 842 284 327 207 832 330 469 740 328 622 672 519 561 615 90 412 821 409 549 554 418 390 473 443 136 855 822 554 701 431 501 317 175 385 931 717 138 842 425 243 661 937 719 778 501 598 809 443 903 932 279 591 765 288 659 654 593 571 910 467 350 434 404 627 564 272 495 601 600 963 429 263 398 234 206 565 274 465 392 90 855 330 497 998 754 853 612 527 634 73 744 687 654 719 382 423 651 973 199 468 6 819 101 535 426 508 826 826 583 325 718 489 653 375 710 815 503 298 341 381 398 201 161 287 383 315 27 595 404 737 754 621 734 749 556 627 738 445 766 753 560 940 835 525 1066 678 777 189 830 871 923 451 555 428 525 879 1052 673 1001 604 780 554 574 581 403 913 629 616 766 833 229 256 864 46 523 392 760
127 668 401 201 653 552 0 355 594 373 666 328 550 198 454 66 479 708 575 164 376 337 844 438 639 678 348 757 415 687 451 656 354 102 619 214 285 438 409 344 539 226 481 346 760 793 695 82 281 510 100 661 233 613 668 580 564 292 492 207 500 411 626 200 571 612 140 705 436 573 550 214 821 567 244 207 786 462 568 450 146 169 108 399 139 318 626 340 680 243 535 313 617 107 332 228 650 574 70 353 715 593 724 346 173 543 798 390 242 216 713 607 577 480 545 334 589 308 494 634 463 426 312 439 634 197 334 305 456 383 284 251 50 638 138 547 422 336 210 376 590 351 568 261 363 365 700 325 739 510 313 616 655 56 748 49 670 732 392 489 442 356 107 600 610 421 464 510 353 288 639 460 302 66 688 128 483 505 174 116 168 429 195 758 562 567 503 556 335 498 73 457 114 369 293 324 331 187 223 158 366 322 561 139 321 211 386 307 443 536 661 482 474 568 434 321 243 554 315 281 269 26 185 461 515 264 210 500 573 520 691 675 488 488 407 290 319 597 350 85 473 162 355 705 417 639 272 228 231 608 202 703 431 537 226 297 324 664 474 510 584 181 388 271
479 748 715 556 627 229 355 0 703 645 471 430 703 314 133 288 696 661 545 287 732 364 755 732 555 746 645 601 547 692 166 773 556 314 496 564 317 269 691 518 450 354 541 323 736 697 610 387 339 628 373 525 466 752 637 257 316 639 178 167 163 662 884 547 664 738 333 502 741 246 756 504 701 676 477 560 680 767 276 519 294 493 418 705 466 622 647 680 463 112 186 661 459 300 510 174 667 667 343 493 691 244 564 593 261 569 688 399 161 358 579 253 790 728 573 472 511 277 198 373 412 705 591 188 806 199 20 548 708 621 553 400 405 785 228 808 767 231 363 649 417 565 653 480 505 696 588 300 585 452 527 613 309 302 696 404 898 578 79 249 106 146 400 414 544 395 140 763 300 271 905 676 654 408 621 416 183 687 468 443 513 205 294 733 857 347 494 234 665 229 361 440 349 684 646 359 279 537 260 486 349 589 758 280 71 166 184 334 92 302 455 234 367 235 554 349 575 714 523 506 523 367 477 665 483 601 565 557 842 753 621 962 635 702 52 614 670 841 404 384 450 384 705 967 602 908 493 576 436 616 447 548 762 622 484 539 609 421 322 768 272 389 375 601
639 83 456 614 246 712 594 703 0 922 530 287 88 777 677 603 219 295 254 478 665 912 430 952 342 103 876 496 179 202 869 70 940 512 404 681 853 489 941 936 353 391 166 904 281 413 355 515 373 83 493 432 823 70 257 725 590 735 675 689 855 296 359 551 43 43 729 555 432 728 195 424 467 28 359 576 426 439 660 184 487 717 499 427 503 845 162 537 573 656 857 567 460 517 924 550 171 41 527 242 260 801 490 915 494 171 439 307 729 396 444 843 220 288 166 928 330 856 901 631 327 959 370 587 149 710 689 325 1009 279 851 351 587 101 655 332 594 475 801 345 479 268 59 338 232 833 401 403 486 316 293 203 964 581 319 597 303 481 781 945 805 569 491 501 310 322 684 301 407 837 391 219 708 637 322 715 653 150 748 681 678 892 451 282 443 548 247 712 496 611 521 286 484 453 604 899 425 563 776 499 356 348 178 706 735 576 857 371 780 565 547 932 399 740 163 355 497 101 290 867 847 570 441 199 275 515 608 152 366 257 328 476 113 212 729 795 726 308 300 510 284 432 599 417 197 398 330 693 363 185 397 474 527 83 387 876 871 610 457 315 705 414 332 491
285 1002 564 315 1020 871 373 645 922 0 1034 689 859 334 772 413 752 1076 945 538 376 362 1215 94 1012 1017 58 1130 753 1045 656 974 135 476 993 246 368 803 48 182 913 594 837 412 1123 1166 1068 429 653 843 458 1035 179 922 1035 900 917 222 815 479 737 667 829 377 908 929 315 1072 607 890 821 498 1195 898 565 355 1159 625 905 807 520 211 434 581 420 82 983 459 1044 545 783 415 989 480 179 581 1007 911 441 698 1079 887 1096 62 545 903 1172 762 485 583 1087 885 836 721 905 233 963 422 692 986 836 59 567 784 920 446 629 598 86 660 94 611 354 940 433 761 482 702 286 616 959 655 908 587 705 160 1074 698 1112 883 628 979 884 420 1116 346 902 1105 642 642 691 702 449 968 982 794 781 741 726 413 828 739 262 310 1059 251 813 801 200 259 244 598 569 1121 719 927 872 877 488 841 437 829 482 542 368 356 703 363 392 422 740 586 837 368 583 555 565 680 708 892 1027 645 847 880 774 694 439 857 632 144 122 388 481 749 886 433 323 855 770 769 1062 827 809 762 693 138 256 821 718 436 845 519 419 891 726 824 593 237 574 969 531 1076 540 880 536 110 51 1022 843 734 911 537 761 456
783 519 832 822 311 309 666 471 530 1034 0 440 590 740 354 621 671 301 275 505 962 826 322 1104 199 502 1014 138 492 386 606 584 980 568 127 864 772 232 1073 951 189 480 398 790 378 269 222 635 415 504 605 110 869 600 309 300 162 941 318 588 541 697 861 778 488 574 731 38 833 311 692 663 251 515 589 802 245 853 234 405 524 836 648 808 688 984 384 858 43 520 514 863 72 560 941 455 389 490 607 488 348 389 103 996 493 361 248 336 606 492 140 437 726 736 365 914 199 741 617 143 256 1090 693 282 679 624 474 627 1112 655 941 492 699 632 611 809 944 331 786 719 78 599 472 574 494 1027 174 349 125 233 583 337 574 615 317 705 825 121 535 693 523 349 627 65 223 294 352 764 319 731 892 657 937 732 252 782 302 619 834 783 828 665 478 374 904 124 300 304 824 246 617 293 576 811 875 818 337 779 701 702 327 678 681 681 540 484 652 384 488 169 23 677 205 330 479 377 765 606 576 916 919 658 654 635 268 794 825 400 847 731 249 972 545 671 455 956 957 808 389 628 283 562 910 932 579 898 580 879 551 352 593 97 903 459 619 942 988 96 192 777 273 550 320 779
406 350 393 414 331 495 328 430 287 689 440 0 274 496 434 324 278 389 260 192 531 628 532 738 341 356 653 487 117 358 592 356 682 234 348 471 569 281 717 671 263 107 153 618 434 487 392 259 90 205 232 391 562 326 346 515 416 541 445 402 590 273 475 360 255 316 453 477 397 515 330 231 524 259 153 386 485 419 465 122 203 478 255 369 281 621 297 420 471 371 600 429 373 237 660 266 321 258 258 65 390 575 461 670 207 215 498 104 442 114 435 611 365 327 217 656 296 569 627 478 186 735 253 358 375 423 414 187 775 228 606 78 335 358 369 407 504 221 525 284 365 167 248 135 77 636 409 146 470 222 144 290 716 304 428 344 474 463 505 664 536 312 240 383 306 146 443 360 165 551 502 259 527 383 377 456 425 258 497 432 450 609 164 432 484 391 188 497 384 400 257 158 214 370 447 616 171 365 491 287 126 238 330 424 454 290 572 100 514 386 446 651 239 521 126 91 333 284 137 609 596 307 230 243 209 360 414 171 445 340 380 571 205 283 464 579 547 428 52 253 173 170 474 556 179 506 140 485 123 281 169 439 462 216 185 624 638 482 278 369 503 151 122 343
580 167 371 546 324 740 550 703 88 859 590 274 0 741 694 568 132 378 318 454 584 878 516 883 411 189 811 570 156 288 866 116 887 478 466 614 821 516 874 887 405 367 197 876 369 496 432 468 364 88 450 498 772 63 337 756 630 663 698 669 861 213 279 483 113 73 688 618 346 758 110 362 549 84 307 507 508 352 695 203 460 659 448 342 445 780 242 457 630 643 868 489 518 485 875 540 255 112 487 215 346 826 560 856 474 229 521 323 710 369 516 867 139 200 225 883 392 829 901 678 363 893 296 609 103 686 688 260 945 203 793 323 536 88 627 246 510 485 760 264 531 205 127 288 203 761 475 409 558 363 238 278 981 545 404 546 235 553 779 938 808 578 444 553 377 348 702 213 419 810 311 134 635 587 400 665 676 64 693 627 616 882 430 370 356 591 293 741 416 640 478 320 446 370 527 866 433 496 746 439 370 275 95 672 728 563 845 369 786 603 604 925 436 768 150 356 425 16 236 814 791 524 383 116 323 441 540 191 280 169 406 395 68 125 735 728 652 227 301 465 322 393 518 344 134 317 278 626 321 260 348 543 441 131 331 821 808 663 491 227 738 375 349 416
257 846 588 347 799 542 198 314 777 334 740 496 741 0 444 174 677 848 716 305 513 138 971 424 762 853 341 853 597 844 331 842 244 265 725 320 87 510 381 210 655 389 647 151 909 917 820 279 427 693 292 763 155 802 812 571 606 379 488 155 406 610 824 373 750 799 62 777 626 560 748 412 936 749 439 370 905 652 582 617 293 225 307 590 334 323 786 512 743 224 451 478 707 260 202 291 810 753 253 534 863 553 817 280 297 701 916 532 152 383 818 551 775 678 704 175 713 123 371 671 588 394 510 470 829 119 298 503 394 582 244 425 232 829 136 745 584 420 49 574 672 546 744 455 545 410 814 443 835 636 508 768 558 196 887 224 869 828 308 338 358 393 304 676 739 553 452 709 464 105 835 658 407 195 820 147 488 699 183 196 268 284 337 907 753 624 647 548 516 524 264 595 294 557 445 125 439 357 59 351 495 520 758 71 249 260 245 445 374 584 729 336 578 549 614 461 428 746 509 192 212 225 383 657 652 443 358 666 770 718 821 867 676 686 360 329 418 795 504 282 610 348 512 902 610 835 466 328 420 763 397 798 607 712 424 225 302 712 557 708 584 365 521 456
581 708 773 651 558 100 454 133 677 772 354 434 694 444 0 390 712 581 481 344 821 497 657 856 469 702 767 489 544 628 252 746 688 389 402 668 451 195 817 650 374 387 511 454 660 600 521 467 350 611 446 423 593 735 565 129 192 745 45 292 196 694 908 631 635 716 457 382 793 120 763 563 596 651 520 647 579 818 143 495 357 606 494 758 543 743 592 754 339 227 184 741 355 376 643 234 610 638 425 500 617 148 452 722 319 524 586 372 292 394 474 178 799 755 528 605 432 410 266 243 358 831 638 93 797 326 145 586 838 650 678 427 501 768 343 836 844 212 493 690 311 590 621 517 511 810 491 288 474 388 556 553 287 398 613 502 908 468 183 339 169 124 474 304 466 355 10 789 275 404 932 692 756 513 537 534 53 690 587 555 620 311 339 656 900 231 444 105 733 107 441 395 418 743 733 492 263 624 392 562 324 633 762 403 204 244 302 334 134 186 335 323 297 113 545 343 648 707 551 635 649 460 540 677 426 676 658 525 872 773 536 997 628 717 103 730 773 861 395 462 400 439 787 989 613 936 529 681 475 559 498 439 828 594 535 667 733 293 241 797 140 439 346 672
192 672 457 268 636 488 66 288 603 413 621 324 568 174 390 0 511 688 555 137 443 310 819 485 610 680 395 719 423 676 388 668 372 90 584 278 253 390 452 354 507 216 476 310 745 766 668 122 261 519 124 625 254 629 650 517 509 355 429 143 434 450 670 264 576 625 130 659 489 509 580 258 790 575 270 273 757 516 508 445 122 221 153 452 194 366 617 403 632 176 468 378 576 86 343 171 641 579 85 360 699 527 685 377 136 533 769 369 181 209 678 541 609 519 535 333 561 267 430 579 434 469 356 381 658 139 268 338 492 417 320 251 117 656 76 591 487 289 201 420 546 377 571 284 371 423 668 291 701 482 338 602 589 23 727 115 707 694 326 430 376 297 143 555 584 395 400 551 317 247 685 491 367 123 664 161 421 528 214 168 230 370 170 743 614 516 484 493 394 439 99 435 121 424 359 297 293 252 181 215 338 363 589 103 255 149 327 282 376 483 614 422 437 504 440 298 303 573 338 302 300 82 228 489 492 325 277 494 619 556 666 726 503 519 340 345 384 637 336 121 450 175 421 751 438 685 296 291 247 596 229 665 492 539 260 325 367 612 429 553 522 192 362 330
484 299 239 437 439 773 479 696 219 752 671 278 132 677 712 511 0 496 415 420 456 816 640 768 511 322 702 672 182 414 850 243 795 427 554 506 762 555 764 800 482 342 275 820 496 615 541 397 363 183 386 591 684 186 453 792 683 547 724 630 859 87 198 375 235 203 620 703 213 793 71 271 665 209 240 397 624 220 739 265 421 563 371 211 356 671 362 329 709 618 873 364 599 437 788 524 378 236 426 213 469 854 658 756 444 327 637 361 673 340 618 890 98 71 325 803 484 778 888 739 424 782 186 636 167 641 678 174 837 97 694 296 456 193 578 137 378 500 689 139 605 135 246 228 202 643 579 424 659 437 175 391 992 487 526 465 202 653 767 914 803 589 372 625 475 396 721 93 443 758 226 20 516 504 512 582 704 69 602 538 515 855 404 497 237 651 372 775 289 676 413 382 391 241 406 803 449 390 692 345 399 168 85 612 708 540 815 378 785 654 682 903 492 800 192 370 313 122 177 724 697 453 297 36 403 323 429 277 176 62 517 302 133 9 735 618 531 149 322 395 389 339 390 278 99 230 215 516 270 373 281 638 309 237 253 726 703 733 542 107 779 325 386 299
795 250 714 800 60 574 708 661 295 1076 301 389 378 848 581 688 496 0 132 551 897 964 148 1127 113 228 1042 217 360 100 822 326 1059 607 189 859 905 393 1106 1042 210 482 253 941 80 118 79 646 428 314 618 190 939 362 44 575 425 927 560 718 778 555 655 743 265 333 817 311 700 583 488 610 171 293 531 769 130 712 505 281 567 865 644 685 669 1010 135 774 344 662 763 794 250 606 1031 565 124 265 638 396 48 663 224 1054 553 185 143 318 750 493 174 710 516 568 185 1019 150 890 843 436 261 1124 596 489 440 749 655 534 1162 524 991 466 722 386 712 623 846 444 885 595 288 485 252 510 394 1024 131 404 212 214 490 109 846 673 39 730 596 210 738 908 743 515 628 305 117 295 584 587 386 875 687 490 911 767 48 837 539 430 881 818 839 866 518 76 732 376 205 571 734 484 640 253 595 702 821 954 412 750 826 674 353 575 472 778 717 596 842 405 711 412 323 892 294 600 339 389 705 393 483 987 978 690 615 467 196 730 799 240 658 545 52 771 364 492 666 968 930 604 358 640 237 557 834 712 434 694 509 873 510 125 556 215 787 259 564 1006 1026 397 342 601 549 539 327 709
664 249 611 674 84 491 575 545 254 945 275 260 318 716 481 555 415 132 0 418 781 834 272 997 96 235 911 257 253 147 709 309 926 474 149 731 775 286 975 909 111 350 144 813 195 227 135 515 295 236 486 179 806 324 96 498 353 801 467 589 674 459 595 619 213 298 684 301 603 504 424 487 268 240 408 645 227 618 430 165 434 734 514 584 541 879 117 662 318 536 665 678 206 473 898 436 130 214 506 276 149 582 243 921 420 89 240 185 623 361 202 628 457 484 92 887 76 762 734 384 134 993 484 387 403 620 537 420 1030 423 859 336 590 356 580 551 739 320 753 493 229 376 197 387 276 896 165 274 243 93 374 73 759 540 172 598 552 237 624 794 634 399 498 250 60 163 485 509 258 746 627 404 786 635 116 704 444 355 749 686 710 749 385 192 653 307 72 490 623 394 508 120 463 596 701 824 284 625 696 548 221 465 412 645 596 467 722 272 603 333 292 779 184 519 234 256 586 334 367 854 845 558 489 381 64 612 674 138 588 471 120 709 283 413 556 838 806 542 226 509 105 427 720 662 336 633 388 746 383 83 429 225 685 187 441 873 894 358 240 522 475 409 195 592
278 543 432 325 498 433 164 287 478 538 505 192 454 305 344 137 420 551 418 0 485 435 683 602 476 549 512 592 301 539 431 546 509 63 455 360 376 282 573 491 374 87 341 425 608 631 533 134 123 395 107 496 389 512 513 459 416 438 373 214 450 377 600 294 448 505 267 544 455 454 485 220 658 450 190 313 623 481 433 312 18 333 155 419 202 482 481 409 522 198 472 399 454 57 480 114 504 451 102 239 562 492 559 508 26 396 635 232 256 84 549 516 517 445 399 471 426 377 470 486 299 591 303 304 550 232 267 262 620 337 448 130 193 541 176 523 499 180 337 361 428 285 441 195 251 522 536 160 574 347 246 465 595 122 590 199 622 567 351 493 391 226 133 439 448 259 355 479 189 359 620 400 439 229 528 289 359 423 338 281 323 435 32 605 570 412 346 436 388 361 113 297 77 401 396 423 168 289 298 221 203 302 490 233 288 122 395 145 379 386 501 482 310 454 315 161 304 462 243 437 431 153 196 392 355 333 330 360 556 474 530 675 386 427 333 451 458 560 199 128 313 97 446 683 334 622 208 375 152 459 160 539 484 409 197 458 489 511 313 484 457 102 226 327
262 748 222 176 836 915 376 732 665 376 962 531 584 513 821 443 456 897 781 485 0 622 1045 352 869 768 318 1018 537 836 821 699 477 432 879 194 592 759 366 507 794 484 643 655 920 1006 916 354 548 603 378 922 415 642 852 942 898 160 855 581 876 371 474 191 667 657 454 1001 261 937 513 300 1049 648 377 173 1008 272 919 617 469 292 330 248 283 298 775 127 987 619 911 102 899 445 497 587 797 669 396 504 883 965 991 411 508 711 1021 632 612 472 966 982 517 403 711 538 826 636 863 967 715 381 302 790 615 565 711 362 446 386 367 470 326 649 512 418 107 662 490 320 884 413 673 396 504 225 938 618 1001 753 407 788 1032 429 933 328 558 994 768 846 818 710 352 900 833 673 832 412 648 618 467 450 120 333 896 365 843 520 341 317 244 789 502 919 354 888 713 919 168 847 380 689 408 215 89 611 635 197 562 266 635 323 532 489 697 578 747 578 819 867 964 842 757 934 558 585 198 577 414 429 389 364 308 467 738 170 166 656 418 450 900 455 556 465 783 247 121 478 578 360 704 405 65 527 474 463 393 188 412 773 368 970 175 652 346 410 341 986 779 402 942 414 644 188
380 978 720 468 918 587 337 364 912 362 826 628 878 138 497 310 816 964 834 435 622 0 1080 456 871 984 390 948 733 967 312 978 236 400 827 428 59 603 410 188 763 521 776 52 1029 1024 930 418 553 828 430 862 214 939 931 614 678 474 542 246 402 748 960 502 883 935 198 860 759 602 887 550 1038 884 577 496 1010 784 641 747 424 330 445 723 471 382 911 638 822 309 449 601 802 394 186 399 935 886 392 669 983 577 911 300 423 827 1020 654 220 516 917 564 913 816 830 134 823 87 343 737 703 417 648 545 967 214 356 641 396 720 293 560 368 966 259 882 703 524 137 711 763 685 876 593 680 480 918 560 930 750 647 890 536 333 1002 359 1007 924 327 283 369 478 443 765 851 670 503 846 577 94 971 797 508 327 932 264 547 837 281 316 381 246 465 1027 886 704 768 593 646 592 403 714 432 689 564 12 552 485 138 487 613 659 897 206 292 367 222 568 395 661 812 287 682 588 748 585 560 883 647 224 260 363 522 796 769 573 479 795 906 857 934 1000 813 825 398 406 516 933 631 420 729 485 631 1038 748 971 605 433 557 887 536 893 733 844 562 257 349 784 654 846 632 502 640 587
936 370 861 946 209 628 844 755 430 1215 322 532 516 971 657 819 640 148 272 683 1045 1080 0 1269 209 346 1183 191 508 228 907 448 1191 742 258 1003 1022 486 1246 1172 317 621 402 1053 152 57 151 787 562 459 757 233 1072 491 193 622 477 1073 627 834 852 702 788 889 405 464 945 314 846 633 626 757 80 433 678 915 78 857 554 428 700 1005 786 833 813 1151 278 922 357 773 830 942 302 739 1161 682 262 405 775 543 170 712 220 1190 682 333 74 453 862 632 184 759 650 711 334 1145 258 1002 923 466 384 1265 744 571 566 866 752 682 1300 671 1129 608 861 512 835 763 994 555 1011 742 345 633 394 656 541 1168 167 529 199 336 638 257 897 805 114 869 722 202 828 994 825 613 769 355 234 423 658 728 507 989 820 634 1057 905 156 972 608 572 1018 957 982 958 650 151 872 431 344 624 882 551 778 387 733 850 968 1071 532 896 944 819 480 724 608 903 817 714 939 537 791 474 346 978 397 651 487 522 853 531 631 1121 1114 827 760 611 329 878 945 389 796 685 153 905 509 635 751 1111 1076 738 497 780 370 698 982 839 581 827 656 1018 655 273 701 225 935 404 711 1141 1165 416 433 743 595 681 457 857
332 1034 560 338 1069 956 438 732 952 94 1104 738 883 424 856 485 768 1127 997 602 352 456 1269 0 1069 1050 90 1195 791 1089 749 999 226 538 1056 272 461 875 46 274 973 650 882 506 1169 1222 1124 483 712 876 513 1098 268 945 1084 985 994 221 899 565 829 681 823 401 943 955 399 1143 603 975 835 530 1254 929 604 376 1217 618 986 851 583 269 482 581 460 120 1026 455 1117 629 874 413 1056 545 272 656 1050 945 501 739 1126 975 1162 156 612 949 1229 818 574 638 1150 975 846 729 950 326 1021 516 785 1064 896 44 587 863 935 533 715 627 105 680 180 661 411 960 514 760 460 773 377 629 1029 684 944 626 745 129 1133 762 1176 942 661 1026 977 489 1166 404 901 1169 732 736 782 780 499 1039 1038 853 865 746 791 506 818 757 255 373 1113 326 895 822 272 321 287 692 632 1167 706 1001 924 961 489 921 495 884 539 543 367 450 770 389 483 458 800 607 852 453 672 632 658 740 798 968 1099 739 912 966 812 753 457 880 666 238 211 449 518 769 941 445 343 898 765 778 1116 808 838 778 781 159 242 821 772 490 901 570 405 879 754 814 630 259 618 1015 573 1141 525 917 572 203 123 1098 912 737 995 588 819 469
737 321 706 754 112 461 639 555 342 1012 199 341 411 762 469 610 511 113 96 476 869 871 209 1069 0 303 981 161 348 187 713 389 983 536 77 808 813 285 1044 963 108 419 240 845 193 155 58 586 358 331 556 92 865 412 111 462 312 880 447 625 666 555 689 701 302 384 736 218 698 470 519 572 184 330 493 727 147 714 391 259 493 803 588 679 619 950 186 752 243 565 651 766 140 533 952 473 189 304 571 366 155 550 149 984 474 184 160 251 654 430 106 597 551 581 187 936 49 794 733 327 176 1063 576 378 491 657 550 511 1096 518 923 412 659 442 625 646 831 347 802 587 176 469 287 473 367 974 70 320 147 128 465 140 732 598 143 666 643 142 630 799 633 410 570 193 36 217 472 605 297 780 721 500 868 701 67 766 426 451 813 753 782 760 443 189 749 263 155 458 714 371 575 185 530 689 787 862 322 705 735 628 273 557 506 693 613 505 737 331 600 299 220 784 190 486 330 317 672 427 458 913 907 623 571 477 131 699 754 235 684 567 66 804 378 509 557 912 887 637 299 579 169 500 809 755 432 728 475 822 464 158 510 132 779 281 525 934 962 291 232 618 436 483 251 680
732 24 560 712 193 723 678 746 103 1017 502 356 189 853 702 680 322 228 235 549 768 984 346 1050 303 0 973 443 264 127 913 102 1029 590 376 779 925 508 1037 1022 346 464 210 973 193 338 300 602 434 174 578 395 910 149 199 732 589 835 694 753 890 399 445 649 108 123 808 521 535 737 290 520 393 121 451 675 355 542 664 238 560 810 588 531 597 941 119 641 545 712 886 670 437 593 1010 606 113 105 609 324 184 814 444 1007 562 178 367 348 791 470 394 859 310 389 174 1010 307 923 942 619 344 1056 472 609 221 777 735 424 1104 382 943 429 675 166 725 428 698 515 880 449 464 367 110 429 316 933 350 449 435 319 389 166 986 659 241 685 376 432 825 993 844 605 578 485 279 352 708 400 446 906 477 323 810 725 265 803 671 253 838 771 772 943 519 195 539 543 258 722 600 624 605 308 565 557 706 972 467 661 847 595 397 450 271 781 786 635 911 425 816 568 521 979 409 751 245 408 598 201 385 955 937 655 535 303 278 617 708 192 459 355 270 561 214 315 766 892 827 396 356 596 301 515 703 493 298 484 423 791 449 152 488 431 631 141 481 966 966 590 468 414 710 496 370 593
247 958 508 265 984 867 348 645 876 58 1014 653 811 341 767 395 702 1042 911 512 318 390 1183 90 981 973 0 1105 711 1007 670 927 179 449 966 196 387 784 64 221 885 562 799 437 1085 1134 1037 396 623 799 425 1009 187 874 999 896 904 165 810 477 748 615 773 328 865 882 311 1053 551 887 770 452 1165 853 523 304 1129 569 897 768 494 179 397 526 378 32 944 402 1027 540 792 359 966 455 216 565 968 867 412 658 1042 889 1072 104 522 866 1141 731 488 551 1060 890 784 668 867 268 933 441 708 973 807 83 517 773 869 446 627 552 136 610 99 575 322 890 425 706 424 683 296 564 938 608 865 545 664 105 1045 673 1087 854 583 942 898 398 1081 315 847 1080 648 664 699 690 413 948 951 765 777 687 701 430 771 689 205 283 1026 235 806 752 182 231 202 616 543 1084 662 911 838 873 432 831 406 797 451 487 312 382 680 314 400 378 712 537 786 365 586 541 581 651 713 878 1008 665 822 878 732 665 388 809 588 166 132 359 438 699 854 380 272 816 714 716 1030 769 763 711 694 83 198 766 685 402 813 484 361 834 680 768 550 185 535 932 491 1051 483 837 492 133 41 1007 822 680 906 502 731 404
865 464 863 892 252 447 757 601 496 1130 138 487 570 853 489 719 672 217 257 592 1018 948 191 1195 161 443 1105 0 507 316 742 537 1087 656 140 942 893 344 1166 1061 225 550 400 915 281 144 143 714 485 492 684 96 972 566 244 438 300 1017 455 705 679 715 849 843 459 538 837 123 857 449 679 718 115 488 640 868 118 874 372 417 611 925 722 837 757 1074 336 905 167 639 653 916 146 650 1051 563 332 460 693 520 265 527 37 1097 585 345 117 387 727 562 54 574 710 742 348 1028 194 865 754 278 304 1184 731 412 645 740 602 665 1211 677 1039 552 784 594 720 807 986 434 897 745 185 626 444 621 523 1107 95 432 18 264 619 293 711 710 218 791 799 25 668 829 659 470 702 186 197 348 488 766 404 854 881 661 1008 822 177 880 438 611 930 874 911 799 562 278 910 258 311 443 867 382 700 328 656 846 934 940 426 846 818 768 395 713 665 790 668 593 784 456 624 303 160 813 283 468 489 445 820 586 612 1020 1019 745 714 638 282 847 894 396 844 728 172 964 539 670 589 1041 1027 796 440 707 313 633 960 912 592 887 625 956 607 311 653 55 936 440 672 1044 1082 226 295 779 410 618 380 830
468 253 358 455 299 597 415 547 179 753 492 117 156 597 544 423 182 360 253 301 537 733 508 791 348 264 711 507 0 302 709 245 764 332 380 519 675 375 776 758 303 214 109 726 385 473 387 337 207 95 315 419 645 210 315 615 501 580 551 515 706 208 379 394 156 203 549 525 350 616 221 261 518 152 188 420 477 367 559 89 309 546 323 331 333 679 240 414 528 487 714 434 420 338 747 383 262 159 348 63 347 681 488 742 319 175 490 180 556 218 452 719 257 244 174 749 313 679 744 556 241 795 235 462 258 534 531 175 840 170 678 172 411 241 477 319 487 332 621 239 423 125 155 166 52 678 418 256 492 258 132 251 829 401 396 420 366 485 623 781 652 425 314 444 311 214 552 274 269 660 408 166 559 461 363 538 530 146 573 507 509 725 276 384 411 468 197 598 373 498 342 200 305 344 463 720 280 403 598 333 222 215 218 527 571 406 689 214 630 472 502 768 309 624 21 202 349 167 126 691 672 391 273 145 227 372 451 119 358 244 368 484 87 184 580 632 577 329 148 332 208 253 474 457 87 413 160 532 185 236 223 467 432 126 219 702 702 551 360 285 600 234 206 350
760 149 641 755 76 635 687 692 202 1045 386 358 288 844 628 676 414 100 147 539 836 967 228 1089 187 127 1007 316 302 0 857 226 1041 590 264 818 908 434 1071 1028 256 462 208 949 84 213 175 618 416 236 591 277 921 265 77 640 492 881 613 726 822 480 561 695 178 237 806 402 623 647 397 562 268 205 485 721 229 633 570 238 554 835 611 612 629 974 62 710 430 676 813 734 327 591 1017 574 39 178 616 349 58 726 320 1028 546 144 241 313 761 471 270 772 423 484 142 1010 204 899 882 513 279 1090 534 535 342 754 683 476 1132 454 965 437 693 288 710 535 777 464 877 524 359 423 168 463 344 979 226 410 310 241 435 78 904 658 117 703 498 307 770 941 782 546 597 379 172 302 633 501 399 882 593 409 861 742 140 815 591 345 856 791 804 895 507 84 644 444 201 633 669 539 615 256 572 633 765 956 423 704 829 631 357 512 380 772 741 604 867 399 751 475 407 926 331 662 280 382 651 303 429 968 955 666 571 387 208 674 752 190 568 457 145 677 286 409 704 929 880 510 340 612 244 528 772 615 363 600 460 831 472 80 516 308 714 184 518 983 994 479 387 515 616 509 329 651
559 914 841 646 791 315 451 166 869 656 606 592 866 331 252 388 850 822 709 431 821 312 907 749 713 913 670 742 709 857 0 939 542 441 650 636 289 428 704 496 611 508 707 261 898 850 767 505 501 792 497 674 482 916 800 337 444 704 289 244 91 808 1031 651 830 903 376 633 871 324 912 634 848 841 620 658 830 898 384 685 433 549 537 834 581 653 813 791 590 233 138 765 606 428 493 327 833 833 461 652 854 278 705 596 406 736 837 565 209 509 726 256 945 876 740 443 672 236 42 487 577 714 727 336 967 256 179 692 702 768 571 554 501 949 313 954 874 398 374 788 563 716 819 626 665 741 740 466 727 616 676 779 228 408 855 497 1052 721 87 87 83 311 522 557 705 562 253 910 467 242 1051 829 727 487 780 469 304 846 512 509 584 71 445 895 993 484 660 321 782 360 479 606 479 809 742 313 446 638 272 602 515 729 915 334 142 309 91 498 118 439 587 71 529 307 717 513 690 876 673 511 539 470 605 820 649 714 656 724 986 905 780 1102 797 856 155 660 741 991 569 502 616 522 806 1114 759 1052 639 647 583 782 586 692 880 788 622 546 630 540 480 914 361 531 542 718
693 77 482 662 284 779 656 773 70 974 584 356 116 842 746 668 243 326 309 546 699 978 448 999 389 102 927 537 245 226 939 0 999 577 457 730 920 557 990 996 414 458 235 971 295 439 394 576 442 150 556 481 882 57 293 790 654 780 743 758 925 327 344 599 111 44 792 606 454 795 198 476 494 97 417 623 456 457 725 254 554 773 558 454 558 895 203 572 627 725 927 605 515 583 984 620 205 108 591 308 284 868 535 970 563 232 467 376 798 462 487 911 214 305 227 990 385 924 971 691 394 1009 413 656 119 778 760 375 1060 319 906 417 646 65 722 333 620 545 865 379 538 319 124 397 297 878 443 473 528 379 349 249 1033 646 342 656 274 525 851 1015 875 639 551 559 361 391 753 310 477 905 376 248 751 696 360 775 721 179 805 739 731 962 519 297 444 610 311 778 531 678 583 353 548 484 644 965 495 612 843 553 426 392 179 771 805 645 927 441 850 630 602 1002 464 807 230 425 542 121 346 925 903 631 496 232 337 557 656 221 362 265 365 460 168 235 799 844 768 297 370 571 350 495 633 391 247 383 387 742 425 232 457 520 550 152 442 933 923 668 523 324 770 477 402 533
310 1017 636 371 1006 785 354 556 940 135 980 682 887 244 688 372 795 1059 926 509 477 236 1191 226 983 1029 179 1087 764 1041 542 999 0 452 955 308 253 748 180 48 879 579 835 287 1113 1139 1041 427 631 858 452 994 120 951 1021 814 849 316 733 399 627 714 898 427 921 954 250 1017 679 803 866 526 1162 915 582 410 1130 700 827 804 492 232 441 648 442 185 980 536 985 468 675 493 942 453 49 525 1004 924 424 704 1068 790 1052 75 509 897 1141 740 395 570 1049 783 886 775 899 102 934 306 575 915 807 184 610 714 960 364 542 628 160 698 111 605 353 972 369 825 576 653 196 667 909 682 919 602 713 282 1040 663 1069 855 649 969 769 386 1099 343 963 1062 540 519 587 635 450 915 957 768 696 799 688 301 901 779 357 303 1037 226 733 834 193 259 283 479 541 1112 799 866 854 791 558 768 426 806 468 610 447 232 664 410 296 450 711 627 880 299 488 495 450 654 608 827 970 523 806 791 784 670 492 888 652 73 98 375 504 785 864 493 382 854 840 821 1039 911 830 804 600 231 357 883 703 432 822 515 507 967 752 899 611 305 579 962 542 1032 626 888 556 70 142 956 793 794 828 534 734 514
215 581 402 267 553 482 102 314 512 476 568 234 478 265 389 90 427 607 474 63 432 400 742 538 536 590 449 656 332 590 441 577 452 0 517 298 343 344 510 438 436 128 387 398 661 691 593 78 179 428 58 559 332 538 568 510 476 377 422 206 473 372 595 242 485 535 218 607 430 504 495 192 719 484 187 259 684 457 488 356 45 269 105 393 154 418 530 367 585 211 500 351 517 13 426 154 554 489 39 269 616 535 623 447 78 446 696 289 248 120 612 556 525 441 448 421 487 352 483 546 360 528 286 359 569 214 293 258 559 337 387 161 130 566 151 516 456 242 290 348 491 292 480 198 280 458 597 223 638 408 252 517 623 69 647 136 626 630 368 495 413 278 86 503 508 319 400 474 252 333 612 407 379 166 586 229 410 440 276 217 260 435 93 659 551 474 402 486 350 417 53 355 37 371 343 388 231 235 268 174 264 289 503 194 300 150 394 205 406 447 564 485 373 501 349 219 262 484 251 380 371 89 164 403 413 289 273 406 547 475 589 660 412 435 363 387 397 559 251 72 372 88 398 677 350 614 211 313 159 510 148 602 448 448 183 398 426 572 376 477 510 103 285 287
726 392 731 752 188 386 619 496 404 993 127 348 466 725 402 584 554 189 149 455 879 827 258 1056 77 376 966 140 380 264 650 457 955 517 0 802 770 227 1028 931 85 410 279 797 269 201 120 574 345 381 544 43 838 474 188 386 236 877 376 581 598 588 740 703 362 447 705 152 728 394 570 579 211 389 502 728 184 746 315 291 473 787 582 706 617 936 257 768 170 518 580 778 62 512 920 434 263 364 554 386 233 474 112 961 448 236 193 248 607 422 94 522 603 621 240 900 73 747 667 249 165 1046 596 313 553 615 494 530 1075 548 902 412 645 505 590 691 851 305 768 615 98 495 346 484 390 967 91 294 122 127 484 210 658 574 215 652 701 115 569 736 568 355 562 116 96 208 403 648 267 734 772 541 868 684 141 743 356 498 793 735 772 700 424 265 790 187 183 383 731 299 561 191 517 712 795 818 291 706 694 628 255 579 559 659 558 465 680 316 535 225 145 721 148 411 365 305 681 482 477 886 884 607 574 519 152 709 754 279 729 613 139 853 425 553 494 901 887 688 301 568 177 493 823 809 467 777 488 816 468 225 513 90 803 335 533 909 944 215 175 661 360 478 239 692
86 763 327 69 800 766 214 564 681 246 864 471 614 320 668 278 506 859 731 360 194 428 1003 272 808 779 196 942 519 818 636 730 308 298 802 0 398 642 260 329 717 391 611 461 898 958 861 229 456 604 258 845 226 678 816 794 773 78 706 403 698 421 591 131 671 686 263 903 370 787 575 258 992 658 332 108 954 392 781 581 342 98 220 341 190 165 755 227 882 451 736 185 809 308 318 441 779 673 258 468 856 805 911 256 376 679 967 558 430 379 894 817 591 476 680 352 760 442 678 844 638 278 321 652 674 382 543 356 331 414 198 395 169 694 336 520 277 540 296 370 786 413 672 354 473 165 874 515 924 682 389 757 853 270 898 166 659 916 590 656 642 569 239 799 775 595 678 497 545 425 593 493 91 155 848 172 697 555 147 127 52 599 386 897 491 772 659 770 249 711 247 622 288 302 141 417 526 118 371 186 546 341 591 302 521 425 558 485 647 745 861 652 664 782 540 497 193 612 394 248 212 212 247 503 678 188 77 628 533 523 851 603 567 516 616 113 106 579 508 235 638 309 205 658 484 590 358 14 349 745 303 890 319 645 300 238 197 871 673 491 798 325 562 211
341 919 675 430 859 544 285 317 853 368 772 569 821 87 451 253 762 905 775 376 592 59 1022 461 813 925 387 893 675 908 289 920 253 343 770 398 0 548 416 208 705 463 717 64 970 967 872 365 494 770 375 806 201 882 872 572 627 451 496 189 374 696 911 459 824 877 149 807 713 560 832 499 981 825 522 456 953 739 594 688 366 301 393 677 421 374 852 598 770 253 421 563 746 336 204 340 875 827 336 611 924 540 856 307 364 768 963 595 166 457 861 531 860 765 771 158 765 54 324 689 644 426 597 493 911 156 307 588 413 667 288 502 319 909 200 832 667 467 102 661 708 630 818 537 622 468 861 501 875 691 591 831 517 277 944 311 955 868 289 276 335 423 389 710 793 611 458 795 519 48 922 742 482 282 874 228 500 781 254 278 348 230 406 968 840 652 709 550 603 542 348 655 375 644 528 48 493 443 79 439 554 607 842 150 246 309 198 508 358 609 759 278 625 547 690 525 515 827 591 223 255 311 470 741 710 530 442 736 857 804 875 955 755 770 355 391 492 882 572 367 670 429 595 989 692 922 549 405 501 828 481 838 693 785 509 258 346 734 598 795 588 446 581 543
