326
0 226 558 477 103 103 643 185 513 366 432 61 677 607 448 605 192 700 391 338 512 617 776 728 590 767 393 48 425 304 293 88 517 751 433 547 363 673 729 621 29 327 115 588 21 392 367 629 171 248 213 554 528 51 237 612 621 652 184 183 370 317 302 638 304 270 706 348 722 511 312 399 127 309 440 263 356 246 372 792 388 505 376 445 208 271 295 275 95 358 35 96 506 339 680 550 13 274 205 185 556 669 221 764 163 683 559 485 286 561 783 269 456 406 274 395 515 595 715 694 592 511 308 599 58 293 327 258 428 378 379 241 609 549 372 430 249 536 318 402 299 375 279 278 378 374 460 566 289 264 585 507 758 644 585 767 362 489 663 785 641 708 730 106 616 175 302 457 460 376 231 413 83 351 598 216 709 457 333 303 50 618 519 636 335 589 749 445 331 142 679 716 656 689 617 229 298 241 206 424 283 406 188 310 430 869 404 333 317 295 420 566 663 213 728 410 650 193 563 503 384 327 517 452 536 679 572 501 357 252 328 260 360 680 541 649 186 133 269 786 492 414 398 782 573 740 760 689 467 385 605 702 251 302 296 185 430 660 222 299 103 558 361 443 706 152 207 88 611 236 553 452 168 560 419 786 93 204 572 669 591 641 117 292 283 297 894 719 288 89 661 567 569 38 499 599 122 461 306 598 478 727 556 706 544 224 414 512 367 656 455 349 398 393 699 449 111 330 603 316 9 633 316 233 178 442
226 0 784 504 286 269 582 277 481 467 425 217 689 569 613 791 181 704 516 127 367 751 844 777 816 797 620 256 374 374 316 140 321 769 471 575 223 898 737 845 204 333 162 462 231 462 593 668 326 275 65 656 410 251 460 814 847 782 99 90 158 92 84 786 244 495 919 564 800 449 451 622 353 198 242 414 327 388 565 847 401 620 488 672 361 266 505 495 279 406 247 211 337 447 502 481 215 231 67 42 487 894 436 843 363 838 584 478 497 786 886 119 670 573 256 319 736 812 930 794 657 325 461 820 284 407 318 258 341 158 192 464 644 487 325 581 430 760 527 604 351 474 263 436 596 453 656 606 516 438 550 731 855 868 568 889 497 521 686 895 730 874 949 240 453 109 247 272 635 224 35 635 143 128 810 421 854 323 529 475 276 640 744 625 319 762 972 667 544 345 794 766 735 695 790 124 250 321 32 589 146 465 411 355 656 953 374 330 465 205 602 673 500 323 847 448 677 417 647 397 593 450 687 678 761 820 788 532 473 149 408 395 585 753 631 795 195 315 439 858 603 589 455 829 642 783 983 784 474 213 497 763 453 469 516 134 471 823 173 81 243 763 570 549 715 174 381 301 826 459 716 679 357 595 463 848 184 415 443 487 452 521 122 369 509 145 954 756 292 305 872 440 796 246 569 507 107 246 530 681 543 813 767 931 742 211 362 476 360 840 580 493 265 615 841 626 303 554 829 442 235 546 331 381 404 669
558 784 0 744 512 554 988 589 854 574 773 583 887 924 411 353 685 917 522 886 989 560 828 841 32 909 170 536 825 667 721 647 1043 925 766 776 866 114 928 74 583 753 641 1032 552 635 193 801 510 664 760 623 974 545 324 268 66 585 734 725 917 874 861 521 765 288 239 296 771 893 494 215 434 807 974 531 761 503 326 871 775 570 617 123 496 738 353 322 535 716 537 608 1008 556 1174 930 570 767 752 742 935 110 359 795 467 518 787 801 317 32 743 816 186 408 749 833 109 145 226 694 727 1028 462 106 501 545 727 693 865 931 911 337 797 920 789 455 422 54 347 280 643 640 750 512 270 617 287 763 276 480 905 65 743 95 877 676 499 739 854 725 695 486 211 569 1099 723 760 978 381 884 784 162 641 910 197 421 564 933 394 420 508 828 39 900 779 407 197 134 324 453 646 832 729 907 417 771 752 601 765 415 805 658 374 702 128 853 787 765 533 810 355 613 1141 600 659 694 839 366 670 941 322 525 400 106 28 565 152 747 604 786 605 559 201 758 644 533 669 516 438 826 576 381 720 883 708 864 208 709 771 906 1022 798 366 488 313 724 759 476 720 857 564 234 267 576 910 674 459 497 167 327 433 121 456 770 689 851 626 383 1022 1170 1049 1068 673 606 275 840 933 864 736 480 230 1016 43 539 670 997 681 1006 275 689 672 752 191 149 279 694 819 858 741 384 533 479 888 179 571 370 495 231 53 579 549 1017 694 540 380 126
477 504 744 0 395 581 247 292 127 171 93 535 199 180 353 523 332 222 223 484 368 353 346 274 771 296 653 521 177 780 756 493 500 274 906 72 355 837 251 767 494 786 396 353 457 112 629 164 333 241 438 222 313 527 512 600 807 371 565 420 494 529 571 412 266 551 736 714 309 189 258 715 519 330 477 733 183 281 417 344 853 229 852 692 313 721 691 640 569 831 451 564 423 194 533 213 483 704 437 481 216 833 457 352 612 470 83 72 455 725 416 621 559 341 718 235 644 677 761 330 167 470 289 710 493 222 186 249 244 528 440 602 140 199 199 302 354 694 713 464 178 852 724 742 731 132 472 103 602 720 162 679 380 784 134 445 244 19 187 432 259 528 802 371 455 565 261 448 388 372 472 590 472 587 641 645 462 335 752 331 486 141 713 168 784 462 864 612 714 412 352 262 251 212 481 610 256 236 520 339 379 88 484 781 658 461 151 789 784 697 396 244 481 691 405 68 176 498 183 282 767 224 405 658 715 424 651 28 833 640 163 734 581 261 185 415 325 602 326 361 212 370 874 325 159 279 875 312 47 409 318 263 416 758 663 592 904 478 331 568 374 577 480 181 228 593 345 542 676 504 404 703 381 91 62 347 548 438 353 541 383 365 516 190 558 648 451 252 743 447 685 347 778 446 112 281 498 538 638 209 91 330 608 847 530 296 185 134 145 552 234 265 336 580 444 392 400 561 797 790 475 289 175 705 515 690
103 286 512 395 0 194 585 112 449 268 364 164 593 541 347 512 177 618 289 375 498 514 677 633 544 676 360 133 375 400 395 172 533 663 531 461 361 626 644 567 130 429 130 561 82 300 332 538 69 191 251 453 500 142 191 528 577 549 273 215 406 370 370 536 274 232 632 356 622 459 209 387 132 301 462 338 304 144 281 696 489 403 459 411 105 375 316 278 179 456 68 199 505 240 677 499 114 376 243 244 505 621 154 665 217 582 473 413 210 510 681 356 384 306 377 359 453 527 644 592 497 520 205 537 98 195 271 211 393 422 399 239 520 495 326 327 150 482 339 317 221 461 382 347 381 281 372 477 268 325 519 455 656 590 512 664 259 404 576 682 541 609 664 57 607 265 270 469 362 377 279 355 156 415 523 255 607 441 369 203 92 532 473 559 438 491 693 387 347 59 576 622 557 607 520 321 264 160 276 324 294 317 141 410 389 768 347 436 389 393 324 464 652 306 625 326 562 153 464 471 402 226 418 406 487 577 502 416 439 346 237 341 311 582 441 547 162 208 168 687 390 316 493 687 477 647 704 588 392 396 568 605 166 363 301 281 527 560 211 366 52 477 283 343 621 253 105 147 540 187 453 420 72 472 334 689 195 131 547 670 569 609 203 204 244 385 796 628 390 54 585 542 530 64 403 555 200 494 295 499 384 627 480 655 457 194 365 449 304 563 353 246 388 336 597 351 17 280 561 397 96 586 250 311 153 408
103 269 554 581 194 0 745 288 616 463 536 58 781 710 519 659 289 803 481 395 598 699 872 828 585 868 383 61 526 205 209 138 585 853 336 650 447 666 832 622 94 244 209 680 123 493 361 731 264 352 280 647 621 53 257 652 611 734 191 257 427 359 328 713 401 277 730 300 817 612 401 366 136 397 506 163 458 338 428 890 298 595 272 433 299 202 239 240 21 261 130 60 585 435 757 650 100 220 272 237 657 662 264 859 95 755 662 589 330 563 873 266 485 479 210 493 531 615 735 784 691 583 391 612 101 390 430 360 524 427 448 217 711 650 473 509 323 542 260 450 403 271 212 181 333 475 510 668 278 173 688 511 849 646 689 850 450 592 766 872 735 773 743 210 698 179 400 529 527 457 286 427 149 379 627 153 784 545 259 379 104 721 515 740 259 652 750 458 278 212 765 816 752 793 680 219 396 344 241 498 363 508 220 217 426 962 507 253 218 257 483 657 746 111 812 513 752 218 659 598 324 420 584 452 535 757 595 604 254 232 429 156 370 777 636 725 285 46 348 881 583 482 298 882 672 840 761 782 571 460 700 800 307 208 256 173 332 728 315 326 206 596 402 537 809 121 288 67 633 260 622 438 245 662 522 884 85 255 663 744 679 734 147 394 289 288 991 821 211 157 690 658 557 135 598 697 166 516 281 694 578 821 586 703 590 323 515 615 470 711 544 434 485 407 776 513 197 342 592 212 105 732 420 131 192 430
643 582 988 247 585 745 0 473 138 414 225 691 222 70 599 763 458 211 469 507 277 571 452 363 1016 331 888 691 219 925 883 628 425 283 1040 239 367 1083 242 1013 651 907 537 199 626 353 862 284 537 397 523 440 206 695 736 844 1052 580 669 521 501 566 622 633 351 777 981 931 446 135 496 943 717 384 444 907 286 505 662 422 976 465 1016 930 528 839 899 855 738 969 626 712 342 433 370 100 644 810 526 576 94 1079 681 477 798 688 232 188 689 970 568 699 805 588 832 264 890 924 1006 504 345 393 528 957 675 451 316 385 240 535 438 815 266 96 273 549 584 939 922 710 371 1011 838 921 952 371 719 271 825 905 84 923 532 1030 124 623 489 255 250 592 438 750 1048 544 307 673 350 401 634 375 547 832 609 618 888 841 670 285 955 571 666 231 957 142 897 699 1111 855 927 618 542 357 413 211 716 705 352 430 608 586 436 329 700 916 897 568 239 906 961 787 643 462 310 846 589 295 255 714 390 199 982 463 649 900 959 634 898 250 998 731 389 902 817 407 404 633 460 776 560 470 450 617 1015 390 351 349 1122 481 217 403 141 383 647 943 878 702 1039 704 439 620 549 823 722 427 231 720 565 723 923 728 643 941 592 257 299 439 690 659 212 387 234 171 641 400 785 720 513 318 864 640 930 209 1022 621 343 101 620 503 859 400 331 477 855 1094 776 422 231 137 280 788 479 509 328 820 651 639 595 795 1041 958 644 74 335 876 726 927
185 277 589 292 112 288 473 0 338 197 253 244 492 430 339 522 109 515 240 330 401 474 599 546 621 582 451 229 264 489 470 213 458 565 617 361 278 700 543 637 203 502 124 456 165 210 423 445 79 81 222 389 396 235 284 558 656 507 303 189 356 343 361 508 176 326 675 464 548 347 174 489 244 219 394 443 193 114 309 612 566 347 560 500 99 440 427 386 277 541 159 275 418 173 585 387 191 430 216 240 393 696 235 591 327 560 373 304 273 582 621 376 438 300 439 253 516 580 692 530 413 440 187 598 204 131 159 106 287 380 333 347 424 384 217 304 176 552 451 355 114 560 445 454 488 195 399 382 369 434 407 528 593 658 403 616 219 303 477 627 471 598 719 78 511 299 171 393 363 297 257 427 192 397 566 367 577 345 481 208 196 432 552 452 504 488 757 457 457 152 523 534 482 504 515 352 163 57 279 314 228 223 239 492 474 699 235 506 495 435 335 404 555 399 575 224 465 253 390 366 512 173 413 486 562 543 554 315 541 380 147 442 392 504 370 517 92 311 175 610 332 319 582 600 395 557 769 522 284 322 459 523 224 473 410 322 614 546 139 357 82 512 336 279 520 311 132 253 590 278 440 510 136 375 234 608 261 211 443 581 468 501 241 109 337 406 715 535 460 167 625 438 613 154 319 445 228 437 399 425 297 557 524 724 483 106 255 337 192 569 304 215 298 410 564 356 122 364 641 499 183 475 138 414 259 497
513 481 854 127 449 616 138 338 0 281 86 564 220 93 476 650 336 228 341 430 260 478 425 341 883 337 750 561 107 803 768 507 403 299 923 154 290 951 263 882 524 794 413 229 495 221 724 237 399 265 418 345 196 565 597 725 919 494 560 410 433 484 535 538 238 638 860 793 402 68 360 805 581 287 396 777 161 366 529 410 862 357 889 792 390 726 762 716 608 850 494 588 321 298 411 86 516 701 420 468 89 947 542 440 665 595 155 56 552 837 518 601 673 460 721 167 758 796 885 439 271 371 392 828 542 313 186 257 159 467 372 677 212 72 156 425 446 806 785 578 233 885 727 790 813 238 591 195 687 772 71 789 481 900 88 558 358 141 230 538 368 654 924 411 335 562 236 360 511 303 447 696 487 540 763 705 585 239 818 435 533 190 822 145 787 589 984 720 789 480 468 331 352 221 608 600 235 292 504 461 340 198 561 798 760 544 111 794 830 685 514 368 357 721 519 160 225 576 302 170 844 328 531 763 825 547 770 141 870 628 251 773 680 356 308 540 335 645 422 443 339 489 895 384 270 337 995 419 86 338 191 345 508 810 740 591 921 605 322 532 416 699 587 307 243 603 426 590 797 589 531 803 454 179 167 420 568 521 231 422 261 238 523 262 646 625 513 305 750 504 809 225 887 488 237 154 503 458 721 322 218 428 729 965 654 299 120 8 146 680 360 376 260 684 566 514 458 657 907 829 513 165 199 747 588 790
366 467 574 171 268 463 414 197 281 0 206 428 347 351 203 390 286 375 67 492 466 286 409 366 602 414 482 402 275 668 660 409 570 408 799 218 396 670 396 600 390 692 321 482 345 61 458 278 199 198 406 192 430 410 348 453 638 316 500 377 512 520 547 329 283 385 586 551 355 328 88 547 375 349 525 600 231 129 247 427 755 153 723 520 167 633 534 480 447 724 334 462 507 29 649 361 375 626 402 433 366 666 293 398 474 385 230 227 284 556 424 572 391 181 634 307 476 516 609 333 229 544 117 546 365 73 206 225 332 541 472 443 263 351 260 154 188 525 554 296 126 728 639 606 565 44 311 221 436 579 332 509 396 618 306 422 76 170 322 430 275 432 646 266 569 496 276 508 237 416 442 418 389 577 485 498 394 419 598 160 360 284 543 336 697 339 703 441 553 266 327 355 289 364 363 549 268 146 473 185 381 84 326 677 486 503 236 698 648 632 234 207 604 575 380 121 308 340 196 397 605 54 270 487 545 358 489 180 704 578 62 606 409 314 174 337 272 475 158 419 136 209 762 420 209 381 714 326 197 449 461 337 248 616 502 519 796 379 304 543 268 422 309 82 374 506 191 412 518 340 283 531 232 221 115 420 452 277 476 652 506 508 438 98 390 601 527 365 652 313 534 470 607 330 137 430 425 579 473 231 122 361 449 683 379 262 274 286 196 429 118 95 395 408 379 238 267 390 627 661 361 446 172 576 360 518
432 425 773 93 364 536 225 253 86 206 0 485 264 176 407 588 264 280 270 394 280 438 437 360 802 373 664 479 85 727 696 433 407 343 850 156 262 873 313 804 445 724 337 279 414 148 638 250 312 184 359 309 232 484 510 657 838 458 495 346 403 442 487 494 182 551 791 706 402 122 279 718 495 242 384 694 97 280 450 431 792 307 809 708 303 657 675 630 527 776 411 511 332 218 453 157 436 636 360 406 161 869 456 444 581 552 164 54 467 757 509 544 594 387 653 141 679 722 815 423 260 378 310 751 458 229 111 181 151 437 347 590 225 147 107 356 360 726 698 499 146 806 659 707 726 162 517 193 600 688 154 708 474 822 153 537 282 113 262 525 352 607 852 328 374 496 177 354 441 279 391 613 413 500 691 620 547 243 732 352 449 216 740 206 719 531 909 638 702 394 443 349 344 271 553 538 174 205 444 390 292 128 475 724 676 553 57 725 748 624 440 331 404 643 497 87 253 489 275 199 757 248 468 680 744 509 695 120 790 566 167 692 595 354 273 498 261 563 338 452 288 415 820 409 252 362 920 406 51 315 254 354 423 726 653 524 848 556 256 484 333 628 505 246 290 531 340 506 724 503 473 719 367 179 100 436 492 434 275 459 305 302 452 175 560 570 537 333 681 419 740 269 804 406 199 225 433 445 634 302 174 423 655 888 585 227 91 88 67 622 300 299 243 600 530 443 372 572 826 749 432 244 116 665 501 705
61 217 583 535 164 58 691 244 564 428 485 0 735 658 505 657 233 757 453 340 540 678 837 788 615 826 414 48 472 244 232 81 528 809 373 605 389 697 786 649 40 265 153 622 83 452 390 689 232 301 223 616 563 39 271 659 643 712 151 199 373 309 283 697 345 298 745 347 784 557 373 407 151 339 450 220 405 308 424 853 326 567 325 466 269 211 288 280 62 297 96 35 527 401 700 595 53 217 215 182 601 693 266 826 145 742 617 539 333 590 845 232 497 464 215 436 551 633 753 755 654 526 368 633 92 355 378 307 468 375 392 252 668 596 418 490 307 566 309 451 357 321 219 238 379 435 510 626 308 231 636 537 820 673 639 828 424 547 721 847 703 764 765 165 640 139 344 472 516 399 231 447 91 334 640 203 768 487 314 362 89 676 544 690 274 645 777 478 326 197 740 777 718 746 673 188 341 301 191 483 305 466 227 249 455 931 453 271 275 243 475 628 688 157 789 468 709 229 625 540 375 389 573 479 563 739 611 559 307 207 389 211 392 742 602 708 230 101 329 847 554 471 338 842 634 800 789 751 523 403 643 763 302 266 299 142 370 717 258 280 163 604 407 505 763 98 266 87 650 272 610 472 226 619 478 847 43 252 605 687 621 677 95 352 311 258 955 779 226 141 703 600 590 99 560 641 111 463 318 660 539 789 598 733 593 268 460 562 419 709 517 410 427 427 759 504 171 362 625 267 68 676 369 188 208 463
677 689 887 199 593 781 222 492 220 347 264 735 0 168 476 606 526 30 375 649 469 389 229 140 911 117 821 721 324 980 955 691 617 79 1106 132 510 967 51 897 694 984 594 411 657 297 799 89 529 438 624 275 399 727 695 698 946 389 758 610 653 701 749 452 445 731 832 898 228 279 434 891 715 501 616 931 361 471 568 201 1051 320 1051 854 506 918 880 827 768 1031 651 764 533 374 590 273 683 899 624 671 270 964 640 255 810 501 119 211 627 864 349 808 700 479 914 386 781 796 860 296 165 584 462 835 692 411 374 442 379 687 593 790 89 258 366 432 535 834 901 609 378 1052 921 940 912 318 601 127 783 917 174 824 314 911 134 411 405 189 36 375 240 564 906 571 522 759 441 578 508 524 655 746 670 758 753 840 475 457 944 502 685 63 862 84 981 539 978 763 900 606 341 135 208 20 550 802 438 436 709 471 553 277 672 980 818 345 316 986 982 888 531 291 530 891 381 267 49 686 223 379 953 402 505 814 859 441 773 177 1032 831 358 933 747 194 246 449 520 801 505 247 311 506 1074 170 182 127 988 271 217 558 357 164 594 955 849 787 1103 525 521 746 574 689 637 314 28 790 535 741 791 687 487 866 573 125 259 217 747 624 420 605 447 393 713 388 736 834 298 95 941 645 784 416 925 646 220 314 694 678 820 216 226 260 727 971 639 489 336 228 331 621 354 428 480 739 456 518 597 731 939 990 675 296 370 904 706 852
607 569 924 180 541 710 70 430 93 351 176 658 168 0 531 693 430 164 404 509 304 501 394 305 952 283 829 654 195 897 861 600 453 239 1016 168 367 1017 198 947 618 886 506 243 589 290 804 218 488 358 507 370 233 659 682 775 988 510 651 501 508 565 619 563 329 722 912 880 383 125 435 888 672 372 460 870 254 449 598 369 955 395 983 870 476 818 851 804 702 943 587 682 369 371 423 108 609 793 510 559 104 1014 626 416 757 618 162 130 631 906 505 688 740 521 813 251 825 856 938 437 276 421 467 890 634 393 280 351 234 542 445 765 199 94 247 481 527 875 874 645 322 979 819 883 899 309 652 201 772 864 22 860 468 964 54 556 425 187 191 528 370 680 979 504 354 654 327 420 566 378 535 770 581 620 820 796 601 299 909 510 626 166 894 84 879 629 1044 792 877 569 474 298 347 161 646 690 327 382 594 519 426 266 648 891 836 512 205 887 924 774 576 391 364 815 521 234 193 663 320 217 932 402 579 838 896 564 831 181 964 718 331 867 758 342 334 563 429 739 501 412 380 550 989 339 281 295 1054 414 157 410 189 322 589 903 827 683 1015 634 415 616 509 755 660 358 182 696 511 682 855 674 573 881 541 187 237 384 662 606 252 438 278 228 616 347 730 712 465 263 843 596 861 248 959 581 274 147 596 521 806 331 262 413 788 1028 708 392 208 96 239 718 410 446 332 759 582 571 549 737 978 923 607 134 292 840 676 868
448 613 411 353 347 519 599 339 476 203 407 505 476 531 0 189 447 506 137 666 670 192 435 434 435 500 372 465 479 715 729 518 766 513 845 372 588 492 516 422 477 764 452 685 428 258 356 389 290 377 561 213 634 475 306 250 469 226 618 527 690 682 698 194 474 324 385 486 375 528 166 453 394 535 715 614 433 225 116 472 817 158 738 394 253 716 493 434 499 773 412 541 708 201 852 559 460 722 555 574 563 488 268 407 491 236 382 419 215 387 384 700 225 41 720 509 304 325 409 310 315 743 151 361 419 221 405 407 535 716 658 407 386 547 462 50 198 358 508 142 318 749 724 611 489 246 125 355 372 579 515 349 370 437 480 342 133 344 443 375 293 262 448 377 773 612 468 703 35 608 595 282 501 735 288 491 264 621 561 144 418 418 388 495 777 149 512 293 498 309 273 425 325 496 177 667 459 310 611 24 559 279 315 735 357 488 440 772 651 741 60 206 807 622 309 319 428 324 259 601 541 181 74 347 384 240 300 350 719 693 259 630 299 354 232 207 430 512 179 436 164 43 802 480 296 456 522 319 389 640 661 392 217 611 450 629 840 213 473 694 376 224 185 172 499 600 242 454 324 298 105 405 279 363 309 455 541 269 680 855 710 709 550 282 322 729 549 454 729 365 333 674 451 410 263 628 544 765 407 279 270 364 256 498 178 433 478 481 399 233 123 127 593 279 258 41 336 294 463 678 439 641 369 599 352 393
605 791 353 523 512 659 763 522 650 390 588 657 606 693 189 0 632 636 323 852 857 228 495 527 365 598 398 612 664 839 866 684 956 624 963 526 777 394 638 330 635 901 628 867 588 441 394 517 465 565 743 332 818 622 412 97 392 245 785 708 877 865 876 176 664 411 226 541 442 707 354 483 524 725 904 721 621 408 233 542 947 298 838 395 430 862 569 513 638 897 571 692 897 390 1038 735 618 874 736 750 739 391 395 459 610 164 534 593 329 322 395 869 217 223 868 697 252 219 255 359 441 932 335 264 566 411 594 596 722 902 847 499 522 722 650 236 362 301 577 210 507 854 871 713 532 431 150 500 446 678 679 310 399 336 640 324 322 511 570 375 380 138 302 551 959 777 657 893 160 797 776 298 669 916 166 593 210 809 633 316 568 558 348 644 919 67 380 288 562 463 307 520 415 627 66 833 648 498 785 211 747 459 440 865 363 504 626 911 748 900 189 315 992 750 311 500 557 444 385 785 590 370 120 340 333 215 204 514 820 857 448 742 345 441 364 186 614 642 352 489 313 203 918 560 427 551 389 378 564 829 839 482 355 704 522 791 958 122 659 872 549 120 262 343 624 755 411 592 205 406 120 404 440 512 488 519 697 406 863 1042 893 887 716 472 404 898 590 559 871 517 180 857 397 570 419 804 713 954 474 390 434 419 162 384 84 621 664 656 587 51 289 316 782 309 218 166 498 357 393 783 596 812 558 714 472 395
192 181 685 332 177 289 458 109 336 286 264 233 526 430 447 632 0 544 339 220 324 572 666 603 717 629 537 241 239 467 432 170 357 604 587 404 184 798 576 737 195 459 79 396 180 281 509 496 180 94 119 474 336 242 367 667 751 603 232 91 247 236 260 610 112 409 783 526 620 324 281 563 296 125 290 453 175 223 418 672 527 440 558 588 207 392 479 448 285 513 185 254 328 268 501 362 191 372 115 151 368 793 326 664 355 664 415 319 373 680 705 292 542 409 388 203 618 686 799 613 478 344 296 701 237 231 153 83 235 270 227 410 472 363 185 410 284 652 502 463 170 552 394 469 553 271 508 432 444 457 408 626 674 759 416 708 323 348 519 713 549 704 824 119 432 233 110 293 472 200 155 525 151 292 674 406 677 268 523 318 227 473 647 471 455 596 860 556 513 234 612 591 555 535 623 278 107 142 191 423 121 286 318 461 564 773 224 461 507 365 445 492 478 387 666 272 508 330 466 311 568 275 521 580 659 642 660 359 540 308 227 445 485 574 450 619 17 325 284 679 423 429 559 656 462 610 871 603 309 220 412 586 325 494 472 260 585 652 34 256 124 621 440 368 553 267 237 279 696 363 547 597 230 422 286 671 232 302 380 493 400 448 188 188 421 321 778 585 416 223 734 376 705 180 389 407 168 329 469 500 363 633 632 824 593 37 227 333 196 679 402 322 213 507 664 465 193 455 735 500 196 442 157 421 328 585
700 704 917 222 618 803 211 515 228 375 280 757 30 164 506 636 544 0 405 659 468 418 244 156 942 120 850 744 334 1001 975 711 617 74 1127 158 518 998 34 927 716 1003 614 405 680 324 828 119 554 458 639 305 398 750 723 728 976 417 775 627 661 712 762 480 459 759 862 926 249 282 462 920 740 513 620 955 376 498 598 211 1070 350 1075 884 532 937 907 855 792 1052 674 785 534 402 581 272 705 916 640 687 269 994 668 273 835 528 145 226 656 894 369 823 730 509 933 396 811 827 890 320 195 585 490 866 716 438 391 460 387 696 600 817 120 257 379 462 563 864 929 640 400 1075 939 965 940 344 631 156 811 942 175 854 334 941 140 434 434 213 65 396 267 592 936 593 516 777 456 582 539 532 670 776 690 769 783 865 501 460 970 531 709 91 892 84 999 569 1008 793 928 632 367 153 235 11 579 818 453 459 724 502 566 303 699 1001 848 357 329 1005 1007 904 562 321 522 913 405 291 79 714 253 380 980 430 535 844 889 468 803 201 1056 847 383 957 776 219 277 477 539 825 533 262 342 536 1095 179 212 140 1018 296 235 565 350 186 623 980 877 805 1124 553 537 758 597 720 667 344 19 810 562 765 821 715 517 895 599 153 283 229 768 651 416 598 441 383 732 413 765 848 302 110 960 669 814 412 956 669 250 307 713 682 848 246 255 281 757 1001 669 507 347 235 348 650 384 457 487 768 483 548 622 760 969 1013 698 286 390 928 732 882
391 516 522 223 289 481 469 240 341 67 270 453 375 404 137 323 339 405 0 552 534 234 398 370 549 426 445 421 342 686 684 445 636 428 817 255 460 613 422 543 417 718 363 548 370 121 423 297 220 257 458 166 497 430 329 387 584 267 540 427 573 575 599 270 347 361 521 529 340 392 80 516 378 412 589 605 298 144 196 424 778 113 730 479 183 662 520 464 463 742 357 488 574 72 716 424 401 659 453 480 428 610 277 381 479 325 267 285 253 502 392 616 337 118 664 374 421 455 545 303 234 611 96 487 380 109 273 285 399 601 535 429 287 412 327 87 174 471 539 242 189 737 669 608 540 109 250 248 413 580 385 457 367 560 355 378 33 217 347 394 256 369 583 299 636 535 341 574 171 481 494 373 425 631 422 495 338 486 587 130 376 313 493 378 726 272 643 392 535 272 288 359 277 394 297 590 332 197 520 119 441 143 316 698 444 481 303 724 650 670 173 175 670 591 338 183 331 329 188 463 585 66 203 441 493 303 429 225 711 618 127 615 371 305 162 279 324 486 143 405 102 147 777 422 213 388 653 301 255 514 524 335 226 615 484 557 813 316 360 595 300 358 263 64 401 537 194 424 456 320 217 490 238 252 174 413 482 265 543 719 572 572 475 157 364 645 518 377 679 325 469 537 558 353 155 493 465 642 450 221 151 341 387 624 314 319 341 347 263 362 65 55 462 364 325 173 283 355 575 668 385 507 238 584 353 477
338 127 886 484 375 395 507 330 430 492 394 340 649 509 666 852 220 659 552 0 260 778 831 755 918 764 727 375 325 497 433 260 194 729 585 551 141 1000 694 943 321 446 245 359 339 472 700 645 397 294 126 668 315 371 562 887 951 807 225 160 32 61 121 821 220 600 1001 684 792 384 499 737 465 154 115 541 300 444 637 826 512 643 613 779 426 381 627 613 403 524 352 337 219 479 377 409 328 341 134 158 414 996 530 835 486 877 558 442 584 885 891 212 756 629 370 263 828 900 1015 801 648 199 516 912 396 447 305 267 274 49 74 579 620 418 287 627 502 858 650 681 367 598 376 564 715 467 728 587 626 565 492 830 857 966 519 905 539 503 653 903 732 920 1038 321 334 235 226 149 692 131 109 731 257 111 891 544 887 227 654 538 387 609 847 576 427 815 1069 763 666 435 808 744 731 652 842 237 232 357 159 642 111 469 511 474 761 945 337 441 593 303 666 688 380 451 863 442 646 520 649 310 716 490 740 780 861 850 875 512 599 256 430 523 685 745 639 829 237 440 504 846 624 649 573 804 637 756 1080 787 446 106 402 748 537 596 634 258 586 867 193 119 325 840 655 571 673 302 454 420 912 559 764 787 440 574 458 831 310 507 339 360 343 418 247 394 613 225 932 727 407 407 952 337 901 349 570 421 229 123 644 682 543 811 849 1030 813 233 313 424 340 898 610 540 178 712 872 685 393 654 933 569 346 460 330 509 511 776
512 367 989 368 498 598 277 401 260 466 280 540 469 304 670 857 324 468 534 260 0 718 685 598 1020 586 852 559 196 740 683 462 149 543 839 413 151 1097 503 1032 507 700 397 99 502 418 825 496 480 324 326 589 71 558 684 917 1055 738 466 341 244 322 381 773 225 726 1047 850 662 193 517 885 621 203 172 759 237 489 686 666 768 586 848 902 493 633 803 773 599 774 509 550 65 469 186 196 507 596 332 378 199 1093 637 700 675 832 415 300 671 979 777 470 826 642 623 160 908 964 1067 696 528 116 545 988 561 459 268 296 134 274 185 735 472 211 208 621 568 949 827 736 357 837 630 778 878 426 767 453 766 771 294 926 740 1053 335 813 537 387 485 796 624 886 1100 442 110 474 230 127 702 144 335 826 449 364 941 728 828 56 845 581 551 448 952 385 683 804 1148 855 838 550 720 590 611 464 827 489 237 389 398 649 235 403 637 722 875 804 232 697 813 562 692 611 154 679 773 363 483 650 552 90 892 493 737 887 961 789 938 391 832 512 411 746 794 615 553 778 336 639 556 702 567 669 822 638 524 592 1159 676 321 156 149 605 622 807 796 501 839 835 291 379 447 881 728 522 486 534 530 600 970 678 747 912 538 437 378 678 524 613 79 186 84 158 463 395 738 486 767 560 659 547 995 78 1014 505 478 177 441 227 793 576 454 687 902 1119 842 303 194 251 270 895 574 548 113 809 810 701 513 765 1041 797 517 214 304 726 651 899
617 751 560 353 514 699 571 474 478 286 438 678 389 501 192 228 572 418 234 778 718 0 270 299 577 370 554 641 522 900 907 678 839 398 1030 333 674 616 415 549 645 942 598 707 597 311 541 302 449 485 691 132 667 651 498 325 608 35 774 661 797 806 833 62 565 516 453 676 215 543 307 638 580 632 803 804 500 374 308 315 998 136 928 569 410 889 686 626 679 957 582 713 768 303 887 564 629 890 687 715 566 613 458 235 680 117 338 425 408 531 193 850 387 227 892 570 451 440 482 134 229 811 309 484 597 343 482 511 587 827 754 600 311 549 525 190 376 505 700 324 411 938 897 802 677 312 284 299 564 770 491 505 185 558 447 151 257 337 353 183 154 179 530 532 809 769 558 781 203 694 727 458 658 863 390 682 110 679 754 320 595 348 545 439 952 161 609 461 690 486 86 293 189 410 165 824 550 430 754 208 667 320 504 916 533 301 488 949 842 903 248 110 834 806 117 357 340 514 180 635 731 301 163 517 535 72 421 336 909 851 348 818 485 213 169 62 557 696 350 266 155 235 988 332 220 323 617 151 400 729 668 254 406 803 642 789 1026 135 590 829 532 333 373 207 404 767 411 637 430 490 126 579 453 314 341 293 710 456 707 895 737 715 708 385 514 880 373 333 904 542 408 701 602 579 241 629 699 860 599 174 264 193 375 611 283 549 526 486 460 233 170 268 667 460 94 218 506 483 606 868 610 630 451 788 542 568
776 844 828 346 677 872 452 599 425 409 437 837 229 394 435 495 666 244 398 831 685 270 0 89 846 139 807 811 515 1078 1068 813 829 185 1209 281 699 886 221 819 799 1100 719 637 754 389 790 189 608 572 779 234 618 820 721 593 878 250 896 757 840 875 916 319 613 748 715 915 59 491 477 888 776 677 817 1003 530 535 549 50 1164 292 1128 828 574 1040 913 855 856 1133 743 871 747 437 817 493 784 1029 777 818 492 883 672 39 877 349 275 395 636 800 136 959 651 457 1039 576 719 710 745 135 188 797 494 754 773 482 530 586 578 874 784 823 214 477 544 409 572 774 931 577 497 1134 1045 1007 921 404 546 243 798 978 397 772 108 828 351 213 431 327 203 164 144 409 794 673 747 894 607 783 457 716 814 716 792 934 659 893 310 664 981 523 769 236 812 311 1104 430 875 723 924 670 188 96 120 242 430 944 602 543 858 442 725 381 714 1086 791 119 494 1105 1049 1029 496 232 759 984 199 396 203 726 213 594 971 453 429 779 803 288 691 318 1109 973 451 1012 734 95 237 310 656 882 542 18 298 476 1171 78 205 104 883 119 386 752 584 82 620 1014 874 919 1205 385 671 912 675 603 619 337 225 911 591 819 699 712 395 839 635 257 380 24 860 663 644 832 672 622 839 491 749 987 119 134 1059 720 674 640 870 739 279 541 824 879 835 178 304 76 645 879 553 633 524 434 491 491 344 451 677 715 294 471 675 727 875 1066 771 525 513 982 751 827
728 777 841 274 633 828 363 546 341 366 360 788 140 305 434 527 603 156 370 755 598 299 89 0 862 71 802 766 434 1032 1017 757 744 107 1161 204 620 909 137 840 749 1048 661 548 706 335 783 109 564 509 712 221 531 774 699 623 895 288 835 692 763 802 845 356 540 729 752 898 98 405 444 878 741 602 735 966 456 496 542 70 1113 279 1090 827 534 985 891 834 812 1086 697 820 661 395 728 405 735 971 711 753 404 906 647 116 841 397 196 314 619 815 214 894 658 449 983 496 732 734 781 179 137 712 465 775 731 439 460 521 496 797 705 799 134 390 468 399 543 787 909 576 438 1094 989 972 907 353 554 170 781 945 308 781 180 851 264 283 403 256 114 241 147 460 829 623 659 834 535 700 461 636 746 716 735 860 685 862 364 580 957 499 726 150 821 222 1049 459 907 727 905 633 231 11 112 154 464 882 530 489 793 436 652 323 686 1037 791 207 417 1052 1014 968 494 228 669 939 259 331 115 699 182 508 954 416 443 782 815 335 712 245 1071 911 399 973 728 85 210 351 594 841 513 107 279 472 1125 54 158 24 916 155 309 672 495 44 596 982 854 860 1158 428 604 842 625 625 613 306 137 856 556 779 725 690 416 839 598 182 317 79 807 635 556 743 583 532 782 437 732 921 177 46 1006 679 707 551 882 692 229 452 765 797 818 155 249 130 666 906 574 568 445 349 419 531 327 425 596 712 346 473 633 717 890 1028 723 436 446 943 722 826
590 816 32 771 544 585 1016 621 883 602 802 615 911 952 435 365 717 942 549 918 1020 577 846 862 0 930 201 568 855 693 749 678 1075 947 790 802 898 82 952 54 615 780 673 1063 584 663 225 825 542 695 793 645 1005 576 356 275 35 601 766 758 950 906 893 536 797 320 229 321 789 923 523 240 465 839 1006 557 792 534 354 890 802 593 641 152 527 767 380 351 566 742 569 639 1040 585 1206 959 602 797 784 775 964 78 391 812 497 529 813 829 348 47 758 847 212 434 779 864 130 149 213 711 750 1060 491 106 533 575 758 725 896 963 943 367 821 950 820 480 453 77 372 307 673 664 779 538 293 645 310 788 307 507 933 94 759 72 904 689 526 766 878 739 715 494 192 601 1130 755 791 1010 403 916 817 194 673 942 202 450 575 965 418 450 540 853 71 926 807 421 169 165 350 485 662 853 750 931 430 802 783 632 797 440 837 686 407 730 160 868 818 793 558 840 380 634 1172 629 674 722 863 399 693 972 344 554 419 138 59 578 160 774 628 817 635 586 233 778 667 547 701 546 469 843 600 406 744 903 731 885 179 727 799 938 1052 818 398 513 341 755 784 487 752 889 597 247 297 601 934 705 490 528 169 359 451 149 488 795 717 869 657 415 1053 1202 1080 1099 704 636 307 871 949 886 765 512 228 1047 44 571 695 1027 713 1039 305 710 698 770 203 119 294 726 850 887 771 392 557 507 920 211 583 393 527 264 28 604 581 1046 724 567 412 155
767 797 909 296 676 868 331 582 337 414 373 826 117 283 500 598 629 120 426 764 586 370 139 71 930 0 864 807 439 1071 1051 789 734 49 1199 224 625 979 89 909 786 1081 692 525 745 375 844 137 608 537 732 287 516 814 755 693 964 359 862 716 769 814 861 428 555 787 823 956 165 397 496 939 789 614 733 1012 471 543 605 96 1147 343 1135 892 580 1017 945 889 854 1124 737 857 651 443 701 390 773 1000 732 777 387 975 701 174 888 467 213 322 678 883 274 916 725 512 1014 501 800 803 852 249 191 702 520 845 775 485 480 545 496 803 709 854 157 375 478 463 597 855 965 641 470 1137 1020 1019 966 394 621 200 839 993 292 849 243 921 252 347 458 281 111 302 218 530 900 660 636 862 551 696 528 640 764 780 767 872 755 912 433 574 1010 556 768 157 888 200 1081 530 978 793 961 680 301 77 182 122 535 907 547 525 815 501 665 360 738 1074 855 242 428 1084 1061 993 559 296 642 980 326 360 120 752 243 497 1011 466 512 847 882 406 782 269 1115 936 439 1017 790 156 271 422 621 885 566 156 340 536 1165 63 212 46 986 225 323 675 470 115 652 1031 910 889 1196 499 626 857 663 695 676 361 101 888 605 823 795 746 486 903 646 207 348 118 842 688 536 718 561 503 812 474 790 942 182 49 1039 724 778 532 950 733 277 428 795 795 876 220 292 196 736 976 644 592 450 345 437 602 388 481 597 776 416 540 677 778 959 1073 763 406 471 987 774 890
393 620 170 653 360 383 888 451 750 482 664 414 821 829 372 398 537 850 445 727 852 554 807 802 201 864 0 368 704 503 554 480 893 871 610 698 721 282 867 240 416 586 484 906 389 541 27 741 372 530 601 580 846 376 169 343 228 585 566 567 759 711 694 533 627 128 374 149 747 780 395 85 267 661 821 369 636 384 259 844 613 522 468 52 367 569 194 154 364 555 375 438 865 459 1035 818 405 597 592 579 824 279 215 779 297 548 710 700 198 182 747 646 180 352 580 703 175 259 371 681 674 881 364 242 335 436 601 557 736 770 758 166 733 811 663 402 304 166 194 231 524 488 580 353 134 521 272 694 106 319 809 136 738 263 787 693 416 653 792 735 665 535 369 417 962 554 622 829 352 737 623 100 477 744 290 253 591 796 247 322 343 759 132 819 612 429 367 112 173 303 640 791 695 840 449 601 615 473 599 366 653 565 218 538 46 855 669 598 379 640 311 577 1006 432 667 595 777 208 620 814 193 428 392 76 153 580 247 663 453 615 499 397 74 724 592 546 522 345 328 808 523 331 564 849 653 823 378 691 672 756 903 761 241 334 149 554 604 509 571 691 413 290 188 507 847 504 329 327 281 174 433 60 314 697 593 827 457 240 894 1029 919 947 505 490 115 670 921 816 568 321 346 888 176 377 601 882 515 849 107 646 596 735 259 320 314 550 697 753 622 442 476 393 746 94 592 337 343 92 210 423 384 907 571 375 216 49
48 256 536 521 133 61 691 229 561 402 479 48 721 654 465 612 241 744 421 375 559 641 811 766 568 807 368 0 474 266 265 116 559 793 397 589 409 650 772 602 54 300 163 636 65 432 343 670 203 295 253 586 576 10 223 612 597 676 197 225 407 348 326 658 353 250 697 309 756 559 341 365 103 356 481 216 404 277 379 829 357 535 331 420 238 251 253 238 47 322 69 80 551 374 725 598 51 261 244 218 605 646 219 798 116 701 601 531 286 542 813 280 449 424 256 444 502 584 704 724 630 554 333 585 45 328 375 306 476 413 421 208 650 597 421 452 267 519 275 405 343 331 260 230 340 413 464 607 262 216 632 489 788 625 631 792 390 531 705 813 674 721 716 151 662 186 351 500 474 421 266 399 118 377 592 171 728 504 287 322 46 661 497 681 312 601 730 430 290 156 706 754 691 733 629 236 346 284 233 442 328 447 179 277 408 901 452 308 270 291 431 596 709 173 754 453 692 181 598 552 342 359 531 432 515 700 563 544 312 255 368 213 343 716 575 669 234 85 291 820 523 428 359 820 610 779 741 721 513 429 653 739 257 253 259 190 393 675 270 324 147 556 360 476 749 146 230 44 601 224 569 426 187 602 462 822 91 206 620 713 638 689 137 333 264 306 930 759 264 99 655 615 544 74 536 648 149 498 274 633 517 760 550 685 547 272 462 559 414 664 484 375 445 378 720 461 137 314 578 270 47 682 362 186 159 416
425 374 825 177 375 526 219 264 107 275 85 472 324 195 479 664 239 334 342 325 196 522 515 434 855 439 704 474 0 706 667 409 322 404 823 234 186 928 369 861 432 691 318 209 409 223 677 326 336 184 312 394 155 477 542 728 891 543 455 306 329 377 428 577 134 584 861 729 484 85 336 750 507 179 302 689 71 322 508 505 760 390 797 750 336 623 692 651 520 751 410 493 247 281 374 124 426 597 314 363 130 924 489 525 583 635 239 120 511 811 593 494 652 455 617 62 736 785 883 508 344 292 366 812 460 280 105 167 66 364 270 612 301 124 54 429 404 781 715 558 182 792 624 704 752 232 583 273 630 689 175 760 557 880 195 623 349 197 329 610 437 690 918 330 294 459 132 271 512 202 340 663 390 434 758 628 632 157 744 406 451 286 790 252 683 609 971 690 722 416 528 424 427 327 632 494 133 231 398 460 232 206 501 698 720 632 38 691 743 579 507 416 328 627 582 167 322 515 360 121 777 308 544 727 796 594 758 203 779 522 225 683 638 436 359 582 241 559 386 531 371 482 797 481 336 434 982 490 132 237 198 433 464 727 675 487 822 638 221 424 334 696 558 326 348 502 375 507 789 535 552 760 394 258 181 512 471 466 202 378 231 244 423 218 594 518 610 403 648 430 809 196 853 405 284 180 402 363 661 387 259 506 720 946 654 203 12 101 83 700 378 363 161 648 615 513 387 613 878 739 427 210 133 658 523 747
304 374 667 780 400 205 925 489 803 668 727 244 980 897 715 839 467 1001 686 497 740 900 1078 1032 693 1071 503 266 706 0 78 297 690 1054 131 850 591 769 1031 740 285 96 390 832 325 696 488 933 470 544 415 852 776 258 427 818 713 935 275 407 525 444 391 910 573 432 875 373 1023 790 605 453 321 552 613 136 642 543 616 1095 110 799 122 544 504 127 313 350 222 57 334 216 712 640 875 826 297 174 410 361 833 766 450 1065 229 949 862 782 513 684 1077 299 645 676 142 663 673 759 874 989 896 697 595 746 305 595 618 546 692 512 566 349 913 829 652 709 524 670 322 629 602 102 137 156 403 679 689 870 411 186 875 640 1053 762 881 1052 655 792 966 1076 940 961 873 410 828 266 574 646 719 595 404 575 316 435 781 254 980 693 284 579 309 921 632 934 128 841 863 601 345 415 969 1020 958 991 868 262 572 545 342 695 507 711 403 40 550 1167 692 109 151 227 674 861 875 94 1014 713 954 397 865 758 365 625 776 580 654 955 743 804 113 250 632 107 517 982 841 922 468 203 550 1087 788 676 93 1086 877 1044 872 987 767 588 861 1005 499 187 354 240 127 919 485 391 407 761 577 742 1008 207 492 263 779 433 816 545 449 864 723 1089 235 446 813 858 824 889 284 596 442 302 1196 1023 106 361 842 809 657 339 802 865 306 602 397 900 782 1026 743 811 764 504 693 800 660 891 748 638 632 557 973 705 403 495 693 104 308 902 612 129 368 542
