149
0 206 854 498 823 466 274 90 190 726 330 136 401 207 183 115 410 247 137 85 342 534 970 291 879 497 25 90 110 796 519 350 333 514 368 836 840 554 532 633 579 296 376 730 866 454 209 191 152 673 751 627 191 759 182 63 477 322 427 102 822 523 846 303 351 352 409 538 639 507 445 584 539 293 253 403 465 279 217 306 230 591 603 718 81 828 864 74 608 395 346 281 237 556 317 288 307 743 572 492 131 679 805 843 862 641 501 430 461 628 466 555 538 107 431 121 376 683 734 804 790 354 582 659 50 254 698 677 805 832 431 116 150 18 340 341 64 561 306 488 653 827 132 613 415 378 495 604 450
206 0 684 293 717 504 102 270 82 523 372 322 326 183 323 183 208 52 272 285 484 475 766 186 761 331 197 224 204 678 528 467 184 327 524 630 634 382 414 508 429 181 405 524 661 592 203 113 99 607 570 498 302 572 131 266 401 176 429 306 616 522 706 314 385 506 241 335 538 475 278 441 530 158 412 434 545 344 218 241 36 423 401 531 125 622 658 166 402 514 204 359 358 420 331 251 175 542 419 286 269 477 601 663 723 457 523 233 481 450 557 422 346 100 244 196 335 505 550 678 584 318 559 500 226 382 566 508 665 670 231 89 107 223 183 392 224 396 403 336 577 640 326 421 395 502 408 403 252
854 684 0 456 326 726 704 869 665 537 714 988 907 666 847 758 588 632 824 905 928 1029 615 567 289 734 857 812 777 271 1150 874 521 363 983 408 453 725 887 290 283 560 691 424 415 984 875 662 701 459 129 282 803 708 807 917 952 747 1061 952 404 1136 169 665 1044 966 714 540 353 559 410 840 618 560 919 1086 831 1021 889 866 648 752 363 184 793 401 416 843 434 898 760 1038 833 319 667 895 767 561 800 484 826 545 535 68 176 689 691 610 680 716 862 325 353 756 655 880 571 739 155 234 477 586 583 198 844 854 234 776 170 49 594 751 703 872 514 1059 831 292 812 775 427 131 926 635 596 903 940 345 601
498 293 456 0 611 643 270 551 323 267 546 615 451 389 579 446 133 252 535 574 721 574 498 306 629 288 491 498 470 557 694 687 240 125 770 338 347 295 439 407 297 292 556 236 369 816 446 341 361 585 328 391 545 382 388 559 496 297 607 599 325 680 537 479 599 751 258 118 473 535 188 406 607 267 668 637 720 588 459 417 268 332 112 277 419 330 366 458 115 729 306 608 596 322 491 450 319 292 368 30 534 232 335 416 554 302 638 153 603 316 742 331 114 391 199 477 434 361 303 541 304 431 611 322 512 621 435 386 502 459 138 381 368 516 223 618 506 237 616 325 546 377 611 245 495 723 485 121 146
823 717 326 611 0 522 779 803 662 791 570 956 1014 615 746 709 716 669 743 845 770 1156 920 543 73 895 836 753 720 60 1240 710 532 486 822 705 747 906 1040 213 316 543 531 688 718 793 920 646 688 197 386 226 703 954 848 878 1077 843 1143 904 698 1232 160 550 1102 809 845 725 184 366 462 1017 394 560 793 1151 625 1057 935 947 681 943 566 430 788 696 719 841 647 719 865 1069 712 305 543 965 857 818 979 641 747 784 812 388 160 902 476 749 483 922 656 300 498 751 795 891 456 959 406 93 756 478 345 298 795 726 176 990 157 278 733 751 686 838 536 1108 779 374 665 929 190 442 849 845 444 731 1073 545 749
466 504 726 643 522 0 606 399 421 909 138 565 822 322 306 365 654 489 335 438 259 968 1126 352 594 822 489 375 360 529 981 200 409 560 306 929 955 864 918 435 474 365 99 852 955 271 651 391 415 325 686 443 279 1017 594 494 899 680 886 501 916 983 627 189 815 296 737 747 381 167 465 940 128 395 310 867 106 745 664 728 488 907 690 689 484 919 954 523 746 199 709 747 253 427 173 725 679 934 914 659 341 875 969 753 637 917 49 690 46 919 137 418 590 462 721 579 208 973 686 556 929 212 180 550 419 253 496 985 593 684 681 469 407 472 425 807 402 509 183 835 333 774 418 867 150 213 909 677 703
274 102 704 270 779 606 0 352 184 458 474 364 239 285 417 279 150 123 365 359 580 387 701 274 816 232 257 314 299 735 462 567 253 341 618 588 585 286 313 566 475 266 506 479 618 690 176 214 200 686 582 554 400 485 121 325 309 75 366 364 575 453 749 416 340 600 142 274 606 567 320 339 626 238 504 384 648 319 189 168 119 325 382 536 193 581 615 213 363 614 103 339 456 475 432 192 80 474 318 252 361 411 539 674 766 368 622 161 580 357 659 479 352 183 157 216 429 412 560 730 530 414 651 534 306 479 617 411 709 697 165 172 208 289 246 354 308 431 504 234 654 642 404 339 491 602 313 390 180
90 270 869 551 803 399 352 0 228 792 270 167 491 203 99 112 478 301 65 42 253 623 1036 301 864 580 115 57 91 782 600 264 355 549 278 890 897 636 621 627 587 310 318 787 921 364 298 217 189 639 775 623 120 837 270 95 567 406 511 105 876 606 843 260 432 262 491 604 621 465 469 672 487 315 163 482 386 356 306 397 286 674 650 748 159 881 918 164 665 308 432 355 155 559 271 378 393 812 658 549 60 747 870 865 859 720 439 502 401 709 383 556 575 171 508 209 347 764 760 795 851 325 534 671 45 168 693 761 802 843 501 182 183 85 367 418 45 579 227 574 624 855 60 688 373 290 585 648 521
190 82 665 323 662 421 184 228 0 573 290 323 406 100 260 123 267 81 213 255 414 555 814 119 712 409 192 174 146 628 597 393 144 325 459 662 670 458 497 460 394 119 322 560 692 520 263 30 39 538 560 452 232 639 193 254 481 258 498 291 648 593 667 231 445 440 321 387 480 398 255 522 450 107 351 496 464 395 278 317 72 499 421 528 130 653 690 182 438 439 287 406 287 377 248 323 258 594 499 323 212 530 649 652 684 526 440 297 398 522 477 377 349 92 316 229 257 578 543 632 625 239 481 472 192 312 522 583 626 645 293 89 45 209 150 448 184 372 326 417 511 636 288 486 314 428 490 419 315
726 523 537 267 791 909 458 792 573 0 814 823 530 651 834 696 315 494 787 808 982 598 243 572 788 311 713 744 719 731 756 952 507 359 1030 183 154 267 439 616 510 558 824 113 205 1081 614 595 608 814 422 599 804 170 576 781 538 441 692 822 175 736 675 746 717 1011 359 188 693 792 446 363 865 533 924 740 987 734 622 544 507 272 236 368 644 181 201 671 164 994 433 757 856 548 759 583 465 27 328 256 785 47 81 474 689 185 902 297 868 217 1009 559 331 623 310 673 700 218 397 705 93 698 862 495 749 882 621 258 651 564 294 612 616 743 490 744 747 451 881 352 773 413 850 156 760 988 515 256 278
330 372 714 546 570 138 474 270 290 814 0 437 685 190 187 227 538 363 204 311 213 831 1041 242 638 697 352 240 222 563 843 160 306 483 269 857 877 743 786 433 439 255 47 770 885 281 513 260 279 387 651 436 151 907 456 363 762 548 748 375 843 845 645 67 678 252 610 641 401 208 386 812 218 283 222 730 177 609 525 591 359 785 611 643 346 847 883 385 657 192 577 612 144 396 55 587 546 838 788 559 210 776 880 729 658 802 171 573 131 802 196 389 514 324 599 441 143 857 646 583 845 132 266 522 284 156 500 866 607 677 565 331 271 337 323 670 267 458 99 707 381 739 299 756 127 193 774 600 587
136 322 988 615 956 565 364 167 323 823 437 0 414 342 260 247 512 370 233 127 386 521 1065 428 1013 561 131 206 236 931 464 413 467 643 394 947 947 620 559 769 715 433 485 840 978 490 231 327 287 801 883 763 287 833 247 78 481 390 386 64 934 473 982 424 300 382 480 638 773 630 579 626 654 428 294 344 543 220 231 332 352 652 723 848 199 940 975 156 720 453 408 211 316 693 436 300 370 837 623 604 227 775 903 975 999 714 606 525 568 697 537 691 665 234 516 151 505 749 865 940 894 483 700 795 161 323 834 736 941 968 529 240 285 119 474 278 179 695 389 542 783 957 154 695 537 433 505 726 545
401 326 907 451 1014 822 239 491 406 530 685 414 0 502 581 464 319 360 531 478 744 148 746 510 1048 218 377 477 478 969 243 746 493 553 770 699 681 268 148 801 704 503 723 596 727 856 194 435 407 926 780 788 579 474 231 421 77 171 164 451 688 228 973 634 193 754 195 392 845 802 552 226 857 477 655 210 848 235 188 95 354 283 554 728 348 695 723 327 506 793 150 257 631 709 650 115 159 534 236 424 526 485 607 867 990 367 845 299 803 339 854 714 556 362 257 285 662 380 755 961 620 645 886 755 449 651 849 355 935 908 313 354 415 408 485 224 460 655 693 180 894 825 525 375 721 777 94 568 310
207 183 666 389 615 322 285 203 100 651 190 342 502 0 195 95 357 175 160 240 331 649 888 101 671 508 221 146 111 589 679 302 162 360 380 720 734 555 597 428 384 111 222 624 750 431 343 70 95 470 575 423 157 729 279 264 578 359 581 293 707 678 643 132 520 361 420 469 431 314 272 623 359 125 282 572 365 461 357 410 170 597 474 551 184 711 748 234 504 347 387 468 206 356 148 411 357 674 598 395 162 610 723 664 659 620 343 389 300 617 379 354 388 152 413 289 175 672 562 598 694 155 395 468 184 232 494 679 602 640 383 156 88 222 177 518 168 377 233 517 448 658 259 577 225 338 588 468 406
183 323 847 579 746 306 417 99 260 834 187 260 581 195 0 140 526 341 52 133 165 717 1074 294 810 649 208 105 118 732 699 166 357 555 201 914 926 703 704 586 563 305 234 815 944 276 391 239 227 571 764 585 43 895 353 193 657 479 609 195 900 704 803 196 531 183 559 648 569 393 466 749 404 320 90 581 287 455 400 485 329 743 668 743 236 905 941 254 694 212 506 454 56 529 202 470 469 855 732 582 56 790 909 850 817 780 349 554 314 772 284 524 583 235 567 304 292 828 753 748 883 272 453 649 133 70 654 828 763 816 551 245 219 182 372 517 121 565 129 647 560 848 112 743 304 195 674 663 572
115 183 758 446 709 365 279 112 123 696 227 247 464 95 140 0 386 202 90 147 301 607 938 190 766 512 133 55 23 684 616 289 243 437 341 784 793 564 577 523 478 198 270 683 814 410 286 106 87 557 662 518 120 755 233 169 542 346 520 198 770 617 738 191 451 322 422 509 525 392 356 616 428 203 230 504 383 385 298 369 189 605 541 635 119 775 812 158 561 336 374 390 176 451 205 361 338 717 597 446 89 652 772 753 754 640 396 414 355 633 389 449 464 103 428 215 260 689 648 693 749 238 469 561 88 199 589 690 697 733 411 112 79 129 254 445 74 467 229 512 537 743 171 603 300 322 555 538 432
410 208 588 133 716 654 150 478 267 315 538 512 319 357 526 386 0 186 477 493 682 447 559 301 742 184 398 432 409 665 561 658 250 237 726 437 435 214 324 505 400 289 559 329 468 786 322 293 299 661 461 490 500 372 271 467 369 164 474 507 424 548 658 472 467 707 130 127 561 577 259 310 644 259 616 504 716 460 333 284 197 256 242 410 329 430 465 358 214 703 173 481 555 414 487 318 187 333 276 109 475 269 394 549 675 264 660 37 621 265 733 421 237 308 80 366 454 319 436 654 381 445 658 441 435 580 543 331 621 589 26 297 307 427 235 487 433 345 590 214 624 510 535 220 518 694 360 253 49
247 52 632 252 669 489 123 301 81 494 363 370 360 175 341 202 186 0 293 322 496 509 736 151 712 334 241 250 225 629 572 474 137 276 540 590 597 380 433 459 378 143 390 486 621 601 253 108 114 566 518 449 314 557 181 309 432 198 474 348 577 565 654 300 433 521 248 307 492 444 226 451 503 116 431 482 540 396 268 281 17 422 356 480 170 582 618 215 364 519 226 411 369 370 316 295 203 515 425 248 291 450 571 612 671 446 503 216 461 442 554 373 296 139 237 248 307 498 499 628 549 292 528 447 260 394 515 504 614 618 211 130 122 265 133 442 255 344 406 345 535 589 360 405 369 509 436 357 233
137 272 824 535 743 335 365 65 213 787 204 233 531 160 52 90 477 293 0 107 217 668 1028 262 805 597 162 53 67 725 656 215 322 519 253 872 883 651 653 573 541 272 252 772 902 328 342 194 178 576 735 570 55 844 302 159 607 427 565 170 858 660 790 196 488 235 507 600 563 401 433 697 421 283 139 539 328 414 351 435 280 691 628 712 184 863 900 205 650 262 454 414 101 509 206 420 417 808 680 536 5 743 863 824 805 729 374 504 336 721 329 506 547 182 516 257 286 777 723 739 839 265 468 626 87 120 640 777 749 796 502 193 170 139 335 476 72 537 169 595 562 818 106 693 309 246 624 624 523
85 285 905 574 845 438 359 42 255 808 311 127 478 240 133 147 493 322 107 0 274 604 1052 337 905 582 106 94 129 824 572 293 388 579 293 913 918 640 613 667 625 345 359 808 943 384 284 247 215 682 808 663 160 844 266 62 552 407 486 63 899 578 883 302 404 278 494 620 663 508 502 668 528 348 182 453 419 326 290 385 306 676 675 780 166 904 941 156 686 335 431 323 190 597 313 363 392 827 657 569 102 762 887 899 899 726 479 514 442 714 415 595 604 185 516 193 389 769 793 836 870 367 576 708 62 199 733 763 842 880 515 196 210 73 398 388 73 614 263 573 666 888 47 698 416 317 572 675 534
342 484 928 721 770 259 580 253 414 982 213 386 744 331 165 301 682 496 217 274 0 876 1219 419 840 813 368 270 280 768 846 60 486 677 55 1047 1064 865 869 647 651 432 242 954 1077 112 551 389 386 577 862 650 182 1053 518 337 819 644 761 325 1034 853 856 266 678 39 722 800 610 403 583 914 385 454 93 726 185 600 560 648 486 906 799 850 401 1038 1074 416 835 74 671 595 126 610 261 631 634 1005 897 727 221 941 1055 942 868 940 309 712 290 934 166 603 708 399 728 462 356 989 855 791 1025 342 437 735 294 102 713 991 818 891 708 410 377 338 502 661 284 666 116 812 579 949 234 901 337 53 837 792 730
534 475 1029 574 1156 968 387 623 555 598 831 521 148 649 717 607 447 509 668 604 876 0 785 659 1187 302 508 615 619 1108 170 883 640 685 898 777 752 332 158 943 843 652 870 681 802 987 325 583 554 1073 900 929 718 500 374 544 79 315 158 568 768 147 1106 781 238 883 317 495 989 951 693 240 1005 625 785 220 990 310 316 239 502 326 668 846 489 774 798 462 609 929 291 327 769 850 797 247 306 595 270 545 662 558 666 984 1123 416 992 420 950 384 994 856 684 507 375 413 811 407 874 1099 691 794 1034 888 583 787 987 372 1069 1033 436 499 562 538 631 269 595 791 833 259 1040 936 649 443 870 912 88 684 427
970 766 615 498 920 1126 701 1036 814 243 1041 1065 746 888 1074 938 559 736 1028 1052 1219 785 0 804 899 532 957 987 961 860 953 1186 737 566 1268 216 178 478 631 781 687 790 1047 273 202 1315 851 835 850 985 534 765 1043 285 818 1025 739 679 903 1065 225 931 778 975 939 1249 593 431 861 994 660 545 1067 766 1164 956 1211 964 858 775 750 466 435 495 888 225 201 914 385 1227 668 987 1094 731 986 814 702 227 520 492 1027 290 165 547 788 379 1113 541 1083 408 1235 742 535 867 549 914 919 378 516 827 197 920 1057 647 993 1120 768 414 766 655 538 856 858 986 720 968 990 634 1115 567 945 485 1093 377 975 1222 712 449 521
291 186 567 306 543 352 274 301 119 572 242 428 510 101 294 190 301 151 262 337 419 659 804 0 593 473 300 244 209 510 713 382 67 261 470 628 645 513 583 343 288 13 258 535 657 511 382 103 146 421 474 336 254 667 311 352 583 349 614 386 614 708 555 174 564 452 392 400 360 293 171 595 353 42 378 615 418 515 396 427 156 555 380 450 246 618 655 299 418 423 377 526 299 264 188 437 354 597 566 317 263 534 641 563 571 564 359 338 319 567 438 263 291 209 370 348 157 620 461 516 608 145 377 370 277 324 407 633 513 543 328 207 145 308 83 568 264 277 311 490 392 556 359 516 220 418 588 373 351
879 761 289 629 73 594 816 864 712 788 638 1013 1048 671 810 766 742 712 805 905 840 1187 899 593 0 916 890 812 779 83 1279 780 576 507 892 686 730 923 1065 252 344 592 600 680 697 866 964 697 740 270 370 263 767 954 892 935 1108 878 1183 963 680 1269 121 614 1146 879 872 738 242 436 496 1036 467 607 860 1194 697 1104 979 985 725 958 572 420 839 678 698 892 652 791 898 1117 779 342 608 1005 893 814 997 659 809 785 801 355 113 911 548 773 554 933 729 339 515 802 820 941 519 967 393 88 744 540 418 308 854 794 199 1000 136 245 757 801 738 894 578 1153 837 397 734 952 261 415 911 854 511 802 1102 551 771
497 331 734 288 895 822 232 580 409 311 697 561 218 508 649 512 184 334 597 582 813 302 532 473 916 0 477 545 532 842 449 799 429 409 850 483 463 59 153 686 578 461 724 383 510 922 332 439 430 846 605 671 632 273 319 539 232 174 381 577 473 430 825 634 408 832 90 195 744 758 443 125 823 431 736 429 873 433 337 245 338 94 370 550 420 479 506 428 307 845 153 456 688 596 650 284 192 315 92 257 594 267 388 685 842 157 833 148 792 136 887 604 402 414 105 410 629 188 578 828 402 618 840 610 534 711 720 180 790 742 163 404 439 510 415 436 538 521 734 43 809 636 629 157 693 833 213 388 146
25 197 857 491 836 489 257 115 192 713 352 131 377 221 208 133 398 241 162 106 368 508 957 300 890 477 0 114 131 807 495 375 336 513 393 827 830 535 508 643 585 303 398 721 858 479 183 197 156 689 752 636 216 741 160 69 452 302 402 109 814 498 855 323 327 377 390 525 651 526 448 562 560 298 278 379 490 256 192 282 224 571 597 718 71 819 855 50 599 421 325 259 262 564 337 263 286 730 551 483 156 666 793 844 871 623 524 416 483 609 491 563 536 103 415 96 393 664 734 815 779 371 602 664 75 279 707 657 813 837 418 111 155 33 343 317 89 564 331 467 669 827 153 597 434 404 471 599 436
90 224 812 498 753 375 314 57 174 744 240 206 477 146 105 55 432 250 53 94 270 615 987 244 812 545 114 0 34 730 609 268 298 492 304 836 845 600 599 572 531 252 286 734 867 382 289 161 136 594 717 568 103 796 248 128 554 375 516 151 823 612 789 218 441 287 455 556 570 424 411 644 452 258 190 493 377 370 300 381 236 639 595 690 131 828 864 154 612 315 401 372 153 503 231 368 364 764 628 497 49 700 821 807 804 680 411 457 371 671 379 500 518 131 467 207 299 726 703 741 799 277 496 614 45 173 639 725 747 786 456 142 129 97 309 431 27 521 218 543 577 798 116 646 331 299 570 592 476
110 204 777 470 720 360 299 91 146 719 222 236 478 111 118 23 409 225 67 129 280 619 961 209 779 532 131 34 0 697 621 271 264 459 319 807 817 585 594 538 496 218 267 706 838 390 295 130 111 565 683 534 102 777 247 158 555 364 527 183 794 623 754 192 455 301 442 532 537 397 378 634 428 225 207 507 371 387 306 382 212 625 564 657 130 798 835 163 584 318 392 390 157 468 206 372 355 740 616 470 65 675 795 773 770 662 393 437 352 654 376 466 486 119 449 219 268 710 669 708 772 246 471 580 74 180 605 711 713 752 434 130 103 121 276 448 58 487 215 531 546 764 150 626 304 304 569 561 455
796 678 271 557 60 529 735 782 628 731 563 931 969 589 732 684 665 629 725 824 768 1108 860 510 83 842 807 730 697 0 1197 709 494 432 822 644 686 851 989 169 265 509 527 627 658 800 882 614 657 214 325 181 688 894 809 853 1029 797 1101 881 637 1188 113 535 1063 808 795 669 162 366 416 963 405 524 785 1112 634 1021 896 904 642 887 508 369 756 636 659 809 588 723 818 1034 702 260 531 923 812 758 925 587 729 724 751 330 117 845 485 697 487 865 666 256 443 719 744 858 439 902 345 37 695 460 359 240 772 718 121 933 100 222 682 718 655 812 496 1071 755 321 660 877 196 384 831 787 435 733 1024 487 696
519 528 1150 694 1240 981 462 600 597 756 843 464 243 679 699 616 561 572 656 572 846 170 953 713 1279 449 495 609 621 1197 0 864 709 793 857 932 910 488 322 1028 937 709 887 832 958 953 335 622 585 1134 1023 1016 711 669 403 509 218 405 98 522 922 23 1209 804 168 845 439 634 1064 993 783 407 1039 686 753 119 985 245 322 293 561 489 797 971 499 928 954 458 747 908 389 252 755 937 820 276 387 756 434 667 650 714 828 1111 1226 579 1013 542 971 548 984 941 797 527 500 402 852 575 998 1193 849 833 1074 993 569 769 1080 541 1170 1149 557 523 591 517 704 185 584 891 825 406 1105 1068 612 600 905 889 242 811 553
350 467 874 687 710 200 567 264 393 952 160 413 746 302 166 289 658 474 215 293 60 883 1186 382 780 799 375 268 271 709 864 0 449 636 112 1008 1026 850 865 590 599 395 184 917 1037 129 557 365 368 517 812 594 169 1031 516 355 823 635 776 349 995 870 798 219 696 99 709 772 552 344 540 905 324 419 124 746 135 619 567 650 465 891 761 802 399 998 1035 421 800 47 663 616 115 557 212 636 627 975 885 696 220 912 1022 890 810 920 249 690 229 915 123 550 667 391 710 471 304 971 806 733 990 292 377 683 300 96 656 975 761 836 684 401 359 349 465 681 287 618 70 801 519 900 259 878 280 36 839 752 707
333 184 521 240 532 409 253 355 144 507 306 467 493 162 357 243 250 137 322 388 486 640 737 67 576 429 336 298 264 494 709 449 0 197 537 561 577 464 550 324 250 53 318 468 590 577 388 142 180 433 420 314 319 607 315 396 562 325 611 431 548 702 525 239 569 518 354 338 355 328 113 553 394 40 443 619 481 528 402 417 149 506 313 392 274 552 588 326 352 489 350 541 365 236 251 433 334 532 522 253 323 470 575 511 542 509 411 287 373 513 502 238 225 237 324 369 204 566 405 494 541 197 411 327 326 390 382 581 484 501 276 233 182 350 16 577 315 228 378 450 400 499 415 458 268 485 563 307 298
514 327 363 125 486 560 341 549 325 359 483 643 553 360 555 437 237 276 519 579 677 685 566 261 507 409 513 492 459 432 793 636 197 0 730 373 396 420 558 282 171 249 483 292 401 763 512 331 364 464 244 266 516 496 445 578 606 387 701 616 360 780 421 418 681 712 368 242 349 433 96 530 506 235 640 724 647 658 526 505 293 457 130 204 444 363 400 491 194 674 403 675 560 199 428 532 406 386 492 155 519 334 412 337 437 425 548 267 517 441 672 208 31 410 313 523 354 483 223 418 369 356 503 203 516 585 311 510 384 357 251 403 368 533 183 696 506 112 566 445 424 313 609 367 409 671 598 117 264
368 524 983 770 822 306 618 278 459 1030 269 394 770 380 201 341 726 540 253 293 55 898 1268 470 892 850 393 304 319 822 857 112 537 730 0 1099 1114 904 900 702 706 484 296 1004 1128 98 576 435 428 628 917 705 226 1096 548 354 844 680 776 336 1085 866 910 321 691 19 760 846 664 456 636 948 433 504 115 738 222 612 583 675 529 944 851 905 434 1089 1126 443 885 109 706 605 173 665 317 655 668 1052 932 775 256 988 1103 997 923 982 356 755 340 974 198 658 761 435 769 485 411 1030 910 845 1075 398 486 790 322 148 768 1030 873 947 751 446 419 362 553 672 315 721 171 848 631 1004 248 944 392 93 864 844 773
836 630 408 338 705 929 588 890 662 183 857 947 699 720 914 784 437 590 872 913 1047 777 216 628 686 483 827 836 807 644 932 1008 561 373 1099 0 45 445 619 566 476 615 857 108 30 1136 757 677 700 770 319 550 878 336 709 896 714 588 863 936 13 913 566 791 880 1080 515 319 646 789 470 546 861 595 1002 907 1020 888 767 701 606 454 247 279 756 9 27 791 227 1047 586 910 926 521 801 739 612 194 510 344 871 219 139 340 577 368 913 433 885 400 1045 532 342 729 458 803 726 399 300 612 91 729 848 431 851 951 551 440 552 445 424 719 707 854 545 905 845 427 937 525 730 277 950 334 778 1043 693 256 414
840 634 453 347 747 955 585 897 670 154 877 947 681 734 926 793 435 597 883 918 1064 752 178 645 730 463 830 845 817 686 910 1026 577 396 1114 45 0 421 593 603 509 631 880 110 54 1155 750 688 708 807 361 587 891 297 705 899 692 579 844 939 49 890 610 811 865 1095 502 311 683 819 492 517 892 610 1015 891 1043 877 759 689 612 426 266 319 759 52 50 792 233 1066 574 899 941 554 822 727 603 160 483 348 882 196 98 385 622 339 940 426 911 370 1068 565 365 733 448 801 750 365 341 655 60 752 880 469 857 966 591 406 595 489 419 723 715 857 561 891 852 458 955 504 767 322 957 309 804 1062 669 278 407
554 382 725 295 906 864 286 636 458 267 743 620 268 555 703 564 214 380 651 640 865 332 478 513 923 59 535 600 585 851 488 850 464 420 904 445 421 0 174 701 591 500 767 350 470 974 392 487 481 869 596 685 684 214 378 598 270 232 427 635 436 468 827 678 460 886 145 186 763 791 465 114 859 470 790 478 920 490 396 303 386 42 362 540 476 442 467 486 291 896 211 512 740 613 694 342 251 268 75 265 648 226 341 672 843 99 872 176 832 77 934 622 408 469 143 469 667 129 570 835 360 657 873 615 591 764 730 125 794 737 189 458 490 567 449 490 594 532 784 88 831 620 686 111 731 885 247 381 168
532 414 887 439 1040 918 313 621 497 439 786 559 148 597 704 577 324 433 653 613 869 158 631 583 1065 153 508 599 594 989 322 865 550 558 900 619 593 174 0 829 724 573 819 525 644 981 332 527 507 978 758 815 696 348 351 560 110 238 277 591 610 300 976 728 331 883 198 348 884 875 582 87 936 543 784 335 956 382 329 229 432 168 524 703 468 616 640 457 459 912 209 403 751 738 745 259 240 436 112 409 648 400 508 839 993 257 936 291 894 226 966 745 553 474 245 422 740 253 732 976 533 726 959 760 577 772 867 222 941 896 307 464 516 540 538 363 585 668 807 113 943 788 660 285 802 898 81 541 294
633 508 290 407 213 435 566 627 460 616 433 769 801 428 586 523 505 459 573 667 647 943 781 343 252 686 643 572 538 169 1028 590 324 282 702 566 603 701 829 0 110 341 406 524 586 697 712 447 490 203 269 16 542 769 640 692 864 630 931 721 556 1020 217 393 893 686 633 524 80 269 249 809 330 355 648 942 541 852 727 735 472 739 381 291 589 557 586 642 460 612 652 865 564 92 392 754 644 644 772 437 576 601 651 322 232 706 401 539 390 723 572 87 299 552 585 690 296 764 277 172 598 314 301 136 612 582 67 792 176 248 523 550 489 649 326 901 596 171 532 719 164 352 678 648 310 618 860 361 540
579 429 283 297 316 474 475 587 394 510 439 715 704 384 563 478 400 378 541 625 651 843 687 288 344 578 585 531 496 265 937 599 250 171 706 476 509 591 724 110 0 282 422 422 499 716 631 388 429 304 214 94 520 660 559 641 763 534 841 674 465 927 276 386 809 689 529 413 183 319 154 701 389 287 637 856 575 774 645 643 392 629 274 215 525 466 498 577 351 628 554 789 552 47 389 665 549 538 663 327 543 492 549 291 293 595 449 432 428 612 604 57 188 487 479 620 295 654 212 256 498 308 372 85 565 573 144 681 236 255 417 483 429 596 247 819 552 61 535 612 263 302 644 538 330 631 758 254 432
296 181 560 292 543 365 266 310 119 558 255 433 503 111 305 198 289 143 272 345 432 652 790 13 592 461 303 252 218 509 709 395 53 249 484 615 631 500 573 341 282 0 271 522 644 524 379 106 148 425 465 334 266 653 307 358 575 340 610 392 601 703 551 188 562 465 381 386 361 302 161 583 363 30 391 612 432 513 394 421 149 543 367 440 247 605 642 300 404 437 368 525 312 260 201 432 346 583 554 303 273 521 627 555 567 551 371 325 332 554 452 260 278 210 358 348 168 607 451 514 594 156 386 364 284 337 404 620 509 537 315 208 148 314 69 566 271 268 324 479 396 546 368 503 231 431 579 360 338
376 405 691 556 531 99 506 318 322 824 47 485 723 222 234 270 559 390 252 359 242 870 1047 258 600 724 398 286 267 527 887 184 318 483 296 857 880 767 819 406 422 271 0 774 884 294 555 292 315 344 636 410 199 925 496 410 799 581 791 422 844 887 613 90 722 281 639 657 368 166 387 842 170 301 263 774 164 654 567 630 389 810 613 632 388 847 883 429 664 207 610 657 188 378 74 627 580 849 816 571 258 788 888 711 626 823 125 595 84 824 188 370 515 364 624 485 131 878 632 549 850 127 219 504 331 198 471 889 576 653 586 371 308 384 335 715 314 447 134 736 341 724 346 775 95 212 810 601 608
730 524 424 236 688 852 479 787 560 113 770 840 596 624 815 683 329 486 772 808 954 681 273 535 680 383 721 734 706 627 832 917 468 292 1004 108 110 350 525 524 422 522 774 0 138 1046 648 577 598 725 311 507 781 284 601 790 615 480 760 830 95 813 565 704 773 985 408 210 602 722 387 457 795 500 905 802 938 780 658 594 502 364 161 260 650 102 135 684 122 958 478 801 831 464 715 631 504 136 419 238 771 131 127 360 578 285 840 324 809 315 962 475 262 623 351 695 645 326 287 599 77 647 787 396 747 856 521 365 543 452 315 614 604 748 452 798 741 366 846 425 685 299 846 241 701 953 595 176 306
866 661 415 369 718 955 618 921 692 205 885 978 727 750 944 814 468 621 902 943 1077 802 202 657 697 510 858 867 838 658 958 1037 590 401 1128 30 54 470 644 586 499 644 884 138 0 1164 787 708 731 790 333 571 908 351 739 927 740 618 890 967 44 938 576 820 908 1109 544 348 666 814 498 569 886 625 1032 935 1047 917 797 730 637 477 277 297 786 39 3 822 258 1075 615 939 956 544 829 768 642 213 534 375 902 244 152 346 587 390 938 463 911 422 1073 555 370 759 488 834 753 418 316 625 111 757 871 451 881 981 568 459 564 454 454 750 737 884 575 933 875 451 966 552 751 284 980 359 805 1072 718 285 444
454 592 984 816 793 271 690 364 520 1081 281 490 856 431 276 410 786 601 328 384 112 987 1315 511 866 922 479 382 390 800 953 129 577 763 98 1136 1155 974 981 697 716 524 294 1046 1164 0 663 493 493 596 930 702 290 1158 630 446 931 755 869 431 1122 961 896 344 786 108 832 901 649 435 667 1025 398 548 202 833 169 707 671 760 592 1015 889 924 513 1126 1163 528 929 89 782 701 234 672 336 743 745 1104 1007 825 332 1041 1151 1005 907 1046 317 817 313 1041 138 664 794 510 835 574 422 1097 926 827 1119 413 449 798 406 210 760 1100 861 945 812 520 484 449 594 768 396 739 199 922 605 1018 341 1006 388 93 949 879 834
209 203 875 446 920 651 176 298 263 614 513 231 194 343 391 286 322 253 342 284 551 325 851 382 964 332 183 289 295 882 335 557 388 512 576 757 750 392 332 712 631 379 555 648 787 663 0 287 249 802 756 702 393 606 72 228 268 172 237 259 744 334 907 470 182 560 258 438 739 657 478 395 703 359 462 233 666 145 14 102 239 421 558 712 167 750 784 136 536 603 183 163 443 623 486 79 148 625 391 428 336 566 695 848 924 488 680 324 638 469 669 626 526 192 303 91 516 519 734 881 693 497 738 698 258 461 769 505 867 865 332 187 255 214 386 189 269 594 508 311 774 818 331 475 569 587 288 566 342
191 113 662 341 646 391 214 217 30 595 260 327 435 70 239 106 293 108 194 247 389 583 835 103 697 439 197 161 130 614 622 365 142 331 435 677 688 487 527 447 388 106 292 577 708 493 287 0 42 516 561 440 208 665 219 254 511 289 523 289 664 619 657 201 468 416 351 411 462 371 255 552 422 102 329 519 434 414 301 345 101 529 434 532 142 669 705 195 455 411 318 424 262 367 217 349 288 617 529 343 194 553 670 653 674 554 410 324 368 550 448 367 357 105 345 245 230 606 546 619 644 211 454 468 185 287 510 611 616 641 319 105 41 209 151 469 174 369 298 447 490 640 277 513 286 401 519 431 341
152 99 701 361 688 415 200 189 39 608 279 287 407 95 227 87 299 114 178 215 386 554 850 146 740 430 156 136 111 657 585 368 180 364 428 700 708 481 507 490 429 148 315 598 731 493 249 42 0 556 598 482 203 668 184 215 484 271 487 252 687 583 699 226 429 409 340 421 505 407 292 539 455 141 317 480 449 373 263 315 101 522 460 567 99 692 728 152 475 415 299 383 259 409 243 315 266 629 518 360 176 564 685 690 716 554 438 327 395 548 460 409 389 63 342 203 267 604 582 662 663 247 489 508 152 284 553 606 658 681 323 64 8 170 188 429 145 408 304 434 531 675 249 516 320 403 494 459 345
673 607 459 585 197 325 686 639 538 814 387 801 926 470 571 557 661 566 576 682 577 1073 985 421 270 846 689 594 565 214 1134 517 433 464 628 770 807 869 978 203 304 425 344 725 790 596 802 516 556 0 468 219 530 960 732 722 995 758 1036 743 760 1129 323 379 984 616 780 704 123 179 404 971 197 450 608 1035 427 929 816 847 575 910 577 494 653 761 790 704 653 524 784 938 531 266 370 858 767 841 936 612 581 795 853 505 330 887 278 697 288 901 459 256 487 618 740 758 296 946 479 247 801 318 147 339 639 543 231 971 298 411 683 620 552 686 442 985 622 363 478 873 40 545 679 831 266 536 996 558 702
751 570 129 328 386 686 582 775 560 422 651 883 780 575 764 662 461 518 735 808 862 900 534 474 370 605 752 717 683 325 1023 812 420 244 917 319 361 596 758 269 214 465 636 311 333 930 756 561 598 468 0 256 722 591 689 814 824 621 934 851 311 1008 254 596 921 899 586 411 347 527 306 711 594 460 842 962 788 901 769 741 535 625 234 56 684 310 334 733 306 842 633 919 758 259 600 771 642 447 672 356 737 425 431 93 267 564 659 482 640 590 817 268 230 649 526 766 508 616 26 294 373 520 569 137 746 780 239 652 234 143 466 643 601 769 410 937 735 198 746 646 430 88 833 510 544 844 811 216 472
627 498 282 391 226 443 554 623 452 599 436 763 788 423 585 518 490 449 570 663 650 929 765 336 263 671 636 568 534 181 1016 594 314 266 705 550 587 685 815 16 94 334 410 507 571 702 702 440 482 219 256 0 541 752 629 686 850 617 920 717 540 1007 220 394 883 689 619 508 95 278 236 794 340 346 649 931 548 842 716 723 462 723 364 276 581 541 571 634 443 617 639 855 564 79 393 742 631 627 756 421 573 584 634 312 236 690 410 524 397 707 579 76 283 544 570 681 297 748 263 180 582 315 313 121 607 583 70 776 179 242 508 542 482 643 315 891 592 155 535 704 179 340 675 632 314 623 846 344 525
191 302 803 545 703 279 400 120 232 804 151 287 579 157 43 120 500 314 55 160 182 718 1043 254 767 632 216 103 102 688 711 169 319 516 226 878 891 684 696 542 520 266 199 781 908 290 393 208 203 530 722 541 0 871 348 214 655 466 619 223 864 714 759 153 543 207 542 619 526 353 425 736 369 283 124 594 274 470 403 483 304 725 631 702 230 869 906 257 660 216 494 470 56 485 161 471 458 826 717 550 61 761 877 808 774 758 319 530 281 752 276 480 545 222 546 311 249 807 711 704 850 229 417 606 142 80 610 810 719 773 526 232 195 195 334 532 127 523 115 633 519 806 149 719 264 202 671 626 547
759 572 708 382 954 1017 485 837 639 170 907 833 474 729 895 755 372 557 844 844 1053 500 285 667 954 273 741 796 777 894 669 1031 607 496 1096 336 297 214 348 769 660 653 925 284 351 1158 606 665 668 960 591 752 871 0 588 806 457 442 624 845 332 647 843 841 667 1077 353 270 842 918 571 261 989 624 984 679 1085 702 610 517 567 191 389 537 679 338 347 694 309 1076 424 725 926 693 855 556 462 148 239 360 842 169 198 645 857 118 1017 341 980 137 1103 704 473 666 329 681 810 95 565 870 246 805 993 655 792 951 780 128 818 734 346 655 676 773 591 698 793 599 962 300 920 583 890 152 873 1067 430 409 323
182 131 807 388 848 594 121 270 193 576 456 247 231 279 353 233 271 181 302 266 518 374 818 311 892 319 160 248 247 809 403 516 315 445 548 709 705 378 351 640 559 307 496 601 739 630 72 219 184 732 689 629 348 588 0 220 308 145 305 257 696 400 836 409 254 531 234 394 668 590 407 402 639 287 432 304 617 214 87 135 167 412 500 647 117 702 736 109 484 563 166 231 401 551 425 131 127 591 391 372 297 529 657 782 853 469 620 280 578 453 623 553 461 132 268 96 449 507 668 809 651 430 672 628 225 422 697 499 795 796 286 125 190 193 314 261 233 523 462 307 704 754 313 448 504 548 322 506 299
63 266 917 559 878 494 325 95 254 781 363 78 421 264 193 169 467 309 159 62 337 544 1025 352 935 539 69 128 158 853 509 355 396 578 354 896 899 598 560 692 641 358 410 790 927 446 228 254 215 722 814 686 214 806 220 0 494 365 423 40 883 516 906 346 341 340 454 594 694 552 508 619 578 356 244 390 480 264 233 330 292 633 665 782 140 888 924 112 668 398 387 261 250 617 358 306 347 798 610 552 153 735 862 906 922 688 533 484 495 673 477 615 601 169 482 137 426 727 797 862 848 404 623 722 83 261 757 719 865 895 487 178 213 45 404 325 100 624 323 527 704 890 105 663 459 379 515 666 504
477 401 952 496 1077 899 309 567 481 538 762 481 77 578 657 542 369 432 607 552 819 79 739 583 1108 232 452 554 555 1029 218 823 562 606 844 714 692 270 110 864 763 575 799 615 740 931 268 511 484 995 824 850 655 457 308 494 0 237 167 521 704 198 1027 710 226 829 239 423 910 875 614 197 931 548 730 226 925 285 261 172 426 273 593 771 425 711 737 403 537 869 212 305 708 771 727 189 228 538 219 468 602 496 610 909 1044 362 921 343 879 331 931 777 606 439 297 359 736 362 798 1020 631 719 959 810 525 727 908 332 990 956 358 431 491 482 553 259 536 712 770 189 962 863 598 382 796 853 29 609 351
322 176 747 297 843 680 75 406 258 441 548 390 171 359 479 346 164 198 427 407 644 315 679 349 878 174 302 375 364 797 405 635 325 387 680 588 579 232 238 630 534 340 581 480 618 755 172 289 271 758 621 617 466 442 145 365 237 0 313 403 576 393 804 490 302 662 89 269 674 642 381 270 701 312 564 340 720 300 180 120 195 268 406 572 247 582 614 253 373 682 28 321 522 538 507 154 23 453 252 273 423 394 523 712 821 324 698 157 656 308 731 543 393 245 131 239 505 362 597 790 522 490 726 587 361 544 678 355 765 744 168 234 279 335 316 323 365 486 574 167 725 674 454 305 566 669 239 417 174
427 429 1061 607 1143 886 366 511 498 692 748 386 164 581 609 520 474 474 565 486 761 158 903 614 1183 381 402 516 527 1101 98 776 611 701 776 863 844 427 277 931 841 610 791 760 890 869 237 523 487 1036 934 920 619 624 305 423 167 313 0 440 852 96 1115 707 87 762 357 556 966 894 687 364 941 587 668 61 893 165 224 198 463 436 713 884 403 859 887 363 668 820 301 178 665 840 723 178 294 695 384 582 559 648 768 1024 1132 523 916 457 874 494 893 844 707 429 418 308 754 529 910 1097 784 734 976 899 477 680 984 499 1075 1058 472 425 493 427 607 114 492 797 734 340 1007 984 527 537 807 802 196 726 470
102 306 952 599 904 501 364 105 291 822 375 64 451 293 195 198 507 348 170 63 325 568 1065 386 963 577 109 151 183 881 522 349 431 616 336 936 939 635 591 721 674 392 422 830 967 431 259 289 252 743 851 717 223 845 257 40 521 403 440 0 923 530 937 364 355 323 492 634 721 570 545 653 592 391 232 402 479 276 263 362 332 670 705 819 180 928 964 151 708 390 424 270 251 649 376 335 384 838 645 592 165 775 902 943 953 726 543 524 505 711 472 647 640 209 521 170 449 765 835 891 888 427 639 756 109 258 787 756 896 929 527 218 249 83 440 336 125 659 324 563 727 928 91 703 478 370 544 706 544
822 616 404 325 698 916 575 876 648 175 843 934 688 707 900 770 424 577 858 899 1034 768 225 614 680 473 814 823 794 637 922 995 548 360 1085 13 49 436 610 556 465 601 844 95 44 1122 744 664 687 760 311 540 864 332 696 883 704 576 852 923 0 903 560 778 868 1066 503 306 636 778 457 537 850 581 989 896 1007 876 754 689 593 445 234 270 742 6 41 778 214 1033 573 897 913 510 788 727 600 188 501 330 858 210 138 336 572 360 901 420 872 392 1033 521 329 715 446 790 713 393 292 605 86 716 837 422 837 938 542 433 545 440 411 706 693 840 532 893 831 415 924 515 720 273 936 325 766 1030 683 243 402
523 522 1136 680 1232 983 453 606 593 736 845 473 228 678 704 617 548 565 660 578 853 147 931 708 1269 430 498 612 623 1188 23 870 702 780 866 913 890 468 300 1020 927 703 887 813 938 961 334 619 583 1129 1008 1007 714 647 400 516 198 393 96 530 903 0 1198 804 174 853 423 616 1057 990 773 385 1037 680 760 129 989 253 320 285 555 468 782 957 499 909 935 460 730 914 377 262 760 928 819 271 377 735 413 653 654 694 808 1096 1215 557 1013 527 971 527 988 932 784 526 484 404 849 553 983 1183 829 830 1072 981 573 774 1070 519 1159 1136 542 521 589 522 697 195 588 880 829 387 1100 1053 619 580 903 895 221 796 538
846 706 169 537 160 627 749 843 667 675 645 982 973 643 803 738 658 654 790 883 856 1106 778 555 121 825 855 789 754 113 1209 798 525 421 910 566 610 827 976 217 276 551 613 565 576 896 907 657 699 323 254 220 759 843 836 906 1027 804 1115 937 560 1198 0 609 1085 895 789 640 247 460 430 941 506 560 863 1132 733 1051 922 917 669 859 468 306 797 558 578 850 547 815 822 1065 779 290 607 941 821 700 901 567 793 675 684 234 17 807 586 687 583 830 765 291 423 760 733 895 512 862 278 76 627 531 464 217 827 797 149 896 41 124 671 757 699 863 523 1096 812 318 744 863 300 294 896 751 519 824 1019 448 683
303 314 665 479 550 189 416 260 231 746 67 424 634 132 196 191 472 300 196 302 266 781 975 174 614 634 323 218 192 535 804 219 239 418 321 791 811 678 728 393 386 188 90 704 820 344 470 201 226 379 596 394 153 841 409 346 710 490 707 364 778 804 609 0 641 303 548 574 372 206 322 751 237 216 255 694 244 576 483 541 298 721 545 584 304 782 818 349 590 255 519 581 170 346 16 540 489 771 726 491 201 709 813 677 623 736 211 507 168 737 263 340 449 278 535 405 97 791 589 552 778 79 278 471 263 189 461 801 570 632 499 284 219 314 255 636 246 399 150 646 366 683 300 689 113 253 720 535 522
351 385 1044 599 1102 815 340 432 445 717 678 300 193 520 531 451 467 433 488 404 678 238 939 564 1146 408 327 441 455 1063 168 696 569 681 691 880 865 460 331 893 809 562 722 773 908 786 182 468 429 984 921 883 543 667 254 341 226 302 87 355 868 174 1085 641 0 678 365 564 922 835 655 416 877 542 585 52 816 79 167 182 421 476 709 873 337 874 905 293 673 740 297 91 587 804 657 149 280 723 429 576 482 671 796 1012 1103 560 848 457 806 533 815 807 691 368 423 236 695 573 897 1062 805 675 915 873 401 601 949 547 1045 1037 469 365 433 349 567 32 416 769 657 371 957 976 444 565 745 721 255 720 473
352 506 966 751 809 296 600 262 440 1011 252 382 754 361 183 322 707 521 235 278 39 883 1249 452 879 832 377 287 301 808 845 99 518 712 19 1080 1095 886 883 686 689 465 281 985 1109 108 560 416 409 616 899 689 207 1077 531 340 829 662 762 323 1066 853 895 303 678 0 742 827 649 443 618 930 423 485 98 725 216 599 568 659 510 926 832 887 416 1070 1107 426 865 102 688 593 154 648 299 640 650 1033 915 756 238 969 1084 980 908 963 346 736 328 956 194 641 742 417 750 470 394 1011 892 831 1056 380 475 773 305 129 752 1012 858 930 733 428 400 346 534 659 298 703 154 830 618 987 234 926 376 84 848 825 754
409 241 714 258 845 737 142 491 321 359 610 480 195 420 559 422 130 248 507 494 722 317 593 392 872 90 390 455 442 795 439 709 354 368 760 515 502 145 198 633 529 381 639 408 544 832 258 351 340 780 586 619 542 353 234 454 239 89 357 492 503 423 789 548 365 742 0 200 686 681 384 203 745 351 646 395 785 375 265 186 250 183 358 534 331 509 540 341 311 756 74 398 598 541 564 225 110 368 177 230 503 311 439 673 806 234 750 104 709 219 798 548 367 324 61 329 549 274 561 784 443 537 764 572 445 621 674 270 752 717 120 313 349 422 342 389 448 476 645 97 745 629 541 217 613 743 230 373 114
