96
0 331 667 600 246 547 311 279 110 241 360 393 413 816 900 646 714 631 161 806 788 764 587 545 234 333 684 367 105 739 346 849 262 622 693 737 685 369 581 394 723 346 731 239 729 694 728 296 251 181 407 441 174 400 301 348 259 901 320 492 829 562 385 173 649 465 887 310 255 455 359 710 654 413 320 844 647 238 410 475 604 254 566 423 644 768 278 318 85 413 295 626 143 529 913 720
331 0 670 552 527 778 53 165 265 567 45 68 579 1020 867 495 875 549 486 671 856 815 772 643 423 495 490 123 317 591 135 684 540 795 923 847 711 626 829 527 944 403 908 570 793 615 759 625 137 149 577 126 490 497 100 678 585 759 639 770 808 658 241 504 319 747 844 491 488 187 596 573 507 456 55 778 509 516 658 282 674 570 426 482 738 878 240 410 369 410 140 723 345 680 801 726
667 670 0 135 563 493 711 515 575 809 712 719 344 563 236 311 381 181 768 305 215 164 387 199 452 372 399 558 760 310 537 388 558 369 561 269 55 517 556 311 551 322 435 753 162 164 96 755 557 647 350 639 644 278 572 858 706 371 893 612 162 191 432 738 786 616 227 403 484 555 474 282 303 254 614 212 286 558 502 434 138 853 310 244 191 290 451 349 752 270 533 192 525 300 328 56
600 552 135 0 548 553 597 407 499 775 593 596 362 670 317 186 488 61 722 242 350 299 464 260 414 358 275 435 683 214 417 315 546 456 646 392 189 532 618 310 642 261 540 727 293 99 232 740 451 549 367 510 612 261 458 839 689 330 862 650 255 261 311 699 650 648 297 387 464 424 485 181 181 204 497 244 163 540 527 302 227 813 175 210 297 416 352 299 685 187 421 292 466 361 319 185
246 527 563 548 0 305 525 407 263 255 566 595 232 577 796 661 497 597 239 785 623 612 364 390 148 192 725 513 345 737 484 848 15 404 449 549 562 124 335 251 480 301 504 192 573 647 596 193 405 391 226 609 101 290 460 294 143 877 333 248 722 406 468 196 825 223 791 162 83 589 127 703 665 344 496 769 652 11 167 556 459 305 588 337 476 578 358 259 297 383 434 459 184 335 865 607
547 778 493 553 305 0 789 627 534 523 822 846 220 272 684 723 232 614 533 787 440 454 119 298 356 289 807 726 648 768 696 865 290 157 147 337 462 180 65 284 176 418 218 455 415 637 473 416 642 663 219 829 402 336 691 507 391 862 579 145 616 303 638 486 1037 165 690 288 300 782 190 734 722 409 735 700 705 311 137 706 356 576 672 385 322 356 557 390 602 473 656 312 446 194 821 511
311 53 711 597 525 789 0 198 262 541 51 85 598 1038 913 547 898 596 460 723 892 853 791 673 433 512 543 174 283 643 182 737 538 816 936 877 750 630 837 549 958 431 930 549 829 663 798 607 162 135 595 174 478 524 139 653 570 812 608 771 852 688 287 482 350 747 891 505 494 240 603 624 558 489 101 826 560 514 664 334 708 539 476 513 770 909 270 434 338 447 177 754 347 703 852 768
279 165 515 407 407 627 198 0 175 515 210 227 420 860 725 393 711 415 439 565 694 655 612 478 280 339 415 106 320 490 76 594 417 633 769 682 552 488 682 365 788 238 746 498 631 483 600 543 44 150 418 205 398 333 66 616 496 658 597 635 661 493 117 441 420 616 704 339 352 185 453 465 403 292 112 645 400 396 515 199 511 533 314 317 574 713 75 247 348 249 29 558 225 517 686 572
110 265 575 499 263 534 262 175 0 340 303 332 364 793 805 537 671 525 265 697 715 685 552 475 184 278 574 272 185 629 247 739 276 582 682 675 599 369 579 330 708 254 695 324 654 590 644 372 155 129 359 358 229 324 210 441 327 792 423 509 735 492 276 266 572 485 790 262 235 358 345 601 545 322 239 743 538 252 405 366 527 360 456 337 576 707 168 233 190 312 195 558 88 478 807 630
241 567 809 775 255 523 541 515 340 0 592 625 488 789 1045 856 739 816 81 1002 878 867 606 644 361 437 905 608 266 943 585 1055 265 648 650 802 813 356 531 501 687 514 738 68 828 874 849 118 491 419 481 682 165 531 542 113 132 1096 87 412 971 660 614 77 886 382 1037 407 326 696 377 911 863 572 561 1008 853 257 396 705 713 52 777 572 731 831 500 476 205 594 534 714 321 590 1095 856
360 45 712 593 566 822 51 210 303 592 0 33 624 1065 906 527 920 587 511 702 901 859 817 689 466 540 516 159 334 622 175 711 579 840 967 892 754 667 872 572 988 448 954 599 837 653 802 656 182 180 621 133 524 543 144 704 617 789 660 810 848 704 281 531 298 787 883 535 530 209 638 605 539 502 99 815 542 555 700 314 719 591 461 527 784 923 285 455 389 455 185 768 385 726 833 769
393 68 719 596 595 846 85 227 332 625 33 0 646 1087 907 520 939 587 544 694 911 869 838 704 492 563 503 161 368 614 182 699 608 860 991 906 762 695 898 592 1011 465 974 632 848 652 810 688 204 212 643 113 556 560 161 737 649 779 693 838 851 719 286 565 265 816 883 559 557 197 664 599 532 516 115 813 537 584 727 310 732 624 457 542 798 938 303 475 423 466 201 783 413 745 827 775
413 579 344 362 232 220 598 420 364 488 624 646 0 441 570 516 306 420 463 604 392 379 192 158 181 86 596 515 518 572 484 677 224 219 353 326 334 174 282 64 368 199 333 425 340 456 365 417 442 483 6 617 327 117 486 520 371 688 566 289 497 173 420 425 821 286 568 103 168 565 130 538 516 192 532 555 500 230 165 486 228 536 459 169 244 357 347 175 487 254 449 227 280 116 663 381
816 1020 563 670 577 272 1038 860 793 789 1065 1087 441 0 673 857 183 730 804 867 403 445 248 423 609 525 946 951 919 873 922 950 562 231 142 304 513 452 259 495 102 629 130 721 420 728 498 677 883 918 443 1053 674 535 927 758 657 921 838 382 624 416 846 757 1249 410 690 534 564 993 457 843 851 597 972 730 833 583 409 898 442 841 827 569 374 297 786 613 874 660 888 378 705 348 859 552
900 867 236 317 796 684 913 725 805 1045 906 907 570 673 0 414 510 320 1004 294 270 235 567 415 688 607 480 747 991 353 732 362 790 536 714 375 236 740 740 545 693 554 562 988 271 257 211 987 768 866 577 813 879 514 774 1090 939 294 1128 817 74 402 626 974 919 826 30 637 719 723 700 346 402 487 812 111 390 791 719 601 345 1089 455 480 361 376 668 584 985 494 738 372 760 504 212 189
646 495 311 186 661 723 547 393 537 856 527 520 516 857 414 0 675 131 791 176 525 473 643 441 514 488 89 372 708 97 367 203 663 639 826 577 367 674 789 456 825 360 726 819 474 166 404 845 436 543 520 415 704 402 420 937 793 266 943 805 376 444 276 778 505 799 386 512 579 325 627 78 12 329 446 308 26 651 677 213 414 887 80 348 484 600 369 402 726 279 394 478 534 538 306 350
714 875 381 488 497 232 898 711 671 739 920 939 306 183 510 675 0 547 736 686 242 275 133 248 488 393 764 795 819 690 766 768 483 93 207 134 332 382 265 349 183 474 54 671 244 545 320 640 738 788 311 895 598 378 778 735 608 742 803 376 454 239 683 692 1083 398 524 409 460 829 369 660 669 432 824 556 651 499 342 727 260 791 647 404 191 139 635 465 783 492 738 196 587 195 684 373
631 549 181 61 597 614 596 415 525 816 587 587 420 730 320 131 547 0 760 188 396 343 525 322 458 410 219 428 708 153 414 256 596 517 707 446 236 588 679 366 703 302 600 771 343 67 275 788 459 562 425 493 655 315 459 886 736 280 904 709 268 323 309 740 616 707 296 438 513 404 541 120 123 252 495 229 105 588 585 281 287 853 139 262 355 469 369 342 715 222 425 351 501 423 282 222
161 486 768 722 239 533 460 439 265 81 511 544 463 804 1004 791 736 760 0 942 855 839 603 615 315 402 836 529 188 880 507 992 252 643 669 786 776 356 550 466 704 461 741 106 801 820 815 170 413 338 456 601 138 489 462 193 158 1037 158 439 930 632 541 47 805 409 994 372 295 617 367 849 798 522 480 960 789 238 399 632 681 95 712 525 707 816 429 424 125 537 456 690 259 572 1041 817
806 671 305 242 785 787 723 565 697 1002 702 694 604 867 294 176 686 188 942 0 487 436 689 489 646 599 206 548 875 81 543 82 785 673 866 566 353 775 852 553 856 489 740 958 451 150 373 976 608 715 609 587 842 503 595 1073 924 95 1089 891 285 486 448 924 651 890 263 627 702 498 728 99 164 441 622 183 164 777 769 389 439 1036 250 450 497 581 533 530 888 408 568 498 683 593 134 316
788 856 215 350 623 440 892 694 715 878 901 911 392 403 270 525 242 396 855 487 0 52 320 243 555 458 612 753 890 511 729 569 613 283 449 108 161 537 489 395 425 469 292 814 63 368 121 799 732 809 398 841 719 391 757 901 757 526 954 582 221 226 628 817 998 596 286 485 559 761 505 488 517 405 801 331 500 621 506 643 188 928 525 384 147 106 622 482 868 446 716 165 646 291 458 177
764 815 164 299 612 454 853 655 685 867 859 869 379 445 235 473 275 343 839 436 52 0 335 224 533 438 559 709 864 459 686 518 603 302 479 142 111 535 508 374 458 435 328 805 40 315 68 794 694 774 386 796 705 363 716 896 750 478 945 592 179 207 584 803 949 605 248 467 544 714 500 435 464 370 760 285 447 610 507 595 160 916 474 350 140 149 585 452 845 406 676 155 621 289 413 124
587 772 387 464 364 119 791 612 552 606 817 838 192 248 567 643 133 525 603 689 320 335 0 203 367 278 730 703 691 677 674 769 350 42 182 219 351 249 173 247 186 382 144 538 297 540 358 509 635 674 195 805 466 289 678 606 476 758 671 262 501 203 601 559 1004 278 574 289 331 748 236 645 640 355 724 589 623 367 210 658 250 658 602 327 207 240 537 364 653 419 640 199 465 107 712 399
545 643 199 260 390 298 673 478 475 644 689 704 158 423 415 441 248 322 615 489 243 224 203 0 311 215 528 554 647 474 526 568 382 198 385 204 179 325 362 152 384 241 295 583 186 339 207 576 511 577 165 651 481 152 544 679 530 564 724 413 342 17 437 579 835 417 414 243 320 582 285 441 437 188 590 410 420 387 305 479 70 692 404 162 100 236 403 245 625 246 503 83 403 103 526 228
234 423 452 414 148 356 433 280 184 361 466 492 181 609 688 514 488 458 315 646 555 533 367 311 0 99 577 385 338 593 354 705 153 398 502 503 462 208 406 159 526 157 510 312 497 513 503 331 289 309 176 486 197 174 341 427 279 739 447 355 615 329 324 287 700 337 679 78 74 454 173 560 519 210 382 647 507 138 236 410 373 402 440 210 410 534 220 116 313 239 309 392 99 297 734 502
333 495 372 358 192 289 512 339 278 437 540 563 86 525 607 488 393 410 402 599 458 438 278 215 99 0 561 437 437 556 407 665 188 306 430 403 375 186 347 64 449 138 419 380 401 457 413 385 358 396 82 540 272 98 404 487 335 688 520 326 533 232 351 368 748 315 600 30 111 494 140 522 491 160 449 576 476 186 197 426 279 483 422 148 312 435 268 103 411 211 368 294 196 200 673 418
684 490 399 275 725 807 543 415 574 905 516 503 596 946 480 89 764 219 836 206 612 559 730 528 577 561 0 372 736 129 374 196 728 727 913 666 455 748 872 534 913 428 815 873 561 247 490 903 455 561 599 392 759 479 429 992 851 279 992 883 451 532 300 828 445 875 451 583 645 307 701 134 95 406 447 370 113 715 754 218 503 932 139 426 573 688 407 469 761 350 410 568 585 624 339 435
367 123 558 435 513 726 174 106 272 608 159 161 515 951 747 372 795 428 529 548 753 709 703 554 385 437 372 0 387 469 30 564 523 721 867 753 602 593 783 456 883 322 833 596 689 494 649 644 117 204 513 102 500 417 67 712 598 637 687 741 690 567 125 536 314 722 724 440 457 88 556 450 384 365 75 656 386 502 619 159 576 620 303 392 644 784 169 340 426 311 79 630 330 605 678 614
105 317 760 683 345 648 283 320 185 266 334 368 518 919 991 708 819 708 188 875 890 864 691 647 338 437 736 387 0 804 372 911 360 727 794 841 781 469 680 496 825 438 835 290 830 773 826 353 282 183 512 441 259 500 320 379 328 970 326 584 920 664 436 221 633 556 976 414 360 475 462 777 717 505 325 928 712 338 511 519 704 257 628 518 747 873 342 413 62 498 328 729 243 634 988 814
739 591 310 214 737 768 643 490 629 943 622 614 572 873 353 97 690 153 880 81 511 459 677 474 593 556 129 469 804 0 465 111 737 667 858 579 363 737 833 516 852 436 743 902 468 145 392 924 533 640 576 506 787 463 517 1020 872 169 1030 862 331 473 373 865 575 858 323 582 653 417 690 34 86 396 543 242 91 728 736 309 433 975 175 409 498 598 463 478 820 354 491 496 622 576 214 335
346 135 537 417 484 696 182 76 247 585 175 182 484 922 732 367 766 414 507 543 729 686 674 526 354 407 374 30 372 465 0 563 494 692 836 726 580 563 752 426 853 293 804 571 665 481 627 618 94 191 483 133 473 388 54 688 571 634 666 710 673 540 106 512 345 691 709 409 427 110 526 444 379 337 81 643 379 472 589 157 551 600 295 364 618 757 138 309 408 285 51 603 302 575 671 593
849 684 388 315 848 865 737 594 739 1055 711 699 677 950 362 203 768 256 992 82 569 518 769 568 705 665 196 564 911 111 563 0 848 755 947 649 436 845 930 622 938 548 823 1014 534 228 455 1036 636 744 681 588 899 571 616 1131 984 90 1142 965 363 565 477 977 624 963 332 692 764 503 798 144 194 505 639 255 202 839 842 405 520 1087 283 518 579 664 572 589 929 466 593 579 734 671 170 399
262 540 558 546 15 290 538 417 276 265 579 608 224 562 790 663 483 596 252 785 613 603 350 382 153 188 728 523 360 737 494 848 0 390 433 537 555 109 320 246 465 303 490 201 564 645 588 197 416 404 217 620 115 287 471 299 149 875 342 234 716 397 475 209 836 209 785 159 84 599 114 704 667 344 508 764 653 24 152 562 451 315 591 335 466 566 366 261 312 384 445 449 196 324 862 600
622 795 369 456 404 157 816 633 582 648 840 860 219 231 536 639 93 517 643 673 283 302 42 198 398 306 727 721 727 667 692 755 390 0 192 179 329 291 205 268 186 399 113 580 265 527 331 551 658 702 223 823 505 304 700 648 518 740 713 302 472 194 615 599 1018 319 545 320 367 762 276 635 635 365 746 565 617 406 252 667 234 700 602 337 181 199 558 385 690 429 661 177 497 117 690 375
693 923 561 646 449 147 936 769 682 650 967 991 353 142 714 826 207 707 669 866 449 479 182 385 502 430 913 867 794 858 836 947 433 192 0 340 519 324 119 414 40 551 162 582 445 719 516 536 787 810 353 969 542 462 834 616 518 931 696 240 655 384 772 621 1174 269 727 432 448 918 337 826 823 532 879 753 805 456 283 835 426 702 784 505 371 346 698 527 745 596 798 368 593 289 879 564
737 847 269 392 549 337 877 682 675 802 892 906 326 304 375 577 134 446 786 566 108 142 219 204 503 403 666 753 841 579 726 649 537 179 340 0 215 451 383 346 317 446 186 736 115 433 194 715 715 781 332 848 648 356 747 815 677 616 874 481 321 188 632 746 1021 497 390 427 494 773 425 552 570 390 793 426 552 549 417 662 178 853 562 364 108 32 607 449 813 442 706 123 599 214 554 250
685 711 55 189 562 462 750 552 599 813 754 762 334 513 236 367 332 236 776 353 161 111 351 179 462 375 455 602 781 363 580 436 555 329 519 215 0 504 523 312 506 345 386 754 106 218 48 751 593 679 341 686 648 288 612 854 704 412 895 588 162 168 476 744 838 595 234 405 486 603 464 337 359 277 655 238 341 558 485 484 110 858 364 262 147 235 485 368 769 304 572 152 542 273 361 49
369 626 517 532 124 180 630 488 369 356 667 695 174 452 740 674 382 588 356 775 537 535 249 325 208 186 748 593 469 737 563 845 109 291 324 451 504 0 212 222 355 323 384 288 494 628 531 263 495 499 168 694 222 274 548 364 226 861 423 147 667 338 525 311 908 131 739 167 138 661 47 703 675 344 588 729 660 131 42 606 395 408 609 328 395 478 427 285 422 397 517 379 282 246 837 552
581 829 556 618 335 65 837 682 579 531 872 898 282 259 740 789 265 679 550 852 489 508 173 362 406 347 872 783 680 833 752 930 320 205 119 383 523 212 0 347 156 479 238 463 469 702 531 418 695 708 281 885 426 400 745 500 399 925 579 124 674 366 698 503 1095 151 747 343 344 841 234 799 787 473 788 761 770 343 174 769 418 583 737 449 380 398 613 450 630 536 711 371 491 258 883 571
394 527 311 310 251 284 549 365 330 501 572 592 64 495 545 456 349 366 466 553 395 374 247 152 159 64 534 456 496 516 426 622 246 268 414 346 312 222 347 0 428 136 381 442 338 407 349 444 390 441 66 558 335 54 432 546 395 639 583 349 471 169 357 432 760 343 539 93 174 503 175 481 456 128 478 518 441 246 221 422 215 546 396 108 250 378 290 117 473 190 393 232 253 153 619 355
723 944 551 642 480 176 958 788 708 687 988 1011 368 102 693 825 183 703 704 856 425 458 186 384 526 449 913 883 825 852 853 938 465 186 40 317 506 355 156 428 0 564 133 619 426 711 500 574 807 835 369 986 576 473 853 656 555 918 735 279 636 381 785 657 1188 308 707 453 474 931 365 821 821 541 898 736 804 487 313 844 419 739 787 513 359 321 715 543 778 605 816 358 619 293 864 550
346 403 322 261 301 418 431 238 254 514 448 465 199 629 554 360 474 302 461 489 469 435 382 241 157 138 428 322 438 436 293 548 303 399 551 446 345 323 479 136 564 0 511 468 406 359 391 488 269 339 199 424 353 95 304 584 436 582 601 465 483 257 221 438 623 454 541 156 218 367 278 403 364 67 351 501 351 292 335 289 281 552 289 85 339 478 162 41 431 82 264 323 206 282 580 376
731 908 435 540 504 218 930 746 695 738 954 974 333 130 562 726 54 600 741 740 292 328 144 295 510 419 815 833 835 743 804 823 490 113 162 186 386 384 238 381 133 511 0 669 298 599 375 634 772 816 336 934 605 415 813 726 606 797 797 357 507 287 724 695 1126 381 576 432 475 871 377 714 721 473 859 610 703 508 342 772 312 791 697 445 245 187 671 499 796 535 774 248 609 228 738 428
239 570 753 727 192 455 549 498 324 68 599 632 425 721 988 819 671 771 106 958 814 805 538 583 312 380 873 596 290 902 571 1014 201 580 582 736 754 288 463 442 619 468 669 0 765 826 789 63 479 421 418 678 115 476 532 119 64 1051 140 346 913 599 588 68 888 316 981 350 269 682 310 870 824 522 556 955 814 196 328 680 652 121 741 520 668 764 474 428 227 550 520 651 288 525 1046 798
729 793 162 293 573 415 829 631 654 828 837 848 340 420 271 474 244 343 801 451 63 40 297 186 497 401 561 689 830 468 665 534 564 265 445 115 106 494 469 338 426 406 298 765 0 322 78 754 668 746 347 779 667 330 693 856 710 500 906 552 210 169 565 764 938 564 281 429 506 699 460 442 465 342 738 311 448 571 467 582 126 877 468 321 99 130 559 420 810 382 653 115 587 248 439 135
694 615 164 99 647 637 663 483 590 874 653 652 456 728 257 166 545 67 820 150 368 315 540 339 513 457 247 494 773 145 481 228 645 527 719 433 218 628 702 407 711 359 599 826 322 0 247 840 527 630 462 556 711 359 526 939 788 232 961 742 211 337 376 798 668 742 231 486 564 466 582 119 155 304 562 162 140 639 621 344 292 912 198 309 354 452 435 398 778 282 493 353 562 443 220 191
728 759 96 232 596 473 798 600 644 849 802 810 365 498 211 404 320 275 815 373 121 68 358 207 503 413 490 649 826 392 627 455 588 331 516 194 48 531 531 349 500 391 375 789 78 247 0 783 640 726 372 733 684 329 660 886 737 422 930 605 142 193 524 781 882 614 216 443 522 650 492 367 395 323 703 236 378 592 508 530 137 895 407 307 151 208 532 412 812 352 620 161 585 292 363 57
296 625 755 740 193 416 607 543 372 118 656 688 417 677 987 845 640 788 170 976 799 794 509 576 331 385 903 644 353 924 618 1036 197 551 536 715 751 263 418 444 574 488 634 63 754 840 783 0 528 476 411 729 146 483 582 102 52 1068 163 296 913 591 627 131 941 267 982 355 276 729 294 891 849 536 609 962 838 200 299 718 646 168 769 530 655 742 512 447 290 570 566 638 325 508 1058 797
251 137 557 451 405 642 162 44 155 491 182 204 442 883 768 436 738 459 413 608 732 694 635 511 289 358 455 117 282 533 94 636 416 658 787 715 593 495 695 390 807 269 772 479 668 527 640 528 0 107 439 204 384 362 55 595 482 701 571 641 704 526 160 419 420 620 748 354 357 204 462 509 446 327 93 689 443 394 525 237 547 505 358 351 608 747 109 273 315 288 46 592 220 544 730 614
181 149 647 549 391 663 135 150 129 419 180 212 483 918 866 543 788 562 338 715 809 774 674 577 309 396 561 204 183 640 191 744 404 702 810 781 679 499 708 441 835 339 816 421 746 630 726 476 107 0 479 263 344 424 137 530 437 809 493 638 799 593 267 355 467 613 847 384 364 292 474 616 553 404 143 790 550 380 534 343 621 425 465 425 677 813 197 331 226 376 151 660 217 593 836 704
407 577 350 367 226 219 595 418 359 481 621 643 6 443 577 520 311 425 456 609 398 386 195 165 176 82 599 513 512 576 483 681 217 223 353 332 341 168 281 66 369 199 336 418 347 462 372 411 439 479 0 616 320 120 484 514 365 694 559 285 503 180 419 418 820 282 574 98 162 565 124 542 520 194 529 561 504 223 160 487 235 530 462 172 251 363 345 173 481 256 447 233 275 121 668 388
441 126 639 510 609 829 174 205 358 682 133 113 617 1053 813 415 895 493 601 587 841 796 805 651 486 540 392 102 441 506 133 588 620 823 969 848 686 694 885 558 986 424 934 678 779 556 733 729 204 263 616 0 588 518 149 790 685 670 757 841 761 664 215 614 216 821 788 542 557 90 658 493 427 463 121 715 433 598 721 211 670 689 358 490 739 878 272 442 489 406 176 725 425 706 720 694
174 490 644 612 101 402 478 398 229 165 524 556 327 674 879 704 598 655 138 842 719 705 466 481 197 272 759 500 259 787 473 899 115 505 542 648 648 222 426 335 576 353 605 115 667 711 684 146 384 344 320 588 0 365 439 233 98 936 250 325 805 498 480 97 802 296 871 242 161 583 229 754 709 408 469 843 698 99 265 571 549 211 627 407 571 678 365 313 205 434 421 554 178 435 931 690
400 497 278 261 290 336 524 333 324 531 543 560 117 535 514 402 378 315 489 503 391 363 289 152 174 98 479 417 500 463 388 571 287 304 462 356 288 274 400 54 473 95 415 476 330 359 329 483 362 424 120 518 365 0 399 584 433 591 615 403 440 169 312 459 715 397 506 127 208 459 227 429 402 74 446 479 387 283 275 372 204 574 341 53 253 388 257 92 483 136 359 236 257 187 575 327
301 100 572 458 460 691 139 66 210 542 144 161 486 927 774 420 778 459 462 595 757 716 678 544 341 404 429 67 320 517 54 616 471 700 834 747 612 548 745 432 853 304 813 532 693 526 660 582 55 137 484 149 439 399 0 647 537 686 620 694 713 559 150 471 365 674 753 403 410 156 514 495 431 357 46 689 430 448 577 211 574 553 345 382 639 778 142 314 359 310 40 623 275 584 721 629
348 678 858 839 294 507 653 616 441 113 704 737 520 758 1090 937 735 886 193 1073 901 896 606 679 427 487 992 712 379 1020 688 1131 299 648 616 815 854 364 500 546 656 584 726 119 856 939 886 102 595 530 514 790 233 584 647 0 151 1166 89 376 1016 693 708 176 997 349 1085 457 376 799 396 987 943 635 669 1063 932 301 398 799 749 135 860 630 757 841 593 543 318 666 637 741 408 610 1158 900
259 585 706 689 143 391 570 496 327 132 617 649 371 657 939 793 608 736 158 924 757 750 476 530 279 335 851 598 328 872 571 984 149 518 518 677 704 226 399 395 555 436 606 64 710 788 737 52 482 437 365 685 98 433 537 151 0 1016 197 283 865 545 577 112 899 253 934 305 225 682 252 839 797 484 565 912 786 149 265 667 600 185 717 479 612 704 462 395 267 518 520 595 275 467 1007 749
901 759 371 330 877 862 812 658 792 1096 789 779 688 921 294 266 742 280 1037 95 526 478 758 564 739 688 279 637 970 169 634 90 875 740 931 616 412 861 925 639 918 582 797 1051 500 232 422 1068 701 809 694 670 936 591 686 1166 1016 0 1183 972 309 559 541 1018 715 973 265 716 793 582 814 193 255 532 712 197 258 868 853 478 508 1131 343 540 559 627 628 622 983 501 660 562 778 667 85 369
320 639 893 862 333 579 608 597 423 87 660 693 566 838 1128 943 803 904 158 1089 954 945 671 724 447 520 992 687 326 1030 666 1142 342 713 696 874 895 423 579 583 735 601 797 140 906 961 930 163 571 493 559 757 250 615 620 89 197 1183 0 456 1054 739 698 165 957 427 1121 490 409 776 449 998 950 658 636 1093 940 337 461 789 793 69 864 657 808 901 586 562 270 681 615 791 408 664 1181 938
492 770 612 650 248 145 771 635 509 412 810 838 289 382 817 805 376 709 439 891 582 592 262 413 355 326 883 741 584 862 710 965 234 302 240 481 588 147 124 349 279 465 357 346 552 742 605 296 641 638 285 841 325 403 694 376 283 972 456 0 747 421 672 391 1055 29 820 311 284 808 188 828 806 477 734 823 790 258 129 752 478 463 745 457 456 501 575 428 530 535 664 444 425 314 939 637
829 808 162 255 722 616 852 661 735 971 848 851 497 624 74 376 454 268 930 285 221 179 501 342 615 533 451 690 920 331 673 363 716 472 655 321 162 667 674 471 636 483 507 913 210 211 142 913 704 799 503 761 805 440 713 1016 865 309 1054 747 0 329 566 900 880 755 73 563 644 672 626 317 365 415 753 112 351 717 647 549 272 1015 407 407 294 326 602 512 913 425 676 304 687 433 237 115
562 658 191 261 406 303 688 493 492 660 704 719 173 416 402 444 239 323 632 486 226 207 203 17 329 232 532 567 664 473 540 565 397 194 384 188 168 338 366 169 381 257 287 599 169 337 193 591 526 593 180 664 498 169 559 693 545 559 739 421 329 0 450 595 846 427 402 260 336 594 299 441 440 203 605 401 422 403 317 489 57 708 410 176 83 220 418 262 642 258 518 66 421 109 519 216
385 241 432 311 468 638 287 117 276 614 281 286 420 846 626 276 683 309 541 448 628 584 601 437 324 351 300 125 436 373 106 477 475 615 772 632 476 525 698 357 785 221 724 588 565 376 524 627 160 267 419 215 480 312 150 708 577 541 698 672 566 450 0 537 403 657 603 361 398 147 484 349 286 250 186 539 284 457 545 91 455 636 198 278 524 663 114 248 460 191 119 510 301 498 572 488
173 504 738 699 196 486 482 441 266 77 531 565 425 757 974 778 692 740 47 924 817 803 559 579 287 368 828 536 221 865 512 977 209 599 621 746 744 311 503 432 657 438 695 68 764 798 781 131 419 355 418 614 97 459 471 176 112 1018 165 391 900 595 537 0 822 362 965 338 259 623 323 833 785 497 493 934 775 196 353 628 646 115 699 498 669 775 423 400 159 517 461 652 243 532 1019 785
649 319 786 650 825 1037 350 420 572 886 298 265 821 1249 919 505 1083 616 805 651 998 949 1004 835 700 748 445 314 633 575 345 624 836 1018 1174 1021 838 908 1095 760 1188 623 1126 888 938 668 882 941 420 467 820 216 802 715 365 997 899 715 957 1055 880 846 403 822 0 1036 891 753 772 256 871 575 517 652 333 812 529 814 934 358 842 888 477 680 914 1050 482 647 687 590 392 902 641 901 783 835
465 747 616 648 223 165 747 616 485 382 787 816 286 410 826 799 398 707 409 890 596 605 278 417 337 315 875 722 556 858 691 963 209 319 269 497 595 131 151 343 308 454 381 316 564 742 614 267 620 613 282 821 296 397 674 349 253 973 427 29 755 427 657 362 1036 0 828 298 264 791 176 824 800 470 713 828 785 233 122 738 484 434 737 451 466 518 557 416 501 526 645 454 402 322 942 644
887 844 227 297 791 690 891 704 790 1037 883 883 568 690 30 386 524 296 994 263 286 248 574 414 679 600 451 724 976 323 709 332 785 545 727 390 234 739 747 539 707 541 576 981 281 231 216 982 748 847 574 788 871 506 753 1085 934 265 1121 820 73 402 603 965 891 828 0 631 712 698 697 317 374 475 790 81 363 785 719 576 345 1080 429 469 368 393 649 572 972 478 717 377 747 506 184 186
310 491 403 387 162 288 505 339 262 407 535 559 103 534 637 512 409 438 372 627 485 467 289 243 78 30 583 440 414 582 409 692 159 320 432 427 405 167 343 93 453 156 432 350 429 486 443 355 354 384 98 542 242 127 403 457 305 716 490 311 563 260 361 338 753 298 631 0 81 501 123 548 515 186 447 606 501 155 183 440 308 453 444 176 338 458 270 117 386 233 368 320 177 219 703 448
255 488 484 464 83 300 494 352 235 326 530 557 168 564 719 579 460 513 295 702 559 544 331 320 74 111 645 457 360 653 427 764 84 367 448 494 486 138 344 174 474 218 475 269 506 564 522 276 357 364 162 557 161 208 410 376 225 793 409 284 644 336 398 259 772 264 712 81 0 528 110 620 582 261 450 687 569 75 170 483 387 373 507 254 412 524 294 177 323 300 380 394 147 281 782 529
455 187 555 424 589 782 240 185 358 696 209 197 565 993 723 325 829 404 617 498 761 714 748 582 454 494 307 88 475 417 110 503 599 762 918 773 603 661 841 503 931 367 871 682 699 466 650 729 204 292 565 90 583 459 156 799 682 582 776 808 672 594 147 623 256 791 698 501 528 0 621 403 337 397 154 625 343 578 683 122 594 709 268 425 665 803 234 392 515 336 162 652 410 645 631 608
359 596 474 485 127 190 603 453 345 377 638 664 130 457 700 627 369 541 367 728 505 500 236 285 173 140 701 556 462 690 526 798 114 276 337 425 464 47 234 175 365 278 377 310 460 582 492 294 462 474 124 658 229 227 514 396 252 814 449 188 626 299 484 323 871 176 697 123 110 621 0 656 628 297 556 685 613 130 62 563 355 428 562 281 360 453 388 240 419 351 481 344 257 214 792 511
710 573 282 181 703 734 624 465 601 911 605 599 538 843 346 78 660 120 849 99 488 435 645 441 560 522 134 450 777 34 444 144 704 635 826 552 337 703 799 481 821 403 714 870 442 119 367 891 509 616 542 493 754 429 495 987 839 193 998 828 317 441 349 833 575 824 317 548 620 403 656 0 66 362 523 236 65 694 702 291 403 944 150 375 468 572 435 445 791 321 468 465 591 543 228 310
654 507 303 181 665 722 558 403 545 863 539 532 516 851 402 12 669 123 798 164 517 464 640 437 519 491 95 384 717 86 379 194 667 635 823 570 359 675 787 456 821 364 721 824 465 155 395 849 446 553 520 427 709 402 431 943 797 255 950 806 365 440 286 785 517 800 374 515 582 337 628 66 0 331 458 295 18 655 678 225 409 893 89 349 478 592 377 405 735 282 404 473 541 535 294 341
413 456 254 204 344 409 489 292 322 572 502 516 192 597 487 329 432 252 522 441 405 370 355 188 210 160 406 365 505 396 337 505 344 365 532 390 277 344 473 128 541 67 473 522 342 304 323 536 327 404 194 463 408 74 357 635 484 532 658 477 415 203 250 497 652 470 475 186 261 397 297 362 331 0 402 438 316 336 348 303 219 611 267 27 282 421 218 97 498 64 316 266 272 249 523 308
320 55 614 497 496 735 101 112 239 561 99 115 532 972 812 446 824 495 480 622 801 760 724 590 382 449 447 75 325 543 81 639 508 746 879 793 655 588 788 478 898 351 859 556 738 562 703 609 93 143 529 121 469 446 46 669 565 712 636 734 753 605 186 493 333 713 790 447 450 154 556 523 458 402 0 724 459 485 618 234 620 568 375 428 684 824 188 360 370 355 86 669 312 630 751 671
844 778 212 244 769 700 826 645 743 1008 815 813 555 730 111 308 556 229 960 183 331 285 589 410 647 576 370 656 928 242 643 255 764 565 753 426 238 729 761 518 736 501 610 955 311 162 236 962 689 790 561 715 843 479 689 1063 912 197 1093 823 112 401 539 934 812 828 81 606 687 625 685 236 295 438 724 0 285 762 714 504 345 1049 357 436 383 434 594 535 929 431 655 390 707 510 128 189
647 509 286 163 652 705 560 400 538 853 542 537 500 833 390 26 651 105 789 164 500 447 623 420 507 476 113 386 712 91 379 202 653 617 805 552 341 660 770 441 804 351 703 814 448 140 378 838 443 550 504 433 698 387 430 932 786 258 940 790 351 422 284 775 529 785 363 501 569 343 613 65 18 316 459 285 0 643 662 227 391 884 85 333 460 575 371 393 728 269 403 455 531 518 291 324
238 516 558 540 11 311 514 396 252 257 555 584 230 583 791 651 499 588 238 777 621 610 367 387 138 186 715 502 338 728 472 839 24 406 456 549 558 131 343 246 487 292 508 196 571 639 592 200 394 380 223 598 99 283 448 301 149 868 337 258 717 403 457 196 814 233 785 155 75 578 130 694 655 336 485 762 643 0 173 545 456 306 578 330 474 578 347 250 291 373 423 457 173 335 858 602
410 658 502 527 167 137 664 515 405 396 700 727 165 409 719 677 342 585 399 769 506 507 210 305 236 197 754 619 511 736 589 842 152 252 283 417 485 42 174 221 313 335 342 328 467 621 508 299 525 534 160 721 265 275 577 398 265 853 461 129 647 317 545 353 934 122 719 183 170 683 62 702 678 348 618 714 662 173 0 623 374 449 615 329 367 443 451 299 464 405 544 352 317 218 825 533
475 282 434 302 556 706 334 199 366 705 314 310 486 898 601 213 727 281 632 389 643 595 658 479 410 426 218 159 519 309 157 405 562 667 835 662 484 606 769 422 844 289 772 680 582 344 530 718 237 343 487 211 571 372 211 799 667 478 789 752 549 489 91 628 358 738 576 440 483 122 563 291 225 303 234 504 227 545 623 0 483 727 147 330 555 691 206 323 547 239 192 544 393 552 519 487
604 674 138 227 459 356 708 511 527 713 719 732 228 442 345 414 260 287 681 439 188 160 250 70 373 279 503 576 704 433 551 520 451 234 426 178 110 395 418 215 419 281 312 652 126 292 137 646 547 621 235 670 549 204 574 749 600 508 793 478 272 57 455 646 842 484 345 308 387 594 355 403 409 219 620 345 391 456 374 483 0 760 389 196 72 208 437 294 685 266 534 64 461 164 465 159
254 570 853 813 305 576 539 533 360 52 591 624 536 841 1089 887 791 853 95 1036 928 916 658 692 402 483 932 620 257 975 600 1087 315 700 702 853 858 408 583 546 739 552 791 121 877 912 895 168 505 425 530 689 211 574 553 135 185 1131 69 463 1015 708 636 115 888 434 1080 453 373 709 428 944 893 611 568 1049 884 306 449 727 760 0 807 613 781 882 525 514 201 630 549 763 353 640 1132 901
566 426 310 175 588 672 476 314 456 777 461 457 459 827 455 80 647 139 712 250 525 474 602 404 440 422 139 303 628 175 295 283 591 602 784 562 364 609 737 396 787 289 697 741 468 198 407 769 358 465 462 358 627 341 345 860 717 343 864 745 407 410 198 699 477 737 429 444 507 268 562 150 89 267 375 357 85 578 615 147 389 807 0 289 462 588 288 330 646 211 317 453 455 494 375 357
423 482 244 210 337 385 513 317 337 572 527 542 169 569 480 348 404 262 525 450 384 350 327 162 210 148 426 392 518 409 364 518 335 337 505 364 262 328 449 108 513 85 445 520 321 309 307 530 351 425 172 490 407 53 382 630 479 540 657 457 407 176 278 498 680 451 469 176 254 425 281 375 349 27 428 436 333 330 329 330 196 613 289 0 257 396 242 105 508 91 342 241 281 221 527 297
644 738 191 297 476 322 770 574 576 731 784 798 244 374 361 484 191 355 707 497 147 140 207 100 410 312 573 644 747 498 618 579 466 181 371 108 147 395 380 250 359 339 245 668 99 354 151 655 608 677 251 739 571 253 639 757 612 559 808 456 294 83 524 669 914 466 368 338 412 665 360 468 478 282 684 383 460 474 367 555 72 781 462 257 0 139 499 345 723 333 598 17 503 148 508 193
768 878 290 416 578 356 909 713 707 831 923 938 357 297 376 600 139 469 816 581 106 149 240 236 534 435 688 784 873 598 757 664 566 199 346 32 235 478 398 378 321 478 187 764 130 452 208 742 747 813 363 878 678 388 778 841 704 627 901 501 326 220 663 775 1050 518 393 458 524 803 453 572 592 421 824 434 575 578 443 691 208 882 588 396 139 0 639 481 844 473 738 155 631 243 562 265
278 240 451 352 358 557 270 75 168 500 285 303 347 786 668 369 635 369 429 533 622 585 537 403 220 268 407 169 342 463 138 572 366 558 698 607 485 427 613 290 715 162 671 474 559 435 532 512 109 197 345 272 365 257 142 593 462 628 586 575 602 418 114 423 482 557 649 270 294 234 388 435 377 218 188 594 371 347 451 206 437 525 288 242 499 639 0 173 357 180 102 484 187 442 647 507
318 410 349 299 259 390 434 247 233 476 455 475 175 613 584 402 465 342 424 530 482 452 364 245 116 103 469 340 413 478 309 589 261 385 527 449 368 285 450 117 543 41 499 428 420 398 412 447 273 331 173 442 313 92 314 543 395 622 562 428 512 262 248 400 647 416 572 117 177 392 240 445 405 97 360 535 393 250 299 323 294 514 330 105 345 481 173 0 402 123 275 328 175 270 618 402
85 369 752 685 297 602 338 348 190 205 389 423 487 874 985 726 783 715 125 888 868 845 653 625 313 411 761 426 62 820 408 929 312 690 745 813 769 422 630 473 778 431 796 227 810 778 812 290 315 226 481 489 205 483 359 318 267 983 270 530 913 642 460 159 687 501 972 386 323 515 419 791 735 498 370 929 728 291 464 547 685 201 646 508 723 844 357 402 0 498 361 705 226 603 997 805
413 410 270 187 383 473 447 249 312 594 455 466 254 660 494 279 492 222 537 408 446 406 419 246 239 211 350 311 498 354 285 466 384 429 596 442 304 397 536 190 605 82 535 550 382 282 352 570 288 376 256 406 434 136 310 666 518 501 681 535 425 258 191 517 590 526 478 233 300 336 351 321 282 64 355 431 269 373 405 239 266 630 211 91 333 473 180 123 498 0 270 319 279 313 503 327
295 140 533 421 434 656 177 29 195 534 185 201 449 888 738 394 738 425 456 568 716 676 640 503 309 368 410 79 328 491 51 593 445 661 798 706 572 517 711 393 816 264 774 520 653 493 620 566 46 151 447 176 421 359 40 637 520 660 615 664 676 518 119 461 392 645 717 368 380 162 481 468 404 316 86 655 403 423 544 192 534 549 317 342 598 738 102 275 361 270 0 583 251 545 691 590
626 723 192 292 459 312 754 558 558 714 768 783 227 378 372 478 196 351 690 498 165 155 199 83 392 294 568 630 729 496 603 579 449 177 368 123 152 379 371 232 358 323 248 651 115 353 161 638 592 660 233 725 554 236 623 741 595 562 791 444 304 66 510 652 902 454 377 320 394 652 344 465 473 266 669 390 455 457 352 544 64 763 453 241 17 155 484 328 705 319 583 0 485 134 513 200
143 345 525 466 184 446 347 225 88 321 385 413 280 705 760 534 587 501 259 683 646 621 465 403 99 196 585 330 243 622 302 734 196 497 593 599 542 282 491 253 619 206 609 288 587 562 585 325 220 217 275 425 178 257 275 408 275 778 408 425 687 421 301 243 641 402 747 177 147 410 257 591 541 272 312 707 531 173 317 393 461 353 455 281 503 631 187 175 226 279 251 485 0 396 783 578
529 680 300 361 335 194 703 517 478 590 726 745 116 348 504 538 195 423 572 593 291 289 107 103 297 200 624 605 634 576 575 671 324 117 289 214 273 246 258 153 293 282 228 525 248 443 292 508 544 593 121 706 435 187 584 610 467 667 664 314 433 109 498 532 901 322 506 219 281 645 214 543 535 249 630 510 518 335 218 552 164 640 494 221 148 243 442 270 603 313 545 134 396 0 628 322
913 801 328 319 865 821 852 686 807 1095 833 827 663 859 212 306 684 282 1041 134 458 413 712 526 734 673 339 678 988 214 671 170 862 690 879 554 361 837 883 619 864 580 738 1046 439 220 363 1058 730 836 668 720 931 575 721 1158 1007 85 1181 939 237 519 572 1019 783 942 184 703 782 631 792 228 294 523 751 128 291 858 825 519 465 1132 375 527 508 562 647 618 997 503 691 513 783 628 0 314
720 726 56 185 607 511 768 572 630 856 769 775 381 552 189 350 373 222 817 316 177 124 399 228 502 418 435 614 814 335 593 399 600 375 564 250 49 552 571 355 550 376 428 798 135 191 57 797 614 704 388 694 690 327 629 900 749 369 938 637 115 216 488 785 835 644 186 448 529 608 511 310 341 308 671 189 324 602 533 487 159 901 357 297 193 265 507 402 805 327 590 200 578 322 314 0
