121
0 300 789 311 435 665 311 261 615 406 271 689 392 609 169 217 221 187 644 874 392 324 716 279 187 432 966 435 594 245 483 541 819 877 627 316 320 379 218 617 43 116 452 560 797 768 356 463 801 551 854 656 643 565 779 448 496 704 521 508 734 278 736 242 595 515 771 715 382 843 317 597 623 438 131 573 729 513 457 745 571 900 918 251 687 807 470 749 289 877 316 762 302 685 644 187 157 240 716 608 541 102 599 265 634 524 523 794 393 572 547 759 855 323 625 70 249 791 640 485 408
300 0 492 199 152 425 89 154 395 112 429 458 354 341 375 186 364 396 359 603 127 337 449 255 342 149 686 284 441 186 282 383 562 578 415 337 407 271 307 564 340 235 224 328 592 504 597 528 526 265 571 534 348 264 560 332 209 411 544 338 511 157 531 359 585 425 471 417 381 542 513 569 323 332 178 548 458 314 175 473 317 627 634 388 491 513 459 496 157 586 249 473 260 514 496 356 458 343 505 439 590 402 546 230 338 386 320 498 285 367 431 509 555 445 373 363 449 573 419 394 530
789 492 0 543 356 466 484 558 506 406 833 317 630 231 861 655 779 881 300 211 451 674 382 690 821 405 238 594 646 591 408 471 250 94 363 680 849 541 774 699 826 726 387 470 622 404 1081 820 165 244 140 575 146 233 570 532 295 244 785 451 538 546 588 761 771 721 81 194 677 111 986 736 174 660 671 729 368 532 392 363 416 220 179 791 412 243 700 444 590 109 584 75 607 650 513 837 944 744 566 459 844 891 690 673 237 506 527 222 541 382 550 458 119 817 267 846 928 579 340 705 876
311 199 543 0 208 611 115 60 587 283 290 381 155 328 454 333 236 476 512 584 320 150 618 418 443 328 681 481 640 65 175 233 520 637 317 153 546 81 433 371 333 320 160 520 785 672 664 337 515 301 576 366 402 363 750 151 258 547 346 197 700 47 724 217 387 617 551 537 185 624 607 371 408 525 257 350 623 512 352 635 501 610 639 248 375 641 260 672 340 612 53 498 71 712 342 452 440 200 698 299 394 402 353 393 469 221 518 622 96 262 255 686 636 283 329 344 538 762 332 586 357
435 152 356 208 0 435 127 206 426 133 494 314 340 188 526 337 435 548 312 450 193 356 423 399 495 172 536 382 514 242 176 285 410 447 281 360 556 241 459 504 471 385 112 360 617 475 749 534 374 116 421 440 210 155 575 274 61 340 527 241 527 196 559 421 547 529 350 329 380 423 666 522 203 442 324 506 425 377 187 436 327 475 485 452 361 432 437 482 295 442 258 327 279 569 391 509 588 404 533 328 582 537 489 376 262 301 379 413 250 241 352 498 436 491 224 490 602 588 280 502 565
665 425 466 611 435 0 497 577 65 327 852 673 762 522 638 451 786 650 170 671 298 759 101 423 584 282 702 255 203 611 607 715 687 493 674 759 540 667 524 939 708 554 545 104 183 127 817 948 609 440 605 866 415 336 140 708 426 222 953 673 92 577 131 783 980 312 389 272 796 417 704 957 353 297 537 940 120 162 258 135 110 684 643 812 752 275 864 90 375 570 665 512 679 184 811 600 812 768 106 746 1005 751 924 422 243 734 152 283 678 653 786 97 425 871 580 735 670 153 662 311 956
311 89 484 115 127 497 0 86 472 170 378 395 270 299 420 256 315 441 407 564 205 262 508 334 396 214 655 373 528 122 204 298 514 575 344 263 479 183 371 475 345 277 153 405 670 562 641 450 490 241 542 447 338 276 635 243 188 448 460 254 586 81 609 304 498 513 477 445 299 550 567 481 328 421 213 461 514 398 238 527 386 590 606 335 416 546 374 560 243 567 168 452 182 598 411 408 461 288 583 357 509 412 458 309 371 298 404 529 197 292 342 574 563 383 319 363 500 648 351 483 464
261 154 558 60 206 577 86 0 549 252 292 427 206 356 397 273 230 418 493 618 280 183 593 358 384 296 713 430 592 36 221 291 559 651 366 183 486 141 372 429 288 261 192 482 746 647 610 373 546 313 604 426 413 359 714 212 264 534 392 252 664 16 685 218 439 563 557 530 228 630 549 427 410 470 197 405 599 468 321 613 467 644 668 249 429 632 310 643 284 635 100 519 107 667 401 394 400 201 659 356 437 357 411 333 457 281 474 614 157 311 316 657 643 297 365 302 480 726 378 531 379
615 395 506 587 426 65 472 549 0 307 815 688 741 536 578 398 748 590 205 706 268 732 162 363 524 261 744 194 145 581 602 711 714 542 682 732 475 649 464 929 658 502 539 67 197 193 753 922 640 448 642 864 439 349 168 696 427 268 933 667 120 550 136 748 965 248 432 316 772 468 640 943 376 233 489 925 181 103 241 198 104 721 685 775 761 333 845 154 325 613 640 545 653 151 812 540 758 733 110 748 982 697 913 365 273 728 93 338 661 655 779 159 476 837 592 685 608 180 672 245 924
406 112 406 283 133 327 170 252 307 0 538 441 435 301 456 248 473 475 247 545 60 432 341 290 414 45 619 249 382 288 306 416 519 486 414 433 451 342 369 624 447 325 242 239 503 395 675 620 469 211 503 571 270 172 466 390 164 300 627 370 417 251 443 466 658 396 373 309 468 442 580 637 231 310 277 618 348 246 68 362 217 568 563 496 494 402 538 390 187 507 337 400 352 442 523 430 564 450 417 461 677 506 608 271 228 428 249 388 354 375 478 404 455 550 347 471 522 479 411 370 632
271 429 833 290 494 852 378 292 815 538 0 629 241 611 435 453 66 450 783 852 554 171 879 531 459 579 953 662 827 255 439 439 778 927 558 163 592 301 487 411 251 371 445 751 1010 933 576 206 789 591 854 497 692 649 983 341 548 826 279 426 934 299 948 73 362 767 842 821 202 914 570 376 697 682 346 354 887 722 605 901 746 878 916 42 590 924 262 925 504 896 249 783 226 914 509 458 284 90 924 499 284 289 395 512 749 408 731 906 305 507 405 938 927 60 601 236 508 995 579 735 136
689 458 317 381 314 673 395 427 688 441 629 0 393 152 814 644 594 836 509 231 502 458 621 711 791 471 333 689 802 446 206 196 150 394 71 466 866 334 764 393 714 672 242 630 854 661 1034 556 187 241 257 260 265 339 805 289 278 490 504 202 762 410 805 568 472 836 378 449 438 428 962 436 323 752 607 433 614 666 477 617 583 256 310 594 94 536 431 687 609 319 396 241 418 839 200 804 822 553 780 157 562 783 388 688 436 232 666 513 326 123 261 703 437 596 96 726 895 816 50 810 632
392 354 630 155 340 762 270 206 741 435 241 393 0 400 556 474 220 576 652 620 475 76 762 560 557 481 722 636 796 187 222 199 543 723 321 85 674 98 559 230 399 439 252 674 939 815 746 196 562 405 630 270 502 488 902 104 377 678 191 192 853 199 878 191 233 770 655 661 46 724 708 221 523 677 383 199 765 668 503 776 652 646 690 211 349 765 104 819 490 679 106 572 104 868 272 563 481 180 852 258 242 461 212 536 601 167 674 745 92 273 167 834 736 203 377 399 639 914 343 738 247
609 341 231 328 188 522 299 356 536 301 611 152 400 0 713 526 563 735 361 265 361 447 474 585 683 327 357 544 652 384 177 245 221 324 158 454 743 313 648 479 641 571 168 478 704 517 936 589 191 92 248 369 126 187 655 300 138 349 555 221 612 341 654 541 546 690 267 313 446 331 854 513 177 609 508 503 469 516 329 473 431 291 312 571 231 408 469 540 480 284 362 173 385 687 309 697 756 525 628 247 614 709 468 562 288 278 516 386 312 158 325 556 342 591 57 657 790 667 142 666 646
169 375 861 454 526 638 420 397 578 456 435 814 556 713 0 209 389 21 661 977 420 490 709 215 54 466 1061 384 519 391 615 688 932 942 759 484 171 530 115 784 183 142 572 537 737 756 222 631 901 640 946 814 720 628 730 601 584 730 690 650 690 413 681 411 764 417 828 752 549 896 153 765 687 362 206 742 725 475 486 742 564 1002 1009 419 825 830 638 727 284 959 470 847 460 613 795 40 216 409 664 753 710 167 766 217 671 674 486 822 545 705 703 735 908 489 739 202 84 740 769 391 572
217 186 655 333 337 451 256 273 398 248 453 644 474 526 209 0 389 228 454 784 210 429 511 86 165 256 863 217 379 286 460 552 747 734 598 425 223 414 122 701 260 103 406 347 579 561 426 608 707 445 748 696 518 421 562 483 390 521 646 509 517 286 519 398 704 314 619 542 485 686 332 695 480 229 106 673 525 296 276 543 365 808 809 420 672 623 573 538 78 755 370 647 369 470 665 181 360 388 498 613 682 299 683 62 461 548 306 613 430 548 587 547 698 490 559 287 273 573 603 283 580
221 364 779 236 435 786 315 230 748 473 66 594 220 563 389 389 0 406 719 810 488 144 814 470 408 513 910 596 762 194 396 411 740 873 523 135 539 260 431 419 209 312 395 685 943 868 549 241 745 536 808 488 637 589 916 310 491 764 304 392 868 239 881 29 383 704 785 760 191 857 531 390 639 618 282 367 822 656 539 836 680 837 871 31 563 862 267 859 439 847 201 733 178 848 492 409 267 40 857 474 320 258 402 449 687 382 664 844 267 471 388 873 870 103 557 199 466 929 543 672 192
187 396 881 476 548 650 441 418 590 475 450 836 576 735 21 228 406 0 678 999 438 510 724 227 66 484 1083 396 526 412 636 709 954 962 781 503 167 551 126 803 198 164 594 551 746 770 201 648 922 661 967 835 741 648 740 622 606 747 708 671 701 435 690 428 782 421 848 770 568 915 132 784 707 371 228 760 739 488 504 757 579 1023 1029 435 847 847 657 740 302 979 491 868 480 620 817 50 220 427 674 775 727 175 785 231 689 696 498 839 566 727 724 748 927 505 761 215 63 750 791 397 586
644 359 300 512 312 170 407 493 205 247 783 509 652 361 661 454 719 678 0 502 252 663 115 458 612 213 538 322 347 529 469 573 516 341 517 666 604 553 556 805 687 549 414 175 344 164 866 846 438 286 437 718 247 181 295 583 286 73 839 534 254 488 299 710 855 431 228 113 691 271 759 828 186 384 512 813 114 244 187 124 123 516 479 741 592 169 749 180 377 407 565 342 583 351 660 629 800 694 275 596 894 741 791 448 74 597 237 162 562 502 649 196 280 790 418 712 712 306 503 419 869
874 603 211 584 450 671 564 618 706 545 852 231 620 265 977 784 810 999 502 0 601 681 591 836 945 559 102 768 842 644 414 427 86 237 301 689 996 551 907 615 905 835 426 663 832 615 1200 788 76 339 72 475 282 387 780 516 394 453 734 428 747 603 796 786 698 905 292 403 666 302 1116 661 339 834 774 660 578 718 553 574 610 26 88 814 307 452 662 654 732 136 609 161 632 854 420 959 1019 771 774 387 791 974 612 815 433 463 715 431 546 346 492 668 305 822 254 921 1053 789 278 885 862
392 127 451 320 193 298 205 280 268 60 554 502 475 361 420 210 488 438 252 601 0 463 329 239 375 46 671 189 328 313 363 471 577 526 474 463 399 386 325 674 435 298 299 201 466 383 634 654 525 271 556 626 322 219 433 439 224 314 666 426 384 282 404 485 703 336 410 332 505 476 535 683 277 250 260 664 340 194 66 356 191 623 614 513 554 417 579 371 139 555 373 452 385 394 581 391 548 470 379 519 714 489 657 222 251 482 199 405 399 435 531 384 488 572 407 461 480 445 472 309 657
324 337 674 150 356 759 262 183 732 432 171 458 76 447 490 429 144 510 663 681 463 0 768 516 496 476 783 609 773 153 272 269 607 768 387 8 618 134 504 293 327 382 287 665 930 822 674 190 620 438 686 346 539 510 896 170 402 697 216 255 847 181 868 115 278 735 691 685 58 762 641 275 552 644 331 252 773 651 501 786 648 708 748 137 421 789 148 822 457 731 98 620 80 850 348 501 405 104 843 331 256 387 275 492 619 239 657 769 136 336 244 836 774 143 432 325 573 909 408 704 208
716 449 382 618 423 101 508 593 162 341 879 621 762 474 709 511 814 724 115 591 329 768 0 496 657 300 614 337 304 628 584 688 616 399 632 770 626 664 597 920 760 612 528 175 241 54 899 954 534 401 522 833 356 296 189 696 401 139 951 649 156 590 206 807 969 410 302 188 799 322 788 942 297 387 585 927 19 245 274 36 146 602 556 837 705 175 860 66 433 482 671 436 688 279 776 673 869 791 186 712 1004 808 906 492 185 712 235 184 673 618 764 82 328 890 532 786 749 199 617 407 972
279 255 690 418 399 423 334 358 363 290 531 711 560 585 215 86 470 227 458 836 239 516 496 0 161 285 909 170 317 372 536 632 805 763 670 512 160 498 101 787 319 164 479 323 529 542 407 693 759 499 794 778 560 459 518 567 447 529 732 588 477 370 470 480 791 236 646 557 571 709 301 781 516 159 189 759 512 260 299 530 353 859 853 500 746 627 659 512 104 795 456 691 456 410 745 177 404 471 452 691 767 344 769 25 478 630 271 621 514 621 670 520 720 571 623 346 254 529 673 205 661
187 342 821 443 495 584 396 384 524 414 459 791 557 683 54 165 408 66 612 945 375 496 657 161 0 421 1027 330 465 383 596 675 903 900 739 490 132 522 60 787 212 123 549 484 683 703 260 649 868 606 911 807 682 587 676 593 551 681 703 635 636 399 626 427 773 364 785 705 555 851 171 772 646 308 187 748 672 421 440 690 512 969 973 439 808 781 644 674 237 921 465 811 457 558 785 16 264 423 610 740 727 210 769 164 624 665 432 773 537 686 696 681 863 510 712 235 107 686 747 338 596
432 149 405 328 172 282 214 296 261 45 579 471 481 327 466 256 513 484 213 559 46 476 300 285 421 0 627 217 341 330 348 458 539 480 449 477 444 387 371 669 474 342 284 194 457 354 681 665 483 235 512 612 278 175 421 435 193 272 672 413 372 295 397 507 703 364 364 287 513 430 582 682 231 282 301 664 309 204 26 324 172 580 570 537 529 375 584 347 186 510 382 408 397 398 564 437 589 492 371 501 723 530 653 268 206 471 206 363 399 413 521 361 442 592 376 499 527 433 444 339 676
966 686 238 681 536 702 655 713 744 619 953 333 722 357 1061 863 910 1083 538 102 671 783 614 909 1027 627 0 827 885 740 514 529 185 222 403 790 1070 652 986 713 998 921 522 709 850 629 1284 890 166 421 115 572 349 452 798 617 477 479 835 530 770 698 820 887 797 958 313 430 768 299 1196 760 398 894 861 760 598 769 618 591 655 77 59 915 407 456 764 672 806 132 708 218 731 886 519 1042 1113 871 800 488 892 1067 711 890 476 565 764 439 647 448 594 685 297 924 353 1015 1135 806 380 941 965
435 284 594 481 382 255 373 430 194 249 662 689 636 544 384 217 596 396 322 768 189 609 337 170 330 217 827 0 166 456 550 657 754 654 663 607 288 555 269 848 477 319 486 162 362 379 562 797 694 452 715 811 485 381 349 615 410 395 822 611 306 437 302 601 868 147 536 432 658 590 451 852 430 66 319 832 354 93 217 372 203 788 768 626 743 485 740 346 157 703 530 611 537 253 768 346 570 589 283 707 865 510 831 174 361 664 103 482 570 623 712 352 600 692 593 504 415 359 660 121 782
594 441 646 640 514 203 528 592 145 382 827 802 796 652 519 379 762 526 347 842 328 773 304 317 465 341 885 166 0 619 689 799 844 686 787 771 384 711 406 1002 634 477 625 178 221 325 663 962 773 561 780 954 567 470 226 767 529 413 984 753 199 597 172 767 1027 121 575 459 820 613 549 1009 506 157 484 989 323 137 330 338 232 858 826 792 868 478 900 279 323 754 690 681 699 93 906 479 720 755 163 843 1028 661 985 328 410 810 136 483 725 754 859 278 621 859 706 662 530 233 781 134 948
245 186 591 65 242 611 122 36 581 288 255 446 187 384 391 286 194 412 529 644 313 153 628 372 383 330 740 456 619 0 239 298 582 684 382 152 491 139 377 415 268 261 218 515 779 683 599 343 573 346 633 424 447 395 747 210 298 571 367 262 698 45 717 181 419 585 592 566 202 665 544 409 445 493 200 386 635 498 356 649 502 670 697 212 441 668 288 678 305 666 84 550 83 697 404 391 376 165 692 364 409 337 396 348 493 283 505 651 154 327 313 692 678 262 390 279 475 759 397 553 345
483 282 408 175 176 607 204 221 602 306 439 206 222 177 615 460 396 636 469 414 363 272 584 536 596 348 514 550 689 239 0 109 346 501 144 279 683 138 575 335 508 474 64 536 790 634 831 413 349 194 414 264 285 291 747 125 183 481 385 66 699 205 733 372 388 696 436 456 269 504 765 359 314 606 409 346 584 552 363 592 501 440 476 401 212 559 297 647 440 459 195 350 217 745 217 607 615 357 707 157 443 577 321 511 407 128 554 537 135 90 179 663 516 415 161 519 697 759 157 668 468
541 383 471 233 285 715 298 291 711 416 439 196 199 245 688 552 411 709 573 427 471 269 688 632 675 458 529 657 799 298 109 0 346 560 125 278 772 162 661 236 559 552 173 646 898 737 897 362 375 290 445 155 368 392 855 100 289 578 316 45 807 275 842 383 300 803 513 549 243 576 841 267 407 712 488 258 687 661 473 694 610 452 502 407 152 649 237 752 540 501 227 403 245 854 113 685 657 370 816 66 375 626 224 607 508 36 664 626 150 89 80 768 586 402 204 566 772 867 149 774 436
819 562 250 520 410 687 514 559 714 519 778 150 543 221 932 747 740 954 516 86 577 607 616 805 903 539 185 754 844 582 346 346 0 300 222 615 965 480 870 529 848 790 367 665 856 646 1154 705 85 307 136 389 276 376 805 439 358 477 650 352 768 543 815 715 612 896 329 429 588 355 1075 575 338 820 726 574 605 714 537 603 614 108 172 742 222 493 580 681 701 205 540 182 562 865 334 917 959 700 792 303 707 917 526 784 443 382 712 471 473 270 409 696 360 746 194 861 1010 815 200 874 782
877 578 94 637 447 493 575 651 542 486 927 394 723 324 942 734 873 962 341 237 526 768 399 763 900 480 222 654 686 684 501 560 300 0 447 774 920 634 851 783 915 809 481 516 631 410 1160 913 219 337 166 655 237 315 579 624 387 273 875 542 554 639 605 854 858 772 118 227 770 77 1062 823 256 718 757 816 383 583 464 374 463 236 170 885 488 235 792 454 666 101 678 156 701 677 594 916 1033 838 586 544 934 980 776 748 292 595 577 219 635 470 638 466 74 911 355 936 1007 587 423 759 970
627 415 363 317 281 674 344 366 682 414 558 71 321 158 759 598 523 781 517 301 474 387 632 670 739 449 403 663 787 382 144 125 222 447 0 395 821 264 715 336 651 618 191 621 857 675 976 486 252 234 322 213 284 339 810 217 258 508 437 131 765 349 805 497 411 811 415 471 366 472 909 375 336 724 553 370 627 650 458 631 577 327 378 523 80 565 361 697 570 380 328 291 349 831 152 751 756 483 779 96 495 719 328 646 446 161 650 542 256 55 194 713 482 524 103 661 841 822 24 784 561
316 337 680 153 360 759 263 183 732 433 163 466 85 454 484 425 135 503 666 689 463 8 770 512 490 477 790 607 771 152 279 278 615 774 395 0 612 140 498 300 319 376 292 665 930 824 666 191 627 443 693 354 544 514 896 178 406 700 220 263 847 182 868 106 283 733 696 688 65 767 634 281 556 642 326 258 776 650 502 788 649 715 755 129 430 792 154 823 454 738 101 627 82 849 357 495 397 95 843 340 258 379 282 488 622 248 657 773 143 344 252 837 779 137 440 317 566 909 416 701 204
320 407 849 546 556 540 479 486 475 451 592 866 674 743 171 223 539 167 604 996 399 618 626 160 132 444 1070 288 384 491 683 772 965 920 821 612 0 627 114 904 345 236 629 451 606 666 279 778 919 659 954 912 721 619 608 698 606 677 829 730 574 500 555 557 896 269 802 708 676 863 165 892 676 242 291 869 643 380 457 661 490 1019 1013 570 895 771 766 630 264 955 576 851 571 475 884 137 386 551 543 834 855 338 886 181 632 766 390 767 643 771 802 634 874 642 780 367 149 617 826 250 728
379 271 541 81 241 667 183 141 649 342 301 334 98 313 530 414 260 551 553 551 386 134 664 498 522 387 652 555 711 139 138 162 480 634 264 140 627 0 513 293 396 399 156 581 845 716 735 294 487 309 553 286 408 389 807 71 278 579 287 134 758 128 785 235 317 694 560 563 141 631 683 298 426 602 337 278 667 580 409 678 557 577 615 263 312 667 197 721 418 597 64 486 84 780 265 530 495 220 759 229 340 463 275 473 502 144 585 646 15 211 175 736 643 278 300 403 614 820 283 663 336
218 307 774 433 459 524 371 372 464 369 487 764 559 648 115 122 431 126 556 907 325 504 597 101 60 371 986 269 406 377 575 661 870 851 715 498 114 513 0 789 250 122 524 424 623 643 310 667 830 568 870 799 639 541 615 585 513 626 716 619 575 387 566 447 782 309 735 651 562 800 211 778 600 248 177 755 613 361 389 631 453 931 931 462 787 725 652 613 185 876 461 768 456 500 773 76 317 441 549 724 744 260 771 107 571 653 371 718 529 664 689 621 812 534 681 275 156 625 722 282 622
617 564 699 371 504 939 475 429 929 624 411 393 230 479 784 701 419 803 805 615 674 293 920 787 787 669 713 848 1002 415 335 236 529 783 336 300 904 293 789 0 618 669 394 862 1122 970 965 234 581 525 650 142 603 626 1080 234 519 814 154 271 1032 418 1064 391 86 988 746 785 235 806 934 50 643 895 613 62 920 868 688 928 831 637 700 398 307 885 151 983 711 713 331 627 333 1066 195 793 686 386 1037 239 197 675 18 762 742 208 872 862 278 320 157 998 816 353 433 614 866 1092 359 957 334
43 340 826 333 471 708 345 288 658 447 251 714 399 641 183 260 209 198 687 905 435 327 760 319 212 474 998 477 634 268 508 559 848 915 651 319 345 396 250 618 0 158 480 603 839 812 347 450 832 586 887 667 680 604 822 463 532 746 513 528 777 304 779 233 590 552 810 756 383 882 322 595 662 478 174 571 772 556 499 789 614 931 951 237 707 849 469 792 332 912 332 797 316 727 658 209 117 234 758 626 529 68 601 306 676 539 566 835 409 595 558 803 895 306 654 27 257 834 665 523 388
116 235 726 320 385 554 277 261 502 325 371 672 439 571 142 103 312 164 549 835 298 382 612 164 123 342 921 319 477 261 474 552 790 809 618 376 236 399 122 669 158 0 430 450 681 663 364 546 759 500 806 685 583 494 665 470 444 613 594 513 620 276 621 327 660 400 698 630 440 767 290 656 553 322 65 633 626 399 365 643 466 860 869 344 686 715 530 640 179 821 344 708 337 569 662 133 257 320 601 617 622 196 651 149 548 542 409 704 414 565 574 650 780 416 596 185 223 676 627 370 505
452 224 387 160 112 545 153 192 539 242 445 242 252 168 572 406 395 594 414 426 299 287 528 479 549 284 522 486 625 218 64 173 367 481 191 292 629 156 524 394 480 430 0 473 728 578 792 448 355 153 415 328 252 240 686 169 128 431 430 129 638 176 671 374 441 633 404 410 296 475 720 414 271 543 365 399 528 488 299 537 438 452 479 404 266 514 339 589 381 452 196 338 219 681 281 561 592 358 645 220 486 549 379 455 355 189 490 493 159 142 240 604 487 430 173 495 653 698 198 605 492
560 328 470 520 360 104 405 482 67 239 751 630 674 478 537 347 685 551 175 663 201 665 175 323 484 194 709 162 178 515 536 646 665 516 621 665 451 581 424 862 603 450 473 0 265 219 724 855 594 389 602 799 389 293 232 628 364 246 865 602 183 483 204 683 897 256 402 289 705 446 613 876 327 216 432 858 192 72 174 210 54 680 649 711 700 328 777 191 271 579 573 502 586 210 748 500 707 669 178 684 915 646 846 321 232 662 63 328 593 592 713 200 456 772 534 630 575 244 612 245 858
797 592 622 785 617 183 670 746 197 503 1010 854 939 704 737 579 943 746 344 832 466 930 241 529 683 457 850 362 221 779 790 898 856 631 857 930 606 845 623 1122 839 681 728 265 0 220 884 1120 775 623 762 1049 592 518 52 889 610 380 1130 856 91 748 62 944 1160 339 541 429 970 553 770 1138 531 374 677 1120 253 288 436 258 290 842 793 971 934 397 1042 178 511 719 838 677 851 132 994 697 932 930 86 930 1180 872 1106 536 418 917 279 412 857 836 969 164 557 1033 761 867 751 44 845 355 1121
768 504 404 672 475 127 562 647 193 395 933 661 815 517 756 561 868 770 164 615 383 822 54 542 703 354 629 379 325 683 634 737 646 410 675 824 666 716 643 970 812 663 578 219 220 0 942 1007 562 448 545 880 395 344 169 747 451 171 1003 698 149 644 200 861 1020 438 323 217 853 332 830 993 339 425 637 978 50 286 328 44 197 624 573 891 747 176 912 48 484 499 725 464 742 284 821 720 920 846 185 758 1057 859 956 539 230 761 276 191 726 664 813 57 336 945 574 838 793 176 660 438 1026
356 597 1081 664 749 817 641 610 753 675 576 1034 746 936 222 426 549 201 866 1200 634 674 899 407 260 681 1284 562 663 599 831 897 1154 1160 976 666 279 735 310 965 347 364 792 724 884 942 0 782 1124 863 1169 1013 942 847 888 805 807 937 852 862 854 627 834 576 932 545 1045 962 730 1111 114 939 907 522 428 916 916 655 699 934 758 1225 1231 574 1039 1035 814 907 495 1180 673 1070 659 752 1001 244 294 579 823 963 860 290 948 417 882 880 666 1028 749 921 903 912 1123 636 960 350 154 896 987 529 704
463 528 820 337 534 948 450 373 922 620 206 556 196 589 631 608 241 648 846 788 654 190 954 693 649 665 890 797 962 343 413 362 705 913 486 191 778 294 667 234 450 546 448 855 1120 1007 782 0 737 601 807 355 697 684 1086 288 573 874 82 371 1037 371 1058 221 166 919 849 857 154 917 772 189 719 829 504 172 958 841 689 970 837 812 864 212 491 961 125 1009 643 861 283 758 268 1040 388 650 490 226 1033 403 79 494 223 671 796 325 848 941 288 448 297 1023 929 146 560 438 708 1098 510 888 100
801 526 165 515 374 609 490 546 640 469 789 187 562 191 901 707 745 922 438 76 525 620 534 759 868 483 166 694 773 573 349 375 85 219 252 627 919 487 830 581 832 759 355 594 775 562 1124 737 0 262 70 446 209 313 723 458 317 395 689 370 688 531 736 722 660 832 243 346 609 270 1039 624 268 760 698 620 522 647 478 520 541 100 128 750 276 408 613 598 655 133 543 98 566 789 387 883 946 706 713 344 748 901 575 739 367 412 644 386 483 290 447 613 276 762 187 848 976 733 227 812 807
551 265 244 301 116 440 241 313 448 211 591 241 405 92 640 445 536 661 286 339 271 438 401 499 606 235 421 452 561 346 194 290 307 337 234 443 659 309 568 525 586 500 153 389 623 448 863 601 262 0 306 432 101 105 576 317 56 288 579 254 531 301 571 518 582 598 252 262 450 323 777 553 120 517 440 540 398 425 237 405 344 362 369 549 312 364 489 466 395 326 344 211 367 599 374 621 703 501 545 310 636 653 512 478 218 317 424 343 313 216 368 482 336 580 145 605 714 588 223 573 645
854 571 140 576 421 605 542 604 642 503 854 257 630 248 946 748 808 967 437 72 556 686 522 794 911 512 115 715 780 633 414 445 136 166 322 693 954 553 870 650 887 806 415 602 762 545 1169 807 70 306 0 514 233 337 710 526 362 384 759 439 678 589 728 786 730 849 221 334 677 230 1080 694 285 781 746 690 509 660 504 504 549 80 64 815 344 379 682 584 690 68 606 103 630 788 456 926 1002 769 706 414 818 955 645 774 370 482 656 359 549 359 517 598 233 829 253 904 1019 719 297 830 876
656 534 575 366 440 866 447 426 864 571 497 260 270 369 814 696 488 835 718 475 626 346 833 778 807 612 572 811 954 424 264 155 389 655 213 354 912 286 799 142 667 685 328 799 1049 880 1013 355 446 432 514 0 496 537 1004 214 439 716 283 200 958 412 994 459 228 956 629 682 298 685 967 191 543 865 623 195 830 816 627 837 762 497 561 475 169 778 241 898 690 579 343 501 354 1009 61 816 752 449 968 122 334 730 142 753 650 148 819 755 270 216 111 914 694 447 317 668 898 1017 235 927 449
643 348 146 402 210 415 338 413 439 270 692 265 502 126 720 518 637 741 247 282 322 539 356 560 682 278 349 485 567 447 285 368 276 237 284 544 721 408 639 603 680 583 252 389 592 395 942 697 209 101 233 496 0 104 542 410 149 225 670 338 501 401 546 620 667 623 152 187 548 222 850 635 62 551 526 624 349 439 271 351 337 303 292 651 353 282 582 422 458 238 446 130 468 590 435 698 797 603 521 374 729 746 592 541 173 399 436 259 411 284 448 438 235 681 181 700 790 553 266 603 745
565 264 233 363 155 336 276 359 349 172 649 339 488 187 628 421 589 648 181 387 219 510 296 459 587 175 452 381 470 395 291 392 376 315 339 514 619 389 541 626 604 494 240 293 518 344 847 684 313 105 337 537 104 0 471 410 111 190 670 355 426 350 467 575 680 520 206 174 530 277 752 651 59 447 442 637 294 338 166 301 245 407 394 607 415 278 579 361 357 336 413 233 433 500 479 603 722 559 441 415 726 667 613 441 116 418 336 258 396 321 469 377 290 647 244 626 694 483 326 499 719
779 560 570 750 575 140 635 714 168 466 983 805 902 655 730 562 916 740 295 780 433 896 189 518 676 421 798 349 226 747 747 855 805 579 810 896 608 807 615 1080 822 665 686 232 52 169 888 1086 723 576 710 1004 542 471 0 849 566 328 1093 813 49 714 54 915 1121 348 489 377 935 501 774 1097 481 370 656 1080 201 266 398 206 250 790 741 943 886 345 1004 126 491 667 803 625 817 149 949 691 919 901 66 884 1144 859 1065 523 369 875 257 360 818 790 926 112 505 1004 713 850 750 12 797 359 1091
448 332 532 151 274 708 243 212 696 390 341 289 104 300 601 483 310 622 583 516 439 170 696 567 593 435 617 615 767 210 125 100 439 624 217 178 698 71 585 234 463 470 169 628 889 747 805 288 458 317 526 214 410 410 849 0 298 601 261 87 801 198 831 283 273 757 562 579 150 629 754 248 438 664 408 231 697 633 454 707 599 541 586 307 252 682 172 756 483 576 132 470 147 832 195 602 558 269 804 165 319 530 218 542 525 75 637 660 56 169 104 772 641 307 274 468 685 862 239 726 349
496 209 295 258 61 426 188 264 427 164 548 278 377 138 584 390 491 606 286 394 224 402 401 447 551 193 477 410 529 298 183 289 358 387 258 406 606 278 513 519 532 444 128 364 610 451 807 573 317 56 362 439 149 111 566 298 0 302 558 248 519 253 555 474 570 557 294 284 419 366 722 542 149 474 384 527 400 392 200 409 324 418 425 505 338 388 467 463 342 381 305 266 327 575 385 565 649 457 529 320 614 598 505 425 226 311 392 368 284 228 363 479 379 541 183 551 659 578 251 532 610
704 411 244 547 340 222 448 534 268 300 826 490 678 349 730 521 764 747 73 453 314 697 139 529 681 272 479 395 413 571 481 578 477 273 508 700 677 579 626 814 746 613 431 246 380 171 937 874 395 288 384 716 225 190 328 601 302 0 861 543 294 528 343 753 870 502 166 49 719 200 831 841 172 457 573 827 127 316 248 127 195 464 420 784 578 102 770 204 445 347 598 296 618 407 657 698 861 736 322 593 917 803 801 519 78 605 309 91 586 501 656 219 209 829 405 771 783 338 491 491 905
521 544 785 346 527 953 460 392 933 627 279 504 191 555 690 646 304 708 839 734 666 216 951 732 703 672 835 822 984 367 385 316 650 875 437 220 829 287 716 154 513 594 430 865 1130 1003 852 82 689 579 759 283 670 670 1093 261 558 861 0 334 1044 387 1069 280 84 951 821 840 164 887 835 107 699 860 546 92 953 858 695 964 843 758 814 278 431 943 90 1008 672 816 294 719 285 1058 322 706 563 281 1043 347 58 562 145 709 785 280 864 922 277 405 242 1024 898 219 520 504 770 1106 461 920 182
508 338 451 197 241 673 254 252 667 370 426 202 192 221 650 509 392 671 534 428 426 255 649 588 635 413 530 611 753 262 66 45 352 542 131 263 730 134 619 271 528 513 129 602 856 698 862 371 370 254 439 200 338 355 813 87 248 543 334 0 765 236 799 365 329 757 487 516 238 552 802 298 373 666 448 286 648 616 428 656 567 454 498 391 179 617 249 712 495 490 199 387 219 810 158 646 629 351 773 104 393 596 258 563 470 63 619 595 124 81 114 728 564 394 189 536 733 825 152 728 437
734 511 538 700 527 92 586 664 120 417 934 762 853 612 690 517 868 701 254 747 384 847 156 477 636 372 770 306 199 698 699 807 768 554 765 847 574 758 575 1032 777 620 638 183 91 149 854 1037 688 531 678 958 501 426 49 801 519 294 1044 765 0 665 51 867 1072 321 458 344 885 476 740 1049 440 333 609 1032 171 221 349 180 201 758 712 895 842 323 955 101 445 638 754 590 768 139 903 651 876 852 38 838 1095 815 1017 480 328 827 211 336 769 745 879 92 482 955 670 804 713 61 753 329 1042
278 157 546 47 196 577 81 16 550 251 299 410 199 341 413 286 239 435 488 603 282 181 590 370 399 295 698 437 597 45 205 275 543 639 349 182 500 128 387 418 304 276 176 483 748 644 627 371 531 301 589 412 401 350 714 198 253 528 387 236 665 0 687 225 431 571 546 522 223 619 566 417 399 479 212 396 596 472 320 609 467 629 653 256 412 625 303 642 293 621 93 506 103 672 386 409 416 208 661 340 433 373 400 345 450 266 478 607 144 294 302 656 632 302 349 318 497 727 362 540 382
736 531 588 724 559 131 609 685 136 443 948 805 878 654 681 519 881 690 299 796 404 868 206 470 626 397 820 302 172 717 733 842 815 605 805 868 555 785 566 1064 779 621 671 204 62 200 834 1058 736 571 728 994 546 467 54 831 555 343 1069 799 51 687 0 881 1101 293 508 393 909 527 720 1079 484 319 615 1061 222 226 376 231 232 808 762 909 883 375 981 152 450 688 777 638 790 95 940 641 873 867 26 876 1119 813 1048 477 373 860 217 387 797 782 912 143 533 971 711 806 698 61 794 306 1059
242 359 761 217 421 783 304 218 748 466 73 568 191 541 411 398 29 428 710 786 485 115 807 480 427 507 887 601 767 181 372 383 715 854 497 106 557 235 447 391 233 327 374 683 944 861 576 221 722 518 786 459 620 575 915 283 474 753 280 365 867 225 881 0 357 712 768 748 161 841 555 363 623 625 292 340 815 657 533 829 676 813 849 31 535 850 239 855 444 826 179 713 156 851 463 429 296 16 857 446 299 285 374 459 675 354 665 832 242 445 359 868 853 91 534 225 490 928 517 681 182
595 585 771 387 547 980 498 439 965 658 362 472 233 546 764 704 383 782 855 698 703 278 969 791 773 703 797 868 1027 419 388 300 612 858 411 283 896 317 782 86 590 660 441 897 1160 1020 932 166 660 582 730 228 667 680 1121 273 570 870 84 329 1072 431 1101 357 0 1003 814 844 220 876 911 37 702 910 609 42 970 897 724 979 871 721 781 358 390 946 131 1029 723 791 339 701 335 1097 278 777 645 356 1075 316 114 642 86 767 796 268 902 924 304 389 221 1045 887 302 504 582 844 1134 435 971 265
515 425 721 617 529 312 513 563 248 396 767 836 770 690 417 314 704 421 431 905 336 735 410 236 364 364 958 147 121 585 696 803 896 772 811 733 269 694 309 988 552 400 633 256 339 438 545 919 832 598 849 956 623 520 348 757 557 502 951 757 321 571 293 712 1003 0 656 545 788 702 431 989 565 92 421 968 429 189 361 446 308 924 899 734 891 578 873 395 279 830 663 746 668 207 914 377 626 702 285 854 991 570 970 254 484 809 195 581 709 771 855 395 712 804 740 579 417 355 808 31 894
771 471 81 551 350 389 477 557 432 373 842 378 655 267 828 619 785 848 228 292 410 691 302 646 785 364 313 536 575 592 436 513 329 118 415 696 802 560 735 746 810 698 404 402 541 323 1045 849 243 252 221 629 152 206 489 562 294 166 821 487 458 546 508 768 814 656 0 117 700 72 946 781 149 601 647 771 288 467 347 282 348 301 254 799 472 164 733 363 550 181 596 148 619 573 568 801 928 751 487 510 879 873 736 631 174 546 461 142 563 425 593 377 85 832 313 832 891 498 394 642 897
715 417 194 537 329 272 445 530 316 309 821 449 661 313 752 542 760 770 113 403 332 685 188 557 705 287 430 432 459 566 456 549 429 227 471 688 708 563 651 785 756 630 410 289 429 217 962 857 346 262 334 682 187 174 377 579 284 49 840 516 344 522 393 748 844 545 117 0 704 158 859 814 142 495 586 802 176 357 265 174 236 414 371 779 539 104 750 252 468 298 587 248 608 456 622 721 873 731 371 560 897 815 773 545 81 578 350 84 569 468 628 267 168 820 368 780 808 387 453 533 893
382 381 677 185 380 796 299 228 772 468 202 438 46 446 549 485 191 568 691 666 505 58 799 571 555 513 768 658 820 202 269 243 588 770 366 65 676 141 562 235 383 440 296 705 970 853 730 154 609 450 677 298 548 530 935 150 419 719 164 238 885 223 909 161 220 788 700 704 0 770 699 216 567 696 388 193 803 695 537 815 685 692 737 177 390 808 89 855 508 726 131 618 121 895 307 560 457 154 883 299 209 442 217 547 642 209 701 788 137 320 202 870 782 159 424 380 631 947 388 756 200
843 542 111 624 423 417 550 630 468 442 914 428 724 331 896 686 857 915 271 302 476 762 322 709 851 430 299 590 613 665 504 576 355 77 472 767 863 631 800 806 882 767 475 446 553 332 1111 917 270 323 230 685 222 277 501 629 366 200 887 552 476 619 527 841 876 702 72 158 770 0 1010 842 221 653 718 834 305 515 411 296 394 305 245 872 523 157 800 376 615 172 668 187 690 601 623 867 1000 824 509 568 945 945 797 695 231 609 508 141 633 487 655 389 12 904 373 904 956 509 449 691 968
317 513 986 607 666 704 567 549 640 580 570 962 708 854 153 332 531 132 759 1116 535 641 788 301 171 582 1196 451 549 544 765 841 1075 1062 909 634 165 683 211 934 322 290 720 613 770 830 114 772 1039 777 1080 967 850 752 774 754 722 831 835 802 740 566 720 555 911 431 946 859 699 1010 0 914 811 408 356 891 805 543 599 823 649 1140 1141 559 977 927 787 794 396 1088 624 979 613 639 949 158 309 555 709 906 851 282 917 314 780 828 554 922 698 856 856 799 1021 627 884 334 69 782 918 415 704
597 569 736 371 522 957 481 427 943 637 376 436 221 513 765 695 390 784 828 661 683 275 942 781 772 682 760 852 1009 409 359 267 575 823 375 281 892 298 778 50 595 656 414 876 1138 993 939 189 624 553 694 191 635 651 1097 248 542 841 107 298 1049 417 1079 363 37 989 781 814 216 842 914 0 672 896 602 23 943 878 702 952 848 683 744 368 353 915 127 1004 711 755 327 666 325 1077 240 776 656 360 1052 280 147 649 49 757 767 236 883 893 284 355 187 1019 853 317 469 589 847 1110 400 958 289
623 323 174 408 203 353 328 410 376 231 697 323 523 177 687 480 639 707 186 339 277 552 297 516 646 231 398 430 506 445 314 407 338 256 336 556 676 426 600 643 662 553 271 327 531 339 907 719 268 120 285 543 62 59 481 438 149 172 699 373 440 399 484 623 702 565 149 142 567 221 811 672 0 496 501 660 291 379 220 295 275 358 339 654 408 244 609 364 416 278 455 181 477 527 484 662 779 606 459 421 756 725 631 499 112 436 376 222 430 328 486 380 234 691 234 683 754 492 320 546 760
438 332 660 525 442 297 421 470 233 310 682 752 677 609 362 229 618 371 384 834 250 644 387 159 308 282 894 66 157 493 606 712 820 718 724 642 242 602 248 895 478 322 543 216 374 425 522 829 760 517 781 865 551 447 370 664 474 457 860 666 333 479 319 625 910 92 601 495 696 653 408 896 496 0 336 875 405 143 282 423 262 854 834 648 803 543 780 387 187 769 571 678 576 251 823 322 562 614 304 764 900 503 877 173 426 717 152 542 616 682 763 391 663 717 657 505 380 379 722 62 807
131 178 671 257 324 537 213 197 489 277 346 607 383 508 206 106 282 228 512 774 260 331 585 189 187 301 861 319 484 200 409 488 726 757 553 326 291 337 177 613 174 65 365 432 677 637 428 504 698 440 746 623 526 442 656 408 384 573 546 448 609 212 615 292 609 421 647 586 388 718 356 602 501 336 0 580 597 390 325 614 440 799 809 313 621 676 478 619 165 764 284 650 279 572 599 198 287 282 593 553 579 229 594 167 505 478 399 663 352 499 512 630 730 383 532 200 288 668 562 389 473
573 548 729 350 506 940 461 405 925 618 354 433 199 503 742 673 367 760 813 660 664 252 927 759 748 664 760 832 989 386 346 258 574 816 370 258 869 278 755 62 571 633 399 858 1120 978 916 172 620 540 690 195 624 637 1080 231 527 827 92 286 1032 396 1061 340 42 968 771 802 193 834 891 23 660 875 580 0 928 858 684 937 830 683 742 345 353 904 103 988 689 751 305 659 303 1058 241 753 633 337 1034 276 138 626 54 735 753 225 863 881 265 347 179 1003 845 295 462 566 823 1093 395 937 271
729 458 368 623 425 120 514 599 181 348 887 614 765 469 725 525 822 739 114 578 340 773 19 512 672 309 598 354 323 635 584 687 605 383 627 776 643 667 613 920 772 626 528 192 253 50 916 958 522 398 509 830 349 294 201 697 400 127 953 648 171 596 222 815 970 429 288 176 803 305 805 943 291 405 597 928 0 263 282 17 161 589 541 845 700 157 862 76 447 467 676 424 693 297 772 689 882 799 203 708 1007 821 906 508 181 711 253 166 676 614 763 91 311 897 526 798 766 211 612 426 978
513 314 532 512 377 162 398 468 103 246 722 666 668 516 475 296 656 488 244 718 194 651 245 260 421 204 769 93 137 498 552 661 714 583 650 650 380 580 361 868 556 399 488 72 288 286 655 841 647 425 660 816 439 338 266 633 392 316 858 616 221 472 226 657 897 189 467 357 695 515 543 878 379 143 390 858 263 0 192 281 120 736 710 684 730 400 772 253 224 641 564 558 574 200 768 437 655 644 203 705 905 594 851 261 294 674 10 399 593 616 724 259 525 748 570 583 508 278 643 175 836
457 175 392 352 187 258 238 321 241 68 605 477 503 329 486 276 539 504 187 553 66 501 274 299 440 26 618 217 330 356 363 473 537 464 458 502 457 409 389 688 499 365 299 174 436 328 699 689 478 237 504 627 271 166 398 454 200 248 695 428 349 320 376 533 724 361 347 265 537 411 599 702 220 282 325 684 282 192 0 297 148 574 560 563 538 350 606 322 204 498 406 400 421 381 577 457 613 518 350 514 746 554 672 284 184 488 193 339 420 424 538 336 423 618 380 524 545 411 452 337 701
745 473 363 635 436 135 527 613 198 362 901 617 776 473 742 543 836 757 124 574 356 786 36 530 690 324 591 372 338 649 592 694 603 374 631 788 661 678 631 928 789 643 537 210 258 44 934 970 520 405 504 837 351 301 206 707 409 127 964 656 180 609 231 829 979 446 282 174 815 296 823 952 295 423 614 937 17 281 297 0 178 584 534 859 703 144 873 80 465 460 688 421 706 309 778 707 899 813 213 714 1018 838 914 525 187 719 271 156 686 620 771 94 301 911 530 815 784 215 616 443 991
571 317 416 501 327 110 386 467 104 217 746 583 652 431 564 365 680 579 123 610 191 648 146 353 512 172 655 203 232 502 501 610 614 463 577 649 490 557 453 831 614 466 438 54 290 197 758 837 541 344 549 762 337 245 250 599 324 195 843 567 201 467 232 676 871 308 348 236 685 394 649 848 275 262 440 830 161 120 148 178 0 626 595 705 656 282 754 180 287 525 554 449 569 255 709 528 722 661 206 644 894 662 816 347 179 628 113 280 568 552 679 192 404 762 488 641 607 262 568 296 847
900 627 220 610 475 684 590 644 721 568 878 256 646 291 1002 808 837 1023 516 26 623 708 602 859 969 580 77 788 858 670 440 452 108 236 327 715 1019 577 931 637 931 860 452 680 842 624 1225 812 100 362 80 497 303 407 790 541 418 464 758 454 758 629 808 813 721 924 301 414 692 305 1140 683 358 854 799 683 589 736 574 584 626 0 74 840 330 458 687 664 754 134 635 177 658 867 443 984 1045 797 786 411 815 1000 634 838 448 488 732 438 572 372 516 678 307 848 281 947 1077 799 303 904 888
918 634 179 639 485 643 606 668 685 563 916 310 690 312 1009 809 871 1029 479 88 614 748 556 853 973 570 59 768 826 697 476 502 172 170 378 755 1013 615 931 700 951 869 479 649 793 573 1231 864 128 369 64 561 292 394 741 586 425 420 814 498 712 653 762 849 781 899 254 371 737 245 1141 744 339 834 809 742 541 710 560 534 595 74 0 877 392 401 739 615 750 74 670 162 693 827 505 988 1066 832 742 467 872 1019 695 834 416 539 705 383 611 418 571 628 244 890 315 968 1081 749 353 882 935
