234
0 787 275 833 390 340 875 714 738 332 495 743 870 564 844 434 846 572 813 822 523 698 989 484 913 204 1041 814 316 870 629 1028 540 653 547 683 971 853 954 477 578 276 321 372 1098 851 683 835 936 776 1086 1008 1092 236 1217 1130 696 724 1123 790 777 644 509 594 457 1026 373 1179 243 626 964 409 617 832 879 394 864 1320 778 540 675 1170 707 372 222 424 74 331 703 582 903 748 269 893 945 706 863 240 966 547 1009 679 241 195 758 101 239 423 929 905 662 448 529 253 370 421 789 966 651 460 746 194 1151 1019 316 797 964 952 793 641 994 776 372 815 962 727 1024 804 925 230 398 354 923 603 524 383 309 357 995 636 907 358 441 1121 960 948 861 992 138 980 1110 991 868 554 980 973 625 724 900 647 241 1124 535 874 736 1009 1244 947 404 868 964 996 490 1013 377 1062 480 219 720 422 801 546 105 675 1099 713 403 1016 960 316 659 1088 1040 266 1079 806 703 886 675 529 285 482 766 925 221 870 714 819 464 689 752 176 193 306 907 824 1032 552 728 1006 1141 981 1125 576
787 0 641 851 428 684 720 385 919 713 448 867 492 805 551 641 401 227 422 216 537 228 633 826 802 873 728 58 470 539 237 1017 626 404 881 122 458 77 751 430 295 788 525 719 677 993 801 514 230 162 737 1066 673 769 898 675 208 769 687 55 718 984 508 783 495 725 420 865 605 160 287 431 171 336 1038 692 411 908 1087 520 746 932 786 511 785 447 835 899 95 726 393 957 610 696 731 362 713 757 341 845 497 902 732 680 1046 806 739 368 1014 247 426 795 336 615 416 930 166 344 836 370 418 830 682 530 531 1098 1239 250 702 1017 488 554 502 177 770 278 1004 125 1108 578 618 634 316 183 613 407 518 665 661 780 176 901 822 927 1043 1058 363 563 648 1236 920 830 678 233 1134 484 320 91 162 319 546 793 252 1103 956 827 844 1027 857 1132 760 440 302 910 685 933 383 673 453 931 438 648 681 641 910 139 887 731 1015 606 959 553 774 570 865 69 958 393 118 960 626 498 302 1158 753 1087 447 116 567 844 426 730 815 738 920 859 942 660 503 570 927 513 793 601
275 641 0 570 215 87 600 465 502 101 247 493 609 325 574 162 597 415 560 613 251 490 718 273 641 245 767 684 256 603 432 770 266 401 343 522 722 693 679 241 372 147 118 134 830 614 426 569 737 581 813 761 824 128 942 865 495 458 856 627 504 456 242 344 199 752 244 904 69 494 752 210 495 595 648 138 615 1047 589 271 409 896 446 135 146 201 271 259 547 319 660 521 38 617 669 462 588 116 740 327 757 450 91 80 559 220 98 291 683 695 406 232 321 46 292 307 593 739 407 272 491 200 886 763 112 607 775 749 519 470 742 504 142 617 687 503 764 620 704 128 124 80 698 471 249 318 133 94 723 380 719 266 242 848 716 709 621 729 214 785 836 717 593 437 754 719 398 560 717 418 195 849 405 663 512 735 972 702 246 669 689 753 397 744 120 792 268 56 458 308 544 273 220 400 825 533 267 741 710 46 455 835 765 92 805 682 487 641 523 375 16 220 535 719 115 655 454 638 190 442 496 115 186 107 647 563 764 280 460 743 867 724 851 301
833 851 570 0 631 493 188 468 174 500 487 118 432 283 349 409 508 709 465 675 389 623 401 380 142 703 371 910 755 381 632 202 319 450 349 749 567 851 240 521 594 574 600 461 500 165 152 383 776 699 424 220 495 605 474 548 643 113 526 804 133 347 422 243 477 355 690 444 628 790 745 596 808 563 206 439 511 620 348 390 161 385 125 550 624 556 804 594 774 251 563 207 592 231 249 490 186 598 687 323 570 222 592 644 310 751 595 702 162 718 427 403 582 608 758 529 702 684 203 617 441 677 571 548 600 346 425 774 155 390 562 309 558 707 230 576 195 749 273 678 451 490 664 779 339 782 627 478 380 198 800 568 423 322 191 207 557 479 783 414 310 214 228 782 287 540 542 764 809 537 734 425 750 294 218 240 558 175 483 337 243 616 796 192 456 244 572 619 399 529 441 304 790 222 302 713 507 335 167 541 302 617 327 628 305 919 254 547 770 444 566 451 563 338 616 275 405 768 416 164 434 656 668 529 80 18 204 294 350 489 348 520 427 306
390 428 215 631 0 273 594 344 620 299 154 590 511 461 506 269 469 201 444 432 242 308 648 446 657 445 718 469 134 524 240 831 318 290 512 311 593 484 663 122 188 363 97 316 747 722 517 487 549 388 754 846 741 341 903 772 307 521 770 418 527 625 210 459 154 705 59 865 177 279 574 35 280 447 763 298 488 982 749 245 478 883 521 102 356 75 423 474 335 412 522 649 182 597 648 331 583 329 576 484 633 582 304 252 713 386 311 84 774 515 307 408 141 187 127 517 401 576 524 70 382 401 791 647 103 764 926 563 529 649 618 452 91 427 676 339 822 421 827 161 231 228 534 256 298 151 90 260 661 479 523 480 428 848 807 810 478 631 261 931 838 721 571 222 869 598 240 351 519 263 160 801 190 800 644 732 906 791 449 816 674 613 194 771 285 813 97 244 368 518 437 338 290 416 826 331 475 700 792 186 613 712 733 142 795 467 630 505 310 568 200 180 380 858 324 789 361 438 222 548 389 302 387 318 711 631 797 349 393 645 862 612 802 325
340 684 87 493 273 0 541 457 415 30 254 410 583 239 539 100 585 461 544 628 221 510 679 187 574 255 719 730 337 570 460 691 207 392 257 561 707 728 622 260 398 125 183 47 794 528 346 539 754 604 767 677 787 133 887 831 518 383 820 663 439 370 225 260 202 703 313 851 157 546 762 258 550 593 562 54 601 1001 503 244 334 834 368 174 155 236 320 222 588 241 651 434 122 563 614 458 530 121 742 240 739 362 107 151 472 266 112 355 599 708 392 146 350 133 368 246 615 741 322 316 476 215 854 741 179 520 688 764 457 387 724 465 185 637 627 512 686 647 617 215 82 49 701 524 195 394 205 23 681 298 743 220 160 782 632 624 615 700 299 698 771 653 539 495 667 700 410 597 742 427 281 800 462 576 424 672 926 618 176 582 631 742 464 673 37 722 301 127 437 247 525 209 301 342 760 565 204 691 628 89 368 815 711 174 743 730 399 631 567 297 92 213 539 632 134 568 434 666 159 358 479 165 202 63 568 485 691 214 429 715 803 702 802 249
875 720 600 188 594 541 0 339 350 558 440 284 256 394 177 442 342 617 306 524 365 498 214 489 82 784 199 778 728 204 526 299 335 345 481 632 383 707 81 473 503 648 592 524 318 352 275 215 611 560 253 362 312 670 347 365 519 205 344 668 110 510 390 348 450 182 652 311 644 688 574 558 709 404 392 493 341 474 532 354 239 296 236 537 692 520 861 697 655 323 390 387 611 42 76 363 11 660 512 446 384 382 648 680 493 808 653 650 331 554 321 498 506 628 717 649 559 508 339 560 302 750 389 360 595 532 611 607 85 555 376 168 542 559 86 442 286 606 456 683 476 521 494 682 350 738 617 521 195 304 642 675 525 254 353 378 391 291 797 598 244 126 45 697 460 355 439 639 652 427 727 270 668 482 396 138 403 338 589 526 90 433 726 192 506 224 514 655 273 649 285 332 812 200 232 588 618 165 318 561 466 428 173 634 205 789 426 375 657 585 591 421 419 525 675 464 281 623 415 310 293 705 739 593 225 205 223 328 227 301 270 334 272 299
714 385 465 468 344 457 339 0 555 486 221 496 169 477 188 371 131 291 100 215 240 159 315 530 420 705 397 443 471 193 191 633 304 64 566 293 257 383 382 237 186 582 393 471 405 616 438 158 333 231 425 681 400 582 583 429 180 394 427 336 334 652 231 443 266 388 389 546 473 352 322 314 374 138 661 436 150 644 735 216 380 587 416 343 604 291 730 674 315 387 195 594 454 321 363 23 331 570 290 527 294 550 548 537 693 683 555 366 630 277 67 511 212 468 442 671 235 288 484 284 43 662 447 305 398 743 870 337 316 691 279 171 342 243 400 107 620 281 731 487 374 412 251 349 300 456 408 433 333 428 344 665 543 568 659 676 158 288 599 864 559 457 300 372 753 258 117 301 350 97 503 476 348 733 596 458 569 643 595 766 392 287 415 531 438 560 246 518 68 671 94 323 624 269 548 250 629 388 631 419 619 373 427 448 508 453 606 175 318 663 450 246 102 786 576 716 62 300 298 483 52 581 648 521 536 477 563 332 118 301 574 268 477 264
738 919 502 174 620 415 350 555 0 413 500 66 564 176 483 359 626 743 580 770 397 695 562 255 316 580 542 976 727 519 686 311 309 518 203 806 706 933 412 531 636 464 564 373 668 113 118 511 883 782 596 272 662 501 648 715 713 167 694 878 258 174 431 162 473 526 677 619 569 830 862 590 844 673 146 363 633 795 187 408 174 555 140 524 517 551 696 458 833 208 689 40 532 391 418 573 344 497 811 191 716 61 498 564 146 646 499 701 193 826 499 289 611 546 743 380 787 808 97 626 539 562 738 698 563 192 319 885 289 215 706 426 534 797 403 658 312 832 207 625 403 430 782 815 327 769 591 408 545 144 899 429 300 489 223 210 674 632 715 318 478 388 383 807 252 683 599 828 905 601 688 600 773 184 46 415 732 211 350 212 416 754 806 355 381 405 586 541 492 380 555 287 715 285 470 781 368 507 229 486 129 771 501 578 478 983 79 670 823 282 503 454 656 242 516 170 496 852 398 75 534 563 556 433 209 157 358 274 447 644 516 667 602 322
332 713 101 500 299 30 558 486 413 0 284 412 610 236 563 123 613 490 572 659 249 540 702 173 588 231 739 760 357 595 491 696 227 422 243 591 735 758 639 290 429 97 207 39 817 526 351 565 784 635 788 678 811 112 905 856 548 393 844 693 454 355 254 263 232 723 338 869 170 574 792 286 578 622 558 65 630 1022 489 272 344 849 375 203 133 265 305 192 618 250 680 428 139 582 632 487 547 101 772 230 766 357 92 151 460 252 95 381 600 738 421 132 380 147 390 218 645 771 321 345 504 193 878 767 203 507 676 795 474 369 751 489 213 667 644 542 691 677 610 229 111 80 731 552 217 416 227 53 703 303 773 189 141 796 632 623 644 725 304 686 784 667 559 522 662 728 440 627 772 457 296 820 489 567 418 687 947 618 149 571 648 771 490 683 53 733 331 129 464 219 552 227 302 360 774 595 175 710 630 113 357 842 729 192 758 759 391 660 597 275 109 243 569 622 117 560 461 697 187 359 507 155 181 36 574 492 701 230 455 740 817 729 821 271
495 448 247 487 154 254 440 221 500 284 0 461 376 362 359 193 353 245 319 374 103 256 504 378 503 490 568 500 288 381 213 684 192 158 434 326 478 483 509 34 153 374 175 280 608 594 388 345 500 351 607 705 602 369 753 638 266 380 632 419 376 539 69 348 51 555 212 715 253 333 509 118 346 348 636 249 371 838 651 97 342 730 386 123 390 82 509 476 354 294 414 534 233 443 494 215 429 356 494 399 515 471 333 317 612 462 340 216 637 454 168 348 114 247 278 491 362 493 408 129 251 446 658 524 180 664 817 510 376 571 500 300 123 383 522 259 674 396 704 270 177 205 452 316 175 300 193 232 514 356 490 473 376 694 670 675 374 498 385 818 684 566 417 306 741 478 156 357 489 174 298 652 272 685 531 577 762 653 416 707 520 507 310 618 245 659 86 298 227 492 306 214 408 267 672 319 448 549 652 201 518 594 580 228 641 503 525 395 338 512 231 50 289 743 360 671 221 416 119 425 257 361 432 316 567 488 645 226 244 512 707 486 653 184
743 867 493 118 590 410 284 496 66 412 461 0 498 179 417 340 562 699 517 711 357 640 496 272 256 599 479 924 704 453 636 287 273 463 234 756 640 877 349 493 589 475 542 372 602 133 72 446 822 725 532 267 596 509 591 649 659 103 629 824 192 231 392 149 438 462 648 561 557 785 799 557 800 611 175 356 569 736 253 365 121 504 80 498 527 518 707 484 782 180 624 106 520 326 354 515 278 504 747 211 650 104 502 561 212 655 503 668 190 764 443 300 567 535 715 414 730 744 93 589 478 577 673 632 542 257 373 823 222 274 639 361 508 739 341 601 284 775 244 611 384 416 719 771 292 740 569 399 479 114 839 457 316 440 223 220 611 565 708 369 428 331 317 766 280 616 548 776 846 548 672 538 732 236 112 357 672 208 373 270 353 689 770 308 373 359 547 537 431 414 491 252 711 227 420 728 395 443 218 471 185 704 439 563 423 931 142 606 774 326 492 417 597 291 522 220 436 795 367 53 473 566 569 437 171 101 315 240 386 577 466 600 541 277
870 492 609 432 511 583 256 169 564 610 376 498 0 538 82 487 92 451 77 281 362 296 150 613 336 838 240 548 640 52 348 553 396 221 633 428 143 466 266 398 354 707 552 587 236 595 459 53 356 329 260 619 230 715 421 262 316 397 258 437 308 697 366 496 413 234 558 386 627 500 318 480 524 157 637 551 86 475 752 340 404 441 427 499 737 453 879 787 445 448 133 604 604 222 246 187 254 703 256 592 162 577 684 685 710 829 690 536 585 299 208 604 382 619 612 767 326 252 518 453 129 797 281 157 556 756 856 350 280 740 149 142 499 319 285 234 539 370 705 647 502 545 237 501 399 626 569 559 173 466 390 774 636 435 608 632 137 121 761 846 428 346 211 531 714 124 285 424 402 264 669 314 510 722 610 339 400 594 695 763 274 190 580 431 558 447 414 664 150 768 75 407 784 302 418 376 728 240 575 563 657 234 282 605 373 561 630 119 455 737 595 389 196 770 712 704 155 385 425 504 121 724 783 646 481 446 464 412 155 136 435 119 315 349
564 805 325 283 461 239 394 477 176 236 362 179 538 0 468 192 577 608 530 687 267 592 584 98 398 421 593 859 558 505 568 467 179 425 94 685 680 830 472 388 511 295 395 197 698 290 131 485 809 685 646 443 692 330 734 743 607 194 726 770 284 179 297 46 325 576 514 700 393 696 799 433 707 610 322 187 589 868 290 285 155 659 166 360 347 397 527 312 713 91 645 196 357 429 471 489 385 324 759 54 701 125 323 387 252 475 325 544 364 754 412 120 477 370 578 254 693 757 86 477 474 397 766 691 393 304 465 814 312 216 688 397 371 708 471 568 464 734 379 450 234 256 724 678 191 605 421 232 574 91 814 287 140 599 396 386 620 633 538 471 588 478 411 663 428 663 489 713 818 496 514 664 629 343 188 502 798 383 201 355 480 725 652 475 204 526 443 364 426 255 506 158 538 237 578 670 227 559 395 312 155 767 567 404 573 863 169 625 699 199 327 312 577 400 343 333 427 755 247 126 472 389 389 258 349 271 487 147 393 647 624 654 666 213
844 551 574 349 506 539 177 188 483 563 359 417 82 468 0 439 164 479 130 348 323 339 145 548 259 794 213 609 639 37 379 476 340 219 562 474 222 533 200 386 372 660 532 537 256 512 381 38 434 389 248 539 249 672 400 292 360 317 282 498 226 620 334 425 388 202 558 362 601 539 398 472 562 227 555 501 164 479 671 303 328 398 347 477 694 440 845 733 494 379 215 523 574 147 180 211 173 660 338 523 235 499 643 653 629 794 649 543 503 376 200 543 390 590 617 705 387 335 441 455 145 755 315 222 536 674 773 430 197 664 223 74 479 385 219 279 462 433 622 628 460 504 317 537 347 634 552 515 155 392 465 717 574 381 527 550 213 166 743 763 373 278 132 560 632 200 303 476 475 285 657 295 535 639 529 276 403 512 635 680 209 271 601 360 510 382 413 631 138 706 112 348 764 231 363 425 668 200 494 530 580 299 239 582 321 621 551 199 500 667 562 361 249 687 671 621 146 450 385 425 136 689 741 599 399 363 392 351 116 181 386 187 296 294
434 641 162 409 269 100 442 371 359 123 193 340 487 192 439 0 496 429 452 558 131 447 579 186 479 354 618 692 368 472 407 610 107 309 246 519 615 677 522 212 347 220 204 100 694 467 270 441 684 542 666 606 687 233 787 732 458 296 721 613 343 357 145 197 146 602 322 750 219 518 687 243 526 510 505 64 511 900 480 155 248 736 286 168 256 209 419 303 546 161 563 385 183 463 514 376 431 222 661 216 645 315 207 240 444 366 212 353 530 635 305 154 304 199 386 302 552 659 262 291 386 316 755 645 203 495 657 693 359 384 631 366 179 572 529 439 604 588 566 271 44 81 621 498 94 412 231 78 580 225 679 293 182 687 563 560 529 602 374 663 675 556 439 478 612 607 343 551 680 357 331 699 443 534 378 575 825 548 226 548 532 653 462 581 70 630 263 215 344 303 432 112 381 242 664 513 259 590 555 132 343 721 611 222 645 694 362 543 529 319 157 144 461 592 235 523 342 608 77 292 388 262 303 160 487 403 602 118 332 617 706 607 701 149
846 401 597 508 469 585 342 131 626 613 353 562 92 577 164 496 0 380 47 189 365 216 234 641 423 836 328 456 592 143 277 641 417 195 670 343 125 373 357 368 295 710 524 596 299 668 515 127 269 238 342 704 294 712 504 314 234 459 317 346 378 745 360 539 397 324 510 470 605 420 238 442 444 65 712 560 18 540 812 341 458 531 486 475 734 421 862 799 358 486 68 666 586 310 337 139 338 700 185 630 164 632 679 669 770 815 685 481 665 211 192 627 332 600 558 789 234 182 569 405 109 793 329 178 529 818 929 266 352 787 149 201 474 227 377 156 627 278 781 617 502 542 157 423 416 569 538 561 261 515 300 788 659 527 690 712 49 178 728 919 521 438 297 458 794 129 231 336 311 208 630 397 440 793 670 431 469 675 715 831 365 157 512 522 564 539 372 650 154 790 72 432 754 348 511 289 748 330 658 550 708 243 373 579 465 470 687 48 371 771 582 377 113 843 707 775 155 292 425 560 108 712 779 649 563 521 554 439 185 189 527 145 398 373
572 227 415 709 201 461 617 291 743 490 245 699 451 608 479 429 380 0 374 272 346 167 601 615 693 646 687 269 262 483 103 895 436 272 675 112 486 284 670 219 115 562 298 499 679 831 628 448 371 214 712 929 674 542 872 693 154 611 697 219 583 783 313 593 284 678 198 835 378 88 407 205 101 334 874 474 397 920 896 334 578 878 621 287 557 226 614 673 134 538 411 778 383 606 651 268 608 530 427 642 529 717 505 453 857 582 512 149 866 349 296 581 132 388 212 708 227 428 652 144 334 603 707 552 304 909 1061 388 575 813 515 452 277 254 686 224 884 234 943 354 401 413 387 71 420 212 292 444 622 599 336 677 607 857 898 907 368 558 435 1062 848 741 583 81 977 501 179 152 329 194 330 765 60 928 775 745 848 882 636 952 680 491 133 808 466 842 166 446 347 709 378 459 467 487 837 144 665 679 876 380 763 603 718 343 798 269 770 399 109 746 399 295 268 985 526 914 339 248 361 668 343 504 589 513 785 713 838 471 391 569 864 522 765 422
813 422 560 465 444 544 306 100 580 572 319 517 77 530 130 452 47 374 0 218 322 219 227 595 388 796 317 479 571 117 271 606 371 160 623 352 163 402 329 337 280 669 492 553 308 625 468 92 310 259 337 666 303 673 499 329 239 413 329 368 334 698 320 492 361 310 488 463 572 423 282 415 447 98 668 517 59 549 766 299 411 516 440 442 694 391 827 756 370 439 114 620 551 277 310 114 301 660 231 583 197 585 640 634 724 779 646 464 625 252 153 582 311 565 540 744 257 229 522 383 68 754 347 205 497 772 884 308 310 740 182 157 441 254 349 157 592 303 738 587 461 501 202 424 371 553 508 520 250 468 337 745 614 506 650 671 94 189 699 876 499 409 262 454 752 159 212 350 346 190 604 391 434 748 624 405 475 635 670 786 338 200 504 491 521 512 347 614 108 745 25 386 724 301 489 301 703 314 619 513 661 276 356 547 444 491 640 94 379 725 545 339 121 799 668 731 110 319 384 514 64 675 740 607 523 478 523 393 138 202 508 168 392 327
822 216 613 675 432 628 524 215 770 659 374 711 281 687 348 558 189 272 218 0 433 124 418 731 606 858 514 269 527 331 193 824 510 261 774 191 245 184 545 372 246 749 514 653 462 828 653 310 126 65 521 881 458 740 682 463 126 608 474 160 541 865 413 656 426 510 453 649 600 276 141 417 299 123 873 619 197 696 950 411 596 717 631 478 760 414 854 851 195 599 177 810 592 495 526 199 518 727 156 735 286 765 704 673 908 814 711 410 836 83 276 708 296 602 481 861 55 157 699 362 234 814 472 317 520 958 1084 136 520 903 276 366 473 38 565 120 810 91 943 593 550 580 118 287 502 484 518 606 446 643 128 847 739 715 863 883 148 347 690 1078 710 626 480 334 962 270 218 168 134 202 586 577 329 947 812 620 630 848 785 981 554 235 401 709 618 728 348 659 279 862 238 530 721 485 700 136 818 518 833 570 833 350 561 568 654 283 821 177 217 867 597 417 113 1000 729 930 275 103 481 699 241 721 799 690 737 686 741 540 327 354 715 298 577 474
523 537 251 389 242 221 365 240 397 249 103 357 362 267 323 131 365 346 322 433 0 328 467 298 420 476 518 592 370 352 300 588 90 178 346 418 486 565 440 135 244 346 227 231 579 490 285 320 558 423 563 605 573 353 697 614 342 279 605 504 286 446 34 248 89 503 302 659 283 434 558 207 447 378 533 195 381 797 552 23 240 661 283 172 375 167 522 434 446 192 432 431 253 376 428 245 353 340 530 309 517 370 321 330 512 471 328 314 535 507 173 275 213 270 370 431 432 528 306 231 255 435 636 519 229 564 714 566 292 480 502 253 178 449 450 313 579 471 600 319 139 182 491 418 75 393 252 197 472 253 557 425 305 619 568 573 397 480 433 715 608 489 350 410 637 479 224 446 559 234 362 601 375 582 428 503 721 552 355 605 450 522 412 532 199 576 189 307 215 432 303 112 450 175 597 403 389 494 551 207 421 594 520 270 570 596 424 412 433 434 239 62 331 640 350 568 212 491 62 322 257 365 421 285 469 389 557 125 210 495 635 480 603 82
698 228 490 623 308 510 498 159 695 540 256 640 296 592 339 447 216 167 219 124 328 0 446 626 579 735 536 286 409 335 71 792 412 177 674 135 318 239 538 251 121 628 389 537 515 766 576 304 246 95 555 839 511 618 717 527 21 541 532 183 490 771 304 566 308 529 332 682 475 204 266 292 228 166 810 505 232 756 867 308 520 734 560 355 637 289 729 732 156 508 243 733 467 479 518 136 491 605 270 636 361 681 581 548 826 689 588 292 786 208 198 599 171 478 366 748 105 271 615 238 197 690 541 385 395 877 1014 259 475 807 348 331 349 127 556 62 780 142 881 469 434 460 228 207 401 371 393 488 469 559 233 729 629 720 815 830 201 394 567 1010 713 614 459 242 906 334 104 141 233 95 463 610 228 877 733 614 685 799 672 907 548 325 301 690 502 717 224 535 227 748 229 434 597 414 702 90 704 533 788 447 743 435 574 443 660 295 738 232 161 761 474 303 103 932 606 861 220 163 370 620 206 597 676 571 693 631 722 445 277 405 724 356 611 381
989 633 718 401 648 679 214 315 562 702 504 496 150 584 145 579 234 601 227 418 467 446 0 671 272 934 95 688 780 124 498 469 476 358 675 577 206 599 175 530 501 799 677 674 116 564 477 160 470 472 110 549 109 813 271 159 466 408 143 578 309 718 479 538 533 94 698 236 747 651 420 615 674 297 602 639 222 334 746 448 432 299 440 622 835 584 989 865 593 500 246 600 719 171 160 335 218 801 350 638 190 591 785 798 707 938 790 680 533 418 341 671 526 735 755 831 467 346 541 594 272 895 182 159 681 746 820 460 279 762 187 214 624 457 193 384 454 509 663 773 602 647 347 652 485 770 697 656 30 499 513 848 701 304 549 579 270 91 888 805 301 248 179 682 660 174 432 570 526 412 801 164 660 694 609 232 258 537 764 739 178 251 729 336 649 338 553 775 279 831 223 481 909 354 292 524 796 107 513 674 674 218 148 728 244 702 638 242 604 781 706 507 345 734 813 675 286 522 529 517 263 832 882 739 427 419 367 482 261 96 300 145 164 431
484 826 273 380 446 187 489 530 255 173 378 272 613 98 548 186 641 615 595 731 298 626 671 0 495 327 685 878 523 584 591 559 225 472 70 704 751 860 568 397 531 208 365 139 786 368 229 561 856 721 738 528 780 247 831 830 638 291 814 797 378 183 322 142 332 669 493 797 343 703 852 424 711 667 395 148 655 963 316 320 250 757 264 343 262 393 440 214 732 170 710 263 309 522 566 539 479 244 818 64 775 195 248 321 287 390 248 530 449 804 462 41 490 319 552 160 730 816 179 476 534 306 853 768 362 334 502 863 405 203 762 474 354 748 568 611 557 768 443 401 216 220 781 683 230 578 389 190 664 188 855 189 44 698 479 465 681 714 475 513 686 576 503 661 496 737 521 736 857 533 468 759 627 396 252 600 892 467 103 398 575 794 640 572 162 624 449 300 487 160 572 208 470 318 676 696 130 653 483 273 183 845 662 361 670 880 221 689 715 135 279 327 627 450 263 390 487 789 259 219 534 313 300 184 443 367 584 202 461 728 722 731 761 268
913 802 641 142 657 574 82 420 316 588 503 256 336 398 259 479 423 693 388 606 420 579 272 495 0 806 230 860 789 283 604 217 375 421 476 712 457 789 101 537 578 672 646 551 363 295 268 296 692 642 282 284 357 698 338 410 600 204 387 750 136 487 448 353 508 215 715 306 691 766 654 621 787 485 331 523 422 480 488 413 248 263 231 591 719 582 894 708 735 341 469 349 656 114 113 443 88 689 590 445 454 359 680 719 452 840 684 717 260 635 397 511 578 673 782 651 642 586 328 627 384 776 433 427 648 486 548 687 127 530 447 248 598 641 88 524 204 688 391 734 517 560 573 759 393 804 671 556 248 307 724 685 535 208 278 306 472 357 845 532 196 80 126 772 389 428 516 720 734 505 782 283 742 424 360 104 416 265 598 470 102 507 798 115 538 156 581 694 353 652 367 367 857 246 185 669 625 195 243 605 441 491 185 684 175 871 396 455 737 576 634 479 501 462 706 406 360 706 464 294 375 739 765 621 154 160 145 361 305 365 229 404 285 346
204 873 245 703 445 255 784 705 580 231 490 599 838 421 794 354 836 646 796 858 476 735 934 327 806 0 969 911 431 826 675 886 458 641 379 757 960 929 865 486 615 136 350 261 1049 691 551 795 981 824 1019 852 1042 123 1132 1087 739 605 1075 864 677 461 476 460 441 953 456 1095 268 719 997 448 716 838 713 294 853 1251 590 498 558 1069 582 379 101 445 136 134 781 465 901 583 268 810 859 704 773 136 984 390 993 519 157 193 575 107 150 508 774 940 643 300 564 259 482 225 836 983 506 509 728 44 1109 995 344 610 774 994 699 451 978 720 385 861 868 748 884 861 751 299 336 294 943 695 448 503 354 279 934 505 962 163 282 1013 803 787 862 955 282 791 1001 887 787 654 808 954 643 796 959 663 350 1049 627 695 570 908 1177 792 230 683 874 993 601 893 284 944 512 201 691 226 778 456 257 589 991 773 218 939 809 289 483 1070 957 302 980 907 533 881 755 338 261 458 779 742 129 693 687 879 413 546 731 142 59 194 770 692 907 457 685 970 1036 957 1050 502
1041 728 767 371 718 719 199 397 542 739 568 479 240 593 213 618 328 687 317 514 518 536 95 685 230 969 0 783 852 204 585 400 511 433 680 669 298 695 130 597 583 833 738 708 136 525 474 239 564 567 53 486 131 851 186 182 556 404 158 673 309 708 535 546 592 16 771 149 802 741 513 683 764 392 559 674 317 282 719 502 437 204 436 682 873 650 1035 890 686 517 342 577 772 163 125 419 208 840 443 645 276 580 826 847 682 983 831 757 481 513 413 692 603 788 830 846 562 439 538 669 354 933 204 242 741 717 772 553 281 752 276 268 685 552 142 474 385 604 615 833 646 691 441 741 523 847 759 697 67 503 608 870 720 212 493 525 365 180 949 755 210 182 183 768 605 266 514 664 621 495 867 83 745 653 587 160 208 483 784 700 128 340 813 266 686 257 626 823 352 846 309 513 967 380 202 616 814 35 456 724 663 287 61 786 154 797 621 337 696 785 756 565 437 688 854 635 360 617 577 509 345 878 920 775 380 389 293 512 325 180 205 236 84 469
814 58 684 910 469 730 778 443 976 760 500 924 548 859 609 692 456 269 479 269 592 286 688 878 860 911 783 0 497 596 292 1076 681 462 934 174 507 101 809 480 348 831 566 767 727 1051 858 571 264 220 790 1125 724 810 950 723 266 827 736 110 777 1038 562 839 545 780 455 918 644 191 324 475 197 391 1096 741 466 955 1143 575 803 987 844 556 825 494 865 942 146 781 445 1014 651 754 789 421 771 798 383 899 545 959 774 718 1102 839 780 403 1072 291 484 846 387 655 443 977 222 387 893 414 476 868 729 579 572 1154 1296 284 760 1071 537 613 547 230 828 336 1062 178 1166 613 667 681 362 215 667 431 558 713 716 837 209 946 872 983 1101 1117 417 615 675 1294 977 888 736 260 1192 535 377 148 194 376 576 846 284 1160 1013 884 893 1085 905 1189 818 486 324 968 733 991 431 713 512 978 496 704 709 699 967 197 934 787 1074 650 1014 598 830 609 922 16 1014 446 163 1011 668 551 360 1216 793 1144 505 166 619 901 485 768 854 783 979 918 1000 715 562 621 983 564 846 657
316 470 256 755 134 337 728 471 727 357 288 704 640 558 639 368 592 262 571 527 370 409 780 523 789 431 852 497 0 656 337 957 437 422 593 371 713 538 797 256 299 389 163 385 877 834 632 619 633 474 888 966 871 356 1038 900 402 643 899 476 657 707 340 565 281 839 82 1000 190 310 666 170 301 563 873 377 611 1114 838 376 598 1018 641 206 364 207 369 497 388 524 639 753 218 731 783 456 716 347 679 572 754 683 325 250 805 346 330 116 892 608 439 483 260 212 54 559 487 680 630 187 511 392 918 771 165 854 1021 649 661 725 739 586 197 514 810 451 949 496 934 138 325 305 637 287 417 71 137 333 794 590 598 511 497 982 925 925 595 759 177 1028 972 854 706 238 980 721 361 411 591 384 82 935 219 901 746 866 1038 910 502 912 808 728 175 902 362 945 227 256 501 560 565 455 211 546 960 406 522 834 913 250 702 832 867 164 930 491 727 624 360 631 247 309 494 959 335 891 494 510 339 659 519 295 380 363 836 753 928 466 527 773 996 736 936 450
870 539 603 381 524 570 204 193 519 595 381 453 52 505 37 472 143 483 117 331 352 335 124 584 283 826 204 596 656 0 381 500 374 234 599 469 186 516 214 406 379 693 555 570 228 546 418 36 409 376 233 567 222 703 390 262 355 354 253 485 261 658 361 462 413 196 574 353 627 538 370 491 561 207 588 534 139 458 707 332 365 399 384 501 726 461 874 767 487 416 185 559 601 169 194 214 202 691 308 560 198 536 674 681 666 823 679 556 534 352 216 579 402 617 631 741 373 304 478 470 150 786 283 185 560 710 807 403 232 701 186 110 503 368 234 273 486 418 655 651 491 534 290 537 380 646 575 547 140 429 443 752 610 388 556 581 190 131 766 796 381 295 159 564 663 163 310 467 454 291 678 283 541 674 565 289 382 542 671 715 223 236 608 379 542 397 429 659 155 742 105 383 788 268 371 418 704 198 523 558 617 261 239 607 327 608 588 171 496 704 590 387 239 720 702 655 162 434 415 462 141 718 772 632 429 396 412 386 142 145 390 150 284 328
629 237 432 632 240 460 526 191 686 491 213 636 348 568 379 407 277 103 271 193 300 71 498 591 604 675 585 292 337 381 0 812 389 184 645 119 386 269 573 200 61 574 326 492 576 765 568 347 309 149 609 851 571 561 769 591 66 541 594 205 503 747 271 546 263 577 261 733 411 162 334 227 183 234 809 462 294 817 850 283 515 778 556 297 579 231 663 681 147 489 311 723 407 511 555 168 517 548 342 608 429 666 524 485 810 624 531 220 793 275 208 562 111 416 294 703 161 342 601 170 234 631 605 451 332 862 1006 323 491 780 415 358 290 187 591 122 799 187 879 401 389 411 300 157 376 300 328 440 520 545 287 680 590 759 823 836 268 455 497 1004 751 647 489 183 909 400 90 145 284 98 393 662 163 870 722 649 745 807 629 898 583 395 235 718 457 749 163 473 253 704 276 411 528 414 740 105 660 578 799 391 722 504 618 378 700 297 722 299 138 726 416 263 167 927 548 855 245 206 332 610 243 535 616 519 706 639 749 423 299 466 766 420 663 365
1028 1017 770 202 831 691 299 633 311 696 684 287 553 467 476 610 641 895 606 824 588 792 469 559 217 886 400 1076 957 500 812 0 521 627 514 924 667 1006 296 718 780 762 802 656 535 218 345 514 909 858 441 92 531 796 417 580 813 315 555 966 312 474 621 433 677 389 891 401 830 973 869 796 992 703 225 637 639 571 415 588 363 304 324 752 814 756 995 768 947 451 684 323 794 331 314 656 305 790 804 497 658 372 787 842 393 942 789 900 133 852 604 588 773 809 959 692 859 800 381 813 599 864 600 629 803 404 399 904 320 510 653 462 760 859 276 739 14 905 252 880 653 691 790 964 541 982 829 677 440 392 942 740 603 239 123 157 690 559 984 376 232 221 344 972 222 637 722 934 952 714 937 416 940 310 336 240 528 122 659 358 291 716 991 134 654 154 768 818 565 692 585 506 990 417 230 883 678 370 93 743 433 684 340 831 265 1086 379 672 947 592 767 651 718 324 809 296 572 923 618 341 591 851 856 722 123 207 108 496 515 565 266 611 418 507
540 626 266 319 318 207 335 304 309 227 192 273 396 179 340 107 417 436 371 510 90 412 476 225 375 458 511 681 437 374 389 521 0 249 264 507 530 650 415 222 334 322 280 198 592 405 200 346 633 506 561 529 585 339 680 631 427 206 619 591 238 359 123 158 165 496 376 643 316 524 627 285 537 441 447 163 431 794 462 105 161 630 204 230 361 245 526 393 535 102 485 342 281 355 406 315 323 328 593 225 557 280 315 345 422 473 319 395 456 580 237 210 304 297 444 373 513 591 216 317 309 421 654 553 281 474 625 639 253 395 543 265 239 529 422 390 514 554 513 362 142 185 556 508 19 469 307 186 475 164 636 378 242 582 489 492 456 505 471 626 570 451 332 498 552 518 309 534 639 317 415 592 464 493 339 469 719 474 299 515 425 571 497 481 174 528 277 320 263 373 349 22 482 135 559 490 333 483 476 230 332 630 503 312 539 686 334 465 523 358 258 145 403 551 342 479 262 575 97 234 309 369 409 263 399 316 503 34 241 520 601 515 594 46
653 404 401 450 290 392 345 64 518 422 158 463 221 425 219 309 195 272 160 261 178 177 358 472 421 641 433 462 422 234 184 627 249 0 513 299 321 414 399 177 158 517 332 408 456 589 400 197 384 264 466 668 450 518 619 483 196 364 479 360 319 603 167 395 201 422 340 582 411 345 380 259 365 200 633 373 213 691 693 155 343 612 382 281 539 232 667 611 324 337 259 557 391 334 381 67 335 505 352 473 357 507 484 474 651 619 490 323 611 331 23 452 170 405 397 610 270 350 441 236 93 598 502 366 337 702 836 390 306 641 342 180 281 283 415 143 615 314 703 427 310 347 312 337 242 414 348 369 373 384 389 602 483 587 641 655 222 342 540 833 578 469 311 352 730 320 95 315 393 87 447 515 324 700 557 474 616 625 534 731 409 352 386 536 374 569 195 455 80 610 148 268 565 236 567 265 567 419 616 355 572 436 455 386 529 470 563 240 321 607 386 182 154 755 511 684 73 334 235 444 100 516 583 456 522 457 566 278 118 356 596 328 516 212
547 881 343 349 512 257 481 566 203 243 434 234 633 94 562 246 670 675 623 774 346 674 675 70 476 379 680 934 593 599 645 514 264 513 0 760 774 911 557 456 586 271 434 209 790 312 208 580 897 769 734 474 783 311 814 834 688 277 817 849 371 113 373 138 390 664 561 782 413 764 889 488 773 701 334 216 682 952 245 366 244 733 246 409 324 456 500 254 788 185 738 204 380 517 557 578 472 309 851 40 795 141 315 390 217 451 315 596 396 843 500 111 547 390 621 180 777 849 147 538 566 364 858 785 431 263 432 903 400 137 782 491 420 793 554 654 513 817 378 471 281 289 816 744 272 647 458 259 665 177 900 226 107 671 424 408 713 727 544 443 659 555 501 725 433 757 570 790 903 580 539 750 690 328 191 580 884 414 148 328 564 819 706 541 231 592 509 370 518 180 599 244 539 331 650 748 164 646 432 343 114 861 651 432 649 937 156 718 772 105 349 383 666 381 329 323 519 838 315 185 565 379 359 253 404 334 549 234 486 741 696 749 752 302
683 122 522 749 311 561 632 293 806 591 326 756 428 685 474 519 343 112 352 191 418 135 577 704 712 757 669 174 371 469 119 924 507 299 760 0 430 172 673 307 174 668 407 597 639 884 688 439 269 126 685 967 634 650 847 646 114 660 653 107 618 864 388 665 372 663 311 813 489 84 312 311 108 285 929 569 358 878 969 402 634 868 675 390 666 326 727 778 27 608 357 842 491 613 654 269 624 637 345 724 472 786 613 564 929 694 620 260 910 258 322 673 214 498 319 807 138 347 720 249 331 713 657 500 413 981 1125 287 604 897 460 464 381 163 691 195 911 129 999 466 496 512 309 98 494 315 402 543 602 665 228 780 700 855 940 954 318 519 546 1124 848 749 593 148 1027 451 208 40 220 211 442 741 153 990 841 749 809 924 734 1017 683 425 219 824 562 852 260 556 359 808 364 530 578 533 837 56 764 666 915 485 840 540 708 454 795 178 841 350 27 838 506 377 232 1046 634 975 352 140 445 730 341 614 699 617 821 756 856 542 408 528 859 476 741 485
971 458 722 567 593 707 383 257 706 735 478 640 143 680 222 615 125 486 163 245 486 318 206 751 457 960 298 507 713 186 386 667 530 321 774 430 0 412 371 494 414 832 650 716 219 731 602 196 268 308 291 741 216 836 446 217 333 540 229 403 448 840 483 639 523 300 631 417 731 512 215 566 536 152 773 680 107 450 893 462 547 498 569 601 858 547 987 918 439 589 75 746 712 344 353 265 383 823 145 734 42 720 803 795 852 940 809 600 715 222 316 741 454 726 676 903 300 141 661 527 231 917 227 71 655 897 992 256 419 883 30 285 600 282 391 265 652 334 839 742 625 665 148 520 532 685 663 683 237 609 316 906 772 510 735 762 118 117 852 980 507 449 339 560 844 31 353 412 330 329 754 346 547 860 752 436 385 722 830 901 377 49 620 538 685 543 496 776 271 904 182 544 879 444 499 374 863 313 700 676 800 119 354 705 451 523 773 88 457 878 707 502 220 906 831 842 273 342 547 646 228 838 903 771 609 582 569 549 290 119 503 61 346 485
853 77 693 851 484 728 707 383 933 758 483 877 466 830 533 677 373 284 402 184 565 239 599 860 789 929 695 101 538 516 269 1006 650 414 911 172 412 0 730 469 331 838 579 761 631 999 814 495 163 151 698 1061 628 821 857 625 223 776 639 65 717 1010 538 805 532 693 482 826 661 230 222 482 244 308 1044 731 381 856 1106 545 758 899 796 559 838 494 898 947 150 747 354 971 663 680 710 362 701 809 283 874 448 921 784 736 1065 867 791 431 1013 191 434 831 377 670 485 972 148 286 854 421 410 886 631 482 585 1116 1251 182 698 1045 441 546 551 147 750 276 993 102 1114 639 658 678 264 252 639 477 575 709 628 798 107 948 859 899 1041 1059 330 523 715 1246 894 810 663 303 1137 440 341 133 92 334 612 754 318 1114 972 805 795 1025 898 1145 739 387 374 893 726 913 427 728 451 973 422 672 748 649 884 164 929 701 1012 654 982 498 744 627 838 118 977 357 178 995 677 532 289 1168 806 1097 446 83 601 859 418 787 871 785 916 861 925 683 501 528 898 470 754 621
954 751 679 240 663 622 81 382 412 639 509 349 266 472 200 522 357 670 329 545 440 538 175 568 101 865 130 809 797 214 573 296 415 399 557 673 371 730 0 541 557 729 667 605 262 396 349 237 620 588 184 373 256 751 266 309 559 280 286 698 190 579 463 426 523 115 720 230 722 735 577 627 757 422 432 574 352 395 588 428 317 221 311 611 773 591 942 777 694 403 393 447 689 66 19 406 92 741 510 523 363 450 729 759 551 889 733 714 358 564 376 578 566 706 784 727 587 506 412 624 341 831 332 334 670 586 648 613 166 623 357 219 616 583 20 478 281 632 491 759 556 600 498 731 430 803 691 601 149 382 656 755 605 187 374 404 403 264 874 631 178 80 91 750 485 341 491 676 668 476 801 192 723 525 457 76 326 362 668 571 10 419 785 167 587 182 579 735 322 727 312 412 889 280 167 625 698 95 337 640 534 394 94 710 132 821 491 382 699 660 670 494 449 562 756 507 330 648 493 381 332 785 820 674 254 258 199 409 280 271 198 315 194 378
477 430 241 521 122 260 473 237 531 290 34 493 398 388 386 212 368 219 337 372 135 251 530 397 537 486 597 480 256 406 200 718 222 177 456 307 494 469 541 0 138 376 156 291 632 626 420 370 497 344 635 739 626 367 782 660 258 414 656 404 410 564 100 376 65 584 179 744 238 308 510 86 319 358 668 262 386 865 678 131 375 761 419 109 387 54 495 482 335 323 427 564 223 475 526 229 461 354 500 422 532 500 331 306 639 451 338 182 670 454 190 365 93 235 244 503 355 499 438 96 271 442 680 542 161 691 846 509 410 594 517 330 106 378 554 261 708 386 735 249 189 210 457 290 204 266 171 240 542 387 483 480 392 726 703 708 385 520 362 848 716 599 449 276 773 495 156 341 482 177 271 680 242 715 560 610 789 687 428 736 551 520 277 652 256 693 55 289 251 504 326 244 387 301 705 305 459 578 685 197 544 611 611 211 673 482 553 408 317 530 225 77 295 773 357 702 245 406 141 456 277 352 427 320 600 522 679 256 272 534 740 505 682 217
578 295 372 594 188 398 503 186 636 429 153 589 354 511 372 347 295 115 280 246 244 121 501 531 578 615 583 348 299 379 61 780 334 158 586 174 414 331 557 138 0 512 268 430 588 720 520 344 366 209 612 814 583 500 769 608 123 498 609 266 468 690 214 492 201 574 218 732 354 196 387 171 213 263 764 400 314 829 797 229 468 769 510 236 519 170 608 619 201 436 340 672 347 493 540 166 493 487 387 550 455 614 463 427 756 568 470 186 753 329 182 501 51 357 262 641 220 387 549 118 229 571 624 474 274 809 956 379 459 723 441 339 229 245 574 152 768 249 833 348 327 349 345 184 320 273 272 378 520 494 347 618 529 745 784 795 296 468 449 955 736 627 470 194 865 423 69 204 345 90 346 663 165 821 670 632 755 768 567 847 568 429 229 693 395 728 103 414 236 642 279 357 479 373 725 167 598 572 761 330 666 533 610 322 687 352 669 325 188 666 356 203 195 878 488 807 228 268 272 561 238 476 556 457 670 599 723 369 277 481 754 440 664 314
276 788 147 574 363 125 648 582 464 97 374 475 707 295 660 220 710 562 669 749 346 628 799 208 672 136 833 831 389 693 574 762 322 517 271 668 832 838 729 376 512 0 265 125 914 577 421 662 874 721 883 735 907 41 996 953 634 472 941 772 541 370 350 331 323 817 390 959 200 642 884 357 643 717 603 159 727 1115 505 369 424 935 451 278 53 344 232 111 693 331 776 472 182 674 723 582 637 45 866 272 864 404 64 143 483 181 59 438 657 829 517 175 462 182 432 172 732 865 382 418 601 103 975 865 260 524 693 885 563 372 849 586 286 755 733 634 759 761 649 251 207 170 825 619 313 456 278 149 798 375 860 121 165 880 687 674 740 823 289 707 868 752 651 584 703 825 530 705 858 548 316 912 553 598 460 773 1041 675 132 594 738 868 542 762 150 813 411 133 562 173 650 320 277 453 857 677 140 803 690 183 383 940 820 232 845 829 427 756 670 263 162 337 662 650 62 594 559 781 284 421 604 114 94 61 643 563 777 321 553 838 902 826 914 367
