231
0 708 322 500 302 380 254 231 396 281 307 592 529 722 247 546 283 716 795 449 178 643 346 440 539 312 297 138 257 741 177 347 588 488 551 675 292 234 467 329 518 242 576 165 99 363 435 717 694 163 684 561 428 137 87 776 419 370 494 852 277 323 437 727 865 573 578 723 357 573 208 264 685 466 201 609 715 743 512 144 637 521 166 241 687 567 410 16 391 379 386 772 660 637 670 538 170 648 584 701 573 645 201 851 590 365 239 286 825 697 600 329 538 419 415 248 100 494 742 648 278 381 599 476 162 456 215 671 93 156 267 111 310 162 438 418 701 424 170 226 344 639 709 379 741 527 441 223 374 218 361 483 437 266 296 317 246 254 635 541 468 453 359 209 296 905 205 723 380 386 653 274 235 392 505 175 413 560 16 319 867 339 673 452 268 686 643 487 428 674 467 237 142 190 205 262 777 405 294 598 666 451 469 434 533 720 46 341 708 90 458 613 436 472 164 656 496 479 570 349 709 181 129 101 635 772 678 389 286 260 462
708 0 599 752 958 396 498 930 526 982 568 354 680 703 674 800 536 731 101 476 885 205 821 364 759 417 851 600 451 50 879 609 142 565 356 414 653 540 291 384 433 708 537 543 777 347 525 576 530 843 306 155 332 721 622 119 372 741 563 143 720 651 1125 19 168 627 153 323 793 416 533 447 27 350 562 563 35 686 393 729 73 417 708 738 491 142 345 722 396 352 746 819 93 348 784 190 779 211 706 689 780 63 568 143 225 858 543 914 120 791 583 1007 768 294 1112 685 608 577 54 187 628 391 829 647 562 253 918 646 656 556 599 815 409 546 302 572 67 354 836 929 449 70 3 563 228 241 504 929 947 498 1057 673 356 834 505 406 883 469 356 276 550 256 840 500 820 201 645 113 327 804 157 813 621 1073 507 757 303 427 699 389 159 750 248 368 706 95 65 806 1124 64 786 599 795 714 770 965 139 847 782 797 773 334 605 330 742 36 708 805 549 621 451 502 825 657 694 492 556 734 565 375 418 815 695 692 367 183 144 544 673 557 532
322 599 0 755 409 204 395 523 570 566 511 661 214 400 515 270 464 395 656 165 459 634 651 237 788 223 268 201 302 612 408 570 533 169 623 398 60 129 308 271 632 136 731 278 420 359 605 403 387 348 445 446 469 443 271 619 227 645 674 727 132 51 588 614 718 250 445 478 652 673 172 317 585 533 149 293 621 420 607 220 546 627 462 538 388 467 256 323 203 264 152 457 594 383 361 409 253 452 269 379 823 543 144 722 402 260 121 355 694 386 770 471 791 397 592 112 272 173 611 631 50 210 319 158 210 373 438 348 365 303 492 413 359 258 454 98 624 244 329 446 153 531 598 64 532 361 143 498 358 325 540 712 502 262 110 238 337 212 699 343 152 372 242 290 233 796 120 663 332 679 481 234 476 533 200 488 320 281 329 292 740 623 682 529 547 537 537 239 600 543 740 464 464 486 219 475 714 249 192 848 355 265 673 477 778 625 361 207 398 262 586 746 234 157 455 355 178 731 252 386 431 503 207 229 705 584 508 574 82 86 632
500 752 755 0 770 678 374 539 237 569 251 425 967 1128 253 1018 300 1133 853 807 552 570 218 723 40 595 798 563 480 802 613 190 613 886 407 966 753 628 691 565 326 727 259 477 454 505 228 1073 1036 638 916 680 441 370 499 866 705 136 194 872 763 780 841 771 915 982 711 954 181 363 584 468 725 404 606 985 735 1137 362 642 686 342 337 270 1012 664 666 512 691 622 866 1206 663 902 1115 689 670 832 1020 1106 72 706 611 877 787 865 636 772 862 1139 237 769 37 525 800 725 493 896 806 586 729 673 1070 910 546 604 637 1066 414 452 262 510 453 497 477 829 704 695 654 645 680 710 755 790 914 727 815 571 868 439 763 80 406 766 671 585 733 565 450 771 863 600 858 472 796 888 669 691 553 161 803 774 281 815 873 348 606 880 484 534 887 173 557 388 234 795 711 969 815 762 63 291 419 314 705 670 729 902 791 97 1108 711 147 439 42 740 455 837 1054 508 301 315 928 911 336 989 889 24 955 457 993 395 619 592 441 906 818 221 755 670 221
302 958 409 770 0 575 553 271 698 280 607 892 534 734 529 479 585 714 1032 575 228 928 575 626 810 540 158 362 532 982 157 641 856 559 850 806 350 419 680 575 820 273 876 444 316 635 736 786 780 139 853 803 717 405 365 1003 610 634 793 1097 281 371 178 975 1099 608 812 887 600 875 424 542 938 762 395 677 971 766 813 228 893 823 439 499 789 816 621 286 580 606 347 738 926 792 633 772 178 848 578 717 842 896 390 1095 794 225 418 57 1067 662 899 65 807 689 186 298 379 558 982 930 362 579 524 501 402 705 142 704 394 445 565 259 593 432 722 496 964 622 133 138 524 887 958 472 934 741 553 231 139 507 140 768 731 151 465 551 75 489 934 736 550 704 235 487 193 1159 319 993 637 628 868 183 531 124 604 421 654 690 318 577 1112 597 963 749 539 915 892 409 192 912 724 537 351 460 194 135 1048 281 233 866 634 648 764 724 808 977 335 252 787 360 760 915 336 492 444 756 571 751 637 632 839 379 263 270 935 980 895 690 329 412 763
380 396 204 678 575 0 305 611 456 660 427 486 341 459 478 441 378 471 460 138 554 437 633 59 704 85 456 245 199 413 526 488 331 232 452 307 256 160 106 114 479 313 590 245 473 195 484 395 359 478 303 242 303 455 297 428 38 596 552 528 324 256 750 412 525 325 243 343 622 510 172 210 381 368 189 310 417 463 447 352 342 471 460 522 339 263 52 390 13 71 355 552 390 259 479 205 399 275 385 438 736 339 193 525 219 461 159 527 497 497 635 630 709 215 744 290 288 245 412 432 232 6 481 292 218 172 563 396 372 271 427 491 227 234 279 203 419 47 466 573 52 328 396 180 365 165 155 598 552 249 690 618 341 442 111 93 500 135 520 164 210 173 444 224 424 595 256 459 153 645 292 419 426 696 202 501 123 205 379 145 542 584 488 370 514 341 333 429 755 343 679 406 507 478 382 607 510 453 386 760 470 73 565 310 690 421 401 409 377 292 445 593 436 298 448 314 230 654 284 236 339 539 322 328 527 406 319 466 277 164 509
254 498 395 374 553 305 0 446 176 496 123 338 599 754 187 664 73 760 595 433 412 397 344 355 403 221 513 228 106 540 429 184 363 513 296 604 405 265 337 196 270 402 347 128 293 162 212 700 664 416 571 374 182 224 192 589 335 292 281 640 435 428 690 518 665 609 399 611 326 322 223 94 472 212 251 610 497 762 259 351 425 271 209 245 644 369 300 270 319 256 525 835 433 545 747 366 396 503 652 732 436 438 258 642 449 562 273 529 619 770 382 583 407 207 666 393 179 523 542 404 378 301 714 543 197 274 467 692 173 114 124 342 97 147 201 459 477 328 420 478 305 435 500 421 594 384 441 453 603 69 614 321 184 485 300 212 490 192 381 419 489 270 551 104 498 684 333 490 203 346 489 481 131 646 499 258 255 509 240 166 656 285 422 197 222 502 439 625 679 480 373 109 302 216 413 513 543 585 479 461 740 347 278 187 390 503 234 522 683 198 212 374 597 545 196 619 515 350 580 124 633 318 317 297 381 605 510 179 413 308 241
231 930 523 539 271 611 446 0 535 51 444 766 709 911 337 692 443 898 1021 669 64 843 326 670 579 543 376 366 479 966 134 456 803 691 726 900 477 459 698 559 675 406 700 390 153 583 569 926 908 195 914 787 628 228 318 1005 650 406 611 1074 435 508 302 950 1091 767 806 953 358 732 438 483 906 653 426 816 934 936 681 304 858 683 256 284 905 791 641 220 621 610 536 941 875 865 835 767 287 879 761 890 607 867 425 1074 822 456 463 300 1049 864 711 246 573 637 261 423 329 695 967 851 473 611 743 662 393 682 130 866 275 374 399 120 523 391 645 621 918 655 218 133 572 862 931 586 972 759 656 40 403 432 225 556 627 350 521 548 274 485 807 772 675 679 459 431 397 1124 403 934 606 383 883 376 363 280 718 214 642 783 235 545 1090 368 865 636 331 914 866 624 276 900 485 379 148 265 332 142 988 510 419 629 834 682 571 633 580 940 222 458 920 321 615 748 557 655 266 873 701 524 775 560 933 152 316 297 805 1002 909 521 464 478 592
396 526 570 237 698 456 176 535 0 580 92 243 771 915 201 840 116 924 627 592 519 363 311 497 255 378 679 401 271 574 556 93 384 678 210 733 581 440 458 342 143 576 179 302 399 272 38 848 809 558 679 443 204 310 355 636 480 219 105 654 609 604 814 545 692 775 474 717 278 199 398 257 498 175 428 767 512 920 160 515 456 153 279 264 783 428 437 412 470 394 701 1002 441 667 918 451 556 595 822 894 284 475 434 658 549 732 449 682 640 939 208 717 262 288 782 568 344 689 577 376 554 451 889 715 372 367 590 852 303 284 137 457 229 322 239 629 483 468 566 601 467 477 528 592 677 490 604 554 765 245 735 165 172 649 471 367 642 362 281 535 655 364 722 279 667 679 508 478 320 284 566 648 173 775 657 321 372 653 380 311 669 236 364 157 218 560 479 801 797 529 262 162 387 270 579 633 523 759 651 307 910 481 108 203 240 517 362 695 828 363 89 218 773 718 270 762 679 215 740 225 759 385 484 461 277 671 582 19 589 483 67
281 982 566 569 280 660 496 51 580 0 489 813 746 949 380 723 491 936 1072 715 108 893 352 720 608 594 402 415 531 1018 165 498 854 734 774 947 518 508 749 610 721 445 742 441 204 634 613 969 953 228 963 839 678 276 369 1056 699 439 652 1125 472 548 279 1001 1142 807 857 1002 387 778 488 534 957 702 475 858 985 976 728 345 909 729 302 323 951 843 691 270 670 661 570 975 926 914 869 818 323 930 798 929 635 919 473 1125 872 480 511 317 1100 898 750 244 602 688 235 463 381 738 1019 901 516 661 773 701 443 734 149 906 326 426 444 170 574 442 696 664 969 705 251 148 621 914 983 630 1022 809 701 67 417 483 207 592 677 378 569 599 296 535 854 822 719 730 485 483 426 1175 447 985 657 410 934 405 409 266 763 258 693 830 286 597 1141 402 914 684 371 966 918 654 249 951 512 426 196 309 367 145 1039 536 451 656 868 732 610 683 611 991 274 488 964 371 662 791 586 694 313 918 744 556 818 611 981 194 360 343 852 1053 960 565 504 524 635
307 568 511 251 607 427 123 444 92 489 0 325 719 876 116 778 49 882 669 556 427 427 252 475 280 343 595 328 229 614 464 61 426 635 288 722 515 381 450 316 231 501 269 234 306 266 130 822 786 467 681 464 236 217 274 671 456 180 187 704 535 540 721 588 736 732 493 721 226 288 338 217 541 231 363 733 560 885 240 432 496 239 188 182 764 454 418 322 441 374 632 956 490 660 867 464 470 606 772 855 314 512 369 707 555 653 390 593 687 890 293 625 284 298 690 495 265 646 617 439 489 423 829 663 304 374 498 815 213 211 45 364 207 254 267 580 534 447 476 508 428 512 570 541 694 492 564 461 678 188 642 201 215 565 421 334 553 314 366 532 612 370 643 222 586 737 436 537 312 240 585 566 81 683 622 231 366 631 290 285 720 183 438 212 141 589 515 734 704 561 253 70 295 180 496 540 585 682 573 339 860 465 168 238 269 565 271 618 805 283 172 310 700 664 178 740 638 227 703 219 750 296 402 378 362 697 604 82 520 424 156
592 354 661 425 892 486 338 766 243 813 325 0 827 926 441 923 322 943 449 620 742 153 552 500 423 439 839 549 377 405 766 336 237 717 41 683 693 547 432 391 103 713 184 453 620 302 221 827 782 754 599 345 192 537 528 474 491 455 231 455 740 707 1027 370 504 806 375 629 517 63 514 363 330 132 548 772 329 921 84 681 303 90 510 506 749 319 445 609 496 414 811 1029 261 610 964 373 729 499 871 907 439 325 555 461 473 877 554 865 450 980 229 922 433 271 1001 698 514 730 409 170 664 480 966 778 511 328 803 862 507 447 369 674 312 468 208 688 295 473 758 814 521 334 358 660 559 434 641 780 933 388 950 345 164 813 551 423 827 455 42 486 696 326 864 413 819 464 641 272 334 518 454 804 404 984 678 556 366 638 578 368 469 477 131 142 461 422 333 900 1015 384 471 387 617 505 741 848 305 890 794 452 954 474 281 184 405 333 569 831 803 533 154 148 890 783 499 737 714 411 756 279 700 621 646 629 44 530 459 261 707 584 214
529 680 214 967 534 341 599 709 771 746 719 827 0 203 729 125 671 189 709 213 645 769 864 336 999 399 375 415 499 678 582 779 656 116 793 343 237 339 413 443 815 302 922 489 625 531 804 263 271 518 435 547 642 656 485 662 340 859 873 784 274 206 703 690 758 82 534 454 866 850 382 514 674 708 362 167 709 232 785 407 646 808 675 751 293 574 384 528 331 413 186 243 703 369 148 507 423 487 55 184 1033 636 358 777 456 320 330 477 749 172 964 599 1002 556 720 287 486 103 675 762 251 347 149 56 423 507 605 170 579 515 704 609 549 470 620 142 722 359 497 610 310 623 679 178 541 444 188 679 432 530 674 920 679 386 299 413 475 408 861 404 134 509 305 497 341 859 323 768 493 893 533 355 689 651 173 700 462 263 538 471 794 837 822 707 761 597 628 161 724 617 953 676 670 699 379 634 813 273 304 1058 141 366 876 649 988 713 571 282 271 476 775 930 222 57 668 264 123 942 137 567 369 710 405 430 868 606 556 777 247 297 830
722 703 400 1128 734 459 754 911 915 949 876 926 203 0 904 274 827 36 704 322 846 838 1047 429 1157 536 576 598 648 686 785 938 720 243 897 296 435 511 493 573 934 504 1047 659 820 653 944 141 181 721 407 602 756 842 669 651 442 1031 1012 776 477 403 900 708 737 150 580 409 1045 959 553 661 705 821 539 153 737 38 899 607 690 925 859 933 220 631 488 723 446 527 388 117 751 356 136 565 625 493 156 21 1190 675 536 767 484 515 504 677 743 121 1093 800 1161 663 919 487 668 234 682 827 444 465 253 249 599 597 808 64 762 686 868 808 686 641 728 307 758 458 700 814 448 661 701 348 512 499 312 881 625 689 875 1073 796 589 459 548 677 562 954 449 266 600 501 657 542 851 517 807 608 1071 546 557 858 849 257 888 564 290 730 604 783 1013 893 825 937 610 666 337 923 639 1121 843 865 882 582 837 843 463 507 1215 127 453 1023 763 1144 739 761 482 166 660 904 1046 408 255 851 211 239 1104 175 696 305 903 602 626 962 580 562 924 447 473 968
247 674 515 253 529 478 187 337 201 380 116 441 729 904 0 770 138 905 773 593 329 542 157 532 292 392 545 316 281 718 377 118 534 660 404 783 506 393 522 377 344 475 363 245 215 349 233 867 834 393 756 558 343 124 249 771 512 130 274 812 511 534 626 694 842 755 585 797 144 400 350 273 647 346 367 769 668 917 356 388 600 353 90 66 817 552 481 259 491 438 615 972 600 727 877 552 417 690 784 882 325 615 371 815 636 611 401 525 793 902 377 538 291 391 591 475 245 669 720 553 484 475 823 673 306 461 407 845 161 217 76 274 284 263 371 598 644 507 406 417 466 614 676 557 781 571 595 359 619 228 546 239 328 513 444 387 486 348 480 605 638 457 604 254 542 849 420 649 391 168 675 521 55 592 658 122 442 682 231 349 828 109 554 327 36 686 617 719 606 661 226 77 193 73 451 446 699 649 537 351 871 528 238 346 286 674 203 584 852 259 286 411 675 673 86 790 665 231 735 307 814 186 365 338 477 791 696 185 506 433 254
546 800 270 1018 479 441 664 692 840 723 778 923 125 274 770 0 733 246 833 326 630 877 891 447 1052 485 326 455 572 800 559 836 767 236 886 467 265 399 525 532 901 304 1001 543 634 621 875 371 387 497 561 662 733 680 521 787 447 900 945 908 269 238 635 811 883 202 652 580 899 939 441 587 793 798 414 288 829 310 873 408 763 895 705 782 413 688 489 541 434 511 160 258 818 495 155 622 408 612 131 261 1087 754 408 901 578 254 391 425 873 183 1041 543 1054 653 658 298 525 224 797 871 289 447 53 153 473 613 575 266 612 567 756 607 628 523 714 238 840 467 474 578 402 741 799 263 666 561 299 658 358 594 619 979 767 346 375 500 433 482 959 524 250 614 244 560 298 982 350 884 589 927 656 317 736 586 296 721 564 388 558 557 918 875 929 795 799 720 746 70 661 738 997 726 681 730 362 596 931 198 272 1112 157 478 942 740 1043 832 591 235 384 511 856 1015 143 145 700 386 245 994 262 652 492 720 416 444 965 731 680 843 264 356 903
283 536 464 300 585 378 73 443 116 491 49 322 671 827 138 733 0 833 635 507 419 409 288 426 329 294 563 287 179 580 449 110 396 586 282 674 471 335 403 267 237 461 295 190 298 220 155 773 737 446 635 424 205 214 239 634 407 225 220 674 495 495 709 556 704 683 452 675 265 293 292 167 509 213 319 684 530 836 238 399 462 242 190 203 715 416 370 299 391 326 589 908 462 613 820 422 440 562 724 806 362 478 324 677 511 617 343 567 655 842 324 608 333 257 680 454 228 597 583 419 445 374 783 615 261 331 484 766 191 170 63 353 160 210 233 532 506 398 453 495 379 477 538 493 651 447 515 457 649 140 630 248 192 533 373 285 528 265 364 485 563 327 606 174 551 711 395 513 266 282 543 532 87 668 573 237 319 582 267 236 690 223 425 195 169 551 480 691 694 525 301 66 294 188 463 529 563 644 536 387 812 417 209 208 317 536 252 580 755 247 177 330 660 617 177 691 589 276 654 175 702 301 367 344 363 657 563 113 477 378 183
716 731 395 1133 714 471 760 898 924 936 882 943 189 36 905 246 833 0 734 333 834 860 1045 445 1163 545 556 595 655 715 771 943 742 247 914 327 426 512 511 584 949 492 1061 661 813 665 954 175 214 707 438 625 771 839 666 682 456 1033 1022 807 463 394 877 736 769 150 604 441 1045 975 554 669 732 836 538 172 764 73 914 597 715 939 857 932 252 654 502 716 458 540 370 88 775 384 102 588 612 521 138 42 1196 700 535 798 509 493 504 658 773 85 1106 779 1167 678 898 477 666 236 711 850 437 476 221 240 599 615 793 85 760 688 872 798 696 642 743 306 784 472 685 798 456 686 729 347 543 521 320 868 601 694 855 1080 810 571 462 557 659 568 973 472 270 617 479 661 524 882 510 833 622 1071 574 539 861 827 269 884 580 312 724 614 814 1014 915 839 938 638 691 312 901 666 1125 846 858 880 568 820 870 439 490 1221 94 470 1032 777 1151 766 756 463 200 657 916 1061 384 244 849 241 244 1109 187 707 338 897 593 619 981 612 591 932 436 472 979
795 101 656 853 1032 460 595 1021 627 1072 669 449 709 704 773 833 635 734 0 517 974 296 921 418 859 494 917 680 541 55 963 710 243 598 453 407 713 613 353 467 531 774 633 631 869 440 626 568 524 923 296 234 432 816 708 53 430 842 663 74 783 707 1203 82 69 648 220 300 894 511 611 539 128 451 638 575 119 681 493 805 173 516 804 837 484 229 412 809 458 427 796 821 190 351 799 261 854 222 728 692 879 157 643 67 258 916 615 986 40 802 678 1084 868 388 1193 750 695 609 53 279 690 456 857 683 644 339 1001 651 748 646 699 904 503 633 402 616 153 415 915 1012 513 160 98 613 195 296 546 1018 1011 590 1138 773 457 903 571 485 957 550 445 316 587 342 899 589 884 149 715 185 415 905 178 880 720 1151 537 853 383 447 787 476 85 851 333 469 805 119 156 847 1204 121 887 697 888 812 841 1048 182 901 845 896 787 391 706 431 842 115 798 864 541 707 551 595 874 693 791 493 588 834 584 471 403 910 772 772 457 130 153 646 734 624 632
449 476 165 807 575 138 433 669 592 715 556 620 213 322 593 326 507 333 517 0 607 556 743 123 835 213 432 312 327 479 563 617 443 98 587 235 225 216 200 251 617 301 728 349 548 333 621 274 246 506 281 336 440 550 378 475 128 717 689 591 296 208 753 488 573 187 325 313 737 647 251 340 467 506 249 177 503 329 584 376 436 609 561 630 237 362 174 455 126 208 282 414 492 218 344 296 414 301 251 301 868 427 248 585 259 412 210 520 557 360 773 636 840 350 756 277 373 110 477 549 213 144 360 172 300 295 596 260 466 377 551 553 363 334 415 98 513 147 489 604 128 414 474 105 374 235 28 648 518 371 704 751 479 427 155 225 502 245 652 201 78 297 395 340 396 663 271 558 290 761 339 398 544 699 65 596 253 117 452 281 602 702 609 508 628 400 420 330 765 414 804 527 588 582 383 636 604 389 354 893 334 153 700 447 823 506 480 361 261 371 583 731 357 181 551 206 94 783 147 374 268 624 355 371 659 431 364 601 246 191 646
178 885 459 552 228 554 412 64 519 108 427 742 645 846 329 630 419 834 974 607 0 809 348 613 592 490 318 308 434 920 76 447 762 628 701 839 413 400 644 508 656 342 691 343 121 539 556 863 845 134 857 739 593 209 266 955 593 416 603 1029 371 444 296 905 1043 702 757 895 376 712 381 439 862 623 367 752 891 872 658 240 814 662 241 285 843 745 587 166 564 557 473 877 834 806 772 717 223 825 697 826 622 822 365 1029 768 397 403 249 1003 801 706 217 588 594 263 359 279 632 920 816 409 555 681 598 338 635 87 802 238 330 382 70 482 341 608 558 876 599 157 94 513 817 887 522 917 705 594 44 353 390 217 560 596 290 461 495 219 431 784 717 612 632 399 385 336 1081 340 896 559 403 831 315 346 264 656 209 592 722 186 497 1045 379 835 607 330 865 821 562 277 852 502 359 136 256 268 118 950 451 357 645 770 626 567 599 591 897 180 397 857 268 595 736 497 591 250 811 638 535 712 520 873 156 252 235 782 950 857 508 400 416 580
643 205 634 570 928 437 397 843 363 893 427 153 769 838 542 877 409 860 296 556 809 0 673 433 571 416 850 568 395 254 820 454 118 654 163 572 677 539 357 370 244 713 338 485 691 295 352 726 680 798 476 236 216 618 566 324 430 582 376 302 735 684 1079 218 351 735 261 502 641 216 517 385 182 196 550 687 177 828 209 704 165 228 597 609 644 207 388 659 444 371 787 948 113 500 895 272 754 375 806 821 589 186 557 309 361 875 545 893 297 907 382 966 582 244 1058 694 551 667 259 17 649 431 915 726 528 265 859 776 570 488 467 739 334 495 206 639 142 411 796 870 482 198 208 618 421 338 582 851 947 425 1005 490 217 828 526 402 857 451 150 389 635 264 860 440 825 318 643 120 305 647 325 813 496 1032 606 646 315 548 631 359 317 599 54 215 569 282 195 866 1071 243 612 476 697 597 757 906 161 879 793 604 884 403 423 210 554 181 630 826 700 569 277 299 869 733 584 637 649 554 679 296 584 709 668 657 162 385 324 382 694 569 351
346 821 651 218 575 633 344 326 311 352 252 552 864 1047 157 891 288 1045 921 743 348 673 0 688 256 547 629 450 438 867 417 219 679 804 521 940 632 535 680 534 449 588 430 393 271 505 331 1018 987 453 914 712 489 210 379 922 668 102 342 956 624 662 628 841 989 897 740 954 39 501 495 431 794 480 507 917 812 1062 472 489 748 462 188 113 971 704 638 353 646 595 732 1108 742 885 1009 709 506 847 919 1025 283 765 510 959 794 703 543 585 939 1035 425 565 250 545 586 593 379 812 870 686 613 630 944 809 447 617 435 990 285 366 225 320 441 409 519 739 786 663 472 443 618 765 823 698 937 729 743 361 687 384 552 255 467 598 591 543 549 501 588 762 783 613 699 409 635 987 544 786 548 57 831 612 212 606 807 171 599 837 333 507 972 75 676 461 121 839 767 834 600 813 159 234 228 164 547 463 833 748 639 303 1004 685 293 490 260 818 300 685 1004 388 400 485 782 807 196 943 810 207 882 463 970 196 475 447 581 946 851 292 629 573 342
440 364 237 723 626 59 355 670 497 720 475 500 336 429 532 447 426 445 418 123 613 433 688 0 748 141 500 304 251 374 583 536 319 221 469 251 295 216 77 159 505 359 618 304 533 226 522 351 312 534 243 216 327 514 357 382 21 647 588 489 365 289 802 378 480 307 210 283 676 530 232 261 352 391 247 276 388 429 469 406 318 495 518 579 289 241 59 449 49 102 381 530 371 200 466 177 452 221 374 409 779 311 250 484 167 498 214 576 456 480 665 683 754 233 798 335 348 234 373 425 273 60 483 294 278 173 620 365 431 329 479 550 270 294 298 211 395 29 521 630 103 299 363 199 309 123 149 657 594 304 744 660 367 489 161 145 551 194 531 109 202 174 480 280 467 559 307 438 180 698 245 464 479 748 177 560 135 156 438 190 502 638 485 396 568 299 304 444 808 306 728 459 567 535 432 664 486 484 427 803 455 30 605 333 734 392 461 445 331 352 476 617 461 302 506 266 217 700 257 272 281 599 377 385 538 353 272 508 316 214 545
539 759 788 40 810 704 403 579 255 608 280 423 999 1157 292 1052 329 1163 859 835 592 571 256 748 0 622 837 598 508 809 653 219 622 916 408 988 787 660 713 590 328 763 248 510 494 526 240 1098 1060 678 934 694 456 409 535 874 730 176 196 874 799 814 881 777 919 1012 725 972 221 360 617 495 732 415 640 1012 740 1165 366 680 694 343 376 310 1036 677 689 551 717 646 901 1237 668 922 1147 705 709 848 1052 1135 34 715 645 880 804 903 668 811 866 1171 219 809 11 543 840 761 528 926 813 588 763 699 1104 943 579 623 677 1095 452 485 296 550 477 530 492 860 708 719 693 686 708 719 762 821 928 746 844 611 908 469 803 89 420 805 702 612 773 595 444 791 893 619 896 502 834 887 705 692 574 199 817 813 316 855 901 389 627 904 523 559 889 213 554 399 273 805 720 1004 855 772 98 325 459 353 743 710 728 940 829 60 1140 735 155 454 17 745 494 875 1079 544 310 302 964 943 375 1014 918 60 983 478 1014 436 656 629 434 917 831 241 790 703 228
312 417 223 595 540 85 221 543 378 594 343 439 399 536 392 485 294 545 494 213 490 416 547 141 622 0 440 186 114 443 471 405 324 300 401 392 260 126 154 47 417 299 523 164 399 136 409 479 444 429 379 262 248 374 225 470 120 510 478 557 319 270 709 435 562 396 273 419 536 454 116 126 397 312 145 390 431 543 388 312 353 411 376 438 425 275 98 323 99 68 374 623 391 340 543 233 361 335 447 515 654 355 150 555 278 459 130 497 528 563 565 590 627 175 698 279 214 311 443 414 232 82 530 345 152 167 509 473 292 188 342 424 151 156 231 256 427 118 420 519 89 346 417 223 428 215 225 534 537 164 643 537 282 421 112 15 466 58 476 231 277 165 443 139 412 618 231 460 111 559 341 402 340 657 279 419 114 290 308 72 572 499 462 310 428 380 351 461 710 373 594 321 430 394 353 555 514 462 378 679 534 143 486 255 609 437 327 409 462 222 376 532 455 350 365 399 301 570 361 169 423 461 277 277 482 460 368 387 278 152 434
297 851 268 798 158 456 513 376 679 402 595 839 375 576 545 326 563 556 917 432 318 850 629 500 837 440 0 290 463 870 242 641 765 405 798 658 208 314 563 482 783 143 857 388 357 556 718 628 625 185 713 695 653 430 323 883 486 666 781 985 136 224 331 867 981 450 700 745 646 833 333 476 834 707 300 520 869 607 768 163 791 783 461 534 635 712 506 285 459 500 188 583 832 650 478 661 127 719 419 558 870 791 293 982 668 79 310 101 954 507 887 224 835 606 345 166 335 403 869 850 227 461 373 343 328 607 252 545 388 399 560 314 528 371 650 346 866 502 163 254 404 781 851 327 801 621 407 339 97 453 299 780 675 31 346 453 107 399 881 609 398 605 83 426 36 1052 208 900 547 675 746 37 530 278 454 460 553 544 314 491 999 633 891 697 564 798 786 255 350 800 762 529 402 485 99 270 954 134 78 895 478 526 762 660 831 874 342 93 631 316 726 888 184 333 461 602 417 776 481 564 690 438 196 218 884 852 773 675 186 294 746
138 600 201 563 362 245 228 366 401 415 328 549 415 598 316 455 287 595 680 312 308 568 450 304 598 186 290 0 174 628 284 383 494 358 507 537 190 96 339 215 494 174 576 100 236 273 439 583 558 243 548 447 363 244 70 656 284 447 507 741 208 217 525 618 749 448 460 587 451 544 72 186 579 416 63 477 611 616 478 136 532 493 261 336 550 457 279 146 255 255 304 658 564 499 561 419 186 517 470 576 632 537 63 740 460 334 101 325 713 587 609 407 599 327 512 167 71 365 628 569 167 246 507 359 39 346 322 543 164 117 302 246 238 81 363 291 603 290 236 333 206 529 600 250 609 400 305 352 384 164 458 527 384 264 158 195 290 130 591 408 337 344 322 135 272 800 108 631 276 478 527 255 281 474 370 290 297 422 140 214 757 423 605 406 347 566 534 407 524 559 542 272 276 285 192 368 685 357 251 658 555 317 496 371 589 617 168 293 573 61 439 602 372 357 254 519 365 539 439 275 570 312 100 92 593 645 554 401 192 126 468
257 451 302 480 532 199 106 479 271 531 229 377 499 648 281 572 179 655 541 327 434 395 438 251 508 114 463 174 0 486 432 290 331 408 336 502 322 176 243 96 333 336 428 92 327 106 304 594 559 404 477 309 189 282 173 527 231 396 374 595 364 341 687 471 611 505 329 518 425 378 139 15 427 244 172 504 457 656 312 310 379 330 278 332 539 312 199 272 213 157 442 731 402 446 646 292 359 418 550 627 541 388 179 595 363 500 184 498 569 668 468 572 513 161 669 321 159 419 488 398 294 196 621 444 135 203 471 586 208 104 227 364 64 100 189 357 443 225 402 482 199 383 452 320 511 297 335 478 558 55 615 425 212 438 200 106 462 91 418 325 385 200 486 48 442 647 264 466 127 446 412 427 228 638 393 325 170 404 248 71 611 386 431 236 317 437 387 539 682 421 479 207 349 292 366 518 521 515 416 566 638 247 377 197 496 463 257 455 577 175 284 446 519 447 265 514 410 456 474 101 532 374 274 262 421 532 436 278 334 217 331
741 50 612 802 982 413 540 966 574 1018 614 405 678 686 718 800 580 715 55 479 920 254 867 374 809 443 870 628 486 0 910 657 190 564 406 392 668 563 306 414 483 726 587 577 814 385 574 555 509 871 282 181 378 761 654 70 385 788 613 115 737 663 1152 35 125 620 170 293 840 466 560 484 76 399 587 551 78 666 444 754 118 467 749 782 470 174 363 755 411 376 755 803 143 330 774 210 804 195 700 673 830 102 592 112 221 872 565 937 84 779 634 1033 818 333 1141 703 641 575 5 237 644 408 826 648 591 285 948 631 693 591 644 850 448 579 347 577 113 368 864 959 466 104 47 572 193 251 508 964 965 535 1086 723 403 855 524 433 907 497 405 278 551 287 855 535 838 184 666 153 361 851 144 832 665 1100 505 798 330 419 733 422 129 796 296 417 750 80 101 810 1152 70 835 642 833 756 792 995 167 859 799 847 763 346 655 377 792 75 743 819 528 653 500 552 834 658 735 475 555 783 557 416 392 855 721 720 416 139 124 593 689 576 581
177 879 408 613 157 526 429 134 556 165 464 766 582 785 377 559 449 771 963 563 76 820 417 583 653 471 242 284 432 910 0 492 763 574 725 798 357 367 623 496 686 282 733 339 162 538 594 809 795 63 824 728 605 253 258 941 564 477 646 1022 307 386 261 898 1032 644 743 862 442 742 356 439 857 642 336 698 887 812 684 187 809 691 287 343 796 737 563 161 534 539 405 810 835 770 704 703 159 801 633 765 685 816 333 1021 744 322 369 173 994 733 752 161 649 594 237 301 272 577 910 825 357 528 609 537 319 625 38 743 258 333 420 103 487 333 615 505 876 572 85 50 481 809 880 472 892 684 547 98 276 395 184 614 613 216 425 478 142 414 809 690 560 623 325 384 263 1078 292 899 551 470 812 242 385 219 607 264 579 680 189 489 1038 440 850 627 384 850 814 491 251 841 566 394 193 306 202 86 953 376 287 708 703 599 614 611 651 893 197 324 806 258 626 775 423 530 293 763 585 595 658 526 831 221 208 198 808 929 838 546 341 376 620
347 609 570 190 641 488 184 456 93 498 61 336 779 938 118 836 110 943 710 617 447 454 219 536 219 405 641 383 290 657 492 0 467 696 303 781 572 441 508 377 234 554 244 292 330 323 118 884 847 502 738 514 280 239 325 716 517 131 155 741 589 597 744 629 777 793 544 777 186 289 397 278 582 263 422 795 598 947 254 479 538 246 206 176 825 502 479 361 502 434 688 1017 527 719 928 517 514 660 832 916 253 556 427 745 611 702 449 632 726 951 259 654 223 351 710 549 317 707 660 467 547 484 887 723 362 428 523 876 254 268 81 389 266 312 313 641 571 508 513 534 490 557 612 601 746 549 625 478 721 249 664 143 253 610 482 395 592 375 373 589 673 424 693 283 634 770 491 568 370 195 636 614 111 709 683 241 423 692 330 346 757 144 458 244 129 637 559 790 724 607 193 113 311 191 544 564 615 734 624 278 920 525 123 280 208 604 307 669 866 334 182 293 754 724 199 801 699 165 765 275 809 304 452 426 368 746 654 74 576 484 137
588 142 533 613 856 331 363 803 384 854 426 237 656 720 534 767 396 742 243 443 762 118 679 319 622 324 765 494 331 190 763 467 0 540 228 455 580 450 242 283 300 624 411 423 650 224 385 608 562 733 364 118 191 588 504 253 319 598 427 278 642 584 1016 161 310 618 144 393 651 292 434 324 114 209 466 569 134 709 259 628 72 285 572 599 526 89 280 603 336 269 686 830 71 383 778 154 678 263 691 703 644 93 472 280 244 783 455 817 260 790 459 900 631 169 1000 603 490 552 193 107 553 325 803 614 454 160 802 657 528 433 458 692 280 430 163 529 114 300 729 813 379 99 144 511 322 220 469 806 862 372 945 534 214 745 428 311 783 368 251 270 521 161 766 379 737 320 556 137 218 662 217 727 482 966 490 622 214 430 578 279 294 608 172 227 565 187 99 760 1012 151 645 460 664 577 676 849 191 781 703 662 767 289 467 188 605 140 583 731 583 506 311 383 767 622 559 519 534 594 561 243 469 681 592 586 261 298 222 403 599 475 393
488 565 169 886 559 232 513 691 678 734 635 717 116 243 660 236 586 247 598 98 628 654 804 221 916 300 405 358 408 564 574 696 540 0 684 258 217 268 297 341 711 295 821 415 586 426 709 234 222 513 335 430 536 602 428 552 226 787 778 672 278 190 735 575 649 96 418 360 802 743 309 422 558 601 297 124 594 258 679 388 530 703 617 690 230 457 272 490 221 304 230 323 587 269 247 391 417 377 153 221 949 520 295 665 342 369 261 502 638 264 865 623 920 446 745 273 426 12 561 646 218 238 265 86 356 394 603 185 521 442 625 581 451 397 511 70 606 245 494 611 210 507 563 108 437 327 76 667 480 447 695 833 574 407 216 313 490 320 750 288 23 395 352 414 368 746 289 651 386 827 420 376 615 681 61 648 351 158 494 371 683 769 707 602 694 484 512 252 751 502 878 599 630 640 379 639 697 334 327 974 237 251 786 542 904 597 524 321 231 420 675 826 293 97 609 197 12 862 83 466 289 668 376 397 757 500 444 686 235 232 734
551 356 623 407 850 452 296 726 210 774 288 41 793 897 404 886 282 914 453 587 701 163 521 469 408 401 798 507 336 406 725 303 228 684 0 661 653 507 405 354 80 672 183 411 580 265 192 802 758 713 582 328 153 497 486 474 459 426 212 466 700 668 986 372 512 775 359 614 487 66 474 322 330 91 508 744 333 893 49 640 298 64 471 470 726 303 413 567 462 380 772 999 263 590 931 352 687 484 837 878 427 319 515 472 454 837 514 823 458 948 230 880 418 237 960 657 472 697 410 179 625 446 930 743 469 300 761 833 466 405 331 633 272 427 173 653 300 442 716 773 485 327 358 623 549 411 607 739 891 346 909 326 124 772 513 386 785 416 84 463 662 297 823 371 778 481 600 284 299 490 442 763 365 943 646 517 334 611 536 330 481 445 155 101 426 415 326 862 973 378 449 347 577 467 699 807 323 850 753 442 921 444 260 146 391 338 528 791 779 491 120 158 851 748 460 712 682 391 726 239 680 582 604 588 86 526 450 228 667 545 189
675 414 398 966 806 307 604 900 733 947 722 683 343 296 783 467 674 327 407 235 839 572 940 251 988 392 658 537 502 392 798 781 455 258 661 0 456 441 275 408 715 534 831 552 772 461 754 162 116 741 111 339 543 762 597 354 272 897 816 480 525 435 985 417 441 266 311 116 927 727 469 511 419 601 474 182 449 274 675 611 412 702 767 830 77 367 304 682 294 348 488 413 472 72 400 309 649 203 344 285 1018 394 475 471 211 627 437 751 446 399 879 869 994 449 990 510 590 264 388 558 447 309 478 339 518 371 831 245 678 579 728 782 514 541 509 312 473 276 724 839 333 381 411 334 216 251 254 881 738 555 938 899 583 656 379 396 734 442 704 201 260 375 609 531 621 555 506 522 413 949 257 626 730 930 204 808 360 117 676 437 486 888 626 610 819 319 385 501 998 351 975 710 809 786 617 871 553 592 579 1041 388 256 839 548 973 450 702 578 135 591 698 818 550 350 756 88 246 943 205 509 33 843 589 604 713 285 270 747 477 422 774
292 653 60 753 350 256 405 477 581 518 515 693 237 435 506 265 471 426 713 225 413 677 632 295 787 260 208 190 322 668 357 572 580 217 653 456 0 146 362 308 656 78 749 281 387 392 618 452 440 295 505 498 501 422 256 677 282 636 687 783 71 31 528 668 775 289 500 538 637 700 184 337 638 562 153 341 673 459 633 173 598 652 444 521 443 518 308 290 256 310 120 479 643 444 378 462 199 511 292 414 822 595 147 779 461 204 139 295 751 405 786 412 789 435 533 55 260 220 667 674 28 261 317 186 210 419 385 388 349 303 492 373 384 260 489 149 674 299 276 393 204 584 652 122 592 417 202 451 299 336 482 715 530 201 151 275 278 237 732 401 205 419 187 302 173 851 87 712 372 665 539 173 471 474 256 465 366 340 302 325 797 611 723 556 535 594 590 219 541 598 732 462 433 468 162 421 764 201 132 847 373 321 680 508 778 678 335 152 449 247 606 768 197 181 438 410 228 729 301 414 490 472 167 193 737 644 566 583 21 109 646
234 540 129 628 419 160 265 459 440 508 381 547 339 511 393 399 335 512 613 216 400 539 535 216 660 126 314 96 176 563 367 441 450 268 507 441 146 0 262 169 509 173 604 150 332 249 476 488 462 318 457 385 355 335 162 584 197 522 545 678 196 164 591 558 680 362 393 495 533 553 43 191 522 416 33 384 556 526 486 193 478 506 349 422 453 400 202 241 167 188 266 580 518 406 487 353 241 435 393 489 694 480 34 676 379 336 8 373 648 511 643 472 663 295 584 154 158 277 563 538 118 162 449 282 87 293 403 454 253 176 365 341 237 131 345 205 553 207 306 413 114 470 541 164 525 323 211 443 411 195 530 583 384 295 62 139 343 91 587 324 247 291 321 161 286 742 105 586 234 559 451 276 350 538 275 382 240 326 236 182 693 502 583 410 426 496 475 362 595 493 614 337 372 371 229 448 640 344 254 719 480 233 543 363 649 561 264 287 477 155 460 622 344 283 340 423 274 603 347 267 475 408 162 169 591 565 478 444 159 43 503
467 291 308 691 680 106 337 698 458 749 450 432 413 493 522 525 403 511 353 200 644 357 680 77 713 154 563 339 243 306 623 508 242 297 405 275 362 262 0 148 448 420 564 315 553 186 479 400 357 578 234 140 272 522 380 322 81 628 542 422 431 359 853 306 418 379 137 274 663 468 266 249 277 333 289 339 313 488 410 455 241 437 521 575 328 164 59 478 105 89 455 598 294 210 539 101 503 180 449 474 742 236 293 418 123 567 263 633 390 552 611 734 719 177 846 397 369 310 305 349 338 102 560 371 306 104 660 429 443 337 461 578 243 309 240 288 319 63 568 671 159 224 290 274 274 61 226 689 658 298 791 624 312 549 218 151 605 213 461 82 278 107 549 282 531 489 362 361 138 683 189 526 467 800 249 566 85 206 463 173 435 623 410 340 558 235 229 521 857 236 702 446 583 536 488 706 410 556 493 765 528 47 564 277 698 318 480 514 378 377 426 557 536 380 508 311 292 668 325 234 301 612 423 426 469 306 216 471 383 271 499
329 384 271 565 575 114 196 559 342 610 316 391 443 573 377 532 267 584 467 251 508 370 534 159 590 47 482 215 96 414 496 377 283 341 354 408 308 169 148 0 372 343 479 169 410 88 370 508 470 458 381 232 200 374 242 447 140 489 438 526 364 318 740 403 536 436 248 422 520 407 151 103 363 265 183 424 396 577 342 347 317 365 372 428 448 242 104 342 127 61 422 664 352 350 586 208 397 326 491 552 622 322 189 525 269 504 174 534 498 606 523 622 596 127 727 323 229 353 414 369 279 109 577 391 177 130 534 510 296 190 320 440 113 167 183 301 389 131 452 545 133 314 385 270 419 204 265 553 579 150 673 504 236 461 160 32 501 85 428 230 318 128 489 134 455 585 273 419 65 541 325 445 323 689 315 418 83 315 323 31 542 480 415 264 413 356 319 509 739 345 569 302 437 388 393 581 474 509 423 646 577 151 450 208 576 401 338 455 489 240 333 486 503 396 360 424 341 541 398 124 437 465 311 307 434 444 350 352 324 199 395
518 433 632 326 820 479 270 675 143 721 231 103 815 934 344 901 237 949 531 617 656 244 449 505 328 417 783 494 333 483 686 234 300 711 80 715 656 509 448 372 0 665 116 394 534 285 118 848 805 681 642 390 177 448 462 550 492 351 132 546 696 674 946 450 591 805 421 676 413 56 472 318 406 114 505 782 412 933 40 621 372 15 419 407 775 368 446 534 491 409 776 1032 341 644 958 409 666 547 863 914 347 393 512 552 512 828 517 798 538 976 165 845 338 272 917 653 449 724 487 260 627 473 947 763 459 345 722 870 428 383 276 590 273 412 208 673 379 476 687 733 505 399 436 641 618 463 635 692 873 330 868 246 138 755 525 403 759 420 138 514 689 341 815 360 766 561 594 364 327 414 509 749 311 906 679 462 370 654 502 344 561 373 233 109 362 487 399 871 932 451 370 297 526 411 683 766 403 847 745 364 949 483 179 171 311 417 489 785 826 468 60 114 853 767 408 759 710 310 761 248 735 527 587 567 133 599 519 160 667 550 110
242 708 136 727 273 313 402 406 576 445 501 713 302 504 475 304 461 492 774 301 342 713 588 359 763 299 143 174 336 726 282 554 624 295 672 534 78 173 420 343 665 0 750 274 330 420 614 529 517 219 579 552 523 377 228 741 344 603 681 842 36 105 452 724 838 361 556 613 597 713 199 350 691 580 164 418 726 530 647 106 649 664 403 480 522 569 363 237 316 358 143 539 690 519 434 517 122 579 355 484 798 648 158 838 526 164 169 220 810 462 784 335 764 469 455 24 236 296 726 712 88 318 357 255 206 465 309 461 314 291 472 308 400 255 516 228 724 359 199 316 261 638 708 200 663 478 280 377 239 336 404 697 548 130 202 313 200 262 754 468 283 464 150 305 113 908 71 759 408 626 604 105 447 397 334 417 411 417 254 354 856 575 756 572 501 655 643 245 463 656 700 441 377 428 84 343 812 183 81 823 431 383 669 530 756 731 287 119 527 219 612 775 200 249 400 488 306 704 377 434 567 416 112 141 757 712 631 575 59 150 642
576 537 731 259 876 590 347 700 179 742 269 184 922 1047 363 1001 295 1061 633 728 691 338 430 618 248 523 857 576 428 587 733 244 411 821 183 831 749 604 564 479 116 750 0 475 573 395 140 964 921 737 759 505 292 482 533 656 605 327 90 639 782 769 987 553 689 915 537 792 391 121 564 413 512 230 596 895 513 1048 156 693 481 129 450 418 891 483 559 591 602 520 869 1143 444 761 1066 526 735 663 970 1027 259 502 602 646 629 909 612 862 635 1085 48 894 259 387 954 740 522 833 592 355 721 584 1049 868 544 461 765 983 482 460 312 631 373 495 323 779 479 590 745 776 612 510 540 745 731 580 744 723 944 414 908 185 252 828 626 509 822 519 198 630 798 458 898 447 844 645 681 457 439 384 623 826 347 951 791 486 484 769 559 450 653 358 312 223 370 598 509 967 969 561 314 340 556 436 757 807 488 933 827 270 1057 597 137 286 231 518 541 870 942 541 146 56 944 872 442 875 820 250 873 354 852 548 661 639 188 709 632 186 758 646 113
