31
0 1013 941 465 687 773 286 943 689 920 654 390 514 311 400 271 483 53 555 886 581 641 739 813 726 833 612 702 449 96 807
1013 0 931 550 373 365 753 81 689 904 691 647 538 727 945 981 634 994 946 222 639 882 315 313 423 187 544 858 1045 1041 518
941 931 0 822 951 592 925 931 1255 29 346 906 929 719 556 690 1025 889 407 711 1129 302 688 1036 552 803 1066 239 565 880 418
465 550 822 0 237 384 208 478 436 794 476 116 112 219 517 495 203 451 597 454 307 602 310 367 363 377 257 624 621 504 500
687 373 951 237 0 394 406 293 357 921 622 299 177 455 743 731 260 680 802 377 275 783 288 129 410 256 179 790 847 736 561
773 365 592 384 394 0 579 346 742 562 326 499 450 462 607 669 565 740 586 150 636 516 105 454 61 211 550 493 700 773 176
286 753 925 208 406 579 0 678 436 898 586 107 230 208 492 417 203 290 616 661 313 658 516 528 548 585 328 699 582 351 668
943 81 931 478 293 346 678 0 610 902 667 571 459 665 898 926 553 926 910 222 558 855 276 234 399 141 463 837 1000 975 513
689 689 1255 436 357 742 436 610 0 1226 911 383 326 610 916 852 249 709 1020 734 132 1036 639 376 747 611 193 1061 1012 772 898
920 904 29 794 921 562 898 902 1226 0 317 878 900 693 539 671 996 868 392 683 1100 284 658 1007 522 774 1036 218 552 860 389
654 691 346 476 622 326 586 667 911 317 0 560 584 388 345 452 678 606 273 473 783 190 395 722 268 526 723 172 415 615 215
390 647 906 116 299 499 107 571 383 878 560 0 123 226 533 481 134 387 638 567 252 661 426 422 476 483 240 694 632 446 608
514 538 929 112 177 450 230 459 326 900 584 123 0 317 622 588 115 510 709 488 200 714 359 299 441 388 145 735 725 568 587
311 727 719 219 455 462 208 665 610 693 388 226 317 0 308 276 360 278 414 580 478 450 434 584 416 541 457 491 408 317 505
400 945 556 517 743 607 492 898 916 539 345 533 622 308 0 134 667 347 156 753 785 254 630 868 546 760 764 322 104 326 552
271 981 690 495 731 669 417 926 852 671 452 481 588 276 134 0 610 219 289 807 726 387 672 861 611 794 721 453 180 193 645
483 634 1025 203 260 565 203 553 249 996 678 134 115 360 667 610 0 492 772 601 117 791 475 361 554 496 129 820 765 553 698
53 994 889 451 680 740 290 926 709 868 606 387 510 278 347 219 492 0 502 858 596 588 711 807 691 811 618 650 397 62 765
555 946 407 597 802 586 616 910 1020 392 273 638 709 414 156 289 772 502 0 736 888 115 634 920 525 768 854 184 164 482 488
886 222 711 454 377 150 661 222 734 683 473 567 488 580 753 807 601 858 736 0 647 664 147 393 211 127 554 637 848 897 296
581 639 1129 307 275 636 313 558 132 1100 783 252 200 478 785 726 117 596 888 647 0 904 537 337 634 530 96 930 883 658 783
641 882 302 602 783 516 658 855 1036 284 190 661 714 450 254 387 791 588 115 664 904 0 580 893 458 713 859 69 280 577 396
739 315 688 310 288 105 516 276 639 658 395 426 359 434 630 672 475 711 634 147 537 580 0 351 135 134 449 567 730 752 279
813 313 1036 367 129 454 528 234 376 1007 722 422 299 584 868 861 361 807 920 393 337 893 351 0 485 267 247 893 973 864 630
726 423 552 363 410 61 548 399 747 522 268 476 441 416 546 611 554 691 525 211 634 458 135 485 0 260 554 438 639 722 151
833 187 803 377 256 211 585 141 611 774 526 483 388 541 760 794 496 811 768 127 530 713 134 267 260 0 435 698 861 857 385
612 544 1066 257 179 550 328 463 193 1036 723 240 145 457 764 721 129 618 854 554 96 859 449 247 554 435 0 878 866 679 704
702 858 239 624 790 493 699 837 1061 218 172 694 735 491 322 453 820 650 184 637 930 69 567 893 438 698 878 0 349 641 355
449 1045 565 621 847 700 582 1000 1012 552 415 632 725 408 104 180 765 397 164 848 883 280 730 973 639 861 866 349 0 362 629
96 1041 880 504 736 773 351 975 772 860 615 446 568 317 326 193 553 62 482 897 658 577 752 864 722 857 679 641 362 0 786
807 518 418 500 561 176 668 513 898 389 215 608 587 505 552 645 698 765 488 296 783 396 279 630 151 385 704 355 629 786 0
