73
0 323 1058 513 664 974 420 761 591 844 328 927 924 785 171 1111 995 904 67 920 509 927 312 532 757 1167 955 359 700 975 231 684 34 485 889 668 746 621 1034 685 749 681 1157 144 335 598 733 652 460 1157 634 840 783 439 654 288 625 1282 590 830 940 1054 276 372 858 989 804 1186 453 558 760 837 1159
323 0 761 238 462 664 255 440 354 524 194 676 670 515 196 814 706 601 263 679 186 630 132 265 449 844 632 49 381 711 111 364 337 399 721 532 494 393 711 366 476 461 838 180 226 275 603 349 270 833 315 605 466 115 530 141 345 965 325 513 727 734 153 313 734 667 497 865 355 282 449 540 839
1058 761 0 546 488 138 671 374 492 485 747 875 246 293 958 52 77 164 992 910 605 131 747 527 316 319 309 750 403 843 873 429 1081 720 525 607 351 845 324 413 320 879 235 931 754 542 616 412 878 390 570 336 520 656 631 881 434 296 472 285 387 484 786 775 644 419 592 276 712 501 580 649 261
513 238 546 0 243 470 164 300 126 456 210 740 432 279 427 599 482 395 446 755 185 414 202 27 256 690 491 248 233 753 346 232 536 296 504 351 255 523 572 217 241 586 664 390 227 226 417 151 457 700 299 368 417 174 357 377 113 783 86 342 493 644 241 281 540 563 481 697 261 45 433 543 671
664 462 488 243 0 476 244 430 118 616 338 954 281 203 626 536 411 393 599 974 424 383 372 217 331 733 576 483 378 958 555 395 694 236 261 144 140 762 649 369 195 824 678 573 328 441 192 281 700 769 514 184 597 417 162 603 204 775 178 421 277 764 396 314 302 678 672 718 238 219 629 739 695
974 664 138 470 476 0 614 247 447 347 679 738 304 273 860 176 151 84 909 772 494 102 670 457 216 259 177 646 288 708 775 312 995 691 579 612 336 711 211 301 284 743 203 840 692 423 636 322 754 308 442 367 383 553 634 773 366 314 410 159 456 366 711 727 690 293 454 242 675 428 443 511 218
420 255 671 164 244 614 0 464 180 618 93 874 508 381 389 723 600 534 355 885 312 545 137 165 410 848 653 291 397 895 327 396 450 152 486 281 334 624 734 381 350 691 814 331 86 376 352 310 521 861 446 421 575 265 276 387 249 929 204 501 521 808 153 117 484 727 634 850 110 193 585 693 824
761 440 374 300 430 247 464 0 344 188 503 562 418 286 630 420 348 216 698 589 258 262 476 300 110 406 196 414 67 551 546 76 777 582 632 573 326 473 277 83 262 513 399 620 524 178 621 160 506 404 196 423 183 324 588 535 239 528 283 88 550 347 518 581 715 264 264 425 553 273 233 331 399
591 354 492 126 118 447 180 344 0 523 265 844 332 200 531 544 420 364 524 862 306 369 283 99 262 692 513 370 284 851 455 295 619 247 378 241 155 644 591 272 171 706 650 484 266 328 301 184 583 716 401 255 496 300 252 495 105 759 65 355 372 689 315 283 419 604 569 687 228 101 524 634 662
844 524 485 456 616 347 618 188 523 0 638 394 589 471 690 519 485 357 787 427 343 405 598 463 297 375 190 485 239 372 614 228 853 750 819 758 514 398 238 251 449 414 411 699 664 256 808 339 489 335 210 607 64 415 772 579 419 536 459 235 730 210 638 732 903 154 109 420 717 440 115 164 397
328 194 747 210 338 679 93 503 265 638 0 854 597 463 300 799 679 602 262 861 306 618 62 223 467 901 698 239 436 882 244 430 357 210 578 367 420 584 779 420 429 652 875 239 32 384 437 362 464 907 447 512 589 244 359 312 315 994 274 553 615 838 62 119 568 761 638 908 166 251 589 691 882
927 676 875 740 954 738 874 562 844 394 854 0 978 846 756 905 880 752 891 39 562 800 796 758 672 690 568 626 589 69 712 567 921 1025 1186 1084 879 306 583 595 818 252 756 799 885 516 1145 677 468 618 442 983 378 612 1094 642 751 862 778 626 1112 451 826 969 1255 475 297 750 984 745 331 232 734
924 670 246 432 281 304 508 418 332 589 597 978 0 159 858 283 173 245 857 1007 561 204 616 406 312 551 466 674 406 962 778 433 952 516 280 375 178 868 514 407 198 917 475 815 594 531 374 354 855 609 586 100 600 587 399 806 327 542 346 354 152 664 648 592 397 584 681 516 519 388 651 746 498
785 515 293 279 203 273 381 286 200 471 463 846 159 0 706 344 219 190 718 872 401 179 473 255 175 531 390 517 259 837 624 285 811 427 348 339 63 714 456 258 39 765 474 668 466 375 368 196 695 571 434 137 469 428 361 649 170 572 195 245 267 585 509 481 441 500 550 514 419 234 515 617 491
171 196 958 427 626 860 389 630 531 690 300 756 858 706 0 1010 902 797 143 749 371 826 254 451 645 1030 817 216 574 804 84 555 169 502 876 668 679 450 894 560 668 510 1030 70 322 457 737 546 289 1013 481 786 628 307 659 117 537 1158 512 706 901 900 238 392 868 840 642 1055 461 472 599 671 1028
1111 814 52 599 536 176 723 420 544 519 799 905 283 344 1010 0 125 214 1045 940 655 184 800 580 367 312 336 801 452 870 926 478 1134 769 556 652 401 888 339 463 372 920 222 984 806 591 657 464 925 388 616 377 558 707 676 932 486 261 525 331 416 498 839 826 677 440 628 261 763 554 619 682 251
995 706 77 482 411 151 600 348 420 485 679 880 173 219 902 125 0 133 928 912 559 86 683 462 271 380 328 698 365 853 818 393 1019 643 454 530 275 822 359 373 249 861 301 871 684 504 539 358 841 443 541 259 512 605 553 830 369 372 405 264 320 517 721 701 571 444 588 343 637 437 570 649 325
904 601 164 395 393 84 534 216 364 357 602 752 245 190 797 214 133 0 838 783 441 48 596 380 152 341 221 587 239 729 712 266 926 607 510 530 253 689 275 249 199 728 287 773 613 378 556 252 715 384 410 294 380 493 551 717 287 395 330 131 395 419 637 645 616 339 458 326 592 352 437 520 302
67 263 992 446 599 909 355 698 524 787 262 891 857 718 143 1045 928 838 0 886 449 860 245 465 692 1104 892 302 636 936 182 621 94 429 829 610 680 587 972 620 682 650 1092 93 271 538 676 586 429 1096 577 775 727 377 597 249 558 1217 523 765 876 997 209 315 803 931 753 1122 395 491 707 789 1095
920 679 910 755 974 772 885 589 862 427 861 39 1007 872 749 940 912 783 886 0 575 832 802 774 698 729 603 629 614 105 709 591 912 1036 1209 1102 903 299 620 618 843 239 794 795 893 534 1164 699 460 657 461 1009 407 621 1111 637 771 901 797 656 1139 490 831 977 1276 512 326 788 995 762 357 263 772
509 186 605 185 424 494 312 258 306 343 306 562 561 401 371 655 559 441 449 575 0 477 259 209 289 660 447 155 206 583 289 184 523 462 681 537 401 338 525 193 362 400 658 366 335 89 603 208 294 647 141 519 287 72 542 279 243 786 249 337 651 551 298 414 725 481 332 683 421 205 283 385 657
927 630 131 414 383 102 545 262 369 405 618 800 204 179 826 184 86 48 860 832 477 0 617 397 187 360 263 619 279 777 742 307 950 606 477 515 242 735 309 288 198 775 296 799 627 419 535 280 756 411 454 264 428 525 537 751 303 393 344 178 356 459 656 652 587 381 506 337 595 370 486 569 315
312 132 747 202 372 670 137 476 283 598 62 796 616 473 254 800 683 596 245 802 259 617 0 220 454 880 672 177 411 826 190 401 337 270 622 418 437 523 754 395 437 591 860 201 94 342 489 348 402 880 400 538 546 192 412 253 313 982 278 534 648 802 42 181 620 727 591 891 226 246 541 641 865
532 265 527 27 217 457 165 300 99 463 223 758 406 255 451 580 462 380 465 774 209 397 220 0 247 683 487 275 233 770 371 236 557 287 477 329 229 547 568 218 218 609 653 412 236 242 394 145 484 696 316 341 427 201 337 404 93 771 60 336 465 646 259 282 516 564 494 687 254 28 447 557 661
757 449 316 256 331 216 410 110 262 297 467 672 312 175 645 367 271 152 692 698 289 187 454 247 0 437 251 434 97 661 561 125 778 509 522 475 218 561 329 102 152 607 407 624 482 234 519 106 570 455 277 312 294 341 493 565 163 527 210 93 440 433 495 526 607 347 375 440 486 218 342 442 414
1167 844 319 690 733 259 848 406 692 375 901 690 551 531 1030 312 380 341 1104 729 660 360 880 683 437 0 213 815 469 639 948 482 1182 940 831 871 594 771 139 485 539 782 91 1025 918 573 896 539 861 83 559 624 436 728 892 928 600 172 647 348 700 239 922 964 945 229 474 64 920 655 490 504 61
955 632 309 491 576 177 653 196 513 190 698 568 466 390 817 336 328 221 892 603 447 263 672 487 251 213 0 602 262 534 735 272 969 759 728 720 448 584 81 278 384 604 226 812 717 360 757 342 657 208 349 511 242 516 739 716 413 355 459 157 617 198 715 770 829 117 300 243 735 459 301 348 217
359 49 750 248 483 646 291 414 370 485 239 626 674 517 216 801 698 587 302 629 155 619 177 275 434 815 602 0 359 661 133 339 370 440 744 564 501 345 679 345 477 413 813 214 272 242 634 340 230 800 274 616 424 93 562 133 347 942 333 491 741 695 201 359 764 630 452 839 396 288 405 493 812
700 381 403 233 378 288 397 67 284 239 436 589 406 259 574 452 365 239 636 614 206 279 411 233 97 469 262 359 0 586 490 28 717 517 596 519 289 464 343 16 229 511 457 561 456 139 571 99 476 470 180 396 219 267 533 485 179 584 220 131 527 412 453 514 671 330 297 485 488 208 258 365 458
975 711 843 753 958 708 895 551 851 372 882 69 962 837 804 870 853 729 936 105 583 777 826 770 661 639 534 661 586 0 755 565 971 1044 1181 1092 874 358 540 592 811 310 710 843 913 528 1150 678 520 564 454 974 368 638 1103 688 754 811 785 608 1101 400 858 995 1256 433 288 701 1004 754 328 220 686
231 111 873 346 555 775 327 546 455 614 244 712 778 624 84 926 818 712 182 709 289 742 190 371 561 948 735 133 490 755 0 471 238 453 810 608 600 411 813 476 586 476 946 89 271 375 679 461 259 933 404 709 553 223 602 79 455 1074 431 622 827 824 185 351 810 762 573 972 411 390 528 607 945
684 364 429 232 395 312 396 76 295 228 430 567 433 285 555 478 393 266 621 591 184 307 401 236 125 482 272 339 28 565 471 0 701 523 618 533 312 436 353 27 253 484 475 544 452 112 587 113 449 479 152 421 201 248 547 463 192 602 231 153 553 411 443 513 691 331 278 501 491 212 237 345 475
34 337 1081 536 694 995 450 777 619 853 357 921 952 811 169 1134 1019 926 94 912 523 950 337 557 778 1182 969 370 717 971 238 701 0 518 922 701 774 615 1048 702 775 673 1175 157 366 611 766 673 453 1170 643 870 792 453 688 287 649 1301 616 848 971 1063 303 406 892 1001 809 1202 486 582 766 840 1176
485 399 720 296 236 691 152 582 247 750 210 1025 516 427 502 769 643 607 429 1036 462 606 270 287 509 940 759 440 517 1044 453 523 518 0 409 186 368 776 838 503 408 844 894 435 182 519 248 422 669 964 591 417 713 418 170 523 347 999 300 602 484 929 268 113 374 846 777 933 44 310 729 837 908
889 721 525 504 261 579 486 632 378 819 578 1186 280 348 876 556 454 510 829 1209 681 477 622 477 522 831 728 744 596 1181 810 618 922 409 0 223 307 1017 785 591 370 1076 755 817 561 687 171 511 961 887 755 217 813 678 241 862 445 817 432 593 142 926 639 518 122 843 893 797 436 475 855 961 779
668 532 607 351 144 612 281 573 241 758 367 1084 375 339 668 652 530 530 610 1102 537 515 418 329 475 871 720 564 519 1092 608 533 701 186 223 0 277 873 791 508 337 937 812 605 346 568 70 420 791 910 642 276 735 514 24 668 340 901 307 565 310 908 429 295 202 822 809 852 214 340 764 875 830
746 494 351 255 140 336 334 326 155 514 420 879 178 63 679 401 275 253 680 903 401 242 437 229 218 594 448 501 289 874 600 312 774 368 307 277 0 726 516 284 65 782 538 636 420 389 309 209 694 633 454 117 506 418 298 632 158 634 169 298 250 641 470 428 389 556 586 578 362 213 548 653 554
621 393 845 523 762 711 624 473 644 398 584 306 868 714 450 888 822 689 587 299 338 735 523 547 561 771 584 345 464 358 411 436 615 776 1017 873 726 0 636 461 677 68 808 496 616 338 940 519 162 723 283 843 341 361 877 337 573 934 586 560 976 569 546 703 1063 544 298 818 733 543 283 287 795
1034 711 324 572 649 211 734 277 591 238 779 583 514 456 894 339 359 275 972 620 525 309 754 568 329 139 81 679 343 540 813 353 1048 838 785 791 516 636 0 359 454 650 176 891 799 437 825 423 722 127 420 569 298 595 811 790 492 298 539 235 666 160 796 851 890 108 342 181 814 540 353 379 159
685 366 413 217 369 301 381 83 272 251 420 595 407 258 560 463 373 249 620 618 193 288 395 218 102 485 278 345 16 592 476 27 702 503 591 508 284 461 359 0 226 509 472 546 440 131 561 88 467 486 178 393 228 253 522 472 168 599 208 146 525 427 437 498 663 345 305 501 473 193 264 372 474
749 476 320 241 195 284 350 262 171 449 429 818 198 39 668 372 249 199 682 843 362 198 437 218 152 539 384 477 229 811 586 253 775 408 370 337 65 677 454 226 0 730 487 631 435 339 373 159 656 573 400 167 443 389 357 610 131 591 159 233 300 576 474 455 455 490 523 526 396 196 487 591 502
681 461 879 586 824 743 691 513 706 414 652 252 917 765 510 920 861 728 650 239 400 775 591 609 607 782 604 413 511 310 476 484 673 844 1076 937 782 68 650 509 730 0 825 559 684 392 1003 573 221 727 331 897 364 427 941 401 631 948 646 597 1030 567 614 771 1125 552 308 832 800 605 304 282 810
1157 838 235 664 678 203 814 399 650 411 875 756 475 474 1030 222 301 287 1092 794 658 296 860 653 407 91 226 813 457 710 946 475 1175 894 755 812 538 808 176 472 487 825 0 1018 889 576 831 513 883 172 573 554 467 723 834 933 565 129 611 327 621 313 901 928 872 283 517 41 878 624 525 556 29
144 180 931 390 573 840 331 620 484 699 239 799 815 668 70 984 871 773 93 795 366 799 201 412 624 1025 812 214 561 843 89 544 157 435 817 605 636 496 891 546 631 559 1018 0 258 454 674 520 340 1013 489 739 638 296 595 158 502 1144 472 692 849 909 177 324 805 845 661 1046 396 435 616 696 1019
335 226 754 227 328 692 86 524 266 664 32 885 594 466 322 806 684 613 271 893 335 627 94 236 482 918 717 272 456 913 271 452 366 182 561 346 420 616 799 440 435 684 889 258 0 411 415 378 496 926 476 507 616 275 337 342 326 1007 283 570 605 862 86 86 546 783 667 923 139 264 618 721 897
598 275 542 226 441 423 376 178 328 256 384 516 531 375 457 591 504 378 538 534 89 419 342 242 234 573 360 242 139 528 375 112 611 519 687 568 389 338 437 131 339 392 576 454 411 0 630 181 336 558 73 505 204 161 577 357 241 705 263 263 638 462 382 485 744 392 258 599 482 228 209 318 573
733 603 616 417 192 636 352 621 301 808 437 1145 374 368 737 657 539 556 676 1164 603 535 489 394 519 896 757 634 571 1150 679 587 766 248 171 70 309 940 825 561 373 1003 831 674 415 630 0 474 861 940 703 280 789 583 79 739 396 912 366 605 282 949 499 360 131 863 865 872 281 402 822 931 851
652 349 412 151 281 322 310 160 184 339 362 677 354 196 546 464 358 252 586 699 208 280 348 145 106 539 342 340 99 678 461 113 673 422 511 420 209 519 423 88 159 573 513 520 378 181 474 0 500 551 245 324 315 247 434 472 80 634 122 191 457 507 389 427 578 424 391 545 394 117 349 458 519
460 270 878 457 700 754 521 506 583 489 464 468 855 695 289 925 841 715 429 460 294 756 402 484 570 861 657 230 476 520 259 449 453 669 961 791 694 162 722 467 656 221 883 340 496 336 861 500 0 824 313 812 426 283 791 182 535 1012 534 595 942 684 417 582 989 643 410 900 625 489 378 419 875
1157 833 390 700 769 308 861 404 716 335 907 618 609 571 1013 388 443 384 1096 657 647 411 880 696 455 83 208 800 470 564 933 479 1170 964 887 910 633 723 127 486 573 727 172 1013 926 558 940 551 824 0 533 675 398 718 930 906 618 248 665 362 761 167 922 978 998 180 424 147 941 668 447 446 143
634 315 570 299 514 442 446 196 401 210 447 442 586 434 481 616 541 410 577 461 141 454 400 316 277 559 349 274 180 454 404 152 643 591 755 642 454 283 420 178 400 331 573 489 476 73 703 245 313 533 0 567 150 210 651 372 312 703 336 284 700 420 439 553 816 359 191 592 553 302 141 247 566
840 605 336 368 184 367 421 423 255 607 512 983 100 137 786 377 259 294 775 1009 519 264 538 341 312 624 511 616 396 974 709 421 870 417 217 276 117 843 569 393 167 897 554 739 507 505 280 324 812 675 567 0 606 534 300 745 276 632 282 377 133 709 567 498 322 626 687 596 423 328 653 755 576
783 466 520 417 597 383 575 183 496 64 589 378 600 469 628 558 512 380 727 407 287 428 546 427 294 436 242 424 219 368 553 201 792 713 813 735 506 341 298 228 443 364 467 638 616 204 789 315 426 398 150 606 0 359 748 516 394 594 430 250 734 272 585 688 890 218 81 479 678 407 60 148 455
439 115 656 174 417 553 265 324 300 415 244 612 587 428 307 707 605 493 377 621 72 525 192 201 341 728 516 93 267 638 223 248 453 418 678 514 418 361 595 253 389 427 723 296 275 161 583 247 283 718 210 534 359 0 517 225 260 851 253 399 663 623 229 357 710 554 399 750 375 208 350 449 723
654 530 631 357 162 634 276 588 252 772 359 1094 399 361 659 676 553 551 597 1111 542 537 412 337 493 892 739 562 533 1103 602 547 688 170 241 24 298 877 811 522 357 941 834 595 337 577 79 434 791 930 651 300 748 517 0 664 354 924 318 583 333 926 421 281 209 840 821 874 202 349 776 886 852
288 141 881 377 603 773 387 535 495 579 312 642 806 649 117 932 830 717 249 637 279 751 253 404 565 928 716 133 485 688 79 463 287 523 862 668 632 337 790 472 610 401 933 158 342 357 739 472 182 906 372 745 516 225 664 0 479 1063 463 616 868 787 256 424 871 731 526 957 479 419 484 553 930
625 345 434 113 204 366 249 239 105 419 315 751 327 170 537 486 369 287 558 771 243 303 313 93 163 600 413 347 179 754 455 192 649 347 445 340 158 573 492 168 131 631 565 502 326 241 396 80 535 618 312 276 394 260 354 479 0 680 47 256 407 585 352 364 504 500 469 600 322 67 425 535 574
1282 965 296 783 775 314 929 528 759 536 994 862 542 572 1158 261 372 395 1217 901 786 393 982 771 527 172 355 942 584 811 1074 602 1301 999 817 901 634 934 298 599 591 948 129 1144 1007 705 912 634 1012 248 703 632 594 851 924 1063 680 0 725 452 677 411 1023 1041 938 398 640 116 986 742 650 674 138
590 325 472 86 178 410 204 283 65 459 274 778 346 195 512 525 405 330 523 797 249 344 278 60 210 647 459 333 220 785 431 231 616 300 432 307 169 586 539 208 159 646 611 472 283 263 366 122 534 665 336 282 430 253 318 463 47 725 0 303 409 629 315 317 481 545 503 646 275 45 458 568 620
830 513 285 342 421 159 501 88 355 235 553 626 354 245 706 331 264 131 765 656 337 178 534 336 93 348 157 491 131 608 622 153 848 602 593 565 298 560 235 146 233 597 327 692 570 263 605 191 595 362 284 377 250 399 583 616 256 452 303 0 496 343 576 617 686 258 330 357 579 307 307 394 330
940 727 387 493 277 456 521 550 372 730 615 1112 152 267 901 416 320 395 876 1139 651 356 648 465 440 700 617 741 527 1101 827 553 971 484 142 310 250 976 666 525 300 1030 621 849 605 638 282 457 942 761 700 133 734 663 333 868 407 677 409 496 0 815 673 581 265 734 815 662 500 455 782 882 646
1054 734 484 644 764 366 808 347 689 210 838 451 664 585 900 498 517 419 997 490 551 459 802 646 433 239 198 695 412 400 824 411 1063 929 926 908 641 569 160 427 576 567 313 909 862 462 949 507 684 167 420 709 272 623 926 787 585 411 629 343 815 0 843 925 1026 85 275 301 900 620 307 285 288
276 153 786 241 396 711 153 518 315 638 62 826 648 509 238 839 721 637 209 831 298 656 42 259 495 922 715 201 453 858 185 443 303 268 639 429 470 546 796 437 474 614 901 177 86 382 499 389 417 922 439 567 585 229 421 256 352 1023 315 576 673 843 0 168 630 769 628 933 226 286 579 677 907
372 313 775 281 314 727 117 581 283 732 119 969 592 481 392 826 701 645 315 977 414 652 181 282 526 964 770 359 514 995 351 513 406 113 518 295 428 703 851 498 455 771 928 324 86 485 360 427 582 978 553 498 688 357 281 424 364 1041 317 617 581 925 168 0 487 844 743 964 81 310 694 799 938
858 734 644 540 302 690 484 715 419 903 568 1255 397 441 868 677 571 616 803 1276 725 587 620 516 607 945 829 764 671 1256 810 691 892 374 122 202 389 1063 890 663 455 1125 872 805 546 744 131 578 989 998 816 322 890 710 209 871 504 938 481 686 265 1026 630 487 0 942 969 913 409 520 928 1036 895
989 667 419 563 678 293 727 264 604 154 761 475 584 500 840 440 444 339 931 512 481 381 727 564 347 229 117 630 330 433 762 331 1001 846 843 822 556 544 108 345 490 552 283 845 783 392 863 424 643 180 359 626 218 554 840 731 500 398 545 258 734 85 769 844 942 0 245 282 817 538 266 275 263
804 497 592 481 672 454 634 264 569 109 638 297 681 550 642 628 588 458 753 326 332 506 591 494 375 474 300 452 297 288 573 278 809 777 893 809 586 298 342 305 523 308 517 661 667 258 865 391 410 424 191 687 81 399 821 526 469 640 503 330 815 275 628 743 969 245 0 523 740 476 49 67 501
1186 865 276 697 718 242 850 425 687 420 908 750 516 514 1055 261 343 326 1122 788 683 337 891 687 440 64 243 839 485 701 972 501 1202 933 797 852 578 818 181 501 526 832 41 1046 923 599 872 545 900 147 592 596 479 750 874 957 600 116 646 357 662 301 933 964 913 282 523 0 916 659 535 558 26
453 355 712 261 238 675 110 553 228 717 166 984 519 419 461 763 637 592 395 995 421 595 226 254 486 920 735 396 488 1004 411 491 486 44 436 214 362 733 814 473 396 800 878 396 139 482 281 394 625 941 553 423 678 375 202 479 322 986 275 579 500 900 226 81 409 817 740 916 0 279 691 800 891
558 282 501 45 219 428 193 273 101 440 251 745 388 234 472 554 437 352 491 762 205 370 246 28 218 655 459 288 208 754 390 212 582 310 475 340 213 543 540 193 196 605 624 435 264 228 402 117 489 668 302 328 407 208 349 419 67 742 45 307 455 620 286 310 520 538 476 659 279 0 429 540 632
760 449 580 433 629 443 585 233 524 115 589 331 651 515 599 619 570 437 707 357 283 486 541 447 342 490 301 405 258 328 528 237 766 729 855 764 548 283 353 264 487 304 525 616 618 209 822 349 378 447 141 653 60 350 776 484 425 650 458 307 782 307 579 694 928 266 49 535 691 429 0 110 512
837 540 649 543 739 511 693 331 634 164 691 232 746 617 671 682 649 520 789 263 385 569 641 557 442 504 348 493 365 220 607 345 840 837 961 875 653 287 379 372 591 282 556 696 721 318 931 458 419 446 247 755 148 449 886 553 535 674 568 394 882 285 677 799 1036 275 67 558 800 540 110 0 538
1159 839 261 671 695 218 824 399 662 397 882 734 498 491 1028 251 325 302 1095 772 657 315 865 661 414 61 217 812 458 686 945 475 1176 908 779 830 554 795 159 474 502 810 29 1019 897 573 851 519 875 143 566 576 455 723 852 930 574 138 620 330 646 288 907 938 895 263 501 26 891 632 512 538 0
