7
0 890 130 1050 623 420 888
890 0 763 495 268 479 103
130 763 0 956 499 290 758
1050 495 956 0 556 757 598
623 268 499 556 0 227 290
420 479 290 757 227 0 468
888 103 758 598 290 468 0
