337
0 943 344 824 822 771 371 1099 818 1055 833 400 257 992 585 1046 403 465 838 681 340 517 80 135 604 759 974 889 558 216 757 301 1038 296 716 1085 967 672 1094 798 704 333 986 989 971 878 872 106 889 127 137 648 854 950 1046 860 790 636 983 1201 709 802 392 640 118 804 737 845 547 497 678 175 834 315 143 659 652 760 994 892 1017 599 732 802 820 22 663 949 695 809 1031 855 85 941 1064 159 163 193 624 367 878 782 903 790 817 1053 777 152 587 649 243 524 753 225 244 335 106 838 1000 791 151 874 821 323 266 870 502 820 845 991 62 972 484 728 309 690 805 519 454 642 959 1067 624 231 182 920 595 387 337 286 972 884 412 928 581 79 705 842 1237 1089 506 517 79 907 821 897 887 739 370 579 188 709 811 193 983 515 612 394 403 435 1209 893 879 501 965 866 462 133 734 591 821 412 388 707 710 554 808 504 156 339 415 852 136 922 447 147 788 970 689 814 320 209 706 701 963 499 725 516 792 1106 480 965 576 241 430 1169 537 907 787 1176 455 581 717 772 1012 306 697 854 1026 479 49 788 764 385 877 414 145 338 607 301 281 1112 1046 704 689 1029 540 826 147 883 569 573 213 361 928 707 521 890 608 30 611 903 733 936 140 953 620 764 1095 873 748 821 432 820 1148 987 783 272 1017 789 813 1135 556 961 760 993 935 400 583 685 152 930 674 759 686 979 817 89 966 549 581 739 761 765 574 696 590 457 1146 159 525 693 672 968 111 861 533 1153 958 318 809 960 584 891 253 570 389
943 0 623 150 513 662 672 166 693 164 752 777 701 184 417 147 716 648 340 690 620 612 879 904 557 311 229 55 393 884 532 654 95 697 426 370 136 541 352 629 323 669 522 63 45 627 134 1034 673 856 835 634 370 66 374 158 469 437 42 316 623 778 616 732 885 278 624 478 620 606 272 806 293 761 849 628 619 851 52 544 479 585 504 581 711 946 371 58 261 135 226 663 1018 808 309 809 876 792 630 630 730 727 255 175 805 314 808 811 389 495 806 509 285 784 812 615 843 502 134 614 870 821 862 753 931 147 472 269 269 304 882 400 613 724 635 277 239 764 698 444 823 373 319 872 794 614 554 626 661 657 42 286 746 856 370 875 288 598 343 347 465 429 1014 280 182 141 731 290 830 442 838 524 297 804 186 630 497 548 558 803 319 503 361 501 620 104 727 1011 459 383 257 641 639 417 279 432 767 574 832 613 568 577 839 558 499 995 726 218 589 592 774 796 750 426 371 789 347 700 278 291 491 820 590 779 565 239 812 467 165 250 502 699 633 474 383 675 846 533 106 552 898 688 285 558 508 550 1010 605 607 824 677 316 222 254 254 476 560 190 806 59 592 730 736 612 844 399 743 133 393 970 335 299 304 83 803 838 427 602 388 82 453 784 589 125 309 103 251 753 186 160 843 198 405 376 224 127 22 884 701 271 819 250 508 272 566 644 144 933 210 548 591 318 552 237 540 272 571 487 274 784 718 249 371 564 840 481 634 259 344 683 202 98 730 54 735 682 657
344 623 0 528 497 679 109 769 538 719 570 236 87 651 241 712 392 397 495 416 15 221 269 282 290 515 631 568 230 264 609 180 716 77 377 740 673 355 749 687 456 65 656 662 657 574 537 420 596 237 285 363 634 620 702 522 458 438 665 861 608 553 72 398 265 551 633 514 258 197 382 277 489 167 309 371 361 549 675 570 680 295 407 493 545 341 318 621 403 497 689 563 408 679 720 191 253 170 537 262 601 518 644 459 576 708 545 261 335 486 188 185 409 161 194 162 268 669 664 491 247 628 601 351 319 533 159 476 591 646 292 630 186 470 125 355 537 317 215 449 698 723 307 255 267 610 464 76 56 97 657 635 218 683 300 297 364 712 897 744 164 199 405 563 535 560 610 396 265 369 214 561 466 180 642 229 448 115 65 282 869 565 536 157 652 536 243 389 401 336 562 333 302 366 370 323 554 187 296 39 251 712 221 601 184 372 523 627 574 507 183 296 463 504 620 317 380 273 538 762 138 702 468 303 88 838 361 574 460 844 121 331 620 598 669 235 499 532 717 330 295 510 420 118 550 73 387 117 313 226 64 767 705 413 380 691 222 544 197 565 267 340 133 17 679 365 304 597 264 367 315 657 482 632 214 698 412 462 751 547 566 571 304 508 805 684 517 136 677 482 587 807 220 618 423 658 612 327 333 395 201 585 519 498 560 670 488 314 691 411 279 495 622 489 434 415 280 184 806 210 292 383 327 645 233 530 454 814 614 71 529 658 350 569 257 312 113
824 150 528 0 549 522 595 315 716 312 774 713 597 310 363 296 569 500 389 684 522 566 767 802 532 166 340 120 304 792 392 528 238 605 430 492 145 535 479 492 173 582 600 213 158 669 201 921 713 750 709 622 250 199 485 217 498 287 178 466 478 792 536 716 780 141 481 522 583 556 147 676 340 681 720 619 607 851 190 596 570 560 515 608 734 830 344 193 129 65 357 697 904 847 435 702 777 690 481 492 763 740 165 169 820 437 815 685 248 345 716 452 291 688 722 490 721 374 273 637 769 845 873 611 846 213 393 310 149 410 762 488 559 727 516 229 98 723 643 293 864 490 224 782 665 667 404 547 573 544 161 182 683 887 243 753 261 468 494 474 386 329 899 359 40 227 766 288 762 294 740 379 334 703 308 585 347 436 463 746 469 559 424 433 682 160 674 905 470 243 126 497 497 417 253 290 783 521 703 510 431 449 732 616 378 892 741 330 443 621 695 663 747 278 460 743 348 658 138 430 408 862 439 644 485 386 774 530 140 399 409 671 488 336 484 542 835 576 205 407 783 706 297 444 559 458 905 487 585 744 573 452 358 120 149 569 517 53 696 105 559 700 626 520 876 397 703 69 344 853 215 202 154 112 686 876 277 619 510 138 312 801 446 62 454 162 105 663 320 55 854 344 325 464 214 265 157 820 673 139 713 341 360 123 419 707 153 824 174 398 562 170 412 86 389 131 542 368 422 665 678 146 349 633 727 530 484 409 434 593 58 135 703 125 602 652 583
822 513 497 549 0 992 450 558 181 479 240 470 579 389 307 485 836 806 173 230 508 307 741 717 217 671 337 478 407 655 877 653 559 526 146 344 641 150 366 978 634 489 166 501 558 119 380 870 163 697 783 209 788 459 297 356 54 705 546 549 929 272 434 289 716 672 944 43 282 325 502 774 220 520 807 197 197 358 548 73 210 227 90 71 200 812 252 466 519 484 392 150 865 298 363 662 682 629 889 702 216 224 714 380 298 346 310 759 582 777 592 315 260 598 595 619 762 892 441 108 686 308 356 822 666 366 382 246 693 290 778 204 338 240 602 349 633 385 388 718 315 321 428 639 763 129 799 438 487 589 554 731 443 343 521 789 306 973 584 364 383 445 865 250 586 373 218 266 525 656 645 843 219 630 380 313 753 527 462 466 561 74 164 352 163 416 398 819 106 577 665 758 735 161 312 610 260 317 794 522 657 961 685 104 543 793 222 342 889 79 523 790 274 744 215 417 212 343 663 428 398 312 822 792 409 598 415 103 408 593 436 299 941 834 255 704 374 36 614 704 772 183 252 540 56 449 811 578 227 564 559 415 413 523 462 224 281 600 679 489 256 327 625 479 331 177 369 597 300 838 490 752 640 582 706 327 679 108 344 444 802 275 709 489 471 616 626 552 412 498 338 592 381 209 336 441 491 552 299 519 669 288 806 628 867 185 400 764 704 759 245 661 896 590 770 547 233 528 502 706 348 459 241 148 713 53 837 529 231 505 597 605 320 475 743 295 432
771 662 679 522 992 0 788 810 1121 827 1171 916 685 832 704 810 367 310 868 1038 665 856 761 834 877 357 861 642 598 875 130 533 729 739 848 1013 568 915 1001 46 371 743 1088 725 651 1108 717 876 1146 778 635 974 307 720 1003 728 938 287 676 973 71 1172 738 1043 803 384 49 979 889 835 496 597 825 836 627 976 964 1197 686 1055 1071 897 927 1031 1136 788 742 713 484 573 880 1122 853 1266 957 743 830 758 149 439 1180 1125 429 658 1199 958 1179 626 412 216 822 751 746 781 829 528 674 181 794 1049 815 1240 1239 448 944 727 662 794 396 927 719 991 830 1091 572 646 425 989 887 274 1286 1009 564 875 593 1121 216 746 735 614 656 394 898 1291 475 694 691 105 995 996 657 575 846 864 484 745 1186 736 939 342 811 151 811 774 830 872 245 569 649 962 974 1027 911 712 1148 679 918 898 891 417 404 373 403 833 686 393 1168 806 614 641 429 127 764 1082 510 903 1129 850 107 1047 853 561 1097 254 964 994 782 935 385 951 659 1286 213 530 710 872 1037 1007 630 888 629 980 59 188 996 494 1158 1026 663 349 755 1101 758 562 1021 656 907 566 923 884 675 974 880 482 538 1073 825 473 720 627 881 998 678 686 1283 816 974 531 702 800 502 392 376 591 679 1292 314 1024 1031 660 210 1186 381 576 972 615 417 789 842 547 1222 828 628 967 682 786 675 999 982 481 751 854 186 401 127 1172 657 825 507 268 889 356 110 442 247 457 878 517 936 651 956 542 752 1110 731 991 242 917 941 744 464 594 1006 647 528 959 789
371 672 109 595 450 788 0 805 458 747 483 130 149 670 259 742 497 506 485 327 124 145 291 271 232 605 642 617 290 223 715 284 760 83 354 733 739 300 745 795 546 53 616 703 710 509 569 423 524 246 351 283 728 658 691 551 421 540 714 878 717 461 59 301 267 637 741 475 179 126 456 352 490 90 376 293 285 447 723 520 649 228 361 431 463 361 326 660 479 555 703 490 416 593 721 213 237 178 647 370 520 431 725 499 481 708 448 330 430 592 149 174 424 148 153 270 322 771 692 422 239 535 502 450 260 563 202 484 675 644 332 610 113 379 231 395 618 209 109 552 612 713 370 209 344 549 573 49 58 195 709 720 109 591 386 345 392 818 915 741 209 273 416 564 608 588 529 412 169 471 198 667 469 179 661 146 554 220 147 175 887 522 522 171 594 576 135 378 367 430 645 441 410 347 399 423 464 135 367 149 361 817 235 550 286 355 437 639 683 444 102 379 367 605 604 207 381 171 624 771 186 616 577 392 109 870 252 538 506 874 191 234 729 700 654 338 394 483 771 439 322 429 432 226 506 146 372 226 238 152 139 772 720 489 446 661 170 619 232 616 198 238 190 101 588 352 198 664 284 387 393 743 570 692 266 609 513 394 741 592 667 480 413 566 815 744 599 102 697 545 489 843 271 602 455 687 658 230 236 471 219 592 624 583 667 609 529 316 765 520 210 585 728 569 542 494 218 283 823 273 188 448 332 596 265 491 563 836 603 63 605 719 249 617 350 217 18
1099 166 769 315 558 810 805 0 739 79 797 898 851 169 545 72 883 815 392 766 768 724 1032 1051 656 470 222 214 542 1023 681 816 80 840 511 305 244 625 280 773 488 809 514 110 161 656 235 1186 701 1006 996 718 506 148 330 254 525 601 138 165 776 830 753 815 1034 431 775 516 726 723 437 967 355 895 1011 710 702 914 126 567 458 682 575 630 758 1100 485 149 428 300 175 700 1172 832 245 958 1021 939 791 796 764 782 384 310 856 259 867 971 556 656 946 633 388 928 951 776 1001 640 120 666 1017 861 915 920 1065 242 612 344 414 285 1038 392 732 790 793 414 396 868 815 607 845 318 474 1011 956 632 718 763 801 812 157 418 866 887 534 1033 412 736 185 276 606 581 1168 307 343 219 763 397 953 609 982 679 369 950 177 741 661 704 704 919 164 526 393 634 625 233 841 1159 533 550 409 808 805 506 405 599 818 693 994 764 733 714 989 573 659 1142 780 216 745 637 906 960 821 585 366 895 444 806 434 195 633 840 754 944 702 72 913 484 311 83 649 794 785 623 356 839 920 567 151 719 1053 741 383 714 535 695 1157 762 701 956 826 224 158 421 415 449 673 349 959 224 695 826 888 757 874 490 847 282 521 1125 497 425 467 220 958 862 592 660 321 225 606 832 756 290 190 197 411 893 147 326 896 38 548 372 349 123 167 1003 795 437 969 269 667 434 722 647 282 1082 315 713 692 479 700 401 705 439 671 646 140 942 822 410 481 565 993 514 799 112 341 824 363 215 824 211 898 780 789
818 693 538 716 181 1121 458 739 0 660 59 426 605 570 417 666 916 900 354 137 552 317 739 696 256 823 517 655 523 622 1014 714 741 541 288 503 818 207 529 1112 779 508 280 682 738 102 558 845 81 690 809 175 945 640 458 535 223 836 726 720 1054 93 466 188 702 830 1072 222 281 341 648 809 400 502 835 167 177 189 729 183 343 244 203 111 18 804 388 647 668 652 571 54 845 146 533 665 661 629 1005 780 63 56 881 549 117 515 136 788 709 905 575 384 425 594 575 686 780 1039 623 79 670 129 176 887 614 545 469 423 855 465 786 367 352 102 659 500 793 313 364 848 166 481 564 605 800 148 916 465 509 635 734 895 407 173 647 802 460 1114 753 527 473 550 846 432 750 554 71 428 471 779 630 976 396 625 561 312 877 602 523 404 731 221 345 426 189 593 357 786 246 705 825 844 817 302 467 730 80 353 825 572 745 1104 682 194 635 757 50 523 1015 102 499 832 137 882 385 342 369 301 820 599 480 168 935 841 461 776 321 263 576 771 516 238 1067 977 417 768 222 173 794 806 771 30 420 613 207 512 775 641 225 528 591 583 591 674 612 358 321 765 688 665 271 252 648 521 163 321 304 769 419 828 623 917 790 758 724 171 808 99 500 621 943 93 800 658 640 795 784 547 592 663 158 773 493 379 501 623 671 478 236 666 670 469 936 782 994 191 572 746 878 871 259 810 1032 748 886 695 261 623 675 731 295 610 379 231 718 225 941 705 405 521 760 782 241 652 795 247 443
1055 164 719 312 479 827 747 79 660 0 718 834 803 91 488 17 866 801 316 691 720 658 986 1000 586 476 143 196 497 968 697 781 118 787 439 235 278 552 212 793 484 755 436 102 180 577 183 1139 622 957 959 645 531 116 255 197 448 598 155 156 788 752 697 741 985 443 789 438 658 659 414 932 282 837 976 636 629 837 147 488 380 612 500 551 679 1055 422 121 408 281 97 621 1126 753 173 911 969 889 794 770 684 704 413 265 777 185 789 934 536 658 891 573 324 875 896 740 961 664 55 587 966 781 836 897 1007 186 560 274 433 206 996 313 668 713 753 365 403 799 750 605 766 245 436 955 921 552 715 707 748 769 175 445 803 808 506 993 357 760 188 207 555 539 1122 230 347 160 683 335 890 596 930 689 298 899 100 674 658 664 655 853 161 446 315 578 546 193 775 1108 459 530 422 788 783 435 350 579 739 630 958 717 707 739 940 493 624 1090 702 137 754 559 847 928 745 590 287 826 377 738 443 134 581 761 751 914 648 125 842 405 273 127 601 723 798 639 278 808 844 488 196 701 1008 663 317 675 456 646 1106 723 630 897 779 162 82 402 386 373 608 355 913 209 627 754 843 706 794 421 778 296 463 1081 467 456 467 239 916 783 585 583 252 195 618 754 735 273 145 232 415 839 67 309 818 113 500 293 296 61 155 938 724 416 921 191 672 436 730 568 240 1034 353 705 623 482 717 399 699 424 602 611 110 901 753 380 418 486 948 435 793 101 262 770 367 243 752 192 867 709 730
833 752 570 774 240 1171 483 797 59 718 0 435 631 628 467 724 954 942 413 155 584 348 755 707 298 878 575 714 572 630 1066 748 800 566 344 555 877 256 581 1163 833 535 327 741 797 149 618 853 115 706 834 208 1000 699 510 594 283 887 785 774 1103 47 497 193 716 886 1122 280 312 373 703 836 459 518 859 202 213 146 788 236 391 282 259 171 40 817 442 706 723 710 628 100 854 110 588 684 673 648 1051 818 58 52 939 608 63 570 94 813 759 955 589 427 484 611 589 723 802 1093 681 138 683 71 121 921 616 605 514 482 912 521 805 421 383 105 693 556 850 317 382 899 129 533 617 614 827 191 964 495 537 667 793 952 420 120 697 822 516 1167 806 580 518 598 856 490 808 613 67 486 475 828 644 1026 455 643 620 341 926 641 561 407 786 276 403 469 225 653 371 791 303 755 882 885 857 358 524 778 33 388 850 605 787 1157 699 243 679 762 46 581 1064 161 512 861 129 935 440 343 426 317 876 654 523 133 981 872 497 833 316 318 635 828 558 252 1116 1030 470 803 192 229 854 850 787 70 478 653 263 550 780 678 260 537 619 637 647 729 667 405 359 822 708 724 306 260 674 554 112 378 312 827 471 841 675 974 844 818 747 128 858 155 551 680 996 38 842 716 694 854 840 566 650 720 105 831 542 434 559 681 730 475 251 721 688 528 987 838 1043 221 631 758 937 918 295 865 1083 804 933 750 301 667 730 756 307 665 434 274 737 283 985 760 461 546 817 842 248 711 827 266 469
400 777 236 713 470 916 130 898 426 834 435 0 247 752 359 831 610 626 547 288 251 178 324 272 264 733 717 723 411 196 845 398 861 182 410 788 855 324 804 924 675 172 635 802 817 499 664 419 502 274 422 269 857 756 743 644 455 671 819 954 844 402 188 242 282 764 869 503 191 175 579 434 562 95 447 281 277 363 827 531 679 247 390 432 425 383 413 759 602 668 779 468 419 542 786 261 238 226 772 489 483 385 850 602 417 770 378 406 560 722 158 268 510 188 156 391 384 902 781 413 248 474 423 554 196 656 320 562 802 707 378 655 166 330 349 501 743 119 86 682 560 766 490 179 428 544 701 178 180 309 816 846 31 528 514 399 489 948 991 800 327 399 421 633 729 679 492 500 57 602 211 797 543 217 742 165 684 350 278 47 965 544 576 280 591 677 72 360 410 559 771 561 529 409 498 554 409 205 443 274 487 947 270 559 417 332 392 716 811 441 84 466 307 736 655 101 458 128 751 841 308 566 703 486 233 960 144 569 613 962 319 188 856 831 703 449 303 497 879 566 356 395 516 355 526 276 350 350 243 102 248 838 798 612 565 693 227 741 288 724 222 175 276 231 528 419 122 782 383 406 519 869 698 805 333 553 644 388 793 695 798 422 538 679 886 855 725 151 779 661 414 937 388 651 554 777 761 107 189 595 263 665 754 710 796 601 632 322 885 648 230 714 858 693 670 619 247 414 900 350 131 567 416 606 312 518 687 917 659 173 727 832 186 723 451 182 135
257 701 87 597 579 685 149 851 605 803 631 247 0 737 328 795 362 384 582 476 84 288 182 205 366 565 718 646 309 206 630 154 795 68 463 828 742 433 837 698 506 96 740 743 733 649 620 335 667 155 206 429 678 702 790 607 542 470 742 946 614 610 144 450 184 605 641 597 323 265 449 204 576 156 231 438 429 593 753 651 766 367 488 569 610 253 405 702 469 571 775 634 322 741 807 107 181 94 537 248 668 579 700 541 630 796 596 183 384 508 140 271 496 101 147 157 183 697 748 564 172 684 649 307 270 617 246 563 645 734 204 718 253 528 113 438 596 350 256 480 761 810 382 201 195 687 475 142 95 70 734 688 240 740 359 211 450 729 983 832 250 272 319 650 600 644 676 482 258 403 146 580 554 108 728 292 469 162 148 294 955 648 624 245 731 617 278 309 485 386 618 318 287 453 456 363 613 263 220 87 259 732 137 682 229 295 585 713 584 583 172 230 516 538 707 343 468 320 591 849 224 765 471 244 174 920 388 658 540 927 202 383 625 626 757 203 538 613 791 339 207 576 507 158 632 158 309 127 382 199 24 855 791 479 452 777 299 608 110 642 338 386 46 104 737 452 343 665 351 280 381 709 534 704 127 758 447 535 838 627 596 629 303 583 892 756 574 104 762 555 637 888 303 705 507 742 691 316 385 460 118 673 539 554 572 747 569 231 754 422 350 544 640 550 446 477 354 234 892 128 336 456 414 727 146 614 448 899 701 85 592 730 397 648 205 367 162
992 184 651 310 389 832 670 169 570 91 628 752 737 0 414 96 832 772 225 600 652 574 920 929 499 476 54 190 437 893 702 728 184 715 351 186 318 463 170 802 473 682 356 138 218 488 131 1071 533 888 903 555 550 118 190 135 357 582 195 209 787 661 623 650 915 450 791 347 571 576 381 878 193 759 920 546 539 746 192 400 305 524 409 461 589 990 344 127 381 263 48 531 1059 666 125 843 897 819 783 726 596 613 440 214 687 130 698 877 504 648 817 495 245 803 821 687 901 680 59 497 895 692 746 855 929 128 491 189 448 127 934 231 586 622 696 303 408 711 667 591 679 188 385 879 867 466 699 632 675 708 212 468 720 720 466 933 286 775 246 164 486 481 1056 139 349 101 595 258 808 570 858 688 210 828 9 590 643 605 589 768 218 358 224 503 463 159 690 1038 369 498 432 752 744 348 281 547 649 548 904 652 665 756 872 407 573 1018 611 47 751 468 769 877 654 585 204 739 293 651 448 126 513 675 733 865 575 214 754 317 231 213 536 634 797 646 204 760 753 399 254 669 943 572 237 617 367 578 1034 666 542 819 712 144 56 377 347 299 524 360 847 206 540 665 778 636 707 335 691 314 389 1016 425 483 460 267 853 696 566 492 204 173 622 663 698 258 161 277 415 765 27 291 727 204 435 210 233 63 166 855 635 388 853 100 666 432 727 486 197 965 394 683 536 478 722 392 680 401 516 559 154 840 666 342 338 404 882 345 771 166 177 697 368 280 663 185 816 621 653
585 417 241 363 307 704 259 545 417 488 467 359 328 414 0 483 530 499 258 343 245 203 510 515 181 424 391 363 106 479 599 360 503 301 163 501 500 210 509 696 374 268 445 444 458 412 310 659 447 476 514 278 551 400 464 292 256 419 459 623 637 470 209 363 502 443 655 308 221 193 251 497 248 349 535 278 266 509 468 378 457 206 227 332 431 582 78 402 273 312 450 420 648 562 479 431 483 406 590 397 476 422 515 242 498 467 483 488 292 488 403 91 169 389 408 322 504 631 433 346 480 536 543 521 520 303 86 235 475 405 531 398 198 393 314 141 413 359 282 432 581 484 158 466 485 434 500 218 261 313 456 519 328 587 230 534 133 701 660 503 84 138 646 322 386 329 482 156 412 362 443 559 225 414 405 221 460 229 184 387 632 361 302 89 470 318 313 623 200 288 444 452 429 148 140 313 465 158 520 250 350 692 460 408 236 604 425 387 598 347 360 505 405 469 384 380 141 294 431 522 107 582 521 502 161 611 410 358 254 615 141 311 650 566 433 406 483 343 520 398 536 397 179 243 349 172 620 287 233 411 304 526 466 281 224 466 153 399 439 365 199 339 372 225 579 139 339 430 24 608 211 542 390 448 452 588 391 319 512 336 531 484 401 323 565 497 398 350 440 309 525 584 76 383 197 428 402 466 313 269 441 344 519 390 577 491 273 552 538 457 204 409 617 363 470 297 187 222 568 443 314 224 88 447 474 324 532 579 376 283 389 475 342 363 452 292 243
1046 147 712 296 485 810 742 72 666 17 724 831 795 96 483 0 852 787 319 693 712 656 977 993 586 459 150 181 488 962 680 770 102 780 439 251 260 553 228 776 468 749 447 85 163 584 175 1131 630 949 949 646 514 102 268 190 452 582 137 171 771 757 691 743 977 426 772 444 656 656 400 921 283 832 965 638 630 841 129 496 393 612 502 557 685 1047 418 107 394 267 110 628 1117 762 188 903 962 882 777 757 692 709 395 255 783 200 794 923 522 641 885 569 321 868 890 729 951 646 50 593 959 789 842 884 1002 179 553 274 415 216 987 323 665 717 743 357 386 798 748 589 775 260 425 949 910 561 699 701 741 760 157 427 800 816 494 983 350 743 202 223 548 530 1114 235 330 153 691 331 887 581 923 672 298 892 104 672 642 654 648 851 175 454 321 572 557 182 773 1101 461 516 405 775 770 435 343 565 745 626 948 709 695 722 932 502 613 1083 707 143 737 565 843 916 748 573 297 825 375 737 426 152 574 770 735 902 642 128 842 413 262 132 593 723 780 622 291 796 848 495 180 687 999 668 314 664 464 638 1099 713 630 893 771 179 96 388 373 385 605 338 904 194 626 754 834 698 803 420 777 279 458 1072 455 438 451 221 906 791 570 587 268 181 601 760 721 259 163 214 398 832 76 294 824 109 492 303 289 54 138 936 724 402 913 197 656 419 714 579 230 1026 336 690 622 465 699 382 684 409 601 600 126 891 752 368 415 497 939 441 777 115 271 764 350 225 752 177 855 709 725
403 716 392 569 836 367 497 883 916 866 954 610 362 832 530 852 0 77 768 803 377 608 399 476 660 444 838 672 439 526 368 213 808 428 693 981 688 716 979 395 404 445 973 775 728 934 701 509 963 422 269 746 502 749 954 700 787 300 748 1023 306 941 463 790 445 491 335 839 644 583 453 232 740 519 260 752 741 941 760 908 978 672 752 851 926 421 597 745 457 585 880 932 486 1061 939 394 476 415 222 136 979 903 584 619 965 934 936 262 330 281 487 533 649 445 493 232 310 453 817 858 460 1015 993 80 595 705 455 715 528 883 353 909 575 858 267 551 510 706 606 300 1080 969 457 530 228 961 214 468 439 302 731 557 600 1070 367 327 588 443 1054 973 453 396 479 803 548 731 987 635 619 275 464 324 719 431 826 618 253 314 392 657 1028 891 815 492 999 677 633 532 730 336 513 81 100 679 588 286 942 565 247 353 180 455 409 938 294 538 908 829 291 866 534 195 853 350 889 702 656 666 482 959 440 1083 186 163 456 955 747 886 601 967 402 723 314 396 933 160 891 873 769 164 390 890 662 302 880 404 541 277 694 555 362 974 888 464 485 985 595 548 367 660 647 733 341 406 1065 668 695 619 541 433 408 570 431 677 323 1082 299 829 995 671 379 959 136 594 993 722 489 465 852 558 979 913 460 890 614 809 717 675 725 449 400 809 297 464 292 1020 635 461 661 186 659 427 368 488 206 444 654 308 973 295 684 490 608 977 372 854 135 967 873 440 531 695 742 676 170 703 504
465 648 397 500 806 310 506 815 900 801 942 626 384 772 499 787 77 0 725 795 381 601 451 524 644 368 781 606 401 566 295 230 738 445 661 927 613 696 924 333 331 456 935 708 658 910 641 572 941 467 328 735 424 684 904 642 755 224 678 958 245 933 464 788 493 415 273 805 637 578 391 290 693 540 323 740 728 941 690 877 936 659 726 828 911 481 560 680 393 520 821 912 549 1046 883 434 520 450 161 136 962 892 507 562 958 879 932 317 268 203 518 515 603 476 524 235 365 379 754 837 504 1006 990 150 635 647 431 666 451 831 410 864 570 850 277 502 435 714 612 223 1066 917 408 567 284 934 137 471 449 317 661 480 613 1060 313 387 541 377 989 918 429 361 543 753 476 672 969 590 642 206 502 249 674 467 767 614 175 302 384 674 963 857 771 473 969 615 641 589 700 274 437 65 97 646 541 226 932 556 309 357 154 387 453 907 265 593 896 773 223 843 556 256 849 272 843 714 616 668 406 899 420 1068 112 225 449 886 758 849 541 898 383 721 254 319 885 185 894 843 697 106 446 875 616 291 847 394 598 279 682 583 379 916 828 399 426 942 582 475 409 594 637 734 372 408 1054 634 701 546 507 495 353 492 357 606 369 1069 225 809 943 607 302 950 99 528 932 649 416 489 791 492 975 844 425 844 562 746 651 700 723 386 441 756 220 390 221 991 575 515 585 109 647 352 297 416 128 377 640 278 910 340 687 431 572 943 420 820 68 902 825 453 458 622 743 610 217 701 510
838 340 495 389 173 868 485 392 354 316 413 547 582 225 258 319 768 725 0 374 501 368 761 756 285 527 179 308 330 708 745 616 387 546 136 247 470 240 260 848 498 509 220 328 385 287 208 905 332 723 772 330 635 286 207 185 133 586 372 411 809 442 449 425 747 521 821 137 359 375 371 755 49 570 794 321 315 522 375 207 211 307 183 242 373 833 181 293 384 324 240 323 896 468 239 681 721 653 781 642 389 392 552 221 469 224 476 747 473 658 635 315 123 630 639 577 761 749 273 277 722 481 527 770 734 194 345 79 537 160 787 142 387 398 572 226 480 493 461 597 484 228 319 692 744 278 691 456 504 571 381 571 516 515 416 791 184 836 448 255 343 375 894 89 428 200 390 135 604 548 682 717 57 658 216 381 640 485 442 557 422 170 46 337 293 246 481 863 145 467 511 687 670 139 186 508 430 353 779 507 588 821 708 227 478 840 391 181 770 252 577 763 428 613 126 522 117 436 513 295 366 481 719 758 408 439 533 141 251 437 399 412 821 697 174 659 528 193 440 618 789 352 111 498 171 429 857 544 322 625 559 291 260 386 329 217 323 442 691 319 327 443 628 478 503 133 473 430 239 860 379 591 499 411 708 498 562 269 256 274 666 446 633 327 340 443 476 586 251 342 508 429 313 125 186 272 318 645 413 386 690 126 684 482 746 318 236 797 536 659 321 520 765 442 665 411 302 463 359 701 448 325 170 246 727 142 743 381 119 525 441 433 440 304 708 401 467
681 690 416 684 230 1038 327 766 137 691 155 288 476 600 343 693 803 795 374 0 431 196 603 558 163 767 552 646 445 484 939 595 753 410 264 575 803 150 597 1034 718 379 378 693 736 217 558 707 214 554 678 65 893 648 528 534 245 759 728 776 969 138 343 59 565 782 989 273 159 220 592 680 411 366 704 66 78 167 733 271 433 140 191 169 138 667 340 653 614 624 612 182 707 265 591 530 524 494 912 669 196 103 846 528 162 574 140 658 632 824 438 287 406 458 438 572 647 974 646 139 533 211 200 768 478 546 376 426 812 515 651 434 229 54 540 457 749 177 228 771 284 552 501 468 672 265 827 341 381 513 732 854 270 267 571 668 423 1042 811 594 381 463 708 462 714 560 205 404 334 697 493 898 399 490 591 186 793 493 412 268 787 297 383 327 311 586 220 648 234 628 781 736 707 273 432 646 138 239 695 452 641 1035 546 293 536 620 109 555 931 172 361 706 62 811 444 207 344 164 771 655 381 289 842 717 347 814 193 332 551 811 415 100 981 909 486 650 155 244 796 708 635 107 405 504 279 401 637 526 115 390 464 644 632 621 561 448 214 728 553 653 159 115 518 401 263 292 167 744 354 691 555 877 733 745 592 282 730 124 575 612 874 155 696 632 699 788 736 412 625 629 183 803 414 439 477 644 670 346 99 610 535 500 857 731 911 318 555 609 855 779 149 752 956 700 796 639 160 526 726 601 157 559 335 338 583 284 842 752 458 391 720 771 105 643 672 111 314
340 620 15 522 508 665 124 768 552 720 584 251 84 652 245 712 377 381 501 431 0 235 267 284 303 505 634 566 227 270 596 165 714 86 385 746 668 367 754 673 446 79 666 661 654 587 537 419 609 237 276 377 623 619 708 523 468 425 662 862 593 568 87 414 265 542 618 523 272 211 376 265 493 179 299 385 374 564 673 581 689 309 418 505 560 337 323 619 397 493 691 576 406 693 724 190 256 171 522 246 615 533 635 458 591 712 560 251 325 472 195 194 412 166 202 146 260 656 664 504 250 642 617 336 328 533 162 479 582 651 286 638 201 485 110 355 529 332 230 436 713 728 302 262 255 621 449 91 70 83 654 626 233 698 291 290 366 698 899 749 166 194 403 567 528 560 623 399 278 356 218 547 471 183 644 244 434 103 64 297 871 575 543 164 664 535 259 390 410 326 553 317 286 374 371 311 569 200 286 24 236 698 220 612 172 375 538 629 560 519 195 283 478 492 626 332 385 289 528 765 140 716 453 290 98 837 376 583 458 843 119 346 605 585 675 219 514 543 713 315 291 524 423 105 560 74 389 102 327 237 59 771 707 407 375 700 234 537 194 562 281 356 127 30 694 372 320 591 268 364 308 647 472 627 207 712 400 475 756 545 553 586 289 504 808 679 508 145 678 478 603 806 220 625 423 658 610 340 348 388 201 589 505 489 545 682 486 314 684 396 293 485 608 482 419 407 293 173 807 201 307 378 332 656 230 540 438 815 619 82 522 653 365 567 243 327 129
517 612 221 566 307 856 145 724 317 658 348 178 288 574 203 656 608 601 368 196 235 0 436 409 91 616 538 560 283 349 766 399 692 227 232 611 702 157 626 856 562 192 474 631 654 363 492 562 379 390 494 142 743 586 566 472 283 585 653 776 786 333 149 187 408 639 808 335 36 24 448 491 384 213 519 150 141 341 661 376 512 82 221 285 324 506 242 589 471 515 601 346 557 457 607 358 374 324 725 473 381 297 716 437 357 592 330 471 461 646 285 117 336 292 287 376 467 809 606 277 378 407 388 572 368 484 199 385 674 528 477 481 35 250 345 342 612 156 93 597 477 590 354 333 482 403 642 147 192 318 652 718 147 463 405 491 323 870 813 622 205 289 557 454 589 505 389 327 235 519 338 721 364 323 565 18 613 299 217 194 786 381 398 149 448 509 116 512 234 459 643 541 512 230 332 468 334 50 508 256 448 865 380 405 348 486 302 538 749 298 216 514 247 643 479 177 281 91 627 662 198 481 654 524 152 784 207 401 452 785 227 123 798 741 528 454 301 339 717 518 468 289 341 310 364 207 504 330 93 260 273 659 619 480 425 525 51 601 378 563 52 144 332 205 458 240 136 633 223 532 397 741 581 649 411 476 556 249 617 530 707 351 503 525 707 697 596 245 601 512 373 763 254 475 387 602 595 280 125 465 365 486 679 586 730 463 467 457 741 592 64 599 781 562 611 492 74 339 722 415 112 425 243 452 411 352 651 739 481 206 590 676 150 559 478 102 129
80 879 269 767 741 761 291 1032 739 986 755 324 182 920 510 977 399 451 761 603 267 436 0 81 524 713 901 825 489 154 734 256 974 217 637 1008 911 592 1018 784 657 254 906 923 909 798 802 154 809 49 136 568 816 883 969 790 710 599 920 1129 695 725 313 563 53 757 723 765 467 417 619 168 758 237 154 579 572 687 931 811 937 519 652 722 741 71 587 882 637 747 958 776 139 864 989 80 97 112 612 336 799 704 855 722 741 977 702 137 537 620 166 446 679 145 167 285 91 811 930 711 82 797 747 321 214 800 429 745 798 915 60 894 404 650 252 620 754 444 375 606 882 990 559 165 170 839 571 307 258 223 910 839 335 852 524 87 633 825 1166 1013 433 450 136 832 766 827 808 665 300 537 113 685 735 113 911 435 582 331 331 362 1138 813 801 424 885 798 384 144 655 540 773 391 364 628 638 507 731 424 160 268 376 832 56 842 389 143 710 896 672 734 243 206 630 665 885 425 649 438 744 1032 407 888 557 237 352 1102 465 828 720 1108 384 503 705 743 934 275 625 774 966 447 32 709 690 323 797 341 150 279 527 228 207 1037 974 647 627 949 460 772 73 820 489 496 143 285 851 629 444 833 534 98 551 859 686 877 87 876 580 683 1018 807 717 745 402 758 1075 929 732 192 945 729 739 1069 485 883 689 924 870 336 504 628 72 855 647 710 666 899 750 65 915 523 501 693 740 712 548 641 510 398 1075 114 447 631 595 888 39 781 519 1082 880 238 756 901 507 826 233 491 309
135 904 282 802 717 834 271 1051 696 1000 707 272 205 929 515 993 476 524 756 558 284 409 81 0 500 763 906 850 511 81 801 315 998 213 626 1004 947 567 1015 856 705 247 884 944 938 763 818 153 770 57 217 531 871 902 962 803 691 657 946 1139 768 674 308 514 31 805 795 744 436 393 654 248 758 197 236 543 537 627 957 785 920 491 630 691 696 115 589 903 674 776 965 737 149 814 989 102 35 112 685 402 754 657 902 741 687 976 647 216 583 684 124 441 684 126 123 338 172 875 945 676 34 744 689 400 134 814 440 748 846 913 140 882 380 602 299 637 798 390 335 665 832 984 586 96 249 807 639 300 254 263 938 888 288 797 563 168 644 894 1176 1010 445 476 149 832 805 840 763 671 237 592 73 752 735 101 920 405 645 366 347 303 1148 791 793 426 853 818 338 108 638 586 819 462 433 619 650 558 681 407 241 292 435 900 74 814 431 91 664 902 743 702 198 287 579 724 876 368 648 395 792 1036 418 838 627 316 354 1120 405 809 742 1125 402 458 777 806 926 342 564 748 996 510 105 666 694 360 774 355 105 322 495 170 228 1039 982 684 657 932 441 812 118 846 462 447 179 294 798 622 394 870 539 136 586 908 734 909 155 824 636 650 1012 829 778 693 467 787 1080 961 777 169 955 760 682 1089 502 874 704 939 894 264 459 665 91 858 712 755 735 865 770 50 957 589 473 743 808 754 614 681 484 437 1084 183 401 661 596 861 104 761 592 1094 874 232 796 935 458 851 307 449 290
604 557 290 532 217 877 232 656 256 586 298 264 366 499 181 586 660 644 285 163 303 91 524 500 0 606 460 508 282 440 777 460 631 310 149 523 659 67 539 872 555 274 384 570 601 283 431 653 306 479 572 97 732 524 478 408 192 596 598 696 808 294 222 183 498 622 828 244 74 107 431 567 306 304 597 99 86 328 604 287 421 27 130 202 266 594 190 528 453 475 522 274 648 401 523 445 465 411 754 524 319 249 690 386 321 507 303 549 469 662 375 129 273 381 377 431 549 811 536 201 469 364 363 633 457 420 216 312 653 443 563 391 120 214 406 303 591 212 179 608 421 501 339 424 557 320 667 224 272 386 599 697 235 417 408 574 275 879 733 535 220 302 647 373 559 440 326 267 321 535 428 735 289 412 490 100 631 346 268 272 706 290 312 171 364 453 196 603 145 465 622 588 561 151 284 484 291 103 585 321 490 872 468 317 381 577 253 460 770 216 307 586 224 648 390 239 213 152 611 580 224 424 683 593 207 712 257 309 406 713 260 141 821 745 439 514 304 250 663 552 555 231 275 358 273 256 595 387 52 351 349 575 541 461 402 434 68 573 463 513 42 172 412 273 411 165 191 595 193 620 392 719 571 603 492 424 567 172 528 476 711 310 545 484 625 649 577 334 526 477 346 694 251 387 335 533 538 360 143 449 452 407 694 570 749 381 416 547 706 620 36 590 794 542 636 478 17 369 642 495 166 401 187 363 497 261 687 662 394 289 564 630 173 506 545 125 215
759 311 515 166 671 357 605 470 823 476 878 733 565 476 424 459 444 368 527 767 505 616 713 763 606 0 504 286 333 770 227 459 389 591 536 656 247 625 644 329 59 578 745 374 308 790 361 862 833 707 630 702 126 365 647 373 617 143 332 627 312 888 545 788 737 47 315 651 641 600 175 594 481 681 637 701 689 934 343 726 722 631 620 721 839 768 435 358 154 217 523 812 842 962 600 661 744 658 321 398 876 838 145 308 916 601 905 610 181 187 699 499 412 665 705 428 652 221 439 745 733 949 965 500 832 371 420 450 86 571 697 641 600 815 464 323 73 769 676 145 980 653 266 764 584 796 252 556 568 500 312 125 707 996 218 682 365 310 653 639 413 334 837 512 129 388 880 405 774 182 712 213 470 673 473 634 198 405 459 773 629 693 567 469 817 322 709 857 579 179 69 381 391 521 359 206 881 566 619 487 344 294 689 750 336 850 840 493 278 735 697 573 830 114 613 784 459 706 38 596 428 979 288 549 500 538 820 669 279 552 414 734 322 173 642 456 908 702 336 294 723 808 422 407 690 458 861 441 658 741 545 618 524 149 210 723 572 121 648 271 623 759 584 513 986 502 750 188 413 789 219 145 35 250 627 990 146 723 674 303 146 900 340 219 619 287 61 650 486 192 947 493 361 617 340 431 321 835 736 157 671 499 197 45 254 842 303 776 218 259 628 20 247 86 245 128 612 332 586 602 727 213 443 773 675 661 338 570 589 586 109 261 764 291 515 713 597
974 229 631 340 337 861 642 222 517 143 575 717 718 54 391 150 838 781 179 552 634 538 901 906 460 504 0 225 426 865 731 721 238 692 310 152 365 419 143 832 495 658 302 189 266 434 145 1051 479 867 892 509 587 162 146 139 308 601 245 237 812 609 598 604 893 482 818 295 533 542 393 869 154 730 910 500 494 695 243 345 253 484 362 409 536 972 317 171 395 287 62 478 1039 611 101 823 873 798 803 726 542 561 480 219 634 98 647 866 514 669 790 467 221 779 795 680 888 714 113 445 871 638 693 856 898 137 472 157 484 75 918 177 553 573 685 295 439 670 631 611 625 149 383 851 857 411 717 606 651 694 261 508 686 665 470 919 271 808 274 138 468 472 1037 90 380 115 541 235 774 583 833 714 174 805 48 553 661 595 571 731 247 304 172 479 408 181 654 1014 324 507 465 757 746 309 266 555 596 516 894 636 666 790 851 352 568 993 559 10 775 416 739 870 604 610 149 699 261 612 478 131 494 620 750 860 551 261 712 263 242 259 520 591 823 676 154 756 705 345 307 676 926 520 211 607 313 560 1010 655 500 788 694 139 81 393 355 248 490 393 829 240 502 622 761 616 652 298 650 353 367 998 429 523 485 312 838 641 583 441 170 202 650 611 702 284 174 326 444 739 75 314 675 255 421 155 226 116 208 818 592 401 832 53 689 459 751 431 209 943 440 696 496 504 751 418 696 418 476 554 183 827 625 350 310 349 864 292 785 202 123 673 399 326 619 220 811 579 625
889 55 568 120 478 642 617 214 655 196 714 723 646 190 363 181 672 606 308 646 566 560 825 850 508 286 225 0 338 829 512 602 148 642 382 374 162 496 360 612 289 614 503 104 94 594 100 980 640 801 783 588 361 80 371 123 431 402 97 352 598 738 561 685 831 259 601 445 569 554 223 754 259 707 798 582 572 808 107 514 466 536 462 544 674 892 320 74 215 87 237 629 964 776 316 754 821 737 599 582 695 687 257 122 766 319 767 759 343 463 751 455 239 729 757 563 790 490 153 576 816 784 822 706 876 114 417 232 259 298 828 385 560 681 581 222 217 713 645 409 792 374 265 817 743 585 519 572 606 603 92 283 692 822 320 822 236 585 382 355 411 374 960 258 158 118 697 242 776 400 783 499 259 749 189 578 462 495 503 750 356 475 334 447 595 62 674 956 417 337 241 596 592 372 227 386 728 521 780 559 519 566 784 531 446 941 687 214 563 555 719 746 706 397 356 737 301 649 257 309 436 789 555 729 510 286 762 441 110 296 447 650 608 456 374 625 800 501 156 507 844 649 240 504 478 495 955 551 559 769 622 332 238 208 201 464 508 169 752 15 542 681 682 557 810 353 692 130 340 917 283 299 273 103 749 805 389 562 392 34 432 745 543 78 334 142 225 698 200 113 803 248 350 360 173 145 46 830 652 223 764 234 479 243 539 620 92 878 228 509 542 290 532 204 503 228 521 434 305 731 667 197 321 542 786 450 596 296 329 628 178 127 681 5 684 633 603
558 393 230 304 407 598 290 542 523 497 572 411 309 437 106 488 439 401 330 445 227 283 489 511 282 333 426 338 0 492 495 294 486 304 261 556 449 316 559 591 278 279 534 434 427 516 314 644 552 464 466 379 459 393 524 303 355 314 435 645 531 574 231 459 493 357 549 404 309 267 168 442 306 377 484 380 368 609 445 476 539 305 332 437 537 558 159 393 191 268 479 525 629 668 523 416 483 399 484 312 582 527 439 232 602 514 585 440 187 382 415 166 216 391 421 254 465 530 442 452 477 641 645 441 543 312 90 284 393 457 499 472 268 496 259 133 333 437 347 327 688 541 79 481 431 536 395 242 270 272 427 438 382 693 126 496 157 597 680 553 83 46 626 374 318 339 588 201 458 256 445 454 284 410 429 301 353 168 164 447 652 456 376 136 569 309 379 618 301 183 362 359 340 246 160 207 570 233 467 221 258 590 446 506 148 602 530 420 492 452 391 443 506 366 453 452 216 373 345 556 104 688 416 435 181 612 488 448 231 619 109 402 544 464 499 332 578 443 487 297 511 502 228 180 446 157 616 229 331 440 284 566 493 201 155 546 240 329 416 335 293 426 346 219 684 232 417 374 107 584 114 461 297 404 418 694 286 426 569 318 429 589 306 279 597 456 316 362 461 255 628 579 30 453 203 435 382 517 404 185 427 388 414 303 471 592 260 540 475 352 300 315 512 283 365 211 285 133 590 404 394 157 170 542 451 419 430 595 439 291 316 431 431 339 385 381 279
