94
0 393 839 746 511 441 634 541 569 451 692 704 675 193 451 700 790 518 19 319 668 396 665 814 514 429 244 428 572 184 256 735 694 269 529 693 836 513 77 563 309 681 614 772 685 581 581 495 380 882 228 529 668 350 251 924 646 610 755 473 423 576 318 479 272 816 691 211 648 846 582 588 410 756 583 376 31 1081 618 640 767 946 876 342 99 398 250 221 475 425 245 1066 544 487
393 0 856 847 737 703 403 640 730 700 331 313 511 573 487 519 718 149 403 625 563 455 672 820 278 240 636 565 352 412 155 455 309 659 163 779 629 591 340 736 406 712 683 905 905 412 764 751 666 679 615 366 399 87 611 676 269 452 395 599 380 183 456 697 643 981 335 198 428 983 205 506 645 778 823 576 362 872 285 752 840 774 984 648 466 56 632 291 382 627 621 860 712 100
839 856 0 185 466 546 552 305 347 521 815 947 425 810 399 444 205 808 825 645 330 451 186 40 612 618 879 418 561 655 888 629 902 878 995 181 478 326 882 365 537 158 229 253 448 482 374 528 600 474 847 509 612 914 757 586 853 449 828 376 482 904 521 463 792 340 800 768 530 284 836 358 513 83 487 494 840 556 737 244 126 418 226 642 784 802 826 662 474 467 802 541 367 923
746 847 185 0 302 388 621 214 192 364 877 996 511 681 360 538 343 831 730 504 412 398 219 199 645 626 742 320 612 564 846 719 954 737 1000 69 608 258 801 206 471 170 164 81 263 535 206 360 450 616 712 544 687 890 620 725 901 512 903 275 469 931 439 309 650 178 864 721 604 147 871 403 370 161 308 374 754 726 790 106 59 580 137 495 676 798 687 605 484 334 664 711 216 928
511 737 466 302 0 88 668 217 120 67 881 968 606 400 321 638 546 775 492 216 528 314 377 463 630 575 451 194 632 354 682 786 935 442 900 285 752 248 580 101 332 352 272 291 176 576 95 62 154 778 423 556 733 752 331 871 879 573 925 186 425 871 280 40 356 311 871 562 662 353 831 472 101 405 87 160 528 935 787 222 349 781 400 202 423 701 395 449 472 110 374 919 104 833
441 703 546 388 88 0 685 271 199 24 878 955 638 315 339 670 607 758 422 132 569 319 438 539 630 566 363 211 642 301 633 805 925 354 866 365 793 290 513 183 313 421 337 379 246 595 182 53 68 822 336 568 747 708 244 909 869 598 927 221 429 850 260 82 268 395 869 518 682 440 816 505 66 479 142 141 461 989 785 301 432 835 488 115 348 673 307 412 483 112 287 973 178 802
634 403 552 621 668 685 0 476 597 669 262 396 131 738 348 126 367 294 632 681 222 367 403 512 131 208 819 477 61 519 514 119 350 833 493 555 226 430 625 612 404 453 472 698 789 92 642 713 687 277 788 120 66 487 735 293 304 109 282 483 262 375 447 633 777 792 248 445 26 768 300 219 619 494 747 546 614 473 189 561 588 371 741 697 649 348 788 416 204 574 767 460 591 429
541 640 305 214 217 271 476 0 122 248 712 818 397 505 155 428 335 639 526 348 313 186 167 288 466 431 576 114 450 357 632 589 779 576 797 153 537 50 592 138 256 157 76 265 313 383 167 275 311 561 543 375 542 678 455 656 724 372 748 70 271 739 227 194 492 343 700 506 465 343 686 264 223 226 281 190 546 720 620 112 226 565 351 348 480 593 524 391 300 171 500 703 120 725
569 730 347 192 120 199 597 122 0 175 829 930 518 490 264 549 432 746 551 311 432 279 264 343 581 538 550 166 569 393 702 711 893 545 891 165 654 167 630 19 327 235 158 203 192 505 45 182 258 675 519 494 663 759 427 774 837 494 867 132 379 845 284 118 458 256 818 577 587 277 795 386 178 284 164 192 580 824 737 102 233 670 309 303 491 688 494 459 416 145 472 808 25 821
451 700 521 364 67 24 669 248 175 0 866 946 619 333 321 651 583 750 432 149 548 304 414 514 618 555 384 192 627 303 635 788 915 376 863 340 772 268 522 158 304 396 313 358 234 578 159 51 88 801 356 552 731 708 264 889 859 579 914 200 415 843 251 57 289 378 857 518 665 420 808 485 55 454 133 130 469 966 773 277 408 812 467 135 360 668 328 409 467 94 307 950 154 798
692 331 815 877 881 878 262 712 829 866 0 142 391 846 566 378 625 182 698 842 485 566 662 774 250 313 920 686 265 644 485 213 95 940 326 809 422 663 655 841 568 711 721 952 1021 341 871 916 864 465 894 337 205 414 865 416 76 369 64 703 455 189 620 842 903 1044 15 481 284 1024 129 474 813 755 965 737 665 626 93 808 848 575 1001 862 743 302 903 516 413 776 887 618 819 290
704 313 947 996 968 955 396 818 930 946 142 0 527 876 665 516 763 199 713 901 617 656 786 907 352 393 944 777 387 692 465 356 47 966 238 927 565 768 653 940 642 834 836 1068 1119 466 970 997 931 608 921 451 344 379 906 553 95 498 170 800 550 129 695 928 942 1157 157 499 420 1142 138 597 891 883 1054 816 674 762 209 920 971 717 1124 923 770 309 935 563 518 860 922 755 917 234
675 511 425 511 606 638 131 397 518 619 391 527 0 749 302 31 235 418 670 660 99 339 292 385 232 284 830 427 162 532 601 208 481 841 617 448 165 358 681 535 401 341 376 591 705 102 563 658 653 208 797 155 187 589 732 273 436 66 403 421 259 505 432 575 775 687 376 512 107 657 430 134 575 372 678 508 661 405 320 465 473 276 624 672 672 454 791 454 202 526 770 390 517 550
193 573 810 681 400 315 738 505 490 333 846 876 749 0 471 777 809 682 176 183 716 420 658 793 636 552 80 395 680 219 447 851 861 95 717 641 914 493 268 478 347 660 581 687 558 669 488 364 247 956 49 622 785 539 74 1016 810 689 906 435 490 752 325 378 80 711 842 377 747 752 747 636 312 732 453 315 223 1147 764 580 715 1001 796 200 106 567 59 333 550 348 53 1131 465 670
451 487 399 360 321 339 348 155 264 321 566 665 302 471 0 334 343 484 440 360 248 55 216 369 316 276 550 129 311 274 494 467 628 557 642 292 463 105 486 276 142 241 197 418 456 257 306 365 350 498 517 235 412 531 442 576 572 258 606 138 116 584 146 285 483 499 555 370 343 497 532 173 275 315 402 206 448 681 473 265 357 532 497 370 415 439 506 262 153 227 483 665 253 570
700 519 444 538 638 670 126 428 549 651 378 516 31 777 334 0 248 418 695 691 125 370 319 404 240 299 858 459 167 560 616 185 470 870 618 476 137 390 703 567 431 368 406 618 736 120 595 690 685 182 826 174 172 599 762 242 427 89 385 453 287 501 462 607 804 715 362 531 99 682 426 166 607 395 709 540 684 382 312 494 497 259 647 703 699 463 821 478 229 557 799 367 549 552
790 718 205 343 546 607 367 335 432 583 625 763 235 809 343 248 0 645 780 674 156 397 169 167 451 479 887 423 389 617 781 430 716 891 841 300 273 325 817 452 483 199 274 424 588 313 473 607 645 274 853 353 420 788 772 385 671 275 633 393 379 736 488 529 812 520 610 672 342 474 663 218 557 182 595 511 784 392 556 344 290 240 425 678 758 662 839 583 348 504 815 376 443 771
518 149 808 831 775 758 294 639 746 750 182 199 418 682 484 418 645 0 525 701 490 467 634 769 196 207 752 587 257 493 302 319 179 773 199 762 510 589 475 755 445 679 667 898 932 331 784 801 732 559 728 299 272 235 709 541 128 370 247 614 368 99 499 735 745 983 185 307 320 975 64 450 695 737 862 621 489 744 140 747 814 661 965 723 576 121 740 364 347 666 726 734 731 137
19 403 825 730 492 422 632 526 551 432 698 713 670 176 440 695 780 525 0 299 660 384 652 801 514 429 232 413 570 170 270 735 702 256 543 677 832 498 96 545 297 667 599 755 666 577 563 475 360 878 214 525 668 364 233 922 654 605 761 458 416 586 304 460 255 798 696 217 645 828 589 579 392 742 564 359 47 1076 622 624 751 939 858 322 80 406 235 217 468 407 229 1061 526 499
319 625 645 504 216 132 681 348 311 149 842 901 660 183 360 691 674 701 299 0 607 321 512 633 604 529 238 251 631 212 534 800 876 233 784 470 823 349 394 298 279 505 422 505 377 598 305 182 64 858 208 561 738 617 116 934 821 609 896 282 419 787 234 196 147 527 835 430 684 569 764 533 133 572 272 163 341 1039 751 407 542 887 614 24 222 603 183 339 478 178 160 1022 287 725
668 563 330 412 528 569 222 313 432 548 485 617 99 716 248 125 156 490 660 607 0 296 193 290 295 324 796 362 235 508 632 308 572 805 685 350 224 281 686 450 372 242 283 492 614 158 477 583 592 253 763 197 283 635 691 343 524 121 500 348 245 582 391 500 732 589 470 529 200 557 511 81 509 273 594 448 658 432 408 371 373 284 524 616 650 506 753 452 202 457 731 416 433 615
396 455 451 398 314 319 367 186 279 304 566 656 339 420 55 370 397 467 384 321 296 0 270 422 315 262 500 121 323 219 448 487 621 508 614 333 503 140 432 287 87 292 240 451 464 280 316 351 320 541 467 249 428 492 395 613 565 288 611 147 111 566 95 276 437 526 556 324 366 529 519 217 253 367 400 178 393 728 472 298 401 581 536 334 361 410 457 212 164 211 435 712 263 543
665 672 186 219 377 438 403 167 264 414 662 786 292 658 216 319 169 634 652 512 193 270 0 154 440 437 733 264 399 483 702 500 743 735 815 157 401 165 702 284 357 49 106 299 432 321 306 437 478 416 699 337 468 728 615 520 691 294 685 229 296 732 349 359 653 395 648 582 385 365 667 188 390 105 429 350 663 559 578 184 185 405 338 514 619 619 682 477 291 338 659 543 274 743
814 820 40 199 463 539 512 288 343 514 774 907 385 793 369 404 167 769 801 633 290 422 154 0 573 581 864 399 522 631 855 589 862 864 957 181 441 304 855 362 509 134 212 273 460 442 374 525 590 439 831 470 571 879 743 551 813 409 788 358 448 865 496 457 779 365 760 736 490 312 796 319 503 61 491 478 815 530 697 241 140 389 259 631 763 765 811 632 437 455 788 515 361 885
514 278 612 645 630 630 131 466 581 618 250 352 232 636 316 240 451 196 514 604 295 315 440 573 0 85 714 436 73 420 383 221 313 731 389 575 356 416 499 592 326 487 484 715 772 137 623 666 620 407 685 103 154 359 642 421 258 177 296 454 205 292 375 592 683 804 240 317 153 791 226 254 565 542 715 489 492 604 157 567 623 497 775 623 540 222 688 304 165 526 670 591 569 320
429 240 618 626 575 566 208 431 538 555 313 393 284 552 276 299 479 207 429 529 324 262 437 581 85 0 630 383 146 338 316 305 360 647 378 557 426 381 417 548 255 479 462 691 727 182 578 605 550 476 601 130 239 310 561 501 303 220 366 407 160 307 307 535 601 775 306 237 226 768 257 265 501 542 661 425 408 675 222 539 612 559 761 549 455 184 605 219 145 467 587 662 524 305
244 636 879 742 451 363 819 576 550 384 920 944 830 80 550 858 887 752 232 238 796 500 733 864 714 630 0 469 760 300 501 931 930 25 774 706 995 568 313 537 428 732 652 742 597 749 543 407 296 1036 33 702 864 595 122 1097 880 770 981 506 571 817 405 434 95 757 916 445 828 803 816 717 371 802 493 385 276 1228 839 645 779 1081 851 248 176 635 55 410 631 412 77 1212 525 731
428 565 418 320 194 211 477 114 166 192 686 777 427 395 129 459 423 587 413 251 362 121 264 399 436 383 469 0 438 245 537 596 743 471 726 264 584 99 481 171 161 265 189 357 345 386 199 236 229 615 436 362 540 593 351 699 686 387 730 45 230 685 120 157 390 421 676 411 473 434 640 294 148 337 278 88 435 790 593 213 338 637 453 257 366 523 418 294 278 98 395 773 147 657
572 352 561 612 632 642 61 450 569 627 265 387 162 680 311 167 389 257 570 631 235 323 399 522 73 146 760 438 0 462 455 171 344 775 455 543 284 402 563 583 352 447 456 686 762 79 613 673 639 333 730 75 107 433 680 354 292 114 298 449 214 347 397 595 721 778 252 383 80 759 275 210 576 496 713 501 552 532 179 543 584 423 738 647 589 296 730 355 160 533 711 518 561 387
184 412 655 564 354 301 519 357 393 303 644 692 532 219 274 560 617 493 170 212 508 219 483 631 420 338 300 245 462 0 332 633 670 314 573 509 697 328 237 389 136 497 429 594 530 450 411 353 255 740 268 402 567 409 222 797 616 471 701 290 273 576 134 317 262 646 638 219 528 670 557 427 253 572 435 203 190 934 557 458 583 792 695 235 142 391 268 129 331 254 249 919 368 513
256 155 888 846 682 633 514 632 702 635 485 465 601 447 494 616 781 302 270 534 632 448 702 855 383 316 501 537 455 332 0 586 464 525 273 781 739 589 192 703 377 734 689 893 858 498 728 685 584 789 485 446 525 94 496 801 425 536 549 578 408 336 417 644 523 958 487 125 536 971 360 562 584 806 765 524 225 987 430 744 850 875 984 558 343 185 505 243 433 577 498 974 680 237
735 455 629 719 786 805 119 589 711 788 213 356 208 851 467 185 430 319 735 800 308 487 500 589 221 305 931 596 171 633 586 0 309 946 509 655 209 545 718 727 522 549 579 799 902 210 756 832 806 253 901 239 66 542 851 222 279 216 205 600 381 376 566 752 893 895 198 536 124 865 300 326 739 580 864 666 713 426 182 668 682 362 832 816 758 406 902 523 323 693 882 416 706 454
694 309 902 954 935 925 350 779 893 915 95 47 481 861 628 470 716 179 702 876 572 621 743 862 313 360 930 743 344 670 464 309 0 952 259 885 518 730 647 904 612 791 795 1027 1084 422 934 966 904 561 907 410 297 382 888 508 56 453 129 764 514 133 665 896 924 1117 110 485 374 1101 114 554 861 839 1021 785 664 718 165 880 928 670 1082 898 755 296 919 541 479 828 905 710 881 242
269 659 878 737 442 354 833 576 545 376 940 966 841 95 557 870 891 773 256 233 805 508 735 864 731 647 25 471 775 314 525 946 952 0 798 703 1006 570 338 531 439 733 652 734 584 763 535 396 288 1047 46 716 880 619 120 1109 902 782 1000 507 583 840 413 428 86 746 936 467 842 794 838 726 367 802 480 386 300 1237 858 641 776 1089 843 241 197 657 52 428 643 410 76 1221 520 755
529 163 995 1000 900 866 493 797 891 863 326 238 617 717 642 618 841 199 543 784 685 614 815 957 389 378 774 726 455 573 273 509 259 798 0 931 707 748 464 897 569 857 836 1061 1068 527 926 915 827 755 757 489 468 178 762 728 249 566 380 760 531 137 620 860 792 1140 336 354 519 1139 208 638 809 920 987 740 498 935 326 908 989 859 1137 808 612 204 777 454 523 790 768 925 873 72
693 779 181 69 285 365 555 153 165 340 809 927 448 641 292 476 300 762 677 470 350 333 157 181 575 557 706 264 543 509 781 655 885 703 931 0 554 192 744 183 408 109 95 143 289 468 194 346 421 566 675 475 620 823 584 673 832 445 836 219 400 861 380 283 617 239 796 656 538 215 801 335 336 127 311 328 698 690 722 63 74 540 205 465 627 729 652 542 414 294 629 675 186 859
836 629 478 608 752 793 226 537 654 772 422 565 165 914 463 137 273 510 832 823 224 503 401 441 356 426 995 584 284 697 739 209 518 1006 707 554 0 505 837 672 567 445 501 689 832 255 699 807 812 50 963 308 238 713 898 119 487 227 408 572 424 579 596 725 940 787 407 662 203 745 503 290 731 451 818 668 820 248 383 585 559 153 699 834 837 575 957 615 366 680 935 235 657 647
513 591 326 258 248 290 430 50 167 268 663 768 358 493 105 390 325 589 498 349 281 140 165 304 416 381 568 99 402 328 589 545 730 570 748 192 505 0 559 181 217 169 102 313 360 337 211 302 321 533 534 327 496 632 450 623 674 329 700 69 221 689 195 219 489 393 651 463 421 392 636 224 234 244 320 186 515 699 571 160 262 546 396 353 459 544 517 349 250 181 494 683 161 676
77 340 882 801 580 513 625 592 630 522 655 653 681 268 486 703 817 475 96 394 686 432 702 855 499 417 313 481 563 237 192 718 647 338 464 744 837 559 0 626 345 723 661 832 755 583 646 567 454 885 300 529 652 286 329 918 603 615 719 526 441 523 364 546 348 881 655 182 642 907 537 607 479 798 655 438 52 1085 587 695 818 956 933 417 176 353 324 234 486 488 321 1071 605 428
563 736 365 206 101 183 612 138 19 158 841 940 535 478 276 567 452 755 545 298 450 287 284 362 592 548 537 171 583 389 703 727 904 531 897 183 672 181 626 0 331 255 178 211 179 519 30 163 243 694 507 507 678 762 414 792 848 510 880 140 390 853 285 103 444 256 830 578 603 282 805 403 166 304 145 187 575 843 749 120 249 690 318 289 484 694 481 461 428 138 459 827 24 828
309 406 537 471 332 313 404 256 327 304 568 642 401 347 142 431 483 445 297 279 372 87 357 509 326 255 428 161 352 136 377 522 612 439 569 408 567 217 345 331 0 378 319 516 499 326 358 355 295 608 395 284 459 431 333 671 556 343 620 201 145 539 53 292 375 582 561 251 409 594 503 291 249 453 419 175 306 800 476 367 479 656 608 297 278 368 390 134 205 222 368 785 307 501
681 712 158 170 352 421 453 157 235 396 711 834 341 660 241 368 199 679 667 505 242 292 49 134 487 479 732 265 447 497 734 549 791 733 857 109 445 169 723 255 378 0 83 250 391 369 274 414 466 458 700 384 518 765 612 564 739 344 735 225 333 777 363 339 649 347 697 612 435 316 714 237 378 75 397 347 682 591 627 145 136 439 290 505 629 659 681 504 334 328 657 575 248 785
614 683 229 164 272 337 472 76 158 313 721 836 376 581 197 406 274 667 599 422 283 240 106 212 484 462 652 189 456 429 689 579 795 652 836 95 501 102 661 178 319 83 0 231 331 383 201 333 383 519 619 385 539 729 531 620 741 364 752 146 305 767 296 256 568 322 709 564 458 307 709 253 294 150 323 266 617 665 633 89 160 511 301 422 555 633 600 451 321 244 576 649 168 763
772 905 253 81 291 379 698 265 203 358 952 1068 591 687 418 618 424 898 755 505 492 451 299 273 715 691 742 357 686 594 893 799 1027 734 1061 143 689 313 832 211 516 250 231 0 206 611 199 342 446 697 713 617 764 943 621 806 973 589 980 314 532 998 478 309 647 97 939 767 682 78 940 479 376 241 274 395 783 803 864 153 134 659 109 493 695 858 686 650 552 349 665 788 228 989
685 905 448 263 176 246 789 313 192 234 1021 1119 705 558 456 736 588 932 666 377 614 464 432 460 772 727 597 345 762 530 858 902 1084 584 1068 289 832 360 755 179 499 391 331 206 0 697 149 194 313 848 573 687 856 925 485 951 1027 685 1060 319 569 1030 449 213 501 172 1010 736 779 233 984 576 277 414 105 333 703 979 929 247 322 829 300 358 594 866 542 622 608 281 524 964 202 1000
581 412 482 535 576 595 92 383 505 578 341 466 102 669 257 120 313 331 577 598 158 280 321 442 137 182 749 386 79 450 498 210 422 763 527 468 255 337 583 519 326 369 383 611 697 0 549 622 600 302 718 54 158 488 660 347 372 39 369 390 180 424 364 542 702 704 328 411 87 683 354 132 530 417 655 458 565 502 257 471 506 378 660 613 586 355 715 360 120 484 694 487 499 458
581 764 374 206 95 182 642 167 45 159 871 970 563 488 306 595 473 784 563 305 477 316 306 374 623 578 543 199 613 411 728 756 934 535 926 194 699 211 646 30 358 274 201 199 149 549 0 154 247 720 514 537 708 789 421 818 878 539 910 170 420 883 311 109 449 235 860 604 632 266 835 432 177 318 122 208 595 865 779 134 255 712 308 294 499 723 487 487 458 157 465 849 53 856
495 751 528 360 62 53 713 275 182 51 916 997 658 364 365 690 607 801 475 182 583 351 437 525 666 605 407 236 673 353 685 832 966 396 915 346 807 302 567 163 355 414 333 342 194 622 154 0 118 834 381 598 776 759 292 925 909 621 962 236 462 895 302 82 311 350 906 569 709 398 859 523 106 467 89 180 514 995 822 284 409 840 451 164 401 719 351 460 513 140 332 978 166 850
380 666 600 450 154 68 687 311 258 88 864 931 653 247 350 685 645 732 360 64 592 320 478 590 620 550 296 229 639 255 584 806 904 288 827 421 812 321 454 243 295 466 383 446 313 600 247 118 0 845 268 567 746 664 176 926 848 607 915 251 425 821 244 140 201 464 856 475 686 507 793 522 88 529 208 144 401 1019 772 358 491 866 555 47 284 640 240 376 482 140 219 1003 235 766
882 679 474 616 778 822 277 561 675 801 465 608 208 956 498 182 274 559 878 858 253 541 416 439 407 476 1036 615 333 740 789 253 561 1047 755 566 50 533 885 694 608 458 519 697 848 302 720 834 845 0 1004 355 287 764 937 112 532 272 447 601 467 627 635 752 978 794 451 711 253 748 550 325 763 456 840 701 867 200 430 601 564 109 698 868 880 625 997 661 410 711 975 185 680 696
228 615 847 712 423 336 788 543 519 356 894 921 797 49 517 826 853 728 214 208 763 467 699 831 685 601 33 436 730 268 485 901 907 46 757 675 963 534 300 507 395 700 619 713 573 718 514 381 268 1004 0 671 834 578 92 1065 856 738 954 474 539 796 371 405 72 731 890 422 797 776 793 684 341 770 468 353 260 1195 812 613 748 1048 822 220 151 612 32 382 599 381 49 1179 495 712
529 366 509 544 556 568 120 375 494 552 337 451 155 622 235 174 353 299 525 561 197 249 337 470 103 130 702 362 75 402 446 239 410 716 489 475 308 327 529 507 284 384 385 617 687 54 537 598 567 355 671 0 179 440 616 397 356 90 372 373 142 396 326 520 658 707 324 357 125 691 329 151 502 438 637 428 512 555 247 471 521 431 673 577 536 309 670 308 85 458 649 541 485 419
668 399 612 687 733 747 66 542 663 731 205 344 187 785 412 172 420 272 668 738 283 428 468 571 154 239 864 540 107 567 525 66 297 880 468 620 238 496 652 678 459 518 539 764 856 158 708 776 746 287 834 179 0 486 786 277 257 175 217 548 320 341 504 697 828 859 190 470 82 833 265 285 681 556 813 607 646 474 146 628 653 391 805 754 692 348 836 456 264 637 816 462 657 409
350 87 914 890 752 708 487 678 759 708 414 379 589 539 531 599 788 235 364 617 635 492 728 879 359 310 595 593 433 409 94 542 382 619 178 823 713 632 286 762 431 765 729 943 925 488 789 759 664 764 578 440 486 0 587 763 348 528 478 631 432 250 477 712 615 1014 419 190 511 1022 286 572 655 834 836 591 319 958 373 791 888 857 1028 641 435 138 598 302 444 643 590 946 739 146
251 611 757 620 331 244 735 455 427 264 865 906 732 74 442 762 772 709 233 116 691 395 615 743 642 561 122 351 680 222 496 851 888 120 762 584 898 450 329 414 333 612 531 621 485 660 421 292 176 937 92 616 786 587 0 1004 835 676 923 387 479 785 301 312 42 640 860 413 742 684 773 613 249 681 380 265 280 1123 779 522 657 974 730 129 154 599 68 348 539 290 45 1107 403 711
924 676 586 725 871 909 293 656 774 889 416 553 273 1016 576 242 385 541 922 934 343 613 520 551 421 501 1097 699 354 797 801 222 508 1109 728 673 119 623 918 792 671 564 620 806 951 347 818 925 926 112 1065 397 277 763 1004 0 489 327 384 689 525 594 704 843 1046 903 402 738 276 859 519 404 847 566 937 782 906 209 403 705 675 200 810 946 933 625 1061 704 466 797 1040 202 776 676
646 269 853 901 879 869 304 724 837 859 76 95 436 810 572 427 671 128 654 821 524 565 691 813 258 303 880 686 292 616 425 279 56 902 249 832 487 674 603 848 556 739 741 973 1027 372 878 909 848 532 856 356 257 348 835 489 0 404 133 708 458 112 608 839 871 1062 88 436 329 1047 65 502 804 789 964 729 617 698 115 825 876 640 1029 842 704 249 867 487 423 771 853 690 824 216
610 452 449 512 573 598 109 372 494 579 369 498 66 689 258 89 275 370 605 609 121 288 294 409 177 220 770 387 114 471 536 216 453 782 566 445 227 329 615 510 343 344 364 589 685 39 539 621 607 272 738 90 175 528 676 327 404 0 391 386 198 461 377 540 718 683 355 446 94 659 389 111 533 386 649 463 595 470 288 453 480 342 633 623 610 395 734 389 139 485 712 455 490 497
755 395 828 903 925 927 282 748 867 914 64 170 403 906 606 385 633 247 761 896 500 611 685 788 296 366 981 730 298 701 549 205 129 1000 380 836 408 700 719 880 620 735 752 980 1060 369 910 962 915 447 954 372 217 478 923 384 133 391 0 744 500 245 670 887 962 1073 64 544 300 1050 192 500 861 774 1008 785 728 593 144 840 870 557 1023 915 804 366 962 575 453 822 946 586 858 350
473 599 376 275 186 221 483 70 132 200 703 800 421 435 138 453 393 614 458 282 348 147 229 358 454 407 506 45 449 290 578 600 764 507 760 219 572 69 526 140 201 225 146 314 319 390 170 236 251 601 474 373 548 631 387 689 708 386 744 0 250 713 164 154 424 382 693 452 476 392 665 287 164 296 264 121 480 769 610 169 293 615 409 284 410 556 455 335 291 112 431 753 117 689
423 380 482 469 425 429 262 271 379 415 455 550 259 490 116 287 379 368 416 419 245 111 296 448 205 160 571 230 214 273 408 381 514 583 531 400 424 221 441 390 145 333 305 532 569 180 420 462 425 467 539 142 320 432 479 525 458 198 500 250 0 468 184 387 521 614 445 293 264 610 416 166 363 401 509 288 412 662 362 379 460 523 606 435 413 329 535 206 60 322 514 647 366 458
576 183 904 931 871 850 375 739 845 843 189 129 505 752 584 501 736 99 586 787 582 566 732 865 292 307 817 685 347 576 336 376 133 840 137 861 579 689 523 853 539 777 767 998 1030 424 883 895 821 627 796 396 341 250 785 594 112 461 245 713 468 0 592 831 819 1083 199 374 402 1075 76 547 788 834 958 715 545 802 196 847 913 733 1064 809 645 185 811 447 447 761 798 792 829 108
318 456 521 439 280 260 447 227 284 251 620 695 432 325 146 462 488 499 304 234 391 95 349 496 375 307 405 120 397 134 417 566 665 413 620 380 596 195 364 285 53 363 296 478 449 364 311 302 244 635 371 326 504 477 301 704 608 377 670 164 184 592 0 240 343 540 612 293 449 555 556 312 196 438 367 122 320 823 528 333 453 676 574 250 271 420 362 175 244 170 339 807 262 552
479 697 463 309 40 82 633 194 118 57 842 928 575 378 285 607 529 735 460 196 500 276 359 457 592 535 434 157 595 317 644 752 896 428 860 283 725 219 546 103 292 339 256 309 213 542 109 82 140 752 405 520 697 712 312 843 839 540 887 154 387 831 240 0 341 338 832 523 628 375 791 441 69 397 127 120 494 914 749 219 352 760 417 186 393 661 378 409 435 70 357 898 96 793
272 643 792 650 356 268 777 492 458 289 903 942 775 80 483 804 812 745 255 147 732 437 653 779 683 601 95 390 721 262 523 893 924 86 792 617 940 489 348 444 375 649 568 647 501 702 449 311 201 978 72 658 828 615 42 1046 871 718 962 424 521 819 343 341 0 662 899 446 783 708 809 655 281 717 397 303 302 1165 818 554 689 1016 757 154 179 634 40 387 581 324 28 1149 434 742
816 981 340 178 311 395 792 343 256 378 1044 1157 687 711 499 715 520 983 798 527 589 526 395 365 804 775 757 421 778 646 958 895 1117 746 1140 239 787 393 881 256 582 347 322 97 172 704 235 350 464 794 731 707 859 1014 640 903 1062 683 1073 382 614 1083 540 338 662 0 1031 833 777 68 1027 573 408 337 267 443 830 895 954 236 229 753 141 511 732 936 701 715 639 392 682 880 278 1068
691 335 800 864 871 869 248 700 818 857 15 157 376 842 555 362 610 185 696 835 470 556 648 760 240 306 916 676 252 638 487 198 110 936 336 796 407 651 655 830 561 697 709 939 1010 328 860 906 856 451 890 324 190 419 860 402 88 355 64 693 445 199 612 832 899 1031 0 480 270 1011 135 461 804 741 955 728 664 612 84 795 834 560 987 855 740 304 899 512 402 766 883 604 808 297
211 198 768 721 562 518 445 506 577 518 481 499 512 377 370 531 672 307 217 430 529 324 582 736 317 237 445 411 383 219 125 536 485 467 354 656 662 463 182 578 251 612 564 767 736 411 604 569 475 711 422 357 470 190 413 738 436 446 544 452 293 374 293 523 446 833 480 0 463 845 372 455 465 685 647 403 184 911 408 618 725 788 858 454 271 190 436 117 327 455 424 897 555 298
648 428 530 604 662 682 26 465 587 665 284 420 107 747 343 99 342 320 645 684 200 366 385 490 153 226 828 473 80 528 536 124 374 842 519 538 203 421 642 603 409 435 458 682 779 87 632 709 686 253 797 125 82 511 742 276 329 94 300 476 264 402 449 628 783 777 270 463 0 751 326 205 617 473 740 545 629 451 214 547 570 346 722 699 660 373 795 429 205 571 775 438 582 455
846 983 284 147 353 440 768 343 277 420 1024 1142 657 752 497 682 474 975 828 569 557 529 365 312 791 768 803 434 759 670 971 865 1101 794 1139 215 745 392 907 282 594 316 307 78 233 683 266 398 507 748 776 691 833 1022 684 859 1047 659 1050 392 610 1075 555 375 708 68 1011 845 751 0 1016 550 443 293 320 469 857 840 937 231 186 701 73 555 766 936 747 728 628 421 727 826 301 1068
582 205 836 871 831 816 300 686 795 808 129 138 430 747 532 426 663 64 589 764 511 519 667 796 226 257 816 640 275 557 360 300 114 838 208 801 503 636 537 805 503 714 709 940 984 354 835 859 793 550 793 329 265 286 773 519 65 389 192 665 416 76 556 791 809 1027 135 372 326 1016 0 480 753 768 917 678 552 727 119 791 850 656 1002 785 641 184 805 427 388 722 791 717 782 163
588 506 358 403 472 505 219 264 386 485 474 597 134 636 173 166 218 450 579 533 81 217 188 319 254 265 717 294 210 427 562 326 554 726 638 335 290 224 607 403 291 237 253 479 576 132 432 523 522 325 684 151 285 572 613 404 502 111 500 287 166 547 312 441 655 573 461 455 205 550 480 0 442 287 544 377 578 511 389 342 374 365 527 543 569 450 675 372 129 392 652 495 384 566
410 645 513 370 101 66 619 223 178 55 813 891 575 312 275 607 557 695 392 133 509 253 390 503 565 501 371 148 576 253 584 739 861 367 809 336 731 234 479 166 249 378 294 376 277 530 177 106 88 763 341 502 681 655 249 847 804 533 861 164 363 788 196 69 281 408 804 465 617 443 753 442 0 441 181 75 427 933 720 273 408 780 484 128 324 613 316 355 417 52 294 917 153 743
756 778 83 161 405 479 494 226 284 454 755 883 372 732 315 395 182 737 742 572 273 367 105 61 542 542 802 337 496 572 806 580 839 802 920 127 451 244 798 304 453 75 150 241 414 417 318 467 529 456 770 438 556 834 681 566 789 386 774 296 401 834 438 397 717 337 741 685 473 293 768 287 441 0 437 417 757 566 674 184 108 419 252 570 703 724 750 578 397 393 726 551 302 848
583 823 487 308 87 142 747 281 164 133 965 1054 678 453 402 709 595 862 564 272 594 400 429 491 715 661 493 278 713 435 765 864 1021 480 987 311 818 320 655 145 419 397 323 274 105 655 122 89 208 840 468 637 813 836 380 937 964 649 1008 264 509 958 367 127 397 267 955 647 740 320 917 544 181 437 0 246 602 988 872 254 363 834 380 253 490 788 438 535 555 197 419 972 161 920
376 576 494 374 160 141 546 190 192 130 737 816 508 315 206 540 511 621 359 163 448 178 350 478 489 425 385 88 501 203 524 666 785 386 740 328 668 186 438 187 175 347 266 395 333 458 208 180 144 701 353 428 607 591 265 782 729 463 785 121 288 715 122 120 303 443 728 403 545 469 678 377 75 417 246 0 388 878 644 270 402 725 500 168 301 542 333 289 343 52 310 861 167 673
31 362 840 754 528 461 614 546 580 469 665 674 661 223 448 684 784 489 47 341 658 393 663 815 492 408 276 435 552 190 225 713 664 300 498 698 820 515 52 575 306 682 617 783 703 565 595 514 401 867 260 512 646 319 280 906 617 595 728 480 412 545 320 494 302 830 664 184 629 857 552 578 427 757 602 388 0 1066 592 648 772 933 885 365 126 368 281 207 461 438 276 1051 555 456
1081 872 556 726 935 989 473 720 824 966 626 762 405 1147 681 382 392 744 1076 1039 432 728 559 530 604 675 1228 790 532 934 987 426 718 1237 935 690 248 699 1085 843 800 591 665 803 979 502 865 995 1019 200 1195 555 474 958 1123 209 698 470 593 769 662 802 823 914 1165 895 612 911 451 840 727 511 933 566 988 878 1066 0 609 737 669 154 779 1046 1075 819 1186 860 607 881 1163 16 833 881
618 285 737 790 787 785 189 620 737 773 93 209 320 764 473 312 556 140 622 751 408 472 578 697 157 222 839 593 179 557 430 182 165 858 326 722 383 571 587 749 476 627 633 864 929 257 779 822 772 430 812 247 146 373 779 403 115 288 144 610 362 196 528 749 818 954 84 408 214 937 119 389 720 674 872 644 592 609 0 718 763 536 917 771 662 245 819 431 321 683 802 599 726 273
640 752 244 106 222 301 561 112 102 277 808 920 465 580 265 494 344 747 624 407 371 298 184 241 567 539 645 213 543 458 744 668 880 641 908 63 585 160 695 120 367 145 89 153 247 471 134 284 358 601 613 471 628 791 522 705 825 453 840 169 379 847 333 219 554 236 795 618 547 231 791 342 273 184 254 270 648 737 718 0 134 585 240 402 571 704 590 502 402 232 567 721 123 836
767 840 126 59 349 432 588 226 233 408 848 971 473 715 357 497 290 814 751 542 373 401 185 140 623 612 779 338 584 583 850 682 928 776 989 74 559 262 818 249 479 136 160 134 322 506 255 409 491 564 748 521 653 888 657 675 876 480 870 293 460 913 453 352 689 229 834 725 570 186 850 374 408 108 363 402 772 669 763 134 0 524 153 536 702 788 725 612 467 367 702 654 256 917
946 774 418 580 781 835 371 565 670 812 575 717 276 1001 532 259 240 661 939 887 284 581 405 389 497 559 1081 637 423 792 875 362 670 1089 859 540 153 546 956 690 656 439 511 659 829 378 712 840 866 109 1048 431 391 857 974 200 640 342 557 615 523 733 676 760 1016 753 560 788 346 701 656 365 780 419 834 725 933 154 536 585 524 0 644 894 934 719 1038 726 471 727 1015 137 679 798
876 984 226 137 400 488 741 351 309 467 1001 1124 624 796 497 647 425 965 858 614 524 536 338 259 775 761 851 453 738 695 984 832 1082 843 1137 205 699 396 933 318 608 290 301 109 300 660 308 451 555 698 822 673 805 1028 730 810 1029 633 1023 409 606 1064 574 417 757 141 987 858 722 73 1002 527 484 252 380 500 885 779 917 240 153 644 0 602 801 935 795 742 617 455 774 765 334 1064
342 648 642 495 202 115 697 348 303 135 862 923 672 200 370 703 678 723 322 24 616 334 514 631 623 549 248 257 647 235 558 816 898 241 808 465 834 353 417 289 297 505 422 493 358 613 294 164 47 868 220 577 754 641 129 946 842 623 915 284 435 809 250 186 154 511 855 454 699 555 785 543 128 570 253 168 365 1046 771 402 536 894 602 0 244 626 192 361 494 177 171 1030 280 749
99 466 784 676 423 348 649 480 491 360 743 770 672 106 415 699 758 576 80 222 650 361 619 763 540 455 176 366 589 142 343 758 755 197 612 627 837 459 176 484 278 629 555 695 594 586 499 401 284 880 151 536 692 435 154 933 704 610 804 410 413 645 271 393 179 732 740 271 660 766 641 569 324 703 490 301 126 1075 662 571 702 934 801 244 0 461 165 235 470 346 155 1060 466 564
398 56 802 798 701 673 348 593 688 668 302 309 454 567 439 463 662 121 406 603 506 410 619 765 222 184 635 523 296 391 185 406 296 657 204 729 575 544 353 694 368 659 633 858 866 355 723 719 640 625 612 309 348 138 599 625 249 395 366 556 329 185 420 661 634 936 304 190 373 936 184 450 613 724 788 542 368 819 245 704 788 719 935 626 461 0 626 264 328 590 613 807 670 133
250 632 826 687 395 307 788 524 494 328 903 935 791 59 506 821 839 740 235 183 753 457 682 811 688 605 55 418 730 268 505 902 919 52 777 652 957 517 324 481 390 681 600 686 542 715 487 351 240 997 32 670 836 598 68 1061 867 734 962 455 535 811 362 378 40 701 899 436 795 747 805 675 316 750 438 333 281 1186 819 590 725 1038 795 192 165 626 0 388 595 358 23 1170 470 730
221 291 662 605 449 412 416 391 459 409 516 563 454 333 262 478 583 364 217 339 452 212 477 632 304 219 410 294 355 129 243 523 541 428 454 542 615 349 234 461 134 504 451 650 622 360 487 460 376 661 382 308 456 302 348 704 487 389 575 335 206 447 175 409 387 715 512 117 429 728 427 372 355 578 535 289 207 860 431 502 612 726 742 361 235 264 388 0 254 340 371 845 438 390
475 382 474 484 472 483 204 300 416 467 413 518 202 550 153 229 348 347 468 478 202 164 291 437 165 145 631 278 160 331 433 323 479 643 523 414 366 250 486 428 205 334 321 552 608 120 458 513 482 410 599 85 264 444 539 466 423 139 453 291 60 447 244 435 581 639 402 327 205 628 388 129 417 397 555 343 461 607 321 402 467 471 617 494 470 328 595 254 0 373 574 592 405 451
425 627 467 334 110 112 574 171 145 94 776 860 526 348 227 557 504 666 407 178 457 211 338 455 526 467 412 98 533 254 577 693 828 410 790 294 680 181 488 138 222 328 244 349 281 484 157 140 140 711 381 458 637 643 290 797 771 485 822 112 322 761 170 70 324 392 766 455 571 421 722 392 52 393 197 52 438 881 683 232 367 727 455 177 346 590 358 340 373 0 335 864 120 723
245 621 802 664 374 287 767 500 472 307 887 922 770 53 483 799 815 726 229 160 731 435 659 788 670 587 77 395 711 249 498 882 905 76 768 629 935 494 321 459 368 657 576 665 524 694 465 332 219 975 49 649 816 590 45 1040 853 712 946 431 514 798 339 357 28 682 883 424 775 727 791 652 294 726 419 310 276 1163 802 567 702 1015 774 171 155 613 23 371 574 335 0 1147 448 719
1066 860 541 711 919 973 460 703 808 950 618 755 390 1131 665 367 376 734 1061 1022 416 712 543 515 591 662 1212 773 518 919 974 416 710 1221 925 675 235 683 1071 827 785 575 649 788 964 487 849 978 1003 185 1179 541 462 946 1107 202 690 455 586 753 647 792 807 898 1149 880 604 897 438 826 717 495 917 551 972 861 1051 16 599 721 654 137 765 1030 1060 807 1170 845 592 864 1147 0 816 870
544 712 367 216 104 178 591 120 25 154 819 917 517 465 253 549 443 731 526 287 433 263 274 361 569 524 525 147 561 368 680 706 881 520 873 186 657 161 605 24 307 248 168 228 202 499 53 166 235 680 495 485 657 739 403 776 824 490 858 117 366 829 262 96 434 278 808 555 582 301 782 384 153 302 161 167 555 833 726 123 256 679 334 280 466 670 470 438 405 120 448 816 0 804
487 100 923 928 833 802 429 725 821 798 290 234 550 670 570 552 771 137 499 725 615 543 743 885 320 305 731 657 387 513 237 454 242 755 72 859 647 676 428 828 501 785 763 989 1000 458 856 850 766 696 712 419 409 146 711 676 216 497 350 689 458 108 552 793 742 1068 297 298 455 1068 163 566 743 848 920 673 456 881 273 836 917 798 1064 749 564 133 730 390 451 723 719 870 804 0
