292
0 855 99 300 223 476 205 686 532 206 472 623 204 455 362 129 206 405 610 605 417 384 277 711 729 775 477 535 373 316 533 405 849 165 206 306 461 623 515 90 216 849 469 699 86 345 685 556 689 324 557 92 539 346 50 622 397 469 371 711 398 832 524 498 556 346 122 394 619 161 679 413 399 122 616 342 470 409 335 186 619 226 385 429 463 304 779 658 412 472 585 422 238 170 467 625 289 274 274 442 473 383 618 757 415 172 255 751 364 251 127 351 714 637 433 448 452 426 666 595 534 239 569 350 705 556 434 203 762 496 699 594 580 262 526 82 623 328 452 562 604 664 514 435 390 872 218 712 811 388 354 614 227 491 366 73 140 132 281 575 47 739 433 187 465 609 484 434 536 689 639 147 581 127 526 799 497 785 701 215 708 664 249 214 578 599 340 717 42 660 222 300 85 367 652 475 367 268 442 524 669 218 468 99 663 142 468 389 588 761 674 544 593 232 624 434 630 628 513 87 900 406 471 377 673 893 200 331 404 663 748 672 889 720 302 586 703 264 719 585 459 275 642 472 90 32 591 482 577 704 190 312 333 257 270 270 766 394 483 792 345 436 113 668 323 224 765 829 65 472 489 238 209 301 159 451 325 249 467 748 763 789 316 392 347 153 813 720 53 212 529 685
855 0 836 557 829 1206 1003 378 572 765 734 236 1036 1121 552 768 876 790 911 1342 905 521 994 547 494 95 603 696 524 990 356 941 832 712 699 875 394 725 388 843 1070 915 1250 507 915 556 401 522 581 638 361 924 1082 1050 900 704 865 496 587 269 836 48 1094 416 1323 690 796 532 972 911 938 943 777 846 870 585 449 494 543 1030 919 942 1093 1111 1035 731 857 909 858 450 714 513 1092 726 444 1076 593 616 599 651 1209 662 243 739 636 791 802 546 802 868 961 954 473 273 447 800 733 803 885 943 607 1092 406 1105 610 372 811 695 142 976 205 1087 309 1021 773 774 250 533 489 1254 489 935 576 1066 935 940 811 549 874 1153 546 373 967 618 1194 884 732 745 1005 298 858 751 565 718 1210 310 606 566 433 300 241 738 1329 958 927 766 620 126 932 1069 606 245 672 651 456 519 1041 816 843 218 944 1128 923 504 348 929 832 870 1202 1028 513 1073 895 873 531 825 1209 952 701 711 789 356 806 896 838 674 230 258 453 942 865 1030 568 960 197 848 858 837 641 243 359 503 944 145 1149 326 656 941 337 529 501 1017 1047 510 815 823 1271 1271 1300 163 834 1156 892 970 1110 1110 91 627 788 664 947 1191 783 569 546 659 823 945 920 1128 761 648 693 914 827 890 658 627 908 741 458 785 1133 623 562 905 753 393 811 702 676 585
99 836 0 282 314 422 297 626 453 116 377 600 285 382 307 67 304 307 511 557 511 334 206 633 657 750 397 444 325 235 540 309 754 211 259 207 447 530 527 10 270 751 435 625 88 373 623 483 608 377 570 96 449 276 139 530 489 502 303 665 486 818 437 451 517 412 203 337 520 260 580 510 302 217 517 381 420 361 354 198 519 149 319 358 374 212 681 559 312 421 492 453 267 227 419 530 315 307 237 356 420 298 609 665 333 255 156 673 265 346 129 450 643 598 443 350 357 328 567 495 451 264 513 300 622 572 335 145 730 399 698 502 583 207 429 105 593 333 395 500 533 565 435 353 294 773 306 634 713 344 304 560 160 408 358 57 188 92 380 544 56 646 362 123 416 618 403 480 479 640 636 203 537 216 427 706 413 754 601 246 625 667 301 237 513 525 269 620 137 629 322 292 100 333 598 377 267 363 397 430 595 269 369 198 586 43 417 487 496 671 578 554 495 330 525 346 619 595 454 159 805 322 396 284 665 798 295 231 464 666 689 598 791 709 314 595 615 179 664 510 398 213 544 407 176 91 527 452 524 678 90 321 428 356 274 274 750 450 385 705 443 389 53 588 336 261 669 730 140 397 393 190 261 206 251 351 383 276 368 656 694 695 298 313 379 80 721 658 71 145 439 603
300 557 282 0 346 683 471 415 334 236 378 323 493 619 130 215 378 370 575 821 509 128 463 491 490 475 300 405 114 472 267 476 708 184 200 380 165 489 261 287 516 741 711 466 357 168 421 333 483 240 303 366 632 528 347 478 471 278 178 420 452 537 632 216 790 308 268 155 614 388 634 530 357 319 558 202 196 141 129 473 585 406 572 602 566 257 666 606 422 200 454 232 534 210 189 675 133 152 63 300 684 256 327 601 265 285 295 526 353 392 404 504 470 341 180 405 363 392 599 583 355 534 298 569 508 308 403 153 462 545 418 664 306 479 442 218 323 83 197 749 367 623 319 574 464 768 329 493 697 616 110 338 427 323 640 326 195 189 504 275 301 591 229 175 682 345 309 291 270 402 355 210 804 413 532 644 329 485 646 512 509 388 204 126 327 375 519 603 294 360 437 573 366 79 373 504 377 402 668 592 440 518 479 337 440 278 682 523 450 593 558 283 507 405 546 309 337 329 252 388 759 537 272 475 383 747 360 362 320 386 474 439 782 427 591 323 523 417 441 365 216 480 668 237 277 267 772 729 784 403 299 599 452 470 553 553 469 299 420 601 496 658 228 459 105 157 641 740 366 630 408 110 195 409 315 465 261 131 486 595 512 644 580 233 180 356 651 454 254 167 388 481
223 829 314 346 0 687 200 761 662 394 648 621 254 675 461 308 51 597 812 808 198 469 499 831 835 766 616 700 456 539 474 623 1017 168 147 520 456 789 445 307 327 1031 665 809 302 273 767 671 818 196 480 306 761 567 216 783 175 357 493 754 175 795 747 561 751 171 113 491 829 115 879 202 589 102 811 244 542 487 291 367 821 449 603 649 686 482 957 856 618 546 751 324 385 139 535 844 244 219 362 596 682 539 586 916 563 67 456 868 561 46 331 160 815 669 381 641 629 621 859 802 675 391 644 562 840 474 630 347 768 713 641 815 523 479 709 225 636 316 541 777 710 865 645 658 608 1055 17 833 990 594 445 683 449 636 539 296 169 291 176 594 269 902 555 344 672 536 625 298 617 740 590 149 783 204 736 959 641 789 898 366 842 601 159 220 673 714 561 894 180 671 119 480 295 425 716 688 570 57 647 744 782 335 677 135 780 352 677 186 751 914 849 477 778 66 812 595 600 649 598 243 1069 629 598 598 632 1059 38 537 238 601 818 782 1072 683 460 514 848 487 783 703 557 494 857 576 137 223 807 673 785 701 401 473 119 141 443 443 737 239 671 932 152 642 299 795 295 191 939 1018 237 693 671 355 152 520 63 660 181 222 677 908 858 954 504 533 266 376 970 800 244 365 688 815
476 1206 422 683 687 0 555 911 691 449 532 972 499 109 653 478 655 447 496 137 863 685 220 840 886 1113 639 603 683 215 950 296 810 630 676 332 843 650 942 422 416 757 100 852 390 796 899 739 801 796 984 385 253 156 471 665 853 925 619 985 860 1197 222 791 125 822 598 673 453 588 547 846 457 586 535 804 758 711 774 328 498 279 112 102 230 475 715 547 386 757 627 876 346 642 762 364 737 730 625 585 12 554 1001 769 587 647 404 877 420 703 356 773 884 941 858 461 521 446 574 453 668 336 823 126 799 987 443 530 1081 325 1098 315 990 216 536 525 955 748 720 94 791 533 678 166 295 767 687 840 739 96 661 868 262 635 218 407 606 507 658 908 439 743 651 508 28 1029 641 902 790 955 1035 618 123 498 401 796 636 1103 574 353 803 1071 719 660 795 769 165 676 517 988 633 237 394 711 905 357 391 719 57 297 825 406 385 551 809 410 19 816 639 790 653 966 565 672 568 563 1009 949 766 445 849 193 663 261 1058 851 656 375 879 1069 970 833 785 1096 290 1006 768 267 958 753 711 208 411 708 566 492 125 121 101 1042 384 279 778 655 276 276 1128 868 494 850 769 53 470 791 755 683 722 713 450 117 521 575 679 291 628 377 799 699 371 759 935 773 206 591 801 341 819 931 484 517 614 795
205 1003 297 471 200 555 0 878 736 410 674 781 61 571 557 334 149 603 800 658 320 575 411 915 930 932 682 740 563 460 656 577 1052 293 304 488 614 827 630 286 146 1047 510 900 232 452 880 757 893 389 668 229 688 468 158 826 320 552 571 892 336 973 666 683 594 372 207 589 801 92 869 295 599 156 810 432 658 598 460 229 808 380 494 543 615 508 979 850 601 661 789 514 215 276 653 787 410 387 462 647 547 588 759 961 620 215 453 954 561 186 231 221 914 812 558 646 655 623 861 779 739 224 760 438 910 663 631 404 926 667 825 750 705 375 727 270 789 471 645 649 804 853 718 570 562 1069 212 916 1011 458 546 804 366 696 371 248 277 334 103 743 241 943 635 390 534 724 689 496 728 873 770 266 631 81 709 1003 702 949 892 203 913 786 335 356 775 801 465 918 187 826 92 323 218 547 840 655 559 197 505 686 871 156 653 134 865 340 540 265 793 966 876 662 792 147 821 639 772 798 706 145 1103 550 674 541 810 1096 162 522 439 786 939 873 1087 860 287 701 908 422 908 787 656 396 812 670 194 231 680 514 643 863 383 300 241 103 283 283 911 439 682 997 219 504 318 872 456 343 966 1025 158 590 690 434 310 472 178 636 378 376 650 953 962 993 352 596 449 318 1018 914 256 415 733 889
686 378 626 415 761 911 878 0 223 522 391 256 890 813 323 565 793 466 544 1040 909 303 725 172 126 291 272 337 315 705 427 622 462 600 614 584 340 351 456 636 894 539 976 131 714 527 22 172 203 621 465 722 744 765 736 329 869 559 324 109 846 399 761 199 1036 690 681 292 607 800 563 936 456 731 501 568 220 280 493 822 551 684 803 810 710 451 479 535 532 217 344 540 893 625 226 719 527 551 416 326 917 361 343 363 326 701 531 181 491 807 755 917 102 154 446 463 397 472 510 580 252 889 118 833 232 480 478 485 238 636 422 737 413 763 416 609 215 453 233 942 124 562 234 755 620 565 743 174 497 880 332 78 713 278 955 683 608 554 919 219 668 373 271 505 922 454 271 614 149 81 388 624 1032 810 576 393 278 252 556 872 229 431 610 541 117 152 757 437 692 212 851 895 726 336 54 590 520 816 921 687 134 894 556 744 152 599 919 932 331 336 411 443 436 820 465 348 335 190 172 771 500 721 250 651 367 484 776 537 674 427 63 124 571 361 932 450 277 669 48 166 227 753 684 219 686 654 954 998 995 253 586 936 862 885 889 889 348 653 441 298 909 909 582 190 479 570 445 567 749 816 412 447 609 626 731 555 645 540 570 364 114 410 890 330 539 672 384 40 633 481 319 206
532 572 453 334 662 691 736 223 0 339 169 379 735 591 205 403 682 244 340 818 839 208 515 180 207 477 57 125 221 490 482 399 377 494 524 370 359 178 500 464 723 422 760 173 540 492 209 51 158 574 527 547 522 549 581 160 803 572 169 313 786 580 538 200 817 642 562 179 400 672 375 858 234 606 303 531 184 204 453 637 349 481 586 589 487 251 349 346 310 179 152 537 710 523 195 505 467 486 301 109 698 158 450 268 122 596 330 220 272 708 574 822 198 301 452 240 173 249 326 371 36 705 167 620 178 539 255 331 431 414 549 519 492 558 201 467 344 405 152 719 99 370 17 533 398 450 646 181 377 666 224 199 510 56 752 511 494 401 796 314 503 262 107 345 704 539 53 607 148 280 497 514 811 659 357 311 55 450 375 691 180 543 536 449 116 78 541 290 549 364 730 696 553 268 229 367 300 720 704 465 144 721 333 609 133 418 700 846 143 258 250 502 239 711 274 129 449 326 138 610 427 500 63 430 495 415 667 321 649 540 279 149 462 509 739 526 189 460 271 62 129 544 475 106 557 504 731 783 773 418 394 741 776 765 695 695 517 627 220 269 814 692 419 136 432 486 320 432 589 594 192 309 520 412 618 332 595 464 347 263 250 314 688 140 505 482 316 239 479 320 104 154
206 765 116 236 394 449 410 522 339 0 265 528 401 382 215 86 395 204 417 587 591 246 231 519 544 675 282 329 241 236 503 253 642 252 300 150 393 416 498 127 384 644 486 511 200 373 517 371 492 404 540 208 408 292 252 415 564 499 198 570 556 752 404 361 560 455 280 241 437 363 485 596 196 309 417 392 328 273 343 300 426 177 337 365 337 97 573 462 227 328 378 450 373 277 329 469 318 319 176 240 450 182 552 550 218 328 67 559 167 433 235 543 532 511 416 247 245 227 466 409 336 368 413 341 506 544 236 84 648 335 649 450 541 256 321 169 516 309 297 512 422 471 321 338 240 668 383 519 605 389 218 460 203 293 438 172 237 105 487 467 170 532 252 68 450 582 288 493 378 544 586 257 571 330 345 592 297 672 504 353 509 622 335 249 406 412 284 511 236 550 425 376 214 263 499 303 178 449 439 376 482 382 286 299 472 79 449 577 382 555 468 520 388 424 421 230 560 513 354 275 694 302 284 244 609 686 384 149 494 620 585 485 684 648 409 559 499 181 562 397 296 252 474 302 261 186 535 506 548 602 69 414 513 460 367 367 683 477 280 589 536 428 97 473 321 284 558 627 256 394 283 127 299 173 335 270 417 286 289 542 583 582 374 200 381 150 607 552 160 69 323 488
472 734 377 378 648 532 674 391 169 265 0 527 660 428 260 348 656 89 201 654 841 282 378 309 354 639 131 75 291 344 593 236 377 489 530 231 465 153 603 388 630 382 608 320 453 547 376 220 272 610 637 459 353 399 516 156 810 651 206 481 797 739 369 335 658 672 537 254 251 628 256 851 85 571 179 579 308 295 508 531 211 356 431 429 319 168 309 227 146 304 117 608 603 518 317 343 506 518 323 90 539 122 587 289 119 581 225 347 129 690 477 803 352 461 538 72 19 85 221 219 139 597 328 474 274 647 89 301 596 245 689 352 614 425 63 428 496 461 266 553 267 245 160 369 237 407 635 309 341 517 280 365 385 116 618 430 481 359 752 459 433 269 185 304 546 660 128 670 302 449 632 502 649 593 192 330 115 616 267 588 278 676 555 462 284 241 392 246 500 520 689 570 467 341 397 198 150 705 550 296 293 627 164 564 277 335 542 834 124 298 203 612 131 685 168 72 589 481 284 535 428 338 168 271 637 421 643 181 695 673 446 301 423 659 619 643 253 326 440 226 246 408 319 230 522 451 563 631 609 576 297 619 767 725 576 576 674 675 53 343 796 538 362 260 484 501 293 371 517 429 30 304 528 271 593 163 628 489 178 280 403 318 556 149 558 379 346 405 425 283 82 266
623 236 600 323 621 972 781 256 379 528 527 0 810 891 318 532 664 570 718 1109 729 287 759 420 382 152 396 503 289 756 188 716 707 488 482 644 167 552 222 607 839 775 1014 379 679 352 277 336 441 444 220 688 863 816 669 532 688 336 358 176 661 224 872 193 1088 506 573 302 774 692 755 763 558 625 682 388 223 261 330 795 726 706 859 880 811 500 708 725 638 226 531 333 858 506 216 870 377 402 362 438 975 439 86 601 418 575 568 436 577 664 726 761 357 102 247 587 522 586 706 744 416 857 216 870 473 234 595 459 147 760 173 875 163 784 574 541 41 310 265 1024 321 749 378 838 709 803 603 423 731 918 311 205 731 415 957 648 506 509 795 68 623 606 346 481 976 199 401 401 231 185 132 515 1095 730 718 637 419 168 754 835 470 176 462 425 276 350 807 657 613 57 731 892 688 267 204 713 607 668 967 811 372 841 680 649 386 588 975 766 520 579 622 201 618 687 654 460 79 66 244 710 749 801 359 731 117 733 646 609 472 172 280 364 811 132 913 198 512 706 242 354 282 781 846 296 590 590 1043 1034 1068 81 597 920 700 759 874 874 155 453 580 550 753 956 547 423 328 439 676 796 688 899 555 411 476 682 610 673 466 407 692 601 368 650 896 400 361 668 631 291 577 465 482 443
204 1036 285 493 254 499 61 890 735 401 660 810 0 522 566 332 205 584 773 599 381 587 370 915 934 961 679 728 576 420 694 544 1036 323 342 461 643 814 670 274 86 1026 451 903 208 492 890 760 891 437 710 203 645 421 154 815 382 598 575 911 397 1008 622 699 534 425 240 598 769 140 841 356 581 192 786 475 672 611 496 179 780 344 445 493 574 498 959 824 576 674 777 559 156 310 668 748 445 424 475 641 491 582 793 949 616 258 435 954 541 245 195 281 919 834 595 626 641 603 837 749 735 165 772 386 906 706 609 408 953 632 864 709 743 329 709 280 815 502 656 593 809 826 717 525 529 1047 265 916 991 403 557 818 328 692 311 230 304 337 160 767 231 930 637 391 478 765 686 546 740 890 807 297 572 80 679 990 697 976 865 145 909 826 377 385 783 803 419 899 199 851 152 265 193 565 855 623 536 257 448 647 874 95 625 162 867 325 484 325 781 956 859 702 773 207 799 631 806 822 717 125 1086 508 675 505 845 1080 216 498 492 825 952 876 1065 895 226 742 900 387 923 789 664 351 775 677 220 235 624 454 586 892 364 240 302 163 225 225 945 490 663 990 279 447 315 871 490 378 949 1001 145 541 674 442 347 440 222 607 427 409 620 940 968 978 295 594 490 290 1006 925 258 416 724 887
455 1121 382 619 675 109 571 813 591 382 428 891 522 0 572 427 650 347 387 226 862 604 177 735 781 1027 541 497 604 149 885 192 701 593 641 246 771 542 880 384 446 650 203 748 373 746 800 640 695 759 922 370 152 108 461 556 848 875 533 891 851 1115 122 705 233 794 575 589 346 588 439 850 357 573 425 759 672 629 721 343 389 233 77 28 120 390 606 439 282 670 520 826 382 609 677 266 689 685 557 487 119 462 926 659 492 627 327 770 323 698 350 780 781 852 798 356 419 343 465 344 566 371 730 141 691 926 339 466 992 216 1025 218 922 199 428 487 871 689 632 133 691 425 579 58 193 661 673 734 631 149 582 773 227 535 288 381 570 457 675 825 411 633 560 446 131 963 542 859 697 860 963 585 221 504 292 686 535 1014 467 382 696 1001 683 613 698 668 114 567 497 902 640 283 381 636 809 247 294 714 148 190 721 437 276 542 705 359 124 823 531 681 543 902 455 671 458 464 933 863 674 444 741 91 567 162 982 742 648 283 846 999 871 729 679 1017 343 941 660 206 860 652 621 181 310 616 544 463 153 226 182 957 324 334 777 666 316 316 1046 832 387 741 776 137 423 685 700 641 613 607 443 18 415 509 643 211 613 270 765 652 263 649 831 664 253 499 753 305 709 830 450 451 509 689
362 552 307 130 461 653 557 323 205 215 260 318 566 572 0 243 486 272 462 790 634 31 442 369 377 461 170 278 33 437 338 404 578 293 320 326 212 360 345 316 572 612 699 349 394 295 323 209 357 370 381 403 557 497 413 348 598 391 54 358 580 543 562 145 770 438 368 31 507 484 516 654 259 415 439 331 113 57 255 505 471 391 541 561 499 183 537 487 334 114 325 349 574 322 113 582 264 282 99 175 656 143 355 470 142 396 249 407 268 507 437 621 358 295 278 300 248 292 477 475 225 572 207 553 381 390 303 163 433 459 457 578 365 471 322 286 302 206 89 706 250 506 189 521 395 639 445 371 567 601 20 253 418 192 653 362 297 230 606 254 346 461 99 184 657 410 178 415 174 333 395 315 777 487 432 514 198 456 525 553 382 437 331 244 218 253 488 474 370 336 538 590 406 80 292 414 297 519 649 510 321 572 385 424 319 285 656 644 321 463 430 357 385 514 423 188 361 298 150 448 629 484 142 415 411 617 469 293 449 434 386 322 652 444 619 391 394 389 358 241 99 466 568 115 368 330 725 719 749 389 284 625 573 573 578 578 474 428 307 473 613 638 260 334 232 281 512 612 426 581 291 124 316 363 421 374 391 259 395 464 405 514 590 111 307 363 521 358 309 162 260 355
129 768 67 215 308 478 334 565 403 86 348 532 332 427 243 0 309 290 503 615 506 268 258 583 602 683 348 409 259 278 476 327 724 174 223 221 380 497 465 75 329 729 498 571 151 319 563 428 560 335 508 160 476 327 178 495 479 448 244 599 472 751 468 385 579 379 194 273 521 280 571 510 282 224 503 332 355 295 296 265 512 199 371 406 403 180 658 548 310 356 459 399 332 197 353 546 261 257 169 313 477 254 542 630 286 243 148 622 253 347 196 457 588 531 381 334 329 313 553 494 405 330 450 359 576 510 322 79 663 413 632 523 519 267 406 83 526 270 332 552 477 557 385 392 312 753 297 584 690 405 238 497 217 362 426 119 156 29 404 476 103 613 306 60 474 555 355 432 416 575 570 175 596 256 428 672 367 686 590 310 579 602 262 185 454 471 319 595 152 562 341 360 162 265 535 383 262 362 458 450 542 329 370 215 534 68 475 491 461 633 551 490 474 338 507 306 552 527 392 208 776 358 343 310 598 768 297 230 424 600 628 544 770 642 382 531 574 221 601 457 337 271 554 348 175 103 577 515 580 610 107 389 427 376 342 342 682 409 365 662 450 449 17 539 276 215 642 713 187 442 368 123 224 233 249 353 345 225 371 622 638 664 365 263 326 141 686 598 77 84 401 556
206 876 304 378 51 655 149 793 682 395 656 664 205 650 486 309 0 599 811 772 212 497 476 855 862 811 634 712 483 518 522 612 1029 194 184 511 498 801 494 295 281 1038 627 835 278 320 798 695 840 246 530 280 744 542 188 796 198 408 513 792 205 843 728 594 713 223 120 517 824 69 879 206 592 86 813 293 573 516 335 330 820 430 576 623 669 488 966 857 614 577 763 374 342 167 567 832 286 262 386 610 649 551 632 930 579 92 453 893 561 47 301 147 843 708 428 643 636 622 862 798 693 349 676 531 861 524 631 359 811 703 690 801 571 451 715 227 677 356 569 746 736 865 665 636 597 1062 66 857 998 561 471 716 426 652 497 277 189 296 130 634 253 915 576 353 639 586 642 349 647 777 638 170 746 162 730 973 658 833 899 324 863 650 203 252 701 739 536 902 166 713 69 440 269 457 750 681 567 64 612 731 807 289 672 109 805 345 643 183 764 930 858 526 783 29 816 607 646 689 628 209 1081 610 619 583 679 1072 18 533 290 650 852 808 1079 731 416 564 866 469 818 726 584 469 848 602 133 214 776 634 751 745 393 429 127 95 402 402 784 290 675 951 141 608 298 817 336 228 949 1023 206 668 677 373 189 507 64 654 232 260 671 922 888 967 466 550 314 357 985 832 238 375 701 837
405 790 307 370 597 447 603 466 244 204 89 570 584 347 272 290 599 0 216 573 794 300 288 398 440 695 195 165 305 255 610 155 452 448 493 142 484 237 615 317 549 444 520 406 376 533 453 293 361 585 652 381 292 311 446 243 765 648 220 548 756 790 303 378 573 643 484 276 246 565 282 800 13 513 213 561 347 319 497 446 225 268 344 345 246 120 375 258 68 344 203 602 518 475 354 309 486 494 308 141 454 132 621 372 153 531 150 436 43 637 396 747 436 517 543 43 75 24 262 215 220 511 388 385 364 661 34 260 655 189 724 307 637 336 125 373 544 453 305 476 344 268 232 288 154 466 586 397 407 429 289 430 296 188 529 355 436 306 686 502 363 351 225 256 461 683 195 658 358 516 664 456 567 521 162 411 188 677 300 503 368 706 523 431 352 321 303 315 438 572 626 481 390 351 465 143 60 653 463 241 378 544 112 501 363 263 457 781 212 384 274 629 189 627 218 118 625 533 337 460 502 255 224 186 674 496 588 92 673 704 523 385 484 702 531 663 342 236 513 305 289 319 298 279 465 388 488 543 529 628 220 530 717 661 488 488 723 654 79 431 740 451 301 348 473 469 364 424 444 350 92 276 491 181 539 103 601 463 123 363 488 396 466 171 544 297 429 483 362 240 171 355
610 911 511 575 812 496 800 544 340 417 201 718 773 387 462 503 811 216 0 589 1009 484 425 410 466 817 322 215 493 377 794 239 313 664 709 311 666 199 805 520 724 268 590 438 568 742 524 389 368 799 838 571 254 412 647 220 981 851 407 646 972 921 282 529 615 858 698 455 64 772 69 1014 226 724 46 773 505 496 705 614 9 432 426 402 267 336 218 54 198 501 199 807 680 692 515 185 698 708 517 291 506 320 783 283 321 746 357 437 250 850 577 958 475 642 740 174 213 192 78 46 304 671 508 488 352 848 182 476 769 173 884 217 814 476 144 587 684 659 464 482 423 53 339 335 252 284 801 409 244 519 481 538 454 302 647 552 652 522 889 651 566 257 385 473 519 861 317 866 487 614 829 673 593 718 101 304 298 787 92 670 357 874 739 646 454 393 408 182 646 704 833 615 582 542 564 157 243 866 534 201 419 718 148 709 400 468 512 994 212 310 168 814 107 838 85 274 784 667 473 655 354 321 361 284 831 354 800 279 887 871 587 429 302 849 673 844 310 390 591 382 443 454 142 425 678 597 481 613 544 759 421 669 931 867 634 634 858 867 155 375 952 522 513 368 681 685 226 232 642 379 171 490 708 334 752 165 816 677 154 273 518 280 593 350 754 483 328 545 572 457 236 362
605 1342 557 821 808 137 658 1040 818 587 654 1109 599 226 790 615 772 573 589 0 975 822 358 959 1007 1249 768 722 820 353 1088 418 899 762 808 466 980 760 1079 556 513 836 149 974 518 931 1027 867 918 927 1121 512 335 294 594 776 968 1060 754 1117 977 1334 306 926 73 950 725 809 537 703 630 954 583 709 632 937 893 847 910 441 589 416 250 231 337 610 803 636 509 892 741 1011 443 773 898 429 872 864 763 713 137 687 1139 870 718 772 541 994 549 819 480 879 1006 1075 995 582 645 569 665 543 792 434 955 257 913 1125 565 667 1215 428 1236 383 1128 349 650 658 1091 885 855 107 918 617 806 285 419 842 809 958 824 216 798 999 398 762 292 537 738 644 760 1044 570 844 784 646 141 1167 768 1035 922 1086 1173 749 28 611 503 893 762 1238 657 455 918 1209 851 795 925 894 303 772 644 1123 743 335 521 849 1036 467 520 835 162 389 947 504 498 673 931 546 139 923 753 894 753 1103 670 786 668 691 1146 1084 899 564 934 318 793 388 1195 937 774 507 1009 1207 1097 955 859 1233 376 1144 879 405 1087 879 845 344 480 841 693 623 113 149 45 1178 522 363 892 761 375 375 1265 998 612 957 877 169 606 910 891 817 815 788 572 224 639 713 811 427 750 493 930 834 484 860 1057 869 307 724 936 476 917 1057 616 655 734 912
417 905 511 509 198 863 320 909 839 591 841 729 381 862 634 506 212 794 1009 975 0 637 688 1000 997 858 798 888 623 731 553 821 1204 352 315 718 578 977 520 504 466 1223 827 974 490 384 918 842 991 289 544 493 956 754 401 970 40 408 673 883 68 864 940 712 912 223 311 662 1027 275 1076 43 786 295 1007 344 699 650 416 535 1018 642 788 835 881 677 1149 1052 816 703 940 397 534 323 690 1042 383 360 539 783 856 727 674 1100 749 263 654 1035 759 166 513 105 975 796 482 837 822 817 1055 1000 856 542 797 740 1016 533 827 539 872 911 702 1012 598 663 902 422 752 456 706 955 875 1062 823 849 805 1248 208 1002 1181 767 616 830 639 819 691 489 360 487 230 717 464 1087 732 539 845 595 806 338 774 875 664 339 948 365 934 1144 824 891 1095 520 1017 661 304 390 834 884 749 1085 375 784 232 640 482 584 859 886 768 149 817 941 949 475 875 322 949 550 850 68 939 1095 1040 550 971 192 1006 784 688 770 758 419 1256 822 776 794 709 1245 217 735 263 663 961 947 1264 760 607 578 1028 681 924 874 725 681 1055 746 335 420 986 832 956 803 599 620 85 217 600 600 816 278 866 1108 104 814 497 968 429 353 1129 1212 418 880 865 541 319 717 260 858 265 377 876 1093 1014 1140 667 718 373 569 1153 949 442 558 876 989
384 521 334 128 469 685 575 303 208 246 282 287 587 604 31 268 497 300 484 822 637 0 473 363 365 429 181 293 13 469 312 435 585 303 325 358 184 372 320 342 596 623 730 339 420 285 305 204 354 366 355 429 587 529 434 359 600 373 79 331 581 512 593 117 802 434 381 30 531 499 537 658 287 430 460 323 86 27 245 532 494 422 572 593 530 214 549 507 363 88 338 334 601 330 85 609 260 279 113 195 688 169 324 476 163 406 281 399 298 516 463 629 346 266 257 326 271 320 496 499 232 598 185 585 380 364 330 189 402 489 426 607 336 502 343 306 270 196 72 738 240 527 194 552 426 651 452 365 578 633 30 230 449 204 683 388 309 253 619 222 370 468 108 210 689 382 189 402 153 307 365 326 808 507 459 519 210 425 544 579 381 407 332 250 204 247 520 486 389 305 552 619 431 62 268 443 327 526 681 539 313 596 413 441 312 314 688 649 333 467 443 331 403 525 442 210 330 267 131 470 635 515 149 447 379 623 480 324 440 404 365 312 664 413 647 364 397 420 335 237 88 497 594 108 383 352 757 750 781 357 315 653 579 586 606 606 442 419 331 473 621 670 285 331 223 284 522 626 448 613 313 146 321 395 433 403 387 259 423 471 391 521 619 134 297 392 525 339 331 190 274 352
277 994 206 463 499 220 411 725 515 231 378 759 370 177 442 258 476 288 425 358 688 473 0 682 720 903 459 453 470 50 729 186 721 417 465 147 623 522 721 207 306 692 256 686 198 577 716 558 647 583 763 195 276 70 287 530 672 706 414 787 674 983 255 585 329 616 398 464 410 416 491 679 292 397 449 587 551 500 554 195 431 58 113 153 204 274 633 479 248 551 490 657 255 432 554 378 518 512 406 406 221 363 783 654 399 449 196 721 249 523 181 610 714 735 637 318 362 297 498 394 499 246 626 111 652 766 299 309 874 268 879 339 769 50 405 311 744 527 516 294 611 475 500 161 173 709 495 682 663 159 447 672 49 460 240 203 394 287 513 696 233 631 456 288 219 808 462 686 592 758 816 408 341 337 325 689 462 897 517 247 656 851 507 441 607 594 63 581 319 778 471 194 206 494 711 269 228 539 207 277 657 299 280 366 644 189 219 652 499 669 546 745 455 497 472 386 791 740 567 274 768 138 475 142 840 765 472 197 669 849 786 663 727 879 249 785 631 55 769 578 510 30 407 511 367 286 321 277 322 831 164 247 603 500 209 209 914 656 357 719 606 197 251 633 534 467 631 658 271 194 377 356 467 106 436 265 589 481 271 644 766 672 178 395 583 127 709 749 273 298 458 642
711 547 633 491 831 840 915 172 180 519 309 420 915 735 369 583 855 398 410 959 1000 363 682 0 57 463 237 237 377 652 573 544 289 663 689 535 467 211 599 644 903 367 917 41 719 634 150 160 42 722 615 727 640 709 761 191 962 691 344 281 942 571 662 302 966 792 736 339 475 848 416 1021 391 782 364 674 306 350 595 815 416 653 741 738 621 428 310 391 455 301 220 663 888 692 316 594 619 641 469 282 848 337 505 191 301 766 506 40 433 877 753 991 74 320 571 379 322 395 362 452 185 883 225 783 63 629 397 510 408 535 590 620 568 728 309 645 379 550 293 855 125 418 197 676 546 393 815 2 327 827 386 217 682 227 922 691 666 580 972 371 684 204 280 524 856 612 230 737 235 254 552 685 956 839 465 221 224 421 404 870 59 596 695 613 171 116 701 275 728 382 905 869 733 416 218 493 458 889 860 582 53 901 461 787 50 598 851 1013 207 164 257 591 306 884 326 298 499 355 245 790 329 647 240 581 535 313 839 485 789 593 191 58 399 532 914 605 111 628 209 128 275 713 553 255 733 683 862 941 913 425 572 916 942 940 870 870 520 767 347 129 983 848 599 49 577 648 276 398 770 734 319 484 684 577 790 465 745 623 475 194 107 238 858 320 646 660 212 154 659 499 227 48
729 494 657 490 835 886 930 126 207 544 354 382 934 781 377 602 862 440 466 1007 997 365 720 57 0 412 265 284 379 692 545 590 338 669 690 573 447 267 573 667 927 420 960 33 744 623 105 174 99 715 586 752 692 750 780 246 959 670 359 231 937 519 713 288 1012 784 745 345 531 860 474 1021 432 792 421 664 297 349 586 843 473 687 784 783 670 458 366 448 500 293 273 646 916 696 307 650 614 637 476 315 893 365 468 246 328 772 537 54 473 881 780 994 25 280 553 425 365 439 420 508 221 911 205 823 121 600 443 526 357 586 549 675 536 764 359 660 341 542 293 904 126 475 224 722 591 446 818 59 381 868 391 186 717 260 958 714 673 597 983 339 705 260 296 543 900 578 260 720 223 206 514 691 1003 857 518 272 257 368 462 897 116 558 693 615 163 131 742 333 743 339 915 903 757 413 178 543 499 892 903 634 63 926 510 800 76 623 896 1014 260 217 314 563 361 890 383 333 461 316 238 811 374 692 260 625 494 358 845 524 776 554 135 58 450 487 946 573 168 665 157 147 278 750 609 261 744 700 912 983 961 379 601 948 943 950 902 902 472 754 395 172 986 891 619 99 569 648 332 453 790 782 367 496 686 616 798 513 738 621 524 249 51 291 894 344 636 689 260 101 676 518 272 104
775 95 750 475 766 1113 932 291 477 675 639 152 961 1027 461 683 811 695 817 1249 858 429 903 463 412 0 508 602 433 897 305 846 751 638 630 782 318 634 339 758 991 830 1160 422 831 493 314 428 494 581 320 840 987 958 822 612 818 453 494 182 790 107 999 322 1231 638 724 440 878 842 845 895 683 775 777 526 355 403 475 946 825 852 1000 1018 940 638 770 816 763 357 621 461 1010 655 351 982 524 549 513 556 1116 567 184 654 541 723 710 465 707 807 877 899 389 178 385 705 638 708 793 848 513 1009 311 1014 524 333 716 608 55 881 189 992 262 931 679 693 159 460 395 1160 396 842 481 972 840 856 748 465 789 1063 456 279 878 523 1107 800 657 661 941 207 775 664 470 631 1118 277 511 522 338 211 200 665 1236 882 832 683 526 52 840 987 520 221 607 576 362 427 949 727 766 125 878 1042 840 417 256 834 737 811 1110 933 425 994 800 800 442 738 1117 901 609 627 699 310 712 832 745 579 170 164 358 862 786 936 473 866 156 769 793 743 596 218 281 415 862 114 1064 289 569 850 254 436 407 926 952 415 741 743 1177 1180 1206 72 744 1072 838 906 1025 1025 69 580 693 584 892 1099 698 481 476 588 737 859 841 1034 666 561 624 821 759 795 602 556 813 656 380 701 1045 529 501 817 672 310 729 614 582 498
477 603 397 300 616 639 682 272 57 282 131 396 679 541 170 348 634 195 322 768 798 181 459 237 265 508 0 115 193 435 478 351 408 449 482 314 350 191 492 407 666 442 706 231 482 464 260 100 211 540 522 490 481 495 526 178 763 554 125 354 747 608 495 206 764 608 513 150 378 620 366 814 184 556 291 501 183 184 424 579 332 423 532 538 441 193 368 336 262 178 157 515 652 478 193 475 434 451 259 54 645 100 460 302 64 549 272 276 219 661 516 776 256 329 436 198 131 203 322 347 58 647 197 565 228 533 210 279 465 374 562 484 493 500 178 415 365 376 143 671 153 359 41 483 348 469 601 237 397 611 190 236 453 23 695 454 447 348 745 329 448 291 72 291 650 540 8 583 170 322 506 467 760 605 324 346 29 486 371 633 231 551 497 407 157 135 486 305 497 389 679 639 496 243 270 327 248 674 650 426 202 664 293 557 191 361 647 802 152 297 262 497 229 663 268 76 461 350 152 554 460 449 38 379 508 448 619 266 619 548 331 207 483 529 681 525 231 403 319 119 121 488 449 102 506 450 684 728 723 444 336 683 732 714 637 637 542 598 185 317 768 638 364 191 402 445 342 445 534 544 159 261 478 357 569 289 561 426 306 296 308 344 630 85 477 424 354 292 425 266 94 207
535 696 444 405 700 603 740 337 125 329 75 503 728 497 278 409 712 165 215 722 888 293 453 237 284 602 115 0 304 419 592 306 317 536 574 306 465 89 607 455 702 337 681 252 523 572 320 174 198 643 637 529 410 474 581 86 856 667 226 435 841 706 429 318 729 709 591 262 275 689 253 901 161 629 179 607 296 299 533 605 224 431 505 500 385 231 262 223 217 292 51 627 677 565 307 382 537 552 357 106 611 161 571 221 141 632 296 274 205 743 549 857 286 427 550 142 92 159 207 246 89 671 293 549 199 648 160 353 555 303 672 400 607 501 78 486 469 484 258 619 213 246 124 438 309 363 686 237 293 592 298 323 460 92 694 498 531 416 813 437 499 204 185 359 619 655 107 693 272 402 618 552 719 659 239 263 87 574 256 661 203 663 594 502 240 184 466 198 561 489 749 645 537 355 351 258 225 757 624 352 227 699 225 624 209 403 614 886 52 227 153 612 116 741 153 104 571 451 259 603 369 409 152 344 617 360 698 256 725 660 387 235 377 634 694 639 178 401 385 171 235 484 350 215 579 512 627 705 676 544 367 694 818 785 651 651 643 704 110 268 850 611 423 188 510 541 240 334 584 497 82 347 571 346 648 228 663 525 239 213 335 255 631 173 584 451 277 345 486 336 21 192
373 524 325 114 456 683 563 315 221 241 291 289 576 604 33 259 483 305 493 820 623 13 470 377 379 433 193 304 0 467 305 437 597 290 312 357 178 384 313 334 586 635 726 353 411 272 317 218 368 352 348 420 590 527 423 371 586 363 86 340 567 514 595 126 799 421 368 42 539 486 546 644 292 417 469 309 96 35 232 524 502 418 570 592 532 215 561 517 367 98 350 322 592 317 94 615 246 266 101 204 686 175 323 489 172 392 279 413 301 502 455 615 359 272 247 332 279 325 506 507 245 590 197 581 393 357 336 180 408 493 424 612 332 497 352 295 274 184 85 737 254 536 207 553 428 663 439 379 591 629 22 241 444 216 676 379 296 244 606 226 360 481 120 202 687 377 201 390 165 316 362 313 806 496 465 533 222 431 554 570 394 403 318 236 217 261 518 498 377 309 539 612 422 50 279 448 330 513 678 543 327 586 418 429 326 307 685 636 345 480 455 324 413 511 452 218 329 272 144 460 648 516 161 447 379 636 466 325 427 401 376 326 676 413 640 358 410 417 346 250 102 493 600 122 371 341 757 746 779 361 310 646 565 573 598 599 444 406 339 486 607 667 276 345 210 270 535 638 438 613 321 137 307 394 419 408 374 246 428 484 404 534 613 142 284 386 538 351 321 182 285 366
316 990 235 472 539 215 460 705 490 236 344 756 420 149 437 278 518 255 377 353 731 469 50 652 692 897 435 419 467 0 739 138 676 445 494 121 629 483 733 238 357 645 270 659 241 597 695 536 616 611 775 239 228 60 330 493 713 726 404 774 714 981 209 576 334 648 434 457 360 461 442 723 261 437 403 610 543 495 572 246 383 89 103 129 154 261 588 431 207 542 453 677 306 463 546 328 540 536 413 381 219 344 786 614 378 486 188 691 219 565 229 656 688 726 650 280 330 261 451 345 471 296 611 130 618 779 261 319 866 217 884 289 778 99 365 340 739 541 505 276 588 427 476 119 126 661 534 652 617 175 445 657 94 434 278 242 423 308 561 692 270 590 440 299 220 818 438 710 578 744 821 439 339 385 277 648 436 889 469 298 623 858 535 464 588 569 52 537 358 772 517 239 251 496 695 220 194 581 216 227 630 350 234 408 616 210 219 697 463 630 504 756 412 541 427 361 794 733 554 321 723 91 455 93 843 720 514 169 698 856 766 637 679 880 296 795 595 57 751 553 498 76 356 496 404 320 300 293 313 826 175 292 646 547 256 256 912 684 318 682 650 204 274 603 551 493 586 610 316 163 341 363 496 78 476 219 618 503 224 604 740 629 219 379 604 163 668 728 305 305 426 610
533 356 540 267 474 950 656 427 482 503 593 188 694 885 338 476 522 610 794 1088 553 312 729 573 545 305 478 592 305 739 0 734 846 375 352 644 128 660 34 544 739 903 974 535 605 203 444 452 585 282 44 614 890 795 572 643 513 150 391 362 485 321 893 284 1055 335 454 339 843 563 843 590 597 502 767 229 298 298 199 718 804 672 839 869 827 511 831 814 671 303 632 157 771 384 287 920 249 270 327 503 951 481 120 737 473 441 559 596 603 512 653 598 520 280 100 638 583 631 800 811 516 773 349 835 616 56 641 420 322 796 169 916 49 743 651 456 222 207 334 1016 457 835 475 839 724 930 457 576 857 881 321 359 692 500 893 577 397 448 651 207 547 736 410 441 948 78 485 217 347 366 115 400 1070 620 771 777 505 339 849 749 615 131 321 319 408 480 786 773 512 246 591 826 611 259 372 752 630 514 934 846 521 743 723 533 531 542 949 597 624 719 733 19 707 541 746 520 135 245 348 614 893 802 440 738 158 878 505 621 291 131 461 515 941 210 836 56 649 684 422 478 358 745 906 379 477 503 1039 992 1051 253 566 845 536 615 801 801 265 275 643 702 591 924 487 564 210 317 801 915 594 897 623 376 347 675 478 712 302 287 733 734 541 785 837 446 208 618 775 465 497 434 572 586
405 941 309 476 623 296 577 622 399 253 236 716 544 192 404 327 612 155 239 418 821 435 186 544 590 846 351 306 437 138 734 0 541 501 550 105 613 358 735 317 488 507 377 556 347 625 608 449 505 658 774 348 156 178 433 370 798 749 359 703 794 939 158 526 422 706 511 415 226 563 305 819 166 526 265 646 493 457 593 378 245 199 202 193 94 223 450 293 90 491 332 700 441 524 500 221 571 573 412 297 304 279 760 483 306 563 186 580 139 656 348 756 588 669 656 164 226 151 313 208 373 432 543 255 503 781 147 335 808 90 862 196 766 236 241 405 693 555 452 320 499 289 388 133 15 523 616 543 479 293 417 585 218 343 412 338 483 352 673 649 358 459 376 321 312 810 351 746 512 672 800 501 413 498 139 515 344 830 331 432 507 841 587 503 508 475 173 401 446 722 622 376 359 476 621 82 109 672 319 123 529 482 97 504 513 271 307 795 343 502 371 752 279 638 291 274 765 683 490 433 586 103 379 45 815 584 604 113 748 838 679 537 541 846 434 789 474 156 669 460 439 214 236 431 486 400 333 400 373 778 223 430 738 655 394 394 870 731 198 558 750 307 330 494 570 538 450 472 423 194 224 368 550 105 561 85 670 540 87 473 639 495 355 317 634 261 537 639 379 316 317 499
849 832 754 708 1017 810 1052 462 377 642 377 707 1036 701 578 724 1029 452 313 899 1204 585 721 289 338 751 408 317 597 676 846 541 0 852 888 586 729 227 868 765 1000 95 904 331 828 870 439 395 265 948 890 833 564 719 893 233 1170 948 533 569 1154 858 594 563 928 1016 908 555 361 1005 269 1218 454 946 277 907 556 582 830 896 312 714 737 715 581 545 96 263 474 550 266 914 966 881 567 475 842 859 667 420 820 478 790 109 454 949 600 285 495 1060 848 1174 361 608 827 412 396 434 235 357 352 959 499 795 234 903 430 670 696 486 878 517 848 771 326 802 666 781 529 792 390 281 390 648 550 115 1002 287 79 830 598 502 740 386 953 806 847 733 1129 653 810 116 478 676 832 893 399 984 499 543 837 868 905 970 411 69 380 707 243 953 236 882 906 814 439 366 713 139 877 671 1065 915 842 646 507 462 504 1074 847 513 335 996 443 940 321 712 826 1203 265 128 177 865 267 1058 249 421 785 642 500 911 52 632 436 586 823 44 1015 541 1025 879 472 343 114 821 970 883 197 677 496 368 506 751 424 483 896 827 788 927 855 715 671 968 1135 1101 929 929 810 1004 373 168 1167 835 738 285 808 853 90 144 894 693 362 662 885 619 965 457 969 835 454 114 375 63 895 485 882 750 78 440 801 653 328 263
165 712 211 184 168 630 293 600 494 252 489 488 323 593 293 174 194 448 664 762 352 303 417 663 669 638 449 536 290 445 375 501 852 0 49 396 320 625 353 209 364 871 632 642 248 180 604 503 650 166 395 255 651 488 198 619 320 303 325 602 308 685 642 401 717 205 86 324 688 206 730 365 439 137 658 177 379 322 175 352 674 360 530 570 577 329 796 705 479 383 587 256 399 29 373 720 126 108 194 431 627 375 469 750 398 102 319 700 416 214 292 328 649 521 274 490 471 472 706 660 508 401 482 505 672 393 482 189 633 587 543 698 423 413 551 105 496 178 375 711 543 717 477 563 487 896 152 665 828 546 277 523 370 469 532 225 25 149 319 450 193 736 387 191 621 449 457 272 453 586 485 26 740 246 597 793 475 655 747 377 674 506 90 62 507 547 480 732 138 532 252 465 249 263 557 555 430 225 601 624 615 368 539 161 613 237 624 352 587 747 688 384 620 221 656 432 482 505 433 240 904 530 430 484 522 894 176 401 253 506 659 615 911 571 467 425 681 388 625 535 390 423 726 409 103 141 738 646 732 570 281 477 283 285 436 436 621 239 517 764 320 593 173 627 166 59 777 860 221 609 514 189 50 407 131 522 172 87 542 743 694 789 481 367 181 290 803 638 146 208 524 647
