90
0 384 321 630 85 609 587 971 103 650 213 622 867 171 244 326 887 108 541 459 625 863 603 225 74 424 851 779 233 554 732 671 610 337 583 990 861 644 439 604 455 352 640 411 801 728 670 780 539 416 40 427 77 485 343 532 315 753 109 747 834 209 724 507 166 240 589 452 613 421 379 390 293 829 622 710 844 478 575 357 494 365 468 851 896 520 288 795 714 366
384 0 332 288 407 235 248 588 484 344 198 270 558 231 226 211 503 489 159 81 240 480 529 548 373 623 742 608 593 423 362 484 558 627 231 606 478 617 138 565 211 555 472 580 435 567 420 568 289 624 346 205 309 621 654 376 315 378 493 522 490 246 568 246 489 556 228 470 334 84 210 341 626 559 260 455 461 373 242 147 221 324 501 684 515 238 306 476 334 27
321 332 0 423 401 548 388 810 365 677 190 597 599 325 130 453 767 369 467 405 517 710 795 327 375 303 531 460 401 236 670 358 295 356 400 842 742 339 463 816 523 245 325 254 603 408 384 469 279 307 289 507 303 289 395 669 515 678 391 442 602 142 404 265 292 325 552 684 355 296 152 71 393 539 444 421 730 160 575 428 268 49 181 530 730 290 37 542 562 338
630 288 423 0 673 280 43 389 717 468 416 352 272 506 401 495 369 722 236 264 196 295 773 734 639 716 579 417 798 334 350 311 485 779 58 423 346 546 372 818 447 666 323 663 180 395 203 349 164 723 589 456 565 672 816 610 601 340 734 302 206 435 400 160 685 736 316 746 123 217 278 379 807 295 57 222 341 340 376 425 155 383 516 484 308 133 423 189 162 315
85 407 401 673 0 616 630 994 144 632 267 620 922 176 309 301 900 147 555 475 644 886 539 291 34 505 932 854 279 629 735 742 693 406 622 1010 876 728 435 535 435 435 713 495 838 803 733 850 599 496 111 407 110 570 406 486 264 759 130 815 879 277 800 563 239 308 591 381 670 458 440 468 351 891 658 773 857 553 567 348 548 441 553 927 922 573 366 847 741 385
609 235 548 280 616 0 266 398 711 188 434 71 524 442 458 342 287 716 81 154 88 295 527 784 584 848 850 693 826 567 126 580 717 862 237 404 263 779 188 578 232 783 583 802 323 666 480 629 394 851 574 254 532 835 890 365 440 144 718 582 414 481 670 363 724 792 43 543 392 252 403 538 862 570 223 502 243 541 108 276 340 529 699 763 339 339 529 443 194 246
587 248 388 43 630 266 0 421 675 452 374 337 311 464 360 456 391 679 212 230 188 323 743 695 596 684 584 427 757 320 349 314 472 742 29 454 366 534 339 786 415 632 321 632 219 400 214 365 144 691 547 422 522 645 779 581 562 343 691 317 249 394 404 131 645 697 298 710 125 175 240 348 768 324 61 239 359 317 355 387 121 350 491 496 341 103 386 228 181 275
971 588 810 389 994 398 421 0 1068 513 768 432 399 818 769 739 138 1073 441 520 351 108 890 1109 961 1105 870 707 1165 706 323 643 847 1163 411 46 149 905 585 945 629 1054 668 1052 220 708 530 622 549 1112 932 653 898 1059 1198 740 839 290 1080 588 283 801 715 549 1055 1112 437 935 490 555 661 768 1184 501 367 522 171 725 491 670 542 772 901 748 80 522 806 367 258 609
103 484 365 717 144 711 675 1068 0 754 302 726 942 275 319 427 987 4 642 561 724 960 683 152 157 385 877 824 135 601 835 723 633 267 673 1089 962 659 543 678 557 321 690 386 892 772 737 834 612 374 137 530 181 463 263 626 405 856 29 805 919 283 767 583 113 170 692 525 688 514 453 437 207 895 713 776 945 526 679 461 574 413 481 892 992 600 338 874 810 467
650 344 677 468 632 188 452 513 754 0 523 117 709 480 564 331 378 758 245 277 276 428 377 855 606 963 1032 878 882 736 191 762 883 949 423 503 363 944 222 433 196 892 762 922 496 848 666 817 570 963 623 225 575 966 970 234 397 224 752 769 593 579 852 535 793 866 153 441 577 396 547 682 932 759 412 690 341 701 105 293 510 667 843 949 475 514 650 629 370 340
213 198 190 416 267 434 374 768 302 523 0 465 656 140 60 264 695 307 357 279 431 661 605 350 234 441 701 602 399 382 560 485 477 430 371 791 669 526 301 626 349 369 459 405 590 553 466 590 332 441 173 330 156 459 456 484 325 576 317 552 621 57 551 296 292 358 424 494 403 213 174 237 428 624 411 506 654 310 429 248 282 212 372 678 691 308 154 582 510 190
622 270 597 352 620 71 337 432 726 117 465 0 593 452 496 330 307 731 138 192 159 336 469 811 590 892 920 764 847 632 120 649 781 896 308 431 287 843 184 522 204 825 652 848 386 736 551 701 462 894 590 230 545 886 921 312 419 149 730 654 480 516 740 428 749 820 45 502 463 304 457 593 888 641 295 574 265 602 59 272 405 581 754 834 382 405 574 512 257 275
867 558 599 272 922 524 311 399 942 709 656 593 0 765 624 767 469 946 499 537 436 369 1040 927 888 843 479 322 999 406 549 298 512 944 331 445 456 560 643 1087 717 813 334 789 229 337 218 238 329 854 827 727 811 772 986 877 873 526 963 218 128 659 346 360 888 924 566 1019 253 481 489 534 991 108 316 186 465 458 630 698 373 550 615 353 345 348 613 84 341 586
171 231 325 506 176 442 464 818 275 480 140 452 765 0 200 163 725 280 380 299 468 710 483 380 142 533 842 740 402 521 564 620 617 483 453 834 701 664 268 497 285 459 596 506 665 692 591 722 454 529 143 259 94 569 498 382 193 586 277 682 713 183 690 414 318 393 420 359 519 289 306 377 455 746 487 630 682 450 403 186 395 351 503 815 746 419 287 686 566 209
244 226 130 401 309 458 360 769 319 564 60 496 624 200 0 322 706 323 378 305 444 663 665 340 278 398 643 549 398 326 584 434 417 406 361 795 680 465 345 686 399 329 406 357 579 499 426 541 296 399 204 381 200 406 436 540 386 597 339 505 600 35 497 265 286 344 454 555 370 218 135 177 415 585 404 466 666 252 466 301 255 151 312 623 690 281 94 555 511 224
326 211 453 495 301 342 456 739 427 331 264 330 767 163 322 0 628 431 303 237 394 633 344 542 275 692 932 809 559 608 449 685 726 646 437 747 606 779 153 370 134 617 669 661 623 766 630 775 496 688 304 106 254 720 660 222 106 476 423 731 690 319 766 453 480 556 308 260 545 294 383 489 616 771 459 666 585 546 273 71 429 466 635 886 675 448 417 684 505 185
887 503 767 369 900 287 391 138 987 378 695 307 469 725 706 628 0 992 346 427 263 99 755 1044 868 1069 913 747 1094 704 191 663 853 1109 372 125 25 913 475 811 510 1012 682 1018 247 738 548 665 533 1074 850 535 811 1035 1142 609 723 159 996 625 341 734 745 521 987 1050 320 808 488 487 614 736 1121 559 330 550 43 707 367 563 509 735 882 799 132 493 757 415 209 520
108 489 369 722 147 716 679 1073 4 758 307 731 946 280 323 431 992 0 647 566 729 965 686 151 161 385 880 827 132 604 840 727 636 266 678 1094 967 661 548 681 562 322 694 386 897 775 741 838 617 374 142 534 186 464 261 630 409 861 28 809 923 288 771 588 113 169 697 528 693 519 457 440 204 899 718 780 950 529 683 466 579 417 483 895 997 604 342 878 815 472
541 159 467 236 555 81 212 441 642 245 357 138 499 380 378 303 346 647 0 81 91 334 540 708 522 767 787 635 753 494 206 517 643 783 183 454 321 704 154 587 220 702 517 721 324 604 424 576 325 770 504 235 465 754 812 377 408 219 650 529 403 402 607 290 649 715 94 531 334 171 322 458 785 531 184 451 303 464 144 232 267 448 618 706 373 268 447 415 202 175
459 81 405 264 475 154 230 520 561 277 279 192 537 299 305 237 427 566 81 0 168 411 514 629 442 700 774 630 673 465 281 508 609 708 206 535 402 669 108 556 186 633 502 656 386 594 429 581 311 702 423 192 383 694 735 354 344 298 569 534 454 327 596 271 570 637 148 482 338 119 270 405 707 554 223 460 384 425 172 165 245 392 567 705 449 255 381 453 272 93
625 240 517 196 644 88 188 351 724 276 431 159 436 468 444 394 263 729 91 168 0 243 611 781 610 820 773 613 830 502 164 503 655 850 160 366 238 717 243 661 303 759 509 771 241 588 398 546 326 824 587 321 550 796 880 448 498 164 734 499 328 472 593 300 723 787 130 616 313 226 365 496 858 482 139 418 222 486 194 323 280 490 652 680 282 274 502 354 114 259
863 480 710 295 886 295 323 108 960 428 661 336 369 710 663 633 99 965 334 411 243 0 803 1003 852 1008 818 652 1059 624 238 574 770 1060 310 131 89 829 480 857 528 955 595 956 151 646 459 570 459 1015 824 550 789 967 1095 648 734 206 972 531 242 694 653 454 949 1007 336 837 406 448 559 672 1079 460 266 458 104 635 393 564 444 674 811 702 46 426 705 317 151 501
603 529 795 773 539 527 743 890 683 377 605 469 1040 483 665 344 755 686 540 514 611 803 0 827 531 1013 1269 1137 818 946 567 1012 1070 940 717 880 740 1123 405 56 328 938 1000 988 851 1096 942 1093 817 1007 597 325 552 1053 944 163 292 600 667 1047 939 658 1097 775 769 843 483 166 852 611 723 833 890 1067 724 975 718 887 419 386 749 810 977 1212 849 764 759 956 721 506
225 548 327 734 291 784 695 1109 152 855 350 811 927 380 340 542 1044 151 708 629 781 1003 827 0 295 242 786 759 80 548 911 674 545 115 699 1135 1018 559 636 825 664 189 638 254 914 708 711 784 603 229 239 639 289 331 118 755 541 927 178 762 925 309 702 583 62 18 772 672 680 557 456 394 77 864 742 748 1003 479 770 563 581 376 387 820 1029 605 315 868 851 538
74 373 375 639 34 584 596 961 157 606 234 590 888 142 278 275 868 161 522 442 610 852 531 295 0 499 907 825 292 600 704 712 669 409 588 977 843 706 405 530 409 427 684 485 803 775 701 820 566 491 89 380 78 558 413 469 248 727 149 784 845 247 772 530 239 312 560 378 637 423 408 441 360 859 624 740 825 525 538 318 514 414 532 899 888 540 339 813 707 351
424 623 303 716 505 848 684 1105 385 963 441 892 843 533 398 692 1069 385 767 700 820 1008 1013 242 499 0 594 607 310 437 972 555 373 157 698 1138 1043 365 742 1021 791 74 517 54 891 561 626 654 558 15 418 770 462 101 197 914 720 981 413 645 875 385 553 555 272 225 849 872 627 597 455 336 243 760 742 657 1033 390 865 689 563 334 230 655 1024 582 319 803 862 623
851 742 531 579 932 850 584 870 877 1032 701 920 479 842 643 932 913 880 787 774 773 818 1269 786 907 594 0 166 867 324 929 270 243 743 613 916 895 230 875 1301 951 608 272 553 667 184 376 249 464 609 820 947 834 494 787 1118 1017 917 906 287 587 666 180 503 780 775 879 1186 459 662 549 467 820 371 635 365 897 391 931 883 528 494 400 128 806 521 567 504 730 763
779 608 460 417 854 693 427 707 824 878 602 764 322 740 549 809 747 827 635 630 613 652 1137 759 825 607 166 0 839 225 766 124 236 740 456 752 728 264 735 1173 813 601 143 558 501 51 214 85 320 621 744 812 749 517 784 981 902 754 851 121 423 578 57 362 739 751 724 1068 301 525 435 389 807 214 474 199 731 301 779 754 387 414 383 76 641 375 491 339 565 631
233 593 401 798 279 826 757 1165 135 882 399 847 999 402 398 559 1094 132 753 673 830 1059 818 80 292 310 867 839 0 626 952 753 626 163 760 1189 1068 639 667 811 687 266 716 329 977 788 785 863 674 297 259 660 307 405 143 761 541 971 150 839 992 365 782 651 112 92 811 658 751 610 521 470 81 940 802 823 1053 556 802 588 647 451 467 901 1087 672 386 939 907 579
554 423 236 334 629 567 320 706 601 736 382 632 406 521 326 608 704 604 494 465 502 624 946 548 600 437 324 225 626 0 666 126 152 547 345 746 681 214 559 977 634 411 90 383 486 174 191 236 176 448 519 628 524 367 590 799 693 663 627 215 449 354 171 204 522 542 588 862 217 348 225 164 603 325 381 219 676 76 632 560 227 189 209 298 629 229 265 371 497 442
732 362 670 350 735 126 349 323 835 191 560 120 549 564 584 449 191 840 206 281 164 238 567 911 704 972 929 766 952 666 0 661 819 989 322 316 174 881 300 623 324 908 670 925 324 745 553 694 490 975 698 350 655 955 1017 418 539 33 841 649 425 608 750 464 851 919 144 617 472 374 522 655 988 615 294 568 151 649 179 389 444 648 813 830 284 438 652 475 210 373
671 484 358 311 742 580 314 643 723 762 485 649 298 620 434 685 663 727 517 508 503 574 1012 674 712 555 270 124 753 126 661 0 214 672 343 686 643 266 612 1048 689 535 38 502 426 86 115 110 197 567 634 688 634 477 715 858 778 651 749 90 367 465 90 238 647 668 608 944 189 401 314 287 729 206 367 122 642 198 661 629 264 310 324 200 570 253 385 283 468 507
610 558 295 485 693 717 472 847 633 883 477 781 512 617 417 726 853 636 643 609 655 770 1070 545 669 373 243 236 626 152 819 214 0 512 498 888 830 62 696 1096 769 374 182 325 628 192 319 293 329 387 581 759 598 281 556 929 801 815 662 296 578 436 184 355 536 535 737 971 364 489 350 240 584 414 532 335 826 185 778 687 377 265 158 282 772 380 333 496 647 574
337 627 356 779 406 862 742 1163 267 949 430 896 944 483 406 646 1109 266 783 708 850 1060 940 115 409 157 743 740 163 547 989 672 512 0 751 1192 1084 513 727 940 762 139 634 191 959 691 726 777 634 142 346 738 395 258 43 863 652 1003 292 762 958 381 684 621 170 98 855 787 709 623 502 412 87 871 795 760 1070 486 859 659 623 400 357 794 1083 646 356 894 910 621
583 231 400 58 622 237 29 411 673 423 371 308 331 453 361 437 372 678 183 206 160 310 717 699 588 698 613 456 760 345 322 343 498 751 0 442 347 560 314 761 390 644 349 647 219 429 243 394 168 705 543 398 516 662 786 555 543 317 689 346 260 395 433 150 648 702 269 688 154 164 249 364 773 350 44 267 339 338 327 367 136 364 510 525 331 122 395 247 163 258
990 606 842 423 1010 404 454 46 1089 503 791 431 445 834 795 747 125 1094 454 535 366 131 880 1135 977 1138 916 752 1189 746 316 686 888 1192 442 0 143 947 593 936 632 1086 710 1086 260 752 572 667 586 1145 952 657 916 1095 1227 734 844 284 1100 633 328 826 760 583 1080 1139 440 933 529 579 691 802 1210 547 398 565 165 762 490 679 575 805 938 794 117 556 836 412 283 626
861 478 742 346 876 263 366 149 962 363 669 287 456 701 680 606 25 967 321 402 238 89 740 1018 843 1043 895 728 1068 681 174 643 830 1084 347 143 0 891 452 796 489 986 661 992 231 719 528 648 509 1049 824 514 786 1010 1116 592 702 141 971 607 328 709 725 497 961 1024 298 789 465 461 589 711 1095 544 305 531 22 683 347 540 484 709 858 782 129 469 732 400 185 495
644 617 339 546 728 779 534 905 659 944 526 843 560 664 465 779 913 661 704 669 717 829 1123 559 706 365 230 264 639 214 881 266 62 513 560 947 891 0 755 1148 826 378 237 322 686 229 375 332 391 379 618 816 639 266 556 985 851 877 688 342 633 481 220 417 556 547 799 1020 425 549 407 290 590 458 594 388 887 244 839 742 439 314 178 296 830 443 376 549 709 632
439 138 463 372 435 188 339 585 543 222 301 184 643 268 345 153 475 548 154 108 243 480 405 636 405 742 875 735 667 559 300 612 696 727 314 593 452 755 0 447 78 671 603 702 479 697 536 688 415 742 408 83 362 749 749 246 254 326 546 641 554 357 699 373 574 646 157 378 447 212 348 477 713 663 327 569 432 511 135 88 348 460 636 810 522 360 433 559 357 125
604 565 816 818 535 578 786 945 678 433 626 522 1087 497 686 370 811 681 587 556 661 857 56 825 530 1021 1301 1173 811 977 623 1048 1096 940 761 936 796 1148 447 0 371 947 1035 999 901 1131 982 1132 854 1015 602 365 559 1065 941 212 304 656 661 1086 988 677 1132 812 770 842 534 153 893 648 753 858 886 1111 770 1015 774 916 470 419 787 834 998 1249 903 802 779 1003 772 541
455 211 523 447 435 232 415 629 557 196 349 204 717 285 399 134 510 562 220 186 303 528 328 664 409 791 951 813 687 634 324 689 769 762 390 632 489 826 78 371 0 718 680 754 543 774 614 766 493 789 429 28 380 806 781 168 215 353 556 719 623 406 776 451 602 677 192 313 524 289 418 544 740 739 400 646 467 583 145 103 425 525 701 888 572 438 492 633 417 194
352 555 245 666 435 783 632 1054 321 892 369 825 813 459 329 617 1012 322 702 633 759 955 938 189 427 74 608 601 266 411 908 535 374 139 644 1086 986 378 671 947 718 0 497 65 844 552 595 639 513 71 345 697 388 142 183 840 646 918 350 625 835 313 545 506 208 175 782 798 585 534 397 289 212 736 688 627 975 355 795 616 511 282 218 655 974 532 256 767 807 553
640 472 325 323 713 583 321 668 690 762 459 652 334 596 406 669 682 694 517 502 509 595 1000 638 684 517 272 143 716 90 670 38 182 634 349 710 661 237 603 1035 680 497 0 464 450 96 138 146 192 529 604 677 606 439 677 848 760 662 716 128 396 436 96 230 612 632 609 927 199 391 292 253 692 243 376 153 659 164 660 615 256 277 286 219 594 249 353 313 483 494
411 580 254 663 495 802 632 1052 386 922 405 848 789 506 357 661 1018 386 721 656 771 956 988 254 485 54 553 558 329 383 925 502 325 191 647 1086 992 322 702 999 754 65 464 0 838 511 572 603 504 65 401 734 441 77 233 883 696 933 415 592 820 348 503 502 273 239 804 852 573 550 405 283 271 707 690 602 982 336 822 653 511 282 178 608 972 530 274 749 810 581
801 435 603 180 838 323 219 220 892 496 590 386 229 665 579 623 247 897 324 386 241 151 851 914 803 891 667 501 977 486 324 426 628 959 219 260 231 686 479 901 543 844 450 838 0 496 312 418 333 899 761 560 733 842 997 689 729 299 907 380 102 613 503 338 865 916 367 856 270 380 459 556 987 312 179 308 238 507 432 551 336 562 683 551 144 313 604 168 129 461
728 567 408 395 803 666 400 708 772 848 553 736 337 692 499 766 738 775 604 594 588 646 1096 708 775 561 184 51 788 174 745 86 192 691 429 752 719 229 697 1131 774 552 96 511 496 0 193 103 282 574 693 772 698 473 735 942 856 735 799 121 426 528 8 323 688 700 695 1024 274 485 388 337 756 232 451 188 720 250 748 712 349 363 334 124 638 339 439 341 549 590
670 420 384 203 733 480 214 530 737 666 466 551 218 591 426 630 548 741 424 429 398 459 942 711 701 626 376 214 785 191 553 115 319 726 243 572 528 375 536 982 614 595 138 572 312 193 0 152 137 637 631 617 622 559 767 783 730 541 760 105 260 460 199 179 675 708 512 890 90 336 292 317 774 159 260 39 527 239 569 567 201 334 400 282 456 181 402 180 355 445
780 568 469 349 850 629 365 622 834 817 590 701 238 722 541 775 665 838 576 581 546 570 1093 784 820 654 249 85 863 236 694 110 293 777 394 667 648 332 688 1132 766 639 146 603 418 103 152 0 279 667 743 768 742 570 821 935 873 680 860 47 338 573 112 322 758 778 663 1036 243 484 416 398 838 131 407 127 651 309 721 715 346 421 424 136 557 329 496 255 489 593
539 289 279 164 599 394 144 549 612 570 332 462 329 454 296 496 533 617 325 311 326 459 817 603 566 558 464 320 674 176 490 197 329 634 168 586 509 391 415 854 493 513 192 504 333 282 137 279 0 566 500 492 488 509 674 661 594 486 634 235 323 331 285 43 561 603 419 756 76 206 160 224 671 293 205 176 503 176 468 436 67 233 352 395 470 57 288 264 323 314
416 624 307 723 496 851 691 1112 374 963 441 894 854 529 399 688 1074 374 770 702 824 1015 1007 229 491 15 609 621 297 448 975 567 387 142 705 1145 1049 379 742 1015 789 71 529 65 899 574 637 667 566 0 412 768 456 116 182 911 715 985 402 657 884 384 567 562 262 212 851 865 636 601 460 343 228 772 748 668 1038 400 865 687 570 340 243 669 1032 589 322 813 868 624
40 346 289 589 111 574 547 932 137 623 173 590 827 143 204 304 850 142 504 423 587 824 597 239 89 418 820 744 259 519 698 634 581 346 543 952 824 618 408 602 429 345 604 401 761 693 631 743 500 412 0 402 49 472 357 516 306 719 147 709 794 171 690 466 177 253 555 453 573 381 339 357 312 790 582 671 807 443 544 329 454 330 443 816 857 480 255 755 675 329
427 205 507 456 407 254 422 653 530 225 330 230 727 259 381 106 535 534 235 192 321 550 325 639 380 770 947 812 660 628 350 688 759 738 398 657 514 816 83 365 28 697 677 734 560 772 617 768 492 768 402 0 353 788 755 171 188 379 528 721 637 387 773 449 576 651 216 296 528 286 409 531 714 746 411 650 492 574 171 81 424 511 686 887 594 438 475 643 435 185
77 309 303 565 110 532 522 898 181 575 156 545 811 94 200 254 811 186 465 383 550 789 552 289 78 462 834 749 307 524 655 634 598 395 516 916 786 639 362 559 380 388 606 441 733 698 622 742 488 456 49 353 0 510 407 467 259 676 186 705 771 170 695 452 227 303 511 411 559 352 330 366 362 780 554 662 768 449 497 281 437 340 468 822 823 463 266 737 642 290
485 621 289 672 570 835 645 1059 463 966 459 886 772 569 406 720 1035 464 754 694 796 967 1053 331 558 101 494 517 405 367 955 477 281 258 662 1095 1010 266 749 1065 806 142 439 77 842 473 559 570 509 116 472 788 510 0 299 942 761 960 492 566 815 402 465 514 350 315 841 921 572 583 432 300 342 683 705 586 1001 334 864 707 526 306 159 560 979 542 316 739 825 626
343 654 395 816 406 890 779 1198 263 970 456 921 986 498 436 660 1142 261 812 735 880 1095 944 118 413 197 787 784 143 590 1017 715 556 43 786 1227 1116 556 749 941 781 183 677 233 997 735 767 821 674 182 357 755 407 299 0 874 659 1032 285 805 997 409 728 659 180 104 881 788 749 654 538 453 61 914 830 802 1102 528 882 678 661 440 401 838 1118 684 392 934 944 646
532 376 669 610 486 365 581 740 626 234 484 312 877 382 540 222 609 630 377 354 448 648 163 755 469 914 1118 981 761 799 418 858 929 863 555 734 592 985 246 212 168 840 848 883 689 942 783 935 661 911 516 171 467 942 874 0 222 451 616 888 776 540 944 619 694 769 322 209 693 457 579 699 825 905 561 814 570 744 258 243 594 677 850 1056 694 606 635 793 559 356
315 315 515 601 264 440 562 839 405 397 325 419 873 193 386 106 723 409 408 344 498 734 292 541 248 720 1017 902 541 693 539 778 801 652 543 844 702 851 254 304 215 646 760 696 729 856 730 873 594 715 306 188 259 761 659 222 0 568 395 829 797 374 856 551 481 556 403 169 647 397 469 561 608 874 566 767 680 626 360 178 528 536 695 978 777 549 478 790 610 288
753 378 678 340 759 144 343 290 856 224 576 149 526 586 597 476 159 861 219 298 164 206 600 927 727 981 917 754 971 663 33 651 815 1003 317 284 141 877 326 656 353 918 662 933 299 735 541 680 486 985 719 379 676 960 1032 451 568 0 862 635 401 622 740 463 868 935 168 649 463 384 528 660 1005 596 286 555 118 650 209 414 444 654 816 816 252 436 662 455 191 391
109 493 391 734 130 718 691 1080 29 752 317 730 963 277 339 423 996 28 650 569 734 972 667 178 149 413 906 851 150 627 841 749 662 292 689 1100 971 688 546 661 556 350 716 415 907 799 760 860 634 402 147 528 186 492 285 616 395 862 0 830 937 303 794 604 142 196 697 507 709 528 473 463 226 919 728 799 953 552 681 462 594 439 510 919 1004 619 364 894 823 475
747 522 442 302 815 582 317 588 805 769 552 654 218 682 505 731 625 809 529 534 499 531 1047 762 784 645 287 121 839 215 649 90 296 762 346 633 607 342 641 1086 719 625 128 592 380 121 105 47 235 657 709 721 705 566 805 888 829 635 830 0 306 538 129 277 733 756 616 991 196 438 377 370 818 117 360 80 609 283 673 670 301 392 414 181 520 284 466 220 445 548
834 490 602 206 879 414 249 283 919 593 621 480 128 713 600 690 341 923 403 454 328 242 939 925 845 875 587 423 992 449 425 367 578 958 260 328 328 633 554 988 623 835 396 820 102 426 260 338 323 884 794 637 771 815 997 776 797 401 937 306 0 635 434 341 879 925 457 933 249 423 471 546 994 220 231 245 337 484 522 619 346 557 655 466 221 320 609 85 223 517
209 246 142 435 277 481 394 801 283 579 57 516 659 183 35 319 734 288 402 327 472 694 658 309 247 385 666 578 365 354 608 465 436 381 395 826 709 481 357 677 406 313 436 348 613 528 460 573 331 384 171 387 170 402 409 540 374 622 303 538 635 0 525 300 254 315 474 542 406 247 170 198 386 619 437 500 694 279 483 305 290 172 321 652 722 316 104 590 543 242
724 568 404 400 800 670 404 715 767 852 551 740 346 690 497 766 745 771 607 596 593 653 1097 702 772 553 180 57 782 171 750 90 184 684 433 760 725 220 699 1132 776 545 96 503 503 8 199 112 285 567 690 773 695 465 728 944 856 740 794 129 434 525 0 325 682 694 699 1023 279 487 387 333 750 241 456 195 726 247 751 712 351 359 327 126 646 341 435 349 555 591
507 246 265 160 563 363 131 549 583 535 296 428 360 414 265 453 521 588 290 271 300 454 775 583 530 555 503 362 651 204 464 238 355 621 150 583 497 417 373 812 451 506 230 502 338 323 179 322 43 562 466 449 452 514 659 619 551 463 604 277 341 300 325 0 538 584 385 713 107 163 131 219 654 331 191 217 489 187 431 393 25 223 360 437 469 28 269 290 312 271
166 489 292 685 239 724 645 1055 113 793 292 749 888 318 286 480 987 113 649 570 723 949 769 62 239 272 780 739 112 522 851 647 536 170 648 1080 961 556 574 770 602 208 612 273 865 688 675 758 561 262 177 576 227 350 180 694 481 868 142 733 879 254 682 538 0 75 711 617 638 501 408 362 139 831 691 713 946 449 708 500 534 341 379 804 976 559 274 826 797 478
240 556 325 736 308 792 697 1112 170 866 358 820 924 393 344 556 1050 169 715 637 787 1007 843 18 312 225 775 751 92 542 919 668 535 98 702 1139 1024 547 646 842 677 175 632 239 916 700 708 778 603 212 253 651 303 315 104 769 556 935 196 756 925 315 694 584 75 0 781 689 679 562 457 391 71 860 746 745 1009 474 780 574 582 374 376 811 1033 606 315 867 856 547
589 228 552 316 591 43 298 437 692 153 424 45 566 420 454 308 320 697 94 148 130 336 483 772 560 849 879 724 811 588 144 608 737 855 269 440 298 799 157 534 192 782 609 804 367 695 512 663 419 851 555 216 511 841 881 322 403 168 697 616 457 474 699 385 711 781 0 501 423 259 412 548 850 609 260 536 277 557 64 245 361 536 709 795 380 362 530 483 238 234
452 470 684 746 381 543 710 935 525 441 494 502 1019 359 555 260 808 528 531 482 616 837 166 672 378 872 1186 1068 658 862 617 944 971 787 688 933 789 1020 378 153 313 798 927 852 856 1024 890 1036 756 865 453 296 411 921 788 209 169 649 507 991 933 542 1023 713 617 689 501 0 804 554 637 731 732 1029 705 926 767 796 444 324 690 706 863 1145 882 708 646 935 730 444
613 334 355 123 670 392 125 490 688 577 403 463 253 519 370 545 488 693 334 338 313 406 852 680 637 627 459 301 751 217 472 189 364 709 154 529 465 425 447 893 524 585 199 573 270 274 90 243 76 636 573 528 559 572 749 693 647 463 709 196 249 406 279 107 638 679 423 804 0 250 235 297 748 228 177 122 462 238 479 481 123 308 413 372 412 99 365 188 284 360
421 84 296 217 458 252 175 555 514 396 213 304 481 289 218 294 487 519 171 119 226 448 611 557 423 597 662 525 610 348 374 401 489 623 164 579 461 549 212 648 289 534 391 550 380 485 336 484 206 601 381 286 352 583 654 457 397 384 528 438 423 247 487 163 501 562 259 554 250 0 152 288 633 477 201 371 447 305 291 231 138 277 450 601 478 154 278 401 297 109
379 210 152 278 440 403 240 661 453 547 174 457 489 306 135 383 614 457 322 270 365 559 723 456 408 455 549 435 521 225 522 314 350 502 249 691 589 407 348 753 418 397 292 405 459 388 292 416 160 460 339 409 330 432 538 579 469 528 473 377 471 170 387 131 408 457 412 637 235 152 0 136 528 451 293 332 578 165 442 338 125 125 297 511 581 150 145 421 409 224
390 341 71 379 468 538 348 768 437 682 237 593 534 377 177 489 736 440 458 405 496 672 833 394 441 336 467 389 470 164 655 287 240 412 364 802 711 290 477 858 544 289 253 283 556 337 317 398 224 343 357 531 366 300 453 699 561 660 463 370 546 198 333 219 362 391 548 731 297 288 136 0 456 470 407 353 701 88 578 455 228 26 161 460 688 246 102 481 527 352
293 626 393 807 351 862 768 1184 207 932 428 888 991 455 415 616 1121 204 785 707 858 1079 890 77 360 243 820 807 81 603 988 729 584 87 773 1210 1095 590 713 886 740 212 692 271 987 756 774 838 671 228 312 714 362 342 61 825 608 1005 226 818 994 386 750 654 139 71 850 732 748 633 528 456 0 924 817 810 1080 537 847 638 652 441 426 864 1104 676 385 935 927 616
829 559 539 295 891 570 324 501 895 759 624 641 108 746 585 771 559 899 531 554 482 460 1067 864 859 760 371 214 940 325 615 206 414 871 350 547 544 458 663 1111 739 736 243 707 312 232 159 131 293 772 790 746 780 683 914 905 874 596 919 117 220 619 241 331 831 860 609 1029 228 477 451 470 924 0 349 119 550 386 671 705 351 489 529 247 442 328 559 144 405 586
622 260 444 57 658 223 61 367 713 412 411 295 316 487 404 459 330 718 184 223 139 266 724 742 624 742 635 474 802 381 294 367 532 795 44 398 305 594 327 770 400 688 376 690 179 451 260 407 205 748 582 411 554 705 830 561 566 286 728 360 231 437 456 191 691 746 260 705 177 201 293 407 817 349 0 279 298 378 321 388 179 408 552 541 287 163 439 232 120 286
710 455 421 222 773 502 239 522 776 690 506 574 186 630 466 666 550 780 451 460 418 458 975 748 740 657 365 199 823 219 568 122 335 760 267 565 531 388 569 1015 646 627 153 602 308 188 39 127 176 668 671 650 662 586 802 814 767 555 799 80 245 500 195 217 713 745 536 926 122 371 332 353 810 119 279 0 532 273 595 603 238 372 428 262 451 218 440 161 365 481
844 461 730 341 857 243 359 171 945 341 654 265 465 682 666 585 43 950 303 384 222 104 718 1003 825 1033 897 731 1053 676 151 642 826 1070 339 165 22 887 432 774 467 975 659 982 238 720 527 651 503 1038 807 492 768 1001 1102 570 680 118 953 609 337 694 726 489 946 1009 277 767 462 447 578 701 1080 550 298 532 0 676 325 519 475 699 850 786 146 461 719 406 179 478
478 373 160 340 553 541 317 725 526 701 310 602 458 450 252 546 707 529 464 425 486 635 887 479 525 390 391 301 556 76 649 198 185 486 338 762 683 244 511 916 583 355 164 336 507 250 239 309 176 400 443 574 449 334 528 744 626 650 552 283 484 279 247 187 449 474 557 796 238 305 165 88 537 386 378 273 676 0 596 503 205 113 176 373 645 215 189 413 498 389
575 242 575 376 567 108 355 491 679 105 429 59 630 403 466 273 367 683 144 172 194 393 419 770 538 865 931 779 802 632 179 661 778 859 327 490 347 839 135 470 145 795 660 822 432 748 569 721 468 865 544 171 497 864 882 258 360 209 681 673 522 483 751 431 708 780 64 444 479 291 442 578 847 671 321 595 325 596 0 219 407 564 739 851 439 411 549 547 302 241
357 147 428 425 348 276 387 670 461 293 248 272 698 186 301 71 563 466 232 165 323 564 386 563 318 689 883 754 588 560 389 629 687 659 367 679 540 742 88 419 103 616 615 653 551 712 567 715 436 687 329 81 281 707 678 243 178 414 462 670 619 305 712 393 500 574 245 324 481 231 338 455 638 705 388 603 519 503 219 0 369 434 608 830 605 386 394 614 434 122
494 221 268 155 548 340 121 542 574 510 282 405 373 395 255 429 509 579 267 245 280 444 749 581 514 563 528 387 647 227 444 264 377 623 136 575 484 439 348 787 425 511 256 511 336 349 201 346 67 570 454 424 437 526 661 594 528 444 594 301 346 290 351 25 534 582 361 690 123 138 125 228 652 351 179 238 475 205 407 369 0 229 375 463 462 25 268 300 299 246
365 324 49 383 441 529 350 772 413 667 212 581 550 351 151 466 735 417 448 392 490 674 810 376 414 334 494 414 451 189 648 310 265 400 364 805 709 314 460 834 525 282 277 282 562 363 334 421 233 340 330 511 340 306 440 677 536 654 439 392 557 172 359 223 341 374 536 706 308 277 125 26 441 489 408 372 699 113 564 434 229 0 176 486 692 250 76 495 527 334
468 501 181 516 553 699 491 901 481 843 372 754 615 503 312 635 882 483 618 567 652 811 977 387 532 230 400 383 467 209 813 324 158 357 510 938 858 178 636 998 701 218 286 178 683 334 400 424 352 243 443 686 468 159 401 850 695 816 510 414 655 321 327 360 379 376 709 863 413 450 297 161 426 529 552 428 850 176 739 608 375 176 0 437 822 388 218 579 672 511
851 684 530 484 927 763 496 748 892 949 678 834 353 815 623 886 799 895 706 705 680 702 1212 820 899 655 128 76 901 298 830 200 282 794 525 794 782 296 810 1249 888 655 219 608 551 124 282 136 395 669 816 887 822 560 838 1056 978 816 919 181 466 652 126 437 804 811 795 1145 372 601 511 460 864 247 541 262 786 373 851 830 463 486 437 0 687 450 562 385 625 707
896 515 730 308 922 339 341 80 992 475 691 382 345 746 690 675 132 997 373 449 282 46 849 1029 888 1024 806 641 1087 629 284 570 772 1083 331 117 129 830 522 903 572 974 594 972 144 638 456 557 470 1032 857 594 823 979 1118 694 777 252 1004 520 221 722 646 469 976 1033 380 882 412 478 581 688 1104 442 287 451 146 645 439 605 462 692 822 687 0 442 726 302 181 537
520 238 290 133 573 339 103 522 600 514 308 405 348 419 281 448 493 604 268 255 274 426 764 605 540 582 521 375 672 229 438 253 380 646 122 556 469 443 360 802 438 532 249 530 313 339 181 329 57 589 480 438 463 542 684 606 549 436 619 284 320 316 341 28 559 606 362 708 99 154 150 246 676 328 163 218 461 215 411 386 25 250 388 450 442 0 292 275 283 264
288 306 37 423 366 529 386 806 338 650 154 574 613 287 94 417 757 342 447 381 502 705 759 315 339 319 567 491 386 265 652 385 333 356 395 836 732 376 433 779 492 256 353 274 604 439 402 496 288 322 255 475 266 316 392 635 478 662 364 466 609 104 435 269 274 315 530 646 365 278 145 102 385 559 439 440 719 189 549 394 268 76 218 562 726 292 0 553 554 310
795 476 542 189 847 443 228 367 874 629 582 512 84 686 555 684 415 878 415 453 354 317 956 868 813 803 504 339 939 371 475 283 496 894 247 412 400 549 559 1003 633 767 313 749 168 341 180 255 264 813 755 643 737 739 934 793 790 455 894 220 85 590 349 290 826 867 483 935 188 401 421 481 935 144 232 161 406 413 547 614 300 495 579 385 302 275 553 0 265 503
714 334 562 162 741 194 181 258 810 370 510 257 341 566 511 505 209 815 202 272 114 151 721 851 707 862 730 565 907 497 210 468 647 910 163 283 185 709 357 772 417 807 483 810 129 549 355 489 323 868 675 435 642 825 944 559 610 191 823 445 223 543 555 312 797 856 238 730 284 297 409 527 927 405 120 365 179 498 302 434 299 527 672 625 181 283 554 265 0 357
366 27 338 315 385 246 275 609 467 340 190 275 586 209 224 185 520 472 175 93 259 501 506 538 351 623 763 631 579 442 373 507 574 621 258 626 495 632 125 541 194 553 494 581 461 590 445 593 314 624 329 185 290 626 646 356 288 391 475 548 517 242 591 271 478 547 234 444 360 109 224 352 616 586 286 481 478 389 241 122 246 334 511 707 537 264 310 503 357 0
