27
0 108 650 463 697 879 432 884 724 579 536 497 668 880 119 615 100 802 825 102 517 555 383 130 900 731 662
108 0 627 370 624 893 341 889 708 597 436 484 590 845 92 532 19 798 807 208 555 597 356 237 892 754 556
650 627 0 457 336 356 454 316 91 241 536 159 364 237 544 390 645 207 182 657 346 369 271 665 280 314 661
463 370 457 0 283 805 30 772 547 577 101 397 239 602 353 173 388 664 624 539 609 652 295 563 733 720 251
697 624 336 283 0 680 303 627 406 552 301 388 49 372 579 116 643 521 445 751 633 667 378 770 558 651 374
879 893 356 805 680 0 799 71 275 300 890 427 714 389 801 746 907 159 254 847 385 364 560 844 174 162 1017
432 341 454 30 303 799 0 768 545 563 126 385 261 610 322 197 359 661 626 508 590 633 276 533 733 708 275
884 889 316 772 627 71 768 0 228 312 852 411 663 320 798 700 904 109 189 860 411 397 545 859 102 201 974
724 708 91 547 406 275 545 228 0 241 625 227 439 201 623 472 726 119 100 722 357 370 352 728 190 265 746
579 597 241 577 552 300 563 312 241 0 674 182 568 443 504 574 611 254 324 548 116 129 293 547 354 158 817
536 436 536 101 301 890 126 852 625 674 0 493 251 655 434 185 452 743 694 620 710 753 395 646 806 813 149
497 484 159 397 388 427 385 411 227 182 493 0 396 396 397 396 501 315 328 498 244 281 134 506 408 323 635
668 590 364 239 49 714 261 663 439 568 251 396 0 418 550 68 609 556 485 726 641 678 369 747 598 675 327
880 845 237 602 372 389 610 320 201 443 655 396 418 0 769 474 863 246 141 893 559 571 496 902 224 444 745
119 92 544 353 579 801 322 798 623 504 434 397 550 769 0 499 106 709 723 186 463 505 274 211 805 661 569
615 532 390 173 116 746 197 700 472 574 185 396 68 474 499 0 551 591 529 679 637 676 345 701 642 693 276
100 19 645 388 643 907 359 904 726 611 452 501 609 863 106 551 0 815 825 202 566 607 374 230 909 768 570
802 798 207 664 521 159 661 109 119 254 743 315 556 246 709 591 815 0 104 787 367 365 448 789 100 202 865
825 807 182 624 445 254 626 189 100 324 694 328 485 141 723 529 825 104 0 823 440 446 450 828 113 304 805
102 208 657 539 751 847 508 860 722 548 620 498 726 893 186 679 202 787 823 0 470 503 404 28 887 692 752
517 555 346 609 633 385 590 411 357 116 710 244 641 559 463 637 566 367 440 470 0 44 314 463 465 224 857
555 597 369 652 667 364 633 397 370 129 753 281 678 571 505 676 607 365 446 503 44 0 357 495 460 202 900
383 356 271 295 378 560 276 545 352 293 395 134 369 496 274 345 374 448 450 404 314 357 0 418 538 446 544
130 237 665 563 770 844 533 859 728 547 646 506 747 902 211 701 230 789 828 28 463 495 418 0 890 687 779
900 892 280 733 558 174 733 102 190 354 806 408 598 224 805 642 909 100 113 887 465 460 538 890 0 280 918
731 754 314 720 651 162 708 201 265 158 813 323 675 444 661 693 768 202 304 692 224 202 446 687 280 0 951
662 556 661 251 374 1017 275 974 746 817 149 635 327 745 569 276 570 865 805 752 857 900 544 779 918 951 0
