276
0 390 306 385 229 762 252 774 533 516 611 346 449 255 449 406 123 390 694 633 393 247 585 582 422 901 244 422 204 709 628 453 577 394 666 372 583 339 187 526 281 347 326 493 523 707 877 547 624 607 226 506 699 472 434 769 565 156 673 313 286 369 545 666 533 609 593 625 615 233 789 730 407 313 693 548 715 368 281 865 382 502 646 45 375 577 503 658 674 851 590 355 656 353 420 178 308 745 335 376 324 272 480 475 225 339 113 649 834 490 227 731 256 75 609 283 314 270 510 768 662 660 449 103 643 663 336 275 225 623 389 748 189 689 481 434 735 336 356 616 402 586 424 598 341 627 471 716 155 297 423 500 351 623 719 531 267 233 164 620 717 777 641 140 511 508 403 146 417 615 421 307 78 288 472 660 407 763 78 419 722 660 641 73 670 823 241 36 496 173 147 213 403 609 428 806 244 557 83 94 695 588 543 101 570 512 595 452 942 66 628 291 234 186 105 341 463 361 501 500 194 648 255 608 463 638 422 317 639 466 141 159 215 183 291 402 81 720 695 323 511 510 308 363 232 505 179 818 374 212 559 595 535 753 385 646 208 505 769 638 655 630 258 836 404 633 237 158 379 793 357 554 556 514 523 595
390 0 527 612 619 476 201 442 436 663 222 182 631 287 603 183 453 681 335 249 489 564 701 440 813 535 534 145 252 704 324 279 550 403 676 699 239 302 464 591 643 89 613 290 197 604 522 394 660 314 596 212 764 437 399 384 204 250 443 431 478 356 195 561 660 688 283 356 480 512 431 487 483 416 752 420 397 257 226 510 772 268 278 372 642 499 485 489 283 472 402 142 522 441 204 280 698 400 722 623 184 568 315 438 502 64 476 731 463 280 576 692 462 317 703 317 312 528 249 399 676 455 333 290 254 290 721 655 458 491 230 761 446 753 300 341 524 650 734 398 792 619 571 320 671 541 376 368 545 571 134 245 708 564 427 563 190 337 532 689 429 417 469 266 197 120 480 537 151 275 550 315 455 626 650 269 336 774 468 578 676 620 252 459 280 456 573 403 341 550 506 590 559 362 73 478 381 428 344 378 481 204 153 305 385 249 571 127 576 455 433 682 618 575 431 273 698 266 453 695 528 280 311 628 475 546 338 72 740 163 518 504 600 238 500 305 471 459 677 466 237 340 484 747 421 693 239 491 765 485 457 229 691 776 114 287 593 304 438 472 326 284 454 473 250 524 326 272 438 490 206 410 239 266 228 259
306 527 0 88 373 695 325 752 815 212 710 374 143 535 148 630 190 165 717 767 149 519 284 855 507 910 531 464 278 448 607 399 355 689 402 215 611 270 119 255 499 443 110 739 553 506 871 814 353 821 446 712 408 764 280 831 730 404 576 618 50 247 591 952 233 320 586 574 460 526 798 631 712 139 404 822 689 331 306 861 473 736 690 270 119 390 799 518 781 891 484 569 934 657 651 256 383 743 371 96 560 552 738 766 521 462 224 355 859 732 189 485 65 309 314 223 598 566 733 795 396 547 719 355 760 815 358 296 83 463 636 473 493 398 733 328 610 166 341 525 463 323 129 819 199 916 749 721 339 74 473 483 269 410 666 280 336 529 411 333 661 791 907 395 534 640 170 330 455 633 138 592 352 187 165 761 685 488 299 120 483 426 729 276 779 841 159 339 759 401 210 424 108 543 521 775 547 417 380 399 580 670 662 374 828 495 365 511 948 317 515 384 417 355 405 296 175 625 792 196 466 692 219 348 253 445 317 471 340 501 381 186 296 304 595 323 308 638 442 92 504 769 614 372 538 200 429 784 458 510 841 756 229 474 451 679 292 443 746 500 653 810 564 846 655 453 529 427 681 738 599 824 566 743 528 613
385 612 88 0 414 744 411 809 902 157 789 453 82 622 112 719 264 115 784 850 180 582 233 943 519 972 598 542 366 428 668 463 364 774 382 188 682 341 198 242 548 527 99 827 626 517 929 902 330 909 499 801 363 849 328 904 816 491 620 698 134 309 665 1039 186 282 651 630 491 596 861 673 793 208 362 910 747 403 388 920 490 824 762 352 64 414 884 551 860 959 530 658 1022 738 739 344 405 805 383 31 649 616 826 852 591 548 291 310 925 821 224 473 154 395 269 301 684 636 822 861 375 587 807 441 841 899 368 317 170 492 725 442 568 355 822 385 644 150 342 573 472 309 113 907 184 1002 836 786 394 97 551 550 259 420 718 280 422 613 472 297 713 855 996 482 606 724 203 386 532 701 137 678 422 196 100 840 772 456 366 97 474 424 806 346 859 905 193 416 847 458 270 476 101 597 603 830 628 456 462 479 618 748 745 459 917 561 370 589 1009 387 557 411 462 404 479 370 87 713 878 116 531 764 302 334 280 461 375 558 287 576 442 247 334 392 669 387 376 684 428 155 572 857 690 376 617 122 517 838 474 581 928 842 165 439 532 749 332 503 804 534 717 896 641 908 744 475 614 514 763 788 688 912 635 831 597 682
229 619 373 414 0 972 472 994 682 570 840 564 495 435 515 613 222 353 920 858 510 210 646 741 193 1127 246 646 418 821 846 657 716 530 775 291 808 528 278 628 138 575 318 684 748 862 1100 715 726 812 103 717 775 606 601 998 786 376 871 421 385 542 772 801 597 690 813 836 790 256 1014 930 504 455 773 706 934 571 493 1089 152 699 873 255 369 736 623 841 902 1080 784 570 802 461 624 388 92 968 132 389 532 247 661 610 258 568 180 722 1062 682 189 856 361 303 681 467 482 291 714 994 769 853 620 329 871 886 142 122 328 796 585 846 273 766 666 620 925 287 179 815 176 696 501 798 269 757 630 940 73 318 648 716 227 768 931 649 488 392 123 704 929 1003 805 360 734 735 528 82 640 839 511 474 168 227 514 888 572 861 152 489 852 793 870 166 898 1049 221 218 671 98 172 82 480 815 657 1025 377 736 284 261 888 817 772 319 746 727 730 679 1168 163 820 70 52 43 216 539 461 546 635 523 180 876 442 720 604 795 607 546 701 690 115 194 79 405 345 595 148 924 814 438 729 688 379 168 339 532 395 1036 146 259 705 817 579 846 611 873 81 709 989 821 877 847 343 1061 596 797 401 367 494 1006 558 717 778 714 744 820
762 476 695 744 972 0 511 115 895 685 380 417 706 757 662 648 754 854 212 474 563 991 670 882 1154 270 971 359 558 523 152 315 432 879 529 911 245 448 718 559 1043 450 806 734 278 346 217 838 553 684 988 627 647 909 416 329 536 678 127 902 651 451 288 1003 661 619 192 137 275 952 200 90 960 559 631 870 99 400 481 213 1114 702 261 724 803 358 957 221 414 313 213 617 957 916 666 586 1026 158 1031 771 661 1004 770 909 942 478 793 646 265 724 846 475 658 692 645 509 788 976 673 237 535 165 799 692 431 529 1023 953 680 280 701 581 887 638 752 369 152 861 1018 170 1119 530 642 705 894 992 842 172 905 768 363 263 958 395 49 510 497 801 927 609 47 207 892 689 280 452 540 895 359 215 614 791 841 871 713 396 810 585 826 657 456 439 360 808 419 240 827 790 795 936 810 974 646 157 404 109 845 291 756 796 146 344 424 717 817 253 442 352 296 824 190 1017 991 934 843 434 804 741 922 757 945 261 532 519 468 345 381 522 675 321 903 795 921 580 960 383 834 61 494 603 257 788 949 1044 878 749 679 111 1102 925 912 533 711 601 402 235 915 263 112 228 164 594 913 228 720 317 791 711 915 47 681 856 237 692 254 224
252 201 325 411 472 511 0 522 553 473 397 93 434 307 409 327 273 480 449 445 302 482 519 577 662 655 466 174 57 564 376 210 412 464 529 503 336 138 269 419 532 121 413 441 276 509 628 532 502 503 478 395 600 524 251 539 405 187 428 440 277 191 303 689 474 516 341 373 399 449 542 484 521 221 589 549 463 133 46 617 622 430 406 218 441 384 568 431 467 614 353 266 660 467 349 89 539 495 555 421 274 499 451 526 439 137 305 560 592 433 390 567 260 181 527 125 361 477 422 525 527 422 447 185 442 490 551 481 258 408 348 616 386 588 442 219 497 454 557 373 634 460 378 504 477 659 485 467 401 371 178 248 521 443 467 401 15 333 416 521 465 531 620 193 261 316 297 391 168 367 358 360 330 435 454 449 428 630 321 383 554 492 421 305 464 578 383 279 475 426 330 465 364 360 204 554 371 339 249 288 455 364 342 212 536 259 433 211 696 316 391 526 485 431 333 121 497 356 548 497 434 408 112 475 314 442 210 150 563 218 394 323 435 69 472 180 327 471 542 268 259 481 471 575 392 497 199 565 612 422 577 431 500 627 143 403 428 260 517 411 405 485 427 589 370 428 326 223 479 541 312 546 305 434 271 347
774 442 752 809 994 115 522 0 834 768 300 430 781 730 738 598 784 915 123 387 631 989 761 814 1182 168 965 353 576 630 149 354 526 837 632 966 203 489 758 646 1051 438 862 672 255 455 120 773 651 604 999 560 749 857 482 218 460 670 223 874 704 504 247 933 747 714 181 179 371 944 85 201 922 612 733 807 62 433 502 112 1141 638 183 740 865 450 905 323 319 198 292 577 885 883 613 606 1056 53 1066 834 624 998 710 857 934 460 821 744 150 661 887 584 707 700 739 548 753 964 606 125 637 263 745 693 342 437 1060 990 725 378 654 689 878 740 692 424 266 915 1059 248 1151 625 715 627 946 926 787 81 924 821 353 280 1006 495 103 598 507 779 936 705 110 93 817 683 265 391 609 914 357 168 686 757 851 918 790 304 762 694 844 729 565 543 273 828 325 125 870 798 734 947 842 987 716 214 375 35 823 374 756 794 252 273 357 715 747 268 538 332 201 839 280 1045 1008 954 844 469 876 698 868 836 946 182 566 616 544 447 435 500 771 310 915 829 951 591 941 429 850 165 601 661 265 725 926 1082 861 828 667 48 1131 916 850 452 796 709 393 163 944 308 5 326 120 508 894 115 670 417 767 700 877 82 639 791 219 626 250 185
533 436 815 902 682 895 553 834 0 1006 540 592 952 281 939 253 654 923 712 474 845 502 1062 66 839 870 458 580 567 1115 746 709 961 153 1081 904 649 690 707 970 613 504 858 162 624 1035 878 73 1055 273 599 275 1152 82 801 688 384 411 878 266 780 743 607 137 1014 1066 707 787 913 440 794 919 210 759 1141 39 804 665 597 867 806 197 651 556 904 922 101 925 550 781 838 301 122 230 233 576 774 783 814 899 279 477 124 79 434 467 647 1110 796 173 759 1113 753 507 1075 673 219 419 230 749 1080 891 106 461 516 450 823 781 732 924 210 1168 409 1140 143 756 959 870 855 835 844 1013 908 247 874 106 67 753 626 825 571 681 874 985 846 954 552 301 559 1072 849 777 129 420 628 445 844 625 586 681 895 226 537 821 974 554 130 1182 588 909 1098 1038 571 598 543 800 775 513 100 584 679 610 890 797 507 870 306 858 450 448 917 561 477 444 115 685 982 562 905 565 870 751 648 646 476 667 986 196 62 1010 509 652 653 1027 867 974 750 427 1110 599 569 693 715 531 360 717 583 888 1091 795 673 110 323 850 343 1013 387 882 808 428 25 402 1030 1180 544 671 710 740 832 908 733 371 345 822 188 954 297 388 197 899 243 60 665 212 661 671
516 663 212 157 570 685 473 768 1006 0 807 486 75 731 67 799 403 252 767 881 173 731 75 1039 673 936 744 563 443 283 641 452 262 889 240 332 677 363 332 128 703 574 256 912 628 404 888 996 188 974 653 867 205 961 300 897 863 596 558 825 231 314 670 1144 32 128 633 591 413 739 832 604 919 252 206 1009 709 419 438 881 646 903 757 477 213 330 999 472 878 938 476 737 1121 863 820 430 562 774 538 185 737 764 917 963 733 601 436 153 899 904 381 336 261 510 113 348 793 778 895 841 233 520 905 553 864 935 523 474 290 410 814 289 704 198 910 367 563 303 494 521 626 180 97 977 335 1109 939 760 547 252 573 541 409 313 669 176 480 731 622 145 663 829 1087 590 609 762 185 538 552 689 114 789 565 353 59 856 876 303 511 98 340 301 819 489 878 877 349 550 940 610 420 630 116 555 637 783 753 395 586 609 546 761 776 575 1005 551 260 610 969 529 495 568 618 559 617 393 150 811 989 80 678 759 361 203 226 362 361 622 130 588 592 396 491 477 806 385 521 623 289 210 564 948 824 528 748 69 620 789 630 722 1031 885 29 284 565 739 489 479 763 460 693 945 775 876 835 383 730 624 885 732 777 1008 627 907 591 672
611 222 710 789 840 380 397 300 540 807 0 335 791 486 755 320 666 872 176 97 638 780 828 515 1034 338 747 247 454 772 255 359 630 563 757 900 160 450 667 710 863 277 807 377 185 630 340 475 755 305 817 264 862 571 511 168 160 471 411 620 659 493 143 633 796 800 228 314 512 725 253 431 651 581 848 510 282 390 405 328 993 342 119 591 828 562 617 493 71 261 416 318 585 620 331 485 919 246 940 805 368 780 418 571 715 274 692 840 263 367 786 745 649 537 820 487 492 737 309 210 759 440 457 512 61 155 939 871 653 522 377 834 660 851 399 443 488 850 950 390 1013 718 726 327 874 628 497 218 767 764 237 277 918 625 336 671 383 540 754 797 341 237 517 487 203 115 622 758 257 176 700 498 677 833 807 51 482 843 689 736 726 682 34 679 70 263 780 625 440 771 721 811 718 341 193 334 582 477 565 599 452 48 75 526 447 272 649 200 376 677 433 903 840 797 651 420 871 427 578 854 747 120 491 720 590 591 447 294 857 218 740 717 819 449 701 421 693 394 743 635 256 430 679 965 627 850 458 346 986 698 553 153 836 851 259 144 812 350 298 484 219 213 657 284 390 562 527 491 608 372 371 493 204 328 230 178
346 182 374 453 564 417 93 430 592 486 335 0 460 374 428 348 358 537 363 399 312 574 520 606 752 567 557 92 145 527 283 126 372 523 497 570 251 122 343 409 626 94 473 461 190 446 538 560 478 496 572 394 582 575 217 463 378 269 339 514 323 174 223 724 481 506 249 280 328 538 454 394 589 247 570 582 370 76 75 527 712 444 325 310 493 330 621 352 407 532 270 291 690 537 370 176 627 405 641 469 314 589 479 576 528 128 392 548 507 452 469 521 314 274 521 151 421 565 429 440 497 336 485 276 387 450 636 566 321 338 382 583 475 570 467 164 412 519 639 284 723 437 397 503 545 699 526 378 494 431 99 154 596 393 373 381 79 408 510 507 371 443 642 278 173 277 300 484 83 279 374 421 424 509 478 387 475 596 414 406 506 447 355 397 406 492 457 373 505 519 415 559 388 268 151 461 448 270 340 379 369 296 293 301 558 165 393 137 608 410 307 616 578 524 425 92 536 401 596 524 527 327 156 447 292 383 160 165 558 133 487 405 523 163 556 126 420 379 502 300 165 507 551 659 475 521 276 472 702 511 615 399 514 597 79 318 516 172 425 333 314 460 510 501 404 365 399 304 545 447 349 576 215 444 180 259
449 631 143 82 495 706 434 781 952 75 791 460 0 674 44 755 333 184 768 860 155 658 151 988 600 947 672 544 397 350 646 447 302 830 305 263 671 341 263 172 628 543 181 866 619 452 901 946 252 937 578 829 281 903 300 893 834 540 580 761 171 298 660 1089 104 200 634 602 442 668 839 630 855 215 280 957 720 401 404 893 572 860 752 412 140 361 940 502 862 941 493 693 1069 799 776 381 487 782 464 110 689 692 868 906 663 568 364 228 905 859 305 398 199 449 187 314 736 708 854 843 298 545 853 494 846 911 449 399 225 441 766 361 636 273 862 364 595 230 421 537 553 236 67 938 263 1054 885 765 472 177 554 537 338 357 685 215 443 670 548 216 679 834 1039 533 599 737 174 464 533 687 95 731 494 278 22 841 822 375 439 54 400 355 806 418 862 884 274 483 890 536 346 555 72 567 612 799 689 414 522 543 574 747 754 515 958 547 305 591 982 458 517 493 543 484 548 371 98 759 931 63 606 754 322 261 238 403 356 584 206 574 519 322 416 428 738 375 449 645 352 165 559 899 757 456 682 62 565 806 556 652 977 858 86 358 540 736 413 481 775 488 697 915 708 885 786 419 670 566 823 752 728 958 623 865 585 669
255 287 535 622 435 757 307 730 281 731 486 374 674 0 663 190 373 643 622 469 578 308 791 327 615 817 270 401 305 867 605 500 718 160 830 627 526 444 426 707 407 309 577 248 480 815 808 292 798 379 374 292 889 229 558 654 382 135 704 145 502 494 482 417 741 801 565 627 701 247 717 754 215 491 880 293 682 437 353 796 577 264 563 274 623 692 269 726 530 746 643 168 402 163 196 307 527 687 563 618 119 300 228 232 237 278 369 844 743 247 483 874 475 226 807 415 62 252 282 682 827 706 194 180 495 481 569 517 451 711 152 916 187 877 231 525 781 590 595 652 609 757 634 363 597 380 217 655 370 543 395 504 603 750 708 698 312 55 319 808 709 702 386 141 476 370 580 366 402 562 623 57 273 544 696 523 152 931 318 633 861 799 520 323 525 739 496 239 242 343 402 377 615 626 356 765 96 642 172 178 737 482 410 163 317 512 738 404 857 295 679 506 413 394 219 428 705 111 257 731 288 565 391 774 614 749 517 234 841 435 320 414 452 267 215 486 314 732 847 522 504 257 196 596 142 734 113 778 576 222 306 412 754 926 357 574 446 543 726 707 612 427 171 757 160 734 42 108 171 774 131 299 521 279 502 545
449 603 148 112 515 662 409 738 939 67 755 428 44 663 0 734 338 223 728 827 117 668 136 972 631 904 680 509 377 315 604 407 258 821 269 300 632 307 267 131 645 514 210 846 581 410 858 930 217 912 594 805 260 893 258 854 805 529 535 757 164 262 622 1076 84 174 593 559 397 674 797 585 851 188 257 942 677 365 377 850 601 838 713 410 176 316 932 457 827 900 449 672 1054 795 755 363 514 740 495 143 671 701 851 896 668 540 373 207 863 839 327 361 193 442 166 286 725 714 831 802 263 500 838 485 812 879 480 426 223 397 748 332 638 251 844 324 550 263 454 493 584 197 31 914 297 1042 871 723 487 198 520 497 372 313 642 172 417 663 560 188 636 792 1021 522 561 705 134 478 499 647 55 721 500 307 53 805 809 346 447 30 362 314 769 425 826 842 295 484 873 549 359 571 48 524 580 755 685 370 518 542 529 711 721 507 939 507 262 557 939 465 472 519 562 501 551 337 143 744 921 99 615 715 297 222 194 358 316 559 191 537 530 334 437 410 740 337 457 601 315 144 519 882 758 488 681 94 552 762 585 657 964 828 91 331 508 696 434 439 732 443 655 886 708 843 768 375 662 556 818 708 711 942 583 843 546 629
406 183 630 719 613 648 327 598 253 799 320 348 755 190 734 0 506 765 480 286 629 498 846 259 799 659 459 328 357 875 497 459 720 242 844 765 403 456 541 745 596 256 697 114 373 785 658 213 822 201 561 103 924 260 563 485 195 251 625 305 588 511 360 378 801 842 457 535 662 436 569 667 331 546 912 237 561 423 367 646 760 105 418 408 735 676 308 672 353 580 585 61 343 301 22 375 703 549 735 723 81 490 133 260 427 219 514 886 584 106 626 868 565 350 854 452 177 439 105 528 843 638 151 306 317 292 739 681 551 673 56 930 377 912 119 512 706 722 761 581 789 781 702 193 735 357 194 518 543 658 318 428 756 740 599 723 322 244 503 846 601 553 295 266 376 210 624 538 334 437 684 184 446 685 776 350 164 943 480 706 853 794 355 479 348 583 633 401 159 526 548 562 687 544 254 634 282 608 331 351 664 329 248 304 211 432 741 309 697 460 616 683 596 571 399 431 806 107 274 817 477 419 437 793 634 726 508 184 890 346 500 554 618 327 395 474 478 637 850 590 420 160 368 766 329 817 226 646 757 413 274 224 825 944 293 435 612 487 595 656 489 237 354 604 71 705 232 249 287 656 59 229 414 112 408 425
123 453 190 264 222 754 273 784 654 403 666 358 333 373 338 506 0 269 721 702 302 331 474 701 399 926 341 446 216 620 635 438 502 517 575 259 608 307 71 430 326 389 204 603 547 643 895 664 529 707 271 601 595 594 379 813 645 257 650 435 182 320 577 788 423 506 605 620 568 335 812 708 530 236 590 666 723 354 283 884 359 607 680 100 252 516 626 618 733 887 562 450 776 476 523 184 272 762 282 253 427 363 593 597 330 394 42 543 864 598 123 649 154 156 503 246 434 375 612 797 570 631 566 201 706 740 278 208 119 574 498 653 303 585 592 397 703 218 284 595 366 495 316 699 229 749 590 736 167 174 451 504 255 553 716 443 289 356 226 518 712 802 758 244 532 574 317 156 439 637 317 428 161 179 355 717 526 668 110 308 643 582 692 87 730 850 127 152 611 220 57 250 294 597 474 813 367 514 205 216 666 636 605 212 684 516 517 485 966 126 598 262 253 191 215 320 340 476 623 380 278 682 222 518 388 576 385 384 529 490 196 50 167 216 405 374 120 705 609 229 520 624 426 302 353 386 283 824 348 319 679 674 419 656 417 675 160 491 779 598 671 717 377 860 514 576 359 270 502 790 463 672 573 618 537 617
390 681 165 115 353 854 480 915 923 252 872 537 184 643 223 765 269 0 883 926 292 545 325 970 425 1075 569 628 428 534 771 563 479 785 489 80 776 435 224 354 492 601 68 867 719 631 1034 932 437 962 449 854 454 863 437 997 883 522 731 697 215 411 756 1057 284 381 751 736 605 571 963 785 791 304 457 936 852 497 467 1025 400 869 856 368 51 529 892 665 943 1057 641 706 1045 738 784 401 322 908 293 84 690 582 860 865 568 616 280 403 1025 862 179 583 222 421 365 387 704 611 870 960 482 700 835 468 921 971 276 239 222 606 763 542 555 448 858 490 758 65 243 683 376 419 228 958 88 1017 860 887 353 109 636 649 158 534 827 394 493 624 436 398 822 956 1027 510 700 797 315 348 619 798 252 697 407 126 194 923 796 555 350 212 585 537 892 334 941 1006 154 415 879 418 250 426 216 704 681 937 632 568 473 481 732 833 822 480 952 660 484 674 1113 373 669 333 405 355 469 461 113 744 892 184 499 858 381 445 394 577 479 620 375 666 410 232 275 448 652 488 358 795 537 253 669 891 678 278 612 195 548 946 384 562 949 910 250 537 613 844 275 607 909 648 818 960 631 1011 780 590 628 538 767 898 727 941 732 878 693 779
694 335 717 784 920 212 449 123 712 767 176 363 768 622 728 480 721 883 0 265 613 895 773 691 1111 207 868 274 505 674 131 322 549 721 668 925 112 447 704 654 965 348 824 549 173 511 186 650 677 481 914 437 781 738 469 136 336 576 275 764 667 475 148 810 751 733 134 191 406 846 96 278 807 579 766 684 113 386 438 175 1071 515 61 665 834 474 785 371 202 174 313 463 762 770 493 537 988 70 1003 806 511 901 589 737 836 363 754 768 144 539 831 636 665 619 757 500 640 864 483 77 671 311 624 605 221 318 999 929 678 415 536 735 780 771 570 404 341 874 1002 275 1084 645 701 504 902 803 666 42 848 782 271 234 957 530 174 609 433 673 851 727 181 83 694 590 189 270 594 838 281 84 673 645 768 869 781 184 644 742 768 714 616 583 151 753 207 129 819 715 612 865 778 905 699 227 274 157 717 390 666 703 313 151 235 625 624 223 565 242 247 760 316 976 928 878 754 422 859 582 747 827 855 60 513 641 541 486 412 399 791 231 832 768 884 514 836 397 773 239 644 631 213 603 819 1022 757 821 569 170 1061 819 727 329 796 754 309 49 878 288 121 368 78 386 790 141 551 457 661 603 763 197 523 668 151 503 189 104
633 249 767 850 858 474 445 387 474 881 97 399 860 469 827 286 702 926 265 0 709 774 907 441 1051 396 738 318 499 863 352 443 718 520 846 947 256 519 712 791 865 324 859 315 274 725 408 405 841 219 824 205 949 516 591 214 94 483 507 591 718 566 235 555 873 883 324 410 605 716 330 528 610 646 934 441 375 462 461 398 1011 279 213 619 885 653 560 589 76 307 511 302 505 585 290 529 941 333 967 864 350 770 358 515 706 311 724 924 323 306 825 838 704 562 902 549 464 722 246 282 848 536 403 530 45 59 967 902 704 616 340 925 653 937 339 524 585 898 982 486 1034 803 796 244 920 554 440 308 785 817 307 366 957 716 432 754 432 525 762 881 437 313 435 499 291 129 696 778 329 273 771 471 691 875 877 84 436 935 711 805 819 773 114 704 69 329 822 640 377 782 755 821 787 437 247 419 565 569 576 605 549 142 105 540 372 361 738 272 430 696 528 924 852 815 657 489 935 392 519 923 747 213 548 807 671 684 527 318 939 298 752 753 846 487 681 498 713 490 834 699 346 364 655 994 612 920 465 431 1005 690 484 72 910 942 319 239 839 440 386 579 315 121 639 352 347 656 512 496 569 463 343 422 298 263 320 274
393 489 149 180 510 563 302 631 845 173 638 312 155 578 117 629 302 292 613 709 0 630 217 875 654 795 635 392 278 318 493 292 207 738 274 357 516 190 234 133 627 400 253 743 464 358 751 831 231 801 572 695 312 806 148 738 690 443 439 685 124 144 505 983 172 223 479 451 314 625 686 492 777 87 304 845 569 248 265 743 620 733 597 349 241 242 847 373 709 787 349 568 958 721 651 271 529 629 519 208 572 660 751 808 618 428 342 266 751 735 334 347 149 367 230 177 638 663 724 689 269 407 742 406 694 762 507 443 184 316 648 355 581 301 742 210 466 310 490 392 611 194 88 804 344 950 778 611 466 222 402 381 416 261 538 141 308 585 528 232 533 681 921 439 444 589 23 456 381 532 62 635 456 336 169 688 717 370 410 100 342 283 651 387 709 731 306 429 774 523 339 551 85 417 464 650 612 275 450 478 439 594 604 431 838 392 220 439 831 423 377 529 549 486 498 220 246 649 833 216 576 599 193 217 104 296 201 450 264 420 498 316 437 314 682 220 420 503 307 72 403 781 694 521 615 212 464 658 605 605 871 712 202 360 392 581 433 327 625 356 543 772 645 732 669 304 583 473 740 607 611 844 467 736 430 514
247 564 519 582 210 991 482 989 502 731 780 574 658 308 668 498 331 545 895 774 630 0 804 566 337 1098 43 637 443 949 849 691 822 350 905 494 788 584 403 761 110 550 497 540 733 954 1081 547 860 679 109 600 926 421 681 947 689 318 911 236 513 616 747 608 752 837 811 854 862 64 991 967 306 556 921 532 934 608 518 1070 306 563 840 291 551 824 429 903 831 1036 832 471 617 272 502 421 292 953 337 563 424 37 508 424 72 531 295 874 1027 541 367 974 485 304 833 530 334 85 585 963 900 901 461 298 797 789 350 331 450 869 456 983 121 916 518 679 977 480 389 854 347 824 647 661 468 564 460 922 191 484 635 727 436 869 946 771 495 253 110 849 944 977 630 305 724 666 643 198 634 823 649 325 174 420 679 822 410 998 221 639 966 904 813 244 826 1019 396 212 513 127 311 128 625 842 620 1023 220 803 234 195 936 768 705 274 583 738 839 657 1139 206 869 270 162 192 149 583 644 407 448 697 54 842 501 847 707 885 667 496 859 679 139 335 275 414 144 646 211 954 936 558 735 531 181 373 172 704 325 1035 311 85 523 720 744 987 595 846 273 742 984 883 869 735 159 1035 459 880 265 292 306 1018 438 546 770 580 742 804
585 701 284 233 646 670 519 761 1062 75 828 520 151 791 136 846 474 325 773 907 217 804 0 1092 748 929 816 589 495 222 643 469 238 950 182 405 689 398 403 119 778 611 332 960 645 364 880 1048 134 1014 728 909 130 1020 316 906 897 655 543 890 298 345 688 1199 51 64 640 589 394 810 830 585 983 302 131 1062 704 448 480 873 721 949 768 544 287 312 1060 451 898 940 469 785 1175 927 868 486 637 772 613 260 789 837 968 1023 804 641 509 78 898 952 457 278 328 573 41 394 852 850 940 843 175 504 959 615 887 963 597 549 359 390 865 218 774 123 960 384 538 378 567 513 700 142 160 1019 409 1166 994 761 622 328 601 555 483 281 659 164 524 794 695 80 653 828 1138 650 626 793 222 613 579 698 168 848 636 429 134 876 933 231 583 166 286 257 837 561 898 876 425 619 992 684 494 705 181 552 667 773 817 387 652 676 527 781 803 638 1055 563 230 635 961 601 482 644 694 635 687 427 217 866 1047 143 751 770 410 159 237 333 380 666 55 610 665 470 567 531 876 408 593 608 233 269 577 999 893 602 815 132 678 778 705 793 1087 917 75 212 597 749 564 488 756 441 696 979 843 873 886 357 792 685 949 718 828 1061 639 953 605 683
582 440 855 943 741 882 577 814 66 1039 515 606 988 327 972 259 701 970 691 441 875 566 1092 0 902 838 522 585 597 1133 736 718 979 215 1101 954 637 711 750 996 677 515 903 150 618 1043 850 46 1077 229 661 255 1177 148 820 655 356 451 874 329 817 765 597 121 1045 1093 698 781 921 503 768 912 277 789 1166 35 788 681 619 839 868 179 631 601 948 935 165 928 517 747 841 315 84 294 237 609 833 762 873 941 303 541 126 146 497 479 696 1137 765 161 810 1127 791 550 1103 700 268 484 208 722 1100 891 135 503 485 411 881 837 772 931 228 1188 469 1165 139 771 956 918 912 834 905 1036 942 202 924 112 112 733 683 869 575 682 927 999 834 977 575 354 619 1098 837 751 64 461 624 430 872 681 591 667 927 275 592 871 1010 524 175 1201 641 943 1112 1053 545 649 511 771 824 564 101 644 729 671 925 794 507 849 364 867 499 500 914 542 458 489 68 685 999 561 871 618 871 811 708 704 531 687 1028 229 128 1048 570 632 681 1049 889 985 766 441 1139 599 627 742 771 562 425 732 636 879 1108 829 672 99 388 908 404 1050 425 861 870 490 56 370 1064 1200 552 653 766 744 812 912 718 331 407 793 206 963 348 431 262 882 264 31 657 189 657 659
422 813 507 519 193 1154 662 1182 839 673 1034 752 600 615 631 799 399 425 1111 1051 654 337 748 902 0 1318 381 837 607 946 1033 838 862 686 900 346 999 706 441 756 227 768 420 861 939 1013 1290 880 849 994 242 903 878 759 766 1192 977 568 1048 573 533 713 964 945 704 801 1001 1019 955 399 1205 1106 642 615 879 867 1121 754 680 1279 40 879 1066 447 460 892 766 1008 1096 1273 958 759 954 610 808 576 128 1158 136 489 718 366 834 762 404 762 361 826 1254 861 320 989 515 497 787 644 655 422 897 1187 894 1027 790 522 1064 1077 151 211 485 959 767 961 437 871 842 793 1096 370 181 993 48 824 624 979 338 901 794 1130 267 438 840 902 266 916 1115 786 678 567 296 817 1112 1194 966 552 924 929 675 275 831 1030 641 646 359 324 614 1082 740 976 345 610 988 933 1064 358 1092 1241 348 410 842 273 343 237 606 997 850 1212 544 904 475 449 1061 1011 965 511 915 914 872 871 1359 357 994 137 202 237 399 720 538 724 786 609 333 1068 622 850 756 949 780 740 800 881 300 359 232 597 481 772 341 1104 944 588 917 859 519 146 500 620 586 1223 51 412 860 1007 674 958 803 1065 238 890 1176 989 1066 1035 494 1252 775 955 577 557 643 1190 742 880 967 895 932 1010
901 535 910 972 1127 270 655 168 870 936 338 567 947 817 904 659 926 1075 207 396 795 1098 929 838 1318 0 1070 481 712 794 303 511 694 901 798 1122 319 643 906 814 1171 555 1019 709 379 617 54 801 818 612 1121 597 915 907 646 182 486 781 389 955 862 664 355 949 915 882 325 345 539 1048 113 361 990 771 899 837 226 584 642 57 1277 673 258 872 1025 618 953 488 320 95 461 653 899 957 669 743 1195 167 1209 996 702 1103 752 907 1038 568 960 912 75 700 1034 746 862 826 907 699 829 1064 640 135 803 430 794 812 354 430 1204 1133 877 545 716 852 982 906 732 586 423 1071 1206 416 1290 793 880 637 1100 950 832 190 1055 978 478 428 1158 662 270 766 640 870 1057 873 277 124 827 795 394 451 774 1045 487 288 852 834 975 1069 957 316 820 856 975 894 727 708 304 960 326 79 1020 921 772 1071 983 1112 880 380 478 161 913 542 871 908 415 335 411 831 769 417 706 449 40 967 448 1182 1135 1085 960 620 1041 765 913 1002 1060 256 714 784 711 613 596 602 939 437 1039 973 1091 721 1033 587 980 328 765 821 410 760 1013 1227 956 995 773 160 1268 1021 881 468 963 872 516 255 1084 468 173 493 258 509 987 66 728 584 858 806 947 225 709 819 353 658 390 308
244 534 531 598 246 971 466 965 458 744 747 557 672 270 680 459 341 569 868 738 635 43 816 522 381 1070 0 615 431 952 827 676 822 306 909 522 763 575 413 767 154 526 518 498 709 949 1054 503 866 638 148 560 936 378 676 915 652 294 895 193 522 610 721 565 764 846 788 835 853 22 964 951 263 557 930 488 911 596 505 1043 349 522 812 289 571 819 386 892 797 1005 819 436 573 229 463 412 331 927 375 582 388 33 466 381 32 505 308 885 998 499 390 975 492 293 844 523 292 44 544 934 904 888 417 281 762 751 388 364 459 861 416 989 87 926 476 670 964 505 425 839 389 829 657 619 495 521 417 896 217 502 613 708 468 867 925 774 479 215 134 858 924 950 586 282 700 633 646 222 613 798 657 284 180 446 694 788 367 1004 232 650 967 904 781 254 792 991 418 208 469 155 328 164 636 825 593 999 179 794 217 178 922 738 673 255 540 718 839 632 1110 214 856 309 201 223 140 572 664 366 405 714 70 814 495 851 707 880 658 468 871 656 159 351 305 400 101 635 223 936 939 564 714 488 138 412 131 721 298 1011 353 49 479 682 759 994 572 818 302 727 960 872 844 696 116 1007 418 874 227 265 262 997 400 502 747 538 720 780
422 145 464 542 646 359 174 353 580 563 247 92 544 401 509 328 446 628 274 318 392 637 589 585 837 481 615 0 231 567 212 138 415 535 543 662 162 203 434 474 698 91 565 435 102 459 454 539 532 444 646 350 638 576 275 371 311 320 305 546 414 248 131 706 555 568 174 227 336 595 368 354 610 334 625 565 297 143 166 443 796 411 234 391 584 359 624 344 319 441 257 281 667 563 349 263 713 322 728 559 316 648 460 577 585 123 479 610 418 425 559 552 406 348 586 241 438 618 391 351 544 313 476 340 302 373 724 654 413 347 372 626 529 627 445 210 385 611 729 257 809 492 479 455 638 685 519 293 574 523 11 104 688 424 311 440 158 443 582 567 311 357 613 332 88 205 377 564 10 193 454 440 498 600 560 298 475 638 494 489 535 481 264 479 318 404 549 445 486 594 503 634 471 226 84 386 486 284 403 442 341 205 213 363 529 111 436 47 522 487 289 701 656 604 491 173 623 403 595 607 593 236 248 498 354 403 211 167 623 44 562 495 610 240 600 181 500 331 540 387 103 485 591 748 519 603 320 398 786 567 602 329 592 642 43 229 603 159 348 328 233 393 554 415 393 380 433 352 565 382 344 555 134 408 105 173
204 252 278 366 418 558 57 576 567 443 454 145 397 305 377 357 216 428 505 499 278 443 495 597 607 712 431 231 0 563 428 249 415 465 525 448 393 147 213 404 485 177 361 469 332 526 683 554 492 542 430 434 585 531 257 597 454 174 469 427 232 192 361 705 448 499 395 421 423 415 598 526 514 192 576 567 515 165 77 672 566 462 464 166 391 398 573 461 523 671 388 295 680 458 378 32 483 550 497 374 294 462 474 533 406 188 248 542 649 461 332 572 213 138 507 109 364 446 457 582 522 458 464 155 498 542 493 424 206 432 371 611 356 574 467 240 534 399 500 412 578 451 346 542 421 672 500 523 348 319 235 298 463 452 516 392 73 322 369 505 514 587 644 174 317 370 277 338 224 423 329 361 283 379 418 505 439 625 269 349 560 498 479 252 520 635 326 234 497 377 273 416 330 404 261 606 356 363 215 253 492 421 397 182 562 310 435 269 752 266 426 470 433 378 293 141 453 371 556 460 393 466 86 468 309 458 229 192 542 274 345 265 379 38 448 204 275 515 543 233 311 505 451 518 370 460 192 618 556 389 592 481 469 621 201 460 372 301 570 441 459 532 404 646 392 447 317 208 474 590 334 566 360 468 325 403
709 704 448 428 821 523 564 630 1115 283 772 527 350 867 315 875 620 534 674 863 318 949 222 1133 946 794 952 567 563 0 543 429 154 1027 46 613 616 426 551 193 944 620 526 989 589 179 740 1087 98 1012 889 915 133 1088 313 810 876 737 408 988 439 373 629 1249 251 158 554 482 267 943 709 433 1076 396 118 1107 583 451 518 736 916 970 687 665 490 210 1133 307 836 824 362 817 1217 1021 897 566 828 655 810 459 835 978 1006 1090 935 655 660 157 778 979 637 60 466 676 181 453 924 980 953 733 52 368 1008 709 834 922 795 740 501 258 906 61 895 128 994 363 374 578 770 398 900 125 323 1022 612 1222 1048 652 783 510 579 497 687 147 527 178 563 884 846 141 520 711 1169 736 572 769 306 773 558 614 310 922 775 622 340 813 992 71 729 336 73 91 772 706 838 754 606 746 1031 841 654 868 342 446 651 632 916 295 759 791 378 724 768 736 1085 501 133 606 820 742 358 831 864 801 815 447 434 920 1113 362 895 688 479 101 253 187 367 691 192 572 816 630 745 601 995 401 739 465 29 391 517 1034 1005 804 924 350 755 634 900 921 1139 890 294 80 590 662 741 424 625 307 596 956 956 746 928 217 880 770 1037 570 872 1102 569 969 543 603
628 324 607 668 846 152 376 149 746 641 255 283 646 605 604 497 635 771 131 352 493 849 643 736 1033 303 827 212 428 543 0 208 418 727 536 820 100 341 609 524 907 302 716 587 126 385 264 692 546 549 854 482 649 757 345 267 399 533 156 751 559 360 139 858 623 602 40 62 276 807 193 179 808 467 634 723 87 284 353 254 993 556 147 593 722 343 806 245 305 297 182 465 813 764 515 458 907 136 917 692 508 860 621 758 797 328 672 637 258 577 738 507 560 555 626 399 636 830 528 200 540 188 648 551 313 410 911 840 577 285 550 605 742 639 604 283 233 769 910 145 1002 514 579 567 799 845 691 119 777 675 214 131 858 398 103 479 361 651 791 596 104 188 750 545 129 307 472 766 214 78 551 639 706 770 657 284 658 612 697 593 488 452 243 680 308 237 722 654 646 802 693 842 579 97 252 178 695 259 615 654 197 211 284 575 672 119 433 201 341 693 187 896 861 806 702 320 739 589 771 704 804 148 417 510 414 356 293 371 660 172 770 680 802 445 811 283 703 144 513 518 117 641 799 933 730 697 532 189 982 780 764 401 669 624 255 121 796 165 143 240 53 465 764 239 568 327 640 564 762 169 529 710 84 547 107 79
453 279 399 463 657 315 210 354 709 452 359 126 447 500 407 459 438 563 322 443 292 691 469 718 838 511 676 138 249 429 208 0 278 648 407 612 224 135 405 350 733 204 508 569 176 326 472 671 399 582 678 488 506 697 153 446 447 394 220 641 350 153 219 837 439 440 188 182 205 659 399 277 715 259 492 696 292 85 172 462 798 547 305 413 514 221 744 225 429 496 144 407 801 664 480 274 710 344 717 485 435 708 592 698 649 241 478 481 462 559 534 414 352 386 460 195 546 687 528 398 408 212 603 395 419 500 710 639 370 215 499 489 597 494 578 85 287 560 706 163 804 360 380 593 591 815 645 323 591 467 149 89 651 286 277 312 198 535 618 438 274 392 748 402 157 340 273 580 129 239 353 547 532 563 461 407 596 500 513 393 397 343 368 494 429 442 516 483 618 625 495 663 377 158 222 380 575 149 459 498 245 312 342 422 664 99 299 176 549 513 181 701 678 619 541 118 537 523 717 507 641 307 216 364 231 267 91 283 497 145 593 480 606 276 681 75 521 268 402 310 111 618 677 731 600 502 402 390 787 632 731 463 481 505 165 289 599 52 349 206 254 528 635 447 520 245 526 429 671 352 468 688 175 545 138 222
577 550 355 364 716 432 412 526 961 262 630 372 302 718 258 720 502 479 549 718 207 822 238 979 862 694 822 415 415 154 418 278 0 877 128 551 479 274 438 134 829 465 452 834 445 153 644 933 127 859 773 762 233 936 161 685 726 589 306 843 331 224 486 1095 234 187 421 360 156 810 598 347 929 267 218 953 472 297 366 637 827 816 554 532 429 76 981 213 696 710 237 663 1063 874 743 422 737 541 726 395 681 849 852 938 802 501 544 219 667 825 542 156 354 536 213 307 774 846 799 615 129 266 855 566 691 777 713 651 388 152 752 211 758 222 840 209 301 508 694 280 818 98 250 869 543 1068 895 533 669 426 427 352 617 55 423 87 410 738 725 179 417 598 1015 590 427 619 188 659 406 481 227 772 648 540 302 674 839 223 607 266 145 82 633 584 697 644 513 614 877 722 544 753 263 323 499 536 771 158 620 654 289 582 620 593 930 358 20 455 725 618 246 736 754 691 682 294 400 767 960 340 768 555 334 92 114 100 212 537 245 423 695 521 644 454 856 246 617 370 130 278 373 880 863 726 783 330 606 540 813 787 985 741 285 226 436 531 640 279 521 203 471 807 815 639 774 121 732 624 889 480 718 948 430 815 400 468
394 403 689 774 530 879 464 837 153 889 563 523 830 160 821 242 517 785 721 520 738 350 950 215 686 901 306 535 465 1027 727 648 877 0 990 760 638 602 576 868 461 448 721 220 601 968 900 198 958 362 446 316 1049 78 716 726 426 295 841 113 659 653 594 275 900 962 686 758 852 287 811 888 90 651 1040 181 797 590 510 888 653 252 659 422 770 847 110 872 591 820 787 262 272 81 232 467 621 790 662 768 219 327 179 81 282 413 505 1004 826 225 616 1032 631 380 968 575 103 269 283 771 987 848 127 336 555 513 671 630 606 862 185 1076 256 1038 194 680 920 728 704 792 691 917 792 339 730 233 113 758 475 691 528 640 726 907 830 858 468 161 406 969 832 795 280 299 600 452 740 475 538 673 782 104 389 677 852 590 84 1090 442 791 1019 957 597 454 585 826 634 370 174 431 537 456 773 761 476 873 156 793 312 304 877 572 490 315 238 646 897 529 939 419 822 598 494 494 326 585 855 138 107 886 355 661 551 934 774 903 672 368 1001 564 417 552 565 427 211 641 436 862 1006 681 636 193 174 697 190 889 274 886 655 274 175 451 912 1086 494 675 560 687 834 854 725 442 192 846 173 887 160 265 53 891 198 196 642 270 630 659
666 676 402 382 775 529 529 632 1081 240 757 497 305 830 269 844 575 489 668 846 274 905 182 1101 900 798 909 543 525 46 536 407 128 990 0 568 604 391 505 147 898 591 480 959 572 195 746 1056 52 987 844 889 117 1053 281 804 854 698 409 949 394 338 613 1216 207 118 544 476 263 899 709 440 1037 353 101 1075 582 421 484 741 870 941 676 622 444 195 1096 309 822 823 354 786 1185 982 867 527 782 653 764 413 802 934 975 1055 892 626 615 126 778 949 590 96 421 635 143 415 888 937 926 730 7 369 975 669 818 905 749 693 456 255 874 86 853 108 963 335 384 532 724 393 854 80 276 996 566 1188 1014 648 737 464 555 480 642 138 529 135 529 845 802 101 522 710 1139 697 554 747 263 727 534 603 264 885 731 576 295 800 957 100 684 290 103 90 759 661 824 754 559 702 1000 795 608 822 296 440 627 637 876 281 718 749 383 709 748 695 1055 485 108 584 826 698 355 785 818 756 771 414 390 886 1077 319 851 678 440 57 215 185 338 660 160 552 771 585 699 563 953 371 694 470 50 346 500 1003 963 758 883 308 717 640 854 878 1106 870 252 99 563 653 695 406 627 306 590 935 914 747 896 215 841 731 998 576 839 1070 555 941 527 592
372 699 215 188 291 911 503 966 904 332 900 570 263 627 300 765 259 80 925 947 357 494 405 954 346 1122 522 662 448 613 820 612 551 760 568 0 816 479 235 431 429 625 105 862 757 704 1084 919 515 965 392 859 534 839 496 1034 897 516 791 665 261 462 793 1035 364 461 797 789 671 526 1009 847 757 354 537 920 903 539 497 1074 323 867 894 358 124 598 865 730 970 1098 700 709 1027 707 783 418 249 955 216 157 687 531 851 842 525 636 258 483 1069 857 144 661 260 415 445 425 686 565 871 1003 561 762 821 461 946 989 199 171 249 673 757 622 519 528 851 544 823 51 164 741 297 497 301 959 30 994 843 932 305 144 670 694 79 607 881 468 518 602 388 477 877 1001 1013 503 739 818 380 301 654 841 324 679 373 83 274 952 779 635 318 286 662 613 923 306 968 1051 132 391 868 367 225 369 287 759 708 990 605 631 455 457 794 865 846 469 942 705 558 707 1161 341 730 262 344 301 436 503 191 733 868 264 451 896 414 522 461 648 532 634 455 702 364 213 218 461 611 536 324 854 615 308 713 881 640 199 580 275 542 999 306 520 929 926 330 617 642 885 220 658 960 713 864 972 595 1057 773 659 607 528 737 954 722 926 774 877 736 821
