344
0 556 594 870 69 958 896 807 513 665 62 527 173 789 841 492 624 949 488 361 915 531 540 154 686 885 485 418 571 575 284 423 378 407 923 102 187 563 988 644 533 273 897 735 173 460 249 580 482 332 964 212 678 432 871 673 85 22 416 111 614 344 355 507 714 922 930 379 336 730 910 797 264 223 608 376 479 829 468 361 78 441 391 794 344 36 428 558 652 431 523 806 843 622 946 202 397 926 366 873 762 703 483 876 379 635 667 680 190 638 540 740 652 837 351 602 504 975 835 441 645 701 899 901 427 853 464 714 653 905 502 399 616 936 295 679 303 120 540 938 454 1016 575 629 517 362 890 841 324 544 690 615 789 711 259 254 899 309 111 686 148 124 722 815 277 815 712 594 640 124 397 392 655 516 547 583 340 1062 194 426 323 821 873 205 418 190 233 154 853 369 680 378 235 524 321 490 903 767 411 944 489 507 544 803 414 882 930 102 563 249 394 744 163 365 700 112 155 462 275 937 464 658 578 530 676 863 193 257 909 578 731 283 415 813 557 276 701 592 132 133 946 404 320 829 404 736 812 444 547 848 475 434 451 269 507 627 523 412 326 673 195 5 165 484 276 579 471 590 551 271 441 592 823 343 603 548 298 283 274 660 505 302 725 185 776 697 113 590 955 845 989 480 918 105 742 673 844 249 223 207 932 419 120 187 166 222 332 813 89 558 909 510 662 964 758 652 326 301 831 583 382 142 226 365 735 845 520 370 329 942 430 669 794 162 446 470 171 617 641 744 246 585 505 900
556 0 513 515 587 834 519 770 84 303 575 691 437 764 833 539 223 471 73 520 510 61 893 515 811 682 736 138 101 401 272 151 641 175 429 646 412 735 836 562 981 303 837 393 562 155 438 324 153 818 454 425 236 352 631 605 589 578 763 445 791 501 575 895 308 449 847 441 252 615 463 702 775 336 731 264 554 606 930 199 542 519 863 801 661 555 871 491 180 642 322 736 547 794 406 355 845 746 204 346 207 440 546 791 824 635 123 789 709 121 670 193 518 814 533 616 814 773 615 207 438 629 454 510 331 454 463 412 728 869 79 212 509 484 432 780 277 544 838 390 295 889 107 344 443 603 366 524 590 612 473 655 661 511 496 672 396 759 447 384 473 459 191 288 488 374 853 131 403 471 660 810 422 825 997 887 315 956 362 167 351 525 423 548 821 368 370 586 322 850 652 266 454 543 302 765 538 352 773 453 311 828 961 733 298 401 403 573 758 509 483 489 426 283 802 559 477 883 424 723 92 512 24 340 547 439 362 545 633 427 716 532 539 815 1014 495 548 795 674 424 870 502 500 294 368 223 342 810 481 396 626 331 175 673 226 883 132 342 292 400 402 557 546 267 494 77 871 207 897 313 421 589 488 439 462 112 562 356 742 837 121 293 425 488 234 788 494 665 856 417 454 304 668 453 208 628 823 710 340 632 866 475 611 493 390 340 413 684 501 344 605 421 555 898 439 145 282 804 852 815 808 434 517 382 182 493 530 195 244 698 800 770 611 457 312 107 413 76 378 789 367 50 57 366
594 513 0 361 563 376 398 264 563 290 557 263 626 255 323 130 338 547 516 827 439 452 536 446 321 292 356 492 424 117 473 540 335 552 555 615 611 293 399 56 692 409 343 280 453 590 692 202 366 625 608 650 379 748 289 97 675 604 453 533 333 261 294 569 343 522 364 783 571 138 482 217 632 464 259 629 155 246 670 506 522 170 636 288 388 621 609 36 413 288 190 240 297 332 661 515 599 332 534 579 599 192 145 307 582 126 517 295 607 466 227 555 65 306 829 118 447 381 250 326 128 126 471 416 220 392 129 233 231 367 440 593 28 506 722 285 562 488 453 684 715 436 421 213 86 312 586 311 336 154 145 158 198 142 745 486 551 552 517 228 642 601 509 544 752 420 363 642 160 617 339 545 155 453 706 491 650 491 512 568 298 281 461 415 536 522 607 487 576 640 138 314 358 100 340 391 393 369 471 564 206 466 645 237 255 507 618 682 324 356 204 203 445 309 304 682 652 593 320 344 475 77 513 172 83 425 509 366 337 90 204 335 872 303 727 325 111 354 624 508 385 841 788 571 743 483 455 495 47 451 230 732 356 472 688 453 381 727 611 197 418 599 713 250 325 453 565 329 533 572 806 90 314 250 63 403 338 339 563 368 393 374 235 410 560 288 631 184 383 419 678 215 335 517 525 116 316 541 450 483 376 831 541 408 501 537 731 223 617 172 352 104 68 409 265 454 600 638 339 388 553 586 380 242 576 344 93 523 545 355 493 277 202 637 724 428 592 497 188 277 618 563 519 613
870 515 361 0 859 418 39 460 597 226 851 621 839 470 524 488 299 228 565 994 87 474 896 745 638 248 717 587 418 307 650 629 691 650 261 919 816 646 396 355 1053 616 478 138 767 658 879 290 444 974 309 847 279 854 184 373 939 886 813 779 676 590 641 931 206 212 464 926 707 322 159 371 970 677 600 746 514 193 1030 633 812 518 991 520 742 888 968 381 336 648 347 412 87 673 402 724 956 308 656 341 461 178 503 426 937 448 434 611 933 402 583 421 301 498 1003 460 808 309 200 454 246 371 153 61 443 80 456 156 552 521 486 696 333 174 892 600 715 788 812 441 803 457 411 240 390 663 337 56 681 512 216 493 319 223 938 826 278 901 769 183 866 832 380 343 938 171 675 633 236 848 697 902 226 813 1067 846 787 526 725 655 546 88 165 732 896 735 792 802 354 993 423 500 650 460 554 752 34 167 831 257 380 827 1007 409 456 226 351 937 676 671 534 158 706 509 611 931 874 954 606 264 542 287 499 340 302 120 723 692 148 317 458 663 1026 523 1088 641 274 703 935 752 485 989 963 368 863 336 222 856 384 176 592 834 462 815 741 800 421 840 753 198 674 874 944 390 640 438 926 327 893 741 922 439 49 553 310 419 675 586 907 700 445 580 145 706 398 595 869 529 454 133 396 389 194 772 381 401 506 881 668 813 491 968 852 707 731 732 886 326 862 312 105 385 327 514 112 378 741 982 563 739 909 811 694 512 452 24 452 644 686 220 854 596 242 855 818 498 805 453 229 551 798 548 556 368
69 587 563 859 0 918 888 762 552 664 12 471 237 743 793 452 631 955 523 430 911 556 470 117 629 855 422 453 591 558 317 463 319 450 933 62 249 505 950 610 466 290 852 729 118 505 317 572 497 267 976 277 687 495 846 636 144 60 348 152 553 304 304 437 717 928 886 447 385 696 912 758 203 251 552 430 437 804 402 399 48 402 325 745 281 104 360 527 667 375 514 764 826 562 966 243 329 893 408 890 790 688 442 834 311 592 693 624 130 660 487 765 623 790 421 559 437 943 809 451 627 664 900 895 417 849 434 703 601 857 526 448 587 938 363 624 352 75 473 961 513 976 595 622 492 307 907 827 269 498 669 569 754 687 328 185 910 239 144 676 216 187 743 832 347 819 653 637 625 190 337 323 639 449 480 515 398 1019 234 470 315 805 876 155 348 232 291 91 871 304 639 382 210 485 325 425 893 768 342 953 481 439 475 761 410 890 946 166 503 208 359 726 168 368 644 179 223 393 254 907 495 631 609 519 646 862 232 208 888 557 686 236 485 764 491 238 673 530 86 166 902 473 389 849 468 753 820 375 518 852 423 495 465 201 561 561 540 475 380 661 198 73 234 483 238 602 402 598 481 322 508 551 812 315 579 566 247 280 206 598 523 313 714 154 799 642 181 541 913 845 1007 474 894 136 764 633 796 180 247 140 887 487 51 155 200 269 399 778 156 547 891 488 630 918 747 672 379 239 780 519 312 201 184 348 762 836 483 410 374 916 361 614 765 228 506 494 230 643 630 692 305 621 539 918
958 834 376 418 918 0 449 173 900 541 914 490 1002 195 191 466 618 643 856 1202 497 777 728 805 398 171 587 847 733 451 847 895 632 911 679 963 987 484 49 320 908 784 107 467 801 941 1068 513 707 913 726 1026 631 1113 235 286 1041 965 708 906 476 614 619 781 564 630 67 1156 939 238 576 161 942 840 421 995 480 240 911 870 882 516 904 225 687 988 859 411 684 571 535 155 337 468 821 891 861 110 899 756 849 396 475 90 850 326 795 379 936 750 459 806 335 173 1205 359 656 131 231 681 399 256 571 473 591 496 499 432 356 142 775 955 362 588 1097 372 933 844 641 859 1075 60 728 489 462 626 753 370 660 424 360 357 181 322 1121 802 696 845 890 455 1017 975 759 748 1128 578 415 965 431 991 624 807 411 655 918 654 1020 122 888 924 674 349 583 763 787 898 982 833 766 916 279 684 724 433 715 614 427 552 727 674 562 673 848 157 624 644 770 1051 507 710 563 350 817 681 366 1053 1027 827 691 160 820 336 827 518 305 538 885 710 275 432 242 681 1247 212 939 682 293 512 966 882 79 1215 1163 775 1111 720 629 734 423 591 510 1096 706 785 1037 584 707 1094 982 434 791 963 1086 600 681 761 793 627 719 946 1174 366 405 619 395 721 674 715 868 470 726 749 421 772 792 355 1005 393 40 547 814 572 229 889 767 284 174 854 826 814 93 1204 888 770 876 912 1105 156 989 503 321 477 309 103 420 731 970 937 234 549 819 962 734 617 833 424 437 887 913 210 739 375 222 1013 1086 770 968 794 455 287 993 879 855 784
896 519 398 39 888 449 0 498 602 241 879 659 859 507 561 524 310 194 572 1008 49 481 934 774 677 280 755 599 424 340 669 639 727 661 231 948 836 685 425 394 1090 638 512 160 798 666 896 315 459 1008 277 865 283 863 217 412 963 913 850 803 715 623 676 968 213 181 497 938 720 361 127 408 1003 698 638 758 551 230 1066 647 840 554 1027 558 777 913 1004 418 339 685 373 449 124 712 375 744 991 339 669 318 448 212 539 461 973 487 431 650 964 403 622 411 339 535 1017 499 846 334 236 473 281 410 123 24 470 66 490 186 591 556 495 707 370 139 907 639 730 817 850 415 810 485 418 266 424 699 312 95 715 551 253 532 357 261 955 860 251 935 794 211 887 854 372 326 955 158 714 633 268 870 734 938 260 851 1105 885 800 553 746 665 573 127 140 763 932 756 810 833 334 1027 462 523 680 497 578 790 24 167 868 225 407 865 1044 446 481 201 323 960 715 702 567 196 732 532 650 954 895 990 635 292 552 325 502 369 341 98 744 724 175 351 497 695 1038 561 1125 672 312 741 964 776 518 1001 978 349 873 328 207 893 420 156 629 842 479 849 746 839 433 849 767 229 700 900 965 413 672 443 963 340 931 758 932 478 84 584 346 428 708 612 940 739 457 602 177 736 385 634 891 568 486 116 365 415 221 796 371 440 543 914 691 845 524 979 882 736 754 751 899 363 885 340 129 418 366 547 143 378 754 1016 600 778 945 833 725 541 442 55 489 657 700 246 891 635 280 875 826 509 825 453 258 589 815 548 563 343
807 770 264 460 762 173 498 0 825 508 760 319 870 21 67 319 574 686 779 1079 547 710 556 653 229 238 413 757 676 369 732 804 465 817 712 804 858 310 219 210 735 664 89 457 644 855 942 447 627 741 763 898 602 1010 290 166 892 813 535 767 303 464 459 608 546 667 125 1041 833 161 617 89 772 715 247 892 328 268 737 769 730 369 731 64 518 840 686 295 646 404 450 48 373 296 843 764 688 217 798 767 827 367 325 83 677 173 757 208 771 707 289 783 252 44 1080 206 483 266 262 590 339 141 608 521 483 526 368 412 183 104 701 858 262 634 975 200 822 690 469 874 979 223 671 439 348 462 770 404 498 264 317 193 141 282 991 635 720 675 750 425 881 839 735 747 1000 590 252 901 377 854 455 633 361 482 746 483 910 257 761 833 550 374 612 607 614 770 859 675 772 743 133 577 580 290 597 440 480 551 554 713 470 500 676 51 519 670 793 904 334 558 419 337 678 571 197 908 892 654 552 265 739 260 768 432 224 567 757 554 347 344 76 526 1126 63 767 532 231 339 805 745 139 1097 1038 775 1004 702 637 561 307 612 345 995 619 617 953 416 638 990 872 396 655 813 946 512 532 705 619 574 547 830 1067 221 430 481 307 658 515 587 698 301 653 631 405 624 778 184 865 225 156 571 846 479 312 748 747 150 53 686 700 651 124 1089 729 620 744 789 988 135 848 426 388 368 214 156 418 692 861 766 102 377 646 827 581 491 807 456 297 787 807 309 566 203 218 879 988 690 837 745 406 118 872 819 780 799
513 84 563 597 552 900 602 825 0 380 539 716 377 818 887 572 301 555 48 439 595 126 898 495 847 754 751 105 179 457 236 90 648 108 512 608 352 761 906 616 971 285 897 472 544 73 367 387 197 797 534 359 319 267 706 659 535 535 764 403 818 512 584 894 391 534 910 358 187 675 548 763 748 303 764 186 584 679 916 153 510 545 846 852 662 506 859 538 264 658 375 795 625 822 479 311 832 817 147 425 272 511 577 853 811 681 202 826 679 206 699 267 576 869 453 659 823 846 688 240 502 684 539 594 363 538 497 487 767 927 126 136 563 568 356 818 216 518 850 458 210 957 186 413 487 611 444 603 593 647 540 696 724 578 422 658 478 743 408 458 413 405 272 368 413 459 887 93 469 415 669 801 489 834 987 899 238 1023 318 94 359 603 508 535 815 323 307 564 400 831 702 283 447 580 304 778 621 435 772 536 357 836 956 791 327 486 480 517 782 504 504 562 401 297 840 501 416 876 424 797 90 571 106 393 606 523 320 541 711 482 767 533 456 867 1002 495 610 819 637 385 932 419 421 371 284 307 427 810 527 481 650 246 209 661 144 902 193 258 220 471 382 513 482 313 494 159 867 280 903 253 336 633 569 452 518 183 563 353 723 866 174 286 500 473 309 828 438 702 920 502 528 348 744 415 288 680 878 690 311 614 927 391 582 478 352 290 334 748 448 401 685 466 612 960 517 230 212 779 902 836 798 381 508 400 250 574 568 142 186 774 799 808 679 396 227 135 357 159 446 834 302 81 45 442
665 303 290 226 664 541 241 508 380 0 654 539 617 507 574 381 80 297 344 767 252 254 797 555 612 382 618 361 202 180 427 404 560 425 287 726 594 576 538 321 931 399 560 91 586 437 654 107 218 818 337 623 94 630 329 359 728 683 690 567 621 434 500 819 59 270 564 700 480 346 248 428 801 459 548 521 406 306 896 407 616 391 846 552 602 680 833 288 142 533 162 466 244 621 374 504 816 446 430 291 319 145 395 511 796 414 254 586 754 209 506 275 264 551 776 409 708 470 315 232 172 375 236 242 253 189 321 110 521 598 262 471 272 274 666 575 489 597 722 394 580 594 196 77 265 526 300 223 533 435 191 449 380 228 714 665 275 747 559 86 646 615 227 253 713 158 654 430 134 631 572 767 147 717 947 765 561 662 506 431 349 222 213 555 767 516 568 620 286 842 413 287 464 366 344 653 255 105 706 302 188 726 894 463 254 239 335 723 605 497 386 191 502 299 593 716 654 829 419 421 318 253 292 166 286 198 504 525 330 205 471 499 799 562 967 469 276 638 745 540 587 763 737 281 638 196 176 737 283 192 490 610 237 658 524 736 196 615 527 111 470 668 725 181 469 227 806 102 797 516 698 381 190 383 227 198 518 384 746 658 220 365 122 518 273 577 652 474 567 181 397 193 365 562 240 387 561 716 453 642 585 742 665 519 516 509 659 400 647 143 305 249 303 616 136 189 514 819 602 669 771 593 517 329 299 201 354 417 459 395 732 568 319 634 595 272 584 254 104 557 573 343 337 325
62 575 557 851 12 914 879 760 539 654 0 471 226 741 791 448 621 945 510 422 901 544 478 111 630 850 425 440 579 550 304 451 320 437 922 73 238 506 946 605 477 278 849 720 117 493 307 563 485 278 965 267 676 484 840 631 141 56 353 140 555 300 303 445 707 917 884 437 372 691 902 754 215 239 553 418 434 798 413 386 38 398 336 743 284 98 370 522 655 375 505 761 819 564 954 230 339 888 396 878 778 680 438 831 320 589 681 625 142 648 487 753 617 788 413 556 442 938 803 440 619 660 890 886 408 839 428 694 600 855 514 435 581 928 353 624 340 70 478 949 502 972 583 612 485 307 895 819 269 496 662 566 749 681 320 192 899 249 131 668 206 176 731 821 338 808 655 625 617 180 339 331 631 454 491 521 387 1016 222 458 306 797 866 153 357 219 280 93 860 315 635 372 203 481 314 429 885 758 348 942 472 445 484 758 400 879 935 162 505 204 354 719 156 357 645 174 214 403 246 902 483 625 596 510 641 852 220 206 881 550 683 234 477 762 502 233 667 532 98 154 899 464 381 838 457 741 810 382 512 842 422 484 454 207 548 566 528 463 368 653 187 67 227 473 233 590 410 587 488 310 498 548 803 309 572 554 246 270 216 601 511 302 705 148 787 642 172 540 910 835 995 465 887 124 752 630 794 189 235 145 885 478 59 149 188 256 388 773 147 538 884 481 625 916 738 660 367 251 779 523 321 189 180 340 750 827 479 398 361 910 368 614 759 218 495 482 218 631 621 691 294 608 527 906
527 691 263 621 471 490 659 319 716 539 471 0 630 297 332 160 568 810 669 847 702 631 276 378 160 493 101 621 623 359 544 663 154 667 815 503 624 45 533 267 441 471 404 543 354 718 711 436 538 422 868 664 618 826 515 262 611 528 219 517 103 221 175 315 596 785 444 828 653 328 745 349 454 503 81 716 139 475 431 609 449 171 415 285 203 562 375 253 639 96 398 338 550 109 914 544 373 504 636 830 823 456 148 401 360 187 730 153 458 679 38 781 320 335 844 164 188 558 475 483 391 278 734 677 360 655 231 496 138 399 611 697 290 769 751 152 632 407 190 932 811 542 621 463 276 164 839 569 203 109 408 143 370 398 749 321 809 355 498 488 631 588 739 789 762 680 190 806 419 601 140 318 416 192 454 228 718 572 538 687 365 537 724 322 301 545 640 380 824 426 230 433 332 173 422 135 652 628 238 826 393 207 389 336 393 767 873 629 68 289 212 462 433 419 173 636 641 349 325 538 626 334 699 385 321 689 534 271 571 335 248 251 899 303 476 273 351 104 499 501 455 875 804 815 811 721 711 251 256 712 67 815 515 303 811 198 569 804 682 458 421 532 682 433 273 650 317 550 271 627 870 182 575 271 323 597 230 386 380 152 572 450 498 358 794 171 607 103 475 682 935 397 555 494 757 241 340 370 487 344 437 876 430 353 511 575 774 387 585 400 596 294 296 465 528 674 673 447 312 130 329 584 308 316 797 605 184 628 629 567 253 142 420 633 815 588 601 698 444 226 654 741 677 864
173 437 626 839 237 1002 859 870 377 617 226 630 0 855 914 553 560 877 364 217 869 428 694 263 789 902 610 301 479 575 191 289 496 268 844 274 25 671 1025 681 703 227 957 700 304 313 84 554 407 504 877 40 607 259 877 718 163 193 563 114 726 417 455 667 658 851 985 213 190 765 849 842 437 166 705 214 548 838 640 239 218 504 563 869 477 150 596 590 569 539 505 859 830 734 842 116 565 952 233 777 644 690 548 929 547 697 558 778 363 539 633 630 674 906 214 665 647 997 845 385 644 747 838 859 421 806 504 689 739 973 402 248 643 874 129 774 161 253 682 828 284 1062 484 602 541 471 796 821 435 619 690 688 824 718 121 409 815 475 132 659 36 50 621 718 132 753 820 447 629 48 518 555 647 659 718 728 171 1116 116 283 328 806 810 323 579 106 71 300 754 541 738 342 299 580 295 622 870 711 561 866 471 653 710 856 395 807 834 141 678 340 452 737 197 337 797 124 40 628 319 954 353 677 461 517 702 808 119 364 905 586 796 379 270 887 729 356 722 711 304 129 1004 249 174 728 231 643 739 598 579 783 568 261 382 421 344 762 443 239 165 654 215 171 110 450 356 479 633 526 704 124 271 649 796 389 617 460 404 287 443 775 420 264 703 273 670 790 66 671 1007 788 889 460 923 138 640 725 914 415 178 360 992 257 285 278 126 108 162 849 85 542 896 528 694 1025 732 558 170 474 912 709 546 46 325 384 619 814 573 241 193 950 584 764 813 19 274 375 34 508 622 827 79 456 381 800
789 764 255 470 743 195 507 21 818 507 741 297 855 0 69 302 571 694 771 1064 557 703 535 635 208 254 392 747 671 363 719 795 444 807 718 784 842 289 240 202 713 650 108 460 625 846 928 443 620 720 770 883 601 999 303 159 874 795 513 751 282 447 439 586 548 675 146 1027 821 162 625 99 751 700 225 881 311 279 716 758 712 352 709 50 497 822 664 284 645 383 443 62 383 274 848 750 666 236 787 772 827 369 308 105 655 157 754 187 750 705 268 782 248 51 1065 189 461 286 273 581 337 135 616 531 472 533 354 414 161 118 694 847 255 643 961 178 809 672 447 878 969 244 667 437 337 442 774 413 478 245 318 174 150 284 976 614 726 653 734 425 865 822 735 749 985 595 232 894 375 838 435 612 360 460 724 462 898 277 746 823 536 383 618 588 592 755 845 656 775 722 120 565 563 274 584 418 491 555 532 720 461 478 655 63 508 676 799 886 312 540 403 341 661 559 176 890 875 632 536 283 730 257 763 425 222 575 742 535 361 337 58 507 1112 55 745 514 231 318 785 729 159 1083 1023 777 992 702 641 539 296 618 325 983 611 596 944 395 632 978 859 396 639 795 929 504 514 700 597 570 526 816 1054 206 438 465 301 653 496 573 677 281 646 618 408 606 779 163 849 204 177 577 852 471 327 731 747 139 61 665 686 631 143 1076 709 603 728 775 974 147 831 420 401 357 209 174 423 690 848 745 96 356 624 812 563 477 806 464 282 776 795 326 544 181 227 863 977 683 822 741 405 98 857 813 773 804
841 833 323 524 793 191 561 67 887 574 791 332 914 69 0 361 640 751 840 1126 610 772 544 687 212 293 419 815 740 432 784 863 485 874 777 830 903 315 240 271 724 714 85 524 674 914 989 512 689 749 828 943 669 1065 349 228 927 846 540 809 295 502 488 599 613 732 127 1091 887 228 681 154 786 763 254 947 367 330 733 825 763 410 733 47 536 875 685 352 713 424 512 113 437 287 909 812 690 262 854 834 894 434 366 114 681 219 822 198 790 773 308 850 317 25 1126 249 479 305 324 650 405 204 673 584 539 591 418 479 194 67 763 914 324 698 1023 192 874 723 460 941 1035 227 736 505 405 487 836 468 525 298 384 227 206 349 1036 654 786 686 791 492 923 881 802 814 1046 657 225 963 443 895 473 637 427 476 734 468 963 242 807 891 599 439 677 638 615 816 907 703 839 748 186 632 620 336 649 442 543 618 559 778 530 495 664 116 575 736 860 940 334 593 462 404 719 625 182 945 934 650 595 313 799 325 832 494 290 633 803 585 405 406 121 558 1174 29 754 568 298 332 829 788 130 1146 1085 842 1057 769 704 561 363 678 370 1050 679 636 1012 396 701 1044 925 463 699 847 985 573 568 769 614 639 534 880 1120 269 495 525 370 722 545 635 712 282 715 683 472 660 845 174 906 251 161 637 912 539 366 789 814 207 19 702 748 674 111 1140 756 656 788 838 1038 197 887 489 447 425 278 134 485 758 913 777 44 367 650 871 615 541 874 521 345 843 860 360 567 199 283 922 1043 751 882 810 472 108 920 882 842 866
492 539 130 488 452 466 524 319 572 381 448 160 553 302 361 0 408 661 524 764 563 478 418 339 275 413 238 484 466 203 429 528 205 536 662 500 541 201 498 163 566 357 407 393 337 583 627 277 386 495 714 582 458 713 417 184 576 499 325 448 253 148 166 446 439 635 438 732 536 246 598 305 504 402 193 598 26 374 541 481 416 50 506 316 258 523 480 106 479 160 238 314 427 256 755 450 469 443 509 672 663 313 15 384 451 145 571 254 484 520 132 621 195 352 764 112 329 495 377 333 245 211 587 540 209 512 75 349 200 420 460 571 159 623 662 247 520 378 340 772 690 524 464 306 116 182 682 440 208 76 272 137 303 273 674 358 654 422 431 337 563 520 579 630 684 527 315 659 268 535 209 415 269 336 580 383 608 571 446 555 243 411 574 299 408 455 546 370 665 510 189 293 261 34 296 273 521 474 343 674 234 347 522 311 245 614 716 587 227 244 100 331 359 282 270 590 573 466 233 463 481 207 545 225 209 542 442 247 467 182 243 217 813 335 601 215 239 263 506 426 456 785 723 656 703 560 555 369 105 560 109 700 365 343 679 359 413 692 571 308 337 497 627 276 215 493 439 390 417 522 764 99 440 163 178 441 214 275 434 298 418 329 354 307 634 258 546 131 463 533 778 239 462 429 596 181 360 413 387 359 442 781 425 304 427 477 678 326 528 240 483 134 188 475 386 514 560 509 361 290 422 509 268 186 637 469 36 500 510 480 366 237 326 561 696 439 520 541 290 279 560 589 530 705
624 223 338 299 631 618 310 574 301 80 621 568 560 571 640 408 0 325 266 698 312 175 814 529 658 461 638 288 121 221 369 329 568 351 301 693 536 608 617 377 936 353 632 170 565 359 590 136 153 808 346 562 57 554 409 418 682 644 699 521 657 433 504 830 99 298 637 628 411 413 289 498 784 409 588 447 430 385 896 338 583 408 841 614 605 636 834 328 74 548 171 535 324 658 358 450 814 525 359 275 261 221 420 584 793 464 182 632 731 134 539 217 323 618 708 454 726 550 395 182 234 437 278 306 242 251 340 189 568 667 186 397 325 314 598 623 423 569 743 368 503 672 115 134 293 532 288 302 533 471 261 494 452 299 650 655 280 739 515 163 591 563 172 225 648 193 700 350 196 578 583 768 213 736 952 788 490 739 454 355 324 302 250 538 771 463 506 597 263 835 469 249 442 399 306 672 326 151 713 321 185 744 903 531 231 258 327 674 636 483 392 269 465 263 642 665 598 834 399 501 242 314 212 183 349 248 452 514 410 248 531 491 728 625 971 458 343 671 715 495 660 691 670 250 564 152 188 746 321 225 513 534 178 649 445 767 123 540 457 184 433 627 669 159 457 146 814 34 814 452 623 426 268 376 277 120 514 353 734 698 147 322 202 493 226 627 600 515 642 228 390 185 445 520 188 444 627 703 405 626 658 669 638 496 468 452 589 473 598 170 384 274 363 689 216 118 445 805 664 698 770 540 500 318 237 276 386 347 392 475 739 614 395 578 518 199 528 176 167 613 510 263 258 307
949 471 547 228 955 643 194 686 555 297 945 810 877 694 751 661 325 0 540 990 146 456 1079 850 850 475 898 586 401 459 688 616 852 640 53 1017 852 841 617 557 1222 677 706 267 883 627 897 402 472 1116 84 875 272 823 411 583 1006 969 981 846 878 730 793 1106 240 27 691 912 711 540 69 597 1099 733 802 734 687 421 1190 644 906 679 1142 745 896 960 1127 557 308 819 459 638 314 876 192 772 1111 533 659 163 330 356 675 655 1091 654 356 823 1050 351 774 307 497 725 1003 659 990 525 428 507 419 586 78 170 550 162 610 314 761 749 479 681 522 55 898 812 729 891 999 237 765 677 395 360 548 819 148 282 829 702 407 696 545 427 956 963 88 1044 840 323 909 884 286 200 952 139 889 557 393 899 862 1061 393 997 1238 1038 783 745 775 636 643 311 87 853 1059 784 818 916 187 1139 635 573 760 639 630 934 216 192 997 35 486 1008 1182 635 548 70 143 997 871 795 680 362 789 587 825 987 916 1120 716 485 534 483 449 462 507 123 775 822 368 478 678 796 1011 749 1258 767 482 901 1038 819 712 974 967 212 840 248 138 1027 556 104 770 802 500 955 689 1000 434 814 755 352 758 952 987 474 766 407 1096 359 1077 762 892 635 256 680 487 417 815 676 1043 908 456 647 312 813 268 809 921 729 680 128 173 491 414 844 274 612 733 1014 729 940 718 947 959 815 792 770 882 553 921 436 322 536 531 741 285 328 744 1117 789 935 1066 860 814 627 335 230 629 648 696 437 1022 807 468 895 782 503 846 396 371 771 820 484 526 175
488 73 516 565 523 856 572 779 48 344 510 669 364 771 840 524 266 540 0 450 568 91 854 459 799 712 705 69 148 411 205 78 604 101 499 581 339 714 863 569 931 247 851 436 507 93 364 343 151 761 526 351 290 290 666 612 517 510 721 377 771 467 539 851 359 517 864 373 178 630 527 717 715 271 716 194 536 637 878 128 479 498 809 804 619 485 820 490 238 611 328 748 588 775 480 286 794 775 130 419 280 470 529 808 773 633 196 778 647 188 651 267 530 822 463 611 778 806 647 192 457 637 517 566 314 510 449 448 719 880 82 141 516 548 360 770 204 484 805 463 237 914 154 372 439 566 439 568 549 599 497 648 679 535 423 620 467 705 380 418 400 387 263 361 416 435 839 138 425 398 624 761 446 789 947 854 243 979 293 96 313 565 487 496 774 298 296 528 395 795 655 235 406 532 259 732 590 407 729 523 310 791 915 745 279 469 476 501 735 463 457 521 366 250 792 486 404 835 380 757 42 526 98 346 560 498 294 499 673 435 720 489 473 820 963 452 565 772 609 357 887 435 428 368 303 293 407 768 479 459 602 270 161 622 182 856 151 278 219 430 345 489 472 266 451 133 826 242 859 240 359 585 534 406 472 146 519 310 687 818 130 244 461 435 307 779 421 653 875 477 528 301 706 387 281 633 831 654 277 577 881 410 550 439 323 269 342 703 429 356 650 418 566 914 480 211 208 745 855 789 758 363 467 353 255 541 520 122 171 735 757 760 636 383 253 88 340 148 404 786 293 98 17 439
361 520 827 994 430 1202 1008 1079 439 767 422 847 217 1064 1126 764 698 990 450 0 1010 536 900 478 1006 1090 826 410 593 761 358 374 713 351 949 448 224 888 1222 883 888 418 1164 857 516 365 137 725 549 685 973 183 734 190 1058 921 305 374 772 331 944 632 673 868 797 967 1190 85 287 964 975 1045 612 364 922 256 761 1021 822 360 424 717 746 1081 691 327 787 792 686 756 683 1064 998 951 915 314 756 1144 338 864 706 863 761 1133 739 907 641 995 541 639 850 706 869 1116 18 876 859 1185 1029 546 826 951 965 1004 612 949 710 855 954 1182 516 308 840 998 105 991 280 463 894 891 248 1262 599 769 740 688 884 985 652 832 872 901 1022 904 102 614 916 669 349 824 221 261 711 807 86 881 1038 471 806 251 734 754 825 871 902 939 208 1319 318 353 530 975 935 538 779 309 220 507 839 721 946 523 515 790 487 837 1023 848 769 973 651 863 903 1061 581 920 919 277 895 558 665 913 414 522 1013 259 212 823 533 1140 459 870 543 698 898 943 322 581 1079 776 1006 597 54 1099 909 573 915 928 475 346 1210 52 42 811 162 743 857 804 780 908 785 208 533 628 333 977 574 188 241 825 429 357 203 622 573 583 833 668 910 259 141 858 956 601 810 583 621 491 634 992 550 453 869 490 748 1007 252 886 1210 922 966 641 1102 354 727 931 1124 610 378 565 1199 83 481 495 339 290 108 1047 277 720 1064 725 893 1232 894 662 253 650 1125 926 743 263 542 588 687 969 782 350 308 1131 790 980 1002 215 230 499 246 596 794 1041 209 517 464 880
915 510 439 87 911 497 49 547 595 252 901 702 869 557 610 563 312 146 568 1010 0 478 976 798 724 329 795 600 420 372 678 638 763 660 186 971 846 728 471 438 1129 652 562 182 825 661 902 338 465 1041 230 874 277 859 266 458 980 933 888 820 760 655 711 1008 213 135 546 938 723 409 82 458 1033 712 684 757 589 279 1103 651 863 589 1062 607 812 931 1041 456 330 723 397 498 173 757 331 757 1027 386 671 280 421 249 578 511 1008 533 414 697 992 391 664 387 382 584 1020 543 887 380 286 484 317 457 80 25 494 63 524 217 637 605 494 705 412 90 911 686 735 841 892 373 804 531 413 289 459 734 272 143 749 593 293 577 406 306 962 891 209 969 811 238 898 868 351 294 960 138 761 618 301 883 771 975 295 893 1144 928 801 599 759 662 595 175 104 791 970 769 818 859 298 1062 509 539 705 537 595 831 69 162 906 178 429 906 1084 496 501 161 280 976 759 731 600 239 752 550 697 969 906 1029 660 338 551 368 491 394 385 72 757 754 221 385 545 726 1038 610 1164 701 358 786 989 792 566 1001 982 316 871 307 181 932 458 126 669 838 487 881 737 884 435 846 769 260 720 919 977 431 701 436 1002 344 973 764 928 521 127 613 385 427 740 633 972 785 459 618 210 761 357 681 904 612 534 93 318 436 268 814 347 486 592 945 705 875 573 978 907 761 769 761 901 412 900 366 176 451 410 595 177 366 757 1047 649 822 981 846 752 567 417 97 528 659 704 291 929 682 329 886 820 511 836 441 287 638 822 536 557 302
531 61 452 474 556 777 481 710 126 254 544 631 428 703 772 478 175 456 91 536 478 0 840 476 750 628 680 130 57 340 249 161 587 184 418 617 403 676 781 501 933 266 777 346 521 184 441 265 92 776 449 422 200 381 580 545 572 553 711 420 731 446 521 843 268 432 789 461 255 556 439 643 737 307 671 280 494 553 884 190 509 460 819 740 610 533 824 430 150 585 261 676 499 734 416 334 799 691 203 348 234 385 486 733 778 573 136 728 673 110 610 209 458 753 548 555 759 720 562 149 379 568 429 475 271 419 403 360 667 809 29 228 448 461 442 719 274 508 782 407 328 833 64 288 381 549 367 478 538 552 416 593 603 454 500 628 388 715 420 331 463 444 193 289 495 345 792 191 345 457 606 762 365 770 949 831 327 899 340 184 300 476 399 503 771 347 365 547 326 807 590 213 408 482 254 709 499 316 721 441 250 774 911 673 239 385 405 559 699 461 425 436 391 230 740 546 468 834 375 671 78 452 67 279 487 408 340 497 585 366 655 482 561 754 967 445 489 736 643 397 811 524 512 301 393 214 321 759 419 371 568 360 118 627 269 825 71 368 299 346 364 533 539 205 444 50 821 154 843 308 450 528 444 384 402 56 511 309 700 777 60 250 374 446 245 727 480 604 798 387 462 242 618 426 213 567 763 668 309 589 807 500 576 450 365 325 427 626 484 283 560 360 495 839 391 130 287 764 791 757 761 419 471 326 206 451 469 192 241 648 749 709 555 447 344 61 401 87 321 728 365 111 82 372
540 893 536 896 470 728 934 556 898 797 478 276 694 535 544 418 814 1079 854 900 976 840 0 438 331 760 181 794 845 621 683 826 252 823 1081 468 698 258 775 543 179 618 628 812 391 880 778 691 750 269 1133 734 868 936 788 536 609 529 135 585 252 393 319 59 856 1053 670 907 786 600 1016 608 336 624 317 844 393 749 197 763 476 406 225 504 236 575 167 522 879 265 643 587 826 260 1169 649 187 763 785 1085 1054 728 404 640 191 459 956 349 384 908 314 1016 595 557 891 440 89 816 748 691 662 549 1005 952 580 928 476 767 380 609 814 841 564 1041 824 356 757 441 88 1183 939 771 845 724 533 290 1096 845 304 384 682 414 637 674 798 286 1072 243 568 756 681 644 977 1039 815 946 324 991 686 652 234 157 687 83 189 80 829 784 641 845 542 813 992 382 128 644 731 394 1076 249 498 627 454 440 594 145 928 893 133 1093 629 71 120 587 605 1033 1132 635 229 396 423 738 528 610 363 649 689 121 473 802 814 609 906 634 597 959 637 360 845 601 499 365 955 518 210 402 627 216 448 581 675 940 858 1064 914 966 973 96 523 979 309 931 721 272 961 156 787 914 800 727 534 544 705 663 403 868 89 790 13 740 963 458 850 455 593 817 334 544 281 262 784 612 770 443 1035 373 648 374 704 951 1194 630 826 561 997 513 558 297 611 335 656 951 419 438 605 681 856 650 623 654 872 548 572 676 801 908 795 308 509 178 172 651 397 515 1027 880 450 781 765 835 110 353 693 690 937 786 676 917 709 441 746 940 866 1118
154 515 446 745 117 805 774 653 495 555 111 378 263 635 687 339 529 850 459 478 798 476 438 0 538 738 348 391 503 441 261 412 235 403 831 174 263 416 836 493 479 212 742 616 50 461 347 460 405 302 875 301 586 498 729 521 239 160 304 149 469 190 204 419 610 822 776 473 354 580 804 644 261 196 457 409 325 686 422 346 77 288 350 640 214 187 367 410 571 283 401 652 709 477 874 212 339 776 363 795 710 571 329 722 318 481 610 530 202 573 388 681 506 683 472 448 385 827 691 354 510 549 792 782 304 737 317 588 500 751 446 413 469 830 391 528 323 43 419 873 502 863 506 509 374 214 811 711 176 390 552 461 638 570 377 166 810 248 131 563 257 216 654 739 392 712 566 586 509 227 256 314 523 397 495 466 391 908 204 425 206 688 769 60 333 206 292 71 779 336 527 282 94 371 228 359 779 661 305 850 369 392 472 649 302 786 851 253 420 95 243 609 95 266 550 259 267 389 138 790 425 514 535 404 529 752 200 106 770 439 577 129 532 659 509 123 555 451 190 143 792 512 435 758 475 659 717 343 401 746 322 493 373 173 533 499 448 476 364 546 113 159 304 375 123 518 388 496 447 302 526 438 696 198 461 477 148 176 228 517 435 225 599 38 712 545 230 437 802 736 912 363 776 125 675 520 690 195 185 119 778 519 109 38 167 244 420 662 208 433 774 370 514 809 632 582 359 288 678 447 308 217 72 233 682 721 368 361 336 799 329 518 648 262 499 414 240 563 515 590 308 555 474 825
686 811 321 638 629 398 677 229 847 612 630 160 789 208 212 275 658 850 799 1006 724 750 331 538 0 454 220 758 732 437 694 802 310 809 865 657 782 123 446 296 511 620 296 592 513 857 870 521 658 546 918 823 701 978 494 267 770 686 337 676 86 375 335 386 664 828 339 984 802 316 782 295 590 657 85 865 264 461 521 752 608 307 525 173 353 722 474 330 732 255 497 267 556 76 980 700 481 444 780 899 919 498 270 311 474 199 832 27 604 781 157 875 356 225 1003 203 268 495 458 607 445 266 771 698 484 689 349 543 91 278 733 842 340 803 909 38 783 566 247 1004 959 439 730 535 371 324 905 582 362 199 445 163 335 422 909 468 866 487 658 544 791 748 830 865 921 733 41 934 480 761 292 430 471 264 521 256 870 454 694 828 509 550 767 481 407 702 796 537 897 541 215 567 490 268 566 236 665 685 354 871 501 283 451 267 519 819 935 788 132 449 356 488 591 556 32 796 801 438 479 488 756 369 816 481 343 727 690 431 553 410 187 411 1058 187 542 432 368 121 651 659 343 1033 963 893 964 805 772 352 338 761 220 966 640 450 952 187 683 955 833 513 578 691 842 545 432 761 402 646 322 781 1024 232 598 419 385 709 390 536 517 72 690 596 542 518 882 46 767 146 372 725 994 508 525 653 846 238 226 512 641 498 324 1033 586 513 668 730 930 342 745 489 588 392 320 345 566 772 824 576 179 155 444 743 468 456 894 627 281 772 777 528 359 44 404 793 964 714 760 807 508 111 811 862 805 932
885 682 292 248 855 171 280 238 754 382 850 493 902 254 293 413 461 475 712 1090 329 628 760 738 454 0 595 712 580 328 732 759 609 777 509 908 884 502 157 249 933 677 234 301 745 801 961 373 567 901 557 921 468 983 64 236 965 896 709 818 514 553 579 805 398 460 216 1036 815 168 407 158 916 736 443 866 434 75 924 743 814 459 903 303 664 911 867 328 522 553 407 192 166 508 650 787 862 65 770 584 681 242 426 185 847 306 633 429 897 590 455 639 233 268 1095 332 678 95 66 550 264 215 401 305 481 325 421 271 382 278 630 822 269 420 984 419 813 780 671 687 940 216 575 340 368 592 582 199 621 399 219 349 123 186 1016 770 525 829 803 298 922 883 593 577 1021 407 483 811 290 899 607 807 269 680 946 696 897 285 786 788 577 178 412 707 793 796 873 780 595 911 262 567 649 379 607 627 259 382 729 505 438 696 878 190 510 473 599 970 531 648 496 192 731 568 423 969 932 842 610 51 679 227 673 392 209 367 783 657 112 316 267 626 1131 300 967 618 183 547 916 792 237 1097 1054 604 985 552 458 744 337 420 490 965 571 755 895 636 561 965 859 282 703 890 996 470 617 607 810 475 753 831 1047 325 234 542 285 571 627 619 845 524 582 640 259 702 623 408 915 390 206 376 644 449 73 803 599 252 274 825 724 772 244 1082 834 701 780 805 988 111 902 371 156 377 225 266 254 569 847 918 336 586 817 866 673 524 667 252 378 758 790 74 746 418 91 915 953 630 868 636 308 349 882 724 709 613
485 736 356 717 422 587 755 413 751 618 425 101 610 392 419 238 638 898 705 826 795 680 181 348 220 595 0 651 679 441 556 688 114 689 900 444 608 104 630 366 340 485 495 631 313 743 694 512 588 330 952 648 691 829 616 363 567 482 121 496 136 238 169 214 677 872 536 818 664 429 835 450 370 505 166 725 212 576 330 629 409 230 317 373 141 521 274 341 706 94 467 436 648 145 991 540 274 605 654 907 885 547 223 497 263 289 789 225 385 740 139 845 416 425 821 265 91 659 576 530 481 379 823 772 412 747 298 586 230 486 656 713 384 860 737 228 639 368 104 1006 821 636 678 544 353 145 918 666 176 205 502 245 472 495 726 251 892 268 478 575 606 565 805 863 740 765 236 843 505 576 92 219 505 98 354 151 720 661 533 710 392 635 811 288 201 539 631 332 899 330 332 471 328 259 448 35 749 712 140 912 456 110 290 435 440 852 953 587 88 275 254 558 421 455 243 597 615 247 334 639 663 430 747 457 420 778 529 247 672 420 346 237 880 390 375 270 450 108 435 485 546 860 783 888 810 791 793 150 342 798 128 820 561 233 832 155 622 806 686 545 417 490 648 492 270 704 215 617 179 628 865 280 670 299 412 652 209 403 297 177 622 471 589 338 862 247 578 205 568 770 1015 458 657 472 824 343 429 292 490 285 528 865 376 333 501 572 764 488 555 476 696 369 395 553 620 737 679 358 393 99 232 564 286 354 858 700 269 648 640 668 153 220 521 611 822 630 586 753 528 311 647 785 715 941
418 138 492 587 453 847 599 757 105 361 440 621 301 747 815 484 288 586 69 410 600 130 794 391 758 712 651 0 185 397 135 48 546 65 549 511 275 667 858 547 866 180 833 452 440 99 311 338 146 693 579 292 324 271 671 590 450 441 660 307 724 412 483 789 387 562 850 339 125 614 566 701 645 202 674 159 494 639 811 61 409 453 741 777 558 416 754 463 278 558 312 730 600 729 541 216 727 772 73 476 346 473 488 792 706 603 257 739 577 240 607 329 515 799 420 579 720 807 647 167 451 617 556 594 279 539 411 457 683 860 107 110 496 589 313 731 144 415 748 527 228 906 191 375 410 509 495 583 490 560 493 613 667 529 370 553 518 638 310 426 336 320 320 417 365 471 798 197 422 332 567 696 443 732 882 798 201 969 223 76 259 577 526 430 710 229 235 460 454 727 629 190 342 496 203 676 615 437 668 572 288 733 852 726 242 515 534 435 686 400 409 524 297 203 754 421 341 771 321 759 52 512 162 330 545 532 224 436 684 418 694 429 439 793 897 391 554 723 539 287 872 402 383 427 277 345 450 706 452 499 555 252 141 556 196 804 165 255 170 433 277 420 410 247 391 180 763 259 799 178 338 553 552 353 455 173 459 250 619 773 141 182 471 368 368 742 355 615 863 511 588 278 713 317 339 608 808 586 208 510 865 381 480 373 254 202 301 692 362 344 664 390 547 898 493 260 158 676 827 738 693 296 403 305 320 563 484 62 111 742 695 721 631 320 240 89 275 207 404 755 235 168 86 499
571 101 424 418 591 733 424 676 179 202 579 623 479 671 740 466 121 401 148 593 420 57 845 503 732 580 679 185 0 309 294 219 592 242 365 652 454 666 735 471 948 301 740 292 546 241 496 228 99 799 398 474 142 439 530 513 617 592 720 462 719 452 526 853 211 376 749 519 310 518 382 605 764 348 656 338 484 505 901 243 543 453 839 710 620 576 840 405 93 585 235 640 446 722 375 379 817 644 258 302 211 339 475 693 796 548 111 709 704 69 598 178 423 720 605 533 761 671 514 156 339 535 372 417 266 361 391 310 646 773 78 286 417 404 498 700 328 538 783 370 385 788 6 244 361 554 320 423 547 536 373 572 563 412 555 648 336 735 460 282 512 491 152 243 551 288 774 231 304 504 610 777 323 772 964 830 384 855 384 242 314 424 341 525 784 392 417 574 282 829 561 227 428 465 276 710 442 258 731 388 231 777 922 636 239 330 359 605 691 478 424 388 423 244 720 593 518 847 391 622 133 416 93 252 451 350 384 513 532 335 625 495 619 723 982 459 450 728 677 437 771 581 568 258 451 165 265 768 396 314 561 418 130 646 324 819 57 426 355 299 395 573 589 190 458 29 832 105 847 361 508 505 389 390 370 27 522 330 723 764 68 279 323 471 208 706 527 586 756 329 418 226 567 465 172 537 729 691 347 613 768 557 607 475 406 373 484 585 530 252 505 340 461 800 338 81 343 790 761 751 777 466 490 330 183 395 452 247 295 597 759 690 511 497 401 104 450 75 278 702 418 145 138 328
