228
0 106 330 236 328 418 666 413 682 241 337 285 665 447 568 678 516 227 695 484 87 390 489 361 632 439 466 563 559 463 563 463 203 629 190 597 727 332 278 502 606 474 352 234 568 253 522 408 269 175 327 344 227 82 45 375 167 298 274 525 584 175 355 370 203 459 422 470 386 357 281 563 567 454 298 93 313 707 526 436 770 186 410 498 269 513 397 234 458 518 588 351 777 420 620 759 545 297 317 44 380 268 142 343 496 321 423 227 199 423 264 550 305 42 544 320 381 466 212 55 394 417 465 415 408 292 332 520 433 515 551 284 383 412 277 603 323 458 607 271 273 674 341 453 352 182 488 315 229 288 522 394 416 392 425 535 427 600 128 110 540 493 373 586 262 575 358 300 504 281 570 528 387 512 563 346 451 437 250 336 292 246 224 154 302 513 412 227 494 401 225 271 519 330 554 408 305 165 383 477 595 435 258 543 601 464 189 237 675 287 519 767 261 471 379 317 250 448 508 435 335 354 420 488 522 503 383 278
106 0 232 341 361 506 723 463 788 159 413 283 771 543 614 717 546 330 797 478 67 354 557 308 675 443 572 459 661 566 636 493 153 666 288 667 829 434 225 580 678 456 360 301 666 342 606 362 244 262 229 265 325 166 151 424 70 338 181 624 670 233 400 368 130 354 528 448 346 450 367 658 664 479 397 87 378 808 589 428 876 217 430 538 171 563 361 225 527 616 694 390 881 405 689 865 647 402 290 139 277 224 216 237 390 309 429 140 178 476 336 654 320 66 633 385 449 544 252 91 335 329 477 510 313 187 226 571 362 596 658 389 475 410 319 631 403 472 664 200 255 719 414 543 438 228 536 319 309 351 628 494 342 318 506 593 533 627 186 89 547 574 267 648 218 678 464 380 405 201 606 522 426 533 666 448 515 525 348 307 220 203 122 240 241 600 517 149 524 390 155 338 415 226 605 327 206 96 318 371 618 524 193 648 703 445 238 338 724 192 626 871 199 461 477 351 236 533 546 539 386 422 461 481 565 518 467 332
330 232 0 563 425 739 937 676 995 104 642 461 987 774 666 915 572 556 981 435 293 271 660 406 877 428 787 329 889 759 746 524 180 863 518 892 1012 628 169 810 904 390 375 528 897 574 741 460 403 436 2 95 555 398 371 505 163 419 59 854 901 375 478 536 264 216 731 377 459 682 599 890 832 501 583 255 603 987 809 582 1075 326 452 583 60 630 278 408 636 786 908 460 1070 359 913 1066 875 625 435 350 192 191 384 113 241 298 600 234 362 559 565 879 512 287 783 610 675 774 360 289 202 318 472 742 82 150 112 783 402 826 869 592 638 391 410 642 634 652 878 117 261 921 643 775 591 450 746 339 466 577 838 724 375 359 737 670 743 636 415 240 522 703 100 867 189 868 683 611 314 273 802 473 487 541 854 676 738 757 578 446 305 192 111 419 342 832 739 259 718 355 278 467 286 168 669 130 198 174 384 226 618 756 306 869 931 379 364 533 931 44 840 1062 144 411 658 557 258 677 746 735 478 540 667 434 615 695 698 553
236 341 563 0 397 244 561 363 452 468 230 385 430 242 561 615 553 40 490 597 303 561 434 521 566 542 231 789 329 260 481 510 412 576 85 462 521 155 479 352 463 608 462 211 349 133 408 553 409 189 560 564 85 192 192 394 402 363 505 305 402 262 390 446 411 691 205 610 524 178 159 354 394 514 159 310 252 507 421 509 545 315 486 517 503 502 565 362 403 346 353 399 562 555 484 533 315 62 448 213 609 462 223 578 728 469 474 444 356 420 204 315 367 278 403 257 286 319 313 274 590 623 549 218 639 523 567 446 612 355 319 99 258 527 343 635 205 482 508 489 437 601 240 268 261 248 428 440 220 242 291 176 602 579 277 503 199 635 222 326 624 396 609 474 457 368 123 192 725 486 529 636 429 569 359 122 351 265 84 466 486 442 460 190 482 334 176 436 476 534 427 279 747 560 536 626 529 391 558 709 640 257 449 306 370 602 286 115 589 519 285 550 472 594 218 336 416 340 470 231 361 328 392 604 530 519 236 264
328 361 425 397 0 641 947 715 688 331 605 614 711 635 254 981 187 423 622 204 398 237 238 669 934 147 532 750 686 444 324 134 258 935 425 856 650 343 257 747 858 227 84 532 725 503 336 722 592 212 423 358 456 393 319 82 355 34 374 683 798 159 54 698 492 635 449 234 704 575 534 740 458 127 295 274 603 620 804 765 742 146 89 176 392 209 236 561 218 422 634 35 716 183 878 738 675 443 641 292 584 234 202 513 664 145 751 497 522 134 549 654 632 325 390 610 660 713 116 288 308 674 152 614 459 500 506 815 721 752 590 347 286 141 55 274 583 783 890 307 165 973 613 665 233 503 789 96 178 583 557 565 699 676 671 246 479 271 448 272 228 296 519 861 235 530 467 564 718 559 881 240 65 185 514 512 730 663 469 659 581 232 390 219 603 731 524 510 810 163 517 124 704 539 250 396 539 302 679 647 267 655 555 630 721 225 140 292 967 388 575 712 280 206 334 637 166 286 818 429 67 143 731 211 204 828 628 585
418 506 739 244 641 0 331 222 456 658 117 393 393 73 795 410 796 220 566 840 447 790 658 551 363 785 275 892 219 390 689 754 619 381 234 221 592 356 692 110 220 848 704 223 187 165 604 561 447 431 736 763 196 341 386 637 576 607 687 156 166 500 634 407 520 814 326 849 530 66 139 162 538 758 383 509 175 591 203 450 560 548 730 758 678 737 795 406 629 500 346 644 607 794 243 544 207 208 466 416 728 679 458 721 850 704 401 558 428 659 185 247 345 458 579 171 134 84 552 470 807 697 794 52 820 657 710 252 651 111 340 317 468 769 587 875 112 379 284 690 666 388 123 38 487 306 253 679 465 193 333 111 652 633 54 732 292 876 326 526 868 603 758 246 674 461 224 132 817 576 351 880 673 813 461 146 157 21 177 477 563 657 628 429 542 95 205 541 332 773 524 524 856 685 767 826 645 583 601 832 882 17 529 268 255 841 524 356 369 699 304 591 679 835 412 285 644 547 308 370 605 566 262 847 768 398 52 229
666 723 937 561 947 331 0 260 722 882 341 486 643 379 1122 125 1114 528 863 1135 656 1057 988 613 107 1084 590 985 470 715 1020 1068 865 141 521 121 884 687 940 222 134 1133 998 431 405 443 935 591 551 735 934 987 491 584 650 955 790 912 898 411 258 794 948 437 677 940 654 1132 568 389 412 358 861 1070 711 758 353 889 142 431 821 832 1036 1079 882 1063 1063 533 958 826 626 954 882 1079 107 803 465 536 539 681 860 933 750 882 971 983 386 713 576 982 404 517 431 697 908 345 288 247 844 722 1055 780 1099 378 1019 816 873 154 699 232 636 645 799 1062 891 1196 363 331 59 923 937 92 334 328 816 494 191 967 777 378 638 440 713 703 286 1061 617 1196 542 774 1175 935 923 86 927 772 555 382 905 701 176 1177 987 1127 775 477 217 313 480 539 675 911 829 727 642 280 530 689 246 1059 669 837 960 830 1095 1048 786 815 664 956 1200 325 654 549 484 1125 816 677 58 905 605 865 919 1127 743 380 915 879 206 697 919 889 271 1141 1091 308 325 391
413 463 676 363 715 222 260 0 678 621 140 236 616 295 916 266 893 324 781 893 396 803 797 383 220 844 485 750 438 583 844 844 607 220 299 230 808 513 683 195 247 886 757 183 396 230 770 376 301 509 674 727 280 333 404 736 530 681 637 374 303 557 724 213 419 693 519 883 347 239 205 359 731 842 523 504 114 804 139 239 783 589 803 863 621 857 809 276 765 688 568 728 827 832 248 766 428 364 300 434 610 677 513 626 726 734 187 456 317 770 167 470 179 441 757 108 91 175 606 468 797 545 864 271 759 559 616 107 478 219 559 461 621 820 659 978 165 157 202 663 686 261 129 250 624 236 74 723 558 132 548 318 486 472 173 863 491 977 286 518 940 759 666 193 671 669 408 172 671 450 167 936 762 899 667 328 88 220 279 304 427 655 568 497 397 259 411 432 116 813 413 617 720 576 893 788 533 557 435 710 978 231 402 490 472 877 578 474 262 644 521 811 661 882 575 122 664 703 107 559 698 681 40 898 880 176 178 134
682 788 995 452 688 456 722 678 0 893 553 807 83 383 685 832 747 476 166 879 755 916 541 957 790 823 222 1242 254 246 509 731 825 816 526 602 175 370 877 524 587 913 773 616 316 523 424 980 844 563 992 976 503 645 636 632 843 665 935 317 464 634 647 844 863 1142 264 922 950 448 523 364 277 750 418 740 608 193 635 896 104 691 752 698 938 644 917 798 530 286 110 667 160 871 615 88 260 397 877 651 1061 856 614 1025 1178 817 849 897 801 614 589 211 772 722 362 608 587 521 669 710 971 1073 806 406 1064 974 1014 698 1053 505 133 403 403 828 657 795 535 833 697 903 807 803 563 432 455 682 706 773 548 616 160 367 1047 1024 508 611 254 800 668 754 860 454 1053 655 853 167 331 542 1177 937 798 903 676 786 183 381 609 461 483 892 935 840 901 578 927 453 292 888 787 852 878 576 1199 1011 651 1033 982 821 1000 1159 818 448 898 188 238 912 652 462 775 950 170 143 880 887 356 720 792 426 761 266 623 549 718 887 688 854 501 651
241 159 104 468 331 658 882 621 893 0 570 427 888 688 580 873 492 465 877 377 226 225 562 409 832 358 687 418 796 656 647 441 77 821 431 826 908 524 95 737 836 341 293 459 809 493 639 465 378 333 101 106 469 317 279 410 92 321 45 765 823 271 382 509 239 304 629 331 457 599 519 805 728 421 479 157 537 883 748 564 972 223 371 498 60 539 233 370 537 682 808 366 966 300 848 963 782 530 418 254 256 110 280 182 333 220 572 222 322 464 494 783 471 200 680 544 608 701 257 194 185 362 400 656 171 181 175 729 430 752 768 490 534 321 311 568 558 620 823 48 174 875 572 694 487 387 694 253 362 510 737 634 405 385 662 578 643 562 344 141 459 602 189 807 106 764 586 536 389 277 761 419 395 466 750 584 674 677 491 432 308 101 77 315 340 753 643 244 678 290 260 364 373 216 579 169 227 76 400 316 548 675 296 772 838 330 260 431 882 60 740 958 64 356 554 507 166 573 701 631 380 439 618 378 529 665 621 492
337 413 642 230 605 117 341 140 553 570 0 276 498 183 790 385 775 192 646 794 349 724 664 434 337 742 350 778 331 443 708 728 540 346 179 261 674 375 615 167 269 794 657 114 304 102 631 444 330 393 639 676 151 255 314 616 483 570 594 271 262 452 607 295 410 703 379 793 414 105 72 278 591 729 388 430 58 668 198 343 658 492 695 742 583 730 729 290 633 548 443 613 697 740 283 642 318 224 348 345 617 605 408 615 738 645 296 448 315 646 76 353 229 373 617 55 56 131 503 392 731 581 757 152 725 550 604 216 534 184 429 324 484 721 549 858 25 284 285 606 602 372 11 155 491 196 199 627 438 76 414 187 535 516 96 733 352 858 226 447 833 623 653 257 599 532 268 40 702 462 301 836 646 786 529 189 125 127 145 360 447 582 531 386 426 197 275 430 256 719 413 498 742 575 765 739 534 497 484 720 861 133 415 367 370 786 475 344 363 604 390 682 598 786 436 170 579 566 244 419 579 555 175 800 756 311 65 112
285 283 461 385 614 393 486 236 807 427 276 0 762 458 851 453 802 349 871 757 224 637 761 158 417 717 589 515 604 645 827 749 436 402 300 467 902 536 506 415 483 738 632 190 580 284 771 173 64 443 459 527 311 235 303 659 337 584 433 547 522 460 640 85 197 456 587 731 143 368 284 553 779 739 522 352 218 890 375 150 908 470 694 784 413 795 644 57 728 730 698 636 937 687 485 894 591 422 72 324 374 507 423 396 489 588 146 229 105 705 220 620 57 292 778 222 276 386 498 328 612 311 747 425 541 331 388 334 258 437 675 478 621 687 563 888 285 192 431 474 536 461 270 430 604 138 295 592 499 200 654 445 260 242 363 814 573 885 181 362 820 750 437 428 501 750 485 271 436 215 341 801 673 796 743 425 317 402 327 85 190 486 362 424 160 465 515 205 256 670 185 549 484 343 835 583 299 378 208 473 880 408 168 629 644 727 475 460 473 436 637 923 479 741 595 118 515 698 287 617 619 628 216 760 807 237 341 164
665 771 987 430 711 393 643 616 83 888 498 762 0 320 735 756 788 448 247 908 732 931 588 916 715 851 200 1217 181 269 566 768 823 742 496 525 258 377 880 452 509 939 794 573 239 481 476 935 804 564 984 976 469 619 620 662 830 685 928 246 385 639 675 793 836 1121 267 946 905 396 477 286 336 785 426 731 555 274 563 841 177 697 781 740 929 690 933 758 573 335 80 694 241 894 536 159 189 370 834 638 1038 860 614 1008 1157 832 793 871 766 651 542 146 723 707 418 554 527 452 679 698 980 1040 838 347 1059 953 997 627 1014 432 122 399 431 853 674 843 482 773 621 901 817 726 508 366 481 643 638 790 558 566 155 316 1009 988 443 661 246 847 636 747 898 502 1038 579 857 221 307 493 1149 906 727 936 706 825 234 341 543 396 447 848 902 843 888 577 891 379 257 860 722 874 849 593 1175 989 702 1035 957 813 961 1139 864 384 865 133 159 937 659 460 697 943 147 224 881 915 377 668 801 467 693 282 649 578 656 916 733 791 441 601
447 543 774 242 635 73 379 295 383 688 183 458 320 0 767 470 778 229 498 837 487 802 625 616 424 781 212 948 147 336 648 739 642 445 257 261 523 324 713 158 254 850 703 278 127 203 561 628 508 431 771 790 219 376 410 622 611 601 721 89 165 504 621 478 570 865 275 852 597 95 185 116 482 746 359 534 242 523 263 522 488 556 722 737 714 710 806 465 598 447 274 633 536 797 281 471 135 192 530 438 779 698 464 766 901 711 473 608 484 638 242 174 413 489 529 239 207 143 555 496 827 756 786 34 855 704 755 319 715 147 271 295 434 769 583 854 172 452 339 716 677 445 191 53 460 359 324 682 457 257 266 71 715 695 124 701 238 855 370 551 858 564 802 298 693 397 185 188 874 631 420 876 660 799 399 123 227 78 197 543 620 677 665 432 602 105 151 592 404 776 577 513 910 734 738 854 696 612 664 882 864 65 585 195 186 844 528 344 423 733 235 519 702 835 374 354 657 509 379 319 592 546 336 844 744 471 122 293
568 614 666 561 254 795 1122 916 685 580 790 851 735 767 0 1176 107 597 564 288 645 427 149 920 1127 259 604 995 772 479 183 143 509 1134 617 1017 585 443 496 906 1015 343 290 740 826 689 261 971 837 414 664 587 639 620 548 193 609 276 620 790 931 392 214 933 744 881 516 359 951 733 718 853 410 168 411 526 802 552 982 1000 703 396 214 82 640 59 422 802 171 400 671 223 654 336 1038 706 764 586 885 527 835 474 428 762 907 368 981 751 766 147 749 728 862 572 324 808 847 876 362 535 511 929 215 755 686 754 755 1006 975 905 629 477 336 290 294 111 766 1007 1069 549 406 1162 799 809 308 729 986 327 360 785 601 697 954 930 836 74 555 117 676 525 222 232 764 1035 477 518 582 750 969 813 1084 286 188 153 503 650 913 815 645 904 835 478 643 430 855 872 627 763 1021 329 769 304 951 792 33 611 793 556 932 892 140 805 807 696 797 350 380 446 1151 633 630 656 523 310 398 857 414 273 1023 479 233 235 939 295 50 1049 796 796
678 717 915 615 981 410 125 266 832 873 385 453 756 470 1176 0 1157 578 965 1159 651 1065 1049 556 48 1111 682 922 578 800 1090 1109 867 51 560 232 988 755 941 313 250 1151 1024 450 516 486 1009 525 514 773 913 976 536 598 670 999 781 947 883 515 372 823 989 387 650 890 737 1148 506 458 457 469 949 1107 772 766 378 991 207 363 933 856 1070 1126 864 1116 1072 506 1018 910 731 993 991 1098 225 915 572 602 492 700 815 937 780 847 918 999 327 683 554 1031 432 623 403 703 987 371 329 328 872 732 1053 720 1131 461 995 783 839 169 632 329 737 707 866 1086 925 1242 410 271 135 917 950 33 376 416 876 496 192 990 821 398 735 522 649 643 358 1119 703 1241 549 780 1207 1004 888 176 931 867 632 425 842 661 112 1203 1027 1165 869 550 265 395 531 488 632 915 812 763 596 380 615 658 196 1078 639 881 901 791 1151 1034 747 813 604 905 1242 409 617 653 597 1142 845 730 68 888 703 974 917 1148 814 366 928 947 171 780 961 941 257 1164 1141 235 390 400
516 546 572 553 187 796 1114 893 747 492 775 802 788 778 107 1157 0 585 641 181 586 323 209 855 1109 153 637 902 802 522 270 53 427 1113 596 1015 664 459 403 905 1016 236 198 711 850 672 332 908 780 383 570 489 623 578 504 159 532 217 530 811 943 343 168 886 676 788 548 251 890 731 703 873 480 70 419 460 779 632 972 952 777 333 121 49 551 110 318 749 216 461 718 166 733 231 1038 777 793 589 828 479 748 383 384 673 813 274 938 678 710 142 725 762 819 513 396 786 831 873 303 476 407 849 109 761 586 670 667 988 902 907 675 482 365 187 239 86 752 968 1059 457 318 1146 783 814 324 689 965 239 336 760 645 706 880 857 831 155 585 84 634 456 122 296 671 1027 387 579 597 734 880 741 1060 181 130 47 563 656 900 817 633 846 764 390 560 395 788 879 648 693 991 226 701 276 858 707 127 508 713 478 862 798 86 807 740 733 831 243 326 439 1138 542 670 734 432 203 427 821 328 321 997 516 195 232 911 188 68 1013 789 766
227 330 556 40 423 220 528 324 476 465 192 349 448 229 597 578 585 0 523 620 285 573 472 488 530 565 254 769 332 295 520 540 414 538 51 432 554 195 484 324 435 627 483 171 344 94 448 518 376 211 554 565 45 171 185 426 394 388 500 300 382 280 419 407 388 674 238 629 489 153 121 344 433 543 198 308 212 541 387 470 572 329 512 550 496 538 578 329 441 385 373 427 593 574 455 559 318 78 414 211 590 469 238 564 710 485 434 423 326 454 164 325 329 269 443 217 249 290 331 270 597 596 575 201 634 507 553 409 581 330 342 139 298 549 368 667 168 441 474 490 449 565 202 248 299 213 390 459 249 201 316 169 573 550 248 541 228 667 192 325 650 436 596 442 464 401 144 154 702 461 491 660 458 599 393 119 316 241 48 431 459 448 451 208 452 313 190 413 436 553 402 309 727 542 572 627 509 388 528 691 671 234 422 320 374 621 304 151 554 513 307 580 475 615 258 296 428 380 431 267 391 362 352 626 564 478 205 223
695 797 981 490 622 566 863 781 166 877 646 871 247 498 564 965 641 523 0 793 777 858 432 1011 920 741 295 1257 394 233 382 636 803 943 574 741 32 363 843 652 729 835 705 685 461 592 309 1042 899 546 978 946 560 677 650 552 842 605 921 451 608 606 573 922 892 1150 285 846 1013 542 601 507 165 658 401 734 695 27 761 980 140 659 670 592 928 532 858 852 430 200 237 594 94 799 756 146 397 449 937 657 1075 820 598 1029 1186 762 937 921 845 523 664 345 845 730 245 696 689 642 631 710 923 1107 716 514 1041 985 1018 818 1102 636 228 413 346 752 602 676 624 930 831 877 762 938 657 551 398 737 820 714 515 697 234 462 1092 1068 620 493 299 682 712 746 761 346 1051 789 818 122 387 626 1200 969 918 811 594 684 132 459 724 576 545 954 972 807 898 565 971 585 371 917 895 782 910 526 1213 1024 531 997 1001 811 1048 1167 703 563 936 313 389 836 619 459 913 936 263 93 852 806 323 801 752 337 874 261 554 478 819 802 576 957 604 728
484 478 435 597 204 840 1135 893 879 377 794 757 908 837 288 1159 181 620 793 0 532 166 367 777 1113 57 734 759 890 639 441 162 331 1111 616 1050 819 546 281 943 1054 56 137 709 929 694 488 832 722 408 435 343 649 560 488 246 442 236 406 887 999 342 233 843 598 650 649 72 820 773 725 944 628 137 498 404 785 788 992 905 922 303 126 219 430 283 158 700 364 600 832 215 887 77 1072 920 879 646 768 458 624 268 386 546 671 169 901 591 655 270 732 857 786 466 550 792 846 908 290 432 246 739 78 815 432 558 542 996 807 950 788 551 477 72 254 222 774 940 1077 334 222 1153 800 865 427 667 967 169 381 762 756 768 782 761 866 331 681 215 612 394 88 448 536 1051 274 715 671 753 749 650 1054 44 202 135 699 714 917 861 665 785 678 284 453 411 708 931 728 610 978 88 622 328 718 590 308 348 605 391 774 658 193 854 660 832 924 65 319 495 1151 415 776 886 313 25 532 801 242 458 991 626 260 330 903 8 247 985 822 759
87 67 293 303 398 447 656 396 755 226 349 224 732 487 645 651 586 285 777 532 0 417 574 277 609 493 535 486 611 544 649 532 216 600 239 601 809 415 290 516 613 514 409 236 612 284 609 326 194 262 290 332 273 114 128 452 135 371 246 571 608 254 431 310 117 389 499 508 306 393 307 601 653 521 384 128 312 790 522 373 846 252 474 572 234 592 424 168 542 604 656 424 857 462 623 834 597 361 242 131 306 288 226 280 425 364 369 144 124 502 272 609 257 73 631 319 383 481 283 110 402 331 524 453 376 221 269 504 346 532 622 364 470 462 351 671 340 410 597 267 312 652 350 484 439 161 469 368 316 285 594 443 329 305 443 617 501 668 122 138 597 580 315 581 281 656 426 318 424 194 540 577 460 577 644 400 449 464 296 260 205 266 182 241 216 539 475 141 459 446 138 354 443 257 633 394 226 161 296 406 661 464 171 605 654 503 264 321 657 255 588 846 266 517 464 284 291 535 479 516 413 438 394 536 598 456 405 266
390 354 271 561 237 790 1057 803 916 225 724 637 931 802 427 1065 323 573 858 166 417 0 464 634 1021 169 741 593 880 669 548 284 200 1015 556 985 887 554 132 885 992 120 156 625 908 631 572 690 594 378 270 177 593 473 409 313 304 253 247 865 955 301 289 721 460 484 664 107 681 724 661 915 695 258 504 299 704 857 917 780 975 246 217 347 271 405 7 579 450 658 852 267 952 93 1007 970 868 618 637 378 461 129 338 382 505 98 783 447 532 357 654 855 673 361 627 711 771 849 254 335 84 581 215 775 267 401 379 910 654 895 808 542 517 136 259 382 707 827 998 178 124 1063 729 821 464 568 878 144 374 679 775 737 628 609 807 451 689 375 516 284 253 531 371 976 136 762 658 685 584 503 955 202 278 284 747 683 841 811 612 652 533 150 302 372 565 885 717 468 875 97 483 340 552 430 438 185 449 258 625 492 355 806 520 836 919 108 278 480 1065 254 788 948 163 141 559 699 145 524 894 651 304 380 807 164 379 873 763 668
489 557 660 434 238 658 988 797 541 562 664 761 588 625 149 1049 209 472 432 367 574 464 0 850 1000 320 455 980 623 330 85 206 486 1010 500 879 456 302 495 769 876 414 309 628 678 566 123 898 756 318 658 596 516 525 460 156 569 241 606 643 788 323 183 839 684 865 368 427 875 598 593 707 271 230 277 471 683 424 851 906 568 348 253 159 622 103 462 717 32 255 522 203 525 389 901 568 616 451 804 446 808 471 347 742 896 381 881 697 687 107 632 579 764 503 187 689 721 740 312 469 542 884 289 616 698 720 733 880 917 766 480 343 191 339 251 255 639 900 937 543 403 1034 674 669 173 630 863 333 262 669 452 556 898 874 702 77 407 259 581 474 328 87 751 901 472 373 440 626 942 758 963 381 186 252 358 512 785 678 519 823 775 468 613 338 790 731 482 705 906 374 707 220 934 761 116 634 754 521 870 879 277 666 744 547 648 418 320 322 1020 621 480 525 516 383 252 750 402 124 904 330 182 136 822 376 146 941 663 684
361 308 406 521 669 551 613 383 957 409 434 158 916 616 920 556 855 488 1011 777 277 634 850 0 529 747 737 371 761 780 924 801 445 506 437 612 1042 661 502 570 630 747 667 343 739 435 879 55 112 535 405 490 455 342 394 728 334 644 398 705 678 531 706 176 180 334 725 738 54 525 439 712 906 787 640 395 376 1028 519 194 1057 524 738 845 373 868 642 159 819 857 849 697 1081 701 628 1043 748 564 86 405 263 510 503 312 362 609 230 187 169 779 376 775 209 349 895 380 432 542 557 385 590 166 783 582 475 257 306 468 99 592 824 605 734 713 625 939 443 286 562 457 556 571 428 589 709 276 429 626 590 359 801 600 103 90 521 894 716 935 300 398 851 853 350 567 504 889 630 428 291 134 449 821 733 841 880 576 468 561 474 78 102 493 333 515 69 622 665 167 369 688 155 631 346 251 909 536 211 386 52 349 926 567 116 783 802 736 540 576 590 396 787 1068 471 758 718 272 539 805 407 752 689 714 354 779 872 322 499 322
632 675 877 566 934 363 107 220 790 832 337 417 715 424 1127 48 1109 530 920 1113 609 1021 1000 529 0 1064 635 898 536 752 1041 1061 823 34 512 196 944 706 898 268 215 1106 977 403 476 438 960 501 479 725 875 936 487 553 624 951 740 899 844 473 335 776 941 356 613 861 689 1103 480 409 408 429 901 1059 723 722 330 946 160 339 892 809 1022 1077 825 1067 1028 469 969 863 688 945 949 1052 192 874 530 553 461 654 784 894 732 813 890 954 298 647 515 983 384 580 365 659 939 323 280 281 825 687 1011 694 1083 414 958 748 805 120 609 285 692 658 817 1040 878 1193 361 242 96 875 906 44 327 370 827 452 145 944 772 351 690 474 625 617 310 1070 655 1193 504 736 1159 955 854 136 888 822 583 376 818 628 79 1156 979 1117 822 502 216 348 482 458 600 872 773 715 565 337 568 622 162 1033 603 832 876 758 1102 995 714 771 578 877 1194 362 583 609 557 1097 798 681 63 849 658 932 875 1102 766 324 883 899 131 732 913 892 214 1118 1093 212 341 354
439 443 428 542 147 785 1084 844 823 358 742 717 851 781 259 1111 153 565 741 57 493 169 320 747 1064 0 677 756 833 582 398 120 303 1063 563 996 767 488 264 890 1000 94 87 660 872 641 438 802 686 354 426 340 596 513 441 191 414 179 391 830 943 290 176 803 567 644 592 107 788 718 673 887 576 94 441 365 735 736 941 867 869 255 71 183 414 244 164 662 313 546 776 158 835 77 1019 866 822 589 733 411 611 247 334 534 667 139 860 563 617 218 682 800 744 425 499 742 795 855 239 390 254 721 45 759 435 539 529 947 783 895 731 494 421 36 198 215 721 897 1026 318 191 1104 749 810 370 621 919 125 324 713 699 711 759 737 812 292 624 208 566 356 104 398 528 999 252 660 614 701 740 624 1007 94 147 115 644 658 866 806 611 750 651 259 432 358 678 876 671 580 932 73 591 271 713 574 273 355 585 361 747 653 191 799 630 775 867 97 267 438 1101 402 718 834 295 65 475 756 208 405 944 570 203 274 856 65 213 943 769 711
466 572 787 231 532 275 590 485 222 687 350 589 200 212 604 682 637 254 295 734 535 741 455 737 635 677 0 1021 167 133 460 608 624 656 304 470 323 189 683 370 461 759 612 399 225 305 369 762 624 367 784 777 282 424 420 494 630 503 728 195 352 444 502 632 642 923 88 766 732 247 309 260 272 621 238 531 400 318 475 688 320 501 610 591 728 551 743 577 433 241 122 519 349 712 488 306 160 175 658 438 841 663 416 809 959 643 644 676 579 495 374 125 557 507 328 401 393 354 486 498 785 851 670 222 859 755 798 527 832 358 88 200 271 674 490 703 329 634 551 702 623 658 361 265 313 461 527 603 367 404 65 167 825 803 328 532 53 706 446 546 736 381 838 510 659 186 109 332 956 715 626 766 537 667 186 166 431 287 262 674 713 645 688 379 705 311 76 667 600 691 656 409 979 792 572 836 761 613 779 940 719 273 676 97 194 756 465 263 635 742 53 335 682 738 210 509 606 332 580 125 474 411 523 742 590 661 309 438
563 459 329 789 750 892 985 750 1242 418 778 515 1217 948 995 922 902 769 1257 759 486 593 980 371 898 756 1021 0 1084 1026 1065 854 494 873 720 980 1289 894 499 929 998 711 705 670 1075 748 1050 397 453 717 331 416 750 597 608 828 420 740 376 1036 1034 672 801 548 381 114 985 696 417 852 762 1054 1122 831 857 528 724 1268 888 559 1332 634 782 913 358 957 601 488 954 1074 1142 785 1340 685 997 1321 1071 846 450 599 182 520 668 238 88 628 600 346 464 883 708 1088 571 526 1085 729 788 898 670 548 515 205 801 913 330 272 247 839 290 950 1109 847 930 720 729 971 780 656 934 445 589 940 774 931 888 588 801 667 759 701 1081 916 273 281 871 996 987 965 583 519 847 1014 231 937 517 1138 912 761 80 316 818 794 813 870 1125 879 833 905 773 448 330 518 369 697 355 974 959 357 740 683 371 774 45 233 997 418 260 462 320 103 947 909 363 1087 1127 699 668 798 960 362 1075 1330 472 735 937 633 583 981 778 999 798 853 724 757 944 687 842 667
559 661 889 329 686 219 470 438 254 796 331 604 181 147 772 578 802 332 394 890 611 880 623 761 536 833 167 1084 0 298 626 771 741 562 372 349 414 346 807 271 335 911 763 420 66 336 534 775 652 501 886 893 338 497 517 656 726 655 832 65 213 579 661 625 704 996 255 916 744 235 324 112 423 782 392 638 389 421 382 669 356 635 768 757 828 719 883 608 600 401 157 677 413 861 362 338 13 267 676 541 911 790 544 892 1033 785 620 741 623 660 385 51 560 601 489 387 353 271 626 601 916 897 829 179 966 832 881 446 860 251 174 340 438 826 639 870 319 596 443 818 758 549 339 188 477 498 457 749 513 403 187 169 859 838 265 700 217 872 502 655 897 548 926 401 785 318 222 333 1012 769 546 924 698 831 324 212 363 218 315 689 760 770 782 509 744 199 163 727 542 840 713 562 1045 865 740 955 829 719 809 1014 885 207 724 86 42 907 601 401 522 845 153 396 801 892 375 502 739 499 513 293 632 573 479 898 757 612 269 440
463 566 759 260 444 390 715 583 246 656 443 645 269 336 479 800 522 295 233 639 544 669 330 780 752 582 133 1026 298 0 328 499 585 770 345 597 265 132 633 493 589 670 528 463 358 373 236 813 669 323 757 734 336 443 417 392 614 420 699 328 484 391 405 701 659 920 64 679 784 347 387 393 149 516 176 508 485 248 593 762 315 447 512 474 704 429 671 622 310 111 196 425 314 627 616 307 292 227 709 426 843 611 375 800 956 571 723 688 613 383 447 251 623 499 195 487 493 473 424 481 725 873 569 339 824 754 789 639 870 483 152 179 161 584 410 582 419 722 673 662 561 778 454 387 212 508 634 526 303 482 122 278 859 835 442 406 97 586 480 521 629 251 825 633 609 111 174 416 967 735 735 666 436 557 100 255 541 405 323 726 739 596 671 340 738 438 185 684 699 607 677 329 981 793 446 789 768 586 816 937 601 392 702 218 319 669 408 228 757 715 150 304 638 646 110 584 547 206 684 28 380 309 618 647 470 754 415 511
563 636 746 481 324 689 1020 844 509 647 708 827 566 648 183 1090 270 520 382 441 649 548 85 924 1041 398 460 1065 626 328 0 279 571 1053 553 907 401 334 581 798 903 491 393 684 686 614 92 970 827 389 743 682 565 593 531 242 651 326 692 654 806 403 269 903 761 950 378 505 946 633 639 719 232 305 321 551 733 369 887 969 521 431 333 224 707 160 545 786 110 232 508 289 470 469 928 524 620 488 874 519 892 557 423 826 981 467 942 777 759 191 683 579 826 580 147 738 764 773 395 547 627 965 363 643 784 803 818 922 994 793 469 384 224 420 336 295 683 957 972 629 489 1072 719 695 224 693 908 418 334 721 445 582 976 952 736 115 417 301 646 556 392 85 836 935 558 345 465 672 1026 836 1009 450 270 316 331 543 824 707 565 893 852 554 697 409 865 754 499 783 957 456 785 298 1019 844 150 719 835 604 946 964 323 695 820 545 646 495 401 375 1056 707 476 473 601 459 276 807 488 142 951 336 267 215 873 450 202 996 700 739
463 493 524 510 134 754 1068 844 731 441 728 749 768 739 143 1109 53 540 636 162 532 284 206 801 1061 120 608 854 771 499 279 0 375 1064 549 972 661 425 355 862 973 212 149 662 816 626 328 855 727 335 523 444 577 526 452 117 479 165 480 777 904 292 120 833 623 740 520 226 837 688 657 837 472 26 383 407 731 629 926 899 768 280 71 63 501 123 280 696 205 448 695 116 729 196 995 767 761 548 775 427 698 334 333 623 766 226 886 625 656 116 677 733 767 459 391 738 784 830 250 423 368 797 83 721 543 619 617 941 849 865 651 444 339 148 187 139 705 917 1013 409 267 1099 737 774 294 637 916 188 291 711 620 668 827 804 788 171 555 136 582 403 129 289 623 982 337 565 561 687 830 687 1010 175 81 60 549 616 853 775 588 793 711 339 508 346 734 839 614 639 941 187 647 231 810 656 154 467 661 426 809 751 134 766 686 705 802 217 274 397 1091 493 644 729 383 180 398 770 277 306 948 491 149 197 861 170 94 961 745 716
203 153 180 412 258 619 865 607 825 77 540 436 823 642 509 867 427 414 803 331 216 200 486 445 823 303 624 494 741 585 571 375 0 816 386 800 834 455 75 705 809 304 229 434 759 454 562 501 395 262 177 153 424 284 232 335 110 246 122 715 785 196 308 521 266 379 561 296 488 556 483 758 652 356 408 109 513 809 727 581 901 146 306 429 136 467 208 379 460 607 743 292 893 256 822 893 728 474 439 204 326 71 210 256 410 164 582 259 331 389 466 725 473 167 603 521 583 669 180 148 191 422 342 612 239 244 248 715 480 718 703 424 459 268 235 506 526 626 806 78 112 867 543 653 411 371 682 188 287 488 671 583 456 434 628 504 577 501 322 93 407 524 265 786 64 691 526 503 460 320 756 375 323 405 677 532 652 639 446 455 347 50 133 246 376 715 584 278 675 243 290 287 448 282 507 214 286 59 444 392 488 635 329 712 782 293 184 364 870 137 676 885 60 312 481 500 98 496 695 561 304 361 609 333 459 672 586 474
629 666 863 576 935 381 141 220 816 821 346 402 742 445 1134 51 1113 538 943 1111 600 1015 1010 506 34 1063 656 873 562 770 1053 1064 816 0 517 227 967 719 890 292 247 1103 976 403 503 445 974 476 463 729 861 924 495 550 622 955 729 902 831 498 364 777 944 336 599 839 706 1099 456 425 417 457 919 1062 734 716 333 969 182 314 919 808 1024 1083 813 1075 1022 455 979 880 713 948 974 1049 225 901 556 566 441 652 764 887 734 796 868 950 276 631 502 989 387 606 351 653 955 326 289 302 826 683 1002 671 1084 434 943 731 788 131 584 311 715 670 829 1038 880 1198 371 220 128 866 901 66 336 392 837 447 148 942 777 353 712 493 600 594 328 1079 674 1197 500 730 1160 968 836 166 881 842 599 384 794 610 60 1155 982 1120 843 518 230 369 491 437 581 865 761 718 545 363 587 607 145 1030 587 837 852 740 1110 983 696 762 554 855 1198 382 566 634 585 1093 798 689 94 836 681 958 866 1100 779 315 879 911 121 749 917 899 208 1116 1099 186 357 352
190 288 518 85 425 234 521 299 526 431 179 300 496 257 617 560 596 51 574 616 239 556 500 437 512 563 304 720 372 345 553 549 386 517 0 434 605 238 458 329 438 619 479 130 378 77 486 468 325 214 516 533 38 125 153 438 355 391 464 335 400 274 429 361 339 627 288 619 439 170 109 373 479 549 233 277 185 591 378 425 623 317 515 565 458 558 561 278 467 431 423 434 644 565 456 610 359 129 363 182 543 445 230 519 663 472 392 374 275 471 132 369 283 232 484 191 234 294 325 238 573 546 577 226 598 461 508 392 530 338 393 181 334 544 370 681 158 404 464 459 432 549 187 266 329 163 369 451 260 169 367 205 522 499 251 565 279 680 141 294 653 470 553 435 440 452 195 138 652 410 467 658 467 606 443 160 304 254 60 381 408 423 410 206 401 329 239 363 406 544 352 320 679 495 594 596 461 354 476 645 682 250 371 367 415 611 297 178 542 476 357 631 446 609 300 255 410 415 406 317 401 382 322 622 581 443 208 185
597 667 892 462 856 221 121 230 602 826 261 467 525 261 1017 232 1015 432 741 1050 601 985 879 612 196 996 470 980 349 597 907 972 800 227 434 0 763 577 875 110 21 1053 913 367 285 356 821 600 531 643 889 932 400 515 575 856 737 821 848 289 140 707 852 438 642 922 537 1052 573 284 325 238 742 975 605 691 289 768 92 450 702 751 945 978 834 958 990 503 850 708 505 860 762 999 22 684 345 430 530 606 839 866 664 851 956 905 399 680 541 880 333 397 410 633 791 282 218 142 759 652 991 775 1008 264 975 784 841 154 705 114 515 539 689 978 800 1096 278 352 99 864 862 202 256 212 709 441 188 885 682 315 517 325 714 701 184 953 500 1096 481 707 1083 822 890 62 860 652 442 299 901 679 233 1091 891 1031 655 367 154 201 386 534 657 843 781 638 627 159 412 658 271 978 639 741 951 804 989 995 760 755 664 940 1102 212 631 428 365 1045 731 576 172 856 484 745 857 1043 631 350 840 767 230 581 823 787 257 1056 989 345 227 338
727 829 1012 521 650 592 884 808 175 908 674 902 258 523 585 988 664 554 32 819 809 887 456 1042 944 767 323 1289 414 265 401 661 834 967 605 763 0 395 873 675 749 861 734 715 480 622 333 1073 930 577 1010 977 591 708 682 580 874 634 953 473 628 638 601 952 924 1182 316 873 1043 570 630 526 192 683 433 766 723 32 785 1009 129 690 696 615 960 555 886 883 455 229 257 622 69 827 777 138 418 480 968 689 1107 850 629 1060 1218 791 966 953 877 549 694 366 875 762 269 725 716 666 661 742 953 1139 742 540 1072 1017 1050 843 1133 659 252 444 377 780 631 697 652 958 853 908 792 961 685 576 428 768 846 743 546 726 260 489 1123 1100 646 514 329 702 743 778 785 371 1083 812 849 154 417 655 1232 1001 943 836 621 708 164 487 749 601 575 985 1004 838 930 597 1002 607 399 949 922 809 942 556 1244 1056 552 1028 1033 842 1080 1199 724 588 967 335 406 863 650 491 934 968 288 72 883 832 355 831 782 364 900 293 582 506 847 827 599 984 631 758
332 434 628 155 343 356 687 513 370 524 375 536 377 324 443 755 459 195 363 546 415 554 302 661 706 488 189 894 346 132 334 425 455 719 238 577 395 0 507 467 574 570 423 367 391 286 256 698 552 192 625 605 240 320 287 309 481 314 568 352 488 264 315 600 531 788 110 576 670 299 309 414 244 436 49 375 405 375 553 664 447 321 422 416 572 385 556 507 273 195 297 331 446 523 599 438 336 153 595 294 712 486 244 667 824 456 629 558 493 317 359 311 521 367 247 409 431 439 302 349 603 746 483 314 694 622 657 587 748 464 254 57 111 484 301 532 350 637 638 532 440 737 386 367 135 397 574 415 180 396 221 254 735 711 402 377 136 533 362 388 551 249 692 601 482 243 139 341 837 608 676 579 351 485 231 210 490 376 235 613 614 469 539 209 615 429 188 555 628 502 550 220 849 661 413 662 637 454 695 805 544 364 577 286 379 567 283 96 722 583 234 437 510 549 62 491 424 192 619 107 286 228 544 554 420 673 365 419
278 225 169 479 257 692 940 683 877 95 615 506 880 713 496 941 403 484 843 281 290 132 495 502 898 264 683 499 807 633 581 355 75 890 458 875 873 507 0 780 884 246 206 510 827 528 584 558 461 316 168 104 496 360 305 339 171 256 127 783 858 242 312 590 327 385 615 236 548 629 557 829 687 333 458 184 589 847 802 648 948 186 283 414 150 460 140 448 473 644 800 293 935 204 897 941 794 540 504 275 347 23 266 270 411 129 652 314 401 392 541 788 545 243 631 596 658 743 212 223 116 458 307 683 203 276 264 790 526 792 759 482 496 227 250 477 600 697 881 54 92 941 619 725 446 447 757 169 330 563 726 652 500 480 703 502 634 471 398 167 364 545 268 862 24 736 589 578 477 372 830 323 318 375 721 600 727 712 517 519 401 37 172 303 433 788 648 335 749 195 350 317 454 310 499 155 323 128 495 395 455 708 387 773 847 234 225 420 945 139 734 928 31 260 526 574 94 524 770 611 315 382 684 282 446 743 660 549
502 580 810 352 747 110 222 195 524 737 167 415 452 158 906 313 905 324 652 943 516 885 769 570 268 890 370 929 271 493 798 862 705 292 329 110 675 467 780 0 110 948 807 281 216 254 713 568 476 536 807 843 294 421 476 747 651 713 762 206 108 602 742 406 572 861 431 949 539 174 223 173 640 866 494 596 210 677 110 434 627 647 837 868 751 847 890 442 740 604 420 751 682 895 132 610 263 319 484 507 776 769 559 779 896 802 382 610 474 769 244 313 360 540 685 203 141 36 653 557 896 727 900 155 892 713 769 176 668 24 423 428 579 872 693 985 179 347 181 773 761 288 166 105 598 361 191 780 572 235 422 217 673 657 78 843 395 986 394 612 975 713 818 140 763 555 333 202 851 618 275 984 781 922 556 256 107 91 278 492 600 747 699 532 574 73 307 590 280 874 572 632 896 737 878 906 694 664 621 879 992 103 570 341 297 941 625 466 265 772 390 665 764 938 522 297 739 657 246 475 713 676 233 950 878 354 121 265
606 678 904 463 858 220 134 247 587 836 269 483 509 254 1015 250 1016 435 729 1054 613 992 876 630 215 1000 461 998 335 589 903 973 809 247 438 21 749 574 884 110 0 1058 917 377 270 362 815 619 547 646 901 943 404 524 582 857 748 824 859 277 123 712 853 456 657 938 530 1058 592 285 331 223 733 977 603 699 300 755 111 470 686 756 948 978 846 957 997 519 847 700 492 862 748 1004 27 668 331 428 547 613 854 874 668 865 972 911 419 694 556 880 343 383 426 642 784 293 229 145 763 661 1000 793 1011 260 987 798 855 175 724 110 503 537 685 982 803 1096 284 373 119 874 869 219 265 207 707 453 208 890 683 327 506 321 733 719 187 951 492 1096 492 716 1086 818 905 83 868 641 437 306 918 695 254 1095 892 1033 644 364 168 199 389 551 673 852 793 642 644 150 405 673 291 983 654 743 967 819 987 1006 775 765 682 955 1102 210 646 415 350 1050 735 576 188 868 473 730 866 1048 627 366 847 762 251 574 824 787 276 1060 988 365 231 351
474 456 390 608 227 848 1133 886 913 341 794 738 939 850 343 1151 236 627 835 56 514 120 414 747 1106 94 759 711 911 670 491 212 304 1103 619 1053 861 570 246 948 1058 0 148 704 947 696 533 803 699 419 390 296 654 553 483 283 413 256 366 904 1009 347 266 823 571 603 676 16 792 781 727 959 670 186 521 388 781 830 991 884 961 301 164 272 390 335 112 681 408 639 862 245 929 54 1076 959 900 659 744 452 581 237 390 503 622 152 883 560 634 313 729 880 770 451 593 789 845 913 295 420 196 700 129 826 382 519 499 991 772 956 817 570 510 86 271 278 775 924 1075 295 202 1148 800 875 458 656 961 168 398 757 785 781 746 726 871 383 706 270 602 376 141 492 490 1050 243 752 690 754 704 618 1044 83 240 191 735 727 916 869 671 760 647 255 418 419 678 940 748 580 967 74 594 350 670 550 361 296 568 364 741 610 248 862 632 857 947 11 323 512 1146 374 803 927 278 32 562 790 224 498 982 656 290 363 894 50 301 970 827 752
352 360 375 462 84 704 998 757 773 293 657 632 794 703 290 1024 198 483 705 137 409 156 309 667 977 87 612 705 763 528 393 149 229 976 479 913 734 423 206 807 917 148 0 573 798 557 415 722 602 273 374 298 512 426 353 157 337 109 331 756 864 205 133 717 487 591 530 153 706 637 588 811 541 127 374 280 649 704 855 782 827 168 77 208 352 258 154 576 294 507 717 111 800 99 935 823 751 512 649 324 550 185 248 474 617 77 774 486 533 202 595 733 657 339 471 656 709 772 153 304 233 652 116 680 398 472 468 860 709 813 672 422 370 65 123 276 636 810 940 260 119 1018 664 730 317 534 832 42 250 626 640 634 685 663 729 302 559 271 479 272 188 375 474 914 188 615 541 616 682 548 920 179 123 175 599 580 780 725 528 667 573 191 362 274 599 795 599 502 845 79 512 202 661 509 295 327 515 284 670 602 259 718 551 709 799 144 181 363 1014 344 656 797 234 132 418 669 131 369 857 512 151 227 769 143 240 856 685 624
