204
0 275 561 198 757 260 1112 1040 553 487 762 597 226 994 598 811 568 696 752 629 668 525 706 345 487 65 668 962 168 931 933 674 82 706 371 282 983 904 430 480 419 586 306 221 274 677 844 1042 1002 890 223 338 243 689 936 613 538 920 814 812 1009 961 1027 233 495 691 668 821 712 970 1071 336 451 696 597 897 816 791 576 724 1086 964 700 881 352 207 790 785 732 186 815 319 461 492 741 580 801 335 612 566 468 447 581 715 930 538 171 766 1017 958 654 346 266 183 688 429 407 477 499 466 449 606 585 835 710 756 125 745 768 942 602 783 896 723 1080 600 98 511 693 704 608 955 181 308 694 81 685 285 643 961 956 428 597 602 775 268 805 555 667 627 875 658 159 965 522 548 1113 138 598 824 345 339 229 613 461 1079 462 741 593 339 444 798 183 444 318 702 336 717 1024 372 593 963 703 940 735 930 1193 747 1090 822 694 483 640 1000
275 0 410 407 630 185 838 765 289 328 529 487 183 718 458 572 293 424 552 392 535 258 545 174 352 227 581 695 146 748 681 416 193 479 178 30 711 642 240 412 222 355 116 68 351 402 577 773 730 615 340 179 300 508 667 374 350 687 576 548 739 704 755 66 221 530 434 567 529 694 795 299 234 558 363 626 658 622 500 465 811 688 527 695 219 300 546 591 552 269 557 81 321 421 482 310 596 59 382 405 214 187 308 456 682 264 340 575 745 686 540 267 27 92 426 187 132 262 268 307 247 487 400 563 473 518 383 623 494 688 327 594 720 453 807 370 196 273 426 579 353 688 219 252 555 230 572 11 453 691 684 353 338 347 531 65 548 322 514 440 607 388 341 690 270 393 838 149 331 558 219 306 213 394 191 806 187 550 446 294 227 530 273 168 295 577 66 473 751 118 418 794 495 665 599 729 920 481 816 586 507 224 384 725
561 410 0 751 220 301 766 772 525 705 288 102 589 719 830 340 455 559 213 663 125 495 892 573 738 496 199 571 530 1050 475 624 509 233 232 437 781 494 172 156 593 648 299 466 748 495 477 649 641 591 723 581 698 840 562 647 700 914 338 696 819 855 667 470 440 129 702 757 854 667 777 247 197 147 648 714 997 953 160 658 744 705 865 999 213 687 765 237 176 655 405 330 710 151 670 504 887 394 671 769 273 488 478 343 870 376 702 887 804 761 139 676 390 451 621 522 378 178 587 686 608 91 744 657 725 759 685 214 482 856 427 230 1035 418 721 662 466 218 371 169 592 566 382 663 144 571 169 413 112 775 608 759 296 281 754 356 729 623 871 775 502 380 696 648 256 762 792 440 336 454 624 248 617 166 453 729 396 194 35 240 579 454 404 389 705 168 366 711 676 470 58 1110 794 694 961 1008 819 636 829 820 832 286 294 665
198 407 751 0 953 450 1229 1139 635 485 929 793 262 1096 563 975 673 787 933 674 863 614 675 391 467 258 866 1099 261 904 1088 741 243 876 545 400 1064 1048 608 678 460 628 475 339 169 784 981 1176 1129 1007 120 379 180 676 1069 661 548 941 979 882 1085 1014 1153 345 600 881 706 872 699 1082 1175 533 620 890 641 980 774 760 774 788 1203 1064 680 858 539 145 832 969 919 161 964 473 450 689 805 671 800 462 651 551 620 534 682 863 969 664 72 754 1099 1039 850 329 409 324 757 502 532 648 552 469 486 802 587 922 748 792 101 941 891 989 719 968 864 856 1203 638 285 673 832 900 674 1092 377 293 888 185 882 413 826 1039 1082 379 745 753 817 426 863 601 633 626 1011 792 67 1081 676 532 1223 312 737 964 361 537 242 785 561 1199 581 925 784 536 494 933 380 565 273 897 473 761 1146 466 779 922 712 1038 683 920 1315 823 1184 852 685 630 791 1119
757 630 220 953 0 506 829 872 724 921 353 161 807 823 1045 388 647 731 224 862 95 697 1100 793 956 695 124 631 746 1245 501 810 715 326 452 658 908 554 392 284 811 852 517 684 964 663 569 696 709 699 936 801 914 1047 633 846 912 1089 382 858 947 1008 733 689 645 126 898 929 1059 763 865 423 413 74 850 855 1202 1157 199 837 811 817 1072 1195 425 900 945 207 163 868 486 550 928 273 847 698 1082 613 872 983 482 701 669 466 1035 570 909 1087 925 892 104 897 610 666 804 737 594 391 798 904 824 151 955 805 916 945 879 18 615 1014 608 188 1233 555 780 865 668 419 513 53 787 628 576 883 77 778 75 633 226 908 687 979 468 450 936 574 900 829 1083 983 586 538 902 740 453 977 865 648 510 548 844 421 835 321 663 792 605 198 185 419 794 564 585 600 925 55 586 899 747 689 228 1307 994 813 1172 1197 861 806 927 1002 1037 492 447 746
260 185 301 450 506 0 913 868 445 513 514 348 320 817 643 566 420 556 493 565 414 411 731 356 534 195 431 744 249 931 694 572 209 456 131 215 835 677 179 247 407 532 100 207 463 515 628 825 795 700 431 359 415 694 722 547 535 857 567 691 867 853 821 217 362 431 608 724 713 782 890 116 210 440 538 753 844 808 343 619 888 792 713 878 92 397 710 525 472 365 585 147 504 258 635 453 777 215 559 591 258 357 441 489 842 362 403 759 866 811 405 432 158 173 579 367 261 233 448 492 433 355 586 689 644 687 385 495 574 842 433 522 905 519 876 547 164 278 481 452 515 737 91 408 438 271 437 195 384 819 752 523 380 379 696 122 702 500 700 625 659 457 396 771 301 578 924 142 394 606 394 123 345 362 345 878 314 481 334 112 411 587 135 296 443 450 194 640 822 298 333 979 676 772 785 909 986 623 923 756 691 277 415 802
1112 838 766 1229 829 913 0 152 604 839 488 850 969 160 880 443 556 454 608 630 801 619 843 851 880 1058 914 198 972 819 332 534 1031 536 782 836 271 277 750 918 796 666 825 899 1118 446 293 137 125 222 1134 864 1076 785 204 632 778 593 449 422 291 429 99 891 629 728 625 489 777 149 104 948 709 791 653 316 878 835 918 503 26 193 807 794 842 1096 543 621 671 1072 361 798 873 916 493 562 712 778 658 832 657 697 548 434 504 574 1157 758 252 283 846 950 846 930 514 734 706 692 708 840 779 830 777 345 599 582 1220 842 344 461 512 640 839 394 49 665 1024 639 433 823 588 203 999 972 788 1065 853 828 662 298 163 971 534 536 550 848 474 677 859 768 265 457 1162 148 612 844 52 977 520 316 897 953 993 605 668 37 652 635 769 939 759 327 1049 670 1012 826 776 573 92 763 709 887 701 221 919 743 91 449 168 579 766 639 504 112
1040 765 772 1139 872 868 152 0 503 718 519 865 876 52 746 486 473 351 647 504 829 524 700 751 757 992 941 263 890 666 407 413 958 555 741 759 119 328 721 914 689 545 773 821 1015 363 304 244 190 180 1036 764 976 644 247 509 654 440 493 286 139 277 180 811 546 759 493 345 634 108 50 921 676 823 530 176 729 687 930 375 140 77 665 643 808 999 400 669 709 978 385 739 754 914 363 467 564 706 532 702 611 605 460 428 351 510 1066 612 100 133 872 842 778 857 394 636 635 665 598 722 669 847 647 221 463 441 1141 883 298 308 441 688 687 361 173 541 958 608 406 858 474 263 948 867 820 986 883 755 678 147 191 852 502 509 408 786 333 560 720 633 286 415 1072 133 575 715 111 912 477 325 792 926 898 605 582 156 578 674 781 911 653 317 1001 597 905 860 709 438 158 676 717 734 560 100 775 590 237 326 56 432 625 591 485 140
553 289 525 635 724 445 604 503 0 259 473 625 372 462 350 493 86 152 559 138 639 34 381 248 302 513 724 509 392 525 553 127 472 449 355 273 432 484 378 603 193 129 346 332 514 165 404 575 518 387 533 261 473 324 475 122 216 413 500 259 456 414 539 320 88 600 178 280 335 455 541 538 337 652 126 347 478 433 667 176 578 429 350 474 427 496 265 600 591 474 427 298 286 608 193 45 362 237 147 288 253 106 73 346 396 154 562 363 466 407 663 347 310 375 137 132 185 348 112 253 179 616 246 287 206 246 643 725 291 400 143 611 510 286 584 141 484 307 291 683 71 503 503 367 648 490 691 278 501 409 472 379 270 288 251 332 259 112 370 265 430 243 569 458 271 290 592 438 231 395 292 546 394 409 100 578 139 571 554 530 156 357 558 153 408 682 253 197 528 180 498 585 270 403 458 486 693 194 548 313 313 238 309 498
487 328 705 485 921 513 839 718 259 0 719 794 260 686 130 745 340 389 789 214 829 264 223 158 43 477 892 765 325 444 812 305 424 687 485 298 622 743 535 736 111 173 439 316 326 421 663 827 767 633 365 159 304 201 731 208 67 456 752 436 635 543 785 303 298 805 235 405 225 691 762 628 508 847 187 544 337 306 818 343 815 651 213 393 542 340 358 830 810 334 685 392 37 744 356 304 318 318 187 80 442 225 331 600 490 388 417 279 657 599 842 155 355 363 325 185 327 530 147 21 97 791 102 498 275 315 530 918 548 515 399 839 410 545 826 177 462 509 547 873 252 759 527 193 844 407 873 320 713 594 722 134 508 525 344 393 402 162 188 143 688 499 429 699 483 65 819 430 475 655 142 635 263 629 268 817 325 796 738 622 128 616 576 325 213 872 346 294 772 235 694 480 227 623 271 444 930 392 753 370 207 436 553 741
762 529 288 929 353 514 488 519 473 719 0 362 707 470 823 53 387 423 128 593 314 457 850 637 760 699 426 289 674 952 188 518 692 59 391 544 558 210 335 444 623 599 457 597 876 356 215 364 364 346 869 649 826 790 285 582 687 770 53 532 597 668 389 595 421 241 621 609 797 411 514 508 311 305 592 510 937 890 432 533 467 464 816 906 425 829 637 157 190 798 133 457 738 440 539 433 794 482 612 760 315 498 402 136 706 331 866 812 573 543 358 753 522 605 507 542 426 285 574 707 625 343 719 467 628 647 886 364 275 680 331 175 948 224 440 609 664 256 193 339 518 285 606 755 302 745 366 525 177 560 337 816 212 196 630 503 580 585 842 736 234 235 866 387 260 760 519 625 244 195 694 511 737 152 454 450 402 154 285 499 594 214 643 409 800 341 464 605 400 523 229 1019 722 461 928 894 534 490 574 694 776 309 166 396
597 487 102 793 161 348 850 865 625 794 362 0 657 813 922 411 557 662 260 764 80 595 988 656 826 534 98 652 592 1151 543 726 556 314 311 515 880 573 260 126 683 747 371 535 809 598 565 726 724 685 779 663 760 938 646 747 794 1017 408 798 918 957 751 542 540 141 803 860 953 759 867 262 292 109 748 815 1095 1051 69 761 828 800 962 1099 272 745 868 269 204 713 489 409 797 115 773 606 988 478 770 861 372 583 580 437 973 478 750 986 902 860 57 754 464 513 724 615 472 277 683 776 700 20 840 759 827 862 717 148 580 958 530 256 1134 516 803 762 508 320 470 108 693 647 415 737 108 619 89 491 188 875 694 840 398 383 857 427 832 721 966 872 589 482 743 738 359 854 879 491 438 543 705 260 684 263 550 812 494 234 83 258 671 547 424 486 777 105 450 813 761 559 149 1210 894 791 1055 1110 897 739 921 923 930 386 393 753
226 183 589 262 807 320 969 876 372 260 707 657 0 833 373 748 413 524 736 420 712 352 479 131 261 223 747 846 77 704 850 480 170 659 358 163 802 802 421 567 204 374 289 122 169 523 731 921 872 747 167 121 118 462 816 405 313 702 753 621 824 759 895 118 341 711 455 617 486 821 912 434 417 736 387 717 590 564 661 529 943 801 473 654 384 128 581 775 735 102 723 264 234 577 545 409 576 225 399 339 392 271 420 623 719 412 190 539 837 777 712 125 199 147 496 239 287 445 293 240 233 660 360 659 498 543 281 799 634 736 462 778 669 604 944 387 216 454 586 754 413 840 300 92 733 146 745 185 637 778 825 214 507 519 565 232 605 345 441 401 760 542 197 821 447 321 961 196 492 715 118 440 30 576 301 940 328 734 624 432 235 682 339 314 122 752 244 508 887 207 600 737 480 775 513 704 1055 561 921 607 467 398 555 859
994 718 719 1096 823 817 160 52 462 686 470 813 833 0 722 438 427 310 598 474 778 481 683 710 726 944 889 225 845 666 366 380 911 504 690 712 125 284 669 862 651 512 723 775 976 316 254 220 159 128 995 723 936 625 205 478 623 441 445 262 156 283 155 765 500 708 467 330 617 62 78 869 624 773 499 156 719 676 878 346 140 34 647 639 756 958 384 621 660 936 336 689 721 861 335 424 554 658 502 674 559 562 415 376 354 460 1023 599 120 130 820 804 730 810 361 595 587 613 560 688 632 795 620 188 440 422 1095 834 246 312 392 640 684 308 165 510 910 556 354 807 438 224 898 828 769 940 833 708 626 147 150 819 449 457 390 737 314 526 700 609 238 363 1030 89 523 687 132 864 425 274 753 874 856 552 537 150 531 624 729 859 614 265 951 549 867 809 661 413 133 632 665 735 541 62 759 592 250 293 109 421 606 540 432 108
598 458 830 563 1045 643 880 746 350 130 823 922 373 722 0 844 436 452 902 256 953 365 112 286 112 595 1020 833 444 341 897 354 542 796 614 428 639 822 662 865 240 232 569 443 394 498 741 887 824 690 443 286 387 124 798 260 135 410 851 460 644 530 839 431 408 926 255 407 146 738 793 758 633 970 242 570 218 197 947 377 858 687 120 295 672 427 353 943 927 428 774 522 142 874 387 393 251 447 230 63 563 344 423 696 465 496 502 198 671 618 969 252 485 489 373 308 451 654 251 151 221 918 108 535 282 310 624 1042 624 498 493 953 302 632 874 227 583 628 641 998 319 827 654 291 967 516 999 450 832 609 782 183 616 634 343 523 414 239 70 113 763 594 516 750 599 67 853 554 579 736 260 765 369 745 384 863 442 911 863 752 251 696 701 444 294 997 475 308 823 363 817 366 193 659 142 359 972 433 773 344 140 555 658 791
811 572 340 975 388 566 443 486 493 745 53 411 748 438 844 0 407 427 164 607 358 481 864 672 787 748 470 244 718 954 135 526 740 112 441 586 534 166 386 497 653 616 505 641 917 363 186 315 321 319 911 684 867 804 244 596 710 764 8 525 572 653 345 638 449 285 632 605 809 377 476 561 361 347 609 493 947 899 481 536 424 435 830 910 477 871 636 183 228 841 105 502 766 492 540 451 799 523 627 781 357 528 421 147 696 359 911 821 546 521 404 788 566 651 513 572 463 334 599 735 653 391 738 455 635 650 934 401 266 667 350 202 953 225 395 625 713 302 204 380 532 240 657 792 344 792 409 567 228 539 298 847 244 230 631 549 577 605 859 753 199 250 911 352 301 783 477 674 271 170 728 564 778 204 484 406 435 192 335 552 623 196 696 444 837 382 506 611 358 558 282 1022 732 435 944 893 485 489 540 693 789 350 196 357
568 293 455 673 647 420 556 473 86 340 387 557 413 427 436 407 0 135 475 215 565 75 466 301 383 520 654 441 418 598 473 170 485 364 312 286 420 408 322 548 260 213 320 348 568 110 330 512 459 333 579 314 523 408 408 201 302 463 414 271 450 435 482 338 73 521 251 314 417 408 504 500 277 575 208 336 560 514 603 209 529 396 434 547 386 541 313 515 509 516 345 278 364 552 224 50 435 234 229 373 193 144 23 261 431 78 601 441 453 395 592 410 307 385 170 185 166 284 192 331 253 546 332 272 270 304 668 648 223 426 59 527 586 207 530 225 488 236 207 607 140 434 490 425 572 513 617 282 422 401 412 453 185 204 301 320 288 198 456 350 357 159 606 407 198 375 550 441 145 319 352 507 439 328 112 526 109 488 482 492 225 282 544 128 468 607 241 256 474 207 423 660 348 372 543 553 642 203 522 367 395 175 223 446
696 424 559 787 731 556 454 351 152 389 423 662 524 310 452 427 135 0 534 196 657 174 448 400 431 652 756 381 540 528 453 102 614 419 444 414 287 373 446 668 342 222 456 475 666 68 293 439 378 243 685 413 626 386 346 192 332 358 435 140 315 304 396 464 203 604 210 198 388 305 388 632 400 664 210 201 522 474 714 109 429 277 412 483 517 648 215 571 579 627 339 413 421 671 117 117 372 367 222 395 318 254 117 286 311 200 714 395 320 261 690 496 441 515 87 285 301 401 253 388 324 649 343 139 208 224 791 735 175 299 135 586 526 201 438 225 620 347 230 697 137 375 625 518 660 637 712 413 505 266 333 518 265 282 207 456 170 227 450 346 312 194 721 311 308 403 440 574 224 291 443 639 547 411 235 430 244 552 582 623 305 251 680 263 558 698 375 183 383 326 519 596 309 250 529 472 545 76 397 273 370 298 284 352
752 552 213 933 224 493 608 647 559 789 128 260 736 598 902 164 475 534 0 689 197 538 941 687 828 687 308 409 690 1060 287 623 690 114 388 573 687 330 325 363 685 688 459 617 903 466 344 477 485 475 888 697 852 883 409 676 766 888 159 652 725 793 510 618 494 123 721 727 892 539 640 458 319 183 684 637 1035 988 329 643 588 593 909 1013 400 849 750 41 63 817 262 473 803 356 651 525 900 516 705 839 354 563 494 253 827 407 876 913 702 672 243 800 539 615 614 605 473 290 651 775 692 239 803 591 732 756 877 236 399 803 426 52 1053 343 559 700 654 287 305 215 613 405 581 795 180 748 246 551 109 688 463 872 289 270 742 513 697 670 929 825 361 340 873 515 307 837 642 621 329 324 742 459 766 162 521 571 464 27 196 450 661 342 609 466 841 218 493 712 523 573 164 1126 821 590 1017 1006 646 605 702 807 870 356 254 521
629 392 663 674 862 565 630 504 138 214 593 764 420 474 256 607 215 196 689 0 778 169 257 289 253 600 862 577 461 386 647 97 553 577 487 369 408 568 515 739 215 45 469 418 528 248 488 631 568 434 560 299 497 196 542 18 149 295 614 221 421 340 583 404 225 737 42 198 203 485 549 665 475 790 32 329 345 298 804 129 606 439 223 335 558 528 161 729 725 514 528 419 251 745 142 165 224 350 28 202 392 208 195 460 300 291 602 225 442 384 802 352 416 465 116 206 312 487 130 221 187 755 149 286 81 127 701 863 370 316 263 742 371 386 620 37 575 446 403 821 76 571 611 384 786 557 829 381 637 380 525 349 401 420 145 445 190 74 255 150 508 358 612 495 410 213 607 533 360 484 312 673 434 544 225 610 274 703 693 658 186 445 666 286 415 821 371 88 568 273 636 446 132 411 337 350 722 180 538 194 182 377 435 537
668 535 125 863 95 414 801 829 639 829 314 80 712 778 953 358 565 657 197 778 0 611 1012 698 863 605 112 603 651 1163 484 731 623 274 357 562 854 523 298 206 718 766 422 589 869 591 526 674 678 651 842 706 819 959 600 761 822 1016 353 789 893 943 703 594 558 73 815 856 972 721 827 338 320 28 764 795 1116 1071 141 761 781 768 984 1112 330 806 869 198 135 774 446 455 834 196 772 615 999 519 787 892 392 610 587 408 966 487 817 1002 874 837 46 802 514 572 726 645 502 299 708 811 732 64 865 742 835 867 790 89 556 947 530 183 1149 494 754 779 577 332 449 44 704 598 487 788 28 685 55 538 155 852 651 885 392 374 859 479 827 741 993 895 547 468 810 699 368 885 834 555 434 504 750 336 740 246 573 764 515 170 90 332 702 514 499 510 829 43 492 819 715 595 141 1224 910 762 1082 1117 843 733 885 925 950 403 377 710
525 258 495 614 697 411 619 524 34 264 457 595 352 481 365 481 75 174 538 169 611 0 404 232 307 483 693 514 367 556 549 161 443 431 321 243 458 484 345 570 185 154 312 303 500 174 405 583 528 399 515 245 457 349 481 152 230 448 488 290 484 447 549 291 55 574 210 313 361 470 560 504 305 624 153 373 505 460 635 209 593 449 374 504 393 477 299 579 567 454 421 264 288 575 226 57 394 204 176 302 222 80 72 335 430 131 541 392 492 433 634 337 277 345 169 115 150 317 117 256 177 586 264 312 240 280 617 697 295 433 135 590 539 283 596 168 453 279 282 654 105 507 469 354 621 464 662 246 476 436 482 377 250 268 285 298 292 132 391 287 432 234 548 471 244 303 609 407 213 394 280 511 375 385 67 591 105 549 524 496 150 357 525 119 397 654 219 232 540 153 470 615 299 423 479 519 707 223 571 347 339 208 292 511
706 545 892 675 1100 731 843 700 381 223 850 988 479 683 112 864 466 448 941 257 1012 404 0 381 218 700 1087 821 548 229 901 345 646 830 687 516 586 820 729 942 323 252 650 539 506 504 741 867 801 671 555 382 499 61 786 268 197 320 872 421 585 459 813 526 454 978 237 354 65 708 749 843 695 1027 257 527 113 85 1019 354 822 649 36 183 750 539 300 981 972 540 784 601 245 950 359 417 157 525 237 142 619 404 448 717 387 535 614 101 616 567 1031 361 572 587 362 375 516 713 304 245 298 982 148 503 249 260 735 1099 623 425 518 993 190 643 842 241 685 681 660 1056 331 816 750 401 1023 625 1060 536 881 556 762 296 651 670 293 609 368 272 41 117 758 615 628 723 648 159 810 653 611 739 363 851 477 789 439 830 496 953 923 838 323 699 800 502 405 1055 552 276 796 439 872 257 143 622 80 249 933 411 720 275 78 608 689 764
345 174 573 391 793 356 851 751 248 158 637 656 131 710 286 672 301 400 687 289 698 232 381 0 177 326 752 742 178 596 761 350 275 596 344 144 673 704 400 587 74 243 290 158 267 406 629 813 760 631 285 13 225 353 710 274 195 574 678 491 694 628 782 145 234 684 325 485 375 702 789 472 382 719 256 589 495 462 673 398 825 677 368 544 393 248 450 727 697 229 632 247 147 596 414 288 457 179 269 238 332 156 304 536 589 318 318 426 708 648 707 115 201 205 366 117 214 407 162 136 104 655 245 532 367 413 412 787 525 605 355 733 564 503 829 256 308 399 492 742 283 735 369 124 716 270 739 167 598 648 713 187 428 442 434 239 474 214 347 287 657 446 326 704 382 223 840 273 404 616 56 479 148 524 195 824 237 689 608 467 104 580 418 228 168 741 206 377 773 114 571 636 358 651 429 588 939 432 794 478 355 332 476 744
487 352 738 467 956 534 880 757 302 43 760 826 261 726 112 787 383 431 828 253 863 307 218 177 0 483 923 808 331 446 855 346 429 728 515 321 660 786 567 763 145 213 465 332 303 464 707 870 809 675 347 175 287 209 774 248 103 478 794 473 671 574 827 320 339 841 269 438 233 733 802 650 542 882 227 582 329 304 848 382 856 691 216 397 569 325 389 870 847 323 728 420 30 771 395 347 332 347 225 84 479 265 374 642 518 429 402 288 694 636 875 143 379 377 365 223 363 565 190 53 136 823 125 538 308 346 520 952 591 545 442 878 409 588 867 216 471 546 590 907 294 802 542 183 879 406 906 344 750 631 765 100 549 566 376 417 437 204 179 160 731 542 415 741 521 64 859 442 517 698 147 657 258 667 308 859 364 835 772 645 167 659 589 363 194 906 376 328 814 267 730 476 249 663 254 453 972 432 791 396 218 474 594 783
65 227 496 258 695 195 1058 992 513 477 699 534 223 944 595 748 520 652 687 600 605 483 700 326 483 0 608 904 151 921 871 638 53 642 307 239 939 844 366 420 397 558 244 183 309 628 786 984 946 837 264 321 270 677 878 583 522 894 751 773 966 926 972 196 449 626 641 787 700 917 1020 275 387 632 569 853 812 784 517 687 1032 915 691 869 287 239 760 720 667 213 754 261 455 432 704 536 784 286 586 557 409 408 535 655 898 485 221 752 972 914 591 348 213 138 650 396 356 414 471 456 427 544 571 791 682 728 190 683 713 908 551 718 887 667 1025 573 35 449 635 642 572 897 119 312 631 100 623 238 578 918 901 436 538 542 744 211 770 526 662 613 817 602 212 911 461 540 1061 80 541 766 336 279 234 549 417 1025 413 676 528 278 418 741 133 394 331 639 283 686 969 334 528 957 684 892 736 915 1137 707 1042 795 680 424 580 945
668 581 199 866 124 431 914 941 724 892 426 98 747 889 1020 470 654 756 308 862 112 693 1087 752 923 608 0 715 679 1249 595 823 635 385 408 610 963 636 358 188 780 846 464 626 894 690 638 785 790 762 861 759 846 1037 712 845 893 1112 465 890 1002 1047 816 634 638 185 901 954 1052 833 939 332 391 125 846 901 1193 1150 91 856 894 879 1060 1198 363 828 964 304 245 797 558 505 894 176 868 704 1086 575 869 960 470 682 677 518 1066 575 828 1085 983 945 69 847 557 601 820 713 570 375 782 873 798 107 939 847 925 958 785 106 664 1050 625 287 1233 601 866 860 585 417 555 97 791 711 489 829 127 698 63 586 264 960 764 934 490 474 953 519 926 820 1065 971 659 571 820 811 456 952 946 572 532 616 800 329 773 349 648 876 593 280 173 330 769 625 489 585 868 93 547 910 827 657 237 1308 993 872 1154 1207 954 832 997 1019 1029 485 481 822
962 695 571 1099 631 744 198 263 509 765 289 652 846 225 833 244 441 381 409 577 603 514 821 742 808 904 715 0 837 852 144 480 883 339 612 699 344 79 572 725 699 603 663 761 1007 344 118 81 78 154 1014 755 961 760 34 573 712 636 250 414 379 492 101 754 508 529 586 495 758 163 242 766 534 592 591 338 880 833 721 466 179 237 785 817 666 975 542 424 473 948 167 643 795 722 463 464 717 637 603 776 495 585 441 254 553 435 1029 753 345 340 648 851 698 785 462 626 566 514 621 761 688 632 725 329 572 570 1077 644 218 516 386 443 862 243 151 606 869 465 269 625 517 6 833 866 589 925 654 687 464 359 76 888 366 364 542 693 471 605 828 726 87 306 1032 137 444 784 234 824 364 138 793 771 874 414 548 161 518 436 572 757 663 165 879 534 909 627 629 545 116 640 513 922 678 249 901 781 249 410 311 591 742 479 328 123
168 146 530 261 746 249 972 890 392 325 674 592 77 845 444 718 418 540 690 461 651 367 548 178 331 151 679 837 0 770 828 510 98 623 304 138 825 787 369 497 251 418 234 77 218 529 720 915 869 750 197 171 168 526 808 445 372 751 722 649 849 796 893 83 344 656 500 654 549 827 923 360 372 676 429 739 660 632 592 560 946 813 539 718 321 158 623 728 685 126 703 218 303 507 577 423 635 200 444 406 361 287 429 602 762 403 193 601 859 799 648 201 152 79 524 264 271 400 332 304 281 597 421 679 542 588 251 736 631 775 461 730 736 594 944 431 140 417 570 692 443 830 223 169 674 97 681 152 588 802 822 291 484 493 607 178 640 387 511 463 750 531 195 824 417 389 969 120 476 702 184 367 97 535 307 942 321 686 565 359 276 672 263 304 197 690 212 549 887 214 547 805 536 789 585 765 1057 586 937 654 530 370 531 861
931 748 1050 904 1245 931 819 666 525 444 952 1151 704 666 341 954 598 528 1060 386 1163 556 229 596 446 921 1249 852 770 0 960 437 868 946 869 720 547 872 901 1123 530 407 842 752 735 596 799 878 812 698 785 600 728 243 819 404 401 226 962 440 531 390 816 739 612 1119 347 357 221 709 716 1039 861 1174 405 518 139 144 1191 419 803 638 231 53 937 768 318 1098 1101 769 860 792 470 1129 414 547 163 718 382 365 779 582 576 815 314 675 844 172 569 537 1189 590 775 801 446 565 693 874 485 465 502 1142 351 523 328 304 965 1247 691 358 638 1113 44 729 832 392 904 832 759 1205 458 848 961 629 1170 851 1215 737 1019 521 782 525 778 797 323 809 384 437 271 309 809 720 858 730 795 383 776 869 736 804 586 1047 704 925 608 816 659 1077 1079 1032 520 767 1013 670 635 1205 742 348 796 633 1021 69 259 615 235 76 903 465 667 263 242 764 807 766
933 681 475 1088 501 694 332 407 553 812 188 543 850 366 897 135 473 453 287 647 484 549 901 761 855 871 595 144 828 960 0 556 858 247 566 692 481 89 515 632 731 665 626 750 1017 400 162 196 221 273 1016 774 968 840 161 640 768 753 137 520 517 621 241 745 529 410 664 603 841 304 386 695 485 470 655 461 973 925 613 554 316 374 866 921 608 976 643 293 349 947 129 618 838 627 554 508 815 628 671 837 468 608 481 227 675 443 1022 845 485 474 530 875 679 766 540 652 563 460 665 805 726 523 789 439 659 665 1054 515 278 641 414 312 965 267 283 671 836 422 269 501 578 143 785 884 467 907 532 676 363 492 216 926 343 334 641 667 576 660 903 797 151 316 1023 277 413 842 373 794 358 162 816 699 879 337 567 297 525 314 469 686 698 202 826 537 929 503 615 633 259 651 417 1029 762 382 982 893 360 500 455 696 823 457 297 267
674 416 624 741 810 572 534 413 127 305 518 726 480 380 354 526 170 102 623 97 731 161 345 350 346 638 823 480 510 437 556 0 595 509 476 399 325 475 491 717 282 132 472 455 606 163 395 533 470 336 632 362 570 284 445 98 243 293 534 140 344 288 486 442 211 683 108 152 285 388 456 662 447 740 118 242 421 373 773 49 510 345 310 389 549 597 143 662 664 580 441 425 341 722 66 124 277 364 125 300 363 229 147 382 269 248 668 294 360 300 759 430 437 499 19 245 311 454 189 308 258 715 247 192 109 135 758 812 278 272 201 676 430 301 523 131 609 406 325 772 67 474 630 458 736 608 784 404 583 299 427 439 342 360 130 460 132 147 349 245 413 284 677 398 367 310 513 564 299 393 384 669 499 489 228 514 260 639 650 653 247 354 686 277 494 772 380 89 471 303 589 502 207 317 426 387 626 87 451 196 267 345 369 439
82 193 509 243 715 209 1031 958 472 424 692 556 170 911 542 740 485 614 690 553 623 443 646 275 429 53 635 883 98 868 858 595 0 637 303 200 901 826 365 448 347 510 235 139 266 595 765 963 922 809 227 269 224 625 856 536 470 846 743 731 928 882 947 152 412 638 593 742 648 888 989 304 381 649 521 816 758 731 545 644 1005 882 638 817 296 197 713 725 675 168 738 241 401 459 661 498 732 253 537 504 391 366 499 638 852 457 194 700 935 876 613 295 185 101 607 350 325 408 423 403 377 564 519 754 634 680 195 704 686 863 521 724 834 643 999 524 53 437 614 661 528 876 151 259 648 63 646 203 583 880 876 383 520 526 698 191 726 479 609 561 796 578 187 883 445 487 1031 69 519 746 283 309 181 545 379 998 380 682 542 305 369 719 178 362 280 659 255 640 943 291 535 904 633 858 682 863 1112 666 1008 747 628 405 564 918
706 479 233 876 326 456 536 555 449 687 59 314 659 504 796 112 364 419 114 577 274 431 830 596 728 642 385 339 623 946 247 509 637 0 335 496 583 261 277 388 587 578 401 546 829 351 252 416 410 377 819 608 778 772 331 564 660 774 112 538 622 683 436 545 390 205 608 612 780 447 554 449 256 269 573 529 922 875 382 528 514 495 798 898 366 779 635 153 164 748 175 404 704 384 536 413 785 435 593 733 268 463 382 141 714 300 814 799 601 567 316 711 470 552 499 506 383 228 546 674 591 295 695 480 618 641 830 334 289 691 313 167 939 231 489 589 608 205 191 304 501 334 547 711 266 691 328 475 126 583 380 778 180 162 627 449 583 561 820 715 275 225 813 426 215 732 564 570 218 230 653 452 689 94 420 498 365 134 233 440 560 240 585 370 757 306 415 597 446 482 174 1011 708 489 908 891 586 490 611 692 759 265 141 439
371 178 232 545 452 131 782 741 355 485 391 311 358 690 614 441 312 444 388 487 357 321 687 344 515 307 408 612 304 869 566 476 303 335 0 205 715 546 64 255 373 461 70 235 521 396 496 693 663 571 501 351 470 642 590 469 491 768 443 582 749 747 690 239 266 353 529 625 659 653 761 188 80 379 465 635 798 757 333 519 757 666 664 816 73 463 618 425 380 430 454 98 486 262 535 352 709 167 487 555 131 287 334 358 743 244 487 698 744 691 363 444 158 227 479 311 175 106 387 466 393 310 539 572 561 601 495 445 445 739 314 426 847 388 744 477 272 147 349 400 426 605 221 430 377 360 395 181 284 701 620 529 248 247 605 126 600 431 662 574 527 328 484 641 169 546 793 235 265 474 394 195 387 242 262 747 216 382 267 179 365 456 267 201 473 399 139 553 690 251 242 922 610 647 751 837 854 516 796 668 636 151 283 671
282 30 437 400 658 215 836 759 273 298 544 515 163 712 428 586 286 414 573 369 562 243 516 144 321 239 610 699 138 720 692 399 200 496 205 0 701 649 266 442 192 331 146 63 333 396 581 776 731 613 325 149 282 480 670 351 321 665 590 533 728 687 756 55 212 555 411 549 500 691 790 329 256 585 339 615 629 594 530 448 810 682 498 667 249 285 525 612 575 255 566 107 291 451 465 297 570 63 358 375 229 169 299 465 663 264 331 547 734 675 568 239 57 101 410 163 132 284 243 277 219 516 372 553 451 496 384 651 494 670 324 616 692 456 807 346 210 290 432 606 334 692 243 226 582 229 600 24 476 679 685 324 348 358 510 95 531 298 485 412 611 392 333 688 284 363 834 165 337 564 189 336 193 413 179 805 184 572 472 324 199 533 297 166 270 604 80 452 750 96 442 765 468 658 569 703 919 467 808 564 479 236 395 724
983 711 781 1064 908 835 271 119 432 622 558 880 802 125 639 534 420 287 687 408 854 458 586 673 660 939 963 344 825 547 481 325 901 583 715 701 0 394 705 913 607 451 736 762 931 319 347 346 284 215 957 685 895 532 320 416 556 321 542 187 38 159 281 750 490 788 391 232 520 181 169 901 658 853 437 85 610 569 941 281 257 107 552 523 786 922 287 714 745 903 429 697 659 914 266 403 446 654 435 598 584 538 403 445 232 472 991 495 34 25 894 755 727 802 307 563 586 652 514 628 584 863 544 148 357 329 1075 918 299 189 402 733 567 363 287 445 907 595 410 887 390 343 909 784 849 922 910 701 699 29 268 757 493 504 296 741 225 471 608 526 340 405 999 207 559 613 230 861 461 364 709 907 822 616 522 270 529 712 796 891 571 344 963 548 819 889 661 333 259 611 730 615 449 99 659 471 356 240 134 314 513 564 487 233
904 642 494 1048 554 677 277 328 484 743 210 573 802 284 822 166 408 373 330 568 523 484 820 704 786 844 636 79 787 872 89 475 826 261 546 649 394 0 503 648 669 590 601 709 966 324 80 155 155 184 969 718 918 759 81 562 695 664 171 432 431 532 179 703 470 450 583 515 759 222 314 694 467 513 579 372 888 841 642 469 258 289 785 834 596 929 556 347 394 901 93 585 770 645 469 438 729 586 593 763 435 549 413 189 586 389 980 760 401 386 569 817 643 730 458 592 517 445 596 737 661 553 713 351 575 580 1022 566 198 552 350 366 878 201 230 595 809 399 216 546 502 74 768 828 510 871 575 635 386 405 137 861 306 301 554 635 488 587 824 719 63 259 982 196 382 769 311 765 311 89 758 698 830 338 509 240 473 358 494 684 634 127 812 487 873 548 576 549 192 598 435 942 679 295 901 805 325 415 380 609 742 421 264 193
430 240 172 608 392 179 750 721 378 535 335 260 421 669 662 386 322 446 325 515 298 345 729 400 567 366 358 572 369 901 515 491 365 277 64 266 705 503 0 225 423 494 135 299 585 392 460 654 628 546 566 408 535 681 553 497 534 785 388 586 740 750 655 302 290 289 556 636 696 627 737 199 46 319 495 628 837 795 291 532 725 647 704 848 93 527 635 361 316 495 410 159 538 230 546 367 739 221 518 601 129 325 346 318 753 247 551 733 733 682 308 504 222 292 493 355 212 58 425 516 440 256 581 566 584 622 555 387 423 746 312 361 881 362 710 509 332 113 319 342 449 566 270 492 316 423 339 242 219 693 587 587 220 214 622 191 610 465 706 614 490 306 548 614 146 594 765 297 245 437 452 205 451 183 294 714 241 318 207 189 411 423 310 230 535 340 194 573 658 300 178 957 642 631 795 865 818 521 777 687 673 148 246 640
480 412 156 678 284 247 918 914 603 736 444 126 567 862 865 497 548 668 363 739 206 570 942 587 763 420 188 725 497 1123 632 717 448 388 255 442 913 648 225 0 625 715 297 450 709 610 627 804 793 734 674 592 662 897 714 721 745 1011 494 808 950 971 820 458 514 256 780 861 914 813 923 144 270 235 718 841 1053 1012 97 757 895 844 919 1070 194 642 861 381 316 611 559 343 733 11 771 593 962 418 741 808 354 542 571 488 977 471 640 953 939 892 180 674 386 420 718 566 430 267 642 715 646 142 794 781 809 848 598 269 619 968 533 370 1102 554 874 731 397 321 508 233 674 720 301 652 234 511 209 419 269 904 758 763 420 409 848 348 834 686 916 829 653 508 632 795 360 798 942 386 454 603 631 140 592 313 515 881 465 341 167 142 619 600 302 453 689 230 391 799 827 504 214 1177 864 831 1004 1089 974 744 971 913 892 373 430 815
419 222 593 460 811 407 796 689 193 111 623 683 204 651 240 653 260 342 685 215 718 185 323 74 145 397 780 699 251 530 731 282 347 587 373 192 607 669 423 625 0 170 329 222 325 357 591 767 711 580 349 83 288 288 666 201 129 500 659 422 626 555 732 208 204 696 251 413 309 647 729 521 397 736 183 523 436 401 707 328 771 617 306 477 431 315 376 726 703 299 603 281 118 633 344 237 386 207 195 184 334 125 258 511 515 294 388 358 642 582 731 154 249 271 299 81 217 420 92 93 30 679 180 469 293 339 485 807 481 532 318 734 500 467 777 182 377 401 462 762 216 693 431 177 733 344 762 212 605 581 665 194 411 427 361 286 402 141 293 221 617 415 397 651 378 173 782 339 382 579 102 528 219 524 168 771 222 691 627 515 37 542 483 219 216 761 234 304 721 123 584 573 286 590 379 518 886 367 731 403 288 330 458 691
586 355 648 628 852 532 666 545 129 173 599 747 374 512 232 616 213 222 688 45 766 154 252 243 213 558 846 603 418 407 665 132 510 578 461 331 451 590 494 715 170 0 438 376 483 265 509 661 599 465 514 253 451 195 568 35 111 335 624 264 466 386 616 363 208 728 82 244 207 520 589 635 456 779 14 371 350 305 785 170 642 478 220 354 530 482 206 729 720 468 543 388 209 722 184 165 247 316 27 173 375 176 197 469 345 283 556 238 486 427 788 306 380 424 152 167 286 471 88 177 141 740 123 324 124 170 655 852 391 362 267 741 387 400 655 15 534 433 412 809 87 597 574 338 776 512 816 343 630 423 555 307 399 418 191 411 236 32 243 137 531 366 566 529 399 181 645 493 359 504 266 643 388 538 200 646 253 701 679 628 141 464 628 263 370 809 339 134 602 236 625 463 148 450 329 378 758 219 580 236 184 362 437 570
306 116 299 475 517 100 825 773 346 439 457 371 289 723 569 505 320 456 459 469 422 312 650 290 465 244 464 663 234 842 626 472 235 401 70 146 736 601 135 297 329 438 0 167 451 417 545 744 709 608 430 295 400 609 638 451 453 759 508 590 768 753 735 172 262 422 512 624 627 690 796 197 145 446 444 654 762 724 384 519 799 696 629 789 103 392 611 496 451 360 510 50 435 306 535 352 686 125 465 513 168 262 341 411 742 264 417 670 767 712 424 383 93 156 479 277 161 173 357 418 352 372 502 590 547 590 429 509 483 742 335 497 818 430 789 454 209 204 395 465 416 656 175 366 443 290 457 122 355 719 665 470 296 299 597 57 602 407 622 540 576 367 414 681 218 502 832 168 304 524 335 204 318 310 247 790 214 453 334 190 327 502 228 196 407 463 99 542 734 211 313 892 585 676 708 817 901 523 827 658 605 186 336 712
221 68 466 339 684 207 899 821 332 316 597 535 122 775 443 641 348 475 617 418 589 303 539 158 332 183 626 761 77 752 750 455 139 546 235 63 762 709 299 450 222 376 167 0 286 459 643 839 794 677 272 157 235 509 732 400 350 712 645 591 788 743 819 13 275 589 458 603 531 755 853 323 298 613 386 676 653 620 542 505 873 745 526 700 263 232 576 656 615 201 625 144 302 460 522 358 608 123 404 396 283 226 361 524 715 327 271 581 795 736 590 225 78 48 467 213 195 327 288 294 251 538 401 614 499 545 320 676 557 725 387 658 721 518 870 391 157 341 493 632 389 754 210 202 611 165 623 74 517 740 748 315 406 415 561 110 587 344 505 443 673 454 273 751 339 381 898 117 398 625 188 330 151 460 240 868 247 614 501 320 238 596 261 230 241 630 135 503 814 151 478 794 507 721 586 740 983 526 870 612 510 292 453 788
274 351 748 169 964 463 1118 1015 514 326 876 809 169 976 394 917 568 666 903 528 869 500 506 267 303 309 894 1007 218 735 1017 606 266 829 521 333 931 966 585 709 325 483 451 286 0 674 893 1080 1027 899 56 254 50 509 975 517 392 781 922 745 948 866 1049 285 498 874 556 725 533 969 1054 568 585 894 497 848 604 590 805 650 1092 942 512 690 538 69 682 942 901 98 889 430 289 720 666 555 635 394 503 387 561 423 571 790 815 576 120 588 966 906 865 176 364 297 623 384 454 613 417 313 347 814 426 794 598 640 246 954 791 839 620 945 694 766 1096 492 320 623 750 910 541 1000 417 147 892 208 898 353 803 904 980 210 675 687 667 394 719 460 464 463 921 706 135 971 616 367 1106 323 659 878 222 573 139 745 458 1091 492 900 783 568 361 844 442 479 113 908 413 614 1040 367 764 752 552 915 513 752 1207 691 1056 696 520 567 723 1011
677 402 495 784 663 515 446 363 165 421 356 598 523 316 498 363 110 68 466 248 591 174 504 406 464 628 690 344 529 596 400 163 595 351 396 396 319 324 392 610 357 265 417 459 674 0 244 410 354 224 688 420 631 443 310 240 371 426 371 200 352 361 375 449 184 536 269 265 447 298 394 583 345 596 255 238 584 536 652 177 420 286 469 550 468 650 284 503 511 626 280 379 450 612 185 120 438 342 271 438 266 252 102 219 375 152 711 458 350 295 624 511 415 494 150 289 272 343 276 417 345 584 389 175 272 291 779 668 127 360 82 518 592 138 422 271 595 288 163 630 178 338 590 529 593 624 646 392 437 304 307 544 199 216 276 424 236 263 503 397 267 126 717 298 249 444 439 549 159 238 455 590 547 344 222 417 215 484 517 574 321 198 644 234 571 631 346 249 366 317 453 662 369 263 585 540 533 142 414 341 427 246 216 337
844 577 477 981 569 628 293 304 404 663 215 565 731 254 741 186 330 293 344 488 526 405 741 629 707 786 638 118 720 799 162 395 765 252 496 581 347 80 460 627 591 509 545 643 893 244 0 198 168 133 898 642 846 679 93 482 615 596 194 360 386 473 196 636 395 455 503 442 680 195 301 656 420 519 499 311 810 763 632 391 269 249 705 759 553 859 481 368 406 831 82 525 691 624 392 359 653 519 513 682 377 473 334 142 521 318 912 683 360 335 569 740 580 667 379 515 448 401 517 658 582 547 633 282 497 503 959 579 117 489 274 387 803 126 250 514 751 350 151 554 422 111 717 753 516 807 580 569 377 353 131 783 249 248 479 575 415 507 744 638 30 188 914 173 328 688 315 706 245 23 682 661 758 313 434 256 402 370 483 647 556 48 764 417 798 556 511 470 200 525 420 868 600 248 822 733 358 338 359 535 662 361 214 188
1042 773 649 1176 696 825 137 244 575 827 364 726 921 220 887 315 512 439 477 631 674 583 867 813 870 984 785 81 915 878 196 533 963 416 693 776 346 155 654 804 767 661 744 839 1080 410 198 0 66 197 1089 826 1034 807 106 629 772 657 320 450 376 503 65 831 581 600 636 528 802 169 210 847 616 661 648 359 918 872 796 513 125 243 831 847 747 1049 578 488 541 1023 247 723 858 800 508 531 753 715 658 833 575 656 510 336 570 511 1105 793 339 348 719 920 777 864 514 697 643 596 686 825 755 706 780 365 618 610 1156 710 288 530 459 507 892 320 89 662 949 546 349 693 576 87 914 937 658 1003 723 765 540 367 105 954 447 446 580 773 507 665 877 778 167 384 1109 148 526 842 183 904 443 219 863 852 948 493 621 105 594 505 648 838 731 243 961 610 980 696 708 590 87 714 591 948 723 263 947 805 170 457 282 623 788 560 410 113
1002 730 641 1129 709 795 125 190 518 767 364 724 872 159 824 321 459 378 485 568 678 528 801 760 809 946 790 78 869 812 221 470 922 410 663 731 284 155 628 793 711 599 709 794 1027 354 168 66 0 134 1038 773 983 741 79 567 710 591 326 383 316 439 27 786 530 605 571 461 736 104 165 825 587 668 586 293 851 806 793 448 103 178 765 780 721 999 511 501 549 974 235 685 799 790 442 474 686 671 595 770 540 604 456 311 505 466 1057 726 279 284 722 865 736 822 451 643 599 570 628 765 697 705 717 299 552 544 1114 722 237 465 409 521 825 279 81 600 911 518 314 701 515 81 882 883 665 960 730 721 536 303 46 895 414 415 514 735 440 605 812 713 140 343 1062 81 493 780 156 866 405 191 809 830 898 479 570 88 548 513 644 815 674 207 930 564 925 703 666 525 38 664 583 881 657 197 881 739 191 392 235 556 723 523 382 51
