211
0 434 801 722 793 90 739 614 661 611 344 348 784 786 595 479 712 173 449 726 212 447 813 413 93 298 783 343 480 659 423 687 388 312 626 266 504 620 518 282 93 686 193 184 749 489 757 519 623 328 610 652 789 132 616 688 242 457 175 884 712 736 423 464 235 110 795 394 298 342 649 444 562 560 410 363 766 865 421 504 854 367 294 488 841 786 480 712 596 263 398 372 571 493 792 542 259 487 220 439 621 607 317 652 686 639 47 374 441 657 540 139 74 357 324 156 627 373 272 185 723 144 496 847 188 339 456 486 428 99 580 563 283 241 391 694 848 253 332 470 332 373 318 184 540 580 761 142 222 817 794 481 777 231 179 108 791 595 250 974 208 465 112 242 535 737 497 217 772 751 125 200 581 699 274 734 426 457 352 586 615 429 281 401 489 256 519 670 831 838 314 511 478 282 689 249 179 604 592 106 160 648 599 89 554 189 619 541 340 642 604
434 0 852 750 888 375 864 208 552 242 776 87 689 551 166 409 840 492 604 675 646 794 810 39 358 203 818 496 727 772 171 430 595 705 654 291 222 706 406 693 479 555 387 394 646 440 691 706 864 740 561 303 1022 425 426 384 460 133 587 772 764 608 786 260 199 542 1043 824 634 745 791 801 196 141 48 166 907 639 796 82 603 196 686 734 589 1026 171 599 224 325 760 574 232 826 577 178 183 347 281 464 831 525 597 535 354 280 434 789 808 371 416 451 497 790 283 296 625 604 641 322 769 295 154 685 404 724 143 54 671 339 709 319 652 231 234 355 723 587 761 567 761 261 744 582 124 791 726 415 598 787 560 520 870 485 256 533 1027 574 684 757 616 751 455 212 125 863 278 651 811 601 452 569 300 849 323 664 75 301 776 180 718 486 215 811 323 682 202 939 792 1041 252 660 792 254 964 514 553 369 367 527 587 770 312 401 225 600 299 703 774 753 313
801 852 0 103 87 858 145 824 348 1088 882 838 277 527 962 443 154 638 356 221 843 595 102 813 744 687 39 458 410 160 995 569 427 698 199 971 660 181 452 1001 892 370 965 626 300 411 235 323 376 1030 299 722 393 669 490 647 559 731 742 311 92 347 634 598 785 802 434 874 592 731 199 618 751 968 882 692 178 519 665 837 566 660 696 408 563 410 703 330 1070 597 629 438 711 568 492 1030 760 511 920 403 316 345 524 364 695 739 848 1058 647 620 449 939 855 894 1012 732 228 451 650 917 84 762 1006 397 619 680 720 859 430 820 232 586 649 891 1024 707 331 606 842 333 980 595 981 715 958 325 177 932 669 153 525 346 81 572 778 867 401 279 883 534 732 475 692 733 966 146 591 870 42 382 678 666 629 195 999 250 917 553 1016 818 190 395 921 772 537 944 1053 443 168 343 627 300 527 957 462 560 680 558 548 875 786 176 631 717 1078 740 677 285 932 171 637
722 750 103 0 164 773 188 721 251 985 836 737 207 443 859 341 181 566 290 134 783 570 96 711 658 588 68 379 379 145 894 474 365 653 100 877 557 121 349 938 814 277 878 542 219 309 159 286 383 970 197 622 441 590 390 550 481 628 680 270 42 262 604 495 690 733 480 834 540 690 195 593 648 865 780 591 234 447 636 734 488 559 648 379 484 456 600 241 967 504 595 372 609 550 410 927 663 408 827 307 320 243 466 266 597 638 768 1001 621 522 346 857 780 848 917 641 125 393 598 827 32 671 904 333 536 639 617 756 385 733 188 483 598 797 926 609 274 546 796 252 925 495 924 652 855 315 107 848 610 123 441 252 149 497 685 795 449 176 826 481 673 447 615 637 863 188 488 810 61 299 601 603 527 219 907 166 815 451 961 716 143 303 825 737 434 884 951 462 141 406 529 245 505 862 484 489 615 457 447 802 722 161 530 636 975 680 576 244 882 144 536
793 888 87 164 0 857 72 878 415 1128 840 866 359 604 1008 483 91 625 344 295 813 541 189 849 745 711 120 457 365 134 1022 638 407 658 238 982 708 186 500 973 881 441 967 626 378 450 314 288 306 999 354 783 307 664 552 714 554 773 716 398 131 424 582 642 803 783 348 827 559 687 152 564 803 1011 915 724 93 602 613 881 646 693 657 362 643 324 748 404 1110 612 580 422 765 509 571 1067 781 556 930 427 251 403 498 430 760 798 841 1023 593 684 500 933 841 851 1027 740 278 428 617 923 133 769 1040 482 619 637 762 900 395 823 213 641 614 906 1046 772 416 579 800 340 944 627 947 689 999 269 257 929 641 239 603 370 18 562 790 850 315 328 851 620 702 425 681 752 1006 73 639 841 118 460 668 642 686 126 1009 326 949 596 981 870 182 412 938 722 584 915 1086 366 255 256 652 282 471 971 383 546 657 618 607 859 761 145 689 713 1113 713 736 256 892 151 696
90 375 858 773 857 0 806 569 684 531 419 288 814 787 530 499 780 252 513 762 288 537 861 361 114 278 836 400 561 723 340 680 459 402 674 176 482 678 533 318 104 705 111 232 776 514 792 591 705 365 642 623 872 196 620 671 303 422 264 913 766 758 513 454 187 192 879 472 386 431 718 535 526 491 345 338 836 870 511 451 853 349 385 568 840 869 450 736 517 283 488 441 541 582 798 464 220 494 132 476 699 632 397 673 662 608 64 414 531 643 554 96 127 431 234 148 669 448 362 95 777 121 418 865 238 429 423 429 506 48 645 553 373 160 303 669 874 340 412 524 387 371 370 274 471 658 801 76 312 860 795 524 840 301 139 162 874 632 319 983 298 550 190 213 465 805 487 286 826 769 200 289 564 769 184 767 356 457 400 540 676 472 198 488 490 308 436 755 872 918 311 576 566 194 775 323 268 598 588 154 245 713 582 145 472 279 596 610 406 705 586
739 864 145 188 72 806 0 871 428 1106 770 835 395 628 992 468 26 567 293 322 747 469 241 824 695 679 168 410 296 91 990 648 350 588 234 939 696 160 491 908 824 457 917 578 407 435 347 224 235 933 357 784 254 611 556 721 503 755 652 447 147 449 510 627 765 721 294 756 493 616 89 492 794 992 887 698 48 635 541 863 676 667 588 292 672 270 733 426 1087 573 508 366 759 437 597 1043 745 544 886 400 179 406 435 442 765 797 786 955 521 690 495 878 783 781 985 696 279 368 550 876 155 724 1013 520 570 567 745 880 329 774 163 637 547 865 1009 777 459 516 730 302 876 602 879 625 979 197 293 877 577 288 628 343 67 507 747 790 263 325 784 665 637 354 626 715 985 1 628 775 162 486 613 579 683 54 964 354 922 580 912 861 146 380 899 650 572 849 1058 298 306 218 621 230 399 930 316 489 596 619 608 799 697 96 688 661 1087 648 735 197 823 110 695
614 208 824 721 878 569 871 0 484 318 947 288 606 408 169 405 850 631 659 617 820 909 760 210 527 330 786 574 803 782 359 296 673 848 640 500 178 712 379 887 673 473 594 527 565 438 622 759 926 934 525 129 1068 573 340 226 573 164 747 670 746 519 910 252 382 717 1096 989 758 892 813 920 78 201 254 264 918 491 926 125 444 276 830 810 432 1076 159 520 304 433 885 654 112 933 442 292 355 328 488 492 881 478 704 467 180 104 623 982 933 231 377 652 684 961 489 461 600 690 778 527 747 470 301 567 535 862 169 158 753 528 734 238 788 437 430 177 620 716 926 602 947 319 932 737 205 845 669 617 741 726 417 540 860 604 437 720 1075 549 863 604 772 843 609 373 219 870 244 830 781 500 602 713 195 868 532 597 268 299 965 29 730 523 423 960 300 870 343 1008 726 1071 349 702 893 463 1034 630 701 271 278 715 755 785 196 563 346 759 157 744 952 765 192
661 552 348 251 415 684 428 484 0 771 873 562 139 210 635 184 414 547 355 133 787 677 276 517 577 437 309 367 502 356 714 222 418 707 201 743 337 291 157 922 753 35 774 480 96 172 140 418 568 962 86 375 667 540 144 299 451 420 683 232 285 75 701 292 550 710 703 889 587 751 400 697 416 648 591 414 476 248 728 519 270 385 695 506 262 680 386 52 754 401 683 412 374 676 187 721 516 211 699 235 508 57 508 17 346 393 700 1002 722 271 140 778 731 887 770 537 153 448 637 712 282 565 705 188 479 703 410 545 478 637 344 249 642 658 759 358 190 572 838 282 935 331 929 658 641 486 185 759 629 242 211 221 399 481 565 757 675 124 834 332 688 566 576 499 651 428 274 810 306 97 562 612 288 445 776 114 624 258 967 482 317 259 677 811 231 877 753 654 244 646 385 355 628 719 679 487 616 213 206 760 717 365 287 573 773 688 331 383 907 343 293
611 242 1088 985 1128 531 1106 318 771 0 951 293 904 725 149 645 1082 708 846 901 819 1016 1040 282 556 441 1053 736 965 1014 192 610 834 911 892 379 435 947 637 827 627 768 493 620 861 678 912 948 1104 871 792 447 1264 639 634 544 691 356 781 977 1002 819 1004 490 403 721 1284 1004 855 947 1034 1021 363 123 229 408 1150 809 1010 253 763 439 892 972 751 1267 387 815 18 563 978 812 408 1052 758 70 402 578 404 706 1073 752 827 754 499 422 596 918 1025 545 643 577 659 963 334 504 860 840 854 448 1006 493 115 879 630 933 368 229 908 511 952 525 865 371 249 495 927 806 943 810 909 503 890 782 130 1033 952 541 807 1012 735 762 1110 713 453 693 1269 808 851 922 813 985 662 434 122 1105 500 818 1046 805 663 779 492 1091 396 886 199 534 916 306 960 728 333 1010 552 832 99 1177 1016 1284 494 902 1022 347 1201 742 761 569 571 683 771 1012 499 605 69 796 468 945 936 995 497
344 776 882 836 840 419 770 947 873 951 0 692 967 1043 939 717 749 340 550 892 131 316 932 753 421 618 878 506 475 722 759 964 475 183 762 583 814 715 765 204 329 906 478 437 942 712 928 559 568 200 800 966 705 380 876 984 430 784 205 1064 809 946 273 759 577 234 692 59 297 154 689 296 887 904 754 685 777 1110 246 844 1113 681 188 478 1101 693 801 918 937 539 266 474 889 362 1039 883 597 755 549 639 602 816 375 870 993 958 355 201 272 949 787 390 292 14 639 486 784 446 240 506 823 482 837 1060 432 203 781 828 453 442 652 853 238 579 717 1002 1041 302 40 609 123 666 137 223 884 574 911 422 244 953 1050 656 829 397 520 259 703 772 103 1206 189 418 342 575 879 769 790 134 868 971 351 264 880 718 579 910 770 738 157 919 698 614 617 145 766 154 855 569 971 777 615 590 383 609 577 387 265 884 870 270 191 706 898 383 891 195 927 598 58 711 904
348 87 838 737 866 288 835 288 562 293 692 0 702 592 248 400 810 418 562 677 561 725 806 79 276 156 806 448 673 743 157 473 543 627 639 218 258 680 408 606 392 571 305 326 659 429 697 662 814 653 558 367 976 349 450 438 397 172 505 790 747 625 714 272 116 457 994 740 563 666 757 730 261 216 66 149 876 680 722 165 649 180 609 680 636 978 210 613 276 273 688 521 290 759 614 223 108 351 200 438 786 527 533 547 415 347 347 702 736 419 422 365 410 705 222 216 614 548 566 238 754 212 184 712 336 647 178 141 616 252 675 352 577 148 196 419 743 515 677 533 674 243 657 502 196 745 726 330 521 788 602 496 847 420 172 446 980 565 598 799 535 691 377 141 193 834 298 565 798 623 375 492 342 815 252 669 93 304 688 259 690 455 140 731 332 595 226 885 795 1001 214 621 728 183 909 448 476 402 398 440 503 740 358 321 257 519 354 663 687 724 360
784 689 277 207 359 814 395 606 139 904 967 702 0 254 764 317 389 656 423 82 892 737 181 655 704 574 240 467 550 347 853 321 495 791 219 880 471 300 295 1035 877 135 907 600 43 299 49 458 583 1073 174 488 649 658 270 400 561 557 786 100 250 87 767 431 687 822 688 976 672 833 397 759 544 781 729 553 440 242 796 652 288 524 782 552 286 664 521 90 887 530 753 494 500 726 217 856 654 351 836 346 519 182 593 155 451 509 825 1109 786 381 280 907 852 980 908 668 185 525 727 847 240 698 842 125 598 783 546 681 540 768 367 379 730 796 898 461 75 665 929 358 1039 469 1035 761 775 507 102 890 726 134 250 314 348 587 700 874 657 196 938 275 788 618 691 636 785 395 411 916 241 114 677 712 414 427 913 57 762 398 1073 608 327 362 815 889 370 986 890 664 127 611 521 402 679 857 688 588 719 337 333 879 824 361 410 695 909 790 450 418 1005 342 414
786 551 527 443 604 787 628 408 210 725 1043 592 254 0 577 325 617 705 556 309 943 876 435 525 694 511 488 546 708 562 722 120 612 888 409 801 334 499 278 1063 872 175 859 620 227 333 292 627 778 1106 296 279 874 681 169 182 612 422 843 282 482 180 896 335 620 854 910 1065 770 933 608 895 366 605 597 464 676 88 922 490 70 443 874 712 58 887 383 202 710 524 877 603 324 878 39 691 584 298 767 411 718 255 694 202 230 304 817 1149 918 182 256 883 860 1057 814 640 362 641 816 791 475 665 689 168 622 888 414 524 679 738 555 241 822 719 782 237 234 748 1010 483 1090 415 1081 821 604 696 350 857 800 388 9 415 591 645 652 890 882 333 990 207 854 770 720 578 616 628 303 963 488 144 707 779 251 650 835 278 626 330 1119 419 526 442 726 997 297 1024 735 864 381 847 476 563 831 770 889 658 778 192 200 891 871 572 238 703 746 850 258 593 1070 551 237
595 166 962 859 1008 530 992 169 635 149 939 248 764 577 0 525 970 658 750 766 808 958 907 198 523 363 926 649 882 902 237 462 749 871 770 414 302 832 509 844 633 629 522 559 722 558 775 853 1015 891 663 298 1168 591 494 395 622 237 752 833 879 677 952 366 364 705 1192 988 798 912 926 965 220 47 185 313 1038 660 962 130 614 339 853 889 602 1174 260 675 136 484 925 728 264 989 610 134 349 452 420 597 978 620 759 617 350 273 591 939 974 398 513 596 655 953 385 462 734 760 807 463 882 459 158 733 569 890 248 123 827 498 845 386 818 374 310 346 783 752 925 705 917 399 900 748 63 939 818 559 764 877 586 651 990 648 420 691 1174 683 845 773 782 910 621 378 75 991 370 812 920 661 619 735 350 983 440 749 176 412 929 158 848 623 347 977 425 839 189 1093 879 1181 405 802 954 377 1118 677 720 426 431 684 751 901 355 567 184 766 321 845 934 883 352
479 409 443 341 483 499 468 405 184 645 717 400 317 325 525 0 446 380 269 279 619 569 405 370 393 260 409 225 423 378 557 260 306 564 246 564 229 308 48 747 571 206 590 302 277 33 302 363 529 789 158 337 664 363 162 305 287 290 518 414 356 258 583 159 371 535 693 740 449 610 407 585 328 527 440 251 514 394 607 397 395 220 550 429 383 673 265 237 627 217 562 292 296 579 323 586 339 77 519 99 480 135 375 173 335 345 517 830 606 268 69 594 551 732 595 352 216 332 492 529 361 381 562 367 302 566 278 416 382 453 329 186 498 480 593 347 374 423 685 203 768 158 760 496 516 446 326 575 474 388 332 135 465 319 382 578 671 165 667 498 528 475 401 319 523 467 161 640 402 272 387 453 231 462 596 276 475 112 798 393 325 133 502 675 105 705 610 614 396 665 204 302 533 543 640 332 453 191 177 580 548 379 242 392 634 525 287 342 745 360 249
712 840 154 181 91 780 26 850 414 1082 749 810 389 617 970 446 0 541 267 314 723 450 244 800 669 654 171 384 274 68 965 633 324 566 217 912 675 138 471 884 798 444 890 551 398 413 340 199 222 909 340 765 259 584 539 705 476 733 628 446 139 439 490 605 739 696 298 735 469 595 63 473 773 969 863 674 68 627 522 840 666 643 566 270 661 275 711 415 1064 547 488 340 738 419 586 1018 719 522 859 376 163 389 410 427 748 778 760 932 502 672 475 852 757 759 959 670 263 342 526 850 149 698 989 514 543 545 722 856 305 748 137 618 523 839 984 760 455 491 708 277 853 578 856 600 955 177 288 851 552 289 616 320 82 481 721 765 268 307 760 662 612 333 600 689 961 24 607 751 164 476 587 554 663 41 938 345 897 558 889 839 122 355 873 630 550 825 1034 291 307 231 596 203 380 904 310 463 570 601 589 774 672 70 669 635 1062 624 716 171 801 86 676
173 492 638 566 625 252 567 631 547 708 340 418 656 705 658 380 541 0 282 589 239 308 660 460 161 302 623 191 309 491 535 624 217 217 475 414 482 457 427 379 256 577 362 103 625 379 623 346 453 417 482 633 620 69 537 645 95 466 137 755 551 622 296 422 304 168 628 370 147 261 478 312 564 632 484 366 593 775 304 543 775 355 199 316 763 617 476 595 691 203 269 202 559 347 703 637 310 414 362 312 448 490 145 541 656 627 220 454 317 610 449 312 216 355 470 204 484 200 150 338 564 218 594 736 96 233 461 536 255 233 412 513 160 363 522 666 726 98 311 315 388 330 382 117 613 407 618 315 110 670 712 342 609 69 257 229 622 460 287 876 151 300 61 279 611 566 452 262 612 643 52 82 543 526 431 602 510 398 420 605 449 293 404 329 425 331 627 505 685 666 284 342 323 420 526 79 75 544 530 236 169 479 560 113 661 145 591 370 365 474 566
449 604 356 290 344 513 293 659 355 846 550 562 423 556 750 269 267 282 0 344 493 322 386 565 402 406 342 118 155 210 712 520 75 371 212 647 480 175 312 648 538 390 623 284 403 243 380 102 267 680 270 605 418 319 417 573 210 516 390 516 270 418 347 406 479 446 441 555 253 411 206 342 581 741 620 440 326 603 376 621 622 412 363 160 612 423 504 389 828 290 331 82 555 322 540 779 463 342 593 170 227 302 176 357 604 610 496 711 367 536 328 588 499 563 695 404 237 104 310 583 283 432 745 528 276 360 506 630 123 480 131 455 311 575 724 616 498 256 512 73 635 351 634 362 726 188 360 585 320 404 560 143 328 217 457 511 423 236 536 681 383 213 337 432 729 292 420 520 331 449 324 313 498 261 671 365 653 361 671 642 166 137 611 466 368 593 788 349 421 439 352 63 274 640 375 203 325 459 445 519 432 200 510 369 818 389 555 102 594 193 517
726 675 221 134 295 762 322 617 133 901 892 677 82 309 766 279 314 589 344 0 821 656 142 639 650 540 182 398 468 267 832 350 417 714 137 842 466 218 269 968 819 150 860 541 84 255 36 375 501 1005 122 508 573 597 278 429 495 546 716 172 175 128 686 415 649 757 612 899 595 755 317 678 549 778 711 528 369 313 716 647 353 497 706 470 349 588 513 109 883 480 672 418 507 644 275 848 619 329 795 287 437 150 517 150 478 527 768 1040 704 403 259 853 791 905 875 620 107 448 651 803 167 650 829 204 538 705 535 673 459 718 284 381 654 759 872 489 157 591 854 282 968 437 965 690 770 425 51 839 653 111 307 247 282 519 656 812 582 131 867 357 716 536 628 597 779 322 400 847 180 164 614 641 421 350 874 31 746 375 1002 615 245 298 782 810 352 918 878 583 117 541 483 320 597 822 607 518 649 347 339 817 755 280 421 637 899 719 465 335 932 260 426
212 646 843 783 813 288 747 820 787 819 131 561 892 943 808 619 723 239 493 821 0 339 879 624 293 494 833 424 454 685 628 857 418 180 700 455 695 666 665 161 202 817 354 325 863 619 856 525 573 187 719 846 726 265 774 871 335 659 105 991 762 861 301 644 446 104 721 184 253 184 660 326 763 773 623 562 762 1014 284 714 1013 560 171 459 1000 718 678 834 805 426 283 411 767 388 943 752 468 648 418 551 593 729 319 781 875 836 224 218 309 837 687 267 162 144 512 358 715 391 197 377 775 352 705 975 321 210 657 698 417 311 610 740 202 448 588 884 963 237 126 541 148 550 143 131 753 559 846 297 173 895 950 577 799 306 390 131 726 695 47 1116 111 410 225 447 747 745 676 28 822 883 236 180 765 698 454 837 638 627 181 792 653 530 486 220 656 102 724 593 911 790 496 543 394 479 606 303 172 775 762 143 71 671 782 259 760 103 809 559 132 671 788
447 794 595 570 541 537 469 909 677 1016 316 725 737 876 958 569 450 308 322 656 339 0 662 760 467 595 599 347 190 437 844 828 264 158 518 711 742 449 617 491 498 712 638 399 722 550 692 284 253 503 592 885 391 378 728 872 338 748 285 825 536 740 43 672 613 369 383 291 161 165 396 23 836 935 791 652 469 925 72 838 943 634 169 190 933 381 750 711 999 478 55 276 821 49 862 945 616 631 662 471 293 624 205 679 895 885 487 514 51 834 635 566 449 323 768 512 552 237 175 631 550 527 903 848 389 128 741 835 199 532 381 744 164 669 827 907 813 210 277 395 434 591 442 267 917 272 661 583 225 692 880 461 532 309 566 437 390 557 360 1002 254 122 361 584 916 468 695 365 589 772 357 248 783 415 722 680 817 635 470 886 427 438 710 182 652 430 936 256 711 461 562 335 70 722 267 282 269 759 744 449 322 420 797 418 970 273 837 326 373 430 804
813 810 102 96 189 861 241 760 276 1040 932 806 181 435 907 405 244 660 386 142 879 662 0 773 747 662 73 471 472 228 962 490 461 749 187 958 606 217 404 1034 906 291 964 631 210 377 145 379 461 1067 249 651 493 681 420 570 573 684 776 208 125 260 697 551 767 828 534 930 636 785 275 685 691 918 844 657 279 420 729 787 469 626 744 471 468 510 652 247 1022 587 689 468 649 640 399 985 739 464 909 388 399 287 562 293 619 670 859 1097 713 545 396 947 873 944 994 726 195 489 694 911 111 756 965 297 626 734 673 811 481 820 282 523 694 876 998 630 229 642 892 345 1021 563 1021 748 909 400 91 937 706 51 432 336 182 591 767 889 502 241 922 431 769 539 708 715 918 241 539 906 80 292 694 699 564 285 988 166 879 509 1057 758 236 389 902 832 488 980 1013 534 66 445 603 341 595 940 554 584 711 490 482 896 818 244 564 726 1035 776 608 338 978 232 569
413 39 813 711 849 361 824 210 517 282 753 79 655 525 198 370 800 460 565 639 624 760 773 0 333 166 780 458 689 733 199 405 557 675 615 296 193 666 369 679 465 521 384 361 612 402 655 667 826 726 523 290 983 395 394 365 424 103 560 739 725 575 754 224 178 520 1004 799 600 716 751 767 183 178 74 126 868 614 764 91 580 157 657 696 567 987 142 565 263 288 727 536 214 791 550 218 156 310 279 424 792 488 561 500 339 269 417 775 776 348 379 442 479 767 295 269 586 566 610 316 730 271 192 655 371 693 112 76 633 322 669 290 621 227 256 342 691 554 737 527 743 222 727 554 161 752 689 407 567 750 535 481 831 450 234 515 988 535 664 732 588 715 426 182 164 823 244 631 772 569 423 539 274 809 329 628 107 263 760 181 678 446 218 783 287 665 240 901 756 1002 213 620 757 260 926 479 524 340 337 510 563 730 288 374 264 574 280 663 753 714 289
93 358 744 658 745 114 695 527 577 556 421 276 704 694 523 393 669 161 402 650 293 467 747 333 0 205 722 287 462 611 377 594 352 354 560 255 411 564 430 375 178 600 222 118 667 406 680 484 608 421 531 560 775 94 525 595 193 367 229 803 652 652 450 370 159 189 785 466 307 391 607 469 472 492 341 272 727 774 454 422 762 274 335 470 749 774 389 629 540 176 424 333 479 508 701 486 176 396 202 363 596 524 302 566 593 548 123 467 471 563 451 203 168 435 309 66 556 344 298 183 663 64 441 761 125 376 366 408 406 78 533 469 310 202 361 601 766 259 403 410 422 280 409 227 472 555 688 190 250 746 702 410 727 195 104 201 778 519 335 885 259 461 107 154 468 694 403 302 712 665 110 223 487 660 274 656 362 364 444 499 563 358 243 456 397 348 470 665 759 817 220 465 485 258 686 221 204 511 499 200 229 602 505 49 506 243 526 500 424 593 510
298 203 687 588 711 278 679 330 437 441 618 156 574 511 363 260 654 302 406 540 494 595 662 166 205 0 656 294 524 588 311 402 392 520 488 306 206 525 279 579 372 451 348 200 533 286 563 507 662 625 418 354 822 243 349 393 258 166 417 669 595 506 591 176 113 392 842 659 437 563 601 604 269 344 213 67 720 596 604 242 576 71 502 531 563 826 184 489 423 122 565 371 274 625 525 373 79 229 263 284 632 394 395 423 388 342 318 672 613 364 297 374 372 633 335 141 467 400 452 281 602 159 338 605 209 535 162 240 468 231 519 274 462 221 337 396 625 393 597 377 628 105 615 406 327 591 586 346 412 648 520 342 693 286 141 406 827 420 538 712 441 548 279 67 329 678 209 506 648 511 272 384 286 658 339 536 246 186 650 303 534 299 242 631 219 553 381 736 657 845 59 464 590 282 761 313 372 320 311 403 427 584 304 235 412 429 321 507 627 568 309
783 818 39 68 120 836 168 786 309 1053 878 806 240 488 926 409 171 623 342 182 833 599 73 780 722 656 0 439 411 162 963 530 415 695 168 944 624 167 417 990 874 331 943 604 261 378 196 320 391 1021 263 684 421 650 451 608 540 696 731 279 71 309 636 563 757 789 461 873 585 729 206 622 714 933 849 659 206 482 668 802 528 628 691 409 525 438 667 291 1035 571 629 424 674 575 454 996 731 475 894 375 329 308 514 325 656 701 829 1050 651 581 413 919 838 890 984 707 193 441 643 893 59 737 972 362 598 678 685 824 425 797 225 548 643 864 994 668 296 596 838 312 972 563 973 704 923 333 139 911 659 121 486 319 110 555 752 852 429 244 875 501 722 477 674 705 931 168 555 861 10 344 660 655 591 213 973 211 884 519 1008 781 181 369 893 773 502 934 1020 462 138 375 597 290 531 929 482 545 668 519 510 859 774 178 593 697 1044 730 638 280 926 169 599
343 496 458 379 457 400 410 574 367 736 506 448 467 546 649 225 384 191 118 398 424 347 471 458 287 294 439 0 232 324 595 485 100 342 285 528 400 278 274 570 435 400 509 168 438 212 432 214 368 607 295 538 528 211 387 524 101 421 319 566 368 440 359 327 361 360 547 522 224 387 324 363 497 636 508 335 445 607 382 521 615 310 329 240 604 531 415 412 718 174 337 80 478 364 538 668 347 283 475 135 338 310 149 364 547 540 389 642 382 487 294 480 401 520 576 286 293 116 271 466 380 314 632 554 161 342 412 526 179 365 247 396 277 456 606 559 538 204 470 126 572 255 568 293 619 297 426 474 262 479 551 152 440 121 338 418 532 270 471 699 322 269 236 314 622 409 348 449 428 465 222 246 435 379 553 412 540 288 606 554 276 108 492 451 304 520 673 443 494 554 244 182 321 521 468 121 252 412 398 424 357 316 449 258 705 323 490 221 541 306 457
480 727 410 379 365 561 296 803 502 965 475 673 550 708 882 423 274 309 155 468 454 190 472 689 462 524 411 232 0 250 813 675 132 292 331 717 627 259 467 615 556 538 671 358 538 398 504 94 145 638 416 757 312 368 573 728 280 653 365 636 346 560 225 553 575 441 325 464 202 321 214 213 726 867 735 568 308 750 256 754 772 543 292 7 763 312 645 531 947 401 218 153 704 176 690 895 567 495 664 324 142 452 163 506 758 761 527 659 241 691 483 617 510 485 771 485 368 124 256 644 361 508 857 665 348 271 644 759 57 539 191 608 252 657 814 770 626 234 434 227 579 487 583 339 851 105 471 623 289 502 711 297 354 267 541 512 316 379 489 819 345 68 370 534 853 295 569 482 401 593 360 296 651 245 736 494 766 510 616 784 236 290 696 361 519 555 897 212 521 358 476 149 128 718 236 241 316 614 599 522 410 234 663 418 929 359 707 136 527 242 671
659 772 160 145 134 723 91 782 356 1014 722 743 347 562 902 378 68 491 210 267 685 437 228 733 611 588 162 324 250 0 899 571 274 538 155 851 607 71 404 845 747 387 833 493 351 345 298 162 238 873 278 700 311 529 475 641 420 664 587 415 105 387 474 537 675 651 348 714 433 570 50 460 705 900 795 607 136 579 506 772 615 576 535 248 609 324 643 362 996 483 468 288 671 412 534 951 654 455 798 308 174 327 368 367 684 712 707 899 488 609 408 799 707 733 896 609 202 296 491 791 118 637 921 472 485 520 654 788 270 689 79 551 489 776 919 696 418 450 681 211 820 510 822 559 887 172 251 795 512 265 562 252 117 428 659 718 319 244 725 623 574 315 547 624 893 90 539 713 152 424 534 511 597 89 877 299 830 490 857 771 54 288 809 612 483 787 967 317 284 294 529 149 369 841 340 412 526 536 524 726 631 16 603 579 995 584 650 125 771 19 610
423 171 995 894 1022 340 990 359 714 192 759 157 853 722 237 557 965 535 712 832 628 844 962 199 377 311 963 595 813 899 0 601 686 728 796 189 392 836 562 635 434 720 302 457 810 586 850 810 957 679 714 469 1121 465 594 554 533 302 595 938 904 774 828 421 237 531 1137 813 683 763 911 846 364 190 125 305 1030 810 831 240 774 336 710 821 760 1123 341 763 180 421 801 665 402 883 748 130 248 504 211 594 933 681 665 698 521 445 404 727 848 542 575 385 467 771 150 333 771 688 676 255 911 316 86 855 467 752 312 205 756 324 829 489 687 181 73 521 890 634 752 688 717 400 698 599 174 891 881 348 627 943 732 652 1004 551 278 500 1125 722 658 928 628 825 484 280 162 989 443 626 955 768 486 600 471 968 209 823 96 457 723 333 845 610 142 823 483 639 96 1024 950 1150 370 772 856 155 1047 579 581 539 537 491 582 894 484 426 131 610 469 814 743 879 484
687 430 569 474 638 680 648 296 222 610 964 473 321 120 462 260 633 624 520 350 857 828 490 405 594 402 530 485 675 571 601 0 565 820 416 684 215 502 211 967 770 199 746 531 283 278 346 604 765 1012 292 170 879 592 102 79 536 302 761 375 507 233 843 225 507 763 913 992 707 866 612 845 248 488 477 349 697 208 867 371 177 332 805 680 163 891 263 242 594 431 822 552 204 837 149 572 471 209 652 357 709 244 634 207 130 194 715 1056 866 64 193 776 762 979 695 536 369 591 747 678 504 559 569 270 535 824 294 404 638 632 547 127 755 603 661 140 324 679 934 448 1002 313 991 741 486 681 399 748 726 449 130 377 622 570 543 793 887 327 904 327 775 731 631 468 498 648 192 875 527 208 620 702 130 660 718 324 505 230 1028 304 527 390 609 932 200 933 616 852 446 864 373 540 791 653 877 586 699 82 95 793 785 578 117 608 627 769 141 575 987 557 117
388 595 427 365 407 459 350 673 418 834 475 543 495 612 749 306 324 217 75 417 418 264 461 557 352 392 415 100 132 274 686 565 0 297 287 604 498 248 353 575 474 452 570 239 473 286 453 132 271 606 336 632 434 263 464 611 160 521 316 589 343 485 284 424 450 376 451 481 178 338 260 282 596 735 604 435 377 665 310 621 680 410 288 139 670 436 514 455 815 270 265 21 575 273 599 765 439 373 550 207 247 363 101 418 638 635 436 636 305 574 371 528 433 488 655 365 310 30 235 535 357 390 728 596 230 288 512 626 79 431 196 486 236 538 692 649 569 181 437 137 560 356 559 288 718 206 435 528 245 479 617 198 392 158 420 443 438 303 461 748 308 171 276 406 721 348 443 445 404 514 263 239 528 310 626 438 636 383 596 653 236 174 575 395 395 519 768 344 496 467 344 126 227 601 369 139 253 498 483 451 359 262 541 314 800 315 583 153 518 259 548
312 705 698 653 658 402 588 848 707 911 183 627 791 888 871 564 566 217 371 714 180 158 749 675 354 520 695 342 292 538 728 820 297 0 582 578 696 532 613 335 348 740 495 321 769 554 750 375 397 351 629 846 546 280 726 850 287 683 138 887 626 777 121 633 511 219 540 184 119 45 506 146 780 843 693 584 598 949 111 760 957 572 18 296 946 537 693 748 895 418 103 298 774 208 880 840 521 612 532 477 424 650 199 705 865 841 345 369 134 814 634 417 300 195 636 410 607 266 73 497 640 418 796 890 313 30 678 751 269 406 469 718 65 548 703 876 866 141 143 433 288 543 294 129 823 394 730 438 107 772 894 486 646 253 458 283 546 598 205 1039 104 239 250 493 821 587 660 207 684 804 252 136 751 537 585 734 716 604 325 823 514 448 589 113 627 274 823 413 789 613 500 407 215 594 425 234 151 743 729 296 169 522 768 306 859 124 802 414 234 527 775
626 654 199 100 238 674 234 640 201 892 762 639 219 409 770 246 217 475 212 137 700 518 187 615 560 488 168 285 331 155 796 416 287 582 0 777 469 90 262 852 719 233 778 444 210 214 173 238 373 886 123 550 466 494 322 487 386 536 595 307 110 240 549 404 589 644 502 766 465 622 199 540 565 774 683 493 282 433 579 643 465 461 575 332 458 479 510 212 874 403 536 290 527 507 383 832 562 317 726 206 310 172 388 212 531 563 671 919 567 455 262 760 686 775 816 541 47 316 522 727 115 571 807 337 439 571 525 663 323 633 150 404 523 696 826 543 295 465 724 160 845 396 843 568 763 293 148 750 529 195 410 151 220 406 585 703 474 91 744 491 591 399 521 536 770 233 401 726 159 276 507 519 449 245 806 163 718 358 880 632 117 202 724 675 345 799 854 458 211 448 428 183 459 761 482 400 529 385 373 710 636 164 454 539 880 596 501 199 805 142 461
266 291 971 877 982 176 939 500 743 379 583 218 880 801 414 564 912 414 647 842 455 711 958 296 255 306 944 528 717 851 189 684 604 578 777 0 470 797 585 447 254 757 113 364 839 587 867 735 863 491 720 586 1030 349 649 655 443 388 440 975 878 812 688 470 193 366 1041 639 556 607 853 709 480 369 247 339 973 889 687 374 862 364 561 725 848 1029 426 795 368 373 663 584 508 755 820 319 226 534 53 570 850 699 557 729 634 565 235 539 707 634 603 199 293 594 58 242 763 598 536 80 887 214 274 908 374 605 394 343 661 181 775 559 547 84 134 637 930 508 581 642 531 411 512 450 351 808 887 163 486 948 811 625 964 450 192 324 1033 718 480 1007 474 715 354 245 341 937 500 449 935 815 362 462 556 907 34 841 241 489 536 472 800 576 78 663 521 455 280 919 958 1071 359 710 735 37 940 476 441 609 603 313 419 843 572 300 314 455 572 748 562 832 575
504 222 660 557 708 482 696 178 337 435 814 258 471 334 302 229 675 482 480 466 695 742 606 193 411 206 624 400 627 607 392 215 498 696 469 470 0 537 208 786 579 336 538 379 428 262 477 581 747 832 361 151 890 434 204 190 412 90 610 550 578 388 747 74 300 594 917 850 597 741 636 755 100 312 266 144 743 422 765 182 392 136 679 633 378 897 51 381 417 279 722 479 79 763 357 384 265 152 440 314 702 318 537 319 182 145 525 878 770 165 211 575 578 829 480 347 433 517 624 468 581 365 371 462 386 707 80 209 578 435 557 97 633 390 448 190 501 559 789 424 832 153 819 595 304 666 517 545 592 577 344 361 690 445 342 612 896 381 740 541 631 669 472 268 314 695 68 709 617 378 463 565 86 692 504 450 297 120 855 164 554 344 394 809 124 759 420 830 580 894 199 523 721 438 856 469 557 146 144 610 626 609 102 436 437 621 115 566 828 589 106
620 706 181 121 186 678 160 712 291 947 715 680 300 499 832 308 138 457 175 218 666 449 217 666 564 525 167 278 259 71 836 502 248 532 90 797 537 0 333 823 710 324 786 446 297 275 251 165 284 854 210 629 377 488 406 572 378 595 564 379 95 329 483 467 617 622 412 713 420 568 109 472 635 832 730 541 206 522 515 703 555 509 527 259 549 389 573 302 928 426 474 257 600 432 473 884 594 384 745 242 221 258 347 301 613 641 666 883 500 538 337 758 673 727 841 556 137 274 478 740 109 585 856 422 439 517 584 720 264 641 68 480 478 720 859 625 374 429 675 155 806 444 806 536 819 206 213 752 492 243 500 185 168 390 605 686 385 174 708 575 555 328 510 565 826 159 468 693 156 366 496 487 526 159 824 247 765 420 842 701 27 226 752 616 412 767 902 368 261 364 466 124 386 786 392 378 500 466 453 694 607 75 532 536 929 563 579 123 761 54 539
518 406 452 349 500 533 491 379 157 637 765 408 295 278 509 48 471 427 312 269 665 617 404 369 430 279 417 274 467 404 562 211 353 613 262 585 208 333 0 790 609 173 619 345 253 69 288 403 569 832 155 299 698 406 113 260 334 280 565 389 370 227 632 147 392 579 729 788 497 658 436 634 303 516 441 259 539 349 656 385 348 229 599 473 336 708 250 209 619 255 610 340 267 626 277 581 359 59 542 145 517 119 423 143 293 309 554 874 654 223 22 629 591 779 613 385 225 379 540 556 373 413 560 331 346 615 269 407 428 486 361 149 547 501 604 305 345 472 733 244 813 174 805 543 506 485 320 607 522 381 285 174 483 367 410 619 705 173 713 456 576 522 444 343 514 491 139 686 410 236 431 501 194 491 618 261 476 105 842 370 353 179 520 724 85 749 609 654 387 695 228 341 580 561 680 381 500 146 132 621 594 407 203 432 631 572 249 380 792 387 210
282 693 1001 938 973 318 908 887 922 827 204 606 1035 1063 844 747 884 379 648 968 161 491 1034 679 375 579 990 570 615 845 635 967 575 335 852 447 786 823 790 0 214 950 334 445 1004 751 1002 685 732 46 861 933 882 383 893 971 474 735 259 1135 919 998 450 746 504 212 874 260 414 328 821 475 840 804 661 644 923 1139 429 770 1132 649 329 620 1119 872 760 972 815 538 436 566 852 540 1067 765 534 764 427 690 753 866 477 915 968 919 264 95 455 939 812 250 207 207 496 438 863 549 358 382 932 422 719 1111 444 363 735 748 578 359 769 845 362 470 580 976 1104 395 229 692 96 654 76 286 784 720 996 287 332 1047 1071 722 959 449 451 174 881 840 130 1245 271 570 346 521 776 906 779 132 979 1017 360 335 863 859 433 981 668 737 90 858 811 672 500 343 768 60 728 748 1063 948 595 701 551 480 758 451 323 884 872 175 216 831 881 360 761 260 901 719 154 831 886
93 479 892 814 881 104 824 673 753 627 329 392 877 872 633 571 798 256 538 819 202 498 906 465 178 372 874 435 556 747 434 770 474 348 719 254 579 710 609 214 0 777 152 278 842 581 851 602 695 261 703 723 859 224 703 766 333 523 213 977 803 828 467 545 290 129 861 385 363 369 735 491 627 593 448 435 849 953 459 556 940 443 333 563 927 854 550 805 614 353 445 459 641 546 880 561 321 575 222 532 698 699 395 743 760 708 55 309 482 736 630 68 48 340 310 233 721 456 325 179 815 213 515 938 281 377 523 533 506 145 668 644 335 260 388 767 941 323 328 562 285 457 267 231 573 659 854 94 279 910 881 574 865 320 238 70 860 688 226 1064 245 533 200 310 566 823 578 194 863 843 214 263 659 783 251 827 458 542 296 644 704 522 294 417 575 206 529 735 924 913 397 598 538 281 752 335 242 687 676 59 179 736 676 182 564 225 693 627 309 731 681
686 555 370 277 441 705 457 473 35 768 906 571 135 175 629 206 444 577 390 150 817 712 291 521 600 451 331 400 538 387 720 199 452 740 233 757 336 324 173 950 777 0 793 506 93 199 149 454 603 991 122 359 699 567 135 278 481 422 713 219 313 54 736 298 565 738 735 922 620 784 433 733 409 645 595 424 505 212 763 517 235 396 728 541 227 712 386 46 751 424 718 446 365 711 152 720 531 223 715 266 542 90 542 35 327 379 724 1031 757 253 154 801 757 920 782 558 186 482 670 730 308 586 707 160 506 736 412 545 514 658 379 243 675 672 768 338 173 604 870 317 966 346 959 689 639 520 200 780 661 253 177 255 426 511 583 783 707 159 864 300 719 602 603 516 649 457 276 839 328 66 590 643 279 476 790 125 628 269 997 474 350 292 689 845 239 906 755 689 252 676 402 390 663 732 714 519 646 203 198 786 746 397 277 598 773 718 318 419 938 376 281
193 387 965 878 967 111 917 594 774 493 478 305 907 859 522 590 890 362 623 860 354 638 964 384 222 348 943 509 671 833 302 746 570 495 778 113 538 786 619 334 152 793 0 340 868 608 888 702 814 378 739 667 981 307 697 727 413 465 357 1005 874 847 611 523 238 276 988 536 491 518 828 633 563 479 347 396 947 944 605 469 923 415 478 678 909 978 499 827 482 380 587 552 586 684 873 432 274 574 105 577 809 725 507 762 711 648 151 425 627 702 639 88 197 489 163 240 771 559 463 69 884 210 387 950 348 523 468 441 617 145 755 619 473 156 246 716 964 446 480 632 419 449 400 371 460 769 902 57 413 961 868 628 950 412 209 222 983 732 375 1060 390 658 300 281 450 915 555 345 932 855 310 393 623 880 101 863 347 534 423 565 785 576 176 569 567 344 394 863 973 1029 391 687 671 147 882 434 371 667 658 211 328 824 640 256 427 370 647 721 453 815 644
184 394 626 542 626 232 578 527 480 620 437 326 600 620 559 302 551 103 284 541 325 399 631 361 118 200 604 168 358 493 457 531 239 321 444 364 379 446 345 445 278 506 340 0 565 307 573 370 504 487 425 531 670 61 450 547 79 362 231 700 534 555 392 322 219 234 683 471 239 365 490 406 460 536 392 263 610 694 404 442 690 251 303 366 677 670 372 530 602 102 366 219 456 433 622 549 217 323 311 254 486 424 208 471 556 524 227 529 414 513 367 315 252 451 415 126 443 235 252 298 545 151 508 667 10 335 357 437 301 196 415 416 262 299 455 565 665 193 410 292 470 229 461 216 517 445 577 306 214 633 627 297 609 94 182 276 674 410 372 800 251 368 100 185 517 576 353 343 594 572 88 186 443 544 387 549 420 302 499 501 444 244 337 433 331 404 544 567 647 707 180 348 402 361 590 122 177 449 436 280 253 484 460 95 578 242 490 384 455 475 467
749 646 300 219 378 776 407 565 96 861 942 659 43 227 722 277 398 625 403 84 863 722 210 612 667 533 261 438 538 351 810 283 473 769 210 839 428 297 253 1004 842 93 868 565 0 261 65 448 581 1042 143 448 658 624 227 363 530 514 758 136 260 49 750 388 646 791 696 953 649 811 399 744 502 738 686 511 453 228 779 609 269 481 759 541 265 673 478 46 844 492 735 471 458 714 192 813 613 308 795 313 518 143 570 112 413 469 789 1080 770 341 237 870 817 956 867 630 170 504 703 807 252 659 799 126 564 762 503 638 524 730 361 336 706 754 856 423 100 639 905 336 1011 428 1006 732 732 503 122 852 700 166 224 286 365 557 660 841 666 170 909 281 760 605 659 595 742 407 368 887 261 82 644 685 372 434 872 52 719 355 1044 566 324 332 774 869 327 956 847 665 163 625 480 389 667 815 689 560 690 295 290 845 794 363 369 660 866 762 409 409 979 343 373
489 440 411 309 450 514 435 438 172 678 712 429 299 333 558 33 413 379 243 255 619 550 377 402 406 286 378 212 398 345 586 278 286 554 214 587 262 275 69 751 581 199 608 307 261 0 280 334 500 792 132 366 633 368 177 329 284 323 516 398 324 247 567 192 394 539 662 733 437 599 374 568 360 560 471 281 481 397 592 430 403 250 541 404 391 642 298 223 660 231 546 274 328 558 327 618 364 109 541 79 450 118 361 163 362 375 528 832 589 293 85 608 559 727 620 369 185 313 483 549 328 398 594 359 307 554 311 449 360 469 297 215 488 504 621 374 360 415 679 175 768 186 761 493 549 417 300 590 468 362 339 105 432 315 402 584 640 135 666 496 525 453 404 342 556 434 194 641 370 265 391 449 260 430 619 254 505 145 799 426 292 112 527 663 137 707 641 586 371 633 228 272 512 567 612 325 450 215 201 588 548 347 270 400 666 522 316 312 743 327 277
757 691 235 159 314 792 347 622 140 912 928 697 49 292 775 302 340 623 380 36 856 692 145 655 680 563 196 432 504 298 850 346 453 750 173 867 477 251 288 1002 851 149 888 573 65 280 0 411 533 1039 149 509 600 629 282 425 529 560 751 136 201 114 722 430 674 791 639 935 632 791 348 714 556 789 728 547 392 288 752 659 332 517 742 505 329 616 526 103 895 509 708 454 513 680 257 861 642 346 821 318 470 169 553 157 475 529 799 1075 740 402 275 884 823 941 898 648 143 484 687 830 192 678 844 174 570 741 549 686 496 747 319 389 690 783 892 486 122 627 890 318 1004 459 1000 725 782 458 57 868 689 104 290 280 302 553 683 845 609 163 902 325 751 572 661 622 791 347 413 881 196 148 647 676 427 378 899 27 762 393 1037 622 278 331 805 846 368 953 893 615 104 564 507 356 632 846 638 553 684 351 345 850 790 312 425 668 913 754 467 370 968 292 430
