82
0 182 375 535 277 474 423 431 469 617 148 455 317 438 314 565 248 422 421 460 295 586 616 594 285 98 371 388 157 520 471 165 277 314 411 409 416 301 50 137 638 579 351 490 432 427 366 295 534 361 449 201 291 531 355 622 360 252 167 253 212 501 527 546 580 583 459 576 205 321 208 584 446 250 630 529 270 267 549 339 401 238
182 0 193 606 454 377 266 480 371 756 256 272 200 257 488 385 302 259 288 634 468 752 609 516 467 270 551 547 189 344 650 331 232 435 593 272 527 435 227 287 528 612 529 431 592 413 379 460 351 187 296 374 226 364 221 524 491 118 19 372 50 493 497 653 398 729 523 739 366 409 44 531 510 242 521 655 452 450 387 508 565 271
375 193 0 704 647 330 195 572 324 907 438 83 197 65 681 192 456 122 208 815 660 925 634 471 659 457 745 735 335 191 836 523 300 585 786 245 693 616 420 465 438 677 715 422 780 503 495 638 164 107 172 567 275 238 175 452 644 168 207 549 166 530 509 780 205 886 660 910 544 539 170 514 649 373 432 798 645 642 228 687 739 388
535 606 704 0 623 477 861 132 479 315 673 778 511 736 653 818 781 643 558 462 657 455 259 457 525 468 640 767 420 896 522 616 404 249 589 877 889 762 552 413 575 125 469 381 795 962 902 384 851 768 623 609 429 938 545 528 244 544 587 747 584 244 308 137 855 334 974 429 393 214 585 382 960 783 569 213 563 553 705 399 376 335
277 454 647 623 0 729 656 568 725 554 240 724 588 712 38 839 316 699 692 305 34 446 791 831 108 230 101 145 399 772 281 128 525 376 174 623 285 172 228 267 893 711 202 721 180 501 425 244 800 615 725 81 546 769 628 870 383 529 442 204 489 689 733 569 851 506 407 448 239 436 484 803 395 390 886 514 63 72 826 250 308 447
474 377 330 477 729 0 525 358 5 756 606 372 176 326 768 364 675 218 122 769 755 837 324 144 689 499 805 857 330 498 812 637 204 482 809 570 884 775 522 469 164 405 702 108 900 786 756 602 424 432 177 665 184 557 166 149 534 259 371 722 327 246 201 592 406 754 897 815 528 405 333 186 885 619 156 641 698 691 233 647 676 296
423 266 195 861 656 525 0 731 519 1022 418 186 378 221 684 300 387 316 404 884 659 1009 821 667 698 521 758 708 453 134 892 528 463 701 818 63 617 574 454 547 630 850 774 614 750 358 376 717 212 96 365 575 444 113 365 647 757 321 286 505 278 712 698 918 282 994 547 998 624 673 277 708 539 292 625 921 673 673 399 762 823 529
431 480 572 132 568 358 731 0 358 402 576 645 378 604 602 688 680 512 429 476 601 507 229 365 484 379 605 713 299 763 531 537 272 201 572 750 813 687 456 325 475 149 450 272 747 853 797 351 718 638 494 539 297 806 413 431 228 412 462 662 455 156 220 234 724 406 884 483 328 131 457 300 870 672 469 287 514 505 579 381 381 210
469 371 324 479 725 5 519 358 0 756 601 367 170 321 763 361 669 213 116 767 750 835 328 150 685 494 801 852 325 493 809 632 199 480 805 564 878 769 517 465 169 407 699 111 895 780 750 599 419 426 173 660 179 552 160 155 533 253 365 716 321 248 205 593 402 754 892 814 525 403 327 191 879 613 161 640 694 687 230 645 673 293
617 756 907 315 554 756 1022 402 756 0 711 988 736 953 569 1056 818 879 810 271 584 180 574 763 446 521 520 672 575 1090 326 613 623 323 437 1020 839 725 607 481 876 438 353 674 685 1014 942 337 1068 941 872 583 653 1119 778 832 265 739 736 739 754 549 614 177 1088 51 959 156 413 371 753 692 947 856 870 116 493 484 966 310 246 521
148 256 438 673 240 606 418 576 601 711 0 507 438 503 266 629 110 515 536 508 241 646 765 733 303 206 342 299 304 539 501 116 418 437 410 382 277 179 120 260 767 724 394 633 343 303 234 374 577 387 551 163 428 531 469 755 473 361 252 117 303 650 675 667 635 670 311 641 303 459 297 729 297 154 759 637 268 271 644 408 474 387
455 272 83 778 724 372 186 645 367 988 507 0 267 46 757 127 513 153 251 898 735 1008 689 506 740 539 823 806 418 126 919 598 376 667 866 247 750 682 499 548 454 743 798 473 850 532 535 721 81 133 197 643 349 186 236 476 726 249 287 614 249 591 563 858 128 969 704 993 627 620 252 558 695 423 449 879 725 722 213 770 823 468
317 200 197 511 588 176 378 378 170 736 438 267 0 225 626 320 500 143 104 686 610 779 443 317 568 364 674 706 201 387 719 483 113 423 693 412 715 612 367 349 330 479 601 242 750 610 579 509 340 281 146 517 83 435 44 324 482 82 195 555 150 335 321 596 352 722 722 761 422 364 156 340 709 442 322 623 567 562 249 558 601 217
438 257 65 736 712 326 221 604 321 953 503 46 225 0 746 127 519 107 204 873 725 979 643 460 721 518 809 800 387 172 896 588 336 634 848 279 756 681 484 523 411 698 775 427 845 554 552 695 115 151 151 632 308 231 192 432 693 217 270 614 227 546 517 819 143 935 718 963 602 583 231 512 708 433 406 842 708 706 179 744 795 432
314 488 681 653 38 768 684 602 763 569 266 757 626 746 0 874 332 736 730 311 25 450 826 869 130 268 79 113 438 802 279 159 563 408 164 649 271 170 264 305 932 744 216 759 144 510 435 271 833 646 762 114 585 797 666 909 411 566 477 213 525 726 770 593 885 520 402 454 274 471 520 841 390 411 924 535 89 99 863 271 325 485
565 385 192 818 839 364 300 688 361 1056 629 127 320 127 874 0 640 178 260 992 853 1094 689 477 846 642 936 927 503 193 1018 716 433 742 974 364 877 806 611 644 398 764 897 472 972 655 661 814 95 260 195 759 403 259 279 431 801 333 397 739 353 606 566 913 43 1042 831 1077 722 685 357 543 822 551 395 943 835 832 145 863 912 537
248 302 456 781 316 675 387 680 669 818 110 513 500 519 332 640 0 553 590 605 306 744 861 809 397 316 411 328 397 518 591 209 500 547 490 339 237 190 229 369 830 828 491 714 368 196 124 481 574 382 594 250 505 497 524 824 583 419 305 124 353 744 764 777 638 776 222 742 413 566 347 812 209 94 822 747 356 361 678 512 578 484
422 259 122 643 699 218 316 512 213 879 515 153 143 107 736 178 553 0 97 824 717 921 537 354 692 486 791 803 334 280 854 583 255 566 820 367 784 695 471 480 315 597 734 320 848 620 606 646 212 230 49 623 225 338 101 331 625 172 264 631 214 442 411 735 212 865 765 903 556 507 219 405 754 477 309 765 686 682 128 695 741 360
421 288 208 558 692 122 404 429 116 810 536 251 104 204 730 260 590 97 0 781 714 867 439 262 670 468 778 809 302 377 817 587 196 508 796 451 812 712 471 451 243 504 700 222 853 682 659 606 308 312 65 621 166 435 67 249 566 174 286 653 237 347 314 658 299 800 810 847 521 442 243 308 798 524 236 695 671 666 157 654 693 304
460 634 815 462 305 769 884 476 767 271 508 898 686 873 311 992 605 824 781 0 331 141 698 824 207 364 252 406 490 978 61 395 586 291 166 866 582 478 431 350 919 581 114 718 415 798 723 178 979 819 833 355 615 991 731 882 248 659 616 505 649 630 690 354 1015 219 712 143 271 371 646 770 700 662 912 277 251 245 935 128 95 479
295 468 660 657 34 755 659 601 750 584 241 735 610 725 25 853 306 717 714 331 0 470 823 859 140 257 105 112 424 778 302 137 551 410 189 623 254 147 245 296 919 744 231 750 149 485 410 278 810 623 744 94 571 773 649 897 417 548 457 188 505 721 763 602 863 536 381 474 272 470 500 833 369 386 911 546 96 105 844 283 339 475
586 752 925 455 446 837 1009 507 835 180 646 1008 779 979 450 1094 744 921 867 141 470 0 711 871 348 488 386 540 592 1096 174 535 671 358 295 995 720 618 562 464 975 581 253 771 544 938 863 292 1089 939 923 495 701 1114 823 935 303 762 733 646 761 663 727 325 1120 135 852 26 385 431 759 808 840 799 969 243 392 385 1024 246 186 563
616 609 634 259 791 324 821 229 328 574 765 689 443 643 826 689 861 537 439 698 823 711 0 238 711 586 833 935 463 815 755 745 376 430 801 854 1021 897 651 535 358 136 679 217 971 1015 967 580 747 724 500 754 385 870 458 309 455 508 595 863 570 116 125 396 731 593 1076 685 551 357 573 158 1062 834 355 471 739 730 553 610 606 377
594 516 471 457 831 144 667 365 150 763 733 506 317 460 869 477 809 354 262 824 859 871 238 0 777 602 897 966 440 631 873 751 316 533 888 713 1009 895 639 564 120 355 774 110 1007 928 895 671 549 575 308 774 305 692 310 71 578 399 508 846 468 214 149 588 520 771 1032 847 611 452 473 80 1019 758 116 650 792 785 333 712 729 384
285 467 659 525 108 689 698 484 685 446 303 740 568 721 130 846 397 692 670 207 140 348 711 777 0 205 122 243 368 804 197 188 487 284 127 674 394 278 245 221 851 621 97 666 269 590 515 141 819 644 711 147 513 810 611 823 282 520 452 299 494 616 666 462 864 399 513 347 166 354 489 740 501 458 843 405 46 38 814 142 200 395
98 270 457 468 230 499 521 379 494 521 206 539 364 518 268 642 316 486 468 364 257 488 586 602 205 0 310 363 169 613 380 159 294 230 333 508 436 311 88 55 663 528 259 493 404 506 440 196 619 454 506 172 316 627 406 640 270 314 253 283 290 476 513 461 661 485 507 478 107 256 287 579 493 337 655 437 203 197 609 241 303 221
371 551 745 640 101 805 758 605 801 520 342 823 674 809 79 936 411 791 778 252 105 386 833 897 122 310 0 154 479 873 212 230 601 405 91 725 334 246 324 336 968 740 177 787 165 589 514 257 899 716 814 182 625 871 716 942 396 619 538 292 584 739 788 565 949 469 472 393 288 476 579 862 461 490 960 500 107 113 916 243 286 514
388 547 735 767 145 857 708 713 852 672 299 806 706 800 113 927 328 803 809 406 112 540 935 966 243 363 154 0 528 834 365 222 654 520 244 664 187 137 338 406 1022 856 323 857 44 477 406 384 876 685 834 192 673 821 743 1002 524 638 539 204 589 832 874 705 934 622 330 547 384 582 584 942 321 419 1014 645 203 213 932 383 433 584
157 189 335 420 399 330 453 299 325 575 304 418 201 387 438 503 397 334 302 490 424 592 463 440 368 169 479 528 0 515 519 311 126 252 493 462 573 455 200 148 494 440 401 334 570 558 506 311 498 368 346 336 147 544 245 473 310 170 169 411 179 347 370 464 528 552 614 576 222 220 178 427 600 376 486 470 371 365 450 361 408 90
520 344 191 896 772 498 134 763 493 1090 539 126 387 172 802 193 518 280 377 978 778 1096 815 631 804 613 873 834 515 0 992 644 491 767 927 194 751 702 558 631 572 866 871 599 877 490 511 804 98 159 322 691 466 66 360 597 825 356 362 633 336 716 690 969 164 1067 681 1082 710 727 338 685 674 424 567 983 782 782 322 852 909 576
471 650 836 522 281 812 892 531 809 326 501 919 719 896 279 1018 591 854 817 61 302 174 755 873 197 380 212 365 519 992 0 385 622 340 120 870 546 450 437 374 965 640 121 766 369 781 706 211 1000 833 866 341 651 1002 764 930 302 685 633 485 670 683 742 416 1039 274 681 184 297 421 666 822 670 656 957 338 234 230 969 164 149 518
165 331 523 616 128 637 528 537 632 613 116 598 483 588 159 716 209 583 587 395 137 535 745 751 188 159 230 222 311 644 385 0 436 369 294 496 276 151 115 212 802 685 282 645 266 404 330 277 673 487 613 47 453 641 520 783 395 416 321 132 370 636 671 590 726 570 360 532 226 410 365 734 346 270 794 550 151 155 711 304 370 377
277 232 300 404 525 204 463 272 199 623 418 376 113 336 563 433 500 255 196 586 551 671 376 316 487 294 601 654 126 491 622 436 0 313 609 488 692 578 323 266 368 387 508 215 696 641 598 411 451 368 252 462 30 534 155 347 371 142 218 530 195 261 267 483 465 610 722 652 330 251 198 312 709 462 360 509 494 488 352 459 497 107
314 435 585 249 376 482 701 201 480 323 437 667 423 634 408 742 547 566 508 291 410 358 430 533 284 230 405 520 252 767 340 369 313 0 370 702 640 513 318 178 628 336 249 427 552 736 670 149 747 619 566 360 344 796 467 591 59 417 415 501 431 346 403 232 771 301 729 338 144 81 430 482 715 563 621 220 318 308 665 182 195 206
411 593 786 589 174 809 818 572 805 437 410 866 693 848 164 974 490 820 796 166 189 295 801 888 127 333 91 244 493 927 120 294 609 370 0 790 426 335 369 344 969 697 121 778 250 674 598 221 945 768 838 246 636 930 737 938 350 648 578 376 621 715 769 501 991 385 563 304 280 448 617 846 552 562 961 430 145 145 941 192 218 512
409 272 245 877 623 570 63 750 564 1020 382 247 412 279 649 364 339 367 451 866 623 995 854 713 674 508 725 664 462 194 870 496 488 702 790 0 564 528 435 540 683 875 754 653 706 295 317 704 276 138 417 544 472 160 406 697 756 347 292 460 295 743 733 925 346 989 487 986 614 682 293 749 480 245 677 923 645 646 459 749 811 543
416 527 693 889 285 884 617 813 878 839 277 750 715 756 271 877 237 784 812 582 254 720 1021 1009 394 436 334 187 573 751 546 276 692 640 426 564 0 126 373 489 1044 962 486 906 203 321 261 524 811 620 823 279 704 724 745 1033 657 637 526 162 576 909 941 849 875 791 145 725 495 685 570 1000 138 329 1037 798 348 357 911 535 594 648
301 435 616 762 172 775 574 687 769 725 179 682 612 681 170 806 190 695 712 478 147 618 897 895 278 311 246 137 455 702 450 151 578 513 335 528 126 0 255 363 937 835 374 790 177 346 273 402 750 557 730 153 592 686 645 923 532 538 430 69 481 786 820 725 810 678 235 621 369 559 476 881 222 283 930 677 232 240 823 417 478 526
50 227 420 552 228 522 454 456 517 607 120 499 367 484 264 611 229 471 471 431 245 562 651 639 245 88 324 338 200 558 437 115 323 318 369 435 373 255 0 140 686 605 319 535 382 417 352 275 577 399 499 151 339 565 405 669 359 302 214 213 260 537 567 550 625 570 428 554 193 338 255 626 414 249 679 526 225 224 599 316 380 274
137 287 465 413 267 469 547 325 465 481 260 548 349 523 305 644 369 480 451 350 296 464 535 564 221 55 336 406 148 631 374 212 266 178 344 540 489 363 140 0 632 474 254 454 445 557 492 173 629 475 495 219 291 650 393 606 223 311 268 337 299 427 467 411 666 448 562 451 79 201 296 536 548 385 624 391 229 222 598 222 277 180
638 528 438 575 893 164 630 475 169 876 767 454 330 411 932 398 830 315 243 919 919 975 358 120 851 663 968 1022 494 572 965 802 368 628 969 683 1044 937 686 632 0 475 859 204 1064 926 903 757 481 546 266 830 348 636 307 49 677 411 524 883 477 330 267 703 441 881 1051 952 688 548 483 201 1039 768 7 762 861 854 254 801 824 456
579 612 677 125 711 405 850 149 407 438 724 743 479 698 744 764 828 597 504 581 744 581 136 355 621 528 740 856 440 866 640 685 387 336 697 875 962 835 605 474 475 0 576 299 888 998 943 483 809 754 569 686 406 915 506 427 347 529 595 811 581 159 212 262 803 459 1033 555 472 276 584 275 1019 816 471 339 654 645 638 505 491 350
351 529 715 469 202 702 774 450 699 353 394 798 601 775 216 897 491 734 700 114 231 253 679 774 97 259 177 323 401 871 121 282 508 249 121 754 486 374 319 254 859 576 0 665 341 685 611 103 878 712 747 243 536 883 645 827 228 565 512 396 548 595 651 388 918 304 609 251 179 328 545 729 597 548 852 323 142 135 851 70 110 406
490 431 422 381 721 108 614 272 111 674 633 473 242 427 759 472 714 320 222 718 750 771 217 110 666 493 787 857 334 599 766 645 215 427 778 653 906 790 535 454 204 299 665 0 898 845 807 562 529 518 283 666 209 656 248 164 474 318 421 744 385 141 93 504 514 677 937 748 501 346 390 99 923 670 197 559 682 674 340 604 623 274
432 592 780 795 180 900 750 747 895 685 343 850 750 845 144 972 368 848 853 415 149 544 971 1007 269 404 165 44 570 877 369 266 696 552 250 706 203 177 382 445 1064 888 341 898 0 508 439 411 920 729 879 234 716 863 787 1044 552 683 584 245 634 869 913 728 978 634 349 554 419 616 628 982 341 460 1057 665 233 243 976 405 451 624
427 413 503 962 501 786 358 853 780 1014 303 532 610 554 510 655 196 620 682 798 485 938 1015 928 590 506 589 477 558 490 781 404 641 736 674 295 321 346 417 557 926 998 685 845 508 0 75 676 571 402 668 442 638 446 622 929 776 529 424 297 460 898 908 968 640 972 206 936 607 748 455 945 203 181 919 941 547 553 731 708 774 648
366 379 495 902 425 756 376 797 750 942 234 535 579 552 435 661 124 606 659 723 410 863 967 895 515 440 514 406 506 511 706 330 598 670 598 317 261 273 352 492 903 943 611 807 439 75 0 605 583 402 652 367 598 475 596 903 708 497 387 222 428 851 865 901 651 900 171 862 538 687 423 907 163 137 896 872 472 478 724 635 700 595
295 460 638 384 244 602 717 351 599 337 374 721 509 695 271 814 481 646 606 178 278 292 580 671 141 196 257 384 311 804 211 277 411 149 221 704 524 402 275 173 757 483 103 562 411 676 605 0 802 647 656 252 440 822 554 724 140 480 441 406 472 493 548 324 837 296 632 281 94 226 470 626 618 521 750 275 182 172 759 49 106 307
534 351 164 851 800 424 212 718 419 1068 577 81 340 115 833 95 574 212 308 979 810 1089 747 549 819 619 899 876 498 98 1000 673 451 747 945 276 811 750 577 629 481 809 878 529 920 571 583 802 0 192 246 719 424 163 305 510 806 329 367 681 330 655 622 935 69 1049 754 1074 708 698 333 608 746 482 477 957 803 801 228 851 904 547
361 187 107 768 615 432 96 638 426 941 387 133 281 151 646 260 382 230 312 819 623 939 724 575 644 454 716 685 368 159 833 487 368 619 768 138 620 557 399 475 546 754 712 518 729 402 402 647 192 0 280 534 348 177 270 559 676 226 206 488 189 616 601 829 255 916 571 926 553 585 189 613 562 292 540 838 624 623 330 695 752 438
449 296 172 623 725 177 365 494 173 872 551 197 146 151 762 195 594 49 65 833 744 923 500 308 711 506 814 834 346 322 866 613 252 566 838 417 823 730 499 495 266 569 747 283 879 668 652 656 246 280 0 650 222 383 102 282 624 196 299 668 248 412 376 722 234 861 809 904 568 502 254 363 798 521 260 757 708 704 103 705 746 360
201 374 567 609 81 665 575 539 660 583 163 643 517 632 114 759 250 623 621 355 94 495 754 774 147 172 182 192 336 691 341 47 462 360 246 544 279 153 151 219 830 686 243 666 234 442 367 252 719 534 650 0 481 689 556 809 379 454 363 155 411 647 686 573 771 538 379 494 216 409 406 752 366 316 822 527 106 111 750 273 337 394
291 226 275 429 546 184 444 297 179 653 428 349 83 308 585 403 505 225 166 615 571 701 385 305 513 316 625 673 147 466 651 453 30 344 636 472 704 592 339 291 348 406 536 209 716 638 598 440 424 348 222 481 0 511 124 330 402 124 213 541 184 272 271 512 436 640 728 682 358 282 188 308 715 461 340 539 518 512 322 488 527 138
531 364 238 938 769 557 113 806 552 1119 531 186 435 231 797 259 497 338 435 991 773 1114 870 692 810 627 871 821 544 66 1002 641 534 796 930 160 724 686 565 650 636 915 883 656 863 446 475 822 163 177 383 689 511 0 412 661 853 394 383 617 365 768 745 1005 227 1093 644 1102 728 761 366 744 638 403 632 1014 785 785 387 868 928 612
355 221 175 545 628 166 365 413 160 778 469 236 44 192 666 279 524 101 67 731 649 823 458 310 611 406 716 743 245 360 764 520 155 467 737 406 745 645 405 393 307 506 645 248 787 622 596 554 305 270 102 556 124 412 0 307 526 107 219 586 171 356 334 635 312 765 744 805 466 406 177 343 732 461 299 664 609 604 205 603 645 261
622 524 452 528 870 149 647 431 155 832 755 476 324 432 909 431 824 331 249 882 897 935 309 71 823 640 942 1002 473 597 930 783 347 591 938 697 1033 923 669 606 49 427 827 164 1044 929 903 724 510 559 282 809 330 661 307 0 638 406 519 871 474 284 220 658 474 838 1046 911 659 511 480 152 1034 766 46 718 836 828 286 767 787 428
360 491 644 244 383 534 757 228 533 265 473 726 482 693 411 801 583 625 566 248 417 303 455 578 282 270 396 524 310 825 302 395 371 59 350 756 657 532 359 223 677 347 228 474 552 776 708 140 806 676 624 379 402 853 526 638 0 476 471 527 489 381 442 195 830 242 755 282 171 129 487 522 742 607 670 168 321 312 723 157 153 265
252 118 168 544 529 259 321 412 253 739 361 249 82 217 566 333 419 172 174 659 548 762 508 399 520 314 619 638 170 356 685 416 142 417 648 347 637 538 302 311 411 529 565 318 683 529 497 480 329 226 196 454 124 394 107 406 476 0 113 479 68 396 390 613 357 719 640 746 388 371 74 418 628 360 403 629 514 510 297 530 579 220
167 19 207 587 442 371 286 462 365 736 252 287 195 270 477 397 305 264 286 616 457 733 595 508 452 253 538 539 169 362 633 321 218 415 578 292 526 430 214 268 524 595 512 421 584 424 387 441 367 206 299 363 213 383 219 519 471 113 0 369 50 478 484 633 412 710 527 720 347 390 45 520 514 250 517 635 438 435 393 489 546 252
253 372 549 747 204 722 505 662 716 739 117 614 555 614 213 739 124 631 653 505 188 646 863 846 299 283 292 204 411 633 485 132 530 501 376 460 162 69 213 337 883 811 396 744 245 297 222 406 681 488 668 155 541 617 586 871 527 479 369 0 420 751 780 722 741 694 228 647 358 538 414 838 214 215 876 681 254 261 760 429 493 488
212 50 166 584 489 327 278 455 321 754 303 249 150 227 525 353 353 214 237 649 505 761 570 468 494 290 584 589 179 336 670 370 195 431 621 295 576 481 260 299 477 581 548 385 634 460 428 472 330 189 248 411 184 365 171 474 489 68 50 420 0 455 454 641 370 730 573 747 378 396 5 485 561 291 470 649 482 479 342 521 575 251
501 493 530 244 689 246 712 156 248 549 650 591 335 546 726 606 744 442 347 630 721 663 116 214 616 476 739 832 347 716 683 636 261 346 715 743 909 786 537 427 330 159 595 141 869 898 851 493 655 616 412 647 272 768 356 284 381 396 478 751 455 0 65 374 646 558 961 638 453 267 459 144 947 717 325 437 641 632 479 528 534 263
527 497 509 308 733 201 698 220 205 614 675 563 321 517 770 566 764 411 314 690 763 727 125 149 666 513 788 874 370 690 742 671 267 403 769 733 941 820 567 467 267 212 651 93 913 908 865 548 622 601 376 686 271 745 334 220 442 390 484 780 454 65 0 439 607 623 984 703 500 322 458 80 970 729 262 502 688 679 433 585 594 293
546 653 780 137 569 592 918 234 593 177 667 858 596 819 593 913 777 735 658 354 602 325 396 588 462 461 565 705 464 969 416 590 483 232 501 925 849 725 550 411 703 262 388 504 728 968 901 324 935 829 722 573 512 1005 635 658 195 613 633 722 641 374 439 0 947 198 950 299 366 244 641 515 937 796 698 82 506 496 811 323 282 392
580 398 205 855 851 406 282 724 402 1088 635 128 352 143 885 43 638 212 299 1015 863 1120 731 520 864 661 949 934 528 164 1039 726 465 771 991 346 875 810 625 666 441 803 918 514 978 640 651 837 69 255 234 771 436 227 312 474 830 357 412 741 370 646 607 947 0 1072 822 1104 744 716 374 585 813 547 437 975 850 848 188 887 937 567
583 729 886 334 506 754 994 406 754 51 670 969 722 935 520 1042 776 865 800 219 536 135 593 771 399 485 469 622 552 1067 274 570 610 301 385 989 791 678 570 448 881 459 304 677 634 972 900 296 1049 916 861 538 640 1093 765 838 242 719 710 694 730 558 623 198 1072 0 913 110 378 359 729 702 900 817 875 121 445 437 957 265 200 505
459 523 660 974 407 897 547 884 892 959 311 704 722 718 402 831 222 765 810 712 381 852 1076 1032 513 507 472 330 614 681 681 360 722 729 563 487 145 235 428 562 1051 1033 609 937 349 206 171 632 754 571 809 379 728 644 744 1046 755 640 527 228 573 961 984 950 822 913 0 855 586 763 567 1034 13 288 1044 907 467 475 887 650 712 698
576 739 910 429 448 815 998 483 814 156 641 993 761 963 454 1077 742 903 847 143 474 26 685 847 347 478 393 547 576 1082 184 532 652 338 304 986 725 621 554 451 952 555 251 748 554 936 862 281 1074 926 904 494 682 1102 805 911 282 746 720 647 747 638 703 299 1104 110 855 0 373 410 745 783 843 794 945 217 392 385 1004 237 174 544
205 366 544 393 239 528 624 328 525 413 303 627 422 602 274 722 413 556 521 271 272 385 551 611 166 107 288 384 222 710 297 226 330 144 280 614 495 369 193 79 688 472 179 501 419 607 538 94 708 553 568 216 358 728 466 659 171 388 347 358 378 453 500 366 744 378 586 373 0 197 376 574 573 442 681 334 188 179 672 142 199 232
321 409 539 214 436 405 673 131 403 371 459 620 364 583 471 685 566 507 442 371 470 431 357 452 354 256 476 582 220 727 421 410 251 81 448 682 685 559 338 201 548 276 328 346 616 748 687 226 698 585 502 409 282 761 406 511 129 371 390 538 396 267 322 244 716 359 763 410 197 0 397 401 749 570 541 259 383 373 599 262 276 151
208 44 170 585 484 333 277 457 327 753 297 252 156 231 520 357 347 219 243 646 500 759 573 473 489 287 579 584 178 338 666 365 198 430 617 293 570 476 255 296 483 584 545 390 628 455 423 470 333 189 254 406 188 366 177 480 487 74 45 414 5 459 458 641 374 729 567 745 376 397 0 490 555 286 476 648 478 475 348 518 573 251
584 531 514 382 803 186 708 300 191 692 729 558 340 512 841 543 812 405 308 770 833 808 158 80 740 579 862 942 427 685 822 734 312 482 846 749 1000 881 626 536 201 275 729 99 982 945 907 626 608 613 363 752 308 744 343 152 522 418 520 838 485 144 80 515 585 702 1034 783 574 401 490 0 1021 770 197 581 760 752 402 664 675 358
446 510 649 960 395 885 539 870 879 947 297 695 709 708 390 822 209 754 798 700 369 840 1062 1019 501 493 461 321 600 674 670 346 709 715 552 480 138 222 414 548 1039 1019 597 923 341 203 163 618 746 562 798 366 715 638 732 1034 742 628 514 214 561 947 970 937 813 900 13 843 573 749 555 1021 0 277 1031 894 454 462 876 637 700 684
250 242 373 783 390 619 292 672 613 856 154 423 442 433 411 551 94 477 524 662 386 799 834 758 458 337 490 419 376 424 656 270 462 563 562 245 329 283 249 385 768 816 548 670 460 181 137 521 482 292 521 316 461 403 461 766 607 360 250 215 291 717 729 796 547 817 288 794 442 570 286 770 277 0 760 775 422 425 598 558 624 466
630 521 432 569 886 156 625 469 161 870 759 449 322 406 924 395 822 309 236 912 911 969 355 116 843 655 960 1014 486 567 957 794 360 621 961 677 1037 930 679 624 7 471 852 197 1057 919 896 750 477 540 260 822 340 632 299 46 670 403 517 876 470 325 262 698 437 875 1044 945 681 541 476 197 1031 760 0 756 854 847 250 794 817 448
529 655 798 213 514 641 921 287 640 116 637 879 623 842 535 943 747 765 695 277 546 243 471 650 405 437 500 645 470 983 338 550 509 220 430 923 798 677 526 391 762 339 323 559 665 941 872 275 957 838 757 527 539 1014 664 718 168 629 635 681 649 437 502 82 975 121 907 217 334 259 648 581 894 775 756 0 451 441 850 263 214 410
270 452 645 563 63 698 673 514 694 493 268 725 567 708 89 835 356 686 671 251 96 392 739 792 46 203 107 203 371 782 234 151 494 318 145 645 348 232 225 229 861 654 142 682 233 547 472 182 803 624 708 106 518 785 609 836 321 514 438 254 482 641 688 506 850 445 467 392 188 383 478 760 454 422 854 451 0 9 811 187 246 408
267 450 642 553 72 691 673 505 687 484 271 722 562 706 99 832 361 682 666 245 105 385 730 785 38 197 113 213 365 782 230 155 488 308 145 646 357 240 224 222 854 645 135 674 243 553 478 172 801 623 704 111 512 785 604 828 312 510 435 261 479 632 679 496 848 437 475 385 179 373 475 752 462 425 847 441 9 0 806 178 238 401
549 387 228 705 826 233 399 579 230 966 644 213 249 179 863 145 678 128 157 935 844 1024 553 333 814 609 916 932 450 322 969 711 352 665 941 459 911 823 599 598 254 638 851 340 976 731 724 759 228 330 103 750 322 387 205 286 723 297 393 760 342 479 433 811 188 957 887 1004 672 599 348 402 876 598 250 850 811 806 0 808 848 460
339 508 687 399 250 647 762 381 645 310 408 770 558 744 271 863 512 695 654 128 283 246 610 712 142 241 243 383 361 852 164 304 459 182 192 749 535 417 316 222 801 505 70 604 405 708 635 49 851 695 705 273 488 868 603 767 157 530 489 429 521 528 585 323 887 265 650 237 142 262 518 664 637 558 794 263 187 178 808 0 65 354
401 565 739 376 308 676 823 381 673 246 474 823 601 795 325 912 578 741 693 95 339 186 606 729 200 303 286 433 408 909 149 370 497 195 218 811 594 478 380 277 824 491 110 623 451 774 700 106 904 752 746 337 527 928 645 787 153 579 546 493 575 534 594 282 937 200 712 174 199 276 573 675 700 624 817 214 246 238 848 65 0 389
238 271 388 335 447 296 529 210 293 521 387 468 217 432 485 537 484 360 304 479 475 563 377 384 395 221 514 584 90 576 518 377 107 206 512 543 648 526 274 180 456 350 406 274 624 648 595 307 547 438 360 394 138 612 261 428 265 220 252 488 251 263 293 392 567 505 698 544 232 151 251 358 684 466 448 410 408 401 460 354 389 0
