281
0 795 792 542 274 407 565 719 777 643 173 565 485 209 249 814 646 345 900 132 306 738 722 647 798 181 818 396 141 481 397 484 196 530 350 578 761 420 271 662 626 297 42 917 866 239 884 937 800 716 647 612 313 823 747 307 273 852 703 561 522 142 851 217 467 529 478 251 429 823 225 712 98 722 475 407 309 788 185 571 29 457 113 707 308 239 391 234 327 404 586 737 854 715 637 518 883 529 784 177 419 623 831 518 216 421 680 877 225 662 632 585 696 326 265 771 170 219 238 807 913 734 860 540 839 780 604 865 719 850 885 153 857 871 875 311 228 715 721 399 237 456 525 806 657 403 451 946 401 666 818 570 225 891 716 593 93 717 503 698 302 313 399 693 468 244 566 526 519 1063 800 312 497 501 346 422 972 658 731 722 701 713 448 721 848 1025 607 351 141 871 97 545 136 542 976 456 543 849 518 76 694 516 532 341 194 341 339 838 24 416 353 239 553 505 310 296 662 594 981 403 1017 82 424 607 211 342 761 714 182 857 462 645 539 952 477 530 248 609 124 760 940 318 314 646 152 687 222 394 759 799 1021 703 912 877 861 812 513 180 336 1029 587 647 638 410 365 188 737 544 621 668 731 635 76 594 499 592 765 938 719 261 862
795 0 680 371 533 394 653 268 150 516 629 358 582 754 931 179 186 453 405 921 794 969 338 391 324 617 1017 796 689 328 871 345 817 641 718 219 168 399 537 832 235 956 838 516 360 968 766 310 346 550 171 379 634 861 626 517 1062 549 770 903 611 777 493 1012 332 267 416 1037 537 626 963 684 703 228 606 789 521 374 663 224 786 364 829 105 765 573 405 743 641 579 216 267 205 88 392 388 557 731 730 972 415 514 542 277 579 532 799 796 571 314 482 437 393 564 790 611 637 784 809 222 202 395 304 303 798 476 911 304 822 918 126 875 72 829 305 521 916 305 981 439 966 366 330 18 803 441 416 290 424 501 97 600 936 585 86 349 785 328 446 123 514 540 577 115 327 894 518 477 892 430 840 501 298 312 941 373 533 428 143 757 626 418 346 270 958 341 616 946 712 203 752 700 811 895 450 356 359 756 507 846 484 472 272 862 948 457 678 746 801 791 565 566 386 544 699 508 515 201 458 518 329 867 640 469 984 545 470 86 942 646 441 156 374 224 319 275 1042 458 745 705 500 606 597 683 939 866 888 546 298 417 352 388 250 597 917 784 475 639 904 455 881 184 412 513 431 897 108 278 480 542 683 503 793 533 312 787 370 230 177 590 183
792 680 0 833 719 671 231 872 535 197 738 386 310 601 724 523 727 667 367 845 541 368 341 932 374 665 382 463 655 691 528 730 650 264 460 590 811 720 722 264 765 711 816 276 382 786 103 501 353 134 554 898 899 192 60 551 939 181 165 422 270 668 237 942 656 634 415 913 381 79 794 88 765 840 317 449 541 320 611 619 765 514 729 594 521 602 647 574 465 394 667 882 526 682 307 829 201 299 60 900 747 1017 172 611 688 890 214 120 693 875 997 297 288 484 573 69 751 608 609 478 590 285 433 480 118 213 396 437 208 249 644 744 676 148 444 763 724 902 394 758 786 511 461 698 237 487 792 532 733 195 603 223 754 184 617 375 713 922 875 574 566 517 399 594 599 684 255 922 445 541 177 725 614 697 647 626 322 265 768 136 93 262 611 410 296 586 185 649 830 543 833 267 696 429 405 532 821 79 305 781 1034 910 558 567 805 602 457 68 815 443 452 725 369 300 490 705 187 607 404 862 587 809 369 257 854 476 213 623 809 96 833 670 393 617 591 674 946 264 849 53 314 478 485 157 928 281 696 415 386 281 566 292 535 159 244 109 910 773 614 466 377 533 288 862 648 738 738 713 238 163 68 1016 850 224 535 281 316 590 792 803 555
542 371 833 0 276 192 697 182 453 635 371 447 595 598 750 497 185 239 696 674 678 1003 549 118 586 404 1071 723 491 143 779 106 645 669 637 260 254 147 278 876 135 789 583 779 648 765 935 648 603 702 331 79 290 970 773 385 814 771 852 878 641 587 732 747 179 201 428 792 518 810 755 796 444 197 610 723 395 616 489 230 546 325 618 345 655 401 222 600 554 542 191 200 537 285 533 24 792 738 863 714 133 185 755 222 347 169 862 951 335 120 164 535 574 471 656 774 373 629 658 522 561 599 607 353 936 683 903 610 896 1021 495 668 443 971 616 231 730 173 1004 146 763 329 371 371 853 380 91 637 155 638 446 660 741 815 336 462 573 175 75 352 371 428 537 333 236 724 591 109 850 780 946 237 219 136 803 224 816 576 244 853 749 603 228 498 1046 701 692 808 419 545 467 723 613 863 761 307 13 912 550 611 208 102 277 746 729 297 596 900 537 728 493 309 463 575 600 260 645 253 768 165 690 624 610 576 752 461 668 328 719 840 86 231 439 591 243 161 784 569 451 835 779 513 500 762 659 911 709 502 544 652 709 575 596 816 1025 913 105 362 773 786 875 349 551 159 238 699 270 126 594 670 805 182 511 619 297 810 599 590 217 286 527
274 533 719 276 0 138 528 447 541 532 100 386 424 330 474 582 373 83 714 406 420 797 537 389 603 131 872 480 217 209 524 209 372 494 399 325 487 146 4 684 351 513 316 761 673 488 821 720 611 608 402 351 180 812 663 172 548 720 687 647 471 311 700 488 201 266 317 525 344 722 479 658 176 448 429 484 183 609 222 311 273 246 342 455 401 149 131 336 325 348 318 465 624 449 475 254 747 539 732 451 146 397 699 260 72 205 683 827 60 393 396 443 531 257 392 675 106 360 389 585 674 567 653 325 800 635 680 658 721 854 634 391 599 835 667 57 454 446 791 129 487 247 321 542 668 236 185 723 127 546 569 507 464 763 460 412 296 450 253 450 156 214 342 441 217 449 464 289 614 853 787 39 240 228 533 166 811 509 458 696 626 556 195 516 869 799 545 538 179 639 219 535 337 630 790 236 275 791 413 338 455 277 289 484 454 123 363 779 274 490 288 35 386 421 356 25 547 337 796 177 790 354 407 478 480 256 616 457 445 757 207 378 364 712 228 260 522 476 212 704 775 287 275 606 408 717 434 315 560 632 799 536 684 755 862 774 275 105 506 833 654 408 485 181 108 422 466 271 497 564 672 405 261 495 269 613 587 701 445 85 626
407 394 671 192 138 0 514 333 410 474 236 300 410 418 581 452 239 62 606 537 491 814 436 310 493 240 883 531 322 76 589 92 471 484 445 190 357 50 142 688 225 616 450 667 561 605 774 596 504 547 270 271 270 793 611 193 679 639 671 685 456 418 610 623 62 128 256 655 330 660 598 624 312 327 422 531 203 507 311 174 402 158 460 319 466 218 29 417 362 351 180 351 495 310 392 178 664 548 695 585 76 360 621 125 191 222 677 786 181 291 348 376 442 279 471 618 243 449 478 461 541 474 535 219 766 551 711 539 713 841 497 509 461 802 547 134 563 340 813 88 603 161 225 403 667 194 124 595 62 482 433 481 578 683 323 322 414 350 209 315 180 236 346 304 91 551 419 256 658 730 768 107 105 96 622 46 712 431 325 675 582 470 70 402 863 670 515 627 317 509 357 535 449 670 679 142 185 748 374 465 398 244 164 560 577 105 404 736 410 536 301 172 308 394 409 113 487 200 686 195 660 484 419 416 607 268 534 319 568 693 164 240 284 578 103 123 655 411 351 666 676 321 308 584 546 723 539 312 449 536 672 446 556 680 846 742 243 244 590 717 683 278 405 194 49 536 330 140 435 509 635 362 399 450 156 621 487 568 316 203 495
565 653 231 697 528 514 0 780 533 165 529 297 105 370 497 541 638 493 476 614 313 320 356 809 425 452 378 243 431 554 316 590 419 35 229 496 744 564 530 184 663 489 587 432 467 559 319 582 411 201 492 771 705 284 196 355 710 342 159 265 57 437 370 710 518 518 273 683 186 278 566 147 545 755 99 229 344 382 387 519 536 374 498 550 291 394 486 343 239 181 567 794 561 624 270 688 373 93 219 669 589 874 322 493 485 719 164 314 491 766 859 215 297 275 343 227 541 377 379 504 632 322 498 377 278 307 263 504 199 328 660 513 673 313 514 578 496 803 329 594 558 370 351 671 158 319 638 607 571 192 602 53 526 370 572 303 483 821 723 530 371 314 187 544 464 456 134 770 269 665 259 542 488 565 431 474 489 247 700 168 148 290 469 409 349 678 60 433 614 581 612 54 464 263 539 392 688 284 153 550 905 758 448 347 575 425 227 273 588 224 242 526 270 123 259 518 179 517 541 689 675 578 140 189 624 271 293 576 579 310 678 589 288 669 459 554 715 201 630 195 467 258 267 82 697 220 467 213 412 363 663 305 594 349 335 251 757 565 396 602 234 474 252 691 479 508 678 594 185 163 166 875 625 125 413 134 365 643 715 607 586
719 268 872 182 447 333 780 0 397 683 546 494 687 752 914 436 145 392 658 851 821 1098 548 135 561 568 1159 852 654 260 916 242 804 758 767 287 103 303 449 965 118 949 761 759 610 934 969 577 582 737 320 141 471 1033 813 520 992 774 924 994 728 750 725 928 290 266 508 970 618 833 925 853 621 39 706 850 529 603 645 261 720 414 787 297 795 552 359 749 683 651 213 18 468 209 565 207 789 838 913 893 300 259 762 290 515 346 942 992 503 68 225 586 589 597 804 807 549 783 811 473 469 604 559 405 985 691 1013 561 973 1087 390 837 331 1018 563 408 895 37 1103 319 932 418 430 259 939 486 269 558 319 678 363 735 908 815 278 500 741 60 246 313 509 559 647 291 330 884 657 257 972 698 1009 407 300 241 955 346 785 607 125 919 800 618 335 484 1119 607 762 960 601 469 648 816 779 981 711 397 178 952 627 786 217 258 332 890 902 435 724 940 716 854 613 481 518 658 735 428 689 268 719 347 596 800 720 626 927 583 680 270 892 859 269 202 497 489 331 235 964 616 633 885 751 641 630 833 840 1000 872 612 525 644 620 587 518 821 1089 966 262 540 923 722 983 341 584 340 383 866 162 200 642 715 858 246 692 681 368 906 592 497 92 467 449
777 150 535 453 541 410 533 397 0 383 626 258 478 698 876 44 277 457 261 893 720 841 194 504 173 596 884 706 654 364 784 394 763 527 636 220 308 432 545 706 329 894 818 367 214 919 618 195 196 408 139 483 675 719 483 476 1031 398 636 793 498 732 342 991 352 288 335 1004 449 477 917 546 694 358 502 698 477 224 621 243 763 320 791 108 690 541 410 682 567 493 265 400 86 188 264 464 407 618 587 948 455 621 392 285 570 594 669 649 564 430 591 319 253 501 723 465 636 725 747 75 135 249 162 240 654 327 796 164 689 777 128 833 143 683 167 545 863 433 856 478 918 322 260 167 676 385 472 188 457 365 70 480 886 434 121 240 750 457 523 101 478 487 492 120 323 836 400 563 787 328 700 516 304 354 867 374 389 293 273 621 488 274 345 128 819 260 490 872 718 98 752 584 768 787 315 320 440 609 400 816 604 555 251 784 907 439 599 600 787 698 494 570 284 437 625 516 379 215 323 574 250 841 546 344 948 481 322 129 903 496 506 223 281 175 312 314 1016 332 751 563 355 537 531 553 928 738 833 466 149 267 263 247 147 446 775 641 558 643 830 333 766 132 282 571 432 850 237 335 351 406 543 612 790 409 278 667 221 161 305 613 85
643 516 197 635 532 474 165 683 383 0 563 191 170 476 629 385 537 474 313 718 446 458 195 736 260 495 501 393 502 493 471 532 535 175 354 398 630 523 535 323 572 629 673 285 302 687 300 416 246 76 370 701 711 351 137 370 831 209 253 430 157 537 219 818 459 438 220 803 214 190 692 171 600 653 189 381 362 216 458 426 618 317 601 420 419 429 451 451 327 242 474 694 401 503 124 631 241 259 230 775 550 820 188 415 509 695 286 316 512 682 800 100 135 319 467 144 576 492 501 345 472 157 333 284 302 150 424 338 306 406 506 626 526 337 348 572 624 711 474 562 686 314 264 534 293 296 595 442 537 28 453 116 653 247 443 182 575 731 677 400 384 343 246 417 402 587 77 724 435 501 328 534 416 499 579 429 343 89 586 242 117 124 414 255 443 512 111 582 659 421 669 220 569 428 380 334 624 276 126 646 838 713 362 492 695 412 335 264 663 378 290 541 172 139 369 515 18 415 382 667 510 675 249 59 743 306 133 448 696 225 636 482 196 506 393 478 830 67 682 202 316 325 329 170 789 355 594 249 250 199 498 142 430 233 407 282 713 596 542 442 396 351 103 667 454 628 559 517 41 34 174 818 691 53 338 292 199 480 607 617 427
173 629 738 371 100 236 529 546 626 563 0 443 430 262 386 665 473 175 779 305 362 768 599 480 670 77 845 435 143 309 466 310 292 493 361 416 587 246 97 666 452 428 216 814 740 394 838 798 676 639 490 444 194 808 685 193 447 762 683 606 476 229 750 388 298 361 363 424 357 752 384 668 76 549 430 441 200 670 166 405 174 314 249 546 348 136 223 276 301 348 416 564 707 546 527 348 792 522 743 350 245 472 741 353 57 270 672 839 61 490 476 485 585 255 328 703 13 289 317 664 761 622 726 397 807 681 643 731 712 846 726 298 693 842 740 140 365 543 758 227 393 314 388 638 654 281 280 803 227 581 659 518 372 804 553 470 205 546 339 539 180 221 342 532 306 365 489 368 569 928 784 139 332 328 456 257 866 556 558 697 644 607 285 587 854 881 556 462 98 723 126 526 249 587 855 309 372 805 438 240 537 357 375 419 358 188 332 793 174 448 288 65 437 438 317 123 580 430 861 247 872 254 395 515 381 262 662 550 347 787 295 476 419 799 316 359 421 515 127 716 831 272 262 610 310 697 348 323 628 688 879 591 766 794 855 780 354 36 434 902 620 493 533 253 198 331 566 371 533 593 685 482 165 520 348 594 647 787 546 108 711
565 358 386 447 386 300 297 494 258 191 443 0 224 451 626 280 349 314 337 667 463 617 157 545 232 391 671 447 429 307 526 346 516 283 377 207 449 345 390 480 382 641 602 375 300 674 488 378 235 254 194 511 557 538 326 259 798 339 430 544 252 494 314 767 274 248 88 770 190 364 674 359 498 465 248 439 255 226 390 235 546 143 556 254 433 326 281 432 312 235 283 506 313 327 92 444 365 372 421 724 373 632 321 225 385 522 453 506 384 491 611 92 145 255 469 326 456 476 495 258 382 181 297 93 494 252 552 302 481 592 387 594 388 528 313 415 615 521 626 388 673 141 76 376 452 163 414 391 362 191 322 247 640 383 276 27 520 541 493 235 267 254 234 247 217 585 165 540 534 498 515 378 228 311 610 253 425 132 404 424 307 171 233 162 625 471 269 615 542 333 564 342 530 536 413 158 435 466 148 590 647 529 171 526 668 263 341 454 580 440 242 404 27 185 369 365 199 226 419 495 464 617 288 132 712 236 234 279 665 396 455 296 26 421 208 287 787 123 570 393 389 287 283 340 717 515 585 210 194 246 464 150 363 380 595 473 529 471 573 463 522 177 106 494 291 606 381 327 149 224 364 630 595 187 150 430 204 400 422 471 330
485 582 310 595 424 410 105 687 478 170 430 224 0 307 459 493 547 388 474 550 277 412 324 708 401 356 476 235 345 453 315 488 365 74 185 407 658 459 426 281 569 461 511 456 455 516 408 560 392 235 414 670 602 388 262 251 660 378 264 320 47 369 390 650 417 422 179 633 81 338 521 237 454 664 24 225 241 368 301 428 458 275 433 477 249 294 381 281 160 83 474 701 520 544 228 585 409 152 312 607 484 770 356 397 384 614 267 408 390 669 756 164 272 175 297 286 444 321 331 462 591 306 475 291 377 320 331 480 303 433 607 456 611 412 491 474 453 708 416 489 516 271 263 600 258 215 534 581 466 197 544 87 482 413 498 238 410 724 619 458 268 212 89 469 364 417 99 665 310 660 364 438 390 465 415 371 514 223 614 272 217 276 367 363 453 657 126 419 520 540 522 129 400 312 545 293 586 375 78 480 803 653 356 328 524 320 164 363 506 224 142 424 196 41 199 414 189 428 548 584 653 509 80 158 573 169 302 501 526 372 573 502 208 629 360 457 660 167 539 285 486 167 174 182 625 316 423 109 378 360 645 281 561 396 440 350 652 466 378 605 301 399 216 586 375 457 595 496 165 188 254 772 539 117 318 218 347 606 627 504 541
209 754 601 598 330 418 370 752 698 476 262 451 307 0 178 727 644 361 765 244 103 531 596 715 675 200 611 189 119 492 204 510 64 337 144 538 766 453 329 453 640 202 221 761 738 223 688 828 672 543 587 676 455 616 562 240 355 685 498 358 335 69 694 343 465 510 365 327 275 641 223 517 232 744 292 199 234 654 108 542 179 390 128 654 99 199 392 27 150 237 572 769 763 687 502 578 717 323 586 301 464 726 664 491 258 529 473 677 270 707 727 441 557 197 65 589 270 31 59 709 829 594 745 460 637 623 399 751 512 642 820 149 805 668 761 385 164 758 516 454 221 388 438 769 450 315 510 843 443 502 752 385 189 720 669 476 117 766 584 640 247 214 234 641 440 140 401 619 317 943 594 366 473 511 204 410 818 512 728 519 514 568 427 613 639 922 419 210 306 782 283 343 94 338 839 398 595 652 360 180 785 608 483 156 220 318 144 641 233 207 209 305 431 337 111 340 495 558 843 503 916 207 234 452 268 217 605 668 220 675 536 624 425 869 445 527 353 458 308 564 788 165 168 448 327 478 135 245 642 655 914 565 815 703 653 610 605 294 176 897 380 581 498 508 368 156 724 554 464 496 536 735 281 424 442 383 631 850 726 370 777
249 931 724 750 474 581 497 914 876 629 386 626 459 178 0 904 814 521 930 179 185 562 766 863 846 346 639 262 260 657 215 671 114 470 275 714 936 610 472 524 807 48 229 915 906 62 798 1001 841 689 765 826 557 696 694 415 218 833 594 382 477 163 849 244 633 683 542 194 443 775 74 635 326 909 440 276 410 821 272 716 229 568 140 831 210 366 557 194 316 402 745 932 939 862 671 728 864 426 697 214 617 857 812 665 402 655 557 780 414 865 862 608 723 375 162 724 388 150 131 885 1006 760 917 638 736 779 428 923 592 709 998 96 983 762 933 524 20 917 538 603 62 565 615 945 531 493 659 1017 597 657 930 526 36 864 846 651 181 923 724 818 420 392 400 819 613 42 558 754 340 1112 677 513 646 677 115 579 973 676 899 619 646 732 599 788 694 1096 554 118 388 958 347 457 136 364 1003 575 748 762 523 175 923 743 659 162 98 487 296 752 269 283 384 443 605 495 263 489 647 734 1006 633 1090 185 380 614 142 394 762 845 109 807 679 798 601 1046 619 696 234 621 374 680 945 339 344 566 280 540 43 417 815 818 1087 732 990 845 722 709 740 407 126 1062 421 759 664 639 532 61 897 721 623 644 656 868 321 576 619 466 798 1026 895 491 954
814 179 523 497 582 452 541 436 44 385 665 280 493 727 904 0 320 499 225 928 744 843 190 546 152 633 882 725 688 409 804 438 792 538 658 264 343 476 586 709 372 920 854 337 180 949 602 150 174 401 182 526 719 711 474 510 1064 377 634 804 510 764 318 1026 396 332 362 1037 471 462 948 541 733 396 518 716 511 205 654 287 799 356 824 152 714 576 452 710 592 515 310 438 42 228 271 509 382 629 578 984 499 664 372 328 609 638 670 634 604 471 634 331 251 530 749 454 676 754 774 46 101 240 125 275 642 312 805 126 687 769 122 865 154 670 127 587 892 472 859 522 948 357 292 194 678 418 517 143 501 365 84 488 916 410 164 259 784 496 568 146 513 519 515 164 365 864 410 607 801 283 693 558 347 398 891 416 354 296 310 617 484 269 387 132 812 217 495 896 759 57 792 593 800 799 275 358 484 596 415 851 645 600 292 807 939 478 622 587 825 716 521 611 305 452 650 557 379 259 283 619 208 876 564 351 981 510 310 172 935 478 550 266 304 142 353 359 1050 340 791 555 321 565 559 554 965 740 862 491 138 247 219 244 103 424 766 631 602 684 853 290 775 174 289 615 474 880 274 380 357 404 537 655 829 415 317 674 207 123 343 655 49
646 186 727 185 373 239 638 145 277 537 473 349 547 644 814 320 0 302 531 776 704 957 408 228 428 478 1016 725 558 164 793 169 702 617 641 142 121 229 377 822 52 846 689 626 484 842 824 469 448 592 178 206 452 887 667 405 919 634 779 859 586 652 587 862 182 135 367 895 482 690 835 707 550 117 567 722 412 466 542 119 642 279 697 169 676 448 259 638 558 518 74 157 358 100 419 201 650 699 767 824 240 344 621 157 431 346 799 847 420 157 314 441 445 474 691 661 479 675 702 350 377 463 437 260 839 549 876 439 828 941 309 746 258 873 444 351 797 175 963 263 840 283 286 187 796 356 233 456 252 532 262 591 813 676 155 354 652 196 260 181 397 439 513 160 205 781 512 293 839 598 864 337 173 144 843 235 657 462 85 773 654 474 216 346 974 517 617 849 546 363 590 675 685 847 591 264 173 806 484 705 330 288 191 773 815 327 599 795 648 725 485 408 373 516 613 350 543 122 599 334 506 723 585 480 847 458 537 148 807 716 255 59 352 405 203 118 894 470 580 739 621 518 507 688 781 858 771 479 389 506 525 444 414 681 944 820 290 477 809 610 846 199 439 328 285 772 94 102 496 569 712 335 633 536 230 765 453 406 83 418 345
345 453 667 239 83 62 493 392 457 474 175 314 388 361 521 499 302 0 637 474 439 782 461 357 524 177 853 485 261 138 539 150 412 461 400 242 419 92 87 661 287 557 388 689 594 543 771 638 534 549 319 318 243 776 609 150 617 653 652 645 436 357 629 562 122 185 255 593 307 664 536 613 251 388 398 486 161 533 253 230 340 171 397 372 416 162 48 361 319 321 241 410 541 370 406 221 679 518 686 523 107 391 633 178 129 226 654 780 119 346 383 381 460 239 417 619 184 392 421 503 591 494 572 246 756 566 673 577 691 822 552 447 518 791 585 100 502 397 779 104 542 173 245 462 642 180 157 640 86 486 486 465 516 696 378 339 352 405 240 367 135 195 315 358 134 492 412 283 615 771 751 64 157 158 565 83 737 443 387 658 576 486 112 436 841 716 502 571 262 556 299 509 387 629 711 159 234 742 363 403 438 271 206 507 514 68 360 730 348 492 266 114 318 378 362 58 489 255 718 196 707 421 386 418 545 232 548 375 506 698 191 300 295 629 145 185 593 415 295 657 700 278 266 567 486 695 479 283 481 558 716 464 602 691 828 731 269 187 535 753 646 325 417 198 25 475 392 202 437 508 626 396 340 443 187 592 512 618 378 160 543
900 405 367 696 714 606 476 658 261 313 779 337 474 765 930 225 531 637 0 995 751 727 179 760 113 728 748 706 762 583 784 618 828 488 659 439 569 641 718 605 582 935 936 118 47 985 420 138 103 284 364 736 876 559 336 596 1120 189 514 736 469 817 130 1096 560 507 422 1092 490 291 987 417 835 619 496 694 592 112 720 468 879 468 881 363 723 663 595 742 616 529 504 661 204 448 264 703 181 570 427 1053 668 872 195 494 721 816 559 458 719 688 844 324 208 580 768 306 791 786 799 185 247 171 100 390 478 172 724 100 564 614 321 914 370 499 102 735 923 694 749 688 984 468 393 420 575 500 697 171 663 285 308 429 950 208 380 309 848 717 760 350 604 587 531 371 514 888 375 803 745 188 545 701 508 578 890 562 128 254 534 490 365 198 535 203 663 218 418 893 877 213 901 531 852 737 76 478 683 424 407 920 861 795 444 803 986 595 634 418 916 691 559 737 347 436 667 692 298 443 82 792 220 947 554 316 1033 562 184 388 985 294 734 474 362 265 503 541 1113 309 907 412 96 602 601 455 1052 631 892 521 157 114 199 200 185 229 608 475 796 805 852 131 698 347 267 790 611 921 498 571 309 313 405 865 932 363 450 592 135 238 566 797 231
132 921 845 674 406 537 614 851 893 718 305 667 550 244 179 928 776 474 995 0 314 731 820 778 898 303 810 405 239 612 379 615 197 581 385 702 892 552 403 677 757 225 91 1000 964 139 930 1044 898 786 767 743 434 846 807 417 142 928 734 550 580 181 933 101 596 656 579 118 509 886 122 760 230 854 536 418 417 883 276 697 134 573 117 829 328 352 519 271 391 476 714 869 967 842 731 650 959 560 828 57 551 749 906 644 345 549 704 917 355 794 760 673 788 415 277 833 302 237 241 917 1028 826 964 653 875 862 596 970 741 866 1006 106 981 905 980 443 163 847 709 532 138 571 636 932 679 511 584 1055 533 743 938 630 144 964 840 694 147 849 633 819 415 413 472 815 593 197 641 654 507 1166 825 444 623 632 294 548 1057 746 861 757 759 802 574 827 856 1135 664 297 264 985 216 583 150 531 1071 574 676 894 597 77 821 645 653 322 88 463 389 883 138 427 437 371 651 578 356 427 737 719 1075 532 1128 53 479 689 83 433 843 838 74 919 594 773 640 1068 601 660 122 694 240 807 1026 395 394 691 101 697 176 476 861 889 1129 796 1023 947 878 848 641 312 298 1126 585 766 729 539 493 128 867 675 702 739 779 761 177 666 618 612 860 1052 851 391 977
306 794 541 678 420 491 313 821 720 446 362 463 277 103 185 744 704 439 751 314 0 431 593 797 672 293 511 92 220 561 104 584 118 284 91 585 825 531 420 363 706 183 312 731 730 245 620 829 665 503 623 757 556 531 509 301 397 648 420 255 292 164 665 405 531 568 385 371 273 591 253 453 335 810 256 104 292 643 199 594 277 434 208 690 30 278 463 86 154 229 630 838 776 735 497 660 679 247 518 366 545 817 627 547 350 623 389 605 362 782 815 433 546 232 40 539 370 86 73 720 845 581 744 492 562 596 298 750 426 552 846 208 839 591 761 477 183 831 415 538 245 431 467 810 364 355 594 848 524 474 779 341 212 679 707 485 212 842 671 674 312 264 229 679 498 143 376 709 214 935 511 453 530 579 147 475 789 498 785 444 461 552 488 621 546 926 369 152 409 796 386 275 176 236 822 445 674 583 345 264 873 697 529 69 264 386 122 573 331 112 229 398 439 315 95 427 464 606 825 596 921 289 197 434 313 250 579 708 269 623 623 676 439 885 501 590 405 442 411 499 762 189 198 384 408 385 154 253 644 638 916 555 823 659 565 535 695 395 110 883 281 614 488 601 442 197 776 621 442 459 473 825 380 393 487 298 621 864 787 468 794
738 969 368 1003 797 814 320 1098 841 458 768 617 412 531 562 843 957 782 727 731 431 0 652 1118 709 691 79 342 637 863 351 897 546 340 406 815 1064 862 798 136 980 527 743 643 733 621 370 853 690 449 811 1080 960 208 391 633 773 548 213 180 370 596 599 806 827 834 590 752 486 448 635 310 758 1074 394 332 622 658 603 838 709 687 637 868 432 649 784 508 472 462 885 1113 856 944 578 991 570 265 309 774 885 1172 536 809 738 1000 172 333 748 1081 1161 532 591 543 472 421 779 518 502 801 925 606 777 697 289 559 135 781 162 184 964 626 983 294 791 852 572 1120 32 886 621 683 670 987 165 623 936 883 866 478 911 369 598 552 890 621 644 1137 1021 848 649 587 468 863 776 534 452 1065 223 907 206 820 802 876 451 779 690 547 1020 236 365 575 778 713 147 944 352 449 832 875 814 282 607 200 772 705 995 343 473 692 1211 1053 766 408 660 715 437 341 763 324 516 786 590 440 451 794 463 836 771 971 944 715 395 500 703 549 552 895 670 460 973 909 608 958 772 869 794 511 838 317 682 509 521 288 830 102 555 501 706 626 926 599 878 526 198 276 1051 804 435 833 150 793 559 974 773 603 998 908 490 438 321 1176 812 436 730 193 646 931 1035 865 883
722 338 341 549 537 436 356 548 194 195 599 157 324 596 766 190 408 461 179 820 593 652 0 630 79 548 691 560 584 423 639 461 660 357 502 289 477 475 541 518 453 775 758 232 144 818 428 236 78 213 229 601 703 525 288 416 948 226 443 621 332 644 182 921 396 350 243 920 322 289 819 352 656 513 348 549 412 72 544 320 701 291 708 258 563 484 422 575 449 365 362 556 206 347 96 552 243 447 392 878 502 732 213 333 542 653 479 457 540 564 707 160 60 405 605 272 612 618 635 149 276 57 151 217 460 142 618 157 497 582 312 742 337 490 168 561 757 581 669 521 817 290 216 357 488 321 536 257 496 174 264 303 784 268 279 129 673 604 607 238 424 409 366 259 346 724 230 652 621 346 505 526 345 421 737 390 276 108 435 427 294 80 365 68 624 333 306 741 698 225 721 410 679 618 256 302 536 417 249 744 733 643 280 650 815 416 472 407 737 547 387 558 169 283 504 515 188 299 261 627 329 771 401 169 861 387 133 286 814 312 576 348 183 312 334 388 939 159 727 368 240 431 429 364 873 550 726 350 55 102 322 53 238 273 580 446 644 626 699 307 589 209 108 626 436 752 403 423 171 214 349 727 753 230 279 486 51 287 462 621 231
647 391 932 118 389 310 809 135 504 736 480 545 708 715 863 546 228 357 760 778 797 1118 630 0 656 519 1185 841 606 255 897 221 761 782 756 344 237 266 391 989 178 903 687 853 712 875 1032 693 675 799 401 39 367 1077 872 503 915 855 961 996 753 701 811 845 291 297 537 895 632 903 864 901 550 170 724 842 513 691 606 314 653 435 729 396 774 519 340 718 673 658 268 146 582 318 627 137 874 854 966 814 251 124 841 321 462 239 973 1051 449 76 91 636 661 589 773 870 480 746 775 578 592 682 665 451 1038 768 1020 667 1007 1129 517 779 459 1073 671 340 843 104 1120 261 873 438 472 385 966 495 204 677 272 736 481 769 852 898 382 557 684 90 144 409 490 547 653 388 345 839 697 136 969 819 1053 351 323 243 919 340 884 670 248 960 852 691 341 571 1156 732 800 925 516 586 566 837 727 981 819 417 125 1011 659 719 103 141 374 864 838 415 715 999 640 847 611 420 565 686 719 376 745 331 827 248 721 730 727 677 858 579 755 374 827 931 185 286 541 616 350 258 883 669 546 937 849 631 619 871 753 1025 823 618 616 730 743 661 636 901 1133 1017 145 466 891 836 992 421 645 241 357 811 283 218 694 770 908 112 608 725 400 925 677 621 214 386 566
798 324 374 586 603 493 425 561 173 260 670 232 401 675 846 152 428 524 113 898 672 709 79 656 0 623 742 637 662 470 716 506 739 429 581 328 479 528 607 578 477 855 835 198 69 897 450 159 22 260 256 630 763 565 329 491 1027 225 496 691 406 723 168 999 447 395 320 999 402 310 899 401 729 523 425 626 488 54 622 358 778 358 786 264 643 559 483 654 529 444 395 567 151 353 175 592 233 518 431 956 555 765 220 381 613 703 536 483 610 585 738 239 129 484 685 306 683 698 714 105 217 103 73 278 493 161 685 79 549 622 269 821 306 520 90 622 836 596 727 575 896 357 282 341 547 395 584 182 550 235 235 373 863 261 283 205 751 619 649 248 498 486 445 270 401 804 305 693 693 267 547 588 395 466 815 449 229 180 440 477 344 136 422 91 667 256 372 819 769 169 794 480 758 688 186 367 573 445 327 822 758 684 331 728 895 485 551 436 813 624 466 626 247 360 583 580 250 333 193 680 252 849 479 244 940 465 161 291 893 326 622 369 259 249 390 430 1018 234 798 410 193 510 508 424 950 608 806 430 44 95 244 121 170 273 619 483 686 696 777 232 657 237 185 677 499 832 406 461 243 272 395 759 826 302 338 552 62 222 470 685 180
181 617 665 404 131 240 452 568 596 495 77 391 356 200 346 633 478 177 728 303 293 691 548 519 623 0 769 361 86 316 398 326 241 417 285 399 597 265 130 588 465 384 222 755 691 366 764 758 626 571 466 481 269 731 614 132 445 698 606 532 400 182 690 396 296 354 307 419 285 683 358 593 107 566 354 367 137 617 94 394 169 276 219 527 277 66 219 208 223 273 413 586 673 539 470 383 728 444 668 355 271 526 677 340 58 330 595 764 70 519 527 423 528 181 263 632 89 229 258 627 731 566 682 359 731 620 568 688 634 768 704 269 678 766 698 185 326 571 682 258 364 275 345 629 577 227 315 766 251 515 636 444 339 739 537 419 174 577 385 517 124 151 267 513 290 319 420 419 496 885 707 168 320 336 401 246 809 495 563 620 572 548 271 543 777 845 482 407 164 690 175 448 210 514 804 275 402 731 369 228 586 408 351 355 337 160 255 719 192 374 213 105 382 366 241 143 513 416 810 303 837 249 318 450 369 190 601 535 329 718 338 471 365 771 298 360 424 451 186 642 774 195 185 534 332 620 305 250 582 631 842 535 731 728 777 704 405 114 375 854 544 466 473 309 193 297 566 380 467 524 610 535 204 450 318 516 594 756 556 176 681
818 1017 382 1071 872 883 378 1159 884 501 845 671 476 611 639 882 1016 853 748 810 511 79 691 1185 742 769 0 422 716 930 430 964 626 403 485 874 1120 932 873 195 1042 603 823 656 759 698 362 880 722 482 864 1147 1037 198 415 705 849 563 248 259 432 676 618 884 893 897 652 828 553 461 713 341 837 1134 461 412 694 689 682 898 788 751 717 919 512 725 854 588 548 532 945 1173 892 997 625 1060 581 335 321 852 955 1242 554 872 815 1074 218 322 824 1145 1231 583 631 617 552 443 857 598 582 839 960 642 807 755 284 586 214 811 194 155 1004 705 1027 279 820 927 650 1182 101 958 699 747 729 1035 220 691 1006 910 936 518 954 424 676 561 941 673 724 1199 1091 898 722 661 538 914 841 613 505 1136 303 923 206 894 865 942 528 847 698 590 1076 264 398 612 844 755 105 967 402 526 911 910 894 348 687 279 787 769 1062 341 532 772 1279 1124 827 488 738 786 513 342 843 404 588 862 645 501 529 868 504 894 785 1044 968 795 467 548 781 621 581 946 748 467 1044 967 664 990 836 933 871 559 918 336 695 584 596 333 910 159 633 571 744 655 948 638 909 536 167 278 1123 881 514 847 230 845 604 1047 844 682 1052 972 537 478 347 1245 892 486 792 261 680 963 1092 941 920
396 796 463 723 480 531 243 852 706 393 435 447 235 189 262 725 725 485 706 405 92 342 560 841 637 361 422 0 297 596 79 623 210 221 85 597 845 575 480 271 734 247 404 673 689 324 536 796 627 442 624 802 629 440 438 337 480 585 333 171 236 254 609 493 562 590 379 454 259 519 334 375 417 836 211 14 328 602 268 610 367 447 301 690 90 332 502 166 169 216 650 869 754 744 464 706 616 164 435 455 593 873 565 567 414 686 299 519 425 819 868 400 508 254 132 469 445 178 165 696 824 540 710 493 475 543 211 716 336 460 834 299 833 503 727 537 264 866 327 588 324 444 466 812 273 369 643 817 572 421 769 280 294 613 709 466 303 878 724 673 351 295 218 680 522 223 332 764 134 893 420 510 554 612 187 508 730 457 802 358 390 509 516 597 453 893 302 190 492 774 472 197 269 152 773 461 716 500 312 356 923 752 541 104 349 426 127 490 421 21 239 463 421 276 124 483 410 619 776 657 888 381 160 393 398 268 526 711 356 550 675 691 426 863 523 617 491 402 496 418 706 211 223 306 500 293 238 250 613 591 881 516 796 592 473 448 750 469 152 835 191 612 452 662 484 284 790 652 397 401 395 879 470 342 499 207 582 840 808 537 774
141 689 655 491 217 322 431 654 654 502 143 429 345 119 260 688 558 261 762 239 220 637 584 606 662 86 716 297 0 399 323 411 155 395 232 469 679 350 215 545 548 297 174 776 728 283 749 805 662 575 530 568 336 699 608 178 376 711 576 469 385 96 709 338 376 430 341 350 288 683 276 577 121 650 338 305 177 649 44 467 118 334 140 594 209 115 299 134 192 263 491 672 727 614 498 470 741 406 650 295 358 610 689 415 144 411 558 745 156 605 612 444 556 185 185 631 151 146 175 677 789 594 726 414 708 638 508 731 597 731 768 187 746 742 742 270 241 657 624 345 281 333 396 701 537 271 401 816 337 525 700 432 255 750 606 457 96 663 470 583 177 175 258 580 363 232 425 503 430 928 675 254 395 418 316 324 831 517 644 593 563 573 346 588 734 895 469 322 195 745 183 417 126 450 838 337 489 715 376 162 671 492 418 276 259 233 211 703 161 313 212 188 415 364 188 230 520 488 843 386 888 188 290 465 296 201 619 604 252 717 424 547 403 829 370 440 361 468 204 625 799 178 173 513 290 574 218 252 624 658 890 563 783 735 741 681 490 175 292 891 487 528 498 391 274 213 644 462 480 527 595 619 194 453 381 474 626 812 638 251 738
481 328 691 143 209 76 554 260 364 493 309 307 453 492 657 409 164 138 583 612 561 863 423 255 470 316 930 596 399 0 657 39 546 527 510 146 281 71 213 734 149 691 524 656 537 681 793 557 485 561 227 217 312 826 631 261 754 639 708 744 498 494 603 697 36 77 284 731 377 671 674 652 385 252 469 594 269 493 386 121 478 181 536 264 536 293 100 489 426 404 112 277 451 242 396 137 661 599 720 659 90 326 622 89 267 233 719 809 256 223 308 393 440 341 544 633 315 523 551 423 490 468 503 215 792 550 767 507 753 877 439 585 398 828 514 192 639 270 865 114 680 185 230 336 711 240 113 552 95 497 378 516 654 683 265 324 490 282 186 265 249 301 399 250 92 626 447 233 719 691 802 174 79 19 695 87 697 438 249 709 606 469 85 380 903 624 548 700 385 462 427 581 525 730 653 163 133 770 406 541 351 222 143 630 653 175 468 757 483 599 360 244 322 432 476 186 504 149 660 211 614 559 473 434 683 328 534 259 645 702 152 172 297 525 100 54 730 427 419 691 660 384 373 619 618 770 615 364 427 526 628 442 512 682 881 770 223 314 663 686 738 240 412 208 124 612 257 63 452 528 661 325 470 476 156 670 474 518 239 261 447
397 871 528 779 524 589 316 916 784 471 466 526 315 204 215 804 793 539 784 379 104 351 639 897 716 398 430 79 323 657 0 682 200 297 153 669 914 631 524 310 800 189 396 749 768 277 593 875 707 517 699 858 659 482 507 396 432 659 385 170 314 258 685 457 625 658 455 409 336 588 290 439 436 902 291 90 387 681 303 680 368 518 290 766 123 380 561 190 235 292 719 933 833 817 544 761 689 231 495 423 646 921 639 635 454 727 346 572 466 880 918 479 587 319 139 540 474 182 159 776 904 619 790 568 527 620 216 796 379 494 913 275 910 551 806 581 223 928 330 640 277 514 541 887 319 439 695 897 625 499 847 357 250 685 784 545 304 939 774 749 409 356 294 755 589 184 411 812 127 972 464 557 621 675 119 570 805 537 872 413 460 588 581 677 479 972 377 120 509 853 483 267 262 151 851 530 773 557 391 344 975 800 612 57 311 484 195 548 422 93 309 502 500 356 181 530 487 690 854 700 968 365 240 472 357 335 604 786 320 618 725 762 504 943 590 683 449 482 509 481 782 275 286 372 479 324 203 325 693 669 960 596 876 663 507 501 798 498 90 913 206 688 532 705 541 252 862 715 476 477 459 928 473 421 571 256 661 920 877 572 853
484 345 730 106 209 92 590 242 394 532 310 346 488 510 671 438 169 150 618 615 584 897 461 221 506 326 964 623 411 39 682 0 562 562 537 179 277 63 212 769 142 707 526 693 572 692 832 588 521 600 259 182 289 864 670 285 757 678 745 774 534 507 642 697 73 111 322 734 411 710 684 690 386 240 503 622 295 530 403 152 482 219 545 290 559 310 121 509 453 437 132 260 480 257 435 99 700 632 759 661 71 287 661 127 273 200 755 848 262 198 270 432 479 369 564 672 315 541 570 455 516 507 537 254 831 589 799 540 789 914 460 595 416 866 547 182 652 248 898 95 690 223 270 350 747 273 79 582 84 536 402 553 665 721 288 363 500 257 147 293 273 328 431 277 130 642 485 194 748 721 840 171 118 40 714 118 734 477 251 746 645 508 121 416 939 652 586 720 378 491 423 616 537 760 687 201 97 808 444 547 314 183 182 653 661 197 495 796 483 627 390 244 361 468 502 188 543 179 695 180 641 563 505 473 689 357 573 282 652 741 115 189 336 549 138 79 731 466 411 730 697 412 400 656 615 805 629 396 463 563 656 481 541 721 919 808 184 310 683 719 770 273 451 176 142 624 264 67 491 567 700 287 466 514 195 704 512 544 236 249 475
196 817 650 645 372 471 419 804 763 535 292 516 365 64 114 792 702 412 828 197 118 546 660 761 739 241 626 210 155 546 200 562 0 388 190 599 823 503 370 482 695 144 196 821 802 158 733 892 736 599 651 722 478 650 614 300 295 743 537 367 390 64 754 291 521 569 430 267 338 694 159 564 246 798 348 223 296 717 160 602 168 453 90 717 131 253 446 85 212 299 631 822 828 748 566 624 774 362 631 250 512 764 721 551 299 563 507 720 311 758 766 504 620 262 79 642 298 43 45 774 894 657 809 524 678 683 411 815 545 671 884 93 869 708 825 425 100 809 528 499 157 451 502 831 482 379 556 907 491 562 816 440 124 777 731 541 105 816 625 703 306 277 296 704 500 79 461 658 325 1006 629 409 532 566 163 466 878 575 786 560 566 630 486 678 664 987 471 169 317 847 285 387 61 347 902 460 643 697 422 146 826 647 545 144 159 374 200 686 221 231 274 343 496 397 166 385 554 619 906 539 981 170 289 514 208 282 665 731 161 727 579 684 490 934 505 584 296 520 312 611 849 229 233 495 289 504 71 309 706 717 979 628 879 759 683 651 644 320 144 960 397 645 561 545 422 93 783 609 524 553 584 773 273 482 505 416 694 915 783 401 842
530 641 264 669 494 484 35 758 527 175 493 283 74 337 470 538 617 461 488 581 284 340 357 782 429 417 403 221 395 527 297 562 388 0 198 476 726 533 496 207 640 464 552 452 476 530 354 588 417 221 477 744 670 318 226 321 680 365 193 266 30 404 388 679 491 494 250 653 154 306 537 182 510 734 64 208 310 389 352 497 502 348 465 537 261 358 455 310 203 145 545 772 560 608 266 659 396 91 255 637 558 844 344 469 449 686 193 349 456 742 831 208 300 239 313 255 506 345 349 503 632 328 503 358 314 322 270 509 230 361 655 481 665 349 519 545 467 780 346 563 530 344 331 659 184 290 608 612 540 203 595 59 497 394 559 292 448 797 693 518 337 279 152 530 437 428 128 739 264 677 293 509 462 539 408 445 509 249 681 204 178 296 441 406 379 684 84 411 578 580 577 59 432 261 554 366 660 320 135 516 877 727 426 323 545 393 193 308 553 204 207 492 255 100 225 485 190 497 556 656 681 544 105 188 594 237 307 562 548 339 647 570 270 669 433 530 684 198 595 230 485 222 231 118 663 243 438 179 413 374 671 308 596 375 368 287 726 529 372 616 240 460 250 659 448 477 661 569 187 179 200 846 590 127 390 148 371 644 695 572 584
350 718 460 637 399 445 229 767 636 354 361 377 185 144 275 658 641 400 659 385 91 406 502 756 581 285 485 85 232 510 153 537 190 198 0 515 761 489 399 314 649 275 366 640 638 334 544 739 574 414 546 716 554 472 424 252 482 558 354 248 202 213 574 481 477 506 303 455 187 505 340 374 353 752 165 86 242 551 196 527 320 364 271 613 64 250 416 117 83 142 566 783 689 663 406 620 589 179 442 440 508 789 537 483 335 604 330 533 346 733 783 342 455 169 115 453 372 148 150 632 759 490 654 414 492 505 282 660 369 501 763 283 758 523 670 455 270 780 396 504 333 361 388 734 308 286 558 758 487 382 697 252 300 590 631 398 261 792 639 596 266 209 143 602 437 233 284 680 215 843 450 427 469 527 234 422 697 406 719 375 376 461 431 533 502 836 282 238 428 709 414 198 237 231 730 377 631 508 254 324 838 668 459 148 347 340 42 497 374 92 156 383 352 223 44 400 372 537 733 576 831 352 105 342 396 183 487 632 350 538 591 609 355 798 438 532 486 350 436 421 670 125 137 305 472 342 241 172 554 546 825 464 735 571 512 465 666 397 196 791 258 535 397 580 398 279 708 566 350 369 394 795 418 301 417 242 530 776 724 460 707
