78
0 392 419 911 318 431 909 718 468 912 291 610 916 310 804 577 422 746 551 401 430 949 667 414 494 998 281 91 371 582 360 800 683 115 278 775 419 559 703 782 739 820 583 960 780 599 305 641 860 714 723 931 341 824 347 853 744 484 390 854 453 120 374 599 468 378 213 329 676 631 638 489 796 168 267 630 108 895
392 0 53 884 351 124 1010 386 266 759 349 488 724 119 572 466 442 586 582 319 596 658 451 426 564 1080 661 390 112 828 745 834 457 432 137 725 785 514 809 488 805 711 831 787 622 208 592 300 549 622 532 674 721 905 669 878 462 368 119 990 772 357 127 711 225 228 599 522 696 551 293 400 496 264 199 313 465 827
419 53 0 935 403 170 1063 405 315 803 400 537 763 119 608 515 495 630 635 372 648 682 492 479 617 1133 694 427 165 877 777 886 496 469 184 776 822 567 863 515 858 758 880 828 667 194 637 321 570 671 574 705 754 958 711 930 491 420 170 1043 815 396 180 764 272 281 630 571 749 602 312 452 522 305 195 339 500 876
911 884 935 0 610 767 308 726 621 292 633 402 387 952 488 420 496 361 359 578 523 642 502 507 420 304 922 821 774 611 983 154 512 812 808 159 911 377 314 629 234 224 615 344 340 921 715 747 679 271 431 544 946 244 771 118 608 516 765 382 774 792 758 370 667 662 934 608 237 333 758 486 644 794 999 700 851 100
318 351 403 610 0 286 674 496 217 594 27 294 604 372 508 261 114 431 260 106 247 674 374 102 223 751 457 238 248 488 543 521 393 249 229 465 537 243 467 519 476 501 491 644 465 499 301 440 603 396 417 637 508 573 389 571 479 178 255 644 475 199 238 365 247 154 427 190 386 312 443 175 536 184 401 409 298 583
431 124 170 767 286 0 912 293 146 635 293 367 600 229 450 347 355 461 484 223 532 550 327 339 477 977 673 402 60 774 761 727 333 438 153 608 783 405 718 379 704 588 777 663 498 212 567 211 447 501 407 558 732 805 651 768 348 256 41 900 747 362 59 625 101 136 620 473 590 434 208 290 389 272 304 208 480 707
909 1010 1063 308 674 912 0 956 775 593 687 593 684 1046 755 594 569 613 428 692 478 928 727 585 451 94 825 820 898 428 862 212 743 796 901 391 768 514 208 882 208 500 431 649 604 1101 639 955 945 496 675 834 829 108 662 203 853 661 897 97 623 806 884 314 824 783 860 580 328 515 965 624 899 842 1072 908 822 403
718 386 405 726 496 293 956 0 279 496 516 366 425 505 264 372 502 364 573 393 703 279 228 491 600 997 939 677 351 946 1027 746 215 708 445 580 1031 463 798 127 756 505 950 496 390 262 797 85 165 465 295 320 994 849 885 771 126 353 331 974 968 634 345 732 258 357 894 679 632 442 93 385 126 553 584 89 754 638
468 266 315 621 217 146 775 279 0 501 236 222 478 354 343 201 242 325 352 117 438 481 207 227 357 837 664 412 162 684 751 584 220 438 230 462 752 263 588 316 567 445 687 535 362 326 518 225 397 356 279 465 718 667 606 624 277 114 149 771 691 369 147 502 49 89 624 403 450 288 230 151 331 300 418 192 485 561
912 759 803 292 594 635 593 496 501 0 622 303 95 855 233 335 502 175 429 517 629 355 312 506 496 597 1009 832 663 799 1085 397 311 838 727 231 1038 364 531 378 454 117 804 63 138 733 808 542 409 210 229 255 1047 509 884 390 370 435 648 652 920 794 648 534 535 574 999 679 372 288 554 423 389 761 918 499 885 193
291 349 400 633 27 293 687 516 236 622 0 322 632 361 534 289 137 459 280 130 247 699 401 126 237 767 432 210 251 483 519 540 419 221 221 489 515 269 480 543 492 528 486 672 492 506 283 457 627 423 445 664 484 588 370 591 503 205 260 654 459 172 242 376 263 167 400 180 406 339 460 203 560 162 385 428 270 608
610 488 537 402 294 367 593 366 222 303 322 0 310 569 240 33 218 137 220 214 393 427 145 217 265 641 732 532 381 615 814 387 165 542 432 243 784 110 433 316 390 226 620 350 170 522 544 363 394 134 139 367 777 485 628 419 279 133 370 608 686 493 365 376 266 279 713 412 267 78 373 120 334 458 626 315 590 339
916 724 763 387 604 600 684 425 478 95 632 310 0 827 162 343 525 173 476 515 674 260 274 526 540 691 1039 841 635 862 1118 482 267 853 708 308 1080 394 607 301 534 190 867 71 143 674 844 481 321 255 198 160 1081 596 924 480 300 432 619 739 969 801 622 598 505 559 1022 712 440 319 492 428 310 758 895 442 901 287
310 119 119 952 372 229 1046 505 354 855 361 569 827 0 680 542 479 679 626 374 601 775 553 464 595 1122 591 333 192 815 671 885 561 377 146 796 724 576 840 605 846 795 818 887 716 314 558 420 668 700 631 788 651 944 626 933 576 439 207 1015 732 310 206 737 321 291 523 513 747 623 413 466 613 228 79 430 401 904
804 572 608 488 508 450 755 264 343 233 534 240 162 680 0 268 454 145 452 407 633 189 137 450 505 780 961 738 492 851 1045 543 122 755 572 364 1022 348 636 146 575 264 855 233 151 511 780 318 191 265 102 130 1009 655 866 557 138 329 474 793 926 695 479 599 362 431 935 649 461 288 329 338 158 639 751 280 804 393
577 466 515 420 261 347 594 372 201 335 289 33 343 542 268 0 187 170 204 182 367 453 161 185 243 647 700 499 357 594 782 393 182 509 404 260 754 92 426 332 389 255 599 383 203 512 513 361 413 157 168 396 745 486 598 429 294 103 347 604 658 460 341 362 248 251 680 381 266 87 370 87 351 425 598 314 557 362
422 442 495 496 114 355 569 502 242 502 137 218 525 479 454 187 0 353 147 132 200 634 333 16 122 643 514 336 332 444 595 408 354 337 333 353 567 139 367 497 367 401 448 557 382 560 326 463 581 296 355 583 558 465 412 458 456 149 333 548 478 302 318 270 286 219 497 195 271 214 469 123 515 298 513 424 383 472
746 586 630 361 431 461 613 364 325 175 459 137 173 679 145 170 353 0 320 346 512 331 148 353 379 643 867 669 487 717 947 400 154 680 551 223 913 226 491 271 430 142 721 215 37 576 674 392 332 120 69 252 910 511 757 417 247 263 473 648 807 629 472 460 360 398 849 542 316 156 404 256 287 590 742 346 728 274
551 582 635 359 260 484 428 573 352 429 280 220 476 626 452 204 147 320 0 264 199 642 364 162 68 498 588 461 470 398 660 261 384 453 479 234 609 111 235 535 222 314 403 490 338 679 382 553 614 221 351 572 622 322 455 311 498 239 468 418 492 433 456 158 401 355 588 259 126 165 561 203 554 442 660 509 494 353
401 319 372 578 106 223 692 393 117 517 130 214 515 374 407 182 132 346 264 0 322 568 271 116 253 761 563 330 206 568 649 515 289 348 229 423 643 201 495 413 486 437 571 561 382 428 405 343 497 335 322 536 615 586 493 561 372 83 204 677 575 289 192 402 156 91 530 286 377 254 347 97 430 244 421 308 397 535
430 596 648 523 247 532 478 703 438 629 247 393 674 601 633 367 200 512 199 322 0 820 525 213 134 567 399 341 496 245 465 389 546 317 467 426 409 287 273 693 318 514 249 690 533 744 191 662 776 421 531 759 427 395 257 443 653 350 503 427 295 329 485 171 479 397 411 101 290 356 668 321 712 379 612 625 347 539
949 658 682 642 674 550 928 279 481 355 699 427 260 775 189 453 634 331 642 568 820 0 301 628 693 944 1131 892 603 1040 1217 719 281 915 693 539 1200 536 822 171 758 428 1045 321 329 538 959 361 115 450 291 100 1181 833 1046 726 205 497 583 973 1111 849 593 789 484 571 1098 829 647 478 370 513 161 781 853 345 963 543
667 451 492 502 374 327 727 228 207 312 401 145 274 553 137 161 333 148 364 271 525 301 0 327 405 768 831 601 362 756 916 517 20 620 438 352 898 253 577 171 530 289 760 336 181 428 657 245 252 237 83 264 880 621 744 543 133 196 345 749 812 559 348 521 231 294 801 528 407 217 256 212 189 501 622 198 669 420
414 426 479 507 102 339 585 491 227 506 126 217 526 464 450 185 16 353 162 116 213 628 327 0 138 659 515 329 316 457 597 422 347 332 318 363 572 145 383 488 382 407 461 559 383 545 331 450 573 302 352 579 560 481 417 472 448 138 317 564 486 294 302 287 271 203 496 200 285 219 456 115 507 286 499 411 379 482
494 564 617 420 223 477 451 600 357 496 237 265 540 595 505 243 122 379 68 253 134 693 405 138 0 529 520 403 454 351 591 307 425 392 450 302 542 156 246 575 255 382 355 556 400 680 314 571 657 287 402 628 553 350 388 360 536 251 455 426 429 378 441 148 403 342 521 192 182 223 578 217 594 397 623 529 431 420
998 1080 1133 304 751 977 94 997 837 597 767 641 691 1122 780 647 643 643 498 761 567 944 768 659 529 0 920 908 968 522 957 254 782 885 977 419 862 573 294 914 276 518 525 648 629 1159 732 1004 972 532 709 847 924 178 756 226 888 723 965 184 717 892 953 400 886 852 954 668 387 564 1014 687 931 924 1152 956 913 404
281 661 694 922 457 673 825 939 664 1009 432 732 1039 591 961 700 514 867 588 563 399 1131 831 515 520 920 0 272 615 418 88 783 850 234 532 822 143 646 645 976 706 899 416 1066 896 864 208 870 1059 799 866 1091 60 766 163 835 935 634 632 747 232 311 614 558 681 581 73 330 690 722 871 623 992 403 548 849 195 937
91 390 427 821 238 402 820 677 412 832 210 532 841 333 738 499 336 669 461 330 341 892 601 329 403 908 272 0 343 508 359 709 618 43 259 687 395 474 613 728 648 736 509 882 703 591 234 604 809 631 652 866 332 733 293 762 689 411 361 766 400 43 343 508 420 324 218 240 585 547 604 413 743 130 310 587 78 807
371 112 165 774 248 60 898 351 162 663 251 381 635 192 492 357 332 487 470 206 496 603 362 316 454 968 615 343 0 734 702 721 371 380 93 615 727 402 699 431 692 606 737 695 524 259 516 270 503 514 439 605 674 792 599 765 399 257 20 880 697 303 15 602 130 115 561 430 583 441 268 288 443 213 260 265 421 719
582 828 877 611 488 774 428 946 684 799 483 615 862 815 851 594 444 717 398 568 245 1040 756 457 351 522 418 508 734 0 440 456 777 470 693 572 340 505 296 927 376 681 4 862 731 987 277 907 1008 608 749 969 410 397 260 500 887 592 743 340 197 514 725 265 724 641 467 306 427 563 913 561 945 587 811 869 477 662
360 745 777 983 543 761 862 1027 751 1085 519 814 1118 671 1045 782 595 947 660 649 465 1217 916 597 591 957 88 359 702 440 0 838 935 322 619 891 110 724 694 1062 760 973 438 1143 975 950 277 958 1146 874 949 1175 37 812 211 890 1022 719 720 779 244 399 702 614 769 669 147 406 755 800 959 707 1079 490 624 937 281 1004
800 834 886 154 521 727 212 746 584 397 540 387 482 885 543 393 408 400 261 515 389 719 517 422 307 254 783 709 721 456 838 0 532 694 738 180 762 321 160 670 80 294 461 457 392 904 577 750 733 283 463 627 802 113 627 53 641 471 716 256 623 686 706 224 633 605 800 481 138 309 760 436 687 702 921 702 730 220
683 457 496 512 393 333 743 215 220 311 419 165 267 561 122 182 354 154 384 289 546 281 20 347 425 782 850 618 371 777 935 532 0 638 449 365 919 273 596 151 547 296 781 331 185 424 677 238 231 250 86 247 900 637 765 556 114 216 354 766 832 576 358 541 241 308 820 548 425 235 249 232 169 517 631 192 687 428
115 432 469 812 249 438 796 708 438 838 221 542 853 377 755 509 337 680 453 348 317 915 620 332 392 885 234 43 380 470 322 694 638 0 299 684 353 477 591 753 630 739 471 890 712 631 194 637 835 634 667 885 293 712 250 748 714 427 397 739 357 76 379 487 450 352 186 217 574 551 637 424 769 169 353 618 48 803
278 137 184 808 229 153 901 445 230 727 221 432 708 146 572 404 333 551 479 229 467 693 438 318 450 977 532 259 93 693 619 738 449 299 0 653 651 431 696 522 700 659 696 764 588 331 454 364 595 561 510 690 592 799 532 786 488 300 114 873 634 223 100 594 211 153 475 387 601 482 361 324 534 129 193 358 337 764
775 725 776 159 465 608 391 580 462 231 489 243 308 796 364 260 353 223 234 423 426 539 352 363 302 419 822 687 615 572 891 180 365 684 653 0 832 224 300 494 226 117 576 294 212 764 614 594 555 115 289 447 853 293 683 194 468 358 606 435 705 655 599 307 508 505 823 494 145 174 605 329 511 648 845 547 727 119
419 785 822 911 537 783 768 1031 752 1038 515 784 1080 724 1022 754 567 913 609 643 409 1200 898 572 542 862 143 395 727 340 110 762 919 353 651 832 0 686 611 1054 682 923 338 1099 937 982 241 969 1138 829 922 1151 96 725 156 812 1013 704 743 681 144 428 724 541 776 677 217 372 691 760 971 686 1071 522 687 943 323 941
559 514 567 377 243 405 514 463 263 364 269 110 394 576 348 92 139 226 111 201 287 536 253 145 156 573 646 474 402 505 724 321 273 477 431 224 686 0 337 424 306 262 510 420 251 587 449 448 504 157 245 471 687 405 531 363 386 149 396 517 582 439 387 269 312 288 634 318 187 76 457 114 443 424 622 402 523 340
703 809 863 314 467 718 208 798 588 531 480 433 607 840 636 426 367 491 235 495 273 822 577 383 246 294 645 613 699 296 694 160 596 591 696 300 611 337 0 744 81 417 301 594 494 915 447 785 817 371 542 737 658 122 485 204 709 475 699 182 469 598 685 105 636 585 671 374 175 360 794 438 762 634 864 739 620 373
782 488 515 629 519 379 882 127 316 378 543 316 301 605 146 332 497 271 535 413 693 171 171 488 575 914 976 728 431 927 1062 670 151 753 522 494 1054 424 744 0 691 405 931 373 289 388 814 199 84 386 206 194 1028 778 902 688 40 351 411 911 975 685 422 692 314 405 939 688 571 384 210 374 18 614 682 176 801 536
739 805 858 234 476 704 208 756 567 454 492 390 534 846 575 389 367 430 222 486 318 758 530 382 255 276 706 648 692 376 760 80 547 630 700 226 682 306 81 691 0 343 381 516 429 893 503 750 760 309 486 670 724 100 549 129 659 453 690 219 542 627 678 148 616 577 727 414 123 313 760 416 709 652 877 704 663 292
820 711 758 224 501 588 500 505 445 117 528 226 190 795 264 255 401 142 314 437 514 428 289 407 382 518 899 736 606 681 973 294 296 739 659 117 923 262 417 405 343 0 686 181 116 717 696 534 456 105 211 333 935 407 770 297 385 359 594 550 803 700 591 416 486 506 893 569 254 189 546 340 420 677 853 488 785 132
583 831 880 615 491 777 431 950 687 804 486 620 867 818 855 599 448 721 403 571 249 1045 760 461 355 525 416 509 737 4 438 461 781 471 696 576 338 510 301 931 381 686 0 867 735 990 278 911 1012 612 754 974 408 401 259 504 892 596 746 343 195 516 728 269 728 644 467 309 432 567 917 565 950 589 813 873 477 667
960 787 828 344 644 663 649 496 535 63 672 350 71 887 233 383 557 215 490 561 690 321 336 559 556 648 1066 882 695 862 1143 457 331 890 764 294 1099 420 594 373 516 181 867 0 180 744 867 551 391 269 256 222 1106 568 944 447 371 478 679 711 982 843 681 597 565 612 1054 737 435 344 563 470 381 806 953 511 938 246
780 622 667 340 465 498 604 390 362 138 492 170 143 716 151 203 382 37 338 382 533 329 181 383 400 629 896 703 524 731 975 392 185 712 588 212 937 251 494 289 429 116 735 180 0 609 701 423 343 124 99 243 938 505 782 405 268 299 510 645 829 663 509 470 397 436 880 569 320 177 434 290 304 626 780 377 760 249
599 208 194 921 499 212 1101 262 326 733 506 522 674 314 511 512 560 576 679 428 744 538 428 545 680 1159 864 591 259 987 950 904 424 631 331 764 982 587 915 388 893 717 990 744 609 0 775 193 422 649 510 582 924 992 857 941 377 440 247 1098 956 555 265 828 278 346 804 686 773 598 182 477 388 461 390 233 668 846
305 592 637 715 301 567 639 797 518 808 283 544 844 558 780 513 326 674 382 405 191 959 657 331 314 732 208 234 516 277 277 577 677 194 454 614 241 449 447 814 503 696 278 867 701 775 0 740 898 597 681 910 239 569 88 630 773 463 529 570 180 248 510 354 546 449 224 132 482 524 743 445 832 333 544 711 200 729
641 300 321 747 440 211 955 85 225 542 457 363 481 420 318 361 463 392 553 343 662 361 245 450 571 1004 870 604 270 907 958 750 238 637 364 594 969 448 785 199 750 534 911 551 423 193 740 0 249 479 324 394 927 847 827 780 184 319 250 965 915 562 266 710 193 292 822 628 627 441 11 354 203 478 499 47 682 666
860 549 570 679 603 447 945 165 397 409 627 394 321 668 191 413 581 332 614 497 776 115 252 573 657 972 1059 809 503 1008 1146 733 231 835 595 555 1138 504 817 84 760 456 1012 391 343 422 898 249 0 451 274 180 1112 844 986 748 125 435 482 980 1059 766 494 769 391 485 1021 772 642 459 258 458 66 692 746 239 883 583
714 622 671 271 396 501 496 465 356 210 423 134 255 700 265 157 296 120 221 335 421 450 237 302 287 532 799 631 514 608 874 283 250 634 561 115 829 157 371 386 309 105 612 269 124 649 597 479 451 0 179 367 837 392 675 306 357 261 503 528 714 595 498 346 400 409 790 468 196 83 489 238 403 573 754 431 680 205
723 532 574 431 417 407 675 295 279 229 445 139 198 631 102 168 355 69 351 322 531 291 83 352 402 709 866 652 439 749 949 463 86 667 510 289 922 245 542 206 486 211 754 256 99 510 681 324 274 179 0 228 912 572 766 483 179 240 423 706 825 610 425 500 309 360 842 549 368 188 335 243 224 562 697 278 715 344
931 674 705 544 637 558 834 320 465 255 664 367 160 788 130 396 583 252 572 536 759 100 264 579 628 847 1091 866 605 969 1175 627 247 885 690 447 1151 471 737 194 670 333 974 222 243 582 910 394 180 367 228 0 1139 741 995 631 213 458 586 882 1053 823 593 712 478 554 1064 778 564 407 404 468 194 764 862 366 933 444
341 721 754 946 508 732 829 994 718 1047 484 777 1081 651 1009 745 558 910 622 615 427 1181 880 560 553 924 60 332 674 410 37 802 900 293 592 853 96 687 658 1028 724 935 408 1106 938 924 239 927 1112 837 912 1139 0 777 174 854 988 683 691 747 215 370 673 577 737 637 130 368 717 762 928 671 1045 463 608 905 255 966
824 905 958 244 573 805 108 849 667 509 588 485 596 944 655 486 465 511 322 586 395 833 621 481 350 178 766 733 792 397 812 113 637 712 799 293 725 405 122 778 100 407 401 568 505 992 569 847 844 392 572 741 777 0 604 125 748 553 790 143 581 716 778 224 716 677 794 495 219 407 856 516 796 746 973 800 742 326
347 669 711 771 389 651 662 885 606 884 370 628 924 626 866 598 412 757 455 493 257 1046 744 417 388 756 163 293 599 260 211 627 765 250 532 683 156 531 485 902 549 770 259 944 782 857 88 827 986 675 766 995 174 604 0 679 861 551 612 584 106 316 593 402 634 536 207 217 544 604 830 532 920 406 603 799 239 794
853 878 930 118 571 768 203 771 624 390 591 419 480 933 557 429 458 417 311 561 443 726 543 472 360 226 835 762 765 500 890 53 556 748 786 194 812 363 204 688 129 297 504 447 405 941 630 780 748 306 483 631 854 125 679 0 662 512 760 266 671 738 750 277 673 650 853 535 186 343 791 478 705 753 971 733 784 202
744 462 491 608 479 348 853 126 277 370 503 279 300 576 138 294 456 247 498 372 653 205 133 448 536 888 935 689 399 887 1022 641 114 714 488 468 1013 386 709 40 659 385 892 371 268 377 773 184 125 357 179 213 988 748 861 662 0 310 379 879 935 646 388 655 278 366 899 647 538 349 195 333 58 576 652 152 762 517
484 368 420 516 178 256 661 353 114 435 205 133 432 439 329 103 149 263 239 83 350 497 196 138 251 723 634 411 257 592 719 471 216 427 300 358 704 149 475 351 453 359 596 478 299 440 463 319 435 261 240 458 683 553 551 512 310 0 249 657 624 370 241 393 163 148 606 336 336 184 326 36 369 327 494 278 476 465
390 119 170 765 255 41 897 331 149 648 260 370 619 207 474 347 333 473 468 204 503 583 345 317 455 965 632 361 20 743 720 716 354 397 114 606 743 396 699 411 690 594 746 679 510 247 529 250 482 503 423 586 691 790 612 760 379 249 0 881 710 321 19 604 113 113 579 440 579 432 248 282 422 231 277 245 439 709
854 990 1043 382 644 900 97 974 771 652 654 608 739 1015 793 604 548 648 418 677 427 973 749 564 426 184 747 766 880 340 779 256 766 739 873 435 681 517 182 911 219 550 343 711 645 1098 570 965 980 528 706 882 747 143 584 266 879 657 881 0 537 757 867 279 819 767 787 527 341 532 974 620 929 802 1034 919 761 469
453 772 815 774 475 747 623 968 691 920 459 686 969 732 926 658 478 807 492 575 295 1111 812 486 429 717 232 400 697 197 244 623 832 357 634 705 144 582 469 975 542 803 195 982 829 956 180 915 1059 714 825 1053 215 581 106 671 935 624 710 537 0 421 691 405 722 626 293 289 561 652 918 601 993 510 710 883 345 810
120 357 396 792 199 362 806 634 369 794 172 493 801 310 695 460 302 629 433 289 329 849 559 294 378 892 311 43 303 514 399 686 576 76 223 655 428 439 598 685 627 700 516 843 663 555 248 562 766 595 610 823 370 716 316 738 646 370 321 757 421 0 303 492 377 281 260 230 558 511 562 373 700 93 297 545 119 775
374 127 180 758 238 59 884 345 147 648 242 365 622 206 479 341 318 472 456 192 485 593 348 302 441 953 614 343 15 725 702 706 358 379 100 599 724 387 685 422 678 591 728 681 509 265 510 266 494 498 425 593 673 778 593 750 388 241 19 867 691 303 0 589 117 100 561 421 568 425 264 273 433 214 273 258 421 704
599 711 764 370 365 625 314 732 502 534 376 376 598 737 599 362 270 460 158 402 171 789 521 287 148 400 558 508 602 265 614 224 541 487 594 307 541 269 105 692 148 416 269 597 470 828 354 710 769 346 500 712 577 224 402 277 655 393 604 279 405 492 589 0 550 490 578 270 162 312 718 357 710 528 759 666 518 405
468 225 272 667 247 101 824 258 49 535 263 266 505 321 362 248 286 360 401 156 479 484 231 271 403 886 681 420 130 724 769 633 241 450 211 508 776 312 636 314 616 486 728 565 397 278 546 193 391 400 309 478 737 716 634 673 278 163 113 819 722 377 117 550 0 99 636 437 499 335 196 200 327 300 390 168 496 605
378 228 281 662 154 136 783 357 89 574 167 279 559 291 431 251 219 398 355 91 397 571 294 203 342 852 581 324 115 641 669 605 308 352 153 505 677 288 585 405 577 506 644 612 436 346 449 292 485 409 360 554 637 677 536 650 366 148 113 767 626 281 100 490 99 0 538 345 468 332 294 176 419 210 346 268 399 613
213 599 630 934 427 620 860 894 624 999 400 713 1022 523 935 680 497 849 588 530 411 1098 801 496 521 954 73 218 561 467 147 800 820 186 475 823 217 634 671 939 727 893 467 1054 880 804 224 822 1021 790 842 1064 130 794 207 853 899 606 579 787 293 260 561 578 636 538 0 329 698 711 822 599 955 348 478 804 140 941
329 522 571 608 190 473 580 679 403 679 180 412 712 513 649 381 195 542 259 286 101 829 528 200 192 668 330 240 430 306 406 481 548 217 387 494 372 318 374 688 414 569 309 737 569 686 132 628 772 468 549 778 368 495 217 535 647 336 440 527 289 230 421 270 437 345 329 0 370 394 632 316 706 287 518 595 249 612
676 696 749 237 386 590 328 632 450 372 406 267 440 747 461 266 271 316 126 377 290 647 407 285 182 387 690 585 583 427 755 138 425 574 601 145 691 187 175 571 123 254 432 435 320 773 482 627 642 196 368 564 717 219 544 186 538 336 579 341 561 558 568 162 499 468 698 370 0 190 637 300 589 568 785 581 614 250
631 551 602 333 312 434 515 442 288 288 339 78 319 623 288 87 214 156 165 254 356 478 217 219 223 564 722 547 441 563 800 309 235 551 482 174 760 76 360 384 313 189 567 344 177 598 524 441 459 83 188 407 762 407 604 343 349 184 432 532 652 511 425 312 335 332 711 394 190 0 451 157 402 489 675 393 597 281
638 293 312 758 443 208 965 93 230 554 460 373 492 413 329 370 469 404 561 347 668 370 256 456 578 1014 871 604 268 913 959 760 249 637 361 605 971 457 794 210 760 546 917 563 434 182 743 11 258 489 335 404 928 856 830 791 195 326 248 974 918 562 264 718 196 294 822 632 637 451 0 361 213 476 492 58 682 677
489 400 452 486 175 290 624 385 151 423 203 120 428 466 338 87 123 256 203 97 321 513 212 115 217 687 623 413 288 561 707 436 232 424 324 329 686 114 438 374 416 340 565 470 290 477 445 354 458 238 243 468 671 516 532 478 333 36 282 620 601 373 273 357 200 176 599 316 300 157 361 0 392 338 517 312 473 439
796 496 522 644 536 389 899 126 331 389 560 334 310 613 158 351 515 287 554 430 712 161 189 507 594 931 992 743 443 945 1079 687 169 769 534 511 1071 443 762 18 709 420 950 381 304 388 832 203 66 403 224 194 1045 796 920 705 58 369 422 929 993 700 433 710 327 419 955 706 589 402 213 392 0 628 691 183 817 550
168 264 305 794 184 272 842 553 300 761 162 458 758 228 639 425 298 590 442 244 379 781 501 286 397 924 403 130 213 587 490 702 517 169 129 648 522 424 634 614 652 677 589 806 626 461 333 478 692 573 562 764 463 746 406 753 576 327 231 802 510 93 214 528 300 210 348 287 568 489 476 338 628 0 232 464 208 765
267 199 195 999 401 304 1072 584 418 918 385 626 895 79 751 598 513 742 660 421 612 853 622 499 623 1152 548 310 260 811 624 921 631 353 193 845 687 622 864 682 877 853 813 953 780 390 544 499 746 754 697 862 608 973 603 971 652 494 277 1034 710 297 273 759 390 346 478 518 785 675 492 517 691 232 0 508 368 957
630 313 339 700 409 208 908 89 192 499 428 315 442 430 280 314 424 346 509 308 625 345 198 411 529 956 849 587 265 869 937 702 192 618 358 547 943 402 739 176 704 488 873 511 377 233 711 47 239 431 278 366 905 800 799 733 152 278 245 919 883 545 258 666 168 268 804 595 581 393 58 312 183 464 508 0 664 619
108 465 500 851 298 480 822 754 485 885 270 590 901 401 804 557 383 728 494 397 347 963 669 379 431 913 195 78 421 477 281 730 687 48 337 727 323 523 620 801 663 785 477 938 760 668 200 682 883 680 715 933 255 742 239 784 762 476 439 761 345 119 421 518 496 399 140 249 614 597 682 473 817 208 368 664 0 846
895 827 876 100 583 707 403 638 561 193 608 339 287 904 393 362 472 274 353 535 539 543 420 482 420 404 937 807 719 662 1004 220 428 803 764 119 941 340 373 536 292 132 667 246 249 846 729 666 583 205 344 444 966 326 794 202 517 465 709 469 810 775 704 405 605 613 941 612 250 281 677 439 550 765 957 619 846 0
