74
0 912 413 400 642 621 590 364 438 699 447 648 438 835 883 937 434 934 310 383 609 688 559 304 379 799 798 406 305 802 687 465 109 611 503 384 472 881 475 813 306 386 155 679 424 784 75 535 491 259 335 519 418 447 630 835 306 353 618 599 919 887 313 449 537 825 705 209 364 352 357 178 792 318
912 0 904 648 514 306 583 840 710 355 490 598 478 135 219 81 1118 616 736 597 500 308 364 743 899 346 629 509 653 383 587 835 991 320 423 699 968 705 499 492 903 877 757 390 846 437 846 607 824 742 902 678 1097 466 525 698 938 570 320 393 20 239 694 978 519 100 441 830 569 562 879 778 310 751
413 904 0 682 438 606 849 76 755 850 442 911 553 783 972 891 847 1168 636 328 429 809 653 201 34 646 1058 533 562 966 943 829 511 701 508 209 77 1154 411 1020 701 35 395 846 60 973 436 804 121 241 78 820 831 543 862 1113 709 413 714 752 901 984 251 76 388 803 525 217 394 498 742 294 925 185
400 648 682 0 640 445 190 608 88 341 376 248 241 624 544 701 470 533 103 424 599 356 299 487 655 696 400 228 120 423 287 213 424 331 377 524 758 487 439 416 258 647 302 312 658 396 326 135 696 441 625 138 449 264 233 443 293 317 328 261 661 542 447 747 537 590 658 480 344 220 231 396 433 505
642 514 438 640 0 284 725 396 729 608 264 777 405 380 648 480 1014 958 664 264 41 548 422 356 446 209 893 413 554 714 794 849 750 446 274 279 486 991 204 802 808 421 514 623 378 743 609 706 334 389 466 756 994 383 704 961 833 343 461 543 505 665 331 504 111 417 86 467 318 426 819 464 649 351
621 306 606 445 284 0 475 539 528 326 184 518 216 213 377 317 891 675 506 291 252 265 161 437 598 254 619 242 404 430 529 658 709 169 119 398 674 716 195 520 672 577 466 344 551 460 560 468 540 436 598 531 870 196 441 689 705 270 182 273 307 393 387 682 240 210 253 524 265 287 664 475 366 445
590 583 849 190 725 475 0 773 179 230 478 61 330 600 426 651 587 343 286 557 685 276 313 648 824 727 212 335 300 269 97 273 609 314 452 671 926 305 540 234 406 814 486 195 818 228 516 56 847 608 798 109 569 349 64 263 440 451 304 209 600 418 603 918 636 554 720 658 476 356 359 574 306 666
364 840 76 608 396 539 773 0 683 775 370 835 477 723 900 832 797 1092 566 255 381 735 579 125 59 599 982 457 488 891 867 761 468 628 436 141 153 1078 343 944 640 41 327 771 59 897 377 729 129 167 70 747 780 468 786 1037 651 337 641 677 838 912 175 150 332 740 480 157 319 421 678 227 851 108
438 710 755 88 729 528 179 683 0 380 465 224 328 697 584 768 418 509 128 510 688 407 376 564 726 780 367 316 197 443 265 130 439 401 464 607 830 444 527 413 226 720 364 347 734 406 368 126 777 516 693 82 399 351 239 398 260 404 396 317 724 580 528 817 626 660 745 546 432 308 182 463 467 583
699 355 850 341 608 326 230 775 380 0 417 243 299 391 204 427 798 349 443 524 574 64 201 652 832 553 301 324 397 116 235 496 749 164 362 647 926 394 467 193 597 816 560 34 806 134 624 262 815 627 817 332 779 307 169 372 632 439 149 102 373 201 600 925 545 339 579 699 455 372 561 623 93 667
447 490 442 376 264 184 478 370 465 417 0 535 148 393 530 500 767 754 402 114 223 370 215 258 429 362 666 150 291 533 558 584 543 261 68 233 515 765 63 600 553 410 296 419 393 547 394 451 398 252 423 497 746 129 468 730 581 97 274 327 492 542 206 518 161 394 292 340 84 162 559 292 485 269
648 598 911 248 777 518 61 835 224 243 535 0 387 628 424 670 615 287 340 617 738 298 359 710 886 767 151 394 361 254 40 297 661 353 505 732 988 243 596 196 446 876 547 209 879 204 574 113 908 670 860 144 597 406 79 202 479 511 342 246 617 413 664 980 691 579 768 719 536 416 395 636 304 728
438 478 553 241 405 216 330 477 328 299 148 387 0 418 454 511 675 619 291 235 364 267 122 353 534 457 521 31 188 415 411 454 513 175 135 356 629 620 211 468 456 519 285 293 512 419 369 303 530 327 518 351 654 22 323 584 488 140 183 199 486 461 302 627 308 398 417 401 159 85 449 330 382 369
835 135 783 624 380 213 600 723 697 391 393 628 418 0 319 108 1086 700 699 491 369 331 324 635 781 214 688 447 604 452 625 827 922 296 332 583 844 774 390 560 868 758 679 422 725 501 773 612 698 641 787 681 1065 401 549 759 901 483 302 393 124 339 588 857 395 57 306 729 476 496 852 686 377 640
883 219 972 544 648 377 426 900 584 204 530 424 454 319 0 301 1003 397 644 644 623 195 333 786 960 526 423 484 588 178 403 697 941 280 464 762 1044 492 563 282 801 941 735 237 921 235 809 464 915 771 952 533 983 453 362 488 836 581 270 289 239 20 733 1048 617 262 593 851 591 537 765 783 120 798
937 81 891 701 480 317 651 832 768 427 500 670 511 108 301 0 1168 698 783 600 473 375 406 744 890 294 708 541 693 463 661 895 1021 369 436 692 951 786 498 572 951 866 781 461 832 516 873 671 804 749 896 742 1148 497 595 777 986 587 372 453 61 321 696 964 503 113 401 837 582 592 931 792 389 749
434 1118 847 470 1014 891 587 797 418 798 767 615 675 1086 1003 1168 0 868 387 753 975 823 763 721 813 1124 724 650 487 857 652 317 339 799 796 795 904 766 817 811 219 820 508 766 857 815 426 541 922 670 769 478 21 695 651 723 186 675 798 729 1131 998 714 879 903 1057 1058 640 698 612 239 588 886 737
934 616 1168 533 958 675 343 1092 509 349 754 287 619 700 397 698 868 0 627 854 923 410 544 966 1146 889 145 635 640 251 247 558 948 512 706 975 1245 127 809 156 724 1133 825 338 1130 214 860 398 1148 932 1125 427 853 632 310 155 755 756 498 427 637 378 917 1240 892 643 926 991 778 671 670 908 325 983
310 736 636 103 664 506 286 566 128 443 402 340 291 699 644 783 387 627 0 422 622 453 376 452 606 747 489 268 110 527 380 198 322 415 419 504 710 570 460 517 168 602 242 415 620 499 240 230 668 403 572 208 365 312 335 524 202 323 415 357 748 643 422 695 555 671 693 423 349 239 159 342 536 472
383 597 328 424 264 291 557 255 510 524 114 617 235 491 644 600 753 854 422 0 227 481 325 146 315 418 756 223 317 641 644 617 488 373 181 122 402 854 102 702 551 296 249 524 281 651 345 522 294 150 309 556 733 221 557 817 575 108 386 430 597 656 96 404 155 499 322 239 81 206 569 210 597 155
609 500 429 599 41 252 685 381 688 574 223 738 364 369 623 473 975 923 622 227 0 515 385 330 434 218 855 371 512 681 756 808 715 411 233 255 482 954 162 767 767 409 477 587 368 709 573 665 332 359 450 715 955 342 665 923 793 302 426 506 493 640 300 498 72 401 101 439 277 384 778 432 618 326
688 308 809 356 548 265 276 735 407 64 370 298 267 331 195 375 823 410 453 481 515 0 155 614 793 489 365 295 393 167 294 530 746 109 311 603 884 458 416 255 614 776 543 91 762 195 614 299 767 593 781 370 802 271 220 436 650 403 95 95 324 198 562 885 490 280 516 669 417 347 583 597 116 628
559 364 653 299 422 161 313 579 376 201 215 359 122 324 333 406 763 544 376 325 385 155 0 459 637 415 470 153 288 317 373 506 630 53 162 447 728 569 265 388 545 620 407 207 606 333 489 307 614 439 625 371 742 119 283 538 579 249 63 120 374 342 406 729 348 294 408 518 261 207 527 450 272 472
304 743 201 487 356 437 648 125 564 652 258 710 353 635 786 744 721 966 452 146 330 614 459 0 180 542 856 332 367 768 742 650 414 509 327 81 279 953 245 819 545 167 222 647 171 772 294 605 215 51 166 625 703 345 660 912 560 213 522 553 743 797 52 274 265 645 431 110 197 296 577 132 730 19
379 899 34 655 446 598 824 59 726 832 429 886 534 781 960 890 813 1146 606 315 434 793 637 180 0 652 1034 513 534 949 919 798 477 687 496 200 104 1129 403 999 668 24 364 828 74 953 403 779 144 216 44 793 797 525 839 1088 676 394 699 734 897 972 232 94 388 799 532 185 377 475 709 264 909 165
799 346 646 696 209 254 727 599 780 553 362 767 457 214 526 294 1124 889 747 418 218 489 415 542 652 0 854 478 639 637 774 909 900 413 328 471 695 947 324 740 907 628 654 577 585 679 752 723 543 564 669 786 1103 435 688 925 938 458 425 521 333 546 506 713 276 266 122 649 441 512 906 629 564 541
798 629 1058 400 893 619 212 982 367 301 666 151 521 688 423 708 724 145 489 756 855 365 470 856 1034 854 0 532 512 246 115 412 807 450 627 874 1135 99 725 141 579 1023 698 277 1024 191 725 264 1049 818 1009 284 709 538 198 71 609 653 436 349 649 407 809 1128 815 633 872 870 676 561 524 787 319 874
406 509 533 228 413 242 335 457 316 324 150 394 31 447 484 541 650 635 268 223 371 295 153 332 513 478 532 0 162 439 421 439 481 206 151 341 610 631 213 486 431 499 254 315 494 440 337 303 516 303 495 346 629 45 334 593 463 121 214 222 517 491 282 607 312 428 430 375 143 54 427 301 409 348
305 653 562 120 554 404 300 488 197 397 291 361 188 604 588 693 487 640 110 317 512 393 288 367 534 639 512 162 0 497 397 300 353 334 310 409 638 603 350 510 269 527 186 375 538 480 229 249 579 321 504 258 466 207 330 559 300 214 336 300 663 590 330 627 445 580 583 360 242 129 268 276 490 386
802 383 966 423 714 430 269 891 443 116 533 254 415 452 178 463 857 251 527 641 681 167 317 768 949 637 246 439 497 0 228 543 843 276 477 763 1042 323 581 109 668 933 668 124 922 56 726 317 931 742 933 379 838 423 205 314 703 555 261 216 403 164 716 1041 657 396 677 813 572 485 625 736 75 783
687 587 943 287 794 529 97 867 265 235 558 40 411 625 403 661 652 247 380 644 756 294 373 742 919 774 115 421 397 228 0 334 702 361 524 761 1020 211 618 159 486 908 583 203 910 175 613 152 937 703 894 184 634 429 90 172 519 540 348 255 606 391 695 1013 711 574 781 755 564 447 435 671 285 759
465 835 829 213 849 658 273 761 130 496 584 297 454 827 697 895 317 558 198 617 808 530 506 650 798 909 412 439 300 543 334 0 435 531 589 702 901 467 645 493 180 795 434 462 816 498 408 233 865 599 761 164 300 477 338 421 204 514 525 442 851 691 620 884 743 789 870 613 542 423 121 534 578 669
109 991 511 424 750 709 609 468 439 749 543 661 513 922 941 1021 339 948 322 488 715 746 630 414 477 900 807 481 353 843 702 435 0 680 594 494 566 881 576 840 258 487 247 725 528 819 149 553 597 369 433 522 325 525 657 835 246 446 684 653 998 944 422 540 643 908 810 317 461 429 316 287 842 427
611 320 701 331 446 169 314 628 401 164 261 353 175 296 280 369 799 512 415 373 411 109 53 509 687 413 450 206 334 276 361 531 680 0 201 494 776 547 306 356 583 669 459 176 654 298 540 318 658 491 676 386 778 172 274 520 618 301 14 107 332 289 457 777 382 259 422 571 312 260 562 503 224 522
503 423 508 377 274 119 452 436 464 362 68 505 135 332 464 436 796 706 419 181 233 311 162 327 496 328 627 151 310 477 524 589 594 201 0 298 580 726 104 550 579 476 349 369 457 495 445 432 457 320 491 485 775 113 433 693 609 151 215 280 425 476 275 584 188 328 281 407 146 184 578 356 425 337
384 699 209 524 279 398 671 141 607 647 233 732 356 583 762 692 795 975 504 122 255 603 447 81 200 471 874 341 409 763 761 702 494 494 298 0 281 972 202 823 611 179 289 646 159 773 369 633 175 126 204 661 776 343 675 933 629 221 508 552 697 775 83 286 197 598 357 190 197 316 638 209 718 73
472 968 77 758 486 674 926 153 830 926 515 988 629 844 1044 951 904 1245 710 402 482 884 728 279 104 695 1135 610 638 1042 1020 901 566 776 580 281 0 1231 481 1097 768 112 468 923 123 1049 503 881 152 318 140 897 889 619 939 1190 774 490 789 828 964 1057 328 31 449 867 573 288 470 575 811 367 1000 262
881 705 1154 487 991 716 305 1078 444 394 765 243 620 774 492 786 766 127 570 854 954 458 569 953 1129 947 99 631 603 323 211 467 881 547 726 972 1231 0 824 214 643 1119 788 372 1121 272 809 354 1147 913 1103 362 753 637 297 46 670 751 533 448 726 474 906 1223 914 718 969 963 775 658 585 879 399 970
475 499 411 439 204 195 540 343 527 467 63 596 211 390 563 498 817 809 460 102 162 416 265 245 403 324 725 213 350 581 618 645 576 306 104 202 481 824 0 654 607 382 330 472 358 599 429 514 353 252 403 560 796 190 528 790 633 142 320 382 498 577 198 487 98 399 241 341 119 222 616 308 529 252
813 492 1020 416 802 520 234 944 413 193 600 196 468 560 282 572 811 156 517 702 767 255 388 819 999 740 141 486 510 109 159 493 840 356 550 823 1097 214 654 0 639 985 692 181 980 60 737 289 996 787 980 338 793 480 183 206 673 607 341 272 512 265 768 1093 736 504 771 850 627 525 590 770 184 835
306 903 701 258 808 672 406 640 226 597 553 446 456 868 801 951 219 724 168 551 767 614 545 545 668 907 579 431 269 668 486 180 258 583 579 611 768 643 607 639 0 670 322 566 699 632 265 353 757 493 628 302 197 476 465 597 35 465 582 519 915 798 527 747 697 839 846 484 489 395 59 416 687 563
386 877 35 647 421 577 814 41 720 816 410 876 519 758 941 866 820 1133 602 296 409 776 620 167 24 628 1023 499 527 933 908 795 487 669 476 179 112 1119 382 985 670 0 361 812 51 938 405 769 123 206 59 785 804 509 827 1078 679 379 682 718 874 953 217 108 364 776 507 186 360 463 710 260 892 150
155 757 395 302 514 466 486 327 364 560 296 547 285 679 735 781 508 825 242 249 477 543 407 222 364 654 698 254 186 668 583 434 247 459 349 289 468 788 330 692 322 361 0 544 383 657 98 434 437 170 329 436 489 292 515 744 339 199 467 458 763 741 206 453 404 670 568 181 214 199 354 100 651 241
679 390 846 312 623 344 195 771 347 34 419 209 293 422 237 461 766 338 415 524 587 91 207 647 828 577 277 315 375 124 203 462 725 176 369 646 923 372 472 181 566 812 544 0 804 127 604 228 816 619 811 298 746 303 134 348 601 433 162 94 408 232 595 921 554 370 597 688 452 360 529 611 121 662
424 846 60 658 378 551 818 59 734 806 393 879 512 725 921 832 857 1130 620 281 368 762 606 171 74 585 1024 494 538 922 910 816 528 654 457 159 123 1121 358 980 699 51 383 804 0 931 437 775 73 218 110 796 840 500 827 1081 710 373 667 710 843 934 215 132 329 746 464 217 352 463 736 284 878 152
784 437 973 396 743 460 228 897 406 134 547 204 419 501 235 516 815 214 499 651 709 195 333 772 953 679 191 440 480 56 175 498 819 298 495 773 1049 272 599 60 632 938 657 127 931 0 709 279 944 743 935 337 796 430 167 260 667 559 283 221 457 220 721 1047 680 445 711 809 578 482 587 730 127 788
75 846 436 326 609 560 516 377 368 624 394 574 369 773 809 873 426 860 240 345 573 614 489 294 403 752 725 337 229 726 613 408 149 540 445 369 503 809 429 737 265 405 98 604 437 709 0 461 499 244 362 448 408 379 555 764 273 297 546 524 853 813 290 483 500 761 665 220 312 283 309 161 717 310
535 607 804 135 706 468 56 729 126 262 451 113 303 612 464 671 541 398 230 522 665 299 307 605 779 723 264 303 249 317 152 233 553 318 432 633 881 354 514 289 353 769 434 228 775 279 461 0 808 563 751 71 522 324 112 310 387 414 310 218 623 458 561 872 611 568 707 609 441 317 308 525 345 623
491 824 121 696 334 540 847 129 777 815 398 908 530 698 915 804 922 1148 668 294 332 767 614 215 144 543 1049 516 579 931 937 865 597 658 457 175 152 1147 353 996 757 123 437 816 73 944 499 808 0 267 183 834 905 515 851 1109 770 396 672 723 819 930 249 173 305 724 421 282 372 491 791 341 882 196
259 742 241 441 389 436 608 167 516 627 252 670 327 641 771 749 670 932 403 150 359 593 439 51 216 564 818 303 321 742 703 599 369 491 320 126 318 913 252 787 493 206 170 619 218 743 244 563 267 0 192 580 652 321 623 872 508 189 502 526 744 780 58 309 290 646 459 88 180 261 525 83 708 70
335 902 78 625 466 598 798 70 693 817 423 860 518 787 952 896 769 1125 572 309 450 781 625 166 44 669 1009 495 504 933 894 761 433 676 491 204 140 1103 403 980 628 59 329 811 110 935 362 751 183 192 0 762 754 510 815 1061 635 378 688 717 900 963 219 123 399 802 550 148 363 454 670 230 897 154
519 678 820 138 756 531 109 747 82 332 497 144 351 681 533 742 478 427 208 556 715 370 371 625 793 786 284 346 258 379 184 164 522 386 485 661 897 362 560 338 302 785 436 298 796 337 448 71 834 580 762 0 459 373 174 316 334 448 378 289 694 526 585 885 658 639 763 616 476 350 252 533 413 644
418 1097 831 449 994 870 569 780 399 779 746 597 654 1065 983 1148 21 853 365 733 955 802 742 703 797 1103 709 629 466 838 634 300 325 778 775 776 889 753 796 793 197 804 489 746 840 796 408 522 905 652 754 459 0 674 633 709 165 654 777 709 1110 979 695 864 883 1036 1037 623 677 591 219 570 866 719
447 466 543 264 383 196 349 468 351 307 129 406 22 401 453 497 695 632 312 221 342 271 119 345 525 435 538 45 207 423 429 477 525 172 113 343 619 637 190 480 476 509 292 303 500 430 379 324 515 321 510 373 674 0 340 602 508 132 182 209 473 461 293 618 287 384 394 399 148 95 471 330 386 360
630 525 862 233 704 441 64 786 239 169 468 79 323 549 362 595 651 310 335 557 665 220 283 660 839 688 198 334 330 205 90 338 657 274 433 675 939 297 528 183 465 827 515 134 827 167 555 112 851 623 815 174 633 340 0 261 499 454 262 167 542 353 612 933 621 501 691 680 478 364 420 597 241 677
835 698 1113 443 961 689 263 1037 398 372 730 202 584 759 488 777 723 155 524 817 923 436 538 912 1088 925 71 593 559 314 172 421 835 520 693 933 1190 46 790 206 597 1078 744 348 1081 260 764 310 1109 872 1061 316 709 602 261 0 624 712 506 418 718 471 866 1181 881 704 942 920 736 618 539 836 388 930
306 938 709 293 833 705 440 651 260 632 581 479 488 901 836 986 186 755 202 575 793 650 579 560 676 938 609 463 300 703 519 204 246 618 609 629 774 670 633 673 35 679 339 601 710 667 273 387 770 508 635 334 165 508 499 624 0 491 617 555 950 834 546 753 722 873 873 494 515 425 85 430 723 578
353 570 413 317 343 270 451 337 404 439 97 511 140 483 581 587 675 756 323 108 302 403 249 213 394 458 653 121 214 555 540 514 446 301 151 221 490 751 142 607 465 379 199 433 373 559 297 414 396 189 378 448 654 132 454 712 491 0 313 339 574 591 161 487 233 478 383 270 27 98 476 208 519 228
618 320 714 328 461 182 304 641 396 149 274 342 183 302 270 372 798 498 415 386 426 95 63 522 699 425 436 214 336 261 348 525 684 14 215 508 789 533 320 341 582 682 467 162 667 283 546 310 672 502 688 378 777 182 262 506 617 313 0 95 333 278 469 790 396 263 436 581 324 268 559 513 210 535
599 393 752 261 543 273 209 677 317 102 327 246 199 393 289 453 729 427 357 430 506 95 120 553 734 521 349 222 300 216 255 442 653 107 280 552 828 448 382 272 519 718 458 94 710 221 524 218 723 526 717 289 709 209 167 418 555 339 95 0 408 291 501 827 468 350 525 596 358 269 489 520 193 568
919 20 901 661 505 307 600 838 724 373 492 617 486 124 239 61 1131 637 748 597 493 324 374 743 897 333 649 517 663 403 606 851 998 332 425 697 964 726 498 512 915 874 763 408 843 457 853 623 819 744 900 694 1110 473 542 718 950 574 333 408 0 259 694 975 515 98 430 832 572 569 892 781 330 750
887 239 984 542 665 393 418 912 580 201 542 413 461 339 20 321 998 378 643 656 640 198 342 797 972 546 407 491 590 164 391 691 944 289 476 775 1057 474 577 265 798 953 741 232 934 220 813 458 930 780 963 526 979 461 353 471 834 591 278 291 259 0 744 1061 633 283 611 860 601 544 761 791 112 809
313 694 251 447 331 387 603 175 528 600 206 664 302 588 733 696 714 917 422 96 300 562 406 52 232 506 809 282 330 716 695 620 422 457 275 83 328 906 198 768 527 217 206 595 215 721 290 561 249 58 219 585 695 293 612 866 546 161 469 501 694 744 0 325 232 596 400 144 145 248 555 135 678 66
449 978 76 747 504 682 918 150 817 925 518 980 627 857 1048 964 879 1240 695 404 498 885 729 274 94 713 1128 607 627 1041 1013 884 540 777 584 286 31 1223 487 1093 747 108 453 921 132 1047 483 872 173 309 123 885 864 618 933 1181 753 487 790 827 975 1061 325 0 461 878 591 271 469 569 792 353 1001 258
537 519 388 537 111 240 636 332 626 545 161 691 308 395 617 503 903 892 555 155 72 490 348 265 388 276 815 312 445 657 711 743 643 382 188 197 449 914 98 736 697 364 404 554 329 680 500 611 305 290 399 658 883 287 621 881 722 233 396 468 515 633 232 461 0 418 169 374 207 319 709 361 599 264
825 100 803 590 417 210 554 740 660 339 394 579 398 57 262 113 1057 643 671 499 401 280 294 645 799 266 633 428 580 396 574 789 908 259 328 598 867 718 399 504 839 776 670 370 746 445 761 568 724 646 802 639 1036 384 501 704 873 478 263 350 98 283 596 878 418 0 348 734 475 479 820 685 320 651
705 441 525 658 86 253 720 480 745 579 292 768 417 306 593 401 1058 926 693 322 101 516 408 431 532 122 872 430 583 677 781 870 810 422 281 357 573 969 241 771 846 507 568 597 464 711 665 707 421 459 550 763 1037 394 691 942 873 383 436 525 430 611 400 591 169 348 0 541 360 453 851 530 608 428
209 830 217 480 467 524 658 157 546 699 340 719 401 729 851 837 640 991 423 239 439 669 518 110 185 649 870 375 360 813 755 613 317 571 407 190 288 963 341 850 484 186 181 688 217 809 220 609 282 88 148 616 623 399 680 920 494 270 581 596 832 860 144 271 374 734 541 0 264 327 524 83 784 118
364 569 394 344 318 265 476 319 432 455 84 536 159 476 591 582 698 778 349 81 277 417 261 197 377 441 676 143 242 572 564 542 461 312 146 197 470 775 119 627 489 360 214 452 352 578 312 441 372 180 363 476 677 148 478 736 515 27 324 358 572 601 145 469 207 475 360 264 0 125 502 210 533 211
352 562 498 220 426 287 356 421 308 372 162 416 85 496 537 592 612 671 239 206 384 347 207 296 475 512 561 54 129 485 447 423 429 260 184 316 575 658 222 525 395 463 199 360 463 482 283 317 491 261 454 350 591 95 364 618 425 98 268 269 569 544 248 569 319 479 453 327 125 0 398 251 459 313
357 879 742 231 819 664 359 678 182 561 559 395 449 852 765 931 239 670 159 569 778 583 527 577 709 906 524 427 268 625 435 121 316 562 578 638 811 585 616 590 59 710 354 529 736 587 309 308 791 525 670 252 219 471 420 539 85 476 559 489 892 761 555 792 709 820 851 524 502 398 0 452 649 595
178 778 294 396 464 475 574 227 463 623 292 636 330 686 783 792 588 908 342 210 432 597 450 132 264 629 787 301 276 736 671 534 287 503 356 209 367 879 308 770 416 260 100 611 284 730 161 525 341 83 230 533 570 330 597 836 430 208 513 520 781 791 135 353 361 685 530 83 210 251 452 0 710 149
792 310 925 433 649 366 306 851 467 93 485 304 382 377 120 389 886 325 536 597 618 116 272 730 909 564 319 409 490 75 285 578 842 224 425 718 1000 399 529 184 687 892 651 121 878 127 717 345 882 708 897 413 866 386 241 388 723 519 210 193 330 112 678 1001 599 320 608 784 533 459 649 710 0 744
318 751 185 505 351 445 666 108 583 667 269 728 369 640 798 749 737 983 472 155 326 628 472 19 165 541 874 348 386 783 759 669 427 522 337 73 262 970 252 835 563 150 241 662 152 788 310 623 196 70 154 644 719 360 677 930 578 228 535 568 750 809 66 258 264 651 428 118 211 313 595 149 744 0
