44
0 239 604 596 108 438 675 560 272 148 542 434 318 469 535 801 784 588 518 575 1027 237 216 494 239 603 324 622 440 795 731 784 715 822 295 726 319 848 618 193 541 1008 633 316
239 0 755 714 346 460 614 323 508 150 671 579 536 648 313 933 640 354 280 574 922 402 450 664 47 582 556 725 204 915 876 809 568 771 526 681 554 851 391 222 382 941 570 545
604 755 0 111 537 396 602 984 576 743 104 176 352 156 901 204 861 987 955 432 927 368 593 120 720 483 419 159 937 213 128 435 823 650 619 583 594 528 978 533 760 813 590 404
596 714 111 0 547 310 494 915 618 725 57 168 396 217 827 219 756 914 891 326 816 360 624 181 676 376 471 52 884 202 176 329 722 539 662 472 643 422 900 492 673 704 485 453
108 346 537 547 0 449 709 665 177 250 490 379 220 391 633 739 849 691 623 587 1071 193 132 420 342 622 216 580 548 739 665 775 781 847 209 750 225 848 717 249 618 1036 669 209
438 460 396 310 449 0 276 611 596 522 292 267 436 382 518 521 490 607 590 138 643 280 572 369 415 174 509 299 599 491 487 354 441 399 639 304 638 411 590 262 364 589 244 488
675 614 602 494 709 276 0 620 867 721 505 522 711 635 514 653 270 597 618 172 367 554 837 615 567 120 785 457 676 609 652 303 254 157 908 77 910 289 554 483 313 333 44 764
560 323 984 915 665 611 620 0 832 463 886 818 836 910 106 1131 504 44 44 670 814 678 774 916 323 652 868 910 157 1102 1090 897 445 763 850 698 878 906 107 478 307 889 584 855
272 508 576 618 177 596 867 832 0 385 561 454 224 420 807 778 1023 860 789 730 1233 317 60 456 512 770 161 661 704 789 697 893 956 996 44 901 47 973 890 425 795 1185 829 173
148 150 743 725 250 522 721 463 385 0 674 569 466 615 463 937 779 497 418 652 1050 375 325 637 180 670 466 746 322 927 870 877 708 876 396 782 428 931 538 259 523 1054 677 460
542 671 104 57 490 292 505 886 561 674 0 111 339 166 801 263 759 887 859 333 840 305 567 132 634 384 415 102 846 252 206 372 720 564 605 491 587 463 877 448 656 736 490 397
434 579 176 168 379 267 522 818 454 569 111 0 238 115 741 367 757 824 788 352 877 196 457 104 545 403 316 207 763 362 300 451 708 609 499 525 483 538 820 358 618 791 499 297
318 536 352 396 220 436 711 836 224 466 339 238 0 196 784 555 909 854 798 555 1078 175 242 232 519 602 78 441 740 565 475 687 850 822 267 731 247 773 869 364 717 1009 680 59
469 648 156 217 391 382 635 910 420 615 166 115 196 0 839 359 872 920 877 464 987 246 437 37 620 516 263 267 842 369 279 538 823 716 462 635 438 629 921 437 727 894 613 248
535 313 901 827 633 518 514 106 807 463 801 741 784 839 0 1040 409 88 113 568 718 618 752 842 297 548 824 818 211 1008 1003 793 346 657 830 591 854 800 84 420 200 786 478 809
801 933 204 219 739 521 653 1131 778 937 263 367 555 359 1040 0 923 1128 1108 504 921 564 796 324 895 547 619 221 1103 50 83 400 899 652 820 611 794 484 1110 710 875 782 655 605
784 640 861 756 849 490 270 504 1023 779 759 757 909 872 409 923 0 467 521 429 309 737 981 857 601 381 974 723 616 879 920 562 71 334 1058 323 1069 524 407 600 257 401 271 955
588 354 987 914 691 607 597 44 860 497 887 824 854 920 88 1128 467 0 84 657 776 692 803 924 348 636 889 906 199 1097 1090 880 410 736 880 674 906 885 63 493 284 856 563 875
518 280 955 891 623 590 618 44 789 418 859 788 798 877 113 1108 521 84 0 657 831 642 730 885 281 642 827 887 115 1080 1065 887 459 765 807 696 834 901 141 442 307 898 581 815
575 574 432 326 587 138 172 670 730 652 333 352 555 464 568 504 429 657 657 0 526 412 708 443 528 51 631 294 686 464 492 237 397 267 773 176 770 279 628 394 383 456 158 611
1027 922 927 816 1071 643 367 814 1233 1050 840 877 1078 987 718 921 309 776 831 526 0 922 1201 962 879 477 1152 770 922 871 945 520 372 277 1273 352 1277 441 715 834 549 166 403 1132
237 402 368 360 193 280 554 678 317 375 305 196 175 246 618 564 737 692 642 412 922 0 299 265 375 453 237 390 599 558 495 585 676 678 361 584 358 660 702 200 541 868 519 218
216 450 593 624 132 572 837 774 60 325 567 457 242 437 752 796 981 803 730 708 1201 299 0 472 455 746 193 664 644 804 716 883 914 971 79 875 103 960 834 381 748 1161 798 200
494 664 120 181 420 369 615 916 456 637 132 104 232 37 842 324 857 924 885 443 962 265 472 0 633 495 300 232 854 333 245 504 810 689 499 611 476 596 922 448 722 865 595 285
239 47 720 676 342 415 567 323 512 180 634 545 519 620 297 895 601 348 281 528 879 375 455 633 0 535 546 685 223 876 840 763 529 724 534 634 558 804 378 186 344 895 523 534
603 582 483 376 622 174 120 652 770 670 384 403 602 516 548 547 381 636 642 51 477 453 746 495 535 0 677 342 680 505 539 245 352 225 813 130 812 269 602 416 356 415 109 657
324 556 419 471 216 509 785 868 161 466 415 316 78 263 824 619 974 889 827 631 1152 237 193 300 546 677 0 517 760 632 537 766 913 899 201 807 175 851 908 408 772 1086 752 20
622 725 159 52 580 299 457 910 661 746 102 207 441 267 818 221 723 906 887 294 770 390 664 232 685 342 517 0 887 193 197 278 692 492 706 430 688 371 888 504 655 654 451 499
440 204 937 884 548 599 676 157 704 322 846 763 740 842 211 1103 616 199 115 686 922 599 644 854 223 680 760 887 0 1080 1053 922 549 829 718 751 748 947 257 406 379 976 635 750
795 915 213 202 739 491 609 1102 789 927 252 362 565 369 1008 50 879 1097 1080 464 871 558 804 333 876 505 632 193 1080 0 112 350 857 602 832 564 808 434 1077 693 840 731 612 618
731 876 128 176 665 487 652 1090 697 870 206 300 475 279 1003 83 920 1090 1065 492 945 495 716 245 840 539 537 197 1053 112 0 429 890 670 738 618 711 518 1077 653 849 815 648 524
784 809 435 329 775 354 303 897 893 877 372 451 687 538 793 400 562 880 887 237 520 585 883 504 763 245 766 278 922 350 429 0 557 255 937 238 927 93 844 617 597 386 325 746
715 568 823 722 781 441 254 445 956 708 720 708 850 823 346 899 71 410 459 397 372 676 914 810 529 352 913 692 549 857 890 557 0 351 991 320 1003 531 353 532 185 447 244 894
822 771 650 539 847 399 157 763 996 876 564 609 822 716 657 652 334 736 765 267 277 678 971 689 724 225 899 492 829 602 670 255 351 0 1038 96 1037 195 687 631 458 189 201 878
295 526 619 662 209 639 908 850 44 396 605 499 267 462 830 820 1058 880 807 773 1273 361 79 499 534 813 201 706 718 832 738 937 991 1038 0 943 39 1017 912 459 827 1228 870 214
726 681 583 472 750 304 77 698 901 782 491 525 731 635 591 611 323 674 696 176 352 584 875 611 634 130 807 430 751 564 618 238 320 96 943 0 942 214 631 535 391 285 116 787
319 554 594 643 225 638 910 878 47 428 587 483 247 438 854 794 1069 906 834 770 1277 358 103 476 558 812 175 688 748 808 711 927 1003 1037 39 942 0 1008 937 472 843 1226 873 191
848 851 528 422 848 411 289 906 973 931 463 538 773 629 800 484 524 885 901 279 441 660 960 596 804 269 851 371 947 434 518 93 531 195 1017 214 1008 0 843 672 600 297 321 831
618 391 978 900 717 590 554 107 890 538 877 820 869 921 84 1110 407 63 141 628 715 702 834 922 378 602 908 888 257 1077 1077 844 353 687 912 631 937 843 0 504 246 800 522 894
193 222 533 492 249 262 483 478 425 259 448 358 364 437 420 710 600 493 442 394 834 200 381 448 186 416 408 504 406 693 653 617 532 631 459 535 472 672 504 0 371 816 440 392
541 382 760 673 618 364 313 307 795 523 656 618 717 727 200 875 257 284 307 383 549 541 748 722 344 356 772 655 379 840 849 597 185 458 827 391 843 600 246 371 0 596 278 754
1008 941 813 704 1036 589 333 889 1185 1054 736 791 1009 894 786 782 401 856 898 456 166 868 1161 865 895 415 1086 654 976 731 815 386 447 189 1228 285 1226 297 800 816 596 0 377 1066
633 570 590 485 669 244 44 584 829 677 490 499 680 613 478 655 271 563 581 158 403 519 798 595 523 109 752 451 635 612 648 325 244 201 870 116 873 321 522 440 278 377 0 731
316 545 404 453 209 488 764 855 173 460 397 297 59 248 809 605 955 875 815 611 1132 218 200 285 534 657 20 499 750 618 524 746 894 878 214 787 191 831 894 392 754 1066 731 0
