318
0 988 881 142 885 118 505 999 481 344 947 770 642 1091 42 824 896 456 403 624 219 585 936 579 314 568 535 386 336 815 253 657 874 655 756 259 588 827 190 684 136 505 753 503 490 910 494 196 405 1017 523 339 561 254 626 550 50 331 788 633 827 394 180 325 158 873 412 389 514 577 578 457 280 673 942 942 297 635 716 58 13 44 642 464 734 458 566 385 551 824 142 798 405 826 813 686 649 530 466 173 425 373 470 608 376 13 820 329 382 918 647 749 734 609 346 353 311 868 825 727 342 490 726 220 834 646 993 686 937 729 171 326 478 407 155 338 572 220 313 340 202 791 469 268 766 446 698 461 944 737 911 269 881 332 521 859 110 662 465 519 882 669 450 261 207 788 297 441 47 320 970 609 994 329 382 689 340 905 697 694 628 90 716 814 235 225 419 522 557 481 912 428 524 431 850 832 296 312 823 663 534 60 806 425 106 676 188 424 292 434 693 503 720 907 227 574 675 458 726 626 383 367 211 370 513 684 433 602 901 143 598 428 319 713 364 450 924 256 398 863 425 871 366 543 273 379 931 742 325 105 280 437 337 250 94 419 835 654 234 404 488 232 657 888 311 427 797 460 350 125 637 349 808 737 530 943 519 469 551 730 841 569 454 232 953 530 748 406 519 879 399 144 718 169 458 703 709 393 880 932 577 348 145 943 955 405 379 279 187 860 567 92 823 444 847 547 932 854
988 0 175 887 193 1084 991 69 899 795 53 218 389 187 1014 777 705 646 1219 455 806 681 97 620 1080 823 988 1070 937 591 968 785 360 567 371 1100 453 282 800 731 966 568 333 486 521 557 883 996 1130 54 614 973 785 748 627 657 938 955 475 779 360 702 953 1034 1084 532 649 628 480 411 441 640 713 391 754 650 729 430 835 932 996 1012 364 569 434 797 558 694 715 211 906 434 1021 296 721 670 600 732 718 839 581 890 961 584 619 978 359 759 964 356 450 301 430 549 1110 697 682 376 164 332 885 600 272 784 732 757 186 312 721 378 1117 674 632 795 878 790 679 1092 884 689 920 275 639 827 224 703 301 824 123 501 187 1125 121 873 702 510 960 489 780 595 149 469 673 974 785 215 1188 747 1029 1087 124 523 34 709 814 300 958 440 731 409 519 1033 858 305 759 776 593 527 937 793 611 784 929 728 535 195 907 724 196 466 455 983 183 611 890 772 971 791 982 1056 430 508 316 742 842 837 451 677 262 366 1172 682 936 748 517 445 1028 687 89 979 847 648 1094 276 856 816 372 748 1061 257 669 160 947 509 724 610 95 246 975 911 875 600 1141 755 928 605 207 465 962 1071 500 1011 603 716 677 1037 310 533 790 877 353 962 237 810 802 731 850 908 496 344 256 471 671 786 670 717 501 795 910 248 589 892 399 1073 551 466 428 646 771 116 411 640 934 769 95 653 707 835 832 535 810 905 238 581 625 449 502 134
881 175 0 797 284 986 969 139 736 743 123 164 368 209 901 831 781 608 1157 297 682 512 219 618 1018 653 822 1021 886 655 902 803 449 585 412 1027 423 348 690 758 881 534 164 386 394 647 718 919 1079 166 455 922 782 630 456 649 832 805 534 793 431 556 821 977 994 615 507 500 405 318 398 489 620 392 835 740 601 274 863 823 887 899 323 515 472 637 546 641 547 56 783 496 979 363 777 698 618 566 691 720 458 737 799 416 534 870 428 699 921 462 452 321 467 551 1051 561 570 463 155 171 735 566 162 694 792 774 117 273 805 207 1025 556 479 640 791 736 679 1013 829 559 845 106 605 760 190 548 264 799 68 543 41 1050 183 724 537 590 838 320 756 571 31 484 637 910 689 103 1110 715 925 1026 91 522 155 577 662 235 908 537 760 425 525 937 885 367 664 685 467 488 928 772 698 627 762 693 610 51 849 593 63 298 353 885 138 475 777 795 838 758 922 1017 261 448 319 817 710 667 283 644 197 261 1112 545 863 601 470 275 991 694 149 852 851 503 1032 192 811 789 478 629 1015 341 522 232 902 363 609 518 212 176 826 794 733 544 1077 636 833 473 262 299 824 1025 401 940 430 789 575 998 136 450 643 762 282 811 281 844 792 814 837 745 351 365 81 437 518 703 761 706 547 757 895 340 487 770 426 987 484 293 455 511 838 63 328 544 808 849 90 598 563 771 745 614 808 805 68 520 695 335 601 139
142 887 797 0 767 201 395 905 539 203 849 669 522 1005 183 683 754 316 390 570 220 587 826 437 265 604 611 314 224 673 163 518 742 515 627 243 463 703 145 543 84 371 686 410 422 769 547 139 352 920 502 239 422 216 616 408 105 413 650 494 696 385 273 251 198 733 383 339 406 481 459 435 176 547 800 799 272 575 579 119 155 185 529 337 600 488 429 245 561 740 206 662 313 700 671 543 507 543 323 181 361 433 545 586 267 140 689 186 275 786 516 629 600 470 301 332 244 735 722 657 401 353 637 103 692 505 912 577 794 669 230 268 456 436 13 196 429 220 186 308 90 716 329 127 662 445 588 326 856 598 831 264 773 387 526 720 211 621 326 381 794 534 309 173 111 698 317 299 161 272 882 473 896 305 416 587 235 769 556 564 491 149 581 688 133 111 359 393 435 342 770 454 587 288 709 746 176 291 736 617 443 105 706 381 132 536 288 284 202 349 641 385 601 765 260 613 626 316 626 536 355 342 109 378 389 635 339 459 798 251 464 403 275 617 232 313 791 220 320 740 409 758 255 489 222 279 822 644 414 164 335 308 311 217 49 368 719 607 327 329 395 172 642 746 224 337 730 354 373 149 534 432 691 599 393 801 386 530 494 605 768 444 443 102 811 388 610 267 393 755 310 196 588 189 339 660 576 357 739 842 477 252 229 801 863 269 370 140 54 720 430 61 744 319 704 463 793 752
885 193 284 767 0 969 818 256 893 645 201 185 246 379 916 583 514 491 1068 466 732 702 96 443 931 839 989 911 782 398 824 597 171 382 184 960 307 91 706 541 841 415 387 406 473 371 880 861 972 247 611 818 604 668 659 482 835 915 282 593 166 667 884 881 960 343 609 570 373 336 308 616 605 229 565 464 663 439 644 832 895 915 244 432 246 787 390 549 727 281 827 240 859 104 528 480 414 739 553 756 520 861 950 608 510 877 166 616 803 177 280 139 242 373 959 646 598 186 144 369 850 444 264 669 539 569 355 207 533 427 995 598 615 773 757 641 500 958 733 630 786 339 482 689 165 685 198 654 274 310 318 985 102 835 705 319 877 524 611 432 254 289 515 830 678 242 1050 584 921 938 290 350 224 652 786 228 803 256 540 233 342 917 667 114 650 662 535 381 758 622 424 767 930 568 343 266 758 664 256 498 382 870 175 566 796 582 903 628 833 891 470 383 166 551 777 854 486 517 209 317 1019 632 800 711 380 483 863 504 140 902 663 615 945 236 699 648 194 670 900 64 640 52 788 492 642 509 98 209 934 822 825 463 993 676 813 553 53 493 903 910 417 871 643 524 581 873 386 428 752 787 268 926 77 618 624 542 673 899 478 172 351 326 652 665 485 542 309 634 734 57 501 812 218 946 428 515 245 597 579 258 326 541 857 580 254 511 668 693 713 345 629 796 316 449 433 392 320 147
118 1084 986 201 969 0 470 1099 588 373 1045 866 723 1195 127 837 921 509 302 738 337 703 1026 622 243 682 635 324 317 854 228 666 940 702 826 173 664 904 299 703 137 570 864 602 599 954 603 162 327 1116 641 307 572 367 745 588 159 432 842 644 895 512 285 272 59 920 529 502 605 675 660 575 371 748 961 974 413 747 717 173 120 131 729 538 797 573 623 439 669 929 258 858 359 901 834 714 691 647 499 290 535 482 572 726 465 131 888 374 352 984 715 830 797 663 267 470 418 932 919 837 452 549 828 301 854 661 1099 776 960 841 56 436 595 524 211 370 604 130 316 456 210 899 522 303 860 564 788 468 1047 790 1018 174 973 444 639 908 218 778 483 574 985 731 497 232 299 890 186 469 70 246 1074 668 1092 445 497 784 313 962 716 763 686 52 714 889 325 308 530 594 536 494 949 544 629 466 895 936 292 429 926 778 635 100 902 540 222 688 288 442 258 380 807 586 802 927 345 687 790 502 823 727 291 484 208 488 590 799 386 631 996 243 596 545 243 812 370 460 988 369 340 941 543 959 342 656 384 474 1021 839 422 223 393 509 247 364 156 532 920 769 335 343 587 187 775 911 410 377 908 551 467 242 731 449 892 743 539 966 517 576 663 806 950 645 572 303 984 557 801 426 503 956 499 262 787 81 540 819 774 509 896 1034 673 444 257 961 1056 468 497 308 255 906 573 181 930 520 881 651 982 950
505 991 969 395 818 470 0 1034 929 260 972 809 608 1155 545 429 538 362 325 841 603 935 905 374 247 981 1005 169 171 527 251 276 710 443 634 321 547 729 519 334 369 435 916 629 693 630 935 314 214 1039 832 166 220 575 949 335 490 809 579 263 678 741 667 202 416 611 718 655 579 671 571 771 468 599 561 612 630 834 294 508 518 548 647 461 578 866 433 346 918 921 601 613 115 719 449 379 413 905 278 571 650 825 939 907 497 510 674 313 123 747 541 690 581 445 246 682 564 696 843 882 794 403 814 424 463 289 1085 699 571 916 444 593 790 815 385 271 318 355 214 652 309 923 364 299 788 802 709 170 1010 531 1010 337 870 779 881 612 601 910 213 400 954 528 333 244 457 866 390 254 492 248 1036 469 1013 658 799 734 164 690 344 585 475 441 281 707 456 430 658 481 85 198 603 830 977 278 589 919 219 649 906 896 656 445 842 697 528 300 681 214 214 114 908 528 675 531 650 991 901 325 772 730 281 686 295 747 501 907 93 322 908 640 187 740 255 778 189 180 743 579 151 765 754 834 140 773 567 524 903 793 809 559 729 436 288 579 423 677 786 885 721 154 616 283 967 525 522 105 954 552 752 544 689 828 755 328 194 574 145 920 772 648 972 532 790 395 614 276 538 219 86 779 570 592 599 391 503 941 573 686 489 993 654 519 623 556 1006 386 726 281 395 598 200 453 938 463 534 690 680 873
999 69 139 905 256 1099 1034 0 876 827 62 237 427 124 1022 838 770 682 1249 435 808 651 162 667 1110 792 962 1104 970 653 996 839 425 619 426 1126 490 342 809 787 987 605 303 497 520 624 858 1020 1164 28 594 1006 833 753 594 703 949 942 536 832 422 691 951 1065 1103 598 640 627 501 424 473 626 729 436 820 717 729 411 891 941 1006 1020 395 599 490 776 602 726 687 188 909 495 1058 356 783 726 652 705 758 844 582 875 938 555 638 988 421 788 1000 424 496 349 485 596 1141 692 689 442 193 309 872 637 273 802 794 810 118 342 788 347 1135 679 616 778 897 822 727 1116 916 688 944 246 676 854 250 686 331 866 73 558 137 1150 169 861 677 575 963 459 822 635 124 519 710 1003 800 211 1212 786 1041 1117 62 569 35 707 799 320 992 508 787 458 568 1049 914 364 775 793 593 562 984 836 678 766 902 766 599 175 938 722 181 437 465 998 200 606 898 826 969 830 1012 1094 400 535 359 807 840 806 422 715 280 373 1203 676 961 736 549 415 1067 737 128 980 897 637 1124 287 891 856 440 753 1096 320 657 216 982 497 730 626 158 261 963 917 867 630 1171 759 944 602 261 438 956 1107 512 1037 567 781 689 1075 273 552 779 884 373 948 290 868 848 797 895 885 485 394 216 506 655 807 737 762 559 832 955 313 600 896 452 1093 576 431 481 641 835 76 428 655 935 835 49 683 698 863 851 600 858 919 207 608 689 453 570 162
481 899 736 539 893 588 929 876 0 690 847 715 719 917 461 1115 1145 701 885 444 326 234 895 820 788 119 97 849 761 1028 700 977 970 867 856 739 700 881 410 977 594 696 572 518 429 1094 21 660 878 902 286 778 892 365 296 813 466 163 947 954 925 243 303 786 638 1052 299 360 582 570 668 278 487 768 1201 1159 319 470 1049 446 473 457 683 632 871 105 765 654 193 690 344 936 852 888 1083 950 879 171 765 358 403 108 64 323 521 469 917 643 812 1009 781 797 868 807 821 290 405 973 770 567 139 704 641 509 1105 955 813 697 1185 529 644 382 277 133 546 679 848 701 714 320 629 629 711 632 730 209 703 821 803 912 746 750 835 151 198 1029 371 419 801 736 754 821 716 710 475 687 774 757 522 794 823 790 888 303 137 666 773 1037 988 808 809 571 1058 880 482 504 387 678 954 823 1119 131 49 735 1032 705 710 303 703 438 529 534 740 343 411 988 301 767 740 888 476 617 767 1169 279 115 454 728 685 577 863 297 648 210 651 462 879 881 833 346 953 286 794 659 747 806 1021 360 858 906 261 854 791 401 381 498 888 688 179 387 204 628 817 359 525 362 841 437 255 865 513 697 330 1143 450 876 606 547 185 391 634 150 828 1056 873 1193 885 15 415 806 663 690 242 539 1177 828 923 753 910 917 468 348 831 650 591 452 839 322 1159 799 587 478 335 1209 826 639 250 650 533 1042 910 488 668 612 1070 508 1087 789
344 795 743 203 645 373 260 827 690 0 767 592 406 941 386 480 552 154 424 584 365 676 719 250 286 730 773 277 143 480 181 315 584 331 479 318 342 567 282 339 236 229 670 378 435 580 693 229 336 837 572 179 220 326 689 215 308 590 475 291 541 486 463 238 344 547 459 395 339 430 354 512 211 416 597 602 378 580 379 321 358 388 432 229 439 617 264 102 661 691 391 495 237 561 468 343 317 650 125 343 390 592 708 647 238 343 535 53 179 627 369 506 440 298 315 427 306 574 635 637 562 200 583 182 489 302 860 485 593 666 380 335 531 568 190 11 231 323 89 396 163 684 164 75 577 546 496 132 792 422 782 343 675 546 624 537 409 652 123 217 732 375 133 186 215 639 409 97 356 293 818 310 811 404 555 511 164 595 352 419 325 325 383 548 207 185 398 268 266 141 575 582 739 92 523 692 113 397 679 639 408 298 628 437 320 333 481 83 187 276 653 295 484 563 419 742 644 135 551 490 376 430 170 496 278 651 252 259 707 449 269 481 300 551 72 118 628 331 271 605 496 648 159 514 315 265 716 571 594 356 499 199 348 331 250 417 603 628 514 282 365 230 707 544 263 258 710 303 507 330 461 608 573 396 193 599 196 683 514 473 735 324 532 152 612 186 432 66 222 620 311 379 440 324 260 684 421 427 536 776 417 259 420 598 793 145 472 66 173 533 231 262 704 222 508 440 611 666
947 53 123 849 201 1045 972 62 847 767 0 179 365 186 971 780 715 621 1189 403 761 628 113 605 1050 770 936 1043 909 596 936 777 372 557 366 1067 428 283 757 725 930 543 280 444 474 571 830 962 1103 71 562 945 770 704 574 640 896 904 477 770 365 652 906 1005 1047 544 599 581 444 369 412 589 674 374 766 665 683 378 830 890 954 969 334 539 429 745 539 665 662 158 861 437 997 298 725 664 590 679 696 795 535 839 909 531 582 936 363 728 939 374 434 287 424 534 1081 649 638 388 131 279 835 575 225 746 737 748 155 281 734 325 1079 629 581 744 841 761 665 1058 855 642 886 222 615 795 190 651 270 803 80 498 140 1092 108 823 649 520 915 436 759 573 96 457 648 943 746 166 1154 724 988 1057 90 507 47 662 763 262 931 456 726 396 505 995 853 305 720 738 546 500 922 773 625 733 876 704 544 142 877 677 144 413 412 944 142 563 847 765 924 768 952 1032 377 475 297 752 795 784 398 653 222 322 1142 633 903 698 488 392 1005 675 66 933 835 598 1064 233 830 794 391 704 1035 264 619 157 921 459 680 571 107 205 925 867 826 570 1111 710 889 557 201 412 914 1045 458 978 550 725 636 1013 257 495 740 834 315 912 228 807 785 744 832 855 446 332 204 445 620 750 685 699 499 770 892 258 548 847 390 1037 517 413 419 598 779 68 372 600 888 781 55 623 658 804 795 545 796 865 185 549 633 403 519 100
770 218 164 669 185 866 809 237 715 592 179 0 203 349 795 673 630 450 1012 281 590 518 182 453 873 655 809 869 735 501 758 639 319 421 257 888 261 213 581 594 750 374 208 267 310 507 701 783 929 250 431 771 618 531 473 485 719 752 381 628 290 499 739 829 868 471 443 415 264 192 239 443 495 227 686 598 515 254 699 713 777 793 162 363 313 610 382 490 544 128 690 346 825 226 619 535 453 557 531 622 366 692 774 423 402 759 285 551 767 343 287 164 309 386 905 488 464 330 57 185 684 406 78 566 635 609 276 110 657 245 900 457 439 600 662 586 514 879 680 477 707 169 446 617 29 510 100 639 201 384 206 913 121 670 524 445 743 338 595 409 145 320 479 766 567 73 975 556 810 880 227 357 226 497 616 82 757 406 596 262 360 815 721 226 541 558 379 329 765 611 554 592 751 535 464 120 701 511 106 312 236 765 36 403 671 630 758 600 775 861 286 298 156 666 628 670 301 485 43 151 966 472 724 545 314 298 835 529 132 763 686 446 887 59 657 629 359 531 862 220 469 140 748 314 506 392 175 28 771 693 667 393 934 537 710 394 140 307 751 873 281 800 458 637 458 843 216 316 587 659 136 761 143 681 628 667 674 722 300 206 198 276 477 570 619 543 389 600 733 226 371 675 266 857 339 331 293 437 683 184 193 422 718 700 201 447 502 626 615 468 644 686 159 371 544 233 470 84
642 389 368 522 246 723 608 427 719 406 365 203 0 547 675 494 474 256 831 360 505 571 313 250 693 691 816 680 547 344 582 439 255 227 137 717 63 186 469 398 595 179 361 200 292 385 710 616 740 434 462 583 414 440 546 281 592 709 239 427 208 477 657 645 714 343 420 365 144 158 64 444 363 50 533 463 446 338 502 591 652 674 53 187 159 615 178 307 584 325 595 219 632 186 444 342 258 588 331 524 318 666 768 491 269 634 200 373 574 297 92 107 156 184 722 443 370 255 235 329 649 210 229 424 463 409 480 95 508 382 748 376 450 588 511 402 310 713 495 420 541 346 249 444 181 511 104 438 402 218 409 742 269 633 554 319 642 435 394 207 349 133 283 589 435 268 807 358 676 699 428 155 408 441 595 140 569 318 402 94 161 671 523 176 407 418 334 138 561 409 420 587 762 339 328 320 519 450 307 412 192 625 235 375 557 433 677 402 594 667 401 139 79 507 555 706 407 288 172 188 783 431 555 517 134 408 639 327 302 670 482 432 707 186 466 429 307 442 671 221 458 242 557 344 413 272 310 192 726 586 614 217 754 448 568 357 199 402 683 681 206 628 543 478 346 648 387 194 555 550 118 723 170 488 425 518 471 721 333 92 387 82 479 420 483 339 227 405 530 236 275 579 114 700 184 447 129 400 515 385 138 304 626 544 398 267 474 450 467 336 440 552 350 203 389 220 370 265
1091 187 209 1005 379 1195 1155 124 917 941 186 349 547 0 1110 962 892 799 1360 494 890 685 284 790 1221 823 997 1218 1084 777 1105 963 547 743 551 1232 608 466 900 911 1088 722 355 594 602 744 898 1125 1278 132 647 1120 955 839 625 825 1041 1002 660 956 546 757 1027 1177 1203 719 711 708 608 524 588 688 828 559 941 836 809 474 1016 1032 1096 1108 510 712 615 824 723 839 725 266 991 619 1174 481 907 850 776 746 877 929 667 930 981 594 740 1079 545 899 1116 542 619 473 610 719 1253 767 779 563 312 372 932 754 368 902 918 934 105 457 908 393 1234 765 676 833 998 934 850 1220 1028 766 1050 305 794 963 366 743 447 985 150 683 181 1256 294 922 721 697 1046 500 941 754 211 643 827 1113 897 306 1317 904 1134 1228 123 692 155 784 857 429 1106 627 911 582 691 1146 1039 489 873 893 675 678 1106 956 798 819 938 883 722 258 1049 800 269 483 561 1095 313 681 987 951 1043 948 1123 1210 444 646 482 929 916 836 467 833 389 469 1314 750 1068 801 663 458 1184 861 253 1058 1021 705 1234 392 1007 976 558 838 1211 443 722 340 1098 566 818 726 281 369 1023 1003 935 742 1280 845 1042 681 386 486 1026 1222 609 1144 594 903 784 1192 316 655 843 971 481 1006 414 992 969 917 1016 928 555 518 260 624 714 909 856 884 684 949 1076 435 696 978 576 1195 685 465 606 717 958 165 532 752 1015 956 148 796 766 973 952 722 981 1014 270 719 812 544 687 282
42 1014 901 183 916 127 545 1022 461 386 971 795 675 1110 0 866 938 495 426 637 227 581 964 619 346 555 510 421 377 855 293 699 909 695 791 286 621 860 213 726 176 543 768 528 508 950 476 233 436 1040 527 378 603 271 626 591 84 306 826 675 863 396 158 361 178 913 420 404 543 603 610 463 312 707 983 982 308 649 758 83 28 4 672 499 771 447 604 424 546 844 137 835 443 859 855 727 689 524 507 183 443 355 446 611 406 43 855 369 422 954 683 781 771 647 376 361 332 904 851 744 325 528 749 255 876 688 1011 715 978 742 183 344 482 399 197 380 613 245 355 352 243 808 508 310 793 445 726 504 965 775 930 293 908 317 517 898 91 670 508 558 903 706 490 300 240 811 313 482 62 351 991 647 1018 338 371 715 380 943 739 729 666 116 758 848 267 260 436 557 598 523 952 420 502 472 889 853 338 321 844 673 559 99 830 438 124 718 162 466 331 471 704 536 751 949 224 559 685 498 752 649 409 376 252 369 547 694 470 643 927 116 640 435 349 738 406 493 960 272 434 896 429 900 406 556 292 408 959 767 298 110 267 473 364 266 136 433 865 664 209 439 513 268 658 930 337 464 812 489 344 139 664 323 839 779 573 985 561 448 565 763 858 603 456 270 994 572 787 449 560 911 424 143 754 193 490 711 745 404 922 953 603 376 131 985 977 443 382 322 227 900 609 130 841 478 887 569 971 880
824 777 831 683 583 837 429 838 1115 480 780 673 494 962 866 0 117 415 755 845 815 1027 679 296 660 1123 1208 593 526 186 612 170 422 271 420 725 468 497 739 142 705 425 855 644 738 255 1113 676 643 831 914 547 265 759 1015 302 788 1046 302 192 416 879 935 606 794 259 832 764 572 637 505 874 636 453 131 199 798 826 136 800 838 868 548 487 359 1024 361 470 1029 801 862 343 533 481 55 166 247 1026 366 805 732 1032 1148 962 594 823 417 505 506 440 401 510 364 327 667 826 710 405 677 823 1006 412 719 644 49 177 927 581 143 876 828 733 887 983 670 487 268 750 521 796 630 834 404 555 644 930 586 368 844 288 872 746 672 989 994 275 887 921 358 381 805 360 403 610 675 745 807 386 831 662 865 353 807 812 979 630 535 358 129 412 339 794 152 474 657 644 746 454 343 344 207 990 1164 400 248 792 544 812 779 899 654 774 693 794 795 148 954 400 590 542 893 522 516 102 871 1137 896 392 654 679 710 822 629 906 483 899 518 236 714 926 250 851 671 674 467 377 428 763 575 519 874 623 507 810 739 618 681 672 1055 831 950 488 710 766 729 772 580 889 982 581 640 659 1019 102 666 530 878 586 930 802 612 1064 555 101 297 144 323 1113 801 467 870 467 905 618 194 299 284 417 356 528 654 848 407 771 534 937 379 803 60 827 615 637 893 127 829 478 869 544 649 251 264 742 831 506 159 689 318 699
896 705 781 754 514 921 538 770 1145 552 715 630 474 892 938 117 0 459 862 835 861 1035 608 331 759 1141 1241 697 618 131 701 266 345 278 373 822 463 435 791 219 786 449 826 649 745 154 1141 763 750 760 922 643 352 802 1016 350 857 1092 249 285 351 904 992 705 882 172 853 787 578 629 501 890 682 428 58 83 834 813 249 866 909 939 527 512 321 1049 380 523 1041 757 919 285 637 419 89 210 267 1041 430 857 749 1070 1183 962 626 894 354 569 604 354 387 466 326 338 770 855 746 328 625 795 1045 445 686 701 75 263 867 551 41 852 917 765 900 1012 740 558 324 843 606 826 711 798 447 628 601 951 554 456 785 256 820 844 611 1028 1008 195 949 910 437 412 753 344 455 700 730 704 906 455 908 763 803 358 738 843 1011 601 630 269 206 383 340 875 267 414 709 700 765 469 453 427 101 1017 1193 465 171 747 631 846 734 887 653 850 646 812 856 242 1011 478 683 649 875 533 479 36 918 1156 881 445 619 662 815 848 712 935 496 883 624 294 652 987 353 870 771 642 552 462 340 805 680 451 894 559 603 810 779 647 612 635 1102 891 994 520 813 809 802 790 520 877 1035 686 648 750 1015 15 704 636 844 602 963 860 592 1109 500 213 386 48 420 1144 801 427 828 467 923 678 77 366 248 495 460 457 677 905 371 860 554 921 348 826 74 768 607 670 951 70 767 521 896 618 714 169 358 810 790 534 87 687 217 644
456 646 608 316 491 509 362 682 701 154 621 450 256 799 495 415 459 0 576 495 402 634 567 128 440 716 793 423 291 363 335 281 433 199 326 472 193 413 331 276 372 77 556 278 358 454 699 378 484 690 522 327 210 344 634 113 411 633 333 260 389 469 533 390 488 417 427 357 220 310 211 473 223 262 512 493 382 484 354 417 468 496 288 102 289 612 114 71 629 559 460 348 375 406 387 253 197 623 88 397 334 617 732 585 183 451 383 135 318 477 215 353 290 154 468 414 295 424 489 522 590 46 452 245 410 257 724 341 500 560 524 319 489 569 304 152 147 474 242 383 306 561 13 208 432 523 352 193 652 282 648 497 525 574 593 403 493 568 151 65 594 224 29 340 272 504 563 107 478 446 678 159 664 398 564 373 313 453 287 264 176 458 367 394 249 243 346 120 332 171 460 578 750 84 393 558 267 397 545 552 301 421 485 393 400 289 552 149 341 411 558 167 332 478 459 729 553 38 412 369 528 411 317 492 138 559 384 180 559 530 281 447 454 416 210 181 480 348 414 450 468 496 301 437 323 209 564 433 643 435 536 85 502 352 366 370 450 541 575 425 268 383 645 455 251 393 593 204 515 402 327 651 420 357 205 508 240 698 433 318 610 175 501 225 507 134 293 150 293 466 251 446 286 470 149 595 269 396 462 635 293 223 492 517 650 62 458 209 268 404 234 364 576 110 398 337 476 520
403 1219 1157 390 1068 302 325 1249 885 424 1189 1012 831 1360 426 755 862 576 0 956 598 971 1143 644 139 970 936 167 286 837 255 596 991 724 896 149 767 987 533 650 309 653 1064 776 805 942 898 251 112 1260 892 250 522 605 1004 604 424 732 868 580 952 771 583 186 247 917 773 728 752 839 778 825 552 839 887 933 660 958 619 444 411 430 855 650 849 857 680 524 942 1103 543 896 227 979 772 687 700 923 520 553 746 777 872 976 626 416 947 461 272 1032 789 930 851 707 108 720 633 979 1058 1033 746 623 995 481 787 604 1275 908 896 1051 248 658 846 806 390 429 601 184 335 698 318 1087 585 397 999 829 919 433 1210 817 1194 134 1099 736 909 914 513 1010 470 635 1149 789 552 247 499 1055 123 487 364 132 1237 724 1234 694 781 930 265 986 662 838 736 313 606 967 515 489 747 692 411 468 920 825 927 500 894 1106 312 679 1094 1005 808 353 1049 771 487 620 588 444 237 212 1027 714 908 856 623 976 1013 550 971 897 49 731 298 758 701 1022 238 615 1130 542 508 793 125 968 369 435 1031 609 183 1024 797 1072 283 876 612 646 1141 990 723 502 683 619 80 605 377 757 1027 994 635 175 761 222 1031 849 607 225 1107 707 745 508 879 749 996 653 490 898 447 872 880 895 1139 748 830 464 936 551 825 435 401 1040 686 542 857 234 674 1049 835 747 815 1194 829 626 549 882 1213 566 756 386 430 904 509 417 1112 640 850 834 986 1089
624 455 297 570 466 738 841 435 444 584 403 281 360 494 637 845 835 495 956 0 410 236 454 565 822 374 534 845 716 704 706 758 577 573 482 813 377 475 440 731 655 443 138 216 151 741 428 706 897 460 159 748 703 370 194 581 578 508 597 740 538 263 537 791 758 700 220 235 281 207 339 194 404 408 893 823 329 27 829 566 627 634 309 393 518 342 491 495 264 247 508 572 817 486 799 683 599 278 583 453 209 439 505 142 346 611 531 532 761 609 448 401 514 518 858 279 325 584 332 125 439 468 203 475 818 729 390 298 869 105 784 303 182 343 567 575 617 790 657 284 638 191 498 574 301 251 300 681 365 579 314 834 396 428 247 675 563 76 643 489 312 491 522 715 459 244 887 595 671 830 387 492 445 299 364 254 737 657 738 453 505 694 846 481 440 466 210 402 824 664 779 330 475 569 686 262 670 316 259 56 196 641 300 199 517 758 552 629 735 857 71 335 376 866 428 389 59 533 259 174 916 263 658 306 373 66 835 644 390 571 775 212 834 231 657 667 623 368 844 492 227 421 739 81 354 320 447 257 530 527 440 411 875 374 596 205 417 46 533 855 226 733 185 838 349 840 180 291 348 499 245 514 412 822 700 878 734 452 75 425 233 378 220 493 843 624 588 622 783 500 276 497 470 755 345 100 489 232 872 359 229 333 529 904 386 456 272 589 526 693 728 561 229 384 749 159 716 348
219 806 682 220 732 337 603 808 326 365 761 590 505 890 227 815 861 402 598 410 0 373 767 529 483 384 407 535 437 756 383 665 756 590 636 449 464 689 84 673 290 419 543 327 288 837 332 354 571 828 304 456 575 65 410 514 180 231 698 641 709 176 152 472 368 797 193 181 362 401 442 238 178 546 914 889 81 423 735 163 220 224 489 361 631 268 489 344 344 626 100 698 531 691 790 655 595 325 452 46 226 226 343 389 247 206 701 322 488 800 538 606 629 533 518 134 135 754 648 520 196 417 536 183 812 646 789 524 902 515 388 134 258 216 226 355 546 416 388 125 310 586 414 305 592 231 535 498 747 654 709 465 708 180 310 778 155 443 482 450 687 570 411 394 150 597 506 440 267 490 773 523 807 111 197 515 450 806 685 577 543 300 742 681 161 180 215 416 628 502 852 233 375 420 775 636 386 93 628 445 355 250 624 211 115 679 172 445 422 568 477 373 575 880 56 393 458 422 549 440 568 149 330 159 397 467 557 579 722 172 632 208 492 531 421 483 808 63 541 722 206 708 467 329 91 235 761 561 241 117 135 345 523 57 220 209 678 437 180 549 315 389 439 857 164 555 587 311 152 94 467 249 656 746 553 909 561 319 339 598 635 448 236 213 904 518 666 430 584 737 231 88 602 372 333 484 601 177 864 737 407 204 127 919 762 339 161 324 208 785 591 181 620 338 795 357 845 675
585 681 512 587 702 703 935 651 234 676 628 518 571 685 581 1027 1035 634 971 236 373 0 689 734 852 141 312 896 783 908 746 915 806 761 703 822 571 707 441 900 662 604 348 385 289 957 214 724 938 678 113 809 843 372 61 739 552 352 810 894 765 201 440 835 740 915 216 282 457 413 534 164 466 621 1093 1033 314 263 988 533 583 577 525 544 731 157 666 609 43 470 445 790 883 716 987 861 780 67 715 419 300 275 298 97 455 571 758 623 833 840 650 629 727 701 888 257 370 812 568 350 290 622 440 518 1008 889 581 525 1071 304 757 341 146 191 589 665 776 790 728 284 672 407 642 639 537 141 529 796 578 784 518 839 631 287 64 891 492 192 766 650 532 693 657 756 489 477 878 717 632 859 596 678 666 282 219 485 800 882 910 666 695 671 1002 711 483 510 288 573 939 788 990 170 253 692 899 486 732 295 486 215 382 622 536 242 487 921 449 741 782 922 251 505 602 1063 358 156 229 669 494 399 940 249 693 215 544 236 906 806 623 483 912 195 862 467 745 781 854 367 900 726 181 658 811 227 372 427 681 493 373 480 325 551 895 370 593 265 653 216 413 909 388 758 96 1036 412 907 378 442 237 466 466 349 646 987 832 1081 856 246 239 648 436 567 145 544 1053 769 794 729 895 735 383 441 685 745 496 221 700 248 1062 575 433 421 453 1103 602 580 216 657 559 907 866 554 444 528 953 351 939 582
936 97 219 826 96 1026 905 162 895 719 113 182 313 284 964 679 608 567 1143 454 767 689 0 531 1006 829 988 990 859 493 896 691 263 474 277 1030 376 186 751 636 903 490 352 440 492 462 880 928 1051 152 609 895 694 706 640 569 885 934 378 686 263 681 917 957 1022 436 625 595 422 366 370 624 657 307 658 555 694 427 739 881 945 963 297 498 339 790 473 620 718 232 865 337 940 200 624 575 507 733 635 796 546 874 954 592 562 926 262 686 884 262 363 215 335 460 1035 669 637 280 124 341 866 520 253 725 634 663 268 249 625 395 1056 633 620 782 817 715 590 1025 808 657 852 297 559 757 174 691 238 739 192 405 246 1055 60 852 701 413 918 501 695 512 188 378 593 902 730 212 1119 665 974 1012 203 435 129 678 798 251 880 345 635 319 430 975 762 209 703 718 560 451 848 707 515 773 928 648 438 216 832 691 210 476 412 926 155 584 842 677 936 709 907 974 444 441 235 645 807 844 463 596 220 332 1096 654 868 727 446 458 946 595 71 940 755 628 1020 241 777 732 278 707 981 160 651 71 868 495 681 556 7 210 953 865 849 529 1067 713 870 575 118 473 932 991 453 940 620 619 627 955 340 476 769 831 301 943 149 714 713 635 761 902 481 256 295 395 658 725 575 629 404 714 822 151 541 851 308 1009 487 485 336 618 674 178 361 588 894 672 168 580 685 764 771 439 720 849 266 512 528 413 408 106
579 620 618 437 443 622 374 667 820 250 605 453 250 790 619 296 331 128 644 565 529 734 531 0 516 827 914 480 362 236 426 194 346 81 260 561 201 355 460 167 484 129 600 355 447 332 817 478 541 669 620 395 165 470 725 40 536 760 227 178 309 583 661 462 594 297 536 467 285 362 235 578 351 231 385 365 504 550 263 543 592 620 298 191 206 728 76 196 734 576 589 251 424 344 263 130 69 730 128 526 436 740 855 673 298 575 304 250 372 387 170 318 209 71 538 530 416 334 479 566 715 116 476 373 285 164 729 346 372 613 630 438 592 687 424 252 60 570 326 500 413 593 115 319 429 634 354 215 650 174 660 585 500 698 698 286 621 642 174 84 598 153 128 428 400 519 651 161 598 521 675 97 643 517 684 389 381 347 175 211 100 572 281 333 378 371 450 164 317 181 333 694 869 157 273 571 353 518 557 622 369 540 483 498 528 193 681 201 422 453 621 232 307 351 586 841 621 121 422 413 595 525 420 610 193 625 425 79 539 658 232 555 529 434 280 211 386 474 467 391 577 461 361 521 448 322 530 443 771 563 662 192 577 478 487 475 413 611 703 477 349 476 732 327 374 435 631 292 636 531 355 777 382 256 181 380 230 818 514 275 636 193 609 352 378 98 184 212 291 405 358 574 224 574 238 663 198 506 339 633 341 342 621 390 643 190 573 314 392 284 191 489 599 210 270 406 360 508
314 1080 1018 265 931 243 247 1110 788 286 1050 873 693 1221 346 660 759 440 139 822 483 852 1006 516 0 864 848 83 154 721 117 493 861 597 762 75 629 852 411 542 194 516 927 638 671 826 799 128 90 1121 767 121 410 481 882 476 321 644 742 474 821 651 494 55 184 798 647 599 613 700 639 700 418 702 791 826 538 824 528 342 325 350 716 511 718 749 546 386 826 964 443 768 132 845 670 572 575 808 389 440 613 680 783 850 489 324 815 322 155 903 654 793 720 575 36 597 502 850 919 896 648 487 856 348 687 496 1136 769 796 916 205 529 721 697 263 291 477 114 197 573 185 950 449 258 860 711 780 312 1071 690 1056 90 961 636 791 793 423 879 345 500 1010 656 417 108 369 916 147 356 285 7 1098 591 1096 571 674 791 135 862 554 703 604 230 519 833 383 357 615 554 326 346 808 715 833 366 775 967 173 557 955 872 671 256 910 642 378 517 503 315 98 142 894 575 771 758 515 871 881 416 832 759 94 607 164 642 563 889 155 495 992 458 409 668 13 829 236 311 903 486 101 890 674 935 159 744 486 509 1003 851 639 400 583 480 61 482 264 627 890 862 549 102 623 93 907 748 473 144 970 568 634 399 740 663 859 559 376 800 339 777 747 759 1001 610 709 329 831 427 699 304 304 905 550 439 723 161 535 917 703 620 720 1055 690 490 456 787 1074 427 636 247 299 785 401 303 973 501 739 697 867 950
568 823 653 604 839 682 981 792 119 730 770 655 691 823 555 1123 1141 716 970 374 384 141 829 827 864 0 175 918 819 1018 767 998 934 863 826 822 682 838 464 990 669 698 490 495 400 1074 97 735 953 820 230 839 918 406 198 826 546 274 927 975 891 248 399 856 727 1032 290 359 565 535 647 251 520 741 1199 1146 351 402 1070 526 563 550 648 635 849 115 764 679 111 612 427 911 915 846 1087 956 880 102 789 424 392 205 177 238 533 556 883 680 870 970 763 757 845 803 898 305 428 938 707 491 231 712 578 556 1108 973 720 654 1179 446 737 401 242 167 610 719 862 786 767 337 694 548 725 681 674 192 659 858 719 897 659 835 771 237 136 1009 463 333 833 742 674 805 735 778 524 617 866 786 612 870 737 783 808 326 189 617 833 1007 1000 784 801 659 1082 840 525 550 377 673 997 855 1104 150 119 762 1015 628 767 333 628 356 499 616 675 329 485 1006 401 803 806 952 393 607 729 1168 348 15 371 747 630 529 945 306 714 234 645 378 940 894 763 443 983 272 871 602 793 843 983 401 925 859 249 796 848 352 415 506 822 630 293 468 288 637 898 401 599 351 788 357 358 933 494 771 229 1141 473 939 519 539 231 464 593 264 779 1074 903 1188 921 134 365 772 577 675 218 585 1165 849 907 789 953 869 469 427 805 736 589 362 817 320 1162 717 554 493 424 1207 744 657 260 699 589 1024 938 560 586 617 1062 471 1061 722
535 988 822 611 989 635 1005 962 97 773 936 809 816 997 510 1208 1241 793 936 534 407 312 988 914 848 175 0 915 835 1124 769 1067 1067 962 954 795 797 978 491 1069 658 791 658 615 526 1191 108 724 939 989 378 849 980 452 372 906 528 204 1044 1044 1022 340 354 852 688 1149 396 457 679 667 765 375 576 865 1296 1256 410 561 1138 508 526 505 780 728 968 202 860 744 274 778 408 1033 922 985 1177 1044 974 256 854 434 501 181 66 406 615 524 1015 728 886 1106 878 894 965 902 881 385 497 1070 864 656 211 798 734 591 1199 1046 893 793 1280 614 690 476 373 230 619 762 940 754 791 414 700 716 804 712 825 306 800 905 889 1008 830 803 928 227 287 1127 425 502 888 830 842 918 807 779 557 778 821 845 572 854 908 886 975 397 230 762 846 1135 1080 906 905 624 1147 977 567 587 484 774 1035 909 1215 228 59 823 1129 793 785 396 792 524 626 592 833 441 479 1079 348 853 809 957 561 713 864 1264 356 164 539 819 779 672 919 393 717 305 748 546 949 973 924 393 1039 384 854 753 827 891 1118 448 924 1002 358 949 866 496 470 593 980 782 212 452 276 722 873 446 592 460 936 523 301 931 611 761 404 1238 542 946 689 644 277 461 731 186 924 1147 960 1289 969 96 510 904 747 787 339 621 1273 918 1020 837 991 1013 564 415 929 702 687 533 937 419 1253 886 684 572 392 1303 913 731 346 730 611 1139 997 556 754 706 1166 605 1185 881
386 1070 1021 314 911 324 169 1104 849 277 1043 869 680 1218 421 593 697 423 167 845 535 896 990 480 83 918 915 0 134 670 151 431 827 558 735 159 616 828 457 484 256 501 942 650 694 774 859 190 61 1113 805 99 355 524 921 439 386 712 703 414 789 696 562 62 266 750 686 631 616 706 631 739 444 683 725 767 582 844 459 406 398 425 709 506 686 803 521 379 873 968 506 731 60 820 607 519 534 856 359 495 640 742 849 886 503 394 784 322 108 867 631 775 689 545 76 639 535 814 911 909 710 470 860 381 623 438 1138 762 733 934 288 563 760 751 309 284 435 198 192 613 225 959 431 271 853 756 773 267 1069 651 1059 171 949 697 837 747 493 907 306 478 1010 628 397 141 407 917 220 327 361 82 1096 563 1087 613 730 789 113 820 496 679 574 307 448 807 416 389 644 542 253 302 753 768 896 342 727 970 175 601 957 898 681 326 905 675 438 455 573 283 114 59 916 573 755 694 572 927 905 394 829 766 119 647 205 691 555 912 76 448 982 529 344 707 88 829 213 269 866 529 18 865 716 919 122 770 525 526 988 849 708 463 644 476 118 526 323 658 873 887 618 18 635 154 944 685 501 64 983 576 687 457 739 731 842 492 323 735 280 839 772 738 1010 598 751 357 771 385 660 276 237 880 570 501 697 242 537 943 674 656 653 1053 694 512 522 720 1070 423 680 256 337 737 343 361 980 500 683 710 819 943
336 937 886 224 782 317 171 970 761 143 909 735 547 1084 377 526 618 291 286 716 437 783 859 362 154 819 835 134 0 571 89 356 707 443 610 205 483 701 354 399 201 368 809 517 565 675 768 155 193 979 686 36 266 415 803 322 319 638 588 334 668 585 495 100 270 647 568 510 481 572 497 622 321 553 654 680 472 714 401 337 350 380 575 372 564 703 394 245 763 833 430 614 101 693 529 423 422 748 235 402 514 656 769 765 371 341 662 188 51 749 503 644 566 422 177 527 415 696 777 776 625 338 725 265 547 354 1003 628 656 802 303 443 642 652 215 150 324 224 59 499 137 825 300 145 719 646 639 163 935 536 925 228 816 610 726 641 430 780 192 349 875 503 266 85 295 782 293 202 328 159 962 438 953 502 634 654 21 708 412 552 450 281 397 681 299 273 519 409 222 195 660 668 809 214 623 835 51 491 822 770 548 277 771 554 357 378 509 161 65 141 787 438 623 621 482 829 776 264 694 631 237 533 125 586 421 783 123 344 849 469 280 590 167 694 83 160 749 419 129 738 601 788 30 642 411 396 856 714 638 388 559 342 214 418 252 535 742 759 550 140 503 134 825 608 378 124 849 442 588 373 604 657 711 429 232 661 202 752 643 609 876 465 637 238 687 274 545 150 186 754 440 421 571 246 402 815 550 538 585 919 559 384 452 652 936 288 570 128 229 633 262 282 846 365 591 578 714 809
815 591 655 673 398 854 527 653 1028 480 596 501 344 777 855 186 131 363 837 704 756 908 493 236 721 1018 1124 670 571 0 646 255 235 166 244 776 336 313 692 194 716 338 695 523 620 104 1023 704 727 645 796 600 314 694 887 266 772 984 120 264 231 785 894 666 822 84 732 667 453 500 373 767 580 297 189 132 722 683 274 779 828 856 396 399 190 929 267 432 916 629 822 160 610 298 131 150 166 917 355 757 628 957 1069 833 514 811 232 486 568 255 258 337 195 223 737 738 634 218 499 664 934 339 555 608 140 238 745 420 164 721 857 652 776 894 660 484 250 791 547 710 643 668 349 552 472 829 423 408 663 125 694 799 489 917 883 93 857 780 379 306 627 215 365 647 635 575 864 384 833 726 682 238 622 729 895 470 587 178 185 252 219 805 297 291 611 606 643 350 447 375 97 898 1075 388 66 619 573 733 606 756 525 775 518 690 763 233 914 416 635 630 744 412 348 165 813 1033 750 357 488 532 789 731 648 818 376 752 602 227 531 893 342 748 734 511 495 411 245 698 654 333 773 439 562 682 670 533 496 504 996 798 886 411 779 702 722 669 397 747 934 662 523 697 886 136 595 614 713 481 849 765 461 1001 375 241 346 173 390 1028 672 296 699 342 801 588 149 299 117 431 442 342 560 807 240 801 437 790 217 706 183 646 478 558 854 201 647 422 778 546 628 73 329 725 661 421 44 558 154 519
253 968 902 163 824 228 251 996 700 181 936 758 582 1105 293 612 701 335 255 706 383 746 896 426 117 767 769 151 89 646 0 441 765 508 661 137 519 748 305 482 117 408 810 521 554 749 709 65 194 1007 656 85 349 374 772 388 243 568 653 420 723 545 421 89 182 718 537 485 496 583 526 590 301 595 739 760 431 707 490 263 267 296 603 398 620 652 446 275 722 847 361 674 154 742 612 500 490 705 297 344 497 594 703 738 371 259 717 209 129 808 550 685 622 479 152 489 388 754 805 778 562 381 740 234 632 438 1019 655 740 798 216 415 611 600 157 183 396 145 99 463 73 832 345 141 746 605 667 245 955 600 939 162 849 549 686 710 353 764 267 398 894 556 315 10 257 799 228 265 241 124 982 491 982 463 579 676 88 773 495 600 506 192 486 729 269 242 500 444 310 274 738 617 748 269 694 850 72 450 838 756 553 193 795 529 290 464 434 229 40 187 777 460 661 705 422 776 764 316 716 642 212 498 53 540 450 772 181 419 879 391 368 557 130 713 150 239 809 378 157 786 566 825 115 628 375 392 892 736 566 317 496 367 175 375 177 512 781 746 476 166 506 50 796 691 357 177 852 451 536 309 624 587 751 516 315 745 290 691 631 653 884 500 601 213 768 346 610 215 275 801 432 354 621 159 419 801 602 508 671 939 573 373 379 737 959 315 529 132 187 705 347 213 856 387 669 579 784 836
