115
0 94 589 634 450 647 109 529 588 632 352 435 704 529 177 105 210 772 928 507 753 1038 714 132 481 741 180 495 912 197 702 698 264 246 490 645 327 257 577 458 378 841 516 929 593 801 624 802 446 158 772 272 849 1038 586 976 375 316 490 308 873 555 643 497 37 547 445 584 803 471 933 268 575 603 498 569 118 802 920 527 265 296 688 1031 792 693 942 888 69 488 597 269 194 181 1025 1126 999 669 562 999 441 680 911 792 546 849 1057 519 777 946 858 723 890 642 148
94 0 510 694 377 557 202 594 498 541 319 489 728 478 84 23 304 818 915 414 746 1002 655 111 537 671 118 565 871 278 742 608 355 164 482 569 400 232 576 501 374 782 536 926 635 850 663 788 485 235 748 325 889 1012 590 957 378 308 398 339 887 472 688 439 88 592 355 537 752 482 891 192 519 641 512 635 176 743 926 448 196 358 702 1013 761 722 899 942 131 553 510 222 102 126 995 1089 970 620 481 972 347 716 907 724 459 816 1027 448 817 924 910 720 920 666 124
589 510 0 911 146 177 674 858 134 177 344 731 760 228 460 516 785 938 702 206 603 647 238 473 771 187 410 860 514 691 849 194 797 346 459 68 747 402 535 693 453 340 618 768 777 984 785 596 665 744 514 632 964 711 569 702 483 439 216 568 826 55 830 191 597 762 199 268 359 548 526 321 203 762 576 896 585 307 814 62 326 681 688 759 484 779 526 1085 577 827 94 350 415 412 675 721 663 282 35 670 268 809 746 244 107 512 705 106 909 662 1049 610 941 717 462
634 694 911 0 785 1060 558 112 996 1052 576 207 294 700 766 716 555 184 678 970 536 921 852 603 159 946 660 161 856 450 180 1095 458 728 465 923 315 563 432 221 459 937 304 608 154 189 169 607 248 673 653 369 279 848 401 754 431 490 960 379 459 916 129 722 671 150 899 696 853 367 877 714 746 181 345 86 520 908 544 870 691 338 362 784 710 257 893 259 570 151 979 624 745 645 866 997 835 759 907 828 942 202 603 966 945 762 889 804 221 749 233 491 366 275 599
450 377 146 785 0 275 531 724 212 267 209 596 666 169 339 386 641 831 681 213 552 684 293 329 639 294 269 722 548 544 742 311 651 214 356 195 603 256 446 564 326 417 505 730 660 875 672 562 536 607 491 489 867 725 477 697 354 301 212 429 760 133 714 115 461 640 159 232 406 433 565 184 182 648 464 764 439 379 763 90 185 538 602 756 478 680 568 976 433 692 194 204 290 270 697 766 679 289 129 684 233 703 708 348 161 520 729 73 807 658 940 548 856 617 317
647 557 177 1060 275 0 747 997 65 16 484 870 931 401 486 555 855 1103 876 147 780 799 398 555 913 315 484 993 670 785 1014 52 886 406 624 216 863 518 706 839 601 475 779 945 935 1148 946 772 812 789 689 751 1134 873 740 871 629 574 164 699 1003 148 989 359 645 916 202 445 515 707 680 395 380 922 737 1038 673 450 991 194 410 800 860 927 656 947 677 1249 653 964 86 458 454 491 834 865 825 455 162 832 225 974 922 365 116 679 863 271 1076 831 1213 787 1114 885 546
109 202 674 558 531 747 0 448 685 732 397 371 668 584 286 214 110 709 932 609 754 1069 775 201 413 813 266 408 948 108 648 796 155 341 500 725 242 303 574 407 389 900 489 921 539 734 572 810 402 131 791 221 793 1056 577 987 378 336 593 284 846 645 585 560 133 491 545 632 852 459 970 356 633 554 480 485 106 860 902 613 348 229 665 1039 818 652 980 816 97 407 691 334 299 262 1048 1157 1020 719 650 1019 546 631 904 861 642 878 1079 594 721 960 788 719 844 607 213
529 594 858 112 724 997 448 0 932 987 515 127 348 660 669 615 443 288 722 896 563 948 828 509 88 914 570 52 868 340 260 1035 345 643 437 878 205 486 429 171 405 924 290 664 185 300 215 635 198 561 668 272 382 886 403 796 375 423 886 300 529 857 194 674 564 149 825 667 845 338 890 633 710 214 324 42 418 892 610 812 611 235 400 831 720 315 905 371 466 40 918 547 653 556 899 1028 867 739 850 862 862 267 656 940 881 776 924 752 317 785 346 518 460 311 507
588 498 134 996 212 65 685 932 0 55 420 805 873 348 431 498 795 1042 836 103 732 777 369 491 849 301 421 928 645 722 953 111 823 344 565 189 798 452 649 775 538 461 717 900 872 1087 884 728 748 732 647 686 1075 844 682 836 566 509 119 634 951 92 927 302 586 852 144 396 490 645 657 332 331 860 675 973 610 431 943 136 346 735 804 893 618 888 655 1188 591 899 42 393 396 428 807 848 796 416 110 803 182 913 878 355 51 646 837 215 1016 796 1152 736 1058 825 483
632 541 177 1052 267 16 732 987 55 0 475 860 926 399 470 539 840 1096 878 130 780 806 403 541 904 324 470 982 677 772 1007 69 872 391 619 221 851 506 702 831 593 484 772 946 927 1141 939 773 803 773 691 739 1129 878 735 875 621 564 148 688 1001 143 982 354 629 907 187 444 522 700 687 382 379 915 730 1028 659 458 991 189 397 788 857 931 659 942 684 1243 639 953 83 446 438 478 840 873 831 457 159 838 208 968 923 374 106 683 869 267 1070 835 1207 785 1111 879 533
352 319 344 576 209 484 397 515 420 475 0 387 487 189 331 339 499 634 601 400 438 686 382 221 430 436 205 515 559 376 546 521 484 220 187 373 408 95 286 355 120 504 309 622 457 676 472 473 328 505 429 293 680 692 311 639 146 94 392 224 611 342 512 177 378 433 331 235 455 237 580 188 240 448 270 555 291 465 634 297 165 342 436 696 442 494 589 777 307 483 403 102 284 193 676 774 651 322 335 653 387 509 602 477 368 498 709 241 615 605 741 419 682 431 205
435 489 731 207 596 870 371 127 805 860 387 0 321 537 559 511 396 338 661 771 490 865 711 395 48 793 452 133 775 266 278 908 310 522 323 752 149 360 333 65 279 812 198 619 171 365 206 560 86 497 579 164 421 816 314 730 250 296 760 174 508 730 213 549 472 122 699 549 737 227 796 510 588 191 221 167 318 778 579 685 487 142 347 772 627 297 811 454 368 97 791 422 538 437 823 949 792 624 723 788 739 266 608 821 753 685 851 626 350 714 423 446 478 268 391
704 728 760 294 666 931 668 348 873 926 487 321 0 532 777 752 711 200 383 876 254 633 637 618 302 743 650 396 582 572 126 954 630 695 310 753 470 524 225 266 376 697 192 316 164 247 133 322 267 799 383 446 204 555 190 460 360 436 872 395 186 782 164 571 741 208 812 504 608 255 601 669 566 136 222 354 588 675 262 737 644 447 83 489 443 37 618 340 635 360 845 573 740 634 574 706 543 543 768 537 873 92 310 750 824 488 596 660 157 457 305 212 196 62 608
529 478 228 700 169 401 584 660 348 399 189 537 532 0 464 494 688 713 511 377 387 532 192 396 572 256 359 671 398 565 624 422 673 335 237 225 586 280 307 490 261 316 399 563 559 760 564 393 462 685 322 474 736 562 342 529 290 273 378 396 603 255 609 54 550 550 328 65 274 332 417 300 52 541 357 696 479 276 599 212 287 520 459 588 311 552 423 860 491 635 316 259 413 353 536 617 517 142 239 520 402 583 540 291 303 357 569 133 682 491 824 388 713 490 381
177 84 460 766 339 486 286 669 431 470 331 559 777 464 0 73 385 880 932 341 769 996 629 165 607 632 130 643 862 361 802 538 440 129 509 523 480 259 607 564 409 755 585 952 696 915 722 805 546 303 757 397 947 1016 626 968 419 344 324 399 926 416 751 420 163 656 287 528 733 525 881 164 500 699 557 710 256 716 959 398 178 434 744 1026 763 775 888 1009 214 629 448 229 51 145 995 1082 973 605 428 975 269 773 932 686 396 815 1028 412 876 933 977 747 972 716 172
105 23 516 716 386 555 214 615 498 539 339 511 752 494 73 0 312 841 936 411 768 1020 668 134 559 681 135 586 888 296 766 607 369 172 504 577 420 253 599 524 397 795 560 949 658 873 687 809 508 234 768 347 912 1031 613 978 402 331 394 363 910 476 711 454 90 616 354 554 767 506 908 202 534 664 536 656 197 756 949 454 208 380 726 1034 780 746 916 965 151 575 512 240 103 145 1014 1107 990 636 486 991 341 740 929 734 461 835 1046 459 841 944 933 742 944 690 147
210 304 785 555 641 855 110 443 795 840 499 396 711 688 385 312 0 723 1006 716 827 1158 880 311 430 922 376 395 1042 146 672 905 99 450 583 835 248 408 648 445 477 1004 547 985 567 741 602 887 446 131 876 277 812 1138 646 1065 461 430 700 355 895 756 606 667 223 518 653 733 953 529 1064 467 738 586 546 474 208 965 958 724 459 264 721 1115 908 691 1075 813 207 405 801 442 405 372 1133 1246 1105 820 761 1103 651 662 970 968 751 968 1164 704 742 1040 789 789 874 653 323
772 818 938 184 831 1103 709 288 1042 1096 634 338 200 713 880 841 723 0 558 1033 451 820 833 715 296 937 762 340 779 603 89 1131 629 820 479 938 475 647 410 316 514 897 325 472 184 47 162 516 334 833 582 499 95 731 375 635 491 563 1026 481 309 954 129 747 809 225 965 693 808 398 797 799 752 186 366 269 654 874 398 908 775 481 283 654 642 168 814 147 704 320 1018 703 852 746 756 887 726 738 942 718 1019 129 473 946 991 685 774 834 52 639 110 411 187 224 708
928 915 702 678 681 876 932 722 836 878 601 661 383 511 932 936 1006 558 0 884 178 270 487 808 658 592 806 764 279 860 505 878 944 814 437 661 795 683 357 596 550 472 468 103 538 598 512 127 582 1060 190 729 509 173 360 77 555 612 887 651 262 746 548 566 960 573 840 450 392 476 289 780 509 508 461 734 831 472 186 711 760 751 321 111 220 421 305 668 867 725 797 703 883 793 201 329 172 420 726 163 914 476 91 569 799 213 217 635 505 88 640 217 423 410 793
507 414 206 970 213 147 609 896 103 130 400 771 876 377 341 411 716 1033 884 0 763 852 442 425 817 390 353 886 717 657 945 199 754 273 566 271 746 410 658 749 519 546 708 940 857 1076 872 769 723 645 694 638 1075 909 689 893 545 480 17 596 973 151 912 324 501 831 71 435 564 635 730 270 375 848 667 938 543 513 975 175 289 686 815 951 672 888 731 1177 519 861 137 349 312 363 876 926 862 472 172 868 79 907 917 446 99 707 907 249 1012 853 1141 761 1068 825 418
753 746 603 536 552 780 754 563 732 780 438 490 254 387 769 768 827 451 178 763 0 386 427 637 493 537 640 602 328 681 380 793 767 657 264 577 619 514 179 424 375 460 294 184 386 497 366 71 408 883 133 551 430 326 182 241 379 439 763 473 229 639 408 438 787 414 711 335 371 298 347 624 400 357 284 581 654 445 212 598 602 574 174 288 193 290 363 583 691 562 696 540 722 627 335 464 304 339 621 299 782 343 163 531 689 234 361 519 403 223 550 45 370 260 623
1038 1002 647 921 684 799 1069 948 777 806 686 865 633 532 996 1020 1158 820 270 852 386 0 409 908 873 484 884 984 136 1017 759 785 1114 868 577 588 981 781 533 800 681 327 667 371 772 862 752 314 780 1187 288 894 777 119 551 198 698 732 860 809 532 701 793 581 1065 799 827 468 288 650 121 832 504 743 647 966 962 348 455 679 818 926 559 215 250 670 122 936 988 944 735 780 945 875 74 88 98 396 680 107 902 725 361 439 755 190 81 619 768 183 907 431 693 646 892
714 655 238 852 293 398 775 828 369 403 382 711 637 192 629 668 880 833 487 442 427 409 0 583 740 109 539 844 276 758 748 394 865 500 390 182 773 472 426 657 443 127 548 567 702 881 700 399 629 872 311 663 838 475 461 475 471 463 450 582 656 291 747 217 733 703 422 162 121 490 288 467 141 680 508 861 671 87 625 271 459 708 556 530 267 665 288 978 681 807 327 445 578 534 438 484 428 94 270 435 496 707 545 114 345 282 467 221 794 435 942 448 793 610 568
132 111 473 603 329 555 201 509 491 541 221 395 618 396 165 134 311 715 808 425 637 908 583 0 444 615 71 487 780 232 638 603 331 151 372 524 331 127 465 399 263 710 426 816 531 750 558 681 381 289 646 236 783 911 479 852 267 198 410 234 775 445 585 366 157 491 356 451 670 371 801 159 443 535 401 551 119 670 815 412 148 278 591 908 662 614 810 844 103 469 494 138 143 63 896 995 871 537 450 872 372 610 797 664 445 719 929 394 712 821 812 610 811 556 15
481 537 771 159 639 913 413 88 849 904 430 48 302 572 607 559 430 296 658 817 493 873 740 444 0 826 501 111 789 306 242 951 340 570 350 790 181 407 347 83 318 837 209 609 142 320 177 563 110 537 590 212 382 818 324 730 288 339 806 222 488 772 176 587 518 93 745 579 760 251 810 557 622 166 239 125 365 805 563 727 534 186 339 769 640 273 826 407 415 70 834 468 586 486 827 955 796 652 765 792 786 236 599 852 797 698 854 666 312 716 377 447 445 254 440
741 671 187 946 294 315 813 914 301 324 436 793 743 256 632 681 922 937 592 390 537 484 109 615 826 0 561 926 358 810 850 302 918 509 480 119 841 517 527 743 517 160 641 675 799 984 799 509 715 899 420 728 944 564 562 574 546 526 401 651 766 242 845 259 754 796 387 249 207 580 366 479 204 778 601 949 715 135 735 240 477 775 662 627 374 769 362 1082 717 890 259 479 583 559 523 549 517 201 223 525 455 809 653 57 290 382 550 223 899 534 1046 557 902 713 601
180 118 410 660 269 484 266 570 421 470 205 452 650 359 130 135 376 762 806 353 640 884 539 71 501 561 0 551 753 303 681 532 402 79 379 464 399 128 477 449 279 666 458 823 577 798 601 678 428 338 634 299 824 896 495 844 290 214 338 283 796 379 632 322 194 540 285 419 634 396 773 90 402 578 428 613 190 627 829 348 84 344 614 902 645 648 781 895 170 532 425 105 91 15 878 971 854 502 384 856 301 650 803 612 376 699 911 338 754 811 861 618 845 589 66
495 565 860 161 722 993 408 52 928 982 515 133 396 671 643 586 395 340 764 886 602 984 844 487 111 926 551 0 900 301 312 1033 297 626 456 884 167 477 458 191 411 945 320 710 232 350 264 673 216 517 701 252 434 927 435 837 382 421 875 293 579 856 246 681 529 191 815 683 868 358 921 619 722 260 349 79 388 912 658 811 598 209 443 874 751 364 937 418 435 40 916 538 630 538 937 1065 906 757 850 901 848 317 701 955 876 809 963 755 370 825 394 556 513 355 486
912 871 514 856 548 670 948 868 645 677 559 775 582 398 862 888 1042 779 279 717 328 136 276 780 789 358 753 900 0 903 708 660 1004 734 468 457 879 655 442 711 566 211 580 380 703 824 687 263 688 1063 203 785 751 206 465 235 585 612 724 700 520 567 732 445 937 723 691 334 155 551 21 698 367 675 553 892 841 224 459 544 685 821 501 279 148 618 36 908 864 860 603 649 811 745 164 219 160 259 546 168 766 670 363 320 621 94 192 483 730 200 876 370 679 582 765
197 278 691 450 544 785 108 340 722 772 376 266 572 565 361 296 146 603 860 657 681 1017 758 232 306 810 303 301 903 0 544 833 108 383 440 734 135 293 503 307 337 879 402 840 436 626 470 742 305 231 733 131 687 994 500 919 319 297 642 209 754 669 480 551 229 387 588 605 822 383 925 390 617 452 400 378 113 840 814 632 375 125 577 969 766 553 937 708 147 299 722 340 361 294 990 1105 961 691 671 959 602 529 824 853 674 826 1021 600 616 895 680 643 742 512 239
702 742 849 180 742 1014 648 260 953 1007 546 278 126 624 802 766 672 89 505 945 380 759 748 638 242 850 681 312 708 544 0 1042 582 736 390 849 424 563 323 244 427 816 237 430 109 135 79 449 258 775 508 431 146 678 288 583 405 478 938 404 278 865 67 658 740 157 877 605 728 310 727 715 664 102 278 254 584 791 364 819 690 419 207 608 567 90 744 236 634 283 928 618 771 665 699 830 668 653 853 661 932 41 427 861 902 613 720 745 74 581 199 338 203 138 630
698 608 194 1095 311 52 796 1035 111 69 521 908 954 422 538 607 905 1131 878 199 793 785 394 603 951 302 532 1033 660 833 1042 0 934 455 651 217 907 560 729 875 636 459 809 952 966 1177 976 780 848 841 695 794 1158 865 763 869 665 612 217 739 1018 179 1020 384 696 949 253 460 507 737 668 443 395 953 767 1075 721 437 1002 225 457 843 882 924 658 973 664 1278 702 1003 117 502 505 539 825 848 818 460 189 825 277 1001 929 347 158 677 852 296 1102 829 1241 802 1135 910 594
264 355 797 458 651 886 155 345 823 872 484 310 630 673 440 369 99 629 944 754 767 1114 865 331 340 918 402 297 1004 108 582 934 0 481 537 842 160 401 591 365 439 986 478 916 480 645 515 830 370 227 828 220 719 1085 584 1007 419 403 738 304 816 774 515 659 287 430 687 711 928 470 1026 491 725 501 482 376 213 948 883 738 478 193 647 1055 864 607 1039 715 235 309 825 447 449 394 1084 1202 1054 798 776 1052 695 574 902 961 777 925 1114 708 650 985 691 726 785 574 340
246 164 346 728 214 406 341 643 344 391 220 522 695 335 129 172 450 820 814 273 657 868 500 151 570 509 79 626 734 383 736 455 481 0 406 405 477 173 506 513 318 627 506 841 636 859 658 687 490 398 635 374 877 891 528 846 335 259 259 349 830 309 692 290 251 602 205 399 604 440 752 35 370 634 473 685 270 588 854 283 54 420 651 904 637 697 759 957 247 605 351 122 77 90 869 953 847 476 317 850 222 703 820 562 301 689 901 287 809 810 922 639 891 635 145
490 482 459 465 356 624 500 437 565 619 187 323 310 237 509 504 583 479 437 566 264 577 390 372 350 480 379 456 468 440 390 651 537 406 0 462 411 252 99 267 112 488 162 444 321 525 326 312 240 625 293 317 511 556 125 488 122 175 562 232 424 476 372 268 523 315 503 231 414 99 490 375 281 304 121 470 396 455 449 430 352 352 251 541 327 324 504 626 430 418 539 285 465 365 550 665 521 301 463 520 565 350 425 503 515 387 581 355 451 460 589 238 502 260 358
645 569 68 923 195 216 725 878 189 221 373 752 753 225 523 577 835 938 661 271 577 588 182 524 790 119 464 884 457 734 849 217 842 405 462 0 781 441 529 710 473 274 624 734 784 984 789 562 682 801 477 666 957 657 564 655 502 467 282 597 803 123 835 203 655 774 268 249 302 556 468 378 186 767 582 915 632 243 785 125 380 715 677 711 441 774 466 1085 628 850 146 395 476 465 620 659 610 242 104 617 336 808 711 176 172 463 649 134 905 615 1048 589 926 714 512
327 400 747 315 603 863 242 205 798 851 408 149 470 586 480 420 248 475 795 746 619 981 773 331 181 841 399 167 879 135 424 907 160 477 411 781 0 347 449 205 330 886 326 760 320 496 354 685 214 358 693 115 563 942 437 861 304 315 733 190 656 735 357 584 362 270 675 612 819 330 901 475 639 340 337 243 224 850 725 693 456 66 490 906 734 446 914 574 269 165 792 405 472 387 944 1067 914 696 733 911 700 414 748 877 748 794 974 648 493 841 547 577 626 415 333
257 232 402 563 256 518 303 486 452 506 95 360 524 280 259 253 408 647 683 410 514 781 472 127 407 517 128 477 655 293 563 560 401 173 252 441 347 0 348 344 150 596 334 696 464 686 485 556 320 409 518 234 704 783 366 726 163 87 399 186 667 387 520 259 284 431 339 330 550 269 675 153 330 461 302 527 199 557 700 346 128 283 485 782 535 525 685 785 211 450 444 61 217 114 768 869 743 417 385 744 379 530 676 562 402 592 801 307 636 694 750 490 720 464 112
577 576 535 432 446 706 574 429 649 702 286 333 225 307 607 599 648 410 357 658 179 533 426 465 347 527 477 458 442 503 323 729 591 506 99 529 449 348 0 269 201 505 138 352 278 458 273 239 247 704 245 373 429 494 35 416 201 267 655 293 324 558 320 347 611 288 597 282 421 120 463 475 342 255 113 455 475 477 351 513 452 399 156 466 293 245 478 557 513 418 620 384 564 463 495 618 465 332 543 462 662 282 333 540 601 351 524 435 376 393 521 145 410 186 452
458 501 693 221 564 839 407 171 775 831 355 65 266 490 564 524 445 316 596 749 424 800 657 399 83 743 449 191 711 307 244 875 365 513 267 710 205 344 269 0 239 754 132 556 135 350 166 494 28 537 514 188 390 750 249 665 210 269 739 166 451 696 187 507 496 91 678 496 677 168 732 497 539 146 158 206 340 722 519 650 473 181 285 707 563 246 747 445 389 151 758 404 538 433 757 883 726 568 688 722 723 223 544 769 724 621 785 587 319 648 412 380 436 209 393
378 374 453 459 326 601 389 405 538 593 120 279 376 261 409 397 477 514 550 519 375 681 443 263 318 517 279 411 566 337 427 636 439 318 112 473 330 150 201 239 0 556 191 553 337 557 353 424 211 513 402 224 563 666 217 600 29 65 512 140 517 457 392 270 411 314 451 282 491 121 588 292 313 329 155 443 284 519 552 411 267 266 335 654 431 380 600 657 317 376 519 196 368 264 658 769 630 365 448 630 504 391 534 550 486 490 690 348 497 571 622 346 573 317 250
841 782 340 937 417 475 900 924 461 484 504 812 697 316 755 795 1004 897 472 546 460 327 127 710 837 160 666 945 211 879 816 459 986 627 488 274 886 596 505 754 556 0 636 566 783 944 776 415 728 999 330 779 888 416 537 441 582 582 556 696 682 395 823 344 860 791 535 274 89 586 214 593 267 759 600 954 795 39 636 384 587 822 613 488 272 728 207 1037 807 906 418 572 704 662 372 389 371 190 375 380 606 775 546 112 446 259 397 344 853 403 1002 491 831 679 695
516 536 618 304 505 779 489 290 717 772 309 198 192 399 585 560 547 325 468 708 294 667 548 426 209 641 458 320 580 402 237 809 478 506 162 624 326 334 138 132 191 636 0 438 159 369 167 362 114 621 382 271 372 619 116 535 171 247 701 208 357 631 211 427 552 155 640 392 555 72 601 482 444 143 42 318 402 606 412 585 458 285 175 580 431 190 617 471 447 279 694 386 549 442 625 751 594 455 620 590 695 200 424 661 666 489 653 513 306 517 435 251 386 130 416
929 926 768 608 730 945 921 664 900 946 622 619 316 563 952 949 985 472 103 940 184 371 567 816 609 675 823 710 380 840 430 952 916 841 444 734 760 696 352 556 553 566 438 0 478 510 449 172 546 1052 256 708 415 266 344 174 553 618 941 636 166 809 480 616 963 519 890 505 481 462 391 808 569 449 440 671 825 561 83 770 786 724 271 182 301 352 407 573 865 673 863 724 906 809 300 425 273 491 790 264 962 405 22 657 861 307 311 692 419 191 547 206 324 355 803
593 635 777 154 660 935 539 185 872 927 457 171 164 559 696 658 567 184 538 857 386 772 702 531 142 799 577 232 703 436 109 966 480 636 321 784 320 464 278 135 337 783 159 478 0 222 34 457 150 667 500 322 255 705 247 613 312 381 849 297 348 788 56 586 631 49 788 549 699 229 723 617 602 29 201 196 475 755 426 741 592 310 217 647 556 132 740 321 524 196 851 521 667 561 719 850 688 608 777 683 838 94 471 816 821 609 744 671 183 604 286 340 306 128 524
801 850 984 189 875 1148 734 300 1087 1141 676 365 247 760 915 873 741 47 598 1076 497 862 881 750 320 984 798 350 824 626 135 1177 645 859 525 984 496 686 458 350 557 944 369 510 222 0 203 561 370 855 628 529 108 771 423 676 533 604 1069 516 345 1000 166 793 838 258 1008 740 856 442 842 839 799 228 411 275 683 922 433 953 815 506 331 693 688 216 859 101 733 335 1063 744 888 783 798 928 768 786 988 760 1060 176 512 994 1036 731 815 880 94 680 65 458 209 272 744
624 663 785 169 672 946 572 215 884 939 472 206 133 564 722 687 602 162 512 872 366 752 700 558 177 799 601 264 687 470 79 976 515 658 326 789 354 485 273 166 353 776 167 449 34 203 0 437 178 701 484 354 225 681 240 588 329 401 865 324 315 798 47 593 661 84 804 550 691 239 707 637 606 24 209 222 506 750 394 752 613 344 193 620 542 99 724 304 555 229 861 541 692 586 697 828 666 605 787 660 857 59 442 814 833 593 720 680 154 581 269 321 272 105 550
802 788 596 607 562 772 810 635 728 773 473 560 322 393 805 809 887 516 127 769 71 314 399 681 563 509 678 673 263 742 449 780 830 687 312 562 685 556 239 494 424 415 362 172 457 561 437 0 476 937 88 612 488 257 248 177 432 486 771 532 267 637 479 447 834 485 722 334 326 360 281 653 397 428 349 652 708 404 226 599 633 638 245 229 142 359 298 644 742 633 691 576 756 666 264 393 233 320 618 228 795 413 149 496 689 171 291 521 467 155 612 117 420 331 666
446 485 665 248 536 812 402 198 748 803 328 86 267 462 546 508 446 334 582 723 408 780 629 381 110 715 428 216 688 305 258 848 370 490 240 682 214 320 247 28 211 728 114 546 150 370 178 476 0 532 493 180 404 734 230 649 183 243 714 146 449 668 204 479 484 112 652 468 652 142 710 473 511 156 135 234 328 695 513 623 449 181 277 693 540 250 725 467 377 177 731 379 518 412 739 864 708 541 660 704 698 233 533 741 696 599 767 559 332 632 433 365 444 207 374
158 235 744 673 607 789 131 561 732 773 505 497 799 685 303 234 131 833 1060 645 883 1187 872 289 537 899 338 517 1063 231 775 841 227 398 625 801 358 409 704 537 513 999 621 1052 667 855 701 937 532 0 914 353 918 1180 707 1113 505 456 627 415 978 707 711 655 147 618 588 738 958 590 1084 423 732 683 612 596 229 959 1034 682 422 356 797 1166 938 783 1094 932 199 522 746 426 336 339 1170 1275 1143 825 716 1143 573 760 1035 950 694 997 1202 676 847 1085 906 849 973 738 304
772 748 514 653 491 689 791 668 647 691 429 579 383 322 757 768 876 582 190 694 133 288 311 646 590 420 634 701 203 733 508 695 828 635 293 477 693 518 245 514 402 330 382 256 500 628 484 88 493 914 0 608 563 265 265 211 415 458 697 524 352 557 529 376 802 521 650 259 240 362 223 599 319 472 359 690 686 317 314 521 581 639 300 269 60 417 239 716 716 661 609 530 707 623 256 374 228 235 537 228 724 469 234 408 610 108 288 445 535 176 683 170 501 380 630
272 325 632 369 489 751 221 272 686 739 293 164 446 474 397 347 277 499 729 638 551 894 663 236 212 728 299 252 785 131 431 794 220 374 317 666 115 234 373 188 224 779 271 708 322 529 354 612 180 353 608 0 578 866 369 790 201 201 625 85 625 621 371 470 309 275 566 504 715 252 807 369 527 334 268 314 154 741 684 579 348 49 446 839 644 430 820 618 204 233 678 292 380 285 864 981 834 589 618 832 596 411 693 765 636 705 894 533 506 766 587 512 624 385 235
849 889 964 279 867 1134 793 382 1075 1129 680 421 204 736 947 912 812 95 509 1075 430 777 838 783 382 944 824 434 751 687 146 1158 719 877 511 957 563 704 429 390 563 888 372 415 255 108 225 488 404 918 563 578 0 680 395 586 543 618 1070 550 249 986 207 775 886 302 1009 708 799 442 768 854 770 248 409 364 731 869 335 940 830 563 282 597 623 187 785 158 780 412 1048 758 915 808 710 838 681 744 972 673 1067 174 420 948 1026 660 725 863 71 594 132 396 101 250 775
1038 1012 711 848 725 873 1056 886 844 878 692 816 555 562 1016 1031 1138 731 173 909 326 119 475 911 818 564 896 927 206 994 678 865 1085 891 556 657 942 783 494 750 666 416 619 266 705 771 681 257 734 1180 265 866 680 0 505 95 678 724 915 784 431 762 719 614 1067 737 877 496 357 615 202 855 543 675 605 901 951 429 349 734 838 893 488 96 253 592 211 839 982 887 802 791 965 886 47 158 47 438 741 41 953 647 260 526 816 205 45 666 679 102 812 370 591 577 895
586 590 569 401 477 740 577 403 682 735 311 314 190 342 626 613 646 375 360 689 182 551 461 479 324 562 495 435 465 500 288 763 584 528 125 564 437 366 35 249 217 537 116 344 247 423 240 248 230 707 265 369 395 505 0 423 212 282 685 293 301 591 287 381 621 259 627 317 452 118 486 499 377 222 101 427 480 509 335 546 475 391 126 470 317 210 502 522 521 395 654 406 583 481 509 634 478 366 577 475 690 247 327 575 633 373 537 469 341 403 486 143 378 151 466
976 957 702 754 697 871 987 796 836 875 639 730 460 529 968 978 1065 635 77 893 241 198 475 852 730 574 844 837 235 919 583 869 1007 846 488 655 861 726 416 665 600 441 535 174 613 676 588 177 649 1113 211 790 586 95 423 0 608 660 897 709 337 750 625 583 1007 646 854 464 368 537 240 811 519 583 525 809 884 446 257 718 792 814 396 58 220 498 254 744 918 798 796 740 918 833 126 252 100 421 729 90 929 553 165 545 804 192 139 645 583 40 717 284 497 485 837
375 378 483 431 354 629 378 375 566 621 146 250 360 290 419 402 461 491 555 545 379 698 471 267 288 546 290 382 585 319 405 665 419 335 122 502 304 163 201 210 29 582 171 553 312 533 329 432 183 505 415 201 543 678 212 608 0 76 537 116 508 485 368 299 409 287 475 309 515 106 607 311 341 305 138 414 275 545 548 439 286 241 325 661 447 362 620 633 312 347 548 214 380 274 672 785 643 391 477 642 527 370 535 578 514 507 703 377 476 581 598 347 556 300 255
316 308 439 490 301 574 336 423 509 564 94 296 436 273 344 331 430 563 612 480 439 732 463 198 339 526 214 421 612 297 478 612 403 259 175 467 315 87 267 269 65 582 247 618 381 604 401 486 243 456 458 201 618 724 282 660 76 0 470 129 582 434 438 269 348 352 409 308 525 182 634 236 325 377 214 463 229 544 617 390 211 249 399 715 482 438 645 703 258 390 495 140 304 199 713 821 686 394 429 686 457 444 599 564 457 541 745 336 550 630 668 411 632 376 184
490 398 216 960 212 164 593 886 119 148 392 760 872 378 324 394 700 1026 887 17 763 860 450 410 806 401 338 875 724 642 938 217 738 259 562 282 733 399 655 739 512 556 701 941 849 1069 865 771 714 627 697 625 1070 915 685 897 537 470 0 585 972 160 905 325 485 823 61 437 572 629 738 257 378 841 661 927 529 523 975 181 277 673 811 955 676 883 739 1170 503 849 152 338 295 349 882 935 868 477 181 874 62 901 918 458 111 712 913 252 1006 857 1134 760 1064 819 404
308 339 568 379 429 699 284 300 634 688 224 174 395 396 399 363 355 481 651 596 473 809 582 234 222 651 283 293 700 209 404 739 304 349 232 597 190 186 293 166 140 696 208 636 297 516 324 532 146 415 524 85 550 784 293 709 116 129 585 0 566 562 351 397 345 257 525 422 631 175 722 335 448 301 196 341 194 659 618 518 312 126 383 760 559 386 735 612 239 265 622 247 372 267 780 897 751 505 557 750 564 377 620 687 583 620 811 465 478 685 578 436 583 333 227
873 887 826 459 760 1003 846 529 951 1001 611 508 186 603 926 910 895 309 262 973 229 532 656 775 488 766 796 579 520 754 278 1018 816 830 424 803 656 667 324 451 517 682 357 166 348 345 315 267 449 978 352 625 249 431 301 337 508 582 972 566 0 858 336 651 909 394 916 557 593 404 535 800 623 322 375 530 760 669 88 816 776 631 184 348 409 215 551 407 805 545 917 707 885 781 462 590 434 568 841 425 983 262 171 758 906 434 476 736 257 348 381 215 161 242 763
555 472 55 916 133 148 645 857 92 143 342 730 782 255 416 476 756 954 746 151 639 701 291 445 772 242 379 856 567 669 865 179 774 309 476 123 735 387 558 696 457 395 631 809 788 1000 798 637 668 707 557 621 986 762 591 750 485 434 160 562 858 0 842 211 560 770 146 304 413 559 580 289 240 775 589 897 560 362 851 46 297 670 713 807 530 799 580 1101 549 825 63 331 374 383 727 775 714 328 21 720 212 826 786 299 54 561 757 123 928 710 1065 643 967 736 435
643 688 830 129 714 989 585 194 927 982 512 213 164 609 751 711 606 129 548 912 408 793 747 585 176 845 632 246 732 480 67 1020 515 692 372 835 357 520 320 187 392 823 211 480 56 166 47 479 204 711 529 371 207 719 287 625 368 438 905 351 336 842 0 638 681 95 843 597 738 282 752 673 652 67 253 193 525 797 420 795 648 355 234 654 587 128 768 265 575 216 905 577 722 617 736 868 705 652 831 699 894 75 475 861 876 637 759 724 136 620 230 363 270 149 579
497 439 191 722 115 359 560 674 302 354 177 549 571 54 420 454 667 747 566 324 438 581 217 366 587 259 322 681 445 551 658 384 659 290 268 203 584 259 347 507 270 344 427 616 586 793 593 447 479 655 376 470 775 614 381 583 299 269 325 397 651 211 638 0 515 573 275 118 313 357 463 255 80 571 385 712 458 304 650 165 245 518 502 642 364 589 469 894 465 647 273 228 368 317 588 665 569 186 196 573 348 617 593 302 255 409 620 88 718 544 858 438 756 526 351
37 88 597 671 461 645 133 564 586 629 378 472 741 550 163 90 223 809 960 501 787 1065 733 157 518 754 194 529 937 229 740 696 287 251 523 655 362 284 611 496 411 860 552 963 631 838 661 834 484 147 802 309 886 1067 621 1007 409 348 485 345 909 560 681 515 0 585 443 607 824 507 958 277 594 641 534 604 155 820 955 535 277 333 725 1062 820 731 967 925 106 523 599 290 190 198 1053 1153 1028 691 568 1029 432 718 945 806 547 877 1086 531 815 976 895 757 927 679 173
547 592 762 150 640 916 491 149 852 907 433 122 208 550 656 616 518 225 573 831 414 799 703 491 93 796 540 191 723 387 157 949 430 602 315 774 270 431 288 91 314 791 155 519 49 258 84 485 112 618 521 275 302 737 259 646 287 352 823 257 394 770 95 573 585 0 761 546 709 217 744 584 596 72 194 168 429 761 470 724 560 261 251 683 575 180 760 355 479 153 833 490 629 524 749 879 718 611 760 713 809 144 510 817 801 629 774 656 230 635 321 368 356 164 485
445 355 199 899 159 202 545 825 144 187 331 699 812 328 287 354 653 965 840 71 711 827 422 356 745 387 285 815 691 588 877 253 687 205 503 268 675 339 597 678 451 535 640 890 788 1008 804 722 652 588 650 566 1009 877 627 854 475 409 61 525 916 146 843 275 443 761 0 390 542 568 706 200 335 780 600 866 475 500 921 150 218 614 753 912 633 823 708 1109 453 789 162 277 252 294 846 905 830 438 164 835 75 840 868 444 111 672 877 210 946 815 1073 706 1005 759 349
584 537 268 696 232 445 632 667 396 444 235 549 504 65 528 554 733 693 450 435 335 468 162 451 579 249 419 683 334 605 605 460 711 399 231 249 612 330 282 496 282 274 392 505 549 740 550 334 468 738 259 504 708 496 317 464 309 308 437 422 557 304 597 118 607 546 390 0 220 331 354 364 65 529 351 701 526 237 547 264 350 548 427 523 246 527 361 839 542 645 361 316 476 411 471 554 451 87 286 455 465 564 483 272 355 291 504 186 658 426 803 342 676 468 435
803 752 359 853 406 515 852 845 490 522 455 737 608 274 733 767 953 808 392 564 371 288 121 670 760 207 634 868 155 822 728 507 928 604 414 302 819 550 421 677 491 89 555 481 699 856 691 326 652 958 240 715 799 357 452 368 515 525 572 631 593 413 738 313 824 709 542 220 0 510 166 569 233 674 521 874 746 80 549 392 559 757 524 420 184 640 166 947 762 829 448 534 682 627 318 363 310 133 392 318 616 687 461 177 467 179 347 337 764 328 913 402 741 592 655
471 482 548 367 433 707 459 338 645 700 237 227 255 332 525 506 529 398 476 635 298 650 490 371 251 580 396 358 551 383 310 737 470 440 99 556 330 269 120 168 121 586 72 462 229 442 239 360 142 590 362 252 442 615 118 537 106 182 629 175 404 559 282 357 507 217 568 331 510 0 573 414 378 215 33 370 363 554 448 513 389 278 220 586 405 258 587 543 405 319 622 318 486 381 615 736 585 400 548 582 624 272 445 603 594 464 644 442 377 514 507 260 451 195 359
933 891 526 877 565 680 970 890 657 687 580 796 601 417 881 908 1064 797 289 730 347 121 288 801 810 366 773 921 21 925 727 668 1026 752 490 468 901 675 463 732 588 214 601 391 723 842 707 281 710 1084 223 807 768 202 486 240 607 634 738 722 535 580 752 463 958 744 706 354 166 573 0 717 385 695 575 913 863 231 471 558 704 843 520 280 169 637 17 925 885 881 614 669 830 765 158 201 158 277 559 167 781 690 375 326 634 114 184 498 748 207 893 389 694 602 785
268 192 321 714 184 395 356 633 332 382 188 510 669 300 164 202 467 799 780 270 624 832 467 159 557 479 90 619 698 390 715 443 491 35 375 378 475 153 475 497 292 593 482 808 617 839 637 653 473 423 599 369 854 855 499 811 311 236 257 335 800 289 673 255 277 584 200 364 569 414 717 0 336 613 447 675 277 554 823 259 24 416 622 869 602 672 723 938 260 596 335 96 113 96 833 917 811 441 294 814 229 681 787 532 286 653 866 256 787 775 903 607 865 610 150
575 519 203 746 182 380 633 710 331 379 240 588 566 52 500 534 738 752 509 375 400 504 141 443 622 204 402 722 367 617 664 395 725 370 281 186 639 330 342 539 313 267 444 569 602 799 606 397 511 732 319 527 770 543 377 519 341 325 378 448 623 240 652 80 594 596 335 65 233 378 385 336 0 584 402 745 530 227 612 202 325 573 490 577 298 588 390 899 539 685 295 305 448 396 514 586 497 108 221 502 410 622 546 238 291 338 547 126 718 480 862 407 741 528 428
603 641 762 181 648 922 554 214 860 915 448 191 136 541 699 664 586 186 508 848 357 743 680 535 166 778 578 260 675 452 102 953 501 634 304 767 340 461 255 146 329 759 143 449 29 228 24 428 156 683 472 334 248 675 222 583 305 377 841 301 322 775 67 571 641 72 780 529 674 215 695 613 584 0 186 225 485 732 398 728 589 326 187 617 528 107 712 328 534 224 838 517 668 562 690 820 658 586 764 653 832 77 442 794 810 581 714 657 177 574 293 311 290 98 527
498 512 576 345 464 737 480 324 675 730 270 221 222 357 557 536 546 366 461 667 284 647 508 401 239 601 428 349 553 400 278 767 482 473 121 582 337 302 113 158 155 600 42 440 201 411 209 349 135 612 359 268 409 605 101 525 138 214 661 196 375 589 253 385 534 194 600 351 521 33 575 447 402 186 0 354 388 569 423 543 423 289 190 572 405 225 590 512 431 309 652 351 519 413 608 731 577 417 578 574 657 240 425 622 625 464 637 471 345 504 476 244 418 162 390
569 635 896 86 764 1038 485 42 973 1028 555 167 354 696 710 656 474 269 734 938 581 966 861 551 125 949 613 79 892 378 254 1075 376 685 470 915 243 527 455 206 443 954 318 671 196 275 222 652 234 596 690 314 364 901 427 809 414 463 927 341 530 897 193 712 604 168 866 701 874 370 913 675 745 225 354 0 459 923 613 852 653 276 413 842 744 319 929 339 507 81 958 589 694 598 915 1045 884 771 890 878 904 268 665 974 921 798 940 791 304 800 316 535 448 324 549
118 176 585 520 439 673 106 418 610 659 291 318 588 479 256 197 208 654 831 543 654 962 671 119 365 715 190 388 841 113 584 721 213 270 396 632 224 199 475 340 284 795 402 825 475 683 506 708 328 229 686 154 731 951 480 884 275 229 529 194 760 560 525 458 155 429 475 526 746 363 863 277 530 485 388 459 0 756 811 525 264 183 577 937 712 576 874 772 49 377 611 236 250 181 942 1050 915 613 563 914 489 562 807 760 563 771 974 499 659 856 742 621 772 526 126
802 743 307 908 379 450 860 892 431 458 465 778 675 276 716 756 965 874 472 513 445 348 87 670 805 135 627 912 224 840 791 437 948 588 455 243 850 557 477 722 519 39 606 561 755 922 750 404 695 959 317 741 869 429 509 446 545 544 523 659 669 362 797 304 820 761 500 237 80 554 231 554 227 732 569 923 756 0 628 349 547 785 591 497 262 705 226 1015 767 873 389 532 665 622 388 416 383 154 342 391 572 750 541 98 414 258 415 306 832 407 981 473 815 654 655
920 926 814 544 763 991 902 610 943 991 634 579 262 599 959 949 958 398 186 975 212 455 625 815 563 735 829 658 459 814 364 1002 883 854 449 785 725 700 351 519 552 636 412 83 426 433 394 226 513 1034 314 684 335 349 335 257 548 617 975 618 88 851 420 650 955 470 921 547 549 448 471 823 612 398 423 613 811 628 0 810 800 694 237 263 365 295 487 492 853 623 908 734 915 814 384 508 357 544 833 347 992 345 96 721 901 380 395 731 345 274 467 217 241 311 802
527 448 62 870 90 194 613 812 136 189 297 685 737 212 398 454 724 908 711 175 598 679 271 412 727 240 348 811 544 632 819 225 738 283 430 125 693 346 513 650 411 384 585 770 741 953 752 599 623 682 521 579 940 734 546 718 439 390 181 518 816 46 795 165 535 724 150 264 392 513 558 259 202 728 543 852 525 349 810 0 265 628 668 775 497 753 559 1055 516 780 109 292 353 351 701 756 687 297 39 693 224 779 748 297 90 531 732 79 881 678 1018 601 922 690 401
265 196 326 691 185 410 348 611 346 397 165 487 644 287 178 208 459 775 760 289 602 818 459 148 534 477 84 598 685 375 690 457 478 54 352 380 456 128 452 473 267 587 458 786 592 815 613 633 449 422 581 348 830 838 475 792 286 211 277 312 776 297 648 245 277 560 218 350 559 389 704 24 325 589 423 653 264 547 800 265 0 396 598 850 585 648 711 914 251 574 347 71 127 86 817 904 795 429 301 797 251 656 765 529 299 637 850 254 762 757 879 584 840 585 137
296 358 681 338 538 800 229 235 735 788 342 142 447 520 434 380 264 481 751 686 574 926 708 278 186 775 344 209 821 125 419 843 193 420 352 715 66 283 399 181 266 822 285 724 310 506 344 638 181 356 639 49 563 893 391 814 241 249 673 126 631 670 355 518 333 261 614 548 757 278 843 416 573 326 289 276 183 785 694 628 396 0 457 861 678 428 856 592 232 194 728 341 421 330 893 1013 863 632 667 861 643 403 710 812 685 738 923 582 492 792 562 533 616 388 278
688 702 688 362 602 860 665 400 804 857 436 347 83 459 744 726 721 283 321 815 174 559 556 591 339 662 614 443 501 577 207 882 647 651 251 677 490 485 156 285 335 613 175 271 217 331 193 245 277 797 300 446 282 488 126 396 325 399 811 383 184 713 234 502 725 251 753 427 524 220 520 622 490 187 190 413 577 591 237 668 598 457 0 431 360 117 537 424 621 404 774 528 703 599 503 634 472 461 698 466 817 169 260 667 756 406 527 590 240 387 389 131 254 89 579
1031 1013 759 784 756 927 1039 831 893 931 696 772 489 588 1026 1034 1115 654 111 951 288 215 530 908 769 627 902 874 279 969 608 924 1055 904 541 711 906 782 466 707 654 488 580 182 647 693 620 229 693 1166 269 839 597 96 470 58 661 715 955 760 348 807 654 642 1062 683 912 523 420 586 280 869 577 617 572 842 937 497 263 775 850 861 431 0 278 526 292 755 972 836 852 797 976 889 141 250 125 479 786 115 987 581 181 595 861 247 140 703 602 97 729 328 504 520 893
792 761 484 710 478 656 818 720 618 659 442 627 443 311 763 780 908 642 220 672 193 250 267 662 640 374 645 751 148 766 567 658 864 637 327 441 734 535 293 563 431 272 431 301 556 688 542 142 540 938 60 644 623 253 317 220 447 482 676 559 409 530 587 364 820 575 633 246 184 405 169 602 298 528 405 744 712 262 365 497 585 678 360 278 0 477 185 776 739 711 578 539 712 634 233 338 209 202 510 212 709 528 279 356 584 60 266 424 595 181 743 230 560 438 647
693 722 779 257 680 947 652 315 888 942 494 297 37 552 775 746 691 168 421 888 290 670 665 614 273 769 648 364 618 553 90 973 607 697 324 774 446 525 245 246 380 728 190 352 132 216 99 359 250 783 417 430 187 592 210 498 362 438 883 386 215 799 128 589 731 180 823 527 640 258 637 672 588 107 225 319 576 705 295 753 648 428 117 526 477 0 653 313 624 329 862 576 739 633 612 743 581 570 785 574 881 55 347 778 839 523 633 677 130 494 277 248 197 63 604
942 899 526 893 568 677 980 905 655 684 589 811 618 423 888 916 1075 814 305 731 363 122 288 810 826 362 781 937 36 937 744 664 1039 759 504 466 914 685 478 747 600 207 617 407 740 859 724 298 725 1094 239 820 785 211 502 254 620 645 739 735 551 580 768 469 967 760 708 361 166 587 17 723 390 712 590 929 874 226 487 559 711 856 537 292 185 653 0 942 895 896 613 678 836 773 166 197 168 283 559 178 783 706 391 320 633 131 190 501 765 221 910 406 711 619 794
