171
0 233 402 134 73 538 500 359 653 434 685 696 75 678 677 560 781 792 706 661 283 475 404 388 708 486 443 813 763 161 536 831 640 527 223 542 934 327 757 562 635 785 435 695 238 264 773 516 195 155 836 496 606 867 172 550 290 241 608 732 746 153 645 470 146 765 236 679 641 725 683 823 721 716 657 225 337 782 257 274 510 572 601 590 345 115 410 584 137 553 658 673 841 341 103 796 795 639 391 403 643 801 393 100 78 615 928 633 415 440 842 879 804 741 141 729 608 925 552 667 242 843 478 690 609 648 315 648 709 180 785 88 682 37 504 588 106 689 555 388 400 726 642 526 924 788 828 893 874 769 675 865 675 190 152 636 736 746 309 812 353 574 731 714 586 158 757 753 662 469 804
233 0 613 366 248 666 572 415 756 307 741 597 288 721 842 513 843 689 863 570 172 697 598 341 849 466 639 700 583 212 724 692 795 515 150 615 936 541 847 612 506 644 652 717 205 371 606 693 38 96 787 626 420 688 170 747 508 40 450 661 889 163 857 619 300 783 243 486 716 772 615 829 829 860 577 417 529 774 436 95 705 733 696 746 336 260 375 794 353 556 861 518 735 197 285 809 782 702 600 367 558 678 619 164 305 709 970 850 231 536 700 868 760 604 373 638 796 944 774 634 344 924 447 903 712 645 397 467 582 61 803 164 807 248 536 807 167 735 388 613 383 728 452 479 914 735 763 941 929 724 649 938 573 403 294 713 656 799 246 726 295 416 803 704 504 366 882 753 789 559 634
402 613 0 283 365 312 412 395 439 667 556 819 396 573 328 643 617 904 372 782 685 101 77 548 402 560 76 937 1003 424 163 994 318 570 625 431 849 74 542 484 815 958 44 624 632 319 989 175 577 554 854 286 872 1092 468 158 114 605 835 804 432 465 244 229 320 683 452 947 488 599 761 750 482 403 762 200 108 741 193 673 126 258 420 280 485 472 542 182 266 563 257 885 950 626 328 716 758 509 18 541 759 944 89 449 367 431 771 238 715 341 1008 824 817 914 276 834 228 812 169 694 332 629 571 289 409 632 352 902 872 552 698 491 414 411 487 196 447 577 805 84 515 680 910 621 860 821 873 733 704 793 689 663 807 212 485 481 824 605 701 893 547 809 557 692 713 390 476 704 395 362 1022
134 366 283 0 138 480 485 372 606 528 668 762 113 669 585 608 756 858 621 726 406 346 302 453 632 527 336 883 868 242 431 913 556 559 346 522 939 209 714 555 718 870 311 698 349 264 870 421 328 289 873 440 715 968 271 438 169 371 706 783 669 257 521 401 160 767 307 790 614 710 734 829 669 638 717 152 242 797 189 406 401 489 562 509 398 189 466 463 65 576 540 768 907 449 124 800 812 619 276 460 706 877 262 216 84 576 909 505 530 414 925 893 838 825 7 791 503 921 423 701 252 803 525 565 564 667 320 754 789 310 785 218 618 131 514 460 219 678 659 257 449 738 753 576 935 828 873 872 849 806 705 829 744 93 206 608 793 727 417 868 428 673 700 733 651 128 691 765 598 444 903
73 248 365 138 0 470 427 286 582 392 612 639 137 605 618 496 708 735 646 604 335 449 356 329 643 419 396 758 729 106 485 782 578 458 277 469 863 292 685 489 586 738 403 623 301 191 734 461 211 193 770 428 576 831 132 504 259 244 569 669 682 119 609 405 75 693 178 651 569 652 620 751 651 652 598 173 287 711 199 310 463 512 529 528 281 188 348 546 106 483 616 632 784 311 39 724 724 566 352 341 585 749 372 85 127 543 855 602 392 368 794 808 737 693 143 670 558 853 525 599 169 771 413 655 538 578 242 616 659 188 713 143 614 108 432 559 85 616 520 366 335 654 614 462 853 722 764 820 801 702 606 793 619 155 225 564 676 673 371 751 298 536 658 644 528 212 690 682 594 396 766
538 666 312 480 470 0 164 272 130 567 248 607 574 272 212 437 304 675 212 574 797 387 237 432 184 372 242 712 853 455 219 790 152 356 742 155 541 333 238 213 644 764 341 331 771 295 822 169 639 650 579 41 761 924 495 265 361 640 697 563 224 504 398 85 395 382 429 827 179 290 529 447 188 197 547 329 257 450 291 752 245 120 109 116 384 645 406 347 424 327 352 727 715 581 435 413 468 205 299 410 551 731 402 524 549 119 459 428 660 142 805 524 544 725 476 609 246 500 414 442 322 327 394 432 97 365 272 776 681 609 394 613 144 566 259 412 517 273 690 397 378 392 795 429 555 556 609 420 393 526 430 357 603 387 674 171 589 293 841 647 456 680 244 414 522 609 219 413 125 134 854
500 572 412 485 427 164 0 157 192 419 185 444 555 183 375 273 281 516 368 410 724 504 336 287 327 210 358 552 690 376 367 627 314 191 675 43 458 404 275 74 481 600 451 219 713 236 658 315 552 578 442 153 604 760 408 412 418 540 536 407 363 422 550 201 355 285 328 668 144 226 369 350 263 341 384 340 322 331 306 665 383 283 130 280 252 615 257 493 420 165 510 564 558 452 401 319 348 138 395 262 388 569 494 457 534 141 427 576 523 75 642 420 406 560 483 448 406 436 547 289 259 353 233 588 152 221 187 616 517 523 303 559 264 534 95 552 448 192 534 487 231 270 638 265 460 411 464 393 373 383 281 369 439 401 650 141 431 245 779 493 320 522 233 280 358 609 330 296 252 50 690
359 415 395 372 286 272 157 0 343 301 333 425 421 322 477 253 434 514 484 388 567 496 333 167 456 168 368 545 617 221 415 599 421 190 520 200 576 359 432 206 421 562 440 336 559 108 597 367 395 423 502 240 503 701 251 454 357 383 451 424 495 266 591 258 221 406 171 574 302 370 377 464 416 469 371 252 288 427 228 507 416 371 282 376 112 474 151 528 306 203 567 495 562 308 267 437 441 291 377 152 365 550 460 303 405 295 573 606 388 131 613 524 467 519 372 444 473 566 556 331 121 510 176 634 300 295 52 525 476 365 426 408 403 395 146 573 295 334 433 452 123 369 540 227 567 459 506 540 524 435 333 526 412 305 511 298 439 394 624 512 185 429 390 362 318 486 475 397 387 148 630
653 756 439 606 582 130 192 343 0 608 154 585 695 190 246 432 181 638 218 556 899 505 365 478 160 389 365 676 856 551 323 764 192 357 847 155 431 463 108 194 645 745 464 256 880 397 817 280 733 752 509 167 786 915 588 367 491 726 712 522 189 600 486 216 507 289 513 846 95 188 498 350 72 176 527 454 387 368 416 846 356 206 62 188 444 763 447 444 547 316 429 731 673 644 549 317 386 131 426 453 536 702 529 627 671 51 332 522 715 220 779 427 476 711 602 577 326 384 523 401 423 197 413 512 44 319 360 794 668 703 297 722 89 683 269 514 619 185 718 524 422 318 818 435 452 496 548 294 265 467 385 227 586 514 794 90 552 182 948 599 512 701 122 350 519 735 141 333 88 196 847
434 307 667 528 392 567 419 301 608 0 536 290 509 505 776 237 634 382 779 263 477 767 617 135 744 229 656 394 342 286 713 398 718 274 457 453 665 613 673 422 204 352 711 478 511 348 342 667 318 381 490 538 205 440 263 750 596 267 177 359 781 281 884 560 380 535 225 279 538 555 316 566 677 758 273 481 560 504 475 392 710 671 547 675 190 520 162 819 478 321 864 240 428 110 405 555 509 511 649 157 253 375 712 335 510 557 733 893 122 425 408 591 467 309 532 331 773 686 835 356 334 732 204 928 570 392 326 235 280 303 553 419 683 468 341 857 328 519 138 704 188 470 243 209 636 438 461 711 706 431 374 735 266 508 560 537 350 585 553 419 120 146 610 437 202 593 749 492 670 434 374
685 741 556 668 612 248 185 333 154 536 0 453 740 40 401 324 102 495 371 429 899 634 479 421 311 307 489 534 738 555 464 626 347 263 853 145 293 564 150 128 530 612 588 104 893 421 693 416 725 756 355 269 689 786 583 509 584 705 608 380 333 599 635 326 540 136 500 742 69 44 362 200 187 326 398 520 482 213 484 835 492 352 139 337 406 800 386 589 604 216 581 616 526 595 586 166 231 48 541 393 411 562 643 637 719 131 242 670 653 253 641 277 323 581 665 439 477 259 662 263 443 196 332 664 158 182 370 690 540 695 147 741 240 719 206 657 629 31 625 638 368 165 717 337 307 345 396 207 190 316 244 201 458 581 836 76 411 60 958 451 463 603 77 199 406 793 269 178 242 223 721
696 597 819 762 639 607 444 425 585 290 453 0 771 413 812 176 524 96 797 37 767 918 752 310 744 258 783 120 293 535 808 182 752 255 747 454 447 785 603 399 118 159 862 356 801 522 242 756 606 667 231 597 304 332 526 852 782 557 215 99 774 547 991 641 603 379 461 327 492 448 92 378 636 760 59 671 713 311 652 681 819 728 537 723 365 794 296 932 702 279 954 186 145 400 640 383 306 456 800 302 59 126 885 602 765 540 566 1013 391 495 197 369 222 128 765 43 850 490 974 190 522 630 249 1030 563 271 474 282 89 589 391 698 674 732 350 985 594 425 267 878 317 312 316 198 407 185 186 556 565 194 211 618 24 716 835 496 74 476 843 130 342 232 529 270 112 851 718 320 669 485 268
75 288 396 113 137 574 555 421 695 509 740 771 0 736 694 632 833 867 728 736 298 457 413 462 735 556 448 888 836 236 543 906 662 596 239 595 998 322 801 619 710 860 424 757 237 320 847 530 251 199 907 533 678 940 247 551 282 303 682 805 773 228 633 500 201 827 310 750 692 781 756 886 761 742 731 248 350 847 284 310 513 595 646 614 417 76 483 576 151 620 653 748 916 415 154 859 861 692 389 476 718 877 370 174 28 660 983 615 486 490 917 944 874 817 120 803 615 986 532 737 301 889 550 676 652 714 374 720 784 242 846 125 716 42 567 571 181 746 629 366 472 790 714 598 989 859 900 947 927 840 744 913 750 197 99 687 810 800 304 886 428 649 780 780 661 83 790 818 695 519 878
678 721 573 669 605 272 183 322 190 505 40 413 736 0 436 287 128 455 409 389 883 656 496 395 349 277 509 493 698 542 491 586 381 231 838 149 278 577 190 116 491 572 607 65 880 415 653 442 707 742 318 288 653 746 568 537 595 685 571 340 373 585 665 345 535 110 484 704 99 51 322 176 227 364 358 524 495 180 488 816 517 382 166 368 385 794 359 617 604 183 613 577 486 569 581 142 197 66 558 367 371 522 660 625 716 161 251 698 624 256 600 252 285 541 666 399 508 252 687 223 436 229 301 695 188 142 362 652 500 678 124 730 278 713 185 684 617 14 589 654 344 127 680 303 286 306 358 220 208 277 203 229 419 585 830 105 370 79 944 411 438 567 116 160 368 792 309 143 278 227 681
677 842 328 585 618 212 375 477 246 776 401 812 694 436 0 646 408 874 49 780 954 348 284 641 107 584 256 912 1065 630 165 995 60 566 896 358 666 387 305 413 856 971 330 502 916 475 1033 163 811 810 755 237 972 1134 674 187 427 821 909 760 118 679 262 226 549 534 620 1039 338 433 730 593 237 98 753 451 343 615 420 921 204 110 279 101 590 770 617 241 545 534 198 939 912 782 580 561 632 374 326 621 759 934 406 687 666 279 539 305 865 351 1009 670 722 933 579 810 117 611 333 638 501 372 606 278 253 557 466 988 889 782 541 761 165 697 469 310 682 431 902 404 589 564 1007 641 692 740 793 504 472 711 623 409 810 496 791 332 788 423 986 840 663 893 357 594 732 706 186 579 159 346 1064
560 513 643 608 496 437 273 253 432 237 324 176 632 287 646 0 413 261 635 140 685 742 575 178 587 84 606 293 423 399 632 357 586 81 654 289 429 612 471 239 212 327 686 248 704 355 387 581 512 564 279 424 365 487 402 676 611 473 284 174 620 422 816 465 448 299 324 418 345 333 126 329 492 602 119 504 538 267 481 606 643 556 378 553 215 667 150 755 545 116 780 298 309 327 490 318 273 312 625 158 117 302 712 475 623 383 499 837 359 319 372 357 249 287 609 191 677 449 797 121 359 517 83 855 404 158 304 366 244 488 317 579 518 597 177 809 467 301 302 705 160 233 393 34 403 229 268 478 477 213 138 514 168 552 708 347 186 363 757 260 221 279 402 200 86 708 571 254 511 311 418
781 843 617 756 708 304 281 434 181 634 102 524 833 128 408 413 0 551 370 504 1001 687 542 522 305 405 545 590 815 656 504 687 363 359 954 239 257 635 107 230 611 678 644 169 993 517 766 461 826 857 384 334 779 855 684 547 660 808 695 440 316 700 661 389 635 155 602 827 142 79 432 197 171 319 473 606 555 240 568 937 537 387 200 368 508 896 487 623 693 312 602 696 576 697 681 170 254 143 604 494 488 623 706 737 812 187 155 700 752 343 701 269 358 652 753 503 502 204 704 334 540 105 430 684 207 260 468 776 613 797 152 840 243 815 308 693 729 114 716 701 470 214 805 430 285 388 434 117 93 361 313 101 533 667 930 147 472 49 1058 499 564 693 59 255 491 883 242 214 253 314 792
792 689 904 858 735 675 516 514 638 382 495 96 867 455 874 261 551 0 854 131 857 1003 835 406 799 346 864 38 306 631 883 137 815 335 840 520 428 873 641 463 191 141 947 392 894 614 245 831 700 761 200 669 362 313 623 928 872 649 279 115 826 643 1067 716 698 398 557 367 543 482 146 381 682 814 143 763 799 318 742 771 897 796 595 789 460 890 391 1008 797 350 1026 230 49 492 735 394 309 506 885 397 151 73 973 698 862 596 567 1090 476 573 150 353 208 137 860 70 921 480 1055 236 615 655 339 1104 621 319 564 330 126 683 406 793 727 828 425 1065 690 465 338 966 410 338 365 287 383 171 144 564 578 192 253 638 118 809 931 548 86 508 934 66 438 303 566 298 207 947 764 338 724 560 262
706 863 372 621 646 212 368 484 218 779 371 797 728 409 49 635 370 854 0 766 981 397 323 644 64 578 298 893 1057 650 211 978 67 555 923 346 626 428 264 398 846 956 377 475 945 492 1022 202 833 835 727 244 971 1122 693 235 466 840 905 739 68 700 310 244 575 502 634 1036 313 401 712 559 198 51 738 482 378 584 449 944 250 133 260 117 596 803 618 290 577 520 245 931 890 792 608 527 601 349 369 622 745 916 452 711 700 258 495 354 872 354 993 634 694 920 614 792 166 570 383 617 519 326 601 324 233 535 478 985 876 803 508 789 131 728 460 360 705 403 901 450 590 537 1005 632 654 715 767 460 428 685 602 364 796 530 826 307 768 388 1016 817 668 890 321 568 722 743 139 550 130 345 1053
661 570 782 726 604 574 410 388 556 263 429 37 736 389 780 140 504 131 766 0 740 881 715 274 715 221 746 158 310 500 773 217 720 220 718 422 446 748 579 368 116 190 825 335 772 485 263 721 577 637 239 563 301 358 493 817 744 529 211 103 745 513 956 605 566 364 426 333 464 427 77 369 610 730 30 634 676 301 614 655 784 694 506 690 328 761 260 896 665 246 919 195 181 372 604 371 299 429 763 265 22 162 848 568 730 510 555 977 370 459 231 368 225 154 728 69 816 484 937 170 485 610 211 995 533 247 437 284 111 558 377 665 645 698 316 949 560 402 256 841 280 295 318 160 408 189 201 544 550 193 191 600 29 679 802 468 88 456 816 156 308 224 506 254 75 815 691 306 639 450 292
283 172 685 406 335 797 724 567 899 477 899 767 298 883 954 685 1001 857 981 740 0 753 687 512 976 635 726 866 722 348 818 850 913 684 60 767 1106 610 996 771 670 802 716 883 78 503 753 796 176 147 959 756 562 825 316 833 571 212 605 833 1015 301 926 739 406 950 399 619 869 933 787 998 971 985 748 506 619 944 534 86 793 847 842 863 501 232 545 867 420 723 941 673 902 368 374 977 953 858 675 537 729 841 668 273 325 855 1134 911 387 679 857 1039 933 765 414 808 891 1112 829 806 477 1077 618 971 855 815 540 609 745 204 970 195 941 274 698 867 280 896 541 663 550 897 589 651 1085 907 935 1103 1089 896 820 1093 742 474 245 865 827 958 78 896 466 572 957 874 675 348 1017 923 922 705 778
475 697 101 346 449 387 504 496 505 767 634 918 457 656 348 742 687 1003 397 881 753 0 168 649 439 660 146 1036 1104 517 191 1095 355 668 693 518 928 159 603 574 916 1059 56 710 694 419 1090 226 659 631 946 367 972 1193 560 161 189 692 936 901 463 555 180 310 411 766 550 1046 566 677 859 832 538 437 862 293 209 828 292 749 153 306 496 328 586 530 643 134 344 659 216 986 1049 723 413 798 846 590 119 642 859 1044 87 534 429 506 838 158 811 435 1109 908 910 1015 339 933 233 887 77 789 432 686 672 221 482 725 453 1002 973 637 780 563 466 478 583 114 533 658 905 90 616 768 1010 721 941 915 967 799 770 887 783 722 907 293 536 558 922 680 760 990 647 909 627 783 813 433 518 791 448 454 1123
404 598 77 302 356 237 336 333 365 617 479 752 413 496 284 575 542 835 323 715 687 168 0 493 344 493 41 868 948 396 131 929 262 500 628 354 772 106 470 408 755 895 114 547 641 270 930 121 563 549 779 210 823 1034 442 149 143 585 781 733 377 441 269 153 298 606 413 897 411 522 691 672 412 347 694 182 69 664 162 666 107 197 344 219 431 489 483 204 268 490 263 827 880 587 317 639 682 432 62 483 692 877 165 434 384 355 696 276 676 266 944 747 742 851 295 765 204 736 223 621 288 558 506 315 334 557 294 850 809 536 621 492 347 420 414 240 431 500 755 159 455 603 861 555 782 747 799 658 630 719 615 591 741 216 508 404 753 529 712 821 496 756 482 616 648 421 413 628 327 287 964
388 341 548 453 329 432 287 167 478 135 421 310 462 395 641 178 522 406 644 274 512 649 493 0 610 125 530 429 454 226 582 463 583 174 478 323 594 501 549 300 272 422 593 380 527 231 441 535 336 386 457 403 335 544 225 621 490 302 287 344 648 245 756 426 294 444 152 406 413 446 295 487 549 624 269 375 440 432 363 436 582 536 416 540 63 492 35 692 394 218 734 337 455 174 330 469 441 390 530 27 255 424 602 299 456 427 637 768 237 290 476 527 427 377 455 341 640 604 714 295 224 615 106 800 439 304 198 358 338 312 464 402 551 425 217 734 291 409 265 595 55 387 372 143 573 406 442 610 602 391 308 622 291 413 533 412 348 475 582 423 46 263 492 362 199 541 618 412 537 299 474
708 849 402 632 643 184 327 456 160 744 311 744 735 349 107 587 305 799 64 715 976 439 344 610 0 535 326 837 1011 637 249 924 85 509 920 299 562 450 200 348 799 904 413 415 945 478 974 227 821 829 666 223 931 1073 679 280 487 824 862 683 39 687 369 238 570 440 614 994 255 338 658 495 134 15 686 487 391 522 452 934 288 146 209 125 566 809 582 344 584 471 305 885 833 765 606 464 539 292 396 586 694 862 487 703 708 204 432 411 842 325 939 571 634 869 626 738 218 506 434 562 505 264 559 385 182 479 457 942 826 792 445 787 71 732 416 414 697 342 862 484 555 476 964 586 590 655 707 397 365 626 545 302 745 540 835 250 713 324 1015 759 638 848 258 509 674 758 80 489 76 311 1004
486 466 560 527 419 372 210 168 389 229 307 258 556 277 584 84 405 346 578 221 635 660 493 125 535 0 525 377 480 327 557 436 524 49 599 236 470 527 445 197 273 403 604 256 647 271 451 506 459 505 350 354 397 554 336 600 526 427 326 257 570 356 739 391 368 319 254 459 311 327 210 363 454 550 203 419 454 309 396 560 566 489 330 488 142 596 90 678 463 94 707 354 393 296 410 344 319 283 541 98 198 384 627 407 545 338 513 759 347 244 450 405 317 361 527 276 606 479 716 180 276 503 25 780 355 179 219 407 317 433 339 513 470 523 119 729 398 291 328 620 87 262 429 61 451 303 346 488 481 283 190 506 247 468 636 312 271 357 703 345 171 313 382 239 155 630 530 287 459 241 483
443 639 76 336 396 242 358 368 365 656 489 783 448 509 256 606 545 864 298 746 726 146 41 530 326 525 0 898 984 438 95 962 242 529 667 372 783 131 467 427 790 928 99 563 679 310 966 99 604 589 800 221 862 1070 483 108 171 626 818 760 356 483 229 164 339 620 454 935 420 532 719 686 406 327 725 223 110 681 204 706 66 181 351 203 469 525 520 163 306 517 221 863 909 628 357 652 699 444 70 519 723 909 165 476 419 361 698 237 717 292 976 761 764 885 329 794 167 743 191 646 329 554 539 274 338 579 332 889 842 577 634 531 337 457 441 204 472 512 794 161 491 621 900 587 795 770 823 660 631 741 639 588 773 254 542 413 782 536 749 848 535 794 485 636 681 452 399 644 318 309 999
813 700 937 883 758 712 552 545 676 394 534 120 888 493 912 293 590 38 893 158 866 1036 868 429 837 377 898 0 281 653 919 101 853 369 851 557 460 905 680 500 195 114 980 430 905 643 220 867 713 775 232 706 353 280 642 964 902 661 275 154 864 662 1102 752 723 436 580 351 582 521 183 417 721 853 174 792 832 355 772 779 932 833 633 826 485 908 417 1044 823 386 1063 220 40 504 760 431 345 545 918 422 179 43 1005 717 884 634 602 1126 481 608 114 386 243 121 885 104 958 514 1089 275 643 693 369 1140 659 357 594 317 122 697 444 810 765 849 460 1100 710 503 337 998 438 376 352 317 414 207 175 600 614 230 291 675 138 837 949 586 124 546 944 97 460 303 605 336 232 969 803 376 762 596 233
763 583 1003 868 729 853 690 617 856 342 738 293 836 698 1065 423 815 306 1057 310 722 1104 948 454 1011 480 984 281 0 626 1030 196 1005 502 725 711 731 953 888 663 211 167 1048 646 780 684 62 981 609 675 504 834 162 105 597 1071 938 551 167 388 1044 614 1208 867 722 673 568 105 768 738 384 671 914 1026 341 822 895 604 814 637 1033 969 802 968 517 833 465 1145 820 540 1181 126 319 422 746 676 598 733 985 465 327 238 1052 663 841 807 858 1222 354 722 193 654 506 172 872 323 1083 779 1169 480 673 921 460 1251 828 556 653 116 204 604 685 731 942 794 596 1188 658 711 209 1045 493 605 132 425 687 467 450 850 859 482 502 910 282 850 870 770 358 766 799 373 458 196 815 563 337 920 994 613 934 721 65
161 212 424 242 106 455 376 221 551 286 555 535 236 542 630 399 656 631 650 500 348 517 396 226 637 327 438 653 626 0 518 676 583 370 298 420 786 358 648 427 480 631 466 551 337 159 629 484 184 202 676 415 476 726 45 544 332 191 463 570 677 49 663 406 106 621 74 551 521 592 521 675 623 648 496 224 329 629 235 297 502 520 493 533 185 269 248 598 195 401 660 526 680 212 119 650 641 512 409 241 482 643 449 83 230 507 794 662 298 331 687 726 644 587 246 567 588 782 592 508 132 729 318 709 507 496 191 514 552 154 640 189 597 199 361 621 74 555 417 442 240 575 514 364 772 627 667 762 746 609 517 746 514 233 309 517 575 615 402 650 193 431 610 560 425 315 672 603 579 356 661
536 724 163 431 485 219 367 415 323 713 464 808 543 491 165 632 504 883 211 773 818 191 131 582 249 557 95 919 1030 518 0 990 164 552 759 369 753 226 415 428 828 959 165 551 773 377 1006 52 690 679 798 214 917 1110 563 46 267 708 866 774 274 564 183 167 424 600 524 989 395 505 736 664 349 247 749 312 198 669 288 795 39 118 325 139 523 620 566 127 399 532 151 906 926 697 446 630 687 424 162 567 750 933 241 562 515 332 652 210 784 313 1004 741 762 918 425 815 72 707 199 655 399 496 574 222 306 582 387 940 874 662 611 623 275 551 458 192 558 491 847 239 537 612 954 618 771 773 826 614 584 744 645 532 801 348 638 388 798 503 843 860 593 844 446 633 713 547 327 632 259 323 1039
831 692 994 913 782 790 627 599 764 398 626 182 906 586 995 357 687 137 978 217 850 1095 929 463 924 436 962 101 196 676 990 0 935 437 842 637 561 956 774 581 195 47 1038 525 897 689 134 938 709 774 334 780 304 179 658 1034 950 654 244 247 953 678 1173 823 756 535 606 282 670 616 266 519 812 940 242 836 887 456 820 763 1000 911 718 905 524 918 458 1113 857 462 1137 177 131 503 789 531 446 634 976 462 240 64 1057 732 905 720 704 1194 463 676 14 487 344 89 916 187 1033 616 1152 364 685 791 423 1213 744 446 645 260 124 698 544 817 853 865 533 1165 725 597 308 1050 483 473 292 374 515 308 277 701 715 330 382 775 189 877 958 674 216 642 928 199 485 277 700 432 281 989 894 474 849 668 139
640 795 318 556 578 152 314 421 192 718 347 752 662 381 60 586 363 815 67 720 913 355 262 583 85 524 242 853 1005 583 164 935 0 505 856 298 619 368 264 353 795 910 328 446 878 426 972 143 766 768 699 180 914 1074 626 197 406 773 850 701 115 632 298 176 507 482 568 980 282 381 670 542 196 85 693 416 314 560 382 877 203 67 220 49 534 737 559 265 511 473 238 879 853 727 540 509 578 317 312 562 698 874 402 643 635 222 502 338 809 293 949 619 665 873 550 750 140 567 353 578 452 339 546 321 195 498 413 929 829 736 490 722 121 662 409 336 638 377 843 399 531 508 948 580 643 683 736 465 433 653 564 376 750 465 761 276 728 373 949 781 606 833 309 537 672 680 163 525 109 287 1004
527 515 570 559 458 356 191 190 357 274 263 255 596 231 566 81 359 335 555 220 684 668 500 174 509 49 529 369 502 370 552 437 505 0 647 209 422 543 405 162 291 408 612 207 694 298 467 501 507 553 313 343 431 568 382 597 545 476 355 235 542 402 736 385 402 270 299 489 274 280 191 313 419 524 196 443 467 261 417 610 564 475 300 472 187 638 139 676 494 47 699 376 380 345 446 294 272 243 551 148 197 381 642 451 583 307 464 758 394 239 452 358 279 369 559 265 596 429 720 142 307 459 71 775 326 130 243 437 325 481 289 558 441 564 96 731 442 245 364 634 134 212 461 78 403 269 316 439 433 246 148 461 248 495 678 275 254 310 752 324 220 346 339 191 166 667 497 238 432 230 498
223 150 625 346 277 742 675 520 847 457 853 747 239 838 896 654 954 840 923 718 60 693 628 478 920 599 667 851 725 298 759 842 856 647 0 719 1069 550 946 725 657 794 656 841 54 450 753 737 142 96 931 701 564 830 270 774 511 190 599 808 959 254 866 682 349 910 355 626 820 888 761 960 918 929 724 447 560 908 476 95 733 790 790 806 461 177 510 807 361 684 881 667 886 347 316 938 918 811 615 501 706 829 608 220 265 804 1090 852 379 627 850 1004 903 755 354 787 832 1072 770 774 424 1028 583 911 803 777 490 611 733 166 930 136 887 215 654 807 228 851 536 604 512 859 594 620 1050 879 910 1059 1044 867 787 1045 723 414 194 816 804 913 105 875 433 565 909 838 651 293 962 885 868 654 779
542 615 431 522 469 155 43 200 155 453 145 454 595 149 358 289 239 520 346 422 767 518 354 323 299 236 372 557 711 420 369 637 298 209 719 0 427 429 232 58 500 612 467 193 756 278 676 318 596 622 430 155 633 777 451 415 446 583 562 408 334 466 551 209 396 256 371 695 101 187 374 321 225 315 395 376 347 310 340 708 390 275 94 268 292 657 292 497 458 175 507 585 560 491 442 289 327 97 414 297 400 577 516 500 574 103 387 579 560 108 652 394 394 575 520 454 401 400 557 287 301 309 260 586 119 212 230 643 531 566 272 602 234 576 116 559 492 156 564 509 267 249 665 287 431 403 457 351 332 374 276 326 452 437 692 97 434 205 822 492 358 549 190 265 376 648 296 273 223 79 707
934 936 849 939 863 541 458 576 431 665 293 447 998 278 666 429 257 428 626 446 1106 928 772 594 562 470 783 460 731 786 753 561 619 422 1069 427 0 855 362 385 562 570 881 241 1116 679 672 707 930 974 227 563 748 740 802 798 873 897 658 348 571 821 916 620 797 172 718 775 362 250 370 111 428 575 420 799 773 162 764 1030 783 638 432 620 608 1049 560 876 874 385 858 634 431 756 843 139 156 340 834 569 441 501 937 868 981 422 167 954 786 533 572 78 225 559 938 410 757 67 952 309 697 321 488 941 447 292 623 729 531 903 154 975 500 971 430 945 860 273 700 931 556 210 763 461 47 264 284 185 214 254 291 288 466 859 1087 369 375 249 1174 362 640 668 310 232 473 1060 495 183 510 504 691
327 541 74 209 292 333 404 359 463 613 564 785 322 577 387 612 635 873 428 748 610 159 106 501 450 527 131 905 953 358 226 956 368 543 550 429 855 0 570 478 772 918 110 622 557 270 942 226 504 480 840 300 816 1045 401 229 40 535 785 779 483 396 318 247 252 685 393 891 499 608 734 751 514 453 731 135 82 736 138 599 193 304 435 326 438 398 499 257 191 542 331 838 921 565 256 719 753 516 66 497 725 909 100 377 293 448 791 309 653 329 970 823 803 874 202 804 296 823 234 675 279 659 536 363 429 619 311 849 833 480 702 416 452 336 468 266 376 582 751 93 474 674 855 587 861 803 854 752 726 777 672 691 771 138 413 493 796 618 626 868 495 757 576 682 677 320 519 700 432 354 976
757 847 542 714 685 238 275 432 108 673 150 603 801 190 305 471 107 641 264 579 996 603 470 549 200 445 467 680 888 648 415 774 264 405 946 232 362 570 0 250 679 761 565 249 980 497 843 376 827 850 485 275 836 936 682 455 599 815 756 527 209 695 562 323 610 254 603 890 135 159 512 303 67 213 548 562 495 340 524 940 450 297 156 276 524 869 516 528 655 359 501 765 669 721 654 274 356 162 531 522 561 710 632 725 777 142 238 602 786 319 788 376 457 731 710 587 405 306 613 412 522 89 470 582 149 332 456 838 690 797 255 824 143 788 332 599 718 178 770 627 494 304 864 482 392 483 532 201 169 456 392 120 609 622 900 137 558 137 1048 593 588 750 74 343 555 842 135 310 157 292 871
562 612 484 555 489 213 74 206 194 422 128 399 619 116 413 239 230 463 398 368 771 574 408 300 348 197 427 500 663 427 428 581 353 162 725 58 385 478 250 0 451 558 522 145 765 299 625 376 596 628 373 213 593 724 454 474 492 577 518 350 381 471 610 266 418 213 371 652 115 164 317 277 257 363 340 413 395 258 379 707 448 334 139 326 279 677 265 555 489 123 565 537 502 473 465 246 275 91 467 272 346 520 567 510 600 144 367 638 536 149 596 346 336 521 553 397 460 366 614 228 320 316 222 645 165 153 246 600 478 567 231 614 279 597 82 617 501 127 525 561 245 196 624 241 386 345 398 334 318 316 217 326 398 473 713 115 376 188 830 434 339 508 193 208 326 677 334 222 271 123 656
635 506 815 718 586 644 481 421 645 204 530 118 710 491 856 212 611 191 846 116 670 916 755 272 799 273 790 195 211 480 828 195 795 291 657 500 562 772 679 451 0 151 860 442 711 502 178 778 520 584 349 627 186 281 463 871 763 467 96 215 833 482 1009 663 563 477 411 218 557 533 193 485 704 815 144 648 707 417 635 584 834 762 591 760 335 724 273 947 663 328 979 86 232 312 594 485 415 523 797 275 125 172 873 536 709 596 670 1026 286 517 207 484 339 106 722 161 879 600 978 280 496 717 254 1051 617 351 463 169 76 506 491 624 731 669 386 994 529 504 149 866 300 408 201 215 523 302 305 657 663 308 302 709 96 685 764 559 193 562 748 243 290 114 607 367 125 793 784 420 723 514 211
785 644 958 870 738 764 600 562 745 352 612 159 860 572 971 327 678 141 956 190 802 1059 895 422 904 403 928 114 167 631 959 47 910 408 794 612 570 918 761 558 151 0 1002 513 849 649 105 908 662 727 342 751 259 176 613 1003 910 607 196 239 934 632 1142 792 714 529 562 243 652 605 249 518 796 920 218 796 851 453 781 715 969 884 696 879 483 871 419 1081 814 437 1107 130 151 456 745 528 445 616 940 422 212 71 1019 686 860 699 705 1162 415 646 56 494 347 44 873 175 1005 621 1118 348 645 784 388 1182 723 430 607 217 85 650 539 771 833 819 505 1132 679 583 261 1012 444 464 250 341 525 309 286 700 712 328 368 769 160 835 911 656 207 632 881 208 442 229 687 423 247 943 878 468 828 638 120
435 652 44 311 403 341 451 440 464 711 588 862 424 607 330 686 644 947 377 825 716 56 114 593 413 604 99 980 1048 466 165 1038 328 612 656 467 881 110 565 522 860 1002 0 660 661 364 1034 190 615 589 893 319 917 1137 510 148 145 645 880 846 440 505 209 262 361 718 496 991 519 631 803 784 502 412 806 242 153 777 237 708 126 273 450 295 530 499 587 152 301 604 231 930 993 670 367 750 795 542 63 585 802 988 76 488 395 461 797 198 759 381 1052 859 857 959 304 877 222 842 125 735 377 650 615 254 438 672 397 947 917 591 732 524 432 442 528 155 486 610 850 75 560 717 955 665 893 861 913 759 730 833 729 685 851 248 509 512 866 635 729 935 591 854 584 730 757 409 489 741 413 401 1067
695 717 624 698 623 331 219 336 256 478 104 356 757 65 502 248 169 392 475 335 883 710 547 380 415 256 563 430 646 551 551 525 446 207 841 193 241 622 249 145 442 513 660 0 886 438 598 501 706 745 253 343 611 688 572 597 637 679 526 277 438 590 727 399 556 70 487 658 163 92 264 131 291 430 304 558 540 118 524 812 575 444 229 431 381 810 344 678 632 162 676 527 422 553 602 102 136 129 608 353 319 460 709 634 739 225 256 759 599 294 539 201 219 484 696 338 571 231 744 165 456 275 279 758 251 91 382 607 445 678 89 740 343 731 191 743 625 73 550 703 334 62 636 270 240 240 292 232 229 211 144 268 364 618 848 169 309 120 947 346 425 525 174 95 323 818 373 81 344 268 625
238 205 632 349 301 771 713 559 880 511 893 801 237 880 916 704 993 894 945 772 78 694 641 527 945 647 679 905 780 337 773 897 878 694 54 756 1116 557 980 765 711 849 661 886 0 483 807 754 194 141 982 729 618 884 314 784 517 244 654 860 984 296 870 707 376 955 399 679 857 929 813 1006 950 953 777 464 575 955 496 145 745 811 824 828 507 165 559 812 373 730 889 722 940 401 338 983 966 850 623 550 759 884 608 256 265 838 1132 853 434 661 905 1052 954 810 357 841 845 1117 769 823 458 1064 632 914 835 824 526 665 787 216 974 158 915 221 697 808 264 892 591 603 560 905 648 670 1098 931 962 1100 1084 917 836 1083 777 425 171 853 857 953 70 928 482 620 947 886 704 277 991 932 896 689 834
264 371 319 264 191 295 236 108 397 348 421 522 320 415 475 355 517 614 492 485 503 419 270 231 478 271 310 643 684 159 377 689 426 298 450 278 679 270 497 299 502 649 364 438 483 0 672 337 343 356 611 255 554 775 200 410 261 347 516 529 518 208 539 249 119 508 147 628 377 461 481 568 468 489 471 149 211 534 132 456 368 365 341 376 168 379 230 474 198 312 526 568 662 319 165 540 549 374 301 227 463 644 371 230 301 355 663 546 407 178 702 630 575 605 263 545 444 665 487 439 26 581 274 584 352 403 56 583 564 313 527 326 439 298 251 509 223 426 486 363 206 475 592 326 673 567 614 629 610 544 442 602 507 197 414 372 542 481 551 616 227 490 467 469 411 380 514 502 420 206 706
773 606 989 870 734 822 658 597 817 342 693 242 847 653 1033 387 766 245 1022 263 753 1090 930 441 974 451 966 220 62 629 1006 134 972 467 753 676 672 942 843 625 178 105 1034 598 807 672 0 956 629 696 445 805 192 103 604 1048 930 572 165 333 1006 621 1187 842 721 621 566 153 727 690 334 616 873 989 294 814 880 549 804 668 1012 940 765 938 504 849 447 1124 820 502 1157 104 257 433 747 623 543 691 970 448 282 177 1043 673 850 769 803 1203 375 695 132 596 448 115 874 268 1057 722 1153 432 664 872 432 1229 791 511 637 144 153 622 632 747 904 805 563 1171 667 665 220 1036 474 554 171 392 628 410 390 796 806 426 453 860 234 847 888 730 303 718 832 312 450 198 769 512 300 931 954 561 897 692 33
516 693 175 421 461 169 315 367 280 667 416 756 530 442 163 581 461 831 202 721 796 226 121 535 227 506 99 867 981 484 52 938 143 501 737 318 707 226 376 376 778 908 190 501 754 337 956 0 660 654 747 163 871 1060 529 97 264 676 818 722 258 532 235 115 395 551 485 942 347 457 684 616 312 228 697 290 180 619 261 768 76 82 276 105 477 607 518 179 382 480 200 857 874 655 422 582 637 375 169 519 698 882 262 534 502 285 611 261 742 262 953 693 711 867 415 763 106 663 245 603 361 460 524 274 259 530 343 893 823 632 563 601 241 534 406 242 529 442 801 258 489 561 907 567 723 721 775 573 543 692 593 496 749 333 627 339 746 457 825 808 548 796 402 581 662 542 300 582 223 271 989
195 38 577 328 211 639 552 395 733 318 725 606 251 707 811 512 826 700 833 577 176 659 563 336 821 459 604 713 609 184 690 709 766 507 142 596 930 504 827 596 520 662 615 706 194 343 629 660 0 66 788 599 446 714 145 712 470 57 470 666 861 134 821 589 266 773 224 514 697 758 619 821 805 832 582 381 494 768 402 113 670 702 674 716 324 227 369 757 315 546 825 538 747 208 248 800 777 684 563 361 564 693 581 128 267 687 957 813 255 513 718 864 761 621 335 646 762 935 736 632 316 905 442 866 689 638 373 492 597 30 793 129 781 211 522 770 131 720 409 575 374 720 480 477 909 737 767 927 914 724 645 920 583 366 263 694 662 783 245 734 291 436 785 698 509 330 856 746 763 537 658
155 96 554 289 193 650 578 423 752 381 756 667 199 742 810 564 857 761 835 637 147 631 549 386 829 505 589 775 675 202 679 774 768 553 96 622 974 480 850 628 584 727 589 745 141 356 696 654 66 0 842 609 513 780 174 697 444 123 536 723 868 157 798 592 260 814 258 580 723 791 675 865 823 838 640 366 480 814 392 118 656 702 695 718 366 164 417 737 288 589 808 604 809 272 232 842 824 714 543 409 623 756 549 126 218 708 993 787 321 532 784 911 813 686 296 706 752 976 708 682 329 931 491 844 707 682 393 558 660 78 834 73 794 162 557 743 132 754 475 543 418 764 546 529 956 791 824 962 947 777 694 948 644 341 198 720 720 816 201 793 342 501 812 744 567 272 869 791 775 558 724
836 787 854 873 770 579 442 502 509 490 355 231 907 318 755 279 384 200 727 239 959 946 779 457 666 350 800 232 504 676 798 334 699 313 931 430 227 840 485 373 349 342 893 253 982 611 445 747 788 842 0 585 535 512 681 844 848 746 446 136 686 702 977 640 716 231 602 555 417 329 174 194 537 681 220 752 759 145 723 878 820 696 481 684 491 945 429 926 808 300 928 414 206 594 760 215 129 382 837 437 241 273 934 754 896 478 372 1008 605 513 346 153 36 333 873 189 822 282 987 171 620 481 358 1010 505 221 554 511 309 766 232 859 595 874 372 989 746 324 495 927 436 190 546 314 183 52 57 374 392 67 169 459 253 807 986 423 156 348 1033 135 500 462 413 165 287 980 617 177 597 492 463
496 626 286 440 428 41 153 240 167 538 269 597 533 288 237 424 334 669 244 563 756 367 210 403 223 354 221 706 834 415 214 780 180 343 701 155 563 300 275 213 627 751 319 343 729 255 805 163 599 609 585 0 736 908 456 260 326 601 675 559 262 464 397 57 353 399 392 803 201 312 523 465 228 234 537 288 221 461 251 712 234 135 135 137 353 604 380 342 383 319 357 708 711 547 393 431 479 223 272 383 540 722 375 483 508 147 490 424 628 113 794 540 549 711 435 601 253 526 402 440 282 365 374 434 129 367 235 753 667 569 413 571 186 524 246 403 476 291 665 369 351 402 771 413 574 559 612 452 425 530 430 394 591 347 633 194 584 319 799 645 425 657 275 420 507 569 261 424 166 113 838
606 420 872 715 576 761 604 503 786 205 689 304 678 653 972 365 779 362 971 301 562 972 823 335 931 397 862 353 162 476 917 304 914 431 564 633 748 816 836 593 186 259 917 611 618 554 192 871 446 513 535 736 0 267 443 955 798 389 90 402 967 458 1090 761 577 654 425 75 706 699 378 668 851 946 328 683 765 600 680 477 916 870 727 873 394 671 355 1025 671 476 1069 133 393 265 596 665 599 674 854 353 308 317 914 506 684 735 851 1099 192 622 307 670 526 233 720 346 976 785 1041 457 539 883 373 1134 752 519 531 47 236 443 669 569 867 635 517 1063 501 667 70 907 384 585 38 353 710 489 489 835 838 494 479 879 283 705 709 707 378 729 640 422 326 86 767 545 289 761 927 600 856 626 216
867 688 1092 968 831 924 760 701 915 440 786 332 940 746 1134 487 855 313 1122 358 825 1193 1034 544 1073 554 1070 280 105 726 1110 179 1074 568 830 777 740 1045 936 724 281 176 1137 688 884 775 103 1060 714 780 512 908 267 0 699 1152 1032 656 263 416 1104 716 1291 945 820 706 666 206 823 780 424 694 968 1088 388 916 984 629 907 741 1116 1042 864 1040 607 938 550 1228 919 601 1260 207 309 525 845 704 621 787 1074 551 379 239 1145 766 944 868 880 1307 459 798 168 666 521 204 972 351 1160 794 1257 523 766 960 535 1332 890 604 740 221 247 709 716 835 1003 898 665 1274 761 758 311 1138 578 641 236 495 694 484 455 876 888 504 543 946 328 947 975 826 384 808 903 377 552 294 862 599 402 1024 1050 645 996 794 70
172 170 468 271 132 495 408 251 588 263 583 526 247 568 674 402 684 623 693 493 316 560 442 225 679 336 483 642 597 45 563 658 626 382 270 451 802 401 682 454 463 613 510 572 314 200 604 529 145 174 681 456 443 699 0 590 374 147 438 569 718 20 708 449 149 641 85 518 553 618 520 692 660 689 491 268 374 643 280 258 547 564 528 576 194 268 252 643 231 417 705 502 672 178 155 669 655 541 453 244 476 630 490 75 247 542 819 706 261 367 669 740 650 569 276 561 633 802 635 516 174 761 324 754 543 511 227 483 537 115 660 177 637 207 383 665 67 580 388 484 249 592 481 367 786 631 668 788 773 615 527 777 505 273 309 549 571 643 375 646 185 405 641 574 419 330 711 619 619 391 635
550 747 158 438 504 265 412 454 367 750 509 852 551 537 187 676 547 928 235 817 833 161 149 621 280 600 108 964 1071 544 46 1034 197 597 774 415 798 229 455 474 871 1003 148 597 784 410 1048 97 712 697 844 260 955 1152 590 0 270 734 906 820 302 590 139 212 447 645 556 1027 440 550 782 709 389 276 793 331 218 715 311 814 42 160 370 179 561 628 606 81 413 578 116 948 971 730 465 676 733 470 163 607 794 978 224 584 523 378 693 163 817 357 1049 787 809 961 431 860 73 751 157 701 430 535 617 180 352 628 424 979 918 685 656 638 314 563 503 147 580 536 886 223 577 658 993 661 816 819 873 655 625 790 691 571 845 360 643 433 844 548 854 906 630 884 489 679 756 548 360 678 298 368 1082
290 508 114 169 259 361 418 357 491 596 584 782 282 595 427 611 660 872 466 744 571 189 143 490 487 526 171 902 938 332 267 950 406 545 511 446 873 40 599 492 763 910 145 637 517 261 930 264 470 444 848 326 798 1032 374 270 0 503 771 781 521 367 355 275 226 702 373 873 522 629 735 767 545 490 729 115 104 749 129 562 234 340 459 362 427 358 491 295 155 548 371 826 920 542 224 735 765 536 107 488 722 904 117 345 253 472 815 343 630 342 963 838 811 866 161 802 337 844 266 680 266 688 533 400 455 629 307 832 825 447 719 378 485 297 475 300 344 601 734 110 467 687 836 584 877 809 859 777 751 783 679 719 767 104 372 515 797 639 586 869 480 742 601 693 672 280 554 713 465 369 963
241 40 605 371 244 640 540 383 726 267 705 557 303 685 821 473 808 649 840 529 212 692 585 302 824 427 626 661 551 191 708 654 773 476 190 583 897 535 815 577 467 607 645 679 244 347 572 676 57 123 746 601 389 656 147 734 503 0 414 621 864 144 848 596 287 745 212 457 683 736 575 790 799 835 536 406 516 734 422 133 692 711 665 724 299 284 336 784 350 517 848 482 696 157 278 771 743 667 591 328 517 639 617 159 317 678 933 843 197 507 663 828 720 567 378 598 779 905 769 594 321 891 408 894 682 607 368 434 543 61 765 184 780 262 500 801 159 699 352 610 345 689 422 439 874 694 723 905 893 683 609 904 533 399 320 680 615 763 287 686 256 379 769 664 463 384 854 714 762 529 600
