252
0 573 112 372 165 495 268 714 204 446 472 119 381 464 358 473 561 549 257 387 482 504 399 380 528 617 190 404 326 579 573 413 485 438 369 440 407 489 173 253 532 493 164 295 291 405 571 551 587 212 364 541 375 571 597 466 325 284 317 540 569 452 566 339 374 169 411 289 282 344 89 321 420 530 498 493 507 429 327 435 642 56 339 350 148 252 168 207 475 265 160 446 313 452 512 224 488 493 272 424 478 441 409 389 570 318 518 524 218 207 260 462 217 576 485 504 357 483 650 313 183 525 456 438 269 217 510 453 284 201 418 255 376 368 485 526 420 206 370 292 381 494 612 264 577 450 554 107 569 466 286 589 279 242 436 341 419 161 231 600 318 466 479 414 442 453 265 438 506 535 422 270 77 461 369 592 344 490 529 434 359 16 247 345 650 399 326 298 479 638 169 389 425 626 439 180 258 546 463 50 341 444 453 195 626 302 517 465 387 534 90 122 409 532 550 281 525 236 430 423 436 266 480 238 242 583 554 291 168 95 168 516 450 322 391 655 221 223 645 228 520 394 592 332 139 340 419 143 382 625 496 296
573 0 653 929 682 823 630 1286 509 568 990 468 834 857 886 964 673 894 797 293 1055 91 965 526 806 814 712 240 831 897 1143 944 1021 266 927 771 947 533 734 319 1103 1024 724 855 775 216 74 1098 1155 590 378 861 453 730 1166 1007 898 476 877 794 37 516 827 449 202 409 175 844 758 917 634 891 387 836 785 1061 1064 873 387 962 892 618 868 706 431 327 740 619 791 646 729 1008 517 789 745 508 483 82 749 758 1003 982 171 950 770 890 605 750 627 416 540 853 464 14 987 1006 925 1028 1223 791 754 607 116 345 786 381 1040 121 639 774 792 798 450 865 1048 673 954 539 293 826 823 1051 915 346 892 911 665 606 107 226 528 1162 728 431 751 433 923 454 737 1173 255 392 952 942 307 203 331 170 226 912 318 499 496 258 390 891 600 664 991 536 317 580 801 568 81 430 320 274 793 853 528 342 155 1195 723 585 783 753 1027 585 243 502 587 652 859 568 638 845 185 1033 482 695 776 885 1123 456 1089 710 805 921 249 829 185 663 758 88 102 863 405 636 741 1089 552 380 932 1225 760 791 73 592 995 226 905 509 702 624 915 570 195 911 1067 702
112 653 0 276 56 569 359 635 197 553 475 185 272 523 365 492 513 616 150 494 417 577 311 356 446 545 78 506 214 650 490 411 380 544 345 353 398 468 175 343 476 386 170 274 335 465 661 450 503 309 475 614 487 512 513 452 263 395 223 462 645 563 484 340 463 268 502 190 173 279 151 243 434 441 581 444 475 320 439 326 558 57 230 431 223 326 135 139 388 191 146 354 422 528 441 334 479 572 323 338 370 337 498 296 501 267 482 615 148 317 367 361 231 655 498 515 273 465 577 203 120 489 538 462 297 322 503 538 215 159 487 263 375 256 394 474 313 312 476 301 274 464 685 319 484 486 508 55 635 569 261 523 178 265 354 347 436 272 273 532 405 478 367 415 475 554 327 504 553 594 531 258 178 504 481 501 445 591 418 543 467 96 147 306 733 403 371 380 393 562 160 417 500 543 527 132 280 639 373 148 413 429 560 272 547 406 473 529 471 423 188 97 481 598 478 393 436 132 499 443 483 176 537 317 275 674 621 240 261 158 112 447 558 348 286 573 240 196 727 325 408 494 663 313 58 437 441 113 458 535 438 206
372 929 276 0 250 673 534 370 444 757 424 462 244 597 358 475 649 694 136 758 201 851 56 556 498 615 221 777 159 737 224 366 132 810 271 411 340 658 280 618 273 146 288 252 418 735 937 181 234 506 726 709 721 621 245 366 138 628 55 526 919 781 532 572 739 540 778 85 225 128 353 88 672 470 706 266 333 266 690 113 586 318 100 572 499 602 236 342 438 353 260 82 640 641 531 562 686 847 425 404 145 87 774 29 586 172 644 762 341 577 580 349 487 931 465 475 57 363 323 212 199 651 814 708 363 589 420 815 376 209 590 310 601 167 121 606 91 531 742 329 262 330 772 590 485 510 647 323 906 839 477 287 266 522 428 583 427 529 379 293 681 711 237 375 727 825 601 776 814 656 791 489 448 763 729 510 633 766 281 755 730 360 128 493 1009 632 636 656 442 614 415 669 775 274 671 364 346 788 101 384 687 631 758 439 591 606 621 611 747 227 459 263 592 676 236 631 162 253 597 441 746 107 804 476 363 950 893 173 535 357 214 213 767 601 60 306 321 231 1003 520 256 766 749 526 233 616 442 367 734 541 237 318
165 682 56 250 0 622 415 618 197 609 505 219 216 572 399 528 478 666 115 540 413 602 293 336 396 499 30 549 164 701 472 441 341 589 366 302 425 447 216 379 477 346 213 300 381 485 695 416 483 365 526 665 540 472 494 476 266 450 203 414 670 618 435 333 498 312 538 166 117 279 206 236 432 389 635 449 488 264 489 284 508 113 188 485 257 356 168 110 337 151 185 332 478 581 396 389 463 599 371 287 327 300 532 274 457 277 453 670 115 367 423 305 237 683 532 549 258 486 565 148 139 460 568 464 340 368 529 570 177 183 539 301 366 205 371 438 274 368 522 338 218 479 736 339 430 528 474 77 656 612 245 516 123 273 305 342 472 323 320 525 440 473 314 446 480 595 351 526 564 642 579 249 225 514 532 448 501 647 364 598 515 149 126 280 763 395 385 413 342 514 165 422 527 523 582 119 322 695 351 204 439 411 616 327 497 462 440 579 502 374 233 140 533 648 469 447 413 77 550 481 496 164 554 372 320 708 642 252 302 213 137 440 614 353 250 555 282 224 755 381 356 535 714 297 85 493 479 116 486 482 438 156
495 823 569 673 622 0 237 832 692 280 347 574 821 92 333 281 1054 70 647 530 615 805 654 867 1016 1110 632 583 737 85 747 360 804 564 433 923 385 970 420 585 604 819 418 423 257 768 777 827 764 297 446 45 373 1067 769 412 540 354 632 1030 842 338 1054 811 649 518 658 632 730 555 420 585 869 1011 57 557 500 866 437 783 1128 522 714 148 575 629 475 698 958 755 451 699 308 42 1005 349 958 774 257 908 818 761 668 667 1064 506 1008 131 709 456 303 923 693 834 310 320 622 434 756 752 519 1014 734 871 311 498 399 717 776 485 85 364 847 775 722 1021 761 333 530 344 828 487 117 680 1052 208 1048 595 880 607 777 684 744 707 923 808 291 447 308 697 624 913 883 350 858 623 665 777 883 99 513 756 506 855 434 1071 224 202 934 308 506 508 613 839 873 863 742 633 963 1130 661 822 738 787 101 675 329 153 706 444 692 923 264 300 1116 263 1010 72 679 898 514 485 88 63 681 374 746 699 76 276 826 593 838 256 317 777 865 501 540 413 510 652 299 769 727 802 361 450 877 285 914 599 97 818 544 204 271 638 705 1104 594 776
268 630 359 534 415 237 0 789 458 224 377 337 628 236 293 340 821 300 468 351 548 596 534 631 797 885 431 397 554 322 672 347 665 396 371 707 360 732 254 357 566 678 247 322 169 543 597 709 689 60 277 283 229 836 697 413 423 159 483 809 642 259 834 574 438 283 456 472 530 443 209 453 632 797 231 518 490 675 253 630 910 306 546 90 337 397 302 475 742 533 277 583 137 195 780 124 720 570 145 691 671 620 463 538 837 396 772 256 487 229 91 721 456 639 365 383 494 437 714 558 346 778 528 636 207 271 432 515 553 325 175 248 609 596 615 788 610 99 344 255 632 476 353 444 842 281 814 373 671 438 542 642 537 469 704 570 307 212 168 655 404 677 708 342 625 445 430 557 658 301 353 520 269 626 270 858 99 236 760 229 321 283 441 605 691 625 508 407 747 907 428 586 523 720 171 448 215 280 596 218 467 685 224 96 895 84 775 229 466 743 276 293 161 286 621 177 649 492 188 301 597 435 615 60 189 601 656 379 304 203 332 588 237 532 577 743 221 306 693 47 745 405 335 582 349 82 295 410 486 891 542 561
714 1286 635 370 618 832 789 0 814 1009 489 819 578 741 511 557 993 822 506 1082 242 1212 325 922 815 929 591 1110 515 865 146 474 343 1134 419 743 450 1021 570 968 229 353 580 469 628 1100 1286 266 136 784 1034 852 1009 954 125 421 391 922 415 845 1279 1049 842 942 1089 882 1125 452 590 371 667 394 1043 778 882 277 333 578 1001 398 875 667 459 788 854 959 550 713 762 721 566 288 919 816 863 859 1052 1205 647 740 379 356 1123 344 911 407 999 952 711 903 861 659 856 1288 531 528 362 399 76 570 531 1005 1170 1079 582 924 444 1168 742 516 765 542 971 505 251 951 390 823 1068 534 596 345 895 954 772 626 992 687 1271 1168 847 149 631 891 764 954 541 856 622 136 1032 1081 505 483 1098 1161 963 1140 1183 772 1106 860 792 1133 1034 798 884 987 518 1018 1052 706 493 859 1364 1002 1004 1011 765 916 784 1039 1134 96 873 734 573 978 269 711 1048 997 1005 708 891 873 971 760 1100 427 805 592 775 807 169 931 211 623 766 556 1115 458 1171 729 599 1297 1257 432 882 668 545 203 1024 971 393 65 573 510 1359 794 491 1104 875 896 583 860 561 735 1092 823 247 680
204 509 197 444 197 692 458 814 0 594 663 128 326 667 550 671 362 749 308 437 609 423 490 176 372 439 223 428 325 777 668 601 518 478 541 301 590 285 358 249 671 519 350 469 494 300 535 598 678 398 453 738 495 381 690 646 458 420 400 375 492 584 405 143 349 226 390 362 250 473 291 432 237 386 689 641 672 367 421 457 482 203 368 545 149 204 329 110 331 140 334 526 463 650 337 378 287 427 476 286 497 483 381 470 390 464 315 705 117 304 424 361 45 508 681 699 456 660 762 282 317 322 402 267 469 282 695 409 142 355 619 446 179 356 565 331 452 375 418 484 316 661 810 164 440 653 356 142 469 490 84 713 219 79 288 149 616 279 433 722 295 281 443 603 283 465 183 344 369 738 485 66 190 318 464 449 516 658 485 574 419 195 323 148 591 206 195 262 335 467 37 225 354 719 627 80 455 725 546 253 270 241 606 397 460 470 317 667 344 524 186 285 609 733 666 409 606 203 631 622 302 361 363 438 443 550 457 438 205 298 309 636 593 156 435 750 416 390 581 412 486 407 790 128 255 519 618 84 318 478 632 196
446 568 553 757 609 280 224 1009 594 0 566 466 826 345 502 513 945 346 680 281 770 568 758 749 961 1034 630 334 761 339 896 551 887 302 590 879 568 834 476 402 783 899 468 546 381 563 513 933 913 252 199 308 123 973 920 615 648 173 704 968 592 58 996 676 423 373 420 690 726 668 414 677 705 968 230 734 698 874 209 848 1074 496 760 228 448 457 522 644 912 701 497 808 133 258 932 222 809 533 361 862 890 841 433 761 985 621 887 182 656 294 186 908 577 581 542 557 718 639 934 757 563 893 496 695 427 327 622 476 716 547 287 472 707 803 840 919 829 240 287 475 826 684 352 519 1018 441 937 552 641 343 674 861 725 577 871 668 497 315 392 874 418 744 916 543 673 365 497 559 672 378 249 646 412 656 185 1031 126 96 968 32 265 462 656 740 608 714 570 438 916 1061 574 650 514 943 181 610 438 185 821 405 493 786 18 318 1053 151 899 327 455 958 412 505 271 343 843 187 874 682 295 486 627 654 621 285 413 511 627 604 396 409 549 810 19 616 796 966 446 530 614 237 955 356 345 702 556 148 480 573 490 1063 762 739
472 990 475 424 505 347 377 489 663 566 0 589 641 254 113 68 984 332 465 725 295 941 384 831 881 993 498 767 546 375 422 65 536 772 155 786 85 943 305 685 266 553 312 206 215 862 965 534 439 403 654 363 605 975 442 71 290 536 404 904 997 616 919 805 790 595 815 424 575 296 385 344 891 863 400 223 155 675 628 537 983 460 501 338 611 705 340 613 819 657 329 415 513 336 895 488 950 921 242 774 561 502 819 406 955 260 957 473 620 574 468 751 686 997 44 51 367 90 414 583 366 964 880 910 207 611 56 870 683 322 290 217 842 573 426 943 514 453 716 180 654 145 406 732 889 139 980 525 1014 813 735 344 605 714 796 809 70 538 255 356 744 937 660 59 913 817 727 888 970 283 730 728 530 929 648 913 452 522 705 583 694 475 428 781 1058 867 795 736 824 1001 625 861 863 454 403 608 215 498 416 435 790 902 557 337 981 459 946 275 812 645 543 380 303 317 350 552 439 567 287 79 902 390 938 331 236 971 998 273 607 380 368 326 584 794 485 465 250 281 1057 405 680 772 385 786 422 425 85 583 822 946 265 652
119 468 185 462 219 574 337 819 128 466 589 0 409 557 476 587 487 634 332 331 593 393 496 294 496 567 250 333 380 660 675 532 560 377 489 420 526 395 293 160 647 565 284 414 399 287 476 634 687 277 334 620 369 509 698 585 436 293 409 502 460 458 531 237 279 105 318 376 316 454 204 424 307 507 567 609 626 454 300 504 608 153 408 426 37 140 283 194 452 245 279 540 335 532 465 250 385 386 378 404 547 519 313 482 518 432 435 579 206 179 297 467 118 470 601 620 457 603 758 350 290 442 353 321 385 164 629 353 256 316 505 374 273 418 580 457 493 249 312 410 403 613 691 145 560 558 480 142 455 396 210 700 298 134 410 236 535 151 342 710 220 353 520 533 323 377 147 323 386 627 375 184 68 341 344 570 390 530 567 447 309 120 333 275 548 292 206 194 456 595 110 272 315 727 503 157 374 599 559 155 229 348 478 289 587 343 441 556 285 589 61 236 493 619 658 282 621 265 518 537 317 361 362 325 356 489 440 405 88 209 277 626 466 207 469 757 339 341 541 291 563 317 672 245 235 394 533 124 273 601 609 294
381 834 272 244 216 821 628 578 326 826 641 409 0 762 552 680 415 858 180 739 445 746 301 365 253 370 196 741 94 897 442 578 237 786 486 168 555 451 401 563 518 231 403 441 569 621 861 320 445 581 735 863 755 380 456 592 354 665 241 281 815 834 287 409 673 511 714 216 99 354 419 301 505 227 840 510 573 48 699 179 345 330 146 693 444 526 347 219 194 188 371 309 695 783 289 606 488 752 565 163 205 222 705 273 342 381 422 881 209 575 640 110 370 832 676 690 293 595 548 70 303 428 728 548 520 570 648 735 198 343 737 471 428 78 337 372 188 585 721 503 18 568 933 490 248 698 414 280 786 804 315 524 110 402 187 424 626 534 513 528 616 535 117 585 576 783 509 666 672 829 783 340 433 620 743 272 717 862 159 815 717 365 216 302 915 459 515 585 197 369 314 520 680 483 791 256 501 906 325 420 596 435 832 536 347 678 393 771 670 204 439 338 734 840 472 662 370 146 747 638 611 251 677 581 507 876 774 368 497 425 311 455 831 462 195 513 464 383 905 597 160 723 910 352 280 708 638 284 644 305 482 133
464 857 523 597 572 92 236 741 667 345 254 557 762 0 247 189 1024 97 584 568 526 829 574 843 969 1069 579 618 673 139 658 269 726 607 347 875 295 950 361 593 513 741 361 345 192 779 816 745 675 290 486 114 419 1031 680 320 461 380 559 986 872 401 1007 795 671 517 686 563 674 475 381 509 861 961 146 466 407 805 470 709 1080 482 645 151 564 631 415 658 910 713 392 617 340 89 964 359 943 801 200 860 742 684 694 589 1024 427 982 220 668 465 319 867 673 867 218 228 544 342 665 694 458 989 759 868 242 507 307 745 736 420 64 293 831 710 638 988 686 335 565 268 770 395 175 677 999 115 1018 556 904 650 750 593 693 691 877 793 199 447 251 606 639 906 814 259 859 662 664 793 894 71 557 732 488 862 475 1019 260 281 865 369 541 475 549 809 912 850 741 643 915 1086 633 817 757 697 165 639 261 244 623 414 703 904 332 269 1070 288 981 20 700 824 498 432 80 79 591 400 660 648 52 184 832 524 851 232 254 819 889 424 536 374 450 562 364 760 653 711 297 382 916 282 844 630 152 794 490 234 180 604 722 1053 504 728
358 886 365 358 399 333 293 511 550 502 113 476 552 247 0 129 877 342 373 629 283 834 329 720 784 894 395 669 459 385 415 58 482 678 100 689 67 832 193 576 283 499 199 111 124 751 865 497 432 307 564 362 522 871 438 122 219 445 327 806 891 546 822 693 684 486 711 339 478 231 272 271 778 769 376 234 197 590 535 471 890 347 420 277 499 594 231 504 723 551 219 370 430 309 793 391 838 815 148 676 502 443 715 346 853 185 848 444 512 470 378 662 572 892 132 150 302 145 435 490 263 855 774 797 99 505 155 765 576 218 257 104 729 490 390 837 449 356 619 66 564 182 420 619 799 152 873 414 905 718 624 362 506 600 696 696 74 431 148 375 636 824 586 56 800 720 615 778 858 300 640 616 418 816 559 821 380 475 634 514 599 362 336 672 955 754 683 627 727 904 513 748 755 457 362 497 104 470 375 322 680 791 496 236 885 378 838 264 706 585 431 269 265 324 352 460 413 465 260 86 790 302 827 239 127 872 890 189 497 268 262 321 518 681 416 474 137 176 954 312 611 671 397 675 315 355 86 472 713 855 266 550
473 964 492 475 528 281 340 557 671 513 68 587 680 189 129 0 1005 264 502 691 360 921 439 843 914 1023 524 736 586 307 489 109 593 736 204 819 136 955 317 668 334 609 322 239 192 849 935 596 506 374 616 295 562 1000 509 138 338 499 450 935 973 565 952 811 767 580 789 465 607 346 384 391 893 898 335 290 224 717 593 589 1019 469 545 289 605 693 360 631 852 679 345 474 472 274 923 457 958 898 218 806 615 556 795 459 983 305 973 409 639 551 431 790 690 972 29 44 418 158 482 619 392 981 857 909 203 589 118 846 705 348 230 228 848 616 487 965 566 425 683 190 692 213 338 725 928 74 1000 538 995 778 747 412 635 715 826 814 56 518 244 425 724 939 708 99 908 784 718 872 960 214 692 737 523 921 609 950 405 463 755 532 661 478 464 797 1029 872 789 720 857 1034 634 859 844 522 344 622 215 433 476 431 776 912 503 316 1015 417 965 210 791 700 536 395 244 249 417 517 503 595 226 49 893 429 925 301 230 940 979 314 595 378 391 392 531 794 535 534 255 306 1030 373 731 742 317 797 443 378 53 595 804 984 331 680
561 673 513 649 478 1054 821 993 362 945 984 487 415 1024 877 1005 0 1110 539 738 848 584 705 196 202 148 487 710 490 1139 857 919 650 766 842 250 903 140 688 556 920 642 684 778 843 478 730 731 860 761 780 1100 835 64 871 952 727 772 629 174 641 926 198 273 606 572 640 595 429 734 643 682 290 245 1052 903 955 417 753 594 237 544 548 907 498 499 645 373 237 327 660 721 818 1012 137 737 190 610 828 252 616 637 625 678 118 745 68 1067 365 651 784 342 370 664 1010 1027 687 961 962 436 617 65 609 328 810 620 1006 626 301 661 979 777 249 490 752 42 604 736 721 814 396 947 1172 437 285 998 8 471 583 761 278 935 391 368 228 284 949 634 781 940 572 280 498 924 367 730 461 517 451 1095 790 302 552 415 793 270 877 1015 506 922 730 549 572 215 742 255 405 540 235 188 393 344 556 898 989 386 794 1086 738 611 508 176 958 757 202 830 45 1026 584 589 547 610 970 1093 884 758 786 421 992 957 426 615 487 798 787 747 579 724 549 650 616 863 941 344 607 928 753 703 727 775 527 684 1152 243 562 881 954 419 543 275 881 339
549 894 616 694 666 70 300 822 749 346 332 634 858 97 342 264 1110 0 681 601 616 875 670 925 1062 1160 673 653 771 44 747 357 822 634 440 968 384 1030 457 653 597 838 456 442 289 836 847 839 764 359 516 41 443 1119 768 401 557 423 657 1078 912 405 1100 872 718 583 728 661 770 571 469 606 932 1055 117 552 488 902 507 806 1174 572 743 210 637 695 511 748 1003 804 488 712 378 108 1055 416 1020 844 294 953 839 781 738 686 1114 524 1065 182 759 523 371 962 752 905 290 296 640 422 746 790 554 1072 804 936 340 566 379 787 826 517 130 391 908 807 732 1075 784 398 600 365 866 476 78 745 1094 198 1104 645 950 677 833 676 787 768 970 870 287 512 346 688 693 977 912 347 925 694 730 846 951 50 582 814 566 923 504 1114 294 263 963 376 576 561 646 894 943 925 808 701 1008 1178 717 886 807 783 171 727 358 199 717 498 760 983 330 353 1163 332 1066 87 749 921 574 527 141 18 678 444 753 742 118 271 894 622 906 311 351 847 935 521 604 462 547 651 366 833 750 796 394 479 948 348 942 669 55 876 585 273 268 691 774 1147 591 821
257 797 150 136 115 647 468 506 308 680 465 332 180 584 373 502 539 681 0 644 315 717 184 426 416 530 85 657 90 720 360 401 229 694 313 322 380 533 226 491 384 236 230 262 392 600 809 301 370 428 621 687 626 520 381 422 188 533 95 440 786 696 453 437 611 418 650 58 111 194 265 143 537 397 669 364 416 221 585 177 518 201 81 524 370 470 172 207 354 225 197 218 554 609 434 469 556 715 390 310 220 187 646 162 493 210 526 715 207 465 495 288 350 798 499 513 154 427 456 118 127 533 683 572 341 472 477 685 250 163 562 292 467 128 257 497 163 443 626 323 191 408 756 455 425 518 536 191 771 720 343 413 148 386 333 447 447 419 338 421 553 577 240 408 591 704 467 641 677 650 680 354 328 627 626 448 563 704 292 674 617 243 37 365 878 498 500 527 358 535 278 532 642 411 624 227 322 741 238 282 554 502 684 373 515 529 506 594 617 280 338 175 560 663 364 534 298 123 571 459 609 77 668 416 330 821 758 193 411 270 138 337 687 464 136 442 287 203 871 444 276 644 733 394 124 550 458 231 601 482 345 200
387 293 494 758 540 530 351 1082 437 281 725 331 739 568 629 691 738 601 644 0 841 286 780 548 803 852 569 53 704 604 948 687 873 52 688 738 695 610 512 189 877 880 502 622 510 298 248 938 963 322 84 568 161 779 973 752 692 191 703 802 313 234 834 466 150 229 140 676 645 712 415 700 466 821 492 831 820 785 98 820 909 443 724 418 296 243 535 524 767 572 517 829 227 497 759 237 575 252 484 723 864 829 153 773 803 675 673 459 536 181 259 795 402 304 715 733 738 775 1013 679 562 678 215 445 532 172 778 195 578 568 503 556 489 744 867 721 807 273 18 577 734 806 623 303 876 631 730 465 360 89 499 946 629 387 724 454 655 229 484 958 167 498 849 683 416 94 278 285 399 620 51 466 316 391 98 883 309 376 897 249 30 400 634 560 344 487 335 198 771 885 433 408 237 1000 430 487 533 465 846 375 238 566 299 394 883 280 694 555 182 914 306 498 487 593 914 173 907 595 515 650 364 651 346 393 507 251 346 650 242 415 547 879 267 394 779 1028 519 573 348 319 892 75 612 509 526 333 644 455 222 912 846 623
482 1055 417 201 413 615 548 242 609 770 295 593 445 526 283 360 848 616 315 841 0 986 144 741 699 816 389 871 359 660 132 258 267 893 184 612 232 848 329 735 72 284 339 226 391 880 1051 245 149 541 792 641 767 821 154 224 157 679 221 727 1051 808 732 746 855 647 890 257 420 139 428 177 845 670 660 80 158 464 758 290 784 439 301 554 627 732 315 519 639 541 328 147 677 593 732 616 871 976 409 605 299 246 889 172 787 167 840 727 520 663 618 548 646 1058 340 343 161 211 171 411 303 847 939 876 343 686 268 935 565 280 541 300 778 367 142 805 271 581 827 295 463 161 693 734 681 418 846 472 1048 928 656 107 460 681 629 755 329 617 380 118 800 887 420 269 891 921 740 916 970 569 864 662 559 921 791 707 645 754 456 778 811 475 290 681 1132 808 788 781 643 814 575 833 907 174 643 533 332 754 139 473 822 818 767 465 790 631 818 545 869 379 572 359 548 599 73 688 146 439 543 344 901 248 953 488 358 1061 1034 192 649 428 315 39 784 764 253 195 331 269 1128 551 428 866 671 707 361 621 348 526 864 737 39 512
504 91 577 851 602 805 596 1212 423 568 941 393 746 829 834 921 584 875 717 286 986 0 889 434 714 724 632 233 747 882 1068 892 938 276 867 680 893 444 672 258 1037 941 662 794 729 125 147 1017 1080 550 369 845 446 640 1091 953 829 451 801 702 69 520 735 358 157 349 148 766 673 847 573 818 296 745 771 997 1005 784 369 878 801 547 786 677 359 253 672 534 699 557 664 932 496 768 654 472 396 37 703 667 919 901 137 874 680 823 516 744 541 371 509 762 378 86 942 961 850 973 1151 705 683 518 72 256 735 331 989 91 550 706 765 741 358 780 971 583 872 500 281 771 734 992 904 263 801 873 576 528 75 245 438 1093 642 344 659 341 877 403 686 1104 197 305 864 891 217 214 250 80 145 888 324 409 429 170 383 799 580 663 903 536 304 510 723 477 170 339 231 208 701 762 444 250 79 1120 707 501 730 751 950 522 164 412 586 605 768 543 548 819 130 947 415 627 749 865 1052 430 1013 625 778 875 159 754 98 621 706 164 60 796 341 575 670 1019 554 289 851 1151 703 726 159 554 907 211 892 417 628 601 870 488 122 820 1001 613
399 965 311 56 293 654 534 325 490 758 384 496 301 574 329 439 705 670 184 780 144 889 0 608 554 672 266 802 215 713 179 330 154 832 235 468 303 712 284 650 217 170 293 231 404 776 969 176 191 511 743 688 732 677 202 321 115 639 90 582 956 787 588 621 771 568 808 127 280 98 368 82 721 526 690 212 282 321 707 155 641 347 157 563 533 637 248 391 495 406 269 49 648 624 587 574 738 883 414 460 177 118 805 28 643 148 700 750 390 599 587 404 531 967 426 435 42 317 272 269 218 706 849 755 349 615 374 848 429 216 572 297 651 223 86 662 134 541 764 310 318 279 748 629 539 480 703 362 946 863 527 232 321 566 484 631 394 551 371 238 713 761 284 339 774 852 639 815 858 629 810 537 476 808 745 565 633 761 325 760 751 388 167 546 1044 682 678 690 498 669 458 715 812 231 661 410 333 777 65 404 725 684 758 440 646 610 677 589 781 261 488 282 576 652 181 645 126 305 578 409 789 135 846 474 354 981 933 157 565 370 233 157 770 646 111 262 314 228 1038 525 298 793 726 577 262 614 411 410 770 595 181 372
380 526 356 556 336 867 631 922 176 749 831 294 365 843 720 843 196 925 426 548 741 434 608 0 280 305 354 524 407 952 778 767 595 579 700 253 755 112 527 362 809 592 521 631 670 314 572 679 786 571 585 913 639 230 797 808 602 576 521 269 499 730 302 83 424 375 461 484 332 613 467 566 149 310 861 784 825 389 558 534 372 374 462 719 302 306 492 225 268 202 501 636 622 824 221 542 129 452 652 243 567 570 448 584 257 613 141 873 222 454 589 345 175 520 852 870 581 821 879 353 472 147 443 194 642 423 860 457 179 514 794 616 76 425 672 173 536 543 530 654 349 815 984 244 366 828 188 306 453 579 95 839 291 171 231 97 788 439 609 847 384 171 476 771 229 549 269 358 326 914 599 111 361 278 598 364 682 820 503 725 538 370 452 64 602 101 223 351 269 340 211 184 389 825 798 223 628 892 655 429 327 76 762 573 341 636 150 844 406 567 355 451 784 909 790 561 711 303 807 794 278 494 346 614 617 589 445 589 352 474 467 764 745 158 529 857 588 552 589 585 515 498 964 49 411 688 791 248 367 386 770 243
528 806 446 498 396 1016 797 815 372 961 881 496 253 969 784 914 202 1062 416 803 699 714 554 280 0 117 393 787 344 1096 686 817 472 841 729 95 796 303 611 614 772 461 610 676 778 593 852 549 688 741 825 1060 866 147 698 838 601 788 491 30 778 954 38 359 695 598 733 463 306 604 595 551 423 42 1024 764 825 239 793 423 113 493 399 875 521 561 560 321 62 263 580 560 827 974 68 739 353 732 768 109 436 468 721 526 96 626 242 1052 309 675 782 156 401 799 914 929 546 843 793 299 523 245 721 468 735 655 893 734 245 566 934 693 355 331 586 169 436 729 785 728 236 819 1131 505 89 922 205 423 730 846 304 775 279 417 92 375 859 646 717 778 648 432 310 824 505 818 530 638 600 1039 853 337 548 555 836 84 871 1016 310 943 788 513 453 246 882 377 498 614 57 119 387 464 668 723 967 351 717 1075 576 578 600 314 971 716 101 827 204 975 680 397 548 537 928 1044 723 778 615 322 945 869 557 493 624 761 717 869 723 609 577 602 526 708 961 434 447 752 677 608 868 757 333 764 1110 303 480 868 868 389 643 108 736 240
617 814 545 615 499 1110 885 929 439 1034 993 567 370 1069 894 1023 148 1160 530 852 816 724 672 305 117 0 499 829 460 1193 802 928 587 885 843 207 909 283 715 664 889 575 713 787 880 611 868 662 803 827 884 1155 932 85 814 952 716 860 607 90 783 1022 87 388 730 663 766 578 419 719 690 666 427 150 1115 880 941 356 854 539 91 588 516 967 586 609 666 412 177 356 685 677 903 1068 105 817 335 747 868 219 551 584 752 644 49 740 211 1138 401 743 862 272 460 806 1024 1040 662 957 909 414 631 211 742 468 839 717 1007 758 333 675 1030 799 373 448 703 140 553 811 834 836 353 935 1227 548 166 1028 155 515 727 884 360 892 388 467 197 402 968 719 819 895 689 424 423 935 507 854 573 653 595 1140 903 391 626 556 896 144 953 1096 417 1014 841 603 566 296 885 387 528 656 173 40 461 477 689 838 1056 437 822 1160 693 667 632 311 1046 810 56 907 176 1074 711 507 624 639 1023 1143 840 848 731 428 1042 978 565 607 629 854 820 885 723 722 641 697 633 825 1033 464 564 867 782 717 871 843 442 804 1206 343 584 953 976 474 671 137 853 344
190 712 78 221 30 632 431 591 223 630 498 250 196 579 395 524 487 673 85 569 389 632 266 354 393 499 0 579 136 710 444 433 310 619 354 298 416 464 218 410 455 315 217 291 386 514 725 385 455 384 553 675 565 477 466 465 247 474 176 412 700 641 431 357 529 341 568 138 99 258 222 212 456 382 647 430 472 244 517 254 502 136 158 498 288 386 167 129 332 161 187 303 500 592 398 412 483 630 378 284 297 270 563 246 458 261 466 686 132 395 444 291 265 713 526 542 233 474 538 126 132 473 599 489 342 397 518 601 187 176 548 300 388 178 342 446 243 390 551 336 200 463 745 369 420 529 483 107 685 642 266 491 114 301 303 366 468 350 327 499 470 497 288 438 507 625 381 556 592 648 608 273 253 542 559 440 520 665 339 621 543 175 100 296 793 418 414 443 337 511 193 449 557 495 596 144 324 710 322 225 469 430 637 341 494 482 451 586 533 345 262 146 543 655 443 472 384 71 558 478 524 141 582 385 325 738 672 237 332 228 133 415 636 380 220 527 284 218 786 400 329 565 723 318 88 511 476 145 516 474 416 155
404 240 506 777 549 583 397 1110 428 334 767 333 741 618 669 736 710 653 657 53 871 233 802 524 787 829 579 0 712 657 973 727 887 56 723 727 734 578 541 179 909 893 531 655 552 255 199 955 988 364 138 621 215 754 997 792 718 239 722 784 259 286 817 441 107 238 89 693 650 738 443 723 431 808 545 864 857 786 147 832 891 458 736 468 296 226 560 523 755 566 543 850 278 549 740 279 541 198 526 712 876 843 104 793 781 703 644 513 533 207 305 789 390 251 760 778 760 814 1042 684 584 648 162 406 571 187 820 142 570 594 554 591 460 751 888 696 820 314 53 614 734 843 676 282 864 678 702 472 306 63 483 976 630 370 712 428 699 254 522 988 140 460 853 724 376 51 257 237 351 672 93 450 329 347 151 869 360 430 900 302 77 416 650 542 294 456 305 173 758 864 429 373 189 1025 483 485 571 519 867 399 203 535 352 433 863 330 667 606 137 922 318 520 537 645 942 220 929 599 566 694 320 670 298 436 544 204 292 678 247 442 569 908 320 367 793 1053 554 601 297 363 897 27 666 488 543 384 689 456 179 896 877 619
326 831 214 159 164 737 554 515 325 761 546 380 94 673 459 586 490 771 90 704 359 747 215 407 344 460 136 712 0 810 373 483 194 753 391 254 460 505 316 539 432 194 319 347 482 625 850 276 379 512 690 777 701 462 390 497 259 609 147 370 816 775 379 435 656 475 696 122 77 260 348 207 535 320 759 420 480 132 653 132 439 271 58 613 417 510 261 214 283 208 287 233 633 699 372 546 536 748 480 245 172 163 689 188 429 286 487 803 209 531 576 205 370 830 582 595 202 500 476 54 217 493 720 574 431 532 553 724 228 253 652 381 460 42 266 447 130 522 686 412 109 475 846 484 343 606 488 239 794 775 338 445 116 405 269 448 533 486 428 451 598 570 154 491 598 757 500 668 690 739 744 356 389 638 696 367 647 790 206 754 679 311 125 343 913 491 520 569 287 462 303 540 675 419 713 246 412 829 251 358 589 482 767 460 440 612 462 684 657 210 398 261 650 753 394 608 304 121 661 545 625 156 688 503 420 864 782 273 465 353 227 373 768 476 121 450 377 292 904 527 194 697 823 384 206 636 544 262 636 399 394 164
579 897 650 737 701 85 322 865 777 339 375 660 897 139 385 307 1139 44 720 604 660 882 713 952 1096 1193 710 657 810 0 791 401 865 634 484 1003 428 1055 495 668 641 881 494 485 328 850 847 883 808 383 519 39 444 1150 812 445 600 434 698 1112 917 397 1135 897 727 603 735 702 807 615 502 648 954 1091 112 596 531 941 513 848 1209 604 784 233 660 713 550 780 1038 837 526 755 386 128 1088 432 1043 851 332 988 882 824 745 728 1147 566 1092 164 791 539 386 1000 778 908 334 339 683 466 790 828 593 1099 811 955 380 581 422 794 859 556 162 432 932 847 776 1105 826 418 605 407 904 520 35 765 1131 242 1132 677 958 677 862 720 823 792 1004 893 331 531 383 732 705 998 953 391 942 695 749 858 965 93 582 841 591 938 506 1150 303 250 1004 370 581 592 686 923 943 948 827 715 1043 1211 745 906 817 827 175 758 398 176 761 528 775 1008 322 383 1197 344 1094 126 758 963 599 563 169 61 722 454 797 778 151 315 909 662 919 340 389 847 943 564 624 495 585 695 358 854 792 840 433 520 948 370 983 674 13 903 622 285 312 722 786 1184 635 856
573 1143 490 224 472 747 672 146 668 896 422 675 442 658 415 489 857 747 360 948 132 1068 179 778 686 802 444 973 373 791 0 390 216 1000 315 610 363 878 438 826 163 230 449 350 520 955 1145 157 17 660 904 773 885 821 24 351 257 795 269 716 1135 931 716 796 947 742 984 306 446 236 532 251 897 652 792 199 274 447 870 264 756 524 316 683 711 816 413 567 631 576 431 143 797 725 730 731 908 1061 536 605 253 220 982 198 780 278 859 858 565 767 737 530 710 1145 467 469 218 335 106 428 390 865 1027 932 470 786 389 1025 598 379 673 424 825 366 106 814 253 696 933 423 460 281 824 809 652 549 856 541 1126 1033 702 109 487 745 629 808 460 720 504 105 890 936 383 400 952 1023 818 995 1037 700 974 714 651 987 905 679 770 884 405 902 918 564 347 715 1222 856 858 868 634 793 637 893 990 52 774 588 458 885 123 573 903 853 893 585 769 753 833 677 958 317 664 453 680 731 74 803 71 477 675 475 968 314 1026 611 483 1156 1112 300 741 533 405 96 909 825 251 82 451 378 1216 671 376 966 802 750 440 748 479 589 948 705 157 537
413 944 411 366 441 360 347 474 601 551 65 532 578 269 58 109 919 357 401 687 258 892 330 767 817 928 433 727 483 401 390 0 483 736 95 722 27 879 243 635 245 500 251 141 179 808 923 488 407 365 621 383 577 910 411 65 230 502 343 839 949 597 854 743 743 544 770 361 510 237 328 284 831 799 408 197 147 613 593 480 919 398 439 323 555 651 275 548 755 592 266 365 484 342 830 449 888 873 204 710 506 447 773 350 890 198 892 478 555 529 434 688 625 951 99 112 309 89 397 519 301 899 833 851 157 563 97 824 618 257 291 157 780 511 380 878 457 414 677 122 590 133 434 675 826 159 915 461 963 776 672 325 541 653 731 748 70 490 206 338 695 876 601 10 855 778 672 836 915 311 697 665 474 872 616 849 431 517 647 565 656 415 364 717 1014 806 738 685 759 936 563 802 813 427 401 544 162 504 368 378 738 839 544 294 917 432 881 288 764 590 488 316 301 341 322 517 398 502 291 85 846 326 885 295 186 930 948 209 555 324 303 293 567 735 427 442 192 216 1013 369 622 730 412 723 358 405 89 520 772 882 234 587
485 1021 380 132 341 804 665 343 518 887 536 560 237 726 482 593 650 822 229 873 267 938 154 595 472 587 310 887 194 865 216 483 0 923 389 400 456 687 411 720 335 17 419 381 550 817 1036 83 216 635 847 839 846 610 226 472 265 753 182 502 1008 910 500 628 839 648 879 200 271 251 478 219 728 436 837 346 422 234 810 61 539 429 152 704 598 696 365 408 419 401 390 122 768 772 519 687 722 938 557 398 36 45 874 136 567 298 659 894 403 693 708 316 563 1021 579 587 182 465 322 244 325 665 908 768 495 701 523 911 419 340 721 441 652 171 128 608 67 658 855 459 255 422 901 675 435 634 650 418 987 949 532 315 309 598 422 641 548 646 511 316 781 762 166 493 792 934 690 861 884 782 908 550 557 833 851 462 764 898 191 885 845 472 239 531 1102 683 714 754 422 577 494 734 865 250 804 438 478 921 128 505 778 668 889 570 552 736 630 741 843 112 568 387 723 805 266 755 147 315 727 563 819 232 881 607 495 1049 975 303 641 482 340 260 896 670 94 280 454 363 1094 650 163 874 878 576 348 747 565 451 825 489 307 353
438 266 544 810 589 564 396 1134 478 302 772 377 786 607 678 736 766 634 694 52 893 276 832 579 841 885 619 56 753 634 1000 736 923 0 739 779 744 635 564 229 929 931 554 674 558 309 213 990 1015 371 121 599 190 809 1025 801 744 236 755 839 291 249 871 497 163 277 140 727 693 764 468 752 487 861 522 882 870 832 143 871 945 494 774 459 342 279 587 570 807 615 569 881 267 532 794 287 597 239 532 763 914 880 155 825 836 727 700 484 581 233 305 838 442 279 761 779 790 824 1065 727 614 704 207 462 582 222 826 186 620 620 542 606 516 793 919 751 858 322 68 627 780 856 651 337 916 675 758 513 345 43 536 997 675 424 764 483 703 281 534 1009 195 516 897 732 430 64 311 289 401 656 52 503 366 400 131 922 346 398 945 269 82 451 685 596 309 512 361 228 811 919 477 429 240 1052 462 532 584 487 898 427 259 591 320 444 917 322 723 593 191 964 356 550 526 627 966 220 959 643 554 697 374 703 348 441 557 213 332 702 289 467 599 931 286 422 829 1080 570 624 314 367 940 83 642 542 577 372 691 502 233 949 898 667
369 927 345 271 366 433 371 419 541 590 155 489 486 347 100 204 842 440 313 688 184 867 235 700 729 843 354 723 391 484 315 95 389 739 0 635 70 812 196 609 195 406 206 74 208 773 913 399 333 373 630 462 596 829 339 110 135 513 249 753 928 630 766 684 724 518 755 269 424 142 294 189 776 710 476 146 138 520 598 384 830 343 346 370 517 618 212 476 667 516 210 273 505 409 746 453 824 851 228 624 411 352 756 255 805 105 819 542 482 517 449 596 569 932 194 205 213 120 344 430 227 826 812 800 164 547 164 805 542 186 357 132 720 417 291 800 362 418 676 116 500 125 519 634 734 246 838 399 935 776 606 271 457 601 646 690 159 474 207 284 672 821 505 104 808 774 634 805 875 397 704 603 439 830 627 758 465 570 551 599 657 368 276 646 1000 747 695 659 672 849 503 753 787 359 459 477 157 569 277 344 707 774 585 297 828 456 805 365 742 495 453 257 364 423 255 525 313 421 360 174 806 236 849 312 184 921 920 120 526 291 232 223 605 684 331 378 169 150 997 381 527 722 496 658 288 441 176 457 745 791 171 505
440 771 353 411 302 923 707 743 301 879 786 420 168 875 689 819 250 968 322 738 612 680 468 253 95 207 298 727 254 1003 610 722 400 779 635 0 702 311 516 550 685 391 515 581 683 555 811 481 612 652 753 967 789 211 623 744 508 708 400 117 747 876 133 322 641 524 681 370 211 511 503 459 403 89 933 674 733 167 720 346 205 402 311 783 448 501 465 235 35 177 485 478 745 882 120 656 356 694 674 16 365 389 670 440 175 532 268 964 223 599 698 97 337 766 818 833 456 749 716 206 427 273 678 448 640 582 799 689 164 471 841 597 328 246 506 209 357 644 720 633 150 727 1038 450 140 826 250 333 705 788 248 693 184 359 24 338 763 567 623 697 591 422 249 728 482 762 474 601 579 945 787 281 467 531 763 152 784 930 263 862 721 425 358 203 850 355 454 557 39 214 310 434 626 649 877 268 622 987 494 488 551 308 888 625 196 741 234 881 630 341 468 442 835 951 641 699 538 227 852 774 529 399 597 670 622 827 696 515 505 510 431 623 880 392 363 679 582 513 838 669 281 705 1016 262 385 781 772 306 597 184 648 147
407 947 398 340 425 385 360 450 590 568 85 526 555 295 67 136 903 384 380 695 232 893 303 755 796 909 416 734 460 428 363 27 456 744 70 702 0 867 234 635 221 473 243 124 191 806 928 461 381 373 630 409 589 892 385 59 205 512 319 819 951 613 834 733 745 544 773 338 490 212 324 259 822 778 432 173 130 590 601 454 898 388 416 342 551 649 262 534 734 576 256 338 497 365 811 457 876 875 215 690 480 420 776 324 871 174 878 501 540 533 445 665 616 954 124 135 283 80 374 498 285 885 835 844 162 566 105 826 602 242 314 152 769 487 352 862 431 421 684 121 568 115 461 671 803 186 899 450 963 784 659 301 521 645 711 738 97 492 211 314 696 868 576 37 849 784 669 835 911 338 706 654 471 868 626 827 447 538 621 581 664 408 343 703 1018 796 733 685 739 916 553 795 814 402 422 531 164 528 340 375 737 827 562 301 896 445 865 313 766 564 485 305 324 367 296 526 370 484 315 112 842 304 882 306 189 936 948 187 554 320 288 267 584 727 401 417 190 202 1017 379 596 735 439 711 343 421 116 509 772 860 209 569
489 533 468 658 447 970 732 1021 285 834 943 395 451 950 832 955 140 1030 533 610 848 444 712 112 303 283 464 578 505 1055 878 879 687 635 812 311 867 0 639 435 917 682 633 743 780 339 590 771 885 672 658 1016 719 198 896 921 711 664 627 282 501 810 312 159 473 465 504 591 433 722 577 674 151 342 961 894 936 467 634 627 367 486 562 822 397 378 604 336 313 307 613 737 712 927 234 636 51 470 761 306 656 665 490 687 244 724 72 968 332 542 684 409 277 524 964 982 687 933 981 450 584 74 470 188 753 507 972 487 283 626 899 728 127 518 772 144 632 641 594 766 433 926 1086 316 392 938 132 418 444 627 207 944 392 264 287 166 900 533 719 951 443 140 554 883 226 595 339 377 311 1021 662 219 464 274 672 383 777 910 574 809 605 480 560 168 602 123 274 413 314 323 321 207 418 924 896 335 739 986 756 537 375 47 848 680 332 731 107 950 449 647 456 563 888 1014 894 648 810 409 912 906 286 603 347 719 728 607 440 700 442 583 579 869 828 219 627 956 699 664 588 685 589 552 1067 157 524 785 902 360 407 396 878 341
173 734 175 280 216 420 254 570 358 476 305 293 401 361 193 317 688 457 226 512 329 672 284 527 611 715 218 541 316 495 438 243 411 564 196 516 234 639 0 416 369 424 10 122 168 577 725 457 454 227 465 461 448 686 463 293 181 357 229 630 734 503 649 500 533 325 565 220 313 202 100 202 588 601 442 326 334 446 431 377 721 155 298 299 321 422 54 315 551 364 31 334 363 382 612 292 645 658 163 502 417 366 566 285 673 162 656 490 323 334 303 505 381 739 324 342 243 309 500 333 99 663 619 609 123 359 339 614 389 71 335 89 537 355 368 649 357 258 498 127 409 321 531 438 638 312 683 221 739 599 431 434 333 410 520 504 261 288 111 446 479 633 465 245 614 592 438 609 680 430 536 423 243 635 466 658 352 487 517 476 482 174 194 480 810 562 500 464 556 729 320 561 592 490 399 305 106 517 348 150 511 597 477 158 712 326 648 370 549 491 257 77 333 439 401 364 405 289 345 268 610 182 653 196 106 735 724 139 331 99 89 367 487 492 323 516 66 60 806 240 499 537 508 482 131 335 266 278 550 692 336 371
