236
0 177 584 514 948 733 252 776 602 290 209 327 372 538 395 433 17 463 239 615 448 571 116 196 188 168 770 372 621 578 505 359 365 692 304 664 546 656 638 641 800 274 229 714 729 508 659 483 185 425 682 422 147 842 530 253 512 307 302 540 581 317 171 357 275 222 353 629 355 509 553 470 333 333 169 520 752 1006 432 855 80 272 256 403 178 725 447 677 57 624 133 309 207 659 695 234 587 241 639 726 128 517 587 184 675 664 656 358 453 706 520 456 668 590 179 291 524 442 415 132 609 447 368 188 619 314 302 863 357 209 564 696 424 640 165 761 579 255 813 296 365 266 548 468 282 160 339 335 166 775 714 125 656 235 490 309 304 320 318 350 118 591 244 670 643 242 329 438 553 287 126 291 549 107 370 493 244 338 226 382 697 514 548 783 323 452 283 649 50 685 83 162 568 292 603 442 495 666 409 391 348 646 469 584 651 626 608 293 291 711 741 755 578 292 141 243 376 208 459 495 294 179 175 196 304 339 522 634 395 671 656 743 267 544 355 598
177 0 676 337 864 570 424 715 460 313 189 235 251 603 462 364 160 578 297 440 305 401 139 354 285 344 749 405 664 688 338 260 444 703 460 527 585 497 470 631 670 208 76 553 712 331 499 591 328 289 509 294 162 763 518 192 522 133 250 367 652 192 115 242 175 365 230 731 178 338 636 595 469 440 273 657 575 926 572 791 204 144 121 247 106 623 569 594 203 549 226 275 65 686 545 239 667 411 594 841 297 557 414 46 501 705 478 493 305 582 359 354 505 579 355 185 624 269 270 221 445 595 227 351 587 233 422 810 356 186 655 548 436 481 315 664 410 423 750 255 196 376 413 297 175 131 200 159 161 741 567 53 485 217 579 138 326 402 246 450 175 715 337 543 535 368 399 515 398 232 72 324 373 248 246 360 305 455 52 519 682 438 681 748 369 309 435 507 137 688 251 314 559 465 460 342 319 631 359 240 274 566 344 536 486 724 434 246 395 717 563 748 591 117 47 99 385 52 281 323 464 320 298 38 418 202 463 745 328 770 544 623 271 558 217 426
584 676 0 942 796 963 456 602 781 869 792 561 925 115 218 510 594 143 378 955 704 1037 698 423 744 567 468 300 190 82 987 575 231 322 355 799 201 881 919 371 862 527 752 937 430 908 889 114 689 676 991 654 513 706 359 527 297 729 495 881 81 622 565 914 838 380 904 68 816 842 49 166 283 251 727 208 1157 829 237 660 654 817 634 917 743 714 171 622 629 572 462 893 641 256 875 819 44 442 486 191 491 204 1040 640 990 208 1036 263 978 778 1018 597 913 364 570 587 67 909 696 707 879 273 666 440 436 887 798 629 376 792 20 865 317 879 664 716 1048 429 632 478 855 787 728 815 590 546 876 803 515 511 870 653 959 477 96 720 369 860 895 864 702 150 790 766 687 749 879 162 800 867 678 362 984 477 921 693 370 251 688 254 412 540 187 518 316 706 353 812 578 344 604 660 353 458 783 587 874 461 467 913 523 597 660 477 914 53 938 490 812 349 1113 410 283 723 630 774 347 728 873 960 424 412 408 658 809 878 494 108 506 97 705 788 851 281 657 1050
514 337 942 0 831 340 761 750 350 526 426 383 279 846 724 478 497 873 582 157 280 109 444 687 573 679 853 643 873 973 105 378 719 865 789 413 799 309 237 771 547 415 294 337 829 51 305 879 639 298 229 321 466 753 676 416 708 224 447 137 898 320 405 293 327 692 276 1005 159 153 896 897 786 739 568 968 238 893 887 811 526 290 315 180 372 583 870 605 531 589 546 438 330 871 376 467 922 747 680 1124 634 776 101 344 217 908 149 808 202 493 147 406 291 725 689 355 903 88 268 522 243 916 283 685 698 356 705 849 570 421 922 388 643 289 633 630 120 759 776 464 164 656 347 151 352 427 247 179 454 825 409 389 221 470 849 229 573 651 374 708 477 1013 609 456 502 663 636 780 265 394 394 582 42 580 271 330 590 759 294 835 804 509 987 829 627 281 762 379 475 840 582 633 712 803 349 407 90 730 506 197 427 591 347 630 264 994 165 452 668 868 231 877 771 235 380 288 601 310 68 68 800 647 619 327 695 251 558 1029 462 1039 500 536 483 744 289 110
948 864 796 831 0 564 1041 198 481 1177 1054 633 1036 692 716 514 942 864 757 712 591 933 991 954 1126 1069 339 655 607 876 933 604 751 482 980 420 604 541 622 426 315 677 907 548 369 780 549 842 1133 593 681 580 801 106 482 698 538 780 645 695 714 672 787 1039 1012 916 1021 854 840 678 756 903 913 825 1109 977 900 63 955 136 1021 966 743 957 970 252 887 271 1004 323 843 1131 798 545 478 1103 751 1019 338 954 969 615 913 820 690 601 800 915 1008 339 977 510 573 446 1079 680 821 877 622 1061 599 1002 649 967 381 1069 1250 178 619 1050 789 463 590 558 1110 205 942 1018 164 651 892 1212 493 693 690 791 979 847 781 288 447 895 662 713 772 767 680 1255 1086 1294 1022 944 1183 375 340 1191 1257 736 566 1083 927 700 859 903 1027 529 758 853 825 930 383 434 969 282 699 588 956 455 902 455 1025 1107 465 1072 481 521 743 342 541 967 602 301 532 380 597 834 694 654 1235 457 825 402 520 791 855 926 615 897 791 894 1043 903 868 826 1251 983 428 899 552 854 336 298 1135 534 656 916
733 570 963 340 564 0 943 556 182 836 721 452 612 851 772 455 718 944 686 185 296 416 706 854 850 899 706 680 834 1019 442 424 784 774 936 183 776 84 107 675 250 511 565 26 699 301 78 939 898 325 127 339 625 515 620 525 675 438 517 220 898 427 572 623 637 841 605 1032 439 237 914 978 904 832 840 1057 337 620 993 591 775 592 477 514 648 356 952 424 770 441 703 758 525 806 100 769 930 924 551 1154 825 765 389 549 137 857 251 921 543 248 481 370 65 645 910 463 947 419 324 789 124 1033 371 859 590 679 988 641 603 716 946 115 647 94 885 396 422 931 568 535 474 940 236 276 468 591 569 456 605 662 124 622 121 577 888 432 639 952 697 1006 742 1075 897 232 314 937 942 822 185 711 642 656 350 757 603 279 692 859 517 946 684 427 1067 664 690 293 907 158 684 744 814 884 643 984 180 381 282 601 500 530 469 428 313 524 85 1016 174 526 957 766 261 751 717 454 594 571 626 570 338 408 970 803 767 541 982 573 478 1067 466 1056 301 276 792 702 384 388
252 424 456 761 1041 943 0 849 789 466 434 497 618 461 351 558 269 313 289 848 647 823 355 92 329 129 791 388 567 417 758 529 312 675 100 841 509 861 857 659 962 437 481 921 747 750 865 341 254 620 911 609 318 935 567 420 524 544 444 771 487 516 374 600 519 124 599 477 603 736 445 300 174 240 315 318 1000 1093 237 926 278 522 473 655 426 856 286 787 259 729 240 521 438 623 889 439 476 21 706 546 126 484 838 419 905 606 898 192 703 865 772 613 879 618 128 480 388 693 619 319 825 230 572 84 670 549 348 919 424 436 439 886 454 849 233 882 831 27 887 429 616 346 731 696 474 354 589 584 338 812 901 375 882 373 383 543 363 422 548 416 338 405 361 834 787 306 445 363 758 514 379 343 798 187 616 677 287 223 468 203 717 633 350 820 342 650 105 835 286 680 211 230 595 41 790 598 732 715 518 643 496 755 647 661 867 481 839 433 369 700 984 756 572 530 381 496 425 460 702 747 46 145 183 435 361 589 621 465 526 520 803 895 463 544 559 849
776 715 602 750 198 556 849 0 417 1024 903 480 915 495 519 351 771 665 570 661 480 858 832 764 959 885 173 461 416 681 845 456 553 298 784 378 407 505 580 230 342 514 768 533 188 700 514 644 958 473 651 455 629 104 285 534 339 652 477 623 521 531 624 915 876 724 897 662 725 598 560 705 715 629 942 779 869 244 756 79 852 832 597 847 821 200 688 145 833 169 662 989 649 358 456 951 558 827 143 768 784 417 844 669 657 415 755 717 903 307 888 372 542 248 895 529 624 779 505 896 548 803 521 778 182 934 1078 99 432 900 594 441 395 517 934 167 869 825 38 480 778 1042 404 601 539 626 856 728 611 120 432 739 625 540 574 639 493 1091 951 1126 861 749 1017 327 255 1018 1095 537 492 943 772 512 785 720 906 423 570 655 682 732 195 277 772 118 506 478 761 410 732 269 849 931 266 878 418 380 660 144 367 854 441 160 414 192 559 643 642 485 1066 277 799 233 323 660 699 789 425 754 698 806 849 714 680 677 1080 860 254 707 388 666 262 285 985 335 525 848
602 460 781 350 481 182 789 417 0 758 636 292 573 668 592 274 590 766 518 244 155 453 599 698 745 761 548 501 654 838 453 260 606 601 772 70 595 103 166 501 216 352 478 155 535 299 111 760 780 176 240 181 477 405 440 369 493 342 350 214 716 285 432 580 570 679 561 850 379 198 732 800 734 659 732 880 453 543 819 468 656 523 348 485 554 234 775 273 647 276 550 694 403 629 100 685 748 769 383 972 678 583 435 428 244 678 338 749 532 144 496 191 138 468 772 314 766 400 190 681 131 860 235 705 418 621 882 512 425 631 765 96 466 107 763 281 463 775 437 367 427 836 59 217 322 448 520 390 456 510 112 506 211 416 707 331 465 860 640 910 635 894 797 106 161 826 855 641 85 645 532 483 379 608 565 112 524 686 410 774 517 246 889 512 514 151 743 47 551 571 685 761 465 829 1 204 263 434 320 498 299 268 143 349 149 834 225 360 856 595 386 586 538 356 472 490 447 475 312 413 812 646 608 425 878 525 298 885 288 874 155 188 714 521 247 438
290 313 869 526 1177 836 466 1024 758 0 124 546 260 828 685 673 284 741 528 672 608 525 195 454 137 336 1043 658 911 854 460 573 655 977 552 827 836 776 729 918 973 510 280 824 1004 547 776 763 219 596 746 604 413 1076 805 491 795 416 550 616 871 505 402 242 200 493 254 909 397 600 841 741 601 618 151 777 729 1239 691 1102 215 244 434 350 208 935 720 907 240 861 423 94 378 947 832 74 875 467 898 997 382 806 551 356 736 954 673 625 361 889 449 667 774 866 340 497 806 437 573 162 715 694 535 440 885 172 208 1118 633 128 849 838 706 757 235 977 529 482 1060 550 366 166 717 563 487 404 279 380 426 1042 858 285 730 497 777 426 586 130 157 188 175 858 123 849 847 195 111 728 685 131 252 576 542 393 265 667 534 619 355 646 972 749 808 1049 612 612 539 803 313 967 268 238 844 493 758 655 556 931 661 332 582 878 654 840 751 908 674 543 164 994 748 1034 862 402 325 268 656 284 502 473 512 457 462 351 193 275 770 909 636 952 856 931 44 829 526 562
209 189 792 426 1054 721 434 903 636 124 0 424 195 739 595 552 197 673 431 564 485 445 94 398 151 314 929 557 815 787 378 450 568 871 504 705 737 658 615 806 850 392 158 708 891 441 658 692 230 472 638 480 306 953 693 373 688 294 432 503 785 381 285 176 104 429 181 838 284 484 759 679 541 541 151 726 646 1115 638 981 156 136 310 264 84 811 656 784 177 739 332 101 255 846 712 50 792 429 779 936 326 708 468 234 629 857 576 566 293 765 377 543 658 754 321 375 733 339 450 119 598 649 411 387 769 116 279 998 523 5 772 717 600 639 233 853 451 444 939 434 262 230 593 446 365 291 189 265 316 925 738 167 620 385 697 304 481 230 114 285 96 800 183 725 723 240 221 642 565 80 134 474 449 316 196 543 438 547 231 589 860 627 755 932 513 488 487 681 216 859 222 234 733 468 636 532 445 815 543 248 462 756 530 722 636 835 564 426 241 887 655 923 757 279 206 149 549 160 393 383 480 388 384 228 269 186 650 843 515 880 732 807 81 723 402 480
327 235 561 383 633 452 497 480 292 546 424 0 451 463 347 131 318 510 234 398 158 485 358 406 495 475 524 261 492 600 444 32 349 500 483 345 416 368 380 416 475 60 291 429 490 346 374 510 512 128 445 113 189 530 308 78 330 196 69 322 514 67 157 448 400 389 432 627 283 283 514 539 453 386 479 616 596 694 545 556 394 358 120 403 341 400 512 361 379 314 258 509 169 497 391 472 539 477 362 748 388 393 484 189 442 528 475 471 466 380 481 129 391 365 486 50 529 366 140 430 342 583 104 413 360 458 625 576 186 420 542 388 259 358 492 438 496 483 515 87 333 583 233 253 60 167 392 278 167 511 403 262 414 125 472 183 199 623 474 664 390 647 551 345 316 566 624 403 268 464 295 213 426 317 444 180 240 411 205 497 461 203 630 518 253 160 454 337 277 480 409 490 348 537 292 115 312 402 136 406 47 332 149 304 383 615 384 76 606 508 554 531 397 198 222 313 217 275 315 412 520 354 317 197 624 396 230 654 97 659 329 416 506 367 95 493
372 251 925 279 1036 612 618 915 573 260 195 451 0 855 714 580 357 822 548 434 445 265 262 569 344 505 975 656 914 934 201 466 694 945 677 643 835 565 505 866 787 444 175 604 942 311 563 837 425 444 507 461 412 944 755 432 767 263 488 392 904 390 366 19 99 592 21 979 196 387 887 834 701 684 346 890 469 1099 803 986 342 108 334 98 194 784 809 779 359 745 467 166 300 932 628 218 918 610 810 1086 500 807 292 292 496 954 420 726 101 716 189 542 555 814 513 403 872 193 414 314 499 820 393 561 812 88 460 1014 602 191 905 637 683 545 429 830 268 624 947 496 146 412 546 358 394 382 59 188 413 961 658 273 496 466 829 276 577 390 102 449 282 956 365 675 696 429 371 766 490 132 253 576 289 472 8 507 556 696 253 751 913 641 916 967 621 448 656 613 357 928 409 430 796 655 573 535 331 853 586 82 498 757 506 753 530 973 439 486 418 956 491 982 836 256 295 152 632 198 274 219 663 547 533 276 447 55 678 991 549 1019 700 759 222 803 390 302
538 603 115 846 692 851 461 495 668 828 739 463 855 0 144 399 545 183 309 849 598 945 645 407 712 554 375 205 109 187 898 473 173 235 367 684 88 769 810 265 746 435 679 824 335 809 777 156 668 571 883 548 444 599 243 438 182 641 399 777 51 526 489 845 772 360 833 183 729 739 67 220 288 225 694 288 1055 729 284 558 614 747 546 837 681 599 211 508 588 457 407 841 561 173 761 771 79 443 374 304 465 88 946 563 882 145 933 277 899 663 932 487 802 252 560 493 129 820 593 667 769 329 566 424 324 825 784 532 276 738 102 750 208 768 642 602 956 433 527 383 772 767 616 714 497 472 802 719 442 414 756 588 851 393 88 631 281 836 835 848 655 254 763 651 572 731 852 102 690 810 616 279 889 436 849 584 302 238 609 279 312 425 277 421 234 599 355 698 523 251 573 639 239 473 670 478 774 353 358 834 422 482 551 362 804 166 832 395 792 263 1008 324 172 637 560 702 245 656 777 869 439 382 368 581 794 805 379 223 399 205 590 673 805 167 558 956
395 462 218 724 716 772 351 519 592 685 595 347 714 144 0 318 402 174 166 745 497 819 501 282 573 426 441 91 230 253 768 364 38 325 271 621 162 688 717 311 708 309 538 746 397 691 695 167 534 468 787 447 301 614 234 309 180 510 279 669 191 406 349 703 630 235 692 281 598 630 175 210 197 113 554 291 943 763 244 592 472 606 415 701 537 574 186 490 446 433 263 697 424 278 690 627 205 331 379 400 331 134 822 424 785 272 823 198 762 616 800 402 717 275 433 369 181 691 485 525 677 291 452 298 336 682 652 578 169 594 198 682 137 683 508 588 830 324 555 262 637 632 535 601 372 331 662 585 301 466 691 445 754 258 125 501 151 699 691 714 512 303 625 596 527 597 714 55 599 666 472 143 766 295 708 494 158 137 471 213 368 368 297 474 97 499 251 628 378 329 434 504 254 372 593 390 659 377 272 697 313 460 460 346 715 270 729 274 657 350 902 405 222 505 418 561 145 515 655 742 340 247 228 442 661 665 333 306 306 315 545 635 661 195 442 832
433 364 510 478 514 455 558 351 274 673 552 131 580 399 318 0 427 492 270 454 206 585 481 466 612 563 395 227 402 564 553 114 334 386 521 304 334 372 410 295 407 163 422 429 364 434 380 485 618 182 483 158 286 409 197 184 236 320 130 386 449 190 274 578 531 437 561 579 404 349 460 527 473 392 595 608 665 573 550 429 507 489 251 526 470 300 502 243 489 191 336 640 299 394 372 600 479 537 231 701 467 317 580 318 483 434 542 485 587 311 593 87 403 247 574 181 492 478 210 548 370 593 201 477 232 590 736 445 153 549 492 364 193 369 596 331 597 539 387 138 456 697 218 332 191 277 521 401 267 380 373 388 451 201 433 307 202 742 605 780 511 620 669 285 229 676 746 367 291 595 421 223 519 397 573 184 273 420 336 508 335 80 615 387 246 206 493 310 387 363 511 594 234 594 275 79 395 272 46 530 90 212 152 173 404 563 436 140 721 391 613 407 294 325 347 444 173 407 413 518 572 413 375 327 737 525 99 612 38 604 245 338 634 269 199 588
17 160 594 497 942 718 269 771 590 284 197 318 357 545 402 427 0 476 243 598 435 553 104 211 189 184 770 375 627 590 488 350 373 695 320 652 551 642 622 641 789 266 211 700 729 491 645 495 194 413 666 411 142 836 529 245 514 290 296 524 589 305 161 341 259 236 337 640 337 493 563 484 347 344 171 534 735 1001 447 851 81 255 243 386 163 717 460 670 62 618 138 298 193 663 682 226 596 258 636 739 145 522 570 169 659 669 639 372 436 696 503 447 653 590 195 280 535 425 402 129 595 462 355 204 617 300 308 860 356 197 574 683 425 626 175 754 562 272 809 291 347 270 536 452 271 151 322 318 160 774 701 108 641 231 500 293 305 321 305 354 109 605 246 659 634 249 329 446 539 275 109 293 532 119 354 481 249 350 209 396 697 507 562 781 327 439 299 637 40 687 96 172 568 309 590 433 478 664 404 374 340 640 458 581 636 637 592 287 294 713 724 756 580 275 125 226 377 191 442 478 311 192 186 180 309 322 517 646 389 682 647 733 259 547 343 581
463 578 143 873 864 944 313 665 766 741 673 510 822 183 174 492 476 0 291 908 664 961 580 288 612 427 557 264 290 114 905 530 161 419 213 795 262 860 885 440 880 463 652 919 516 845 867 29 552 634 954 615 418 766 390 459 329 652 440 831 189 562 476 808 729 248 800 168 734 792 141 39 142 138 594 118 1100 904 102 733 528 714 558 825 632 742 29 655 503 599 354 773 554 356 864 695 169 300 533 264 359 248 968 548 951 322 982 121 884 789 933 575 888 417 430 523 76 830 649 580 847 145 612 304 485 775 657 710 341 673 128 856 309 854 527 753 971 287 699 422 768 649 708 761 524 455 777 720 425 593 865 548 922 403 95 645 311 723 780 725 580 139 655 770 699 610 743 132 769 751 569 297 915 356 817 666 283 126 599 111 491 541 123 601 256 666 212 802 466 434 473 523 399 315 767 562 815 521 445 819 480 626 632 508 885 170 894 433 673 446 1063 508 345 644 531 674 319 629 805 882 281 285 290 567 669 778 504 170 478 212 717 806 726 329 601 978
239 297 378 582 757 686 289 570 518 528 431 234 548 309 166 270 243 291 0 626 392 669 338 198 425 315 540 132 384 396 615 261 146 453 254 563 307 601 614 408 676 180 373 662 498 555 607 299 401 363 678 347 135 651 301 171 276 360 169 548 357 276 187 537 463 167 526 435 444 509 338 315 219 157 406 388 811 812 313 649 319 440 267 540 371 567 288 499 295 441 106 533 265 420 619 466 370 267 428 548 214 278 676 262 674 426 695 237 600 580 644 332 625 359 324 237 329 538 372 372 577 349 330 210 398 516 523 649 138 430 357 614 190 592 376 593 680 269 608 151 479 494 459 475 236 168 498 429 137 551 627 279 646 115 282 353 77 556 525 579 352 431 480 551 499 464 567 217 502 501 306 58 623 155 543 409 8 180 311 263 466 344 406 559 84 395 225 561 216 448 294 373 337 324 519 318 526 446 229 535 219 466 376 378 618 427 613 159 520 473 777 519 339 352 252 396 148 350 514 591 302 146 110 280 528 500 333 452 240 473 515 608 500 306 318 686
615 440 955 157 712 185 848 661 244 672 564 398 434 849 745 454 598 908 626 0 251 232 565 765 704 783 787 656 856 998 257 380 748 824 859 293 788 171 91 726 411 446 416 186 770 124 165 909 762 278 74 301 534 645 646 455 690 308 468 78 900 349 475 447 472 761 429 1022 280 116 906 937 842 782 696 1013 214 772 939 712 642 429 376 335 499 475 910 517 642 515 616 588 411 843 238 609 928 831 617 1144 723 771 207 432 64 887 94 862 359 374 295 369 144 686 794 388 926 240 259 647 114 974 297 767 646 507 840 756 578 559 936 251 641 154 752 521 239 841 682 486 305 791 265 152 390 496 396 300 517 751 271 493 64 511 869 306 598 794 525 850 601 1046 746 342 406 793 781 800 175 542 506 611 164 661 426 275 633 806 389 889 749 460 1029 755 652 249 831 258 569 797 691 752 678 890 243 375 121 669 492 352 432 510 303 576 118 1008 19 475 805 822 158 821 746 323 474 417 607 427 170 224 881 719 687 418 831 401 512 1051 450 1051 400 413 628 723 308 207
448 305 704 280 591 296 647 480 155 608 485 158 445 598 497 206 435 664 392 251 0 389 444 557 590 609 573 407 608 750 367 133 503 587 640 221 539 213 222 492 366 214 328 274 549 232 218 663 624 29 290 50 329 500 402 228 442 194 225 180 649 133 281 448 427 544 429 772 249 143 655 695 611 544 577 773 459 654 703 547 501 380 193 368 402 339 668 339 492 314 407 549 248 599 247 535 677 628 400 894 531 520 380 273 287 640 336 629 423 281 409 127 234 447 621 167 677 298 35 525 184 741 80 563 418 481 726 580 329 480 685 247 389 202 608 385 400 635 510 243 302 681 108 129 173 298 387 256 309 546 265 351 258 281 620 182 353 707 499 755 480 799 642 240 251 671 702 551 111 500 377 369 319 462 436 62 399 569 256 655 524 229 786 551 407 3 611 202 398 562 531 606 437 688 155 129 192 449 242 377 183 320 68 350 225 758 234 234 701 589 409 596 500 207 317 343 357 324 220 329 673 507 471 270 722 392 278 801 199 801 256 323 564 476 92 387
571 401 1037 109 933 416 823 858 453 525 445 485 265 945 819 585 553 961 669 232 389 0 484 755 596 728 962 741 977 1064 67 482 811 972 861 513 901 400 322 879 640 511 342 418 938 158 395 969 671 406 292 430 546 858 782 509 813 309 546 239 997 419 486 283 341 765 271 1099 227 260 992 983 865 824 594 1050 204 995 967 918 568 315 404 180 408 687 956 713 577 698 622 431 408 977 468 478 1019 810 789 1216 696 878 29 418 280 1012 176 888 166 594 79 515 376 832 738 452 996 132 376 554 336 993 387 751 807 352 721 957 670 440 1017 480 745 381 669 734 11 823 883 562 206 672 454 260 448 508 256 244 536 934 501 447 295 561 943 317 668 655 367 713 513 1100 625 558 608 685 636 875 369 395 445 675 74 649 260 439 677 843 366 915 913 618 1072 938 721 390 835 478 537 948 630 670 820 863 452 515 199 839 611 197 530 700 456 739 350 1089 247 549 680 976 232 985 877 317 447 329 701 362 172 78 864 719 695 400 709 258 667 1121 567 1135 606 636 486 849 392 37
116 139 698 444 991 706 355 832 599 195 94 358 262 645 501 481 104 580 338 565 444 484 0 310 146 246 847 466 723 694 416 387 474 783 418 666 646 635 604 722 809 318 150 690 808 448 637 599 196 427 637 431 218 888 609 298 601 268 356 497 691 326 208 245 163 338 243 744 288 471 665 587 450 448 134 636 676 1052 549 911 84 171 256 307 75 755 564 720 97 671 238 195 199 756 684 128 698 348 703 843 239 617 503 174 628 765 592 475 350 720 425 484 641 670 255 312 639 363 409 83 581 562 366 301 689 198 283 925 437 93 678 687 512 618 189 795 491 362 869 355 283 237 552 431 302 209 236 267 230 846 707 96 615 301 603 275 392 265 201 311 36 708 198 681 669 230 265 548 537 171 67 383 474 223 261 498 345 454 191 499 777 559 665 854 421 448 398 646 122 773 148 189 649 392 600 471 443 736 467 293 391 690 480 646 621 741 562 349 256 800 675 838 668 252 136 156 461 138 398 413 400 296 290 174 278 235 578 750 444 786 679 760 163 635 355 515
196 354 423 687 954 854 92 764 698 454 398 406 569 407 282 466 211 288 198 765 557 755 310 0 323 146 714 306 508 401 692 437 244 607 108 749 444 771 770 582 869 346 418 832 671 672 776 313 265 530 826 518 232 848 485 329 446 466 351 687 441 427 290 553 471 46 549 457 531 651 403 287 147 182 306 327 925 1007 240 842 245 467 389 595 375 765 266 697 222 639 151 494 358 560 798 414 437 71 620 543 72 416 768 342 820 548 820 171 647 773 710 521 790 538 152 391 358 623 531 295 737 251 484 17 586 508 377 837 335 399 405 795 371 759 240 792 764 77 802 337 550 364 639 613 386 268 533 512 250 733 810 309 797 281 339 463 274 436 511 443 302 404 367 742 695 326 455 305 669 479 319 253 725 106 566 586 196 173 393 192 640 542 357 741 258 561 88 743 218 608 186 236 515 131 699 506 652 633 427 584 404 665 555 574 779 458 755 341 388 631 905 684 499 453 308 435 338 395 625 678 116 53 91 359 387 534 531 454 434 500 711 803 442 469 471 780
188 285 744 573 1126 850 329 959 745 137 151 495 344 712 573 612 189 612 425 704 590 596 146 323 0 199 958 558 802 724 529 526 540 879 417 812 729 781 747 829 954 449 287 835 917 583 782 635 85 572 777 575 331 1022 718 428 700 413 483 638 752 469 339 325 255 364 331 780 423 614 720 610 470 495 18 642 796 1186 557 1039 108 284 400 416 204 895 590 854 130 803 318 206 343 843 830 129 753 331 825 865 253 700 620 318 768 844 722 494 444 864 528 623 786 778 202 452 680 487 555 65 726 558 511 308 806 259 138 1049 545 156 725 833 612 763 99 934 603 346 997 479 408 91 697 574 442 334 340 403 348 963 853 239 756 419 655 420 492 132 251 168 109 725 57 825 810 89 142 610 683 216 212 478 598 277 346 643 430 493 336 514 886 692 674 971 509 594 406 792 227 873 140 101 756 356 745 610 583 853 592 399 523 824 624 769 766 781 702 474 111 898 803 942 765 397 276 286 565 280 534 533 375 333 344 320 132 338 705 778 574 824 821 903 141 731 500 631
168 344 567 679 1069 899 129 885 761 336 314 475 505 554 426 563 184 427 315 783 609 728 246 146 199 0 850 438 653 537 661 508 389 749 222 819 588 820 805 717 951 417 387 879 807 675 823 454 126 585 850 579 286 962 615 397 582 475 436 708 587 477 328 487 406 193 487 595 519 676 549 420 285 328 186 445 915 1124 362 964 163 417 421 553 321 862 403 804 150 747 227 396 375 704 856 314 582 133 743 671 100 560 746 352 843 695 822 306 596 855 671 601 833 671 11 446 500 603 578 195 776 360 530 129 713 430 231 964 452 317 549 856 501 805 103 894 736 148 923 425 524 221 705 636 438 312 483 499 307 865 873 291 824 363 485 477 392 296 428 297 223 531 232 821 785 182 318 452 716 393 285 373 712 166 504 650 316 319 394 323 776 642 478 873 388 613 216 808 215 749 98 100 648 157 761 586 663 761 529 540 486 772 623 692 818 598 776 426 245 772 907 823 639 460 309 398 462 369 625 655 176 179 208 364 242 482 640 588 527 638 799 890 335 608 517 758
770 749 468 853 339 706 791 173 548 1043 929 524 975 375 441 395 770 557 540 787 573 962 847 714 958 850 0 411 277 549 938 509 479 146 712 524 295 645 714 132 510 540 813 682 43 804 654 532 941 558 788 536 631 269 240 557 268 715 498 737 388 586 643 972 921 670 956 521 798 706 433 595 636 554 940 663 1000 364 656 204 850 881 643 921 851 361 583 282 828 272 643 1023 686 211 605 973 423 770 172 617 750 315 952 702 793 264 881 632 981 463 980 449 682 180 859 573 503 866 590 899 678 702 592 730 163 980 1063 163 413 926 464 591 350 654 916 335 973 764 188 495 850 1033 521 701 582 638 916 796 617 53 585 761 759 546 462 702 467 1091 994 1118 871 618 1015 474 392 1004 1099 443 612 981 795 483 891 695 968 524 537 577 727 641 74 345 649 57 461 572 692 552 734 124 833 913 203 814 549 452 764 124 390 925 478 280 505 225 697 501 767 503 1058 119 935 63 219 720 723 835 394 795 793 901 781 671 642 714 1068 920 300 567 426 518 405 448 1008 246 592 958
372 405 300 643 655 680 388 461 501 658 557 261 656 205 91 227 375 264 132 656 407 741 466 306 558 438 411 0 259 342 693 276 108 321 325 531 180 596 626 279 622 230 480 655 368 608 604 258 532 378 697 357 252 551 179 233 144 436 195 582 256 323 289 647 578 264 634 366 524 543 252 299 262 175 539 380 857 705 327 538 452 549 341 633 491 494 275 414 428 355 239 658 358 289 600 595 278 367 318 487 338 152 742 363 695 301 736 269 696 530 727 310 626 233 447 288 270 615 397 504 586 372 366 321 281 633 654 531 78 555 280 592 65 591 507 512 752 364 498 179 567 627 444 515 292 275 602 514 246 427 601 397 664 189 212 425 78 689 644 711 483 394 613 508 441 595 700 143 508 623 427 83 685 286 650 403 128 204 406 289 337 281 387 435 50 409 300 538 345 315 426 503 210 417 502 299 574 327 181 631 224 382 369 276 624 353 641 191 652 340 814 387 206 432 365 503 54 457 574 665 388 260 230 380 660 604 251 394 214 397 459 550 629 173 357 752
621 664 190 873 607 834 567 416 654 911 815 492 914 109 230 402 627 290 384 856 608 977 723 508 802 653 277 259 0 272 936 495 265 132 475 658 78 757 806 188 700 476 738 808 240 832 765 262 764 583 881 560 511 521 213 484 166 682 435 789 110 558 548 905 838 461 892 246 771 752 157 326 396 327 783 388 1068 639 392 472 700 808 590 885 750 548 319 455 675 412 488 916 614 67 739 850 145 548 313 353 561 106 975 621 882 42 945 386 948 625 972 487 791 195 660 530 228 858 610 753 766 436 590 525 264 893 882 439 313 813 186 727 234 758 738 543 988 539 445 423 817 862 606 732 536 534 858 763 505 321 729 656 849 447 197 670 338 929 904 944 736 340 854 619 536 827 943 203 689 882 686 342 915 524 907 583 378 343 662 388 223 407 373 328 301 609 462 677 600 154 664 734 192 581 655 481 794 281 368 885 446 434 553 317 797 226 838 435 887 160 1015 222 116 680 624 762 282 716 805 904 547 477 459 637 890 861 355 291 412 250 553 628 885 133 584 983
578 688 82 973 876 1019 417 681 838 854 787 600 934 187 253 564 590 114 396 998 750 1064 694 401 724 537 549 342 272 0 1011 617 253 404 317 860 276 936 968 450 931 559 763 993 512 942 944 97 662 721 1039 699 527 785 428 557 366 755 532 923 162 657 583 921 842 361 912 61 840 883 120 117 253 249 707 133 1195 910 183 741 642 826 660 934 745 785 134 695 617 643 466 887 660 338 934 809 126 406 561 153 472 273 1070 656 1037 290 1076 230 994 845 1039 650 966 440 539 620 72 934 739 693 929 210 704 416 511 888 764 711 421 787 86 924 372 932 638 789 1075 392 712 514 875 759 782 854 622 562 888 825 532 593 931 660 1007 503 131 747 402 833 894 832 694 68 766 830 754 719 854 199 850 865 682 391 1015 470 929 744 387 239 707 214 493 601 108 600 347 751 320 871 579 426 586 634 427 412 839 639 910 539 519 928 566 668 711 548 966 71 983 526 782 431 1155 493 359 748 641 785 394 739 905 986 380 399 403 675 777 889 558 57 556 103 771 857 840 354 695 1080
505 338 987 105 933 442 758 845 453 460 378 444 201 898 768 553 488 905 615 257 367 67 416 692 529 661 938 693 936 1011 0 445 759 939 798 517 859 414 341 848 652 464 276 441 912 154 410 915 603 380 325 402 488 852 748 460 774 258 501 242 950 377 429 218 273 704 205 1048 171 254 943 926 805 768 527 992 269 996 908 908 501 247 353 113 341 683 899 701 511 680 562 367 351 940 482 411 971 746 766 1164 632 835 91 359 314 973 223 829 108 597 43 489 395 800 671 407 943 78 348 487 348 933 352 688 780 287 654 944 625 373 966 493 702 394 602 731 74 759 872 516 142 606 445 244 401 451 188 185 480 913 514 383 321 510 892 267 619 590 303 648 446 1045 558 559 601 618 572 824 367 329 379 625 95 586 195 422 623 786 307 855 886 593 1014 918 671 368 773 483 474 916 563 602 786 798 452 487 189 814 575 130 490 685 435 714 369 1038 268 504 614 944 290 958 840 263 385 263 657 297 146 39 799 658 635 340 642 191 639 1067 531 1084 600 640 420 811 355 102
359 260 575 378 604 424 529 456 260 573 450 32 466 473 364 114 350 530 261 380 133 482 387 437 526 508 509 276 495 617 445 0 369 494 513 313 421 340 356 407 442 92 312 401 478 338 346 530 544 104 423 86 221 503 303 111 331 206 92 305 524 76 189 464 420 419 447 642 290 266 527 561 480 410 510 639 582 666 570 532 425 377 141 412 366 369 534 334 411 289 290 533 194 495 361 499 551 508 344 763 420 399 479 216 421 530 461 497 474 347 483 97 364 357 519 75 546 368 121 460 318 609 95 444 346 479 656 553 198 446 556 357 266 331 524 408 493 514 491 110 342 614 202 240 85 199 407 287 200 494 372 291 391 155 488 193 219 652 495 694 419 666 582 312 284 597 653 419 242 486 323 235 420 349 459 149 267 436 226 522 449 179 652 500 273 136 484 306 310 473 442 522 342 568 261 84 301 387 130 416 51 306 118 287 358 628 365 101 636 501 538 520 395 210 251 333 228 298 310 411 551 385 347 222 655 411 211 670 87 672 297 384 532 367 90 488
365 444 231 719 751 784 312 553 606 655 568 349 694 173 38 334 373 161 146 748 503 811 474 244 540 389 479 108 265 253 759 369 0 364 233 639 199 699 724 349 731 306 520 759 436 689 706 161 498 473 793 453 282 648 268 303 217 502 280 672 216 404 334 683 608 197 673 289 587 633 193 193 162 75 521 273 942 798 218 628 441 586 407 686 514 601 168 519 415 461 236 670 410 315 706 599 225 292 413 405 296 172 816 408 790 307 824 165 747 638 788 415 728 311 395 366 184 681 489 494 685 263 452 261 370 659 616 615 181 568 210 698 165 693 472 617 822 285 590 262 625 596 548 602 368 315 645 574 284 504 708 423 761 250 135 493 150 665 667 679 483 297 591 617 550 561 680 73 608 641 449 138 761 263 689 505 138 102 457 182 406 390 283 512 95 505 213 644 352 367 400 469 290 334 608 402 657 413 288 682 319 488 471 377 724 280 733 273 622 388 904 443 260 495 399 543 162 496 651 733 302 211 195 427 625 647 359 309 318 327 567 659 632 233 442 826
692 703 322 865 482 774 675 298 601 977 871 500 945 235 325 386 695 419 453 824 587 972 783 607 879 749 146 321 132 404 939 494 364 0 589 593 166 704 763 99 610 500 774 749 112 819 712 392 851 567 839 543 565 402 191 513 182 696 457 764 242 567 590 939 879 561 924 375 784 729 289 456 511 435 860 520 1039 510 520 346 773 844 612 904 799 456 446 366 749 334 560 970 646 65 675 911 277 656 225 472 652 191 966 658 841 119 917 505 966 546 978 461 740 140 757 545 360 863 596 825 724 564 587 624 184 937 971 309 348 869 319 662 271 708 825 443 983 648 323 449 834 946 562 716 553 581 887 779 555 193 660 706 808 488 324 684 391 1010 949 1031 802 472 934 548 463 914 1021 315 650 931 738 401 905 605 938 550 449 455 691 510 104 364 505 200 370 587 573 616 663 31 746 822 152 694 602 458 780 180 365 906 453 352 524 251 749 355 805 459 972 27 979 89 114 698 670 797 322 754 800 904 661 569 545 672 978 891 312 420 407 372 478 541 946 148 584 973
304 460 355 789 980 936 100 784 772 552 504 483 677 367 271 521 320 213 254 859 640 861 418 108 417 222 712 325 475 317 798 513 233 589 0 818 423 852 858 582 929 425 525 913 668 772 858 241 348 611 917 597 326 876 499 411 450 566 422 781 390 514 387 661 579 98 657 377 635 744 346 200 78 158 401 225 1026 1029 140 860 350 575 484 702 483 812 186 736 327 678 244 598 459 534 873 517 378 89 642 449 178 399 873 445 912 512 919 92 755 833 818 587 874 545 223 476 288 729 616 397 823 144 570 117 602 616 447 848 375 506 340 868 390 842 325 834 870 75 821 405 656 443 713 707 473 364 642 617 342 737 882 416 887 358 286 563 319 518 618 515 408 309 454 805 750 403 540 274 751 585 428 298 828 211 675 662 249 134 496 103 639 591 257 745 285 643 28 815 326 596 286 321 523 106 773 572 750 646 478 692 473 705 629 602 865 381 848 412 466 615 1003 673 492 554 413 543 370 503 726 783 72 142 172 462 460 642 571 366 494 420 766 859 544 466 558 884
664 527 799 413 420 183 841 378 70 827 705 345 643 684 621 304 652 795 563 293 221 513 666 749 812 819 524 531 658 860 517 313 639 593 818 0 606 127 206 493 146 405 547 158 516 363 136 787 843 239 273 241 534 352 447 424 505 411 398 275 729 347 493 650 640 727 631 868 449 264 750 831 775 696 798 912 492 481 855 421 721 593 413 554 623 183 807 241 710 259 604 764 469 627 82 755 764 821 368 989 734 597 493 494 280 679 384 789 600 81 560 230 163 466 831 373 790 468 257 747 179 898 300 757 409 691 948 468 458 700 783 69 489 141 826 228 522 825 394 413 497 903 115 286 382 507 590 461 512 481 71 572 249 467 730 401 504 928 710 977 702 920 864 51 131 891 923 667 153 715 599 523 439 663 634 170 568 724 477 812 501 259 918 483 550 218 789 35 613 562 747 825 467 880 70 245 328 418 351 567 346 245 196 344 183 851 275 408 922 584 421 568 542 425 537 560 477 544 380 478 862 696 659 491 944 595 306 905 326 888 119 122 783 529 312 495
546 585 201 799 604 776 509 407 595 836 737 416 835 88 162 334 551 262 307 788 539 901 646 444 729 588 295 180 78 276 859 421 199 166 423 606 0 697 742 178 661 398 659 750 253 759 705 239 694 513 817 489 433 510 159 406 101 604 358 719 124 482 469 826 759 397 813 268 694 681 155 301 345 269 710 373 998 643 360 472 625 729 512 807 672 512 288 421 600 371 413 838 535 116 684 774 161 490 285 386 493 29 900 542 817 120 875 339 870 580 895 420 731 163 595 452 216 781 538 678 702 406 516 461 235 814 813 447 235 736 190 673 156 697 668 514 912 482 440 345 739 791 545 660 458 455 780 685 427 330 677 578 785 368 169 593 259 857 825 875 660 343 782 570 489 757 871 149 624 804 608 264 841 452 828 517 302 289 583 346 228 349 364 338 224 539 407 622 523 174 592 665 151 528 596 413 722 264 297 806 371 396 486 275 735 249 771 357 817 192 947 250 84 602 546 683 204 637 730 828 494 409 388 559 821 783 300 310 340 283 507 588 808 79 509 909
656 497 881 309 541 84 861 505 103 776 658 368 565 769 688 372 642 860 601 171 213 400 635 771 781 820 645 596 757 936 414 340 699 704 852 127 697 0 81 604 240 427 500 60 635 262 8 855 825 241 146 254 543 479 543 442 596 368 432 175 817 345 492 574 580 757 556 950 381 179 832 893 820 748 770 973 365 601 908 549 701 533 399 470 581 311 867 366 695 375 621 703 449 732 67 706 849 842 484 1073 744 684 377 474 152 781 258 836 507 206 456 286 36 571 831 380 864 377 242 719 66 948 290 777 520 625 919 596 519 653 864 80 565 20 811 355 408 848 522 450 422 872 153 213 386 511 517 397 523 605 100 548 121 493 805 360 554 887 644 940 672 991 830 178 253 866 879 738 103 654 570 572 328 675 557 194 607 774 445 861 618 349 983 607 605 210 823 94 606 674 738 809 568 902 101 297 235 535 417 485 384 365 228 452 55 934 154 442 889 697 293 686 641 384 519 508 543 502 291 377 887 720 684 466 913 522 401 984 382 974 243 243 731 624 303 378
638 470 919 237 622 107 857 580 166 729 615 380 505 810 717 410 622 885 614 91 222 322 604 770 747 805 714 626 806 968 341 356 724 763 858 206 742 81 0 663 319 434 461 100 701 195 74 883 797 252 75 270 539 558 593 447 642 336 448 113 859 343 483 516 530 761 498 987 332 132 870 917 833 766 737 995 288 682 925 627 675 485 385 407 543 389 890 438 672 442 619 651 430 787 147 662 889 839 548 1110 736 727 298 453 78 834 178 851 439 286 382 322 54 627 816 381 896 313 242 687 40 963 287 774 581 571 885 673 547 610 901 160 602 64 786 434 330 847 598 466 367 836 201 172 385 503 461 350 520 676 179 523 45 501 838 331 575 846 590 900 640 1020 793 256 326 834 835 769 119 603 541 591 252 670 497 225 621 792 417 877 682 401 1008 679 629 220 829 171 589 734 717 785 622 899 164 331 175 600 452 423 405 435 258 511 27 972 75 456 852 759 220 752 692 352 497 466 574 467 231 305 887 721 687 443 878 466 454 1019 413 1014 318 324 685 672 300 299
641 631 371 771 426 675 659 230 501 918 806 416 866 265 311 295 641 440 408 726 492 879 722 582 829 717 132 279 188 450 848 407 349 99 582 493 178 604 663 0 518 423 698 649 89 724 613 417 809 472 739 449 505 334 113 439 135 611 380 667 290 481 521 861 805 538 846 433 697 633 330 480 508 424 810 552 940 464 535 293 721 768 532 819 731 364 465 272 698 236 512 903 571 138 576 849 327 638 129 542 618 192 872 584 742 195 818 506 881 449 888 365 640 52 726 463 395 773 503 771 624 582 496 598 84 864 931 270 285 804 364 562 218 608 784 355 890 633 261 375 748 902 463 621 471 515 808 694 492 155 562 639 708 421 347 599 337 961 878 987 744 519 885 449 364 872 970 318 551 862 672 351 811 563 859 452 405 448 614 517 58 266 543 163 329 491 562 516 606 71 702 781 73 683 503 364 685 92 280 822 369 255 428 152 650 413 707 384 927 97 880 117 95 614 601 721 264 679 707 813 651 539 509 598 936 811 214 477 320 439 380 447 884 116 494 879
800 670 862 547 315 250 962 342 216 973 850 475 787 746 708 407 789 880 676 411 366 640 809 869 954 951 510 622 700 931 652 442 731 610 929 146 661 240 319 518 0 533 693 235 515 498 246 867 982 381 371 379 664 278 503 553 565 557 519 410 786 486 629 794 786 843 776 929 594 404 814 918 878 795 940 998 586 370 950 358 860 739 554 697 768 154 895 245 849 290 730 910 611 657 172 900 822 941 388 1047 861 658 618 635 380 713 493 889 740 96 694 350 267 505 962 509 863 608 401 889 304 995 443 879 437 837 1089 412 557 845 848 159 571 259 964 175 649 944 344 533 641 1045 257 429 518 641 735 606 643 460 140 714 355 591 805 546 610 1073 856 1120 844 994 1007 130 181 1032 1068 748 296 861 742 630 568 790 779 310 680 824 622 911 509 341 1000 459 649 362 901 174 750 579 883 962 512 999 216 365 467 430 451 710 467 266 331 385 292 911 394 529 1065 595 511 565 586 571 678 706 570 689 520 614 978 816 778 634 1086 740 375 970 436 944 163 73 929 581 453 618
274 208 527 415 677 511 437 514 352 510 392 60 444 435 309 163 266 463 180 446 214 511 318 346 449 417 540 230 476 559 464 92 306 500 425 405 398 427 434 423 533 0 274 488 504 382 432 467 459 185 497 172 131 572 311 21 322 206 43 369 486 98 110 439 382 330 424 590 296 330 481 491 398 335 432 566 636 737 493 592 345 344 114 409 312 451 464 405 328 354 198 483 147 489 451 438 508 417 387 710 328 373 513 161 494 515 518 417 472 438 498 184 448 371 428 60 489 385 192 384 398 529 150 353 378 440 575 607 162 388 507 448 242 416 439 487 522 423 551 53 341 535 293 297 62 115 387 286 110 534 464 225 466 66 434 196 158 579 454 617 347 602 506 403 370 515 582 365 326 440 258 168 457 257 438 240 187 359 191 443 473 242 582 541 212 217 396 397 226 483 355 436 352 477 352 169 351 423 151 409 74 375 209 330 439 579 433 41 558 512 600 540 391 204 185 298 194 255 346 434 461 294 257 174 575 391 259 614 125 624 383 473 472 359 138 523
