96
0 76 487 1069 191 905 788 573 706 1018 302 20 938 1125 487 749 511 743 440 721 885 417 1089 22 623 415 1054 683 122 590 269 1155 767 806 214 761 666 451 894 861 865 255 875 1013 417 161 1002 546 874 234 1073 775 698 900 469 383 500 890 451 67 559 763 779 668 769 519 59 291 381 820 1046 870 361 568 472 548 897 284 450 330 488 412 819 901 776 587 149 255 691 791 182 831 923 980 1000 540
76 0 555 1136 204 947 864 649 777 1087 376 91 1004 1193 556 805 579 820 500 752 926 470 1159 88 660 488 1125 759 134 666 338 1226 796 867 279 828 740 491 926 899 896 316 952 1081 482 212 1078 617 928 310 1143 845 770 946 505 418 577 967 518 121 590 796 840 724 811 558 106 311 411 855 1111 936 434 642 518 608 972 321 517 405 561 472 889 965 843 644 224 330 752 858 236 867 999 1054 1075 578
487 555 0 582 432 534 489 291 226 531 199 468 451 638 14 311 493 406 108 461 531 174 603 489 359 110 570 416 458 334 217 674 515 340 276 274 468 275 596 528 581 244 515 525 83 355 606 462 436 291 587 289 223 505 304 309 229 510 473 496 368 480 307 243 423 298 507 389 336 512 561 384 371 421 227 127 620 318 472 193 70 119 334 417 678 177 393 247 230 672 496 515 574 514 547 310
1069 1136 582 0 989 495 658 659 380 92 777 1050 132 87 583 390 932 588 641 665 528 687 97 1072 648 669 125 686 1028 687 799 190 688 302 856 308 775 729 644 566 662 820 563 65 654 929 506 872 337 865 88 304 393 441 738 801 672 521 945 1077 725 638 313 457 535 691 1089 916 825 607 55 200 885 806 676 540 736 859 944 761 594 668 265 178 975 519 970 826 400 952 1065 594 600 260 320 683
191 204 432 989 0 751 837 612 658 952 307 177 856 1055 437 631 632 775 349 549 728 302 1025 212 461 401 995 738 71 640 245 1101 592 702 185 688 744 296 722 699 692 195 903 939 349 104 1015 650 748 293 1008 716 655 754 306 219 532 909 577 253 387 594 681 551 615 361 249 106 209 653 957 788 466 654 332 449 959 132 575 346 460 324 760 813 892 476 273 280 591 901 355 665 957 946 978 380
905 947 534 495 751 0 919 789 520 537 702 885 423 582 546 243 1025 828 501 232 36 496 586 917 292 642 593 887 815 832 681 684 226 288 709 425 961 456 149 80 170 663 880 496 547 743 893 988 175 789 572 484 535 56 444 531 749 851 1007 943 373 188 319 291 136 390 948 649 543 133 440 402 903 939 433 410 1038 626 1006 712 595 525 494 377 1181 360 873 739 332 1169 985 117 935 667 733 370
788 864 489 658 837 919 0 225 399 566 530 777 591 649 476 678 374 91 595 925 931 659 603 776 834 452 556 106 829 199 594 602 976 637 652 498 161 764 1026 945 1020 650 124 597 554 735 261 306 761 561 597 444 384 872 793 787 306 163 419 754 856 933 602 656 850 786 770 837 812 948 680 562 443 249 717 593 131 765 419 491 424 598 450 604 319 629 640 560 594 295 674 946 145 414 379 797
573 649 291 659 612 789 225 0 302 577 304 559 555 680 277 547 274 170 388 750 793 448 635 563 650 231 590 131 605 43 368 668 803 534 426 407 177 555 873 799 862 425 302 594 342 510 432 217 654 341 623 374 286 750 586 570 80 320 288 546 658 765 496 502 696 587 561 613 594 791 662 504 257 156 514 411 350 541 288 265 221 387 401 547 393 456 428 335 457 384 481 792 350 473 469 601
706 777 226 380 658 520 399 302 0 316 405 687 261 423 222 279 572 308 317 547 532 380 385 705 472 294 348 374 684 339 438 449 594 242 500 106 456 460 630 548 627 471 371 318 309 580 422 519 365 490 370 77 16 473 483 514 297 350 576 706 516 548 205 269 457 455 719 609 541 555 373 204 506 458 405 252 520 540 575 385 218 337 116 247 674 268 595 454 200 659 685 551 429 289 328 459
1018 1087 531 92 952 537 566 577 316 0 720 999 120 107 530 390 850 498 603 680 566 655 72 1019 649 610 57 597 987 603 749 161 710 300 808 263 687 708 683 601 697 775 470 43 608 885 417 788 366 806 56 243 326 481 722 777 597 429 866 1021 720 659 299 444 555 679 1034 887 802 636 128 174 812 722 654 509 644 825 865 701 534 628 200 173 884 496 911 769 379 861 1001 625 507 169 231 674
302 376 199 777 307 702 530 304 405 720 0 284 648 828 195 500 381 468 201 577 692 225 790 300 468 112 754 432 306 334 65 853 631 538 121 470 446 320 736 680 714 124 597 718 155 207 715 378 627 92 775 477 397 682 350 302 224 606 342 300 440 608 506 424 576 375 313 315 321 653 759 581 223 365 302 297 653 247 340 39 187 179 520 616 619 346 194 48 426 623 297 659 650 678 699 395
20 91 468 1050 177 885 777 559 687 999 284 0 918 1106 468 729 507 730 419 702 866 397 1070 35 604 397 1035 671 110 577 250 1137 749 786 194 742 657 432 875 842 846 235 862 994 397 141 987 540 854 219 1055 756 680 880 450 365 486 876 448 76 540 744 759 648 749 500 72 275 363 801 1026 850 354 560 452 528 887 265 446 313 470 392 800 881 772 567 141 239 671 786 186 811 910 963 983 521
938 1004 451 132 856 423 591 555 261 120 648 918 0 203 453 271 828 511 509 560 451 555 185 941 531 542 177 601 896 587 668 280 590 181 725 177 689 600 567 484 579 688 514 88 522 797 490 771 250 738 168 184 275 367 611 671 558 477 836 947 604 539 185 331 435 566 959 785 695 517 112 68 768 708 547 408 686 727 835 634 467 535 153 53 899 389 842 697 270 878 939 506 560 249 315 559
1125 1193 638 87 1055 582 649 680 423 107 828 1106 203 0 637 471 950 588 706 750 615 755 46 1126 731 717 93 690 1091 703 855 109 774 382 914 366 779 803 731 653 749 880 544 116 713 990 468 887 424 913 56 350 433 528 815 874 703 501 968 1129 806 724 388 534 621 769 1141 987 898 694 141 268 918 820 750 608 714 927 968 809 641 731 307 254 969 592 1018 876 473 945 1108 681 573 235 285 762
487 556 14 583 437 546 476 277 222 530 195 468 453 637 0 321 480 392 120 475 543 186 602 489 373 100 568 402 461 320 218 671 529 347 278 275 454 288 609 541 595 248 503 525 91 358 595 449 445 287 586 288 217 516 317 320 215 499 461 494 382 494 313 255 436 312 506 398 347 526 563 386 360 407 241 140 607 326 460 187 56 130 332 420 664 190 390 244 238 658 491 528 562 509 541 324
749 805 311 390 631 243 678 547 279 390 500 729 271 471 321 0 791 587 312 297 253 335 457 757 259 421 446 643 683 589 495 552 335 90 538 195 718 348 351 268 351 494 647 360 346 593 676 750 127 592 440 255 293 203 354 425 511 621 778 774 334 284 98 81 184 303 783 546 446 281 347 219 681 699 301 204 800 498 777 501 364 339 278 218 937 161 687 543 89 925 796 275 704 476 536 294
511 579 493 932 632 1025 374 274 572 850 381 507 828 950 480 791 0 384 556 942 1024 598 905 493 835 390 859 283 594 246 440 931 997 793 471 674 213 699 1088 1021 1071 495 494 867 504 531 634 68 908 344 894 646 556 993 730 683 282 528 60 457 818 967 755 733 916 750 473 677 701 1004 936 776 167 133 674 620 438 617 61 351 429 542 675 819 265 670 369 376 703 279 351 1007 519 734 719 768
743 820 406 588 775 828 91 170 308 498 468 730 511 588 392 587 384 0 513 835 840 578 541 734 746 379 495 104 773 161 529 553 886 548 590 408 191 681 934 854 929 583 131 525 475 675 264 317 671 511 534 356 293 782 710 709 246 152 419 716 769 842 512 564 758 701 732 766 734 857 606 477 417 251 633 504 219 694 419 431 343 518 365 520 388 539 599 503 503 367 647 854 181 359 336 711
440 500 108 641 349 501 595 388 317 603 201 419 509 706 120 312 556 513 0 385 491 66 675 446 278 169 647 517 387 429 184 754 440 367 226 339 561 169 537 479 518 184 624 590 51 289 712 536 438 288 659 369 317 483 198 202 317 618 527 462 271 412 340 232 375 200 471 291 229 454 613 441 413 504 126 108 726 224 525 215 170 27 413 467 764 151 377 238 252 761 488 459 683 606 645 216
721 752 461 665 549 232 925 750 547 680 577 702 560 750 475 297 942 835 385 0 200 352 743 736 108 553 737 868 618 793 538 840 55 383 549 484 927 274 173 161 144 505 917 646 437 563 964 919 330 652 726 544 558 262 252 337 690 897 912 768 162 46 395 278 130 207 770 443 341 108 614 514 797 882 276 338 1054 436 911 598 531 401 571 507 1139 297 718 604 350 1133 830 122 976 773 833 186
885 926 531 528 728 36 931 793 532 566 692 866 451 615 543 253 1024 840 491 200 0 481 618 899 267 638 623 895 793 836 668 715 190 306 693 441 967 435 116 43 135 648 896 526 538 724 914 989 201 778 603 501 546 87 421 508 750 869 1004 925 346 155 335 292 117 367 930 625 519 98 473 426 897 941 415 405 1052 604 1003 704 594 514 514 403 1186 354 859 728 339 1175 972 82 952 692 757 347
417 470 174 687 302 496 659 448 380 655 225 397 555 755 186 335 598 578 66 352 481 0 728 427 244 222 701 579 348 489 188 809 406 401 213 392 619 107 514 465 491 167 690 639 106 258 779 583 457 301 711 427 380 485 138 136 375 685 564 448 220 385 379 253 364 152 455 232 162 432 655 488 446 556 77 147 790 171 562 248 234 61 470 511 816 175 377 252 289 815 490 440 749 667 708 170
1089 1159 603 97 1025 586 603 635 385 72 790 1070 185 46 602 457 905 541 675 743 618 728 0 1090 717 679 46 643 1059 658 820 98 770 367 880 336 733 780 734 655 750 847 498 97 680 957 425 841 421 875 17 314 394 531 793 849 660 455 923 1091 789 719 369 514 615 749 1104 960 874 692 151 245 875 775 726 581 668 898 923 770 603 700 270 238 922 568 980 839 450 898 1068 680 528 189 240 744
22 88 489 1072 212 917 776 563 705 1019 300 35 941 1126 489 757 493 734 446 736 899 427 1090 0 638 413 1054 671 144 578 272 1154 784 813 220 764 651 465 910 875 881 263 866 1015 421 174 993 529 883 227 1074 775 697 911 484 400 492 882 433 44 575 778 784 676 782 534 37 310 398 835 1050 873 346 553 484 555 883 300 431 326 487 419 819 905 757 595 136 252 698 772 160 845 912 977 996 555
623 660 359 648 461 292 834 650 472 649 468 604 531 731 373 259 835 746 278 108 267 244 717 638 0 446 705 772 526 693 430 811 163 350 443 425 827 172 274 239 249 399 835 620 330 463 893 814 334 544 700 481 481 303 155 242 587 819 804 667 85 142 351 214 158 103 670 357 251 196 602 476 688 778 168 242 965 339 802 490 429 293 514 478 1036 207 613 496 287 1032 725 207 895 721 777 82
415 488 110 669 401 642 452 231 294 610 112 397 542 717 100 421 390 379 169 553 638 222 679 413 446 0 642 363 411 269 158 741 608 447 222 365 397 329 697 633 680 206 504 609 118 308 613 367 546 196 664 367 285 615 360 338 154 508 366 412 439 577 412 353 527 369 425 386 362 613 654 476 261 335 293 232 580 314 365 92 75 161 410 513 595 283 301 160 339 593 397 617 559 566 588 385
1054 1125 570 125 995 593 556 590 348 57 754 1035 177 93 568 446 859 495 647 737 623 701 46 1054 705 642 0 597 1027 612 786 108 767 356 847 309 686 758 740 658 754 815 452 97 649 925 384 796 423 837 41 280 357 537 773 825 617 410 879 1054 774 716 353 498 612 731 1067 934 851 693 173 228 832 729 703 556 624 871 878 732 567 671 236 230 876 546 942 802 431 852 1028 682 484 144 198 727
683 759 416 686 738 887 106 131 374 597 432 671 601 690 402 643 283 104 517 868 895 579 643 671 772 363 597 0 726 97 496 658 921 616 553 480 89 685 982 904 974 554 214 622 472 635 354 214 739 457 635 434 358 844 715 701 211 245 321 648 785 881 579 609 805 714 664 743 726 902 700 561 337 151 642 530 221 672 321 392 347 517 450 605 300 572 534 458 556 284 569 901 248 463 441 727
122 134 458 1028 71 815 829 605 684 987 306 110 896 1091 461 683 594 773 387 618 793 348 1059 144 526 411 1027 726 0 629 252 1132 661 749 188 724 724 358 791 765 761 213 903 976 378 103 1021 619 803 270 1043 747 679 815 371 284 527 912 537 187 455 661 726 602 679 425 181 177 276 720 1000 828 433 630 389 492 946 189 536 342 477 360 791 855 858 524 227 270 636 869 295 732 955 969 997 445
590 666 334 687 640 832 199 43 339 603 334 577 587 703 320 589 246 161 429 793 836 489 658 578 693 269 612 97 629 0 399 686 847 574 455 445 134 596 916 842 906 456 290 622 382 537 425 185 695 361 647 408 323 792 626 608 115 313 269 558 700 809 536 546 739 629 574 646 632 835 693 539 256 120 555 454 319 575 269 295 263 427 433 582 350 499 442 361 500 341 486 835 334 489 480 643
269 338 217 799 245 681 594 368 438 749 65 250 668 855 218 495 440 529 184 538 668 188 820 272 430 158 786 496 252 399 0 888 591 543 64 491 511 271 702 652 679 58 657 743 151 149 770 440 622 114 804 506 432 666 300 243 287 664 396 282 393 572 514 416 551 332 292 250 261 621 777 600 276 430 262 290 718 182 395 104 225 157 550 632 683 335 193 67 429 687 305 628 711 719 745 352
1155 1226 674 190 1101 684 602 668 449 161 853 1137 280 109 671 552 931 553 754 840 715 809 98 1154 811 741 108 658 1132 686 888 0 868 461 950 416 745 867 832 753 848 919 487 194 754 1029 391 865 519 934 113 385 456 629 881 934 703 444 955 1153 882 817 461 606 713 839 1166 1041 959 791 246 336 918 798 812 664 650 978 955 830 666 777 341 334 920 655 1039 901 539 894 1121 779 507 196 223 835
767 796 515 688 592 226 976 803 594 710 631 749 590 774 529 335 997 886 440 55 190 406 770 784 163 608 767 921 661 847 591 868 0 417 600 527 981 325 133 147 100 557 965 674 492 611 1008 974 351 706 754 587 606 265 301 384 745 944 967 816 208 51 433 325 155 260 818 485 386 92 635 548 852 937 330 392 1105 483 966 653 586 456 612 537 1194 349 770 657 396 1187 881 108 1024 811 872 239
806 867 340 302 702 288 637 534 242 300 538 786 181 382 347 90 793 548 367 383 306 401 367 813 350 447 356 616 749 574 543 461 417 0 593 139 696 429 416 331 421 551 592 270 392 655 608 746 123 631 350 196 257 236 437 504 511 563 788 826 423 366 38 156 263 389 835 622 526 354 261 131 699 690 379 258 753 570 786 534 380 394 207 128 916 226 730 585 115 901 836 345 647 394 457 381
214 279 276 856 185 709 652 426 500 808 121 194 725 914 278 538 471 590 226 549 693 213 880 220 443 222 847 553 188 455 64 950 600 593 0 549 562 275 718 674 692 45 719 801 203 86 834 479 664 127 864 566 494 698 300 230 346 726 422 237 395 586 564 457 576 341 244 206 241 639 832 657 304 476 279 335 774 148 420 160 289 199 610 687 723 376 169 98 477 729 281 648 772 782 809 362
761 828 274 308 688 425 498 407 106 263 470 742 177 366 275 195 674 408 339 484 441 392 336 764 425 365 309 480 724 445 491 416 527 139 549 0 562 453 545 461 547 513 455 252 347 623 481 623 263 560 319 60 122 375 469 517 396 428 675 770 483 477 106 211 379 432 781 625 543 476 289 111 598 563 397 247 613 562 674 456 290 364 89 150 780 242 664 519 137 764 762 470 511 296 351 431
666 740 468 775 744 961 161 177 456 687 446 657 689 779 454 718 213 191 561 927 967 619 733 651 827 397 686 89 724 134 511 745 981 696 562 562 0 726 1050 974 1039 570 284 711 513 639 423 147 819 453 724 519 440 920 757 733 244 320 262 624 832 943 659 678 872 762 640 762 756 968 789 647 306 99 687 589 235 692 262 407 397 557 537 691 219 633 516 464 629 208 533 968 305 551 526 776
451 491 275 729 296 456 764 555 460 708 320 432 600 803 288 348 699 681 169 274 435 107 780 465 172 329 758 685 358 596 271 867 325 429 275 453 726 0 446 410 418 232 790 687 213 291 872 688 457 385 763 496 464 458 30 78 482 782 662 495 122 314 415 273 320 68 498 200 98 369 690 535 543 663 56 209 895 169 660 348 339 168 538 551 923 212 444 338 330 922 556 379 849 742 787 89
894 926 596 644 722 149 1026 873 630 683 736 875 567 731 609 351 1088 934 537 173 116 514 734 910 274 697 740 982 791 916 702 832 133 416 718 545 1050 446 0 84 34 673 998 643 588 735 1023 1059 317 816 720 606 643 203 425 510 822 973 1063 940 336 131 441 372 177 378 943 616 515 83 589 539 951 1015 440 468 1150 609 1061 753 664 557 623 518 1267 420 887 766 431 1258 999 81 1056 806 871 356
861 899 528 566 699 80 945 799 548 601 680 842 484 653 541 268 1021 854 479 161 43 465 655 875 239 633 658 904 765 842 652 753 147 331 674 461 974 410 84 0 95 629 915 562 529 701 939 989 234 764 640 521 561 127 394 481 751 889 999 904 314 115 357 296 105 342 907 595 490 55 512 455 890 944 395 401 1068 578 998 695 594 501 538 435 1192 351 842 714 350 1182 954 39 972 722 786 321
865 896 581 662 692 170 1020 862 627 697 714 846 579 749 595 351 1071 929 518 144 135 491 750 881 249 680 754 974 761 906 679 848 100 421 692 547 1039 418 34 95 0 648 997 657 569 707 1027 1044 330 793 735 607 640 221 397 481 809 973 1044 912 306 106 445 365 170 351 915 585 485 72 607 548 931 1002 416 454 1146 580 1043 733 650 536 627 529 1255 407 862 744 427 1247 974 76 1055 814 878 330
255 316 244 820 195 663 650 425 471 775 124 235 688 880 248 494 495 583 184 505 648 167 847 263 399 206 815 554 213 456 58 919 557 551 45 513 570 232 673 629 648 0 710 766 166 110 820 498 620 158 831 534 466 653 258 193 344 715 450 281 353 542 524 413 530 297 289 191 207 593 794 619 330 489 234 293 775 123 448 163 266 156 578 649 741 332 213 119 436 746 326 602 765 756 785 318
875 952 515 563 903 880 124 302 371 470 597 862 514 544 503 647 494 131 624 917 896 690 498 866 835 504 452 214 903 290 657 487 965 592 719 455 284 790 998 915 997 710 0 505 590 804 139 426 712 643 494 396 359 829 817 824 377 42 536 847 868 918 560 639 827 802 863 889 850 926 591 497 546 365 739 599 173 816 536 560 459 633 390 536 434 628 731 633 571 407 776 921 60 308 264 810
1013 1081 525 65 939 496 597 594 318 43 718 994 88 116 525 360 867 525 590 646 526 639 97 1015 620 609 97 622 976 622 743 194 674 270 801 252 711 687 643 562 657 766 505 0 599 876 458 807 327 806 80 242 330 440 699 758 608 464 880 1019 693 623 273 419 519 654 1031 870 782 598 87 152 822 741 634 492 679 811 879 701 533 616 202 141 913 476 911 767 357 890 1004 586 544 209 273 648
417 482 83 654 349 547 554 342 309 608 155 397 522 713 91 346 504 475 51 437 538 106 680 421 330 118 649 472 378 382 151 754 492 392 203 347 513 213 588 529 569 166 590 599 0 276 686 484 474 246 664 368 306 526 243 233 269 588 475 433 321 464 363 269 423 251 443 306 259 505 629 453 362 453 175 142 685 235 473 166 131 44 413 484 713 190 340 197 278 711 449 510 649 597 631 267
161 212 355 929 104 743 735 510 580 885 207 141 797 990 358 593 531 675 289 563 724 258 957 174 463 308 925 635 103 537 149 1029 611 655 86 623 639 291 735 701 707 110 804 876 276 0 920 547 716 189 941 644 576 739 310 227 431 812 478 205 402 604 629 512 607 359 207 158 229 660 902 728 364 550 310 396 856 128 476 245 373 262 689 756 789 432 185 176 541 798 283 670 857 865 893 380
1002 1078 606 506 1015 893 261 432 422 417 715 987 490 468 595 676 634 264 712 964 914 779 425 993 893 613 384 354 1021 425 770 391 1008 608 834 481 423 872 1023 939 1027 820 139 458 686 920 0 566 719 768 426 421 414 839 897 915 501 112 675 978 937 959 582 686 861 875 993 991 941 957 545 492 682 504 818 670 265 919 675 679 559 725 400 525 553 690 860 754 613 524 911 950 127 248 186 880
546 617 462 872 650 988 306 217 519 788 378 540 771 887 449 750 68 317 536 919 989 583 841 529 814 367 796 214 619 185 440 865 974 746 479 623 147 688 1059 989 1044 498 426 807 484 547 566 0 864 357 831 591 503 953 719 679 239 459 115 497 804 942 708 697 884 734 513 685 699 975 878 721 186 66 658 590 377 622 116 343 395 525 618 765 243 639 399 381 661 251 398 978 452 668 652 751
874 928 436 337 748 175 761 654 365 366 627 854 250 424 445 127 908 671 438 330 201 457 421 883 334 546 423 739 803 695 622 519 351 123 664 263 819 457 317 234 330 620 712 327 474 716 719 864 0 719 406 318 381 120 457 535 626 681 899 901 417 301 160 206 200 402 908 657 554 271 284 226 805 809 415 332 875 616 897 628 486 466 323 201 1038 287 814 671 207 1024 923 259 766 491 557 389
234 310 291 865 293 789 561 341 490 806 92 219 738 913 287 592 344 511 288 652 778 301 875 227 544 196 837 457 270 361 114 934 706 631 127 560 453 385 816 764 793 158 643 806 246 189 768 357 719 0 860 563 480 771 413 351 266 657 295 219 507 686 598 515 661 446 233 332 365 734 849 671 177 361 376 388 676 275 293 104 272 264 606 707 600 436 104 50 518 608 205 741 692 754 770 467
1073 1143 587 88 1008 572 597 623 370 56 775 1055 168 56 586 440 894 534 659 726 603 711 17 1074 700 664 41 635 1043 647 804 113 754 350 864 319 724 763 720 640 735 831 494 80 664 941 426 831 406 860 0 298 380 516 776 832 647 451 912 1076 772 703 352 497 599 732 1089 943 857 677 140 228 862 765 709 564 665 881 911 755 588 684 254 221 916 551 965 824 433 892 1054 665 526 185 240 726
775 845 289 304 716 484 444 374 77 243 477 756 184 350 288 255 646 356 369 544 501 427 314 775 481 367 280 434 747 408 506 385 587 196 566 60 519 496 606 521 607 534 396 242 368 644 421 591 318 563 298 0 91 433 515 557 374 368 652 778 536 537 165 268 440 481 790 659 583 537 296 130 584 528 440 287 557 594 651 459 291 392 44 174 735 290 668 526 194 718 761 530 451 245 296 481
698 770 223 393 655 535 384 286 16 326 397 680 275 433 217 293 556 293 317 558 546 380 394 697 481 285 357 358 679 323 432 456 606 257 494 122 440 464 643 561 640 466 359 330 306 576 414 503 381 480 380 91 0 488 487 515 283 339 561 697 523 559 220 280 469 461 710 608 542 568 387 219 493 442 409 257 506 539 560 376 210 336 128 262 658 276 585 445 213 643 674 564 418 291 327 465
900 946 505 441 754 56 872 750 473 481 682 880 367 528 516 203 993 782 483 262 87 485 531 911 303 615 537 844 815 792 666 629 265 236 698 375 920 458 203 127 221 653 829 440 526 739 839 953 120 771 516 433 488 0 449 535 714 799 978 934 387 222 270 262 145 394 940 655 549 175 386 347 876 902 428 386 989 626 976 689 563 508 442 321 1140 336 859 721 292 1127 971 160 884 611 677 376
469 505 304 738 306 444 793 586 483 722 350 450 611 815 317 354 730 710 198 252 421 138 793 484 155 360 773 715 371 626 300 881 301 437 300 469 757 30 425 394 397 258 817 699 243 310 897 719 457 413 776 515 487 449 0 87 513 808 692 515 94 293 426 281 308 55 518 205 99 350 698 548 573 693 78 230 924 185 690 379 369 199 556 561 954 227 469 367 342 953 580 362 876 761 808 74
383 418 309 801 219 531 787 570 514 777 302 365 671 874 320 425 683 709 202 337 508 136 849 400 242 338 825 701 284 608 243 934 384 504 230 517 733 78 510 481 481 193 824 758 233 227 915 679 535 351 832 557 515 535 87 0 492 820 640 432 175 379 488 348 395 141 434 121 26 437 764 605 520 661 125 270 917 99 639 336 365 191 599 623 919 282 395 310 400 921 503 449 882 800 842 161
500 577 229 672 532 749 306 80 297 597 224 486 558 703 215 511 282 246 317 690 750 375 660 492 587 154 617 211 527 115 287 703 745 511 346 396 244 482 822 751 809 344 377 608 269 431 501 239 626 266 647 374 283 714 513 492 0 390 279 478 589 709 473 458 647 518 493 532 516 739 669 501 215 193 443 354 431 461 278 186 159 313 408 543 449 402 360 257 422 444 424 741 427 512 518 533
890 967 510 521 909 851 163 320 350 429 606 876 477 501 499 621 528 152 618 897 869 685 455 882 819 508 410 245 912 313 664 444 944 563 726 428 320 782 973 889 973 715 42 464 588 812 112 459 681 657 451 368 339 799 808 820 390 0 567 865 856 897 533 619 804 791 881 890 846 902 551 463 570 396 730 587 214 817 567 570 458 629 358 501 476 612 748 644 549 449 799 896 84 266 221 798
451 518 473 945 577 1007 419 288 576 866 342 448 836 968 461 778 60 419 527 912 1004 564 923 433 804 366 879 321 537 269 396 955 967 788 422 675 262 662 1063 999 1044 450 536 880 475 478 675 115 899 295 912 652 561 978 692 640 279 567 0 397 782 939 750 716 894 716 413 627 657 979 946 780 120 171 641 599 492 570 1 315 414 510 684 823 324 649 311 331 691 340 290 983 565 759 749 734
67 121 496 1077 253 943 754 546 706 1021 300 76 947 1129 494 774 457 716 462 768 925 448 1091 44 667 412 1054 648 187 558 282 1153 816 826 237 770 624 495 940 904 912 281 847 1019 433 205 978 497 901 219 1076 778 697 934 515 432 478 865 397 0 607 809 796 694 808 563 16 349 433 864 1057 880 317 525 510 571 857 333 396 322 487 435 821 913 721 613 118 252 711 737 117 874 892 973 988 584
559 590 368 725 387 373 856 658 516 720 440 540 604 806 382 334 818 769 271 162 346 220 789 575 85 439 774 785 455 700 393 882 208 423 395 483 832 122 336 314 306 353 868 693 321 402 937 804 417 507 772 536 523 387 94 175 589 856 782 607 0 206 421 277 242 70 609 281 178 266 680 546 664 774 145 269 987 274 781 468 437 278 572 552 1035 248 564 461 347 1032 675 279 928 780 832 58
763 796 480 638 594 188 933 765 548 659 608 744 539 724 494 284 967 842 412 46 155 385 719 778 142 577 716 881 661 809 572 817 51 366 586 477 943 314 131 115 106 542 918 623 464 604 959 942 301 686 703 537 559 222 293 379 709 897 939 809 206 0 382 279 104 246 811 488 385 61 586 497 826 902 310 355 1061 478 938 627 550 430 562 486 1157 309 756 637 348 1150 868 76 977 760 821 224
779 840 307 313 681 319 602 496 205 299 506 759 185 388 313 98 755 512 340 395 335 379 369 784 351 412 353 579 726 536 514 461 433 38 564 106 659 415 441 357 445 524 560 273 363 629 582 708 160 598 352 165 220 270 426 488 473 533 750 796 421 382 0 145 281 380 806 604 512 375 277 125 663 651 363 233 719 549 749 500 344 368 181 135 878 207 699 552 89 863 803 368 616 378 438 374
668 724 243 457 551 291 656 502 269 444 424 648 331 534 255 81 733 564 232 278 292 253 514 676 214 353 498 609 602 546 416 606 325 156 457 211 678 273 372 296 365 413 639 419 269 512 686 697 206 515 497 268 280 262 281 348 458 619 716 694 277 279 145 0 195 235 702 467 370 293 417 269 614 649 223 126 782 418 715 429 303 259 300 280 896 80 608 466 74 886 718 291 698 507 563 229
769 811 423 535 615 136 850 696 457 555 576 749 435 621 436 184 916 758 375 130 117 364 615 782 158 527 612 805 679 739 551 713 155 263 576 379 872 320 177 105 170 530 827 519 423 607 861 884 200 661 599 440 469 145 308 395 647 804 894 808 242 104 281 195 0 254 813 514 408 98 484 393 785 840 298 295 975 489 892 590 489 397 462 382 1090 245 741 611 256 1080 854 96 885 657 719 234
519 558 298 691 361 390 786 587 455 679 375 500 566 769 312 303 750 701 200 207 367 152 749 534 103 369 731 714 425 629 332 839 260 389 341 432 762 68 378 342 351 297 802 654 251 359 875 734 402 446 732 481 461 394 55 141 518 791 716 563 70 246 380 235 254 0 566 261 155 300 650 504 598 704 76 204 918 237 714 401 367 209 520 515 964 191 510 399 300 962 622 311 862 727 777 21
59 106 507 1089 249 948 770 561 719 1034 313 72 959 1141 506 783 473 732 471 770 930 455 1104 37 670 425 1067 664 181 574 292 1166 818 835 244 781 640 498 943 907 915 289 863 1031 443 207 993 513 908 233 1089 790 710 940 518 434 493 881 413 16 609 811 806 702 813 566 0 347 433 867 1068 891 333 541 514 579 874 334 411 335 500 443 834 924 737 621 133 265 720 753 130 878 908 987 1003 587
291 311 389 916 106 649 837 613 609 887 315 275 785 987 398 546 677 766 291 443 625 232 960 310 357 386 934 743 177 646 250 1041 485 622 206 625 762 200 616 595 585 191 889 870 306 158 991 685 657 332 943 659 608 655 205 121 532 890 627 349 281 488 604 467 514 261 347 0 106 548 881 718 510 679 244 378 964 72 625 354 432 271 703 739 929 397 343 304 516 935 439 560 946 898 935 279
381 411 336 825 209 543 812 594 541 802 321 363 695 898 347 446 701 734 229 341 519 162 874 398 251 362 851 726 276 632 261 959 386 526 241 543 756 98 515 490 485 207 850 782 259 229 941 699 554 365 857 583 542 549 99 26 516 846 657 433 178 385 512 370 408 155 433 106 0 444 787 630 537 683 148 296 942 101 655 356 391 217 625 647 940 306 403 326 425 942 509 456 908 826 869 173
820 855 512 607 653 133 948 791 555 636 653 801 517 694 526 281 1004 857 454 108 98 432 692 835 196 613 693 902 720 835 621 791 92 354 639 476 968 369 83 55 72 593 926 598 505 660 957 975 271 734 677 537 568 175 350 437 739 902 979 864 266 61 375 293 98 300 867 548 444 0 553 482 867 932 360 385 1074 536 977 670 580 474 557 466 1185 337 807 684 355 1176 920 15 984 748 811 279
1046 1111 561 55 957 440 680 662 373 128 759 1026 112 141 563 347 936 606 613 614 473 655 151 1050 602 654 173 700 1000 693 777 246 635 261 832 289 789 690 589 512 607 794 591 87 629 902 545 878 284 849 140 296 387 386 698 764 669 551 946 1057 680 586 277 417 484 650 1068 881 787 553 0 177 880 814 639 509 765 826 945 746 579 640 262 145 994 484 953 807 366 972 1051 540 632 296 360 641
870 936 384 200 788 402 562 504 204 174 581 850 68 268 386 219 776 477 441 514 426 488 245 873 476 476 228 561 828 539 600 336 548 131 657 111 647 535 539 455 548 619 497 152 453 728 492 721 226 671 228 130 219 347 548 605 501 463 780 880 546 497 125 269 393 504 891 718 630 482 177 0 708 659 481 340 666 659 779 568 402 467 111 43 861 323 775 630 205 843 873 473 548 266 331 499
361 434 371 885 466 903 443 257 506 812 223 354 768 918 360 681 167 417 413 797 897 446 875 346 688 261 832 337 433 256 276 918 852 699 304 598 306 543 951 890 931 330 546 822 362 364 682 186 805 177 862 584 493 876 573 520 215 570 120 317 664 826 663 614 785 598 333 510 537 867 880 708 0 208 523 492 540 451 118 198 319 395 620 748 426 543 213 211 597 436 231 872 585 725 725 617
568 642 421 806 654 939 249 156 458 722 365 560 708 820 407 699 133 251 504 882 941 556 775 553 778 335 729 151 630 120 430 798 937 690 476 563 99 663 1015 944 1002 489 365 741 453 550 504 66 809 361 765 528 442 902 693 661 193 396 171 525 774 902 651 649 840 704 541 679 683 932 814 659 208 0 629 548 334 612 171 327 352 496 554 703 260 595 419 377 609 259 434 934 394 601 586 720
472 518 227 676 332 433 717 514 405 654 302 452 547 750 241 301 674 633 126 276 415 77 726 484 168 293 703 642 389 555 262 812 330 379 279 397 687 56 440 395 416 234 739 634 175 310 818 658 415 376 709 440 409 428 78 125 443 730 641 510 145 310 363 223 298 76 514 244 148 360 639 481 523 629 0 153 848 200 639 325 294 133 482 498 889 158 447 328 276 886 560 368 798 686 732 93
548 608 127 540 449 410 593 411 252 509 297 528 408 608 140 204 620 504 108 338 405 147 581 555 242 232 556 530 492 454 290 664 392 258 335 247 589 209 468 401 454 293 599 492 142 396 670 590 332 388 564 287 257 386 230 270 354 587 599 571 269 355 233 126 295 204 579 378 296 385 509 340 492 548 153 0 723 318 597 303 195 136 329 364 802 50 482 339 144 795 591 387 659 532 578 210
897 972 620 736 959 1038 131 350 520 644 653 887 686 714 607 800 438 219 726 1054 1052 790 668 883 965 580 624 221 946 319 718 650 1105 753 774 613 235 895 1150 1068 1146 775 173 679 685 856 265 377 875 676 665 557 506 989 924 917 431 214 492 857 987 1061 719 782 975 918 874 964 942 1074 765 666 540 334 848 723 0 892 493 614 555 729 556 706 294 758 747 679 718 264 768 1070 142 479 430 928
284 321 318 859 132 626 765 541 540 825 247 265 727 927 326 498 617 694 224 436 604 171 898 300 339 314 871 672 189 575 182 978 483 570 148 562 692 169 609 578 580 123 816 811 235 128 919 622 616 275 881 594 539 626 185 99 461 817 570 333 274 478 549 418 489 237 334 72 101 536 826 659 451 612 200 318 892 0 568 285 359 202 638 682 865 343 303 241 460 869 408 547 873 830 866 257
450 517 472 944 575 1006 419 288 575 865 340 446 835 968 460 777 61 419 525 911 1003 562 923 431 802 365 878 321 536 269 395 955 966 786 420 674 262 660 1061 998 1043 448 536 879 473 476 675 116 897 293 911 651 560 976 690 639 278 567 1 396 781 938 749 715 892 714 411 625 655 977 945 779 118 171 639 597 493 568 0 313 413 509 683 822 326 648 309 329 690 341 289 982 565 758 749 733
330 405 193 761 346 712 491 265 385 701 39 313 634 809 187 501 351 431 215 598 704 248 770 326 490 92 732 392 342 295 104 830 653 534 160 456 407 348 753 695 733 163 560 701 166 245 679 343 628 104 755 459 376 689 379 336 186 570 315 322 468 627 500 429 590 401 335 354 356 670 746 568 198 327 325 303 614 285 313 0 167 197 501 605 583 353 209 75 423 586 305 675 613 651 670 419
488 561 70 594 460 595 424 221 218 534 187 470 467 641 56 364 429 343 170 531 594 234 603 487 429 75 567 347 477 263 225 666 586 380 289 290 397 339 664 594 650 266 459 533 131 373 559 395 486 272 588 291 210 563 369 365 159 458 414 487 437 550 344 303 489 367 500 432 391 580 579 402 319 352 294 195 555 359 413 167 0 175 334 440 608 243 377 235 278 602 471 582 517 494 520 380
412 472 119 668 324 525 598 387 337 628 179 392 535 731 130 339 542 518 27 401 514 61 700 419 293 161 671 517 360 427 157 777 456 394 199 364 557 168 557 501 536 156 633 616 44 262 725 525 466 264 684 392 336 508 199 191 313 629 510 435 278 430 368 259 397 209 443 271 217 474 640 467 395 496 133 136 729 202 509 197 175 0 436 494 756 178 350 214 279 754 462 480 691 627 664 226
819 889 334 265 760 494 450 401 116 200 520 800 153 307 332 278 675 365 413 571 514 470 270 819 514 410 236 450 791 433 550 341 612 207 610 89 537 538 623 538 627 578 390 202 413 689 400 618 323 606 254 44 128 442 556 599 408 358 684 821 572 562 181 300 462 520 834 703 625 557 262 111 620 554 482 329 556 638 683 501 334 436 0 155 750 329 711 569 226 731 802 550 443 207 262 519
901 965 417 178 813 377 604 547 247 173 616 881 53 254 420 218 819 520 467 507 403 511 238 905 478 513 230 605 855 582 632 334 537 128 687 150 691 551 518 435 529 649 536 141 484 756 525 765 201 707 221 174 262 321 561 623 543 501 823 913 552 486 135 280 382 515 924 739 647 466 145 43 748 703 498 364 706 682 822 605 440 494 155 0 905 341 810 664 223 886 910 455 586 290 356 508
776 843 678 975 892 1181 319 393 674 884 619 772 899 969 664 937 265 388 764 1139 1186 816 922 757 1036 595 876 300 858 350 683 920 1194 916 723 780 219 923 1267 1192 1255 741 434 913 713 789 553 243 1038 600 916 735 658 1140 954 919 449 476 324 721 1035 1157 878 896 1090 964 737 929 940 1185 994 861 426 260 889 802 294 865 326 583 608 756 750 905 0 848 633 625 848 31 611 1185 426 734 697 980
587 644 177 519 476 360 629 456 268 496 346 567 389 592 190 161 670 539 151 297 354 175 568 595 207 283 546 572 524 499 335 655 349 226 376 242 633 212 420 351 407 332 628 476 190 432 690 639 287 436 551 290 276 336 227 282 402 612 649 613 248 309 207 80 245 191 621 397 306 337 484 323 543 595 158 50 758 343 648 353 243 178 329 341 848 0 528 387 118 840 638 339 688 536 586 192
149 224 393 970 273 873 640 428 595 911 194 141 842 1018 390 687 369 599 377 718 859 377 980 136 613 301 942 534 227 442 193 1039 770 730 169 664 516 444 887 842 862 213 731 911 340 185 860 399 814 104 965 668 585 859 469 395 360 748 311 118 564 756 699 608 741 510 133 343 403 807 953 775 213 419 447 482 747 303 309 209 377 350 711 810 633 528 0 146 617 646 112 816 777 857 871 531
255 330 247 826 280 739 560 335 454 769 48 239 697 876 244 543 376 503 238 604 728 252 839 252 496 160 802 458 270 361 67 901 657 585 98 519 464 338 766 714 744 119 633 767 197 176 754 381 671 50 824 526 445 721 367 310 257 644 331 252 461 637 552 466 611 399 265 304 326 684 807 630 211 377 328 339 679 241 329 75 235 214 569 664 625 387 146 0 471 631 252 691 684 725 744 419
691 752 230 400 591 332 594 457 200 379 426 671 270 473 238 89 703 503 252 350 339 289 450 698 287 339 431 556 636 500 429 539 396 115 477 137 629 330 431 350 427 436 571 357 278 541 613 661 207 518 433 194 213 292 342 400 422 549 691 711 347 348 89 74 256 300 720 516 425 355 366 205 597 609 276 144 718 460 690 423 278 279 226 223 848 118 617 471 0 837 723 351 630 434 489 297
791 858 672 952 901 1169 295 384 659 861 623 786 878 945 658 925 279 367 761 1133 1175 815 898 772 1032 593 852 284 869 341 687 894 1187 901 729 764 208 922 1258 1182 1247 746 407 890 711 798 524 251 1024 608 892 718 643 1127 953 921 444 449 340 737 1032 1150 863 886 1080 962 753 935 942 1176 972 843 436 259 886 795 264 869 341 586 602 754 731 886 31 840 646 631 837 0 629 1176 397 709 671 977
182 236 496 1065 355 985 674 481 685 1001 297 186 939 1108 491 796 351 647 488 830 972 490 1068 160 725 397 1028 569 295 486 305 1121 881 836 281 762 533 556 999 954 974 326 776 1004 449 283 911 398 923 205 1054 761 674 971 580 503 424 799 290 117 675 868 803 718 854 622 130 439 509 920 1051 873 231 434 560 591 768 408 289 305 471 462 802 910 611 638 112 252 723 629 0 928 817 934 942 643
831 867 515 594 665 117 946 792 551 625 659 811 506 681 528 275 1007 854 459 122 82 440 680 845 207 617 682 901 732 835 628 779 108 345 648 470 968 379 81 39 76 602 921 586 510 670 950 978 259 741 665 530 564 160 362 449 741 896 983 874 279 76 368 291 96 311 878 560 456 15 540 473 872 934 368 387 1070 547 982 675 582 480 550 455 1185 339 816 691 351 1176 928 0 979 739 802 290
923 999 574 600 957 935 145 350 429 507 650 910 560 573 562 704 519 181 683 976 952 749 528 912 895 559 484 248 955 334 711 507 1024 647 772 511 305 849 1056 972 1055 765 60 544 649 857 127 452 766 692 526 451 418 884 876 882 427 84 565 892 928 977 616 698 885 862 908 946 908 984 632 548 585 394 798 659 142 873 565 613 517 691 443 586 426 688 777 684 630 397 817 979 0 341 289 870
980 1054 514 260 946 667 414 473 289 169 678 963 249 235 509 476 734 359 606 773 692 667 189 977 721 566 144 463 969 489 719 196 811 394 782 296 551 742 806 722 814 756 308 209 597 865 248 668 491 754 185 245 291 611 761 800 512 266 759 973 780 760 378 507 657 727 987 898 826 748 296 266 725 601 686 532 479 830 758 651 494 627 207 290 734 536 857 725 434 709 934 739 341 0 66 727
1000 1075 547 320 978 733 379 469 328 231 699 983 315 285 541 536 719 336 645 833 757 708 240 996 777 588 198 441 997 480 745 223 872 457 809 351 526 787 871 786 878 785 264 273 631 893 186 652 557 770 240 296 327 677 808 842 518 221 749 988 832 821 438 563 719 777 1003 935 869 811 360 331 725 586 732 578 430 866 749 670 520 664 262 356 697 586 871 744 489 671 942 802 289 66 0 778
540 578 310 683 380 370 797 601 459 674 395 521 559 762 324 294 768 711 216 186 347 170 744 555 82 385 727 727 445 643 352 835 239 381 362 431 776 89 356 321 330 318 810 648 267 380 880 751 389 467 726 481 465 376 74 161 533 798 734 584 58 224 374 229 234 21 587 279 173 279 641 499 617 720 93 210 928 257 733 419 380 226 519 508 980 192 531 419 297 977 643 290 870 727 778 0
