183
0 401 325 214 623 378 418 686 382 345 338 68 467 277 491 596 198 666 570 716 188 236 570 590 257 523 551 292 605 590 318 787 679 692 474 662 415 137 513 373 495 413 391 337 564 283 214 312 170 462 734 460 387 216 105 569 353 423 469 424 261 659 477 377 497 625 227 420 533 218 664 301 359 387 250 474 472 445 760 395 261 359 312 161 419 610 436 375 179 322 73 118 505 506 325 325 276 349 377 525 492 245 344 232 542 374 125 315 199 632 325 253 124 357 585 213 26 469 519 419 386 411 321 616 504 553 158 276 626 522 211 296 304 368 446 337 238 302 312 472 320 183 378 357 483 655 296 223 345 780 398 597 253 524 303 459 362 360 626 213 195 118 396 417 287 504 185 133 203 240 406 648 470 518 432 434 366 483 597 332 528 472 526
401 0 555 598 988 345 819 1056 274 553 567 411 737 200 858 923 206 1046 899 1090 579 636 473 960 444 618 926 157 947 947 707 1122 604 949 771 915 812 519 397 512 295 167 788 681 932 122 576 570 517 823 1017 789 146 617 361 556 283 781 862 799 442 937 877 372 594 969 318 256 934 293 888 353 270 340 628 838 518 845 1069 783 596 461 261 454 759 901 736 552 242 421 370 503 699 871 677 720 382 697 536 910 557 641 684 490 848 616 385 402 417 690 433 569 380 749 973 188 376 833 852 796 704 748 171 979 500 881 482 456 819 615 236 643 210 624 300 172 315 256 640 381 620 437 706 653 483 1014 181 605 663 1124 54 704 542 467 138 759 121 760 605 434 218 360 217 590 417 873 491 283 517 304 496 792 869 879 689 827 756 851 575 529 893 619 900
325 555 0 255 805 682 505 550 665 30 654 257 181 355 688 379 428 559 359 587 412 340 407 765 110 230 443 530 413 430 501 577 465 398 221 364 426 405 391 110 763 649 519 590 748 446 480 37 464 671 461 260 451 381 426 340 643 292 439 337 113 381 509 687 210 836 237 397 554 519 351 220 644 688 249 347 235 542 515 562 153 151 312 163 247 346 711 72 338 162 272 390 180 703 209 354 180 216 91 452 230 423 194 552 298 684 450 636 150 341 648 121 222 355 719 429 322 344 319 342 180 235 393 468 293 790 174 601 303 231 326 555 354 69 389 586 239 312 585 352 104 507 192 119 279 844 376 454 151 584 520 287 89 348 531 211 451 410 385 131 362 242 657 103 610 692 144 411 508 544 168 325 568 377 133 574 532 678 366 654 720 160 702
214 598 255 0 551 581 264 471 594 285 456 187 316 435 432 396 406 453 369 501 178 84 630 511 270 485 336 505 398 377 246 578 710 526 301 500 220 199 594 354 709 627 267 347 493 476 254 222 261 416 550 265 550 131 309 586 564 213 264 210 276 482 295 576 465 581 335 546 349 428 520 378 570 591 37 260 479 300 562 307 109 373 436 172 220 428 472 327 357 358 228 193 405 448 128 128 336 151 343 313 482 171 155 369 355 474 316 502 239 596 503 134 227 152 471 418 233 255 317 205 209 214 481 402 531 537 136 438 506 486 374 317 451 255 557 552 345 429 353 551 183 345 194 210 513 589 457 215 178 569 584 537 167 574 514 286 533 179 636 236 380 244 611 357 466 437 149 347 309 447 407 558 327 305 300 322 277 422 613 471 465 413 447
623 988 805 551 0 761 320 659 824 835 473 658 815 901 132 763 787 602 743 657 438 466 1170 41 812 1034 581 839 725 668 314 843 1258 961 773 950 430 486 1123 905 929 923 288 307 59 886 415 771 473 165 939 701 1007 437 628 1136 791 615 467 558 819 903 369 736 1016 83 840 1043 369 704 995 903 806 774 557 605 1029 285 895 244 653 920 933 702 663 849 294 877 800 899 689 505 935 117 623 463 867 632 894 524 1033 397 651 508 783 434 602 655 769 1144 629 683 723 478 132 806 649 603 711 547 702 668 943 658 1079 159 669 569 1012 1036 834 344 928 794 1066 856 851 924 351 1080 719 554 682 735 1059 39 919 400 694 812 1001 1079 718 1116 857 762 978 412 1186 772 812 728 876 905 619 120 691 709 470 703 957 1083 265 626 820 233 275 139 1163 520 95 960 103
378 345 682 581 761 0 702 1043 77 695 290 436 841 428 646 973 274 1015 947 1069 462 572 773 745 587 835 908 209 979 958 557 1160 903 1068 852 1036 744 406 699 695 167 199 652 470 714 329 415 678 363 609 1112 837 459 524 274 826 61 795 807 787 589 1036 782 29 809 720 489 559 835 163 1032 561 75 12 618 841 755 715 1137 619 640 659 504 525 795 988 473 715 369 615 412 402 859 655 702 666 564 726 709 872 787 526 722 270 920 334 265 107 534 932 132 630 460 703 789 283 370 836 895 779 764 788 437 981 761 624 532 196 984 834 401 444 457 736 602 173 494 493 421 670 696 254 756 734 740 778 426 464 723 1150 390 919 624 750 223 837 424 682 881 553 352 440 141 758 146 664 556 271 332 139 706 989 732 885 803 670 601 643 850 243 677 806 696
418 819 505 264 320 702 0 401 740 535 471 424 496 682 235 455 614 355 433 414 248 192 894 278 534 729 289 696 425 373 150 570 968 646 453 633 113 310 859 611 858 807 61 279 270 701 287 468 340 241 633 381 796 202 473 844 707 295 165 240 541 590 88 686 712 373 593 805 134 584 676 642 718 714 258 291 737 37 602 125 351 635 694 435 343 535 381 576 592 622 463 322 619 248 308 151 600 314 596 234 735 182 335 435 466 461 462 601 502 835 587 385 479 159 215 630 443 288 396 229 384 348 728 373 792 368 399 515 692 730 617 280 703 483 819 732 604 686 318 816 410 449 363 421 774 359 703 238 379 545 816 766 424 838 710 442 775 95 890 500 611 491 775 599 560 230 414 540 370 594 667 765 63 319 503 95 120 226 870 508 256 652 225
686 1056 550 471 659 1043 401 0 1063 570 857 652 408 872 620 210 875 58 215 37 588 471 941 623 643 694 135 975 158 121 541 185 963 397 349 406 312 639 938 651 1179 1098 462 676 629 935 653 520 690 635 334 291 982 523 777 846 1032 275 247 261 649 341 316 1034 691 733 756 945 294 897 473 765 1040 1054 436 218 757 416 259 526 461 699 849 602 306 309 783 600 814 712 692 641 540 630 379 378 721 360 625 175 734 532 376 799 291 854 780 954 649 767 948 491 675 340 526 886 704 223 237 266 371 318 917 82 820 755 573 877 535 697 822 671 881 487 940 1024 763 846 710 900 455 793 362 431 811 694 895 600 406 152 1034 685 524 883 984 352 973 373 872 635 839 696 1082 594 915 609 566 819 732 915 705 632 422 177 451 488 521 613 864 887 630 620 593
382 274 665 594 824 77 740 1063 0 675 357 433 832 380 704 978 241 1038 952 1091 495 595 718 805 564 801 927 155 988 971 600 1169 849 1058 849 1026 772 435 643 666 117 122 693 525 774 275 456 665 400 667 1108 841 397 552 285 779 33 805 833 803 565 1031 817 107 775 786 456 501 871 165 1016 523 23 69 631 855 715 756 1140 666 640 626 457 516 801 985 540 691 337 582 402 427 838 714 708 689 531 732 682 895 749 560 726 321 919 403 285 170 515 892 200 627 445 725 842 245 369 849 901 797 764 792 383 997 715 691 528 254 963 799 363 496 407 723 545 107 460 447 477 617 691 292 758 728 695 842 375 502 722 1162 322 886 616 699 165 834 362 711 833 534 316 423 63 734 204 722 549 259 376 149 671 961 775 899 791 717 646 700 802 310 736 778 753
345 553 30 285 835 695 535 570 675 0 678 276 188 353 717 393 436 581 374 607 440 370 381 795 112 200 466 537 429 449 531 588 436 396 233 362 455 431 368 84 770 654 549 618 778 447 506 66 489 700 463 279 443 410 444 311 655 316 467 364 113 383 538 702 180 866 237 383 583 533 342 210 654 701 279 371 206 572 522 592 183 129 303 184 270 352 738 41 344 147 288 416 164 733 238 384 173 243 62 478 200 452 221 574 309 708 469 653 161 312 666 151 236 385 749 436 340 367 336 369 202 258 387 487 265 819 198 621 289 201 329 583 348 83 372 593 238 304 612 330 132 528 216 141 252 874 373 482 177 597 516 259 118 322 537 225 445 440 356 142 367 255 664 75 628 722 169 424 532 558 141 303 598 399 138 604 562 708 336 676 750 132 732
338 567 654 456 473 290 471 857 357 678 0 405 767 553 363 841 398 817 814 876 284 407 889 459 595 861 728 410 831 796 321 1004 1006 982 758 956 544 258 823 711 457 467 412 201 428 494 209 635 196 326 1004 718 632 347 265 903 326 652 610 625 600 939 559 264 836 430 550 704 605 275 972 628 342 302 490 684 809 474 1006 364 552 697 613 494 672 884 183 710 457 659 408 269 832 371 584 489 610 606 715 681 830 327 612 106 810 49 232 186 537 971 158 559 462 526 512 417 351 680 764 615 665 668 584 809 837 334 480 111 947 861 496 190 584 685 740 410 560 602 155 785 623 163 651 657 815 488 563 260 631 986 596 934 572 849 428 743 598 484 960 551 456 452 414 752 156 382 510 335 149 263 744 980 484 726 743 415 354 361 930 47 392 808 414
68 411 257 187 658 436 424 652 433 276 405 0 404 257 528 547 222 638 521 684 220 233 519 623 190 455 519 324 560 550 346 741 622 631 416 600 403 183 466 306 542 448 406 386 599 289 264 245 228 501 676 409 372 230 170 509 406 382 451 392 195 600 472 438 430 667 181 387 528 273 599 248 410 444 218 436 409 455 707 422 208 295 276 93 371 553 493 306 171 261 41 164 437 543 280 310 218 303 309 499 427 266 295 300 486 440 193 381 133 565 392 194 66 338 608 233 67 431 470 388 331 361 304 579 445 601 95 344 559 455 193 346 279 302 408 375 192 267 367 424 259 251 325 297 423 692 279 261 289 736 399 529 188 469 332 401 352 354 565 146 193 69 439 349 353 538 120 174 266 297 341 580 481 479 368 454 391 519 537 401 564 404 558
467 737 181 316 815 841 496 408 832 188 767 404 0 537 715 212 601 432 198 446 494 387 534 773 292 286 331 705 256 289 545 403 555 226 60 195 391 509 538 256 935 826 530 661 763 626 570 169 571 707 281 134 631 444 572 437 808 210 377 269 295 201 468 843 282 862 418 569 500 678 204 398 810 848 289 247 350 532 334 587 216 310 491 316 156 164 786 204 515 334 430 498 138 730 200 354 360 185 228 361 326 480 169 673 125 789 591 783 326 370 790 214 388 337 707 604 471 245 173 279 114 149 574 328 412 835 309 734 197 290 506 633 535 113 555 760 421 492 669 504 147 638 134 110 405 855 558 531 137 414 702 291 217 477 707 62 632 403 465 307 540 409 829 188 752 715 284 574 618 702 305 270 555 258 49 583 562 706 456 777 743 211 717
277 200 355 435 901 428 682 872 380 353 553 257 537 0 769 727 163 868 705 907 465 490 348 868 245 431 747 225 755 759 595 927 476 748 574 714 655 414 277 313 449 322 663 607 842 108 487 372 435 738 816 596 115 486 294 398 372 597 697 622 242 736 727 446 406 899 119 151 783 299 688 155 365 429 460 655 338 713 870 672 412 264 76 273 570 701 692 352 101 222 219 395 499 783 493 563 181 512 336 737 373 519 497 454 650 599 326 436 224 515 462 381 207 586 861 148 252 650 659 621 511 558 46 793 334 822 305 453 621 428 66 566 31 424 188 278 116 67 575 244 426 394 515 457 315 932 22 501 471 930 165 517 350 321 217 562 101 609 453 239 96 192 348 390 432 781 307 218 454 322 303 600 738 695 489 709 643 761 422 527 805 423 804
491 858 688 432 132 646 235 620 704 717 363 528 715 769 0 690 656 568 668 626 307 347 1042 102 687 917 521 711 659 607 188 798 1134 880 678 865 348 354 994 784 813 799 187 180 74 754 284 654 341 37 868 611 875 311 497 1012 671 525 398 473 693 824 307 623 898 149 709 911 327 578 904 774 686 658 443 526 906 209 836 128 538 795 802 575 570 768 203 759 668 772 557 373 828 15 517 360 738 529 774 465 912 270 547 385 699 331 472 539 642 1028 515 566 593 382 152 675 517 523 630 461 600 573 811 604 954 134 543 450 913 919 702 215 796 682 935 730 720 792 227 951 607 427 580 627 934 164 786 268 587 770 870 967 599 989 728 666 846 315 1064 646 680 597 754 789 501 18 567 578 342 578 834 978 199 555 714 140 155 9 1040 410 36 845 50
596 923 379 396 763 973 455 210 978 393 841 547 212 727 690 0 763 248 26 246 557 434 745 722 485 490 189 868 53 109 558 199 758 206 159 205 342 592 750 467 1089 992 507 691 721 806 631 356 652 694 177 137 829 494 699 644 950 188 295 224 489 146 393 970 489 825 608 776 401 815 268 600 955 982 359 166 561 484 165 573 338 520 691 474 177 102 812 415 688 540 581 588 334 703 271 359 559 247 440 242 535 518 252 762 87 851 710 898 505 558 899 358 551 325 638 771 609 169 78 235 219 185 768 141 624 823 455 834 325 493 687 674 730 311 765 921 612 690 713 716 303 741 221 270 617 801 749 582 261 204 893 475 380 689 873 168 826 385 667 488 713 573 986 401 862 685 438 721 699 836 517 421 500 136 260 550 556 682 661 861 710 419 677
198 206 428 406 787 274 614 875 241 436 398 222 601 163 656 763 0 859 738 906 373 435 511 758 324 562 742 104 780 772 501 960 638 825 623 792 614 313 440 424 334 228 582 482 730 100 372 431 314 622 880 626 234 412 159 553 224 604 667 614 324 802 675 289 536 774 215 310 732 136 778 286 221 277 440 659 480 639 920 577 426 386 234 289 590 759 551 450 96 342 184 297 598 669 501 523 291 524 441 719 512 435 514 305 697 446 186 273 277 657 299 405 214 554 767 19 175 653 688 610 545 580 187 802 487 690 309 294 723 560 126 443 194 489 349 159 220 223 444 407 465 247 542 502 467 815 168 399 502 957 214 646 388 481 110 609 201 559 609 296 78 192 229 492 270 670 325 78 321 159 432 719 663 702 557 621 550 649 579 369 692 537 696
666 1046 559 453 602 1015 355 58 1038 581 817 638 432 868 568 248 859 0 247 59 555 443 958 566 646 718 120 958 195 145 498 243 987 445 371 451 274 609 950 664 1155 1079 416 632 574 924 617 527 657 584 386 305 979 492 754 867 1007 272 209 247 652 387 268 1004 714 677 754 948 240 873 516 768 1015 1026 419 214 775 366 315 478 456 710 849 595 312 350 735 614 804 720 678 613 567 576 374 349 724 357 639 143 755 497 375 765 322 813 754 923 646 797 915 488 666 313 470 871 686 219 259 249 379 324 913 108 837 701 564 843 573 722 814 629 878 500 946 1004 761 845 668 911 459 763 367 440 827 637 890 564 411 210 1027 715 524 899 968 372 969 336 897 634 828 686 1061 612 883 556 560 800 697 889 719 669 370 182 471 438 475 561 887 850 576 642 539
570 899 359 369 743 947 433 215 952 374 814 521 198 705 668 26 738 247 0 252 530 407 732 702 463 480 176 842 58 103 533 222 749 220 141 216 320 565 734 450 1063 966 484 666 700 782 605 335 626 671 200 112 807 468 673 633 924 162 275 199 468 161 374 943 478 805 585 757 385 789 275 580 929 956 332 142 548 462 192 549 313 502 670 450 151 111 787 398 663 521 555 562 325 681 245 333 538 221 423 226 523 492 226 736 76 824 683 872 482 552 872 333 526 300 619 746 583 146 51 211 195 159 746 139 610 800 429 807 326 483 663 648 708 291 747 895 590 668 688 700 279 714 196 247 603 782 727 556 237 225 870 470 357 675 848 149 804 361 658 465 689 548 960 386 836 663 413 695 672 810 501 421 479 116 244 528 532 660 651 835 689 407 656
716 1090 587 501 657 1069 414 37 1091 607 876 684 446 907 626 246 906 59 252 0 611 497 978 622 679 731 164 1006 194 158 558 196 1000 428 387 439 332 664 975 688 1207 1128 476 692 631 968 674 556 714 643 361 328 1017 547 806 883 1059 309 267 292 685 373 327 1059 729 734 791 981 299 925 506 801 1067 1080 467 252 794 426 281 538 495 737 885 636 342 344 795 637 847 749 724 667 577 635 414 403 757 394 662 197 772 554 411 821 328 872 807 978 684 804 971 526 709 366 525 918 735 256 274 296 407 354 952 119 857 760 607 900 570 735 856 688 916 525 977 1054 798 882 727 938 491 818 398 468 848 692 930 621 443 160 1069 721 559 920 1016 390 1008 394 910 671 872 729 1111 631 939 615 600 849 754 942 743 667 429 213 489 498 535 620 902 908 634 658 596
188 579 412 178 438 462 248 588 495 440 284 220 494 465 307 557 373 555 530 611 0 123 737 403 389 638 454 449 549 516 130 723 834 702 478 678 282 61 687 495 612 559 209 178 379 466 76 385 102 280 720 434 575 64 225 716 462 368 346 343 395 656 322 450 616 447 402 604 377 336 698 468 472 474 208 402 612 269 722 207 283 498 495 276 388 601 298 479 367 471 250 76 577 323 303 210 434 324 490 413 623 66 332 211 527 297 213 367 339 750 360 299 286 248 397 390 214 397 480 334 386 385 510 533 655 386 248 289 683 639 398 143 491 427 628 484 413 485 176 644 357 208 370 387 634 472 484 42 356 708 582 699 323 686 464 463 549 220 770 346 382 290 528 515 327 318 275 296 145 347 541 729 291 445 476 248 178 299 744 306 344 573 339
236 636 340 84 466 572 192 471 595 370 407 233 387 490 347 434 435 443 407 497 123 0 710 427 349 570 336 526 425 394 163 601 793 585 364 563 180 167 670 439 712 644 186 273 409 516 197 307 222 331 599 314 605 60 312 669 563 245 238 221 356 537 241 562 550 496 401 612 297 431 589 452 572 582 99 279 563 226 599 222 192 455 501 245 268 482 398 411 403 437 272 170 486 363 189 94 411 208 428 300 566 92 219 333 408 417 310 483 313 681 478 218 286 131 391 450 260 274 358 212 275 266 536 412 613 455 209 408 582 571 426 247 510 337 627 568 411 493 286 627 263 322 257 287 595 504 511 150 251 587 629 621 252 655 538 350 585 123 720 312 423 299 620 442 444 352 228 367 267 446 491 638 252 323 377 240 192 338 697 429 380 498 363
570 473 407 630 1170 773 894 941 718 381 889 519 534 348 1042 745 511 958 732 978 737 710 0 1132 360 268 845 565 790 820 855 925 131 668 592 635 828 702 76 297 765 635 896 905 1110 444 782 443 741 1017 756 652 328 732 624 122 715 697 846 745 353 684 910 793 260 1184 343 219 959 647 581 270 706 773 637 751 184 931 838 926 549 261 278 467 649 675 1007 345 433 272 497 683 418 1058 616 748 303 624 320 859 211 773 601 785 658 932 656 785 400 271 810 513 452 756 1101 497 550 748 704 749 582 637 336 859 121 1120 501 796 495 264 395 864 318 458 174 611 333 289 883 104 512 726 596 522 130 1205 347 779 558 942 418 327 473 58 553 588 360 804 148 398 439 453 675 347 779 1051 482 558 771 671 239 424 957 776 489 950 896 1033 126 868 1078 327 1067
590 960 765 511 41 745 278 623 805 795 459 623 773 868 102 722 758 566 702 622 403 427 1132 0 774 994 541 814 685 629 277 806 1219 920 731 909 388 453 1086 866 913 901 247 282 30 856 385 730 444 139 899 659 975 399 599 1096 772 573 427 517 780 862 329 721 975 111 804 1008 331 680 954 866 787 757 516 564 990 243 856 205 613 881 898 664 622 808 286 837 768 860 654 472 894 90 581 422 829 590 854 485 993 359 610 487 742 422 575 638 731 1103 613 643 687 436 99 777 616 562 670 505 661 626 911 619 1039 166 631 550 970 995 801 318 894 752 1031 833 815 889 328 1043 678 529 640 693 1021 81 886 366 652 775 972 1038 678 1078 831 720 947 370 1147 734 781 693 856 864 601 87 652 680 444 680 918 1041 223 586 778 192 236 109 1124 506 68 919 64
257 444 110 270 812 587 534 643 564 112 595 190 292 245 687 485 324 646 463 679 389 349 360 774 0 266 526 424 515 525 499 684 446 508 329 474 474 366 326 116 657 541 536 565 753 335 445 128 417 665 572 358 344 375 347 327 544 373 501 409 6 492 555 595 240 832 126 302 606 426 455 122 543 592 279 431 223 570 625 568 199 109 206 112 337 456 678 127 231 88 190 348 274 703 276 390 77 290 123 527 237 416 270 490 406 630 375 552 58 375 567 163 136 402 741 323 246 427 420 411 274 325 283 562 267 775 143 528 399 265 216 526 245 179 302 480 129 205 551 283 188 438 281 216 247 849 266 432 236 689 410 342 124 305 424 317 342 445 381 44 254 151 552 171 530 694 121 317 456 452 152 402 597 466 244 590 537 678 355 589 722 221 709
523 618 230 485 1034 835 729 694 801 200 861 455 286 431 917 490 562 718 480 731 638 570 268 994 266 0 615 650 538 575 731 661 269 400 346 367 641 625 297 149 879 753 747 816 978 539 702 263 679 901 488 417 481 611 611 155 786 479 643 534 261 417 723 847 26 1066 346 385 763 680 314 278 783 839 477 526 105 766 571 792 381 176 359 370 426 411 934 159 466 220 456 608 155 933 423 577 271 422 148 639 65 652 400 756 404 895 640 812 324 112 829 351 401 574 944 556 512 524 459 542 363 416 448 614 153 1019 391 793 230 4 438 780 412 247 353 705 341 366 808 277 318 704 382 312 157 1073 444 681 354 680 570 86 319 218 645 346 498 633 179 309 485 415 777 129 793 922 363 573 720 706 130 175 792 543 250 802 762 908 171 855 950 79 932
551 926 443 336 581 908 289 135 927 466 728 519 331 747 521 189 742 120 176 164 454 336 845 541 526 615 0 841 145 87 418 282 882 395 271 392 187 504 834 550 1043 963 348 554 542 804 521 409 556 530 360 198 858 390 642 760 896 153 125 127 532 336 214 899 608 648 633 829 214 761 451 649 904 918 302 95 664 312 315 414 335 594 728 474 196 287 666 500 684 601 559 506 469 532 254 244 604 236 525 56 647 401 255 666 239 728 644 819 526 701 814 368 546 206 452 753 570 99 165 131 264 208 792 84 726 656 444 743 495 618 694 545 757 386 827 889 640 725 585 795 341 659 250 324 715 619 770 469 293 259 907 621 403 787 851 269 848 244 793 513 708 566 947 502 780 513 439 684 599 779 606 586 324 72 364 383 404 513 782 756 536 537 501
292 157 530 505 839 209 696 975 155 537 410 324 705 225 711 868 104 958 842 1006 449 526 565 814 424 650 841 0 884 874 572 1064 695 928 728 894 706 388 490 519 233 123 659 532 785 121 434 535 374 675 984 730 250 496 224 623 149 707 761 714 423 906 763 232 624 817 308 349 819 137 880 371 140 208 539 760 561 719 1024 646 530 476 301 394 694 863 581 548 193 432 287 374 697 723 604 616 383 627 537 817 595 515 618 335 802 459 241 247 380 739 278 510 318 649 833 100 271 755 792 709 649 684 229 903 560 727 413 299 822 647 213 495 252 593 393 56 311 292 489 463 570 285 646 606 540 864 220 470 606 1061 191 735 492 544 18 714 215 649 678 399 169 296 128 590 260 727 430 159 369 146 520 813 741 804 660 693 621 705 647 371 746 631 755
605 947 413 398 725 979 425 158 988 429 831 560 256 755 659 53 780 195 58 194 549 425 790 685 515 538 145 884 0 59 538 181 807 255 199 257 314 589 792 507 1100 1008 480 673 685 828 622 387 647 666 214 158 859 485 706 691 959 184 261 207 520 196 357 974 537 791 635 811 359 823 321 633 965 988 360 147 606 451 179 546 354 558 722 494 189 155 791 455 709 576 596 587 383 671 280 344 591 257 480 200 581 505 266 758 134 838 714 900 530 609 898 378 570 307 598 788 620 151 95 217 243 199 796 88 669 793 471 831 378 542 711 658 759 346 802 935 641 720 698 757 329 741 240 299 661 763 777 571 284 177 920 527 404 733 890 205 854 362 716 515 734 592 999 444 863 653 458 733 693 844 559 475 465 107 301 520 532 651 709 855 677 466 643
590 947 430 377 668 958 373 121 971 449 796 550 289 759 607 109 772 145 103 158 516 394 820 629 525 575 87 874 59 0 494 207 844 314 229 315 266 560 816 530 1085 998 430 630 630 826 587 400 616 615 273 170 867 451 687 726 941 167 208 173 531 254 302 951 571 735 641 826 301 806 377 646 948 968 340 116 636 398 229 496 350 579 732 492 189 211 746 478 706 593 588 560 423 618 271 307 602 249 504 144 614 468 262 727 177 800 693 874 534 652 871 378 567 269 540 781 606 122 116 181 252 201 802 39 699 741 465 803 430 579 711 618 765 366 820 924 647 729 658 779 337 714 245 312 690 707 781 535 289 193 922 570 408 762 882 232 860 318 754 520 731 588 986 473 836 599 455 720 661 825 584 524 410 72 330 468 484 599 745 821 623 500 588
318 707 501 246 314 557 150 541 600 531 321 346 545 595 188 558 501 498 533 558 130 163 855 277 499 731 418 572 538 494 0 699 945 730 516 711 230 187 809 596 716 675 95 136 255 595 143 469 201 169 732 456 706 123 348 824 566 376 294 334 505 678 237 539 711 335 527 732 285 450 743 589 578 569 261 392 718 158 716 77 355 607 622 388 412 622 254 572 498 584 378 204 649 204 345 201 552 361 587 367 724 82 375 287 548 314 331 453 454 842 438 380 410 233 267 519 344 388 488 322 431 412 640 501 765 292 355 366 742 732 528 131 620 500 754 602 537 613 169 766 426 307 412 449 746 350 614 102 411 677 711 784 412 802 588 502 680 175 876 458 513 416 639 604 412 196 379 423 224 457 646 800 175 430 538 120 49 179 852 357 223 660 213
787 1122 577 578 843 1160 570 185 1169 588 1004 741 403 927 798 199 960 243 222 196 723 601 925 806 684 661 282 1064 181 207 699 0 922 288 355 311 468 767 937 659 1282 1188 630 835 811 1005 794 555 824 809 202 334 1027 659 887 816 1140 365 407 380 688 249 490 1154 665 916 807 972 475 1005 380 798 1146 1169 541 321 743 590 106 695 534 713 889 672 369 249 949 607 886 736 776 765 507 808 461 514 757 438 631 336 713 676 446 934 279 1007 895 1079 704 710 1077 555 748 477 711 968 801 327 271 389 417 379 967 197 804 933 651 1009 459 665 886 825 929 508 958 1116 812 888 865 905 502 920 418 469 800 879 949 743 460 37 1092 629 579 870 1070 366 1025 524 831 688 911 770 1180 588 1042 788 636 914 868 1025 706 556 598 278 452 662 686 790 830 1029 810 598 773
679 604 465 710 1258 903 968 963 849 436 1006 622 555 476 1134 758 638 987 749 1000 834 793 131 1219 446 269 882 695 807 844 945 922 0 646 615 616 891 805 207 357 897 766 977 1007 1200 574 886 502 849 1112 737 684 460 822 741 125 845 742 901 794 440 673 974 922 274 1279 456 350 1018 773 554 378 836 903 710 791 231 1006 827 1013 617 338 403 559 690 675 1114 395 556 363 606 786 423 1150 674 818 404 677 373 903 237 863 654 901 672 1048 774 911 495 217 935 583 557 821 1181 625 660 789 728 801 625 679 466 883 179 1220 590 918 468 265 518 967 446 503 305 742 446 414 989 232 567 843 642 569 199 1295 477 877 608 943 549 294 544 157 684 614 491 875 90 488 564 561 807 382 903 1141 566 679 882 797 302 381 1032 811 517 1032 983 1125 101 988 1169 345 1155
692 949 398 526 961 1068 646 397 1058 396 982 631 226 748 880 206 825 445 220 428 702 585 668 920 508 400 395 928 255 314 730 288 646 0 224 35 533 724 693 443 1160 1048 693 857 916 843 778 393 787 879 91 273 832 645 798 551 1034 355 494 406 510 59 593 1069 411 1020 633 756 606 904 93 600 1036 1075 493 356 496 678 185 757 436 498 694 543 318 112 981 398 736 532 656 716 261 893 398 529 567 377 417 446 460 677 370 892 181 999 816 1008 548 430 1014 439 613 500 839 827 698 358 250 418 317 319 781 342 552 1009 535 956 177 404 724 833 742 335 734 984 634 697 871 668 372 860 331 335 552 1000 768 735 353 318 910 352 443 618 930 239 839 566 557 529 761 635 1054 365 976 876 511 800 834 928 477 270 696 337 267 741 737 871 560 995 902 353 871
474 771 221 301 773 852 453 349 849 233 758 416 60 574 678 159 623 371 141 387 478 364 592 731 329 346 271 728 199 229 516 355 615 224 0 199 345 500 593 308 955 851 491 638 723 657 554 201 562 673 259 77 672 423 580 496 823 160 324 218 333 185 418 852 342 823 454 617 446 690 227 442 826 860 270 190 408 488 298 551 214 360 533 334 109 136 762 256 542 381 446 492 198 693 175 318 401 156 281 303 385 457 146 668 76 776 596 787 355 430 792 222 409 296 661 629 482 189 113 229 92 105 613 268 470 802 321 733 240 350 537 612 574 152 605 783 458 533 650 558 158 637 107 121 462 812 595 512 130 364 739 350 235 534 732 15 671 363 525 337 567 431 850 245 755 677 300 589 610 713 359 322 510 199 102 543 528 669 516 771 704 271 677
662 915 364 500 950 1036 633 406 1026 362 956 600 195 714 865 205 792 451 216 439 678 563 635 909 474 367 392 894 257 315 711 311 616 35 199 0 520 698 659 408 1126 1014 678 836 903 809 754 361 760 863 121 255 797 622 768 519 1002 339 485 392 475 65 583 1038 377 1007 599 721 599 873 69 565 1004 1044 469 345 462 665 211 740 407 463 659 511 298 104 960 363 703 497 625 689 226 879 374 510 532 354 382 441 427 655 345 865 166 975 786 978 514 401 985 409 581 484 830 794 667 347 239 404 291 298 746 345 518 993 505 928 148 371 690 811 707 302 699 951 600 661 849 633 342 832 307 305 518 989 733 711 325 339 875 322 412 585 896 214 803 550 527 495 727 602 1021 330 947 862 480 768 808 897 442 244 685 330 234 727 719 856 529 968 888 319 858
415 812 426 220 430 744 113 312 772 455 544 403 391 655 348 342 614 274 320 332 282 180 828 388 474 641 187 706 314 266 230 468 891 533 345 520 0 338 800 536 890 824 165 367 383 691 342 389 384 352 520 271 770 220 491 766 740 185 65 128 481 476 82 732 626 486 554 763 132 609 565 591 749 755 198 178 661 145 493 231 278 567 655 389 236 421 480 496 575 561 444 344 520 361 218 92 547 218 517 137 654 222 241 490 353 542 487 650 453 743 641 315 447 72 316 628 438 175 283 117 284 242 701 271 719 480 354 569 585 643 593 359 672 393 772 748 563 648 399 758 324 490 263 328 703 469 677 289 287 446 802 671 355 770 718 334 753 62 809 447 597 463 800 513 609 343 362 547 423 623 593 662 165 207 404 208 218 339 791 575 369 562 338
137 519 405 199 486 406 310 639 435 431 258 183 509 414 354 592 313 609 565 664 61 167 702 453 366 625 504 388 589 560 187 767 805 724 500 698 338 0 648 478 553 497 271 202 427 407 80 382 62 324 750 464 522 117 163 690 402 405 400 387 372 682 382 395 601 487 361 557 437 275 713 432 412 417 234 445 589 331 758 264 293 474 450 255 419 628 311 468 314 443 206 19 578 369 328 260 402 351 476 466 603 127 355 170 555 281 152 315 312 736 310 302 249 298 455 331 163 439 514 379 407 414 457 580 627 418 233 242 690 625 347 162 441 430 583 422 372 440 185 606 366 154 393 399 606 518 432 87 373 753 524 691 319 653 402 485 494 277 746 321 327 249 466 507 276 367 262 236 109 287 519 729 353 488 485 307 237 346 719 271 391 564 390
513 397 391 594 1123 699 859 938 643 368 823 466 538 277 994 750 440 950 734 975 687 670 76 1086 326 297 834 490 792 816 809 937 207 693 593 659 800 648 0 286 689 559 856 850 1064 369 727 426 683 968 778 646 252 687 559 175 639 683 824 726 319 703 882 719 283 1134 286 142 932 576 610 220 630 698 605 739 197 894 856 882 523 240 210 426 638 688 948 338 366 239 441 628 435 1009 595 717 259 605 312 843 233 727 583 720 663 867 592 713 357 324 739 486 400 728 1062 425 491 735 702 730 571 626 261 855 144 1066 461 728 527 293 327 809 245 450 98 535 275 221 825 43 494 661 583 510 140 1158 274 728 542 951 342 368 446 83 477 587 283 771 215 358 370 398 599 349 709 1004 445 490 711 599 233 465 921 768 490 909 851 985 188 801 1030 342 1022
373 512 110 354 905 695 611 651 666 84 711 306 256 313 784 467 424 664 450 688 495 439 297 866 116 149 550 519 507 530 596 659 357 443 308 408 536 478 286 0 752 630 622 673 848 417 556 147 530 765 519 360 389 473 462 232 648 400 550 448 112 440 619 705 124 932 210 316 665 536 376 159 646 699 353 455 125 648 586 661 260 55 252 222 353 415 789 52 328 91 306 460 187 800 320 461 135 327 27 562 128 515 304 606 381 746 491 665 174 259 682 225 252 465 824 421 362 451 415 452 286 341 341 568 182 880 246 644 308 149 305 635 302 164 299 575 208 256 662 249 215 554 300 225 168 943 331 538 261 671 470 227 188 238 516 301 397 518 281 159 349 266 647 78 645 790 219 428 571 562 57 295 675 482 207 677 631 775 258 705 818 112 802
495 295 763 709 929 167 858 1179 117 770 457 542 935 449 813 1089 334 1155 1063 1207 612 712 765 913 657 879 1043 233 1100 1085 716 1282 897 1160 955 1126 890 553 689 752 0 130 810 636 882 341 573 766 517 776 1213 951 437 670 401 840 150 919 950 918 657 1135 935 193 854 887 541 546 989 281 1113 601 140 155 745 969 787 873 1249 781 750 708 524 620 912 1091 640 782 426 664 509 545 931 823 820 806 616 843 771 1012 823 678 836 434 1027 500 402 274 612 964 300 734 547 842 955 334 480 964 1012 912 873 903 440 1111 779 791 635 363 1056 877 446 609 471 824 591 177 544 516 588 670 796 409 868 834 761 945 439 620 830 1275 349 966 720 754 235 940 406 829 892 631 403 525 105 824 312 832 655 367 492 266 750 1045 891 1013 892 832 762 810 861 410 844 864 863
413 167 649 627 923 199 807 1098 122 654 467 448 826 322 799 992 228 1079 966 1128 559 644 635 901 541 753 963 123 1008 998 675 1188 766 1048 851 1014 824 497 559 630 130 0 766 618 871 214 534 656 474 762 1106 854 306 610 334 709 144 830 881 836 540 1027 877 229 728 892 420 416 933 225 997 476 128 191 662 884 659 827 1148 747 653 584 395 517 818 986 648 662 311 541 411 485 812 810 728 736 494 751 650 938 695 625 742 414 925 515 345 283 500 835 314 634 442 769 930 222 393 878 916 832 773 808 310 1027 649 798 537 359 936 750 326 585 342 713 461 75 422 387 572 539 693 374 770 729 631 944 310 574 730 1184 220 839 615 623 118 837 275 766 761 519 287 420 58 703 311 816 553 279 460 221 625 921 848 927 781 795 724 794 731 422 833 741 846
391 788 519 267 288 652 61 462 693 549 412 406 530 663 187 507 582 416 484 476 209 186 896 247 536 747 348 659 480 430 95 630 977 693 491 678 165 271 856 622 810 766 0 218 234 673 237 483 293 187 685 423 776 176 434 853 660 338 223 287 542 638 149 634 729 332 582 792 192 541 717 637 672 663 269 341 747 63 658 66 366 641 681 430 383 582 320 591 569 623 443 285 647 201 335 175 597 345 609 294 748 146 363 383 512 401 420 549 498 855 533 397 466 195 205 599 417 338 444 275 416 386 708 432 799 316 395 461 727 748 596 222 685 505 810 691 593 673 258 813 430 401 395 446 780 327 683 191 405 605 789 790 434 841 674 479 752 128 902 499 586 475 732 617 508 185 414 506 319 549 675 795 82 373 532 55 59 178 880 450 213 671 187
337 681 590 347 307 470 279 676 525 618 201 386 661 607 180 691 482 632 666 692 178 273 905 282 565 816 554 532 673 630 136 835 1007 857 638 836 367 202 850 673 636 618 218 0 253 582 122 562 171 143 864 584 708 217 323 891 492 507 431 468 571 807 367 448 794 292 563 754 409 398 863 634 506 482 372 527 788 276 852 164 456 674 649 452 538 750 124 657 505 644 408 222 752 192 463 332 604 481 668 503 800 180 493 205 677 183 296 363 513 929 341 475 452 366 318 501 360 523 620 457 549 537 647 638 829 216 426 273 854 817 541 41 636 602 782 550 574 638 48 808 530 247 531 558 808 332 623 136 524 814 696 877 501 856 549 623 678 311 946 521 515 451 574 693 324 197 453 405 163 397 717 905 284 565 648 215 158 175 919 243 214 751 227
564 932 748 493 59 714 270 629 774 778 428 599 763 842 74 721 730 574 700 631 379 409 1110 30 753 978 542 785 685 630 255 811 1200 916 723 903 383 427 1064 848 882 871 234 253 0 829 358 714 416 109 898 652 949 378 571 1077 742 566 425 511 760 859 328 690 959 105 781 984 336 651 947 844 756 727 500 560 971 238 858 186 597 861 874 643 613 804 256 820 742 840 630 446 881 61 569 410 807 579 837 486 975 337 598 456 737 392 546 608 710 1087 583 626 664 427 115 749 590 557 665 499 650 618 885 622 1020 143 610 520 960 979 775 289 869 738 1007 803 792 865 298 1021 664 500 629 680 1001 95 860 341 640 782 944 1024 661 1057 802 711 920 360 1128 713 754 669 825 849 570 60 633 652 415 650 899 1030 220 584 766 180 216 81 1105 475 38 904 46
283 122 446 476 886 329 701 935 275 447 494 289 626 108 754 806 100 924 782 968 466 516 444 856 335 539 804 121 828 826 595 1005 574 843 657 809 691 407 369 417 341 214 673 582 829 0 470 457 413 721 907 671 139 499 258 504 270 660 740 677 333 827 757 350 513 874 210 230 814 222 788 261 262 329 506 717 446 728 955 672 476 370 183 334 639 789 651 452 120 327 248 390 601 768 556 599 281 577 438 788 482 526 564 404 733 543 286 353 302 623 382 450 259 627 862 80 257 712 734 674 587 629 108 858 441 790 361 387 724 536 119 542 132 513 273 171 210 175 544 342 503 347 587 537 422 914 99 495 545 1005 116 625 425 423 110 644 104 640 558 320 96 239 240 492 357 769 371 177 421 242 410 707 753 759 579 714 644 747 527 462 791 528 794
214 576 480 254 415 415 287 653 456 506 209 264 570 487 284 631 372 617 605 674 76 197 782 385 445 702 521 434 622 587 143 794 886 778 554 754 342 80 727 556 573 534 237 122 358 470 0 454 59 251 796 510 591 137 214 771 423 443 407 415 451 732 369 398 679 411 441 633 421 308 774 512 435 426 284 475 669 300 796 213 357 554 527 334 464 677 232 544 386 523 285 99 649 298 379 280 482 400 553 477 682 120 408 149 603 221 193 313 392 814 301 371 330 317 399 391 238 470 555 405 463 461 529 602 708 338 310 228 757 702 421 81 516 499 661 461 451 517 106 685 431 163 447 462 687 445 504 52 432 778 586 766 391 734 451 539 562 280 826 401 397 329 496 582 272 298 339 294 83 314 598 800 318 517 550 261 190 276 799 235 320 639 324
312 570 37 222 771 678 468 520 665 66 635 245 169 372 654 356 431 527 335 556 385 307 443 730 128 263 409 535 387 400 469 555 502 393 201 361 389 382 426 147 766 656 483 562 714 457 454 0 442 638 450 231 472 350 415 377 642 257 403 301 132 371 472 681 245 803 252 425 517 514 354 246 643 684 214 313 272 506 499 528 117 185 334 153 215 331 683 108 345 192 265 368 197 670 173 317 203 180 128 417 267 392 158 534 278 662 437 626 156 373 637 88 220 318 683 434 312 310 292 305 149 203 412 438 330 759 155 586 314 265 337 528 373 58 420 591 256 333 559 386 68 491 159 88 316 809 394 426 116 560 538 315 63 384 537 189 470 373 422 137 370 241 660 134 599 659 127 408 487 539 205 346 532 345 126 539 499 645 402 637 687 191 668
170 517 464 261 473 363 340 690 400 489 196 228 571 435 341 652 314 657 626 714 102 222 741 444 417 679 556 374 647 616 201 824 849 787 562 760 384 62 683 530 517 474 293 171 416 413 59 442 0 308 811 525 537 166 155 737 367 464 448 443 422 744 419 349 655 463 398 583 472 249 775 472 378 374 296 502 638 356 818 272 355 523 479 309 480 690 265 524 334 489 244 73 638 355 390 312 445 413 531 516 654 163 417 110 617 220 133 265 361 790 257 363 292 350 459 333 192 497 575 435 470 475 476 634 673 386 290 186 752 679 370 130 464 491 613 401 408 469 142 642 427 108 456 461 652 501 451 102 435 809 528 748 379 695 391 547 507 321 793 372 343 288 438 564 225 356 320 236 47 256 569 788 375 545 547 320 249 334 765 209 378 621 383
462 823 671 416 165 609 241 635 667 700 326 501 707 738 37 694 622 584 671 643 280 331 1017 139 665 901 530 675 666 615 169 809 1112 879 673 863 352 324 968 765 776 762 187 143 109 721 251 638 308 0 872 608 843 291 463 991 634 524 406 474 671 825 319 585 880 167 682 882 344 541 900 749 648 621 429 528 886 219 843 122 524 774 773 553 566 769 170 741 637 749 529 343 816 48 508 354 714 522 756 474 893 249 538 348 698 295 438 501 618 1012 478 550 567 379 187 641 487 525 631 462 593 568 780 614 932 129 522 413 905 902 671 180 765 669 907 694 693 764 190 925 594 390 573 616 912 194 755 240 577 783 836 953 582 965 693 660 814 313 1044 623 649 570 717 773 464 56 546 544 306 541 814 967 214 559 704 147 145 35 1019 373 70 829 87
734 1017 461 550 939 1112 633 334 1108 463 1004 676 281 816 868 177 880 386 200 361 720 599 756 899 572 488 360 984 214 273 732 202 737 91 259 121 520 750 778 519 1213 1106 685 864 898 907 796 450 811 872 0 286 905 660 839 640 1083 357 472 399 575 80 570 1111 497 1003 698 834 574 950 184 672 1086 1120 515 343 581 661 96 750 472 574 766 593 332 123 986 471 795 605 705 743 343 881 421 531 636 398 492 415 547 688 396 920 195 1017 854 1045 607 522 1049 482 666 499 812 884 742 346 244 411 348 336 851 292 638 1000 581 988 269 492 787 844 812 394 814 1040 701 768 883 751 417 893 359 380 638 977 837 749 389 234 980 443 493 705 988 274 909 561 648 588 820 688 1108 442 1012 862 559 849 859 973 557 362 677 313 327 728 733 860 651 1021 888 437 855
460 789 260 265 701 837 381 291 841 279 718 409 134 596 611 137 626 305 112 328 434 314 652 659 358 417 198 730 158 170 456 334 684 273 77 255 271 464 646 360 951 854 423 584 652 671 510 231 525 608 286 0 701 375 563 563 813 86 247 143 363 223 342 834 410 754 477 656 369 678 294 477 818 846 229 112 469 415 299 485 201 408 565 338 46 167 707 309 552 422 443 458 273 625 137 255 434 113 334 226 450 405 115 634 93 732 575 765 372 505 767 221 414 229 586 634 471 111 62 154 84 50 638 208 532 738 317 703 316 420 553 561 601 196 649 783 483 563 600 609 170 609 84 142 522 740 619 465 126 334 761 426 246 593 736 72 696 295 595 356 577 436 848 306 730 608 302 583 573 700 414 399 436 126 166 473 464 601 584 735 635 339 606
387 146 451 550 1007 459 796 982 397 443 632 372 631 115 875 829 234 979 807 1017 575 605 328 975 344 481 858 250 859 867 706 1027 460 832 672 797 770 522 252 389 437 306 776 708 949 139 591 472 537 843 905 701 0 599 387 410 398 708 811 734 339 825 843 482 458 1000 225 110 898 362 764 233 387 457 575 766 378 827 966 783 523 335 139 386 677 795 784 434 207 300 333 503 575 889 604 678 271 623 415 850 417 631 606 540 749 680 417 492 333 546 521 491 322 701 973 215 361 761 763 734 617 665 68 902 355 920 419 526 691 477 179 667 101 520 154 289 219 139 673 235 530 481 622 560 339 1037 93 609 577 1033 92 565 458 321 235 661 35 725 459 346 194 307 349 467 497 888 419 306 550 381 364 656 852 804 581 821 754 867 429 601 911 490 912
216 617 381 131 437 524 202 523 552 410 347 230 444 486 311 494 412 492 468 547 64 60 732 399 375 611 390 496 485 451 123 659 822 645 423 622 220 117 687 473 670 610 176 217 378 499 137 350 166 291 660 375 599 0 275 701 520 305 283 279 382 598 267 512 590 458 408 617 323 391 647 467 530 535 155 338 595 229 659 194 240 484 506 264 329 542 341 451 393 461 266 125 536 327 248 146 429 267 465 350 602 41 277 276 468 357 268 431 331 722 424 262 291 184 378 428 242 333 418 269 333 326 532 468 642 409 232 353 637 611 420 188 509 386 636 534 419 498 226 644 314 271 316 341 622 473 506 89 307 643 615 666 291 678 510 408 576 159 753 335 410 300 582 484 391 319 255 339 209 404 523 689 253 381 431 224 163 302 728 370 346 541 335
