145
0 183 214 912 778 550 254 447 695 936 257 634 138 494 857 429 208 526 185 777 483 613 420 475 398 365 897 578 118 628 128 325 416 583 400 496 491 140 479 766 142 456 469 113 630 809 791 587 281 561 119 173 418 455 465 282 513 367 879 747 414 617 528 702 382 253 399 737 633 586 535 580 555 199 245 676 431 580 487 475 423 139 504 140 782 760 98 407 158 691 199 679 772 407 195 125 438 814 217 128 413 592 422 380 370 493 26 229 460 794 321 326 814 295 392 456 521 402 519 370 750 699 228 142 494 747 588 104 557 713 513 577 440 389 182 707 495 420 367 314 437 362 263 335 844
183 0 81 839 594 376 385 285 665 867 165 453 276 348 674 360 291 343 31 685 300 530 445 600 431 358 800 481 177 644 268 246 364 510 264 312 427 200 541 712 116 605 295 208 479 643 667 639 438 703 196 295 410 452 388 390 329 185 695 564 456 544 361 603 430 200 256 622 590 402 355 402 384 160 225 495 564 515 304 586 574 204 321 316 619 622 277 446 29 545 36 497 590 561 244 59 348 631 240 177 230 628 533 347 362 333 157 76 594 610 422 165 696 442 209 281 387 421 388 440 673 584 119 294 606 719 406 246 529 530 547 394 541 489 304 610 558 238 389 206 353 377 440 472 785
214 81 0 911 579 337 446 232 745 939 244 428 332 401 666 279 361 349 50 754 287 602 377 665 366 285 866 551 245 725 260 324 443 585 193 308 504 171 619 788 89 662 257 193 524 672 725 718 489 763 178 356 491 534 464 458 320 204 688 563 393 618 313 670 369 281 189 684 669 392 329 371 341 98 306 503 626 591 306 655 629 177 324 327 651 672 313 525 102 592 114 474 594 615 318 116 422 628 318 152 225 709 602 269 443 376 191 23 657 603 492 111 755 498 217 309 445 353 447 516 745 645 39 289 675 799 411 299 609 532 627 377 612 560 283 677 636 220 469 281 272 458 478 532 860
912 839 911 0 902 950 819 969 273 33 678 912 842 547 876 1172 748 754 869 170 831 308 1283 820 1269 1196 129 361 794 440 1041 598 495 330 1020 797 421 1018 614 161 948 918 921 1008 497 576 297 565 899 924 1004 811 514 491 452 766 817 762 882 796 1293 296 983 253 1265 663 1003 282 294 828 892 925 972 999 666 728 841 331 775 767 918 1020 768 1028 552 385 928 587 834 450 802 919 770 923 730 849 490 826 700 995 809 510 765 1179 555 599 899 894 855 852 744 920 263 867 778 687 493 1260 486 661 165 309 949 1052 778 248 749 853 377 775 531 858 731 732 1093 245 612 846 586 632 1154 582 985 840 91
778 594 579 902 0 270 947 387 909 935 613 160 856 455 103 625 834 267 595 740 295 687 835 1133 840 740 791 631 748 997 840 628 700 709 475 284 698 747 998 873 668 1166 335 772 419 350 607 1059 1016 1250 756 863 799 832 655 933 265 419 123 106 870 726 317 672 862 663 461 622 829 192 254 223 280 656 707 181 1109 732 296 1102 1140 753 283 904 362 518 872 894 622 453 585 116 138 1130 778 653 616 104 755 730 364 1021 1057 692 776 404 752 559 1139 63 953 477 643 1011 389 366 494 813 504 930 782 602 588 869 1124 949 217 831 826 129 958 201 1050 1006 857 681 1012 359 834 582 591 818 1032 1030 908
550 376 337 950 270 0 758 119 876 983 455 110 652 412 371 358 654 195 366 779 124 673 565 965 570 470 863 613 550 919 590 502 606 679 205 154 633 493 870 875 423 979 81 522 460 506 685 951 814 1074 506 668 692 732 586 756 132 249 391 300 600 705 50 697 592 508 192 674 793 142 57 48 22 399 549 288 933 696 176 944 949 499 182 663 501 604 648 766 406 521 380 153 341 936 601 434 539 349 586 479 179 925 894 422 655 355 525 321 964 313 784 226 722 817 217 273 465 543 473 782 800 642 336 620 966 925 217 622 763 282 851 108 895 846 600 706 886 150 704 447 325 689 813 844 929
254 385 446 819 947 758 0 671 561 836 338 823 117 562 1010 684 116 680 403 722 666 566 657 221 632 615 841 554 208 445 339 352 370 525 640 666 438 391 263 659 393 221 679 359 689 887 785 369 85 317 368 90 310 328 438 54 688 531 1030 893 643 552 746 666 610 293 635 722 524 758 730 779 768 453 253 810 180 511 651 222 192 389 664 275 856 783 183 235 356 735 378 865 908 182 170 332 437 960 199 382 594 392 169 634 279 586 268 453 210 949 87 550 798 66 562 587 565 642 559 168 675 689 470 330 239 607 736 151 441 857 323 759 192 145 389 667 276 612 234 380 691 241 166 86 737
447 285 232 969 387 119 671 0 862 1001 398 227 559 422 486 254 575 245 269 800 154 675 453 885 456 355 896 616 463 882 475 459 573 673 89 192 614 378 811 876 313 890 62 408 501 585 727 900 720 988 392 580 648 690 567 676 184 215 507 405 486 703 83 716 476 449 73 704 780 231 140 164 115 283 486 375 849 687 208 869 858 384 222 551 574 653 545 709 315 568 298 271 444 844 525 339 519 460 515 365 160 880 817 310 607 372 423 219 880 426 706 122 762 726 193 283 476 430 483 715 812 669 224 505 890 913 290 528 738 382 802 203 823 771 483 724 827 123 648 404 224 634 710 757 938
695 665 745 273 909 876 561 862 0 283 500 870 602 470 914 1022 507 696 697 257 751 222 1097 546 1078 1019 343 277 577 171 822 421 301 201 891 724 248 817 341 116 761 645 827 801 493 650 400 294 637 651 801 568 276 242 295 507 748 646 926 811 1099 182 898 269 1069 468 877 343 83 783 822 864 896 819 457 728 568 181 701 493 645 819 700 795 619 461 692 326 653 481 630 891 798 652 502 660 342 859 477 797 708 238 492 1012 324 528 687 733 581 873 481 784 387 603 671 603 422 1075 412 397 189 340 784 828 504 54 713 620 138 781 258 806 458 462 876 263 339 744 338 469 1010 338 727 572 183
936 867 939 33 935 983 836 1001 283 0 705 945 862 579 909 1203 768 787 898 203 864 337 1311 828 1296 1224 158 391 818 445 1064 624 519 357 1051 830 446 1044 624 176 975 928 954 1034 530 608 330 569 915 930 1030 831 533 508 479 782 850 794 915 829 1320 323 1016 286 1292 688 1034 316 312 861 925 958 1005 1027 690 762 851 356 808 775 928 1046 801 1050 585 419 950 603 861 483 830 953 803 934 752 876 518 859 723 1022 841 515 775 1208 576 631 923 923 864 885 759 951 296 882 810 719 525 1288 518 676 194 343 978 1075 785 252 782 875 395 808 541 891 741 744 1118 277 621 878 604 660 1185 601 1002 853 99
257 165 244 678 613 455 338 398 500 705 0 500 264 243 672 522 222 345 197 531 345 371 606 521 590 522 649 328 163 490 379 81 199 348 405 338 262 341 415 547 269 554 383 336 379 567 533 502 413 637 330 260 254 297 226 320 362 208 692 555 614 382 457 452 586 53 392 481 425 428 416 465 470 322 95 472 496 351 321 495 528 344 332 395 538 503 316 312 156 436 130 539 570 519 167 171 189 622 142 318 277 483 447 512 210 254 237 233 526 611 340 296 558 403 240 249 264 583 262 328 513 443 283 397 516 554 399 251 365 519 404 433 444 397 427 458 431 304 251 56 512 236 451 418 621
634 453 428 912 160 110 823 227 870 945 500 0 723 400 260 468 714 176 449 742 157 656 676 1021 680 580 815 597 617 933 686 533 623 669 315 163 638 592 906 854 516 1044 176 618 415 422 632 979 886 1134 602 735 717 754 591 815 138 294 281 195 710 692 159 665 702 553 301 630 788 87 99 63 123 499 596 204 993 689 183 995 1016 597 177 755 422 546 730 801 482 467 449 46 238 1004 659 512 547 240 639 576 229 947 947 533 686 342 608 409 1023 203 839 321 669 885 262 276 449 654 458 827 772 602 433 716 1017 916 163 696 769 185 878 68 945 897 701 674 922 214 740 481 435 724 894 908 902
138 276 332 842 856 652 117 559 602 862 264 723 0 504 925 567 94 592 290 724 567 562 551 338 528 502 846 538 108 512 238 303 358 526 524 572 433 278 349 687 275 330 571 247 639 831 765 458 162 431 255 38 329 359 420 144 592 436 945 809 541 556 637 658 508 233 521 705 551 664 628 676 660 336 202 730 296 516 559 337 298 276 573 193 801 749 90 290 246 692 274 767 828 285 118 220 406 877 151 267 495 470 283 519 286 519 151 340 326 862 184 438 783 166 466 505 518 535 514 242 687 670 353 236 355 652 651 34 470 774 393 661 302 251 292 661 365 510 264 316 573 264 186 201 766
494 348 401 547 455 412 562 422 470 579 243 400 504 0 486 636 447 225 373 378 289 261 776 710 766 681 479 200 406 542 607 210 248 269 475 257 243 548 552 463 464 764 375 553 136 327 325 604 643 832 543 496 349 378 199 532 280 220 503 370 794 294 440 294 771 273 458 289 387 312 356 395 433 499 310 282 696 289 235 672 743 553 231 633 297 273 559 451 358 198 315 422 372 737 396 385 162 431 364 525 262 565 633 655 334 57 471 380 724 433 540 382 356 628 232 141 54 751 61 499 391 252 436 629 693 517 246 494 373 336 505 335 620 582 649 302 565 298 395 188 614 379 691 633 519
857 674 666 876 103 371 1010 486 914 909 672 260 925 486 0 728 895 333 677 722 379 692 937 1185 941 841 757 641 817 1017 927 677 734 719 575 361 722 836 1037 865 756 1226 431 860 421 303 579 1089 1083 1305 844 929 835 864 682 991 347 492 21 118 971 732 419 662 962 720 560 604 838 274 349 323 383 748 763 205 1165 744 370 1152 1201 842 353 988 323 490 948 935 700 439 661 219 116 1192 839 732 648 55 814 819 445 1048 1109 794 817 441 831 645 1195 64 1008 568 613 1075 465 423 515 914 525 977 771 590 678 956 1172 950 274 903 845 154 991 292 1099 1057 948 670 1051 446 878 635 694 861 1106 1090 892
429 360 279 1172 625 358 684 254 1022 1203 522 468 567 636 728 0 621 495 329 1009 405 866 214 905 225 133 1115 811 506 1004 384 601 721 854 171 442 778 299 889 1059 295 880 316 335 737 838 956 991 704 987 322 600 771 813 736 708 437 415 748 656 253 887 309 924 254 561 189 925 945 485 393 406 344 232 585 630 861 863 454 904 846 303 471 472 826 890 514 800 379 805 393 508 696 829 586 383 691 708 591 303 387 985 851 82 723 595 416 289 889 671 746 253 990 723 408 510 687 195 692 782 1009 888 242 410 923 1076 544 533 888 635 904 456 867 814 362 932 905 357 746 554 33 735 662 764 1128
208 291 361 748 834 654 116 575 507 768 222 714 94 447 895 621 0 566 313 635 556 474 629 311 607 571 756 455 116 422 325 237 272 436 554 555 345 348 271 593 325 332 576 322 576 773 684 378 196 421 327 62 235 265 337 102 577 420 914 777 622 466 646 572 590 177 547 623 457 646 623 672 666 389 137 694 279 426 539 295 306 347 551 288 742 676 185 200 262 624 277 754 792 297 55 245 329 844 82 333 485 384 242 582 193 470 212 364 310 833 131 456 700 182 452 472 452 611 447 163 595 588 390 326 315 558 621 115 375 741 305 648 250 198 379 575 288 506 169 264 622 169 255 196 672
526 343 349 754 267 195 680 245 696 787 345 176 592 225 333 495 566 0 351 584 90 485 677 866 675 577 668 425 484 758 605 365 449 495 324 53 462 521 738 685 436 899 185 540 265 343 491 806 750 983 525 597 544 580 415 665 65 159 354 220 705 519 233 503 689 396 306 478 613 89 138 172 218 441 440 154 842 514 44 837 872 526 25 660 330 413 615 633 368 328 328 204 246 863 511 401 371 288 487 501 125 773 790 539 516 168 500 326 872 270 685 270 527 745 134 103 276 653 285 665 607 446 369 633 858 742 62 569 593 186 705 110 785 740 632 511 753 143 572 316 466 556 772 762 737
185 31 50 869 595 366 403 269 697 898 197 449 290 373 677 329 313 351 0 715 300 561 414 620 401 326 830 512 198 675 255 278 396 542 240 316 459 178 569 743 92 620 285 191 502 660 694 667 450 720 178 312 441 483 420 411 331 196 699 570 426 575 347 633 401 232 234 650 622 404 350 395 373 129 256 504 582 547 310 608 589 183 327 310 637 647 282 475 51 568 67 494 598 575 268 70 379 636 267 156 232 658 555 315 393 354 159 51 613 613 445 147 723 457 216 297 414 390 415 466 704 612 87 282 628 751 414 258 561 537 577 393 564 512 286 639 585 236 418 237 323 407 447 489 816
777 685 754 170 740 779 722 800 257 203 531 742 724 378 722 1009 635 584 715 0 661 163 1130 765 1116 1039 121 203 662 422 904 453 366 198 853 626 291 872 559 161 798 855 751 866 328 430 154 540 806 880 861 698 412 401 311 672 646 596 730 635 1141 169 813 84 1115 523 836 118 226 658 721 754 801 845 534 563 777 210 605 714 848 875 597 902 403 234 806 506 684 286 648 751 612 851 608 702 341 670 576 849 640 484 700 1020 444 429 761 735 796 693 657 756 133 777 610 517 325 1106 319 579 68 140 792 919 729 267 579 731 297 611 478 688 670 660 955 77 562 677 488 480 989 480 885 757 170
483 300 287 831 295 124 666 154 751 864 345 157 567 289 379 405 556 90 300 661 0 550 592 864 591 492 751 489 460 797 547 384 484 554 234 38 509 457 756 752 376 887 95 480 351 433 577 833 729 977 465 578 572 611 461 658 34 137 401 278 621 582 151 578 607 398 216 559 668 105 73 121 145 371 441 231 835 572 56 840 858 463 68 610 420 501 578 651 328 416 293 199 312 847 501 359 415 342 483 439 72 805 791 452 538 234 457 265 866 315 682 193 613 728 105 149 342 568 351 673 679 526 300 576 861 801 140 541 639 249 732 94 789 741 569 587 771 66 589 330 376 573 740 750 808
613 530 602 308 687 673 566 675 222 337 371 656 562 261 692 866 474 485 561 163 550 0 975 633 960 887 285 60 499 341 741 292 203 43 718 519 129 712 433 202 640 716 633 705 271 438 230 441 651 753 700 536 260 259 148 518 542 463 705 589 985 40 700 100 957 360 702 165 146 569 617 656 694 690 370 506 639 66 496 585 705 714 493 738 406 263 643 363 526 265 493 674 576 706 445 542 182 637 412 689 516 389 563 871 286 318 598 585 660 651 507 616 236 624 482 401 209 951 200 434 143 142 641 755 601 262 496 568 178 559 359 594 537 519 793 101 440 553 336 323 849 326 726 608 263
420 445 377 1283 835 565 657 453 1097 1311 606 676 551 776 937 214 629 677 414 1130 592 975 0 866 26 99 1243 926 529 1046 318 687 801 954 364 626 868 283 899 1153 337 817 513 307 894 1020 1101 1007 650 925 303 589 826 866 832 695 626 565 957 858 41 988 518 1047 60 630 380 1061 1027 683 594 613 554 284 640 822 816 958 633 877 782 283 651 394 1004 1045 473 827 450 962 481 718 896 765 611 438 793 913 628 301 558 1013 826 143 777 746 420 397 841 878 735 410 1132 677 567 669 822 24 825 791 1118 1023 340 331 893 1151 732 520 958 834 933 656 850 800 271 1054 915 534 783 651 248 776 583 724 1228
475 600 665 820 1133 965 221 885 546 828 521 1021 338 710 1185 905 311 866 620 765 864 633 866 0 840 831 875 643 422 386 548 508 476 590 859 860 523 610 207 660 614 105 888 576 822 1021 864 268 216 122 587 309 382 374 542 209 883 727 1204 1067 847 607 958 730 815 470 854 799 542 949 933 982 977 675 426 981 50 568 842 52 119 607 853 472 988 884 396 273 571 854 588 1060 1076 134 364 550 559 1132 381 602 794 317 76 853 380 746 490 671 40 1126 182 765 868 188 759 766 699 852 691 212 706 773 690 534 46 578 917 373 468 1031 290 954 96 128 594 729 207 816 318 551 912 333 299 142 730
398 431 366 1269 840 570 632 456 1078 1296 590 680 528 766 941 225 607 675 401 1116 591 960 26 840 0 100 1231 912 508 1025 293 671 783 939 366 624 852 262 876 1137 321 790 514 285 886 1016 1091 984 624 898 281 565 807 846 816 671 625 558 962 860 30 973 523 1034 34 612 382 1050 1010 684 596 617 559 271 621 822 791 941 631 852 756 262 649 368 999 1036 448 805 434 954 467 723 898 738 590 421 778 916 607 282 554 991 801 148 757 737 398 386 815 882 711 405 1121 652 562 663 811 30 814 768 1103 1011 330 306 868 1132 731 496 940 835 911 658 825 776 245 1040 892 531 762 637 258 756 557 699 1211
365 358 285 1196 740 470 615 355 1019 1224 522 580 502 681 841 133 571 577 326 1039 492 887 99 831 100 0 1151 836 464 979 287 604 720 869 266 526 785 224 843 1070 259 793 414 256 796 920 1006 949 621 901 247 538 753 794 747 647 526 467 862 760 130 902 423 956 123 551 282 967 947 584 496 517 460 200 565 723 784 873 534 837 759 226 552 372 904 948 434 764 367 865 394 623 798 741 546 359 706 816 559 238 458 951 784 51 704 648 359 304 810 782 686 310 1037 644 468 571 727 75 731 734 1030 929 247 308 854 1073 633 469 881 736 870 558 805 754 252 963 859 434 716 564 164 708 565 689 1143
897 800 866 129 791 863 841 896 343 158 649 815 846 479 757 1115 756 668 830 121 751 285 1243 875 1231 1151 0 321 784 514 1025 573 488 320 954 714 412 990 667 229 914 967 844 985 403 455 184 636 925 986 979 819 531 518 432 791 732 699 762 684 1257 290 901 197 1231 644 937 191 332 734 806 834 886 960 655 623 889 331 694 823 962 993 684 1023 434 273 928 621 800 347 764 818 656 965 729 820 460 710 697 967 738 580 812 1130 564 524 881 847 907 738 775 861 147 895 710 613 428 1219 423 695 169 227 904 1039 836 335 654 853 410 666 584 766 781 774 1075 191 669 773 607 597 1093 599 1005 874 192
578 481 551 361 631 613 554 616 277 391 328 597 538 200 641 811 455 425 512 203 489 60 926 643 912 836 321 0 466 381 704 252 184 78 661 458 120 669 450 262 594 719 573 664 220 400 230 471 640 764 658 516 261 270 118 510 481 405 654 535 938 95 640 124 911 324 644 167 198 509 556 596 634 641 340 450 643 103 436 596 706 672 432 707 367 241 615 369 480 225 445 615 524 705 420 498 139 586 386 646 456 422 570 818 277 257 561 533 667 597 503 560 245 615 423 340 148 902 139 437 197 135 589 720 614 320 437 540 211 504 383 534 546 523 754 129 459 493 333 276 793 321 710 604 321
118 177 245 794 748 550 208 463 577 818 163 617 108 406 817 506 116 484 198 662 460 499 529 422 508 464 784 466 0 517 247 217 299 467 438 464 374 246 383 648 211 429 470 225 542 731 685 487 268 525 227 118 301 339 351 213 485 328 837 702 527 500 538 590 495 144 432 629 514 556 523 571 559 275 128 623 386 463 451 410 399 246 465 240 702 662 153 300 148 599 170 660 721 387 82 129 328 769 99 228 388 487 357 470 252 416 110 249 416 754 247 343 706 267 359 398 425 509 422 276 633 592 273 257 430 630 543 88 439 666 406 554 367 315 301 594 400 405 254 218 506 247 291 295 725
628 644 725 440 997 919 445 882 171 445 490 933 512 542 1017 1004 422 758 675 422 797 341 1046 386 1025 979 514 381 517 0 747 423 313 305 895 776 298 762 192 287 721 488 858 740 601 779 553 124 509 484 743 474 236 193 343 391 801 674 1032 906 1042 303 932 416 1010 445 883 491 202 847 870 916 937 784 419 819 414 279 753 333 493 762 756 705 746 602 603 222 625 605 614 960 901 502 434 624 386 962 419 745 741 69 342 981 282 596 626 718 423 970 358 787 545 474 703 657 503 1026 493 277 355 479 762 748 342 193 787 537 172 873 121 865 306 322 802 412 185 775 263 478 998 271 604 436 349
128 268 260 1041 840 590 339 475 822 1064 379 686 238 607 927 384 325 605 255 904 547 741 318 548 293 287 1025 704 247 747 0 451 545 712 408 567 620 98 588 895 171 506 512 67 742 911 913 696 334 614 84 276 545 581 593 379 580 451 949 823 304 745 558 829 271 381 413 861 761 652 588 627 590 193 374 759 499 709 563 558 471 92 581 87 887 877 155 525 251 805 295 732 852 454 320 222 565 888 345 110 484 707 507 317 497 598 143 281 525 863 418 365 937 360 471 550 639 304 638 480 878 823 253 29 574 874 668 210 685 790 629 638 531 483 55 834 603 481 490 435 401 486 279 406 973
325 246 324 598 628 502 352 459 421 624 81 533 303 210 677 601 237 365 278 453 384 292 687 508 671 604 573 252 217 423 451 0 119 267 476 370 181 420 373 466 350 555 437 412 338 535 468 449 434 629 407 289 190 231 145 322 394 253 695 559 695 301 511 377 667 73 462 412 344 453 457 505 519 404 102 472 490 270 349 475 533 422 357 457 504 446 370 268 237 389 210 567 568 527 189 251 113 624 156 397 322 423 431 593 154 239 308 311 519 619 333 367 489 418 284 262 215 664 211 301 433 375 363 467 496 475 411 298 287 523 349 464 422 380 502 382 389 354 207 55 590 191 487 423 540
416 364 443 495 700 606 370 573 301 519 199 623 358 248 734 721 272 449 396 366 484 203 801 476 783 720 488 184 299 313 545 119 0 168 594 464 75 526 304 353 463 543 546 515 347 545 414 358 456 598 512 333 101 132 69 326 489 362 751 618 806 200 619 300 777 171 580 352 227 539 557 603 624 520 171 530 470 163 442 433 527 528 446 537 512 416 439 206 353 379 329 653 620 525 241 362 86 679 209 505 428 324 400 711 96 296 404 431 495 681 323 486 428 431 390 347 226 778 217 264 333 319 482 557 453 355 485 364 167 583 258 555 381 350 598 303 317 462 157 170 710 143 526 423 429
583 510 585 330 709 679 525 673 201 357 348 669 526 269 719 854 436 495 542 198 554 43 954 590 939 869 320 78 467 305 712 267 168 0 711 525 93 687 390 205 618 672 634 678 299 474 274 400 610 709 674 499 218 215 122 477 549 459 732 613 963 33 703 142 935 333 695 208 120 581 624 665 699 670 339 528 595 25 503 541 662 689 500 705 441 304 608 320 504 299 474 689 603 663 409 519 163 664 378 665 516 349 520 855 246 327 569 569 617 676 465 607 279 582 480 405 220 931 210 391 166 185 624 725 558 247 511 533 137 582 317 605 493 475 764 142 397 552 294 304 839 284 687 566 274
400 264 193 1020 475 205 640 89 891 1051 405 315 524 475 575 171 554 324 240 853 234 718 364 859 366 266 954 661 438 895 408 476 594 711 0 271 643 310 805 916 258 853 148 343 569 667 791 900 680 956 327 550 659 702 598 651 267 257 596 494 397 743 161 768 387 452 18 764 811 319 229 251 197 215 484 461 820 723 283 848 821 316 300 489 655 722 497 707 291 637 287 359 532 806 508 309 551 549 504 301 219 886 795 221 614 431 379 189 850 515 685 108 825 690 244 344 528 341 534 704 858 727 172 438 868 944 374 491 762 470 806 291 804 752 409 776 822 187 649 423 143 636 660 725 982
496 312 308 797 284 154 666 192 724 830 338 163 572 257 361 442 555 53 316 626 38 519 626 860 624 526 714 458 464 776 567 370 464 525 271 0 484 480 743 720 396 887 133 501 313 396 540 817 733 974 486 580 555 593 437 655 25 136 383 255 654 552 186 544 639 391 253 523 641 92 98 141 176 397 434 199 833 543 22 833 859 486 30 626 383 463 588 638 339 378 301 200 285 848 499 371 391 320 479 461 83 787 785 487 523 201 470 286 863 297 678 222 576 730 105 120 310 602 319 664 646 490 325 596 854 772 107 547 615 223 716 95 782 735 592 553 759 93 576 317 413 561 748 750 775
491 427 504 421 698 633 438 614 248 446 262 638 433 243 722 778 345 462 459 291 509 129 868 523 852 785 412 120 374 298 620 181 75 93 643 484 0 597 335 284 531 599 580 587 315 507 348 369 524 645 584 407 141 153 47 392 509 399 737 610 875 125 652 227 847 242 628 284 167 551 581 625 653 585 246 522 523 89 462 478 586 600 463 612 474 360 515 250 419 335 391 664 606 585 316 431 94 667 285 575 461 325 450 774 159 298 477 490 547 673 384 536 359 498 424 364 206 846 196 316 258 254 543 632 496 300 489 440 131 576 274 571 427 403 672 229 345 497 213 224 765 201 597 485 359
140 200 171 1018 747 493 391 378 817 1044 341 592 278 548 836 299 348 521 178 872 457 712 283 610 262 224 990 669 246 762 98 420 526 687 310 480 597 0 620 880 86 580 416 36 679 839 865 727 405 688 22 314 544 584 565 422 491 372 858 735 282 721 461 793 251 355 315 817 750 562 493 532 493 95 360 675 564 687 478 613 546 5 496 180 816 822 215 544 192 745 233 638 765 529 328 170 531 799 345 23 397 731 561 242 495 532 137 194 592 773 461 270 892 425 388 475 586 263 586 511 853 779 158 128 631 871 583 244 679 703 650 545 580 529 111 798 636 391 500 392 312 493 364 468 956
479 541 619 614 998 870 263 811 341 624 415 906 349 552 1037 889 271 738 569 559 756 433 899 207 876 843 667 450 383 192 588 373 304 390 805 743 335 620 0 453 594 304 799 592 647 843 664 108 320 321 598 311 203 182 364 213 768 621 1055 921 890 404 873 528 858 363 796 598 334 827 828 877 885 659 324 833 227 367 723 155 305 619 730 534 809 691 435 105 517 671 518 941 924 312 303 507 391 983 301 605 691 131 152 853 222 597 483 617 241 983 175 701 665 284 653 635 529 882 520 108 498 575 652 584 170 376 781 379 262 885 83 838 117 130 641 526 16 720 166 425 888 182 415 244 524
766 712 788 161 873 875 659 876 116 176 547 854 687 463 865 1059 593 685 743 161 752 202 1153 660 1137 1070 229 262 648 287 895 466 353 205 916 720 284 880 453 0 816 757 835 868 453 584 314 411 738 766 865 655 358 332 324 606 743 663 875 770 1159 173 902 203 1130 524 900 268 136 767 818 857 896 870 522 692 680 197 698 607 756 882 694 877 554 388 776 426 703 426 676 869 752 761 579 715 368 812 551 858 718 355 603 1058 402 519 755 773 694 831 583 812 294 706 683 603 410 1130 401 500 97 276 827 904 619 108 692 701 218 743 370 794 570 570 949 194 452 754 428 507 1044 425 826 678 78
142 116 89 948 668 423 393 313 761 975 269 516 275 464 756 295 325 436 92 798 376 640 337 614 321 259 914 594 211 721 171 350 463 618 258 396 531 86 594 816 0 599 343 104 594 752 783 698 424 704 89 306 494 535 495 413 409 285 777 652 344 652 395 717 317 292 258 738 690 481 417 458 425 64 306 590 572 620 393 610 566 91 411 239 729 738 239 509 114 660 151 562 681 550 292 100 458 717 302 65 313 696 557 260 444 446 124 110 601 692 450 196 811 437 302 388 503 315 505 487 782 699 88 200 629 815 499 241 622 620 614 466 571 519 197 723 611 310 459 317 299 450 401 476 890
456 605 662 918 1166 979 221 890 645 928 554 1044 330 764 1226 880 332 899 620 855 887 716 817 105 790 793 967 719 429 488 506 555 543 672 853 887 599 580 304 757 599 0 899 545 884 1083 945 373 175 108 558 310 457 457 612 234 909 751 1246 1108 794 692 966 814 763 506 850 880 635 978 952 1000 989 655 463 1024 77 652 871 155 34 576 884 423 1051 958 365 352 575 921 599 1086 1121 51 388 550 622 1175 412 576 815 420 155 820 446 794 475 671 65 1165 223 768 952 163 783 803 759 806 752 282 798 852 682 487 151 679 954 362 558 1072 387 980 187 196 546 814 306 834 386 591 890 400 234 136 829
469 295 257 921 335 81 679 62 827 954 383 176 571 375 431 316 576 185 285 751 95 633 513 888 514 414 844 573 470 858 512 437 546 634 148 133 580 416 799 835 343 899 0 444 445 523 672 884 733 995 427 588 627 668 533 678 123 184 453 345 544 663 73 668 533 436 132 652 744 170 82 115 89 323 476 313 855 649 150 868 869 422 164 583 513 596 567 696 325 511 300 222 383 856 524 353 486 403 511 401 119 860 817 370 589 322 444 240 885 370 707 147 707 737 156 234 429 489 436 708 766 618 258 541 889 877 228 542 708 321 784 143 820 770 525 676 815 83 634 382 286 619 732 765 894
113 208 193 1008 772 522 359 408 801 1034 336 618 247 553 860 335 322 540 191 866 480 705 307 576 285 256 985 664 225 740 67 412 515 678 343 501 587 36 592 868 104 545 444 0 686 851 865 700 370 652 16 284 526 565 557 391 513 387 881 756 301 712 491 788 270 345 347 816 736 585 520 559 523 127 346 694 530 677 497 581 510 31 516 145 827 826 180 520 195 751 238 665 786 494 306 169 525 821 325 43 417 706 528 276 477 541 115 215 557 796 431 297 891 390 406 488 588 289 588 484 844 778 186 97 598 855 603 214 663 724 626 570 549 498 96 794 608 414 478 390 348 472 328 434 944
630 479 524 497 419 460 689 501 493 530 379 415 639 136 421 737 576 265 502 328 351 271 894 822 886 796 403 220 542 601 742 338 347 299 569 313 315 679 647 453 594 884 445 686 0 199 226 683 773 945 676 628 445 466 283 655 330 328 433 318 914 311 499 254 893 406 551 215 417 331 402 431 482 623 440 239 813 324 295 780 865 684 283 770 167 153 695 553 491 68 448 423 304 860 527 519 262 366 495 657 349 637 746 766 441 148 607 502 840 380 660 488 262 755 330 227 125 869 132 609 364 188 557 764 800 531 252 629 429 290 589 363 728 695 783 263 658 382 503 324 712 488 824 756 492
809 643 672 576 350 506 887 585 650 608 567 422 831 327 303 838 773 343 660 430 433 438 1020 1021 1016 920 455 400 731 779 911 535 545 474 667 396 507 839 843 584 752 1083 523 851 199 0 280 871 970 1144 838 823 642 661 480 855 401 468 307 247 1046 478 554 383 1029 600 649 316 583 364 456 464 527 770 636 219 1013 500 386 979 1064 844 369 949 33 196 881 751 660 174 616 408 211 1060 723 691 462 258 691 817 462 823 945 883 641 316 784 649 1040 291 860 610 312 953 457 363 324 995 331 809 487 311 699 936 998 678 295 819 611 242 780 398 927 895 947 391 853 486 703 515 809 688 1018 955 600
791 667 725 297 607 685 785 727 400 330 533 632 765 325 579 956 684 491 694 154 577 230 1101 864 1091 1006 184 230 685 553 913 468 414 274 791 540 348 865 664 314 783 945 672 865 226 280 0 663 871 984 857 744 488 490 347 740 556 542 585 501 1118 260 725 137 1094 541 773 65 350 553 628 654 708 822 563 439 869 296 521 815 934 869 509 925 255 89 837 593 673 165 632 634 474 933 646 696 358 529 613 842 572 609 794 979 507 361 771 704 891 556 733 704 36 845 548 447 280 1076 278 663 218 95 760 931 832 417 473 764 404 482 588 585 768 748 959 141 670 606 561 477 933 550 939 834 321
587 639 718 565 1059 951 369 900 294 569 502 979 458 604 1089 991 378 806 667 540 833 441 1007 268 984 949 636 471 487 124 696 449 358 400 900 817 369 727 108 411 698 373 884 700 683 871 663 0 420 360 705 419 261 226 406 320 842 702 1105 975 998 405 957 525 966 451 890 599 315 896 906 954 967 762 416 887 303 375 796 218 382 726 801 642 838 704 544 192 615 696 613 1010 974 392 405 608 442 1034 400 711 771 56 236 958 295 654 590 715 307 1038 282 794 659 384 733 703 574 989 564 216 474 583 752 692 223 317 844 487 262 940 100 910 200 230 750 522 93 802 251 503 989 265 516 341 473
281 438 489 899 1016 814 85 720 637 915 413 886 162 643 1083 704 196 750 450 806 729 651 650 216 624 621 925 640 268 509 334 434 456 610 680 733 524 405 320 738 424 175 733 370 773 970 871 420 0 282 382 153 394 409 524 134 754 597 1103 966 631 636 798 751 599 372 677 807 605 825 791 838 822 479 333 885 166 595 719 236 142 401 733 256 939 868 190 312 408 819 436 928 983 126 248 381 522 1033 279 401 657 451 193 646 365 665 301 500 190 1020 156 598 883 36 627 660 648 638 643 240 758 775 507 318 249 681 808 192 522 930 390 823 225 190 379 752 331 672 318 459 715 326 95 82 815
561 703 763 924 1250 1074 317 988 651 930 637 1134 431 832 1305 987 421 983 720 880 977 753 925 122 898 901 986 764 525 484 614 629 598 709 956 974 645 688 321 766 704 108 995 652 945 1144 984 360 282 0 665 408 505 495 665 319 997 840 1324 1187 902 725 1064 849 870 587 952 918 655 1065 1044 1093 1085 761 543 1101 141 687 958 168 142 684 969 531 1111 1006 472 395 673 977 694 1175 1197 160 475 650 682 1253 496 683 906 414 199 928 503 868 579 771 111 1246 297 867 986 266 872 885 821 914 813 335 819 894 785 595 151 678 1035 465 584 1151 402 1068 218 250 654 847 318 926 441 670 997 456 341 231 833
119 196 178 1004 756 506 368 392 801 1030 330 602 255 543 844 322 327 525 178 861 465 700 303 587 281 247 979 658 227 743 84 407 512 674 327 486 584 22 598 865 89 558 427 16 676 838 857 705 382 665 0 291 527 566 552 400 498 374 866 741 299 708 475 782 268 341 331 809 735 570 504 543 506 111 344 679 541 673 483 591 523 20 501 162 815 816 192 524 185 741 228 648 771 507 308 160 519 806 326 26 402 710 538 265 477 530 117 199 569 781 439 281 884 402 392 475 579 284 579 489 840 770 169 113 608 854 588 222 662 709 630 554 558 507 108 788 614 398 481 383 334 474 343 445 942
173 295 356 811 863 668 90 580 568 831 260 735 38 496 929 600 62 597 312 698 578 536 589 309 565 538 819 516 118 474 276 289 333 499 550 580 407 314 311 655 306 310 588 284 628 823 744 419 153 408 291 0 297 325 397 108 602 444 949 813 579 529 656 634 546 223 545 683 519 673 642 690 678 368 187 732 270 488 566 304 280 312 580 230 792 733 128 253 265 678 288 778 830 269 100 241 387 880 133 302 506 431 251 554 256 514 183 363 300 867 147 459 761 149 475 507 505 572 500 203 658 649 380 274 323 617 655 69 437 777 355 672 267 215 330 636 326 523 229 309 605 230 197 177 734
418 410 491 514 799 692 310 648 276 533 254 717 329 349 835 771 235 544 441 412 572 260 826 382 807 753 531 261 301 236 545 190 101 218 659 555 141 544 203 358 494 457 627 526 445 642 488 261 394 505 527 297 0 42 162 259 580 444 852 719 826 243 701 360 796 210 647 423 221 634 646 693 709 555 188 631 382 201 534 337 445 545 539 520 609 502 418 109 392 473 379 748 721 445 225 394 187 780 201 525 512 233 308 751 49 396 411 483 405 781 246 551 496 364 474 441 326 805 317 175 365 394 529 552 356 329 583 345 141 684 161 648 286 261 600 361 216 545 76 245 763 68 474 347 436
455 452 534 491 832 732 328 690 242 508 297 754 359 378 864 813 265 580 483 401 611 259 866 374 846 794 518 270 339 193 581 231 132 215 702 593 153 584 182 332 535 457 668 565 466 661 490 226 409 495 566 325 42 0 184 275 618 484 881 749 865 236 742 357 835 252 689 424 196 670 684 732 749 596 229 661 379 195 571 327 448 584 576 552 627 511 449 104 434 488 421 784 749 449 261 436 216 809 239 564 553 193 304 793 90 428 449 526 401 812 256 593 495 378 514 478 351 845 342 178 350 398 571 586 344 293 617 377 113 714 126 685 278 260 636 357 192 585 96 286 806 95 494 356 410
465 388 464 452 655 586 438 567 295 479 226 591 420 199 682 736 337 415 420 311 461 148 832 542 816 747 432 118 351 343 593 145 69 122 598 437 47 565 364 324 495 612 533 557 283 480 347 406 524 665 552 397 162 184 0 395 462 352 698 568 840 156 605 239 812 212 583 286 213 505 534 578 605 548 224 480 538 127 415 499 596 568 416 592 447 347 498 271 382 311 352 618 567 594 302 397 47 627 269 543 414 366 467 734 165 253 450 449 563 631 392 491 363 500 377 317 167 809 158 331 287 251 503 607 518 346 444 423 178 534 309 524 447 418 645 243 375 450 225 183 721 211 592 492 396
282 390 458 766 933 756 54 676 507 782 320 815 144 532 991 708 102 665 411 672 658 518 695 209 671 647 791 510 213 391 379 322 326 477 651 655 392 422 213 606 413 234 678 391 655 855 740 320 134 319 400 108 259 275 395 0 678 521 1011 874 683 503 748 618 650 271 645 676 471 746 725 774 768 476 228 789 177 461 639 197 211 420 651 321 823 742 224 181 362 698 378 855 886 205 156 342 398 940 178 411 587 340 144 662 233 560 292 462 208 931 39 556 752 105 553 569 530 679 524 114 624 645 485 373 217 553 719 178 389 837 270 749 158 106 431 619 227 608 183 356 712 192 220 101 683
513 329 320 817 265 132 688 184 748 850 362 138 592 280 347 437 577 65 331 646 34 542 626 883 625 526 732 481 485 801 580 394 489 549 267 25 509 491 768 743 409 909 123 513 330 401 556 842 754 997 498 602 580 618 462 678 0 157 368 244 655 575 168 564 641 415 249 542 665 73 75 116 154 405 458 196 856 567 47 857 881 497 49 641 390 477 606 663 356 393 320 177 277 870 522 388 416 308 502 472 99 812 809 485 548 224 487 298 886 283 701 228 592 751 126 145 333 602 342 688 668 509 334 609 878 796 107 567 640 214 741 71 806 759 603 573 783 100 601 342 407 586 767 772 797
367 185 204 762 419 249 531 215 646 794 208 294 436 220 492 415 420 159 196 596 137 463 565 727 558 467 699 405 328 674 451 253 362 459 257 136 399 372 621 663 285 751 184 387 328 468 542 702 597 840 374 444 444 484 352 521 157 0 513 380 587 489 258 511 566 261 240 510 564 228 207 257 265 302 304 309 699 472 122 702 723 377 138 502 447 480 456 517 209 397 168 334 404 713 365 241 304 447 345 351 69 677 653 438 406 181 341 181 729 428 545 162 575 594 32 105 272 541 277 536 602 472 232 478 724 698 221 412 524 345 602 228 652 604 482 519 637 101 455 198 394 440 614 615 726
879 695 688 882 123 391 1030 507 926 915 692 281 945 503 21 748 914 354 699 730 401 705 957 1204 962 862 762 654 837 1032 949 695 751 732 596 383 737 858 1055 875 777 1246 453 881 433 307 585 1105 1103 1324 866 949 852 881 698 1011 368 513 0 137 992 745 439 672 983 739 581 612 851 296 370 344 403 770 782 223 1184 757 391 1170 1221 864 374 1009 329 497 969 953 721 449 682 239 131 1212 859 753 664 71 833 840 466 1063 1127 814 835 459 853 667 1214 85 1027 590 618 1095 486 443 531 935 541 996 780 599 700 977 1191 961 294 923 860 173 1007 313 1117 1076 969 680 1068 467 895 654 714 879 1127 1110 900
747 564 563 796 106 300 893 405 811 829 555 195 809 370 118 656 777 220 570 635 278 589 858 1067 860 760 684 535 702 906 823 559 618 613 494 255 610 735 921 770 652 1108 345 756 318 247 501 975 966 1187 741 813 719 749 568 874 244 380 137 0 890 628 350 568 879 602 477 517 733 177 264 252 316 650 645 88 1047 637 260 1034 1083 740 242 880 257 411 836 818 589 348 548 169 42 1075 722 621 533 67 696 716 338 935 991 715 700 324 721 541 1077 63 890 472 537 958 354 306 403 835 413 860 678 498 579 851 1055 849 159 788 735 36 876 202 981 939 847 577 934 344 760 517 624 744 992 973 803
414 456 393 1293 870 600 643 486 1099 1320 614 710 541 794 971 253 622 705 426 1141 621 985 41 847 30 130 1257 938 527 1042 304 695 806 963 397 654 875 282 890 1159 344 794 544 301 914 1046 1118 998 631 902 299 579 826 865 840 683 655 587 992 890 0 997 553 1060 32 635 412 1076 1031 714 626 647 589 297 642 852 798 965 660 861 760 281 679 374 1029 1064 459 821 458 983 492 753 928 743 608 444 803 946 626 302 583 1007 811 178 777 766 416 414 822 912 723 435 1148 660 591 692 838 58 840 782 1127 1038 358 314 876 1153 761 510 961 865 927 688 836 787 253 1066 906 561 780 661 286 774 560 707 1234
617 544 618 296 726 705 552 703 182 323 382 692 556 294 732 887 466 519 575 169 582 40 988 607 973 902 290 95 500 303 745 301 200 33 743 552 125 721 404 173 652 692 663 712 311 478 260 405 636 725 708 529 243 236 156 503 575 489 745 628 997 0 731 123 969 366 727 195 106 604 650 690 727 704 371 545 615 41 529 557 684 723 526 737 445 299 640 340 538 304 508 711 616 685 441 553 196 677 409 698 545 353 539 888 274 352 603 603 635 691 489 639 261 608 510 432 243 965 234 413 133 177 658 758 573 224 533 564 144 598 328 629 511 496 797 122 410 582 319 338 871 310 715 590 241
528 361 313 983 317 50 746 83 898 1016 457 159 637 440 419 309 646 233 347 813 151 700 518 958 523 423 901 640 538 932 558 511 619 703 161 186 652 461 873 902 395 966 73 491 499 554 725 957 798 1064 475 656 701 742 605 748 168 258 439 350 553 731 0 730 546 510 150 710 815 190 99 98 36 366 549 336 924 719 207 939 935 466 216 634 548 646 626 769 391 562 369 200 391 922 595 417 557 399 583 448 191 934 888 375 663 385 504 299 954 362 777 202 761 803 229 299 494 495 502 781 831 677 307 588 961 948 263 606 780 333 858 156 892 841 565 739 889 157 708 456 275 693 792 833 959
702 603 670 253 672 697 666 716 269 286 452 665 658 294 662 924 572 503 633 84 578 100 1047 730 1034 956 197 124 590 416 829 377 300 142 768 544 227 793 528 203 717 814 668 788 254 383 137 525 751 849 782 634 360 357 239 618 564 511 672 568 1060 123 730 0 1033 448 751 75 213 579 640 674 719 763 463 493 737 162 522 681 805 796 515 831 353 191 737 462 603 222 567 676 549 805 540 622 264 609 507 770 556 471 661 936 386 345 685 652 758 628 607 671 137 724 526 433 240 1023 234 534 110 72 708 844 697 295 501 662 267 543 451 608 634 618 879 8 534 592 436 400 905 426 825 708 237
382 430 369 1265 862 592 610 476 1069 1292 586 702 508 771 962 254 590 689 401 1115 607 957 60 815 34 123 1231 911 495 1010 271 667 777 935 387 639 847 251 858 1130 317 763 533 270 893 1029 1094 966 599 870 268 546 796 835 812 650 641 566 983 879 32 969 546 1033 0 606 402 1052 1002 702 616 639 582 272 612 838 765 936 644 829 729 250 663 342 1011 1042 427 790 431 961 466 746 916 711 576 415 775 936 595 272 566 975 778 174 746 744 385 391 789 903 690 418 1124 627 572 672 814 64 816 750 1100 1013 335 281 844 1123 746 478 931 853 895 677 803 755 221 1040 873 546 749 634 286 743 529 675 1206
253 200 281 663 663 508 293 449 468 688 53 553 233 273 720 561 177 396 232 523 398 360 630 470 612 551 644 324 144 445 381 73 171 333 452 391 242 355 363 524 292 506 436 345 406 600 541 451 372 587 341 223 210 252 212 271 415 261 739 602 635 366 510 448 606 0 440 485 397 479 469 518 523 351 43 518 446 332 373 442 481 357 383 384 570 519 296 260 185 459 169 591 615 473 124 192 185 669 94 334 330 434 395 545 163 293 237 273 476 659 289 344 563 359 294 298 285 608 281 274 499 448 319 395 463 522 448 226 330 566 354 486 391 344 432 453 379 357 199 87 553 185 418 370 600
399 256 189 1003 461 192 635 73 877 1034 392 301 521 458 560 189 547 306 234 836 216 702 380 854 382 282 937 644 432 883 413 462 580 695 18 253 628 315 796 900 258 850 132 347 551 649 773 890 677 952 331 545 647 689 583 645 249 240 581 477 412 727 150 751 402 440 0 746 796 302 213 237 186 220 474 444 815 707 265 842 818 320 281 492 636 704 496 697 284 619 277 345 516 803 500 303 536 534 496 305 201 875 789 238 603 413 377 183 846 500 678 96 807 687 226 326 511 357 517 696 842 709 171 443 862 929 356 488 748 454 795 275 797 745 416 759 812 169 638 409 161 625 660 721 965
737 622 684 282 622 674 722 704 343 316 481 630 705 289 604 925 623 478 650 118 559 165 1061 799 1050 967 191 167 629 491 861 412 352 208 764 523 284 817 598 268 738 880 652 816 215 316 65 599 807 918 809 683 423 424 286 676 542 510 612 517 1076 195 710 75 1052 485 746 0 289 547 616 646 696 779 505 447 803 231 503 750 868 821 493 870 287 120 780 528 626 168 587 637 494 868 587 648 301 552 553 794 546 546 728 944 443 333 718 664 825 575 668 672 77 782 520 421 240 1037 236 598 170 38 721 878 767 365 468 706 340 494 523 578 702 683 909 80 605 582 497 426 903 485 878 769 288
633 590 669 294 829 793 524 780 83 312 425 788 551 387 838 945 457 613 622 226 668 146 1027 542 1010 947 332 198 514 202 761 344 227 120 811 641 167 750 334 136 690 635 744 736 417 583 350 315 605 655 735 519 221 196 213 471 665 564 851 733 1031 106 815 213 1002 397 796 289 0 700 739 781 813 747 390 648 557 98 618 490 631 752 617 741 551 401 640 294 580 411 555 809 722 635 444 589 260 783 417 729 625 259 480 938 266 445 623 656 574 795 450 704 344 573 588 520 340 1005 330 368 164 278 708 770 504 133 631 566 83 702 252 723 449 443 815 209 337 661 292 391 932 289 691 547 214
