99
0 813 732 112 877 1005 104 918 399 904 262 727 814 946 663 527 416 514 590 743 654 1011 853 341 42 475 1073 929 772 471 571 334 800 492 259 921 887 1011 59 331 786 704 257 697 911 300 623 1291 621 686 888 218 844 315 955 991 460 1190 1193 368 791 317 891 1153 526 363 851 810 1121 37 316 806 502 965 1003 1073 279 628 420 472 566 1020 863 244 956 1018 743 587 182 773 948 246 991 953 130 670 247 1194 345
813 0 343 701 850 245 890 157 492 256 559 111 481 209 150 507 405 336 693 478 305 413 455 519 804 372 260 499 506 389 627 696 196 321 669 537 111 198 758 513 81 419 557 269 565 599 495 515 536 414 78 650 217 661 225 192 603 404 409 479 378 669 582 364 596 520 580 554 351 845 688 112 682 259 260 265 533 549 414 408 477 429 109 760 240 279 662 635 725 420 336 571 193 235 684 397 693 464 572
732 343 0 638 1095 356 775 308 333 596 547 380 769 298 293 245 352 249 870 743 541 754 759 569 707 475 518 224 164 499 806 767 161 338 505 240 452 476 693 548 261 675 524 532 869 647 184 817 745 663 399 656 548 723 567 506 736 704 711 368 66 474 878 666 759 588 864 215 671 770 751 239 826 286 339 549 493 759 478 527 665 769 452 788 582 616 899 819 583 703 675 548 394 578 608 640 723 794 399
112 701 638 0 817 897 204 809 311 794 152 615 718 839 552 451 309 410 528 648 546 904 754 237 114 365 962 843 693 362 498 281 695 381 213 839 775 899 57 224 676 605 145 588 818 213 546 1179 534 587 776 135 734 250 843 879 384 1079 1081 269 699 275 801 1041 449 263 762 735 1009 144 260 697 441 860 896 961 168 543 309 366 472 914 751 218 844 907 668 515 160 674 840 134 881 842 34 569 191 1083 272
877 850 1095 817 0 1084 978 1005 947 671 727 753 383 1058 810 1082 824 886 289 371 560 615 430 635 908 642 988 1308 1241 620 329 542 1014 782 991 1333 811 942 830 662 907 432 762 584 350 613 1143 983 353 440 868 682 664 568 761 878 441 948 945 885 1155 1042 317 933 383 602 295 1295 875 876 561 945 376 1109 1104 949 777 339 666 592 437 609 785 636 745 787 196 312 970 434 629 745 1010 747 838 461 632 841 979
1005 245 356 897 1084 0 1070 92 636 435 768 355 705 61 361 592 588 493 938 713 549 568 669 745 990 604 194 390 480 623 872 931 216 521 820 437 276 186 955 734 228 658 758 511 775 827 540 493 780 654 216 868 423 893 361 248 846 388 396 644 346 802 797 356 841 750 802 511 382 1040 921 200 926 78 29 240 731 792 639 645 722 583 299 986 380 378 900 879 888 649 505 777 84 376 875 639 918 512 713
104 890 775 204 978 1070 0 985 443 997 355 810 917 1009 740 551 486 576 693 846 750 1108 956 440 89 568 1151 957 793 566 676 437 859 569 274 945 971 1089 161 428 856 806 343 792 1014 404 645 1378 725 788 967 322 936 419 1044 1073 565 1276 1279 425 830 321 995 1238 630 464 955 826 1209 102 419 873 605 1024 1065 1153 361 732 512 570 669 1118 948 342 1046 1107 847 691 193 875 1044 337 1062 1043 210 771 351 1286 376
918 157 308 809 1005 92 985 0 557 376 678 266 631 53 269 528 501 410 850 633 462 521 599 653 904 512 210 395 452 531 784 838 150 431 741 439 211 173 867 642 136 576 669 427 708 735 488 511 693 571 147 777 354 801 314 218 754 399 406 561 314 728 728 363 751 658 729 490 375 953 829 112 836 106 103 243 642 706 547 552 633 536 230 894 332 345 818 791 807 572 451 687 87 327 788 555 826 504 636
399 492 333 311 947 636 443 557 0 671 259 445 716 574 349 151 132 156 676 663 486 815 731 323 373 320 743 532 384 337 622 499 420 213 184 528 592 685 363 297 439 599 226 507 825 380 240 1006 603 582 570 360 610 455 689 685 522 896 900 63 391 176 821 856 568 354 792 429 839 437 480 448 608 584 628 755 198 616 283 362 519 828 576 490 697 751 762 638 254 655 738 251 640 693 279 558 433 940 79
904 256 596 794 671 435 997 376 671 0 642 234 288 428 336 726 554 524 595 320 257 158 242 568 907 429 316 754 760 433 538 692 453 463 827 792 164 273 845 574 337 289 654 210 342 632 733 398 432 295 229 704 62 670 90 207 563 318 318 638 634 842 367 290 528 553 378 809 240 930 692 368 617 481 461 278 640 440 485 435 412 173 150 782 76 133 506 539 864 249 79 660 354 77 787 294 722 289 745
262 559 547 152 727 768 355 678 259 642 0 467 579 711 413 410 196 301 441 511 395 754 611 98 265 213 818 765 634 210 398 240 576 247 264 770 627 755 204 77 542 462 36 436 682 124 496 1028 411 444 632 108 582 196 692 732 286 928 931 198 612 315 668 892 344 130 631 682 858 291 221 567 364 738 770 815 60 421 157 216 339 764 602 240 693 755 558 414 257 530 688 20 744 690 148 424 177 931 262
727 111 380 615 753 355 810 266 445 234 467 0 397 316 102 492 337 293 583 383 197 388 380 418 722 269 354 568 544 284 517 588 265 247 610 601 160 291 670 414 154 320 470 168 491 496 502 571 428 312 170 551 176 554 244 264 492 466 469 419 429 619 503 428 485 415 494 596 401 757 581 192 571 363 370 347 449 441 316 300 366 403 137 656 252 307 560 525 657 332 308 482 303 248 601 294 590 495 521
814 481 769 718 383 705 917 631 716 288 579 397 0 684 476 820 584 607 348 72 237 265 56 483 831 401 604 965 928 389 307 525 662 511 823 997 430 558 756 501 547 119 605 237 108 514 858 635 211 137 489 596 282 519 378 494 379 582 579 663 823 858 109 562 322 455 98 982 505 830 533 585 398 737 727 566 604 211 449 371 248 265 405 629 363 409 224 301 834 66 255 599 628 365 724 159 585 498 772
946 209 298 839 1058 61 1009 53 574 428 711 316 684 0 309 531 529 433 900 687 514 570 653 692 930 554 232 356 430 574 833 880 155 465 758 402 263 207 896 680 177 629 701 479 761 774 482 534 745 624 199 813 407 842 363 260 801 426 433 584 294 741 781 391 800 699 782 464 410 981 870 145 884 53 58 272 673 757 586 597 683 585 283 933 381 389 871 842 827 626 502 720 107 377 816 607 865 539 652
663 150 293 552 810 361 740 269 349 336 413 102 476 309 0 390 255 194 611 451 251 491 467 383 654 244 411 497 453 265 544 571 210 171 522 525 242 349 609 373 133 384 408 238 576 465 401 657 469 372 227 508 278 532 341 339 497 548 552 331 348 526 585 509 504 389 571 505 489 696 560 165 583 346 367 415 384 482 277 289 395 505 226 625 350 402 615 555 576 410 411 424 331 346 534 351 557 591 428
527 507 245 451 1082 592 551 528 151 726 410 492 820 531 390 0 257 213 818 774 583 880 826 470 495 442 732 405 244 462 761 650 379 310 277 394 617 681 499 444 437 707 377 594 928 531 95 1017 731 691 580 511 668 606 725 696 666 905 910 213 287 236 928 865 708 499 904 284 858 565 631 433 754 527 578 754 349 745 416 489 647 894 607 640 736 784 892 777 358 755 800 402 616 732 418 667 584 971 181
416 405 352 309 824 588 486 501 132 554 196 337 584 529 255 257 0 105 562 530 354 692 599 224 403 189 665 572 451 207 504 418 386 91 273 580 494 604 366 200 370 467 176 378 693 297 327 908 475 449 483 304 491 374 581 593 412 801 805 85 417 289 688 762 451 249 660 502 739 452 401 389 502 551 587 670 146 489 158 233 391 704 474 435 587 645 636 520 321 522 616 198 576 583 286 425 370 831 194
514 336 249 410 886 493 576 410 156 524 301 293 607 433 194 213 105 0 639 563 369 674 613 320 496 245 588 471 363 268 577 518 285 104 335 482 436 530 467 299 286 496 282 380 715 398 257 849 533 480 414 410 464 474 536 529 496 739 744 151 314 333 715 700 527 342 692 416 683 550 502 299 587 451 489 600 252 547 236 297 448 687 421 540 544 597 692 592 397 542 595 304 489 540 384 456 475 786 235
590 693 870 528 289 938 693 850 676 595 441 583 348 900 611 818 562 639 0 286 389 611 404 355 620 396 891 1092 1002 373 66 256 821 537 704 1111 690 834 542 382 729 306 477 430 399 324 889 975 164 301 733 392 562 278 682 780 155 910 909 612 935 757 368 885 112 323 325 1055 832 593 273 767 88 945 953 863 494 154 405 344 217 612 661 356 671 728 169 58 680 354 588 459 878 671 548 308 344 843 699
743 478 743 648 371 713 846 633 663 320 511 383 72 687 451 774 530 563 286 0 201 326 123 414 760 343 631 947 898 329 239 452 647 463 761 976 443 580 685 434 537 68 539 216 170 442 818 689 139 83 498 524 300 446 410 519 306 628 627 607 799 798 159 605 251 386 130 951 550 758 460 576 329 737 733 597 540 141 388 309 176 328 416 556 396 449 189 235 768 71 303 532 641 398 655 107 512 556 715
654 305 541 546 560 549 750 462 486 257 395 197 237 514 251 583 354 369 389 201 0 358 245 314 661 187 511 748 696 185 323 438 454 275 611 776 307 452 594 322 350 133 413 49 345 374 621 656 231 121 345 447 204 413 326 404 317 568 569 437 599 639 346 536 298 297 326 750 492 677 436 388 386 561 565 490 404 243 243 181 176 368 277 524 321 384 366 330 635 172 294 414 489 320 543 99 464 545 548
1011 413 754 904 615 568 1108 521 815 158 754 388 265 570 491 880 692 674 611 326 358 0 208 669 1019 545 414 907 919 543 565 760 609 603 961 947 314 388 951 680 495 328 771 320 264 722 890 372 462 342 377 799 212 746 207 321 619 334 330 777 791 982 298 323 571 649 325 967 264 1033 764 524 654 623 595 366 761 466 601 538 471 15 305 859 188 198 485 562 991 263 80 773 483 193 902 351 806 234 886
853 455 759 754 430 669 956 599 731 242 611 380 56 653 467 826 599 613 404 123 245 208 0 517 868 422 558 947 920 413 361 573 642 521 848 981 393 515 795 534 526 149 635 234 111 555 859 578 262 167 454 636 246 565 331 450 428 527 525 681 809 880 128 508 374 491 135 973 451 871 580 562 452 706 692 519 632 264 473 398 290 208 370 676 315 358 279 356 864 81 201 631 591 317 758 186 630 442 791
341 519 569 237 635 745 440 653 323 568 98 418 483 692 383 470 224 320 355 414 314 669 517 0 351 149 772 792 676 137 306 198 570 238 360 802 574 709 281 26 516 368 129 359 585 82 548 961 313 350 587 136 510 155 626 678 199 867 869 259 635 408 570 831 252 33 534 727 794 363 184 546 284 725 750 763 141 323 106 133 241 678 547 241 625 688 462 323 355 437 608 118 711 622 240 331 174 857 344
42 804 707 114 908 990 89 904 373 907 265 722 831 930 654 495 403 496 620 760 661 1019 868 351 0 478 1065 899 739 476 598 365 781 482 223 890 883 1003 78 338 773 718 254 702 929 320 591 1289 642 700 880 238 847 343 954 986 485 1188 1191 347 764 279 911 1150 551 376 871 776 1120 74 347 792 532 947 986 1066 273 650 422 480 583 1028 859 280 956 1018 769 614 143 787 954 247 979 953 121 682 276 1196 314
475 372 475 365 642 604 568 512 320 429 213 269 401 554 244 442 189 245 396 343 187 545 422 149 478 0 623 698 606 23 333 326 445 141 426 715 424 560 416 148 377 282 226 225 509 227 501 817 289 264 439 284 369 289 481 529 262 720 722 264 540 458 502 684 284 147 472 660 648 502 317 410 352 590 612 614 216 303 56 52 205 555 398 387 481 544 450 347 447 342 477 231 565 478 359 241 321 718 371
1073 260 518 962 988 194 1151 210 743 316 818 354 604 232 411 732 665 588 891 631 511 414 558 772 1065 623 0 584 660 638 829 937 359 582 924 630 205 63 1018 768 303 589 817 465 653 850 697 302 727 591 186 906 331 906 227 111 828 194 202 736 523 918 681 161 808 769 694 696 191 1106 932 299 898 271 223 50 794 737 670 652 687 427 234 1010 243 215 819 833 983 561 368 831 125 241 945 582 944 319 823
929 499 224 843 1308 390 957 395 532 754 765 568 965 356 497 405 572 471 1092 947 748 907 947 792 899 698 584 0 171 722 1027 990 305 562 683 47 593 563 895 771 422 881 740 732 1058 869 313 884 962 870 530 874 716 946 704 614 959 779 786 577 158 640 1072 745 981 812 1063 163 766 967 974 388 1050 313 362 627 709 976 702 750 884 923 603 1006 722 740 1112 1040 764 900 833 764 463 717 811 848 942 896 584
772 506 164 693 1241 480 793 452 384 760 634 544 928 430 453 244 451 363 1002 898 696 919 920 676 739 606 660 171 0 630 940 868 317 465 520 151 614 625 743 652 425 830 604 691 1030 747 148 963 888 816 559 740 713 824 730 662 859 852 859 438 137 473 1038 815 890 700 1022 53 825 809 851 400 949 403 457 696 575 903 599 659 806 934 616 872 745 777 1046 954 601 862 840 630 534 740 660 793 811 950 426
471 389 499 362 620 623 566 531 337 433 210 284 389 574 265 462 207 268 373 329 185 543 413 137 476 23 638 722 630 0 310 307 467 165 435 739 437 575 411 140 397 270 228 226 496 212 523 824 269 251 454 274 374 271 489 542 239 729 731 279 563 470 488 693 261 131 457 683 656 496 298 430 328 612 632 627 220 282 60 29 184 554 410 372 488 551 429 324 452 332 478 229 583 485 358 229 306 723 385
571 627 806 498 329 872 676 784 622 538 398 517 307 833 544 761 504 577 66 239 323 565 361 306 598 333 829 1027 940 310 0 244 754 475 663 1047 627 771 520 332 663 249 433 366 373 288 829 924 105 242 669 363 502 256 623 719 114 855 854 559 870 713 345 828 54 273 302 993 776 578 258 700 91 879 887 802 447 99 346 281 150 568 597 349 613 671 171 16 645 303 536 416 813 613 516 247 325 794 650
334 696 767 281 542 931 437 838 499 692 240 588 525 880 571 650 418 518 256 452 438 760 573 198 365 326 937 990 868 307 244 0 765 436 478 998 733 875 288 218 703 433 274 487 608 121 735 1091 315 418 757 153 642 44 764 836 146 1007 1007 437 833 536 583 974 207 183 540 918 930 336 20 736 168 916 938 922 301 319 298 287 289 766 704 105 759 822 414 258 440 500 713 250 889 758 306 409 90 973 498
800 196 161 695 1014 216 859 150 420 453 576 265 662 155 210 379 386 285 821 647 454 609 642 570 781 445 359 305 317 467 754 765 0 333 604 341 299 315 752 555 117 583 562 431 753 652 338 656 677 573 242 681 412 724 414 346 704 543 550 434 183 586 767 505 714 582 760 361 510 836 753 85 792 165 207 388 533 691 467 493 605 625 304 807 430 459 820 765 674 597 533 583 238 425 670 553 739 634 497
492 321 338 381 782 521 569 431 213 463 247 247 511 465 171 310 91 104 537 463 275 603 521 238 482 141 582 562 465 165 475 436 333 0 365 577 405 520 438 221 296 397 238 294 619 319 361 818 428 380 398 349 400 393 490 506 398 712 716 175 403 379 618 673 425 253 593 518 648 525 422 320 489 492 523 584 213 442 140 194 344 616 384 473 495 553 588 489 410 447 527 256 500 492 362 356 405 739 283
259 669 505 213 991 820 274 741 184 827 264 610 823 758 522 277 273 335 704 761 611 961 848 360 223 426 924 683 520 435 663 478 604 365 0 671 765 865 246 336 621 704 230 642 930 380 371 1179 672 686 747 324 764 439 855 861 550 1071 1075 191 557 61 920 1032 609 393 886 555 1011 296 457 632 623 767 812 934 222 683 375 452 595 973 746 430 860 918 823 679 81 768 887 246 823 857 180 664 392 1105 107
921 537 240 839 1333 437 945 439 528 792 770 601 997 402 525 394 580 482 1111 976 776 947 981 802 890 715 630 47 151 739 1047 998 341 577 671 0 633 609 890 780 458 909 743 761 1092 877 299 931 985 897 571 878 753 954 746 658 975 825 833 578 178 625 1104 791 1000 824 1094 130 812 959 982 425 1066 359 409 673 712 999 716 768 905 963 642 1010 763 783 1137 1060 752 931 872 767 508 758 807 875 947 941 575
887 111 452 775 811 276 971 211 592 164 627 160 430 263 242 617 494 436 690 443 307 314 393 574 883 424 205 593 614 437 627 733 299 405 765 633 0 144 830 572 191 394 630 261 499 649 607 414 527 394 64 709 147 702 115 104 623 307 311 573 482 769 521 268 605 568 526 660 246 918 728 214 693 317 299 190 610 538 474 450 483 329 29 808 131 167 632 632 815 377 241 642 198 126 761 383 743 354 671
1011 198 476 899 942 186 1089 173 685 273 755 291 558 207 349 681 604 530 834 580 452 388 515 709 1003 560 63 563 625 575 771 875 315 520 865 609 144 0 955 705 247 535 754 406 614 787 651 340 671 536 123 843 279 843 187 67 768 228 235 676 487 861 640 190 750 706 651 663 203 1043 869 248 838 254 215 73 731 681 606 589 628 402 174 947 206 193 769 776 923 511 333 768 102 202 882 526 881 332 765
59 758 693 57 830 955 161 867 363 845 204 670 756 896 609 499 366 467 542 685 594 951 795 281 78 416 1018 895 743 411 520 288 752 438 246 890 830 955 0 271 733 645 201 637 853 243 595 1232 565 627 832 161 785 264 896 934 407 1133 1135 325 754 307 834 1096 473 304 794 784 1063 87 269 755 454 917 954 1017 225 572 361 413 508 960 806 207 897 959 691 535 179 714 888 188 938 894 84 610 198 1134 318
331 513 548 224 662 734 428 642 297 574 77 414 501 680 373 444 200 299 382 434 322 680 534 26 338 148 768 771 652 140 332 218 555 221 336 780 572 705 271 0 506 385 106 366 605 99 523 964 336 366 582 137 515 175 629 677 226 868 870 233 614 382 591 832 278 59 555 703 796 356 203 535 311 711 739 761 115 347 98 141 262 689 545 252 628 691 487 349 334 453 616 98 703 626 224 347 185 863 317
786 81 261 676 907 228 856 136 439 337 542 154 547 177 133 437 370 286 729 537 350 495 526 516 773 377 303 422 425 397 663 703 117 296 621 458 191 247 733 506 0 474 534 322 637 599 418 580 579 466 143 640 295 665 306 258 625 467 473 436 296 615 652 428 627 522 646 472 422 820 694 38 709 217 234 319 508 592 410 419 512 510 191 758 321 357 714 672 683 484 417 552 205 316 655 447 690 540 519
704 419 675 605 432 658 806 576 599 289 462 320 119 629 384 707 467 496 306 68 133 328 149 368 718 282 589 881 830 270 249 433 583 397 704 909 394 535 645 385 474 0 487 152 227 406 751 676 143 18 445 487 258 421 375 478 291 605 605 545 732 739 221 579 245 341 196 883 527 722 437 513 332 678 677 559 486 151 330 252 144 333 366 533 364 422 242 249 716 70 289 483 589 365 609 41 483 549 654
257 557 524 145 762 758 343 669 226 654 36 470 605 701 408 377 176 282 477 539 413 771 635 129 254 226 817 740 604 228 433 274 562 238 230 743 630 754 201 106 534 487 0 452 710 160 465 1035 442 469 631 135 593 231 700 734 322 934 937 167 588 280 696 897 379 162 661 652 865 288 255 558 400 725 759 816 30 453 170 237 368 781 606 267 702 764 592 449 229 554 704 25 739 699 133 449 207 942 226
697 269 532 588 584 511 792 427 507 210 436 168 237 479 238 594 378 380 430 216 49 320 234 359 702 225 465 732 691 226 366 487 431 294 642 761 261 406 637 366 322 152 452 0 340 422 625 607 269 145 303 493 155 462 277 357 366 519 520 463 586 666 347 487 343 343 332 744 443 722 485 361 432 528 529 442 441 281 281 225 222 331 231 573 272 336 393 372 670 171 251 455 448 271 584 128 512 499 573
911 565 869 818 350 775 1014 708 825 342 682 491 108 761 576 928 693 715 399 170 345 264 111 585 929 509 653 1058 1030 496 373 608 753 619 930 1092 499 614 853 605 637 227 710 340 0 610 964 633 293 245 562 692 354 607 427 547 462 598 595 772 920 966 35 585 400 556 75 1082 526 924 618 673 465 814 799 610 710 289 556 478 346 258 478 713 409 444 243 364 939 172 286 703 695 412 825 268 675 492 881
300 599 647 213 613 827 404 735 380 632 124 496 514 774 465 531 297 398 324 442 374 722 555 82 320 227 850 869 747 212 288 121 652 319 380 877 649 787 243 99 599 406 160 422 610 0 614 1029 322 388 666 82 576 77 695 754 173 937 939 318 712 435 591 902 236 81 551 796 863 316 104 629 242 807 833 839 183 330 188 200 266 730 621 160 692 756 455 304 357 476 665 138 792 690 228 374 93 920 386
623 495 184 546 1143 540 645 488 240 733 496 502 858 482 401 95 327 257 889 818 621 890 859 548 591 501 697 313 148 523 829 735 338 361 371 299 607 651 595 523 418 751 465 625 964 614 0 992 790 735 562 600 678 690 720 675 740 879 885 298 210 326 968 840 777 575 947 189 840 661 716 406 829 470 523 725 436 804 483 551 705 905 602 731 733 775 950 844 453 792 810 490 576 728 513 711 673 958 277
1291 515 817 1179 983 493 1378 511 1006 398 1028 571 635 534 657 1017 908 849 975 689 656 372 578 961 1289 817 302 884 963 824 924 1091 656 818 1179 931 414 340 1232 964 580 676 1035 607 633 1029 992 0 818 686 438 1098 452 1069 336 322 960 112 106 987 825 1183 668 151 921 949 698 999 169 1319 1091 586 1008 571 521 267 1017 824 871 830 808 376 434 1180 336 273 857 922 1228 621 388 1044 428 339 1168 688 1120 141 1085
621 536 745 534 353 780 725 693 603 432 411 428 211 745 469 731 475 533 164 139 231 462 262 313 642 289 727 962 888 269 105 315 677 428 672 985 527 671 565 336 579 143 442 269 293 322 790 818 0 137 572 404 398 314 518 616 170 749 748 542 807 716 270 722 111 280 229 942 671 633 325 617 191 792 796 699 450 14 319 242 84 465 498 420 507 565 160 106 668 199 430 431 717 508 546 144 382 689 642
686 414 663 587 440 654 788 571 582 295 444 312 137 624 372 691 449 480 301 83 121 342 167 350 700 264 591 870 816 251 242 418 573 380 686 897 394 536 627 366 466 18 469 145 245 388 735 686 137 0 442 469 261 405 381 480 277 613 613 527 720 721 239 586 235 323 212 870 535 704 422 505 322 673 673 562 467 146 311 234 129 347 365 517 370 429 248 244 698 87 300 464 587 370 590 24 467 560 636
888 78 399 776 868 216 967 147 570 229 632 170 489 199 227 580 483 414 733 498 345 377 454 587 880 439 186 530 559 454 669 757 242 398 747 571 64 123 832 582 143 445 631 303 562 666 562 438 572 442 0 720 208 724 174 116 656 327 332 557 425 747 583 287 643 585 586 603 278 920 751 159 730 253 238 187 608 584 484 470 521 393 84 826 191 217 685 675 803 433 305 645 144 186 760 429 760 396 649
218 650 656 135 682 868 322 777 360 704 108 551 596 813 508 511 304 410 392 524 447 799 636 136 238 284 906 874 740 274 363 153 681 349 324 878 709 843 161 137 640 487 135 493 692 82 600 1098 404 469 720 0 646 117 762 814 249 1003 1005 302 721 382 673 967 314 150 633 787 930 235 133 667 307 842 871 898 165 411 236 268 348 808 682 131 761 824 533 379 289 556 740 110 839 759 155 454 73 992 349
844 217 548 734 664 423 936 354 610 62 582 176 282 407 278 668 491 464 562 300 204 212 246 510 847 369 331 716 713 374 502 642 412 400 764 753 147 279 785 515 295 258 593 155 354 576 678 452 398 261 208 646 0 617 123 220 517 364 365 576 590 780 374 333 488 497 378 762 288 871 640 328 577 460 446 300 578 408 424 377 368 227 124 728 117 180 489 505 802 232 132 599 346 116 726 255 667 349 683
315 661 723 250 568 893 419 801 455 670 196 554 519 842 532 606 374 474 278 446 413 746 565 155 343 289 906 946 824 271 256 44 724 393 439 954 702 843 264 175 665 421 231 462 607 77 690 1069 314 405 724 117 617 0 739 806 147 981 983 393 789 497 585 948 212 143 543 873 906 322 28 697 191 877 900 892 257 319 257 253 276 752 674 112 735 798 427 271 406 490 695 207 854 733 272 394 68 954 456
955 225 567 843 761 361 1044 314 689 90 692 244 378 363 341 725 581 536 682 410 326 207 331 626 954 481 227 704 730 489 623 764 414 490 855 746 115 187 896 629 306 375 700 277 427 695 720 336 518 381 174 762 123 739 0 120 640 242 243 663 598 864 454 210 610 615 467 776 167 983 763 330 699 415 388 188 683 527 535 495 491 222 118 849 18 63 596 625 899 339 145 709 277 14 833 376 787 250 766
991 192 506 879 878 248 1073 218 685 207 732 264 494 260 339 696 593 529 780 519 404 321 450 678 986 529 111 614 662 542 719 836 346 506 861 658 104 67 934 677 258 478 734 357 547 754 675 322 616 480 116 814 220 806 120 0 722 211 216 670 525 862 574 171 700 673 586 704 164 1022 831 269 789 311 277 86 713 626 579 554 579 336 132 912 138 129 708 722 914 450 266 746 163 135 865 472 848 288 764
460 603 736 384 441 846 565 754 522 563 286 492 379 801 497 666 412 496 155 306 317 619 428 199 485 262 828 959 859 239 114 146 704 398 550 975 623 768 407 226 625 291 322 366 462 173 740 960 170 277 656 249 517 147 640 722 0 880 881 458 801 602 438 850 65 168 396 911 802 469 155 661 90 842 857 808 339 173 260 211 151 624 594 250 633 695 284 131 531 357 576 304 795 632 401 272 215 837 543
1190 404 704 1079 948 388 1276 399 896 318 928 466 582 426 548 905 801 739 910 628 568 334 527 867 1188 720 194 779 852 729 855 1007 543 712 1071 825 307 228 1133 868 467 605 934 519 598 937 879 112 749 613 327 1003 364 981 242 211 880 0 8 879 714 1073 631 39 847 856 656 889 78 1220 1005 473 935 465 417 155 915 757 772 736 730 342 328 1092 247 185 806 855 1122 558 327 944 318 248 1066 612 1030 148 975
1193 409 711 1081 945 396 1279 406 900 318 931 469 579 433 552 910 805 744 909 627 569 330 525 869 1191 722 202 786 859 731 854 1007 550 716 1075 833 311 235 1135 870 473 605 937 520 595 939 885 106 748 613 332 1005 365 983 243 216 881 8 0 884 721 1077 628 45 847 858 653 896 78 1222 1006 480 935 473 425 162 918 756 775 738 730 338 332 1093 248 185 804 854 1126 556 325 947 326 249 1069 612 1031 141 980
368 479 368 269 885 644 425 561 63 638 198 419 663 584 331 213 85 151 612 607 437 777 681 259 347 264 736 577 438 279 559 437 434 175 191 578 573 676 325 233 436 545 167 463 772 318 298 987 542 527 557 302 576 393 663 670 458 879 884 0 430 204 766 840 505 290 736 485 819 405 418 450 544 600 640 745 137 555 223 302 459 789 554 434 670 727 701 575 247 603 701 192 640 666 241 504 374 914 110
791 378 66 699 1155 346 830 314 391 634 612 429 823 294 348 287 417 314 935 799 599 791 809 635 764 540 523 158 137 563 870 833 183 403 557 178 482 487 754 614 296 732 588 586 920 712 210 825 807 720 425 721 590 789 598 525 801 714 721 430 0 522 931 677 824 655 919 178 687 829 817 268 892 270 325 558 558 821 544 592 728 807 487 853 614 642 959 882 637 757 714 612 397 609 669 698 788 814 453
317 669 474 275 1042 802 321 728 176 842 315 619 858 741 526 236 289 333 757 798 639 982 880 408 279 458 918 640 473 470 713 536 586 379 61 625 769 861 307 382 615 739 280 666 966 435 326 1183 716 721 747 382 780 497 864 862 602 1073 1077 204 522 0 958 1033 659 441 925 504 1016 353 515 621 678 746 792 932 267 728 410 489 638 994 752 491 871 927 870 730 136 801 906 298 812 867 242 699 452 1115 98
891 582 878 801 317 797 995 728 821 367 668 503 109 781 585 928 688 715 368 159 346 298 128 570 911 502 681 1072 1038 488 345 583 767 618 920 1104 521 640 834 591 652 221 696 347 35 591 968 668 270 239 583 673 374 585 454 574 438 631 628 766 931 958 0 617 375 540 43 1091 558 904 594 689 436 834 821 639 699 265 547 468 329 292 499 688 437 474 209 335 925 175 315 688 718 440 809 262 653 527 874
1153 364 666 1041 933 356 1238 363 856 290 892 428 562 391 509 865 762 700 885 605 536 323 508 831 1150 684 161 745 815 693 828 974 505 673 1032 791 268 190 1096 832 428 579 897 487 585 902 840 151 722 586 287 967 333 948 210 171 850 39 45 840 677 1033 617 0 818 822 639 853 58 1183 972 435 907 432 385 119 877 730 736 702 700 332 290 1058 217 157 785 829 1083 534 307 907 283 217 1029 584 995 164 936
526 596 759 449 383 841 630 751 568 528 344 485 322 800 504 708 451 527 112 251 298 571 374 252 551 284 808 981 890 261 54 207 714 425 609 1000 605 750 473 278 627 245 379 343 400 236 777 921 111 235 643 314 488 212 610 700 65 847 847 505 824 659 375 818 0 219 333 943 769 535 219 664 89 843 855 785 393 112 294 232 121 575 575 313 601 662 219 70 593 307 534 363 785 601 465 234 281 795 595
363 520 588 263 602 750 464 658 354 553 130 415 455 699 389 499 249 342 323 386 297 649 491 33 376 147 769 812 700 131 273 183 582 253 393 824 568 706 304 59 522 341 162 343 556 81 575 949 280 323 585 150 497 143 615 673 168 856 858 290 655 441 540 822 219 0 503 752 782 383 172 553 254 733 757 758 174 291 114 119 210 657 540 240 612 676 429 290 387 411 589 150 713 610 269 306 175 842 376
851 580 864 762 295 802 955 729 792 378 631 494 98 782 571 904 660 692 325 130 326 325 135 534 871 472 694 1063 1022 457 302 540 760 593 886 1094 526 651 794 555 646 196 661 332 75 551 947 698 229 212 586 633 378 543 467 586 396 656 653 736 919 925 43 639 333 503 0 1075 581 863 551 683 393 835 824 654 664 223 516 436 292 321 502 646 451 492 168 291 889 162 334 652 724 453 772 236 611 557 843
810 554 215 735 1295 511 826 490 429 809 682 596 982 464 505 284 502 416 1055 951 750 967 973 727 776 660 696 163 53 683 993 918 361 518 555 130 660 663 784 703 472 883 652 744 1082 796 189 999 942 870 603 787 762 873 776 704 911 889 896 485 178 504 1091 853 943 752 1075 0 865 847 900 446 1002 432 486 733 622 957 651 712 860 983 664 918 792 821 1100 1007 636 915 889 677 570 787 702 847 859 992 465
1121 351 671 1009 875 382 1209 375 839 240 858 401 505 410 489 858 739 683 832 550 492 264 451 794 1120 648 191 766 825 656 776 930 510 648 1011 812 246 203 1063 796 422 527 865 443 526 863 840 169 671 535 278 930 288 906 167 164 802 78 78 819 687 1016 558 58 769 782 581 865 0 1149 929 434 857 455 412 142 847 678 701 663 652 273 264 1016 170 107 729 777 1059 479 250 875 304 172 998 534 955 129 918
37 845 770 144 876 1040 102 953 437 930 291 757 830 981 696 565 452 550 593 758 677 1033 871 363 74 502 1106 967 809 496 578 336 836 525 296 959 918 1043 87 356 820 722 288 722 924 316 661 1319 633 704 920 235 871 322 983 1022 469 1220 1222 405 829 353 904 1183 535 383 863 847 1149 0 320 841 505 1001 1039 1104 312 639 448 496 582 1041 893 239 983 1046 749 593 217 792 972 275 1025 980 165 689 253 1220 383
316 688 751 260 561 921 419 829 480 692 221 581 533 870 560 631 401 502 273 460 436 764 580 184 347 317 932 974 851 298 258 20 753 422 457 982 728 869 269 203 694 437 255 485 618 104 716 1091 325 422 751 133 640 28 763 831 155 1005 1006 418 817 515 594 972 219 172 551 900 929 320 0 725 185 905 928 918 282 329 286 280 293 770 700 95 758 821 429 273 419 506 715 231 882 756 285 413 71 975 478
806 112 239 697 945 200 873 112 448 368 567 192 585 145 165 433 389 299 767 576 388 524 562 546 792 410 299 388 400 430 700 736 85 320 632 425 214 248 755 535 38 513 558 361 673 629 406 586 617 505 159 667 328 697 330 269 661 473 480 450 268 621 689 435 664 553 683 446 434 841 725 0 745 181 204 321 531 631 440 454 550 540 219 787 346 377 753 710 696 522 447 576 191 341 676 486 719 555 528
502 682 826 441 376 926 605 836 608 617 364 571 398 884 583 754 502 587 88 329 386 654 452 284 532 352 898 1050 949 328 91 168 792 489 623 1066 693 838 454 311 709 332 400 432 465 242 829 1008 191 322 730 307 577 191 699 789 90 935 935 544 892 678 436 907 89 254 393 1002 857 505 185 745 0 926 939 874 420 188 350 301 210 657 664 269 690 751 250 101 596 391 621 380 872 690 463 323 256 880 625
965 259 286 860 1109 78 1024 106 584 481 738 363 737 53 346 527 551 451 945 737 561 623 706 725 947 590 271 313 403 612 879 916 165 492 767 359 317 254 917 711 217 678 725 528 814 807 470 571 792 673 253 842 460 877 415 311 842 465 473 600 270 746 834 432 843 733 835 432 455 1001 905 181 926 0 54 314 697 805 619 635 728 638 336 964 434 440 921 887 839 678 556 745 151 430 835 656 896 585 660
1003 260 339 896 1104 29 1065 103 628 461 770 370 727 58 367 578 587 489 953 733 565 595 692 750 986 612 223 362 457 632 887 938 207 523 812 409 299 215 954 739 234 677 759 529 799 833 523 521 796 673 238 871 446 900 388 277 857 417 425 640 325 792 821 385 855 757 824 486 412 1039 928 204 939 54 0 270 731 809 644 654 736 610 322 991 407 406 919 895 882 671 532 778 113 403 873 657 923 541 705
1073 265 549 961 949 240 1153 243 755 278 815 347 566 272 415 754 670 600 863 597 490 366 519 763 1066 614 50 627 696 627 802 922 388 584 934 673 190 73 1017 761 319 559 816 442 610 839 725 267 699 562 187 898 300 892 188 86 808 155 162 745 558 932 639 119 785 758 654 733 142 1104 918 321 874 314 270 0 794 708 663 640 663 379 218 998 203 169 784 805 990 526 324 829 164 201 946 555 933 271 835
279 533 493 168 777 731 361 642 198 640 60 449 604 673 384 349 146 252 494 540 404 761 632 141 273 216 794 709 575 220 447 301 533 213 222 712 610 731 225 115 508 486 30 441 710 183 436 1017 450 467 608 165 578 257 683 713 339 915 918 137 558 267 699 877 393 174 664 622 847 312 282 531 420 697 731 794 0 461 161 233 373 772 586 297 685 747 603 464 231 551 692 55 713 682 151 446 236 927 205
628 549 759 543 339 792 732 706 616 440 421 441 211 757 482 745 489 547 154 141 243 466 264 323 650 303 737 976 903 282 99 319 691 442 683 999 538 681 572 347 592 151 453 281 289 330 804 824 14 146 584 411 408 319 527 626 173 757 756 555 821 728 265 730 112 291 223 957 678 639 329 631 188 805 809 708 461 0 332 255 98 469 509 424 516 573 146 98 678 204 436 441 729 516 555 155 388 694 655
420 414 478 309 666 639 512 547 283 485 157 316 449 586 277 416 158 236 405 388 243 601 473 106 422 56 670 702 599 60 346 298 467 140 375 716 474 606 361 98 410 330 170 281 556 188 483 871 319 311 484 236 424 257 535 579 260 772 775 223 544 410 547 736 294 114 516 651 701 448 286 440 350 619 644 663 161 332 0 79 235 611 448 347 535 598 479 361 392 393 533 175 605 532 303 289 280 774 327
472 408 527 366 592 645 570 552 362 435 216 300 371 597 289 489 233 297 344 309 181 538 398 133 480 52 652 750 659 29 281 287 493 194 452 768 450 589 413 141 419 252 237 225 478 200 551 830 242 234 470 268 377 253 495 554 211 736 738 302 592 489 468 702 232 119 436 712 663 496 280 454 301 635 654 640 233 255 79 0 157 548 421 358 493 556 402 295 465 317 475 236 602 491 364 212 294 724 407
566 477 665 472 437 722 669 633 519 412 339 366 248 683 395 647 391 448 217 176 176 471 290 241 583 205 687 884 806 184 150 289 605 344 595 905 483 628 508 262 512 144 368 222 346 266 705 808 84 129 521 348 368 276 491 579 151 730 730 459 728 638 329 700 121 210 292 860 652 582 293 550 210 728 736 663 373 98 235 157 0 477 453 388 483 545 245 160 596 213 426 359 664 483 480 121 339 686 561
1020 429 769 914 609 583 1118 536 828 173 764 403 265 585 505 894 704 687 612 328 368 15 208 678 1028 555 427 923 934 554 568 766 625 616 973 963 329 402 960 689 510 333 781 331 258 730 905 376 465 347 393 808 227 752 222 336 624 342 338 789 807 994 292 332 575 657 321 983 273 1041 770 540 657 638 610 379 772 469 611 548 477 0 320 865 204 211 482 564 1002 267 94 783 498 208 912 358 813 236 899
863 109 452 751 785 299 948 230 576 150 602 137 405 283 226 607 474 421 661 416 277 305 370 547 859 398 234 603 616 410 597 704 304 384 746 642 29 174 806 545 191 366 606 231 478 621 602 434 498 365 84 682 124 674 118 132 594 328 332 554 487 752 499 290 575 540 502 664 264 893 700 219 664 336 322 218 586 509 448 421 453 320 0 780 131 177 605 602 794 351 229 617 225 126 738 354 715 365 654
244 760 788 218 636 986 342 894 490 782 240 656 629 933 625 640 435 540 356 556 524 859 676 241 280 387 1010 1006 872 372 349 105 807 473 430 1010 808 947 207 252 758 533 267 573 713 160 731 1180 420 517 826 131 728 112 849 912 250 1092 1093 434 853 491 688 1058 313 240 646 918 1016 239 95 787 269 964 991 998 297 424 347 358 388 865 780 0 845 909 518 363 378 601 808 242 952 844 250 507 67 1066 472
956 240 582 844 745 380 1046 332 697 76 693 252 363 381 350 736 587 544 671 396 321 188 315 625 956 481 243 722 745 488 613 759 430 495 860 763 131 206 897 628 321 364 702 272 409 692 733 336 507 370 191 761 117 735 18 138 633 247 248 670 614 871 437 217 601 612 451 792 170 983 758 346 690 434 407 203 685 516 535 493 483 204 131 845 0 63 582 614 903 325 127 710 296 4 835 367 784 244 773
1018 279 616 907 787 378 1107 345 751 133 755 307 409 389 402 784 645 597 728 449 384 198 358 688 1018 544 215 740 777 551 671 822 459 553 918 783 167 193 959 691 357 422 764 336 444 756 775 273 565 429 217 824 180 798 63 129 695 185 185 727 642 927 474 157 662 676 492 821 107 1046 821 377 751 440 406 169 747 573 598 556 545 211 177 909 63 0 632 672 963 378 158 772 293 65 897 427 848 188 829
743 662 899 668 196 900 847 818 762 506 558 560 224 871 615 892 636 692 169 189 366 485 279 462 769 450 819 1112 1046 429 171 414 820 588 823 1137 632 769 691 487 714 242 592 393 243 455 950 857 160 248 685 533 489 427 596 708 284 806 804 701 959 870 209 785 219 429 168 1100 729 749 429 753 250 921 919 784 603 146 479 402 245 482 605 518 582 632 0 156 811 258 479 578 829 584 684 267 496 719 799
587 635 819 515 312 879 691 791 638 539 414 525 301 842 555 777 520 592 58 235 330 562 356 323 614 347 833 1040 954 324 16 258 765 489 679 1060 632 776 535 349 672 249 449 372 364 304 844 922 106 244 675 379 505 271 625 722 131 855 854 575 882 730 335 829 70 290 291 1007 777 593 273 710 101 887 895 805 464 98 361 295 160 564 602 363 614 672 156 0 662 301 534 433 819 614 532 250 340 791 666
182 725 583 160 970 888 193 807 254 864 257 657 834 827 576 358 321 397 680 768 635 991 864 355 143 447 983 764 601 452 645 440 674 410 81 752 815 923 179 334 683 716 229 670 939 357 453 1228 668 698 803 289 802 406 899 914 531 1122 1126 247 637 136 925 1083 593 387 889 636 1059 217 419 696 596 839 882 990 231 678 392 465 596 1002 794 378 903 963 811 662 0 783 920 237 887 900 133 677 351 1147 183
773 420 703 674 434 649 875 572 655 249 530 332 66 626 410 755 522 542 354 71 172 263 81 437 787 342 561 900 862 332 303 500 597 447 768 931 377 511 714 453 484 70 554 171 172 476 792 621 199 87 433 556 232 490 339 450 357 558 556 603 757 801 175 534 307 411 162 915 479 792 506 522 391 678 671 526 551 204 393 317 213 267 351 601 325 378 258 301 783 0 233 550 576 326 677 105 553 490 713
948 336 675 840 629 505 1044 451 738 79 688 308 255 502 411 800 616 595 588 303 294 80 201 608 954 477 368 833 840 478 536 713 533 527 887 872 241 333 888 616 417 289 704 251 286 665 810 388 430 300 305 740 132 695 145 266 576 327 325 701 714 906 315 307 534 589 334 889 250 972 715 447 621 556 532 324 692 436 533 475 426 94 229 808 127 158 479 534 920 233 0 707 422 130 836 304 752 260 810
246 571 548 134 745 777 337 687 251 660 20 482 599 720 424 402 198 304 459 532 414 773 631 118 247 231 831 764 630 229 416 250 583 256 246 767 642 768 188 98 552 483 25 455 703 138 490 1044 431 464 645 110 599 207 709 746 304 944 947 192 612 298 688 907 363 150 652 677 875 275 231 576 380 745 778 829 55 441 175 236 359 783 617 242 710 772 578 433 237 550 707 0 755 707 128 445 182 949 248
991 193 394 881 1010 84 1062 87 640 354 744 303 628 107 331 616 576 489 878 641 489 483 591 711 979 565 125 463 534 583 813 889 238 500 823 508 198 102 938 703 205 589 739 448 695 792 576 428 717 587 144 839 346 854 277 163 795 318 326 640 397 812 718 283 785 713 724 570 304 1025 882 191 872 151 113 164 713 729 605 602 664 498 225 952 296 293 829 819 887 576 422 755 0 292 861 574 885 433 719
953 235 578 842 747 376 1043 327 693 77 690 248 365 377 346 732 583 540 671 398 320 193 317 622 953 478 241 717 740 485 613 758 425 492 857 758 126 202 894 626 316 365 699 271 412 690 728 339 508 370 186 759 116 733 14 135 632 248 249 666 609 867 440 217 601 610 453 787 172 980 756 341 690 430 403 201 682 516 532 491 483 208 126 844 4 65 584 614 900 326 130 707 292 0 832 367 782 247 769
130 684 608 34 838 875 210 788 279 787 148 601 724 816 534 418 286 384 548 655 543 902 758 240 121 359 945 811 660 358 516 306 670 362 180 807 761 882 84 224 655 609 133 584 825 228 513 1168 546 590 760 155 726 272 833 865 401 1066 1069 241 669 242 809 1029 465 269 772 702 998 165 285 676 463 835 873 946 151 555 303 364 480 912 738 250 835 897 684 532 133 677 836 128 861 832 0 572 217 1075 238
670 397 640 569 461 639 771 555 558 294 424 294 159 607 351 667 425 456 308 107 99 351 186 331 682 241 582 848 793 229 247 409 553 356 664 875 383 526 610 347 447 41 449 128 268 374 711 688 144 24 429 454 255 394 376 472 272 612 612 504 698 699 262 584 234 306 236 847 534 689 413 486 323 656 657 555 446 155 289 212 121 358 354 507 367 427 267 250 677 105 304 445 574 367 572 0 455 565 613
247 693 723 191 632 918 351 826 433 722 177 590 585 865 557 584 370 475 344 512 464 806 630 174 276 321 944 942 811 306 325 90 739 405 392 947 743 881 198 185 690 483 207 512 675 93 673 1120 382 467 760 73 667 68 787 848 215 1030 1031 374 788 452 653 995 281 175 611 859 955 253 71 719 256 896 923 933 236 388 280 294 339 813 715 67 784 848 496 340 351 553 752 182 885 782 217 455 0 1009 423
1194 464 794 1083 841 512 1286 504 940 289 931 495 498 539 591 971 831 786 843 556 545 234 442 857 1196 718 319 896 950 723 794 973 634 739 1105 941 354 332 1134 863 540 549 942 499 492 920 958 141 689 560 396 992 349 954 250 288 837 148 141 914 814 1115 527 164 795 842 557 992 129 1220 975 555 880 585 541 271 927 694 774 724 686 236 365 1066 244 188 719 791 1147 490 260 949 433 247 1075 565 1009 0 1017
345 572 399 272 979 713 376 636 79 745 262 521 772 652 428 181 194 235 699 715 548 886 791 344 314 371 823 584 426 385 650 498 497 283 107 575 671 765 318 317 519 654 226 573 881 386 277 1085 642 636 649 349 683 456 766 764 543 975 980 110 453 98 874 936 595 376 843 465 918 383 478 528 625 660 705 835 205 655 327 407 561 899 654 472 773 829 799 666 183 713 810 248 719 769 238 613 423 1017 0
