16
0 689 401 605 313 878 720 574 759 480 1168 782 743 262 317 218
689 0 304 348 747 518 732 678 729 250 880 1006 876 594 446 490
401 304 0 263 451 543 567 465 584 82 886 783 676 296 265 242
605 348 263 0 511 283 384 344 382 198 623 666 531 392 528 496
313 747 451 511 0 728 457 314 503 497 947 468 443 156 542 434
878 518 543 283 728 0 396 459 361 470 364 706 558 643 807 779
720 732 567 384 457 396 0 147 49 541 500 311 164 459 802 726
574 678 465 344 314 459 147 0 190 457 634 327 211 314 679 594
759 729 584 382 503 361 49 190 0 551 451 344 197 497 827 755
480 250 82 198 497 470 541 457 551 0 821 782 665 345 336 323
1168 880 886 623 947 364 500 634 451 821 0 725 604 910 1151 1109
782 1006 783 666 468 706 311 327 344 782 725 0 147 563 966 869
743 876 676 531 443 558 164 211 197 665 604 147 0 498 884 795
262 594 296 392 156 643 459 314 497 345 910 563 498 0 407 306
317 446 265 528 542 807 802 679 827 336 1151 966 884 407 0 109
218 490 242 496 434 779 726 594 755 323 1109 869 795 306 109 0
