154
0 382 180 235 177 111 293 378 808 540 592 478 542 652 181 255 595 960 810 851 366 660 468 703 88 695 597 624 577 204 688 559 670 583 701 492 1052 100 717 675 431 621 930 155 435 989 269 746 1073 700 350 173 53 780 179 512 963 460 359 85 154 558 358 449 423 687 897 811 414 734 750 545 463 492 333 805 766 339 383 329 837 837 217 527 366 713 713 189 404 21 748 975 788 751 143 171 381 725 268 250 823 120 735 139 685 791 169 838 723 645 427 595 183 595 639 119 578 660 807 496 524 644 600 350 800 410 291 827 847 683 593 728 394 95 837 347 702 732 766 782 578 897 132 517 500 660 259 614 776 129 348 670 269 930
382 0 482 200 224 407 455 188 584 186 577 557 667 801 402 222 232 766 510 479 68 723 88 417 339 558 279 298 199 222 323 641 445 519 319 402 813 382 424 433 307 767 623 229 93 735 511 844 838 331 309 288 329 422 480 132 808 113 397 386 270 556 590 251 554 664 593 441 194 534 369 228 198 489 252 732 619 589 528 274 599 530 223 387 278 407 363 324 341 390 730 677 835 368 238 236 155 473 539 179 458 468 375 521 555 642 214 455 376 665 47 511 369 737 294 311 202 310 444 117 176 692 513 207 668 571 96 579 464 312 671 714 338 396 580 567 596 800 580 854 195 662 265 716 631 298 292 783 394 510 287 291 474 711
180 482 0 287 259 283 161 531 767 661 478 340 380 478 92 418 712 894 811 907 442 510 555 704 153 622 627 656 680 361 743 411 642 492 788 430 1004 107 720 655 402 450 927 291 503 953 97 581 1023 759 312 347 203 902 332 596 879 527 273 263 322 443 179 450 272 567 895 923 436 687 846 582 609 389 326 696 691 159 233 311 801 840 264 481 345 724 754 170 354 197 620 964 636 837 271 247 527 705 87 399 871 260 783 172 610 715 287 920 762 511 518 511 127 426 767 295 684 705 855 580 581 501 517 510 715 248 409 797 934 795 443 601 345 270 811 173 615 576 710 623 667 855 223 339 339 714 239 438 868 200 322 771 120 878
235 200 287 0 62 307 258 309 586 386 448 388 489 620 203 246 433 749 575 628 154 567 268 468 163 497 363 391 396 199 464 475 444 412 500 301 829 197 482 446 218 586 695 136 217 762 311 679 851 478 163 243 186 623 388 308 766 241 228 278 209 419 391 218 369 543 662 640 179 516 559 312 364 348 120 639 567 388 338 129 612 602 23 318 158 478 483 124 215 250 609 740 689 549 124 63 291 495 338 201 596 348 508 362 490 592 105 633 492 524 232 415 168 556 494 228 400 431 580 293 299 541 419 304 608 380 154 599 647 511 508 590 208 292 607 367 517 645 553 699 380 673 103 522 449 435 103 597 580 362 149 485 273 711
177 224 259 62 0 245 267 292 648 402 494 418 512 640 187 207 453 810 636 677 194 602 302 529 116 556 420 447 423 154 513 506 506 464 537 357 892 157 543 508 279 606 755 80 261 825 301 708 914 526 215 188 125 643 325 345 825 286 265 216 153 464 388 281 389 591 723 665 240 578 592 368 359 393 179 692 626 381 355 184 674 662 54 378 216 538 536 120 269 191 655 802 726 587 64 13 280 557 323 169 647 287 559 309 548 651 53 673 547 565 263 469 158 577 508 167 426 484 631 330 349 578 474 280 666 394 151 662 684 536 540 637 261 229 670 367 574 679 614 733 415 736 45 530 471 485 138 612 615 305 204 515 272 773
111 407 283 307 245 0 404 348 893 537 699 589 652 760 292 224 593 1052 877 887 409 771 496 772 192 791 655 680 587 192 728 670 752 686 721 589 1137 211 784 753 520 730 996 187 477 1070 376 856 1159 738 445 132 131 769 80 539 1061 503 465 30 139 665 463 526 534 795 964 807 484 822 761 601 439 599 420 911 863 443 494 420 920 902 296 618 455 777 761 293 500 90 856 1044 899 769 188 245 362 802 371 241 864 68 778 175 783 887 213 856 773 755 454 696 292 704 625 96 587 708 849 525 569 755 701 315 899 520 311 907 862 683 704 837 491 17 915 454 803 843 857 893 599 981 208 622 610 701 356 721 789 145 440 679 380 1017
293 455 161 258 267 404 0 559 620 641 317 186 253 375 112 469 686 737 684 817 398 366 509 580 220 465 527 556 642 412 658 266 504 332 727 282 852 192 597 520 278 342 796 334 446 805 93 456 869 675 194 424 287 873 468 544 719 465 125 377 391 282 140 342 131 407 764 884 347 538 793 490 622 228 232 535 533 147 92 211 655 714 239 339 235 606 657 147 220 314 463 828 494 774 313 254 545 568 133 435 775 400 690 330 453 556 315 852 662 356 480 352 119 313 750 380 647 613 759 529 506 352 359 547 555 127 410 653 869 758 299 443 213 388 669 114 455 438 557 490 615 705 256 264 211 629 163 345 810 355 212 725 45 725
378 188 531 309 292 348 559 0 771 205 742 697 798 929 475 125 258 954 686 605 247 874 247 599 378 743 459 474 274 174 470 784 633 692 414 575 997 424 605 621 480 895 794 239 280 917 590 988 1023 472 460 217 334 423 400 277 996 296 536 339 224 717 678 434 677 834 765 465 376 722 437 411 90 648 405 911 806 669 645 423 785 703 323 568 438 585 521 412 503 374 900 850 993 457 260 305 34 660 606 131 596 417 523 507 739 829 248 541 535 825 219 688 449 865 279 266 270 471 584 269 352 846 690 36 854 685 158 765 541 348 816 883 497 345 764 658 778 952 768 1007 309 848 313 823 758 450 413 903 467 484 441 356 564 898
808 584 767 586 648 893 620 771 0 663 385 520 606 700 681 787 661 185 186 457 534 534 533 193 722 184 325 322 595 761 407 536 143 317 546 338 243 734 196 150 378 677 232 717 491 185 713 645 265 422 464 819 766 758 973 518 252 476 496 864 788 406 724 369 588 382 211 723 419 81 610 364 758 414 475 321 160 745 603 479 39 206 597 287 442 228 349 628 415 827 411 235 562 560 709 648 737 114 752 737 408 928 383 911 198 160 687 580 338 450 553 290 655 658 728 813 605 364 399 519 429 501 283 791 199 629 649 53 608 660 540 410 424 877 76 701 234 576 83 611 536 88 685 730 603 401 553 719 601 922 462 606 665 127
540 186 661 386 402 537 641 205 663 0 739 736 848 983 586 316 55 849 540 410 246 894 155 474 513 683 338 342 79 347 297 817 540 672 213 560 866 557 475 521 469 948 635 386 223 782 696 1018 892 294 488 405 489 241 597 149 908 220 578 522 401 722 777 399 738 819 610 271 350 633 231 306 131 659 432 868 735 775 713 454 668 551 408 531 453 448 356 509 513 543 883 694 1000 253 401 414 180 548 722 297 409 604 348 678 684 756 379 336 371 830 167 660 553 919 108 445 72 315 399 154 240 862 660 242 788 756 253 644 335 146 846 868 511 530 638 753 730 970 681 1024 133 729 439 902 813 285 478 966 261 661 466 150 660 783
592 577 478 448 494 699 317 742 385 739 0 152 221 321 418 694 765 449 520 741 509 171 584 444 507 201 475 497 704 646 615 150 331 81 732 179 581 494 460 358 271 294 607 575 515 555 395 298 594 635 285 681 570 926 771 599 412 519 235 670 646 35 374 340 230 96 580 915 389 310 804 470 774 101 337 217 250 400 259 321 425 549 443 220 303 485 585 407 239 614 161 620 261 768 557 486 716 390 431 648 691 708 625 648 187 268 547 824 582 92 575 107 409 273 838 651 712 562 676 590 521 135 112 745 255 270 585 433 848 809 156 142 245 682 455 355 163 238 304 290 656 456 509 347 222 593 357 334 810 671 302 762 358 457
478 557 340 388 418 589 186 697 520 736 152 0 115 249 297 626 771 601 629 817 491 184 587 539 399 341 533 558 717 572 674 87 437 203 772 225 730 377 556 460 283 215 729 495 517 697 250 291 743 693 248 595 467 948 654 612 565 529 161 561 560 121 221 362 77 230 699 947 394 440 843 512 745 111 304 363 399 247 110 282 558 660 375 286 282 575 656 310 228 499 280 749 312 814 475 408 676 501 283 585 770 586 694 513 328 418 471 881 657 170 568 229 297 186 841 556 724 623 755 600 549 166 236 692 408 117 539 563 903 830 121 260 227 572 583 203 312 260 443 314 677 597 421 216 91 648 284 241 854 539 269 788 221 604
542 667 380 489 512 652 253 798 606 848 221 115 0 134 363 718 885 661 732 930 602 141 701 646 473 422 647 672 831 662 789 72 539 292 888 338 798 442 663 564 399 100 825 584 631 776 282 204 809 808 360 677 540 1063 710 727 610 644 270 627 644 201 217 478 123 261 797 1062 509 529 959 627 851 220 416 394 469 244 161 393 646 762 474 397 396 683 769 395 343 562 288 840 260 930 563 500 780 602 303 681 882 639 807 549 408 485 563 996 769 184 680 320 373 70 955 634 839 737 867 714 665 147 326 790 466 132 642 653 1018 945 83 272 343 637 675 212 382 197 526 243 793 677 507 129 42 763 385 125 970 579 382 904 272 676
652 801 478 620 640 760 375 929 700 983 321 249 134 0 479 844 1020 726 842 1053 737 171 835 763 590 516 775 799 966 788 917 180 651 400 1020 464 869 555 779 678 532 34 927 709 766 858 383 129 876 936 495 797 656 1197 811 861 660 778 404 737 765 312 300 610 251 325 901 1196 643 629 1091 758 984 346 550 440 551 325 285 528 739 871 605 521 531 802 894 521 477 671 325 936 229 1061 688 628 911 711 394 809 1005 738 933 637 503 562 690 1125 893 251 815 428 494 64 1089 751 973 865 990 849 798 201 433 920 536 248 775 750 1148 1079 164 315 477 746 773 306 467 170 617 188 927 763 631 149 171 892 517 48 1102 671 517 1037 385 753
181 402 92 203 187 292 112 475 681 586 418 297 363 479 0 374 635 816 719 816 357 478 471 611 111 545 534 563 599 316 652 378 553 421 701 347 921 80 627 564 311 447 836 239 416 867 114 566 940 668 221 319 177 825 357 510 807 438 195 265 288 383 203 357 242 512 803 843 344 602 761 490 547 322 233 635 615 194 202 218 715 748 180 394 253 631 662 80 267 202 570 874 606 750 218 174 466 615 136 346 779 290 691 235 533 639 226 832 669 465 436 436 35 420 693 272 603 613 762 495 491 463 442 459 643 232 339 709 847 715 411 550 257 276 722 185 543 550 627 601 582 769 162 354 321 623 146 445 782 254 230 688 94 795
255 222 418 246 207 224 469 125 787 316 694 626 718 844 374 0 371 963 730 691 254 809 305 633 268 728 499 519 373 57 542 714 644 656 511 542 1023 313 642 638 452 811 844 135 311 948 486 916 1048 548 409 92 216 545 281 345 992 333 471 213 100 666 577 425 595 790 814 584 370 728 544 446 215 595 361 882 796 565 560 374 806 751 253 548 398 627 585 323 460 250 856 898 933 558 157 218 138 682 498 50 675 292 594 382 723 820 155 644 598 770 267 657 352 782 401 140 372 532 661 333 398 785 660 95 841 597 138 789 648 462 747 837 453 219 792 559 755 886 770 940 395 870 213 728 677 518 343 815 573 358 394 462 467 915
595 232 712 433 453 593 686 258 661 55 765 771 885 1020 635 371 0 845 525 371 288 924 184 469 565 696 340 338 66 402 276 851 545 695 172 586 853 609 468 524 498 986 614 440 254 768 744 1049 879 269 525 461 544 189 653 166 909 246 617 577 456 750 823 425 777 842 591 216 380 637 179 315 178 690 470 883 744 822 755 493 662 534 455 552 489 439 337 557 546 597 905 673 1027 207 454 465 235 547 771 352 375 660 323 733 697 763 432 286 352 857 206 681 601 956 73 500 56 302 367 175 251 891 681 295 797 798 306 638 284 91 879 891 544 586 629 799 745 999 685 1053 124 721 491 944 851 268 522 1005 210 716 503 102 706 777
960 766 894 749 810 1052 737 954 185 849 449 601 661 726 816 963 845 0 344 611 713 556 718 376 872 272 510 507 780 933 585 589 321 407 723 470 144 877 378 333 532 710 331 884 674 167 826 641 150 599 610 989 922 934 1132 704 101 660 621 1022 956 480 820 539 676 404 327 895 593 235 784 550 943 512 632 289 204 844 700 632 184 352 757 434 597 408 525 773 556 980 404 299 541 733 874 808 920 300 865 913 565 1081 555 1050 284 182 853 743 513 482 737 385 794 698 912 978 790 546 560 705 615 529 378 973 195 717 827 210 771 841 583 411 566 1036 223 799 288 574 195 594 721 133 843 791 670 582 701 755 772 1066 613 787 782 77
810 510 811 575 636 877 684 686 186 540 520 629 732 842 719 730 525 344 0 271 478 685 438 107 732 337 230 212 464 717 251 666 192 441 385 413 328 754 93 169 409 814 119 691 418 243 776 804 354 263 499 781 761 593 957 411 429 396 559 849 754 532 808 365 686 541 86 552 396 224 442 283 653 518 488 502 337 824 691 501 165 30 592 350 465 102 190 651 463 826 581 168 732 391 688 639 651 130 816 683 224 923 214 930 348 343 663 399 175 600 469 414 687 791 585 787 473 224 216 417 334 649 409 712 382 725 593 140 427 506 677 577 471 862 121 782 395 737 257 778 406 210 679 846 720 256 575 853 429 935 489 453 727 268
851 479 907 628 677 887 817 605 457 410 741 817 930 1053 816 691 371 611 271 0 485 912 391 301 790 585 290 262 333 700 164 873 418 659 199 592 565 825 287 389 547 1023 299 705 416 482 901 1037 590 150 622 766 798 361 960 348 700 390 705 864 749 743 954 475 857 782 291 308 473 482 219 327 541 709 588 764 599 964 851 608 437 259 650 533 581 258 162 737 608 861 831 354 977 172 710 685 574 375 937 655 50 946 126 987 594 609 684 139 160 829 432 634 780 996 406 791 338 203 64 362 329 876 631 639 648 891 576 411 165 312 891 823 612 875 392 928 644 973 521 1019 297 477 722 1028 909 193 672 1055 194 981 604 272 853 533
366 68 442 154 194 409 398 247 534 246 509 491 602 737 357 254 288 713 478 485 0 655 113 378 309 495 249 272 244 238 322 574 392 451 346 334 769 348 388 384 239 702 595 223 68 693 461 776 793 334 243 303 313 474 486 154 750 94 332 384 278 488 536 186 491 596 563 487 129 479 404 195 265 421 186 666 559 537 467 208 552 501 177 321 211 376 351 277 273 377 662 646 767 395 226 203 216 427 491 206 457 464 370 502 492 582 200 480 363 596 81 444 322 672 354 315 249 298 442 138 160 624 447 260 607 510 116 534 492 360 604 646 270 396 537 512 531 732 523 786 225 616 238 656 566 294 235 719 426 496 221 331 421 662
660 723 510 567 602 771 366 874 534 894 171 184 141 171 478 809 924 556 685 912 655 0 740 614 583 352 646 668 865 756 786 100 499 253 901 342 698 559 630 527 426 155 764 680 671 687 414 127 706 806 416 780 651 1091 834 760 492 678 339 744 745 176 356 500 239 154 738 1083 544 466 973 638 916 234 472 272 381 384 279 452 573 713 557 389 444 655 756 495 382 681 158 770 127 938 660 591 852 555 439 767 862 764 796 682 339 392 655 995 754 85 728 277 481 147 996 741 873 733 848 749 686 36 281 871 365 262 716 585 1020 973 67 146 385 755 608 349 299 77 450 132 820 593 605 258 174 764 466 201 980 711 436 927 395 583
468 88 555 268 302 496 509 247 533 155 584 587 701 835 471 305 184 718 438 391 113 740 0 354 419 534 213 226 132 309 236 666 401 517 235 405 753 459 359 385 314 801 548 316 70 672 575 865 778 244 341 376 414 365 568 43 769 65 433 474 358 567 648 244 594 664 519 375 196 493 291 168 224 506 287 716 589 650 573 310 543 456 291 376 304 338 279 391 361 476 729 604 845 284 324 313 212 419 605 265 370 556 289 606 533 611 299 370 293 675 41 505 436 771 255 400 139 228 356 29 105 708 506 274 641 616 185 522 381 249 694 714 360 485 519 623 578 816 540 870 112 606 346 762 667 212 346 821 313 596 319 217 533 658
703 417 704 468 529 772 580 599 193 474 444 539 646 763 611 633 469 376 107 301 378 614 354 0 624 284 140 131 403 616 217 583 116 363 355 316 399 646 17 88 303 733 227 587 323 318 672 738 424 234 392 679 655 568 852 333 444 304 456 744 651 450 707 257 590 481 194 537 289 188 422 188 575 427 380 467 306 722 592 393 194 136 485 253 358 43 164 543 359 719 529 272 676 374 583 532 564 82 711 585 251 817 201 822 292 319 558 406 155 530 379 337 579 709 535 683 413 171 238 336 248 578 332 622 357 628 495 170 433 468 598 522 367 757 166 681 343 673 233 718 344 255 572 754 630 209 468 769 416 827 382 414 622 309
88 339 153 163 116 192 220 378 722 513 507 399 473 590 111 268 565 872 732 790 309 583 419 624 0 606 525 553 538 211 626 484 585 495 654 403 966 46 638 591 344 558 851 138 376 904 218 676 987 640 262 207 67 754 266 462 875 401 272 163 177 473 309 368 351 603 818 779 338 647 708 475 456 406 248 718 678 296 312 243 752 759 142 439 279 637 646 101 316 109 664 894 711 703 118 106 373 641 230 246 759 209 671 200 597 702 134 789 655 563 380 506 102 531 617 161 541 594 743 446 462 566 512 357 711 343 259 743 801 650 517 644 306 175 753 294 614 657 678 709 531 811 74 464 431 597 171 556 732 203 260 630 205 843
695 558 622 497 556 791 465 743 184 683 201 341 422 516 545 728 696 272 337 585 495 352 534 284 606 0 364 376 630 691 488 351 169 139 621 202 390 608 297 197 278 492 412 633 474 356 555 467 406 507 346 741 660 829 870 534 269 468 349 761 706 224 555 309 413 204 386 807 366 114 692 381 751 244 377 189 71 578 433 372 224 364 502 180 339 327 444 506 291 715 246 420 395 648 620 552 711 212 594 679 534 815 483 779 13 95 603 689 437 267 540 115 524 473 768 723 639 437 522 529 444 317 108 755 112 455 599 234 715 719 355 240 300 775 256 533 58 400 103 440 574 256 584 548 421 472 436 534 691 796 352 667 511 263
597 279 627 363 420 655 527 459 325 338 475 533 647 775 534 499 340 510 230 290 249 646 213 140 525 364 0 28 273 488 142 595 206 396 259 310 539 554 146 184 256 743 345 467 188 458 613 773 564 161 332 553 546 465 733 194 570 166 414 628 527 471 664 185 568 535 314 445 190 297 331 53 435 428 302 554 406 674 561 320 331 252 383 257 292 128 129 458 317 611 593 398 729 292 467 425 424 210 650 453 248 705 164 725 368 424 441 350 135 568 240 375 500 715 410 562 283 90 231 196 107 610 373 484 459 601 363 309 374 354 616 581 322 641 306 637 418 714 345 764 215 394 465 739 623 117 388 773 335 725 315 302 564 447
624 298 656 391 447 680 556 474 322 342 497 558 672 799 563 519 338 507 212 262 272 668 226 131 553 376 28 0 273 510 118 619 213 416 244 335 528 583 134 188 284 768 324 492 208 446 641 795 554 138 361 575 573 453 758 202 571 185 442 653 551 494 692 213 595 553 294 430 219 302 315 78 445 453 331 566 414 703 588 349 326 231 411 279 321 111 101 487 345 638 609 379 748 274 492 452 439 208 679 474 219 731 136 753 381 431 467 327 106 588 257 395 528 740 407 587 282 65 203 206 122 632 393 499 467 628 385 302 351 346 639 599 350 666 297 666 431 734 349 784 214 387 492 766 649 97 417 798 317 752 344 292 593 441
577 199 680 396 423 587 642 274 595 79 704 717 831 966 599 373 66 780 464 333 244 865 132 403 538 630 273 273 0 395 218 794 479 633 139 525 791 581 403 458 439 932 557 422 200 707 705 991 817 214 473 458 524 232 652 105 843 188 565 569 448 690 780 364 727 779 532 243 323 571 174 249 208 632 419 818 678 781 706 442 597 474 419 489 435 375 278 520 489 582 842 615 965 184 434 435 245 481 734 346 329 652 268 716 632 697 410 271 293 796 163 618 565 902 138 492 9 240 319 117 186 831 618 309 730 749 285 573 275 116 822 828 489 578 565 756 680 939 619 992 59 657 464 895 799 207 478 953 201 702 451 92 665 712
204 222 361 199 154 192 412 174 761 347 646 572 662 788 316 57 402 933 717 700 238 756 309 616 211 691 488 510 395 0 545 660 617 612 529 499 1001 256 627 613 413 755 834 78 302 928 428 861 1024 553 363 66 161 583 259 352 958 326 419 175 54 616 519 394 539 742 802 618 341 698 569 434 260 546 318 839 760 507 503 328 783 740 203 511 356 615 583 266 415 201 808 885 881 577 99 164 178 659 441 49 680 257 597 336 685 785 101 665 596 719 269 614 295 726 439 98 395 530 666 338 393 732 618 148 803 540 126 767 670 493 693 789 407 183 771 501 715 833 739 887 409 846 156 670 621 520 292 757 597 316 349 487 409 888
688 323 743 464 513 728 658 470 407 297 615 674 789 917 652 542 276 585 251 164 322 786 236 217 626 488 142 118 218 545 0 737 320 535 139 452 580 661 210 293 395 885 338 544 253 494 740 914 606 19 464 612 635 351 803 196 659 228 550 705 592 612 797 320 707 671 315 320 311 403 205 168 420 570 427 676 520 805 698 447 400 258 486 398 423 178 61 573 455 699 726 397 866 159 548 521 437 299 775 502 135 786 52 823 494 535 522 209 76 707 276 513 617 857 334 633 226 53 120 208 164 751 511 501 572 739 419 375 233 256 758 716 459 716 363 770 545 853 449 902 166 455 559 879 765 29 509 915 202 818 446 202 692 513
559 641 411 475 506 670 266 784 536 817 150 87 72 180 378 714 851 589 666 873 574 100 666 583 484 351 595 619 794 660 737 0 474 224 842 284 726 459 600 500 356 150 756 583 596 704 316 204 737 756 331 681 551 1024 734 689 540 606 248 644 647 134 266 434 139 191 729 1020 471 460 914 579 831 167 388 325 397 293 179 367 575 695 463 340 363 622 713 397 305 581 225 770 228 882 562 495 763 536 343 673 824 664 752 583 337 413 559 945 712 116 649 252 381 125 922 642 802 684 809 677 622 90 258 779 394 166 626 583 968 906 33 207 306 654 605 255 310 173 454 227 752 605 508 201 86 712 372 186 923 612 353 862 295 604
670 445 642 444 506 752 504 633 143 540 331 437 539 651 553 644 545 321 192 418 392 499 401 116 585 169 206 213 479 617 320 474 0 250 455 224 385 600 131 28 243 623 295 574 353 319 597 622 408 339 332 675 626 666 832 392 368 340 378 722 644 340 621 226 495 364 264 640 275 92 525 235 625 325 337 356 201 639 502 343 168 223 456 164 306 159 275 494 288 688 412 324 559 480 566 506 599 65 637 594 368 789 314 778 176 218 544 519 268 414 417 223 524 600 616 670 489 270 354 390 301 463 218 651 254 534 506 157 546 559 486 405 297 736 168 596 227 556 140 601 421 229 544 653 527 306 418 661 523 787 327 506 548 271
583 519 492 412 464 686 332 692 317 672 81 203 292 400 421 656 695 407 441 659 451 253 517 363 495 139 396 416 633 612 535 224 250 0 654 117 530 491 379 277 212 373 532 545 450 494 420 379 545 555 249 653 555 851 761 529 387 452 226 656 618 91 415 273 274 147 504 838 326 238 726 394 717 105 294 227 202 438 294 283 356 471 411 144 257 403 503 394 196 604 211 548 334 689 529 458 664 311 458 608 609 702 543 655 126 224 515 744 501 171 513 27 404 350 768 628 641 482 595 521 448 216 34 698 223 315 538 362 768 735 236 196 204 669 383 393 122 317 240 367 583 394 486 413 286 513 332 411 732 674 262 687 377 403
701 319 788 500 537 721 727 414 546 213 732 772 888 1020 701 511 172 723 385 199 346 901 235 355 654 621 259 244 139 529 139 842 455 654 0 560 711 694 349 429 488 987 458 548 285 625 800 1028 737 123 542 594 648 212 788 192 799 263 633 701 581 724 867 410 795 794 439 186 384 540 72 263 344 675 495 810 656 872 780 518 539 387 523 512 501 317 197 620 545 708 852 517 988 49 557 548 385 438 833 481 206 784 171 840 625 672 532 136 210 824 275 634 666 958 212 625 143 185 200 208 224 865 633 449 709 822 413 513 146 123 866 841 547 711 500 842 676 970 587 1021 123 593 581 967 860 148 568 1013 83 829 521 74 756 650
492 402 430 301 357 589 282 575 338 560 179 225 338 464 347 542 586 470 413 592 334 342 405 316 403 202 310 335 525 499 452 284 224 117 560 0 574 407 333 244 95 432 520 436 336 523 375 469 593 472 144 544 458 749 667 420 471 340 158 559 509 165 397 161 274 262 488 741 210 257 632 297 600 117 181 340 274 414 278 173 373 443 303 62 143 350 431 303 88 512 328 548 440 599 422 352 547 290 415 493 545 613 469 580 193 298 406 661 431 271 397 114 323 405 658 524 533 400 529 410 344 307 118 581 310 312 421 371 684 631 306 311 98 572 387 371 216 414 280 467 478 424 383 439 317 427 233 463 640 595 152 585 327 448
1052 813 1004 829 892 1137 852 997 243 866 581 730 798 869 921 1023 853 144 328 565 769 698 753 399 966 390 539 528 791 1001 580 726 385 530 711 574 0 976 394 387 621 851 266 960 719 85 943 786 26 590 706 1060 1010 914 1217 731 235 701 731 1107 1029 609 945 611 803 545 276 868 660 319 763 586 973 634 719 434 331 968 824 723 218 323 841 528 686 418 518 870 655 1071 548 215 685 711 952 891 963 341 983 974 527 1172 540 1152 403 313 930 704 504 622 778 505 896 838 914 1056 800 551 525 734 647 670 498 1020 333 845 885 234 731 833 721 555 665 1120 233 923 418 718 295 739 733 156 929 927 804 584 795 896 746 1165 705 781 897 127
100 382 107 197 157 211 192 424 734 557 494 377 442 555 80 313 609 877 754 825 348 559 459 646 46 608 554 583 581 256 661 459 600 491 694 407 976 0 661 608 357 524 873 184 413 918 177 646 997 675 270 247 102 799 278 502 875 438 265 185 219 460 268 389 322 589 840 823 364 657 750 506 502 396 266 710 679 254 282 257 765 783 175 448 294 662 678 106 321 122 648 914 687 743 164 146 420 659 185 292 792 213 704 177 598 704 180 828 687 545 421 504 86 497 662 198 584 627 776 486 496 544 510 403 710 311 304 757 841 694 492 629 312 195 769 254 611 631 686 682 572 822 118 425 400 632 182 519 773 188 273 673 171 852
717 424 720 482 543 784 597 605 196 475 460 556 663 779 627 642 468 378 93 287 388 630 359 17 638 297 146 134 403 627 210 600 131 379 349 333 394 661 0 103 320 750 212 599 331 312 688 753 419 227 409 690 668 562 864 336 449 311 473 757 663 467 724 272 607 495 180 529 302 198 415 196 579 444 396 479 317 739 609 409 194 121 499 271 374 32 155 558 376 733 543 259 690 366 595 546 570 91 728 594 236 830 191 837 306 329 571 395 145 546 386 353 595 726 533 695 413 168 224 340 253 594 348 629 367 645 505 169 422 463 615 536 383 769 162 698 356 688 242 732 344 253 585 772 647 205 483 786 408 841 398 410 639 309
675 433 655 446 508 753 520 621 150 521 358 460 564 678 564 638 524 333 169 389 384 527 385 88 591 197 184 188 458 613 293 500 28 277 429 244 387 608 103 0 253 649 276 574 340 316 613 650 410 312 343 673 630 640 834 373 386 326 394 724 642 366 641 227 516 393 244 614 273 113 498 217 610 349 343 383 227 658 522 351 169 199 459 182 314 131 246 503 301 693 441 309 588 453 567 509 587 50 653 588 339 792 285 786 205 243 544 491 240 442 403 250 535 626 594 670 467 243 325 373 283 491 246 640 279 555 499 154 517 534 513 434 310 738 162 615 256 585 161 629 399 232 547 677 551 280 426 686 496 794 336 481 564 278
431 307 402 218 279 520 278 480 378 469 271 283 399 532 311 452 498 532 409 547 239 426 314 303 344 278 256 284 439 413 395 356 243 212 488 95 621 357 320 253 0 498 525 355 245 560 368 551 642 414 90 462 390 667 599 334 547 252 158 490 428 252 410 78 312 357 492 664 118 303 559 229 505 192 100 432 348 423 304 101 408 439 225 99 65 328 385 251 60 450 423 562 531 530 343 276 452 303 407 403 503 551 421 535 272 373 324 599 388 361 304 207 282 470 570 446 447 346 487 323 266 393 210 487 390 344 327 400 620 549 382 406 66 503 412 384 303 501 337 555 396 466 311 484 372 368 175 524 571 544 84 506 319 499
621 767 450 586 606 730 342 895 677 948 294 215 100 34 447 811 986 710 814 1023 702 155 801 733 558 492 743 768 932 755 885 150 623 373 987 432 851 524 750 649 498 0 902 676 732 837 354 142 860 904 460 765 625 1163 783 827 647 744 370 707 733 283 273 577 217 306 875 1162 610 604 1058 725 950 314 516 427 530 299 251 494 716 844 571 489 497 772 863 488 443 641 313 912 233 1028 655 594 877 684 366 775 974 710 902 611 479 543 656 1093 862 230 781 400 461 29 1055 720 939 833 959 815 764 181 405 886 518 215 740 726 1115 1045 137 301 443 716 748 277 445 170 594 197 893 742 598 129 136 859 483 45 1069 644 482 1003 353 734
930 623 927 695 755 996 796 794 232 635 607 729 825 927 836 844 614 331 119 299 595 764 548 227 851 412 345 324 557 834 338 756 295 532 458 520 266 873 212 276 525 902 0 810 533 184 889 877 290 344 615 898 881 653 1075 516 429 510 671 969 872 623 917 483 789 613 32 604 515 298 503 399 754 618 607 550 392 934 798 618 196 93 712 459 583 219 279 769 577 946 644 59 795 452 807 759 759 229 929 798 263 1043 291 1049 424 391 782 438 264 679 581 504 805 881 667 906 565 323 263 524 446 729 498 822 428 829 709 179 465 581 764 643 585 981 156 891 465 808 315 844 502 206 798 944 817 350 693 942 485 1054 606 531 840 255
155 229 291 136 80 187 334 239 717 386 575 495 584 709 239 135 440 884 691 705 223 680 316 587 138 633 467 492 422 78 544 583 574 545 548 436 960 184 599 574 355 676 810 0 291 890 352 783 983 554 295 107 103 627 265 360 902 317 344 161 73 544 442 348 461 672 778 656 301 650 595 414 319 474 256 773 703 432 425 263 742 716 133 455 294 590 575 188 349 160 736 859 805 597 21 89 236 621 367 108 679 242 593 294 626 728 30 684 586 645 275 549 217 647 486 96 423 521 664 345 383 657 554 220 744 461 136 728 693 528 616 717 341 173 734 424 653 756 688 810 425 804 78 592 543 516 218 679 621 281 284 514 331 843
435 93 503 217 261 477 446 280 491 223 515 517 631 766 416 311 254 674 418 416 68 671 70 323 376 474 188 208 200 302 253 596 353 450 285 336 719 413 331 340 245 732 533 291 0 641 515 795 744 265 272 368 381 432 554 98 718 25 364 453 345 498 586 176 526 597 502 438 126 443 347 135 277 436 219 653 533 589 506 242 505 439 240 311 234 316 283 335 291 445 661 586 776 333 295 270 246 379 547 265 388 533 301 570 473 555 269 416 295 606 65 439 380 702 326 382 207 230 373 84 91 638 440 301 583 549 176 486 431 315 624 646 290 465 486 560 516 746 489 800 169 569 306 695 598 225 284 752 367 564 250 279 472 617
989 735 953 762 825 1070 805 917 185 782 555 697 776 858 867 948 768 167 243 482 693 687 672 318 904 356 458 446 707 928 494 704 319 494 625 523 85 918 312 316 560 837 184 890 641 0 898 786 111 505 648 988 946 828 1150 648 268 622 681 1041 958 580 907 543 768 532 191 783 589 266 677 507 891 596 656 437 307 928 785 662 152 237 775 472 625 335 432 812 600 1008 546 139 691 625 884 825 883 268 938 899 442 1108 454 1095 370 295 861 620 418 607 698 468 840 821 828 987 716 466 440 653 566 656 462 941 323 809 810 162 647 747 703 550 609 1054 156 884 394 717 254 743 649 100 863 903 777 499 736 881 661 1105 645 695 851 107
269 511 97 311 301 376 93 590 713 696 395 250 282 383 114 486 744 826 776 901 461 414 575 672 218 555 613 641 705 428 740 316 597 420 800 375 943 177 688 613 368 354 889 352 515 898 0 484 960 756 282 425 280 934 429 612 804 536 219 354 396 360 91 429 178 480 857 949 428 631 863 573 661 314 312 612 622 79 140 292 749 806 289 432 321 697 742 187 312 288 530 921 540 848 331 288 580 662 39 460 861 357 775 267 543 644 341 928 748 420 542 441 144 329 804 375 710 697 844 597 583 406 448 572 641 152 452 747 944 822 347 511 305 362 763 78 541 479 648 526 684 798 276 248 242 710 232 345 882 297 297 792 49 816
746 844 581 679 708 856 456 988 645 1018 298 291 204 129 566 916 1049 641 804 1037 776 127 865 738 676 467 773 795 991 861 914 204 622 379 1028 469 786 646 753 650 551 142 877 783 795 786 484 0 791 933 535 879 743 1218 913 885 565 803 452 831 845 303 410 627 325 263 853 1210 669 582 1100 765 1035 359 592 352 487 436 364 571 683 832 667 516 565 779 883 595 505 766 240 878 109 1065 763 697 968 676 501 876 987 841 922 747 456 494 760 1123 880 208 851 403 575 159 1121 837 999 860 973 875 813 163 406 983 462 336 831 697 1147 1100 172 236 507 841 721 410 412 69 561 60 946 697 707 271 246 891 576 176 1107 779 556 1054 476 679
1073 838 1023 851 914 1159 869 1023 265 892 594 743 809 876 940 1048 879 150 354 590 793 706 778 424 987 406 564 554 817 1024 606 737 408 545 737 593 26 997 419 410 642 860 290 983 744 111 960 791 0 616 726 1083 1032 939 1239 756 233 727 749 1129 1052 623 960 634 818 553 301 893 683 339 789 611 999 650 740 439 344 983 839 744 241 349 863 548 707 444 544 891 675 1092 553 239 688 737 975 913 988 366 1000 998 552 1193 566 1172 419 325 952 729 530 631 803 521 916 847 940 1078 827 577 551 760 672 678 514 1045 343 859 909 258 756 859 731 561 685 1143 258 939 431 723 313 743 759 178 950 938 816 610 816 905 772 1185 726 807 915 144
700 331 759 478 526 738 675 472 422 294 635 693 808 936 668 548 269 599 263 150 334 806 244 234 640 507 161 138 214 553 19 756 339 555 123 472 590 675 227 312 414 904 344 554 265 505 756 933 616 0 482 620 647 335 812 202 675 240 569 715 601 632 815 338 726 690 322 303 328 421 188 186 419 590 444 695 538 823 716 465 415 267 500 418 441 194 74 589 474 711 745 404 885 141 560 534 439 317 792 509 126 796 54 836 513 552 533 189 87 727 284 533 632 877 324 642 222 73 113 215 178 770 531 504 590 757 428 389 213 243 777 735 478 726 377 788 564 873 467 922 164 469 571 898 784 46 525 934 183 830 463 190 709 526
350 309 312 163 215 445 194 460 464 488 285 248 360 495 221 409 525 610 499 622 243 416 341 392 262 346 332 361 473 363 464 331 332 249 542 144 706 270 409 343 90 460 615 295 272 648 282 535 726 482 0 403 314 705 523 369 615 286 92 415 368 258 332 147 254 380 582 709 157 387 610 296 500 188 57 477 417 342 237 37 495 529 162 178 41 415 462 164 55 370 446 652 533 587 280 209 436 393 320 363 580 470 495 447 337 442 266 662 467 365 320 254 192 431 594 380 479 418 564 356 318 387 259 460 454 280 302 488 681 587 362 427 46 428 501 306 359 493 416 548 438 552 239 425 326 435 90 480 625 458 22 549 233 582
173 288 347 243 188 132 424 217 819 405 681 595 677 797 319 92 461 989 781 766 303 780 376 679 207 741 553 575 458 66 612 681 675 653 594 544 1060 247 690 673 462 765 898 107 368 988 425 879 1083 620 403 0 145 637 194 418 1009 392 449 121 35 650 516 450 554 778 867 675 400 754 631 499 307 580 364 881 810 501 516 371 842 804 241 561 402 679 649 284 457 164 842 949 906 641 124 195 230 720 432 112 747 200 663 292 733 835 138 728 662 749 335 657 304 737 493 53 457 596 732 405 459 758 662 186 852 550 193 827 733 552 715 823 449 127 832 501 761 855 793 908 474 904 174 672 635 586 324 764 659 267 392 549 413 946
53 329 203 186 125 131 287 334 766 489 570 467 540 656 177 216 544 922 761 798 313 651 414 655 67 660 546 573 524 161 635 551 626 555 648 458 1010 102 668 630 390 625 881 103 381 946 280 743 1032 647 314 145 0 730 209 458 929 407 335 101 118 537 371 403 418 667 848 760 365 694 697 494 418 469 291 780 731 356 379 290 794 788 170 488 325 664 661 162 369 65 728 927 778 697 90 122 335 679 287 204 770 162 682 192 651 756 115 784 671 629 373 564 169 597 589 95 526 608 754 443 471 633 570 310 767 410 239 783 794 632 585 709 359 114 792 357 671 724 727 776 525 854 82 528 498 607 224 621 723 182 309 617 271 889
780 422 902 623 643 769 873 423 758 241 926 948 1063 1197 825 545 189 934 593 361 474 1091 365 568 754 829 465 453 232 583 351 1024 666 851 212 749 914 799 562 640 667 1163 653 627 432 828 934 1218 939 335 705 637 730 0 823 336 1011 419 797 757 637 915 1011 591 959 995 638 62 553 752 150 457 333 859 652 1019 867 1011 939 675 750 591 645 707 667 530 409 747 720 782 1055 710 1186 202 642 655 407 651 961 533 389 838 379 917 833 884 621 228 421 1019 393 834 791 1134 144 681 226 397 389 348 404 1056 833 458 920 982 495 724 208 117 1050 1043 720 764 710 986 883 1163 799 1216 271 802 680 1128 1031 360 709 1185 168 899 683 164 895 860
179 480 332 388 325 80 468 400 973 597 771 654 710 811 357 281 653 1132 957 960 486 834 568 852 266 870 733 758 652 259 803 734 832 761 788 667 1217 278 864 834 599 783 1075 265 554 1150 429 913 1239 812 523 194 209 823 0 611 1139 579 538 109 210 737 511 606 595 867 1043 864 564 902 825 680 490 672 499 984 941 488 555 499 1000 982 376 698 534 856 837 367 578 157 926 1124 962 836 268 325 418 883 417 307 938 73 853 188 860 966 293 923 849 823 527 772 362 758 679 171 651 784 923 597 646 820 778 365 976 578 383 988 927 744 767 907 569 96 995 505 879 904 936 953 669 1061 288 669 669 776 433 770 853 152 518 743 439 1097
512 132 596 308 345 539 544 277 518 149 599 612 727 861 510 345 166 704 411 348 154 760 43 333 462 534 194 202 105 352 196 689 392 529 192 420 731 502 336 373 334 827 516 360 98 648 612 885 756 202 369 418 458 336 611 0 760 83 462 518 401 585 684 259 624 676 489 340 217 485 251 157 242 526 317 720 586 686 605 340 526 427 331 386 331 313 243 430 384 520 739 574 860 241 368 355 243 404 644 307 329 600 249 650 535 606 343 327 258 691 85 515 475 798 239 443 113 193 315 15 91 726 515 307 638 648 228 503 339 218 716 725 384 528 499 659 581 834 532 887 71 588 389 794 695 174 382 849 272 640 347 181 570 641
963 808 879 766 825 1061 719 996 252 908 412 565 610 660 807 992 909 101 429 700 750 492 769 444 875 269 570 571 843 958 659 540 368 387 799 471 235 875 449 386 547 647 429 902 718 268 804 565 233 675 615 1009 929 1011 1139 760 0 707 611 1031 975 445 786 568 642 349 422 976 624 275 862 603 993 490 646 219 198 812 670 642 264 441 771 447 609 481 602 774 560 984 334 400 459 813 890 821 963 363 840 942 653 1083 635 1042 278 174 871 829 590 426 783 370 789 638 978 993 853 616 646 759 669 469 364 1011 164 682 859 290 857 912 528 345 570 1044 307 768 264 499 228 514 784 225 854 739 624 653 705 693 853 1060 622 859 763 174
460 113 527 241 286 503 465 296 476 220 519 529 644 778 438 333 246 660 396 390 94 678 65 304 401 468 166 185 188 326 228 606 340 452 263 340 701 438 311 326 252 744 510 317 25 622 536 803 727 240 286 392 407 419 579 83 707 0 379 478 369 504 605 179 541 599 480 422 134 432 327 115 285 444 235 650 525 609 523 258 489 417 264 310 248 294 258 358 301 471 663 564 781 311 321 295 261 363 569 288 362 559 276 596 468 547 294 393 270 611 77 439 403 714 318 408 195 204 347 71 66 645 440 318 576 566 200 469 408 301 634 648 301 490 468 579 512 753 478 806 151 552 332 711 612 199 304 766 346 590 265 262 492 602
359 397 273 228 265 465 125 536 496 578 235 161 270 404 195 471 617 621 559 705 332 339 433 456 272 349 414 442 565 419 550 248 378 226 633 158 731 265 473 394 158 370 671 344 364 681 219 452 749 569 92 449 335 797 538 462 611 379 0 435 413 202 252 230 162 332 639 801 249 415 702 383 583 134 146 446 419 265 147 123 531 590 218 213 132 485 543 172 98 381 394 702 462 678 325 255 515 443 259 428 661 477 579 430 338 443 318 751 547 300 411 240 178 340 685 416 572 503 645 448 409 314 247 532 447 189 378 528 771 680 280 375 92 448 544 225 347 417 436 471 530 582 275 333 234 522 127 388 717 449 114 641 170 604
85 386 263 278 216 30 377 339 864 522 670 561 627 737 265 213 577 1022 849 864 384 744 474 744 163 761 628 653 569 175 705 644 722 656 701 559 1107 185 757 724 490 707 969 161 453 1041 354 831 1129 715 415 121 101 757 109 518 1031 478 435 0 121 636 442 497 508 766 936 793 455 792 743 575 429 570 390 881 833 422 468 390 890 875 266 588 425 750 736 263 470 65 828 1016 872 750 161 216 350 773 351 225 840 83 754 172 752 857 186 837 748 726 432 666 264 680 613 77 569 683 825 503 545 728 671 307 869 495 289 878 844 668 677 808 461 13 886 432 773 816 827 867 579 951 179 601 585 677 326 699 770 146 410 661 355 988
154 270 322 209 153 139 391 224 788 401 646 560 644 765 288 100 456 956 754 749 278 745 358 651 177 706 527 551 448 54 592 647 644 618 581 509 1029 219 663 642 428 733 872 73 345 958 396 845 1052 601 368 35 118 637 210 401 975 369 413 121 0 614 487 418 520 743 840 672 369 722 622 473 312 544 329 845 776 473 483 336 811 778 206 527 367 652 628 250 422 150 807 922 871 630 88 160 231 690 405 104 728 204 643 283 699 801 103 717 640 714 317 622 271 705 493 44 448 574 713 387 436 724 627 196 817 517 173 796 723 547 681 788 414 130 802 471 726 821 760 874 460 873 139 642 602 566 289 733 650 262 357 540 382 914
558 556 443 419 464 665 282 717 406 722 35 121 201 312 383 666 750 480 532 743 488 176 567 450 473 224 471 494 690 616 612 134 340 91 724 165 609 460 467 366 252 283 623 544 498 580 360 303 623 632 258 650 537 915 737 585 445 504 202 636 614 0 341 325 197 129 595 906 371 328 797 461 752 70 312 253 278 366 224 295 445 561 413 214 279 490 585 374 215 579 192 639 279 762 526 455 692 402 396 620 694 673 624 612 210 298 516 821 583 108 557 119 374 259 823 618 698 559 679 575 510 141 124 718 287 237 559 452 845 797 147 173 220 648 473 322 191 249 327 302 644 480 477 324 197 589 326 320 804 635 276 751 323 484
358 590 179 391 388 463 140 678 724 777 374 221 217 300 203 577 823 820 808 954 536 356 648 707 309 555 664 692 780 519 797 266 621 415 867 397 945 268 724 641 410 273 917 442 586 907 91 410 960 815 332 516 371 1011 511 684 786 605 252 442 487 341 0 479 144 447 885 1023 487 643 933 629 747 311 373 583 617 27 121 351 762 839 370 458 373 737 794 269 350 376 489 944 477 914 421 374 668 687 93 549 912 438 828 338 541 637 429 992 798 379 618 440 229 251 885 466 786 751 896 669 646 356 447 662 629 105 537 763 1010 897 292 471 344 449 781 26 532 414 654 457 755 806 366 159 182 768 302 259 950 371 351 865 117 819
449 251 450 218 281 526 342 434 369 399 340 362 478 610 357 425 425 539 365 475 186 500 244 257 368 309 185 213 364 394 320 434 226 273 410 161 611 389 272 227 78 577 483 348 176 543 429 627 634 338 147 450 403 591 606 259 568 179 230 497 418 325 479 0 388 420 450 586 57 304 481 152 448 268 124 480 373 489 378 139 394 393 232 136 107 274 314 286 136 466 485 526 601 452 340 282 403 276 467 375 433 566 349 566 305 397 318 522 319 432 240 262 324 548 497 444 373 272 416 249 188 467 264 446 421 419 291 381 543 473 459 469 140 510 389 453 345 574 345 628 319 455 320 560 450 292 212 603 492 571 131 428 380 495
423 554 272 369 389 534 131 677 588 738 230 77 123 251 242 595 777 676 686 857 491 239 594 590 351 413 568 595 727 539 707 139 495 274 795 274 803 322 607 516 312 217 789 461 526 768 178 325 818 726 254 554 418 959 595 624 642 541 162 508 520 197 144 388 0 306 759 963 411 507 864 541 733 173 307 440 473 169 40 284 626 716 353 336 294 623 695 272 251 444 353 813 366 839 439 377 660 560 208 558 812 525 732 444 400 494 440 911 697 242 571 299 250 188 845 511 733 658 796 611 570 229 306 668 484 41 523 629 931 842 171 334 248 518 648 126 388 308 514 359 693 667 383 172 82 680 265 229 878 472 276 804 155 677
