52
0 941 515 479 241 827 1042 618 730 962 999 404 403 288 570 605 862 650 866 1168 392 859 1126 1068 388 35 436 145 662 645 511 700 948 851 13 266 439 759 506 872 782 917 366 423 854 932 533 760 556 33 123 644
941 0 577 518 928 331 848 771 390 757 713 942 864 689 1053 975 702 1105 591 885 1042 893 863 872 777 907 1074 822 968 466 1110 690 60 369 945 755 508 183 435 1243 361 599 645 854 101 986 489 1176 400 950 839 964
515 577 0 113 392 341 573 239 238 480 501 367 290 233 478 411 378 537 356 686 472 461 646 602 207 481 501 370 420 142 532 238 555 353 526 253 331 411 270 705 292 406 151 278 531 558 97 621 224 505 475 412
479 518 113 0 412 347 672 351 252 576 588 430 355 193 565 509 475 629 434 778 525 574 739 701 265 444 560 339 525 178 603 347 506 373 488 245 220 339 159 809 303 481 130 349 456 670 56 720 128 477 415 515
241 928 392 412 0 733 839 411 630 770 818 162 175 248 330 364 675 411 703 970 168 637 928 863 200 228 215 178 424 534 286 513 919 745 255 174 488 746 512 633 684 754 282 198 858 703 452 522 528 211 309 405
827 331 341 347 733 0 526 470 102 431 396 697 621 539 774 683 370 813 261 583 806 563 554 552 546 791 830 685 665 199 849 372 284 46 835 582 482 264 382 927 49 276 467 605 346 655 293 871 303 823 758 664
1042 848 573 672 839 526 0 427 518 100 138 707 664 792 653 550 196 636 271 133 801 234 92 28 654 1013 795 905 490 518 766 345 793 483 1054 781 887 784 802 613 515 250 713 641 873 250 625 623 726 1022 1033 504
618 771 239 351 411 470 427 0 384 359 413 293 239 396 310 213 269 343 326 558 398 248 516 453 229 591 405 487 197 305 402 120 736 458 631 367 564 626 510 476 425 372 329 216 743 335 333 405 461 597 624 194
730 390 238 252 630 102 518 384 0 419 402 597 520 442 681 594 338 724 248 596 705 512 562 546 444 695 730 587 581 96 752 300 352 120 739 481 413 274 315 853 53 281 367 505 379 608 196 790 233 725 667 579
962 757 480 576 770 431 100 359 419 0 76 649 599 704 618 512 102 613 172 207 749 222 165 128 578 932 748 823 458 419 728 262 704 389 975 699 789 686 703 626 417 158 624 576 777 276 528 618 627 944 947 470
999 713 501 588 818 396 138 413 402 76 0 706 650 732 686 580 143 685 157 195 809 298 160 159 621 968 811 857 528 420 794 304 657 351 1011 734 793 658 702 702 390 121 650 628 741 350 536 693 623 983 975 539
404 942 367 430 162 697 707 293 597 649 706 0 77 327 176 202 562 256 613 841 110 492 799 730 165 389 133 320 263 501 174 409 922 699 417 254 569 768 565 477 648 661 320 92 886 549 452 367 558 374 461 244
403 864 290 355 175 621 664 239 520 599 650 77 0 271 224 213 507 300 548 796 185 462 754 689 90 382 211 295 263 424 247 348 845 624 416 205 506 692 495 512 572 597 251 22 810 530 375 406 483 376 439 246
288 689 233 193 248 539 792 396 442 704 732 327 271 0 495 475 601 572 589 912 395 644 870 820 197 253 438 146 513 357 497 447 685 562 298 77 245 505 264 780 494 639 82 278 613 732 245 677 289 284 243 498
570 1053 478 565 330 774 653 310 681 618 686 176 224 495 0 106 551 81 630 786 193 420 746 671 309 559 163 496 163 591 114 427 1026 765 584 425 730 890 713 302 727 672 473 221 1009 449 574 191 692 539 635 149
605 975 411 509 364 683 550 213 594 512 580 202 213 475 106 0 445 130 526 683 265 319 643 569 279 587 249 508 65 509 216 326 944 672 618 416 695 820 665 306 638 567 437 200 939 359 509 211 633 575 651 47
862 702 378 475 675 370 196 269 338 102 143 562 507 601 551 445 0 557 115 310 666 206 268 225 480 831 669 721 398 325 656 162 652 334 874 597 690 612 607 605 347 134 521 484 710 289 429 579 533 844 844 407
650 1105 537 629 411 813 636 343 724 613 685 256 300 572 81 130 557 0 647 765 266 401 727 651 382 639 231 576 159 639 166 452 1074 800 663 504 804 947 781 222 768 685 545 295 1066 413 634 110 756 618 717 153
866 591 356 434 703 261 271 326 248 172 157 613 548 589 630 526 115 647 0 352 721 320 316 298 503 833 731 722 488 263 728 206 539 221 877 600 636 514 545 714 244 51 507 526 606 404 381 680 466 853 832 493
1168 885 686 778 970 583 133 558 596 207 195 841 796 912 786 683 310 765 352 0 935 365 42 114 782 1139 929 1030 623 614 899 468 827 536 1181 906 987 847 897 725 582 315 831 774 923 365 728 745 818 1150 1154 637
392 1042 472 525 168 806 801 398 705 749 809 110 185 395 193 265 666 266 721 935 0 578 894 823 265 386 46 347 330 609 120 516 1025 809 405 318 641 865 650 485 757 769 406 202 981 624 553 373 651 359 475 312
859 893 461 574 637 563 234 248 512 222 298 492 462 644 420 319 206 401 320 365 578 0 326 251 473 834 568 733 257 468 534 230 847 531 872 615 793 784 726 406 532 338 573 440 891 98 541 396 663 835 871 272
1126 863 646 739 928 554 92 516 562 165 160 799 754 870 746 643 268 727 316 42 894 326 0 77 740 1096 888 987 583 576 859 426 805 508 1139 864 949 818 860 694 551 282 789 731 897 333 689 711 782 1107 1112 597
1068 872 602 701 863 552 28 453 546 128 159 730 689 820 671 569 225 651 298 114 823 251 77 0 680 1040 815 932 508 547 785 373 817 508 1081 809 916 811 831 619 542 275 741 666 898 256 654 633 755 1048 1061 523
388 777 207 265 200 546 654 229 444 578 621 165 90 197 309 279 480 382 503 782 265 473 740 680 0 361 297 259 317 347 337 317 759 553 402 145 422 603 406 584 496 554 163 87 721 553 288 483 393 368 399 301
35 907 481 444 228 791 1013 591 695 932 968 389 382 253 559 587 831 639 833 1139 386 834 1096 1040 361 0 432 111 643 611 507 670 913 816 44 234 406 725 472 862 747 884 332 401 820 909 498 750 521 48 102 625
436 1074 501 560 215 830 795 405 730 748 811 133 211 438 163 249 669 231 731 929 46 568 888 815 297 432 0 393 314 634 75 524 1056 830 449 361 683 900 689 446 781 777 444 224 1017 607 585 335 687 403 521 297
145 822 370 339 178 685 905 487 587 823 857 320 295 146 496 508 721 576 722 1030 347 733 987 932 259 111 393 0 558 501 464 561 823 708 155 124 339 638 388 797 640 772 221 311 740 812 391 687 427 138 144 541
662 968 420 525 424 665 490 197 581 458 528 263 263 513 163 65 398 159 488 623 330 257 583 508 317 643 314 558 0 502 276 297 934 649 676 459 722 821 683 284 621 525 466 247 938 294 518 208 645 634 702 18
645 466 142 178 534 199 518 305 96 419 420 501 424 357 591 509 325 639 263 614 609 468 576 547 347 611 634 501 502 0 658 241 435 211 655 390 373 324 283 780 149 307 279 409 439 567 122 710 208 639 591 498
511 1110 532 603 286 849 766 402 752 728 794 174 247 497 114 216 656 166 728 899 120 534 859 785 337 507 75 464 276 658 0 522 1087 846 524 421 741 939 739 374 801 772 494 255 1057 563 622 264 731 478 594 262
700 690 238 347 513 372 345 120 300 262 304 409 348 447 427 326 162 452 206 468 516 230 426 373 317 670 524 561 297 241 522 0 650 353 712 437 568 563 496 555 332 253 369 326 675 329 312 501 433 682 687 299
948 60 555 506 919 284 793 736 352 704 657 922 845 685 1026 944 652 1074 539 827 1025 847 805 817 759 913 1056 823 934 435 1087 650 0 318 953 749 522 190 441 1205 318 545 636 833 144 939 472 1142 396 954 851 931
851 369 353 373 745 46 483 458 120 389 351 699 624 562 765 672 334 800 221 536 809 531 508 508 553 816 830 708 649 211 846 353 318 0 860 601 521 311 421 905 71 233 488 607 390 621 317 854 341 846 787 650
13 945 526 488 255 835 1054 631 739 975 1011 417 416 298 584 618 874 663 877 1181 405 872 1139 1081 402 44 449 155 676 655 524 712 953 860 0 278 442 764 511 886 791 928 376 436 857 946 542 774 563 45 120 657
266 755 253 245 174 582 781 367 481 699 734 254 205 77 425 416 597 504 600 906 318 615 864 809 145 234 361 124 459 390 421 437 749 601 278 0 322 573 338 717 535 651 116 215 684 697 291 611 355 253 256 443
439 508 331 220 488 482 887 564 413 789 793 569 506 245 730 695 690 804 636 987 641 793 949 916 422 406 683 339 722 373 741 568 522 521 442 322 0 332 99 1001 451 679 259 509 416 890 261 904 180 452 331 709
759 183 411 339 746 264 784 626 274 686 658 768 692 505 890 820 612 947 514 847 865 784 818 811 603 725 900 638 821 324 939 563 190 311 764 573 332 0 253 1102 269 537 464 684 119 881 317 1027 217 767 660 815
506 435 270 159 512 382 802 510 315 703 702 565 495 264 713 665 607 781 545 897 650 726 860 831 406 472 689 388 683 283 739 496 441 421 511 338 99 253 0 967 352 586 245 493 352 824 184 876 81 514 410 672
872 1243 705 809 633 927 613 476 853 626 702 477 512 780 302 306 605 222 714 725 485 406 694 619 584 862 446 797 284 780 374 555 1205 905 886 717 1001 1102 967 0 887 740 743 502 1219 362 802 112 929 840 938 294
782 361 292 303 684 49 515 425 53 417 390 648 572 494 727 638 347 768 244 582 757 532 551 542 496 747 781 640 621 149 801 332 318 71 791 535 451 269 352 887 0 269 421 556 363 626 248 829 271 778 717 620
917 599 406 481 754 276 250 372 281 158 121 661 597 639 672 567 134 685 51 315 769 338 282 275 554 884 777 772 525 307 772 253 545 233 928 651 679 537 586 740 269 0 557 576 623 415 427 712 506 904 882 532
366 645 151 130 282 467 713 329 367 624 650 320 251 82 473 437 521 545 507 831 406 573 789 741 163 332 444 221 466 279 494 369 636 488 376 116 259 464 245 743 421 557 0 251 578 664 175 645 247 359 325 453
423 854 278 349 198 605 641 216 505 576 628 92 22 278 221 200 484 295 526 774 202 440 731 666 87 401 224 311 247 409 255 326 833 607 436 215 509 684 493 502 556 576 251 0 802 509 366 399 477 397 455 230
854 101 531 456 858 346 873 743 379 777 741 886 810 613 1009 939 710 1066 606 923 981 891 897 898 721 820 1017 740 938 439 1057 675 144 390 857 684 416 119 352 1219 363 623 578 802 0 987 436 1145 331 864 748 933
932 986 558 670 703 655 250 335 608 276 350 549 530 732 449 359 289 413 404 365 624 98 333 256 553 909 607 812 294 567 563 329 939 621 946 697 890 881 824 362 626 415 664 509 987 0 639 380 762 907 953 311
533 489 97 56 452 293 625 333 196 528 536 452 375 245 574 509 429 634 381 728 553 541 689 654 288 498 585 391 518 122 622 312 472 317 542 291 261 317 184 802 248 427 175 366 436 639 0 719 128 530 472 509
760 1176 621 720 522 871 623 405 790 618 693 367 406 677 191 211 579 110 680 745 373 396 711 633 483 750 335 687 208 710 264 501 1142 854 774 611 904 1027 876 112 829 712 645 399 1145 380 719 0 844 728 827 212
556 400 224 128 528 303 726 461 233 627 623 558 483 289 692 633 533 756 466 818 651 663 782 755 393 521 687 427 645 208 731 433 396 341 563 355 180 217 81 929 271 506 247 477 331 762 128 844 0 560 470 636
33 950 505 477 211 823 1022 597 725 944 983 374 376 284 539 575 844 618 853 1150 359 835 1107 1048 368 48 403 138 634 639 478 682 954 846 45 253 452 767 514 840 778 904 359 397 864 907 530 728 560 0 149 615
123 839 475 415 309 758 1033 624 667 947 975 461 439 243 635 651 844 717 832 1154 475 871 1112 1061 399 102 521 144 702 591 594 687 851 787 120 256 331 660 410 938 717 882 325 455 748 953 472 827 470 149 0 685
644 964 412 515 405 664 504 194 579 470 539 244 246 498 149 47 407 153 493 637 312 272 597 523 301 625 297 541 18 498 262 299 931 650 657 443 709 815 672 294 620 532 453 230 933 311 509 212 636 615 685 0
