295
0 665 597 417 828 696 1058 407 750 612 802 55 617 639 625 475 615 534 312 235 365 624 582 820 735 678 139 413 931 938 508 500 955 883 539 676 454 560 860 470 942 229 91 711 863 707 644 666 904 505 606 534 732 855 624 693 785 658 247 1045 597 432 663 632 701 580 493 525 702 308 285 319 737 456 880 425 480 744 649 548 309 682 516 146 648 517 223 728 743 968 617 527 882 505 983 78 632 622 175 292 343 923 314 886 829 763 78 830 981 193 697 719 375 263 575 315 598 881 647 780 462 546 238 561 302 416 896 278 935 354 436 757 800 707 303 853 108 642 397 532 925 484 735 656 1141 454 697 538 561 404 507 396 945 730 423 733 566 343 895 119 319 259 933 688 277 339 541 466 702 932 936 462 587 548 387 450 881 584 787 742 738 930 657 1035 668 211 736 722 589 428 366 407 541 839 861 726 796 567 216 647 870 847 1013 365 533 341 388 587 750 921 654 208 881 610 828 562 591 978 220 915 421 534 119 423 911 640 767 629 274 276 772 368 328 524 139 734 493 577 679 372 661 508 533 508 477 545 631 779 141 737 142 478 122 1100 379 148 410 524 605 612 176 293 531 862 738 335 538 820 914 842 43 334 595 767 530 784 471 1025 878 617 470 652 549 665 506 590 725 23 792 917 342 748 50 222 423
665 0 289 326 284 173 409 329 434 216 176 611 61 327 213 782 262 131 848 441 649 134 215 474 704 320 622 533 269 519 342 648 376 218 469 281 472 239 528 378 278 684 738 125 215 265 702 365 836 729 398 396 89 717 557 567 125 62 752 404 72 233 448 175 593 237 436 457 760 676 866 949 357 314 876 255 308 524 545 132 486 376 554 619 784 387 790 504 86 318 93 745 683 358 350 640 267 411 494 881 475 869 661 560 701 339 588 233 329 476 494 434 791 661 476 576 703 710 318 114 214 308 834 154 833 385 534 390 628 652 516 746 135 95 502 279 558 40 702 579 286 182 768 273 510 328 136 284 318 289 804 314 299 109 245 121 536 354 566 696 670 702 268 295 476 338 708 205 765 869 772 458 394 469 742 477 219 761 426 585 724 371 513 407 26 509 110 512 632 479 728 371 508 523 476 110 829 161 563 749 598 466 436 431 652 682 283 502 248 324 283 523 251 99 556 708 186 493 459 849 812 356 636 790 537 679 664 463 400 390 204 630 880 663 644 740 236 300 208 609 473 729 507 160 510 370 38 734 786 726 668 447 693 469 286 532 514 438 219 309 492 376 208 243 124 500 447 308 514 804 696 335 173 453 752 129 500 460 681 661 353 260 127 104 161 77 509 646 454 320 871 191 645 468 719
597 289 0 452 574 161 653 191 695 74 460 544 306 570 463 884 33 270 863 369 738 390 444 746 914 577 617 659 502 805 99 789 661 417 191 542 621 67 801 146 499 711 686 413 480 118 883 96 1066 855 619 588 274 957 759 790 389 231 770 657 288 291 682 432 813 56 176 183 948 737 860 915 626 466 1091 224 475 769 758 204 563 626 718 618 948 572 785 748 299 567 198 876 936 540 614 606 42 636 430 871 287 1097 727 833 937 617 523 520 577 453 731 687 852 706 674 654 868 959 55 349 325 53 818 156 849 517 812 346 901 736 273 953 361 238 577 567 494 249 793 745 551 281 964 62 764 480 421 60 529 218 913 415 556 251 255 243 722 421 840 674 737 738 487 559 329 283 852 229 951 1100 1023 613 608 188 821 232 458 909 697 819 931 659 224 670 315 530 399 753 809 616 801 193 688 792 755 245 1030 143 417 920 863 744 718 536 804 755 263 700 533 607 537 398 525 345 818 860 105 783 460 1079 885 89 621 870 817 864 891 683 338 359 494 724 890 810 638 942 402 520 480 707 186 856 685 236 252 95 292 950 737 932 661 609 673 727 308 512 283 621 70 24 432 334 121 523 245 591 169 597 797 1023 611 360 118 716 882 317 244 745 934 842 515 517 308 383 280 278 752 585 722 603 891 480 558 480 817
417 326 452 0 413 446 664 322 351 413 410 372 265 227 211 459 446 215 530 271 322 232 170 420 473 263 329 215 556 530 425 341 541 534 542 258 169 386 468 426 573 368 465 320 479 509 432 548 635 414 219 159 414 543 320 367 418 353 436 646 256 161 286 225 386 402 488 524 497 350 556 650 324 40 649 237 63 379 327 273 163 277 266 324 497 140 484 359 413 579 332 433 543 112 583 365 461 238 288 573 420 664 335 498 519 347 353 426 591 234 332 326 465 340 238 250 416 555 505 433 132 427 531 317 516 66 498 224 557 325 514 510 452 406 179 442 331 324 376 293 530 179 516 481 735 43 301 402 150 261 483 42 554 427 200 436 275 82 506 407 344 383 566 270 371 233 404 222 500 669 618 160 201 547 416 492 510 460 381 406 487 514 639 630 316 215 354 358 357 166 401 368 241 450 455 425 583 330 423 468 499 441 598 104 353 355 209 263 334 512 236 373 484 237 453 409 374 562 200 649 485 455 347 463 511 413 464 268 247 209 365 304 564 360 349 496 93 162 266 284 615 415 236 227 535 473 288 513 507 488 371 158 403 695 160 268 497 180 409 476 282 219 332 463 440 173 525 403 508 586 458 138 368 371 440 456 523 608 539 391 76 234 201 280 190 255 359 394 392 508 551 342 418 195 395
828 284 574 413 0 445 281 583 245 500 133 779 279 233 202 774 546 353 921 641 676 220 245 247 567 194 742 544 247 246 621 614 127 298 750 171 471 521 292 652 272 766 879 161 175 538 608 648 654 701 313 363 326 527 456 429 215 344 833 256 302 431 319 199 453 521 713 737 650 727 956 1057 173 378 714 491 356 351 429 395 562 236 510 736 702 368 888 338 301 222 376 709 473 359 196 779 551 313 679 974 727 688 710 319 519 132 758 76 232 637 346 266 827 730 403 629 630 507 601 266 385 590 937 431 907 436 281 587 382 684 785 607 269 355 576 42 733 324 717 528 170 386 644 555 328 384 159 565 294 529 786 432 197 355 465 368 466 484 322 819 717 774 273 168 708 555 661 440 655 684 561 455 324 751 766 749 231 703 210 423 590 103 798 230 259 629 177 351 555 491 759 631 452 296 226 359 691 440 786 660 373 221 185 495 603 720 502 420 79 106 194 739 135 255 342 652 470 209 608 666 832 637 761 805 278 583 504 357 604 579 79 656 955 619 761 610 335 271 149 634 758 700 456 397 785 652 286 583 921 593 783 437 816 291 479 680 779 402 504 594 674 575 483 112 368 558 728 39 249 640 866 505 457 255 717 314 773 199 473 574 382 185 318 200 368 313 346 805 240 103 937 97 823 606 726
696 173 161 446 445 0 493 298 608 97 319 641 217 496 382 903 128 231 927 460 762 303 377 647 868 492 687 661 342 687 250 785 516 255 352 453 609 149 702 296 338 767 779 294 327 93 856 208 1005 860 562 549 122 888 716 733 241 113 832 498 210 304 616 345 758 134 337 345 917 776 935 1004 531 446 1042 274 447 695 708 174 589 547 699 686 932 537 858 675 148 409 115 878 856 506 458 689 123 576 521 948 427 1038 764 733 871 513 618 382 417 525 663 606 893 753 633 682 851 883 165 195 314 203 897 140 913 511 706 422 802 763 431 909 204 90 604 431 588 144 817 725 397 268 928 117 605 461 309 191 477 291 928 420 399 95 288 84 689 445 739 753 773 790 326 469 453 358 847 247 921 1039 945 597 555 349 852 390 300 902 599 754 887 520 366 513 200 584 269 682 783 611 835 322 659 697 648 89 991 132 544 899 772 638 571 545 793 788 316 659 419 461 455 515 376 261 730 850 106 653 520 1019 920 248 695 901 708 834 832 628 422 429 368 745 957 802 709 901 370 461 382 726 323 861 656 222 412 256 195 899 830 888 732 588 751 568 344 586 438 589 105 172 521 407 164 377 86 610 331 474 684 970 718 401 100 627 886 158 404 599 854 814 492 432 255 278 255 205 680 680 627 457 954 358 664 536 838
1058 409 653 664 281 493 0 738 517 582 256 1005 445 513 457 1055 620 531 1188 844 951 435 495 499 838 475 991 820 151 437 731 896 192 240 845 448 747 624 529 773 156 1029 1121 347 196 570 887 695 902 982 595 640 383 777 736 704 284 444 1097 31 468 630 600 438 728 615 824 836 925 998 1219 1314 452 634 971 664 615 620 708 542 822 518 792 986 982 643 1147 610 359 91 490 991 713 631 85 1020 617 595 893 1236 883 936 981 546 774 410 983 240 80 864 622 543 1102 997 685 898 911 750 656 310 596 689 1195 556 1174 699 502 792 595 958 912 876 294 418 838 241 954 445 995 810 133 578 916 609 114 643 364 670 566 699 1068 671 113 403 650 410 748 722 546 1068 988 1041 168 448 885 744 943 613 931 930 794 731 604 842 1043 872 196 985 474 692 861 229 854 72 398 876 322 623 836 766 1034 777 734 541 461 409 959 560 972 940 611 462 192 757 885 993 689 702 351 177 470 931 179 447 592 933 569 350 841 913 1109 736 1008 1084 491 862 770 638 804 789 300 931 1223 901 1012 882 574 543 405 909 810 982 737 567 900 747 436 848 1166 864 1034 714 1065 84 683 915 914 681 589 665 890 778 608 200 407 823 823 314 457 899 1092 724 557 523 999 335 890 220 714 854 648 457 510 392 557 477 618 1036 501 179 1207 323 1044 844 1004
407 329 191 322 583 298 738 0 634 207 502 353 308 501 418 712 208 230 673 177 566 366 383 696 795 521 427 505 592 780 117 636 694 523 220 496 482 154 749 105 597 524 495 427 545 299 747 272 958 693 526 478 365 862 642 686 453 295 581 734 284 177 594 398 707 173 166 202 813 556 668 724 580 349 970 98 365 686 648 197 396 559 580 428 801 459 594 666 383 646 249 715 855 428 680 415 225 545 239 680 146 987 549 782 839 584 332 551 658 264 642 617 669 523 560 482 724 871 244 430 228 143 626 183 659 380 770 159 846 562 207 831 448 333 408 591 303 292 620 606 615 204 834 248 839 360 424 131 440 62 742 280 628 354 133 353 596 266 789 482 558 552 586 512 155 103 698 144 815 991 935 477 511 225 643 177 543 754 649 723 808 682 323 736 345 347 431 667 673 471 623 50 562 736 718 349 901 183 246 777 797 704 755 383 656 578 113 585 521 646 483 217 579 328 750 709 193 781 276 971 705 148 430 692 779 730 786 584 148 174 507 554 699 659 448 816 310 439 454 540 306 694 557 186 218 165 308 835 547 809 470 478 481 799 161 322 197 502 200 209 240 149 137 569 357 427 204 595 766 908 424 198 200 655 721 418 206 777 851 707 396 467 267 384 218 273 667 394 669 642 701 486 371 297 645
750 434 695 351 245 608 517 634 0 630 356 711 395 133 231 571 675 428 762 622 504 308 255 70 322 118 635 379 491 192 710 408 332 530 840 154 312 631 116 727 516 626 778 323 414 697 372 785 415 491 144 216 508 290 227 186 425 494 686 489 409 457 101 265 210 639 792 824 408 567 808 916 80 312 470 536 289 105 196 491 445 75 311 628 467 232 749 93 489 468 507 495 249 246 434 685 685 129 639 826 757 449 550 148 278 115 695 315 477 581 106 34 647 583 205 482 402 278 736 470 406 693 799 539 749 334 147 573 212 514 840 361 481 526 455 287 676 464 533 320 416 434 399 696 536 309 303 666 203 572 577 389 443 535 501 549 255 434 156 707 554 625 516 139 717 568 444 497 413 447 338 300 163 843 584 811 469 478 48 177 344 293 914 455 408 538 361 106 330 338 581 684 255 101 113 538 445 552 774 425 167 100 364 385 389 551 527 210 209 340 158 725 380 353 122 430 593 255 545 428 642 734 656 615 161 348 259 144 595 559 279 485 796 407 649 365 325 197 226 465 880 490 261 469 852 752 414 337 810 348 667 281 703 505 486 605 828 235 631 719 633 566 581 356 550 427 819 207 165 396 793 485 581 20 502 516 840 357 247 342 284 178 389 329 426 418 100 726 42 339 772 273 760 534 535
612 216 74 413 500 97 582 207 630 0 386 558 237 508 399 859 45 213 860 378 714 323 383 678 863 512 616 625 431 733 152 754 587 348 263 476 581 53 733 198 430 703 698 341 406 101 839 154 1010 824 563 538 201 899 709 735 315 156 766 585 221 256 623 365 759 36 241 253 902 720 863 925 559 422 1040 205 427 708 705 147 539 563 676 616 909 523 787 688 226 495 126 844 874 491 540 612 54 579 440 875 330 1043 710 766 880 547 536 446 505 452 672 624 837 694 624 632 828 898 105 276 281 107 823 98 846 479 743 345 834 714 334 903 289 165 554 493 506 176 770 703 477 235 917 69 693 436 350 93 474 212 886 380 483 179 228 172 675 395 772 678 719 728 418 493 360 281 816 193 906 1044 962 571 553 261 801 293 387 873 629 761 880 585 297 597 242 520 325 693 765 579 783 226 642 726 686 173 982 84 450 879 798 675 644 504 766 736 247 650 461 532 473 424 451 278 753 822 40 710 452 1024 868 154 623 851 748 818 836 628 342 355 421 699 888 773 637 893 352 463 411 681 257 825 639 187 318 164 221 898 750 882 661 566 677 655 285 512 340 574 7 93 440 332 88 449 176 565 241 524 727 970 631 341 50 651 850 247 309 671 872 797 470 452 248 312 229 212 692 598 656 528 887 407 578 470 793
802 176 460 410 133 319 256 502 356 386 0 749 196 297 214 826 430 281 939 592 711 179 246 371 667 269 736 583 153 380 519 674 201 174 644 232 511 414 420 555 175 778 864 91 70 412 692 526 771 760 382 411 197 645 539 526 82 229 847 243 220 377 408 187 552 411 613 633 742 752 967 1060 275 383 825 419 366 459 517 305 571 324 571 731 784 410 894 443 172 169 268 772 596 392 183 764 432 388 638 984 648 805 736 449 634 241 727 62 181 608 444 369 861 748 472 652 707 629 481 133 340 483 942 331 925 451 414 539 514 717 693 709 135 229 587 112 699 217 758 593 122 326 741 433 343 393 109 460 332 456 843 415 144 226 401 239 537 465 453 813 744 791 171 239 642 495 727 367 747 802 686 496 386 644 805 654 117 775 329 529 690 200 680 237 157 620 70 454 632 527 794 546 516 422 357 231 794 338 726 744 500 350 259 507 669 751 439 494 147 148 249 682 79 192 465 722 360 335 584 783 873 531 752 848 411 668 612 438 552 534 77 691 973 684 756 709 319 308 168 669 639 760 518 321 687 545 193 688 910 692 779 480 809 302 429 658 690 455 390 478 635 525 384 66 238 576 622 169 383 751 836 468 347 370 780 180 677 285 596 655 404 230 256 136 305 230 450 780 359 143 959 88 788 588 771
55 611 544 372 779 641 1005 353 711 558 749 0 563 597 577 482 561 479 347 180 360 573 534 781 718 634 136 391 876 897 456 489 906 828 495 630 424 506 823 420 888 240 142 659 810 653 631 615 888 503 568 497 676 832 598 666 730 603 271 992 542 378 628 581 676 525 447 480 691 311 327 371 695 411 869 370 435 711 622 492 278 642 494 142 643 480 259 695 688 915 561 526 855 465 931 84 578 585 120 336 299 908 314 851 806 719 22 779 927 142 664 681 393 266 544 300 588 856 595 725 409 493 281 506 335 376 858 222 902 350 396 742 745 652 275 803 52 587 399 511 872 430 723 602 1089 410 645 484 518 349 514 347 892 675 368 678 541 294 859 147 321 271 878 643 230 283 535 411 692 917 913 431 549 504 396 406 827 581 746 714 722 881 613 983 614 177 682 689 572 399 374 355 514 803 821 670 786 511 180 638 838 807 964 328 520 343 332 558 701 871 608 163 828 557 794 555 535 934 172 900 437 483 122 436 873 625 744 596 219 220 721 360 366 513 144 720 443 533 630 361 614 505 506 453 437 495 576 761 193 721 156 445 148 1049 325 106 370 490 550 559 120 237 476 810 682 308 492 773 874 827 87 281 540 729 529 729 429 977 851 601 428 606 496 613 451 535 692 41 753 866 377 697 49 178 426
617 61 306 265 279 217 445 308 395 237 196 563 0 279 166 720 282 86 789 399 587 87 160 441 651 277 567 472 313 499 342 587 386 273 473 240 411 247 496 372 325 625 686 119 249 303 645 391 788 668 345 338 150 671 502 516 167 105 694 436 24 185 398 130 541 251 434 459 704 615 809 894 322 253 825 222 247 478 491 115 426 331 494 564 726 328 734 458 147 354 112 684 641 299 378 587 291 359 448 825 454 821 601 528 654 310 541 243 366 425 446 391 731 602 420 516 644 667 343 169 158 314 778 154 775 323 506 346 597 591 506 693 190 150 442 283 512 73 640 520 316 133 713 301 539 267 120 288 262 260 742 255 332 168 205 179 478 297 535 642 609 643 316 256 445 299 647 171 709 821 730 398 339 474 681 469 264 701 392 537 671 375 530 434 52 453 125 465 574 418 667 354 449 488 449 167 775 165 529 690 562 437 447 370 592 621 244 445 228 338 239 487 275 43 518 648 201 484 406 801 751 360 581 729 511 622 615 411 358 344 201 569 822 603 589 686 175 245 174 548 493 668 448 124 505 377 23 682 734 673 612 386 639 498 238 480 501 380 238 328 446 333 205 262 182 439 451 296 491 753 649 284 189 415 691 190 494 469 640 604 292 217 69 79 112 34 463 597 419 333 812 181 600 414 658
639 327 570 227 233 496 513 501 133 508 297 597 279 0 113 541 551 300 694 494 444 193 126 197 381 41 535 312 448 302 579 383 352 465 708 66 239 504 249 595 472 544 677 236 366 582 395 661 509 470 84 130 409 392 242 241 349 382 609 489 289 324 121 151 267 513 660 692 447 498 733 837 98 187 550 403 163 200 224 365 347 58 279 529 486 138 668 180 395 444 389 479 366 137 427 580 562 91 515 751 625 542 481 281 375 127 579 279 456 461 167 118 595 505 175 403 409 390 613 387 273 564 717 413 680 225 274 444 345 452 707 422 401 422 359 272 558 351 484 298 391 302 449 576 559 187 213 537 78 439 555 261 418 434 368 447 240 309 289 611 487 549 468 65 586 435 433 364 452 542 453 224 91 711 534 678 415 479 154 258 402 318 786 463 302 430 278 186 334 261 526 551 222 234 229 435 507 426 646 446 297 214 401 281 374 489 394 196 162 340 48 597 347 235 251 426 469 339 426 522 598 604 556 572 286 371 337 143 465 430 225 424 728 390 552 419 192 66 133 403 753 469 225 339 719 622 300 408 714 404 572 205 607 523 354 491 694 168 508 593 510 436 452 322 449 336 688 207 281 477 681 355 458 154 487 428 707 405 364 358 170 70 261 226 295 297 184 615 169 336 708 209 644 418 492
625 213 463 211 202 382 457 418 231 399 214 577 166 113 0 613 443 198 731 446 497 79 43 284 492 113 541 369 366 362 482 463 330 367 613 80 298 400 339 503 387 572 677 135 285 470 497 553 623 549 187 201 297 505 348 354 248 269 640 438 178 248 234 38 379 407 568 598 553 541 762 859 165 178 663 320 158 312 333 260 365 165 362 536 584 197 691 292 284 377 277 561 476 178 375 577 453 199 479 779 552 656 524 372 488 166 556 217 389 435 281 225 648 539 271 440 505 501 505 281 197 463 740 307 716 241 355 392 439 503 625 534 297 308 380 230 531 238 544 386 326 213 558 465 524 186 111 436 119 358 630 229 351 321 288 334 334 282 378 618 532 583 382 96 524 369 519 274 558 656 564 282 185 615 591 593 327 569 235 372 512 304 683 420 189 427 176 299 431 313 580 468 310 329 301 322 618 320 595 546 399 288 387 299 461 538 320 295 124 300 73 547 280 122 354 515 361 372 405 636 659 505 559 634 362 474 451 251 411 383 157 478 765 474 560 529 134 97 54 455 649 549 311 241 632 523 187 521 719 515 582 266 615 485 289 477 615 244 399 487 475 382 350 257 336 366 592 196 348 590 664 307 349 252 569 320 621 400 474 458 191 53 159 115 201 186 297 602 259 296 749 134 621 403 557
475 782 884 459 774 903 1055 712 571 859 826 482 720 541 613 0 886 675 260 562 146 668 586 625 362 580 346 248 979 748 830 163 888 976 917 606 315 823 637 812 1001 245 429 746 897 959 255 977 500 83 461 416 871 505 349 412 857 812 246 1031 714 604 472 644 402 841 862 900 285 171 322 429 613 467 450 660 475 500 383 729 321 544 265 340 205 416 308 497 867 984 791 91 561 435 969 401 903 463 521 338 737 507 172 649 481 654 485 819 996 465 471 538 124 216 374 230 202 543 940 880 589 847 344 769 255 397 680 556 668 150 844 363 899 865 307 814 494 783 92 251 931 635 322 924 1097 453 723 827 494 668 32 483 957 885 632 895 316 464 656 361 164 217 996 607 666 609 139 666 282 519 577 330 450 924 87 840 940 142 620 453 352 852 1031 1004 768 372 787 484 252 303 108 743 323 615 676 884 365 781 652 225 602 665 930 357 183 141 620 362 703 881 585 618 886 686 578 160 823 825 442 507 88 861 361 66 699 267 427 429 574 540 761 160 285 166 339 338 545 518 659 177 1018 85 319 682 879 878 743 397 424 349 333 346 357 1062 576 424 820 374 854 906 515 564 773 862 899 294 906 746 718 437 510 524 819 577 86 909 869 927 557 257 431 600 659 716 648 714 490 460 606 878 253 742 519 419 67
615 262 33 446 546 128 620 208 675 45 430 561 282 551 443 886 0 254 874 384 740 368 426 723 902 557 629 656 469 779 128 786 631 383 224 521 615 62 778 175 466 720 703 386 448 92 875 109 1052 854 604 576 241 941 748 776 357 202 781 624 266 286 665 410 800 44 209 216 939 742 873 931 604 458 1079 226 465 751 745 187 565 607 711 629 943 561 798 731 267 535 172 874 918 529 581 621 17 621 446 885 314 1083 732 811 922 593 540 490 544 464 714 668 858 713 662 657 862 941 62 316 316 80 832 138 860 511 789 357 879 738 305 942 328 206 579 538 511 222 795 738 519 271 954 41 731 471 395 78 515 226 913 411 523 218 254 210 712 421 818 688 741 746 454 537 352 293 848 223 943 1085 1005 606 594 221 825 264 425 905 675 803 919 630 251 637 287 538 370 736 801 611 805 216 679 771 732 212 1020 125 441 913 842 720 687 534 799 759 267 689 507 576 517 420 494 323 798 855 82 755 468 1065 890 121 634 874 793 855 877 669 350 368 466 725 901 806 650 931 390 504 457 708 211 855 676 224 285 128 267 938 755 921 673 601 687 694 309 524 314 611 44 47 447 344 114 492 212 592 203 570 773 1011 631 363 94 695 880 284 277 715 916 834 506 496 290 358 267 257 735 603 701 572 902 452 578 488 819
534 131 270 215 353 231 531 230 428 213 281 479 86 300 198 675 254 0 721 313 535 137 174 483 649 310 492 430 397 556 283 554 467 350 415 279 378 204 537 306 408 557 606 199 335 301 629 363 797 630 349 325 208 687 495 521 251 140 625 522 63 102 411 173 545 214 371 399 691 556 737 818 364 215 826 139 217 499 491 66 366 357 469 489 703 311 661 478 214 440 116 647 666 279 464 508 267 366 364 752 373 829 542 570 667 361 457 325 452 344 460 417 673 537 411 459 621 688 316 246 88 264 704 115 706 280 553 261 638 537 434 690 267 194 382 362 428 115 590 496 402 50 704 283 625 230 194 237 260 177 699 194 418 216 119 224 463 228 577 565 551 578 398 295 361 213 616 87 695 831 752 366 339 417 628 399 347 671 434 549 667 453 486 519 134 380 211 483 555 379 611 278 432 527 498 213 769 129 444 670 595 486 527 317 563 565 158 437 292 421 270 401 361 98 549 619 173 552 328 811 696 306 504 676 560 608 622 414 272 260 278 518 753 572 513 680 140 250 227 498 453 630 429 44 438 324 96 684 654 669 537 358 562 584 154 400 427 362 212 294 361 247 152 347 228 384 393 364 544 757 565 203 164 449 655 257 426 548 664 587 262 251 39 154 29 55 481 514 458 416 745 256 515 337 610
312 848 863 530 921 927 1188 673 762 860 939 347 789 694 731 260 874 721 0 497 258 763 694 825 613 735 245 384 1087 951 786 381 1045 1062 839 751 456 813 849 755 1104 164 232 850 1009 960 506 944 759 332 628 564 929 754 563 634 948 861 96 1169 775 627 661 752 630 833 789 824 544 196 62 170 783 556 710 656 573 713 597 758 368 715 457 245 466 555 89 704 933 1107 827 346 804 562 1106 266 892 637 438 77 644 767 213 867 729 819 361 948 1119 409 675 728 137 191 557 291 453 789 917 959 634 816 96 787 14 489 890 516 896 247 743 619 979 914 352 956 384 836 240 456 1056 673 581 915 1250 546 830 802 627 648 283 534 1081 936 639 943 516 493 874 199 208 148 1097 756 573 580 386 681 541 779 830 470 612 848 195 752 1041 402 808 681 606 1012 958 1148 841 344 885 694 484 432 188 687 508 826 874 933 626 796 526 484 829 862 1095 432 412 211 613 556 843 1026 727 509 1010 766 797 409 830 1016 407 767 174 815 243 193 909 514 671 618 525 505 888 276 34 396 224 594 624 649 784 296 956 334 501 711 784 829 809 651 202 604 203 489 198 1212 583 350 717 532 854 881 435 529 772 988 947 365 835 900 922 696 331 527 830 772 344 977 776 1098 799 498 540 736 720 810 691 771 699 309 801 1022 30 865 363 391 251
235 441 369 271 641 460 844 177 622 378 592 180 399 494 446 562 384 313 497 0 419 424 404 690 709 526 253 390 709 795 289 514 764 654 356 512 391 326 739 260 719 353 320 504 648 474 642 447 879 557 490 426 500 800 567 624 564 427 407 835 376 215 557 442 640 346 302 339 707 397 491 548 588 310 878 191 333 648 582 316 267 547 482 254 680 407 417 629 513 753 384 580 808 382 775 237 401 509 61 502 177 904 392 769 775 604 158 629 765 97 600 597 504 359 495 338 610 817 422 553 256 320 448 326 483 306 768 54 828 413 284 741 573 474 275 659 128 413 470 506 714 266 734 425 935 314 494 308 419 168 594 233 731 497 195 499 514 190 777 305 401 383 709 527 111 104 572 236 709 911 879 391 472 363 486 278 659 626 649 668 719 744 472 829 447 190 523 627 572 372 464 190 481 721 723 492 801 331 152 664 770 709 824 282 540 422 157 516 567 724 493 102 672 400 724 587 355 817 123 892 543 318 254 533 781 629 716 535 40 63 575 411 522 539 272 722 313 428 495 401 465 559 474 281 317 333 409 752 372 719 293 399 304 895 163 148 261 435 370 386 63 66 295 656 503 302 347 641 775 823 259 140 359 642 585 553 306 841 804 606 344 485 336 458 287 368 628 220 662 719 526 551 207 146 497
365 649 738 322 676 762 951 566 504 714 711 360 587 444 497 146 740 535 258 419 0 543 465 566 384 485 227 131 863 692 683 141 797 851 771 505 205 677 590 666 882 151 342 626 782 815 284 830 546 143 372 313 736 516 308 380 733 675 192 929 578 460 403 524 379 696 717 754 338 70 308 419 528 336 516 514 348 456 341 587 175 460 199 220 283 308 261 446 735 874 651 166 558 320 866 287 757 380 381 326 595 562 56 609 490 567 359 711 886 322 416 470 151 107 299 83 235 548 793 752 448 700 308 626 246 265 632 410 641 12 702 399 771 728 160 713 363 646 55 201 822 493 373 779 1004 323 604 680 384 521 176 342 848 749 486 758 258 319 617 266 56 136 876 508 525 462 176 521 338 572 596 220 358 779 94 697 820 220 550 428 382 762 885 906 637 228 665 436 241 185 83 596 249 568 615 747 432 637 519 282 574 603 844 218 175 47 474 297 600 782 482 482 776 556 540 197 678 758 297 557 163 714 246 141 650 284 429 360 428 394 651 19 292 163 226 375 413 408 547 41 872 145 242 539 736 731 610 426 353 380 229 239 262 967 430 287 679 278 709 760 375 418 627 753 762 151 760 652 664 483 405 377 675 514 170 778 726 846 553 263 307 493 523 592 508 578 441 346 543 779 268 630 403 274 79
624 134 390 232 220 303 435 366 308 323 179 573 87 193 79 668 368 137 763 424 543 0 84 355 570 190 556 420 324 420 418 525 340 308 549 153 353 329 410 443 341 600 685 88 247 390 571 477 702 609 264 267 220 585 423 433 189 189 669 421 102 212 314 42 458 334 507 534 628 579 789 881 236 208 742 272 195 392 411 190 395 244 427 551 655 260 715 372 209 348 199 623 554 234 359 584 377 277 466 805 508 736 564 443 568 227 551 206 361 431 360 304 691 571 344 478 574 580 429 213 167 394 762 235 748 279 422 370 511 548 571 612 231 229 411 235 524 158 593 452 301 166 635 388 516 220 72 367 187 310 687 236 324 243 245 255 405 286 449 633 572 615 334 169 488 335 583 222 632 736 643 338 260 550 637 537 279 636 306 451 590 322 613 410 111 440 122 379 502 364 625 415 379 402 366 244 695 247 566 618 475 354 400 332 526 581 281 369 155 299 152 520 256 45 430 582 286 415 406 716 706 438 572 683 428 547 530 329 386 364 150 524 796 539 576 606 139 167 90 502 577 609 378 182 575 455 107 600 730 592 600 324 629 475 261 480 564 310 324 413 462 358 282 237 258 402 527 228 410 669 660 293 274 327 631 247 563 418 553 530 237 130 99 48 149 111 377 602 332 295 783 127 614 409 608
582 215 444 170 245 377 495 383 255 383 246 534 160 126 43 586 426 174 694 404 465 84 0 313 491 138 500 339 397 399 455 441 372 390 585 113 270 378 367 473 417 533 635 161 317 460 487 535 630 525 184 182 303 516 341 356 271 265 602 477 167 210 241 59 381 387 538 569 545 505 723 819 196 138 665 285 120 325 331 239 327 183 343 494 571 175 652 305 293 413 266 539 492 151 414 534 437 199 436 740 515 662 489 399 497 203 513 256 425 392 289 243 615 502 260 405 490 515 488 297 158 438 700 287 679 205 386 351 466 471 590 532 315 309 342 272 488 233 514 368 363 180 553 451 565 147 139 411 103 322 605 186 387 325 252 337 321 239 407 577 497 545 411 129 484 330 499 243 550 663 579 255 179 587 559 560 355 551 265 379 510 347 660 460 194 385 200 310 418 283 548 434 294 355 334 325 615 300 553 534 422 321 430 261 442 504 282 286 167 342 99 505 317 117 375 497 343 413 362 643 628 479 518 604 395 464 456 250 370 340 196 446 728 454 519 525 92 85 96 424 627 525 294 214 600 497 183 522 677 512 542 241 573 525 249 434 580 225 382 467 432 340 327 294 340 329 564 239 383 593 621 265 333 275 547 332 588 443 490 446 157 84 135 130 171 173 309 559 286 337 713 172 578 361 528
820 474 746 420 247 647 499 696 70 678 371 781 441 197 284 625 723 483 825 690 566 355 313 0 344 174 704 444 493 126 766 463 307 543 897 204 380 683 55 786 519 692 847 355 421 739 410 832 408 543 214 286 541 281 277 222 447 535 751 468 458 520 165 313 242 689 851 881 437 631 873 982 119 381 473 597 357 131 243 544 515 143 370 697 504 302 815 129 520 460 553 545 226 316 419 755 732 198 708 891 822 442 614 87 276 135 765 322 468 651 154 101 707 649 268 549 445 260 784 495 468 747 865 590 813 404 77 641 155 577 902 380 503 563 524 285 746 507 593 377 411 493 423 742 503 378 338 720 271 634 629 457 437 569 563 583 313 503 94 776 618 691 520 187 784 633 493 556 442 438 315 368 233 899 643 872 478 523 48 198 366 269 967 432 447 608 389 142 377 406 642 746 317 50 50 572 461 602 843 462 128 41 330 455 442 614 590 270 232 327 213 793 381 400 96 478 642 200 615 420 699 789 725 672 91 387 272 207 663 627 298 549 859 459 718 388 389 263 267 529 932 542 324 525 913 807 458 350 879 370 736 350 772 476 551 675 890 303 679 768 702 633 634 359 584 496 876 207 97 400 863 552 629 54 552 543 901 317 226 385 354 231 443 370 483 467 137 796 28 326 834 298 830 604 593
735 704 914 473 567 868 838 795 322 863 667 718 651 381 492 362 902 649 613 709 384 570 491 344 0 400 597 328 810 445 897 242 649 840 1015 439 319 847 330 899 835 535 725 616 730 948 107 1010 171 282 306 326 790 142 154 141 728 756 570 809 657 630 261 531 115 860 961 997 98 453 673 783 396 450 177 709 439 218 159 716 450 344 228 589 181 342 639 229 776 790 755 271 204 374 756 658 916 293 696 690 879 195 440 330 119 435 710 634 799 630 223 301 477 490 239 420 160 181 964 768 589 895 683 764 605 415 370 676 327 396 980 41 781 799 448 609 704 724 378 207 737 632 79 932 847 437 594 870 391 735 351 514 765 813 672 826 198 534 334 648 439 518 834 430 819 701 227 687 104 202 216 320 312 1020 419 962 784 225 363 146 22 611 1112 773 681 549 658 216 146 337 428 839 232 311 389 814 126 778 845 144 269 384 674 427 209 423 682 213 521 662 428 799 700 608 262 204 823 535 594 183 450 926 618 425 388 100 77 240 699 658 591 374 642 222 602 44 511 406 513 366 1086 280 238 678 1004 945 674 43 737 26 609 317 643 820 633 622 961 294 861 938 690 676 792 676 829 416 998 529 416 114 778 602 814 315 275 810 992 661 199 120 401 451 617 607 634 662 221 714 337 661 611 580 765 574 363
678 320 577 263 194 492 475 521 118 512 269 634 277 41 113 580 557 310 735 526 485 190 138 174 400 0 576 354 417 269 593 420 311 440 723 40 280 513 228 612 441 586 717 217 335 581 424 666 518 507 119 172 398 397 270 259 327 378 651 450 291 346 139 147 285 520 677 707 472 540 775 878 61 223 564 423 199 204 248 373 388 57 316 569 516 180 709 185 381 409 390 515 364 179 390 620 567 121 550 792 650 552 522 261 382 86 616 245 420 497 179 113 635 547 210 445 441 390 618 369 294 575 759 420 722 265 248 474 327 494 728 441 381 414 401 234 594 348 525 334 356 319 472 578 519 224 196 548 117 460 592 294 383 424 389 437 273 344 268 651 529 591 439 30 614 462 468 381 477 551 453 265 129 726 574 698 387 512 127 268 422 277 796 423 294 469 258 194 365 303 567 571 258 216 198 426 527 433 678 475 286 185 360 322 410 530 417 228 127 300 40 628 313 235 240 460 474 299 463 531 638 617 596 612 258 399 350 169 495 462 194 466 770 426 593 440 217 101 115 444 762 506 262 352 739 635 297 424 755 424 613 246 648 483 380 529 717 208 513 600 544 466 463 288 440 378 702 167 249 490 719 386 463 138 523 412 727 363 362 387 210 60 271 216 310 300 191 654 148 297 750 181 681 456 532
139 622 617 329 742 687 991 427 635 616 736 136 567 535 541 346 629 492 245 253 227 556 500 704 597 576 0 279 876 826 542 361 870 840 602 580 328 569 740 512 891 107 143 644 802 716 505 699 765 369 490 419 699 719 491 561 732 628 154 975 550 393 543 554 568 588 550 586 563 175 247 326 632 364 741 413 385 618 518 522 189 572 381 7 510 404 171 603 706 905 592 391 750 397 912 61 647 505 196 261 410 784 178 765 693 662 139 755 917 164 572 602 262 130 448 177 459 747 672 736 408 571 212 546 231 310 778 271 810 216 514 618 757 680 179 771 152 606 263 395 857 442 596 670 1065 358 627 557 459 404 378 320 880 703 399 709 434 271 773 77 185 138 882 590 338 336 403 442 563 793 800 338 472 611 260 518 828 447 675 610 599 841 720 960 620 115 675 596 451 301 238 443 411 719 748 700 657 555 309 508 744 734 925 253 393 207 371 458 663 841 557 281 812 551 703 424 587 873 166 776 305 571 22 301 794 501 631 506 280 261 695 229 272 385 21 595 417 478 595 232 716 371 403 476 553 586 585 640 179 598 45 355 73 1025 345 105 489 402 609 636 192 284 529 791 713 209 596 729 800 703 181 290 588 650 394 749 544 934 745 478 366 559 497 601 462 545 600 119 677 837 273 671 176 154 290
413 533 659 215 544 661 820 505 379 625 583 391 472 312 369 248 656 430 384 390 131 420 339 444 328 354 279 0 735 570 618 131 665 728 722 373 73 594 473 609 756 248 418 500 654 723 252 754 499 199 243 182 623 441 211 281 609 566 306 798 466 369 279 398 288 611 667 704 317 188 428 537 398 218 490 436 226 344 238 488 123 330 103 272 296 176 371 331 619 745 547 218 470 191 735 338 672 252 370 447 565 522 171 495 415 436 382 581 756 304 300 345 282 205 177 107 221 467 713 632 347 628 420 531 371 150 514 365 535 139 670 356 651 618 120 581 375 536 175 121 692 394 345 693 872 204 477 605 253 452 270 245 718 638 403 648 154 239 503 342 176 246 750 377 501 403 193 432 319 529 522 88 227 728 223 657 694 250 424 331 335 631 829 774 519 220 540 323 185 55 214 543 133 451 492 636 411 543 518 275 468 479 713 123 152 176 400 182 469 651 350 473 646 438 430 203 587 631 270 511 290 649 302 265 531 241 353 238 386 347 521 112 418 154 289 335 297 277 417 90 810 200 126 442 699 667 495 372 442 334 302 107 338 835 352 294 649 147 621 682 364 368 541 623 652 88 707 520 542 440 457 307 582 391 225 661 687 715 465 217 182 362 412 468 405 466 327 391 420 647 397 501 439 248 188
931 269 502 556 247 342 151 592 491 431 153 876 313 448 366 979 469 397 1087 709 863 324 397 493 810 417 876 735 0 469 581 827 231 93 694 382 664 474 535 624 25 924 999 237 82 421 841 545 901 913 533 564 232 774 688 670 145 297 993 157 334 498 554 338 695 464 673 685 888 902 1112 1202 414 531 961 524 516 596 664 399 719 469 724 872 934 563 1038 582 210 70 343 925 719 544 129 899 466 538 761 1128 736 935 886 560 766 375 854 175 77 738 587 509 1012 895 624 801 858 753 506 162 470 538 1084 409 1072 601 519 658 619 868 762 850 145 268 735 207 825 301 911 745 89 446 885 459 263 543 258 520 485 557 996 556 73 252 514 259 688 604 562 951 894 939 29 387 743 607 880 474 893 931 806 649 538 691 957 722 49 927 457 668 832 254 705 178 262 760 201 594 782 679 945 630 669 542 468 258 935 412 831 893 618 464 267 656 822 902 552 644 290 182 400 792 112 324 589 874 419 400 718 913 1025 586 891 1000 513 817 750 587 669 657 223 843 1120 836 897 852 463 461 321 821 661 913 670 429 749 596 300 828 1046 835 920 633 949 227 552 792 765 607 438 514 759 644 460 134 256 725 672 286 480 886 963 597 407 502 932 184 740 299 719 805 555 382 381 276 425 342 589 910 487 181 1107 239 912 724 924
938 519 805 530 246 687 437 780 192 733 380 897 499 302 362 748 779 556 951 795 692 420 399 126 445 269 826 570 469 0 838 587 249 537 970 286 504 746 115 863 494 818 969 394 412 781 523 885 473 666 335 407 571 352 399 340 462 581 877 406 519 609 290 383 355 750 927 955 542 757 999 1107 207 490 548 683 466 248 365 611 636 255 496 819 616 422 941 252 547 421 607 666 282 433 369 875 786 321 818 1017 914 505 740 118 355 196 880 320 426 763 278 225 833 775 394 674 563 320 837 513 558 813 991 653 939 521 75 743 158 703 987 477 516 598 646 273 860 557 719 502 381 576 524 792 417 489 383 787 380 720 750 563 403 600 650 613 438 612 115 899 744 817 499 270 882 728 614 637 548 498 359 492 354 971 769 955 467 640 151 307 467 217 1029 365 492 727 418 264 498 530 768 830 443 136 78 604 552 665 947 574 184 91 249 574 564 740 682 395 272 288 303 897 363 464 182 597 700 93 728 483 824 859 847 797 58 502 369 333 764 731 319 675 985 582 841 489 485 368 329 655 991 664 450 601 994 875 512 443 1002 471 859 473 895 397 647 791 978 427 736 826 812 735 702 346 614 619 948 213 30 479 980 655 687 179 673 561 982 228 285 503 469 314 517 421 563 530 258 914 150 289 960 329 946 719 718
508 342 99 425 621 250 731 117 710 152 519 456 342 579 482 830 128 283 786 289 683 418 455 766 897 593 542 618 581 838 0 750 719 500 131 562 591 107 821 47 581 640 598 459 549 217 856 158 1056 809 616 575 348 955 743 782 456 292 696 733 320 268 682 456 804 117 93 116 921 674 779 827 647 447 1074 188 460 773 746 228 512 637 689 543 913 557 705 752 372 643 250 830 942 525 685 524 141 634 348 789 188 1087 667 854 933 644 437 576 653 380 731 697 787 640 659 599 835 960 141 422 313 47 735 190 773 487 837 277 921 680 182 935 437 313 524 620 409 302 738 715 621 277 941 161 840 460 462 61 527 166 860 385 629 330 225 324 701 378 861 592 676 668 569 579 234 220 812 215 924 1090 1025 584 602 133 761 141 535 868 718 816 912 713 214 741 365 465 453 755 781 582 740 101 667 810 782 324 1008 181 319 888 876 770 778 495 768 696 219 685 569 667 553 304 591 374 830 822 162 827 393 1070 823 31 543 810 844 838 883 677 263 292 541 671 811 772 561 921 395 522 509 657 191 810 662 241 169 49 335 936 649 913 583 583 592 801 268 437 188 603 145 107 351 267 137 585 327 543 109 639 828 1010 519 311 175 731 837 397 159 803 939 815 496 535 323 422 283 310 754 498 741 663 815 524 467 415 763
500 648 789 341 614 785 896 636 408 754 674 489 587 383 463 163 786 554 381 514 141 525 441 463 242 420 361 131 827 587 750 0 726 831 853 449 176 725 478 741 849 293 483 598 744 850 143 885 405 86 300 263 738 377 188 256 711 685 329 871 584 499 309 497 249 741 797 835 202 211 437 549 450 338 380 567 340 341 223 614 247 381 104 354 165 266 398 335 731 828 670 98 423 291 810 422 802 302 488 455 692 423 198 492 351 492 484 662 839 424 309 375 251 248 212 189 99 410 844 739 474 759 444 658 371 275 521 493 517 153 797 258 757 736 239 654 483 654 141 88 774 520 235 822 935 324 575 736 343 583 172 374 801 755 534 766 153 371 499 407 196 276 845 448 625 534 62 562 202 432 455 189 291 859 187 786 790 119 457 301 241 689 960 843 631 334 640 323 103 174 192 674 161 455 514 754 297 671 634 151 450 503 767 254 33 181 532 199 545 721 428 592 730 549 421 72 715 662 392 416 236 781 381 209 540 142 291 265 514 476 606 133 412 24 364 235 416 367 506 128 942 86 158 569 827 799 611 284 495 239 369 201 402 900 484 403 775 219 750 813 482 498 671 705 769 212 839 585 557 343 542 438 709 414 105 772 816 764 418 122 295 445 532 572 530 586 329 480 443 718 384 588 534 369 133
955 376 661 541 127 516 192 694 332 587 201 906 386 352 330 888 631 467 1045 764 797 340 372 307 649 311 870 665 231 249 719 726 0 312 845 294 592 615 336 754 254 892 1007 267 195 607 704 725 710 812 428 483 394 584 556 518 275 431 958 161 410 552 421 324 541 612 813 833 739 850 1082 1183 275 506 779 606 484 431 526 500 689 344 623 864 799 490 1014 423 368 174 469 818 521 484 120 907 632 424 804 1100 840 743 833 354 582 234 885 143 178 764 438 360 947 855 514 754 732 557 680 322 508 684 1064 530 1032 563 311 710 406 805 890 686 317 428 703 105 859 417 836 638 142 504 728 632 208 512 272 661 418 644 898 559 159 421 583 433 574 612 355 947 840 900 260 289 827 675 769 554 744 737 603 577 440 845 886 853 242 807 286 502 672 38 880 124 355 757 266 437 658 614 879 741 565 349 269 427 768 538 906 757 418 270 60 622 712 842 620 528 206 55 318 861 143 369 399 757 562 170 735 721 950 732 889 923 300 680 579 462 727 703 190 777 1080 729 889 693 462 397 276 756 838 811 569 509 887 746 388 658 1048 675 910 558 943 174 601 807 887 520 591 678 800 698 584 139 432 683 823 145 266 707 993 630 548 335 826 366 876 84 522 673 509 311 434 312 485 421 431 932 311 59 1061 213 949 734 843
883 218 417 534 298 255 240 523 530 348 174 828 273 465 367 976 383 350 1062 654 851 308 390 543 840 440 840 728 93 537 500 831 312 0 608 402 661 394 590 544 83 898 956 232 125 329 860 454 945 915 548 568 158 819 708 699 119 229 966 249 290 451 580 333 725 383 590 600 912 884 1082 1167 450 515 999 464 503 633 688 338 696 496 730 837 950 564 1007 617 141 163 275 929 769 541 221 858 378 556 710 1098 664 979 869 617 809 415 805 221 170 694 617 543 998 873 637 784 871 802 417 103 431 456 1051 339 1047 586 579 606 680 855 682 882 83 190 713 264 775 241 902 753 171 400 913 370 354 527 256 439 487 495 995 527 162 171 460 176 701 571 620 914 877 915 71 410 677 550 887 418 917 976 858 646 550 605 945 642 70 937 502 703 862 330 614 271 220 726 190 628 797 672 932 557 677 593 525 177 967 340 767 911 671 519 355 637 829 887 497 660 321 259 416 730 175 296 638 883 341 476 677 957 1014 502 854 991 575 836 786 608 614 607 251 832 1095 842 862 881 440 465 331 810 570 915 678 374 667 511 255 862 1005 865 885 631 911 319 504 750 687 612 355 427 708 591 387 191 172 707 587 337 544 925 912 553 329 544 936 105 658 386 769 822 545 395 343 260 379 295 624 863 533 256 1084 259 860 686 917
