179
0 370 457 215 350 132 629 474 725 309 366 414 810 418 630 202 500 146 252 388 516 18 336 614 501 275 188 294 593 368 295 468 719 321 327 510 379 544 329 451 732 494 104 539 778 287 261 98 133 431 408 749 722 744 257 196 762 202 674 273 187 139 189 476 442 577 340 520 429 278 408 419 316 664 150 164 528 557 31 740 406 622 140 508 288 523 532 339 541 509 172 220 640 309 545 424 413 355 695 547 368 705 425 688 222 23 583 332 479 390 291 324 253 470 544 530 563 402 660 371 418 407 625 595 236 525 592 334 302 665 410 229 291 521 211 456 410 356 534 641 258 136 128 407 349 163 683 422 157 780 300 164 670 548 149 54 736 643 122 520 217 604 675 138 281 407 555 563 381 278 479 321 768 356 587 523 479 655 424
370 0 489 165 350 389 660 754 645 669 723 774 836 47 457 572 798 390 318 548 453 359 691 606 138 151 389 467 683 96 390 597 367 84 542 166 618 531 625 499 621 226 320 885 814 378 549 354 482 798 761 804 623 779 327 502 810 573 657 488 413 432 270 535 180 793 706 759 69 592 583 693 307 293 312 490 870 646 344 384 35 731 485 671 485 421 872 110 782 775 523 488 480 433 213 527 601 131 675 246 40 442 590 450 264 373 334 388 826 259 448 660 130 494 641 750 234 529 690 659 767 495 787 770 306 163 646 692 283 798 573 143 620 174 437 689 574 478 775 342 627 465 462 704 218 207 653 562 497 757 406 426 330 356 246 412 666 515 268 848 460 669 706 386 536 627 368 309 638 246 305 579 801 167 360 800 114 467 460
457 489 0 395 142 583 1049 921 1094 543 748 782 1234 515 934 533 937 318 220 167 884 467 728 1017 602 545 273 194 1032 570 714 913 815 407 239 484 837 940 777 868 1082 714 525 924 1206 703 715 540 573 767 795 1182 1080 1170 212 650 1193 547 1075 727 637 352 567 49 665 1034 697 975 485 396 861 870 189 665 315 615 921 995 465 825 512 1068 582 962 740 869 928 564 996 959 602 678 954 742 694 90 868 590 1095 735 452 932 877 939 277 480 823 128 868 241 184 747 493 878 984 987 716 122 1081 820 812 74 1080 1052 629 625 1020 720 663 1117 861 423 724 493 663 912 861 793 989 829 562 589 580 849 272 437 1078 868 417 1182 725 620 796 834 501 505 1112 979 379 931 673 1036 1097 325 293 864 845 798 837 622 773 304 1194 325 846 969 580 948 34
215 165 395 0 254 271 664 650 698 505 579 628 848 212 546 412 686 226 185 412 489 208 549 625 303 150 230 322 661 200 342 554 531 105 391 294 528 548 510 486 687 348 196 749 821 330 435 228 340 647 620 803 684 785 195 378 811 415 683 400 311 266 192 434 294 719 556 674 215 427 519 591 208 453 150 358 736 623 194 549 201 703 345 616 404 473 740 183 697 678 381 378 564 378 367 408 532 208 703 387 155 572 531 568 124 223 454 273 689 224 306 528 99 491 615 673 388 403 695 549 629 380 737 714 251 328 639 548 270 762 514 30 490 305 338 604 514 429 689 485 466 330 325 591 174 67 684 512 332 789 356 313 490 448 135 264 716 586 103 722 358 658 712 222 378 546 458 429 541 229 383 421 809 157 470 698 279 563 362
350 350 142 254 0 466 914 824 953 512 681 721 1099 380 791 471 847 232 97 221 744 357 657 879 470 403 192 177 903 428 582 787 690 267 252 368 727 802 679 734 940 573 401 860 1071 571 611 421 478 717 727 1050 938 1035 93 546 1060 482 937 609 518 279 433 185 523 924 637 869 353 378 740 770 46 553 200 514 853 865 351 702 375 941 486 841 620 727 859 421 891 859 512 567 811 613 559 180 750 448 957 597 315 793 755 798 143 371 682 54 801 124 157 663 350 742 855 877 581 190 946 722 742 148 961 934 495 494 887 651 524 994 739 281 635 379 545 803 739 665 884 692 511 486 478 755 138 301 939 743 356 1043 594 505 666 691 367 403 970 837 253 855 558 904 962 236 283 751 702 657 731 483 630 312 1059 192 704 873 447 806 110
132 389 583 271 466 0 499 379 607 379 343 395 679 433 539 259 415 278 369 520 406 118 311 489 500 254 319 427 460 352 172 335 697 367 458 548 262 421 239 323 620 448 74 497 647 167 163 45 119 431 377 617 609 613 375 112 630 251 548 144 54 269 130 605 403 459 341 407 456 390 278 319 427 676 268 106 481 425 117 719 420 490 117 378 157 421 483 321 430 407 153 107 544 180 520 556 285 327 570 508 400 638 294 613 327 109 520 456 439 483 422 272 258 345 412 412 535 535 530 277 380 537 497 469 143 521 461 315 217 534 279 270 231 559 80 339 278 225 423 593 311 88 91 320 436 204 559 289 267 653 175 41 641 469 144 105 616 539 215 458 92 472 545 270 409 285 474 504 272 209 403 447 637 428 517 427 481 567 549
629 660 1049 664 914 499 0 471 202 836 671 709 185 675 346 723 528 771 828 1014 219 613 648 75 671 530 807 918 105 565 338 198 728 703 956 808 372 131 478 181 255 509 535 713 157 348 468 531 582 770 670 145 234 121 837 505 150 710 85 382 447 768 482 1080 516 354 712 389 718 883 277 444 868 828 741 539 687 109 607 751 668 144 575 234 360 268 683 549 400 447 589 453 325 319 611 1039 291 529 101 555 695 515 258 464 772 607 472 921 682 881 911 576 579 172 124 347 607 1023 31 465 657 1017 254 271 420 674 47 661 394 214 262 641 548 813 429 363 263 275 396 566 760 548 557 495 831 613 109 235 763 163 330 478 668 388 548 603 190 271 672 631 434 60 48 763 909 340 380 481 404 436 389 947 145 796 438 481 669 373 1015
474 754 921 650 824 379 471 0 664 491 254 272 581 794 720 418 59 603 727 815 549 469 247 517 845 606 647 737 371 696 390 290 1005 743 736 919 146 496 145 404 706 744 453 242 547 399 216 423 347 335 231 502 687 527 731 279 520 402 555 268 342 569 484 931 714 165 314 97 823 601 230 60 791 1025 624 309 216 362 478 1029 782 357 339 236 276 594 212 666 103 44 319 272 711 349 837 871 207 663 572 806 772 870 241 829 695 454 775 802 219 858 740 191 625 436 347 139 846 843 486 103 212 861 276 241 453 861 424 261 504 341 248 648 200 928 317 110 247 328 101 867 423 337 346 73 813 583 577 279 517 624 375 337 943 698 520 421 657 676 586 160 295 413 492 596 674 156 697 769 118 525 652 696 544 807 755 48 830 752 890
725 645 1094 698 953 607 202 664 0 975 841 884 257 646 218 857 723 854 880 1089 212 707 815 147 614 549 883 993 307 549 435 376 608 708 1044 767 549 190 649 297 59 444 621 903 258 440 622 628 711 942 847 282 39 236 889 645 273 845 118 523 564 862 548 1132 472 556 875 587 690 997 450 630 906 741 807 673 878 305 698 628 642 345 705 430 500 226 874 543 600 644 727 592 191 435 532 1101 469 518 110 472 684 367 433 317 820 705 369 971 868 894 982 744 602 268 318 547 522 1090 201 643 836 1074 456 474 491 609 244 827 438 410 433 671 712 769 554 554 434 407 595 448 901 675 683 679 847 663 94 401 874 142 433 599 553 302 610 712 26 138 735 824 566 262 206 846 1005 521 291 387 583 475 340 1046 246 803 332 678 619 232 1060
309 669 543 505 512 379 836 491 975 0 249 263 999 716 919 120 479 301 438 392 782 325 246 845 805 584 328 352 768 676 546 644 1027 606 309 789 487 785 384 680 994 802 401 402 964 543 370 377 265 231 290 925 981 935 436 332 942 130 900 456 414 251 488 533 751 648 186 577 720 148 566 464 504 958 374 302 406 740 340 1047 705 780 271 647 478 801 414 648 591 536 249 385 924 540 853 466 558 664 922 856 660 1009 586 988 451 316 888 465 354 607 367 302 560 707 725 609 872 432 863 418 311 470 739 703 520 829 792 232 593 796 577 526 308 801 422 540 576 571 587 950 76 301 294 420 583 466 915 602 174 998 545 379 979 845 458 288 981 918 402 434 409 795 876 302 250 523 851 869 466 577 777 249 957 611 889 530 781 946 522
366 723 748 579 681 343 671 254 841 249 0 52 810 769 839 214 232 449 590 616 678 371 32 698 842 597 490 554 585 695 458 473 1041 684 533 873 298 655 193 548 872 788 404 178 775 461 228 371 241 101 46 732 856 751 591 238 750 201 747 332 344 403 474 748 745 418 63 348 786 381 394 243 659 1015 497 237 173 564 385 1063 756 585 237 451 353 711 179 664 357 298 199 278 837 433 864 683 379 671 766 849 727 963 413 931 578 356 850 646 119 747 563 96 594 580 549 385 878 651 693 208 64 680 522 486 476 863 623 31 546 585 410 589 132 884 335 327 409 443 354 930 195 259 260 192 710 520 765 441 331 833 449 316 984 788 478 315 841 816 487 187 311 619 703 445 470 332 791 837 267 548 727 482 770 722 841 286 822 869 721
414 774 782 628 721 395 709 272 884 263 52 0 843 820 888 250 240 489 631 644 726 420 84 739 894 648 529 587 620 747 508 512 1093 734 560 922 337 699 235 593 917 840 456 142 807 511 277 422 291 63 41 764 900 784 632 290 782 239 787 381 396 442 526 779 797 438 85 369 837 404 435 272 701 1066 542 289 143 602 434 1115 807 616 288 484 401 760 151 716 376 315 250 329 885 482 916 713 418 723 806 901 778 1013 453 981 622 405 901 684 91 792 598 142 646 625 586 409 930 681 730 244 60 712 547 511 528 915 662 81 598 611 451 639 181 934 386 358 450 490 374 982 221 311 312 219 756 570 806 483 367 870 499 368 1036 838 529 364 883 863 535 173 362 656 739 486 498 369 841 888 304 600 778 506 803 769 892 298 873 919 756
810 836 1234 848 1099 679 185 581 257 999 810 843 0 848 466 889 633 953 1013 1197 384 794 791 230 834 712 991 1101 230 740 522 356 859 884 1137 978 517 305 624 366 315 667 718 820 35 533 628 713 753 905 802 79 296 65 1022 673 61 875 183 553 625 948 667 1265 681 431 859 487 891 1057 432 570 1053 979 925 709 795 259 790 880 841 226 746 359 533 425 789 727 490 547 756 623 439 501 764 1224 441 704 170 705 873 623 412 573 957 787 610 1106 801 1064 1094 720 762 357 274 443 757 1206 153 602 786 1201 312 345 605 834 217 805 578 248 422 825 699 982 606 485 423 454 488 697 922 721 730 623 1014 798 194 400 939 117 513 655 802 533 733 782 232 383 856 736 608 207 136 945 1088 481 523 624 544 620 550 1125 42 978 573 577 835 485 1200
418 47 515 212 380 433 675 794 646 716 769 820 848 0 450 619 839 435 356 584 464 407 737 618 95 188 432 507 705 111 423 625 324 122 582 135 655 545 666 522 618 212 365 930 828 411 591 399 528 845 806 821 622 793 365 545 825 620 667 526 455 478 311 563 174 827 753 795 43 637 616 733 339 247 357 535 914 669 391 340 12 754 531 701 522 427 916 134 818 813 569 530 474 466 179 559 635 149 684 221 66 418 622 430 305 420 317 421 871 278 487 704 175 514 665 784 201 563 705 699 812 527 815 800 342 120 665 738 312 823 605 190 664 141 477 725 606 509 811 313 674 510 508 746 243 254 662 593 544 764 439 469 290 350 291 459 669 513 315 891 501 689 721 431 579 663 362 292 677 278 306 621 815 190 346 839 70 456 487
630 457 934 546 791 539 346 720 218 919 839 888 466 450 0 799 779 737 732 956 171 612 808 271 404 397 758 862 432 366 383 439 393 531 923 561 581 240 660 316 175 239 526 940 458 382 611 544 656 938 856 471 185 430 741 611 467 791 291 507 510 756 441 976 277 657 858 666 492 908 489 672 745 523 677 630 916 411 599 414 448 481 653 514 486 128 915 370 684 713 683 564 27 405 317 955 512 343 297 256 497 168 480 118 671 615 151 818 894 716 848 745 447 285 418 633 305 949 363 668 850 926 583 589 399 396 367 817 328 556 471 516 706 561 511 613 472 402 678 231 850 622 627 712 672 527 274 441 787 358 390 545 336 101 492 634 244 82 606 870 531 393 375 729 894 564 89 171 615 353 162 938 445 623 114 748 413 31 902
202 572 533 412 471 259 723 418 857 120 214 250 889 619 799 0 419 241 384 405 662 215 196 728 704 474 279 339 660 569 426 533 921 517 323 704 387 667 292 562 874 689 285 391 855 423 263 259 146 247 261 818 862 825 384 217 834 15 784 340 294 192 371 534 639 563 166 494 628 184 457 380 453 864 301 184 387 630 231 942 607 676 151 544 363 681 394 540 511 461 134 269 804 421 746 469 452 554 806 745 567 892 477 870 381 204 772 433 334 548 349 228 455 589 615 521 763 438 751 331 278 466 644 609 401 727 679 187 474 698 467 429 220 716 303 448 466 454 506 836 55 181 174 344 516 365 798 490 117 884 425 259 871 727 347 172 863 798 310 399 291 684 764 238 260 422 732 753 371 460 659 278 847 536 771 462 681 826 507
500 798 937 686 847 415 528 59 723 479 232 240 633 839 779 419 0 621 750 822 608 497 233 576 893 651 665 748 428 744 442 350 1059 782 741 961 202 556 176 463 766 797 490 187 598 451 252 458 369 301 201 553 746 580 754 309 572 404 613 317 384 584 527 944 766 207 295 145 866 600 289 111 816 1073 649 335 162 420 507 1082 827 411 361 294 327 653 156 714 144 85 335 311 770 403 889 882 267 712 630 860 814 928 300 887 722 482 832 822 173 888 754 192 668 495 405 189 899 853 543 139 180 874 323 289 502 910 482 246 555 389 307 686 213 971 361 169 306 385 145 923 416 364 371 95 844 620 635 338 525 680 428 375 997 755 559 446 716 736 616 104 337 470 548 615 679 215 754 825 171 574 708 697 596 842 813 59 877 811 906
146 390 318 226 232 278 771 603 854 301 449 489 953 435 737 241 621 0 143 243 642 160 424 752 528 349 44 148 738 422 433 614 757 317 190 492 521 679 459 591 855 566 236 627 922 424 397 241 255 488 495 894 848 888 143 332 906 250 811 419 333 50 305 332 511 718 406 657 431 202 554 551 212 667 78 297 621 702 163 775 425 769 264 654 435 642 626 400 678 641 285 364 750 452 593 279 558 422 833 610 373 787 572 778 149 169 666 201 568 309 145 433 308 607 690 671 614 256 802 502 509 263 770 740 363 554 736 418 418 811 557 253 408 504 357 596 556 500 671 708 285 271 262 532 282 214 819 568 130 918 441 310 717 646 246 189 866 761 134 623 363 748 818 8 158 550 655 643 520 386 577 202 912 310 677 651 504 758 286
252 318 220 185 97 369 828 727 880 438 590 631 1013 356 732 384 750 143 0 231 668 259 564 797 450 336 109 151 812 379 493 695 679 234 228 380 629 721 581 647 871 528 306 768 985 482 513 325 381 632 635 962 867 949 9 448 972 393 856 513 422 192 346 253 475 827 549 771 339 318 645 672 69 563 102 417 761 775 254 693 348 849 388 746 524 656 766 366 793 762 415 470 749 522 531 223 654 392 876 560 289 752 661 751 61 273 635 92 709 169 131 567 284 658 764 780 552 217 860 624 649 195 866 838 408 476 799 559 444 900 644 215 538 391 449 706 644 573 786 658 427 389 381 658 150 218 860 650 272 963 504 408 647 634 280 305 896 770 159 760 461 815 877 145 236 654 644 610 633 405 569 275 973 191 653 775 426 749 186
388 548 167 412 221 520 1014 815 1089 392 616 644 1197 584 956 405 822 243 231 0 877 403 600 993 678 559 207 96 981 610 676 856 903 463 83 588 752 919 677 833 1086 759 478 786 1165 666 625 484 479 621 662 1137 1081 1131 221 561 1150 420 1052 659 575 255 542 143 705 945 559 881 564 243 793 770 250 774 282 524 786 945 406 917 577 1010 487 892 676 871 793 595 900 856 499 599 972 695 761 78 796 621 1073 791 517 982 812 981 289 411 865 169 733 345 108 630 510 849 933 899 783 45 1045 719 680 95 1006 975 602 703 979 590 651 1050 797 442 614 599 598 824 796 743 894 889 423 502 492 742 355 430 1059 810 297 1159 684 550 875 860 478 425 1103 988 354 803 602 992 1061 251 146 783 869 841 746 615 793 144 1155 406 882 861 654 974 160
516 453 884 489 744 406 219 549 212 782 678 726 384 464 171 662 608 642 668 877 0 498 649 154 452 342 671 781 281 357 236 269 517 508 832 594 411 89 494 145 215 289 412 771 365 239 451 421 516 779 692 363 206 331 677 460 365 652 204 347 367 652 336 921 298 490 702 495 507 792 318 501 697 608 595 484 747 253 488 540 457 332 511 346 325 53 745 346 514 542 538 410 162 248 391 889 341 322 221 337 491 329 308 284 608 497 260 760 727 692 769 583 394 113 258 463 388 877 246 500 685 863 425 427 280 454 223 659 225 408 300 462 545 597 362 442 301 236 508 357 710 481 487 543 643 451 200 269 669 304 238 403 455 175 398 508 227 138 522 699 379 249 262 634 794 392 169 266 446 263 169 836 352 603 230 576 452 203 850
18 359 467 208 357 118 613 469 707 325 371 420 794 407 612 215 497 160 259 403 498 0 341 597 489 259 201 309 578 353 277 453 705 313 343 502 370 526 325 434 713 478 86 543 763 269 254 81 134 439 413 734 704 728 264 190 746 215 656 260 173 156 171 488 426 568 348 512 419 296 395 413 322 653 156 161 531 542 15 726 394 608 140 495 275 505 535 324 534 503 174 211 621 293 530 437 401 339 678 531 359 688 412 670 225 15 566 342 483 391 304 325 239 452 529 521 548 416 643 366 422 420 613 584 218 512 576 340 284 652 397 219 290 514 197 447 396 340 527 625 271 132 125 403 349 152 665 407 175 762 283 152 655 530 133 56 718 625 120 520 205 588 659 152 299 397 537 546 374 260 461 339 752 353 570 518 467 637 434
336 691 728 549 657 311 648 247 815 246 32 84 791 737 808 196 233 424 564 600 649 341 0 672 810 564 466 535 564 663 427 450 1008 653 518 842 276 627 169 521 845 756 372 204 756 429 198 338 209 129 72 714 829 731 566 206 732 182 722 302 312 380 441 730 713 409 68 338 755 369 371 229 633 983 471 204 196 542 355 1030 724 566 206 432 323 681 201 632 349 292 168 246 807 403 831 666 356 639 742 816 696 931 389 899 550 325 818 623 144 720 543 72 562 552 527 373 846 634 671 190 84 662 509 472 444 831 600 14 514 570 386 558 103 853 303 312 385 414 346 898 184 227 228 180 682 489 741 416 311 810 419 283 952 756 446 285 815 787 458 203 280 598 681 420 455 311 759 805 247 516 695 469 751 692 809 284 790 839 701
614 606 1017 625 879 489 75 517 147 845 698 739 230 618 271 728 576 752 797 993 154 597 672 0 607 484 786 897 170 510 319 229 655 655 940 749 404 76 505 166 191 442 515 756 210 328 483 516 583 798 702 210 171 176 806 512 210 715 59 388 440 753 453 1050 453 415 734 442 661 879 304 483 832 759 714 543 731 161 590 677 611 215 577 284 366 199 727 497 456 498 595 459 249 310 542 1013 322 474 80 485 643 439 287 388 739 593 398 890 721 837 887 601 536 144 173 402 537 998 94 497 690 989 324 336 391 608 104 685 354 288 287 601 570 752 427 407 289 274 451 492 769 548 556 532 787 579 70 256 756 166 314 474 594 316 518 595 143 196 644 677 436 127 109 744 896 374 307 409 437 396 323 936 197 750 364 532 607 297 982
501 138 602 303 470 500 671 845 614 805 842 894 834 95 404 704 893 528 450 678 452 489 810 607 0 246 527 601 715 149 461 649 229 217 677 158 702 539 725 535 578 169 437 997 817 450 651 471 603 922 877 815 585 783 459 612 817 704 651 576 514 570 372 650 155 861 831 836 117 730 651 785 431 180 450 606 980 680 473 246 104 765 606 728 569 408 982 180 859 860 644 590 430 504 97 650 671 181 665 152 161 343 654 363 400 501 258 513 939 362 582 772 250 521 678 821 118 656 698 755 881 618 836 825 391 25 667 812 345 838 638 279 730 157 534 767 639 541 852 232 759 582 581 802 332 339 642 621 634 741 476 534 197 311 365 539 638 476 405 953 559 692 714 524 674 705 322 235 726 320 284 716 804 278 292 888 24 404 575
275 151 545 150 403 254 530 606 549 584 597 648 712 188 397 474 651 349 336 559 342 259 564 484 246 0 365 466 542 98 239 449 449 173 530 317 467 408 481 360 537 220 195 750 687 227 406 227 361 680 631 673 534 651 345 365 680 472 540 338 269 377 126 584 167 642 589 608 220 537 432 545 356 424 282 360 733 504 244 470 176 587 362 521 334 323 735 67 631 625 400 344 413 282 272 559 449 79 559 272 177 439 439 429 275 269 317 424 692 352 451 525 52 359 498 598 289 552 561 512 635 531 638 620 155 267 511 567 138 653 422 122 484 326 290 537 423 328 623 367 530 337 337 559 302 134 540 412 425 645 255 287 397 301 127 303 567 435 215 707 315 532 578 342 507 476 310 295 489 98 234 551 675 266 328 651 228 415 512
188 389 273 230 192 319 807 647 883 328 490 529 991 432 758 279 665 44 109 207 671 201 466 786 527 365 0 111 778 431 469 654 756 311 165 477 565 712 504 626 882 577 272 668 960 459 442 279 300 525 536 933 876 925 107 376 945 290 845 461 374 86 335 289 523 762 445 701 424 213 596 596 176 656 82 341 662 741 202 773 423 809 308 696 476 668 668 411 722 685 329 407 773 490 597 236 601 434 866 618 367 800 613 793 132 211 680 157 609 278 103 477 320 642 729 715 618 216 839 546 551 219 813 783 395 552 773 460 446 853 598 260 452 489 398 640 597 539 716 716 320 315 306 576 256 231 852 608 164 952 477 352 719 665 273 233 897 786 152 666 405 787 855 51 147 594 674 657 564 411 597 191 949 291 693 696 502 779 242
294 467 194 322 177 427 918 737 993 352 554 587 1101 507 862 339 748 148 151 96 781 309 535 897 601 466 111 0 887 522 580 763 830 384 78 527 665 823 596 737 991 671 383 729 1070 570 539 389 394 572 601 1042 985 1036 142 475 1055 353 956 567 482 168 446 195 617 860 502 797 490 208 702 689 190 711 187 438 727 851 312 844 499 917 403 801 583 776 733 506 817 777 418 510 878 600 680 134 706 531 977 707 440 895 720 891 203 318 777 123 673 296 21 557 418 753 839 814 701 108 950 638 618 126 917 886 505 627 884 526 555 959 705 353 537 538 506 739 704 649 811 805 367 414 405 664 292 335 963 716 224 1063 588 458 797 767 382 335 1007 894 259 738 511 897 965 156 107 695 777 752 661 520 700 135 1060 339 792 784 577 882 171
593 683 1032 661 903 460 105 371 307 768 585 620 230 705 432 660 428 738 812 981 281 578 564 170 715 542 778 887 0 594 320 127 798 715 917 841 288 194 396 183 359 562 508 614 195 332 398 498 526 682 580 159 338 167 820 444 174 646 190 327 405 728 471 1059 559 249 631 285 746 829 202 350 859 881 718 481 588 38 575 822 696 51 518 136 308 334 583 573 295 345 526 395 413 290 666 1014 211 556 205 615 716 600 182 550 760 570 542 904 587 884 882 492 587 193 48 243 665 994 115 376 565 993 153 167 410 721 66 578 403 127 192 643 470 846 383 266 193 239 292 639 692 494 504 402 834 604 214 173 713 253 308 432 736 456 535 560 295 363 653 531 383 45 121 730 866 253 450 547 317 444 444 901 188 805 511 378 710 461 998
368 96 570 200 428 352 565 696 549 676 695 747 740 111 366 569 744 422 379 610 357 353 663 510 149 98 431 522 594 0 316 515 352 164 592 246 554 436 576 410 526 148 293 848 719 305 502 326 459 779 730 710 527 684 389 463 715 567 561 428 365 457 223 613 95 720 687 691 153 619 509 636 382 329 348 458 831 557 337 373 102 642 461 591 421 325 832 31 715 713 499 440 388 360 177 598 528 38 578 187 135 372 514 372 320 364 256 459 790 349 505 623 116 403 554 678 195 596 595 606 733 568 704 690 242 168 554 666 203 712 498 171 582 253 385 622 498 401 707 285 625 436 436 653 305 213 557 483 512 661 332 385 302 265 223 400 570 421 289 803 410 577 612 416 577 560 277 231 578 173 210 621 706 257 276 740 133 378 538
295 390 714 342 582 172 338 390 435 546 458 508 522 423 383 426 442 433 493 676 236 277 427 319 461 239 469 580 320 316 0 213 616 406 621 556 244 249 291 157 449 354 197 576 492 12 231 196 280 556 479 468 437 457 501 228 479 416 379 131 131 434 150 743 324 403 474 375 458 563 193 331 538 640 402 248 555 282 271 639 412 360 275 281 116 259 555 289 398 400 302 180 384 43 447 701 212 280 400 417 417 506 199 472 439 273 397 585 525 566 572 367 276 174 273 361 456 684 370 311 475 679 400 381 91 475 306 435 115 420 183 325 326 564 128 306 183 89 391 484 474 245 251 359 515 283 388 173 440 485 15 167 555 330 215 278 443 373 335 517 148 322 386 425 576 244 333 387 272 144 273 616 481 491 385 430 448 413 679
468 597 913 554 787 335 198 290 376 644 473 512 356 625 439 533 350 614 695 856 269 453 450 229 649 449 654 763 127 515 213 0 766 618 791 760 175 206 280 127 416 513 388 526 321 225 273 375 398 573 474 286 397 291 702 317 301 520 274 200 280 602 361 939 499 224 514 227 664 702 79 253 745 824 598 353 501 96 452 790 615 154 390 81 181 319 498 490 245 277 399 268 426 175 615 891 94 477 293 571 626 598 60 553 645 445 518 785 491 778 758 378 488 155 81 194 619 870 222 269 461 872 189 176 304 659 150 463 313 207 66 538 351 767 257 180 67 124 239 614 567 367 376 303 728 493 294 46 586 360 198 306 703 434 423 433 372 388 535 448 256 151 233 606 739 145 431 517 208 351 403 774 313 704 492 311 640 470 879
719 367 815 531 690 697 728 1005 608 1027 1041 1093 859 324 393 921 1059 757 679 903 517 705 1008 655 229 449 756 830 798 352 616 766 0 447 906 333 859 605 902 640 557 261 644 1184 851 607 833 675 809 1128 1072 862 571 821 687 804 858 920 682 744 700 798 567 864 296 989 1037 978 339 959 789 948 654 183 679 804 1164 770 690 23 333 850 810 847 732 464 1165 381 1000 1012 848 773 419 656 177 870 812 371 690 199 390 248 787 294 629 716 257 737 1128 574 809 962 466 617 773 955 162 879 749 926 1073 838 940 937 568 204 740 1013 505 926 774 506 920 325 715 914 774 681 993 162 977 784 785 974 551 561 666 750 859 750 630 725 62 342 575 752 634 475 631 1130 740 766 763 753 904 854 349 251 888 494 363 946 838 498 290 1044 254 375 791
321 84 407 105 267 367 703 743 708 606 684 734 884 122 531 517 782 317 234 463 508 313 653 655 217 173 311 384 715 164 406 618 447 0 459 189 614 579 607 533 688 307 293 853 860 393 530 326 444 752 725 846 688 824 242 477 853 520 710 484 401 361 266 452 257 800 661 759 114 518 593 683 223 351 238 459 839 677 299 462 114 760 448 687 485 482 843 164 783 768 485 472 552 446 297 442 609 190 728 330 57 526 603 531 182 328 415 303 793 186 364 630 129 533 671 754 319 444 734 644 733 411 806 786 315 243 684 653 312 824 586 97 592 200 427 689 586 495 775 427 570 432 428 687 140 165 708 579 432 813 421 407 413 430 223 369 728 583 206 823 448 706 751 313 457 629 441 390 631 271 373 499 847 95 438 791 193 543 377
327 542 239 391 252 458 956 736 1044 309 533 560 1137 582 923 323 741 190 228 83 832 343 518 940 677 530 165 78 917 592 621 791 906 459 0 605 679 868 600 777 1045 740 424 702 1105 612 551 425 405 538 578 1075 1038 1071 220 489 1088 338 999 592 512 189 496 224 686 870 476 804 567 160 726 692 268 790 247 451 703 883 349 921 574 944 414 823 610 831 710 574 823 777 422 529 937 637 753 157 727 598 1021 778 516 964 744 958 277 349 844 198 649 373 99 549 484 795 869 824 775 123 987 641 597 165 935 903 553 702 919 507 608 981 730 421 535 617 534 749 730 683 817 877 339 430 421 662 371 396 1008 745 219 1106 627 485 872 830 435 358 1056 950 317 720 536 931 1003 197 62 711 839 820 671 575 762 65 1095 417 858 781 653 944 223
510 166 484 294 368 548 808 919 767 789 873 922 978 135 561 704 961 492 380 588 594 502 842 749 158 317 477 527 841 246 556 760 333 189 605 0 783 677 787 657 734 323 476 1040 959 544 711 510 632 941 913 953 740 924 387 660 957 708 796 653 576 540 435 534 297 959 850 925 97 690 749 858 339 185 415 645 1026 804 487 341 145 889 636 835 651 554 1029 269 949 940 673 650 587 599 253 546 767 285 812 310 147 497 756 520 345 517 416 419 980 246 505 816 293 649 800 916 271 558 837 822 920 514 950 935 472 171 799 842 446 959 739 284 777 11 601 855 739 643 941 384 757 619 615 867 234 353 789 727 614 891 572 587 325 465 404 558 791 631 393 1007 624 823 854 490 616 793 477 393 803 411 431 655 946 188 449 965 148 562 462
379 618 837 528 727 262 372 146 549 487 298 337 517 655 581 387 202 521 629 752 411 370 276 404 702 467 565 665 288 554 244 175 859 614 679 783 0 369 107 269 586 597 334 360 482 253 128 308 273 397 298 441 568 455 635 190 458 372 450 130 216 497 349 854 568 198 342 145 687 567 99 91 689 882 527 228 336 266 375 882 643 294 264 159 133 454 333 525 168 158 260 159 574 202 691 799 81 520 469 659 638 727 116 687 590 357 629 712 319 745 665 204 491 301 250 150 700 774 395 93 286 784 258 224 312 717 325 289 358 311 117 521 182 792 189 77 116 183 161 721 411 250 260 132 697 461 470 149 462 534 229 222 797 554 394 332 547 544 478 288 171 321 404 514 621 36 553 623 34 382 506 650 475 686 611 186 688 613 804
544 531 940 548 802 421 131 496 190 785 655 699 305 545 240 667 556 679 721 919 89 526 627 76 539 408 712 823 194 436 249 206 605 579 868 677 369 0 464 107 217 378 443 729 283 257 433 445 521 756 663 276 201 247 730 455 279 656 134 333 375 682 378 974 384 418 686 432 588 812 271 455 755 697 639 483 704 170 518 628 538 245 515 277 310 141 701 422 449 484 536 402 224 246 480 937 292 400 155 426 568 407 257 358 663 523 348 813 689 760 813 558 459 78 177 396 478 923 159 462 653 913 343 348 317 542 134 639 277 321 253 524 524 682 364 387 254 216 443 444 710 486 494 502 710 503 140 221 689 241 246 410 543 263 443 527 195 181 568 653 376 160 176 671 825 345 256 355 404 319 258 865 270 673 316 518 538 271 906
329 625 777 510 679 239 478 145 649 384 193 235 624 666 660 292 176 459 581 677 494 325 169 505 725 481 504 596 396 576 291 280 902 607 600 787 107 464 0 359 682 642 314 284 589 298 76 282 203 293 199 548 665 562 586 134 565 276 554 160 212 427 355 789 606 271 235 204 693 475 201 92 646 905 479 164 263 373 333 925 654 400 195 266 176 532 263 545 222 181 178 136 656 258 729 730 187 545 574 704 639 795 220 759 550 310 689 658 234 715 598 97 494 391 357 228 740 703 501 42 190 719 354 319 336 743 431 182 396 412 217 510 76 797 190 156 216 258 217 776 310 192 200 80 670 444 572 248 380 641 280 199 842 620 384 276 648 631 442 228 165 428 511 452 539 142 621 679 82 410 565 565 583 666 675 193 708 691 746
451 499 868 486 734 323 181 404 297 680 548 593 366 522 316 562 463 591 647 833 145 434 521 166 535 360 626 737 183 410 157 127 640 533 777 657 269 107 359 0 324 391 354 629 337 167 326 352 417 649 558 316 308 302 655 348 326 550 224 226 274 590 301 899 381 351 579 352 563 712 173 358 688 706 559 378 605 146 428 664 513 231 411 208 203 193 603 390 371 397 431 296 306 144 494 858 196 372 246 447 532 472 163 428 592 429 390 739 587 706 729 452 406 32 143 321 496 841 213 360 549 835 303 297 239 543 153 532 221 302 155 465 417 663 260 297 156 109 364 487 605 382 390 401 656 433 236 124 590 329 150 308 577 307 367 429 301 274 490 556 271 172 229 583 732 248 303 390 304 262 277 771 326 624 364 431 529 348 833
732 621 1082 687 940 620 255 706 59 994 872 917 315 618 175 874 766 855 871 1086 215 713 845 191 578 537 882 991 359 526 449 416 557 688 1045 734 586 217 682 324 0 411 627 943 317 453 649 637 728 973 881 342 21 295 881 667 332 864 173 548 580 867 549 1122 443 607 903 634 662 1007 486 669 893 697 804 693 918 353 703 576 615 399 723 476 525 215 915 524 647 689 747 615 148 455 493 1094 506 498 168 432 661 313 471 264 811 713 326 961 906 875 978 776 589 293 365 594 481 1085 257 679 871 1067 510 526 495 572 294 856 436 467 469 659 741 735 572 596 470 432 643 400 921 693 700 717 828 657 150 437 884 199 449 615 504 269 609 724 83 105 732 865 587 314 263 847 1009 559 257 347 620 471 315 1051 305 783 290 724 586 184 1049
494 226 714 348 573 448 509 744 444 802 788 840 667 212 239 689 797 566 528 759 289 478 756 442 169 220 577 671 562 148 354 513 261 307 740 323 597 378 642 391 411 0 404 925 651 346 575 433 565 879 817 652 416 618 537 550 653 686 483 484 444 597 321 759 54 734 790 719 254 758 530 686 529 319 494 554 905 530 463 284 211 613 564 594 471 242 906 166 741 751 601 516 264 394 103 746 552 143 497 62 265 224 529 224 469 486 108 607 871 486 654 706 257 372 530 697 105 745 535 665 817 715 694 688 312 167 510 761 245 688 515 318 664 324 458 654 516 421 734 147 745 537 538 713 445 352 474 493 646 572 368 472 200 142 345 517 468 307 432 870 482 536 551 560 723 593 153 83 626 239 119 766 638 394 133 783 175 243 684
104 320 525 196 401 74 535 453 621 401 404 456 718 365 526 285 490 236 306 478 412 86 372 515 437 195 272 383 508 293 197 388 644 293 424 476 334 443 314 354 627 404 0 565 688 187 238 34 166 485 441 661 618 653 313 184 673 281 575 210 119 240 87 551 355 529 394 480 385 383 339 394 360 610 209 170 550 471 76 665 352 543 168 439 219 418 553 262 503 481 206 181 535 219 466 505 349 273 596 461 328 608 354 588 259 88 487 396 506 410 375 340 190 371 460 482 483 488 566 352 447 484 560 533 131 459 501 374 198 593 338 196 300 487 146 411 337 269 495 551 340 145 143 395 362 130 583 343 260 681 205 116 590 447 73 113 633 538 148 530 163 515 582 228 383 355 453 468 345 176 378 424 677 354 488 502 417 552 490
539 885 924 749 860 497 713 242 903 402 178 142 820 930 940 391 187 627 768 786 771 543 204 756 997 750 668 729 614 848 576 526 1184 853 702 1040 360 729 284 629 943 925 565 0 786 582 350 531 409 175 132 740 924 768 769 385 759 379 796 444 485 581 624 921 887 392 227 333 951 545 458 273 837 1174 675 395 25 603 556 1207 917 598 404 478 461 812 31 817 331 272 368 410 934 543 1009 856 437 820 813 987 893 1079 472 1042 755 527 974 824 60 925 739 225 755 662 589 377 1021 823 729 271 121 855 510 476 615 1017 666 209 679 575 476 756 266 1051 468 350 475 537 332 1061 363 421 424 227 887 687 817 508 508 866 565 463 1125 904 639 487 897 904 662 84 443 655 735 623 640 383 905 964 325 689 849 647 784 896 960 243 978 972 898
778 814 1206 821 1071 647 157 547 258 964 775 807 35 828 458 855 598 922 985 1165 365 763 756 210 817 687 960 1070 195 719 492 321 851 860 1105 959 482 283 589 337 317 651 688 786 0 503 593 681 720 870 766 46 297 36 993 639 27 841 169 520 593 916 639 1236 664 398 823 452 871 1023 398 535 1026 966 895 675 760 225 759 873 821 191 712 324 499 409 755 705 456 513 721 589 433 470 750 1193 406 683 161 692 851 620 378 569 929 756 599 1077 766 1039 1064 685 737 330 240 409 744 1176 126 567 751 1171 279 311 576 818 186 770 552 216 387 799 664 963 573 449 388 422 454 689 887 687 697 588 988 770 184 366 906 126 483 622 793 520 705 749 234 376 827 702 575 174 109 914 1056 446 511 612 509 594 533 1092 13 954 563 543 818 479 1171
287 378 703 330 571 167 348 399 440 543 461 511 533 411 382 423 451 424 482 666 239 269 429 328 450 227 459 570 332 305 12 225 607 393 612 544 253 257 298 167 453 346 187 582 503 0 236 188 277 558 483 479 441 468 490 229 490 413 387 138 129 425 138 732 315 415 476 386 446 557 205 340 526 630 392 247 561 294 262 631 400 373 273 294 124 259 561 277 409 411 301 183 385 55 438 690 223 269 409 408 404 502 212 469 428 266 392 574 530 553 562 371 263 183 285 373 447 674 380 319 480 668 412 393 78 464 317 438 105 432 195 313 330 551 128 317 195 101 402 478 471 242 249 366 503 271 396 186 433 493 28 164 547 327 203 272 450 375 324 524 150 333 396 416 568 255 329 381 281 132 268 608 492 478 380 440 437 412 668
261 549 715 435 611 163 468 216 622 370 228 277 628 591 611 263 252 397 513 625 451 254 198 483 651 406 442 539 398 502 231 273 833 530 551 711 128 433 76 326 649 575 238 350 593 236 0 206 145 328 247 556 634 564 518 65 572 248 536 104 137 370 280 730 536 321 253 259 617 440 195 159 576 830 410 101 331 370 261 856 579 412 137 281 125 483 332 471 281 249 132 61 609 205 658 673 188 472 557 637 563 738 215 704 479 240 628 593 296 641 540 135 418 356 354 275 671 648 494 114 244 660 386 352 265 670 422 208 329 437 207 434 95 721 118 199 206 217 274 712 293 126 135 156 596 368 553 233 333 631 222 123 774 562 307 209 624 589 369 301 93 424 506 390 492 161 564 616 122 339 504 522 586 591 616 265 634 641 683
98 354 540 228 421 45 531 423 628 377 371 422 713 399 544 259 458 241 325 484 421 81 338 516 471 227 279 389 498 326 196 375 675 326 425 510 308 445 282 352 637 433 34 531 681 188 206 0 134 453 407 653 627 647 331 150 665 254 575 188 97 237 112 564 385 505 361 453 419 370 320 364 382 644 225 136 516 461 77 697 386 530 135 421 200 432 519 295 476 452 173 152 551 211 498 516 328 304 597 490 362 632 337 610 282 77 512 412 472 437 383 306 224 371 449 458 514 496 562 321 412 496 540 513 145 492 495 341 216 576 321 229 266 521 123 385 320 259 468 579 314 111 110 363 391 162 584 329 247 681 202 86 621 468 107 90 638 551 169 496 137 507 577 232 380 331 474 494 317 200 399 420 671 384 512 471 451 570 506
133 482 573 340 478 119 582 347 711 265 241 291 753 528 656 146 369 255 381 479 516 134 209 583 603 361 300 394 526 459 280 398 809 444 405 632 273 521 203 417 728 565 166 409 720 277 145 134 0 319 280 685 716 688 384 84 700 135 640 200 148 225 244 586 518 466 227 403 545 303 326 296 447 775 280 46 397 494 147 831 516 547 8 420 221 536 401 429 423 385 41 130 661 275 632 528 325 438 662 623 486 758 346 732 355 118 639 454 349 524 395 191 354 443 480 420 648 502 611 246 288 516 530 497 263 625 540 210 336 578 334 348 158 643 157 345 333 310 417 711 194 35 28 277 482 279 654 353 190 741 279 113 755 589 238 79 717 653 254 386 147 546 624 249 348 306 593 623 267 328 522 379 711 487 636 396 583 685 542
431 798 767 647 717 431 770 335 942 231 101 63 905 845 938 247 301 488 632 621 779 439 129 798 922 680 525 572 682 779 556 573 1128 752 538 941 397 756 293 649 973 879 485 175 870 558 328 453 319 0 104 827 957 847 631 332 845 239 847 432 438 439 560 760 834 501 91 432 859 378 494 335 700 1092 548 324 184 663 455 1149 833 679 317 547 453 811 193 748 438 377 280 375 937 533 950 693 478 757 866 939 799 1059 513 1028 628 425 945 676 139 796 585 197 673 681 647 472 966 660 792 305 122 695 610 574 568 945 722 120 640 674 511 659 233 953 431 420 509 544 436 1022 206 343 343 282 763 592 866 541 361 931 548 407 1072 885 557 385 941 917 549 225 408 718 801 486 477 430 888 931 365 639 823 479 866 780 937 359 901 969 743
408 761 795 620 727 377 670 231 847 290 46 41 802 806 856 261 201 495 635 662 692 413 72 702 877 631 536 601 580 730 479 474 1072 725 578 913 298 663 199 558 881 817 441 132 766 483 247 407 280 104 0 723 863 744 637 268 741 248 748 350 373 449 507 794 775 397 104 328 825 425 397 231 704 1052 542 271 126 562 426 1094 794 575 276 444 369 728 132 698 335 274 239 302 853 451 895 729 379 704 768 878 767 985 414 951 622 397 875 693 73 792 610 112 631 590 546 367 909 698 691 205 21 727 506 469 505 898 622 76 573 569 414 628 153 924 360 317 413 456 333 957 240 296 298 178 754 560 768 445 378 830 469 346 1014 810 515 356 845 830 530 143 336 616 699 491 516 329 812 862 265 578 751 527 762 765 864 258 858 887 768
749 804 1182 803 1050 617 145 502 282 925 732 764 79 821 471 818 553 894 962 1137 363 734 714 210 815 673 933 1042 159 710 468 286 862 846 1075 953 441 276 548 316 342 652 661 740 46 479 556 653 685 827 723 0 321 46 970 603 18 804 180 486 563 886 617 1211 660 351 782 407 863 988 360 491 1005 969 870 640 715 192 730 883 813 147 677 282 466 409 709 694 410 467 685 554 447 442 752 1167 367 674 177 696 840 636 340 585 907 726 607 1054 721 1022 1036 643 721 313 206 363 748 1149 116 524 707 1146 233 265 555 817 163 728 535 169 351 781 623 958 541 406 352 393 408 699 849 653 663 544 972 749 199 332 872 162 457 590 802 525 682 718 260 390 803 656 542 146 101 886 1024 405 516 618 467 577 532 1060 47 939 572 497 814 494 1148
722 623 1080 684 938 609 234 687 39 981 856 900 296 622 185 862 746 848 867 1081 206 704 829 171 585 534 876 985 338 527 437 397 571 688 1038 740 568 201 665 308 21 416 618 924 297 441 634 627 716 957 863 321 0 275 877 653 312 851 152 533 567 858 542 1118 447 586 887 614 665 997 468 651 891 708 798 680 899 332 694 591 618 378 710 456 510 211 896 524 627 669 734 601 157 441 501 1090 488 498 147 441 662 329 453 279 807 703 336 958 887 875 973 759 587 277 345 574 490 1080 236 661 853 1063 488 505 486 579 273 840 429 445 451 656 725 741 559 577 452 417 622 413 907 680 687 699 828 652 128 419 874 181 437 603 517 274 603 713 64 109 726 846 573 293 242 840 1001 541 263 355 602 465 317 1042 285 783 299 704 592 196 1046
744 779 1170 785 1035 613 121 527 236 935 751 784 65 793 430 825 580 888 949 1131 331 728 731 176 783 651 925 1036 167 684 457 291 821 824 1071 924 455 247 562 302 295 618 653 768 36 468 564 647 688 847 744 46 275 0 957 608 37 811 139 488 560 882 603 1200 629 384 797 435 836 991 368 512 990 933 860 644 742 194 724 843 785 170 680 299 467 375 737 669 440 495 691 558 404 435 717 1158 378 647 133 660 815 593 348 542 893 722 568 1041 746 1003 1029 659 701 294 209 391 712 1141 90 542 728 1136 267 296 541 784 152 744 516 206 357 763 637 928 540 427 358 388 438 659 858 655 665 565 952 734 156 334 873 116 448 589 763 488 669 716 213 348 792 684 542 141 73 880 1022 420 479 580 483 558 499 1059 24 918 532 526 783 452 1135
257 327 212 195 93 375 837 731 889 436 591 632 1022 365 741 384 754 143 9 221 677 264 566 806 459 345 107 142 820 389 501 702 687 242 220 387 635 730 586 655 881 537 313 769 993 490 518 331 384 631 637 970 877 957 0 453 980 393 864 519 428 192 354 244 484 833 549 776 348 313 652 676 69 570 107 421 762 782 259 702 357 856 392 752 531 666 768 376 798 766 419 475 759 529 540 213 660 401 885 569 298 761 667 761 70 278 645 84 710 172 122 570 294 666 772 785 561 208 868 628 651 185 872 844 416 484 807 560 453 907 651 225 541 398 455 711 651 580 791 667 427 393 385 662 156 226 868 657 271 971 512 414 656 643 288 309 905 780 166 763 467 823 885 146 230 660 653 620 638 414 578 268 981 198 663 779 435 758 178
196 502 650 378 546 112 505 279 645 332 238 290 673 545 611 217 309 332 448 561 460 190 206 512 612 365 376 475 444 463 228 317 804 477 489 660 190 455 134 348 667 550 184 385 639 229 65 150 84 332 268 603 653 608 453 0 619 204 568 123 106 306 239 665 507 385 247 325 568 385 243 223 512 789 346 37 368 414 198 826 533 464 75 336 146 487 370 432 346 313 83 52 613 213 627 609 241 436 589 611 512 727 263 697 416 175 613 527 327 580 475 160 371 377 399 339 641 583 533 176 270 595 446 413 238 632 462 212 308 494 252 380 118 671 100 263 251 239 339 691 256 61 70 214 535 312 583 273 274 667 223 78 746 553 256 144 650 599 307 346 80 467 546 325 432 222 557 599 187 310 491 463 631 533 605 328 593 641 617
