175
0 551 403 596 488 189 619 383 237 537 80 113 516 293 607 494 815 177 319 603 738 210 87 630 872 273 69 380 445 450 520 272 646 318 458 363 560 858 640 678 558 305 473 634 572 298 726 690 344 414 378 191 546 607 636 606 264 291 625 655 453 366 767 164 418 377 276 279 684 177 653 474 659 437 589 668 362 741 434 438 718 391 398 368 816 284 660 497 452 860 229 655 210 761 326 713 584 143 128 150 604 238 365 445 654 415 423 220 272 358 532 602 556 323 518 292 299 816 183 730 448 239 523 298 232 722 451 710 275 204 342 755 462 314 387 152 299 682 317 282 619 373 575 585 683 270 306 67 518 238 540 707 321 583 569 483 180 754 353 547 624 608 609 389 655 85 685 194 408 370 788 792 219 478 414
551 0 648 1085 943 391 111 850 690 631 508 635 953 460 1103 703 738 665 331 1094 713 648 639 676 857 664 601 526 219 935 941 380 947 337 283 915 732 843 617 1054 187 252 995 585 693 430 608 849 320 965 775 362 407 719 948 737 622 610 875 642 967 865 706 585 969 467 640 744 647 606 988 920 646 354 727 1144 284 1196 922 282 1117 861 948 245 1275 728 1051 397 957 810 340 768 474 827 242 942 252 411 536 702 1076 778 821 153 901 796 931 767 548 284 677 94 949 613 1017 622 296 877 384 881 228 470 72 785 762 982 556 1106 467 755 892 1171 146 291 654 496 296 560 619 561 813 846 75 719 776 449 251 484 687 646 787 889 840 755 1061 1015 679 892 876 69 682 642 986 928 701 511 1112 380 682 292 774 869 573 738 889
403 648 0 514 357 501 754 753 632 170 337 341 349 657 538 90 466 567 321 525 378 611 432 259 490 676 363 124 436 798 327 285 302 619 387 560 157 477 306 409 529 443 496 319 181 224 421 286 637 587 188 451 353 212 301 207 147 693 245 309 459 715 419 568 616 184 144 664 343 237 340 332 312 316 190 550 364 579 781 379 476 320 564 405 656 230 410 318 435 492 375 256 233 365 431 327 507 440 276 455 487 410 278 494 274 185 753 521 141 628 138 735 317 80 471 116 372 418 362 327 429 610 666 666 571 352 137 465 197 455 530 534 503 582 24 535 564 396 88 127 218 741 709 186 286 631 514 397 119 193 152 307 654 179 498 536 304 350 674 686 249 251 344 491 278 329 483 495 38 355 414 391 620 93 344
596 1085 514 0 156 782 1176 697 684 661 599 483 170 878 26 533 924 635 763 11 836 696 537 726 892 757 527 625 903 682 199 709 405 913 873 366 575 884 796 280 1012 837 155 819 636 672 917 614 939 339 331 767 865 650 386 629 469 817 479 791 154 632 884 702 377 678 452 676 824 480 350 181 793 809 618 79 816 166 671 860 251 223 328 847 229 356 247 827 145 922 749 660 611 750 842 527 1004 727 554 494 49 373 264 942 489 328 621 490 550 950 605 1157 242 501 79 477 789 781 710 637 900 825 1079 642 551 487 651 252 630 437 356 240 956 904 493 738 887 900 492 539 554 684 1129 621 691 859 875 647 579 439 480 590 574 576 27 184 422 662 566 1102 712 733 268 257 733 593 181 785 476 813 847 750 763 472 195
488 943 357 156 0 666 1038 672 623 507 476 375 41 780 180 381 779 566 616 167 689 626 446 576 757 691 419 470 754 677 69 563 296 799 720 362 428 748 644 225 861 700 187 665 486 522 764 483 824 357 176 643 709 503 277 483 321 742 351 640 155 612 736 618 396 523 304 627 674 347 257 25 642 655 471 202 668 257 663 708 241 98 338 701 336 219 197 671 125 782 613 518 468 615 702 414 850 607 424 418 135 301 126 797 367 172 618 437 400 830 453 1019 126 347 125 326 646 651 577 511 750 727 941 603 502 385 494 235 481 372 340 269 810 783 337 638 765 746 338 388 416 658 991 473 550 758 745 530 427 298 335 465 548 431 141 233 308 536 550 964 563 581 177 249 585 469 197 667 320 664 705 620 680 320 79
189 391 501 782 666 0 443 466 303 591 191 298 689 161 794 588 831 274 274 789 767 262 267 676 912 291 255 431 350 548 689 258 782 132 390 542 646 898 661 838 447 182 662 646 640 315 721 780 158 594 533 61 513 674 776 681 392 258 743 681 642 475 785 197 592 401 409 357 704 326 801 649 686 400 665 853 293 922 534 370 885 570 580 276 999 451 824 469 640 888 160 727 268 823 214 828 490 62 251 328 787 427 540 321 773 567 540 385 360 169 605 427 718 429 705 412 223 880 146 820 356 126 350 396 372 848 498 876 318 387 523 928 338 126 493 107 111 672 427 375 717 460 401 659 750 135 140 135 599 386 652 806 449 671 755 672 360 840 484 373 674 648 768 578 703 199 859 12 518 307 824 859 200 590 595
619 111 754 1176 1038 443 0 882 728 742 586 713 1050 476 1192 812 843 711 434 1185 823 686 704 788 965 691 676 635 330 969 1040 480 1055 357 395 982 843 951 727 1158 292 338 1078 695 804 534 714 960 335 1033 873 428 517 831 1056 848 719 629 985 753 1052 904 813 626 1034 576 737 780 757 695 1094 1016 757 465 838 1238 390 1293 956 394 1219 953 1018 349 1372 821 1154 509 1044 916 426 880 569 938 336 1053 354 476 622 767 1170 853 914 262 1011 896 971 828 648 302 788 19 1051 716 1106 722 393 988 467 993 339 497 97 825 814 1092 667 1209 569 824 961 1273 256 325 760 540 335 667 721 662 924 879 46 831 888 470 313 554 797 740 896 1001 887 866 1151 1095 762 1004 922 73 794 754 1090 1005 813 591 1212 433 788 400 883 980 604 845 980
383 850 753 697 672 466 882 0 162 905 463 412 711 410 693 839 1193 208 694 698 1113 203 325 1000 1239 191 396 756 804 87 732 652 925 524 830 331 908 1226 1018 897 909 643 542 1015 932 681 1109 1027 547 366 654 512 928 965 910 960 605 261 934 1031 549 67 1145 269 334 759 610 109 1062 517 909 672 1036 817 943 775 731 864 78 810 909 587 372 727 922 557 869 880 569 1234 590 1009 593 1118 672 1019 946 469 501 298 730 382 590 785 961 692 113 244 641 580 890 869 784 675 624 636 662 1171 549 1066 809 384 799 87 184 1012 826 905 657 315 342 923 803 560 732 358 554 1066 665 647 951 13 846 940 1040 412 605 433 872 561 863 1034 124 927 671 518 454 1091 133 820 993 982 840 441 1023 468 853 478 745 742 1159 1144 277 807 595
237 690 632 684 623 303 728 162 0 773 316 296 659 268 686 721 1053 65 536 687 976 41 203 867 1108 73 268 617 643 245 673 497 841 371 670 344 789 1095 877 840 747 480 534 871 806 532 961 915 396 393 565 349 773 840 828 838 486 143 836 892 530 176 1004 106 374 614 494 53 921 395 836 617 897 661 821 763 571 847 231 651 864 528 389 566 914 465 816 726 543 1098 429 887 447 995 510 923 784 307 363 206 708 322 520 623 864 604 243 194 507 427 765 714 720 552 606 516 502 1049 390 955 648 232 642 97 137 924 689 858 512 251 341 889 640 403 613 196 395 917 543 516 841 156 690 817 916 264 443 278 749 448 757 927 170 810 657 523 353 979 204 664 861 846 776 431 891 322 817 316 630 582 1025 1023 126 698 543
537 631 170 661 507 591 742 905 773 0 461 495 491 752 686 128 297 710 347 673 210 747 580 94 335 808 509 161 412 956 464 338 355 689 347 729 113 322 138 500 475 482 661 158 62 276 257 218 702 757 351 533 255 90 364 106 307 814 266 139 624 872 249 697 786 193 308 810 173 390 412 482 142 277 96 686 369 700 940 348 572 484 734 412 772 400 510 241 597 328 439 143 334 232 460 317 434 536 409 612 628 578 444 483 286 339 914 681 265 685 61 724 438 235 628 276 408 288 444 252 402 712 666 818 728 364 92 561 275 618 699 635 486 643 194 648 627 239 246 258 188 894 701 89 160 726 564 513 84 357 200 258 813 131 648 702 467 266 836 682 87 81 447 661 118 454 597 582 198 356 253 269 741 188 506
80 508 337 599 476 191 586 463 316 461 0 127 498 329 613 427 736 257 245 607 660 287 154 553 795 347 97 302 378 529 498 195 599 324 385 413 492 781 561 647 493 255 491 555 499 217 646 623 348 462 342 168 467 534 591 535 208 357 569 576 467 445 688 236 471 297 223 359 605 134 613 459 580 359 518 667 292 733 512 366 693 382 444 303 811 259 632 418 461 782 170 584 130 688 271 655 514 131 63 211 601 270 350 387 598 377 500 286 200 354 460 568 526 258 525 232 234 744 124 664 380 279 488 377 307 669 374 684 195 255 389 736 404 307 323 199 289 602 253 211 554 453 540 513 611 304 277 62 448 195 480 644 397 515 573 509 178 687 427 512 548 531 577 420 579 8 668 191 346 299 710 720 283 418 408
113 635 341 483 375 298 713 412 296 495 127 0 403 405 495 428 787 231 358 491 704 282 93 589 828 350 44 353 497 461 409 303 550 429 496 292 497 815 614 569 613 382 367 615 520 305 712 620 455 339 275 289 558 553 538 548 193 384 540 625 344 377 738 256 351 368 199 324 656 105 551 361 629 458 531 555 408 627 445 477 607 277 319 425 703 177 550 509 341 824 297 597 213 706 397 627 628 245 115 117 490 143 253 512 568 314 421 191 234 467 478 695 447 263 407 224 357 759 251 659 498 352 615 325 232 630 420 599 271 140 266 643 529 422 321 263 405 673 253 238 546 400 667 528 628 383 401 164 460 152 461 631 319 517 457 382 67 684 344 639 581 573 502 292 612 123 572 301 336 413 748 732 316 402 300
516 953 349 170 41 689 1050 711 659 491 498 403 0 808 196 363 755 601 624 182 666 660 478 555 728 726 447 466 759 718 32 572 258 822 722 403 405 719 626 185 864 714 225 649 466 528 746 452 847 398 179 663 703 480 239 459 331 775 318 621 194 652 714 651 437 522 313 665 654 366 216 42 623 655 449 201 675 242 704 711 206 130 379 710 321 238 158 667 165 755 628 492 481 586 714 378 850 629 443 453 138 338 150 805 333 166 659 475 406 852 435 1031 87 348 156 331 658 620 594 478 754 755 955 641 540 347 486 199 488 409 381 239 817 804 331 667 786 731 340 394 388 698 1003 451 524 786 762 555 409 313 310 432 588 407 161 271 336 504 590 977 542 563 136 290 563 491 169 690 311 670 679 588 713 302 116
293 460 657 878 780 161 476 410 268 752 329 405 808 0 886 745 989 275 430 884 927 231 341 837 1073 218 361 591 483 498 813 418 928 123 533 585 805 1058 821 970 564 319 743 804 801 476 877 939 141 637 667 220 664 835 920 841 537 153 895 842 729 441 944 189 626 562 552 316 864 461 941 767 846 553 825 954 441 1029 487 515 1011 682 628 417 1103 576 953 623 733 1047 319 888 426 984 352 981 616 217 392 389 891 507 658 438 925 703 508 422 516 177 765 464 848 582 799 560 375 1041 307 979 492 53 400 365 385 998 659 1003 478 450 574 1048 454 174 646 141 176 827 578 529 874 409 444 819 911 26 247 266 758 522 805 963 438 829 851 744 472 1000 473 420 835 809 901 648 864 337 977 170 671 456 984 1020 142 743 704
607 1103 538 26 180 794 1192 693 686 686 613 495 196 886 0 559 951 639 783 15 862 699 545 752 919 759 539 648 923 675 226 728 432 925 894 362 602 911 822 304 1033 854 153 844 662 692 942 641 951 332 354 781 889 676 412 655 490 820 506 817 158 627 910 708 368 701 473 676 851 497 376 206 819 831 645 84 835 173 664 881 272 242 322 866 229 374 271 850 154 948 766 687 630 777 860 553 1026 740 570 500 73 380 284 961 516 352 614 492 571 962 631 1174 268 524 88 498 807 807 726 664 920 833 1095 641 551 512 675 273 651 442 353 256 975 917 517 747 900 926 514 560 581 680 1146 648 718 868 890 660 605 457 506 616 570 603 42 176 435 688 561 1119 738 759 294 256 759 607 201 797 500 833 874 776 769 498 214
494 703 90 533 381 588 812 839 721 128 427 428 363 745 559 0 406 656 387 545 315 701 520 198 412 766 452 179 485 881 336 359 247 702 429 629 68 400 263 380 567 516 541 285 109 295 383 196 719 652 234 536 365 134 252 123 235 783 172 259 504 799 360 659 683 236 229 752 293 325 297 356 261 355 107 558 424 573 865 424 451 366 629 466 646 301 387 340 476 421 455 171 319 281 500 247 535 527 367 540 500 486 328 550 199 216 834 603 229 708 72 793 310 170 503 204 443 332 446 236 477 699 728 753 656 280 151 439 276 536 600 512 557 662 107 625 645 368 177 216 129 826 768 106 203 719 591 487 46 278 85 218 737 89 521 584 387 260 755 747 185 200 323 550 211 419 471 581 94 412 343 304 710 60 385
815 738 466 924 779 831 843 1193 1053 297 736 787 755 989 951 406 0 992 559 936 90 1023 869 208 132 1080 797 437 550 1249 725 575 551 903 483 1027 351 122 175 710 551 682 946 185 296 526 129 332 910 1054 640 770 342 276 567 295 603 1076 459 162 909 1164 48 968 1083 441 605 1094 131 683 616 755 158 441 307 935 555 929 1232 496 781 772 1030 589 992 697 730 373 882 74 670 266 605 205 652 454 489 786 692 905 885 875 734 622 461 621 1209 976 553 885 334 829 686 532 904 573 616 216 690 330 540 957 795 1106 1020 511 367 771 541 915 997 843 616 850 491 907 838 178 543 548 375 1182 813 305 238 964 765 781 360 654 444 373 1106 348 916 990 764 317 1130 803 220 216 677 955 194 730 824 820 491 540 90 233 1005 463 791
177 665 567 635 566 274 711 208 65 710 257 231 601 275 639 656 992 0 486 639 914 60 138 804 1045 125 203 555 599 282 614 443 777 362 622 312 724 1032 816 780 707 442 489 811 742 474 903 850 388 364 501 311 719 775 764 773 421 181 771 831 482 203 943 88 350 554 429 102 860 330 773 559 835 608 756 714 523 796 267 602 807 470 357 521 865 401 756 671 492 1035 383 823 387 930 469 858 741 266 301 147 656 266 459 585 799 540 267 152 444 415 701 696 659 487 556 451 455 984 341 889 604 230 621 127 110 860 627 800 452 198 304 833 603 386 548 171 375 859 479 452 776 199 671 752 852 265 414 224 685 383 692 862 175 745 608 482 288 914 211 644 797 783 715 388 828 262 761 285 565 534 962 958 137 632 486
319 331 321 763 616 274 434 694 536 347 245 358 624 430 783 387 559 486 0 774 500 500 400 420 647 546 339 208 143 767 611 57 624 348 140 651 430 633 393 724 258 134 689 375 405 99 447 558 358 696 445 213 240 437 623 449 294 528 559 415 658 684 514 437 710 156 312 586 435 297 661 593 420 126 436 819 52 867 751 120 786 541 676 86 946 409 720 195 644 618 114 490 156 574 113 634 270 237 243 457 751 497 499 180 587 465 742 532 218 339 379 415 618 282 700 292 60 629 146 596 141 401 344 612 551 668 258 775 136 496 624 840 193 298 326 362 284 398 288 231 509 686 388 429 507 405 217 261 382 326 468 593 640 454 741 716 383 612 672 364 421 389 655 637 448 245 781 263 354 54 559 613 462 414 569
603 1094 525 11 167 789 1185 698 687 673 607 491 182 884 15 545 936 639 774 0 847 700 543 737 904 760 534 636 914 681 211 719 416 920 884 366 587 896 808 289 1023 846 156 831 648 682 928 626 947 338 342 775 877 662 397 641 480 821 491 803 157 632 896 707 376 689 463 679 836 489 361 193 805 820 630 77 826 166 670 870 258 233 327 857 226 366 257 838 150 934 759 672 621 762 852 538 1015 735 563 499 58 378 274 952 500 340 620 493 561 958 617 1166 253 512 84 488 799 792 719 648 910 831 1088 644 553 497 662 260 641 442 357 245 966 912 505 744 895 912 503 550 566 685 1138 633 703 865 883 655 591 449 492 601 575 588 34 182 430 673 566 1111 724 745 279 259 745 601 188 792 488 824 859 761 768 484 205
738 713 378 836 689 767 823 1113 976 210 660 704 666 927 862 315 90 914 500 847 0 948 788 119 148 1007 716 358 512 1166 636 509 469 849 444 938 261 134 106 628 532 629 856 131 206 456 134 255 857 964 550 707 307 186 484 206 517 1006 375 86 819 1082 49 894 994 369 518 1016 67 600 533 665 81 391 217 848 504 845 1149 453 699 681 941 541 909 609 646 328 791 121 608 180 530 144 601 379 473 719 613 822 797 788 644 586 380 531 1124 892 472 835 245 807 598 446 814 487 560 177 624 260 502 893 765 1026 937 436 287 689 466 829 908 762 583 797 402 838 784 165 457 466 289 1102 788 215 155 902 713 708 270 567 355 298 1023 259 827 899 678 252 1046 776 130 131 591 865 104 654 740 757 402 488 60 182 934 372 700
210 648 611 696 626 262 686 203 41 747 287 282 660 231 699 701 1023 60 500 700 948 0 190 840 1082 67 250 590 603 287 673 463 832 331 633 367 768 1069 848 838 706 440 548 841 782 500 929 896 356 418 556 309 738 817 820 816 467 121 822 864 542 218 975 65 401 583 476 95 892 377 830 618 868 625 799 774 533 857 273 613 866 530 412 526 926 456 816 691 553 1070 391 865 418 971 470 909 745 268 338 207 717 327 518 582 851 595 284 210 483 386 742 672 718 531 617 497 463 1026 354 936 609 192 600 138 160 913 661 860 482 259 361 894 600 361 593 154 353 884 523 492 823 198 648 794 893 225 401 244 727 432 741 911 207 790 668 541 343 960 242 622 835 818 774 447 866 294 822 274 612 545 998 1001 88 681 546
87 639 432 537 446 267 704 325 203 580 154 93 478 341 545 520 869 138 400 543 788 190 0 675 915 258 71 432 530 382 488 349 641 389 540 277 588 902 694 652 644 393 403 692 609 366 787 712 416 329 365 277 619 642 629 639 284 298 633 706 388 297 820 172 330 439 292 232 737 194 639 436 711 512 622 613 445 690 365 520 684 348 313 454 763 265 630 570 392 909 316 688 274 797 414 720 668 228 178 62 551 166 332 532 661 404 348 133 316 434 567 687 530 352 458 315 384 850 269 752 532 288 609 237 155 723 501 677 338 120 257 716 550 393 412 202 378 746 344 322 639 313 660 618 718 322 392 155 550 245 554 724 244 609 509 409 152 777 274 632 668 656 586 313 698 156 644 274 428 453 834 824 234 495 368
630 676 259 726 576 676 788 1000 867 94 553 589 555 837 752 198 208 804 420 737 119 840 675 0 242 901 604 251 462 1051 526 419 381 768 394 819 150 228 85 536 507 554 739 119 90 360 197 193 779 845 431 616 276 80 393 104 400 905 286 69 702 967 162 789 875 274 400 904 100 484 443 551 70 330 109 743 435 747 1034 399 608 564 822 476 815 489 551 279 675 234 521 104 426 154 529 313 457 623 503 706 689 669 525 535 298 414 1008 775 359 760 126 771 492 329 700 369 481 209 530 215 452 799 719 913 822 367 180 597 364 712 789 672 536 719 283 738 704 198 339 352 199 988 749 105 101 811 638 605 151 449 247 239 907 154 716 782 560 220 929 733 13 34 492 746 27 547 642 667 282 420 158 195 832 256 583
872 857 490 892 757 912 965 1239 1108 335 795 828 728 1073 919 412 132 1045 647 904 148 1082 915 242 0 1143 844 493 660 1288 696 654 496 996 591 1041 346 14 254 652 673 777 935 279 309 598 255 277 1005 1062 641 852 453 278 514 289 636 1146 413 232 899 1204 152 1031 1094 511 634 1145 215 722 560 735 227 540 305 892 652 874 1271 601 719 766 1039 690 929 713 676 476 870 62 754 244 667 142 749 384 612 862 744 944 849 897 733 733 407 615 1243 1011 601 983 351 949 650 565 882 605 707 118 767 260 649 1037 911 1152 1060 438 422 710 605 945 1012 779 729 945 513 978 931 298 575 593 340 1227 932 306 211 1047 861 846 372 683 425 308 1143 334 888 980 794 239 1164 920 247 266 631 958 216 789 770 902 505 637 88 146 1074 460 782
273 664 676 757 691 291 691 191 73 808 347 350 726 218 759 766 1080 125 546 760 1007 67 258 901 1143 0 317 649 639 279 739 513 900 333 674 417 833 1129 905 905 738 473 607 897 845 555 983 961 355 465 624 344 786 880 887 879 533 74 889 922 602 226 1032 112 445 639 543 104 949 443 897 685 926 673 862 835 575 919 268 655 932 596 462 564 987 524 882 740 615 1129 434 929 476 1034 504 977 780 310 401 273 779 391 585 611 918 663 292 267 545 389 805 678 785 596 678 562 505 1089 401 1002 646 194 610 154 210 981 721 926 540 322 414 958 629 372 659 186 367 936 588 555 889 190 656 858 957 221 424 299 791 499 808 977 235 855 729 596 411 1026 266 631 896 878 841 505 927 354 887 303 678 588 1058 1065 91 747 612
69 601 363 527 419 255 676 396 268 509 97 44 447 361 539 452 797 203 339 534 716 250 71 604 844 317 0 360 475 453 452 286 587 386 479 316 520 831 622 612 590 350 408 621 539 298 716 646 412 365 315 249 551 572 576 570 217 346 573 635 386 368 748 217 374 368 226 301 666 127 591 406 639 447 552 600 387 671 436 460 650 322 347 400 747 218 593 502 385 837 267 619 205 727 367 660 610 204 108 118 535 177 297 484 601 353 418 194 244 424 498 658 489 283 450 247 331 781 220 686 476 307 578 309 225 666 430 642 268 158 292 687 501 379 344 219 363 675 275 251 573 385 630 549 649 339 363 123 481 182 491 660 314 542 500 421 111 711 342 602 597 585 544 329 627 95 616 259 362 394 762 755 276 430 345
380 526 124 625 470 431 635 756 617 161 302 353 466 591 648 179 437 555 208 636 358 590 432 251 493 649 360 0 312 813 447 184 420 535 263 615 224 479 262 534 404 338 588 261 209 120 360 355 549 650 294 374 242 243 421 251 186 653 352 275 552 728 388 537 674 60 195 657 305 252 462 444 279 191 235 668 245 701 796 254 601 417 627 287 779 303 535 201 531 480 284 296 174 393 321 426 384 375 255 470 603 457 373 373 379 300 774 543 119 536 176 616 441 128 575 163 264 449 285 394 305 551 549 669 584 460 71 590 113 486 585 659 381 491 137 487 475 324 139 117 301 745 590 229 319 565 416 353 175 236 261 387 672 248 607 624 339 413 697 568 247 228 469 565 278 296 607 423 162 234 408 428 581 211 443
445 219 436 903 754 350 330 804 643 412 378 497 759 483 923 485 550 599 143 914 512 603 530 462 660 639 475 312 0 882 744 200 731 375 69 790 513 646 410 845 115 167 832 381 474 231 424 630 375 836 580 295 208 501 733 518 433 607 657 435 801 802 512 537 848 252 451 694 445 441 775 730 439 135 508 956 90 1000 866 63 910 682 817 77 1079 550 844 186 786 619 217 551 299 615 135 723 141 335 384 590 889 638 639 73 682 596 863 663 353 345 458 312 746 411 841 428 146 667 262 663 10 468 257 726 676 763 338 899 272 633 764 967 74 319 445 453 311 374 419 365 594 797 289 501 560 462 237 381 468 468 570 670 763 536 881 859 526 675 796 271 467 428 779 780 488 379 911 337 472 90 573 657 550 523 709
450 935 798 682 677 548 969 87 245 956 529 461 718 498 675 881 1249 282 767 681 1166 287 382 1051 1288 279 453 813 882 0 741 722 945 611 904 319 950 1275 1075 903 989 723 528 1074 979 746 1170 1063 634 343 682 592 996 1011 929 1004 651 348 963 1086 542 84 1200 351 306 821 654 191 1118 566 924 681 1090 887 987 759 806 848 16 884 908 600 354 804 901 589 874 948 565 1285 665 1052 655 1162 751 1046 1023 548 561 344 719 405 610 866 988 718 61 277 695 667 937 956 796 722 614 682 738 1213 623 1101 886 471 885 155 229 1034 881 905 719 346 337 916 884 646 776 441 639 1128 712 700 988 89 933 984 1084 500 688 505 917 604 898 1067 144 968 658 498 494 1127 129 907 1042 1034 851 434 1073 532 848 560 787 816 1209 1185 364 845 604
520 941 327 199 69 689 1040 732 673 464 498 409 32 813 226 336 725 614 611 211 636 673 488 526 696 739 452 447 744 741 0 561 227 822 705 428 376 688 598 166 847 706 256 622 436 514 718 420 846 426 167 661 681 450 207 429 321 786 286 592 225 673 684 660 464 504 303 681 625 364 187 60 594 637 419 223 661 256 726 694 197 145 406 697 334 238 142 646 194 724 621 461 472 554 705 346 831 629 441 467 164 354 156 792 300 148 682 493 393 850 407 1021 57 332 188 319 647 587 589 446 739 760 946 660 557 316 462 189 475 425 406 238 804 802 310 672 784 704 325 380 356 718 994 421 492 790 757 556 381 308 280 400 609 377 192 302 341 471 612 968 513 534 110 317 533 490 172 689 288 656 648 556 722 275 136
272 380 285 709 563 258 480 652 497 338 195 303 572 418 728 359 575 443 57 719 509 463 349 419 654 513 286 184 200 722 561 0 587 351 193 595 408 640 404 680 315 157 632 389 392 64 470 540 365 640 394 197 276 425 585 435 241 502 529 423 601 639 528 402 654 145 259 545 447 240 620 540 428 165 420 765 109 815 705 174 739 486 620 138 894 353 674 228 587 630 101 479 99 569 147 607 325 211 187 405 698 441 444 233 557 416 695 480 168 351 361 461 571 236 644 242 88 625 115 579 199 383 387 568 502 637 245 729 90 442 568 793 247 306 286 333 290 423 241 182 485 643 433 413 499 393 232 219 360 270 436 572 592 433 686 659 326 597 623 408 418 390 610 580 447 193 732 248 314 111 566 607 433 379 513
646 947 302 405 296 782 1055 925 841 355 599 550 258 928 432 247 551 777 624 416 469 832 641 381 496 900 587 420 731 945 227 587 0 908 676 644 243 490 464 159 814 744 483 496 304 526 578 221 928 647 276 739 608 301 19 276 391 934 94 450 451 872 518 805 685 479 375 859 478 469 64 281 450 603 274 396 664 379 930 671 230 348 626 706 440 376 180 586 421 534 673 288 523 357 733 121 782 720 535 638 359 542 335 793 90 237 889 681 429 923 294 1036 171 358 413 371 674 380 654 236 723 878 968 846 743 90 399 219 498 609 619 293 801 875 301 794 858 578 357 415 182 911 1010 280 314 903 813 661 275 408 161 188 807 229 406 529 489 259 815 987 367 401 137 538 377 590 275 779 273 655 465 350 864 209 350
318 337 619 913 799 132 357 524 371 689 324 429 822 123 925 702 903 362 348 920 849 331 389 768 996 333 386 535 375 611 822 351 908 0 431 656 756 982 742 969 447 221 790 721 743 414 785 890 27 709 664 168 568 777 902 786 520 274 864 764 771 548 860 274 703 495 537 423 783 458 929 782 769 462 770 985 348 1054 599 415 1017 703 697 317 1131 583 956 531 770 966 250 830 386 920 252 947 502 193 382 446 919 553 673 323 893 697 615 494 480 55 711 345 849 551 836 537 288 976 256 929 384 139 278 469 470 970 597 1008 426 507 640 1060 338 55 613 195 65 735 550 495 831 521 323 764 850 113 140 268 708 517 771 919 535 781 886 797 493 948 571 298 768 737 899 702 795 332 992 132 639 363 907 958 247 710 728
458 283 387 873 720 390 395 830 670 347 385 496 722 533 894 429 483 622 140 884 444 633 540 394 591 674 479 263 69 904 705 193 676 431 0 788 452 577 341 797 141 214 812 313 410 205 358 565 434 832 545 331 141 435 680 454 406 648 599 366 780 823 444 568 847 203 422 721 376 427 723 696 370 73 444 922 99 961 888 20 864 655 811 115 1039 526 798 117 763 551 241 485 287 547 181 662 134 365 380 597 856 632 611 142 623 557 881 672 324 406 397 377 703 374 815 395 169 598 281 598 58 513 325 749 691 704 279 853 246 635 760 922 141 376 400 488 366 308 382 333 532 822 355 437 493 511 291 399 408 445 515 606 779 474 852 842 515 609 811 338 399 360 732 768 420 385 869 377 425 88 504 589 587 471 682
363 915 560 366 362 542 982 331 344 729 413 292 403 585 362 629 1027 312 651 366 938 367 277 819 1041 417 316 615 790 319 428 595 644 656 788 0 694 1029 862 586 905 665 211 870 736 591 972 791 683 52 403 554 840 764 626 752 430 486 676 867 222 265 979 396 59 644 424 324 902 370 615 369 871 746 736 444 701 533 307 769 589 296 44 716 591 329 556 792 246 1050 584 797 502 905 684 753 921 505 407 214 401 158 316 801 698 434 259 163 499 705 695 965 485 498 295 457 647 952 537 826 790 537 886 283 207 734 673 586 554 159 29 597 818 667 535 461 653 938 486 498 716 318 938 735 830 572 669 430 671 379 625 786 209 708 341 187 279 852 199 910 808 810 538 114 837 412 528 549 537 705 972 922 450 581 294
560 732 157 575 428 646 843 908 789 113 492 497 405 805 602 68 351 724 430 587 261 768 588 150 346 833 520 224 513 950 376 408 243 756 452 694 0 335 228 391 584 562 596 256 63 344 346 133 772 716 295 593 368 75 252 58 304 849 153 218 559 868 308 725 747 274 298 821 250 394 302 403 219 379 44 592 461 598 933 450 464 423 692 503 667 367 404 351 531 360 507 103 379 212 544 209 546 587 433 609 539 553 388 581 173 272 902 672 292 760 55 825 342 237 552 273 488 263 503 173 504 761 763 822 725 253 176 453 330 604 665 527 586 714 176 688 698 339 245 280 80 895 801 45 136 779 640 550 48 347 97 163 805 24 566 640 456 195 824 781 137 163 344 612 157 484 494 639 163 448 282 235 775 114 441
858 843 477 884 748 898 951 1226 1095 322 781 815 719 1058 911 400 122 1032 633 896 134 1069 902 228 14 1129 831 479 646 1275 688 640 490 982 577 1029 335 0 240 647 659 763 926 264 296 584 243 270 991 1051 630 837 439 266 508 277 623 1132 406 217 889 1191 139 1017 1083 497 621 1132 201 709 554 726 213 526 293 885 638 868 1258 587 715 756 1028 675 925 701 670 461 860 56 740 233 653 134 735 379 599 847 731 931 842 885 723 719 400 605 1230 998 587 968 338 936 642 552 873 592 693 116 753 255 635 1022 897 1139 1047 434 408 705 591 933 1000 775 715 931 500 964 917 285 562 579 331 1214 918 294 200 1033 847 832 359 671 415 302 1131 323 880 970 782 235 1152 907 234 251 624 947 203 775 765 888 493 622 74 142 1060 449 772
640 617 306 796 644 661 727 1018 877 138 561 614 626 821 822 263 175 816 393 808 106 848 694 85 254 905 622 262 410 1075 598 404 464 742 341 862 228 240 0 618 440 522 799 36 164 352 120 276 750 892 489 601 210 163 476 188 434 902 370 25 762 990 126 793 919 266 437 919 44 511 526 619 29 286 190 818 398 826 1058 350 690 623 869 436 895 535 632 224 736 226 502 188 430 212 495 398 386 614 517 732 762 708 582 484 383 477 1036 804 379 728 191 711 568 364 765 405 453 260 518 296 400 787 665 931 846 452 193 679 365 744 832 754 482 690 330 734 677 113 376 375 283 1007 691 185 180 796 606 606 217 485 324 323 933 236 785 840 593 298 958 677 97 64 572 797 98 555 722 651 335 382 166 255 831 324 644
678 1054 409 280 225 838 1158 897 840 500 647 569 185 970 304 380 710 780 724 289 628 838 652 536 652 905 612 534 845 903 166 680 159 969 797 586 391 647 618 0 938 832 394 648 455 624 734 379 992 577 305 804 745 456 143 431 453 950 252 605 370 837 677 823 616 594 435 848 635 512 94 224 606 725 427 251 770 221 889 789 72 312 559 810 281 394 32 718 342 692 753 447 600 515 827 269 912 776 587 633 231 521 320 901 249 272 843 660 512 993 439 1139 122 443 312 442 768 535 726 391 839 917 1067 826 724 219 528 61 590 592 566 135 911 944 400 830 926 731 439 498 339 883 1112 432 473 946 892 707 416 452 299 344 773 382 289 437 502 413 775 1088 522 554 70 472 534 639 119 837 373 762 624 505 885 328 301
558 187 529 1012 861 447 292 909 747 475 493 613 864 564 1033 567 551 707 258 1023 532 706 644 507 673 738 590 404 115 989 847 315 814 447 141 905 584 659 440 938 0 266 946 406 536 341 421 689 440 952 685 397 231 559 818 579 543 699 734 465 914 910 521 640 964 345 560 799 467 555 862 836 469 213 571 1063 205 1103 974 153 1005 792 932 190 1181 662 939 233 898 624 329 605 414 652 237 793 65 440 500 704 996 754 749 127 757 699 973 777 462 406 528 277 845 515 952 535 259 700 375 718 116 557 250 834 788 837 415 994 382 749 879 1064 110 392 541 553 388 374 523 472 663 902 262 564 608 546 318 493 542 580 652 732 874 605 991 973 641 727 908 254 514 473 874 895 530 494 1011 434 567 203 591 695 647 611 820
305 252 443 837 700 182 338 643 480 482 255 382 714 319 854 516 682 442 134 846 629 440 393 554 777 473 350 338 167 723 706 157 744 221 214 665 562 763 522 832 266 0 742 501 539 220 563 692 228 715 539 131 347 571 742 583 384 439 686 545 715 645 639 374 722 290 403 533 563 357 776 679 550 240 569 900 126 956 708 196 890 614 698 98 1035 482 825 309 706 745 88 625 234 708 32 764 307 175 285 455 832 525 576 143 714 564 709 524 320 206 512 319 720 391 767 391 74 763 131 729 175 301 241 568 528 794 392 880 246 506 642 941 161 168 443 287 155 513 394 335 640 636 291 563 642 297 84 237 514 402 594 726 612 587 813 762 427 746 646 264 555 522 762 675 582 259 878 169 471 142 688 747 383 537 642
473 995 496 155 187 662 1078 542 534 661 491 367 225 743 153 541 946 489 689 156 856 548 403 739 935 607 408 588 832 528 256 632 483 790 812 211 596 926 799 394 946 742 0 815 650 607 917 665 817 188 309 656 829 671 464 654 409 670 536 798 37 476 902 561 227 633 396 523 833 392 441 204 801 756 640 234 742 322 517 797 386 176 174 768 382 288 363 786 65 956 655 693 532 794 753 602 947 612 458 354 191 237 217 861 553 325 467 340 491 831 613 1059 313 460 86 427 704 833 611 695 830 690 980 488 398 572 629 384 566 294 200 388 877 787 472 606 771 893 449 484 596 529 1032 641 726 725 768 531 587 367 510 651 418 604 130 45 315 721 410 1004 727 739 359 102 752 486 321 666 463 742 878 802 620 483 155
634 585 319 819 665 646 695 1015 871 158 555 615 649 804 844 285 185 811 375 831 131 841 692 119 279 897 621 261 381 1074 622 389 496 721 313 870 256 264 36 648 406 501 815 0 193 342 102 312 729 902 506 585 178 195 507 220 440 891 402 60 778 989 139 784 928 257 445 914 63 513 557 640 63 261 221 843 375 854 1057 322 720 639 879 411 924 546 661 197 753 244 485 224 424 247 472 433 351 600 514 732 786 714 598 455 416 496 1036 805 381 705 215 679 594 372 785 412 433 293 505 332 371 772 635 928 845 486 197 709 359 747 840 784 452 669 344 722 656 83 384 378 316 1004 660 216 216 779 585 598 240 491 352 358 933 266 806 856 598 334 959 646 131 94 600 809 134 549 750 635 352 359 191 289 820 346 661
572 693 181 636 486 640 804 932 806 62 499 520 466 801 662 109 296 742 405 648 206 782 609 90 309 845 539 209 474 979 436 392 304 743 410 736 63 296 164 455 536 539 650 193 0 328 283 156 757 760 343 584 314 34 315 44 327 855 212 155 613 896 251 735 791 249 325 841 188 415 364 461 157 339 34 655 430 661 962 410 527 475 737 472 731 407 468 303 585 313 493 87 378 189 518 257 495 583 444 635 600 590 438 544 229 325 934 702 300 742 42 786 404 257 610 296 465 244 494 191 464 759 728 845 751 305 147 516 322 636 706 590 548 698 204 691 682 276 266 290 130 920 763 27 111 775 620 555 64 374 160 196 835 75 626 693 485 206 855 744 77 99 407 660 102 492 557 632 198 416 235 220 782 167 494
298 430 224 672 522 315 534 681 532 276 217 305 528 476 692 295 526 474 99 682 456 500 366 360 598 555 298 120 231 746 514 64 526 414 205 591 344 584 352 624 341 220 607 342 328 0 429 476 429 634 348 256 253 362 525 371 202 550 465 370 574 662 478 442 651 86 219 576 396 224 562 498 375 155 356 724 147 770 729 189 686 451 612 185 848 321 620 204 558 578 164 416 92 509 207 543 339 263 190 416 657 434 408 278 493 367 714 491 122 415 297 514 519 183 611 196 148 565 169 515 228 438 443 595 521 574 183 676 41 445 563 741 290 370 227 381 354 385 189 133 421 671 488 350 437 450 296 256 296 240 373 508 611 369 650 637 315 533 640 464 358 333 556 564 388 213 683 306 255 142 511 545 479 317 479
726 608 421 917 764 721 714 1109 961 257 646 712 746 877 942 383 129 903 447 928 134 929 787 197 255 983 716 360 424 1170 718 470 578 785 358 972 346 243 120 734 421 563 917 102 283 429 0 376 790 1004 607 660 218 278 591 302 541 972 483 128 880 1085 104 871 1030 349 547 1005 99 612 641 739 127 324 307 938 437 944 1153 372 806 741 981 468 1013 648 749 254 854 203 561 292 516 278 533 501 359 680 609 830 882 815 700 495 493 596 1133 903 479 763 311 699 688 474 885 514 501 310 585 387 414 848 665 1022 941 556 298 795 451 847 942 869 488 731 446 804 719 50 485 477 395 1098 683 302 275 852 646 685 337 593 443 422 1030 352 905 958 699 383 1057 673 211 184 690 912 201 641 840 710 453 422 184 317 904 444 763
690 849 286 614 483 780 960 1027 915 218 623 620 452 939 641 196 332 850 558 626 255 896 712 193 277 961 646 355 630 1063 420 540 221 890 565 791 133 270 276 379 689 692 665 312 156 476 376 0 905 806 388 726 462 130 238 111 429 980 135 256 630 983 303 855 840 402 420 944 278 519 285 462 255 495 123 614 585 600 1047 566 449 503 783 628 660 474 401 456 600 313 640 88 513 137 672 124 644 721 563 728 571 660 475 701 130 356 1013 787 425 892 179 942 372 366 608 399 618 167 636 40 621 894 885 942 843 181 301 439 464 717 763 511 704 847 302 821 830 387 373 412 75 1014 919 130 101 913 772 683 181 467 166 46 919 109 611 711 573 64 935 901 182 223 353 698 179 616 496 773 284 572 245 136 907 219 515
344 320 637 939 824 158 335 547 396 702 348 455 847 141 951 719 910 388 358 947 857 356 416 779 1005 355 412 549 375 634 846 365 928 27 434 683 772 991 750 992 440 228 817 729 757 429 790 905 0 736 687 189 572 790 923 800 541 294 882 773 798 573 867 301 730 508 559 447 791 482 950 807 777 468 785 1011 354 1080 622 418 1041 728 724 321 1157 608 979 537 797 973 265 844 405 932 257 965 497 217 405 474 945 580 698 318 911 720 640 522 500 36 726 323 873 571 863 558 298 988 275 944 384 163 259 494 497 989 610 1032 443 534 668 1085 332 59 632 222 75 739 570 514 847 545 302 779 863 134 144 293 724 540 790 935 561 797 913 825 518 962 597 278 779 748 922 729 807 356 1016 156 659 370 916 970 271 729 753
414 965 587 339 357 594 1033 366 393 757 462 339 398 637 332 652 1054 364 696 338 964 418 329 845 1062 465 365 650 836 343 426 640 647 709 832 52 716 1051 892 577 952 715 188 902 760 634 1004 806 736 0 421 606 880 787 629 773 464 536 686 896 207 299 1006 448 39 682 457 369 931 410 614 367 900 789 758 415 747 505 332 814 573 304 23 764 558 357 546 832 235 1074 633 818 545 925 733 760 966 557 452 266 378 200 330 850 707 449 282 216 536 758 720 1016 483 530 274 490 695 969 586 839 837 589 937 326 257 738 706 571 595 210 73 576 867 719 563 514 705 972 518 534 732 353 989 758 851 625 721 481 696 413 641 798 248 728 316 155 319 866 232 961 834 838 534 109 862 460 510 602 562 751 995 939 501 602 297
378 775 188 331 176 533 873 654 565 351 342 275 179 667 354 234 640 501 445 342 550 556 365 431 641 624 315 294 580 682 167 394 276 664 545 403 295 630 489 305 685 539 309 506 343 348 607 388 687 421 0 500 535 367 263 353 154 660 280 489 272 604 594 532 454 347 135 584 524 207 276 151 492 479 338 377 496 421 666 532 354 133 398 531 500 100 291 496 246 655 455 396 305 503 537 364 674 471 282 362 310 276 94 626 306 38 629 410 227 689 305 854 185 171 283 152 480 548 424 423 575 615 778 573 470 360 324 345 309 338 375 402 638 641 166 529 623 584 162 215 312 641 826 338 429 643 592 403 280 147 221 386 540 306 313 351 213 450 552 801 419 430 234 317 446 334 339 532 154 491 576 518 591 180 155
191 362 451 767 643 61 428 512 349 533 168 289 663 220 781 536 770 311 213 775 707 309 277 616 852 344 249 374 295 592 661 197 739 168 331 554 593 837 601 804 397 131 656 585 584 256 660 726 189 606 500 0 452 618 734 625 352 317 696 621 633 515 724 243 608 342 370 402 643 297 761 625 625 338 609 836 233 900 577 311 854 550 590 219 978 425 792 408 628 827 99 671 218 765 160 779 436 48 220 340 769 426 517 274 725 532 579 404 312 188 550 411 685 383 693 369 163 821 89 766 301 188 331 437 401 801 440 845 262 396 533 900 292 140 445 157 122 611 382 327 665 505 383 603 693 195 115 126 545 353 604 754 483 617 741 670 345 786 518 355 615 588 734 578 644 174 832 50 471 247 763 802 255 542 576
546 407 353 865 709 513 517 928 773 255 467 558 703 664 889 365 342 719 240 877 307 738 619 276 453 786 551 242 208 996 681 276 608 568 141 840 368 439 210 745 231 347 829 178 314 253 218 462 572 880 535 452 0 333 615 354 422 768 521 235 794 913 304 676 900 198 434 821 240 470 662 684 239 113 349 904 222 931 980 154 816 660 857 251 1006 543 752 48 773 411 354 376 346 422 316 571 182 478 444 669 841 681 616 280 541 538 967 745 344 545 314 501 667 370 817 403 289 470 385 490 197 639 458 844 774 619 219 805 287 698 811 877 276 514 372 602 502 167 381 348 443 919 482 341 378 640 428 496 332 470 448 506 863 386 848 865 561 496 893 468 284 242 687 801 299 464 832 501 392 207 368 464 703 418 685
607 719 212 650 503 674 831 965 840 90 534 553 480 835 676 134 276 775 437 662 186 817 642 80 278 880 572 243 501 1011 450 425 301 777 435 764 75 266 163 456 559 571 671 195 34 362 278 130 790 787 367 618 333 0 313 24 359 890 207 149 634 928 234 769 818 282 356 874 179 448 363 478 150 366 31 665 460 667 994 437 528 497 763 502 735 435 471 325 606 287 526 53 412 154 550 241 514 618 478 668 612 619 461 572 220 346 965 733 334 774 74 813 414 289 627 328 497 209 529 162 491 793 756 878 784 292 180 517 357 667 734 591 575 731 234 726 715 276 299 324 120 953 790 29 77 809 653 590 93 406 170 173 866 74 641 715 517 175 886 772 66 101 412 685 82 526 562 666 227 446 208 186 817 187 515
636 948 301 386 277 776 1056 910 828 364 591 538 239 920 412 252 567 764 623 397 484 820 629 393 514 887 576 421 733 929 207 585 19 902 680 626 252 508 476 143 818 742 464 507 315 525 591 238 923 629 263 734 615 313 0 289 384 923 108 463 432 856 533 794 667 481 367 845 492 460 49 262 463 606 285 377 665 362 914 674 215 331 608 706 424 363 163 592 402 551 669 303 519 375 732 141 788 713 527 624 340 527 319 795 107 224 873 666 425 918 303 1037 151 353 393 364 673 399 649 255 726 869 968 831 728 109 403 204 495 594 601 278 803 870 298 785 853 589 353 410 196 896 1010 291 329 895 809 653 282 399 167 207 791 241 386 509 476 278 799 988 380 413 118 520 391 582 257 772 270 655 482 369 853 210 332
606 737 207 629 483 681 848 960 838 106 535 548 459 841 655 123 295 773 449 641 206 816 639 104 289 879 570 251 518 1004 429 435 276 786 454 752 58 277 188 431 579 583 654 220 44 371 302 111 800 773 353 625 354 24 289 0 355 892 182 173 617 921 254 770 805 293 350 871 203 444 339 459 174 383 17 643 474 644 987 455 504 481 750 517 711 424 447 345 588 302 535 49 416 158 563 217 536 623 478 662 591 609 446 589 195 330 957 726 335 785 75 831 392 286 608 323 509 211 535 146 509 798 773 874 778 268 191 493 363 659 722 567 592 741 228 729 725 301 295 324 95 948 807 21 80 815 664 592 88 400 149 153 859 52 621 698 510 162 879 789 90 125 389 670 104 527 539 673 218 461 224 185 819 172 498
264 622 147 469 321 392 719 605 486 307 208 193 331 537 490 235 603 421 294 480 517 467 284 400 636 533 217 186 433 651 321 241 391 520 406 430 304 623 434 453 543 384 409 440 327 202 541 429 541 464 154 352 422 359 384 355 0 555 362 442 375 568 555 428 488 224 18 517 475 90 409 298 445 347 337 524 346 574 635 391 507 249 441 380 653 121 443 377 357 635 301 404 150 513 383 449 539 329 144 308 456 274 206 475 391 181 607 375 82 540 285 700 337 71 409 31 326 566 272 469 430 487 624 519 424 461 243 497 161 311 400 557 488 492 127 406 474 508 60 74 356 593 672 334 434 512 439 270 267 51 276 443 507 324 448 443 160 493 529 646 391 387 382 379 422 199 493 389 144 343 558 539 483 214 276
