298
0 492 765 355 584 127 211 176 719 675 189 499 395 718 464 178 741 832 94 635 653 532 921 142 78 834 625 1101 616 654 742 572 183 831 354 301 445 933 309 350 457 599 908 496 121 332 578 460 866 607 277 224 105 220 652 230 138 622 839 729 756 682 483 576 527 675 409 576 310 318 707 411 646 215 660 885 139 759 986 273 421 548 535 749 226 530 1020 307 1014 760 650 730 189 92 708 632 511 326 482 647 735 114 799 411 132 875 410 128 775 784 565 156 114 375 605 379 314 884 806 578 418 566 531 411 721 513 573 584 273 202 910 340 403 583 680 286 199 188 589 341 133 94 925 841 430 759 384 453 631 441 715 1001 373 520 663 726 702 1075 739 463 224 634 464 1014 680 899 283 610 592 699 662 879 172 819 664 329 925 304 658 576 710 581 205 276 537 177 397 753 514 900 485 1052 546 763 825 693 594 616 775 707 861 842 539 549 661 721 434 855 725 820 336 635 251 900 868 347 737 217 746 194 778 785 421 366 529 584 362 324 745 243 34 394 363 138 748 111 524 759 293 666 133 551 425 310 744 374 552 502 300 525 270 335 876 579 739 270 640 921 741 722 817 379 562 582 451 690 457 431 726 509 365 827 912 371 415 595 110 263 621 618 589 829 935 601 833 409 794 676 750 656 333 575 723 900 942 684 229 372
492 0 327 150 615 502 363 570 707 182 484 183 670 492 47 522 598 590 412 476 628 805 568 604 420 444 312 823 218 569 283 375 343 605 186 339 664 670 456 458 647 198 670 58 502 664 177 754 408 117 404 574 392 395 417 633 509 425 596 407 271 204 284 755 626 450 128 842 273 546 240 120 177 536 186 399 592 425 737 645 727 320 185 960 285 767 781 191 675 268 795 912 347 554 216 482 55 166 597 868 912 379 529 181 573 471 170 465 429 720 72 337 451 509 761 686 286 516 781 507 671 497 184 208 702 190 618 834 239 296 499 215 616 833 336 338 437 562 285 651 527 585 659 371 63 289 698 172 766 53 264 640 123 619 175 513 658 760 248 661 268 143 685 789 191 424 212 788 127 290 639 641 321 326 458 376 498 417 191 802 302 412 563 369 543 618 138 849 676 556 52 713 643 298 337 647 611 749 413 217 661 360 381 91 490 750 68 362 569 327 661 162 271 510 443 262 878 275 638 430 543 328 255 203 192 643 583 303 496 253 525 565 551 546 364 470 263 688 242 379 513 331 300 342 609 513 70 305 233 596 536 271 743 371 709 641 850 616 248 749 330 431 256 709 740 816 87 405 483 502 130 346 742 500 395 102 451 230 259 251 214 357 610 207 462 181 308 234 278 171 564 772 257 714 566 453 348 127
765 327 0 417 613 806 579 877 645 239 687 269 798 338 327 833 470 381 672 392 581 904 270 894 686 137 204 546 150 500 389 329 586 405 512 666 763 424 602 579 735 437 443 290 804 825 186 874 107 231 729 768 679 715 299 941 814 339 384 197 304 321 332 806 664 320 357 929 599 691 357 447 153 852 151 359 885 190 490 831 861 299 232 994 538 851 535 466 374 195 815 935 657 802 201 403 281 462 657 923 932 652 314 507 807 150 496 769 177 616 277 615 752 618 797 829 470 213 690 479 788 476 470 533 636 256 623 913 552 593 173 426 727 912 160 518 640 770 222 805 829 849 412 108 369 88 842 490 787 374 65 329 409 660 281 360 587 465 259 749 555 215 779 551 278 418 516 832 345 75 589 420 597 259 341 518 171 568 140 872 69 362 764 546 554 844 466 826 738 266 371 409 674 381 174 578 600 773 149 267 467 359 366 353 388 705 354 260 442 221 819 330 585 193 115 434 880 558 524 636 357 50 578 400 240 650 710 631 317 553 799 671 671 847 101 771 277 588 472 234 816 306 394 506 484 623 320 329 555 628 703 447 583 317 633 828 901 347 225 703 166 536 231 740 861 821 317 476 316 524 418 139 553 611 478 260 752 523 162 161 466 109 327 164 169 357 311 94 357 182 703 831 89 519 252 315 559 407
355 150 417 0 514 388 213 460 624 329 334 172 526 472 112 418 551 583 268 426 544 666 613 479 279 506 320 839 274 500 430 330 193 591 156 287 528 675 316 325 514 321 665 141 387 515 232 610 514 255 339 424 263 310 394 524 397 386 590 428 421 354 222 628 509 426 61 704 223 403 388 142 290 440 305 549 468 454 739 495 582 282 201 833 136 632 780 49 716 409 676 790 245 408 357 429 156 56 475 738 791 240 531 199 424 542 189 352 465 653 219 200 335 376 639 540 148 567 704 427 531 415 278 224 620 186 513 698 150 176 575 80 478 697 365 196 287 412 284 504 412 445 665 486 89 404 552 222 648 109 363 691 31 501 325 489 582 791 396 527 137 282 549 782 342 574 106 663 272 358 554 634 183 472 426 243 584 278 303 669 370 359 413 226 443 469 146 743 549 596 166 755 528 446 470 570 513 631 457 366 640 511 319 231 447 657 83 506 525 469 513 311 180 573 526 135 764 142 581 280 531 433 270 83 199 537 443 262 486 138 389 430 413 430 419 354 233 621 93 379 399 290 206 205 560 380 219 248 168 484 389 140 700 331 631 491 721 639 393 657 462 306 253 591 597 703 102 297 470 402 31 471 712 367 284 248 334 107 293 287 326 474 642 259 513 98 458 325 428 301 421 643 368 690 623 432 199 25
584 615 613 514 0 703 408 760 134 724 397 446 300 319 569 752 238 388 515 229 83 333 573 715 533 574 411 621 510 143 878 286 460 371 663 750 231 475 277 238 196 813 433 564 697 373 512 338 711 651 774 406 584 722 319 813 714 276 394 439 828 790 337 205 84 310 495 344 704 282 833 656 617 788 634 933 717 463 502 423 348 330 465 380 476 274 519 519 620 754 202 322 649 541 721 218 576 557 117 316 319 540 404 713 514 618 703 686 486 208 650 542 665 209 187 342 378 572 222 134 274 137 785 736 138 446 16 322 618 583 650 435 232 321 453 354 386 437 404 346 714 606 474 721 580 675 352 736 173 604 613 639 543 86 746 308 131 639 786 205 546 666 233 503 757 980 579 224 737 543 88 415 533 831 287 294 686 292 618 279 546 251 418 341 72 515 660 233 161 549 656 648 79 885 772 125 18 160 508 769 365 912 256 706 244 146 559 849 244 804 364 761 633 612 647 380 272 539 208 393 353 661 779 431 453 37 253 741 355 579 605 205 233 722 525 674 377 190 446 383 710 320 316 332 231 210 678 322 652 63 329 378 322 297 157 422 294 515 763 146 763 225 412 132 328 210 528 216 342 113 545 746 377 213 230 666 662 557 468 474 826 721 547 504 547 437 855 584 860 658 274 233 646 381 620 319 400 536
127 502 806 388 703 0 307 71 837 679 314 553 523 807 485 50 844 922 189 731 768 659 990 113 170 891 692 1189 662 762 718 657 265 923 332 228 573 1021 426 466 584 567 1000 520 6 457 621 586 900 620 181 352 136 138 735 136 11 711 929 799 747 670 559 704 651 762 449 703 263 444 688 400 672 87 684 873 98 828 1078 397 547 626 586 877 287 658 1114 339 1088 770 778 858 156 211 717 730 533 345 606 775 863 177 883 378 252 929 381 37 842 898 574 200 53 495 733 506 394 948 924 684 546 672 495 370 839 567 693 711 263 212 963 399 530 710 744 380 316 315 655 468 24 177 1013 869 445 786 510 419 758 449 750 1069 397 643 659 817 817 1155 737 590 251 646 592 1110 677 878 292 738 580 747 778 971 217 819 754 431 973 415 685 704 759 673 333 377 651 291 382 880 641 970 482 1127 670 741 840 807 712 743 838 704 959 827 629 540 757 843 455 857 825 827 462 623 233 958 915 422 865 249 854 310 867 819 365 425 582 705 489 261 830 253 125 519 488 43 804 35 593 871 354 741 10 631 508 405 848 495 551 582 277 646 397 412 983 664 856 394 767 1001 746 844 833 489 626 708 577 817 489 534 812 621 388 848 1015 491 517 603 54 282 677 672 551 856 1011 648 895 464 785 713 731 673 460 703 751 1001 1006 770 323 398
211 363 579 213 408 307 0 374 539 538 121 310 326 507 322 354 536 621 120 425 466 471 713 353 139 634 421 890 429 455 643 360 52 621 304 350 343 722 141 172 339 524 698 344 302 305 396 409 684 461 367 211 178 314 440 434 318 411 628 522 633 567 275 461 371 464 247 512 316 207 601 330 481 388 497 761 349 552 776 281 378 338 347 660 91 446 810 180 805 612 524 625 242 224 561 423 361 219 329 560 628 134 588 364 228 676 358 284 570 594 430 134 263 215 481 334 110 679 626 376 336 364 470 379 540 323 401 510 235 182 712 160 293 510 478 75 74 201 386 296 323 278 714 666 302 589 345 400 499 321 537 793 242 363 537 515 514 864 606 350 156 487 365 805 553 787 210 498 484 509 476 669 127 680 453 123 730 116 491 488 519 370 200 70 350 267 325 611 386 692 376 842 391 659 666 503 415 482 572 577 653 723 328 442 452 553 295 712 518 672 303 523 240 698 674 145 614 146 546 67 567 607 412 183 339 418 252 349 533 192 242 257 232 336 549 275 321 566 122 458 317 341 215 99 540 217 432 293 272 358 182 133 675 368 555 278 546 711 600 554 658 185 362 443 396 558 299 226 515 316 237 661 707 208 209 458 260 182 426 424 524 657 725 415 629 225 670 498 641 502 226 470 552 694 737 473 20 237
176 570 877 460 760 71 374 0 895 745 366 625 561 876 555 55 910 991 253 799 828 690 1061 86 234 963 764 1259 734 826 776 727 334 992 395 276 616 1091 484 525 630 623 1069 590 74 490 692 618 970 688 218 390 207 189 806 64 62 780 998 871 809 732 630 747 704 832 520 734 320 493 748 464 741 71 753 933 72 899 1147 426 578 696 657 911 358 696 1183 411 1160 836 823 896 223 242 784 797 603 415 659 810 902 246 953 437 282 1001 442 107 914 959 641 272 125 551 778 539 464 1020 982 749 586 736 551 426 898 639 750 745 331 283 1034 471 576 744 815 447 374 353 727 503 50 192 1083 939 514 856 542 477 805 517 820 1141 467 697 724 886 878 1226 802 635 323 714 634 1178 741 936 362 781 643 819 838 1040 289 884 823 497 1044 477 755 741 830 742 372 443 712 314 446 928 688 1042 547 1198 723 799 907 868 770 791 910 768 1026 887 698 604 825 898 525 922 892 893 495 685 300 1030 986 493 909 321 918 369 937 889 416 497 654 761 537 312 900 323 161 570 539 38 876 106 665 933 426 812 61 701 578 472 914 551 617 652 341 702 445 483 1048 734 915 424 805 1072 811 899 901 552 697 757 610 864 560 599 882 683 458 916 1081 547 583 670 126 353 749 744 605 926 1082 719 967 536 847 784 791 742 508 744 821 1068 1077 840 390 469
719 707 645 624 134 837 539 895 0 792 532 528 417 315 663 886 193 344 648 256 80 415 546 850 667 579 458 535 569 147 953 344 590 321 777 874 345 411 411 371 313 906 365 652 831 495 580 438 732 725 902 538 716 851 347 948 848 312 348 453 894 865 423 273 205 325 596 413 825 415 909 763 679 922 695 988 852 471 421 550 456 397 540 388 601 357 428 635 571 809 228 325 777 675 783 246 663 671 246 357 319 672 380 823 647 618 813 819 492 88 732 671 798 344 241 458 497 559 87 200 389 211 885 848 11 525 146 387 739 710 646 548 356 387 487 480 521 571 461 469 848 740 413 751 680 719 467 843 210 704 659 600 651 210 820 296 58 571 849 318 671 736 341 408 829 1039 698 275 823 583 69 354 661 885 304 420 685 424 678 346 583 305 551 470 189 646 769 188 263 523 753 593 191 957 815 66 124 207 518 837 293 973 328 796 257 64 658 897 214 853 486 842 757 602 656 494 256 664 141 527 325 695 893 540 529 142 383 863 345 702 739 337 366 857 548 808 452 87 565 412 845 386 418 457 181 345 765 403 771 195 463 494 214 353 29 550 335 470 823 61 806 353 477 205 431 209 622 331 339 227 654 784 278 347 347 744 795 677 521 529 921 755 506 566 545 538 917 636 932 724 406 301 694 291 597 331 529 644
675 182 239 329 724 679 538 745 792 0 659 282 828 522 216 694 647 594 594 540 717 956 509 784 603 376 341 784 226 646 164 448 523 614 350 494 813 653 615 608 791 203 665 194 680 831 212 911 277 78 561 748 574 563 458 806 685 483 598 399 105 83 389 888 751 489 291 990 433 707 124 281 116 704 104 224 771 405 720 818 888 397 259 1090 466 913 766 372 613 93 917 1038 523 736 45 549 177 348 730 1005 1037 561 527 321 754 387 313 641 399 785 110 519 629 657 889 849 448 452 854 599 826 591 250 343 785 279 730 979 416 477 405 381 768 978 334 503 611 739 332 816 703 768 641 230 245 162 861 292 888 234 179 567 305 745 42 544 738 704 68 806 451 58 832 779 40 261 393 920 120 247 727 639 504 143 504 530 390 576 122 944 255 487 738 534 654 798 299 954 812 504 197 648 766 165 168 727 715 872 373 45 676 193 469 147 546 844 245 179 617 147 827 94 446 431 344 418 995 458 695 604 558 212 379 363 270 757 739 456 512 434 708 714 704 723 320 648 346 754 416 402 689 408 428 501 660 661 128 402 403 718 703 430 780 439 788 814 986 581 66 843 163 574 315 834 897 933 239 533 505 616 312 189 762 648 528 81 629 412 276 267 233 214 564 226 406 329 136 177 139 70 723 909 149 730 490 488 521 307
189 484 687 334 397 314 121 366 532 659 0 421 229 569 443 364 572 679 143 477 469 374 796 318 157 729 514 946 538 479 763 433 150 674 411 426 265 780 129 171 272 641 750 465 307 190 509 306 794 582 427 89 220 368 512 416 324 475 686 608 755 688 366 394 338 530 368 417 407 130 722 446 598 401 615 882 320 639 828 160 271 423 457 579 205 360 858 299 880 731 465 553 308 149 682 472 481 336 293 477 557 184 656 473 134 773 468 304 658 600 551 209 285 187 421 226 219 767 618 406 245 394 584 484 535 432 386 420 335 270 809 278 219 419 572 168 48 83 482 187 322 214 773 779 423 704 236 511 445 442 649 875 363 331 658 573 519 931 727 279 257 607 285 849 675 909 318 429 605 615 478 723 212 800 516 181 831 139 608 404 624 433 79 141 355 160 439 566 327 773 496 916 357 780 784 510 408 430 664 698 697 845 395 563 504 532 416 832 559 791 190 644 332 790 776 254 554 247 570 54 627 718 512 300 448 395 177 435 599 292 208 205 174 328 648 290 418 577 243 541 320 423 302 182 573 186 553 379 372 337 86 241 698 443 553 156 466 781 720 533 775 209 462 394 295 504 420 271 581 332 358 777 740 184 257 579 282 291 529 528 640 771 800 525 720 341 791 611 762 621 147 396 666 731 825 540 137 358
499 183 269 172 446 553 310 625 528 282 421 0 557 315 144 586 415 421 405 292 450 679 440 634 421 338 149 670 118 387 431 191 318 432 313 456 535 508 348 334 512 378 502 125 551 571 88 638 374 206 511 504 420 483 238 689 562 242 427 256 387 344 108 606 469 271 113 711 391 440 387 269 189 610 207 501 625 281 573 570 618 137 36 808 273 633 616 217 543 330 636 756 416 533 288 299 134 227 448 723 755 389 364 336 538 377 324 518 292 537 204 355 499 380 607 582 202 396 599 328 552 319 367 364 522 14 450 698 322 345 411 159 492 698 193 252 373 504 114 553 575 581 498 358 175 284 595 341 607 194 228 519 179 463 301 335 477 619 347 526 302 223 554 620 313 542 279 638 294 200 460 472 338 406 277 262 425 311 195 662 211 229 499 281 375 576 282 679 530 423 233 582 484 439 371 466 439 591 285 327 485 474 200 268 308 574 151 431 386 388 566 316 353 405 368 166 716 304 454 368 370 297 413 133 29 477 467 428 324 310 533 436 430 593 251 518 79 505 206 211 564 148 148 243 426 385 236 125 337 436 445 179 561 188 528 566 703 467 330 573 362 296 82 552 624 653 105 251 309 336 188 359 564 372 246 220 499 277 123 119 396 350 469 104 342 90 417 190 415 223 455 627 247 537 453 275 290 175
395 670 798 526 300 523 326 561 417 828 229 557 0 582 624 573 532 672 371 481 383 145 835 493 383 803 600 919 662 432 953 485 370 659 630 655 72 766 213 222 104 846 727 637 516 82 644 84 905 749 654 171 447 595 551 599 533 506 679 668 930 872 467 192 216 556 543 188 634 123 910 655 746 610 764 1052 500 697 799 146 62 502 589 354 418 135 818 503 899 887 270 335 537 318 842 473 653 543 186 252 340 413 672 691 280 848 685 521 719 502 728 437 504 180 227 41 383 821 493 384 29 378 796 706 425 564 284 191 559 497 884 454 76 190 655 331 258 208 576 60 525 375 763 902 614 836 52 726 259 636 776 908 558 213 836 577 430 929 896 99 479 772 81 803 851 1087 536 222 796 723 388 705 438 961 535 298 913 253 753 180 730 467 190 300 302 259 651 382 156 810 693 930 227 967 927 425 317 248 734 871 661 1021 444 756 505 391 601 988 531 945 74 832 558 854 865 410 351 469 508 267 628 839 736 468 578 277 90 663 617 515 401 129 127 526 734 505 522 488 434 601 527 497 411 327 527 175 740 469 596 240 146 400 621 498 445 147 244 793 883 393 918 263 568 225 70 313 592 322 601 307 555 911 678 188 320 753 501 508 636 639 849 897 821 651 784 499 964 740 946 778 105 184 801 680 875 566 334 552
718 492 338 472 319 807 507 876 315 522 569 315 582 0 458 849 132 115 627 100 264 648 255 861 645 263 184 383 299 181 686 149 542 119 624 758 525 214 445 406 491 676 194 434 802 636 326 640 418 469 806 622 670 769 78 939 817 96 122 141 615 602 254 525 392 46 421 663 696 509 645 584 405 878 418 692 856 156 271 667 640 190 307 688 522 589 310 506 318 517 513 627 695 715 502 108 438 528 403 634 622 630 90 652 703 304 640 778 176 278 490 609 756 420 506 621 412 253 353 199 562 204 676 680 305 305 334 641 619 621 334 421 505 641 189 431 534 640 207 610 825 776 207 440 490 418 633 657 487 510 363 326 488 391 557 22 257 362 568 504 576 472 535 310 561 748 574 542 583 285 269 164 593 590 53 392 372 430 400 598 282 137 626 443 284 724 597 502 473 231 544 352 395 685 511 250 303 476 203 563 169 685 178 567 77 378 467 596 104 555 628 590 646 293 340 386 564 574 186 535 60 388 729 400 300 357 506 735 35 595 748 456 471 840 237 772 241 251 460 120 817 182 298 408 146 425 532 229 641 357 542 395 258 144 299 664 612 214 538 376 503 362 237 452 628 509 421 298 23 274 495 477 249 417 311 493 755 564 248 257 698 445 239 302 231 374 631 349 659 451 513 553 399 222 300 40 489 482
464 47 327 112 569 485 322 555 663 216 443 144 624 458 0 508 559 560 380 436 583 759 553 582 390 434 283 800 201 527 329 334 306 573 188 341 617 644 410 411 600 244 641 36 484 620 158 708 416 143 403 532 368 387 381 618 492 386 566 383 311 248 239 707 578 415 81 795 274 501 286 131 186 525 199 438 570 404 710 603 682 280 152 912 249 720 754 158 660 297 747 865 332 520 245 442 48 140 550 821 865 350 501 198 537 465 186 448 410 678 108 308 432 462 714 641 240 502 737 462 625 452 224 227 658 153 571 787 226 274 495 170 569 786 314 293 396 522 252 607 509 555 633 384 42 301 653 198 718 53 267 627 91 571 215 478 615 741 284 614 241 170 638 759 231 466 192 741 174 280 594 611 292 360 421 329 498 371 199 755 292 371 523 324 497 581 147 802 628 539 90 698 595 343 360 604 564 702 396 255 628 401 338 139 451 704 30 394 530 357 617 208 258 501 441 215 831 248 597 388 512 335 275 156 158 596 537 308 465 232 498 518 504 528 350 452 223 646 200 349 496 291 253 296 570 466 116 262 227 549 492 224 706 331 666 599 802 594 280 704 353 384 222 662 694 769 41 358 451 456 99 364 707 453 348 136 432 205 236 228 258 371 591 188 448 133 347 233 322 191 518 725 266 681 555 418 306 92
178 522 833 418 752 50 354 55 886 694 364 586 573 849 508 0 890 964 238 775 817 708 1025 132 219 923 728 1230 692 810 721 699 310 966 343 220 624 1062 475 515 635 569 1043 544 57 506 650 635 924 639 163 402 179 134 776 111 40 753 971 836 756 679 599 754 701 804 479 752 266 495 694 413 695 36 706 880 116 864 1120 445 595 665 617 926 327 708 1157 370 1125 786 828 908 175 259 734 774 556 370 656 824 913 221 923 383 299 960 388 71 877 946 591 240 92 545 784 555 437 982 974 731 596 719 496 371 888 600 743 760 282 241 993 436 581 760 778 425 366 364 691 517 50 219 1054 892 467 809 559 422 809 469 775 1104 423 694 671 860 866 1194 750 641 284 665 642 1154 688 882 317 789 590 777 827 1013 256 832 797 478 1001 463 708 754 789 716 383 424 700 337 395 930 691 1006 496 1164 721 744 857 856 761 794 872 716 1003 833 672 551 801 893 479 870 870 841 511 632 251 991 944 462 916 283 901 359 910 843 360 461 615 756 540 257 871 279 173 569 539 59 836 79 631 920 392 779 45 671 550 450 894 545 566 622 290 696 448 453 1030 705 905 442 817 1040 760 894 851 538 661 759 627 868 515 580 853 669 414 868 1061 541 563 620 94 311 710 704 550 878 1048 678 929 499 794 739 737 693 511 753 775 1046 1039 812 369 425
741 598 470 551 238 844 536 910 193 647 572 415 532 132 559 890 0 154 656 125 162 571 353 882 676 390 305 387 421 99 811 225 580 134 708 830 466 237 443 400 431 789 195 540 839 598 443 576 549 589 871 607 711 827 188 970 855 173 159 273 743 726 329 436 321 158 509 578 772 485 769 677 530 923 544 824 880 286 267 640 584 278 415 578 572 511 290 577 386 648 410 516 752 721 630 122 546 605 345 536 510 668 187 743 702 427 732 819 306 146 606 655 798 398 411 573 460 365 220 166 508 177 782 770 181 407 254 554 689 678 454 488 458 554 319 464 545 632 320 571 860 786 235 573 586 550 584 754 387 608 494 410 572 322 680 110 139 401 697 441 635 595 471 278 686 879 645 447 698 416 164 176 641 721 143 413 494 439 526 511 414 192 615 467 232 715 688 381 399 330 648 412 317 812 644 134 220 379 333 690 130 815 232 679 107 257 562 728 30 687 589 710 713 410 468 442 449 631 55 548 132 521 819 472 406 271 470 811 157 660 769 418 440 872 370 811 335 119 519 246 853 268 354 439 13 401 645 304 716 292 526 448 148 227 173 638 514 282 667 255 635 364 345 362 566 398 519 311 154 243 578 610 170 397 327 612 796 630 370 379 809 578 317 422 355 455 761 477 786 576 484 465 530 159 404 160 521 566
832 590 381 583 388 922 621 991 344 594 679 421 672 115 560 964 154 0 741 202 316 722 205 975 760 271 278 268 383 245 757 264 657 26 733 870 611 100 553 513 576 764 81 533 918 733 417 723 438 551 919 727 785 883 190 1054 932 211 7 195 679 677 368 590 469 160 530 731 807 610 719 689 480 994 491 740 971 192 156 768 727 303 407 731 637 663 196 619 232 574 564 669 810 826 568 208 535 639 488 691 663 745 67 757 813 300 745 893 203 280 579 724 872 522 565 713 527 228 353 290 650 298 772 785 332 409 404 708 731 735 321 535 597 707 262 546 646 748 308 706 940 888 94 471 595 469 725 759 541 613 422 256 597 469 633 106 292 257 633 587 691 550 617 199 635 799 686 602 669 348 318 51 708 640 168 505 362 540 473 665 341 250 733 557 370 831 703 530 549 183 643 260 468 753 554 289 370 533 232 633 86 740 293 659 176 408 572 640 144 602 724 672 759 273 348 501 601 689 202 647 54 429 834 514 402 423 603 845 96 709 862 551 569 955 281 888 350 262 575 211 932 296 414 522 165 526 623 343 752 437 647 510 208 259 320 766 669 127 600 405 546 471 339 516 712 552 525 408 113 369 605 516 172 519 422 578 870 677 334 343 788 480 162 389 233 486 690 417 728 525 612 619 458 137 257 152 603 591
94 412 672 268 515 189 120 253 648 594 143 405 371 627 380 238 656 741 0 546 579 515 826 235 19 739 530 1010 522 573 674 479 88 741 296 285 408 841 238 277 413 539 818 409 184 323 485 446 774 523 283 212 76 225 559 313 200 530 748 635 680 608 388 536 468 583 320 559 274 271 636 344 557 273 572 809 230 664 896 277 409 453 441 723 134 503 931 222 920 677 606 696 166 142 625 544 425 247 423 620 700 44 707 357 166 780 354 171 680 708 484 82 149 310 561 365 220 789 736 495 389 483 475 363 650 419 506 562 214 142 815 246 361 562 585 195 131 184 494 325 204 177 834 751 349 670 373 397 583 362 624 906 289 460 585 636 627 982 660 421 148 550 428 926 603 828 212 571 520 606 588 789 94 738 573 243 831 225 569 548 617 491 195 189 462 214 333 702 467 805 410 958 487 694 739 618 524 568 680 629 773 768 448 477 572 657 350 773 638 737 325 562 202 805 774 252 695 139 665 123 687 694 383 272 435 520 318 297 652 176 128 340 310 216 653 159 430 682 200 572 198 457 331 219 660 311 475 408 248 460 230 241 794 486 667 273 610 828 660 658 731 300 468 530 435 643 369 345 634 431 282 739 827 305 329 513 147 188 527 524 532 740 841 508 738 316 718 585 678 570 289 539 633 814 847 592 137 287
635 476 392 426 229 731 425 799 256 540 477 292 481 100 436 775 125 202 546 0 189 551 354 777 565 345 202 469 314 109 702 101 465 197 582 705 426 303 350 310 392 670 274 418 726 536 330 541 485 476 748 525 596 706 93 860 741 56 209 210 640 615 203 432 296 81 383 568 646 410 659 552 425 806 440 731 774 234 352 568 540 155 296 607 453 493 385 452 418 553 429 546 631 624 528 10 426 480 304 545 543 553 191 618 610 389 606 704 256 247 489 537 682 321 417 520 340 346 314 101 462 104 659 645 247 286 242 547 565 557 421 363 405 547 232 351 444 545 208 510 748 687 297 500 461 463 533 629 401 483 403 426 446 294 570 98 199 458 595 405 513 485 436 379 577 783 520 453 581 328 197 246 523 628 58 305 457 338 423 505 328 66 530 358 186 629 562 433 376 329 525 451 301 705 559 189 214 389 278 584 227 717 107 559 27 313 438 641 99 597 528 596 589 384 418 320 489 509 161 446 152 442 693 346 287 267 406 686 135 536 663 356 371 761 299 697 213 215 396 158 740 144 231 326 134 325 526 178 591 261 445 326 274 105 248 565 523 314 567 311 551 268 228 361 528 430 395 206 119 174 452 530 290 318 221 497 680 506 266 273 688 502 339 313 318 329 661 380 679 470 413 460 438 271 397 90 408 440
653 628 581 544 83 768 466 828 80 717 469 450 383 264 583 817 162 316 579 189 0 409 510 788 598 526 387 539 496 82 877 270 516 297 698 797 314 398 344 302 280 826 355 573 762 456 505 419 673 649 827 485 644 776 282 883 779 243 322 395 820 789 344 273 167 265 516 415 747 360 832 683 605 852 622 917 788 416 421 506 430 320 463 424 525 349 436 556 548 738 250 363 702 616 710 178 584 591 200 375 358 600 340 743 591 568 733 749 438 131 654 597 727 282 248 425 419 515 162 121 357 131 805 768 77 447 99 391 661 633 598 468 315 391 421 404 454 515 387 429 781 681 397 689 600 651 436 762 226 624 590 571 570 170 744 248 50 562 776 288 594 661 316 420 753 967 619 285 744 516 10 338 586 814 242 345 636 353 605 348 517 231 497 397 116 594 689 244 241 486 673 575 159 881 748 42 66 217 462 763 285 901 250 717 196 126 578 828 174 784 447 765 679 557 602 414 301 588 126 459 287 631 813 460 452 111 335 785 297 624 676 285 312 790 488 738 374 109 486 347 776 310 338 381 154 284 686 324 693 145 407 415 239 279 90 505 353 444 750 125 739 280 402 199 410 245 542 253 287 150 574 719 294 284 269 667 725 599 449 457 842 691 478 492 495 458 844 565 856 649 355 302 625 298 559 272 455 564
532 805 904 666 333 659 471 690 415 956 374 679 145 648 759 708 571 722 515 551 409 0 903 617 527 890 700 946 775 477 1089 578 516 705 775 800 143 807 349 348 169 987 764 769 652 201 763 72 1008 878 797 309 591 738 633 723 668 587 728 753 1060 1005 581 141 255 631 677 44 780 265 1044 798 867 744 885 1179 625 781 829 264 112 605 709 222 562 59 841 646 954 1009 206 220 682 449 967 541 784 686 249 126 227 558 735 836 409 935 829 660 803 503 861 583 644 299 177 153 520 898 473 450 135 447 938 851 425 685 317 56 704 643 969 591 189 56 752 469 404 344 681 192 658 499 806 1010 752 950 148 870 211 774 888 971 697 257 968 638 446 971 1024 154 625 899 125 822 982 1217 681 149 933 829 410 747 584 1085 608 429 1002 388 873 76 835 553 327 440 365 378 794 315 175 879 831 982 254 1101 1043 445 351 209 821 1001 694 1150 539 894 571 370 738 1110 577 1066 196 967 704 935 958 543 259 615 535 413 685 947 882 602 697 299 223 809 684 661 535 242 254 657 829 644 634 499 574 690 662 598 530 463 563 294 875 578 741 290 292 534 629 590 445 266 129 848 1009 372 1034 382 678 211 81 246 725 431 669 385 695 1025 692 308 433 884 640 653 744 748 990 1007 880 766 867 630 1093 854 1080 902 245 115 916 702 948 641 477 692
921 568 270 613 573 990 713 1061 546 509 796 440 835 255 553 1025 353 205 826 354 510 903 0 1061 843 133 297 278 351 431 658 364 737 230 741 891 780 187 681 646 746 704 224 518 987 885 394 895 280 492 949 859 854 923 287 1126 999 330 202 191 570 591 438 778 648 278 552 918 824 754 627 683 413 1050 416 601 1054 162 242 910 894 375 412 932 703 845 285 657 107 460 761 869 856 934 471 363 514 666 659 885 864 819 169 748 928 132 737 956 148 485 532 789 936 667 757 873 606 56 558 455 816 459 731 776 535 426 588 895 762 785 136 590 758 895 247 640 755 873 334 860 1011 991 177 324 594 354 885 739 736 606 330 80 616 647 551 265 492 196 527 759 741 480 790 305 548 663 719 794 610 279 513 214 772 511 299 615 175 659 401 852 267 371 861 659 539 955 700 734 728 24 618 145 650 648 417 488 556 727 157 537 279 612 404 613 333 610 574 500 336 470 877 599 793 90 184 573 803 742 405 754 223 305 824 564 413 610 756 860 219 750 953 707 719 1028 203 954 397 466 635 255 1000 373 499 620 365 672 577 420 773 613 782 585 404 353 524 907 863 99 492 608 412 600 364 705 883 752 528 533 234 528 625 376 352 662 543 521 935 718 320 327 732 337 64 364 106 526 571 345 624 448 760 807 359 318 52 268 693 612
142 604 894 479 715 113 353 86 850 784 318 634 493 861 582 132 882 975 235 777 788 617 1061 0 217 971 764 1243 747 794 830 714 323 974 441 341 553 1075 445 487 570 679 1051 616 110 418 708 544 993 721 291 326 215 251 794 106 112 765 982 870 855 779 624 683 653 818 537 660 376 439 798 507 768 157 781 982 16 899 1129 353 505 689 668 838 360 626 1162 429 1156 873 761 827 263 178 820 774 630 441 608 739 833 244 942 490 214 1011 492 148 915 919 676 279 156 506 716 468 455 1023 937 718 519 706 608 483 854 648 704 672 368 308 1045 475 517 671 819 429 337 289 728 434 92 118 1068 965 544 882 470 531 744 551 842 1141 491 646 766 869 838 1218 844 574 341 747 570 1156 783 989 391 715 689 832 797 1022 297 925 807 471 1058 444 780 671 843 724 309 418 673 238 490 868 629 1040 587 1194 671 852 941 829 727 731 913 811 1003 937 682 648 804 847 552 963 866 931 424 732 339 1037 1001 487 844 336 885 334 921 912 479 501 663 712 479 375 887 350 113 517 487 75 884 137 664 895 428 807 106 693 567 452 885 505 657 644 386 655 390 476 1014 722 872 351 735 1064 850 849 934 519 700 699 538 802 581 573 869 647 483 946 1052 503 557 705 155 377 757 753 664 952 1076 733 971 543 894 804 842 773 452 677 846 1042 1081 827 372 492
78 420 686 279 533 170 139 234 667 603 157 421 383 645 390 219 676 760 19 565 598 527 843 217 0 755 547 1028 537 592 679 497 106 760 297 276 422 860 256 296 428 541 837 420 165 332 499 456 788 533 270 221 64 212 577 294 181 549 767 652 688 614 406 551 485 602 332 570 269 286 642 348 569 254 584 816 211 681 915 283 419 471 456 736 148 516 950 232 938 687 621 710 157 136 634 563 435 255 440 633 714 43 725 357 164 796 355 152 697 727 493 86 131 328 577 375 238 806 755 514 401 502 476 362 669 434 524 575 215 142 831 261 375 574 602 214 148 190 511 335 184 165 852 763 358 682 382 398 600 370 637 923 299 477 593 654 646 1000 668 436 154 560 442 945 610 834 217 586 525 621 607 808 99 747 592 262 846 244 581 561 632 509 203 208 481 213 336 719 482 823 417 976 505 699 749 637 542 584 697 636 792 774 467 483 591 675 359 783 658 746 334 568 200 821 789 270 710 145 684 141 706 707 380 287 450 538 333 291 671 179 112 356 326 196 669 140 447 701 215 590 179 475 349 238 679 328 483 426 247 478 243 258 813 505 686 280 623 846 669 676 742 319 484 547 446 659 380 364 652 450 291 750 847 322 348 522 129 193 543 539 534 752 859 522 755 331 725 598 684 581 304 553 646 833 864 611 156 297
834 444 137 506 574 891 634 963 579 376 729 338 803 263 434 923 390 271 739 345 526 890 133 971 755 0 214 409 234 443 526 317 651 296 622 775 757 295 626 596 725 572 321 398 889 842 277 871 167 361 835 801 759 814 257 1028 900 303 272 136 439 458 362 777 639 264 444 910 708 707 494 562 282 946 284 480 962 110 358 858 864 308 305 950 610 834 404 553 238 329 773 889 751 858 338 355 392 557 641 891 885 726 210 625 857 45 614 856 88 534 403 694 837 626 762 837 523 76 609 443 788 444 601 653 568 324 587 890 651 682 81 495 727 890 156 565 685 810 248 819 913 911 284 204 476 222 850 613 746 485 197 197 505 636 418 282 521 328 395 739 640 348 770 421 415 540 610 798 478 153 532 301 676 385 287 550 112 598 269 849 141 338 800 588 526 889 579 766 717 130 492 274 645 517 292 514 559 734 69 404 356 486 358 483 331 642 457 378 365 344 835 466 683 67 78 489 828 642 445 682 261 174 699 469 309 612 718 742 233 645 868 673 680 931 86 856 313 509 542 201 902 311 426 547 403 631 448 350 659 602 729 501 479 305 561 855 868 213 360 639 286 550 272 706 858 772 414 484 240 505 514 253 440 620 491 390 837 613 214 219 600 215 190 247 38 427 442 214 492 316 716 805 226 405 122 256 614 502
625 312 204 320 411 692 421 764 458 341 514 149 600 184 283 728 305 278 530 202 387 700 297 764 547 214 0 521 115 310 505 125 441 292 461 605 561 361 413 386 532 491 358 254 689 633 141 673 308 284 660 587 556 630 117 828 702 145 284 108 439 420 148 602 460 147 262 725 540 498 463 413 225 753 240 529 757 135 427 646 662 98 130 791 406 647 471 363 397 351 613 733 561 645 327 211 257 376 452 719 731 521 218 480 643 258 468 659 150 444 306 492 639 420 593 632 311 259 514 278 588 273 494 509 449 136 421 708 471 488 295 292 527 708 58 350 470 596 36 611 713 699 350 312 319 264 645 481 584 336 203 377 329 455 374 206 401 470 394 546 445 289 576 477 380 581 427 628 398 132 396 328 474 427 162 336 318 384 222 668 135 160 586 373 350 674 428 631 533 278 364 436 470 506 361 391 399 570 150 385 350 515 162 383 205 513 296 440 275 396 626 406 501 277 266 278 681 445 354 468 232 250 558 267 126 448 512 577 184 456 658 471 474 730 135 657 100 413 338 67 702 103 212 333 318 425 347 136 486 423 517 290 442 114 450 643 697 318 366 512 352 340 67 536 660 620 249 277 172 320 337 334 433 413 282 308 638 423 65 73 513 311 322 117 208 229 459 178 481 271 508 627 237 404 317 147 401 324
1101 823 546 839 621 1189 890 1259 535 784 946 670 919 383 800 1230 387 268 1010 469 539 946 278 1243 1028 409 521 0 605 487 935 531 925 271 982 1126 852 168 819 777 817 975 195 769 1185 985 646 959 554 760 1178 990 1053 1145 454 1322 1200 479 261 417 848 867 632 806 705 427 782 947 1061 870 904 932 682 1259 687 876 1239 398 120 1026 969 566 650 907 903 887 107 878 185 738 762 846 1073 1094 748 473 768 895 732 891 839 1012 308 999 1079 409 987 1160 395 449 797 990 1138 781 775 960 794 334 501 547 894 556 996 1027 523 657 637 922 989 999 405 798 846 921 487 814 913 1012 555 958 1208 1156 176 600 839 632 971 995 745 854 604 242 850 707 826 374 500 100 805 826 954 752 855 129 824 937 944 810 880 545 537 222 974 788 436 773 439 808 671 880 534 519 997 825 619 1096 947 697 781 280 875 166 699 926 693 501 603 742 415 814 257 889 561 878 442 590 816 775 392 746 976 872 1018 364 460 768 774 953 413 915 322 583 1076 775 647 650 857 1098 359 970 1131 805 826 1223 468 1155 607 448 839 459 1199 560 681 791 391 785 842 608 1007 678 909 777 325 525 505 1024 870 207 770 588 688 736 587 734 949 739 770 675 377 626 858 653 258 780 690 789 1137 938 564 572 1002 614 219 615 378 744 849 614 902 721 870 835 635 243 310 418 872 844
616 218 150 274 510 662 429 734 569 226 538 118 662 299 201 692 421 383 522 314 496 775 351 747 537 234 115 605 0 422 390 226 436 400 389 541 633 456 458 439 606 381 460 166 660 683 43 740 256 170 601 620 533 580 233 798 671 258 388 191 325 304 194 690 549 263 213 804 474 549 347 331 110 713 126 422 738 207 523 685 724 180 82 886 389 726 568 322 458 243 709 830 518 651 214 324 163 323 534 808 828 504 318 397 657 268 385 626 211 559 196 468 608 482 686 689 320 301 628 380 654 374 392 425 561 106 518 790 417 451 301 276 593 789 121 369 491 621 108 663 685 699 444 242 242 175 702 390 680 254 114 426 271 543 258 321 513 542 280 621 410 173 650 577 264 471 377 718 286 84 505 431 451 321 278 373 310 423 109 751 96 264 615 397 444 694 348 736 617 338 269 497 561 391 268 503 500 665 195 270 460 404 254 277 320 622 223 339 391 295 677 291 449 301 253 284 782 413 469 486 341 180 473 250 90 545 572 509 294 412 650 537 534 703 149 627 141 528 322 178 673 190 251 358 434 487 240 198 425 513 558 297 557 217 563 681 787 398 254 621 259 398 99 629 726 721 180 344 284 409 280 249 545 474 343 195 608 381 50 42 405 236 392 14 247 206 347 78 365 155 562 713 140 514 354 263 409 268
654 569 500 500 143 762 455 826 147 646 479 387 432 181 527 810 99 245 573 109 82 477 431 794 592 443 310 487 422 0 807 199 501 229 657 767 367 334 350 307 333 766 294 513 757 498 434 479 590 580 803 510 633 756 201 884 773 165 251 313 747 720 287 347 224 182 465 488 713 387 764 634 532 843 548 840 793 334 367 541 485 253 396 507 501 418 389 519 476 661 331 445 681 629 636 99 522 551 246 454 441 589 261 698 608 485 687 740 355 152 589 580 718 300 326 473 390 434 211 78 409 91 751 724 139 383 159 465 628 609 516 429 359 464 341 386 456 536 314 471 777 693 332 607 548 572 485 713 306 571 512 495 525 225 675 167 91 498 702 343 567 590 373 376 683 892 585 362 681 437 89 273 567 737 160 331 553 350 531 422 437 160 519 385 133 618 643 325 303 407 617 505 222 811 668 81 125 295 380 691 229 826 188 656 113 204 525 750 100 706 489 698 649 475 519 379 384 562 91 460 209 550 771 417 386 179 370 752 216 595 680 319 341 788 405 731 309 121 454 266 771 242 295 361 96 304 624 264 658 193 429 382 221 206 142 539 431 371 676 203 660 275 331 273 468 328 485 230 205 147 529 638 260 300 247 600 716 567 374 381 784 610 403 419 413 409 769 489 785 577 385 376 547 255 479 189 441 518
742 283 389 430 878 718 643 776 953 164 763 431 953 686 329 721 811 757 674 702 877 1089 658 830 679 526 505 935 390 807 0 608 617 778 390 503 947 812 740 740 928 153 827 321 720 946 373 1037 398 227 569 853 637 587 623 831 722 646 761 562 90 87 540 1032 899 653 411 1125 455 830 44 331 281 724 268 167 815 566 878 924 1011 556 414 1236 559 1049 924 464 759 199 1067 1186 567 816 190 711 306 430 874 1147 1186 635 690 339 840 529 337 681 559 949 230 593 673 791 1036 970 570 601 1017 757 955 749 226 350 946 432 882 1115 469 540 541 499 899 1115 499 622 718 838 494 935 742 837 800 348 341 303 982 299 1037 321 337 708 401 892 132 709 899 851 130 942 526 217 967 938 125 160 462 1065 158 409 887 801 580 174 668 659 519 701 286 1083 417 647 841 653 807 887 344 1110 954 656 267 791 914 24 259 888 871 1021 532 124 840 118 627 200 710 1003 352 207 781 210 943 121 493 574 481 545 1147 535 859 710 722 353 367 486 425 909 867 465 677 500 772 847 834 761 479 692 502 918 523 566 727 567 571 626 824 795 213 556 445 867 819 554 944 600 949 920 1128 736 165 1002 260 711 476 982 1024 1085 364 678 670 768 405 296 926 782 670 211 675 486 440 432 176 332 716 389 559 460 107 340 35 235 848 1051 303 894 633 652 629 405
572 375 329 330 286 657 360 727 344 448 433 191 485 149 334 699 225 264 479 101 270 578 364 714 497 317 125 531 226 199 608 0 393 268 485 613 441 363 317 283 411 569 344 317 653 527 235 555 431 381 659 495 521 620 80 790 668 56 271 183 550 520 107 476 334 104 284 602 552 393 564 452 335 729 352 648 709 213 421 547 547 54 197 666 372 524 459 360 447 469 488 608 546 574 440 107 325 385 329 593 606 480 228 518 566 362 507 628 234 346 390 459 607 309 468 520 262 340 410 154 471 149 558 546 337 185 295 584 473 472 398 273 410 583 173 285 394 509 118 503 676 634 355 437 361 389 533 528 459 382 326 442 348 330 475 162 291 503 506 425 427 391 455 458 484 698 428 502 482 258 279 314 443 546 98 252 428 295 335 543 261 39 497 300 224 591 463 510 409 341 424 484 344 612 485 280 275 444 248 493 311 631 41 459 118 396 337 562 197 518 519 499 499 370 380 237 557 425 262 394 210 376 594 254 187 322 401 592 173 447 603 356 363 691 251 623 112 314 311 115 667 43 149 262 235 314 426 82 497 298 419 245 373 12 341 544 572 350 481 395 476 237 132 411 542 496 294 170 155 195 355 460 382 303 179 400 605 416 182 188 588 436 367 222 299 232 574 298 587 379 401 502 359 360 397 113 342 342
183 343 586 193 460 265 52 334 590 523 150 318 370 542 306 310 580 657 88 465 516 516 737 323 106 651 441 925 436 501 617 393 0 658 261 298 392 757 193 224 389 491 735 332 261 341 400 452 689 448 315 238 131 262 472 396 276 446 664 546 614 545 300 512 424 498 238 558 266 254 576 295 476 342 492 742 317 575 813 309 418 366 354 709 57 493 848 153 832 601 575 676 189 218 550 464 348 187 381 608 679 88 620 323 231 692 317 239 591 643 413 82 217 267 533 374 132 700 677 422 382 410 433 336 590 331 453 557 188 131 727 159 342 556 497 115 112 221 405 335 283 262 749 667 280 588 384 360 551 297 539 817 219 416 518 552 563 895 590 400 108 475 413 845 535 765 168 548 459 518 526 706 75 666 489 171 743 168 487 536 529 407 225 119 400 275 288 663 437 717 350 870 444 634 660 553 466 534 591 559 693 703 364 416 491 605 277 700 560 661 340 500 190 716 686 164 665 99 592 103 603 610 366 185 347 470 300 299 567 145 217 308 282 297 565 232 341 615 114 484 275 369 244 140 584 269 410 321 225 410 224 152 721 400 606 305 595 741 587 606 652 236 379 495 439 610 289 271 548 365 213 658 751 260 254 442 215 140 439 436 489 657 753 421 649 229 651 500 617 492 273 520 550 736 758 507 60 216
