190
0 127 140 168 448 255 792 125 85 535 475 542 527 768 805 664 263 324 585 774 342 479 283 437 436 615 723 231 380 70 464 319 196 681 167 236 205 449 530 725 477 284 423 473 542 226 659 699 228 366 830 149 469 742 107 394 785 714 230 86 618 521 77 845 402 673 515 360 622 731 392 240 239 583 297 597 732 744 85 77 376 616 382 528 160 463 709 760 311 150 354 188 94 258 84 719 647 241 417 411 690 657 699 409 559 876 315 507 257 423 295 279 531 706 334 469 174 384 43 305 195 761 597 542 638 633 902 287 344 626 598 133 235 255 517 20 281 109 225 571 539 360 552 560 182 172 190 499 82 479 124 461 562 671 598 114 530 688 282 925 751 887 319 269 541 438 693 727 554 310 181 272 240 682 199 738 518 885 581 623 854 469 397 283 640 652 540 625 216 488
127 0 66 196 322 296 737 36 180 646 485 569 499 765 900 591 383 399 678 862 249 477 409 531 542 676 748 332 358 88 391 250 123 773 225 360 333 466 611 777 582 408 414 347 414 301 535 798 109 477 788 46 587 734 65 292 757 816 284 57 582 617 203 820 458 653 412 462 667 814 386 293 283 649 410 704 713 725 120 106 492 653 507 525 278 544 685 777 421 145 227 279 175 382 149 709 623 352 291 471 628 703 617 428 431 848 376 573 312 308 260 398 516 636 369 582 301 466 168 418 68 751 688 414 639 711 888 219 439 603 706 217 189 202 629 107 364 187 353 453 648 429 557 658 305 294 282 476 150 464 55 577 443 551 478 61 619 723 328 886 786 847 275 143 425 317 609 728 536 408 148 310 365 635 131 689 443 875 521 712 836 511 405 408 662 525 415 680 301 449
140 66 0 142 321 239 801 30 214 674 549 631 566 831 939 652 403 350 718 906 306 542 419 571 574 730 811 300 424 133 453 313 62 815 275 349 337 529 657 834 615 396 479 371 427 347 560 836 156 505 853 29 609 800 33 344 823 851 232 55 648 656 203 886 512 720 462 497 725 860 451 346 339 701 437 736 780 792 88 153 516 713 518 590 300 590 751 841 393 206 231 318 147 369 191 775 689 380 314 524 691 761 674 491 442 914 428 625 365 351 326 380 582 697 428 609 299 511 182 393 96 817 730 429 704 759 954 283 478 669 737 257 255 268 657 123 320 155 355 489 678 479 622 696 295 312 321 542 121 530 16 601 477 583 510 123 662 783 384 951 847 912 341 147 464 351 666 794 602 445 213 252 378 700 69 754 504 941 585 754 902 569 469 420 725 540 438 736 261 515
168 196 142 0 435 99 931 163 251 656 641 710 681 932 944 788 380 209 729 920 446 642 375 585 570 779 891 181 535 215 588 444 140 826 335 267 289 615 684 890 610 307 583 506 553 390 693 836 298 494 977 171 577 905 131 485 940 846 90 146 768 663 176 1002 567 831 604 502 789 882 553 408 407 745 427 723 891 903 89 231 494 783 468 691 296 619 866 928 276 303 356 347 86 281 251 881 803 377 449 576 823 824 814 576 564 1031 481 669 424 492 442 280 690 832 502 591 244 541 192 279 238 923 742 555 802 788 1063 413 493 783 724 298 374 391 639 167 184 77 300 629 665 523 717 699 220 294 348 655 86 638 144 577 616 720 648 234 680 856 450 1074 919 1036 462 278 605 491 806 892 712 457 324 114 343 826 133 881 640 1048 716 770 1014 637 562 378 807 665 571 790 132 636
448 322 321 435 0 507 750 325 498 960 677 780 618 899 1193 574 705 634 973 1147 305 651 731 830 853 929 939 613 525 406 428 370 295 1064 522 671 653 673 895 1011 891 717 588 138 128 598 283 1097 250 794 829 302 907 862 352 283 836 1119 517 365 668 917 521 900 722 764 334 771 897 1092 572 573 557 910 728 1015 820 831 409 421 811 873 830 689 599 830 783 951 708 422 95 589 467 690 463 834 728 670 119 736 638 933 562 645 132 918 653 839 592 226 442 700 660 618 618 897 619 756 490 709 255 871 981 133 795 987 989 361 744 714 1017 529 393 386 943 428 617 473 673 271 960 708 730 959 616 617 593 611 442 616 331 895 255 329 269 363 910 931 597 926 991 887 434 179 268 182 552 876 669 717 396 513 687 683 301 724 456 984 558 1001 929 750 610 731 855 235 173 925 567 556
255 296 239 99 507 0 1030 262 333 691 731 794 778 1024 987 888 422 126 779 970 545 735 402 640 615 849 975 159 631 311 687 544 223 875 419 274 322 704 744 963 653 302 677 592 631 466 776 878 395 537 1076 268 604 998 231 583 1037 885 34 245 866 713 241 1098 644 927 701 555 866 937 647 490 492 813 474 759 986 998 186 325 531 863 485 783 356 682 962 1014 240 398 437 419 162 281 339 975 899 431 536 651 923 900 913 664 639 1128 558 739 505 587 540 266 785 932 587 627 278 606 270 249 334 1016 794 633 893 848 1157 512 552 879 759 378 473 490 673 259 122 148 326 719 702 596 808 746 242 347 419 751 173 732 243 609 706 807 736 333 735 937 533 1172 999 1134 560 365 697 582 905 982 807 515 421 16 380 925 215 980 739 1141 815 823 1109 717 653 408 893 742 655 863 107 734
792 737 801 931 750 1030 0 773 744 931 422 471 288 317 968 176 857 1117 829 898 503 385 918 770 842 647 474 1019 423 725 351 487 842 868 670 978 902 456 737 633 856 1017 405 616 680 682 602 930 656 848 96 774 954 286 801 488 168 966 1014 785 197 819 847 207 603 226 416 789 561 833 434 630 614 665 829 940 225 225 845 715 884 523 975 357 804 713 198 436 1083 642 722 726 883 999 718 272 218 802 633 613 113 577 210 479 702 203 630 648 629 528 497 1032 319 136 554 903 906 701 800 1072 718 274 823 673 337 755 305 518 754 233 944 719 559 541 924 781 1073 898 923 513 915 649 374 850 938 832 729 322 864 353 792 924 527 540 541 697 776 517 601 179 538 144 473 732 498 568 221 338 294 762 612 1045 882 115 853 62 306 316 216 820 249 540 459 912 445 683 615 617 1009 308
125 36 30 163 325 262 773 0 192 656 518 601 535 800 917 626 388 368 695 881 282 512 408 547 554 702 780 309 393 106 426 285 91 791 248 348 328 498 632 805 594 395 449 364 425 321 552 814 136 487 824 24 593 770 34 322 793 830 252 40 618 633 195 856 484 689 442 475 696 835 421 318 310 673 419 716 749 761 94 126 499 684 507 559 283 565 721 810 400 176 232 295 152 368 166 745 658 361 307 496 664 732 650 460 441 884 401 598 337 334 296 382 552 671 398 591 293 486 168 399 82 786 706 426 673 733 924 254 455 639 718 233 225 238 638 106 336 162 348 476 659 452 591 673 293 297 298 512 126 499 19 584 465 572 499 92 638 753 355 922 816 883 311 147 450 339 643 763 572 423 182 275 365 671 99 725 478 910 557 730 871 540 439 408 694 537 431 707 274 485
85 180 214 251 498 333 744 192 0 465 401 461 469 696 725 630 207 385 504 692 336 410 242 356 362 530 642 276 323 93 436 296 274 601 87 241 182 372 446 640 402 286 358 501 578 140 681 622 258 297 774 215 408 672 183 392 723 638 304 158 561 441 105 781 316 609 510 283 538 648 327 158 160 497 230 525 665 677 171 78 312 532 338 457 103 379 646 681 339 117 403 104 170 264 39 650 584 172 448 326 647 572 672 333 598 813 230 421 173 434 251 293 465 670 254 401 169 300 63 329 244 691 516 577 564 548 832 267 264 563 526 47 206 228 448 94 337 184 205 584 468 274 479 481 195 125 107 438 165 415 197 397 576 685 614 136 448 605 200 867 668 830 279 322 551 457 667 652 490 231 156 349 197 632 279 688 489 815 539 541 787 386 325 241 559 685 568 540 276 436
535 646 674 656 960 691 931 656 465 0 512 466 659 714 303 898 277 655 150 304 735 553 288 165 110 344 565 543 580 558 761 669 731 216 441 422 370 480 209 446 79 411 557 940 1025 367 1103 196 711 169 911 680 95 714 642 792 824 195 656 619 737 119 485 856 335 716 886 192 423 298 540 406 426 307 237 68 748 756 609 541 162 451 220 574 374 218 753 624 511 542 865 371 573 423 498 708 715 294 894 322 877 433 961 466 1048 892 347 289 391 851 589 452 615 922 419 65 415 244 492 494 708 736 166 1024 614 260 853 655 224 698 68 431 597 614 17 551 611 579 364 991 21 303 558 109 448 366 367 628 586 595 659 81 988 1091 1027 598 168 504 402 973 542 948 615 786 956 887 961 666 639 245 574 704 313 822 733 869 801 828 793 193 839 391 498 283 529 1124 1003 377 587 673
475 485 549 641 677 731 422 518 401 512 0 105 150 295 604 394 453 784 426 541 374 44 515 349 420 286 267 669 152 428 308 306 608 485 314 600 518 35 330 340 436 632 90 592 682 293 700 541 462 428 416 531 531 272 533 411 344 574 704 509 225 404 504 394 180 226 454 368 228 476 105 250 242 285 417 527 276 287 552 410 464 199 560 67 425 295 265 292 713 343 602 343 568 619 391 252 213 400 569 191 366 262 460 69 708 429 219 243 241 480 241 655 103 413 154 481 533 279 464 700 505 292 424 677 163 378 433 318 334 194 531 360 306 303 503 473 736 583 535 580 497 228 78 439 572 450 345 122 557 92 534 501 584 666 619 425 367 254 210 495 314 463 244 561 547 528 462 251 127 347 337 747 485 310 616 360 330 415 292 428 393 126 79 508 181 750 635 269 676 180
542 569 631 710 780 794 471 601 461 466 105 0 235 264 514 475 468 834 357 448 478 143 529 315 390 189 181 715 257 504 412 410 692 402 375 632 548 107 265 235 396 658 196 697 787 334 804 462 558 417 445 616 504 255 612 517 358 497 766 587 288 350 558 394 173 250 558 358 123 382 208 303 302 197 423 469 282 290 624 485 453 93 555 131 464 250 287 220 747 425 703 385 632 649 459 245 253 421 673 175 437 156 544 141 813 430 245 178 289 586 340 686 179 488 208 448 571 263 524 733 597 277 352 783 149 291 409 419 329 238 473 417 400 401 461 543 785 646 563 685 449 230 99 379 612 485 386 215 625 190 616 472 689 769 723 509 306 154 261 508 216 482 346 657 651 634 547 215 195 352 424 811 506 369 700 410 430 386 379 350 382 90 171 521 98 855 741 168 729 278
527 499 566 681 618 778 288 535 469 659 150 235 0 282 749 244 569 851 576 683 316 106 630 495 563 425 339 745 147 467 200 267 618 633 389 695 617 179 480 457 582 733 118 511 596 395 587 690 445 562 305 542 673 246 558 335 258 724 757 538 93 554 574 321 325 155 342 505 354 618 147 344 329 430 541 677 215 227 592 453 599 318 688 104 520 444 185 339 803 379 559 440 621 716 447 219 123 514 501 336 218 382 311 195 622 350 342 393 342 400 240 750 56 263 266 625 624 421 528 792 500 258 573 591 181 524 390 291 469 104 681 439 310 297 650 520 805 637 637 470 646 366 143 590 658 547 443 33 605 65 554 643 477 545 508 449 517 351 313 397 400 360 224 538 439 449 313 257 53 475 357 794 595 172 627 227 203 379 144 577 336 276 172 624 266 647 542 403 742 62
768 765 831 932 899 1024 317 800 696 714 295 264 282 0 682 418 731 1079 584 610 599 290 792 573 649 383 171 964 408 718 473 547 887 599 609 889 806 325 505 334 650 918 351 786 869 584 837 663 722 681 245 810 762 39 819 615 151 700 999 796 241 594 799 151 437 139 603 622 296 548 380 544 537 412 687 704 98 93 843 700 717 263 820 241 716 506 136 122 1004 631 841 635 862 907 684 65 175 682 781 440 350 297 481 363 894 185 502 426 533 677 507 944 250 405 447 704 825 528 759 990 774 42 574 863 131 490 144 569 594 186 708 655 577 568 712 765 1031 877 822 726 695 493 216 615 864 740 636 295 850 302 817 730 736 785 762 709 546 227 503 272 229 257 497 818 700 726 489 48 234 616 618 1040 767 271 896 276 460 122 365 563 125 354 371 784 184 906 810 349 971 343
805 900 939 944 1193 987 968 917 725 303 604 514 749 682 0 990 565 958 221 71 926 648 587 369 374 326 510 844 727 812 906 855 1000 128 676 724 665 585 299 348 334 715 681 1147 1236 599 1286 108 944 451 919 939 398 698 909 978 824 111 952 884 800 284 768 833 480 742 1048 444 407 135 678 619 635 319 517 235 751 754 886 793 457 446 523 646 650 363 771 563 814 773 1101 622 858 726 751 704 755 568 1109 465 949 392 1059 592 1261 866 539 370 601 1044 773 755 694 1002 586 362 709 437 765 798 955 717 212 1233 631 226 795 850 461 745 236 683 804 815 319 818 914 866 662 1168 288 484 613 245 745 649 619 725 867 697 923 384 1168 1260 1206 844 282 456 597 954 457 939 792 1031 1132 1087 1062 643 709 495 796 1002 607 878 1004 912 933 769 893 192 803 484 631 581 523 1323 1202 352 886 785
664 591 652 788 574 888 176 626 630 898 394 475 244 418 990 0 774 983 820 924 346 350 832 733 798 665 541 895 332 594 200 346 687 876 566 870 802 421 724 682 819 914 341 440 504 596 434 934 500 787 263 623 903 380 657 322 298 968 874 643 197 796 727 356 563 287 240 732 589 858 361 543 524 672 755 919 320 327 706 587 822 551 902 344 705 686 281 520 968 518 551 633 750 893 598 357 258 719 459 575 72 613 69 431 526 364 565 637 547 355 378 923 297 45 487 859 798 655 679 959 563 378 817 497 380 766 454 378 696 259 923 613 429 408 888 650 943 764 823 339 885 597 377 832 825 733 637 272 728 304 645 875 353 377 369 559 760 569 523 355 606 317 350 568 322 393 74 421 281 696 483 902 791 146 698 163 148 458 104 821 393 520 400 827 486 513 440 641 878 225
263 383 403 380 705 422 857 388 207 277 453 468 569 731 565 774 0 410 357 547 527 480 61 225 192 456 630 289 443 299 598 474 456 452 221 178 103 418 333 575 231 193 451 707 786 178 884 457 465 114 866 412 205 716 370 585 797 465 387 349 661 291 209 846 294 679 696 140 498 517 424 231 249 417 54 342 728 739 333 286 114 507 135 520 105 278 719 681 290 310 609 145 296 190 245 700 664 55 655 294 776 526 827 385 806 881 234 351 229 633 408 226 545 809 305 211 145 217 220 274 449 738 372 785 605 434 875 450 150 644 343 188 388 408 259 281 362 303 107 782 284 238 525 324 183 91 140 535 309 505 388 199 776 884 814 344 317 579 256 949 636 916 438 527 748 661 824 683 572 119 348 437 45 742 458 796 648 854 674 401 842 378 399 54 562 891 773 478 324 556
324 399 350 209 634 126 1117 368 385 655 784 834 851 1079 958 983 410 0 763 949 647 795 373 635 596 861 1011 122 703 391 783 637 345 855 471 235 308 754 743 979 631 243 743 714 756 500 900 849 504 519 1154 379 562 1056 334 691 1107 850 119 343 942 698 280 1166 671 993 811 550 891 924 712 535 542 823 464 723 1050 1062 279 401 504 894 437 842 373 686 1030 1055 152 475 561 449 234 231 403 1035 968 434 657 676 1013 922 1014 715 765 1198 590 753 547 701 620 203 850 1027 633 596 272 617 323 167 446 1075 779 759 948 844 1217 605 555 948 723 423 558 577 638 335 49 219 303 838 669 619 862 726 230 356 448 821 255 799 351 573 825 928 857 423 727 967 577 1249 1028 1211 644 486 814 700 1007 1035 874 519 504 124 364 1007 338 1063 836 1199 904 808 1173 751 710 380 933 867 778 880 109 812
585 678 718 729 973 779 829 695 504 150 426 357 576 584 221 820 357 763 0 191 714 469 390 147 167 203 427 644 527 590 710 644 779 96 455 527 460 399 95 297 133 527 490 932 1021 378 1079 125 723 244 798 718 235 590 688 768 707 153 744 663 643 65 552 732 273 606 846 226 288 162 481 399 416 172 305 120 630 637 667 571 259 321 348 480 433 147 641 485 628 552 881 400 642 533 529 587 610 351 892 258 789 293 886 398 1045 767 321 183 381 832 561 566 525 838 376 180 502 216 546 611 733 611 17 1018 498 110 719 636 240 596 124 461 587 600 157 598 716 651 460 962 129 267 455 42 541 435 397 547 650 516 702 209 961 1058 1000 622 64 365 380 851 397 829 583 809 927 873 888 538 546 275 577 794 401 726 783 768 743 693 717 46 710 300 435 383 402 1111 990 237 682 601
774 862 906 920 1147 970 898 881 692 304 541 448 683 610 71 924 547 949 191 0 873 584 576 336 355 258 439 832 669 776 845 802 967 95 637 714 649 523 252 276 318 710 621 1095 1185 561 1229 115 899 433 848 904 400 627 876 923 753 138 935 851 732 256 743 762 428 672 989 417 338 65 619 575 591 256 496 241 679 683 857 756 445 376 522 580 624 319 700 492 810 730 1057 588 833 718 715 633 686 542 1059 413 881 321 992 534 1210 795 494 314 557 990 720 750 628 934 534 355 692 396 736 794 914 645 177 1182 561 165 724 799 429 676 243 648 755 766 318 786 903 842 648 1110 286 439 546 224 730 626 585 661 840 633 889 381 1112 1202 1149 805 243 385 550 882 386 868 738 989 1075 1034 996 572 643 465 752 985 591 809 971 842 871 698 827 151 731 424 572 569 452 1269 1149 283 871 721
342 249 306 446 305 545 503 282 336 735 374 478 316 599 926 346 527 647 714 873 0 345 573 583 625 639 634 571 221 272 152 71 341 798 307 572 519 373 627 712 659 619 284 222 313 371 368 840 154 584 566 278 705 563 314 58 553 867 534 304 378 667 415 618 446 468 174 544 598 814 270 329 308 625 530 779 526 538 368 272 611 572 662 383 433 567 492 645 654 220 242 385 418 594 298 535 433 478 195 461 390 633 368 349 338 641 395 559 343 118 153 619 355 391 340 679 502 503 368 648 217 574 719 309 490 709 700 80 511 417 782 340 140 121 720 325 611 431 542 257 730 447 424 709 520 458 389 306 394 310 301 685 253 358 292 229 650 627 337 665 686 625 136 231 222 161 360 572 366 494 181 558 528 412 352 462 199 692 289 735 642 458 312 570 550 396 275 630 547 255
479 477 542 642 651 735 385 512 410 553 44 143 106 290 648 350 480 795 469 584 345 0 542 389 459 328 288 683 128 427 269 281 600 529 324 620 539 73 374 376 476 654 65 560 649 313 661 585 445 463 386 523 569 263 529 379 320 618 710 506 187 447 514 374 219 202 415 404 266 519 91 266 255 328 447 570 256 268 553 410 499 234 592 48 444 337 241 306 732 341 580 362 573 639 396 240 184 426 540 230 324 299 416 95 675 407 247 287 260 448 224 675 66 370 176 520 551 317 472 719 492 281 467 644 161 422 422 296 369 163 574 372 293 287 544 475 747 589 557 542 539 264 81 483 588 469 364 78 561 48 529 540 546 626 580 420 410 283 229 469 340 435 222 544 509 496 418 251 91 379 329 751 510 271 609 322 288 406 248 472 378 169 85 535 204 713 601 310 686 137
283 409 419 375 731 402 918 408 242 288 515 529 630 792 587 832 61 373 390 576 573 542 0 269 223 507 688 256 502 330 653 524 467 481 272 137 85 480 378 626 258 141 512 743 819 237 924 479 499 147 928 432 203 778 386 631 859 483 367 368 722 325 216 908 355 741 745 188 553 552 484 290 308 467 107 356 790 801 341 319 131 565 99 582 141 329 781 740 241 354 636 199 296 143 282 762 726 116 690 354 835 580 883 447 838 943 296 405 289 676 462 178 607 868 366 226 130 273 240 225 476 800 406 818 667 475 936 499 205 706 356 233 436 457 271 302 327 300 76 825 300 298 587 353 160 117 195 596 313 566 405 206 818 927 857 377 358 636 317 1011 691 977 491 552 792 700 880 744 633 177 393 416 45 803 468 857 703 915 733 436 904 438 460 8 621 927 810 531 299 616
437 531 571 585 830 640 770 547 356 165 349 315 495 573 369 733 225 635 147 336 583 389 269 0 75 241 442 514 417 443 598 515 631 244 309 402 327 316 108 359 87 410 392 796 884 232 951 268 580 125 755 570 189 569 540 639 672 288 606 515 575 86 408 709 170 560 727 85 300 297 376 259 278 200 170 196 597 605 520 424 155 320 259 413 288 68 598 498 511 408 737 252 498 411 382 559 556 209 754 158 713 321 796 302 907 745 189 150 242 701 434 447 453 758 256 133 367 81 400 494 587 591 159 881 464 209 717 504 92 538 199 314 450 465 155 450 587 508 331 837 153 140 400 129 407 293 249 463 504 430 554 157 835 935 874 476 95 385 246 823 434 795 458 664 801 740 796 525 476 128 435 656 270 659 636 708 638 693 628 185 695 232 333 261 390 978 856 268 547 507
436 542 574 570 853 615 842 554 362 110 420 390 563 649 374 798 192 596 167 355 625 459 223 75 0 308 516 478 475 454 654 559 633 260 332 360 294 386 168 423 40 361 457 831 916 258 993 266 603 78 830 578 113 645 543 682 747 277 580 519 646 102 395 785 239 635 777 82 373 328 438 296 316 267 143 162 672 681 515 436 94 395 192 485 278 143 673 573 463 433 758 264 484 366 393 635 629 196 785 229 782 392 859 368 939 821 239 225 281 741 480 400 523 825 313 61 337 142 395 446 603 667 183 914 539 256 792 545 113 611 164 325 487 504 95 451 549 492 293 881 107 200 474 131 374 275 260 531 494 498 558 82 878 981 917 492 139 457 293 899 504 870 506 681 846 777 859 601 548 136 464 630 235 730 636 780 696 768 693 212 771 306 398 216 466 1014 893 337 516 572
615 676 730 779 929 849 647 702 530 344 286 189 425 383 326 665 456 861 203 258 639 328 507 241 308 0 223 739 424 597 594 568 793 221 455 635 555 272 141 118 295 648 370 862 952 389 983 284 691 366 606 722 411 391 705 685 512 321 816 679 474 227 608 532 217 420 739 318 87 193 373 383 392 41 402 324 436 441 701 577 396 124 499 321 494 178 452 282 747 533 845 431 693 646 541 391 431 426 831 206 623 89 734 290 978 567 302 109 365 753 489 683 369 676 314 351 589 244 586 731 718 411 192 949 310 109 515 570 307 420 328 482 537 543 346 623 812 706 563 863 323 255 287 238 631 507 430 403 693 376 714 380 866 952 902 615 178 162 347 653 198 632 503 787 829 799 737 338 384 342 545 865 501 552 799 588 616 490 569 180 508 180 328 499 205 1028 911 33 765 465
723 748 811 891 939 975 474 780 642 565 267 181 339 171 510 541 630 1011 427 439 634 288 688 442 516 223 0 891 416 685 539 570 872 432 556 801 718 282 357 163 510 823 352 844 932 512 926 496 730 561 413 795 625 191 793 664 317 532 946 768 344 446 738 323 340 258 682 505 143 377 373 484 483 258 581 547 249 250 805 666 595 123 699 251 638 374 277 58 917 604 868 562 813 816 640 202 283 588 827 338 483 133 609 320 958 356 421 291 469 732 509 854 287 538 389 566 744 414 705 901 772 208 415 927 163 326 294 584 483 281 551 597 574 571 566 725 962 827 730 810 545 396 209 461 786 658 562 335 806 324 796 593 817 883 847 688 397 61 442 443 65 429 509 829 779 781 615 136 286 511 602 992 671 404 880 424 541 268 464 400 293 260 344 680 86 987 880 189 907 398
231 332 300 181 613 159 1019 309 276 543 669 715 745 964 844 895 289 122 644 832 571 683 256 514 478 739 891 0 599 302 696 550 317 738 359 120 186 638 621 857 514 143 634 671 726 381 860 735 441 400 1051 326 453 942 275 620 999 738 127 275 838 579 171 1056 551 884 741 429 769 806 603 419 428 701 343 612 940 951 214 308 388 773 331 729 252 564 921 936 95 378 529 330 157 123 300 921 860 312 614 555 919 800 931 600 739 1089 470 631 430 641 522 107 741 937 517 482 149 495 218 98 391 962 660 728 833 723 1103 519 433 839 612 310 466 486 526 246 73 146 184 785 556 497 747 609 108 234 329 715 182 691 295 461 774 881 808 342 607 846 460 1143 906 1106 548 446 758 648 925 919 765 397 411 169 244 907 312 963 750 1085 810 690 1061 631 597 263 814 839 738 757 53 711
380 358 424 535 525 631 423 393 323 580 152 257 147 408 727 332 443 703 527 669 221 128 502 417 475 424 416 599 0 320 182 154 479 602 246 554 479 153 434 491 501 594 63 441 531 265 560 651 318 457 451 402 575 376 414 261 406 681 609 392 238 490 427 467 255 297 320 404 377 607 50 212 194 414 423 611 356 368 445 305 491 350 570 172 382 382 331 434 660 232 452 305 473 575 300 351 268 387 416 269 333 412 388 135 557 497 237 356 215 330 98 608 158 365 161 535 482 336 381 649 367 392 529 527 285 503 530 168 368 248 614 295 169 161 568 372 658 489 500 441 570 276 209 531 515 409 309 120 458 106 411 549 443 533 479 304 464 406 191 545 466 507 93 416 406 378 386 373 178 365 212 647 463 309 488 365 221 517 230 540 479 245 96 496 331 604 487 412 594 115
70 88 133 215 406 311 725 106 93 558 428 504 467 718 812 594 299 391 590 776 272 427 330 443 454 597 685 302 320 0 394 248 196 686 142 302 260 405 526 701 493 350 368 414 489 215 598 710 169 390 766 128 501 690 108 325 726 728 290 83 555 529 143 787 379 616 445 373 594 728 338 213 207 568 323 616 675 687 125 20 405 584 427 476 194 458 651 718 381 87 310 191 157 324 61 666 588 265 360 391 622 630 629 366 508 817 295 492 232 357 230 347 475 637 298 494 235 380 98 375 151 707 601 488 588 626 847 217 351 568 618 129 166 186 541 56 349 172 282 506 560 346 504 570 249 213 194 440 138 422 116 490 497 607 535 48 532 655 252 862 718 824 253 229 475 375 623 678 497 320 113 326 284 617 202 673 448 832 513 625 798 439 349 328 600 597 482 603 284 424
464 391 453 588 428 687 351 426 436 761 308 412 200 473 906 200 598 783 710 845 152 269 653 598 654 594 539 696 182 394 0 146 492 782 381 678 614 322 616 645 682 723 224 312 396 424 392 832 304 629 415 425 750 435 456 146 409 863 674 442 239 673 530 474 437 336 146 580 535 782 229 373 352 589 587 793 391 402 505 388 661 503 731 292 519 565 354 539 771 321 382 454 549 700 402 408 300 544 309 452 239 567 236 313 422 494 414 536 381 204 190 729 251 244 342 713 605 517 482 763 367 444 711 391 381 681 560 177 544 287 797 425 231 210 748 450 743 564 636 273 751 457 334 713 631 546 458 204 527 222 445 725 279 357 312 359 646 545 363 514 598 474 161 383 241 252 231 455 254 536 285 702 610 262 502 310 53 555 138 721 501 421 275 648 462 448 341 578 678 140
319 250 313 444 370 544 487 285 296 669 306 410 267 547 855 346 474 637 644 802 71 281 524 515 559 568 570 550 154 248 146 0 359 727 253 537 477 304 556 643 592 582 217 294 385 309 436 770 178 522 540 287 644 512 314 123 516 797 529 298 340 597 386 581 375 422 222 480 528 742 202 264 243 553 471 711 481 493 360 243 551 503 609 322 386 496 449 585 627 178 299 329 403 559 260 486 388 422 264 390 379 564 380 278 410 606 326 488 277 188 82 587 298 389 269 615 465 434 337 619 236 525 649 381 432 637 656 31 446 370 714 291 89 67 655 304 597 418 499 322 663 378 362 640 488 412 334 251 382 250 304 622 319 421 358 213 580 560 268 638 620 599 65 271 286 232 374 517 313 431 141 559 479 386 369 440 199 647 271 664 601 387 242 520 485 467 347 560 532 209
196 123 62 140 295 223 842 91 274 731 608 692 618 887 1000 687 456 345 779 967 341 600 467 631 633 793 872 317 479 196 492 359 0 875 338 385 383 589 719 896 673 429 536 368 412 409 554 895 187 562 899 77 662 856 90 371 873 910 226 116 697 716 251 937 575 773 484 556 788 922 509 409 401 764 493 793 833 845 126 216 570 775 566 647 356 652 803 901 412 267 216 379 179 402 254 830 741 437 312 587 731 824 705 551 424 964 491 688 428 366 380 408 637 733 490 665 343 573 238 414 124 871 791 415 761 821 1008 330 538 722 795 319 310 320 713 181 324 182 400 496 735 541 680 755 332 365 382 596 157 585 79 656 482 583 512 183 723 845 447 998 908 958 393 141 474 359 696 851 657 505 271 233 428 745 10 798 541 995 627 816 954 632 529 469 785 525 432 799 271 565
681 773 815 826 1064 875 868 791 601 216 485 402 633 599 128 876 452 855 96 95 798 529 481 244 260 221 432 738 602 686 782 727 875 0 549 619 554 463 171 280 223 616 558 1018 1108 472 1159 64 815 338 827 814 310 611 784 850 733 100 840 759 691 162 649 750 352 642 922 323 309 84 553 490 507 205 401 159 658 663 764 666 350 346 430 532 530 234 674 489 717 644 973 496 739 624 625 612 651 448 980 337 840 302 944 468 1132 785 410 246 472 916 645 656 579 891 458 262 597 308 643 700 827 630 84 1105 531 112 725 722 337 639 162 557 675 687 228 694 809 748 553 1041 196 356 502 128 635 531 493 607 747 578 798 289 1042 1135 1079 717 154 372 468 871 389 853 665 903 1006 958 947 557 597 371 668 890 495 771 880 809 812 699 777 63 724 362 506 475 427 1195 1074 253 776 665
167 225 275 335 522 419 670 248 87 441 314 375 389 609 676 566 221 471 455 637 307 324 272 309 332 455 556 359 246 142 381 253 338 549 0 308 235 285 385 561 370 349 275 500 584 77 670 577 271 280 695 269 400 585 249 366 640 598 392 223 482 396 190 697 238 524 475 250 456 588 244 73 73 425 222 493 580 592 251 121 304 449 356 371 138 318 562 594 414 100 428 77 257 329 86 564 501 170 453 249 577 491 614 246 606 729 153 349 91 418 190 362 381 604 167 381 236 241 150 403 278 604 464 583 477 485 746 230 222 480 496 49 167 187 425 170 423 271 257 564 439 203 392 438 269 166 81 357 249 332 258 382 559 666 598 167 394 521 115 785 584 749 220 354 530 449 610 565 406 196 133 436 228 555 344 612 432 728 471 487 702 302 239 267 473 685 564 462 362 361
236 360 349 267 671 274 978 348 241 422 600 632 695 889 724 870 178 235 527 714 572 620 137 402 360 635 801 120 554 302 678 537 385 619 308 0 83 567 511 753 396 47 578 708 773 307 895 615 465 284 1000 370 332 871 318 626 939 618 240 308 788 463 159 993 461 822 746 318 673 689 548 353 366 595 233 491 875 886 262 300 269 680 211 664 175 457 861 849 115 358 580 257 205 22 276 852 802 213 651 463 885 702 914 530 789 1027 387 529 360 659 492 55 682 910 446 362 72 393 204 100 427 892 543 774 760 610 1031 507 327 781 491 259 448 469 405 256 189 203 71 808 435 405 676 490 55 150 255 662 229 635 339 341 798 907 835 349 493 753 390 1088 810 1052 520 495 777 674 909 842 707 294 396 286 133 863 382 919 731 1011 778 573 994 544 534 144 728 885 776 656 167 669
205 333 337 289 653 322 902 328 182 370 518 548 617 806 665 802 103 308 460 649 519 539 85 327 294 555 718 186 479 260 614 477 383 554 235 83 0 484 435 673 332 115 500 675 746 225 858 556 429 216 921 352 288 788 304 575 859 563 287 288 711 394 134 911 377 741 693 242 590 620 470 274 288 516 157 437 793 805 257 253 209 597 182 582 97 378 780 766 199 300 560 177 210 101 221 770 722 130 620 379 812 620 848 448 764 946 304 448 279 615 424 137 602 840 364 306 45 312 164 184 401 809 475 746 677 536 948 449 247 701 438 189 387 409 352 225 259 214 22 765 380 321 594 425 80 70 174 584 228 556 324 289 756 866 794 308 420 670 309 1008 728 973 453 474 732 635 844 759 627 213 339 336 58 787 383 843 666 928 706 504 911 460 454 89 645 856 742 575 222 595
449 466 529 615 673 704 456 498 372 480 35 107 179 325 585 421 418 754 399 523 373 73 480 316 386 272 282 638 153 405 322 304 589 463 285 567 484 0 304 339 403 598 97 594 685 260 710 517 450 393 452 512 497 304 511 415 379 550 677 487 259 374 474 428 147 261 466 333 224 460 102 219 212 267 381 498 310 321 528 386 429 200 524 102 392 265 301 313 680 322 595 310 541 585 365 285 249 365 568 158 397 260 487 39 710 463 184 218 208 484 232 622 137 443 122 448 500 245 436 667 490 325 398 680 194 359 465 312 299 229 501 331 293 293 471 448 705 556 501 591 466 193 109 411 540 416 312 149 531 117 514 467 593 679 629 406 339 261 178 531 323 498 239 550 556 531 488 280 161 312 319 720 450 343 597 394 348 446 318 405 427 101 63 473 196 757 640 259 646 202
530 611 657 684 895 744 737 632 446 209 330 265 480 505 299 724 333 743 95 252 627 374 378 108 168 141 357 621 434 526 616 556 719 171 385 511 435 304 0 254 154 519 395 847 937 310 989 216 647 232 709 654 270 507 628 679 620 247 710 603 549 89 508 649 181 516 754 192 214 202 386 323 338 101 278 203 543 550 614 506 259 242 360 385 389 67 552 415 620 478 804 341 597 520 465 502 518 313 809 166 694 228 791 303 961 685 241 88 304 745 473 556 430 743 287 210 473 145 495 603 662 528 95 933 410 104 644 550 192 503 207 400 504 516 208 540 694 608 440 871 189 186 362 113 514 396 339 452 601 421 640 239 871 966 909 553 41 297 298 767 339 743 494 737 836 787 792 458 451 228 499 760 378 632 724 675 648 619 622 108 630 204 340 370 320 1024 903 171 653 506
725 777 834 890 1011 963 633 805 640 446 340 235 457 334 348 682 575 979 297 276 712 376 626 359 423 118 163 857 491 701 645 643 896 280 561 753 673 339 254 0 406 766 431 932 1023 500 1037 343 781 484 576 823 520 354 810 752 480 379 931 784 485 334 722 486 323 410 791 437 114 216 441 488 494 158 521 414 409 411 811 681 513 141 615 355 610 297 434 215 866 632 931 544 806 765 648 362 430 544 907 314 630 78 751 366 1048 518 410 225 470 821 569 801 400 685 408 461 707 361 698 849 813 371 282 1018 303 187 449 650 425 424 418 592 624 627 450 731 929 819 681 918 424 367 314 337 749 624 543 442 804 422 817 491 923 1000 957 715 287 115 449 606 110 592 578 879 885 869 756 299 408 460 640 979 620 553 903 580 658 423 595 261 455 266 401 618 195 1090 976 100 882 507
477 582 615 610 891 653 856 594 402 79 436 396 582 650 334 819 231 631 133 318 659 476 258 87 40 295 510 514 501 493 682 592 673 223 370 396 332 403 154 406 0 393 479 867 953 294 1027 226 641 116 840 618 115 648 583 715 755 237 618 559 661 74 435 789 257 644 808 120 366 295 462 330 350 255 183 123 679 687 555 475 126 391 216 499 318 146 682 568 495 470 797 303 524 400 432 640 641 236 821 245 800 382 882 388 975 826 268 223 315 775 512 433 539 845 340 56 375 165 436 478 642 670 150 951 545 231 792 578 149 624 125 365 522 538 68 492 585 532 330 914 71 224 485 94 412 315 299 550 534 517 598 85 911 1014 950 531 119 450 324 905 493 878 537 720 879 812 882 602 563 174 501 668 273 746 676 794 722 768 715 180 774 317 420 251 466 1050 928 326 553 594
284 408 396 307 717 302 1017 395 286 411 632 658 733 918 715 914 193 243 527 710 619 654 141 410 361 648 823 143 594 350 723 582 429 616 349 47 115 598 519 766 393 0 616 756 821 341 943 607 513 287 1037 417 318 901 365 673 974 607 269 356 826 464 207 1026 485 856 793 329 691 689 586 389 404 608 246 480 908 919 308 347 267 701 193 697 212 469 895 873 101 403 627 293 251 27 322 884 838 236 699 486 926 719 958 563 837 1061 416 544 394 707 535 40 717 953 479 354 117 411 251 84 475 922 543 821 790 616 1061 553 343 817 479 301 493 515 395 304 203 247 96 856 426 429 707 488 102 185 290 700 275 672 386 330 846 955 883 397 498 773 424 1123 829 1089 564 542 825 722 953 871 743 312 442 313 151 902 426 958 775 1041 820 573 1025 569 569 149 753 932 824 671 195 709
423 414 479 583 588 677 405 449 358 557 90 196 118 351 681 341 451 743 490 621 284 65 512 392 457 370 352 634 63 368 224 217 536 558 275 578 500 97 395 431 479 616 0 501 591 277 612 610 380 449 421 459 562 322 467 321 365 642 654 444 210 459 463 423 223 250 369 393 318 557 31 226 212 364 424 582 308 320 494 352 485 289 571 111 403 349 287 371 688 280 515 323 517 599 340 298 226 396 479 237 329 352 403 92 617 455 227 312 224 390 159 633 107 368 150 518 508 314 419 676 427 339 490 587 225 456 479 231 356 205 585 324 228 222 547 418 696 533 520 493 545 256 147 498 543 430 325 84 503 57 466 534 496 581 532 358 428 343 195 510 402 474 157 478 459 438 403 314 131 360 266 694 477 290 545 345 253 464 236 498 431 196 59 506 267 660 545 356 633 115
473 347 371 506 138 592 616 364 501 940 592 697 511 786 1147 440 707 714 932 1095 222 560 743 796 831 862 844 671 441 414 312 294 368 1018 500 708 675 594 847 932 867 756 501 0 90 572 188 1058 245 781 698 345 900 748 397 180 711 1083 595 401 549 881 549 775 667 648 199 748 818 1036 491 537 518 848 720 989 702 712 457 424 804 791 839 593 604 785 664 849 764 401 158 575 516 729 462 721 612 665 57 682 506 853 425 571 116 791 610 781 554 112 375 745 558 482 561 881 646 718 510 763 282 755 938 87 691 931 866 296 717 600 992 520 345 332 925 452 689 526 696 138 937 664 635 924 653 626 579 509 490 519 376 883 122 215 145 367 868 843 552 793 899 755 359 227 130 63 414 767 564 696 367 601 698 555 376 593 331 863 433 955 805 681 534 742 763 184 67 852 632 449
542 414 427 553 128 631 680 425 578 1025 682 787 596 869 1236 504 786 756 1021 1185 313 649 819 884 916 952 932 726 531 489 396 385 412 1108 584 773 746 685 937 1023 953 821 591 90 0 658 155 1147 320 864 766 404 982 830 456 270 786 1171 638 465 629 969 617 849 757 729 270 834 909 1127 582 625 606 938 802 1075 782 792 515 500 885 881 916 681 681 874 743 936 820 484 197 658 575 794 540 803 694 745 131 772 573 944 479 662 25 862 699 872 642 201 465 807 645 544 651 965 715 806 581 821 346 837 1027 6 777 1021 943 386 803 683 1078 601 434 421 1009 521 736 582 767 170 1023 753 724 1012 718 702 662 597 549 608 435 966 155 206 156 442 957 932 641 859 988 822 450 280 181 153 468 852 650 780 451 637 773 629 419 663 410 941 510 1044 881 772 625 818 852 112 64 943 683 535
226 301 347 390 598 466 682 321 140 367 293 334 395 584 599 596 178 500 378 561 371 313 237 232 258 389 512 381 265 215 424 309 409 472 77 307 225 260 310 500 294 341 277 572 658 0 737 500 348 212 696 343 334 564 319 429 633 520 435 293 488 319 226 686 178 515 531 175 400 513 248 52 72 357 163 418 568 579 312 195 241 397 307 356 132 243 554 555 420 176 505 51 306 326 155 545 497 122 527 186 598 434 649 223 681 720 92 281 53 485 236 362 376 631 138 309 240 165 198 407 355 585 387 656 454 411 725 291 146 476 420 93 231 249 352 233 451 319 244 628 365 134 369 361 280 157 52 361 304 332 330 314 624 729 663 244 318 471 83 782 533 748 265 431 593 519 647 538 402 123 206 482 200 566 415 622 472 706 496 410 686 252 228 231 433 756 635 400 395 379
659 535 560 693 283 776 602 552 681 1103 700 804 587 837 1286 434 884 900 1079 1229 368 661 924 951 993 983 926 860 560 598 392 436 554 1159 670 895 858 710 989 1037 1027 943 612 188 155 737 0 1204 430 949 695 534 1071 798 585 312 732 1232 781 589 597 1033 736 791 807 698 246 912 928 1167 611 697 677 975 893 1147 743 751 646 606 975 896 1018 684 783 931 703 920 953 574 339 747 705 916 642 772 663 838 245 822 507 960 392 695 158 798 762 915 711 252 518 933 641 466 703 1047 832 870 695 951 470 800 1083 150 765 1063 889 448 879 656 1150 695 506 488 1088 639 877 714 880 119 1098 813 726 1076 840 806 751 596 679 615 565 1051 117 65 80 550 1014 937 704 780 987 746 495 415 153 223 381 828 640 861 537 784 878 575 562 598 385 891 472 1097 827 806 657 922 853 86 122 969 821 531
699 798 836 836 1097 878 930 814 622 196 541 462 690 663 108 934 457 849 125 115 840 585 479 268 266 284 496 735 651 710 832 770 895 64 577 615 556 517 216 343 226 607 610 1058 1147 500 1204 0 847 342 890 837 291 674 805 893 797 36 844 780 751 181 661 814 397 704 971 339 372 137 603 524 541 265 409 129 721 726 780 691 348 409 416 590 543 273 737 553 707 675 1004 519 750 617 649 676 712 461 1017 382 899 366 1001 519 1171 849 447 298 506 958 687 647 637 950 501 253 601 341 660 690 855 694 121 1144 594 175 789 762 358 700 131 581 713 726 211 714 805 758 553 1087 180 393 562 140 636 541 516 663 760 633 819 276 1087 1182 1125 744 190 437 506 935 452 916 708 932 1052 999 1003 621 656 390 701 893 498 832 899 871 864 763 833 112 788 416 556 472 490 1237 1116 316 777 719
228 109 156 298 250 395 656 136 258 711 462 558 445 722 944 500 465 504 723 899 154 445 499 580 603 691 730 441 318 169 304 178 187 815 271 465 429 450 647 781 641 513 380 245 320 348 430 847 0 547 715 126 663 689 170 188 694 869 388 166 518 666 305 759 478 600 306 521 668 846 357 324 308 668 483 765 660 671 228 179 566 648 595 490 361 581 628 751 530 171 157 341 284 487 219 662 566 426 191 492 544 704 519 417 340 784 405 595 343 199 221 505 472 545 377 650 402 507 265 527 63 702 731 319 603 741 835 153 494 548 767 282 157 158 695 209 472 296 451 345 711 460 527 709 410 381 345 427 259 421 153 649 334 443 370 122 661 712 350 814 774 774 225 99 316 209 511 690 488 467 147 408 453 561 197 612 353 824 441 752 779 515 387 497 643 427 313 689 410 388
366 477 505 494 794 537 848 487 297 169 428 417 562 681 451 787 114 519 244 433 584 463 147 125 78 366 561 400 457 390 629 522 562 338 280 284 216 393 232 484 116 287 449 781 864 212 949 342 547 0 844 511 122 672 473 641 767 352 502 450 650 179 319 809 250 651 743 59 421 405 426 259 279 325 68 231 693 703 441 373 36 437 139 495 205 189 690 615 389 380 698 206 409 291 330 660 641 125 732 244 778 444 846 368 886 845 222 270 248 697 447 325 529 817 300 104 259 153 324 372 540 694 260 862 563 328 826 504 93 622 232 265 443 462 151 382 472 416 216 841 173 199 491 209 297 200 202 529 420 497 489 102 837 942 876 431 210 505 267 919 556 888 475 618 806 730 844 632 554 92 414 552 157 733 564 785 675 803 684 289 799 328 391 140 502 965 845 392 438 562
830 788 853 977 829 1076 96 824 774 911 416 445 305 245 919 263 866 1154 798 848 566 386 928 755 830 606 413 1051 451 766 415 540 899 827 695 1000 921 452 709 576 840 1037 421 698 766 696 695 890 715 844 0 827 943 222 850 558 95 927 1057 832 212 795 879 115 594 195 499 784 518 784 451 647 633 628 833 913 169 165 889 754 881 481 977 349 824 694 157 368 1109 680 795 744 923 1020 752 215 203 812 711 602 192 528 304 481 789 108 634 623 643 604 536 1055 321 228 562 889 929 693 833 1097 775 205 790 759 299 715 211 570 751 222 917 744 603 587 906 821 1109 938 940 602 894 645 355 823 964 851 746 337 905 364 843 912 616 634 631 743 750 463 613 99 474 59 515 797 585 647 315 277 295 764 654 1091 895 154 909 105 376 224 277 784 158 523 468 921 400 775 702 574 1046 342
149 46 29 171 302 268 774 24 215 680 531 616 542 810 939 623 412 379 718 904 278 523 432 570 578 722 795 326 402 128 425 287 77 814 269 370 352 512 654 823 618 417 459 345 404 343 534 837 126 511 827 0 617 779 51 314 799 854 261 64 623 656 219 862 504 697 433 499 713 856 432 338 329 693 443 740 757 769 112 147 523 700 531 570 308 586 728 824 419 192 210 318 171 390 188 754 665 385 288 516 663 750 645 475 419 890 421 618 357 322 304 402 561 668 415 615 316 508 192 417 67 795 729 405 684 754 932 257 478 646 742 256 233 244 662 130 349 180 371 461 683 473 603 697 315 321 321 520 145 508 31 608 449 555 483 107 660 769 374 925 832 886 318 124 436 323 637 774 580 446 194 281 389 674 86 727 475 919 558 753 879 557 452 432 709 516 412 726 289 490
