112
0 610 304 471 120 52 922 840 619 253 330 258 446 375 715 213 694 311 207 609 175 707 512 574 263 297 157 304 759 174 960 141 394 702 492 576 338 528 721 208 147 356 402 161 518 98 671 570 377 193 823 859 161 1006 401 364 538 605 446 788 955 98 292 248 834 865 408 406 391 621 683 500 637 338 335 89 636 352 280 213 667 135 566 318 631 666 227 552 862 930 295 471 753 596 175 143 532 817 604 555 517 785 549 823 282 546 740 894 876 685 639 302
610 0 335 241 600 643 840 493 873 423 293 368 528 648 920 645 381 337 435 924 459 662 310 1035 361 315 549 490 374 681 743 688 620 652 550 760 457 642 390 405 526 304 301 531 179 702 832 261 330 547 531 421 456 914 255 387 581 508 503 489 762 526 526 362 715 279 469 637 360 59 531 144 353 289 419 685 452 851 377 644 112 563 478 371 955 716 414 76 359 748 434 923 366 88 460 546 972 632 610 963 645 834 774 378 590 681 129 688 735 99 821 381
304 335 0 305 341 324 925 704 773 249 47 169 474 509 851 422 558 206 103 795 132 710 387 831 45 66 313 180 598 346 898 356 502 702 517 688 165 594 581 148 283 226 106 297 214 402 780 408 278 211 713 682 144 1009 96 314 564 565 458 671 904 208 210 100 812 611 410 520 127 332 627 272 505 171 317 363 555 618 43 309 420 230 524 64 823 715 81 298 653 883 118 719 590 301 219 302 778 759 621 786 589 845 681 639 267 626 457 833 846 426 756 62
471 241 305 0 420 516 649 400 632 230 260 216 286 413 681 440 253 159 364 684 375 449 90 806 298 245 363 485 300 594 597 585 382 439 310 519 470 402 276 273 348 115 350 346 316 545 594 105 107 487 407 393 352 730 291 156 345 293 262 365 607 414 513 259 528 415 229 399 405 290 339 101 199 147 192 558 261 638 344 581 230 478 256 368 715 486 352 165 390 587 424 697 292 296 296 365 743 464 381 729 405 611 533 355 564 441 353 534 558 261 582 368
120 600 341 420 0 169 808 758 502 190 352 231 337 255 597 97 617 269 265 497 237 595 442 492 296 311 58 395 688 293 856 258 275 590 381 456 421 411 644 205 74 310 447 74 542 136 551 508 316 297 733 791 206 891 430 286 426 504 340 701 849 177 391 256 724 831 308 286 451 622 583 472 561 311 252 195 544 276 331 332 637 242 468 375 521 548 281 532 806 823 370 383 682 603 140 55 443 714 492 458 399 666 430 758 392 427 729 791 767 661 519 360
52 643 324 516 169 0 974 890 662 303 355 301 498 423 760 257 744 356 221 647 191 759 561 596 287 327 209 294 807 125 1012 89 444 754 544 624 331 579 770 247 199 401 415 214 538 101 719 616 425 177 874 906 187 1058 421 414 591 658 498 838 1008 117 276 281 887 903 460 456 396 650 735 539 686 378 387 42 687 376 294 174 705 120 619 327 669 717 243 588 906 982 295 498 800 622 223 196 558 869 656 585 568 835 596 870 254 596 771 947 928 721 686 311
922 840 925 649 808 974 0 421 473 711 888 770 479 569 405 738 466 721 941 558 935 218 558 796 900 858 765 1088 507 1094 197 1064 538 226 432 407 1087 400 465 821 779 698 992 763 963 933 353 582 646 1044 353 545 899 85 936 615 384 360 485 382 163 930 1106 842 125 806 531 531 1042 899 312 738 487 754 623 1003 392 800 954 1115 756 1008 401 989 574 266 939 782 644 149 1033 749 513 920 787 779 744 217 319 694 412 197 453 564 1140 393 893 198 114 792 384 984
840 493 704 400 758 890 421 0 702 586 658 604 457 619 691 736 148 544 764 783 772 351 332 985 699 646 700 885 118 983 267 968 577 343 433 585 867 488 124 663 697 503 733 688 655 894 603 296 467 886 70 124 745 473 674 476 418 291 441 66 293 802 913 657 310 389 457 584 792 550 229 446 205 546 507 929 223 889 745 977 387 871 310 765 810 454 752 460 223 289 823 897 126 581 667 708 921 211 386 886 501 514 624 145 965 515 507 229 307 417 614 766
619 873 773 632 502 662 473 702 0 525 758 606 345 265 102 406 634 589 736 86 715 361 572 323 732 716 490 883 712 787 624 747 272 366 328 121 900 238 653 628 518 598 872 499 912 585 120 642 555 796 640 802 678 535 832 498 310 429 370 636 599 673 885 673 468 985 405 254 900 921 474 731 606 643 476 675 510 366 783 833 843 743 434 827 109 254 745 797 873 574 845 285 712 923 564 506 272 529 319 221 232 276 99 794 893 201 979 581 507 879 93 816
253 423 249 230 190 303 711 586 525 0 233 80 237 263 601 222 441 86 233 551 224 492 259 619 210 190 133 384 507 403 721 384 253 485 283 439 390 350 468 113 118 123 347 115 402 317 532 321 127 334 571 608 188 796 309 111 332 367 226 535 720 225 398 149 609 642 180 271 376 454 442 287 383 138 89 343 387 427 264 410 450 302 326 306 580 478 235 352 617 696 335 507 500 441 82 134 560 578 394 559 344 607 432 573 428 380 551 655 648 475 508 296
330 293 47 260 352 355 888 658 758 233 0 152 448 497 832 425 513 176 141 784 167 676 344 834 68 44 317 227 551 388 855 395 486 667 489 667 209 569 535 149 287 190 114 299 190 427 758 361 243 256 668 634 169 972 79 284 535 528 430 626 863 238 257 96 773 566 382 504 154 294 587 224 460 134 292 396 514 626 90 354 374 270 487 107 813 686 121 252 605 842 165 722 543 266 219 307 779 718 589 784 565 815 664 591 314 603 418 791 807 381 736 108
258 368 169 216 231 301 770 604 606 80 152 0 307 344 681 286 455 59 172 632 172 553 271 692 133 109 183 318 512 380 764 369 333 544 351 518 319 424 481 59 158 102 266 164 326 339 610 318 138 287 598 609 142 855 229 155 399 417 293 559 766 199 336 73 662 609 244 352 297 391 486 245 398 81 150 343 422 491 189 374 412 267 374 229 661 548 168 302 605 743 264 579 505 374 91 178 634 621 458 635 420 678 512 570 375 457 498 698 699 433 586 221
446 528 474 286 337 498 479 457 345 237 448 307 0 163 398 289 341 271 471 400 461 262 231 553 441 409 289 621 422 615 519 587 122 256 46 234 626 122 366 350 301 266 561 285 578 471 316 305 217 567 418 524 423 564 512 165 95 174 24 393 511 450 635 380 388 658 65 133 600 576 253 386 297 318 157 530 234 432 496 635 502 529 147 536 431 241 471 452 572 485 570 453 419 579 308 302 488 378 160 464 122 371 246 503 663 159 635 455 429 537 299 528
375 648 509 413 255 423 569 619 265 263 497 344 163 0 350 171 504 335 471 288 451 370 379 397 467 453 230 619 585 549 650 512 41 368 186 201 635 171 530 363 256 351 610 237 660 367 297 455 317 538 575 687 414 650 572 260 214 330 183 554 636 414 623 409 503 810 191 39 635 689 404 503 459 390 230 445 396 270 518 585 641 488 308 562 318 304 479 571 733 610 580 293 582 684 299 246 332 517 272 316 157 413 179 666 636 178 766 590 547 673 266 550
715 920 851 681 597 760 405 691 102 601 832 681 398 350 0 502 644 658 821 166 802 340 611 402 811 790 580 970 718 885 576 846 349 347 370 165 984 278 660 709 607 661 946 588 975 685 91 675 614 888 625 800 764 458 902 560 340 443 420 627 547 764 974 751 425 1005 462 332 978 971 471 782 625 710 543 774 522 468 864 929 878 836 457 907 174 238 828 845 879 524 929 380 719 976 648 596 359 500 328 305 276 210 171 797 986 239 1018 541 458 915 98 896
213 645 422 440 97 257 738 736 406 222 425 286 289 171 502 0 604 308 356 399 330 533 442 409 376 382 108 491 680 383 805 345 200 529 328 368 515 338 631 276 139 343 528 126 610 195 462 515 333 394 703 784 296 821 504 290 367 463 298 675 795 274 488 329 665 856 278 208 539 675 542 508 550 358 252 275 515 205 417 426 668 339 432 462 424 474 370 574 811 768 463 297 675 660 205 120 355 666 431 366 326 585 338 755 489 349 773 742 708 695 428 448
694 381 558 253 617 744 466 148 634 441 513 455 341 504 644 604 0 396 616 708 623 323 184 889 551 499 559 738 81 835 364 821 464 313 328 512 722 401 27 514 554 355 593 546 527 752 552 151 319 737 158 183 597 536 534 332 327 204 321 115 381 654 766 509 342 364 327 473 651 440 180 308 57 398 365 784 123 771 598 828 289 723 204 620 737 409 604 334 239 367 677 793 79 465 520 566 824 253 317 795 411 501 545 163 817 434 427 308 357 325 555 621
311 337 206 159 269 356 721 544 589 86 176 59 271 335 658 308 396 0 227 623 230 505 212 703 178 139 215 368 453 439 708 428 318 497 312 493 365 392 422 118 195 44 290 196 325 387 583 260 80 345 539 551 201 805 244 108 359 364 253 500 711 258 389 122 611 563 205 336 330 368 431 203 339 55 116 398 365 513 233 433 368 327 322 269 653 509 221 266 550 688 312 591 446 356 137 213 643 566 415 640 389 639 492 513 431 427 465 642 647 392 561 263
207 435 103 364 265 221 941 764 736 233 141 172 471 471 821 356 616 227 0 747 31 723 435 757 74 126 252 151 664 247 936 253 472 715 516 663 163 582 640 121 221 263 195 239 317 305 758 470 308 123 764 755 60 1026 199 327 565 589 459 724 938 108 164 107 835 706 412 489 187 434 658 354 560 217 318 260 593 539 73 219 512 128 547 112 773 712 21 390 735 916 108 648 657 404 172 237 708 794 627 722 575 841 649 714 203 611 559 870 872 522 731 96
609 924 795 684 497 647 558 783 86 551 784 632 400 288 166 399 708 623 747 0 723 446 632 239 751 741 495 888 788 770 711 728 307 451 391 198 909 307 728 647 525 637 897 507 948 562 206 704 598 794 723 880 687 618 861 541 380 505 425 717 686 673 887 695 555 1052 455 289 919 969 554 780 677 678 514 655 585 316 800 821 902 739 505 845 30 339 758 848 947 661 856 217 787 968 579 510 193 615 397 139 298 360 162 870 889 273 1035 668 593 938 180 832
175 459 132 375 237 191 935 772 715 224 167 172 461 451 802 330 623 230 31 723 0 716 441 728 98 146 228 167 675 225 936 228 455 709 507 646 186 569 648 115 198 269 226 216 347 274 742 480 310 114 769 767 38 1020 229 324 556 587 451 730 937 77 175 116 831 728 404 471 218 461 657 372 567 227 312 231 595 510 104 205 533 106 545 143 749 701 52 412 752 914 133 620 667 432 156 213 680 793 618 695 562 829 630 727 204 596 585 870 869 544 714 127
707 662 710 449 595 759 218 351 361 492 676 553 262 370 340 533 323 505 723 446 716 0 361 668 683 644 550 871 390 877 284 849 334 10 215 255 871 200 334 602 563 485 783 547 765 724 253 401 433 826 285 463 680 303 728 398 169 156 267 288 267 711 888 625 133 687 312 331 830 720 143 545 321 541 405 790 214 624 738 897 594 790 193 775 470 107 721 597 548 240 816 597 392 735 568 564 608 169 103 565 214 178 300 465 921 207 736 229 176 632 269 769
512 310 387 90 442 561 558 332 572 259 344 271 231 379 611 442 184 212 435 632 441 361 0 776 374 324 383 565 247 651 511 637 343 351 244 455 553 336 210 330 375 172 439 368 405 575 522 76 135 555 329 349 413 639 381 155 271 204 207 289 518 469 590 328 438 430 187 357 493 365 248 184 127 219 191 601 171 627 424 645 270 539 170 451 662 405 425 239 368 499 504 671 241 377 337 389 712 375 299 692 341 526 474 316 638 374 407 446 467 306 514 450
574 1035 831 806 492 596 796 985 323 619 834 692 553 397 402 409 889 703 757 239 728 668 776 0 785 791 517 878 971 702 943 657 433 671 561 413 908 497 913 686 548 730 937 535 1018 496 444 852 705 768 931 1070 698 857 914 651 567 695 576 918 919 661 867 738 786 1207 589 420 944 1071 757 891 849 757 617 588 772 221 823 765 1036 709 685 867 228 565 774 959 1124 894 860 112 968 1060 615 528 65 837 602 103 484 599 367 1053 851 472 1157 895 826 1068 414 852
263 361 45 298 296 287 900 699 732 210 68 133 441 467 811 376 551 178 74 751 98 683 374 785 0 53 268 191 596 321 881 327 461 675 485 649 187 558 575 104 237 206 151 251 255 361 742 403 255 195 703 684 102 984 138 285 533 542 426 662 886 169 215 60 789 631 378 479 168 363 607 280 496 154 284 327 538 572 55 292 437 203 500 96 779 682 56 315 662 864 133 674 588 335 173 256 732 741 591 740 553 812 640 643 265 590 486 816 824 447 718 87
297 315 66 245 311 327 858 646 716 190 44 109 409 453 790 382 499 139 126 741 146 644 324 791 53 0 274 240 543 372 833 374 443 635 452 626 230 530 522 106 244 160 156 256 231 392 718 350 212 249 651 630 140 942 122 248 499 499 393 610 839 210 267 54 745 582 345 461 190 324 561 227 445 106 253 369 490 584 99 346 386 253 457 131 770 649 110 265 609 818 180 679 535 299 176 265 735 694 554 740 526 779 621 589 319 563 443 768 780 398 695 127
157 549 313 363 58 209 765 700 490 133 317 183 289 230 580 108 559 215 252 495 228 550 383 517 268 274 0 393 629 329 805 298 242 544 334 431 414 373 586 168 30 255 419 18 503 193 527 450 258 307 677 732 192 849 396 228 381 451 289 644 799 184 395 220 677 775 254 256 431 575 530 418 503 260 194 241 488 310 310 358 583 258 414 355 521 510 264 480 747 774 360 406 624 558 97 16 464 662 447 473 363 632 409 699 405 393 679 740 719 607 496 341
304 490 180 485 395 294 1088 885 883 384 227 318 621 619 970 491 738 368 151 888 167 871 565 878 191 240 393 0 778 246 1073 276 622 863 667 813 44 733 761 271 365 398 192 383 330 394 909 588 447 117 892 860 205 1173 236 473 716 733 609 851 1078 218 37 246 979 770 561 639 141 472 799 449 685 346 467 319 730 657 140 183 587 173 691 123 914 863 150 467 827 1056 61 773 770 435 322 378 834 933 776 853 727 992 798 817 102 762 599 1008 1016 587 881 119
759 374 598 300 688 807 507 118 712 507 551 512 422 585 718 680 81 453 664 788 675 390 247 971 596 543 629 778 0 892 377 881 545 380 410 591 758 482 59 571 623 410 619 615 537 822 627 194 381 787 163 103 651 569 561 401 408 283 402 126 399 712 808 559 386 301 405 555 679 431 248 333 129 447 436 848 202 851 639 881 270 778 286 656 817 481 651 342 160 390 716 875 8 462 583 636 906 290 394 877 492 566 625 82 862 514 395 329 394 301 632 659
174 681 346 594 293 125 1094 983 787 403 388 380 615 549 885 383 835 439 247 770 225 877 651 702 321 372 329 246 892 0 1123 44 568 871 662 749 289 701 861 321 314 482 413 331 549 211 844 698 515 140 973 988 242 1178 436 514 709 768 613 936 1120 181 216 339 1002 953 572 580 377 677 844 598 778 448 491 116 790 486 306 70 758 119 727 325 790 839 267 637 977 1095 273 610 885 645 321 314 670 979 775 701 691 959 721 949 169 720 803 1057 1043 769 811 311
960 743 898 597 856 1012 197 267 624 721 855 764 519 650 576 805 364 708 936 711 936 284 511 943 881 833 805 1073 377 1123 0 1099 612 284 477 532 1063 483 353 820 813 675 947 798 891 990 506 508 628 1050 214 384 903 220 888 613 438 355 515 254 34 947 1096 830 157 654 552 610 1003 802 279 669 405 727 632 1047 343 908 933 1132 645 1023 395 962 732 379 929 699 486 52 1014 879 384 829 803 817 885 143 377 839 497 367 579 412 1139 491 772 66 118 678 531 960
141 688 356 585 258 89 1064 968 747 384 395 369 587 512 846 345 821 428 253 728 228 849 637 657 327 374 298 276 881 44 1099 0 534 843 633 712 319 669 847 312 287 472 432 302 565 167 807 688 501 163 955 979 238 1148 450 495 680 744 586 919 1095 171 249 336 975 957 547 545 401 688 821 597 764 442 470 72 770 441 319 112 760 126 704 343 748 807 275 640 972 1070 296 565 874 657 302 284 625 955 746 657 658 924 683 940 209 686 813 1033 1016 773 773 328
394 620 502 382 275 444 538 577 272 253 486 333 122 41 349 200 464 318 472 307 455 334 343 433 461 443 242 622 545 568 612 534 0 331 144 191 635 138 489 359 265 330 600 246 642 394 287 419 291 548 534 647 417 620 559 234 174 288 143 512 599 424 629 402 467 774 156 18 629 663 363 475 419 372 207 469 355 312 514 600 608 500 266 558 337 275 479 543 694 573 579 331 542 660 299 258 368 477 235 349 126 390 178 626 646 152 735 551 511 641 258 547
702 652 702 439 590 754 226 343 366 485 667 544 256 368 347 529 313 497 715 451 709 10 351 671 675 635 544 863 380 871 284 843 331 0 210 258 862 198 324 595 557 476 773 541 755 720 260 390 424 819 277 454 673 311 718 390 163 146 260 280 268 705 880 617 135 677 305 328 821 709 133 535 311 532 397 785 203 623 730 890 584 783 183 766 475 112 713 586 539 242 808 599 382 725 561 558 610 165 98 568 213 188 303 456 914 207 726 228 179 621 275 760
492 550 517 310 381 544 432 433 328 283 489 351 46 186 370 328 328 312 516 391 507 215 244 561 485 452 334 667 410 662 477 633 144 210 0 210 670 92 352 396 347 304 601 331 611 513 284 314 253 614 389 509 470 517 551 205 49 143 58 368 468 497 681 425 343 661 106 150 642 601 218 411 290 357 200 575 213 457 540 682 515 575 125 580 421 197 517 475 564 442 615 466 407 606 355 348 495 338 113 467 96 327 230 492 710 130 652 414 385 551 271 572
576 760 688 519 456 624 407 585 121 439 667 518 234 201 165 368 512 493 663 198 646 255 455 413 649 626 431 813 591 749 532 712 191 258 210 0 826 118 532 548 455 496 782 436 810 561 96 522 449 738 525 682 608 480 737 395 189 308 257 518 511 614 820 589 375 863 297 175 815 810 356 619 485 545 377 644 389 393 702 787 725 689 312 746 226 153 669 684 751 485 770 347 591 813 490 447 353 424 199 310 114 225 47 673 836 80 862 483 417 761 68 735
338 457 165 470 421 331 1087 867 900 390 209 319 626 635 984 515 722 365 163 909 186 871 553 908 187 230 414 44 758 289 1063 319 635 862 670 826 0 741 744 278 384 390 156 402 292 430 920 571 441 157 877 837 222 1171 205 472 719 729 612 836 1069 247 79 246 975 736 564 652 101 435 792 426 670 336 470 359 721 688 132 227 556 211 687 102 936 868 156 438 800 1048 55 802 750 397 336 399 862 925 778 879 735 997 813 794 143 771 562 999 1010 555 894 103
528 642 594 402 411 579 400 488 238 350 569 424 122 171 278 338 401 392 582 307 569 200 336 497 558 530 373 733 482 701 483 669 138 198 92 118 741 0 422 463 391 389 683 373 700 533 193 403 340 670 435 576 531 482 635 288 73 200 143 421 467 548 744 497 333 746 188 132 720 693 260 503 369 440 277 605 279 426 613 730 606 626 198 654 337 137 585 567 640 441 685 412 480 698 413 388 433 355 109 398 14 260 144 564 767 38 743 425 377 642 179 645
721 390 581 276 644 770 465 124 653 468 535 481 366 530 660 631 27 422 640 728 648 334 210 913 575 522 586 761 59 861 353 847 489 324 352 532 744 422 0 540 581 380 612 573 542 779 568 173 346 762 141 157 622 532 553 359 349 223 347 99 371 680 789 533 342 353 354 498 671 449 191 326 84 422 392 811 143 797 621 854 294 748 227 642 757 423 628 348 220 359 700 818 59 476 547 593 848 249 335 818 433 511 566 141 841 455 428 299 354 329 573 643
208 405 148 273 205 247 821 663 628 113 149 59 350 363 709 276 514 118 121 647 115 602 330 686 104 106 168 271 571 321 820 312 359 595 396 548 278 463 540 0 138 160 253 150 337 296 643 376 197 229 657 667 83 906 228 208 444 471 338 618 822 141 285 52 716 656 291 377 272 421 542 292 457 131 197 290 480 477 154 315 459 208 429 199 675 591 122 344 660 799 222 574 563 400 71 158 631 678 506 638 457 720 538 628 320 493 535 754 753 477 617 187
147 526 283 348 74 199 779 697 518 118 287 158 301 256 607 139 554 195 221 525 198 563 375 548 237 244 30 365 623 314 813 287 265 557 347 455 384 391 581 138 0 237 389 18 475 199 551 439 245 282 678 725 162 864 366 222 395 458 299 644 808 159 367 191 688 758 260 280 401 549 535 398 497 237 191 235 490 339 279 338 563 235 419 324 551 528 234 458 736 783 330 436 616 531 69 20 494 669 460 504 382 652 436 691 380 414 656 747 729 586 521 310
356 304 226 115 310 401 698 503 598 123 190 102 266 351 661 343 355 44 263 637 269 485 172 730 206 160 255 398 410 482 675 472 330 476 304 496 390 389 380 160 237 0 299 237 314 431 582 216 52 383 501 506 242 782 247 101 348 339 246 461 680 301 421 156 585 520 200 348 344 340 401 165 298 55 122 443 332 547 259 473 327 368 297 291 667 498 254 231 505 658 339 619 403 333 182 255 669 535 400 663 388 628 499 469 466 425 430 610 619 352 563 287
402 301 106 350 447 415 992 733 872 347 114 266 561 610 946 528 593 290 195 897 226 783 439 937 151 156 419 192 619 413 947 432 600 773 601 782 156 683 612 253 389 299 0 403 138 500 873 442 352 272 751 692 245 1075 58 396 647 632 543 708 957 303 229 203 875 579 495 618 61 279 686 286 544 244 406 451 610 723 121 362 402 307 591 89 926 797 174 287 648 937 143 826 611 242 324 408 883 814 699 891 680 927 778 648 294 717 406 884 906 399 851 104
161 531 297 346 74 214 763 688 499 115 299 164 285 237 588 126 546 196 239 507 216 547 368 535 251 256 18 383 615 331 798 302 246 541 331 436 402 373 573 150 18 237 403 0 485 206 532 434 241 301 666 718 179 847 378 214 378 444 284 633 793 177 386 203 673 758 246 261 416 556 522 400 489 241 181 248 478 328 295 356 564 253 406 340 534 511 250 462 732 768 348 423 609 539 79 20 480 655 444 488 364 633 417 684 399 396 660 733 714 588 503 326
518 179 214 316 542 538 963 655 912 402 190 326 578 660 975 610 527 325 317 948 347 765 405 1018 255 231 503 330 537 549 891 565 642 755 611 810 292 700 542 337 475 314 138 485 0 616 894 384 360 408 684 596 357 1041 117 414 652 609 556 641 905 422 367 285 840 451 512 660 191 145 651 224 487 270 435 577 571 814 246 500 290 439 573 224 978 798 295 195 539 889 281 905 529 106 406 495 960 767 694 961 700 925 814 552 432 737 270 831 866 279 876 238
98 702 402 545 136 101 933 894 585 317 427 339 471 367 685 195 752 387 305 562 274 724 575 496 361 392 193 394 822 211 990 167 394 720 513 561 430 533 779 296 199 431 500 206 616 0 653 638 444 278 870 924 258 1015 498 420 556 640 475 838 982 196 377 341 855 949 444 403 488 715 719 585 696 421 387 94 681 277 378 270 752 220 604 416 581 669 326 640 934 956 390 400 816 691 250 186 460 849 621 490 521 780 528 890 355 544 831 926 898 772 618 400
671 832 780 594 551 719 353 603 120 532 758 610 316 297 91 462 552 583 758 206 742 253 522 444 742 718 527 909 627 844 506 807 287 260 284 96 920 193 568 643 551 582 873 532 894 653 0 585 533 834 538 710 704 417 826 481 251 351 337 539 480 710 916 682 351 913 381 271 907 884 381 696 533 632 467 737 430 466 796 882 788 785 366 839 226 148 764 758 788 455 865 399 628 891 586 543 391 418 236 341 194 157 125 707 932 156 928 465 388 825 35 829
570 261 408 105 508 616 582 296 642 321 361 318 305 455 675 515 151 260 470 704 480 401 76 852 403 350 450 588 194 698 508 688 419 390 314 522 571 403 173 376 439 216 442 434 384 638 585 0 193 593 309 290 456 659 383 225 335 248 280 266 521 518 616 364 458 354 263 433 500 319 271 160 103 253 262 658 191 703 448 686 203 583 221 469 734 459 457 199 298 504 526 747 187 337 394 454 787 383 354 767 410 574 544 253 669 442 343 448 483 240 579 470
377 330 278 107 316 425 646 467 555 127 243 138 217 317 614 333 319 80 308 598 310 433 135 705 255 212 258 447 381 515 628 501 291 424 253 449 441 340 346 197 245 52 352 241 360 444 533 193 0 425 459 481 280 730 299 57 296 287 196 421 631 334 469 202 533 522 152 309 397 372 352 186 262 108 88 466 285 532 309 512 336 405 245 343 629 446 301 254 490 609 389 595 375 369 202 261 643 486 347 632 339 576 456 446 512 377 451 562 569 365 516 338
193 547 211 487 297 177 1044 886 796 334 256 287 567 538 888 394 737 345 123 794 114 826 555 768 195 249 307 117 787 140 1050 163 548 819 614 738 157 670 762 229 282 383 272 301 408 278 834 593 425 0 884 878 147 1130 297 438 663 700 559 844 1051 123 99 228 943 823 513 563 237 539 771 476 681 340 423 201 709 546 170 97 630 58 658 184 818 804 139 508 858 1028 133 665 780 506 258 291 726 907 726 748 661 930 717 837 98 694 666 984 981 638 804 170
823 531 713 407 733 874 353 70 640 571 668 598 418 575 625 703 158 539 764 723 769 285 329 931 703 651 677 892 163 973 214 955 534 277 389 525 877 435 141 657 678 501 751 666 684 870 538 309 459 884 0 193 740 409 692 460 368 245 405 42 236 792 918 657 240 453 427 539 809 589 174 467 207 548 487 912 189 846 751 972 431 865 271 775 749 389 754 489 291 227 831 847 170 617 653 687 867 141 329 831 448 445 567 210 967 459 558 166 239 463 551 775
859 421 682 393 791 906 545 124 802 608 634 609 524 687 800 784 183 551 755 880 767 463 349 1070 684 630 732 860 103 988 384 979 647 454 509 682 837 576 157 667 725 506 692 718 596 924 710 290 481 878 193 0 746 595 635 504 504 376 504 175 413 808 892 651 433 270 509 656 753 474 329 411 233 540 539 948 297 954 724 973 310 871 384 737 908 562 740 406 101 410 799 975 109 509 683 738 1005 334 483 974 588 633 718 44 948 607 410 351 431 333 718 741
161 456 144 352 206 187 899 745 678 188 169 142 423 414 764 296 597 201 60 687 38 680 413 698 102 140 192 205 651 242 903 238 417 673 470 608 222 531 622 83 162 242 245 179 357 258 704 456 280 147 740 746 0 984 240 290 519 552 414 701 904 70 213 98 796 719 368 433 245 463 624 358 540 205 276 229 563 481 126 232 522 126 511 169 714 663 75 403 735 881 168 589 644 436 118 177 649 760 582 662 524 791 593 706 240 558 583 837 834 536 676 153
1006 914 1009 730 891 1058 85 473 535 796 972 855 564 650 458 821 536 805 1026 618 1020 303 639 857 984 942 849 1173 569 1178 220 1148 620 311 517 480 1171 482 532 906 864 782 1075 847 1041 1015 417 659 730 1130 409 595 984 0 1018 700 469 443 570 442 187 1015 1191 927 201 862 616 613 1125 973 391 817 561 837 708 1087 470 874 1039 1200 825 1093 485 1073 630 347 1024 858 697 185 1117 816 575 995 872 864 807 283 404 756 494 260 525 619 1225 473 961 244 178 861 451 1068
401 255 96 291 430 421 936 674 832 309 79 229 512 572 902 504 534 244 199 861 229 728 381 914 138 122 396 236 561 436 888 450 559 718 551 737 205 635 553 228 366 247 58 378 117 498 826 383 299 297 692 635 240 1018 0 347 596 576 493 649 898 305 271 175 817 534 447 577 118 242 629 228 485 194 360 460 552 705 130 392 351 323 536 116 890 746 177 233 594 879 179 802 553 208 298 386 858 755 646 863 632 875 736 592 335 670 369 825 848 351 806 127
364 387 314 156 286 414 615 476 498 111 284 155 165 260 560 290 332 108 327 541 324 398 155 651 285 248 228 473 401 514 613 495 234 390 205 395 472 288 359 208 222 101 396 214 414 420 481 225 57 438 460 504 290 700 347 0 251 262 146 424 613 335 492 227 507 568 99 252 438 429 333 242 275 152 37 453 276 483 340 519 387 410 220 378 572 401 324 310 523 590 418 541 395 426 193 234 588 470 306 576 286 531 399 472 529 324 506 547 545 417 462 371
538 581 564 345 426 591 384 418 310 332 535 399 95 214 340 367 327 359 565 380 556 169 271 567 533 499 381 716 408 709 438 680 174 163 49 189 719 73 349 444 395 348 647 378 652 556 251 335 296 663 368 504 519 469 596 251 0 128 106 352 427 546 730 473 298 674 154 175 689 634 194 446 296 402 249 621 206 481 588 731 538 624 124 627 410 150 566 508 567 401 664 479 407 642 404 395 503 302 65 470 84 280 218 490 759 108 678 376 341 575 243 620
605 508 565 293 504 658 360 291 429 367 528 417 174 330 443 463 204 364 589 505 587 156 204 695 542 499 451 733 283 768 355 744 288 146 143 308 729 200 223 471 458 339 632 444 609 640 351 248 287 700 245 376 552 443 576 262 128 0 165 225 352 593 753 486 246 561 197 293 682 565 78 388 182 394 278 692 80 600 596 778 446 670 42 630 533 214 585 441 443 328 676 606 282 579 448 463 631 211 114 598 212 326 342 364 791 231 589 289 282 484 352 626
446 503 458 262 340 498 485 441 370 226 430 293 24 183 420 298 321 253 459 425 451 267 207 576 426 393 289 609 402 613 515 586 143 260 58 257 612 143 347 338 299 246 543 284 556 475 337 280 196 559 405 504 414 570 493 146 106 165 0 379 509 444 624 366 389 634 48 155 583 552 244 362 275 299 142 531 219 450 482 630 477 522 133 521 456 256 459 428 550 484 557 475 398 555 301 302 510 373 167 487 144 386 270 482 655 181 610 451 430 512 322 513
788 489 671 365 701 838 382 66 636 535 626 559 393 554 627 675 115 500 724 717 730 288 289 918 662 610 644 851 126 936 254 919 512 280 368 518 836 421 99 618 644 461 708 633 641 838 539 266 421 844 42 175 701 442 649 424 352 225 379 0 274 755 877 617 263 424 397 518 766 548 162 424 165 507 453 877 160 825 710 933 390 826 246 733 744 390 713 447 267 264 789 831 132 576 617 653 854 165 319 819 434 457 558 184 926 448 521 203 268 424 549 734
955 762 904 607 849 1008 163 293 599 720 863 766 511 636 547 795 381 711 938 686 937 267 518 919 886 839 799 1078 399 1120 34 1095 599 268 468 511 1069 467 371 822 808 680 957 793 905 982 480 521 631 1051 236 413 904 187 898 613 427 352 509 274 0 945 1100 833 135 682 548 597 1012 821 280 682 418 733 630 1041 348 891 939 1131 665 1022 393 969 706 358 932 714 514 26 1019 858 406 847 801 812 862 144 364 816 481 337 558 439 1141 473 795 73 93 699 506 966
98 526 208 414 177 117 930 802 673 225 238 199 450 414 764 274 654 258 108 673 77 711 469 661 169 210 184 218 712 181 947 171 424 705 497 614 247 548 680 141 159 301 303 177 422 196 710 518 334 123 792 808 70 1015 305 335 546 593 444 755 945 0 214 167 832 789 401 439 292 532 667 427 596 271 315 158 611 441 181 186 592 78 552 219 698 684 129 473 801 921 200 555 705 505 144 167 616 803 610 634 540 809 594 769 221 572 654 881 872 606 680 203
292 526 210 513 391 276 1106 913 885 398 257 336 635 623 974 488 766 389 164 887 175 888 590 867 215 267 395 37 808 216 1096 249 629 880 681 820 79 744 789 285 367 421 229 386 367 377 916 616 469 99 918 892 213 1191 271 492 730 753 624 877 1100 214 0 267 999 806 577 645 178 508 821 481 712 370 483 297 753 645 168 150 621 158 711 157 912 876 168 501 860 1078 93 764 800 471 331 379 825 956 792 846 737 1004 803 849 65 772 636 1031 1036 623 887 150
248 362 100 259 256 281 842 657 673 149 96 73 380 409 751 329 509 122 107 695 116 625 328 738 60 54 220 246 559 339 830 336 402 617 425 589 246 497 533 52 191 156 203 203 285 341 682 364 202 228 657 651 98 927 175 227 473 486 366 617 833 167 267 0 733 622 318 420 227 374 553 260 453 111 224 323 487 529 115 321 425 221 444 157 723 622 98 307 637 811 191 626 551 351 123 211 683 688 532 689 493 752 581 611 310 529 491 764 769 440 657 147
834 715 812 528 724 887 125 310 468 609 773 662 388 503 425 665 342 611 835 555 831 133 438 786 789 745 677 979 386 1002 157 975 467 135 343 375 975 333 342 716 688 585 875 673 840 855 351 458 533 943 240 433 796 201 817 507 298 246 389 263 135 832 999 733 0 687 431 464 926 774 189 615 362 640 520 918 268 755 843 1018 631 910 288 876 576 222 831 658 530 109 922 722 391 795 688 691 728 98 233 682 347 222 422 447 1036 338 769 116 43 667 375 872
865 279 611 415 831 903 806 389 985 642 566 609 658 810 1005 856 364 563 706 1052 728 687 430 1207 631 582 775 770 301 953 654 957 774 677 661 863 736 746 353 656 758 520 579 758 451 949 913 354 522 823 453 270 719 862 534 568 674 561 634 424 682 789 806 622 687 0 618 788 638 306 544 364 379 527 605 945 483 1052 653 920 197 834 551 650 1083 772 687 316 169 678 713 1102 298 345 699 776 1142 589 676 1122 755 865 891 243 869 783 192 618 691 185 913 660
408 469 410 229 308 460 531 457 405 180 382 244 65 191 462 278 327 205 412 455 404 312 187 589 378 345 254 561 405 572 552 547 156 305 106 297 564 188 354 291 260 200 495 246 512 444 381 263 152 513 427 509 368 616 447 99 154 197 48 397 548 401 577 318 431 618 0 171 535 516 275 326 276 252 94 495 238 446 433 587 452 478 160 473 485 304 411 393 546 523 509 484 401 517 256 266 524 408 214 506 187 434 306 483 608 224 581 486 471 486 363 465
406 637 520 399 286 456 531 584 254 271 504 352 133 39 332 208 473 336 489 289 471 331 357 420 479 461 256 639 555 580 610 545 18 328 150 175 652 132 498 377 280 348 618 261 660 403 271 433 309 563 539 656 433 613 577 252 175 293 155 518 597 439 645 420 464 788 171 0 647 681 366 493 430 390 225 479 362 307 531 614 623 515 274 575 320 266 496 560 705 570 597 320 552 678 316 273 355 477 233 334 119 379 161 636 661 141 752 550 507 657 242 564
391 360 127 405 451 396 1042 792 900 376 154 297 600 635 978 539 651 330 187 919 218 830 493 944 168 190 431 141 679 377 1003 401 629 821 642 815 101 720 671 272 401 344 61 416 191 488 907 500 397 237 809 753 245 1125 118 438 689 682 583 766 1012 292 178 227 926 638 535 647 0 335 739 346 602 289 443 429 664 727 121 320 463 281 640 76 947 839 170 349 709 992 104 834 671 297 341 418 893 868 743 905 716 969 808 709 243 753 461 939 958 459 884 91
621 59 332 290 622 650 899 550 921 454 294 391 576 689 971 675 440 368 434 969 461 720 365 1071 363 324 575 472 431 677 802 688 663 709 601 810 435 693 449 421 549 340 279 556 145 715 884 319 372 539 589 474 463 973 242 429 634 565 552 548 821 532 508 374 774 306 516 681 335 0 590 190 412 316 459 691 511 880 370 634 164 562 534 358 1000 771 413 126 406 807 419 959 424 39 481 569 1009 691 665 1003 696 890 822 431 573 732 127 748 795 143 872 370
683 531 627 339 583 735 312 229 474 442 587 486 253 404 471 542 180 431 658 554 657 143 248 757 607 561 530 799 248 844 279 821 363 133 218 356 792 260 191 542 535 401 686 522 651 719 381 271 352 771 174 329 624 391 629 333 194 78 244 162 280 667 821 553 189 544 275 366 739 590 0 426 182 455 352 770 80 674 660 852 456 743 116 692 581 233 652 471 408 257 740 672 250 609 523 541 693 136 156 657 273 321 395 326 861 286 597 213 219 493 389 688
500 144 272 101 472 539 738 446 731 287 224 245 386 503 782 508 308 203 354 780 372 545 184 891 280 227 418 449 333 598 669 597 475 535 411 619 426 503 326 292 398 165 286 400 224 585 696 160 186 476 467 411 358 817 228 242 446 388 362 424 682 427 481 260 615 364 326 493 346 190 426 0 264 163 275 581 346 712 315 573 167 479 354 326 811 587 337 68 382 665 388 781 325 195 336 416 829 543 481 819 506 710 632 368 539 542 266 608 641 188 683 331
637 353 505 199 561 686 487 205 606 383 460 398 297 459 625 550 57 339 560 677 567 321 127 849 496 445 503 685 129 778 405 764 419 311 290 485 670 369 84 457 497 298 544 489 487 696 533 103 262 681 207 233 540 561 485 275 296 182 275 165 418 596 712 453 362 379 276 430 602 412 182 264 0 342 308 726 107 722 544 772 273 666 172 567 707 395 549 298 275 401 624 750 124 434 463 510 784 281 296 757 379 499 514 207 761 405 415 344 383 311 533 568
338 289 171 147 311 378 754 546 643 138 134 81 318 390 710 358 398 55 217 678 227 541 219 757 154 106 260 346 447 448 727 442 372 532 357 545 336 440 422 131 237 55 244 241 270 421 632 253 108 340 548 540 205 837 194 152 402 394 299 507 733 271 370 111 640 527 252 390 289 316 455 163 342 0 167 421 384 564 205 433 331 331 352 236 708 553 206 221 530 712 286 645 440 303 173 257 697 588 455 695 438 682 545 500 419 476 418 662 674 351 612 233
335 419 317 192 252 387 623 507 476 89 292 150 157 230 543 252 365 116 318 514 312 405 191 617 284 253 194 467 436 491 632 470 207 397 200 377 470 277 392 197 191 122 406 181 435 387 467 262 88 423 487 539 276 708 360 37 249 278 142 453 630 315 483 224 520 605 94 225 443 459 352 275 308 167 0 424 300 446 339 500 423 391 237 379 545 398 317 343 559 606 415 506 430 454 170 201 554 488 308 544 273 528 378 507 517 311 540 566 558 453 445 371
89 685 363 558 195 42 1003 929 675 343 396 343 530 445 774 275 784 398 260 655 231 790 601 588 327 369 241 319 848 116 1047 72 469 785 575 644 359 605 811 290 235 443 451 248 577 94 737 658 466 201 912 948 229 1087 460 453 621 692 531 877 1041 158 297 323 918 945 495 479 429 691 770 581 726 421 424 0 725 370 332 177 748 149 654 363 675 743 282 630 948 1016 326 494 841 663 264 229 554 904 687 585 594 859 613 911 267 621 812 981 960 764 704 347
636 452 555 261 544 687 392 223 510 387 514 422 234 396 522 515 123 365 593 585 595 214 171 772 538 490 488 730 202 790 343 770 355 203 213 389 721 279 143 480 490 332 610 478 571 681 430 191 285 709 189 297 563 470 552 276 206 80 219 160 348 611 753 487 268 483 238 362 664 511 80 346 107 384 300 725 0 666 590 794 380 685 88 620 614 289 585 391 362 328 671 679 201 529 469 498 707 204 194 676 290 391 423 284 797 312 522 278 296 417 432 617
352 851 618 638 276 376 800 889 366 427 626 491 432 270 468 205 771 513 539 316 510 624 627 221 572 584 310 657 851 486 908 441 312 623 457 393 688 426 797 477 339 547 723 328 814 277 466 703 532 546 846 954 481 874 705 483 481 600 450 825 891 441 645 529 755 1052 446 307 727 880 674 712 722 564 446 370 666 0 607 547 868 487 578 650 328 538 556 778 993 864 641 124 847 866 408 319 183 781 534 218 411 617 348 930 630 417 978 851 798 897 430 635
280 377 43 344 331 294 954 745 783 264 90 189 496 518 864 417 598 233 73 800 104 738 424 823 55 99 310 140 639 306 933 319 514 730 540 702 132 613 621 154 279 259 121 295 246 378 796 448 309 170 751 724 126 1039 130 340 588 596 482 710 939 181 168 115 843 653 433 531 121 370 660 315 544 205 339 332 590 607 0 266 463 193 554 45 827 738 52 341 696 917 80 713 631 338 220 297 772 794 646 783 608 867 693 681 224 644 497 868 878 468 771 32
213 644 309 581 332 174 1115 977 833 410 354 374 635 585 929 426 828 433 219 821 205 897 645 765 292 346 358 183 881 70 1132 112 600 890 682 787 227 730 854 315 338 473 362 356 500 270 882 686 512 97 972 973 232 1200 392 519 731 778 630 933 1131 186 150 321 1018 920 587 614 320 634 852 573 772 433 500 177 794 547 266 0 728 108 737 277 843 867 236 606 955 1107 219 670 873 600 330 342 731 988 796 759 720 989 762 932 99 751 762 1066 1058 735 851 265
667 112 420 230 637 705 756 387 843 450 374 412 502 641 878 668 289 368 512 902 533 594 270 1036 437 386 583 587 270 758 645 760 608 584 515 725 556 606 294 459 563 327 402 564 290 752 788 203 336 630 431 310 522 825 351 387 538 446 477 390 665 592 621 425 631 197 452 623 463 164 456 167 273 331 423 748 380 868 463 728 0 639 423 464 933 660 493 121 248 654 528 928 262 199 503 582 972 542 556 957 611 771 745 266 683 644 142 593 647 37 782 472
135 563 230 478 242 120 1008 871 743 302 270 267 529 488 836 339 723 327 128 739 106 790 539 709 203 253 258 173 778 119 1023 126 500 783 575 689 211 626 748 208 235 368 307 253 439 220 785 583 405 58 865 871 126 1093 323 410 624 670 522 826 1022 78 158 221 910 834 478 515 281 562 743 479 666 331 391 149 685 487 193 108 639 0 628 218 762 762 149 518 858 998 177 606 770 531 222 242 667 880 689 690 617 887 667 832 150 649 687 957 950 650 754 203
566 478 524 256 468 619 401 310 434 326 487 374 147 308 457 432 204 322 547 505 545 193 170 685 500 457 414 691 286 727 395 704 266 183 125 312 687 198 227 429 419 297 591 406 573 604 366 221 245 658 271 384 511 485 536 220 124 42 133 246 393 552 711 444 288 551 160 274 640 534 116 354 172 352 237 654 88 578 554 737 423 628 0 588 535 237 542 409 443 370 634 591 284 547 407 425 620 251 132 590 207 356 342 368 749 233 565 329 325 461 363 584
318 371 64 368 375 327 989 765 827 306 107 229 536 562 907 462 620 269 112 845 143 775 451 867 96 131 355 123 656 325 962 343 558 766 580 746 102 654 642 199 324 291 89 340 224 416 839 469 343 184 775 737 169 1073 116 378 627 630 521 733 969 219 157 157 876 650 473 575 76 358 692 326 567 236 379 363 620 650 45 277 464 218 588 0 872 777 93 344 704 948 63 757 648 323 265 342 817 824 684 828 650 907 737 694 219 686 485 897 911 466 814 16
631 955 823 715 521 669 574 810 109 580 813 661 431 318 174 424 737 653 773 30 749 470 662 228 779 770 521 914 817 790 732 748 337 475 421 226 936 337 757 675 551 667 926 534 978 581 226 734 629 818 749 908 714 630 890 572 410 533 456 744 706 698 912 723 576 1083 485 320 947 1000 581 811 707 708 545 675 614 328 827 843 933 762 535 872 0 363 785 878 976 681 882 221 816 998 606 536 189 639 425 135 328 376 192 898 912 302 1066 690 614 968 202 859
666 716 715 486 548 717 266 454 254 478 686 548 241 304 238 474 409 509 712 339 701 107 405 565 682 649 510 863 481 839 379 807 275 112 197 153 868 137 423 591 528 498 797 511 798 669 148 459 446 804 389 562 663 347 746 401 150 214 256 390 358 684 876 622 222 772 304 266 839 771 233 587 395 553 398 743 289 538 738 867 660 762 237 777 363 0 713 645 642 332 812 500 483 782 546 526 506 275 105 461 149 129 200 560 902 126 802 330 264 698 162 769
227 414 81 352 281 243 939 752 745 235 121 168 471 479 828 370 604 221 21 758 52 721 425 774 56 110 264 150 651 267 929 275 479 713 517 669 156 585 628 122 234 254 174 250 295 326 764 457 301 139 754 740 75 1024 177 324 566 585 459 713 932 129 168 98 831 687 411 496 170 413 652 337 549 206 317 282 585 556 52 236 493 149 542 93 785 713 0 371 719 910 100 664 643 382 180 250 723 787 626 736 579 842 656 699 212 614 538 863 867 502 737 78
552 76 298 165 532 588 782 460 797 352 252 302 452 571 845 574 334 266 390 848 412 597 239 959 315 265 480 467 342 637 699 640 543 586 475 684 438 567 348 344 458 231 287 462 195 640 758 199 254 508 489 406 403 858 233 310 508 441 428 447 714 473 501 307 658 316 393 560 349 126 471 68 298 221 343 630 391 778 341 606 121 518 409 344 878 645 371 0 361 699 407 848 334 138 394 478 897 579 539 887 570 766 698 362 562 606 199 641 681 133 747 351
862 359 653 390 806 906 644 223 873 617 605 605 572 733 879 811 239 550 735 947 752 548 368 1124 662 609 747 827 160 977 486 972 694 539 564 751 800 640 220 660 736 505 648 732 539 934 788 298 490 858 291 101 735 697 594 523 567 443 550 267 514 801 860 637 530 169 546 705 709 406 408 382 275 530 559 948 362 993 696 955 248 858 443 704 976 642 719 361 0 512 766 1025 160 443 687 751 1059 431 555 1032 650 722 784 83 920 674 325 452 530 263 793 710
