263
0 210 156 696 221 431 470 107 495 741 549 462 792 860 810 718 613 723 632 557 539 1096 269 819 380 901 950 942 1003 744 785 864 876 592 524 1010 672 506 751 18 482 793 885 353 390 283 1010 969 773 931 890 703 721 505 778 478 262 607 1027 874 261 545 578 527 311 637 635 592 168 556 248 368 830 843 863 496 696 461 649 505 487 704 948 147 267 417 168 783 696 352 894 753 221 584 590 412 661 561 220 825 833 577 824 670 882 873 823 303 219 540 176 156 777 946 513 514 983 559 870 487 355 962 850 306 919 721 802 595 816 982 731 499 463 766 873 500 556 844 692 450 604 885 833 927 357 885 827 439 966 629 706 476 428 729 589 283 602 909 260 188 131 688 844 406 236 540 305 114 880 460 188 185 851 624 578 370 390 327 834 565 696 858 750 545 464 354 105 543 550 401 767 534 916 195 595 746 376 808 1127 467 843 578 806 486 649 953 335 229 501 698 923 37 732 511 999 907 627 559 543 599 250 365 790 697 886 512 445 733 549 698 225 491 362 716 535 275 340 684 361 664 918 469 546 683 1042 179 939 531 623 591 517 364 593 641 206 524 961 547 502 658 741 677 57
210 0 272 538 14 462 503 271 285 583 343 254 770 800 612 508 421 527 445 439 345 943 244 798 182 718 841 871 846 687 717 803 688 491 336 892 602 335 712 214 277 747 718 202 209 121 842 788 580 903 855 504 511 343 819 270 208 540 908 739 429 494 419 320 145 491 426 646 169 351 267 171 828 696 674 300 656 476 560 600 335 494 847 71 443 207 262 631 653 146 713 787 107 380 380 293 643 411 383 798 661 450 865 556 895 888 749 93 419 579 111 140 588 766 310 491 818 617 849 531 282 843 657 271 948 684 733 436 808 837 750 494 273 625 807 302 574 664 749 326 497 841 681 904 161 903 688 405 886 452 642 517 334 694 391 282 529 774 90 283 263 500 823 470 443 466 98 248 719 251 104 247 755 416 473 160 189 259 681 472 544 722 623 585 260 504 240 382 431 332 630 324 744 98 389 770 172 627 980 550 684 464 709 520 438 856 417 416 454 659 909 230 640 323 850 837 488 480 343 446 460 445 642 645 845 385 254 564 452 501 44 438 503 723 566 69 149 486 151 546 938 308 629 601 910 71 949 574 473 521 553 444 409 638 413 328 789 338 461 449 660 542 267
156 272 0 631 286 278 316 64 541 674 560 513 645 726 792 747 693 705 604 468 617 1016 167 671 388 855 838 811 926 611 656 730 838 489 503 904 547 467 611 138 495 655 821 318 375 382 946 921 748 785 746 691 739 457 621 532 183 483 921 783 163 416 520 582 299 563 681 436 119 615 123 443 678 763 827 488 557 311 535 353 432 735 832 242 181 448 25 709 558 379 847 596 213 645 612 339 515 498 119 679 778 492 667 571 727 719 696 352 195 384 298 138 745 896 577 375 917 402 721 331 261 857 821 198 762 580 673 537 665 897 576 353 450 683 740 496 403 798 536 375 504 744 757 779 433 730 741 310 839 586 576 320 336 587 579 159 481 816 269 34 26 657 697 249 238 423 341 41 810 488 187 58 735 636 478 407 459 237 760 458 625 768 657 389 526 231 51 490 462 296 681 575 858 309 650 591 442 764 1040 312 773 484 691 331 679 834 178 169 373 559 773 122 617 490 916 776 548 444 539 534 275 208 713 562 743 433 527 678 445 770 307 367 231 564 380 313 421 670 401 568 763 423 392 564 944 281 784 375 555 468 362 208 562 491 214 599 902 571 371 699 619 593 159
696 538 631 0 538 528 542 681 443 45 319 456 529 448 265 427 609 219 163 182 571 404 464 550 371 238 359 472 308 388 371 447 241 211 228 386 315 204 450 689 337 451 190 345 330 599 316 297 214 606 551 239 380 195 725 471 449 309 399 218 766 349 119 478 396 73 473 647 537 503 514 533 617 160 236 277 418 499 248 717 209 432 382 603 790 405 605 94 411 418 228 683 476 518 361 292 472 134 733 535 151 154 755 168 707 702 374 481 826 583 649 541 183 271 512 417 287 645 585 575 372 340 249 437 787 440 378 102 590 300 621 459 282 107 439 284 533 185 718 255 192 518 143 618 537 725 164 394 461 112 348 566 300 452 241 483 294 250 453 608 646 154 565 597 869 293 457 646 183 386 508 572 318 326 204 434 513 394 142 240 26 200 146 589 494 777 646 156 185 349 121 426 228 632 497 647 504 161 442 665 147 182 288 550 406 399 614 794 359 423 647 692 262 237 312 447 95 277 269 97 905 618 108 383 531 199 562 63 235 615 564 347 759 575 559 476 549 225 442 153 754 231 708 278 384 609 738 590 75 302 565 618 167 509 844 554 271 364 373 455 307 93 742
221 14 286 538 0 474 515 284 274 583 335 241 780 808 606 497 408 521 441 443 331 942 256 808 178 715 845 878 846 695 724 811 684 496 333 895 610 334 721 226 269 756 716 206 208 109 840 784 574 913 864 497 502 343 832 258 220 547 911 741 443 503 420 308 148 493 414 659 183 338 280 157 838 696 669 295 665 488 566 614 336 483 852 78 456 198 276 632 662 139 710 799 118 367 370 299 653 412 397 807 658 454 877 560 907 899 755 82 431 591 110 154 584 763 297 502 816 630 858 543 292 846 652 282 960 693 739 437 818 837 761 505 270 626 814 297 586 660 762 331 501 849 681 913 147 915 689 416 892 450 650 530 341 703 385 295 537 776 95 297 277 496 832 484 455 474 91 262 718 241 117 262 760 407 478 150 175 268 681 478 545 723 626 598 247 518 254 382 435 341 632 312 741 95 376 782 159 623 980 563 684 468 714 532 428 861 431 429 463 668 919 242 646 320 850 843 490 487 337 447 471 459 642 654 854 389 240 562 458 487 33 447 517 734 578 64 134 480 141 550 949 309 643 607 912 71 960 587 474 529 565 458 405 649 425 314 786 328 470 437 667 544 279
431 462 278 528 474 0 41 341 649 562 610 631 370 469 760 802 833 682 577 346 761 851 219 395 474 767 623 558 774 360 413 474 767 327 509 695 321 450 346 413 560 392 702 364 430 584 814 822 709 509 474 681 776 425 358 654 258 269 713 610 312 201 453 697 390 455 771 185 304 733 199 607 399 615 761 522 297 41 338 192 394 795 607 469 336 551 263 578 300 493 756 328 358 762 672 304 243 425 304 404 677 374 404 404 450 442 455 503 412 116 535 333 691 796 707 133 783 160 445 70 228 653 766 199 493 316 429 465 386 729 300 94 484 538 487 534 125 714 288 319 347 476 618 502 600 455 583 135 593 536 337 57 257 321 591 179 274 640 403 244 305 618 420 74 459 242 479 319 679 578 358 249 515 676 328 529 611 234 623 294 511 600 492 123 659 277 327 440 344 209 529 669 746 538 758 317 593 686 862 138 644 347 475 58 742 605 127 364 173 298 494 400 408 502 751 525 433 263 567 451 506 112 575 313 473 345 686 589 294 892 506 182 254 285 105 464 595 659 528 409 489 407 196 351 750 505 507 112 459 262 91 112 538 214 448 740 784 639 161 778 393 456 437
470 503 316 542 515 41 0 378 685 573 642 668 338 446 780 832 870 705 601 361 799 850 259 362 510 779 611 536 775 341 396 451 782 335 538 684 312 478 320 452 594 367 710 399 465 625 819 832 729 476 443 705 805 452 317 691 298 266 702 609 337 202 474 733 428 469 805 145 345 769 240 646 362 619 776 553 276 43 337 175 420 826 593 511 360 587 302 586 279 531 768 287 399 798 703 334 215 445 333 373 689 389 363 408 411 403 438 542 440 75 576 375 709 807 744 130 788 123 411 35 263 645 784 238 452 292 411 485 351 727 260 87 516 543 466 565 88 728 248 345 356 448 623 469 640 415 585 157 573 557 323 24 284 295 619 220 273 637 443 283 343 640 387 88 487 251 518 357 686 613 399 289 503 706 338 567 650 271 629 304 523 600 495 82 696 291 366 464 360 239 534 704 755 579 793 276 632 702 857 126 651 360 466 17 774 589 155 391 182 276 458 439 401 531 750 503 446 269 597 469 534 134 581 295 444 366 725 604 306 928 547 194 267 247 65 504 635 683 566 415 448 435 169 345 743 546 468 72 475 261 50 134 563 181 477 778 791 672 169 811 383 465 474
107 271 64 681 284 341 378 0 552 725 586 522 709 790 829 767 691 741 643 525 615 1072 223 735 412 901 900 875 981 675 721 795 882 549 539 965 611 509 675 89 519 719 872 356 407 368 997 968 787 848 810 725 763 501 677 540 232 546 983 841 162 480 568 590 328 616 694 491 150 622 184 441 740 818 870 519 621 375 597 398 478 754 895 226 173 464 86 763 622 395 893 654 237 651 633 390 579 547 117 743 826 547 723 630 786 778 760 359 155 443 272 158 786 943 581 439 969 457 785 390 316 918 861 256 820 645 737 585 728 954 637 417 483 739 805 526 465 844 589 427 563 808 811 843 430 789 798 374 903 630 640 380 392 651 612 220 544 875 289 98 39 698 760 306 191 485 353 35 863 506 206 116 798 661 537 420 460 291 814 519 677 826 715 448 531 249 36 536 518 355 738 588 908 287 659 650 444 809 1097 362 825 542 753 392 697 897 233 145 437 623 835 69 680 526 972 840 602 506 569 585 223 262 767 627 808 486 523 726 505 772 299 430 255 625 440 323 416 705 413 627 821 466 440 627 1004 263 844 433 606 532 422 262 602 554 164 599 952 591 435 714 682 648 96
495 285 541 443 274 649 685 552 0 478 128 33 861 838 390 227 191 320 288 450 133 809 446 888 174 536 799 886 715 743 751 839 493 516 223 829 652 275 788 500 113 810 574 285 221 246 685 603 377 975 921 289 241 303 978 32 406 604 842 661 704 590 356 48 263 435 141 829 424 84 492 146 937 597 476 176 737 647 589 822 322 212 819 349 720 98 525 532 732 164 535 939 330 113 121 365 753 368 659 881 509 443 1019 545 1018 1011 770 193 704 756 349 402 400 586 71 621 668 808 934 719 422 783 450 454 1086 765 764 365 912 728 889 642 195 549 836 166 732 491 928 373 510 896 575 981 156 1031 607 543 886 331 695 705 422 777 209 489 590 692 273 542 538 329 909 683 729 539 200 526 590 74 353 502 742 169 497 133 118 414 571 516 462 643 576 764 57 767 519 327 443 454 562 41 584 325 111 913 125 457 858 767 564 475 702 701 159 833 649 698 564 741 999 516 649 217 734 856 446 542 173 386 745 672 548 714 905 400 127 435 496 243 273 545 762 852 737 229 175 281 140 530 1065 291 841 632 822 325 1064 756 411 588 731 671 276 767 699 113 626 90 576 163 685 495 552
741 583 674 45 583 562 573 725 478 0 352 493 536 443 260 445 639 228 192 219 604 359 507 556 414 206 331 458 263 394 370 441 216 239 268 352 328 248 458 734 375 454 147 390 374 641 271 259 212 603 549 253 395 240 741 508 493 330 364 184 807 376 164 511 441 112 498 673 581 534 556 574 624 119 215 316 431 531 265 749 254 450 358 648 831 445 649 54 423 462 194 700 522 548 390 335 489 179 776 539 115 191 768 182 715 710 368 524 869 611 693 585 177 234 546 447 243 673 587 605 414 308 233 479 796 450 376 147 598 257 637 489 324 83 431 323 559 157 739 299 219 514 100 616 578 733 130 430 443 148 358 597 342 462 272 525 317 213 498 651 690 171 568 633 912 323 501 690 138 425 553 615 304 352 235 476 553 437 98 269 51 165 137 617 531 815 690 201 222 389 100 459 187 676 526 662 545 140 398 698 102 214 279 581 429 376 652 836 391 435 648 737 264 278 268 436 131 305 305 142 949 655 70 395 528 241 599 56 268 639 609 380 797 590 587 521 590 242 485 169 760 276 737 289 344 654 743 619 119 326 594 655 203 528 888 587 228 396 404 479 310 111 787
549 343 560 319 335 610 642 586 128 352 0 149 773 734 277 193 292 199 161 356 252 681 433 799 173 412 678 775 586 646 648 734 371 421 117 704 557 180 697 551 67 714 446 257 190 343 558 480 256 878 824 170 178 210 914 159 397 517 717 536 723 515 245 158 261 320 174 781 442 183 485 253 853 470 355 88 650 600 491 796 236 185 699 413 742 139 540 406 644 197 410 874 349 202 62 308 676 263 680 789 381 343 953 437 939 932 664 253 741 708 431 427 276 462 194 558 540 765 842 677 383 659 332 430 1011 677 660 251 828 600 819 586 125 426 730 76 676 365 875 303 412 796 448 886 260 953 482 489 771 206 599 664 361 689 80 473 502 566 296 554 563 201 819 657 773 459 245 554 462 98 379 512 627 75 402 186 226 384 444 427 340 518 458 715 184 772 550 223 350 403 440 107 457 409 184 844 225 330 730 740 436 378 590 656 132 715 636 727 496 654 908 563 543 118 605 746 335 458 55 274 796 654 423 623 806 312 254 308 408 314 346 478 763 778 687 275 277 158 196 421 986 212 807 533 695 400 981 710 296 502 683 654 153 696 743 235 499 45 510 171 581 380 606
462 254 513 456 241 631 668 522 33 493 149 0 856 839 419 261 203 346 306 450 136 830 424 883 158 561 809 890 735 741 752 840 519 515 231 842 650 278 784 468 119 808 595 270 209 212 708 628 403 973 919 316 275 304 965 23 384 600 855 675 675 582 362 69 242 443 172 813 396 104 468 113 930 612 503 182 732 631 589 801 320 245 827 316 691 81 497 547 728 140 559 927 304 134 151 355 745 372 630 877 530 445 1007 549 1010 1003 773 163 672 740 315 374 425 611 76 610 690 791 930 701 406 795 477 434 1076 761 765 373 906 745 878 629 194 561 838 173 719 514 913 366 511 896 591 979 123 1022 620 530 892 345 693 688 411 773 228 467 586 706 247 515 509 351 905 663 697 533 171 496 609 72 325 475 748 198 496 107 85 396 588 513 473 656 585 748 39 740 489 331 443 441 573 75 607 292 137 902 91 479 878 746 581 475 708 684 193 841 626 668 554 736 995 484 652 224 752 859 452 537 188 393 713 650 563 710 904 398 106 453 492 264 239 535 735 842 722 199 141 306 112 534 1056 289 821 632 838 292 1057 740 419 583 714 649 290 757 667 114 649 116 566 196 686 503 520
792 770 645 529 780 370 338 709 861 536 773 856 0 156 794 934 1052 745 664 417 992 668 540 27 705 722 381 237 624 141 177 161 746 353 655 453 219 593 79 775 751 90 623 602 650 884 693 750 744 139 106 760 892 564 240 878 567 256 468 462 674 280 536 908 652 481 947 298 643 942 545 874 88 511 748 692 124 334 288 437 540 934 347 799 696 778 627 516 129 743 709 206 664 967 832 506 131 513 672 34 634 433 251 362 178 174 202 778 778 295 865 669 711 728 931 282 664 325 78 339 488 430 769 506 259 96 180 536 61 560 151 293 667 465 181 704 252 686 291 490 365 120 528 135 871 196 470 366 283 606 181 345 451 84 717 514 272 475 689 611 672 677 52 424 825 323 750 685 587 787 677 607 294 814 371 776 869 511 537 347 503 464 404 294 892 616 692 551 423 439 448 865 669 862 953 168 852 675 654 421 564 396 285 327 894 334 493 729 317 119 140 764 272 655 584 214 458 318 719 513 872 472 502 151 111 462 940 588 366 1087 814 334 591 118 286 747 873 742 779 378 224 570 395 252 528 829 210 308 501 273 306 471 641 157 816 971 690 815 309 940 227 437 805
860 800 726 448 808 469 446 790 838 443 734 839 156 0 702 873 1024 667 602 389 971 518 594 157 701 606 227 90 482 116 87 5 637 324 619 297 198 562 127 845 725 81 502 611 646 904 556 625 655 161 111 687 827 535 395 860 612 261 312 330 782 316 488 882 667 417 903 441 699 913 612 877 228 391 642 662 171 429 250 574 519 876 192 841 806 766 704 411 169 744 594 362 699 935 788 513 234 471 773 134 525 394 402 297 309 307 74 790 881 422 904 721 620 605 909 351 529 463 163 456 522 278 668 557 390 154 74 483 206 415 307 379 644 362 24 673 370 578 445 487 328 73 411 177 876 329 350 420 131 544 158 459 466 152 667 577 270 336 713 692 751 603 155 534 929 334 761 762 464 767 718 679 156 762 344 775 867 549 420 333 421 336 305 423 877 736 767 512 396 472 345 835 545 897 918 325 852 574 500 549 447 364 165 439 843 178 597 834 359 171 214 837 191 622 439 60 400 320 679 460 974 580 394 163 88 443 933 499 354 1046 841 371 712 270 407 765 881 673 779 313 348 550 536 207 374 865 319 435 441 279 425 579 588 278 916 951 560 778 358 891 152 363 882
810 612 792 265 606 760 780 829 390 260 277 419 794 702 0 241 485 87 189 423 481 461 639 815 431 167 564 712 379 653 631 701 116 469 290 561 580 327 715 809 338 714 250 474 423 621 324 224 52 863 810 108 191 344 988 422 611 570 568 407 946 602 306 400 503 325 335 899 679 406 693 529 882 333 100 314 684 736 513 952 374 254 598 683 968 415 769 293 677 466 171 947 595 407 270 473 736 335 907 799 195 397 1019 433 972 968 628 527 984 831 707 672 83 214 438 665 317 893 847 815 561 527 66 623 1052 705 636 295 855 418 885 704 348 340 690 310 785 147 976 447 451 774 308 877 537 990 365 624 691 223 614 805 506 717 221 670 555 425 550 778 801 141 828 822 1020 542 514 795 283 376 627 737 558 221 458 461 501 574 300 492 291 393 397 838 448 977 792 321 423 557 357 354 235 685 380 911 502 134 518 898 277 432 538 791 264 617 823 962 603 688 908 818 524 303 414 692 349 530 268 312 1049 834 311 649 788 414 516 206 483 454 620 588 963 839 807 543 554 126 471 418 1018 373 950 543 524 674 1002 837 311 562 811 833 231 771 992 470 266 302 618 304 569 358 865
718 508 747 427 497 802 832 767 227 445 193 261 934 873 241 0 251 219 272 521 265 702 626 958 359 408 774 900 618 799 792 873 357 582 295 784 714 358 856 722 253 866 483 450 383 472 566 464 258 1027 972 192 51 387 1093 251 589 684 793 620 910 692 398 209 450 457 110 969 628 199 677 372 1018 546 341 280 813 790 646 988 417 16 803 574 928 302 728 492 807 371 412 1052 534 187 135 498 848 422 866 946 421 502 1130 579 1106 1100 799 415 921 896 576 610 295 455 241 741 558 954 998 867 576 744 307 623 1181 839 801 397 992 651 995 772 318 528 865 268 861 382 1060 488 569 941 521 1037 382 1121 570 677 887 330 754 855 548 851 220 666 668 643 478 743 748 274 976 849 949 634 415 737 511 260 561 701 746 126 566 348 344 577 514 595 453 603 574 903 273 964 732 388 517 593 544 186 474 553 162 1021 352 358 759 932 497 539 716 846 69 821 829 910 678 818 1063 737 682 301 649 875 477 629 234 420 968 847 511 783 952 486 327 389 579 212 499 660 955 952 874 445 401 202 357 562 1153 397 998 684 755 552 1144 899 435 670 872 847 293 873 919 261 508 176 693 76 725 510 776
613 421 693 609 408 833 870 691 191 639 292 203 1052 1024 485 251 0 441 446 639 76 939 623 1079 361 649 968 1068 850 932 938 1025 600 705 405 990 841 463 979 623 302 999 710 473 412 331 806 709 491 1165 1110 408 296 491 1168 179 582 796 1002 823 851 782 537 144 443 613 150 1016 582 111 664 250 1128 753 584 363 928 834 777 1000 512 236 991 468 864 284 681 691 923 339 651 1130 494 90 248 557 945 552 805 1071 645 630 1210 728 1210 1203 955 344 832 943 442 557 523 698 126 812 794 993 1125 903 609 947 551 635 1278 956 950 544 1104 874 1081 832 385 716 1021 351 922 615 1116 565 698 1084 730 1171 260 1223 769 733 1064 497 884 890 613 969 368 666 781 851 440 701 685 473 1100 862 849 731 361 670 733 266 511 662 920 289 686 304 234 599 724 706 631 804 750 951 174 924 662 511 633 644 730 189 710 420 112 1105 252 586 993 946 712 663 883 887 222 1007 822 835 755 932 1190 642 834 402 876 1039 627 733 347 566 857 846 709 904 1094 590 168 589 686 90 392 736 922 1043 925 384 275 409 307 713 1257 482 1021 820 974 434 1256 942 589 779 917 846 445 958 819 95 747 247 768 180 871 673 669
723 527 705 219 521 682 705 741 320 228 199 346 745 667 87 219 441 0 105 354 424 498 553 767 345 215 555 687 408 605 590 666 172 406 202 564 527 242 666 722 256 670 269 387 335 542 368 282 56 825 771 32 168 261 928 353 525 509 573 400 860 534 232 337 415 265 291 828 592 350 607 452 832 326 156 227 630 661 458 875 291 228 584 598 882 334 682 273 623 382 215 886 507 356 205 389 676 260 821 753 205 330 961 383 922 916 593 443 896 759 624 584 82 266 375 594 354 820 803 740 478 524 132 538 1000 653 597 223 805 435 826 631 260 312 657 224 715 174 910 365 389 737 301 837 460 938 351 547 671 149 563 729 426 665 136 585 494 423 463 691 713 68 782 742 933 474 430 708 294 297 540 650 532 156 393 379 426 490 294 426 246 383 363 765 378 893 705 241 353 477 329 288 269 603 330 852 425 144 552 820 278 366 506 716 219 603 740 874 531 634 866 731 481 215 435 664 289 464 183 243 961 752 292 596 750 338 448 171 415 425 537 515 879 780 735 458 476 41 389 367 968 288 875 492 538 590 955 764 248 499 737 751 147 708 905 412 309 230 546 266 525 309 777
632 445 604 163 441 577 601 643 288 192 161 306 664 602 189 272 446 105 0 258 412 524 449 687 263 273 522 633 428 527 519 601 244 315 109 545 444 137 585 629 195 594 289 287 242 478 407 343 144 754 699 104 228 155 834 319 422 418 557 377 757 436 133 319 321 185 309 727 493 341 503 398 749 309 230 147 544 557 375 770 186 274 546 515 779 271 580 246 538 305 269 793 413 356 198 284 585 160 718 675 226 236 869 306 837 832 528 369 797 657 548 488 145 322 355 494 387 717 726 636 372 500 218 433 914 569 529 128 722 439 734 529 171 270 594 148 615 220 811 260 300 669 287 765 404 853 322 443 624 57 483 625 320 582 80 481 402 406 373 588 614 55 704 637 835 376 351 609 302 243 446 548 480 162 300 311 375 385 282 332 187 358 308 664 344 788 607 137 255 371 285 267 306 528 334 759 369 183 571 715 275 273 447 613 243 563 634 773 430 549 791 637 410 122 445 606 205 368 119 150 865 646 263 512 680 236 413 146 318 451 461 413 774 689 633 377 419 83 320 290 884 184 771 413 534 512 874 661 163 406 635 646 42 613 807 395 350 204 445 292 453 239 685
557 439 468 182 443 346 361 525 450 219 356 450 417 389 423 521 639 354 258 0 583 547 302 443 314 421 402 446 458 292 302 390 421 65 238 456 202 176 341 547 337 360 364 237 259 529 484 478 371 525 471 361 483 148 576 471 297 163 473 317 592 179 125 496 295 109 529 476 390 528 347 491 499 295 415 276 294 318 139 536 129 519 408 493 617 377 443 244 288 359 410 535 353 551 414 149 327 98 563 433 333 28 611 117 586 579 325 410 660 408 549 401 349 452 521 242 453 469 487 395 208 407 423 270 660 321 315 131 473 429 476 281 256 215 390 288 361 367 555 113 61 446 290 532 491 601 273 212 453 205 244 385 132 333 301 313 147 351 348 442 487 286 463 415 705 119 382 490 347 378 380 410 317 398 46 387 479 234 294 74 167 301 193 414 488 597 492 133 8 174 213 450 405 538 537 502 465 340 572 484 309 25 272 371 477 417 433 625 180 299 552 547 207 238 447 413 87 110 301 111 744 436 246 267 455 55 544 242 60 670 475 166 578 432 384 391 497 341 392 108 633 161 529 182 484 509 626 414 114 149 388 436 228 355 682 563 446 397 195 523 237 124 596
539 345 617 571 331 761 799 615 133 604 252 136 992 971 481 265 76 424 412 583 0 922 549 1019 292 638 929 1020 830 875 885 973 592 649 356 957 784 409 920 549 246 942 689 403 345 259 793 702 478 1108 1054 392 301 436 1100 113 508 736 969 788 775 718 489 93 370 568 155 944 506 74 589 174 1066 722 575 310 868 763 722 925 454 248 950 393 788 216 605 658 863 267 639 1062 419 77 221 491 881 501 729 1012 624 577 1142 679 1146 1139 904 268 757 872 370 480 507 689 61 745 779 921 1066 831 539 911 545 562 1212 896 897 498 1042 848 1014 763 327 678 970 299 852 599 1045 502 644 1029 699 1114 185 1158 734 664 1019 459 827 818 547 908 332 592 721 818 365 625 609 447 1041 788 775 669 286 594 709 205 435 586 874 268 630 231 158 527 694 648 591 770 708 879 102 848 586 460 576 575 691 145 694 348 103 1038 176 567 974 871 685 608 836 815 218 965 746 760 690 872 1130 567 783 351 853 989 579 673 303 519 784 771 675 845 1038 532 93 558 627 159 317 671 846 978 854 308 199 388 233 663 1192 424 947 765 946 360 1194 871 543 719 846 771 405 892 745 21 733 208 702 188 818 628 595
1096 943 1016 404 942 851 850 1072 809 359 681 830 668 518 461 702 939 498 524 547 922 0 849 674 771 294 291 467 96 552 500 513 345 534 619 229 542 607 610 1088 719 579 235 749 733 997 138 249 448 658 620 531 651 600 908 840 842 584 220 241 1134 650 523 833 801 459 789 908 933 848 894 922 746 253 361 666 617 813 513 1016 612 714 330 1008 1159 794 991 313 610 818 290 872 879 855 701 685 692 536 1108 652 299 524 919 452 826 825 467 881 1207 863 1053 940 416 250 870 720 144 919 679 875 755 239 396 818 906 621 492 506 724 122 811 763 679 332 494 670 805 324 942 647 517 582 263 678 927 846 275 735 423 497 545 871 679 628 601 860 577 212 857 989 1035 479 673 926 1252 614 859 1037 224 767 911 958 376 654 541 830 899 781 262 568 401 252 363 867 866 1125 1038 561 554 721 334 782 229 1036 829 832 893 355 59 974 258 532 398 852 716 347 962 1170 681 620 720 1090 451 631 101 471 470 593 643 499 1292 958 305 583 598 586 935 383 576 915 967 677 1104 767 841 880 941 533 838 451 862 635 992 506 150 1013 829 874 474 589 854 958 548 740 1230 908 194 720 691 761 480 423 1140
269 244 167 464 256 219 259 223 446 507 433 424 540 594 639 626 623 553 449 302 549 849 0 567 274 691 682 674 759 477 517 597 677 327 355 745 403 311 490 255 374 530 654 176 243 365 778 756 593 677 632 543 610 297 575 447 40 338 762 618 308 278 355 493 183 396 578 404 105 528 54 389 590 596 667 351 434 232 380 377 270 617 679 260 331 348 141 542 433 284 682 542 139 558 491 174 409 332 272 570 612 325 621 408 654 646 554 285 362 335 326 129 586 731 498 257 749 377 618 289 93 698 663 36 705 460 533 372 572 731 507 253 312 517 605 361 330 635 507 209 341 623 590 675 382 661 575 175 697 425 437 275 169 469 436 42 332 652 185 144 185 501 592 239 405 270 263 188 643 380 142 108 583 506 315 319 396 70 592 298 457 603 492 342 448 342 190 327 295 134 515 472 692 326 558 526 377 601 874 322 605 319 537 276 561 683 204 330 234 436 676 251 464 344 749 638 381 290 401 368 443 225 546 431 625 266 470 513 283 688 288 222 330 482 321 246 376 521 316 404 695 265 398 413 781 292 708 331 388 321 309 225 407 399 381 529 735 453 236 590 471 426 300
819 798 671 550 808 395 362 735 888 556 799 883 27 157 815 958 1079 767 687 443 1019 674 567 0 733 738 385 231 634 162 191 162 764 378 681 455 243 619 102 802 777 103 638 630 677 912 704 765 764 114 87 783 916 590 238 905 594 283 469 474 696 307 561 935 680 503 973 314 670 968 572 902 73 526 766 718 150 360 312 454 567 958 349 827 718 805 653 534 155 770 725 208 692 993 857 533 158 538 696 22 651 457 245 384 161 157 211 806 801 316 892 696 732 743 957 309 676 342 51 361 516 435 788 533 243 122 191 561 49 568 159 320 693 483 181 730 275 703 298 517 389 109 544 108 899 180 485 393 279 630 204 367 479 110 742 541 298 485 717 637 698 699 25 447 848 350 778 711 601 814 705 634 303 839 396 804 897 539 552 373 524 476 422 315 919 636 718 576 449 467 466 892 683 889 979 172 880 694 657 440 579 421 298 351 919 335 517 752 344 146 112 790 291 681 592 212 482 345 744 537 895 495 519 176 98 489 968 608 392 1113 841 361 611 133 308 775 900 765 806 400 205 596 411 275 532 856 187 329 524 300 328 495 665 181 839 998 703 840 337 966 245 458 830
380 182 388 371 178 474 510 412 174 414 173 158 705 701 431 359 361 345 263 314 292 771 274 733 0 537 701 760 675 597 614 703 506 377 155 743 507 167 636 380 107 663 542 111 55 228 665 606 397 827 774 323 351 184 807 181 235 453 758 583 551 428 257 223 92 336 304 655 269 259 322 176 776 531 491 118 582 472 451 649 188 348 714 253 570 77 369 465 578 48 532 769 175 288 223 200 591 256 507 728 482 316 849 424 855 848 639 110 568 582 285 253 406 585 235 452 641 634 781 544 247 695 475 279 919 611 629 272 753 671 721 470 92 467 703 121 560 482 755 216 376 753 514 831 177 867 529 371 767 275 549 530 256 623 209 316 439 617 123 384 390 318 755 509 599 382 88 381 547 106 205 342 627 249 357 73 166 239 512 369 381 564 476 589 190 605 376 220 306 282 475 198 565 266 285 745 151 446 812 593 513 340 584 526 291 725 478 554 398 586 845 391 522 142 682 727 339 389 163 287 624 500 478 563 761 259 235 389 348 418 198 379 597 686 563 113 184 305 78 411 901 156 666 494 752 248 903 582 314 435 556 499 228 600 570 271 610 183 409 316 551 393 435
901 718 855 238 715 767 779 901 536 206 412 561 722 606 167 408 649 215 273 421 638 294 691 738 537 0 432 597 215 581 547 603 51 445 382 416 526 394 646 896 462 635 106 549 513 749 157 69 160 767 717 247 358 400 938 568 671 535 420 282 998 583 335 553 590 312 498 879 752 564 743 663 810 215 66 420 626 737 467 955 423 421 470 788 1021 540 830 207 619 579 12 898 679 567 420 517 689 359 963 719 91 392 963 385 899 895 534 643 1051 817 822 751 135 50 591 653 151 879 762 812 603 388 101 668 981 643 548 319 783 262 834 695 445 258 589 421 765 56 943 484 425 679 195 783 670 918 255 633 569 272 550 803 535 653 339 715 522 290 644 835 868 219 747 836 1091 529 625 866 145 507 712 797 452 371 441 582 638 622 186 476 256 272 319 823 594 1013 865 365 424 585 274 504 74 802 541 859 635 92 351 904 159 419 443 787 426 490 851 1022 597 630 819 902 451 395 254 584 334 512 385 325 1125 857 220 589 694 434 663 180 473 620 734 585 996 787 793 650 686 255 592 373 943 435 944 486 368 785 921 825 311 531 801 856 310 731 1065 626 99 446 611 469 495 317 951
950 841 838 359 845 623 611 900 799 331 678 809 381 227 564 774 968 555 522 402 929 291 682 385 701 432 0 179 267 281 224 222 474 357 578 74 302 537 330 937 690 294 326 639 650 925 346 433 526 369 329 582 723 517 621 826 688 360 91 156 928 430 448 836 696 367 830 642 781 861 716 875 456 231 483 627 349 582 303 764 514 781 40 895 953 750 814 281 344 749 421 587 754 877 720 550 424 444 910 362 370 391 630 285 535 533 186 805 1016 608 952 797 488 417 869 490 323 659 388 631 594 53 515 647 615 347 213 436 434 198 528 529 623 251 203 635 551 421 664 515 347 291 256 388 876 554 203 532 141 471 288 629 522 351 600 680 359 142 750 807 861 502 382 695 1063 415 778 868 288 738 780 784 107 683 373 772 858 622 264 384 337 172 225 611 848 901 871 483 410 549 238 785 362 940 856 548 846 430 272 729 286 378 148 609 761 60 745 973 470 351 430 934 221 585 220 180 362 394 626 417 1107 735 263 321 307 455 913 385 401 971 876 473 877 487 588 790 885 573 778 294 571 545 733 276 147 911 539 620 391 372 604 735 524 473 1045 911 364 723 475 810 229 308 982
942 871 811 472 878 558 536 875 886 458 775 890 237 90 712 900 1068 687 633 446 1020 467 674 231 760 597 179 0 446 200 156 84 634 384 664 238 271 612 217 927 773 171 491 677 705 971 525 606 668 191 159 710 852 586 469 910 689 336 250 315 871 397 531 928 733 455 940 529 779 958 696 937 296 384 641 709 261 518 312 663 573 904 139 915 895 821 789 418 258 805 585 440 773 978 826 580 324 518 862 209 524 446 470 341 365 365 122 854 969 512 977 799 631 589 958 438 500 552 220 547 598 232 670 637 442 244 140 524 278 378 388 467 696 375 71 720 460 577 528 551 384 124 408 211 937 385 348 503 48 577 236 549 537 242 704 660 344 312 782 777 836 627 222 624 1017 408 826 846 452 818 794 763 154 796 404 833 925 625 416 399 447 325 325 513 929 827 851 559 454 548 358 879 531 969 959 404 911 579 440 639 442 420 186 529 877 119 686 922 441 260 254 920 238 669 400 35 441 392 721 501 1063 669 400 249 139 501 988 515 419 1083 911 451 802 354 497 831 943 698 838 356 398 605 625 270 317 938 363 525 479 354 516 669 625 368 1003 1000 538 820 441 926 211 396 966
1003 846 926 308 846 774 775 981 715 263 586 735 624 482 379 618 850 408 428 458 830 96 759 634 675 215 267 446 0 498 449 478 266 451 523 225 475 511 559 994 623 534 140 654 637 900 81 186 360 634 590 441 566 504 860 746 750 509 223 169 1048 573 428 740 705 366 700 844 840 756 805 826 707 163 280 570 558 737 437 945 517 629 307 912 1073 698 901 219 551 721 208 822 785 764 609 593 631 441 1021 612 205 434 876 370 791 789 422 785 1119 794 956 846 326 179 777 644 67 852 645 802 665 214 316 728 872 566 444 410 683 68 760 687 583 243 460 574 737 236 886 555 432 552 169 652 831 811 191 653 407 400 483 797 589 574 506 772 501 149 762 900 944 385 636 848 1163 533 762 946 128 672 816 868 330 562 456 733 803 690 168 484 307 175 281 798 771 1044 947 465 464 633 247 688 143 939 739 783 797 264 143 901 161 445 342 778 627 327 880 1083 601 562 693 997 384 535 48 443 378 512 548 404 1202 878 213 523 568 494 841 286 491 829 871 596 1023 715 771 783 845 442 742 367 830 539 923 436 161 917 800 804 379 513 783 878 452 678 1140 816 119 626 612 673 419 333 1047
744 687 611 388 695 360 341 675 743 394 646 741 141 116 653 799 932 605 527 292 875 552 477 162 597 581 281 200 498 0 56 120 605 226 529 355 91 469 64 729 630 67 484 503 541 794 562 612 602 232 178 621 756 440 363 762 496 148 372 331 673 199 404 788 557 343 819 361 583 821 496 772 230 374 606 569 68 319 155 484 421 800 256 726 697 666 589 375 63 639 569 325 585 844 703 404 143 383 662 147 493 303 383 222 320 316 97 681 770 329 790 605 570 590 813 237 532 378 198 356 407 323 627 441 401 68 70 402 203 437 262 268 548 324 129 581 273 544 389 381 234 156 389 240 770 338 332 304 233 470 48 356 355 76 586 461 159 348 601 577 636 538 177 429 817 221 653 646 449 670 603 563 178 682 246 670 763 434 398 228 362 330 263 331 778 633 652 423 299 357 307 743 531 783 829 285 748 533 546 453 424 269 155 337 763 250 487 723 243 70 263 721 130 530 461 166 322 210 591 379 863 472 361 48 163 343 832 446 249 961 729 255 609 216 310 655 774 604 674 238 366 451 452 115 424 751 349 341 364 166 328 472 508 191 803 855 554 689 242 810 86 296 766
785 717 656 371 724 413 396 721 751 370 648 752 177 87 631 792 938 590 519 302 885 500 517 191 614 547 224 156 449 56 0 88 574 237 533 299 115 476 110 771 638 87 447 526 559 819 517 574 582 235 180 608 746 448 410 773 532 179 316 285 725 241 403 795 581 334 819 417 622 827 540 791 263 335 577 575 125 372 163 541 431 794 200 759 749 679 634 344 120 658 535 373 617 849 703 427 199 385 712 172 461 308 427 213 352 348 42 704 820 385 822 642 547 552 823 286 487 434 217 412 441 268 601 480 434 122 16 399 237 386 311 320 557 294 90 586 329 514 442 401 241 149 353 247 790 371 293 347 183 462 80 412 382 128 583 504 188 300 628 623 681 524 200 483 868 251 675 690 410 680 637 607 124 678 257 688 780 468 361 247 344 286 234 388 790 688 696 426 309 391 277 748 492 814 832 333 765 506 492 509 388 277 108 392 760 194 540 774 284 127 277 764 109 535 411 121 316 236 593 376 913 526 329 101 161 356 846 425 268 961 757 294 664 267 367 679 794 593 692 229 395 463 508 120 368 783 374 398 358 197 384 525 504 248 853 864 513 692 285 808 67 282 810
864 803 730 447 811 474 451 795 839 441 734 840 161 5 701 873 1025 666 601 390 973 513 597 162 703 603 222 84 478 120 88 0 635 326 619 292 201 563 133 849 726 87 499 614 648 907 552 622 654 163 114 687 826 536 400 861 615 264 307 327 787 319 489 883 669 417 904 446 703 914 617 879 233 388 640 663 176 434 252 580 520 875 186 844 811 768 709 409 174 747 591 368 702 935 788 515 239 472 778 139 523 395 407 297 313 311 73 792 886 427 907 724 618 602 911 356 525 469 167 462 526 274 666 561 394 159 75 484 211 411 312 383 646 361 19 674 375 576 451 489 329 76 409 179 878 333 348 424 126 544 161 464 469 158 667 582 273 333 715 696 756 602 159 540 933 337 764 766 461 768 722 684 153 762 346 777 869 552 418 336 421 333 304 429 879 742 772 513 398 475 343 835 543 900 919 330 854 572 495 554 444 365 163 445 843 172 602 838 363 176 217 841 192 623 435 54 400 323 679 461 979 585 392 167 91 445 935 498 356 1047 844 375 717 275 412 767 883 672 781 313 352 552 542 209 369 868 323 440 441 282 431 584 588 283 920 952 557 779 362 892 154 362 886
876 688 838 241 684 767 782 882 493 216 371 519 746 637 116 357 600 172 244 421 592 345 677 764 506 51 474 634 266 605 574 635 0 452 353 462 543 373 669 872 425 661 148 527 486 712 208 110 116 799 748 203 307 381 957 525 655 547 467 321 985 590 324 508 565 312 449 888 732 517 730 624 834 249 16 388 646 739 482 957 407 370 511 759 1008 503 814 230 638 546 57 916 655 520 375 504 706 350 949 746 112 392 983 399 924 920 565 609 1034 824 789 729 99 98 546 659 202 886 791 815 591 432 50 656 1006 664 577 308 808 311 853 700 415 281 622 387 773 60 956 472 432 711 227 814 631 943 288 632 608 252 571 806 526 675 302 703 533 332 617 820 850 188 774 835 1073 534 593 847 186 468 688 781 486 326 446 547 598 609 218 481 262 309 342 830 551 1006 845 349 423 578 297 459 123 769 494 878 596 80 403 905 192 422 473 791 378 531 845 1007 600 650 849 880 474 366 304 619 336 518 349 318 1105 852 245 609 725 427 620 178 476 570 702 587 989 806 800 619 648 213 556 386 969 415 949 504 417 754 949 831 307 541 806 852 283 745 1046 580 150 403 614 420 519 327 928
592 491 489 211 496 327 335 549 516 239 421 515 353 324 469 582 705 406 315 65 649 534 327 378 377 445 357 384 451 226 237 326 452 0 303 417 136 242 276 580 403 294 374 293 321 586 487 496 416 459 405 416 542 214 521 536 330 103 435 296 599 137 184 562 350 144 594 436 424 594 366 553 435 289 448 342 230 294 74 511 194 582 359 541 624 442 464 251 224 421 434 480 398 617 479 197 270 160 574 368 354 80 555 82 523 517 263 469 676 372 600 439 390 471 587 208 456 434 421 367 237 370 460 293 599 257 251 186 409 412 419 250 321 210 326 354 321 395 508 166 20 380 290 466 553 539 260 202 395 260 178 359 164 269 364 330 87 328 400 460 510 337 397 400 722 85 441 515 351 444 423 433 264 461 19 450 542 264 295 33 190 282 171 378 553 593 518 198 72 193 203 516 419 590 603 445 528 372 553 461 316 43 219 342 541 366 429 637 154 235 486 578 149 304 433 351 119 66 366 164 763 428 247 202 389 118 609 275 44 735 529 146 572 374 348 447 558 397 455 83 570 226 498 117 454 560 562 380 158 93 355 427 289 302 701 629 456 463 167 587 174 129 627
524 336 503 228 333 509 538 539 223 268 117 231 655 619 290 295 405 202 109 238 356 619 355 681 155 382 578 664 523 529 533 619 353 303 0 612 439 63 579 521 111 596 388 184 134 377 510 451 250 761 707 188 266 93 799 248 324 399 625 446 659 399 132 264 214 212 291 674 389 294 409 306 736 387 339 49 532 495 374 699 121 291 596 406 681 177 480 321 526 200 376 759 305 316 177 205 559 147 619 671 327 226 838 323 821 815 550 264 694 601 441 382 253 430 294 446 487 659 725 573 289 565 326 344 894 559 544 142 710 525 703 476 62 331 616 57 565 327 765 193 294 680 368 769 310 836 391 382 663 122 481 561 253 571 82 391 384 478 264 490 511 164 701 562 730 342 244 505 395 159 338 448 519 169 284 210 285 296 365 309 243 427 354 608 270 697 502 106 232 300 342 216 410 422 300 729 277 290 663 643 363 260 479 552 244 610 550 672 383 536 790 530 428 13 534 634 223 340 64 163 759 565 336 505 690 195 335 236 291 432 354 365 685 662 579 268 322 167 218 308 868 102 706 416 612 404 863 604 188 384 577 565 72 580 702 336 454 160 398 287 466 272 577
1010 892 904 386 895 695 684 965 829 352 704 842 453 297 561 784 990 564 545 456 957 229 745 455 743 416 74 238 225 355 299 292 462 417 612 0 373 577 405 998 723 367 314 689 695 970 307 405 528 430 394 593 732 559 692 857 748 429 17 168 998 499 487 863 746 407 848 717 842 886 781 914 525 238 473 661 424 654 369 838 559 792 105 949 1023 787 879 299 418 791 406 659 809 900 742 605 499 487 979 432 367 441 700 340 601 600 260 850 1084 682 1003 855 490 393 898 562 289 733 454 704 655 48 507 710 680 421 287 473 504 159 601 601 661 280 273 668 625 414 737 569 405 357 263 449 916 621 222 599 193 498 362 703 581 426 624 745 428 140 801 873 926 518 451 768 1131 481 824 931 278 771 836 848 181 702 431 812 896 682 269 446 368 186 268 685 880 973 935 523 464 611 269 811 342 990 878 620 885 429 203 803 286 433 219 683 777 121 816 1042 538 426 492 996 289 620 177 245 406 459 655 456 1174 807 281 395 373 507 947 401 461 986 924 540 949 560 662 838 927 587 819 347 636 589 807 346 79 963 601 694 429 441 678 806 553 547 1112 939 335 748 545 826 301 351 1045
672 602 547 315 610 321 312 611 652 328 557 650 219 198 580 714 841 527 444 202 784 542 403 243 507 526 302 271 475 91 115 201 543 136 439 373 0 379 141 658 539 158 437 414 451 706 530 565 529 323 269 541 673 350 413 671 418 65 391 305 627 131 317 697 469 261 730 368 507 730 428 682 305 332 543 478 103 280 68 474 330 714 288 644 651 575 524 318 96 549 514 372 502 754 615 315 163 295 610 232 435 214 440 147 395 389 151 592 717 320 707 528 498 541 722 188 499 377 285 334 326 332 561 366 473 126 131 317 278 421 309 227 457 268 205 490 263 484 419 291 145 246 343 330 680 411 292 237 294 387 42 331 268 138 498 392 72 330 514 514 571 458 262 394 765 136 564 580 405 579 522 496 194 595 155 580 673 353 350 138 289 299 209 324 687 599 585 333 208 276 254 652 484 699 739 334 657 468 546 434 375 179 154 312 676 288 443 673 174 108 350 652 91 440 445 236 239 122 502 293 809 433 308 69 254 252 741 376 158 871 643 181 576 262 298 567 684 523 584 161 441 360 449 40 430 668 430 331 281 82 311 433 421 207 748 764 512 599 177 722 73 222 698
506 335 467 204 334 450 478 509 275 248 180 278 593 562 327 358 463 242 137 176 409 607 311 619 167 394 537 612 511 469 476 563 373 242 63 577 379 0 518 501 162 537 383 154 126 395 508 462 281 702 647 234 327 29 735 298 284 337 592 415 619 335 90 319 197 170 354 611 359 351 365 337 673 364 361 99 469 434 314 641 58 354 553 402 641 212 443 298 464 215 387 695 285 375 241 149 495 94 581 610 328 167 774 271 758 751 495 277 661 539 445 356 277 439 347 382 483 598 663 513 236 529 353 296 830 497 488 105 647 504 639 413 85 299 561 111 502 338 702 132 235 621 348 709 339 772 361 321 613 122 421 501 193 509 141 343 321 449 253 451 478 190 639 506 700 279 252 474 384 206 317 411 470 232 223 235 320 247 346 246 213 397 312 546 317 651 472 54 170 241 308 273 411 428 360 665 309 302 646 586 349 200 429 491 307 566 499 636 320 474 729 508 374 62 516 581 176 277 127 120 732 512 310 443 631 131 378 229 228 493 360 301 637 598 517 272 349 212 242 256 805 46 646 357 585 406 800 542 147 321 515 511 95 517 673 389 456 221 334 351 409 228 556
