168
0 717 464 400 151 394 535 174 248 453 440 592 355 334 190 440 608 150 448 566 478 654 193 203 271 262 308 635 218 309 625 650 319 440 213 557 632 452 353 520 613 388 632 595 435 148 491 354 339 568 219 627 440 388 550 501 95 346 501 460 394 517 531 237 436 81 400 58 221 427 516 219 512 203 486 4 383 545 373 292 405 655 625 396 350 455 364 267 531 424 377 230 122 521 290 597 466 474 499 267 692 173 133 647 346 560 590 340 313 178 706 44 437 469 477 400 77 204 441 529 360 619 124 412 351 445 524 586 528 476 475 9 390 96 436 529 588 159 364 550 465 237 219 291 119 421 115 514 431 335 104 128 600 221 469 475 323 626 717 306 446 484 411 263 372 265 172 441
717 0 337 1096 778 1101 1184 787 533 1082 378 125 486 777 821 774 205 817 368 981 1102 758 552 920 880 971 975 1335 547 758 896 923 1019 1105 902 160 872 398 919 658 194 352 1330 835 374 592 784 951 453 1024 615 911 948 726 1044 1216 680 1062 909 869 804 213 735 893 486 684 575 686 935 738 974 645 1144 754 238 721 664 1214 934 814 422 62 698 1109 1067 321 545 464 1231 293 1044 844 754 587 437 925 1061 546 944 631 991 666 737 891 692 918 711 681 487 593 943 692 962 280 888 697 787 549 711 1175 424 107 841 639 368 284 1072 151 957 243 1187 707 1087 799 619 1201 887 876 736 173 1151 805 751 707 598 890 807 1206 293 1027 662 790 1025 740 978 1090 1022 1013 940 854 699 234 1028 526 1090 874 547 1000
464 337 0 796 477 810 990 591 391 898 375 251 152 657 621 705 370 599 30 644 922 798 369 652 696 726 764 1099 384 426 874 903 784 899 675 221 863 406 760 662 366 273 1097 820 365 317 736 626 368 927 301 885 612 646 930 957 397 803 571 531 705 140 722 686 477 465 532 456 661 673 636 495 960 439 139 468 326 1006 604 664 86 280 743 856 799 322 207 202 995 184 733 655 460 609 187 880 896 551 846 507 966 360 536 882 355 583 735 344 168 415 943 455 827 283 800 630 518 375 660 983 107 232 586 591 171 111 932 288 867 207 936 456 788 523 588 991 851 615 399 178 929 632 585 375 352 774 525 978 125 727 452 499 943 421 642 915 727 948 946 527 364 164 704 216 820 557 327 667
400 1096 796 0 320 51 495 453 645 488 839 974 651 624 432 740 1005 392 771 487 509 984 592 217 463 261 378 431 616 418 895 913 294 417 337 938 915 851 531 870 1010 785 439 888 835 503 792 231 738 741 495 890 350 708 699 259 416 199 469 458 673 885 856 396 826 465 773 450 192 743 423 587 514 360 858 395 554 460 281 552 717 1033 970 234 158 854 620 631 359 808 91 452 341 889 658 846 543 852 707 634 931 436 463 924 504 536 928 508 628 573 972 439 608 865 718 732 322 603 769 496 690 991 300 766 729 813 630 976 736 862 275 409 9 305 797 443 855 262 482 923 374 501 526 453 508 647 292 380 803 69 492 305 785 382 353 522 76 830 987 312 583 861 190 580 152 253 567 284
151 778 477 320 0 333 605 310 381 541 557 658 336 482 316 591 703 267 453 417 567 806 319 201 392 299 390 654 350 178 774 799 366 508 293 622 783 575 476 670 706 485 655 746 550 190 642 209 462 700 178 776 288 540 676 496 107 349 354 316 542 566 683 340 572 233 546 209 200 579 364 370 594 69 540 150 288 601 223 433 400 715 775 406 335 559 316 314 555 495 267 355 32 667 341 744 568 617 637 417 838 117 280 797 241 417 741 239 310 318 856 194 564 562 621 551 110 332 593 601 371 673 178 562 415 494 638 664 666 549 483 155 311 95 585 583 737 184 243 604 511 376 366 181 214 560 78 550 484 251 253 38 735 95 317 569 250 766 867 154 340 544 275 261 353 118 275 292
394 1101 810 51 333 0 444 427 634 440 830 978 669 593 404 709 1002 367 787 534 461 954 584 198 428 224 337 384 606 449 858 875 250 368 305 942 879 840 492 844 1007 782 391 853 826 509 759 272 728 697 511 853 395 679 654 210 421 152 514 500 640 893 826 361 810 453 753 440 175 714 471 569 464 380 865 389 584 409 323 520 733 1038 942 183 111 849 642 638 309 811 137 420 351 867 664 808 497 832 667 614 891 450 443 888 533 581 900 537 643 561 934 430 566 863 681 705 318 594 741 445 704 998 284 742 733 820 583 977 696 864 225 403 49 303 773 392 818 246 514 929 323 471 500 480 507 609 294 329 809 91 480 313 742 404 401 474 84 788 949 347 617 866 239 594 102 282 565 332
535 1184 990 495 605 444 0 403 651 104 824 1060 890 434 370 505 1021 391 977 951 92 727 639 410 304 307 226 225 639 779 569 573 241 97 322 1030 601 817 276 676 1030 832 210 594 824 681 538 676 734 346 748 556 805 517 294 279 622 303 913 887 440 1013 621 303 746 524 658 533 422 531 887 539 53 674 980 532 892 59 725 377 938 1128 744 260 341 870 896 788 178 904 569 341 597 732 804 505 150 727 366 558 559 693 456 600 846 981 698 844 847 594 625 535 276 905 412 551 508 640 567 9 890 1101 432 612 848 948 210 1035 383 945 239 542 491 515 645 66 534 420 847 1039 121 379 433 786 637 359 527 136 930 501 540 567 390 700 819 111 478 442 642 711 945 969 670 798 343 638 665 756
174 787 591 453 310 427 403 0 257 307 446 662 508 180 34 296 639 61 581 726 330 534 237 237 106 219 188 551 240 480 471 494 245 318 133 630 483 447 180 417 647 436 544 450 445 299 349 487 348 394 388 470 591 256 376 456 268 319 665 627 238 610 406 106 398 129 330 144 263 294 672 157 369 372 577 173 557 428 517 122 547 729 517 350 342 483 527 390 449 502 464 63 286 440 404 436 306 409 327 194 529 347 54 496 521 727 476 514 461 193 552 152 263 512 311 279 202 238 317 395 496 700 166 314 445 545 354 641 356 545 419 176 444 223 346 414 432 196 537 637 365 65 73 465 245 250 245 420 527 403 139 277 426 392 618 323 384 455 564 462 620 567 527 415 364 407 264 578
248 533 391 645 381 634 651 257 0 550 197 409 367 268 291 317 383 295 391 760 570 462 63 436 347 460 444 808 31 485 496 524 498 572 381 379 490 205 390 319 391 181 802 448 194 227 354 590 94 537 329 505 655 257 543 705 278 558 687 643 313 372 358 363 191 181 181 195 458 288 721 113 612 406 339 252 497 682 601 287 378 477 419 597 572 227 415 219 706 258 626 311 349 296 217 494 533 241 455 116 583 330 212 508 481 734 395 471 320 73 570 207 446 256 409 246 326 49 281 642 323 452 351 222 222 316 554 385 476 295 671 240 636 345 232 669 469 389 516 392 622 272 218 446 174 386 363 677 297 583 154 369 551 412 687 559 570 557 576 524 563 324 654 296 596 499 123 671
453 1082 898 488 541 440 104 307 550 0 720 959 806 330 277 405 917 304 887 914 26 634 542 360 204 259 150 313 539 719 485 493 201 80 248 930 515 713 171 575 926 731 300 505 721 596 441 641 631 277 671 474 768 413 228 319 545 288 869 839 338 915 523 216 642 433 554 444 377 430 851 437 62 611 882 450 824 151 687 273 851 1027 647 263 330 767 817 696 241 805 551 244 529 629 712 424 63 623 279 455 488 619 362 517 780 937 601 777 762 496 548 448 181 803 320 448 437 541 466 95 801 1002 364 509 752 851 148 933 301 845 273 459 483 448 541 146 449 360 785 940 151 277 331 720 548 261 463 196 834 480 446 503 324 636 785 33 456 374 565 662 881 871 646 713 338 591 572 726
440 378 375 839 557 830 824 446 197 720 0 269 428 402 480 396 197 490 390 897 737 427 247 633 525 656 631 996 224 625 533 561 691 753 575 252 514 31 551 301 206 106 988 473 9 377 409 763 102 646 459 546 810 347 665 901 450 755 821 776 425 286 372 552 114 377 197 390 655 360 866 291 780 567 261 444 598 860 766 447 406 333 371 793 770 63 490 298 895 192 814 495 526 239 278 554 692 185 565 265 627 481 406 533 598 857 368 586 392 270 591 401 587 111 510 319 517 236 334 815 361 325 547 261 225 267 696 227 578 189 865 431 830 536 245 849 518 586 639 286 808 448 395 579 343 512 552 864 250 775 351 552 647 567 843 723 764 638 591 685 659 235 832 393 793 674 282 837
592 125 251 974 658 978 1060 662 409 959 269 0 386 659 696 665 144 691 280 890 979 676 426 795 756 846 850 1209 422 653 800 827 893 980 776 36 779 293 797 564 136 228 1204 739 264 471 679 839 333 913 502 814 845 614 929 1091 558 937 816 774 689 110 638 768 382 558 467 560 811 629 878 522 1021 639 124 597 571 1090 825 693 329 67 617 984 942 208 450 344 1105 168 926 720 634 496 317 823 940 448 832 511 894 550 612 798 593 832 624 582 379 468 853 566 844 163 777 587 663 423 604 1052 318 59 716 531 245 171 954 55 846 117 1061 583 966 675 514 1076 787 751 638 72 1026 681 627 601 473 774 684 1080 176 906 536 669 916 627 876 967 900 907 852 744 614 114 915 413 965 758 421 892
355 486 152 651 336 669 890 508 367 806 428 386 0 611 533 682 483 502 124 505 831 819 323 524 613 607 664 978 349 273 863 892 670 796 568 352 858 457 686 676 482 322 977 816 418 210 721 474 382 877 158 872 461 621 872 828 273 676 430 388 666 277 724 590 508 379 539 364 530 654 491 448 866 291 263 358 186 900 451 601 67 426 770 731 667 391 65 148 875 265 584 571 324 637 157 858 813 578 799 474 949 219 454 876 207 451 752 195 48 364 938 359 763 366 761 613 394 334 649 884 72 379 467 587 203 218 861 413 824 309 811 348 643 396 593 883 835 492 251 318 817 560 519 222 263 723 394 863 220 583 374 362 900 271 492 827 585 913 944 374 237 280 552 93 687 407 264 515
334 777 657 624 482 593 434 180 268 330 402 659 611 0 192 117 598 239 655 899 344 361 291 412 173 371 287 631 272 642 292 317 372 380 288 634 303 390 158 262 607 435 621 270 404 421 169 666 326 269 523 294 768 91 274 579 419 465 835 794 60 637 233 233 314 261 224 285 439 121 846 164 386 537 604 334 699 479 695 74 635 726 352 481 496 456 645 470 541 523 642 172 454 304 475 264 293 293 189 152 358 496 201 317 669 894 308 661 562 247 374 298 185 497 150 123 379 283 152 424 580 708 346 180 490 584 295 625 212 553 535 333 615 400 213 471 255 375 692 653 446 123 115 619 358 118 422 502 565 579 252 451 288 554 795 327 559 303 386 636 764 587 708 525 516 584 346 757
190 821 621 432 316 404 370 34 291 277 480 696 533 192 0 310 673 50 610 729 300 551 270 220 81 190 153 517 274 491 478 499 212 285 103 664 492 481 163 440 681 470 510 461 479 324 362 482 382 383 408 476 591 275 362 424 285 289 670 633 246 643 423 72 429 156 359 169 246 311 673 190 338 381 610 189 574 394 515 126 575 763 538 318 315 517 550 419 415 535 450 39 294 466 435 438 279 437 321 226 531 364 86 504 535 733 495 530 488 227 558 175 249 547 311 300 206 272 337 363 525 734 158 340 477 577 333 676 351 579 386 194 424 225 372 380 438 183 550 670 330 69 98 479 272 246 246 386 560 387 169 281 419 402 616 294 366 450 571 464 636 601 518 441 337 405 295 573
440 774 705 740 591 709 505 296 317 405 396 665 682 117 310 0 580 356 708 1007 413 246 359 530 283 486 393 717 332 744 187 214 481 468 404 645 191 376 246 170 590 456 705 155 401 509 52 781 346 251 614 192 879 60 278 682 520 577 940 899 71 662 122 347 288 363 198 387 556 35 956 240 453 642 631 441 789 556 808 188 696 730 246 589 609 457 724 535 634 550 760 288 562 231 535 176 356 242 175 207 267 593 312 207 764 997 200 755 634 322 267 401 230 503 116 78 491 348 67 495 641 719 463 135 534 619 328 624 183 571 637 438 732 513 159 551 154 492 790 672 538 240 228 717 445 147 535 592 600 697 349 562 251 658 907 394 676 245 277 746 855 611 824 603 629 697 421 871
608 205 370 1005 703 1002 1021 639 383 917 197 144 483 598 673 580 0 679 397 986 935 553 421 809 721 842 825 1190 405 731 693 719 882 949 765 157 668 207 748 455 11 220 1183 631 196 512 585 899 291 832 569 708 923 537 855 1088 596 939 910 867 617 234 532 745 291 557 383 565 828 544 966 486 977 697 231 612 670 1057 892 644 436 182 493 980 951 156 549 400 1089 222 969 690 674 383 373 724 889 345 754 462 787 607 595 687 683 934 506 671 464 453 738 574 782 140 696 506 684 413 514 1012 411 201 725 445 299 268 891 90 764 174 1054 598 996 700 422 1046 685 762 728 206 1003 645 591 680 497 705 713 1059 263 938 531 705 829 690 955 920 930 814 735 810 720 207 973 486 974 813 438 962
150 817 599 392 267 367 391 61 295 304 490 691 502 239 50 356 679 0 586 678 330 595 264 176 125 166 165 518 274 443 527 549 203 300 85 658 541 494 209 478 686 469 512 509 488 292 408 431 389 433 369 526 540 317 409 410 244 266 620 583 295 631 466 88 450 136 387 142 202 355 622 207 365 332 599 147 530 408 464 175 547 757 578 302 286 522 513 397 414 527 404 87 246 499 415 489 316 466 372 249 581 321 84 553 490 684 537 485 457 226 608 144 297 548 362 340 156 269 378 384 499 726 107 375 464 563 376 675 402 574 375 155 383 174 405 393 488 135 503 660 336 118 134 433 246 297 195 389 547 342 155 231 469 355 566 326 323 501 621 414 591 591 469 409 309 355 278 523
448 368 30 771 453 787 977 581 391 887 390 280 124 655 610 708 397 586 0 613 911 809 365 632 687 708 751 1081 382 396 880 909 768 885 660 250 869 422 752 672 394 286 1079 827 381 300 741 598 376 925 276 890 582 648 926 937 377 784 540 500 704 170 730 674 489 454 540 443 640 677 606 492 949 413 166 452 296 992 575 658 56 311 755 837 778 341 177 191 977 202 707 645 438 622 180 883 887 563 844 507 970 336 526 889 325 552 746 314 144 411 950 442 822 304 800 633 498 372 665 970 87 263 568 597 177 133 926 317 866 230 917 439 763 503 596 976 856 596 368 208 913 625 578 346 339 772 504 962 144 703 442 476 942 394 612 904 703 949 953 499 334 190 676 194 799 530 319 638
566 981 644 487 417 534 951 726 760 914 897 890 505 899 729 1007 986 678 613 0 939 1212 698 554 799 654 770 918 731 275 1191 1216 715 860 684 857 1199 922 883 1072 985 800 925 1161 888 533 1057 274 821 1109 439 1193 146 954 1081 745 492 650 76 120 959 780 1093 740 945 644 939 620 536 993 63 777 956 365 768 565 319 928 227 849 562 924 1176 700 615 876 440 600 841 764 397 766 444 1057 624 1161 954 1002 1051 822 1255 430 697 1214 303 78 1146 315 522 712 1272 606 971 860 1037 962 524 712 1004 950 576 877 577 966 692 723 1032 919 1080 812 757 568 486 504 985 910 1154 565 259 820 836 791 783 318 588 975 483 856 725 456 661 449 1147 352 134 946 477 1180 1283 264 282 785 296 506 620 327 638 202
478 1102 922 509 567 461 92 330 570 26 737 979 831 344 300 413 935 330 911 939 0 637 564 386 227 284 176 311 561 745 483 490 225 95 274 950 514 729 187 584 944 751 297 505 739 621 447 666 650 269 696 472 793 425 218 330 570 310 895 865 348 937 529 241 657 457 568 469 402 439 876 457 42 637 904 476 850 145 712 290 876 1047 652 281 351 786 842 720 246 826 574 267 556 640 735 421 59 636 278 473 481 645 385 515 806 962 606 803 787 518 544 473 185 822 322 460 463 563 475 82 825 1022 390 521 774 874 135 952 298 866 286 485 504 474 553 144 448 386 811 961 161 298 351 746 573 267 489 201 856 503 469 529 314 662 810 20 479 366 560 688 907 892 670 738 358 617 595 750
654 758 798 984 806 954 727 534 462 634 427 676 819 361 551 246 553 595 809 1212 637 0 521 770 530 732 639 948 488 939 186 202 728 704 649 669 151 397 487 143 563 524 935 138 436 686 198 1006 437 408 790 203 1093 277 454 926 719 824 1141 1097 317 713 128 594 320 573 281 596 797 240 1166 435 674 848 688 656 959 783 1028 434 814 731 59 835 856 488 872 671 871 618 998 533 775 188 661 245 577 246 363 389 264 784 538 164 943 1192 67 933 774 500 197 611 452 535 315 257 716 507 217 718 762 736 698 246 633 693 527 625 351 616 881 650 975 738 229 780 205 730 976 709 776 483 461 905 626 375 760 828 675 937 553 782 380 859 1123 617 917 340 190 959 1025 663 1056 756 876 919 584 1095
193 552 369 592 319 584 639 237 63 542 247 426 323 291 270 359 421 264 365 698 564 521 0 389 337 423 423 782 33 422 542 570 467 555 350 394 539 260 392 378 427 205 777 497 242 165 400 528 146 560 269 549 592 298 561 669 215 518 625 580 343 373 412 342 254 135 242 144 409 332 657 127 604 342 340 197 440 665 538 295 344 493 480 561 529 265 365 179 679 265 568 298 287 359 184 534 532 304 480 151 626 267 185 557 422 673 454 412 275 46 619 154 457 285 439 292 270 14 331 631 289 463 304 277 210 310 563 410 503 309 637 184 583 289 291 651 512 342 455 399 599 267 217 385 110 407 306 653 292 528 111 309 580 348 623 554 516 590 626 460 506 330 593 244 553 437 64 608
203 920 652 217 201 198 410 237 436 360 633 795 524 412 220 530 809 176 632 554 386 770 389 0 265 103 216 455 409 369 694 714 169 315 138 760 711 642 344 653 814 590 455 681 629 336 582 286 531 567 368 691 409 493 534 305 254 152 508 479 466 717 642 198 611 255 556 244 26 530 493 371 407 268 687 198 489 402 328 344 583 858 754 207 148 654 513 464 354 627 231 245 202 672 488 650 399 634 520 416 740 307 245 722 441 576 713 440 489 363 773 235 429 671 522 516 135 398 554 407 545 820 85 549 553 645 479 789 550 679 286 213 208 128 579 384 654 47 437 752 311 289 310 381 321 452 130 349 632 167 282 166 609 295 429 392 147 648 787 302 538 686 307 438 170 231 375 375
271 880 696 463 392 428 304 106 347 204 525 756 613 173 81 283 721 125 687 799 227 530 337 265 0 204 115 474 335 568 432 450 199 228 128 726 451 521 85 435 729 528 465 425 525 404 333 543 431 310 490 428 658 264 284 407 366 293 743 707 213 710 404 67 459 235 378 249 291 294 741 236 266 458 677 270 655 336 580 99 654 823 525 308 326 568 631 495 377 600 495 42 372 473 509 385 200 454 255 260 474 445 160 461 615 807 481 610 567 291 510 256 173 601 257 295 281 336 325 295 602 797 222 346 547 647 252 732 286 641 364 275 455 298 379 324 392 238 629 735 286 76 130 558 351 187 318 342 629 427 244 355 348 480 682 218 404 384 524 535 716 666 572 521 345 472 369 634
262 971 726 261 299 224 307 219 460 259 656 846 607 371 190 486 842 166 708 654 284 732 423 103 204 0 122 373 437 472 634 652 66 211 86 812 655 660 270 628 849 629 371 629 653 408 536 382 554 485 455 629 508 460 446 246 334 99 610 582 417 777 605 138 616 288 549 285 118 493 592 373 303 368 745 258 588 301 427 297 663 910 723 138 125 686 603 529 269 679 304 199 296 657 551 585 302 628 447 413 670 397 250 664 540 678 680 539 569 389 711 280 349 709 457 487 213 429 522 304 620 876 140 530 609 706 385 833 476 728 215 271 253 215 562 283 594 117 539 809 212 252 288 480 380 386 223 256 691 233 312 262 528 394 526 291 209 571 726 405 639 741 393 518 146 333 425 468
308 975 764 378 390 337 226 188 444 150 631 850 664 287 153 393 825 165 751 770 176 639 423 216 115 122 0 364 428 569 525 540 90 134 98 818 548 629 157 549 833 624 357 526 630 455 440 501 534 363 523 518 625 379 324 291 397 190 723 691 322 795 515 81 571 301 493 308 236 407 709 340 206 460 762 305 673 243 544 214 712 917 638 195 228 670 670 563 265 688 426 136 379 589 581 472 183 569 330 370 553 470 238 555 629 790 593 626 620 381 599 309 229 700 347 410 287 426 439 220 664 887 213 462 628 727 263 829 358 733 248 315 371 297 495 228 485 210 634 822 177 187 237 569 412 276 312 233 711 355 318 352 407 485 645 179 331 451 614 514 730 753 515 571 244 445 443 589
635 1335 1099 431 654 384 225 551 808 313 996 1209 978 631 517 717 1190 518 1081 918 311 948 782 455 474 373 364 0 790 808 793 798 317 251 433 1177 825 994 475 886 1198 986 15 816 995 781 754 654 899 571 823 781 779 720 519 173 706 305 897 881 648 1147 836 444 933 652 850 653 454 740 855 705 277 718 1115 631 937 166 705 565 1035 1276 960 248 324 1035 969 902 104 1045 521 501 658 936 924 730 370 924 589 733 783 763 598 825 887 965 914 888 941 742 850 650 495 1064 632 754 584 786 775 234 994 1244 513 811 979 1077 435 1192 608 1092 172 644 432 582 845 167 758 486 876 1177 188 549 601 829 752 574 586 131 1062 468 673 622 615 744 785 331 451 667 867 717 980 1109 622 890 310 647 793 715
218 547 384 616 350 606 639 240 31 539 224 422 349 272 274 332 405 274 382 731 561 488 33 409 335 437 428 790 0 456 514 542 477 558 360 391 510 234 384 345 412 196 784 468 220 198 372 559 121 542 301 522 624 271 545 683 247 534 658 613 322 377 381 346 222 153 209 166 431 305 690 110 601 375 344 222 471 668 569 284 365 489 447 575 547 249 394 202 687 265 595 298 318 326 204 508 525 271 461 126 599 300 192 528 454 706 421 444 301 48 590 177 445 274 417 264 296 18 301 631 310 462 323 245 220 317 552 401 483 306 649 210 607 315 258 654 485 362 488 400 605 262 210 418 143 390 333 660 298 553 127 338 559 381 656 550 541 568 597 493 537 331 623 273 570 468 96 640
309 758 426 418 178 449 779 480 485 719 625 653 273 642 491 744 731 443 396 275 745 939 422 369 568 472 569 808 456 0 930 956 538 682 472 617 935 649 652 798 732 533 811 896 617 258 793 209 546 874 166 934 192 688 852 641 224 506 202 157 702 546 823 518 670 381 664 357 362 727 240 508 771 110 528 309 136 771 179 601 339 697 902 563 484 609 222 334 713 509 337 530 196 782 359 906 747 726 807 552 1001 155 443 951 86 254 873 92 273 439 1011 344 740 598 787 694 288 437 735 776 335 651 356 693 432 481 816 673 837 561 636 309 412 273 711 753 895 360 68 587 680 545 528 51 313 730 257 714 479 357 394 216 907 88 224 747 367 935 1021 109 171 541 285 245 498 166 362 242
625 896 874 895 774 858 569 471 496 485 533 800 863 292 478 187 693 527 880 1191 483 186 542 694 432 634 525 793 514 930 0 28 615 562 560 785 35 507 367 237 703 612 779 61 540 695 142 958 507 231 801 17 1061 246 280 796 706 715 1126 1085 233 815 161 499 418 549 344 573 720 209 1139 427 516 828 786 626 976 627 988 352 873 860 230 715 752 596 908 715 727 708 925 449 746 310 712 64 424 351 206 392 94 780 494 31 951 1184 197 942 816 508 81 587 308 644 177 250 671 530 215 559 819 857 635 284 703 780 360 752 185 719 749 623 887 693 290 627 40 661 977 819 635 409 408 904 632 249 715 682 761 858 536 744 197 844 1088 463 836 154 93 929 1042 763 996 787 769 877 605 1049
650 923 903 913 799 875 573 494 524 493 561 827 892 317 499 214 719 549 909 1216 490 202 570 714 450 652 540 798 542 956 28 0 630 571 578 813 52 534 383 264 730 640 784 87 568 723 170 980 536 230 828 23 1084 273 281 806 732 730 1151 1110 256 843 188 518 446 575 372 599 740 237 1163 455 520 853 814 651 1003 632 1011 373 902 887 250 729 768 624 936 744 734 736 944 469 771 336 741 69 431 378 216 420 68 806 518 37 978 1209 219 969 844 535 59 612 319 672 194 278 695 559 244 564 847 885 657 312 732 809 363 779 192 747 760 648 905 716 318 633 61 682 1004 847 644 431 432 930 659 265 738 690 790 877 562 768 192 870 1111 469 855 145 74 953 1070 791 1017 815 785 900 633 1072
319 1019 784 294 366 250 241 245 498 201 691 893 670 372 212 481 882 203 768 715 225 728 467 169 199 66 90 317 477 538 615 630 0 146 117 860 638 692 247 634 889 672 313 616 689 467 529 441 591 447 520 608 569 463 404 212 397 100 674 646 410 829 603 145 641 335 568 335 181 493 652 402 240 435 797 316 654 235 488 298 724 959 725 109 139 725 668 586 213 728 351 208 362 669 606 562 250 646 418 438 642 462 286 646 607 742 680 606 630 429 689 332 317 751 437 494 277 472 524 238 680 926 202 542 661 759 336 878 447 775 173 328 288 280 575 217 575 183 606 860 147 262 307 547 434 366 290 194 744 280 357 329 492 461 585 234 256 537 704 470 706 791 445 579 154 397 475 525
440 1105 899 417 508 368 97 318 572 80 753 980 796 380 285 468 949 300 885 860 95 704 555 315 228 211 134 251 558 682 562 571 146 0 227 949 590 749 223 635 958 753 241 577 753 588 507 586 659 358 652 551 714 468 309 238 526 219 820 792 398 928 588 214 684 435 600 442 327 489 797 464 97 577 895 437 795 109 633 314 845 1047 713 187 259 796 800 697 167 820 485 261 500 684 715 501 144 673 355 488 568 597 370 593 749 888 666 747 753 512 627 443 254 828 391 502 411 557 524 93 798 1019 336 560 762 861 228 958 378 864 193 448 412 418 593 96 524 323 750 955 73 304 358 689 546 328 430 124 844 416 452 470 404 603 729 112 392 455 643 616 848 886 584 703 265 544 577 667
213 902 675 337 293 305 322 133 381 248 575 776 568 288 103 404 765 85 660 684 274 649 350 138 128 86 98 433 360 472 560 578 117 227 0 743 578 578 206 542 772 555 428 550 573 361 455 421 475 430 425 556 541 375 398 325 299 186 633 600 336 714 521 60 531 218 462 221 163 409 624 289 304 363 682 210 575 332 461 215 618 842 638 217 211 608 573 474 329 611 366 115 281 570 494 514 275 541 382 328 602 372 169 588 531 699 595 528 526 312 638 219 291 634 385 402 189 355 436 317 572 810 115 443 546 645 348 760 412 658 289 221 329 199 475 316 520 118 537 744 254 166 202 472 322 315 215 306 629 298 240 255 471 388 562 275 276 510 652 424 632 675 445 476 233 357 360 511
557 160 221 938 622 942 1030 630 379 930 252 36 352 634 664 645 157 658 250 857 950 669 394 760 726 812 818 1177 391 617 785 813 860 949 743 0 766 278 769 552 151 200 1171 725 246 434 662 802 307 891 466 799 809 593 906 1056 522 902 783 741 667 80 624 736 367 525 448 526 776 609 844 493 991 603 89 561 538 1059 789 665 296 99 610 949 907 190 416 308 1073 133 890 689 597 485 280 806 912 435 810 484 880 514 580 785 559 800 614 547 344 437 841 532 818 142 756 567 627 392 586 1022 284 74 681 512 209 136 928 68 825 85 1027 547 929 640 498 1045 771 716 603 48 993 652 598 566 438 750 648 1048 140 869 503 633 896 591 841 939 864 889 841 708 582 78 879 377 930 722 387 857
632 872 863 915 783 879 601 483 490 515 514 779 858 303 492 191 668 541 869 1199 514 151 539 711 451 655 548 825 510 935 35 52 638 590 578 766 0 487 391 214 679 597 811 42 521 696 142 970 494 265 801 52 1070 247 314 823 711 738 1132 1090 246 798 142 519 399 555 330 579 737 209 1148 428 547 834 770 633 976 658 999 367 865 838 197 740 774 577 904 709 756 693 942 466 754 285 705 98 454 330 236 390 119 783 503 19 952 1189 167 943 810 507 80 593 336 625 202 246 682 527 208 591 810 837 649 272 692 766 393 730 217 702 777 630 907 703 275 658 66 676 980 800 664 423 418 907 633 272 726 712 747 876 540 754 232 850 1098 494 854 189 86 938 1042 747 1011 783 792 888 603 1061
452 398 406 851 575 840 817 447 205 713 31 293 457 390 481 376 207 494 422 922 729 397 260 642 521 660 629 994 234 649 507 534 692 749 578 278 487 0 542 273 217 137 986 447 40 398 387 782 113 627 483 521 833 330 648 903 468 759 846 801 410 316 345 552 89 386 177 400 664 340 890 290 772 588 291 456 626 855 787 439 437 356 340 796 776 91 519 325 894 223 828 493 543 209 306 530 682 157 548 260 601 503 410 506 624 884 339 613 420 279 563 412 574 139 491 300 530 248 313 808 391 350 556 241 255 298 683 248 559 219 866 444 842 549 221 844 494 595 665 314 805 445 392 604 361 497 566 862 281 788 360 568 627 588 865 714 775 616 563 707 687 265 850 420 799 692 300 858
353 919 760 531 476 492 276 180 390 171 551 797 686 158 163 246 748 209 752 883 187 487 392 344 85 270 157 475 384 652 367 383 247 223 206 769 391 542 0 411 757 569 464 370 552 479 289 626 466 225 569 361 742 245 199 438 448 348 828 792 175 761 367 146 470 307 382 325 368 265 825 276 229 542 728 351 736 320 664 104 722 865 492 350 385 600 708 561 388 649 570 123 456 461 572 315 142 452 177 287 399 526 232 398 698 892 446 693 639 346 442 333 88 638 189 279 366 389 300 266 670 842 306 338 603 701 174 768 206 686 393 356 524 383 371 312 327 321 712 783 293 127 175 642 423 118 403 347 683 501 313 440 265 565 765 172 478 304 457 620 799 715 651 595 402 557 433 716
520 658 662 870 670 844 676 417 319 575 301 564 676 262 440 170 455 478 672 1072 584 143 378 653 435 628 549 886 345 798 237 264 634 635 542 552 214 273 411 0 466 390 874 176 309 544 148 874 297 403 647 253 957 170 438 841 580 724 1000 956 237 587 78 492 187 439 138 462 679 146 1028 300 624 709 560 523 816 727 893 336 674 623 104 743 753 364 729 528 799 486 876 429 639 73 519 271 527 116 336 253 332 642 412 234 800 1050 76 790 631 359 289 476 401 412 278 140 586 364 111 666 622 622 576 108 495 560 496 515 336 490 797 515 861 608 87 721 231 610 833 587 704 375 344 763 485 317 630 759 542 819 417 649 390 719 987 565 800 366 289 823 881 536 927 613 774 785 442 961
613 194 366 1010 706 1007 1030 647 391 926 206 136 482 607 681 590 11 686 394 985 944 563 427 814 729 849 833 1198 412 732 703 730 889 958 772 151 679 217 757 466 0 225 1191 642 205 516 596 901 299 842 570 719 924 547 865 1095 600 946 910 866 627 229 543 753 302 563 393 571 834 555 966 494 986 700 227 617 668 1066 894 653 434 172 504 987 957 163 548 402 1096 222 973 698 678 394 375 735 898 355 764 471 798 609 603 698 683 933 517 671 464 460 749 579 791 144 707 516 689 420 525 1021 410 192 730 455 300 265 901 83 774 173 1061 604 1001 705 432 1054 696 768 727 199 1011 653 599 681 501 715 717 1067 261 943 538 709 840 692 956 930 934 825 746 812 718 204 975 487 980 815 442 964
388 352 273 785 485 782 832 436 181 731 106 228 322 435 470 456 220 469 286 800 751 524 205 590 528 629 624 986 196 533 612 640 672 753 555 200 597 137 569 390 225 0 980 555 96 297 479 686 110 696 366 624 722 400 709 875 378 724 724 679 471 206 455 542 204 341 267 347 609 421 773 293 792 486 175 392 496 862 684 465 299 296 469 767 733 76 385 200 883 96 750 492 456 336 177 625 712 278 614 284 705 396 387 616 499 758 462 487 288 243 676 355 619 80 562 378 464 200 402 824 254 273 506 329 119 169 729 205 631 117 843 379 776 480 321 850 592 544 541 218 801 453 399 485 277 552 493 856 151 718 317 486 704 482 754 739 709 701 678 602 555 154 758 294 756 598 217 755
632 1330 1097 439 655 391 210 544 802 300 988 1204 977 621 510 705 1183 512 1079 925 297 935 777 455 465 371 357 15 784 811 779 784 313 241 428 1171 811 986 464 874 1191 980 0 803 988 779 742 660 892 557 823 767 786 709 505 180 704 306 903 887 637 1142 824 438 924 647 841 649 455 728 862 697 263 720 1111 628 939 152 711 555 1034 1270 948 249 327 1028 969 899 101 1040 528 493 658 925 920 716 357 914 575 725 769 763 592 811 889 971 902 890 940 736 836 646 482 1057 619 743 583 781 764 220 991 1239 511 801 975 1073 421 1186 594 1086 175 641 439 582 834 154 744 485 879 1173 180 541 593 831 748 562 586 124 1058 474 668 622 600 746 792 317 456 652 853 721 982 1104 630 889 314 650 789 723
595 835 820 888 746 853 594 450 448 505 473 739 816 270 461 155 631 509 827 1161 505 138 497 681 425 629 526 816 468 896 61 87 616 577 550 725 42 447 370 176 642 555 803 0 481 655 104 936 452 270 761 77 1034 208 316 806 672 715 1094 1052 215 757 101 492 358 517 288 541 707 169 1111 389 541 796 728 596 935 651 963 337 822 799 174 720 750 536 862 667 744 651 912 436 717 248 662 109 445 290 228 349 156 744 467 61 912 1150 137 903 768 466 122 555 323 584 185 205 647 485 167 584 768 797 616 230 650 724 391 691 214 661 760 592 879 668 233 649 68 645 941 760 650 392 383 867 592 252 691 700 705 847 501 718 242 811 1062 485 826 206 128 901 1002 705 978 742 769 853 561 1026
435 374 365 835 550 826 824 445 194 721 9 264 418 404 479 401 196 488 381 888 739 436 242 629 525 653 630 995 220 617 540 568 689 753 573 246 521 40 552 309 205 96 988 481 0 369 416 756 99 650 450 553 802 352 669 898 443 752 812 767 429 278 379 551 122 373 203 385 650 365 857 290 781 560 252 439 589 861 759 448 396 328 380 790 766 56 481 289 894 182 808 494 519 248 269 560 694 193 570 266 634 473 404 541 589 849 377 577 382 266 598 396 589 103 514 324 512 231 340 815 351 319 543 267 215 257 699 223 583 181 863 426 825 531 251 849 525 582 630 279 807 448 395 570 336 515 546 863 241 770 347 546 652 559 835 725 759 644 599 678 649 227 826 384 789 667 275 830
148 592 317 503 190 509 681 299 227 596 377 471 210 421 324 509 512 292 300 533 621 686 165 336 404 408 455 781 198 258 695 723 467 588 361 434 696 398 479 544 516 297 779 655 369 0 554 389 290 680 105 701 435 449 670 641 87 487 460 415 480 384 574 381 412 172 408 154 348 487 496 268 657 190 355 151 280 694 389 400 257 529 646 539 484 372 228 129 677 305 458 362 163 524 155 680 604 468 604 305 774 105 247 713 257 507 619 248 165 189 774 149 559 372 572 450 201 179 490 675 212 489 268 441 225 311 654 474 631 359 618 140 495 209 456 677 663 297 289 420 613 354 319 219 63 527 215 662 300 435 171 198 706 190 467 617 430 725 783 308 346 357 461 117 506 301 104 460
491 784 736 792 642 759 538 349 354 441 409 679 721 169 362 52 585 408 741 1057 447 198 400 582 333 536 440 754 372 793 142 170 529 507 455 662 142 387 289 148 596 479 742 104 416 554 0 833 371 255 659 150 930 104 290 727 569 626 990 948 119 684 82 398 297 413 213 437 608 67 1007 286 485 692 655 492 835 592 860 239 732 743 205 636 659 472 765 573 674 575 812 339 613 217 571 145 388 241 188 249 229 641 363 158 810 1047 159 801 673 366 220 451 261 519 131 108 543 388 77 529 677 735 515 149 565 645 350 635 188 591 682 488 783 565 165 588 115 544 838 692 579 292 280 765 491 180 587 632 626 749 398 614 245 707 958 427 728 229 228 797 901 633 876 644 679 749 463 923
354 951 626 231 209 272 676 487 590 641 763 839 474 666 482 781 899 431 598 274 666 1006 528 286 543 382 501 654 559 209 958 980 441 586 421 802 970 782 626 874 901 686 660 936 756 389 833 0 671 851 336 957 128 734 819 481 314 376 243 227 725 737 881 480 782 435 753 412 265 773 211 573 682 201 715 351 341 654 50 607 542 889 979 428 342 761 429 500 572 683 140 515 241 874 527 921 684 825 799 621 1013 291 470 983 294 311 943 301 464 527 1039 398 713 760 793 749 290 542 790 675 528 844 324 766 602 668 765 851 829 736 488 359 227 268 790 636 919 304 263 778 562 549 552 254 421 727 246 583 662 186 458 225 891 211 143 674 205 928 1051 100 360 725 77 425 349 90 482 91
339 453 368 738 462 728 734 348 94 631 102 333 382 326 382 346 291 389 376 821 650 437 146 531 431 554 534 899 121 546 507 536 591 659 475 307 494 113 466 297 299 110 892 452 99 290 371 671 0 586 382 518 726 290 599 799 356 653 746 701 360 316 354 454 127 275 164 288 552 312 786 195 692 479 285 343 537 768 677 361 376 400 387 691 667 136 439 238 797 204 715 399 431 254 225 517 608 195 504 178 599 396 305 514 529 788 372 518 340 167 574 299 511 172 452 268 416 134 294 725 325 382 445 223 198 273 621 302 521 227 764 330 729 436 220 756 486 483 568 329 711 355 301 503 249 442 452 767 254 674 248 455 594 481 758 637 662 592 578 597 600 265 737 329 690 580 189 748
568 1024 927 741 700 697 346 394 537 277 646 913 877 269 383 251 832 433 925 1109 269 408 560 567 310 485 363 571 542 874 231 230 447 358 430 891 265 627 225 403 842 696 557 270 650 680 255 851 586 0 777 216 968 298 51 597 661 546 1053 1016 225 901 330 371 540 510 449 531 591 287 1051 433 295 764 869 567 949 406 890 279 904 979 439 533 586 705 907 739 515 787 788 345 678 473 745 166 214 492 81 420 212 740 438 261 914 1117 397 908 829 516 279 541 138 750 136 326 589 553 318 337 849 965 532 387 759 851 136 874 68 813 551 570 734 607 411 408 203 547 931 915 429 330 360 859 618 154 628 470 832 718 508 664 46 785 991 249 694 97 296 845 1013 850 874 789 599 783 614 941
219 615 301 495 178 511 748 388 329 671 459 502 158 523 408 614 569 369 276 439 696 790 269 368 490 455 523 823 301 166 801 828 520 652 425 466 801 483 569 647 570 366 823 761 450 105 659 336 382 777 0 806 355 555 764 670 126 520 363 318 583 401 680 456 507 266 510 245 372 592 407 373 729 139 378 221 175 753 324 497 222 553 749 575 509 443 148 169 721 349 433 447 166 624 195 784 685 567 703 411 878 61 339 818 152 406 723 142 133 294 880 236 651 434 674 555 242 283 595 743 196 508 318 546 269 331 742 516 731 402 654 214 487 241 560 736 768 338 187 441 667 448 417 120 168 625 237 711 326 426 271 204 805 125 388 694 427 826 888 242 241 388 413 89 529 259 205 394
627 911 885 890 776 853 556 470 505 474 546 814 872 294 476 192 708 526 890 1193 472 203 549 691 428 629 518 781 522 934 17 23 608 551 556 799 52 521 361 253 719 624 767 77 553 701 150 957 518 216 806 0 1061 252 266 786 710 709 1128 1087 233 827 176 495 432 552 356 576 717 217 1140 433 503 830 799 628 982 614 988 350 882 875 248 708 746 609 915 724 716 720 922 446 748 325 721 50 412 366 196 399 81 784 495 45 956 1187 214 947 824 514 82 590 298 657 171 258 672 538 225 547 828 871 634 295 714 792 347 767 173 732 740 626 882 693 303 615 38 659 982 832 625 408 409 908 638 243 715 671 773 855 540 745 181 847 1088 451 832 137 96 930 1048 776 994 794 763 877 612 1048
440 948 612 350 288 395 805 591 655 768 810 845 461 768 591 879 923 540 582 146 793 1093 592 409 658 508 625 779 624 192 1061 1084 569 714 541 809 1070 833 742 957 924 722 786 1034 802 435 930 128 726 968 355 1061 0 828 938 606 378 505 120 119 828 737 971 597 845 521 828 497 390 867 83 657 810 249 720 438 294 783 80 714 526 888 1061 556 471 798 404 525 699 701 258 627 318 948 551 1027 808 896 912 704 1121 329 567 1084 257 185 1028 267 465 600 1142 482 830 789 902 840 389 606 881 804 526 840 436 849 623 673 888 865 942 753 615 444 348 368 871 765 1023 422 215 778 691 656 652 243 481 838 346 712 671 313 540 316 1007 244 32 800 333 1042 1153 133 288 733 163 437 477 186 537 75
388 726 646 708 540 679 517 256 257 413 347 614 621 91 275 60 537 317 648 954 425 277 298 493 264 460 379 720 271 688 246 273 463 468 375 593 247 330 245 170 547 400 709 208 352 449 104 734 290 298 555 252 828 0 318 670 464 555 886 844 81 606 149 323 246 309 154 333 520 39 904 182 466 589 575 390 730 564 759 165 635 680 263 572 585 406 663 474 631 494 721 260 510 216 474 237 371 212 218 147 328 536 264 263 705 942 220 696 573 262 324 347 251 451 163 34 444 287 61 507 580 667 421 97 474 561 357 575 232 516 627 385 699 465 128 557 214 453 733 618 536 208 184 660 386 170 488 591 542 660 293 513 304 603 857 407 640 303 333 695 796 555 781 542 605 649 360 824
550 1044 930 699 676 654 294 376 543 228 665 929 872 274 362 278 855 409 926 1081 218 454 561 534 284 446 324 519 545 852 280 281 404 309 398 906 314 648 199 438 865 709 505 316 669 670 290 819 599 51 764 266 938 318 0 547 645 502 1027 991 239 911 368 341 563 498 471 518 556 313 1022 435 243 742 879 549 934 354 859 270 902 996 482 486 543 723 898 738 464 798 750 322 656 506 745 216 164 521 103 427 264 724 424 311 897 1092 438 891 823 515 331 527 112 766 162 349 566 554 346 285 848 980 505 411 764 858 84 892 104 826 502 553 693 582 437 357 250 516 912 927 379 316 352 841 610 156 602 419 840 679 499 640 96 764 960 198 656 148 348 818 997 862 838 782 555 754 611 909
501 1216 957 259 496 210 279 456 705 319 901 1091 828 579 424 682 1088 410 937 745 330 926 669 305 407 246 291 173 683 641 796 806 212 238 325 1056 823 903 438 841 1095 875 180 806 898 641 727 481 799 597 670 786 606 670 547 0 560 154 724 708 611 1018 804 357 854 534 780 530 298 698 682 613 316 556 988 497 772 229 532 505 888 1155 928 108 161 932 813 767 109 923 348 420 504 880 791 737 383 858 590 650 806 609 494 827 722 791 882 724 795 634 863 524 487 955 621 702 440 676 730 284 850 1120 376 752 852 947 466 1079 615 973 46 511 259 434 786 215 757 343 708 1052 169 474 519 664 621 553 434 145 933 295 558 466 643 582 611 349 279 693 880 547 812 984 449 743 143 477 669 542
95 680 397 416 107 421 622 268 278 545 450 558 273 419 285 520 596 244 377 492 570 719 215 254 366 334 397 706 247 224 706 732 397 526 299 522 711 468 448 580 600 378 704 672 443 87 569 314 356 661 126 710 378 464 645 560 0 406 423 380 480 471 601 330 469 157 450 134 264 503 447 285 603 129 443 96 289 629 322 383 329 617 685 460 401 451 273 216 603 392 372 325 78 570 242 683 560 518 591 330 778 79 224 727 253 478 653 246 235 222 787 121 532 456 566 471 121 229 512 617 290 576 194 473 313 398 619 560 619 446 540 91 407 126 494 612 671 219 273 508 544 330 307 200 107 513 129 590 387 347 170 110 692 139 409 568 342 716 797 245 352 445 382 184 422 224 167 392
346 1062 803 199 349 152 303 319 558 288 755 937 676 465 289 577 939 266 784 650 310 824 518 152 293 99 190 305 534 506 715 730 100 219 186 902 738 759 348 724 946 724 306 715 752 487 626 376 653 546 520 709 505 555 502 154 406 0 617 595 507 864 697 232 716 383 648 377 148 586 587 473 316 413 833 342 633 278 426 390 735 1001 818 56 41 783 664 612 207 769 267 295 354 755 636 662 344 727 519 513 743 459 349 746 583 685 773 584 642 486 790 371 417 804 537 584 285 526 616 303 696 965 222 628 697 792 431 927 547 820 134 356 194 281 660 259 675 189 575 897 186 348 387 524 466 466 282 210 778 198 407 317 591 440 517 322 175 638 805 423 678 830 366 590 54 350 515 453
501 909 571 469 354 514 913 665 687 869 821 816 430 835 670 940 910 620 540 76 895 1141 625 508 743 610 723 897 658 202 1126 1151 674 820 633 783 1132 846 828 1000 910 724 903 1094 812 460 990 243 746 1053 363 1128 120 886 1027 724 423 617 0 45 895 706 1024 686 870 577 867 553 493 925 75 708 914 298 693 500 245 894 192 788 488 851 1104 670 585 800 366 524 815 688 378 708 380 984 547 1098 906 928 991 753 1193 358 633 1148 227 68 1075 239 446 641 1207 539 916 784 976 894 464 639 935 911 500 804 522 895 615 648 981 843 1021 737 732 502 467 445 913 876 1089 514 183 746 802 731 719 243 515 915 425 826 650 429 593 389 1089 283 126 900 448 1121 1218 208 214 710 283 430 592 277 564 193
