62
0 811 662 648 224 343 285 666 268 796 320 613 360 532 260 580 568 399 453 689 98 583 910 745 977 388 337 880 322 328 500 689 426 910 738 1012 910 496 990 334 648 867 711 1107 470 751 852 765 720 865 596 316 815 555 298 152 714 537 786 721 316 483
811 0 1022 927 894 518 542 252 892 513 690 473 636 720 612 817 392 915 391 299 807 400 232 157 452 578 924 400 943 834 672 839 412 204 213 430 130 335 412 852 944 536 226 610 433 132 648 443 813 285 473 584 87 836 592 715 822 918 196 264 798 483
662 1022 0 106 452 590 633 772 402 628 941 558 439 301 827 205 1030 266 878 737 759 1050 1226 875 863 482 337 797 980 336 351 233 672 981 828 924 1044 879 910 328 86 674 1071 902 946 897 564 662 286 1230 553 527 967 186 859 775 271 131 869 1104 356 997
648 927 106 0 458 523 575 676 408 522 904 458 376 211 783 111 962 277 811 638 742 982 1136 778 756 410 353 691 970 322 264 129 596 878 729 817 943 806 804 320 20 568 989 797 882 800 459 556 183 1145 455 466 869 108 813 745 168 123 769 1024 332 937
224 894 452 458 0 376 359 697 50 739 538 572 297 401 453 416 735 187 597 700 321 752 1036 793 953 350 116 860 530 147 390 527 481 947 770 998 970 625 978 142 454 808 845 1059 637 805 759 727 569 1007 557 315 876 382 491 364 560 338 819 864 158 666
343 518 590 523 376 0 75 330 373 468 432 284 151 326 302 417 440 414 288 347 386 459 676 420 635 115 410 538 599 325 274 497 106 580 403 669 595 291 647 344 534 537 497 769 358 431 547 428 505 661 267 70 501 416 320 326 505 464 453 525 290 415
285 542 633 575 359 75 0 381 367 541 359 358 199 387 229 473 403 431 253 406 317 423 677 461 700 179 414 603 525 339 337 559 141 626 452 731 631 271 709 356 583 610 488 839 314 469 622 499 571 652 341 109 536 467 250 252 570 503 501 511 305 363
666 252 772 676 697 330 381 0 685 296 650 221 413 471 538 567 456 686 364 63 691 472 473 104 348 354 706 258 874 613 425 587 240 250 72 364 282 315 341 631 693 341 376 505 439 125 428 226 562 503 221 383 196 588 533 612 571 673 122 418 579 506
268 892 402 408 50 373 367 685 0 708 575 546 276 360 483 368 755 136 612 683 366 772 1043 783 927 332 69 836 579 103 354 479 480 934 757 974 962 637 955 95 403 776 855 1027 657 797 722 700 523 1019 532 308 869 334 521 402 513 287 806 877 122 691
796 513 628 522 739 468 541 296 708 0 880 184 449 374 753 437 744 651 631 233 852 761 746 359 236 409 700 171 1067 610 359 400 435 390 302 296 476 590 282 625 542 70 672 319 711 383 135 71 356 788 201 480 432 472 761 794 369 572 318 714 586 779
320 690 941 904 538 432 359 650 575 880 0 703 544 737 130 813 335 693 302 697 237 341 709 689 997 537 643 904 257 608 690 909 444 849 707 1013 814 360 991 620 908 945 516 1150 260 684 974 826 926 642 688 460 728 799 118 173 924 810 746 509 584 230
613 473 558 458 572 284 358 221 546 184 703 0 275 261 575 352 607 513 477 180 667 626 693 320 381 229 550 289 883 456 225 365 263 426 271 427 485 446 408 473 476 255 575 495 559 343 271 156 342 716 16 296 411 377 586 610 350 470 311 615 427 625
360 636 439 376 297 151 199 413 276 449 544 275 0 193 417 274 591 279 439 407 433 610 813 514 656 58 293 563 664 199 148 365 241 660 484 701 693 441 681 218 385 520 643 768 507 531 492 431 383 805 260 90 603 268 444 404 380 313 533 672 165 561
532 720 301 211 401 326 387 471 360 374 737 261 193 0 610 99 758 280 608 439 615 777 926 575 608 210 337 528 847 257 54 172 388 688 529 664 745 599 647 267 226 435 778 684 683 596 364 388 191 933 255 279 667 117 635 595 187 208 572 813 243 741
260 612 827 783 453 302 229 538 483 753 130 575 417 610 0 689 312 590 223 581 211 325 671 588 882 408 548 787 338 501 562 783 320 752 599 902 729 277 880 514 789 820 471 1032 217 587 845 702 798 617 560 332 638 677 38 116 796 695 641 474 474 223
580 817 205 111 416 417 473 567 368 437 813 352 274 99 689 0 853 258 703 532 670 873 1025 670 674 302 328 601 901 269 153 111 485 776 622 732 838 696 718 273 127 491 878 732 776 692 398 463 155 1033 348 364 762 39 717 661 144 137 664 912 268 832
568 392 1030 962 735 440 403 456 755 744 335 607 591 758 312 853 0 834 151 517 523 19 374 447 786 552 810 707 591 742 703 921 371 581 486 784 523 162 763 758 973 795 186 949 99 433 866 676 918 309 597 504 453 855 278 429 922 903 509 174 708 104
399 915 266 277 187 414 431 686 136 651 693 513 279 280 590 258 834 0 685 672 497 853 1089 790 882 337 75 797 715 92 294 364 516 927 755 935 968 700 917 76 270 715 912 964 741 807 642 657 413 1075 501 344 880 219 625 522 401 154 803 938 126 783
453 391 878 811 597 288 253 364 612 631 302 477 439 608 223 703 151 685 0 420 428 171 457 389 711 400 665 623 551 593 554 774 226 546 412 721 512 57 699 610 822 689 257 870 81 383 745 568 774 414 465 352 425 703 201 333 776 751 448 269 559 148
689 299 737 638 700 347 406 63 683 233 697 180 407 439 581 532 517 672 420 0 722 534 527 143 301 350 699 207 914 604 398 542 270 255 91 325 306 372 303 622 656 278 438 453 496 167 365 163 514 561 184 391 232 556 579 647 524 646 132 480 572 563
98 807 759 742 321 386 317 691 366 852 237 667 433 615 211 670 523 497 428 722 0 535 882 759 1018 452 435 921 232 424 579 777 452 926 760 1047 915 478 1025 431 743 922 681 1155 428 763 918 814 806 829 650 375 822 646 245 95 800 634 806 686 410 429
583 400 1050 982 752 459 423 472 772 761 341 626 610 777 325 873 19 853 171 534 535 0 370 460 800 571 828 722 596 760 723 941 391 591 500 797 530 182 776 777 993 812 188 963 115 446 884 694 938 301 616 523 463 875 290 441 941 923 522 171 727 110
910 232 1226 1136 1036 676 677 473 1043 746 709 693 813 926 671 1025 374 1089 457 527 882 370 0 387 670 759 1086 628 966 1002 875 1057 573 409 444 638 312 416 623 1020 1152 768 200 821 457 363 881 676 1035 92 691 746 316 1040 641 786 1044 1114 428 200 966 479
745 157 875 778 793 420 461 104 783 359 689 320 514 575 588 670 447 790 389 143 759 460 387 0 341 456 807 268 927 714 530 685 321 166 57 338 179 333 317 733 795 388 327 503 453 24 494 289 657 429 322 478 92 692 577 674 667 778 62 370 680 515
977 452 863 756 953 635 700 348 927 236 997 381 656 608 882 674 786 882 711 301 1018 800 670 341 0 607 926 97 1215 834 588 632 569 261 302 63 360 660 59 849 777 191 662 162 784 357 319 226 585 736 395 666 366 709 880 946 599 809 279 704 806 848
388 578 482 410 350 115 179 354 332 409 537 229 58 210 408 302 552 337 400 350 452 571 759 456 607 0 351 512 678 258 158 381 191 602 425 650 635 397 629 277 421 480 592 725 473 472 465 385 392 753 213 79 544 303 430 411 391 360 475 623 224 530
337 924 337 353 116 410 414 706 69 700 643 550 293 337 548 328 810 75 665 699 435 828 1086 807 926 351 0 837 647 94 341 436 515 952 777 976 986 685 957 77 346 766 902 1017 714 823 701 699 483 1066 537 341 895 290 584 470 472 230 826 925 127 751
880 400 797 691 860 538 603 258 836 171 904 289 563 528 787 601 707 797 623 207 921 722 628 268 97 512 837 0 1119 745 503 571 473 237 221 138 332 573 120 761 710 154 596 247 697 289 284 140 528 686 303 569 313 634 787 850 541 733 210 638 716 763
322 943 980 970 530 599 525 874 579 1067 257 883 664 847 338 901 591 715 551 914 232 596 966 927 1215 678 647 1119 0 649 810 1009 646 1091 937 1238 1063 608 1215 654 970 1136 774 1360 517 925 1142 1023 1038 896 867 600 975 877 351 272 1032 858 980 765 638 486
328 834 336 322 147 325 339 613 103 610 608 456 199 257 501 269 742 92 593 604 424 760 1002 714 834 258 94 745 649 0 253 381 429 858 683 883 893 609 864 18 320 677 822 929 649 730 619 607 422 985 443 255 803 237 536 440 412 209 732 847 35 690
500 672 351 264 390 274 337 425 354 359 690 225 148 54 562 153 703 294 554 398 579 723 875 530 588 158 341 503 810 253 0 223 334 650 486 641 703 545 623 267 279 424 725 676 629 550 369 363 235 881 216 230 622 165 586 553 233 248 531 759 232 688
689 839 233 129 527 497 559 587 479 400 909 365 365 172 783 111 921 364 774 542 777 941 1057 685 632 381 436 571 1009 381 223 0 549 770 633 694 842 760 682 385 149 442 925 668 850 708 330 442 55 1075 366 451 774 145 808 763 40 225 669 963 379 910
426 412 672 596 481 106 141 240 480 435 444 263 241 388 320 485 371 516 226 270 452 391 573 321 569 191 515 473 646 429 334 549 0 484 311 596 493 211 573 447 608 500 401 714 305 330 535 382 548 563 249 174 398 491 325 377 550 551 359 432 393 369
910 204 981 878 947 580 626 250 934 390 849 426 660 688 752 776 581 927 546 255 926 591 409 166 261 602 952 237 1091 858 650 770 484 0 177 230 98 489 214 876 897 389 428 412 604 165 517 332 734 478 433 634 128 803 740 841 746 896 128 467 825 662
738 213 828 729 770 403 452 72 757 302 707 271 484 529 599 622 486 755 412 91 760 500 444 57 302 425 777 221 937 683 486 633 311 177 0 308 216 359 286 701 747 333 378 463 482 81 437 231 604 486 274 456 141 646 592 678 614 735 49 421 649 547
1012 430 924 817 998 669 731 364 974 296 1013 427 701 664 902 732 784 935 721 325 1047 797 638 338 63 650 976 138 1238 883 641 694 596 230 308 0 326 667 22 899 837 254 648 182 790 351 382 277 647 709 441 704 347 767 897 972 661 867 276 689 855 853
910 130 1044 943 970 595 631 282 962 476 814 485 693 745 729 838 523 968 512 306 915 530 312 179 360 635 986 332 1063 893 703 842 493 98 216 326 0 455 311 912 962 482 354 508 559 164 607 413 809 385 490 655 95 862 712 826 820 951 174 390 859 612
496 335 879 806 625 291 271 315 637 590 360 446 441 599 277 696 162 700 57 372 478 182 416 333 660 397 685 573 608 609 545 760 211 489 359 667 455 0 645 626 818 646 220 819 124 326 709 526 756 382 435 359 368 700 257 384 760 755 393 240 574 190
990 412 910 804 978 647 709 341 955 282 991 408 681 647 880 718 763 917 699 303 1025 776 623 317 59 629 957 120 1215 864 623 682 573 214 286 22 311 645 0 881 824 244 629 198 768 330 374 260 635 693 422 683 328 752 875 950 649 851 254 670 836 831
334 852 328 320 142 344 356 631 95 625 620 473 218 267 514 273 758 76 610 622 431 777 1020 733 849 277 77 761 654 18 267 385 447 876 701 899 912 626 881 0 317 691 840 943 665 749 631 623 428 1003 460 274 821 240 549 450 418 204 750 865 54 706
648 944 86 20 454 534 583 693 403 542 908 476 385 226 789 127 973 270 822 656 743 993 1152 795 777 421 346 710 970 320 279 149 608 897 747 837 962 818 824 317 0 588 1003 817 892 818 479 576 203 1160 473 475 887 118 819 748 188 116 787 1038 333 946
867 536 674 568 808 537 610 341 776 70 945 255 520 435 820 491 795 715 689 278 922 812 768 388 191 480 766 154 1136 677 424 442 500 389 333 254 482 646 244 691 588 0 710 251 768 412 132 120 393 817 271 550 451 528 826 863 408 628 339 753 654 836
711 226 1071 989 845 497 488 376 855 672 516 575 643 778 471 878 186 912 257 438 681 188 200 327 662 592 902 596 774 822 725 925 401 428 378 648 354 220 629 840 1003 710 0 824 259 307 804 600 912 163 569 567 302 887 442 586 918 952 386 42 786 289
1107 610 902 797 1059 769 839 505 1027 319 1150 495 768 684 1032 732 949 964 870 453 1155 963 821 503 162 725 1017 247 1360 929 676 668 714 412 463 182 508 819 198 943 817 251 824 0 943 520 338 342 615 891 512 791 525 770 1032 1089 630 870 441 865 905 1009
470 433 946 882 637 358 314 439 657 711 260 559 507 683 217 776 99 741 81 496 428 115 457 453 784 473 714 697 517 649 629 850 305 604 482 790 559 124 768 665 892 768 259 943 0 444 826 648 852 400 547 418 479 774 184 333 854 817 514 258 616 67
751 132 897 800 805 431 469 125 797 383 684 343 531 596 587 692 433 807 383 167 763 446 363 24 357 472 823 289 925 730 550 708 330 165 81 351 164 326 330 749 818 412 307 520 444 0 519 313 681 406 345 491 72 713 575 676 691 798 79 349 696 505
852 648 564 459 759 547 622 428 722 135 974 271 492 364 845 398 866 642 745 365 918 884 881 494 319 465 701 284 1142 619 369 330 535 517 437 382 607 709 374 631 479 132 804 338 826 519 0 206 277 923 286 543 566 437 857 871 292 535 453 846 601 893
765 443 662 556 727 428 499 226 700 71 826 156 431 388 702 463 676 657 568 163 814 694 676 289 226 385 699 140 1023 607 363 442 382 332 231 277 413 526 260 623 576 120 600 342 648 313 206 0 402 717 171 449 364 495 707 751 415 594 250 643 580 715
720 813 286 183 569 505 571 562 523 356 926 342 383 191 798 155 918 413 774 514 806 938 1035 657 585 392 483 528 1038 422 235 55 548 734 604 647 809 756 635 428 203 393 912 615 852 681 277 402 0 1057 345 466 745 193 821 786 15 278 637 950 418 913
865 285 1230 1145 1007 661 652 503 1019 788 642 716 805 933 617 1033 309 1075 414 561 829 301 92 429 736 753 1066 686 896 985 881 1075 563 478 486 709 385 382 693 1003 1160 817 163 891 400 406 923 717 1057 0 712 731 372 1045 584 733 1064 1113 478 144 950 412
596 473 553 455 557 267 341 221 532 201 688 16 260 255 560 348 597 501 465 184 650 616 691 322 395 213 537 303 867 443 216 366 249 433 274 441 490 435 422 460 473 271 569 512 547 345 286 171 345 712 0 280 414 372 571 594 353 463 316 608 414 613
316 584 527 466 315 70 109 383 308 480 460 296 90 279 332 364 504 344 352 391 375 523 746 478 666 79 341 569 600 255 230 451 174 634 456 704 655 359 683 274 475 550 567 791 418 491 543 449 466 731 280 0 562 358 356 332 464 399 505 595 220 471
815 87 967 869 876 501 536 196 869 432 728 411 603 667 638 762 453 880 425 232 822 463 316 92 366 544 895 313 975 803 622 774 398 128 141 347 95 368 328 821 887 451 302 525 479 72 566 364 745 372 414 562 0 784 623 733 755 870 113 342 768 535
555 836 186 108 382 416 467 588 334 472 799 377 268 117 677 39 855 219 703 556 646 875 1040 692 709 303 290 634 877 237 165 145 491 803 646 767 862 700 752 240 118 528 887 770 774 713 437 495 193 1045 372 358 784 0 706 643 181 100 688 921 240 829
298 592 859 813 491 320 250 533 521 761 118 586 444 635 38 717 278 625 201 579 245 290 641 577 880 430 584 787 351 536 586 808 325 740 592 897 712 257 875 549 819 826 442 1032 184 575 857 707 821 584 571 356 623 706 0 152 820 728 633 443 508 185
152 715 775 745 364 326 252 612 402 794 173 610 404 595 116 661 429 522 333 647 95 441 786 674 946 411 470 850 272 440 553 763 377 841 678 972 826 384 950 450 748 863 586 1089 333 676 871 751 786 733 594 332 733 643 152 0 782 645 723 590 418 337
714 822 271 168 560 505 570 571 513 369 924 350 380 187 796 144 922 401 776 524 800 941 1044 667 599 391 472 541 1032 412 233 40 550 746 614 661 820 760 649 418 188 408 918 630 854 691 292 415 15 1064 353 464 755 181 820 782 0 264 648 956 409 915
537 918 131 123 338 464 503 673 287 572 810 470 313 208 695 137 903 154 751 646 634 923 1114 778 809 360 230 733 858 209 248 225 551 896 735 867 951 755 851 204 116 628 952 870 817 798 535 594 278 1113 463 399 870 100 728 645 264 0 779 984 226 867
786 196 869 769 819 453 501 122 806 318 746 311 533 572 641 664 509 803 448 132 806 522 428 62 279 475 826 210 980 732 531 669 359 128 49 276 174 393 254 750 787 339 386 441 514 79 453 250 637 478 316 505 113 688 633 723 648 779 0 428 698 577
721 264 1104 1024 864 525 511 418 877 714 509 615 672 813 474 912 174 938 269 480 686 171 200 370 704 623 925 638 765 847 759 963 432 467 421 689 390 240 670 865 1038 753 42 865 258 349 846 643 950 144 608 595 342 921 443 590 956 984 428 0 812 279
316 798 356 332 158 290 305 579 122 586 584 427 165 243 474 268 708 126 559 572 410 727 966 680 806 224 127 716 638 35 232 379 393 825 649 855 859 574 836 54 333 654 786 905 616 696 601 580 418 950 414 220 768 240 508 418 409 226 698 812 0 659
483 483 997 937 666 415 363 506 691 779 230 625 561 741 223 832 104 783 148 563 429 110 479 515 848 530 751 763 486 690 688 910 369 662 547 853 612 190 831 706 946 836 289 1009 67 505 893 715 913 412 613 471 535 829 185 337 915 867 577 279 659 0
