249
0 292 469 636 569 724 338 528 472 823 114 795 151 393 959 675 229 507 705 853 953 570 687 910 34 586 572 283 871 475 747 918 678 644 977 395 400 1071 789 784 574 920 399 383 718 551 923 600 920 401 603 428 239 309 233 166 251 723 772 549 868 1011 929 591 870 468 553 604 1077 773 666 1055 492 282 508 689 883 688 868 227 681 711 547 834 850 799 637 814 258 595 484 899 873 377 324 740 418 696 807 682 174 388 648 757 610 673 372 678 558 373 953 598 496 864 166 170 1016 514 627 1004 844 564 849 1004 961 177 923 642 467 738 680 699 606 633 606 357 463 784 464 714 151 287 178 1028 873 410 711 403 584 518 485 601 509 839 346 1004 674 330 185 519 528 404 702 845 157 120 1048 874 478 439 967 674 1078 622 285 248 462 635 948 656 153 897 21 662 596 476 716 789 727 381 149 660 967 294 779 793 746 276 539 714 370 599 405 634 889 1052 298 774 662 478 789 951 1102 509 595 84 395 980 815 608 504 450 462 575 440 879 946 923 71 396 751 201 424 706 682 1116 661 872 584 855 888 648 763 241 737 914 891 1206 902
292 0 362 732 640 623 485 541 196 772 228 599 158 384 698 525 66 501 814 560 817 414 399 645 326 644 280 88 671 183 659 626 498 413 722 558 138 930 740 494 282 694 499 291 754 316 778 315 731 352 738 292 156 116 373 193 104 839 715 694 584 790 690 461 619 376 430 505 899 790 632 857 604 21 294 556 600 466 803 301 612 490 539 794 575 672 347 521 325 706 380 608 618 251 309 846 292 417 812 786 223 98 355 758 654 391 406 758 399 217 828 707 212 818 196 340 828 601 519 806 699 704 644 823 844 400 676 566 185 641 436 472 578 405 660 431 554 492 180 501 145 345 193 810 581 157 650 142 349 399 606 457 628 703 116 783 382 276 273 484 581 474 536 585 283 197 839 738 188 498 830 737 899 330 67 336 208 611 658 364 172 752 278 711 700 192 533 496 761 201 268 368 743 479 726 503 759 323 434 430 147 589 430 654 601 884 98 486 423 223 500 826 932 526 302 209 456 731 535 321 219 160 499 598 264 791 678 659 314 450 872 271 181 672 527 940 393 617 356 573 686 440 873 179 670 653 618 1049 742
469 362 0 464 363 267 359 233 308 409 355 346 348 141 585 207 350 187 544 655 485 115 472 553 497 353 447 278 421 425 299 704 227 269 589 418 472 603 378 550 432 492 308 87 428 228 454 394 460 91 510 72 253 478 323 496 454 574 352 487 588 571 517 122 485 23 83 145 610 450 277 597 384 381 176 219 593 284 441 615 249 302 211 432 532 332 445 629 247 457 18 659 496 112 159 571 70 428 464 516 295 399 491 410 349 426 197 469 110 144 488 457 483 456 499 356 553 352 163 547 374 490 403 539 499 423 526 203 469 284 318 302 229 256 363 252 325 591 461 292 371 232 296 586 660 494 287 474 243 48 395 134 407 370 473 566 512 139 294 146 300 259 239 482 567 359 597 405 371 257 499 435 611 499 429 268 253 262 690 539 463 428 448 400 445 468 263 613 433 165 327 496 533 405 363 563 419 226 74 466 502 251 188 328 625 583 460 528 298 258 548 486 633 226 463 411 242 581 521 543 349 425 232 285 121 433 594 559 534 231 608 276 236 315 215 648 365 494 229 559 437 235 598 522 308 544 558 737 433
636 732 464 0 100 457 298 232 758 391 571 704 621 360 997 550 685 277 82 1119 652 540 936 980 640 113 901 648 759 858 439 1167 616 718 990 257 868 748 372 1013 888 859 242 476 160 691 654 857 760 408 95 519 577 832 406 764 785 111 382 132 1042 905 901 494 899 440 478 432 839 225 300 877 143 744 640 515 1045 714 447 859 380 724 263 375 978 546 908 1093 416 47 454 1119 915 523 425 114 509 890 268 53 534 807 952 252 132 889 327 53 546 563 626 44 911 404 766 466 820 131 454 838 609 118 757 796 614 469 925 387 891 455 766 734 290 705 110 303 181 1055 884 705 650 391 560 913 1123 889 368 871 703 473 152 521 128 585 846 904 974 465 488 325 164 258 593 911 791 600 902 603 814 235 664 86 843 956 783 413 705 278 1146 996 734 638 623 115 41 894 637 1077 168 592 514 958 885 353 375 1026 218 412 448 929 877 250 307 181 1082 795 814 990 747 714 1010 627 837 237 919 640 276 973 975 991 801 851 241 190 576 501 1020 981 704 282 145 481 679 307 562 863 826 914 688 1011 771 668 140 825 388 964 996 888 676
569 640 363 100 0 380 243 133 658 350 494 616 537 262 905 460 595 178 182 1019 593 443 836 886 577 30 801 554 676 760 369 1067 523 619 900 226 774 697 324 913 788 773 170 377 156 591 590 756 682 309 161 419 486 743 336 686 698 211 328 165 944 825 813 399 806 340 380 340 776 221 229 805 103 652 540 429 947 618 407 786 303 629 168 342 881 473 807 993 333 100 354 1020 822 424 331 211 409 790 262 153 451 711 852 227 64 789 234 118 447 464 571 99 814 374 688 398 749 57 364 764 537 159 671 726 563 414 835 302 794 381 668 638 204 607 45 219 106 954 787 611 567 306 475 834 1023 795 299 777 604 374 120 426 107 514 755 823 874 369 408 226 63 172 503 817 720 520 827 536 715 142 606 105 779 856 693 333 605 200 1047 896 654 571 554 97 86 797 547 977 167 493 437 858 802 307 324 926 201 325 350 829 786 165 211 117 983 733 724 891 648 613 910 572 778 137 819 563 187 884 876 892 701 753 143 100 475 452 926 888 640 192 245 399 580 246 472 802 727 820 589 913 689 571 238 742 323 871 901 840 605
724 623 267 457 380 0 521 276 524 179 613 260 613 338 562 141 616 260 517 770 237 221 613 558 748 353 639 543 305 649 42 801 214 358 548 552 719 354 158 660 621 409 443 352 335 391 220 561 302 322 540 332 520 739 537 763 720 547 128 545 656 448 456 165 471 260 193 122 402 314 156 424 460 644 367 92 652 325 189 882 77 324 236 211 580 94 606 755 476 478 249 745 490 378 400 530 335 545 303 493 552 645 659 263 326 558 378 432 236 407 230 476 708 223 766 586 369 409 104 383 157 540 307 347 236 642 485 90 700 18 395 343 179 350 349 423 417 718 692 299 637 451 558 456 764 741 94 721 381 225 477 177 476 137 730 447 673 397 540 221 343 398 171 497 833 621 446 165 589 372 252 386 405 681 691 493 471 180 758 716 730 197 703 347 462 697 216 747 334 422 575 660 430 584 142 673 291 455 192 586 756 216 349 275 699 364 722 636 381 468 654 229 412 288 649 673 392 527 593 741 555 657 335 282 361 168 595 554 791 383 575 523 470 160 150 433 483 489 363 621 316 295 552 788 87 536 586 496 226
338 485 359 298 243 521 0 255 570 557 287 694 347 218 944 540 426 261 367 967 757 472 782 910 342 266 710 412 766 643 528 1025 580 623 949 73 623 871 527 872 702 847 83 314 399 560 741 693 793 269 268 375 333 567 117 476 514 385 519 217 927 919 875 456 844 341 422 428 920 461 407 927 154 491 504 529 936 643 611 564 454 661 290 559 881 613 742 934 164 257 362 987 855 350 227 401 362 756 500 343 264 574 775 458 295 745 162 342 469 380 744 259 688 591 478 172 877 185 456 880 672 230 753 858 743 173 885 430 663 530 671 661 355 610 285 107 138 898 657 651 374 154 294 933 978 641 470 627 584 397 146 478 170 657 590 915 800 272 214 302 219 123 580 839 495 319 937 686 613 152 771 345 922 767 523 149 529 373 1025 807 449 717 326 340 257 668 613 914 409 408 231 784 885 67 521 884 438 174 394 789 620 330 180 334 960 884 550 853 650 542 872 744 932 239 731 352 130 940 863 784 615 628 187 282 424 642 951 917 406 140 414 214 494 440 551 953 700 853 575 903 782 595 425 543 497 903 911 1015 740
528 541 233 232 133 276 255 0 535 305 434 492 463 158 775 333 506 46 311 887 506 309 705 754 544 120 677 453 555 644 276 934 393 486 771 277 670 619 273 780 663 649 172 260 212 460 495 627 569 193 291 294 394 651 304 618 612 342 264 281 810 707 687 267 676 209 247 212 679 253 152 697 187 556 409 307 813 485 358 728 204 497 40 311 748 370 678 861 270 232 222 886 690 307 236 338 285 658 282 283 381 603 724 231 117 657 156 236 314 347 491 231 699 342 621 364 644 139 238 653 432 280 548 622 489 403 706 188 682 282 534 505 100 473 130 176 141 823 674 479 492 242 399 718 890 691 215 673 471 241 203 294 206 414 658 704 745 265 347 93 75 136 377 684 666 454 714 440 595 103 521 204 681 730 600 279 481 118 913 770 585 473 509 172 219 683 419 846 219 375 381 730 680 322 267 793 224 256 216 697 688 75 124 113 849 640 632 758 515 488 778 491 687 18 694 503 138 757 743 770 578 640 70 56 349 386 794 756 599 134 376 334 459 186 346 709 594 689 456 779 569 438 365 666 242 739 767 763 502
472 196 308 758 658 524 570 535 0 694 382 434 322 400 502 399 246 489 840 401 679 302 221 448 506 653 143 192 499 125 565 462 351 235 527 643 214 784 666 317 133 508 556 281 737 147 637 131 564 349 787 241 260 277 478 390 294 869 637 753 396 605 499 361 425 330 343 423 734 758 580 681 653 215 157 441 411 291 713 493 536 314 518 722 380 549 175 366 408 743 323 434 423 235 349 869 250 224 770 811 350 147 204 716 653 201 443 771 287 197 698 743 183 740 392 468 659 634 426 632 562 760 470 657 718 539 482 492 177 542 248 293 536 230 665 486 595 331 170 330 321 416 325 625 416 233 576 215 174 323 660 346 678 572 248 597 229 304 390 454 594 516 397 390 479 359 658 605 65 529 692 739 732 199 247 426 55 569 480 240 367 612 454 706 733 174 380 344 742 167 401 213 557 587 650 327 727 396 360 243 266 560 454 636 419 725 267 304 238 55 320 695 770 525 163 388 497 536 343 235 44 136 517 590 187 687 482 463 505 488 903 380 78 616 397 775 197 422 187 382 513 277 896 367 590 457 423 892 593
823 772 409 391 350 179 557 305 694 0 720 421 735 431 719 321 754 317 426 948 271 393 792 722 842 319 815 686 448 818 137 978 393 537 700 565 879 358 33 839 797 554 474 484 235 567 286 739 423 436 485 481 649 887 608 890 861 452 57 509 831 571 606 333 635 396 352 272 462 184 156 516 450 791 538 272 826 504 57 1006 160 501 278 34 753 218 784 934 564 426 391 921 654 520 506 428 480 725 154 410 662 806 838 141 285 738 452 349 407 554 240 424 877 46 893 666 459 398 267 486 269 498 458 432 225 708 640 206 867 163 574 521 216 530 306 481 427 898 859 475 761 536 674 574 941 901 121 881 559 377 468 351 457 241 883 572 852 517 637 305 342 441 348 666 950 734 551 243 759 408 281 305 466 858 838 576 639 189 931 894 856 277 803 275 411 865 391 927 229 574 673 839 564 625 46 852 177 546 340 766 912 229 419 234 874 416 870 814 561 639 833 241 454 323 826 786 443 675 768 916 728 824 375 276 520 112 757 716 893 438 475 622 634 118 329 480 663 653 541 796 455 475 445 925 103 698 755 497 324
114 228 355 571 494 613 287 434 382 720 0 682 69 288 855 561 161 407 647 776 840 456 602 808 144 507 498 190 758 409 638 840 564 535 871 355 357 958 686 699 496 809 329 268 634 444 810 513 806 290 555 314 131 286 170 192 230 669 668 504 777 898 819 477 763 355 439 492 963 685 564 941 431 225 399 575 791 577 763 294 574 600 448 733 752 687 554 738 164 536 371 815 767 263 215 682 304 602 716 621 60 326 571 665 527 582 277 608 444 261 841 538 440 762 194 120 902 443 515 890 730 517 736 890 849 173 815 533 412 628 573 590 505 524 526 274 392 706 408 602 91 193 65 916 794 372 605 361 477 404 427 486 451 726 314 892 598 217 87 414 445 323 588 741 232 32 935 761 399 355 854 598 963 551 247 161 363 535 862 588 162 784 92 581 534 420 602 715 643 272 57 583 856 264 675 709 656 177 426 624 343 501 310 544 801 938 270 686 555 380 702 839 987 415 520 70 309 873 721 549 419 387 372 485 328 771 845 819 178 308 699 99 325 605 568 1002 562 766 476 761 774 537 706 255 630 809 792 1092 788
795 599 346 704 616 260 694 492 434 421 682 0 655 479 302 158 620 458 770 549 272 231 426 300 826 593 499 543 76 549 295 569 119 201 288 744 649 360 410 445 480 157 630 422 595 288 225 408 131 436 778 369 558 703 670 779 704 801 381 774 417 225 198 238 213 358 273 279 301 574 410 261 678 621 305 188 409 144 406 896 330 125 452 456 337 205 438 544 593 717 338 510 232 418 504 786 379 350 561 745 625 580 491 523 571 373 533 685 240 424 302 716 601 457 782 701 228 632 253 210 173 771 58 224 328 769 224 316 604 270 208 149 414 203 593 587 625 510 597 104 670 578 617 240 537 667 355 649 259 301 693 216 697 196 679 220 496 478 633 407 567 580 116 245 863 677 253 217 489 565 281 640 299 524 664 615 397 427 514 550 749 207 774 601 702 597 82 542 594 421 664 487 191 747 395 457 552 572 300 387 699 453 514 524 461 291 689 421 207 386 437 298 336 497 501 725 567 269 360 595 445 566 531 517 357 351 335 295 852 557 831 616 418 420 146 342 302 231 247 381 92 160 809 779 347 277 334 458 172
151 158 348 621 537 613 347 463 322 735 69 655 0 309 808 546 92 431 699 711 832 437 541 759 185 547 432 132 731 341 642 776 541 495 827 417 288 950 701 637 431 774 379 261 670 401 799 452 783 298 611 295 97 220 230 155 167 722 681 563 719 866 780 467 719 352 429 491 944 717 583 916 483 156 360 566 734 541 775 271 583 565 472 751 699 680 491 673 204 588 365 753 722 243 230 733 288 546 745 672 87 257 506 692 564 524 310 654 424 231 837 590 371 779 158 187 880 490 512 865 720 575 707 870 847 243 773 539 343 630 530 552 524 484 566 318 440 642 339 569 29 231 63 884 730 303 616 292 434 394 481 472 505 717 246 859 533 218 134 430 484 365 569 693 219 39 906 753 335 396 847 640 944 484 179 208 311 556 801 520 122 773 132 620 584 351 578 649 679 235 117 518 822 330 689 647 687 212 422 566 276 525 340 576 741 922 204 626 513 327 641 835 971 445 454 70 350 830 665 480 357 318 407 517 298 776 795 771 197 347 753 139 273 623 552 984 509 721 435 705 747 504 758 205 640 762 740 1081 773
393 384 141 360 262 338 218 158 400 431 288 479 309 0 726 328 348 122 442 777 574 254 592 694 414 261 543 296 552 498 358 830 362 409 730 277 515 693 398 676 532 629 169 118 369 355 551 507 584 55 388 170 236 493 200 465 454 470 380 358 722 704 656 242 626 123 205 227 722 410 276 720 256 399 300 324 728 425 476 578 289 443 163 444 670 423 558 748 137 343 143 788 637 164 79 473 158 556 437 413 231 450 598 383 270 550 56 378 250 203 569 343 552 474 468 247 672 234 254 671 476 363 537 655 574 305 667 252 532 352 457 444 216 395 277 111 197 710 525 433 337 112 246 718 785 536 318 518 376 179 264 262 280 465 500 699 622 108 207 126 199 122 366 623 519 304 726 498 454 129 589 353 723 599 442 154 349 247 822 639 431 526 372 326 333 535 397 730 377 232 243 606 669 268 387 689 380 117 180 592 531 215 54 271 757 689 474 656 437 359 675 568 739 142 562 356 104 722 656 631 444 491 118 214 225 487 735 700 463 93 504 191 321 316 338 757 496 636 364 695 568 377 500 509 344 686 697 833 541
959 698 585 997 905 562 944 775 502 719 855 302 808 726 0 447 743 736 1067 361 517 476 350 59 993 885 478 677 274 570 596 348 382 325 40 1003 686 555 710 298 463 173 892 637 896 410 475 399 320 675 1066 575 723 771 893 892 795 1098 682 1055 209 220 118 508 100 604 534 565 426 876 710 333 955 718 459 486 190 300 697 994 631 283 738 753 150 501 393 378 813 1006 584 290 89 614 727 1084 589 294 863 1041 807 637 427 825 865 326 782 983 477 601 555 1005 601 751 895 908 357 913 543 312 455 1054 261 376 583 981 79 612 617 572 282 282 708 338 886 837 899 361 613 297 813 806 790 235 336 698 657 685 378 551 969 482 977 482 735 212 415 690 831 685 851 842 405 114 981 840 284 492 527 833 519 938 421 469 748 835 498 724 267 473 869 468 939 899 992 608 359 390 895 584 855 416 188 986 696 303 854 794 564 302 743 747 772 821 242 450 764 284 301 482 287 551 470 777 466 878 826 70 200 539 485 596 803 807 538 637 54 41 1001 815 1129 816 535 722 435 457 305 90 382 185 271 349 1108 866 649 45 108 586 420
675 525 207 550 460 141 540 333 399 321 561 158 546 328 447 0 530 300 620 629 292 111 471 433 704 438 504 453 226 524 183 662 74 216 439 587 604 407 299 519 485 315 473 292 453 258 255 423 255 291 622 251 449 637 525 686 627 651 269 615 519 379 353 87 350 214 126 121 402 443 267 392 519 546 244 49 517 185 325 805 191 187 294 353 446 151 466 614 452 561 195 607 367 302 365 638 258 404 438 594 501 531 520 393 418 417 380 535 126 320 304 560 581 364 689 562 346 473 96 342 175 613 215 331 321 628 374 166 577 158 254 203 260 209 439 433 466 577 569 163 566 433 499 392 624 625 224 606 244 159 534 74 539 178 622 375 532 347 501 249 409 423 43 368 763 562 397 213 463 407 306 491 403 543 592 472 349 278 622 577 653 229 654 452 546 573 87 606 454 327 535 520 349 595 283 532 418 430 148 445 647 299 359 374 562 376 622 495 240 344 513 301 426 338 512 613 411 423 454 605 425 535 373 361 261 291 472 432 737 401 682 484 356 285 12 441 342 365 226 485 241 154 662 699 226 415 456 534 227
229 66 350 685 595 616 426 506 246 754 161 620 92 348 743 530 0 469 765 624 822 419 458 692 264 602 343 77 694 249 649 689 512 444 765 499 199 937 722 554 344 726 447 270 717 347 785 372 751 323 684 284 111 147 312 159 107 789 698 638 640 821 727 458 660 360 424 495 917 758 609 880 552 65 316 557 656 495 789 276 597 518 508 774 626 673 407 585 271 656 368 669 661 237 269 798 281 470 782 737 162 165 418 728 615 446 362 714 404 211 830 657 279 800 162 276 848 553 512 830 705 649 668 841 844 334 716 551 251 634 473 503 552 435 619 381 504 555 246 527 79 293 132 840 643 215 633 202 381 391 553 458 575 707 163 814 445 243 212 457 538 426 547 630 244 131 866 742 248 453 836 695 917 395 98 279 245 585 718 430 129 759 213 671 651 258 549 560 725 203 204 431 775 416 708 563 727 272 424 486 194 560 388 619 659 899 129 544 458 261 559 828 947 489 366 146 408 772 589 388 275 227 458 562 269 783 727 706 259 403 822 212 212 649 534 958 440 659 385 628 710 463 824 172 655 698 669 1061 753
507 501 187 277 178 260 261 46 489 317 407 458 431 122 736 300 469 0 357 841 495 266 659 713 525 166 631 413 524 599 267 889 355 442 734 294 628 611 284 735 617 615 183 216 253 414 480 581 542 150 332 248 357 613 292 587 576 388 270 318 766 677 651 228 637 163 205 179 661 289 160 674 220 517 363 278 769 443 366 699 194 456 40 327 705 353 632 816 248 275 177 841 651 263 202 384 239 612 314 329 352 560 678 261 163 612 135 282 270 303 484 274 655 357 590 349 621 176 206 628 413 318 515 601 484 394 669 169 638 268 491 463 101 429 176 168 166 777 630 439 460 219 368 689 845 650 213 631 426 196 234 254 240 396 618 674 699 226 323 51 117 138 342 643 640 425 688 425 549 112 510 249 663 684 562 259 435 128 869 724 554 457 487 217 262 639 383 800 260 330 358 683 648 325 275 748 258 231 174 651 648 93 102 152 805 623 594 713 471 442 732 483 672 41 648 476 134 720 699 725 532 596 76 100 303 387 754 716 578 126 421 309 414 199 312 693 548 649 411 736 539 396 411 632 241 700 726 754 481
705 814 544 82 182 517 367 311 840 426 647 770 699 442 1067 620 765 357 0 1199 695 617 1017 1052 707 191 983 729 821 941 494 1245 688 794 1058 316 950 784 412 1092 970 924 319 559 191 771 702 938 817 491 114 601 657 912 479 839 864 31 428 169 1119 965 968 568 970 521 554 504 885 246 360 929 216 824 721 582 1121 788 480 931 441 797 340 405 1053 601 989 1173 495 111 534 1197 986 606 507 34 591 969 285 28 612 889 1034 284 203 969 409 84 623 645 666 109 994 431 841 538 872 212 524 893 664 152 821 847 652 535 993 454 973 512 842 808 359 782 184 383 260 1135 966 777 728 471 638 972 1202 970 424 953 783 552 221 596 197 639 927 964 1056 547 565 403 245 339 662 984 862 676 957 653 896 317 706 130 889 1038 863 490 787 343 1223 1078 810 688 693 169 114 976 707 1158 197 674 589 1040 947 416 419 1105 249 492 525 1009 958 321 390 245 1159 840 894 1070 823 795 1089 667 880 318 1001 714 358 1039 1052 1073 884 933 323 265 657 539 1091 1052 772 364 64 559 762 360 632 906 905 985 767 1087 833 743 59 902 441 1035 1070 920 729
853 560 655 1119 1019 770 967 887 401 948 776 549 711 777 361 629 624 841 1199 0 816 588 186 310 887 1007 280 587 567 380 811 66 555 416 401 1038 479 883 928 110 280 498 944 661 1063 427 770 274 632 723 1163 607 660 580 879 733 625 1229 898 1136 152 573 452 645 372 679 649 714 771 1065 883 684 1033 572 480 678 171 444 945 805 816 447 860 981 228 746 226 40 807 1113 664 81 353 619 741 1224 619 231 1065 1170 750 467 205 1017 999 229 827 1121 580 587 849 1112 375 989 735 869 695 1006 704 653 722 1141 542 709 876 939 410 781 402 785 375 427 856 426 1016 876 974 70 402 473 703 813 723 590 30 481 852 477 416 647 1042 620 1058 745 538 564 178 696 791 796 956 900 600 322 817 750 639 767 376 906 823 1083 767 232 580 827 438 883 132 205 722 755 838 1046 1101 392 558 66 1066 559 801 193 532 987 913 96 1037 794 677 190 531 889 832 969 121 787 581 134 390 425 115 846 815 881 258 770 881 430 191 270 359 406 886 935 552 897 308 328 871 870 1263 781 474 908 620 806 295 353 433 183 572 477 1251 681 855 340 257 936 713
953 817 485 652 593 237 757 506 679 271 840 272 832 574 517 292 822 495 695 816 0 403 698 537 979 563 764 745 251 802 230 830 328 461 488 784 890 118 282 715 745 344 677 572 504 532 46 675 196 553 743 539 736 929 774 976 919 722 269 758 676 327 398 365 455 484 402 349 190 456 365 251 684 838 530 266 665 408 224 1095 303 393 468 298 595 153 708 813 710 682 469 770 475 590 631 699 545 622 425 677 779 818 762 411 532 645 616 615 418 610 39 679 857 281 979 821 196 631 325 232 118 750 275 169 66 879 440 327 856 227 477 418 406 460 554 660 646 781 848 369 854 687 781 325 802 911 295 892 510 437 701 363 696 115 912 330 768 622 771 458 566 634 283 499 1051 844 292 79 740 606 14 570 194 793 884 728 634 397 765 821 943 67 931 536 666 851 300 813 498 619 806 758 336 821 277 726 447 689 413 660 936 438 587 477 719 144 913 691 473 626 706 36 185 520 768 896 628 459 625 862 699 816 570 501 553 159 564 526 1018 620 746 754 645 347 290 211 573 475 494 641 250 406 717 991 270 509 582 259 102
570 414 115 540 443 221 472 309 302 393 456 231 437 254 476 111 419 266 617 588 403 0 415 448 600 426 422 342 307 428 262 631 112 177 477 528 500 518 366 479 405 377 416 191 474 176 366 351 351 206 599 142 339 528 438 575 516 648 336 583 501 456 402 60 375 130 62 128 507 480 297 486 481 436 146 143 504 177 410 694 239 192 277 422 438 258 399 567 362 542 110 580 388 194 273 640 151 357 484 589 397 426 450 433 414 363 309 536 15 209 413 541 486 439 578 469 446 442 126 436 286 583 288 434 429 537 413 198 478 240 225 197 267 165 432 365 424 529 471 179 456 347 393 471 589 521 278 501 175 76 494 44 503 288 515 450 467 247 402 216 383 366 132 378 653 455 484 324 368 358 417 497 508 468 482 383 249 295 605 504 542 340 549 459 528 476 149 555 477 215 434 453 418 520 350 493 451 340 92 398 540 301 296 381 541 484 512 456 206 247 476 411 534 308 434 505 350 468 434 523 334 436 328 351 150 386 489 452 631 339 681 385 251 327 115 547 293 386 157 470 324 129 666 588 290 437 459 644 336
687 399 472 936 836 613 782 705 221 792 602 426 541 592 350 471 458 659 1017 186 698 415 0 290 722 825 133 412 465 235 655 243 401 255 385 853 349 782 770 96 123 426 758 475 888 246 652 90 534 537 979 421 481 443 696 585 479 1047 739 950 187 518 395 474 308 496 473 543 693 895 712 618 848 413 296 520 206 296 796 672 650 306 680 824 202 604 51 156 623 929 482 213 297 433 555 1043 433 76 898 988 571 316 77 848 819 54 641 941 405 401 727 928 255 836 587 689 615 821 536 577 592 955 436 622 751 760 363 612 275 630 224 283 681 262 835 690 789 118 272 332 536 627 546 538 196 358 688 348 240 468 857 450 872 611 404 510 72 510 610 615 773 714 449 258 672 578 581 638 210 720 707 904 690 119 432 642 253 709 260 131 568 632 671 868 917 265 412 141 891 374 622 68 471 803 753 106 866 609 500 48 406 712 646 792 202 699 440 87 233 239 101 723 735 699 118 603 695 405 153 191 183 262 702 755 366 754 312 309 713 684 1081 599 290 741 464 732 130 296 257 185 474 317 1070 544 694 311 248 860 598
910 645 553 980 886 558 910 754 448 722 808 300 759 694 59 433 692 713 1052 310 537 448 290 0 944 866 419 627 288 512 594 304 364 287 96 972 628 586 710 240 404 197 862 600 886 365 494 341 343 641 1045 538 677 714 854 838 740 1083 681 1031 157 263 146 487 87 574 509 547 465 871 700 375 930 664 417 475 140 271 704 939 622 257 718 756 92 505 334 324 774 986 554 245 67 574 690 1071 551 236 860 1026 762 581 367 821 849 267 750 968 448 558 574 985 542 756 841 866 392 890 527 348 464 1031 269 409 602 939 103 600 559 569 241 251 692 300 869 805 873 304 555 275 763 768 744 280 288 640 650 627 335 523 943 460 952 490 678 254 355 651 788 662 829 812 393 71 928 791 328 504 470 806 541 925 460 410 692 796 448 711 230 414 816 484 890 886 972 549 346 334 886 539 811 356 225 950 695 246 848 755 540 243 686 731 742 807 194 485 707 225 261 432 230 571 509 755 407 828 796 121 141 480 430 538 777 790 497 647 40 18 950 785 1115 774 485 715 421 498 252 68 340 130 287 319 1096 811 645 30 52 628 437
34 326 497 640 577 748 342 544 506 842 144 826 185 414 993 704 264 525 707 887 979 600 722 944 0 596 606 317 902 509 771 952 709 677 1011 393 431 1097 809 818 608 953 407 411 728 584 950 635 951 426 603 458 272 338 243 189 281 724 793 548 903 1042 962 619 903 495 580 629 1106 786 685 1086 496 316 541 716 918 721 889 234 704 744 565 852 884 826 671 847 278 598 511 933 907 407 348 742 448 731 820 685 202 421 682 772 621 708 390 684 588 405 978 601 528 883 189 181 1046 522 653 1035 871 563 880 1034 985 173 957 665 499 762 713 732 625 666 616 370 471 818 496 746 185 305 209 1060 907 440 732 434 617 545 488 629 512 865 376 1036 708 357 208 540 539 417 732 879 165 153 1080 900 512 452 993 682 1107 656 317 265 496 654 982 689 181 924 54 672 599 508 747 823 738 414 172 694 1000 292 799 827 759 297 566 749 399 616 423 647 923 1080 328 808 696 513 823 976 1130 525 628 118 408 1014 850 641 539 483 476 589 472 901 981 957 65 410 751 225 459 724 711 1145 695 905 617 889 919 681 764 265 758 948 925 1233 930
586 644 353 113 30 353 266 120 653 319 507 593 547 261 885 438 602 166 191 1007 563 426 825 866 596 0 795 557 651 758 341 1054 503 604 878 254 777 667 294 900 782 750 190 374 133 580 561 747 656 305 187 412 491 749 353 698 706 222 297 195 928 799 791 380 786 330 364 319 747 195 200 777 133 657 529 405 931 600 376 801 276 610 149 312 864 445 798 982 344 124 343 1006 802 421 334 218 403 777 235 163 461 712 844 198 33 778 240 117 432 461 541 123 813 343 700 416 722 84 342 737 509 187 647 698 533 436 813 278 794 354 652 620 179 591 19 232 127 943 786 591 577 316 484 808 1010 798 270 780 591 360 150 407 137 486 760 797 865 370 420 212 63 184 481 798 735 532 800 507 711 152 576 93 750 849 699 346 599 173 1032 889 666 542 570 75 109 796 525 967 143 490 450 849 777 331 294 913 174 335 334 817 791 140 214 86 968 704 731 878 633 607 897 542 748 128 813 577 198 862 861 887 696 752 144 77 468 421 906 868 657 200 255 410 576 216 450 773 713 800 575 897 664 554 244 753 294 851 882 810 577
572 280 447 901 801 639 710 677 143 815 498 499 432 543 478 504 343 631 983 280 764 422 133 419 606 795 0 312 551 103 681 345 443 303 511 783 215 859 788 222 19 532 699 425 875 247 719 92 620 492 931 382 388 311 613 457 350 1012 759 896 320 628 509 482 424 469 471 549 787 892 712 720 797 292 280 550 339 356 828 540 662 373 658 844 334 649 85 241 546 887 460 330 416 379 492 1012 392 185 902 954 476 188 75 849 794 153 586 913 408 340 788 887 122 860 459 597 709 778 548 675 650 903 522 712 810 664 481 619 141 657 292 349 672 304 807 629 739 212 138 396 423 556 448 648 301 224 701 214 260 456 803 464 821 665 271 619 102 447 520 593 737 660 492 378 544 471 688 696 99 673 775 881 784 56 304 564 195 703 382 96 444 697 557 847 877 131 465 217 880 311 526 88 580 722 772 229 862 536 492 177 272 698 597 775 330 786 309 219 292 189 229 785 827 667 22 489 641 528 286 101 99 131 660 731 327 795 444 437 592 631 1046 512 222 746 499 827 203 415 277 319 563 360 1039 413 712 437 380 951 669
283 88 278 648 554 543 412 453 192 686 190 543 132 296 677 453 77 413 729 587 745 342 412 627 317 557 312 0 617 232 577 651 434 371 697 486 220 860 654 508 308 652 419 204 665 274 708 322 674 263 657 210 79 202 306 236 176 756 630 615 588 746 655 383 591 290 350 423 840 702 545 804 523 105 240 481 602 420 719 353 527 443 451 708 567 597 364 550 248 623 296 625 593 166 223 762 208 414 724 701 164 162 384 669 566 392 321 672 327 136 754 624 275 733 239 285 771 517 438 753 628 625 592 764 768 352 646 482 250 560 402 429 490 361 573 349 470 517 244 451 135 265 136 765 604 241 565 223 308 318 526 382 547 630 204 739 410 188 209 396 494 390 469 563 320 167 790 666 212 413 759 650 839 367 151 262 179 524 672 405 206 682 264 623 616 256 471 527 673 126 214 395 700 415 640 519 671 244 351 435 235 501 343 566 611 821 183 496 386 195 512 752 870 438 334 200 371 702 533 374 229 216 412 510 192 710 663 640 323 365 789 203 142 585 456 880 377 591 311 573 633 386 788 246 586 632 608 984 676
871 671 421 759 676 305 766 555 499 448 758 76 731 552 274 226 694 524 821 567 251 307 465 288 902 651 551 617 0 609 333 578 195 264 252 814 713 318 441 469 532 106 700 498 640 356 207 459 69 510 837 445 634 772 744 853 776 852 415 836 425 153 158 310 204 432 346 344 236 613 460 186 742 692 378 247 414 207 423 968 380 185 515 482 343 231 484 567 669 775 412 518 224 495 580 835 456 389 595 798 701 646 535 563 627 415 605 737 316 500 287 774 659 478 856 777 160 695 317 135 181 832 29 161 315 845 195 373 664 311 260 207 471 269 649 659 691 537 657 170 745 653 693 166 552 731 399 713 325 375 758 289 761 208 747 149 537 554 709 474 629 650 185 248 937 753 177 218 551 633 257 691 234 571 734 690 466 481 514 593 823 196 850 652 760 657 157 569 638 496 740 530 126 820 428 480 594 647 372 422 765 510 585 578 467 234 759 446 264 454 460 283 275 561 551 801 638 227 375 643 507 629 598 575 433 363 317 278 928 627 881 692 489 465 215 277 349 223 315 390 16 231 857 851 387 260 330 399 149
475 183 425 858 760 649 643 644 125 818 409 549 341 498 570 524 249 599 941 380 802 428 235 512 509 758 103 232 609 0 690 446 474 348 600 717 116 904 790 325 112 605 642 384 850 269 758 170 677 452 879 354 312 208 538 354 247 969 761 840 422 702 588 486 507 445 467 546 846 875 701 787 744 193 282 566 441 404 838 437 660 425 631 846 430 674 184 339 478 839 441 433 501 337 437 972 361 275 889 912 395 87 177 835 761 244 535 876 413 297 822 840 58 865 356 515 769 731 551 739 685 849 580 770 842 579 565 615 54 668 350 402 654 346 772 572 688 313 48 444 328 492 365 722 402 129 700 115 292 445 748 472 768 695 169 694 203 394 442 568 697 608 521 464 440 380 759 729 61 625 814 847 844 147 201 494 179 687 486 180 342 734 461 816 831 49 501 315 856 268 443 190 654 648 774 332 844 471 482 275 173 675 551 749 433 840 206 322 345 181 332 819 884 632 123 393 588 614 385 142 103 27 617 700 304 813 539 529 491 580 1002 436 188 737 522 887 276 500 307 419 623 396 999 309 715 527 476 1007 713
747 659 299 439 369 42 528 276 565 137 638 295 642 358 596 183 649 267 494 811 230 262 655 594 771 341 681 577 333 690 0 842 256 400 580 554 757 343 117 702 663 439 447 382 308 433 221 604 323 347 526 367 550 775 553 794 754 524 87 535 696 471 487 204 507 291 230 154 406 280 140 438 455 679 408 134 692 367 148 912 73 365 238 170 619 107 648 797 495 463 281 786 526 411 423 505 368 587 266 472 578 684 701 230 311 600 393 410 277 442 216 461 748 180 797 604 381 403 141 399 170 528 338 357 218 657 518 106 740 25 437 384 176 392 334 434 416 760 732 339 667 470 585 477 805 779 70 759 424 260 472 218 469 146 767 470 715 424 562 235 338 405 212 534 861 648 463 166 630 376 244 364 409 723 726 511 511 169 797 758 760 201 727 326 447 738 256 789 306 458 598 702 456 593 102 715 260 475 225 629 794 209 362 258 739 365 758 677 423 509 696 216 411 290 691 700 401 558 633 783 596 697 340 274 399 134 630 590 816 393 551 546 510 134 192 434 525 525 406 661 343 337 526 821 53 571 624 487 237
918 626 704 1167 1067 801 1025 934 462 978 840 569 776 830 348 662 689 889 1245 66 830 631 243 304 952 1054 345 651 578 446 842 0 587 455 388 1095 546 888 960 154 344 499 998 716 1104 477 784 333 640 776 1214 660 722 646 939 799 692 1276 929 1188 153 566 450 685 376 728 693 754 769 1103 921 679 1086 637 531 710 165 476 971 871 852 476 905 1011 234 770 287 107 866 1162 712 60 357 675 797 1270 672 276 1100 1217 812 533 270 1054 1044 281 882 1167 623 644 864 1162 442 1018 801 931 696 1056 742 652 742 1192 555 712 891 1001 407 819 469 816 410 458 898 466 1061 931 1026 133 469 502 768 870 786 582 46 547 886 543 463 693 1095 659 1110 765 605 558 243 753 852 842 1004 953 630 330 883 814 631 786 441 958 835 1128 765 299 647 886 497 924 88 271 788 771 903 1090 1150 458 586 132 1106 617 863 258 529 1047 944 141 1076 852 721 238 597 932 884 1012 111 789 648 176 427 483 156 861 814 929 323 835 934 418 210 335 422 472 937 981 605 920 293 320 937 924 1310 842 533 945 652 802 340 357 478 188 581 513 1296 747 888 334 253 932 727
678 498 227 616 523 214 580 393 351 393 564 119 541 362 382 74 512 355 688 555 328 112 401 364 709 503 443 434 195 474 256 587 0 146 378 633 563 435 373 445 424 266 519 303 526 204 285 359 242 318 684 250 443 606 551 670 602 719 342 674 445 343 297 128 283 241 158 183 405 518 340 377 575 519 205 122 443 111 394 788 265 112 356 426 372 206 399 541 474 624 220 532 298 301 385 707 261 331 513 662 507 491 453 468 485 346 417 604 121 309 347 623 530 435 673 581 339 532 163 326 210 673 176 329 368 650 313 238 528 230 180 129 328 141 506 472 520 504 520 89 557 459 500 359 549 583 299 564 184 184 589 102 596 222 587 338 464 359 514 303 469 469 48 296 752 561 372 255 412 457 340 561 405 479 564 495 306 348 548 511 639 261 657 522 610 523 38 534 527 309 545 452 306 630 357 458 492 453 187 373 609 367 401 444 488 387 592 421 168 298 439 344 435 396 450 610 455 365 380 544 372 487 424 426 244 354 403 364 736 444 751 497 320 359 64 445 271 297 168 411 211 84 732 676 300 347 384 551 245
644 413 269 718 619 358 623 486 235 537 535 201 495 409 325 216 444 442 794 416 461 177 255 287 677 604 303 371 264 348 400 455 146 0 337 686 449 558 515 306 283 281 578 312 648 97 416 214 329 355 774 250 405 509 567 601 517 826 484 754 324 377 285 229 229 291 240 299 499 648 466 446 652 434 136 265 327 56 541 714 399 78 454 569 263 351 253 399 488 718 272 404 236 288 402 817 264 188 648 767 485 382 307 600 592 200 464 714 171 277 485 717 400 580 604 583 424 616 287 397 347 756 235 423 508 655 280 364 403 374 49 59 443 13 610 519 593 361 396 96 505 481 470 396 414 468 435 450 63 246 664 203 675 363 483 370 318 364 506 392 559 529 195 216 688 524 426 393 288 526 472 674 497 335 474 509 205 468 428 365 574 393 623 636 704 396 162 390 650 263 531 306 331 662 499 320 621 468 269 229 501 477 458 558 364 492 497 282 29 192 302 482 536 483 307 566 512 337 257 402 244 366 499 529 212 501 328 295 692 501 858 491 233 492 208 540 125 235 59 293 278 62 844 592 440 282 288 659 367
977 722 589 990 900 548 949 771 527 700 871 288 827 730 40 439 765 734 1058 401 488 477 385 96 1011 878 511 697 252 600 580 388 378 337 0 1006 716 520 692 337 495 146 894 646 883 426 448 429 292 680 1061 585 740 799 902 916 821 1088 665 1052 250 182 93 506 108 607 533 559 389 861 699 295 953 742 473 475 230 306 675 1020 619 287 733 733 188 482 426 418 823 1001 587 331 104 625 736 1074 598 326 845 1032 822 665 462 810 857 357 786 973 480 615 526 999 633 730 919 920 321 910 536 276 433 1051 242 342 554 992 65 603 649 557 297 289 699 350 879 842 898 400 644 298 833 814 806 197 377 729 643 715 394 553 967 480 974 460 764 175 451 700 844 682 847 843 397 137 1005 857 246 468 555 833 489 928 384 505 774 845 520 714 306 510 892 442 957 889 986 639 352 430 882 599 869 451 154 993 678 342 840 803 564 337 773 739 774 812 282 415 791 322 316 504 326 523 433 774 500 897 828 31 238 575 513 626 802 801 550 614 94 77 1021 817 1119 829 555 708 427 419 331 105 395 225 246 354 1098 893 633 74 147 547 393
395 558 418 257 226 552 73 277 643 565 355 744 417 277 1003 587 499 294 316 1038 784 528 853 972 393 254 783 486 814 717 554 1095 633 686 1006 0 696 896 537 942 775 899 113 381 382 627 772 764 836 331 209 441 407 638 187 541 584 331 534 154 995 967 930 506 903 399 474 471 955 448 423 968 124 563 572 571 1003 703 622 622 481 720 316 562 946 646 813 1006 238 211 419 1057 914 420 297 351 428 825 489 296 336 648 847 453 287 815 221 307 526 451 768 214 762 594 543 237 916 171 498 922 707 169 802 896 765 220 942 462 737 559 734 721 378 673 272 167 139 969 731 708 444 227 366 980 1049 714 491 700 650 452 109 530 130 690 662 963 873 342 286 341 223 164 629 900 552 387 981 717 686 182 798 319 957 840 595 223 600 390 1094 880 515 750 385 323 216 742 665 986 392 479 300 856 935 100 533 954 428 247 445 858 692 347 232 333 1029 916 621 923 714 613 942 768 964 264 804 417 177 996 929 858 687 702 218 290 492 658 1013 978 459 188 358 287 566 452 599 986 767 913 640 969 829 654 372 610 518 963 975 1039 776
400 138 472 868 774 719 623 670 214 879 357 649 288 515 686 604 199 628 950 479 890 500 349 628 431 777 215 220 713 116 757 546 563 449 716 696 0 998 848 437 227 716 637 412 881 361 849 287 779 477 876 399 294 101 510 258 152 976 821 832 536 813 702 553 621 489 528 607 948 914 748 894 742 133 360 642 555 506 905 327 719 528 664 903 546 755 299 438 463 843 489 540 616 368 443 982 402 391 933 922 360 73 286 878 785 361 541 892 484 329 907 844 104 926 259 474 873 737 616 845 772 842 684 872 925 530 679 672 77 737 458 506 697 445 792 569 690 416 78 544 268 483 330 833 504 21 757 3 389 501 744 544 766 780 59 805 309 406 411 605 714 610 607 579 338 325 868 815 164 633 903 869 947 249 114 474 256 730 593 274 253 824 390 841 837 87 593 413 888 306 403 299 765 616 833 442 883 461 538 391 57 712 563 781 544 940 105 435 450 264 444 904 985 656 233 324 592 730 501 215 209 90 632 727 359 886 656 645 402 585 1009 409 249 787 604 990 389 615 401 534 727 491 1009 201 776 643 593 1106 806
1071 930 603 748 697 354 871 619 784 358 958 360 950 693 555 407 937 611 784 883 118 518 782 586 1097 667 859 860 318 904 343 888 435 558 520 896 998 0 376 787 840 389 791 691 593 637 151 768 251 672 842 656 853 1040 892 1092 1033 809 369 861 736 342 441 483 512 603 521 468 147 538 473 238 791 951 640 384 722 503 303 1212 417 485 581 379 655 271 797 884 829 781 587 828 531 707 750 784 662 706 503 768 898 926 850 499 634 731 733 707 532 727 127 779 958 354 1095 940 199 738 444 244 231 852 346 178 134 997 484 444 959 343 568 509 518 559 656 777 757 855 952 463 971 805 899 333 865 1018 404 999 612 556 809 479 802 233 1022 348 853 741 890 575 675 749 393 561 1168 963 289 197 843 720 104 663 153 884 997 847 741 506 817 909 1060 177 1050 632 766 953 404 887 587 733 925 845 366 936 374 798 535 808 531 740 1045 548 704 580 777 108 1025 764 567 733 778 127 116 633 861 1015 744 489 691 955 801 920 684 609 668 247 607 572 1137 736 829 873 755 450 403 143 662 531 598 702 311 508 799 1106 378 556 635 143 191
789 740 378 372 324 158 527 273 666 33 686 410 701 398 710 299 722 284 412 928 282 366 770 710 809 294 788 654 441 790 117 960 373 515 692 537 848 376 0 819 771 548 443 452 221 541 292 714 421 403 465 450 616 856 576 857 829 440 30 486 814 570 598 306 623 364 323 243 472 177 124 521 423 759 511 250 810 484 84 973 129 483 245 56 737 210 760 914 531 405 360 903 642 488 473 417 448 703 154 395 628 775 813 129 260 715 419 333 380 523 254 402 848 78 860 633 464 371 240 489 266 476 449 437 242 676 631 175 838 143 553 502 183 507 281 448 398 876 830 457 728 503 640 574 923 870 90 851 535 347 441 325 431 238 852 570 828 484 604 272 313 410 329 652 916 701 553 245 731 376 294 288 476 833 806 543 611 156 915 869 823 280 770 256 390 836 374 905 215 543 640 814 561 594 16 832 164 513 310 744 880 198 386 207 857 427 838 794 540 610 813 255 467 291 800 753 411 668 751 890 700 794 344 247 490 129 746 705 860 406 464 589 605 87 308 493 640 641 517 779 450 453 436 892 76 687 741 517 325
784 494 550 1013 913 660 872 780 317 839 699 445 637 676 298 519 554 735 1092 110 715 479 96 240 818 900 222 508 469 325 702 154 445 306 337 942 437 787 819 0 215 410 844 562 953 322 669 186 536 621 1059 505 577 534 789 678 572 1123 788 1034 103 493 369 535 284 573 540 605 683 955 773 601 931 509 376 568 124 335 836 763 706 339 752 872 149 638 147 98 715 1008 558 117 268 521 644 1117 517 122 955 1064 667 409 151 907 891 126 727 1014 471 491 747 1007 337 880 681 784 606 901 594 565 617 1038 442 618 773 855 331 671 361 676 265 318 747 317 908 777 871 67 358 365 633 718 642 512 110 443 742 435 309 539 940 510 955 639 493 485 130 600 705 688 850 798 491 232 766 675 559 663 306 803 722 975 680 191 525 735 346 774 163 183 663 652 767 938 995 350 449 100 956 465 718 138 449 896 803 13 927 700 569 84 493 780 729 861 107 695 532 24 280 331 10 743 727 775 203 700 780 362 101 253 280 353 782 827 451 789 252 259 809 769 1156 694 384 798 510 721 187 268 324 114 476 367 1143 635 745 266 190 850 612
