76
0 854 99 510 205 412 634 266 294 578 747 539 166 206 469 327 708 225 556 84 504 270 426 536 260 595 222 483 367 506 153 575 689 131 168 612 572 863 471 572 494 142 306 698 490 410 598 328 636 634 185 654 420 413 697 593 616 185 184 265 569 315 248 655 326 353 319 284 110 358 255 290 318 37 651 293
854 0 953 388 757 901 278 712 803 659 186 332 861 933 838 853 749 826 669 938 919 761 718 893 1028 736 937 645 799 876 779 505 165 725 695 812 465 108 523 630 754 715 1159 305 538 532 573 547 391 250 779 203 987 706 891 456 458 681 1023 866 479 586 1099 725 1159 1170 906 892 818 946 1106 576 954 891 402 794
99 953 0 608 279 444 729 344 334 652 843 639 206 193 517 351 775 276 630 24 538 337 481 560 208 660 227 547 405 531 230 664 788 231 263 653 656 961 553 649 556 239 206 795 569 496 680 427 731 733 244 753 432 470 747 676 708 279 112 302 651 410 154 723 245 279 327 312 180 356 155 389 328 62 745 335
510 388 608 0 376 516 312 326 570 331 370 67 482 643 463 628 461 441 330 589 544 373 560 753 732 404 554 529 600 726 406 191 244 379 381 730 431 441 404 302 389 391 812 192 435 360 266 181 158 139 499 194 600 543 568 440 185 372 659 478 441 206 742 419 788 794 667 504 450 713 764 220 566 547 180 562
205 757 279 376 0 247 593 65 447 374 692 425 106 406 278 493 502 76 352 255 329 68 540 691 465 390 179 569 512 659 51 390 599 143 225 738 596 791 508 370 290 202 463 546 536 441 401 213 470 514 332 555 293 523 500 615 438 236 294 128 598 171 382 449 414 418 501 156 99 544 423 195 217 232 481 442
412 901 444 516 247 0 793 238 688 319 877 580 245 616 100 730 386 190 297 421 93 190 788 933 652 282 222 816 756 902 282 428 761 389 473 986 829 958 748 336 188 449 561 632 777 680 393 411 541 651 572 711 90 771 312 846 484 484 392 146 832 358 470 346 442 418 729 132 306 769 541 412 135 424 542 684
634 278 729 312 593 793 0 567 533 643 116 246 683 676 758 580 769 668 642 718 838 619 440 616 772 716 765 367 523 598 598 498 158 518 466 541 192 242 245 613 693 491 930 382 259 262 574 386 422 249 525 181 866 428 880 187 475 450 815 717 206 437 882 729 957 976 634 745 627 673 875 398 808 669 443 524
266 712 344 326 65 238 567 0 486 312 660 380 166 462 244 535 444 115 290 320 307 52 565 726 525 333 229 585 547 695 114 325 558 181 255 763 591 753 510 306 239 237 528 488 540 443 336 181 409 465 373 512 301 547 455 609 374 262 358 154 594 131 446 391 473 473 548 181 164 593 488 175 244 295 419 480
294 803 334 570 447 688 533 486 0 771 647 564 453 176 725 57 914 497 754 340 775 514 154 245 261 810 516 235 72 214 405 711 648 305 233 320 392 775 297 755 724 249 477 756 298 271 760 428 727 648 116 633 709 148 941 411 734 230 446 546 382 453 470 861 572 611 103 568 384 146 424 390 609 304 747 8
578 659 652 331 374 319 643 312 771 0 692 396 454 772 224 825 145 385 24 628 291 316 816 996 838 77 485 809 823 966 425 155 553 482 539 1006 749 739 701 30 131 529 821 359 733 643 88 356 269 429 667 503 408 797 239 761 202 540 646 384 757 320 734 94 734 720 846 394 473 893 788 387 435 607 260 764
747 186 843 370 692 877 116 660 647 692 0 303 787 793 833 693 807 766 695 831 913 711 546 714 888 768 868 468 634 699 702 539 144 627 580 627 284 127 355 662 760 604 1045 383 364 377 615 480 445 267 641 190 955 536 931 273 506 564 926 813 298 529 995 772 1067 1085 748 841 733 785 990 497 904 782 463 639
539 332 639 67 425 580 246 380 564 396 303 0 529 654 530 620 523 494 397 621 611 429 536 729 746 471 604 495 586 703 449 252 180 408 396 695 380 377 366 367 457 410 845 194 395 331 327 217 193 94 505 132 662 519 635 387 235 385 698 534 391 253 778 483 831 840 664 561 491 709 794 251 623 577 215 555
166 861 206 482 106 245 683 166 453 454 787 529 0 370 310 490 570 70 431 182 338 140 570 698 410 456 82 613 523 667 85 490 701 183 265 763 666 891 572 455 351 236 368 652 597 505 493 314 575 620 338 658 256 554 540 686 540 280 194 99 666 276 282 519 308 311 486 117 71 525 333 290 158 178 585 450
206 933 193 643 406 616 676 462 176 772 793 654 370 0 675 172 907 431 751 209 709 473 331 373 95 795 412 411 238 345 356 747 771 292 262 478 558 919 457 762 697 257 301 836 464 417 781 473 789 746 153 747 616 325 903 578 781 271 299 470 550 479 304 853 410 452 137 486 316 163 249 431 512 193 806 181
469 838 517 463 278 100 758 244 725 224 833 530 310 675 0 772 286 244 202 493 80 210 810 968 721 181 307 827 789 936 323 347 707 419 498 1008 817 903 745 243 93 478 651 556 775 679 303 392 464 592 610 657 185 792 230 833 403 506 478 215 822 339 560 245 540 518 778 212 358 821 627 402 232 487 462 720
327 853 351 628 493 730 580 535 57 825 693 620 490 172 772 0 968 539 808 362 819 562 172 210 242 863 549 259 71 180 449 768 700 354 286 305 429 821 339 810 774 299 473 813 336 321 816 485 784 704 162 686 747 172 990 448 791 285 463 586 419 509 476 914 581 622 57 607 424 93 422 446 645 331 804 65
708 749 775 461 502 386 769 444 914 145 807 523 570 907 286 968 0 500 160 750 324 439 961 1141 968 114 586 954 968 1111 554 271 664 620 681 1151 888 838 844 167 219 670 929 443 875 787 195 501 364 539 809 616 464 943 158 899 300 683 754 487 897 464 839 53 825 804 987 491 600 1033 901 532 518 734 349 908
225 826 276 441 76 190 668 115 497 385 766 494 70 431 244 539 500 0 362 251 280 76 602 743 477 386 114 637 566 711 94 429 670 204 289 799 671 864 582 387 280 263 436 601 609 514 428 286 520 580 381 625 222 586 473 690 481 301 261 53 673 241 349 449 363 360 540 81 116 581 402 270 141 243 529 494
556 669 630 330 352 297 642 290 754 24 695 397 431 751 202 808 160 362 0 605 272 293 802 981 816 74 461 798 807 951 403 164 558 462 521 994 743 746 692 42 109 511 798 371 723 633 103 343 279 434 649 507 386 784 238 755 214 523 622 360 751 304 710 107 710 696 828 370 451 874 764 373 411 584 273 747
84 938 24 589 255 421 718 320 340 628 831 621 182 209 493 362 750 251 605 0 515 312 484 571 230 636 206 548 412 542 206 641 773 213 251 660 650 948 548 625 532 226 223 775 565 489 657 407 709 715 245 737 411 473 723 671 685 268 108 278 646 389 164 698 247 278 340 289 156 372 175 370 307 49 723 341
504 919 538 544 329 93 838 307 775 291 913 611 338 709 80 819 324 280 272 515 0 265 869 1020 746 235 315 892 841 988 369 424 788 472 555 1067 891 984 815 314 168 532 650 634 845 748 375 466 541 672 659 738 144 851 226 907 479 564 484 239 895 413 560 292 524 496 820 226 397 861 633 474 223 517 538 771
270 761 337 373 68 190 619 52 514 316 711 429 140 473 210 562 439 76 293 312 265 0 603 758 529 325 190 628 579 726 117 353 608 209 289 801 641 804 558 315 223 268 508 527 587 490 353 233 445 512 400 561 249 586 431 659 404 299 334 105 644 182 422 386 440 436 569 131 160 613 472 226 194 295 453 510
426 718 481 560 540 788 440 565 154 816 546 536 570 331 810 172 961 602 802 484 869 603 0 192 411 866 642 88 101 167 508 728 578 399 315 198 268 673 194 795 792 340 632 730 181 206 788 460 719 606 241 574 823 18 1011 285 740 304 592 654 256 498 622 909 723 760 228 680 498 253 578 429 728 443 741 150
536 893 560 753 691 933 616 726 245 996 714 729 698 373 968 210 1141 743 981 571 1020 758 192 0 419 1042 759 248 178 31 651 917 762 548 470 136 429 837 378 978 961 490 659 922 358 398 974 642 911 798 361 762 955 210 1179 441 931 464 670 791 415 677 676 1089 782 825 236 814 630 222 613 609 854 541 933 249
260 1028 208 732 465 652 772 525 261 838 888 746 410 95 721 242 968 477 816 230 746 529 411 419 0 854 435 496 313 395 413 825 866 368 351 537 650 1014 550 831 753 342 240 924 556 512 854 558 873 839 249 841 639 408 951 670 862 361 292 508 641 558 269 915 374 420 192 519 368 196 196 516 535 235 890 268
595 736 660 404 390 282 716 333 810 77 768 471 456 795 181 863 114 386 74 636 235 325 866 1042 854 0 473 866 866 1011 441 233 630 512 577 1060 816 817 762 107 106 564 816 435 794 702 164 410 345 506 702 580 366 848 164 828 279 580 641 374 823 368 726 65 716 697 879 379 486 925 787 437 410 620 336 804
222 937 227 554 179 222 765 229 516 485 868 604 82 412 307 549 586 114 461 206 315 190 642 759 435 473 0 689 588 728 167 541 778 264 344 832 748 970 653 490 367 315 344 716 677 586 535 392 635 693 404 734 204 627 533 768 594 359 171 100 748 350 254 538 252 246 537 95 150 573 320 370 100 221 643 515
483 645 547 529 569 816 367 585 235 809 468 495 613 411 827 259 954 637 798 548 892 628 88 248 496 866 689 0 189 231 543 708 513 433 349 201 186 594 132 787 800 376 710 685 109 169 773 456 685 556 303 515 859 87 1017 200 713 335 657 690 173 500 694 904 792 826 316 717 541 341 655 432 769 504 707 229
367 799 405 600 512 756 523 547 72 823 634 586 523 238 789 71 968 566 807 412 841 579 101 178 313 866 588 189 0 147 473 753 651 370 292 248 364 762 279 806 783 311 540 781 272 270 806 473 759 665 185 641 780 103 1001 381 772 287 517 615 353 503 538 914 642 681 127 638 454 154 488 437 681 376 780 73
506 876 531 726 659 902 598 695 214 966 699 703 667 345 936 180 1111 711 951 542 988 726 167 31 395 1011 728 231 147 0 619 889 742 517 439 148 415 823 357 948 930 458 634 898 339 374 945 613 885 774 330 740 923 184 1148 427 903 433 641 760 401 646 649 1058 755 798 209 782 598 199 587 579 823 511 906 217
153 779 230 406 51 282 598 114 405 425 702 449 85 356 323 449 554 94 403 206 369 117 508 651 413 441 167 543 473 619 0 435 618 109 194 704 586 807 493 420 341 168 419 582 519 426 450 232 510 541 289 576 316 491 548 605 482 207 255 147 586 199 340 501 382 391 454 173 50 497 376 205 228 181 523 401
575 505 664 191 390 428 498 325 711 155 539 252 490 747 347 768 271 429 164 641 424 353 728 917 825 233 541 708 753 889 435 0 399 457 492 909 623 583 589 125 256 490 853 209 620 538 76 283 117 274 620 349 518 710 393 632 56 488 683 447 632 268 771 233 793 787 798 465 486 846 812 322 518 609 114 703
689 165 788 244 599 761 158 558 648 553 144 180 701 771 707 700 664 670 558 773 788 608 578 762 866 630 778 513 651 742 618 399 0 561 530 696 348 197 384 523 630 550 994 241 404 381 473 386 301 124 617 50 842 564 792 345 363 516 859 712 362 429 935 631 996 1008 751 739 656 793 941 413 802 726 319 639
131 725 231 379 143 389 518 181 305 482 627 408 183 292 419 354 620 204 462 213 472 209 399 548 368 512 264 433 370 517 109 457 561 0 85 596 484 740 388 471 420 59 437 568 413 322 488 197 509 502 192 524 426 382 636 504 494 98 299 257 483 190 373 567 439 458 367 283 115 413 386 158 336 169 525 300
168 695 263 381 225 473 466 255 233 539 580 396 265 262 498 286 681 289 521 251 555 289 315 470 351 577 344 349 292 439 194 492 530 85 0 512 410 698 311 524 491 29 466 573 334 247 533 212 526 490 129 499 511 298 709 430 522 16 352 342 408 225 416 628 494 518 309 368 194 356 412 170 420 202 544 227
612 812 653 730 738 986 541 763 320 1006 627 695 763 478 1008 305 1151 799 994 660 1067 801 198 136 537 1060 832 201 248 148 704 909 696 596 512 0 349 744 329 984 988 537 775 883 301 370 972 650 885 752 427 705 1018 215 1207 356 914 502 765 850 335 692 782 1100 887 927 346 875 692 344 725 623 922 624 907 320
572 465 656 431 596 829 192 591 392 749 284 380 666 558 817 429 888 671 743 650 891 641 268 429 650 816 748 186 364 415 586 623 348 484 410 349 0 408 103 723 770 439 841 552 94 163 695 425 572 417 421 361 888 261 976 20 614 393 756 724 14 478 809 842 898 926 486 753 599 518 785 418 812 602 594 384
863 108 961 441 791 958 242 753 775 739 127 377 891 919 903 821 838 864 746 948 984 804 673 837 1014 817 970 594 762 823 807 583 197 740 698 744 408 0 483 709 823 722 1165 396 491 504 655 578 475 313 766 246 1040 663 975 395 541 683 1040 908 421 623 1112 811 1179 1195 876 935 842 913 1110 601 998 899 489 766
471 523 553 404 508 748 245 510 297 701 355 366 572 457 745 339 844 582 692 548 815 558 194 378 550 762 653 132 279 357 493 589 384 388 311 329 103 483 0 676 706 340 738 554 31 67 656 357 557 424 318 384 802 183 919 124 589 294 654 635 98 407 706 795 795 824 395 663 503 431 682 342 721 499 579 289
572 630 649 302 370 336 613 306 755 30 662 367 455 762 243 810 167 387 42 625 314 315 795 978 831 107 490 787 806 948 420 125 523 471 524 984 723 709 676 0 149 516 823 330 708 620 61 335 239 399 653 473 425 777 269 734 173 525 648 390 731 302 736 119 741 728 833 402 469 880 788 368 446 602 232 748
494 754 556 389 290 188 693 239 724 131 760 457 351 697 93 774 219 280 109 532 168 223 792 961 753 106 367 800 783 930 341 256 630 420 491 988 770 823 706 149 0 475 710 466 738 643 209 348 373 510 612 579 277 774 218 785 311 496 535 268 776 300 620 170 612 594 787 273 384 832 681 368 308 518 370 718
142 715 239 391 202 449 491 237 249 529 604 410 236 257 478 299 670 263 511 226 532 268 340 490 342 564 315 376 311 458 168 490 550 59 29 537 439 722 340 516 475 0 444 583 363 276 528 215 531 505 138 518 484 323 692 459 523 45 324 315 437 222 390 616 467 490 317 341 165 363 390 174 392 177 549 243
306 1159 206 812 463 561 930 528 477 821 1045 845 368 301 651 473 929 436 798 223 650 508 632 659 240 816 344 710 540 634 419 853 994 437 466 775 841 1165 738 823 710 444 0 997 750 687 861 631 929 939 419 960 516 625 873 862 901 481 175 441 835 611 90 881 160 207 428 439 369 436 55 594 426 268 941 481
698 305 795 192 546 632 382 488 756 359 383 194 652 836 556 813 443 601 371 775 634 527 730 922 924 435 716 685 781 898 582 209 241 568 573 883 552 396 554 330 466 583 997 0 581 524 271 370 92 135 690 203 721 713 586 555 157 564 837 629 565 386 923 420 960 961 855 652 630 901 950 411 709 735 98 748
490 538 569 435 536 777 259 540 298 733 364 395 597 464 775 336 875 609 723 565 845 587 181 358 556 794 677 109 272 339 519 620 404 413 334 301 94 491 31 708 738 363 750 581 0 96 688 389 587 450 330 407 829 172 950 113 620 318 673 662 85 438 722 827 813 843 393 690 527 426 695 373 747 517 609 290
410 532 496 360 441 680 262 443 271 643 377 331 505 417 679 321 787 514 633 489 748 490 206 398 512 702 586 169 270 374 426 538 381 322 247 370 163 504 67 620 643 276 687 524 96 0 603 294 517 401 270 371 734 190 857 183 544 230 594 568 161 343 650 737 736 763 374 596 437 414 631 276 654 440 539 263
598 573 680 266 401 393 574 336 760 88 615 327 493 781 303 816 195 428 103 657 375 353 788 974 854 164 535 773 806 945 450 76 473 488 533 972 695 655 656 61 209 528 861 271 688 603 0 332 182 349 663 424 484 769 319 705 115 532 688 436 704 307 776 157 787 777 842 451 500 889 823 369 498 629 172 752
328 547 427 181 213 411 386 181 428 356 480 217 314 473 392 485 501 286 343 407 466 233 460 642 558 410 392 456 473 613 232 283 386 197 212 650 425 578 357 335 348 215 631 370 389 294 332 0 315 311 339 344 480 441 562 441 310 206 480 332 430 53 562 449 613 623 515 361 273 563 582 41 424 365 333 421
636 391 731 158 470 541 422 409 727 269 445 193 575 789 464 784 364 520 279 709 541 445 719 911 873 345 635 685 759 885 510 117 301 509 526 885 572 475 557 239 373 531 929 92 587 517 182 315 0 178 650 255 631 701 500 578 66 519 764 545 584 320 851 335 883 881 821 566 559 868 884 357 623 672 22 718
634 250 733 139 514 651 249 465 648 429 267 94 620 746 592 704 539 580 434 715 672 512 606 798 839 506 693 556 665 774 541 274 124 502 490 752 417 313 424 399 510 505 939 135 450 401 349 311 178 0 595 76 736 591 667 420 239 478 791 618 430 343 872 506 923 931 749 643 584 794 889 345 705 671 197 639
185 779 244 499 332 572 525 373 116 667 641 505 338 153 610 162 809 381 649 245 659 400 241 361 249 702 404 303 185 330 289 620 617 192 129 427 421 766 318 653 612 138 419 690 330 270 663 339 650 595 0 593 594 228 828 442 649 132 353 430 415 355 393 755 489 523 179 453 268 226 364 298 495 202 669 112
654 203 753 194 555 711 181 512 633 503 190 132 658 747 657 686 616 625 507 737 738 561 574 762 841 580 734 515 641 740 576 349 50 524 499 705 361 246 384 473 579 518 960 203 407 371 424 344 255 76 593 0 794 559 742 361 315 486 820 666 375 384 898 582 956 967 735 693 615 779 907 373 755 691 273 624
420 987 432 600 293 90 866 301 709 408 955 662 256 616 185 747 464 222 386 411 144 249 823 955 639 366 204 859 780 923 316 518 842 426 511 1018 888 1040 802 425 277 484 516 721 829 734 484 480 631 736 594 794 0 807 369 906 575 523 360 169 890 428 428 427 383 352 739 142 326 776 505 475 104 424 632 707
413 706 470 543 523 771 428 547 148 797 536 519 554 325 792 172 943 586 784 473 851 586 18 210 408 848 627 87 103 184 491 710 564 382 298 215 261 663 183 777 774 323 625 713 172 190 769 441 701 591 228 559 807 0 992 279 722 287 581 638 250 480 613 891 713 749 229 664 483 257 571 411 712 430 723 143
697 891 747 568 500 312 880 455 941 239 931 635 540 903 230 990 158 473 238 723 226 431 1011 1179 951 164 533 1017 1001 1148 548 393 792 636 709 1207 976 975 919 269 218 692 873 586 950 857 319 562 500 667 828 742 369 992 0 990 434 715 704 445 984 516 783 167 750 722 1001 439 586 1045 853 585 447 717 489 935
593 456 676 440 615 846 187 609 411 761 273 387 686 578 833 448 899 690 755 671 907 659 285 441 670 828 768 200 381 427 605 632 345 504 430 356 20 395 124 734 785 459 862 555 113 183 705 441 578 420 442 361 906 279 990 0 622 414 777 743 28 494 830 853 919 946 505 772 619 536 806 435 831 622 600 404
616 458 708 185 438 484 475 374 734 202 506 235 540 781 403 791 300 481 214 685 479 404 740 931 862 279 594 713 772 903 482 56 363 494 522 914 614 541 589 173 311 523 901 157 620 544 115 310 66 239 649 315 575 722 434 622 0 517 732 501 625 304 820 269 845 840 825 520 531 872 858 351 574 651 59 726
185 681 279 372 236 484 450 262 230 540 564 385 280 271 506 285 683 301 523 268 564 299 304 464 361 580 359 335 287 433 207 488 516 98 16 502 393 683 294 525 496 45 481 564 318 230 532 206 519 478 132 486 523 287 715 414 517 0 368 354 391 224 432 630 511 535 310 381 209 357 427 165 434 219 538 224
184 1023 112 659 294 392 815 358 446 646 926 698 194 299 478 463 754 261 622 108 484 334 592 670 292 641 171 657 517 641 255 683 859 299 352 765 756 1040 654 648 535 324 175 837 673 594 688 480 764 791 353 820 360 581 704 777 732 368 0 267 753 453 88 705 142 170 435 266 208 461 149 447 261 155 776 447
265 866 302 478 128 146 717 154 546 384 813 534 99 470 215 586 487 53 360 278 239 105 654 791 508 374 100 690 615 760 147 447 712 257 342 850 724 908 635 390 268 315 441 629 662 568 436 332 545 618 430 666 169 638 445 743 501 354 267 0 726 284 352 439 351 341 583 28 162 623 414 320 91 278 552 542
569 479 651 441 598 832 206 594 382 757 298 391 666 550 822 419 897 673 751 646 895 644 256 415 641 823 748 173 353 401 586 632 362 483 408 335 14 421 98 731 776 437 835 565 85 161 704 430 584 430 415 375 890 250 984 28 625 391 753 726 0 483 804 850 894 922 476 754 598 507 779 421 813 598 606 375
315 586 410 206 171 358 437 131 453 320 529 253 276 479 339 509 464 241 304 389 413 182 498 677 558 368 350 500 503 646 199 268 429 190 225 692 478 623 407 302 300 222 611 386 438 343 307 53 320 343 355 384 428 480 516 494 304 224 453 284 483 0 537 412 581 588 534 312 244 582 564 69 375 351 335 446
248 1099 154 742 382 470 882 446 470 734 995 778 282 304 560 476 839 349 710 164 560 422 622 676 269 726 254 694 538 649 340 771 935 373 416 782 809 1112 706 736 620 390 90 923 722 650 776 562 851 872 393 898 428 613 783 830 820 432 88 352 804 537 0 791 106 151 440 349 292 457 83 527 336 213 863 473
655 725 723 419 449 346 729 391 861 94 772 483 519 853 245 914 53 449 107 698 292 386 909 1089 915 65 538 904 914 1058 501 233 631 567 628 1100 842 811 795 119 170 616 881 420 827 737 157 449 335 506 755 582 427 891 167 853 269 630 705 439 850 412 791 0 781 761 933 444 547 979 851 480 474 681 323 854
326 1159 245 788 414 442 957 473 572 734 1067 831 308 410 540 581 825 363 710 247 524 440 723 782 374 716 252 792 642 755 382 793 996 439 494 887 898 1179 795 741 612 467 160 960 813 736 787 613 883 923 489 956 383 713 750 919 845 511 142 351 894 581 106 781 0 48 546 339 340 564 181 583 307 296 892 575
353 1170 279 794 418 418 976 473 611 720 1085 840 311 452 518 622 804 360 696 278 496 436 760 825 420 697 246 826 681 798 391 787 1008 458 518 927 926 1195 824 728 594 490 207 961 843 763 777 623 881 931 523 967 352 749 722 946 840 535 170 341 922 588 151 761 48 0 589 326 353 608 228 595 287 325 890 613
319 906 327 667 501 729 634 548 103 846 748 664 486 137 778 57 987 540 828 340 820 569 228 236 192 879 537 316 127 209 454 798 751 367 309 346 486 876 395 833 787 317 428 855 393 374 842 515 821 749 179 735 739 229 1001 505 825 310 435 583 476 534 440 933 546 589 0 603 423 47 379 475 636 316 841 111
284 892 312 504 156 132 745 181 568 394 841 561 117 486 212 607 491 81 370 289 226 131 680 814 519 379 95 717 638 782 173 465 739 283 368 875 753 935 663 402 273 341 439 652 690 596 451 361 566 643 453 693 142 664 439 772 520 381 266 28 754 312 349 444 339 326 603 0 184 642 415 348 63 293 572 565
110 818 180 450 99 306 627 164 384 473 733 491 71 316 358 424 600 116 451 156 397 160 498 630 368 486 150 541 454 598 50 486 656 115 194 692 599 842 503 469 384 165 369 630 527 437 500 273 559 584 268 615 326 483 586 619 531 209 208 162 598 244 292 547 340 353 423 184 0 464 326 242 229 134 572 381
358 946 356 713 544 769 673 593 146 893 785 709 525 163 821 93 1033 581 874 372 861 613 253 222 196 925 573 341 154 199 497 846 793 413 356 344 518 913 431 880 832 363 436 901 426 414 889 563 868 794 226 779 776 257 1045 536 872 357 461 623 507 582 457 979 564 608 47 642 464 0 391 523 672 351 888 155
255 1106 155 764 423 541 875 488 424 788 990 794 333 249 627 422 901 402 764 175 633 472 578 613 196 787 320 655 488 587 376 812 941 386 412 725 785 1110 682 788 681 390 55 950 695 631 823 582 884 889 364 907 505 571 853 806 858 427 149 414 779 564 83 851 181 228 379 415 326 391 0 544 409 217 897 428
290 576 389 220 195 412 398 175 390 387 497 251 290 431 402 446 532 270 373 370 474 226 429 609 516 437 370 432 437 579 205 322 413 158 170 623 418 601 342 368 368 174 594 411 373 276 369 41 357 345 298 373 475 411 585 435 351 165 447 320 421 69 527 480 583 595 475 348 242 523 544 0 411 327 375 382
318 954 328 566 217 135 808 244 609 435 904 623 158 512 232 645 518 141 411 307 223 194 728 854 535 410 100 769 681 823 228 518 802 336 420 922 812 998 721 446 308 392 426 709 747 654 498 424 623 705 495 755 104 712 447 831 574 434 261 91 813 375 336 474 307 287 636 63 229 672 409 411 0 320 628 607
37 891 62 547 232 424 669 295 304 607 782 577 178 193 487 331 734 243 584 49 517 295 443 541 235 620 221 504 376 511 181 609 726 169 202 624 602 899 499 602 518 177 268 735 517 440 629 365 672 671 202 691 424 430 717 622 651 219 155 278 598 351 213 681 296 325 316 293 134 351 217 327 320 0 687 303
651 402 745 180 481 542 443 419 747 260 463 215 585 806 462 804 349 529 273 723 538 453 741 933 890 336 643 707 780 906 523 114 319 525 544 907 594 489 579 232 370 549 941 98 609 539 172 333 22 197 669 273 632 723 489 600 59 538 776 552 606 335 863 323 892 890 841 572 572 888 897 375 628 687 0 738
293 794 335 562 442 684 524 480 8 764 639 555 450 181 720 65 908 494 747 341 771 510 150 249 268 804 515 229 73 217 401 703 639 300 227 320 384 766 289 748 718 243 481 748 290 263 752 421 718 639 112 624 707 143 935 404 726 224 447 542 375 446 473 854 575 613 111 565 381 155 428 382 607 303 738 0
