343
0 758 689 584 181 574 562 510 892 832 438 562 582 340 874 418 549 616 227 104 775 823 406 630 853 338 784 412 452 644 381 336 852 376 341 704 649 556 847 809 446 171 707 396 321 896 601 578 659 932 268 339 697 543 491 450 506 820 735 709 630 1004 895 887 660 456 440 21 504 523 110 703 339 811 422 604 377 507 464 336 793 390 754 377 834 470 955 296 593 325 914 388 810 379 935 758 324 463 944 298 431 415 493 938 915 272 516 818 516 683 623 283 149 766 856 360 340 100 156 537 726 54 269 443 583 683 414 465 466 658 438 390 818 235 602 469 655 921 895 385 973 450 676 318 273 568 456 935 479 594 674 290 225 172 628 765 711 422 852 465 806 514 479 576 580 892 532 733 395 529 443 800 798 645 856 541 294 319 546 259 238 473 786 796 210 630 741 260 813 380 346 520 766 443 910 571 405 50 283 90 913 641 917 712 316 196 189 231 929 199 863 378 668 599 905 773 431 32 566 712 258 554 394 847 597 768 406 614 63 1006 776 281 695 639 257 579 492 586 546 1016 608 674 886 1057 574 683 850 573 99 507 774 467 766 860 721 666 899 601 49 324 490 667 511 703 866 587 405 222 735 506 414 426 227 681 667 940 265 826 301 514 359 353 925 253 782 665 681 124 469 808 539 121 565 639 673 542 552 368 695 508 594 308 137 780 700 718 612 458 532 566 872 756 883 673 22 436 348 233 418 689 711 213 590 270 651 602 545 965 451 285 948 462 757 435 1021 242 969 892 486 706 178 248 625
758 0 519 707 635 191 665 307 521 171 379 620 680 944 246 931 352 150 893 673 196 137 436 354 192 767 336 969 546 153 694 626 238 441 416 155 165 304 263 587 663 752 607 366 605 170 596 760 591 335 634 540 201 550 288 380 745 307 424 187 707 271 161 359 214 494 784 778 374 801 685 181 498 205 416 219 882 442 446 939 34 486 530 626 399 389 574 911 412 521 425 467 615 445 282 304 437 652 252 466 884 510 534 298 304 886 275 63 305 112 277 686 638 502 134 592 757 744 743 496 215 812 766 616 179 532 574 521 373 302 604 624 89 654 190 403 169 338 522 440 254 450 257 510 718 542 336 588 621 573 90 833 671 711 513 110 47 606 400 622 116 272 588 392 298 467 442 30 429 497 547 322 328 426 199 425 672 573 589 689 559 294 133 226 548 308 72 498 262 919 558 678 154 947 158 187 505 765 500 724 668 700 579 82 629 602 825 561 218 832 123 501 190 480 572 81 651 773 489 304 700 689 432 274 390 461 508 197 820 256 106 482 559 485 501 328 310 565 307 678 176 130 128 342 472 177 668 297 747 513 521 576 161 401 381 295 195 406 754 650 600 350 637 348 117 233 362 537 354 699 817 941 850 174 94 479 752 108 462 730 681 939 546 613 44 526 459 655 310 416 460 836 761 230 575 486 616 819 268 701 747 863 686 267 472 341 546 423 628 698 412 332 532 271 771 410 587 530 572 188 60 675 197 589 290 196 234 556 310 839 282 339 303 731 298 555 302 144 528 148 640 571 245
689 519 0 247 508 508 219 606 219 424 621 928 221 663 764 594 223 425 679 671 353 447 315 753 711 909 232 647 805 566 374 369 381 633 495 364 366 651 354 122 897 568 88 434 770 513 131 305 88 391 760 719 660 864 372 305 333 289 118 333 221 761 667 315 647 761 414 709 247 1035 693 338 671 372 309 601 561 750 722 658 538 704 65 825 225 272 274 651 138 686 298 317 133 343 445 779 531 898 490 550 529 748 198 818 822 637 352 531 306 413 679 815 542 87 650 786 455 744 780 816 310 728 512 274 431 15 281 792 292 725 846 323 608 464 370 262 598 374 221 643 758 714 697 665 834 128 352 249 247 910 457 563 765 764 882 425 507 287 245 876 635 557 229 751 666 245 766 525 639 813 801 810 251 822 718 757 812 737 171 462 461 404 417 729 546 217 449 511 764 603 743 260 656 598 645 458 286 660 439 720 231 209 230 560 789 496 624 642 508 625 519 316 630 840 219 597 879 681 828 757 470 975 642 344 763 114 739 349 730 725 619 477 39 56 519 223 333 900 645 326 549 574 604 838 819 629 185 260 746 812 88 840 663 252 824 223 486 138 653 390 873 771 233 788 617 324 531 562 809 957 465 600 626 345 460 296 503 627 546 313 381 648 248 728 564 27 60 665 548 186 158 689 313 646 64 148 920 497 253 289 282 584 555 291 51 790 899 260 918 248 258 216 204 707 711 296 346 505 277 331 533 490 555 717 710 570 377 290 428 573 801 593 243 367 794 457 820 639 812 371 697 676 285
584 707 247 0 418 636 43 696 451 648 683 969 27 454 939 367 357 580 500 603 573 665 344 857 890 872 473 421 839 710 205 254 616 670 526 561 542 750 592 312 906 426 192 489 765 738 120 58 162 636 739 731 804 915 476 375 101 529 362 536 49 969 866 562 781 806 192 600 347 1030 626 539 690 599 353 725 343 814 776 450 733 736 296 828 473 348 493 453 298 698 544 324 295 360 686 918 554 913 728 561 299 781 186 999 996 446 469 734 423 595 795 786 459 328 842 791 269 664 712 876 523 608 342 155 573 231 205 833 371 843 865 202 797 350 527 332 739 620 453 682 959 765 827 677 796 166 435 460 124 967 629 373 727 707 957 631 683 179 493 897 816 656 146 838 770 488 835 704 683 870 832 954 492 916 897 831 788 738 118 324 409 498 630 889 513 403 644 500 922 384 752 64 822 365 851 591 270 542 419 642 387 64 443 727 778 423 460 623 740 458 736 298 770 915 433 775 887 565 895 886 327 1000 685 583 854 361 770 513 606 939 794 470 219 244 507 378 437 956 742 509 683 726 812 1045 890 774 311 412 664 863 322 871 827 500 942 426 716 305 538 260 904 883 91 908 817 479 589 539 934 970 245 371 449 537 629 538 338 815 559 83 224 435 474 707 751 223 292 605 631 434 247 542 66 773 187 221 960 289 463 76 39 385 448 523 294 914 965 317 952 17 506 452 433 834 606 348 259 476 203 528 705 370 682 704 830 698 508 516 512 383 988 667 476 163 1000 406 1008 842 855 568 654 661 462
181 635 508 418 0 468 392 443 712 682 389 606 413 329 791 359 379 486 258 185 620 678 235 592 760 458 612 378 479 546 227 164 694 343 242 555 504 498 686 628 516 119 527 271 374 755 423 422 479 767 336 359 618 567 350 286 354 652 557 554 462 897 785 717 583 463 309 201 334 626 208 550 334 655 254 522 308 496 452 324 669 388 573 438 659 301 775 289 416 331 740 214 629 212 778 702 245 528 793 230 344 427 312 857 839 262 370 689 360 545 562 377 40 585 748 408 217 247 293 544 567 222 173 269 456 502 235 483 301 605 487 217 707 73 460 297 565 755 715 355 870 438 611 315 382 387 306 754 305 622 546 230 315 289 636 622 591 246 678 519 703 429 301 549 522 714 521 614 361 537 470 743 628 627 765 524 381 355 368 116 76 340 640 718 137 462 605 164 741 331 376 354 674 382 792 451 224 156 134 224 733 472 736 604 381 33 191 236 783 199 726 198 585 598 724 665 499 175 570 658 122 620 362 684 570 588 417 467 225 890 673 161 514 458 166 410 340 612 488 835 510 575 763 958 572 597 670 410 248 521 593 505 676 685 686 498 753 423 148 159 535 627 338 660 750 436 321 166 692 581 301 369 221 531 540 763 162 717 231 358 203 331 745 308 666 484 501 188 386 631 359 208 411 565 493 361 596 269 530 347 435 260 54 616 519 672 630 284 582 400 697 584 703 611 202 267 169 123 239 535 597 68 496 312 595 511 406 785 326 232 860 398 589 287 918 79 882 777 506 559 243 271 467
574 191 508 636 468 0 592 131 585 319 194 471 612 791 327 795 291 100 727 486 299 295 310 248 292 581 402 827 376 80 572 494 371 252 234 219 173 155 384 606 491 588 587 198 419 352 543 680 558 471 444 353 169 400 160 265 649 399 448 247 648 431 321 467 145 324 668 593 290 633 496 238 309 327 295 93 743 284 276 786 224 303 540 445 472 287 648 754 374 332 525 340 629 309 438 282 250 483 423 278 756 333 449 393 380 728 167 253 214 164 171 498 465 523 282 409 622 555 552 346 280 629 618 514 78 516 464 354 266 217 432 506 244 500 144 304 106 468 588 252 402 276 192 320 529 483 207 652 528 436 125 683 481 520 390 241 143 498 480 454 235 86 497 258 163 546 291 162 242 346 376 318 403 319 297 277 485 385 519 541 395 145 269 262 366 296 201 318 292 777 373 592 207 813 335 49 389 585 337 535 705 646 638 137 443 435 660 371 396 668 309 375 135 351 629 199 478 592 349 253 551 534 245 391 265 491 329 169 637 431 204 308 543 459 320 284 198 426 152 747 47 106 314 490 335 141 684 247 557 355 541 409 210 484 317 306 368 371 575 516 437 263 552 281 292 185 172 352 303 535 693 804 689 214 116 574 604 252 274 637 554 789 617 422 208 504 453 467 119 473 396 661 678 139 549 422 465 685 301 610 673 714 516 351 472 283 416 321 472 622 497 385 590 201 586 294 457 354 463 231 138 518 47 399 202 63 132 639 147 688 393 153 364 619 451 392 415 318 365 216 450 380 232
562 665 219 43 392 592 0 654 431 609 642 931 22 459 896 379 315 537 495 575 535 626 302 815 848 842 439 433 801 666 191 227 580 631 486 520 500 708 556 298 870 410 177 447 730 700 88 95 139 604 706 694 761 875 433 332 114 495 330 496 71 928 824 531 738 767 200 579 303 996 599 498 652 561 311 682 351 773 736 455 691 697 273 792 443 305 477 454 257 661 517 283 285 319 652 874 515 876 692 524 313 743 143 956 953 444 426 693 380 552 752 754 432 304 800 756 263 639 685 836 483 590 332 123 530 204 169 794 328 800 828 174 755 327 484 289 696 588 433 643 918 726 784 641 765 125 392 445 88 927 586 370 696 678 916 590 640 147 464 860 773 613 106 796 727 464 795 662 643 831 794 911 458 874 854 790 755 703 76 305 376 455 590 846 480 363 602 464 879 393 716 48 778 381 810 548 230 522 383 616 383 79 428 684 744 394 451 589 703 449 696 259 727 874 417 732 852 545 855 843 310 963 645 548 812 334 732 471 588 899 751 434 196 210 471 336 394 917 699 502 640 683 771 1003 850 731 309 369 639 823 299 833 784 471 899 386 678 265 518 238 866 841 54 865 776 436 548 505 891 934 253 385 443 495 586 514 326 772 521 94 207 441 456 674 709 194 260 576 589 405 205 529 99 730 164 179 922 292 424 74 81 386 425 486 264 871 924 274 914 32 478 417 414 791 584 306 228 441 167 487 662 349 638 670 787 655 464 499 469 380 945 626 440 160 959 373 966 801 817 527 623 626 420
510 307 606 696 443 131 654 0 707 449 77 342 675 773 364 795 382 230 692 411 431 423 353 162 347 460 528 819 245 157 595 513 502 144 203 350 301 56 516 713 361 560 679 210 300 475 619 733 644 602 334 236 188 272 234 323 691 529 562 377 717 507 405 598 150 192 693 527 367 502 416 368 199 459 343 99 743 154 144 768 337 180 647 319 597 354 771 732 468 221 654 377 734 341 568 258 199 352 551 218 766 204 511 428 405 705 254 369 300 295 118 383 429 633 365 285 630 471 457 219 409 563 610 557 202 612 504 222 331 162 302 537 336 492 266 369 156 599 709 140 472 145 168 214 415 559 265 772 578 311 255 672 376 423 275 371 261 537 607 322 313 50 551 145 80 671 165 276 129 217 245 300 531 220 350 153 368 269 586 537 379 205 400 286 317 407 330 279 304 771 252 645 261 815 430 171 431 531 328 454 816 717 758 234 324 410 629 285 521 638 430 408 161 233 748 287 347 533 225 215 547 403 131 522 159 606 201 291 573 519 283 284 638 553 278 384 274 301 47 868 130 187 417 552 214 178 789 349 473 225 651 278 260 611 252 424 495 467 521 530 305 192 607 221 389 298 123 295 252 404 708 804 662 343 246 701 597 337 216 682 573 775 739 317 312 598 557 391 65 595 474 612 729 129 639 498 335 691 424 658 731 702 482 480 577 232 295 382 341 681 625 509 710 168 517 348 480 320 504 360 247 504 109 292 151 112 234 764 185 675 439 47 490 649 520 378 460 412 234 347 359 284 350
892 521 219 451 712 585 431 707 0 370 743 1047 428 882 760 810 364 486 897 861 324 404 495 830 704 1076 188 863 935 620 593 584 304 772 650 382 414 740 273 147 1039 782 260 581 926 443 346 506 291 256 926 868 704 978 495 466 545 215 161 348 414 705 634 186 702 886 630 912 404 1182 882 356 818 321 483 672 778 861 841 877 526 841 157 974 121 437 66 870 300 836 129 506 175 523 330 819 687 1036 385 710 744 882 412 801 815 856 468 506 433 442 749 983 743 132 630 934 674 937 967 926 314 935 731 493 507 231 496 918 450 789 983 540 596 675 442 433 650 241 2 779 714 837 752 817 1005 346 495 67 466 1018 492 782 938 947 976 411 529 505 123 1011 633 656 448 843 749 63 872 538 773 924 932 841 192 903 711 860 976 891 390 677 657 528 390 747 727 306 450 686 783 821 892 475 674 812 600 538 487 867 624 913 163 399 59 586 947 696 841 811 417 842 469 514 680 936 54 602 1022 887 932 809 686 1103 776 261 851 124 874 417 937 658 627 652 235 258 693 345 465 1008 737 161 615 616 561 781 920 674 203 371 939 929 132 970 681 124 883 284 407 294 860 606 1002 839 451 847 585 410 664 739 861 1094 682 816 844 376 499 95 721 615 706 525 599 866 34 894 560 246 211 852 662 112 353 902 517 708 266 353 1040 716 284 504 481 803 763 253 193 844 1001 439 1043 455 116 200 20 765 913 468 557 688 492 359 557 702 628 879 775 639 475 72 557 792 777 707 224 584 739 652 792 601 934 387 876 841 357
832 171 424 648 682 319 609 449 370 0 513 780 620 961 393 928 328 232 929 761 74 35 454 522 337 897 201 973 694 311 685 631 69 566 503 128 183 460 98 462 811 791 510 438 734 90 528 705 507 164 755 669 372 709 341 399 707 156 311 129 636 342 263 194 382 642 763 853 366 951 777 132 623 52 434 376 883 597 594 956 164 622 415 764 252 393 416 933 355 645 261 483 493 473 118 474 532 801 112 561 873 652 500 431 447 911 316 139 323 159 443 810 696 383 261 728 758 837 846 655 128 884 784 593 267 439 561 671 386 472 751 614 230 683 230 403 334 167 371 568 347 595 427 631 840 484 378 435 587 737 194 849 786 817 680 78 200 589 247 772 270 405 556 555 458 311 600 197 559 656 695 489 188 595 344 584 798 700 537 710 608 362 50 390 626 254 120 574 425 923 690 634 321 940 232 291 505 828 553 815 527 626 429 251 759 654 863 665 101 868 100 512 358 645 424 246 797 841 651 476 721 847 561 110 555 339 648 217 891 302 271 551 463 406 580 296 342 728 460 521 325 295 191 420 635 347 542 281 839 668 400 727 329 246 553 224 72 346 819 657 753 520 594 519 215 246 470 622 526 852 804 937 881 151 202 315 770 249 557 689 677 952 391 729 202 438 365 746 433 278 418 891 709 396 486 440 775 817 186 661 687 877 737 134 372 512 712 421 785 642 255 210 384 441 848 423 593 598 558 147 225 708 343 708 459 348 288 395 387 856 406 472 180 709 376 604 422 231 681 125 743 682 220
438 379 621 683 389 194 642 77 743 513 0 308 664 716 439 746 398 285 630 337 487 489 340 203 424 387 570 767 192 233 561 478 561 66 163 404 351 117 572 734 302 502 687 196 225 545 617 715 649 660 257 160 264 243 251 322 666 578 591 428 708 585 483 648 226 143 659 454 375 445 341 419 121 517 334 177 695 132 101 711 411 109 667 251 639 355 808 674 482 144 701 359 752 322 631 321 146 297 618 158 723 142 502 502 477 647 276 442 317 355 185 307 370 658 443 215 588 394 380 196 459 490 560 536 252 625 483 175 333 221 244 509 413 444 311 368 234 655 745 62 549 94 237 136 339 558 269 806 561 290 320 620 298 346 274 435 333 515 650 269 390 108 536 163 141 712 152 349 51 192 190 363 576 243 427 148 293 193 579 491 332 218 462 360 256 437 396 226 375 720 179 627 339 768 507 224 413 463 287 379 840 710 791 310 250 357 568 210 590 577 501 387 239 232 780 365 287 463 213 275 500 360 53 577 182 634 136 334 501 597 360 238 650 566 223 406 288 280 108 901 203 263 494 629 207 255 806 375 397 191 674 227 338 655 297 459 563 483 453 493 259 238 592 272 466 333 93 231 304 352 669 756 603 394 311 746 547 415 157 660 539 719 776 239 388 610 577 317 82 632 478 544 709 204 647 500 300 647 465 637 715 649 423 529 598 285 283 378 301 667 669 549 744 234 444 342 450 266 484 410 321 453 183 215 213 188 268 803 192 621 514 40 533 618 597 331 535 489 192 402 283 206 387
562 620 928 969 606 471 931 342 1047 780 308 0 953 896 554 956 706 571 788 465 770 750 635 274 571 293 870 962 130 469 818 739 838 300 446 690 643 320 854 1043 130 693 992 497 242 789 917 994 953 938 293 247 433 70 559 626 937 870 898 718 1000 735 662 939 409 167 910 568 682 204 452 709 280 796 633 403 908 187 207 892 642 233 975 185 939 659 1112 852 790 277 996 649 1060 614 897 394 415 108 872 408 949 188 798 598 562 825 584 677 625 633 343 289 573 966 626 203 824 473 425 125 751 598 776 816 544 932 764 137 638 331 123 780 615 676 608 672 450 937 1050 289 693 214 377 295 312 859 576 1111 845 61 589 822 338 397 135 703 581 793 949 97 578 392 824 227 321 1013 180 589 291 125 138 419 873 219 570 196 274 252 874 722 576 527 732 485 474 744 659 473 475 923 230 909 512 980 700 513 701 606 551 473 1148 1004 1097 538 246 583 741 370 838 751 741 672 432 148 1086 571 138 594 131 359 728 73 288 861 232 942 198 633 609 766 555 500 956 873 466 714 596 64 320 1207 455 489 702 750 148 447 1114 682 475 117 982 101 506 953 307 763 815 792 599 747 72 295 878 318 666 637 397 445 338 108 908 965 779 685 580 1043 766 608 410 934 794 906 1080 311 609 917 885 449 386 936 782 683 986 390 952 803 9 875 765 914 998 848 617 822 906 335 96 680 32 952 967 850 1050 364 555 643 719 504 766 702 560 674 438 300 339 432 572 1105 500 821 624 340 832 879 733 578 640 682 116 687 387 336 690
582 680 221 27 413 612 22 675 428 620 664 953 0 468 913 385 331 555 509 597 546 638 324 836 864 864 445 439 823 685 207 248 589 654 508 533 516 729 564 292 892 428 171 469 753 711 93 85 137 610 728 717 780 897 453 352 118 502 335 509 49 942 838 536 757 789 208 599 322 1018 620 511 675 571 332 702 359 795 758 464 706 720 272 815 447 325 472 465 270 683 519 305 277 341 659 894 538 899 700 546 318 765 164 973 970 457 445 707 399 568 773 776 453 303 815 778 277 659 706 858 495 608 348 145 548 206 191 817 348 821 850 195 770 347 501 309 715 593 430 665 932 748 803 663 787 139 412 439 111 949 602 383 718 700 938 603 657 169 467 882 790 634 129 818 748 464 816 678 665 853 816 930 464 895 871 811 777 725 93 324 398 475 603 864 502 376 617 486 897 401 738 63 796 385 824 567 252 542 406 637 372 59 422 701 766 416 467 611 713 465 708 281 746 895 412 749 874 564 876 863 328 986 667 555 834 335 754 487 607 912 768 456 194 217 494 352 413 939 720 492 659 701 784 1017 871 750 297 385 660 845 298 855 801 474 920 399 688 277 537 258 888 861 76 885 790 453 570 527 911 957 261 390 457 509 602 513 343 788 544 99 225 450 452 696 724 197 265 597 610 408 221 546 92 750 163 195 944 302 435 84 67 398 445 495 268 891 946 294 936 27 480 424 410 811 604 326 249 464 189 500 679 368 658 692 807 674 483 494 490 393 961 647 448 173 973 396 982 815 839 540 645 649 435
340 944 663 454 329 791 459 773 882 961 716 896 468 0 1117 111 634 794 117 431 890 964 512 919 1084 675 843 78 779 871 291 330 956 666 572 841 797 827 941 757 786 214 636 593 654 1043 537 415 595 1010 604 660 946 870 656 568 352 893 755 831 502 1213 1100 946 912 773 261 340 594 861 445 829 646 924 532 850 111 815 770 5 978 701 725 714 869 569 933 44 632 638 949 481 745 499 1038 1031 574 802 1064 558 167 734 485 1183 1166 71 670 994 646 844 892 623 346 750 1066 693 211 439 495 855 835 319 178 393 768 650 407 788 578 934 772 355 1023 291 758 558 891 996 884 677 1189 755 940 626 613 538 607 903 416 923 854 112 564 512 948 913 903 387 890 801 1023 758 438 873 852 906 840 927 685 848 770 1073 861 950 1089 845 634 646 491 255 398 654 925 1046 460 714 904 493 1070 76 671 411 999 131 1103 768 456 292 455 430 841 517 885 923 652 362 155 538 1063 145 1022 450 913 914 874 984 770 307 883 988 244 893 685 936 894 771 724 760 310 1201 994 490 649 632 495 666 636 914 817 961 835 898 1071 1278 888 925 765 680 437 828 750 798 1001 897 1014 748 1034 641 298 304 824 955 431 989 1061 724 651 487 1021 846 208 114 117 815 850 957 192 1035 559 370 291 21 910 584 979 636 685 447 716 834 563 224 401 894 619 551 887 167 786 385 440 84 293 867 697 1001 937 539 868 442 907 816 866 941 353 541 368 453 411 815 913 273 823 598 924 838 710 952 645 105 1185 727 830 299 1236 400 1207 1089 810 846 509 566 741
874 246 764 939 791 327 896 364 760 393 439 554 913 1117 0 1122 581 358 1047 775 437 357 634 291 55 783 579 1154 533 247 897 821 462 505 549 400 401 323 491 833 642 910 851 525 637 342 833 988 833 545 682 580 176 496 480 584 965 544 670 433 943 182 146 587 213 490 992 891 594 757 780 427 554 438 617 271 1071 426 453 1112 234 519 776 633 639 601 808 1079 650 575 654 664 861 636 476 160 555 625 428 579 1083 523 758 66 58 1052 478 254 519 351 258 722 783 748 133 611 949 833 816 451 461 927 945 832 370 776 784 507 582 240 590 829 164 827 412 617 225 552 761 498 140 464 206 572 755 776 529 826 842 496 311 1010 729 781 422 351 258 818 637 595 129 363 810 351 301 703 412 239 487 457 539 142 569 335 48 395 705 613 820 868 719 471 370 79 676 549 318 632 79 1104 590 903 120 1140 190 359 711 893 662 818 911 937 819 212 660 757 981 649 387 990 302 700 207 407 813 167 636 896 431 197 879 628 489 503 337 707 525 426 937 221 145 629 803 727 633 562 513 491 332 914 282 222 217 199 413 193 914 527 836 480 767 553 117 637 251 540 379 645 883 843 565 262 862 236 183 460 474 656 218 656 1019 1132 1012 418 310 708 931 144 576 952 880 1116 783 671 202 769 704 755 408 659 691 972 988 235 818 717 554 1012 514 924 978 1040 835 509 718 220 462 635 575 927 647 577 773 213 881 614 784 671 783 433 234 844 294 646 240 279 436 788 474 1014 76 411 547 942 178 717 96 179 503 393 721 644 483
418 931 594 367 359 795 379 795 810 928 746 956 385 111 1122 0 600 783 215 497 855 935 495 949 1085 757 791 54 833 875 243 305 916 703 591 814 776 851 898 677 853 262 556 599 716 1014 463 321 519 960 669 712 957 923 647 551 266 844 695 801 413 1202 1091 892 924 820 180 422 565 940 514 800 692 887 515 863 51 855 811 111 964 746 652 778 810 545 857 139 584 687 888 464 662 488 995 1051 600 868 1026 589 67 784 434 1188 1174 154 657 976 626 826 912 695 386 681 1059 753 174 518 575 902 800 408 186 339 760 580 367 839 558 957 833 314 1014 302 741 532 898 945 812 715 1182 797 958 672 689 476 598 825 354 977 842 133 634 588 995 887 894 339 831 864 1019 773 381 908 875 840 881 917 721 895 824 1092 810 986 1090 884 705 703 424 257 415 651 897 1055 497 675 884 520 1082 39 727 334 1002 24 1089 766 428 367 467 506 754 428 807 920 717 389 229 588 1029 219 997 430 923 958 797 979 837 386 929 1009 247 960 722 892 928 706 773 739 400 1186 992 510 575 571 523 631 621 968 841 876 840 901 1054 1271 932 933 677 651 517 878 678 855 1005 838 1043 708 1001 593 371 281 883 983 362 1015 1049 703 671 525 1046 916 129 9 192 788 838 890 198 1028 589 286 252 90 836 646 969 567 623 510 733 773 516 313 308 909 544 499 946 112 746 306 347 110 338 824 633 1026 987 512 929 358 847 766 793 960 434 521 344 480 370 786 907 293 831 656 946 846 699 878 648 135 1186 751 783 228 1228 416 1208 1076 862 820 572 620 712
549 352 223 357 379 291 315 382 364 328 398 706 331 634 581 600 0 223 610 504 256 335 144 532 532 712 234 644 586 358 357 303 323 416 287 215 187 429 311 336 682 475 298 219 563 413 254 408 267 388 561 508 453 641 149 103 394 273 204 200 363 619 512 338 435 540 439 571 45 823 524 199 458 290 127 385 554 526 499 628 380 486 269 614 286 79 430 608 85 475 365 166 353 170 406 570 323 682 430 346 546 529 182 641 639 586 129 385 82 239 460 618 402 262 486 574 429 581 607 592 201 598 458 269 220 229 233 571 87 507 629 286 441 365 169 82 389 376 367 424 606 492 484 455 641 196 133 421 269 687 271 522 574 585 658 289 325 263 304 658 458 334 237 528 444 350 543 347 420 589 582 605 248 599 539 533 612 529 239 386 312 180 296 533 367 83 293 323 567 595 531 326 465 613 502 243 178 534 268 557 443 358 404 369 584 356 545 447 429 549 399 189 421 616 393 417 665 551 604 544 397 755 423 308 540 245 521 156 602 595 436 290 256 171 330 32 110 676 422 513 336 371 464 693 595 423 408 54 583 589 277 621 470 311 608 119 401 85 525 330 653 552 285 572 465 121 311 376 595 740 478 609 560 190 271 395 445 458 342 378 349 625 399 530 395 216 178 493 325 265 110 585 409 431 259 136 698 489 154 349 396 550 434 239 199 575 675 97 698 347 324 206 361 493 569 113 266 330 231 185 347 391 339 515 493 354 159 433 206 530 630 369 209 386 648 307 651 491 590 222 513 477 112
616 150 425 580 486 100 537 230 486 232 285 571 555 794 358 783 223 0 743 538 202 213 287 343 312 665 302 820 473 141 548 477 276 334 278 120 72 255 287 516 586 602 509 220 503 281 478 630 484 375 523 438 235 500 138 233 608 299 354 147 587 419 308 368 223 421 640 637 236 729 552 138 391 232 268 185 733 384 373 788 184 393 451 535 372 245 548 760 298 413 424 318 540 295 348 354 303 579 341 333 737 427 399 420 415 735 126 203 162 72 264 578 491 431 276 498 608 612 617 447 180 670 616 476 35 435 430 451 227 306 528 478 231 503 55 260 173 371 489 337 399 372 273 398 608 419 186 553 484 536 60 683 554 587 490 156 110 464 380 551 240 181 452 358 262 446 392 134 328 446 472 385 303 416 318 378 566 468 462 539 409 145 182 309 407 208 125 355 344 770 459 545 241 799 309 60 359 619 351 590 611 582 541 146 527 454 675 435 319 682 246 353 205 451 531 199 572 629 449 333 550 633 331 293 364 397 421 76 678 407 215 337 462 381 360 208 161 526 253 648 129 149 278 488 436 204 595 172 614 455 450 507 246 384 404 212 290 294 609 502 535 355 503 367 267 103 238 399 386 633 671 792 700 114 55 473 602 245 328 594 533 789 517 497 186 425 368 521 203 374 334 689 629 225 472 360 565 671 202 566 619 712 538 250 385 367 516 280 572 569 397 286 492 285 630 263 439 385 429 131 126 525 141 476 291 153 84 538 165 688 412 244 264 588 445 406 433 294 464 117 513 451 141
227 893 679 500 258 727 495 692 897 929 630 788 509 117 1047 215 610 743 0 324 862 928 474 831 1018 559 833 194 675 804 307 316 933 575 497 804 756 745 921 784 674 140 667 530 546 1006 561 472 622 996 495 558 873 766 605 530 402 879 757 800 550 1156 1044 938 837 673 314 225 567 746 335 796 549 897 495 776 191 719 674 114 927 603 743 604 868 537 953 77 624 539 950 447 776 456 1016 950 494 691 1037 474 253 633 486 1113 1094 62 623 946 607 800 811 510 264 765 1007 585 231 324 380 755 808 203 166 404 714 668 403 686 542 850 664 356 966 246 714 529 822 983 899 585 1129 660 861 528 498 551 560 926 434 818 803 127 453 399 848 874 849 391 888 692 962 684 449 782 769 913 744 873 594 747 665 992 850 856 1023 750 522 541 510 225 334 598 889 973 375 693 860 415 995 176 567 447 931 239 1051 710 434 182 393 317 877 564 908 863 543 292 67 439 1031 61 980 420 840 815 896 924 659 194 784 905 215 781 594 918 803 779 624 719 193 1148 932 419 671 640 415 642 592 810 735 992 768 833 1021 1217 790 854 804 650 322 727 767 692 933 896 925 728 1001 632 189 292 716 867 456 902 1008 685 574 399 934 734 268 221 53 779 798 964 175 976 476 417 298 134 927 477 924 651 690 342 640 835 557 107 458 818 643 550 779 218 764 424 495 123 211 848 705 915 834 512 759 486 907 805 883 861 238 506 349 376 407 781 856 221 754 492 842 768 661 969 585 117 1117 646 815 336 1177 337 1140 1035 707 808 401 464 710
104 673 671 603 185 486 575 411 861 761 337 465 597 431 775 497 504 538 324 0 710 749 366 526 756 274 735 499 350 551 411 349 788 273 260 634 578 455 786 793 356 235 701 323 222 819 599 607 653 873 173 235 599 441 422 400 539 766 701 643 646 911 804 835 562 352 486 118 460 449 23 637 235 745 379 507 451 403 359 427 708 285 733 282 790 426 926 387 560 220 868 356 798 337 869 656 236 371 873 207 499 311 482 839 814 361 449 735 458 607 522 200 144 741 764 261 389 77 111 433 664 154 328 452 503 666 413 362 417 555 341 401 729 256 530 428 560 864 863 282 878 345 575 214 200 558 394 910 488 493 592 364 138 103 525 691 626 428 808 370 714 419 480 471 478 854 428 647 292 425 341 697 748 541 760 436 208 217 545 294 209 399 713 697 138 580 663 188 713 462 243 538 670 521 821 488 385 142 236 54 900 655 892 622 221 181 276 127 856 286 783 354 571 495 880 682 340 134 462 610 296 463 291 787 493 737 302 546 164 916 683 216 682 617 182 530 430 485 446 995 515 582 799 962 470 587 842 519 79 404 751 367 670 815 617 614 826 566 134 344 392 563 521 599 778 522 313 139 631 419 470 506 315 613 585 899 320 734 211 543 387 441 895 153 694 648 653 20 374 768 514 223 596 540 664 522 455 429 640 532 620 387 169 723 674 614 510 421 436 585 828 708 854 571 107 393 349 174 417 623 624 243 497 168 549 508 473 932 374 361 850 364 705 470 927 213 871 804 383 636 77 144 565
775 196 353 573 620 299 535 431 324 74 487 770 546 890 437 855 256 202 862 710 0 94 388 525 381 864 142 900 675 311 612 560 78 534 455 82 138 450 84 401 789 725 440 387 702 165 454 630 435 173 718 638 386 699 288 334 632 111 243 66 562 409 320 171 389 623 689 796 296 931 727 73 589 35 368 371 810 583 575 885 202 595 349 737 203 325 378 864 280 611 234 415 430 408 159 497 487 781 174 515 799 629 426 482 493 842 261 186 260 136 444 774 636 318 310 699 686 787 800 645 55 827 714 519 234 367 488 653 320 479 730 542 273 616 184 334 338 168 326 538 408 574 438 595 803 409 319 392 512 732 183 779 745 772 680 86 208 516 203 753 309 383 481 550 453 271 589 215 529 645 674 517 132 599 389 575 763 667 462 641 546 313 68 422 572 180 127 522 458 851 659 559 350 866 294 262 434 769 493 764 474 553 383 265 726 592 796 621 173 801 166 443 366 643 376 278 774 782 645 491 652 834 532 91 553 275 624 165 833 372 302 496 392 332 527 224 283 722 449 482 316 301 253 486 630 358 481 212 789 655 337 709 357 205 568 149 146 271 759 586 737 529 519 533 270 188 433 571 543 835 731 864 814 97 191 287 701 292 511 614 605 881 350 690 236 366 293 695 405 222 344 828 634 399 414 365 764 744 111 586 613 806 675 72 302 528 709 351 772 567 216 144 336 451 792 356 522 543 485 87 237 642 332 670 466 340 239 361 340 786 460 447 114 635 442 542 477 290 665 84 697 641 153
823 137 447 665 678 295 626 423 404 35 489 750 638 964 357 935 335 213 928 749 94 0 454 490 302 875 231 979 668 281 693 635 105 544 489 124 174 431 133 492 785 789 535 427 713 78 547 722 529 198 735 647 338 680 332 398 720 189 337 135 655 315 231 230 350 615 773 843 370 925 764 135 602 82 434 347 889 568 567 959 129 598 442 740 284 395 451 935 369 624 296 483 522 471 147 439 516 775 128 546 882 628 511 397 412 912 309 103 321 142 411 790 690 411 226 705 764 824 831 625 142 876 786 603 249 462 569 644 386 439 725 621 194 683 220 406 302 202 405 546 316 569 394 610 820 500 372 469 599 706 169 852 767 800 648 58 169 598 280 745 235 381 567 524 428 345 570 164 536 626 669 454 218 562 309 554 778 679 552 711 603 350 39 355 615 266 93 563 389 929 667 648 286 948 201 271 509 821 547 802 559 646 463 218 737 648 861 649 106 867 72 514 326 614 457 211 771 833 621 441 722 818 539 145 524 367 624 210 883 277 235 541 487 426 568 304 337 697 432 556 297 263 160 392 605 314 572 285 826 640 429 700 294 280 518 239 77 361 811 661 726 487 608 485 182 243 452 610 491 825 813 944 881 149 178 351 773 213 542 703 683 956 425 710 166 460 388 733 411 309 431 886 725 365 509 453 746 823 202 674 705 881 732 161 396 478 681 425 756 659 289 237 417 408 838 424 597 589 566 149 192 707 316 689 426 319 277 430 374 859 373 448 207 720 348 599 389 199 653 119 727 664 224
406 436 315 344 235 310 302 353 495 454 340 635 324 512 634 495 144 287 474 366 388 454 0 515 593 594 378 533 507 390 263 190 460 335 189 330 285 408 451 437 589 337 364 144 457 532 281 380 320 531 445 410 479 576 154 56 341 417 335 325 368 707 595 482 452 469 358 427 99 724 387 321 364 423 20 392 446 471 436 506 469 403 374 515 428 65 560 481 194 376 508 31 447 28 544 586 223 592 562 238 450 449 163 699 689 458 161 482 134 332 457 500 258 378 563 475 321 442 472 535 334 453 333 206 266 314 154 498 68 505 541 195 518 228 247 63 417 519 497 346 687 426 493 356 519 225 104 545 225 627 346 399 450 453 613 401 398 188 447 572 525 315 198 494 429 489 492 422 345 530 501 625 393 572 599 487 497 425 239 257 167 165 415 573 233 226 392 196 603 483 433 291 514 511 594 274 79 390 129 418 546 370 527 427 475 211 408 326 556 414 510 65 445 571 515 484 571 406 553 551 268 674 347 449 510 371 439 248 458 691 498 162 334 259 204 174 126 617 399 633 358 412 560 775 547 452 497 176 444 524 389 541 517 454 602 262 526 200 381 214 574 542 254 569 553 212 246 248 597 651 385 505 427 304 343 535 319 533 235 331 246 505 529 413 474 296 290 357 287 404 156 443 376 441 324 172 626 383 294 305 377 429 290 380 310 576 623 56 621 328 466 350 488 499 425 31 151 193 153 306 412 254 353 402 492 369 203 566 172 406 694 323 353 308 733 163 716 580 519 335 384 361 235
630 354 753 857 592 248 815 162 830 522 203 274 836 919 291 949 532 343 831 526 525 490 515 0 299 493 643 970 242 214 756 673 585 257 360 452 415 107 605 854 351 705 830 373 356 520 777 895 798 685 404 306 159 209 388 483 853 633 696 484 877 466 388 697 140 203 854 644 523 472 526 475 292 546 504 157 897 138 173 914 374 246 788 344 713 512 891 877 617 309 759 539 876 503 636 139 348 334 606 362 923 239 671 344 311 850 403 408 451 392 81 438 573 771 351 325 788 572 545 161 518 680 763 719 326 760 666 216 489 56 299 699 341 646 392 528 188 686 832 246 425 186 102 312 471 716 424 897 740 222 342 823 454 511 158 449 322 700 720 304 303 202 712 61 88 787 121 325 237 166 248 176 643 73 299 105 421 336 746 693 533 361 477 216 459 544 404 429 214 923 311 807 237 970 425 297 593 660 486 561 953 876 884 272 376 560 770 399 570 780 472 571 164 128 875 298 345 657 144 94 702 347 237 614 45 739 243 416 691 494 281 439 787 703 426 529 428 214 115 992 214 227 428 490 126 177 932 493 575 189 789 261 231 723 94 554 549 615 650 690 275 36 769 72 392 433 281 433 104 369 868 959 805 454 335 810 750 333 360 845 734 923 860 399 339 748 700 506 228 718 630 742 891 126 791 655 272 848 546 820 892 852 626 586 720 88 193 541 290 842 736 629 836 89 633 509 642 469 667 471 297 656 202 376 65 190 376 879 345 825 365 199 606 811 468 533 383 407 211 447 461 385 480
853 192 711 890 760 292 848 347 704 337 424 571 864 1084 55 1085 532 312 1018 756 381 302 593 299 0 783 523 1118 537 213 856 782 407 491 521 347 350 313 436 778 650 879 799 491 633 289 783 941 782 491 674 573 161 509 439 541 920 489 616 379 893 167 101 532 198 491 950 870 548 771 763 373 543 383 575 249 1034 428 451 1078 179 512 722 634 584 557 753 1047 599 564 599 624 807 596 423 183 530 633 377 555 1043 521 711 108 112 1020 434 199 474 299 253 717 755 694 79 609 911 818 804 461 407 906 910 788 327 723 741 510 538 245 595 788 108 792 364 572 197 498 706 485 127 460 204 560 750 727 488 771 796 514 261 976 719 769 442 296 207 775 582 603 75 339 764 357 294 648 417 187 474 466 542 176 514 353 7 400 701 606 772 833 687 433 314 86 650 497 263 605 107 1068 585 857 87 1102 144 319 668 869 629 801 856 887 763 166 656 726 951 632 336 960 248 659 185 422 757 115 642 873 444 212 843 644 476 447 345 652 522 377 916 195 96 599 750 675 606 512 470 508 320 858 250 185 166 205 425 169 860 478 820 488 713 559 86 582 276 487 326 594 859 804 574 276 815 255 130 411 449 632 243 669 979 1094 981 365 261 653 896 89 552 906 840 1082 727 661 148 717 651 737 384 604 643 947 941 221 766 669 570 974 460 878 929 1006 807 454 664 240 481 591 589 880 591 522 717 214 861 572 744 643 740 379 185 810 264 636 241 251 392 733 438 980 101 393 492 899 174 684 123 131 509 340 707 631 432
338 767 909 872 458 581 842 460 1076 897 387 293 864 675 783 757 712 665 559 274 864 875 594 493 783 0 925 749 251 618 685 619 940 331 426 781 725 476 947 1031 163 503 951 497 162 933 856 880 905 1036 150 228 625 313 591 611 813 943 916 800 913 950 858 1015 590 292 761 335 674 186 253 792 274 896 601 556 715 356 332 672 798 280 968 149 988 642 1143 632 783 252 1059 593 1040 566 1014 631 390 185 1004 366 767 263 735 837 805 609 620 830 646 737 531 93 417 969 818 176 663 238 181 341 828 356 599 718 631 907 675 277 627 542 198 670 794 530 680 649 613 1030 1079 329 911 324 580 268 76 808 582 1132 753 347 706 627 146 172 409 820 721 694 1003 206 765 496 742 431 491 1058 371 736 339 334 244 666 934 468 784 387 101 197 804 569 466 560 847 705 367 775 782 397 707 719 208 808 706 781 887 606 634 389 472 251 1140 921 1115 695 138 449 528 267 977 537 889 602 609 399 1104 745 160 370 367 588 571 253 336 951 448 957 263 702 366 970 737 432 927 853 390 732 615 344 470 1223 590 646 877 982 383 626 1089 710 239 308 981 238 703 1009 560 805 950 788 386 617 240 526 787 558 847 690 430 347 586 200 743 765 566 767 697 1099 592 793 370 816 661 689 1111 182 773 890 881 269 464 974 750 451 869 567 913 764 286 700 821 804 892 647 443 896 902 575 377 648 260 855 1023 900 1073 570 323 614 614 407 678 781 708 517 570 197 543 572 628 1144 530 623 858 428 890 744 956 469 877 868 284 781 218 235 741
784 336 232 473 612 402 439 528 188 201 570 870 445 843 579 791 234 302 833 735 142 231 378 643 523 925 0 841 763 432 553 518 150 606 500 194 229 557 121 261 871 703 315 429 768 287 352 531 320 168 774 707 516 800 333 335 546 56 114 160 453 544 461 105 514 713 615 805 279 1015 755 168 657 149 361 486 751 682 666 837 344 673 215 811 69 313 247 822 210 677 135 398 291 404 213 631 535 867 257 561 730 712 359 624 635 803 305 328 281 254 563 832 636 181 453 772 632 813 835 746 126 832 673 452 326 248 435 744 319 602 814 487 415 592 261 315 462 153 190 612 547 663 564 659 857 320 346 255 437 837 304 734 794 811 792 227 341 456 80 840 450 477 409 660 564 144 692 351 605 745 761 654 19 717 531 679 824 733 374 607 546 365 210 561 597 154 264 550 597 793 730 471 488 799 432 356 399 768 502 789 332 441 245 399 790 590 770 666 276 774 301 418 492 753 237 417 855 785 751 621 617 929 608 111 666 137 705 237 836 503 442 519 270 229 557 205 311 827 554 349 429 428 391 622 737 486 341 217 815 752 199 798 495 85 695 121 257 201 759 543 828 652 436 659 411 237 499 603 673 923 663 799 781 189 311 175 661 435 557 527 551 830 217 745 377 252 180 723 488 80 279 817 537 521 296 292 863 685 105 500 510 759 667 69 181 656 819 328 868 470 98 28 197 577 803 347 483 561 431 172 370 619 442 727 588 453 302 236 395 742 602 533 37 564 578 542 619 430 759 199 737 693 184
412 969 647 421 378 827 433 819 863 973 767 962 439 78 1154 54 644 820 194 499 900 979 533 970 1118 749 841 0 842 907 289 344 963 720 616 856 816 874 945 731 855 270 610 629 720 1057 516 375 573 1009 672 722 986 932 683 589 320 893 746 844 467 1240 1128 942 953 833 233 414 608 935 514 843 705 933 553 891 90 871 827 80 1002 760 705 781 861 585 911 118 632 698 940 502 716 524 1043 1077 622 870 1073 608 121 795 482 1220 1205 140 694 1016 666 865 937 694 400 733 1095 758 215 512 568 915 845 395 209 388 796 633 412 849 598 981 839 358 1051 328 781 573 929 994 865 732 1218 812 985 685 685 527 634 879 405 986 880 147 634 584 1008 930 931 386 882 868 1054 800 431 927 899 892 897 954 739 907 833 1118 859 1004 1124 900 704 710 476 285 440 685 940 1085 513 721 925 541 1111 50 735 388 1034 63 1128 800 470 363 494 502 808 483 861 955 720 409 223 598 1074 213 1039 469 952 972 851 1014 839 379 942 1034 275 962 739 939 947 758 785 780 386 1225 1026 534 628 622 543 676 659 977 864 930 872 933 1094 1307 946 963 732 693 510 889 731 863 1037 889 1064 754 1045 641 368 319 890 1005 414 1038 1087 743 696 541 1069 916 181 51 185 830 876 943 223 1064 609 340 295 60 889 651 1006 619 675 513 759 824 563 299 362 936 597 548 952 156 792 359 402 118 350 871 684 1050 999 554 934 412 898 815 846 986 426 560 383 501 415 829 943 315 861 662 971 876 736 932 680 145 1220 775 831 280 1265 441 1242 1114 872 862 575 629 755
452 546 805 839 479 376 801 245 935 694 192 130 823 779 533 833 586 473 675 350 675 668 507 242 537 251 763 842 0 392 688 608 747 172 317 593 542 242 760 922 117 571 867 372 135 716 788 863 826 847 189 120 382 91 441 501 806 769 782 618 870 704 617 839 350 52 781 461 558 257 341 610 150 704 506 326 784 108 100 774 573 103 855 103 832 534 1001 734 668 148 893 520 938 485 813 380 285 107 794 277 823 58 669 587 554 708 468 607 507 540 287 207 447 848 578 96 696 372 332 93 650 494 651 685 442 808 634 26 514 293 59 649 558 548 503 546 381 844 938 162 664 100 333 165 238 732 453 998 715 144 500 700 239 300 179 616 503 662 843 77 526 291 694 181 252 905 121 515 165 85 9 415 768 220 537 137 189 133 745 595 446 409 645 456 345 629 575 342 456 801 107 779 464 857 649 413 571 493 421 368 1029 874 983 467 149 454 623 244 763 633 669 542 371 156 972 511 106 483 123 337 601 169 163 766 197 825 68 527 505 728 500 369 832 749 336 596 476 135 238 1093 371 418 644 732 136 388 991 566 374 60 863 35 460 848 311 652 737 670 485 617 67 274 748 307 612 526 275 316 335 160 780 842 661 584 491 939 640 555 279 803 664 787 969 199 544 793 764 333 275 825 656 573 855 328 827 676 121 748 658 784 867 726 494 721 786 324 159 553 113 822 862 742 936 322 448 516 588 374 635 600 485 547 351 182 295 350 461 996 381 699 608 230 726 749 708 448 626 631 36 591 274 213 580
