68
0 310 1143 220 1200 366 747 347 1009 664 283 677 459 285 911 534 799 240 617 720 147 851 1066 671 645 1065 676 707 288 946 206 494 597 994 304 435 298 432 632 490 948 814 966 942 377 653 768 39 495 934 708 1060 448 824 349 969 835 145 789 214 637 360 498 477 955 1084 536 603
310 0 1012 415 1047 109 575 226 857 462 91 370 668 496 963 289 887 332 337 551 180 950 946 362 777 913 626 838 561 1047 497 465 290 880 328 379 572 340 487 206 1000 949 863 813 372 636 570 346 237 904 874 882 405 812 444 1039 752 165 591 332 609 591 620 323 1056 978 734 720
1143 1012 0 995 98 903 440 819 165 562 947 895 1006 1006 614 744 714 913 773 461 1029 751 82 920 827 119 489 829 1137 778 1159 657 904 153 841 707 1140 714 527 850 618 860 190 202 770 539 465 1148 796 369 932 208 696 454 844 681 325 1070 448 941 539 1047 823 694 781 102 990 796
220 415 995 0 1064 412 649 311 880 599 343 731 257 81 696 525 580 115 631 622 245 631 915 733 424 934 509 487 176 726 165 339 657 843 184 313 184 337 529 525 733 594 809 802 240 472 688 199 505 744 493 947 314 630 153 751 673 286 707 96 463 176 278 411 735 924 330 383
1200 1047 98 1064 0 938 472 867 192 587 988 895 1091 1080 713 769 810 976 784 496 1079 849 171 920 919 135 565 923 1212 877 1229 724 913 235 902 766 1215 767 572 873 717 957 276 262 833 620 483 1208 822 467 1026 183 757 548 916 780 405 1118 464 1004 617 1126 907 738 880 201 1078 885
366 109 903 412 938 0 466 148 747 353 82 322 649 490 884 184 819 309 252 442 219 884 838 321 725 804 531 785 577 980 525 382 245 773 281 296 587 250 380 123 921 895 756 705 307 547 462 396 136 807 832 773 323 721 402 964 649 229 482 319 519 586 573 219 989 871 708 667
747 575 440 649 472 466 0 403 282 123 517 486 756 687 644 304 657 544 348 27 616 720 381 508 673 338 276 708 817 794 813 331 478 325 468 335 823 319 119 411 671 790 321 250 409 341 69 760 356 457 799 315 337 428 521 733 264 652 76 572 315 756 587 272 801 423 773 618
347 226 819 311 867 148 403 0 675 317 140 432 521 379 739 213 671 196 321 376 213 735 747 438 579 732 402 638 486 832 454 239 364 679 146 153 495 115 294 227 776 747 656 617 159 409 421 365 196 679 689 718 179 586 264 818 537 251 441 215 383 472 428 131 841 774 575 520
1009 857 165 880 192 747 282 675 0 400 796 730 927 902 625 583 697 788 609 305 887 745 133 755 778 56 395 792 1034 792 1046 541 739 127 714 578 1038 577 380 689 639 844 162 94 646 457 301 1018 636 380 894 100 570 427 735 704 252 926 284 817 448 954 744 546 796 189 923 737
664 462 562 599 587 353 123 317 400 0 413 370 745 649 724 182 716 486 227 109 526 781 505 391 702 455 338 745 773 864 757 324 356 449 414 296 781 262 123 288 754 838 443 374 368 393 108 683 235 562 827 419 307 515 491 813 372 556 129 512 363 729 592 191 871 547 774 643
283 91 947 343 988 82 517 140 796 413 0 402 588 422 873 258 796 248 334 492 136 859 878 399 687 853 542 749 501 956 446 377 323 810 238 291 511 255 419 206 910 860 790 746 281 548 522 313 214 819 787 830 316 725 356 949 674 149 543 253 522 518 531 252 965 907 652 631
677 370 895 731 895 322 486 432 730 370 402 0 954 806 1076 250 1045 622 147 477 535 1111 852 25 989 778 689 1043 899 1201 847 606 79 805 578 534 909 482 477 207 1109 1147 805 728 578 731 438 711 240 931 1107 713 559 877 695 1163 743 532 451 636 701 901 849 404 1210 900 1006 929
459 668 1006 257 1091 649 756 521 927 745 588 954 0 178 555 723 417 340 836 732 502 449 925 959 240 974 531 290 213 533 293 426 885 856 375 453 208 497 644 748 587 379 816 837 388 471 811 427 716 686 257 1012 438 573 263 585 685 543 826 335 479 103 183 582 541 918 78 233
285 496 1006 81 1080 490 687 379 902 649 422 806 178 0 656 591 532 184 700 661 326 578 925 808 367 954 516 427 132 670 163 363 732 853 241 355 136 387 568 599 692 531 817 818 281 471 732 257 575 731 422 974 350 615 167 704 681 365 750 170 467 96 235 467 679 929 253 332
911 963 614 696 713 884 644 739 625 724 873 1076 555 656 0 831 141 685 928 637 870 146 547 1093 316 645 388 280 755 167 817 501 1037 504 649 587 752 634 604 916 37 262 464 537 593 345 712 894 861 248 369 726 561 217 564 89 402 921 715 704 376 640 421 689 171 511 501 328
534 289 744 525 769 184 304 213 583 182 258 250 723 591 831 0 795 409 113 285 387 861 685 264 740 638 448 793 700 952 665 355 205 626 352 286 709 234 250 106 865 897 617 553 337 486 286 559 53 707 860 598 309 640 460 917 528 407 306 429 455 682 604 153 961 725 769 679
799 887 714 580 810 819 657 671 697 716 796 1045 417 532 141 795 0 586 900 645 775 66 640 1060 177 726 383 138 622 160 688 444 997 587 562 526 618 577 593 869 170 147 545 603 515 323 726 779 817 346 232 796 500 269 462 172 452 825 733 601 353 507 301 644 169 613 360 199
240 332 913 115 976 309 544 196 788 486 248 622 340 184 685 409 586 0 517 517 189 644 834 625 454 843 437 517 292 741 271 257 549 762 75 211 300 227 424 415 723 628 732 715 143 413 579 237 391 694 544 849 218 584 124 751 598 239 598 28 398 278 297 297 750 849 403 402
617 337 773 631 784 252 348 321 609 227 334 147 836 700 928 113 900 517 0 336 470 966 724 166 852 660 541 904 805 1055 764 465 130 672 463 399 814 348 330 131 961 1006 669 596 450 584 308 646 127 786 972 605 422 729 573 1015 598 480 324 535 554 792 717 265 1064 769 882 791
720 551 461 622 496 442 27 376 305 109 492 477 732 661 637 285 645 517 336 0 590 708 400 499 655 361 262 691 790 785 786 307 465 341 441 308 796 291 93 392 665 775 334 268 382 325 83 733 336 459 781 341 310 423 495 726 267 626 95 544 299 731 565 245 792 440 751 599
147 180 1029 245 1079 219 616 213 887 526 136 535 502 326 870 387 775 189 470 590 0 833 955 531 642 944 585 706 381 931 317 405 456 885 223 331 392 315 507 343 908 816 860 827 289 575 632 177 347 856 727 931 350 752 313 938 734 50 652 178 554 418 486 344 940 978 573 591
851 950 751 631 849 884 720 735 745 781 859 1111 449 578 146 861 66 644 966 708 833 0 680 1126 213 771 446 159 659 97 730 510 1064 631 623 592 655 643 658 935 162 116 589 653 579 388 789 829 883 381 231 845 565 319 520 139 505 883 794 658 418 544 353 711 106 648 385 247
1066 946 82 915 171 838 381 747 133 505 878 852 925 925 547 685 640 834 724 400 955 680 0 876 748 115 408 751 1055 713 1078 578 855 72 763 631 1058 640 458 792 554 787 108 133 692 457 415 1070 737 299 855 212 618 376 763 618 243 997 401 863 458 965 741 625 716 56 909 715
671 362 920 733 920 321 508 438 755 391 399 25 959 808 1093 264 1060 625 166 499 531 1126 876 0 1000 803 706 1055 898 1216 845 619 76 828 584 545 908 493 496 211 1126 1159 828 751 586 748 461 705 249 952 1117 738 570 895 701 1180 764 526 475 638 717 904 858 416 1225 924 1013 940
645 777 827 424 919 725 673 579 778 702 687 989 240 367 316 740 177 454 852 655 642 213 748 1000 0 817 405 63 446 303 517 388 931 686 448 454 443 507 582 796 348 173 643 684 420 337 738 621 751 477 126 872 430 374 333 346 526 690 749 464 359 331 157 586 312 731 185 60
1065 913 119 934 135 804 338 732 56 455 853 778 974 954 645 638 726 843 660 361 944 771 115 803 817 0 443 828 1085 812 1099 594 790 141 769 633 1089 633 437 743 656 874 182 137 700 502 354 1074 691 397 930 97 625 457 787 721 292 983 336 872 496 1003 791 603 816 171 967 778
676 626 489 509 565 531 276 402 395 338 542 689 531 516 388 448 383 437 541 262 585 446 408 706 405 443 0 434 647 526 670 182 653 336 372 255 650 286 216 541 420 514 301 306 300 67 344 675 483 277 529 481 235 192 356 476 165 632 352 465 52 560 349 317 534 415 531 355
707 838 829 487 923 785 708 638 792 745 749 1043 290 427 280 793 138 517 904 691 706 159 751 1055 63 828 434 0 501 244 574 438 987 692 510 509 496 562 624 853 307 111 650 697 479 367 774 683 806 468 103 889 484 375 396 297 540 754 784 527 392 386 220 639 253 730 226 118
288 561 1137 176 1212 577 817 486 1034 773 501 899 213 132 755 700 622 292 805 790 381 659 1055 898 446 1085 647 501 0 745 87 495 822 984 360 483 10 511 697 694 789 593 947 950 409 599 859 250 678 851 470 1106 480 736 299 793 811 408 878 270 597 115 342 587 753 1058 288 426
946 1047 778 726 877 980 794 832 792 864 956 1201 533 670 167 952 160 741 1055 785 931 97 713 1216 303 812 526 244 745 0 819 604 1155 671 721 687 740 737 741 1028 160 163 631 703 675 472 864 924 975 415 294 892 660 376 617 102 564 980 868 755 503 631 449 803 9 675 463 343
206 497 1159 165 1229 525 813 454 1046 757 446 847 293 163 817 665 688 271 764 786 317 730 1078 845 517 1099 670 574 87 819 0 505 769 1006 345 478 97 497 693 646 852 670 971 966 405 629 850 167 637 894 551 1113 479 778 314 860 835 337 869 244 623 190 396 567 827 1086 370 490
494 465 657 339 724 382 331 239 541 324 377 606 426 363 501 355 444 257 465 307 405 510 578 619 388 594 182 438 495 604 505 0 554 506 190 86 500 134 218 424 538 541 474 462 118 172 385 495 373 451 511 611 60 350 195 582 341 453 400 285 149 426 268 202 613 592 450 328
597 290 904 657 913 245 478 364 739 356 323 79 885 732 1037 205 997 549 130 465 456 1064 855 76 931 790 653 987 822 1155 769 554 0 802 510 477 832 425 449 137 1071 1093 799 726 515 691 439 631 181 908 1047 732 503 845 628 1123 724 453 455 562 660 828 787 352 1164 899 939 871
994 880 153 843 235 773 325 679 127 449 810 805 856 853 504 626 587 762 672 341 885 631 72 828 686 141 336 692 984 671 1006 506 802 0 691 559 987 570 392 733 516 734 42 77 620 387 367 998 676 257 795 225 546 319 691 581 172 928 354 791 386 894 673 558 676 98 843 650
304 328 841 184 902 281 468 146 714 414 238 578 375 241 649 352 562 75 463 441 223 623 763 584 448 769 372 510 360 721 345 190 510 691 0 136 367 152 349 373 687 621 662 642 72 355 504 307 341 637 551 774 145 530 120 720 530 273 524 103 336 330 293 227 730 780 430 392
435 379 707 313 766 296 335 153 578 296 291 534 453 355 587 286 526 211 399 308 331 592 631 545 454 633 255 509 483 687 478 86 477 559 136 0 489 52 215 344 624 615 532 507 74 257 376 441 296 531 573 637 26 434 195 667 404 377 395 240 231 432 318 134 696 650 489 394
298 572 1140 184 1215 587 823 495 1038 781 511 909 208 136 752 709 618 300 814 796 392 655 1058 908 443 1089 650 496 10 740 97 500 832 987 367 489 0 518 703 704 786 587 950 954 415 602 866 260 687 852 463 1111 486 736 304 789 814 419 884 279 600 111 342 595 749 1061 282 424
432 340 714 337 767 250 319 115 577 262 255 482 497 387 634 234 577 227 348 291 315 643 640 493 507 633 286 562 511 737 497 134 425 570 152 52 518 0 201 292 670 668 545 512 109 297 352 443 244 564 625 629 78 472 235 715 423 358 371 254 269 470 369 85 746 664 537 447
632 487 527 529 572 380 119 294 380 123 419 477 644 568 604 250 593 424 330 93 507 658 458 496 582 437 216 624 697 741 693 218 449 392 349 215 703 201 0 353 635 715 376 326 289 269 167 644 294 458 708 428 217 399 402 692 278 546 183 452 239 639 481 167 749 490 666 525
490 206 850 525 873 123 411 227 689 288 206 207 748 599 916 106 869 415 131 392 343 935 792 211 796 743 541 853 694 1028 646 424 137 733 373 344 704 292 353 0 952 960 723 660 378 571 390 520 58 807 911 700 371 734 491 1001 632 350 409 429 541 694 651 227 1037 832 802 736
948 1000 618 733 717 921 671 776 639 754 910 1109 587 692 37 865 170 723 961 665 908 162 554 1126 348 656 420 307 789 160 852 538 1071 516 687 624 786 670 635 952 0 278 477 553 630 380 739 931 896 258 392 739 598 242 601 65 424 958 741 742 411 674 458 724 163 515 531 362
814 949 860 594 957 895 790 747 844 838 860 1147 379 531 262 897 147 628 1006 775 816 116 787 1159 173 874 514 111 593 163 670 541 1093 734 621 615 587 668 715 960 278 0 692 750 588 450 858 788 912 491 131 943 590 416 507 244 597 864 866 637 477 480 331 743 170 758 306 229
966 863 190 809 276 756 321 656 162 443 790 805 816 817 464 617 545 732 669 334 860 589 108 828 643 182 301 650 947 631 971 474 799 42 662 532 950 545 376 723 477 692 0 89 590 349 369 968 665 218 753 262 517 276 657 542 136 904 359 760 350 856 633 539 636 118 802 609
942 813 202 802 262 705 250 617 94 374 746 728 837 818 537 553 603 715 596 268 827 653 133 751 684 137 306 697 950 703 966 462 726 77 642 507 954 512 326 660 553 750 89 0 571 365 290 948 604 297 800 192 496 334 653 619 157 868 277 743 358 866 653 493 708 173 830 643
377 372 770 240 833 307 409 159 646 368 281 578 388 281 593 337 515 143 450 382 289 579 692 586 420 700 300 479 409 675 405 118 515 620 72 74 415 109 289 378 630 588 590 571 0 285 450 378 337 567 532 708 75 462 126 667 458 339 469 171 265 361 272 194 685 708 432 361
653 636 539 472 620 547 341 409 457 393 548 731 471 471 345 486 323 413 584 325 575 388 457 748 337 502 67 367 599 472 629 172 691 387 355 257 602 297 269 571 380 450 349 365 285 0 408 649 515 282 462 545 232 178 318 431 214 624 417 439 30 507 288 344 480 459 466 288
768 570 465 688 483 462 69 421 301 108 522 438 811 732 712 286 726 579 308 83 632 789 415 461 738 354 344 774 859 864 850 385 439 367 504 376 866 352 167 390 739 858 369 290 450 408 0 785 340 521 864 312 382 497 568 801 328 663 20 606 382 805 646 291 871 462 832 683
39 346 1148 199 1208 396 760 365 1018 683 313 711 427 257 894 559 779 237 646 733 177 829 1070 705 621 1074 675 683 250 924 167 495 631 998 307 441 260 443 644 520 931 788 968 948 378 649 785 0 523 928 679 1072 452 816 338 950 836 181 805 210 634 327 477 493 933 1086 505 581
495 237 796 505 822 136 356 196 636 235 214 240 716 575 861 53 817 391 127 336 347 883 737 249 751 691 483 806 678 975 637 373 181 676 341 296 687 244 294 58 896 912 665 604 337 515 340 523 0 748 867 652 321 676 455 945 573 363 360 409 485 668 609 172 984 775 766 690
934 904 369 744 467 807 457 679 380 562 819 931 686 731 248 707 346 694 786 459 856 381 299 952 477 397 277 468 851 415 894 451 908 257 637 531 852 564 458 807 258 491 218 297 567 282 521 928 748 0 571 480 509 115 592 324 193 905 518 720 302 747 512 590 419 267 654 458
708 874 932 493 1026 832 799 689 894 827 787 1107 257 422 369 860 232 544 972 781 727 231 855 1117 126 930 529 103 470 294 551 511 1047 795 551 573 463 625 708 911 392 131 753 800 532 462 864 679 867 571 0 990 550 478 431 369 642 773 875 549 484 361 260 706 301 833 181 184
1060 882 208 947 183 773 315 718 100 419 830 713 1012 974 726 598 796 849 605 341 931 845 212 738 872 97 481 889 1106 892 1113 611 732 225 774 637 1111 629 428 700 739 943 262 192 708 545 312 1072 652 480 990 0 633 527 807 805 348 967 292 877 533 1032 830 587 897 268 1011 829
448 405 696 314 757 323 337 179 570 307 316 559 438 350 561 309 500 218 422 310 350 565 618 570 430 625 235 484 480 660 479 60 503 546 145 26 486 78 217 371 598 590 517 496 75 232 382 452 321 509 550 633 0 410 186 641 387 397 400 247 208 423 297 156 669 635 472 370
824 812 454 630 548 721 428 586 427 515 725 877 573 615 217 640 269 584 729 423 752 319 376 895 374 457 192 375 736 376 778 350 845 319 530 434 736 472 399 734 242 416 276 334 462 178 497 816 676 115 478 527 410 0 479 305 188 801 498 609 202 632 397 510 382 356 545 348
349 444 844 153 916 402 521 264 735 491 356 695 263 167 564 460 462 124 573 495 313 520 763 701 333 787 356 396 299 617 314 195 628 691 120 195 304 235 402 491 601 507 657 653 126 318 568 338 455 592 431 807 186 479 0 627 521 363 585 140 309 237 176 320 626 771 311 279
969 1039 681 751 780 964 733 818 704 813 949 1163 585 704 89 917 172 751 1015 726 938 139 618 1180 346 721 476 297 793 102 860 582 1123 581 720 667 789 715 692 1001 65 244 542 619 667 431 801 950 945 324 369 805 641 305 627 0 488 989 803 768 462 677 473 773 103 578 523 371
835 752 325 673 405 649 264 537 252 372 674 743 685 681 402 528 452 598 598 267 734 505 243 764 526 292 165 540 811 564 835 341 724 172 530 404 814 423 278 632 424 597 136 157 458 214 328 836 573 193 642 348 387 188 521 488 0 780 325 626 214 721 501 429 570 251 675 486
145 165 1070 286 1118 229 652 251 926 556 149 532 543 365 921 407 825 239 480 626 50 883 997 526 690 983 632 754 408 980 337 453 453 928 273 377 419 358 546 350 958 864 904 868 339 624 663 181 363 905 773 967 397 801 363 989 780 0 684 226 603 455 534 380 990 1022 616 640
789 591 448 707 464 482 76 441 284 129 543 451 826 750 715 306 733 598 324 95 652 794 401 475 749 336 352 784 878 868 869 400 455 354 524 395 884 371 183 409 741 866 359 277 469 417 20 805 360 518 875 292 400 498 585 803 325 684 0 625 391 822 660 311 874 448 846 694
214 332 941 96 1004 319 572 215 817 512 253 636 335 170 704 429 601 28 535 544 178 658 863 638 464 872 465 527 270 755 244 285 562 791 103 240 279 254 452 429 742 637 760 743 171 439 606 210 409 720 549 877 247 609 140 768 626 226 625 0 424 266 308 322 764 877 402 414
637 609 539 463 617 519 315 383 448 363 522 701 479 467 376 455 353 398 554 299 554 418 458 717 359 496 52 392 597 503 623 149 660 386 336 231 600 269 239 541 411 477 350 358 265 30 382 634 485 302 484 533 208 202 309 462 214 603 391 424 0 509 297 314 511 463 479 307
360 591 1047 176 1126 586 756 472 954 729 518 901 103 96 640 682 507 278 792 731 418 544 965 904 331 1003 560 386 115 631 190 426 828 894 330 432 111 470 639 694 674 480 856 866 361 507 805 327 668 747 361 1032 423 632 237 677 721 455 822 266 509 0 234 552 639 964 181 312
498 620 823 278 907 573 587 428 744 592 531 849 183 235 421 604 301 297 717 565 486 353 741 858 157 791 349 220 342 449 396 268 787 673 293 318 342 369 481 651 458 331 633 653 272 288 646 477 609 512 260 830 297 397 176 473 501 534 660 308 297 234 0 452 458 736 186 106
477 323 694 411 738 219 272 131 546 191 252 404 582 467 689 153 644 297 265 245 344 711 625 416 586 603 317 639 587 803 567 202 352 558 227 134 595 85 167 227 724 743 539 493 194 344 291 493 172 590 706 587 156 510 320 773 429 380 311 322 314 552 452 0 811 655 623 526
955 1056 781 735 880 989 801 841 796 871 965 1210 541 679 171 961 169 750 1064 792 940 106 716 1225 312 816 534 253 753 9 827 613 1164 676 730 696 749 746 749 1037 163 170 636 708 685 480 871 933 984 419 301 897 669 382 626 103 570 990 874 764 511 639 458 811 0 678 471 352
1084 978 102 924 201 871 423 774 189 547 907 900 918 929 511 725 613 849 769 440 978 648 56 924 731 171 415 730 1058 675 1086 592 899 98 780 650 1061 664 490 832 515 758 118 173 708 459 462 1086 775 267 833 268 635 356 771 578 251 1022 448 877 463 964 736 655 678 0 898 702
536 734 990 330 1078 708 773 575 923 774 652 1006 78 253 501 769 360 403 882 751 573 385 909 1013 185 967 531 226 288 463 370 450 939 843 430 489 282 537 666 802 531 306 802 830 432 466 832 505 766 654 181 1011 472 545 311 523 675 616 846 402 479 181 186 623 471 898 0 196
603 720 796 383 885 667 618 520 737 643 631 929 233 332 328 679 199 402 791 599 591 247 715 940 60 778 355 118 426 343 490 328 871 650 392 394 424 447 525 736 362 229 609 643 361 288 683 581 690 458 184 829 370 348 279 371 486 640 694 414 307 312 106 526 352 702 196 0
