54
0 807 599 820 244 974 879 401 180 795 706 852 992 521 807 652 734 786 291 647 373 327 577 469 524 494 3 735 569 809 739 190 221 506 457 450 289 893 366 410 937 527 743 810 777 453 759 556 374 438 661 311 503 167
807 0 223 68 612 340 695 593 856 853 461 240 851 311 2 156 77 817 963 170 543 671 231 784 497 648 810 663 359 169 664 623 927 462 642 1024 554 398 471 612 652 406 346 467 461 423 58 487 897 896 537 587 309 829
599 223 0 222 436 409 587 375 635 692 330 279 745 88 222 106 146 659 740 136 321 449 100 573 422 443 603 513 167 218 516 411 705 377 539 803 380 385 306 395 576 326 258 385 364 202 167 297 675 678 379 431 97 608
820 68 222 0 641 273 635 574 855 803 409 172 789 308 66 187 95 766 957 212 531 658 258 758 550 618 824 612 331 104 613 632 925 512 691 1007 582 331 501 591 588 456 290 406 403 411 68 453 881 875 490 622 317 829
244 612 436 641 0 842 872 419 389 857 648 713 1010 380 613 457 547 838 512 443 356 395 383 573 281 533 246 743 473 655 748 175 448 262 244 652 58 792 142 438 905 284 644 743 712 368 574 517 548 595 636 71 341 364
974 340 409 273 842 0 476 635 961 698 348 129 608 464 338 433 350 660 1040 466 622 731 488 770 807 630 977 516 407 198 516 784 1025 765 939 1046 787 142 716 644 396 710 248 275 295 521 329 471 929 902 439 840 501 937
879 695 587 635 872 476 0 479 779 245 256 479 158 562 693 681 652 213 804 716 523 555 685 476 985 389 882 147 439 531 143 731 822 938 1066 739 837 337 804 469 102 896 350 228 234 512 648 355 656 600 237 908 618 766
401 593 375 574 419 635 479 0 332 438 318 534 602 290 592 475 517 418 404 494 72 96 426 203 611 114 404 338 246 518 342 258 393 569 646 433 399 526 399 23 536 547 387 423 390 174 535 169 307 303 261 470 320 312
180 856 635 855 389 961 779 332 0 656 650 851 873 547 856 710 779 653 124 715 339 237 641 324 667 391 181 631 557 822 636 254 70 641 623 270 417 858 478 330 851 649 715 756 722 450 802 501 197 265 587 460 548 27
795 853 692 803 857 698 245 438 656 0 393 672 241 639 851 798 794 37 646 829 505 476 780 332 1033 323 798 191 525 706 190 691 682 988 1082 545 837 555 828 418 348 957 514 425 413 549 798 400 491 424 317 908 689 651
706 461 330 409 648 348 256 318 650 393 0 287 414 309 459 427 408 357 712 462 332 413 429 424 733 286 709 202 187 314 203 532 709 686 823 702 607 218 563 320 260 642 122 105 71 280 409 151 589 557 92 675 365 631
852 240 279 172 713 129 479 534 851 672 287 0 629 337 238 308 232 634 937 342 512 628 360 690 681 547 856 481 294 75 482 662 917 639 810 959 658 159 586 546 422 584 166 252 258 404 214 381 837 818 378 710 372 826
992 851 745 789 1010 608 158 602 873 241 414 629 0 718 849 840 810 228 878 875 655 665 843 552 1138 499 995 266 594 685 262 860 907 1092 1214 785 979 478 952 588 212 1051 508 383 391 660 806 500 723 660 384 1051 773 864
521 311 88 308 380 464 562 290 547 639 309 337 718 0 311 184 234 608 651 205 234 361 143 491 423 368 524 470 123 288 474 330 618 376 519 715 328 414 266 312 567 333 271 385 358 116 255 238 587 592 338 388 55 521
807 2 222 66 613 338 693 592 856 851 459 238 849 311 0 156 76 815 962 171 543 670 231 783 499 647 810 661 358 167 663 623 926 463 643 1023 555 396 471 611 650 407 344 465 459 422 57 486 896 895 535 588 309 828
652 156 106 187 457 433 681 475 710 798 427 308 840 184 156 0 92 764 821 36 416 542 74 675 373 549 655 616 273 234 619 470 781 332 508 896 398 443 316 496 661 276 339 469 452 300 119 404 768 776 483 435 164 682
734 77 146 95 547 350 652 517 779 794 408 232 810 234 76 92 0 759 886 118 467 595 164 711 460 576 737 607 288 156 609 548 850 420 598 948 489 380 407 537 618 364 301 429 418 347 26 418 820 821 477 527 233 752
786 817 659 766 838 660 213 418 653 37 357 634 228 608 815 764 759 0 651 796 483 463 748 329 1006 305 789 154 493 670 153 674 683 962 1060 557 816 517 804 400 315 929 477 388 376 522 763 370 496 431 282 887 659 647
291 963 740 957 512 1040 804 404 124 646 712 937 878 651 962 821 886 651 0 829 428 309 755 328 791 433 291 658 644 915 662 376 70 765 743 167 541 927 601 395 886 773 791 814 782 546 907 570 155 223 638 583 657 150
647 170 136 212 443 466 716 494 715 829 462 342 875 205 171 36 118 796 829 0 432 557 73 696 342 573 651 649 303 268 652 470 786 302 479 909 385 479 301 516 697 246 375 505 488 320 144 433 782 793 515 416 176 687
373 543 321 531 356 622 523 72 339 505 332 512 655 234 543 416 467 483 428 432 0 127 362 272 538 184 377 389 218 486 393 207 405 496 577 481 332 526 327 95 570 475 379 437 403 120 486 182 353 360 293 404 256 315
327 671 449 658 395 731 555 96 237 476 413 628 665 361 670 542 595 463 309 557 127 0 485 178 623 166 330 409 337 609 413 221 296 585 636 353 390 623 410 92 620 572 483 518 484 248 614 265 226 238 350 456 381 219
577 231 100 258 383 488 685 426 641 780 429 360 843 143 231 74 164 748 755 73 362 485 0 629 325 510 581 606 255 290 609 398 712 281 450 836 324 480 242 448 676 228 359 486 465 254 191 380 710 722 472 364 105 614
469 784 573 758 573 770 476 203 324 332 424 690 552 491 783 675 711 329 328 696 272 178 629 0 799 142 471 332 426 689 336 398 354 760 814 279 568 642 585 180 562 743 527 516 487 375 726 310 179 134 337 635 524 319
524 497 422 550 281 807 985 611 667 1033 733 681 1138 423 499 373 460 1006 791 342 538 623 325 799 0 721 526 883 546 608 887 428 728 46 151 922 250 806 213 634 989 97 680 803 779 485 484 643 810 849 755 212 367 641
494 648 443 618 533 630 389 114 391 323 286 547 499 368 647 549 576 305 433 573 184 166 510 142 721 0 497 242 288 547 247 368 440 678 761 416 514 505 511 94 460 653 385 384 353 257 589 167 303 272 205 585 407 377
3 810 603 824 246 977 882 404 181 798 709 856 995 524 810 655 737 789 291 651 377 330 581 471 526 497 0 738 573 812 742 194 220 509 458 450 292 896 369 413 940 529 746 814 780 457 762 559 375 439 664 313 506 168
735 663 513 612 743 516 147 338 631 191 202 481 266 470 661 616 607 154 658 649 389 409 606 332 883 242 738 0 350 515 4 594 675 837 951 602 713 374 690 326 230 800 323 241 225 398 609 239 512 460 134 785 524 618
569 359 167 331 473 407 439 246 557 525 187 294 594 123 358 273 288 493 644 303 218 337 255 426 546 288 573 350 0 272 354 383 623 499 636 679 427 326 377 262 447 457 175 271 242 116 300 131 554 544 217 493 178 532
809 169 218 104 655 198 531 518 822 706 314 75 685 288 167 234 156 670 915 268 486 609 290 689 608 547 812 515 272 0 516 618 890 567 740 950 599 229 523 533 483 511 192 302 301 371 139 379 825 812 399 648 315 796
739 664 516 613 748 516 143 342 636 190 203 482 262 474 663 619 609 153 662 652 393 413 609 336 887 247 742 4 354 516 0 599 679 841 955 605 718 373 694 330 226 804 324 240 225 403 611 243 516 464 137 790 527 623
190 623 411 632 175 784 731 258 254 691 532 662 860 330 623 470 548 674 376 470 207 221 398 398 428 368 194 594 383 618 599 0 322 397 418 495 179 708 226 274 777 399 557 635 602 267 573 387 382 424 501 239 315 226
221 927 705 925 448 1025 822 393 70 682 709 917 907 618 926 781 850 683 70 786 405 296 712 354 728 440 220 675 623 890 679 322 0 704 676 236 480 920 544 388 899 715 779 813 780 519 872 562 198 269 640 518 618 98
506 462 377 512 262 765 938 569 641 988 686 639 1092 376 463 332 420 962 765 302 496 585 281 760 46 678 509 837 499 567 841 397 704 0 180 892 224 761 175 592 943 56 634 757 733 440 445 597 778 814 708 198 321 615
457 642 539 691 244 939 1066 646 623 1082 823 810 1214 519 643 508 598 1060 743 479 577 636 450 814 151 761 458 951 636 740 955 418 676 180 0 891 247 923 262 667 1083 236 788 904 877 554 624 714 791 840 830 179 466 601
450 1024 803 1007 652 1046 739 433 270 545 702 959 785 715 1023 896 948 557 167 909 481 353 836 279 922 416 450 602 679 950 605 495 236 892 891 0 672 921 720 417 831 892 800 796 766 600 966 578 127 145 616 722 733 290
289 554 380 582 58 787 837 399 417 837 607 658 979 328 555 398 489 816 541 385 332 390 324 568 250 514 292 713 427 599 718 179 480 224 247 672 0 742 84 420 865 238 595 698 668 327 516 482 562 604 600 71 286 391
893 398 385 331 792 142 337 526 858 555 218 159 478 414 396 443 380 517 927 479 526 623 480 642 806 505 896 374 326 229 373 708 920 761 923 921 742 0 680 532 268 709 150 133 157 441 366 358 808 776 306 802 462 837
366 471 306 501 142 716 804 399 478 828 563 586 952 266 471 316 407 804 601 301 327 410 242 585 213 511 369 690 377 523 694 226 544 175 262 720 84 680 0 422 823 172 537 648 619 292 434 452 603 638 568 124 218 451
410 612 395 591 438 644 469 23 330 418 320 546 588 312 611 496 537 400 395 516 95 92 448 180 634 94 413 326 262 533 330 274 388 592 667 417 420 532 422 0 530 571 396 425 392 195 553 174 292 284 258 491 343 311
937 652 576 588 905 396 102 536 851 348 260 422 212 567 650 661 618 315 886 697 570 620 676 562 989 460 940 230 447 483 226 777 899 943 1083 831 865 268 823 530 0 897 322 192 211 538 611 390 742 690 277 934 622 836
527 406 326 456 284 710 896 547 649 957 642 584 1051 333 407 276 364 929 773 246 475 572 228 743 97 653 529 800 457 511 804 399 715 56 236 892 238 709 172 571 897 0 585 709 686 407 389 561 774 806 669 228 278 623
743 346 258 290 644 248 350 387 715 514 122 166 508 271 344 339 301 477 791 375 379 483 359 527 680 385 746 323 175 192 324 557 779 634 788 800 595 150 537 396 322 585 0 129 116 290 298 223 681 657 211 658 321 693
810 467 385 406 743 275 228 423 756 425 105 252 383 385 465 469 429 388 814 505 437 518 486 516 803 384 814 241 271 302 240 635 813 757 904 796 698 133 648 425 192 709 129 0 33 376 423 256 687 651 179 764 439 736
777 461 364 403 712 295 234 390 722 413 71 258 391 358 459 452 418 376 782 488 403 484 465 487 779 353 780 225 242 301 225 602 780 733 877 766 668 157 619 392 211 686 116 33 0 344 414 223 656 621 150 735 413 702
453 423 202 411 368 521 512 174 450 549 280 404 660 116 422 300 347 522 546 320 120 248 254 375 485 257 457 398 116 371 403 267 519 440 554 600 327 441 292 195 538 407 290 376 344 0 366 159 473 476 276 397 150 425
759 58 167 68 574 329 648 535 802 798 409 214 806 255 57 119 26 763 907 144 486 614 191 726 484 589 762 609 300 139 611 573 872 445 624 966 516 366 434 553 611 389 298 423 414 366 0 429 839 838 482 554 257 775
556 487 297 453 517 471 355 169 501 400 151 381 500 238 486 404 418 370 570 433 182 265 380 310 643 167 559 239 131 379 243 387 562 597 714 578 482 358 452 174 390 561 223 256 223 159 429 0 458 437 118 553 289 481
374 897 675 881 548 929 656 307 197 491 589 837 723 587 896 768 820 496 155 782 353 226 710 179 810 303 375 512 554 825 516 382 198 778 791 127 562 808 603 292 742 774 681 687 656 473 839 458 0 71 508 617 606 207
438 896 678 875 595 902 600 303 265 424 557 818 660 592 895 776 821 431 223 793 360 238 722 134 849 272 439 460 544 812 464 424 269 814 840 145 604 776 638 284 690 806 657 651 621 476 838 437 71 0 471 663 617 272
661 537 379 490 636 439 237 261 587 317 92 378 384 338 535 483 477 282 638 515 293 350 472 337 755 205 664 134 217 399 137 501 640 708 830 616 600 306 568 258 277 669 211 179 150 276 482 118 508 471 0 671 392 569
311 587 431 622 71 840 908 470 460 908 675 710 1051 388 588 435 527 887 583 416 404 456 364 635 212 585 313 785 493 648 790 239 518 198 179 722 71 802 124 491 934 228 658 764 735 397 554 553 617 663 671 0 342 435
503 309 97 317 341 501 618 320 548 689 365 372 773 55 309 164 233 659 657 176 256 381 105 524 367 407 506 524 178 315 527 315 618 321 466 733 286 462 218 343 622 278 321 439 413 150 257 289 606 617 392 342 0 520
167 829 608 829 364 937 766 312 27 651 631 826 864 521 828 682 752 647 150 687 315 219 614 319 641 377 168 618 532 796 623 226 98 615 601 290 391 837 451 311 836 623 693 736 702 425 775 481 207 272 569 435 520 0
