224
0 207 325 431 297 945 750 411 147 578 255 821 299 704 332 317 236 202 686 567 735 532 529 116 643 704 726 747 821 773 203 700 642 583 531 542 801 466 428 226 369 374 707 365 449 653 65 73 800 269 502 460 149 595 465 315 274 76 652 686 231 765 785 598 729 360 751 628 71 731 612 227 736 603 379 429 354 501 830 465 489 616 554 298 800 255 245 569 242 457 645 591 379 170 718 400 490 104 739 464 591 536 326 700 134 315 525 304 639 255 458 690 167 462 767 849 495 75 142 725 292 736 605 616 135 296 477 737 750 380 635 264 410 479 178 827 264 752 355 248 167 343 633 186 525 103 134 939 162 326 815 668 118 425 213 907 272 764 754 613 253 694 734 757 779 876 467 436 352 148 445 91 222 185 783 446 685 352 669 637 440 648 307 232 622 385 588 312 560 468 662 347 349 931 728 930 526 829 650 439 684 504 952 1006 490 23 120 518 744 863 840 444 496 490 608 699 353 834 591 796 691 515 820 714
207 0 304 486 194 761 584 397 305 560 297 622 389 701 321 122 247 402 482 502 536 437 325 312 445 513 666 580 657 580 61 500 586 397 380 378 594 317 332 387 439 429 579 159 320 594 231 264 657 238 301 293 63 591 375 119 346 283 465 525 117 603 594 521 523 453 665 421 273 539 410 386 586 612 306 309 195 523 664 405 349 486 347 114 593 207 449 410 449 458 455 597 181 121 608 351 340 305 688 325 448 414 250 504 122 279 372 372 469 374 437 506 164 300 561 649 290 170 263 627 285 542 586 480 263 356 330 696 567 352 463 363 479 482 42 650 446 546 226 367 167 255 441 246 318 302 281 737 331 300 632 550 124 287 48 722 418 742 723 529 267 541 577 603 585 705 353 268 182 248 269 256 234 305 583 482 543 246 508 497 345 596 126 25 444 196 397 195 408 268 457 166 195 732 714 727 390 639 465 287 517 429 749 814 342 188 322 432 676 682 645 239 415 287 526 674 290 627 459 602 506 378 614 545
325 304 0 204 497 730 512 94 265 262 554 670 181 400 606 291 90 490 670 242 749 227 534 335 662 532 400 510 572 604 243 707 316 416 670 659 730 253 637 294 184 158 875 348 621 327 390 395 522 525 530 578 273 289 680 292 141 355 712 445 418 518 604 278 646 221 430 578 334 559 615 289 471 307 608 613 493 220 586 143 646 783 517 407 748 96 511 693 496 153 479 293 440 396 411 78 633 344 414 623 739 259 551 549 221 571 299 143 740 219 138 500 426 275 672 699 431 365 216 409 565 571 289 345 457 126 256 414 550 55 731 184 212 177 270 607 574 650 171 217 428 559 676 487 504 414 459 795 287 589 609 372 361 588 257 698 282 448 434 295 537 438 856 496 610 637 196 273 244 195 296 417 501 508 782 188 833 550 430 788 649 322 419 311 427 469 434 152 696 378 567 265 212 769 416 790 272 639 469 581 788 186 818 814 635 331 421 207 418 647 671 402 184 509 288 381 590 755 756 625 752 676 722 813
431 486 204 0 670 878 656 152 306 212 685 850 138 294 754 493 238 531 873 294 953 342 738 382 867 709 394 656 703 779 427 911 322 602 863 856 927 438 812 277 66 59 1065 551 806 336 495 484 630 679 733 773 440 202 854 493 157 425 915 593 590 656 775 339 843 100 463 781 405 735 819 271 598 192 775 794 681 94 720 247 835 972 721 596 947 288 531 889 509 119 661 184 639 554 488 223 825 398 390 811 932 403 718 733 377 727 472 127 940 197 165 672 574 466 865 878 635 494 290 466 713 749 233 480 566 137 438 373 714 189 932 173 36 120 446 756 625 843 373 202 576 729 880 615 708 487 558 972 313 742 767 472 509 774 444 850 232 370 372 362 678 576 1054 624 785 773 359 470 448 284 494 516 643 613 986 40 1027 726 581 981 825 319 609 498 602 666 623 356 890 581 763 469 416 941 327 969 433 804 647 771 988 287 998 970 826 446 485 318 422 798 844 606 300 712 352 315 754 950 945 798 956 864 913 1013
297 194 497 670 0 862 717 591 437 754 187 690 559 895 157 270 433 432 464 693 486 622 323 412 402 612 855 713 791 667 255 460 778 515 237 255 606 482 142 520 618 611 411 264 152 785 273 312 810 91 284 182 229 785 184 268 521 363 384 667 80 740 688 709 553 624 848 443 366 633 388 520 736 805 112 132 92 714 794 598 193 320 376 127 590 401 487 278 496 651 559 790 187 127 782 545 197 398 879 168 294 590 58 589 293 108 530 549 352 531 631 618 135 456 595 713 363 223 412 807 135 632 780 645 252 535 495 889 678 546 351 528 659 675 227 765 434 588 410 524 136 61 377 185 343 347 278 789 457 130 739 722 180 129 242 823 562 936 916 715 147 690 439 749 672 828 535 422 347 405 414 282 135 264 539 670 388 56 651 340 154 788 121 193 570 164 505 385 266 371 509 323 370 798 909 778 559 734 577 151 395 620 793 895 196 273 368 619 864 790 724 316 604 284 713 868 100 640 294 687 419 218 645 425
945 761 730 878 862 0 221 730 966 725 1036 208 911 805 1019 639 789 1147 519 600 592 535 571 1016 589 251 616 222 183 198 743 570 623 364 814 772 399 491 923 1018 895 862 960 612 855 613 987 1014 284 949 609 757 801 769 952 641 872 1010 678 287 834 222 174 560 377 939 524 461 994 229 557 1012 285 808 943 871 779 818 164 631 838 909 504 743 446 728 1185 794 1178 761 307 798 675 874 436 669 810 1018 650 834 855 477 913 274 813 970 436 872 765 948 713 255 916 486 345 203 499 929 911 482 997 231 727 397 1025 855 483 684 194 708 753 915 904 767 774 123 1204 333 602 947 919 902 638 999 534 1048 1042 221 994 992 129 421 886 830 736 39 1012 761 726 538 998 301 855 259 194 116 534 509 592 886 499 1013 972 1066 569 841 897 874 300 882 928 635 745 739 322 703 364 645 816 498 375 600 597 166 779 230 458 129 296 795 789 590 253 105 814 933 1065 559 591 83 159 547 578 598 548 732 948 384 892 181 690 852 332 788
750 584 512 656 717 221 0 508 756 511 874 256 691 605 874 464 576 949 490 384 580 314 478 811 543 162 426 4 74 186 555 547 417 205 726 689 429 284 804 803 673 641 903 453 744 408 798 822 132 797 510 651 614 557 839 467 654 811 632 67 674 27 164 346 367 718 342 401 793 165 498 797 81 596 812 755 645 599 80 410 738 836 411 591 472 518 984 717 975 540 180 585 539 703 244 449 711 814 462 728 780 256 773 208 615 825 226 652 710 731 492 123 746 288 356 277 370 744 701 293 846 182 516 176 844 636 274 494 100 488 697 697 683 547 589 100 1013 334 397 729 749 766 587 829 433 854 858 355 783 847 120 212 707 714 551 194 795 572 537 325 840 81 818 65 189 127 316 317 404 676 314 826 810 888 577 620 842 740 82 816 812 430 596 565 148 573 220 441 736 347 318 418 401 310 583 357 240 169 153 684 745 369 387 315 715 741 869 338 406 142 225 407 356 493 334 533 812 432 814 194 656 758 377 752
411 397 94 152 591 730 508 0 329 169 646 697 200 305 700 373 176 561 733 176 816 197 606 404 733 556 320 507 559 626 336 774 236 450 758 745 778 287 730 338 166 133 963 427 712 249 477 478 494 619 606 665 368 194 773 374 177 432 789 443 512 510 622 218 694 212 364 637 411 582 684 332 455 214 702 705 583 135 575 99 736 872 582 497 800 190 575 779 558 62 508 199 524 490 364 72 722 416 330 714 827 252 645 580 314 665 319 162 822 253 46 519 520 316 715 725 495 456 288 352 660 596 196 333 545 152 286 326 562 47 813 218 175 85 364 607 649 692 235 255 522 653 751 578 573 493 545 819 347 683 616 337 455 679 350 701 312 355 343 240 630 429 939 481 632 628 206 324 316 270 348 503 594 596 846 122 920 643 431 876 743 240 510 403 449 556 472 230 783 439 615 340 282 788 322 816 280 652 494 670 870 144 845 820 724 419 497 174 342 649 691 472 152 584 231 288 684 801 845 646 828 765 762 893
147 305 265 306 437 966 756 329 0 483 398 871 168 595 478 387 183 233 782 502 842 491 627 77 750 742 649 754 822 814 273 804 565 619 665 672 882 475 572 83 240 254 849 444 588 578 201 181 783 416 606 588 243 491 610 386 159 119 770 689 365 767 821 540 804 223 691 712 100 769 713 83 726 492 525 570 483 388 834 406 627 757 639 415 887 238 247 701 231 360 683 481 487 310 676 343 625 91 656 601 729 515 471 747 188 462 531 186 767 114 374 719 313 482 838 899 568 221 55 673 438 778 509 601 268 185 483 648 776 312 763 133 279 378 266 844 324 819 365 107 313 487 746 330 614 181 256 993 28 473 839 636 257 562 289 931 126 663 658 559 400 689 869 750 820 884 447 465 394 80 480 217 369 312 886 329 824 494 673 776 585 569 426 329 647 501 630 322 695 529 730 398 378 977 623 986 518 861 682 572 814 451 1011 1039 625 168 178 472 671 883 882 521 449 591 551 601 500 912 732 836 811 654 891 843
578 560 262 212 754 725 511 169 483 0 816 741 329 143 868 518 345 716 838 129 927 219 730 560 850 605 181 512 543 666 499 885 116 521 906 889 857 376 891 475 267 241 1112 565 868 130 644 643 454 787 736 813 535 47 934 520 324 594 916 457 677 504 655 165 775 310 256 738 572 626 800 469 440 85 866 863 739 120 561 170 889 1023 694 653 886 356 724 923 705 123 569 73 670 658 301 209 872 573 178 867 975 292 809 638 483 832 385 300 959 389 124 561 689 413 788 767 608 626 450 269 828 642 27 344 713 298 370 165 589 209 949 358 248 105 529 611 807 764 369 393 691 816 875 748 691 656 712 856 497 851 630 304 624 834 512 704 437 186 175 187 799 430 1078 465 671 613 285 432 451 434 456 670 763 764 950 174 1066 805 450 1023 904 110 665 563 501 703 546 377 930 552 698 477 417 817 154 855 335 675 547 822 1006 176 886 825 875 587 658 201 210 652 724 596 197 714 177 120 849 875 996 682 954 917 829 1027
255 297 554 685 187 1036 874 646 398 816 0 872 555 949 93 410 471 297 651 782 668 727 510 343 587 784 945 870 948 844 343 644 863 678 391 420 793 614 242 469 624 627 517 424 298 872 197 223 954 96 472 361 291 838 264 407 528 288 560 819 202 895 863 806 739 616 955 630 301 807 575 472 882 850 184 271 280 750 954 680 342 437 561 293 777 466 350 436 366 699 729 836 369 175 903 619 357 325 964 322 432 710 162 766 333 109 669 558 514 510 692 785 134 596 781 896 539 192 397 920 68 807 843 778 134 549 627 967 846 608 515 520 665 722 308 932 270 773 521 503 132 182 559 69 528 243 155 974 407 103 910 846 194 292 340 996 520 1002 988 817 40 837 578 898 849 992 647 563 478 401 561 185 64 110 721 697 513 209 802 469 251 871 292 312 730 350 673 485 418 537 692 460 493 980 969 963 687 909 744 323 550 712 979 1075 355 238 260 719 959 960 904 488 699 471 813 935 158 827 418 864 592 360 831 579
821 622 670 850 690 208 256 697 871 741 872 0 851 849 844 504 708 1022 311 611 384 525 380 909 383 140 679 253 280 74 618 362 660 255 614 572 196 417 733 934 851 821 752 463 663 653 853 885 381 781 419 565 672 787 759 506 807 893 470 290 674 278 92 580 169 891 599 262 879 115 354 930 337 826 760 681 601 809 266 608 642 705 317 580 243 641 1066 591 1062 741 191 813 503 722 499 627 614 907 715 641 652 454 736 123 697 796 377 814 559 877 693 180 763 397 136 29 336 792 816 548 826 100 750 398 881 795 414 746 158 664 546 847 870 754 643 193 1067 125 513 873 766 723 432 845 349 922 901 124 899 816 152 459 744 641 607 174 939 823 789 562 833 324 647 321 70 254 490 408 477 791 390 878 811 916 363 817 690 694 293 676 738 673 580 597 247 526 241 552 614 353 182 476 493 110 831 119 418 103 202 605 581 576 148 207 618 806 940 547 661 179 49 388 559 412 571 779 768 188 689 62 482 654 132 580
299 389 181 138 559 911 691 200 168 329 555 851 0 430 628 426 157 394 824 375 896 392 678 243 806 713 505 690 748 785 337 856 425 595 769 767 899 434 701 145 72 89 965 487 703 439 361 347 691 558 666 683 335 330 741 426 46 287 844 624 481 696 786 418 817 64 560 740 268 740 763 139 646 327 659 689 584 224 763 295 736 872 673 504 913 224 397 799 376 210 659 317 559 437 564 244 729 259 507 712 836 436 603 729 270 605 481 39 857 60 237 682 452 453 844 880 591 367 157 552 587 752 353 521 431 55 438 495 732 205 850 35 111 224 347 787 487 823 341 65 453 616 813 485 655 349 422 975 175 619 791 535 388 673 354 879 112 502 500 440 551 616 967 671 791 815 376 447 401 157 469 381 517 478 935 163 932 616 611 885 713 426 516 406 609 582 612 310 797 542 738 416 374 950 460 970 453 821 650 675 905 342 997 995 730 316 347 369 530 828 853 554 346 647 430 443 636 926 845 806 885 765 896 932
704 701 400 294 895 805 605 305 595 143 949 849 430 0 1005 661 478 824 972 250 1062 346 869 672 988 718 194 606 622 774 640 1021 189 646 1049 1032 980 512 1033 572 360 341 1256 708 1011 196 770 765 522 925 877 956 673 110 1076 663 437 711 1055 559 817 592 759 271 900 393 289 871 690 737 937 566 527 103 1007 1006 882 207 641 312 1032 1166 831 796 1012 495 825 1066 804 249 689 114 813 796 369 352 1016 687 165 1010 1118 417 950 756 619 971 514 409 1101 490 264 673 825 549 909 874 745 757 569 324 965 754 119 453 840 412 505 132 692 349 1091 463 328 226 669 700 917 885 512 495 827 957 1014 880 829 773 837 959 605 989 725 393 759 977 653 789 526 84 104 287 934 527 1220 550 779 689 422 570 593 557 594 794 899 890 1082 266 1208 947 555 1166 1046 175 808 705 620 846 673 520 1073 690 825 620 560 915 40 959 462 773 664 966 1148 312 990 909 1018 715 774 332 223 739 826 737 332 854 279 74 989 995 1139 788 1093 1061 947 1168
332 321 606 754 157 1019 874 700 478 868 93 844 628 1005 0 419 529 391 599 822 605 759 469 429 530 769 986 869 948 823 377 585 905 672 315 349 747 630 158 553 695 695 425 420 223 913 280 311 964 83 430 302 334 894 174 416 597 375 492 822 208 896 844 843 700 691 987 591 386 790 525 555 890 909 104 197 242 812 951 723 266 348 527 282 726 513 444 360 460 756 716 895 344 210 927 665 285 412 1007 249 348 734 107 745 386 48 681 627 437 588 744 776 180 607 743 866 519 261 471 949 41 788 895 794 224 616 643 1013 835 659 440 594 736 779 343 922 359 737 548 580 179 123 497 151 494 334 247 939 490 27 897 868 247 225 369 979 603 1053 1037 851 79 844 493 904 828 985 675 573 493 472 567 273 111 204 659 762 425 152 806 381 165 915 277 329 726 317 663 517 339 528 661 471 513 950 1023 927 706 890 734 261 470 750 941 1050 282 312 352 753 997 947 879 473 736 433 848 986 83 781 330 843 521 279 790 499
317 122 291 493 270 639 464 373 387 518 410 504 426 661 419 0 269 518 401 437 470 357 252 411 380 392 595 460 538 459 116 430 522 275 387 372 495 211 390 462 460 441 594 60 354 527 350 381 545 338 241 294 168 556 432 2 379 390 422 408 213 485 473 447 418 485 580 325 378 417 336 459 472 583 379 353 227 508 544 351 371 504 253 147 500 207 563 406 560 436 333 568 151 238 512 311 354 407 622 351 457 320 329 384 200 373 261 399 449 428 404 384 282 187 453 531 181 291 336 537 387 421 542 375 385 381 224 635 445 325 440 407 495 458 139 528 567 436 151 422 284 328 389 365 231 418 403 621 415 395 510 451 247 320 104 600 482 689 666 450 377 427 566 488 464 584 268 153 77 314 150 376 346 427 510 479 548 309 391 505 401 533 157 101 323 184 275 143 412 150 347 52 105 614 668 612 288 517 342 305 497 363 635 693 356 301 436 357 601 559 525 134 345 221 449 623 370 525 477 481 463 399 507 521
236 247 90 238 433 789 576 176 183 345 471 708 157 478 529 269 0 402 667 333 739 310 521 248 650 574 490 573 640 647 189 699 406 453 625 620 745 299 575 228 194 181 826 330 567 417 301 305 599 450 510 536 203 367 617 269 110 266 689 508 352 585 651 367 663 215 520 583 245 601 606 224 543 380 540 556 442 283 652 232 597 733 516 358 757 68 425 653 411 228 517 366 407 322 496 167 587 256 503 572 694 332 483 585 143 497 353 130 707 169 223 548 348 312 693 737 435 280 131 497 488 612 372 417 369 112 306 502 602 144 699 142 232 251 208 666 484 672 195 165 349 493 657 402 498 324 370 833 208 514 664 454 282 535 206 755 230 532 520 384 457 507 819 567 653 703 264 300 246 107 320 327 421 420 778 237 789 488 493 743 587 412 371 260 474 432 467 158 653 387 586 260 221 812 498 826 336 689 513 533 755 274 853 866 588 242 331 293 509 705 715 397 270 491 377 465 520 773 706 669 730 626 745 781
202 402 490 531 432 1147 949 561 233 716 297 1022 394 824 391 518 402 0 869 731 908 712 714 157 819 906 881 946 1019 976 405 877 798 785 666 687 993 665 532 257 465 483 812 562 575 810 174 138 993 366 683 613 350 723 559 516 392 139 814 884 391 964 988 768 924 437 920 820 159 933 793 263 931 721 475 551 511 618 1029 633 619 729 746 476 988 441 54 709 69 593 847 711 561 328 898 569 628 146 889 596 717 726 437 902 334 399 723 417 785 334 607 892 301 663 963 1050 693 236 274 900 361 938 742 808 180 418 675 882 952 541 784 361 500 611 379 1029 94 949 553 329 299 458 802 255 715 100 154 1139 219 399 1017 853 289 560 415 1109 309 895 891 786 322 890 864 953 981 1076 656 638 554 295 647 155 309 187 959 557 804 477 868 758 542 802 483 428 824 559 790 509 695 668 860 549 550 1132 854 1130 720 1031 852 583 826 676 1151 1208 627 216 81 695 903 1064 1042 641 672 674 779 834 448 1026 708 998 850 641 1016 856
686 482 670 873 464 519 490 733 782 838 651 311 824 972 599 401 667 869 0 722 92 626 156 795 76 329 842 486 545 335 509 56 794 336 320 277 152 461 462 861 851 828 441 341 388 793 695 733 621 554 186 297 544 883 479 401 777 762 159 483 480 517 364 708 141 880 785 101 755 331 76 858 555 917 501 411 372 866 537 673 357 398 152 392 127 601 920 289 923 792 318 903 308 541 688 661 330 787 876 363 347 557 494 283 594 555 459 795 248 829 750 368 574 426 177 321 238 633 734 732 592 318 856 546 700 776 467 901 400 689 236 808 881 811 518 474 890 185 500 823 577 476 123 644 170 771 725 366 810 572 435 631 580 375 493 483 883 972 941 699 610 521 337 551 337 544 553 410 426 714 386 714 599 723 113 852 379 447 475 367 463 808 386 457 380 311 309 519 314 293 171 408 457 394 965 352 511 400 348 339 270 661 358 507 334 665 793 640 834 477 359 270 641 196 703 914 516 185 384 345 172 362 209 270
567 502 242 294 693 600 384 176 502 129 782 611 375 250 822 437 333 731 722 0 812 96 624 575 740 476 163 384 420 536 445 771 84 396 819 798 732 264 824 515 331 298 1024 475 792 91 630 637 338 739 635 727 491 176 866 439 354 598 810 327 620 378 525 44 651 377 189 621 577 497 689 508 315 215 805 790 664 220 437 102 807 937 582 581 763 317 749 832 732 176 441 203 583 613 194 166 788 585 186 788 887 167 751 510 451 782 263 338 860 430 137 431 649 301 662 637 498 600 457 176 784 513 140 214 696 329 256 197 459 190 850 395 326 174 479 484 816 637 286 431 651 754 768 717 583 657 699 727 521 802 502 182 587 757 454 577 487 257 230 68 760 302 980 341 541 489 177 326 363 437 348 658 724 747 832 254 974 740 320 934 835 96 592 500 373 619 423 307 841 444 575 389 332 687 244 726 212 546 419 741 906 73 756 699 791 570 664 83 178 525 594 494 91 612 58 194 792 748 911 553 847 835 702 925
735 536 749 953 486 592 580 816 842 927 668 384 896 1062 605 470 739 908 92 812 0 716 218 847 91 418 934 576 633 418 571 41 886 428 301 261 200 550 456 922 927 905 380 409 383 884 736 775 712 572 235 306 600 971 465 470 849 811 118 576 516 607 447 799 220 954 878 193 805 419 133 920 647 1005 503 409 398 950 624 760 346 353 234 436 157 675 961 262 966 876 411 990 356 580 780 745 322 838 969 358 309 648 506 372 654 565 551 869 201 896 835 459 608 514 247 390 321 676 796 825 605 404 945 639 733 850 557 993 487 771 191 877 959 896 575 558 920 262 581 890 610 487 108 671 244 813 758 418 868 580 518 724 623 379 554 559 948 1064 1033 791 628 613 265 642 419 627 641 496 504 777 472 753 622 750 54 933 319 459 568 317 455 899 428 512 473 350 402 597 287 377 263 484 536 454 1056 404 602 480 440 345 207 750 404 569 325 712 835 730 926 557 434 346 730 251 795 1005 522 225 346 426 108 343 266 200
532 437 227 342 622 535 314 197 491 219 727 525 392 346 759 357 310 712 626 96 716 0 530 559 645 387 238 313 362 451 384 675 172 302 733 709 637 170 747 520 364 331 937 390 711 174 593 605 299 676 543 641 436 266 789 360 361 574 716 251 553 313 442 90 556 410 228 525 554 410 594 514 257 304 733 711 585 287 378 98 724 851 487 504 668 276 736 743 722 225 349 290 498 554 186 151 703 567 267 705 800 72 681 419 406 716 167 353 769 439 178 344 593 207 568 552 404 555 441 194 722 425 233 138 654 339 161 285 378 187 758 404 370 233 419 414 791 544 212 440 595 682 674 666 488 629 661 644 515 737 427 144 535 676 390 508 501 350 321 93 702 233 888 283 456 431 89 234 281 418 255 621 667 704 736 305 885 665 241 846 759 186 515 431 282 534 328 242 753 350 480 307 253 607 340 641 116 467 328 658 814 55 671 629 706 532 639 24 243 456 512 402 45 520 92 289 722 655 825 469 752 751 610 832
529 325 534 738 323 571 478 606 627 730 510 380 678 869 469 252 521 714 156 624 218 530 0 638 128 335 762 473 545 372 355 178 703 283 249 211 285 359 354 706 710 690 429 191 284 704 540 577 598 414 39 186 387 772 381 252 632 605 186 450 328 505 398 619 231 736 719 121 598 349 85 704 525 804 381 302 230 742 543 560 268 357 68 237 274 457 765 239 767 668 298 789 152 387 629 537 240 630 794 263 302 468 362 299 439 422 375 651 243 679 629 358 422 322 273 400 127 477 580 669 456 342 750 481 548 632 369 815 408 560 231 659 743 689 362 494 738 268 370 673 425 347 145 496 45 615 572 469 654 442 461 568 425 261 338 532 731 881 852 614 469 483 360 529 376 563 448 298 291 561 276 559 454 573 259 721 370 317 437 340 358 716 232 300 339 160 261 382 257 180 198 269 324 482 868 457 424 442 324 225 286 557 471 587 244 508 637 540 759 510 420 134 537 40 616 818 390 319 336 389 224 284 322 302
116 312 335 382 412 1016 811 404 77 560 343 909 243 672 429 411 248 157 795 575 847 559 638 0 755 784 724 808 879 856 294 812 641 662 647 658 904 527 539 127 316 330 820 464 564 653 149 120 845 375 613 576 251 568 574 410 236 54 767 745 347 823 865 612 829 294 764 732 46 811 722 130 787 568 487 543 470 465 890 477 604 730 658 412 905 294 177 685 164 436 725 558 491 286 745 413 606 17 732 579 706 578 437 786 211 419 585 262 755 186 449 766 279 530 865 937 593 188 118 744 391 819 586 662 209 262 537 725 824 384 751 209 353 455 278 896 247 848 415 180 279 455 747 278 630 109 193 1029 70 427 888 702 234 540 308 980 180 740 735 630 350 748 850 809 862 939 508 509 431 141 522 157 323 248 894 405 800 466 729 752 551 644 422 338 694 499 670 371 676 559 759 432 421 1017 700 1021 576 906 727 555 801 521 1045 1085 606 140 103 541 746 933 924 544 518 600 623 678 461 935 706 878 806 631 919 830
643 445 662 867 402 589 543 733 750 850 587 383 806 988 530 380 650 819 76 740 91 645 128 755 0 385 870 538 603 401 479 57 816 371 244 201 228 476 389 830 839 818 371 319 315 816 647 685 672 491 143 228 508 894 404 380 760 720 89 529 428 571 429 731 213 865 820 142 714 391 51 828 602 927 431 339 312 868 596 682 283 323 157 345 199 586 872 213 876 794 365 912 264 490 725 663 256 747 903 290 271 579 428 341 562 488 483 780 175 806 754 420 520 439 251 395 242 586 705 767 526 379 870 579 646 761 483 926 458 687 163 787 872 814 484 537 834 257 497 799 522 409 48 586 160 723 671 442 776 504 498 666 533 305 462 553 857 995 965 724 547 565 275 601 402 607 566 418 419 686 394 664 538 665 139 849 308 380 519 293 390 830 337 421 421 259 345 510 238 298 227 397 451 469 985 428 533 467 395 269 203 676 435 582 260 621 745 657 864 543 430 260 655 160 727 934 447 260 308 412 114 287 285 209
704 513 532 709 612 251 162 556 742 605 784 140 713 718 769 392 574 906 329 476 418 387 335 784 385 0 556 157 217 72 501 385 529 122 583 544 273 279 679 802 711 681 750 361 613 524 742 771 294 698 370 517 557 652 711 394 670 773 474 169 582 189 81 448 206 752 484 243 758 27 342 797 233 690 696 628 530 670 211 468 602 688 266 491 314 508 948 569 942 602 59 677 425 623 383 487 574 784 593 595 633 315 663 46 575 720 237 676 555 741 554 46 666 262 200 168 249 683 686 431 746 39 615 265 777 657 275 623 74 524 543 710 730 614 529 159 958 176 379 738 669 653 430 749 293 807 795 263 770 741 128 335 638 587 492 211 804 699 665 431 747 207 660 225 78 228 350 277 353 662 262 768 721 816 415 677 689 625 167 666 685 543 494 491 107 454 116 420 590 247 158 357 364 237 702 259 278 125 63 553 588 438 288 301 578 691 824 408 542 179 140 296 420 357 439 651 699 282 668 94 497 619 230 594
726 666 400 394 855 616 426 320 649 181 945 679 505 194 986 595 490 881 842 163 934 238 762 724 870 556 0 428 434 604 609 894 84 506 971 947 827 405 984 650 447 418 1174 629 949 73 790 795 331 903 777 880 655 204 1026 597 493 752 946 389 783 410 587 148 752 491 95 740 731 572 819 644 345 234 968 948 822 301 453 265 962 1089 713 741 864 480 894 980 876 294 537 231 737 777 182 327 942 736 36 943 1038 293 914 598 614 946 387 472 1003 564 274 510 813 441 755 701 634 762 609 134 948 590 164 297 857 467 395 69 520 345 992 530 430 281 643 516 969 730 446 567 815 916 902 881 718 812 859 782 666 966 545 221 751 915 618 602 615 146 111 148 924 354 1122 366 609 499 327 470 519 590 490 817 888 908 947 355 1122 901 389 1083 995 79 752 662 469 773 533 470 991 582 682 545 490 735 163 783 337 595 510 897 1047 236 813 720 945 731 817 237 30 554 651 638 251 755 147 120 955 839 1063 616 980 989 787 1064
747 580 510 656 713 222 4 507 754 512 870 253 690 606 869 460 573 946 486 384 576 313 473 808 538 157 428 0 78 182 552 542 418 200 721 684 425 281 799 801 672 640 898 449 739 410 794 818 136 792 505 646 611 558 834 463 652 807 627 65 669 32 161 347 362 717 345 396 790 161 493 795 84 597 808 750 640 598 84 409 733 831 407 587 468 515 981 712 972 539 176 586 535 699 246 447 707 812 464 723 775 255 769 203 612 821 223 651 705 729 491 118 742 285 352 274 366 741 699 295 841 178 517 175 840 634 271 497 97 486 693 695 682 546 585 100 1010 330 394 727 745 761 582 825 429 850 855 353 781 843 119 213 703 710 548 194 793 574 539 326 835 81 813 69 185 130 314 313 400 673 310 822 806 884 573 619 837 736 80 811 807 431 592 561 143 568 215 438 731 343 314 414 398 308 585 355 238 167 148 679 740 368 385 315 710 737 866 337 409 142 222 403 356 488 335 534 807 429 809 191 652 753 374 748
821 657 572 703 791 183 74 559 822 543 948 280 748 622 948 538 640 1019 545 420 633 362 545 879 603 217 434 78 0 220 628 601 440 277 794 756 468 354 876 865 725 693 967 528 815 429 870 893 107 871 578 721 687 587 911 541 713 880 692 134 748 55 193 378 414 771 344 461 862 213 560 859 105 625 886 827 718 639 18 460 808 902 478 665 513 584 1053 783 1043 585 247 616 612 777 253 504 781 883 469 799 847 312 847 261 686 899 295 709 773 791 538 187 820 360 398 295 442 817 767 300 920 228 544 227 917 694 343 503 145 543 760 756 732 590 661 90 1085 377 466 790 823 839 648 903 502 924 931 359 848 921 128 239 780 786 624 168 854 580 545 356 914 133 878 79 221 69 376 390 477 742 388 898 884 961 624 665 906 814 151 881 884 452 670 639 221 645 291 510 803 420 376 491 473 308 597 363 303 179 222 755 805 416 392 286 785 812 939 386 411 121 239 480 406 562 366 549 885 466 881 221 715 827 410 812
773 580 604 779 667 198 186 626 814 666 844 74 785 774 823 459 647 976 335 536 418 451 372 856 401 72 604 182 220 0 570 390 585 195 617 576 247 351 724 874 782 752 771 425 656 578 809 840 314 755 411 558 626 713 753 461 742 843 490 216 643 209 29 505 198 824 526 266 828 45 364 870 266 751 745 672 581 736 209 536 640 716 305 550 292 581 1018 599 1013 669 130 739 479 687 426 557 612 855 641 636 661 381 716 78 646 774 307 748 576 814 621 107 729 334 177 100 305 750 759 474 802 37 675 323 842 730 347 672 86 595 563 783 800 681 597 140 1026 158 452 811 732 705 448 811 336 876 861 193 842 795 99 384 704 631 561 159 877 749 714 487 805 250 673 252 5 208 419 349 424 734 333 835 781 880 406 746 709 676 218 690 730 598 552 556 177 506 185 492 621 311 178 426 436 165 756 190 346 69 134 597 603 503 220 234 616 759 894 473 587 142 68 355 486 400 496 705 750 247 698 22 508 655 192 606
203 61 243 427 255 743 555 336 273 499 343 618 337 640 377 116 189 405 509 445 571 384 355 294 479 501 609 552 628 570 0 533 529 380 436 431 610 278 394 351 383 371 637 171 379 536 243 270 619 294 336 347 59 530 436 115 292 274 509 494 177 573 582 466 534 400 612 439 261 527 440 349 550 550 366 370 253 462 636 346 408 544 366 169 614 146 448 464 444 397 441 536 223 170 559 291 397 291 630 384 504 367 310 497 85 337 335 317 520 328 376 488 209 267 570 646 298 189 225 576 339 533 526 438 289 300 290 637 549 291 513 313 422 420 35 628 460 553 177 321 211 316 480 286 341 305 303 737 301 357 614 503 155 347 17 705 377 682 663 475 317 506 631 569 576 680 303 238 152 206 244 271 282 335 614 422 600 307 477 553 406 538 182 71 422 244 384 141 463 265 464 144 155 728 654 728 347 626 447 344 568 373 751 803 399 189 323 377 620 662 637 249 359 319 472 614 350 641 517 592 549 437 624 595
700 500 707 911 460 570 547 774 804 885 644 362 856 1021 585 430 699 877 56 771 41 675 178 812 57 385 894 542 601 390 533 0 845 389 291 248 189 508 441 884 886 864 392 369 367 844 704 743 678 548 198 284 563 930 453 430 809 776 115 539 485 574 419 759 194 914 839 154 770 388 93 882 611 963 484 392 370 909 593 719 332 356 192 402 152 634 929 255 934 834 374 949 321 548 742 704 307 803 929 342 308 607 484 340 616 543 510 828 204 857 793 424 578 472 226 371 280 643 758 786 582 374 904 600 704 809 515 953 456 729 192 838 918 854 538 530 892 237 539 851 580 465 90 643 203 781 729 407 831 559 490 685 590 359 516 536 910 1023 992 750 604 577 284 608 391 599 600 455 463 739 430 721 596 723 82 892 330 436 531 322 441 859 394 476 435 317 363 556 280 336 228 443 495 439 1015 393 561 454 404 324 219 709 396 554 310 678 803 689 887 531 411 305 689 213 755 964 502 218 345 399 120 333 251 217
642 586 316 322 778 623 417 236 565 116 863 660 425 189 905 522 406 798 794 84 886 172 703 641 816 529 84 418 440 585 529 845 0 463 903 881 794 343 909 569 371 341 1108 559 876 14 706 711 345 822 715 811 573 151 951 524 411 668 889 369 704 406 570 86 715 416 141 693 647 548 765 563 341 188 890 875 749 233 458 182 892 1021 659 666 827 397 812 914 794 215 502 181 667 696 190 244 873 652 101 872 971 238 835 568 530 866 335 391 942 483 191 484 731 380 722 684 576 679 525 154 867 565 108 264 773 385 334 113 503 261 931 449 357 205 562 514 885 698 371 486 733 839 846 798 661 728 775 770 583 886 537 205 668 842 538 605 536 178 148 98 842 338 1061 365 589 508 259 407 447 506 428 733 806 824 903 282 1057 824 366 1017 920 14 677 584 433 703 490 392 924 523 641 474 416 727 173 770 283 585 477 826 987 158 800 725 875 646 733 165 105 554 637 575 176 693 92 121 876 808 995 599 925 919 759 1005
583 397 416 602 515 364 205 450 619 521 678 255 595 646 672 275 453 785 336 396 428 302 283 662 371 122 506 200 277 195 380 389 463 0 526 492 336 164 599 680 598 569 712 254 540 460 623 651 316 597 311 448 438 567 634 278 551 651 454 167 476 229 203 377 254 637 450 235 635 150 321 675 242 604 608 550 440 571 280 369 535 639 221 390 366 386 826 521 820 500 64 590 334 512 354 378 509 662 541 525 584 229 570 133 453 623 135 559 524 621 453 108 555 142 268 284 167 565 564 397 645 158 535 210 661 540 163 567 170 414 512 591 619 515 410 253 840 244 258 618 558 562 409 638 237 686 678 380 647 645 235 295 522 510 373 325 684 640 607 366 642 200 638 248 200 314 246 154 231 539 139 650 614 702 441 572 653 536 154 623 607 477 394 376 57 367 26 297 539 143 178 236 241 359 636 374 185 245 67 480 563 346 401 423 513 570 704 320 498 284 263 202 327 292 371 584 607 355 616 217 484 557 313 575
531 380 670 863 237 814 726 758 665 906 391 614 769 1049 315 387 625 666 320 819 301 733 249 647 244 583 971 721 794 617 436 291 903 526 0 43 473 567 158 749 819 807 206 343 93 906 510 549 843 303 216 93 435 944 163 386 726 600 184 694 300 752 644 823 449 833 942 353 601 597 261 749 768 970 211 119 185 891 792 738 49 118 317 266 442 577 721 44 732 820 546 955 236 360 859 699 40 633 1000 70 69 681 232 547 500 282 597 752 122 750 791 607 372 532 490 630 361 459 634 893 324 589 930 710 486 736 578 1016 658 710 124 741 858 843 421 743 658 492 537 743 373 210 201 413 292 584 512 685 687 293 709 796 412 107 419 776 788 1075 1050 823 355 726 203 774 620 812 644 501 457 622 483 518 359 489 355 856 164 189 680 118 155 915 254 365 584 202 507 530 29 401 439 430 489 709 1055 671 640 687 573 93 159 747 679 819 40 507 605 737 973 757 658 339 728 233 824 1009 234 505 92 633 207 42 529 189
542 378 659 856 255 772 689 745 672 889 420 572 767 1032 349 372 620 687 277 798 261 709 211 658 201 544 947 684 756 576 431 248 881 492 43 0 429 541 195 755 814 801 227 324 125 884 526 565 808 329 180 84 436 928 205 370 724 613 144 659 310 716 603 800 406 831 914 311 613 557 218 755 734 955 245 151 189 879 754 720 85 147 278 263 399 568 742 34 751 808 509 940 220 372 829 683 63 646 977 99 92 655 259 507 500 313 569 749 98 751 776 569 389 506 447 587 328 472 637 865 354 549 912 680 507 731 552 994 618 697 96 741 853 830 420 703 684 449 519 744 390 237 158 436 255 601 533 642 695 325 668 767 423 129 414 734 792 1054 1028 798 383 692 199 739 579 773 622 476 438 624 457 536 384 514 314 847 176 213 646 136 194 893 251 361 549 189 471 515 46 371 398 412 471 665 1036 628 613 645 536 104 142 726 636 776 66 518 623 715 948 716 616 311 707 200 800 989 266 462 125 591 172 85 485 172
801 594 730 927 606 399 429 778 882 857 793 196 899 980 747 495 745 993 152 732 200 637 285 904 228 273 827 425 468 247 610 189 794 336 473 429 0 492 614 955 914 888 579 439 540 789 819 855 560 697 321 447 654 904 632 496 852 877 304 443 613 454 274 709 83 949 757 172 867 263 221 952 505 940 651 563 513 905 456 703 510 545 247 520 47 676 1042 441 1043 832 292 926 435 670 657 705 483 898 863 515 496 565 641 230 695 702 472 866 393 912 786 320 707 461 73 195 314 756 830 705 738 246 871 531 831 846 494 892 329 738 382 887 940 848 626 384 1022 97 559 908 709 624 274 781 277 893 855 218 910 720 343 607 704 526 596 368 971 967 934 695 753 481 465 494 246 449 579 457 499 808 434 840 739 858 170 900 517 594 440 512 615 808 516 568 360 446 311 588 466 358 163 487 524 254 968 204 522 298 318 489 406 682 207 369 487 782 914 656 814 375 245 360 663 325 702 916 665 34 534 248 306 515 67 400
466 317 253 438 482 491 284 287 475 376 614 417 434 512 630 211 299 665 461 264 550 170 359 527 476 279 405 281 354 351 278 508 343 164 567 541 492 0 596 528 434 405 769 230 552 345 517 539 341 548 372 477 337 422 637 214 391 526 546 219 422 298 353 260 408 474 376 361 508 306 424 523 271 456 589 555 431 412 364 213 561 685 318 357 516 237 700 575 691 339 226 442 337 439 301 214 540 530 436 544 633 114 541 297 332 584 58 396 598 464 294 249 481 37 428 446 234 466 420 330 597 317 395 163 567 378 12 456 302 249 587 432 455 356 313 368 731 405 112 461 484 539 503 562 318 570 580 542 503 606 364 240 433 519 278 456 527 521 492 257 583 228 717 291 357 411 91 65 136 395 84 545 551 614 573 409 716 519 202 678 607 357 366 303 175 373 185 156 586 179 329 159 122 516 509 536 76 389 216 497 643 200 565 567 543 459 585 181 406 407 419 232 180 350 258 459 582 514 659 372 582 587 475 662
428 332 637 812 142 923 804 730 572 891 242 733 701 1033 158 390 575 532 462 824 456 747 354 539 389 679 984 799 876 724 394 441 909 599 158 195 614 596 0 653 760 753 282 367 74 914 393 429 908 167 314 169 371 924 42 387 663 487 340 761 222 828 748 836 578 765 970 472 493 697 393 654 833 944 57 52 165 855 877 731 110 197 419 243 588 540 586 203 599 791 633 930 266 265 897 682 134 523 1010 99 190 708 101 648 435 133 638 691 280 670 769 694 260 566 620 753 434 352 551 926 174 692 917 754 354 677 609 1021 750 685 283 669 801 814 368 838 512 618 537 663 260 85 351 277 388 460 379 817 590 139 807 836 316 92 380 883 698 1071 1050 840 210 788 336 843 728 904 659 532 467 545 520 394 224 347 510 812 272 86 746 226 12 919 232 328 656 231 584 518 181 458 552 441 494 835 1045 804 673 793 655 128 311 750 815 941 130 404 480 747 991 857 774 397 733 324 839 1003 84 647 176 742 366 121 664 340
226 387 294 277 520 1018 803 338 83 475 469 934 145 572 553 462 228 257 861 515 922 520 706 127 830 802 650 801 865 874 351 884 569 680 749 755 955 528 653 0 212 235 931 520 671 583 272 246 817 495 687 672 325 475 691 461 161 181 853 735 448 811 879 556 876 180 702 787 167 829 792 6 766 469 605 652 566 367 878 427 710 840 715 498 962 293 253 785 232 355 744 460 568 392 699 369 708 145 653 684 812 553 552 810 267 540 582 178 851 86 379 776 393 540 908 963 641 301 126 691 514 838 499 639 335 185 535 641 831 333 846 120 244 370 347 894 352 889 422 83 393 569 828 403 692 235 320 1058 63 549 893 665 339 645 368 984 53 646 645 577 474 732 952 791 880 929 488 526 461 147 543 284 445 375 966 307 907 576 720 859 666 571 509 410 703 583 693 382 778 599 801 468 442 1039 603 1051 562 918 741 655 898 474 1077 1095 708 249 226 499 675 934 943 596 475 671 568 588 579 985 815 896 893 737 961 926
369 439 184 66 618 895 673 166 240 267 624 851 72 360 695 460 194 465 851 331 927 364 710 316 839 711 447 672 725 782 383 886 371 598 819 814 914 434 760 212 0 32 1019 520 758 385 431 419 659 622 701 731 390 263 801 460 97 359 882 608 538 675 781 375 831 46 509 761 340 737 793 206 621 257 721 745 635 155 741 265 789 925 698 552 932 253 465 847 444 156 660 248 601 498 524 226 780 332 446 764 887 417 664 731 325 669 475 68 901 130 193 677 516 458 856 880 613 434 227 507 653 750 290 498 502 83 436 431 723 188 894 107 41 166 398 771 559 834 355 136 517 676 849 554 683 422 494 975 247 684 779 501 451 726 400 865 170 433 434 398 618 595 1014 647 788 794 364 458 424 223 480 452 584 549 963 95 983 674 595 936 772 370 565 454 605 626 618 331 847 561 752 442 394 946 391 970 440 813 648 726 950 310 999 983 781 385 419 340 474 813 849 581 319 682 388 376 699 940 898 803 923 818 906 976
374 429 158 59 611 862 641 133 254 241 627 821 89 341 695 441 181 483 828 298 905 331 690 330 818 681 418 640 693 752 371 864 341 569 807 801 888 405 753 235 32 0 1008 500 748 355 438 428 627 620 682 717 382 240 795 442 99 371 864 575 531 643 750 343 805 79 479 737 351 707 772 228 588 238 716 736 624 134 708 232 778 915 676 540 906 234 486 834 466 126 630 228 585 495 492 195 768 346 419 754 876 385 659 702 318 668 444 70 886 150 161 646 515 430 829 850 590 436 233 475 654 720 264 466 509 78 406 406 692 157 878 121 53 137 389 739 576 807 330 155 517 671 830 557 661 434 502 945 263 683 747 469 449 716 387 833 196 412 410 366 619 562 1000 614 758 761 333 431 401 226 454 460 584 557 940 74 971 667 563 925 766 340 553 442 575 611 589 308 834 537 725 421 370 916 371 940 409 781 618 715 934 277 969 952 770 388 433 307 445 781 818 559 286 662 356 353 695 913 888 772 904 807 878 960
707 579 875 1065 411 960 903 963 849 1112 517 752 965 1256 425 594 826 812 441 1024 380 937 429 820 371 750 1174 898 967 771 637 392 1108 712 206 227 579 769 282 931 1019 1008 0 549 262 1111 675 712 1026 449 403 299 630 1150 253 592 924 769 282 879 486 930 800 1027 583 1030 1141 508 774 759 408 932 953 1176 337 279 384 1096 962 944 229 93 492 469 538 781 866 194 880 1026 722 1161 443 539 1055 905 241 805 1204 254 137 883 383 709 695 413 796 951 195 941 997 781 541 733 618 763 552 632 823 1092 451 748 1136 906 636 935 780 1221 825 916 207 936 1058 1049 620 906 784 627 743 934 541 364 322 559 474 742 661 798 868 413 868 993 592 292 621 924 974 1280 1255 1026 490 912 124 956 773 976 849 703 663 814 684 677 506 626 421 1059 62 355 866 90 271 1120 456 566 768 409 690 736 183 597 595 636 695 832 1261 784 840 838 750 294 173 952 784 946 239 684 763 942 1175 913 801 538 933 424 1027 1215 365 606 120 783 273 200 644 181
365 159 348 551 264 612 453 427 444 565 424 463 487 708 420 60 330 562 341 475 409 390 191 464 319 361 629 449 528 425 171 369 559 254 343 324 439 230 367 520 520 500 549 0 322 563 391 424 546 343 182 251 215 605 407 61 440 440 364 403 222 476 442 480 365 545 606 268 428 386 276 518 472 633 365 325 202 562 532 396 333 461 195 137 443 267 609 358 608 489 305 618 108 262 530 362 313 459 657 315 412 343 321 348 256 372 271 460 395 488 455 361 304 199 402 490 130 329 394 560 392 388 588 387 418 441 242 673 422 379 386 468 554 511 187 507 604 387 196 482 307 316 329 387 171 461 438 577 472 393 485 468 280 289 156 573 542 731 706 481 388 426 513 484 430 568 301 165 114 373 153 415 360 455 449 536 500 293 386 459 377 571 143 134 307 144 248 197 366 114 298 88 147 573 712 567 306 487 319 268 443 403 589 658 316 347 481 393 632 536 488 79 384 161 482 665 361 471 435 446 404 360 455 466
