63
0 577 875 510 690 758 772 652 74 669 313 699 155 677 678 709 329 429 826 701 692 912 461 127 961 374 172 327 755 767 228 565 928 911 75 226 721 727 755 362 756 403 506 574 76 820 814 895 689 897 700 510 400 682 869 607 463 660 72 540 229 332 591
577 0 668 264 937 571 863 124 598 694 265 1023 445 364 504 913 250 148 877 1090 757 892 414 511 812 278 417 250 618 1144 757 20 779 821 509 662 1062 155 786 751 187 442 494 378 653 1139 680 701 996 820 763 936 305 117 787 843 119 943 532 952 353 798 60
875 668 0 448 624 119 416 567 942 310 726 760 733 303 201 564 730 674 375 880 359 308 417 748 150 564 733 713 130 901 886 652 122 199 857 757 802 733 321 724 755 472 371 332 936 827 104 34 725 211 356 840 516 619 189 576 707 670 803 830 784 826 728
510 264 448 0 684 336 598 229 560 429 283 782 354 176 258 654 285 227 613 862 493 634 159 399 580 138 340 269 372 911 619 244 545 573 466 499 822 392 522 552 422 207 233 122 584 893 436 478 752 570 498 730 111 285 536 593 266 697 443 739 355 622 322
690 937 624 684 0 575 227 912 762 326 793 136 646 707 561 65 809 837 293 262 266 412 525 601 588 671 672 792 516 277 536 916 574 495 730 466 178 1075 307 337 1107 496 453 607 702 215 520 615 102 474 268 304 634 969 471 95 889 57 642 276 781 415 988
758 571 119 336 575 0 392 481 823 248 610 706 615 212 82 520 615 564 371 819 311 341 298 631 244 446 614 597 65 848 779 554 209 253 739 648 749 653 295 627 678 355 258 216 820 786 112 144 671 255 311 758 398 536 224 512 600 613 685 751 666 726 632
772 863 416 598 227 392 0 810 846 171 783 363 683 567 405 162 796 795 69 489 105 188 458 658 362 632 701 778 328 498 675 843 351 268 791 571 402 983 97 472 1012 458 373 494 804 413 314 401 329 247 100 508 585 869 247 223 843 282 709 486 797 570 921
652 124 567 229 912 481 810 0 683 639 351 1011 507 269 425 880 340 236 815 1090 706 815 389 567 716 304 482 335 535 1140 807 119 683 735 590 699 1052 174 725 770 202 433 459 316 729 1122 593 601 982 736 710 952 311 58 704 822 227 926 597 963 441 831 174
74 598 942 560 762 823 846 683 0 742 334 765 211 732 743 782 347 452 900 761 766 985 525 197 1031 422 220 349 823 827 275 587 998 982 94 296 786 742 829 430 769 470 575 633 84 885 883 962 757 969 774 568 454 707 941 680 479 730 142 599 244 390 604
669 694 310 429 326 248 171 639 742 0 632 457 558 400 242 272 643 632 186 573 69 244 296 546 321 474 571 625 191 599 620 674 296 250 675 499 500 812 97 436 841 309 211 323 714 538 208 308 423 233 72 533 425 697 210 267 680 365 601 520 657 539 752
313 265 726 283 793 610 783 351 334 632 0 852 194 457 528 786 18 117 817 896 682 867 341 263 848 165 163 16 634 956 505 253 813 827 244 428 886 414 729 541 443 325 422 394 388 974 699 754 831 819 689 723 216 373 787 698 150 785 273 744 90 566 279
699 1023 760 782 136 706 363 1011 765 457 852 0 685 824 685 201 869 911 426 126 400 545 622 630 724 749 714 854 649 142 511 1003 711 631 750 473 43 1168 443 337 1200 582 559 718 696 123 655 751 34 611 403 230 717 1067 607 197 962 92 663 195 826 385 1071
155 445 733 354 646 615 683 507 211 558 194 685 0 522 533 651 213 298 729 715 592 802 316 68 829 219 32 204 618 778 312 430 796 787 124 236 715 600 650 358 631 265 373 422 230 808 680 755 668 776 600 536 245 542 745 554 341 628 91 559 142 373 469
677 364 303 176 707 212 567 269 732 400 457 824 522 0 164 664 457 384 561 922 469 550 249 560 448 313 512 442 268 963 760 349 415 466 639 633 867 440 475 657 466 316 275 120 749 923 324 336 792 468 472 820 277 324 436 627 411 733 608 822 531 742 425
678 504 201 258 561 82 405 425 743 242 528 685 533 164 0 512 533 486 397 792 310 390 217 552 322 364 533 516 114 826 710 486 286 317 657 580 729 598 312 571 625 277 187 137 742 776 178 227 651 316 312 714 315 482 282 488 524 593 606 710 583 666 565
709 913 564 654 65 520 162 880 782 272 786 201 651 664 512 0 801 821 227 327 208 347 498 611 523 654 675 784 459 339 572 892 510 430 743 490 241 1046 243 368 1077 476 421 569 728 266 459 553 167 409 209 361 614 938 406 103 872 121 656 335 781 455 966
329 250 730 285 809 615 796 340 347 643 18 869 213 457 533 801 0 105 829 914 694 877 350 281 854 173 181 18 640 974 523 239 819 835 259 447 903 398 741 559 427 337 433 398 404 991 706 759 848 828 701 741 224 360 795 714 134 802 290 762 103 584 262
429 148 674 227 837 564 795 236 452 632 117 911 298 384 486 821 105 0 819 967 690 854 337 365 807 166 269 102 598 1025 610 136 773 799 362 521 947 302 729 620 332 344 422 349 505 1031 664 705 887 794 696 805 210 255 761 741 51 837 384 823 208 658 172
826 877 375 613 293 371 69 815 900 186 817 426 729 561 397 227 829 819 0 553 137 120 483 709 303 660 745 810 305 559 739 857 296 209 841 631 464 989 90 537 1017 492 398 501 862 467 278 356 394 189 129 577 612 873 194 292 866 349 761 555 837 636 936
701 1090 880 862 262 819 489 1090 761 573 896 126 715 922 792 327 914 967 553 0 520 672 704 654 850 812 746 900 765 65 490 1070 836 757 761 486 93 1239 567 357 1272 656 650 810 684 163 776 873 159 736 524 193 786 1144 732 306 1018 211 677 161 858 370 1134
692 757 359 493 266 311 105 706 766 69 682 400 592 469 310 208 694 690 137 520 0 224 353 573 345 528 608 676 251 542 620 737 324 261 705 506 443 878 67 425 908 356 268 390 731 475 255 352 366 241 7 499 481 765 226 220 738 310 626 483 700 528 815
912 892 308 634 412 341 188 815 985 244 867 545 802 550 390 347 877 854 120 672 224 0 526 790 202 704 815 858 281 675 843 873 205 113 920 730 582 989 158 645 1015 549 445 514 954 577 232 282 513 98 216 696 654 872 121 409 897 469 844 674 898 747 952
461 414 417 159 525 298 458 389 525 296 341 622 316 249 217 498 350 337 483 704 353 526 0 335 519 178 317 332 305 752 513 393 485 489 440 385 663 550 393 411 581 67 85 129 526 733 369 439 593 480 359 582 129 445 448 433 385 537 388 588 379 493 468
127 511 748 399 601 631 658 567 197 546 263 630 68 560 552 611 281 365 709 654 573 790 335 0 834 270 100 272 627 717 245 496 801 785 133 171 659 666 634 298 697 275 379 452 191 753 686 767 615 771 581 471 287 604 743 511 408 579 55 496 206 306 536
961 812 150 580 588 244 362 716 1031 321 848 724 829 448 322 523 854 807 303 850 345 202 519 834 0 683 834 836 214 861 939 795 35 94 953 814 764 883 286 757 905 564 456 459 1015 771 150 116 691 114 339 844 633 768 119 562 844 640 889 828 898 861 873
374 278 564 138 671 446 632 304 422 474 165 749 219 313 364 654 173 166 660 812 528 704 178 270 683 0 203 155 468 867 504 259 648 661 328 395 786 431 571 474 463 178 262 232 449 867 533 591 723 654 535 659 50 348 621 576 217 672 310 673 222 528 322
172 417 733 340 672 614 701 482 220 571 163 714 32 512 533 675 181 269 745 746 608 815 317 100 834 203 0 173 622 808 343 402 800 796 127 268 745 571 664 389 601 271 379 416 249 837 684 757 696 784 615 567 234 515 754 579 310 655 116 591 112 405 439
327 250 713 269 792 597 778 335 349 625 16 854 204 442 516 784 18 102 810 900 676 858 332 272 836 155 173 0 622 959 516 238 801 817 259 436 888 401 722 546 430 319 414 381 403 976 688 742 832 809 682 729 206 358 776 697 138 785 285 749 106 574 266
755 618 130 372 516 65 328 535 823 191 634 649 618 268 114 459 640 598 305 765 251 281 305 627 214 468 622 622 0 791 757 600 180 203 742 628 692 709 230 594 734 354 248 249 813 726 65 142 614 201 250 714 418 592 169 459 638 557 683 705 683 695 679
767 1144 901 911 277 848 498 1140 827 599 956 142 778 963 826 339 974 1025 559 65 542 675 752 717 861 867 808 959 791 0 556 1124 849 767 826 550 99 1292 583 419 1324 707 694 854 750 122 797 892 176 746 545 258 839 1195 745 338 1076 234 742 227 920 436 1189
228 757 886 619 536 779 675 807 275 620 505 511 312 760 710 572 523 610 739 490 620 843 513 245 939 504 343 516 757 556 0 741 910 870 300 130 526 912 687 205 943 446 523 642 195 625 804 898 509 853 628 297 510 847 831 471 653 494 235 331 437 126 781
565 20 652 244 916 554 843 119 587 674 253 1003 430 349 486 892 239 136 857 1070 737 873 393 496 795 259 402 238 600 1124 741 0 762 803 498 644 1042 173 766 733 205 422 474 359 641 1119 662 685 976 802 742 917 285 122 769 822 113 923 518 933 343 780 79
928 779 122 545 574 209 351 683 998 296 813 711 796 415 286 510 819 773 296 836 324 205 485 801 35 648 800 801 180 849 910 762 0 92 919 784 752 851 269 731 874 530 423 423 983 763 116 88 677 109 319 823 598 736 104 544 809 625 856 808 863 834 839
911 821 199 573 495 253 268 735 982 250 827 631 787 466 317 430 835 799 209 757 261 113 489 785 94 661 796 817 203 767 870 803 92 0 909 749 671 906 198 682 931 524 416 451 960 676 141 170 598 20 254 758 611 790 42 474 839 548 840 740 868 786 882
75 509 857 466 730 739 791 590 94 675 244 750 124 639 657 743 259 362 841 761 705 920 440 133 953 328 127 259 742 826 300 498 919 909 0 277 775 657 765 413 685 389 496 543 145 872 803 879 738 897 713 572 361 617 867 642 393 705 88 600 157 396 520
226 662 757 499 466 648 571 699 296 499 428 473 236 633 580 490 447 521 631 486 506 730 385 171 814 395 268 436 628 550 130 644 784 749 277 0 498 817 572 136 849 317 392 514 237 595 677 769 463 733 513 300 393 743 709 387 568 434 192 326 377 137 693
721 1062 802 822 178 749 402 1052 786 500 886 43 715 867 729 241 903 947 464 93 443 582 663 659 764 786 745 888 692 99 526 1042 752 671 775 498 0 1208 485 362 1240 621 601 760 714 99 698 793 77 650 446 234 756 1107 648 241 999 135 689 199 857 400 1109
727 155 733 392 1075 653 983 174 742 812 414 1168 600 440 598 1046 398 302 989 1239 878 989 550 666 883 431 571 401 709 1292 912 173 851 906 657 817 1208 0 899 905 32 586 625 489 802 1282 765 767 1140 909 883 1090 453 116 876 983 264 1086 685 1104 499 954 138
755 786 321 522 307 295 97 725 829 97 729 443 650 475 312 243 741 729 90 567 67 158 393 634 286 571 664 722 230 583 687 766 269 198 765 572 485 899 0 491 927 405 308 411 796 505 218 309 409 178 59 560 522 784 167 276 776 356 688 542 753 594 845
362 751 724 552 337 627 472 770 430 436 541 337 358 657 571 368 559 620 537 357 425 645 411 298 757 474 389 546 594 419 205 733 731 682 413 136 362 905 491 0 937 349 389 537 366 459 633 731 326 664 432 185 459 820 644 266 670 300 326 203 501 103 790
756 187 755 422 1107 678 1012 202 769 841 443 1200 631 466 625 1077 427 332 1017 1272 908 1015 581 697 905 463 601 430 734 1324 943 205 874 931 685 849 1240 32 927 937 0 618 656 518 831 1314 790 789 1172 934 912 1122 485 143 902 1014 293 1117 715 1137 528 985 165
403 442 472 207 496 355 458 433 470 309 325 582 265 316 277 476 337 344 492 656 356 549 67 275 564 178 271 319 354 707 446 422 530 524 389 317 621 586 405 349 618 0 108 196 465 697 414 492 554 513 363 524 138 487 483 401 395 501 330 532 348 427 492
506 494 371 233 453 258 373 459 575 211 422 559 373 275 187 421 433 422 398 650 268 445 85 379 456 262 379 414 248 694 523 474 423 416 496 392 601 625 308 389 656 108 0 160 565 665 307 389 528 406 274 545 213 516 374 365 470 471 434 547 454 482 550
574 378 332 122 607 216 494 316 633 323 394 718 422 120 137 569 398 349 501 810 390 514 129 452 459 232 416 381 249 854 642 359 423 451 543 514 760 489 411 537 518 196 160 0 643 821 314 360 686 448 394 701 187 374 414 522 388 628 503 705 454 621 438
76 653 936 584 702 820 804 729 84 714 388 696 230 749 742 728 404 505 862 684 731 954 526 191 1015 449 249 403 813 750 195 641 983 960 145 237 714 802 796 366 831 465 565 643 0 813 870 954 689 945 739 491 474 759 918 624 538 667 141 523 303 315 665
820 1139 827 893 215 786 413 1122 885 538 974 123 808 923 776 266 991 1031 467 163 475 577 733 753 771 867 837 976 726 122 625 1119 763 676 872 595 99 1282 505 459 1314 697 665 821 813 0 723 813 143 656 475 332 834 1178 659 300 1082 196 785 297 949 500 1189
814 680 104 436 520 112 314 593 883 208 699 655 680 324 178 459 706 664 278 776 255 232 369 686 150 533 684 688 65 797 804 662 116 141 803 677 698 765 218 633 790 414 307 314 870 723 0 100 621 143 252 741 483 648 112 473 702 565 741 729 747 736 741
895 701 34 478 615 144 401 601 962 308 754 751 755 336 227 553 759 705 356 873 352 282 439 767 116 591 757 742 142 892 898 685 88 170 879 769 793 767 309 731 789 492 389 360 954 813 100 0 717 184 349 841 542 653 165 572 739 662 822 829 810 833 761
689 996 725 752 102 671 329 982 757 423 831 34 668 792 651 167 848 887 394 159 366 513 593 615 691 723 696 832 614 176 509 976 677 598 738 463 77 1140 409 326 1172 554 528 686 689 143 621 717 0 577 368 239 691 1038 573 164 938 58 650 206 808 383 1045
897 820 211 570 474 255 247 736 969 233 819 611 776 468 316 409 828 794 189 736 241 98 480 771 114 654 784 809 201 746 853 802 109 20 897 733 650 909 178 664 934 513 406 448 945 656 143 184 577 0 235 738 603 792 33 453 836 528 827 720 859 767 881
700 763 356 498 268 311 100 710 774 72 689 403 600 472 312 209 701 696 129 524 7 216 359 581 339 535 615 682 250 545 628 742 319 254 713 513 446 883 59 432 912 363 274 394 739 475 252 349 368 235 0 505 487 769 220 225 744 313 634 489 707 535 820
510 936 840 730 304 758 508 952 568 533 723 230 536 820 714 361 741 805 577 193 499 696 582 471 844 659 567 729 714 258 297 917 823 758 572 300 234 1090 560 185 1122 524 545 701 491 332 741 841 239 738 505 0 641 1002 725 286 854 249 490 35 677 177 975
400 305 516 111 634 398 585 311 454 425 216 717 245 277 315 614 224 210 612 786 481 654 129 287 633 50 234 206 418 839 510 285 598 611 361 393 756 453 522 459 485 138 213 187 474 834 483 542 691 603 487 641 0 361 570 539 259 638 332 653 268 521 355
682 117 619 285 969 536 869 58 707 697 373 1067 542 324 482 938 360 255 873 1144 765 872 445 604 768 348 515 358 592 1195 847 122 736 790 617 743 1107 116 784 820 143 487 516 374 759 1178 648 653 1038 792 769 1002 361 0 760 878 235 982 631 1015 463 877 150
869 787 189 536 471 224 247 704 941 210 787 607 745 436 282 406 795 761 194 732 226 121 448 743 119 621 754 776 169 745 831 769 104 42 867 709 648 876 167 644 902 483 374 414 918 659 112 165 573 33 220 725 570 760 0 443 802 522 798 709 827 748 848
607 843 576 593 95 512 223 822 680 267 698 197 554 627 488 103 714 741 292 306 220 409 433 511 562 576 579 697 459 338 471 822 544 474 642 387 241 983 276 266 1014 401 365 522 624 300 473 572 164 453 225 286 539 878 443 0 793 106 555 266 687 357 894
463 119 707 266 889 600 843 227 479 680 150 962 341 411 524 872 134 51 866 1018 738 897 385 408 844 217 310 138 638 1076 653 113 809 839 393 568 999 264 776 670 293 395 470 388 538 1082 702 739 938 836 744 854 259 235 802 793 0 888 423 873 236 706 128
660 943 670 697 57 613 282 926 730 365 785 92 628 733 593 121 802 837 349 211 310 469 537 579 640 672 655 785 557 234 494 923 625 548 705 434 135 1086 356 300 1117 501 471 628 667 196 565 662 58 528 313 249 638 982 522 106 888 0 617 219 766 370 993
72 532 803 443 642 685 709 597 142 601 273 663 91 608 606 656 290 384 761 677 626 844 388 55 889 310 116 285 683 742 235 518 856 840 88 192 689 685 688 326 715 330 434 503 141 785 741 822 650 827 634 490 332 631 798 555 423 617 0 517 201 317 552
540 952 830 739 276 751 486 963 599 520 744 195 559 822 710 335 762 823 555 161 483 674 588 496 828 673 591 749 705 227 331 933 808 740 600 326 199 1104 542 203 1137 532 547 705 523 297 729 829 206 720 489 35 653 1015 709 266 873 219 517 0 701 209 992
229 353 784 355 781 666 797 441 244 657 90 826 142 531 583 781 103 208 837 858 700 898 379 206 898 222 112 106 683 920 437 343 863 868 157 377 857 499 753 501 528 348 454 454 303 949 747 810 808 859 707 677 268 463 827 687 236 766 201 701 0 511 362
332 798 826 622 415 726 570 831 390 539 566 385 373 742 666 455 584 658 636 370 528 747 493 306 861 528 405 574 695 436 126 780 834 786 396 137 400 954 594 103 985 427 482 621 315 500 736 833 383 767 535 177 521 877 748 357 706 370 317 209 511 0 831
591 60 728 322 988 632 921 174 604 752 279 1071 469 425 565 966 262 172 936 1134 815 952 468 536 873 322 439 266 679 1189 781 79 839 882 520 693 1109 138 845 790 165 492 550 438 665 1189 741 761 1045 881 820 975 355 150 848 894 128 993 552 992 362 831 0
