105
0 562 917 327 624 489 573 139 387 918 851 162 522 292 119 540 562 589 668 1099 469 190 705 577 988 533 262 640 465 179 1055 702 242 633 429 119 711 741 924 736 362 655 323 264 539 111 974 820 125 353 864 704 710 888 905 477 499 535 696 384 809 395 778 391 529 674 667 650 619 418 418 704 407 626 870 669 901 706 608 212 58 632 682 486 731 897 617 691 532 534 315 300 373 875 911 196 238 714 26 725 920 669 855 305 639
562 0 370 348 460 146 570 449 184 357 290 519 551 425 664 294 300 484 322 536 93 671 233 258 429 570 399 457 432 386 492 242 583 535 582 509 598 519 378 570 205 604 347 299 297 463 414 393 452 602 345 626 273 335 353 576 279 270 416 499 324 168 672 455 234 255 529 202 393 195 281 261 264 459 374 112 341 152 179 523 537 241 303 423 238 339 558 578 470 348 379 283 189 382 354 370 420 513 558 416 358 200 338 468 81
917 370 0 640 559 432 888 790 553 180 181 888 728 715 1007 465 601 611 371 233 460 994 242 550 223 900 706 733 636 747 203 253 882 640 934 843 869 537 9 608 555 710 641 653 468 810 100 270 815 966 349 705 461 41 26 920 609 452 653 743 409 527 931 697 433 473 608 436 670 562 544 267 625 742 149 295 191 217 327 831 899 338 335 756 208 69 859 854 634 662 668 619 549 414 216 721 732 762 909 633 101 267 105 834 313
327 348 640 0 308 217 684 188 259 688 623 392 270 78 385 215 521 285 344 850 279 355 406 506 762 661 70 660 167 232 808 399 243 337 604 221 779 422 645 429 173 381 4 169 213 218 715 500 285 569 693 423 591 619 634 630 464 213 668 166 663 218 856 132 215 562 362 518 611 327 98 396 377 653 565 458 675 452 313 191 339 321 362 545 437 637 703 757 236 531 30 109 212 726 692 171 97 733 309 684 668 375 561 452 427
624 460 559 308 0 327 954 490 492 683 632 701 186 332 655 167 734 57 190 793 452 593 335 702 752 938 364 889 162 538 761 319 456 82 898 508 1023 117 561 124 412 155 312 461 165 522 657 316 593 872 764 167 733 560 567 917 691 192 868 272 767 438 1100 243 228 715 68 663 830 557 253 300 625 887 429 533 678 465 301 437 644 250 226 806 367 590 961 1002 107 764 311 393 447 816 703 479 386 955 603 872 630 331 456 748 511
489 146 432 217 327 0 644 358 186 471 406 489 405 295 575 160 406 344 232 634 125 563 217 374 545 635 278 563 285 330 592 217 460 397 618 411 700 404 439 445 139 464 217 233 162 380 501 353 399 616 488 490 417 408 423 625 367 136 540 356 470 135 776 312 102 395 396 344 503 241 136 224 314 562 383 248 458 235 123 405 478 165 228 494 242 423 644 678 326 441 247 188 154 528 476 294 303 627 479 545 452 181 366 481 218
573 570 888 684 954 644 0 593 463 778 730 412 955 720 684 796 287 951 873 956 523 763 803 337 819 46 672 182 847 482 915 812 781 1007 168 638 151 1045 897 1078 542 1060 681 515 797 573 885 963 477 263 625 1098 449 846 864 112 291 774 285 836 544 517 207 814 744 424 1019 453 229 403 703 830 330 166 936 599 757 697 738 725 515 797 862 150 807 832 60 137 912 227 701 577 507 592 750 538 668 216 594 320 828 770 892 269 589
139 449 790 188 490 358 593 0 290 807 739 227 407 163 217 401 512 459 529 982 359 227 571 515 878 560 126 619 335 115 938 567 190 506 477 62 714 607 797 606 243 535 184 155 400 32 853 681 124 421 772 583 634 764 780 515 448 396 656 271 725 283 788 267 391 599 537 567 586 338 278 568 351 608 735 560 790 584 474 131 154 495 543 477 598 776 626 693 404 499 178 171 264 791 803 84 105 695 123 680 801 536 723 330 529
387 184 553 259 492 186 463 290 0 533 466 335 519 322 495 333 262 494 419 716 93 517 383 248 601 450 282 407 402 207 671 387 454 549 431 352 534 582 561 615 87 608 256 135 334 296 597 532 270 435 482 642 348 519 537 439 208 311 409 425 435 54 612 390 282 315 558 279 355 69 247 399 133 402 541 284 515 336 298 391 357 349 413 314 399 523 469 513 460 278 285 156 48 501 525 206 294 478 386 425 541 346 512 299 255
918 357 180 688 683 471 778 807 533 0 67 858 832 767 1022 556 499 728 494 187 449 1026 348 450 73 798 747 608 726 740 143 363 931 766 852 866 735 683 187 752 563 838 689 656 559 820 118 432 803 900 180 841 330 150 156 828 524 537 516 819 252 525 789 773 509 353 741 332 550 519 603 384 567 620 320 249 20 238 403 874 890 437 458 663 316 114 740 722 740 563 719 639 545 242 36 728 771 624 915 491 79 356 267 777 278
851 290 181 623 632 406 730 739 466 67 0 793 774 701 954 498 446 674 445 251 382 959 298 397 140 747 681 565 666 672 207 314 865 715 796 798 697 641 190 708 495 787 623 588 501 753 155 401 736 840 171 793 288 141 155 774 466 478 479 756 227 457 756 710 449 306 692 278 505 454 539 336 504 576 300 182 52 175 344 807 823 383 410 609 269 113 695 683 683 510 653 572 478 235 72 660 704 588 848 456 99 301 245 715 211
162 519 888 392 701 489 412 227 335 858 793 0 634 388 272 584 439 676 702 1045 428 352 704 465 923 371 345 493 554 165 1000 705 391 726 267 250 553 813 897 821 350 761 388 259 583 197 931 840 107 197 776 807 606 855 873 315 381 572 560 498 711 365 618 492 556 570 754 557 482 339 462 713 302 478 868 613 839 671 611 346 104 649 708 337 725 858 458 534 623 400 393 320 343 776 845 222 329 565 185 592 873 667 844 148 587
522 551 728 270 186 405 955 407 519 832 774 634 0 247 523 276 780 128 358 959 512 445 490 758 904 931 292 925 120 489 924 477 310 137 868 403 1048 283 730 245 431 134 274 440 273 438 821 499 528 824 885 184 821 722 732 898 727 297 924 138 874 470 1126 143 329 796 183 747 874 588 279 461 644 919 607 645 824 600 430 313 556 396 393 816 525 750 974 1026 93 796 254 379 470 930 847 428 305 997 497 936 788 476 628 716 618
292 425 715 78 332 295 720 163 322 767 701 388 247 0 328 274 580 297 403 927 353 286 478 570 841 692 48 712 173 244 886 471 166 343 623 175 825 450 720 444 242 372 78 210 272 195 792 561 281 577 770 420 663 696 710 655 521 277 728 117 739 288 901 104 285 633 375 590 668 388 171 466 429 704 634 536 753 531 387 119 317 390 425 587 510 714 744 803 241 584 48 166 278 801 771 184 58 787 270 746 745 449 634 471 505
119 664 1007 385 655 575 684 217 495 1022 954 272 523 328 0 599 681 611 728 1198 572 100 784 696 1093 642 315 759 492 291 1155 779 214 648 532 165 825 772 1013 756 459 657 382 365 597 201 1071 885 244 448 977 708 826 981 997 583 619 598 815 391 924 496 890 411 598 791 687 765 739 532 482 779 526 744 947 773 1005 801 688 217 174 704 747 603 813 993 730 806 553 653 365 388 476 990 1017 293 288 833 111 845 1018 750 938 419 743
540 294 465 215 167 160 796 401 333 556 498 584 276 274 599 0 567 189 129 691 285 561 222 534 629 783 284 723 172 418 654 211 434 240 753 437 858 249 468 285 260 310 218 328 3 430 553 286 481 738 613 332 568 454 465 767 526 24 700 278 609 278 935 234 60 549 236 497 664 395 124 200 466 721 365 376 547 323 154 394 547 127 151 646 257 479 800 837 185 599 234 263 290 661 570 365 311 788 524 704 516 203 372 608 351
562 300 601 521 734 406 287 512 262 499 446 439 780 580 681 567 0 744 619 682 281 730 530 50 547 300 537 158 662 401 640 540 696 799 356 571 298 809 610 852 349 862 518 375 569 506 602 689 437 416 366 893 183 559 577 329 63 543 147 687 290 309 373 653 508 151 802 168 96 193 503 560 160 159 652 312 478 413 478 632 512 539 602 164 529 546 263 278 717 63 546 415 310 350 474 432 545 221 571 168 544 499 607 314 305
589 484 611 285 57 344 951 459 494 728 674 676 128 297 611 189 744 0 240 844 465 545 381 716 798 933 333 897 124 517 811 366 407 55 885 471 1028 164 613 147 410 120 289 447 187 491 707 372 568 854 799 148 757 609 617 908 698 214 882 223 798 441 1106 200 250 737 78 685 841 561 248 347 626 894 484 565 722 504 336 394 613 291 276 805 414 639 962 1007 58 771 283 380 447 849 746 457 354 965 567 889 678 373 508 734 540
668 322 371 344 190 232 873 529 419 494 445 702 358 403 728 129 619 240 0 604 349 689 147 580 562 866 414 777 279 537 571 131 560 272 850 566 918 204 373 265 361 344 347 443 131 557 468 158 602 844 587 347 582 370 377 858 589 133 738 395 600 367 993 352 146 570 246 517 715 471 250 110 545 778 250 369 490 287 143 522 671 81 36 723 178 400 869 897 265 662 363 382 384 642 515 487 441 836 652 736 440 150 269 711 353
1099 536 233 850 793 634 956 982 716 187 251 1045 959 927 1198 691 682 844 604 0 629 1197 469 635 137 978 913 780 864 921 44 482 1094 873 1038 1039 900 767 232 838 739 943 851 834 694 998 137 498 986 1087 334 937 507 237 227 1012 710 676 684 966 415 704 948 920 654 533 841 517 726 705 758 498 754 794 374 432 207 399 545 1039 1073 565 568 847 435 213 915 889 865 746 879 812 725 383 208 906 937 787 1094 655 182 489 337 964 460
469 93 460 279 452 125 523 359 93 449 382 428 512 353 572 285 281 465 349 629 0 583 295 250 520 517 321 437 392 292 585 301 504 519 512 420 574 530 468 571 118 584 278 206 287 371 507 449 358 524 419 613 313 427 445 514 242 262 417 440 385 76 650 400 227 286 521 239 378 123 233 315 198 436 450 201 432 243 217 442 444 274 339 373 308 432 520 553 441 315 309 199 96 448 444 279 340 502 466 425 451 258 420 388 170
190 671 994 355 593 563 763 227 517 1026 959 352 445 286 100 561 730 545 689 1197 583 0 762 738 1099 723 287 822 432 329 1154 755 137 576 618 165 899 708 1000 685 465 577 353 382 558 225 1065 847 299 539 999 628 860 971 986 667 667 563 870 322 953 507 968 350 570 826 618 795 796 564 454 751 570 809 920 782 1011 797 668 166 248 675 711 670 792 987 806 880 487 709 330 387 489 1019 1025 311 261 898 170 897 1014 730 917 494 751
705 233 242 406 335 217 803 571 383 348 298 704 490 478 784 222 530 381 147 469 295 762 0 485 417 803 475 685 394 548 433 16 644 418 808 619 827 345 246 410 355 490 408 451 225 594 331 159 617 818 443 494 460 232 242 806 512 209 631 500 464 342 899 455 193 454 393 402 620 417 308 39 491 688 165 242 343 147 96 596 696 96 112 657 34 259 790 807 397 581 432 404 363 501 368 511 501 735 693 624 297 37 155 683 234
577 258 550 506 702 374 337 515 248 450 397 465 758 570 696 534 50 716 580 635 250 738 485 0 500 351 528 200 639 409 592 496 694 770 403 576 342 773 560 818 332 835 504 371 536 513 552 644 452 458 324 863 144 509 527 377 84 510 166 672 251 289 414 636 475 109 771 118 135 183 480 516 170 204 603 263 429 364 437 630 531 499 561 212 482 495 312 322 691 113 533 404 293 314 426 433 539 256 585 177 494 455 557 349 257
988 429 223 762 752 545 819 878 601 73 140 923 904 841 1093 629 547 798 562 137 520 1099 417 500 0 842 821 643 799 809 98 432 1005 835 904 938 764 747 228 816 635 907 762 727 632 891 133 489 872 955 198 908 370 203 204 876 578 610 547 893 278 596 813 847 583 397 808 384 589 584 677 452 627 657 371 319 88 312 475 947 958 508 526 712 384 167 778 753 811 610 793 712 616 250 77 799 844 651 986 518 127 427 321 836 349
533 570 900 661 938 635 46 560 450 798 747 371 931 692 642 783 300 933 866 978 517 723 803 351 842 0 644 216 825 452 936 811 746 988 122 603 197 1033 909 1062 525 1039 657 491 784 538 902 962 441 216 651 1079 471 859 877 66 295 762 318 809 570 505 252 788 733 445 1002 468 255 394 686 828 320 199 941 608 777 703 734 692 475 791 856 147 809 846 106 184 891 238 676 555 492 621 771 509 639 258 554 354 845 769 898 232 596
262 399 706 70 364 278 672 126 282 747 681 345 292 48 315 284 537 333 414 913 321 287 475 528 821 644 0 666 209 197 871 468 184 381 576 152 777 480 712 480 205 415 67 164 283 158 779 570 238 531 740 461 626 685 700 607 477 283 685 165 705 252 853 149 285 595 411 554 623 346 168 466 384 657 635 511 733 514 381 126 280 391 432 540 505 701 696 755 279 539 53 126 240 769 750 136 27 741 243 704 730 443 630 424 480
640 457 733 660 889 563 182 619 407 608 565 493 925 712 759 723 158 897 777 780 437 822 685 200 643 216 666 0 809 504 741 696 809 953 318 675 142 966 743 1009 494 1014 657 502 725 607 719 844 523 402 447 1046 278 691 708 271 199 699 102 824 366 458 215 793 665 260 957 298 64 338 653 716 283 18 799 457 587 561 635 748 584 697 760 156 682 673 134 123 867 129 683 551 455 410 578 547 671 76 655 138 664 655 751 348 455
465 432 636 167 162 285 847 335 402 726 666 554 120 173 492 172 662 124 279 864 392 432 394 639 799 825 209 809 0 398 826 382 296 172 771 347 934 280 640 271 315 214 171 335 169 367 726 434 446 735 770 256 701 626 637 797 610 189 805 117 756 352 1012 82 217 676 202 627 756 471 159 370 530 804 529 529 717 490 323 275 489 298 310 705 429 652 863 913 69 680 160 270 354 813 738 336 229 880 443 816 688 375 541 619 501
179 386 747 232 538 330 482 115 207 740 672 165 489 244 291 418 401 517 537 921 292 329 548 409 809 452 197 504 398 0 877 547 305 569 378 171 600 649 755 660 194 609 228 97 417 104 800 678 68 337 685 654 535 716 734 411 338 406 544 360 632 220 674 346 391 500 594 473 472 240 296 553 241 493 713 491 722 532 453 245 152 487 544 362 571 723 513 579 467 385 238 154 198 698 732 61 188 580 181 569 744 511 693 227 461
1055 492 203 808 761 592 915 938 671 143 207 1000 924 886 1155 654 640 811 571 44 585 1154 433 592 98 936 871 741 826 877 0 447 1052 842 994 996 862 740 204 811 695 912 809 791 657 954 103 472 942 1043 296 908 466 201 193 969 667 638 645 927 376 660 912 881 615 491 811 474 686 661 718 463 710 754 349 387 163 357 506 997 1028 529 535 804 399 174 875 851 830 703 838 769 681 348 165 862 895 750 1050 617 140 451 308 920 416
702 242 253 399 319 217 812 567 387 363 314 705 477 471 779 211 540 366 131 482 301 755 16 496 432 811 468 696 382 547 447 0 636 402 813 614 838 329 257 394 355 474 401 450 214 591 344 150 616 822 459 479 474 245 255 813 521 199 644 489 479 344 910 444 185 467 377 415 631 424 301 23 497 699 167 257 359 163 94 589 694 84 96 665 48 273 800 818 383 590 425 402 365 517 384 509 495 747 690 638 312 42 163 687 247
242 583 882 243 456 460 781 190 454 931 865 391 310 166 214 434 696 407 560 1094 504 137 644 694 1005 746 184 809 296 305 1052 636 0 439 655 143 904 571 887 548 386 443 243 323 432 208 959 718 305 588 924 494 803 863 877 697 633 440 842 184 886 432 977 214 451 770 480 732 774 512 337 630 536 798 798 695 917 696 554 63 292 554 585 667 677 881 816 883 350 687 214 305 418 951 934 264 164 885 216 864 912 615 799 514 664
633 535 640 337 82 397 1007 506 549 766 715 726 137 343 648 240 799 55 272 873 519 576 418 770 835 988 381 953 172 569 842 402 439 0 939 514 1084 147 641 108 466 72 341 501 238 538 738 390 618 907 845 93 809 642 648 963 753 265 937 257 847 496 1161 242 301 789 45 737 896 617 303 382 682 949 507 612 761 547 381 432 660 332 308 861 450 673 1018 1062 102 826 333 435 502 896 786 508 401 1020 610 943 712 413 536 788 589
429 582 934 604 898 618 168 477 431 852 796 267 868 623 532 753 356 885 850 1038 512 618 808 403 904 122 576 318 771 378 994 813 655 939 0 512 320 1000 944 1022 493 985 600 438 754 451 949 962 353 94 722 1027 539 895 913 56 329 735 413 739 644 482 372 724 709 508 959 520 341 390 645 828 317 300 956 639 832 726 729 605 371 781 845 193 818 887 226 305 839 294 614 505 466 700 829 439 567 371 452 450 891 771 919 152 622
119 509 843 221 508 411 638 62 352 866 798 250 403 175 165 437 571 471 566 1039 420 165 619 576 938 603 152 675 347 171 996 614 143 514 512 0 764 626 850 618 303 535 218 217 435 67 910 721 161 447 834 584 696 818 834 554 508 434 715 264 787 343 836 272 434 662 548 630 643 400 318 614 411 662 782 620 849 640 523 97 157 539 584 529 648 832 675 743 413 556 204 227 325 853 863 146 126 751 96 740 858 585 773 370 589
711 598 869 779 1023 700 151 714 534 735 697 553 1048 825 825 858 298 1028 918 900 574 899 827 342 764 197 777 142 934 600 862 838 904 1084 320 764 0 1104 879 1144 620 1143 776 614 860 697 849 986 605 414 566 1177 409 827 844 264 332 835 218 939 486 587 77 911 802 396 1091 438 206 467 782 858 404 139 940 599 715 702 776 845 653 838 901 238 824 807 95 21 995 259 800 670 582 520 703 650 778 112 729 245 796 797 891 406 597
741 519 537 422 117 404 1045 607 582 683 641 813 283 450 772 249 809 164 204 767 530 708 345 773 747 1033 480 966 280 649 740 329 571 147 1000 626 1104 0 536 71 509 196 426 567 248 638 637 270 707 980 789 175 785 546 549 1016 772 271 935 386 804 528 1181 360 303 771 102 718 905 643 357 306 715 966 393 573 682 490 344 554 760 283 235 896 372 580 1048 1083 221 846 428 500 540 846 708 591 503 1028 720 935 620 354 431 853 556
924 378 9 645 561 439 897 797 561 187 190 897 730 720 1013 468 610 613 373 232 468 1000 246 560 228 909 712 743 640 755 204 257 887 641 944 850 879 536 0 607 562 711 647 661 471 817 102 269 823 975 358 705 470 51 35 929 618 456 662 747 418 535 940 701 438 483 609 446 680 570 549 270 634 752 146 304 198 225 333 837 907 341 337 766 212 77 869 863 637 672 673 626 557 422 223 728 738 771 916 642 108 272 105 843 322
736 570 608 429 124 445 1078 606 615 752 708 821 245 444 756 285 852 147 265 838 571 685 410 818 816 1062 480 1009 271 660 811 394 548 108 1022 618 1144 71 607 0 536 136 433 585 284 638 708 341 713 996 852 106 839 616 620 1042 812 309 982 365 864 560 1221 346 343 824 69 771 949 679 377 371 749 1007 464 631 750 552 399 539 760 341 298 929 438 650 1084 1123 204 885 429 517 570 908 776 600 501 1073 714 985 690 416 502 872 612
362 205 555 173 412 139 542 243 87 563 495 350 431 242 459 260 349 410 361 739 118 465 355 332 635 525 205 494 315 194 695 355 386 466 493 303 620 509 562 536 0 523 171 98 261 258 612 492 263 482 538 558 421 526 542 507 295 242 495 340 500 46 698 303 217 390 477 349 442 156 162 363 216 488 519 317 546 343 261 324 345 302 362 395 377 535 552 598 374 365 201 81 39 564 560 167 222 566 356 510 558 318 499 350 286
655 604 710 381 155 464 1060 535 608 838 787 761 134 372 657 310 862 120 344 943 584 577 490 835 907 1039 415 1014 214 609 912 474 443 72 985 535 1143 196 711 136 523 0 385 549 307 567 809 455 653 946 917 50 878 712 719 1011 814 334 1001 271 918 556 1220 268 370 858 102 806 958 676 361 454 739 1010 574 684 833 620 454 447 687 405 380 916 522 744 1074 1121 148 886 371 484 560 968 858 548 431 1083 630 1009 784 486 605 832 660
323 347 641 4 312 217 681 184 256 689 623 388 274 78 382 218 518 289 347 851 278 353 408 504 762 657 67 657 171 228 809 401 243 341 600 218 776 426 647 433 171 385 0 165 217 215 716 503 281 565 692 427 590 621 635 626 461 215 665 168 662 216 853 136 217 560 366 516 609 324 101 399 374 650 567 458 675 453 314 189 335 323 365 542 439 638 700 754 240 528 31 106 210 725 693 167 94 730 306 681 668 376 563 448 427
264 299 653 169 461 233 515 155 135 656 588 259 440 210 365 328 375 447 443 834 206 382 451 371 727 491 164 502 335 97 791 450 323 501 438 217 614 567 661 585 98 549 165 0 328 164 710 582 165 412 617 590 482 624 641 462 314 314 523 324 571 131 691 299 297 448 521 414 459 189 210 456 220 493 616 408 639 441 356 259 246 391 448 378 474 633 536 592 402 375 186 67 110 637 651 72 170 577 259 543 655 414 597 287 377
539 297 468 213 165 162 797 400 334 559 501 583 273 272 597 3 569 187 131 694 287 558 225 536 632 784 283 725 169 417 657 214 432 238 754 435 860 248 471 284 261 307 217 328 0 429 556 288 480 738 616 329 571 457 468 768 527 26 702 276 612 279 937 231 63 551 234 499 665 396 123 203 467 723 368 379 551 326 157 392 546 129 153 648 260 482 801 839 182 601 232 263 291 664 573 364 310 790 522 707 519 206 375 608 354
111 463 810 218 522 380 573 32 296 820 753 197 438 195 201 430 506 491 557 998 371 225 594 513 891 538 158 607 367 104 954 591 208 538 451 67 697 638 817 638 258 567 215 164 429 0 871 708 98 393 779 615 636 783 799 491 442 424 648 301 729 295 770 299 417 601 569 571 576 339 307 593 346 595 759 572 803 601 498 154 122 521 571 461 621 793 608 676 436 489 210 191 275 796 816 92 137 683 99 674 817 559 746 307 542
974 414 100 715 657 501 885 853 597 118 155 931 821 792 1071 553 602 707 468 137 507 1065 331 552 133 902 779 719 726 800 103 344 959 738 949 910 849 637 102 708 612 809 716 710 556 871 0 371 866 990 298 805 441 99 90 929 620 538 631 828 369 580 905 783 516 461 708 433 660 595 622 360 651 731 249 319 136 269 408 905 952 427 431 763 297 78 851 836 728 665 744 683 602 359 154 780 804 739 969 606 58 351 206 862 344
820 393 270 500 316 353 963 681 532 432 401 840 499 561 885 286 689 372 158 498 449 847 159 644 489 962 570 844 434 678 472 150 718 390 962 721 986 270 269 341 492 455 503 582 288 708 371 0 745 968 566 443 610 286 286 963 672 287 787 550 600 486 1057 510 290 607 352 557 779 573 403 134 647 848 123 394 434 292 234 680 819 190 137 815 163 321 950 967 410 741 520 526 506 628 461 633 597 892 805 778 361 193 167 832 390
125 452 815 285 593 399 477 124 270 803 736 107 528 281 244 481 437 568 602 986 358 299 617 452 872 441 238 523 446 68 942 616 305 618 353 161 605 707 823 713 263 653 281 165 480 98 866 745 0 297 741 700 584 784 801 393 375 470 573 393 684 287 676 385 457 549 646 526 498 294 358 622 281 510 782 554 785 600 522 252 86 555 611 372 640 790 514 585 516 412 285 220 265 751 794 116 222 599 134 602 810 580 762 209 526
353 602 966 569 872 616 263 421 435 900 840 197 824 577 448 738 416 854 844 1087 524 539 818 458 955 216 531 402 735 337 1043 822 588 907 94 447 414 980 975 996 482 946 565 412 738 393 990 968 297 0 782 991 600 928 946 150 377 722 493 690 706 481 467 680 700 566 930 572 417 407 623 835 341 384 974 673 879 753 733 544 297 781 844 262 833 924 320 399 805 358 575 479 462 766 880 398 519 461 377 529 931 781 941 135 653
864 345 349 693 764 488 625 772 482 180 171 776 885 770 977 613 366 799 587 334 419 999 443 324 198 651 740 447 770 685 296 459 924 845 722 834 566 789 358 852 538 917 692 617 616 779 298 566 741 782 0 929 183 311 323 690 407 590 350 844 81 493 615 800 556 215 828 218 396 446 624 483 473 462 470 240 163 299 463 862 826 514 554 528 419 280 582 555 798 427 724 619 510 64 144 689 760 453 866 320 255 436 415 671 269
704 626 705 423 167 490 1098 583 642 841 793 807 184 420 708 332 893 148 347 937 613 628 494 863 908 1079 461 1046 256 654 908 479 494 93 1027 584 1177 175 705 106 558 50 427 590 329 615 805 443 700 991 929 0 900 711 716 1052 847 356 1030 320 934 589 1255 315 393 881 101 829 989 710 396 457 775 1043 565 700 838 630 468 497 735 415 383 953 525 743 1111 1155 188 919 416 524 595 982 863 592 478 1114 680 1036 783 494 600 875 678
710 273 461 591 733 417 449 634 348 330 288 606 821 663 826 568 183 757 582 507 313 860 460 144 370 471 626 278 701 535 466 474 803 809 539 696 409 785 470 839 421 878 590 482 571 636 441 610 584 600 183 900 0 419 435 508 228 544 191 754 107 375 470 713 507 36 801 74 220 296 543 497 306 289 544 217 310 317 441 739 666 501 556 345 448 398 410 394 743 244 621 500 386 170 301 550 641 301 715 173 387 438 492 493 229
888 335 41 619 560 408 846 764 519 150 141 855 722 696 981 454 559 609 370 237 427 971 232 509 203 859 685 691 626 716 201 245 863 642 895 818 827 546 51 616 526 712 621 624 457 783 99 286 784 928 311 711 419 0 18 879 568 439 611 729 368 496 889 684 418 431 612 395 629 525 525 262 587 700 170 255 157 184 310 810 869 328 333 716 198 35 817 812 629 621 648 593 518 376 183 693 710 720 881 591 75 252 118 797 275
905 353 26 634 567 423 864 780 537 156 155 873 732 710 997 465 577 617 377 227 445 986 242 527 204 877 700 708 637 734 193 255 877 648 913 834 844 549 35 620 542 719 635 641 468 799 90 286 801 946 323 716 435 18 0 897 586 451 627 742 382 514 905 696 430 448 618 412 646 543 539 270 605 718 167 274 165 201 323 825 886 338 341 734 208 43 835 828 638 639 662 609 536 388 191 709 725 736 898 607 78 264 118 815 293
477 576 920 630 917 625 112 515 439 828 774 315 898 655 583 767 329 908 858 1012 514 667 806 377 876 66 607 271 797 411 969 813 697 963 56 554 264 1016 929 1042 507 1011 626 462 768 491 929 963 393 150 690 1052 508 879 897 0 311 748 370 772 611 492 316 754 720 478 980 496 301 390 664 829 315 253 950 625 807 716 731 645 419 786 851 165 815 869 171 250 864 265 643 528 477 664 803 471 600 320 499 406 871 771 911 185 610
499 279 609 464 691 367 291 448 208 524 466 381 727 521 619 526 63 698 589 710 242 667 512 84 578 295 477 199 610 338 667 521 633 753 329 508 332 772 618 812 295 814 461 314 527 442 620 672 375 377 407 847 228 568 586 311 0 503 209 630 335 258 409 597 469 193 759 194 147 138 453 540 97 195 646 314 503 408 451 570 451 511 575 148 516 558 280 311 667 73 489 357 256 398 502 369 484 270 509 231 561 479 603 264 301
535 270 452 213 192 136 774 396 311 537 478 572 297 277 598 24 543 214 133 676 262 563 209 510 610 762 283 699 189 406 638 199 440 265 735 434 835 271 456 309 242 334 215 314 26 424 538 287 470 722 590 356 544 439 451 748 503 0 675 291 585 257 912 245 36 524 261 472 640 372 117 191 444 698 358 352 528 303 134 397 538 115 149 625 243 463 778 814 208 576 234 251 270 638 550 355 310 764 519 680 499 187 362 591 327
696 416 653 668 868 540 285 656 409 516 479 560 924 728 815 700 147 882 738 684 417 870 631 166 547 318 685 102 805 544 645 644 842 937 413 715 218 935 662 982 495 1001 665 523 702 648 631 787 573 493 350 1030 191 611 627 370 209 675 0 834 269 454 278 799 640 183 936 230 78 341 646 666 305 119 731 393 496 497 595 779 643 657 717 234 624 589 235 205 858 162 694 563 456 309 485 578 693 109 708 36 578 605 680 421 397
384 499 743 166 272 356 836 271 425 819 756 498 138 117 391 278 687 223 395 966 440 322 500 672 893 809 165 824 117 360 927 489 184 257 739 264 939 386 747 365 340 271 168 324 276 301 828 550 393 690 844 320 754 729 742 772 630 291 834 0 821 384 1016 46 312 726 296 680 777 493 219 479 540 816 642 605 808 581 420 176 418 405 424 703 534 753 860 917 165 695 140 273 378 881 828 301 172 898 359 850 787 477 651 588 575
809 324 409 663 767 470 544 725 435 252 227 711 874 739 924 609 290 798 600 415 385 953 464 251 278 570 705 366 756 632 376 479 886 847 644 787 486 804 418 864 500 918 662 571 612 729 369 600 684 706 81 934 107 368 382 611 335 585 269 821 0 454 537 778 550 142 834 158 315 391 604 503 409 380 516 234 233 316 467 823 768 523 570 450 444 341 501 474 791 350 694 581 468 66 218 641 723 373 813 240 321 450 461 600 257
395 168 527 218 438 135 517 283 54 525 457 365 470 288 496 278 309 441 367 704 76 507 342 289 596 505 252 458 352 220 660 344 432 496 482 343 587 528 535 560 46 556 216 131 279 295 580 486 287 481 493 589 375 496 514 492 258 257 454 384 454 0 665 346 228 344 504 302 404 120 195 354 188 453 503 277 508 312 252 369 372 300 363 368 360 503 523 566 409 330 247 126 22 519 520 203 268 528 390 467 525 304 479 346 246
778 672 931 856 1100 776 207 788 612 789 756 618 1126 901 890 935 373 1106 993 948 650 968 899 414 813 252 853 215 1012 674 912 910 977 1161 372 836 77 1181 940 1221 698 1220 853 691 937 770 905 1057 676 467 615 1255 470 889 905 316 409 912 278 1016 537 665 0 989 878 460 1168 505 279 544 859 931 481 214 1007 667 770 771 851 919 720 912 975 313 895 867 162 99 1073 336 877 747 660 565 756 725 854 168 798 299 854 869 958 473 667
391 455 697 132 243 312 814 267 390 773 710 492 143 104 411 234 653 200 352 920 400 350 455 636 847 788 149 793 82 346 881 444 214 242 724 272 911 360 701 346 303 268 136 299 231 299 783 510 385 680 800 315 713 684 696 754 597 245 799 46 778 346 989 0 266 686 277 639 744 459 175 435 510 786 598 560 762 535 374 194 420 360 381 677 489 707 835 890 142 664 112 242 343 838 782 284 163 866 368 814 741 431 606 572 530
529 234 433 215 228 102 744 391 282 509 449 556 329 285 598 60 508 250 146 654 227 570 193 475 583 733 285 665 217 391 615 185 451 301 709 434 802 303 438 343 217 370 217 297 63 417 516 290 457 700 556 393 507 418 430 720 469 36 640 312 550 228 878 266 0 488 297 436 605 341 116 181 413 664 350 318 499 273 108 404 529 105 153 594 226 440 745 780 241 543 240 237 243 603 521 343 312 729 515 644 475 166 348 567 292
674 255 473 562 715 395 424 599 315 353 306 570 796 633 791 549 151 737 570 533 286 826 454 109 397 445 595 260 676 500 491 467 770 789 508 662 396 771 483 824 390 858 560 448 551 601 461 607 549 566 215 881 36 431 448 478 193 524 183 726 142 344 460 686 488 0 784 53 199 261 518 490 269 270 548 212 332 315 427 706 630 488 545 315 444 413 389 380 721 213 591 469 355 206 326 516 609 291 679 171 405 430 498 458 220
667 529 608 362 68 396 1019 537 558 741 692 754 183 375 687 236 802 78 246 841 521 618 393 771 808 1002 411 957 202 594 811 377 480 45 959 548 1091 102 609 69 477 102 366 521 234 569 708 352 646 930 828 101 801 612 618 980 759 261 936 296 834 504 1168 277 297 784 0 731 899 624 316 356 692 955 471 600 737 529 367 470 691 313 282 872 424 644 1028 1069 135 832 361 453 513 881 762 533 432 1024 644 941 684 393 503 808 578
650 202 436 518 663 344 453 567 279 332 278 557 747 590 765 497 168 685 517 517 239 795 402 118 384 468 554 298 627 473 474 415 732 737 520 630 438 718 446 771 349 806 516 414 499 571 433 557 526 572 218 829 74 395 412 496 194 472 230 680 158 302 505 639 436 53 731 0 235 232 469 437 254 306 502 163 311 267 374 669 610 435 492 331 394 379 422 421 670 231 548 428 315 225 309 483 570 337 654 222 376 377 453 455 168
619 393 670 611 830 503 229 586 355 550 505 482 874 668 739 664 96 841 715 726 378 796 620 135 589 255 623 64 756 472 686 631 774 896 341 643 206 905 680 949 442 958 609 459 665 576 660 779 498 417 396 989 220 629 646 301 147 640 78 777 315 404 279 744 605 199 899 235 0 285 598 652 239 71 734 393 530 496 572 711 566 634 696 156 617 611 190 188 812 87 636 504 403 365 521 510 629 124 632 113 604 590 686 342 390
418 195 562 327 557 241 403 338 69 519 454 339 588 388 532 395 193 561 471 705 123 564 417 183 584 394 346 338 471 240 661 424 512 617 390 400 467 643 570 679 156 676 324 189 396 339 595 573 294 407 446 710 296 525 543 390 138 372 341 493 391 120 544 459 341 261 624 232 285 0 315 439 74 333 568 276 500 346 341 448 380 397 462 253 428 524 405 445 529 209 353 222 117 458 506 254 356 409 421 358 537 381 534 273 251
418 281 544 98 253 136 703 278 247 603 539 462 279 171 482 124 503 248 250 758 233 454 308 480 677 686 168 653 159 296 718 301 337 303 645 318 782 357 549 377 162 361 101 210 123 307 622 403 358 623 624 396 543 525 539 664 453 117 646 219 604 195 859 175 116 518 316 469 598 315 0 298 379 648 466 385 591 365 216 288 423 222 265 557 339 545 714 760 213 525 124 143 199 663 610 241 195 723 402 656 577 278 463 496 355
704 261 267 396 300 224 830 568 399 384 336 713 461 466 779 200 560 347 110 498 315 751 39 516 452 828 466 716 370 553 463 23 630 382 828 614 858 306 270 371 363 454 399 456 203 593 360 134 622 835 483 457 497 262 270 829 540 191 666 479 503 354 931 435 181 490 356 437 652 439 298 0 513 719 168 280 380 186 102 585 699 76 74 682 67 291 819 839 367 609 421 405 375 541 406 513 493 768 691 660 330 61 171 699 269
407 264 625 377 625 314 330 351 133 567 504 302 644 429 526 466 160 626 545 754 198 570 491 170 627 320 384 283 530 241 710 497 536 682 317 411 404 715 634 749 216 739 374 220 467 346 651 647 281 341 473 775 306 587 605 315 97 444 305 540 409 188 481 510 413 269 692 254 239 74 379 513 0 275 639 332 546 412 416 473 361 472 536 180 501 583 336 382 591 155 399 268 179 475 550 272 390 358 415 329 592 455 603 211 311
626 459 742 653 887 562 166 608 402 620 576 478 919 704 744 721 159 894 778 794 436 809 688 204 657 199 657 18 804 493 754 699 798 949 300 662 139 966 752 1007 488 1010 650 493 723 595 731 848 510 384 462 1043 289 700 718 253 195 698 119 816 380 453 214 786 664 270 955 306 71 333 648 719 275 0 805 464 600 567 637 736 570 698 761 141 686 683 120 119 862 123 675 544 450 426 590 536 661 88 641 155 675 658 758 331 460
870 374 149 565 429 383 936 735 541 320 300 868 607 634 947 365 652 484 250 374 450 920 165 603 371 941 635 799 529 713 349 167 798 507 956 782 940 393 146 464 519 574 567 616 368 759 249 123 782 974 470 565 544 170 167 950 646 358 731 642 516 503 1007 598 350 548 471 502 734 568 466 168 639 805 0 341 326 239 261 754 861 244 218 794 142 206 916 922 515 709 590 569 525 535 352 676 662 839 858 717 245 201 55 838 346
669 112 295 458 533 248 599 560 284 249 182 613 645 536 773 376 312 565 369 432 201 782 242 263 319 608 511 457 529 491 387 257 695 612 639 620 599 573 304 631 317 684 458 408 379 572 319 394 554 673 240 700 217 255 274 625 314 352 393 605 234 277 667 560 318 212 600 163 393 276 385 280 332 464 341 0 231 103 233 635 641 290 341 462 231 250 575 581 560 372 489 396 297 285 243 480 532 500 667 384 261 222 294 544 31
901 341 191 675 678 458 757 790 515 20 52 839 824 753 1005 547 478 722 490 207 432 1011 343 429 88 777 733 587 717 722 163 359 917 761 832 849 715 682 198 750 546 833 675 639 551 803 136 434 785 879 163 838 310 157 165 807 503 528 496 808 233 508 770 762 499 332 737 311 530 500 591 380 546 600 326 231 0 227 394 859 872 431 454 642 312 122 720 702 732 542 705 623 528 226 26 711 756 604 898 471 92 349 272 756 261
706 152 217 452 465 235 697 584 336 238 175 671 600 531 801 323 413 504 287 399 243 797 147 364 312 703 514 561 490 532 357 163 696 547 726 640 702 490 225 552 343 620 453 441 326 601 269 292 600 753 299 630 317 184 201 716 408 303 497 581 316 312 771 535 273 315 529 267 496 346 365 186 412 567 239 103 227 0 169 640 685 215 255 557 130 192 676 684 509 470 482 413 334 355 248 510 538 604 699 487 217 136 195 619 107
608 179 327 313 301 123 738 474 298 403 344 611 430 387 688 154 478 336 143 545 217 668 96 437 475 734 381 635 323 453 506 94 554 381 729 523 776 344 333 399 261 454 314 356 157 498 408 234 522 733 463 468 441 310 323 731 451 134 595 420 467 252 851 374 108 427 367 374 572 341 216 102 416 637 261 233 394 169 0 504 600 62 124 589 124 332 731 756 339 522 340 308 273 514 416 415 407 692 597 593 366 62 250 598 213
212 523 831 191 437 405 725 131 391 874 807 346 313 119 217 394 632 394 522 1039 442 166 596 630 947 692 126 748 275 245 997 589 63 432 605 97 845 554 837 539 324 447 189 259 392 154 905 680 252 544 862 497 739 810 825 645 570 397 779 176 823 369 919 194 404 706 470 669 711 448 288 585 473 736 754 635 859 640 504 0 254 509 545 608 628 827 758 824 336 624 164 243 354 888 875 201 103 824 186 801 857 566 752 460 604
58 537 899 339 644 478 515 154 357 890 823 104 556 317 174 547 512 613 671 1073 444 248 696 531 958 475 280 584 489 152 1028 694 292 660 371 157 653 760 907 760 345 687 335 246 546 122 952 819 86 297 826 735 666 869 886 419 451 538 643 418 768 372 720 420 529 630 691 610 566 380 423 699 361 570 861 641 872 685 600 254 0 630 683 429 720 876 559 633 558 481 332 293 350 834 881 186 259 658 80 673 896 660 843 247 612
632 241 338 321 250 165 797 495 349 437 383 649 396 390 704 127 539 291 81 565 274 675 96 499 508 791 391 697 298 487 529 84 554 332 781 539 838 283 341 341 302 405 323 391 129 521 427 190 555 781 514 415 501 328 338 786 511 115 657 405 523 300 912 360 105 488 313 435 634 397 222 76 472 698 244 290 431 215 62 509 630 0 64 647 130 354 791 817 303 583 345 336 319 568 455 443 418 754 619 655 392 81 246 646 272
682 303 335 362 226 228 862 543 413 458 410 708 393 425 747 151 602 276 36 568 339 711 112 561 526 856 432 760 310 544 535 96 585 308 845 584 901 235 337 298 362 380 365 448 153 571 431 137 611 844 554 383 556 333 341 851 575 149 717 424 570 363 975 381 153 545 282 492 696 462 265 74 536 761 218 341 454 255 124 545 683 64 0 712 142 364 855 880 299 647 383 390 381 610 480 497 459 816 667 713 403 119 234 709 326
486 423 756 545 806 494 150 477 314 663 609 337 816 587 603 646 164 805 723 847 373 670 657 212 712 147 540 156 705 362 804 665 667 861 193 529 238 896 766 929 395 916 542 378 648 461 763 815 372 262 528 953 345 716 734 165 148 625 234 703 450 368 313 677 594 315 872 331 156 253 557 682 180 141 794 462 642 557 589 608 429 647 712 0 662 704 158 216 768 101 564 436 359 507 638 411 540 229 502 269 705 622 752 191 450
731 238 208 437 367 242 807 598 399 316 269 725 525 510 813 257 529 414 178 435 308 792 34 482 384 809 505 682 429 571 399 48 677 450 818 648 824 372 212 438 377 522 439 474 260 621 297 163 640 833 419 525 448 198 208 815 516 243 624 534 444 360 895 489 226 444 424 394 617 428 339 67 501 686 142 231 312 130 124 628 720 130 142 662 0 225 791 805 431 582 464 430 382 479 338 536 532 729 720 615 264 62 125 697 227
897 339 69 637 590 423 832 776 523 114 113 858 750 714 993 479 546 639 400 213 432 987 259 495 167 846 701 673 652 723 174 273 881 673 887 832 807 580 77 650 535 744 638 633 482 793 78 321 790 924 280 743 398 35 43 869 558 463 589 753 341 503 867 707 440 413 644 379 611 524 545 291 583 683 206 250 122 192 332 827 876 354 364 704 225 0 801 792 657 608 666 605 525 345 148 702 726 699 891 568 40 276 154 794 272
617 558 859 703 961 644 60 626 469 740 695 458 974 744 730 800 263 962 869 915 520 806 790 312 778 106 696 134 863 513 875 800 816 1018 226 675 95 1048 869 1084 552 1074 700 536 801 608 851 950 514 320 582 1111 410 817 835 171 280 778 235 860 501 523 162 835 745 389 1028 422 190 405 714 819 336 120 916 575 720 676 731 758 559 791 855 158 791 801 0 79 926 209 722 594 515 545 711 566 695 157 636 269 795 758 870 312 569
691 578 854 757 1002 678 137 693 513 722 683 534 1026 803 806 837 278 1007 897 889 553 880 807 322 753 184 755 123 913 579 851 818 883 1062 305 743 21 1083 863 1123 598 1121 754 592 839 676 836 967 585 399 555 1155 394 812 828 250 311 814 205 917 474 566 99 890 780 380 1069 421 188 445 760 839 382 119 922 581 702 684 756 824 633 817 880 216 805 792 79 0 973 237 778 648 560 511 690 628 756 104 710 234 782 777 874 386 578
532 470 634 236 107 326 912 404 460 740 683 623 93 241 553 185 717 58 265 865 441 487 397 691 811 891 279 867 69 467 830 383 350 102 839 413 995 221 637 204 374 148 240 402 182 436 728 410 516 805 798 188 743 629 638 864 667 208 858 165 791 409 1073 142 241 721 135 670 812 529 213 367 591 862 515 560 732 509 339 336 558 303 299 768 431 657 926 973 0 739 230 336 412 845 755 406 298 937 509 867 694 384 534 687 534
534 348 662 531 764 441 227 499 278 563 510 400 796 584 653 599 63 771 662 746 315 709 581 113 610 238 539 129 680 385 703 590 687 826 294 556 259 846 672 885 365 886 528 375 601 489 665 741 412 358 427 919 244 621 639 265 73 576 162 695 350 330 336 664 543 213 832 231 87 209 525 609 155 123 709 372 542 470 522 624 481 583 647 101 582 608 209 237 739 0 554 422 326 408 538 423 544 202 546 192 607 548 665 266 362
315 379 668 30 311 247 701 178 285 719 653 393 254 48 365 234 546 283 363 879 309 330 432 533 793 676 53 683 160 238 838 425 214 333 614 204 800 428 673 429 201 371 31 186 232 210 744 520 285 575 724 416 621 648 662 643 489 234 694 140 694 247 877 112 240 591 361 548 636 353 124 421 399 675 590 489 705 482 340 164 332 345 383 564 464 666 722 778 230 554 0 132 239 756 723 176 78 757 295 710 697 402 588 462 458
300 283 619 109 393 188 577 171 156 639 572 320 379 166 388 263 415 380 382 812 199 387 404 404 712 555 126 551 270 154 769 402 305 435 505 227 670 500 626 517 81 484 106 67 263 191 683 526 220 479 619 524 500 593 609 528 357 251 563 273 581 126 747 242 237 469 453 428 504 222 143 405 268 544 569 396 623 413 308 243 293 336 390 436 430 605 594 648 336 422 132 0 114 645 638 107 141 625 290 580 630 368 555 354 364
373 189 549 212 447 154 507 264 48 545 478 343 470 278 476 290 310 447 384 725 96 489 363 293 616 492 240 455 354 198 681 365 418 502 466 325 582 540 557 570 39 560 210 110 291 275 602 506 265 462 510 595 386 518 536 477 256 270 456 378 468 22 660 343 243 355 513 315 403 117 199 375 179 450 525 297 528 334 273 354 350 319 381 359 382 525 515 560 412 326 239 114 0 533 540 183 255 526 370 471 546 325 501 327 267
875 382 414 726 816 528 592 791 501 242 235 776 930 801 990 661 350 849 642 383 448 1019 501 314 250 621 769 410 813 698 348 517 951 896 700 853 520 846 422 908 564 968 725 637 664 796 359 628 751 766 64 982 170 376 388 664 398 638 309 881 66 519 565 838 603 206 881 225 365 458 663 541 475 426 535 285 226 355 514 888 834 568 610 507 479 345 545 511 845 408 756 645 533 0 205 707 787 407 879 277 318 492 479 663 311
911 354 216 692 703 476 750 803 525 36 72 845 847 771 1017 570 474 746 515 208 444 1025 368 426 77 771 750 578 738 732 165 384 934 786 829 863 703 708 223 776 560 858 693 651 573 816 154 461 794 880 144 863 301 183 191 803 502 550 485 828 218 520 756 782 521 326 762 309 521 506 610 406 550 590 352 243 26 248 416 875 881 455 480 638 338 148 711 690 755 538 723 638 540 205 0 723 772 591 910 458 116 373 298 759 274
