280
0 840 211 571 622 663 745 210 366 354 818 320 292 476 227 837 304 239 308 474 649 205 513 689 601 177 514 561 679 685 921 58 807 380 726 548 766 682 365 288 798 138 258 337 744 468 377 519 156 409 405 24 659 461 140 120 745 237 293 446 799 433 569 708 633 264 790 350 689 634 811 987 426 63 656 515 680 425 528 204 283 882 617 488 480 351 576 444 532 668 729 777 821 532 143 705 837 541 417 460 324 388 255 104 684 414 270 643 65 813 280 248 697 835 515 520 754 876 266 710 805 480 589 84 631 362 668 152 329 438 655 739 1078 759 668 186 207 458 772 314 515 723 367 216 354 402 565 639 815 585 852 100 412 463 705 646 196 747 925 336 705 209 844 126 427 603 965 376 850 322 708 493 605 293 382 453 172 170 493 648 579 626 838 794 634 488 485 623 837 45 652 694 399 300 370 760 287 791 299 250 436 309 500 538 247 158 491 588 211 443 935 968 588 555 189 636 670 148 443 115 124 642 202 543 445 468 598 957 798 416 820 520 410 382 337 243 540 562 317 592 479 461 989 493 219 667 686 302 153 187 210 646 317 490 689 145 359 623 328 347 662 464 302 646 587 133 535 465 221 618 210 715 615 163 868 273 696 677 506 535
840 0 876 290 606 812 594 986 522 808 374 868 838 570 802 450 848 1023 930 366 483 656 652 240 874 770 325 915 387 610 379 785 240 511 426 629 267 342 870 1056 585 868 611 826 225 750 469 320 685 430 496 820 672 399 799 719 334 698 884 575 46 503 274 553 838 683 478 806 832 372 313 358 596 779 354 713 444 798 855 938 739 347 340 963 425 922 451 530 546 431 144 77 528 415 982 598 179 533 737 387 696 608 693 886 234 425 608 665 858 352 678 646 549 414 354 340 368 340 574 304 330 359 689 850 436 537 434 740 526 532 302 354 413 141 220 934 748 431 429 537 457 697 841 897 511 438 290 226 392 402 425 898 612 756 754 196 644 393 215 956 984 1017 179 885 522 813 377 485 240 624 253 619 277 860 540 860 1008 943 671 873 843 231 387 440 458 470 559 411 2 806 917 235 904 770 685 134 931 246 691 1009 894 893 698 464 642 699 620 817 859 823 395 346 252 656 989 287 176 712 555 877 934 587 771 385 506 390 847 323 286 955 345 404 606 798 738 828 565 858 608 393 372 379 336 449 639 579 955 675 993 823 828 460 956 356 199 983 889 607 852 508 336 836 652 507 985 967 970 565 633 626 1045 496 253 782 39 670 461 293 494 658
211 876 0 587 794 862 628 131 355 561 760 532 98 385 435 972 515 164 518 522 797 237 695 680 807 379 567 771 805 563 1035 203 785 509 861 424 866 640 577 184 685 74 400 547 730 667 414 570 252 471 535 198 840 554 347 243 860 178 83 360 832 391 630 868 836 446 705 168 889 590 769 1089 595 239 774 708 606 631 735 405 481 993 588 700 597 562 513 595 440 804 792 827 724 656 265 586 915 699 615 538 210 558 185 119 678 472 415 824 148 760 461 231 592 963 524 536 876 987 339 677 917 533 775 296 565 341 805 341 355 589 758 859 1179 768 673 387 128 450 700 348 465 905 577 20 366 468 586 655 940 711 981 134 317 663 895 681 303 685 1003 545 915 182 922 333 377 805 1074 393 941 261 691 378 609 90 526 662 298 105 357 853 784 646 961 929 777 441 647 754 874 244 860 783 611 145 248 772 81 886 486 138 648 521 354 678 406 317 376 790 423 651 1051 1070 630 737 155 623 725 202 601 323 307 527 405 518 396 559 803 1055 902 627 770 495 581 203 535 64 440 769 478 549 505 524 1086 623 254 833 896 485 246 398 48 570 524 523 764 273 570 503 539 372 626 671 477 555 799 202 747 379 356 491 252 864 692 367 911 209 617 652 442 401
571 290 587 0 554 739 423 700 232 626 319 670 548 299 583 545 648 737 721 114 464 375 544 130 766 537 104 785 399 410 544 514 252 319 463 378 370 189 685 768 442 583 379 638 185 614 193 99 414 178 318 549 625 215 557 451 404 408 593 297 245 216 128 553 749 471 363 519 765 174 283 567 449 514 354 599 269 641 725 701 538 501 127 801 282 726 213 388 291 430 237 251 415 316 714 409 369 447 583 181 407 443 403 605 121 171 381 612 580 303 472 359 365 518 63 51 435 494 307 188 442 118 609 595 230 246 432 497 244 387 303 415 646 188 98 693 459 141 319 258 190 673 660 607 225 190 12 69 491 345 535 618 329 618 710 102 381 277 449 750 889 734 375 636 236 718 567 199 414 333 158 353 45 569 360 704 742 658 404 783 733 59 502 513 432 194 442 382 287 542 818 280 725 480 399 190 641 375 493 721 727 689 432 375 416 447 353 715 633 670 562 549 78 567 706 98 168 433 415 627 677 372 545 118 223 207 744 529 407 773 306 129 452 513 555 537 313 740 408 162 91 147 555 326 359 553 860 478 721 593 538 262 744 84 237 716 700 383 658 226 167 687 452 303 850 691 821 291 387 398 769 512 195 546 326 380 293 149 227 402
622 606 794 554 0 205 967 832 598 343 863 418 828 762 431 285 412 861 491 469 125 583 119 660 280 453 454 337 223 941 414 600 760 311 210 862 360 743 392 910 994 738 396 370 700 218 508 458 545 448 291 620 71 354 495 551 295 675 855 741 596 656 432 106 235 357 917 847 225 727 816 502 199 569 252 156 820 286 287 573 353 393 681 424 280 454 743 211 787 179 466 531 969 237 717 946 472 113 245 393 747 237 687 721 648 454 380 59 680 845 342 626 907 305 564 546 273 392 492 736 337 456 92 569 776 615 177 469 540 216 306 275 584 643 614 581 700 594 873 531 694 124 364 808 560 439 541 576 301 217 315 720 745 226 156 522 497 831 528 502 380 829 477 571 671 215 464 547 437 677 692 814 595 842 279 330 723 790 853 270 254 560 325 251 148 680 150 196 606 577 315 371 406 787 774 639 875 390 325 871 374 451 877 179 388 478 814 223 486 299 420 488 489 85 811 649 470 597 197 571 635 897 433 647 674 359 252 489 364 453 844 642 214 864 308 787 809 276 316 707 520 433 520 235 572 55 351 320 743 474 764 808 514 505 413 711 415 898 399 537 721 299 321 842 407 744 409 749 439 908 807 148 390 469 606 680 845 698 721 874
663 812 862 739 205 0 1137 869 740 317 1054 378 915 910 440 456 383 892 439 642 329 686 201 853 112 486 636 186 428 1104 591 659 959 453 406 1010 562 928 336 943 1169 795 496 340 896 195 658 640 633 608 441 669 144 528 524 627 496 779 934 886 801 808 624 280 50 420 1100 948 28 907 1010 681 312 624 457 161 998 243 166 551 381 578 863 300 457 390 913 360 943 383 670 736 1151 427 722 1112 674 295 247 566 862 338 794 768 842 615 481 148 727 1037 405 738 1077 484 739 724 470 579 612 926 531 631 130 591 951 755 381 521 677 362 510 476 754 844 808 564 791 756 1058 665 857 154 318 872 702 597 726 769 487 417 490 763 881 199 87 719 594 1017 725 436 178 853 679 577 820 64 640 695 636 801 885 958 782 926 412 244 718 833 991 75 107 752 509 432 353 840 299 401 811 622 121 576 328 888 896 840 943 592 378 911 284 407 1012 368 474 550 957 82 478 233 594 668 680 172 841 837 672 683 335 581 637 1058 461 820 826 534 90 673 563 359 1038 811 318 971 327 870 963 134 415 882 692 605 702 413 679 239 150 382 752 484 842 981 455 679 617 714 356 1056 361 679 906 219 397 1012 242 764 266 896 534 1063 813 337 589 500 811 792 1022 886 880 1017
745 594 628 423 967 1137 0 758 422 955 248 974 537 269 869 962 951 788 1002 498 886 556 936 368 1144 807 515 1147 823 65 941 692 366 687 886 203 778 259 1004 794 58 672 686 958 369 984 486 512 624 530 697 720 1037 613 807 657 821 508 577 300 555 345 551 976 1139 788 136 470 1165 251 300 943 829 714 778 985 158 992 1091 935 856 900 298 1133 687 1025 225 777 217 854 626 605 117 732 865 41 744 855 942 575 429 811 490 715 378 523 697 1023 714 265 795 502 60 933 403 421 854 893 568 291 852 511 1010 809 193 414 856 757 485 775 725 835 1006 454 406 921 545 382 173 502 281 1089 986 644 455 541 435 431 907 766 949 733 332 985 1120 496 626 202 805 1034 1269 810 748 856 340 1106 953 454 801 423 345 254 391 554 730 1050 899 732 270 1170 1112 442 914 934 854 301 839 805 591 741 1199 693 1045 482 384 462 630 775 823 756 1061 982 279 789 722 701 256 1100 899 1021 958 928 500 966 783 344 569 604 802 845 869 103 826 320 327 608 1126 905 813 1085 276 326 827 439 891 564 205 1113 750 262 447 535 924 733 550 973 1242 810 856 858 588 161 1021 462 646 871 1011 125 969 477 273 1041 786 125 1204 814 1165 281 668 137 877 935 617 809 632 471 136 313 265 227
210 986 131 700 832 869 758 0 471 555 890 510 222 515 429 1037 497 36 478 624 854 331 723 801 800 386 668 754 875 693 1113 236 909 574 927 554 950 767 556 78 816 118 456 536 852 676 517 672 320 566 601 212 869 639 346 297 937 296 190 490 942 515 729 916 837 474 836 293 895 717 896 1174 635 264 849 725 736 629 726 355 492 1073 712 667 670 528 642 648 571 868 892 932 855 726 182 717 1010 748 625 629 340 597 306 113 798 569 469 853 153 889 490 341 723 1033 638 649 949 1067 425 802 996 633 799 278 694 459 869 362 460 642 840 933 1264 885 790 337 245 567 830 449 592 934 563 113 476 562 698 769 1012 780 1050 111 447 670 914 789 371 815 1098 500 896 55 1017 299 502 808 1155 501 1030 385 814 509 726 208 583 648 208 45 487 849 781 759 1034 995 837 567 693 821 984 254 849 872 584 276 379 888 147 973 509 41 626 491 482 739 451 359 507 792 400 644 1129 1155 736 765 38 744 827 281 649 293 252 657 410 640 521 644 800 1141 984 590 899 617 619 326 545 195 571 762 523 675 614 621 1173 690 348 877 881 512 154 386 176 701 479 630 859 191 545 633 521 478 751 663 511 686 770 118 717 509 414 621 134 920 785 371 1019 331 747 776 570 531
366 522 355 232 598 740 422 471 0 533 452 553 320 170 449 688 530 508 585 184 550 160 540 331 732 389 227 729 523 376 724 308 445 290 587 269 546 315 581 537 466 355 265 535 384 571 93 229 219 159 307 342 662 262 395 256 558 176 364 145 476 77 292 636 735 366 436 301 768 268 444 764 428 319 483 581 323 573 675 532 434 680 251 711 330 605 218 389 209 537 448 476 474 388 506 389 576 485 527 231 185 404 171 381 328 157 276 646 362 446 374 130 365 671 168 181 582 673 146 344 609 197 620 411 271 18 539 340 64 385 450 562 849 414 319 520 228 96 412 80 154 722 564 375 38 165 231 299 645 438 689 396 147 572 739 328 208 383 663 617 857 508 583 457 82 701 755 54 611 106 346 218 255 341 329 629 537 430 255 763 701 291 662 650 522 128 453 484 519 348 789 457 623 254 192 417 410 561 402 490 639 563 278 433 300 284 217 693 484 601 741 745 280 576 479 276 378 219 410 447 485 329 407 177 94 262 716 728 584 663 454 154 422 303 470 306 227 699 334 226 154 201 757 372 148 618 830 390 508 443 306 292 605 174 429 510 590 321 547 61 296 622 367 304 783 473 743 156 246 325 550 613 362 392 557 148 342 313 157 277
354 808 561 626 343 317 955 555 533 0 939 75 627 697 126 618 70 576 148 512 427 428 225 756 246 184 529 212 500 909 735 360 877 309 521 791 628 799 61 627 998 490 269 26 809 134 476 534 363 454 317 363 352 423 214 345 580 513 638 668 781 609 551 448 282 167 953 671 341 764 909 818 217 324 501 196 841 74 174 238 99 705 728 179 383 119 741 279 742 469 667 731 998 399 404 922 729 319 98 450 604 199 530 458 747 461 259 338 419 926 160 485 897 630 599 591 572 702 387 811 635 508 276 276 790 542 468 229 469 276 531 565 906 785 718 250 512 584 920 452 678 410 34 568 499 441 615 680 619 429 643 451 651 127 374 652 339 884 806 163 354 536 736 259 615 254 785 503 717 560 785 735 671 634 273 103 402 520 756 294 225 662 644 578 429 655 269 447 807 317 298 593 98 612 645 783 640 658 135 596 106 107 772 364 233 274 734 238 160 89 744 801 597 259 525 721 636 406 257 264 319 862 157 666 627 432 245 797 647 148 930 650 203 699 71 579 758 208 218 729 549 479 830 361 426 398 334 149 434 168 549 816 172 546 614 397 82 852 55 478 776 110 175 834 254 447 210 683 288 854 496 479 554 194 823 535 863 771 689 790
818 374 760 319 863 1054 248 890 452 939 0 976 686 377 882 792 953 924 1020 429 759 612 862 202 1085 828 423 1104 679 289 746 760 134 636 736 375 601 141 996 941 222 785 679 948 169 933 471 417 671 485 637 794 934 534 840 708 656 601 732 400 343 386 430 845 1067 778 114 630 1080 184 60 732 768 772 635 918 157 958 1044 981 846 709 212 1116 599 1031 248 707 324 717 444 405 157 627 955 268 543 760 901 499 550 762 587 819 214 477 685 922 807 21 781 572 226 759 339 347 692 702 582 130 674 435 924 863 195 456 720 782 500 706 578 673 785 249 248 970 650 368 77 518 304 976 972 780 471 497 331 286 734 647 773 836 443 937 1020 342 654 75 589 1051 1208 936 545 909 394 1035 749 455 604 509 170 398 274 707 678 1021 987 855 439 1100 1052 302 736 771 729 330 760 677 371 800 1137 530 1036 620 516 256 786 591 804 898 1042 992 459 687 717 728 400 1033 925 987 762 719 374 883 907 221 406 670 734 898 937 289 841 281 375 526 1062 696 631 1082 29 302 771 608 868 698 331 1059 721 226 389 464 710 642 600 854 1179 789 954 884 713 193 1042 393 480 960 1009 316 966 485 163 1005 764 221 1168 916 1138 381 677 336 989 796 477 834 408 564 155 170 319 407
320 868 532 670 418 378 974 510 553 75 976 0 607 710 107 692 23 528 73 555 501 430 300 800 293 172 576 243 572 924 809 338 922 360 595 801 697 835 46 578 1020 459 297 48 854 206 507 582 362 493 372 335 425 475 190 337 651 508 612 680 838 630 604 523 338 198 982 657 399 797 950 891 285 303 571 269 869 140 220 172 131 778 764 171 443 55 767 344 758 542 729 792 1025 464 348 940 797 392 173 498 600 263 526 421 791 501 291 412 386 965 197 488 918 704 637 631 644 775 407 850 707 553 349 237 818 559 541 223 491 341 598 637 979 836 764 187 499 614 952 474 703 481 60 536 522 481 659 727 693 498 718 412 659 198 441 704 349 917 875 91 386 485 804 210 633 313 858 529 787 566 828 744 714 611 328 140 341 479 760 344 278 710 718 653 502 679 341 518 866 290 340 659 79 600 644 835 608 728 179 551 116 32 774 434 259 276 743 296 110 144 818 874 648 333 478 761 693 399 324 217 264 878 149 698 647 484 298 869 718 110 969 681 271 686 132 558 773 256 264 760 588 524 903 425 431 473 370 194 378 135 526 842 97 588 677 340 39 866 19 503 812 159 219 857 266 397 215 697 306 866 438 554 614 176 884 534 891 811 711 797
292 838 98 548 828 915 537 222 320 627 686 607 0 310 504 980 588 251 600 500 816 246 737 627 870 443 545 840 812 472 1032 268 724 527 872 334 857 575 650 258 595 166 432 616 674 722 396 547 284 459 552 274 880 552 417 288 860 160 46 289 792 338 610 893 893 495 622 70 943 525 701 1079 631 304 777 757 530 693 799 493 540 988 530 777 605 641 444 620 362 817 768 796 638 665 362 496 896 725 670 530 144 595 156 212 627 459 448 863 234 689 510 216 505 967 484 500 879 982 346 614 915 513 819 376 492 303 818 399 338 615 754 861 1166 721 626 475 128 407 622 336 403 944 646 111 340 459 549 613 943 720 986 229 245 719 941 647 330 611 982 628 982 277 902 417 321 861 1067 367 928 215 634 293 564 21 551 730 396 203 266 913 844 606 963 938 793 382 678 765 835 316 924 770 686 69 170 725 99 874 537 219 720 599 260 695 446 365 291 848 501 715 1048 1060 601 779 252 570 699 233 631 407 399 438 470 464 339 555 863 1043 895 707 699 442 618 104 593 49 358 832 514 486 474 509 1073 637 260 862 961 533 344 471 81 494 609 494 746 371 646 413 611 352 563 736 521 474 873 300 822 306 389 400 350 883 677 434 874 174 538 594 375 309
476 570 385 299 762 910 269 515 170 697 377 710 310 0 604 824 687 549 735 313 704 286 709 338 902 541 347 897 664 215 839 423 420 458 729 100 662 269 742 565 321 417 431 697 377 741 254 347 355 315 474 451 828 415 538 387 687 241 355 30 524 106 405 793 905 531 321 257 938 220 391 866 597 444 621 751 221 740 843 665 597 796 235 873 487 760 136 556 56 685 537 546 347 542 602 232 668 648 696 379 175 574 224 456 341 309 444 813 450 379 540 232 220 802 245 265 714 788 310 309 731 327 789 539 182 157 687 490 234 552 580 695 945 438 349 651 284 180 314 248 113 886 726 404 208 323 306 349 775 588 820 473 68 741 906 400 361 301 748 766 1026 564 674 587 90 871 864 216 713 154 338 55 296 330 498 796 635 483 105 933 871 348 789 788 675 104 620 632 567 471 958 571 783 243 139 443 409 671 569 522 803 716 133 592 465 434 55 863 631 768 857 848 372 744 535 284 467 334 578 576 600 169 561 186 90 412 886 829 700 821 389 171 592 239 637 322 64 868 504 185 265 342 854 531 281 779 1000 558 596 590 339 185 753 286 533 607 748 156 706 230 259 789 535 173 949 555 907 13 408 157 623 764 478 541 609 203 231 295 76 112
227 802 435 583 431 440 869 429 449 126 882 107 504 604 0 684 86 452 138 470 489 322 313 713 373 64 496 336 545 818 789 236 836 291 579 694 659 741 146 503 916 364 204 111 768 248 410 502 254 405 308 237 454 403 88 230 622 400 513 574 769 526 532 529 407 119 882 552 465 701 859 866 258 200 536 302 769 199 300 149 79 755 670 277 385 156 666 303 653 522 669 729 923 419 288 834 751 376 200 421 493 225 418 331 705 412 202 439 292 871 126 380 814 690 545 541 620 751 305 758 680 469 380 151 717 455 521 115 390 299 553 610 957 758 680 153 393 516 854 372 602 516 142 441 420 393 574 644 675 461 705 324 551 242 489 628 243 820 834 169 479 413 759 141 529 378 837 430 749 459 740 637 626 510 267 227 292 394 652 421 352 628 700 642 483 577 320 489 801 191 425 609 185 494 536 757 513 689 122 471 216 113 666 401 167 169 635 362 60 216 801 848 570 353 401 671 626 292 290 143 205 772 42 602 543 412 372 841 685 217 877 583 241 580 123 456 667 335 195 662 498 442 875 377 324 482 460 135 317 44 424 741 161 500 620 282 147 760 108 402 718 236 154 754 369 325 319 591 206 759 380 550 552 70 823 427 790 720 607 689
837 450 972 545 285 456 962 1037 688 618 792 692 980 824 684 0 682 1071 765 512 194 737 394 602 554 689 476 618 167 955 134 801 666 464 110 914 191 707 671 1116 972 929 581 643 623 501 597 477 722 530 437 829 317 429 730 741 141 819 1016 812 462 722 422 182 500 585 876 980 467 711 735 224 425 776 205 440 804 568 571 832 604 129 665 709 375 733 758 394 829 169 347 393 930 315 953 952 274 307 520 457 867 461 825 924 591 532 568 320 884 771 572 763 906 36 584 563 109 131 635 684 120 497 375 802 772 707 168 690 648 399 244 129 300 544 559 838 857 644 827 647 727 307 642 988 656 527 534 531 58 260 33 928 830 509 376 466 670 785 292 780 632 1046 276 815 741 488 183 634 217 789 631 880 572 997 455 615 966 993 927 531 532 520 65 43 203 723 364 217 451 792 577 269 689 925 881 538 1047 205 564 1073 658 725 954 298 590 680 880 499 743 583 137 212 466 369 1023 617 394 770 399 813 878 917 675 661 735 428 526 219 164 737 767 666 443 988 569 948 852 556 520 706 558 488 246 348 722 232 606 554 976 723 932 804 790 537 317 950 694 927 673 638 690 584 545 847 686 968 693 813 623 942 1039 139 350 705 433 811 827 654 762 935
304 848 515 648 412 383 951 497 530 70 953 23 588 687 86 682 0 516 85 533 490 408 293 778 303 150 555 258 558 901 797 319 900 340 583 778 682 813 62 566 997 442 274 44 832 204 484 560 340 470 352 317 422 454 170 316 637 486 595 657 818 607 584 516 345 176 959 637 406 774 928 878 270 284 556 266 846 142 230 168 110 766 741 191 424 77 744 327 735 529 710 773 1001 447 339 917 781 380 167 477 579 246 504 406 769 478 268 408 369 942 175 465 895 693 614 609 631 762 384 827 694 531 346 222 795 536 528 201 468 324 581 624 967 815 742 181 479 591 929 451 680 480 66 520 499 458 637 705 681 482 707 397 636 197 443 683 326 894 860 108 401 474 788 198 610 319 846 506 771 544 805 721 692 592 308 151 335 465 738 353 286 688 706 642 490 656 327 504 847 272 352 641 99 580 622 814 592 712 158 539 132 45 752 418 236 254 720 302 97 150 807 861 626 328 465 739 673 378 308 204 254 855 127 675 624 463 306 856 704 133 947 658 255 666 117 539 750 266 243 737 566 502 889 407 409 466 384 174 369 117 507 819 111 565 658 331 61 843 24 480 790 167 198 834 285 386 234 674 283 843 430 545 595 155 866 512 868 788 687 774
239 1023 164 737 861 892 788 36 508 576 924 528 251 549 452 1071 516 0 492 661 886 368 751 837 820 412 704 771 909 723 1148 269 945 608 960 585 985 803 574 50 846 154 489 556 889 700 554 708 356 603 634 243 897 674 371 331 971 332 215 524 979 551 766 947 859 503 869 320 917 752 932 1209 665 295 883 750 770 650 746 368 517 1107 748 681 705 542 677 680 604 901 928 969 887 760 189 747 1046 779 650 665 374 627 343 147 835 606 502 881 186 924 519 378 754 1066 675 686 983 1102 461 838 1030 670 825 301 729 496 902 391 497 674 875 967 1300 922 827 349 281 604 864 486 627 961 582 145 512 598 735 806 1046 814 1084 142 481 694 939 826 406 849 1134 512 913 46 1053 318 538 830 1190 538 1066 421 850 541 763 235 615 667 211 81 517 869 801 796 1068 1028 869 603 723 855 1021 283 868 908 600 308 412 925 168 1008 537 38 643 507 511 772 483 391 539 814 419 665 1163 1190 773 793 51 781 864 317 680 312 266 688 435 677 557 680 821 1177 1020 603 934 653 649 353 570 227 604 782 554 711 651 657 1209 723 385 906 898 541 158 408 210 735 490 667 895 198 561 664 540 514 787 683 541 719 784 131 731 543 447 651 124 952 821 396 1056 367 781 812 605 561
308 930 518 721 491 439 1002 478 585 148 1020 73 600 735 138 765 85 492 0 607 574 449 373 851 345 195 631 286 644 950 881 338 974 420 667 821 768 879 104 541 1050 443 342 122 906 277 548 637 380 542 434 326 495 534 197 351 723 518 600 704 899 662 663 596 395 251 1020 655 458 839 998 963 356 305 642 340 906 209 275 124 190 851 808 189 507 51 802 412 785 614 793 855 1060 532 305 966 866 465 246 555 611 331 537 402 842 550 339 482 370 1010 253 506 948 777 683 679 717 848 442 896 779 605 419 223 855 589 613 245 526 409 667 709 1052 892 817 142 503 654 992 509 738 550 128 519 557 530 711 780 766 568 791 390 679 269 507 761 377 959 945 31 424 447 873 185 663 374 931 568 857 586 877 764 764 602 390 195 293 452 776 397 335 764 791 726 574 713 412 589 929 286 386 726 113 602 656 892 589 798 239 519 159 40 787 504 305 301 763 356 104 208 891 946 704 406 443 809 755 410 393 194 226 904 179 740 678 543 354 941 789 111 1015 721 340 687 202 551 799 311 322 800 636 577 975 492 453 546 412 255 336 144 518 877 25 637 742 296 82 890 92 540 857 220 278 889 292 361 239 722 343 888 391 627 677 193 949 549 927 858 742 814
474 366 522 114 469 642 498 624 184 512 429 555 500 313 470 512 533 661 607 0 395 292 443 244 660 425 44 676 351 472 540 419 367 207 416 407 362 292 571 696 527 506 266 524 299 506 107 48 319 67 209 455 539 115 448 354 377 346 543 300 324 209 109 485 648 357 459 485 669 266 397 580 342 415 308 496 355 529 617 591 424 496 223 688 188 611 274 284 326 372 270 308 509 236 618 477 395 356 472 76 370 333 346 521 235 61 268 524 492 415 358 291 438 492 96 82 403 489 208 299 426 14 514 491 309 202 374 388 166 282 270 384 666 291 210 584 394 133 420 175 227 591 546 542 159 78 103 174 466 277 510 532 318 509 622 171 280 380 482 636 785 652 402 529 228 616 571 133 428 290 272 368 158 521 249 592 644 580 415 680 628 158 481 475 365 217 343 320 363 442 714 273 611 437 375 291 585 376 379 650 614 575 442 291 302 341 368 612 521 558 557 561 113 469 625 208 203 346 310 521 574 429 432 178 223 109 639 544 400 658 418 173 344 487 441 480 348 633 294 240 51 37 573 234 275 477 756 364 628 481 475 340 631 37 246 619 586 433 544 150 269 576 338 373 739 601 709 301 278 444 679 452 178 435 396 325 379 259 258 425
649 483 797 464 125 329 886 854 550 427 759 501 816 704 489 194 490 886 574 395 0 569 209 557 404 496 371 458 98 866 308 617 650 289 94 801 234 648 483 933 906 749 399 452 593 319 457 374 545 391 263 642 188 289 537 560 170 657 848 687 476 598 336 90 361 392 823 825 348 638 709 392 231 590 130 263 733 383 404 638 410 280 591 535 220 545 666 205 721 53 345 409 876 162 761 868 346 113 331 325 717 267 666 740 546 395 385 182 700 740 379 603 826 203 484 465 152 278 470 636 216 381 215 610 692 568 51 500 500 211 187 151 479 530 511 643 689 527 777 495 622 218 453 813 514 385 451 475 192 119 216 743 697 327 271 416 494 734 405 590 505 858 351 621 615 339 358 496 313 641 589 759 501 832 271 435 773 810 802 395 377 460 217 152 31 613 170 82 483 604 441 249 504 767 737 525 875 264 370 891 477 533 827 120 402 494 758 347 549 401 317 376 391 194 837 554 358 595 207 620 685 824 481 567 614 292 376 375 240 553 739 566 249 837 376 780 743 397 331 623 446 363 407 181 555 97 476 360 785 529 761 724 599 428 294 757 506 828 482 493 627 406 352 762 528 779 526 691 442 840 848 67 282 512 482 654 757 600 653 817
205 656 237 375 583 686 556 331 160 428 612 430 246 286 322 737 408 368 449 292 569 0 498 487 655 258 336 637 570 501 798 147 604 280 628 372 628 476 466 404 606 213 191 424 541 499 186 340 69 236 306 181 638 317 252 101 623 93 278 256 613 228 398 646 670 272 589 265 714 429 605 852 389 161 538 525 477 482 589 380 330 755 411 598 362 477 372 374 339 572 560 601 623 422 346 518 680 479 448 301 177 355 107 230 483 238 207 621 205 607 285 57 504 727 316 323 639 749 102 505 680 302 581 256 427 157 573 207 131 369 521 622 941 563 470 367 119 253 569 118 311 702 454 256 152 232 371 444 704 476 745 242 229 497 703 459 92 542 769 481 775 360 688 303 224 636 836 176 705 136 505 315 405 262 305 530 376 287 330 694 627 433 724 695 547 284 433 521 654 189 711 546 506 204 217 565 310 648 313 358 531 433 344 449 213 154 313 625 345 508 814 833 405 539 332 433 495 58 386 292 325 455 280 337 242 321 644 818 664 540 615 315 378 285 378 210 351 619 274 387 285 290 849 391 17 616 751 306 349 305 195 444 467 300 530 349 469 441 428 149 457 530 289 448 682 316 636 274 152 439 394 637 456 256 688 108 495 473 305 366
513 652 695 544 119 201 936 723 540 225 862 300 737 709 313 394 293 751 373 443 209 498 0 662 226 339 440 262 296 903 516 496 773 252 303 810 432 732 276 800 969 634 307 252 709 109 457 445 452 406 239 513 146 329 381 453 375 592 760 686 634 607 435 222 205 250 902 763 229 709 821 602 112 463 309 60 798 174 204 454 237 490 665 326 262 339 711 159 741 258 508 574 952 243 600 911 541 119 127 367 670 143 605 614 651 413 291 130 573 845 234 547 876 409 539 525 360 488 417 732 425 433 82 454 751 555 256 361 478 161 353 358 688 664 619 462 610 555 861 466 656 211 247 707 502 395 531 579 401 249 421 612 683 117 204 534 408 820 609 386 346 716 547 454 619 173 567 494 517 606 694 758 588 749 211 226 605 682 792 238 194 562 426 356 218 639 102 250 651 468 275 419 295 703 702 660 776 463 213 763 267 333 814 189 291 377 758 172 367 191 525 586 490 42 700 642 496 504 133 455 518 857 318 620 625 337 201 585 445 344 847 611 121 783 190 694 762 206 224 683 492 405 617 220 489 173 317 211 628 357 669 781 397 480 453 595 300 855 281 479 709 197 217 810 333 631 322 696 348 862 692 255 411 355 659 601 822 692 678 817
689 240 680 130 660 853 368 801 331 756 202 800 627 338 713 602 778 837 851 244 557 487 662 0 887 665 228 910 479 375 573 631 123 447 538 389 414 108 815 864 371 686 508 768 55 738 315 223 533 308 444 666 731 339 684 571 463 504 674 348 196 290 228 644 867 602 274 586 878 132 158 576 573 634 435 720 211 768 850 828 668 533 103 930 400 856 212 510 308 516 259 237 327 425 831 366 376 558 710 307 483 570 495 713 11 301 511 719 691 184 602 461 317 571 174 173 498 525 430 82 488 248 723 719 196 342 519 625 359 509 378 479 642 100 45 819 556 234 225 375 228 773 790 701 335 320 140 83 545 444 587 727 388 742 817 141 505 182 441 880 1009 839 380 761 306 836 585 312 433 419 32 383 87 649 487 832 861 760 435 900 854 100 550 578 526 246 560 474 237 663 938 335 854 558 464 106 725 409 623 818 856 819 461 484 545 573 384 834 762 797 590 560 172 681 810 56 209 546 537 752 799 349 674 163 288 331 864 538 447 902 184 185 578 574 684 625 327 862 538 155 217 276 558 442 472 652 979 608 836 721 631 223 874 213 285 834 830 368 788 341 98 814 582 269 976 803 948 335 515 387 880 596 274 674 279 471 232 55 262 420
601 874 807 766 280 112 1144 800 732 246 1085 293 870 902 373 554 303 820 345 660 404 655 226 887 0 428 662 74 501 1105 687 605 999 458 490 1001 638 953 248 870 1180 737 473 264 934 161 658 667 595 616 452 610 236 550 461 583 575 745 883 875 858 805 661 372 61 383 1120 910 121 926 1045 776 318 569 523 167 1013 177 73 464 330 670 884 190 486 294 921 378 940 458 730 796 1169 469 641 1115 750 341 207 586 833 332 761 705 876 624 460 233 666 1069 370 710 1084 579 756 743 553 670 594 955 617 652 188 523 964 745 456 470 668 379 572 555 854 890 844 480 750 762 1081 653 862 262 237 815 695 605 753 804 578 471 586 697 865 160 198 760 563 1041 808 338 125 778 756 501 814 66 737 692 718 780 918 946 810 878 415 153 634 767 974 51 32 787 601 525 423 843 327 464 873 563 56 639 232 850 870 887 887 669 341 842 186 318 993 413 444 508 945 57 401 157 691 763 715 217 769 864 721 643 351 507 557 1059 402 834 823 558 27 766 644 255 1070 822 318 935 278 822 959 38 398 897 707 623 796 446 650 326 97 349 672 415 793 993 358 698 675 633 265 1053 280 673 930 137 369 1019 133 690 154 888 505 1058 732 425 637 440 878 763 1037 915 881 1004
177 770 379 537 453 486 807 386 389 184 828 172 443 541 64 689 150 412 195 425 496 258 339 665 428 0 455 396 541 756 786 176 788 264 581 630 646 687 210 462 855 309 160 173 721 291 356 460 189 358 285 182 485 370 42 165 614 335 455 511 734 466 496 545 458 104 824 489 512 645 808 860 265 140 527 339 711 252 357 168 106 750 616 342 364 219 607 298 591 523 641 699 864 405 265 772 732 384 240 383 428 228 354 281 658 365 161 469 241 818 117 316 752 692 495 492 617 745 247 706 674 426 413 115 659 394 522 51 331 292 537 605 951 716 635 165 330 460 797 313 543 549 203 386 362 347 528 600 675 452 708 277 487 286 528 588 181 765 817 227 538 377 739 127 468 427 833 373 735 394 691 573 578 450 249 287 276 347 588 474 405 584 699 646 486 517 327 485 768 136 482 588 250 431 471 716 458 674 128 427 279 175 601 396 127 106 571 412 97 272 799 841 530 381 361 621 593 227 290 124 189 709 26 547 483 379 424 832 674 281 824 527 248 517 160 395 604 390 175 606 448 400 866 363 260 501 518 136 291 56 365 682 216 452 594 261 212 697 172 345 665 293 144 693 432 291 383 528 151 696 355 559 524 16 792 362 731 669 547 625
514 325 567 104 454 636 515 668 227 529 423 576 545 347 496 476 555 704 631 44 371 336 440 228 662 455 0 682 319 494 498 460 348 219 383 439 320 292 588 740 539 550 295 542 280 511 152 5 360 104 215 495 525 111 480 394 339 391 587 337 285 247 64 461 645 380 465 529 662 273 385 536 345 454 274 495 366 539 622 622 444 454 227 701 178 632 294 283 355 343 225 265 516 217 657 496 350 344 481 79 413 341 390 564 219 100 294 511 534 407 379 336 455 454 113 93 366 447 249 293 386 34 506 526 323 246 346 420 211 282 232 347 621 261 189 616 439 168 422 219 254 575 563 586 204 112 91 150 428 252 472 575 358 514 609 134 318 381 437 660 785 695 357 563 266 613 528 178 384 334 259 403 148 565 259 603 682 623 451 678 629 133 442 441 340 248 338 293 323 480 714 230 627 481 417 261 630 333 398 694 628 597 478 275 329 375 403 611 549 568 515 518 75 463 667 202 159 389 311 555 610 453 460 196 259 103 639 500 358 676 409 195 349 530 457 525 378 636 312 253 82 55 529 223 319 457 756 382 668 510 520 354 655 61 201 658 605 459 563 194 270 585 357 391 747 642 719 336 311 472 720 425 135 465 354 370 390 253 287 459
561 915 771 785 337 186 1147 754 729 212 1104 243 840 897 336 618 258 771 286 676 458 637 262 910 74 396 682 0 552 1105 750 572 1025 469 547 994 689 969 197 821 1186 699 465 224 959 171 662 687 574 626 467 573 302 570 424 557 629 724 850 869 896 804 688 436 135 368 1132 884 196 939 1067 839 336 536 570 201 1023 156 60 408 307 731 899 117 512 234 927 400 939 510 770 837 1179 503 588 1117 800 382 205 604 814 342 741 664 899 634 453 297 627 1089 357 694 1088 641 770 758 609 730 587 974 674 668 245 480 973 740 508 442 665 400 615 610 918 921 868 425 725 768 1095 649 867 333 194 777 693 614 773 828 639 512 649 655 856 167 271 789 547 1056 863 275 143 728 806 454 812 133 800 693 772 767 941 939 830 846 427 109 578 723 963 122 86 811 663 587 474 845 358 511 914 527 100 682 172 825 854 918 849 721 328 795 128 264 980 451 433 486 938 119 354 129 755 825 741 264 721 883 756 619 373 460 506 1058 370 844 822 579 97 827 698 187 1091 831 332 911 261 791 956 61 397 908 720 639 857 475 634 387 127 339 619 374 761 1001 296 712 715 580 209 1051 233 671 946 108 362 1024 71 640 80 883 492 1054 677 485 671 405 922 745 1046 934 882 995
679 387 805 399 223 428 823 875 523 500 679 572 812 664 545 167 558 909 644 351 98 570 296 479 501 541 319 552 0 809 245 640 564 301 64 758 137 576 559 954 839 765 421 524 510 404 431 320 558 364 274 669 286 262 581 578 79 652 848 651 382 560 272 169 459 437 750 813 446 572 626 321 289 617 45 353 667 465 496 695 467 209 525 622 208 619 609 243 674 44 251 313 804 149 801 809 249 182 409 292 700 319 657 762 468 366 408 280 723 659 425 596 765 157 430 410 75 205 468 560 135 336 312 650 630 542 47 536 481 248 100 65 411 442 434 698 689 484 703 480 573 310 529 822 489 360 388 400 136 94 175 767 666 412 367 338 506 660 312 662 604 886 255 668 579 437 292 468 221 622 510 720 433 830 297 521 816 830 766 493 472 386 159 127 78 567 231 56 387 635 538 156 584 758 715 437 880 168 422 910 561 603 793 145 433 520 720 443 606 485 258 303 323 287 863 483 273 604 255 665 730 769 530 511 575 261 473 297 149 635 657 513 305 821 441 780 697 492 367 562 400 324 331 185 554 192 575 410 822 581 766 662 669 379 203 798 581 777 553 471 557 492 397 703 623 811 617 653 461 790 885 117 207 557 384 643 691 526 606 776
685 610 563 410 941 1104 65 693 376 909 289 924 472 215 818 955 901 723 950 472 866 501 903 375 1105 756 494 1105 809 0 943 634 394 651 873 140 774 268 955 728 124 609 641 910 385 944 447 491 570 496 663 661 1010 586 753 602 813 448 512 245 569 301 537 956 1103 742 184 404 1132 248 334 951 793 657 764 949 165 949 1050 879 809 901 291 1086 660 974 199 745 166 837 627 613 177 708 803 25 750 828 901 547 366 773 430 652 384 490 652 995 653 303 750 446 63 927 381 400 845 894 521 305 848 486 979 752 183 366 839 705 440 742 714 825 1018 468 409 864 484 348 211 456 247 1064 939 580 411 507 421 429 900 746 944 670 274 946 1092 492 575 230 816 981 1230 746 754 799 293 1069 958 413 805 366 357 192 383 489 693 1006 837 667 205 1133 1074 437 909 924 835 264 807 787 607 683 1161 687 997 418 321 475 564 775 778 691 1015 931 213 764 676 649 194 1063 846 977 960 935 489 934 719 343 566 547 769 788 810 46 776 298 283 581 1088 913 810 1035 314 300 790 374 847 499 151 1073 709 248 421 508 933 706 496 949 1203 766 793 806 524 153 968 438 641 809 962 61 920 433 277 998 743 108 1160 751 1119 228 620 72 813 919 605 756 649 412 150 319 224 162
921 379 1035 544 414 591 941 1113 724 735 746 809 1032 839 789 134 797 1148 881 540 308 798 516 573 687 786 498 750 245 943 0 880 613 541 214 922 177 681 791 1191 943 1001 662 760 582 625 638 497 793 573 515 910 451 481 826 816 176 872 1071 832 403 744 436 314 634 682 841 1023 601 695 686 89 531 859 265 566 783 691 701 939 710 43 651 837 443 853 754 488 836 267 315 340 893 388 1046 936 202 416 639 501 908 563 875 1001 563 573 651 453 963 724 670 815 889 108 594 574 169 50 696 652 118 526 505 895 759 742 268 781 693 493 277 182 171 497 535 942 914 663 791 696 734 441 761 1053 695 572 535 514 115 336 101 1007 856 633 510 451 742 751 183 898 767 1127 201 913 763 621 50 671 141 829 598 894 562 1051 541 740 1061 1068 945 665 664 507 90 162 307 735 470 301 381 878 712 268 812 972 915 490 1107 169 667 1147 783 840 972 390 677 763 895 632 849 707 17 78 467 496 1103 600 378 837 499 910 975 910 775 663 755 477 659 88 139 861 718 672 548 1027 681 1005 858 688 612 698 579 524 112 428 781 362 740 655 1067 825 993 789 906 557 306 1043 814 924 789 681 668 710 642 834 818 1054 823 830 702 940 1128 265 363 802 353 858 805 628 771 946
58 785 203 514 600 659 692 236 308 360 760 338 268 423 236 801 319 269 338 419 617 147 496 631 605 176 460 572 640 634 880 0 749 339 690 498 720 624 381 315 745 138 219 348 686 463 321 464 100 355 365 35 642 412 149 66 703 187 278 392 744 375 516 681 633 245 734 318 685 577 753 943 401 36 615 505 623 428 533 246 278 840 559 509 437 375 519 411 478 632 677 724 766 491 200 653 788 512 411 409 278 363 206 123 626 360 232 625 83 755 261 193 643 797 458 463 714 834 210 652 763 426 575 120 574 304 632 137 272 405 610 699 1034 702 610 230 165 400 716 256 458 707 378 213 296 348 508 582 776 545 814 127 360 459 694 590 143 690 876 368 715 247 795 166 370 601 923 318 803 269 650 442 547 274 346 462 230 192 446 650 581 570 799 758 600 431 458 585 783 51 658 647 418 264 324 704 284 744 284 274 451 332 455 502 215 123 441 587 235 449 895 924 533 538 223 578 616 90 413 155 178 590 203 485 389 419 600 912 754 441 763 462 386 349 332 219 487 567 287 535 422 408 944 454 161 643 695 284 208 203 188 590 350 434 639 203 378 572 343 289 604 470 279 591 604 182 554 412 178 568 261 684 564 166 814 222 640 619 450 487
807 240 785 252 760 959 366 909 445 877 134 922 724 420 836 666 900 945 974 367 650 604 773 123 999 788 348 1025 564 394 613 749 0 568 617 448 475 151 936 969 350 797 632 890 67 854 436 342 653 431 563 784 831 457 807 690 534 613 770 436 210 394 338 733 976 724 241 676 983 199 73 598 689 755 522 832 234 887 965 950 791 578 197 1050 514 978 284 625 378 604 320 275 289 532 949 378 410 664 828 427 580 688 602 826 131 424 634 820 807 112 725 573 330 632 295 296 569 571 552 110 546 369 829 841 246 453 607 748 478 625 464 552 651 122 159 942 664 350 195 494 320 869 911 805 452 443 263 198 607 543 646 841 478 859 917 239 626 164 455 1003 1119 950 412 883 407 946 615 431 472 524 99 456 210 745 607 951 979 870 504 1010 967 215 608 648 620 343 672 568 237 783 1049 410 976 655 555 128 823 463 745 923 976 942 528 590 669 696 457 945 885 915 630 585 284 790 921 171 292 662 652 874 920 381 798 269 388 448 975 562 503 1024 105 292 695 659 805 726 392 976 660 237 340 398 576 553 589 747 1090 730 953 845 736 261 997 336 361 952 952 406 910 461 161 932 704 303 1092 918 1066 420 638 426 995 681 370 797 274 578 245 132 349 480
380 511 509 319 311 453 687 574 290 309 636 360 527 458 291 464 340 608 420 207 289 280 252 447 458 264 219 469 301 651 541 339 568 0 353 558 388 499 370 653 722 465 121 324 500 300 205 225 258 158 26 368 373 114 298 277 365 369 559 435 479 355 243 366 452 171 663 539 481 470 603 607 141 317 276 298 555 322 410 431 229 502 429 482 101 416 463 100 489 296 378 438 711 152 509 660 468 201 265 140 436 126 379 461 438 165 111 357 422 622 167 317 627 458 300 289 375 496 183 506 425 200 331 361 505 305 296 246 229 95 277 360 699 476 408 429 400 305 625 219 405 434 344 525 251 146 307 370 437 206 476 466 434 303 449 343 206 586 554 447 583 585 476 387 367 418 585 242 474 365 477 508 364 543 43 385 527 529 544 482 426 353 460 421 267 387 163 247 509 337 513 324 408 480 462 475 586 414 181 609 408 384 566 169 140 221 507 412 349 350 556 589 288 286 562 415 335 307 120 382 444 605 262 376 373 123 439 578 419 457 625 364 140 554 237 490 510 429 97 439 250 171 611 115 267 339 555 166 528 314 472 534 445 243 330 507 387 603 346 228 476 368 141 561 532 513 501 444 160 610 588 356 261 278 531 370 578 466 426 567
726 426 861 463 210 406 886 927 587 521 736 595 872 729 579 110 583 960 667 416 94 628 303 538 490 581 383 547 64 873 214 690 617 353 0 823 161 637 577 1005 901 818 470 546 567 413 494 385 612 427 327 718 261 325 621 630 93 711 907 715 427 625 336 129 442 476 811 874 421 635 682 298 320 666 109 356 729 477 495 728 499 186 588 628 266 639 674 284 739 58 300 357 864 206 844 872 271 203 425 355 763 354 718 813 527 430 457 259 774 716 463 656 828 111 495 475 64 185 526 620 126 401 302 692 693 605 58 580 543 289 160 72 385 495 493 732 748 549 763 541 638 273 547 878 553 422 451 460 98 151 127 817 731 421 336 397 560 720 319 684 584 935 275 707 643 424 264 532 230 685 569 785 495 889 344 529 857 882 831 476 464 447 123 67 95 631 258 107 427 682 522 207 598 818 778 489 938 189 457 962 571 626 857 188 479 569 784 433 638 495 223 282 386 286 913 545 330 660 290 705 770 833 567 575 639 324 462 281 157 648 713 578 337 884 468 839 762 486 411 626 464 389 313 238 613 166 555 447 867 617 823 725 692 444 256 841 600 841 575 534 618 499 436 766 617 858 617 717 513 855 930 71 269 597 419 704 753 586 671 841
