81
0 421 418 402 115 746 642 772 408 521 447 726 98 865 229 393 340 925 212 770 247 805 297 799 260 351 370 585 501 479 352 247 268 211 260 590 458 123 337 849 171 309 533 580 840 747 449 443 221 393 673 520 254 441 529 422 423 380 763 734 397 362 314 575 405 243 135 117 803 206 854 549 503 787 87 532 518 669 729 244 338
421 0 148 722 536 778 361 871 521 405 41 857 394 1037 340 800 613 1027 301 737 215 951 173 590 528 659 183 771 685 201 70 302 548 263 680 581 732 409 730 724 398 140 891 893 759 448 28 824 344 183 546 894 653 511 206 741 805 118 588 848 553 654 279 900 762 629 467 520 969 411 674 761 588 481 494 894 907 642 964 666 730
418 148 0 638 529 632 247 730 397 257 123 720 426 903 418 757 522 884 235 589 171 814 269 460 446 575 60 647 565 70 164 219 467 329 658 435 633 448 679 581 335 117 815 799 612 347 159 762 266 45 400 826 611 380 111 656 744 48 449 710 436 566 386 809 691 580 419 531 835 335 539 643 453 385 471 819 846 495 845 654 679
402 722 638 0 358 536 760 491 308 556 728 425 500 508 631 243 118 615 420 618 506 477 662 806 193 63 577 270 230 665 669 423 174 598 304 486 92 520 177 763 325 581 180 179 714 851 749 169 379 595 644 203 210 356 723 20 160 627 748 448 256 73 709 180 83 187 280 427 458 311 819 218 351 889 322 186 242 545 343 346 175
115 536 529 358 0 782 744 788 451 605 562 734 175 854 309 292 331 934 309 822 357 805 406 886 272 321 478 584 508 587 467 341 272 314 149 647 432 185 250 918 239 422 458 526 900 849 565 359 305 501 750 437 169 492 639 376 340 493 845 747 427 338 405 515 339 175 163 68 796 267 934 541 542 889 72 456 426 725 700 129 251
746 778 632 536 782 0 553 141 337 381 756 187 829 349 915 779 474 262 586 118 639 254 840 431 510 519 597 285 306 599 771 556 514 839 804 197 450 858 706 292 576 674 661 553 214 587 792 700 550 595 305 707 706 309 635 536 694 661 369 155 354 494 942 581 619 669 624 837 296 541 389 333 243 608 713 671 758 149 417 836 704
642 361 247 760 744 553 0 682 462 214 321 696 666 882 665 930 642 816 435 470 400 786 513 235 591 703 277 677 614 177 403 405 610 577 857 381 726 690 847 396 519 362 940 892 454 104 356 911 446 254 254 962 792 421 155 775 895 295 249 675 513 687 629 909 830 756 608 759 818 505 324 692 469 144 678 946 993 404 876 861 847
772 871 730 491 788 141 682 0 379 493 854 70 864 208 965 733 460 158 643 258 708 112 911 572 518 490 688 221 281 707 855 618 516 896 784 306 399 892 668 429 612 755 584 464 347 723 888 641 602 689 440 633 684 369 749 486 639 753 510 43 377 467 1004 494 568 651 641 849 156 577 530 272 291 746 725 594 687 280 294 821 666
408 521 397 308 451 337 462 379 0 251 512 348 493 519 586 517 198 537 264 371 334 439 535 500 190 259 342 251 168 400 491 240 201 516 499 201 264 521 434 483 239 390 483 430 453 547 542 471 222 352 341 511 407 49 455 320 458 406 444 347 51 238 625 447 385 368 289 502 452 203 522 247 94 584 380 490 549 276 448 523 433
521 405 257 556 605 381 214 493 251 0 378 497 573 684 616 746 441 640 311 331 320 589 500 280 403 502 235 464 400 218 411 275 420 529 695 188 515 601 662 343 366 327 734 679 361 295 416 715 301 226 158 760 617 208 255 569 700 293 241 480 303 484 614 698 630 579 450 636 618 342 332 478 256 332 534 741 795 238 664 708 661
447 41 123 728 562 756 321 854 512 378 0 842 427 1024 379 819 617 1007 309 709 226 936 213 552 535 665 169 763 679 167 105 305 555 299 703 558 734 443 746 690 409 150 901 897 727 407 37 838 349 164 514 906 671 499 166 747 819 106 552 832 547 659 320 905 773 645 483 549 956 418 637 756 574 440 515 904 921 617 958 691 746
726 857 720 425 734 187 696 70 348 497 842 0 820 186 926 665 403 199 612 306 682 93 883 609 467 429 674 156 226 704 835 589 464 861 722 315 333 847 603 479 571 734 513 393 401 746 876 572 569 678 466 563 623 346 749 419 571 739 545 33 337 406 972 423 500 591 592 797 121 537 575 207 269 772 674 524 617 306 231 760 601
98 394 426 500 175 829 666 864 493 573 427 820 0 962 135 468 439 1018 263 846 267 901 242 844 357 450 389 682 596 493 323 299 366 145 322 664 557 28 421 911 253 309 624 677 909 770 421 529 286 411 730 607 338 521 537 519 510 382 813 827 487 460 229 670 499 334 233 133 900 289 905 647 587 809 179 622 600 743 827 294 422
865 1037 903 508 854 349 882 208 519 684 1024 186 962 0 1078 724 526 171 778 464 853 96 1051 781 604 533 855 282 370 889 1010 758 596 1020 812 501 423 988 678 633 724 910 534 407 549 928 1056 619 733 860 646 586 718 525 935 495 624 920 718 206 498 515 1133 435 566 692 729 920 68 692 736 316 450 952 801 545 641 486 187 855 677
229 340 418 631 309 915 665 965 586 616 379 926 135 1078 0 601 562 1121 329 916 295 1011 167 868 476 579 398 796 708 488 275 362 488 89 452 737 683 124 556 960 355 305 759 810 969 764 362 665 365 417 775 743 474 606 520 651 646 370 847 930 589 588 101 804 634 469 357 257 1014 389 939 765 678 801 314 758 735 813 952 420 557
393 800 757 243 292 779 930 733 517 746 819 665 468 724 601 0 322 849 521 857 595 708 690 1015 343 266 698 512 473 802 735 540 326 603 153 712 334 477 84 994 422 670 213 326 951 1029 829 108 494 720 858 172 147 567 859 247 100 732 961 689 471 290 697 303 164 176 338 347 683 428 1039 460 580 1069 310 206 142 778 542 195 84
340 613 522 118 331 474 642 460 198 441 617 403 439 526 562 322 0 603 313 540 399 474 569 698 89 61 461 252 179 547 564 311 74 516 329 389 124 463 240 672 226 472 298 280 631 735 639 274 269 478 539 319 231 247 605 135 260 514 642 418 149 45 630 288 189 194 206 396 466 204 718 210 258 773 275 304 353 457 390 363 239
925 1027 884 615 934 262 816 158 537 640 1007 199 1018 171 1121 849 603 0 802 358 867 141 1069 676 667 625 843 352 426 857 1012 776 664 1053 917 452 524 1046 792 510 768 912 676 550 423 845 1043 750 760 844 565 728 818 527 895 607 751 908 618 191 532 603 1162 580 685 787 792 997 175 733 618 400 450 863 874 687 783 411 341 956 791
212 301 235 420 309 586 435 643 264 311 309 612 263 778 329 521 313 802 0 589 86 702 273 587 227 357 177 499 410 284 251 36 246 253 427 408 434 291 444 647 101 161 591 593 647 539 328 531 46 200 467 597 375 278 340 439 512 213 553 612 279 353 360 598 463 345 183 329 711 109 644 479 353 580 243 594 614 486 680 427 444
770 737 589 618 822 118 470 258 371 331 709 306 846 464 916 857 540 358 589 0 627 371 821 319 558 591 564 387 389 545 740 555 566 834 864 181 537 874 779 173 599 650 758 656 100 488 747 786 559 557 215 801 768 331 573 621 778 624 260 274 402 567 930 684 702 729 659 871 414 565 271 431 285 505 751 768 850 103 534 891 778
247 215 171 506 357 639 400 708 334 320 226 682 267 853 295 595 399 867 86 627 0 774 202 580 313 443 124 577 489 232 165 95 332 209 489 451 520 292 521 664 183 76 676 679 675 504 243 612 130 147 479 680 448 339 282 525 592 138 554 679 356 439 303 684 547 420 257 362 786 195 647 560 417 544 300 679 694 525 763 483 521
805 951 814 477 805 254 786 112 439 589 936 93 901 96 1011 708 474 141 702 371 774 0 974 685 545 491 768 222 304 797 928 680 539 949 780 405 386 928 653 541 656 827 535 409 458 831 970 608 658 772 549 587 682 439 843 467 610 833 622 110 424 470 1060 439 544 653 671 870 46 622 642 265 363 855 748 546 642 389 208 820 651
297 173 269 662 406 840 513 911 535 500 213 883 242 1051 167 690 569 1069 273 821 202 974 0 729 479 602 266 772 683 338 112 294 496 98 555 649 694 250 630 840 343 173 815 841 861 608 195 734 318 281 655 809 549 542 362 682 714 222 715 881 552 604 117 842 685 533 384 375 984 369 806 750 619 644 381 816 812 720 950 532 631
799 590 460 806 886 431 235 572 500 280 552 609 844 781 868 1015 698 676 587 319 580 685 729 0 674 759 469 644 608 392 623 552 690 778 974 332 747 870 931 185 647 563 974 898 263 196 588 972 581 451 162 1007 893 450 386 815 959 507 64 581 550 738 846 921 885 854 731 915 725 622 91 675 461 200 814 982 1048 305 824 988 930
260 528 446 193 272 510 591 518 190 403 535 467 357 604 476 343 89 667 227 558 313 545 479 674 0 130 385 324 241 478 477 230 20 428 309 391 214 383 259 672 136 388 368 366 642 688 555 322 185 404 521 380 219 237 537 212 305 434 623 478 156 126 541 371 245 180 125 331 542 117 705 289 274 727 207 372 405 466 477 333 258
351 659 575 63 321 519 703 490 259 502 665 429 450 533 579 266 61 625 357 591 443 491 602 759 130 0 514 273 214 603 606 360 110 541 293 447 110 472 187 728 263 518 241 239 685 796 685 213 315 532 599 259 194 308 661 82 199 564 703 448 209 24 653 242 127 162 223 388 478 247 777 225 314 834 276 246 292 512 380 331 186
370 183 60 577 478 597 277 688 342 235 169 674 389 855 398 698 461 843 177 564 124 768 266 469 385 514 0 594 510 109 176 159 406 309 604 400 573 413 620 573 276 94 754 739 596 381 201 702 206 23 389 765 553 329 162 595 684 65 451 665 379 505 382 749 630 522 361 485 786 275 542 587 405 420 417 758 786 466 790 601 620
585 771 647 270 584 285 677 221 251 464 763 156 682 282 796 512 252 352 499 387 577 222 772 644 324 273 594 0 89 645 739 482 318 738 566 315 178 708 447 553 442 639 376 269 487 746 793 423 453 602 485 423 467 270 698 265 420 657 580 177 221 251 851 297 347 435 450 648 218 409 631 51 208 778 526 386 475 344 200 604 445
501 685 565 230 508 306 614 281 168 400 679 226 596 370 708 473 179 426 410 389 489 304 683 608 241 214 510 89 0 567 651 393 237 649 506 277 148 623 400 541 353 551 373 289 487 690 708 397 364 520 446 413 406 195 621 232 390 572 546 239 133 190 762 312 314 371 367 570 305 321 608 79 149 724 447 382 461 324 280 541 398
479 201 70 665 587 599 177 707 400 218 167 704 493 889 488 802 547 857 284 545 232 797 338 392 478 603 109 645 567 0 231 261 498 399 711 404 650 516 722 522 380 186 844 818 560 278 205 799 307 85 346 859 657 375 58 682 781 118 386 690 444 591 455 830 723 625 466 594 822 374 474 647 443 316 526 849 883 456 845 710 721
352 70 164 669 467 771 403 855 491 411 105 835 323 1010 275 735 564 1012 251 740 165 928 112 623 477 606 176 739 651 231 0 259 496 194 612 575 686 338 667 744 343 100 834 843 771 497 98 764 296 185 561 835 588 488 251 688 744 119 614 829 518 604 226 848 704 566 406 449 943 360 703 724 565 532 427 837 845 642 927 596 667
247 302 219 423 341 556 405 618 240 275 305 589 299 758 362 540 311 776 36 555 95 680 294 552 230 360 159 482 393 261 259 0 250 283 453 374 430 327 461 611 118 162 598 592 612 509 327 543 46 179 430 607 396 250 318 442 525 203 517 587 261 354 387 599 472 364 206 363 691 116 608 465 326 549 273 602 627 451 668 456 461
268 548 467 174 272 514 610 516 201 420 555 464 366 596 488 326 74 664 246 566 332 539 496 690 20 110 406 318 237 498 496 250 0 442 298 402 198 391 241 684 154 407 348 347 652 707 575 302 205 424 536 360 206 249 557 193 285 454 638 476 163 108 555 352 225 167 133 333 535 137 719 280 281 746 209 352 385 475 464 325 241
211 263 329 598 314 839 577 896 516 529 299 861 145 1020 89 603 516 1053 253 834 209 949 98 778 428 541 309 738 649 399 194 283 442 0 463 656 640 151 548 872 297 216 741 778 884 676 287 654 293 328 687 731 466 532 433 619 635 281 758 863 524 547 113 776 612 454 318 278 954 328 850 711 606 714 298 741 730 731 904 438 549
260 680 658 304 149 804 857 784 499 695 703 722 322 812 452 153 329 917 427 864 489 780 555 974 309 293 604 566 506 711 612 453 298 463 0 700 393 328 142 981 338 559 348 441 951 961 709 241 411 627 826 316 99 546 766 317 225 627 927 741 462 316 551 424 253 135 249 196 763 356 1011 517 579 1001 188 343 294 774 641 46 143
590 581 435 486 647 197 381 306 201 188 558 315 664 501 737 712 389 452 408 181 451 405 649 332 391 447 400 315 277 404 575 374 402 656 700 0 419 693 630 282 419 480 646 566 253 437 594 655 378 397 170 683 608 155 443 493 644 464 269 295 242 424 755 589 568 569 484 693 436 385 333 343 134 466 575 655 727 78 504 724 629
458 732 633 92 432 450 726 399 264 515 734 333 557 423 683 334 124 524 434 537 520 386 694 747 214 110 573 178 148 650 686 430 198 640 393 419 0 580 269 690 350 592 227 167 635 811 758 250 389 588 584 265 296 307 707 87 245 629 687 356 213 96 753 183 170 268 326 499 370 327 752 126 286 847 385 236 312 472 271 434 267
123 409 448 520 185 858 690 892 521 601 443 847 28 988 124 477 463 1046 291 874 292 928 250 870 383 472 413 708 623 516 338 327 391 151 328 693 580 0 434 939 282 331 639 696 938 793 435 543 315 435 758 621 352 550 558 540 523 403 841 854 514 484 223 689 516 350 258 133 926 317 933 672 616 832 198 637 611 772 851 297 435
337 730 679 177 250 706 847 668 434 662 746 603 421 678 556 84 240 792 444 779 521 653 630 931 259 187 620 447 400 722 667 461 241 548 142 630 269 434 0 912 344 596 211 299 872 946 758 109 415 641 774 187 82 484 779 185 90 657 878 625 388 212 648 282 113 100 263 313 632 348 956 396 499 985 250 207 181 697 503 188 1
849 724 581 763 918 292 396 429 483 343 690 479 911 633 960 994 672 510 647 173 664 541 840 185 672 728 573 553 541 522 744 611 684 872 981 282 690 939 912 0 683 667 915 820 86 379 727 933 628 560 185 955 890 435 532 769 923 624 147 448 524 705 955 847 847 851 756 959 585 651 109 594 414 385 845 924 1001 218 708 1003 911
171 398 335 325 239 576 519 612 239 366 409 571 253 724 355 422 226 768 101 599 183 656 343 647 136 263 276 442 353 380 343 118 154 297 338 419 350 282 344 683 0 259 492 501 670 622 426 430 73 298 511 497 277 270 437 345 411 314 606 576 235 262 410 505 364 245 88 276 659 35 695 414 334 663 167 495 513 498 609 344 344
309 140 117 581 422 674 362 755 390 327 150 734 309 910 305 670 472 912 161 650 76 827 173 563 388 518 94 639 551 186 100 162 407 216 559 480 592 331 596 667 259 0 752 753 688 464 167 688 203 112 482 756 522 388 227 600 669 73 546 729 418 514 287 759 623 496 333 419 842 270 637 625 465 502 370 755 770 550 828 550 596
533 891 815 180 458 661 940 584 483 734 901 513 624 534 759 213 298 676 591 758 676 535 815 974 368 241 754 376 373 844 834 598 348 741 348 646 227 639 211 915 492 752 0 127 857 1029 919 108 552 772 811 52 288 529 902 164 123 802 914 542 431 253 847 98 130 290 431 523 503 483 980 327 513 1066 446 10 107 698 347 394 209
580 893 799 179 526 553 892 464 430 679 897 393 677 407 810 326 280 550 593 656 679 409 841 898 366 239 739 269 289 818 843 592 347 778 441 566 167 696 299 820 501 753 127 0 757 974 919 218 549 754 735 179 362 471 875 159 227 793 836 424 379 239 889 30 189 350 460 594 376 483 894 227 438 1009 498 138 234 607 220 487 297
840 759 612 714 900 214 454 347 453 361 727 401 909 549 969 951 631 423 647 100 675 458 861 263 642 685 596 487 487 560 771 612 652 884 951 253 635 938 872 86 670 688 857 757 0 451 765 883 623 586 214 899 856 408 578 718 875 652 214 368 489 661 974 784 798 817 737 945 503 637 195 531 373 461 827 867 948 176 631 976 870
747 448 347 851 849 587 104 723 547 295 407 746 770 928 764 1029 735 845 539 488 504 831 608 196 688 796 381 746 690 278 497 509 707 676 961 437 811 793 946 379 622 464 1029 974 451 0 439 1006 549 358 282 1054 893 503 246 865 991 395 236 722 599 779 723 993 923 857 711 864 867 606 286 766 542 40 783 1036 1088 442 940 965 946
449 28 159 749 565 792 356 888 542 416 37 876 421 1056 362 829 639 1043 328 747 243 970 195 588 555 685 201 793 708 205 98 327 575 287 709 594 758 435 758 727 426 167 919 919 765 439 0 853 370 198 551 922 682 531 202 768 833 136 589 866 575 681 296 926 790 657 495 548 988 437 674 784 607 470 522 922 935 654 987 694 758
443 824 762 169 359 700 911 641 471 715 838 572 529 619 665 108 274 750 531 786 612 608 734 972 322 213 702 423 397 799 764 543 302 654 241 655 250 543 109 933 430 688 108 218 883 1006 853 0 496 722 811 78 191 521 858 165 19 744 915 598 421 233 756 195 86 201 357 421 581 427 987 371 520 1045 356 102 83 715 436 286 107
221 344 266 379 305 550 446 602 222 301 349 569 286 733 365 494 269 760 46 559 130 658 318 581 185 315 206 453 364 307 296 46 205 293 411 378 389 315 415 628 73 203 552 549 623 549 370 496 0 226 452 561 350 241 364 398 478 249 542 569 234 310 403 556 426 317 162 334 666 69 633 433 313 589 235 556 580 457 634 416 415
393 183 45 595 501 595 254 689 352 226 164 678 411 860 417 720 478 844 200 557 147 772 281 451 404 532 23 602 520 85 185 179 424 328 627 397 588 435 641 560 298 112 772 754 586 358 198 722 226 0 376 784 575 335 140 612 704 67 435 668 390 522 397 765 649 543 383 509 792 295 526 598 410 397 440 777 806 460 800 624 641
673 546 400 644 750 305 254 440 341 158 514 466 730 646 775 858 539 565 467 215 479 549 655 162 521 599 389 485 446 346 561 430 536 687 826 170 584 758 774 185 511 482 811 735 214 282 551 811 452 376 0 845 741 291 365 653 799 441 103 441 390 577 770 758 724 702 590 785 586 482 184 514 298 306 677 820 886 160 671 844 774
520 894 826 203 437 707 962 633 511 760 906 563 607 586 743 172 319 728 597 801 680 587 809 1007 380 259 765 423 413 859 835 607 360 731 316 683 265 621 187 955 497 756 52 179 899 1054 922 78 561 784 845 0 268 559 917 192 97 810 948 591 459 275 834 151 135 277 429 499 555 491 1016 373 548 1092 433 41 54 737 399 361 185
254 653 611 210 169 706 792 684 407 617 671 623 338 718 474 147 231 818 375 768 448 682 549 893 219 194 553 467 406 657 588 396 206 466 99 608 296 352 82 890 277 522 288 362 856 893 682 191 350 575 741 268 0 455 714 224 171 585 843 642 367 217 566 349 173 39 192 235 666 287 925 418 483 933 168 286 264 680 552 138 83
441 511 380 356 492 309 421 369 49 208 499 346 521 525 606 567 247 527 278 331 339 439 542 450 237 308 329 270 195 375 488 250 249 532 546 155 307 550 484 435 270 388 529 471 408 503 531 521 241 335 291 559 455 0 427 367 508 394 395 340 99 287 638 489 434 416 329 540 457 235 472 275 77 539 420 537 598 232 471 569 483
529 206 111 723 639 635 155 749 455 255 166 749 537 935 520 859 605 895 340 573 282 843 362 386 537 661 162 698 621 58 251 318 557 433 766 443 707 558 779 532 437 227 902 875 578 246 202 858 364 140 365 917 714 427 0 740 840 154 390 734 500 650 477 888 782 682 523 643 869 432 473 701 493 281 580 908 941 489 898 763 779
422 741 656 20 376 536 775 486 320 569 747 419 519 495 651 247 135 607 439 621 525 467 682 815 212 82 595 265 232 682 688 442 193 619 317 493 87 540 185 769 345 600 164 159 718 865 768 165 398 612 653 192 224 367 740 0 158 646 757 442 268 90 729 160 83 203 300 444 447 330 826 213 358 902 341 171 233 551 327 360 184
423 805 744 160 340 694 895 639 458 700 819 571 510 624 646 100 260 751 512 778 592 610 714 959 305 199 684 420 390 781 744 525 285 635 225 644 245 523 90 923 411 669 123 227 875 991 833 19 478 704 799 97 171 508 840 158 0 725 902 596 408 221 737 205 76 181 338 403 584 409 976 368 510 1029 336 118 102 705 442 271 88
380 118 48 627 493 661 295 753 406 293 106 739 382 920 370 732 514 908 213 624 138 833 222 507 434 564 65 657 572 118 119 203 454 281 627 464 629 403 657 624 314 73 802 793 652 395 136 744 249 67 441 810 585 394 154 646 725 0 495 730 441 557 339 802 675 557 394 492 852 319 585 649 470 432 439 806 827 527 852 620 657
763 588 449 748 845 369 249 510 444 241 552 545 813 718 847 961 642 618 553 260 554 622 715 64 623 703 451 580 546 386 614 517 638 758 927 269 687 841 878 147 606 546 914 836 214 236 589 915 542 435 103 948 843 395 390 757 902 495 0 517 493 681 832 859 828 804 687 877 662 578 92 612 401 248 773 923 990 241 760 943 877
734 848 710 448 747 155 675 43 347 480 832 33 827 206 930 689 418 191 612 274 679 110 881 581 478 448 665 177 239 690 829 587 476 863 741 295 356 854 625 448 576 729 542 424 368 722 866 598 569 668 441 591 642 340 734 442 596 730 517 0 341 425 972 454 524 608 602 809 145 541 544 229 263 747 685 553 645 280 264 778 623
397 553 436 256 427 354 513 377 51 303 547 337 487 498 589 471 149 532 279 402 356 424 552 550 156 209 379 221 133 444 518 261 163 524 462 242 213 514 388 524 235 418 431 379 489 599 575 421 234 390 390 459 367 99 500 268 408 441 493 341 0 188 636 396 335 328 269 482 432 200 569 208 117 635 358 438 498 312 411 489 387
362 654 566 73 338 494 687 467 238 484 659 406 460 515 588 290 45 603 353 567 439 470 604 738 126 24 505 251 190 591 604 354 108 547 316 424 96 484 212 705 262 514 253 239 661 779 681 233 310 522 577 275 217 287 650 90 221 557 681 425 188 0 659 245 147 184 231 405 458 244 755 204 291 816 289 259 311 488 367 353 211
314 279 386 709 405 942 629 1004 625 614 320 972 229 1133 101 697 630 1162 360 930 303 1060 117 846 541 653 382 851 762 455 226 387 555 113 551 755 753 223 648 955 410 287 847 889 974 723 296 756 403 397 770 834 566 638 477 729 737 339 832 972 636 659 0 886 719 558 430 357 1067 441 923 824 713 757 401 847 829 828 1018 520 649
575 900 809 180 515 581 909 494 447 698 905 423 670 435 804 303 288 580 598 684 684 439 842 921 371 242 749 297 312 830 848 599 352 776 424 589 183 689 282 847 505 759 98 30 784 993 926 195 556 765 758 151 349 489 888 160 205 802 859 454 396 245 886 0 176 340 458 583 406 489 919 253 460 1029 491 109 205 633 248 470 280
405 762 691 83 339 619 830 568 385 630 773 500 499 566 634 164 189 685 463 702 547 544 685 885 245 127 630 347 314 723 704 472 225 612 253 568 170 516 113 847 364 623 130 189 798 923 790 86 426 649 724 135 173 434 782 83 76 675 828 524 335 147 719 176 0 165 301 406 521 356 901 295 434 961 320 132 164 629 390 299 111
243 629 580 187 175 669 756 651 368 579 645 591 334 692 469 176 194 787 345 729 420 653 533 854 180 162 522 435 371 625 566 364 167 454 135 569 268 350 100 851 245 496 290 350 817 857 657 201 317 543 702 277 39 416 682 203 181 557 804 608 328 184 558 340 165 0 163 243 638 252 886 387 445 896 156 289 279 641 530 170 101
135 467 419 280 163 624 608 641 289 450 483 592 233 729 357 338 206 792 183 659 257 671 384 731 125 223 361 450 367 466 406 206 133 318 249 484 326 258 263 756 88 333 431 460 737 711 495 357 162 383 590 429 192 329 523 300 338 394 687 602 269 231 430 458 301 163 0 213 668 108 774 413 382 751 91 433 439 561 595 257 263
117 520 531 427 68 837 759 849 502 636 549 797 133 920 257 347 396 997 329 871 362 870 375 915 331 388 485 648 570 594 449 363 333 278 196 693 499 133 313 959 276 419 523 594 945 864 548 421 334 509 785 499 235 540 643 444 403 492 877 809 482 405 357 583 406 243 213 0 862 308 967 606 595 903 124 520 485 772 768 163 314
803 969 835 458 796 296 818 156 452 618 956 121 900 68 1014 683 466 175 711 414 786 46 984 725 542 478 786 218 305 822 943 691 535 954 763 436 370 926 632 585 659 842 503 376 503 867 988 581 666 792 586 555 666 457 869 447 584 852 662 145 432 458 1067 406 521 638 668 862 0 626 685 256 382 892 742 514 610 426 167 804 630
206 411 335 311 267 541 505 577 203 342 418 537 289 692 389 428 204 733 109 565 195 622 369 622 117 247 275 409 321 374 360 116 137 328 356 385 327 317 348 651 35 270 483 483 637 606 437 427 69 295 482 491 287 235 432 330 409 319 578 541 200 244 441 489 356 252 108 308 626 0 666 383 298 646 194 486 511 464 581 366 347
854 674 539 819 934 389 324 530 522 332 637 575 905 736 939 1039 718 618 644 271 647 642 806 91 705 777 542 631 608 474 703 608 719 850 1011 333 752 933 956 109 695 637 980 894 195 286 674 987 633 526 184 1016 925 472 473 826 976 585 92 544 569 755 923 919 901 886 774 967 685 666 0 668 468 285 861 989 1060 287 799 1029 955
549 761 643 218 541 333 692 272 247 478 756 207 647 316 765 460 210 400 479 431 560 265 750 675 289 225 587 51 79 647 724 465 280 711 517 343 126 672 396 594 414 625 327 227 531 766 784 371 433 598 514 373 418 275 701 213 368 649 612 229 208 204 824 253 295 387 413 606 256 383 668 0 224 799 486 338 424 381 203 556 394
503 588 453 351 542 243 469 291 94 256 574 269 587 450 678 580 258 450 353 285 417 363 619 461 274 314 405 208 149 443 565 326 281 606 579 134 286 616 499 414 334 465 513 438 373 542 607 520 313 410 298 548 483 77 493 358 510 470 401 263 117 291 713 460 434 445 382 595 382 298 468 224 0 575 472 522 592 198 408 606 498
787 481 385 889 889 608 144 746 584 332 440 772 809 952 801 1069 773 863 580 505 544 855 644 200 727 834 420 778 724 316 532 549 746 714 1001 466 847 832 985 385 663 502 1066 1009 461 40 470 1045 589 397 306 1092 933 539 281 902 1029 432 248 747 635 816 757 1029 961 896 751 903 892 646 285 799 575 0 823 1073 1126 466 970 1006 985
87 494 471 322 72 713 678 725 380 534 515 674 179 801 314 310 275 874 243 751 300 748 381 814 207 276 417 526 447 526 427 273 209 298 188 575 385 198 250 845 167 370 446 498 827 783 522 356 235 440 677 433 168 420 580 341 336 439 773 685 358 289 401 491 320 156 91 124 742 194 861 486 472 823 0 445 432 653 656 184 251
532 894 819 186 456 671 946 594 490 741 904 524 622 545 758 206 304 687 594 768 679 546 816 982 372 246 758 386 382 849 837 602 352 741 343 655 236 637 207 924 495 755 10 138 867 1036 922 102 556 777 820 41 286 537 908 171 118 806 923 553 438 259 847 109 132 289 433 520 514 486 989 338 522 1073 445 0 96 707 357 389 206
518 907 846 242 426 758 993 687 549 795 921 617 600 641 735 142 353 783 614 850 694 642 812 1048 405 292 786 475 461 883 845 627 385 730 294 727 312 611 181 1001 513 770 107 234 948 1088 935 83 580 806 886 54 264 598 941 233 102 827 990 645 498 311 829 205 164 279 439 485 610 511 1060 424 592 1126 432 96 0 783 454 337 180
669 642 495 545 725 149 404 280 276 238 617 306 743 486 813 778 457 411 486 103 525 389 720 305 466 512 466 344 324 456 642 451 475 731 774 78 472 772 697 218 498 550 698 607 176 442 654 715 457 460 160 737 680 232 489 551 705 527 241 280 312 488 828 633 629 641 561 772 426 464 287 381 198 466 653 707 783 0 518 799 696
729 964 845 343 700 417 876 294 448 664 958 231 827 187 952 542 390 341 680 534 763 208 950 824 477 380 790 200 280 845 927 668 464 904 641 504 271 851 503 708 609 828 347 220 631 940 987 436 634 800 671 399 552 471 898 327 442 852 760 264 411 367 1018 248 390 530 595 768 167 581 799 203 408 970 656 357 454 518 0 686 501
244 666 654 346 129 836 861 821 523 708 691 760 294 855 420 195 363 956 427 891 483 820 532 988 333 331 601 604 541 710 596 456 325 438 46 724 434 297 188 1003 344 550 394 487 976 965 694 286 416 624 844 361 138 569 763 360 271 620 943 778 489 353 520 470 299 170 257 163 804 366 1029 556 606 1006 184 389 337 799 686 0 189
338 730 679 175 251 704 847 666 433 661 746 601 422 677 557 84 239 791 444 778 521 651 631 930 258 186 620 445 398 721 667 461 241 549 143 629 267 435 1 911 344 596 209 297 870 946 758 107 415 641 774 185 83 483 779 184 88 657 877 623 387 211 649 280 111 101 263 314 630 347 955 394 498 985 251 206 180 696 501 189 0
