85
0 396 834 404 636 788 890 446 868 867 268 964 690 883 749 289 53 242 488 581 960 584 412 943 721 402 201 980 680 529 825 833 913 778 1068 486 390 257 793 765 343 258 433 432 640 254 866 670 280 790 514 488 280 446 449 200 313 785 105 512 565 857 875 935 1074 286 584 699 119 748 695 231 686 739 357 242 119 461 742 475 723 637 108 551 846
396 0 459 64 245 422 494 540 479 517 413 643 491 515 455 121 436 222 470 463 662 190 211 647 390 63 498 668 374 319 554 437 552 400 725 229 532 163 405 416 53 351 284 539 376 186 496 498 180 509 167 330 452 275 422 195 394 498 433 625 432 558 488 610 728 143 498 303 353 356 302 331 300 416 40 472 287 328 347 160 508 252 462 322 459
834 459 0 432 225 426 244 969 96 512 868 660 750 451 245 546 863 680 868 525 316 278 609 310 170 489 873 295 231 648 696 191 107 370 659 571 975 623 88 110 512 805 675 972 310 645 41 784 560 278 457 694 774 461 827 644 689 638 888 1051 499 650 89 227 654 547 850 241 810 138 181 788 164 179 490 820 715 708 170 362 400 347 873 377 71
404 64 432 0 234 457 499 595 464 556 458 689 553 546 401 115 438 265 532 400 610 185 275 595 343 127 480 620 321 383 609 437 518 428 763 292 583 202 388 376 94 398 348 593 316 228 466 562 151 453 220 395 418 212 483 211 353 552 456 680 368 609 471 565 766 124 562 309 380 345 293 375 282 367 68 446 288 392 342 100 446 281 456 258 441
636 245 225 234 0 306 270 743 233 409 644 560 557 374 323 349 672 460 646 491 490 55 384 479 229 266 710 484 253 433 541 205 328 258 601 350 750 407 160 221 299 582 451 747 306 427 265 584 381 378 236 474 634 352 604 438 557 480 679 826 458 513 242 418 601 358 636 97 598 111 58 566 61 257 281 669 522 486 107 205 442 155 691 317 215
788 422 426 457 306 0 234 708 356 104 684 254 367 95 614 544 835 555 578 793 741 312 399 734 516 391 918 721 553 348 273 244 525 55 306 326 742 530 339 487 463 630 427 719 611 535 462 410 602 664 273 409 873 637 554 595 810 219 790 775 760 224 369 653 309 566 516 215 707 301 290 630 330 542 462 895 696 437 266 481 746 177 871 620 365
890 494 244 499 270 234 0 906 151 293 848 430 599 223 480 610 930 686 784 727 553 314 562 549 390 493 979 525 444 550 502 69 323 188 416 500 929 643 180 340 546 788 610 914 518 657 269 640 649 519 406 607 904 615 753 690 827 452 918 980 698 444 163 460 411 623 737 191 835 182 218 780 247 408 534 940 781 631 166 475 631 268 954 560 173
446 540 969 595 743 708 906 0 957 738 181 766 416 788 995 529 492 342 137 941 1201 692 359 1187 929 490 647 1206 914 360 590 876 1072 731 892 408 70 404 895 948 501 218 298 19 910 376 1009 372 579 1048 515 300 718 761 154 446 728 581 353 85 915 651 969 1146 903 552 239 749 335 841 789 249 805 955 527 687 482 275 817 695 1032 646 549 842 947
868 479 96 464 233 356 151 957 0 433 873 577 702 368 340 579 902 693 848 611 401 288 600 398 259 497 926 375 319 619 629 111 173 302 567 551 971 640 75 202 533 811 660 963 397 660 118 739 604 375 442 670 836 529 810 672 753 574 913 1037 584 578 13 309 562 585 818 209 832 122 177 797 181 272 514 879 752 689 140 410 495 315 917 455 29
867 517 512 556 409 104 293 738 433 0 738 152 356 73 713 637 917 628 603 897 829 416 464 823 616 480 1007 806 654 387 219 323 606 153 207 388 780 611 428 582 554 688 477 751 714 613 546 403 697 762 359 448 969 740 587 680 909 182 860 798 865 154 446 739 211 660 525 317 779 396 391 693 431 640 555 989 782 479 362 585 848 280 955 724 447
268 413 868 458 644 684 848 181 873 738 0 800 477 774 858 373 316 193 230 772 1069 590 288 1054 802 378 470 1079 779 354 637 806 965 693 919 358 137 256 804 830 366 62 260 168 764 230 906 446 414 909 442 296 537 600 200 280 548 612 184 255 749 685 883 1023 927 393 336 671 154 751 697 84 704 826 391 507 303 265 733 556 878 579 373 689 857
964 643 660 689 560 254 430 766 577 152 800 0 353 209 865 758 1016 721 629 1045 976 562 552 971 768 599 1119 952 806 448 179 469 751 305 128 478 818 714 578 734 674 758 546 782 865 712 692 399 823 914 478 503 1093 882 625 788 1038 188 943 813 1012 115 590 886 139 784 533 469 865 548 543 768 583 792 679 1108 890 535 514 727 999 422 1059 872 593
690 491 750 553 557 367 599 416 702 356 477 353 0 421 876 571 744 459 280 953 1046 526 306 1036 785 428 874 1036 799 178 174 596 857 411 481 262 472 479 663 777 493 449 260 432 831 465 791 47 641 931 347 203 885 766 284 556 853 177 644 460 921 239 715 968 491 601 180 509 577 612 577 467 609 813 511 882 649 229 579 633 971 407 796 800 703
883 515 451 546 374 95 223 788 368 73 774 209 421 0 663 637 931 650 655 865 767 390 492 762 566 486 1012 742 609 431 292 260 541 119 227 417 826 625 370 528 557 721 515 800 674 630 483 467 693 710 369 492 964 717 635 690 899 252 885 852 833 227 381 676 227 658 584 278 802 344 347 723 387 590 555 988 791 522 312 563 803 265 966 692 383
749 455 245 401 323 614 480 995 340 713 858 865 876 663 0 489 764 664 922 301 213 349 656 197 97 509 733 231 81 735 864 417 238 560 883 645 984 601 300 140 495 798 729 994 112 628 241 899 472 55 536 765 613 310 875 591 527 803 826 1080 282 832 334 193 880 477 933 400 761 319 324 774 284 73 469 669 631 770 351 301 155 479 758 203 313
289 121 546 115 349 544 610 529 579 637 373 758 571 637 489 0 323 186 490 417 702 298 267 686 445 160 376 716 413 393 656 550 629 522 844 312 506 125 504 484 84 317 330 524 391 153 579 570 69 538 280 386 335 233 440 102 286 603 345 613 390 667 586 665 848 30 542 418 273 460 407 290 397 466 81 352 172 374 456 194 505 374 344 315 557
53 436 863 438 672 835 930 492 902 917 316 1016 744 931 764 323 0 295 539 577 973 621 464 956 742 447 155 995 698 582 878 872 938 824 1119 538 433 306 826 790 385 310 487 476 653 304 893 724 303 803 562 542 251 456 501 243 298 838 141 554 564 910 909 953 1125 316 637 738 172 783 730 284 720 759 396 205 150 515 779 501 727 681 57 563 879
242 222 680 265 460 555 686 342 693 628 193 721 459 650 664 186 295 0 315 600 875 405 169 860 608 196 415 885 585 289 584 637 774 552 827 243 321 63 621 638 172 133 198 337 572 36 717 445 239 716 287 256 434 419 266 112 417 543 236 426 574 615 702 829 833 210 384 500 152 570 515 110 519 632 197 425 191 233 556 363 691 420 341 501 675
488 470 868 532 646 578 784 137 848 603 230 629 280 655 922 490 539 315 0 908 1121 598 266 1108 847 413 688 1122 840 234 453 759 974 605 755 297 192 367 790 860 442 230 195 152 847 341 909 238 551 977 411 178 736 721 49 427 729 444 414 197 880 514 860 1059 765 517 111 639 368 735 687 259 706 874 468 716 490 159 709 631 977 532 596 789 840
581 463 525 400 491 793 727 941 611 897 772 1045 953 865 301 417 577 600 908 0 458 482 669 442 354 527 497 494 293 783 995 658 538 748 1092 692 909 542 552 415 473 724 739 934 214 569 531 962 361 307 612 790 364 189 858 494 286 935 679 1023 32 983 609 480 1092 391 954 587 638 546 524 693 486 348 450 424 483 783 569 325 181 623 552 173 582
960 662 316 610 490 741 553 1201 401 829 1069 976 1046 767 213 702 973 875 1121 458 0 529 854 16 273 711 931 45 290 921 1008 507 231 685 968 834 1193 812 401 269 704 1009 926 1201 320 839 284 1075 684 170 721 957 806 516 1075 804 720 949 1039 1286 450 965 390 93 963 690 1123 542 974 442 470 985 436 246 678 864 843 965 477 512 277 639 964 409 383
584 190 278 185 55 312 314 692 288 416 590 562 526 390 349 298 621 405 598 482 529 0 334 517 260 211 664 526 273 391 527 251 379 270 615 305 696 352 216 263 244 527 402 695 314 372 318 550 335 405 191 429 594 327 554 385 521 465 624 775 449 505 297 462 616 309 593 126 543 166 111 511 114 288 227 627 471 439 157 174 454 142 642 309 270
412 211 609 275 384 399 562 359 600 464 288 552 306 492 656 267 464 169 266 669 854 334 0 841 580 149 579 855 574 129 416 524 713 406 659 76 371 174 536 594 196 231 74 363 585 164 650 303 336 711 158 121 579 479 221 252 546 373 396 441 639 445 612 793 666 297 286 393 315 482 430 230 446 607 218 580 349 117 459 370 719 294 510 533 588
943 647 310 595 479 734 549 1187 398 823 1054 971 1036 762 197 686 956 860 1108 442 16 517 841 0 260 697 914 56 275 909 1000 502 230 678 965 822 1178 797 394 258 689 994 913 1186 303 824 280 1064 668 153 709 945 789 500 1062 788 704 941 1023 1272 434 958 386 92 960 674 1110 533 958 434 460 970 426 233 663 847 827 953 469 497 261 629 947 393 378
721 390 170 343 229 516 390 929 259 616 802 768 785 566 97 445 742 608 847 354 273 260 580 260 0 438 731 278 61 651 768 324 203 463 788 562 923 546 209 61 436 741 653 929 140 572 179 810 441 149 450 685 622 308 802 547 536 707 789 1013 329 735 256 221 785 438 851 302 719 222 226 718 187 28 410 673 601 692 254 250 241 384 744 213 230
402 63 489 127 266 391 493 490 497 480 378 599 428 486 509 160 447 196 413 527 711 211 149 697 438 0 527 715 427 256 499 441 587 377 687 166 489 150 426 458 75 316 223 491 435 165 527 435 226 564 121 268 495 338 366 204 444 445 425 575 496 507 507 655 691 187 435 305 342 374 320 300 325 464 85 509 304 266 359 220 569 234 480 385 480
201 498 873 480 710 918 979 647 926 1007 470 1119 874 1012 733 376 155 415 688 497 931 664 579 914 731 527 0 959 679 704 996 915 934 898 1213 646 588 407 851 785 454 458 614 632 620 414 898 858 329 763 648 671 134 425 647 331 212 950 296 709 492 1019 931 926 1218 357 781 789 319 815 766 429 748 743 457 73 230 647 818 515 666 750 99 529 901
980 668 295 620 484 721 525 1206 375 806 1079 952 1036 742 231 716 995 885 1122 494 45 526 855 56 278 715 959 0 303 917 991 483 201 665 939 832 1201 823 382 263 713 1018 927 1207 342 849 260 1066 702 196 718 955 836 540 1077 819 750 933 1056 1291 484 945 362 68 933 706 1119 528 989 426 458 995 427 252 688 893 862 965 461 524 314 629 989 433 359
680 374 231 321 253 553 444 914 319 654 779 806 799 609 81 413 698 585 840 293 290 273 574 275 61 427 679 303 0 655 795 376 260 501 834 565 904 522 264 122 415 719 648 913 78 549 241 821 400 136 456 684 567 254 793 515 480 733 754 999 267 766 316 255 832 402 852 337 686 269 263 695 223 64 389 619 561 689 299 222 193 408 697 154 289
529 319 648 383 433 348 550 360 619 387 354 448 178 431 735 393 582 289 234 783 921 391 129 909 651 256 704 917 655 0 297 527 755 371 565 92 395 303 566 654 317 310 98 371 677 290 689 179 463 791 200 61 708 595 206 381 675 261 497 431 752 335 632 851 573 423 202 411 422 512 466 320 491 679 336 708 476 91 483 470 816 304 631 637 613
825 554 696 609 541 273 502 590 629 219 637 179 174 292 864 656 878 584 453 995 1008 527 416 1000 768 499 996 991 795 297 0 518 798 328 307 350 644 589 609 747 572 601 394 606 841 581 734 220 725 917 389 344 987 817 453 666 942 61 792 634 962 72 643 923 318 685 355 468 719 565 544 615 581 795 584 993 765 375 530 669 981 387 926 829 638
833 437 191 437 205 244 69 876 111 323 806 469 596 260 417 550 872 637 759 658 507 251 524 502 324 441 915 483 376 527 518 0 283 191 469 468 895 591 116 277 490 745 577 883 450 607 223 635 586 459 365 581 838 546 725 633 760 464 866 952 628 466 125 416 465 561 721 136 783 112 150 735 178 344 476 874 722 602 98 407 566 230 893 490 123
913 552 107 518 328 525 323 1072 173 606 965 751 857 541 238 629 938 774 974 538 231 379 713 230 203 587 934 201 260 755 798 283 0 470 738 677 1076 716 193 149 603 902 780 1075 333 739 66 891 634 250 562 800 826 511 932 729 739 741 974 1154 517 749 161 138 732 626 957 348 899 245 288 884 267 196 581 876 793 814 277 438 386 455 943 415 160
778 400 370 428 258 55 188 731 302 153 693 305 411 119 560 522 824 552 605 748 685 270 406 678 463 377 898 665 501 371 328 191 470 0 345 336 761 521 283 432 444 637 442 741 562 529 406 452 576 610 265 431 847 598 577 581 780 272 788 802 716 280 315 597 345 543 551 164 705 246 238 634 278 488 441 872 681 457 211 443 694 148 857 575 310
1068 725 659 763 601 306 416 892 567 207 919 128 481 227 883 844 1119 827 755 1092 968 615 659 965 788 687 1213 939 834 565 307 469 738 345 0 583 943 814 585 746 761 874 661 908 900 814 685 527 905 928 566 623 1177 942 749 884 1116 312 1054 941 1060 241 579 876 12 868 661 505 975 565 573 882 613 810 763 1196 987 654 535 787 1027 484 1159 919 588
486 229 571 292 350 326 500 408 551 388 358 478 262 417 645 312 538 243 297 692 834 305 76 822 562 166 646 832 565 92 350 468 677 336 583 0 429 239 493 569 231 303 109 415 585 234 612 270 381 701 114 123 638 504 259 316 597 303 472 485 661 373 564 767 590 341 288 342 391 438 389 305 410 590 248 643 416 137 412 378 723 238 581 545 543
390 532 975 583 750 742 929 70 971 780 137 818 472 826 984 506 433 321 192 909 1193 696 371 1178 923 489 588 1201 904 395 644 895 1076 761 943 429 0 384 906 947 489 188 320 50 893 357 1015 431 550 1036 530 333 667 735 194 415 683 631 292 122 886 702 982 1142 952 527 300 764 286 851 799 217 811 948 515 632 439 305 830 683 1011 664 489 821 958
257 163 623 202 407 530 643 404 640 611 256 714 479 625 601 125 306 63 367 542 812 352 174 797 546 150 407 823 522 303 589 591 716 521 814 239 384 0 568 577 112 197 223 400 509 27 660 471 184 652 256 282 406 358 317 77 378 543 275 489 515 612 650 767 819 151 426 454 192 518 463 172 464 570 136 405 176 264 506 300 628 382 345 438 622
793 405 88 388 160 339 180 895 75 428 804 578 663 370 300 504 826 621 790 552 401 216 536 394 209 426 851 382 264 566 609 116 193 283 585 493 906 568 0 161 459 741 599 900 340 588 127 697 528 343 380 614 762 457 751 597 680 550 839 976 523 564 82 314 581 509 767 155 759 54 107 727 106 228 440 804 676 630 84 335 450 263 841 389 54
765 416 110 376 221 487 340 948 202 582 830 734 777 528 140 484 790 638 860 415 269 263 594 258 61 458 785 263 122 654 747 277 149 432 746 569 947 577 161 0 465 768 665 950 201 602 118 805 486 182 454 692 679 364 816 585 593 687 829 1032 390 709 197 198 742 480 856 278 756 186 203 748 168 70 441 729 645 702 220 291 293 371 794 273 174
343 53 512 94 299 463 546 501 533 554 366 674 493 557 495 84 385 172 442 473 704 244 196 689 436 75 454 713 415 317 572 490 603 444 761 231 489 112 459 465 0 305 266 499 409 136 548 496 152 548 195 318 419 284 393 143 370 519 380 586 443 582 541 656 765 112 480 355 299 410 356 283 354 460 26 435 237 310 401 194 536 298 413 346 513
258 351 805 398 582 630 788 218 811 688 62 758 449 721 798 317 310 133 230 724 1009 527 231 994 741 316 458 1018 719 310 601 745 902 637 874 303 188 197 741 768 305 0 213 210 706 170 843 422 363 849 382 256 510 547 190 229 513 571 195 299 699 645 821 961 882 338 326 610 139 689 634 32 642 765 330 487 268 225 671 497 822 519 366 633 795
433 284 675 348 451 427 610 298 660 477 260 546 260 515 729 330 487 198 195 739 926 402 74 913 653 223 614 927 648 98 394 577 780 442 661 109 320 223 599 665 266 213 0 305 659 206 716 248 398 785 218 58 628 550 152 299 602 360 398 377 709 433 672 863 669 360 214 451 324 544 494 222 512 680 289 622 388 44 520 444 793 347 537 607 650
432 539 972 593 747 719 914 19 963 751 168 782 432 800 994 524 476 337 152 934 1201 695 363 1186 929 491 632 1207 913 371 606 883 1075 741 908 415 50 400 900 950 499 210 305 0 907 372 1012 390 572 1047 521 310 705 756 165 439 717 596 337 89 909 666 975 1147 918 547 257 755 322 845 794 241 808 955 525 673 471 284 822 693 1028 652 533 838 952
640 376 310 316 306 611 518 910 397 714 764 865 831 674 112 391 653 572 847 214 320 314 585 303 140 435 620 342 78 677 841 450 333 562 900 585 893 509 340 201 409 706 659 907 0 536 319 849 366 150 484 700 502 197 798 490 415 780 720 995 188 818 394 306 898 375 869 397 658 340 326 679 287 137 382 556 523 701 367 215 140 455 646 91 368
254 186 645 228 427 535 657 376 660 613 230 712 465 630 628 153 304 36 341 569 839 372 164 824 572 165 414 849 549 290 581 607 739 529 814 234 357 27 588 602 136 170 206 372 536 0 682 454 209 679 264 265 421 386 292 93 398 537 261 461 542 608 669 793 820 178 404 470 177 537 482 146 484 596 161 417 185 245 524 326 656 393 347 466 642
866 496 41 466 265 462 269 1009 118 546 906 692 791 483 241 579 893 717 909 531 284 318 650 280 179 527 898 260 241 689 734 223 66 406 685 612 1015 660 127 118 548 843 716 1012 319 682 0 824 590 266 498 735 796 481 868 678 710 676 923 1091 507 686 107 193 680 579 891 282 846 178 222 826 204 182 526 844 746 749 211 392 395 388 901 392 99
670 498 784 562 584 410 640 372 739 403 446 399 47 467 899 570 724 445 238 962 1075 550 303 1064 810 435 858 1066 821 179 220 635 891 452 527 270 431 471 697 805 496 422 248 390 849 454 824 0 639 955 365 189 876 774 248 547 848 225 617 414 931 287 752 999 538 600 134 542 554 645 608 443 638 838 515 870 636 211 613 646 989 437 776 814 739
280 180 560 151 381 602 649 579 604 697 414 823 641 693 472 69 303 239 551 361 684 335 336 668 441 226 329 702 400 463 725 586 634 576 905 381 550 184 528 486 152 363 398 572 366 209 590 639 0 516 344 454 272 186 501 134 217 671 354 662 336 734 610 656 908 40 607 460 294 489 439 333 423 459 143 295 160 441 489 198 466 428 313 282 579
790 509 278 453 378 664 519 1048 375 762 909 914 931 710 55 538 803 716 977 307 170 405 711 153 149 564 763 196 136 791 917 459 250 610 928 701 1036 652 343 182 548 849 785 1047 150 679 266 955 516 0 592 821 640 346 930 639 554 857 871 1134 293 884 367 172 924 524 989 451 808 366 375 824 336 122 521 697 674 826 400 353 138 533 794 239 349
514 167 457 220 236 273 406 515 442 359 442 478 347 369 536 280 562 287 411 612 721 191 158 709 450 121 648 718 456 200 389 365 562 265 566 114 530 256 380 454 195 382 218 521 484 264 498 365 344 592 0 238 615 430 370 321 561 332 523 596 579 391 454 653 570 306 401 234 439 325 276 375 296 479 201 631 423 251 301 287 624 137 597 453 431
488 330 694 395 474 409 607 300 670 448 296 503 203 492 765 386 542 256 178 790 957 429 121 945 685 268 671 955 684 61 344 581 800 431 623 123 333 282 614 692 318 256 58 310 700 265 735 189 454 821 238 0 686 601 146 358 660 315 448 372 760 389 683 891 631 416 168 461 377 559 512 270 534 712 340 681 447 31 532 488 836 355 593 653 663
280 452 774 418 634 873 904 718 836 969 537 1093 885 964 613 335 251 434 736 364 806 594 579 789 622 495 134 836 567 708 987 838 826 847 1177 638 667 406 762 679 419 510 628 705 502 421 796 876 272 640 615 686 0 314 691 328 87 936 385 789 361 1002 839 807 1181 309 817 721 382 732 687 479 664 631 414 60 246 666 739 430 537 699 208 413 809
446 275 461 212 352 637 615 761 529 740 600 882 766 717 310 233 456 419 721 189 516 327 479 500 308 338 425 540 254 595 817 546 511 598 942 504 735 358 457 364 284 547 550 756 197 386 481 774 186 346 430 601 314 0 671 320 228 759 533 845 159 811 530 502 943 208 764 448 478 435 398 518 368 318 261 365 333 594 449 155 281 460 448 107 500
449 422 827 483 604 554 753 154 810 587 200 625 284 635 875 440 501 266 49 858 1075 554 221 1062 802 366 647 1077 793 206 453 725 932 577 749 259 194 317 751 816 393 190 152 165 798 292 868 248 501 930 370 146 691 671 0 379 682 437 380 227 830 509 823 1014 759 468 136 601 329 696 646 218 665 829 419 672 444 122 671 582 929 496 557 740 801
200 195 644 211 438 595 690 446 672 680 280 788 556 690 591 102 243 112 427 494 804 385 252 788 547 204 331 819 515 381 666 633 729 581 884 316 415 77 597 585 143 229 299 439 490 93 678 547 134 639 321 358 328 320 379 0 305 619 244 528 470 688 680 767 890 115 496 498 171 550 496 198 491 569 157 327 102 338 543 296 599 438 276 411 651
313 394 689 353 557 810 827 728 753 909 548 1038 853 899 527 286 298 417 729 286 720 521 546 704 536 444 212 750 480 675 942 760 739 780 1116 597 683 378 680 593 370 513 602 717 415 398 710 848 217 554 561 660 87 228 682 305 0 889 418 803 280 951 756 720 1119 257 801 647 397 652 610 481 584 544 360 143 245 642 661 352 454 633 267 326 726
785 498 638 552 480 219 452 581 574 182 612 188 177 252 803 603 838 543 444 935 949 465 373 941 707 445 950 933 733 261 61 464 741 272 312 303 631 543 550 687 519 571 360 596 780 537 676 225 671 857 332 315 936 759 437 619 889 0 758 633 902 74 588 864 321 631 354 408 682 506 483 582 521 734 529 944 720 347 471 610 920 325 884 768 581
105 433 888 456 679 790 918 353 913 860 184 943 644 885 826 345 141 236 414 679 1039 624 396 1023 789 425 296 1056 754 497 792 866 974 788 1054 472 292 275 839 829 380 195 398 337 720 261 923 617 354 871 523 448 385 533 380 244 418 758 0 413 662 832 921 1008 1062 351 517 729 83 790 736 177 733 810 398 344 199 418 780 539 813 655 196 635 893
512 625 1051 680 826 775 980 85 1037 798 255 813 460 852 1080 613 554 426 197 1023 1286 775 441 1272 1013 575 709 1291 999 431 634 952 1154 802 941 485 122 489 976 1032 586 299 377 89 995 461 1091 414 662 1134 596 372 789 845 227 528 803 633 413 0 998 699 1049 1230 952 636 279 828 407 921 871 330 887 1039 612 754 559 350 897 781 1117 723 610 927 1027
565 432 499 368 458 760 698 915 584 865 749 1012 921 833 282 390 564 574 880 32 450 449 639 434 329 496 492 484 267 752 962 628 517 716 1060 661 886 515 523 390 443 699 709 909 188 542 507 931 336 293 579 760 361 159 830 470 280 902 662 998 0 950 582 466 1060 364 924 555 617 516 492 669 455 325 420 421 464 754 538 292 176 590 542 141 555
857 558 650 609 513 224 444 651 578 154 685 115 239 227 832 667 910 615 514 983 965 505 445 958 735 507 1019 945 766 335 72 466 749 280 241 373 702 612 564 709 582 645 433 666 818 608 686 287 734 884 391 389 1002 811 509 688 951 74 832 699 950 0 592 878 252 695 420 432 756 524 508 656 548 761 591 1012 789 421 489 659 956 363 955 813 589
875 488 89 471 242 369 163 969 13 446 883 590 715 381 334 586 909 702 860 609 390 297 612 386 256 507 931 362 316 632 643 125 161 315 579 564 982 650 82 197 541 821 672 975 394 669 107 752 610 367 454 683 839 530 823 680 756 588 921 1049 582 592 0 297 573 592 831 221 841 132 187 807 189 268 523 883 759 701 152 415 489 328 923 455 30
935 610 227 565 418 653 460 1146 309 739 1023 886 968 676 193 665 953 829 1059 480 93 462 793 92 221 655 926 68 255 851 923 416 138 597 876 767 1142 767 314 198 656 961 863 1147 306 793 193 999 656 172 653 891 807 502 1014 767 720 864 1008 1230 466 878 297 0 870 656 1054 460 938 358 391 939 361 198 631 862 816 901 393 471 306 561 950 396 292
1074 728 654 766 601 309 411 903 562 211 927 139 491 227 880 848 1125 833 765 1092 963 616 666 960 785 691 1218 933 832 573 318 465 732 345 12 590 952 819 581 742 765 882 669 918 898 820 680 538 908 924 570 631 1181 943 759 890 1119 321 1062 952 1060 252 573 870 0 872 672 504 982 563 572 890 611 807 767 1200 992 663 533 789 1025 486 1165 918 583
286 143 547 124 358 566 623 552 585 660 393 784 601 658 477 30 316 210 517 391 690 309 297 674 438 187 357 706 402 423 685 561 626 543 868 341 527 151 509 480 112 338 360 547 375 178 579 600 40 524 306 416 309 208 468 115 257 631 351 636 364 695 592 656 872 0 571 432 284 468 416 310 404 458 105 329 167 403 466 189 484 394 332 296 562
584 498 850 562 636 516 737 239 818 525 336 533 180 584 933 542 637 384 111 954 1123 593 286 1110 851 435 781 1119 852 202 355 721 957 551 661 288 300 426 767 856 480 326 214 257 869 404 891 134 607 989 401 168 817 764 136 496 801 354 517 279 924 420 831 1054 672 571 0 612 464 713 669 352 694 879 504 802 571 170 684 656 1005 504 692 820 814
699 303 241 309 97 215 191 749 209 317 671 469 509 278 400 418 738 500 639 587 542 126 393 533 302 305 789 528 337 411 468 136 348 164 505 342 764 454 155 278 355 610 451 755 397 470 282 542 460 451 234 461 721 448 601 498 647 408 729 828 555 432 221 460 504 432 612 0 647 103 76 599 115 328 342 753 589 480 71 297 530 107 763 414 201
119 353 810 380 598 707 835 335 832 779 154 865 577 802 761 273 172 152 368 638 974 543 315 958 719 342 319 989 686 422 719 783 899 705 975 391 286 192 759 756 299 139 324 322 658 177 846 554 294 808 439 377 382 478 329 171 397 682 83 407 617 756 841 938 982 284 464 647 0 709 655 112 654 740 320 353 156 348 698 468 760 571 227 576 813
748 356 138 345 111 301 182 841 122 396 751 548 612 344 319 460 783 570 735 546 442 166 482 434 222 374 815 426 269 512 565 112 245 246 565 438 851 518 54 186 410 689 544 845 340 537 178 645 489 366 325 559 732 435 696 550 652 506 790 921 516 524 132 358 563 468 713 103 709 0 54 675 67 246 393 771 633 576 35 301 462 209 800 378 106
695 302 181 293 58 290 218 789 177 391 697 543 577 347 324 407 730 515 687 524 470 111 430 460 226 320 766 458 263 466 544 150 288 238 573 389 799 463 107 203 356 634 494 794 326 482 222 608 439 375 276 512 687 398 646 496 610 483 736 871 492 508 187 391 572 416 669 76 655 54 0 620 40 252 339 725 580 527 51 257 457 170 749 352 160
231 331 788 375 566 630 780 249 797 693 84 768 467 723 774 290 284 110 259 693 985 511 230 970 718 300 429 995 695 320 615 735 884 634 882 305 217 172 727 748 283 32 222 241 679 146 826 443 333 824 375 270 479 518 218 198 481 582 177 330 669 656 807 939 890 310 352 599 112 675 620 0 625 742 307 456 236 240 658 472 794 512 339 605 781
686 300 164 282 61 330 247 805 181 431 704 583 609 387 284 397 720 519 706 486 436 114 446 426 187 325 748 427 223 491 581 178 267 278 613 410 811 464 106 168 354 642 512 808 287 484 204 638 423 336 296 534 664 368 665 491 584 521 733 887 455 548 189 361 611 404 694 115 654 67 40 625 0 213 334 704 570 547 83 234 416 202 736 315 159
739 416 179 367 257 542 408 955 272 640 826 792 813 590 73 466 759 632 874 348 246 288 607 233 28 464 743 252 64 679 795 344 196 488 810 590 948 570 228 70 460 765 680 955 137 596 182 838 459 122 479 712 631 318 829 569 544 734 810 1039 325 761 268 198 807 458 879 328 740 246 252 742 213 0 435 683 619 720 278 272 223 412 759 218 244
357 40 490 68 281 462 534 527 514 555 391 679 511 555 469 81 396 197 468 450 678 227 218 663 410 85 457 688 389 336 584 476 581 441 763 248 515 136 440 441 26 330 289 525 382 161 526 515 143 521 201 340 414 261 419 157 360 529 398 612 420 591 523 631 767 105 504 342 320 393 339 307 334 435 0 433 246 333 385 168 510 293 421 321 494
242 472 820 446 669 895 940 687 879 989 507 1108 882 988 669 352 205 425 716 424 864 627 580 847 673 509 73 893 619 708 993 874 876 872 1196 643 632 405 804 729 435 487 622 673 556 417 844 870 295 697 631 681 60 365 672 327 143 944 344 754 421 1012 883 862 1200 329 802 753 353 771 725 456 704 683 433 0 234 658 776 469 596 724 157 467 852
119 287 715 288 522 696 781 482 752 782 303 890 649 791 631 172 150 191 490 483 843 471 349 827 601 304 230 862 561 476 765 722 793 681 987 416 439 176 676 645 237 268 388 471 523 185 746 636 160 674 423 447 246 333 444 102 245 720 199 559 464 789 759 816 992 167 571 589 156 633 580 236 570 619 246 234 0 424 629 355 614 536 175 436 729
461 328 708 392 486 437 631 275 689 479 265 535 229 522 770 374 515 233 159 783 965 439 117 953 692 266 647 965 689 91 375 602 814 457 654 137 305 264 630 702 310 225 44 284 701 245 749 211 441 826 251 31 666 594 122 338 642 347 418 350 754 421 701 901 663 403 170 480 348 576 527 240 547 720 333 658 424 0 550 487 836 374 566 650 680
742 347 170 342 107 266 166 817 140 362 733 514 579 312 351 456 779 556 709 569 477 157 459 469 254 359 818 461 299 483 530 98 277 211 535 412 830 506 84 220 401 671 520 822 367 524 211 613 489 400 301 532 739 449 671 543 661 471 780 897 538 489 152 393 533 466 684 71 698 35 51 658 83 278 385 776 629 550 0 309 492 179 799 399 130
475 160 362 100 205 481 475 695 410 585 556 727 633 563 301 194 501 363 631 325 512 174 370 497 250 220 515 524 222 470 669 407 438 443 787 378 683 300 335 291 194 497 444 693 215 326 392 646 198 353 287 488 430 155 582 296 352 610 539 781 292 659 415 471 789 189 656 297 468 301 257 472 234 272 168 469 355 487 309 0 348 305 510 167 385
723 508 400 446 442 746 631 1032 495 848 878 999 971 803 155 505 727 691 977 181 277 454 719 261 241 569 666 314 193 816 981 566 386 694 1027 723 1011 628 450 293 536 822 793 1028 140 656 395 989 466 138 624 836 537 281 929 599 454 920 813 1117 176 956 489 306 1025 484 1005 530 760 462 457 794 416 223 510 596 614 836 492 348 0 594 710 190 467
637 252 347 281 155 177 268 646 315 280 579 422 407 265 479 374 681 420 532 623 639 142 294 629 384 234 750 629 408 304 387 230 455 148 484 238 664 382 263 371 298 519 347 652 455 393 388 437 428 533 137 355 699 460 496 438 633 325 655 723 590 363 328 561 486 394 504 107 571 209 170 512 202 412 293 724 536 374 179 305 594 0 711 451 309
108 462 873 456 691 871 954 549 917 955 373 1059 796 966 758 344 57 341 596 552 964 642 510 947 744 480 99 989 697 631 926 893 943 857 1159 581 489 345 841 794 413 366 537 533 646 347 901 776 313 794 597 593 208 448 557 276 267 884 196 610 542 955 923 950 1165 332 692 763 227 800 749 339 736 759 421 157 175 566 799 510 710 711 0 555 893
551 322 377 258 317 620 560 842 455 724 689 872 800 692 203 315 563 501 789 173 409 309 533 393 213 385 529 433 154 637 829 490 415 575 919 545 821 438 389 273 346 633 607 838 91 466 392 814 282 239 453 653 413 107 740 411 326 768 635 927 141 813 455 396 918 296 820 414 576 378 352 605 315 218 321 467 436 650 399 167 190 451 555 0 426
846 459 71 441 215 365 173 947 29 447 857 593 703 383 313 557 879 675 840 582 383 270 588 378 230 480 901 359 289 613 638 123 160 310 588 543 958 622 54 174 513 795 650 952 368 642 99 739 579 349 431 663 809 500 801 651 726 581 893 1027 555 589 30 292 583 562 814 201 813 106 160 781 159 244 494 852 729 680 130 385 467 309 893 426 0
