71
0 67 453 373 247 230 420 475 100 395 224 164 394 506 221 613 214 504 375 223 496 326 333 379 294 130 381 154 308 217 258 218 587 205 539 46 162 552 128 396 227 492 244 561 156 500 310 452 119 279 458 463 399 538 407 592 533 138 489 265 310 389 499 381 448 103 135 541 330 164 465
67 0 459 308 257 233 444 434 155 458 252 199 399 542 283 547 189 493 351 287 462 318 358 385 229 141 402 219 248 254 286 154 603 271 511 47 183 585 114 401 276 540 195 618 223 539 337 519 180 241 468 412 333 597 470 652 494 141 531 331 352 328 511 448 392 155 87 474 329 228 435
453 459 0 520 700 683 863 329 388 475 247 609 59 928 406 840 293 952 809 572 287 157 159 74 484 583 118 522 649 655 703 448 1036 450 258 488 293 977 344 58 639 880 634 475 488 265 754 667 402 306 911 404 663 497 703 543 342 589 895 579 258 474 950 591 447 535 541 747 132 533 242
373 308 520 0 497 463 687 279 434 733 449 486 473 806 562 319 271 627 470 595 336 370 513 464 78 412 535 527 232 537 553 155 812 564 407 351 391 842 305 471 574 827 288 858 528 716 596 823 465 220 672 202 166 850 778 906 331 401 809 638 563 64 716 749 148 460 297 227 405 536 343
247 257 700 497 0 35 193 685 323 532 464 107 641 308 393 618 446 273 191 260 717 570 573 626 430 118 622 241 308 101 72 375 345 351 769 217 408 345 367 643 163 344 224 726 278 717 100 487 323 496 212 650 432 690 389 737 745 116 317 307 531 540 253 445 618 178 209 576 576 237 692
230 233 683 463 35 0 225 656 314 542 452 113 624 343 395 584 422 277 175 275 689 549 562 609 396 100 610 248 273 122 104 343 371 355 743 196 393 379 346 626 185 379 188 733 282 713 135 508 318 469 234 619 397 699 415 747 716 94 352 323 525 506 278 463 585 175 178 541 557 245 666
420 444 863 687 193 225 0 876 475 601 618 256 806 130 505 771 630 254 289 332 906 746 723 792 622 303 773 354 483 208 161 568 176 456 955 400 572 156 547 809 235 213 405 798 392 837 110 486 465 685 104 843 606 754 369 793 937 305 165 360 662 732 114 475 811 328 402 743 748 344 879
475 434 329 279 685 656 876 0 479 711 405 633 307 977 574 568 266 873 715 681 59 240 406 306 294 574 400 614 492 688 721 317 1026 598 131 481 387 1020 351 304 703 968 522 773 596 583 771 861 508 196 887 89 446 783 854 835 60 570 964 711 494 216 931 781 147 578 478 478 273 625 89
100 155 388 434 323 314 475 479 0 305 143 224 332 542 131 700 213 592 470 204 488 286 250 318 358 216 300 142 403 267 317 280 650 130 519 147 103 591 137 335 253 507 344 463 118 402 366 395 31 290 529 485 485 442 375 497 533 228 515 231 213 438 566 318 482 149 234 623 279 153 450
395 458 475 733 532 542 601 711 305 0 307 429 447 601 174 1005 479 800 717 277 698 474 324 439 659 468 357 294 703 437 486 583 770 194 702 438 346 649 427 451 382 511 634 198 263 292 518 206 278 553 690 744 791 157 286 205 752 485 548 240 223 727 713 150 756 375 528 928 445 296 652
224 252 247 449 464 452 618 405 143 307 0 367 194 681 176 750 180 728 598 327 398 175 109 180 383 352 157 275 488 410 460 317 793 212 413 266 70 730 160 197 392 635 447 408 242 289 510 461 155 249 672 437 543 403 474 458 450 362 649 339 114 432 710 381 451 292 340 664 155 286 354
164 199 609 486 107 113 256 633 224 429 367 0 551 344 286 660 377 381 288 165 658 490 474 537 410 74 524 135 339 54 95 343 427 244 703 151 316 388 293 554 93 343 254 621 171 611 146 405 220 438 305 611 457 586 322 634 692 89 332 214 426 517 342 354 587 75 189 605 491 132 628
394 399 59 473 641 624 806 307 332 447 194 551 0 874 360 792 235 892 750 521 274 103 123 14 432 524 97 469 592 598 646 392 979 402 260 428 234 923 285 4 585 830 575 472 436 275 696 631 348 254 852 374 610 488 660 537 331 530 843 531 224 431 892 554 412 478 481 700 74 480 227
506 542 928 806 308 343 130 977 542 601 681 344 874 0 542 901 721 365 419 364 1002 825 778 860 737 405 828 406 610 289 257 678 195 492 1046 495 644 49 635 877 289 116 529 793 441 865 210 448 526 782 213 951 733 745 332 776 1036 411 62 375 704 847 196 460 923 406 514 872 822 395 971
221 283 406 562 393 395 505 574 131 174 176 286 360 542 0 830 321 667 565 178 572 351 247 348 487 309 294 155 530 310 363 410 682 49 590 266 189 591 259 364 270 479 463 344 116 331 405 287 103 398 579 594 616 317 299 371 622 325 501 174 163 561 610 207 598 220 356 754 331 162 529
613 547 840 319 618 584 771 568 700 1005 750 660 792 901 830 0 581 603 486 809 628 689 826 783 369 588 851 750 320 697 689 433 835 818 699 574 685 923 593 791 752 960 406 1152 765 1028 714 1053 727 538 712 479 214 1138 981 1194 605 572 926 858 864 367 751 988 421 668 489 92 723 756 646
214 189 293 271 446 422 630 266 213 479 180 377 235 721 321 581 0 675 525 414 282 138 245 222 211 329 273 347 357 431 470 159 792 339 325 230 133 766 86 235 440 704 342 588 330 447 521 604 244 77 657 273 384 583 589 639 322 330 703 445 293 251 700 526 277 316 259 492 160 358 250
504 493 952 627 273 277 254 873 592 800 728 381 892 365 667 603 675 0 158 523 916 810 838 878 583 376 885 514 395 363 313 558 237 624 978 465 666 366 608 894 419 465 351 996 551 990 288 722 595 705 153 817 495 958 609 1002 932 366 414 564 803 685 172 696 771 451 416 602 823 509 901
375 351 809 470 191 175 289 715 470 717 598 288 750 419 565 486 525 158 0 450 759 662 706 735 424 257 752 422 239 293 258 401 357 528 821 331 532 438 464 751 355 493 193 907 456 873 260 678 480 551 227 658 347 873 578 923 774 243 451 498 684 527 267 637 613 346 268 469 678 421 745
223 287 572 595 260 275 332 681 204 277 327 165 521 364 178 809 414 523 450 0 692 489 417 507 517 224 467 69 490 161 209 441 508 128 724 246 306 413 331 524 104 308 408 474 87 506 242 244 179 488 415 680 599 434 183 479 736 242 325 50 340 613 442 189 670 141 321 747 478 59 654
496 462 287 336 717 689 906 59 488 698 398 658 274 1002 572 628 282 916 759 692 0 224 383 276 344 603 370 627 541 712 748 358 1061 601 71 507 390 1046 368 270 722 986 565 746 606 548 799 859 515 221 922 149 501 759 860 810 56 601 986 718 477 273 966 779 207 599 513 537 253 638 47
326 318 157 370 570 549 746 240 286 474 175 490 103 825 351 689 138 810 662 489 224 0 167 93 329 452 172 428 493 540 584 291 914 385 238 353 183 873 203 102 537 794 481 536 402 358 636 637 310 151 783 290 507 543 646 596 278 455 801 508 255 331 824 557 320 420 394 598 37 440 179
333 358 159 513 573 562 723 406 250 324 109 474 123 778 247 826 245 838 706 417 383 167 0 114 456 461 50 373 584 515 566 399 898 292 379 375 174 827 255 127 492 724 549 368 337 202 615 509 257 296 780 457 627 377 543 429 439 471 742 421 101 484 817 433 485 399 445 737 132 383 336
379 385 74 464 626 609 792 306 318 439 180 537 14 860 348 783 222 878 735 507 276 93 114 0 421 509 94 455 580 584 631 380 964 390 266 414 220 909 271 17 571 816 561 470 423 276 682 621 334 245 838 370 599 484 648 534 332 515 829 518 215 423 878 543 407 463 467 691 62 466 229
294 229 484 78 430 396 622 294 358 659 383 410 432 737 487 369 211 583 424 517 344 329 456 421 0 338 483 449 197 463 482 77 754 487 412 272 322 775 232 431 498 754 234 790 450 659 526 745 388 178 614 233 178 780 700 836 352 328 737 560 498 110 659 671 191 382 224 281 360 458 340
130 141 583 412 118 100 303 574 216 468 352 74 524 405 309 588 329 376 257 224 603 452 461 509 338 0 510 177 267 124 147 274 463 275 653 98 292 447 248 526 167 415 184 652 204 618 196 469 223 382 330 546 383 622 393 673 634 17 400 275 429 446 372 411 519 93 115 531 458 179 576
381 402 118 535 622 610 773 400 300 357 157 524 97 828 294 851 273 885 752 467 370 172 50 94 483 510 0 423 622 566 616 431 949 341 357 421 220 877 295 101 543 773 591 375 387 186 665 549 307 315 830 460 657 390 588 440 427 519 792 469 140 500 867 474 493 449 489 761 135 434 323
154 219 522 527 241 248 354 614 142 294 275 135 469 406 155 750 347 514 422 69 627 428 373 455 449 177 423 0 433 155 208 372 530 110 660 180 244 455 263 472 120 365 355 485 39 486 251 303 120 420 423 611 538 451 252 500 669 194 374 111 308 544 455 238 600 85 261 685 420 11 590
308 248 649 232 308 273 483 492 403 703 488 339 592 610 530 320 357 395 239 490 541 493 584 580 197 267 622 433 0 379 376 202 589 511 609 264 418 640 329 592 432 653 86 867 451 778 408 734 427 356 451 427 123 846 661 900 549 251 625 539 596 292 495 672 378 349 175 268 518 438 535
217 254 655 537 101 122 208 688 267 437 410 54 598 289 310 697 431 363 293 161 712 540 515 584 463 124 566 155 379 0 52 397 382 264 757 206 364 335 346 601 62 290 292 633 194 641 99 386 258 492 269 666 499 595 292 640 747 136 278 206 460 570 302 344 642 120 240 647 540 148 682
258 286 703 553 72 104 161 721 317 486 460 95 646 257 363 689 470 313 258 209 748 584 566 631 482 147 616 208 376 52 0 421 333 317 796 241 411 299 386 649 105 278 290 683 246 694 51 421 309 527 216 694 500 644 320 688 781 154 256 251 512 591 250 386 666 168 257 645 586 201 720
218 154 448 155 375 343 568 317 280 583 317 343 392 678 410 433 159 558 401 441 358 291 399 380 77 274 431 372 202 397 421 0 711 409 420 199 252 718 160 392 427 687 208 720 372 600 467 667 311 154 571 275 227 708 624 764 377 266 674 483 431 175 615 594 245 308 165 349 318 382 344
587 603 1036 812 345 371 176 1026 650 770 793 427 979 195 682 835 792 237 357 508 1061 914 898 964 754 463 949 530 589 382 333 711 0 633 1114 562 744 168 712 981 411 312 523 967 569 1013 283 636 641 840 140 984 704 921 518 956 1086 462 257 532 839 863 95 637 946 501 548 825 917 521 1037
205 271 450 564 351 355 456 598 130 194 212 244 402 492 49 818 339 624 528 128 601 385 292 390 487 275 341 110 511 264 317 409 633 0 623 246 211 542 267 406 221 432 440 378 73 380 358 266 99 416 531 612 604 346 261 398 649 291 452 128 212 569 562 188 612 183 336 745 368 116 559
539 511 258 407 769 743 955 131 519 702 413 703 260 1046 590 699 325 978 821 724 71 238 379 266 412 653 357 660 609 757 796 420 1114 623 0 555 418 1092 410 256 762 1024 628 731 636 524 847 874 545 274 977 219 573 748 885 797 103 652 1027 745 478 345 1021 795 278 640 569 609 260 672 77
46 47 488 351 217 196 400 481 147 438 266 151 428 495 266 574 230 465 331 246 507 353 375 414 272 98 421 180 264 206 241 199 562 246 555 0 201 539 150 430 229 492 198 608 190 545 291 483 165 287 429 460 361 584 428 637 541 102 484 292 357 374 471 415 439 109 90 505 361 188 479
162 183 293 391 408 393 572 387 103 346 70 316 234 644 189 685 133 666 532 306 390 183 174 220 322 292 220 244 418 364 411 252 744 211 418 201 0 692 92 237 355 610 377 468 218 359 462 475 127 210 618 405 476 458 470 514 438 300 617 328 180 381 657 395 411 243 271 601 177 256 350
552 585 977 842 345 379 156 1020 591 649 730 388 923 49 591 923 766 366 438 413 1046 873 827 909 775 447 877 455 640 335 299 718 168 542 1092 539 692 0 681 926 337 152 561 840 490 914 250 491 574 826 219 992 763 791 376 821 1080 452 102 425 754 885 193 506 962 452 553 898 870 444 1017
128 114 344 305 367 346 547 351 137 427 160 293 285 635 259 593 86 608 464 331 368 203 255 271 232 248 295 263 329 346 386 160 712 267 410 150 92 681 0 286 353 618 295 560 249 449 438 533 169 157 579 350 384 548 509 604 408 252 617 364 273 302 621 455 345 230 197 509 214 274 336
396 401 58 471 643 626 809 304 335 451 197 554 4 877 364 791 235 894 751 524 270 102 127 17 431 526 101 472 592 601 649 392 981 406 256 430 237 926 286 0 588 833 575 476 440 278 699 635 351 253 855 371 609 492 664 541 327 532 846 535 228 429 895 558 409 481 483 699 74 483 223
227 276 639 574 163 185 235 703 253 382 392 93 585 289 270 752 440 419 355 104 722 537 492 571 498 167 543 120 432 62 105 427 411 221 762 229 355 337 353 588 0 265 346 579 157 602 137 323 237 506 311 688 550 539 232 583 761 182 264 146 427 602 340 282 669 124 281 698 532 110 689
492 540 880 827 344 379 213 968 507 511 635 343 830 116 479 960 704 465 493 308 986 794 724 816 754 415 773 365 653 290 278 687 312 432 1024 492 610 152 618 833 265 0 568 696 394 788 246 341 485 772 312 953 777 647 229 674 1026 426 55 305 642 861 305 364 931 389 530 921 785 353 952
244 195 634 288 224 188 405 522 344 634 447 254 575 529 463 406 342 351 193 408 565 481 549 561 234 184 591 355 86 292 290 208 523 440 628 198 377 561 295 575 346 568 0 806 376 734 324 652 363 360 383 467 209 781 576 835 581 166 541 458 548 341 428 593 425 270 109 355 501 358 552
561 618 475 858 726 733 798 773 463 198 408 621 472 793 344 1152 588 996 907 474 746 536 368 470 790 652 375 485 867 633 683 720 967 378 731 608 468 840 560 476 579 696 806 0 451 217 716 364 442 653 888 825 941 51 467 70 802 668 738 438 295 839 911 333 850 561 697 1069 500 488 699
156 223 488 528 278 282 392 596 118 263 242 171 436 441 116 765 330 551 456 87 606 402 337 423 450 204 387 39 451 194 246 372 569 73 636 190 218 490 249 440 157 394 376 451 0 447 290 295 91 405 462 599 551 418 260 468 651 221 407 115 269 540 494 225 592 111 276 696 391 47 568
500 539 265 716 717 713 837 583 402 292 289 611 275 865 331 1028 447 990 873 506 548 358 202 276 659 618 186 486 778 641 694 600 1013 380 524 545 359 914 449 278 602 788 734 217 447 0 737 499 395 498 910 646 828 250 573 287 604 631 818 489 189 685 942 439 679 539 626 940 321 494 501
310 337 754 596 100 135 110 771 366 518 510 146 696 210 405 714 521 288 260 242 799 636 615 682 526 196 665 251 408 99 51 467 283 358 847 291 462 250 438 699 137 246 324 716 290 737 0 434 358 578 174 741 532 675 325 717 831 201 216 278 558 636 204 408 712 218 303 675 637 243 771
452 519 667 823 487 508 486 861 395 206 461 405 631 448 287 1053 604 722 678 244 859 637 509 621 745 469 549 303 734 386 421 667 636 266 874 483 475 491 533 635 323 341 652 364 295 499 434 0 364 682 587 878 841 312 118 334 909 486 389 194 409 832 599 79 878 384 563 988 614 296 815
119 180 402 465 323 318 465 508 31 278 155 220 348 526 103 727 244 595 480 179 515 310 257 334 388 223 307 120 427 258 309 311 641 99 545 165 127 574 169 351 237 485 363 442 91 395 358 364 0 321 524 516 512 419 346 473 561 236 495 202 208 469 560 287 514 145 255 651 300 132 476
279 241 306 220 496 469 685 196 290 553 249 438 254 782 398 538 77 705 551 488 221 151 296 245 178 382 315 420 356 492 527 154 840 416 274 287 210 826 157 253 506 772 360 653 405 498 578 682 321 0 703 196 357 652 665 707 254 380 768 520 359 187 746 603 202 382 295 447 184 431 197
458 468 911 672 212 234 104 887 529 690 672 305 852 213 579 712 657 153 227 415 922 783 780 838 614 330 830 423 451 269 216 571 140 531 977 429 618 219 579 855 311 312 383 888 462 910 174 587 524 703 0 844 568 846 471 886 947 327 261 449 729 723 44 572 805 380 409 695 789 416 900
463 412 404 202 650 619 843 89 485 744 437 611 374 951 594 479 273 817 658 680 149 290 457 370 233 546 460 611 427 666 694 275 984 612 219 460 405 992 350 371 688 953 467 825 599 646 741 878 516 196 844 0 367 830 859 884 130 540 944 715 537 138 888 799 59 564 440 389 327 622 174
399 333 663 166 432 397 606 446 485 791 543 457 610 733 616 214 384 495 347 599 501 507 627 599 178 383 657 538 123 499 500 227 704 604 573 361 476 763 384 609 550 777 209 941 551 828 532 841 512 357 568 367 0 925 775 981 497 367 749 648 657 230 611 775 310 457 278 148 537 545 506
538 597 497 850 690 699 754 783 442 157 403 586 488 745 317 1138 583 958 873 434 759 543 377 484 780 622 390 451 846 595 644 708 921 346 748 584 458 791 548 492 539 647 781 51 418 250 675 312 419 652 846 830 925 0 417 56 815 638 689 396 293 835 868 285 851 529 674 1057 509 453 712
407 470 703 778 389 415 369 854 375 286 474 322 660 332 299 981 589 609 578 183 860 646 543 648 700 393 588 252 661 292 320 624 518 261 885 428 470 376 509 664 232 229 576 467 260 573 325 118 346 665 471 859 775 417 0 445 907 409 273 144 449 796 482 136 851 321 499 923 629 242 820
592 652 543 906 737 747 793 835 497 205 458 634 537 776 371 1194 639 1002 923 479 810 596 429 534 836 673 440 500 900 640 688 764 956 398 797 637 514 821 604 541 583 674 835 70 468 287 717 334 473 707 886 884 981 56 445 0 866 690 718 438 348 891 907 318 906 580 728 1113 561 501 763
533 494 342 331 745 716 937 60 533 752 450 692 331 1036 622 605 322 932 774 736 56 278 439 332 352 634 427 669 549 747 781 377 1086 649 103 541 438 1080 408 327 761 1026 581 802 651 604 831 909 561 254 947 130 497 815 907 866 0 631 1023 764 532 267 992 830 189 636 538 517 309 681 103
138 141 589 401 116 94 305 570 228 485 362 89 530 411 325 572 330 366 243 242 601 455 471 515 328 17 519 194 251 136 154 266 462 291 652 102 300 452 252 532 182 426 166 668 221 631 201 486 236 380 327 540 367 638 409 690 631 0 409 292 441 437 370 429 511 110 104 516 463 196 575
489 531 895 809 317 352 165 964 515 548 649 332 843 62 501 926 703 414 451 325 986 801 742 829 737 400 792 374 625 278 256 674 257 452 1027 484 617 102 617 846 264 55 541 738 407 818 216 389 495 768 261 944 749 689 273 718 1023 409 0 330 664 846 251 404 919 387 513 891 794 363 953
265 331 579 638 307 323 360 711 231 240 339 214 531 375 174 858 445 564 498 50 718 508 421 518 560 275 469 111 539 206 251 483 532 128 745 292 328 425 364 535 146 305 458 438 115 489 278 194 202 520 449 715 648 396 144 438 764 292 330 0 336 654 473 139 707 190 370 795 494 103 679
310 352 258 563 531 525 662 494 213 223 114 426 224 704 163 864 293 803 684 340 477 255 101 215 498 429 140 308 596 460 512 431 839 212 478 357 180 754 273 228 427 642 548 295 269 189 558 409 208 359 729 537 657 293 449 348 532 441 664 336 0 544 763 334 557 352 439 779 223 317 431
389 328 474 64 540 506 732 216 438 727 432 517 431 847 561 367 251 685 527 613 273 331 484 423 110 446 500 544 292 570 591 175 863 569 345 374 381 885 302 429 602 861 341 839 540 685 636 832 469 187 723 138 230 835 796 891 267 437 846 654 544 0 767 756 86 483 333 275 367 554 283
499 511 950 716 253 278 114 931 566 713 710 342 892 196 610 751 700 172 267 442 966 824 817 878 659 372 867 455 495 302 250 615 95 562 1021 471 657 193 621 895 340 305 428 911 494 942 204 599 560 746 44 888 611 868 482 907 992 370 251 473 763 767 0 590 850 417 453 736 829 447 944
381 448 591 749 445 463 475 781 318 150 381 354 554 460 207 988 526 696 637 189 779 557 433 543 671 411 474 238 672 344 386 594 637 188 795 415 395 506 455 558 282 364 593 333 225 439 408 79 287 603 572 799 775 285 136 318 830 429 404 139 334 756 590 0 800 323 499 921 535 234 736
448 392 447 148 618 585 811 147 482 756 451 587 412 923 598 421 277 771 613 670 207 320 485 407 191 519 493 600 378 642 666 245 946 612 278 439 411 962 345 409 669 931 425 850 592 679 712 878 514 202 805 59 310 851 851 906 189 511 919 707 557 86 850 800 0 547 409 330 358 611 228
103 155 535 460 178 175 328 578 149 375 292 75 478 406 220 668 316 451 346 141 599 420 399 463 382 93 449 85 349 120 168 308 501 183 640 109 243 452 230 481 124 389 270 561 111 539 218 384 145 382 380 564 457 529 321 580 636 110 387 190 352 483 417 323 547 0 179 605 420 88 566
135 87 541 297 209 178 402 478 234 528 340 189 481 514 356 489 259 416 268 321 513 394 445 467 224 115 489 261 175 240 257 165 548 336 569 90 271 553 197 483 281 530 109 697 276 626 303 563 255 295 409 440 278 674 499 728 538 104 513 370 439 333 453 499 409 179 0 425 409 267 492
541 474 747 227 576 541 743 478 623 928 664 605 700 872 754 92 492 602 469 747 537 598 737 691 281 531 761 685 268 647 645 349 825 745 609 505 601 898 509 699 698 921 355 1069 696 940 675 988 651 447 695 389 148 1057 923 1113 517 516 891 795 779 275 736 921 330 605 425 0 632 691 554
330 329 132 405 576 557 748 273 279 445 155 491 74 822 331 723 160 823 678 478 253 37 132 62 360 458 135 420 518 540 586 318 917 368 260 361 177 870 214 74 532 785 501 500 391 321 637 614 300 184 789 327 537 509 629 561 309 463 794 494 223 367 829 535 358 420 409 632 0 432 207
164 228 533 536 237 245 344 625 153 296 286 132 480 395 162 756 358 509 421 59 638 440 383 466 458 179 434 11 438 148 201 382 521 116 672 188 256 444 274 483 110 353 358 488 47 494 243 296 132 431 416 622 545 453 242 501 681 196 363 103 317 554 447 234 611 88 267 691 432 0 602
465 435 242 343 692 666 879 89 450 652 354 628 227 971 529 646 250 901 745 654 47 179 336 229 340 576 323 590 535 682 720 344 1037 559 77 479 350 1017 336 223 689 952 552 699 568 501 771 815 476 197 900 174 506 712 820 763 103 575 953 679 431 283 944 736 228 566 492 554 207 602 0
