26
0 429 230 437 122 758 427 310 748 391 780 877 520 184 687 688 594 987 413 589 830 252 982 316 883 376
429 0 586 505 519 599 31 256 367 264 362 447 364 251 274 261 429 562 313 349 400 431 585 352 541 308
230 586 0 343 112 714 594 531 833 612 897 1017 746 382 804 823 583 1107 639 618 970 201 1065 547 930 398
437 505 343 0 393 373 529 607 593 673 694 839 809 454 612 657 271 893 717 342 796 185 807 671 640 198
122 519 112 393 0 747 523 430 804 511 853 962 642 292 759 770 598 1063 535 614 915 216 1039 438 921 391
758 599 714 373 747 0 630 810 431 849 563 716 962 696 523 592 177 709 898 252 686 530 563 898 366 388
427 31 594 529 523 630 0 233 391 236 377 452 333 245 292 271 460 571 284 380 405 447 603 328 567 334
310 256 531 607 430 810 233 0 624 81 604 656 217 161 523 493 633 787 113 575 612 460 834 96 797 447
748 367 833 593 804 431 391 624 0 620 132 284 686 596 125 194 351 302 665 254 255 635 235 719 186 439
391 264 612 673 511 849 236 81 620 0 583 617 138 238 510 470 673 753 49 605 576 535 818 126 801 502
780 362 897 694 853 563 377 604 132 583 0 154 624 611 93 113 471 210 623 369 123 708 235 696 288 520
877 447 1017 839 962 716 452 656 284 617 154 0 624 698 227 194 626 143 649 522 47 837 285 740 412 658
520 364 746 809 642 962 333 217 686 138 624 624 0 376 566 513 790 766 106 713 589 674 859 215 872 633
184 251 382 454 292 696 245 161 596 238 611 698 376 0 520 513 520 813 274 484 651 300 825 218 750 314
687 274 804 612 759 523 292 523 125 510 93 227 566 520 0 71 408 303 553 303 184 617 311 617 311 433
688 261 823 657 770 592 271 493 194 470 113 194 513 513 71 0 470 300 510 365 146 644 349 584 376 470
594 429 583 271 598 177 460 633 351 673 471 626 790 520 408 470 0 652 723 105 588 386 544 721 370 218
987 562 1107 893 1063 709 571 787 302 753 210 143 766 813 303 300 652 0 787 556 178 917 184 874 362 728
413 313 639 717 535 898 284 113 665 49 623 649 106 274 553 510 723 787 0 655 609 574 859 116 847 549
589 349 618 342 614 252 380 575 254 605 369 522 713 484 303 365 105 556 655 0 484 416 465 667 312 223
830 400 970 796 915 686 405 612 255 576 123 47 589 651 184 146 588 178 609 484 0 790 294 697 399 613
252 431 201 185 216 530 447 460 635 535 708 837 674 300 617 644 386 917 574 416 790 0 866 510 728 197
982 585 1065 807 1039 563 603 834 235 818 235 285 859 825 311 349 544 184 859 465 294 866 0 928 198 669
316 352 547 671 438 898 328 96 719 126 696 740 215 218 617 584 721 874 116 667 697 510 928 0 894 526
883 541 930 640 921 366 567 797 186 801 288 412 872 750 311 376 370 362 847 312 399 728 198 894 0 533
376 308 398 198 391 388 334 447 439 502 520 658 633 314 433 470 218 728 549 223 613 197 669 526 533 0
