64
0 120 304 454 777 789 848 1043 858 1037 452 557 402 875 330 656 407 256 66 742 829 282 391 443 844 790 736 833 186 197 430 913 188 613 900 417 797 986 457 503 135 366 531 84 457 706 915 628 965 337 826 639 785 616 954 1003 988 451 951 305 237 171 729 446
120 0 199 344 708 701 858 947 773 1027 369 536 364 872 220 569 352 140 186 647 747 181 298 529 744 774 653 757 95 76 310 846 74 523 847 300 713 973 338 523 108 247 411 66 504 594 811 521 932 291 783 563 681 544 857 915 905 432 928 202 133 210 698 335
304 199 0 316 754 706 1009 919 780 1154 418 666 487 1009 231 584 455 74 370 637 761 243 106 728 712 897 674 786 119 152 192 892 184 534 915 234 724 1098 239 691 294 106 261 265 691 521 763 482 1030 415 871 602 641 595 828 911 912 571 1040 10 67 403 807 303
454 344 316 0 447 390 811 612 463 909 155 460 311 786 124 270 256 274 510 322 445 174 390 730 406 660 359 472 358 274 162 582 270 219 619 87 408 851 121 560 341 222 228 372 617 253 468 177 755 272 591 299 339 301 521 596 596 400 779 326 323 424 555 13
777 708 754 447 0 149 553 366 154 543 343 340 392 483 525 184 372 697 807 211 118 536 836 815 281 357 111 74 762 663 607 139 643 232 179 535 125 490 562 518 642 669 646 699 636 419 361 348 347 443 200 151 308 163 314 274 238 398 400 764 744 652 257 461
789 701 706 390 149 0 699 266 73 691 336 448 445 632 494 133 409 661 829 79 62 520 775 902 133 504 66 112 737 644 537 230 630 178 312 474 27 639 487 622 655 610 553 706 732 289 216 244 490 477 349 166 161 201 192 214 206 480 547 716 710 690 400 403
848 858 1009 811 553 699 0 898 704 236 656 353 525 96 804 666 568 936 833 743 670 771 1115 576 832 196 644 617 949 864 955 566 832 687 462 879 678 212 928 344 751 973 1038 807 425 919 914 819 336 594 371 595 845 567 863 789 741 438 260 1018 964 676 299 820
1043 947 919 612 366 266 898 0 216 828 594 702 712 816 730 393 675 886 1088 301 254 765 970 1166 206 703 331 292 970 883 733 336 873 430 444 685 269 786 682 879 912 815 716 959 993 414 171 437 617 742 527 432 278 467 90 113 164 744 692 928 935 954 616 624
858 773 780 463 154 73 704 216 0 671 406 486 504 630 567 204 471 735 897 147 38 592 848 951 151 508 124 87 811 717 609 185 702 251 282 547 61 622 559 663 724 683 622 776 777 346 217 314 464 541 339 225 206 257 159 144 132 529 528 790 783 754 411 476
1037 1027 1154 909 543 691 236 828 671 0 759 492 669 167 932 704 699 1083 1032 754 645 911 1255 808 818 256 653 587 1112 1019 1066 497 989 738 391 988 665 57 1030 549 925 1100 1134 985 647 956 888 870 211 743 344 640 852 622 817 715 664 595 144 1163 1118 867 353 920
452 369 418 155 343 336 656 594 406 759 0 305 172 631 187 203 116 357 493 294 378 193 510 628 403 507 285 387 419 320 306 482 301 164 497 229 345 701 274 419 319 346 383 369 491 332 483 226 616 162 454 194 356 180 508 550 537 254 633 428 402 364 405 164
557 536 666 460 340 448 353 702 486 492 305 0 178 343 453 366 216 594 563 462 447 424 770 479 570 237 382 415 620 528 601 437 498 369 382 526 437 437 575 177 437 622 686 498 297 599 659 493 410 252 288 298 559 262 638 614 577 106 394 675 627 395 176 469
402 364 487 311 392 445 525 712 504 669 172 178 0 521 279 325 56 415 422 427 469 246 591 467 541 413 381 457 444 350 435 520 320 304 498 363 445 614 416 249 272 447 528 333 320 503 627 396 568 74 424 279 507 247 634 647 621 91 564 496 449 261 334 317
875 872 1009 786 483 632 96 816 630 167 631 343 521 0 794 614 557 937 867 682 597 767 1113 645 764 132 581 542 959 869 937 480 838 640 374 860 608 128 906 382 767 963 1014 826 480 869 843 774 239 594 291 545 784 520 786 706 656 441 164 1018 969 704 243 796
330 220 231 124 525 494 804 730 567 932 187 453 279 794 0 365 236 172 387 433 544 58 325 638 525 676 453 563 243 152 161 664 146 316 684 105 508 875 158 514 223 169 264 249 548 376 591 300 800 217 640 374 461 365 639 705 700 370 813 241 219 317 581 116
656 569 584 270 184 133 666 393 204 704 203 366 325 614 365 0 283 535 697 102 179 388 660 790 216 482 89 202 608 513 426 314 498 50 363 357 144 648 379 529 522 493 461 573 630 255 303 167 522 349 362 71 193 104 310 347 336 374 563 594 583 561 371 283
407 352 455 256 372 409 568 675 471 699 116 216 56 557 236 283 0 385 435 384 438 211 556 516 497 442 347 432 424 326 387 506 299 257 496 313 411 642 364 304 272 406 476 331 375 448 581 341 583 71 431 246 459 216 594 616 594 143 586 464 422 283 354 263
256 140 74 274 697 661 936 886 735 1083 357 594 415 937 172 535 385 0 323 596 714 173 180 663 679 826 624 734 92 81 186 836 111 485 854 203 677 1027 225 617 224 111 278 203 619 502 737 449 964 342 806 546 610 537 795 870 867 498 971 82 49 335 738 262
66 186 370 510 807 829 833 1088 897 1032 493 563 422 867 387 697 435 323 0 786 867 336 455 391 891 791 774 866 251 261 495 940 249 657 920 479 836 982 521 489 175 432 597 139 427 763 966 681 973 364 841 675 835 649 1000 1042 1025 458 954 371 303 168 738 503
742 647 637 322 211 79 743 301 147 754 294 462 427 682 433 102 384 596 786 0 142 465 702 893 114 552 102 190 676 585 463 309 574 130 384 403 106 700 412 629 611 538 475 658 731 211 201 166 558 447 409 164 102 200 214 274 276 476 611 647 645 657 443 335
829 747 761 445 118 62 670 254 38 645 378 447 469 597 544 179 438 714 867 142 0 567 833 914 173 474 93 58 788 692 596 170 677 228 259 531 38 594 547 625 695 667 615 747 740 350 246 306 439 508 308 192 217 222 196 177 158 492 501 772 762 721 375 459
282 181 243 174 536 520 771 765 592 911 193 424 246 767 58 388 211 173 336 465 567 0 345 580 563 654 474 580 226 127 214 675 109 341 686 163 532 854 216 469 167 205 320 199 495 427 633 345 790 177 633 387 503 372 676 734 724 333 797 252 214 258 564 169
391 298 106 390 836 775 1115 970 848 1255 510 770 591 1113 325 660 556 180 455 702 833 345 0 826 765 999 749 862 207 259 239 972 290 609 1003 302 795 1199 289 798 398 167 268 364 796 559 807 539 1125 520 964 686 691 682 880 973 978 677 1138 99 165 506 906 376
443 529 728 730 815 902 576 1166 951 808 628 479 467 645 638 790 516 663 391 893 914 580 826 0 1007 626 835 889 619 584 791 916 557 771 853 743 896 773 796 309 441 756 898 462 185 959 1093 855 830 468 752 737 974 701 1093 1087 1054 422 781 731 662 330 631 730
844 744 712 406 281 133 832 206 151 818 403 570 541 764 525 216 497 679 891 114 173 563 765 1007 0 637 192 231 764 678 527 337 670 241 432 479 155 767 477 740 716 609 518 759 845 220 88 231 613 559 479 275 75 311 115 217 240 589 674 722 728 767 533 417
790 774 897 660 357 504 196 703 508 256 507 237 413 132 676 482 442 826 791 552 474 654 999 626 637 0 451 421 857 763 813 375 733 508 276 736 482 200 781 329 673 845 887 734 446 737 718 642 203 487 178 413 654 388 666 596 548 342 163 907 862 624 111 670
736 653 674 359 111 66 644 331 124 653 285 382 381 581 453 89 347 624 774 102 93 474 749 835 192 451 0 113 696 600 515 228 584 140 289 447 63 598 467 556 601 582 544 654 666 307 279 239 459 417 308 102 202 135 258 268 252 413 509 684 672 630 344 373
833 757 786 472 74 112 617 292 87 587 387 415 457 542 563 202 432 734 866 190 58 580 862 889 231 421 113 0 804 707 628 119 689 252 201 560 85 536 580 592 697 695 655 752 711 401 303 347 381 503 252 194 273 216 245 199 166 470 443 796 782 715 326 486
186 95 119 358 762 737 949 970 811 1112 419 620 444 959 243 608 424 92 251 676 788 226 207 619 764 857 696 804 0 99 278 901 124 559 910 293 752 1057 317 617 203 199 367 160 600 592 824 535 1007 369 854 612 697 598 879 949 943 518 1008 119 54 305 776 346
197 76 152 274 663 644 864 883 717 1019 320 528 350 869 152 513 326 81 261 585 692 127 259 584 678 763 600 707 99 0 233 802 31 465 811 223 657 964 261 540 144 176 336 130 538 520 743 452 910 275 755 514 613 500 792 857 849 428 912 159 100 255 680 264
430 310 192 162 607 537 955 733 609 1066 306 601 435 937 161 426 387 186 495 463 596 214 239 791 527 813 515 628 278 233 0 740 249 377 780 77 558 1008 50 675 357 85 107 361 709 329 573 300 916 378 753 460 454 463 642 733 739 526 939 200 228 463 712 149
913 846 892 582 139 230 566 336 185 497 482 437 520 480 664 314 506 836 940 309 170 675 972 916 337 375 228 119 901 802 740 0 782 363 108 670 203 451 693 609 777 805 772 835 732 519 396 466 286 576 196 289 387 302 320 225 175 513 357 902 883 781 304 596
188 74 184 270 643 630 832 873 702 989 301 498 320 838 146 498 299 111 249 574 677 109 290 557 670 733 584 689 124 31 249 782 0 451 788 229 642 934 271 508 116 199 354 112 507 520 737 447 883 246 729 496 607 479 783 843 834 397 883 191 131 227 652 261
613 523 534 219 232 178 687 430 251 738 164 369 304 640 316 50 257 485 657 130 228 341 609 771 241 508 140 252 559 465 377 363 451 0 409 307 192 681 330 523 481 442 415 530 617 232 324 133 562 318 400 97 203 120 344 392 384 363 599 544 533 526 397 233
900 847 915 619 179 312 462 444 282 391 497 382 498 374 684 363 496 854 920 384 259 686 1003 853 432 276 289 201 910 811 780 108 788 409 0 706 285 344 736 544 767 836 824 827 668 595 498 527 181 563 104 320 474 320 426 332 282 472 249 925 899 756 224 632
417 300 234 87 535 474 879 685 547 988 229 526 363 860 105 357 313 203 479 403 531 163 302 743 479 736 447 560 293 223 77 670 229 307 706 0 493 930 54 607 324 135 165 340 649 299 533 248 840 310 676 386 408 387 595 677 679 454 861 244 251 421 634 74
797 713 724 408 125 27 678 269 61 665 345 437 445 608 508 144 411 677 836 106 38 532 795 896 155 482 63 85 752 657 558 203 642 192 285 493 0 613 508 612 663 629 577 715 725 316 236 268 463 480 324 165 189 198 201 205 192 474 521 734 725 694 380 421
986 973 1098 851 490 639 212 786 622 57 701 437 614 128 875 648 642 1027 982 700 594 854 1199 773 767 200 598 536 1057 964 1008 451 934 681 344 930 613 0 973 503 872 1043 1077 932 606 900 839 814 170 688 290 583 798 565 770 673 621 541 94 1107 1063 817 296 862
457 338 239 121 562 487 928 682 559 1030 274 575 416 906 158 379 364 225 521 412 547 216 289 796 477 781 467 580 317 261 50 693 271 330 736 54 508 973 0 661 372 133 112 384 703 281 524 249 876 364 712 416 404 421 592 683 689 506 901 248 270 472 677 110
503 523 691 560 518 622 344 879 663 549 419 177 249 382 514 529 304 617 489 629 625 469 798 309 740 329 556 592 617 540 675 609 508 523 544 607 612 503 661 0 414 674 773 468 124 742 829 634 530 297 443 465 722 429 814 792 755 165 491 698 639 332 321 565
135 108 294 341 642 655 751 912 724 925 319 437 272 767 223 522 272 224 175 611 695 167 398 441 716 673 601 697 203 144 357 777 116 481 767 324 663 872 372 414 0 315 464 61 398 594 790 507 840 203 696 504 660 480 825 869 853 331 831 299 233 111 604 336
366 247 106 222 669 610 973 815 683 1100 346 622 447 963 169 493 406 111 432 538 667 205 167 756 609 845 582 695 199 176 85 805 199 442 836 135 629 1043 133 674 315 0 167 306 693 414 658 379 963 381 800 518 536 516 724 811 814 537 979 115 147 425 748 209
531 411 261 228 646 553 1038 716 622 1134 383 686 528 1014 264 461 476 278 597 475 615 320 268 898 518 887 544 655 367 336 107 772 354 415 824 165 577 1077 112 773 464 167 0 466 813 301 548 309 973 476 809 508 443 517 628 733 746 619 1002 267 313 570 781 218
84 66 265 372 699 706 807 959 776 985 369 498 333 826 249 573 331 203 139 658 747 199 364 462 759 734 654 752 160 130 361 835 112 530 827 340 715 932 384 468 61 306 466 0 442 625 831 544 901 264 757 558 701 536 870 920 906 392 892 269 199 146 666 365
457 504 691 617 636 732 425 993 777 647 491 297 320 480 548 630 375 619 427 731 740 495 796 185 845 446 666 711 600 538 709 732 507 617 668 649 725 606 703 124 398 693 813 442 0 823 933 716 649 345 567 570 820 534 925 910 874 255 605 697 632 296 446 620
706 594 521 253 419 289 919 414 346 956 332 599 503 869 376 255 448 502 763 211 350 427 559 959 220 737 307 401 592 520 329 519 520 232 595 299 316 900 281 742 594 414 301 625 823 0 247 108 766 491 612 324 147 352 327 438 458 577 814 530 549 671 626 260
915 811 763 468 361 216 914 171 217 888 483 659 627 843 591 303 581 737 966 201 246 633 807 1093 88 718 279 303 824 743 573 396 737 324 498 533 236 839 524 829 790 658 548 831 933 247 0 290 680 642 555 363 130 400 97 228 266 677 745 772 785 847 616 479
628 521 482 177 348 244 819 437 314 870 226 493 396 774 300 167 341 449 681 166 306 345 539 855 231 642 239 347 535 452 300 466 447 133 527 248 268 814 249 634 507 379 309 544 716 108 290 0 689 387 529 230 162 253 346 433 441 469 730 491 497 576 531 188
965 932 1030 755 347 490 336 617 464 211 616 410 568 239 800 522 583 964 973 558 439 790 1125 830 613 203 459 381 1007 910 916 286 883 562 181 840 463 170 876 530 840 963 973 901 649 766 680 689 0 641 163 466 652 455 606 504 453 515 80 1040 1004 805 235 767
337 291 415 272 443 477 594 742 541 743 162 252 74 594 217 349 71 342 364 447 508 177 520 468 559 487 417 503 369 275 378 576 246 318 563 310 480 688 364 297 203 381 476 264 345 491 642 387 641 0 493 316 516 287 659 686 665 156 638 424 375 213 407 275
826 783 871 591 200 349 371 527 339 344 454 288 424 291 640 362 431 806 841 409 308 633 964 752 479 178 308 252 854 755 753 196 729 400 104 676 324 290 712 443 696 800 809 757 567 612 555 529 163 493 0 303 508 292 495 418 370 385 202 881 847 674 121 604
639 563 602 299 151 166 595 432 225 640 194 298 279 545 374 71 246 546 675 164 192 387 686 737 275 413 102 194 612 514 460 289 496 97 320 386 165 583 416 465 504 518 508 558 570 324 363 230 466 316 303 0 262 36 356 370 349 316 502 613 593 529 302 312
785 681 641 339 308 161 845 278 206 852 356 559 507 784 461 193 459 610 835 102 217 503 691 974 75 654 202 273 697 613 454 387 607 203 474 408 189 798 404 722 660 536 443 701 820 147 130 162 652 516 508 262 0 297 188 291 311 564 708 650 659 719 546 350
616 544 595 301 163 201 567 467 257 622 180 262 247 520 365 104 216 537 649 200 222 372 682 701 311 388 135 216 598 500 463 302 479 120 320 387 198 565 421 429 480 516 517 536 534 352 400 253 455 287 292 36 297 0 392 400 377 279 486 606 582 500 277 313
954 857 828 521 314 192 863 90 159 817 508 638 634 786 639 310 594 795 1000 214 196 676 880 1093 115 666 258 245 879 792 642 320 783 344 426 595 201 770 592 814 825 724 628 870 925 327 97 346 606 659 495 356 188 392 0 131 172 671 675 838 844 870 571 533
1003 915 911 596 274 214 789 113 144 715 550 614 647 706 705 347 616 870 1042 274 177 734 973 1087 217 596 268 199 949 857 733 225 843 392 332 677 205 673 683 792 869 811 733 920 910 438 228 433 504 686 418 370 291 400 131 0 51 667 579 921 919 899 514 609
988 905 912 596 238 206 741 164 132 664 537 577 621 656 700 336 594 867 1025 276 158 724 978 1054 240 548 252 166 943 849 739 175 834 384 282 679 192 621 689 755 853 814 746 906 874 458 266 441 453 665 370 349 311 377 172 51 0 636 528 922 916 877 469 609
451 432 571 400 398 480 438 744 529 595 254 106 91 441 370 374 143 498 458 476 492 333 677 422 589 342 413 470 518 428 526 513 397 363 472 454 474 541 506 165 331 537 619 392 255 577 677 469 515 156 385 316 564 279 671 667 636 0 500 580 528 290 280 406
951 928 1040 779 400 547 260 692 528 144 633 394 564 164 813 563 586 971 954 611 501 797 1138 781 674 163 509 443 1008 912 939 357 883 599 249 861 521 94 901 491 831 979 1002 892 605 814 745 730 80 638 202 502 708 486 675 579 528 500 0 1049 1009 786 232 791
305 202 10 326 764 716 1018 928 790 1163 428 675 496 1018 241 594 464 82 371 647 772 252 99 731 722 907 684 796 119 159 200 902 191 544 925 244 734 1107 248 698 299 115 267 269 697 530 772 491 1040 424 881 613 650 606 838 921 922 580 1049 0 69 408 817 313
237 133 67 323 744 710 964 935 783 1118 402 627 449 969 219 583 422 49 303 645 762 214 165 662 728 862 672 782 54 100 228 883 131 533 899 251 725 1063 270 639 233 147 313 199 632 549 785 497 1004 375 847 593 659 582 844 919 916 528 1009 69 0 341 776 311
171 210 403 424 652 690 676 954 754 867 364 395 261 704 317 561 283 335 168 657 721 258 506 330 767 624 630 715 305 255 463 781 227 526 756 421 694 817 472 332 111 425 570 146 296 671 847 576 805 213 674 529 719 500 870 899 877 290 786 408 341 0 570 421
729 698 807 555 257 400 299 616 411 353 405 176 334 243 581 371 354 738 738 443 375 564 906 631 533 111 344 326 776 680 712 304 652 397 224 634 380 296 677 321 604 748 781 666 446 626 616 531 235 407 121 302 546 277 571 514 469 280 232 817 776 570 0 566
446 335 303 13 461 403 820 624 476 920 164 469 317 796 116 283 263 262 503 335 459 169 376 730 417 670 373 486 346 264 149 596 261 233 632 74 421 862 110 565 336 209 218 365 620 260 479 188 767 275 604 312 350 313 533 609 609 406 791 313 311 421 566 0
