144
0 747 667 350 919 561 427 587 224 544 576 441 360 400 67 441 234 583 446 463 661 655 379 66 656 142 247 329 730 316 604 200 571 677 469 515 222 586 277 381 447 669 157 309 573 503 406 715 704 651 319 614 585 579 537 712 690 465 443 437 660 309 680 569 372 648 636 654 475 215 606 413 549 261 320 95 587 355 588 725 421 233 478 603 643 292 240 891 190 652 245 372 540 253 702 704 596 258 311 730 184 345 637 498 638 522 263 61 652 509 754 757 573 619 273 837 526 566 298 642 334 680 220 358 258 247 528 401 247 502 475 90 228 44 220 429 285 140 620 347 587 430 215 336
747 0 905 401 215 465 377 266 844 538 784 323 516 441 685 433 547 578 338 360 88 182 691 689 96 729 924 1069 875 438 164 928 596 733 345 594 967 526 792 865 310 140 895 822 196 243 355 813 363 251 774 585 242 401 863 180 606 313 389 343 734 695 70 534 698 392 860 309 282 899 630 374 762 714 639 686 339 591 719 744 596 533 815 614 536 606 904 183 854 359 875 469 502 505 857 738 161 577 590 590 714 415 163 654 114 669 829 808 683 445 31 311 196 465 1003 112 400 717 726 700 412 867 668 689 970 501 228 368 599 341 619 837 971 709 962 759 583 624 253 533 288 606 801 685
667 905 0 656 937 1053 851 947 890 366 125 651 894 879 631 497 556 1129 834 882 864 724 308 691 821 525 542 860 102 731 752 635 1128 1267 875 312 775 1107 396 314 674 765 761 974 727 767 780 150 586 660 348 331 664 1031 134 1003 347 638 884 619 1254 367 877 1097 310 531 45 610 795 862 281 595 152 906 929 588 566 936 1192 232 1000 583 188 1161 391 885 892 928 533 563 908 869 402 604 89 221 765 491 429 393 484 758 742 260 807 240 428 672 1229 996 932 668 860 1102 661 921 982 1173 944 221 672 56 463 326 870 642 722 796 832 913 299 685 783 684 787 241 458 592 652 452 964 1013 465 347
350 401 656 0 570 399 195 307 488 354 532 96 272 233 286 190 153 485 179 226 319 310 367 298 308 331 527 678 670 97 254 527 488 636 219 370 572 456 418 509 97 320 503 503 223 163 124 626 403 320 414 432 246 375 568 402 497 125 229 104 626 341 338 448 370 364 612 339 158 526 453 98 504 395 360 285 283 338 574 593 386 134 507 520 427 312 538 541 457 354 519 233 328 105 645 577 246 200 241 517 323 111 288 401 289 425 446 410 592 342 412 436 250 446 602 487 326 560 422 517 26 639 285 356 590 103 178 140 276 258 362 440 578 316 569 444 220 223 287 204 319 400 411 343
919 215 937 570 0 680 586 481 1041 585 828 478 726 652 854 537 699 792 545 572 296 269 785 868 276 877 1067 1248 885 627 315 1085 811 944 556 650 1142 740 914 968 472 250 1073 1028 346 433 553 819 351 301 885 606 344 615 927 382 601 456 600 487 946 807 281 749 795 407 895 336 482 1090 656 514 813 919 849 847 398 802 934 738 810 691 889 827 546 813 1098 32 999 377 1072 678 553 668 873 738 327 713 709 567 854 610 282 715 292 722 956 978 895 661 232 270 407 676 1159 103 616 933 934 718 587 891 802 789 1157 672 393 569 800 556 687 1008 1148 886 1139 842 710 786 324 650 503 821 936 790
561 465 1053 399 680 0 203 201 526 744 931 432 200 178 532 580 509 114 229 177 396 535 755 495 437 635 805 803 1069 324 452 758 131 274 189 768 727 65 762 867 410 510 655 455 447 344 277 1024 712 591 776 819 523 65 957 308 876 458 169 462 271 715 406 69 756 699 1010 639 291 604 846 477 902 375 281 562 614 227 254 985 185 482 895 151 802 282 593 648 739 676 552 198 713 456 1044 970 430 573 628 886 651 295 497 800 430 825 775 615 224 57 448 703 298 58 828 577 80 254 364 913 381 1038 635 741 681 421 413 259 317 159 761 636 728 516 715 831 602 518 567 601 178 187 730 724
427 377 851 195 586 203 0 161 474 541 728 234 139 67 381 377 318 296 42 38 291 380 557 361 312 467 653 722 865 132 299 625 303 454 42 564 629 262 581 682 215 367 554 444 283 172 74 820 535 423 589 618 348 182 759 292 677 263 34 263 446 522 307 257 559 513 807 463 114 537 643 275 700 338 262 401 427 216 405 783 236 292 697 333 604 229 537 554 584 494 504 91 512 263 840 767 279 379 430 691 474 99 345 597 298 621 601 487 407 148 373 541 181 251 700 487 131 394 349 710 178 835 450 544 611 232 239 55 227 76 558 514 632 383 620 633 405 347 394 399 160 249 559 528
587 266 947 307 481 201 161 0 627 605 821 295 277 206 538 451 453 315 142 127 195 343 672 522 238 617 808 882 946 279 263 785 332 473 118 642 790 264 721 815 272 313 715 585 266 182 192 893 529 405 721 674 344 139 870 135 721 312 153 328 472 648 205 270 676 527 902 457 152 694 708 351 795 483 398 555 445 344 454 843 337 429 811 351 646 374 692 449 737 500 657 238 571 399 923 831 241 507 548 723 619 247 305 686 233 708 745 648 423 180 251 511 105 211 859 378 134 451 488 779 301 923 588 662 769 375 243 190 383 93 647 675 793 543 781 748 528 498 385 505 24 346 706 650
224 844 890 488 1041 526 474 627 0 753 801 584 352 420 274 628 424 503 508 502 756 795 604 221 765 366 414 281 954 414 729 326 484 546 513 731 229 526 496 595 581 798 175 109 701 608 489 939 882 808 542 826 734 567 759 762 902 613 474 590 527 534 774 507 597 833 860 823 562 82 823 574 774 151 245 314 761 300 454 946 346 412 702 509 849 254 67 1010 381 830 31 388 744 419 927 926 715 465 525 939 409 431 769 719 748 744 474 222 536 491 844 923 651 581 370 948 524 431 166 863 465 904 443 582 156 395 652 475 246 534 693 218 226 218 213 654 497 339 775 551 618 348 430 560
544 538 366 354 585 744 541 605 753 0 247 314 624 586 483 164 332 837 514 566 500 357 231 531 456 429 572 843 344 448 388 628 841 990 555 65 737 804 391 408 336 398 690 803 365 422 467 288 244 296 346 79 298 709 341 644 150 293 576 282 980 284 512 798 242 181 321 250 461 759 103 266 228 708 697 449 200 685 928 241 738 349 306 873 100 649 782 572 520 208 779 587 36 354 324 227 402 288 234 186 388 465 375 130 442 136 438 582 946 690 565 326 509 784 689 558 666 913 742 174 377 330 336 244 799 390 367 486 603 590 110 608 745 536 742 267 259 414 286 201 625 752 440 257
576 784 125 532 828 931 728 821 801 247 0 526 777 758 533 372 440 1009 710 759 740 604 200 592 698 435 492 805 154 610 629 577 1009 1150 751 189 711 985 323 270 549 645 687 878 603 642 656 145 479 543 270 226 542 907 117 878 262 513 761 494 1138 267 754 976 205 421 80 496 670 781 177 469 28 802 819 490 447 822 1077 191 885 467 126 1042 289 773 810 817 468 451 821 750 283 486 127 171 641 376 312 313 391 636 621 135 684 116 363 590 1111 874 810 562 735 979 616 805 858 1059 840 136 550 110 361 221 799 525 597 672 721 789 174 607 720 587 721 150 343 486 533 329 838 897 392 242
441 323 651 96 478 432 234 295 584 314 526 0 342 289 376 155 225 530 202 254 249 214 389 393 227 406 601 771 651 180 166 610 537 688 242 347 664 494 471 551 22 227 597 595 133 117 160 600 315 224 458 388 150 395 581 361 444 32 267 32 680 380 267 490 394 284 606 248 147 622 418 58 500 487 443 369 199 415 635 555 455 214 524 567 370 398 634 451 531 269 615 297 282 189 628 541 163 254 274 456 390 182 195 391 209 412 506 500 642 380 339 342 211 470 685 400 353 623 512 487 119 627 344 382 685 196 95 182 366 276 352 530 670 409 662 463 262 308 192 222 313 469 477 374
360 516 894 272 726 200 139 277 352 624 777 342 0 74 334 462 338 239 181 157 430 515 588 295 452 441 605 618 923 176 436 559 235 373 171 634 534 231 573 681 328 504 461 309 417 307 190 885 656 551 593 703 475 224 788 412 769 374 128 365 361 539 446 216 588 626 853 586 250 423 721 367 748 206 123 367 541 77 304 860 114 311 724 268 699 98 418 694 541 611 381 48 599 291 897 843 417 403 465 789 461 162 481 655 438 680 582 415 334 150 510 671 319 258 629 626 175 289 212 782 247 886 453 571 500 252 370 169 119 184 617 437 536 316 524 662 436 328 521 451 267 128 535 553
400 441 879 233 652 178 67 206 420 586 758 289 74 0 363 422 331 252 109 83 356 447 578 333 379 460 637 678 900 148 366 600 255 403 97 603 590 227 584 689 271 434 516 382 349 238 129 858 597 487 598 664 412 180 780 341 727 319 54 315 394 536 372 217 579 572 837 525 180 488 687 322 730 278 198 389 485 150 346 826 171 304 717 287 655 169 485 620 570 554 450 31 559 278 875 810 346 395 452 743 473 122 412 631 365 656 599 458 359 121 435 606 245 234 673 552 126 334 286 751 211 867 457 563 563 242 304 107 177 113 592 483 592 355 580 654 424 341 458 428 199 184 554 546
67 685 631 286 854 532 381 538 274 483 533 376 334 363 0 374 167 567 396 418 601 589 333 59 593 115 274 396 687 261 540 247 558 674 422 457 289 564 256 365 382 603 224 344 508 443 352 668 637 584 291 554 518 543 506 659 630 399 401 370 658 266 620 549 328 582 598 587 418 277 549 346 506 276 317 43 519 342 589 672 410 166 445 590 581 282 299 826 207 585 298 337 477 186 660 652 532 195 252 669 149 292 571 445 575 470 254 124 645 478 694 690 517 590 323 773 489 567 314 589 272 640 172 312 324 183 464 350 231 457 419 154 295 55 287 391 224 73 553 283 541 420 206 290
441 433 497 190 537 580 377 451 628 164 372 155 462 422 374 0 207 673 351 403 377 273 257 412 341 357 536 763 495 286 270 569 677 826 392 191 654 640 376 435 178 305 596 665 240 270 303 445 264 238 349 241 198 548 435 507 306 140 412 123 817 270 392 634 265 207 452 222 302 648 266 103 347 564 542 350 152 526 765 405 577 216 383 708 238 494 667 516 472 212 657 423 137 210 472 390 278 191 172 329 327 302 275 237 324 257 419 490 781 526 456 325 362 622 639 483 503 751 595 333 215 472 272 257 699 242 227 322 452 428 198 519 661 422 655 325 179 300 212 114 469 590 402 255
234 547 556 153 699 509 318 453 424 332 440 225 338 331 167 207 0 576 316 355 469 431 249 205 452 181 376 561 590 187 392 385 573 711 352 320 453 558 267 364 237 450 391 471 358 316 262 558 469 420 270 408 358 500 450 555 482 243 348 212 698 205 488 546 249 415 515 420 309 440 412 185 412 379 381 149 352 381 636 546 444 27 387 606 426 334 460 674 306 417 452 317 320 55 564 527 388 65 128 516 170 219 418 326 433 352 293 287 673 452 561 523 404 563 460 626 447 618 414 463 153 550 134 233 492 89 319 269 283 391 292 317 459 214 453 324 97 94 389 131 463 457 258 215
583 578 1129 485 792 114 296 315 503 837 1009 530 239 252 567 673 576 0 329 278 511 647 825 521 551 678 831 784 1153 399 565 773 23 161 292 856 721 53 812 920 511 623 652 415 558 452 371 1111 821 701 833 914 632 177 1026 417 974 558 263 560 158 778 520 44 825 805 1087 748 396 584 938 571 981 358 270 603 719 228 145 1078 164 548 963 37 901 290 568 760 770 783 524 259 808 525 1127 1062 542 641 701 987 700 375 610 883 544 908 819 631 112 152 560 815 411 123 837 689 190 149 336 1003 464 1119 693 809 659 487 521 351 337 267 845 648 720 541 707 900 672 567 676 680 292 158 772 791
446 338 834 179 545 229 42 142 508 514 710 202 181 109 396 351 316 329 0 51 251 338 546 382 271 475 665 750 844 137 257 643 337 489 40 541 654 291 582 680 182 325 580 483 242 131 55 796 496 382 586 589 309 197 747 265 647 229 68 233 482 516 268 288 549 477 790 424 72 569 617 248 682 376 303 412 390 258 443 756 278 290 686 366 573 268 571 513 595 456 539 132 484 261 820 741 237 373 420 658 478 104 303 577 257 601 605 508 441 177 335 500 143 271 718 447 151 433 388 685 167 815 450 534 642 234 199 47 262 79 538 535 658 404 647 623 397 355 354 384 148 291 565 520
463 360 882 226 572 177 38 127 502 566 759 254 157 83 418 403 355 278 51 0 275 381 591 397 302 505 691 755 894 169 298 663 287 438 15 592 663 239 619 719 233 363 589 466 286 176 102 847 544 428 625 641 356 148 793 260 698 281 29 285 432 558 291 236 593 527 839 472 118 567 669 299 731 361 281 439 441 231 396 808 240 329 732 315 624 252 566 540 622 505 532 113 536 300 870 793 277 414 464 710 512 136 344 627 290 650 639 524 390 126 353 545 164 220 737 471 100 387 369 736 212 865 487 578 642 269 246 87 257 38 587 550 666 419 654 668 440 385 401 431 124 252 597 563
661 88 864 319 296 396 291 195 756 500 740 249 430 356 601 377 469 511 251 275 0 169 630 603 51 650 846 982 843 350 112 845 527 669 260 551 881 460 721 799 233 130 809 735 137 158 267 784 363 240 707 556 204 334 812 153 588 245 304 274 668 628 19 466 637 378 819 297 194 811 598 304 717 627 554 604 309 506 648 721 514 453 760 547 514 520 816 264 775 346 787 383 464 424 824 713 99 503 522 579 637 328 136 607 58 624 756 723 619 370 93 328 111 405 921 195 326 644 640 670 329 830 594 626 882 418 155 280 511 261 571 752 885 623 875 701 512 542 230 468 219 525 725 620
655 182 724 310 269 535 380 343 795 357 604 214 515 447 589 273 431 647 338 381 169 0 528 608 118 607 797 985 692 382 82 816 660 809 365 416 878 600 647 708 213 42 811 797 98 208 326 630 193 71 622 402 75 479 689 322 425 190 405 219 805 543 174 603 537 212 679 129 266 836 448 245 584 687 630 579 157 592 775 562 617 424 644 685 354 589 847 245 730 179 826 466 321 402 675 555 105 444 442 412 584 372 37 477 114 490 688 713 759 497 211 168 238 554 890 210 457 768 708 518 331 685 533 529 900 411 146 346 566 381 445 743 884 624 876 591 442 520 71 383 367 630 667 529
379 691 308 367 785 755 557 672 604 231 200 389 588 578 333 257 249 825 546 591 630 528 0 392 597 241 345 637 354 431 527 413 823 960 585 175 536 806 162 183 410 563 502 678 496 504 491 335 466 484 114 274 455 740 202 750 344 386 589 359 947 71 647 795 11 401 269 453 519 589 248 330 172 602 621 291 387 628 884 349 692 277 140 856 324 577 617 767 302 422 625 566 250 300 327 328 533 184 126 394 197 460 533 130 580 150 210 400 923 697 713 544 599 807 466 738 688 865 640 268 379 308 161 21 614 337 476 504 525 625 125 420 544 388 544 76 153 286 463 167 685 705 220 43
66 689 691 298 868 495 361 522 221 531 592 393 295 333 59 412 205 521 382 397 603 608 392 0 601 173 310 380 746 254 552 266 511 622 403 510 277 522 314 422 396 618 206 285 521 446 344 726 671 609 350 605 540 512 565 648 680 419 377 392 605 325 622 506 386 619 657 617 414 236 602 371 564 217 264 103 552 294 535 728 361 197 504 543 628 232 254 839 248 619 248 305 523 210 719 708 542 244 304 717 208 282 587 501 582 526 308 126 595 443 696 719 512 554 339 783 459 513 255 644 280 699 230 371 293 196 475 338 184 436 474 153 282 21 272 450 275 117 578 330 521 370 260 349
656 96 821 308 276 437 312 238 765 456 698 227 452 379 593 341 452 551 271 302 51 118 597 601 0 633 829 981 797 353 70 834 566 711 286 509 878 501 696 770 215 79 807 751 101 157 277 737 311 188 679 509 157 377 774 204 539 217 330 247 709 600 58 506 604 327 776 246 205 816 552 278 676 642 574 593 261 529 686 673 543 439 723 588 466 537 823 245 759 295 796 403 419 412 778 665 65 481 494 528 618 334 85 567 18 583 733 717 661 406 115 278 141 449 909 183 363 681 658 623 321 786 572 595 885 410 132 293 524 293 531 747 883 620 873 666 487 531 180 438 262 555 705 590
142 729 525 331 877 635 467 617 366 429 435 406 441 460 115 357 181 678 475 505 650 607 241 173 633 0 196 414 588 338 572 211 670 789 506 391 307 672 141 249 418 629 263 449 539 495 425 576 619 589 178 492 533 640 396 729 567 422 492 391 774 170 668 657 233 558 494 580 482 348 478 363 409 390 433 75 510 456 704 590 524 197 337 703 529 396 376 852 125 568 385 437 432 226 561 569 569 166 198 612 44 371 597 366 615 388 141 159 760 580 742 682 579 693 283 806 586 683 428 508 326 538 93 220 375 242 501 428 345 544 347 181 315 162 312 287 181 120 560 248 623 535 94 198
247 924 542 527 1067 805 653 808 414 572 492 601 605 637 274 536 376 831 665 691 846 797 345 310 829 196 0 318 629 528 767 97 819 921 693 520 238 833 183 228 614 821 247 520 733 691 617 637 788 773 234 620 722 818 409 923 690 616 675 585 904 288 864 817 334 725 526 758 677 358 593 555 474 499 567 252 688 602 831 676 669 393 368 851 668 540 390 1043 71 739 420 611 583 422 604 655 764 353 365 739 212 560 789 474 810 491 135 206 899 752 938 858 774 863 123 999 764 808 534 601 522 574 264 329 343 436 696 618 494 730 470 198 247 290 253 349 358 310 745 422 812 677 134 315
329 1069 860 678 1248 803 722 882 281 843 805 771 618 678 396 763 561 784 750 755 982 985 637 380 981 414 318 0 946 631 932 228 766 820 764 802 108 807 483 546 775 998 174 379 901 825 718 951 1027 980 537 903 915 840 727 1014 978 795 730 766 801 569 1001 788 627 968 843 981 790 200 885 743 784 430 523 412 912 576 729 982 627 562 684 791 943 523 217 1220 338 975 261 647 846 583 921 961 923 572 612 1024 454 656 966 768 963 787 441 273 814 764 1074 1084 887 859 204 1164 793 707 448 904 661 891 507 618 125 575 855 709 501 790 755 244 101 362 108 658 593 468 949 659 877 629 418 599
730 875 102 670 885 1069 865 946 954 344 154 651 923 900 687 495 590 1153 844 894 843 692 354 746 797 588 629 946 0 753 731 719 1154 1297 885 304 856 1126 470 401 674 735 836 1032 709 763 792 66 535 625 419 290 640 1041 221 989 284 633 899 618 1285 421 855 1118 359 488 103 570 798 933 245 597 182 956 970 645 537 972 1226 151 1033 616 262 1186 343 925 962 879 613 521 974 894 380 633 27 147 746 527 462 323 545 778 715 269 785 244 507 742 1256 1013 904 615 853 1115 751 879 994 1208 994 174 689 55 515 375 947 672 711 810 873 922 308 758 865 742 867 301 493 639 621 473 964 1046 540 397
316 438 731 97 627 324 132 279 414 448 610 180 176 148 261 286 187 399 137 169 350 382 431 254 353 338 528 631 753 0 314 509 400 545 168 459 531 375 449 550 172 383 458 416 287 195 90 713 496 403 457 526 327 313 633 398 593 212 161 197 534 392 369 366 432 459 688 429 159 463 545 194 582 307 264 275 377 241 480 684 290 160 571 433 524 217 470 597 457 448 446 141 423 132 728 668 300 249 304 614 343 33 354 484 335 509 470 377 503 266 442 522 257 376 584 536 259 465 331 607 71 719 318 416 532 100 238 89 186 207 445 406 535 275 525 507 277 218 371 281 285 304 428 400
604 164 752 254 315 452 299 263 729 388 629 166 436 366 540 270 392 565 257 298 112 82 527 552 70 572 767 932 731 314 0 776 578 726 282 440 827 518 630 701 158 70 758 724 33 128 249 672 266 141 610 444 92 397 703 261 478 151 323 182 722 531 124 520 535 271 707 196 186 775 486 212 606 615 554 536 198 513 692 610 536 380 653 602 404 513 784 287 697 241 760 387 351 355 711 601 22 416 426 472 555 300 46 497 55 513 667 664 676 414 185 250 157 473 851 234 374 685 634 557 272 718 507 525 841 357 77 269 494 298 461 694 833 570 824 596 420 474 124 369 287 548 640 521
200 928 635 527 1085 758 625 785 326 628 577 610 559 600 247 569 385 773 643 663 845 816 413 266 834 211 97 228 719 509 776 0 759 851 667 582 141 781 256 320 619 836 153 435 743 688 600 722 830 800 309 684 742 779 501 907 757 629 643 598 833 348 864 763 403 768 616 792 665 264 662 571 556 427 503 241 722 545 760 755 609 396 456 789 727 483 296 1059 111 779 328 572 635 422 693 734 771 378 405 804 244 540 803 544 815 562 213 143 832 708 938 894 764 817 75 1011 726 737 460 677 516 664 299 394 245 427 702 597 442 701 534 124 150 244 155 429 391 303 771 458 786 616 192 377
571 596 1128 488 811 131 303 332 484 841 1009 537 235 255 558 677 573 23 337 287 527 660 823 511 566 670 819 766 1154 400 578 759 0 151 302 858 704 74 806 914 518 637 636 394 570 462 377 1113 831 713 828 919 643 195 1023 437 980 566 270 566 145 775 537 62 823 814 1087 758 406 566 942 576 980 341 256 594 728 216 124 1081 150 546 960 33 907 279 549 779 759 793 505 259 813 524 1128 1065 555 638 699 994 693 377 623 884 559 909 811 618 104 163 579 828 426 146 823 708 203 127 318 1006 466 1118 687 806 640 486 532 356 327 279 846 634 703 530 690 897 670 561 688 681 309 143 764 788
677 733 1267 636 944 274 454 473 546 990 1150 688 373 403 674 826 711 161 489 438 669 809 960 622 711 789 921 820 1297 545 726 851 151 0 453 1005 775 209 929 1038 669 784 714 441 719 613 527 1258 982 863 955 1068 793 334 1157 564 1130 717 421 716 19 908 677 205 959 965 1227 909 557 628 1090 726 1122 423 357 714 879 335 91 1229 268 684 1094 123 1058 393 604 913 867 944 560 404 963 664 1271 1213 704 776 838 1145 817 524 771 1028 704 1053 929 715 50 313 713 976 572 267 908 842 351 114 391 1152 613 1260 817 943 695 625 683 507 445 429 990 727 773 639 760 1032 809 688 838 824 449 256 881 923
469 345 875 219 556 189 42 118 513 555 751 242 171 97 422 392 352 292 40 15 260 365 585 403 286 506 693 764 885 168 282 667 302 453 0 582 671 252 617 716 221 347 596 479 270 161 94 837 529 413 623 630 341 156 787 250 686 268 44 273 447 554 276 250 588 513 831 457 104 577 658 289 723 374 295 441 426 245 411 796 256 326 726 330 612 265 577 524 624 491 543 126 524 297 861 782 261 411 459 696 511 135 328 618 274 641 638 529 405 139 338 530 149 230 742 456 110 403 383 726 206 856 485 573 652 268 230 82 267 39 579 556 674 425 662 662 435 386 386 424 118 268 597 559
515 594 312 370 650 768 564 642 731 65 189 347 634 603 457 191 320 856 541 592 551 416 175 510 509 391 520 802 304 459 440 582 858 1005 582 0 697 826 337 346 369 456 655 789 414 460 490 255 310 357 289 101 352 738 277 691 176 330 598 314 994 234 564 819 186 246 267 313 494 731 92 293 168 699 697 420 260 690 939 227 747 341 241 890 149 649 756 636 472 273 756 600 96 351 281 209 452 267 205 222 348 481 431 65 495 74 385 548 962 712 621 391 550 812 639 620 692 922 734 147 392 282 299 190 766 389 411 508 601 618 49 572 705 513 703 203 234 393 345 189 660 760 391 206
222 967 775 572 1142 727 629 790 229 737 711 664 534 590 289 654 453 721 654 663 881 878 536 277 878 307 238 108 856 531 827 141 704 775 671 697 0 738 387 460 669 892 74 338 795 723 620 856 918 872 440 798 808 758 640 920 873 688 639 659 757 467 900 719 526 860 754 872 691 151 782 635 689 363 452 304 803 502 683 883 559 455 593 732 837 445 180 1114 243 866 220 559 739 475 830 862 818 464 505 918 348 557 860 665 859 686 348 165 764 684 973 975 788 785 152 1059 709 660 388 804 556 801 400 515 108 469 750 612 416 700 651 135 8 258 17 561 485 360 841 551 786 563 319 496
586 526 1107 456 740 65 262 264 526 804 985 494 231 227 564 640 558 53 291 239 460 600 806 522 501 672 833 807 1126 375 518 781 74 209 252 826 738 0 803 910 473 575 667 445 513 409 337 1082 777 656 821 880 588 125 1007 363 938 521 228 524 208 762 469 19 806 764 1064 704 355 607 906 537 957 377 286 598 678 237 198 1045 180 530 945 87 864 297 592 708 770 741 550 241 775 506 1101 1030 495 622 680 949 691 349 563 857 495 881 813 637 159 114 507 768 363 72 847 637 145 201 360 972 436 1094 679 790 682 469 478 318 339 224 818 657 738 543 725 881 652 558 632 655 240 178 766 773
277 792 396 418 914 762 581 721 496 391 323 471 573 584 256 376 267 812 582 619 721 647 162 314 696 141 183 483 470 449 630 256 806 929 617 337 387 803 0 108 488 677 365 586 596 576 529 469 616 614 53 436 572 761 263 820 507 479 609 449 913 110 739 789 151 551 370 592 576 465 410 418 301 531 573 215 523 594 845 499 662 291 209 839 486 535 495 892 145 568 512 564 405 321 444 478 631 219 205 556 112 482 645 292 678 308 47 276 898 705 810 689 667 818 304 855 706 823 569 422 420 417 133 146 476 349 566 535 483 656 287 289 396 302 397 174 209 245 589 264 730 673 69 134
381 865 314 509 968 867 682 815 595 408 270 551 681 689 365 435 364 920 680 719 799 708 183 422 770 249 228 546 401 550 701 320 914 1038 716 346 460 910 108 0 570 741 451 689 668 662 625 413 648 666 94 435 634 863 181 908 497 554 711 525 1022 171 816 896 173 583 297 636 667 557 399 494 256 639 682 324 570 703 953 459 771 390 144 947 493 644 588 949 222 605 609 670 430 419 377 439 705 308 276 549 221 582 710 287 752 296 120 373 1006 810 885 726 755 923 349 918 809 932 676 392 514 346 232 178 559 450 643 634 592 756 297 381 469 409 473 145 290 353 644 331 826 782 166 180
447 310 674 97 472 410 215 272 581 336 549 22 328 271 382 178 237 511 182 233 233 213 410 396 215 418 614 775 674 172 158 619 518 669 221 369 669 473 488 570 0 222 601 589 125 94 142 623 328 230 477 409 155 373 602 340 465 48 248 55 662 399 251 470 415 300 629 259 124 622 440 80 522 480 432 378 214 401 618 577 440 223 546 548 391 387 633 444 543 283 612 282 304 197 651 564 151 270 293 476 404 170 191 414 196 435 522 506 622 359 324 350 189 449 695 392 331 606 503 509 117 650 360 403 687 200 82 164 358 254 374 536 675 413 666 484 280 317 199 243 290 453 492 394
669 140 765 320 250 510 367 313 798 398 645 227 504 434 603 305 450 623 325 363 130 42 563 618 79 629 821 998 735 383 70 836 637 784 347 456 892 575 677 741 222 0 824 794 97 198 319 673 233 113 653 445 107 451 728 283 468 207 389 238 781 574 133 578 571 255 720 172 254 843 490 266 624 685 623 597 199 582 754 605 603 441 681 660 397 583 853 223 753 222 829 456 362 417 717 598 87 468 471 454 609 370 32 517 80 531 716 728 734 475 169 198 212 525 910 178 433 748 703 560 338 727 559 563 909 423 145 338 564 360 483 758 897 636 889 627 469 536 113 413 338 615 693 561
157 895 761 503 1073 655 554 715 175 690 687 597 461 516 224 596 391 652 580 589 809 811 502 206 807 263 247 174 836 458 758 153 636 714 596 655 74 667 365 451 601 824 0 285 727 652 546 831 860 809 417 755 742 685 627 846 831 621 565 593 696 431 828 649 493 803 736 811 618 110 742 570 663 296 382 246 743 431 622 851 489 391 575 664 790 373 143 1045 229 808 175 485 689 409 809 830 748 409 456 874 307 484 792 629 789 651 333 107 700 610 901 914 715 713 195 989 635 599 323 770 486 783 355 481 112 401 681 538 342 625 610 82 77 187 66 537 433 297 777 498 712 494 296 460
309 822 974 503 1028 455 444 585 109 803 878 595 309 382 344 665 471 415 483 466 735 797 678 285 751 449 520 379 1032 416 724 435 394 441 479 789 338 445 586 689 589 794 285 0 700 598 476 1012 906 819 628 880 744 505 846 719 954 627 437 607 422 610 752 425 672 862 941 842 546 187 882 597 850 109 186 387 784 241 350 1011 270 454 786 416 896 215 162 996 482 855 119 353 790 454 1005 991 708 522 586 987 490 424 767 785 736 811 569 321 435 429 818 938 626 506 480 930 468 328 96 928 477 984 516 657 254 423 651 458 231 493 756 322 334 290 321 734 555 398 787 603 572 269 523 635
573 196 727 223 346 447 283 266 701 365 603 133 417 349 508 240 358 558 242 286 137 98 496 521 101 539 733 901 709 287 33 743 570 719 270 414 795 513 596 668 125 97 727 700 0 111 227 651 264 143 578 425 78 395 675 279 463 118 309 148 715 499 152 514 503 261 682 192 169 746 465 179 580 590 532 503 183 494 682 592 520 347 623 596 388 491 755 318 664 234 732 368 329 322 689 582 38 383 394 460 521 275 67 470 83 487 634 632 670 406 216 259 160 472 818 267 368 674 610 536 241 694 474 493 811 326 48 248 469 290 433 662 801 539 792 566 387 442 119 337 289 533 607 489
503 243 767 163 433 344 172 182 608 422 642 117 307 238 443 270 316 452 131 176 158 208 504 446 157 495 691 825 763 195 128 688 462 613 161 460 723 409 576 662 94 198 652 598 111 0 121 710 369 252 568 492 180 297 697 246 541 130 198 148 608 491 177 408 509 355 722 296 58 659 526 175 616 488 425 447 270 384 572 660 409 298 641 489 466 385 665 402 620 332 639 258 388 269 741 648 110 357 386 546 486 176 174 507 140 527 608 565 564 299 251 370 94 374 763 341 263 563 506 596 171 742 446 497 728 260 69 140 368 184 468 594 728 465 718 579 371 385 225 337 203 421 574 488
406 355 780 124 553 277 74 192 489 467 656 160 190 129 352 303 262 371 55 102 267 326 491 344 277 425 617 718 792 90 249 600 377 527 94 490 620 337 529 625 142 319 546 476 227 121 0 746 468 361 531 543 285 250 692 307 603 190 108 188 520 461 285 331 494 442 736 396 73 544 569 200 629 366 304 365 356 266 475 708 299 237 631 407 530 264 549 522 546 424 520 142 437 207 768 693 232 318 365 617 426 62 294 524 260 548 552 468 481 222 357 481 168 322 675 458 202 463 384 635 112 763 396 479 615 182 180 21 247 133 485 496 623 365 613 568 342 306 331 329 201 312 513 465
715 813 150 626 819 1024 820 893 939 288 145 600 885 858 668 445 558 1111 796 847 784 630 335 726 737 576 637 951 66 713 672 722 1113 1258 837 255 856 1082 469 413 623 673 831 1012 651 710 746 0 470 562 415 228 580 993 242 931 218 580 854 567 1247 406 795 1075 342 424 131 507 747 923 186 548 168 931 939 626 476 937 1189 85 997 583 269 1145 278 893 952 813 614 457 961 854 323 597 62 80 688 497 432 257 532 735 654 232 725 206 509 733 1216 968 842 549 798 1067 760 814 948 1172 968 114 647 94 496 357 943 636 656 764 842 873 268 751 865 723 866 294 463 615 559 435 912 1010 537 379
704 363 586 403 351 712 535 529 882 244 479 315 656 597 637 264 469 821 496 544 363 193 466 671 311 619 788 1027 535 496 266 830 831 982 529 310 918 777 616 648 328 233 860 906 264 369 468 470 0 125 577 255 188 660 582 516 253 283 565 299 977 506 367 777 477 65 544 72 425 908 304 309 465 799 759 615 121 730 939 393 767 474 551 858 194 713 925 343 728 52 912 609 218 463 523 390 288 455 425 228 585 497 228 374 307 378 662 754 933 668 395 83 423 737 897 346 632 929 826 367 429 540 530 475 962 487 299 489 680 553 353 783 925 683 920 511 438 563 145 371 553 780 654 483
651 251 660 320 301 591 423 405 808 296 543 224 551 487 584 238 420 701 382 428 240 71 484 609 188 589 773 980 625 403 141 800 713 863 413 357 872 656 614 666 230 113 809 819 143 252 361 562 125 0 584 335 76 538 633 393 355 194 451 218 859 507 245 657 493 141 616 58 310 843 382 238 524 711 661 569 98 627 824 492 658 418 592 739 284 617 857 283 708 108 838 503 261 400 608 486 164 422 410 341 562 399 104 421 183 431 657 707 814 550 281 120 299 614 872 262 511 816 734 451 343 620 508 487 903 415 183 382 589 434 390 737 879 624 872 542 415 512 32 352 429 671 640 489
319 774 348 414 885 776 589 721 542 346 270 458 593 598 291 349 270 833 586 625 707 622 114 350 679 178 234 537 419 457 610 309 828 955 623 289 440 821 53 94 477 653 417 628 578 568 531 415 577 584 0 387 547 770 217 814 456 462 618 433 940 79 724 807 103 512 320 558 572 514 359 402 248 567 603 247 490 620 873 445 687 297 160 861 439 563 544 865 199 531 559 580 363 325 392 424 614 214 184 506 141 489 622 241 661 256 98 324 922 719 794 653 661 831 357 832 716 853 605 368 420 366 141 102 529 357 551 540 510 662 239 339 449 340 450 121 196 267 560 241 732 699 121 95
614 585 331 432 606 819 618 674 826 79 226 388 703 664 554 241 408 914 589 641 556 402 274 605 509 492 620 903 290 526 444 684 919 1068 630 101 798 880 436 435 409 445 755 880 425 492 543 228 255 335 387 0 352 783 335 704 75 364 652 356 1058 335 567 875 285 201 289 281 534 829 49 343 215 786 776 519 247 764 1007 168 817 426 314 950 63 728 853 597 573 233 852 665 105 432 273 157 461 360 302 120 450 544 425 148 497 140 484 649 1023 766 614 338 575 858 740 591 740 992 820 115 456 286 399 291 866 469 433 563 682 664 150 673 807 609 804 290 330 487 331 277 695 831 492 307
585 242 664 246 344 523 348 344 734 298 542 150 475 412 518 198 358 632 309 356 204 75 455 540 157 533 722 915 640 327 92 742 643 793 341 352 808 588 572 634 155 107 742 744 78 180 285 580 188 76 547 352 0 472 622 353 386 121 377 148 788 468 215 588 463 182 619 116 237 772 395 173 520 635 585 507 106 551 752 518 583 353 574 669 312 541 785 321 654 155 765 427 262 332 621 509 110 369 366 382 509 323 79 412 145 427 612 642 744 479 268 196 239 549 816 284 443 742 658 466 269 628 458 455 834 345 110 306 513 364 377 672 814 556 806 520 366 448 46 307 368 596 591 454
579 401 1031 375 615 65 182 139 567 709 907 395 224 180 543 548 500 177 197 148 334 479 740 512 377 640 818 840 1041 313 397 779 195 334 156 738 758 125 761 863 373 451 685 505 395 297 250 993 660 538 770 783 472 0 942 243 836 418 151 426 333 705 343 133 742 652 987 588 249 643 813 444 879 417 324 570 568 268 319 950 237 473 880 213 761 316 634 583 750 627 595 207 677 445 1017 936 375 561 613 843 651 281 441 775 371 798 777 636 284 76 383 647 240 77 850 512 54 319 411 881 360 1013 631 726 720 413 365 236 343 119 735 659 760 534 747 816 588 520 515 580 115 242 734 711
537 863 134 568 927 957 759 870 759 341 117 581 788 780 506 435 450 1026 747 793 812 689 202 565 774 396 409 727 221 633 703 501 1023 1157 787 277 640 1007 263 181 602 728 627 846 675 697 692 242 582 633 217 335 622 942 0 941 378 573 791 550 1144 249 827 996 201 521 118 591 717 728 288 522 120 783 812 462 535 823 1079 303 889 477 63 1056 399 769 759 913 399 550 776 767 373 501 198 286 713 385 329 430 357 662 701 212 758 204 293 540 1121 899 888 665 792 1009 529 896 890 1059 820 254 581 166 342 217 736 539 662 705 716 826 244 552 649 557 652 126 355 473 619 364 885 901 332 235
712 180 1003 402 382 308 292 135 762 644 878 361 412 341 659 507 555 417 265 260 153 322 750 648 204 729 923 1014 989 398 261 907 437 564 250 691 920 363 820 908 340 283 846 719 279 246 307 931 516 393 814 704 353 243 941 0 740 367 287 391 567 737 149 375 756 531 957 451 246 828 745 420 853 619 533 672 459 478 561 871 467 534 885 450 665 510 827 351 852 499 792 373 608 504 968 862 243 602 633 732 725 367 289 743 211 762 849 773 515 304 154 477 153 297 982 281 259 562 622 816 403 973 688 743 903 486 280 310 517 228 705 801 923 669 912 824 617 612 383 583 147 475 813 734
690 606 347 497 601 876 677 721 902 150 262 444 769 727 630 306 482 974 647 698 588 425 344 680 539 567 690 978 284 593 478 757 980 1130 686 176 873 938 507 497 465 468 831 954 463 541 603 218 253 355 456 75 386 836 378 740 0 418 711 414 1121 408 597 934 355 214 310 297 587 905 98 404 259 859 846 594 280 832 1072 139 883 500 367 1010 75 798 929 595 646 247 928 729 169 504 274 137 497 436 378 52 525 608 453 215 529 202 554 724 1084 824 637 331 619 913 811 599 796 1057 892 128 521 295 475 362 942 540 478 623 753 718 223 749 881 684 879 352 405 563 358 351 743 897 564 379
465 313 638 125 456 458 263 312 613 293 513 32 374 319 399 140 243 558 229 281 245 190 386 419 217 422 616 795 633 212 151 629 566 717 268 330 688 521 479 554 48 207 621 627 118 130 190 580 283 194 462 364 121 418 573 367 418 0 296 30 710 383 262 517 392 252 593 216 169 650 397 61 487 519 475 390 167 446 666 533 486 234 519 595 343 430 663 430 546 237 644 329 260 212 611 520 152 264 277 428 403 214 174 378 199 398 516 523 670 407 332 311 221 495 703 383 378 654 544 466 149 612 355 381 712 223 90 212 398 300 339 553 694 435 686 458 269 330 162 222 332 500 489 375
443 389 884 229 600 169 34 153 474 576 761 267 128 54 401 412 348 263 68 29 304 405 589 377 330 492 675 730 899 161 323 643 270 421 44 598 639 228 609 711 248 389 565 437 309 198 108 854 565 451 618 652 377 151 791 287 711 296 0 296 414 553 320 223 591 545 841 492 140 541 678 309 733 333 252 424 458 202 374 817 213 321 729 300 638 223 539 568 606 524 504 85 546 293 875 802 302 410 462 724 501 129 369 631 318 655 627 503 374 114 382 568 193 217 717 500 98 365 340 744 212 869 479 576 616 261 267 90 230 60 592 528 642 399 630 666 437 372 423 432 147 225 584 560
437 343 619 104 487 462 263 328 590 282 494 32 365 315 370 123 212 560 233 285 274 219 359 392 247 391 585 766 618 197 182 598 566 716 273 314 659 524 449 525 55 238 593 607 148 148 188 567 299 218 433 356 148 426 550 391 414 30 296 0 708 354 291 520 366 262 574 234 179 625 386 30 468 500 461 360 179 436 662 523 479 205 494 596 341 415 638 461 515 250 621 322 251 183 595 509 182 234 248 428 372 203 205 358 229 380 485 494 670 410 361 332 242 502 672 414 384 649 527 454 130 594 325 354 685 197 118 209 380 307 319 524 665 407 657 433 239 300 186 194 346 492 458 347
660 734 1254 626 946 271 446 472 527 980 1138 680 361 394 658 817 698 158 482 432 668 805 947 605 709 774 904 801 1285 534 722 833 145 19 447 994 757 208 913 1022 662 781 696 422 715 608 520 1247 977 859 940 1058 788 333 1144 567 1121 710 414 708 0 894 677 202 946 959 1214 904 551 609 1079 717 1109 405 341 698 873 320 73 1219 254 671 1080 120 1049 377 585 914 850 938 541 394 954 652 1259 1202 700 763 826 1137 802 515 768 1016 702 1042 913 698 52 309 714 973 569 270 889 843 348 96 373 1142 603 1248 803 929 676 613 677 498 430 425 979 710 754 622 741 1019 796 673 833 812 449 242 865 910
309 695 367 341 807 715 522 648 534 284 267 380 539 536 266 270 205 778 516 558 628 543 71 325 600 170 288 569 421 392 531 348 775 908 554 234 467 762 110 171 399 574 431 610 499 491 461 406 506 507 79 335 468 705 249 737 408 383 553 354 894 0 645 750 63 441 332 483 498 518 315 323 240 538 563 223 414 574 829 420 639 232 186 808 381 520 546 787 237 458 554 521 296 259 394 399 534 143 105 456 126 423 543 198 582 219 156 329 872 657 715 579 584 769 405 752 652 809 576 338 349 374 95 49 544 294 472 471 467 593 186 349 475 320 474 127 120 224 482 162 660 651 157 29
680 70 877 338 281 406 307 205 774 512 754 267 446 372 620 392 488 520 268 291 19 174 647 622 58 668 864 1001 855 369 124 864 537 677 276 564 900 469 739 816 251 133 828 752 152 177 285 795 367 245 724 567 215 343 827 149 597 262 320 291 677 645 0 476 654 385 832 303 212 830 610 322 731 644 570 623 319 521 659 731 529 472 775 556 524 536 834 249 794 353 805 399 476 443 836 723 113 521 540 586 656 346 143 621 69 638 774 742 627 382 74 328 126 412 940 180 337 656 656 681 348 843 612 643 901 437 173 298 529 275 585 771 904 642 894 717 530 561 238 485 228 539 743 637
569 534 1097 448 749 69 257 270 507 798 976 490 216 217 549 634 546 44 288 236 466 603 795 506 506 657 817 788 1118 366 520 763 62 205 250 819 719 19 789 896 470 578 649 425 514 408 331 1075 777 657 807 875 588 133 996 375 934 517 223 520 202 750 476 0 795 763 1055 704 353 587 900 532 948 358 267 582 677 218 186 1039 161 519 933 82 860 279 573 717 754 740 530 229 769 495 1093 1024 498 611 669 946 677 340 565 848 499 873 798 620 156 110 517 771 366 88 829 646 146 188 341 966 428 1085 666 779 663 457 478 312 322 224 810 639 719 526 706 870 641 543 633 646 247 159 752 762
372 698 310 370 795 756 559 676 597 242 205 394 588 579 328 265 249 825 549 593 637 537 11 386 604 233 334 627 359 432 535 403 823 959 588 186 526 806 151 173 415 571 493 672 503 509 494 342 477 493 103 285 463 742 201 756 355 392 591 366 946 63 654 795 0 412 272 463 524 581 259 336 177 598 619 285 397 626 882 358 691 277 138 856 335 575 609 776 291 433 618 566 261 300 332 337 541 184 129 405 189 462 541 141 587 160 199 392 922 699 720 554 604 808 456 747 690 863 636 277 382 312 156 16 606 338 482 506 522 627 136 412 535 382 534 74 154 282 472 172 689 703 210 37
648 392 531 364 407 699 513 527 833 181 421 284 626 572 582 207 415 805 477 527 378 212 401 619 327 558 725 968 488 459 271 768 814 965 513 246 860 764 551 583 300 255 803 862 261 355 442 424 65 141 512 201 182 652 521 531 214 252 545 262 959 441 385 763 412 0 489 83 409 855 250 267 405 757 724 558 86 698 918 351 739 422 487 843 145 677 874 396 666 33 862 581 153 413 473 346 291 396 363 201 524 465 242 311 319 316 598 697 918 652 423 145 422 729 835 391 619 906 786 315 390 487 468 410 907 440 287 464 640 540 289 725 867 630 862 446 377 508 147 310 550 753 590 418
636 860 45 612 895 1010 807 902 860 321 80 606 853 837 598 452 515 1087 790 839 819 679 269 657 776 494 526 843 103 688 707 616 1087 1227 831 267 754 1064 370 297 629 720 736 941 682 722 736 131 544 616 320 289 619 987 118 957 310 593 841 574 1214 332 832 1055 272 489 0 566 751 835 239 550 107 871 891 554 522 897 1152 205 960 542 161 1120 350 846 865 885 511 520 878 827 358 562 80 191 720 451 388 358 452 715 697 215 762 195 405 644 1188 953 887 627 815 1058 647 877 938 1133 908 182 629 48 427 289 847 601 677 752 794 869 254 659 763 651 765 207 418 555 607 408 919 973 440 310
654 309 610 339 336 639 463 457 823 250 496 248 586 525 587 222 420 748 424 472 297 129 453 617 246 580 758 981 570 429 196 792 758 909 457 313 872 704 592 636 259 172 811 842 192 296 396 507 72 58 558 281 116 588 591 451 297 216 492 234 904 483 303 704 463 83 566 0 353 853 329 248 478 734 691 568 70 660 867 435 696 421 552 785 228 646 869 322 695 50 853 539 217 407 555 430 217 413 393 282 549 429 161 378 240 387 637 707 860 595 339 103 351 664 862 310 559 857 760 397 364 568 495 459 910 427 226 418 614 480 351 736 879 630 873 506 401 514 72 335 481 709 624 463
475 282 795 158 482 291 114 152 562 461 670 147 250 180 418 302 309 396 72 118 194 266 519 414 205 482 677 790 798 159 186 665 406 557 104 494 691 355 576 667 124 254 618 546 169 58 73 747 425 310 572 534 237 249 717 246 587 169 140 179 551 498 212 353 524 409 751 353 0 617 565 201 643 437 370 427 323 327 514 702 351 288 659 434 512 332 622 450 606 387 593 201 429 257 775 688 166 359 396 595 478 134 231 536 190 558 603 536 509 243 284 428 98 325 741 386 210 505 453 634 157 773 443 510 688 240 127 87 319 131 496 565 695 434 685 595 377 367 283 353 168 363 567 498
