88
0 862 615 784 786 460 392 725 254 258 455 363 488 429 368 202 125 304 355 325 690 404 708 720 335 288 758 575 432 103 644 428 355 438 706 692 618 645 667 524 484 292 753 748 792 357 535 554 805 565 405 788 644 207 337 543 609 327 573 228 363 574 605 706 786 314 302 418 783 541 424 324 612 661 813 820 260 422 643 233 394 653 519 303 101 573 531 446
862 0 666 78 100 862 1209 145 903 913 610 1132 576 772 503 1013 851 617 1198 738 288 716 800 915 599 625 853 287 432 845 353 439 813 699 404 232 443 870 316 563 756 1066 513 121 634 530 502 567 355 707 518 116 675 1069 527 379 257 689 679 714 529 360 258 522 133 998 879 655 294 728 456 725 269 706 310 128 625 481 244 890 490 861 361 892 964 844 808 791
615 666 0 612 566 272 765 612 454 460 175 658 163 880 412 625 510 346 796 295 377 823 148 251 653 627 209 500 503 683 314 517 306 837 273 676 223 205 729 143 910 620 215 621 189 374 193 832 368 937 637 549 29 745 506 646 554 738 924 390 588 664 510 174 694 512 397 787 401 933 384 293 595 56 407 548 410 338 451 807 570 195 572 859 678 195 178 220
784 78 612 0 60 795 1132 75 828 837 543 1055 511 706 425 936 773 541 1120 665 237 649 751 862 525 549 806 209 354 768 297 361 742 634 362 178 388 814 266 500 693 989 477 54 599 453 439 510 333 651 446 84 623 990 449 311 180 617 624 637 454 295 179 479 105 923 805 588 267 670 379 652 196 655 291 119 548 406 173 815 414 806 286 819 885 784 746 724
786 100 566 60 0 762 1121 120 810 820 511 1040 476 739 419 927 765 526 1114 642 188 681 702 816 547 567 756 215 363 777 252 372 716 668 309 228 343 770 316 462 731 976 421 105 543 442 401 553 273 694 470 24 576 989 456 345 201 642 668 624 471 333 186 426 165 905 784 620 208 712 369 629 228 607 231 62 540 390 149 833 431 761 309 842 886 744 708 692
460 862 272 795 762 0 504 773 228 229 252 394 286 830 451 396 335 324 545 179 587 784 285 264 637 596 320 628 564 553 520 573 109 808 515 806 439 193 832 305 874 367 484 788 454 405 363 856 621 927 655 751 290 528 519 722 683 693 923 290 599 748 649 439 854 255 167 767 639 914 458 190 714 286 654 761 372 415 621 687 599 204 657 752 488 124 101 70
392 1209 765 1132 1121 504 0 1082 325 317 668 110 710 794 708 199 360 595 79 507 986 782 786 735 728 680 812 926 797 473 927 796 463 818 959 1067 870 680 1051 742 853 150 962 1104 953 679 782 945 1067 942 794 1118 787 222 707 926 969 714 954 497 749 957 955 914 1152 252 372 805 1065 915 753 516 980 788 1089 1143 584 732 971 559 776 694 892 626 307 622 605 545
725 145 612 75 120 773 1082 0 786 796 523 1010 495 631 375 884 722 498 1067 631 255 574 756 863 453 480 814 156 292 703 305 298 711 558 383 107 392 810 196 490 618 942 501 24 622 408 429 435 374 576 373 142 627 932 388 236 115 543 549 592 385 219 129 497 82 883 768 512 309 595 336 618 123 659 337 183 498 369 161 744 345 802 216 746 826 773 733 703
254 903 454 828 810 228 325 786 0 9 343 231 385 667 414 173 132 287 344 182 665 632 506 491 516 469 546 629 519 356 604 522 148 662 634 788 545 421 790 418 718 175 641 806 643 378 456 746 741 788 561 805 479 301 443 667 678 545 790 196 506 697 656 592 861 97 60 630 741 769 450 191 697 485 764 827 296 421 660 487 522 432 618 557 263 351 319 242
258 913 460 837 820 229 317 796 9 0 351 222 393 674 424 169 138 297 337 190 674 639 509 492 525 477 549 639 529 360 613 532 153 669 642 797 553 423 799 425 725 167 648 816 649 387 465 755 750 795 569 815 485 298 452 677 688 552 798 205 515 706 666 599 871 87 64 638 749 776 459 200 707 491 773 836 306 431 670 491 531 434 627 561 264 353 322 246
455 610 175 543 511 252 668 523 343 351 0 570 41 706 247 502 364 171 685 162 339 650 308 379 481 453 369 384 350 514 273 362 216 665 290 564 203 311 601 74 737 518 305 537 338 205 117 671 399 769 472 500 204 608 337 503 440 563 758 227 420 525 402 256 605 424 299 616 403 763 231 154 475 230 424 512 234 184 369 634 407 309 432 685 529 259 214 181
363 1132 658 1055 1040 394 110 1010 231 222 570 0 612 787 635 161 298 514 168 411 896 767 676 625 689 640 702 853 733 458 835 734 360 801 861 1004 774 569 996 643 844 72 859 1031 845 603 686 914 970 928 748 1036 680 249 648 872 900 690 936 418 699 902 881 811 1083 147 271 781 971 903 676 422 915 679 994 1058 513 650 890 563 722 583 830 634 299 512 496 438
488 576 163 511 476 286 710 495 385 393 41 612 0 718 248 542 401 194 725 203 301 661 305 388 490 465 367 362 343 542 235 357 257 674 249 542 162 324 584 36 747 560 267 508 309 210 77 670 357 773 474 464 191 646 342 492 418 576 761 261 424 513 378 219 577 466 341 624 362 770 224 195 455 220 382 475 256 177 338 659 407 320 419 707 565 279 237 215
429 772 880 706 739 830 794 631 667 674 706 787 718 0 477 626 536 540 736 656 750 61 1011 1062 232 252 1071 546 427 329 741 412 721 73 832 542 769 986 469 745 58 718 927 654 1012 508 720 231 896 154 282 755 908 574 381 395 540 142 175 540 310 412 568 891 650 741 701 119 847 123 523 648 511 935 882 796 478 558 651 241 343 989 435 188 490 918 869 791
368 503 412 425 419 451 708 375 414 424 247 635 248 477 0 510 348 133 695 281 327 418 553 625 245 228 615 218 113 377 293 122 364 428 373 374 298 555 386 272 501 567 454 396 534 45 242 424 457 524 225 420 439 570 96 271 264 338 512 218 175 298 247 415 447 512 404 377 425 521 58 268 282 468 457 451 123 81 274 465 160 554 210 498 467 496 448 389
202 1013 625 936 927 396 199 884 173 169 502 161 542 626 510 0 162 404 188 341 801 606 678 656 534 485 717 728 598 296 745 597 321 640 787 867 697 588 852 577 683 93 805 906 814 484 608 756 893 766 597 926 651 134 507 727 770 530 775 306 550 758 757 756 953 163 233 621 885 742 558 347 781 658 911 952 387 540 778 406 576 600 692 478 143 521 491 415
125 851 510 773 765 335 360 722 132 138 364 298 401 536 348 162 0 245 349 215 643 503 591 597 399 350 639 566 438 225 589 438 232 533 638 708 548 523 698 437 588 226 669 744 694 322 460 628 742 660 452 763 539 245 350 573 609 417 664 148 401 604 595 620 792 209 176 505 729 640 395 217 621 552 757 790 225 379 616 357 424 531 534 426 167 450 410 326
304 617 346 541 526 324 595 498 287 297 171 514 194 540 133 404 245 0 592 149 398 486 471 525 324 289 531 342 246 349 345 252 232 504 401 506 313 451 519 228 575 449 451 518 504 92 231 533 502 616 332 523 376 485 194 403 392 397 608 98 276 430 369 405 574 384 272 458 485 607 162 137 414 400 514 548 63 136 376 464 275 453 343 513 392 386 337 268
355 1198 796 1120 1114 545 79 1067 344 337 685 168 725 736 695 188 349 592 0 522 989 729 830 788 689 642 861 912 777 424 933 775 490 765 972 1043 882 729 1022 759 795 177 985 1089 985 671 794 899 1079 887 760 1113 820 162 684 898 952 665 900 494 718 928 941 936 1133 290 398 756 1072 858 744 530 960 823 1098 1139 573 728 965 497 748 742 869 562 260 667 645 578
325 738 295 665 642 179 507 631 182 190 162 411 203 656 281 341 215 149 522 0 487 608 384 410 458 417 436 478 394 404 424 402 82 631 452 649 363 334 667 237 698 357 464 649 480 237 274 677 559 749 477 634 323 453 341 552 531 517 744 116 420 579 503 415 710 267 143 589 560 737 300 12 557 337 582 653 193 262 493 534 423 339 491 595 383 263 216 134
690 288 377 237 188 587 986 255 665 674 339 896 301 750 327 801 643 398 989 487 0 689 513 627 527 531 568 214 325 705 67 339 553 685 128 345 155 582 421 282 756 837 246 257 367 332 224 609 147 743 467 171 387 882 398 391 247 628 722 495 446 393 203 242 330 754 630 633 99 753 269 475 291 418 133 175 430 268 113 787 409 573 326 812 785 558 525 517
404 716 823 649 681 784 782 574 632 639 650 767 661 61 418 606 503 486 729 608 689 0 957 1010 172 197 1017 485 366 310 679 351 676 36 771 489 708 935 419 688 89 696 866 597 952 451 661 195 835 160 221 696 852 566 322 337 481 90 171 494 249 356 508 830 596 710 662 61 785 137 462 600 453 879 820 737 425 499 590 246 282 938 375 207 476 868 819 742
708 800 148 751 702 285 786 756 506 509 308 676 305 1011 553 678 591 471 830 384 513 957 0 120 789 759 61 648 649 787 453 662 363 972 397 823 364 117 877 290 1045 653 308 764 219 512 342 976 476 1077 779 683 129 807 645 794 702 869 1065 494 728 812 658 283 837 540 445 924 520 1072 529 387 743 96 520 677 534 483 595 916 713 102 720 974 756 164 187 266
720 915 251 862 816 264 735 863 491 492 379 625 388 1062 625 656 597 525 788 410 627 1010 120 0 849 815 96 746 729 809 564 741 365 1030 515 924 474 76 972 381 1100 615 428 872 337 582 438 1049 597 1141 849 798 240 789 712 880 801 920 1132 526 795 901 758 402 945 503 431 984 639 1132 610 416 840 209 640 794 585 563 702 941 785 72 808 1004 753 147 193 276
335 599 653 525 547 637 728 453 516 525 481 689 490 232 245 534 399 324 689 458 527 172 789 849 0 49 850 337 202 274 512 188 532 183 602 390 537 775 345 516 256 617 694 478 780 279 488 230 671 292 82 558 681 534 149 230 346 100 286 350 81 258 363 658 495 605 535 135 626 283 290 448 330 709 661 597 267 326 437 291 119 777 238 295 429 710 661 588
288 625 627 549 567 596 680 480 469 477 453 640 465 252 228 485 350 289 642 417 531 197 759 815 49 0 819 353 209 232 509 197 490 215 596 425 526 740 386 493 285 568 682 504 762 256 470 278 671 331 120 576 656 488 136 267 369 110 328 307 95 296 381 644 527 557 488 171 630 319 279 408 358 683 664 614 229 310 448 266 136 742 263 282 383 673 624 549
758 853 209 806 756 320 812 814 546 549 369 702 367 1071 615 717 639 531 861 436 568 1017 61 96 850 819 0 709 711 841 510 724 408 1033 449 883 421 132 938 351 1105 685 351 821 249 574 403 1038 521 1138 840 736 189 848 706 856 762 928 1127 549 789 874 718 332 894 572 486 985 569 1132 591 440 803 156 566 729 593 545 653 971 774 118 781 1030 802 196 229 313
575 287 500 209 215 628 926 156 629 639 384 853 362 546 218 728 566 342 912 478 214 485 648 746 337 353 709 0 147 562 230 157 559 478 325 179 298 686 229 365 547 786 439 178 552 251 307 395 361 529 266 223 519 781 241 176 55 435 507 435 259 182 29 420 232 726 613 427 305 540 180 465 94 552 340 261 342 216 106 619 218 680 112 632 676 642 598 560
432 432 503 354 363 564 797 292 519 529 350 733 343 427 113 598 438 246 777 394 325 366 649 729 202 209 711 147 0 414 313 15 477 367 406 270 349 661 273 360 439 663 505 316 602 158 318 329 470 445 147 370 528 640 95 158 176 302 428 323 120 184 177 474 355 617 514 314 424 447 119 382 183 559 459 407 223 166 238 474 84 659 98 491 534 605 557 501
103 845 683 768 777 553 473 703 356 360 514 458 542 329 377 296 225 349 424 404 705 310 787 809 274 232 841 562 414 0 667 407 445 345 739 656 655 733 619 577 386 388 800 727 852 378 579 475 831 471 352 783 713 263 321 499 588 241 481 294 322 529 592 754 756 418 401 332 802 445 435 400 584 732 834 818 292 444 643 133 359 740 489 201 166 661 617 533
644 353 314 297 252 520 927 305 604 613 273 835 235 741 293 745 589 345 933 424 67 679 453 564 512 509 510 230 313 667 0 328 488 680 95 384 90 517 452 215 752 777 209 310 324 289 157 619 164 748 460 237 325 831 374 404 273 612 728 440 431 412 227 194 384 692 567 627 140 755 235 413 318 357 169 242 384 223 147 758 397 508 334 788 736 492 458 449
428 439 517 361 372 573 796 298 522 532 362 734 357 412 122 597 438 252 775 402 339 351 662 741 188 197 724 157 15 407 328 0 484 351 421 270 364 673 268 374 424 663 521 321 617 167 332 315 484 429 132 380 542 636 90 150 182 288 413 327 106 177 186 489 358 619 519 299 438 432 133 389 185 573 473 418 226 179 250 462 69 671 96 478 529 616 568 511
355 813 306 742 716 109 463 711 148 153 216 360 257 721 364 321 232 232 490 82 553 676 363 365 532 490 408 559 477 445 488 484 0 700 504 731 419 290 750 285 765 315 499 728 495 320 333 755 612 821 556 707 331 446 422 635 613 585 818 183 499 662 583 451 790 212 91 661 619 807 382 95 639 337 639 723 271 343 569 579 504 299 574 643 393 218 178 96
438 699 837 634 668 808 818 558 662 669 665 801 674 73 428 640 533 504 765 631 685 36 972 1030 183 215 1033 478 367 345 680 351 700 0 773 469 713 955 396 699 73 730 871 581 960 463 669 164 832 127 219 684 865 602 332 323 470 116 136 517 255 339 500 837 576 741 690 52 781 107 469 621 440 893 816 726 444 507 584 282 284 957 367 241 511 888 839 764
706 404 273 362 309 515 959 383 634 642 290 861 249 832 373 787 638 401 972 452 128 771 397 515 602 596 449 325 406 739 95 421 504 773 0 471 90 478 544 218 846 809 118 385 239 361 178 715 108 844 553 288 276 883 460 500 366 701 824 490 522 507 320 117 458 715 590 720 127 850 317 443 410 305 138 280 449 296 235 837 489 467 429 871 793 465 439 449
692 232 676 178 228 806 1067 107 788 797 564 1004 542 542 374 867 708 506 1043 649 345 489 823 924 390 425 883 179 270 656 384 270 731 469 471 0 465 865 88 543 524 933 590 124 708 414 485 335 475 475 308 250 694 900 359 160 124 471 447 592 334 135 165 579 107 885 778 427 410 496 349 636 92 727 440 291 492 391 237 680 298 859 174 674 793 822 778 738
618 443 223 388 343 439 870 392 545 553 203 774 162 769 298 697 548 313 882 363 155 708 364 474 537 526 421 298 349 655 90 364 419 713 90 465 0 427 527 135 787 720 157 399 256 280 88 671 196 793 496 327 235 793 390 464 348 634 776 400 459 476 302 125 472 628 503 661 201 797 246 354 391 267 220 329 363 218 231 757 429 418 391 795 704 403 370 370
645 870 205 814 770 193 680 810 421 423 311 569 324 986 555 588 523 451 729 334 582 935 117 76 775 740 132 686 661 733 517 673 290 955 478 865 427 0 909 321 1025 553 405 820 331 511 381 978 568 1067 777 754 202 721 640 814 741 845 1059 450 723 836 700 372 892 440 361 910 605 1058 543 340 779 177 609 753 510 495 649 866 714 15 742 928 680 72 117 200
667 316 729 266 316 832 1051 196 790 799 601 996 584 469 386 852 698 519 1022 667 421 419 877 972 345 386 938 229 273 619 452 268 750 396 544 88 527 909 0 591 445 925 661 213 777 430 535 251 556 391 266 338 749 872 349 125 179 413 362 596 304 94 225 646 185 887 787 358 493 413 374 654 135 782 524 379 494 420 309 627 275 905 176 614 766 861 815 767
524 563 143 500 462 305 742 490 418 425 74 643 36 745 272 577 437 228 759 237 282 688 290 381 516 493 351 365 360 577 215 374 285 699 218 543 135 321 591 0 772 593 231 501 276 236 61 689 326 796 495 449 168 682 367 504 420 604 782 297 447 523 378 183 572 496 372 649 336 793 240 229 459 199 354 457 289 196 330 693 428 315 430 740 601 284 245 235
484 756 910 693 731 874 853 618 718 725 737 844 747 58 501 683 588 575 795 698 756 89 1045 1100 256 285 1105 547 439 386 752 424 765 73 846 524 787 1025 445 772 0 775 944 640 1034 536 743 197 903 98 292 747 938 633 405 385 535 180 121 583 329 398 567 910 630 794 750 125 851 65 543 689 503 966 886 789 514 581 653 300 357 1027 434 244 548 957 909 832
292 1066 620 989 976 367 150 942 175 167 518 72 560 718 567 93 226 449 177 357 837 696 653 615 617 568 685 786 663 388 777 663 315 730 809 933 720 553 925 593 775 0 814 964 809 536 631 842 917 857 676 972 644 203 576 800 831 618 865 352 626 830 814 765 1014 113 224 709 915 833 609 366 845 646 939 996 444 586 826 499 650 566 759 570 235 490 468 401
753 513 215 477 421 484 962 501 641 648 305 859 267 927 454 805 669 451 985 464 246 866 308 428 694 682 351 439 505 800 209 521 499 871 118 590 157 405 661 231 944 814 0 502 122 433 221 824 169 949 653 399 206 913 547 612 483 791 930 527 616 621 437 48 575 711 590 818 221 953 404 457 527 227 215 385 507 373 353 908 587 392 540 948 832 409 394 425
748 121 621 54 105 788 1104 24 806 816 537 1031 508 654 396 906 744 518 1089 649 257 597 764 872 478 504 821 178 316 727 310 321 728 581 385 124 399 820 213 501 640 964 502 0 624 428 440 456 368 597 397 128 635 955 411 259 139 568 570 613 409 242 150 500 73 903 787 536 303 616 356 636 147 667 330 168 520 387 171 769 369 812 240 771 850 785 746 718
792 634 189 599 543 454 953 622 643 649 338 845 309 1012 534 814 694 504 985 480 367 952 219 337 780 762 249 552 602 852 324 617 495 960 239 708 256 331 777 276 1034 809 122 624 0 506 292 927 284 1046 747 521 165 932 630 720 598 872 1030 564 705 732 552 131 697 700 586 909 340 1048 491 476 642 168 330 506 565 453 471 969 680 317 647 1015 861 355 354 407
357 530 374 453 442 405 679 408 378 387 205 603 210 508 45 484 322 92 671 237 332 451 512 582 279 256 574 251 158 378 289 167 320 463 361 414 280 511 430 236 536 536 433 428 506 0 215 467 453 564 267 441 401 553 132 317 300 367 553 184 215 343 278 391 483 475 364 413 426 559 73 224 322 430 457 469 99 65 294 477 203 510 253 515 453 451 403 343
535 502 193 439 401 363 782 429 456 465 117 686 77 720 242 608 460 231 794 274 224 661 342 438 488 470 403 307 318 579 157 332 333 669 178 485 88 381 535 61 743 631 221 440 292 215 0 647 285 760 459 389 215 706 338 454 362 580 745 314 415 471 319 177 511 540 415 618 286 760 201 265 402 247 307 398 286 162 269 687 391 375 380 729 619 345 307 292
554 567 832 510 553 856 945 435 746 755 671 914 670 231 424 756 628 533 899 677 609 195 976 1049 230 278 1038 395 329 475 619 315 755 164 715 335 671 978 251 689 197 842 824 456 927 467 647 0 756 141 201 572 857 739 339 219 369 234 114 575 257 222 408 797 437 835 763 148 698 161 448 666 331 888 732 614 484 493 499 437 264 978 285 403 640 917 868 802
805 355 368 333 273 621 1067 374 741 750 399 970 357 896 457 893 742 502 1079 559 147 835 476 597 671 671 521 361 470 831 164 484 612 832 108 475 196 568 556 326 903 917 169 368 284 453 285 756 0 890 613 249 366 986 537 536 390 772 868 594 589 538 347 196 437 823 698 780 65 901 399 550 432 391 46 226 545 387 257 922 553 556 473 951 895 563 540 555
565 707 937 651 694 927 942 576 788 795 769 928 773 154 524 766 660 616 887 749 743 160 1077 1141 292 331 1138 529 445 471 748 429 821 127 844 475 793 1067 391 796 98 857 949 597 1046 564 760 141 890 0 301 713 964 724 431 356 508 243 29 638 349 362 545 919 576 869 815 160 834 33 558 739 471 993 869 755 559 600 635 395 368 1068 417 342 636 1002 953 880
405 518 637 446 470 655 794 373 561 569 472 748 474 282 225 597 452 332 760 477 467 221 779 849 82 120 840 266 147 352 460 132 556 219 553 308 496 777 266 495 292 676 653 397 747 267 459 201 613 301 0 483 663 607 138 148 268 171 287 379 56 176 290 621 413 654 571 167 564 301 257 465 249 693 599 523 284 299 369 373 67 777 160 373 502 716 667 600
788 116 549 84 24 751 1118 142 805 815 500 1036 464 755 420 926 763 523 1113 634 171 696 683 798 558 576 736 223 370 783 237 380 707 684 288 250 327 754 338 449 747 972 399 128 521 441 389 572 249 713 483 0 558 991 462 362 215 654 687 621 481 351 195 406 190 899 777 635 185 730 368 622 244 589 207 42 540 386 147 842 441 744 322 853 888 729 694 680
644 675 29 623 576 290 787 627 479 485 204 680 191 908 439 651 539 376 820 323 387 852 129 240 681 656 189 519 528 713 325 542 331 865 276 694 235 202 749 168 938 644 206 635 165 401 215 857 366 964 663 558 0 772 533 669 573 766 951 419 615 686 528 170 708 535 422 815 403 961 409 322 614 32 407 554 439 364 465 836 596 191 594 889 707 202 193 242
207 1069 745 990 989 528 222 932 301 298 608 249 646 574 570 134 245 485 162 453 882 566 807 789 534 488 848 781 640 263 831 636 446 602 883 900 793 721 872 682 633 203 913 955 932 553 706 739 986 724 607 991 772 0 545 749 816 504 738 392 569 779 811 864 994 295 362 594 971 696 623 457 820 782 1000 1021 453 615 844 336 602 732 727 403 106 652 620 542
337 527 506 449 456 519 707 388 443 452 337 648 342 381 96 507 350 194 684 341 398 322 645 712 149 136 706 241 95 321 374 90 422 332 460 359 390 640 349 367 405 576 547 411 630 132 338 339 537 431 138 462 533 545 0 225 272 244 421 252 83 255 271 509 449 539 445 281 498 427 143 330 275 562 532 498 152 176 324 389 81 640 184 414 439 578 529 462
543 379 646 311 345 722 926 236 667 677 503 872 492 395 271 727 573 403 898 552 391 337 794 880 230 267 856 176 158 499 404 150 635 323 500 160 464 814 125 504 385 800 612 259 720 317 454 219 536 356 148 362 669 749 225 0 151 311 332 474 180 30 189 589 266 764 667 276 479 370 271 539 117 701 513 404 373 318 279 520 150 811 74 515 643 761 714 659
609 257 554 180 201 683 969 115 678 688 440 900 418 540 264 770 609 392 952 531 247 481 702 801 346 369 762 55 176 588 273 182 613 470 366 124 348 741 179 420 535 831 483 139 598 300 362 369 390 508 268 215 573 816 272 151 0 440 484 483 273 148 46 467 183 775 664 421 329 522 231 518 44 606 363 256 386 270 134 634 233 736 107 641 711 698 654 615
327 689 738 617 642 693 714 543 545 552 563 690 576 142 338 530 417 397 665 517 628 90 869 920 100 110 928 435 302 241 612 288 585 116 701 471 634 845 413 604 180 618 791 568 872 367 580 234 772 243 171 654 766 504 244 311 440 0 247 403 182 336 461 753 578 626 573 91 726 224 387 509 420 793 761 694 336 419 537 214 220 848 332 203 407 777 729 651
573 679 924 624 668 923 954 549 790 798 758 936 761 175 512 775 664 608 900 744 722 171 1065 1132 286 328 1127 507 428 481 728 413 818 136 824 447 776 1059 362 782 121 865 930 570 1030 553 745 114 868 29 287 687 951 738 421 332 484 247 0 635 337 337 522 901 548 873 815 159 811 61 543 734 445 981 846 729 553 587 612 412 354 1060 396 362 647 995 946 874
228 714 390 637 624 290 497 592 196 205 227 418 261 540 218 306 148 98 494 116 495 494 494 526 350 307 549 435 323 294 440 327 183 517 490 592 400 450 596 297 583 352 527 613 564 184 314 575 594 638 379 621 419 392 252 474 483 403 635 0 323 503 463 480 666 293 193 478 581 624 257 110 501 438 608 646 101 235 474 422 333 455 422 480 305 380 332 251
363 529 588 454 471 599 749 385 506 515 420 699 424 310 175 550 401 276 718 420 446 249 728 795 81 95 789 259 120 322 431 106 499 255 522 334 459 723 304 447 329 626 616 409 705 215 415 257 589 349 56 481 615 569 83 180 273 182 337 323 0 210 286 581 434 600 515 203 544 346 214 409 263 644 579 520 227 253 356 361 40 723 168 373 462 661 612 544
574 360 664 295 333 748 957 219 697 706 525 902 513 412 298 758 604 430 928 579 393 356 812 901 258 296 874 182 184 529 412 177 662 339 507 135 476 836 94 523 398 830 621 242 732 343 471 222 538 362 176 351 686 779 255 30 148 336 337 503 210 0 190 600 242 794 696 294 478 378 294 567 108 719 512 393 402 341 281 546 181 833 93 539 673 784 737 685
605 258 510 179 186 649 955 129 656 666 402 881 378 568 247 757 595 369 941 503 203 508 658 758 363 381 718 29 177 592 227 186 583 500 320 165 302 700 225 378 567 814 437 150 552 278 319 408 347 545 290 195 528 811 271 189 46 461 522 463 286 190 0 420 207 753 639 449 289 558 206 490 90 561 323 234 370 240 90 647 245 694 132 659 706 658 615 580
706 522 174 479 426 439 914 497 592 599 256 811 219 891 415 756 620 405 936 415 242 830 283 402 658 644 332 420 474 754 194 489 451 837 117 579 125 372 646 183 910 765 48 500 131 391 177 797 196 919 621 406 170 864 509 589 467 753 901 480 581 600 420 0 573 663 541 784 237 922 368 409 511 195 238 396 462 334 342 864 554 360 516 907 784 369 351 379
786 133 694 105 165 854 1152 82 861 871 605 1083 577 650 447 953 792 574 1133 710 330 596 837 945 495 527 894 232 355 756 384 358 790 576 458 107 472 892 185 572 630 1014 575 73 697 483 511 437 437 576 413 190 708 994 449 266 183 578 548 666 434 242 207 573 0 958 846 535 372 599 412 697 174 740 396 224 570 448 243 786 397 884 268 781 888 856 815 785
314 998 512 923 905 255 252 883 97 87 424 147 466 741 512 163 209 384 290 267 754 710 540 503 605 557 572 726 617 418 692 619 212 741 715 885 628 440 887 496 794 113 711 903 700 475 540 835 823 869 654 899 535 295 539 764 775 626 873 293 600 794 753 663 958 0 125 714 826 848 546 278 795 536 848 919 393 517 755 543 617 453 715 614 293 377 356 292
302 879 397 805 784 167 372 768 60 64 299 271 341 701 404 233 176 272 398 143 630 662 445 431 535 488 486 613 514 401 567 519 91 690 590 778 503 361 787 372 750 224 590 787 586 364 415 763 698 815 571 777 422 362 445 667 664 573 815 193 515 696 639 541 846 125 0 655 701 797 433 155 687 427 723 796 294 399 635 534 527 371 613 602 321 290 258 182
418 655 787 588 620 767 805 512 630 638 616 781 624 119 377 621 505 458 756 589 633 61 924 984 135 171 985 427 314 332 627 299 661 52 720 427 661 910 358 649 125 709 818 536 909 413 618 148 780 160 167 635 815 594 281 276 421 91 159 478 203 294 449 784 535 714 655 0 729 148 417 579 392 844 764 677 400 456 533 289 231 911 316 260 498 844 795 721
783 294 401 267 208 639 1065 309 741 749 403 971 362 847 425 885 729 485 1072 560 99 785 520 639 626 630 569 305 424 802 140 438 619 781 127 410 201 605 493 336 851 915 221 303 340 426 286 698 65 834 564 185 403 971 498 479 329 726 811 581 544 478 289 237 372 826 701 729 0 846 366 549 371 431 35 165 522 361 199 886 507 594 418 912 876 592 565 571
541 728 933 670 712 914 915 595 769 776 763 903 770 123 521 742 640 607 858 737 753 137 1072 1132 283 319 1132 540 447 445 755 432 807 107 850 496 797 1058 413 793 65 833 953 616 1048 559 760 161 901 33 301 730 961 696 427 370 522 224 61 624 346 378 558 922 599 848 797 148 846 0 558 727 486 990 880 772 548 599 646 364 368 1060 428 310 609 992 943 869
424 456 384 379 369 458 753 336 450 459 231 676 224 523 58 558 395 162 744 300 269 462 529 610 290 279 591 180 119 435 235 133 382 469 317 349 246 543 374 240 543 609 404 356 491 73 201 448 399 558 257 368 409 623 143 271 231 387 543 257 214 294 206 368 412 546 433 417 366 558 0 287 257 440 399 397 171 47 221 522 189 540 201 554 522 489 443 392
324 725 293 652 629 190 516 618 191 200 154 422 195 648 268 347 217 137 530 12 475 600 387 416 448 408 440 465 382 400 413 389 95 621 443 636 354 340 654 229 689 366 457 636 476 224 265 666 550 739 465 622 322 457 330 539 518 509 734 110 409 567 490 409 697 278 155 579 549 727 287 0 544 337 572 641 182 249 481 530 411 345 478 590 385 270 222 142
612 269 595 196 228 714 980 123 697 707 475 915 455 511 282 781 621 414 960 557 291 453 743 840 330 358 803 94 183 584 318 185 639 440 410 92 391 779 135 459 503 845 527 147 642 322 402 331 432 471 249 244 614 820 275 117 44 420 445 501 263 108 90 511 174 795 687 392 371 486 257 544 0 647 404 286 402 299 178 621 224 774 95 623 713 734 689 647
661 706 56 655 607 286 788 659 485 491 230 679 220 935 468 658 552 400 823 337 418 879 96 209 709 683 156 552 559 732 357 573 337 893 305 727 267 177 782 199 966 646 227 667 168 430 247 888 391 993 693 589 32 782 562 701 606 793 981 438 644 719 561 195 740 536 427 844 431 990 440 337 647 0 433 584 463 395 498 857 627 165 627 911 720 187 185 245
813 310 407 291 231 654 1089 337 764 773 424 994 382 882 457 911 757 514 1098 582 133 820 520 640 661 664 566 340 459 834 169 473 639 816 138 440 220 609 524 354 886 939 215 330 330 457 307 732 46 869 599 207 407 1000 532 513 363 761 846 608 579 512 323 238 396 848 723 764 35 880 399 572 404 433 0 182 553 392 234 920 542 598 452 946 906 601 576 586
820 128 548 119 62 761 1143 183 827 836 512 1058 475 796 451 952 790 548 1139 653 175 737 677 794 597 614 729 261 407 818 242 418 723 726 280 291 329 753 379 457 789 996 385 168 506 469 398 614 226 755 523 42 554 1021 498 404 256 694 729 646 520 393 234 396 224 919 796 677 165 772 397 641 286 584 182 0 568 411 176 880 480 743 363 893 919 732 700 691
260 625 410 548 540 372 584 498 296 306 234 513 256 478 123 387 225 63 573 193 430 425 534 585 267 229 593 342 223 292 384 226 271 444 449 492 363 510 494 289 514 444 507 520 565 99 286 484 545 559 284 540 439 453 152 373 386 336 553 101 227 402 370 462 570 393 294 400 522 548 171 182 402 463 553 568 0 162 392 403 234 512 321 451 354 444 395 321
422 481 338 406 390 415 732 369 421 431 184 650 177 558 81 540 379 136 728 262 268 499 483 563 326 310 545 216 166 444 223 179 343 507 296 391 218 495 420 196 581 586 373 387 453 65 162 493 387 600 299 386 364 615 176 318 270 419 587 235 253 341 240 334 448 517 399 456 361 599 47 249 299 395 392 411 162 0 240 540 232 493 248 577 516 442 396 348
643 244 451 173 149 621 971 161 660 670 369 890 338 651 274 778 616 376 965 493 113 590 595 702 437 448 653 106 238 643 147 250 569 584 235 237 231 649 309 330 653 826 353 171 471 294 269 499 257 635 369 147 465 844 324 279 134 537 612 474 356 281 90 342 243 755 635 533 199 646 221 481 178 498 234 176 392 240 0 711 317 641 218 729 742 614 575 551
233 890 807 815 833 687 559 744 487 491 634 563 659 241 465 406 357 464 497 534 787 246 916 941 291 266 971 619 474 133 758 462 579 282 837 680 757 866 627 693 300 499 908 769 969 477 687 437 922 395 373 842 836 336 389 520 634 214 412 422 361 546 647 864 786 543 534 289 886 364 522 530 621 857 920 880 403 540 711 0 402 872 528 71 264 794 749 665
394 490 570 414 431 599 776 345 522 531 407 722 407 343 160 576 424 275 748 423 409 282 713 785 119 136 774 218 84 359 397 69 504 284 489 298 429 714 275 428 357 650 587 369 680 203 391 264 553 368 67 441 596 602 81 150 233 220 354 333 40 181 245 554 397 617 527 231 507 368 189 411 224 627 542 480 234 232 317 402 0 714 129 413 495 654 606 542
653 861 195 806 761 204 694 802 432 434 309 583 320 989 554 600 531 453 742 339 573 938 102 72 777 742 118 680 659 740 508 671 299 957 467 859 418 15 905 315 1027 566 392 812 317 510 375 978 556 1068 777 744 191 732 640 811 736 848 1060 455 723 833 694 360 884 453 371 911 594 1060 540 345 774 165 598 743 512 493 641 872 714 0 739 934 690 81 123 207
519 361 572 286 309 657 892 216 618 627 432 830 419 435 210 692 534 343 869 491 326 375 720 808 238 263 781 112 98 489 334 96 574 367 429 174 391 742 176 430 434 759 540 240 647 253 380 285 473 417 160 322 594 727 184 74 107 332 396 422 168 93 132 516 268 715 613 316 418 428 201 478 95 627 452 363 321 248 218 528 129 739 0 533 620 690 644 593
303 892 859 819 842 752 626 746 557 561 685 634 707 188 498 478 426 513 562 595 812 207 974 1004 295 282 1030 632 491 201 788 478 643 241 871 674 795 928 614 740 244 570 948 771 1015 515 729 403 951 342 373 853 889 403 414 515 641 203 362 480 373 539 659 907 781 614 602 260 912 310 554 590 623 911 946 893 451 577 729 71 413 934 533 0 335 856 811 727
101 964 678 885 886 488 307 826 263 264 529 299 565 490 467 143 167 392 260 383 785 476 756 753 429 383 802 676 534 166 736 529 393 511 793 793 704 680 766 601 548 235 832 850 861 453 619 640 895 636 502 888 707 106 439 643 711 407 647 305 462 673 706 784 888 293 321 498 876 609 522 385 713 720 906 919 354 516 742 264 495 690 620 335 0 609 572 489
573 844 195 784 744 124 622 773 351 353 259 512 279 918 496 521 450 386 667 263 558 868 164 147 710 673 196 642 605 661 492 616 218 888 465 822 403 72 861 284 957 490 409 785 355 451 345 917 563 1002 716 729 202 652 578 761 698 777 995 380 661 784 658 369 856 377 290 844 592 992 489 270 734 187 601 732 444 442 614 794 654 81 690 856 609 0 49 129
531 808 178 746 708 101 605 733 319 322 214 496 237 869 448 491 410 337 645 216 525 819 187 193 661 624 229 598 557 617 458 568 178 839 439 778 370 117 815 245 909 468 394 746 354 403 307 868 540 953 667 694 193 620 529 714 654 729 946 332 612 737 615 351 815 356 258 795 565 943 443 222 689 185 576 700 395 396 575 749 606 123 644 811 572 49 0 84
446 791 220 724 692 70 545 703 242 246 181 438 215 791 389 415 326 268 578 134 517 742 266 276 588 549 313 560 501 533 449 511 96 764 449 738 370 200 767 235 832 401 425 718 407 343 292 802 555 880 600 680 242 542 462 659 615 651 874 251 544 685 580 379 785 292 182 721 571 869 392 142 647 245 586 691 321 348 551 665 542 207 593 727 489 129 84 0
