275
0 824 573 171 807 430 850 1060 938 693 419 775 666 688 742 1103 696 602 721 798 957 702 798 782 747 617 647 799 987 805 966 837 950 759 941 407 849 636 838 440 676 742 716 711 138 395 810 252 322 813 957 1052 670 538 368 334 1169 837 791 770 446 864 306 315 950 1137 676 700 701 927 928 867 469 264 481 1253 314 939 1179 632 1155 637 122 1116 814 586 699 623 831 906 745 641 632 738 879 882 1128 610 380 406 873 45 759 715 232 799 976 927 331 400 351 288 431 826 582 664 451 175 893 745 16 945 11 1014 795 266 1113 891 926 193 238 310 233 417 951 999 776 547 927 807 320 57 558 700 1107 816 847 858 231 896 80 798 261 742 594 899 965 1025 632 282 913 851 954 569 646 427 513 962 115 1054 740 978 66 600 785 757 501 404 1001 781 790 862 815 274 849 583 660 433 719 1215 1197 947 710 835 593 974 456 1225 239 636 771 831 772 394 702 772 879 952 643 895 653 740 661 762 1043 892 211 1118 552 1104 939 951 955 1180 843 264 799 451 674 933 440 1088 1191 866 656 1036 433 595 795 560 381 797 498 1151 1104 867 921 518 553 1026 431 701 784 485 194 910 256 972 860 885 684 703 827 725 862 204 185 1009 824 75 316 981 485 141 1030
824 0 647 653 687 796 194 306 736 844 407 66 646 322 861 582 754 316 304 144 561 179 622 355 225 246 193 168 659 431 170 349 208 818 201 682 36 768 792 711 185 190 618 166 689 434 164 581 682 873 245 630 677 714 483 505 430 917 722 72 483 825 707 618 212 563 638 874 312 217 658 643 355 586 398 542 511 1000 548 226 416 230 785 389 112 647 610 233 832 748 903 553 351 263 786 937 378 693 464 506 887 799 763 617 719 604 173 284 497 639 495 537 401 848 419 360 684 649 924 452 809 404 834 219 128 737 388 463 611 798 588 523 632 819 718 375 631 468 368 491 670 774 334 291 357 120 903 247 603 377 832 239 787 663 421 350 159 210 308 791 133 281 197 572 538 425 315 600 710 601 374 160 764 428 40 142 577 489 342 588 781 699 573 552 887 426 381 708 174 511 544 786 279 750 352 689 452 532 588 242 129 790 272 480 239 142 187 472 422 240 404 430 197 625 604 98 750 337 373 478 116 428 693 529 88 734 328 471 707 467 415 346 494 271 604 664 407 243 709 513 789 377 642 453 319 57 319 349 378 535 666 422 156 455 678 920 746 177 206 119 276 366 924 677 395 657 707 541 723 753 547 748 535 802 231
573 647 0 474 234 221 795 716 365 208 480 581 94 762 240 599 147 672 363 528 433 467 236 857 742 615 474 744 433 336 816 418 850 222 629 170 683 127 273 151 630 712 152 658 476 402 749 518 251 285 617 518 98 80 340 526 785 324 219 642 664 303 270 271 632 652 105 235 766 600 368 305 468 555 608 829 432 427 716 612 774 425 457 732 561 12 138 430 279 332 272 119 734 762 308 360 762 55 357 642 331 528 198 151 341 243 817 553 489 174 543 438 395 282 743 294 129 480 362 270 567 499 584 725 713 315 730 405 379 404 491 509 584 251 382 581 211 184 953 303 253 564 637 366 746 556 322 505 524 942 515 459 342 169 225 479 803 765 699 329 647 476 842 75 134 343 435 424 497 531 321 795 515 219 611 509 101 276 605 230 230 290 271 427 315 220 783 155 675 792 743 374 379 263 696 411 263 794 430 638 525 266 795 594 411 702 807 469 232 548 251 281 622 198 516 745 368 785 288 654 748 492 390 729 719 316 851 244 108 450 340 726 768 857 97 487 373 567 222 134 250 363 74 738 779 704 917 596 281 526 143 260 510 233 598 371 327 698 534 623 373 305 322 151 414 388 389 503 250 511 575 409 150 449 743
171 653 474 0 699 396 687 890 825 634 250 604 561 539 680 953 614 448 560 628 816 532 678 637 588 453 475 635 857 656 797 679 785 684 771 329 678 565 748 371 510 580 601 545 39 224 646 101 248 744 789 913 572 461 205 177 1001 775 691 600 316 778 246 203 780 983 568 648 551 758 803 745 298 131 329 1088 142 880 1020 466 987 467 159 948 643 486 584 453 750 799 693 517 486 583 782 817 959 521 213 277 798 147 671 601 184 676 807 761 166 305 197 116 260 749 447 508 371 8 824 601 156 788 182 842 628 227 946 742 794 214 76 150 131 395 834 837 660 405 778 666 239 125 403 537 938 645 780 692 88 750 188 631 255 634 444 738 796 854 479 274 741 687 788 451 519 260 341 826 57 911 586 808 111 452 614 587 385 252 836 657 703 751 685 103 778 435 520 364 554 1050 1036 843 546 736 444 850 302 1062 70 473 600 741 618 250 534 606 715 801 495 728 502 593 494 645 901 723 191 947 393 944 768 796 834 1019 674 224 650 301 582 782 273 920 1026 710 542 902 263 427 692 428 353 642 402 986 933 696 767 359 394 877 346 554 614 335 127 838 225 801 691 714 519 548 768 622 707 93 128 862 721 100 180 866 356 186 858
807 687 234 699 0 434 867 650 131 250 653 627 140 886 233 426 160 808 384 546 262 524 67 970 840 736 561 822 221 267 843 364 895 173 599 404 722 227 106 380 732 805 100 751 704 584 824 728 485 205 571 322 141 288 536 721 685 247 48 708 841 138 504 499 597 490 131 277 886 565 152 96 625 764 771 698 633 315 566 727 676 509 691 639 581 221 116 522 152 100 279 192 871 868 103 256 676 208 547 827 202 761 114 100 576 87 839 496 684 406 734 645 565 172 895 343 362 703 240 234 800 397 818 692 785 549 637 289 185 637 704 709 798 462 150 485 57 327 1038 207 486 796 782 402 666 573 228 476 738 1036 750 455 574 65 327 406 826 742 829 560 641 439 883 248 197 519 576 235 726 347 312 809 747 316 661 545 313 471 522 99 112 57 125 637 208 330 919 385 769 666 598 144 412 62 838 189 439 660 647 756 558 105 896 778 456 782 869 338 293 511 305 256 728 67 330 783 602 718 411 521 765 379 164 587 772 550 956 426 150 324 511 647 644 938 156 278 543 689 30 284 472 319 308 623 718 741 994 748 404 366 378 270 532 401 818 233 561 677 517 623 422 325 259 84 335 617 622 340 35 743 774 176 346 683 708
430 796 221 396 434 0 913 916 562 265 516 731 306 832 315 820 290 736 550 699 654 621 451 934 839 699 606 859 648 551 966 626 985 340 818 114 831 222 433 87 733 816 369 765 380 439 866 476 157 388 813 737 295 148 367 518 995 409 404 775 671 454 151 227 823 873 319 270 840 792 580 517 528 514 642 1045 426 509 936 703 983 565 308 941 729 232 357 563 416 523 314 336 792 850 480 454 968 227 390 639 451 386 355 369 215 461 969 755 485 160 539 419 451 406 780 477 116 404 467 484 429 715 440 911 835 173 939 625 597 237 445 494 526 29 584 794 425 339 1051 523 169 442 694 545 951 726 420 700 473 1033 356 647 169 374 396 689 956 945 766 149 824 675 981 270 349 404 522 643 393 752 524 954 387 394 757 672 230 326 814 449 384 491 492 400 425 387 837 89 781 1008 962 558 558 443 750 621 349 1011 384 724 688 426 886 597 579 819 931 689 423 743 441 492 721 413 737 890 223 984 424 872 907 710 598 948 855 176 935 328 284 670 408 930 984 962 318 703 433 656 413 309 48 572 174 952 976 852 1024 648 418 747 129 464 682 340 522 486 179 879 723 797 544 499 397 350 628 304 274 725 439 388 551 608 263 290 929
850 194 795 687 867 913 0 465 925 1001 441 243 810 202 1023 773 916 255 483 335 755 343 803 185 107 234 321 54 852 620 162 542 108 985 382 798 168 922 970 833 184 107 789 149 726 497 46 597 779 1043 427 825 840 854 562 515 582 1087 899 159 436 1004 800 708 392 749 803 1029 188 403 849 830 403 589 372 698 555 1175 726 223 569 371 838 552 305 798 780 365 1007 934 1062 716 254 131 968 1110 530 847 539 470 1062 834 933 789 795 786 178 475 521 753 499 578 473 1021 326 527 809 682 1100 634 833 598 858 365 82 822 550 657 803 867 613 539 629 932 908 563 809 611 174 678 766 794 295 465 512 314 1075 441 618 183 875 430 871 836 574 545 175 328 230 879 309 475 117 721 702 513 393 793 743 795 556 206 798 582 209 324 713 588 527 769 954 883 758 597 1060 577 261 829 135 671 718 973 455 929 278 882 564 694 633 213 314 967 115 463 411 93 33 666 586 432 570 611 198 802 798 135 823 474 508 661 204 622 884 704 107 819 153 585 869 661 506 505 658 77 768 859 487 267 886 661 897 566 777 619 455 159 127 332 515 729 787 597 346 579 676 1097 829 331 400 305 445 541 1092 848 588 717 770 735 902 786 541 939 665 860 368
1060 306 716 890 650 916 465 0 642 872 666 316 674 627 871 361 772 620 368 263 426 359 585 647 526 545 421 461 525 394 331 300 411 816 120 814 311 812 753 829 488 493 622 472 922 667 452 838 844 856 105 453 703 795 693 771 124 897 696 378 778 780 871 796 111 315 661 902 616 133 556 572 611 852 689 237 751 956 270 525 109 422 995 87 255 710 623 438 802 671 918 598 657 564 728 903 73 745 679 796 848 1027 755 622 905 565 317 163 754 779 766 776 631 823 724 439 800 889 884 452 1045 257 1071 101 425 911 85 363 503 988 838 783 899 943 614 173 605 580 616 447 835 1016 634 378 51 250 878 216 860 638 1050 273 959 656 523 246 311 151 614 957 174 240 393 650 583 633 555 469 945 415 394 279 995 523 327 305 685 672 131 559 762 636 525 787 858 532 687 828 481 207 257 696 366 706 657 568 623 229 821 544 293 754 566 764 362 443 442 327 492 174 474 437 499 606 425 329 939 69 524 221 263 279 582 244 366 909 616 636 732 336 621 40 193 537 638 505 627 531 679 606 924 354 743 155 67 311 564 641 526 350 791 456 276 607 942 871 922 133 202 194 387 416 910 679 318 869 911 369 682 985 821 634 660 1007 103
938 736 365 825 131 562 925 642 0 352 761 682 271 968 321 355 278 897 446 592 218 590 151 1046 912 821 638 886 133 305 879 391 939 262 615 535 770 348 158 511 809 875 223 824 833 697 886 849 616 266 579 239 272 418 655 836 653 295 159 768 948 167 636 628 611 424 261 373 967 581 86 97 728 884 873 644 752 323 505 810 647 588 822 614 625 353 241 603 205 45 362 310 960 943 111 283 654 338 663 937 230 892 218 224 707 159 873 505 800 537 848 766 675 228 991 424 493 830 259 300 930 386 949 701 846 681 612 287 139 769 827 826 920 590 33 470 166 440 1099 247 617 925 876 469 648 617 271 503 860 1101 881 497 706 196 428 414 860 756 915 691 668 465 926 374 311 631 674 177 855 272 372 840 877 417 716 600 440 590 511 180 199 75 173 759 251 433 1007 517 841 617 539 53 476 126 930 87 554 607 771 840 610 164 968 888 522 846 923 315 386 531 394 321 807 180 255 827 733 706 512 476 798 364 65 531 824 682 1029 544 278 307 623 631 597 1000 283 183 654 776 149 402 602 359 440 585 709 787 1053 846 506 313 509 347 580 516 942 241 693 695 546 655 493 396 313 215 350 746 752 289 123 873 891 45 470 815 716
693 844 208 634 250 265 1001 872 352 0 682 779 202 970 49 676 100 880 548 717 511 666 301 1066 950 823 680 950 468 478 1011 573 1050 91 801 304 881 81 197 262 838 919 250 865 625 603 955 696 387 124 781 571 171 177 536 717 921 144 204 846 861 206 394 435 802 740 213 30 974 769 400 347 674 734 811 944 621 247 815 821 912 629 570 872 751 204 249 635 164 307 64 292 942 971 248 189 907 154 555 836 188 648 137 249 467 319 1011 711 680 335 735 623 599 149 947 485 264 641 202 422 690 630 703 897 918 428 870 523 436 502 666 697 756 285 381 718 276 392 1161 427 395 699 844 556 894 745 155 675 698 1150 621 638 433 220 427 626 997 942 907 413 830 641 1041 280 307 547 644 486 643 597 491 987 645 419 811 703 305 475 750 319 153 296 359 608 161 424 990 270 883 910 846 329 569 226 903 430 469 907 603 847 718 190 1003 789 605 909 1011 580 422 715 441 440 830 271 580 943 482 941 495 766 940 615 405 834 920 431 1059 449 141 563 546 875 888 1064 242 524 577 776 220 341 313 520 253 864 938 901 1124 802 488 615 291 433 700 441 762 222 437 875 710 807 567 486 134 195 555 541 524 589 236 644 761 396 355 554 914
419 407 480 250 653 516 441 666 761 682 0 363 538 319 719 796 626 222 385 404 687 311 610 421 347 207 245 387 753 517 547 507 536 701 545 409 430 601 731 451 260 334 553 296 288 79 398 175 364 764 570 783 561 508 150 105 784 804 663 350 188 766 381 291 555 811 539 705 328 538 715 667 55 185 129 881 114 907 833 218 769 254 396 733 412 488 538 236 751 747 746 461 276 348 752 839 738 535 128 177 806 397 668 553 361 601 557 557 90 366 104 137 87 757 267 360 435 245 839 480 403 613 429 607 378 393 731 597 690 427 182 117 232 529 760 643 601 325 550 547 351 367 178 359 716 415 801 488 197 526 436 431 439 597 333 557 546 612 254 451 506 494 538 422 455 136 115 709 307 771 437 558 362 343 369 361 378 206 634 580 697 694 595 156 792 327 320 446 306 844 844 793 363 705 233 760 218 859 192 229 372 726 384 128 336 356 467 645 378 518 376 465 245 588 765 473 386 717 251 756 520 627 749 827 424 390 426 236 582 629 142 699 822 472 505 788 109 177 657 372 488 486 429 780 702 447 531 131 257 724 409 428 393 254 276 845 398 564 477 479 334 399 803 595 546 276 330 715 683 350 159 793 330 418 622
775 66 581 604 627 731 243 316 682 779 363 0 581 334 797 553 689 308 243 96 516 113 562 384 248 230 133 206 611 377 236 301 272 754 200 618 102 703 731 645 178 211 555 171 639 382 205 538 620 810 237 591 612 648 426 465 440 854 661 89 461 765 645 557 211 542 574 808 327 205 606 587 308 546 372 548 461 938 536 210 425 166 730 394 74 581 547 170 770 691 838 488 353 285 727 875 390 628 407 480 825 748 700 554 659 545 238 259 453 574 457 487 347 786 415 295 619 600 863 392 760 368 786 245 166 676 392 416 560 739 542 480 593 754 665 353 570 402 417 435 608 726 318 227 368 83 841 209 560 422 779 188 726 600 355 312 225 250 307 730 146 239 262 505 474 367 262 553 661 564 315 223 714 362 34 81 511 427 326 528 719 641 515 501 825 360 390 643 185 513 537 730 216 690 346 639 389 533 537 232 71 729 301 449 175 171 242 432 357 213 339 370 186 563 565 164 692 359 307 463 177 391 641 521 145 674 361 408 642 425 356 354 494 318 540 621 351 215 647 447 725 323 576 452 342 123 370 324 313 500 601 359 103 390 638 859 686 202 173 122 212 303 861 614 348 601 650 503 663 703 511 695 469 746 260
666 646 94 561 140 306 810 674 271 202 538 581 0 799 215 519 107 714 346 516 351 470 145 890 768 650 491 761 342 282 812 374 854 175 599 264 682 138 194 243 657 735 64 681 565 465 765 597 344 235 581 431 30 158 410 596 731 278 130 652 726 227 364 360 601 576 14 232 802 568 275 212 519 633 663 765 506 375 644 644 721 439 550 680 550 81 55 448 212 240 257 94 778 791 221 308 713 82 423 708 268 621 130 64 435 155 810 511 560 266 612 515 451 221 793 286 223 566 303 222 659 440 678 695 727 409 678 338 291 498 572 582 665 335 287 526 119 218 975 237 346 656 684 356 699 544 270 473 605 967 609 436 436 75 238 430 797 740 739 422 627 440 844 117 107 402 477 337 587 448 289 786 607 229 614 504 176 344 555 145 158 196 188 505 258 238 826 248 699 729 673 282 368 175 741 318 320 728 512 672 519 188 822 659 407 719 817 400 224 514 242 239 650 107 432 745 462 743 317 587 739 429 296 660 725 410 881 304 61 382 396 679 706 876 41 397 429 602 131 168 339 320 168 679 739 703 935 646 309 449 237 230 499 284 682 307 421 673 507 605 369 284 283 60 360 477 481 425 159 602 648 315 216 543 713
688 322 762 539 886 832 202 627 968 970 319 334 799 0 1001 886 899 96 526 427 832 386 829 102 104 150 330 175 921 675 361 619 309 973 523 722 316 889 980 762 164 133 795 162 577 393 187 440 683 1035 565 915 827 805 465 361 750 1077 908 252 248 1015 700 610 534 876 796 996 15 536 903 871 304 423 210 864 426 1175 868 158 736 380 697 712 409 767 782 365 1009 967 1035 709 56 71 989 1107 698 817 441 287 1066 679 929 795 678 815 377 594 378 677 341 444 382 1020 125 545 743 532 1102 668 672 699 694 534 204 712 710 732 864 739 462 388 456 846 958 688 829 583 239 725 670 630 140 501 677 418 1070 541 459 211 725 509 756 842 563 641 372 509 65 769 455 567 320 693 699 432 326 866 590 891 598 400 644 574 310 398 666 510 659 796 955 914 795 465 1058 562 61 757 149 833 866 1011 496 946 94 942 503 854 497 129 396 976 93 293 451 183 236 758 592 548 580 647 163 818 891 315 701 650 482 796 385 721 939 851 267 708 111 524 853 748 430 667 816 187 760 939 402 197 899 635 807 626 725 775 631 319 235 187 490 830 718 621 430 529 501 1104 716 495 508 441 476 572 1079 848 666 588 641 830 920 632 371 990 616 722 542
742 861 240 680 233 315 1023 871 321 49 719 797 215 1001 0 657 107 912 560 730 495 685 291 1095 977 853 703 974 443 478 1027 575 1069 60 807 351 898 119 162 310 865 945 252 891 673 641 978 740 434 75 784 548 184 221 576 758 915 95 185 867 900 165 442 480 807 722 223 56 1005 774 377 328 708 778 848 931 663 199 799 849 906 652 620 867 765 234 255 659 122 275 46 308 975 999 212 139 903 184 594 877 139 697 119 252 515 310 1025 712 722 379 776 666 635 104 983 501 309 687 152 427 740 624 752 902 940 477 865 516 417 551 711 739 801 334 352 712 267 419 1186 424 442 748 878 571 891 758 105 681 743 1177 670 648 483 215 449 625 1011 949 938 463 839 646 1059 308 322 583 675 466 691 576 500 1000 694 441 829 719 340 513 746 313 124 272 351 651 111 447 1023 317 909 899 831 293 583 198 936 403 504 893 648 876 734 156 1031 829 622 932 1032 570 439 720 457 447 858 265 559 960 531 940 522 754 953 608 377 820 940 480 1088 484 154 554 581 872 876 1088 256 499 613 805 202 367 363 523 293 855 938 918 1148 837 515 599 336 443 713 473 808 172 486 882 717 818 584 498 87 193 553 588 572 573 212 693 803 363 390 604 919
1103 582 599 953 426 820 773 361 355 676 796 553 519 886 657 0 583 845 410 458 168 515 381 936 801 763 584 751 221 298 672 289 747 596 395 751 604 644 504 745 724 764 455 724 974 760 746 939 813 615 349 118 538 675 750 895 324 648 473 640 959 520 838 793 386 69 505 703 879 369 281 329 746 965 871 292 838 677 151 745 323 552 1006 300 479 588 465 571 554 396 702 488 899 838 463 639 343 601 748 963 585 1061 540 455 896 366 660 297 866 733 899 859 727 577 952 447 720 955 615 359 1091 189 1114 450 710 884 300 212 240 973 926 896 1009 850 322 210 408 556 942 303 809 1073 842 437 344 470 625 345 956 956 1067 383 923 465 509 248 651 506 852 914 466 321 730 562 478 703 683 191 999 82 368 622 1037 503 581 490 623 701 251 373 532 385 330 862 604 519 939 748 738 268 185 403 433 461 883 268 651 255 886 773 490 508 852 919 466 720 758 152 459 342 451 362 729 417 99 646 928 407 564 145 593 170 290 179 665 884 910 653 560 171 691 334 252 850 501 176 712 730 456 550 847 313 656 251 417 614 889 829 562 76 724 401 457 619 1044 596 897 463 379 468 461 407 665 491 250 898 924 96 444 1029 952 329 624 1008 458
696 754 147 614 160 290 916 772 278 100 626 689 107 899 107 583 0 812 453 623 416 578 204 992 872 750 597 867 382 378 919 473 961 75 703 290 790 70 144 256 760 840 150 785 611 549 871 663 376 138 682 482 77 158 488 673 821 178 119 759 810 168 390 410 703 645 116 130 902 671 313 255 611 701 753 846 579 281 719 746 812 545 575 772 658 138 150 553 136 235 150 201 875 894 189 214 807 93 504 789 185 651 65 150 464 221 918 611 636 308 690 585 540 136 886 394 246 620 215 323 691 530 707 798 833 431 770 423 344 513 635 656 728 316 304 618 177 316 1080 327 381 694 779 463 794 651 175 577 668 1072 631 542 446 121 343 526 904 845 837 429 733 542 952 206 215 489 574 393 631 505 394 893 642 334 722 612 248 423 649 220 94 212 261 572 168 341 923 263 803 812 749 268 476 154 837 347 408 809 573 773 626 136 926 741 514 825 924 481 332 616 350 342 753 172 489 852 485 841 418 668 846 516 322 737 832 432 984 390 47 464 485 775 789 982 149 439 517 703 133 264 334 421 212 765 838 811 1041 739 411 519 269 337 606 375 739 225 441 777 612 712 477 391 179 95 455 524 517 494 155 640 721 323 296 563 816
602 316 672 448 808 736 255 620 897 880 222 308 714 96 912 845 812 0 463 392 776 333 754 198 148 82 268 211 859 612 398 567 362 887 507 626 321 799 899 667 131 155 714 151 487 296 224 351 587 949 545 863 741 713 368 271 744 991 828 243 181 934 603 513 518 843 712 905 105 514 836 800 209 338 120 855 331 1090 843 100 730 312 605 701 381 678 701 295 926 893 944 626 63 136 910 1022 693 728 345 214 982 591 845 714 582 741 412 562 284 582 252 349 287 936 107 473 648 441 1018 598 586 657 609 535 223 615 699 676 800 644 372 297 376 750 889 656 751 496 331 658 573 545 45 437 672 388 984 503 371 305 636 462 660 761 482 597 405 520 31 673 446 524 369 605 617 337 237 806 501 842 533 427 555 492 293 356 575 415 633 721 872 839 724 370 973 480 111 661 148 821 845 937 434 866 38 877 411 841 403 75 358 895 170 209 391 199 287 709 515 516 504 578 121 741 840 337 606 653 399 768 403 677 872 829 285 612 205 432 766 697 337 659 803 264 676 882 308 121 819 548 710 567 633 760 635 330 319 91 406 784 623 549 390 439 422 1021 620 493 475 426 411 503 992 765 613 493 546 782 841 544 288 922 525 629 546
721 304 363 560 384 550 483 368 446 548 385 243 346 526 560 410 453 463 0 169 313 144 320 600 465 383 196 441 396 148 466 122 513 514 269 446 340 476 488 462 364 428 313 377 585 353 442 533 478 568 264 405 377 439 354 485 460 612 418 324 554 521 505 435 273 428 337 578 523 241 377 350 337 557 467 533 433 695 460 370 446 151 641 405 204 361 307 170 527 451 603 256 523 497 484 632 426 403 347 555 582 683 458 313 544 302 464 213 457 411 489 457 318 543 565 72 434 560 620 150 708 231 732 363 402 546 403 216 337 626 523 488 602 577 433 278 327 212 656 200 469 684 450 27 407 197 599 151 551 656 699 97 593 358 155 178 451 401 477 590 284 133 502 292 241 301 274 343 610 389 73 439 654 156 277 162 319 318 283 286 477 400 276 462 582 164 569 462 395 495 476 492 30 446 499 415 267 505 490 399 175 486 521 510 75 401 485 260 131 194 112 128 363 320 384 402 578 435 168 384 392 242 413 459 388 545 582 276 407 244 288 386 471 556 305 419 306 342 404 241 557 104 379 432 426 360 611 429 168 339 424 117 153 245 639 616 558 334 173 260 53 62 620 373 160 520 556 331 419 645 542 465 292 650 381
798 144 528 628 546 699 335 263 592 717 404 96 516 427 730 458 623 392 169 0 420 96 480 481 345 310 159 302 517 288 297 206 348 684 143 590 177 644 652 612 266 307 482 265 660 404 300 575 605 737 166 494 546 601 434 509 380 781 583 186 530 685 631 549 152 451 507 747 421 134 514 500 348 589 439 480 488 861 452 292 365 161 739 330 34 526 476 175 694 604 773 425 442 381 644 798 334 571 419 543 748 767 627 482 657 462 295 170 491 549 505 513 368 711 499 234 584 626 785 312 784 272 809 220 261 668 327 321 467 739 574 520 636 725 574 264 491 361 510 347 595 753 395 162 313 28 766 113 596 516 792 95 717 526 307 215 281 246 395 718 125 142 336 454 410 374 292 458 683 467 234 269 734 312 128 42 471 421 242 447 644 556 430 525 749 314 481 610 280 443 456 642 149 609 430 546 375 460 559 317 34 650 398 507 120 267 331 335 296 124 277 290 272 485 469 236 690 319 281 376 223 295 549 439 232 665 457 391 577 328 362 295 422 412 475 525 365 285 569 399 699 234 535 380 305 195 462 393 285 404 570 287 17 367 679 779 678 183 82 98 156 231 789 542 252 611 656 406 582 723 560 604 436 753 237
957 561 433 816 262 654 755 426 218 511 687 516 351 832 495 168 416 776 313 420 0 446 213 897 761 694 507 722 101 170 686 215 753 435 411 590 590 476 349 581 668 723 287 676 833 640 720 813 656 460 372 97 370 508 619 780 436 496 310 605 864 370 681 643 406 228 337 539 828 379 133 167 643 843 779 437 712 538 304 680 429 465 855 396 449 422 298 483 400 251 541 327 835 795 314 493 436 433 620 862 437 914 376 287 742 198 678 300 748 575 787 731 610 422 878 327 556 818 471 215 946 174 968 492 681 727 394 100 81 817 798 777 885 684 187 253 240 411 929 150 653 932 764 341 430 440 474 315 829 937 915 327 764 297 373 214 666 548 788 753 472 279 738 401 318 578 582 42 857 99 251 643 891 364 548 439 465 564 296 206 372 228 163 731 453 382 879 585 692 406 336 271 342 304 812 142 516 399 752 709 445 352 815 815 384 686 748 100 322 333 318 226 669 249 86 643 773 488 441 263 605 150 156 325 649 727 875 514 392 97 567 413 385 832 335 106 593 655 293 397 683 209 494 369 492 605 880 743 437 103 562 265 412 481 916 455 740 490 357 464 367 288 512 324 168 753 774 78 284 884 837 208 472 854 505
702 179 467 532 524 621 343 359 590 666 311 113 470 386 685 515 578 333 144 96 446 0 462 456 321 250 70 298 535 290 349 234 384 644 239 509 215 590 627 535 222 284 447 234 564 308 300 480 517 701 259 531 500 535 339 416 474 745 555 184 450 661 543 459 248 517 463 696 382 228 520 494 256 496 360 569 392 832 529 234 459 65 644 422 115 467 438 79 664 595 726 376 389 353 626 767 429 515 323 460 719 671 591 446 564 445 350 248 397 467 414 417 272 678 438 185 508 530 757 293 687 326 713 314 260 577 420 345 479 646 479 426 543 645 577 338 467 289 513 343 506 657 327 122 408 115 733 181 501 512 697 131 627 493 242 266 337 335 342 629 215 195 375 392 362 279 197 479 587 509 218 333 638 248 144 56 399 329 324 428 611 543 420 429 717 247 433 532 251 532 537 636 114 587 370 557 286 548 462 263 71 624 377 420 68 257 348 376 245 207 228 271 223 459 508 277 598 415 197 452 286 345 556 520 254 575 438 303 530 364 266 390 511 414 428 552 269 215 543 333 617 240 463 468 401 236 470 316 202 451 491 254 82 283 585 754 587 275 166 187 102 199 751 505 280 516 562 449 560 627 469 609 358 658 331
798 622 236 678 67 451 803 585 151 301 610 562 145 829 291 381 204 754 320 480 213 462 0 911 780 680 502 760 197 200 776 297 829 232 532 404 657 263 173 387 673 744 83 691 687 545 761 699 480 271 504 287 159 303 503 684 624 313 111 644 798 205 502 484 530 441 132 329 829 498 132 69 579 733 725 642 601 382 515 671 615 450 686 576 515 224 99 464 219 139 337 161 817 809 164 323 613 225 512 786 269 753 171 84 570 20 772 430 649 399 697 615 524 239 845 284 365 682 307 169 789 334 809 625 722 548 575 225 146 638 677 675 770 481 156 422 27 289 976 140 480 782 730 339 602 507 294 409 710 974 745 388 578 84 278 340 759 675 774 565 574 372 817 229 160 480 527 194 710 305 247 742 736 268 597 481 296 439 458 34 176 85 60 609 275 283 865 391 709 609 545 183 348 128 786 177 402 605 622 700 493 173 836 737 393 720 805 279 239 444 249 192 670 38 289 717 599 653 363 465 698 317 157 533 707 549 896 392 179 263 471 583 586 876 142 252 502 634 94 252 485 252 306 564 652 676 931 698 356 315 377 209 466 364 793 299 560 610 449 556 360 263 325 110 268 601 612 290 101 730 740 188 321 681 641
782 355 857 637 970 934 185 647 1046 1066 421 384 890 102 1095 936 992 198 600 481 897 456 911 0 136 242 409 187 989 746 345 682 277 1065 555 823 339 985 1067 862 237 174 882 222 676 494 195 538 785 1126 600 975 918 903 566 460 766 1169 995 295 337 1102 802 712 565 919 887 1092 93 573 976 949 405 518 309 882 528 1265 902 246 753 460 796 733 457 862 870 448 1098 1048 1130 799 151 102 1073 1198 714 912 543 376 1155 775 1019 882 780 896 361 638 479 778 440 545 483 1110 202 627 843 630 1191 746 766 753 788 548 227 814 732 797 935 840 561 487 549 948 1033 730 912 676 148 800 772 724 242 576 695 466 1161 594 556 114 823 570 858 930 652 696 360 514 167 871 483 624 291 787 788 532 423 933 687 948 673 391 740 662 355 458 763 610 697 877 1044 995 874 566 1148 652 123 857 205 854 896 1090 569 1031 193 1013 601 876 598 219 453 1063 83 389 524 215 214 816 677 593 664 724 241 903 950 318 802 659 574 834 389 776 1012 882 281 810 33 622 945 808 530 687 839 132 850 1003 502 290 985 728 908 696 823 800 641 336 159 289 581 885 818 702 486 626 592 1192 818 513 556 474 552 650 1172 937 729 689 742 888 1005 729 466 1065 713 822 553
747 225 742 588 840 839 107 526 912 950 347 248 768 104 977 801 872 148 465 345 761 321 780 136 0 141 279 71 853 611 259 545 215 943 427 725 215 869 939 763 111 38 755 88 627 410 83 495 698 1003 470 839 796 794 478 413 648 1047 868 160 328 974 718 626 438 786 763 978 91 442 842 815 316 485 267 763 461 1140 773 136 635 331 741 612 322 746 744 320 973 915 1013 675 149 37 943 1074 596 795 455 363 1029 733 895 755 706 764 274 505 422 680 396 482 390 985 222 497 741 582 1066 613 731 617 755 432 101 736 610 660 799 774 513 438 523 856 899 598 783 558 213 665 685 691 189 443 576 331 1037 458 515 200 776 433 783 803 529 561 269 405 123 793 357 487 223 670 663 435 318 796 642 813 539 296 697 538 220 321 652 512 566 746 919 863 741 502 1024 530 165 758 70 733 770 957 435 902 171 878 495 755 537 118 316 936 55 357 390 83 139 680 550 459 536 591 120 774 814 210 733 547 454 704 281 640 877 755 163 733 116 517 824 672 430 567 717 125 727 867 407 183 856 609 819 560 715 676 528 216 186 229 462 749 717 571 350 515 570 1065 742 393 421 345 420 518 1051 811 592 623 677 752 876 686 435 931 603 764 439
617 246 615 453 736 699 234 545 821 823 207 230 650 150 853 763 750 82 383 310 694 250 680 242 141 0 187 182 779 532 354 484 333 824 430 586 257 742 830 625 63 127 645 95 492 268 193 365 557 885 466 781 677 662 337 284 669 928 758 175 237 865 576 484 441 760 646 850 151 435 757 723 174 361 154 778 321 1025 762 19 654 233 603 624 301 620 632 217 859 819 887 559 140 151 839 958 618 670 313 262 916 600 779 645 565 666 366 480 287 541 269 344 249 870 189 397 604 447 952 521 601 574 626 465 178 594 622 594 720 634 380 307 403 716 811 574 679 434 352 580 544 562 89 357 597 308 920 420 386 334 641 379 642 692 413 514 356 455 94 652 371 441 336 545 549 295 181 725 509 760 454 375 564 423 218 274 521 373 552 647 805 765 648 363 908 412 186 620 102 744 765 862 353 796 120 798 360 763 398 24 276 826 186 242 310 155 261 626 442 435 431 500 49 669 758 285 592 582 333 687 344 594 794 748 233 591 237 381 703 615 291 583 724 267 610 801 266 47 749 486 678 486 582 682 564 269 328 107 340 701 580 473 308 384 450 954 600 422 393 350 331 425 930 698 530 483 536 699 770 552 315 844 471 626 477
647 193 474 475 561 606 321 421 638 680 245 133 491 330 703 584 597 268 196 159 507 70 502 409 279 187 0 270 592 345 360 300 380 666 300 492 226 600 660 522 171 244 476 191 510 252 274 417 489 726 325 595 520 535 293 350 539 769 588 170 379 695 513 425 310 588 485 708 328 293 572 541 189 430 289 638 334 861 600 173 524 52 597 489 168 476 465 44 694 639 741 397 327 307 664 795 493 525 274 389 750 618 617 476 526 487 365 318 333 447 346 359 216 707 371 217 497 473 787 338 632 395 658 366 238 544 486 408 534 606 418 362 477 628 627 409 504 290 483 394 477 600 258 170 471 171 759 252 438 477 647 202 593 524 253 336 352 379 281 598 265 265 375 400 385 234 135 538 532 576 268 354 584 262 153 116 394 295 394 468 640 586 465 372 745 256 373 519 209 601 607 681 166 622 304 611 259 617 407 203 127 657 335 350 123 228 332 443 271 276 256 316 168 494 573 284 558 474 188 523 309 413 608 591 249 541 395 279 549 430 223 454 579 385 450 614 218 147 577 340 597 299 459 537 459 247 444 245 195 519 477 293 148 266 521 786 553 325 235 238 145 241 774 532 345 469 517 515 596 573 401 660 349 613 383
799 168 744 635 822 859 54 461 886 950 387 206 761 175 974 751 867 211 441 302 722 298 760 187 71 182 270 0 818 581 189 508 152 936 367 744 151 871 924 779 129 57 743 94 674 442 12 546 724 995 412 796 791 802 507 465 581 1039 853 117 393 959 746 654 378 732 755 978 162 385 811 790 349 540 325 697 502 1129 714 169 568 322 784 547 275 746 733 314 960 892 1012 667 220 106 924 1063 530 796 484 426 1016 782 886 743 741 743 203 453 469 698 449 525 419 974 293 481 755 630 1054 591 783 571 807 364 40 768 545 623 767 812 562 488 581 877 870 544 765 559 215 638 712 743 248 421 510 284 1028 412 567 215 823 395 816 790 524 516 197 335 190 825 296 444 158 670 654 458 338 760 691 767 514 224 746 533 174 286 660 533 510 726 907 841 717 544 1013 526 237 775 81 668 708 933 411 885 238 845 510 690 580 162 278 921 105 415 367 41 79 637 538 408 523 568 143 757 770 139 769 478 456 646 210 595 847 694 94 764 159 531 819 630 452 501 653 115 719 827 432 212 841 609 842 528 724 613 459 149 174 283 463 703 733 552 310 525 628 1052 774 327 373 286 400 497 1044 800 554 663 716 707 858 735 492 901 612 806 370
987 659 433 857 221 648 852 525 133 468 753 611 342 921 443 221 382 859 396 517 101 535 197 989 853 779 592 818 0 247 787 310 853 383 513 600 689 449 285 584 757 816 280 767 870 699 816 866 674 396 474 106 353 500 669 840 524 428 264 700 935 299 697 672 508 290 329 493 917 481 69 130 713 897 854 511 765 456 372 766 520 547 878 488 547 421 295 564 335 175 487 345 920 887 242 417 530 420 673 930 363 942 330 281 763 190 779 402 806 592 849 782 671 358 959 395 562 860 393 272 978 276 998 593 777 743 487 195 63 833 847 834 937 677 100 352 223 454 1027 206 673 967 844 422 525 538 404 414 879 1033 938 422 774 274 425 315 768 649 874 762 574 378 838 419 340 635 654 59 894 139 327 744 923 416 644 533 486 609 395 206 318 172 172 779 383 433 965 588 784 484 405 183 426 245 895 46 565 473 796 795 540 290 908 882 470 781 846 201 376 435 377 289 758 235 122 743 793 585 502 345 706 251 69 397 747 743 969 560 368 199 624 510 465 929 338 56 652 738 249 429 682 294 502 455 590 705 978 820 497 183 572 324 507 528 965 375 755 592 457 565 448 360 445 299 264 786 801 160 232 917 897 111 503 874 606
805 431 336 656 267 551 620 394 305 478 517 377 282 675 478 298 378 612 148 288 170 290 200 746 611 532 345 581 247 0 579 97 636 424 331 467 465 420 374 469 512 574 228 524 676 471 581 647 521 469 306 266 309 416 455 610 450 512 310 463 694 404 547 497 331 335 268 508 672 298 230 212 473 675 610 494 545 582 388 519 440 299 710 399 321 328 229 317 419 316 524 216 672 643 359 523 431 357 454 691 470 763 364 228 601 180 574 233 579 443 617 566 440 438 712 156 442 658 507 67 793 163 816 425 541 593 397 86 189 680 632 608 718 581 288 246 216 258 794 60 516 775 597 175 417 313 494 209 663 797 770 193 634 263 211 148 561 475 626 627 374 171 623 282 202 411 412 195 701 257 81 543 738 204 411 295 335 404 273 170 374 269 144 567 476 221 718 471 541 457 413 354 179 328 647 267 354 459 590 548 305 373 667 644 223 542 618 148 161 244 153 65 511 215 249 523 634 463 272 321 500 158 266 397 519 592 727 355 338 128 399 397 432 695 249 273 424 490 293 258 571 53 379 402 460 483 747 574 269 221 441 103 275 321 751 499 605 410 249 357 201 117 523 285 78 600 627 206 302 730 667 319 330 713 442
966 170 816 797 843 966 162 331 879 1011 547 236 812 361 1027 672 919 398 466 297 686 349 776 345 259 354 360 189 787 579 0 488 79 981 279 852 134 937 949 881 292 243 779 258 835 587 177 716 848 1034 324 742 842 884 643 636 439 1078 881 200 580 981 872 782 287 637 803 1041 347 309 797 790 500 714 506 555 658 1158 601 337 427 400 938 417 262 816 773 402 991 895 1069 719 409 290 938 1096 389 862 622 611 1045 945 925 779 880 757 16 387 635 808 623 683 557 1008 482 526 854 793 1082 609 950 516 975 230 176 900 415 595 746 956 728 657 758 988 857 462 787 638 287 640 836 913 432 456 373 269 1064 376 738 312 982 387 950 824 591 472 20 182 379 956 213 413 62 741 705 587 471 728 854 708 532 52 909 597 208 308 747 654 420 743 941 849 723 700 1047 596 421 878 254 531 588 930 443 905 427 823 620 556 736 339 293 947 277 596 406 201 130 589 589 352 570 588 307 783 714 76 910 327 543 545 81 541 830 576 123 898 311 640 873 589 577 370 521 218 770 784 566 371 866 683 957 525 812 486 308 113 234 460 549 640 836 584 313 625 805 1076 909 208 333 224 444 528 1086 840 529 812 863 651 878 898 670 885 705 957 228
837 349 418 679 364 626 542 300 391 573 507 301 374 619 575 289 473 567 122 206 215 234 297 682 545 484 300 508 310 97 488 0 548 521 234 533 381 512 470 541 454 507 323 461 703 475 506 655 576 567 209 296 403 498 474 608 368 609 407 390 671 501 603 541 233 306 361 603 614 201 310 302 457 679 583 427 555 679 341 469 356 264 752 315 237 412 323 283 516 407 621 299 624 580 454 620 343 445 468 674 567 798 461 323 649 277 482 137 580 503 611 578 441 536 671 173 512 679 604 151 824 109 849 328 467 647 312 115 261 731 645 610 724 655 370 170 314 306 717 157 569 802 558 148 328 228 592 113 673 723 811 112 691 360 250 64 469 378 577 686 279 75 535 356 284 422 394 251 728 275 104 450 770 247 334 224 400 432 187 267 472 363 240 583 573 261 667 541 477 388 360 442 144 425 604 340 381 395 610 497 230 470 600 630 179 471 537 142 208 146 193 137 457 312 273 437 683 369 286 266 407 120 344 343 438 646 660 387 432 130 409 307 364 619 338 321 428 448 391 320 640 54 452 329 365 397 668 543 285 220 507 161 197 354 761 595 659 312 155 264 172 136 620 381 47 634 667 215 398 762 664 399 384 758 344
950 208 850 785 895 985 108 411 939 1050 536 272 854 309 1069 747 961 362 513 348 753 384 829 277 215 333 380 152 853 636 79 548 0 1026 352 871 172 973 1000 902 276 209 826 240 824 586 140 698 859 1081 397 812 884 914 647 617 518 1125 931 210 543 1033 882 791 360 714 846 1080 294 380 859 848 494 692 477 634 650 1208 680 319 507 426 932 496 314 851 818 424 1041 953 1110 760 361 239 993 1145 469 898 624 577 1095 933 971 826 883 811 95 458 620 826 601 674 559 1057 434 567 877 780 1133 660 934 585 959 309 158 907 495 659 809 957 713 640 733 1006 919 536 839 668 207 696 847 895 400 499 453 322 1112 439 719 233 972 443 956 871 625 538 100 262 338 963 283 476 17 775 746 594 475 793 842 779 582 132 897 632 239 351 775 666 496 796 990 905 779 692 1095 629 366 899 231 611 668 989 487 957 386 887 636 635 728 314 337 998 219 568 447 179 75 658 629 420 611 638 291 833 785 112 912 406 568 623 153 610 892 655 131 904 243 657 914 656 586 450 601 145 812 852 570 359 917 715 973 582 839 565 388 153 155 435 575 712 857 630 363 646 780 1128 915 285 396 288 484 574 1132 886 592 809 861 722 930 885 645 947 730 953 308
759 818 222 684 173 340 985 816 262 91 701 754 175 973 60 596 75 887 514 684 435 644 232 1065 943 824 666 936 383 424 981 521 1026 0 754 357 854 122 106 320 832 910 202 856 680 624 940 736 443 63 730 488 146 224 563 748 856 104 125 827 886 116 454 481 754 662 181 110 976 722 316 267 686 774 829 871 654 205 739 819 847 614 637 809 718 213 207 623 76 217 106 269 949 967 157 138 846 168 579 865 114 714 61 202 528 252 979 658 711 379 765 659 615 66 962 459 314 690 140 376 755 566 769 849 902 493 807 458 356 572 709 731 801 363 293 655 210 390 1150 368 449 760 854 526 834 712 99 629 741 1143 691 598 504 161 414 569 965 897 911 485 789 593 1016 281 282 564 649 406 699 516 451 952 707 404 787 675 324 499 690 256 64 211 293 646 94 413 998 327 874 839 771 238 539 138 912 343 483 833 646 846 689 99 998 816 579 895 992 510 398 667 415 396 825 209 499 916 547 884 491 695 906 550 318 760 898 495 1056 465 120 495 561 815 817 1051 216 439 593 776 142 338 387 471 285 796 883 874 1110 814 484 539 338 397 667 450 811 153 503 831 667 769 542 452 107 142 498 593 583 513 152 705 796 305 371 623 866
941 201 629 771 599 818 382 120 615 801 545 200 599 523 807 395 703 507 269 143 411 239 532 555 427 430 300 367 513 331 279 234 352 754 0 713 216 735 705 731 376 392 554 364 803 547 360 718 737 801 46 463 629 707 576 650 241 844 642 271 660 734 763 685 11 367 588 832 513 33 530 532 490 731 571 347 631 912 346 410 226 303 880 194 134 625 552 318 751 636 852 516 549 465 686 855 193 665 561 677 801 909 695 554 793 512 269 111 634 675 646 657 511 770 613 341 702 769 838 379 927 238 952 95 328 802 192 327 478 876 718 663 778 845 590 184 548 479 547 391 727 897 518 274 171 130 826 126 739 563 934 171 850 593 422 201 258 143 504 850 72 161 335 559 501 516 434 454 826 428 311 232 877 424 215 185 588 558 145 502 706 595 474 668 807 431 582 730 374 313 343 668 260 659 545 551 511 333 702 431 173 704 472 644 249 343 365 313 399 87 380 360 386 546 435 251 827 176 413 279 199 263 561 328 275 800 526 525 660 314 503 155 295 458 561 506 508 413 625 510 823 283 648 253 164 222 495 523 416 361 691 371 157 498 822 828 813 79 95 82 278 324 855 613 267 752 796 372 632 866 700 615 558 892 113
407 682 170 329 404 114 798 814 535 304 409 618 264 722 351 751 290 626 446 590 590 509 404 823 725 586 492 744 600 467 852 533 871 357 713 0 717 236 431 44 618 701 320 651 323 331 751 393 85 415 711 679 264 133 259 423 900 445 385 660 574 458 101 133 718 798 275 320 729 688 536 473 417 432 538 958 328 550 856 589 887 452 288 845 618 182 304 449 427 501 365 263 684 738 471 488 870 203 281 545 472 361 352 319 174 409 855 656 389 45 444 326 339 423 676 375 43 336 496 400 401 628 418 804 720 145 843 547 543 234 364 401 452 136 552 702 380 234 938 448 91 403 585 439 852 616 451 598 395 920 346 543 174 339 291 597 842 836 656 163 715 576 866 189 273 291 408 586 341 689 429 841 351 291 643 560 132 213 719 394 384 460 433 309 450 282 730 37 667 920 880 541 452 428 642 580 234 925 300 611 577 424 773 500 469 704 816 612 325 641 342 404 607 366 675 776 198 882 311 788 794 626 559 865 741 146 823 213 266 592 295 831 896 848 261 653 320 542 390 212 110 481 98 862 873 738 910 539 306 676 27 373 572 227 457 511 157 771 618 688 436 401 438 320 540 237 226 655 418 349 463 579 155 279 822
