182
0 775 813 1017 968 491 173 1149 330 824 235 540 939 868 588 720 284 1180 911 166 659 961 741 477 156 880 710 882 927 643 618 913 712 937 705 646 705 396 676 1201 691 821 555 422 213 157 996 349 873 1016 564 520 185 671 226 482 619 698 619 436 324 643 511 712 671 682 978 898 987 972 762 63 469 1210 1100 799 976 1008 634 981 790 282 842 758 922 839 970 329 932 1098 742 521 1072 556 895 887 278 852 671 546 845 188 978 578 638 273 834 642 847 1072 540 826 730 749 766 1214 1179 533 1094 613 894 731 889 629 974 805 853 372 967 546 1043 849 956 1126 615 434 854 778 879 611 541 927 913 952 1099 711 753 318 939 879 752 640 839 573 1049 1152 794 869 588 889 360 1100 928 734 946 851 798 15 603 126 970 912 722 257 1025 554 481 614 692 428 565 346
775 0 236 533 747 508 609 704 466 384 542 235 680 198 198 711 727 683 399 764 287 727 107 300 650 759 316 970 249 178 198 368 341 396 100 918 113 446 100 721 92 219 394 367 565 661 740 537 932 405 802 644 780 359 563 681 309 534 906 570 548 702 284 197 850 678 791 247 912 434 101 752 307 636 502 93 761 327 501 830 983 798 235 296 680 394 890 621 329 788 229 587 723 895 698 245 643 861 904 693 129 595 748 743 360 692 127 137 314 469 261 335 556 220 284 772 718 691 553 877 212 984 144 187 1111 612 917 423 939 240 555 757 671 701 240 357 130 818 789 916 240 157 498 211 511 151 308 466 391 990 916 523 593 489 414 756 852 663 485 145 596 452 624 90 890 1056 815 788 555 768 651 155 149 518 846 257 307 240 525 384 646 429
813 236 0 303 517 409 639 474 564 152 603 329 450 87 352 528 680 462 165 752 162 497 338 363 664 544 139 777 126 193 212 140 157 169 314 775 170 423 267 498 218 455 293 397 628 670 507 498 737 213 670 519 762 197 638 569 204 348 769 483 517 540 422 423 693 503 563 474 693 210 336 773 375 439 309 145 532 197 339 605 812 751 31 91 451 160 672 569 126 552 70 464 487 775 475 474 607 661 753 561 135 624 517 603 218 651 356 246 78 277 413 100 360 63 76 544 491 562 339 738 107 828 347 376 918 399 724 529 727 292 326 548 438 468 435 472 145 631 577 782 305 240 262 198 313 376 105 497 166 800 746 357 372 355 241 522 665 442 345 175 537 291 391 165 676 881 622 823 404 768 417 203 376 563 617 419 429 200 341 512 507 490
1017 533 303 0 317 537 852 171 828 200 841 613 258 341 650 482 815 169 138 917 384 297 639 631 861 403 324 665 311 480 493 165 313 137 617 766 472 625 570 199 521 748 463 642 865 862 287 670 623 174 693 584 920 349 883 642 417 358 771 608 695 535 712 726 669 481 366 754 517 102 635 966 643 203 155 440 329 282 404 415 746 878 298 292 273 185 500 716 211 284 346 546 214 802 318 756 764 548 732 604 412 837 311 624 382 796 643 544 226 156 707 222 340 347 292 241 189 611 91 741 337 789 619 678 794 311 618 799 567 568 26 425 231 167 737 751 417 553 439 788 583 480 109 403 141 678 290 727 142 694 689 407 260 457 203 224 581 302 442 428 680 227 202 468 517 800 533 1025 458 943 195 446 678 795 404 716 713 460 359 794 551 740
968 747 517 317 0 489 830 290 881 365 855 730 67 589 793 270 709 363 385 829 495 20 839 717 819 118 443 364 583 625 626 424 420 409 804 528 652 630 744 352 700 965 487 695 875 814 41 631 323 482 495 454 824 423 902 503 503 288 541 532 656 349 828 912 431 297 49 990 200 395 842 907 728 470 471 661 14 582 356 98 466 755 530 451 67 357 184 639 486 143 519 446 158 591 73 990 690 255 488 445 652 818 11 439 444 704 871 702 446 473 835 417 253 527 462 321 320 456 392 515 596 524 865 839 482 172 323 866 251 677 321 153 87 260 892 839 660 288 147 559 694 746 269 681 455 867 440 746 415 393 421 342 163 416 517 242 307 104 404 684 608 545 129 662 202 507 263 971 368 864 122 708 870 805 99 849 817 577 297 883 409 783
491 508 409 537 489 0 341 659 410 360 368 348 453 489 429 286 282 694 451 379 250 479 548 300 336 421 273 528 535 330 312 464 263 481 503 415 397 152 442 712 420 677 119 246 387 334 512 143 500 573 296 139 383 218 415 172 213 208 400 75 168 235 420 584 361 243 508 734 556 511 562 435 306 737 643 473 499 599 142 522 502 350 440 326 436 373 536 179 502 611 346 86 581 387 416 727 227 448 406 191 502 329 498 244 191 260 624 388 410 619 439 379 241 357 339 723 689 186 621 372 513 488 652 487 660 319 481 406 556 304 562 397 467 636 522 399 514 382 431 409 315 611 430 597 637 551 315 264 485 540 438 150 349 81 611 660 411 386 97 553 143 662 437 426 520 577 391 496 123 406 480 581 560 318 561 458 397 269 201 438 156 312
173 609 639 852 830 341 0 990 202 656 95 374 794 694 431 601 231 1017 741 182 487 820 585 309 54 753 539 798 754 470 445 742 543 766 546 593 534 226 511 1039 523 678 389 249 91 70 853 198 781 843 490 404 204 503 123 380 447 549 567 301 173 529 361 567 593 559 845 753 875 802 605 142 301 1041 929 627 839 834 482 855 726 273 668 586 778 671 855 212 759 953 568 389 921 515 756 742 173 748 608 441 673 14 839 483 470 200 678 474 675 900 390 655 582 575 594 1056 1018 429 926 554 720 680 730 477 908 661 762 236 863 376 878 725 808 968 473 287 683 675 757 565 371 758 750 780 928 560 581 145 767 800 677 491 690 419 876 998 696 727 434 718 233 927 776 563 835 795 692 184 461 170 819 741 571 93 896 406 328 441 542 295 446 183
1149 704 474 171 290 659 990 0 985 361 989 779 262 510 819 531 924 76 309 1034 544 278 810 792 993 405 482 653 474 647 660 336 468 308 788 808 643 767 741 62 692 917 604 796 1013 992 249 800 613 323 757 676 1034 498 1033 732 572 458 818 722 825 600 879 897 709 544 329 919 472 270 806 1094 804 197 258 611 297 431 517 373 757 981 469 457 283 346 462 834 378 184 515 649 133 861 329 923 884 546 770 684 581 976 280 693 529 910 811 714 397 278 876 390 431 517 459 70 32 694 174 790 503 812 785 849 763 373 614 959 530 732 149 437 233 30 908 914 585 573 437 836 748 642 245 562 241 850 453 875 312 683 709 514 327 577 339 75 595 333 562 593 798 341 238 640 486 798 549 1155 560 1064 202 609 849 941 345 885 878 623 463 957 637 893
330 466 564 828 881 410 202 985 0 627 107 243 833 597 269 696 419 997 700 385 443 868 417 200 257 828 504 927 659 373 351 690 516 717 384 755 420 258 366 1025 393 491 396 190 120 272 897 302 903 778 641 520 407 487 104 515 412 593 732 407 287 638 186 381 735 653 907 567 967 758 437 328 189 997 872 509 893 744 526 927 876 471 588 538 821 642 946 362 691 986 498 486 941 688 811 556 342 856 763 567 558 195 889 617 458 383 509 345 620 840 213 610 628 502 541 1055 1010 557 888 713 622 840 566 303 1049 709 883 43 966 271 854 806 841 968 284 109 565 788 841 733 259 623 740 663 875 383 538 150 717 934 819 542 725 469 804 1008 815 777 479 596 366 853 801 445 931 948 799 345 530 370 843 614 394 126 962 225 159 371 584 98 553 98
824 384 152 200 365 360 656 361 627 0 641 418 298 229 464 401 643 369 90 735 184 345 481 432 669 395 123 638 238 290 300 108 113 121 450 668 298 429 395 398 348 603 269 441 666 671 356 482 596 216 574 438 741 153 683 494 216 230 666 435 506 428 519 560 578 383 411 625 543 150 481 776 443 385 282 296 379 270 247 453 686 710 167 98 299 15 522 538 162 408 163 390 347 683 324 625 583 520 641 470 287 641 365 504 186 620 507 361 87 258 517 52 231 168 104 432 384 474 270 635 240 711 500 499 778 255 585 599 579 371 227 402 287 348 557 553 296 497 429 681 387 386 122 331 277 513 93 528 125 663 621 259 222 287 256 395 531 291 272 323 502 306 240 303 527 751 486 833 312 758 268 349 516 596 464 527 517 262 226 596 415 539
235 542 603 841 855 368 95 989 107 641 0 308 813 648 353 645 320 1009 721 278 462 843 507 249 150 789 520 860 709 421 397 717 527 743 470 671 478 226 442 1034 460 591 386 205 25 166 875 237 840 813 561 456 300 492 47 442 425 568 646 346 216 580 277 481 661 603 875 667 920 781 527 224 239 1022 903 571 865 792 499 890 798 367 630 561 798 656 899 279 727 970 533 431 932 598 782 656 250 800 682 499 618 89 863 546 460 286 599 411 648 873 306 633 602 539 567 1058 1016 488 909 630 674 757 654 395 977 683 820 144 913 320 867 763 824 970 385 200 627 729 797 645 313 695 745 726 904 477 559 114 744 865 745 513 706 438 843 1004 753 750 451 661 290 893 788 506 881 869 743 249 491 262 831 682 488 49 929 321 246 403 560 202 495 115
540 235 329 613 730 348 374 779 243 418 308 0 672 354 81 610 511 780 478 534 241 713 222 68 417 705 301 866 416 136 120 462 320 491 178 759 177 237 136 812 152 339 265 140 332 428 736 328 834 542 639 486 552 307 332 509 227 460 742 389 333 576 100 238 709 569 765 405 856 532 240 517 73 767 638 266 743 501 403 794 849 580 350 321 664 433 834 413 455 811 269 434 757 718 666 397 425 772 753 538 315 360 735 592 286 474 312 103 393 606 104 390 491 271 320 850 801 532 663 716 378 835 358 139 1002 566 816 204 870 52 639 692 673 767 176 144 323 715 727 749 36 387 539 420 642 211 325 233 490 880 785 424 567 364 566 813 747 630 368 355 395 613 628 201 826 924 719 553 437 535 665 375 221 283 822 119 100 158 450 183 503 194
939 680 450 258 67 453 794 262 833 298 813 672 0 521 733 271 690 328 318 807 434 47 773 663 787 149 380 410 516 562 565 356 357 342 740 546 587 587 681 324 635 899 437 645 835 783 64 596 368 418 498 436 805 365 860 489 445 246 556 503 621 344 771 848 447 289 116 923 262 330 776 880 673 426 413 594 82 516 314 163 501 741 462 386 21 290 244 612 419 158 454 420 142 600 68 923 664 295 508 435 584 782 67 437 387 682 804 639 378 413 776 349 211 461 396 306 293 445 339 528 528 553 797 777 536 134 364 816 310 619 265 177 29 231 831 785 593 313 184 574 636 678 202 613 398 803 374 702 349 439 450 302 108 376 454 230 337 75 362 616 579 484 61 596 259 549 290 943 336 841 66 640 806 764 167 790 761 516 253 830 393 735
868 198 87 341 589 489 694 510 597 229 648 354 521 0 358 615 754 485 214 819 239 569 305 401 724 625 226 862 62 227 251 178 244 204 292 863 178 488 260 523 216 407 371 447 674 731 575 568 821 207 756 604 831 283 680 653 279 435 856 563 586 627 437 395 780 590 637 413 772 239 298 832 412 439 305 108 604 146 426 681 899 826 62 178 525 233 751 643 132 609 143 549 542 861 552 415 678 746 841 647 71 680 588 690 301 723 301 257 143 272 422 176 446 132 163 577 522 648 355 825 25 915 281 368 1003 482 809 559 808 328 360 630 507 509 427 497 75 717 658 869 338 157 324 111 313 349 192 550 198 886 833 445 451 440 221 566 751 520 430 94 612 263 461 159 756 968 708 879 491 833 482 120 347 613 688 425 450 255 429 533 593 533
588 198 352 650 793 429 431 819 269 464 353 81 733 358 0 687 586 814 512 600 299 776 154 142 478 775 354 944 418 174 168 491 376 521 116 841 183 317 102 848 141 260 342 215 375 490 797 406 912 559 721 568 619 370 369 591 292 531 823 471 409 656 85 157 790 647 830 330 928 562 174 572 143 789 657 256 807 503 478 862 930 653 367 365 726 478 906 490 473 866 304 515 809 799 732 320 499 848 835 620 305 418 797 673 353 548 247 106 424 624 65 429 562 302 360 890 839 614 691 797 379 917 300 58 1082 634 894 226 944 127 675 764 731 810 99 160 310 793 799 830 114 356 586 404 663 134 371 297 518 960 866 500 631 443 577 859 825 696 445 336 474 621 686 199 899 1005 796 602 515 597 721 351 145 338 887 67 110 216 522 185 584 247
720 711 528 482 270 286 601 531 696 401 645 610 271 615 687 0 448 591 471 571 423 271 778 574 580 163 401 259 636 547 538 502 378 503 736 285 599 438 672 593 638 911 345 529 662 572 307 409 224 598 227 199 563 352 692 240 408 180 290 301 431 80 695 832 187 43 266 955 274 512 788 657 582 676 629 646 273 670 212 262 285 488 553 438 249 404 254 394 562 413 494 213 413 330 207 951 443 163 250 178 657 591 282 168 351 449 837 621 485 618 710 447 169 505 453 577 563 190 572 261 632 312 850 742 400 170 208 692 270 559 498 130 298 501 785 682 668 107 159 308 574 766 383 724 617 793 424 548 510 278 220 190 221 245 639 501 141 197 242 702 368 682 296 621 236 353 108 721 173 608 328 731 800 597 307 727 675 486 188 723 155 599
284 727 680 815 709 282 231 924 419 643 320 511 690 754 586 448 0 966 733 123 517 705 734 444 183 611 550 598 805 558 535 746 544 764 690 370 629 281 640 980 635 846 388 372 321 169 741 190 589 854 280 255 115 498 354 207 476 465 343 208 180 368 537 739 387 413 712 916 708 793 752 220 442 1017 925 717 715 875 412 710 510 71 711 604 671 655 691 110 781 846 612 274 830 286 638 907 86 570 390 269 754 232 720 296 469 37 822 592 690 901 565 661 492 622 616 983 955 257 901 334 780 457 864 641 694 558 569 443 684 490 839 578 711 898 653 477 765 497 606 339 493 856 706 857 920 720 594 298 767 595 468 411 599 359 893 914 510 616 374 804 143 944 690 659 666 575 518 281 363 162 731 831 731 293 756 583 505 507 462 498 299 360
1180 683 462 169 363 694 1017 76 997 369 1009 780 328 485 814 591 966 0 302 1073 553 349 790 800 1024 474 493 726 442 646 660 322 482 293 772 872 633 791 729 41 681 890 628 811 1033 1024 322 832 686 285 815 725 1075 517 1052 782 586 501 881 762 856 657 878 879 773 601 403 886 548 252 784 1128 811 121 204 590 370 388 555 449 827 1026 452 460 348 354 537 872 353 261 511 693 208 921 396 890 921 618 835 737 555 1003 352 749 549 950 782 707 389 230 873 390 477 512 460 107 58 745 131 852 475 881 751 839 839 428 686 968 606 736 142 505 298 105 898 919 558 641 508 899 751 605 267 523 189 832 459 895 296 756 778 555 379 613 293 149 664 395 597 562 836 286 295 626 561 870 618 1187 604 1101 264 574 831 963 421 880 881 629 504 962 687 908
911 399 165 138 385 451 741 309 700 90 721 478 318 214 512 471 733 302 0 825 259 364 503 501 756 439 202 693 199 343 358 38 198 33 480 746 334 515 432 335 383 616 357 518 746 759 366 572 651 130 657 526 831 241 761 582 296 310 746 525 595 506 576 589 654 458 434 627 577 61 500 864 512 300 192 306 399 204 335 480 753 801 164 161 325 78 557 628 101 395 209 479 328 766 359 629 673 574 717 556 283 726 382 587 273 710 513 407 88 167 571 89 306 210 159 379 326 561 188 715 215 783 495 540 831 311 642 669 619 435 162 452 299 303 599 618 289 561 475 762 450 365 115 296 188 542 162 609 39 720 690 345 269 377 171 357 593 332 362 306 593 218 256 331 567 815 546 920 398 847 271 328 542 677 482 578 579 329 308 660 500 615
166 764 752 917 829 379 182 1034 385 735 278 534 807 819 600 571 123 1073 825 0 590 824 754 466 128 733 632 717 874 607 583 833 629 853 712 479 676 332 670 1089 674 854 469 397 269 113 860 255 710 940 400 375 23 584 298 330 548 575 452 311 234 491 536 744 507 535 834 927 831 885 773 105 461 1116 1017 768 835 949 517 833 623 116 783 684 788 748 815 200 862 965 682 388 945 389 758 917 152 694 504 393 810 191 840 419 553 125 845 627 773 991 566 746 605 691 694 1095 1065 380 999 447 845 564 893 650 807 674 690 418 807 524 941 701 827 1009 651 466 820 620 729 444 524 904 809 916 1013 732 676 302 856 713 586 519 713 460 977 1028 633 734 475 858 236 1029 803 706 790 684 641 162 475 40 845 883 743 270 878 583 504 565 571 477 420 355
659 287 162 384 495 250 487 544 443 184 462 241 434 239 299 423 517 553 259 590 0 477 358 248 508 485 61 683 288 131 131 255 78 280 319 640 176 264 256 582 216 490 131 259 487 512 498 336 646 356 528 372 600 75 502 417 42 249 630 323 356 416 342 423 566 390 533 532 638 319 366 616 259 560 442 231 508 359 213 566 696 588 194 99 427 199 616 406 274 569 96 315 515 628 435 528 444 576 622 417 254 472 498 464 73 488 413 209 188 413 344 170 274 106 106 615 568 417 447 600 264 701 428 344 824 339 630 415 660 191 410 478 432 529 397 370 266 531 511 642 207 365 300 347 442 379 96 351 282 702 629 235 332 209 390 573 565 399 202 304 374 441 387 197 613 769 528 669 270 608 424 333 384 419 590 357 337 83 240 414 367 356
961 727 497 297 20 479 820 278 868 345 843 713 47 569 776 271 705 349 364 824 477 0 819 702 811 126 424 379 563 606 608 403 401 388 785 535 632 618 725 341 680 945 472 681 864 806 36 622 338 462 497 449 820 406 890 500 486 276 547 525 646 348 812 893 437 295 70 970 219 374 822 901 712 454 452 641 35 561 344 118 478 752 510 432 49 337 203 632 465 142 500 439 148 595 66 970 684 268 495 443 631 808 21 439 427 699 851 683 425 454 818 396 241 507 442 313 309 454 374 521 575 534 845 820 499 160 336 852 270 660 302 160 66 247 875 823 640 296 158 565 677 725 248 660 436 848 420 733 395 408 431 330 146 405 497 235 317 93 392 663 600 525 108 642 220 521 272 964 359 858 102 688 851 794 119 832 801 559 284 868 405 769
741 107 338 639 839 548 585 810 417 481 507 222 773 305 154 778 734 790 503 754 358 819 0 290 632 842 399 1038 356 231 242 473 423 502 45 963 187 457 107 828 142 132 444 362 528 644 835 550 1003 512 844 687 772 433 519 718 370 608 948 601 555 760 231 90 903 742 881 186 995 540 20 727 293 743 609 199 853 432 566 919 1040 803 340 387 771 492 973 634 437 888 319 632 825 931 786 179 648 934 953 739 236 573 841 791 428 697 92 160 417 576 203 434 633 313 378 879 824 734 660 921 319 1034 148 114 1179 695 986 373 1019 250 661 836 766 806 152 309 236 886 870 957 243 240 599 308 618 47 399 451 497 1057 974 588 681 544 521 860 920 750 543 246 614 557 719 177 971 1114 885 756 614 752 749 250 42 492 937 192 260 293 598 324 696 402
477 300 363 631 717 300 309 792 200 432 249 68 663 401 142 574 444 800 501 466 248 702 290 0 350 682 309 826 463 174 152 490 324 517 246 704 229 175 204 830 214 403 236 72 273 360 728 264 796 577 584 435 484 302 278 453 223 437 686 333 267 534 120 299 659 533 749 471 830 558 308 452 11 797 672 322 730 547 376 775 801 512 388 340 653 447 808 348 490 809 298 386 759 659 650 462 358 738 701 488 369 295 723 541 276 407 380 165 419 640 139 411 471 302 341 863 816 481 689 661 427 783 426 199 960 549 777 168 839 72 657 665 667 778 224 123 378 677 701 692 64 449 548 477 674 276 341 166 517 839 738 396 556 329 604 820 708 615 335 413 331 653 624 257 798 876 683 490 400 468 663 434 286 219 806 158 101 171 428 167 456 133
156 650 664 861 819 336 54 993 257 669 150 417 787 724 478 580 183 1024 756 128 508 811 632 350 0 736 557 765 782 503 479 760 558 783 591 550 569 243 553 1045 562 728 400 285 144 15 845 193 750 863 452 380 150 516 175 350 466 544 524 286 168 505 411 618 557 540 831 802 852 818 652 108 343 1055 946 663 827 861 479 838 687 220 694 605 770 684 833 185 781 946 593 373 918 469 746 792 139 722 568 413 707 62 828 452 483 156 724 514 695 918 440 673 577 601 614 1058 1023 400 939 512 750 637 775 526 870 653 730 290 836 413 887 706 803 971 524 339 717 648 738 521 411 796 757 814 944 609 599 184 785 765 640 486 685 417 898 997 667 718 432 754 212 949 774 599 811 754 666 163 451 119 816 778 620 142 880 457 378 469 538 349 424 230
880 759 544 403 118 421 753 405 828 395 789 705 149 625 775 163 611 474 439 733 485 126 842 682 736 0 443 262 630 616 613 476 419 468 803 409 655 570 741 467 700 972 446 648 807 729 159 556 220 553 381 359 727 410 836 404 483 245 423 451 580 243 798 908 312 198 103 1006 153 463 847 818 691 575 558 681 117 643 306 101 353 652 563 465 130 392 131 552 540 260 530 363 275 474 84 1004 602 146 369 342 680 742 130 329 422 611 886 693 482 555 809 448 213 540 478 439 436 354 487 398 636 407 888 825 393 147 216 818 183 652 412 35 178 374 875 798 690 170 36 441 668 782 329 725 544 864 452 685 475 291 304 287 173 359 591 361 190 107 350 718 523 625 200 670 131 400 145 881 298 770 215 745 869 739 145 825 783 561 254 841 315 729
710 316 139 324 443 273 539 482 504 123 520 301 380 226 354 401 550 493 202 632 61 424 399 309 557 443 0 656 264 182 187 203 24 226 362 637 211 314 301 521 257 528 163 318 544 560 443 377 618 308 530 379 640 57 561 429 94 221 630 348 399 404 402 469 557 372 483 563 597 263 404 665 321 503 390 246 457 326 201 520 681 620 170 53 375 138 575 441 231 511 93 325 456 635 387 561 483 545 616 421 257 524 446 464 81 523 443 259 140 361 403 116 240 104 66 553 506 422 389 599 247 692 451 396 798 296 603 476 623 251 350 440 377 468 452 431 269 507 472 643 268 368 239 337 388 424 43 407 228 678 614 221 283 215 344 512 541 351 205 304 407 396 331 227 574 752 501 719 265 652 366 333 428 475 540 415 398 143 213 475 367 416
882 970 777 665 364 528 798 653 927 638 860 866 410 862 944 259 598 726 693 717 683 379 1038 826 765 262 656 0 876 807 798 729 633 724 996 261 859 676 932 714 897 1171 602 774 873 754 403 626 42 812 317 406 703 610 905 418 668 435 287 520 644 292 947 1092 210 297 324 1215 198 723 1047 819 832 833 821 902 356 898 472 282 132 610 800 690 393 637 200 586 792 483 749 444 520 355 347 1211 626 119 225 361 909 792 374 314 611 614 1096 880 724 817 964 688 417 759 704 675 682 372 749 279 877 208 1107 1000 142 383 52 929 142 816 674 242 438 622 1042 927 920 152 226 302 830 1017 588 968 807 1052 676 777 730 29 134 450 424 501 851 597 119 366 499 952 569 887 462 879 171 147 155 879 429 758 476 980 1059 815 321 981 924 746 444 966 374 833
927 249 126 311 583 535 754 474 659 238 709 416 516 62 418 636 805 442 199 874 288 563 356 463 782 630 264 876 0 289 312 160 279 180 347 894 240 543 319 482 277 448 419 507 735 789 565 622 835 158 791 643 886 321 741 694 329 460 889 609 640 656 498 446 808 615 632 445 773 208 347 890 473 386 253 164 598 84 459 678 922 876 94 212 522 239 752 695 100 589 193 589 520 897 554 449 731 758 870 683 120 739 581 723 344 775 340 319 151 220 483 188 467 183 198 539 483 685 311 858 39 942 310 426 1016 493 824 621 812 390 327 639 498 476 484 559 119 735 665 903 400 169 314 97 263 401 225 610 173 901 856 476 457 479 164 535 769 524 468 119 662 204 454 220 760 988 724 938 525 889 470 135 398 674 681 485 512 313 454 595 628 594
643 178 193 480 625 330 470 647 373 290 421 136 562 227 174 547 558 646 343 607 131 606 231 174 503 616 182 807 289 0 24 326 205 355 189 741 70 278 125 679 92 363 217 220 446 511 626 367 771 406 624 466 621 206 452 502 139 378 728 392 381 530 232 291 676 511 664 411 770 396 240 610 185 631 502 160 638 372 335 698 811 630 215 191 557 304 748 449 319 692 134 409 635 717 566 406 475 703 728 516 203 455 628 567 197 524 296 77 257 470 228 257 405 134 188 718 668 513 527 699 253 809 322 214 948 471 755 336 791 101 505 609 559 637 269 279 213 655 643 738 113 298 412 311 506 248 197 324 354 826 745 357 463 315 432 685 689 530 313 251 423 480 513 100 744 885 654 654 384 616 548 276 254 386 721 237 237 63 369 320 470 305
618 198 212 493 626 312 445 660 351 300 397 120 565 251 168 538 535 660 358 583 131 608 242 152 479 613 187 798 312 24 0 343 208 372 198 725 94 254 135 692 108 374 202 196 422 487 629 344 763 426 607 449 597 204 429 484 131 372 711 372 357 518 219 296 662 501 664 424 766 413 253 585 163 649 522 185 640 395 325 697 798 606 236 202 559 314 744 426 339 698 150 393 642 698 566 419 452 696 713 499 228 430 630 551 191 500 312 82 273 489 217 270 400 152 200 731 681 496 544 683 277 794 341 213 938 469 746 316 786 80 518 604 563 648 266 261 238 645 638 721 93 322 421 335 525 255 207 300 371 815 732 347 463 302 452 695 679 530 300 275 400 501 518 124 739 872 645 630 372 591 553 300 261 362 721 228 220 52 363 302 455 282
913 368 140 165 424 464 742 336 690 108 717 462 356 178 491 502 746 322 38 833 255 403 473 490 760 476 203 729 160 326 343 0 204 29 452 775 310 517 406 358 359 583 364 512 742 763 405 579 687 108 682 547 841 248 756 602 295 337 773 539 601 535 559 560 683 488 472 592 615 70 469 868 501 307 187 275 438 168 356 519 786 815 133 156 363 101 595 639 63 432 193 498 363 791 397 594 683 610 747 579 248 727 421 612 280 721 479 385 70 158 551 87 335 191 150 405 352 583 201 742 178 814 459 516 867 346 678 657 657 421 187 488 338 333 575 604 254 595 512 789 436 327 154 257 186 513 160 607 27 755 723 368 305 393 148 388 627 369 379 269 604 198 294 304 605 849 581 922 420 854 309 290 513 674 521 558 563 319 334 646 523 609
712 341 157 313 420 263 543 468 516 113 527 320 357 244 376 378 544 482 198 629 78 401 423 324 558 419 24 633 279 205 208 204 0 225 386 618 236 316 325 509 281 553 160 329 552 560 421 374 594 311 512 363 636 45 569 415 104 197 611 339 397 383 421 493 536 349 460 588 572 259 428 665 336 498 389 269 434 337 182 496 659 613 187 66 352 129 550 435 238 491 116 310 437 618 363 585 478 521 596 404 279 528 423 445 75 518 468 281 146 362 423 117 216 127 81 539 493 405 383 580 265 672 475 419 775 272 580 490 598 269 340 416 355 453 474 447 291 483 448 625 286 390 224 355 386 448 54 414 227 654 592 200 259 201 349 495 518 327 189 326 401 400 309 251 549 729 477 721 246 650 346 355 452 482 516 435 415 162 189 491 349 426
937 396 169 137 409 481 766 308 717 121 743 491 342 204 521 503 764 293 33 853 280 388 502 517 783 468 226 724 180 355 372 29 225 0 481 779 339 540 436 329 388 610 385 539 768 785 388 599 682 96 690 558 860 268 782 614 319 344 779 556 622 540 588 589 686 491 458 617 603 41 497 890 529 279 164 302 423 175 368 505 785 831 161 181 350 110 584 658 79 409 221 511 340 799 387 619 702 604 750 588 274 751 405 620 300 740 505 414 98 137 580 110 339 220 176 377 323 593 172 748 201 816 484 545 860 343 673 685 646 450 159 482 322 305 605 633 280 593 504 795 464 349 140 276 162 542 184 632 6 750 723 378 299 408 138 362 625 361 394 293 622 185 280 333 594 847 578 945 431 875 292 313 541 700 505 587 592 346 341 674 533 635
705 100 314 617 804 503 546 788 384 450 470 178 740 292 116 736 690 772 480 712 319 785 45 246 591 803 362 996 347 189 198 452 386 481 0 918 153 412 63 809 104 175 399 319 492 603 802 505 960 500 799 642 730 394 485 672 328 567 903 555 510 716 198 110 858 699 845 231 957 520 62 688 250 731 597 184 818 427 523 882 996 759 319 355 737 462 935 589 420 859 287 587 797 885 750 224 603 893 908 693 227 533 807 746 386 653 133 116 392 564 172 406 593 281 346 858 804 689 644 875 308 989 184 89 1136 657 944 341 980 204 639 797 734 783 140 275 229 844 830 911 198 251 570 311 606 63 365 409 477 1014 930 546 645 500 511 836 877 714 499 246 569 550 687 149 932 1070 843 719 570 711 718 254 66 453 902 164 225 250 558 295 651 363
646 918 775 766 528 415 593 808 755 668 671 759 546 863 841 285 370 872 746 479 640 535 963 704 550 409 637 261 894 741 725 775 618 779 918 0 805 533 857 871 833 1092 524 639 678 537 569 458 270 876 120 276 462 581 711 251 611 438 27 371 469 240 820 997 99 288 506 1149 431 792 977 584 708 961 913 872 526 938 436 480 146 365 804 684 525 674 422 393 830 669 727 332 683 95 478 1142 421 294 41 225 892 590 540 175 568 394 1037 803 746 900 843 710 440 738 699 848 840 228 857 43 883 87 1062 899 328 455 255 768 386 718 783 375 574 778 929 782 904 240 384 40 728 1003 667 974 901 966 670 610 785 248 129 418 506 431 917 770 229 477 437 941 391 962 579 832 392 205 266 641 372 519 608 970 974 632 527 862 793 678 442 814 273 673
705 113 170 472 652 397 534 643 420 298 478 177 587 178 183 599 629 633 334 676 176 632 187 229 569 655 211 859 240 70 94 310 236 339 153 805 0 348 98 668 49 317 282 284 503 578 649 438 822 375 689 531 690 249 507 570 195 424 793 461 451 588 259 262 737 565 693 356 808 380 192 675 239 605 473 93 666 325 388 731 870 700 184 202 584 310 786 520 289 706 134 474 645 784 598 352 546 751 791 580 140 519 654 630 248 594 237 79 245 440 246 256 448 129 193 713 661 578 509 764 202 871 256 206 1000 508 806 381 833 158 496 651 580 636 265 319 149 707 683 804 165 228 419 247 479 216 212 388 337 878 803 410 493 376 395 687 741 563 372 184 493 440 533 30 785 943 704 717 442 684 565 208 219 447 750 251 271 128 416 355 533 363
396 446 423 625 630 152 226 767 258 429 226 237 587 488 317 438 281 791 515 332 264 618 457 175 243 570 314 676 543 278 254 517 316 540 412 533 348 0 360 814 353 576 163 106 248 247 649 92 650 620 413 272 344 276 273 282 223 342 513 163 102 384 287 474 495 395 653 642 708 576 474 351 176 814 704 438 641 620 273 670 638 352 453 362 572 444 687 177 538 743 352 231 705 484 558 634 197 600 532 323 479 212 638 376 243 246 543 310 452 675 311 430 377 361 371 834 795 315 699 489 513 613 583 374 804 457 630 254 708 209 651 547 598 746 398 253 490 533 582 519 214 576 525 584 702 449 356 115 542 685 577 288 479 213 655 779 561 525 225 527 157 706 562 379 672 712 543 405 272 345 604 554 459 177 707 330 259 233 334 290 301 160
676 100 267 570 744 442 511 741 366 395 442 136 681 260 102 672 640 729 432 670 256 725 107 204 553 741 301 932 319 125 135 406 325 436 63 857 98 360 0 765 48 238 337 273 465 564 743 452 897 464 738 581 687 331 463 612 264 504 842 497 460 653 187 168 796 636 785 291 894 476 119 654 210 696 563 155 758 402 460 821 933 710 277 298 677 408 872 537 381 803 231 525 742 826 689 285 554 829 846 632 203 497 747 684 323 604 184 53 343 530 167 354 530 227 290 811 758 628 603 814 280 927 224 110 1073 595 881 324 916 150 593 734 675 734 169 258 208 780 768 851 147 256 516 301 570 123 307 370 433 950 867 482 584 437 481 785 814 653 436 234 515 523 629 103 869 1007 780 689 507 672 661 249 128 419 841 167 208 186 494 287 589 330
1201 721 498 199 352 712 1039 62 1025 398 1034 812 324 523 848 593 980 41 335 1089 582 341 828 830 1045 467 521 714 482 679 692 358 509 329 809 871 668 814 765 0 717 929 651 838 1058 1044 311 851 675 325 819 735 1090 542 1077 791 613 515 881 777 876 661 911 916 772 605 389 926 531 288 822 1147 841 155 245 628 358 429 572 433 819 1039 489 491 345 383 521 888 391 238 545 706 194 923 392 930 938 608 832 744 594 1025 341 754 574 966 822 742 423 271 906 422 489 545 492 67 31 753 171 853 514 875 791 874 822 434 675 997 589 767 173 499 296 93 934 950 597 636 499 899 782 646 289 564 230 869 489 920 332 744 772 570 386 630 334 122 658 395 615 601 853 327 299 662 546 859 612 1207 617 1118 264 614 868 987 402 914 913 659 518 993 696 936
691 92 218 521 700 420 523 692 393 348 460 152 635 216 141 638 635 681 383 674 216 680 142 214 562 700 257 897 277 92 108 359 281 388 104 833 49 353 48 717 0 274 309 277 484 572 697 445 861 419 715 557 690 291 485 592 230 465 820 480 456 622 222 213 768 602 741 319 853 428 150 665 222 650 517 117 714 361 425 778 903 706 230 251 632 360 831 529 335 756 184 501 695 807 645 314 551 792 820 607 166 508 702 658 286 600 204 49 295 484 206 306 490 179 243 763 710 604 556 791 238 901 233 157 1038 553 845 352 877 149 545 694 629 685 216 288 173 745 727 829 151 235 469 269 524 167 261 378 385 916 837 447 540 407 437 737 779 609 405 203 505 480 582 58 829 977 744 704 476 679 614 222 170 433 797 208 238 155 456 320 562 345
821 219 455 748 965 677 678 917 491 603 591 339 899 407 260 911 846 890 616 854 490 945 132 403 728 972 528 1171 448 363 374 583 553 610 175 1092 317 576 238 929 274 0 575 476 609 741 959 667 1135 606 972 816 873 565 595 844 502 740 1076 726 670 891 317 110 1034 875 1008 77 1126 646 124 815 404 830 698 310 980 513 698 1047 1171 913 452 514 898 613 1104 751 539 1007 446 761 942 1056 914 65 760 1066 1083 868 336 666 967 920 560 809 108 291 533 667 287 555 764 438 503 984 929 863 759 1049 415 1164 154 205 1311 825 1119 449 1150 374 768 968 890 916 206 390 332 1019 1001 1084 365 297 718 378 710 127 525 554 605 1189 1105 720 809 675 608 972 1052 879 674 329 734 636 843 303 1102 1246 1018 836 746 847 871 321 117 585 1064 271 349 425 730 393 827 498
555 394 293 463 487 119 389 604 396 269 386 265 437 371 342 345 388 628 357 469 131 472 444 236 400 446 163 602 419 217 202 364 160 385 399 524 282 163 337 651 309 575 0 208 409 402 501 214 569 471 407 249 477 116 431 290 93 202 511 191 237 317 354 490 459 305 515 627 594 419 456 506 245 654 549 354 499 487 139 540 596 458 324 216 425 284 572 278 394 589 228 192 547 503 418 622 319 507 511 298 383 374 493 349 84 360 513 283 304 522 367 277 236 238 227 672 631 296 539 482 396 591 538 397 740 315 552 379 605 214 488 429 444 584 440 353 395 451 465 522 229 491 361 478 546 453 207 272 388 618 530 160 328 101 508 618 483 383 103 433 244 559 405 309 562 670 454 563 173 490 447 462 460 337 572 383 337 154 193 397 253 299
422 367 397 642 695 246 249 796 190 441 205 140 645 447 215 529 372 811 518 397 259 681 362 72 285 648 318 774 507 220 196 512 329 539 319 639 284 106 273 838 277 476 208 0 231 295 709 192 746 607 520 376 414 298 243 389 225 408 620 269 194 481 181 371 600 486 722 544 792 578 381 390 72 818 698 378 707 588 342 745 742 440 425 357 633 457 771 275 521 796 328 330 751 590 625 535 285 692 638 427 423 234 702 480 268 334 452 229 443 667 204 429 443 333 362 866 822 419 707 596 472 719 497 271 905 523 727 171 797 128 668 629 652 779 292 153 433 628 664 625 126 510 551 531 699 349 356 103 539 785 680 361 536 289 638 818 657 591 298 469 261 688 611 314 758 817 636 433 357 401 652 493 359 167 779 223 153 197 399 194 401 97
213 565 628 865 875 387 91 1013 120 666 25 332 835 674 375 662 321 1033 746 269 487 864 528 273 144 807 544 873 735 446 422 742 552 768 492 678 503 248 465 1058 484 609 409 231 0 160 896 253 854 838 570 470 292 516 33 454 450 589 652 361 231 595 297 499 671 620 895 686 936 806 548 207 264 1047 929 596 885 817 520 908 807 364 655 586 819 681 916 288 752 991 559 448 954 602 803 675 256 815 690 512 643 89 884 558 484 288 620 435 673 898 326 658 623 564 592 1081 1040 501 934 637 699 764 675 416 987 703 834 160 929 345 892 781 846 993 403 220 652 744 815 651 338 719 769 750 929 497 584 138 769 877 756 533 728 459 869 1027 767 771 472 686 303 919 811 531 898 878 758 228 510 251 853 707 508 71 948 340 267 428 581 218 510 140
157 661 670 862 814 334 70 992 272 671 166 428 783 731 490 572 169 1024 759 113 512 806 644 360 15 729 560 754 789 511 487 763 560 785 603 537 578 247 564 1044 572 741 402 295 160 0 840 192 740 867 440 372 135 518 191 340 470 541 511 281 167 497 424 631 545 532 825 815 843 820 664 104 354 1056 950 671 822 866 477 831 674 204 700 609 766 686 825 177 786 942 599 368 915 455 741 805 129 712 555 403 715 77 823 441 486 142 736 524 699 922 454 676 573 607 618 1057 1022 391 940 499 757 624 786 539 857 649 720 305 827 423 888 699 800 969 538 353 725 638 730 507 421 805 757 822 947 621 603 194 788 754 628 483 682 415 902 995 657 713 430 762 206 954 771 608 803 741 657 163 447 107 813 787 632 156 874 470 392 475 535 364 416 243
996 740 507 287 41 512 853 249 897 356 875 736 64 575 797 307 741 322 366 860 498 36 835 728 845 159 443 403 565 626 629 405 421 388 802 569 649 649 743 311 697 959 501 709 896 840 0 655 364 456 533 485 856 429 922 536 509 307 581 559 680 384 835 911 471 332 82 981 233 371 836 936 738 432 439 653 47 558 375 130 508 788 518 447 76 347 218 667 467 106 515 474 117 630 102 981 719 297 529 479 640 842 30 475 451 735 863 702 433 443 841 406 272 522 456 280 279 490 358 555 581 566 854 840 519 192 364 880 287 684 288 194 69 219 895 850 648 329 189 600 700 731 251 663 423 865 436 764 395 433 463 363 172 437 489 201 348 127 424 670 635 515 116 657 240 548 304 999 393 894 96 693 868 825 118 854 826 581 315 894 441 799
349 537 498 670 631 143 198 800 302 482 237 328 596 568 406 409 190 832 572 255 336 622 550 264 193 556 377 626 622 367 344 579 374 599 505 458 438 92 452 851 445 667 214 192 253 192 655 0 604 685 341 220 264 331 283 213 294 351 437 108 25 343 370 563 433 366 647 734 683 633 567 296 264 866 763 527 640 695 285 658 574 262 529 429 579 496 663 84 607 755 429 195 725 401 558 725 109 563 463 265 565 187 640 315 299 156 636 403 517 737 395 492 385 438 439 865 829 255 750 415 594 542 676 464 747 462 585 310 676 301 696 529 611 777 484 324 576 492 562 440 306 665 565 669 760 540 421 153 602 633 517 294 493 223 722 803 517 528 238 614 69 773 580 468 645 647 506 355 262 275 623 641 550 190 699 414 340 318 345 356 257 215
873 932 737 623 323 500 781 613 903 596 840 834 368 821 912 224 589 686 651 710 646 338 1003 796 750 220 618 42 835 771 763 687 594 682 960 270 822 650 897 675 861 1135 569 746 854 740 364 604 0 770 310 384 697 572 886 401 632 397 294 497 623 265 917 1057 205 264 285 1178 168 681 1011 809 803 793 779 863 316 856 437 245 156 606 759 650 351 596 167 569 750 446 710 418 480 360 305 1174 611 77 231 341 870 775 334 298 575 602 1059 845 683 775 933 647 378 720 665 637 643 353 707 282 836 228 1069 966 181 342 19 904 117 784 633 200 397 583 1010 899 880 118 184 310 798 977 546 927 765 1018 636 753 688 70 141 415 382 469 809 559 88 323 466 912 550 845 420 842 136 184 117 870 396 750 434 940 1024 795 285 950 895 710 406 939 349 809
1016 405 213 174 482 573 843 323 778 216 813 542 418 207 559 598 854 285 130 940 356 462 512 577 863 553 308 812 158 406 426 108 311 96 500 876 375 620 464 325 419 606 471 607 838 867 456 685 770 0 787 654 948 356 850 710 397 441 876 648 707 636 633 602 782 587 532 601 681 89 504 972 588 231 98 315 496 109 463 580 878 923 192 258 430 206 662 747 87 458 280 606 388 896 470 605 790 693 846 685 275 828 477 717 387 829 498 454 168 65 622 194 435 275 249 384 329 690 154 845 193 911 466 574 947 435 762 743 727 506 184 570 395 329 633 686 277 685 589 892 519 321 223 239 106 557 264 705 91 839 817 475 389 502 41 389 717 447 488 277 712 90 358 361 676 939 669 1025 527 960 361 289 554 772 574 626 642 410 438 725 630 702
564 802 670 693 495 296 490 757 641 574 561 639 498 756 721 227 280 815 657 400 528 497 844 584 452 381 530 317 791 624 607 682 512 690 799 120 689 413 738 819 715 972 407 520 570 440 533 341 310 787 0 158 386 473 604 131 497 346 104 251 354 158 701 877 107 214 484 1030 445 707 858 501 588 893 832 759 497 841 332 469 237 295 700 579 477 581 431 282 734 638 618 215 641 109 434 1024 316 303 121 110 782 485 507 70 457 298 919 685 647 817 723 611 355 629 594 805 789 111 784 76 778 200 946 779 418 388 291 652 413 598 713 345 525 728 809 664 794 233 365 114 608 893 588 867 823 846 566 494 695 315 189 316 438 318 828 728 239 424 326 831 275 875 520 716 403 307 257 561 266 440 555 860 855 521 517 742 673 562 348 697 163 557
520 644 519 584 454 139 404 676 520 438 456 486 436 604 568 199 255 725 526 375 372 449 687 435 380 359 379 406 643 466 449 547 363 558 642 276 531 272 581 735 557 816 249 376 470 372 485 220 384 654 158 0 370 322 502 57 339 226 262 113 239 125 555 723 224 161 459 872 471 581 700 458 440 787 711 602 460 698 190 460 366 305 550 430 416 448 452 194 594 591 464 56 576 256 383 866 243 345 267 52 626 395 464 105 303 251 761 527 505 691 575 470 247 475 445 733 708 47 673 233 627 349 788 626 532 305 364 523 459 443 606 328 457 649 659 525 638 273 358 272 454 737 475 715 703 690 418 370 563 414 304 180 350 164 695 662 296 361 174 676 170 744 439 558 431 441 288 522 127 411 479 705 699 410 505 594 529 403 225 562 44 427
185 780 762 920 824 383 204 1034 407 741 300 552 805 831 619 563 115 1075 831 23 600 820 772 484 150 727 640 703 886 621 597 841 636 860 730 462 690 344 687 1090 690 873 477 414 292 135 856 264 697 948 386 370 0 592 321 323 558 576 434 313 245 484 557 764 493 529 828 947 821 891 791 126 479 1120 1023 782 830 959 519 826 606 97 794 692 785 754 805 204 871 961 693 386 943 371 753 937 158 683 488 385 823 213 835 409 561 124 863 643 781 998 586 754 604 702 703 1095 1065 372 1004 430 857 546 911 670 790 672 677 440 796 540 945 693 825 1009 672 487 834 609 721 426 540 919 812 929 1019 752 684 321 863 698 571 520 712 463 985 1027 621 731 478 872 239 1037 802 721 780 667 631 179 474 58 844 897 763 291 871 603 524 578 571 499 415 375
671 359 197 349 423 218 503 498 487 153 492 307 365 283 370 352 498 517 241 584 75 406 433 302 516 410 57 610 321 206 204 248 45 268 394 581 249 276 331 542 291 565 116 298 516 518 429 331 572 356 473 322 592 0 535 372 80 175 573 294 353 350 406 497 502 320 460 605 563 302 441 623 313 538 432 296 437 381 146 493 629 568 228 109 357 168 541 390 283 506 146 267 456 577 362 602 434 502 561 363 312 488 428 407 32 473 486 283 192 406 411 162 199 157 123 568 524 365 423 543 305 638 498 417 752 265 557 464 585 254 376 403 366 481 469 425 323 459 436 586 271 423 253 394 429 454 97 378 271 630 562 167 260 158 394 520 493 326 147 360 355 446 322 269 538 700 455 679 209 606 361 389 459 445 517 425 398 153 166 470 310 395
226 563 638 883 902 415 123 1033 104 683 47 332 860 680 369 692 354 1052 761 298 502 890 519 278 175 836 561 905 741 452 429 756 569 782 485 711 507 273 463 1077 485 595 431 243 33 191 922 283 886 850 604 502 321 535 0 487 466 614 686 392 263 627 288 486 704 650 922 672 967 821 540 228 268 1062 942 598 912 825 546 937 841 396 664 601 845 698 946 322 763 1016 570 478 977 636 829 660 290 847 724 544 646 122 910 591 503 322 612 436 686 911 316 672 649 575 606 1102 1060 533 950 671 705 798 668 406 1020 730 866 146 960 351 909 810 871 1014 388 210 655 775 844 685 342 718 788 753 943 487 599 159 783 910 789 560 752 485 879 1049 799 797 498 688 335 929 834 533 928 911 790 241 538 277 877 707 498 96 976 329 259 439 606 202 541 148
