163
0 275 445 165 119 299 423 343 229 441 601 260 517 468 311 342 666 312 389 206 557 261 491 431 61 245 471 17 226 298 347 384 544 666 418 541 347 356 700 653 738 623 248 396 177 472 416 493 494 347 397 301 219 416 473 557 488 435 276 578 710 429 374 238 426 674 385 492 315 741 508 357 390 697 276 260 491 228 345 247 342 441 428 512 341 316 537 643 347 393 637 627 287 102 407 408 485 231 527 586 306 189 548 523 405 374 124 741 138 494 236 426 473 409 305 299 377 521 555 432 606 285 386 118 280 498 106 515 374 455 310 92 486 551 275 550 534 426 266 346 524 324 504 671 217 198 757 575 210 630 181 340 289 197 82 142 451 166 455 566 421 626 407
275 0 193 349 284 130 248 598 343 694 542 484 373 371 580 119 754 54 319 299 398 477 393 681 292 407 537 287 180 422 582 253 525 475 684 472 603 423 479 462 481 387 28 668 158 273 193 390 249 510 395 156 260 347 255 347 213 200 302 507 777 629 610 511 377 453 597 645 506 495 589 622 307 776 88 534 300 390 618 522 115 177 232 783 215 571 311 382 569 458 362 359 559 372 483 682 512 486 287 317 101 139 822 309 650 468 312 505 270 347 509 468 747 428 229 550 102 461 505 231 386 47 161 385 327 314 381 438 531 722 221 315 274 308 547 420 618 701 16 77 256 51 402 478 388 437 507 308 234 595 226 539 534 335 318 332 296 373 353 410 685 514 402
445 193 0 541 476 293 360 732 426 821 678 602 253 507 731 105 754 199 285 492 488 591 309 807 475 601 546 460 369 491 700 394 680 302 828 610 737 608 289 289 293 194 212 841 352 355 278 302 56 587 386 320 338 500 90 170 123 40 349 642 759 718 726 669 534 264 696 700 699 302 600 802 267 767 170 704 383 583 771 688 104 36 111 958 369 756 127 198 678 641 240 186 733 531 508 852 498 625 95 151 142 333 990 364 771 655 442 312 391 457 682 473 906 427 400 682 117 391 649 325 200 163 260 542 376 401 550 575 724 901 390 458 340 114 701 302 628 864 193 171 95 169 313 303 491 624 315 255 318 523 328 732 661 435 502 523 191 497 277 271 825 395 389
165 349 541 0 66 305 392 423 393 515 481 385 661 382 361 449 823 363 544 94 495 391 644 509 103 80 634 150 206 458 451 336 411 798 466 430 425 207 818 785 830 731 329 365 194 448 419 645 595 495 561 292 380 324 589 679 548 541 439 464 870 555 476 283 322 792 507 637 162 843 670 301 543 856 387 258 458 63 380 265 447 526 551 469 304 239 650 730 464 241 689 706 266 209 570 388 650 328 632 663 416 214 521 502 494 214 286 851 303 432 226 591 479 574 253 391 446 682 434 416 724 378 397 222 445 459 172 412 211 400 263 250 469 654 324 698 695 424 347 400 603 386 657 801 373 106 855 603 368 794 339 193 392 361 87 23 589 316 607 708 475 779 571
119 284 476 66 0 254 355 426 346 521 489 366 596 370 374 383 785 302 482 89 473 370 582 514 63 140 589 108 158 417 443 305 428 732 482 432 429 237 752 718 766 665 264 407 134 409 371 582 530 464 505 245 323 314 523 612 488 475 383 468 829 538 470 295 319 726 491 608 228 778 627 349 481 816 321 286 423 122 400 286 381 462 485 516 267 292 584 666 450 274 631 643 302 192 525 427 599 321 566 600 350 154 564 463 494 256 243 785 251 409 256 541 511 520 221 387 383 622 443 374 658 312 346 207 391 426 167 410 273 450 229 211 428 589 336 634 653 457 282 339 540 324 594 735 335 156 791 550 309 738 280 259 384 316 66 47 524 283 544 643 489 717 515
299 130 293 305 254 0 134 642 437 740 412 546 501 241 608 245 868 96 447 228 282 543 523 729 289 342 652 304 99 519 640 124 396 591 716 341 646 318 582 578 556 484 139 661 125 175 118 520 349 598 517 27 364 218 370 460 257 312 415 377 895 706 668 532 248 557 668 740 442 581 702 603 436 892 217 536 198 327 639 532 239 265 356 770 84 544 419 454 634 349 387 423 555 401 594 680 633 529 388 379 231 110 818 224 702 368 378 598 349 226 507 586 759 549 107 597 177 591 375 133 493 177 92 417 437 208 396 308 450 703 97 368 187 404 571 549 731 707 143 122 324 126 533 593 468 408 587 298 339 724 324 476 585 422 308 296 425 438 483 536 719 643 525
423 248 360 392 355 134 0 766 571 863 318 676 598 149 725 346 999 198 566 301 150 674 632 854 402 406 783 425 199 653 768 63 329 661 833 250 770 329 633 649 573 533 265 757 246 56 84 628 411 732 643 122 497 159 448 530 278 390 546 281 1024 839 796 647 194 611 799 874 500 610 833 692 553 1022 336 642 68 395 753 642 340 326 447 860 88 629 485 476 764 349 366 438 656 524 726 779 760 654 448 398 343 236 914 110 828 382 511 636 483 100 611 715 866 676 139 722 249 705 291 42 554 292 101 540 569 75 513 216 486 791 128 498 80 457 687 647 862 812 263 203 356 222 640 662 601 498 610 254 472 840 457 532 712 556 417 389 524 570 593 626 838 742 650
343 598 732 423 426 642 766 0 324 97 905 137 696 796 84 627 533 644 546 509 895 153 635 88 368 475 436 340 567 302 72 724 832 864 104 853 6 624 928 853 1007 874 570 259 520 815 758 641 768 241 485 645 401 739 727 791 804 708 417 888 598 190 76 144 742 903 145 313 472 994 437 299 559 572 567 205 834 468 109 179 629 738 673 343 682 328 786 924 111 653 953 918 229 242 394 241 495 113 792 882 592 532 332 866 72 616 291 982 340 832 229 446 218 465 642 49 694 618 858 775 842 593 728 226 398 840 259 833 552 335 649 283 829 818 110 708 448 211 586 675 823 650 647 870 251 349 1016 906 417 667 403 473 72 304 359 411 657 234 615 746 96 748 492
229 343 426 393 346 437 571 324 0 403 807 187 375 656 350 328 445 396 225 429 719 172 321 388 290 473 242 243 406 81 279 552 760 542 427 742 330 582 604 531 687 552 317 508 349 607 532 325 455 168 188 452 89 612 408 467 519 397 94 779 484 293 304 316 629 579 269 304 533 672 283 502 237 474 281 381 632 457 393 353 332 440 354 620 507 485 465 610 253 620 661 609 416 221 178 506 257 237 474 577 298 349 631 649 350 603 108 658 97 660 375 198 527 188 488 276 418 324 763 564 519 319 500 219 77 644 264 713 599 583 489 147 612 500 332 392 310 500 327 418 522 390 334 548 72 402 694 638 112 414 116 554 252 34 307 371 333 113 296 426 420 446 197
441 694 821 515 521 740 863 97 403 0 996 218 768 891 157 717 531 740 619 603 992 231 701 16 465 562 473 438 665 367 124 821 921 936 86 946 93 713 1004 926 1091 955 666 291 618 913 856 708 855 288 547 743 486 834 811 870 897 796 495 980 598 191 103 232 836 980 166 316 549 1075 463 349 633 570 659 279 932 557 157 259 720 829 757 347 780 391 869 1011 157 740 1046 1006 296 339 442 265 539 210 877 972 683 630 316 964 55 701 384 1061 432 929 308 497 201 522 739 144 789 675 949 873 922 687 825 323 473 938 355 927 629 359 746 379 927 903 193 775 469 221 681 771 914 745 713 942 333 435 1098 1002 504 708 492 546 160 388 455 505 735 325 686 817 68 806 554
601 542 678 481 489 412 318 905 807 996 0 856 910 172 840 653 1252 501 858 400 227 860 935 991 553 437 1042 595 404 886 931 290 89 980 941 70 907 288 949 967 877 850 549 801 459 336 402 932 729 948 921 386 753 199 765 849 592 707 809 37 1287 1028 956 764 178 928 981 1093 486 919 1088 724 848 1280 629 727 312 440 854 740 648 644 760 875 327 658 804 784 940 269 653 744 725 681 980 830 1033 808 766 706 643 462 941 355 976 315 719 948 710 228 695 981 933 949 325 872 565 1002 46 356 872 589 418 696 828 295 651 104 425 803 328 693 358 775 803 958 1116 875 555 515 671 529 944 980 815 565 916 536 730 1135 708 507 871 783 553 494 834 768 895 940 952 1053 930
260 484 602 385 366 546 676 137 187 218 856 0 560 728 177 499 465 533 410 456 815 17 499 204 303 453 325 263 485 170 98 642 793 728 241 798 143 592 791 716 873 738 456 354 432 722 657 505 636 135 351 554 267 675 593 654 682 577 280 834 523 171 126 175 684 766 125 258 479 858 339 369 422 502 443 250 743 442 219 219 502 612 539 456 598 375 651 792 87 626 829 788 285 176 274 344 375 80 658 754 465 441 457 770 168 596 172 846 216 752 259 322 347 335 565 91 575 486 809 680 706 473 625 162 261 752 213 774 556 432 570 178 733 684 171 572 356 328 470 562 696 536 512 733 115 343 881 792 285 547 274 490 65 169 304 367 520 111 479 610 233 616 360
517 373 253 661 596 501 598 696 375 768 910 560 0 737 725 256 549 408 150 645 735 543 81 752 568 736 371 535 546 400 644 619 898 168 801 840 703 786 243 157 367 229 374 875 508 601 520 73 226 488 229 528 316 719 166 141 374 215 281 874 540 617 665 685 750 222 613 558 823 331 420 858 138 553 294 742 630 717 768 717 262 289 150 990 585 828 174 329 611 823 455 350 776 566 358 877 305 612 211 343 272 493 1006 616 713 826 449 306 402 698 729 306 903 265 602 651 350 159 876 567 181 326 497 571 299 648 601 805 868 947 595 482 590 227 705 49 443 875 363 395 320 380 77 174 447 716 359 502 314 277 341 852 625 401 594 639 76 483 82 51 792 144 225
468 371 507 382 370 241 149 796 656 891 172 728 737 0 741 481 1097 329 689 289 128 729 764 884 429 365 884 465 250 736 811 118 181 809 847 103 799 243 782 796 720 682 380 737 307 179 233 760 558 806 756 217 594 58 593 677 427 534 648 137 1129 897 838 662 75 760 853 951 443 759 932 664 678 1123 459 640 162 360 763 647 475 473 588 828 157 598 633 624 815 249 505 585 646 559 823 763 870 690 596 545 472 306 888 213 864 292 577 785 560 82 608 820 859 786 167 757 392 832 143 189 703 417 247 575 668 149 537 68 406 756 167 556 205 606 703 785 960 802 384 342 505 356 773 809 672 482 758 389 570 966 550 472 752 634 436 388 661 631 723 768 856 880 764
311 580 731 361 374 608 725 84 350 157 840 177 725 741 0 625 612 621 575 451 847 195 670 155 322 405 499 303 525 347 150 678 764 891 108 792 82 555 947 879 1014 886 552 182 483 777 726 675 771 304 526 607 416 683 736 807 791 711 443 825 675 272 160 78 683 922 225 393 392 1007 506 215 586 651 562 123 793 400 43 101 626 733 684 279 639 244 798 927 186 583 941 917 145 209 451 168 552 112 798 879 588 497 282 829 153 543 291 998 342 783 151 499 179 512 595 94 680 662 793 738 859 582 697 195 427 798 212 774 473 259 603 272 793 824 37 742 520 152 569 655 818 631 683 896 279 277 1027 885 427 724 408 392 119 323 308 353 678 244 646 776 114 790 535
342 119 105 449 383 245 346 627 328 717 653 499 256 481 625 0 690 152 228 412 490 488 285 703 376 515 476 358 299 397 597 363 641 357 722 583 633 542 369 344 395 283 127 737 270 357 274 281 151 493 320 272 239 462 140 231 192 93 259 618 704 621 624 564 493 342 597 614 611 399 530 700 213 707 66 600 386 497 665 583 5 112 112 854 329 656 200 303 577 577 333 291 629 426 430 747 438 520 185 255 37 253 885 381 668 585 336 402 286 447 579 403 800 359 348 578 110 360 619 319 274 75 247 436 286 402 446 549 643 798 340 353 350 209 595 304 558 759 112 143 196 124 293 360 390 527 414 319 217 495 225 642 557 333 403 430 180 393 247 291 720 399 326
666 754 754 823 785 868 999 533 445 531 1252 465 549 1097 612 690 0 808 468 871 1150 452 469 518 724 899 216 677 849 368 462 988 1205 677 611 1186 538 1022 773 673 914 778 735 792 793 1028 947 477 752 333 370 887 504 1055 689 690 873 714 453 1224 68 345 458 637 1074 758 388 219 940 872 165 825 486 38 672 712 1055 885 643 681 696 782 646 872 944 839 718 877 425 1059 987 895 745 621 274 774 255 544 750 880 675 791 847 1062 489 1037 541 838 543 1094 724 287 731 331 931 520 800 391 1208 985 729 717 915 611 430 1069 664 1156 1015 869 930 574 1027 770 623 521 137 740 738 819 843 793 472 683 450 803 900 1005 528 314 547 953 499 471 736 802 574 507 487 575 593 485 365
312 54 199 363 302 96 198 644 396 740 501 533 408 329 621 152 808 0 367 301 346 527 435 728 320 414 591 322 173 476 631 211 491 495 727 431 649 409 488 482 473 392 79 699 169 219 139 432 255 564 446 123 314 311 274 364 185 216 356 466 830 681 659 550 343 463 648 699 514 493 643 648 354 829 138 567 247 397 657 557 146 174 261 812 177 594 324 371 619 442 330 344 590 412 537 714 564 531 294 300 144 149 854 255 697 457 361 508 321 299 540 521 784 481 202 596 86 507 467 178 399 93 107 426 381 262 417 397 531 749 193 361 219 312 587 456 672 736 70 36 242 30 444 497 440 458 501 263 288 641 280 547 581 388 344 349 332 422 396 441 728 551 453
389 319 285 544 482 447 566 546 225 619 858 410 150 689 575 228 468 367 0 544 713 393 102 603 445 622 262 406 467 253 495 571 832 317 651 788 553 694 386 306 490 349 308 729 419 583 500 105 288 344 102 472 174 660 228 259 405 246 133 825 477 476 516 538 687 362 468 431 702 464 316 716 18 482 230 597 612 604 619 572 234 314 179 843 531 690 271 430 463 732 521 439 632 425 231 729 213 463 293 418 223 408 857 610 564 728 305 445 262 666 587 189 753 143 536 501 339 146 819 543 309 274 471 428 149 627 462 755 755 802 531 341 578 317 556 168 343 726 304 368 376 345 115 323 297 586 489 537 178 277 207 729 475 253 469 521 123 335 71 200 642 237 104
206 299 492 94 89 228 301 509 429 603 400 456 645 289 451 412 871 301 544 0 401 460 641 596 153 114 672 197 130 503 531 243 338 769 558 345 512 154 778 755 774 686 285 458 142 357 335 640 549 553 578 211 397 231 552 644 482 499 457 380 914 627 557 373 233 752 580 698 214 793 712 391 541 902 356 352 366 99 473 358 409 473 521 559 213 328 610 673 539 192 616 645 361 280 608 482 678 408 587 601 383 160 614 411 579 183 330 805 333 338 320 621 574 597 161 473 387 688 354 327 685 337 316 295 468 366 251 324 231 489 172 299 379 607 414 687 739 518 302 337 543 328 653 772 424 199 802 523 380 809 352 248 471 400 152 98 570 372 601 689 566 774 588
557 398 488 495 473 282 150 895 719 992 227 815 735 128 847 490 1150 346 713 401 0 814 775 984 527 488 933 557 330 801 904 173 277 781 955 179 899 371 740 769 655 642 415 857 383 134 216 770 533 879 793 267 647 183 578 654 386 522 696 192 1175 981 932 768 204 720 940 1021 569 701 984 786 700 1172 485 753 105 481 872 757 484 452 585 951 217 720 607 566 903 377 428 526 762 654 876 882 910 786 567 491 490 376 1010 133 961 420 654 732 629 63 721 865 975 826 253 854 385 850 222 170 670 440 243 670 719 87 638 156 535 880 246 638 148 571 809 785 1013 919 413 346 463 368 782 781 747 599 695 311 622 985 607 599 846 703 538 498 664 712 737 759 962 880 800
261 477 591 391 370 543 674 153 172 231 860 17 543 729 195 488 452 527 393 460 814 0 482 216 307 461 308 265 484 153 109 641 798 711 257 801 159 598 776 700 859 724 449 371 430 719 653 488 623 120 334 551 255 677 579 640 673 565 265 837 509 168 135 191 687 751 125 248 490 844 323 386 406 488 433 266 740 449 236 235 491 601 525 474 597 390 638 780 92 633 819 776 301 182 257 362 357 96 645 742 455 438 475 766 180 604 166 831 207 752 274 304 365 317 565 108 566 469 813 676 691 464 621 169 245 749 221 776 567 449 569 175 729 671 189 555 341 346 463 554 685 528 495 717 101 354 867 784 273 530 264 502 82 156 309 373 505 105 462 593 248 598 342
491 393 309 644 582 523 632 635 321 701 935 499 81 764 670 285 469 435 102 641 775 482 0 685 546 722 290 508 554 334 578 645 916 239 739 865 641 788 322 230 449 311 388 828 510 642 559 8 293 417 155 549 277 740 229 221 433 268 231 901 462 543 598 636 769 303 542 478 804 413 338 817 101 474 307 698 671 704 713 671 291 343 198 941 608 792 250 408 544 826 526 427 733 526 280 827 223 557 284 416 292 498 952 662 646 824 407 386 364 733 688 227 846 187 618 590 390 83 899 605 263 346 532 529 243 687 565 831 855 902 612 443 633 302 653 73 361 821 380 429 386 410 13 245 390 688 440 563 281 214 310 831 564 350 571 622 117 432 40 120 730 135 149
431 681 807 509 514 729 854 88 388 16 991 204 752 884 155 703 518 728 603 596 984 216 685 0 456 558 457 428 655 351 109 812 917 920 95 940 84 708 989 910 1076 940 653 297 608 903 845 692 840 272 531 732 471 827 796 855 884 781 480 974 585 177 87 227 829 965 151 302 547 1060 448 353 618 557 645 278 922 552 159 256 706 815 742 357 770 393 854 997 141 736 1032 992 296 330 426 272 523 199 862 958 669 620 329 954 39 698 371 1045 418 920 306 481 213 506 731 132 775 659 944 863 906 674 814 314 457 928 347 920 628 367 737 367 916 888 189 759 454 230 668 758 900 733 697 926 318 431 1083 990 489 692 478 546 147 373 447 498 719 311 670 801 76 790 538
61 292 475 103 63 289 402 368 290 465 553 303 568 429 322 376 724 320 445 153 527 307 546 456 0 184 532 47 202 357 382 357 491 713 431 495 371 298 741 699 768 659 267 378 163 454 408 548 526 401 458 285 278 374 512 599 503 469 336 531 770 474 409 245 381 714 428 545 257 775 568 329 446 757 310 248 470 167 352 243 375 466 470 492 316 280 575 671 387 335 650 651 270 130 468 394 546 261 561 609 340 180 534 507 435 313 184 778 199 463 220 487 470 470 274 328 394 580 506 417 646 311 380 145 341 475 110 472 313 430 281 149 471 585 285 603 594 419 286 356 547 338 559 716 274 151 790 578 267 691 238 284 323 258 27 80 499 220 510 617 436 682 468
245 407 601 80 140 342 406 475 473 562 437 453 736 365 405 515 899 414 622 114 488 461 722 558 184 0 713 230 244 537 511 345 359 869 504 395 476 150 884 855 886 794 390 372 249 462 447 723 657 569 641 324 460 307 655 746 596 605 519 426 948 621 534 331 296 857 571 708 100 903 748 299 621 933 455 289 467 18 417 304 512 583 621 463 321 233 715 785 528 178 730 758 288 280 650 399 730 390 694 714 483 268 523 516 547 143 366 913 383 427 257 671 498 654 268 448 499 761 391 436 790 442 429 292 525 465 240 383 132 391 279 329 485 716 369 774 772 441 408 449 656 440 735 872 450 128 913 636 448 875 419 134 452 440 166 103 663 392 684 782 515 857 651
471 537 546 634 589 652 783 436 242 473 1042 325 371 884 499 476 216 591 262 672 933 308 290 457 532 713 0 485 638 178 366 774 999 523 534 975 442 825 611 516 738 598 518 679 582 811 730 298 551 195 160 672 290 844 490 507 663 508 237 1013 245 288 376 499 864 592 306 195 767 703 53 694 281 239 456 573 838 698 538 542 481 573 442 777 730 693 527 688 326 863 784 700 608 446 63 668 72 404 554 681 460 579 769 845 420 845 347 675 339 878 577 73 653 119 718 405 585 230 999 768 551 500 698 439 215 852 491 944 836 757 717 384 811 576 497 356 82 646 521 602 638 576 297 530 268 632 730 794 314 234 334 785 380 273 547 612 379 327 297 408 520 355 158
17 287 460 150 108 304 425 340 243 438 595 263 535 465 303 358 677 322 406 197 557 265 508 428 47 230 485 0 227 310 347 384 535 684 411 535 344 345 717 670 753 639 260 382 180 475 422 510 509 356 414 305 236 412 490 574 500 451 293 572 723 434 374 229 421 690 389 500 298 757 521 342 408 709 292 247 494 213 337 235 357 455 445 498 342 300 553 658 349 381 648 641 273 98 421 395 500 229 542 600 321 193 535 527 404 360 137 757 154 493 223 441 462 424 304 297 389 539 548 436 623 299 393 114 297 500 95 511 358 440 310 103 490 567 267 568 547 415 278 357 538 335 521 688 227 181 773 584 227 647 198 323 289 211 65 127 468 175 473 584 415 643 424
226 180 369 206 158 99 199 567 406 665 404 485 546 250 525 299 849 173 467 130 330 484 554 655 202 244 638 227 0 486 573 157 367 656 633 336 571 243 657 642 645 563 173 566 56 252 213 553 425 556 520 87 349 206 435 527 351 380 406 374 883 652 601 447 226 632 610 701 345 666 684 505 459 876 252 445 268 229 554 443 294 346 411 673 114 446 491 544 573 278 486 515 461 325 576 586 630 457 464 471 275 59 723 305 631 287 328 680 310 267 414 577 669 546 82 525 259 613 361 215 566 223 190 341 424 273 313 307 358 606 85 309 270 483 488 591 713 616 186 207 414 201 565 658 422 310 674 397 326 741 304 378 516 384 218 198 470 383 514 586 639 683 529
298 422 491 458 417 519 653 302 81 367 886 170 400 736 347 397 368 476 253 503 801 153 334 351 357 537 178 310 486 0 244 633 836 568 407 821 308 654 639 558 737 598 398 520 429 689 613 340 513 96 182 534 163 692 461 509 590 458 142 859 412 228 264 332 708 616 215 223 588 715 211 526 268 399 356 403 714 521 389 373 401 508 407 625 588 519 514 666 210 691 729 668 439 267 117 513 212 241 529 639 370 431 628 730 312 671 173 698 176 742 404 155 517 164 569 261 493 316 841 645 560 396 580 261 115 726 312 793 658 597 570 208 693 554 337 408 236 499 406 496 586 469 346 574 89 453 740 713 188 381 196 606 234 103 371 436 372 149 318 449 396 446 190
347 582 700 451 443 640 768 72 279 124 931 98 644 811 150 597 462 631 495 531 904 109 578 109 382 511 366 347 573 244 0 731 863 812 168 876 77 657 880 801 967 831 554 330 522 815 753 585 732 173 426 646 363 757 688 746 781 674 371 911 526 122 28 191 763 856 74 243 520 951 366 366 509 501 541 262 836 502 181 233 600 710 633 416 688 388 745 889 40 689 928 885 290 252 327 312 427 123 753 851 564 532 402 864 71 654 270 936 315 841 281 381 287 403 652 65 674 556 884 774 797 571 721 236 348 843 279 854 600 406 657 272 827 780 167 652 376 283 568 660 794 634 590 818 209 390 974 890 382 599 372 525 59 265 378 437 610 209 562 693 155 687 433
384 253 394 336 305 124 63 724 552 821 290 642 619 118 678 363 988 211 571 243 173 641 645 812 357 345 774 384 157 633 731 0 286 696 786 220 728 267 675 683 625 575 263 702 210 118 133 642 447 708 641 102 484 108 478 564 325 419 537 255 1017 808 759 600 142 652 767 852 438 659 823 635 560 1013 341 590 122 335 705 592 357 361 470 803 45 571 521 526 730 288 425 490 602 482 714 725 757 614 485 448 353 204 857 171 789 319 482 682 459 110 558 708 814 672 84 682 277 714 257 101 592 299 137 498 558 122 467 186 422 732 75 465 143 497 641 667 851 759 267 226 402 239 654 697 575 442 661 315 460 848 442 470 674 533 369 335 543 539 605 651 793 762 649
544 525 680 411 428 396 329 832 760 921 89 793 898 181 764 641 1205 491 832 338 277 798 916 917 491 359 999 535 367 836 863 286 0 982 863 99 834 208 960 969 902 861 528 716 420 360 413 913 733 892 887 369 713 179 763 850 607 704 771 100 1244 964 887 689 148 938 916 1036 400 940 1043 638 824 1234 609 648 342 364 776 663 636 648 752 788 313 573 807 805 874 185 686 767 644 616 936 746 996 740 771 727 626 426 854 391 904 230 666 965 662 257 617 942 849 912 297 802 563 978 59 370 878 572 423 631 787 327 583 123 336 716 303 637 386 783 728 945 1070 792 536 510 685 520 926 983 761 487 939 569 691 1108 668 420 803 733 488 426 821 710 875 932 875 1039 896
666 475 302 798 732 591 661 864 542 936 980 728 168 809 891 357 677 495 317 769 781 711 239 920 713 869 523 684 656 568 812 696 982 0 969 911 871 899 98 13 253 154 485 1038 627 650 578 232 250 655 393 619 478 802 221 131 396 279 448 943 655 783 833 849 836 92 780 716 961 201 568 1016 305 674 413 902 678 850 934 879 361 335 247 1153 670 982 175 262 779 934 419 298 936 725 519 1040 453 778 214 313 386 610 1171 651 881 943 610 163 561 756 888 465 1070 426 698 818 418 295 952 624 112 433 561 731 466 696 757 877 998 1107 688 641 633 210 870 168 588 1040 470 472 321 465 229 6 614 863 230 501 473 372 498 991 793 567 740 777 217 648 250 119 960 196 389
418 684 828 466 482 716 833 104 427 86 941 241 801 847 108 722 611 727 651 558 955 257 739 95 431 504 534 411 633 407 168 786 863 969 0 895 98 654 1031 958 1107 975 656 205 591 885 834 745 866 341 589 715 502 789 827 893 894 806 521 928 678 266 159 186 788 1006 231 393 479 1096 531 267 663 650 661 214 902 501 86 201 724 832 774 262 747 315 887 1022 208 679 1043 1014 223 315 496 178 595 202 891 977 686 605 238 937 122 638 386 1085 436 891 246 549 121 569 703 150 783 722 895 846 945 684 804 301 502 906 320 878 558 272 711 372 901 917 145 813 539 134 673 760 917 736 752 974 355 376 1117 991 517 767 501 473 175 406 417 459 761 332 720 851 18 853 597
541 472 610 430 432 341 250 853 742 946 70 798 840 103 792 583 1186 431 788 345 179 801 865 940 495 395 975 535 336 821 876 220 99 911 895 0 855 251 883 899 815 783 479 765 393 273 335 862 661 885 852 316 685 130 696 780 527 638 741 37 1220 969 902 714 114 861 923 1031 455 856 1021 689 778 1213 559 682 251 395 809 693 578 576 691 846 257 622 736 721 883 240 595 682 683 624 913 793 965 753 698 643 573 395 910 297 923 288 657 884 645 166 650 913 894 880 256 818 495 932 44 289 805 519 350 640 760 235 596 34 402 774 259 632 296 708 754 888 1050 836 485 445 605 459 874 912 752 521 854 478 662 1065 641 480 816 718 497 441 764 707 825 871 905 983 861
347 603 737 425 429 646 770 6 330 93 907 143 703 799 82 633 538 649 553 512 899 159 641 84 371 476 442 344 571 308 77 728 834 871 98 855 0 626 934 860 1013 880 575 255 524 820 763 647 774 247 491 649 408 742 733 797 809 714 424 890 602 193 80 145 745 909 149 318 472 1000 443 297 566 576 573 204 838 470 105 179 635 744 680 338 686 327 793 930 117 655 958 924 228 246 400 236 501 118 798 888 597 536 326 871 72 617 297 988 346 835 229 452 212 471 646 55 700 624 860 779 849 599 732 230 404 844 262 836 552 331 652 288 833 824 110 714 453 206 591 680 829 655 654 877 258 350 1022 911 423 673 409 473 78 310 362 414 664 240 622 753 89 755 499
356 423 608 207 237 318 329 624 582 713 288 592 786 243 555 542 1022 409 694 154 371 598 788 708 298 150 825 345 243 654 657 267 208 899 654 251 626 0 898 885 873 802 415 514 279 382 393 787 665 699 732 293 551 190 678 770 572 622 611 279 1066 762 681 481 168 872 714 842 204 900 865 438 689 1054 493 440 378 155 568 454 538 583 654 595 262 371 733 772 671 38 688 739 437 416 761 543 832 534 704 696 517 292 659 431 696 52 481 917 486 319 408 775 645 751 215 595 495 839 242 368 807 466 386 429 622 371 380 244 163 523 227 448 408 722 520 830 891 587 429 440 643 439 800 901 572 278 905 581 533 962 506 231 597 553 289 225 710 518 748 828 666 919 742
700 479 289 818 752 582 633 928 604 1004 949 791 243 782 947 369 773 488 386 778 740 776 322 989 741 884 611 717 657 639 880 675 960 98 1031 883 934 898 0 100 157 99 493 1084 636 614 548 314 232 730 472 609 531 783 229 143 356 279 510 912 752 860 902 899 817 26 854 801 980 102 658 1056 371 771 431 947 640 866 990 926 371 316 272 1201 654 1017 168 187 849 931 348 227 979 769 601 1089 542 835 193 253 402 618 1223 607 950 945 660 65 609 722 930 549 1127 508 689 880 404 386 925 593 94 442 537 777 531 658 798 849 1010 1151 678 687 594 178 924 256 679 1093 476 459 278 458 314 92 676 893 131 443 522 470 544 1012 856 625 768 799 270 703 325 203 1024 295 469
653 462 289 785 718 578 649 853 531 926 967 716 157 796 879 344 673 482 306 755 769 700 230 910 699 855 516 670 642 558 801 683 969 13 958 899 860 885 100 0 252 146 471 1025 613 638 565 223 238 645 384 606 466 789 208 118 384 266 437 930 652 773 822 836 823 90 770 708 947 201 562 1003 294 671 399 890 666 836 923 866 348 322 234 1141 657 969 163 256 769 920 411 291 923 712 510 1028 446 767 202 304 372 597 1159 640 870 929 598 165 549 743 875 457 1058 418 684 807 405 289 939 612 102 419 549 718 455 684 744 865 984 1095 675 629 621 199 858 160 582 1028 456 459 310 452 221 17 603 850 230 491 460 370 485 978 782 555 726 764 204 636 240 110 949 195 380
738 481 293 830 766 556 573 1007 687 1091 877 873 367 720 1014 395 914 473 490 774 655 859 449 1076 768 886 738 753 645 737 967 625 902 253 1107 815 1013 873 157 252 0 140 503 1133 638 542 492 441 244 832 587 580 605 732 279 231 301 304 598 840 899 964 991 957 767 162 951 919 985 60 787 1095 472 915 461 996 564 869 1056 978 396 304 333 1250 615 1049 222 101 940 902 231 135 1025 820 718 1142 672 906 216 177 432 618 1280 523 1038 923 723 105 672 649 974 670 1192 626 657 958 386 523 859 531 186 456 490 830 623 581 842 783 1003 1194 646 744 518 189 987 393 811 1153 484 438 231 446 444 248 758 917 42 344 590 620 606 1019 935 703 795 814 367 774 441 339 1102 447 585
623 387 194 731 665 484 533 874 552 955 850 738 229 682 886 283 778 392 349 686 642 724 311 940 659 794 598 639 563 598 831 575 861 154 975 783 880 802 99 146 140 0 403 1013 545 515 449 302 137 692 446 511 472 683 150 91 257 190 461 812 767 824 855 832 718 78 813 779 891 120 648 980 332 782 348 876 541 776 928 856 284 218 201 1130 556 938 87 111 803 834 265 144 907 698 577 1020 534 775 99 160 318 526 1157 509 902 849 595 119 544 622 856 530 1064 485 591 825 307 387 825 494 51 353 438 707 484 559 723 750 918 1077 580 619 495 80 860 260 672 1028 385 362 179 362 306 151 623 810 142 350 459 493 478 924 802 569 686 713 226 643 301 207 969 326 445
248 28 212 329 264 139 265 570 317 666 549 456 374 380 552 127 735 79 308 285 415 449 388 653 267 390 518 260 173 398 554 263 528 485 656 479 575 415 493 471 503 403 0 642 143 293 215 385 266 485 379 163 236 352 266 358 240 214 282 516 759 603 582 483 380 467 569 621 488 514 569 597 298 757 81 507 320 373 590 495 123 199 238 757 223 547 325 404 541 451 389 383 533 344 462 655 495 458 304 341 101 125 795 332 622 458 284 522 243 362 482 450 720 411 230 522 129 453 511 251 400 51 183 357 305 334 355 446 516 697 224 286 296 325 519 420 598 674 18 105 280 79 398 487 361 414 527 336 211 585 201 520 505 309 293 311 297 345 347 413 657 512 387
396 668 841 365 407 661 757 259 508 291 801 354 875 737 182 737 792 699 729 458 857 371 828 297 378 372 679 382 566 520 330 702 716 1038 205 765 255 514 1084 1025 1133 1013 642 0 538 813 778 833 888 485 693 652 559 678 863 941 881 829 597 793 856 449 335 191 668 1058 404 573 316 1133 688 78 738 831 671 137 824 376 149 158 737 837 814 116 669 142 926 1039 368 531 1028 1023 108 315 629 31 729 279 920 982 700 556 157 867 313 486 427 1130 476 795 159 674 137 683 618 276 771 830 756 780 992 681 753 307 585 824 291 754 388 78 629 397 833 945 182 898 702 83 661 735 921 715 841 1042 442 259 1150 956 565 901 541 300 300 478 355 368 821 395 801 927 224 955 702
177 158 352 194 134 125 246 520 349 618 459 432 508 307 483 270 793 169 419 142 383 430 510 608 163 249 582 180 56 429 522 210 420 627 591 393 524 279 636 613 638 545 143 538 0 295 244 509 408 499 467 124 293 262 410 501 354 357 351 431 827 597 550 406 282 610 556 644 348 654 628 483 413 820 215 411 314 231 514 406 266 334 380 649 166 427 468 537 520 316 496 512 431 278 520 556 576 408 446 469 241 19 695 347 582 318 272 664 253 321 382 522 634 492 139 476 252 564 416 255 543 195 216 294 368 321 271 363 373 584 141 255 310 466 446 551 656 583 160 205 409 192 521 630 366 291 664 417 271 691 248 381 466 327 184 180 432 328 470 550 595 641 476
472 273 355 448 409 175 56 815 607 913 336 722 601 179 777 357 1028 219 583 357 134 719 642 903 454 462 811 475 252 689 815 118 360 650 885 273 820 382 614 638 542 515 293 813 295 0 83 637 400 772 666 170 530 203 444 522 257 388 575 299 1049 881 843 699 237 593 843 911 556 583 862 749 569 1049 357 696 29 451 806 695 351 319 451 916 144 686 475 448 810 400 326 409 711 574 756 835 784 703 436 370 360 283 970 54 877 435 554 612 522 108 665 741 921 701 196 771 251 718 316 43 540 312 112 589 599 46 565 240 540 847 185 544 26 442 740 650 891 867 289 214 336 237 649 650 642 554 581 210 504 853 492 588 760 594 471 445 530 614 604 625 890 746 673
416 193 278 419 371 118 84 758 532 856 402 657 520 233 726 274 947 139 500 335 216 653 559 845 408 447 730 422 213 613 753 133 413 578 834 335 763 393 548 565 492 449 215 778 244 83 0 554 327 699 584 126 452 239 366 447 194 309 496 365 968 812 781 650 275 526 776 836 545 527 782 719 486 968 275 655 112 433 758 651 268 243 369 886 131 658 402 393 745 418 294 357 673 519 676 798 702 645 363 315 277 228 935 116 817 446 487 552 452 179 625 660 878 619 183 712 170 635 376 47 470 230 32 534 520 128 515 301 541 819 170 480 80 372 690 569 811 826 209 131 272 155 566 578 572 523 528 190 426 770 416 579 700 522 427 411 448 548 521 546 837 665 590
493 390 302 645 582 520 628 641 325 708 932 505 73 760 675 281 477 432 105 640 770 488 8 692 548 723 298 510 553 340 585 642 913 232 745 862 647 787 314 223 441 302 385 833 509 637 554 0 285 424 162 546 280 737 222 213 426 262 235 897 470 551 604 641 766 294 549 486 805 405 346 820 102 483 304 701 666 704 718 675 287 337 192 945 605 795 242 400 550 825 519 419 737 530 287 832 231 562 276 408 288 497 957 656 652 823 410 378 367 728 691 235 851 195 616 596 385 91 896 600 254 343 528 532 248 683 568 828 855 906 610 446 628 294 657 67 369 826 378 425 379 406 12 238 396 690 432 556 283 220 312 832 570 355 573 623 110 437 39 112 736 134 157
494 249 56 595 530 349 411 768 455 855 729 636 226 558 771 151 752 255 288 549 533 623 293 840 526 657 551 509 425 513 732 447 733 250 866 661 774 665 232 238 244 137 266 888 408 400 327 285 0 610 391 376 368 554 63 121 152 60 371 692 752 742 758 713 588 207 723 714 754 248 604 851 270 762 217 751 428 639 813 733 152 85 109 1005 424 807 75 156 708 698 235 154 781 576 518 898 497 664 39 130 188 389 1036 405 803 712 481 256 429 505 730 478 948 432 456 719 172 376 701 373 145 217 311 586 398 446 597 627 780 950 446 500 384 59 743 273 631 908 248 227 93 225 294 250 522 677 263 275 351 503 365 787 697 467 553 577 178 534 266 235 862 362 393
347 510 587 495 464 598 732 241 168 288 948 135 488 806 304 493 333 564 344 553 879 120 417 272 401 569 195 356 556 96 173 708 892 655 341 885 247 699 730 645 832 692 485 485 499 772 699 424 610 0 262 611 256 758 557 603 685 555 238 923 389 132 186 311 771 707 125 145 606 809 204 505 361 369 449 386 796 556 342 355 497 604 504 581 663 510 610 762 134 735 825 765 421 289 154 472 254 216 625 736 464 503 574 815 233 710 228 790 249 818 394 208 459 234 639 210 587 386 902 728 653 487 666 278 212 807 332 858 681 563 641 255 778 650 304 491 220 450 495 586 683 559 428 661 133 469 833 806 280 426 284 620 184 177 410 475 466 181 406 535 328 518 268
397 395 386 561 505 517 643 485 188 547 921 351 229 756 526 320 370 446 102 578 793 334 155 531 458 641 160 414 520 182 426 641 887 393 589 852 491 732 472 384 587 446 379 693 467 666 584 162 391 262 0 540 182 722 330 355 504 347 122 889 384 389 444 502 746 451 387 332 711 557 214 690 121 386 308 568 694 624 569 540 326 413 282 802 599 673 371 531 390 770 624 541 604 408 131 689 118 416 396 521 308 461 808 697 492 760 290 534 259 742 563 87 699 40 596 442 431 136 880 625 403 353 553 407 117 709 450 820 772 769 593 329 663 419 513 228 241 678 379 453 478 428 166 400 250 585 584 635 198 233 226 735 416 221 479 538 222 300 148 274 579 264 10
301 156 320 292 245 27 122 645 452 743 386 554 528 217 607 272 887 123 472 211 267 551 549 732 285 324 672 305 87 534 646 102 369 619 715 316 649 293 609 606 580 511 163 652 124 170 126 546 376 611 540 0 383 191 398 487 280 340 435 352 915 716 674 530 221 584 676 754 424 606 721 592 461 911 243 531 190 310 637 528 267 292 383 760 59 532 447 478 641 323 406 447 548 403 613 673 655 533 415 403 258 113 810 222 706 343 388 624 361 208 501 606 755 570 79 601 204 616 349 131 521 203 105 419 456 198 395 283 428 692 69 375 185 431 570 576 750 702 168 149 349 154 559 620 480 397 612 312 358 749 341 458 590 435 303 285 452 447 509 563 720 670 548
219 260 338 380 323 364 497 401 89 486 753 267 316 594 416 239 504 314 174 397 647 255 277 471 278 460 290 236 349 163 363 484 713 478 502 685 408 551 531 466 605 472 236 559 293 530 452 280 368 256 182 383 0 554 325 391 429 310 60 723 535 383 389 370 575 505 358 386 534 593 338 542 180 529 192 425 556 443 459 401 242 351 271 674 440 515 385 525 340 589 572 521 460 250 230 562 283 304 390 489 208 290 693 569 435 578 132 583 87 590 413 229 595 200 428 353 330 302 710 487 443 232 419 254 74 568 288 654 591 630 427 166 533 416 392 342 367 562 244 333 433 305 290 483 154 413 614 550 25 414 45 559 330 98 300 357 263 172 244 367 497 410 191
416 347 500 324 314 218 159 739 612 834 199 675 719 58 683 462 1055 311 660 231 183 677 740 827 374 307 844 412 206 692 757 108 179 802 789 130 742 190 783 789 732 683 352 678 262 203 239 737 554 758 722 191 554 0 583 670 433 524 611 168 1089 846 783 605 35 759 801 903 386 767 891 606 651 1083 433 582 194 302 704 589 457 469 573 770 134 540 628 633 761 201 526 597 587 504 783 704 834 635 593 555 449 264 830 247 808 241 529 790 515 128 549 783 801 750 126 702 384 805 159 202 699 394 245 520 629 184 481 101 353 698 129 505 230 605 646 767 919 744 359 330 510 341 750 803 624 423 768 413 531 937 510 416 698 589 380 330 643 580 700 753 798 861 731
473 255 90 589 523 370 448 727 408 811 765 593 166 593 736 140 689 274 228 552 578 579 229 796 512 655 490 490 435 461 688 478 763 221 827 696 733 678 229 208 279 150 266 863 410 444 366 222 63 557 330 398 325 583 0 91 208 58 321 729 689 690 712 682 616 202 674 657 751 270 543 831 209 698 202 725 473 637 779 706 143 126 54 979 450 790 63 205 661 713 298 211 756 548 458 870 434 627 67 191 173 392 1006 454 759 723 445 267 394 546 706 417 915 371 476 678 200 313 735 413 135 214 347 557 346 491 573 662 783 927 467 469 430 92 710 214 569 878 250 252 157 244 231 223 478 664 290 336 310 441 328 782 655 423 539 570 114 495 202 181 822 306 331
557 347 170 679 612 460 530 791 467 870 849 654 141 677 807 231 690 364 259 644 654 640 221 855 599 746 507 574 527 509 746 564 850 131 893 780 797 770 143 118 231 91 358 941 501 522 447 213 121 603 355 487 391 670 91 0 271 148 375 812 681 735 769 757 704 116 724 687 841 205 557 913 242 695 291 804 550 728 850 783 234 204 129 1058 538 874 46 188 716 804 323 211 836 626 486 947 443 695 89 211 263 484 1081 525 816 815 518 191 467 626 787 439 986 394 567 742 286 300 820 494 51 306 430 634 397 567 654 746 874 1008 557 545 505 94 782 177 581 951 342 340 202 334 218 132 539 750 230 387 380 413 401 872 718 487 626 659 137 563 210 128 887 256 354
488 213 123 548 488 257 278 804 519 897 592 682 374 427 791 192 873 185 405 482 386 673 433 884 503 596 663 500 351 590 781 325 607 396 894 527 809 572 356 384 301 257 240 881 354 257 194 426 152 685 504 280 429 433 208 271 0 164 452 555 881 813 808 724 468 335 786 806 696 333 717 832 387 887 240 747 284 580 830 735 188 91 235 995 313 780 224 200 763 601 149 167 772 584 620 895 618 693 182 123 221 335 1035 255 851 623 513 357 466 365 722 589 960 544 356 755 111 515 569 237 284 210 189 597 479 302 595 494 707 933 345 522 238 185 759 422 745 914 222 148 78 165 436 395 577 644 335 132 406 646 410 730 737 521 528 535 315 573 400 387 893 514 508
435 200 40 541 475 312 390 708 397 796 707 577 215 534 711 93 714 216 246 499 522 565 268 781 469 605 508 451 380 458 674 419 704 279 806 638 714 622 279 266 304 190 214 829 357 388 309 262 60 555 347 340 310 524 58 148 164 0 316 670 719 686 699 653 557 252 666 664 702 306 562 793 228 726 159 691 417 587 753 673 94 74 70 945 391 749 111 216 650 656 276 211 721 516 470 838 458 604 91 181 129 339 976 400 745 668 420 309 369 488 671 434 888 388 419 659 142 351 676 356 186 163 289 526 343 435 538 603 731 891 409 440 375 116 683 264 589 848 197 194 131 186 273 280 464 620 322 295 292 483 305 734 637 408 496 522 151 474 236 236 802 358 350
276 302 349 439 383 415 546 417 94 495 809 280 281 648 443 259 453 356 133 457 696 265 231 480 336 519 237 293 406 142 371 537 771 448 521 741 424 611 510 437 598 461 282 597 351 575 496 235 371 238 122 435 60 611 321 375 452 316 0 779 480 370 394 405 633 485 353 354 591 580 287 585 143 476 225 466 602 502 486 440 263 368 266 710 493 563 376 525 342 649 588 526 501 297 180 597 224 330 388 497 235 347 724 612 441 638 176 565 139 641 457 171 621 141 484 370 361 247 767 533 426 268 463 298 27 616 337 710 650 670 483 214 576 413 423 300 316 593 286 371 445 344 245 454 166 467 603 578 79 355 105 615 345 120 358 416 240 202 204 332 514 361 132
578 507 642 464 468 377 281 888 779 980 37 834 874 137 825 618 1224 466 825 380 192 837 901 974 531 426 1013 572 374 859 911 255 100 943 928 37 890 279 912 930 840 812 516 793 431 299 365 897 692 923 889 352 723 168 729 812 555 670 779 0 1258 1006 937 748 151 891 960 1068 481 882 1059 717 814 1251 595 714 275 427 841 726 613 607 725 872 293 651 767 747 919 265 617 707 714 660 951 822 1002 789 729 669 609 433 937 318 958 312 694 911 682 191 682 951 924 918 294 853 528 968 42 319 835 554 382 676 798 258 632 69 425 800 296 669 321 737 788 922 1087 866 521 479 634 494 910 943 790 552 879 499 700 1102 678 505 852 756 533 476 799 744 861 904 938 1018 898
710 777 759 870 829 895 1024 598 484 598 1287 523 540 1129 675 704 68 830 477 914 1175 509 462 585 770 948 245 723 883 412 526 1017 1244 655 678 1220 602 1066 752 652 899 767 759 856 827 1049 968 470 752 389 384 915 535 1089 689 681 881 719 480 1258 0 411 524 696 1109 740 452 285 993 853 201 887 494 32 692 772 1077 933 707 741 710 790 649 938 974 898 712 869 489 1104 988 890 805 672 307 839 266 603 746 879 692 825 914 1081 555 1083 585 818 582 1121 783 309 798 348 964 582 815 380 1244 1008 716 737 937 663 460 1092 716 1190 1066 933 962 620 1048 765 684 507 175 806 761 838 845 813 464 661 498 856 882 1013 558 284 579 1008 561 513 783 849 574 556 486 560 660 459 378
