339
0 731 364 584 961 518 794 790 143 1181 439 219 892 588 604 987 824 758 786 1024 768 171 846 874 325 763 1037 980 469 982 569 808 156 546 729 862 695 513 500 1020 1101 885 553 263 440 677 968 364 70 314 799 961 402 512 725 704 942 836 709 844 878 481 605 508 738 500 661 913 665 487 956 455 464 281 700 1004 857 685 847 357 226 532 906 913 694 672 966 564 851 199 110 887 839 1024 144 735 791 508 688 760 263 602 846 433 879 742 430 543 671 343 635 864 501 126 604 604 482 621 36 614 1052 435 728 269 659 809 326 1067 309 552 165 532 948 1116 775 440 923 957 840 1051 1067 100 481 735 982 222 323 783 907 399 268 125 209 698 970 982 780 567 756 371 789 1148 614 567 861 530 543 640 311 257 778 696 829 361 498 955 402 854 913 774 857 277 147 536 237 408 1106 648 372 140 976 406 688 946 774 782 790 661 224 594 967 546 467 549 777 188 756 1024 717 448 821 771 851 443 940 771 469 772 912 719 333 887 1151 248 912 1023 716 904 603 880 694 492 981 877 923 293 626 1051 570 606 1006 958 527 61 71 437 958 593 468 791 227 705 240 996 770 741 653 1178 823 325 698 746 857 592 662 636 414 378 572 570 756 953 1148 707 127 765 515 700 250 1000 523 780 833 197 326 474 500 639 550 665 686 258 480 69 896 623 108 954 629 400 820 290 735 307 780 228 282 472 266 402 933 448 653 767 608 819 364 774 756 1017 556 80 759 406 459 767 345 197 15 239 693 890 337 929 518 393 445 1109 239
731 0 589 317 410 214 276 280 784 450 295 516 688 542 626 489 352 109 198 340 328 585 342 617 505 151 319 497 313 467 400 124 690 536 539 225 498 335 298 291 372 247 663 573 383 612 356 385 678 523 592 274 377 579 21 520 257 106 471 553 223 287 590 279 690 519 504 233 575 518 322 295 572 647 494 279 598 207 467 761 550 382 318 553 610 67 715 395 230 639 660 158 118 301 611 437 683 405 466 665 574 654 732 329 472 84 698 337 278 396 152 205 262 619 401 372 615 249 765 594 368 574 224 512 277 288 430 342 606 389 637 427 453 387 648 404 706 320 315 324 337 689 695 51 287 565 506 476 205 340 481 824 661 32 628 346 199 642 460 706 162 424 253 237 314 474 189 400 594 488 361 250 114 615 615 286 406 560 494 236 295 534 586 200 567 534 375 460 384 626 728 563 42 492 534 72 399 386 661 445 263 545 682 417 175 566 403 304 589 572 356 459 152 330 217 117 517 329 233 217 407 323 421 483 404 309 300 173 571 445 482 238 722 154 644 441 469 331 297 349 274 250 573 733 678 547 345 161 295 615 512 349 735 420 374 129 82 450 634 591 291 398 606 138 125 105 493 532 274 357 271 365 417 231 816 511 476 91 553 269 518 115 586 713 495 421 424 92 403 337 412 547 530 753 714 189 804 478 371 580 636 593 30 625 562 754 603 364 551 396 395 647 125 69 427 117 677 47 660 301 472 790 646 324 286 668 675 580 726 521 158 315 570 459 336 417 504 381 796
364 589 0 621 670 437 525 773 301 1004 340 253 529 744 240 673 832 563 550 789 477 221 841 517 110 690 905 662 277 674 654 703 218 708 851 627 806 559 514 837 911 814 196 476 513 845 700 249 373 99 441 861 454 148 594 353 844 690 805 495 650 305 781 508 374 660 311 817 304 136 701 438 658 96 354 861 501 449 519 172 174 610 639 571 857 522 604 648 787 165 254 719 663 829 377 807 426 212 786 396 110 241 482 272 553 640 123 276 403 264 445 780 480 360 686 670 120 617 376 250 815 71 480 422 393 537 397 873 544 251 433 636 639 931 411 186 560 704 562 904 906 265 151 568 877 422 111 447 703 389 373 367 161 562 620 724 726 206 421 116 570 947 612 357 587 661 422 715 538 221 476 685 650 26 135 720 485 505 586 521 824 456 276 402 145 588 931 752 413 392 614 604 554 624 424 609 830 726 148 700 756 712 134 235 551 217 807 824 865 645 831 437 739 465 803 678 632 482 817 475 366 614 986 279 612 815 727 744 770 562 799 397 619 742 567 266 285 848 318 659 837 751 711 317 295 621 692 521 300 430 341 406 191 709 463 536 509 984 462 549 708 797 501 471 476 484 100 57 582 282 487 677 967 686 354 419 649 519 140 831 679 584 478 200 119 182 605 513 242 704 364 447 125 327 532 583 354 637 691 608 458 518 607 64 425 215 82 534 459 476 641 101 471 650 282 704 87 618 392 812 217 363 395 346 322 402 87 407 373 387 479 620 546 615 264 485 603 917 253
584 317 621 0 719 219 564 211 687 698 292 423 920 225 763 791 240 416 499 653 596 500 262 860 511 238 521 796 390 772 82 308 614 220 254 541 208 71 106 569 645 331 770 348 143 302 673 372 516 525 814 422 188 684 298 721 404 382 194 800 540 365 273 114 866 209 690 377 748 619 640 183 267 633 699 504 839 458 734 763 496 74 630 822 304 311 965 78 297 585 560 448 428 589 441 187 881 527 179 856 551 784 938 370 749 263 745 483 509 357 368 326 146 458 89 61 700 71 620 742 680 643 495 316 502 579 265 624 350 538 440 113 752 653 848 479 944 637 611 549 579 587 765 360 447 368 511 719 518 233 320 704 612 297 899 664 229 760 695 725 471 702 65 397 616 159 266 103 340 425 626 124 428 643 707 603 182 809 777 525 281 317 470 288 525 250 630 158 226 448 978 276 290 783 760 389 214 106 619 129 571 228 748 562 477 485 187 598 291 272 237 700 347 159 446 267 214 598 376 485 276 630 657 383 704 608 132 449 254 728 195 252 975 394 897 369 646 622 462 42 538 557 258 612 558 251 662 179 360 829 365 585 692 733 633 425 297 717 856 331 115 177 846 257 367 308 556 574 51 520 545 679 673 142 700 738 163 368 517 534 203 429 822 655 501 521 122 266 550 85 627 336 626 631 942 128 684 775 74 293 855 348 297 625 784 702 591 112 333 182 701 712 359 299 602 329 698 361 850 599 614 660 841 275 326 861 688 391 573 345 421 624 309 753 464 191 210 655 739
961 410 670 719 0 547 173 677 955 479 566 749 416 944 547 89 746 303 221 213 195 791 728 342 648 548 509 104 498 63 801 489 859 932 950 187 908 721 673 362 389 592 617 896 749 1019 86 607 931 663 371 555 720 567 431 374 550 400 882 290 200 493 992 653 525 908 396 544 455 540 124 635 952 761 356 463 332 293 195 826 738 775 91 232 1018 408 402 795 594 800 861 355 331 330 885 846 480 466 876 481 722 577 502 538 167 487 724 419 290 633 373 551 625 882 806 777 617 655 988 511 222 614 247 825 303 157 743 355 946 422 928 821 72 410 451 524 417 129 123 476 448 885 692 361 549 867 650 266 265 654 778 1014 810 424 285 122 593 587 279 764 249 389 658 407 108 869 495 808 934 706 193 660 323 691 607 185 759 290 159 205 670 856 819 486 736 901 434 868 709 902 412 930 430 126 330 343 802 796 802 849 259 941 687 435 242 773 810 315 999 949 750 263 483 682 448 508 899 191 545 257 707 89 491 733 62 292 709 380 973 138 892 543 401 436 339 685 400 322 391 755 395 269 965 939 893 921 90 543 507 402 789 264 859 40 207 293 424 431 400 935 701 806 341 476 361 418 577 623 671 397 208 55 446 641 1002 315 867 351 721 390 911 294 337 860 643 500 812 455 429 747 311 863 553 955 446 592 997 101 779 945 405 927 437 730 354 883 728 739 871 746 29 666 371 457 390 468 741 376 478 298 458 995 460 609 529 480 750 873 963 817 310 95 918 100 443 769 880 388 923
518 214 437 219 547 0 378 335 582 664 99 308 703 420 549 608 397 268 330 537 395 382 404 645 335 261 520 609 177 592 285 293 493 400 473 392 427 188 134 506 587 388 563 365 202 510 519 196 463 352 596 451 175 476 206 502 432 318 413 587 400 149 467 116 648 367 471 404 529 410 494 89 406 472 480 485 624 261 529 597 356 248 466 616 515 164 750 278 357 448 455 373 329 514 397 400 662 311 399 637 393 572 718 166 547 227 558 264 300 197 174 359 82 404 304 279 498 189 553 526 566 445 304 301 291 394 217 556 406 320 423 292 567 601 629 272 727 493 428 532 549 484 569 229 470 352 335 505 408 125 267 617 472 182 692 520 292 550 481 550 314 638 186 180 439 336 53 322 394 287 423 250 322 461 503 474 212 596 577 342 388 325 376 71 377 354 589 375 173 411 763 382 171 590 543 274 404 323 475 337 468 407 554 344 312 363 388 517 507 402 396 487 335 134 422 259 355 398 403 294 192 459 633 273 519 519 296 387 450 530 414 39 761 358 684 235 427 543 243 261 489 457 427 525 469 374 508 85 147 610 297 374 550 569 427 263 144 664 637 393 278 379 630 80 186 136 357 383 169 300 352 517 631 249 610 522 332 208 365 483 374 288 606 522 325 309 275 123 332 288 410 337 419 545 724 146 597 586 293 397 637 390 216 457 566 566 428 196 342 200 525 517 176 249 383 302 521 260 631 512 397 581 621 114 117 641 515 366 513 307 237 455 374 562 245 222 334 596 608
794 276 525 564 173 378 0 556 797 513 392 579 427 785 453 230 628 168 81 268 70 624 616 352 488 427 478 232 326 213 643 382 700 771 805 122 762 558 507 358 417 500 512 722 580 866 177 435 760 504 344 490 549 447 296 300 480 306 738 288 148 320 834 487 473 743 303 465 374 406 175 464 784 611 275 429 335 119 194 691 573 614 114 277 867 254 444 637 493 641 696 288 242 338 712 708 447 314 730 437 564 484 487 366 196 360 598 257 125 461 204 457 458 710 653 624 494 504 821 416 292 479 74 651 137 16 570 377 773 274 754 660 189 438 413 363 440 178 50 458 443 721 575 224 492 693 490 221 223 481 604 853 654 281 352 198 474 484 214 630 122 440 506 233 67 707 325 659 761 537 99 521 229 549 487 202 588 293 218 40 564 682 649 314 574 731 450 718 536 729 457 760 284 219 287 225 675 650 647 693 257 779 567 293 103 606 677 328 851 781 632 207 390 512 391 389 732 68 466 84 533 93 509 561 141 313 573 317 815 169 747 371 449 356 373 513 288 348 224 602 376 258 801 774 727 753 168 385 334 371 616 134 710 203 116 146 267 481 384 763 562 671 343 311 197 256 428 474 514 243 38 159 477 505 842 265 704 198 558 370 748 170 328 705 483 346 648 298 284 602 201 689 420 791 455 441 835 210 629 775 386 753 306 582 317 733 575 572 697 575 148 540 206 337 262 365 604 257 433 313 330 831 416 436 355 439 610 700 794 643 143 97 745 188 279 598 712 420 774
790 280 773 211 677 335 556 0 884 527 433 611 965 369 868 761 72 388 477 552 608 689 69 896 669 130 341 771 507 738 262 190 804 384 303 489 274 279 291 430 494 140 891 559 352 401 611 528 723 685 867 234 388 804 260 786 219 281 240 832 478 478 408 286 951 393 764 198 832 739 572 352 456 803 762 339 876 481 748 930 675 279 585 833 393 319 995 262 111 767 755 340 347 458 648 192 951 632 245 931 722 894 1003 501 753 196 894 573 549 522 406 156 304 664 238 219 830 169 826 841 574 779 504 525 545 568 465 483 559 630 650 305 727 497 917 605 984 568 593 377 414 783 904 332 259 577 669 754 428 410 522 906 793 282 909 591 83 875 736 885 439 552 176 471 589 340 359 213 549 604 642 94 354 797 834 521 390 839 774 516 70 528 667 381 701 454 468 260 421 657 1008 477 282 769 809 336 128 188 799 278 468 392 889 657 454 672 146 471 361 464 75 736 209 349 294 169 408 609 197 496 466 595 482 571 680 487 83 327 390 725 258 375 1002 264 925 547 725 491 539 204 391 454 427 813 758 449 601 253 479 887 566 623 873 679 654 410 317 557 909 539 97 146 884 319 389 340 691 719 217 602 552 627 508 87 901 785 350 367 691 389 380 389 864 840 659 637 325 294 643 150 681 546 749 833 991 190 886 754 200 494 910 559 250 790 836 886 759 321 544 388 667 852 385 221 681 213 856 303 925 478 712 864 912 434 452 934 849 600 780 551 434 585 518 736 562 400 411 505 926
143 784 301 687 955 582 797 884 0 1229 490 275 824 719 527 968 926 792 804 1046 759 200 945 818 308 840 1100 958 489 966 684 876 97 678 856 882 819 616 593 1064 1143 966 465 394 547 812 974 399 205 292 741 1033 500 445 781 654 1015 890 830 797 901 509 740 597 656 630 613 986 602 437 968 535 599 205 655 1062 802 700 817 236 234 644 912 872 828 720 901 679 933 156 129 934 883 1063 267 851 715 489 809 685 233 518 765 461 851 809 329 539 671 388 667 940 583 245 720 716 405 714 125 544 1074 371 740 385 660 811 422 1107 447 533 302 650 931 1160 704 433 855 970 840 1109 1120 101 383 779 1053 346 307 747 941 476 367 67 145 752 922 993 863 486 721 267 814 1186 708 588 862 655 595 755 448 296 764 789 871 288 421 976 509 807 884 784 948 401 217 583 225 539 1154 770 463 270 910 541 742 921 725 825 899 774 155 715 999 678 372 523 799 219 868 1061 849 583 924 737 917 535 1000 842 599 764 985 732 417 890 1204 314 900 1057 817 955 736 858 817 549 916 936 867 347 585 1087 574 715 1055 991 662 86 131 570 965 664 498 728 322 691 125 992 753 771 702 1219 759 462 798 857 801 647 697 682 380 336 668 558 758 955 1194 798 53 720 640 737 240 1049 653 814 779 101 314 455 618 694 527 772 659 383 426 74 824 706 60 932 740 536 755 426 793 237 726 105 229 577 392 507 926 362 689 830 577 884 269 823 681 1052 516 83 687 467 499 691 252 321 159 349 717 894 471 909 518 502 573 1150 100
1181 450 1004 698 479 664 513 527 1229 0 744 965 893 894 966 559 564 442 461 266 582 1033 533 818 936 460 187 577 743 534 771 394 1133 905 825 392 801 744 724 167 96 387 1023 1012 808 928 395 830 1128 954 836 295 814 952 457 810 308 346 766 762 366 721 936 707 979 905 817 329 887 903 365 739 965 1075 787 193 806 556 660 1176 994 772 432 711 919 510 880 769 417 1080 1108 294 346 176 1060 716 945 796 773 940 1010 997 974 768 640 452 1096 728 613 844 565 377 700 1068 756 731 997 630 1215 930 257 972 532 956 621 509 875 135 1034 765 1083 810 551 74 913 820 896 361 503 150 119 1137 1079 450 270 1009 937 717 302 788 929 1272 1099 482 763 358 473 996 719 1117 435 94 637 650 480 852 638 736 1023 936 605 581 358 1029 992 316 837 763 638 499 473 973 1036 647 1007 945 74 788 828 1074 890 973 493 604 785 404 640 713 1098 799 256 913 1069 789 455 1013 669 185 884 970 570 708 352 767 253 435 912 579 331 535 855 460 47 933 529 200 604 276 917 608 785 689 879 311 818 891 801 166 686 711 175 257 947 1182 1128 949 395 599 732 866 961 646 1169 449 623 467 529 58 870 1017 610 671 815 589 534 547 903 947 674 731 544 429 36 559 1264 766 859 492 993 181 895 420 808 1152 928 823 820 542 778 668 715 988 917 1202 923 593 1253 579 718 990 874 1026 448 1050 813 1189 1033 782 990 829 493 1039 541 421 771 376 1089 407 936 200 834 1240 918 775 730 940 1091 1026 1176 968 524 448 995 578 739 849 908 93 1232
439 295 340 292 566 99 392 433 490 744 0 221 658 463 472 614 491 322 363 591 391 290 501 608 236 360 610 613 105 602 343 387 398 435 539 435 493 242 189 581 662 486 478 330 224 560 553 97 390 253 551 546 175 392 291 451 528 401 484 554 448 87 507 178 582 396 415 500 466 327 534 113 421 373 433 572 587 273 512 498 259 300 494 596 567 233 713 336 456 351 365 449 400 585 331 479 603 240 468 576 294 493 661 78 536 321 462 211 289 102 203 456 145 334 369 347 409 278 472 453 620 353 319 259 278 409 178 628 383 260 367 338 573 678 573 187 685 534 443 619 632 394 477 296 565 302 236 475 470 96 212 529 374 262 669 560 391 468 448 452 358 709 274 162 458 376 105 393 372 194 414 345 390 364 415 524 216 564 568 363 487 290 292 97 280 358 669 439 150 347 726 385 252 588 502 342 493 399 377 394 530 442 461 280 350 271 473 585 565 413 491 457 428 156 509 355 376 395 499 308 141 482 716 190 529 585 388 467 492 524 482 61 725 446 651 146 370 612 206 333 568 520 454 438 383 385 542 184 77 560 231 353 452 594 414 308 214 739 590 374 369 463 592 156 227 197 265 288 247 250 359 544 710 345 521 483 368 262 267 562 408 344 567 425 226 230 313 204 269 370 373 297 334 458 676 243 509 588 366 397 589 362 302 358 522 468 329 232 305 203 540 424 218 340 328 394 423 336 571 579 328 496 563 43 43 581 416 310 435 253 266 481 358 563 186 223 350 670 510
219 516 253 423 749 308 579 611 275 965 221 0 734 504 475 781 658 538 567 804 558 77 675 703 159 565 828 776 252 774 435 602 192 465 623 643 582 353 323 802 883 690 445 224 291 604 751 145 181 160 632 759 237 378 511 532 740 622 586 663 659 262 536 325 606 416 489 711 511 331 738 260 408 224 522 792 684 467 651 352 83 392 690 724 617 455 802 429 657 162 147 671 621 806 145 599 648 316 566 618 150 482 706 214 681 535 365 337 458 123 415 665 309 137 469 460 367 443 251 472 833 308 511 170 446 594 164 849 292 357 198 408 741 899 625 242 764 738 627 839 853 176 403 517 779 171 157 595 688 202 124 309 190 484 788 763 588 449 566 327 569 930 436 349 646 426 327 502 286 45 572 517 611 265 380 735 256 673 715 557 674 203 72 318 115 338 890 528 197 163 814 352 473 744 597 563 638 518 199 474 748 468 386 360 558 61 609 805 629 394 656 580 644 265 729 567 387 562 710 502 147 672 937 40 702 803 548 689 527 678 577 278 816 666 751 74 448 832 358 455 790 738 463 217 162 371 740 389 249 631 88 501 269 782 566 521 436 960 663 296 529 598 686 377 443 418 250 233 397 368 541 737 931 525 301 584 412 480 115 784 437 561 661 231 154 285 375 424 358 509 493 194 330 237 744 431 289 750 484 356 660 266 522 228 609 278 191 318 206 251 721 354 434 557 421 611 305 558 613 798 383 274 611 193 239 624 290 160 218 134 473 674 293 725 310 253 358 891 316
892 688 529 920 416 703 427 965 824 893 658 734 0 1119 298 347 1037 588 507 627 362 735 1030 75 580 839 897 328 554 368 988 804 747 1093 1175 537 1129 890 835 762 801 925 366 945 883 1213 497 634 893 585 107 917 833 381 706 208 907 733 1112 138 561 571 1164 818 185 1054 248 892 227 408 529 767 1077 621 225 848 92 484 239 618 679 950 467 184 1218 646 77 982 915 695 781 713 669 734 878 1091 119 430 1099 144 629 312 100 589 253 772 507 447 418 664 564 882 783 866 1008 981 419 876 906 280 638 458 464 877 423 421 816 764 1010 400 932 992 344 823 120 502 30 534 410 871 850 795 456 638 918 898 582 211 638 752 822 892 690 683 159 534 887 342 229 567 548 804 876 523 428 1033 653 1023 1001 690 330 913 656 537 403 584 874 134 256 462 983 913 783 633 659 1012 843 1078 803 895 85 1036 683 293 160 649 1073 1021 677 1041 655 1100 462 385 527 724 1068 720 1210 1069 1040 229 815 814 817 805 1034 363 893 470 775 440 902 741 364 700 966 743 1149 286 1115 676 92 783 84 703 293 732 460 962 788 661 1113 847 822 1041 498 748 581 103 809 342 702 450 315 561 651 847 71 1008 951 1061 83 669 576 631 487 515 869 408 419 463 860 901 878 182 1026 598 648 783 1066 595 101 724 582 455 970 678 393 979 293 911 413 856 30 816 881 319 993 1046 73 985 718 591 136 725 611 888 923 861 399 464 582 755 331 788 557 679 146 703 352 892 137 696 616 138 574 892 900 852 531 453 997 315 472 880 1008 801 754
588 542 744 225 944 420 785 369 719 894 463 504 1119 0 927 1014 353 641 723 875 812 569 385 1064 636 446 709 1018 568 995 142 518 671 41 146 766 127 231 285 780 851 508 920 326 240 100 898 514 519 645 1011 603 297 838 522 913 587 600 156 1006 765 548 48 303 1043 89 878 564 928 777 865 351 130 729 894 702 1043 675 948 856 587 171 855 1036 112 535 1169 148 477 661 606 666 651 803 452 203 1066 702 139 1039 652 944 1125 538 965 483 865 672 720 490 585 517 337 474 143 172 843 293 621 912 901 784 715 342 711 801 347 835 284 723 423 127 975 857 1036 642 1144 862 833 743 778 628 896 585 628 373 635 925 740 375 379 714 687 522 1111 889 422 915 900 831 695 909 289 599 839 86 472 157 280 525 841 317 651 762 854 827 261 1015 994 746 432 319 522 491 619 180 831 110 336 450 1182 183 515 1003 960 614 284 181 699 98 792 42 879 743 701 560 246 813 129 146 347 907 553 306 650 481 121 814 563 704 380 855 850 469 926 825 289 663 30 946 135 443 1180 605 1104 478 833 836 659 194 745 778 73 635 590 151 887 400 540 1022 421 794 762 958 847 650 520 920 1051 266 285 240 1048 474 588 528 703 708 272 711 764 904 872 339 715 939 96 592 617 742 67 654 1024 718 627 689 149 489 733 226 828 337 782 651 1138 353 697 996 178 193 1050 300 521 731 982 765 694 231 327 271 925 844 579 519 791 541 808 585 1034 816 790 668 1026 431 504 1044 794 398 574 381 641 848 251 974 648 259 148 862 794
604 626 240 763 547 549 453 868 527 966 472 475 298 927 0 521 936 559 510 717 386 458 938 302 316 760 911 506 373 531 815 750 454 895 1012 575 966 714 662 808 870 872 74 697 686 1027 603 413 613 315 226 895 630 96 638 174 880 708 957 300 600 399 968 650 133 850 152 858 95 150 618 585 860 327 191 863 291 432 361 323 406 772 549 383 1035 565 375 808 852 405 495 715 661 791 611 948 187 238 940 157 348 30 241 394 395 698 211 295 363 439 475 832 616 595 841 820 123 738 615 36 738 171 441 635 359 458 591 831 765 239 666 807 496 892 177 286 328 621 471 898 890 505 163 588 904 646 317 284 670 552 582 595 398 608 414 635 804 45 268 269 543 893 736 398 496 841 513 865 758 435 368 794 646 244 107 655 667 308 421 468 906 671 511 490 381 790 901 912 592 627 383 811 603 465 233 618 952 870 383 865 710 900 166 212 521 451 938 781 1036 849 937 284 776 625 814 737 825 389 859 441 553 520 960 491 485 766 844 744 955 416 955 512 390 762 349 463 166 801 332 805 820 710 906 555 535 822 598 619 403 207 559 320 404 588 351 529 560 934 236 767 826 928 287 549 500 535 229 242 716 269 422 573 930 788 581 240 831 538 373 814 866 576 269 428 321 242 779 577 225 838 252 665 147 563 296 689 585 484 838 818 231 739 652 298 222 427 323 700 678 656 520 166 501 695 202 743 259 638 154 766 156 597 160 498 437 164 276 635 614 605 478 530 760 467 307 670 797 873 456
987 489 673 791 89 608 230 761 968 559 614 781 347 1014 521 0 831 380 293 297 224 816 814 278 666 632 599 19 535 26 872 575 874 1001 1027 273 985 788 737 450 473 680 594 944 810 1093 174 643 962 679 321 645 777 556 510 348 640 487 960 237 287 536 1062 718 478 973 378 633 426 539 213 693 1014 768 335 553 272 347 160 819 761 844 177 164 1093 480 323 866 681 814 883 444 418 418 921 926 426 481 953 432 738 549 440 577 126 569 713 445 327 672 433 639 688 917 880 850 606 729 1011 487 302 612 303 872 339 213 793 439 997 436 967 890 41 493 401 546 344 219 180 565 536 905 676 439 639 911 668 238 354 706 822 1029 822 500 204 209 677 564 258 759 326 467 732 452 176 936 554 884 986 737 209 739 409 693 594 274 816 234 102 267 757 905 848 542 755 960 518 943 762 939 332 989 505 58 291 425 885 873 813 921 348 1009 673 444 315 799 892 402 1075 1010 835 241 571 741 538 592 962 220 634 314 755 166 575 770 88 379 789 469 1044 111 970 599 320 524 266 722 391 407 424 828 484 358 1031 959 917 982 179 613 549 352 829 281 865 110 216 366 494 508 344 988 780 887 281 541 426 485 587 632 742 416 257 145 528 721 1017 281 934 423 740 480 978 374 282 869 663 515 878 525 441 824 309 910 551 974 377 666 1013 37 854 1003 349 977 517 736 310 889 739 802 919 804 94 656 436 540 391 554 738 459 430 385 456 1014 413 658 574 430 748 915 990 861 373 175 971 58 471 826 942 470 927
824 352 832 240 746 397 628 72 926 564 491 658 1037 353 936 831 0 460 549 613 681 735 32 968 726 201 377 841 571 807 271 257 850 375 261 558 241 311 334 483 541 182 957 582 384 367 678 584 756 742 938 270 426 870 333 858 259 347 206 904 547 543 387 333 1021 393 835 243 902 804 638 402 456 857 833 383 949 553 820 986 726 297 655 906 356 391 1068 273 162 816 798 404 415 513 681 155 1022 699 217 1002 775 961 1075 563 825 268 954 641 621 576 477 209 355 698 241 229 894 217 860 909 634 842 576 556 617 640 504 534 574 698 678 314 798 541 988 668 1056 634 664 417 457 825 967 404 293 607 726 826 494 459 560 944 843 354 981 657 154 942 808 942 510 598 223 540 660 341 424 209 565 654 714 146 423 856 899 586 422 911 846 588 92 555 709 447 753 465 511 242 463 688 1080 485 354 840 881 407 76 183 849 274 530 382 951 725 526 719 108 527 321 466 6 808 270 392 346 239 413 681 241 568 511 665 517 617 751 544 109 388 370 797 227 436 1074 324 997 597 795 545 609 221 442 515 418 852 798 454 668 318 542 959 605 695 923 747 726 482 388 600 981 554 128 113 956 388 461 411 754 780 260 672 624 695 549 148 940 857 353 439 743 441 376 461 936 888 716 702 339 365 712 161 753 573 814 872 1063 250 924 825 206 501 982 577 322 846 908 935 813 352 570 422 736 914 457 292 751 279 914 374 996 535 781 901 984 489 514 1005 906 631 814 585 506 655 533 807 629 431 421 552 974
758 109 563 416 303 268 168 388 792 442 322 538 588 641 559 380 460 0 89 270 225 600 448 516 494 258 353 387 303 359 499 215 695 632 647 126 605 424 380 275 352 336 605 634 461 716 257 396 712 512 497 340 443 526 130 434 327 151 579 451 132 283 690 360 608 611 424 308 496 470 228 357 659 633 408 306 497 127 361 735 557 476 213 446 715 109 611 493 326 640 675 159 103 271 652 546 593 360 573 579 568 589 639 331 364 192 660 290 197 415 124 293 336 656 503 474 567 351 790 525 299 535 127 568 200 179 483 315 675 334 686 522 344 370 559 378 604 227 205 345 344 703 649 58 347 617 495 377 149 390 529 839 659 120 520 254 306 581 364 677 54 394 355 208 204 569 225 505 663 504 259 358 89 588 564 206 478 457 386 129 397 594 611 225 568 614 369 565 441 668 624 644 126 382 439 61 508 493 656 546 209 641 638 360 66 580 512 269 695 658 463 361 229 400 254 221 605 225 309 123 453 215 423 511 295 265 409 187 671 337 589 278 617 205 540 465 395 295 248 451 274 200 667 752 699 631 246 245 294 522 552 258 727 316 273 30 128 427 539 661 400 507 505 189 95 132 462 505 370 299 169 262 406 341 829 416 569 60 553 268 612 22 487 712 486 383 515 157 347 444 325 604 484 770 615 289 820 369 476 660 541 659 138 607 468 748 591 447 610 466 287 605 104 169 356 200 649 90 574 260 411 810 558 360 299 581 650 628 755 569 84 208 641 350 298 489 589 359 790
786 198 550 499 221 330 81 477 804 461 363 567 507 723 510 293 549 89 0 242 145 621 536 433 498 347 406 299 318 273 580 301 706 711 734 78 692 500 452 298 366 419 563 688 530 800 190 422 746 515 421 411 505 491 219 368 400 226 667 368 99 305 771 432 543 687 365 384 438 442 171 419 732 630 343 357 415 104 275 721 573 554 136 358 800 187 525 575 412 649 695 212 163 284 692 634 522 339 660 510 574 540 564 353 276 281 636 274 152 445 160 376 405 693 587 557 536 436 816 474 269 513 71 619 160 91 536 326 734 305 730 600 255 386 488 374 521 171 116 389 379 722 618 147 414 665 499 299 160 444 575 856 664 207 432 197 395 537 289 661 41 397 439 218 117 647 280 590 722 528 177 447 149 575 531 172 542 374 296 46 484 648 639 274 578 683 393 650 497 709 538 712 212 293 364 144 598 579 660 628 207 720 608 328 23 602 602 277 782 729 553 284 309 465 315 310 679 144 385 75 502 131 451 545 207 266 498 242 753 248 676 331 531 276 455 497 343 299 234 535 310 204 744 773 722 702 179 322 318 448 593 193 727 239 193 73 203 435 462 722 488 596 424 256 143 198 450 495 451 271 92 186 424 430 845 341 646 130 563 304 690 89 407 717 491 368 591 234 317 531 263 657 456 791 535 373 838 280 561 728 464 717 228 602 393 749 590 519 664 530 202 579 153 257 310 283 633 176 505 263 373 831 489 405 331 512 637 674 785 616 97 126 704 260 289 553 660 370 791
1024 340 789 653 213 537 268 552 1046 266 591 804 627 875 717 297 613 270 242 0 331 861 589 552 740 436 312 315 558 271 735 366 948 873 849 163 813 676 638 159 175 439 779 903 722 934 129 660 980 757 571 379 710 715 357 554 379 277 782 496 145 543 922 618 718 858 565 381 632 674 101 624 912 871 531 271 540 346 395 957 814 720 170 445 930 373 616 731 451 891 935 212 224 125 922 739 681 577 781 677 816 748 708 591 374 391 867 514 386 680 389 404 599 925 731 702 763 582 1054 680 29 746 309 837 396 260 753 142 941 539 956 765 286 196 649 616 630 97 246 274 241 962 844 309 367 887 741 455 135 660 799 1097 907 367 499 92 473 751 459 896 234 180 587 459 222 812 495 724 929 767 349 563 225 813 756 69 742 497 372 267 526 863 876 495 820 874 220 783 711 938 626 903 376 339 523 269 680 706 902 776 84 881 835 560 247 841 697 108 904 912 618 447 343 665 276 398 857 328 383 316 724 199 277 779 262 85 605 225 903 342 797 549 615 288 552 732 555 110 475 680 198 98 911 1013 962 887 129 500 555 602 822 401 968 187 367 283 394 222 605 927 602 695 549 457 363 401 689 735 613 507 304 163 233 541 1087 504 814 331 805 196 856 249 542 959 733 607 764 419 550 657 465 874 688 1031 657 527 1079 315 698 920 609 927 356 842 550 991 832 704 879 731 227 809 373 356 531 342 870 293 674 92 598 1071 656 630 565 677 875 899 1022 840 331 187 907 313 531 753 844 174 1033
768 328 477 596 195 395 70 608 759 582 391 558 362 812 386 224 681 225 145 331 0 597 671 290 452 480 549 221 311 215 672 441 663 794 843 193 799 581 529 429 486 562 448 720 596 897 225 419 740 467 275 557 559 387 348 229 546 371 777 225 218 311 860 509 402 763 234 530 304 351 233 477 800 567 205 499 271 137 140 638 543 640 166 228 900 295 386 666 552 604 666 357 309 408 697 750 377 270 768 367 527 417 419 352 153 413 541 224 102 447 227 519 477 694 685 657 435 541 794 349 353 426 105 648 114 72 570 446 774 227 743 685 184 507 343 329 378 237 87 528 514 690 514 278 560 687 454 153 293 485 598 818 615 328 304 253 528 419 144 576 186 506 542 229 112 731 342 694 763 515 33 566 295 500 427 268 599 231 182 100 622 681 627 326 540 743 519 753 540 715 399 771 329 197 218 286 723 687 607 723 326 802 507 242 165 579 722 397 886 795 684 138 453 526 460 445 750 4 531 113 531 138 579 546 144 381 618 386 842 134 784 381 393 422 316 498 223 416 200 635 447 328 822 743 699 767 218 416 324 302 605 72 665 232 48 199 304 548 316 766 606 716 279 338 230 289 383 429 545 201 56 200 546 551 806 196 727 242 525 441 770 232 262 664 448 304 670 334 235 642 134 686 365 760 390 478 801 196 664 785 318 754 358 536 247 689 533 591 695 586 166 483 238 393 203 426 552 316 362 382 272 800 346 435 351 368 559 690 770 636 178 147 750 171 249 608 728 488 729
171 585 221 500 791 382 624 689 200 1033 290 77 735 569 458 816 735 600 621 861 597 0 752 711 157 640 900 809 303 810 508 676 115 529 693 698 653 429 400 868 948 766 418 267 365 667 799 203 157 149 637 833 313 362 582 540 814 692 659 678 715 318 598 403 592 480 497 786 508 327 789 338 464 168 534 863 693 518 677 288 56 466 737 744 681 522 806 502 734 91 75 738 687 870 156 673 640 338 638 609 111 461 697 269 709 609 319 372 501 189 475 740 386 138 543 535 341 520 197 462 889 287 561 227 488 639 238 913 333 381 211 480 777 965 621 269 765 790 670 910 922 104 362 583 853 211 155 614 749 279 191 239 118 553 804 815 664 427 586 273 626 993 514 402 691 494 396 577 329 96 607 595 676 227 356 791 329 688 743 606 752 255 55 385 76 396 958 600 273 171 817 407 543 775 609 629 714 593 130 546 808 531 346 379 613 19 685 869 696 450 733 601 717 343 800 641 449 601 785 552 224 718 1006 117 740 865 625 757 590 709 648 349 821 737 760 147 459 895 400 531 858 800 523 152 102 429 789 464 306 632 148 534 195 825 599 581 504 1025 664 341 606 674 694 447 504 485 249 220 475 399 586 783 998 602 231 598 480 543 86 852 501 622 670 155 157 304 447 495 379 585 516 242 322 170 741 507 220 782 559 408 661 307 593 180 617 202 145 394 254 325 762 319 495 630 439 683 254 625 605 860 391 210 606 267 302 616 238 193 174 189 530 721 342 758 347 325 420 956 239
846 342 841 262 728 404 616 69 945 533 501 675 1030 385 938 814 32 448 536 589 671 752 0 960 737 190 346 825 577 790 299 239 867 407 294 541 274 333 352 455 512 154 961 608 406 399 658 595 779 753 932 239 446 874 323 854 228 328 239 895 528 548 419 349 1019 423 832 215 900 809 618 417 486 870 829 354 940 546 809 998 741 323 637 894 389 385 1058 301 138 832 816 382 396 486 703 188 1018 702 250 998 788 963 1070 571 812 258 963 642 615 589 473 184 369 720 270 257 900 232 882 910 609 849 567 579 612 627 524 506 602 699 702 343 782 511 984 674 1048 614 650 387 426 844 974 393 262 630 737 818 472 474 580 964 858 346 968 636 142 945 801 953 497 569 238 540 645 371 428 239 592 669 704 158 405 866 904 565 445 902 833 577 63 579 728 451 767 493 480 275 481 711 1070 514 348 825 874 392 108 213 864 304 506 414 958 726 513 736 141 500 353 496 38 801 248 410 319 226 442 671 213 559 528 649 486 634 735 518 130 364 402 784 260 444 1064 301 987 612 794 518 608 247 414 492 450 873 818 484 649 323 548 953 625 689 939 728 717 471 384 569 974 582 148 145 948 389 455 408 761 788 277 671 614 677 518 155 961 851 383 431 757 414 407 447 928 905 727 707 366 363 712 188 748 598 819 892 1055 258 945 809 234 531 976 604 312 857 902 951 826 375 594 443 720 921 451 279 749 260 925 360 993 509 782 922 980 501 521 1002 917 654 836 607 498 639 561 792 631 454 449 522 990
874 617 517 860 342 645 352 896 818 818 608 703 75 1064 302 278 968 516 433 552 290 711 960 0 554 769 822 259 505 297 931 731 735 1040 1114 462 1068 833 778 686 726 852 376 907 831 1156 423 593 869 562 77 842 783 373 636 171 832 659 1050 64 485 520 1110 761 215 1003 214 818 216 387 453 713 1029 612 181 773 21 416 163 625 655 894 391 113 1160 578 105 924 843 680 763 638 595 659 848 1027 155 390 1038 169 610 322 161 543 178 701 513 397 353 624 499 809 727 837 948 922 416 813 891 277 564 446 393 837 359 346 772 689 970 355 901 936 271 747 138 464 88 458 335 795 774 779 465 567 843 862 556 143 563 703 782 884 679 614 113 459 817 348 165 570 474 730 813 465 352 978 594 962 960 658 257 847 582 529 401 508 824 59 182 388 912 873 757 574 638 965 767 1018 755 865 118 990 614 222 107 576 1007 959 666 983 579 1047 468 345 454 699 1003 644 1151 1021 971 161 742 761 741 735 984 290 819 400 730 364 827 706 289 624 900 667 1094 211 1054 620 117 708 49 665 255 657 404 902 712 585 1062 832 803 993 423 686 530 96 774 276 699 377 243 490 584 773 73 966 886 996 17 606 509 565 461 495 809 358 347 388 785 834 871 125 972 529 626 707 1013 522 42 716 555 419 916 612 350 916 235 873 395 844 105 752 872 247 933 1001 78 946 647 581 94 723 597 834 884 812 325 464 515 683 287 716 556 606 169 628 321 880 153 647 565 165 571 858 881 815 462 377 954 242 424 831 959 726 754
325 505 110 511 648 335 488 669 308 936 236 159 580 636 316 666 726 494 498 740 452 157 737 554 0 593 824 658 193 663 544 613 211 600 740 576 696 449 405 769 846 719 290 382 403 737 665 141 314 18 481 772 344 219 507 383 754 609 694 521 596 218 673 399 447 553 340 727 355 174 660 328 554 142 377 782 536 393 523 262 100 499 603 588 748 438 651 537 690 152 217 645 591 765 298 697 490 185 675 460 76 324 548 177 555 548 234 231 363 154 371 686 372 285 575 559 211 510 346 313 767 151 432 322 351 502 289 809 450 229 353 526 628 865 469 125 611 661 531 826 833 238 260 490 789 329 1 458 641 278 270 365 166 475 647 684 626 292 431 216 511 887 505 286 554 552 327 604 442 119 459 579 578 131 224 670 376 531 589 476 723 357 203 309 88 483 862 641 303 315 662 501 466 623 452 534 721 615 162 590 697 604 243 224 494 144 698 762 755 541 725 446 650 355 721 584 525 457 726 424 256 581 915 177 595 756 620 668 662 558 688 295 665 659 603 157 302 787 265 549 765 690 605 293 253 516 656 420 210 477 244 386 233 684 450 470 422 921 510 452 601 688 537 378 402 399 93 75 473 251 449 646 900 581 354 441 540 444 74 759 571 516 513 219 9 150 495 422 226 595 362 350 171 308 588 479 349 632 581 507 507 424 520 122 460 253 98 424 363 366 619 208 395 561 283 615 188 538 455 752 234 348 454 237 224 466 180 319 330 289 415 585 447 608 209 376 496 853 296
763 151 690 238 548 261 427 130 840 460 360 565 839 446 760 632 201 258 347 436 480 640 190 769 593 0 287 641 414 608 314 72 753 450 412 360 376 286 273 334 407 126 789 562 353 498 484 457 702 610 742 198 370 703 132 666 179 160 345 705 351 386 491 260 834 446 647 150 716 640 446 308 506 733 641 266 749 356 619 855 617 312 456 704 493 198 867 311 96 709 712 224 221 357 629 303 830 529 344 812 654 787 881 418 623 67 807 465 426 459 288 100 262 641 303 276 734 169 799 731 461 687 376 513 424 438 440 389 578 521 643 351 597 415 796 512 857 443 463 312 341 741 811 202 220 568 594 628 307 366 497 871 734 157 779 467 47 771 611 805 309 465 176 362 459 395 267 290 566 548 513 128 227 715 736 399 386 712 644 387 146 525 628 288 639 485 392 348 393 641 880 512 160 639 684 206 254 271 737 348 352 459 797 548 324 622 264 367 467 510 205 610 108 324 208 40 452 481 149 369 430 466 420 527 550 380 168 218 472 595 360 299 874 159 796 494 610 390 428 255 301 338 492 778 722 489 474 177 389 764 536 499 812 552 526 281 200 479 785 560 165 260 757 220 267 225 601 634 215 491 423 499 434 106 865 661 401 240 627 297 438 259 738 784 583 539 359 183 534 222 559 542 651 798 865 141 851 624 267 530 786 571 121 716 712 828 688 325 542 379 537 761 264 91 566 95 776 173 806 371 604 832 793 374 369 815 772 588 756 532 308 456 537 606 458 397 447 418 869
1037 319 905 521 509 520 478 341 1100 187 610 828 897 709 911 599 377 353 406 312 549 900 346 822 824 287 0 614 631 572 590 230 1008 721 638 360 614 573 558 152 176 201 958 848 640 741 424 703 979 842 822 107 654 879 319 775 121 215 579 759 336 606 750 544 949 724 771 145 844 823 385 585 786 966 749 49 806 480 658 1078 868 595 435 727 731 386 901 589 231 958 975 196 250 187 909 529 926 711 586 916 894 941 965 648 647 295 1009 641 548 712 460 194 542 919 573 549 919 455 1072 877 320 885 471 797 552 481 720 185 865 687 926 631 579 171 892 719 907 380 487 44 85 1004 1002 337 84 851 825 699 259 638 776 1137 980 349 791 391 292 934 693 1022 369 229 462 549 470 671 505 552 853 804 578 400 265 931 917 324 672 763 655 451 286 811 896 519 886 770 137 602 673 921 912 797 359 631 766 298 453 528 980 615 250 729 989 714 392 881 482 204 697 792 383 686 186 606 102 269 734 547 146 470 705 459 141 793 543 227 419 167 732 614 598 551 903 164 833 754 746 209 598 530 115 241 764 1045 990 772 419 445 614 850 812 600 1055 492 595 383 401 223 861 846 426 484 815 453 430 424 807 848 502 653 499 454 172 379 1130 744 679 387 872 119 713 336 802 1032 815 731 643 406 701 485 669 827 836 1065 927 426 1117 608 535 814 864 858 307 944 795 1073 922 612 828 665 514 956 434 270 709 218 993 287 911 219 765 1102 894 634 605 917 992 870 1031 813 437 446 824 600 645 683 731 186 1116
980 497 662 796 104 609 232 771 958 577 613 776 328 1018 506 19 841 387 299 315 221 809 825 259 658 641 614 0 532 43 876 585 865 1004 1034 283 991 791 740 466 490 692 579 941 811 1098 190 639 956 671 304 659 777 543 518 333 653 498 966 219 299 533 1066 720 461 976 364 646 411 527 229 694 1016 757 321 568 253 348 146 806 753 847 189 146 1099 485 304 870 692 805 875 457 429 434 917 933 408 472 959 414 729 534 421 573 111 577 699 439 324 668 435 651 690 912 885 855 593 735 1004 472 320 600 305 870 336 216 791 457 996 428 963 893 43 511 383 539 325 234 185 581 552 897 661 446 654 908 660 223 368 705 819 1020 813 507 185 225 687 549 245 746 334 485 737 451 183 940 556 889 985 731 203 746 420 681 581 290 817 216 85 271 768 903 842 543 747 961 536 949 761 934 313 989 511 41 274 434 894 879 803 925 364 1012 659 435 322 792 900 418 1081 1011 845 228 582 742 552 601 964 218 647 315 753 175 592 765 92 396 797 482 1048 100 976 599 302 537 247 718 379 425 419 833 500 373 1034 951 910 983 195 617 546 334 826 275 854 128 209 372 499 527 325 987 787 895 262 544 430 489 578 622 746 409 257 160 546 728 1007 266 937 428 732 495 980 382 264 859 655 507 881 530 432 831 299 908 539 966 358 671 1004 26 860 1003 330 975 525 725 293 878 729 804 917 804 105 643 439 549 381 565 725 468 412 401 445 1006 395 656 572 412 736 911 983 858 376 185 970 50 466 826 944 488 916
469 313 277 390 498 177 326 507 489 743 105 252 554 568 373 535 571 303 318 558 311 303 577 505 193 414 631 532 0 526 446 425 392 541 641 395 595 346 292 577 655 538 386 413 330 665 499 108 433 211 446 584 279 299 316 346 566 416 584 454 413 28 613 278 477 501 309 540 361 233 487 217 524 334 328 589 484 216 419 448 256 405 437 500 672 245 610 439 511 337 377 451 397 574 387 575 497 136 569 471 266 395 556 41 446 363 392 107 209 136 178 502 244 384 471 448 323 366 498 351 586 273 259 341 196 342 269 618 472 154 432 443 495 673 467 97 581 487 375 633 639 404 398 297 599 377 194 376 451 198 289 539 356 285 571 512 453 372 348 394 324 697 363 99 394 482 148 493 461 211 328 426 385 303 327 489 319 464 479 305 553 376 323 127 265 459 669 541 250 404 623 485 276 503 398 341 581 497 354 498 509 547 383 175 311 284 565 572 670 516 571 359 461 262 528 400 480 315 539 250 228 420 721 235 453 567 473 475 598 438 584 139 622 467 549 187 264 597 112 432 572 501 559 455 404 487 488 253 30 455 294 261 426 530 326 281 231 731 484 466 455 556 489 194 209 207 186 220 343 146 289 485 708 423 529 380 474 251 250 565 513 325 464 409 184 132 419 235 164 464 273 379 242 473 571 321 520 506 465 496 483 449 330 312 418 446 291 337 389 307 471 346 202 372 223 426 365 345 465 562 224 513 457 142 64 476 362 379 469 327 228 421 452 481 81 326 454 662 489
