333
0 622 896 681 643 49 762 654 68 612 524 629 102 531 265 440 445 572 300 1057 850 707 561 747 476 446 952 690 34 955 314 909 252 625 697 316 782 370 771 154 911 13 441 565 626 467 387 578 692 454 428 465 435 412 830 270 689 703 689 316 540 684 482 115 448 656 430 750 294 196 212 579 717 353 610 241 165 129 256 436 198 1072 102 631 649 423 539 532 514 501 320 148 412 951 325 269 123 633 462 506 236 386 906 858 900 499 681 359 408 51 643 255 652 126 191 359 297 243 547 578 825 607 795 349 278 200 600 680 67 734 892 724 319 294 739 176 450 707 962 413 733 864 674 495 565 539 161 472 962 867 286 843 83 450 479 695 760 1068 311 650 560 241 707 105 899 286 329 517 1025 507 154 670 374 601 486 753 379 277 871 495 753 484 35 839 609 676 210 432 444 901 314 640 428 123 651 96 260 321 893 351 735 127 522 154 716 406 145 697 725 685 455 658 329 835 874 756 583 499 886 942 680 391 386 482 585 511 236 156 834 676 507 547 262 624 612 381 458 820 559 497 766 781 472 1014 230 625 685 170 566 436 256 777 782 628 146 206 759 872 622 253 566 491 508 453 376 568 697 845 166 744 803 110 543 372 561 761 605 680 319 157 106 170 111 462 100 552 640 246 311 658 198 362 1030 933 634 512 809 137 184 729 810 462 211 749 755 513 698 492 812 809 703 409 667 405 403 383 261 666 821 742 130 482 484 485 568 623 240 694 968 233 475 627 766
622 0 286 144 276 580 283 771 642 69 417 687 691 438 863 215 304 731 473 494 553 374 455 187 220 350 330 614 588 458 325 287 423 459 224 307 545 677 623 704 481 620 191 531 461 225 453 375 661 527 338 280 648 430 275 562 71 441 438 585 642 265 164 557 471 493 298 476 583 444 506 530 420 473 35 493 737 729 498 253 732 504 563 406 188 382 267 105 510 502 635 577 230 329 301 516 746 288 264 126 660 458 437 259 299 164 460 438 484 672 329 635 420 677 661 556 327 628 114 73 208 40 199 307 696 423 479 619 686 236 465 528 495 344 790 798 248 471 347 646 810 271 520 471 70 634 644 414 382 275 661 246 681 260 430 469 224 483 416 28 159 403 618 603 289 351 706 162 436 116 761 57 374 493 142 503 614 525 286 370 232 683 640 235 400 491 702 299 637 385 496 601 198 705 312 597 858 392 278 282 336 667 303 572 436 286 756 504 490 655 167 662 603 310 324 543 427 511 480 320 214 503 565 202 592 354 698 743 259 603 383 514 459 151 34 545 248 523 286 299 212 220 535 492 408 311 111 568 589 636 479 417 344 731 703 791 332 322 280 424 217 538 285 244 341 213 142 451 788 150 495 576 236 275 138 308 223 701 302 465 630 791 675 198 695 397 298 429 365 47 621 312 445 373 180 480 236 746 472 752 419 173 662 436 154 213 575 719 376 417 715 233 633 286 250 278 657 187 393 292 718 335 313 209 669 299 684 719 460 458 649 744 828
896 286 0 226 352 851 409 888 907 284 672 797 972 691 1145 461 504 871 697 235 698 557 701 167 437 537 98 683 862 280 585 127 709 686 258 588 548 879 652 988 362 895 477 651 545 506 731 614 739 796 537 477 826 619 136 848 215 475 638 870 782 450 450 840 741 563 508 654 869 727 751 643 441 755 289 780 1020 1009 732 536 1018 240 826 484 396 573 522 391 652 763 848 830 485 99 584 744 1018 503 470 413 895 736 297 47 30 401 666 720 669 947 540 864 633 960 947 756 609 915 393 317 82 292 104 594 923 701 714 694 962 377 355 726 710 605 874 1072 468 507 69 832 902 58 735 733 332 774 893 578 123 58 883 235 961 541 590 671 180 205 702 258 422 663 680 863 204 613 921 385 157 392 1027 259 657 593 428 515 809 750 73 632 198 849 910 215 492 549 989 579 812 217 781 693 483 966 519 858 1140 624 174 568 331 951 561 857 460 514 1035 551 682 735 451 755 887 373 146 730 533 772 383 117 269 781 756 426 708 612 935 1003 101 678 534 641 746 380 309 738 528 677 533 472 308 144 802 276 692 397 290 816 714 814 765 391 472 850 987 1074 303 146 500 673 372 690 455 525 626 463 206 378 1063 250 470 859 493 529 405 274 454 793 581 739 913 1066 935 483 960 522 374 679 609 267 908 553 170 148 398 737 115 1012 757 832 366 460 949 607 234 409 634 887 490 547 798 519 717 570 499 523 943 382 507 275 999 602 489 488 802 518 971 807 269 705 814 866 910
681 144 226 0 160 634 408 695 687 90 558 606 762 579 937 241 278 667 471 384 690 515 598 66 212 313 306 511 648 321 366 290 520 604 83 386 417 656 505 785 337 681 296 452 361 355 578 519 563 659 311 251 608 396 153 670 114 319 582 700 577 404 285 637 604 388 282 618 694 525 526 447 293 594 119 595 815 799 505 378 818 397 604 301 329 349 409 232 444 640 623 606 268 306 385 518 801 432 243 244 669 583 294 182 224 182 605 560 448 732 473 637 564 756 753 532 407 730 251 121 178 117 122 412 696 492 622 519 748 362 320 672 484 387 697 856 242 351 295 611 722 184 665 609 142 569 668 360 282 188 657 312 750 390 373 614 88 388 527 131 302 443 513 640 329 394 696 164 344 200 805 170 496 402 251 377 586 524 191 509 91 635 692 294 301 380 794 427 595 250 611 509 296 744 456 636 932 398 307 376 197 747 444 660 311 289 823 389 634 558 261 572 718 416 202 686 337 648 336 309 78 629 534 202 512 494 709 780 153 503 319 438 564 294 179 515 378 662 430 249 319 101 669 363 492 203 234 591 514 596 583 278 473 655 783 867 189 199 424 449 148 479 232 372 461 357 20 307 846 244 359 655 379 308 281 164 368 611 375 525 709 850 713 321 738 317 184 455 384 168 716 328 350 258 322 618 128 791 557 657 276 286 757 576 238 182 468 673 502 549 621 340 538 406 278 301 760 325 520 149 791 472 266 342 600 443 782 627 325 480 600 670 735
643 276 352 160 0 594 557 540 633 207 650 450 737 671 908 234 199 519 383 431 828 647 695 191 182 211 445 351 613 312 340 441 540 713 94 398 269 538 348 770 274 647 355 300 201 436 638 626 403 728 221 178 478 283 231 697 270 164 705 735 429 541 365 627 676 227 213 748 725 526 455 292 144 645 241 617 795 770 424 449 808 448 552 141 464 245 513 328 299 721 515 539 265 445 404 430 754 556 182 328 578 642 263 305 339 199 724 613 328 693 597 543 682 739 753 418 418 745 356 217 327 238 260 453 598 482 725 359 711 510 255 793 387 360 538 811 200 195 419 485 563 298 777 691 235 422 594 233 360 300 556 472 721 467 242 735 172 459 567 275 414 404 353 581 488 366 587 179 425 267 745 318 553 244 324 227 466 433 293 597 154 497 646 454 143 220 792 500 463 265 651 350 346 682 583 579 903 327 463 408 94 733 542 660 160 238 789 230 758 398 316 413 755 572 261 810 182 728 256 454 87 687 414 188 358 587 619 714 255 343 187 288 590 425 308 397 457 799 537 149 474 208 741 374 499 45 382 521 362 465 608 160 620 501 766 844 116 258 547 392 92 338 136 449 517 470 178 217 802 401 227 645 484 287 392 120 490 452 382 501 694 806 650 397 681 169 24 399 332 314 723 283 425 317 454 703 237 733 560 497 180 354 762 710 397 145 307 535 651 694 461 393 378 469 259 270 776 464 669 103 766 559 164 429 450 565 790 468 326 417 463 516 575
49 580 851 634 594 0 732 619 71 567 511 590 149 520 314 393 395 538 252 1009 835 685 550 700 428 396 909 645 28 906 267 867 232 613 648 276 734 341 725 198 862 55 403 519 578 435 379 560 649 454 379 415 400 364 782 279 646 654 673 328 501 656 445 119 441 608 380 735 306 170 165 533 667 348 566 236 212 178 210 406 241 1024 58 581 616 374 513 492 468 497 288 111 366 908 287 225 167 607 413 466 214 379 857 812 855 452 667 349 362 99 620 227 636 168 223 318 259 265 510 534 781 563 749 318 259 163 591 636 116 702 843 714 274 246 702 222 401 659 917 378 697 817 665 488 521 499 142 423 915 821 260 805 131 421 430 681 712 1021 295 607 526 192 662 77 860 239 307 470 978 464 184 629 356 553 446 705 343 233 825 478 705 450 60 800 559 627 248 407 407 852 311 596 389 138 627 66 310 272 853 314 686 167 499 166 667 357 195 649 712 642 414 616 343 803 827 745 535 496 837 900 631 389 345 434 542 493 222 176 787 631 457 501 251 590 572 339 429 804 534 447 731 734 473 965 200 575 647 131 523 399 248 727 755 591 191 256 710 824 597 203 517 447 459 423 353 538 651 795 212 705 754 122 515 325 526 712 576 639 278 116 138 216 116 428 121 503 590 196 262 618 221 313 983 885 602 505 762 168 166 690 760 424 241 730 716 465 651 461 786 786 662 373 624 377 356 335 287 633 796 693 178 462 435 453 529 599 272 654 919 184 439 591 730
762 283 409 408 557 732 0 1046 803 352 332 964 801 344 955 461 568 999 707 645 292 155 341 421 486 616 377 897 730 670 534 312 515 304 491 468 824 917 905 792 723 756 350 810 744 297 447 258 943 472 600 548 902 690 483 598 294 722 239 598 913 83 305 666 425 777 557 245 607 566 714 810 698 482 319 559 829 838 719 326 807 647 736 689 122 644 229 285 785 423 868 767 462 376 454 742 882 148 531 306 870 451 666 415 437 428 268 453 743 805 166 852 244 773 729 802 480 673 254 352 339 323 387 414 911 571 340 901 815 46 709 322 734 545 1070 924 509 753 431 897 1089 436 340 398 342 906 834 685 533 439 883 185 797 312 702 271 462 605 471 282 214 598 901 780 244 551 933 433 560 352 916 239 407 775 326 783 861 753 456 316 477 943 790 200 683 774 766 334 894 597 522 882 368 870 146 770 951 626 263 423 605 761 258 659 716 536 870 787 276 937 361 942 609 80 523 322 709 432 730 349 486 486 817 466 870 294 902 909 451 886 660 792 526 159 256 797 304 269 217 574 101 440 470 681 533 594 175 765 866 892 541 686 66 1006 795 881 595 522 154 635 500 808 562 309 393 194 397 708 915 173 767 681 219 502 223 567 157 982 474 621 731 917 844 311 854 678 580 638 588 243 685 547 574 550 137 395 438 899 581 1033 681 330 722 198 185 489 859 977 94 143 996 366 915 357 487 513 694 109 111 554 822 306 587 280 941 163 733 999 664 668 910 1018 1108
654 771 888 695 540 619 1046 0 595 708 1001 90 749 1019 861 591 480 81 409 898 1272 1089 1049 731 560 431 983 223 647 741 569 981 757 1094 634 666 398 290 301 806 641 666 729 242 343 815 914 1014 171 1009 450 498 218 366 757 876 792 423 1120 926 139 1004 767 727 975 328 492 1176 906 699 472 247 458 899 736 808 808 761 433 807 849 916 561 403 931 407 915 766 261 1032 334 508 598 984 682 410 689 992 516 750 428 917 684 841 871 618 1129 882 321 680 1025 401 1087 780 842 311 672 879 799 698 867 732 800 751 400 650 1089 208 695 1001 631 1192 377 570 99 736 539 395 951 240 81 830 1158 1011 706 144 500 361 867 832 375 1002 729 830 344 1142 709 947 819 782 851 552 234 548 1024 569 349 613 926 696 637 826 849 295 733 408 275 398 822 951 689 169 629 985 397 346 864 845 212 738 878 197 711 589 1019 557 858 464 1002 710 562 781 927 776 440 520 757 351 1172 171 703 139 944 1082 771 1219 358 1035 605 994 627 947 284 580 182 953 448 595 787 222 388 258 803 890 793 298 827 1240 943 473 983 745 1027 809 700 494 882 487 182 219 812 525 1100 40 798 834 593 769 981 502 559 240 485 818 823 898 714 576 729 918 475 736 896 570 835 619 931 111 650 622 756 735 572 781 608 379 516 505 508 817 837 525 921 816 917 1028 773 637 723 115 564 744 860 1150 917 558 273 169 1134 1163 121 741 180 804 573 553 904 939 1150 614 771 917 459 821 107 994 891 107 763 488 180 29 115
68 642 907 687 633 71 803 595 0 624 581 577 153 590 290 447 434 514 268 1056 906 757 620 752 477 428 969 647 84 946 322 929 304 683 695 343 751 308 731 211 895 81 469 524 596 506 447 631 645 519 413 457 378 383 832 337 706 678 745 384 488 727 513 180 509 623 422 806 361 242 182 539 694 415 626 302 213 168 223 477 254 1072 82 606 686 402 585 558 474 564 260 103 421 968 354 230 121 679 457 532 171 447 895 867 910 506 738 418 371 84 692 194 707 186 257 311 327 311 577 592 840 623 804 389 212 232 660 636 100 772 877 783 282 302 684 179 449 679 975 356 675 871 734 556 581 488 96 444 966 875 223 872 133 492 449 752 762 1072 366 669 595 244 664 56 925 294 264 523 1030 525 119 693 427 566 511 724 324 236 878 550 753 426 34 866 584 644 272 478 388 896 377 596 455 67 699 54 286 306 917 383 723 190 570 221 692 403 172 665 783 638 479 609 397 873 875 815 555 562 869 961 678 455 338 485 539 564 169 105 839 633 483 508 320 658 635 335 500 875 606 484 799 786 537 1008 272 611 713 126 519 380 316 758 827 571 202 245 749 872 668 242 562 448 497 494 424 609 704 827 169 771 778 177 586 378 594 753 646 628 343 183 173 175 45 497 52 527 628 235 305 681 266 360 1034 934 671 573 815 104 237 676 793 491 277 802 781 512 659 431 858 858 651 442 621 448 409 386 328 703 868 735 176 534 470 523 514 671 305 642 960 216 420 570 709
612 69 284 90 207 567 352 708 624 0 469 622 688 490 862 180 251 671 433 468 621 441 510 149 170 295 346 545 578 412 302 314 435 519 161 306 476 631 553 707 424 611 207 467 393 264 488 434 593 568 286 225 595 377 239 583 91 371 503 611 581 334 195 559 513 424 248 543 606 446 475 465 350 504 34 509 739 726 461 287 738 480 543 337 257 329 322 142 449 550 592 551 203 345 303 478 734 353 212 153 626 493 384 247 289 122 524 470 431 663 394 598 483 679 671 508 327 645 163 34 215 31 183 325 658 418 536 551 678 305 407 592 451 322 723 788 201 402 350 595 744 255 581 519 52 574 616 354 361 259 621 298 677 299 370 534 178 466 439 74 216 381 550 582 332 330 664 112 420 113 744 118 405 426 161 434 565 485 266 419 182 628 626 283 332 422 712 337 583 341 522 534 209 685 378 576 857 354 315 292 270 670 356 579 367 244 751 434 556 587 174 595 630 375 289 608 359 558 420 341 149 539 515 154 527 405 665 722 232 535 321 450 477 218 101 495 287 592 344 239 276 184 578 453 412 242 178 539 526 583 496 351 414 668 706 791 269 287 345 395 150 478 224 281 371 273 97 389 778 209 428 578 292 247 195 248 287 635 297 455 632 782 654 230 677 331 229 400 332 110 633 277 427 343 247 529 207 729 477 685 355 196 674 504 209 155 506 664 445 487 648 251 566 316 218 244 674 257 463 230 716 382 254 251 607 363 698 652 416 428 593 682 761
524 417 672 558 650 511 332 1001 581 469 0 936 529 20 659 445 551 935 599 900 326 210 48 605 495 594 673 917 497 876 432 610 280 102 629 334 907 791 958 504 894 513 300 801 781 215 141 74 950 140 570 544 809 639 691 294 477 800 168 280 862 253 285 410 97 818 533 228 293 347 565 807 790 179 439 285 541 562 589 207 508 908 538 743 279 606 151 328 759 93 735 585 425 672 318 615 626 186 527 323 700 143 853 658 693 456 157 164 679 555 167 696 132 492 431 703 330 366 306 444 589 440 607 249 747 380 87 916 559 332 876 204 631 431 1054 656 500 824 715 796 1063 675 160 65 424 857 643 663 785 679 731 494 531 186 680 171 641 877 215 439 259 458 927 578 559 433 784 474 829 383 675 420 160 791 325 866 756 628 693 53 649 859 557 503 728 825 463 160 807 803 222 885 314 645 186 567 656 536 570 292 732 480 114 385 802 498 596 843 201 942 338 934 287 412 740 235 735 102 888 649 616 164 726 480 852 64 722 680 671 903 660 779 261 291 384 709 194 296 139 585 397 637 138 908 327 669 381 592 841 802 269 809 316 964 510 588 736 738 184 508 563 766 582 202 180 209 560 855 649 428 877 420 182 439 279 717 218 970 351 426 459 649 627 254 624 697 666 507 492 414 390 481 841 785 275 66 650 658 344 1025 820 297 420 234 444 522 894 885 336 312 990 272 919 200 446 459 382 296 338 699 544 91 589 221 894 170 424 988 877 530 833 971 1090
629 687 797 606 450 590 964 90 577 622 936 0 728 955 855 514 402 107 360 810 1197 1013 985 641 480 354 893 141 619 654 505 892 705 1027 544 603 316 289 228 784 556 641 656 155 252 744 858 944 97 954 374 419 203 297 666 833 705 333 1048 883 89 925 691 691 916 238 416 1103 863 651 433 158 368 845 652 761 790 745 391 738 828 828 531 312 851 333 842 687 182 973 321 481 524 893 618 370 681 916 436 672 420 861 597 750 780 537 1059 826 259 661 951 387 1017 756 812 272 611 843 720 614 777 647 710 688 400 599 1023 125 678 918 545 1123 329 509 118 731 461 306 860 226 127 740 1091 950 623 90 486 282 777 741 368 914 709 760 265 1071 618 859 763 697 773 498 155 526 936 509 354 530 837 616 635 740 788 205 657 322 252 359 732 885 599 167 608 898 306 256 838 778 190 649 828 108 639 581 944 533 852 403 912 644 471 756 856 740 351 446 745 263 1100 94 628 57 901 997 680 1148 269 977 520 903 537 894 244 499 94 885 447 593 697 137 304 172 753 810 709 253 757 1165 870 390 899 655 972 722 647 404 798 459 98 198 763 437 1020 55 776 820 502 678 905 449 472 170 402 748 760 822 625 490 724 832 391 702 822 500 756 529 854 53 586 577 728 730 560 708 597 291 426 453 446 732 803 456 832 726 837 967 682 632 677 99 476 670 829 1075 831 475 188 185 1053 1085 75 671 96 737 500 482 869 858 1069 523 753 850 378 748 64 919 860 65 676 441 159 72 153
102 691 972 762 737 149 801 749 153 688 529 728 0 533 174 524 540 667 402 1143 853 727 559 829 564 544 1021 792 125 1047 401 974 287 626 785 384 884 461 873 59 1007 94 503 667 728 513 387 591 793 435 526 558 531 513 914 244 760 803 698 280 639 719 541 137 441 758 524 757 259 248 314 681 816 350 683 247 62 38 358 481 101 1158 205 731 694 523 572 594 616 489 414 248 495 1021 390 371 106 662 554 569 323 385 1000 936 978 581 685 366 511 69 666 348 661 43 123 459 363 191 606 654 898 680 872 398 361 270 596 782 56 777 988 720 422 380 837 127 540 808 1036 509 829 943 667 489 639 639 249 573 1045 947 375 899 19 491 580 698 845 1151 331 719 610 332 809 202 958 373 414 600 1106 579 169 735 397 703 550 854 477 379 952 510 839 579 120 897 709 777 126 466 541 990 307 742 493 176 678 196 169 420 955 410 830 53 549 144 816 498 69 799 728 786 523 759 288 876 960 752 685 485 983 1009 768 378 487 568 687 529 314 194 916 778 607 650 277 673 677 482 501 825 588 592 816 863 452 1105 284 721 742 271 667 533 264 874 812 724 50 107 853 958 653 351 656 593 603 498 407 609 778 942 120 802 903 120 581 458 614 853 644 780 391 238 70 120 182 516 152 653 735 344 406 724 151 453 1113 1018 680 505 891 155 224 828 906 523 144 762 814 602 800 584 841 830 803 466 769 447 489 471 199 712 848 834 29 505 581 533 666 651 166 793 1059 333 573 723 863
531 438 691 579 671 520 344 1019 590 490 20 955 533 0 659 465 571 952 616 920 320 216 31 626 515 613 690 937 506 896 450 627 292 93 650 352 928 806 978 506 915 521 321 820 801 235 146 86 969 130 590 564 826 657 712 294 497 821 167 277 880 267 306 417 94 838 552 224 292 359 579 826 810 182 460 291 543 566 605 227 508 927 550 763 296 625 171 349 778 78 750 597 445 689 336 631 632 201 548 344 713 147 874 678 712 476 152 172 697 561 178 710 132 495 432 720 347 365 327 465 608 461 626 267 759 393 72 935 565 346 897 193 648 448 1073 660 520 845 733 812 1082 694 146 54 445 875 654 682 804 698 744 510 536 207 699 165 662 896 226 459 279 474 947 589 574 450 797 495 848 404 682 440 175 811 346 886 772 643 712 74 669 875 565 519 748 845 463 179 824 823 226 904 334 654 198 578 656 554 586 310 753 484 134 390 823 518 599 864 195 961 358 953 283 424 760 224 755 87 909 666 637 161 743 501 871 85 733 688 691 923 680 799 269 310 405 726 215 291 157 606 412 657 126 928 341 690 400 605 860 819 276 830 325 981 512 589 757 758 199 524 584 785 602 223 196 229 580 876 653 446 898 426 202 458 299 738 236 989 369 438 464 653 636 275 632 717 687 523 510 434 391 500 860 805 293 50 670 665 354 1044 841 318 419 235 461 542 914 901 344 316 1008 292 939 219 465 478 380 313 345 719 547 112 609 242 912 184 422 1007 898 546 849 989 1109
265 863 1145 937 908 314 955 861 290 862 659 855 174 659 0 698 710 780 558 1317 974 866 682 1003 738 710 1192 935 294 1219 574 1144 449 748 958 557 1041 571 1021 163 1176 260 674 814 886 676 520 728 930 544 693 729 653 672 1088 365 933 966 826 384 768 872 710 305 564 914 695 882 367 419 471 829 980 482 856 396 127 138 512 643 150 1331 362 894 854 687 726 764 764 602 534 394 669 1192 562 521 175 812 726 740 435 517 1171 1110 1152 755 810 505 662 216 810 468 791 186 228 598 536 293 774 828 1070 853 1046 565 461 444 714 924 198 935 1157 834 573 553 955 125 713 968 1209 629 942 1117 780 609 813 769 371 733 1219 1121 488 1065 187 651 738 821 1019 1325 484 891 774 504 953 346 1125 546 513 774 1281 752 224 905 548 856 721 1014 604 526 1126 651 1012 695 267 1063 872 934 196 623 665 1163 439 883 664 274 824 343 4 586 1123 581 1000 197 698 298 980 670 119 956 849 923 695 892 383 1033 1134 865 845 596 1151 1180 941 497 624 742 826 671 413 266 1090 921 770 799 430 837 848 623 662 947 738 762 979 1037 558 1278 454 890 910 417 806 657 414 1042 960 843 161 74 1024 1131 803 518 829 737 773 660 564 768 952 1110 132 969 1066 287 738 632 780 1025 801 908 564 412 233 126 297 683 259 815 905 511 576 894 271 625 1287 1192 841 623 1065 224 392 952 1075 693 239 894 982 775 949 693 986 970 931 635 907 609 662 644 282 872 991 1006 145 651 749 696 792 799 239 920 1231 497 696 839 977
440 215 461 241 234 393 461 591 447 180 445 514 524 465 698 0 112 539 258 619 683 499 492 307 53 160 526 474 407 530 125 493 306 524 263 164 466 464 512 550 507 441 147 366 335 236 410 439 512 504 141 100 441 229 390 462 268 361 537 500 454 413 177 403 454 372 98 590 490 296 295 370 356 413 190 382 578 560 283 238 585 633 365 299 342 184 331 176 332 503 421 370 30 526 169 301 560 402 82 158 447 414 487 420 462 59 549 383 281 491 437 420 507 520 525 345 184 512 208 151 396 185 357 222 481 257 528 475 507 417 488 616 281 146 627 615 55 382 528 437 642 424 590 476 145 448 435 231 522 428 445 461 510 259 249 562 321 628 333 237 260 202 484 402 504 153 491 77 585 110 565 272 326 348 142 426 404 310 431 391 314 481 451 450 283 380 565 286 433 469 417 447 131 505 429 397 693 177 490 176 328 512 350 431 366 74 583 399 590 504 114 501 520 508 436 639 290 510 491 522 246 457 357 47 423 387 485 542 394 461 218 346 356 302 222 336 253 651 359 140 414 341 518 584 266 238 314 358 415 431 374 392 511 551 547 630 344 433 391 214 143 350 137 244 291 308 258 451 605 363 448 421 309 68 244 338 340 540 148 286 473 609 474 198 499 252 242 220 151 261 492 97 590 494 328 490 369 551 329 594 415 157 532 561 368 89 449 516 545 572 557 174 481 249 38 64 543 352 561 318 552 354 145 237 484 405 560 558 540 247 449 562 665
445 304 504 278 199 395 568 480 434 251 551 402 540 571 710 112 0 431 193 625 796 611 599 338 83 48 583 365 416 511 156 560 374 634 265 239 378 380 410 576 467 449 257 254 234 346 500 549 400 597 34 26 344 126 408 528 342 280 649 571 344 524 290 437 550 271 19 702 557 345 258 258 284 498 272 447 600 572 231 345 616 641 353 210 451 78 443 286 219 603 345 342 127 583 250 241 555 515 39 270 392 504 461 459 500 141 661 471 180 495 550 360 619 545 566 257 255 567 319 232 453 267 401 314 418 297 636 365 512 523 448 727 206 173 514 612 59 295 573 343 529 459 700 576 234 337 399 119 542 462 379 548 524 367 136 674 339 646 415 321 372 208 376 382 583 178 418 141 607 216 547 361 420 240 255 341 314 246 461 498 327 379 447 534 190 282 604 391 333 461 495 336 241 484 542 380 705 128 566 267 290 539 461 474 289 56 591 303 702 393 227 389 591 609 446 751 187 608 444 584 249 545 263 102 310 495 432 517 421 352 109 233 426 411 319 243 362 764 471 52 513 368 612 573 324 180 411 324 303 332 442 336 620 440 572 648 314 444 503 193 134 240 63 353 387 421 299 402 602 454 376 454 421 118 355 318 452 427 221 308 501 607 452 309 483 148 195 200 134 351 539 93 609 505 437 592 398 535 379 482 366 269 577 673 457 97 344 415 654 683 445 279 370 352 105 97 597 460 670 300 569 461 44 349 373 517 607 445 525 219 345 451 552
572 731 871 667 519 538 999 81 514 671 935 107 667 952 780 539 431 0 338 903 1214 1033 983 709 514 383 964 246 567 749 504 957 684 1030 614 601 419 209 335 725 655 585 672 220 333 756 843 951 204 937 399 452 138 310 744 799 758 423 1060 849 90 952 711 649 904 327 442 1117 828 625 395 230 457 826 697 732 726 679 358 746 768 921 481 390 882 355 856 715 223 962 253 427 543 964 617 334 608 936 469 698 347 846 692 824 856 572 1067 810 260 598 968 319 1026 699 761 236 604 800 748 658 843 692 779 685 319 576 1023 230 613 954 642 1129 305 504 176 655 490 399 936 159 162 815 1094 942 663 97 419 317 862 817 294 968 648 768 300 1080 691 948 747 744 798 481 261 467 995 502 268 569 923 647 556 786 780 282 680 421 196 321 809 886 672 88 547 952 380 348 783 781 133 738 803 205 654 508 963 476 777 399 973 645 554 700 865 697 442 466 676 358 1110 201 649 164 867 1039 763 1156 338 965 619 972 605 874 210 533 168 889 367 514 772 240 350 230 729 841 749 226 766 1182 884 432 942 727 955 818 627 473 840 407 158 140 737 529 1051 67 716 752 586 761 925 430 525 192 446 757 756 843 687 586 648 879 490 657 839 512 783 610 877 154 585 546 676 654 490 723 526 351 496 433 443 777 758 465 919 812 867 959 756 556 647 181 569 688 780 1093 880 517 291 89 1084 1111 173 680 202 740 518 496 824 890 1100 602 689 853 417 763 70 937 810 159 770 414 104 59 196
300 473 697 471 383 252 707 409 268 433 599 360 402 616 558 258 193 338 0 814 891 715 646 532 263 171 773 395 279 691 177 747 347 696 458 267 483 209 472 450 632 308 359 268 328 435 505 621 405 600 163 220 210 114 601 473 523 410 732 523 275 648 403 337 566 356 189 791 503 291 87 281 427 489 447 401 465 427 45 419 493 830 197 338 585 139 534 424 216 624 162 166 248 774 284 47 389 621 227 401 198 508 638 653 693 312 737 472 111 343 648 166 697 420 464 104 269 488 453 407 643 442 594 351 226 240 687 387 361 666 614 797 32 172 478 446 232 411 766 198 480 652 759 603 404 272 212 176 735 656 188 720 383 441 180 750 533 838 409 495 494 142 411 212 762 168 232 320 800 365 369 531 442 301 381 456 159 53 655 551 520 259 290 709 317 376 495 449 208 648 469 347 341 305 646 214 553 81 747 314 466 417 538 384 424 188 438 398 781 397 346 376 541 760 638 825 287 626 604 772 442 537 127 278 297 556 238 335 615 380 216 249 394 547 481 111 441 858 561 235 670 562 618 756 290 353 571 144 279 203 404 493 749 375 443 506 494 636 609 92 328 200 250 433 419 531 491 562 437 621 509 350 521 205 484 503 567 404 253 217 384 443 275 406 309 259 372 95 118 520 450 162 802 696 570 621 592 359 317 458 530 379 479 772 627 288 399 286 783 802 427 357 377 408 225 197 515 597 797 486 430 520 218 445 307 619 511 420 707 81 234 380 510
1057 494 235 384 431 1009 645 898 1056 468 900 810 1143 920 1317 619 625 903 814 0 931 792 932 319 581 643 285 676 1025 158 743 343 903 920 361 770 508 963 615 1168 265 1059 675 688 571 720 947 846 731 1019 651 601 894 714 230 1051 427 479 874 1078 821 685 657 1020 963 575 635 890 1074 909 884 676 445 968 486 978 1197 1179 855 747 1202 18 974 521 629 676 749 599 707 990 944 967 648 286 769 862 1174 737 599 616 1010 952 213 242 210 563 902 933 756 1108 775 975 868 1139 1137 847 791 1113 608 502 314 486 296 793 1029 875 947 690 1125 613 271 962 819 764 859 1231 608 504 222 905 891 225 971 959 521 814 1024 660 115 221 987 466 1130 755 667 907 298 67 906 468 645 816 667 1006 422 771 1016 543 91 581 1171 480 868 623 628 490 891 865 209 857 304 904 1065 447 537 555 1178 794 878 169 989 702 677 1108 753 1003 1313 753 395 759 359 1130 788 1044 461 653 1202 547 918 729 643 759 1096 603 183 966 580 999 300 315 378 998 840 575 735 839 1051 1143 236 676 613 685 945 610 523 824 743 911 762 579 544 284 1026 98 876 466 521 949 747 882 965 374 707 866 1166 1249 328 185 734 814 493 748 564 739 835 691 371 322 1221 485 426 1039 719 685 626 313 686 790 759 905 1092 1225 1077 692 1106 585 444 821 750 487 1100 697 76 125 630 965 261 1158 941 817 334 662 1141 842 470 544 625 940 723 780 789 719 717 780 654 674 1142 616 739 328 1172 825 595 704 833 752 1166 801 136 843 871 882 889
850 553 698 690 828 835 292 1272 906 621 326 1197 853 320 974 683 796 1214 891 931 0 184 294 710 721 843 653 1150 823 962 714 590 603 227 773 624 1098 1094 1170 825 1014 840 542 1049 1001 458 467 277 1191 429 823 781 1100 905 775 613 579 992 162 589 1134 287 505 736 412 1036 781 101 607 668 872 1051 972 503 587 611 861 886 890 472 824 932 859 951 364 865 358 515 1015 371 1040 903 673 651 608 915 953 281 763 527 1016 468 958 707 727 668 168 491 953 881 246 1008 199 815 750 994 627 681 483 613 630 590 679 545 1062 695 259 1152 885 333 999 142 922 719 1310 981 737 1022 712 1089 1325 727 196 366 597 1128 963 915 821 731 1042 465 857 449 932 155 751 887 540 559 426 758 1157 900 513 722 1095 679 843 586 1002 520 480 1024 541 1056 1051 928 748 357 765 1146 883 483 941 1036 778 445 1095 889 546 1128 560 971 253 889 971 818 538 577 887 804 354 711 989 752 919 1051 125 1184 569 1184 591 328 815 114 960 378 1019 623 765 478 1014 703 1106 345 1041 1007 743 1137 899 1029 588 403 520 995 449 32 331 815 393 731 416 972 644 860 457 907 1099 1091 595 968 226 1233 831 905 879 815 292 805 758 1031 806 458 489 375 681 996 974 465 1048 747 376 702 445 853 345 1223 638 743 784 974 952 491 950 926 850 805 775 521 710 748 858 841 374 351 730 985 669 1277 966 528 735 122 477 735 1117 1176 208 150 1239 535 1162 485 698 719 691 365 192 839 867 378 824 451 1164 278 735 1240 956 832 1117 1243 1348
707 374 557 515 647 685 155 1089 757 441 210 1013 727 216 866 499 611 1033 715 792 184 0 204 542 536 659 531 965 677 804 537 466 454 155 597 452 916 921 987 708 846 698 360 864 816 279 346 138 1007 346 639 596 921 723 615 501 408 810 84 490 951 112 322 599 308 851 597 103 503 515 703 867 791 384 407 479 745 762 717 297 715 796 701 767 185 681 181 331 831 290 868 741 490 530 436 742 818 96 578 342 852 349 794 557 583 483 113 362 772 744 67 840 94 693 637 817 457 574 298 430 481 410 520 378 896 534 193 967 751 179 831 169 745 543 1126 854 553 839 584 912 1141 576 185 271 414 945 805 730 679 580 874 339 727 276 748 116 583 756 397 383 241 587 972 744 399 547 926 494 710 401 861 347 332 839 356 874 874 754 597 216 595 967 738 354 757 853 671 280 916 730 426 943 379 824 69 734 862 639 417 404 710 681 187 582 807 568 795 868 125 1000 385 999 498 225 658 175 776 300 849 503 588 374 835 518 922 197 879 861 586 953 714 844 450 222 340 816 274 153 155 630 249 566 340 821 487 678 288 743 914 912 462 791 114 1049 712 794 705 657 108 631 575 848 621 282 332 190 508 823 846 309 869 612 194 521 261 679 161 1038 463 584 656 846 801 310 804 741 668 632 597 347 595 567 724 691 194 263 570 844 522 1092 792 345 627 63 323 550 933 998 128 103 1055 357 977 316 515 536 592 190 128 664 744 224 639 270 982 95 633 1056 800 660 936 1060 1163
561 455 701 598 695 550 341 1049 620 510 48 985 559 31 682 492 599 983 646 932 294 204 0 642 542 642 696 965 535 913 480 632 323 66 671 382 953 837 1005 531 934 550 347 849 828 260 174 87 998 144 619 592 857 687 727 319 512 846 145 298 910 267 330 446 118 865 581 200 314 389 611 855 835 209 479 320 568 592 636 254 532 939 580 789 305 654 188 370 807 86 781 628 472 695 366 662 659 203 575 367 744 175 892 690 723 501 127 201 728 589 175 741 114 521 456 751 378 388 347 486 619 480 640 297 790 424 41 964 593 348 917 163 679 479 1102 686 547 870 741 843 1112 707 115 72 466 905 685 711 816 711 776 513 563 233 728 139 679 906 256 475 296 505 975 620 577 480 828 519 858 427 710 454 206 839 370 911 803 675 725 101 687 906 595 523 775 872 486 208 855 840 252 933 361 683 197 608 679 584 590 340 775 509 154 418 847 546 625 890 168 990 384 982 302 420 775 195 782 95 930 671 658 184 774 527 900 107 764 717 705 951 708 828 299 322 421 756 240 266 170 633 415 673 136 943 372 714 411 636 889 850 304 852 316 1012 537 612 778 774 203 555 608 814 629 249 227 243 598 897 680 454 922 455 219 487 317 758 246 1018 399 469 491 679 666 300 661 744 711 554 540 448 416 529 871 818 302 60 685 694 385 1074 862 342 443 215 469 568 942 932 332 300 1038 319 967 248 494 507 401 320 332 740 572 138 637 265 942 187 444 1036 914 577 880 1019 1138
747 187 167 66 191 700 421 731 752 149 605 641 829 626 1003 307 338 709 532 319 710 542 642 0 276 370 255 537 714 270 432 250 583 643 97 451 423 711 519 850 304 747 357 491 391 409 635 561 591 713 370 312 660 451 90 732 134 334 614 761 620 430 342 702 657 413 344 645 756 591 590 484 303 653 170 658 881 865 568 434 883 332 670 330 359 406 454 286 488 690 681 670 334 255 449 579 867 466 305 301 730 640 253 121 161 248 638 618 502 798 507 698 599 822 817 588 472 793 301 182 136 170 69 474 757 558 664 546 814 378 289 705 544 453 726 922 306 367 236 664 752 120 702 659 202 612 732 411 216 123 717 298 816 444 423 646 40 322 588 167 346 509 536 705 302 460 754 230 278 262 870 195 554 436 310 385 641 585 125 558 56 684 758 278 334 403 859 482 646 197 672 540 358 809 488 701 998 461 276 440 197 813 491 725 323 353 889 408 664 586 323 603 779 416 140 716 373 699 309 263 104 686 589 267 549 542 771 845 87 529 368 479 626 328 221 570 432 684 472 304 325 35 722 305 557 237 254 655 553 647 645 273 487 693 849 933 179 138 459 514 205 525 288 427 520 399 51 287 912 249 356 721 424 374 326 149 404 642 440 591 775 916 778 377 804 359 215 520 449 198 781 393 284 194 354 667 62 856 622 685 262 345 822 601 240 245 490 721 514 564 649 401 567 464 344 366 823 352 532 140 857 523 322 395 641 478 846 657 272 545 649 708 763
476 220 437 212 182 428 486 560 477 170 495 480 564 515 738 53 83 514 263 581 721 536 542 276 0 131 510 430 444 484 163 483 358 571 220 216 414 460 463 593 457 478 194 328 287 283 463 485 470 557 118 61 427 210 355 514 262 308 579 553 427 445 220 448 507 323 78 630 542 344 313 330 303 467 189 434 621 599 294 288 630 596 394 248 371 162 375 207 299 556 421 393 82 510 222 309 593 440 45 194 459 467 439 395 436 57 593 436 264 527 476 429 550 563 572 337 235 563 240 148 379 184 333 276 489 302 576 432 544 440 437 661 281 184 590 650 31 330 506 426 607 396 636 527 150 420 456 199 489 400 451 465 550 308 216 605 285 594 387 238 295 235 439 429 502 191 493 58 553 136 594 277 379 304 181 373 395 316 401 441 276 463 484 452 233 330 612 337 417 425 471 406 181 532 467 425 733 186 486 229 277 556 396 479 313 76 621 348 632 463 159 463 573 525 398 683 243 562 439 509 203 511 345 19 387 435 498 568 363 417 178 309 408 330 235 325 301 689 402 94 429 309 571 540 316 184 327 379 381 416 426 339 539 520 590 671 295 396 429 237 93 322 87 292 344 346 231 399 640 370 394 466 351 106 277 290 375 502 200 326 517 644 501 244 528 206 189 243 172 267 541 117 557 457 357 541 338 580 378 555 362 201 580 599 373 38 402 499 573 604 518 225 440 301 77 93 593 378 589 271 593 403 103 282 455 444 608 520 495 268 429 532 628
446 350 537 313 211 396 616 431 428 295 594 354 544 613 710 160 48 383 171 643 843 659 642 370 131 0 619 324 419 521 182 600 402 679 289 273 353 342 375 584 467 451 304 207 202 392 536 594 356 633 24 70 299 83 433 552 385 261 696 598 296 572 338 450 588 238 62 750 583 367 246 213 271 532 317 473 605 575 213 389 625 660 349 189 500 35 490 334 171 642 311 330 172 620 286 218 549 562 86 318 367 540 468 491 530 189 707 506 136 494 597 332 665 553 580 218 287 587 367 277 490 313 435 353 389 316 679 322 512 571 448 773 176 195 467 607 108 271 606 300 481 489 744 616 281 289 382 71 566 492 348 592 527 412 88 720 366 668 448 366 420 219 335 374 626 199 384 188 631 264 536 407 458 200 303 318 273 221 489 541 352 333 444 579 168 252 617 433 288 476 525 291 287 472 590 373 706 124 608 306 296 548 506 490 273 95 590 273 748 348 274 343 618 657 469 797 154 647 441 622 275 579 222 150 263 539 408 504 450 309 72 187 454 459 367 202 407 811 517 66 560 397 649 585 349 183 458 310 255 288 469 331 669 391 579 651 323 466 551 193 165 191 82 398 426 468 334 399 597 500 360 467 468 155 403 332 500 380 255 320 511 602 441 355 473 117 202 200 144 397 557 120 633 526 486 632 428 525 400 435 365 316 592 721 502 139 306 369 703 732 398 323 325 394 148 135 617 508 719 315 573 504 48 395 325 565 623 398 536 213 299 403 504
952 330 98 306 445 909 377 983 969 346 673 893 1021 690 1192 526 583 964 773 285 653 531 696 255 510 619 0 781 918 365 648 65 748 672 350 638 646 962 750 1032 454 950 519 745 640 532 750 608 836 805 617 556 913 702 234 877 262 573 614 894 875 432 485 887 751 660 585 622 895 773 821 737 539 777 342 815 1066 1059 805 564 1059 283 888 580 393 655 529 428 743 766 928 897 548 1 631 820 1075 493 547 453 969 754 389 143 123 467 644 743 754 1002 526 940 615 1006 986 838 657 948 423 377 130 346 186 631 1000 753 704 791 1016 354 448 699 789 667 971 1128 542 605 63 917 999 156 715 737 387 867 962 665 191 156 961 192 1011 564 677 647 274 234 732 302 439 726 778 927 139 675 1001 455 194 444 1088 288 681 687 471 613 893 827 170 639 293 938 968 177 586 646 1027 601 900 309 807 789 528 1030 504 921 1188 697 115 611 429 996 568 899 558 587 1087 648 654 832 498 852 910 324 241 699 627 775 477 30 359 797 841 497 802 617 1009 1068 199 775 622 734 780 388 345 822 552 635 535 555 283 237 808 348 738 490 299 885 807 901 799 490 434 945 1032 1120 402 242 492 741 454 780 539 551 653 471 285 475 1118 245 568 905 503 593 427 372 455 889 632 794 959 1121 999 515 1021 613 468 747 678 298 945 622 209 231 399 739 210 1073 801 929 464 500 986 574 230 486 732 976 446 504 895 558 814 599 565 590 975 377 461 372 1048 613 572 513 895 509 1006 904 350 774 903 961 1007
690 614 683 511 351 645 897 223 647 545 917 141 792 937 935 474 365 246 395 676 1150 965 965 537 430 324 781 0 673 518 500 786 716 999 440 596 175 394 93 844 417 700 622 128 152 711 858 914 56 955 347 374 305 299 549 858 619 208 1010 906 191 868 650 732 912 123 384 1061 889 671 480 116 243 851 578 781 855 814 436 711 887 694 588 211 791 317 805 634 179 966 412 545 492 781 609 421 761 869 392 624 509 862 462 637 663 482 1024 827 284 729 907 473 981 814 860 336 608 881 666 544 673 573 604 676 500 619 1001 16 746 850 407 1091 372 510 190 815 419 177 743 326 220 625 1065 940 557 186 565 257 651 626 462 824 773 733 242 1036 509 727 768 618 723 515 17 592 838 512 460 470 708 563 723 663 781 126 612 185 340 413 614 864 489 285 675 806 213 134 890 757 289 519 841 52 606 664 896 597 931 412 813 630 352 812 825 778 224 419 820 133 1063 53 588 85 926 920 557 1113 189 971 381 794 437 899 311 448 110 860 542 682 582 15 256 148 768 750 640 312 727 1118 832 336 821 545 972 586 661 308 724 522 131 297 780 305 956 195 836 892 381 555 859 472 396 199 343 718 750 776 529 353 807 750 252 746 781 479 704 410 804 114 577 608 780 812 639 672 676 224 327 478 450 656 844 442 702 599 779 956 570 718 701 148 343 631 875 1028 746 414 51 313 989 1026 115 645 44 717 471 459 909 795 1006 408 819 827 329 712 185 874 907 126 540 474 265 211 226
34 588 862 648 613 28 730 647 84 578 497 619 125 506 294 407 416 567 279 1025 823 677 535 714 444 419 918 673 0 924 282 874 222 599 665 282 760 369 752 170 883 33 407 546 603 434 362 549 678 434 401 435 428 389 797 255 655 678 662 304 529 652 448 96 424 634 400 723 281 164 193 560 690 330 576 217 187 156 237 403 214 1040 87 605 615 398 508 497 495 479 316 139 379 917 291 253 158 601 432 471 240 362 876 825 867 466 655 334 389 84 613 254 624 140 194 346 263 237 513 545 791 573 761 316 284 166 575 664 100 701 864 699 301 261 731 210 419 683 928 407 725 830 649 471 531 528 167 448 930 834 287 809 108 417 456 668 728 1036 283 616 527 210 690 103 865 254 333 484 992 473 186 636 345 580 451 730 372 262 838 467 720 478 61 805 583 653 219 401 436 869 292 624 394 148 620 93 289 295 859 317 706 138 491 141 691 376 176 675 699 670 421 645 318 801 842 730 560 477 859 908 648 370 374 449 570 482 246 184 801 658 482 528 236 590 578 367 426 792 528 468 732 748 453 984 197 596 650 160 551 428 231 749 750 620 164 232 729 840 591 225 535 475 479 421 345 535 664 817 200 710 778 96 511 340 527 730 572 668 285 123 109 203 130 429 127 528 611 218 281 624 193 331 998 901 601 489 776 169 154 718 782 428 212 720 720 481 679 489 781 779 691 375 652 373 371 351 259 633 790 711 154 453 456 452 558 592 243 683 937 208 468 620 759
