270
0 142 374 138 662 246 446 514 554 655 603 602 273 306 202 673 518 458 398 583 356 236 464 468 307 695 455 391 307 289 461 455 32 567 398 61 296 329 288 586 364 293 319 152 199 593 480 253 454 431 165 530 434 135 291 362 327 297 145 278 456 448 343 605 142 488 693 292 488 286 569 542 325 821 249 422 359 332 292 180 447 324 512 610 308 583 351 285 466 535 441 625 628 257 362 300 414 124 789 465 356 614 521 483 346 352 15 553 188 341 451 246 627 826 508 619 647 703 464 374 206 387 322 599 160 776 280 356 581 651 337 271 196 473 351 314 464 455 55 478 190 745 492 844 509 317 348 283 530 244 311 479 378 421 638 381 337 196 103 667 324 668 598 347 292 182 163 630 126 450 597 692 268 692 178 362 546 620 452 133 831 390 401 432 88 604 625 655 336 261 393 134 483 536 660 703 635 368 511 429 452 460 559 158 218 483 216 445 817 359 411 336 355 345 551 182 271 394 232 440 488 258 417 636 262 459 366 441 202 367 394 630 458 299 407 271 675 661 564 283 399 233 433 510 183 149 268 564 445 689 348 444 542 446 537 114 663 156 412 533 291 645 178 542 330 647 477 8 213 328
142 0 380 273 801 233 584 551 661 740 728 658 414 179 300 810 595 321 515 620 277 238 496 506 419 838 591 530 321 242 453 475 174 704 523 116 235 187 274 716 226 426 177 118 275 723 486 184 577 569 163 601 499 252 257 483 468 416 207 213 587 482 374 656 280 352 835 393 622 294 696 633 218 962 115 482 325 273 359 316 466 216 622 753 448 667 368 421 511 597 532 728 752 387 392 294 412 210 931 531 472 680 593 605 414 364 153 624 69 484 587 110 691 967 624 761 695 843 465 401 111 502 224 676 199 913 415 430 718 743 245 328 338 484 258 351 459 489 195 604 56 887 634 986 540 459 209 219 671 220 441 559 271 281 769 512 196 288 160 809 260 761 655 307 200 292 24 699 77 593 736 758 366 778 203 444 670 753 568 65 972 503 379 558 220 658 767 797 196 118 526 146 626 671 803 843 737 331 533 475 474 601 654 230 240 610 214 307 960 489 477 260 487 388 682 213 414 283 271 523 502 257 466 765 360 581 496 564 75 413 430 770 544 338 494 406 766 803 707 249 524 275 574 652 298 283 274 657 553 775 207 309 599 526 669 186 804 275 504 630 394 788 316 567 241 788 554 134 261 463
374 380 0 467 731 599 689 888 887 1009 894 973 458 352 567 903 300 615 376 251 655 143 838 842 308 828 712 508 675 164 91 99 380 629 705 419 190 477 642 860 427 587 469 262 572 864 107 224 443 683 518 896 805 494 138 681 497 628 233 593 739 121 716 301 371 643 810 648 535 651 855 368 294 904 468 176 105 653 665 495 818 583 425 791 569 941 33 413 840 906 798 960 917 368 735 86 777 263 908 835 346 983 285 788 717 24 386 308 334 550 525 460 996 919 826 732 334 907 90 59 290 361 268 366 213 806 575 725 633 999 620 645 428 104 632 90 91 128 366 775 425 887 641 933 169 498 521 200 748 160 391 281 635 564 906 443 494 239 270 772 186 1014 970 124 577 540 371 371 441 609 670 1059 628 1044 545 727 842 876 773 435 908 722 76 446 440 306 730 784 422 425 674 249 657 585 805 774 971 114 155 141 98 684 907 532 155 490 573 595 935 421 193 215 430 97 566 551 485 640 604 264 122 618 141 908 247 440 426 749 446 110 91 843 818 672 767 399 1023 828 709 624 417 149 572 699 536 479 108 394 781 1043 435 618 258 810 563 262 760 509 278 880 645 791 484 189 249 845 843 376 169 611
138 273 467 0 563 274 310 452 427 542 466 516 181 444 115 536 536 571 365 638 419 346 411 408 296 577 318 301 294 414 558 532 110 476 261 161 426 454 305 447 499 154 445 285 147 454 567 387 406 295 215 433 350 55 411 227 227 166 238 341 317 515 305 647 112 601 579 182 412 283 431 540 463 711 366 467 475 381 223 42 407 414 483 483 175 474 439 220 400 447 331 499 490 214 322 407 401 205 670 377 330 520 546 346 267 443 124 577 326 223 370 364 534 713 374 509 689 569 555 452 345 359 458 614 264 683 142 269 493 533 412 219 109 556 426 391 558 521 108 341 312 622 379 732 574 214 466 414 398 364 260 496 463 541 500 317 460 241 216 557 453 549 513 466 374 83 297 651 230 338 501 595 165 577 198 266 409 482 319 242 722 260 509 378 53 644 517 538 470 390 255 259 363 453 539 602 510 486 584 486 529 328 441 135 320 422 244 562 699 301 449 468 293 413 479 193 164 483 212 457 568 272 472 497 283 413 307 305 319 430 463 497 351 261 301 211 557 535 448 320 350 317 329 384 74 11 372 558 318 575 481 554 582 345 462 212 555 52 421 414 178 525 44 610 466 516 379 144 297 190
662 801 731 563 0 831 350 882 616 774 497 867 389 933 635 361 516 1120 354 696 981 715 869 853 434 145 376 271 825 807 798 713 631 103 487 711 833 989 856 442 1006 468 978 748 683 436 765 821 288 366 779 773 760 613 786 515 337 543 638 904 433 670 810 650 521 1151 111 617 197 824 471 446 919 173 911 583 812 941 712 531 889 976 338 220 416 746 699 382 834 811 668 661 505 421 820 740 916 614 190 767 387 839 540 498 720 711 654 549 828 345 219 908 853 188 546 86 675 311 773 675 822 369 901 530 666 123 471 706 97 736 976 731 468 747 989 647 789 670 607 472 852 196 195 202 695 350 1010 830 293 755 373 501 1026 1083 445 303 998 559 664 73 850 738 865 820 937 610 819 574 783 231 65 883 627 785 758 682 491 406 538 792 178 555 806 285 608 639 71 122 982 918 427 704 228 145 156 44 672 825 726 627 710 312 683 691 681 241 803 1108 213 328 556 878 325 633 170 752 399 1045 754 493 743 824 617 458 505 293 321 495 864 624 654 299 690 776 673 398 752 206 154 878 316 643 234 242 597 560 712 435 584 789 995 1106 608 710 168 639 56 598 462 662 608 153 522 727 897 270 735 671 637 441
246 233 599 274 831 0 533 324 507 547 611 441 455 385 202 735 764 372 627 824 155 455 267 281 544 827 527 575 93 474 679 689 260 748 426 187 468 313 42 616 397 375 307 340 153 625 706 418 675 515 82 400 296 220 487 383 500 322 386 91 501 687 153 850 359 396 834 263 686 65 587 784 441 969 225 668 556 110 182 301 234 191 744 720 420 476 582 491 289 386 360 563 633 477 168 516 179 370 919 327 588 469 768 492 227 580 241 800 299 486 644 229 478 968 492 770 891 784 688 610 344 618 452 845 393 953 369 248 766 560 164 146 382 702 175 553 684 694 287 501 215 865 641 988 748 486 297 453 624 446 528 725 222 362 668 589 308 442 338 818 494 579 437 539 145 222 251 876 160 601 771 545 239 587 76 271 555 664 443 169 982 379 609 648 242 850 780 792 367 281 456 350 618 727 788 868 570 563 746 672 687 562 480 140 447 694 30 371 947 571 657 492 564 586 753 80 436 244 91 686 719 27 660 660 507 681 578 456 201 610 633 713 365 130 321 480 581 773 704 46 618 471 598 629 235 274 491 806 412 582 371 348 788 340 737 356 818 233 656 461 269 774 311 778 470 740 360 240 452 410
446 584 689 310 350 533 0 532 284 444 217 519 231 752 332 227 618 875 398 776 689 606 522 505 403 301 31 229 504 690 778 720 415 311 137 472 709 764 548 173 809 162 755 581 380 175 767 677 384 18 503 424 411 342 680 169 199 214 500 618 88 688 477 757 341 903 316 284 313 509 178 582 764 450 674 612 732 643 383 268 546 707 479 188 137 405 656 281 485 461 317 344 238 324 485 657 583 466 390 416 394 494 638 158 380 665 432 661 634 140 276 673 508 445 210 269 795 259 764 652 647 405 755 674 531 471 172 364 330 412 693 408 274 752 706 600 773 692 402 132 622 333 167 466 737 194 773 699 91 636 317 585 749 848 216 304 769 454 499 311 733 419 516 730 662 318 607 720 538 152 309 545 302 464 470 337 179 187 190 551 465 206 751 354 363 750 283 273 781 700 81 545 126 319 261 374 356 745 758 648 717 38 344 403 574 363 510 867 417 313 586 754 300 607 368 461 205 771 445 555 757 519 634 219 446 393 313 146 627 612 648 186 339 450 323 293 432 240 198 578 353 552 184 110 306 302 621 587 234 466 792 855 696 359 349 484 316 320 512 320 276 249 267 775 759 208 384 452 536 125
514 551 888 452 882 324 532 0 334 282 482 129 593 709 337 651 988 651 803 1086 401 749 56 45 745 823 509 687 231 784 975 967 511 829 395 472 783 628 290 515 717 437 624 644 318 525 994 733 828 516 387 148 122 407 793 368 615 356 657 390 456 957 176 1099 564 667 843 290 799 258 479 987 764 974 546 918 863 357 229 447 97 482 916 703 492 230 865 649 53 109 218 355 496 658 158 812 177 632 903 117 774 171 998 405 187 866 502 1029 619 570 756 551 175 965 371 802 1141 717 978 886 662 800 774 1064 674 1004 441 190 848 313 437 243 547 987 439 826 978 963 530 427 538 841 690 986 1018 600 603 768 605 749 695 948 485 657 555 734 620 686 617 842 809 330 127 848 443 369 572 1103 474 662 836 236 295 317 351 207 445 571 354 486 990 326 911 797 459 1096 816 802 688 604 454 643 654 824 784 907 355 871 1023 932 965 570 272 356 733 830 337 657 926 725 900 811 714 854 865 343 560 505 286 909 1001 297 919 542 735 837 730 393 525 874 903 661 200 216 208 646 326 751 730 329 777 745 678 642 378 443 782 1003 306 310 690 625 1034 175 846 627 849 400 872 272 299 774 461 1052 791 696 158 512 725 452
554 661 887 427 616 507 284 334 0 160 150 268 462 840 361 325 880 879 663 1021 645 773 353 330 645 525 253 504 434 841 979 940 533 593 189 548 851 807 498 192 877 303 799 707 389 201 980 808 661 275 521 189 244 419 838 206 454 261 664 597 196 915 380 1013 516 902 551 268 597 453 156 853 874 673 712 850 902 594 325 394 394 698 756 408 336 133 857 523 307 232 149 72 161 554 376 833 461 630 594 227 650 230 896 126 281 863 539 923 726 392 558 714 243 659 74 529 1053 393 971 863 756 667 874 942 691 729 315 260 611 128 666 360 463 968 675 804 977 920 535 151 678 531 449 679 970 443 799 838 322 791 567 843 723 868 223 574 805 650 643 561 878 137 267 894 652 374 686 987 592 436 586 266 295 180 478 235 128 245 116 606 689 166 935 629 468 1006 545 514 846 757 240 684 408 603 489 630 83 913 986 879 937 319 70 432 746 644 498 878 613 576 826 891 563 821 652 467 427 746 420 809 977 482 865 209 667 670 578 151 674 832 868 348 152 381 186 529 149 448 463 540 623 738 467 379 371 415 798 861 109 181 854 855 949 182 634 639 571 398 766 62 267 482 403 1008 884 384 181 558 719 287
655 740 1009 542 774 547 444 282 160 0 287 166 608 915 452 461 1028 909 815 1162 662 886 323 300 788 676 413 660 460 944 1101 1070 638 753 338 635 950 860 527 338 940 442 854 805 466 346 1108 904 817 435 584 150 251 521 945 344 606 383 779 631 356 1049 399 1158 643 928 704 363 756 485 305 1006 958 820 769 990 1012 613 381 516 370 731 912 561 483 72 981 669 280 176 213 118 288 696 388 948 448 747 738 221 798 118 1044 286 327 985 640 1071 808 546 717 773 123 805 234 687 1199 531 1097 991 844 818 962 1094 804 885 453 310 771 44 691 414 598 1096 697 931 1101 1054 646 311 745 676 609 824 1106 594 844 936 480 898 715 990 745 907 356 728 855 778 752 716 977 54 167 1001 687 474 764 1138 665 596 745 115 386 39 540 296 283 387 265 679 836 296 1050 785 574 1152 703 668 910 821 395 789 568 763 642 786 110 1022 1119 1015 1067 479 107 511 861 802 548 912 755 728 967 987 715 951 812 530 573 767 475 955 1107 520 1001 341 804 826 731 306 737 965 999 495 197 417 248 674 46 597 622 570 777 860 626 538 475 530 913 1015 238 35 915 883 1093 214 793 752 728 503 913 134 366 636 527 1143 975 532 188 656 840 434
603 728 894 466 497 611 217 482 150 287 0 417 441 905 434 176 836 980 615 993 759 797 495 473 618 390 188 445 551 875 984 932 576 493 205 612 889 891 611 55 952 315 883 751 473 61 977 852 597 218 609 339 382 476 868 244 415 312 688 702 155 901 504 975 530 1005 419 350 517 566 39 797 929 532 797 828 926 709 431 425 534 801 691 278 324 280 862 495 450 382 278 169 24 535 503 853 595 653 451 370 611 377 855 122 399 869 589 878 787 354 485 798 388 517 121 410 1012 245 972 861 810 622 925 889 717 602 329 378 510 245 775 465 467 963 785 806 981 905 572 125 754 388 357 536 952 408 890 879 213 822 533 802 833 962 73 521 892 655 677 435 916 245 416 921 755 436 753 936 667 357 478 402 377 292 568 350 57 99 167 681 549 232 951 568 515 967 426 385 922 835 220 722 317 512 357 505 179 938 972 862 929 239 220 510 766 572 597 976 468 530 802 933 517 816 563 557 410 855 520 772 969 589 848 59 656 607 530 163 754 823 860 208 289 495 308 506 258 311 351 649 570 751 394 278 429 454 816 801 202 296 931 957 914 318 546 667 447 453 729 211 346 352 431 990 932 244 325 608 733 286
602 658 973 516 867 441 519 129 268 166 417 0 628 825 407 593 1041 780 842 1155 530 839 182 162 796 789 491 706 347 884 1063 1046 593 828 388 568 885 751 411 460 837 462 746 742 403 469 1077 836 857 505 495 96 168 480 890 374 640 386 740 514 433 1031 288 1161 627 796 813 336 813 375 423 1031 876 938 665 983 959 485 310 502 227 608 949 669 513 137 948 688 151 69 210 264 425 705 272 903 307 711 861 139 817 48 1053 370 256 951 589 1083 728 587 771 670 47 926 325 783 1202 662 1063 965 768 841 883 1113 761 985 469 248 848 205 564 334 597 1068 568 904 1064 1037 608 396 652 798 685 946 1091 627 728 870 577 844 735 1001 614 785 490 763 744 757 705 819 912 219 3 945 569 436 681 1155 581 663 829 106 351 196 455 250 393 514 328 594 954 325 1004 825 534 1156 798 774 808 722 450 735 645 830 751 886 260 968 1099 1003 1043 557 197 445 819 851 449 785 881 758 963 916 746 929 875 445 594 634 387 964 1081 413 989 476 797 866 762 372 641 947 979 615 186 320 224 689 213 712 713 452 810 826 686 625 442 506 870 1044 284 189 811 754 1095 178 857 711 827 468 924 210 343 743 515 1127 899 651 145 601 806 467
273 414 458 181 389 455 231 593 462 608 441 628 0 560 278 448 419 731 213 559 598 382 561 553 182 426 255 121 469 470 546 491 241 297 273 321 491 602 486 403 628 168 591 378 320 406 537 466 236 225 394 535 477 235 456 264 54 242 281 520 288 461 470 550 135 761 421 302 230 461 401 402 559 547 522 390 504 562 378 159 567 587 323 355 126 550 425 61 540 561 421 533 463 94 485 429 572 250 518 497 190 620 435 346 407 434 265 462 448 92 189 519 634 553 392 346 590 461 532 421 451 212 546 487 312 506 159 402 313 587 589 384 78 522 603 368 542 465 219 329 463 478 222 571 513 46 621 484 294 415 107 381 638 695 448 142 611 225 292 394 514 599 625 504 549 247 433 530 393 181 325 687 299 637 379 387 393 418 347 402 557 314 521 205 220 544 352 385 602 533 227 337 220 272 393 430 545 517 532 422 488 227 501 315 348 245 425 719 547 132 365 537 121 376 298 375 35 657 389 346 528 452 408 451 215 244 137 312 475 382 419 393 444 429 405 66 610 401 295 501 184 323 159 255 234 181 393 415 370 637 615 716 486 450 281 272 389 225 304 473 294 378 147 551 547 401 483 282 309 175
306 179 352 444 933 385 752 709 840 915 905 825 560 0 479 979 630 263 611 603 364 251 653 667 515 987 762 665 479 188 395 450 337 831 700 294 162 133 421 891 79 599 127 185 453 898 441 134 679 738 332 774 670 429 215 661 614 594 296 331 761 473 537 653 425 290 980 572 742 451 872 685 70 1101 170 504 259 384 534 487 618 275 703 911 614 843 357 552 674 767 709 907 930 511 553 273 553 318 1078 702 569 850 621 783 589 347 320 649 118 640 714 164 860 1109 803 903 687 1008 417 397 110 596 93 705 271 1036 587 605 842 921 323 501 490 446 331 368 404 480 350 781 172 1039 782 1126 521 607 178 151 835 211 561 601 316 211 944 632 150 380 270 950 172 939 821 237 290 471 154 718 251 741 867 927 545 955 375 621 848 926 747 237 1109 682 316 667 392 658 907 945 70 110 699 229 779 794 954 976 916 257 503 482 450 765 832 409 275 719 375 243 1107 607 510 151 609 404 795 385 567 314 442 571 465 412 477 941 445 681 614 742 184 429 431 936 721 505 671 536 944 960 855 385 632 320 717 810 477 454 276 711 733 950 83 268 607 701 786 293 943 452 565 809 573 939 485 537 116 951 728 300 315 634
202 300 567 115 635 202 332 337 361 452 434 407 278 479 0 540 652 551 477 751 357 436 295 293 411 625 328 391 192 491 657 639 188 558 235 187 497 457 221 430 520 173 448 352 49 438 670 452 512 314 176 329 239 72 493 192 315 126 334 286 307 624 193 762 227 578 633 93 505 188 405 655 513 768 362 581 560 312 107 119 293 377 593 518 220 381 541 326 285 339 239 429 458 327 209 499 294 304 717 268 444 415 661 311 153 544 187 692 365 290 462 363 429 767 325 570 804 585 656 557 396 472 514 729 355 758 167 159 576 450 361 106 218 661 374 496 658 631 200 315 321 663 442 787 685 300 456 484 423 446 370 612 418 530 483 420 458 351 301 618 525 467 404 549 332 32 325 767 233 404 577 492 67 490 139 161 377 474 270 248 781 204 601 482 127 759 581 591 489 401 257 337 417 541 586 670 438 570 692 598 636 360 359 76 414 523 178 546 745 407 563 535 397 522 573 130 252 439 118 573 674 190 584 477 398 520 413 272 320 540 572 514 256 150 204 320 474 571 503 248 458 419 404 427 44 108 465 673 253 487 498 530 697 244 555 305 618 63 536 334 93 572 133 720 526 539 276 203 398 208
673 810 903 536 361 735 227 651 325 461 176 593 448 979 540 0 785 1091 572 956 889 830 659 638 602 231 218 405 689 916 988 922 642 387 308 696 935 987 742 135 1036 383 977 808 586 125 972 905 535 241 716 512 543 562 904 351 406 414 725 824 234 886 649 927 567 1118 264 472 439 699 172 734 991 363 895 805 953 840 565 493 693 917 621 147 365 456 869 489 615 555 438 342 172 535 652 877 748 692 279 536 580 554 807 254 544 879 659 826 861 356 420 895 565 346 280 280 961 69 971 860 875 582 982 826 756 449 394 524 401 418 899 596 500 956 910 812 982 889 630 238 845 218 281 364 930 405 993 926 154 861 515 757 956 1067 104 480 991 674 726 290 959 415 592 952 872 532 833 873 759 302 360 576 495 461 680 495 205 80 308 773 380 362 968 511 589 918 295 239 1006 924 285 772 253 418 206 358 351 966 954 844 919 221 395 615 796 499 716 1085 294 496 777 980 485 814 468 670 428 978 644 734 958 716 831 119 656 544 494 282 849 816 852 68 453 632 462 503 428 156 241 777 524 772 342 208 522 527 842 732 353 466 1017 1070 872 481 454 711 305 540 693 385 465 207 494 966 986 91 493 679 757 346
518 595 300 536 516 764 618 988 880 1028 836 1041 419 630 652 785 0 884 220 179 864 381 948 945 244 643 648 391 816 447 327 233 504 429 691 579 476 740 805 789 709 587 730 484 679 789 281 495 251 620 683 950 881 585 420 684 426 656 390 790 694 190 838 141 425 913 617 705 351 798 797 77 582 679 705 126 405 847 760 542 942 811 178 648 545 970 282 358 936 972 838 948 856 335 856 360 925 397 706 905 229 1036 24 759 802 294 523 43 575 489 365 698 1051 699 807 548 177 767 297 242 542 214 557 81 396 559 578 801 425 1006 838 754 444 263 851 261 316 187 479 738 650 702 504 708 191 436 779 482 643 418 313 40 867 834 823 314 756 322 439 575 479 1017 1038 423 792 619 597 114 630 487 469 1105 695 1056 693 793 796 786 765 630 679 734 370 274 539 132 541 604 698 677 640 449 535 386 632 555 961 414 224 159 231 597 921 653 363 291 734 865 729 306 120 509 319 226 347 695 455 877 734 79 252 774 158 830 259 243 305 728 670 201 209 718 861 793 818 355 1029 670 552 801 266 322 447 580 610 544 353 100 790 1057 712 881 92 863 354 416 560 589 117 893 698 621 528 217 541 708 897 524 334 594
458 321 615 571 1120 372 875 651 879 909 980 780 731 263 551 1091 884 0 832 866 250 503 598 618 736 1148 875 849 451 451 657 714 489 1024 786 412 425 144 384 980 195 712 154 406 507 989 704 393 897 858 374 759 659 533 477 743 784 678 516 281 858 735 510 916 600 30 1148 629 943 428 953 933 327 1277 208 761 522 296 554 611 553 181 936 1054 745 841 618 742 634 738 732 935 1003 708 521 534 474 527 1241 688 789 817 877 859 598 609 466 906 314 792 908 212 824 1282 863 1075 950 1133 680 658 342 819 354 962 499 1233 702 619 1038 927 217 519 653 709 212 624 667 742 513 865 268 1194 947 1301 784 774 111 415 965 467 762 852 166 51 1033 833 129 601 475 1124 435 945 777 500 226 558 307 977 341 905 1055 887 603 948 413 644 923 1025 812 330 1288 747 579 879 520 920 1082 1109 193 211 806 448 934 992 1111 1162 941 520 767 742 714 897 850 475 521 931 383 21 1270 810 763 412 808 660 1003 423 726 146 460 819 729 397 736 1026 672 900 817 821 255 686 691 1061 735 500 694 726 947 1106 1018 341 844 564 890 956 569 578 532 958 783 943 181 26 867 709 991 502 1120 554 807 833 634 1096 615 801 375 1083 726 449 555 749
398 515 376 365 354 627 398 803 663 815 615 842 213 611 477 572 220 832 0 384 753 373 769 762 96 457 428 171 659 462 445 365 373 252 477 458 490 691 663 568 688 380 680 431 513 569 418 486 70 399 553 748 689 420 439 474 209 455 318 674 475 324 670 360 267 863 437 513 160 646 577 190 585 528 630 239 460 725 582 358 770 720 117 440 333 760 344 154 750 774 634 731 635 151 686 390 766 305 534 710 43 832 240 541 616 357 396 263 521 271 157 626 847 543 590 360 397 560 422 321 504 15 564 279 340 436 372 612 257 791 735 583 259 400 749 293 437 326 346 519 571 517 291 556 361 221 722 489 425 414 108 187 775 788 604 94 704 233 357 397 504 801 839 469 690 444 526 324 523 270 294 898 508 842 551 599 576 567 550 528 532 525 451 70 385 352 357 415 669 621 423 388 319 209 438 398 743 472 388 281 362 377 708 497 341 115 596 817 560 87 211 534 100 279 192 549 248 790 577 162 398 630 269 610 165 70 85 512 587 270 302 506 657 626 618 157 813 469 349 670 48 299 230 364 432 370 364 202 579 842 683 823 301 663 188 330 384 417 121 681 505 426 344 397 556 499 696 406 298 382
583 620 251 638 696 824 776 1086 1021 1162 993 1155 559 603 751 956 179 866 384 0 898 382 1041 1041 377 822 804 554 890 415 224 152 578 608 831 638 440 729 867 949 676 720 720 502 768 950 171 475 426 774 742 1069 989 679 389 818 577 780 439 831 845 138 923 67 527 893 796 819 527 869 954 251 542 858 716 172 346 891 857 654 1028 830 358 822 685 1099 254 500 1035 1086 961 1092 1014 467 942 336 997 459 886 1016 382 1156 155 906 905 260 591 149 582 639 538 709 1170 878 952 727 87 942 195 218 540 375 515 188 432 735 709 908 604 1144 865 844 564 161 877 271 212 131 557 887 670 881 675 887 82 585 772 451 810 408 459 200 883 814 986 477 746 399 486 755 432 1156 1151 368 821 720 615 164 673 655 649 1229 804 1193 761 904 949 951 905 669 857 866 294 446 627 77 720 783 673 675 786 478 704 565 811 735 1104 351 102 154 152 759 1055 734 381 469 796 846 909 464 195 459 477 238 527 765 593 890 813 223 141 840 167 992 359 419 465 872 691 215 191 890 983 878 936 492 1167 847 728 855 432 353 615 749 713 648 347 268 924 1192 686 869 87 981 533 469 740 688 264 1027 813 799 641 71 495 881 1015 587 372 733
356 277 655 419 981 155 689 401 645 662 759 530 598 364 357 889 864 250 753 898 0 516 348 368 663 982 683 720 211 506 724 752 379 895 580 294 492 250 148 767 344 530 249 396 308 777 760 444 807 671 204 512 414 367 526 537 646 477 474 79 655 759 267 933 489 267 988 416 828 193 737 895 432 1123 198 756 590 50 328 450 303 92 868 876 574 595 645 628 384 489 496 696 780 607 275 569 224 468 1074 442 711 567 865 643 363 641 356 896 323 637 787 205 574 1122 638 923 973 939 738 679 370 743 451 946 472 1102 523 385 912 682 42 294 522 759 39 628 731 767 407 653 230 1021 793 1142 818 633 214 477 780 495 661 827 83 258 819 726 237 546 425 971 513 700 527 570 78 375 283 972 235 753 920 637 393 701 223 412 705 817 592 234 1135 530 647 782 379 934 932 947 320 255 612 422 772 871 943 1019 701 594 810 752 751 717 609 291 518 831 179 256 1102 706 750 502 701 664 894 230 583 104 245 789 777 172 742 810 616 812 713 608 209 690 707 868 496 265 459 616 701 929 857 111 751 551 747 784 389 421 551 918 558 695 317 223 874 468 878 448 970 384 765 594 423 929 459 844 472 895 482 348 535 565
236 238 143 346 715 455 606 749 773 886 797 839 382 251 436 830 381 503 373 382 516 0 697 703 282 790 625 462 532 91 226 237 247 611 599 278 118 360 498 769 330 483 350 119 436 774 251 117 443 597 375 765 671 365 74 570 430 512 110 451 643 244 575 422 268 532 778 522 519 508 760 433 213 887 334 257 129 511 529 380 676 448 456 734 476 815 129 353 702 772 673 845 822 306 594 63 634 144 878 702 333 851 374 684 583 126 250 403 200 473 497 327 864 899 718 699 460 844 232 164 162 358 192 458 82 808 470 592 620 879 482 507 333 247 494 121 229 251 239 674 287 847 591 915 302 427 400 116 677 41 346 350 501 453 819 412 376 161 134 744 135 895 835 123 438 412 232 475 297 554 651 928 500 922 402 597 743 793 663 291 894 607 165 435 311 425 701 747 317 299 577 106 599 571 762 759 856 140 294 242 235 609 786 394 34 486 430 484 906 388 260 163 392 157 564 409 402 509 463 320 264 474 235 819 210 443 394 643 308 184 194 776 691 532 639 337 903 778 663 480 401 73 522 637 410 358 35 459 665 919 331 501 368 680 557 134 734 382 314 760 519 748 371 328 183 783 713 237 78 511
464 496 838 411 869 267 522 56 353 323 495 182 561 653 295 659 948 598 769 1041 348 697 0 23 707 819 501 661 175 731 924 919 463 810 385 420 728 572 234 524 661 412 568 591 272 534 944 679 798 505 333 179 115 363 740 354 587 332 608 334 452 909 122 1055 523 615 836 262 775 202 488 950 708 970 490 873 810 303 188 411 46 427 883 699 468 264 816 615 46 147 220 383 511 621 104 761 126 584 902 126 737 220 957 407 154 816 453 988 564 546 731 495 225 962 379 791 1097 722 928 838 607 765 718 1025 624 991 415 164 829 350 382 196 511 937 385 777 927 916 483 428 482 841 675 982 971 572 548 713 600 696 661 908 432 603 566 703 564 641 567 833 755 368 179 794 388 328 516 1063 419 644 820 289 262 360 297 186 454 579 354 431 985 317 859 767 413 1052 804 795 631 547 442 591 640 802 779 896 385 818 974 886 916 559 297 307 682 802 281 603 925 693 856 756 683 806 841 289 530 452 233 868 952 241 873 554 692 806 699 390 469 827 856 663 206 165 201 611 366 749 719 273 745 697 657 632 338 403 731 967 307 354 634 572 990 178 823 578 838 359 832 292 270 768 424 1004 736 697 171 462 676 432
468 506 842 408 853 281 505 45 330 300 473 162 553 667 293 638 945 618 762 1041 368 703 23 0 703 801 484 651 188 739 929 922 465 797 368 426 738 589 249 502 676 401 584 599 273 512 949 688 789 488 343 155 95 362 748 338 577 321 612 351 433 911 131 1054 520 636 819 252 764 216 466 945 721 952 505 873 818 322 185 405 70 446 876 681 456 240 820 608 23 123 199 359 489 616 114 767 149 586 883 103 732 198 955 387 146 821 457 985 575 534 720 510 205 943 357 774 1096 701 933 841 618 759 730 1022 628 976 404 152 816 326 402 198 505 941 406 780 932 918 484 408 495 821 660 964 972 563 565 723 582 703 654 905 452 622 544 695 581 642 572 816 764 344 159 802 406 325 527 1060 429 630 805 269 254 337 305 172 432 557 334 441 967 299 865 758 414 1052 788 777 647 562 426 597 625 790 761 880 361 826 977 887 919 543 273 310 687 793 293 623 906 686 856 766 675 808 830 297 521 473 240 866 956 254 874 532 691 798 691 371 483 828 858 643 185 171 182 605 342 730 703 290 737 700 645 615 335 400 736 962 287 331 650 592 989 156 811 581 822 356 829 269 260 750 419 1007 747 677 148 466 679 419
307 419 308 296 434 544 403 745 645 788 618 796 182 515 411 602 244 736 96 377 663 282 707 703 0 521 430 201 584 373 387 320 285 331 455 368 400 594 582 577 592 346 583 334 441 579 369 393 164 400 467 706 637 347 351 444 204 412 221 585 469 285 601 369 188 767 505 461 237 569 579 244 491 607 535 209 380 638 518 298 703 626 205 484 308 728 274 123 692 728 594 715 640 92 618 306 693 209 604 660 54 792 257 529 558 286 307 286 424 264 220 530 806 620 575 426 410 601 369 260 407 83 472 319 244 526 335 557 338 768 643 515 199 353 657 219 381 288 258 510 475 579 334 635 333 210 625 398 449 322 87 205 682 691 618 136 607 136 260 468 416 780 793 386 598 378 429 358 431 303 371 862 451 818 469 548 573 585 529 435 613 493 380 153 306 363 426 478 572 524 409 291 352 289 497 478 727 392 355 244 316 391 681 420 249 205 513 720 632 113 183 445 122 214 282 468 217 696 502 167 356 550 230 623 71 166 118 495 492 213 249 540 617 556 573 115 792 520 401 585 119 209 265 396 368 303 277 264 550 818 586 727 304 619 275 234 457 348 127 653 454 483 284 371 465 539 653 315 205 357
695 838 828 577 145 827 301 823 525 676 390 789 426 987 625 231 643 1148 457 822 982 790 819 801 521 0 318 328 805 882 902 823 663 214 434 736 906 1025 845 337 1054 452 1015 803 674 329 875 887 400 319 787 699 705 620 864 470 372 514 700 908 367 781 779 781 562 1177 34 586 299 808 371 578 983 151 941 695 899 937 684 538 845 990 466 120 408 659 795 439 779 740 605 559 393 484 787 825 885 672 93 706 481 755 667 421 681 806 685 679 875 355 302 938 768 143 464 96 809 172 880 776 877 471 968 665 730 218 458 664 219 635 982 708 500 857 995 740 894 783 643 397 884 59 204 164 813 380 1041 901 218 828 445 624 1036 1115 328 385 1033 629 718 72 926 635 787 904 948 606 858 711 806 245 174 789 602 682 759 637 397 292 469 818 166 502 901 387 627 771 102 43 1028 957 383 761 213 257 40 129 569 912 843 738 820 267 595 691 756 354 802 1137 122 408 667 952 400 732 297 751 424 1057 742 610 855 815 727 342 588 406 402 430 893 726 759 181 624 751 618 456 648 79 131 873 412 722 270 197 593 571 793 570 517 687 1041 1131 735 648 289 696 89 601 575 578 577 52 533 847 966 146 668 703 713 418
455 591 712 318 376 527 31 509 253 413 188 491 255 762 328 218 648 875 428 804 683 625 501 484 430 318 0 260 493 707 801 746 425 341 116 477 725 769 540 147 817 165 759 594 375 151 792 692 415 30 502 397 389 344 698 153 227 205 517 614 58 714 463 787 358 903 335 272 344 500 149 613 776 468 677 640 752 636 370 275 527 705 510 200 150 375 679 308 463 435 292 312 210 349 470 677 568 483 404 393 423 465 667 127 363 688 441 691 643 166 308 677 479 461 179 293 825 257 788 677 659 434 768 704 548 496 176 346 360 380 689 397 291 777 701 623 797 718 414 101 627 345 197 482 764 220 775 715 100 653 345 614 746 850 194 335 773 475 514 333 750 387 489 749 660 317 615 751 541 183 338 514 292 432 467 319 148 168 162 555 483 184 772 385 370 779 308 293 788 706 70 560 156 350 278 398 324 764 785 674 743 66 313 401 592 394 506 868 429 342 613 770 329 631 399 458 227 768 438 584 783 511 661 196 471 425 343 119 631 637 674 186 314 438 301 319 400 252 222 572 384 573 216 134 305 308 641 619 208 434 799 855 726 335 380 500 340 322 541 290 264 267 276 802 773 212 359 461 556 128
391 530 508 301 271 575 229 687 504 660 445 706 121 665 391 405 391 849 171 554 720 462 661 651 201 328 260 0 584 553 589 519 360 176 324 441 578 717 605 398 736 250 706 480 436 398 569 560 156 233 516 611 567 355 536 331 76 330 374 642 311 481 580 531 249 879 317 399 114 577 407 352 656 435 640 400 573 683 484 276 672 708 251 282 195 611 475 112 635 641 496 569 465 156 594 498 684 347 416 583 175 691 411 379 507 486 383 433 557 119 70 637 705 443 430 239 568 400 570 461 555 179 641 444 403 385 246 498 192 633 711 495 199 553 725 419 583 484 335 356 581 385 132 461 525 91 739 573 255 499 118 358 760 811 432 77 727 301 395 285 598 641 704 577 671 362 547 490 513 102 206 751 402 684 500 480 408 396 396 522 444 381 579 125 341 523 242 285 712 647 265 437 152 151 300 313 581 586 549 439 515 206 555 435 428 144 546 836 445 91 372 624 80 416 181 495 140 778 506 331 554 571 426 439 263 166 89 354 593 415 450 340 520 540 487 129 654 320 202 621 124 394 64 197 348 301 465 358 430 685 725 835 472 531 164 372 277 343 290 529 390 286 265 562 638 338 562 399 384 239
307 321 675 294 825 93 504 231 434 460 551 347 469 479 192 689 816 451 659 890 211 532 175 188 584 805 493 584 0 559 758 761 313 750 383 255 555 404 67 563 490 357 399 421 148 572 782 505 700 486 160 310 208 239 570 341 507 290 452 171 458 755 61 912 396 472 816 220 698 27 531 828 533 951 318 728 640 160 124 309 145 271 776 692 409 390 655 513 196 295 285 485 572 507 75 595 109 431 895 239 623 377 822 438 153 655 299 853 389 482 654 322 386 948 430 757 953 743 765 681 433 653 543 896 464 948 354 174 769 476 234 96 403 777 241 622 762 762 337 451 307 838 631 969 817 493 385 540 593 527 555 776 290 447 613 609 398 497 407 804 582 494 344 623 227 222 341 930 245 594 768 452 202 499 130 201 498 614 386 256 965 327 691 671 277 910 769 773 460 374 424 426 603 734 765 859 491 647 818 736 759 537 399 163 521 714 107 452 921 594 715 582 586 653 765 125 444 313 82 736 792 66 724 604 556 707 601 406 294 675 702 675 286 56 248 506 496 745 688 110 644 540 596 608 235 290 567 848 349 494 463 425 848 258 748 422 805 244 704 384 228 752 322 849 561 705 275 303 520 388
289 242 164 414 807 474 690 784 841 944 875 884 470 188 491 916 447 451 462 415 506 91 731 739 373 882 707 553 559 0 218 263 307 703 673 315 29 313 516 850 264 559 305 141 483 855 258 62 532 680 399 816 718 424 27 641 519 580 190 452 722 284 608 465 349 478 870 582 610 533 838 507 135 979 312 320 84 511 574 451 704 428 540 824 557 872 169 444 741 819 731 912 899 397 627 87 654 224 969 749 424 900 437 759 630 159 303 463 183 560 589 304 912 991 789 791 499 932 235 209 136 447 109 520 159 898 546 642 711 940 469 549 416 261 480 188 226 291 306 751 277 938 682 1006 333 516 357 36 763 55 438 421 478 399 900 504 330 252 198 835 44 957 880 64 428 471 227 531 314 644 742 977 558 981 433 650 819 876 734 305 985 674 140 526 373 469 792 839 258 264 656 156 688 662 853 851 922 89 317 296 263 694 848 439 125 576 453 430 998 479 329 71 484 221 654 441 487 481 499 394 281 497 291 900 301 532 486 717 298 245 244 863 747 568 696 427 964 868 754 491 492 164 613 726 471 426 100 533 731 978 271 453 419 734 647 207 826 443 395 822 580 839 445 352 96 872 765 287 170 590
461 453 91 558 798 679 778 975 979 1101 984 1063 546 395 657 988 327 657 445 224 724 226 924 929 387 902 801 589 758 218 0 93 469 698 796 504 237 526 722 949 463 678 518 339 660 952 53 280 509 771 600 987 895 584 197 772 583 720 323 666 829 137 801 286 463 682 882 740 606 733 945 402 329 970 530 219 136 726 753 586 902 646 477 872 660 1032 122 499 928 995 889 1051 1007 454 820 163 858 354 980 925 421 1073 308 879 807 116 474 324 400 637 600 523 1086 986 918 806 311 989 31 127 354 431 303 379 302 865 666 815 700 1091 687 733 519 66 698 177 12 140 456 865 493 961 721 999 151 585 571 250 834 233 473 319 696 605 994 520 543 330 358 843 222 1106 1059 158 645 631 442 372 519 690 739 1149 719 1136 629 818 932 964 865 512 973 813 78 516 530 294 803 859 464 482 764 332 739 654 881 841 1062 137 122 176 96 771 999 620 243 556 655 636 1006 499 243 245 509 173 629 635 574 699 690 312 83 699 183 997 332 505 503 840 514 175 143 927 909 758 858 485 1115 907 787 701 489 241 653 783 627 570 193 427 873 1134 476 663 262 900 629 352 830 600 336 971 736 868 576 153 281 927 933 463 261 702
455 475 99 532 713 689 720 967 940 1070 932 1046 491 450 639 922 233 714 365 152 752 237 919 922 320 823 746 519 761 263 93 0 456 615 753 505 288 576 732 894 524 637 568 357 649 896 52 323 425 716 607 965 878 566 237 733 522 687 310 688 779 44 799 205 427 741 802 715 524 737 893 309 390 884 566 130 196 748 740 555 902 681 387 800 611 1004 107 439 918 978 862 1012 955 397 818 185 865 336 898 907 346 1052 214 833 791 111 465 231 432 580 522 559 1066 901 875 726 237 919 63 81 389 352 364 287 297 775 624 798 616 1057 718 724 476 34 730 142 82 46 439 818 522 882 650 913 70 526 620 299 770 259 407 226 734 662 937 447 594 292 353 762 281 1071 1043 217 674 610 468 284 533 621 657 1127 697 1104 631 797 883 904 824 528 886 777 147 435 512 211 722 781 521 524 716 338 671 571 804 755 1024 202 57 86 3 710 966 612 241 472 662 693 923 427 156 308 438 119 543 636 522 739 687 222 37 706 96 940 276 420 431 796 543 108 72 859 883 754 834 427 1081 833 712 716 411 222 583 715 604 543 201 333 837 1102 533 717 171 877 544 340 748 578 250 938 710 791 543 91 344 857 911 458 242 656
32 174 380 110 631 260 415 511 533 638 576 593 241 337 188 642 504 489 373 578 379 247 463 465 285 663 425 360 313 307 469 456 0 536 371 85 317 361 300 558 396 264 351 175 193 564 484 277 428 401 182 518 425 117 307 337 295 273 147 300 428 446 344 598 113 520 661 275 459 294 542 524 353 789 280 414 373 352 285 151 449 352 489 578 277 568 355 256 462 526 425 604 601 229 363 311 422 120 756 455 332 603 509 457 337 357 23 541 218 309 421 277 617 794 484 587 639 671 469 375 235 364 348 585 167 745 251 346 551 633 362 267 164 476 376 314 471 453 27 451 222 712 460 812 507 285 380 305 499 259 284 465 406 453 610 352 370 184 113 636 344 649 590 363 319 164 195 617 154 418 566 680 253 675 188 349 519 591 428 162 799 367 413 405 65 596 594 623 368 293 364 151 451 506 628 672 614 383 511 424 453 429 541 156 226 455 230 477 785 331 401 359 327 343 522 190 239 422 235 426 490 269 411 607 246 434 338 415 233 364 392 599 443 299 392 242 657 629 532 300 372 234 401 478 164 122 277 546 424 673 380 475 534 432 508 117 631 135 396 515 273 613 148 541 355 616 465 40 213 298
567 704 629 476 103 748 311 829 593 753 493 828 297 831 558 387 429 1024 252 608 895 611 810 797 331 214 341 176 750 703 698 615 536 0 440 618 729 890 776 438 905 400 880 646 605 434 667 718 189 324 691 733 707 529 682 461 248 478 535 817 399 572 741 567 424 1055 188 551 93 746 461 364 816 276 815 485 709 857 643 447 826 884 251 240 345 716 597 283 779 768 622 646 506 320 753 637 847 513 282 717 283 805 452 468 658 609 560 464 728 269 117 812 819 290 519 120 596 352 674 574 721 267 798 453 563 209 400 646 19 718 887 658 376 649 901 544 689 573 511 442 756 273 144 305 601 262 913 726 279 651 270 410 936 985 454 200 901 455 563 147 746 723 826 717 847 531 721 499 689 166 41 856 559 769 674 624 475 414 501 698 282 506 704 182 518 556 111 176 881 820 378 602 185 44 206 147 658 722 631 529 612 274 655 608 578 142 720 1011 308 225 458 775 222 532 84 668 312 955 676 398 646 743 518 465 402 194 218 457 769 523 554 320 645 704 622 298 736 249 146 795 213 539 154 216 517 475 608 357 544 772 895 1011 520 662 74 538 133 515 365 631 542 196 437 635 793 299 690 575 533 378
398 523 705 261 487 426 137 395 189 338 205 388 273 700 235 308 691 786 477 831 580 599 385 368 455 434 116 324 383 673 796 753 371 440 0 406 686 690 434 195 748 117 681 547 278 203 795 648 479 121 412 292 273 270 668 42 267 108 489 516 75 727 348 823 334 813 451 163 426 392 172 667 724 585 596 661 728 531 259 221 410 610 574 317 146 286 674 333 347 327 182 260 230 364 354 657 452 454 520 279 461 368 707 85 247 680 383 734 582 207 385 597 382 578 122 407 863 360 787 678 604 479 719 755 518 609 130 229 460 314 590 288 277 782 601 620 794 732 368 81 551 461 298 599 782 255 691 675 216 621 378 654 647 765 248 389 692 466 475 448 713 326 385 722 565 233 547 800 464 275 443 427 186 365 373 202 148 239 74 478 600 68 757 448 309 817 421 409 717 632 62 519 260 442 394 512 272 740 798 690 750 175 232 311 569 468 407 781 545 390 637 729 377 634 487 363 238 670 335 619 790 407 676 243 479 489 392 44 552 645 681 292 204 326 186 339 337 368 335 468 438 558 298 247 224 249 620 677 106 365 727 764 759 222 469 467 454 247 577 205 157 383 228 819 727 322 249 403 539 98
61 116 419 161 711 187 472 472 548 635 612 568 321 294 187 696 579 412 458 638 294 278 420 426 368 736 477 441 255 315 504 505 85 618 406 0 317 293 229 600 341 312 283 174 169 607 527 270 514 456 105 502 403 136 322 367 374 300 199 216 471 501 297 663 198 442 736 280 543 232 579 604 326 866 205 481 392 270 259 203 398 267 573 645 337 563 400 340 426 503 423 616 636 315 316 341 360 183 829 434 417 585 582 489 315 399 61 613 178 380 505 203 597 869 508 664 704 731 509 425 209 448 327 661 208 827 301 328 633 636 276 233 243 521 290 367 507 508 113 488 150 783 535 888 563 362 305 303 560 277 369 540 320 379 653 437 298 257 152 712 345 653 564 377 233 176 140 690 71 493 647 662 254 673 125 339 554 638 453 82 876 388 439 490 109 662 671 696 311 228 411 171 522 589 699 752 625 400 562 485 503 490 545 124 265 540 158 401 858 416 470 352 412 400 607 131 314 338 186 501 537 201 473 649 324 519 423 448 157 423 448 658 438 255 387 327 659 696 605 222 458 285 479 545 182 170 312 626 439 670 322 396 601 422 592 169 708 159 474 520 280 685 205 594 340 678 452 54 266 349
296 235 190 426 833 468 709 783 851 950 889 885 491 162 497 935 476 425 490 440 492 118 728 738 400 906 725 578 555 29 237 288 317 729 686 317 0 290 509 866 237 574 282 145 486 871 280 50 560 697 396 820 720 432 56 654 541 591 210 441 737 311 606 491 367 452 895 589 637 528 853 537 106 1005 295 349 100 499 577 464 701 411 569 846 574 878 197 467 740 821 737 922 914 421 625 116 647 242 994 752 451 902 466 772 633 187 311 492 172 580 615 288 914 1016 801 816 525 953 257 237 125 475 80 549 179 926 561 646 738 948 453 550 435 284 464 218 245 318 318 765 265 962 705 1032 359 537 335 15 783 78 463 450 459 374 916 530 307 276 212 861 27 965 881 78 413 479 218 559 310 667 768 980 565 988 432 655 833 893 745 299 1012 685 158 553 382 496 817 863 232 245 672 167 710 689 877 877 932 102 341 324 288 714 856 442 151 604 448 405 1023 505 358 46 510 250 682 440 507 462 498 424 304 492 320 916 328 560 512 731 285 274 272 883 753 567 701 450 972 890 778 482 519 191 637 747 480 438 129 563 741 985 245 429 447 739 675 224 851 452 424 830 588 862 458 375 67 893 769 294 195 605
