29
0 307 532 915 521 952 108 869 118 586 945 898 102 153 344 792 576 522 888 583 793 386 380 705 434 576 411 24 687
307 0 749 823 624 890 247 799 212 736 933 854 382 432 637 666 507 328 826 772 604 395 242 729 601 269 509 294 521
532 749 0 805 273 782 518 735 640 177 689 711 567 576 298 780 579 734 735 89 886 449 624 474 173 966 308 556 781
915 823 805 0 539 101 811 71 928 635 247 138 1014 1060 991 171 339 509 85 736 325 531 586 335 673 803 573 927 331
521 624 273 539 0 529 454 472 595 138 465 460 597 628 467 507 314 507 476 224 619 241 431 224 137 784 117 542 518
952 890 782 101 529 0 853 90 977 607 155 71 1049 1092 993 263 388 587 65 706 424 566 648 309 667 890 583 967 420
108 247 518 811 454 853 0 768 140 540 854 801 210 261 392 685 472 417 788 555 685 287 273 620 391 504 338 116 579
869 799 735 71 472 90 768 0 890 565 198 84 967 1011 928 184 300 498 31 665 352 483 558 264 607 802 512 883 335
118 212 640 928 595 977 140 890 0 677 988 929 171 219 462 790 590 485 912 685 765 419 355 757 526 481 479 97 667
586 736 177 635 138 607 540 565 677 0 512 535 646 668 443 628 449 644 562 100 751 372 562 301 152 915 232 610 653
945 933 689 247 465 155 854 198 988 512 0 113 1035 1074 931 379 428 660 169 606 549 569 691 245 601 974 545 962 521
898 854 711 138 460 71 801 84 929 535 113 0 993 1035 926 267 348 565 55 635 436 513 611 238 598 875 519 913 413
102 382 567 1014 597 1049 210 967 171 646 1035 993 0 52 330 894 676 622 985 629 894 483 481 793 496 651 494 98 789
153 432 576 1060 628 1092 261 1011 219 668 1074 1035 52 0 319 942 723 674 1029 644 946 528 533 830 520 700 529 151 840
344 637 298 991 467 993 392 928 462 443 931 926 330 319 0 919 692 754 936 382 978 504 614 692 330 896 419 365 867
792 666 780 171 507 263 685 184 790 628 379 267 894 942 919 0 227 344 215 726 170 425 438 357 625 631 504 801 160
576 507 579 339 314 388 472 300 590 449 428 348 676 723 692 227 0 246 323 538 306 199 264 262 414 561 284 588 204
522 328 734 509 507 587 417 498 485 644 660 565 622 674 754 344 246 0 527 717 280 285 144 508 560 316 427 524 193
888 826 735 85 476 65 788 31 912 562 169 55 985 1029 936 215 323 527 0 663 383 502 584 261 612 833 523 902 366
583 772 89 736 224 706 555 665 685 100 606 635 629 644 382 726 538 717 663 0 843 436 621 401 171 971 291 608 742
793 604 886 325 619 424 685 352 765 751 549 436 894 946 978 170 306 280 383 843 0 474 413 508 719 508 587 797 111
386 395 449 531 241 566 287 483 419 372 569 513 483 528 504 425 199 285 502 436 474 0 190 342 275 543 144 400 363
380 242 624 586 431 648 273 558 355 562 691 611 481 533 614 438 264 144 584 621 413 190 0 496 454 353 331 383 312
705 729 474 335 224 309 620 264 757 301 245 238 793 830 692 357 262 508 261 401 508 342 496 0 362 821 301 724 433
434 601 173 673 137 667 391 607 526 152 601 598 496 520 330 625 414 560 612 171 719 275 454 362 0 801 135 458 612
576 269 966 803 784 890 504 802 481 915 974 875 651 700 896 631 561 316 833 971 508 543 353 821 801 0 683 564 471
411 509 308 573 117 583 338 512 479 232 545 519 494 529 419 504 284 427 523 291 587 144 331 301 135 683 0 431 479
24 294 556 927 542 967 116 883 97 610 962 913 98 151 365 801 588 524 902 608 797 400 383 724 458 564 431 0 693
687 521 781 331 518 420 579 335 667 653 521 413 789 840 867 160 204 193 366 742 111 363 312 433 612 471 479 693 0
