56
0 133 408 508 303 790 721 552 395 599 365 182 484 648 89 571 136 358 526 517 498 155 107 325 581 285 264 240 272 208 881 354 213 659 365 100 187 340 499 600 571 616 269 285 498 272 451 211 480 307 377 762 102 632 467 111
133 0 275 559 433 751 752 429 290 469 498 240 408 669 79 690 230 339 523 589 551 213 105 244 448 206 317 330 141 253 878 480 161 683 396 185 282 332 575 724 456 706 279 291 457 243 323 330 610 367 374 636 79 574 334 156
408 275 0 758 697 786 912 258 259 243 773 485 414 820 345 957 495 478 649 812 755 434 359 311 201 303 545 585 137 486 973 754 334 836 534 433 518 430 804 996 321 946 424 424 530 402 161 603 885 594 466 423 339 587 106 412
508 559 758 0 601 489 225 718 548 810 486 328 471 183 485 410 376 293 217 98 14 656 455 460 830 458 245 285 668 308 444 401 428 184 863 598 651 848 117 478 679 243 777 794 348 356 681 376 488 201 885 895 481 466 746 412
303 433 697 601 0 1008 825 855 693 901 166 377 759 779 389 431 311 591 714 557 587 283 398 613 881 575 425 338 560 407 1037 231 498 783 386 266 202 444 530 425 871 584 377 393 738 530 754 236 279 437 458 1066 401 883 767 369
790 751 786 489 1008 0 394 591 529 682 937 638 373 339 716 899 707 432 299 585 501 940 689 516 732 549 583 673 778 608 248 857 592 352 1143 890 975 1083 607 967 519 712 1030 1043 294 519 636 774 966 576 1125 662 706 199 711 681
721 752 912 225 825 394 0 813 670 910 702 539 550 93 685 574 594 435 267 279 238 873 654 600 943 611 457 509 843 514 250 617 604 76 1082 816 873 1060 307 642 758 355 990 1007 411 522 805 601 685 418 1098 956 679 467 877 618
552 429 258 718 855 591 813 0 183 97 888 544 263 720 466 1015 584 428 548 796 720 633 462 281 140 306 571 644 341 531 812 846 379 738 773 613 710 676 797 1067 74 944 657 661 402 399 110 698 983 611 714 211 455 398 153 503
395 290 259 548 693 529 670 183 0 265 712 362 155 576 305 832 407 254 403 620 548 503 295 97 282 124 388 461 259 347 714 665 201 594 674 472 569 592 619 883 179 766 555 564 272 216 135 519 802 428 634 390 293 332 207 329
599 469 243 810 901 682 910 97 265 0 949 615 360 817 518 1092 648 518 644 885 811 660 519 362 58 381 650 717 357 605 907 913 448 835 777 648 741 673 885 1141 163 1032 665 667 499 480 151 762 1049 693 709 180 508 492 142 565
365 498 773 486 166 937 702 888 712 949 0 355 744 669 433 264 305 553 637 424 472 408 429 620 938 587 370 276 637 378 930 84 510 670 546 372 341 592 396 264 890 427 520 537 693 516 798 193 122 363 611 1099 442 840 826 385
182 240 485 328 377 638 539 544 362 615 355 0 391 467 162 479 68 213 356 349 319 334 135 267 615 238 83 102 369 30 705 303 166 477 545 278 347 521 334 525 538 467 451 467 360 161 466 162 439 129 558 752 161 506 509 85
484 408 414 471 759 373 550 263 155 360 744 391 0 457 397 815 451 204 286 558 475 615 376 163 396 202 382 472 409 366 564 684 270 475 803 574 670 730 564 874 211 708 686 696 139 230 272 553 816 409 772 424 384 177 348 391
648 669 820 183 779 339 93 720 576 817 669 467 457 0 605 577 526 345 173 264 197 802 574 508 849 520 387 450 755 440 260 584 517 18 1013 745 809 984 290 646 666 375 916 932 317 434 711 548 669 354 1023 866 599 382 784 541
89 79 345 485 389 716 685 466 305 518 433 162 397 605 0 613 151 290 468 511 477 223 31 236 504 196 241 250 217 177 825 408 128 618 427 178 273 381 496 650 482 627 318 333 422 197 368 257 541 289 421 677 12 551 392 76
571 690 957 410 431 899 574 1015 832 1092 264 479 815 577 613 0 462 611 617 314 398 653 598 734 1094 711 444 376 830 487 823 225 645 571 808 608 597 847 292 68 999 227 772 790 722 616 944 360 164 408 869 1218 618 858 988 545
136 230 495 376 311 707 594 584 407 648 305 68 451 526 151 462 0 281 423 381 365 280 136 316 642 283 139 105 369 99 769 265 205 535 488 222 283 474 363 501 585 483 401 418 428 221 497 114 400 175 509 795 156 573 532 84
358 339 478 293 591 432 435 428 254 518 553 213 204 345 290 611 281 0 185 368 293 510 260 169 537 175 183 277 410 184 538 486 178 360 717 459 543 669 370 670 396 516 608 623 146 95 388 368 616 205 710 616 280 292 454 249
526 523 649 217 714 299 267 548 403 644 637 356 286 173 468 617 423 185 0 315 225 681 438 338 675 354 291 376 593 326 356 558 363 191 891 627 703 849 330 684 497 460 786 801 148 280 537 478 669 278 890 703 460 249 610 415
517 589 812 98 557 585 279 796 620 885 424 349 558 264 511 314 381 368 315 0 89 655 484 527 901 519 272 279 710 336 519 339 477 260 855 598 637 853 27 383 762 150 779 796 441 415 750 351 407 222 887 981 509 563 810 434
498 551 755 14 587 501 238 720 548 811 472 319 475 197 477 398 365 293 225 89 0 645 447 458 830 455 237 273 663 300 458 387 423 198 852 588 639 838 106 466 682 237 766 783 354 353 681 363 474 191 875 899 473 474 744 403
155 213 434 656 283 940 873 633 503 660 408 334 615 802 223 653 280 510 681 655 645 0 251 452 630 413 416 376 303 362 1036 428 351 812 211 57 86 200 634 669 667 738 125 143 646 420 524 316 531 455 232 835 235 774 519 265
107 105 359 455 398 689 654 462 295 519 429 135 376 574 31 598 136 260 438 484 447 251 0 219 509 180 212 229 236 148 794 398 106 587 456 202 295 412 470 637 473 602 348 363 395 169 368 246 533 261 452 673 25 526 398 53
325 244 311 460 613 516 600 281 97 362 620 267 163 508 236 734 316 169 338 527 458 452 219 0 374 39 290 364 265 251 673 571 115 524 640 413 509 571 525 786 270 671 523 534 231 118 223 427 707 330 613 486 224 331 286 244
581 448 201 830 881 732 943 140 282 58 938 615 396 849 504 1094 642 537 675 901 830 630 509 374 0 387 657 717 326 607 951 907 449 867 734 622 713 629 899 1140 213 1046 626 626 533 489 152 755 1042 701 663 227 496 538 114 558
285 206 303 458 575 549 611 306 124 381 587 238 202 520 196 711 283 175 354 519 455 413 180 39 387 0 270 338 240 225 697 541 78 536 602 373 469 535 514 761 302 660 486 497 260 103 235 395 677 314 577 514 184 368 291 207
264 317 545 245 425 583 457 571 388 650 370 83 382 387 241 444 139 183 291 272 237 416 212 290 657 270 0 94 438 64 631 302 212 396 626 358 422 604 260 498 555 400 533 550 323 172 505 191 433 49 641 774 238 470 556 166
240 330 585 285 338 673 509 644 461 717 276 102 472 450 250 376 105 277 376 279 273 376 229 364 717 338 94 0 465 113 704 211 268 457 580 319 365 574 259 423 634 379 500 517 417 250 568 101 345 99 608 850 252 564 611 175
272 141 137 668 560 778 843 341 259 357 637 369 409 755 217 830 369 410 593 710 663 303 236 265 326 240 438 465 0 376 937 621 241 770 432 297 386 339 699 866 387 836 315 320 497 321 230 472 751 488 380 534 213 586 215 289
208 253 486 308 407 608 514 531 347 605 378 30 366 440 177 487 99 184 326 336 300 362 148 251 607 225 64 113 376 0 676 321 158 451 573 305 377 545 323 536 521 460 476 492 331 139 457 187 457 113 583 737 174 476 503 104
881 878 973 444 1037 248 250 812 714 907 930 705 564 260 825 823 769 538 356 519 458 1036 794 673 951 697 631 704 937 676 0 845 717 260 1246 981 1053 1206 546 891 743 605 1143 1158 444 634 837 804 927 605 1246 904 816 415 913 770
354 480 754 401 231 857 617 846 665 913 84 303 684 584 408 225 265 486 558 339 387 428 398 571 907 541 302 211 621 321 845 0 466 585 590 384 374 622 311 246 842 353 548 566 622 461 762 151 136 289 646 1055 415 769 796 349
213 161 334 428 498 592 604 379 201 448 510 166 270 517 128 645 205 178 363 477 423 351 106 115 449 78 212 268 241 158 717 466 0 531 550 306 400 493 469 692 380 612 437 450 298 83 299 319 603 260 535 589 116 423 345 129
659 683 836 184 783 352 76 738 594 835 670 477 475 18 618 571 535 360 191 260 198 812 587 524 867 536 396 457 770 451 260 585 531 0 1022 755 817 995 286 639 684 365 927 943 336 449 729 553 667 362 1034 884 611 400 801 553
365 396 534 863 386 1143 1082 773 674 777 546 545 803 1013 427 808 488 717 891 855 852 211 456 640 734 602 626 580 432 573 1246 590 550 1022 0 267 221 110 833 810 819 925 118 112 848 625 662 507 664 664 93 956 437 970 635 476
100 185 433 598 266 890 816 613 472 648 372 278 574 745 178 608 222 459 627 598 588 57 202 413 622 373 358 319 297 305 981 384 306 755 267 0 97 255 577 627 641 684 180 198 597 371 506 263 494 398 288 819 190 729 509 211
187 282 518 651 202 975 873 710 569 741 341 347 670 809 273 597 283 543 703 637 639 86 295 509 713 469 422 365 386 377 1053 374 400 817 221 97 0 250 613 605 739 704 178 195 685 460 602 286 463 455 272 914 285 820 601 294
340 332 430 848 444 1083 1060 676 592 673 592 521 730 984 381 847 474 669 849 853 838 200 412 571 629 535 604 574 339 545 1206 622 493 995 110 255 250 0 833 856 726 939 75 57 790 573 566 516 714 647 42 853 389 903 533 442
499 575 804 117 530 607 307 797 619 885 396 334 564 290 496 292 363 370 330 27 106 634 470 525 899 514 260 259 699 323 546 311 469 286 833 577 613 833 0 360 766 147 758 776 451 411 748 327 380 211 866 985 495 577 806 420
600 724 996 478 425 967 642 1067 883 1141 264 525 874 646 650 68 501 670 684 383 466 669 637 786 1140 761 498 423 866 536 891 246 692 639 810 627 605 856 360 0 1053 292 784 801 785 669 991 393 146 465 876 1271 656 923 1032 585
571 456 321 679 871 519 758 74 179 163 890 538 211 666 482 999 585 396 497 762 682 667 473 270 213 302 555 634 387 521 743 842 380 684 819 641 739 726 766 1053 0 912 702 707 349 384 163 698 978 590 766 220 470 328 221 508
616 706 946 243 584 712 355 944 766 1032 427 467 708 375 627 227 483 516 460 150 237 738 602 671 1046 660 400 379 836 460 605 353 612 365 925 684 704 939 147 292 912 0 863 881 591 557 894 422 368 351 969 1131 627 709 951 550
269 279 424 777 377 1030 990 657 555 665 520 451 686 916 318 772 401 608 786 779 766 125 348 523 626 486 533 500 315 476 1143 548 437 927 118 180 178 75 758 784 702 863 0 18 735 514 546 441 642 575 108 845 328 854 523 375
285 291 424 794 393 1043 1007 661 564 667 537 467 696 932 333 790 418 623 801 796 783 143 363 534 626 497 550 517 320 492 1158 566 450 943 112 198 195 57 776 801 707 881 18 0 748 528 550 459 659 592 91 846 342 865 525 391
498 457 530 348 738 294 411 402 272 499 693 360 139 317 422 722 428 146 148 441 354 646 395 231 533 260 323 417 497 331 444 622 298 336 848 597 685 790 451 785 349 591 735 748 0 226 402 512 747 333 832 556 411 147 477 391
272 243 402 356 530 519 522 399 216 480 516 161 230 434 197 616 221 95 280 415 353 420 169 118 489 103 172 250 321 139 634 461 83 449 625 371 460 573 411 669 384 557 514 528 226 0 337 324 596 212 614 602 187 361 395 168
451 323 161 681 754 636 805 110 135 151 798 466 272 711 368 944 497 388 537 750 681 524 368 223 152 235 505 568 230 457 837 762 299 729 662 506 602 566 748 991 163 894 546 550 402 337 0 611 898 549 605 312 358 437 76 414
211 330 603 376 236 774 601 698 519 762 193 162 553 548 257 360 114 368 478 351 363 316 246 427 755 395 191 101 472 187 804 151 319 553 507 263 286 516 327 393 698 422 441 459 512 324 611 0 286 201 546 908 263 659 645 197
480 610 885 488 279 966 685 983 802 1049 122 439 816 669 541 164 400 616 669 407 474 531 533 707 1042 677 433 345 751 457 927 136 603 667 664 494 463 714 380 146 978 368 642 659 747 596 898 286 0 413 732 1192 548 892 931 484
307 367 594 201 437 576 418 611 428 693 363 129 409 354 289 408 175 205 278 222 191 455 261 330 701 314 49 99 488 113 605 289 260 362 664 398 455 647 211 465 590 351 575 592 333 212 549 201 413 0 683 810 287 479 602 214
377 374 466 885 458 1125 1098 714 634 709 611 558 772 1023 421 869 509 710 890 887 875 232 452 613 663 577 641 608 380 583 1246 646 535 1034 93 288 272 42 866 876 766 969 108 91 832 614 605 546 732 683 0 889 430 945 570 481
762 636 423 895 1066 662 956 211 390 180 1099 752 424 866 677 1218 795 616 703 981 899 835 673 486 227 514 774 850 534 737 904 1055 589 884 956 819 914 853 985 1271 220 1131 845 846 556 602 312 908 1192 810 889 0 666 498 321 714
102 79 339 481 401 706 679 455 293 508 442 161 384 599 12 618 156 280 460 509 473 235 25 224 496 184 238 252 213 174 816 415 116 611 437 190 285 389 495 656 470 627 328 342 411 187 358 263 548 287 430 666 0 539 383 77
632 574 587 466 883 199 467 398 332 492 840 506 177 382 551 858 573 292 249 563 474 774 526 331 538 368 470 564 586 476 415 769 423 400 970 729 820 903 577 923 328 709 854 865 147 361 437 659 892 479 945 498 539 0 512 529
467 334 106 746 767 711 877 153 207 142 826 509 348 784 392 988 532 454 610 810 744 519 398 286 114 291 556 611 215 503 913 796 345 801 635 509 601 533 806 1032 221 951 523 525 477 395 76 645 931 602 570 321 383 512 0 447
111 156 412 412 369 681 618 503 329 565 385 85 391 541 76 545 84 249 415 434 403 265 53 244 558 207 166 175 289 104 770 349 129 553 476 211 294 442 420 585 508 550 375 391 391 168 414 197 484 214 481 714 77 529 447 0
