109
0 443 138 317 482 261 169 576 823 488 316 149 207 502 257 522 763 676 336 449 399 420 492 685 655 432 464 730 523 625 576 385 826 467 511 826 657 292 805 689 435 742 356 638 170 692 676 726 193 457 472 383 49 705 825 664 507 19 435 274 491 198 250 394 286 592 396 183 744 357 42 258 603 353 734 697 130 291 583 715 626 476 94 484 429 226 288 540 461 624 470 540 258 582 592 347 130 48 460 382 274 739 276 277 480 276 381 708 449
443 0 561 694 343 592 427 952 937 48 725 540 323 532 617 909 847 1091 475 789 522 732 575 903 803 282 52 955 947 843 905 735 945 833 947 1246 975 451 1206 1003 183 960 788 1078 295 833 1104 1099 484 762 859 767 395 1140 1237 1084 887 440 876 264 875 339 372 108 170 1008 756 294 1166 111 454 240 1037 693 950 1062 550 708 921 1100 824 793 439 925 870 388 600 639 854 731 771 984 188 906 1024 611 351 395 665 111 181 1163 168 286 817 334 786 974 98
138 561 0 335 620 324 179 565 911 608 302 210 345 624 303 505 861 625 454 474 513 465 605 748 742 571 588 787 470 691 596 257 912 332 437 765 677 412 763 710 572 801 226 549 268 779 609 709 158 502 460 247 175 625 772 608 499 153 350 347 480 256 279 525 394 544 266 321 683 485 110 395 528 233 795 687 11 271 598 690 700 355 216 400 345 357 356 646 445 723 355 436 385 604 523 426 213 180 545 512 404 676 398 415 503 413 362 751 579
317 694 335 0 566 111 477 263 617 731 75 170 374 454 78 215 589 402 313 138 337 140 406 426 455 551 697 460 272 375 263 555 616 594 305 558 344 299 511 377 609 475 386 444 476 489 429 413 480 173 165 511 358 480 544 398 195 306 284 586 182 515 566 610 570 321 553 400 481 586 345 457 382 545 470 382 340 95 267 408 393 657 266 313 277 320 122 417 160 465 666 409 511 270 361 177 446 350 276 600 513 479 534 429 168 391 104 417 662
482 343 620 566 0 456 578 778 607 342 627 478 275 212 495 754 513 956 256 604 262 535 271 617 494 67 303 668 838 563 693 863 616 949 868 1110 747 267 1042 769 160 669 823 1008 443 517 994 908 631 554 710 866 456 1047 1088 957 725 467 826 498 721 520 582 242 390 882 876 309 1039 268 518 247 948 828 658 867 612 624 714 922 535 947 411 866 819 275 445 329 713 412 936 950 317 689 928 413 481 447 409 246 291 1038 327 207 626 208 670 708 248
261 592 324 111 456 0 430 359 587 627 171 117 269 361 41 319 543 511 207 201 240 160 320 427 419 440 591 470 383 369 326 571 588 627 412 667 405 189 616 436 499 483 437 551 400 455 541 507 446 197 269 540 291 591 652 509 295 245 378 511 284 451 509 504 480 432 574 302 591 483 297 353 491 553 476 471 326 175 338 507 375 673 186 414 371 211 31 344 267 409 677 505 414 330 471 105 379 281 223 494 413 590 438 320 232 281 214 447 554
169 427 179 477 578 430 0 726 986 475 462 316 319 643 424 669 922 802 487 613 552 588 643 854 820 517 464 899 647 794 739 309 990 407 617 944 821 442 938 853 487 911 384 728 143 857 788 875 58 625 621 340 152 805 949 786 659 186 529 179 641 89 99 420 257 720 329 272 862 377 133 331 707 269 904 849 168 433 745 859 795 378 258 580 525 365 458 696 608 783 362 611 282 746 702 516 96 164 626 407 307 856 286 375 643 394 526 877 468
576 952 565 263 778 359 726 0 604 986 264 432 629 617 337 61 619 198 524 173 520 242 554 377 484 778 950 381 184 361 129 733 599 741 265 340 170 526 263 194 850 398 521 353 739 506 267 150 720 229 105 672 619 337 311 212 68 566 325 848 85 774 820 862 833 158 723 661 281 842 599 712 277 735 400 122 572 294 108 148 397 828 529 312 322 568 353 535 119 537 845 404 772 142 250 365 706 611 393 853 772 284 795 676 153 633 202 299 911
823 937 911 617 607 587 986 604 0 944 688 701 701 405 615 632 97 794 510 514 445 478 368 227 168 658 904 235 773 252 475 1158 11 1208 846 903 452 552 792 446 760 220 1003 955 905 132 870 639 1016 452 625 1123 834 940 859 813 605 804 871 1002 619 976 1042 829 921 763 1160 756 868 839 864 747 879 1141 214 602 911 712 496 679 225 1260 729 880 865 635 555 305 642 211 1264 981 837 462 852 484 910 823 366 828 819 873 858 686 503 642 674 325 849
488 48 608 731 342 627 475 986 944 0 764 579 357 540 653 945 852 1130 498 821 541 762 587 921 816 285 40 973 986 862 935 783 953 881 989 1285 1003 477 1242 1030 183 978 835 1121 343 844 1145 1132 532 791 895 815 441 1182 1275 1123 922 484 920 311 911 386 419 127 218 1047 804 333 1206 144 500 274 1079 741 967 1095 597 748 951 1134 841 840 479 968 913 419 633 650 891 741 818 1029 231 935 1065 639 399 440 686 134 221 1202 212 313 849 360 824 996 94
316 725 302 75 627 171 462 264 688 764 0 185 413 527 131 207 663 367 379 188 408 209 480 489 528 606 732 519 222 442 299 500 686 531 241 521 379 360 489 411 656 535 317 381 484 561 381 412 456 237 159 450 362 425 514 358 197 309 210 590 179 512 556 648 589 283 495 431 441 621 335 494 324 494 531 387 309 31 298 399 462 600 287 242 202 368 190 493 146 540 612 336 538 309 306 252 446 356 352 637 544 438 560 474 213 441 65 468 702
149 540 210 170 478 117 316 432 701 579 185 0 234 433 108 382 651 552 263 299 315 272 405 545 532 446 549 587 407 486 426 463 703 526 412 707 507 228 673 539 482 600 356 549 306 569 565 583 329 309 331 438 187 604 699 544 364 136 354 416 349 346 400 466 404 469 467 246 626 437 182 313 501 441 593 552 210 168 434 576 492 563 101 399 347 204 148 441 323 514 564 476 352 432 486 216 276 179 335 455 358 623 374 301 330 276 248 561 520
207 323 345 374 275 269 319 629 701 357 413 234 0 328 296 588 625 775 191 466 255 411 338 615 544 227 322 665 635 552 585 588 706 673 646 930 657 152 885 687 248 673 554 783 207 578 794 776 366 443 537 590 182 837 918 769 564 191 588 301 554 283 350 236 231 693 601 54 852 213 242 83 734 555 663 739 337 400 599 777 541 676 145 633 581 71 277 397 534 490 666 706 153 586 718 295 226 172 371 226 147 849 177 72 495 74 470 670 289
502 532 624 454 212 361 643 617 405 540 527 433 328 0 402 605 316 808 170 449 120 379 65 406 281 255 500 457 712 355 514 881 413 954 758 956 556 211 875 574 357 457 788 895 534 305 858 731 685 387 567 867 496 919 927 814 574 483 737 619 575 611 678 424 527 742 890 381 892 435 544 355 827 853 446 689 620 535 536 752 325 977 410 768 730 279 337 116 575 201 972 863 444 508 803 278 554 484 224 423 423 893 462 294 463 257 554 502 446
257 617 303 78 495 41 424 337 615 653 131 108 296 402 0 292 575 479 248 192 281 165 360 444 447 477 619 484 346 388 319 544 615 595 372 635 400 228 589 432 532 498 400 512 408 483 505 487 435 202 242 509 293 553 622 475 271 243 337 518 258 453 508 532 496 399 545 324 558 508 290 379 453 528 492 453 306 134 328 484 398 645 194 373 330 243 67 382 238 443 651 463 434 325 434 139 382 284 255 522 436 556 458 351 223 314 178 454 584
522 909 505 215 754 319 669 61 632 945 207 382 588 605 292 0 638 203 498 156 501 225 545 407 500 749 910 418 141 383 161 672 628 682 219 356 219 495 297 246 816 435 461 323 687 526 257 205 662 221 50 612 566 322 335 209 31 513 269 795 34 719 764 823 785 140 662 616 287 801 543 671 247 674 436 181 513 236 145 194 416 768 481 261 266 530 317 532 60 545 785 357 727 174 221 341 652 559 386 813 729 288 750 639 146 598 143 341 873
763 847 861 589 513 543 922 619 97 852 663 651 625 316 575 638 0 815 438 504 372 457 288 256 139 567 812 281 775 257 489 1114 108 1170 844 936 483 482 830 483 668 270 973 961 832 112 886 675 956 437 623 1084 770 956 894 831 609 744 858 926 620 906 972 739 840 774 1117 680 893 752 805 666 885 1093 261 635 860 684 512 711 221 1215 668 872 851 563 511 228 639 139 1216 974 756 477 859 438 842 758 320 739 737 897 776 604 499 563 659 367 758
676 1091 625 402 956 511 802 198 794 1130 367 552 775 808 479 203 815 0 700 359 704 429 747 566 681 948 1097 563 155 557 325 728 787 709 204 156 343 694 142 356 1010 580 506 204 846 702 84 187 782 422 246 658 724 153 148 28 234 671 296 949 235 865 901 1011 955 84 712 797 83 986 688 857 145 742 583 207 635 387 302 141 594 811 654 256 298 722 515 732 244 736 834 308 905 337 129 543 804 719 587 1001 910 85 927 831 345 793 305 475 1063
336 475 454 313 256 207 487 524 510 498 379 263 191 170 248 498 438 700 0 350 65 283 156 431 352 255 458 482 584 369 448 711 515 783 618 854 510 44 788 536 336 489 619 758 394 386 738 658 524 305 453 696 335 793 832 701 469 317 585 493 464 468 534 370 419 625 719 246 782 365 378 249 695 684 479 618 450 381 467 669 354 808 242 621 578 125 191 209 456 300 804 712 336 446 674 158 403 324 190 364 323 782 359 192 373 143 417 498 410
449 789 474 138 604 201 613 173 514 821 188 299 466 449 192 156 504 359 350 0 347 70 389 304 365 605 784 332 277 263 127 687 512 719 340 509 208 353 437 240 678 348 503 464 599 395 411 312 618 69 123 639 485 475 483 365 125 435 356 710 127 645 699 695 682 295 683 503 443 678 479 548 391 680 345 274 479 217 136 319 289 788 385 368 350 401 188 378 137 398 799 469 614 133 366 192 574 476 231 686 612 444 638 508 31 464 160 280 743
399 522 513 337 262 240 552 520 445 541 408 315 255 120 281 501 372 704 65 347 0 277 92 381 291 278 500 433 600 321 431 771 451 840 642 856 485 110 782 508 369 438 669 779 460 324 750 646 589 292 460 753 401 808 831 708 471 380 617 557 469 533 600 415 479 634 778 310 788 414 442 307 713 745 427 604 510 415 451 661 302 868 305 650 610 191 217 143 466 235 866 744 395 427 691 163 469 389 150 410 380 789 417 246 366 200 438 458 450
420 732 465 140 535 160 588 242 478 762 209 272 411 379 165 225 457 429 283 70 277 0 320 286 320 538 724 322 339 234 173 695 477 735 397 579 247 289 506 277 614 337 525 526 560 353 480 376 600 37 189 652 452 542 553 434 194 405 401 671 195 612 669 635 633 363 693 452 512 620 455 491 455 683 331 336 469 234 189 387 253 797 346 419 394 344 139 313 199 342 805 520 562 175 430 125 540 442 165 627 558 513 587 448 90 402 202 289 681
492 575 605 406 271 320 643 554 368 587 480 405 338 65 360 545 288 747 156 389 92 320 0 345 229 307 546 396 656 292 449 863 375 930 706 894 491 200 811 509 406 398 755 841 545 257 800 666 681 325 509 843 492 861 864 754 514 473 690 637 515 620 687 466 553 683 870 393 831 473 534 379 771 837 387 624 602 491 472 688 264 960 397 719 683 279 293 64 518 157 958 815 469 443 748 228 558 480 161 464 450 832 489 317 402 274 502 439 493
685 903 748 426 617 427 854 377 227 921 489 545 615 406 444 407 256 566 431 304 381 286 345 0 147 649 881 51 548 62 248 981 222 1020 624 681 227 463 573 226 746 58 806 728 800 151 642 418 874 253 404 938 708 713 638 585 381 668 656 907 396 863 926 796 846 535 979 666 641 795 724 680 652 969 49 380 750 517 268 456 81 1083 599 660 650 543 398 290 422 231 1091 760 766 235 625 339 793 697 243 791 754 647 789 623 287 575 465 113 830
655 803 742 455 494 419 820 484 168 816 528 532 544 281 447 500 139 681 352 365 291 320 229 147 0 535 776 189 636 125 355 991 170 1042 705 808 359 392 706 364 635 185 840 823 744 36 751 551 849 299 484 957 669 820 768 696 471 637 719 845 481 814 879 695 770 638 992 598 761 700 697 597 747 973 174 511 742 550 378 585 87 1092 562 733 713 475 387 166 500 87 1096 835 686 344 721 315 746 657 197 692 671 765 708 537 360 491 521 259 722
432 282 571 551 67 440 517 778 658 285 606 446 227 255 477 749 567 948 255 605 278 538 307 649 535 0 245 701 823 593 703 808 667 896 847 1104 761 254 1042 785 102 704 780 986 380 561 981 913 571 560 703 815 402 1031 1084 948 721 418 799 431 715 456 516 177 322 871 822 253 1030 201 465 186 930 772 693 873 563 601 722 924 568 890 369 841 792 242 433 368 704 457 877 921 251 700 911 413 420 394 428 180 225 1029 260 155 629 170 655 734 191
464 52 588 697 303 591 464 950 904 40 732 549 322 500 619 910 812 1097 458 784 500 724 546 881 776 245 0 933 955 822 897 773 912 871 960 1252 965 438 1208 992 144 937 815 1093 327 803 1114 1095 522 753 860 802 418 1152 1241 1091 887 459 892 308 876 378 416 88 207 1015 793 302 1173 111 479 239 1049 732 927 1058 578 717 913 1098 801 835 449 940 886 382 597 610 857 700 814 1004 206 897 1035 601 383 416 646 97 192 1170 190 275 812 322 792 956 54
730 955 787 460 668 470 899 381 235 973 519 587 665 457 484 418 281 563 482 332 433 322 396 51 189 701 933 0 559 112 256 1016 227 1051 637 668 220 514 557 211 798 17 835 734 849 186 641 404 917 287 421 970 754 712 623 583 395 713 675 956 411 910 972 848 897 539 1013 716 634 846 767 731 658 1005 21 367 790 548 274 444 132 1117 645 676 670 593 441 340 440 276 1126 775 816 243 631 385 839 743 294 843 805 640 839 675 311 626 490 90 882
523 947 470 272 838 383 647 184 773 986 222 407 635 712 346 141 775 155 584 277 600 339 656 548 636 823 955 559 0 522 302 587 768 580 81 302 354 571 293 378 877 576 367 187 694 664 159 276 627 346 153 521 572 208 302 140 167 520 156 795 155 711 746 871 805 74 574 653 220 843 534 717 115 597 577 272 480 238 285 242 554 676 507 131 156 589 393 653 140 675 697 219 759 315 91 436 650 568 504 860 766 216 780 696 276 661 168 480 924
625 843 691 375 563 369 794 361 252 862 442 486 552 355 388 383 257 557 369 263 321 234 292 62 125 593 822 112 522 0 232 928 248 970 595 682 233 401 580 240 689 121 760 707 738 144 629 425 815 204 373 887 647 699 642 574 355 607 619 845 368 801 864 736 784 518 927 604 636 734 664 618 631 915 111 385 693 468 254 459 38 1030 538 628 613 481 338 241 390 197 1037 729 703 220 604 277 731 636 181 731 692 640 727 562 251 513 424 148 771
576 905 596 263 693 326 739 129 475 935 299 426 585 514 319 161 489 325 448 127 431 173 449 248 355 703 897 256 302 232 0 797 470 819 380 456 81 460 363 114 784 274 599 480 726 377 397 217 743 144 169 743 613 467 421 341 139 563 423 837 156 772 826 808 805 287 790 625 405 794 606 665 404 793 274 175 602 330 23 239 268 896 511 421 419 517 310 422 189 413 909 518 736 13 377 296 702 604 290 800 732 409 760 621 96 575 253 182 853
385 735 257 555 863 571 309 733 1158 783 500 463 588 881 544 672 1114 728 711 687 771 695 863 981 991 808 773 1016 587 928 797 0 1159 99 524 837 874 669 870 906 791 1031 221 583 451 1027 683 859 251 728 638 72 406 672 859 704 676 402 433 477 656 396 372 728 566 659 24 554 761 685 346 623 596 42 1026 847 261 469 793 829 941 101 472 472 432 610 603 903 619 977 112 450 588 807 603 676 398 416 795 716 612 753 594 656 713 661 544 968 778
826 945 912 616 616 588 990 599 11 953 686 703 706 413 615 628 108 787 515 512 451 477 375 222 170 667 912 227 768 248 470 1159 0 1208 842 896 445 557 784 438 769 211 1002 950 910 134 864 631 1019 451 621 1123 838 934 851 806 601 807 868 1008 615 981 1047 836 927 757 1160 761 861 847 867 754 874 1142 206 595 913 711 490 671 224 1261 733 876 862 640 556 312 639 217 1265 977 843 456 847 486 914 826 368 835 826 866 864 692 500 648 672 317 858
467 833 332 594 949 627 407 741 1208 881 531 526 673 954 595 682 1170 709 783 719 840 735 930 1020 1042 896 871 1051 580 970 819 99 1208 0 509 804 893 743 850 924 884 1067 220 545 546 1078 655 856 349 767 653 87 494 634 831 684 690 483 424 576 670 494 471 824 664 649 77 643 732 781 431 713 570 141 1063 849 338 503 812 822 987 110 548 455 425 689 658 966 634 1036 141 413 683 830 581 732 493 502 849 811 706 723 690 742 742 744 566 996 874
511 947 437 305 868 412 617 265 846 989 241 412 646 758 372 219 844 204 618 340 642 397 706 624 705 847 960 637 81 595 380 524 842 509 0 328 435 601 346 460 893 655 302 139 680 733 171 352 591 408 221 455 560 193 341 180 242 510 93 775 227 688 716 879 797 140 509 657 247 848 515 726 91 538 654 351 448 247 364 315 625 608 510 53 96 607 427 708 205 738 631 138 758 393 85 480 632 558 560 867 768 240 779 711 345 680 204 560 933
826 1246 765 558 1110 667 944 340 903 1285 521 707 930 956 635 356 936 156 854 509 856 579 894 681 808 1104 1252 668 302 682 456 837 896 804 328 0 453 849 118 457 1167 684 619 259 996 825 157 264 919 569 401 765 874 171 52 162 385 822 420 1097 389 1011 1043 1167 1107 237 819 952 82 1141 835 1013 243 856 689 301 775 539 433 225 720 911 808 372 424 879 670 874 400 870 937 391 1059 466 243 697 952 870 733 1156 1065 88 1081 987 492 949 460 578 1219
657 975 677 344 747 405 821 170 452 1003 379 507 657 556 400 219 483 343 510 208 485 247 491 227 359 761 965 220 354 233 81 874 445 893 435 453 0 526 347 32 847 236 673 520 805 373 422 192 825 214 239 819 693 493 411 364 204 644 488 916 224 853 907 876 881 324 867 700 415 864 688 736 444 872 240 152 683 410 81 228 272 973 591 480 485 589 386 454 259 429 987 574 810 75 418 364 782 684 337 869 805 421 834 690 177 642 330 132 919
292 451 412 299 267 189 442 526 552 477 360 228 152 211 228 495 482 694 44 353 110 289 200 463 392 254 438 514 571 401 460 669 557 743 601 849 526 0 789 553 325 522 584 740 352 427 728 665 480 316 448 656 291 780 830 694 467 273 562 452 461 424 490 349 383 617 678 206 776 339 334 218 681 642 512 626 408 359 477 673 389 765 199 600 555 83 179 253 449 344 761 688 302 459 660 164 359 279 220 342 290 775 325 165 379 116 403 524 393
805 1206 763 511 1042 616 938 263 792 1242 489 673 885 875 589 297 830 142 788 437 782 506 811 573 706 1042 1208 557 293 580 363 870 784 850 346 118 347 789 0 347 1112 572 648 324 973 720 200 155 920 490 347 800 851 247 68 166 322 798 439 1079 331 998 1036 1120 1078 219 854 912 133 1098 820 968 280 884 578 195 772 513 340 123 619 952 773 398 440 827 614 785 351 772 976 443 1022 372 268 629 934 846 650 1110 1025 143 1045 936 416 894 425 467 1171
689 1003 710 377 769 436 853 194 446 1030 411 539 687 574 432 246 483 356 536 240 508 277 509 226 364 785 992 211 378 240 114 906 438 924 460 457 32 553 347 0 872 227 703 539 836 375 437 193 858 243 270 850 725 508 413 378 233 676 516 947 253 885 939 903 911 344 898 729 424 892 720 765 464 903 232 156 716 442 113 232 279 1004 622 506 513 617 417 470 289 438 1019 598 839 107 438 392 814 715 359 896 834 431 863 717 209 670 361 121 946
435 183 572 609 160 499 487 850 760 183 656 482 248 357 532 816 668 1010 336 678 369 614 406 746 635 102 144 798 877 689 784 791 769 884 893 1167 847 325 1112 872 0 802 792 1031 344 662 1036 990 544 640 767 807 397 1081 1150 1007 790 425 836 371 782 414 467 87 258 931 808 253 1090 124 462 178 979 752 791 951 562 646 802 997 665 865 392 881 829 288 498 469 766 558 849 955 205 782 962 489 393 391 518 95 180 1088 205 181 704 218 710 827 89
742 960 801 475 669 483 911 398 220 978 535 600 673 457 498 435 270 580 489 348 438 337 398 58 185 704 937 17 576 121 274 1031 211 1067 655 684 236 522 572 227 802 0 851 752 859 178 658 419 930 302 438 986 766 729 639 600 412 725 693 966 428 921 983 853 905 557 1028 725 651 852 780 739 676 1020 11 383 804 564 292 460 136 1133 657 694 688 602 454 340 458 272 1142 792 824 261 649 396 851 755 302 849 812 657 847 681 328 633 506 106 886
356 788 226 386 823 437 384 521 1003 835 317 356 554 788 400 461 973 506 619 503 669 525 755 806 840 780 815 835 367 760 599 221 1002 220 302 619 673 584 648 703 792 851 0 372 493 875 463 641 341 555 433 154 399 458 639 482 469 367 211 562 449 471 477 750 620 438 207 539 542 710 336 614 377 237 848 631 237 291 592 609 779 309 411 251 211 549 467 782 413 843 330 241 610 610 382 540 438 403 654 737 629 533 625 626 524 614 347 777 804
638 1078 549 444 1008 551 728 353 955 1121 381 549 783 895 512 323 961 204 758 464 779 526 841 728 823 986 1093 734 187 707 480 583 950 545 139 259 520 740 324 539 1031 752 372 0 804 849 125 389 695 533 341 511 687 89 291 175 352 639 203 894 342 804 826 1014 924 195 564 792 194 982 637 861 76 606 753 403 560 385 461 344 740 653 644 153 209 746 566 840 328 863 680 133 890 493 103 616 754 685 691 1002 901 184 910 849 464 819 341 651 1068
170 295 268 476 443 400 143 739 905 343 484 306 207 534 408 687 832 846 394 599 460 560 545 800 744 380 327 849 694 738 726 451 910 546 680 996 805 352 973 836 344 859 493 804 0 779 846 889 200 596 636 475 122 873 994 834 670 175 601 111 655 78 143 277 126 762 469 153 914 234 166 196 771 411 850 858 257 460 736 881 732 521 214 651 595 269 421 603 627 695 504 700 138 730 762 464 56 127 560 265 164 909 143 248 630 277 549 840 327
692 833 779 489 517 455 857 506 132 844 561 569 578 305 483 526 112 702 386 395 324 353 257 151 36 561 803 186 664 144 377 1027 134 1078 733 825 373 427 720 375 662 178 875 849 779 0 774 565 885 330 512 992 705 843 784 718 497 673 751 879 508 849 915 724 803 662 1028 632 780 730 733 630 773 1009 168 526 779 584 399 601 109 1128 599 763 745 510 423 193 528 105 1132 865 719 365 747 352 782 693 234 721 703 785 741 569 388 523 553 264 750
676 1104 609 429 994 541 788 267 870 1145 381 565 794 858 505 257 886 84 738 411 750 480 800 642 751 981 1114 641 159 629 397 683 864 655 171 157 422 728 200 437 1036 658 463 125 846 774 0 271 763 478 290 611 725 70 176 58 288 673 263 944 284 857 888 1030 960 116 665 812 78 1002 683 876 86 700 661 290 619 396 375 225 665 760 665 215 266 748 549 790 283 800 785 244 916 409 85 586 800 721 643 1019 924 70 938 855 403 820 327 554 1083
726 1099 709 413 908 507 875 150 639 1132 412 583 776 731 487 205 675 187 658 312 646 376 666 418 551 913 1095 404 276 425 217 859 631 856 352 264 192 665 155 193 990 419 641 389 889 565 271 0 866 354 254 794 769 338 219 214 218 717 432 998 234 924 969 1007 983 213 847 809 240 988 748 858 322 866 425 42 717 441 195 46 464 950 680 405 431 713 498 637 266 619 970 479 921 223 300 501 856 762 507 998 920 248 944 820 285 776 349 313 1055
193 484 158 480 631 446 58 720 1016 532 456 329 366 685 435 662 956 782 524 618 589 600 681 874 849 571 522 917 627 815 743 251 1019 349 591 919 825 480 920 858 544 930 341 695 200 885 763 866 0 637 616 284 189 775 928 764 654 212 501 231 635 145 137 478 315 701 271 323 838 435 152 384 680 211 923 843 149 426 747 847 818 321 287 551 497 406 476 731 601 817 306 574 339 751 677 539 151 201 653 465 364 831 344 426 649 441 518 889 526
457 762 502 173 554 197 625 229 452 791 237 309 443 387 202 221 437 422 305 69 292 37 325 253 299 560 753 287 346 204 144 728 451 767 408 569 214 316 490 243 640 302 555 533 596 330 478 354 637 0 192 684 489 543 540 430 190 442 420 707 194 648 706 664 668 361 726 486 506 650 492 522 460 718 297 313 505 264 162 368 227 830 383 435 414 375 174 311 206 329 839 536 595 143 434 152 577 479 165 656 590 507 619 477 76 431 222 252 709
472 859 460 165 710 269 621 105 625 895 159 331 537 567 242 50 623 246 453 123 460 189 509 404 484 703 860 421 153 373 169 638 621 653 221 401 239 448 347 270 767 438 433 341 636 512 290 254 616 192 0 580 516 352 383 248 38 463 254 745 19 669 716 773 734 174 629 566 329 751 494 621 267 638 437 227 468 189 159 244 403 735 430 256 250 481 269 502 19 522 751 356 676 182 242 298 602 509 354 763 678 329 699 590 123 549 98 351 824
383 767 247 511 866 540 340 672 1123 815 450 438 590 867 509 612 1084 658 696 639 753 652 843 938 957 815 802 970 521 887 743 72 1123 87 455 765 819 656 800 850 807 986 154 511 475 992 611 794 284 684 580 0 413 599 788 634 618 399 365 516 598 430 415 750 596 592 54 562 690 708 349 634 525 102 981 784 253 421 738 763 903 155 463 402 365 604 572 879 561 949 176 377 608 754 533 645 420 421 763 737 631 681 618 660 663 660 490 918 802
49 395 175 358 456 291 152 619 834 441 362 187 182 496 293 566 770 724 335 485 401 452 492 708 669 402 418 754 572 647 613 406 838 494 560 874 693 291 851 725 397 766 399 687 122 705 725 769 189 489 516 413 0 754 872 712 550 53 484 229 535 159 218 350 237 640 420 148 793 311 65 221 652 372 757 739 165 338 621 760 646 493 109 534 478 217 316 544 506 631 484 589 212 618 641 369 88 11 476 337 229 788 228 249 517 256 427 738 405
705 1140 625 480 1047 591 805 337 940 1182 425 604 837 919 553 322 956 153 793 475 808 542 861 713 820 1031 1152 712 208 699 467 672 934 634 193 171 493 780 247 508 1081 729 458 89 873 843 70 338 775 543 352 599 754 0 207 129 353 704 275 967 348 879 904 1071 991 182 653 850 114 1040 708 917 102 693 732 360 636 436 445 292 734 742 702 224 280 794 601 854 343 868 769 222 952 479 119 644 825 751 706 1059 961 104 972 900 469 866 376 625 1124
825 1237 772 544 1088 652 949 311 859 1275 514 699 918 927 622 335 894 148 832 483 831 553 864 638 768 1084 1241 623 302 642 421 859 851 831 341 52 411 830 68 413 1150 639 639 291 994 784 176 219 928 540 383 788 872 207 0 163 363 820 434 1097 369 1013 1048 1155 1103 232 842 943 98 1130 837 1001 262 876 644 258 782 535 397 183 681 937 801 389 437 864 652 842 384 833 962 419 1051 430 257 674 952 868 703 1144 1056 108 1074 973 465 933 451 533 1206
664 1084 608 398 957 509 786 212 813 1123 358 544 769 814 475 209 831 28 701 365 708 434 754 585 696 948 1091 583 140 574 341 704 806 684 180 162 364 694 166 378 1007 600 482 175 834 718 58 214 764 430 248 634 712 129 163 0 240 660 274 936 239 851 885 1006 945 76 688 790 83 979 675 852 117 718 603 232 618 377 319 168 610 786 645 231 276 719 514 741 244 748 810 280 897 353 102 546 791 708 596 995 903 81 919 827 354 790 299 496 1058
507 887 499 195 725 295 659 68 605 922 197 364 564 574 271 31 609 234 469 125 471 194 514 381 471 721 887 395 167 355 139 676 601 690 242 385 204 467 322 233 790 412 469 352 670 497 288 218 654 190 38 618 550 353 363 240 0 498 285 779 20 705 752 799 766 171 667 595 317 778 530 648 276 676 412 190 506 227 126 213 388 773 462 282 281 505 291 501 56 514 789 380 706 152 250 311 637 543 355 789 707 318 729 614 115 572 137 321 849
19 440 153 306 467 245 186 566 804 484 309 136 191 483 243 513 744 671 317 435 380 405 473 668 637 418 459 713 520 607 563 402 807 483 510 822 644 273 798 676 425 725 367 639 175 673 673 717 212 442 463 399 53 704 820 660 498 0 436 282 482 209 264 387 287 587 413 172 741 350 61 247 602 371 717 687 145 285 571 707 609 494 75 485 430 208 272 520 453 605 489 544 253 569 590 330 139 48 441 374 268 736 272 263 467 260 374 693 442
435 876 350 284 826 378 529 325 871 920 210 354 588 737 337 269 858 296 585 356 617 401 690 656 719 799 892 675 156 619 423 433 868 424 93 420 488 562 439 516 836 693 211 203 601 751 263 432 501 420 254 365 484 275 434 274 285 436 0 692 267 603 629 815 721 227 418 593 340 781 434 664 179 445 691 426 361 203 411 399 645 519 446 50 7 557 400 701 235 742 541 126 688 436 178 461 551 483 557 803 700 332 708 656 368 629 198 606 869
274 264 347 586 498 511 179 848 1002 311 590 416 301 619 518 795 926 949 493 710 557 671 637 907 845 431 308 956 795 845 837 477 1008 576 775 1097 916 452 1079 947 371 966 562 894 111 879 944 998 231 707 745 516 229 967 1097 936 779 282 692 0 764 91 108 289 113 865 499 247 1014 247 261 266 867 435 957 968 335 565 847 989 838 529 325 743 687 369 532 698 735 792 507 783 182 841 859 573 144 236 666 278 207 1009 171 326 741 363 655 950 327
491 875 480 182 721 284 641 85 619 911 179 349 554 575 258 34 620 235 464 127 469 195 515 396 481 715 876 411 155 368 156 656 615 670 227 389 224 461 331 253 782 428 449 342 655 508 284 234 635 194 19 598 535 348 369 239 20 482 267 764 0 689 735 789 752 167 647 583 319 767 513 637 267 656 428 207 487 209 145 226 399 753 448 265 262 496 283 505 36 522 769 364 693 169 241 308 621 528 358 779 695 319 717 605 122 564 117 339 839
198 339 256 515 520 451 89 774 976 386 512 346 283 611 453 719 906 865 468 645 533 612 620 863 814 456 378 910 711 801 772 396 981 494 688 1011 853 424 998 885 414 921 471 804 78 849 857 924 145 648 669 430 159 879 1013 851 705 209 603 91 689 0 66 341 171 782 417 230 929 297 177 274 779 355 913 895 244 485 780 911 798 458 266 654 598 342 475 677 658 768 439 692 209 778 772 524 71 169 626 328 235 923 208 327 676 354 577 897 386
250 372 279 566 582 509 99 820 1042 419 556 400 350 678 508 764 972 901 534 699 600 669 687 926 879 516 416 972 746 864 826 372 1047 471 716 1043 907 490 1036 939 467 983 477 826 143 915 888 969 137 706 716 415 218 904 1048 885 752 264 629 108 735 66 0 390 214 818 394 297 961 347 221 337 807 329 975 942 268 528 833 955 861 421 327 679 624 408 534 743 703 835 398 708 266 832 802 586 133 229 690 378 293 955 262 392 730 421 621 956 431
394 108 525 610 242 504 420 862 829 127 648 466 236 424 532 823 739 1011 370 695 415 635 466 796 695 177 88 848 871 736 808 728 836 824 879 1167 876 349 1120 903 87 853 750 1014 277 724 1030 1007 478 664 773 750 350 1071 1155 1006 799 387 815 289 789 341 390 0 176 929 747 222 1089 43 414 154 968 688 842 969 515 635 824 1010 716 797 369 862 808 294 509 530 770 622 779 929 141 808 953 512 330 347 559 12 121 1086 134 187 723 233 707 869 54
286 170 394 570 390 480 257 833 921 218 589 404 231 527 496 785 840 955 419 682 479 633 553 846 770 322 207 897 805 784 805 566 927 664 797 1107 881 383 1078 911 258 905 620 924 126 803 960 983 315 668 734 596 237 991 1103 945 766 287 721 113 752 171 214 176 0 871 586 183 1026 134 290 173 889 525 895 950 383 568 818 979 772 628 304 771 715 303 495 615 727 710 608 824 84 808 877 523 182 239 603 165 104 1022 65 235 712 279 652 901 217
592 1008 544 321 882 432 720 158 763 1047 283 469 693 742 399 140 774 84 625 295 634 363 683 535 638 871 1015 539 74 518 287 659 757 649 140 237 324 617 219 344 931 557 438 195 762 662 116 213 701 361 174 592 640 182 232 76 171 587 227 865 167 782 818 929 871 0 645 714 159 903 605 775 120 670 558 216 553 303 267 174 553 746 570 193 227 642 438 673 169 685 768 267 821 300 94 472 720 635 526 919 827 157 844 751 286 713 222 455 982
396 756 266 553 876 574 329 723 1160 804 495 467 601 890 545 662 1117 712 719 683 778 693 870 979 992 822 793 1013 574 927 790 24 1160 77 509 819 867 678 854 898 808 1028 207 564 469 1028 665 847 271 726 629 54 420 653 842 688 667 413 418 499 647 417 394 747 586 645 0 569 744 704 358 639 579 65 1024 836 270 465 786 816 941 105 481 456 418 621 606 908 611 981 123 430 606 801 587 679 416 429 797 734 629 735 613 669 708 673 537 963 797
183 294 321 400 309 302 272 661 756 333 431 246 54 381 324 616 680 797 246 503 310 452 393 666 598 253 302 716 653 604 625 554 761 643 657 952 700 206 912 729 253 725 539 792 153 632 812 809 323 486 566 562 148 850 943 790 595 172 593 247 583 230 297 222 183 714 569 0 872 190 213 74 747 519 715 774 312 415 638 808 594 638 147 640 586 123 315 452 560 545 626 707 111 627 732 340 177 141 423 210 113 869 135 103 533 124 492 718 276
744 1166 683 481 1039 591 862 281 868 1206 441 626 852 892 558 287 893 83 782 443 788 512 831 641 761 1030 1173 634 220 636 405 761 861 732 247 82 415 776 133 424 1090 651 542 194 914 780 78 240 838 506 329 690 793 114 98 83 317 741 340 1014 319 929 961 1089 1026 159 744 872 0 1062 753 935 165 779 655 269 693 459 382 195 673 838 727 293 343 802 596 815 326 817 864 320 979 416 162 627 870 789 671 1078 985 10 1001 910 429 873 382 545 1141
357 111 485 586 268 483 377 842 839 144 621 437 213 435 508 801 752 986 365 678 414 620 473 795 700 201 111 846 843 734 794 685 847 781 848 1141 864 339 1098 892 124 852 710 982 234 730 1002 988 435 650 751 708 311 1040 1130 979 778 350 781 247 767 297 347 43 134 903 704 190 1062 0 374 130 938 645 842 952 474 606 809 990 716 754 338 829 775 276 490 537 747 630 736 894 100 794 923 499 288 308 555 31 82 1059 90 174 706 223 680 863 94
42 454 110 345 518 297 133 599 864 500 335 182 242 544 290 543 805 688 378 479 442 455 534 724 697 465 479 767 534 664 606 346 867 431 515 835 688 334 820 720 462 780 336 637 166 733 683 748 152 492 494 349 65 708 837 675 530 61 434 261 513 177 221 414 290 605 358 213 753 374 0 286 607 313 773 721 100 308 612 735 666 436 137 485 429 267 326 582 482 666 429 533 274 613 598 387 117 71 501 401 293 748 289 311 510 314 400 744 468
258 240 395 457 247 353 331 712 747 274 494 313 83 355 379 671 666 857 249 548 307 491 379 680 597 186 239 731 717 618 665 623 754 713 726 1013 736 218 968 765 178 739 614 861 196 630 876 858 384 522 621 634 221 917 1001 852 648 247 664 266 637 274 337 154 173 775 639 74 935 130 286 0 814 586 728 822 386 481 680 860 604 704 217 710 657 147 360 441 617 536 690 780 89 666 799 372 234 214 437 143 73 932 110 61 577 106 553 742 207
603 1037 528 382 948 491 707 277 879 1079 324 501 734 827 453 247 885 145 695 391 713 455 771 652 747 930 1049 658 115 631 404 596 874 570 91 243 444 681 280 464 979 676 377 76 771 773 86 322 680 460 267 525 652 102 262 117 276 602 179 867 267 779 807 968 889 120 579 747 165 938 607 814 0 614 677 333 538 333 384 279 664 674 599 130 183 692 504 768 255 789 699 163 849 417 26 550 724 649 620 956 858 156 869 798 389 765 277 575 1022
353 693 233 545 828 553 269 735 1141 741 494 441 555 853 528 674 1093 742 684 680 745 683 837 969 973 772 732 1005 597 915 793 42 1142 141 538 856 872 642 884 903 752 1020 237 606 411 1009 700 866 211 718 638 102 372 693 876 718 676 371 445 435 656 355 329 688 525 670 65 519 779 645 313 586 614 0 1015 851 235 463 790 837 926 123 443 487 444 580 585 879 619 956 123 473 548 803 619 657 359 382 776 676 573 771 554 621 706 628 542 960 737
734 950 795 470 658 476 904 400 214 967 531 593 663 446 492 436 261 583 479 345 427 331 387 49 174 693 927 21 577 111 274 1026 206 1063 654 689 240 512 578 232 791 11 848 753 850 168 661 425 923 297 437 981 757 732 644 603 412 717 691 957 428 913 975 842 895 558 1024 715 655 842 773 728 677 1015 0 388 798 560 293 465 125 1128 648 693 686 592 446 329 456 261 1136 792 814 261 650 388 842 746 292 838 802 661 837 671 325 623 504 111 875
697 1062 687 382 867 471 849 122 602 1095 387 552 739 689 453 181 635 207 618 274 604 336 624 380 511 873 1058 367 272 385 175 847 595 849 351 301 152 626 195 156 951 383 631 403 858 526 290 42 843 313 227 784 739 360 258 232 190 687 426 968 207 895 942 969 950 216 836 774 269 952 721 822 333 851 388 0 695 416 153 76 423 940 647 403 424 676 462 595 241 578 959 483 886 181 309 462 827 732 465 961 885 276 910 783 246 738 324 277 1017
130 550 11 340 612 326 168 572 911 597 309 210 337 620 306 513 860 635 450 479 510 469 602 750 742 563 578 790 480 693 602 261 913 338 448 775 683 408 772 716 562 804 237 560 257 779 619 717 149 505 468 253 165 636 782 618 506 145 361 335 487 244 268 515 383 553 270 312 693 474 100 386 538 235 798 695 0 279 604 698 701 358 211 411 356 351 357 644 453 722 357 448 374 610 533 427 202 171 545 502 393 687 388 407 508 406 370 755 568
291 708 271 95 624 175 433 294 712 748 31 168 400 535 134 236 684 387 381 217 415 234 491 517 550 601 717 548 238 468 330 469 711 503 247 539 410 359 513 442 646 564 291 385 460 584 396 441 426 264 189 421 338 436 535 377 227 285 203 565 209 485 528 635 568 303 465 415 459 606 308 481 333 463 560 416 279 0 329 426 487 570 269 241 196 360 198 507 175 559 582 330 520 340 317 264 421 333 370 623 527 455 542 464 243 433 92 498 688
583 921 598 267 714 338 745 108 496 951 298 434 599 536 328 145 512 302 467 136 451 189 472 268 378 722 913 274 285 254 23 793 490 812 364 433 81 477 340 113 802 292 592 461 736 399 375 195 747 162 159 738 621 445 397 319 126 571 411 847 145 780 833 824 818 267 786 638 382 809 612 680 384 790 293 153 604 329 0 216 291 891 521 406 407 533 323 445 179 437 906 503 749 34 357 313 710 612 312 816 746 386 773 637 105 591 248 196 870
715 1100 690 408 922 507 859 148 679 1134 399 576 777 752 484 194 711 141 669 319 661 387 688 456 585 924 1098 444 242 459 239 829 671 822 315 225 228 673 123 232 997 460 609 344 881 601 225 46 847 368 244 763 760 292 183 168 213 707 399 989 226 911 955 1010 979 174 816 808 195 990 735 860 279 837 465 76 698 426 216 0 497 918 674 368 398 716 502 662 253 649 939 438 919 248 258 511 845 753 527 1001 920 202 942 825 296 782 334 354 1060
626 824 700 393 535 375 795 397 225 841 462 492 541 325 398 416 221 594 354 289 302 253 264 81 87 568 801 132 554 38 268 941 224 987 625 720 272 389 619 279 665 136 779 740 732 109 665 464 818 227 403 903 646 734 681 610 388 609 645 838 399 798 861 716 772 553 941 594 673 716 666 604 664 926 125 423 701 487 291 497 0 1043 537 656 640 470 344 209 420 159 1049 757 691 257 638 279 728 634 172 712 678 678 713 546 280 498 449 183 749
476 793 355 657 947 673 378 828 1260 840 600 563 676 977 645 768 1215 811 808 788 868 797 960 1083 1092 890 835 1117 676 1030 896 101 1261 110 608 911 973 765 952 1004 865 1133 309 653 521 1128 760 950 321 830 735 155 493 742 937 786 773 494 519 529 753 458 421 797 628 746 105 638 838 754 436 704 674 123 1128 940 358 570 891 918 1043 0 566 555 520 703 705 1002 716 1077 33 520 660 907 684 777 472 503 896 785 685 829 664 740 813 749 643 1068 844
94 439 216 266 411 186 258 529 729 479 287 101 145 410 194 481 668 654 242 385 305 346 397 599 562 369 449 645 507 538 511 472 733 548 510 808 591 199 773 622 392 657 411 644 214 599 665 680 287 383 430 463 109 702 801 645 462 75 446 325 448 266 327 369 304 570 481 147 727 338 137 217 599 443 648 647 211 269 521 674 537 566 0 492 439 141 208 445 422 529 562 563 251 516 585 260 195 98 368 357 258 724 273 216 416 203 349 630 424
484 925 400 313 866 414 580 312 880 968 242 399 633 768 373 261 872 256 621 368 650 419 719 660 733 841 940 676 131 628 421 472 876 455 53 372 480 600 398 506 881 694 251 153 651 763 215 405 551 435 256 402 534 224 389 231 282 485 50 743 265 654 679 862 771 193 456 640 293 829 485 710 130 487 693 403 411 241 406 368 656 555 492 0 56 599 432 726 237 761 578 101 737 434 131 490 601 532 579 850 748 285 757 700 376 672 218 602 916
429 870 345 277 819 371 525 322 865 913 202 347 581 730 330 266 851 298 578 350 610 394 683 650 713 792 886 670 156 613 419 432 862 425 96 424 485 555 440 513 829 688 211 209 595 745 266 431 497 414 250 365 478 280 437 276 281 430 7 687 262 598 624 808 715 227 418 586 343 775 429 657 183 444 686 424 356 196 407 398 640 520 439 56 0 550 392 694 230 735 541 133 682 432 181 454 545 476 550 796 693 336 701 649 363 622 192 601 863
226 388 357 320 275 211 365 568 635 419 368 204 71 279 243 530 563 722 125 401 191 344 279 543 475 242 382 593 589 481 517 610 640 689 607 879 589 83 827 617 288 602 549 746 269 510 748 713 406 375 481 604 217 794 864 719 505 208 557 369 496 342 408 294 303 642 621 123 802 276 267 147 692 580 592 676 351 360 533 716 470 703 141 599 550 0 214 335 479 426 696 679 225 518 675 224 279 205 299 285 217 800 248 109 430 72 421 598 343
288 600 356 122 445 31 458 353 555 633 190 148 277 337 67 317 511 515 191 188 217 139 293 398 387 433 597 441 393 338 310 603 556 658 427 670 386 179 614 417 498 454 467 566 421 423 549 498 476 174 269 572 316 601 652 514 291 272 400 532 283 475 534 509 495 438 606 315 596 490 326 360 504 585 446 462 357 198 323 502 344 705 208 432 392 214 0 315 270 377 708 526 426 312 483 73 404 305 191 499 424 595 450 323 218 280 226 422 557
540 639 646 417 329 344 696 535 305 650 493 441 397 116 382 532 228 732 209 378 143 313 64 290 166 368 610 340 653 241 422 903 312 966 708 874 454 253 785 470 469 340 782 840 603 193 790 637 731 311 502 879 544 854 842 741 501 520 701 698 505 677 743 530 615 673 908 452 815 537 582 441 768 879 329 595 644 507 445 662 209 1002 445 726 694 335 315 0 513 94 1001 824 531 414 743 244 613 532 148 528 513 817 552 380 387 336 507 389 556
461 854 445 160 713 267 608 119 642 891 146 323 534 575 238 60 639 244 456 137 466 199 518 422 500 704 857 440 140 390 189 619 639 634 205 400 259 449 351 289 766 458 413 328 627 528 283 266 601 206 19 561 506 343 384 244 56 453 235 735 36 658 703 770 727 169 611 560 326 747 482 617 255 619 456 241 453 175 179 253 420 716 422 237 230 479 270 513 0 535 732 338 670 201 230 303 591 499 365 760 673 325 693 588 139 548 83 371 821
624 731 723 465 412 409 783 537 211 741 540 514 490 201 443 545 139 736 300 398 235 342 157 231 87 457 700 276 675 197 413 977 217 1036 738 870 429 344 772 438 558 272 843 863 695 105 800 619 817 329 522 949 631 868 833 748 514 605 742 792 522 768 835 622 710 685 981 545 817 630 666 536 789 956 261 578 722 559 437 649 159 1077 529 761 735 426 377 94 535 0 1079 862 626 403 763 304 703 619 189 620 608 821 646 474 400 430 544 341 646
470 771 355 666 936 677 362 845 1264 818 612 564 666 972 651 785 1216 834 804 799 866 805 958 1091 1096 877 814 1126 697 1037 909 112 1265 141 631 937 987 761 976 1019 849 1142 330 680 504 1132 785 970 306 839 751 176 484 769 962 810 789 489 541 507 769 439 398 779 608 768 123 626 864 736 429 690 699 123 1136 959 357 582 906 939 1049 33 562 578 541 696 708 1001 732 1079 0 547 643 920 708 780 457 494 899 767 669 855 646 729 825 740 657 1080 825
