198
0 948 273 795 822 1076 506 416 288 728 630 647 540 1133 752 685 932 690 914 486 1044 1198 1073 1120 736 510 923 476 591 1194 707 600 408 898 613 477 833 555 828 1092 1186 819 328 522 1017 1136 713 919 657 832 730 477 864 612 743 349 1147 923 1186 104 298 1034 603 928 495 852 810 217 222 302 552 928 622 851 208 589 953 948 683 369 810 1241 813 873 917 391 591 567 747 844 1032 483 809 206 556 900 128 818 773 775 225 1038 918 1040 959 641 764 984 831 685 1216 688 393 948 531 953 580 363 748 628 943 395 796 334 526 540 713 545 156 801 207 853 606 823 795 930 661 584 841 875 812 823 1209 938 957 1013 721 844 771 674 488 398 919 436 743 400 624 1123 819 753 1195 629 738 269 504 363 896 203 633 85 71 816 129 151 258 950 906 296 787 379 1020 575 740 957 330 843 659 462 526 208 813 839 765 489 568 930 422 232
948 0 707 947 156 681 918 533 820 1018 375 865 675 675 197 768 545 380 943 473 480 560 725 442 327 714 557 827 753 564 902 898 562 205 946 540 629 643 269 459 636 373 811 632 276 489 238 319 818 288 341 812 235 424 400 642 512 548 544 956 649 675 347 307 505 1103 541 732 743 661 846 246 683 110 758 1048 216 117 877 824 966 663 209 526 854 556 366 991 202 1045 693 483 272 782 458 219 842 331 208 236 736 289 87 303 865 950 861 635 1028 485 701 832 582 81 827 276 933 680 514 443 551 649 369 619 600 521 792 654 877 765 786 534 382 126 278 39 819 416 1084 1157 138 796 678 189 65 336 377 820 742 273 775 594 294 518 921 832 597 645 131 408 660 319 286 803 506 707 1002 760 325 863 937 790 826 800 724 34 604 857 173 581 659 552 800 249 686 142 824 884 558 739 905 647 1141 719 380 211 866 769
273 707 0 614 601 813 375 187 152 587 363 463 297 867 509 464 663 417 713 234 770 924 816 846 561 282 655 303 373 921 526 438 146 632 469 203 575 304 642 818 916 545 172 265 748 862 486 646 455 561 458 296 597 340 469 75 873 655 912 333 128 773 361 655 350 712 543 145 193 51 375 660 381 621 66 502 686 729 497 215 633 970 608 604 694 182 382 457 506 686 773 305 623 76 284 633 229 545 517 513 56 768 692 769 734 493 562 721 670 412 948 487 126 721 350 683 438 105 479 355 675 129 523 180 263 267 497 296 170 570 78 585 342 589 526 696 459 414 697 749 579 597 940 674 727 741 448 621 537 441 287 283 648 191 563 244 364 855 576 479 925 400 472 122 364 123 714 190 383 205 240 589 198 174 17 715 643 192 538 127 758 306 523 765 66 589 459 324 255 125 616 584 664 262 330 731 284 62
795 947 614 0 941 508 296 701 513 129 624 151 349 578 813 188 486 579 135 661 640 752 470 755 1009 342 469 322 253 743 89 195 620 757 195 547 346 365 1052 709 674 582 473 401 785 734 848 673 164 664 610 324 719 570 547 584 728 477 749 891 728 467 737 688 892 157 421 760 808 641 245 740 291 928 659 290 780 1035 116 428 20 724 986 464 201 726 828 267 815 97 451 827 1037 629 574 746 821 621 754 717 663 795 990 785 237 167 86 452 80 467 661 135 608 1009 268 731 223 517 433 535 490 510 581 769 428 505 158 363 639 196 624 446 639 889 669 963 161 909 138 212 888 175 670 793 1002 732 574 165 209 805 327 865 695 671 51 396 371 591 851 539 666 793 671 539 907 492 101 803 719 772 726 177 789 773 617 975 415 499 802 645 466 443 147 1135 554 807 159 334 473 737 57 332 241 357 736 1091 372 605
822 156 601 941 0 758 863 416 730 994 323 838 631 766 127 754 604 363 959 373 576 680 797 562 174 664 612 770 720 683 883 860 462 285 908 463 656 602 139 570 743 409 727 582 395 606 115 397 795 330 337 756 295 377 408 544 628 604 664 820 524 744 246 390 356 1092 568 604 608 552 802 336 657 47 644 998 320 127 855 748 961 777 64 571 879 434 230 941 126 1038 759 343 133 673 394 299 708 367 195 238 622 413 97 424 897 916 856 697 1020 475 805 815 484 127 780 372 889 594 525 408 613 567 397 488 549 465 782 611 769 775 678 573 317 65 301 123 797 265 1073 1143 59 808 784 291 138 444 373 834 748 162 721 449 375 410 908 761 573 737 107 419 765 201 275 708 356 624 1008 626 241 736 819 801 696 671 617 142 651 769 147 474 726 511 795 194 592 178 802 823 503 614 906 674 1111 665 272 151 799 664
1076 681 813 508 758 0 702 774 804 634 560 549 540 70 655 447 167 476 413 695 211 258 52 306 900 577 168 659 521 248 532 613 721 481 647 631 245 521 897 263 167 363 768 553 421 267 721 364 504 430 468 650 463 535 406 745 252 172 260 1146 867 44 680 375 912 643 272 939 979 806 611 435 465 722 878 767 465 796 529 742 516 216 821 222 315 810 781 724 660 579 57 849 889 870 583 466 1041 400 573 532 869 418 757 404 293 628 449 91 569 415 157 488 725 761 614 404 659 713 340 500 156 684 383 882 550 560 437 532 930 339 868 236 591 693 466 713 502 876 628 693 699 343 162 492 746 355 445 344 353 700 621 940 389 737 522 722 451 84 651 391 158 718 516 813 924 712 493 984 641 1017 1023 345 1010 985 826 716 170 816 616 757 56 509 419 925 750 580 507 709 560 926 451 242 749 598 703 882 726 844
506 918 375 296 863 702 0 518 240 223 546 165 245 771 743 255 612 542 426 511 762 904 681 869 880 203 597 92 195 897 213 103 440 767 107 403 471 278 945 828 853 611 207 285 840 864 752 721 200 673 585 107 726 495 547 375 865 602 896 606 502 658 623 736 708 349 502 510 557 416 93 770 269 865 402 137 808 979 197 161 309 908 892 565 456 531 690 83 742 338 647 651 927 366 469 761 550 637 709 684 412 856 936 850 498 135 288 622 325 456 859 223 421 960 98 776 74 304 471 475 620 316 598 552 317 399 268 266 354 369 360 543 547 826 659 921 203 751 337 379 821 377 861 809 959 804 554 389 350 704 142 655 736 499 247 131 340 773 798 547 852 677 633 271 723 272 394 547 621 494 435 372 519 508 372 938 556 216 749 451 649 366 290 1051 330 777 199 51 361 485 325 467 289 199 608 1011 92 346
416 533 187 701 416 774 518 0 330 705 237 560 352 816 336 523 610 314 774 83 685 834 788 740 376 361 606 431 448 832 620 555 81 491 595 161 561 340 455 721 846 448 338 302 617 765 303 532 536 438 344 419 461 242 381 147 780 603 820 438 120 739 187 538 193 824 503 206 230 136 490 527 423 440 227 654 546 544 590 372 721 897 421 552 731 36 195 602 331 787 744 132 436 257 190 495 320 435 359 366 205 638 510 642 765 613 632 685 769 359 889 565 97 539 464 556 568 214 436 274 621 203 424 112 280 225 558 340 352 605 262 538 207 410 397 517 540 235 807 868 399 636 876 529 546 623 348 663 570 261 396 173 527 36 655 394 368 799 403 394 860 217 336 304 208 247 793 243 218 332 405 628 299 272 203 537 610 371 371 68 722 289 581 577 196 428 541 470 242 209 689 575 801 350 152 543 435 250
288 820 152 513 730 804 240 330 0 462 453 362 264 866 626 397 673 486 628 356 802 954 797 892 707 228 662 191 304 949 424 322 268 715 344 282 559 286 784 858 929 597 40 260 818 900 614 706 370 632 531 190 676 415 522 187 907 664 944 379 278 761 484 718 502 589 551 272 317 202 267 734 341 744 163 357 766 855 398 84 529 984 745 616 629 331 523 317 623 572 757 455 765 125 368 713 311 608 619 606 176 837 817 835 671 370 477 714 557 445 951 401 247 844 245 751 311 141 496 416 684 173 577 331 275 322 425 274 131 514 119 595 440 709 604 814 373 563 576 620 701 535 947 759 848 799 511 556 485 567 200 434 713 324 461 117 360 859 690 528 934 530 559 31 516 117 614 307 497 259 224 528 280 267 143 833 638 40 647 263 748 331 452 903 138 691 372 190 294 247 527 563 525 207 458 867 148 107
728 1018 587 129 994 634 223 705 462 0 671 155 369 704 867 252 597 640 259 679 753 872 598 867 1042 346 580 283 274 864 119 150 623 839 118 564 452 394 1094 822 799 666 426 421 882 849 892 765 200 743 677 292 799 616 620 572 845 587 869 829 709 592 772 781 898 126 516 727 774 622 215 828 337 986 621 171 868 1097 141 379 129 850 1033 568 330 724 854 165 868 121 576 836 1078 586 608 830 773 702 817 783 629 893 1053 884 367 93 189 573 112 533 788 188 608 1074 241 824 150 501 515 586 602 503 661 756 452 536 234 387 577 306 580 548 681 947 742 1030 198 927 113 163 944 293 796 877 1068 832 641 289 309 847 309 857 785 679 114 347 423 715 912 615 792 829 734 491 913 471 200 766 760 717 657 293 742 729 586 1044 527 439 862 642 590 483 237 1188 534 876 194 272 500 703 184 440 126 355 765 1145 313 565
630 375 363 624 323 560 546 237 453 671 0 515 308 594 198 435 392 84 657 154 450 597 583 503 390 344 392 454 396 596 561 537 221 269 585 170 382 279 428 484 615 214 439 261 387 528 224 295 473 203 107 439 234 54 154 289 543 387 583 667 352 531 127 302 351 771 305 437 466 327 480 298 336 320 424 679 323 433 533 450 644 664 363 339 589 272 229 622 198 720 539 289 413 438 84 270 551 198 168 153 405 408 390 410 615 593 541 477 702 174 661 494 237 414 459 324 567 312 243 89 404 279 190 348 229 146 465 288 529 473 440 330 31 281 165 376 475 323 752 822 276 507 647 311 413 388 116 534 442 181 403 386 292 205 588 457 252 574 251 169 630 177 109 439 363 337 698 477 97 551 603 499 526 499 380 393 409 487 203 251 513 188 480 517 326 239 479 510 184 434 593 399 788 347 144 474 491 420
647 865 463 151 838 549 165 560 362 155 515 0 215 618 711 113 479 485 268 528 634 766 523 746 888 198 462 171 119 758 63 65 479 691 100 413 332 239 939 702 705 520 322 268 742 734 736 624 51 594 523 173 650 460 469 436 732 468 760 742 579 504 618 640 753 265 382 608 656 491 95 683 182 831 507 222 723 942 36 278 170 759 877 440 290 583 702 175 712 226 492 690 922 477 453 682 670 554 662 629 511 756 898 748 333 90 123 474 209 381 706 60 465 919 117 682 110 367 370 430 485 363 513 622 298 381 111 233 490 209 472 419 525 791 590 875 51 777 247 312 789 214 709 730 914 698 488 224 197 691 175 720 643 532 100 247 268 624 757 465 702 674 580 387 768 341 252 651 605 621 579 209 638 621 465 890 415 351 707 501 498 327 130 1032 404 722 46 192 346 585 166 325 276 211 612 989 226 453
540 675 297 349 631 540 245 352 264 369 308 215 0 601 507 173 412 296 425 314 549 699 534 647 673 45 400 160 97 693 271 229 272 522 277 199 295 32 726 609 666 370 229 52 600 649 525 482 184 428 339 145 481 255 303 248 654 402 689 619 392 497 403 496 543 480 291 440 487 310 172 526 83 628 356 373 563 741 241 208 369 722 667 357 397 379 486 316 506 437 493 478 709 340 240 516 525 393 467 439 353 617 697 613 436 286 280 450 419 213 687 213 262 721 152 535 259 192 243 231 422 173 356 428 83 168 208 20 391 272 337 335 314 589 413 680 188 563 462 527 585 300 683 564 718 569 309 325 239 479 107 520 495 322 304 196 104 595 558 304 671 459 389 274 558 180 440 486 393 490 484 292 493 471 306 696 373 278 508 299 484 122 232 823 231 533 190 220 131 422 336 300 481 62 396 781 215 313
1133 675 867 578 766 70 771 816 866 704 594 618 601 0 670 515 206 510 480 736 195 200 111 269 916 640 212 726 588 191 603 683 768 482 717 679 308 580 905 232 101 388 830 611 406 225 739 368 573 445 496 715 471 575 440 797 206 214 205 1200 914 114 710 376 944 711 323 988 1028 857 679 433 529 727 933 838 459 792 599 805 586 146 830 266 383 853 808 794 675 648 127 884 898 926 626 468 1093 420 589 549 922 399 755 385 359 699 519 152 638 461 87 558 774 757 682 400 728 770 389 542 195 739 410 926 606 608 507 592 990 409 925 283 626 700 485 709 571 903 696 761 708 413 91 487 740 341 478 415 422 722 685 979 391 780 592 787 508 31 659 425 88 744 539 873 956 770 561 1034 670 1072 1082 415 1063 1037 880 710 228 879 628 804 121 561 489 923 805 587 576 776 612 977 521 307 819 660 735 882 792 901
752 197 509 813 127 655 743 336 626 867 198 711 507 670 0 626 494 235 833 275 489 611 689 497 245 542 501 650 594 612 756 736 365 210 783 350 534 477 251 496 660 295 619 459 339 536 72 307 668 225 212 636 205 252 284 445 557 493 595 765 453 636 149 303 337 964 446 538 551 464 678 261 531 122 560 877 260 236 728 636 833 700 178 455 755 361 187 820 6 910 650 301 239 584 274 222 649 255 81 122 539 360 193 368 775 791 729 587 893 348 718 687 386 219 657 298 766 487 400 281 503 457 280 427 427 343 655 487 680 649 588 455 196 84 188 187 670 262 945 1016 78 682 699 234 221 373 248 708 621 83 600 414 288 321 780 647 445 643 67 296 680 128 151 608 342 516 881 567 129 667 740 675 631 605 526 206 535 664 48 383 618 386 667 322 490 110 675 705 381 544 778 552 986 544 183 278 683 572
685 768 464 188 754 447 255 523 397 252 435 113 173 515 626 0 366 393 252 477 521 655 426 633 820 182 350 222 94 648 134 171 445 586 213 365 221 183 863 589 598 413 357 221 632 621 659 514 61 491 427 215 546 381 368 420 620 356 649 772 565 402 548 530 711 338 270 609 657 481 164 575 103 742 519 334 616 851 111 320 209 653 798 327 233 551 640 284 627 284 392 646 848 496 386 577 687 449 570 534 518 644 806 636 274 203 110 367 266 283 603 64 435 826 171 572 217 360 262 346 373 345 408 602 245 318 34 183 529 119 492 305 450 703 490 781 61 723 319 390 701 138 605 625 820 585 391 159 95 616 197 693 534 491 154 293 182 518 666 362 597 604 487 416 726 342 271 655 530 646 622 131 654 634 471 795 304 397 617 473 394 255 59 948 399 626 66 265 288 589 165 214 378 202 548 904 288 470
932 545 663 486 604 167 612 610 673 597 392 479 412 206 494 366 0 308 433 530 156 291 195 270 738 454 16 553 419 285 482 538 561 340 579 472 146 388 741 224 255 199 640 415 317 255 558 227 428 274 301 541 315 369 238 592 254 10 284 996 707 142 513 241 744 639 122 782 821 651 519 301 350 572 729 701 338 656 469 620 500 311 666 59 333 646 614 651 499 574 155 682 732 725 419 325 888 238 414 372 718 322 614 310 333 567 409 92 561 255 284 422 567 622 516 279 583 569 184 335 11 537 218 719 406 402 370 400 793 291 724 79 423 540 306 573 427 708 622 693 545 311 276 360 609 256 278 325 288 535 507 774 252 574 483 606 313 192 497 223 262 552 351 678 756 572 506 827 474 869 884 309 858 832 677 579 72 691 459 597 124 358 361 780 603 430 433 608 408 771 432 156 721 474 536 736 617 700
690 380 417 579 363 476 542 314 486 640 84 485 296 510 235 393 308 0 598 231 370 520 500 432 456 338 309 453 372 518 525 517 285 231 566 214 308 264 482 408 533 134 466 258 333 453 280 228 439 146 45 438 191 77 70 342 466 304 506 735 425 448 206 238 435 731 226 507 539 389 466 248 302 349 482 669 280 458 499 469 598 583 412 256 523 351 308 611 237 676 456 373 469 491 134 228 620 127 177 144 465 353 413 352 546 569 494 394 658 112 578 456 298 433 448 267 552 350 169 70 320 315 110 426 229 164 421 276 577 413 492 247 115 310 120 390 441 403 712 784 309 447 564 275 428 323 33 473 385 244 400 469 230 280 548 470 217 490 273 85 547 251 94 477 447 369 645 549 170 615 657 440 593 566 434 404 328 517 223 319 429 175 432 557 371 238 446 512 195 502 543 325 761 346 227 512 499 470
914 943 713 135 959 413 426 774 628 259 657 268 425 480 833 252 433 598 0 722 576 668 369 690 1048 431 416 438 340 659 212 322 696 743 329 614 314 433 1080 643 580 569 588 472 748 662 877 645 259 655 621 438 708 607 552 672 652 425 668 1008 817 378 779 660 959 232 402 859 906 733 363 716 351 939 764 426 756 1041 232 544 131 625 1010 427 101 802 876 403 835 171 359 893 1066 738 623 730 930 612 765 725 765 754 996 742 121 301 151 376 165 487 557 227 687 1011 382 702 356 610 434 568 433 597 574 854 494 560 218 434 757 184 733 414 678 901 669 963 256 964 219 280 902 151 569 773 1002 688 585 124 214 838 432 944 668 741 179 514 415 498 861 541 568 833 684 651 974 590 80 903 755 885 847 157 898 879 718 974 361 618 814 725 381 494 193 1151 649 808 257 459 534 838 101 297 352 450 784 1106 494 712
486 473 234 661 373 695 511 83 356 679 154 528 314 736 275 477 530 231 722 0 601 750 712 657 369 332 527 420 411 749 585 533 89 412 576 114 490 295 436 637 764 365 355 261 536 682 257 449 498 356 261 406 381 161 299 171 697 524 737 516 199 662 128 455 237 794 427 285 312 189 468 447 374 389 286 648 468 499 555 380 682 814 390 473 672 119 178 594 272 751 668 170 417 309 113 416 399 352 287 289 266 558 461 561 704 591 587 608 733 283 807 525 110 490 443 475 552 222 360 195 542 199 341 195 233 162 511 298 404 547 312 459 125 356 316 462 501 249 776 840 347 580 794 452 494 541 265 607 513 211 378 245 445 52 617 397 309 718 342 312 777 174 255 335 252 254 749 324 149 405 468 572 376 349 250 482 534 396 304 108 645 228 532 549 218 358 504 466 189 284 643 505 784 325 102 512 437 296
1044 480 770 640 576 211 762 685 802 753 450 634 549 195 489 521 156 370 576 601 0 153 261 115 733 593 172 698 568 150 638 692 651 291 734 569 302 521 715 68 171 236 772 542 212 101 560 182 583 270 344 685 285 444 305 696 105 165 142 1098 794 220 551 187 787 791 261 875 909 750 670 241 496 536 837 856 265 597 625 757 653 215 641 197 475 721 644 804 495 726 240 731 710 838 500 277 985 256 409 373 823 207 561 193 467 723 564 201 713 360 229 578 661 562 665 206 737 684 306 420 150 651 260 797 527 503 526 534 914 447 838 219 481 511 313 515 582 735 774 844 519 464 209 293 545 147 336 477 444 549 649 835 202 651 639 745 445 164 471 293 191 577 373 802 798 693 653 918 510 974 1002 463 957 931 786 515 225 823 445 686 208 473 517 729 715 398 588 755 518 867 585 312 877 611 581 688 760 814
1198 560 924 752 680 258 904 834 954 872 597 766 699 200 611 655 291 520 668 750 153 0 308 117 846 742 306 843 710 9 762 827 803 401 866 723 434 672 816 115 107 386 923 694 286 74 683 311 716 406 490 831 407 596 458 850 54 301 15 1251 945 290 691 310 926 895 408 1027 1060 903 810 349 641 635 990 989 359 676 753 907 762 107 744 342 568 870 778 940 617 830 309 872 813 992 652 389 1138 400 535 503 976 270 646 257 550 852 683 299 819 514 168 708 814 640 808 312 872 838 458 572 283 805 409 946 680 657 655 685 1068 567 992 365 628 617 449 598 715 867 879 946 627 578 143 388 622 238 486 586 570 679 797 979 324 800 758 894 596 175 580 446 130 711 512 956 935 846 748 1069 649 1128 1156 579 1110 1083 939 593 350 975 563 838 287 626 642 808 869 509 720 899 672 1020 695 441 992 761 722 771 907 968
1073 725 816 470 797 52 681 788 797 598 583 523 534 111 689 426 195 500 369 712 261 308 0 358 934 569 191 644 506 298 501 588 732 523 619 640 241 518 934 315 212 395 760 552 470 319 754 406 480 467 495 635 503 554 430 750 304 198 311 1147 877 52 706 418 934 600 284 945 987 812 591 478 456 762 880 738 510 839 501 731 477 256 859 243 273 824 807 697 694 537 44 870 925 869 599 508 1045 433 608 566 872 467 799 454 248 599 417 105 528 429 190 462 734 805 596 449 633 714 352 517 185 686 413 895 552 570 413 528 925 313 867 253 613 732 501 756 478 902 586 649 737 312 200 536 790 404 470 310 330 730 608 957 431 752 488 709 451 133 689 415 199 746 547 808 946 710 449 992 668 1018 1018 315 1014 989 828 760 178 806 652 767 71 515 393 967 751 620 483 691 567 932 414 234 710 590 727 924 710 843
1120 442 846 755 562 306 869 740 892 867 503 746 647 269 497 633 270 432 690 657 115 117 358 0 730 692 287 800 674 122 752 802 717 287 845 643 416 618 698 46 202 301 864 635 168 48 570 209 694 304 397 787 297 509 376 771 71 279 102 1167 855 325 587 205 819 906 367 939 969 821 777 236 600 517 911 967 242 559 738 853 768 221 627 305 589 776 670 914 504 841 345 769 696 917 566 275 1052 306 424 395 896 152 528 139 579 835 679 314 828 446 268 691 730 523 771 199 847 767 404 491 265 733 323 852 616 581 639 631 998 561 918 328 533 500 347 480 694 756 889 959 511 579 243 271 505 124 399 592 558 569 751 878 217 708 753 843 543 238 464 367 226 603 410 890 828 779 767 980 546 1046 1083 578 1025 998 862 476 340 916 450 751 315 560 630 691 795 393 699 859 601 934 700 427 992 709 620 653 861 894
736 327 561 1009 174 900 880 376 707 1042 390 888 673 916 245 820 738 456 1048 369 733 846 934 730 0 697 744 789 768 849 941 898 445 445 943 480 764 649 93 734 903 539 714 620 564 772 180 550 852 470 445 776 447 441 517 522 793 736 830 715 457 881 271 545 241 1151 680 522 514 509 835 498 718 222 588 1017 487 258 911 744 1029 940 118 696 979 379 190 963 240 1103 894 260 76 624 435 458 613 500 327 368 567 583 251 594 1003 956 929 830 1085 563 962 876 466 276 811 534 920 584 626 479 748 566 521 409 589 506 852 655 715 864 630 694 371 230 433 290 855 152 1133 1200 219 898 942 459 294 608 477 925 833 211 746 340 530 386 970 764 639 889 265 530 923 216 388 680 234 618 1088 533 293 652 748 890 607 586 575 306 775 747 287 443 863 565 869 222 571 337 858 835 541 539 982 782 1150 692 276 203 804 622
510 714 282 342 664 577 203 361 228 346 344 198 45 640 542 182 454 338 431 332 593 742 569 692 697 0 442 116 92 737 259 201 280 566 246 218 332 77 755 654 708 416 191 82 646 694 556 528 178 472 382 101 524 292 348 242 699 444 733 594 387 533 431 541 554 463 334 427 475 301 138 571 112 664 336 335 608 777 229 166 362 764 698 400 414 384 509 277 541 425 529 491 737 315 270 560 505 438 506 480 335 663 734 658 454 259 282 488 407 258 726 209 267 758 115 580 225 178 288 271 465 167 401 427 115 199 215 64 358 292 311 378 347 625 456 718 181 581 446 508 620 317 723 608 756 615 352 341 261 510 62 523 540 334 294 151 149 635 595 349 712 487 429 241 569 159 438 472 424 466 451 309 472 452 288 735 412 238 546 303 521 162 241 856 217 573 183 175 161 407 337 335 453 21 421 814 170 289
923 557 655 469 612 168 597 606 662 580 392 462 400 212 501 350 16 309 416 527 172 306 191 287 744 442 0 539 404 299 465 522 556 351 563 467 130 376 748 241 266 205 629 404 332 271 563 240 412 282 303 527 325 367 239 585 270 9 299 988 702 139 514 254 744 622 112 776 815 644 504 314 336 581 721 685 351 666 453 608 483 322 673 54 317 643 616 635 505 558 150 681 739 716 416 337 881 245 421 378 710 337 624 326 318 551 392 86 544 249 292 406 561 633 502 293 567 559 177 332 23 528 222 715 396 396 353 389 783 274 715 70 423 548 313 584 411 711 605 676 553 294 285 373 620 271 279 309 271 539 493 772 265 570 466 593 302 199 505 224 272 554 355 668 756 562 489 821 476 860 874 292 851 825 669 590 55 679 466 592 120 349 344 790 594 439 416 594 400 765 415 140 704 461 536 746 604 691
476 827 303 322 770 659 92 431 191 283 454 171 160 726 650 222 553 453 438 420 698 843 644 800 789 116 539 0 138 837 233 135 351 682 167 311 419 192 853 761 801 531 151 195 760 799 660 642 183 588 498 15 640 404 463 292 802 542 835 570 426 615 531 656 623 409 436 445 492 338 76 687 202 773 340 229 724 887 207 106 339 856 800 502 447 447 599 173 649 385 607 564 835 308 376 676 499 554 619 594 346 777 844 772 490 189 288 574 369 373 813 213 334 868 55 695 137 220 397 386 562 228 517 474 226 308 245 180 319 341 303 479 454 734 572 830 187 662 394 446 729 358 813 724 867 728 468 375 316 612 53 576 655 410 270 75 261 724 706 465 802 585 544 216 638 189 423 486 529 449 409 351 468 452 303 847 503 180 658 366 604 278 271 959 251 687 184 59 270 421 337 418 369 108 516 918 66 285
591 753 373 253 720 521 195 448 304 274 396 119 97 588 594 94 419 372 340 411 568 710 506 674 768 92 404 138 0 704 174 145 367 587 193 296 281 119 820 633 664 422 264 150 650 669 617 531 88 491 412 128 545 342 364 334 671 408 703 678 479 477 498 546 640 383 307 519 566 393 103 584 76 714 426 304 623 826 143 228 273 720 758 371 327 473 583 247 594 340 469 575 803 402 334 579 593 452 548 516 426 665 782 659 368 197 189 436 322 273 675 118 356 804 97 587 183 270 278 313 428 259 412 518 179 262 124 113 435 210 398 348 406 675 482 761 91 660 365 431 672 232 675 628 800 611 378 253 182 572 104 613 547 418 207 204 156 587 641 362 665 554 467 322 655 250 347 564 486 552 528 224 561 541 379 777 366 305 592 392 466 208 151 914 309 610 93 190 227 498 245 280 391 110 492 871 204 376
1194 564 921 743 683 248 897 832 949 864 596 758 693 191 612 648 285 518 659 749 150 9 298 122 849 737 299 837 704 0 754 819 801 403 859 720 427 666 819 116 97 384 918 689 290 76 684 311 709 406 489 825 408 593 455 846 55 295 20 1248 943 281 690 311 926 886 402 1024 1058 900 804 351 635 638 987 981 362 681 745 902 754 100 748 336 559 868 779 932 618 821 300 872 816 988 650 391 1135 399 536 504 973 274 650 261 541 845 675 291 810 510 159 700 811 645 801 314 865 834 453 570 276 801 407 944 676 654 647 679 1063 559 988 359 626 620 449 602 708 867 870 937 630 570 134 391 627 240 484 577 563 680 791 978 325 798 750 888 591 165 583 443 121 712 512 951 935 842 739 1067 649 1124 1152 571 1107 1081 936 598 343 969 565 835 278 622 634 813 865 511 713 893 668 1017 687 433 984 755 722 775 901 964
707 902 526 89 883 532 213 620 424 119 561 63 271 603 756 134 482 525 212 585 638 762 501 752 941 259 465 233 174 754 0 109 539 720 122 470 335 292 989 706 694 547 384 324 762 736 785 646 88 625 561 235 681 507 502 499 732 472 758 803 641 489 669 661 813 210 397 671 719 554 156 708 225 874 570 236 749 984 30 339 106 746 925 450 250 644 756 200 757 166 475 749 972 540 505 711 732 583 703 668 574 774 939 765 292 98 85 464 148 417 689 69 526 959 179 704 145 430 396 475 487 425 542 684 353 434 115 287 550 195 535 429 574 834 624 914 86 834 192 260 832 189 695 758 953 714 525 193 193 740 239 782 666 592 37 307 310 611 798 497 689 725 620 449 828 405 190 714 654 683 638 187 700 684 529 928 414 410 749 562 485 376 121 1078 467 760 82 247 400 649 112 325 245 273 665 1034 284 516
600 898 438 195 860 613 103 555 322 150 537 65 229 683 736 171 538 517 322 533 692 827 588 802 898 201 522 135 145 819 109 0 474 732 48 418 392 258 955 759 768 565 284 280 791 792 755 672 110 635 558 142 691 484 509 422 792 527 821 698 560 568 632 687 748 274 436 581 628 472 65 727 219 857 476 164 767 970 93 238 209 823 896 496 353 574 710 112 736 250 557 687 938 443 469 724 633 596 692 662 482 805 925 798 396 58 185 537 234 418 770 125 458 948 91 729 45 351 418 457 545 353 556 606 312 397 175 249 445 274 438 474 544 818 628 906 111 780 259 314 814 279 773 772 944 749 524 289 260 709 159 707 689 530 144 205 302 687 785 506 766 687 612 350 763 321 295 621 623 581 531 274 602 587 438 921 476 305 735 492 562 350 195 1053 384 756 106 139 360 557 221 386 252 207 622 1011 178 420
408 562 146 620 462 721 440 81 268 623 221 479 272 768 365 445 561 285 696 89 651 803 732 717 445 280 556 351 367 801 539 474 0 489 514 92 499 262 518 693 806 418 270 223 608 738 346 512 455 423 322 339 455 208 345 81 751 554 790 449 146 685 218 520 274 743 448 223 259 106 408 520 345 479 203 576 544 589 509 299 640 859 476 502 657 106 257 524 361 705 688 213 499 222 151 491 334 412 371 368 184 630 551 631 692 532 553 631 687 307 845 485 21 579 382 545 488 139 381 231 573 123 395 165 203 162 479 261 316 530 225 486 198 445 386 552 459 311 726 786 436 561 834 531 584 607 318 588 496 300 315 248 512 59 574 319 297 753 431 357 818 262 329 246 289 172 713 267 237 330 384 553 307 280 163 571 554 308 392 35 668 221 503 635 130 443 461 392 171 216 609 511 720 268 190 598 359 207
898 205 632 757 285 481 767 491 715 839 269 691 522 482 210 586 340 231 743 412 291 401 523 287 445 566 351 682 587 403 720 732 489 0 780 436 428 489 424 288 458 175 697 488 131 327 283 116 641 96 186 667 41 299 222 558 348 342 386 928 611 472 316 106 539 915 341 697 720 596 686 52 512 244 692 890 55 316 698 700 775 494 349 321 651 523 388 833 217 854 489 494 418 708 350 14 811 137 141 124 674 152 276 159 661 779 672 430 838 313 520 651 506 282 671 89 770 577 325 302 346 543 178 597 460 394 607 502 798 569 710 330 291 220 111 233 642 471 896 969 228 599 499 43 269 163 213 621 549 285 628 607 91 464 736 701 430 453 180 225 480 323 160 704 547 598 805 733 277 817 872 594 789 761 649 239 398 747 162 518 455 405 611 444 594 108 647 741 427 697 712 445 965 575 352 401 730 689
613 946 469 195 908 647 107 595 344 118 585 100 277 717 783 213 579 566 329 576 734 866 619 845 943 246 563 167 193 859 122 48 514 780 0 463 433 306 1001 802 805 613 308 326 838 834 802 719 151 683 606 177 739 531 557 458 833 569 861 713 593 603 678 734 788 245 481 609 656 506 107 775 267 905 502 122 814 1018 118 261 206 858 943 540 373 613 754 78 783 231 590 727 984 467 516 771 654 644 740 710 510 851 973 844 414 29 206 573 218 467 804 159 498 996 132 776 32 387 464 505 586 392 604 641 359 444 211 296 460 307 462 518 591 866 676 954 151 822 232 279 862 307 808 820 993 795 572 313 297 755 199 743 736 572 150 229 350 723 833 554 801 733 660 373 803 356 290 648 670 600 542 303 624 611 468 970 515 321 784 531 597 397 227 1100 418 804 146 153 406 585 232 425 207 250 667 1058 195 446
477 540 203 547 463 631 403 161 282 564 170 413 199 679 350 365 472 214 614 114 569 723 640 643 480 218 467 311 296 720 470 418 92 436 463 0 407 182 541 616 720 341 271 146 547 659 350 443 384 360 256 297 399 138 266 128 671 465 710 528 236 593 220 452 346 679 358 309 348 180 355 460 263 471 268 540 488 584 440 286 568 773 489 413 570 192 291 484 348 636 596 280 523 276 86 436 416 342 336 324 253 567 543 567 604 477 475 540 618 217 756 411 94 570 330 481 439 142 290 151 484 109 319 256 120 70 400 184 363 443 277 396 158 434 327 536 387 363 661 725 427 475 747 479 571 537 245 502 409 302 266 334 445 127 503 298 207 664 411 277 731 274 278 269 361 167 637 354 223 404 442 467 388 361 219 554 463 318 366 126 577 129 422 649 158 409 389 361 81 299 531 419 670 212 205 609 335 255
833 629 575 346 656 245 471 561 559 452 382 332 295 308 534 221 146 308 314 490 302 434 241 416 764 332 130 419 281 427 335 392 499 428 433 407 0 277 784 371 382 256 523 311 440 401 586 332 282 341 321 408 393 342 249 511 400 136 428 906 642 202 509 347 722 502 88 707 750 573 378 402 220 632 639 555 442 730 322 497 361 438 712 118 225 596 612 505 537 438 198 656 772 628 378 415 804 298 460 418 631 449 686 439 241 420 265 156 423 211 395 276 499 699 378 389 438 473 139 302 153 445 262 663 312 337 223 287 685 150 626 101 409 596 358 651 281 705 484 556 598 175 394 458 689 385 287 195 142 553 377 734 355 525 339 478 210 305 554 237 383 558 382 569 736 469 379 754 477 777 778 171 773 749 587 660 84 571 509 533 189 278 214 844 511 497 286 471 330 693 294 18 577 353 524 800 485 602
555 643 304 365 602 521 278 340 286 394 279 239 32 580 477 183 388 264 433 295 521 672 518 618 649 77 376 192 119 666 292 258 262 489 306 182 277 0 700 581 643 339 252 40 568 621 498 450 203 396 307 178 448 225 271 248 627 378 662 631 390 478 378 464 528 502 265 443 489 311 202 494 82 599 365 405 531 711 262 235 386 698 639 331 397 369 464 347 477 456 476 463 683 352 214 483 533 361 436 407 360 585 667 581 435 313 292 430 438 181 665 230 255 690 184 503 290 199 214 200 398 175 324 423 62 142 217 13 409 271 349 309 287 559 380 649 206 543 484 550 555 301 661 532 687 538 276 327 237 452 139 511 463 308 322 225 75 573 527 272 648 435 357 292 543 192 454 490 366 502 502 292 501 478 314 665 352 303 478 292 465 91 240 795 238 501 209 252 108 426 348 283 509 91 373 753 247 325
828 269 642 1052 139 897 945 455 784 1094 428 939 726 905 251 863 741 482 1080 436 715 816 934 698 93 755 748 853 820 819 989 955 518 424 1001 541 784 700 0 708 882 544 788 675 530 743 204 536 900 467 463 839 434 482 535 597 765 740 800 809 544 882 323 529 334 1199 697 613 606 591 893 475 763 181 674 1082 458 179 960 816 1072 914 75 705 1005 462 261 1026 247 1148 896 347 19 708 486 438 705 503 328 370 652 547 184 559 1025 1012 969 834 1130 593 944 922 539 204 870 511 980 656 649 517 749 635 529 498 643 558 894 707 801 896 713 705 414 204 435 230 902 243 1180 1249 197 929 922 428 223 581 497 956 867 248 807 433 514 460 1016 833 681 876 246 547 904 267 402 759 328 689 1125 625 334 743 837 922 698 677 657 242 785 824 282 520 864 612 909 129 647 317 906 901 595 628 1021 803 1207 752 336 111 873 704
1092 459 818 709 570 263 828 721 858 822 484 702 609 232 496 589 224 408 643 637 68 115 315 46 734 654 241 761 633 116 706 759 693 288 802 616 371 581 708 0 176 275 829 599 183 44 568 195 650 290 376 748 292 485 349 743 61 234 100 1143 834 280 575 194 810 859 326 916 948 795 736 236 560 527 884 923 250 577 693 816 722 206 635 263 542 757 662 871 502 795 300 757 704 888 542 275 1028 285 420 387 869 172 544 158 532 791 633 267 782 413 242 646 705 541 730 199 804 736 366 464 219 702 298 832 582 552 594 594 967 516 888 285 514 507 334 496 650 751 842 913 516 533 218 280 523 126 375 546 513 563 712 864 209 688 708 806 505 200 469 339 200 595 396 857 819 747 720 958 533 1020 1053 532 1001 974 834 494 294 881 449 727 270 527 585 709 765 396 655 819 570 910 654 381 946 671 607 670 823 865
1186 636 916 674 743 167 853 846 929 799 615 705 666 101 660 598 255 533 580 764 171 107 212 202 903 708 266 801 664 97 694 768 806 458 805 720 382 643 882 176 0 401 895 670 360 153 731 353 658 442 510 790 455 604 464 843 130 265 115 1248 951 207 721 357 957 811 378 1029 1065 901 760 407 600 701 982 927 425 753 689 874 683 55 808 314 482 883 815 881 666 747 223 900 877 979 658 445 1137 425 581 544 970 348 720 335 460 788 612 231 737 503 66 645 814 718 760 370 814 823 438 575 244 791 425 958 661 651 594 655 1049 499 979 334 646 679 484 673 657 906 795 861 687 506 42 454 700 301 499 510 508 721 758 1001 372 811 686 858 568 83 639 451 24 749 543 934 968 827 661 1073 679 1121 1139 507 1108 1082 930 671 298 945 615 841 209 611 578 886 856 566 662 854 660 1020 617 385 916 727 749 847 867 954
819 373 545 582 409 363 611 448 597 666 214 520 370 388 295 413 199 134 569 365 236 386 395 301 539 416 205 531 422 384 547 565 418 175 613 341 256 339 544 275 401 0 572 347 229 319 358 111 470 85 109 516 138 210 76 469 332 197 372 867 559 342 322 125 558 739 167 641 674 520 525 162 346 381 610 727 202 474 525 566 600 450 469 161 481 485 420 670 300 678 354 499 534 616 266 164 753 43 216 173 595 246 431 242 494 610 496 291 662 157 450 478 429 443 512 165 606 468 150 190 209 433 23 560 324 281 433 352 698 394 617 164 245 346 108 395 471 514 720 793 350 424 434 211 433 202 100 447 373 336 478 600 124 414 561 562 270 365 304 68 417 356 152 592 569 482 630 683 282 745 782 419 726 699 561 404 241 624 262 452 323 267 436 592 494 242 476 590 303 635 536 274 792 429 349 548 585 594
328 811 172 473 727 768 207 338 40 426 439 322 229 830 619 357 640 466 588 355 772 923 760 864 714 191 629 151 264 918 384 284 270 697 308 271 523 252 788 829 895 572 0 229 796 870 612 682 329 612 511 150 658 398 497 192 877 630 913 420 300 725 481 694 518 553 518 303 349 218 228 713 304 739 195 330 746 851 358 46 490 951 745 584 589 344 527 286 617 534 720 467 769 159 354 694 349 585 606 591 205 815 811 812 631 333 437 678 519 418 916 360 249 839 205 729 275 133 465 395 651 162 553 352 248 302 385 240 171 475 154 562 429 703 585 806 333 573 539 586 695 495 912 741 841 775 490 516 445 564 160 455 690 328 422 79 328 824 682 503 900 529 543 65 532 103 575 340 491 298 264 488 317 303 166 825 602 51 638 270 712 305 412 905 142 679 331 156 271 278 487 527 495 170 457 867 114 138
522 632 265 401 582 553 285 302 260 421 261 268 52 611 459 221 415 258 472 261 542 694 552 635 620 82 404 195 150 689 324 280 223 488 326 146 311 40 675 599 670 347 229 0 575 640 475 459 237 397 303 180 447 209 275 208 648 405 684 595 350 512 352 472 491 533 292 404 449 271 220 497 122 581 328 418 533 695 294 219 421 726 616 357 438 330 433 360 458 490 510 426 657 317 189 483 495 365 423 398 322 593 651 589 475 337 330 462 472 190 695 265 215 675 198 509 307 162 236 190 425 136 330 383 32 117 256 38 378 311 315 335 265 542 377 636 240 510 515 580 538 341 690 531 673 549 275 367 277 428 143 471 469 271 356 215 102 603 512 279 676 407 348 263 506 158 491 450 343 465 470 333 463 440 276 652 384 281 463 252 497 83 279 774 200 492 242 254 79 387 386 319 532 87 344 732 241 290
1017 276 748 785 395 421 840 617 818 882 387 742 600 406 339 632 317 333 748 536 212 286 470 168 564 646 332 760 650 290 762 791 608 131 838 547 440 568 530 183 360 229 796 575 0 214 410 119 691 187 290 746 155 408 299 673 236 323 270 1053 736 425 447 104 671 942 365 822 847 715 753 89 574 349 810 954 78 393 743 793 801 387 459 322 649 650 520 898 345 879 444 625 528 822 463 123 936 210 273 253 792 21 361 29 650 833 702 394 863 387 425 695 624 357 742 66 833 683 373 402 319 648 244 725 550 496 647 582 910 590 824 339 412 334 222 313 691 601 924 997 344 615 402 105 340 66 306 634 577 415 708 738 105 589 772 790 500 374 299 296 384 454 281 810 678 701 818 860 407 939 988 612 912 885 764 310 387 847 290 639 410 493 645 526 704 230 697 820 524 820 735 456 1008 658 482 487 815 802
1136 489 862 734 606 267 864 765 900 849 528 734 649 225 536 621 255 453 662 682 101 74 319 48 772 694 271 799 669 76 736 792 738 327 834 659 401 621 743 44 153 319 870 640 214 0 608 238 683 333 421 786 333 529 393 787 23 265 58 1187 878 290 618 237 852 882 363 960 992 839 771 275 597 562 928 956 285 606 724 857 746 173 671 298 560 801 704 905 542 817 310 800 740 931 586 315 1072 330 461 429 913 200 575 186 548 822 661 285 805 455 219 677 749 571 766 238 838 779 406 508 248 745 342 877 624 596 625 634 1009 543 932 321 558 543 377 527 682 793 865 935 553 558 195 315 552 163 419 569 542 605 750 907 251 732 735 845 545 194 506 382 177 638 440 899 861 789 740 1002 577 1064 1096 558 1045 1018 878 523 322 922 489 771 282 569 615 739 808 435 688 856 613 954 678 411 973 711 650 701 861 908
713 238 486 848 115 721 752 303 614 892 224 736 525 739 72 659 558 280 877 257 560 683 754 570 180 556 563 660 617 684 785 755 346 283 802 350 586 498 204 568 731 358 612 475 410 608 0 378 696 293 265 645 276 277 337 428 629 556 667 718 414 701 131 375 272 995 501 496 505 437 695 334 559 137 530 888 332 242 756 634 868 771 141 516 804 322 128 832 65 944 713 244 189 559 286 294 604 321 150 189 509 431 207 440 826 812 765 650 926 389 789 718 368 236 672 370 782 478 449 312 568 452 341 381 443 358 689 506 654 692 563 514 211 112 254 217 699 192 976 1046 100 726 770 305 244 446 298 753 663 47 612 356 360 295 812 648 476 712 121 351 751 86 208 593 276 509 921 522 132 628 707 719 589 564 502 237 594 653 120 359 682 409 704 299 476 180 703 711 395 505 816 604 1007 556 156 258 686 549
919 319 646 673 397 364 721 532 706 765 295 624 482 368 307 514 227 228 645 449 182 311 406 209 550 528 240 642 531 311 646 672 512 116 719 443 332 450 536 195 353 111 682 459 119 238 378 0 573 95 190 628 103 306 184 571 256 230 296 962 648 356 380 15 614 830 251 732 761 617 634 74 455 359 710 835 112 432 626 678 690 394 461 217 549 567 467 779 313 768 373 561 530 719 362 101 845 101 227 193 694 135 392 130 555 715 588 315 752 269 411 578 526 398 623 58 714 575 254 293 232 540 129 643 435 387 531 464 804 479 720 230 324 332 138 349 574 557 812 885 339 506 392 133 383 94 198 527 464 369 590 669 25 500 657 674 381 340 290 180 373 400 201 700 623 591 711 772 338 843 885 502 820 793 662 353 290 734 262 545 339 378 531 560 599 218 579 702 412 728 624 348 892 541 412 517 697 698
657 818 455 164 795 504 200 536 370 200 473 51 184 573 668 61 428 439 259 498 583 716 480 694 852 178 412 183 88 709 88 110 455 641 151 384 282 203 900 650 658 470 329 237 691 683 696 573 0 545 476 181 600 419 420 420 682 418 710 749 565 459 580 588 728 299 331 601 649 479 115 632 137 787 504 273 672 897 60 288 185 712 837 389 264 561 668 223 669 252 448 663 884 478 416 632 670 504 616 582 506 704 852 696 307 142 108 426 234 333 660 31 444 873 128 631 156 355 319 387 435 346 463 605 265 345 67 199 500 168 473 367 485 747 542 829 3 747 280 349 745 178 663 680 868 646 441 193 150 652 172 701 591 506 119 259 223 577 712 416 656 637 534 392 743 332 260 645 565 625 592 172 638 620 459 843 365 363 662 480 452 287 90 990 393 675 6 217 312 580 161 275 324 194 577 946 246 452
832 288 561 664 330 430 673 438 632 743 203 594 428 445 225 491 274 146 655 356 270 406 467 304 470 472 282 588 491 406 625 635 423 96 683 360 341 396 467 290 442 85 612 397 187 333 293 95 545 0 103 573 55 221 126 486 351 274 391 871 555 414 284 99 519 821 253 640 668 529 591 101 416 299 624 794 135 389 602 612 682 485 392 243 566 473 374 737 230 761 428 466 458 635 276 88 754 43 143 103 606 207 346 208 579 683 578 366 744 218 497 555 438 358 576 121 674 496 230 216 282 462 83 549 370 310 512 408 723 478 637 248 231 266 43 309 546 465 802 875 271 508 479 137 347 185 122 532 456 279 535 574 89 408 641 611 335 419 223 129 460 307 106 624 529 515 715 680 243 754 801 503 729 702 578 319 323 663 185 455 396 313 517 509 517 158 551 648 340 637 619 359 869 483 316 465 639 615
