84
0 949 492 835 706 102 54 801 667 737 67 482 907 507 639 369 957 761 623 757 599 863 611 623 319 772 173 427 433 325 867 926 123 135 626 785 221 764 607 862 815 659 748 725 838 110 210 785 559 606 776 517 949 756 431 190 147 488 566 133 206 777 201 83 896 658 98 648 876 549 454 630 821 724 627 849 556 497 325 476 605 148 727 589
949 0 492 113 379 1045 912 522 423 779 952 686 106 455 419 694 246 215 730 874 635 309 341 481 720 733 945 539 517 839 493 161 830 894 352 538 974 469 507 209 423 451 204 656 190 1010 748 385 747 612 188 556 105 194 582 1138 1084 802 383 1024 754 333 807 919 331 290 1028 811 304 799 812 340 823 225 571 353 392 788 702 549 762 1039 339 372
492 492 0 382 220 594 470 365 189 723 479 237 484 213 381 401 587 361 356 796 527 535 161 169 228 453 457 231 166 350 638 525 369 412 141 358 591 541 169 483 344 192 319 634 448 578 329 506 334 514 360 383 469 322 319 674 638 353 178 544 338 465 416 488 575 230 584 689 544 619 572 152 803 280 236 363 150 343 210 329 628 558 235 234
835 113 382 0 298 932 799 466 337 715 838 587 121 345 333 590 266 128 645 808 555 285 228 390 610 666 833 429 404 731 462 179 717 781 246 479 865 416 416 186 372 365 96 594 151 898 635 335 656 532 97 460 147 85 477 1025 971 704 271 911 641 279 696 807 317 177 915 735 285 713 717 231 767 111 485 313 279 691 591 447 682 926 260 263
706 379 220 298 0 809 688 193 48 868 686 324 420 365 481 600 559 356 350 951 677 550 211 109 410 371 646 418 359 504 700 476 584 612 139 198 811 622 135 465 133 73 295 761 427 796 550 562 370 658 336 540 316 289 502 882 853 433 286 743 558 508 635 708 588 254 801 853 554 798 766 155 939 252 191 143 265 418 397 497 793 755 39 332
102 1045 594 932 809 0 133 901 769 772 140 577 1000 598 720 432 1043 853 714 780 654 945 710 725 418 863 238 517 529 408 934 1016 225 222 728 885 209 834 709 950 917 761 844 776 928 71 299 863 648 665 870 589 1049 852 510 106 46 572 662 151 294 858 266 135 976 755 31 677 958 580 484 731 854 821 726 951 653 583 425 554 642 158 829 681
54 912 470 799 688 133 0 794 650 682 114 486 867 465 591 315 911 720 633 703 544 815 579 610 319 781 214 384 395 347 814 883 109 163 599 780 184 712 596 818 802 645 710 670 796 108 166 736 570 552 737 465 918 718 382 233 171 505 529 187 161 729 147 36 847 622 116 594 829 494 400 602 767 688 623 831 521 513 321 426 551 202 706 548
801 522 365 466 193 901 794 0 189 1057 766 337 586 547 673 765 732 543 273 1138 864 736 401 196 482 217 702 589 526 533 892 646 685 685 329 22 941 815 201 646 99 175 481 953 607 902 680 753 324 846 521 724 434 475 676 957 947 409 474 807 689 699 771 820 773 447 899 1037 739 976 935 346 1129 440 175 173 450 392 475 677 976 816 219 523
667 423 189 337 48 769 650 189 0 868 644 275 458 358 489 582 593 382 308 949 675 576 216 60 365 342 601 403 341 456 719 512 545 569 143 189 780 636 87 496 154 28 322 766 457 759 518 580 324 658 366 535 363 319 489 839 814 385 285 699 526 528 606 672 615 270 762 848 581 788 750 162 942 278 148 182 261 370 353 488 787 711 86 336
737 779 723 715 868 772 682 1057 868 0 793 929 677 514 394 394 595 587 1071 94 196 488 656 878 805 1177 872 499 561 919 334 641 701 805 728 1057 574 312 887 574 996 886 636 123 588 703 586 397 1036 211 618 340 859 647 416 875 780 1020 583 870 582 446 541 656 487 624 741 101 499 193 288 712 86 659 959 971 607 1017 790 396 131 885 851 535
67 952 479 838 686 140 114 766 644 793 0 438 918 522 667 414 977 773 573 817 646 888 611 596 284 723 106 448 444 269 904 940 124 82 618 750 289 800 578 879 788 634 755 774 854 172 237 815 507 652 786 553 945 762 464 195 185 432 573 82 236 802 251 148 922 663 149 706 901 607 513 624 878 727 591 827 560 443 293 508 661 99 710 602
482 686 237 587 324 577 486 337 275 929 438 0 701 440 614 561 817 591 154 992 735 771 390 215 169 295 366 431 372 195 875 747 378 356 344 318 655 776 189 713 382 253 542 852 676 590 415 744 106 726 585 593 637 543 512 624 623 118 416 472 423 703 505 517 811 460 580 879 780 797 730 361 1012 499 164 440 388 106 171 535 819 480 360 472
907 106 484 121 420 1000 867 586 458 677 918 701 0 402 332 623 150 147 765 771 541 202 324 510 709 788 923 484 474 835 386 61 794 867 356 599 911 365 535 103 490 486 166 553 91 960 700 280 774 517 131 476 205 162 515 1097 1036 819 345 994 706 231 751 870 225 259 980 713 197 707 728 340 718 204 606 427 360 806 690 477 666 1010 382 318
507 455 213 345 365 598 465 547 358 514 522 440 402 0 177 254 455 254 569 592 319 373 164 363 367 664 543 84 84 499 440 419 398 482 227 546 520 337 372 356 498 373 251 421 331 558 299 319 543 303 272 177 479 260 144 697 634 548 87 602 304 291 352 468 411 173 578 490 385 433 406 215 592 238 445 488 101 541 348 132 429 618 357 83
639 419 381 333 481 720 591 673 489 394 667 614 332 177 0 305 328 206 736 484 221 225 272 510 543 818 703 225 258 675 262 323 545 638 345 677 597 161 524 250 606 510 246 281 243 668 430 148 715 198 237 146 481 257 210 824 749 724 209 749 433 139 455 585 256 230 695 402 238 380 395 327 459 264 601 576 237 717 524 165 348 766 461 153
369 694 401 590 600 432 315 765 582 394 414 561 623 254 305 0 633 481 713 440 232 527 416 570 419 837 482 182 241 527 502 624 311 415 470 759 292 402 570 552 733 591 494 360 539 373 192 437 667 237 505 161 730 504 112 539 456 639 340 496 189 442 168 299 554 426 404 325 541 236 172 462 481 488 630 733 350 638 407 145 269 512 600 328
957 246 587 266 559 1043 911 732 593 595 977 817 150 455 328 633 0 226 896 688 497 114 427 641 800 930 997 530 537 931 272 88 853 937 475 745 925 290 664 104 638 620 275 475 140 994 746 213 898 474 232 473 350 277 535 1145 1074 935 423 1057 750 191 781 908 108 358 1019 650 100 665 704 457 621 320 738 577 445 923 781 493 613 1073 522 380
761 215 361 128 356 853 720 543 382 587 773 591 147 254 206 481 226 0 677 680 427 194 201 424 577 724 783 337 329 707 352 169 649 725 253 552 765 293 446 122 458 408 61 466 87 812 553 218 675 404 31 340 275 69 370 951 889 709 203 850 559 161 604 723 233 131 833 607 199 587 596 233 641 103 522 411 222 697 558 335 554 866 324 172
623 730 356 645 350 714 633 273 308 1071 573 154 765 569 736 713 896 677 0 1138 876 867 485 255 321 149 487 572 510 309 989 819 527 491 423 250 806 895 231 796 352 280 621 989 758 733 569 854 66 865 665 732 661 619 657 748 759 153 528 593 578 808 659 665 907 551 720 1027 874 947 883 443 1154 576 159 423 500 137 325 675 966 599 390 585
757 874 796 808 951 780 703 1138 949 94 817 992 771 592 484 440 688 680 1138 0 274 582 740 955 859 1249 903 567 631 966 424 735 736 838 811 1137 574 406 963 669 1081 965 727 217 683 709 626 491 1099 292 711 415 952 738 481 879 782 1077 664 890 622 540 570 674 580 711 748 114 592 211 303 795 99 748 1033 1058 687 1075 845 467 172 905 936 619
599 635 527 555 677 654 544 864 675 196 646 735 541 319 221 232 497 427 876 274 0 383 466 682 619 981 713 304 366 739 296 519 541 645 537 863 482 216 691 446 807 691 467 129 450 590 420 283 842 23 458 144 702 478 225 761 672 830 390 727 418 315 397 525 397 440 625 182 396 167 215 521 277 483 763 786 413 826 603 200 127 743 663 346
863 309 535 285 550 945 815 736 576 488 888 771 202 373 225 527 114 194 867 582 383 0 383 616 734 918 916 440 458 866 183 156 764 853 444 745 818 177 637 102 648 603 255 366 134 893 653 99 861 360 214 365 405 261 435 1048 974 888 360 969 656 86 680 810 40 315 920 538 14 550 591 424 521 298 714 595 385 878 714 390 499 985 517 309
611 341 161 228 211 710 579 401 216 656 611 390 324 164 272 416 427 201 485 740 466 383 0 241 385 551 604 235 191 511 509 363 491 552 73 404 664 421 259 323 341 238 158 551 287 681 418 371 477 447 198 333 339 161 308 799 750 508 78 683 426 323 490 589 424 69 695 644 391 594 571 55 728 120 337 325 65 497 366 295 584 697 197 121
623 481 169 390 109 725 610 196 60 878 596 215 510 363 510 570 641 424 255 955 682 616 241 0 314 309 548 397 333 398 750 563 503 519 173 189 749 663 26 542 192 39 367 781 503 719 487 612 266 667 410 540 424 364 485 791 770 325 301 648 496 563 577 634 656 303 720 851 622 785 741 193 955 322 98 234 274 309 303 489 790 659 146 356
319 720 228 610 410 418 319 482 365 805 284 169 709 367 543 419 800 577 321 859 619 734 385 314 0 465 236 328 284 132 805 745 209 205 369 467 486 700 295 696 505 352 542 744 664 424 253 686 263 614 581 485 694 546 395 477 464 220 377 333 261 655 340 349 773 450 417 744 745 655 581 380 891 505 308 547 355 221 19 427 687 345 438 424
772 733 453 666 371 863 781 217 342 1177 723 295 788 664 818 837 930 724 149 1249 981 918 551 309 465 0 636 682 618 458 1059 846 673 641 481 197 951 972 294 836 316 316 664 1085 798 882 707 921 215 967 707 836 649 660 770 897 909 298 609 742 716 870 798 812 957 610 869 1141 923 1067 1009 501 1256 620 218 390 581 284 467 782 1080 748 407 664
173 945 457 833 646 238 214 702 601 872 106 366 923 543 703 482 997 783 487 903 713 916 604 548 236 636 0 478 460 178 953 952 171 67 598 684 394 847 527 896 735 587 757 842 867 278 292 852 421 715 792 605 926 762 512 260 280 340 579 106 294 832 332 249 953 663 253 790 928 692 601 608 958 724 527 781 562 352 250 554 742 114 674 617
427 539 231 429 418 517 384 589 403 499 448 431 484 84 225 182 530 337 572 567 304 440 235 397 328 682 478 0 64 456 481 499 324 414 287 585 437 375 400 434 551 414 335 422 411 475 217 374 537 294 356 161 561 344 88 616 552 529 163 529 222 355 268 385 476 255 496 459 453 389 347 279 582 320 467 550 169 524 310 103 397 545 417 167
433 517 166 404 359 529 395 526 341 561 444 372 474 84 258 241 537 329 510 631 366 458 191 333 284 618 460 64 0 416 520 496 320 399 234 521 473 416 336 437 492 351 315 480 410 494 231 403 478 354 343 221 528 323 152 623 567 474 133 522 237 376 298 403 496 227 511 523 470 453 409 228 643 293 402 495 128 469 265 165 462 538 361 158
325 839 350 731 504 408 347 533 456 919 269 195 835 499 675 527 931 707 309 966 739 866 511 398 132 458 178 456 416 0 936 873 254 190 486 514 530 831 374 827 576 437 669 866 793 436 342 819 242 736 709 609 805 672 517 439 453 163 508 285 348 788 416 382 905 578 418 852 877 758 676 500 1006 630 360 630 485 175 151 552 796 291 536 557
867 493 638 462 700 934 814 892 719 334 904 875 386 440 262 502 272 352 989 424 296 183 509 750 805 1059 953 481 520 936 0 337 787 886 578 899 776 106 768 285 810 743 413 224 313 874 667 138 973 279 379 351 588 422 441 1041 957 986 461 987 668 192 669 801 166 449 906 405 189 446 510 558 350 452 846 764 489 978 786 398 382 1004 672 404
926 161 525 179 476 1016 883 646 512 641 940 747 61 419 323 624 88 169 819 735 519 156 363 563 745 846 952 499 496 873 337 0 816 894 403 659 915 329 587 73 550 540 205 518 87 972 717 245 824 496 164 470 264 204 519 1116 1050 866 372 1019 722 204 761 884 171 295 995 685 147 687 715 385 676 248 660 488 391 853 726 479 641 1035 439 338
123 830 369 717 584 225 109 685 545 701 124 378 794 398 545 311 853 649 527 736 541 764 491 503 209 673 171 324 320 254 787 816 0 104 504 670 280 682 488 755 695 538 632 670 729 217 121 693 466 544 662 437 828 639 346 308 269 405 450 204 122 679 168 139 799 541 217 622 777 525 436 508 788 605 513 726 438 412 211 389 572 221 604 478
135 894 412 781 612 222 163 685 569 805 82 356 867 482 638 415 937 725 491 838 645 853 552 519 205 641 67 414 399 190 886 894 104 0 553 669 347 780 500 836 710 557 702 774 808 246 225 787 426 647 736 538 881 708 445 272 267 353 522 132 226 769 268 199 890 609 229 725 866 627 537 561 892 671 510 751 507 363 216 488 676 145 637 557
626 352 141 246 139 728 599 329 143 728 618 344 356 227 345 470 475 253 423 811 537 444 73 173 369 481 598 287 234 486 578 403 504 553 0 331 702 493 193 374 271 166 200 624 336 705 447 440 422 519 243 401 328 199 368 811 770 462 146 685 455 389 525 614 484 130 715 714 450 660 631 20 800 156 270 263 126 450 351 359 653 699 130 194
785 538 358 479 198 885 780 22 189 1057 750 318 599 546 677 759 745 552 250 1137 863 745 404 189 467 197 684 585 521 514 899 659 670 669 331 0 929 821 192 657 118 172 490 955 618 888 669 760 302 847 531 723 452 484 673 940 931 387 475 789 678 707 761 806 783 452 884 1036 749 973 930 349 1131 449 158 192 450 370 460 675 975 798 228 525
221 974 591 865 811 209 184 941 780 574 289 655 911 520 597 292 925 765 806 574 482 818 664 749 486 951 394 437 473 530 776 915 280 347 702 929 0 683 739 843 935 779 770 594 829 139 262 727 746 497 788 452 998 780 396 304 207 685 599 342 253 734 176 148 844 692 178 476 832 381 288 699 652 758 777 953 600 692 484 435 447 354 822 602
764 469 541 416 622 834 712 815 636 312 800 776 365 337 161 402 290 293 895 406 216 177 421 663 700 972 847 375 416 831 106 329 682 780 493 821 683 0 679 262 740 659 350 189 279 775 562 84 876 195 323 247 554 360 336 940 858 885 366 882 563 137 567 700 184 368 806 360 190 379 430 474 354 382 756 700 395 878 682 292 323 899 597 310
607 507 169 416 135 709 596 201 87 887 578 189 535 372 524 570 664 446 231 963 691 637 259 26 295 294 527 400 336 374 768 587 488 500 193 192 739 679 0 565 209 64 390 792 526 705 478 631 240 676 433 548 451 387 489 773 754 298 314 628 487 582 569 621 677 323 705 857 644 789 742 213 965 345 77 256 287 282 285 496 796 639 173 370
862 209 483 186 465 950 818 646 496 574 879 713 103 356 250 552 104 122 796 669 446 102 323 542 696 836 896 434 437 827 285 73 755 836 374 657 843 262 565 0 555 524 175 451 38 904 652 177 796 422 131 396 303 177 449 1051 983 832 319 958 656 131 692 817 131 253 928 614 99 614 642 355 614 219 640 499 341 820 677 408 569 975 431 279
815 423 344 372 133 917 802 99 154 996 788 382 490 498 606 733 638 458 352 1081 807 648 341 192 505 316 735 551 492 576 810 550 695 710 271 118 935 740 209 555 0 156 396 887 517 911 672 673 393 788 434 673 334 389 636 982 962 472 418 837 681 617 761 824 684 375 912 985 650 931 899 285 1065 358 220 74 397 455 494 630 925 848 145 461
659 451 192 365 73 761 645 175 28 886 634 253 486 373 510 591 620 408 280 965 691 603 238 39 352 316 587 414 351 437 743 540 538 557 166 172 779 659 64 524 156 0 349 785 485 754 517 605 297 675 393 551 389 346 501 829 806 360 304 686 526 554 606 668 642 294 755 863 608 801 760 185 961 305 120 194 279 344 341 502 802 698 112 357
748 204 319 96 295 844 710 481 322 636 755 542 166 251 246 494 275 61 621 727 467 255 158 367 542 664 757 335 315 669 413 205 632 702 200 490 770 350 390 175 396 349 0 517 136 807 545 277 622 444 43 366 240 11 381 938 881 661 182 830 551 221 603 716 293 93 825 649 259 621 622 181 694 44 465 351 195 648 523 351 594 845 262 168
725 656 634 594 761 776 670 953 766 123 774 852 553 421 281 360 475 466 989 217 129 366 551 781 744 1085 842 422 480 866 224 518 670 774 624 955 594 189 792 451 887 785 517 0 465 709 549 273 958 130 497 260 737 528 349 882 791 951 481 855 547 322 524 650 367 512 745 181 377 231 310 606 178 542 866 857 506 946 727 319 163 871 742 429
838 190 448 151 427 928 796 607 457 588 854 676 91 331 243 539 140 87 758 683 450 134 287 503 664 798 867 411 410 793 313 87 729 808 336 618 829 279 526 38 517 485 136 465 0 885 629 194 758 426 92 388 277 139 433 1028 963 795 288 932 634 142 673 796 167 218 907 622 134 616 638 317 633 181 601 462 309 783 644 394 575 948 392 251
110 1010 578 898 796 71 108 902 759 703 172 590 960 558 668 373 994 812 733 709 590 893 681 719 424 882 278 475 494 436 874 972 217 246 705 888 139 775 705 904 911 754 807 709 885 0 263 808 669 601 831 532 1021 816 458 172 82 599 627 208 256 807 213 91 923 721 39 607 907 510 414 707 783 787 730 940 621 608 428 502 573 218 814 642
210 748 329 635 550 299 166 680 518 586 237 415 700 299 430 192 746 553 569 626 420 653 418 487 253 707 292 217 231 342 667 717 121 225 447 669 262 562 478 652 672 517 545 549 629 263 0 578 515 422 570 316 758 553 226 398 336 471 364 320 8 567 92 171 687 458 280 512 666 417 334 447 673 524 521 692 358 474 245 270 458 337 562 382
785 385 506 335 562 863 736 753 580 397 815 744 280 319 148 437 213 218 854 491 283 99 371 612 686 921 852 374 403 819 138 245 693 787 440 760 727 84 631 177 673 605 277 273 194 808 578 0 840 260 246 276 471 286 354 968 890 858 328 898 580 56 596 728 118 310 837 440 113 451 492 420 438 314 708 629 356 849 667 309 400 914 534 272
559 747 334 656 370 648 570 324 324 1036 507 106 774 543 715 667 898 675 66 1099 842 861 477 266 263 215 421 537 478 242 973 824 466 426 422 302 746 876 240 796 393 297 622 958 758 669 515 840 0 832 666 699 686 621 619 681 693 88 512 527 523 797 604 603 901 546 655 986 869 903 835 441 1119 578 181 461 484 72 269 641 926 533 410 568
606 612 514 532 658 665 552 846 658 211 652 726 517 303 198 237 474 404 865 292 23 360 447 667 614 967 715 294 354 736 279 496 544 647 519 847 497 195 676 422 788 675 444 130 426 601 422 260 832 0 435 133 679 456 219 771 684 822 372 733 421 292 405 534 375 420 635 204 373 191 235 503 289 461 749 766 396 818 597 191 150 749 644 327
776 188 360 97 336 870 737 521 366 618 786 585 131 272 237 505 232 31 665 711 458 214 198 410 581 707 792 356 343 709 379 164 662 736 243 531 788 323 433 131 434 393 43 497 92 831 570 246 666 435 0 368 244 47 394 966 907 704 213 862 576 189 624 741 251 131 851 638 217 617 625 225 672 88 508 385 229 692 562 360 585 878 303 189
517 556 383 460 540 589 465 724 535 340 553 593 476 177 146 161 473 340 732 415 144 365 333 540 485 836 605 161 221 609 351 470 437 538 401 723 452 247 548 396 673 551 366 260 388 532 316 276 699 133 368 0 606 377 93 695 615 690 255 636 317 281 322 454 392 319 562 313 379 262 256 387 421 372 618 658 275 686 468 58 252 652 530 219
949 105 469 147 316 1049 918 434 363 859 945 637 205 479 481 730 350 275 661 952 702 405 339 424 694 649 926 561 528 805 588 264 828 881 328 452 998 554 451 303 334 389 240 737 277 1021 758 471 686 679 244 606 0 229 618 1136 1090 749 398 1013 765 417 826 929 430 306 1034 882 401 860 863 320 908 242 505 261 400 733 677 590 829 1027 277 402
756 194 322 85 289 852 718 475 319 647 762 543 162 260 257 504 277 69 619 738 478 261 161 364 546 660 762 344 323 672 422 204 639 708 199 484 780 360 387 177 389 346 11 528 139 816 553 286 621 456 47 377 229 0 392 946 890 661 190 837 559 230 612 725 298 99 834 660 264 633 634 181 704 43 462 343 201 649 527 362 605 852 256 178
431 582 319 477 502 510 382 676 489 416 464 512 515 144 210 112 535 370 657 481 225 435 308 485 395 770 512 88 152 517 441 519 346 445 368 673 396 336 489 449 636 501 381 349 433 458 226 354 619 219 394 93 618 392 0 614 539 605 231 547 228 348 245 375 466 315 485 371 448 300 263 358 500 376 555 631 244 601 378 44 310 563 499 216
190 1138 674 1025 882 106 233 957 839 875 195 624 1097 697 824 539 1145 951 748 879 761 1048 799 791 477 897 260 616 623 439 1041 1116 308 272 811 940 304 940 773 1051 982 829 938 882 1028 172 398 968 681 771 966 695 1136 946 614 0 96 599 756 154 394 962 372 240 1080 848 136 778 1062 682 586 816 955 913 781 1022 745 612 488 659 745 149 905 779
147 1084 638 971 853 46 171 947 814 780 185 623 1036 634 749 456 1074 889 759 782 672 974 750 770 464 909 280 552 567 453 957 1050 269 267 770 931 207 858 754 983 962 806 881 791 963 82 336 890 693 684 907 615 1090 890 539 96 0 617 700 187 330 888 294 166 1005 794 55 683 988 587 492 773 859 860 772 996 693 628 471 583 651 191 873 718
488 802 353 704 433 572 505 409 385 1020 432 118 819 548 724 639 935 709 153 1077 830 888 508 325 220 298 340 529 474 163 986 866 405 353 462 387 685 885 298 832 472 360 661 951 795 599 471 858 88 822 704 690 749 661 605 599 617 0 531 445 479 818 555 540 928 578 582 963 897 875 801 480 1105 618 254 536 504 17 232 632 904 450 471 586
566 383 178 271 286 662 529 474 285 583 573 416 345 87 209 340 423 203 528 664 390 360 78 301 377 609 579 163 133 508 461 372 450 522 146 475 599 366 314 319 418 304 182 481 288 627 364 328 512 372 213 255 398 190 231 756 700 531 0 649 370 287 427 536 399 94 644 567 370 515 493 132 656 160 391 403 28 521 358 216 507 664 275 56
133 1024 544 911 743 151 187 807 699 870 82 472 994 602 749 496 1057 850 593 890 727 969 683 648 333 742 106 529 522 285 987 1019 204 132 685 789 342 882 628 958 837 686 830 855 932 208 320 898 527 733 862 636 1013 837 547 154 187 445 649 0 319 884 331 215 1004 737 174 781 982 682 587 692 954 801 631 881 635 458 346 591 738 16 769 680
206 754 338 641 558 294 161 689 526 582 236 423 706 304 433 189 750 559 578 622 418 656 426 496 261 716 294 222 237 348 668 722 122 226 455 678 253 563 487 656 681 526 551 547 634 256 8 580 523 421 576 317 765 559 228 394 330 479 370 319 0 570 83 165 690 464 274 507 670 412 328 454 669 530 530 701 365 481 253 272 454 335 571 387
777 333 465 279 508 858 729 699 528 446 802 703 231 291 139 442 191 161 808 540 315 86 323 563 655 870 832 355 376 788 192 204 679 769 389 707 734 137 582 131 617 554 221 322 142 807 567 56 797 292 189 281 417 230 348 962 888 818 287 884 570 0 594 723 120 259 834 482 99 483 515 369 491 259 660 573 315 809 636 305 437 900 479 233
201 807 416 696 635 266 147 771 606 541 251 505 751 352 455 168 781 604 659 570 397 680 490 577 340 798 332 268 298 416 669 761 168 268 525 761 176 567 569 692 761 606 603 524 673 213 92 596 604 405 624 322 826 612 245 372 294 555 427 331 83 594 0 132 711 521 240 458 694 359 269 523 627 587 613 777 426 559 334 289 411 347 646 435
83 919 488 807 708 135 36 820 672 656 148 517 870 468 585 299 908 723 665 674 525 810 589 634 349 812 249 385 403 382 801 884 139 199 614 806 148 700 621 817 824 668 716 650 796 91 171 728 603 534 741 454 929 725 375 240 166 540 536 215 165 723 132 0 841 630 111 566 823 467 371 615 740 696 651 851 530 547 350 419 525 230 724 552
896 331 575 317 588 976 847 773 615 487 922 811 225 411 256 554 108 233 907 580 397 40 424 656 773 957 953 476 496 905 166 171 799 890 484 783 844 184 677 131 684 642 293 367 167 923 687 118 901 375 251 392 430 298 466 1080 1005 928 399 1004 690 120 711 841 0 355 951 543 33 563 609 464 513 337 754 630 425 918 753 421 508 1020 555 348
658 290 230 177 254 755 622 447 270 624 663 460 259 173 230 426 358 131 551 711 440 315 69 303 450 610 663 255 227 578 449 295 541 609 130 452 692 368 323 253 375 294 93 512 218 721 458 310 546 420 131 319 306 99 315 848 794 578 94 737 464 259 521 630 355 0 738 622 323 581 570 109 690 66 400 346 102 566 431 292 564 753 231 101
98 1028 584 915 801 31 116 899 762 741 149 580 980 578 695 404 1019 833 720 748 625 920 695 720 417 869 253 496 511 418 906 995 217 229 715 884 178 806 705 928 912 755 825 745 907 39 280 837 655 635 851 562 1034 834 485 136 55 582 644 174 274 834 240 111 951 738 0 646 934 548 452 718 822 804 726 944 637 592 423 529 611 183 820 662
648 811 689 735 853 677 594 1037 848 101 706 879 713 490 402 325 650 607 1027 114 182 538 644 851 744 1141 790 459 523 852 405 685 622 725 714 1036 476 360 857 614 985 863 649 181 622 607 512 440 986 204 638 313 882 660 371 778 683 963 567 781 507 482 458 566 543 622 646 0 550 99 194 699 176 665 926 967 588 962 731 361 61 796 841 526
876 304 544 285 554 958 829 739 581 499 901 780 197 385 238 541 100 199 874 592 396 14 391 622 745 923 928 453 470 877 189 147 777 866 450 749 832 190 644 99 650 608 259 377 134 907 666 113 869 373 217 379 401 264 448 1062 988 897 370 982 670 99 694 823 33 323 934 550 0 564 605 430 530 303 721 596 395 886 725 404 512 998 521 320
549 799 619 713 798 580 494 976 788 193 607 797 707 433 380 236 665 587 947 211 167 550 594 785 655 1067 692 389 453 758 446 687 525 627 660 973 381 379 789 614 931 801 621 231 616 510 417 451 903 191 617 262 860 633 300 682 587 875 515 682 412 483 359 467 563 581 548 99 564 0 95 647 274 632 854 919 534 875 643 300 69 697 790 481
454 812 572 717 766 484 400 935 750 288 513 730 728 406 395 172 704 596 883 303 215 591 571 741 581 1009 601 347 409 676 510 715 436 537 631 930 288 430 742 642 899 760 622 310 638 414 334 492 835 235 625 256 863 634 263 586 492 801 493 587 328 515 269 371 609 570 452 194 605 95 0 621 370 626 802 894 507 802 570 278 159 602 762 468
630 340 152 231 155 731 602 346 162 712 624 361 340 215 327 462 457 233 443 795 521 424 55 193 380 501 608 279 228 500 558 385 508 561 20 349 699 474 213 355 285 185 181 606 317 707 447 420 441 503 225 387 320 181 358 816 773 480 132 692 454 369 523 615 464 109 718 699 430 647 621 0 783 137 290 273 114 467 362 347 639 707 142 177
821 823 803 767 939 854 767 1129 942 86 878 1012 718 592 459 481 621 641 1154 99 277 521 728 955 891 1256 958 582 643 1006 350 676 788 892 800 1131 652 354 965 614 1065 961 694 178 633 783 673 438 1119 289 672 421 908 704 500 955 859 1105 656 954 669 491 627 740 513 690 822 176 530 274 370 783 0 720 1038 1036 681 1102 876 478 216 969 920 606
724 225 280 111 252 821 688 440 278 659 727 499 204 238 264 488 320 103 576 748 483 298 120 322 505 620 724 320 293 630 452 248 605 671 156 449 758 382 345 219 358 305 44 542 181 787 524 314 578 461 88 372 242 43 376 913 860 618 160 801 530 259 587 696 337 66 804 665 303 632 626 137 720 0 420 318 167 605 487 350 609 816 221 160
627 571 236 485 191 726 623 175 148 959 591 164 606 445 601 630 738 522 159 1033 763 714 337 98 308 218 527 467 402 360 846 660 513 510 270 158 777 756 77 640 220 120 465 866 601 730 521 708 181 749 508 618 505 462 555 781 772 254 391 631 530 660 613 651 754 400 726 926 721 854 802 290 1038 420 0 282 363 237 302 565 864 641 231 447
849 353 363 313 143 951 831 173 182 971 827 440 427 488 576 733 577 411 423 1058 786 595 325 234 547 390 781 550 495 630 764 488 726 751 263 192 953 700 256 499 74 194 351 857 462 940 692 629 461 766 385 658 261 343 631 1022 996 536 403 881 701 573 777 851 630 346 944 967 596 919 894 273 1036 318 282 0 387 520 535 620 907 892 133 440
556 392 150 279 265 653 521 450 261 607 560 388 360 101 237 350 445 222 500 687 413 385 65 274 355 581 562 169 128 485 489 391 438 507 126 450 600 395 287 341 397 279 195 506 309 621 358 356 484 396 229 275 400 201 244 745 693 504 28 635 365 315 426 530 425 102 637 588 395 534 507 114 681 167 363 387 0 494 335 233 528 650 256 85
497 788 343 691 418 583 513 392 370 1017 443 106 806 541 717 638 923 697 137 1075 826 878 497 309 221 284 352 524 469 175 978 853 412 363 450 370 692 878 282 820 455 344 648 946 783 608 474 849 72 818 692 686 733 649 601 612 628 17 521 458 481 809 559 547 918 566 592 962 886 875 802 467 1102 605 237 520 494 0 232 627 903 463 456 577
325 702 210 591 397 425 321 475 353 790 293 171 690 348 524 407 781 558 325 845 603 714 366 303 19 467 250 310 265 151 786 726 211 216 351 460 484 682 285 677 494 341 523 727 644 428 245 667 269 597 562 468 677 527 378 488 471 232 358 346 253 636 334 350 753 431 423 731 725 643 570 362 876 487 302 535 335 232 0 410 673 358 424 405
476 549 329 447 497 554 426 677 488 396 508 535 477 132 165 145 493 335 675 467 200 390 295 489 427 782 554 103 165 552 398 479 389 488 359 675 435 292 496 408 630 502 351 319 394 502 270 309 641 191 360 58 590 362 44 659 583 632 216 591 272 305 289 419 421 292 529 361 404 300 278 347 478 350 565 620 233 627 410 0 300 607 490 191
605 762 628 682 793 642 551 976 787 131 661 819 666 429 348 269 613 554 966 172 127 499 584 790 687 1080 742 397 462 796 382 641 572 676 653 975 447 323 796 569 925 802 594 163 575 573 458 400 926 150 585 252 829 605 310 745 651 904 507 738 454 437 411 525 508 564 611 61 512 69 159 639 216 609 864 907 528 903 673 300 0 754 782 467
148 1039 558 926 755 158 202 816 711 885 99 480 1010 618 766 512 1073 866 599 905 743 985 697 659 345 748 114 545 538 291 1004 1035 221 145 699 798 354 899 639 975 848 698 845 871 948 218 337 914 533 749 878 652 1027 852 563 149 191 450 664 16 335 900 347 230 1020 753 183 796 998 697 602 707 969 816 641 892 650 463 358 607 754 0 782 696
727 339 235 260 39 829 706 219 86 851 710 360 382 357 461 600 522 324 390 936 663 517 197 146 438 407 674 417 361 536 672 439 604 637 130 228 822 597 173 431 145 112 262 742 392 814 562 534 410 644 303 530 277 256 499 905 873 471 275 769 571 479 646 724 555 231 820 841 521 790 762 142 920 221 231 133 256 456 424 490 782 782 0 317
589 372 234 263 332 681 548 523 336 535 602 472 318 83 153 328 380 172 585 619 346 309 121 356 424 664 617 167 158 557 404 338 478 557 194 525 602 310 370 279 461 357 168 429 251 642 382 272 568 327 189 219 402 178 216 779 718 586 56 680 387 233 435 552 348 101 662 526 320 481 468 177 606 160 447 440 85 577 405 191 467 696 317 0
