311
0 530 776 793 711 209 412 707 469 499 721 408 475 379 325 610 714 646 752 542 287 89 713 423 367 718 582 507 637 285 589 617 164 866 698 678 414 682 395 428 805 799 423 272 351 525 846 502 828 580 64 380 238 510 427 411 4 667 851 840 279 305 737 420 290 197 788 243 337 596 228 847 498 347 191 658 735 537 179 623 563 712 444 95 362 662 703 479 791 363 252 790 212 616 688 450 733 727 475 410 638 103 363 894 179 689 442 745 170 189 36 205 215 411 694 624 616 521 838 306 329 276 573 870 181 247 296 518 795 419 497 401 487 711 186 209 331 466 680 283 604 404 324 450 410 724 599 452 492 229 354 540 534 211 475 412 499 221 370 407 586 258 428 252 340 230 544 100 142 336 529 732 435 173 90 899 229 276 826 363 755 261 175 323 543 686 633 486 677 571 336 662 614 318 248 132 467 131 91 393 275 205 739 124 147 788 462 197 456 654 431 521 585 911 826 430 441 659 429 532 438 636 442 386 585 404 413 348 321 553 699 217 811 421 636 166 423 635 627 590 783 612 411 620 399 512 785 261 718 354 717 124 481 302 147 95 455 554 636 289 157 773 192 913 649 410 547 732 149 352 454 299 408 491 775 521 52 338 814 718 125 586 527 370 362 730 454 513 561 300 316 268 100 511 563 772 227 796 421 498 510 853 561 768 629 78 632 555 144 298 463
530 0 338 372 418 368 259 177 391 125 293 573 345 558 587 292 212 187 528 325 245 581 412 341 165 457 281 624 541 297 58 421 456 363 559 357 508 240 154 294 358 330 333 664 369 280 380 722 297 487 481 613 668 254 557 119 535 145 562 309 282 325 250 435 417 346 331 654 452 216 523 582 268 501 379 289 209 82 414 459 510 357 300 626 357 472 439 577 326 168 660 329 460 100 161 339 356 546 97 366 110 427 228 372 667 218 448 404 563 507 527 395 365 184 490 201 542 407 353 264 618 604 548 344 689 666 262 712 311 276 525 188 719 399 431 448 766 552 490 360 471 837 375 454 232 401 123 564 415 303 595 195 191 680 489 118 217 367 642 656 245 299 697 712 357 416 645 438 504 683 627 411 235 376 616 374 375 274 296 841 494 574 441 675 59 466 231 576 167 110 251 310 282 650 538 416 134 647 619 454 336 529 461 644 424 257 202 435 496 148 404 325 155 392 304 395 504 526 351 371 575 157 243 153 79 856 579 644 287 325 212 459 282 153 298 424 654 272 543 753 546 766 184 258 210 711 534 378 318 460 401 655 408 754 675 554 287 346 123 568 654 385 547 393 217 182 526 308 467 494 127 288 445 416 392 493 480 663 368 399 485 281 319 596 745 321 609 515 706 624 774 449 597 724 554 480 717 374 670 126 287 420 366 294 503 608 265 125 648 336 73
776 338 0 38 202 669 371 283 730 288 536 907 360 624 910 600 401 450 828 285 531 848 701 680 467 753 597 621 870 613 316 743 646 157 879 165 845 101 396 633 557 514 671 805 472 611 79 747 291 407 715 942 963 587 594 418 780 338 830 319 591 650 111 475 742 580 530 953 545 521 833 859 295 584 588 574 328 274 612 782 845 630 639 865 692 788 737 582 50 463 811 42 770 248 240 377 92 857 325 705 319 679 557 235 862 450 471 144 857 675 786 585 668 519 800 156 874 372 104 580 719 917 884 245 954 963 573 725 88 614 512 377 753 685 732 757 1064 891 804 516 799 1138 705 793 569 165 216 902 403 559 679 236 517 963 489 414 279 562 968 721 194 602 759 999 689 729 623 676 795 998 610 690 344 603 867 257 559 501 263 1125 784 888 630 989 287 775 518 577 371 416 576 598 179 966 852 645 473 863 867 791 511 687 751 900 636 303 540 740 835 375 742 305 203 234 384 433 842 849 402 704 912 181 339 414 259 1152 913 966 612 652 427 621 335 363 163 625 709 149 873 734 839 738 366 557 545 727 823 696 70 793 173 893 746 1046 923 763 625 674 359 685 856 82 712 242 488 517 863 44 760 826 335 477 782 754 90 460 734 981 37 682 688 597 294 925 1056 54 636 854 690 940 1065 584 863 745 498 760 993 39 729 288 620 83 300 486 830 852 559 239 856 660 401
793 372 38 0 181 694 384 321 764 313 574 937 362 622 938 637 439 488 866 285 556 867 739 712 494 791 634 612 906 640 351 779 658 181 915 154 876 132 420 666 595 551 704 810 479 647 91 739 326 395 731 971 985 622 590 446 797 376 868 354 618 679 149 475 771 598 568 976 549 558 859 897 304 586 604 612 366 304 625 818 880 668 672 880 723 825 775 575 82 490 817 74 795 283 278 380 78 894 352 737 357 698 587 262 872 488 469 119 880 685 804 599 693 551 838 182 909 367 128 608 720 943 919 275 972 986 600 716 122 647 504 397 746 723 757 782 1087 923 841 527 835 1161 735 825 601 143 248 933 399 580 679 254 553 983 483 442 294 576 996 718 207 628 756 1021 719 755 611 693 818 1024 599 728 359 620 884 285 573 520 298 1146 822 913 642 1014 318 812 555 570 409 453 605 636 184 992 878 661 506 876 883 822 524 695 788 917 651 340 574 765 867 413 775 307 230 258 420 435 874 886 406 740 943 215 353 439 293 1174 943 993 641 688 465 630 371 386 165 639 705 159 909 722 877 724 386 594 577 718 861 724 75 823 152 908 780 1068 939 776 659 710 396 688 867 53 720 267 526 548 898 65 783 856 360 493 814 788 59 451 752 1008 43 720 700 633 296 954 1081 62 630 887 678 966 1087 592 882 737 485 798 1012 3 726 313 655 60 295 524 866 868 596 267 868 689 432
711 418 202 181 0 659 306 441 791 312 679 932 239 472 913 709 554 580 945 169 526 794 825 733 486 873 699 442 956 623 424 840 558 360 977 61 880 219 398 689 718 677 725 675 366 696 272 571 482 221 647 954 927 669 433 446 714 480 968 510 597 670 287 333 756 529 689 922 418 631 822 992 221 445 520 698 492 336 533 876 917 762 700 789 728 891 855 410 252 478 686 245 760 362 392 262 110 965 356 752 450 628 591 438 757 592 322 63 827 571 729 506 659 568 908 225 954 216 306 595 576 905 953 445 892 931 583 545 289 668 339 355 580 811 717 747 1028 932 908 429 886 1103 729 843 620 37 307 938 251 527 531 233 609 916 324 442 244 490 972 561 176 601 596 955 718 726 437 615 766 985 427 820 292 544 799 459 481 461 456 1073 908 877 543 974 359 884 639 403 514 522 602 721 137 956 843 581 541 772 797 827 436 576 875 834 564 484 609 728 881 511 793 190 264 437 566 301 884 943 286 784 943 293 282 420 355 1110 938 964 635 742 574 519 518 361 119 546 546 147 956 545 961 546 346 672 592 548 948 703 146 819 29 813 809 1005 850 674 690 762 488 552 756 128 601 445 616 565 929 180 734 848 348 420 823 819 124 285 679 973 224 809 602 700 183 937 1036 158 467 912 503 930 1022 473 808 567 310 891 938 183 567 312 701 222 154 645 919 780 677 293 760 678 456
209 368 669 694 659 0 357 539 270 381 516 290 453 479 254 401 525 450 549 498 138 226 503 218 207 510 373 598 451 81 422 412 258 728 506 612 261 568 274 218 601 598 217 452 361 315 729 634 659 594 197 298 299 301 513 257 214 489 644 667 86 96 606 451 117 166 585 287 395 391 165 642 439 428 208 450 558 401 233 423 380 503 234 296 160 461 495 559 672 208 436 673 101 465 530 431 649 530 345 209 465 135 163 741 386 493 474 677 194 315 189 242 5 214 492 513 433 516 710 109 471 249 399 712 331 298 107 642 667 209 549 306 623 501 63 88 399 319 479 293 408 471 128 269 203 661 465 314 498 138 478 445 330 313 517 260 418 232 312 542 501 69 573 343 138 68 633 168 136 330 615 522 367 175 275 742 249 203 662 473 549 219 255 320 398 482 428 564 493 383 134 453 537 299 184 179 275 341 281 221 265 340 531 294 210 615 257 71 289 469 238 481 466 761 641 440 280 467 419 326 310 504 378 255 437 489 296 305 112 344 506 304 634 309 559 229 552 548 443 707 579 727 316 413 197 637 580 66 624 193 656 324 284 385 330 282 245 346 455 420 365 687 341 761 447 214 372 629 99 209 334 254 231 295 692 553 160 315 705 508 251 376 484 282 387 633 554 341 669 272 406 338 241 641 609 564 351 697 557 381 300 752 530 568 436 275 425 431 353 90 295
412 259 371 384 306 357 0 400 533 146 550 640 105 304 611 519 468 445 746 141 232 491 645 470 219 681 500 365 714 333 305 619 274 485 750 267 595 287 135 434 617 589 463 446 118 474 447 464 504 259 348 655 621 447 299 202 415 394 800 525 306 383 357 176 461 223 591 615 202 455 517 815 86 250 220 532 447 204 241 649 662 601 448 496 450 673 663 317 395 209 449 392 457 288 361 90 321 751 161 484 356 323 324 533 490 477 190 334 520 306 426 214 358 320 698 232 707 175 448 310 378 600 694 518 593 624 295 453 407 413 269 82 463 635 413 444 722 651 693 144 651 797 443 572 367 314 244 653 170 222 348 142 409 611 232 197 93 192 670 405 177 306 446 650 436 425 387 313 459 679 369 650 30 241 502 545 188 155 491 771 721 572 258 668 225 677 479 317 422 363 325 551 202 650 539 280 321 492 501 545 139 320 691 536 267 477 377 424 606 405 524 124 208 545 543 136 605 712 94 547 655 271 32 155 259 805 646 661 354 521 471 251 509 112 224 254 400 225 712 494 769 507 80 497 337 452 760 407 309 530 308 523 551 699 556 391 443 537 379 334 484 361 343 550 471 317 667 327 428 556 131 114 545 562 363 245 375 668 409 636 316 501 127 638 729 322 350 645 446 625 717 221 505 466 307 715 636 387 417 146 472 444 173 554 684 485 506 192 484 389 244
707 177 283 321 441 539 400 0 503 254 253 709 460 705 739 334 118 176 551 415 421 756 422 466 341 476 338 751 612 463 118 480 628 230 611 382 639 222 324 421 278 236 458 831 518 368 287 861 121 578 658 757 836 349 695 296 712 66 547 133 452 483 171 568 572 522 249 821 602 259 685 576 376 651 553 298 52 197 587 521 601 349 421 803 499 521 461 705 247 345 829 253 625 111 49 463 344 584 251 495 74 604 386 211 842 168 576 402 732 677 703 566 535 335 529 227 621 510 244 431 776 763 641 178 864 833 432 847 215 407 645 346 861 406 600 614 932 674 534 523 542 1000 524 573 373 411 164 691 528 480 748 284 277 852 611 295 328 539 791 805 305 471 846 882 504 580 766 615 675 840 749 409 371 551 793 208 544 448 123 1011 505 734 613 833 179 503 246 703 92 177 413 323 329 807 698 592 274 824 796 588 502 697 471 820 599 81 326 603 616 103 526 423 211 234 144 524 628 586 481 459 706 156 375 327 141 1023 714 796 446 401 144 627 110 313 335 597 800 304 617 878 559 888 339 288 360 847 542 540 302 602 415 832 516 922 851 730 404 422 98 728 830 357 716 232 213 334 624 275 638 637 281 455 574 522 365 603 657 819 298 402 660 337 414 741 905 296 745 622 831 782 943 611 772 862 658 479 890 322 818 254 381 349 451 205 570 785 288 211 824 494 246
469 391 730 764 791 270 533 503 0 478 355 222 639 733 287 212 431 344 283 658 314 453 266 63 315 256 190 843 187 225 418 151 524 730 237 733 148 632 404 101 431 447 69 722 583 139 766 895 605 792 466 283 445 153 759 346 472 438 386 601 250 180 635 674 182 415 426 423 638 257 294 379 593 678 463 272 495 465 493 154 129 296 91 541 109 193 244 800 714 325 706 718 267 484 519 622 744 260 435 60 434 406 209 713 648 379 696 788 372 582 440 496 264 223 225 590 175 708 733 234 737 338 162 678 535 435 251 899 694 123 777 456 885 269 282 265 515 172 211 527 138 568 144 72 171 781 515 191 700 368 740 557 226 486 741 351 554 480 324 805 616 264 838 498 131 239 876 438 346 395 857 291 529 433 512 706 496 414 619 614 291 317 518 393 447 219 287 804 422 327 211 262 655 365 292 446 257 597 520 111 495 608 280 519 475 557 189 273 114 403 42 648 541 736 548 651 129 198 618 75 210 548 540 382 470 600 226 339 191 127 401 565 561 438 674 493 813 652 182 961 314 979 462 250 200 895 317 209 708 146 779 565 18 521 557 550 104 114 404 685 626 775 610 733 320 225 137 700 323 176 444 465 91 29 782 768 424 369 759 279 521 194 647 270 462 712 806 123 919 346 541 591 465 901 828 314 531 766 820 479 124 811 697 430 167 520 258 507 612 182 337
499 125 288 313 312 381 146 254 478 0 418 631 220 451 625 412 325 312 647 201 242 565 535 421 183 577 398 506 644 327 162 533 390 367 669 255 573 188 108 377 479 448 413 583 263 387 351 609 361 361 441 660 674 360 444 137 503 249 687 380 305 369 238 318 459 302 452 664 348 340 545 706 142 397 321 413 300 57 351 568 604 482 387 591 420 585 559 458 295 177 583 295 482 142 216 217 274 661 43 441 211 398 282 402 609 340 329 312 569 433 504 327 379 256 606 132 642 282 339 296 522 629 640 383 672 675 287 598 296 356 403 101 609 523 444 468 776 624 604 274 576 849 427 532 308 303 104 632 291 274 494 79 306 676 368 133 92 300 683 551 137 314 592 712 413 441 524 399 507 710 507 535 118 328 589 411 303 222 350 839 615 600 374 700 80 582 356 457 278 235 297 435 176 678 564 371 230 599 590 520 257 451 583 620 369 332 297 452 571 263 482 200 87 417 396 276 576 634 232 473 639 139 124 125 112 864 637 680 332 434 331 380 363 77 196 363 547 176 644 634 667 646 92 382 280 597 655 411 245 516 300 620 496 758 646 501 377 453 237 476 599 310 472 421 343 253 616 248 471 547 47 213 515 506 315 369 453 694 324 523 427 399 194 643 768 253 495 600 587 652 778 359 580 611 429 604 708 316 564 0 390 370 242 413 609 576 389 56 596 378 144
721 293 536 574 679 516 550 253 355 418 0 577 639 840 637 142 136 106 305 615 452 741 177 349 386 233 165 916 399 436 263 269 699 468 382 618 503 466 428 318 84 91 344 914 653 223 537 1007 303 779 690 638 776 225 845 367 726 200 294 288 441 429 425 726 494 577 72 757 733 125 618 323 561 782 621 83 214 368 657 307 411 101 308 812 406 295 220 868 500 396 906 507 571 318 296 633 591 346 390 377 229 627 357 421 886 87 740 648 685 756 705 646 511 311 294 455 414 701 492 414 887 680 450 385 841 769 425 1000 467 317 819 473 1003 161 563 563 858 520 304 631 336 917 443 426 313 654 375 542 709 524 871 481 187 807 782 370 510 619 678 935 521 463 974 828 420 528 938 649 640 745 919 159 528 606 791 406 631 525 327 952 256 655 686 742 342 269 88 868 166 187 385 98 553 714 623 639 263 851 797 463 602 781 223 809 657 262 259 560 465 168 392 617 422 444 217 687 483 365 644 287 563 386 537 417 330 947 581 691 404 227 108 716 250 439 564 664 935 534 408 1044 310 1058 472 108 322 998 292 486 549 492 656 840 360 858 846 774 291 244 191 835 869 608 794 438 80 313 440 526 607 525 419 556 444 361 616 787 669 720 551 154 717 161 610 624 812 545 897 450 997 692 879 718 756 1010 848 227 851 576 949 419 241 602 656 80 357 791 98 404 859 439 313
408 573 907 937 932 290 640 709 222 631 577 0 740 756 100 434 649 562 443 779 408 352 470 243 448 445 413 880 287 308 612 343 527 930 353 880 74 806 534 288 652 669 251 681 651 359 954 900 818 883 437 67 278 368 795 493 410 646 559 816 335 262 823 741 178 455 648 255 681 477 180 540 716 710 493 494 708 633 511 325 217 512 289 447 215 363 439 843 899 455 660 902 209 672 719 718 905 399 589 214 637 395 350 921 573 598 764 941 252 576 372 526 287 389 391 757 260 805 925 337 729 166 204 887 396 264 349 912 884 302 838 577 887 477 252 219 319 78 373 582 293 360 204 150 342 929 691 54 788 428 746 705 437 330 807 498 688 520 109 806 764 334 831 327 218 223 916 428 266 191 899 498 645 460 412 916 536 491 830 422 470 162 528 194 620 398 508 849 635 532 333 483 801 168 162 451 442 513 421 121 555 598 470 403 483 771 383 238 116 614 187 764 707 944 767 730 96 324 708 292 32 728 657 513 652 396 6 132 298 349 620 579 777 571 823 505 819 807 274 981 473 1002 586 472 362 907 484 233 874 114 925 462 216 334 438 503 306 334 611 683 550 940 591 942 540 391 188 872 268 84 588 543 136 217 946 844 384 164 939 488 506 416 765 60 254 880 833 157 946 159 352 620 358 909 899 503 372 940 820 631 343 990 813 652 301 428 480 671 534 254 506
475 345 360 362 239 453 105 460 639 220 639 740 0 265 705 618 544 532 848 77 335 560 745 576 325 782 601 291 820 436 382 724 319 497 855 219 698 299 240 540 700 669 569 448 126 578 440 405 550 153 410 751 698 551 242 305 477 467 898 574 409 486 378 117 562 303 673 695 186 552 608 915 84 224 287 628 510 275 296 754 768 697 554 550 555 778 764 245 395 315 456 390 550 350 415 24 288 855 249 590 429 398 430 557 519 560 118 283 602 332 495 269 454 425 802 254 813 69 452 414 359 688 800 549 655 703 399 389 416 519 184 186 408 733 505 537 798 754 797 191 756 873 546 677 473 258 296 756 70 314 319 176 509 683 150 301 133 255 763 365 176 406 405 723 540 521 306 381 543 767 289 747 115 314 561 572 245 249 532 838 822 661 304 754 300 780 573 243 498 453 431 647 181 739 630 347 423 532 559 648 203 339 791 597 327 531 481 517 710 484 630 55 250 565 604 73 709 818 46 652 756 312 105 260 325 877 746 752 458 625 551 280 565 212 197 309 355 213 818 418 870 428 182 594 443 389 861 506 291 632 250 574 657 773 612 435 549 642 458 325 517 326 364 572 561 422 773 317 514 656 223 199 649 668 326 148 446 757 395 735 363 602 65 735 812 306 290 750 370 714 789 235 573 405 209 814 702 365 375 220 577 420 86 633 790 542 602 249 521 492 342
379 558 624 622 472 479 304 705 733 451 840 756 265 0 690 784 770 738 990 339 426 467 908 672 466 934 760 127 920 508 608 854 229 763 969 471 739 564 412 651 913 888 668 214 189 720 704 167 806 268 329 744 616 695 53 474 379 698 1063 828 483 554 642 148 596 318 888 622 107 733 587 1071 343 58 271 809 752 508 246 875 854 877 668 413 628 907 917 104 660 454 230 656 547 593 665 253 546 983 462 674 660 361 543 822 329 774 153 528 546 190 413 238 483 563 936 517 906 257 718 502 105 650 877 812 530 626 485 166 682 632 149 370 162 900 504 537 703 797 927 214 868 772 604 746 597 501 546 789 224 365 59 432 678 582 150 470 383 253 741 100 442 469 141 622 608 539 165 329 503 715 150 918 333 303 439 836 237 330 790 711 975 631 228 702 529 919 761 112 724 654 530 824 446 695 609 305 588 368 433 700 246 175 949 473 273 781 627 518 768 706 709 319 505 831 848 192 759 929 230 771 782 569 329 423 563 764 762 722 542 763 771 177 814 405 461 251 95 478 914 228 1017 248 374 771 570 163 1012 545 554 671 492 428 750 670 473 296 669 775 681 102 337 581 194 837 760 561 849 582 490 683 431 288 709 761 580 196 381 715 658 904 258 763 330 731 741 569 76 819 190 675 681 141 474 172 211 977 585 626 112 451 713 678 328 853 899 416 782 495 348 555 527
325 587 910 938 913 254 611 739 287 625 637 100 705 690 0 496 692 607 535 753 388 260 550 288 443 530 472 816 384 298 632 425 460 950 450 865 151 809 522 327 716 728 295 596 605 413 964 826 853 842 363 54 178 417 732 492 327 679 650 854 320 261 836 691 169 407 709 154 624 526 103 634 693 648 439 555 745 637 451 412 311 583 333 353 241 452 522 782 908 447 574 910 155 687 742 683 898 494 586 259 665 332 359 950 481 646 715 929 159 504 289 469 253 405 482 756 357 767 940 330 653 65 303 918 296 164 338 840 897 336 785 558 811 555 200 168 229 177 464 534 382 281 214 225 366 914 698 154 746 391 674 694 478 229 756 496 671 468 58 731 752 313 753 227 234 186 853 362 187 108 837 576 621 406 317 947 484 457 862 330 559 66 464 106 628 485 560 788 672 564 336 548 788 78 80 389 464 420 326 175 510 524 555 306 420 806 415 188 201 650 246 736 707 971 812 686 181 419 669 362 133 736 632 502 663 313 102 57 300 413 666 514 817 558 811 443 745 798 371 910 566 932 568 529 380 834 575 214 871 145 909 366 287 239 339 421 350 402 644 610 459 935 515 970 590 407 284 872 201 112 580 506 195 291 940 796 310 83 945 565 434 475 739 46 175 879 767 251 878 62 259 559 264 834 848 588 272 941 745 625 396 994 784 707 394 335 538 671 442 251 516
610 292 600 637 709 401 519 334 212 412 142 434 618 784 496 0 237 157 236 612 367 620 126 212 318 165 28 874 279 325 289 147 613 563 279 647 361 513 384 187 219 234 208 827 605 88 618 951 416 769 588 495 642 100 797 318 615 268 281 407 337 307 493 688 361 492 213 622 678 78 484 296 551 725 539 59 311 374 574 187 277 102 174 697 272 188 147 827 572 329 816 578 442 356 364 608 637 258 374 239 280 523 255 531 783 180 705 690 555 673 590 568 395 222 201 487 289 686 577 310 815 542 317 495 715 634 325 948 545 192 787 437 945 116 440 435 720 379 204 569 210 777 311 284 203 689 404 400 688 438 806 486 109 676 750 322 502 544 536 871 537 358 909 694 289 402 900 550 515 604 882 134 503 518 673 520 557 454 435 816 203 518 603 602 350 176 88 828 243 187 279 53 574 574 488 545 198 742 680 322 538 698 172 688 568 370 159 435 323 230 251 609 444 554 345 654 341 252 613 145 421 427 513 368 355 808 438 550 289 85 205 640 367 407 589 579 874 562 285 1000 254 1016 438 45 222 946 243 361 596 352 690 724 218 722 725 673 160 103 242 762 764 661 708 550 123 224 304 579 484 384 396 495 303 219 668 764 559 579 622 120 625 24 604 482 672 596 847 311 955 553 743 651 634 956 826 196 721 638 886 412 105 675 654 219 237 676 49 416 752 316 276
714 212 401 439 554 525 468 118 431 325 136 649 544 770 692 237 0 86 439 509 429 750 310 407 351 365 248 831 515 444 163 382 661 334 507 493 575 337 365 365 164 126 399 873 581 292 401 932 179 674 673 703 810 280 767 317 719 77 429 170 441 452 290 643 533 545 135 793 664 174 654 459 462 714 583 192 78 269 619 422 514 235 361 809 451 417 350 784 364 358 868 371 599 200 164 542 461 475 308 436 114 613 362 294 865 57 654 519 711 715 704 602 520 310 421 333 526 600 356 416 830 726 554 258 856 805 421 922 330 356 728 400 931 294 580 588 900 604 429 572 447 965 483 504 334 526 258 623 614 496 808 375 213 833 693 319 411 575 740 869 406 461 909 859 460 554 849 630 659 798 832 294 442 575 794 283 583 480 198 987 391 698 647 793 244 395 149 783 46 143 391 215 435 765 664 613 250 839 798 528 547 737 357 817 625 133 280 581 546 64 461 514 307 318 120 601 561 485 557 376 640 262 449 360 220 991 653 749 419 315 31 669 130 366 443 628 866 412 522 959 445 971 396 191 330 921 427 511 418 549 529 838 441 895 851 752 343 335 89 780 850 475 754 313 114 310 540 393 622 584 338 499 512 445 483 691 662 775 415 288 687 246 506 688 865 413 819 542 912 742 916 661 766 934 749 363 875 440 882 325 307 466 548 92 473 790 188 297 843 463 260
646 187 450 488 580 450 445 176 344 312 106 562 532 738 607 157 86 0 378 509 366 676 251 320 294 303 165 811 437 369 158 304 608 406 435 518 489 371 326 280 174 155 313 822 550 205 462 904 262 673 609 617 729 193 741 269 651 113 388 256 368 372 340 621 450 488 150 711 631 88 572 413 455 680 529 124 154 262 566 345 430 182 274 739 366 344 287 763 419 302 815 425 518 218 210 527 497 408 284 350 132 547 286 375 804 43 635 552 632 664 634 552 445 236 352 354 446 594 421 342 789 642 471 339 780 723 350 896 389 272 713 370 901 235 503 508 818 517 358 532 368 881 399 417 253 556 273 536 603 437 771 376 128 754 676 271 404 525 654 834 418 390 874 779 377 474 832 567 581 713 814 241 422 517 722 365 535 430 279 906 334 614 595 708 236 326 70 763 85 85 316 148 451 681 581 553 179 773 727 442 504 688 300 744 568 215 197 502 459 74 374 511 319 398 205 581 474 410 538 291 554 288 431 317 226 908 566 664 341 230 59 621 217 335 463 574 833 433 443 939 389 953 367 112 253 895 373 431 455 463 557 769 355 814 779 691 257 251 92 738 788 517 702 394 38 236 455 434 546 498 314 457 426 359 525 681 594 689 469 232 630 163 504 602 780 452 793 457 892 657 835 620 692 907 741 312 796 489 848 313 220 522 550 122 395 720 111 299 779 383 212
752 528 828 866 945 549 746 551 283 647 305 443 848 990 535 236 439 378 0 847 563 735 129 331 533 74 249 1090 163 492 523 138 796 773 107 884 384 747 610 341 333 372 333 1000 822 273 838 1156 609 1000 746 509 709 299 1009 543 756 490 116 592 513 455 718 909 465 679 348 686 888 314 568 99 785 932 728 254 517 611 761 129 225 204 324 824 390 89 91 1044 797 544 985 803 549 590 588 836 871 54 608 341 509 684 446 727 931 383 927 925 648 855 723 760 543 431 57 722 190 917 795 490 1007 596 246 690 810 697 507 1156 766 358 1010 664 1147 145 566 548 762 365 72 776 153 801 427 317 393 926 640 391 916 628 1004 723 342 755 973 548 737 740 552 1070 774 530 1105 760 412 522 1119 715 628 634 1100 147 733 702 794 711 755 660 632 864 53 581 788 636 587 70 310 1046 459 423 461 229 811 610 562 720 425 881 802 376 744 881 82 799 747 568 369 556 333 452 322 843 681 750 519 878 354 121 839 223 415 661 743 591 591 838 443 575 455 227 408 831 555 636 826 762 1076 798 176 1213 31 1230 666 274 420 1153 42 491 830 416 926 848 272 775 837 831 321 215 469 954 910 893 886 744 339 433 255 811 606 436 629 706 356 263 901 991 707 607 847 151 798 248 839 502 696 829 1058 285 1169 597 793 851 746 1161 1053 92 800 867 1085 648 277 900 888 379 141 803 270 653 896 459 508
542 325 285 285 169 498 141 415 658 201 615 779 77 339 753 612 509 509 847 0 370 625 736 597 344 778 597 348 834 471 353 729 391 427 863 142 732 232 254 557 670 635 590 525 201 582 365 469 494 165 477 795 759 555 311 314 545 431 888 519 444 519 312 190 601 361 642 754 264 541 659 907 64 300 351 614 466 247 364 762 787 682 570 620 583 782 760 305 322 335 533 317 598 309 367 97 211 859 238 613 394 459 451 491 595 533 187 207 659 408 560 337 499 438 804 195 829 97 380 445 435 741 821 485 723 763 431 450 346 536 238 204 474 724 554 585 860 786 801 260 767 935 579 703 488 184 252 790 122 363 394 134 505 747 209 309 109 320 811 436 113 445 475 786 571 566 357 445 599 820 342 736 133 375 630 507 312 297 474 904 816 713 376 809 273 781 557 301 464 436 457 636 108 791 680 412 424 606 628 680 267 416 784 665 394 480 488 566 739 453 654 22 203 497 556 149 739 827 122 663 793 260 122 276 289 941 785 802 488 629 520 354 514 220 121 378 425 141 832 470 867 478 197 583 458 451 856 547 215 668 176 646 677 836 682 508 562 648 427 403 593 249 441 504 542 435 795 243 569 694 219 252 679 687 249 191 509 809 319 724 434 599 14 779 869 230 355 775 424 766 853 311 638 468 244 805 769 288 445 200 583 342 41 600 800 612 590 212 596 526 339
287 245 531 556 526 138 232 421 314 242 452 408 335 426 388 367 429 366 563 370 0 336 487 252 80 509 341 531 501 101 302 427 248 595 546 477 363 431 135 225 534 522 246 463 268 295 592 592 542 484 244 427 433 272 448 127 292 380 639 553 73 151 471 359 230 126 513 422 326 331 303 646 308 369 172 402 448 266 208 450 442 466 242 382 221 481 492 486 536 76 454 536 239 336 405 315 511 557 208 260 350 184 117 614 438 408 381 541 327 307 282 201 137 145 509 375 490 403 575 81 449 387 470 588 445 433 64 593 532 206 462 171 584 480 201 226 534 419 500 214 444 607 211 343 170 526 330 421 390 72 442 307 270 440 427 128 283 178 446 508 364 75 545 473 205 201 562 201 266 468 543 499 237 153 371 618 192 99 541 602 550 357 236 458 266 493 365 489 390 287 104 413 400 437 322 187 189 409 375 313 182 332 525 398 204 501 207 209 375 367 299 356 329 633 538 338 373 506 308 345 422 369 248 117 307 623 414 441 125 337 416 273 523 171 423 213 513 410 497 651 590 669 180 363 145 590 586 176 486 298 521 412 332 518 429 324 242 348 349 396 422 549 343 635 375 143 443 491 229 324 196 150 314 344 554 455 235 453 567 485 265 344 357 411 525 495 496 418 608 410 538 288 352 598 515 555 474 559 523 242 287 613 405 489 476 364 375 294 414 157 175
89 581 848 867 794 226 491 756 453 565 741 352 560 467 260 620 750 676 735 625 336 0 711 418 416 709 592 594 606 307 638 604 254 928 670 759 372 752 458 432 826 824 419 339 439 531 916 583 877 669 151 314 149 521 515 463 88 711 840 887 309 312 801 509 271 269 811 155 427 617 176 832 578 437 273 671 780 598 266 605 531 720 446 94 355 645 696 568 860 413 317 860 186 672 742 536 810 704 537 399 684 169 389 951 221 719 531 826 100 277 65 291 231 440 677 694 583 608 904 334 410 203 535 925 108 159 329 600 861 427 587 471 567 711 179 188 241 419 662 369 583 315 315 421 428 805 661 401 581 290 438 613 556 122 565 465 575 305 297 489 662 289 506 163 334 219 632 179 107 253 618 732 512 250 60 954 315 346 878 279 744 194 264 239 600 672 654 575 717 608 360 673 692 239 191 213 500 160 69 362 357 292 731 68 233 835 483 185 419 693 413 604 652 969 866 518 402 633 516 523 384 700 520 445 642 317 356 273 337 553 732 307 855 487 714 253 505 711 595 673 766 695 482 636 423 594 770 258 793 321 799 114 463 213 105 174 460 551 678 374 198 850 276 971 674 440 511 805 135 311 518 377 380 471 853 611 115 258 885 719 214 595 610 306 274 805 541 476 646 224 228 358 15 592 653 766 145 871 502 564 516 927 646 795 604 75 648 620 182 303 510
713 412 701 739 825 503 645 422 266 535 177 470 745 908 550 126 310 251 129 736 487 711 0 293 443 55 148 1000 238 434 401 127 731 644 208 763 401 622 511 284 215 250 291 943 731 193 709 1076 481 894 697 536 712 214 922 444 717 362 155 465 449 407 591 814 442 610 226 690 803 195 559 170 676 850 658 127 388 495 693 155 270 76 268 794 356 129 45 953 668 454 930 675 527 466 461 734 747 169 498 313 383 633 372 598 889 254 832 802 636 791 689 688 497 345 120 601 258 811 665 424 936 604 304 562 798 701 440 1074 637 296 913 563 1069 15 533 522 779 401 133 693 188 828 396 324 318 803 518 426 814 557 929 608 236 752 877 449 627 665 579 994 657 470 1032 764 376 492 1027 661 604 655 1008 28 629 635 768 584 679 578 504 879 83 584 721 656 469 97 186 955 331 304 393 104 692 627 558 660 325 844 775 376 662 816 49 778 684 439 281 526 354 325 309 734 561 622 393 780 375 198 740 191 449 537 639 494 470 862 473 598 396 159 279 760 427 533 706 697 998 678 248 1126 138 1142 565 153 341 1071 122 454 705 413 804 820 263 786 816 783 259 160 343 883 869 768 825 616 212 347 302 685 577 440 522 620 355 258 775 890 664 629 719 23 739 145 729 526 722 703 973 322 1081 610 806 774 724 1080 952 70 797 740 1009 536 204 771 778 253 199 773 147 535 857 414 402
423 341 680 712 733 218 470 466 63 421 349 243 576 672 288 212 407 320 331 597 252 418 293 0 253 294 186 781 249 165 373 194 467 690 297 676 172 580 342 46 430 440 8 669 520 125 720 835 574 729 415 296 430 128 698 286 427 403 427 573 189 124 589 611 151 355 422 409 576 238 272 424 532 617 403 270 465 410 435 207 191 307 46 502 63 243 280 738 667 262 654 670 234 437 478 559 689 314 377 29 395 353 146 678 602 358 632 732 346 526 397 437 212 165 274 536 238 645 688 171 680 330 223 644 507 421 189 838 649 65 714 394 825 293 240 229 508 211 262 465 196 567 103 113 112 724 464 225 637 307 681 499 194 465 678 291 494 419 334 746 558 203 780 482 84 199 813 384 311 396 795 314 467 375 475 673 435 351 586 603 332 306 460 392 394 263 271 741 391 289 147 265 597 364 275 389 206 554 482 122 433 551 315 485 418 527 142 233 155 371 62 586 487 701 526 588 163 257 555 108 239 498 478 320 420 597 248 344 129 136 379 506 534 377 617 435 754 596 245 899 361 918 400 241 140 835 362 163 655 143 721 527 81 510 523 500 63 133 368 627 581 722 555 699 301 167 198 648 284 178 385 402 107 92 728 705 377 371 710 301 467 189 585 281 464 659 744 179 857 342 531 531 431 841 765 349 510 715 761 421 108 762 636 419 226 480 251 452 568 127 282
367 165 467 494 486 207 219 341 315 183 386 448 325 466 443 318 351 294 533 344 80 416 443 253 0 472 295 558 495 145 222 402 314 520 531 432 393 365 90 215 465 449 245 529 289 260 523 633 462 479 322 477 506 234 479 50 372 300 598 473 124 186 398 375 277 194 443 494 360 270 368 608 279 407 235 345 368 195 272 431 444 411 229 462 241 457 454 511 467 11 521 468 304 259 326 309 457 534 142 269 270 264 107 536 514 335 394 493 401 371 362 259 204 102 483 312 487 395 503 113 503 451 477 509 524 505 105 630 460 193 477 141 627 434 270 291 606 446 476 251 431 678 244 359 147 481 258 452 389 144 490 256 212 516 440 53 243 233 501 555 315 138 593 549 232 262 586 278 341 532 567 452 214 224 452 539 245 139 461 678 513 421 301 522 190 463 301 513 312 211 115 359 353 499 385 261 124 488 455 340 220 395 485 478 275 420 164 276 396 289 310 333 264 555 459 346 398 493 309 328 458 297 225 67 230 696 454 499 150 306 340 330 443 126 375 279 557 358 492 683 558 699 147 306 117 628 551 229 428 334 477 492 333 592 510 400 223 320 269 450 498 493 409 557 306 99 451 429 304 365 139 177 337 344 498 460 316 514 502 438 336 297 332 460 591 435 529 430 638 473 612 335 431 638 522 512 552 497 569 183 256 550 383 416 464 445 317 228 491 195 95
718 457 753 791 873 510 681 476 256 577 233 445 782 934 530 165 365 303 74 778 509 709 55 294 472 0 181 1030 192 447 450 106 748 699 155 811 379 672 545 295 268 304 294 957 762 214 763 1101 536 933 707 512 698 239 951 479 722 415 133 521 465 415 644 847 438 629 280 676 831 241 550 136 716 876 678 179 443 540 712 120 235 131 278 795 356 86 18 984 722 484 943 728 523 515 514 771 797 113 539 310 434 643 392 654 896 309 865 851 629 808 692 709 505 371 69 649 215 850 720 441 957 588 265 618 791 687 457 1100 691 309 947 599 1094 71 534 520 760 372 84 720 153 805 395 306 338 852 566 397 851 577 952 652 273 741 910 483 668 687 555 1018 702 484 1054 751 378 492 1058 673 602 634 1040 78 666 653 767 639 702 603 560 861 40 569 740 635 515 50 236 986 384 350 410 154 738 607 547 674 359 848 775 361 688 834 25 775 700 495 308 526 330 378 298 774 608 677 449 815 351 151 775 186 421 587 677 527 518 840 447 575 409 172 334 781 483 570 753 714 1022 725 204 1155 89 1172 601 200 364 1098 78 457 756 400 853 820 249 769 813 792 271 165 394 904 875 819 840 672 265 374 267 737 577 425 561 648 340 243 826 926 670 607 772 78 754 179 770 503 699 754 1001 291 1110 592 789 797 721 1106 988 58 786 793 1033 578 222 825 819 309 156 774 196 581 862 420 440
582 281 597 634 699 373 500 338 190 398 165 413 601 760 472 28 248 165 249 597 341 592 148 186 295 181 0 852 275 298 283 145 587 569 281 638 339 508 364 160 244 256 181 801 583 61 619 927 427 752 560 473 615 72 774 298 587 272 303 419 309 279 492 667 334 465 237 595 655 79 457 315 535 702 513 83 320 363 548 185 265 130 147 668 245 192 163 805 572 306 789 577 414 351 365 589 631 265 359 213 280 496 228 540 755 193 685 682 528 647 561 542 367 197 209 479 282 668 580 283 790 516 306 504 687 607 297 925 546 164 767 417 921 140 412 407 694 360 209 545 204 752 283 263 176 681 397 381 669 411 781 474 92 649 730 302 487 518 513 847 526 330 884 667 261 374 879 522 487 580 860 158 485 491 645 530 532 430 444 790 221 492 577 577 339 185 99 807 249 181 252 81 563 549 461 518 178 714 652 298 514 672 191 660 541 380 133 407 303 234 227 593 435 563 360 634 320 252 594 128 400 422 495 347 348 782 417 526 261 66 217 614 379 389 579 552 850 552 279 978 270 994 419 59 196 923 260 333 591 327 681 696 198 696 697 646 132 87 243 737 736 656 681 559 134 199 291 575 456 360 380 472 279 200 663 745 531 555 621 144 598 3 589 459 647 591 824 295 932 528 717 626 606 932 807 217 693 636 862 398 77 674 639 239 233 648 67 406 725 288 259
507 624 621 612 442 598 365 751 843 506 916 880 291 127 816 874 831 811 1090 348 531 594 1000 781 558 1030 852 0 1031 619 668 956 355 772 1077 458 860 580 491 756 983 954 776 316 268 817 700 128 840 221 456 869 743 792 85 557 507 755 1155 865 593 667 661 189 716 433 956 750 205 816 713 1167 376 170 389 893 801 562 368 980 968 962 772 538 741 1010 1012 47 664 546 336 658 671 641 707 289 534 1087 526 786 717 485 646 839 444 842 177 504 673 317 540 356 602 659 1038 542 1018 252 722 610 206 777 992 834 654 753 592 103 691 737 110 442 138 991 627 661 829 917 1030 316 976 897 720 862 697 477 587 911 227 476 163 467 765 708 140 553 423 367 868 147 461 581 170 748 722 660 37 454 630 843 26 1007 389 422 565 856 350 432 822 833 1071 757 352 829 586 1020 842 48 785 728 635 910 455 823 735 429 675 489 559 819 348 302 1043 599 397 822 722 641 886 769 823 334 542 844 895 230 878 1037 274 876 905 603 382 506 614 888 886 849 652 863 836 302 856 476 464 375 126 487 1026 128 1115 142 443 857 669 106 1109 663 552 791 467 551 861 796 596 423 772 875 743 223 455 565 319 851 836 656 965 583 616 805 497 383 826 872 562 161 508 842 652 994 385 854 344 856 868 567 55 936 81 802 806 260 601 124 135 1070 709 615 145 505 812 662 323 918 1007 542 866 540 468 669 606
637 541 870 906 956 451 714 612 187 644 399 287 820 920 384 279 515 437 163 834 501 606 238 249 495 192 275 1031 0 412 554 132 708 843 66 896 237 778 582 280 451 483 255 900 770 260 894 1081 694 974 643 352 561 287 947 520 640 547 279 682 438 366 766 861 347 602 459 538 825 354 432 257 769 865 650 324 590 621 679 92 75 305 266 699 293 108 194 987 846 505 882 851 426 622 640 804 897 113 602 246 555 585 392 810 815 457 882 946 513 766 605 683 445 396 124 743 27 890 855 421 922 448 84 773 670 548 439 1086 821 301 963 635 1071 251 451 428 606 208 107 714 70 641 322 187 347 942 663 233 883 556 926 723 353 610 928 524 727 667 394 991 780 451 1023 611 314 408 1063 618 502 477 1045 265 708 619 667 798 683 601 713 709 203 436 703 481 600 142 367 991 522 453 397 303 818 455 422 629 415 760 675 245 683 791 215 667 659 649 347 440 188 509 212 825 696 833 616 836 207 42 802 171 257 692 719 560 615 679 286 418 379 217 483 751 643 614 837 678 999 812 13 1148 191 1167 640 325 377 1082 205 386 859 284 940 720 170 621 704 724 271 196 518 870 793 925 792 829 402 399 99 845 487 296 616 652 228 159 932 953 598 451 894 261 702 276 823 347 537 860 993 133 1107 445 639 779 615 1088 1014 241 654 908 1006 645 255 948 874 479 42 678 327 664 778 367 500
285 297 613 640 623 81 333 463 225 327 436 308 436 508 298 325 444 369 492 471 101 307 434 165 145 447 298 619 412 0 348 354 303 659 462 572 261 511 226 152 521 517 161 510 364 242 667 670 583 585 263 332 373 225 535 194 290 411 580 589 27 50 541 455 132 190 504 358 413 311 225 582 408 453 238 372 480 339 270 371 348 428 169 375 123 406 431 576 611 150 496 613 163 396 457 416 601 479 288 166 388 198 82 668 457 412 478 634 269 363 268 271 75 133 436 458 398 504 645 33 515 307 374 638 411 369 40 674 603 138 557 268 660 430 137 151 469 317 425 303 361 540 109 245 124 621 402 319 490 143 516 398 250 390 523 198 379 254 356 581 457 38 615 419 105 119 652 227 214 387 634 451 337 210 355 668 271 194 586 548 486 278 296 379 332 423 348 580 413 303 53 377 494 355 241 227 195 417 361 211 272 388 465 375 254 538 177 139 275 390 203 457 409 688 561 437 272 422 409 269 322 440 349 205 370 560 315 353 37 276 425 341 555 264 516 270 588 501 406 735 521 754 277 335 116 670 519 83 573 197 617 403 242 459 410 348 176 281 376 462 438 638 394 689 367 133 347 574 178 224 283 248 214 253 643 553 234 369 647 437 306 301 458 316 449 581 580 320 694 329 480 366 322 676 612 498 430 643 596 327 229 696 506 488 391 354 346 373 427 55 224
589 58 316 351 424 422 305 118 418 162 263 612 382 608 632 289 163 158 523 353 302 638 401 373 222 450 283 668 554 348 0 428 514 318 565 362 544 225 211 327 318 286 365 721 419 295 347 769 239 518 540 655 721 272 604 177 593 90 545 251 336 373 216 480 463 405 290 707 503 210 573 568 301 552 437 274 151 107 472 467 530 338 330 684 397 476 432 621 296 226 717 300 512 68 109 380 348 547 146 401 53 485 274 319 726 179 491 401 617 564 585 453 419 226 490 199 558 441 315 315 672 653 569 290 746 718 315 759 275 310 566 240 768 387 484 500 818 585 492 415 483 888 418 485 270 402 116 599 453 361 648 218 201 735 530 177 250 425 687 707 259 354 748 766 399 467 687 496 558 731 669 396 279 434 674 320 432 332 239 895 484 623 499 723 82 465 215 620 116 101 300 297 293 698 587 475 169 706 677 491 392 585 451 701 482 199 231 488 528 101 436 356 160 340 247 438 537 535 394 389 612 138 286 211 68 909 617 690 335 336 169 516 224 206 306 482 704 276 557 796 538 809 235 249 252 758 524 428 307 500 403 714 434 807 732 613 315 358 75 623 712 372 604 340 193 225 549 292 521 535 177 344 480 441 380 530 538 710 342 385 544 283 349 639 795 307 656 541 749 672 828 504 654 772 589 467 773 354 720 163 305 395 393 250 514 666 254 141 707 384 127
617 421 743 779 840 412 619 480 151 533 269 343 724 854 425 147 382 304 138 729 427 604 127 194 402 106 145 956 132 354 428 0 658 710 137 779 275 653 484 203 328 356 195 862 689 146 764 1019 561 877 609 410 592 173 875 418 620 415 235 550 375 317 637 777 333 542 332 570 753 223 444 230 665 797 590 192 458 503 623 40 145 181 186 692 254 54 96 911 717 413 848 723 418 496 510 710 775 132 491 206 425 547 310 677 795 324 797 825 523 717 589 623 406 300 82 622 145 792 724 353 869 482 182 641 685 581 370 1020 691 221 879 537 1011 136 431 416 655 273 74 641 67 702 292 200 258 823 540 298 790 491 867 611 230 635 842 423 619 603 452 933 665 392 968 644 276 388 986 578 497 530 967 155 608 564 663 665 618 524 581 756 140 463 650 531 480 69 235 913 390 326 324 171 703 503 440 582 304 746 671 255 609 743 130 670 609 516 242 423 227 377 192 722 577 700 484 748 248 106 711 85 321 567 619 464 492 737 345 472 317 99 350 693 510 512 720 624 939 694 139 1078 167 1096 541 192 287 1017 168 355 735 294 823 716 143 664 708 694 184 81 388 816 774 801 748 696 269 303 177 720 473 319 509 573 234 137 808 863 571 504 766 146 660 146 719 399 596 736 923 194 1035 487 684 714 616 1025 924 164 680 781 948 533 146 819 769 350 90 671 194 546 761 322 389
