98
0 589 687 911 859 580 280 844 581 134 413 393 431 1105 636 207 834 296 1043 919 572 921 798 280 88 820 884 1083 186 704 578 457 561 37 97 774 636 865 586 894 692 988 357 1228 632 722 706 390 840 1028 221 716 184 739 789 1194 863 570 977 646 1115 1021 340 807 947 953 660 852 841 192 547 1119 950 208 878 903 364 466 574 612 222 450 485 277 796 398 951 657 406 1048 810 643 794 1017 697 535 836 895
589 0 345 629 311 9 409 321 226 455 455 240 305 545 350 454 324 446 457 435 183 467 551 434 501 424 304 542 403 285 159 353 237 594 493 435 416 478 330 709 566 403 322 644 73 599 314 448 556 445 477 480 411 265 561 611 537 435 390 560 557 447 253 422 358 365 270 301 690 454 237 534 408 395 446 321 310 370 25 305 565 406 125 458 374 305 433 69 431 471 578 414 243 429 316 330 393 664
687 345 0 288 585 349 411 244 568 571 331 507 603 497 60 651 222 413 612 740 525 242 897 420 618 133 525 448 533 627 502 238 143 672 597 779 757 179 104 366 257 473 330 670 285 283 658 727 901 617 483 144 565 147 218 633 203 764 477 274 502 457 457 761 512 468 75 575 353 642 573 581 341 486 195 403 575 236 366 74 545 708 424 691 709 289 313 339 320 660 923 755 268 520 660 156 163 318
911 629 288 0 830 634 632 418 854 814 504 791 890 568 307 915 396 616 793 991 811 279 1179 631 857 224 752 495 785 905 788 460 426 889 833 1057 1044 184 352 144 248 634 573 756 564 235 936 1009 1180 807 691 195 822 384 125 724 97 1052 646 299 565 583 735 1034 709 649 359 820 182 904 860 701 461 730 250 591 857 448 651 349 726 994 712 963 979 536 405 613 506 854 1206 1042 487 681 940 393 284 73
859 311 585 830 0 316 717 420 303 730 765 468 466 487 613 684 439 756 231 162 294 587 448 743 771 605 99 528 679 214 283 660 524 872 769 315 411 650 609 941 837 302 633 488 325 865 239 596 423 204 781 729 675 450 798 467 732 478 280 841 502 381 523 265 193 255 514 10 937 691 339 390 435 686 592 276 514 675 312 574 870 527 377 657 208 617 488 268 741 204 476 402 343 289 251 623 548 882
580 9 349 634 316 0 403 330 220 446 451 231 296 554 353 444 333 440 465 438 177 475 547 428 492 430 312 552 394 284 154 351 238 585 484 433 411 485 331 713 568 413 317 653 81 600 312 439 553 453 470 483 402 272 564 620 542 428 400 560 567 457 243 421 367 374 275 306 693 444 230 543 418 387 453 331 300 367 18 307 558 397 115 448 374 301 442 78 427 478 573 408 252 438 313 329 400 668
280 409 411 632 717 403 0 594 508 188 149 328 420 863 358 317 581 47 858 820 480 651 810 26 226 545 713 830 176 624 473 177 299 261 202 740 640 588 308 625 424 772 95 1005 425 456 639 472 838 849 76 437 218 484 512 969 583 602 765 382 871 790 241 754 755 744 394 708 576 302 485 901 703 115 606 687 354 185 405 339 158 496 354 386 724 131 695 468 135 879 829 644 561 808 634 257 567 620
844 321 244 418 420 330 594 0 529 713 554 555 627 268 299 752 24 611 382 582 490 168 818 611 763 198 335 239 666 539 464 447 297 838 747 686 713 234 328 544 492 232 500 428 249 512 572 769 808 393 671 368 687 112 415 391 322 746 239 515 276 213 543 652 291 236 212 411 553 748 549 336 108 635 173 174 627 452 347 285 746 728 443 769 594 463 113 269 537 439 846 709 87 280 579 371 134 479
581 226 568 854 303 220 508 529 0 462 604 193 164 709 566 391 537 554 524 338 43 686 333 534 497 650 363 725 416 123 67 523 446 599 500 236 190 704 538 929 772 538 449 763 296 805 132 294 347 500 555 697 401 489 781 735 763 217 519 757 723 602 272 246 453 491 495 298 905 399 37 656 599 440 669 472 220 542 203 521 641 229 166 356 220 451 634 261 579 507 358 187 443 546 126 526 616 886
134 455 571 814 730 446 188 713 462 0 337 269 326 973 524 144 704 222 909 799 449 799 712 200 49 703 751 952 51 585 452 354 438 141 39 671 543 750 474 813 613 854 243 1094 497 645 592 325 748 895 163 618 64 611 696 1059 757 487 842 571 983 887 207 698 813 818 537 722 765 126 430 985 819 84 758 769 255 366 440 496 218 369 354 220 682 283 822 523 324 916 726 550 661 883 583 425 714 806
413 455 331 504 765 451 149 554 604 337 0 445 545 820 271 467 535 117 869 888 570 572 924 138 371 458 741 776 325 710 557 111 267 387 346 841 757 492 230 481 279 760 157 980 446 310 730 614 947 866 191 314 367 442 379 944 468 729 757 235 826 763 360 846 765 741 341 755 430 452 588 882 660 264 523 678 485 102 459 271 224 631 439 533 808 154 640 499 24 901 946 760 542 802 727 182 494 483
393 240 507 791 468 231 328 555 193 269 445 0 103 785 485 221 554 375 665 529 179 685 482 354 306 618 502 782 222 316 185 387 365 409 308 415 313 672 444 838 658 638 289 876 307 693 325 221 509 647 366 611 210 479 697 845 711 285 623 634 798 686 87 435 577 596 444 461 804 225 163 766 648 249 655 558 71 405 218 442 450 203 116 217 414 304 668 307 422 662 502 316 482 658 317 415 603 808
431 305 603 890 466 296 420 627 164 326 545 103 0 839 585 231 629 468 682 495 175 767 392 446 352 709 519 844 287 279 193 490 464 454 361 345 221 763 546 940 762 679 390 912 378 797 277 144 425 660 449 712 262 562 798 882 807 183 662 737 853 736 185 375 604 634 537 461 907 242 127 803 712 328 741 605 71 509 280 541 528 104 187 191 367 407 738 364 522 669 410 227 548 693 267 518 689 909
1105 545 497 568 487 554 863 268 709 973 820 785 839 0 556 996 284 879 312 629 678 298 935 879 1022 403 389 75 924 675 654 714 565 1102 1008 800 871 406 591 711 719 184 768 188 483 731 706 984 911 340 939 595 942 380 615 156 492 923 206 752 14 109 789 752 294 232 478 483 738 995 738 152 160 898 341 237 854 718 567 549 1014 931 669 1003 695 731 185 478 804 382 963 865 312 205 717 637 343 640
636 350 60 307 613 353 358 299 566 524 271 485 585 556 0 612 278 356 657 763 524 301 898 365 570 189 560 508 489 636 502 182 122 619 549 786 752 230 49 362 223 525 281 727 299 253 665 701 906 661 428 131 523 195 215 690 235 753 527 230 561 512 427 772 556 516 102 603 340 602 567 636 399 439 253 450 550 178 369 45 486 688 413 657 722 241 373 356 260 702 924 751 313 570 666 100 223 324
207 454 651 915 684 444 317 752 391 144 467 221 231 996 612 0 747 358 887 726 390 861 591 334 144 777 724 987 141 510 401 461 509 236 162 569 429 828 564 930 733 857 344 1096 513 766 509 187 632 868 306 721 99 661 803 1064 848 363 842 695 1008 901 209 604 799 816 603 678 885 17 354 986 852 202 825 775 171 476 434 577 360 243 333 77 598 379 864 523 450 882 603 436 686 879 499 521 777 915
834 324 222 396 439 333 581 24 537 704 535 554 629 284 278 747 0 596 406 602 497 153 831 597 754 175 356 250 658 552 471 429 282 827 738 700 723 212 308 521 468 256 487 448 251 488 584 770 822 417 657 345 680 96 391 412 299 754 263 492 291 234 538 667 315 260 194 430 529 743 555 359 124 625 153 197 626 434 350 265 731 731 444 767 610 449 118 276 520 462 859 719 100 304 591 353 111 456
296 446 413 616 756 440 47 611 554 222 117 375 468 879 356 358 596 0 889 863 525 655 857 23 254 546 748 844 217 669 517 174 314 272 229 787 688 585 309 599 397 797 124 1028 456 428 685 518 885 882 75 422 259 499 493 992 573 650 791 353 887 811 288 800 786 772 405 747 548 342 531 925 719 157 609 712 402 178 444 343 134 543 398 428 769 152 708 502 110 913 877 692 583 835 680 257 573 599
1043 457 612 793 231 465 858 382 524 909 869 665 682 312 657 887 406 889 0 334 507 518 665 881 955 580 163 375 858 446 490 758 605 1050 948 537 642 609 671 924 868 161 765 261 433 890 471 819 633 30 930 747 861 464 797 245 700 709 147 886 326 229 703 482 104 146 557 232 935 891 560 178 336 852 542 210 721 770 469 629 1016 753 559 870 431 739 395 392 848 69 692 634 344 117 483 701 514 858
919 435 740 991 162 438 820 582 338 799 888 529 495 629 763 726 602 863 334 0 351 749 340 847 835 766 254 677 751 216 351 789 665 938 837 225 364 812 754 1100 987 447 745 594 466 1016 219 600 302 303 877 884 739 609 955 580 893 444 426 987 643 527 601 167 337 404 667 171 1093 736 373 511 593 770 755 434 557 805 428 722 965 526 466 683 137 735 648 408 864 278 364 355 505 424 231 762 710 1042
572 183 525 811 294 177 480 490 43 449 570 179 175 678 524 390 497 525 507 351 0 645 374 506 486 608 344 690 400 144 25 486 404 588 487 273 233 662 496 886 730 510 416 739 254 764 160 314 386 485 530 655 389 447 738 711 720 256 492 717 691 571 250 276 430 463 452 289 863 397 60 631 562 420 627 441 219 504 160 478 618 254 130 363 244 416 596 221 545 495 400 230 405 521 157 485 574 844
921 467 242 279 587 475 651 168 686 799 572 685 767 298 301 861 153 655 518 749 645 0 984 661 848 116 498 232 757 705 620 480 360 909 829 854 874 108 346 418 425 357 564 485 393 434 738 905 976 535 724 304 785 206 316 452 195 901 371 462 298 304 656 821 442 377 262 578 441 855 702 422 182 716 49 325 756 479 493 312 787 871 580 890 763 524 126 425 562 582 1013 870 254 404 744 398 85 348
798 551 897 1179 448 547 810 818 333 712 924 482 392 935 898 591 831 857 665 340 374 984 0 836 730 966 546 970 678 279 395 852 779 827 743 135 170 1019 871 1260 1105 750 767 927 615 1139 246 412 52 635 842 1029 648 802 1112 910 1085 228 728 1089 949 827 569 184 642 702 822 452 1238 607 340 836 863 720 976 711 462 870 530 852 920 348 497 523 239 775 909 568 900 616 28 165 731 738 241 858 924 1215
280 434 420 631 743 428 26 611 534 200 138 354 446 879 365 334 597 23 881 847 506 661 836 0 233 554 737 845 193 650 500 183 314 258 208 767 666 595 316 618 416 793 116 1025 448 448 666 494 864 873 63 437 235 500 509 989 586 627 786 373 888 809 267 780 778 766 408 734 567 318 511 921 720 133 616 707 379 189 431 349 136 520 381 404 751 149 710 492 127 903 855 670 580 830 661 264 578 616
88 501 618 857 771 492 226 763 497 49 371 306 352 1022 570 144 754 254 955 835 486 848 730 233 0 751 796 1002 99 620 491 397 487 102 25 697 564 797 520 851 650 902 289 1142 546 681 624 331 769 940 187 661 96 660 737 1108 802 503 890 607 1032 936 251 727 859 865 585 764 801 127 463 1033 868 132 806 817 283 408 486 543 223 383 397 220 714 329 872 570 360 960 743 571 710 930 615 471 762 846
820 424 133 224 605 430 545 198 650 703 458 618 709 403 189 777 175 546 580 766 608 116 966 554 751 0 528 342 664 689 583 371 268 806 731 841 840 54 237 345 315 425 463 586 354 329 721 839 964 592 617 192 695 164 220 551 126 858 434 349 404 388 578 815 490 434 175 595 356 769 661 512 263 619 67 372 689 368 448 207 676 813 523 813 759 422 219 398 449 637 994 838 262 473 726 289 66 281
884 304 525 752 99 312 713 335 363 751 741 502 519 389 560 724 356 748 163 254 344 498 546 737 796 528 0 429 699 297 327 632 486 892 790 411 496 569 563 870 781 204 623 403 295 808 326 657 522 144 782 668 701 382 731 379 654 558 182 791 403 282 544 363 97 156 459 93 870 728 398 300 339 698 508 179 557 645 313 525 870 592 398 706 306 601 394 246 718 166 573 488 266 195 337 585 467 808
1083 542 448 495 528 552 830 239 725 952 776 782 844 75 508 987 250 844 375 677 690 232 970 845 1002 342 429 0 905 703 665 674 531 1077 987 835 895 340 546 639 656 230 737 261 476 666 735 989 950 401 906 534 925 346 548 231 423 941 251 692 70 151 778 790 340 273 439 522 668 984 750 226 135 874 278 260 853 677 566 505 978 940 667 999 732 699 136 480 762 444 998 889 301 260 744 594 287 568
186 403 533 785 679 394 176 666 416 51 325 222 287 924 489 141 658 217 858 751 400 757 678 193 99 664 699 905 0 539 403 326 397 193 90 630 508 712 439 792 593 803 211 1043 446 627 547 306 712 843 173 589 42 566 670 1009 723 456 791 555 934 837 156 654 761 767 495 671 746 126 385 934 771 60 717 718 216 340 388 458 243 342 302 211 636 249 776 471 309 864 693 514 612 831 538 392 671 781
704 285 627 905 214 284 624 539 123 585 710 316 279 675 636 510 552 669 446 216 144 705 279 650 620 689 297 703 539 0 152 621 522 723 623 152 199 741 615 993 852 494 558 699 342 884 32 393 275 419 674 765 524 524 845 676 810 263 473 843 690 566 393 138 394 445 552 213 976 520 157 598 589 562 696 443 341 638 269 591 761 320 271 469 100 555 633 292 685 416 307 191 452 491 41 611 645 945
578 159 502 788 283 154 473 464 67 452 557 185 193 654 502 401 471 517 490 351 25 620 395 500 491 583 327 665 403 152 0 470 384 593 491 289 257 637 476 864 711 488 405 719 229 744 173 334 405 470 526 633 395 422 716 690 696 282 470 699 668 548 250 288 411 442 428 277 842 407 85 610 537 419 602 418 231 488 136 457 614 277 119 379 252 403 571 195 532 481 421 254 379 500 171 466 549 821
457 353 238 460 660 351 177 447 523 354 111 387 490 714 182 461 429 174 758 789 486 480 852 183 397 371 632 674 326 621 470 0 155 439 374 759 690 412 134 470 276 649 116 871 337 311 644 581 870 755 246 264 365 334 343 835 406 672 646 247 721 654 309 758 653 629 236 650 427 448 512 772 554 270 434 567 439 18 361 170 306 585 356 517 717 85 538 392 91 791 875 692 431 690 641 82 399 455
561 237 143 426 524 238 299 297 446 438 267 365 464 565 122 509 282 314 605 665 404 360 779 314 487 268 486 531 397 522 384 155 0 551 468 670 631 319 92 483 329 493 207 717 199 362 550 583 789 603 375 252 427 185 337 681 346 631 490 323 573 500 313 660 500 474 98 514 458 501 445 617 405 355 320 411 432 165 253 77 449 567 291 547 612 168 396 257 247 640 805 630 275 535 550 99 275 446
37 594 672 889 872 585 261 838 599 141 387 409 454 1102 619 236 827 272 1050 938 588 909 827 258 102 806 892 1077 193 723 593 439 551 0 102 799 663 849 570 867 666 990 344 1229 633 695 727 421 868 1036 197 695 199 731 766 1194 844 599 979 619 1111 1020 349 830 953 955 649 864 813 220 566 1121 945 204 865 904 385 446 581 598 188 479 495 308 817 385 944 662 383 1058 839 670 791 1020 718 518 824 871
97 493 597 833 769 484 202 747 500 39 346 308 361 1008 549 162 738 229 948 837 487 829 743 208 25 731 790 987 90 623 491 374 468 102 0 706 575 777 499 827 625 891 268 1131 535 656 629 348 781 934 162 637 99 644 714 1097 780 516 880 582 1019 924 247 734 852 856 567 762 776 145 467 1022 854 113 787 806 290 385 479 523 200 397 393 239 719 308 856 561 336 955 757 582 697 921 620 449 744 822
774 435 779 1057 315 433 740 686 236 671 841 415 345 800 786 569 700 787 537 225 273 854 135 767 697 841 411 835 630 152 289 759 670 799 706 0 154 893 763 1145 999 615 685 798 494 1032 121 412 122 506 782 916 607 676 997 779 962 236 594 988 815 692 501 58 508 567 704 318 1126 582 255 704 728 664 847 576 416 777 417 741 866 339 402 512 106 688 775 444 816 491 163 144 600 605 120 756 797 1097
636 416 757 1044 411 411 640 713 190 543 757 313 221 871 752 429 723 688 642 364 233 874 170 666 564 840 496 895 508 199 257 690 631 663 575 154 0 894 721 1114 950 691 600 898 486 985 171 261 205 614 671 883 479 679 967 875 953 81 671 932 886 762 400 205 593 643 684 411 1088 443 185 797 775 550 858 636 292 709 393 706 750 189 341 365 229 611 815 448 734 607 189 9 627 690 159 703 806 1074
865 478 179 184 650 485 588 234 704 750 492 672 763 406 230 828 212 585 609 812 662 108 1019 595 797 54 569 340 712 741 637 412 319 849 777 893 894 0 279 316 319 451 509 594 407 327 773 893 1016 624 658 202 744 217 208 559 91 912 463 359 406 406 631 865 525 465 228 640 335 820 715 527 281 666 68 406 742 407 503 254 713 868 578 865 809 468 230 450 485 670 1046 891 307 499 778 331 101 248
586 330 104 352 609 331 308 328 538 474 230 444 546 591 49 564 308 309 671 754 496 346 871 316 520 237 563 546 439 615 476 134 92 570 499 763 721 279 0 395 236 546 231 756 287 269 643 658 881 672 380 166 474 218 252 719 284 717 546 232 597 540 383 753 567 533 117 599 367 554 536 662 432 389 299 468 508 132 346 43 440 648 379 611 705 191 410 345 217 712 896 720 329 590 643 51 266 364
894 709 366 144 941 713 625 544 929 813 481 838 940 711 362 930 521 599 924 1100 886 418 1260 618 851 345 870 639 792 993 864 470 483 867 827 1145 1114 316 395 0 201 768 586 900 651 172 1023 1046 1266 937 672 231 833 491 148 867 225 1113 778 248 709 722 771 1127 836 779 441 931 60 917 929 841 598 734 385 718 899 454 729 408 690 1041 774 987 1075 554 544 705 490 983 1286 1114 604 815 1025 423 411 71
692 566 257 248 837 568 424 492 772 613 279 658 762 719 223 733 468 397 868 987 730 425 1105 416 650 315 781 656 593 852 711 276 329 666 625 999 950 319 236 201 0 725 391 902 521 34 879 858 1117 875 470 124 634 405 128 866 253 940 730 51 720 698 585 989 769 723 323 826 152 719 767 823 576 534 378 658 714 259 582 265 491 860 609 792 941 362 534 579 289 918 1129 951 525 772 879 247 377 209
988 403 473 634 302 413 772 232 538 854 760 638 679 184 525 857 256 797 161 447 510 357 750 793 902 425 204 230 803 494 488 649 493 990 891 615 691 451 546 768 725 0 676 240 356 745 524 823 726 181 847 601 814 329 645 207 542 747 21 747 199 79 656 567 110 48 428 298 781 857 569 130 175 786 383 85 703 658 423 502 929 765 523 853 510 645 233 334 741 227 778 684 218 47 535 582 359 700
357 322 330 573 633 317 95 500 449 243 157 289 390 768 281 344 487 124 765 745 416 564 767 116 289 463 623 737 211 558 405 116 207 344 268 685 600 509 231 586 391 676 0 910 332 425 577 470 790 757 171 378 248 391 459 874 514 573 670 358 776 694 205 692 661 649 304 624 543 332 431 805 609 158 521 591 333 132 321 255 253 479 286 401 658 40 603 377 133 788 788 603 465 713 573 182 480 571
1228 644 670 756 488 653 1005 428 763 1094 980 876 912 188 727 1096 448 1028 261 594 739 485 927 1025 1142 586 403 261 1043 699 719 871 717 1229 1131 798 898 594 756 900 902 240 910 0 596 915 726 1053 894 292 1081 777 1054 539 801 36 680 961 253 932 191 217 897 743 309 280 640 487 927 1097 796 110 328 1025 528 324 940 878 662 713 1162 992 762 1090 692 876 367 574 963 316 953 890 445 218 738 798 524 829
632 73 285 564 325 81 425 249 296 497 446 307 378 483 299 513 251 456 433 466 254 393 615 448 546 354 295 476 446 342 229 337 199 633 535 494 486 407 287 651 521 356 332 596 0 552 373 519 617 425 497 425 460 192 503 562 470 508 346 520 495 391 306 475 329 323 210 314 636 511 309 487 341 430 373 271 378 352 99 256 583 479 193 523 424 307 362 57 423 458 642 483 175 388 376 298 320 602
722 599 283 235 865 600 456 512 805 645 310 693 797 731 253 766 488 428 890 1016 764 434 1139 448 681 329 808 666 627 884 744 311 362 695 656 1032 985 327 269 172 34 745 425 915 552 0 912 893 1150 898 501 143 668 429 124 880 254 975 751 75 731 715 620 1022 793 745 351 855 119 752 801 840 591 567 389 680 749 294 615 295 518 894 643 826 973 397 548 609 321 941 1163 985 549 792 912 281 393 188
706 314 658 936 239 312 639 572 132 592 730 325 277 706 665 509 584 685 471 219 160 738 246 666 624 721 326 735 547 32 173 644 550 727 629 121 171 773 643 1023 879 524 577 726 373 912 0 381 243 443 687 794 529 556 875 704 841 240 503 869 721 597 405 115 423 475 582 239 1005 520 162 626 621 573 729 475 342 662 296 619 773 308 291 464 90 576 665 323 705 438 274 163 485 520 12 637 678 975
390 448 727 1009 596 439 472 769 294 325 614 221 144 984 701 187 770 518 819 600 314 905 412 494 331 839 657 989 306 393 334 581 583 421 348 412 261 893 658 1046 858 823 470 1053 519 893 381 0 457 795 479 823 267 699 909 1025 930 185 805 828 997 880 275 456 745 777 665 592 1008 204 259 945 856 362 876 750 151 599 423 659 543 74 326 112 464 496 881 508 594 800 421 269 691 835 369 624 824 1021
840 556 901 1180 423 553 838 808 347 748 947 509 425 911 906 632 822 885 633 302 386 976 52 864 769 964 522 950 712 275 405 870 789 868 781 122 205 1016 881 1266 1117 726 790 894 617 1150 243 457 0 602 873 1036 684 799 1118 878 1085 272 704 1104 926 804 596 159 617 679 825 428 1246 647 359 806 847 752 970 692 496 888 537 860 953 390 513 566 217 796 895 567 922 580 66 198 722 711 240 872 919 1219
1028 445 617 807 204 453 849 393 500 895 866 647 660 340 661 868 417 882 30 303 485 535 635 873 940 592 144 401 843 419 470 755 603 1036 934 506 614 624 672 937 875 181 757 292 425 898 443 795 602 0 920 755 846 470 807 276 714 682 164 891 354 253 688 451 105 158 560 206 946 872 536 209 355 840 557 219 701 767 455 631 1007 728 543 849 401 732 413 382 844 46 661 606 349 141 455 700 526 871
221 477 483 691 781 470 76 671 555 163 191 366 449 939 428 306 657 75 930 877 530 724 842 63 187 617 782 906 173 674 526 246 375 197 162 782 671 658 380 672 470 847 171 1081 497 501 687 479 873 920 0 498 212 560 568 1045 648 625 840 425 947 866 282 800 827 818 469 772 620 289 528 976 779 121 679 761 379 251 471 412 88 513 411 380 774 207 771 538 185 948 859 676 636 883 681 328 641 673
716 480 144 195 729 483 437 368 697 618 314 611 712 595 131 721 345 422 747 884 655 304 1029 437 661 192 668 534 589 765 633 264 252 695 637 916 883 202 166 231 124 601 378 777 425 143 794 823 1036 755 498 0 627 287 85 742 156 882 607 157 597 573 548 901 650 602 217 719 211 709 698 698 451 534 256 537 674 252 499 176 538 814 543 772 850 341 410 481 314 798 1055 882 407 649 796 201 253 198
184 411 565 822 675 402 218 687 401 64 367 210 262 942 523 99 680 259 861 739 389 785 648 235 96 695 701 925 42 524 395 365 427 199 99 607 479 744 474 833 634 814 248 1054 460 668 529 267 684 846 212 627 0 590 708 1021 759 424 802 596 952 852 158 634 767 776 524 668 787 84 368 945 791 103 746 730 191 379 395 491 277 307 302 169 619 285 799 480 351 865 663 485 629 841 520 429 700 820
739 265 147 384 450 272 484 112 489 611 442 479 562 380 195 661 96 499 464 609 447 206 802 500 660 164 382 346 566 524 422 334 185 731 644 676 679 217 218 491 405 329 391 539 192 429 556 699 799 470 560 287 590 0 349 502 287 701 331 421 388 322 454 650 364 321 101 440 488 656 502 443 220 531 181 255 551 339 290 175 634 665 374 686 595 352 212 233 425 512 829 676 120 375 561 259 128 433
789 561 218 125 798 564 512 415 781 696 379 697 798 615 215 803 391 493 797 955 738 316 1112 509 737 220 731 548 670 845 716 343 337 766 714 997 967 208 252 148 128 645 459 801 503 124 875 909 1118 807 568 85 708 349 0 767 130 968 653 177 614 608 633 979 704 651 293 788 139 791 782 731 483 613 273 588 759 330 581 261 601 900 628 856 927 424 435 558 383 852 1138 966 466 693 877 285 286 112
1194 611 633 724 467 620 969 391 735 1059 944 845 882 156 690 1064 412 992 245 580 711 452 910 989 1108 551 379 231 1009 676 690 835 681 1194 1097 779 875 559 719 867 866 207 874 36 562 880 704 1025 878 276 1045 742 1021 502 767 0 647 936 221 896 161 180 864 726 283 249 603 465 893 1065 768 79 292 990 493 290 909 841 630 676 1125 964 730 1059 673 840 332 541 926 305 936 867 409 189 715 762 488 796
863 537 203 97 732 542 583 322 763 757 468 711 807 492 235 848 299 573 700 893 720 195 1085 586 802 126 654 423 723 810 696 406 346 844 780 962 953 91 284 225 253 542 514 680 470 254 841 930 1085 714 648 156 759 287 130 647 0 965 553 299 491 497 660 938 614 555 270 722 246 838 770 617 372 672 159 496 779 397 560 272 693 911 625 892 883 474 320 517 466 760 1112 951 389 590 845 331 188 157
570 435 764 1052 478 428 602 746 217 487 729 285 183 923 753 363 754 650 709 444 256 901 228 627 503 858 558 941 456 263 282 672 631 599 516 236 81 912 717 1113 940 747 573 961 508 975 240 185 272 682 625 882 424 701 968 936 965 0 727 918 937 814 369 286 653 698 694 477 1083 378 198 857 817 504 882 686 247 690 410 708 699 119 340 294 307 589 852 478 706 679 240 91 661 749 228 694 829 1077
977 390 477 646 280 400 765 239 519 842 757 623 662 206 527 842 263 791 147 426 492 371 728 786 890 434 182 251 791 473 470 646 490 979 880 594 671 463 546 778 730 21 670 253 346 751 503 805 704 164 840 607 802 331 653 221 553 727 0 751 221 101 644 545 89 28 429 276 790 843 551 143 190 776 395 79 687 655 409 503 923 747 509 838 488 639 249 321 737 211 756 664 216 44 514 581 368 711
646 560 274 299 841 560 382 515 757 571 235 634 737 752 230 695 492 353 886 987 717 462 1089 373 607 349 791 692 555 843 699 247 323 619 582 988 932 359 232 248 51 747 358 932 520 75 869 828 1104 891 425 157 596 421 177 896 299 918 751 0 754 725 557 981 785 742 332 831 194 681 750 850 604 495 414 677 686 229 574 267 442 833 592 757 935 332 566 578 247 932 1114 933 541 794 869 232 408 260
1115 557 502 565 502 567 871 276 723 983 826 798 853 14 561 1008 291 887 326 643 691 298 949 888 1032 404 403 70 934 690 668 721 573 1111 1019 815 886 406 597 709 720 199 776 191 495 731 721 997 926 354 947 597 952 388 614 161 491 937 221 754 0 123 801 767 309 247 485 497 737 1006 752 163 167 908 342 251 867 725 580 555 1022 945 682 1015 710 739 189 491 811 395 977 879 323 219 731 643 346 638
1021 447 457 583 381 457 790 213 602 887 763 686 736 109 512 901 234 811 229 527 571 304 827 809 936 388 282 151 837 566 548 654 500 1020 924 692 762 406 540 722 698 79 694 217 391 715 597 880 804 253 866 573 852 322 608 180 497 814 101 725 123 0 697 645 190 125 423 375 741 901 631 124 125 815 338 130 754 660 469 497 945 826 571 904 587 660 177 379 745 298 855 756 229 112 608 581 322 652
340 253 457 735 523 243 241 543 272 207 360 87 185 789 427 209 538 288 703 601 250 656 569 267 251 578 544 778 156 393 250 309 313 349 247 501 400 631 383 771 585 656 205 897 306 620 405 275 596 688 282 548 158 454 633 864 660 369 644 557 801 697 0 517 608 618 403 515 734 205 246 787 643 169 622 573 129 328 236 387 368 275 146 234 492 224 655 322 337 708 589 404 478 682 398 348 572 746
807 422 761 1034 265 421 754 652 246 698 846 435 375 752 772 604 667 800 482 167 276 821 184 780 727 815 363 790 654 138 288 758 660 830 734 58 205 865 753 1127 989 567 692 743 475 1022 115 456 159 451 800 901 634 650 979 726 938 286 545 981 767 645 517 0 458 520 686 269 1112 616 271 652 688 684 817 533 444 776 406 727 885 382 406 551 58 691 737 422 821 434 211 195 567 554 119 749 767 1077
947 358 512 709 193 367 755 291 453 813 765 577 604 294 556 799 315 786 104 337 430 442 642 778 859 490 97 340 761 394 411 653 500 953 852 508 593 525 567 836 769 110 661 309 329 793 423 745 617 105 827 650 767 364 704 283 614 653 89 785 309 190 608 458 0 68 454 190 843 801 487 204 268 753 460 118 637 665 372 526 913 683 467 787 402 634 326 291 743 148 670 586 243 97 434 596 426 771
953 365 468 649 255 374 744 236 491 818 741 596 634 232 516 816 260 772 146 404 463 377 702 766 865 434 156 273 767 445 442 629 474 955 856 567 643 465 533 779 723 48 649 280 323 745 475 777 679 158 818 602 776 321 651 249 555 698 28 742 247 125 618 520 68 0 417 250 789 817 522 170 200 753 398 65 659 639 383 490 902 718 482 810 462 619 259 295 720 204 730 635 203 64 486 566 368 713
660 270 75 359 514 275 394 212 495 537 341 444 537 478 102 603 194 405 557 667 452 262 822 408 585 175 459 439 495 552 428 236 98 649 567 704 684 228 117 441 323 428 304 640 210 351 582 665 825 560 469 217 524 101 293 603 270 694 429 332 485 423 403 686 454 417 0 504 428 596 500 544 318 454 222 351 514 240 292 74 539 642 355 637 634 264 303 264 325 601 848 682 213 473 585 158 177 393
852 301 575 820 10 306 708 411 298 722 755 461 461 483 603 678 430 747 232 171 289 578 452 734 764 595 93 522 671 213 277 650 514 864 762 318 411 640 599 931 826 298 624 487 314 855 239 592 428 206 772 719 668 440 788 465 722 477 276 831 497 375 515 269 190 250 504 0 926 684 335 388 427 678 583 269 508 665 302 563 861 524 369 652 212 607 480 258 731 208 480 402 333 286 251 613 538 873
841 690 353 182 937 693 576 553 905 765 430 804 907 738 340 885 529 548 935 1093 863 441 1238 567 801 356 870 668 746 976 842 427 458 813 776 1126 1088 335 367 60 152 781 543 927 636 119 1005 1008 1246 946 620 211 787 488 139 893 246 1083 790 194 737 741 734 1112 843 789 428 926 0 872 903 862 616 686 403 726 863 411 709 385 634 1007 747 944 1061 513 565 692 441 991 1263 1088 605 829 1006 389 422 112
192 454 642 904 691 444 302 748 399 126 452 225 242 995 602 17 743 342 891 736 397 855 607 318 127 769 728 984 126 520 407 448 501 220 145 582 443 820 554 917 719 857 332 1097 511 752 520 204 647 872 289 709 84 656 791 1065 838 378 843 681 1006 901 205 616 801 817 596 684 872 0 363 987 849 187 818 775 179 463 434 568 343 258 335 94 609 367 860 523 435 888 619 450 684 881 509 510 770 903
547 237 573 860 339 230 485 549 37 430 588 163 127 738 567 354 555 531 560 373 60 702 340 511 463 661 398 750 385 157 85 512 445 566 467 255 185 715 536 929 767 569 431 796 309 801 162 259 359 536 528 698 368 502 782 768 770 198 551 750 752 631 246 271 487 522 500 335 903 363 0 688 623 412 683 501 184 530 212 521 614 196 157 319 251 436 656 280 563 543 363 184 464 579 153 520 630 889
1119 534 581 701 390 543 901 336 656 985 882 766 803 152 636 986 359 925 178 511 631 422 836 921 1033 512 300 226 934 598 610 772 617 1121 1022 704 797 527 662 841 823 130 805 110 487 840 626 945 806 209 976 698 945 443 731 79 617 857 143 850 163 124 787 652 204 170 544 388 862 987 688 0 248 917 459 216 830 779 552 618 1058 885 652 980 598 772 297 464 864 244 863 789 342 109 637 702 447 771
950 408 341 461 435 418 703 108 599 819 660 648 712 160 399 852 124 719 336 593 562 182 863 720 868 263 339 135 771 589 537 554 405 945 854 728 775 281 432 598 576 175 609 328 341 591 621 856 847 355 779 451 791 220 483 292 372 817 190 604 167 125 643 688 268 200 318 427 616 849 623 248 0 742 213 159 719 558 433 389 854 810 533 864 629 571 58 348 644 402 891 770 166 221 630 477 198 529
208 395 486 730 686 387 115 635 440 84 264 249 328 898 439 202 625 157 852 770 420 716 720 133 132 619 698 874 60 562 419 270 355 204 113 664 550 666 389 734 534 786 158 1025 430 567 573 362 752 840 121 534 103 531 613 990 672 504 776 495 908 815 169 684 753 753 454 678 686 187 412 917 742 0 674 701 258 283 384 411 201 392 309 271 661 198 743 461 248 864 737 555 587 818 566 340 631 724
878 446 195 250 592 453 606 173 669 758 523 655 741 341 253 825 153 609 542 755 627 49 976 616 806 67 508 278 717 696 602 434 320 865 787 847 858 68 299 385 378 383 521 528 373 389 729 876 970 557 679 256 746 181 273 493 159 882 395 414 342 338 622 817 460 398 222 583 403 818 683 459 213 674 0 341 727 432 471 267 740 845 554 856 760 480 162 410 514 603 1003 855 251 431 735 351 53 316
903 321 403 591 276 331 687 174 472 769 678 558 605 237 450 775 197 712 210 434 441 325 711 707 817 372 179 260 718 443 418 567 411 904 806 576 636 406 468 718 658 85 591 324 271 680 475 750 692 219 761 537 730 255 588 290 496 686 79 677 251 130 573 533 118 65 351 269 726 775 501 216 159 701 341 0 625 576 341 425 844 695 443 775 474 560 214 252 658 265 739 630 138 123 484 502 307 653
364 310 575 857 514 300 354 627 220 255 485 71 71 854 550 171 626 402 721 557 219 756 462 379 283 689 557 853 216 341 231 439 432 385 290 416 292 742 508 899 714 703 333 940 378 749 342 151 496 701 379 674 191 551 759 909 779 247 687 686 867 754 129 444 637 659 514 508 863 179 184 830 719 258 727 625 0 457 286 508 457 146 185 150 432 354 739 375 463 713 479 298 552 721 333 476 675 872
466 370 236 448 675 367 185 452 542 366 102 405 509 718 178 476 434 178 770 805 504 479 870 189 408 368 645 677 340 638 488 18 165 446 385 777 709 407 132 454 259 658 132 878 352 294 662 599 888 767 251 252 379 339 330 841 397 690 655 229 725 660 328 776 665 639 240 665 411 463 530 779 558 283 432 576 457 0 378 171 308 603 375 533 735 103 540 407 85 803 894 710 439 700 660 82 399 441
574 25 366 651 312 18 405 347 203 440 459 218 280 567 369 434 350 444 469 428 160 493 530 431 486 448 313 566 388 269 136 361 253 581 479 417 393 503 346 729 582 423 321 662 99 615 296 423 537 455 471 499 395 290 581 630 560 410 409 574 580 469 236 406 372 383 292 302 709 434 212 552 433 384 471 341 286 378 0 323 560 381 102 435 360 307 458 89 435 480 556 390 268 447 297 343 418 685
612 305 74 349 574 307 339 285 521 496 271 442 541 549 45 577 265 343 629 722 478 312 852 349 543 207 525 505 458 591 457 170 77 598 523 741 706 254 43 408 265 502 255 713 256 295 619 659 860 631 412 176 491 175 261 676 272 708 503 267 555 497 387 727 526 490 74 563 385 568 521 618 389 411 267 425 508 171 323 0 477 644 367 619 678 214 369 313 256 671 878 705 287 547 621 88 229 369
222 565 545 726 870 558 158 746 641 218 224 450 528 1014 486 360 731 134 1016 965 618 787 920 136 223 676 870 978 243 761 614 306 449 188 200 866 750 713 440 690 491 929 253 1162 583 518 773 543 953 1007 88 538 277 634 601 1125 693 699 923 442 1022 945 368 885 913 902 539 861 634 343 614 1058 854 201 740 844 457 308 560 477 0 584 499 437 861 285 842 625 228 1036 936 755 716 966 767 389 706 700
450 406 708 994 527 397 496 728 229 369 631 203 104 931 688 243 731 543 753 526 254 871 348 520 383 813 592 940 342 320 277 585 567 479 397 339 189 868 648 1041 860 765 479 992 479 894 308 74 390 728 513 814 307 665 900 964 911 119 747 833 945 826 275 382 683 718 642 524 1007 258 196 885 810 392 845 695 146 603 381 644 584 0 291 176 390 500 838 461 609 732 360 198 646 775 296 618 793 1012
485 125 424 712 377 115 354 443 166 354 439 116 187 669 413 333 444 398 559 466 130 580 497 381 397 523 398 667 302 271 119 356 291 495 393 402 341 578 379 774 609 523 286 762 193 643 291 326 513 543 411 543 302 374 628 730 625 340 509 592 682 571 146 406 467 482 355 369 747 335 157 652 533 309 554 443 185 375 102 367 499 291 0 333 371 285 555 191 414 562 521 341 367 545 287 362 501 737
277 458 691 963 657 448 386 769 356 220 533 217 191 1003 657 77 767 428 870 683 363 890 523 404 220 813 706 999 211 469 379 517 547 308 239 512 365 865 611 987 792 853 401 1090 523 826 464 112 566 849 380 772 169 686 856 1059 892 294 838 757 1015 904 234 551 787 810 637 652 944 94 319 980 864 271 856 775 150 533 435 619 437 176 333 0 551 433 882 524 515 859 533 373 698 872 453 570 806 968
796 374 709 979 208 374 724 594 220 682 808 414 367 695 722 598 610 769 431 137 244 763 239 751 714 759 306 732 636 100 252 717 612 817 719 106 229 809 705 1075 941 510 658 692 424 973 90 464 217 401 774 850 619 595 927 673 883 307 488 935 710 587 492 58 402 462 634 212 1061 609 251 598 629 661 760 474 432 735 360 678 861 390 371 551 0 654 678 369 783 387 267 219 509 498 99 704 710 1023
398 305 289 536 617 301 131 463 451 283 154 304 407 731 241 379 449 152 739 735 416 524 775 149 329 422 601 699 249 555 403 85 168 385 308 688 611 468 191 554 362 645 40 876 307 397 576 496 796 732 207 341 285 352 424 840 474 589 639 332 739 660 224 691 634 619 264 607 513 367 436 772 571 198 480 560 354 103 307 214 285 500 285 433 654 0 564 355 129 765 797 613 431 683 573 143 439 536
951 433 313 405 488 442 695 113 634 822 640 668 738 185 373 864 118 708 395 648 596 126 909 710 872 219 394 136 776 633 571 538 396 944 856 775 815 230 410 544 534 233 603 367 362 548 665 881 895 413 771 410 799 212 435 332 320 852 249 566 189 177 655 737 326 259 303 480 565 860 656 297 58 743 162 214 739 540 458 369 842 838 555 882 678 564 0 377 626 460 937 810 191 279 673 458 157 475
657 69 339 613 268 78 468 269 261 523 499 307 364 478 356 523 276 502 392 408 221 425 568 492 570 398 246 480 471 292 195 392 257 662 561 444 448 450 345 705 579 334 377 574 57 609 323 508 567 382 538 481 480 233 558 541 517 478 321 578 491 379 322 422 291 295 264 258 692 523 280 464 348 461 410 252 375 407 89 313 625 461 191 524 369 355 377 0 475 411 596 445 185 360 328 355 358 654
406 431 320 506 741 427 135 537 579 324 24 422 522 804 260 450 520 110 848 864 545 562 900 127 360 449 718 762 309 685 532 91 247 383 336 816 734 485 217 490 289 741 133 963 423 321 705 594 922 844 185 314 351 425 383 926 466 706 737 247 811 745 337 821 743 720 325 731 441 435 563 864 644 248 514 658 463 85 435 256 228 609 414 515 783 129 626 475 0 879 922 736 522 782 702 167 483 489
1048 471 660 854 204 478 879 439 507 916 901 662 669 382 702 882 462 913 69 278 495 582 616 903 960 637 166 444 864 416 481 791 640 1058 955 491 607 670 712 983 918 227 788 316 458 941 438 800 580 46 948 798 865 512 852 305 760 679 211 932 395 298 708 434 148 204 601 208 991 888 543 244 402 864 603 265 713 803 480 671 1036 732 562 859 387 765 460 411 879 0 641 598 392 186 450 738 572 917
810 578 923 1206 476 573 829 846 358 726 946 502 410 963 924 603 859 877 692 364 400 1013 28 855 743 994 573 998 693 307 421 875 805 839 757 163 189 1046 896 1286 1129 778 788 953 642 1163 274 421 66 661 859 1055 663 829 1138 936 1112 240 756 1114 977 855 589 211 670 730 848 480 1263 619 363 863 891 737 1003 739 479 894 556 878 936 360 521 533 267 797 937 596 922 641 0 185 759 765 268 883 952 1242
643 414 755 1042 402 408 644 709 187 550 760 316 227 865 751 436 719 692 634 355 230 870 165 670 571 838 488 889 514 191 254 692 630 670 582 144 9 891 720 1114 951 684 603 890 483 985 163 269 198 606 676 882 485 676 966 867 951 91 664 933 879 756 404 195 586 635 682 402 1088 450 184 789 770 555 855 630 298 710 390 705 755 198 341 373 219 613 810 445 736 598 185 0 622 683 151 704 802 1073
794 243 268 487 343 252 561 87 443 661 542 482 548 312 313 686 100 583 344 505 405 254 731 580 710 262 266 301 612 452 379 431 275 791 697 600 627 307 329 604 525 218 465 445 175 549 485 691 722 349 636 407 629 120 466 409 389 661 216 541 323 229 478 567 243 203 213 333 605 684 464 342 166 587 251 138 552 439 268 287 716 646 367 698 509 431 191 185 522 392 759 622 0 261 491 364 205 542
1017 429 520 681 289 438 808 280 546 883 802 658 693 205 570 879 304 835 117 424 521 404 738 830 930 473 195 260 831 491 500 690 535 1020 921 605 690 499 590 815 772 47 713 218 388 792 520 835 711 141 883 649 841 375 693 189 590 749 44 794 219 112 682 554 97 64 473 286 829 881 579 109 221 818 431 123 721 700 447 547 966 775 545 872 498 683 279 360 782 186 765 683 261 0 532 625 407 747
697 316 660 940 251 313 634 579 126 583 727 317 267 717 666 499 591 680 483 231 157 744 241 661 615 726 337 744 538 41 171 641 550 718 620 120 159 778 643 1025 879 535 573 738 376 912 12 369 240 455 681 796 520 561 877 715 845 228 514 869 731 608 398 119 434 486 585 251 1006 509 153 637 630 566 735 484 333 660 297 621 767 296 287 453 99 573 673 328 702 450 268 151 491 532 0 636 683 978
535 330 156 393 623 329 257 371 526 425 182 415 518 637 100 521 353 257 701 762 485 398 858 264 471 289 585 594 392 611 466 82 99 518 449 756 703 331 51 423 247 582 182 798 298 281 637 624 872 700 328 201 429 259 285 762 331 694 581 232 643 581 348 749 596 566 158 613 389 510 520 702 477 340 351 502 476 82 343 88 389 618 362 570 704 143 458 355 167 738 883 704 364 625 636 0 317 398
836 393 163 284 548 400 567 134 616 714 494 603 689 343 223 777 111 573 514 710 574 85 924 578 762 66 467 287 671 645 549 399 275 824 744 797 806 101 266 411 377 359 480 524 320 393 678 824 919 526 641 253 700 128 286 488 188 829 368 408 346 322 572 767 426 368 177 538 422 770 630 447 198 631 53 307 675 399 418 229 706 793 501 806 710 439 157 358 483 572 952 802 205 407 683 317 0 345
895 664 318 73 882 668 620 479 886 806 483 808 909 640 324 915 456 599 858 1042 844 348 1215 616 846 281 808 568 781 945 821 455 446 871 822 1097 1074 248 364 71 209 700 571 829 602 188 975 1021 1219 871 673 198 820 433 112 796 157 1077 711 260 638 652 746 1077 771 713 393 873 112 903 889 771 529 724 316 653 872 441 685 369 700 1012 737 968 1023 536 475 654 489 917 1242 1073 542 747 978 398 345 0
