294
0 887 776 939 535 831 229 852 681 489 938 546 338 48 967 364 723 740 578 302 853 956 688 786 1005 99 469 414 50 517 769 179 355 773 340 482 458 951 817 699 336 531 584 283 998 726 525 576 490 1025 390 345 324 457 418 612 747 974 547 230 801 701 295 869 109 1084 431 659 46 731 674 1024 165 387 850 861 709 1000 394 718 458 350 464 243 713 674 780 203 475 40 797 839 858 228 125 934 946 617 866 734 759 123 615 537 705 131 345 171 408 460 957 1012 559 230 834 337 606 242 339 100 446 849 613 633 264 828 595 500 530 436 919 718 382 666 222 903 783 712 473 241 558 196 871 356 867 957 894 837 911 777 312 684 479 837 157 285 654 698 747 696 555 928 680 823 948 689 419 605 489 510 1057 600 666 128 579 1020 661 582 398 906 520 97 351 495 97 394 182 698 685 216 537 912 843 467 317 965 445 363 855 399 854 129 913 564 212 949 611 422 660 343 544 306 175 346 364 1043 301 805 788 1047 723 377 387 199 1015 434 934 543 909 672 530 310 533 429 219 715 747 314 934 633 515 534 462 173 411 142 822 493 479 671 411 435 689 645 92 1004 926 784 470 358 359 427 574 487 573 305 111 359 460 936 243 571 285 546 520 349 355 563 952 534 438 182 576 263 561 393 973 726 316 119 299 337 889 840
887 0 249 139 850 338 685 277 260 410 386 582 552 903 433 905 426 348 486 696 509 530 291 327 373 801 509 506 892 617 142 770 630 575 695 417 598 546 356 484 939 511 341 627 217 167 830 324 433 264 953 629 830 502 475 346 212 493 363 775 373 538 973 502 780 350 708 665 863 404 390 240 747 802 574 26 380 455 500 554 926 791 881 897 184 223 146 696 412 903 205 423 32 870 777 269 93 692 324 169 127 780 737 496 283 767 617 882 540 498 283 516 341 845 275 874 377 647 777 825 937 192 705 474 879 148 331 701 394 727 334 608 689 272 852 298 381 417 422 727 805 695 191 531 324 570 217 321 283 550 648 443 853 50 785 779 297 670 231 642 809 265 228 355 322 235 1040 704 742 418 375 287 223 766 315 585 579 443 553 320 693 881 551 656 819 710 765 232 251 900 352 102 367 778 614 496 442 899 374 488 203 799 554 436 799 533 285 472 652 544 411 867 844 953 524 283 811 85 230 258 411 523 896 969 255 890 207 393 399 481 543 686 770 468 789 399 424 670 87 534 466 649 444 914 476 810 111 451 508 336 581 743 295 415 879 464 358 316 591 601 908 1075 784 594 657 585 791 1030 505 195 780 670 927 561 621 539 878 732 388 417 1018 857 533 935 663 856 86 524 981 895 608 971 169 61
776 249 0 385 622 111 618 477 356 387 602 644 481 804 650 895 562 494 263 669 685 732 87 82 248 679 326 482 767 669 282 704 615 719 513 392 626 744 121 608 916 563 194 567 231 167 873 333 286 250 944 608 641 329 366 412 353 704 236 613 132 290 934 683 666 308 729 764 742 154 504 254 669 599 741 243 134 677 444 305 712 784 901 725 156 167 116 572 343 782 382 603 247 824 689 159 235 776 122 275 202 656 816 286 405 677 593 727 529 506 182 733 235 677 468 682 449 562 767 739 726 399 786 237 842 103 373 478 246 749 166 730 495 118 805 137 545 169 386 571 573 581 103 442 123 767 440 511 140 697 616 563 634 229 645 602 123 781 376 755 577 152 141 122 549 117 1025 464 520 429 289 247 200 647 315 795 684 228 539 535 467 745 499 436 691 718 699 106 107 734 321 190 555 560 573 705 356 888 565 394 84 665 741 233 748 733 301 422 752 448 448 843 690 932 449 267 789 191 402 275 162 401 694 902 241 679 444 233 200 236 326 660 821 353 628 151 571 502 225 631 501 707 421 848 390 669 138 465 320 115 583 532 86 515 745 686 183 484 386 437 712 1056 846 632 422 475 701 1000 515 168 738 740 891 337 675 462 868 498 607 448 1012 797 607 892 430 652 313 657 947 752 477 944 396 191
939 139 385 0 966 477 722 180 263 450 263 553 601 949 307 903 362 288 605 712 410 411 415 464 503 861 611 534 951 592 174 802 643 495 789 457 590 429 495 423 942 495 443 664 332 269 799 363 525 379 949 645 925 600 548 345 197 369 455 856 512 671 985 399 838 462 696 609 922 538 348 350 787 904 477 141 512 325 545 688 1032 791 862 981 287 321 274 761 473 960 157 325 138 889 821 402 207 644 463 208 219 842 689 610 258 813 635 958 558 509 415 388 429 928 186 970 367 697 779 866 1042 113 657 600 892 286 349 815 491 713 471 539 789 388 872 435 302 550 466 807 924 755 330 589 463 454 105 227 420 468 669 390 964 158 856 869 414 606 205 578 927 399 335 493 194 349 1036 828 855 438 495 359 307 826 361 460 523 560 570 203 810 947 590 769 882 705 797 348 368 980 405 234 269 889 642 374 508 897 273 554 342 865 445 550 822 416 329 517 595 605 417 873 920 956 576 395 819 200 177 363 545 598 996 995 371 995 75 494 537 611 658 701 738 544 869 532 353 758 207 487 466 618 479 941 538 880 246 465 611 461 587 850 420 379 945 334 494 243 700 690 1005 1073 744 578 779 650 836 1035 514 326 799 631 938 679 596 591 877 852 262 425 1009 882 502 949 783 958 127 455 989 963 682 975 67 194
535 850 622 966 0 599 592 979 791 641 1101 874 556 583 1145 869 949 920 364 703 1100 1185 560 574 748 463 367 651 490 868 806 627 708 1069 256 638 798 1189 576 960 854 813 525 595 837 697 978 684 461 839 905 694 211 385 493 775 837 1179 524 317 553 366 825 1109 481 858 840 1018 489 485 881 855 581 150 1128 835 492 1178 585 367 127 810 946 308 678 646 704 435 571 506 888 1045 836 736 561 734 857 996 637 778 747 449 1015 356 841 552 681 371 686 715 748 1216 553 305 963 207 795 532 792 589 146 929 998 385 772 720 733 151 486 854 679 1040 224 579 723 686 977 465 620 334 56 462 722 520 637 1205 979 990 702 1060 672 923 57 813 394 257 554 1053 852 1038 51 730 631 582 1074 618 949 174 113 699 808 633 665 463 672 1256 977 407 685 1044 157 442 597 197 449 806 626 619 600 336 631 812 1020 92 638 1175 537 865 1033 514 702 421 1166 416 685 1182 692 597 1013 504 745 804 359 867 549 849 776 770 894 872 476 455 169 734 833 120 1002 478 631 395 308 703 960 486 322 480 969 306 847 928 758 902 643 702 531 399 743 713 363 517 731 139 557 867 446 1185 672 942 271 341 203 961 1001 824 201 470 560 892 723 780 704 945 805 289 874 545 851 127 1111 735 962 690 874 788 192 145 927 1005 845 425 416 862 949 789
831 338 111 477 599 0 694 584 467 485 707 750 561 863 755 982 674 606 270 756 796 840 168 47 175 732 363 576 816 773 391 778 707 831 536 489 726 853 23 719 1000 668 273 648 242 278 973 438 350 240 1031 699 654 373 439 522 464 811 316 646 46 237 1013 794 723 268 827 873 793 116 615 257 740 603 852 338 124 782 530 245 702 875 997 748 267 275 223 628 433 832 490 714 343 902 755 135 298 883 39 386 311 708 922 305 516 743 683 761 624 606 150 839 323 703 576 691 558 633 856 805 718 504 893 225 923 192 481 466 316 847 89 841 511 213 883 87 656 137 481 609 545 640 152 518 39 876 543 620 103 809 703 674 620 328 689 625 206 891 487 865 549 131 249 18 651 223 1110 428 508 531 229 350 309 702 420 902 794 252 633 640 452 788 584 431 741 813 774 213 209 761 421 256 664 551 659 812 439 976 674 470 136 712 852 267 826 841 409 512 861 521 553 928 725 1016 530 251 875 294 511 273 125 466 695 973 234 673 542 298 92 204 333 747 923 425 661 126 682 536 291 740 605 811 517 919 470 712 234 567 355 165 679 531 164 626 789 790 95 594 398 477 717 1139 950 735 397 541 766 1080 615 191 820 845 972 334 779 542 956 471 712 553 1100 872 715 970 407 653 387 768 1027 792 533 1026 496 286
229 685 618 722 592 694 0 624 460 275 708 330 138 229 738 306 495 511 484 111 628 730 533 647 862 186 369 189 256 308 557 86 136 556 340 268 241 726 685 473 312 305 424 58 823 533 386 363 345 856 351 124 409 348 255 386 527 746 382 290 674 626 318 644 156 924 251 459 227 614 444 850 66 447 630 658 585 771 185 648 562 222 361 384 524 487 596 157 282 260 575 610 654 207 103 776 754 425 725 523 560 181 435 443 480 98 120 324 179 231 800 784 384 343 607 444 378 69 203 144 557 626 424 538 231 649 373 499 378 264 776 506 379 500 188 754 553 599 262 259 594 130 701 176 726 734 670 608 758 557 92 455 548 634 229 345 495 497 525 490 592 769 500 691 720 514 422 596 507 286 907 405 472 160 369 796 445 470 168 678 514 274 133 474 212 216 82 524 515 367 332 724 614 504 88 738 262 300 625 224 687 217 689 446 132 724 401 212 457 173 317 244 300 328 169 875 199 608 564 873 608 234 492 287 845 527 711 396 782 579 457 112 370 269 292 596 518 292 742 412 285 333 243 232 228 243 635 266 380 529 186 460 536 415 270 775 787 555 416 289 477 448 412 271 548 163 118 387 231 763 131 375 279 482 312 155 282 569 722 307 419 179 353 276 540 479 768 504 333 299 200 335 668 645
852 277 477 180 979 584 624 0 190 377 127 397 524 853 175 759 190 126 639 591 234 256 475 559 649 787 612 438 872 438 196 696 522 314 767 383 450 271 598 250 803 354 460 569 492 319 636 305 518 540 802 527 899 594 508 241 142 227 455 812 609 736 851 225 760 626 549 434 842 616 196 514 690 891 300 263 583 205 469 757 1024 651 706 936 336 353 361 697 426 879 97 147 256 765 728 542 366 472 580 213 275 771 517 632 150 721 521 901 447 395 558 256 426 884 17 944 247 615 642 768 1030 84 486 650 762 397 267 829 493 563 601 360 777 434 749 564 124 622 398 763 945 686 456 527 581 295 75 46 552 288 556 224 966 263 795 837 459 428 126 400 947 537 376 598 99 399 889 864 865 343 652 346 324 753 313 318 350 593 459 65 828 877 503 783 810 564 691 403 420 930 358 379 91 893 538 228 463 753 97 503 462 799 277 576 705 258 288 443 420 545 307 737 866 815 506 558 685 291 84 530 620 557 977 876 531 986 118 503 660 671 680 580 574 509 823 605 177 728 362 320 344 459 397 825 485 818 353 358 615 517 463 850 480 229 874 213 624 76 707 665 980 926 575 433 810 591 743 895 397 472 678 465 805 706 440 519 734 878 135 318 859 766 346 819 812 944 302 277 853 896 633 836 116 307
681 260 356 263 791 467 460 190 0 194 309 322 345 688 353 649 206 144 464 450 339 405 325 432 576 609 425 272 697 357 118 539 382 363 577 201 339 414 475 253 686 250 283 402 458 190 570 115 330 503 696 383 709 406 318 86 66 392 271 624 480 576 725 341 583 587 449 420 667 469 148 484 526 701 389 234 434 386 289 598 834 536 621 748 199 198 256 514 236 705 116 266 228 627 561 467 349 440 475 96 171 591 484 451 53 553 373 716 295 247 489 427 242 696 173 754 116 440 522 605 840 167 452 482 632 310 87 644 308 467 509 376 587 278 610 473 200 471 213 575 760 505 375 341 476 434 214 198 467 342 406 207 777 217 611 647 299 431 67 404 761 461 225 477 289 251 784 685 678 175 596 163 164 574 122 475 335 419 308 254 644 697 330 598 631 452 534 259 270 744 167 339 231 705 379 389 273 643 243 314 373 617 401 399 559 404 99 262 407 359 156 615 680 700 323 523 560 214 111 505 471 367 787 732 492 796 253 321 555 509 498 439 511 319 636 455 217 538 340 285 209 390 219 678 297 635 272 202 429 362 328 661 331 165 694 394 530 152 521 475 790 820 526 333 630 405 576 778 252 415 537 413 678 526 361 338 623 695 320 163 760 619 276 688 631 753 331 301 731 715 445 718 207 248
489 410 387 450 641 485 275 377 194 0 483 279 151 499 522 513 308 288 369 292 458 547 317 440 635 415 290 99 503 294 282 359 231 433 405 7 241 550 483 320 540 199 221 217 565 268 488 87 203 603 562 227 530 266 148 141 259 547 183 436 479 507 567 468 389 678 342 418 473 439 240 593 339 531 488 384 404 556 95 530 665 400 514 559 263 231 336 321 74 511 310 410 379 462 372 536 484 415 507 248 287 397 450 341 227 363 213 524 142 121 560 585 166 507 359 574 155 247 383 418 669 361 422 407 474 393 109 502 207 362 553 415 423 272 443 524 343 432 21 388 618 311 452 149 508 565 408 373 524 421 241 282 617 360 418 465 279 445 261 424 619 530 250 487 476 271 646 566 531 61 671 144 207 380 95 618 355 332 153 438 507 502 142 460 436 331 354 282 280 553 66 458 393 550 204 542 103 506 406 131 441 423 525 307 389 543 125 68 409 167 104 466 488 555 129 623 411 337 304 615 437 189 611 558 592 626 447 226 578 444 381 282 440 154 447 422 329 360 472 301 134 333 35 503 113 441 372 89 297 332 195 503 321 226 500 562 569 320 382 304 610 679 468 253 510 214 387 628 131 509 372 371 522 411 300 143 486 563 496 96 629 446 257 527 507 581 493 367 577 521 258 570 400 374
938 386 602 263 1101 707 708 127 309 483 0 436 623 934 48 799 222 199 766 658 174 148 602 684 760 881 734 529 962 477 323 772 593 283 883 489 505 166 722 268 847 415 586 656 594 446 652 420 639 642 838 600 1012 716 622 341 268 106 579 919 734 864 901 156 853 725 591 430 933 742 263 613 773 1008 239 377 711 78 570 884 1142 699 731 1042 463 480 485 798 539 968 224 116 370 825 812 655 468 477 701 340 401 867 518 757 261 807 596 1002 529 477 670 131 550 990 140 1056 337 708 693 848 1147 203 490 777 818 517 376 952 616 603 718 345 895 561 812 681 156 749 504 871 1068 784 573 632 701 191 168 111 668 258 631 264 1086 381 896 948 586 413 250 388 1070 651 503 721 72 527 923 990 987 440 757 470 451 848 430 198 357 720 540 67 952 972 596 907 905 613 767 531 547 1034 473 489 94 1014 620 111 577 793 83 613 581 897 188 702 773 153 408 546 417 650 399 787 968 857 608 658 739 413 211 627 747 669 1092 939 633 1103 187 627 780 798 805 648 591 624 930 732 200 841 466 346 423 488 497 891 595 918 474 448 738 645 533 970 608 293 968 86 741 162 830 781 1093 961 583 483 936 696 827 938 477 582 743 483 856 831 477 621 777 1003 14 409 889 833 389 873 938 1060 391 273 901 993 742 880 217 424
546 582 644 553 874 750 330 397 322 279 436 0 318 530 452 364 215 271 645 244 314 417 586 707 883 516 555 226 581 41 440 367 193 227 620 277 88 410 751 169 411 81 498 296 780 494 248 311 478 824 405 205 720 530 403 241 372 444 462 605 750 785 465 332 486 906 155 145 554 716 205 806 384 743 304 556 680 481 294 809 870 263 309 711 497 477 566 468 350 581 397 322 550 394 424 778 672 136 766 418 489 510 172 614 301 422 211 654 187 166 800 480 443 666 383 759 207 362 258 447 868 440 144 685 383 622 273 751 485 167 808 176 650 538 383 776 286 709 291 565 862 445 687 356 768 414 465 362 772 232 237 176 839 539 555 653 549 178 356 165 862 771 502 755 471 527 492 828 772 222 910 399 446 490 330 478 115 610 189 429 760 604 277 713 542 178 363 538 541 695 333 661 348 782 251 434 368 358 355 373 681 546 369 585 352 410 344 290 138 370 196 351 628 422 326 844 305 535 376 827 714 426 805 509 813 832 511 505 842 722 650 236 188 414 611 699 236 570 663 93 147 67 257 464 359 571 589 190 564 607 148 734 591 173 599 484 827 321 638 534 794 530 204 59 773 404 436 502 157 734 320 95 420 680 43 329 341 817 450 197 461 409 51 438 769 784 646 184 464 628 458 444 486 570
338 552 481 601 556 561 138 524 345 151 623 318 0 351 658 424 426 424 371 200 572 669 398 514 726 263 262 101 351 313 431 224 169 522 302 144 243 669 553 421 439 261 288 86 685 397 457 238 217 718 472 157 409 238 124 283 411 676 246 303 544 516 453 585 238 787 306 462 321 487 365 712 196 426 588 526 456 692 55 539 556 323 456 422 387 349 458 175 144 360 461 538 523 342 224 639 618 442 590 396 426 247 465 333 375 214 141 379 130 165 662 715 247 371 506 451 286 96 304 273 556 513 445 422 362 512 259 436 246 325 641 486 332 363 323 617 474 474 134 258 545 161 563 48 591 680 560 516 621 517 149 392 522 502 273 342 359 497 412 482 544 632 362 559 623 376 549 521 455 182 770 269 336 228 241 738 423 350 129 583 447 352 41 401 286 280 220 386 378 412 200 587 530 464 105 669 124 418 542 91 549 275 637 324 267 664 273 83 457 56 224 367 345 455 31 737 315 473 454 735 482 121 494 425 707 518 598 265 650 463 357 193 424 139 312 469 449 252 606 377 215 348 127 370 91 295 498 178 273 396 176 416 401 342 349 697 653 462 331 218 488 578 461 268 468 86 239 519 171 625 259 392 411 385 319 19 398 505 636 213 541 317 321 411 462 470 637 461 466 372 140 465 552 510
48 903 804 949 583 863 229 853 688 499 934 530 351 0 961 322 716 738 615 285 841 944 716 817 1037 138 504 418 96 499 781 163 344 757 384 492 444 939 850 688 291 523 610 286 1023 744 490 587 517 1051 345 335 372 490 442 615 755 964 572 276 834 741 247 858 140 1112 406 636 93 766 670 1049 163 435 834 877 743 993 405 759 506 318 425 290 733 694 801 235 492 83 803 832 874 187 127 962 966 592 897 747 776 161 588 573 709 136 337 219 406 458 985 1002 581 279 836 385 606 255 308 86 494 855 587 671 223 851 601 546 557 409 950 699 426 692 184 933 778 747 484 284 606 223 896 374 898 944 899 836 940 762 303 676 527 853 202 332 681 675 753 675 603 956 702 856 948 712 372 651 535 514 1087 617 684 162 591 1008 644 617 395 906 565 144 358 539 141 370 168 722 709 263 551 933 839 514 315 956 464 321 850 420 880 173 899 597 184 937 623 433 638 362 546 266 224 301 379 1069 268 823 793 1072 758 403 435 151 1041 482 940 571 943 710 569 294 502 453 266 749 740 355 954 620 512 512 470 127 429 189 843 495 514 701 402 482 718 640 139 998 958 783 510 394 406 379 543 472 617 329 112 311 458 961 217 548 239 587 502 364 314 610 948 536 392 145 563 218 606 442 988 712 269 166 329 290 896 859
967 433 650 307 1145 755 738 175 353 522 48 452 658 961 0 812 245 234 812 682 164 111 650 732 806 914 778 562 993 492 371 799 618 278 924 527 527 131 770 283 861 439 632 687 639 494 656 462 683 686 849 626 1052 760 663 380 315 63 624 957 782 912 917 144 885 769 607 430 964 791 294 657 802 1050 222 424 759 33 606 932 1183 715 738 1079 511 528 534 834 580 998 272 130 418 845 841 702 513 479 749 388 450 900 519 803 304 836 624 1037 559 508 716 83 595 1027 187 1096 372 741 710 875 1188 251 493 825 836 565 417 997 662 617 765 344 937 609 833 728 185 797 543 909 1113 818 620 669 749 154 215 154 715 255 657 286 1129 429 931 987 634 409 297 386 1115 698 551 770 113 575 932 1036 1032 476 802 515 499 881 473 153 364 766 569 115 997 1004 630 952 938 631 794 579 595 1070 516 535 128 1057 650 70 617 806 116 653 629 931 161 748 796 117 452 583 419 687 433 804 1004 871 645 702 758 461 258 670 795 709 1133 959 678 1145 231 673 828 846 851 672 597 666 967 780 222 881 511 360 453 500 534 913 635 952 522 481 782 693 559 1013 656 322 1001 40 789 203 874 822 1133 970 586 503 982 733 856 951 507 628 766 490 873 877 492 657 790 1048 44 444 897 856 407 891 984 1101 434 279 916 1026 780 894 264 472
364 905 895 903 869 982 306 759 649 513 799 364 424 322 812 0 580 632 789 226 661 761 816 935 1143 408 674 414 414 323 765 244 281 554 630 507 313 750 976 531 52 408 708 339 1078 780 196 589 641 1116 49 286 666 653 549 563 710 795 666 552 967 931 118 681 387 1191 210 404 400 912 563 1105 292 718 631 879 880 839 452 953 812 114 111 603 776 744 849 444 551 403 745 684 873 136 307 1048 988 353 1009 736 792 420 329 748 645 317 301 531 371 408 1072 829 661 579 744 689 537 375 129 283 802 792 342 842 100 906 574 795 670 197 1059 487 673 777 146 1032 651 898 510 537 880 418 965 470 1010 748 824 727 1034 569 279 540 818 858 476 611 777 439 699 451 878 1041 763 981 836 782 134 896 797 489 1182 657 720 406 602 813 450 772 359 794 812 458 398 774 426 197 246 793 788 577 580 967 712 787 323 785 543 6 720 515 954 450 705 747 185 753 628 472 412 471 495 64 525 58 454 1136 108 842 727 1127 906 536 740 208 1105 783 869 689 1073 883 763 235 235 563 547 893 600 586 977 453 440 312 478 198 513 475 883 454 685 819 325 747 819 530 453 841 1073 683 721 593 715 170 267 326 851 469 308 138 401 1022 174 326 91 788 322 443 27 865 814 488 117 184 414 116 842 738 980 534 109 483 505 82 839 879
723 426 562 362 949 674 495 190 206 308 222 215 426 716 245 580 0 77 651 437 150 242 530 639 774 674 591 326 751 256 298 553 372 157 711 312 283 243 682 60 626 193 476 446 640 395 447 276 499 687 621 380 832 569 456 178 220 251 454 729 687 774 679 160 644 773 371 246 722 673 69 664 558 838 187 404 638 277 379 796 972 477 519 848 406 404 459 600 378 755 221 115 397 602 597 665 519 283 680 292 370 662 328 632 157 593 379 801 317 268 685 290 427 798 178 875 154 503 471 630 974 250 296 677 595 509 224 808 488 383 712 182 731 482 589 676 71 674 329 683 925 583 573 445 681 257 263 150 667 135 412 41 926 394 697 765 502 245 198 217 926 659 431 683 256 458 706 864 838 252 789 355 370 642 293 312 161 608 327 214 812 764 394 765 698 391 549 466 476 837 325 520 132 858 406 244 411 574 140 438 574 694 216 586 551 237 285 360 233 463 207 565 770 637 418 706 517 405 196 683 675 497 915 716 677 933 308 504 760 707 676 427 385 462 738 659 23 665 512 131 213 273 311 668 420 717 468 248 598 565 314 812 536 84 761 281 734 118 686 612 912 744 385 260 808 507 612 718 265 606 521 275 634 705 258 428 556 867 237 217 675 611 166 651 807 887 472 99 679 787 558 660 294 434
740 348 494 288 920 606 511 126 144 288 199 271 424 738 234 632 77 0 605 469 194 266 469 573 700 682 556 330 764 312 224 578 401 230 692 293 324 272 615 136 676 228 426 458 563 327 513 236 461 610 675 407 818 536 432 146 145 260 409 722 622 720 725 197 654 696 422 322 734 613 70 587 576 818 246 327 578 268 372 742 952 525 580 844 339 342 387 599 350 769 144 126 320 641 615 591 442 355 610 220 298 668 400 589 91 609 402 803 332 280 611 297 381 793 111 862 138 509 516 652 956 175 368 626 637 435 187 775 445 437 640 259 707 423 626 603 57 615 309 674 892 585 500 435 611 291 195 98 594 206 437 102 901 318 697 753 444 323 122 294 893 585 369 616 211 395 762 824 808 241 713 304 308 648 250 336 235 560 343 168 777 772 397 730 706 438 573 402 414 836 289 444 106 831 423 255 386 626 118 419 501 698 257 539 583 263 236 349 308 453 199 611 769 688 410 630 560 331 119 606 615 477 900 753 600 913 240 459 691 653 636 458 451 436 732 600 77 648 435 198 226 334 300 703 401 719 394 249 561 506 342 785 475 103 769 274 662 50 652 591 899 800 455 306 768 499 630 769 280 530 555 343 679 664 314 422 608 831 212 210 732 644 219 694 768 869 396 176 727 794 546 709 221 358
578 486 263 605 364 270 484 639 464 369 766 645 371 615 812 789 651 605 0 570 797 869 196 232 442 479 115 428 558 655 454 559 539 794 267 369 593 877 251 678 796 568 180 451 489 337 825 375 167 500 835 527 385 135 251 474 497 855 197 379 232 144 796 802 475 538 674 787 538 158 582 510 515 338 838 471 146 844 364 168 449 693 827 478 319 290 340 382 295 574 544 730 472 687 522 396 495 781 309 429 388 455 812 42 517 509 511 493 475 480 415 890 224 433 625 423 503 416 674 570 462 579 787 55 714 357 427 216 164 693 359 782 241 217 669 354 662 137 354 345 319 400 366 323 310 896 629 659 367 778 521 635 371 449 428 355 191 814 515 793 322 391 272 258 730 256 905 225 258 429 499 301 315 453 358 939 724 46 481 704 207 525 406 173 484 651 556 256 237 491 329 450 695 297 476 853 278 783 707 286 346 453 861 65 614 868 369 359 778 319 469 728 458 812 346 514 680 407 555 529 149 253 432 740 492 416 647 147 336 96 64 564 787 238 394 144 668 271 484 669 503 693 388 690 295 450 379 457 104 153 532 269 192 579 526 852 361 616 128 220 451 930 821 611 173 320 530 866 489 428 616 735 760 75 661 352 764 247 775 463 903 650 626 754 178 390 563 727 813 527 294 818 594 424
302 696 669 712 703 756 111 591 450 292 658 244 200 285 682 226 437 469 570 0 556 659 589 709 917 286 458 192 340 214 559 123 69 472 450 285 158 653 750 404 248 243 482 120 857 560 275 373 417 894 275 67 520 435 324 367 515 681 439 401 741 714 277 574 256 968 141 359 314 687 399 885 146 558 548 669 655 713 225 737 673 123 258 489 555 521 628 269 325 339 557 552 665 176 184 823 774 321 783 528 577 285 327 530 457 185 79 425 156 203 847 719 434 451 574 554 348 173 103 202 667 607 318 621 183 685 368 606 444 152 832 415 488 551 160 806 502 674 287 371 704 242 741 247 784 658 646 567 808 477 52 396 659 647 337 456 551 398 508 395 702 817 539 755 680 557 356 700 616 278 957 435 500 265 384 722 359 550 143 637 620 368 172 578 310 104 119 568 562 470 357 750 565 615 97 672 317 220 575 290 730 321 613 524 114 653 413 246 359 251 295 174 405 263 228 914 120 627 542 907 682 317 603 285 883 638 690 463 846 663 550 10 259 339 402 669 460 401 763 334 248 233 257 234 287 348 664 247 469 593 127 570 593 367 363 717 846 517 516 391 586 388 300 186 651 257 196 336 198 800 87 272 231 578 218 219 199 676 673 287 343 175 279 238 643 590 775 427 285 393 302 277 652 664
853 509 685 410 1100 796 628 234 339 458 174 314 572 841 164 661 150 194 797 556 0 103 664 765 877 811 741 471 884 350 406 677 497 114 861 462 397 98 806 154 711 323 619 583 726 518 496 423 648 774 695 507 980 719 607 326 331 134 600 875 814 915 771 20 782 860 462 268 856 808 219 748 688 988 67 493 773 184 527 937 1121 571 581 992 532 536 574 744 528 887 311 86 486 708 728 769 600 319 797 409 485 801 357 780 286 725 508 943 456 409 787 168 572 943 234 1023 304 644 569 756 1123 317 332 820 694 618 372 958 635 470 823 181 881 617 697 786 140 810 480 830 1075 725 680 594 798 108 305 188 776 93 540 180 1076 490 839 913 639 245 308 223 1076 764 563 807 240 589 776 1013 989 402 884 498 503 781 439 168 211 753 464 212 962 901 538 915 836 490 673 596 609 980 474 611 143 1009 541 123 562 656 137 588 684 835 66 731 666 96 428 509 257 612 356 659 912 720 566 792 617 511 287 764 810 647 1064 822 765 1083 339 650 878 848 825 547 438 613 884 795 130 815 595 221 357 351 461 779 571 858 575 395 747 701 442 962 669 233 897 184 846 202 836 763 1059 814 424 370 957 655 742 799 406 702 634 335 728 853 349 575 641 1017 185 366 740 724 277 748 956 1036 535 130 767 925 706 744 350 533
956 530 732 411 1185 840 730 256 405 547 148 417 669 944 111 761 242 266 869 659 103 0 721 813 903 912 822 568 986 454 449 781 600 207 952 551 501 20 853 256 812 425 689 684 741 569 591 502 728 789 794 610 1074 801 694 409 382 51 675 972 863 979 872 86 883 873 565 362 958 865 307 760 790 1079 135 518 831 112 622 1000 1213 674 677 1090 584 595 617 842 613 989 349 140 512 811 831 797 615 414 837 460 529 902 449 855 352 827 611 1042 556 508 813 70 646 1040 264 1117 392 743 672 859 1215 340 426 887 797 654 452 1041 711 572 858 276 970 677 800 820 208 869 568 926 1157 824 712 687 838 43 313 220 808 192 643 277 1164 520 938 1008 701 334 361 316 1159 793 621 853 220 646 874 1089 1073 494 903 568 564 881 516 71 312 824 564 210 1043 1003 636 996 937 593 776 651 666 1079 554 633 177 1095 643 41 649 756 166 678 719 935 61 804 770 8 501 602 352 705 448 761 1011 820 661 806 720 547 330 775 868 737 1157 925 780 1174 336 725 917 912 902 650 534 699 981 853 219 907 612 325 454 453 553 882 660 957 610 490 827 762 545 1049 727 326 999 108 881 255 918 852 1154 911 517 474 1034 750 844 899 505 726 738 435 830 930 453 671 742 1097 151 459 836 827 381 850 1034 1128 539 233 868 1026 800 844 361 563
688 291 87 415 560 168 533 475 325 317 602 586 398 716 650 816 530 469 196 589 664 721 0 122 328 592 242 408 680 607 280 619 539 684 430 321 558 732 166 570 836 504 109 484 316 156 805 276 198 338 865 531 561 243 280 366 339 699 151 528 164 262 851 664 579 396 658 713 655 144 466 340 583 523 715 277 109 680 364 282 642 707 828 642 139 127 144 484 265 694 377 587 279 740 602 246 301 720 193 262 204 568 759 211 378 590 516 642 455 438 269 731 155 592 463 603 401 476 689 653 654 405 729 185 760 164 322 412 159 678 243 688 416 48 721 220 523 147 313 485 514 493 187 357 194 754 451 502 225 664 537 524 566 257 557 519 38 733 360 708 518 239 100 170 557 75 945 413 453 365 373 187 160 560 257 788 638 154 465 537 403 657 418 368 604 645 615 71 55 650 254 257 543 491 493 699 273 810 555 309 168 577 724 153 665 721 251 344 702 363 390 762 604 851 366 355 709 214 393 362 146 313 618 817 328 607 463 145 260 198 255 581 756 266 543 131 542 417 290 583 439 645 348 762 306 582 183 400 237 45 511 459 5 473 657 688 256 467 309 351 634 975 783 568 366 388 614 917 448 252 656 681 809 271 613 379 789 441 609 388 933 713 553 809 372 577 367 619 864 666 389 862 411 229
786 327 82 464 574 47 647 559 432 440 684 707 514 817 732 935 639 573 232 709 765 813 122 0 219 687 320 530 772 729 364 731 660 795 497 444 681 826 44 682 953 625 227 601 263 246 928 396 304 269 984 652 617 329 392 482 433 786 269 605 50 222 966 763 677 306 781 832 749 89 578 282 693 569 819 323 85 759 483 234 673 828 951 709 233 236 198 582 386 787 463 684 327 855 709 164 300 841 80 355 283 663 880 265 482 697 636 719 578 561 183 815 276 663 550 656 518 586 810 759 688 481 850 192 876 178 440 436 269 801 133 803 473 169 836 122 624 108 435 566 521 594 155 471 81 848 522 592 134 774 656 637 592 310 645 586 161 851 456 825 526 159 209 47 631 183 1063 407 479 487 272 307 271 657 377 877 755 210 587 617 423 745 537 398 696 767 727 174 167 721 377 255 636 520 612 787 392 929 647 423 135 668 822 223 779 814 368 465 821 474 511 881 683 969 483 281 828 272 483 300 98 419 662 926 261 642 525 251 138 178 296 701 879 378 620 93 648 494 291 700 561 768 471 873 423 668 217 523 312 118 633 498 118 587 745 768 141 564 360 434 683 1092 906 691 372 495 720 1033 570 206 773 802 925 300 735 495 909 447 689 510 1053 825 673 923 381 620 384 731 980 750 487 979 477 270
1005 373 248 503 748 175 862 649 576 635 760 883 726 1037 806 1143 774 700 442 917 877 903 328 219 0 907 538 731 991 911 476 947 863 931 709 640 871 919 191 827 1164 803 438 813 179 390 1118 575 522 143 1192 857 823 548 607 645 555 867 480 820 210 381 1180 871 897 114 976 995 968 284 724 174 911 769 939 385 299 827 691 381 860 1033 1149 920 386 408 320 802 591 1007 566 791 392 1069 927 109 295 1011 139 483 405 883 1053 479 618 915 841 935 777 752 90 888 482 876 645 859 681 803 1015 978 876 564 1022 394 1089 266 610 627 485 996 86 952 682 366 1050 110 743 306 634 784 692 814 201 685 138 943 591 691 111 907 864 782 776 387 864 798 367 1008 577 980 697 115 385 185 694 363 1272 573 667 673 60 492 438 877 558 959 912 426 787 694 610 963 746 595 916 966 943 352 355 934 568 271 737 710 821 870 602 1136 745 637 203 887 926 442 993 906 540 670 982 690 689 1090 899 1179 695 139 1036 369 590 175 294 637 859 1144 146 833 577 468 117 367 504 908 1064 594 836 298 778 710 295 860 743 948 668 1090 635 887 306 710 530 336 830 695 325 741 964 836 81 677 569 652 883 1303 1087 876 551 713 939 1246 761 178 985 978 1138 502 916 708 1116 621 761 690 1260 1041 843 1137 563 817 384 873 1193 967 707 1191 542 344
99 801 679 861 463 732 186 787 609 415 881 516 263 138 914 408 674 682 479 286 811 912 592 687 907 0 370 352 90 494 689 177 323 742 247 408 428 910 718 657 390 488 489 228 904 637 542 499 393 929 442 311 257 358 327 546 674 926 453 146 702 603 363 827 30 986 425 643 63 632 619 930 140 313 816 776 610 947 319 621 404 366 495 205 624 584 688 107 391 103 725 788 773 273 107 837 856 607 767 654 673 23 612 437 638 102 306 139 356 406 859 964 467 173 769 282 544 172 351 126 396 776 604 534 310 735 523 411 434 435 820 692 290 572 261 805 728 612 396 147 480 106 775 272 768 918 823 776 813 743 279 636 411 751 69 206 559 682 676 676 477 831 589 724 885 596 486 516 404 444 958 514 578 35 500 980 632 483 347 844 430 90 285 402 25 388 178 604 591 184 456 820 787 387 270 918 358 405 799 312 759 42 874 465 230 907 531 346 642 257 482 344 121 403 286 947 324 718 718 951 623 283 332 280 919 374 862 446 810 573 431 290 539 337 140 615 697 216 844 598 461 517 391 240 325 67 731 433 379 573 371 351 593 592 87 952 827 723 372 258 310 500 581 458 480 215 101 432 408 841 255 558 342 448 498 271 393 477 895 472 499 226 539 325 469 330 887 689 383 113 202 399 814 752
469 509 326 611 367 363 369 612 425 290 734 555 262 504 778 674 591 556 115 458 741 822 242 320 538 370 0 331 453 560 445 444 432 723 189 288 494 828 348 609 681 482 169 338 557 345 719 320 94 576 721 420 322 24 152 414 471 814 158 287 331 256 681 748 364 624 568 699 431 261 522 581 400 293 775 489 240 811 264 279 421 581 717 399 327 290 370 269 216 468 521 682 489 571 407 477 538 688 400 414 393 346 716 73 475 395 404 402 376 388 498 851 186 350 596 365 438 301 562 455 430 564 693 170 599 403 370 219 121 587 452 704 179 240 553 440 614 242 271 247 335 286 429 215 401 845 615 624 450 711 410 569 356 466 325 277 219 729 485 710 337 471 281 354 708 275 790 276 253 351 592 266 304 342 306 893 643 112 380 677 221 425 300 174 378 543 440 280 262 408 267 496 654 282 367 810 188 669 667 183 410 349 807 96 499 819 325 264 691 208 394 613 365 697 240 591 567 424 528 602 253 141 386 626 566 384 640 117 439 211 95 453 684 140 302 245 610 176 526 590 419 598 301 575 196 348 413 373 10 212 431 240 241 513 425 819 457 576 96 114 398 815 720 515 220 205 416 751 397 494 501 640 645 125 566 244 650 275 744 386 788 535 542 638 217 347 593 657 697 430 179 702 587 450
414 506 482 534 651 576 189 438 272 99 529 226 101 418 562 414 326 330 428 192 471 568 408 530 731 352 331 0 435 228 373 268 133 422 400 93 164 568 572 320 440 162 305 131 665 367 403 182 262 702 463 127 511 306 179 198 338 577 264 404 567 571 468 484 324 777 252 371 405 520 268 692 255 526 487 479 486 595 67 595 656 302 420 521 362 330 436 273 144 441 385 439 475 364 291 634 582 357 600 340 385 338 385 394 291 283 113 475 48 64 658 616 253 471 420 553 192 179 285 333 657 437 362 473 374 493 185 525 278 272 648 388 427 366 346 620 377 510 96 359 636 256 550 131 601 579 481 425 621 416 142 291 619 456 370 444 369 404 335 387 637 627 348 577 534 368 546 602 547 96 768 243 307 318 192 638 326 398 57 493 533 442 67 487 376 237 263 379 375 510 165 557 435 559 108 570 151 407 447 147 540 369 536 372 292 563 221 69 364 147 131 367 443 455 101 722 311 435 375 715 516 200 596 463 691 618 522 298 668 512 426 182 360 191 412 502 350 351 571 278 114 266 64 409 135 390 471 81 340 418 105 511 412 243 439 601 663 371 412 310 589 579 393 184 547 186 306 529 71 608 273 309 423 456 235 107 387 591 542 120 531 351 222 429 543 571 587 360 478 464 240 470 479 472
50 892 767 951 490 816 256 872 697 503 962 581 351 96 993 414 751 764 558 340 884 986 680 772 991 90 453 435 0 554 779 219 388 809 308 496 493 983 801 730 386 561 579 306 993 728 572 588 482 1018 440 377 279 443 418 631 762 1002 543 194 784 674 344 900 113 1073 473 699 29 713 699 1019 197 344 884 867 693 1026 407 691 410 397 513 194 715 674 779 197 481 17 813 867 864 277 157 924 947 659 852 744 764 112 659 517 724 159 375 122 434 485 946 1041 557 185 854 290 627 257 384 144 397 864 655 612 314 825 610 464 523 479 905 755 349 661 271 891 808 693 485 214 516 197 864 362 853 990 911 860 900 811 345 712 434 842 129 246 647 738 763 735 513 918 679 807 969 686 468 569 450 529 1044 604 669 125 590 1052 697 565 424 928 484 48 369 462 76 436 222 694 680 167 546 911 868 425 344 994 449 412 880 403 847 104 945 549 258 980 621 435 700 347 566 355 131 396 375 1035 349 809 805 1041 704 373 339 246 1008 386 950 535 892 649 506 347 578 427 182 697 775 288 935 667 540 573 477 223 416 109 822 515 461 659 442 397 680 671 44 1031 911 806 444 339 310 475 620 522 540 306 144 407 486 930 288 612 334 520 558 360 404 525 976 555 488 232 608 313 528 347 978 759 365 70 291 387 903 843
517 617 669 592 868 773 308 438 357 294 477 41 313 499 492 323 256 312 655 214 350 454 607 729 911 494 560 228 554 0 475 338 171 258 612 291 70 446 773 209 370 108 515 280 812 523 212 336 487 855 364 184 706 535 408 273 408 482 477 590 771 797 425 370 463 937 114 152 527 733 245 839 358 733 336 591 698 521 296 820 857 223 269 692 524 503 595 453 362 554 436 363 585 357 397 806 707 129 791 452 521 489 157 622 339 396 193 632 185 175 829 518 460 648 424 744 240 347 218 417 855 479 133 697 344 652 301 749 498 126 834 201 644 560 346 802 328 726 304 552 858 428 716 354 792 448 506 404 799 265 215 217 831 574 536 640 570 190 393 182 858 800 527 777 513 552 451 830 768 242 939 422 472 468 354 513 145 622 183 470 759 579 271 713 519 139 334 562 564 675 353 694 389 776 235 472 377 317 396 376 709 525 404 596 318 446 370 296 149 367 221 311 608 380 325 875 266 568 415 860 731 426 791 471 844 821 551 518 865 735 655 207 155 420 595 716 277 562 697 132 168 39 268 428 363 551 620 206 569 626 137 729 612 213 575 523 852 362 640 531 779 488 177 44 776 397 409 461 165 764 286 80 380 685 6 326 300 817 491 221 420 374 92 398 771 773 683 220 424 604 451 403 526 603
769 142 282 174 806 391 557 196 118 282 323 440 431 781 371 765 298 224 454 559 406 449 280 364 476 689 445 373 779 475 0 640 492 454 618 289 456 462 404 353 800 368 281 499 345 123 688 194 355 391 812 492 753 431 374 203 78 422 286 682 414 542 836 403 666 476 566 530 750 419 254 370 621 735 465 116 388 400 376 562 866 651 739 807 140 163 168 588 299 789 99 322 110 735 654 367 232 554 391 35 80 669 598 452 145 645 480 784 403 358 387 453 259 754 186 798 234 527 637 700 874 125 566 459 742 212 191 655 323 584 418 478 620 241 717 381 268 426 297 634 768 583 276 416 392 484 174 228 371 430 513 310 800 100 682 696 267 538 101 510 770 361 184 404 278 205 899 679 694 281 490 185 141 654 190 513 444 408 416 257 652 773 424 609 709 568 635 208 226 806 233 225 272 726 481 423 334 758 283 380 278 692 460 394 665 450 158 348 517 432 270 728 746 814 404 411 672 107 120 391 423 424 826 836 380 828 196 329 472 477 501 549 628 370 695 409 302 585 223 396 324 507 313 782 365 706 170 312 446 323 441 685 285 276 771 408 440 204 537 518 834 935 643 451 627 476 669 891 365 307 644 529 790 525 479 420 738 698 329 276 876 724 392 798 631 789 216 397 843 790 508 831 142 135
179 770 704 802 627 778 86 696 539 359 772 367 224 163 799 244 553 578 559 123 677 781 619 731 947 177 444 268 219 338 640 0 180 595 385 352 280 775 769 524 240 359 510 143 910 620 364 446 428 943 286 172 429 424 339 462 606 801 468 312 757 698 237 695 151 1011 254 480 194 695 509 937 47 477 671 743 666 830 271 720 579 189 320 382 611 574 683 199 369 217 652 669 739 127 70 862 840 439 809 606 645 183 441 517 555 76 176 314 248 300 886 839 471 350 678 457 449 145 173 79 572 703 436 614 156 736 453 551 462 261 861 539 428 587 109 839 616 679 347 293 636 173 788 262 810 781 745 676 844 599 141 513 578 719 239 371 581 519 602 517 634 856 587 774 789 601 348 651 553 364 993 491 558 166 454 844 482 549 236 746 567 250 218 530 200 217 5 611 602 360 418 811 678 544 160 792 349 240 689 310 774 217 736 525 59 774 485 298 481 256 391 180 299 255 256 962 149 694 640 960 688 314 508 200 932 548 788 480 865 655 527 131 363 353 310 677 577 342 828 456 352 355 326 145 314 244 722 340 454 613 239 502 622 478 245 834 872 624 480 353 487 371 405 309 607 240 77 307 298 850 77 393 201 551 341 242 225 620 786 381 350 93 400 194 598 501 852 549 253 276 267 259 746 731
355 630 615 643 708 707 136 522 382 231 593 193 169 344 618 281 372 401 539 69 497 600 539 660 863 323 432 133 388 171 492 180 0 420 452 225 105 596 702 344 310 179 434 112 796 498 287 309 378 834 330 13 537 408 288 298 446 620 392 420 695 684 343 514 293 910 137 323 361 645 331 824 191 568 495 603 612 650 179 707 689 169 292 520 494 462 568 283 273 390 488 488 598 245 231 767 710 292 732 461 513 318 307 501 388 229 27 461 90 134 791 658 384 477 505 574 279 178 152 259 686 538 292 588 250 625 300 599 401 155 780 369 487 498 229 753 436 633 229 384 703 258 683 217 733 602 577 499 754 422 44 332 668 581 365 471 500 361 439 353 702 760 481 707 612 501 414 688 613 212 901 376 439 297 321 665 309 514 78 569 611 410 132 567 348 111 176 512 508 503 298 687 499 617 69 611 272 275 509 253 673 353 557 488 182 594 349 194 321 225 226 236 436 324 192 854 181 563 473 846 641 290 622 354 824 653 621 421 798 628 526 58 256 302 424 627 396 402 699 278 179 198 196 302 247 379 602 180 442 546 59 571 543 300 406 654 795 449 499 380 608 448 295 134 636 243 244 400 129 741 156 242 297 555 176 187 254 668 607 218 398 243 220 306 629 605 708 371 350 435 294 340 583 600
773 575 719 495 1069 831 556 314 363 433 283 227 522 757 278 554 157 230 794 472 114 207 684 795 931 742 723 422 809 258 454 595 420 0 822 435 315 195 838 116 605 261 623 517 792 552 383 420 634 839 586 432 932 700 579 322 376 246 597 822 843 922 667 135 712 925 363 155 781 827 218 815 611 948 78 556 791 298 485 945 1078 471 469 933 563 559 616 686 507 809 370 176 549 612 651 821 669 206 837 449 527 735 243 771 315 649 436 878 396 357 841 277 572 886 309 973 291 582 471 674 1079 390 219 824 595 665 369 935 629 368 869 68 847 636 602 833 195 826 453 779 1050 665 730 551 838 193 390 268 824 26 464 160 1040 548 777 865 655 131 353 109 1050 816 586 840 344 613 666 999 961 373 944 505 525 714 438 258 113 753 402 310 941 830 484 893 767 395 591 621 631 918 464 673 228 977 473 235 536 549 228 555 731 769 151 729 577 199 436 472 145 568 329 557 850 613 522 858 519 561 345 834 828 613 1017 725 829 1040 429 646 917 855 813 464 326 587 828 812 152 773 662 146 311 251 427 685 539 794 624 356 731 717 370 930 690 215 826 298 891 259 815 728 1009 704 310 286 943 608 664 691 351 760 544 228 626 843 256 529 536 997 295 337 629 632 204 646 941 993 614 66 662 855 662 637 430 588
