90
0 759 857 570 984 806 539 502 696 189 482 305 772 185 457 935 1145 1021 647 714 508 930 707 116 927 668 468 766 425 724 860 599 552 657 726 800 942 977 52 360 887 681 86 281 977 450 689 180 923 525 123 483 750 437 959 513 676 418 309 197 843 829 595 854 1090 323 302 858 58 903 912 713 765 910 660 634 470 475 921 752 506 639 842 1082 851 139 773 865 171 491
759 0 614 963 376 1072 673 353 910 712 329 790 1035 575 557 416 669 589 797 96 419 292 977 658 313 237 290 71 342 73 690 431 939 108 678 799 425 502 710 542 358 299 724 691 765 651 1051 674 616 289 725 476 1075 352 853 245 962 407 568 642 130 747 231 152 691 633 827 134 718 575 398 48 846 409 931 134 432 326 640 697 266 256 968 602 235 622 133 115 744 274
857 614 0 634 403 601 368 431 469 689 482 655 575 757 401 294 335 222 378 686 378 436 545 746 406 394 616 684 574 669 88 284 618 565 192 258 292 247 837 498 312 329 887 604 156 437 657 682 76 746 913 381 645 524 244 607 550 492 549 661 539 176 455 522 248 544 692 552 858 87 290 590 340 275 523 643 413 496 64 184 675 391 441 296 422 746 485 603 722 562
570 963 634 0 970 244 308 611 203 403 643 270 216 628 406 874 968 855 256 977 545 962 165 528 941 750 750 1010 676 974 577 560 24 861 442 420 877 863 593 441 858 711 650 341 666 312 119 437 709 884 688 487 180 638 578 780 135 573 440 451 972 496 732 969 873 364 268 990 614 717 859 918 340 848 140 896 532 650 689 452 823 722 345 930 905 567 893 1025 404 726
984 376 403 970 0 990 665 483 843 870 503 896 960 825 612 108 305 261 736 472 496 84 919 869 65 318 568 440 576 449 491 431 950 406 560 655 111 178 945 660 112 306 978 812 514 692 1022 844 361 636 991 543 1022 550 635 532 917 567 707 814 248 577 397 225 356 744 936 250 960 324 116 385 731 130 887 482 530 512 391 565 586 345 840 245 152 848 261 297 907 522
806 1072 601 244 990 0 404 737 162 628 781 501 38 840 539 884 911 817 275 1105 661 1003 105 751 976 839 907 1129 835 1097 522 641 257 980 430 344 884 849 823 608 885 786 882 552 574 458 144 657 668 1050 919 609 82 789 455 929 133 723 624 664 1052 430 845 1043 806 554 506 1069 845 689 874 1030 261 861 157 1031 662 790 640 425 982 816 179 889 962 784 977 1111 636 872
539 673 368 308 665 404 0 332 244 353 376 291 366 498 138 572 698 577 140 701 257 654 305 443 633 448 506 727 435 694 341 254 286 578 195 261 575 570 533 228 552 405 591 261 453 89 379 359 443 650 624 204 401 387 420 525 288 323 262 349 669 293 443 665 616 218 326 687 556 440 555 630 242 545 258 626 257 386 430 219 581 423 347 650 598 461 591 725 380 469
502 353 431 611 483 737 332 0 576 394 53 448 699 355 205 435 660 540 467 370 77 434 637 386 428 173 195 400 144 364 473 149 587 250 397 516 442 484 466 196 384 178 504 352 582 298 702 364 476 338 521 128 731 93 622 201 619 84 234 333 383 493 124 386 624 288 486 400 482 445 411 307 540 409 589 293 78 67 485 423 264 142 659 593 358 368 304 426 430 146
696 910 469 203 843 162 244 576 0 509 620 395 125 705 380 739 795 690 113 943 500 850 76 626 825 677 749 967 678 935 399 480 200 818 284 228 740 712 706 457 735 626 765 425 474 305 189 532 541 893 802 448 179 631 377 770 83 566 478 534 892 310 683 884 694 414 411 909 729 556 727 868 142 714 63 869 501 630 516 285 824 654 151 764 805 655 816 951 524 713
189 712 689 403 870 628 353 394 509 0 393 133 592 232 289 806 994 869 457 690 375 828 526 125 819 567 436 736 372 695 683 454 382 604 544 612 812 836 196 211 764 564 255 92 799 265 522 42 759 540 293 335 579 360 773 478 496 316 163 71 770 645 509 776 930 145 148 787 219 744 784 663 575 779 478 606 339 391 753 569 497 537 654 935 752 166 693 805 36 438
482 329 482 643 503 781 376 53 620 393 0 462 742 323 243 465 699 581 513 333 127 447 679 368 445 185 141 368 93 330 526 202 619 222 450 569 473 520 442 213 411 208 475 363 634 333 739 360 525 285 490 172 771 49 676 151 660 79 240 328 376 546 115 383 668 304 499 393 457 492 441 281 591 441 630 253 118 14 535 476 212 158 709 631 369 344 300 413 428 94
305 790 655 270 896 501 291 448 395 133 462 0 466 363 284 819 979 855 363 782 406 865 402 258 851 615 534 824 463 784 632 465 250 682 487 532 824 835 323 251 785 597 381 99 744 220 390 170 730 652 419 354 448 439 699 572 371 382 222 189 831 580 571 834 903 159 40 848 345 722 798 742 482 791 356 697 377 463 719 509 601 584 545 926 795 299 751 873 135 525
772 1035 575 216 960 38 366 699 125 592 742 466 0 803 500 855 890 793 238 1067 623 971 67 714 945 803 868 1092 796 1059 499 605 226 943 400 321 855 822 788 570 854 751 847 515 556 419 129 621 643 1011 884 571 79 750 441 891 96 685 585 627 1016 406 807 1008 786 516 473 1034 810 663 844 993 235 831 118 993 623 752 617 396 943 780 168 866 928 747 941 1076 601 834
185 575 757 628 825 840 498 355 705 232 323 363 803 0 380 788 1014 893 629 528 383 764 735 114 764 507 285 581 250 539 777 478 606 475 659 755 795 839 135 276 734 530 154 289 893 412 746 192 815 342 166 376 799 274 899 330 707 275 236 177 665 765 428 677 973 291 380 679 142 789 764 530 740 763 684 449 346 313 818 687 320 480 837 948 684 68 599 684 245 313
457 557 401 406 612 539 138 205 380 289 243 284 500 380 0 534 706 581 279 575 139 585 436 348 569 348 368 605 297 570 404 181 382 456 279 376 539 553 440 104 501 320 493 210 522 93 497 280 470 512 523 81 527 250 519 390 416 185 151 259 571 385 325 570 641 145 324 589 461 454 514 511 374 506 387 496 126 252 466 306 444 319 484 649 519 355 491 621 323 334
935 416 294 874 108 884 572 435 739 806 465 819 855 788 534 0 256 175 635 508 432 157 816 819 125 290 554 486 548 487 382 354 855 419 455 547 8 87 900 595 61 257 938 741 409 608 920 784 254 644 955 472 919 514 527 525 815 518 644 755 303 469 374 281 277 673 859 311 917 216 23 413 624 27 785 500 469 476 284 459 585 311 732 187 182 802 286 362 843 503
1145 669 335 968 305 911 698 660 795 994 699 979 890 1014 706 256 0 124 712 763 637 386 869 1029 359 538 802 737 788 741 395 545 953 675 526 570 248 180 1116 788 317 493 1159 916 344 759 984 979 259 899 1180 663 965 748 474 776 877 739 840 954 548 485 621 525 109 851 1017 553 1134 258 278 669 657 271 852 757 676 711 279 516 839 554 737 69 434 1019 541 601 1029 749
1021 589 222 855 261 817 577 540 690 869 581 855 793 893 581 175 124 0 600 679 514 329 766 905 297 430 691 659 672 657 294 421 839 580 413 472 167 88 992 663 231 380 1037 792 273 635 879 854 149 797 1058 538 865 630 404 669 771 618 715 829 478 387 511 457 102 726 894 486 1011 138 191 582 557 179 745 662 552 594 176 406 733 443 648 74 357 896 456 537 905 638
647 797 378 256 736 275 140 467 113 457 513 363 238 629 279 635 712 600 0 832 390 740 186 563 715 564 646 854 576 823 321 366 243 706 187 175 636 614 649 366 627 512 707 366 414 217 285 472 453 791 743 341 289 527 342 664 180 463 395 468 778 242 571 771 616 340 389 795 672 463 622 756 119 609 150 759 394 524 432 195 720 541 208 675 693 586 703 837 478 607
714 96 686 977 472 1105 701 370 943 690 333 782 1067 528 575 508 763 679 832 0 443 388 1006 622 409 295 254 55 319 23 758 474 953 127 730 852 517 593 663 542 449 360 670 682 841 666 1072 650 696 211 666 498 1101 344 920 211 989 406 560 619 227 808 262 249 781 630 816 230 668 654 489 97 892 500 959 84 448 327 718 751 207 306 1014 695 329 582 222 202 721 257
508 419 378 545 496 661 257 77 500 375 127 406 623 383 139 432 637 514 390 443 0 459 562 391 447 211 268 470 209 436 411 95 521 321 324 442 438 468 478 164 389 192 523 317 523 233 632 351 432 413 545 58 658 156 554 278 546 113 212 323 433 423 187 433 590 250 446 450 497 405 409 374 463 405 515 369 38 140 437 350 340 181 582 574 388 382 353 482 411 222
930 292 436 962 84 1003 654 434 850 828 447 865 971 764 585 157 386 329 740 388 459 0 925 816 32 262 498 355 514 365 524 407 941 328 573 678 163 241 889 622 123 267 918 776 563 671 1022 799 407 557 928 510 1028 493 677 460 920 517 665 768 164 605 336 141 428 709 905 167 902 367 151 303 748 166 890 401 491 455 436 582 510 292 862 323 79 792 181 214 864 455
707 977 545 165 919 105 305 637 76 526 679 402 67 735 436 816 869 766 186 1006 562 925 0 648 900 747 804 1032 731 999 474 550 171 883 361 299 817 789 723 503 811 697 781 448 544 353 116 554 616 946 819 509 103 686 439 827 31 620 518 560 963 384 748 956 767 449 411 981 745 632 804 934 212 791 51 931 561 688 591 362 879 723 183 840 879 681 887 1022 536 770
116 658 746 528 869 751 443 386 626 125 368 258 714 114 348 819 1029 905 563 622 391 816 648 0 812 553 370 672 318 630 753 483 507 553 623 705 826 860 91 248 770 564 147 201 870 354 648 93 810 449 180 368 704 325 860 414 618 302 197 94 735 728 482 745 976 225 271 750 113 789 795 611 679 793 598 539 353 362 809 649 417 524 766 966 738 45 663 761 132 386
927 313 406 941 65 976 633 428 825 819 445 851 945 764 569 125 359 297 715 409 447 32 900 812 0 259 504 379 515 387 493 390 920 341 546 649 131 209 887 611 93 255 918 765 531 653 999 791 375 571 930 497 1004 491 645 468 896 511 656 761 189 575 336 166 397 697 891 194 901 335 119 321 720 134 866 417 480 453 404 554 521 287 834 294 86 789 195 243 855 459
668 237 394 750 318 839 448 173 677 567 185 615 803 507 348 290 538 430 564 295 211 262 747 553 259 0 264 302 260 280 463 197 726 171 440 561 298 357 628 366 232 65 660 522 550 441 828 537 413 368 673 268 847 232 625 238 734 254 406 506 223 513 84 221 526 456 654 240 642 373 266 203 609 269 704 249 237 194 431 459 303 30 730 468 185 530 143 276 603 213
468 290 616 750 568 907 506 195 749 436 141 534 868 285 368 554 802 691 646 254 268 498 804 370 504 264 0 303 74 261 665 341 726 190 592 710 562 621 419 309 495 312 436 435 770 451 854 396 653 145 440 307 891 118 817 45 782 183 316 365 383 688 181 397 784 390 567 396 428 617 530 245 729 534 753 170 253 128 665 617 75 248 846 733 419 332 322 398 466 54
766 71 684 1010 440 1129 727 400 967 736 368 824 1092 581 605 486 737 659 854 55 470 355 1032 672 379 302 303 0 365 42 760 491 986 149 743 864 494 572 716 580 428 366 724 724 837 698 1102 697 688 266 721 527 1129 384 923 259 1016 444 601 666 191 815 284 214 762 670 859 191 721 646 469 99 909 480 986 132 479 364 711 762 261 318 1031 671 304 633 205 155 768 299
425 342 574 676 576 835 435 144 678 372 93 463 796 250 297 548 788 672 576 319 209 514 731 318 515 260 74 365 0 323 617 292 651 236 533 649 556 608 379 234 492 294 405 364 726 378 780 332 618 215 414 240 817 52 763 109 709 112 243 301 418 632 179 429 760 316 497 433 391 586 524 294 663 526 680 235 188 79 628 559 148 237 778 720 434 286 349 443 403 67
724 73 669 974 449 1097 694 364 935 695 330 784 1059 539 570 487 741 657 823 23 436 365 999 630 387 280 261 42 323 0 741 463 950 116 717 839 495 571 674 541 427 345 683 684 823 662 1067 655 677 229 680 492 1095 344 904 217 982 405 561 624 204 793 252 226 759 631 818 207 680 635 468 79 881 478 952 90 443 325 699 738 220 293 1003 673 306 591 201 180 726 259
860 690 88 577 491 522 341 473 399 683 526 632 499 777 404 382 395 294 321 758 411 524 474 753 493 463 665 760 617 741 0 324 564 634 146 178 380 331 844 506 400 397 898 594 117 420 588 680 145 801 926 402 571 564 163 661 482 524 555 663 622 92 515 606 296 538 667 636 866 170 378 663 263 363 457 709 441 540 118 128 729 456 357 367 508 758 565 686 714 612
599 431 284 560 431 641 254 149 480 454 202 465 605 478 181 354 545 421 366 474 95 407 550 483 390 197 341 491 292 463 324 0 538 347 259 381 360 381 571 244 319 150 617 386 433 263 633 436 336 481 640 119 650 241 475 341 538 207 295 409 415 348 213 410 495 318 505 433 590 310 333 392 418 327 507 410 132 216 342 282 408 174 539 484 345 476 338 472 490 290
552 939 618 24 950 257 286 587 200 382 619 250 226 606 382 855 953 839 243 953 521 941 171 507 920 726 726 986 651 950 564 538 0 837 426 410 857 845 573 417 838 688 631 319 655 288 140 416 694 859 669 463 197 614 570 756 140 548 416 429 949 484 708 946 859 341 250 967 595 701 839 894 332 828 139 872 508 626 674 437 799 699 346 914 883 545 870 1002 385 702
657 108 565 861 406 980 578 250 818 604 222 682 943 475 456 419 675 580 706 127 321 328 883 553 341 171 190 149 236 116 634 347 837 0 603 725 427 498 609 435 357 237 627 583 721 549 952 566 581 230 630 377 979 244 796 146 867 300 460 534 194 681 135 210 680 526 719 206 618 540 397 59 765 405 836 82 329 219 601 624 184 179 887 606 254 519 146 208 637 168
726 678 192 442 560 430 195 397 284 544 450 487 400 659 279 455 526 413 187 730 324 573 361 623 546 440 592 743 533 717 146 259 426 603 0 122 456 428 714 383 454 379 770 453 257 279 469 545 267 735 800 298 463 480 240 597 362 428 429 530 636 105 471 625 435 402 521 652 737 276 444 643 175 431 334 669 346 463 248 27 662 424 294 488 537 633 567 699 573 543
800 799 258 420 655 344 261 516 228 612 569 532 321 755 376 547 570 472 175 852 442 678 299 705 649 561 710 864 649 839 178 381 410 725 122 0 546 506 795 479 556 499 852 519 247 351 416 620 323 854 885 409 394 596 167 717 311 541 519 610 752 85 593 740 467 479 560 768 818 345 540 764 86 525 289 791 460 582 296 102 781 546 184 545 648 721 685 815 637 663
942 425 292 877 111 884 575 442 740 812 473 824 855 795 539 8 248 167 636 517 438 163 817 826 131 298 562 494 556 495 380 360 857 427 456 546 0 79 908 601 69 264 946 746 404 612 922 790 250 653 962 478 919 522 524 533 816 525 650 762 311 467 382 289 269 678 864 318 924 213 32 422 623 33 787 509 475 484 280 459 594 319 731 179 190 810 294 369 849 511
977 502 247 863 178 849 570 484 712 836 520 835 822 839 553 87 180 88 614 593 468 241 789 860 209 357 621 572 608 571 331 381 845 498 428 506 79 0 945 626 144 313 986 764 338 618 898 817 191 720 1005 500 890 569 463 595 791 565 676 790 390 423 440 368 190 696 874 398 963 161 103 497 587 93 763 580 506 532 221 427 658 374 688 111 269 848 370 449 872 568
52 710 837 593 945 823 533 466 706 196 442 323 788 135 440 900 1116 992 649 663 478 889 723 91 887 628 419 716 379 674 844 571 573 609 714 795 908 945 0 339 850 644 59 283 962 443 712 176 900 473 96 458 771 396 951 465 692 382 289 184 797 819 553 808 1065 315 326 811 23 879 877 665 766 875 674 584 440 434 900 741 455 600 849 1052 810 98 729 818 188 445
360 542 498 441 660 608 228 196 457 211 213 251 570 276 104 595 788 663 366 542 164 622 503 248 611 366 309 580 234 541 506 244 417 435 383 479 601 626 339 0 554 355 391 156 624 152 545 191 562 445 419 125 585 198 623 340 479 135 51 166 580 489 319 583 730 92 289 597 360 543 573 494 470 568 452 459 130 216 561 411 382 335 575 727 549 251 500 622 247 287
887 358 312 858 112 885 552 384 735 764 411 785 854 734 501 61 317 231 627 449 389 123 811 770 93 232 495 428 492 427 400 319 838 357 454 556 69 144 850 554 0 206 886 703 442 580 911 740 286 583 901 433 914 460 554 465 807 469 601 711 250 482 316 229 333 635 825 259 866 245 40 353 628 51 778 439 425 422 314 462 525 255 740 248 127 752 226 311 801 445
681 299 329 711 306 786 405 178 626 564 208 597 751 530 320 257 493 380 512 360 192 267 697 564 255 65 312 366 294 345 397 150 688 237 379 499 264 313 644 355 206 0 681 509 485 409 783 537 350 427 697 243 798 257 559 292 686 263 400 507 266 448 133 260 472 442 637 283 660 312 233 267 550 233 656 314 225 219 368 397 358 65 671 425 198 546 191 325 600 258
86 724 887 650 978 882 591 504 765 255 475 381 847 154 493 938 1159 1037 707 670 523 918 781 147 918 660 436 724 405 683 898 617 631 627 770 852 946 986 59 391 886 681 0 342 1015 501 769 235 949 472 38 506 829 427 1007 481 751 421 342 241 818 875 582 831 1112 373 382 832 36 926 915 681 824 914 733 595 485 466 950 797 463 633 908 1095 839 141 753 835 246 467
281 691 604 341 812 552 261 352 425 92 363 99 515 289 210 741 916 792 366 682 317 776 448 201 765 522 435 724 364 684 594 386 319 583 453 519 746 764 283 156 703 509 342 0 709 174 458 107 676 556 378 269 510 340 681 473 419 284 123 112 735 554 474 739 848 68 135 752 306 663 719 643 484 713 398 598 285 364 669 478 503 491 566 860 704 232 656 776 120 425
977 765 156 666 514 574 453 582 474 799 634 744 556 893 522 409 344 273 414 841 523 563 544 870 531 550 770 837 726 823 117 433 655 721 257 247 404 338 962 624 442 485 1015 709 0 536 660 798 156 902 1044 518 633 674 132 763 557 637 673 780 682 171 611 664 235 655 777 695 984 197 412 744 332 396 536 800 555 648 128 235 830 548 396 336 562 876 635 747 830 716
450 651 437 312 692 458 89 298 305 265 333 220 419 412 93 608 759 635 217 666 233 671 353 354 653 441 451 698 378 662 420 263 288 549 279 351 612 618 443 152 580 409 501 174 536 0 406 270 510 592 534 175 440 334 509 476 331 268 177 259 664 380 419 662 684 128 258 681 466 502 589 605 328 580 302 587 219 341 501 304 526 412 426 706 607 372 584 715 294 420
689 1051 657 119 1022 144 379 702 189 522 739 390 129 746 497 920 984 879 285 1072 632 1022 116 648 999 828 854 1102 780 1067 588 633 140 952 469 416 922 898 712 545 911 783 769 458 660 406 0 556 729 991 807 575 65 739 555 881 107 673 550 569 1049 499 820 1043 883 475 387 1066 733 743 907 1006 329 895 134 993 624 747 705 472 928 802 291 953 972 686 971 1105 524 826
180 674 682 437 844 657 359 364 532 42 360 170 621 192 280 784 979 854 472 650 351 799 554 93 791 537 396 697 332 655 680 436 416 566 545 620 790 817 176 191 740 537 235 107 798 270 556 0 749 498 270 316 611 324 779 438 524 283 140 32 736 649 475 743 919 143 189 752 199 732 761 626 590 757 504 566 315 356 746 571 455 507 674 919 723 129 660 769 70 399
923 616 76 709 361 668 443 476 541 759 525 730 643 815 470 254 259 149 453 696 432 407 616 810 375 413 653 688 618 677 145 336 694 581 267 323 250 191 900 562 286 350 949 676 156 510 729 749 0 776 974 443 715 570 273 639 622 544 614 727 528 238 482 509 173 614 767 540 921 42 256 598 408 240 596 662 468 539 30 258 707 416 501 223 407 808 484 592 793 598
525 289 746 884 636 1050 650 338 893 540 285 652 1011 342 512 644 899 797 791 211 413 557 946 449 571 368 145 266 215 229 801 481 859 230 735 854 653 720 473 445 583 427 472 556 902 592 991 498 776 0 463 452 1031 263 956 140 923 327 444 470 412 829 294 431 895 519 681 420 474 739 622 259 874 628 895 158 398 272 792 760 73 361 991 830 484 405 375 404 565 192
123 725 913 688 991 919 624 521 802 293 490 419 884 166 523 955 1180 1058 743 666 545 928 819 180 930 673 440 721 414 680 926 640 669 630 800 885 962 1005 96 419 901 697 38 378 1044 534 807 270 974 463 0 532 867 441 1039 484 788 440 372 275 823 906 593 836 1135 406 420 836 74 950 931 682 859 930 770 593 507 480 975 827 460 647 944 1114 849 168 760 837 284 475
483 476 381 487 543 609 204 128 448 335 172 354 571 376 81 472 663 538 341 498 58 510 509 368 497 268 307 527 240 492 402 119 463 377 298 409 478 500 458 125 433 243 506 269 518 175 575 316 443 452 532 0 603 189 535 322 491 131 176 291 490 401 245 490 607 201 394 508 478 420 450 431 422 445 461 421 53 182 443 325 381 239 539 602 442 365 410 540 371 266
750 1075 645 180 1022 82 401 731 179 579 771 448 79 799 527 919 965 865 289 1101 658 1028 103 704 1004 847 891 1129 817 1095 571 650 197 979 463 394 919 890 771 585 914 798 829 510 633 440 65 611 715 1031 867 603 0 774 521 916 112 708 594 622 1065 479 845 1058 861 521 448 1082 793 732 907 1032 307 894 143 1024 653 780 689 463 966 822 248 938 982 740 988 1123 583 860
437 352 524 638 550 789 387 93 631 360 49 439 750 274 250 514 748 630 527 344 156 493 686 325 491 232 118 384 52 344 564 241 614 244 480 596 522 569 396 198 460 257 427 340 674 334 739 324 570 263 441 189 774 0 710 142 665 65 216 292 413 579 157 421 716 286 475 428 410 538 490 304 611 490 636 260 136 38 579 506 193 206 728 680 414 299 339 445 394 88
959 853 244 578 635 455 420 622 377 773 676 699 441 899 519 527 474 404 342 920 554 677 439 860 645 625 817 923 763 904 163 475 570 796 240 167 524 463 951 623 554 559 1007 681 132 509 555 779 273 956 1039 535 521 710 0 816 457 663 668 766 783 134 675 766 365 636 728 797 973 310 527 826 238 512 441 870 581 690 243 212 883 617 276 468 667 872 727 847 800 765
513 245 607 780 532 929 525 201 770 478 151 572 891 330 390 525 776 669 664 211 278 460 827 414 468 238 45 259 109 217 661 341 756 146 597 717 533 595 465 340 465 292 481 473 763 476 881 438 639 140 484 322 916 142 816 0 806 208 351 407 340 690 158 354 764 424 606 352 473 602 501 200 741 506 777 127 269 139 654 622 67 226 860 707 382 378 282 353 509 56
676 962 550 135 917 133 288 619 83 496 660 371 96 707 416 815 877 771 180 989 546 920 31 618 896 734 782 1016 709 982 482 538 140 867 362 311 816 791 692 479 807 686 751 419 557 331 107 524 622 923 788 491 112 665 457 806 0 599 492 531 953 393 732 946 777 422 379 970 714 636 802 919 225 789 30 912 542 669 598 365 857 710 210 846 872 651 876 1010 505 750
418 407 492 573 567 723 323 84 566 316 79 382 685 275 185 518 739 618 463 406 113 517 620 302 511 254 183 444 112 405 524 207 548 300 428 541 525 565 382 135 469 263 421 284 637 268 673 283 544 327 440 131 708 65 663 208 599 0 161 252 455 530 193 460 698 226 419 471 398 516 495 359 552 493 570 324 82 81 550 455 258 224 666 674 440 284 377 493 351 153
309 568 549 440 707 624 262 234 478 163 240 222 585 236 151 644 840 715 395 560 212 665 518 197 656 406 316 601 243 561 555 295 416 460 429 519 650 676 289 51 601 400 342 123 673 177 550 140 614 444 372 176 594 216 668 351 492 161 0 114 615 534 353 619 782 75 258 631 310 595 621 519 504 617 467 475 176 241 612 456 386 375 604 779 591 204 536 654 199 302
197 642 661 451 814 664 349 333 534 71 328 189 627 177 259 755 954 829 468 619 323 768 560 94 761 506 365 666 301 624 663 409 429 534 530 610 762 790 184 166 711 507 241 112 780 259 569 32 727 470 275 291 622 292 766 407 531 252 114 0 704 635 444 711 896 131 213 720 207 709 733 594 584 729 510 535 286 324 724 557 425 476 672 893 692 120 628 737 102 368
843 130 539 972 248 1052 669 383 892 770 376 831 1016 665 571 303 548 478 778 227 433 164 963 735 189 223 383 191 418 204 622 415 949 194 636 752 311 390 797 580 250 266 818 735 682 664 1049 736 528 412 823 490 1065 413 783 340 953 455 615 704 0 690 262 22 580 672 870 17 808 486 288 153 810 301 922 254 455 379 554 651 377 251 930 483 122 704 80 64 805 352
829 747 176 496 577 430 293 493 310 645 546 580 406 765 385 469 485 387 242 808 423 605 384 728 575 513 688 815 632 793 92 348 484 681 105 85 467 423 819 489 482 448 875 554 171 380 499 649 238 829 906 401 479 579 134 690 393 530 534 635 690 0 555 676 383 505 611 705 841 261 463 716 171 448 370 752 448 560 210 78 756 501 265 459 581 739 628 754 674 638
595 231 455 732 397 845 443 124 683 509 115 571 807 428 325 374 621 511 571 262 187 336 748 482 336 84 181 284 179 252 515 213 708 135 471 593 382 440 553 319 316 133 582 474 611 419 820 475 482 294 593 245 845 157 675 158 732 193 353 444 262 555 0 267 605 412 609 278 566 445 350 187 630 353 702 197 201 120 498 493 225 68 752 552 257 456 184 302 544 129
854 152 522 969 225 1043 665 386 884 776 383 834 1008 677 570 281 525 457 771 249 433 141 956 745 166 221 397 214 429 226 606 410 946 210 625 740 289 368 808 583 229 260 831 739 664 662 1043 743 509 431 836 490 1058 421 766 354 946 460 619 711 22 676 267 0 558 675 872 30 819 467 267 172 799 280 915 273 457 386 536 639 394 251 919 460 102 715 82 82 811 363
1090 691 248 873 356 806 616 624 694 930 668 903 786 973 641 277 109 102 616 781 590 428 767 976 397 526 784 762 760 759 296 495 859 680 435 467 269 190 1065 730 333 472 1112 848 235 684 883 919 173 895 1135 607 861 716 365 764 777 698 782 896 580 383 605 558 0 785 940 588 1085 187 293 684 554 281 753 763 628 681 186 421 829 537 630 121 459 971 558 639 964 730
323 633 544 364 744 554 218 288 414 145 304 159 516 291 145 673 851 726 340 630 250 709 449 225 697 456 390 670 316 631 538 318 341 526 402 479 678 696 315 92 635 442 373 68 655 128 475 143 614 519 406 201 521 286 636 424 422 226 75 131 672 505 412 675 785 0 197 689 338 599 651 585 454 645 397 547 219 307 608 428 461 426 546 794 637 246 592 715 179 374
302 827 692 268 936 506 326 486 411 148 499 40 473 380 324 859 1017 894 389 816 446 905 411 271 891 654 567 859 497 818 667 505 250 719 521 560 864 874 326 289 825 637 382 135 777 258 387 189 767 681 420 394 448 475 728 606 379 419 258 213 870 611 609 872 940 197 0 887 347 759 838 778 506 831 367 732 417 500 756 542 632 623 562 964 834 314 790 911 140 559
858 134 552 990 250 1069 687 400 909 787 393 848 1034 679 589 311 553 486 795 230 450 167 981 750 194 240 396 191 433 207 636 433 967 206 652 768 318 398 811 597 259 283 832 752 695 681 1066 752 540 420 836 508 1082 428 797 352 970 471 631 720 17 705 278 30 588 689 887 0 822 498 297 161 826 311 939 262 473 395 567 667 387 269 946 488 133 719 97 51 821 366
58 718 858 614 960 845 556 482 729 219 457 345 810 142 461 917 1134 1011 672 668 497 902 745 113 901 642 428 721 391 680 866 590 595 618 737 818 924 963 23 360 866 660 36 306 984 466 733 199 921 474 74 478 793 410 973 473 714 398 310 207 808 841 566 819 1085 338 347 822 0 899 893 673 789 892 697 591 459 448 921 763 460 615 872 1070 823 115 740 827 209 455
903 575 87 717 324 689 440 445 556 744 492 722 663 789 454 216 258 138 463 654 405 367 632 789 335 373 617 646 586 635 170 310 701 540 276 345 213 161 879 543 245 312 926 663 197 502 743 732 42 739 950 420 732 538 310 602 636 516 595 709 486 261 445 467 187 599 759 498 899 0 216 557 427 201 609 621 443 506 69 270 670 378 527 213 365 785 442 550 778 563
912 398 290 859 116 874 555 411 727 784 441 798 844 764 514 23 278 191 622 489 409 151 804 795 119 266 530 469 524 468 378 333 839 397 444 540 32 103 877 573 40 233 915 719 412 589 907 761 256 622 931 450 907 490 527 501 802 495 621 733 288 463 350 267 293 651 838 297 893 216 0 394 615 15 773 479 446 452 285 449 562 287 725 209 166 779 266 349 820 479
713 48 590 918 385 1030 630 307 868 663 281 742 993 530 511 413 669 582 756 97 374 303 934 611 321 203 245 99 294 79 663 392 894 59 643 764 422 497 665 494 353 267 681 643 744 605 1006 626 598 259 682 431 1032 304 826 200 919 359 519 594 153 716 187 172 684 585 778 161 673 557 394 0 809 404 888 101 385 278 620 663 227 218 931 601 237 576 128 154 696 227
765 846 340 340 731 261 242 540 142 575 591 482 235 740 374 624 657 557 119 892 463 748 212 679 720 609 729 909 663 881 263 418 332 765 175 86 623 587 766 470 628 550 824 484 332 328 329 590 408 874 859 422 307 611 238 741 225 552 504 584 810 171 630 799 554 454 506 826 789 427 615 809 0 601 205 826 476 603 381 165 802 590 121 631 712 700 740 872 597 685
910 409 275 848 130 861 545 409 714 779 441 791 831 763 506 27 271 179 609 500 405 166 791 793 134 269 534 480 526 478 363 327 828 405 431 525 33 93 875 568 51 233 914 713 396 580 895 757 240 628 930 445 894 490 512 506 789 493 617 729 301 448 353 280 281 645 831 311 892 201 15 404 601 0 760 487 442 452 270 435 568 289 710 201 179 777 277 362 816 482
660 931 523 140 887 157 258 589 63 478 630 356 118 684 387 785 852 745 150 959 515 890 51 598 866 704 753 986 680 952 457 507 139 836 334 289 787 763 674 452 778 656 733 398 536 302 134 504 596 895 770 461 143 636 441 777 30 570 467 510 922 370 702 915 753 397 367 939 697 609 773 888 205 760 0 882 512 639 573 339 828 679 206 820 841 630 845 979 489 721
634 134 643 896 482 1031 626 293 869 606 253 697 993 449 496 500 757 662 759 84 369 401 931 539 417 249 170 132 235 90 709 410 872 82 669 791 509 580 584 459 439 314 595 598 800 587 993 566 662 158 593 421 1024 260 870 127 912 324 475 535 254 752 197 273 763 547 732 262 591 621 479 101 826 487 882 0 370 246 681 691 132 253 947 688 331 501 221 249 636 173
470 432 413 532 530 662 257 78 501 339 118 377 623 346 126 469 676 552 394 448 38 491 561 353 480 237 253 479 188 443 441 132 508 329 346 460 475 506 440 130 425 225 485 285 555 219 624 315 468 398 507 53 653 136 581 269 542 82 176 286 455 448 201 457 628 219 417 473 459 443 446 385 476 442 512 370 0 129 472 373 327 206 593 612 418 344 375 502 376 212
475 326 496 650 512 790 386 67 630 391 14 463 752 313 252 476 711 594 524 327 140 455 688 362 453 194 128 364 79 325 540 216 626 219 463 582 484 532 434 216 422 219 466 364 648 341 747 356 539 272 480 182 780 38 690 139 669 81 241 324 379 560 120 386 681 307 500 395 448 506 452 278 603 452 639 246 129 0 549 489 200 167 721 643 376 337 303 414 426 83
921 640 64 689 391 640 430 485 516 753 535 719 617 818 466 284 279 176 432 718 437 436 591 809 404 431 665 711 628 699 118 342 674 601 248 296 280 221 900 561 314 368 950 669 128 501 705 746 30 792 975 443 689 579 243 654 598 550 612 724 554 210 498 536 186 608 756 567 921 69 285 620 381 270 573 681 472 549 0 237 721 433 473 249 434 808 508 618 787 611
752 697 184 452 565 425 219 423 285 569 476 509 396 687 306 459 516 406 195 751 350 582 362 649 554 459 617 762 559 738 128 282 437 624 27 102 459 427 741 411 462 397 797 478 235 304 472 571 258 760 827 325 463 506 212 622 365 455 456 557 651 78 493 639 421 428 542 667 763 270 449 663 165 435 339 691 373 489 237 0 687 445 281 481 549 660 583 714 598 568
506 266 675 823 586 982 581 264 824 497 212 601 943 320 444 585 839 733 720 207 340 510 879 417 521 303 75 261 148 220 729 408 799 184 662 781 594 658 455 382 525 358 463 503 830 526 928 455 707 73 460 381 966 193 883 67 857 258 386 425 377 756 225 394 829 461 632 387 460 670 562 227 802 568 828 132 327 200 721 687 0 292 920 769 434 376 329 380 524 118
639 256 391 722 345 816 423 142 654 537 158 584 780 480 319 311 554 443 541 306 181 292 723 524 287 30 248 318 237 293 456 174 699 179 424 546 319 374 600 335 255 65 633 491 548 412 802 507 416 361 647 239 822 206 617 226 710 224 375 476 251 501 68 251 537 426 623 269 615 378 287 218 590 289 679 253 206 167 433 445 292 0 712 486 215 502 171 303 573 194
842 968 441 345 840 179 347 659 151 654 709 545 168 837 484 732 737 648 208 1014 582 862 183 766 834 730 846 1031 778 1003 357 539 346 887 294 184 731 688 849 575 740 671 908 566 396 426 291 674 501 991 944 539 248 728 276 860 210 666 604 672 930 265 752 919 630 546 562 946 872 527 725 931 121 710 206 947 593 721 473 281 920 712 0 719 830 791 861 993 671 804
1082 602 296 930 245 889 650 593 764 935 631 926 866 948 649 187 69 74 675 695 574 323 840 966 294 468 733 671 720 673 367 484 914 606 488 545 179 111 1052 727 248 425 1095 860 336 706 953 919 223 830 1114 602 938 680 468 707 846 674 779 893 483 459 552 460 121 794 964 488 1070 213 209 601 631 201 820 688 612 643 249 481 769 486 719 0 367 955 473 537 971 680
851 235 422 905 152 962 598 358 805 752 369 795 928 684 519 182 434 357 693 329 388 79 879 738 86 185 419 304 434 306 508 345 883 254 537 648 190 269 810 549 127 198 839 704 562 607 972 723 407 484 849 442 982 414 667 382 872 440 591 692 122 581 257 102 459 637 834 133 823 365 166 237 712 179 841 331 418 376 434 549 434 215 830 367 0 713 110 185 789 376
139 622 746 567 848 784 461 368 655 166 344 299 747 68 355 802 1019 896 586 582 382 792 681 45 789 530 332 633 286 591 758 476 545 519 633 721 810 848 98 251 752 546 141 232 876 372 686 129 808 405 168 365 740 299 872 378 651 284 204 120 704 739 456 715 971 246 314 719 115 785 779 576 700 777 630 501 344 337 808 660 376 502 791 955 713 0 634 728 177 353
773 133 485 893 261 977 591 304 816 693 300 751 941 599 491 286 541 456 703 222 353 181 887 663 195 143 322 205 349 201 565 338 870 146 567 685 294 370 729 500 226 191 753 656 635 584 971 660 484 375 760 410 988 339 727 282 876 377 536 628 80 628 184 82 558 592 790 97 740 442 266 128 740 277 845 221 375 303 508 583 329 171 861 473 110 634 0 134 729 285
865 115 603 1025 297 1111 725 426 951 805 413 873 1076 684 621 362 601 537 837 202 482 214 1022 761 243 276 398 155 443 180 686 472 1002 208 699 815 369 449 818 622 311 325 835 776 747 715 1105 769 592 404 837 540 1123 445 847 353 1010 493 654 737 64 754 302 82 639 715 911 51 827 550 349 154 872 362 979 249 502 414 618 714 380 303 993 537 185 728 134 0 839 375
171 744 722 404 907 636 380 430 524 36 428 135 601 245 323 843 1029 905 478 721 411 864 536 132 855 603 466 768 403 726 714 490 385 637 573 637 849 872 188 247 801 600 246 120 830 294 524 70 793 565 284 371 583 394 800 509 505 351 199 102 805 674 544 811 964 179 140 821 209 778 820 696 597 816 489 636 376 426 787 598 524 573 671 971 789 177 729 839 0 470
491 274 562 726 522 872 469 146 713 438 94 525 834 313 334 503 749 638 607 257 222 455 770 386 459 213 54 299 67 259 612 290 702 168 543 663 511 568 445 287 445 258 467 425 716 420 826 399 598 192 475 266 860 88 765 56 750 153 302 368 352 638 129 363 730 374 559 366 455 563 479 227 685 482 721 173 212 83 611 568 118 194 804 680 376 353 285 375 470 0
