87
0 570 399 446 602 492 468 178 342 688 162 544 494 488 472 389 400 214 397 362 714 389 496 729 324 196 357 685 503 813 428 447 664 261 243 300 735 247 271 694 477 558 469 409 313 495 509 318 763 638 773 428 474 227 210 265 476 314 669 637 223 457 731 503 450 269 129 447 239 152 584 277 299 443 296 268 779 463 375 742 400 400 231 223 267 588 760
570 0 783 558 31 322 383 559 573 469 501 969 548 460 239 324 810 659 491 920 519 765 310 450 258 626 444 648 646 307 187 224 121 544 754 676 291 650 814 514 381 524 959 438 260 80 844 446 230 371 586 824 853 571 601 718 330 282 148 220 613 925 586 747 508 585 694 156 676 420 56 518 336 609 653 632 631 129 655 543 186 506 777 552 819 277 290
399 783 0 300 811 529 467 257 219 1050 317 866 888 421 575 739 755 184 328 553 1084 760 840 1079 616 584 352 1078 902 909 597 573 901 660 206 685 806 159 267 1065 475 945 749 382 549 733 113 704 894 983 1148 785 832 626 210 139 512 626 814 730 194 763 1111 896 348 200 342 724 159 446 821 674 644 842 686 661 1161 726 770 1113 676 793 511 242 292 642 841
446 558 300 0 580 253 186 274 116 927 286 989 841 124 322 633 846 313 73 745 970 832 712 938 481 636 132 1016 889 622 377 333 679 660 413 737 516 270 493 955 192 874 902 120 391 531 312 653 620 843 1039 874 919 644 265 333 239 505 550 452 260 898 1015 924 53 197 478 551 306 384 606 660 550 830 728 699 1066 543 794 998 512 751 651 227 513 359 553
602 31 811 580 0 340 402 589 600 473 532 997 567 480 259 348 838 690 515 951 524 792 325 450 288 656 470 660 666 287 214 247 100 572 785 704 281 680 845 519 400 539 988 461 292 110 870 472 207 376 589 851 879 599 631 748 349 312 133 219 643 954 592 770 530 613 726 183 706 452 57 545 364 631 681 660 636 156 681 546 215 528 808 582 850 286 276
492 322 529 253 340 0 66 382 310 749 349 1012 732 140 87 497 855 467 202 847 797 825 547 747 346 640 182 883 805 379 173 115 440 615 576 726 278 439 651 786 61 742 957 147 261 318 563 565 368 656 866 878 918 617 405 512 18 380 296 201 410 939 853 873 200 358 580 365 473 361 376 603 440 752 710 682 903 346 751 824 341 657 723 350 665 114 312
468 383 467 186 402 66 0 339 249 793 315 1001 755 77 143 525 847 418 138 815 839 820 585 795 371 630 129 914 822 442 218 163 502 618 527 722 338 386 604 827 9 772 937 85 280 370 496 580 434 702 909 871 912 615 357 459 54 402 363 266 360 922 892 880 133 304 544 408 421 351 435 609 459 766 707 678 943 393 755 867 378 675 697 303 619 176 374
178 559 257 274 589 382 339 0 164 792 61 716 639 338 392 481 577 100 237 481 826 567 583 822 363 374 212 828 665 745 383 378 671 424 200 478 652 100 271 808 349 692 628 264 307 498 356 452 711 726 890 605 651 397 47 159 364 371 621 562 63 624 855 678 287 90 209 477 117 188 589 432 386 604 472 444 905 483 548 855 428 545 378 46 283 491 683
342 573 219 116 600 310 249 164 0 890 191 880 773 215 356 585 742 196 113 628 930 731 675 910 442 536 133 956 811 690 386 356 693 574 298 639 588 154 378 913 258 816 788 164 361 531 271 584 675 813 997 770 816 552 149 221 293 461 595 510 144 786 968 834 147 80 362 534 190 309 615 578 494 750 632 604 1019 531 704 959 489 680 537 118 397 424 623
688 469 1050 927 473 749 793 792 890 0 733 786 272 866 663 310 663 876 853 915 50 609 215 67 448 596 795 225 365 741 577 634 410 474 930 569 753 891 955 50 795 189 845 814 535 437 1144 376 656 97 117 659 662 521 840 936 749 429 604 689 855 795 122 490 890 861 807 385 900 603 416 444 405 377 546 545 162 402 483 75 417 328 783 812 948 738 745
162 501 317 286 532 349 315 61 191 733 0 706 589 328 348 422 561 160 235 500 768 545 522 761 301 349 196 776 621 700 329 330 612 383 253 451 611 161 318 750 324 638 628 249 246 439 412 400 662 665 833 587 632 361 109 220 331 309 570 518 124 619 799 643 288 134 231 416 179 130 530 388 327 561 443 414 849 422 513 797 366 495 384 82 327 454 640
544 969 866 989 997 1012 1001 716 880 786 706 0 516 1030 970 656 160 710 942 352 776 204 724 852 725 372 899 622 421 1266 900 939 1013 425 660 295 1212 754 611 756 1010 596 140 950 775 890 978 526 1197 806 796 145 125 406 735 731 998 694 1106 1114 745 106 739 299 994 802 531 813 730 651 954 451 635 413 317 341 763 840 325 792 786 495 355 762 588 1090 1228
494 548 888 841 567 732 755 639 773 272 589 516 0 816 658 239 390 704 771 657 272 336 245 337 385 354 712 191 106 854 568 624 549 240 733 305 833 730 742 250 760 85 573 747 474 481 994 189 774 293 310 387 391 284 684 758 725 353 697 747 699 522 258 228 817 723 595 403 729 464 513 218 296 104 284 289 299 431 212 293 404 94 534 672 730 762 837
488 460 421 124 480 140 77 338 215 866 328 1030 816 0 221 591 879 403 105 819 912 857 657 870 436 663 131 980 878 498 294 241 580 664 509 759 392 365 589 900 79 838 957 79 344 447 437 636 499 777 982 905 948 657 345 435 130 466 434 331 346 946 964 929 72 283 548 482 401 390 512 658 520 821 747 718 1014 468 801 940 450 732 711 296 606 237 429
472 239 575 322 259 87 143 392 356 663 348 970 658 221 0 420 811 487 260 834 711 777 463 660 275 599 223 802 736 352 90 34 359 560 592 679 264 465 663 701 142 663 925 205 199 231 621 499 322 570 781 831 869 568 424 538 91 309 238 169 432 903 768 811 271 388 574 280 497 328 291 544 372 685 660 633 818 260 694 738 259 587 702 369 674 119 292
389 324 739 633 348 497 525 481 585 310 422 656 239 591 420 0 501 567 560 673 346 452 107 343 155 351 501 388 327 631 330 386 357 243 627 372 599 581 660 329 530 246 665 529 247 250 834 131 554 250 412 511 535 280 529 627 492 127 470 510 545 625 383 423 602 552 515 170 590 292 300 212 95 285 348 332 434 198 334 375 165 182 530 502 655 523 606
400 810 755 846 838 855 847 577 742 663 561 160 390 879 811 501 0 586 795 316 661 54 576 727 564 216 749 530 312 1106 739 779 858 266 554 135 1051 628 520 640 855 475 182 799 614 730 869 370 1037 671 691 29 76 245 602 617 841 533 946 953 614 131 635 213 848 666 413 655 608 495 797 293 475 286 157 180 667 681 181 680 626 352 254 623 499 930 1067
214 659 184 313 690 467 418 100 196 876 160 710 704 403 487 567 586 0 297 434 908 585 671 910 458 403 288 895 717 838 482 474 771 475 108 505 743 45 186 889 428 763 606 336 406 598 295 522 808 815 970 615 662 441 63 61 449 463 719 655 57 611 932 714 341 119 179 575 25 277 689 489 471 657 504 478 982 582 587 936 526 610 357 117 203 580 775
397 491 328 73 515 202 138 237 113 853 235 942 771 105 260 560 795 297 0 718 896 777 639 865 408 581 59 945 822 580 308 267 612 597 404 681 477 260 483 882 146 802 862 56 318 460 362 585 570 769 965 822 866 584 241 330 186 433 495 404 241 854 941 862 52 178 447 479 296 320 538 595 478 763 670 642 993 470 732 925 439 682 614 193 501 314 513
362 920 553 745 951 847 815 481 628 915 500 352 657 819 834 673 316 434 718 0 925 355 773 972 663 325 691 824 604 1175 790 809 1001 445 352 352 1097 479 285 904 824 740 215 744 671 841 658 555 1123 898 967 340 376 400 480 434 830 644 1028 1000 484 248 915 525 766 548 271 781 447 512 925 477 606 562 373 370 953 802 451 948 739 587 144 524 260 948 1122
714 519 1084 970 524 797 839 826 930 50 768 776 272 912 711 346 661 908 896 925 0 607 257 100 489 611 837 189 355 791 624 682 460 490 957 575 804 925 979 21 842 187 843 859 578 486 1180 398 706 147 69 655 655 536 874 967 796 468 655 740 889 792 73 478 934 898 831 432 932 637 467 461 440 375 553 555 112 450 484 29 462 339 796 848 971 787 795
389 765 760 832 792 825 820 567 731 609 545 204 336 857 777 452 54 585 777 355 607 0 524 673 523 195 729 479 259 1063 703 744 809 222 563 98 1012 626 537 586 828 421 236 778 579 686 874 321 993 617 637 59 92 208 596 621 812 492 903 915 608 186 582 169 830 658 419 609 608 469 750 247 431 232 116 143 615 636 127 626 583 298 275 612 517 896 1027
496 310 840 712 325 547 585 583 675 215 522 724 245 657 463 107 576 671 639 773 257 524 0 238 233 448 580 344 348 613 374 432 304 332 734 455 600 683 768 243 588 214 748 602 321 253 931 218 531 143 326 582 600 375 631 732 545 215 458 521 646 704 306 463 677 648 622 185 694 394 270 300 200 323 430 419 357 208 399 285 207 229 631 600 763 552 600
729 450 1079 938 450 747 795 822 910 67 761 852 337 870 660 343 727 910 865 972 100 673 238 0 467 650 808 288 432 705 577 633 376 528 969 629 726 922 999 111 796 256 909 823 550 429 1169 424 620 96 147 724 729 575 870 970 748 453 576 669 885 859 172 558 899 886 851 388 933 633 395 497 438 442 605 603 202 402 546 110 426 386 837 839 992 725 714
324 258 616 481 288 346 371 363 442 448 301 725 385 436 275 155 564 458 408 663 489 523 233 467 0 370 348 544 461 541 189 241 340 301 537 429 489 463 585 474 376 401 704 374 91 178 702 225 476 371 558 581 614 320 411 520 339 34 383 393 425 672 533 538 448 420 452 123 479 186 262 279 98 410 408 384 585 140 427 518 76 311 519 374 586 387 503
196 626 584 636 656 640 630 374 536 596 349 372 354 663 599 351 216 403 581 325 611 195 448 650 370 0 534 538 333 909 533 568 692 122 401 103 847 440 395 589 638 432 334 583 407 545 697 230 846 573 659 241 284 75 406 445 626 344 752 748 419 305 610 311 634 465 255 477 427 279 622 152 294 277 101 77 653 501 187 636 440 272 186 418 380 718 866
357 444 352 132 470 182 129 212 133 795 196 899 712 131 223 501 749 288 59 691 837 729 580 808 348 534 0 886 765 561 258 224 565 543 397 632 461 257 474 823 139 743 825 52 259 408 401 527 542 711 906 775 819 532 227 330 164 373 462 379 231 815 882 808 105 175 420 422 292 266 489 540 419 707 620 591 934 415 679 866 381 624 580 174 489 296 495
685 648 1078 1016 660 883 914 828 956 225 776 622 191 980 802 388 530 895 945 824 189 479 344 288 544 538 886 0 221 941 712 770 614 429 924 475 939 920 930 176 918 142 708 916 636 597 1183 375 857 302 181 518 507 472 873 949 879 515 794 864 888 655 127 325 989 910 785 528 920 648 602 409 466 265 457 468 141 552 373 191 543 285 711 859 918 895 936
503 646 902 889 666 805 822 665 811 365 621 421 106 878 736 327 312 717 822 604 355 259 348 432 461 333 765 221 0 953 648 702 653 242 731 257 926 749 728 335 828 177 492 805 544 576 1012 241 874 396 379 302 299 277 706 767 797 426 794 837 721 440 324 125 871 753 586 496 742 505 614 233 365 60 242 257 355 524 154 372 490 149 495 702 713 846 932
813 307 909 622 287 379 442 745 690 741 700 1266 854 498 352 631 1106 838 580 1175 791 1063 613 705 541 909 561 941 953 0 385 370 330 840 944 970 106 814 1016 790 434 825 1243 526 506 381 935 749 84 646 851 1122 1153 861 775 887 397 572 161 183 783 1213 862 1054 569 734 923 461 847 662 342 816 632 916 949 925 902 433 958 810 481 813 1038 720 1027 266 69
428 187 597 377 214 173 218 383 386 577 329 900 568 294 90 330 739 482 308 790 624 703 374 577 189 533 258 712 648 385 0 58 307 482 582 605 314 469 647 613 219 572 864 257 125 154 657 414 336 485 693 759 795 495 422 539 172 223 242 215 433 838 680 727 331 400 542 191 496 277 230 464 287 599 586 560 730 175 613 651 168 499 653 370 655 198 335
447 224 573 333 247 115 163 378 356 634 330 939 624 241 34 386 779 474 267 809 682 744 432 633 241 568 224 770 702 370 58 0 345 527 578 646 288 456 647 671 164 630 896 214 166 206 625 465 333 541 751 799 837 536 412 527 115 275 245 190 421 873 738 777 284 381 553 249 486 301 273 511 338 651 628 601 788 231 660 709 227 552 676 358 657 151 313
664 121 901 679 100 440 502 671 693 410 612 1013 549 580 359 357 858 771 612 1001 460 809 304 376 340 692 565 614 653 330 307 345 0 596 862 728 352 765 918 459 500 507 1019 559 366 173 965 488 245 316 521 869 892 629 715 831 449 357 203 308 727 980 532 766 629 702 791 219 789 519 82 567 398 626 704 686 572 200 690 480 264 527 856 667 921 382 338
261 544 660 660 572 615 618 424 574 474 383 425 240 664 560 243 266 475 597 445 490 222 332 528 301 122 543 429 242 840 482 527 596 0 495 132 790 506 501 468 626 314 422 587 361 464 769 114 771 452 540 281 313 46 463 526 604 269 680 693 478 383 492 265 648 513 355 389 500 277 532 32 209 181 108 89 536 415 137 515 360 152 308 462 489 678 804
243 754 206 413 785 576 527 200 298 930 253 660 733 509 592 627 554 108 404 352 957 563 734 969 537 401 397 924 731 944 582 578 862 495 0 496 851 144 79 938 536 800 543 444 496 689 318 562 912 877 1016 583 630 454 170 83 558 536 822 761 166 556 974 708 445 225 146 658 108 351 780 515 533 672 500 478 1022 667 588 985 608 640 305 225 100 688 882
300 676 685 737 704 726 722 478 639 569 451 295 305 759 679 372 135 505 681 352 575 98 455 629 429 103 632 475 257 970 605 646 728 132 496 0 917 543 481 553 730 389 293 680 481 596 798 241 902 562 615 153 191 110 509 545 713 398 811 819 523 252 562 212 734 569 349 521 529 370 664 161 340 210 24 45 600 547 102 597 492 242 238 522 464 798 932
735 291 806 516 281 278 338 652 588 753 611 1212 833 392 264 599 1051 743 477 1097 804 1012 600 726 489 847 461 939 926 106 314 288 352 790 851 917 0 717 924 800 330 814 1179 423 440 351 829 708 138 656 868 1069 1104 806 680 790 296 522 149 98 687 1153 873 1019 463 636 839 430 750 588 338 769 585 884 896 871 916 402 915 826 439 781 964 625 936 164 37
247 650 159 270 680 439 386 100 154 891 161 754 730 365 465 581 628 45 260 479 925 626 683 922 463 440 257 920 749 814 469 456 765 506 144 543 717 0 224 906 396 786 652 303 403 593 263 545 788 826 989 657 704 475 52 73 421 471 701 631 38 656 952 750 301 82 224 576 36 288 683 518 485 688 541 515 1002 580 622 954 527 636 402 98 243 553 750
271 814 267 493 845 651 604 271 378 955 318 611 742 589 663 660 520 186 483 285 979 537 768 999 585 395 474 930 728 1016 647 647 918 501 79 481 924 224 0 959 614 814 487 523 553 745 373 581 980 909 1035 550 595 458 247 161 633 580 889 833 244 506 990 692 525 305 148 708 187 400 836 525 570 672 489 470 1037 720 579 1007 659 652 266 301 24 763 955
694 514 1065 955 519 786 827 808 913 50 750 756 250 900 701 329 640 889 882 904 21 586 243 111 474 589 823 176 335 790 613 671 459 468 938 553 800 906 959 0 830 165 822 845 563 477 1162 377 705 144 83 634 634 515 855 948 785 452 651 734 871 771 72 458 920 880 810 421 913 619 462 440 422 354 531 533 118 440 463 47 449 317 775 831 950 779 793
477 381 475 192 400 61 9 349 258 795 324 1010 760 79 142 530 855 428 146 824 842 828 588 796 376 638 139 918 828 434 219 164 500 626 536 730 330 396 614 830 0 776 946 94 286 370 503 586 427 704 911 879 920 623 366 468 51 407 358 260 370 931 895 887 139 313 554 410 431 360 433 616 465 773 715 686 946 394 763 869 381 680 706 313 629 168 366
558 524 945 874 539 742 772 692 816 189 638 596 85 838 663 246 475 763 802 740 187 421 214 256 401 432 743 142 177 825 572 630 507 314 800 389 814 786 814 165 776 0 657 773 493 466 1048 241 743 223 227 470 473 360 737 820 737 372 672 734 753 606 177 302 846 772 666 393 788 509 483 288 324 188 368 371 222 419 297 208 404 162 615 721 803 760 814
469 959 749 902 988 957 937 628 788 845 628 140 573 957 925 665 182 606 862 215 843 236 748 909 704 334 825 708 492 1243 864 896 1019 422 543 293 1179 652 487 822 946 657 0 877 739 878 859 534 1180 850 872 190 206 389 640 620 941 677 1086 1080 648 53 817 384 913 708 428 807 624 597 952 453 624 468 318 333 847 832 362 862 773 529 250 674 463 1044 1199
409 438 382 120 461 147 85 264 164 814 249 950 747 79 205 529 799 336 56 744 859 778 602 823 374 583 52 916 805 526 257 214 559 587 444 680 423 303 523 845 94 773 877 0 282 411 418 565 514 728 928 825 868 578 276 375 130 402 438 348 278 866 907 852 75 220 472 435 338 311 486 582 452 747 668 639 958 425 724 887 398 661 633 224 539 260 458
313 260 549 391 292 261 280 307 361 535 246 775 474 344 199 247 614 406 318 671 578 579 321 550 91 407 259 636 544 506 125 166 366 361 496 481 440 403 553 563 286 493 739 282 0 192 627 304 451 453 647 634 671 370 352 466 253 121 356 341 365 712 624 612 357 350 434 174 424 161 284 345 179 491 462 436 675 177 494 607 127 395 532 308 558 317 460
495 80 733 531 110 318 370 498 531 437 439 890 481 447 231 250 730 598 460 841 486 686 253 429 178 545 408 597 576 381 154 206 173 464 689 596 351 593 745 477 370 466 878 411 192 0 802 368 308 341 555 745 774 490 542 658 321 201 220 267 555 844 548 673 485 533 621 79 616 347 91 438 255 536 573 551 595 51 577 512 105 432 697 496 749 302 356
509 844 113 312 870 563 496 356 271 1144 412 978 994 437 621 834 869 295 362 658 1180 874 931 1169 702 697 401 1183 1012 935 657 625 965 769 318 798 829 263 373 1162 503 1048 859 418 627 802 0 808 931 1072 1245 899 945 736 310 253 547 716 857 763 294 874 1211 1008 366 282 456 802 270 542 886 782 739 951 798 773 1261 801 882 1209 755 899 624 331 398 671 866
318 446 704 653 472 565 580 452 584 376 400 526 189 636 499 131 370 522 585 555 398 321 218 424 225 230 527 375 241 749 414 465 488 114 562 241 708 545 581 377 586 241 534 565 304 368 808 0 676 343 455 381 407 156 497 578 556 190 588 615 513 493 412 313 633 534 433 290 547 274 428 82 127 186 216 202 461 317 208 425 270 97 416 483 572 612 719
763 230 894 620 207 368 434 711 675 656 662 1197 774 499 322 554 1037 808 570 1123 706 993 531 620 476 846 542 857 874 84 336 333 245 771 912 902 138 788 980 705 427 743 1180 514 451 308 931 676 0 561 766 1052 1082 795 745 860 383 504 94 167 754 1148 778 978 566 711 878 386 819 611 261 746 562 839 880 857 818 358 885 726 410 736 983 691 989 262 109
638 371 983 843 376 656 702 726 813 97 665 806 293 777 570 250 671 815 769 898 147 617 143 96 371 573 711 302 396 646 485 541 316 452 877 562 656 826 909 144 704 223 850 728 453 341 1072 343 561 0 214 672 681 498 774 875 657 356 507 592 789 802 216 521 804 790 763 294 838 538 319 421 344 393 538 532 260 310 489 171 330 321 759 742 904 641 648
773 586 1148 1039 589 866 909 890 997 117 833 796 310 982 781 412 691 970 965 967 69 637 326 147 558 659 906 181 379 851 693 751 521 540 1016 615 868 989 1035 83 911 227 872 928 647 555 1245 455 766 214 0 682 677 586 938 1029 866 536 719 806 953 820 56 497 1003 964 887 502 995 702 532 512 506 408 594 599 56 520 520 42 532 387 842 914 1026 856 858
428 824 785 874 851 878 871 605 770 659 587 145 387 905 831 511 29 615 822 340 655 59 582 724 581 241 775 518 302 1122 759 799 869 281 583 153 1069 657 550 634 879 470 190 825 634 745 899 381 1052 672 682 0 46 264 631 646 864 550 961 972 642 137 627 196 874 695 443 668 637 519 809 306 490 282 173 198 656 695 183 673 641 355 283 651 528 951 1085
474 853 832 919 879 918 912 651 816 662 632 125 391 948 869 535 76 662 866 376 655 92 600 729 614 284 819 507 299 1153 795 837 892 313 630 191 1104 704 595 634 920 473 206 868 671 774 945 407 1082 681 677 46 0 301 677 693 905 582 992 1007 689 152 621 182 919 741 489 696 684 561 835 336 521 288 209 236 648 724 201 671 672 371 328 697 573 988 1118
227 571 626 644 599 617 615 397 552 521 361 406 284 657 568 280 245 441 584 400 536 208 375 575 320 75 532 472 277 861 495 536 629 46 454 110 806 475 458 515 623 360 389 578 370 490 736 156 795 498 586 264 301 0 434 490 605 290 702 708 449 354 538 281 635 487 312 417 466 266 562 77 234 218 92 65 582 443 151 562 385 198 262 438 445 687 822
210 601 210 265 631 405 357 47 149 840 109 735 684 345 424 529 602 63 241 480 874 596 631 870 411 406 227 873 706 775 422 412 715 463 170 509 680 52 247 855 366 737 640 276 352 542 310 497 745 774 938 631 677 434 0 117 387 418 657 592 15 640 902 713 287 68 213 523 74 236 633 474 434 645 506 479 952 528 584 902 474 589 389 54 262 517 712
265 718 139 333 748 512 459 159 221 936 220 731 758 435 538 627 617 61 330 434 967 621 732 970 520 445 330 949 767 887 539 527 831 526 83 545 790 73 161 948 468 820 620 375 466 658 253 578 860 875 1029 646 693 490 117 0 494 524 773 704 106 629 990 757 368 155 203 636 42 338 749 542 532 707 547 522 1039 642 632 995 587 664 376 169 182 626 823
476 330 512 239 349 18 54 364 293 749 331 998 725 130 91 492 841 449 186 830 796 812 545 748 339 626 164 879 797 397 172 115 449 604 558 713 296 421 633 785 51 737 941 130 253 321 547 556 383 657 866 864 905 605 387 494 0 372 310 217 392 924 851 862 187 340 562 364 455 347 382 592 432 743 697 669 902 347 740 824 338 649 707 332 647 132 330
314 282 626 505 312 380 402 371 461 429 309 694 353 466 309 127 533 463 433 644 468 492 215 453 34 344 373 515 426 572 223 275 357 269 536 398 522 471 580 452 407 372 677 402 121 201 716 190 504 356 536 550 582 290 418 524 372 0 412 426 434 644 509 503 475 433 443 137 485 186 281 246 63 376 376 353 561 158 393 498 96 277 499 386 579 421 535
669 148 814 550 133 296 363 621 595 604 570 1106 697 434 238 470 946 719 495 1028 655 903 458 576 383 752 462 794 794 161 242 245 203 680 822 811 149 701 889 651 358 672 1086 438 356 220 857 588 94 507 719 961 992 702 657 773 310 412 0 114 666 1055 724 894 497 626 785 300 731 516 191 656 471 756 789 766 767 272 797 677 320 653 888 604 897 205 142
637 220 730 452 219 201 266 562 510 689 518 1114 747 331 169 510 953 655 404 1000 740 915 521 669 393 748 379 864 837 183 215 190 308 693 761 819 98 631 833 734 260 734 1080 348 341 267 763 615 167 592 806 972 1007 708 592 704 217 426 114 0 599 1054 806 927 398 552 743 343 664 489 274 673 490 793 799 773 852 316 820 764 347 691 865 537 844 95 123
223 613 194 260 643 410 360 63 144 855 124 745 699 346 432 545 614 57 241 484 889 608 646 885 425 419 231 888 721 783 433 421 727 478 166 523 687 38 244 871 370 753 648 278 365 555 294 513 754 789 953 642 689 449 15 106 392 434 666 599 0 648 918 727 285 64 220 538 64 252 645 489 449 660 519 492 968 542 598 918 489 604 397 62 260 523 719
457 925 763 898 954 939 922 624 786 795 619 106 522 946 903 625 131 611 854 248 792 186 704 859 672 305 815 655 440 1213 838 873 980 383 556 252 1153 656 506 771 931 606 53 866 712 844 874 493 1148 802 820 137 152 354 640 629 924 644 1055 1054 648 0 764 331 906 707 432 771 630 577 915 413 589 417 276 294 794 797 313 810 739 482 254 670 482 1022 1171
731 586 1111 1015 592 853 892 855 968 122 799 739 258 964 768 383 635 932 941 915 73 582 306 172 533 610 882 127 324 862 680 738 532 492 974 562 873 952 990 72 895 177 817 907 624 548 1211 412 778 216 56 627 621 538 902 990 851 509 724 806 918 764 0 440 982 931 842 488 957 668 535 466 474 354 542 547 51 509 466 66 514 339 791 880 980 850 865
503 747 896 924 770 873 880 678 834 490 643 299 228 929 811 423 213 714 862 525 478 169 463 558 538 311 808 325 125 1054 727 777 766 265 708 212 1019 750 692 458 887 302 384 852 612 673 1008 313 978 521 497 196 182 281 713 757 862 503 894 927 727 331 440 0 913 768 562 593 738 542 720 271 439 139 209 235 466 622 130 493 580 241 438 719 674 925 1028
450 508 348 53 530 200 133 287 147 890 288 994 817 72 271 602 848 341 52 766 934 830 677 899 448 634 105 989 871 569 331 284 629 648 445 734 463 301 525 920 139 846 913 75 357 485 366 633 566 804 1003 874 919 635 287 368 187 475 497 398 285 906 982 913 0 221 496 511 337 371 558 645 523 813 723 694 1033 500 784 963 473 730 665 242 544 305 500
269 585 200 197 613 358 304 90 80 861 134 802 723 283 388 552 666 119 178 548 898 658 648 886 420 465 175 910 753 734 400 381 702 513 225 569 636 82 305 880 313 772 708 220 350 533 282 534 711 790 964 695 741 487 68 155 340 433 626 552 64 707 931 768 221 0 282 524 118 263 621 520 458 692 563 535 982 526 638 927 477 629 457 51 322 472 669
129 694 342 478 726 580 544 209 362 807 231 531 595 548 574 515 413 179 447 271 831 419 622 851 452 255 420 785 586 923 542 553 791 355 146 349 839 224 148 810 554 666 428 472 434 621 456 433 878 763 887 443 489 312 213 203 562 443 785 743 220 432 842 562 496 282 0 576 198 274 711 377 427 529 354 332 889 591 442 858 528 504 178 253 140 684 866
447 156 724 551 183 365 408 477 534 385 416 813 403 482 280 170 655 575 479 781 432 609 185 388 123 477 422 528 496 461 191 249 219 389 658 521 430 576 708 421 410 393 807 435 174 79 802 290 386 294 502 668 696 417 523 636 364 137 300 343 538 771 488 593 511 524 576 0 595 308 145 362 183 456 498 477 538 28 499 459 49 353 637 482 709 367 436
239 676 159 306 706 473 421 117 190 900 179 730 729 401 497 590 608 25 296 447 932 608 694 933 479 427 292 920 742 847 496 486 789 500 108 529 750 36 187 913 431 788 624 338 424 616 270 547 819 838 995 637 684 466 74 42 455 485 731 664 64 630 957 738 337 118 198 595 0 299 706 514 495 682 528 503 1006 601 611 961 545 635 376 127 207 587 783
152 420 446 384 452 361 351 188 309 603 130 651 464 390 328 292 495 277 320 512 637 469 394 633 186 279 266 648 505 662 277 301 519 277 351 370 588 288 400 619 360 509 597 311 161 347 542 274 611 538 702 519 561 266 236 338 347 186 516 489 252 577 668 542 371 263 274 308 299 0 437 275 197 445 357 328 719 320 413 666 259 371 376 212 402 447 611
584 56 821 606 57 376 435 589 615 416 530 954 513 512 291 300 797 689 538 925 467 750 270 395 262 622 489 602 614 342 230 273 82 532 780 664 338 683 836 462 433 483 952 486 284 91 886 428 261 319 532 809 835 562 633 749 382 281 191 274 645 915 535 720 558 621 711 145 706 437 0 504 328 581 641 621 579 123 635 490 186 479 781 586 839 333 334
277 518 674 660 545 603 609 432 578 444 388 451 218 658 544 212 293 489 595 477 461 247 300 497 279 152 540 409 233 816 464 511 567 32 515 161 769 518 525 440 616 288 453 582 345 438 782 82 746 421 512 306 336 77 474 542 592 246 656 673 489 413 466 271 645 520 377 362 514 275 504 0 184 172 136 120 511 389 149 487 336 126 339 469 514 661 782
299 336 644 550 364 440 459 386 494 405 327 635 296 520 372 95 475 471 478 606 440 431 200 438 98 294 419 466 365 632 287 338 398 209 533 340 585 485 570 422 465 324 624 452 179 255 739 127 562 344 506 490 521 234 434 532 432 63 471 490 449 589 474 439 523 458 427 183 495 197 328 184 0 313 317 296 525 208 330 469 151 216 461 408 566 485 597
443 609 842 830 631 752 766 604 750 377 561 413 104 821 685 285 286 657 763 562 375 232 323 442 410 277 707 265 60 916 599 651 626 181 672 210 884 688 672 354 773 188 468 747 491 536 951 186 839 393 408 282 288 218 645 707 743 376 756 793 660 417 354 139 813 692 529 456 682 445 581 172 313 0 192 204 391 484 111 395 446 103 446 641 657 797 892
296 653 686 728 681 710 707 472 632 546 443 317 284 747 660 348 157 504 670 373 553 116 430 605 408 101 620 457 242 949 586 628 704 108 500 24 896 541 489 531 715 368 318 668 462 573 798 216 880 538 594 173 209 92 506 547 697 376 789 799 519 276 542 209 723 563 354 498 528 357 641 136 317 192 0 28 581 524 89 576 469 219 253 515 473 779 911
268 632 661 699 660 682 678 444 604 545 414 341 289 718 633 332 180 478 642 370 555 143 419 603 384 77 591 468 257 925 560 601 686 89 478 45 871 515 470 533 686 371 333 639 436 551 773 202 857 532 599 198 236 65 479 522 669 353 766 773 492 294 547 235 694 535 332 477 503 328 621 120 296 204 28 0 588 503 110 578 447 217 244 487 455 752 887
779 631 1161 1066 636 903 943 905 1019 162 849 763 299 1014 818 434 667 982 993 953 112 615 357 202 585 653 934 141 355 902 730 788 572 536 1022 600 916 1002 1037 118 946 222 847 958 675 595 1261 461 818 260 56 656 648 582 952 1039 902 561 767 852 968 794 51 466 1033 982 889 538 1006 719 579 511 525 391 581 588 0 558 502 92 565 384 833 931 1026 898 908
463 129 726 543 156 346 393 483 531 402 422 840 431 468 260 198 681 582 470 802 450 636 208 402 140 501 415 552 524 433 175 231 200 415 667 547 402 580 720 440 394 419 832 425 177 51 801 317 358 310 520 695 724 443 528 642 347 158 272 316 542 797 509 622 500 526 591 28 601 320 123 389 208 484 524 503 558 0 526 477 63 381 658 485 722 343 407
375 655 770 794 681 751 755 548 704 483 513 325 212 801 694 334 181 587 732 451 484 127 399 546 427 187 679 373 154 958 613 660 690 137 588 102 915 622 579 463 763 297 362 724 494 577 882 208 885 489 520 183 201 151 584 632 740 393 797 820 598 313 466 130 784 638 442 499 611 413 635 149 330 111 89 110 502 526 0 505 478 171 340 589 563 810 927
742 543 1113 998 546 824 867 855 959 75 797 792 293 940 738 375 680 936 925 948 29 626 285 110 518 636 866 191 372 810 651 709 480 515 985 597 826 954 1007 47 869 208 862 887 607 512 1209 425 726 171 42 673 671 562 902 995 824 498 677 764 918 810 66 493 963 927 858 459 961 666 490 487 469 395 576 578 92 477 505 0 490 364 820 877 998 813 817
400 186 676 512 215 341 378 428 489 417 366 786 404 450 259 165 626 526 439 739 462 583 207 426 76 440 381 543 490 481 168 227 264 360 608 492 439 527 659 449 381 404 773 398 127 105 755 270 410 330 532 641 672 385 474 587 338 96 320 347 489 739 514 580 473 477 528 49 545 259 186 336 151 446 469 447 565 63 478 490 0 343 595 434 660 358 449
400 506 793 751 528 657 675 545 680 328 495 495 94 732 587 182 352 610 682 587 339 298 229 386 311 272 624 285 149 813 499 552 527 152 640 242 781 636 652 317 680 162 529 661 395 432 899 97 736 321 387 355 371 198 589 664 649 277 653 691 604 482 339 241 730 629 504 353 635 371 479 126 216 103 219 217 384 381 171 364 343 0 457 578 641 696 788
231 777 511 651 808 723 697 378 537 783 384 355 534 711 702 530 254 357 614 144 796 275 631 837 519 186 580 711 495 1038 653 676 856 308 305 238 964 402 266 775 706 615 250 633 532 697 624 416 983 759 842 283 328 262 389 376 707 499 888 865 397 254 791 438 665 457 178 637 376 376 781 339 461 446 253 244 833 658 340 820 595 457 0 424 244 819 987
223 552 242 227 582 350 303 46 118 812 82 762 672 296 369 502 623 117 193 524 848 612 600 839 374 418 174 859 702 720 370 358 667 462 225 522 625 98 301 831 313 721 674 224 308 496 331 483 691 742 914 651 697 438 54 169 332 386 604 537 62 670 880 719 242 51 253 482 127 212 586 469 408 641 515 487 931 485 589 877 434 578 424 0 315 462 657
267 819 292 513 850 665 619 283 397 948 327 588 730 606 674 655 499 203 501 260 971 517 763 992 586 380 489 918 713 1027 655 657 921 489 100 464 936 243 24 950 629 803 463 539 558 749 398 572 989 904 1026 528 573 445 262 182 647 579 897 844 260 482 980 674 544 322 140 709 207 402 839 514 566 657 473 455 1026 722 563 998 660 641 244 315 0 775 966
588 277 642 359 286 114 176 491 424 738 454 1090 762 237 119 523 930 580 314 948 787 896 552 725 387 718 296 895 846 266 198 151 382 678 688 798 164 553 763 779 168 760 1044 260 317 302 671 612 262 641 856 951 988 687 517 626 132 421 205 95 523 1022 850 925 305 472 684 367 587 447 333 661 485 797 779 752 898 343 810 813 358 696 819 462 775 0 198
760 290 841 553 276 312 374 683 623 745 640 1228 837 429 292 606 1067 775 513 1122 795 1027 600 714 503 866 495 936 932 69 335 313 338 804 882 932 37 750 955 793 366 814 1199 458 460 356 866 719 109 648 858 1085 1118 822 712 823 330 535 142 123 719 1171 865 1028 500 669 866 436 783 611 334 782 597 892 911 887 908 407 927 817 449 788 987 657 966 198 0
