151
0 822 732 798 416 480 604 453 829 226 713 602 825 282 77 373 733 614 724 753 551 677 124 685 1041 509 644 593 498 795 205 399 568 620 940 292 244 719 348 708 716 104 566 472 419 260 564 363 343 147 950 884 747 291 937 564 288 153 149 721 206 595 384 732 738 564 795 397 294 636 271 190 678 843 353 547 273 748 730 705 251 597 482 502 708 728 218 534 603 334 627 326 399 224 569 875 947 807 656 208 245 506 796 152 895 729 610 572 389 917 500 338 571 864 548 814 804 508 625 669 694 358 644 802 489 681 360 162 755 269 670 237 204 491 785 377 487 162 152 813 701 614 753 561 757 443 613 546 593 517 411
822 0 357 269 461 581 219 380 1089 1038 1006 231 51 570 769 514 658 212 99 373 561 976 770 151 470 379 663 840 842 396 923 716 404 343 389 601 694 1034 649 577 505 877 483 394 495 721 580 852 680 730 485 604 426 901 419 542 991 964 835 258 1023 226 562 164 105 666 436 595 861 187 852 768 171 160 640 732 744 116 94 991 599 387 514 474 114 93 678 291 994 766 387 675 701 839 748 427 323 908 695 641 1020 919 951 969 176 168 721 379 441 359 475 769 877 252 544 744 34 762 479 463 458 469 437 438 958 834 713 661 446 842 266 656 814 377 126 653 522 713 735 20 284 486 254 302 991 575 308 518 279 341 411
732 357 0 586 544 723 304 442 1266 958 1164 264 404 450 710 582 896 285 340 659 738 1129 635 376 821 516 867 992 958 696 897 811 164 561 733 444 521 1187 723 819 150 820 671 275 314 752 762 912 460 597 818 901 71 920 758 239 980 885 808 101 935 327 362 198 386 838 730 694 891 341 874 603 403 506 717 887 544 412 342 1150 597 134 656 238 310 325 683 373 1114 827 105 464 798 843 910 749 675 1122 899 626 971 1021 1152 850 532 453 903 567 376 701 626 832 1013 594 721 994 375 897 697 703 709 405 668 735 1044 1020 791 581 91 865 124 668 637 493 451 741 667 692 712 369 552 698 552 222 1169 331 146 231 200 466 406
798 269 586 0 383 415 317 360 856 985 788 356 220 615 729 430 409 328 246 115 368 763 787 214 266 289 436 634 662 128 839 565 571 182 163 664 750 818 526 331 722 822 297 500 600 619 380 712 772 751 233 335 656 786 179 711 890 916 762 485 978 303 662 391 200 462 169 463 743 265 740 808 193 124 517 533 811 175 244 772 548 566 363 618 276 261 605 317 800 635 578 761 551 742 544 163 149 661 466 591 945 742 710 951 156 133 505 233 488 133 329 636 679 72 354 486 236 576 266 232 218 505 222 171 790 606 576 656 677 730 469 581 857 308 144 517 366 654 673 249 97 276 47 438 762 701 485 681 433 287 428
416 461 544 383 0 185 276 102 725 605 620 300 448 289 346 53 415 294 363 341 221 584 419 310 626 95 355 449 416 384 469 272 425 204 525 347 414 643 192 358 617 442 187 298 353 260 245 396 470 387 543 512 596 440 523 524 532 534 387 479 596 257 390 437 360 306 391 151 400 280 391 454 294 440 184 345 480 362 368 606 165 442 128 419 360 374 226 189 573 308 470 453 258 380 369 465 532 599 383 208 572 484 620 568 492 331 372 157 212 501 116 312 469 450 208 514 434 353 242 278 300 205 246 398 514 486 260 283 613 380 431 203 501 85 391 203 139 272 292 446 285 235 338 321 628 453 397 493 345 120 151
480 581 723 415 185 0 437 282 543 615 443 468 555 449 403 169 259 456 494 326 70 409 527 435 602 214 181 271 261 356 451 150 610 247 513 507 557 468 137 227 802 464 118 483 534 237 84 297 629 505 495 405 778 379 499 708 487 556 392 650 615 414 564 596 475 121 343 84 335 425 337 577 411 512 130 163 621 468 497 428 262 626 69 603 500 507 262 354 414 225 654 610 137 350 186 429 547 414 204 288 558 338 435 620 559 423 187 203 395 499 106 225 299 487 72 351 550 182 165 211 236 383 201 349 381 301 166 397 795 328 606 245 620 232 482 115 60 318 329 563 330 153 384 501 445 630 577 677 523 264 336
604 219 304 317 276 437 0 179 976 822 880 41 231 353 554 325 592 19 125 366 441 846 551 110 579 222 566 708 688 407 716 548 254 257 479 388 480 905 469 515 419 663 370 192 296 526 464 671 479 511 547 605 369 706 496 393 788 748 626 217 806 23 362 161 154 545 438 425 669 52 657 552 125 286 461 599 534 174 131 865 390 252 367 301 104 126 474 87 845 584 269 471 534 638 621 471 442 821 598 431 809 759 854 750 332 188 608 264 222 448 333 587 735 351 423 690 205 618 393 399 406 250 363 443 791 725 536 442 389 647 180 453 599 205 220 480 377 503 525 212 259 395 274 121 877 390 175 363 119 172 194
453 380 442 360 102 282 179 0 824 661 722 200 376 258 393 147 488 196 281 351 306 686 428 235 621 101 440 550 519 396 542 374 331 208 517 311 392 745 291 422 522 499 254 208 282 346 331 492 428 391 554 556 496 527 522 441 612 588 454 376 648 162 331 338 287 400 412 253 489 193 477 448 225 390 284 445 456 295 286 707 218 345 217 335 272 289 298 92 675 405 372 413 360 461 468 474 508 690 470 261 639 585 715 605 442 276 466 178 145 490 193 409 571 419 290 589 357 454 298 323 341 152 287 419 614 582 359 300 513 467 328 276 496 71 331 304 229 333 354 368 268 294 312 220 727 386 296 409 243 74 76
829 1089 1266 856 725 543 976 824 0 811 116 1010 1052 942 769 695 451 996 1014 741 537 154 932 956 905 754 426 276 341 741 661 482 1149 748 865 994 1013 111 572 525 1341 747 612 1019 1054 600 514 465 1104 930 785 605 1320 550 834 1234 617 799 681 1192 832 953 1070 1132 986 431 704 581 536 958 558 998 928 978 575 379 1067 972 1017 126 734 1166 610 1132 1027 1030 675 896 232 511 1195 1085 492 606 356 769 934 212 394 733 723 323 153 903 1012 921 370 720 924 870 643 506 270 916 554 403 1055 376 609 629 639 906 652 705 350 255 515 842 1338 559 1149 676 1026 774 971 545 600 709 704 1069 807 603 848 1044 98 1140 1121 1204 1066 805 872
226 1038 958 985 605 615 822 661 811 0 704 823 1037 509 269 555 840 834 939 924 685 673 330 896 1210 700 746 633 530 961 173 491 794 803 1114 515 454 700 479 835 935 163 721 699 644 378 692 386 546 363 1108 1014 971 280 1106 779 194 75 225 948 30 812 604 956 949 665 954 540 313 850 299 382 886 1044 487 626 463 956 945 701 445 823 638 726 925 945 380 747 579 408 853 531 497 269 642 1038 1132 847 749 400 88 502 821 139 1097 932 693 752 614 1095 665 411 594 1054 688 903 1018 575 776 823 848 582 805 961 463 731 458 386 978 305 897 403 371 687 991 500 640 333 312 1028 888 765 943 786 762 658 840 765 819 718 628
713 1006 1164 788 620 443 880 722 116 704 0 912 972 828 652 587 398 899 927 674 446 37 815 868 868 657 352 172 225 680 548 369 1042 663 816 879 896 30 460 463 1233 633 524 912 943 484 426 349 988 813 746 573 1216 437 788 1122 510 688 566 1094 723 857 956 1038 902 340 646 474 421 865 443 882 841 906 463 280 951 890 930 15 620 1060 512 1022 937 942 560 797 126 395 1089 969 379 490 260 719 880 206 322 618 616 208 151 791 944 840 285 631 815 817 547 389 156 852 464 375 973 268 530 556 569 796 574 649 240 184 401 726 1233 444 1049 560 909 675 893 434 502 593 587 987 729 522 775 942 67 1027 1018 1093 965 708 766
602 231 264 356 300 468 41 200 1010 823 912 0 251 340 556 347 631 28 146 408 476 877 541 145 616 256 604 739 716 449 724 573 214 298 517 370 462 936 491 555 378 667 408 165 269 542 500 692 453 501 587 647 328 721 535 354 799 748 634 182 806 63 336 140 183 579 479 451 685 90 672 537 163 317 484 632 513 205 152 897 400 211 399 265 119 143 485 114 873 604 227 446 559 651 653 512 478 858 635 439 815 784 890 744 361 226 643 303 213 486 366 608 765 387 459 730 223 648 433 439 448 243 404 485 814 760 559 440 348 662 141 466 583 236 251 504 410 511 532 227 301 434 314 83 911 358 134 325 77 205 198
825 51 404 220 448 555 231 376 1052 1037 972 251 0 584 769 501 616 228 105 327 529 943 781 141 419 361 626 808 816 348 915 694 440 311 338 619 711 1001 631 535 551 875 451 417 520 708 547 833 704 741 433 555 474 887 367 580 980 963 829 304 1024 233 587 208 88 634 388 575 847 190 839 783 154 108 622 700 764 87 100 957 594 425 489 506 132 108 670 291 965 748 427 698 679 829 716 377 273 867 658 638 1015 893 912 974 128 133 687 351 452 308 450 751 846 201 512 700 30 734 443 423 416 479 399 390 935 797 693 666 495 828 306 648 830 363 81 633 496 708 730 35 244 450 209 329 954 604 344 554 308 328 415
282 570 450 615 289 449 353 258 942 509 828 340 584 0 263 282 699 358 478 608 502 790 202 452 878 351 630 670 603 653 453 460 287 464 774 58 135 844 371 646 450 370 477 192 141 352 524 513 181 161 812 800 470 493 780 309 537 435 366 440 487 351 130 459 503 567 667 378 473 395 452 200 454 626 369 585 197 518 484 816 207 315 409 228 456 479 275 305 746 441 346 164 451 414 610 732 760 855 654 213 521 645 865 412 676 514 629 429 132 746 404 446 671 669 491 796 558 570 531 565 586 109 531 674 652 733 426 134 479 444 389 269 247 323 562 400 419 263 279 565 525 524 567 285 853 201 331 285 317 332 186
77 769 710 729 346 403 554 393 769 269 652 556 769 263 0 301 656 565 670 680 473 615 163 628 968 441 567 524 433 721 191 325 549 549 868 287 263 661 271 631 711 111 490 441 404 186 487 305 364 168 875 807 733 250 864 564 276 194 109 689 254 543 380 691 681 488 720 319 243 581 220 231 619 780 276 473 307 689 676 643 181 577 406 490 656 676 141 478 548 264 608 345 324 173 496 801 878 736 580 137 262 448 728 223 832 667 535 501 349 846 425 269 506 796 471 737 749 436 548 593 618 318 569 727 438 610 286 129 742 216 637 160 257 425 724 300 410 85 75 759 632 538 685 524 693 446 582 543 556 453 360
373 514 582 430 53 169 325 147 695 555 587 347 501 282 301 0 417 342 416 380 220 551 388 363 667 145 348 418 376 421 417 229 454 248 567 340 398 609 144 368 645 392 204 324 366 207 242 346 463 360 578 532 630 387 563 543 479 486 335 521 547 306 395 485 413 289 424 113 347 332 338 429 347 492 137 319 463 415 421 574 123 473 129 439 412 426 175 237 532 258 502 445 216 327 344 502 578 582 373 164 520 440 598 525 544 383 354 199 230 545 132 262 433 498 210 514 487 319 263 303 327 215 275 431 468 465 212 253 646 327 472 152 475 138 444 159 138 223 243 499 333 254 387 359 600 461 435 512 386 173 178
733 658 896 409 415 259 592 488 451 840 398 631 616 699 656 417 0 611 597 293 197 381 786 542 472 392 93 278 352 289 668 349 814 336 418 758 814 429 385 80 1000 703 234 697 766 477 176 469 881 764 350 191 959 573 390 930 681 790 627 807 845 569 805 731 562 174 252 342 532 559 543 837 513 532 380 222 879 544 598 383 521 824 289 824 616 614 517 529 445 431 847 863 344 570 214 320 484 252 98 547 770 425 302 866 563 491 158 329 625 420 300 429 332 466 208 100 623 277 198 198 199 620 230 254 481 214 384 657 979 536 772 501 879 420 534 356 279 571 581 638 374 198 407 688 360 868 760 898 701 439 558
614 212 285 328 294 456 19 196 996 834 899 28 228 358 565 342 611 0 122 382 460 865 558 117 588 242 586 727 707 422 729 566 242 275 489 391 483 924 486 533 403 675 390 190 294 542 484 689 477 517 559 622 351 722 507 383 803 759 640 198 817 42 360 142 156 564 453 444 685 63 673 557 135 290 479 619 535 178 128 884 404 239 387 293 98 121 488 105 864 601 253 470 552 653 640 484 450 841 618 444 822 777 874 758 335 197 627 283 228 458 352 605 754 359 443 709 201 637 412 417 424 258 382 459 809 745 554 452 371 663 161 468 603 224 224 498 397 517 538 207 274 414 286 111 897 385 160 353 105 191 205
724 99 340 246 363 494 125 281 1014 939 927 146 105 478 670 416 597 122 0 329 480 895 676 59 488 285 591 758 754 361 823 623 346 267 395 513 605 954 553 517 479 778 403 312 415 623 501 757 600 636 478 570 411 803 418 488 892 865 736 239 924 129 482 145 46 586 398 501 764 88 754 678 85 177 545 649 658 72 5 912 499 335 425 407 32 16 579 191 908 670 342 593 609 740 667 410 344 842 624 542 921 829 882 872 216 115 644 295 347 363 387 673 792 257 462 689 80 676 408 399 399 374 369 402 867 759 618 564 431 744 226 557 724 280 114 558 433 614 635 88 227 413 215 227 916 503 253 460 210 244 313
753 373 659 115 341 326 366 351 741 924 674 408 327 608 680 380 293 382 329 0 269 650 760 283 287 258 322 523 559 45 768 475 618 143 190 662 741 704 450 215 785 764 208 527 620 548 277 623 778 727 204 242 728 705 183 753 812 858 699 562 919 347 676 473 287 355 71 387 661 320 661 791 256 239 441 426 805 265 329 659 503 619 286 652 355 346 547 338 692 551 636 764 463 669 435 124 223 546 351 545 876 639 595 904 271 214 393 184 493 173 258 551 570 178 258 373 339 472 164 123 105 503 124 76 690 491 492 625 749 651 537 524 838 285 247 436 286 599 617 353 107 176 119 484 646 724 542 721 486 277 426
551 561 738 368 221 70 441 306 537 685 446 476 529 502 473 220 197 460 480 269 0 415 593 421 537 221 134 278 293 295 519 209 638 218 452 561 616 474 208 157 828 535 77 514 575 308 24 355 683 570 427 334 796 443 436 745 552 627 462 658 686 418 611 595 456 106 278 153 399 421 403 641 395 474 201 171 682 445 483 431 326 651 93 638 491 495 332 365 437 289 677 666 198 419 187 364 492 385 163 355 626 374 414 691 518 396 167 184 434 440 113 289 317 439 17 294 528 208 105 149 172 427 147 284 422 284 232 462 815 394 617 314 685 245 452 185 83 388 400 542 292 93 344 520 438 675 595 713 538 272 370
677 976 1129 763 584 409 846 686 154 673 37 877 943 790 615 551 381 865 895 650 415 0 778 836 852 623 327 138 187 658 515 331 1005 633 797 841 858 59 422 441 1196 598 493 875 905 446 396 313 951 776 730 561 1180 403 770 1085 480 655 530 1059 692 823 919 1004 872 309 625 437 386 832 408 844 810 879 426 247 913 860 898 28 582 1024 478 984 905 910 522 763 102 357 1053 931 342 454 228 699 859 211 299 580 586 174 163 757 918 810 258 600 778 797 513 352 118 828 433 367 943 231 502 530 544 758 546 628 210 166 363 688 1197 408 1014 522 873 641 864 397 468 555 550 957 701 494 748 906 89 989 982 1055 929 674 729
124 770 635 787 419 527 551 428 932 330 815 541 781 202 163 388 786 558 676 760 593 778 0 645 1042 503 703 682 594 804 329 477 471 619 939 191 124 824 408 750 605 228 593 393 322 339 611 469 220 40 962 919 643 408 941 449 412 262 264 637 304 547 276 661 697 627 810 444 406 590 382 68 643 814 410 622 149 710 682 806 268 501 512 399 655 677 276 494 712 424 530 204 473 335 646 884 936 890 719 238 364 612 886 214 865 700 680 576 329 913 521 429 667 847 587 874 756 591 651 692 716 301 663 817 601 764 437 135 649 379 588 287 96 480 752 439 519 228 229 763 692 642 740 487 855 328 529 435 519 499 369
685 151 376 214 310 435 110 235 956 896 868 145 141 452 628 363 542 117 59 283 421 836 645 0 471 229 533 699 695 319 775 566 358 209 373 492 583 895 498 462 508 734 344 302 406 570 442 701 587 605 447 525 446 750 392 499 841 822 688 278 883 103 472 191 53 527 354 445 710 59 701 652 28 177 489 590 639 66 62 853 453 352 366 410 74 74 530 152 849 615 364 578 551 690 608 375 332 785 566 496 874 771 824 835 225 81 586 236 320 341 328 618 733 241 404 635 124 617 351 344 345 345 313 358 809 701 562 527 467 691 256 508 699 226 111 502 375 567 589 136 177 355 176 229 857 501 271 470 220 190 277
1041 470 821 266 626 602 579 621 905 1210 868 616 419 878 968 667 472 588 488 287 537 852 1042 471 0 538 542 747 805 248 1051 746 829 423 104 929 1013 899 733 423 966 1051 489 765 867 833 538 891 1039 1008 121 299 892 981 104 971 1089 1145 984 720 1206 566 929 623 442 600 259 670 937 527 939 1068 454 315 724 668 1076 417 484 853 790 822 571 881 520 500 834 584 916 826 830 1027 736 951 669 173 146 693 562 832 1159 884 752 1192 294 390 618 469 754 133 545 826 799 230 530 502 447 721 436 390 365 770 404 253 938 686 768 908 913 930 714 812 1116 562 373 716 570 887 904 455 353 448 313 700 823 966 739 942 691 547 692
509 379 516 289 95 214 222 101 754 700 657 256 361 351 441 145 392 242 285 258 221 623 503 229 538 0 351 485 471 303 563 337 422 115 435 407 483 682 270 322 610 537 158 306 383 349 245 473 526 469 462 455 575 527 437 540 622 629 481 438 691 200 432 381 275 323 315 216 485 211 478 532 208 346 261 377 548 274 290 642 259 433 145 434 288 298 321 143 626 387 458 511 323 471 398 383 438 605 383 303 666 544 635 661 398 239 387 78 246 410 110 390 514 355 204 492 350 397 197 221 239 250 185 323 581 504 333 370 594 468 396 298 580 30 299 273 155 367 387 363 192 195 244 300 655 488 374 507 317 51 177
644 663 867 436 355 181 566 440 426 746 352 604 626 630 567 348 93 586 591 322 134 327 703 533 542 351 0 206 266 331 574 255 771 324 476 688 738 382 297 119 961 610 196 648 708 386 109 377 810 683 422 279 927 480 451 879 588 697 534 784 752 543 742 716 561 81 300 260 439 541 449 756 505 554 293 131 802 547 593 336 442 784 227 773 606 607 430 495 376 337 809 792 251 477 128 379 533 254 32 465 677 343 290 774 592 495 75 303 568 472 247 335 257 500 149 171 629 187 184 205 217 559 226 303 398 171 291 576 946 442 745 416 797 377 545 267 216 483 492 643 381 178 424 652 328 807 726 847 668 402 504
593 840 992 634 449 271 708 550 276 633 172 739 808 670 524 418 278 727 758 523 278 138 682 699 747 485 206 0 102 536 462 211 872 496 682 724 750 197 298 325 1064 528 356 743 779 342 260 247 838 674 625 469 1045 352 658 958 450 600 454 921 646 685 796 866 735 174 506 305 322 694 340 745 673 747 301 109 808 724 761 157 463 890 340 855 767 772 412 625 170 259 919 818 219 382 91 585 739 217 184 467 551 153 204 694 788 675 131 462 647 679 375 254 53 701 296 298 807 100 369 401 418 630 414 510 210 99 248 579 1062 337 876 409 778 503 730 270 330 454 452 821 567 360 616 770 183 866 846 927 793 535 596
498 842 958 662 416 261 688 519 341 530 225 716 816 603 433 376 352 707 754 559 293 187 594 695 805 471 266 102 0 579 361 148 827 506 732 654 671 240 239 383 1017 429 368 697 721 259 282 145 763 590 686 544 1006 250 711 901 349 498 356 895 544 667 732 849 737 206 554 265 221 682 240 659 672 767 244 137 727 729 758 214 396 848 328 802 759 767 334 602 156 170 878 743 161 283 138 637 780 318 254 392 449 80 299 594 812 683 194 464 598 724 367 165 73 732 308 389 811 86 396 435 455 576 440 559 132 201 177 500 1022 237 848 335 689 483 741 217 320 369 365 825 585 385 637 736 260 803 812 872 762 518 553
795 396 696 128 384 356 407 396 741 961 680 449 348 653 721 421 289 422 361 45 295 658 804 319 248 303 331 536 579 0 803 504 660 188 156 707 786 711 485 217 824 803 241 571 665 584 300 651 823 771 159 209 765 736 144 796 844 896 736 597 958 388 721 507 317 373 40 422 692 360 693 835 292 251 476 443 851 294 360 665 545 660 322 696 388 378 586 382 706 582 676 809 492 704 450 80 202 540 358 586 911 659 592 945 276 245 405 228 538 145 297 582 585 177 286 360 363 492 191 146 124 548 156 42 711 496 523 668 786 684 575 564 883 330 270 469 321 639 656 376 147 203 146 525 648 769 582 764 526 322 471
205 923 897 839 469 451 716 542 661 173 548 724 915 453 191 417 668 729 823 768 519 515 329 775 1051 563 574 462 361 803 0 320 738 656 959 478 446 549 318 665 902 101 562 625 594 220 525 215 546 347 946 844 922 112 948 754 85 139 90 870 183 701 571 863 827 493 793 381 141 736 126 396 761 909 327 453 478 830 829 543 325 765 481 681 814 831 244 633 428 236 796 528 327 100 469 879 983 679 576 285 107 341 656 242 961 801 520 605 528 941 512 238 427 910 524 730 899 402 615 661 686 497 646 800 310 561 289 318 932 132 818 267 406 555 861 335 482 213 191 910 743 603 799 702 602 636 765 733 734 588 526
399 716 811 565 272 150 548 374 482 491 369 573 694 460 325 229 349 566 623 475 209 331 477 566 746 337 255 211 148 504 320 0 678 392 661 513 539 387 91 346 868 356 268 548 574 139 209 147 626 466 635 524 858 235 645 754 344 441 279 750 496 527 588 709 610 174 487 122 191 546 197 538 544 658 95 147 598 606 627 356 252 699 206 654 625 635 203 461 303 83 729 607 14 222 170 574 697 413 261 255 425 211 412 521 706 564 211 346 449 648 244 82 212 636 217 419 685 114 312 357 381 428 351 493 243 287 39 368 873 189 702 198 573 345 624 69 200 248 251 699 478 300 533 589 393 658 664 724 615 381 405
568 404 164 571 425 610 254 331 1149 794 1042 214 440 287 549 454 814 242 346 618 638 1005 471 358 829 422 771 872 827 660 738 678 0 496 731 280 359 1063 588 743 191 657 581 130 150 605 662 767 308 433 802 853 186 766 750 141 821 721 649 182 770 272 201 246 389 730 689 568 740 305 721 441 378 523 583 771 388 413 351 1028 448 29 549 80 314 337 532 288 981 685 59 309 666 688 795 726 688 1022 801 473 808 884 1045 686 562 439 796 488 230 700 524 690 887 599 622 915 409 774 618 633 645 256 596 695 902 912 654 420 198 713 146 519 478 395 459 610 560 536 555 408 512 616 529 134 1053 183 95 114 138 376 276
620 343 561 182 204 247 257 208 748 803 663 298 311 464 549 248 336 275 267 143 218 633 619 209 423 115 324 496 506 188 656 392 496 0 321 518 597 691 345 258 674 640 140 393 482 437 237 538 636 585 347 358 626 607 321 625 709 734 580 471 796 235 536 395 239 323 205 284 564 223 560 648 181 265 336 389 662 227 269 647 369 501 187 521 282 283 422 208 654 457 521 621 379 560 405 268 329 575 356 412 762 584 614 772 314 178 378 50 351 297 150 459 535 253 201 433 310 423 141 141 149 360 106 212 628 492 399 485 646 550 437 399 696 141 235 339 192 472 491 324 87 146 143 363 649 586 430 593 372 135 284
940 389 733 163 525 513 479 517 865 1114 816 517 338 774 868 567 418 489 395 190 452 797 939 373 104 435 476 682 732 156 959 661 731 321 0 825 909 847 640 357 874 954 397 663 764 739 456 807 935 904 104 273 804 893 35 872 1001 1048 889 631 1110 465 825 535 348 526 178 577 849 427 850 965 354 230 632 595 971 323 391 801 689 725 477 780 426 408 736 480 853 739 735 923 649 859 600 97 81 657 500 731 1066 811 713 1092 222 291 551 368 650 31 448 739 733 138 443 466 363 646 348 303 280 665 312 173 864 632 680 805 824 841 622 714 1013 459 282 625 476 788 806 373 248 360 210 600 778 864 643 842 593 443 588
292 601 444 664 347 507 388 311 994 515 879 370 619 58 287 340 758 391 513 662 561 841 191 492 929 407 688 724 654 707 478 513 280 518 825 0 92 894 425 705 425 388 535 210 130 399 583 557 122 153 866 857 455 529 832 276 563 444 395 447 491 389 92 479 541 624 722 435 512 434 490 169 497 668 424 641 148 558 519 868 261 310 468 210 488 512 322 349 794 489 339 105 504 449 666 786 807 912 712 261 537 692 920 406 717 558 686 485 175 796 463 494 723 716 550 855 592 625 589 622 643 159 588 729 697 789 478 166 463 484 399 319 213 378 603 455 478 302 316 597 576 582 616 306 906 159 340 255 336 385 236
244 694 521 750 414 557 480 392 1013 454 896 462 711 135 263 398 814 483 605 741 616 858 124 583 1013 483 738 750 671 786 446 539 359 597 909 92 0 908 458 766 482 348 600 302 214 412 637 559 100 98 945 926 524 514 915 325 530 387 372 533 427 481 158 569 633 669 799 479 504 525 481 81 587 758 458 677 65 649 611 886 297 389 527 283 581 604 338 438 801 501 416 82 533 436 701 866 895 948 759 284 488 700 951 333 808 648 728 560 264 881 527 506 743 804 607 908 684 653 656 692 714 244 659 806 697 823 501 171 528 476 486 341 122 456 694 489 536 304 312 690 660 648 702 397 929 205 427 312 427 467 321
719 1034 1187 818 643 468 905 745 111 700 30 936 1001 844 661 609 429 924 954 704 474 59 824 895 899 682 382 197 240 711 549 387 1063 691 847 894 908 0 478 494 1254 636 551 933 961 497 454 356 1002 823 777 604 1238 438 819 1141 506 687 571 1118 721 882 973 1063 930 368 677 495 425 891 448 891 869 935 482 306 962 918 957 45 637 1082 537 1041 964 969 573 822 121 407 1111 982 398 496 286 750 911 233 353 632 612 213 176 792 974 868 314 658 835 848 572 402 175 882 491 406 1001 290 559 586 599 815 603 680 238 215 417 739 1255 449 1072 575 918 700 922 454 527 604 598 1015 758 551 804 964 91 1044 1041 1112 988 733 787
348 649 723 526 192 137 469 291 572 479 460 491 631 371 271 144 385 486 553 450 208 422 408 498 733 270 297 298 239 485 318 91 588 345 640 425 458 478 0 363 777 327 243 458 483 100 218 204 541 392 629 541 768 261 629 662 364 419 255 665 479 449 498 629 545 219 475 63 218 472 214 465 478 608 9 218 519 544 558 447 164 609 164 563 552 564 133 381 393 117 639 522 80 219 243 560 667 490 312 174 426 298 495 484 658 506 272 295 358 623 197 120 303 597 209 468 620 199 297 344 369 337 328 482 323 365 68 289 783 204 616 120 503 272 567 31 163 186 195 633 433 286 489 502 482 568 577 633 529 309 316
708 577 819 331 358 227 515 422 525 835 463 555 535 646 631 368 80 533 517 215 157 441 750 462 423 322 119 325 383 217 665 346 743 258 357 705 766 494 363 0 927 689 170 628 703 461 144 481 827 725 303 178 883 579 332 862 689 779 615 729 837 492 746 651 481 181 183 311 537 481 544 796 433 454 357 245 832 463 518 448 481 751 240 757 536 533 490 455 495 429 774 810 338 566 246 260 417 331 142 512 771 460 379 847 487 410 195 255 562 355 241 428 377 391 162 175 543 299 125 118 119 560 151 186 515 278 376 617 903 536 695 472 840 352 454 337 231 545 557 557 293 127 327 615 431 806 685 830 626 367 495
716 505 150 722 617 802 419 522 1341 935 1233 378 551 450 711 645 1000 403 479 785 828 1196 605 508 966 610 961 1064 1017 824 902 868 191 674 874 425 482 1254 777 927 0 814 769 321 310 788 852 951 399 572 955 1025 88 942 897 157 987 866 816 247 909 440 332 343 526 922 857 759 918 464 899 559 533 651 773 963 487 551 482 1219 632 177 740 222 447 465 713 471 1170 871 153 410 857 863 987 883 820 1212 991 652 962 1072 1237 814 680 588 988 671 419 842 714 876 1078 736 811 1101 522 965 802 814 824 442 778 862 1088 1103 843 584 75 891 252 702 584 583 592 800 751 710 728 516 677 802 684 312 1245 277 244 170 302 562 468
104 877 820 822 442 464 663 499 747 163 633 667 875 370 111 392 703 675 778 764 535 598 228 734 1051 537 610 528 429 803 101 356 657 640 954 388 348 636 327 689 814 0 564 552 510 227 545 286 447 250 952 868 840 199 947 663 184 93 76 801 155 652 481 802 787 529 798 385 212 689 190 295 724 881 334 500 377 793 784 626 281 686 481 596 765 784 218 586 517 278 716 430 359 146 520 881 970 746 618 237 151 424 729 166 933 769 566 590 461 934 506 282 500 891 536 775 856 455 621 667 693 429 647 805 400 623 319 238 849 192 749 241 304 524 827 351 483 169 149 866 725 610 780 635 682 543 693 644 668 554 469
566 483 671 297 187 118 370 254 612 721 524 408 451 477 490 204 234 390 403 208 77 493 593 344 489 158 196 356 368 241 562 268 581 140 397 535 600 551 243 170 769 564 0 462 533 343 97 416 658 565 387 327 732 496 386 696 603 658 496 588 719 347 575 521 378 183 233 181 452 347 452 634 317 399 235 249 666 367 406 508 324 591 84 589 415 418 351 299 514 342 616 641 255 462 265 317 429 450 228 361 669 448 484 713 444 318 241 108 392 382 72 343 395 369 61 335 450 284 58 103 128 389 85 240 494 357 283 457 751 443 549 330 680 186 375 228 81 406 421 464 216 49 269 458 513 635 531 663 473 207 325
472 394 275 500 298 483 192 208 1019 699 912 165 417 192 441 324 697 190 312 527 514 875 393 302 765 306 648 743 697 571 625 548 130 393 663 210 302 933 458 628 321 552 462 0 104 478 538 640 287 353 722 752 312 645 677 234 706 624 535 249 678 200 170 268 346 604 595 438 616 243 599 380 314 479 453 642 349 366 318 898 322 151 423 128 285 309 408 188 851 557 182 281 536 568 666 643 633 896 677 351 703 755 918 604 525 378 669 377 102 633 401 561 757 540 498 797 388 644 503 524 539 130 487 601 774 784 524 314 326 590 197 394 423 276 413 480 434 417 437 392 426 501 454 95 924 200 141 201 126 263 147
419 495 314 600 353 534 296 282 1054 644 943 269 520 141 404 366 766 294 415 620 575 905 322 406 867 383 708 779 721 665 594 574 150 482 764 130 214 961 483 703 310 510 533 104 0 481 599 644 185 283 818 837 329 632 776 179 679 572 507 319 620 304 67 359 450 655 686 476 609 347 589 295 417 583 479 685 253 470 421 930 327 179 481 87 387 411 405 284 870 567 208 180 563 553 710 739 735 948 736 344 661 770 965 537 629 481 720 459 141 734 466 572 786 643 561 866 491 678 580 605 622 150 569 693 782 831 544 275 338 581 272 396 335 353 517 508 492 400 418 494 523 575 554 192 962 104 213 151 219 347 208
260 721 752 619 260 237 526 346 600 378 484 542 708 352 186 207 477 542 623 548 308 446 339 570 833 349 386 342 259 584 220 139 605 437 739 399 412 497 100 461 788 227 343 478 481 0 317 163 504 332 730 640 790 180 729 659 273 319 154 706 378 508 483 682 620 305 576 162 143 537 131 403 554 694 108 287 467 622 627 473 156 629 262 567 617 632 77 439 394 89 660 485 138 123 310 661 763 551 396 139 327 293 546 388 745 588 349 386 376 721 292 95 331 690 310 554 694 251 398 444 470 349 428 583 301 425 99 241 803 121 655 85 436 345 649 123 262 111 111 706 525 386 580 538 518 553 609 632 568 380 351
564 580 762 380 245 84 464 331 514 692 426 500 547 524 487 242 176 484 501 277 24 396 611 442 538 245 109 260 282 300 525 209 662 237 456 583 637 454 218 144 852 545 97 538 599 317 0 352 705 588 426 323 821 444 439 769 554 636 471 682 694 441 634 618 476 86 280 168 401 443 406 660 415 489 212 154 702 464 504 410 344 675 117 663 513 516 346 389 421 291 701 687 199 424 168 366 500 360 139 372 631 362 390 703 532 415 144 206 458 446 138 291 300 450 41 272 547 195 114 154 176 450 158 286 412 261 235 480 839 397 641 329 703 269 470 193 106 402 413 561 308 103 358 544 415 699 619 737 562 296 394
363 852 912 712 396 297 671 492 465 386 349 692 833 513 305 346 469 689 757 623 355 313 469 701 891 473 377 247 145 651 215 147 767 538 807 557 559 356 204 481 951 286 416 640 644 163 352 0 656 470 778 654 952 107 791 821 212 352 216 862 398 652 643 831 748 300 633 258 75 676 95 536 681 803 212 248 609 746 762 342 319 791 351 730 756 769 239 584 243 87 822 637 160 141 260 719 845 464 373 300 307 143 443 449 852 706 314 490 537 795 388 84 214 784 364 522 823 193 459 504 527 511 498 639 139 345 140 394 966 94 811 248 562 476 766 200 347 256 247 836 624 447 680 695 396 714 768 795 724 513 507
343 680 460 772 470 629 479 428 1104 546 988 453 704 181 364 463 881 477 600 778 683 951 220 587 1039 526 810 838 763 823 546 626 308 636 935 122 100 1002 541 827 399 447 658 287 185 504 705 656 0 198 981 979 452 614 944 242 630 482 472 489 518 484 118 540 633 745 840 555 603 528 580 163 596 765 541 759 87 652 606 977 377 336 591 227 572 596 428 455 897 594 358 19 619 536 784 901 912 1030 833 371 585 795 1037 417 812 659 806 604 286 905 586 600 834 820 673 978 676 740 711 744 764 275 709 847 794 906 590 263 454 575 448 429 184 497 698 571 601 399 409 679 688 705 725 377 1019 129 390 235 403 500 351
147 730 597 751 387 505 511 391 930 363 813 501 741 161 168 360 764 517 636 727 570 776 40 605 1008 469 683 674 590 771 347 466 433 585 904 153 98 823 392 725 572 250 565 353 283 332 588 470 198 0 930 892 607 418 907 418 432 294 275 597 338 507 240 621 657 609 779 423 411 551 388 73 605 775 394 609 139 671 642 803 244 463 486 363 615 637 263 455 713 419 492 180 461 342 633 852 899 879 701 218 392 613 877 253 826 662 664 543 289 878 493 424 662 810 563 855 716 580 623 663 686 261 633 786 606 753 427 108 614 384 548 271 115 445 713 423 493 221 225 723 657 614 703 446 850 297 489 401 478 463 330
950 485 818 233 543 495 547 554 785 1108 746 587 433 812 875 578 350 559 478 204 427 730 962 447 121 462 422 625 686 159 946 635 802 347 104 866 945 777 629 303 955 952 387 722 818 730 426 778 981 930 0 181 889 870 69 940 980 1046 883 717 1107 531 877 622 431 483 155 568 827 496 831 994 424 325 621 549 1010 406 475 732 702 798 471 844 508 493 738 534 795 717 811 967 625 845 550 79 185 574 441 742 1053 764 632 1099 324 367 497 387 695 129 450 716 678 232 422 382 456 603 331 285 260 706 306 148 819 564 659 827 910 822 702 716 1042 489 369 610 469 792 808 467 295 343 273 668 702 921 718 910 664 480 629
884 604 901 335 512 405 605 556 605 1014 573 647 555 800 807 532 191 622 570 242 334 561 919 525 299 455 279 469 544 209 844 524 853 358 273 857 926 604 541 178 1025 868 327 752 837 640 323 654 979 892 181 0 970 755 239 983 865 958 794 804 1016 585 887 715 527 354 172 487 713 561 721 962 498 454 535 410 992 504 570 559 651 856 407 880 597 587 666 566 634 607 874 963 516 744 405 189 352 394 289 685 949 617 453 1025 468 455 349 378 701 287 400 606 523 368 336 202 572 466 270 235 215 705 269 168 673 396 555 785 990 713 779 647 1007 485 479 516 400 722 734 585 349 278 356 719 525 942 781 951 724 490 632
747 426 71 656 596 778 369 496 1320 971 1216 328 474 470 733 630 959 351 411 728 796 1180 643 446 892 575 927 1045 1006 765 922 858 186 626 804 455 524 1238 768 883 88 840 732 312 329 790 821 952 452 607 889 970 0 953 829 215 1006 900 834 172 946 391 367 269 457 895 799 743 926 409 908 604 473 577 762 941 539 483 413 1202 634 161 712 245 380 396 718 432 1161 869 129 459 845 875 964 820 746 1181 958 659 990 1066 1209 856 603 523 960 630 414 772 683 873 1064 665 779 1059 446 948 760 768 775 441 732 804 1086 1077 835 604 20 899 191 705 634 551 522 788 723 722 741 439 620 761 622 276 1223 323 201 216 258 525 452
291 901 920 786 440 379 706 527 550 280 437 721 887 493 250 387 573 722 803 705 443 403 408 750 981 527 480 352 250 736 112 235 766 607 893 529 514 438 261 579 942 199 496 645 632 180 444 107 614 418 870 755 953 0 879 802 109 252 144 881 293 689 620 861 800 401 722 323 44 718 49 477 733 869 270 353 556 800 808 431 325 792 423 719 798 813 238 620 318 154 824 595 245 79 367 808 925 568 478 294 200 229 543 354 919 765 420 557 543 878 457 154 315 858 451 628 874 300 545 591 615 514 581 728 201 451 213 363 965 59 829 255 495 525 826 269 421 231 214 887 694 533 750 712 490 688 780 778 743 560 526
937 419 758 179 523 499 496 522 834 1106 788 535 367 780 864 563 390 507 418 183 436 770 941 392 104 437 451 658 711 144 948 645 750 321 35 832 915 819 629 332 897 947 386 677 776 729 439 791 944 907 69 239 829 879 0 890 987 1041 880 656 1102 481 837 560 371 505 158 567 835 445 837 968 372 258 621 573 978 346 415 773 686 745 467 796 449 432 730 492 828 725 756 932 634 848 577 73 116 625 474 728 1055 790 682 1088 255 311 527 366 659 60 441 725 709 166 428 434 391 625 334 288 264 673 301 152 843 604 666 806 849 828 644 708 1016 461 307 613 466 783 800 401 256 346 223 618 748 878 664 860 612 448 595
564 542 239 711 524 708 393 441 1234 779 1122 354 580 309 564 543 930 383 488 753 745 1085 449 499 971 540 879 958 901 796 754 754 141 625 872 276 325 1141 662 862 157 663 696 234 179 659 769 821 242 418 940 983 215 802 890 0 840 711 671 301 753 409 183 380 531 830 823 654 782 445 762 401 518 665 659 862 330 555 492 1110 507 154 652 106 456 478 582 417 1049 746 159 252 743 723 887 864 830 1123 907 520 809 949 1141 657 703 580 895 611 313 841 633 751 966 740 730 1031 549 857 738 758 772 328 721 829 960 1008 724 440 214 754 277 574 427 510 601 688 663 572 588 548 648 735 668 272 1141 121 235 32 280 497 374
288 991 980 890 532 487 788 612 617 194 510 799 980 537 276 479 681 803 892 812 552 480 412 841 1089 622 588 450 349 844 85 344 821 709 1001 563 530 506 364 689 987 184 603 706 679 273 554 212 630 432 980 865 1006 109 987 840 0 192 171 950 215 773 656 938 892 510 830 426 152 805 150 479 826 968 373 460 561 894 897 507 398 848 527 766 884 901 314 704 385 263 880 613 354 151 473 916 1030 660 586 361 106 311 631 300 1019 862 527 658 608 985 561 263 407 961 559 734 965 406 653 699 723 577 688 837 269 549 321 403 1016 160 898 335 486 618 922 375 526 290 269 977 796 641 852 781 569 721 846 819 813 652 601
153 964 885 916 534 556 748 588 799 75 688 748 963 435 194 486 790 759 865 858 627 655 262 822 1145 629 697 600 498 896 139 441 721 734 1048 444 387 687 419 779 866 93 658 624 572 319 636 352 482 294 1046 958 900 252 1041 711 192 0 164 873 61 737 534 881 875 616 891 478 277 776 259 319 813 972 426 582 402 883 870 683 372 750 574 654 851 870 312 673 566 360 780 466 446 222 600 975 1064 817 702 328 108 481 795 107 1025 860 649 684 539 1028 599 363 566 984 628 858 944 533 715 761 786 507 741 898 448 697 406 311 907 263 822 335 315 616 918 442 577 262 243 953 819 703 873 711 742 590 765 695 744 645 554
149 835 808 762 387 392 626 454 681 225 566 634 829 366 109 335 627 640 736 699 462 530 264 688 984 481 534 454 356 736 90 279 649 580 889 395 372 571 255 615 816 76 496 535 507 154 471 216 472 275 883 794 834 144 880 671 171 164 0 780 223 613 488 772 741 453 729 315 145 648 122 333 676 827 262 423 412 745 741 558 236 676 413 594 726 743 160 545 454 202 708 454 283 75 443 813 909 671 541 195 185 358 656 242 880 718 489 529 438 870 440 206 428 832 464 698 812 378 551 598 623 407 580 736 340 548 243 232 845 121 728 183 352 471 777 277 415 123 101 823 666 540 721 612 612 554 675 649 644 504 436
721 258 101 485 479 650 217 376 1192 948 1094 182 304 440 689 521 807 198 239 562 658 1059 637 278 720 438 784 921 895 597 870 750 182 471 631 447 533 1118 665 729 247 801 588 249 319 706 682 862 489 597 717 804 172 881 656 301 950 873 780 0 927 241 379 96 285 761 632 630 848 248 833 615 305 405 659 814 568 310 241 1079 556 156 582 263 209 224 643 296 1052 775 142 490 737 807 836 648 574 1039 816 589 952 962 1072 851 432 353 825 482 341 600 549 780 946 493 641 904 274 829 609 611 617 373 577 637 989 942 734 563 193 823 52 625 654 418 349 681 592 659 680 269 455 612 452 169 1094 365 108 283 138 387 355
206 1023 935 978 596 615 806 648 832 30 723 806 1024 487 254 547 845 817 924 919 686 692 304 883 1206 691 752 646 544 958 183 496 770 796 1110 491 427 721 479 837 909 155 719 678 620 378 694 398 518 338 1107 1016 946 293 1102 753 215 61 223 927 0 797 579 938 936 671 952 538 324 836 308 354 874 1034 486 634 434 944 930 719 434 800 635 701 910 930 373 733 599 414 829 504 502 275 651 1036 1125 862 756 389 113 520 837 109 1086 921 701 746 595 1089 661 417 609 1046 688 911 1004 584 775 821 846 564 802 959 482 744 462 367 953 313 876 396 342 677 979 501 638 324 304 1013 881 764 935 767 780 632 818 739 799 707 612
595 226 327 303 257 414 23 162 953 812 857 63 233 351 543 306 569 42 129 347 418 823 547 103 566 200 543 685 667 388 701 527 272 235 465 389 481 882 449 492 440 652 347 200 304 508 441 652 484 507 531 585 391 689 481 409 773 737 613 241 797 0 369 182 152 522 418 404 651 44 640 551 113 280 441 577 536 169 135 842 376 271 345 314 113 133 458 69 823 565 289 475 513 623 598 454 432 798 575 418 796 738 831 742 328 177 585 241 219 434 310 568 713 340 400 667 209 596 370 376 384 245 341 424 770 702 517 435 411 630 203 437 598 183 214 459 355 490 511 218 240 372 258 137 855 400 196 379 139 149 184
384 562 362 662 390 564 362 331 1070 604 956 336 587 130 380 395 805 360 482 676 611 919 276 472 929 432 742 796 732 721 571 588 201 536 825 92 158 973 498 746 332 481 575 170 67 483 634 643 118 240 877 887 367 620 837 183 656 534 488 379 579 369 0 424 517 684 741 499 601 413 580 240 482 649 495 708 189 536 488 944 336 231 517 124 455 478 405 345 876 571 257 113 578 540 733 797 799 976 768 344 629 775 988 489 695 545 748 509 186 796 505 576 800 707 598 905 558 696 625 653 672 185 618 748 782 855 555 257 373 573 334 399 276 402 582 526 527 391 406 561 582 620 615 259 980 70 275 162 285 400 254
732 164 198 391 437 596 161 338 1132 956 1038 140 208 459 691 485 731 142 145 473 595 1004 661 191 623 381 716 866 849 507 863 709 246 395 535 479 569 1063 629 651 343 802 521 268 359 682 618 831 540 621 622 715 269 861 560 380 938 881 772 96 938 182 424 0 191 700 543 586 825 174 812 648 220 308 621 757 612 216 147 1023 539 227 526 322 118 129 625 248 1006 743 223 538 695 791 778 555 477 969 748 578 951 920 1006 870 336 261 762 413 342 504 491 747 895 396 577 826 178 778 536 533 536 374 501 547 951 879 697 570 289 802 103 606 691 366 253 640 536 650 671 173 368 539 360 174 1033 425 152 358 142 331 337
738 105 386 200 360 475 154 287 986 949 902 183 88 503 681 413 562 156 46 287 456 872 697 53 442 275 561 735 737 317 827 610 389 239 348 541 633 930 545 481 526 787 378 346 450 620 476 748 633 657 431 527 457 800 371 531 892 875 741 285 936 152 517 191 0 562 355 491 760 107 751 703 67 134 537 626 688 25 44 887 506 380 408 447 78 61 582 204 888 663 388 625 596 741 643 363 299 809 594 549 926 813 851 888 178 72 618 273 370 316 370 665 771 211 439 652 75 657 377 364 362 396 336 359 853 731 609 580 478 741 273 559 750 275 69 548 416 620 641 88 188 383 170 266 888 541 297 503 252 240 329
564 666 838 462 306 121 545 400 431 665 340 579 634 567 488 289 174 564 586 355 106 309 627 527 600 323 81 174 206 373 493 174 730 323 526 624 669 368 219 181 922 529 183 604 655 305 86 300 745 609 483 354 895 401 505 830 510 616 453 761 671 522 684 700 562 0 348 190 360 526 369 682 501 574 216 70 732 550 589 325 371 745 182 725 597 601 352 466 337 257 772 726 170 396 82 432 575 293 92 391 597 285 315 693 616 501 65 291 517 518 212 255 216 531 123 249 633 120 196 231 251 505 241 353 338 182 210 504 913 362 719 340 722 344 556 189 171 405 412 647 394 187 442 618 333 751 694 798 638 374 457
