55
0 415 632 178 341 213 175 771 453 993 865 906 121 484 435 151 763 842 528 1129 358 254 680 81 875 777 705 1156 374 718 177 569 195 807 477 244 342 177 780 551 778 624 612 54 389 668 663 774 1083 104 119 647 493 587 449
415 0 461 314 211 270 386 356 433 646 472 593 293 209 226 449 374 721 209 789 289 295 602 347 466 599 491 818 93 342 241 536 257 404 296 491 72 307 583 216 599 466 243 468 212 301 298 360 759 519 326 232 520 292 564
632 461 0 454 319 638 473 577 216 461 778 339 556 668 245 539 411 260 271 563 275 379 172 620 557 149 84 585 387 359 551 189 452 697 176 494 471 653 147 656 149 20 328 663 664 325 322 604 503 704 516 490 258 206 367
178 314 454 0 173 252 72 657 284 826 786 733 126 455 265 137 616 670 370 958 179 75 511 177 741 600 526 984 242 566 159 404 58 717 300 182 250 244 601 502 600 446 463 214 383 514 510 667 910 260 63 530 339 419 324
341 211 319 173 0 319 229 509 227 653 663 565 245 407 93 303 446 565 197 787 79 114 424 311 577 468 379 814 117 394 232 340 146 588 145 313 181 334 463 426 469 317 293 384 372 342 338 524 742 432 223 384 311 246 353
213 270 638 252 319 0 305 607 517 909 671 844 133 276 398 329 644 883 448 1051 378 301 734 132 732 787 693 1080 278 609 96 638 212 621 463 411 207 42 780 349 787 636 507 263 177 565 562 604 1017 307 207 493 584 525 577
175 386 473 72 229 305 0 726 281 872 858 773 172 525 314 74 675 669 427 1000 212 116 506 205 804 614 552 1025 312 624 219 394 131 789 337 111 322 289 619 573 614 463 522 193 450 572 567 736 949 231 97 599 318 468 281
771 356 577 657 509 607 726 0 673 457 207 480 650 389 458 795 195 802 345 589 569 619 749 702 154 657 550 617 414 230 596 733 605 130 496 822 428 649 626 312 657 593 255 824 475 252 254 32 590 875 679 127 758 376 836
453 433 216 284 227 517 281 673 0 666 853 550 406 634 222 337 551 389 327 777 149 217 227 461 697 340 301 799 340 494 421 121 306 774 176 281 409 519 352 649 341 200 421 474 598 447 443 694 718 509 347 560 87 314 170
993 646 461 826 653 909 872 457 666 0 638 127 886 787 561 945 291 541 468 143 660 758 589 951 322 422 380 173 636 306 853 647 797 577 536 925 702 941 388 728 421 480 403 1037 842 344 348 488 132 1086 876 482 719 406 827
865 472 778 786 663 671 858 207 853 638 0 679 748 403 631 920 401 1009 530 757 733 763 950 788 316 864 757 783 553 437 688 925 728 81 680 962 537 714 833 324 864 794 451 919 505 457 459 176 769 968 793 294 940 573 1009
906 593 339 733 565 844 773 480 550 127 679 0 805 759 471 845 289 419 396 228 560 662 462 872 373 295 257 252 566 279 779 523 711 608 435 817 641 873 260 711 294 358 354 947 800 301 303 513 177 994 787 471 597 322 707
121 293 556 126 245 133 172 650 406 886 748 805 0 378 337 199 646 786 418 1024 282 188 631 66 755 705 622 1051 257 603 60 527 104 688 389 278 221 119 703 439 705 551 497 174 290 554 549 653 982 225 74 526 465 483 448
484 209 668 455 407 276 525 389 634 787 403 759 378 0 435 572 496 929 406 930 486 464 811 403 536 803 693 959 296 484 318 742 397 365 505 637 226 318 784 81 803 675 407 537 102 458 456 375 912 582 439 308 719 487 750
435 226 245 265 93 398 314 458 222 561 631 471 337 435 0 389 368 502 119 694 115 198 376 403 506 392 294 720 143 313 318 313 240 553 71 386 226 419 382 437 392 247 219 477 421 262 257 477 648 525 316 340 310 154 378
151 449 539 137 303 329 74 795 337 945 920 845 199 572 389 0 749 721 501 1072 285 190 556 209 877 675 619 1098 380 698 255 443 192 853 410 93 383 304 683 627 676 527 596 148 489 646 641 804 1021 174 132 668 360 542 302
763 374 411 616 446 644 675 195 551 291 401 289 646 496 368 749 0 616 249 433 482 560 582 708 147 471 370 462 389 56 603 587 574 325 379 754 439 680 438 437 470 430 153 812 557 106 110 227 419 863 654 191 628 236 721
842 721 260 670 565 883 669 802 389 541 1009 419 786 929 502 721 616 0 529 586 506 599 165 846 747 145 253 596 645 573 791 279 683 929 431 652 728 893 178 915 145 255 571 862 923 553 551 832 516 896 733 733 366 456 460
528 209 271 370 197 448 427 345 327 468 530 396 418 406 119 501 249 529 0 608 235 311 433 483 386 398 287 635 170 197 385 396 333 449 151 504 246 477 378 386 398 282 99 574 421 145 140 367 569 624 413 235 412 83 492
1129 789 563 958 787 1051 1000 589 777 143 757 228 1024 930 694 1072 433 586 608 0 787 888 667 1090 444 491 479 29 776 450 993 741 933 702 662 1045 845 1083 461 870 491 582 546 1171 986 488 491 618 69 1219 1010 624 820 541 930
358 289 275 179 79 378 212 569 149 660 733 560 282 486 115 285 482 506 235 787 0 104 356 345 621 423 346 812 196 428 285 265 178 656 124 272 260 386 423 505 423 269 334 392 448 376 371 586 736 437 240 447 232 260 278
254 295 379 75 114 301 116 619 217 758 763 662 188 464 198 190 560 599 311 888 104 0 442 247 691 525 451 914 210 508 205 339 89 691 227 202 243 301 526 500 525 371 407 288 406 456 451 632 838 333 137 493 282 352 288
680 602 172 511 424 734 506 749 227 589 950 462 631 811 376 556 582 165 433 667 356 442 0 688 725 176 221 683 518 530 640 114 528 868 306 488 598 741 205 809 176 155 498 698 793 497 494 776 600 731 574 659 202 376 301
81 347 620 177 311 132 205 702 461 951 788 872 66 403 403 209 708 846 483 1090 345 247 688 0 813 769 687 1117 320 666 106 582 168 732 455 298 275 98 767 471 769 614 560 133 307 617 613 703 1048 180 115 580 514 549 486
875 466 557 741 577 732 804 154 697 322 316 373 755 536 506 877 147 747 386 444 621 691 725 813 0 603 509 471 503 203 706 734 694 257 524 889 537 772 569 463 603 576 286 927 615 250 254 179 453 978 772 240 775 383 867
777 599 149 600 468 787 614 657 340 422 864 295 705 803 392 675 471 145 398 491 423 525 176 769 603 0 112 507 531 427 700 264 601 784 324 621 616 803 35 783 0 154 430 805 807 409 408 687 424 845 662 591 352 320 461
705 491 84 526 379 693 552 550 301 380 757 257 622 693 294 619 370 253 287 479 346 451 221 687 509 112 0 500 428 323 611 266 519 676 233 578 512 712 91 671 112 102 318 738 701 300 298 580 418 781 587 480 341 208 450
1156 818 585 984 814 1080 1025 617 799 173 783 252 1051 959 720 1098 462 596 635 29 812 914 683 1117 471 507 500 0 805 479 1021 760 960 729 688 1069 873 1111 478 899 507 603 575 1198 1015 517 520 646 83 1245 1037 653 840 568 950
374 93 387 242 117 278 312 414 340 636 553 566 257 296 143 380 389 645 170 776 196 210 518 320 503 531 428 805 0 346 217 446 191 480 214 411 84 306 518 309 531 390 240 424 278 297 293 424 739 476 269 287 426 247 471
718 342 359 566 394 609 624 230 494 306 437 279 603 484 313 698 56 573 197 450 428 508 530 666 203 427 323 479 346 0 562 531 526 358 323 700 403 644 396 432 427 377 105 766 535 51 56 261 427 817 606 192 571 179 664
177 241 551 159 232 96 219 596 421 853 688 779 60 318 318 255 603 791 385 993 285 205 640 106 706 700 611 1021 217 562 0 542 116 629 378 329 169 102 695 379 701 548 457 231 233 515 511 598 954 281 124 473 488 456 483
569 536 189 404 340 638 394 733 121 647 925 523 527 742 313 443 587 279 396 741 265 339 114 582 734 264 266 760 446 531 542 0 427 844 250 373 520 641 286 749 265 168 478 585 712 490 487 758 677 618 467 631 90 359 196
195 257 452 58 146 212 131 605 306 797 728 711 104 397 240 192 574 683 333 933 178 89 528 168 694 601 519 960 191 526 116 427 0 661 287 241 192 213 599 443 601 447 421 240 329 475 471 613 888 291 79 478 371 391 370
807 404 697 717 588 621 789 130 774 577 81 608 688 365 553 853 325 929 449 702 656 691 868 732 257 784 676 729 480 358 629 844 661 0 600 892 472 664 754 283 784 712 370 861 464 376 378 98 709 911 728 214 860 492 931
477 296 176 300 145 463 337 496 176 536 680 435 389 505 71 410 379 431 151 662 124 227 306 455 524 324 233 688 214 323 378 250 287 600 0 390 297 480 317 504 325 177 244 514 492 274 269 518 612 560 358 385 261 145 344
244 491 494 182 313 411 111 822 281 925 962 817 278 637 386 93 754 652 504 1045 272 202 488 298 889 621 578 1069 411 700 329 373 241 892 390 0 431 390 633 684 621 480 603 238 561 648 643 834 990 256 205 695 286 532 214
342 72 471 250 181 207 322 428 409 702 537 641 221 226 226 383 439 728 246 845 260 243 598 275 537 616 512 873 84 403 169 520 192 472 297 431 0 241 603 256 616 474 299 396 195 358 355 432 811 447 256 304 492 327 524
177 307 653 244 334 42 289 649 519 941 714 873 119 318 419 304 680 893 477 1083 386 301 741 98 772 803 712 1111 306 644 102 641 213 664 480 390 241 0 797 392 803 650 540 225 218 599 595 646 1046 267 192 533 582 551 567
780 583 147 601 463 780 619 626 352 388 833 260 703 784 382 683 438 178 378 461 423 526 205 767 569 35 91 478 518 396 695 286 599 754 317 633 603 797 0 761 35 156 404 810 792 380 379 657 395 851 663 564 372 298 481
551 216 656 502 426 349 573 312 649 728 324 711 439 81 437 627 437 915 386 870 505 500 809 471 463 783 671 899 309 432 379 749 443 283 504 684 256 392 761 0 783 665 368 604 181 413 411 297 856 652 494 246 736 463 778
778 599 149 600 469 787 614 657 341 421 864 294 705 803 392 676 470 145 398 491 423 525 176 769 603 0 112 507 531 427 701 265 601 784 325 621 616 803 35 783 0 154 430 806 807 409 407 687 424 845 662 591 353 320 461
624 466 20 446 317 636 463 593 200 480 794 358 551 675 247 527 430 255 282 582 269 371 155 614 576 154 102 603 390 377 548 168 447 712 177 480 474 650 156 665 154 0 343 653 668 342 339 620 521 694 508 504 238 221 348
612 243 328 463 293 507 522 255 421 403 451 354 497 407 219 596 153 571 99 546 334 407 498 560 286 430 318 575 240 105 457 478 421 370 244 603 299 540 404 368 430 343 0 661 446 58 55 280 517 711 501 163 504 122 588
54 468 663 214 384 263 193 824 474 1037 919 947 174 537 477 148 812 862 574 1171 392 288 698 133 927 805 738 1198 424 766 231 585 240 861 514 238 396 225 810 604 806 653 661 0 440 716 711 828 1124 51 161 700 506 630 450
389 212 664 383 372 177 450 475 598 842 505 800 290 102 421 489 557 923 421 986 448 406 793 307 615 807 701 1015 278 535 233 712 329 464 492 561 195 218 792 181 807 668 446 440 0 501 499 465 961 484 358 378 677 504 695
668 301 325 514 342 565 572 252 447 344 457 301 554 458 262 646 106 553 145 488 376 456 497 617 250 409 300 517 297 51 515 490 475 376 274 648 358 599 380 413 409 342 58 716 501 0 4 281 460 766 555 186 526 133 617
663 298 322 510 338 562 567 254 443 348 459 303 549 456 257 641 110 551 140 491 371 451 494 613 254 408 298 520 293 56 511 487 471 378 269 643 355 595 379 411 407 339 55 711 499 4 0 283 463 762 551 187 522 129 612
774 360 604 667 524 604 736 32 694 488 176 513 653 375 477 804 227 832 367 618 586 632 776 703 179 687 580 646 424 261 598 758 613 98 518 834 432 646 657 297 687 620 280 828 465 281 283 0 620 879 685 139 780 402 856
1083 759 503 910 742 1017 949 590 718 132 769 177 982 912 648 1021 419 516 569 69 736 838 600 1048 453 424 418 83 739 427 954 677 888 709 612 990 811 1046 395 856 424 521 517 1124 961 460 463 620 0 1171 964 610 757 498 867
104 519 704 260 432 307 231 875 509 1086 968 994 225 582 525 174 863 896 624 1219 437 333 731 180 978 845 781 1245 476 817 281 618 291 911 560 256 447 267 851 652 845 694 711 51 484 766 762 879 1171 0 211 751 535 679 471
119 326 516 63 223 207 97 679 347 876 793 787 74 439 316 132 654 733 413 1010 240 137 574 115 772 662 587 1037 269 606 124 467 79 728 358 205 256 192 663 494 662 508 501 161 358 555 551 685 964 211 0 552 399 469 375
647 232 490 530 384 493 599 127 560 482 294 471 526 308 340 668 191 733 235 624 447 493 659 580 240 591 480 653 287 192 473 631 478 214 385 695 304 533 564 246 591 504 163 700 378 186 187 139 610 751 552 0 646 283 719
493 520 258 339 311 584 318 758 87 719 940 597 465 719 310 360 628 366 412 820 232 282 202 514 775 352 341 840 426 571 488 90 371 860 261 286 492 582 372 736 353 238 504 506 677 526 522 780 757 535 399 646 0 393 110
587 292 206 419 246 525 468 376 314 406 573 322 483 487 154 542 236 456 83 541 260 352 376 549 383 320 208 568 247 179 456 359 391 492 145 532 327 551 298 463 320 221 122 630 504 133 129 402 498 679 469 283 393 0 484
449 564 367 324 353 577 281 836 170 827 1009 707 448 750 378 302 721 460 492 930 278 288 301 486 867 461 450 950 471 664 483 196 370 931 344 214 524 567 481 778 461 348 588 450 695 617 612 856 867 471 375 719 110 484 0
