308
0 58 732 527 647 229 779 840 137 749 171 504 345 244 269 309 242 283 245 802 590 705 147 998 497 160 143 194 121 341 470 354 584 188 748 702 486 210 694 392 627 624 578 704 613 697 546 596 790 138 871 673 493 429 541 703 683 548 222 766 621 469 194 162 287 168 536 513 684 491 201 469 86 165 420 466 861 585 72 630 562 883 19 189 225 550 865 726 143 497 201 452 792 753 593 449 450 157 725 631 746 331 691 392 712 298 404 481 128 712 719 779 167 425 607 366 244 728 752 416 219 214 538 593 495 544 624 198 243 795 795 592 801 99 389 629 993 826 334 373 635 510 96 390 152 275 737 167 37 399 354 484 724 342 859 769 396 35 759 655 747 754 76 87 286 298 213 513 627 540 203 247 555 98 418 1043 720 358 365 919 798 332 220 689 473 155 742 532 747 202 726 688 575 828 555 590 158 730 530 66 773 551 513 531 396 226 536 565 527 295 307 493 401 387 624 43 212 549 317 755 764 667 233 207 676 777 258 664 507 601 610 208 725 636 421 459 257 299 712 419 239 774 349 783 520 319 705 581 59 130 718 575 610 832 487 422 575 1080 321 242 292 749 296 157 933 637 393 362 405 351 768 486 658 532 794 658 524 383 670 103 500 602 258 640 927 815 826 637 574 148 637 521 923 89 666 630 397 570 650 360 761 906 731 812 595 416 628 475
58 0 731 548 638 205 780 845 100 767 140 523 389 254 257 316 240 276 239 844 619 758 202 1014 545 144 96 144 149 299 443 338 619 235 758 696 438 156 652 445 680 628 548 703 605 695 600 649 779 168 893 659 545 454 584 721 650 582 240 766 624 508 244 143 305 173 511 546 706 505 255 421 128 222 369 519 888 545 130 638 545 894 45 236 284 568 879 738 110 494 142 497 778 794 576 505 482 116 766 688 793 320 744 354 680 288 462 508 152 720 735 789 113 433 574 325 296 700 807 376 277 248 522 638 546 572 618 183 256 782 835 645 849 147 425 588 1005 845 392 348 619 564 155 384 178 311 790 223 21 423 356 498 744 398 878 819 343 84 767 658 734 784 135 145 307 351 247 465 668 589 156 306 569 157 413 1056 715 354 386 924 805 377 265 672 499 96 772 588 788 154 688 731 526 860 552 646 123 737 525 121 805 582 519 483 406 172 501 619 585 279 349 551 358 357 577 79 175 601 375 797 814 640 252 149 713 810 301 699 554 578 593 243 688 693 373 516 230 246 697 386 250 804 390 797 489 320 747 617 39 110 725 632 642 857 495 397 603 1092 375 183 289 799 238 110 949 683 448 313 407 391 765 530 619 520 834 698 578 380 649 71 553 568 309 673 944 869 837 604 581 165 681 472 930 107 718 664 453 602 606 418 807 915 701 867 652 382 612 473
732 731 0 307 131 539 52 135 821 239 863 304 567 490 477 1041 970 455 970 610 375 793 814 370 619 587 804 658 619 549 375 407 436 874 136 65 591 677 526 658 745 118 359 27 146 37 730 748 141 864 349 166 672 384 542 238 395 431 953 36 120 496 868 590 459 899 327 422 285 278 672 584 664 721 626 677 425 491 762 142 249 238 743 629 785 270 252 157 834 236 726 560 173 565 232 756 435 638 569 868 693 414 776 500 403 445 786 378 609 118 216 144 683 313 398 534 893 346 854 514 744 930 259 588 652 366 124 913 492 162 583 723 724 807 488 500 329 287 875 428 202 718 759 347 590 531 793 811 730 399 377 284 271 717 309 766 651 762 124 89 152 410 732 723 470 656 928 600 535 642 635 789 235 726 318 381 50 376 404 206 128 577 606 206 374 741 406 777 579 644 479 592 603 472 179 805 623 102 208 771 447 403 227 591 344 668 436 738 821 459 564 830 538 449 589 689 590 703 875 586 746 329 963 741 490 468 579 468 603 282 216 568 469 862 585 782 524 654 178 454 971 417 535 198 391 412 566 460 767 841 98 851 406 365 258 392 355 401 678 743 441 756 716 815 323 609 703 604 327 530 40 552 486 239 575 531 738 350 244 800 696 408 640 416 327 864 189 392 182 880 584 596 229 642 752 439 731 413 559 793 663 227 361 897 841 456 205 257
527 548 307 0 323 414 334 360 648 224 688 30 272 298 349 824 767 318 772 395 110 505 567 473 312 426 639 536 406 502 408 335 158 626 250 324 617 561 667 353 448 197 471 285 295 292 424 446 434 640 344 378 365 101 242 177 563 137 730 327 196 188 616 434 243 692 412 118 157 78 406 603 444 463 614 369 347 586 533 165 353 368 544 373 512 38 344 221 658 216 602 252 458 341 367 449 129 495 330 563 432 312 487 484 584 326 483 72 400 225 196 280 547 156 522 502 630 550 568 512 472 691 340 297 345 72 282 725 294 451 374 422 475 576 191 616 476 299 586 388 377 411 521 259 374 268 512 556 540 129 231 81 196 419 332 498 624 549 267 220 420 255 500 488 241 366 689 638 261 339 516 512 74 488 246 523 331 260 162 434 308 284 344 422 70 596 244 469 347 525 647 331 670 337 226 500 477 248 239 546 286 112 140 639 166 560 512 434 513 350 279 522 526 425 682 484 470 398 590 356 481 503 738 617 248 298 308 225 298 420 366 325 639 558 580 475 417 581 416 454 754 273 242 267 462 262 318 178 577 654 240 544 147 309 124 386 83 564 384 633 297 484 633 652 408 328 398 566 199 237 347 245 619 306 369 270 431 244 438 618 388 527 361 174 401 590 317 535 135 666 306 638 424 443 461 185 427 130 671 495 414 401 562 617 535 453 372 208
647 638 131 323 0 437 181 266 723 340 764 307 544 416 381 953 878 364 877 683 417 828 747 501 629 494 703 550 544 427 248 302 475 806 250 70 460 566 403 644 771 140 228 116 35 97 742 768 143 784 465 55 678 370 565 324 276 459 870 166 140 503 802 495 400 810 196 441 361 264 621 454 589 663 497 677 530 361 687 188 119 367 657 573 734 291 379 260 736 160 616 562 152 634 100 747 434 536 631 881 746 317 811 375 290 350 766 383 533 218 310 266 577 262 269 410 833 240 891 386 695 855 133 620 659 393 41 818 421 151 658 744 785 731 473 372 460 402 834 312 75 724 688 257 518 487 834 747 641 374 303 268 361 691 427 816 524 680 243 139 107 494 659 652 415 624 853 468 578 660 527 742 250 657 230 512 90 290 365 333 256 551 555 101 375 636 488 782 644 536 363 644 472 566 110 817 523 213 123 694 532 433 196 460 291 556 304 753 820 359 531 822 411 328 460 607 484 717 831 653 798 210 881 631 549 552 536 525 616 152 85 510 353 877 457 773 418 534 93 328 885 505 512 314 260 333 624 497 676 746 203 856 453 471 226 271 393 531 650 629 355 804 596 713 452 649 687 479 258 507 148 562 361 121 650 582 745 267 128 704 701 279 600 471 454 911 315 267 190 796 626 464 359 560 784 490 714 448 431 765 722 359 255 939 851 330 75 183
229 205 539 414 437 0 590 661 285 613 327 385 366 138 66 521 443 96 440 772 508 758 361 851 526 70 266 125 172 142 241 135 526 412 585 499 298 148 477 458 681 446 349 513 406 502 612 657 576 366 747 455 546 340 530 570 455 490 444 575 442 444 415 66 195 378 308 453 566 352 312 280 206 319 253 527 761 368 288 465 340 724 232 266 399 423 715 570 298 304 194 460 574 717 371 547 394 99 696 729 755 125 741 175 485 97 527 397 162 546 579 615 144 270 380 161 459 499 815 205 372 443 317 593 539 459 421 381 148 578 757 645 809 325 361 412 834 692 515 145 414 579 300 193 168 266 783 373 212 311 187 346 599 448 726 798 246 264 592 475 530 667 270 269 210 380 442 325 602 571 103 416 413 279 222 886 519 171 267 739 626 360 274 467 386 202 657 620 716 113 503 673 382 749 360 674 85 559 330 289 696 482 345 338 250 146 312 630 633 80 327 611 198 159 423 197 56 603 503 726 787 438 456 209 627 705 290 609 527 373 388 221 501 730 236 567 30 175 492 194 456 687 350 632 291 152 678 533 244 310 547 681 539 720 329 193 486 918 411 220 117 779 221 276 788 638 480 191 233 348 571 487 438 317 754 626 598 196 444 268 562 375 336 570 785 866 666 409 410 369 628 331 751 159 713 569 497 504 441 498 757 739 502 875 692 191 407 286
779 780 52 334 181 590 0 86 871 227 914 335 601 536 527 1088 1018 504 1019 605 389 804 858 325 641 637 855 710 665 601 427 459 450 918 122 111 641 729 567 688 760 158 407 77 198 90 751 766 155 911 321 209 695 418 560 236 435 449 1000 15 161 521 912 640 504 947 378 445 286 315 713 635 710 763 677 702 404 538 808 171 300 196 792 671 825 296 216 151 884 286 778 585 190 564 281 783 463 689 571 887 697 465 788 552 441 495 817 406 656 120 211 118 734 358 443 586 935 381 864 566 784 975 311 602 675 386 176 963 539 177 578 740 725 853 521 544 280 262 911 480 249 741 804 397 636 571 802 854 779 436 425 321 264 750 279 771 703 809 105 127 181 403 777 768 514 692 973 649 545 662 687 828 265 771 368 332 92 425 444 154 92 611 646 246 403 792 400 800 578 696 517 597 651 458 229 824 673 98 259 817 439 421 270 640 388 720 485 758 845 510 600 856 590 501 635 736 641 723 912 585 751 370 1010 793 495 460 618 473 625 329 265 611 506 881 637 810 576 706 214 506 1019 407 569 176 441 461 569 475 816 890 100 873 417 344 300 445 372 350 713 795 490 763 768 865 283 620 733 656 374 564 41 575 528 291 569 538 760 399 285 849 719 453 678 423 288 869 153 436 219 928 594 645 178 690 764 448 761 429 603 826 664 179 396 904 861 508 252 306
840 845 135 360 266 661 86 0 939 196 981 367 632 596 597 1149 1081 572 1083 571 391 793 909 240 652 704 923 783 723 681 511 533 450 969 111 198 727 804 652 711 757 217 493 156 281 172 757 766 228 968 257 296 707 454 564 221 520 455 1058 101 220 538 961 708 558 1009 463 458 273 358 757 720 767 810 761 717 348 624 863 212 384 116 853 718 867 323 144 143 951 357 852 602 263 535 367 801 488 759 547 889 675 536 778 634 524 565 841 431 714 135 194 86 806 414 529 667 981 463 851 649 826 1029 395 598 685 399 258 1028 597 249 543 740 697 908 551 631 194 205 946 559 336 751 857 467 693 615 787 902 843 475 488 365 240 779 215 750 786 868 93 186 261 369 832 821 565 726 1027 735 536 666 761 869 300 824 439 245 179 493 491 79 53 644 691 331 430 863 369 809 551 770 601 580 737 412 302 828 743 114 334 874 402 429 327 726 444 796 571 762 856 581 637 872 673 582 721 797 714 728 949 557 730 455 1067 867 477 424 660 458 634 416 351 661 590 882 721 828 649 785 298 589 1078 369 602 134 527 525 548 474 880 955 124 881 413 290 353 526 379 265 744 871 556 744 847 934 202 610 756 738 437 597 124 587 614 373 534 524 769 467 371 915 730 540 717 413 209 849 90 522 267 988 584 731 93 751 756 439 785 432 689 855 639 93 478 886 866 590 339 375
137 100 821 648 723 285 871 939 0 866 42 623 483 353 344 248 165 367 159 939 719 840 239 1112 634 235 27 187 248 348 512 420 718 249 854 783 465 184 691 529 762 722 611 794 691 785 681 730 861 161 992 739 630 554 679 820 707 681 196 857 718 605 264 231 405 121 581 645 806 604 338 450 222 294 390 602 988 588 186 734 623 992 118 327 341 668 977 835 13 585 144 590 857 890 654 579 581 186 862 758 884 407 826 407 735 376 529 608 251 816 834 885 154 530 631 374 316 762 885 423 344 232 601 731 632 672 706 98 355 862 931 728 939 179 523 630 1102 944 435 421 697 644 214 474 278 409 873 265 111 523 451 596 844 474 977 905 358 139 863 752 814 883 206 219 407 435 232 489 764 677 207 363 667 229 503 1154 803 446 486 1018 900 469 358 748 599 99 872 663 883 201 734 826 551 960 642 720 199 832 614 172 905 682 614 509 503 201 554 700 654 364 444 617 401 422 605 173 242 685 416 892 901 704 209 140 811 909 395 798 645 649 672 341 736 763 403 587 306 267 775 446 194 903 486 894 550 414 842 715 78 42 820 701 741 957 592 469 703 1188 456 170 382 886 236 31 1048 775 527 343 502 487 855 624 663 602 931 794 657 472 723 34 636 623 395 772 1043 949 934 661 678 135 775 498 1026 207 802 763 528 702 639 482 899 1011 762 945 723 442 690 565
749 767 239 224 340 613 227 196 866 0 907 245 483 513 546 1049 990 516 995 379 211 597 790 249 472 637 855 738 628 673 534 507 264 849 105 295 758 762 742 546 564 212 557 236 334 254 571 576 379 864 137 390 527 325 380 46 617 278 955 231 215 370 838 644 462 916 509 290 85 263 628 748 667 685 773 541 189 688 757 169 432 154 765 597 731 199 123 82 877 339 806 432 412 339 429 628 335 703 350 699 478 496 582 640 630 518 674 284 621 124 35 114 754 343 603 666 850 578 654 663 691 915 431 407 505 234 309 946 511 400 351 550 502 801 404 706 255 79 795 549 415 569 746 430 596 492 590 779 760 353 426 270 44 622 112 554 791 772 122 202 392 176 725 712 463 578 913 773 342 481 717 728 200 712 407 300 287 444 383 249 148 496 567 436 288 806 174 625 355 726 704 383 791 232 306 640 685 137 337 770 211 255 273 769 365 758 621 574 675 539 497 695 682 582 788 706 670 541 801 362 533 551 962 822 280 233 530 262 453 486 419 549 694 691 735 654 610 766 413 601 979 180 456 63 571 462 351 288 798 874 142 695 226 131 284 531 207 343 591 833 497 547 824 868 184 416 590 736 380 452 262 411 698 399 342 328 586 421 468 838 549 611 579 220 177 652 117 605 212 889 390 771 224 663 561 246 618 252 765 696 443 197 592 689 678 601 414 347
171 140 863 688 764 327 914 981 42 907 0 664 516 394 386 215 131 409 122 974 758 865 252 1154 665 277 62 225 286 384 551 462 755 252 896 825 494 219 723 557 789 764 649 837 733 827 706 755 902 161 1033 781 657 594 712 862 743 718 175 899 761 640 269 273 445 103 621 683 846 645 366 480 257 319 418 630 1028 621 209 776 664 1034 152 360 358 709 1019 877 30 627 175 623 898 925 695 602 619 228 896 778 914 449 852 444 771 418 549 647 290 859 875 927 193 572 668 410 319 800 909 458 366 222 642 763 661 711 748 61 396 904 966 754 969 194 560 663 1144 985 445 462 738 670 236 516 317 446 899 279 149 563 493 638 884 498 1019 933 385 166 905 794 855 922 233 247 447 463 223 518 798 707 246 380 709 255 545 1195 845 488 526 1060 943 502 391 789 639 135 911 686 918 239 768 859 579 998 684 743 241 874 656 194 943 720 657 538 545 235 590 725 674 406 478 635 436 461 633 210 283 712 425 926 930 742 188 168 847 947 430 835 676 689 713 378 770 784 435 608 347 297 816 484 168 942 521 936 588 456 877 752 113 46 863 720 779 997 634 509 742 1230 483 195 424 914 260 57 1089 807 552 375 544 522 897 657 697 644 966 829 682 514 763 70 662 660 425 810 1084 974 976 698 720 128 808 527 1068 246 828 801 552 739 669 500 931 1053 799 968 744 480 731 607
504 523 304 30 307 385 335 367 623 245 664 0 266 271 320 804 745 288 749 424 139 523 550 494 322 399 613 507 383 472 379 304 183 609 260 314 587 532 641 354 464 189 445 280 277 285 435 460 425 620 369 361 373 86 259 199 539 159 711 326 187 197 600 406 218 670 385 135 183 50 392 573 422 447 583 376 376 558 513 163 329 384 520 356 500 47 363 233 633 190 573 258 447 369 344 452 131 467 357 575 456 282 506 453 561 295 482 76 376 232 215 291 519 125 496 471 616 529 587 482 459 674 315 316 354 97 266 701 268 441 403 436 501 557 185 588 493 322 579 357 357 420 503 229 351 251 533 540 515 110 201 52 221 415 355 520 594 527 276 215 407 285 480 469 218 359 671 608 285 352 487 501 69 469 216 542 323 229 138 443 317 277 328 404 70 568 275 478 375 496 623 356 640 367 205 511 449 254 216 525 316 135 117 609 136 531 484 446 519 320 269 526 495 395 654 460 441 410 581 384 504 480 718 589 277 329 294 254 309 396 345 305 615 570 549 478 387 551 401 424 734 304 235 283 434 233 345 202 553 630 245 552 176 337 97 356 113 582 378 604 267 506 604 626 429 349 398 536 169 230 344 255 593 281 398 296 440 213 418 594 397 501 350 204 422 611 331 510 124 644 329 608 436 418 478 213 427 155 643 491 440 415 541 637 545 423 352 181
345 389 567 272 544 366 601 632 483 483 516 266 0 233 332 600 559 310 568 457 283 392 327 726 162 331 485 449 245 503 508 382 257 381 522 568 654 475 786 105 314 449 607 542 510 544 247 291 677 420 579 592 180 182 196 438 716 225 505 591 447 132 367 340 192 486 546 198 402 289 162 636 261 221 618 163 546 684 319 429 522 634 365 155 250 308 606 493 489 391 498 107 694 409 546 208 147 397 380 374 405 345 375 517 743 331 222 201 247 497 461 552 443 285 654 516 371 728 449 550 212 453 500 248 172 249 506 534 222 690 451 278 460 355 81 723 738 548 314 437 573 216 299 345 224 100 418 310 373 170 284 284 446 149 578 438 612 352 539 478 651 434 289 275 172 95 450 680 283 207 439 246 335 269 357 782 580 318 182 706 581 14 125 628 201 470 423 264 402 445 788 343 730 501 433 314 381 519 427 334 447 238 350 690 261 483 612 265 290 352 41 283 551 473 762 311 407 237 318 410 430 670 509 511 338 446 88 329 167 585 554 154 783 373 597 233 388 535 634 512 533 454 32 534 571 282 360 247 404 473 511 333 290 531 319 465 278 826 112 538 294 419 567 499 662 293 144 558 305 37 607 141 740 474 451 314 236 325 629 449 197 654 103 317 653 501 586 676 384 453 292 684 695 289 347 301 170 251 767 225 417 671 737 508 338 509 567 371
244 254 490 298 416 138 536 596 353 513 394 271 233 0 99 552 485 81 488 636 381 622 331 759 389 129 342 245 129 270 296 163 393 389 505 464 421 272 567 331 546 380 404 462 381 456 480 524 559 374 641 449 413 211 392 468 515 356 463 523 377 306 386 137 58 412 349 319 455 251 222 403 174 253 386 396 643 461 273 386 350 641 257 171 329 315 625 484 364 259 308 322 565 582 380 427 258 200 559 604 616 127 606 285 544 104 417 268 119 468 481 536 252 181 446 283 419 543 681 318 293 441 326 454 404 332 388 435 10 567 622 510 670 317 222 502 751 591 439 212 417 449 272 162 101 134 646 332 249 181 113 244 492 336 625 659 383 272 515 411 520 544 243 236 71 264 439 447 464 434 229 341 315 241 187 802 482 128 138 675 554 228 165 473 258 298 533 494 580 237 578 535 498 624 316 546 182 485 294 281 569 350 269 457 152 274 393 498 513 121 196 496 318 245 533 200 188 469 432 589 649 481 473 323 493 577 167 476 390 402 393 110 575 604 364 449 156 313 491 284 483 563 214 542 358 83 541 397 287 363 474 559 409 608 243 248 361 838 296 342 73 641 355 355 695 499 359 327 163 211 527 348 523 311 619 489 468 149 462 325 430 444 225 440 690 730 583 472 329 392 490 452 679 155 577 437 379 372 542 397 618 663 549 740 567 282 410 236
269 257 477 349 381 66 527 597 344 546 386 320 332 99 0 572 497 31 496 716 446 720 387 784 486 112 327 192 184 173 212 85 468 442 518 439 321 215 473 430 644 380 322 450 348 440 580 623 522 408 680 404 512 281 482 503 432 433 491 512 377 395 443 114 146 429 273 396 500 286 308 304 226 328 290 495 696 365 319 398 292 658 277 258 407 357 648 503 357 241 260 418 522 661 324 526 339 162 640 703 706 63 703 186 462 31 513 337 173 480 512 548 210 203 360 184 482 468 779 218 376 482 269 545 503 397 362 438 110 526 700 608 759 360 314 408 767 626 522 119 365 548 326 129 169 233 743 394 260 254 120 280 532 432 659 753 290 303 526 410 478 604 295 292 164 362 480 348 548 531 170 422 346 300 158 820 459 104 209 675 561 328 259 420 326 267 593 593 661 180 489 621 399 686 298 646 146 493 269 323 633 422 279 358 184 212 300 597 612 27 295 594 219 148 434 231 123 568 512 670 742 406 502 276 570 643 266 550 486 334 340 203 487 704 266 547 68 232 443 188 505 623 312 565 270 87 624 476 295 366 481 658 478 654 262 163 423 852 393 287 52 735 283 338 721 589 458 233 166 309 510 442 430 263 696 571 568 130 401 324 529 357 320 509 718 826 599 387 343 416 578 352 685 187 674 510 477 445 445 490 705 673 472 838 667 185 358 221
309 316 1041 824 953 521 1088 1149 248 1049 215 804 600 552 572 0 84 589 94 1044 873 879 273 1298 719 459 274 435 425 597 756 654 856 227 1054 1010 710 433 939 603 810 933 858 1013 920 1006 727 774 1095 184 1164 975 696 724 788 1002 956 822 95 1075 930 732 244 459 592 142 825 791 978 796 437 696 383 378 633 666 1143 837 291 938 861 1187 297 456 370 851 1167 1032 235 806 391 697 1094 1001 893 612 730 427 970 762 959 636 870 656 984 603 547 770 434 1019 1020 1086 402 734 880 623 269 1010 911 672 399 153 838 826 706 831 932 153 551 1098 1042 780 1012 248 663 878 1297 1123 403 663 935 694 305 697 456 559 917 294 312 695 663 789 1020 526 1156 962 600 280 1066 964 1050 1032 324 336 588 520 156 733 876 755 455 386 860 338 726 1346 1028 666 667 1228 1106 585 488 988 764 348 1021 692 991 449 983 925 794 1100 863 743 437 1037 838 278 1046 831 821 753 704 449 803 745 664 596 570 620 650 668 849 352 486 741 384 998 963 951 90 384 937 1046 527 929 735 893 910 499 985 770 650 608 545 513 1013 693 70 1052 615 1086 798 628 950 847 277 214 1026 704 887 1121 795 712 862 1385 528 410 600 943 474 272 1233 866 582 590 714 618 1077 732 912 836 1043 909 700 691 965 255 693 872 497 915 1226 982 1131 910 881 161 873 742 1230 398 851 901 571 847 885 496 985 1213 1010 966 733 690 928 784
242 240 970 767 878 443 1018 1081 165 990 131 745 559 485 497 84 0 516 17 1012 823 867 243 1239 690 384 191 352 362 513 676 577 811 212 990 936 626 349 855 576 795 865 777 942 845 934 711 759 1019 140 1110 898 673 668 752 944 873 776 80 1004 861 689 231 383 529 74 745 743 923 734 397 611 323 340 549 644 1094 753 240 872 783 1125 227 408 350 792 1107 969 152 734 307 661 1017 966 814 599 681 347 936 761 936 560 857 573 901 528 537 717 370 954 960 1021 319 667 797 539 270 928 904 589 372 150 760 795 680 779 858 69 485 1021 1008 763 990 203 616 794 1235 1066 407 583 857 676 259 624 394 507 904 268 239 638 593 726 963 504 1099 945 516 218 1001 896 973 985 272 286 527 488 152 649 840 729 372 369 797 290 653 1285 955 594 607 1160 1040 544 440 909 710 264 974 681 957 366 899 894 710 1056 791 735 358 971 765 225 1002 782 754 669 638 366 720 729 660 519 525 617 567 587 765 286 405 722 386 965 944 869 88 300 897 1003 480 887 704 813 832 443 901 768 566 599 466 429 936 611 54 1005 570 1025 716 557 916 804 202 133 960 702 840 1069 729 632 811 1323 500 326 528 925 391 188 1174 837 561 506 644 573 1005 696 828 759 1008 872 685 619 885 175 673 789 458 869 1168 973 1068 827 815 105 842 658 1165 330 835 857 554 800 801 486 959 1148 927 961 729 607 850 712
283 276 455 318 364 96 504 572 367 516 409 288 310 81 31 589 516 0 515 685 415 695 392 756 461 132 351 221 187 201 216 84 438 449 491 420 345 245 485 410 619 355 325 428 331 419 557 599 507 420 650 391 489 250 453 473 436 402 505 490 352 367 448 135 120 446 272 365 469 255 300 328 231 325 318 473 665 379 327 371 283 630 292 250 403 326 619 475 379 218 290 392 509 630 314 508 310 189 610 683 678 51 678 207 465 23 499 306 175 453 482 521 238 173 366 210 485 468 754 240 370 492 259 517 479 366 343 458 92 512 669 584 731 369 287 421 740 596 516 130 354 526 331 108 166 212 717 397 277 223 90 249 502 417 629 726 320 315 499 385 464 573 301 296 139 346 490 371 519 506 200 417 316 303 137 792 439 79 178 651 535 307 246 410 295 293 562 573 631 210 498 591 420 654 276 624 172 467 249 332 602 391 251 380 153 243 311 574 593 42 275 578 243 164 452 243 153 544 508 640 714 406 516 305 539 612 249 519 460 330 329 191 494 683 292 530 99 264 431 203 521 592 288 536 277 55 594 446 313 386 455 639 447 623 233 168 392 825 377 317 21 708 315 362 693 561 440 262 138 285 489 415 441 250 665 541 546 104 394 345 507 364 306 478 689 800 572 392 315 431 549 375 660 197 649 479 461 414 461 478 676 646 473 813 647 200 347 198
245 239 970 772 877 440 1019 1083 159 995 122 749 568 488 496 94 17 515 0 1022 830 881 256 1243 702 383 183 346 366 506 671 575 819 227 993 935 615 341 845 588 808 866 771 943 844 934 725 773 1016 152 1115 896 685 673 762 948 866 784 97 1005 863 698 246 381 533 82 740 751 928 737 407 602 328 351 539 656 1101 744 248 874 780 1128 230 416 364 796 1110 972 145 734 298 671 1014 976 811 612 688 343 946 776 948 559 870 566 894 527 552 723 373 956 964 1024 313 669 790 532 286 922 918 581 384 166 757 806 692 786 858 61 488 1019 1018 776 1002 213 624 785 1238 1071 423 579 854 689 269 623 398 514 917 281 240 643 594 729 968 517 1104 958 505 223 1003 897 970 992 280 294 531 499 169 639 850 741 366 383 801 298 652 1289 955 594 611 1162 1042 553 448 906 716 257 981 695 967 360 890 904 699 1064 791 750 355 973 764 234 1010 790 756 659 641 358 713 743 674 517 534 632 559 581 754 289 401 735 402 975 957 863 105 290 906 1011 488 895 715 808 829 449 893 783 557 613 463 420 932 605 72 1012 579 1029 710 558 926 813 202 130 962 717 848 1075 731 627 817 1326 511 315 528 938 380 179 1179 848 574 497 646 581 1005 706 819 757 1018 882 698 619 881 172 686 782 468 877 1172 987 1071 820 817 115 852 648 1167 333 849 865 567 807 791 501 970 1151 921 975 744 601 847 713
802 844 610 395 683 772 605 571 939 379 974 424 457 636 716 1044 1012 685 1022 0 285 283 772 492 325 760 940 880 696 883 804 721 248 818 482 656 1009 907 1059 441 296 542 863 600 664 616 354 327 752 871 346 738 358 435 261 372 947 282 951 607 543 336 802 769 577 940 805 319 326 474 614 994 717 671 999 386 252 982 775 495 741 490 822 613 675 412 450 455 946 610 938 351 784 55 749 462 377 831 77 429 138 693 275 873 966 699 529 381 695 492 395 492 882 546 914 887 789 923 323 903 645 892 731 217 343 329 645 991 627 773 27 306 134 808 421 1010 543 374 683 777 750 377 753 650 669 534 259 750 828 461 610 476 341 522 379 204 1004 810 500 548 757 202 746 731 564 524 889 1031 175 295 865 662 448 725 640 560 653 644 506 607 526 471 582 785 393 917 204 410 56 873 1034 118 1065 173 608 391 814 510 628 791 169 296 532 1033 549 910 908 345 460 724 495 498 914 815 1078 766 824 328 697 47 184 884 954 952 148 147 544 170 309 805 745 601 1025 419 967 479 783 947 769 847 981 201 453 438 857 634 96 239 861 930 512 455 248 294 519 780 312 608 516 976 664 207 991 954 451 180 468 946 590 452 638 317 1012 696 36 146 381 632 810 906 368 920 554 221 438 295 483 924 502 906 170 1032 570 739 269 211 486 274 1066 572 92 541 937 338 426 846 747 604
590 619 375 110 417 508 389 391 719 211 758 139 283 381 446 873 823 415 830 285 0 418 605 444 262 511 714 625 471 606 518 440 61 661 280 405 726 652 776 336 371 280 580 357 393 368 365 377 512 690 296 473 316 169 173 172 669 66 778 385 280 160 649 519 322 749 521 84 126 188 439 712 504 498 720 329 271 696 584 237 460 365 608 417 534 130 333 248 728 325 689 221 539 231 471 416 142 581 221 499 329 415 401 591 689 425 463 112 467 269 199 304 633 263 631 608 654 651 480 620 495 731 448 213 295 49 376 788 375 531 264 351 370 625 210 725 462 268 589 495 477 360 568 367 441 316 420 590 608 199 333 191 169 414 297 399 728 607 299 295 505 164 551 538 315 377 729 747 162 275 607 529 169 536 356 503 408 364 243 455 338 297 385 518 122 677 153 417 237 616 754 227 780 242 329 437 563 292 346 598 188 45 248 749 269 652 622 371 466 450 305 484 633 533 792 548 563 336 595 246 380 607 784 704 138 197 346 115 243 526 469 381 746 492 686 442 515 679 508 563 804 184 261 271 572 361 210 86 645 720 289 489 38 248 234 496 26 549 386 723 394 387 729 727 381 235 380 670 307 257 411 199 728 413 259 165 378 350 538 688 339 636 385 65 372 494 325 643 227 719 211 747 435 512 377 75 407 41 781 486 308 408 664 524 475 562 473 318
705 758 793 505 828 758 804 793 840 597 865 523 392 622 720 879 867 695 881 283 418 0 626 762 233 722 848 838 628 893 871 757 357 657 688 823 1040 864 1147 314 78 696 956 776 800 787 158 109 930 730 608 883 215 484 265 573 1057 368 795 802 696 341 638 731 575 805 895 388 521 571 503 1023 632 545 1009 239 523 1053 656 655 849 736 724 525 517 538 697 656 843 709 881 303 957 285 867 268 412 785 261 155 145 722 17 902 1081 715 332 451 632 684 600 707 829 615 1007 904 610 1052 63 934 501 727 832 208 219 435 787 865 612 949 303 114 171 677 409 1089 806 619 481 815 881 195 629 703 611 491 38 600 738 497 648 570 553 367 634 96 1004 700 708 713 922 440 633 620 555 407 725 1066 259 189 829 498 578 610 706 831 826 685 533 845 742 399 502 927 461 848 436 187 266 836 1138 216 1112 444 729 140 771 706 738 671 419 395 641 1074 603 872 979 140 222 737 432 267 938 853 1139 680 799 157 500 265 109 1002 794 893 317 401 474 335 235 916 869 544 1131 144 986 271 779 927 921 890 826 449 408 661 932 657 252 333 763 819 704 196 387 551 617 835 439 879 383 923 677 83 956 862 714 184 312 949 650 411 828 285 1100 800 311 269 183 684 942 805 205 1009 450 381 701 110 713 1024 638 769 209 1069 814 669 46 356 314 382 1138 383 191 785 1064 118 164 888 876 694
147 202 814 567 747 361 858 909 239 790 252 550 327 331 387 273 243 392 256 772 605 626 0 1039 448 290 257 342 205 485 598 472 585 59 808 794 633 357 836 333 552 700 707 787 712 783 469 517 890 104 899 780 429 466 515 744 816 552 179 846 697 459 55 295 354 179 661 522 716 551 166 615 161 107 567 400 873 726 75 697 676 935 156 193 109 597 912 782 237 589 343 424 897 729 707 358 463 303 697 528 693 444 615 532 845 412 300 507 216 775 764 839 314 501 741 510 98 856 665 559 128 126 651 555 437 565 719 240 325 898 769 520 746 59 395 770 1043 862 196 502 746 434 61 492 229 298 662 27 181 439 444 543 758 261 894 702 543 117 821 731 851 761 92 96 344 247 123 660 603 486 350 130 611 89 518 1091 811 458 418 987 862 312 223 802 502 294 750 442 718 349 864 653 721 828 645 497 301 795 625 80 775 562 588 677 470 373 673 487 425 415 300 385 545 521 770 165 355 479 177 726 701 794 182 347 664 774 260 656 463 721 721 247 863 535 567 361 391 446 821 556 208 781 345 833 652 414 677 575 180 206 785 470 617 854 558 549 596 1131 257 382 396 682 440 268 974 596 318 509 491 348 853 459 799 640 771 636 443 480 787 210 430 736 224 644 966 733 881 770 642 142 601 667 985 202 593 629 311 577 794 250 716 965 859 723 495 552 739 566
998 1014 370 473 501 851 325 240 1112 249 1154 494 726 759 784 1298 1239 756 1243 492 444 762 1039 0 690 881 1101 976 876 895 735 735 485 1097 270 435 957 999 892 779 749 415 730 385 510 404 775 769 465 1114 157 535 743 574 595 295 760 508 1204 339 418 605 1086 887 710 1165 695 528 324 508 875 949 916 933 984 761 240 862 1007 387 615 134 1014 846 975 447 136 281 1123 558 1045 662 499 477 601 850 579 944 501 889 623 729 750 854 765 754 903 531 870 309 279 243 994 584 768 884 1095 703 810 872 936 1164 622 605 722 477 485 1194 758 485 467 743 626 1050 648 870 67 177 1033 770 573 781 995 661 845 740 745 1026 1007 602 666 515 280 858 147 695 1006 1021 268 391 502 329 974 962 712 820 1161 967 534 688 954 972 444 961 635 68 417 680 632 205 245 740 815 571 536 1048 336 833 496 964 841 549 973 320 512 836 927 301 545 1019 344 490 505 960 609 993 805 774 884 774 743 911 894 798 960 954 907 745 1040 498 674 696 1211 1060 460 361 778 451 670 653 586 799 830 880 944 874 844 994 539 810 1228 317 701 219 759 702 511 505 1046 1122 313 897 446 214 523 743 447 116 830 1069 737 695 1053 1113 64 599 821 955 617 697 365 637 854 595 458 510 795 656 611 1085 763 778 825 429 72 788 191 762 441 1139 574 964 162 911 736 453 848 481 928 930 579 149 718 830 875 811 575 571
497 545 619 312 629 526 641 652 634 472 665 322 162 389 486 719 690 461 702 325 262 233 448 690 0 493 639 611 405 659 643 525 208 492 540 637 807 637 921 116 158 510 733 597 598 605 112 143 747 550 533 682 54 265 94 434 837 196 627 636 508 125 476 502 341 621 671 197 387 364 298 790 416 351 776 71 476 823 459 476 633 625 516 308 349 350 590 508 639 494 659 72 770 287 653 160 195 559 254 252 249 490 216 668 863 481 217 246 408 525 461 566 605 393 783 671 464 839 293 701 320 567 614 108 33 255 588 675 379 763 326 124 304 489 178 861 717 520 364 582 673 99 435 475 386 260 257 426 527 272 418 361 428 197 545 276 772 498 559 532 730 367 432 418 322 203 564 832 169 45 601 336 387 410 480 754 643 454 304 717 599 171 281 723 253 629 358 158 274 607 916 206 880 413 523 188 543 548 526 475 366 222 434 840 377 645 750 124 204 504 203 223 704 620 907 466 568 89 376 281 269 785 629 671 242 358 248 244 20 699 658 316 909 248 752 184 546 696 722 658 657 383 175 532 705 425 234 185 556 620 543 232 247 478 406 604 272 800 191 700 444 257 729 653 631 147 145 716 425 177 658 67 873 583 328 202 118 455 732 600 78 784 239 260 620 340 587 802 446 586 155 836 696 448 188 236 167 220 909 254 268 669 850 351 222 656 667 477
160 144 587 426 494 70 637 704 235 637 277 399 331 129 112 459 384 132 383 760 511 722 290 881 493 0 220 120 108 203 310 195 521 341 620 552 358 146 547 414 643 486 419 560 461 551 571 618 635 298 768 516 507 341 510 593 526 484 379 622 483 426 344 9 188 316 376 447 583 374 252 340 137 253 305 485 773 437 217 500 403 758 165 210 332 441 745 602 247 351 178 432 635 707 435 497 384 71 683 681 731 176 706 244 555 143 471 398 99 582 604 651 122 297 451 225 388 569 777 272 307 374 380 570 502 461 474 326 135 638 748 607 786 255 341 481 869 716 448 214 476 536 230 240 113 234 749 302 147 311 216 367 619 394 750 768 291 195 629 517 590 674 199 199 197 329 373 386 586 539 107 350 437 209 269 920 571 211 268 782 665 322 224 530 388 169 663 573 704 115 573 656 445 754 408 629 53 597 380 219 699 479 380 401 272 152 382 589 582 136 290 557 262 230 489 126 80 565 436 714 760 508 390 193 620 707 247 604 497 440 451 177 572 683 294 514 100 205 554 265 392 693 320 662 362 180 665 524 182 254 586 630 538 736 359 262 491 954 360 215 147 749 236 232 817 615 431 243 267 319 621 462 508 376 745 613 554 237 510 212 521 446 284 569 813 831 700 480 443 304 609 392 791 89 678 565 445 501 509 438 737 777 572 837 644 261 469 330
143 96 804 639 703 266 855 923 27 855 62 613 485 342 327 274 191 351 183 940 714 848 257 1101 639 220 0 162 245 322 489 401 715 272 841 765 438 158 665 536 771 706 587 778 672 768 689 739 841 185 983 719 637 547 680 810 682 678 223 840 703 604 286 216 396 148 558 642 797 592 345 423 223 305 362 610 982 562 199 720 602 979 124 331 356 658 965 823 39 568 117 592 836 890 633 590 578 166 862 771 888 390 834 382 710 359 542 602 247 803 823 871 130 517 606 348 339 738 895 397 357 257 580 733 638 666 688 122 345 842 931 736 943 197 522 604 1089 934 454 399 676 653 227 457 274 407 881 283 112 516 437 585 834 484 967 912 331 151 849 737 794 878 216 228 400 442 258 462 764 683 183 378 656 239 486 1141 785 430 477 1002 886 472 360 726 593 73 867 674 884 176 708 827 524 955 625 731 181 818 596 186 901 678 600 482 491 174 529 708 667 346 445 631 375 399 578 174 221 692 435 893 907 680 236 112 809 906 397 795 649 627 651 339 710 776 377 599 285 240 754 421 221 898 486 882 526 400 843 713 85 69 806 714 737 949 579 447 697 1175 464 143 367 892 209 13 1037 778 536 316 488 487 837 626 637 583 930 794 667 456 700 47 644 598 401 768 1032 958 921 636 664 161 777 471 1011 203 809 760 539 698 612 496 902 997 737 955 736 418 669 549
194 144 658 536 550 125 710 783 187 738 225 507 449 245 192 435 352 221 346 880 625 838 342 976 611 120 162 0 212 161 327 250 639 379 709 614 294 26 511 527 760 569 424 632 520 621 685 733 684 311 872 561 623 456 630 695 520 602 373 695 566 546 388 110 304 300 396 565 690 476 353 277 222 338 225 600 883 405 267 589 444 849 187 317 411 547 840 695 200 426 69 552 678 827 474 604 503 52 803 789 851 248 822 220 548 221 571 513 206 670 704 739 33 395 444 188 438 575 892 238 395 390 423 690 619 576 538 285 253 684 867 724 906 291 461 448 958 817 525 240 517 650 289 317 226 354 866 361 162 426 312 470 723 498 851 887 201 226 716 598 636 787 262 268 315 439 389 320 706 657 23 431 537 280 344 1011 635 296 382 861 750 440 337 566 503 90 776 683 824 14 550 776 382 868 481 740 67 683 450 261 814 596 470 338 374 35 367 703 688 202 408 660 217 237 433 187 69 681 509 833 879 517 386 84 739 823 363 722 616 465 492 294 551 792 229 619 134 104 595 258 377 807 440 757 363 276 785 643 177 222 671 736 654 843 454 286 604 1042 468 97 241 868 118 169 913 735 541 169 358 439 689 581 480 428 864 733 667 320 539 182 635 436 394 686 910 948 790 474 535 301 729 328 874 175 795 683 552 618 462 533 857 862 575 952 752 255 511 409
121 149 619 406 544 172 665 723 248 628 286 383 245 129 184 425 362 187 366 696 471 628 205 876 405 108 245 212 0 311 396 268 469 262 629 594 467 237 649 315 549 508 507 592 509 586 473 521 687 245 750 575 413 308 437 582 616 432 335 652 505 359 261 117 167 288 457 397 562 371 144 449 45 147 414 389 741 539 143 512 470 762 138 105 226 429 744 606 257 388 253 352 692 645 501 392 333 160 618 577 651 238 613 348 646 207 363 361 11 593 597 660 201 308 543 332 298 653 681 378 199 311 446 493 410 424 517 319 126 694 686 513 706 187 276 583 872 704 343 302 540 438 145 287 31 161 657 210 136 278 242 364 602 287 737 682 399 145 640 540 647 635 115 109 164 226 309 495 520 451 207 243 435 116 314 922 611 254 244 802 680 234 126 596 352 224 624 471 639 212 670 585 553 711 445 527 147 611 423 152 656 434 396 509 279 247 480 492 477 212 204 450 369 326 596 78 188 470 332 648 675 591 344 266 564 661 157 550 412 517 516 94 668 580 403 408 202 309 616 363 355 655 243 662 453 211 599 467 173 249 600 525 493 711 369 347 455 960 255 295 190 662 330 259 812 538 328 352 292 243 656 384 608 435 685 549 454 277 581 216 424 539 181 523 805 738 706 571 455 264 535 501 804 43 586 515 340 453 614 329 662 787 657 741 540 360 533 366
341 299 549 502 427 142 601 681 348 673 384 472 503 270 173 597 513 201 506 883 606 893 485 895 659 203 322 161 311 0 183 168 635 529 624 496 155 165 352 598 816 479 268 525 403 511 750 795 550 468 811 427 683 447 655 635 359 600 534 585 476 568 536 196 319 462 250 564 642 430 454 138 340 457 117 665 840 245 410 510 311 762 339 408 535 502 760 616 361 337 211 591 539 828 339 689 510 184 809 870 879 191 876 60 387 185 669 502 302 585 638 651 195 347 283 26 583 417 951 76 511 548 294 718 675 558 424 445 281 546 866 781 932 441 488 288 867 752 652 125 381 718 427 246 310 403 916 500 314 422 273 425 668 590 784 927 121 376 627 504 499 757 397 399 338 522 547 183 719 704 144 553 482 410 266 920 517 242 378 755 656 498 416 424 490 249 747 761 829 149 389 792 241 839 383 814 184 593 350 407 788 587 401 197 337 149 206 768 775 160 465 754 59 99 285 320 130 740 639 839 915 361 547 223 736 801 430 715 659 318 357 363 390 871 94 709 116 107 456 105 539 775 484 680 207 249 793 644 336 384 581 823 641 792 394 156 582 946 553 211 221 909 169 327 836 762 622 64 303 482 574 615 319 309 862 741 737 259 392 344 700 275 478 671 834 1000 704 313 461 462 751 189 774 291 847 674 639 609 308 639 877 767 415 1011 833 102 375 327
470 443 375 408 248 241 427 511 512 534 551 379 508 296 212 756 676 216 671 804 518 871 598 735 643 310 489 327 396 183 0 132 561 651 468 318 223 338 278 613 800 325 110 354 229 338 748 786 366 607 671 244 679 389 612 502 220 532 684 412 322 530 652 307 318 616 69 500 520 329 517 214 437 540 250 668 715 182 527 364 130 601 473 466 619 395 604 466 525 200 387 571 355 749 155 714 461 329 736 881 828 168 853 127 249 193 711 433 385 430 499 492 358 262 149 163 694 258 933 138 586 684 115 675 666 476 252 610 306 363 782 767 876 566 464 217 702 608 732 96 198 721 536 167 380 418 888 606 452 374 225 327 538 630 639 886 275 505 468 345 316 648 505 503 338 558 683 239 658 684 305 633 364 512 167 754 339 189 338 581 491 508 462 241 421 417 639 772 754 313 282 731 262 729 228 820 320 434 197 529 683 512 277 236 269 324 107 763 798 184 478 786 162 90 274 437 270 731 724 764 872 197 696 400 656 699 460 634 637 138 174 406 278 879 210 737 213 291 273 80 693 664 481 528 62 227 724 576 482 543 423 842 556 661 285 49 492 776 589 392 223 870 353 496 680 715 647 231 222 477 397 586 231 139 777 673 741 187 212 501 700 148 520 583 680 970 545 176 326 609 698 237 604 395 825 593 669 533 268 693 817 600 261 989 846 82 192 201
354 338 407 335 302 135 459 533 420 507 462 304 382 163 85 654 577 84 575 721 440 757 472 735 525 195 401 250 268 168 132 0 473 528 465 364 289 270 405 485 684 322 241 382 271 370 626 667 441 492 644 321 558 289 506 467 352 440 575 444 318 421 528 195 189 511 189 405 473 261 384 274 311 409 279 544 671 301 404 347 208 605 361 333 487 333 599 454 433 178 319 454 440 666 239 585 356 234 649 756 728 37 740 151 381 61 580 340 257 426 472 494 276 178 282 167 567 384 818 182 454 567 184 570 546 393 287 516 173 444 702 650 779 445 347 342 712 586 600 57 281 597 411 77 250 289 777 479 343 267 112 256 500 498 619 781 290 388 470 349 396 588 380 376 210 426 566 313 563 568 227 501 313 385 100 765 385 77 226 610 502 381 329 335 328 335 578 646 668 237 415 636 355 671 231 696 220 437 199 409 620 424 234 318 172 262 231 643 670 59 350 656 192 96 382 317 183 611 592 678 768 323 586 334 573 633 328 552 522 248 255 274 411 755 246 608 117 259 359 132 588 606 357 517 194 100 634 485 376 445 425 715 476 624 226 85 415 794 457 337 90 764 318 410 674 612 517 232 135 353 438 473 360 182 698 582 618 91 316 402 577 280 388 505 672 860 546 308 296 500 598 315 625 273 711 510 539 447 385 561 722 615 389 876 720 130 274 163
