41
0 118 586 532 528 775 701 536 768 570 236 691 495 230 539 643 661 859 244 540 287 869 123 27 760 751 725 269 589 590 443 552 306 673 757 239 757 485 445 644 716
118 0 536 631 596 815 741 455 875 676 353 793 450 345 646 734 637 960 329 653 379 969 7 101 752 781 793 319 638 628 454 515 388 769 804 334 755 593 564 648 711
586 536 0 745 561 560 508 180 988 828 759 884 90 767 812 769 162 1015 538 865 867 1010 529 559 304 490 682 848 492 433 281 67 891 820 586 818 328 788 899 288 290
532 631 745 0 213 477 431 826 258 86 406 164 678 431 83 127 694 329 306 158 571 338 633 536 693 510 303 685 331 390 464 679 614 143 430 547 666 107 322 568 646
528 596 561 213 0 292 232 670 430 299 497 326 506 520 295 208 489 455 286 367 666 452 595 520 480 309 197 747 120 176 284 493 707 259 255 629 452 300 495 356 433
775 815 560 477 292 0 74 723 611 552 784 520 551 806 559 401 420 577 552 635 951 561 813 761 327 75 209 1018 190 187 381 502 991 443 52 912 290 578 784 272 301
701 741 508 431 232 74 0 664 591 511 716 495 491 738 514 372 380 573 480 589 881 560 738 687 309 79 202 946 120 113 310 447 921 418 78 842 274 528 727 227 274
536 455 180 826 670 723 664 0 1081 903 747 979 173 749 882 873 343 1124 567 924 823 1122 448 509 484 656 820 774 625 574 387 224 839 922 743 775 508 848 919 457 469
768 875 988 258 430 611 591 1081 0 199 597 104 927 620 229 226 918 120 559 244 739 144 878 777 890 667 401 874 526 592 708 922 780 176 558 728 858 284 429 778 848
570 676 828 86 299 552 511 903 199 0 411 130 758 435 31 166 780 294 363 90 565 308 679 577 779 590 365 691 415 475 547 763 607 154 503 548 751 88 282 654 732
236 353 759 406 497 784 716 747 597 411 0 541 669 25 379 533 795 703 251 353 169 719 359 259 864 783 673 280 595 622 545 712 212 547 752 140 851 322 215 735 815
691 793 884 164 326 520 495 979 104 130 541 0 823 565 161 124 814 167 470 206 695 179 795 697 789 572 314 821 424 489 604 817 737 77 468 679 758 218 403 675 746
495 450 90 678 506 551 491 173 927 758 669 823 0 677 741 713 206 962 453 790 776 959 443 469 343 487 647 759 453 401 221 72 800 763 569 727 360 713 814 291 317
230 345 767 431 520 806 738 749 620 435 25 565 677 0 404 558 808 727 269 376 145 743 351 254 880 804 697 256 617 643 560 722 187 572 775 115 868 347 231 751 831
539 646 812 83 295 559 514 882 229 31 379 161 741 404 0 185 770 325 336 76 535 340 649 547 774 593 378 660 413 471 532 748 577 179 511 517 748 57 257 648 727
643 734 769 127 208 401 372 873 226 166 533 124 713 558 185 0 692 250 405 257 698 250 735 644 665 449 202 810 300 365 491 702 741 51 350 673 633 228 442 551 621
661 637 162 694 489 420 380 343 918 780 795 814 206 808 770 692 0 926 551 833 926 918 631 637 141 346 571 931 395 330 256 134 955 743 453 878 166 757 901 152 130
859 960 1015 329 455 577 573 1124 120 294 703 167 962 727 325 250 926 0 635 355 851 25 962 864 881 642 371 983 531 596 740 948 893 202 525 838 846 382 546 779 842
244 329 538 306 286 552 480 567 559 363 251 470 453 269 336 405 551 635 0 363 406 643 330 241 612 542 481 466 362 379 297 482 443 440 527 363 600 291 361 483 564
540 653 865 158 367 635 589 924 244 90 353 206 790 376 76 257 833 355 363 0 496 374 656 552 843 668 453 630 486 543 589 802 537 243 587 484 818 77 197 716 795
287 379 867 571 666 951 881 823 739 565 169 695 776 145 535 698 926 851 406 496 0 869 386 315 1008 946 843 148 761 784 685 828 43 709 920 48 999 479 317 882 960
869 969 1010 338 452 561 560 1122 144 308 719 179 959 743 340 250 918 25 643 374 869 0 971 874 869 627 358 999 523 587 737 943 911 205 510 855 834 397 566 770 831
123 7 529 633 595 813 738 448 878 679 359 795 443 351 649 735 631 962 330 656 386 971 0 105 746 778 792 326 636 625 450 509 396 770 802 341 750 596 569 643 706
27 101 559 536 520 761 687 509 777 577 259 697 469 254 547 644 637 864 241 552 315 874 105 0 738 735 718 294 576 576 423 526 333 676 744 266 736 494 465 623 694
760 752 304 693 480 327 309 484 890 779 864 789 343 880 774 665 141 881 612 843 1008 869 746 738 0 252 511 1029 367 304 322 272 1040 714 371 961 36 771 940 131 49
751 781 490 510 309 75 79 656 667 590 783 572 487 804 593 449 346 642 542 668 946 627 778 735 252 0 270 1004 192 163 334 433 985 495 120 905 215 606 804 201 226
725 793 682 303 197 209 202 820 401 365 673 314 647 697 378 202 571 371 481 453 843 358 792 718 511 270 0 935 194 249 436 617 885 238 156 811 476 410 625 420 475
269 319 848 685 747 1018 946 774 874 691 280 821 759 256 660 810 931 983 466 630 148 999 326 294 1029 1004 935 0 828 840 710 819 121 827 993 145 1025 603 461 911 984
589 638 492 331 120 190 120 625 526 415 595 424 453 617 413 300 395 531 362 486 761 523 636 576 367 192 194 828 0 65 243 426 801 350 168 722 337 420 612 251 322
590 628 433 390 176 187 113 574 592 475 622 489 401 643 471 365 330 596 379 543 784 587 625 576 304 163 249 840 65 0 202 367 822 415 183 742 276 473 658 186 258
443 454 281 464 284 381 310 387 708 547 545 604 221 560 532 491 256 740 297 589 685 737 450 423 322 334 436 710 243 202 0 215 718 542 384 639 315 512 645 200 275
552 515 67 679 493 502 447 224 922 763 712 817 72 722 748 702 134 948 482 802 828 943 509 526 272 433 617 819 426 367 215 0 854 753 525 779 291 725 843 233 250
306 388 891 614 707 991 921 839 780 607 212 737 800 187 577 741 955 893 443 537 43 911 396 333 1040 985 885 121 801 822 718 854 0 752 960 80 1032 522 356 916 993
673 769 820 143 259 443 418 922 176 154 547 77 763 572 179 51 743 202 440 243 709 205 770 676 714 495 238 827 350 415 542 753 752 0 391 687 682 231 436 601 671
757 804 586 430 255 52 78 743 558 503 752 468 569 775 511 350 453 525 527 587 920 510 802 744 371 120 156 993 168 183 384 525 960 391 0 882 334 533 741 302 341
239 334 818 547 629 912 842 775 728 548 140 679 727 115 517 673 878 838 363 484 48 855 341 266 961 905 811 145 722 742 639 779 80 687 882 0 953 460 318 836 914
757 755 328 666 452 290 274 508 858 751 851 758 360 868 748 633 166 846 600 818 999 834 750 736 36 215 476 1025 337 276 315 291 1032 682 334 953 0 747 920 116 44
485 593 788 107 300 578 528 848 284 88 322 218 713 347 57 228 757 382 291 77 479 397 596 494 771 606 410 603 420 473 512 725 522 231 533 460 747 0 215 643 723
445 564 899 322 495 784 727 919 429 282 215 403 814 231 257 442 901 546 361 197 317 566 569 465 940 804 625 461 612 658 645 843 356 436 741 318 920 215 0 808 891
644 648 288 568 356 272 227 457 778 654 735 675 291 751 648 551 152 779 483 716 882 770 643 623 131 201 420 911 251 186 200 233 916 601 302 836 116 643 808 0 82
716 711 290 646 433 301 274 469 848 732 815 746 317 831 727 621 130 842 564 795 960 831 706 694 49 226 475 984 322 258 275 250 993 671 341 914 44 723 891 82 0
