124
0 987 610 581 793 234 832 128 264 516 751 413 456 563 347 717 940 39 296 478 640 849 851 396 440 870 706 540 1214 605 620 792 676 850 978 544 659 456 184 339 373 871 1134 146 229 1006 527 816 350 492 720 522 995 825 488 1061 1015 809 510 269 636 726 717 460 863 152 260 833 876 709 695 763 936 914 639 858 730 968 344 561 639 582 969 756 1151 46 662 869 958 878 286 330 528 731 705 1068 899 928 297 424 828 595 573 763 416 572 336 505 581 761 853 478 786 691 603 783 213 548 945 322 831 591 737 147
987 0 435 500 692 788 157 970 762 470 544 714 871 513 889 278 314 1020 849 629 370 187 218 755 546 127 876 718 347 541 556 598 889 505 333 444 330 800 823 694 616 350 231 971 769 120 518 190 680 600 311 814 50 166 604 200 36 221 557 725 883 519 770 836 681 849 736 227 599 358 745 274 76 133 584 420 555 91 746 428 700 433 496 262 365 940 657 285 70 153 708 746 623 408 702 291 131 584 872 683 552 534 854 255 603 429 883 518 423 856 562 509 490 794 391 826 864 439 182 852 434 427 426 841
610 435 0 392 383 383 316 563 354 194 245 280 439 79 454 264 331 647 420 194 277 383 412 320 222 357 496 590 605 134 491 314 498 620 371 197 149 367 428 417 295 267 532 560 432 415 88 333 266 165 125 390 462 316 431 458 452 359 122 341 482 541 408 404 418 458 403 398 704 372 377 167 414 424 201 566 237 387 317 137 313 288 401 321 542 565 613 259 437 394 325 320 487 447 345 458 317 726 441 248 640 120 440 179 350 254 449 320 78 498 664 215 238 419 230 483 448 195 342 420 252 292 153 477
581 500 392 0 774 469 350 619 458 209 638 527 703 435 656 238 629 605 589 487 148 320 304 558 242 373 850 227 819 512 98 707 841 287 668 197 285 642 477 243 249 595 710 628 354 572 396 310 421 466 394 695 486 339 109 653 535 281 429 388 815 173 781 676 810 488 327 288 345 148 749 419 429 386 582 279 630 526 508 255 679 106 761 238 798 538 220 549 446 354 377 497 125 149 724 707 475 384 612 501 284 495 757 394 169 139 645 99 314 867 310 211 624 783 171 859 554 198 555 608 620 105 532 442
793 692 383 774 0 571 638 691 545 567 153 383 385 341 480 631 409 832 504 343 660 723 759 397 566 672 220 955 664 263 872 93 248 1000 418 576 521 349 621 742 619 348 657 679 707 609 386 674 481 346 438 299 736 643 797 595 690 710 363 584 266 925 115 361 73 652 688 749 1086 751 115 450 708 741 195 939 151 609 452 518 153 672 285 685 566 762 993 409 727 721 574 468 858 828 89 529 562 1105 511 380 1022 280 284 481 700 637 485 693 460 176 1045 577 202 153 614 138 581 575 522 483 260 675 280 708
234 788 383 469 571 0 640 182 29 333 517 187 291 330 206 536 709 274 134 244 476 674 685 181 258 681 520 524 989 371 539 561 495 756 747 362 457 262 51 272 220 639 914 183 174 791 297 634 117 257 500 331 803 635 410 840 812 636 277 80 458 638 508 280 638 83 176 667 806 564 482 544 746 734 406 742 497 758 119 361 420 430 734 584 921 196 620 641 769 699 92 103 467 606 486 841 687 850 153 193 748 360 392 548 304 409 194 373 367 566 774 300 551 488 429 580 86 366 724 160 596 439 503 140
832 157 316 350 638 640 0 822 616 315 484 587 754 395 758 121 334 865 713 506 214 88 129 627 392 42 796 574 471 440 417 548 803 418 367 288 186 682 673 536 460 336 360 824 612 223 390 50 538 477 207 706 162 11 450 306 190 95 431 574 791 399 696 719 644 698 579 125 513 219 668 187 105 108 495 339 489 177 610 279 613 276 505 115 462 785 528 270 128 83 557 608 475 283 629 374 137 513 736 555 457 429 754 157 445 271 752 360 285 786 473 354 440 715 233 762 720 284 224 719 401 270 357 686
128 970 563 619 691 182 822 0 209 511 668 325 335 503 225 715 883 158 187 402 649 852 860 299 434 862 586 621 1166 532 675 701 554 901 919 539 640 345 150 390 382 811 1095 18 272 974 475 813 296 422 682 407 984 816 541 1021 995 813 450 249 515 779 607 344 763 132 294 842 939 731 587 726 927 913 555 898 646 940 261 543 537 598 891 761 1095 130 735 818 950 878 265 251 590 764 602 1017 870 988 181 343 886 525 454 731 450 581 216 531 550 643 912 475 710 578 605 668 118 544 905 209 761 607 673 187
264 762 354 458 545 29 616 209 0 313 489 162 281 300 204 514 680 303 134 215 457 652 664 161 239 658 502 527 960 341 532 533 479 746 717 341 432 245 80 274 209 610 886 209 185 764 268 611 88 228 473 314 778 612 405 812 786 615 247 74 442 629 486 267 611 112 182 646 798 547 459 516 722 711 378 729 468 731 97 337 395 413 705 563 892 225 618 612 745 676 81 79 465 592 461 812 660 841 155 165 740 331 376 521 297 391 193 361 341 546 766 281 522 466 409 559 104 345 696 157 567 422 474 163
516 470 194 209 567 333 315 511 313 0 438 335 514 227 486 204 487 550 428 283 147 341 351 370 77 354 642 395 728 305 306 506 635 472 529 28 150 448 361 245 146 437 634 515 300 499 186 302 248 260 241 495 478 309 236 565 499 303 221 261 611 374 572 484 608 384 267 333 545 243 540 279 419 402 374 437 428 459 332 64 470 119 589 250 684 470 425 407 442 366 245 325 293 303 515 594 392 576 451 306 481 288 556 267 164 87 477 126 119 658 506 39 433 574 96 650 417 32 452 440 441 126 345 370
751 544 245 638 153 517 484 668 489 438 0 342 415 224 485 480 284 790 487 273 516 569 606 370 451 519 336 833 564 154 736 69 354 851 304 442 373 357 569 639 514 214 536 659 625 470 271 520 410 263 285 333 587 490 674 468 546 557 262 510 358 782 227 382 173 601 601 595 939 604 205 296 557 588 112 789 21 465 409 383 181 533 225 533 472 713 859 266 576 567 497 421 731 681 161 418 414 956 501 327 876 169 348 327 585 499 486 564 323 311 898 454 61 255 472 281 550 441 382 473 128 536 127 644
413 714 280 527 383 187 587 325 162 335 342 0 178 204 174 508 571 452 150 87 479 642 664 40 285 629 351 647 859 211 616 379 332 806 604 360 403 114 238 402 299 496 799 317 338 691 197 595 120 115 405 172 740 585 504 725 732 611 157 213 300 700 324 148 451 268 326 647 873 578 296 446 689 692 229 773 321 665 69 329 232 453 566 564 781 379 719 513 712 659 208 84 567 638 298 708 597 908 168 32 810 207 236 459 393 422 170 429 303 389 836 319 385 307 425 398 207 362 613 143 438 461 357 326
456 871 439 703 385 291 754 335 281 514 415 178 0 360 109 683 685 491 166 248 657 815 838 145 461 796 251 804 972 335 789 423 219 984 712 539 575 72 327 553 465 609 928 319 465 834 365 767 284 277 560 86 901 753 671 856 885 785 323 352 180 876 284 35 458 349 463 822 1049 757 271 597 853 861 316 952 393 814 199 506 243 632 635 740 885 438 887 641 876 830 353 214 733 817 298 823 747 1085 160 209 987 339 119 616 560 601 119 604 476 309 1013 496 471 251 603 336 252 541 751 138 535 640 475 424
563 513 79 435 341 330 395 503 300 227 224 204 360 0 379 337 380 601 349 117 338 461 488 244 227 437 427 614 663 78 533 287 426 682 416 238 223 288 378 415 290 309 597 499 408 487 47 411 212 88 202 311 541 395 456 523 529 435 53 302 408 594 348 324 387 410 382 474 762 436 315 241 493 503 147 632 210 461 249 184 248 337 416 395 592 521 652 315 516 473 287 255 516 508 289 513 393 787 370 174 697 61 363 257 362 302 374 351 133 436 722 236 238 354 286 425 386 238 410 347 271 342 174 439
347 889 454 656 480 206 758 225 204 486 485 174 109 379 0 673 737 381 71 261 633 809 828 134 421 800 360 730 1025 377 734 505 329 942 768 513 573 132 232 478 408 661 971 210 379 866 370 764 238 290 580 185 913 756 609 897 907 776 332 279 290 828 387 121 553 249 382 811 999 729 370 620 861 861 376 919 463 840 153 491 330 598 710 727 944 330 823 684 885 828 284 160 669 782 391 875 771 1040 56 205 939 376 229 634 500 571 12 557 473 418 966 461 536 356 580 444 149 516 786 48 596 607 523 326
717 278 264 238 631 536 121 715 514 204 480 508 683 337 673 0 401 749 621 436 94 137 155 547 281 154 760 465 582 398 316 548 762 373 440 175 114 612 565 415 344 381 475 719 494 336 319 98 442 407 197 646 278 112 333 415 311 102 362 465 745 322 670 649 650 588 461 139 464 132 639 204 219 197 462 308 479 291 521 182 577 156 553 57 560 671 435 325 241 162 449 517 362 209 605 470 236 477 645 476 403 384 700 174 324 150 665 239 208 760 423 241 448 683 114 742 619 171 317 630 425 150 356 570
940 314 331 629 409 709 334 883 680 487 284 571 685 380 737 401 0 978 721 485 481 420 461 607 540 349 617 854 288 360 715 317 638 752 41 474 349 619 757 731 617 75 251 878 762 209 413 383 592 462 246 609 364 344 704 186 301 428 433 673 642 722 506 650 382 788 731 459 847 532 488 212 357 407 368 673 302 223 625 424 464 528 182 432 212 896 836 81 369 402 657 633 748 606 444 138 206 847 739 545 790 363 631 234 652 503 735 594 379 583 807 521 223 538 463 547 765 471 132 714 156 526 214 809
39 1020 647 605 832 274 865 158 303 550 790 452 491 601 381 749 978 0 333 517 670 879 880 434 474 903 741 549 1252 645 638 831 710 868 1016 576 694 494 223 361 405 910 1170 175 257 1041 565 847 389 532 757 559 1027 858 509 1098 1048 839 549 306 671 745 755 496 901 192 289 862 890 736 733 800 968 945 679 880 770 1003 383 596 678 611 1009 786 1189 82 674 906 990 909 323 369 545 754 744 1106 934 943 333 463 844 635 609 799 443 602 371 532 617 797 869 511 826 728 634 819 251 581 981 358 870 620 776 179
296 849 420 589 504 134 713 187 134 428 487 150 166 349 71 621 721 333 0 236 575 759 775 116 360 755 411 659 1008 362 666 516 382 877 754 456 527 160 163 407 341 646 947 175 308 835 332 715 180 261 545 225 871 710 539 872 869 724 298 208 343 761 422 165 575 183 311 758 932 669 400 587 817 814 374 856 465 806 103 439 350 537 712 674 931 274 753 662 841 780 215 104 599 719 415 857 737 974 23 175 872 357 279 598 431 511 59 491 428 464 899 400 532 394 524 486 86 459 759 27 588 546 507 259
478 629 194 487 343 244 506 402 215 283 273 87 248 117 261 436 485 517 236 0 418 567 591 127 249 548 364 633 772 129 581 320 354 755 519 304 327 176 295 403 286 411 711 396 363 604 117 518 139 29 319 213 657 505 482 637 646 537 75 242 328 656 310 213 404 327 344 575 828 518 279 359 607 613 163 715 253 578 141 263 208 402 491 493 696 440 692 426 630 581 231 151 545 584 268 621 510 859 255 60 764 122 273 374 375 368 257 392 228 388 790 275 309 303 364 389 284 305 525 231 358 409 271 372
640 370 277 148 660 476 214 649 457 147 516 479 657 338 633 94 481 670 575 418 0 210 211 515 218 244 765 375 675 409 236 585 762 344 520 120 145 589 499 325 268 450 569 654 413 430 308 183 395 392 252 632 366 204 238 508 404 169 348 400 741 266 684 626 689 519 380 193 426 100 652 272 306 276 478 297 511 385 479 156 585 63 619 117 650 593 359 401 327 241 385 473 271 170 622 559 329 449 598 448 362 393 690 246 235 68 624 147 205 773 386 176 494 692 53 760 561 117 407 588 482 56 400 493
849 187 383 320 723 674 88 852 652 341 569 642 815 461 809 137 420 879 759 567 210 0 41 682 418 73 873 533 529 513 369 634 878 336 451 312 240 743 702 534 476 424 413 856 623 284 449 50 580 537 286 773 166 80 427 370 223 40 491 602 865 333 776 780 731 723 590 42 432 173 747 272 111 67 572 254 572 240 658 319 690 271 593 93 532 803 470 358 126 34 586 654 441 221 709 447 217 428 782 610 379 501 823 241 444 277 802 354 339 867 393 376 527 793 247 844 757 308 303 767 489 263 442 702
851 218 412 304 759 685 129 860 664 351 606 664 838 488 828 155 461 880 775 591 211 41 0 702 427 114 905 509 564 544 344 671 909 296 492 322 265 767 710 528 480 465 448 865 623 322 473 85 595 562 321 799 191 120 413 407 255 53 516 610 894 300 810 804 769 730 591 17 391 156 780 310 142 87 605 213 608 278 675 336 722 269 635 101 570 805 439 399 152 67 595 671 421 191 743 486 258 386 799 632 339 531 851 279 440 280 820 350 362 901 353 385 565 826 255 879 769 319 344 785 528 260 479 704
396 755 320 558 397 181 627 299 161 370 370 40 145 244 134 547 607 434 116 127 515 682 702 0 316 669 341 667 895 247 644 401 319 839 640 396 443 89 229 418 323 532 838 289 344 731 237 635 140 155 445 155 780 625 529 764 772 650 197 222 284 731 327 119 467 258 336 686 903 614 302 486 729 732 258 808 348 705 65 367 243 488 595 603 816 365 744 551 753 699 220 82 591 673 310 745 637 940 132 72 841 244 219 500 417 457 130 459 343 384 868 352 416 306 462 399 185 398 652 106 472 496 393 322
440 546 222 242 566 258 392 434 239 77 451 285 461 227 421 281 540 474 360 249 218 418 427 316 0 432 614 389 793 304 333 515 603 523 581 106 221 399 284 195 77 484 703 438 228 570 181 380 183 232 299 453 555 386 234 633 574 379 203 184 575 415 555 433 614 306 196 409 587 309 523 340 497 479 371 497 437 531 270 124 451 177 624 327 743 393 442 461 520 444 168 261 296 360 504 655 463 624 383 258 525 287 516 332 134 152 412 144 161 637 551 42 456 551 171 634 343 110 518 375 474 185 375 294
870 127 357 373 672 681 42 862 658 354 519 629 796 437 800 154 349 903 755 548 244 73 114 669 432 0 834 593 459 480 432 581 842 410 379 327 228 724 713 569 497 359 345 865 648 212 432 62 580 519 246 747 124 45 476 298 162 98 474 614 831 404 734 761 675 737 616 116 505 233 705 223 65 69 534 327 524 167 652 320 652 307 526 134 458 824 538 292 88 52 597 651 496 289 666 373 144 500 778 597 452 470 794 194 478 305 794 392 327 823 466 392 472 753 269 798 761 322 230 761 429 300 392 724
706 876 496 850 220 520 796 586 502 642 336 351 251 427 360 760 617 741 411 364 765 873 905 341 614 834 0 994 883 362 945 301 36 1109 632 660 646 258 563 753 644 550 868 570 685 807 458 823 470 383 589 188 916 799 845 803 880 853 421 563 73 1016 111 246 279 589 676 892 1186 864 132 612 880 904 300 1060 323 800 406 610 183 759 505 818 785 685 1056 603 901 878 558 423 908 935 175 744 745 1214 409 367 1122 376 132 640 736 725 370 756 561 64 1147 638 397 82 713 104 497 660 719 384 462 765 450 659
540 718 590 227 955 524 574 621 527 395 833 647 804 614 730 465 854 549 659 633 375 533 509 667 389 593 994 0 1045 692 165 900 978 354 894 396 506 756 509 252 349 816 935 635 358 798 569 531 527 620 614 819 699 563 159 879 754 497 593 453 947 245 943 784 1001 506 348 496 350 360 911 642 644 596 760 398 822 751 606 455 840 326 978 460 1025 507 128 773 659 567 451 590 105 321 894 934 702 407 678 627 316 675 883 619 258 352 718 270 514 1022 337 379 828 937 391 1022 598 398 782 683 832 327 739 436
1214 347 605 819 664 989 471 1166 960 728 564 859 972 663 1025 582 288 1252 1008 772 675 529 564 895 793 459 883 1045 0 648 889 582 907 852 260 709 578 907 1034 972 870 364 116 1162 1021 248 691 517 871 748 496 894 386 483 914 167 312 557 716 945 917 863 773 938 619 1064 989 571 946 690 759 454 423 481 656 767 583 294 911 670 745 734 383 586 101 1170 997 348 417 497 928 918 944 749 716 150 346 928 1027 832 900 651 912 461 886 718 1024 812 637 840 910 766 503 808 677 799 1049 704 276 1002 437 729 503 1077
605 541 134 512 263 371 440 532 341 305 154 211 335 78 377 398 360 645 362 129 409 513 544 247 304 480 362 692 648 0 611 213 365 753 392 315 284 266 421 488 363 285 595 525 471 498 123 463 259 113 235 272 575 442 534 522 552 491 108 357 351 669 274 300 310 453 447 530 835 506 243 267 532 549 69 700 137 479 271 259 179 413 363 455 569 566 730 308 554 521 343 281 594 579 213 498 414 859 379 189 771 17 314 290 438 378 375 429 204 364 795 314 180 284 359 350 413 315 415 353 228 418 145 492
620 556 491 98 872 539 417 675 532 306 736 616 789 533 734 316 715 638 666 581 236 369 344 644 333 432 945 165 889 611 0 805 935 229 754 295 379 730 539 285 326 686 776 685 403 640 493 371 505 561 487 786 534 405 133 723 592 334 526 459 908 106 878 763 909 546 381 331 267 198 846 508 481 431 680 250 728 594 591 354 776 203 854 302 875 579 123 637 495 403 451 579 96 156 822 785 549 313 687 591 211 593 849 482 235 237 723 188 413 964 237 306 722 879 267 956 622 296 632 686 715 201 629 490
792 598 314 707 93 561 548 701 533 506 69 379 423 287 505 548 317 831 516 320 585 634 671 401 515 581 301 900 582 213 805 0 325 921 330 511 443 373 613 701 576 255 567 691 680 516 334 586 459 315 353 337 643 554 741 504 596 623 321 561 336 852 191 393 103 644 657 662 1009 673 177 361 616 650 156 857 78 515 447 452 179 603 214 601 485 757 928 315 634 631 549 462 799 750 135 443 469 1025 527 368 945 229 339 392 649 568 508 632 392 265 968 521 109 225 542 230 585 510 428 499 166 606 193 693
676 889 498 841 248 495 803 554 479 635 354 332 219 426 329 762 638 710 382 354 762 878 909 319 603 842 36 978 907 365 935 325 0 1105 654 654 647 233 538 735 629 569 889 538 664 823 454 828 453 375 596 164 927 805 832 823 894 856 415 542 39 1010 134 218 310 562 655 895 1180 862 149 622 889 911 307 1059 339 815 384 606 189 753 533 819 810 656 1045 619 911 885 538 401 895 931 193 767 758 1210 379 351 1116 378 103 648 722 719 339 746 559 101 1142 629 415 99 709 140 469 655 735 355 482 760 462 634
850 505 620 287 1000 756 418 901 746 472 851 806 984 682 942 373 752 868 877 755 344 336 296 839 523 410 1109 354 852 753 229 921 1105 0 785 451 478 920 762 513 537 746 736 911 631 616 650 368 705 731 571 968 466 407 362 701 540 323 689 675 1082 123 1028 955 1023 771 607 294 95 248 996 575 431 372 822 85 849 573 793 498 930 353 918 326 865 809 233 684 434 362 665 782 323 174 966 782 553 105 899 777 52 737 1028 543 454 386 932 385 549 1118 57 487 822 1036 395 1103 841 450 639 894 797 346 729 718
978 333 371 668 418 747 367 919 717 529 304 604 712 416 768 440 41 1016 754 519 520 451 492 640 581 379 632 894 260 392 754 330 654 785 0 515 390 648 794 772 658 108 238 914 802 220 451 417 629 497 287 634 383 378 745 181 316 462 470 712 661 758 520 678 385 825 771 491 881 569 504 253 382 434 396 705 324 242 660 465 486 568 168 468 176 935 875 122 391 431 696 668 788 642 461 113 235 879 772 579 824 396 653 274 693 543 767 635 419 594 841 562 244 554 504 556 801 512 153 746 177 566 247 848
544 444 197 197 576 362 288 539 341 28 442 360 539 238 513 175 474 576 456 304 120 312 322 396 106 327 660 396 709 315 295 511 654 451 515 0 130 472 390 263 171 427 613 543 325 477 201 274 276 279 228 517 451 281 238 544 473 274 238 290 630 357 586 508 614 412 292 305 526 218 554 264 392 373 385 413 433 435 359 59 484 99 583 222 667 497 416 393 414 338 274 353 291 280 528 577 369 556 479 330 462 298 577 249 178 65 504 125 119 673 487 65 433 589 68 663 446 4 432 468 437 105 343 397
659 330 149 285 521 457 186 640 432 150 373 403 575 223 573 114 349 694 527 327 145 240 265 443 221 228 646 506 578 284 379 443 647 478 390 130 0 503 493 394 295 310 483 641 449 349 209 191 352 297 109 534 346 183 354 414 356 211 251 395 631 410 556 540 546 519 416 250 566 230 525 137 290 288 349 419 370 310 424 98 463 180 475 172 537 613 502 268 314 255 378 422 400 307 491 447 242 583 550 371 502 269 586 119 308 153 566 244 100 647 524 189 349 568 115 629 535 126 302 533 336 180 255 515
456 800 367 642 349 262 682 345 245 448 357 114 72 288 132 612 619 494 160 176 589 743 767 89 399 724 258 756 907 266 730 373 233 920 648 472 503 0 305 508 411 544 860 332 431 764 294 695 229 206 489 69 829 681 617 787 814 714 251 310 197 814 262 37 421 331 424 751 987 689 241 526 781 789 252 885 335 742 152 436 197 567 580 669 822 432 832 573 804 758 308 169 680 751 260 757 676 1022 164 142 924 269 131 544 505 535 136 543 404 306 950 433 410 234 535 326 244 473 681 136 473 574 408 401
184 823 428 477 621 51 673 150 80 361 569 238 327 378 232 565 757 223 163 295 499 702 710 229 284 713 563 509 1034 421 539 613 538 762 794 390 493 305 0 261 234 687 957 155 151 832 344 664 165 308 543 375 836 668 407 884 849 663 325 99 500 641 557 320 689 32 162 692 806 582 531 587 778 763 458 754 548 797 169 395 470 449 785 610 968 144 612 687 801 728 116 153 462 619 536 887 727 852 176 244 750 411 434 589 308 431 220 385 407 611 776 325 602 535 455 627 88 394 767 190 646 458 552 96
339 694 417 243 742 272 536 390 274 245 639 402 553 415 478 415 731 361 407 403 325 534 528 418 195 569 753 252 972 488 285 701 735 513 772 263 394 508 261 0 124 677 875 401 117 738 368 509 282 396 486 573 692 527 151 808 726 493 380 201 702 390 713 534 796 264 99 511 549 378 682 525 632 600 549 519 624 696 356 307 612 263 819 441 929 296 350 651 653 566 199 340 201 392 671 840 632 598 426 386 496 471 637 512 90 264 466 179 354 787 522 210 649 703 303 791 349 268 696 431 669 271 570 205
373 616 295 249 619 220 460 382 209 146 514 299 465 290 408 344 617 405 341 286 268 476 480 323 77 497 644 349 870 363 326 576 629 537 658 171 295 411 234 124 0 559 779 389 153 645 243 442 182 275 376 471 621 452 206 709 645 436 256 140 598 420 596 442 672 251 120 462 591 348 565 417 562 540 425 522 499 605 266 200 494 215 696 383 820 327 421 538 585 505 128 253 268 386 551 732 538 632 363 278 531 347 536 409 94 200 397 153 238 674 557 107 525 588 229 675 306 176 594 360 547 224 447 226
871 350 267 595 348 639 336 811 610 437 214 496 609 309 661 381 75 910 646 411 450 424 465 532 484 359 550 816 364 285 686 255 569 746 108 427 310 544 687 677 559 0 323 806 700 261 344 382 522 389 202 534 397 344 663 254 344 425 362 606 572 704 439 575 331 719 670 460 840 514 419 178 380 423 293 671 230 263 552 373 392 491 172 420 284 828 809 67 395 412 590 560 710 590 375 213 226 845 665 472 780 289 558 206 601 463 660 550 323 520 799 468 153 469 425 485 693 424 174 639 88 491 139 743
1134 231 532 710 657 914 360 1095 886 634 536 799 928 597 971 475 251 1170 947 711 569 413 448 838 703 345 868 935 116 595 776 567 889 736 238 613 483 860 957 875 779 323 0 1092 932 138 620 405 798 685 414 856 270 372 808 74 195 443 649 864 894 747 757 893 622 986 899 455 829 577 740 370 306 364 614 650 553 184 846 579 715 629 395 475 159 1088 883 287 301 381 847 851 835 634 695 132 243 812 967 771 783 595 881 371 787 616 968 710 552 832 793 673 474 789 575 795 980 608 189 943 408 624 452 993
146 971 560 628 679 183 824 18 209 515 659 317 319 499 210 719 878 175 175 396 654 856 865 289 438 865 570 635 1162 525 685 691 538 911 914 543 641 332 155 401 389 806 1092 0 284 972 472 816 294 417 681 393 986 819 552 1018 995 817 445 254 499 789 593 329 751 140 304 847 950 737 574 724 929 916 546 907 637 940 254 545 525 604 883 765 1090 147 748 814 953 881 269 245 602 773 590 1013 869 999 168 336 897 519 439 730 459 586 201 539 550 628 923 479 702 564 609 653 113 547 903 196 754 613 667 200
229 769 432 354 707 174 612 272 185 300 625 338 465 408 379 494 762 257 308 363 413 623 623 344 228 648 685 358 1021 471 403 680 664 631 802 325 449 431 151 117 153 700 932 284 0 799 364 592 226 364 525 499 773 604 269 861 798 582 363 124 628 508 661 452 768 148 33 605 667 480 632 567 713 688 523 633 607 759 279 353 565 354 824 529 968 184 465 685 735 653 133 262 318 503 628 881 691 716 324 331 614 456 562 561 187 346 367 276 385 727 640 261 646 645 379 737 240 329 746 334 677 362 578 87
1006 120 415 572 609 791 223 974 764 499 470 691 834 487 866 336 209 1041 835 604 430 284 322 731 570 212 807 798 248 498 640 516 823 616 220 477 349 764 832 738 645 261 138 972 799 0 503 269 678 576 292 768 169 235 669 85 96 310 537 737 823 617 697 798 589 860 766 327 711 442 675 248 186 244 529 531 484 46 733 446 640 490 388 338 249 959 750 204 188 255 720 736 697 502 632 171 107 699 856 662 661 495 801 243 649 478 862 571 425 780 673 538 411 726 437 746 862 472 88 834 349 485 365 863
527 518 88 396 386 297 390 475 268 186 271 197 365 47 370 319 413 565 332 117 308 449 473 237 181 432 458 569 691 123 493 334 454 650 451 201 209 294 344 368 243 344 620 472 364 503 0 401 180 88 212 327 543 389 411 546 537 420 42 262 433 558 385 331 433 375 337 458 727 408 353 254 492 496 190 605 257 474 229 152 283 301 460 376 624 484 610 343 515 464 246 232 472 477 329 543 404 755 354 165 663 106 383 265 315 266 364 308 111 472 688 191 283 388 255 463 360 201 430 334 313 307 215 399
816 190 333 310 674 634 50 813 611 302 520 595 767 411 764 98 383 847 715 518 183 50 85 635 380 62 823 531 517 463 371 586 828 368 417 274 191 695 664 509 442 382 405 816 592 269 401 0 537 489 236 723 182 39 414 354 225 44 443 564 815 350 726 732 683 686 559 78 463 172 697 224 123 99 522 290 523 223 613 275 640 246 553 72 511 769 480 318 143 65 548 610 434 233 659 423 187 464 738 563 407 451 774 193 418 246 756 331 291 817 423 339 479 743 213 794 716 270 275 722 443 239 393 669
350 680 266 421 481 117 538 296 88 248 410 120 284 212 238 442 592 389 180 139 395 580 595 140 183 580 470 527 871 259 505 459 453 705 629 276 352 229 165 282 182 522 798 294 226 678 180 537 0 146 386 291 699 534 388 724 703 545 160 103 420 594 436 259 544 197 210 578 766 490 407 429 643 636 302 680 390 645 87 261 339 359 622 494 804 308 604 523 667 602 93 77 451 543 402 723 575 805 203 106 705 247 356 435 276 332 229 321 257 506 731 222 439 423 344 513 184 279 608 192 481 368 387 234
492 600 165 466 346 257 477 422 228 260 263 115 277 88 290 407 462 532 261 29 392 537 562 155 232 519 383 620 748 113 561 315 375 731 497 279 297 206 308 396 275 389 685 417 364 576 88 489 146 0 290 240 627 476 466 611 617 508 45 246 351 634 323 243 404 340 343 546 805 492 291 330 577 583 158 689 244 550 163 236 220 378 477 464 673 453 674 401 601 552 234 171 529 558 276 597 481 835 281 86 741 103 298 345 361 344 285 373 199 404 766 255 294 319 338 402 304 280 498 258 339 384 250 380
720 311 125 394 438 500 207 682 473 241 285 405 560 202 580 197 246 757 545 319 252 286 321 445 299 246 589 614 496 235 487 353 596 571 287 228 109 489 543 486 376 202 414 681 525 292 212 236 386 290 0 505 341 210 461 341 327 271 248 450 585 513 490 525 453 572 493 310 662 327 461 43 296 315 288 505 287 261 442 178 406 289 367 248 444 674 611 165 319 289 433 444 508 405 423 356 192 674 566 374 599 226 550 55 405 261 575 349 140 580 620 276 251 508 224 557 570 224 224 545 230 289 159 581
522 814 390 695 299 331 706 407 314 495 333 172 86 311 185 646 609 559 225 213 632 773 799 155 453 747 188 819 894 272 786 337 164 968 634 517 534 69 375 573 471 534 856 393 499 768 327 723 291 240 505 0 847 706 677 784 825 746 285 377 129 866 201 64 372 400 491 784 1038 732 186 539 802 814 241 929 312 751 220 476 157 614 550 704 805 499 891 571 824 785 375 237 740 797 212 746 687 1072 226 195 975 279 64 561 566 581 193 597 438 238 1001 484 391 170 578 260 311 518 683 200 457 621 404 471
995 50 462 486 736 803 162 984 778 478 587 740 901 541 913 278 364 1027 871 657 366 166 191 780 555 124 916 699 386 575 534 643 927 466 383 451 346 829 836 692 621 397 270 986 773 169 543 182 699 627 341 847 0 169 593 247 76 205 583 737 921 489 811 866 728 861 740 203 559 340 785 308 59 103 621 381 596 141 768 441 738 429 546 252 411 948 630 331 40 132 720 767 607 382 743 340 173 541 894 708 515 567 889 285 601 428 907 513 442 898 524 516 534 834 393 869 881 446 232 876 480 422 466 848
825 166 316 339 643 635 11 816 612 309 490 585 753 395 756 112 344 858 710 505 204 80 120 625 386 45 799 563 483 442 405 554 805 407 378 281 183 681 668 527 452 344 372 819 604 235 389 39 534 476 210 706 169 0 440 318 199 84 430 568 793 388 700 718 650 692 571 115 503 207 671 193 110 107 498 328 494 188 607 274 616 267 515 103 473 779 516 279 133 79 552 605 464 271 633 385 149 503 733 553 447 431 755 162 436 262 749 351 282 790 463 347 447 718 225 766 715 277 236 716 408 260 363 679
488 604 431 109 797 410 450 541 405 236 674 504 671 456 609 333 704 509 539 482 238 427 413 529 234 476 845 159 914 534 133 741 832 362 745 238 354 617 407 151 206 663 808 552 269 669 411 414 388 466 461 677 593 440 0 747 639 387 437 331 802 239 789 648 842 413 247 397 399 257 757 492 535 494 602 371 662 624 472 297 686 180 821 342 885 447 215 623 553 461 324 458 63 252 738 794 567 446 560 482 344 517 741 471 111 201 598 112 355 870 370 220 669 785 242 868 491 241 643 561 675 184 581 357
1061 200 458 653 595 840 306 1021 812 565 468 725 856 523 897 415 186 1098 872 637 508 370 407 764 633 298 803 879 167 522 723 504 823 701 181 544 414 787 884 808 709 254 74 1018 861 85 546 354 724 611 341 784 247 318 747 0 170 395 575 791 826 702 692 820 565 913 829 412 796 525 673 297 270 329 543 617 485 130 772 508 646 567 346 421 165 1015 834 214 270 340 774 777 778 587 629 97 179 784 893 697 747 521 811 300 720 552 894 646 480 770 759 603 407 723 510 733 906 540 116 869 341 562 380 921
1015 36 452 535 690 812 190 995 786 499 546 732 885 529 907 311 301 1048 869 646 404 223 255 772 574 162 880 754 312 552 592 596 894 540 316 473 356 814 849 726 645 344 195 995 798 96 537 225 703 617 327 825 76 199 639 170 0 257 574 751 890 555 772 849 676 875 765 264 633 394 748 288 112 169 592 454 557 81 766 454 707 467 482 297 335 968 694 281 105 190 734 767 659 444 705 264 138 617 892 701 588 546 863 272 635 461 901 551 445 857 597 538 489 798 423 826 887 469 171 871 430 460 431 869
809 221 359 281 710 636 95 813 615 303 557 611 785 435 776 102 428 839 724 537 169 40 53 650 379 98 853 497 557 491 334 623 856 323 462 274 211 714 663 493 436 425 443 817 582 310 420 44 545 508 271 746 205 84 387 395 257 0 462 563 841 307 758 751 722 684 550 39 419 137 728 264 148 107 552 245 559 264 624 285 669 230 597 52 554 762 440 362 165 74 548 620 403 191 692 467 232 420 747 579 362 478 798 232 403 236 768 313 309 849 378 338 518 774 208 828 720 270 319 733 484 222 430 662
510 557 122 429 363 277 431 450 247 221 262 157 323 53 332 362 433 549 298 75 348 491 516 197 203 474 421 593 716 108 526 321 415 689 470 238 251 251 325 380 256 362 649 445 363 537 42 443 160 45 248 285 583 430 437 575 574 462 0 252 393 595 353 289 416 357 338 500 765 448 320 289 532 538 169 646 245 509 196 192 250 338 465 419 646 468 641 368 556 506 238 202 499 516 300 567 440 794 319 126 701 93 341 302 336 303 327 339 153 437 726 221 284 353 295 431 332 239 461 297 322 344 227 389
269 725 341 388 584 80 574 249 74 261 510 213 352 302 279 465 673 306 208 242 400 602 610 222 184 614 563 453 945 357 459 561 542 675 712 290 395 310 99 201 140 606 864 254 124 737 262 564 103 246 450 377 737 568 331 791 751 563 252 0 507 557 536 335 647 124 113 592 726 485 507 494 679 663 404 662 491 701 158 296 440 352 717 511 884 224 544 600 702 628 17 141 390 526 504 800 631 770 229 206 668 344 441 494 224 332 267 293 312 602 694 225 536 520 355 612 166 294 675 231 574 361 476 137
636 883 482 815 266 458 791 515 442 611 358 300 180 408 290 745 642 671 343 328 741 865 894 284 575 831 73 947 917 351 908 336 39 1082 661 630 631 197 500 702 598 572 894 499 628 823 433 815 420 351 585 129 921 793 802 826 890 841 393 507 0 985 151 179 332 524 620 880 1156 841 158 613 881 900 299 1038 341 812 349 585 183 729 547 803 821 617 1016 619 902 873 504 366 866 909 201 774 753 1187 339 320 1092 363 66 639 692 696 300 719 540 136 1118 603 419 112 688 172 430 631 735 316 486 736 459 596
726 519 541 173 925 638 399 779 629 374 782 700 876 594 828 322 722 745 761 656 266 333 300 731 415 404 1016 245 863 669 106 852 1010 123 758 357 410 814 641 390 420 704 747 789 508 617 558 350 594 634 513 866 489 388 239 702 555 307 595 557 985 0 942 849 955 649 485 291 172 190 910 526 442 387 739 153 777 571 681 410 841 257 875 290 861 685 144 647 452 366 548 670 201 116 883 774 537 212 784 673 110 653 928 497 334 292 817 272 465 1030 137 382 760 947 311 1019 722 356 623 780 744 252 666 595
717 770 408 781 115 508 696 607 486 572 227 324 284 348 387 670 506 755 422 310 684 776 810 327 555 734 111 943 773 274 878 191 134 1028 520 586 556 262 557 713 596 439 757 593 661 697 385 726 436 323 490 201 811 700 789 692 772 758 353 536 151 942 0 266 183 585 646 798 1109 781 32 510 777 803 207 975 214 692 389 532 103 685 398 726 675 690 994 493 797 779 529 406 851 854 67 633 638 1134 426 330 1045 290 174 539 684 650 394 692 479 90 1069 574 286 38 634 79 504 586 609 398 351 690 344 649
460 836 404 676 361 280 719 344 267 484 382 148 35 324 121 649 650 496 165 213 626 780 804 119 433 761 246 784 938 300 763 393 218 955 678 508 540 37 320 534 442 575 893 329 452 798 331 732 259 243 525 64 866 718 648 820 849 751 289 335 179 849 266 0 434 344 448 788 1021 725 249 562 818 826 281 921 361 778 178 473 214 602 604 706 851 439 863 606 841 795 334 194 710 787 273 788 712 1057 163 178 959 304 114 580 536 571 128 577 442 300 985 467 438 234 572 324 251 510 715 138 501 610 440 417
863 681 418 810 73 638 644 763 611 608 173 451 458 387 553 650 382 901 575 404 689 731 769 467 614 675 279 1001 619 310 909 103 310 1023 385 614 546 421 689 796 672 331 622 751 768 589 433 683 544 404 453 372 728 650 842 565 676 722 416 647 332 955 183 434 0 719 747 760 1112 776 188 458 705 743 247 958 180 595 520 555 225 706 235 702 518 830 1031 396 723 726 636 535 901 853 161 492 555 1127 584 446 1048 327 356 490 749 672 558 735 496 226 1071 622 204 221 646 184 652 613 505 555 248 709 294 774
152 849 458 488 652 83 698 132 112 384 601 268 349 410 249 588 788 192 183 327 519 723 730 258 306 737 589 506 1064 453 546 644 562 771 825 412 519 331 32 264 251 719 986 140 148 860 375 686 197 340 572 400 861 692 413 913 875 684 357 124 524 649 585 344 719 0 165 712 812 599 560 615 802 786 490 766 580 825 199 421 500 466 817 631 999 112 613 717 825 750 141 184 465 632 566 917 755 859 193 275 757 443 458 617 318 450 237 399 435 638 783 347 634 563 476 655 101 416 796 210 678 475 584 77
260 736 403 327 688 176 579 294 182 267 601 326 463 382 382 461 731 289 311 344 380 590 591 336 196 616 676 348 989 447 381 657 655 607 771 292 416 424 162 99 120 670 899 304 33 766 337 559 210 343 493 491 740 571 247 829 765 550 338 113 620 485 646 448 747 165 0 573 646 449 617 535 680 656 501 606 584 726 271 320 548 322 797 497 937 214 450 654 702 620 118 254 300 475 611 849 658 694 329 316 592 432 555 529 158 313 370 245 354 715 618 228 620 632 346 723 249 296 714 336 649 331 550 115
833 227 398 288 749 667 125 842 646 333 595 647 822 474 811 139 459 862 758 575 193 42 17 686 409 116 892 496 571 530 331 662 895 294 491 305 250 751 692 511 462 460 455 847 605 327 458 78 578 546 310 784 203 115 397 412 264 39 500 592 880 291 798 788 760 712 573 0 390 140 768 301 151 100 592 214 598 282 658 319 709 251 630 83 574 787 429 395 164 74 577 654 406 180 731 489 258 388 781 615 337 517 837 269 422 262 803 332 347 888 351 367 556 813 237 867 751 301 345 768 521 242 468 687
876 599 704 345 1086 806 513 939 798 545 939 873 1049 762 999 464 847 890 932 828 426 432 391 903 587 505 1186 350 946 835 267 1009 1180 95 881 526 566 987 806 549 591 840 829 950 667 711 727 463 766 805 662 1038 559 503 399 796 633 419 765 726 1156 172 1109 1021 1112 812 646 390 0 336 1077 668 526 467 904 179 936 669 853 577 1010 427 1012 420 960 838 222 779 528 457 717 842 349 258 1048 878 649 57 954 845 64 819 1100 636 502 461 988 445 630 1198 41 554 912 1115 475 1186 889 526 735 951 890 420 819 753
709 358 372 148 751 564 219 731 547 243 604 578 757 436 729 132 532 736 669 518 100 173 156 614 309 233 864 360 690 506 198 673 862 248 569 218 230 689 582 378 348 514 577 737 480 442 408 172 490 492 327 732 340 207 257 525 394 137 448 485 841 190 781 725 776 599 449 140 336 0 749 337 285 239 573 197 601 396 576 256 683 133 686 104 680 664 309 457 300 208 472 568 267 77 718 590 353 354 692 547 272 490 790 307 293 158 719 203 302 870 294 268 576 789 154 855 650 215 438 683 557 124 483 565
695 745 377 749 115 482 668 587 459 540 205 296 271 315 370 639 488 733 400 279 652 747 780 302 523 705 132 911 759 243 846 177 149 996 504 554 525 241 531 682 565 419 740 574 632 675 353 697 407 291 461 186 785 671 757 673 748 728 320 507 158 910 32 249 188 560 617 768 1077 749 0 483 750 775 176 943 191 668 362 500 71 653 390 696 663 667 962 471 770 751 500 379 819 822 44 618 613 1102 406 301 1013 259 169 511 652 618 376 660 447 121 1037 542 266 50 602 111 482 553 587 378 332 658 318 622
763 274 167 419 450 544 187 726 516 279 296 446 597 241 620 204 212 800 587 359 272 272 310 486 340 223 612 642 454 267 508 361 622 575 253 264 137 526 587 525 417 178 370 724 567 248 254 224 429 330 43 539 308 193 492 297 288 264 289 494 613 526 510 562 458 615 535 301 668 337 483 0 267 292 314 504 301 219 484 218 432 316 349 248 404 718 631 131 289 271 477 487 536 414 443 315 151 677 609 415 607 259 581 32 442 290 616 381 183 600 627 315 254 531 251 574 613 260 181 587 222 315 169 624
936 76 414 429 708 746 105 927 722 419 557 689 853 493 861 219 357 968 817 607 306 111 142 729 497 65 880 644 423 532 481 616 889 431 382 392 290 781 778 632 562 380 306 929 713 186 492 123 643 577 296 802 59 110 535 270 112 148 532 679 881 442 777 818 705 802 680 151 526 285 750 267 0 58 582 346 564 146 714 384 700 369 538 193 435 889 581 312 23 77 662 713 551 332 709 356 153 513 840 657 477 522 846 242 541 369 855 454 388 865 488 457 506 798 334 838 825 387 228 823 457 362 432 789
914 133 424 386 741 734 108 913 711 402 588 692 861 503 861 197 407 945 814 613 276 67 87 732 479 69 904 596 481 549 431 650 911 372 434 373 288 789 763 600 540 423 364 916 688 244 496 99 636 583 315 814 103 107 494 329 169 107 538 663 900 387 803 826 743 786 656 100 467 239 775 292 58 0 603 287 594 203 711 375 722 337 587 159 494 867 527 356 65 35 647 709 506 279 735 414 200 455 837 659 419 538 862 264 510 342 854 421 388 893 430 439 541 823 310 867 816 369 281 821 496 329 462 767
639 584 201 582 195 406 495 555 378 374 112 229 316 147 376 462 368 679 374 163 478 572 605 258 371 534 300 760 656 69 680 156 307 822 396 385 349 252 458 549 425 293 614 546 523 529 190 522 302 158 288 241 621 498 602 543 592 552 169 404 299 739 207 281 247 490 501 592 904 573 176 314 582 603 0 767 91 515 296 329 118 483 337 519 570 602 800 330 603 578 392 309 663 648 144 506 454 927 389 215 840 86 272 340 504 447 377 499 273 298 864 382 159 221 428 281 437 384 443 361 220 487 164 536
858 420 566 279 939 742 339 898 729 437 789 773 952 632 919 308 673 880 856 715 297 254 213 808 497 327 1060 398 767 700 250 857 1059 85 705 413 419 885 754 519 522 671 650 907 633 531 605 290 680 689 505 929 381 328 371 617 454 245 646 662 1038 153 975 921 958 766 606 214 179 197 943 504 346 287 767 0 788 489 767 453 879 320 843 257 781 815 290 607 349 278 650 758 346 136 911 699 471 174 879 743 135 685 987 472 448 350 909 369 499 1065 142 458 756 985 351 1048 828 411 558 872 727 312 664 721
730 555 237 630 151 497 489 646 468 428 21 321 393 210 463 479 302 770 465 253 511 572 608 348 437 524 323 822 583 137 728 78 339 849 324 433 370 335 548 624 499 230 553 637 607 484 257 523 390 244 287 312 596 494 662 485 557 559 245 491 341 777 214 361 180 580 584 598 936 601 191 301 564 594 91 788 0 477 388 374 162 526 247 533 493 693 850 280 584 572 478 400 721 677 148 437 424 954 479 306 872 152 329 331 571 491 464 554 315 301 895 442 79 241 466 273 529 432 396 451 146 529 132 625
968 91 387 526 609 758 177 940 731 459 465 665 814 461 840 291 223 1003 806 578 385 240 278 705 531 167 800 751 294 479 594 515 815 573 242 435 310 742 797 696 605 263 184 940 759 46 474 223 645 550 261 751 141 188 624 130 81 264 509 701 812 571 692 778 595 825 726 282 669 396 668 219 146 203 515 489 477 0 704 408 628 445 405 292 292 922 704 200 152 211 684 706 651 456 625 210 70 659 828 635 618 474 787 210 606 434 836 527 390 776 630 498 408 718 393 744 830 431 91 807 349 440 353 825
344 746 317 508 452 119 610 261 97 332 409 69 199 249 153 521 625 383 103 141 479 658 675 65 270 652 406 606 911 271 591 447 384 793 660 359 424 152 169 356 266 552 846 254 279 733 229 613 87 163 442 220 768 607 472 772 766 624 196 158 349 681 389 178 520 199 271 658 853 576 362 484 714 711 296 767 388 704 0 339 300 446 631 574 837 310 687 564 738 678 156 17 534 630 366 761 634 892 126 82 792 264 283 495 360 418 144 409 325 449 819 309 449 369 427 462 142 362 658 109 499 454 413 260
561 428 137 255 518 361 279 543 337 64 383 329 506 184 491 182 424 596 439 263 156 319 336 367 124 320 610 455 670 259 354 452 606 498 465 59 98 436 395 307 200 373 579 545 353 446 152 275 261 236 178 476 441 274 297 508 454 285 192 296 585 410 532 473 555 421 320 319 577 256 500 218 384 375 329 453 374 408 339 0 432 153 525 236 622 514 476 344 407 340 280 335 351 325 472 533 339 604 463 297 513 242 534 208 228 118 483 184 59 620 537 97 373 538 103 609 441 58 394 448 378 158 284 417
639 700 313 679 153 420 613 537 395 470 181 232 243 248 330 577 464 678 350 208 585 690 722 243 451 652 183 840 745 179 776 179 189 930 486 484 463 197 470 612 494 392 715 525 565 640 283 640 339 220 406 157 738 616 686 646 707 669 250 440 183 841 103 214 225 500 548 709 1010 683 71 432 700 722 118 879 162 628 300 432 0 584 393 634 653 609 891 437 721 696 432 317 748 756 66 599 570 1035 358 234 945 193 167 458 581 549 334 589 380 188 970 471 242 106 534 182 427 485 552 330 309 589 275 559
