25
0 222 308 609 610 288 93 483 628 486 291 501 202 610 131 570 508 283 611 595 490 162 274 375 437
222 0 527 802 603 460 133 422 645 708 510 307 388 827 141 627 637 389 788 799 314 164 363 310 532
308 527 0 465 796 323 401 729 787 230 149 772 181 370 404 693 538 323 515 417 747 411 448 639 406
609 802 465 0 679 344 676 741 629 279 348 1104 616 209 740 512 304 771 95 74 1098 768 490 713 872
610 603 796 679 0 481 577 203 73 809 664 854 792 844 675 172 375 893 599 731 885 716 353 296 1047
288 460 323 344 481 0 339 458 465 343 184 765 379 417 416 369 236 521 329 352 764 450 168 398 658
93 133 401 676 577 339 0 427 605 575 377 428 283 694 99 564 537 330 668 669 425 141 276 314 484
483 422 729 741 203 458 427 0 267 801 623 653 682 867 517 313 456 757 679 777 687 556 292 114 911
628 645 787 629 73 465 605 267 0 779 649 908 800 803 705 117 326 911 545 685 937 746 359 348 1063
486 708 230 279 809 343 575 801 779 0 200 981 409 139 605 668 471 554 356 213 961 620 510 734 626
291 510 149 348 664 184 377 623 649 200 0 792 268 318 416 550 389 423 382 317 777 437 332 546 534
501 307 772 1104 854 765 428 653 908 981 792 0 601 1109 376 911 942 521 1094 1095 58 361 668 560 609
202 388 181 616 792 379 283 682 800 409 268 601 0 548 251 726 615 154 649 579 571 247 441 577 278
610 827 370 209 844 417 694 867 803 139 318 1109 548 0 733 687 478 693 303 135 1092 751 585 815 763
131 141 404 740 675 416 99 517 705 605 416 376 251 733 0 664 627 253 742 725 361 41 373 403 402
570 627 693 512 172 369 564 313 117 668 550 911 726 687 664 0 209 848 429 568 933 705 295 360 997
508 637 538 304 375 236 537 456 326 471 389 942 615 478 627 209 0 757 227 358 951 665 274 455 894
283 389 323 771 893 521 330 757 911 554 423 521 154 693 253 848 757 0 804 732 480 225 554 645 154
611 788 515 95 599 329 668 679 545 356 382 1094 649 303 742 429 227 804 0 168 1093 774 452 664 916
595 799 417 74 731 352 669 777 685 213 317 1095 579 135 725 568 358 732 168 0 1086 750 511 739 824
490 314 747 1098 885 764 425 687 937 961 777 58 571 1092 361 933 951 480 1093 1086 0 340 678 589 559
162 164 411 768 716 450 141 556 746 620 437 361 247 751 41 705 665 225 774 750 340 0 413 442 369
274 363 448 490 353 168 276 292 359 510 332 668 441 585 373 295 274 554 452 511 678 413 0 230 705
375 310 639 713 296 398 314 114 348 734 546 560 577 815 403 360 455 645 664 739 589 442 230 0 798
437 532 406 872 1047 658 484 911 1063 626 534 609 278 763 402 997 894 154 916 824 559 369 705 798 0
