104
0 702 908 492 350 212 506 77 430 225 454 188 390 793 126 97 541 450 202 688 293 924 179 241 176 825 332 194 359 870 612 242 755 379 119 559 511 1004 416 541 602 185 753 74 662 936 521 587 214 525 542 233 572 751 756 588 435 809 477 746 140 518 217 642 252 199 581 573 560 699 337 176 96 480 384 730 216 162 488 198 686 549 513 478 699 638 168 406 629 573 571 618 997 298 446 729 456 355 736 701 714 177 298 505
702 0 287 563 643 655 313 633 552 704 853 680 475 118 729 676 162 261 872 27 428 338 735 596 585 134 581 790 553 183 133 884 344 359 653 849 316 382 578 545 394 845 598 757 343 361 570 857 915 287 507 501 362 74 479 397 587 406 230 383 767 228 575 66 820 599 501 653 205 98 370 645 626 732 348 711 701 620 520 555 170 349 243 706 552 211 615 338 123 317 356 243 354 671 609 832 371 493 328 186 286 857 794 596
908 287 0 606 742 907 598 832 834 845 928 833 581 171 962 904 412 514 1097 279 615 64 978 741 758 291 851 947 827 144 305 1119 605 529 831 884 414 99 654 564 397 1073 508 949 623 87 598 882 1120 572 528 681 649 212 374 683 654 255 445 282 999 506 734 346 962 847 787 658 490 227 576 805 819 782 607 650 952 861 568 728 222 403 523 755 487 495 783 603 289 604 643 529 89 788 891 792 652 765 241 457 556 1037 917 630
492 563 606 0 169 629 618 426 731 312 323 325 140 582 604 551 468 469 688 537 310 589 648 251 319 693 673 420 675 648 430 733 825 284 374 288 247 677 78 55 208 675 265 488 766 590 29 294 657 614 80 304 713 561 306 748 63 402 396 345 629 547 276 540 409 574 809 108 579 492 353 320 401 177 501 248 660 560 43 307 431 219 559 150 217 660 323 522 440 682 708 666 690 230 778 304 617 625 369 690 764 536 345 33
350 643 742 169 0 521 613 297 669 145 212 167 169 688 472 425 515 479 536 619 274 734 521 122 199 778 594 251 604 761 514 585 847 298 231 251 340 822 95 225 355 527 432 331 774 739 195 272 494 617 244 229 705 659 474 735 106 562 434 502 491 565 161 605 240 475 776 226 604 591 338 174 272 142 480 383 544 452 189 203 543 339 572 132 386 690 190 504 528 683 701 688 830 61 708 382 594 566 517 733 790 369 179 169
212 655 907 629 521 0 385 229 235 423 659 381 500 763 118 115 500 396 250 648 346 937 90 399 322 757 134 407 168 837 601 242 612 422 303 754 563 1006 563 669 680 222 870 282 516 953 658 780 339 410 659 326 424 718 842 428 584 866 462 807 148 435 363 589 465 61 396 726 471 681 350 356 252 661 306 877 46 69 612 325 691 615 424 653 812 531 332 318 617 439 425 503 990 481 239 902 323 193 783 599 583 371 507 650
506 313 598 618 613 385 0 458 239 605 816 568 484 432 485 445 209 152 630 318 338 644 474 515 465 386 282 656 250 494 327 628 250 334 510 860 414 695 591 629 542 601 768 576 164 665 638 878 700 27 599 395 94 387 683 130 609 654 242 609 523 97 479 251 702 343 211 726 108 378 276 529 464 742 136 838 429 375 581 441 421 472 80 722 710 146 494 112 337 71 90 117 668 611 295 922 64 198 564 213 207 682 706 650
77 633 832 426 297 229 458 0 418 195 432 153 317 720 179 128 472 385 277 617 217 847 225 179 106 758 327 204 347 798 538 314 709 303 74 525 434 927 352 472 526 259 684 125 619 860 455 551 288 474 471 156 532 679 681 551 372 732 405 669 203 458 149 573 257 194 558 513 501 625 264 127 24 434 329 669 248 164 418 123 610 472 456 428 628 582 107 351 555 527 530 565 921 252 444 679 413 329 659 643 664 229 285 441
430 552 834 731 669 235 239 418 0 607 843 565 591 670 353 339 429 338 479 555 421 877 319 550 479 622 100 618 71 733 548 458 406 463 490 918 584 932 682 757 715 451 932 504 313 897 756 941 574 266 736 442 228 625 870 218 702 862 431 810 382 327 510 489 674 231 162 838 346 609 385 532 436 811 256 973 262 268 702 468 643 643 310 796 872 374 500 248 560 260 232 339 906 645 58 1029 181 105 772 438 393 601 703 759
225 704 845 312 145 423 605 195 607 0 237 42 265 767 352 314 556 495 396 682 284 845 404 107 139 837 519 109 537 844 585 448 852 344 120 334 431 931 234 366 477 390 576 192 769 852 338 361 349 615 380 214 689 732 610 714 248 689 477 627 364 579 131 655 118 389 736 370 621 669 351 77 173 258 468 526 437 359 324 164 633 446 581 259 529 707 111 493 601 676 687 698 934 83 637 509 572 512 634 760 800 224 101 314
454 853 928 323 212 659 816 432 843 237 0 279 377 891 580 548 727 689 593 828 479 912 633 302 365 987 757 275 773 962 722 649 1056 510 358 129 543 1000 279 369 531 594 531 403 980 913 335 158 514 822 402 422 906 864 614 934 276 721 647 666 585 774 340 816 224 626 965 304 814 796 545 311 411 153 681 427 670 596 360 382 743 532 780 179 504 900 342 705 736 887 903 897 1013 205 874 349 792 745 692 945 999 381 158 301
188 680 833 325 167 381 568 153 565 42 279 0 260 748 314 274 529 463 369 659 254 837 366 92 102 812 477 114 495 825 565 418 816 321 78 373 419 922 247 379 476 360 591 164 732 845 353 400 331 578 389 183 651 712 616 675 264 689 451 626 328 545 104 629 141 347 695 394 588 650 320 38 131 291 432 551 397 317 332 130 618 440 547 290 541 674 73 456 581 639 648 663 923 110 594 541 533 470 629 728 765 215 140 332
390 475 581 140 169 500 484 317 591 265 377 260 0 519 491 434 355 338 592 451 170 580 530 168 214 609 535 372 536 592 345 631 702 150 282 387 172 666 110 170 217 575 371 404 637 587 165 400 580 482 158 175 578 489 365 612 125 429 276 366 519 420 176 440 381 443 670 248 455 422 214 240 295 267 363 384 535 432 113 193 376 181 430 243 313 539 229 384 359 550 574 542 670 207 639 442 479 485 369 577 642 474 336 169
793 118 171 582 688 763 432 720 670 767 891 748 519 0 830 775 263 367 971 116 507 227 840 660 661 144 695 862 669 77 184 987 439 428 732 870 348 264 611 553 388 945 562 842 452 250 582 874 1007 405 514 578 479 45 433 512 617 338 316 332 869 344 644 181 885 706 617 658 323 98 456 716 711 758 458 690 809 724 539 630 150 362 360 731 525 324 689 450 167 434 473 358 236 724 727 822 488 608 276 287 387 938 851 612
126 729 962 604 472 118 485 179 353 352 580 314 491 830 0 59 568 468 145 718 362 985 53 357 285 840 252 312 285 906 658 157 721 447 241 686 587 1060 531 651 691 117 860 181 626 999 634 714 222 508 647 319 533 786 850 541 551 891 517 829 38 520 328 664 370 142 513 692 560 742 387 298 203 605 386 847 101 111 596 299 740 632 512 602 804 628 284 402 674 544 534 602 1048 422 355 854 426 303 813 694 689 258 422 620
97 676 904 551 425 115 445 128 339 314 548 274 434 775 59 0 514 415 196 664 303 927 97 307 232 790 240 291 269 851 601 215 687 388 197 648 528 1002 479 596 633 170 804 167 592 941 580 675 255 466 591 261 500 731 792 512 499 832 461 770 95 472 275 612 349 111 495 641 513 685 329 253 153 562 337 796 122 74 540 244 683 573 465 556 747 584 235 355 617 507 500 561 991 379 351 808 388 274 753 650 651 261 393 568
541 162 412 468 515 500 209 472 429 556 727 529 355 263 568 514 0 103 711 150 274 450 577 451 431 286 439 636 416 338 119 725 359 217 496 741 231 511 464 464 348 684 573 597 314 469 482 753 754 190 429 347 290 218 478 328 477 444 80 400 607 112 425 101 670 442 420 570 123 184 211 492 466 621 195 660 546 461 426 401 214 283 129 597 518 193 461 191 130 248 284 206 492 533 487 761 250 353 355 222 297 698 651 501
450 261 514 469 479 396 152 385 338 495 689 463 338 367 468 415 103 0 611 252 213 550 474 396 361 376 338 564 317 440 214 623 367 187 419 721 263 614 447 477 393 585 618 510 299 569 487 737 660 145 447 281 246 321 540 282 463 523 95 473 507 85 364 196 604 339 358 576 126 287 145 425 383 601 92 686 442 359 430 333 309 322 92 579 560 212 392 91 228 213 240 208 595 486 396 771 170 254 434 265 310 614 594 501
202 872 1097 688 536 250 630 277 479 396 593 369 592 971 145 196 711 611 0 861 487 1117 160 438 378 985 381 318 417 1048 795 56 862 574 315 713 709 1194 611 739 803 28 952 205 766 1131 717 742 112 653 742 433 674 927 958 679 629 1009 656 947 107 666 418 808 369 286 641 763 705 880 521 368 297 653 531 920 216 257 687 400 875 750 657 656 899 773 367 548 812 687 675 747 1185 478 469 904 570 442 935 840 832 217 437 699
688 27 279 537 619 648 318 617 555 682 828 659 451 116 718 664 150 252 861 0 410 327 726 575 566 158 579 771 552 188 107 875 366 338 635 823 290 376 552 518 366 834 571 741 360 349 543 831 901 293 479 483 373 70 454 409 561 383 212 359 757 228 555 66 799 591 511 626 210 74 353 625 609 706 342 684 694 611 493 536 145 322 244 680 525 226 596 333 96 328 367 257 351 648 613 804 373 491 303 207 307 840 772 569
293 428 615 310 274 346 338 217 421 284 479 254 170 507 362 303 274 213 487 410 0 631 391 183 157 559 366 362 366 585 324 516 577 86 225 523 224 710 264 338 335 465 528 336 501 644 336 542 505 343 321 73 430 467 496 461 284 528 198 467 397 297 153 375 396 285 508 417 339 410 67 218 204 407 206 554 385 282 283 126 392 271 302 388 469 425 187 229 340 409 426 419 704 274 468 609 321 315 450 476 522 431 382 338
924 338 64 589 734 937 644 847 877 845 912 837 580 227 985 927 450 550 1117 327 631 0 1004 744 767 355 889 950 866 208 336 1142 665 544 840 859 419 87 643 544 382 1094 465 960 680 23 578 856 1134 619 509 693 701 264 334 736 641 212 474 251 1022 550 740 394 961 876 839 631 537 267 597 811 833 763 643 610 982 887 554 738 245 399 567 736 451 549 791 641 322 655 695 582 107 783 935 754 696 803 220 515 614 1045 912 611
179 735 978 648 521 90 474 225 319 404 633 366 530 840 53 97 577 474 160 726 391 1004 0 404 330 841 221 365 256 915 672 153 702 474 291 738 615 1077 577 693 725 132 901 234 606 1019 677 766 255 499 688 355 514 795 885 518 597 920 532 859 65 519 373 669 423 135 482 738 557 755 408 348 250 656 387 893 57 116 637 341 758 663 509 652 843 620 332 401 688 529 515 592 1063 473 315 903 413 283 839 687 673 307 476 665
241 596 741 251 122 399 515 179 550 107 302 92 168 660 357 307 451 396 438 575 183 744 404 0 77 730 472 206 484 736 478 482 759 237 123 367 327 829 175 301 385 424 514 240 679 752 280 391 415 523 306 120 604 625 529 632 194 598 371 535 379 480 39 549 225 353 665 334 522 561 250 73 154 264 379 490 424 330 250 82 527 347 485 254 461 608 73 404 493 586 601 601 831 97 587 502 489 448 537 659 704 306 200 263
176 585 758 319 199 322 465 106 479 139 365 102 214 661 285 232 431 361 378 566 157 767 330 77 0 716 398 205 411 738 477 418 713 232 73 441 348 850 246 366 428 362 578 194 630 777 348 465 370 476 366 84 550 622 580 575 266 637 355 575 310 443 43 532 242 276 600 408 486 563 220 64 82 341 329 563 347 253 312 30 538 380 445 331 522 571 30 353 493 537 547 560 847 166 513 580 433 379 569 626 662 279 240 335
825 134 291 693 778 757 386 758 622 837 987 812 609 144 840 790 286 376 985 158 559 355 841 730 716 0 667 922 636 148 265 993 320 493 782 980 448 367 711 671 513 958 702 883 356 378 698 987 1036 359 632 632 406 140 575 433 720 482 361 475 879 322 708 184 953 705 537 779 287 205 498 777 753 864 454 825 802 730 650 686 276 475 333 837 661 249 746 440 253 365 401 284 328 805 676 951 449 581 418 191 278 984 929 725
332 581 851 673 594 134 282 327 100 519 757 477 535 695 252 240 439 338 381 579 366 889 221 472 398 667 0 522 35 764 553 366 487 424 400 839 557 951 617 705 684 353 892 405 392 907 700 863 474 309 688 373 301 650 843 301 638 849 422 794 282 352 433 515 579 134 261 778 382 624 345 446 346 736 246 920 165 170 649 391 647 614 338 724 832 427 416 248 567 324 303 396 929 564 117 964 218 87 761 495 465 500 612 699
194 790 947 420 251 407 656 204 618 109 275 114 372 862 312 291 636 564 318 771 362 950 365 206 205 922 522 0 546 939 678 374 907 433 146 394 533 1035 342 475 586 318 683 131 819 958 446 424 251 669 490 289 733 825 719 754 356 798 561 736 312 644 217 738 58 388 761 471 687 763 425 145 193 343 522 625 409 352 433 235 732 552 644 350 637 771 175 546 694 726 731 758 1037 189 638 591 615 533 741 829 859 120 118 420
359 553 827 675 604 168 250 347 71 537 773 495 536 669 285 269 416 317 417 552 366 866 256 484 411 636 35 546 0 736 531 401 451 417 419 852 546 926 622 705 675 388 887 433 356 885 701 875 508 277 686 379 266 623 833 265 642 834 404 780 316 324 444 488 602 160 228 781 352 600 338 462 365 746 227 920 201 197 649 402 626 604 310 733 827 394 431 226 545 289 268 362 904 577 104 970 186 63 745 461 430 530 632 702
870 183 144 648 761 837 494 798 733 844 962 825 592 77 906 851 338 440 1048 188 585 208 915 736 738 148 764 939 736 0 261 1063 467 506 809 935 421 219 682 616 448 1022 605 920 494 231 647 938 1085 467 577 656 532 120 472 563 686 365 393 372 945 411 721 249 962 780 668 719 386 175 533 793 788 825 530 739 883 799 607 708 218 430 426 798 573 374 766 521 245 488 526 409 183 798 789 875 553 676 319 327 421 1016 927 677
612 133 305 430 514 601 327 538 548 585 722 565 345 184 658 601 119 214 795 107 324 336 672 478 477 265 553 678 531 261 0 815 440 244 548 716 183 404 446 412 267 770 483 659 413 354 436 724 826 307 374 394 403 147 375 440 454 328 140 289 695 229 461 122 703 542 536 520 232 86 275 532 528 599 306 586 647 555 386 446 95 217 247 572 432 281 505 305 16 359 397 304 390 546 606 702 370 468 240 285 378 755 672 462
242 884 1119 733 585 242 628 314 458 448 649 418 631 987 157 215 725 623 56 875 516 1142 153 482 418 993 366 374 401 1063 815 0 852 602 359 768 740 1217 657 783 839 58 996 256 756 1156 762 797 163 652 784 467 664 943 996 666 676 1043 675 980 120 672 460 819 425 288 621 811 710 899 544 414 336 706 539 968 201 264 730 438 898 783 662 707 941 773 410 553 831 681 666 745 1206 528 443 957 566 435 966 840 825 274 492 745
755 344 605 825 847 612 250 709 406 852 1056 816 702 439 721 687 359 367 862 366 577 665 702 759 713 320 487 907 451 467 440 852 0 553 760 1088 591 686 812 824 702 833 922 826 95 689 840 1102 941 237 789 639 188 409 814 187 827 749 429 722 757 282 724 319 952 580 267 929 246 441 511 778 714 968 385 1018 650 614 783 688 509 641 275 945 870 165 743 360 439 181 187 160 648 852 445 1121 299 419 668 158 62 931 953 858
379 359 529 284 298 422 334 303 463 344 510 321 150 428 447 388 217 187 574 338 86 544 474 237 232 493 424 433 417 506 244 602 553 0 304 534 141 624 259 299 260 551 469 419 487 557 305 549 591 332 274 151 429 391 422 464 275 445 137 385 482 271 217 312 461 361 526 392 307 330 79 288 289 414 219 514 464 362 248 202 307 193 280 392 409 392 260 238 261 400 424 393 619 316 516 588 334 360 365 434 494 511 436 315
119 653 831 374 231 303 510 74 490 120 358 78 282 732 241 197 496 419 315 635 225 840 291 123 73 782 400 146 419 809 548 359 760 304 0 451 421 923 297 424 498 301 637 122 673 851 403 478 298 523 428 153 589 692 647 611 316 709 423 646 259 498 106 598 193 268 624 454 541 634 284 57 53 364 376 610 319 238 372 103 610 452 498 360 584 625 53 400 564 580 587 611 921 181 517 612 470 397 642 683 712 207 212 386
559 849 884 288 251 754 860 525 918 334 129 373 387 870 686 648 741 721 713 823 523 859 738 367 441 980 839 394 852 935 716 768 1088 534 451 0 532 946 277 320 489 712 440 516 1019 857 289 29 640 862 358 480 953 849 541 985 264 656 663 608 695 805 407 822 348 715 1027 228 841 780 584 398 501 119 730 318 771 688 331 450 719 508 813 144 424 926 424 753 727 929 949 927 964 275 955 221 845 816 643 963 1028 506 276 258
511 316 414 247 340 563 414 434 584 431 543 419 172 348 587 528 231 263 709 290 224 419 615 327 348 448 557 533 546 421 183 740 591 141 421 532 0 503 264 235 130 688 354 542 543 429 256 540 717 403 199 278 506 321 286 543 272 304 172 244 621 328 321 294 549 501 622 342 351 252 215 392 417 416 329 429 605 503 204 320 204 59 342 389 296 425 372 342 194 468 500 437 504 378 640 531 432 485 226 447 528 626 508 280
1004 382 99 677 822 1006 695 927 932 931 1000 922 666 264 1060 1002 511 614 1194 376 710 87 1077 829 850 367 951 1035 926 219 404 1217 686 624 923 946 503 0 730 631 469 1171 544 1042 712 88 665 941 1215 669 597 774 743 307 415 776 729 294 545 337 1097 605 824 443 1047 946 881 718 587 327 673 895 913 850 707 690 1052 960 641 820 319 485 621 823 534 587 874 703 389 699 737 622 45 870 989 835 750 864 307 545 641 1129 999 699
416 578 654 78 95 563 591 352 682 234 279 247 110 611 531 479 464 447 611 552 264 643 577 175 246 711 617 342 622 682 446 657 812 259 297 277 264 730 0 132 262 599 344 410 746 647 106 290 579 591 148 244 686 585 378 719 20 467 386 407 554 530 203 546 335 511 772 163 566 517 317 243 328 157 466 316 592 493 93 238 463 253 539 133 294 649 248 488 458 658 681 652 741 154 726 347 583 576 424 686 752 458 275 89
541 545 564 55 225 669 629 472 757 366 369 379 170 553 651 596 464 477 739 518 338 544 693 301 366 671 705 475 705 616 412 783 824 299 424 320 235 631 132 0 169 725 213 540 771 544 34 322 710 622 39 343 723 536 252 759 119 351 397 297 676 552 324 528 464 612 826 108 581 467 374 372 449 219 519 216 702 600 56 351 402 196 564 192 162 658 373 538 421 689 718 667 647 285 807 296 633 652 325 683 762 590 400 68
602 394 397 208 355 680 542 526 715 477 531 476 217 388 691 633 348 393 803 366 335 382 725 385 428 513 684 586 675 448 267 839 702 260 498 489 130 469 262 169 0 785 225 620 663 385 201 490 797 529 131 373 632 374 161 669 259 212 299 150 723 452 392 389 589 619 751 270 471 308 339 457 506 385 460 318 720 617 172 404 238 71 467 357 170 538 445 472 273 592 626 554 482 408 769 438 562 615 162 551 639 691 534 233
185 845 1073 675 527 222 601 259 451 390 594 360 575 945 117 170 684 585 28 834 465 1094 132 424 362 958 353 318 388 1022 770 58 833 551 301 712 688 1171 599 725 785 0 938 198 738 1108 704 741 133 624 727 413 645 901 940 650 617 989 631 927 78 638 402 781 371 258 613 753 677 855 497 356 280 648 503 910 188 229 673 382 851 730 630 649 884 745 352 520 787 658 646 719 1160 470 442 899 541 414 914 811 803 225 436 687
753 598 508 265 432 870 768 684 932 576 531 591 371 562 860 804 573 618 952 571 528 465 901 514 578 702 892 683 887 605 483 996 922 469 637 440 354 544 344 213 225 938 0 753 887 457 238 427 923 755 213 546 858 562 134 895 328 253 525 232 887 678 536 605 667 812 976 227 696 503 548 585 660 380 680 145 906 803 265 561 429 295 693 359 59 760 585 694 484 818 852 778 573 493 985 291 786 829 286 768 860 801 598 262
74 757 949 488 331 282 576 125 504 192 403 164 404 842 181 167 597 510 205 741 336 960 234 240 194 883 405 131 433 920 659 256 826 419 122 516 542 1042 410 540 620 198 753 0 734 971 516 545 176 594 546 268 645 802 769 661 427 831 528 768 182 582 228 698 188 272 655 558 625 746 387 168 131 449 451 715 280 235 490 222 727 574 579 451 701 705 175 473 676 644 643 686 1038 273 519 701 527 429 764 767 783 105 245 496
662 343 623 766 774 516 164 619 313 769 980 732 637 452 626 592 314 299 766 360 501 680 606 679 630 356 392 819 356 494 413 756 95 487 673 1019 543 712 746 771 663 738 887 734 0 703 784 1036 846 157 738 559 92 415 788 95 763 737 374 703 661 219 644 302 866 484 188 873 192 433 436 694 626 900 301 973 555 519 727 606 494 598 207 878 833 134 659 276 417 93 92 109 677 774 356 1067 206 323 651 167 84 839 871 799
936 361 87 590 739 953 665 860 897 852 913 845 587 250 999 941 469 569 1131 349 644 23 1019 752 777 378 907 958 885 231 354 1156 689 557 851 857 429 88 647 544 385 1108 457 971 703 0 579 853 1146 640 510 705 723 287 327 758 644 205 491 249 1036 571 749 415 968 892 861 629 559 287 612 820 844 763 661 602 998 903 556 749 262 406 588 736 445 572 801 659 340 677 717 605 117 789 955 747 716 822 222 538 638 1055 917 612
521 570 598 29 195 658 638 455 756 338 335 353 165 582 634 580 482 487 717 543 336 578 677 280 348 698 700 446 701 647 436 762 840 305 403 289 256 665 106 34 201 704 238 516 784 579 0 291 685 633 69 332 733 563 285 768 90 386 411 331 658 565 305 550 433 603 831 89 595 495 376 349 430 185 524 220 689 588 57 336 431 222 577 158 191 674 352 543 446 700 728 682 681 256 804 283 639 651 359 702 778 563 368 33
587 857 882 294 272 780 878 551 941 361 158 400 400 874 714 675 753 737 742 831 542 856 766 391 465 987 863 424 875 938 724 797 1102 549 478 29 540 941 290 322 490 741 427 545 1036 853 291 0 669 879 360 502 971 855 533 1003 276 650 676 604 724 820 431 832 377 740 1048 224 856 786 602 424 527 135 748 300 797 713 337 473 723 513 829 157 415 940 449 771 734 946 967 942 961 300 979 196 864 838 641 976 1043 536 306 263
214 915 1120 657 494 339 700 288 574 349 514 331 580 1007 222 255 754 660 112 901 505 1134 255 415 370 1036 474 251 508 1085 826 163 941 591 298 640 717 1215 579 710 797 133 923 176 846 1146 685 669 0 721 720 441 754 965 944 763 595 1008 691 945 191 723 404 854 292 361 735 719 765 913 551 341 301 595 588 874 313 327 663 398 898 751 718 602 873 839 351 608 843 762 754 816 1209 432 570 843 644 524 940 904 906 133 365 662
525 287 572 614 617 410 27 474 266 615 822 578 482 405 508 466 190 145 653 293 343 619 499 523 476 359 309 669 277 467 307 652 237 332 523 862 403 669 591 622 529 624 755 594 157 640 633 879 721 0 591 403 102 361 667 140 608 634 230 591 546 78 488 226 715 366 229 722 82 354 278 540 478 743 147 830 454 397 576 451 399 460 62 722 698 120 505 123 315 67 96 94 642 617 322 917 90 224 545 188 189 699 716 647
542 507 528 80 244 659 599 471 736 380 402 389 158 514 647 591 429 447 742 479 321 509 688 306 366 632 688 490 686 577 374 784 789 274 428 358 199 597 148 39 131 727 213 546 738 510 69 360 720 591 0 333 693 496 230 729 139 322 364 265 675 520 324 491 484 601 799 146 547 428 351 378 448 254 493 240 694 591 56 348 363 157 533 227 156 623 375 511 383 658 687 634 612 303 787 331 606 631 289 647 727 603 422 102
233 501 681 304 229 326 395 156 442 214 422 183 175 578 319 261 347 281 433 483 73 693 355 120 84 632 373 289 379 656 394 467 639 151 153 480 278 774 244 343 373 413 546 268 559 705 332 502 441 403 333 0 483 539 531 511 264 576 271 514 350 364 85 448 324 270 547 406 406 481 137 145 139 369 259 552 360 257 286 53 459 317 367 354 488 492 114 283 411 466 480 483 770 217 484 590 369 337 503 546 586 360 314 327
572 362 649 713 705 424 94 532 228 689 906 651 578 479 533 500 290 246 674 373 430 701 514 604 550 406 301 733 266 532 403 664 188 429 589 953 506 743 686 723 632 645 858 645 92 723 733 971 754 102 693 483 0 437 769 38 703 731 333 690 569 180 567 308 782 392 138 821 171 440 369 613 540 836 225 931 463 427 675 528 493 563 164 815 801 158 578 201 410 45 6 122 712 700 276 1016 118 231 643 216 165 749 791 745
751 74 212 561 659 718 387 679 625 732 864 712 489 45 786 731 218 321 927 70 467 264 795 625 622 140 650 825 623 120 147 943 409 391 692 849 321 307 585 536 374 901 562 802 415 287 563 855 965 361 496 539 437 0 436 471 592 351 274 337 825 299 608 136 850 661 575 642 279 68 414 679 670 735 412 684 764 679 518 591 136 341 315 708 521 284 651 404 131 392 431 318 281 692 682 812 443 562 281 253 354 899 818 592
756 479 374 306 474 842 683 681 870 610 614 616 365 433 850 792 478 540 958 454 496 334 885 529 580 575 843 719 833 472 375 996 814 422 647 541 286 415 378 252 161 940 134 769 788 327 285 533 944 667 230 531 769 436 0 807 368 121 445 100 881 589 541 494 714 781 894 314 601 382 499 602 660 460 614 276 881 778 286 558 309 229 605 435 119 657 594 624 374 727 763 678 442 533 926 420 711 772 156 657 752 831 651 317
588 397 683 748 735 428 130 551 218 714 934 675 612 512 541 512 328 282 679 409 461 736 518 632 575 433 301 754 265 563 440 666 187 464 611 985 543 776 719 759 669 650 895 661 95 758 768 1003 763 140 729 511 38 471 807 0 737 769 370 728 575 218 594 344 804 402 105 856 208 477 401 638 561 868 255 968 465 438 711 554 530 600 202 848 838 189 603 231 447 82 44 154 744 728 261 1052 142 238 681 242 177 765 815 780
435 587 654 63 106 584 609 372 702 248 276 264 125 617 551 499 477 463 629 561 284 641 597 194 266 720 638 356 642 686 454 676 827 275 316 264 272 729 20 119 259 617 328 427 763 644 90 276 595 608 139 264 703 592 368 737 0 460 400 402 574 546 224 558 345 531 791 142 581 523 336 261 347 145 485 296 612 514 87 258 468 256 556 119 280 664 267 506 466 675 699 667 740 167 746 327 601 596 421 700 767 473 283 69
809 406 255 402 562 866 654 732 862 689 721 689 429 338 891 832 444 523 1009 383 528 212 920 598 637 482 849 798 834 365 328 1043 749 445 709 656 304 294 467 351 212 989 253 831 737 205 386 650 1008 634 322 576 731 351 121 769 460 0 430 62 924 556 603 435 799 804 864 428 560 308 516 669 713 568 607 397 909 807 374 612 242 259 573 542 239 602 656 613 321 687 725 628 320 617 919 542 691 771 89 591 690 904 742 419
477 230 445 396 434 462 242 405 431 477 647 451 276 316 517 461 80 95 656 212 198 474 532 371 355 361 422 561 404 393 140 675 429 137 423 663 172 545 386 397 299 631 525 528 374 491 411 676 691 230 364 271 333 274 445 370 400 430 0 379 555 156 347 177 592 402 451 500 184 224 140 416 397 544 177 600 507 415 354 325 229 230 170 519 468 264 385 183 156 295 327 271 531 453 488 693 265 341 341 300 368 627 571 429
746 383 282 345 502 807 609 669 810 627 666 626 366 332 829 770 400 473 947 359 467 251 859 535 575 475 794 736 780 372 289 980 722 385 646 608 244 337 407 297 150 927 232 768 703 249 331 604 945 591 265 514 690 337 100 728 402 62 379 0 863 513 540 404 738 745 820 380 520 285 458 607 650 515 555 369 849 747 315 549 213 197 530 488 205 569 593 562 286 647 684 593 357 557 867 510 643 717 56 564 662 841 682 364
140 767 999 629 491 148 523 203 382 364 585 328 519 869 38 95 607 507 107 757 397 1022 65 379 310 879 282 312 316 945 695 120 757 482 259 695 621 1097 554 676 723 78 887 182 661 1036 658 724 191 546 675 350 569 825 881 575 574 924 555 863 0 559 352 703 369 179 544 713 599 780 424 316 227 620 425 869 122 150 622 326 778 665 551 618 832 666 306 441 712 581 569 640 1086 438 380 870 463 338 847 733 726 244 426 643
518 228 506 547 565 435 97 458 327 579 774 545 420 344 520 472 112 85 666 228 297 550 519 480 443 322 352 644 324 411 229 672 282 271 498 805 328 605 530 552 452 638 678 582 219 571 565 820 723 78 520 364 180 299 589 218 546 556 156 513 559 0 448 163 685 383 308 654 43 283 230 507 459 685 135 756 480 409 508 415 323 384 17 663 622 128 473 118 239 140 174 122 580 572 385 848 145 264 467 185 225 687 678 580
217 575 734 276 161 363 479 149 510 131 340 104 176 644 328 275 425 364 418 555 153 740 373 39 43 708 433 217 444 721 461 460 724 217 106 407 321 824 203 324 392 402 536 228 644 749 305 431 404 488 324 85 567 608 541 594 224 603 347 540 352 448 0 525 244 315 625 366 490 546 219 72 125 303 343 520 389 293 270 42 516 348 452 292 481 577 53 367 477 551 564 568 823 136 548 539 452 409 538 629 671 305 229 292
642 66 346 540 605 589 251 573 489 655 816 629 440 181 664 612 101 196 808 66 375 394 669 549 532 184 515 738 488 249 122 819 319 312 598 822 294 443 546 528 389 781 605 698 302 415 550 832 854 226 491 448 308 136 494 344 558 435 177 404 703 163 525 0 770 534 446 636 144 132 313 593 568 703 282 708 635 555 497 502 193 335 178 677 555 167 562 272 120 263 302 195 417 628 546 821 307 427 351 163 258 800 748 573
252 820 962 409 240 465 702 257 674 118 224 141 381 885 370 349 670 604 369 799 396 961 423 225 242 953 579 58 602 962 703 425 952 461 193 348 549 1047 335 464 589 371 667 188 866 968 433 377 292 715 484 324 782 850 714 804 345 799 592 738 369 685 244 770 0 445 815 447 728 787 461 178 244 310 567 597 467 410 428 271 751 562 686 321 624 813 211 592 719 773 780 801 1051 181 695 553 664 587 748 869 903 158 74 405
199 599 847 574 475 61 343 194 231 389 626 347 443 706 142 111 442 339 286 591 285 876 135 353 276 705 134 388 160 780 542 288 580 361 268 715 501 946 511 612 619 258 812 272 484 892 603 740 361 366 601 270 392 661 781 402 531 804 402 745 179 383 315 534 445 0 384 674 422 622 288 317 215 617 251 823 106 37 556 275 630 553 374 607 753 487 290 265 557 402 392 461 931 439 251 853 284 163 721 554 546 371 479 597
581 501 787 809 776 396 211 558 162 736 965 695 670 617 513 495 420 358 641 511 508 839 482 665 600 537 261 761 228 668 536 621 267 526 624 1027 622 881 772 826 751 613 976 655 188 861 831 1048 735 229 799 547 138 575 894 105 791 864 451 820 544 308 625 446 815 384 0 918 306 578 456 659 572 914 307 1039 425 421 774 583 628 680 290 896 918 294 625 288 544 183 144 259 849 761 185 1113 192 228 775 346 273 755 835 839
573 653 658 108 226 726 726 513 838 370 304 394 248 658 692 641 570 576 763 626 417 631 738 334 408 779 778 471 781 719 520 811 929 392 454 228 342 718 163 108 270 753 227 558 873 629 89 224 719 722 146 406 821 642 314 856 142 428 500 380 713 654 366 636 447 674 918 0 684 574 462 397 488 152 610 157 755 657 146 401 508 304 666 132 200 763 407 630 529 789 816 771 737 286 885 195 726 732 417 790 867 591 376 79
560 205 490 579 604 471 108 501 346 621 814 588 455 323 560 513 123 126 705 210 339 537 557 522 486 287 382 687 352 386 232 710 246 307 541 841 351 587 566 581 471 677 696 625 192 559 595 856 765 82 547 406 171 279 601 208 581 560 184 520 599 43 490 144 728 422 306 684 0 273 271 550 502 722 176 781 516 448 538 458 322 406 47 699 641 86 516 158 238 126 165 87 560 612 403 877 166 294 472 142 187 730 720 612
699 98 227 492 591 681 378 625 609 669 796 650 422 98 742 685 184 287 880 74 410 267 755 561 563 205 624 763 600 175 86 899 441 330 634 780 252 327 517 467 308 855 503 746 433 287 495 786 913 354 428 481 440 68 382 477 523 308 224 285 780 283 546 132 787 622 578 574 273 0 362 617 614 666 380 621 727 638 449 532 73 272 300 639 459 299 591 375 70 395 434 328 308 626 668 746 428 537 230 282 382 841 753 523
337 370 576 353 338 350 276 264 385 351 545 320 214 456 387 329 211 145 521 353 67 597 408 250 220 498 345 425 338 533 275 544 511 79 284 584 215 673 317 374 339 497 548 387 436 612 376 602 551 278 351 137 369 414 499 401 336 516 140 458 424 230 219 313 461 288 456 462 271 362 0 283 256 466 149 590 393 293 320 190 354 270 235 446 488 358 250 170 292 345 365 352 663 341 437 657 265 281 433 409 455 487 449 383
176 645 805 320 174 356 529 127 532 77 311 38 240 716 298 253 492 425 368 625 218 811 348 73 64 777 446 145 462 793 532 414 778 288 57 398 392 895 243 372 457 356 585 168 694 820 349 424 341 540 378 145 613 679 602 638 261 669 416 607 316 507 72 593 178 317 659 397 550 617 283 0 103 308 393 554 375 289 322 92 588 416 509 303 533 636 35 418 548 601 610 625 895 125 563 555 495 435 607 690 727 235 177 331
96 626 819 401 272 252 464 24 436 173 411 131 295 711 203 153 466 383 297 609 204 833 250 154 82 753 346 193 365 788 528 336 714 289 53 501 417 913 328 449 506 280 660 131 626 844 430 527 301 478 448 139 540 670 660 561 347 713 397 650 227 459 125 568 244 215 572 488 502 614 256 103 0 410 332 644 272 186 395 102 597 454 457 403 605 584 82 355 544 534 538 568 908 228 463 654 421 344 641 644 668 231 266 417
480 732 782 177 142 661 742 434 811 258 153 291 267 758 605 562 621 601 653 706 407 763 656 264 341 864 736 343 746 825 599 706 968 414 364 119 416 850 157 219 385 648 380 449 900 763 185 135 595 743 254 369 836 735 460 868 145 568 544 515 620 685 303 703 310 617 914 152 722 666 466 308 410 0 613 290 682 593 218 345 608 395 694 27 350 806 329 636 611 811 832 808 866 183 850 251 729 707 544 844 909 462 235 152
384 348 607 501 480 306 136 329 256 468 681 432 363 458 386 337 195 92 531 342 206 643 387 379 329 454 246 522 227 530 306 539 385 219 376 730 329 707 466 519 460 503 680 451 301 661 524 748 588 147 493 259 225 412 614 255 485 607 177 555 425 135 343 282 567 251 307 610 176 380 149 393 332 613 0 733 352 275 467 305 400 388 129 594 621 253 358 24 320 207 221 236 688 475 312 805 116 164 519 316 336 556 569 532
730 711 650 248 383 877 838 669 973 526 427 551 384 690 847 796 660 686 920 684 554 610 893 490 563 825 920 625 920 739 586 968 1018 514 610 318 429 690 316 216 318 910 145 715 973 602 220 300 874 830 240 552 931 684 276 968 296 397 600 369 869 756 520 708 597 823 1039 157 781 621 590 554 644 290 733 0 907 807 271 553 548 376 770 276 165 853 563 751 591 896 926 866 718 443 1022 146 846 868 420 869 955 745 524 227
216 701 952 660 544 46 429 248 262 437 670 397 535 809 101 122 546 442 216 694 385 982 57 424 347 802 165 409 201 883 647 201 650 464 319 771 605 1052 592 702 720 188 906 280 555 998 689 797 313 454 694 360 463 764 881 465 612 909 507 849 122 480 389 635 467 106 425 755 516 727 393 375 272 682 352 907 0 103 645 353 736 656 469 676 848 575 354 364 663 480 464 546 1036 500 257 926 366 233 826 642 624 360 515 680
162 620 861 560 452 69 375 164 268 359 596 317 432 724 111 74 461 359 257 611 282 887 116 330 253 730 170 352 197 799 555 264 614 362 238 688 503 960 493 600 617 229 803 235 519 903 588 713 327 397 591 257 427 679 778 438 514 807 415 747 150 409 293 555 410 37 421 657 448 638 293 289 186 593 275 807 103 0 543 255 642 553 400 584 744 516 264 291 571 435 427 491 946 413 285 832 316 200 725 583 579 333 446 580
488 520 568 43 189 612 581 418 702 324 360 332 113 539 596 540 426 430 687 493 283 554 637 250 312 650 649 433 649 607 386 730 783 248 372 331 204 641 93 56 172 673 265 490 727 556 57 337 663 576 56 286 675 518 286 711 87 374 354 315 622 508 270 497 428 556 774 146 538 449 320 322 395 218 467 271 645 543 0 296 389 177 519 191 211 618 320 487 397 643 670 626 654 246 751 341 582 597 334 647 722 546 368 76
198 555 728 307 203 325 441 123 468 164 382 130 193 630 299 244 401 333 400 536 126 738 341 82 30 686 391 235 402 708 446 438 688 202 103 450 320 820 238 351 404 382 561 222 606 749 336 473 398 451 348 53 528 591 558 554 258 612 325 549 326 415 42 502 271 275 583 401 458 532 190 92 102 345 305 553 353 255 296 0 507 353 418 333 505 544 60 329 462 513 525 534 818 178 505 578 411 366 542 598 636 310 264 326
686 170 222 431 543 691 421 610 643 633 743 618 376 150 740 683 214 309 875 145 392 245 758 527 538 276 647 732 626 218 95 898 509 307 610 719 204 319 463 402 238 851 429 727 494 262 431 723 898 399 363 459 493 136 309 530 468 242 229 213 778 323 516 193 751 630 628 508 322 73 354 588 597 608 400 548 736 642 389 507 0 212 341 580 386 360 564 400 84 448 486 387 311 583 702 676 465 563 159 351 449 818 712 461
549 349 403 219 339 615 472 472 643 446 532 440 181 362 632 573 283 322 750 322 271 399 663 347 380 475 614 552 604 430 217 783 641 193 452 508 59 485 253 196 71 730 295 574 598 406 222 513 751 460 157 317 563 341 229 600 256 259 230 197 665 384 348 335 562 553 680 304 406 272 270 416 454 395 388 376 656 553 177 353 212 0 399 368 238 476 400 401 225 524 557 490 491 385 698 486 491 544 190 494 578 652 514 250
513 243 523 559 572 424 80 456 310 581 780 547 430 360 512 465 129 92 657 244 302 567 509 485 445 333 338 644 310 426 247 662 275 280 498 813 342 621 539 564 467 630 693 579 207 588 577 829 718 62 533 367 164 315 605 202 556 573 170 530 551 17 452 178 686 374 290 666 47 300 235 509 457 694 129 770 469 400 519 418 341 399 0 672 637 127 475 110 256 125 158 116 596 577 368 860 129 250 484 187 219 684 681 591
478 706 755 150 132 653 722 428 796 259 179 290 243 731 602 556 597 579 656 680 388 736 652 254 331 837 724 350 733 798 572 707 945 392 360 144 389 823 133 192 357 649 359 451 878 736 158 157 602 722 227 354 815 708 435 848 119 542 519 488 618 663 292 677 321 607 896 132 699 639 446 303 403 27 594 276 676 584 191 333 580 368 672 0 327 783 322 616 584 789 811 785 839 180 837 251 710 692 516 819 885 470 247 124
699 552 487 217 386 812 710 628 872 529 504 541 313 525 804 747 518 560 899 525 469 451 843 461 522 661 832 637 827 573 432 941 870 409 584 424 296 534 294 162 170 884 59 701 833 445 191 415 873 698 156 488 801 521 119 838 280 239 468 205 832 622 481 555 624 753 918 200 641 459 488 533 605 350 621 165 848 744 211 505 386 238 637 327 0 707 532 635 435 762 795 724 559 447 925 305 727 769 254 718 808 753 557 219
638 211 495 660 690 531 146 582 374 707 900 674 539 324 628 584 193 212 773 226 425 549 620 608 571 249 427 771 394 374 281 773 165 392 625 926 425 587 649 658 538 745 760 705 134 572 674 940 839 120 623 492 158 284 657 189 664 602 264 569 666 128 577 167 813 487 294 763 86 299 358 636 584 806 253 853 575 516 618 544 360 476 127 783 707 0 601 232 283 116 152 35 555 699 427 955 210 344 517 67 104 810 807 693
168 615 783 323 190 332 494 107 500 111 342 73 229 689 284 235 461 392 367 596 187 791 332 73 30 746 416 175 431 766 505 410 743 260 53 424 372 874 248 373 445 352 585 175 659 801 352 449 351 505 375 114 578 651 594 603 267 656 385 593 306 473 53 562 211 290 625 407 516 591 250 35 82 329 358 563 354 264 320 60 564 400 475 322 532 601 0 383 521 566 576 590 873 149 533 572 460 402 590 657 692 254 212 337
406 338 603 522 504 318 112 351 248 493 705 456 384 450 402 355 191 91 548 333 229 641 401 404 353 440 248 546 226 521 305 553 360 238 400 753 342 703 488 538 472 520 694 473 276 659 543 771 608 123 511 283 201 404 624 231 506 613 183 562 441 118 367 272 592 265 288 630 158 375 170 418 355 636 24 751 364 291 487 329 400 401 110 616 635 232 383 0 319 183 197 213 682 500 305 826 95 162 524 296 312 579 594 552
629 123 289 440 528 617 337 555 560 601 736 581 359 167 674 617 130 228 812 96 340 322 688 493 493 253 567 694 545 245 16 831 439 261 564 727 194 389 458 421 273 787 484 676 417 340 446 734 843 315 383 411 410 131 374 447 466 321 156 286 712 239 477 120 719 557 544 529 238 70 292 548 544 611 320 591 663 571 397 462 84 225 256 584 435 283 521 319 0 365 403 307 374 560 618 709 381 481 235 283 378 771 687 472
573 317 604 682 683 439 71 527 260 676 887 639 550 434 544 507 248 213 687 328 409 655 529 586 537 365 324 726 289 488 359 681 181 400 580 929 468 699 658 689 592 658 818 644 93 677 700 946 762 67 658 466 45 392 727 82 675 687 295 647 581 140 551 263 773 402 183 789 126 395 345 601 534 811 207 896 480 435 643 513 448 524 125 789 762 116 566 183 365 0 39 80 668 682 312 984 118 246 599 178 144 749 777 714
571 356 643 708 701 425 90 530 232 687 903 648 574 473 534 500 284 240 675 367 426 695 515 601 547 401 303 731 268 526 397 666 187 424 587 949 500 737 681 718 626 646 852 643 92 717 728 967 754 96 687 480 6 431 763 44 699 725 327 684 569 174 564 302 780 392 144 816 165 434 365 610 538 832 221 926 464 427 670 525 486 557 158 811 795 152 576 197 403 39 0 117 707 697 280 1011 116 232 637 211 162 748 788 740
618 243 529 666 688 503 117 565 339 698 897 663 542 358 602 561 206 208 747 257 419 582 592 601 560 284 396 758 362 409 304 745 160 393 611 927 437 622 652 667 554 719 778 686 109 605 682 942 816 94 634 483 122 318 678 154 667 628 271 593 640 122 568 195 801 461 259 771 87 328 352 625 568 808 236 866 546 491 626 534 387 490 116 785 724 35 590 213 307 80 117 0 590 694 392 964 180 314 542 99 103 792 798 699
997 354 89 690 830 990 668 921 906 934 1013 923 670 236 1048 991 492 595 1185 351 704 107 1063 831 847 328 929 1037 904 183 390 1206 648 619 921 964 504 45 741 647 482 1160 573 1038 677 117 681 961 1209 642 612 770 712 281 442 744 740 320 531 357 1086 580 823 417 1051 931 849 737 560 308 663 895 908 866 688 718 1036 946 654 818 311 491 596 839 559 555 873 682 374 668 707 590 0 877 964 862 725 842 322 510 604 1127 1006 714
298 671 788 230 61 481 611 252 645 83 205 110 207 724 422 379 533 486 478 648 274 783 473 97 166 805 564 189 577 798 546 528 852 316 181 275 378 870 154 285 408 470 493 273 774 789 256 300 432 617 303 217 700 692 533 728 167 617 453 557 438 572 136 628 181 439 761 286 612 626 341 125 228 183 475 443 500 413 246 178 583 385 577 180 447 699 149 500 560 682 697 694 877 0 680 431 586 544 568 747 797 307 129 231
446 609 891 778 708 239 295 444 58 637 874 594 639 727 355 351 487 396 469 613 468 935 315 587 513 676 117 638 104 789 606 443 445 516 517 955 640 989 726 807 769 442 985 519 356 955 804 979 570 322 787 484 276 682 926 261 746 919 488 867 380 385 548 546 695 251 185 885 403 668 437 563 463 850 312 1022 257 285 751 505 702 698 368 837 925 427 533 305 618 312 280 392 964 680 0 1073 239 155 830 490 438 610 729 805
729 832 792 304 382 902 922 679 1029 509 349 541 442 822 854 808 761 771 904 804 609 754 903 502 580 951 964 591 970 875 702 957 1121 588 612 221 531 835 347 296 438 899 291 701 1067 747 283 196 843 917 331 590 1016 812 420 1052 327 542 693 510 870 848 539 821 553 853 1113 195 877 746 657 555 654 251 805 146 926 832 341 578 676 486 860 251 305 955 572 826 709 984 1011 964 862 431 1073 0 921 923 558 978 1059 709 478 273
456 371 652 617 594 323 64 413 181 572 792 533 479 488 426 388 250 170 570 373 321 696 413 489 433 449 218 615 186 553 370 566 299 334 470 845 432 750 583 633 562 541 786 527 206 716 639 864 644 90 606 369 118 443 711 142 601 691 265 643 463 145 452 307 664 284 192 726 166 428 265 495 421 729 116 846 366 316 582 411 465 491 129 710 727 210 460 95 381 118 116 180 725 586 239 921 0 134 601 277 262 632 673 648
