181
0 975 684 1131 1202 441 293 607 1007 799 863 752 422 529 785 795 917 970 45 502 545 956 830 899 443 897 677 887 345 640 570 613 1190 526 816 740 827 704 342 891 720 913 772 786 843 404 679 631 213 1037 594 563 417 1075 1136 860 182 924 518 1115 957 541 384 775 486 861 838 508 854 393 825 919 1177 1161 577 733 609 888 1093 592 869 299 618 1132 762 878 955 318 804 781 776 291 884 430 805 460 952 888 741 1056 670 341 651 1178 785 947 772 832 518 951 263 1095 1033 735 754 989 730 92 733 861 984 991 413 863 566 876 891 913 586 539 766 954 419 1229 822 652 522 506 236 901 271 1092 593 439 482 945 74 336 813 827 210 920 754 869 349 890 631 699 1008 237 876 325 677 264 861 94 1171 776 816 765 30 874 1140 741 270 374 695 886 607 994 570
975 0 315 444 612 628 956 369 594 176 765 844 552 801 955 1033 69 17 1002 496 662 1008 217 222 536 91 406 802 630 355 459 403 716 504 352 313 795 851 696 673 267 354 233 402 923 598 749 530 890 787 380 451 804 304 440 388 876 302 508 527 576 433 616 984 500 113 944 607 236 815 165 79 640 610 948 308 367 93 609 568 568 780 801 719 1081 994 147 805 170 755 555 686 928 999 665 586 305 307 769 566 880 939 556 648 855 170 474 148 502 958 714 510 753 997 220 280 261 955 253 292 343 294 587 1056 418 996 91 1074 864 923 860 470 568 605 1031 686 964 469 866 308 753 562 384 629 520 30 900 707 302 723 771 101 313 701 951 779 392 977 518 762 642 675 700 716 147 932 722 757 163 349 961 1006 661 435 718 608 366 820 1027 627 513
684 315 0 497 620 313 641 106 495 169 556 589 273 500 695 767 279 317 717 186 362 786 288 221 279 226 129 595 342 44 298 87 671 188 201 87 569 583 383 493 177 287 88 214 682 289 481 247 578 643 126 276 491 406 498 263 567 438 321 522 455 169 375 719 198 213 699 297 178 501 222 288 620 595 650 271 147 222 554 274 400 465 516 643 803 753 270 490 158 519 340 393 698 686 449 270 299 241 518 507 602 623 283 625 608 263 266 208 187 744 436 501 617 723 118 324 55 653 177 382 342 330 278 802 119 754 253 829 571 621 607 384 266 634 771 413 659 207 553 426 443 526 110 313 304 289 612 394 164 507 475 303 104 506 636 577 262 697 448 458 461 424 434 420 180 630 664 519 154 351 675 762 611 210 451 310 95 609 729 510 206
1131 444 497 0 169 695 992 602 255 514 517 658 759 741 756 837 494 462 1170 643 633 734 630 291 773 419 457 541 815 533 782 537 290 607 317 415 568 691 792 411 604 219 436 345 692 730 611 510 972 443 622 763 804 140 9 271 977 744 814 106 276 666 870 793 669 479 718 634 326 825 550 509 208 179 851 688 637 434 212 554 339 855 691 318 908 755 311 859 491 556 404 856 677 972 461 671 197 256 592 191 737 954 503 216 651 295 371 520 617 679 911 102 406 827 513 185 479 1077 594 723 155 174 723 832 605 758 497 830 765 845 667 202 726 160 823 578 894 702 943 747 863 161 607 696 801 454 1065 799 335 498 925 537 398 452 962 516 730 822 184 894 394 915 573 876 398 1058 305 561 464 754 1129 769 247 391 934 773 447 560 919 296 561
1202 612 620 169 0 761 1026 726 212 666 468 624 863 755 707 784 659 629 1244 739 671 648 789 439 886 579 552 482 909 651 916 643 136 695 423 534 524 667 860 374 750 333 574 432 633 814 606 570 1023 342 747 895 836 310 175 364 1035 909 942 98 258 784 981 745 770 638 658 694 466 860 706 674 57 48 842 839 767 594 126 609 344 911 689 188 860 686 474 907 642 528 432 943 609 983 448 745 338 383 571 149 716 982 552 65 610 456 431 677 708 594 1004 119 311 786 658 341 614 1138 741 885 292 328 810 765 717 689 659 753 761 843 628 251 819 40 765 591 892 818 995 911 931 110 728 762 923 620 1141 865 456 466 1004 702 516 414 988 458 870 789 193 967 370 1021 578 959 552 1121 158 534 615 909 1203 701 117 469 1032 864 553 499 901 243 638
441 628 313 695 761 0 330 293 570 473 471 414 217 234 496 548 590 630 482 149 141 637 565 492 268 538 253 503 200 275 413 225 755 124 387 336 451 383 98 471 438 480 397 350 519 99 309 190 281 628 296 391 185 653 700 424 282 704 391 674 519 266 326 507 169 525 526 71 449 191 520 597 737 721 376 504 331 535 654 153 433 163 292 702 560 578 564 179 467 398 339 205 550 377 389 44 527 462 370 616 378 310 213 738 444 550 331 513 128 613 275 654 617 492 421 567 367 382 445 640 553 567 106 601 229 577 563 641 317 340 433 513 139 788 562 255 368 259 254 686 169 651 277 1 344 602 381 104 395 426 247 609 344 457 323 498 432 458 567 206 450 331 284 211 488 363 738 394 467 572 442 581 703 303 313 156 282 509 451 560 135
293 956 641 992 1026 330 0 604 817 795 623 489 460 281 504 505 914 957 335 463 359 676 871 819 505 867 578 639 388 601 662 554 986 452 703 665 578 437 265 675 745 790 727 659 569 367 441 486 109 803 601 645 189 970 998 729 150 997 621 950 768 558 501 489 468 850 561 368 777 167 837 921 990 980 288 794 631 863 905 440 681 180 365 921 468 595 893 151 792 541 596 340 611 137 589 370 843 781 496 876 396 52 488 989 521 879 621 834 454 678 374 933 806 446 744 886 695 201 755 932 863 884 379 574 544 593 888 624 315 254 500 795 406 1059 532 436 230 536 113 977 228 916 588 329 573 929 292 253 719 596 280 930 672 644 56 647 704 411 838 249 667 463 454 313 818 205 964 535 794 850 317 590 944 610 409 381 610 634 313 794 459
607 369 106 602 726 293 604 0 594 196 626 636 185 512 737 803 316 366 636 144 382 845 271 322 180 290 205 665 262 78 198 116 773 179 304 191 631 622 339 575 144 393 177 310 735 237 525 296 528 730 20 175 479 507 603 366 510 412 216 628 551 69 273 757 136 256 749 303 280 484 233 320 724 699 660 218 52 281 656 309 489 424 545 741 830 804 358 455 198 579 419 317 756 669 521 249 404 347 570 609 633 595 336 729 659 355 353 232 169 807 349 606 706 753 148 427 131 586 152 349 447 434 225 845 64 804 289 877 590 627 655 487 202 740 811 457 659 107 506 395 389 631 16 294 198 339 533 350 270 576 402 327 209 583 608 650 175 724 551 394 545 326 482 346 257 563 765 577 208 293 594 811 713 296 359 240 184 677 738 605 229
1007 594 495 255 212 570 817 594 0 590 267 418 702 544 508 588 621 610 1050 574 467 479 725 379 732 533 396 288 736 516 792 492 187 523 298 410 321 457 667 165 655 245 477 283 440 635 394 382 820 199 614 769 628 345 264 237 836 863 809 163 50 642 825 545 608 581 466 500 387 652 640 637 173 165 630 750 642 545 88 416 138 712 477 147 661 501 447 704 566 319 231 763 423 771 236 561 289 298 360 69 506 772 357 172 406 424 254 612 538 424 828 156 163 583 565 320 507 939 648 825 255 307 633 578 570 504 612 575 549 631 424 125 647 249 572 381 680 671 792 860 737 111 592 571 781 592 951 672 347 257 817 664 394 206 778 263 757 583 81 777 158 857 366 776 489 923 174 324 541 827 1011 515 133 304 860 689 410 307 691 41 458
799 176 169 514 666 473 795 196 590 0 701 750 376 670 859 932 120 171 826 332 531 938 136 226 359 114 289 740 455 199 295 253 744 350 299 209 720 748 532 624 99 349 120 335 840 431 646 412 723 763 205 283 656 390 512 354 706 284 340 571 558 257 441 884 331 62 858 465 205 664 56 125 680 652 819 174 190 100 629 442 523 616 684 731 971 911 214 645 24 674 482 512 852 850 595 430 328 295 677 582 769 782 446 687 767 222 401 39 345 893 537 550 732 890 52 328 117 782 86 237 374 340 419 964 251 913 93 989 740 790 768 466 398 669 935 578 827 293 700 276 584 591 211 474 347 146 725 543 246 654 596 135 219 644 795 720 231 865 526 590 593 500 597 541 116 758 744 674 50 242 784 921 686 350 541 436 249 756 898 613 375
863 765 556 517 468 471 623 626 267 701 0 159 664 343 241 321 770 777 909 544 333 243 835 544 708 685 427 39 669 555 814 510 387 487 414 492 55 206 553 106 734 424 580 368 175 562 184 335 656 180 642 790 449 580 526 378 682 985 813 430 240 649 785 278 580 715 201 403 530 474 757 785 418 420 387 827 678 693 342 341 202 567 257 316 394 242 628 545 681 82 218 676 167 547 107 483 486 460 126 336 256 573 295 413 141 605 299 734 503 193 746 422 187 317 661 529 591 782 732 934 470 518 565 316 578 244 754 320 318 398 160 335 591 507 306 218 445 666 630 976 612 377 618 472 774 753 821 553 467 49 705 809 482 67 575 27 801 321 333 658 130 799 190 679 630 771 360 88 661 907 874 255 360 351 784 622 461 55 438 228 416
752 844 589 658 624 414 489 636 418 750 159 0 628 223 110 190 837 854 797 525 275 223 877 632 677 757 461 159 613 576 805 523 546 470 494 544 103 52 475 252 762 530 634 442 104 513 111 343 539 331 648 781 335 703 667 475 570 1027 794 579 384 642 740 142 557 777 114 359 609 358 806 850 576 576 231 850 686 762 498 327 323 468 134 475 251 168 720 438 733 102 294 608 138 398 199 440 594 556 75 487 100 437 305 571 33 697 371 787 485 204 676 569 344 168 703 640 633 665 764 971 588 632 519 214 578 168 817 241 173 247 19 464 550 663 187 179 291 650 516 1015 524 529 624 415 749 828 719 472 541 160 619 872 538 211 436 176 806 165 475 570 265 743 154 604 700 657 519 97 718 928 766 175 519 409 717 571 500 150 278 382 407
422 552 273 759 863 217 460 185 702 376 664 628 0 450 714 765 495 548 451 127 352 850 421 495 51 475 311 699 80 231 207 222 888 182 444 345 653 600 207 641 302 540 357 431 732 120 519 336 368 801 171 187 381 678 761 499 343 539 176 767 654 118 124 725 94 438 741 269 451 376 405 498 852 831 586 336 188 466 776 323 576 283 510 846 775 793 540 323 381 598 490 137 762 550 569 187 565 503 577 732 596 463 374 856 656 535 447 410 166 822 164 746 784 709 332 594 313 408 314 473 604 600 111 819 155 793 468 858 533 547 647 613 78 883 780 458 568 84 351 518 231 760 172 217 127 522 348 217 424 615 222 500 361 637 477 690 244 675 676 224 615 157 487 168 442 385 876 596 393 390 409 797 831 399 178 79 313 707 656 703 253
529 801 500 741 755 234 281 512 544 670 343 223 450 0 277 317 776 807 574 375 139 437 778 621 501 710 395 361 417 473 648 417 707 332 488 489 301 177 267 395 653 559 571 437 320 329 160 274 317 522 518 625 111 744 748 497 347 923 625 687 497 496 549 280 400 711 319 209 586 135 721 787 716 709 149 729 556 710 632 233 413 247 89 641 325 366 705 215 658 260 337 401 358 231 311 272 619 564 217 606 154 232 257 714 257 686 382 709 343 426 466 671 525 259 618 665 554 443 659 861 629 661 338 376 448 365 752 419 83 121 239 539 372 790 335 164 164 493 293 907 305 647 497 234 577 779 495 262 519 315 400 803 490 363 236 368 663 225 574 351 390 541 177 392 654 434 684 255 651 801 543 366 668 390 508 381 435 359 228 518 294
785 955 695 756 707 496 504 737 508 859 241 110 714 277 0 82 947 965 830 619 364 172 984 743 764 868 569 225 690 680 900 627 615 566 605 653 187 115 544 345 867 638 744 553 82 595 214 449 573 387 749 876 383 809 765 584 609 1134 884 671 479 739 821 37 650 886 63 449 720 403 914 960 655 659 218 954 787 873 583 428 427 521 203 543 153 92 830 486 842 207 404 678 122 390 305 527 703 666 186 577 122 451 412 650 105 808 482 896 581 182 744 663 408 84 811 748 741 695 870 1076 694 739 603 107 678 90 927 144 202 249 95 566 635 747 76 282 280 743 553 1121 582 618 725 497 838 938 762 539 652 258 677 982 648 304 448 248 904 104 572 628 363 817 261 670 811 691 587 203 828 1031 804 89 596 519 785 651 609 209 233 469 507
795 1033 767 837 784 548 505 803 588 932 321 190 765 317 82 0 1024 1042 839 679 423 198 1055 823 817 945 642 302 735 750 958 695 687 628 685 729 269 184 584 426 936 720 819 632 152 645 286 520 586 457 813 934 412 891 846 666 625 1205 939 751 560 799 867 48 708 962 126 507 799 429 987 1036 731 737 218 1020 851 950 661 496 509 551 259 616 79 119 910 512 916 289 484 717 182 379 387 582 784 746 266 657 171 455 485 726 188 888 562 970 642 227 780 744 481 61 884 830 814 703 939 1146 776 821 653 68 742 115 1003 119 235 257 176 648 687 824 30 354 275 801 570 1191 614 698 790 548 892 1016 779 578 731 340 707 1057 724 385 449 327 966 97 653 659 445 857 335 706 888 702 659 285 903 1097 816 106 672 597 822 698 683 285 204 549 573
917 69 279 494 659 590 914 316 621 120 770 837 495 776 947 1024 0 57 943 451 637 1012 148 242 475 88 385 809 575 314 392 366 755 466 356 295 796 840 651 684 202 376 207 402 921 551 737 510 843 808 325 384 770 357 491 400 826 250 441 570 598 377 553 975 451 65 941 576 242 780 97 15 682 653 925 238 308 78 644 545 579 735 783 753 1068 993 185 763 122 753 555 631 929 965 667 546 336 325 763 600 865 900 540 690 851 204 473 85 462 964 655 551 775 985 170 319 224 902 188 230 378 333 540 1051 371 994 27 1072 844 898 854 496 518 655 1024 672 937 411 820 252 704 600 332 590 456 44 843 662 303 726 716 43 299 709 913 787 323 962 548 711 652 613 689 661 140 878 759 755 125 281 902 1003 699 429 657 556 344 826 1004 651 483
970 17 317 462 629 630 957 366 610 171 777 854 548 807 965 1042 57 0 997 496 668 1020 202 236 530 98 412 815 627 356 449 405 732 506 363 319 807 860 696 686 259 368 237 413 934 598 758 536 889 802 376 442 808 322 457 401 874 284 499 544 591 429 609 994 499 110 954 611 247 818 155 64 657 627 954 296 361 96 625 574 581 780 808 736 1090 1005 163 806 168 766 566 683 939 1002 676 588 321 321 779 583 888 941 564 665 866 185 484 140 503 971 709 527 767 1006 218 297 262 952 245 275 359 311 586 1066 417 1007 81 1085 871 929 870 486 566 622 1041 694 969 464 866 290 752 579 381 631 512 28 896 707 313 735 768 85 321 714 953 792 381 985 533 760 655 668 709 712 154 929 739 768 163 335 956 1016 678 445 712 606 372 832 1033 642 517
45 1002 717 1170 1244 482 335 636 1050 826 909 797 451 574 830 839 943 997 0 537 590 1001 850 933 467 926 714 932 375 673 586 648 1233 563 854 776 872 749 384 935 743 951 804 825 889 441 725 673 258 1082 622 581 463 1111 1174 899 227 939 533 1156 1000 569 401 820 519 888 883 551 889 439 849 944 1219 1203 620 752 635 917 1135 635 912 343 664 1176 804 922 987 363 832 827 819 323 929 471 849 500 989 925 786 1098 715 384 693 1220 830 980 813 858 555 997 288 1135 1078 779 783 1025 761 135 757 876 1022 1028 449 907 598 920 917 957 631 584 812 994 453 1270 865 697 565 532 281 915 313 1134 622 481 501 972 105 378 849 872 245 943 789 913 392 935 649 743 1050 277 920 341 722 298 891 139 1215 821 844 780 42 919 1183 781 289 407 731 931 649 1038 610
502 496 186 643 739 149 463 144 574 332 544 525 127 375 619 679 451 496 537 0 255 743 416 396 164 410 188 581 171 143 280 110 761 57 325 238 538 503 200 515 289 423 275 307 628 102 414 211 393 676 146 256 335 574 646 378 381 554 270 645 526 121 251 635 35 388 639 171 352 339 375 458 726 705 522 355 182 404 649 205 449 284 419 718 699 693 454 312 329 484 362 215 654 524 446 106 455 390 467 605 507 451 250 729 551 445 320 371 41 711 268 623 657 626 280 488 237 467 297 490 490 492 92 726 81 693 425 762 456 487 544 488 84 760 690 348 517 125 369 537 257 634 128 149 229 468 432 210 313 495 292 467 252 513 465 570 288 595 550 272 488 283 376 239 366 444 748 482 333 425 495 698 704 272 293 131 196 591 598 575 129
545 662 362 633 671 141 359 382 467 531 333 275 352 139 364 423 637 668 590 255 0 497 643 486 402 570 256 363 342 336 535 281 646 204 357 350 310 249 220 345 520 436 431 308 380 239 168 138 353 497 391 511 171 620 639 374 369 790 520 593 417 375 466 379 285 572 388 85 449 192 584 648 640 627 288 600 428 571 555 95 329 246 164 587 448 441 569 236 519 257 239 344 410 351 260 164 493 434 228 522 252 321 130 639 304 551 263 571 218 471 414 575 490 372 480 538 415 472 525 729 509 535 244 471 319 441 613 508 210 260 294 436 275 703 434 114 302 379 325 775 283 561 368 142 475 639 495 221 384 289 373 664 351 326 329 360 542 342 481 327 330 472 143 346 515 458 626 253 511 674 552 445 599 260 453 298 295 368 366 450 157
956 1008 786 734 648 637 676 845 479 938 243 223 850 437 172 198 1012 1020 1001 743 497 0 1071 787 898 927 656 206 837 779 1022 729 533 687 657 729 218 260 697 342 963 665 819 610 118 736 330 549 743 306 859 998 547 814 743 621 777 1221 1014 636 466 858 964 192 776 956 118 581 773 568 994 1026 591 603 390 1055 897 935 534 540 444 684 353 465 273 82 871 651 919 267 457 831 89 561 345 662 727 703 276 543 286 624 509 584 193 848 539 972 702 54 898 633 337 242 896 769 825 866 963 1168 707 757 742 143 791 86 995 111 370 421 204 569 773 688 168 394 452 868 722 1211 742 579 835 638 970 996 930 694 709 286 838 1050 720 308 620 231 1018 271 555 789 370 966 367 825 872 861 505 268 901 1134 973 92 531 588 939 794 693 188 396 437 621
830 217 288 630 789 565 871 271 725 136 835 877 421 778 984 1055 148 202 850 416 643 1071 0 353 389 211 416 874 501 307 271 363 875 448 435 342 852 871 606 760 127 482 256 471 970 504 770 535 787 899 271 270 751 497 627 490 764 150 324 696 694 312 450 1007 404 151 987 570 338 756 84 138 807 778 928 103 240 195 760 560 660 690 802 864 1089 1040 319 724 159 804 616 558 984 941 728 521 454 428 806 714 888 865 571 814 895 334 536 113 439 1026 567 676 868 1010 174 448 245 828 120 101 500 460 492 1091 336 1042 136 1117 853 896 895 600 464 789 1060 701 930 338 767 140 648 720 287 565 350 193 756 618 382 788 641 119 354 780 878 855 203 983 658 645 729 510 723 589 239 804 876 805 183 132 811 1049 816 484 561 493 378 890 1006 749 486
899 222 221 291 439 492 819 322 379 226 544 632 495 621 743 823 242 236 933 396 486 787 353 0 500 154 240 581 561 264 492 286 521 378 139 159 577 645 578 450 313 134 147 192 705 495 544 347 772 567 341 474 646 185 291 165 767 485 526 344 357 389 595 774 415 204 727 451 44 662 269 257 454 425 761 399 351 166 407 391 345 655 605 513 877 777 87 671 202 540 339 610 708 837 446 456 101 85 557 361 678 792 365 461 641 66 261 240 383 737 656 324 533 792 221 107 192 859 302 452 147 117 486 841 339 779 233 856 674 741 648 254 480 444 819 486 786 427 745 484 645 366 330 493 517 215 828 588 101 503 688 284 148 479 803 557 438 775 308 667 420 645 496 635 113 838 523 542 175 469 891 789 463 233 673 526 210 599 838 409 359
443 536 279 773 886 268 505 180 732 359 708 677 51 501 764 817 475 530 467 164 402 898 389 500 0 464 337 744 117 240 157 243 917 222 463 358 699 650 257 680 276 558 357 455 781 172 568 376 409 840 162 140 432 685 775 521 381 498 124 789 685 111 96 776 129 422 790 317 458 427 382 476 878 855 638 298 168 454 803 367 611 331 560 878 827 843 538 372 367 644 526 171 810 599 610 237 577 517 624 758 647 510 415 881 705 535 479 390 206 869 180 767 822 760 319 603 311 439 289 433 618 609 163 869 168 843 449 908 585 599 696 638 129 903 831 505 619 72 394 477 276 784 170 268 75 505 369 267 438 659 253 476 375 678 524 734 201 727 702 263 653 146 534 202 436 415 906 642 382 346 427 847 859 428 182 128 332 753 708 736 293
897 91 226 419 579 538 867 290 533 114 685 757 475 710 868 945 88 98 926 410 570 927 211 154 464 0 315 723 552 267 409 313 671 414 270 221 712 763 609 597 214 288 141 318 838 513 660 438 804 720 303 396 713 287 416 312 791 333 453 488 510 357 550 896 417 61 859 516 155 724 133 103 600 571 857 279 296 15 559 476 492 692 710 667 992 910 108 716 98 671 471 607 845 908 583 497 250 237 682 514 790 849 466 607 769 123 389 105 413 878 639 469 687 908 144 238 172 873 200 305 294 251 502 970 334 912 80 989 773 831 774 408 485 578 944 596 872 394 779 333 667 516 304 539 458 70 823 620 218 641 691 130 223 623 861 700 345 887 461 679 565 608 611 635 56 850 674 672 81 338 884 921 614 348 646 527 275 740 935 562 422
677 406 129 457 552 253 578 205 396 289 427 461 311 395 569 642 385 412 714 188 256 656 416 240 337 315 0 466 359 129 403 96 580 151 139 93 439 458 344 369 307 237 178 119 553 273 356 124 535 525 224 378 408 401 460 189 533 567 414 457 351 246 431 594 218 321 570 211 199 423 345 397 541 519 541 400 257 316 466 161 284 417 398 543 683 624 317 431 273 389 214 398 568 600 320 221 276 211 389 421 481 552 157 544 479 301 147 327 160 614 455 435 501 601 242 315 172 629 307 512 307 316 266 675 173 625 363 701 459 516 479 302 270 572 645 288 558 274 507 555 413 448 200 254 384 384 609 353 142 378 469 416 96 379 563 449 379 577 365 440 339 469 308 419 259 608 570 389 261 480 673 633 522 92 481 316 40 480 620 404 119
887 802 595 541 482 503 639 665 288 740 39 159 699 361 225 302 809 815 932 581 363 206 874 581 744 723 466 0 702 594 852 548 391 523 452 531 60 210 582 136 773 459 619 407 152 596 207 373 677 171 681 828 470 611 550 415 705 1024 850 451 266 687 820 263 616 754 178 436 568 495 796 823 429 434 391 866 717 731 358 377 237 592 273 320 378 213 665 569 720 107 257 708 136 556 146 517 520 497 145 357 259 588 333 424 135 641 338 773 539 155 777 444 186 306 700 563 630 803 771 973 502 552 599 290 616 216 792 289 328 406 156 366 626 522 284 248 451 703 652 1015 640 396 656 504 811 791 846 582 505 88 733 848 521 101 589 25 840 314 359 686 163 833 220 709 668 794 364 111 700 946 899 227 370 390 816 656 500 19 435 248 453
345 630 342 815 909 200 388 262 736 455 669 613 80 417 690 735 575 627 375 171 342 837 501 561 117 552 359 702 0 299 273 279 923 214 497 407 651 580 154 658 382 595 429 477 718 106 510 358 292 818 250 257 334 743 818 549 265 615 233 815 687 198 131 697 147 517 724 265 517 325 485 578 894 874 543 413 268 543 814 335 605 219 487 876 737 775 612 261 460 597 514 56 750 489 581 186 625 562 570 772 569 397 391 896 644 606 483 490 201 813 96 794 804 676 410 658 386 328 395 550 662 662 105 792 223 774 548 834 500 503 632 657 89 931 752 454 518 164 277 594 160 803 248 199 184 601 271 163 484 622 141 580 422 649 411 696 318 641 718 146 635 130 483 87 516 304 909 594 471 463 333 777 868 440 123 47 368 708 609 733 278
640 355 44 533 651 275 601 78 516 199 555 576 231 473 680 750 314 356 673 143 336 779 307 264 240 267 129 594 299 0 276 55 695 151 228 118 563 566 341 499 186 320 132 232 673 246 467 232 536 654 98 253 457 447 535 289 524 455 293 553 473 133 336 702 154 249 688 266 220 465 249 322 648 623 623 275 128 262 578 253 411 424 495 663 782 742 314 450 192 512 344 349 691 651 449 232 337 277 507 532 582 585 271 652 597 307 275 239 147 739 393 532 629 703 147 364 94 609 189 396 378 370 235 788 75 743 288 817 546 592 594 410 222 666 755 398 628 169 511 441 400 554 77 276 271 328 568 352 198 506 431 335 135 509 598 578 249 676 474 415 469 384 421 376 223 586 687 511 192 354 631 750 636 219 409 266 105 607 701 527 179
570 459 298 782 916 413 662 198 792 295 814 805 207 648 900 958 392 449 586 280 535 1022 271 492 157 409 403 852 273 276 0 309 969 335 499 385 814 784 414 770 195 583 346 509 908 323 694 479 564 927 178 24 586 673 782 561 534 354 53 818 750 165 185 915 250 354 920 450 456 583 294 388 918 893 788 168 150 395 852 482 687 489 698 940 973 974 504 529 312 760 613 324 933 757 711 376 585 534 746 805 786 668 519 923 831 508 550 313 320 988 314 797 904 903 275 600 303 580 209 290 630 609 312 1007 236 974 368 1043 730 751 825 683 278 927 970 628 774 156 550 331 433 825 202 413 91 430 497 424 460 765 400 379 403 775 682 839 68 871 747 417 740 245 655 354 400 557 963 758 335 196 549 979 910 495 300 286 382 863 861 804 402
613 403 87 537 643 225 554 116 492 253 510 523 222 417 627 695 366 405 648 110 281 729 363 286 243 313 96 548 279 55 309 0 676 101 221 128 515 512 299 460 241 318 172 212 621 210 413 180 494 618 133 284 404 464 539 278 486 511 318 546 447 150 338 648 133 301 636 211 241 413 304 375 634 612 567 327 168 309 561 198 379 380 439 639 727 690 347 403 245 462 304 325 640 598 404 183 346 282 456 515 526 536 220 638 545 336 243 293 101 691 376 524 595 648 201 378 142 575 245 451 383 382 201 734 77 691 341 764 491 537 542 395 194 661 701 344 573 178 469 496 362 541 108 226 288 377 542 309 204 460 402 389 142 467 548 533 291 620 458 381 431 379 368 349 264 553 666 462 242 405 605 698 617 189 397 241 90 561 645 500 123
1190 716 671 290 136 755 986 773 187 744 387 546 888 707 615 687 755 732 1233 761 646 533 875 521 917 671 580 391 923 695 969 676 0 710 470 584 442 593 852 312 819 396 640 464 535 822 550 569 998 231 793 947 801 424 298 408 1016 1004 989 190 237 824 1011 652 794 725 560 684 539 825 790 771 83 111 773 912 818 685 117 601 322 893 632 71 766 581 571 882 720 459 416 950 506 927 397 747 420 450 504 164 643 940 542 74 525 551 441 761 725 482 1016 206 206 697 728 436 675 1119 811 974 376 422 820 660 753 584 751 642 700 781 546 286 834 171 665 551 829 854 970 1004 921 154 772 756 963 720 1135 856 513 398 1002 799 567 346 944 371 930 705 222 961 319 1044 532 963 635 1104 28 465 694 986 1195 596 59 489 1047 876 590 406 825 195 645
526 504 188 607 695 124 452 179 523 350 487 470 182 332 566 628 466 506 563 57 204 687 448 378 222 414 151 523 214 151 335 101 710 0 290 219 481 450 200 458 321 388 274 265 573 122 359 154 395 619 186 311 306 550 611 338 389 591 328 602 474 172 306 583 93 400 584 123 335 314 398 473 680 660 481 396 224 411 600 147 395 279 369 665 652 638 445 301 343 426 307 249 598 499 388 82 426 361 410 558 457 435 193 682 496 433 269 390 16 654 309 581 601 577 297 463 243 481 328 528 458 465 116 674 115 638 439 708 411 448 489 443 124 718 638 292 482 181 369 574 266 589 164 125 287 478 458 210 287 437 318 486 231 456 447 512 338 547 504 290 432 333 320 268 366 460 697 424 342 470 522 644 654 226 337 168 170 533 558 523 71
816 352 201 317 423 387 703 304 298 299 414 494 444 488 605 685 356 363 854 325 357 657 435 139 463 270 139 452 497 228 499 221 470 290 0 114 443 506 481 329 356 97 181 53 570 413 405 219 668 464 325 477 523 267 321 62 669 581 521 326 262 361 559 636 353 303 591 335 116 541 352 370 420 395 624 452 349 278 353 265 225 550 467 444 737 642 226 560 276 403 202 538 575 709 313 358 140 77 419 306 539 672 231 424 504 204 122 326 300 608 593 304 433 653 269 183 208 767 351 536 167 181 406 704 294 644 340 721 537 606 510 183 408 440 681 348 652 395 640 574 551 326 306 388 500 339 749 489 53 371 609 395 96 353 682 430 460 636 247 579 297 601 357 559 216 746 464 405 253 530 812 653 410 98 617 455 131 469 701 317 251
740 313 87 415 534 336 665 191 410 209 492 544 345 489 653 729 295 319 776 238 350 729 342 159 358 221 93 531 407 118 385 128 584 219 114 0 511 545 420 420 249 201 90 133 631 336 442 217 614 565 212 363 499 336 417 176 608 492 408 436 371 252 454 680 260 232 650 301 115 513 265 307 533 508 635 345 235 223 467 255 322 497 489 557 773 703 228 515 190 465 273 453 643 693 386 298 220 158 470 420 570 641 245 538 559 214 194 244 224 684 503 414 537 690 168 250 100 700 245 442 260 255 328 758 190 704 273 781 552 610 561 297 322 548 730 377 652 287 588 483 486 439 194 337 389 291 670 429 80 445 530 328 17 437 652 512 347 667 361 507 388 500 394 477 165 679 578 465 174 424 733 713 524 141 522 369 55 547 714 427 207
827 795 569 568 524 451 578 631 321 720 55 103 653 301 187 269 796 807 872 538 310 218 852 577 699 712 439 60 651 563 814 515 442 481 443 511 0 152 527 157 746 462 601 394 130 546 149 336 617 229 646 789 410 625 577 413 645 1003 809 483 291 648 772 225 573 739 154 386 559 434 777 810 473 476 334 838 683 719 398 333 244 534 212 371 340 200 662 509 701 54 241 654 132 496 130 468 525 495 86 390 202 527 295 469 85 639 323 755 497 176 724 475 240 262 678 570 607 743 746 950 513 560 550 270 579 202 779 280 268 346 104 381 578 563 256 196 392 662 592 993 583 431 621 452 768 782 788 526 494 74 677 834 502 116 528 73 805 265 384 629 176 782 167 655 657 734 416 57 683 918 839 213 416 370 763 606 475 59 382 283 412
704 851 583 691 667 383 437 622 457 748 206 52 600 177 115 184 840 860 749 503 249 260 871 645 650 763 458 210 580 566 784 512 593 450 506 545 152 0 437 292 753 550 635 453 142 482 102 336 490 381 633 760 289 728 700 493 523 1021 769 617 420 623 709 136 534 778 144 334 619 311 803 853 619 619 181 839 671 767 540 313 353 424 93 522 231 194 733 392 732 138 311 571 181 346 229 412 615 572 99 526 50 385 301 615 83 711 384 786 465 248 638 605 393 146 700 661 630 616 756 963 612 653 489 223 562 194 819 259 122 195 63 493 522 705 189 170 240 628 468 1008 482 568 609 384 724 834 672 434 550 200 577 873 541 252 385 225 789 132 510 528 301 708 151 565 706 609 567 133 719 916 719 197 564 416 679 539 499 202 234 423 392
342 696 383 792 860 98 265 339 667 532 553 475 207 267 544 584 651 696 384 200 220 697 606 578 257 609 344 582 154 341 414 299 852 200 481 420 527 437 0 562 480 576 471 446 578 102 379 289 195 716 336 394 179 746 796 520 189 736 381 772 617 294 286 548 203 588 582 167 535 171 573 657 835 819 388 532 366 604 752 251 529 84 344 797 583 631 645 118 529 475 436 134 613 343 478 123 620 555 442 714 421 259 310 836 507 634 429 570 197 679 200 752 707 524 480 659 436 285 490 670 648 660 114 643 280 630 624 687 348 348 493 611 143 887 602 334 364 275 170 716 71 750 323 97 331 668 283 11 485 510 153 666 430 545 273 580 447 489 666 109 543 273 362 128 563 266 834 471 533 593 344 632 801 401 242 128 369 585 454 657 230
891 673 493 411 374 471 675 575 165 624 106 252 641 395 345 426 684 686 935 515 345 342 760 450 680 597 369 136 658 499 770 460 312 458 329 420 157 292 562 0 668 324 504 289 282 552 238 304 692 160 593 745 490 475 419 285 712 908 775 327 134 607 765 382 551 632 307 399 441 515 679 699 328 326 468 763 626 606 247 323 104 592 320 246 497 348 532 577 603 154 156 675 272 616 86 473 385 365 197 234 342 627 268 325 242 509 227 655 474 289 743 318 146 418 588 427 521 815 665 861 366 415 553 423 535 351 669 425 390 472 258 229 574 412 412 241 520 629 665 901 628 276 568 472 740 663 841 564 382 92 715 724 407 41 631 111 748 418 226 671 31 786 220 682 544 802 289 160 581 843 898 362 275 282 779 611 398 155 526 130 387
720 267 177 604 750 438 745 144 655 99 734 762 302 653 867 936 202 259 743 289 520 963 127 313 276 214 307 773 382 186 195 241 819 321 356 249 746 753 480 668 0 423 179 382 858 378 654 419 663 815 144 184 623 486 603 417 642 270 241 653 619 188 350 889 277 158 874 444 284 628 106 201 760 732 803 95 115 200 702 440 572 564 681 800 968 928 312 597 118 696 517 439 875 813 626 394 412 370 693 655 768 738 457 766 783 319 441 119 312 921 456 632 787 889 92 419 149 710 14 209 459 430 366 975 208 929 177 1004 730 770 781 535 339 756 942 585 803 218 643 255 524 668 160 438 253 237 645 491 308 685 524 200 264 683 751 755 131 862 597 524 636 410 608 470 210 687 817 695 143 175 703 936 760 385 456 370 272 787 880 674 364
913 354 287 219 333 480 790 393 245 349 424 530 540 559 638 720 376 368 951 423 436 665 482 134 558 288 237 459 595 320 583 318 396 388 97 201 462 550 576 324 423 0 244 131 592 510 455 303 760 433 413 562 606 185 223 61 763 618 609 235 222 453 654 672 450 336 616 424 143 625 397 392 337 310 687 516 433 300 280 349 221 643 526 382 780 662 209 650 325 432 239 636 591 786 334 454 64 54 456 233 589 756 305 343 533 185 177 369 398 613 691 213 399 696 331 111 282 862 415 582 73 103 504 731 389 665 367 742 599 673 543 119 506 346 713 406 720 488 732 615 647 245 396 481 591 349 846 584 122 388 706 419 184 357 765 434 538 683 176 676 295 698 410 656 244 842 395 435 299 590 910 675 337 179 715 553 228 477 761 274 345
772 233 88 436 574 397 727 177 477 120 580 634 357 571 744 819 207 237 804 275 431 819 256 147 357 141 178 619 429 132 346 172 640 274 181 90 601 635 471 504 179 244 0 215 722 378 532 303 666 644 195 327 571 332 436 239 656 404 379 477 443 246 450 770 286 143 741 374 110 583 176 218 582 554 718 272 203 140 523 338 403 553 576 621 861 793 183 576 100 555 362 481 733 766 474 356 239 192 561 476 659 707 334 587 650 178 281 153 274 773 521 455 614 779 88 254 45 741 171 357 285 263 367 849 205 795 184 872 637 692 652 356 354 583 820 466 732 284 641 396 532 490 187 398 370 208 699 481 130 534 563 238 98 524 719 599 295 756 418 547 472 503 483 508 92 719 638 556 83 349 762 803 581 230 534 398 137 635 797 498 280
786 402 214 345 432 350 659 310 283 335 368 442 431 437 553 632 402 413 825 307 308 610 471 192 455 318 119 407 477 232 509 212 464 265 53 133 394 453 446 289 382 131 215 0 520 386 352 173 629 432 330 485 476 312 350 74 633 619 525 338 241 360 550 583 337 346 541 293 167 495 390 416 422 400 572 478 359 325 348 218 189 512 414 431 684 592 279 519 314 353 153 514 527 660 264 325 184 127 367 303 486 626 180 425 452 258 71 366 276 562 573 316 404 600 300 230 233 732 378 572 204 227 381 653 289 594 385 671 484 554 458 182 387 453 629 295 600 391 601 611 517 329 309 351 499 388 720 454 100 324 581 440 118 309 636 386 476 582 246 548 257 588 304 533 262 712 455 354 293 557 783 603 405 48 600 433 127 424 648 296 216
843 923 682 692 633 519 569 735 440 840 175 104 732 320 82 152 921 934 889 628 380 118 970 705 781 838 553 152 718 673 908 621 535 573 570 631 130 142 578 282 858 592 722 520 0 618 214 440 630 306 749 884 431 755 701 542 663 1120 898 603 416 744 845 118 661 862 25 463 687 453 896 935 579 585 290 948 786 845 510 428 374 567 235 464 230 71 792 535 822 167 367 712 42 464 259 544 656 625 165 509 174 517 401 574 77 769 449 876 588 108 779 596 329 167 795 700 725 754 859 1065 643 690 624 140 679 73 902 151 257 317 86 510 655 673 132 280 353 753 608 1109 624 549 724 520 854 908 814 575 620 204 720 958 624 242 515 177 907 185 508 671 304 847 254 707 782 749 508 166 805 1027 860 83 520 492 820 676 592 134 314 400 508
404 598 289 730 814 99 367 237 635 431 562 513 120 329 595 645 551 598 441 102 239 736 504 495 172 513 273 596 106 246 323 210 822 122 413 336 546 482 102 552 378 510 378 386 618 0 407 254 291 712 234 301 263 670 734 460 278 635 296 722 585 193 227 605 100 488 625 159 451 262 471 557 796 777 466 432 264 507 715 229 502 186 391 773 654 677 557 220 430 492 410 129 649 442 474 79 548 483 466 674 476 361 285 798 543 547 385 469 113 710 193 701 698 588 380 584 340 364 388 569 580 586 12 700 180 676 524 740 412 428 532 562 44 838 660 349 451 176 268 615 154 706 221 98 248 570 336 113 408 516 195 564 349 543 375 589 350 555 622 171 529 236 378 146 469 342 807 489 435 494 399 680 768 345 227 59 290 603 537 630 177
679 749 481 611 606 309 441 525 394 646 184 111 519 160 214 286 737 758 725 414 168 330 770 544 568 660 356 207 510 467 694 413 550 359 405 442 149 102 379 238 654 455 532 352 214 407 0 235 471 363 538 670 264 636 619 396 497 920 684 545 350 531 635 238 447 675 225 250 517 289 701 750 564 559 240 740 575 664 480 216 273 385 82 483 332 279 632 361 629 102 216 509 242 378 158 332 519 473 63 459 134 392 199 561 137 610 285 683 374 303 578 532 365 248 598 566 528 597 656 862 520 559 412 321 467 279 716 351 156 237 130 409 442 643 289 68 286 539 445 907 434 501 513 310 640 731 639 378 449 154 528 771 438 204 395 211 695 230 435 480 236 640 48 508 603 586 526 96 616 818 691 285 513 314 618 466 396 208 309 365 296
631 530 247 510 570 190 486 296 382 412 335 343 336 274 449 520 510 536 673 211 138 549 535 347 376 438 124 373 358 232 479 180 569 154 219 217 336 336 289 304 419 303 303 173 440 254 235 0 461 465 310 454 304 485 515 243 469 685 478 483 332 313 460 472 247 446 455 125 311 322 467 522 547 530 418 507 347 440 464 45 247 345 273 519 558 509 431 348 397 283 156 381 460 490 234 178 357 297 275 425 356 453 40 548 364 412 141 451 170 511 447 464 448 477 363 402 294 570 421 627 376 399 252 556 243 510 488 584 334 395 362 322 271 598 524 166 439 330 433 672 360 460 286 191 439 509 571 295 245 286 435 541 216 301 463 361 469 453 376 397 278 484 188 394 382 552 553 281 386 586 633 517 515 124 481 310 165 384 497 376 83
213 890 578 972 1023 281 109 528 820 723 656 539 368 317 573 586 843 889 258 393 353 743 787 772 409 804 535 677 292 536 564 494 998 395 668 614 617 490 195 692 663 760 666 629 630 291 471 461 0 833 522 549 207 935 977 702 42 907 520 942 770 475 397 564 391 780 625 337 729 182 760 848 993 980 368 704 548 798 908 418 682 118 407 937 559 665 840 116 722 573 591 240 670 240 605 315 808 744 532 874 456 142 472 993 572 828 602 760 393 738 267 923 831 526 672 849 631 126 674 841 833 849 303 653 472 663 816 702 373 329 553 782 325 1054 611 451 317 448 28 886 139 913 511 280 474 862 194 185 677 622 173 855 624 667 153 682 610 489 831 147 680 356 473 210 758 118 978 568 726 755 230 662 952 581 301 293 562 676 406 803 417
1037 787 643 443 342 628 803 730 199 763 180 331 801 522 387 457 808 802 1082 676 497 306 899 567 840 720 525 171 818 654 927 618 231 619 464 565 229 381 716 160 815 433 644 432 306 712 363 465 833 0 749 903 627 544 452 410 857 1043 934 339 210 766 926 423 711 762 330 557 567 652 816 823 285 298 562 911 782 731 234 483 243 739 437 160 536 349 641 720 740 262 315 833 275 726 238 632 484 482 306 252 431 753 428 278 306 617 378 789 635 252 902 340 36 470 731 518 666 958 811 1000 453 505 713 429 693 353 797 413 497 576 327 317 735 383 434 386 621 789 806 1038 780 282 725 629 900 782 991 718 517 210 870 850 551 171 755 156 903 482 280 824 187 947 360 839 671 946 203 267 716 990 1047 364 225 435 938 771 550 182 606 161 548
594 380 126 622 747 296 601 20 614 205 642 648 171 518 749 813 325 376 622 146 391 859 271 341 162 303 224 681 250 98 178 133 793 186 325 212 646 633 336 593 144 413 195 330 749 234 538 310 522 749 0 155 482 526 623 386 503 408 196 649 571 53 254 768 133 266 762 310 300 485 238 328 745 720 667 210 37 294 676 321 508 420 554 761 839 816 375 453 209 593 436 306 770 670 537 252 425 368 584 630 643 594 351 750 672 373 372 240 175 822 335 627 725 763 160 446 149 576 153 344 468 454 222 857 71 817 298 889 597 633 667 507 196 760 822 469 664 91 501 390 383 651 24 296 178 350 520 347 291 593 391 333 230 600 607 666 159 733 572 386 563 308 495 336 273 553 785 592 222 283 581 823 734 316 343 231 204 693 743 625 241
563 451 276 763 895 391 645 175 769 283 790 781 187 625 876 934 384 442 581 256 511 998 270 474 140 396 378 828 257 253 24 284 947 311 477 363 789 760 394 745 184 562 327 485 884 301 670 454 549 903 155 0 565 656 763 539 520 363 57 797 726 140 180 891 226 343 895 426 437 563 286 381 897 871 766 170 128 383 830 457 663 471 675 916 951 949 489 511 299 735 589 310 909 738 686 353 566 513 721 783 763 650 495 901 807 492 526 303 296 964 305 776 880 880 260 581 283 570 198 298 611 590 291 983 211 949 360 1019 707 729 800 660 257 907 946 604 753 132 534 340 416 803 178 391 81 421 490 405 439 740 388 374 381 750 664 814 68 848 725 402 716 240 631 340 385 547 940 733 321 207 543 955 887 471 293 267 359 839 839 780 377
417 804 491 804 836 185 189 479 628 656 449 335 381 111 383 412 770 808 463 335 171 547 751 646 432 713 408 470 334 457 586 404 801 306 523 499 410 289 179 490 623 606 571 476 431 263 264 304 207 627 482 565 0 789 810 545 235 889 557 761 579 449 465 381 352 705 429 197 607 24 704 779 802 791 209 689 516 711 716 258 492 139 201 737 405 473 725 103 649 367 406 308 470 194 404 229 661 601 325 687 261 150 301 801 369 709 434 696 312 537 368 744 627 352 603 706 546 332 631 825 679 703 274 475 415 472 745 521 180 169 350 606 308 869 433 249 187 438 181 871 202 727 463 185 508 779 383 171 545 417 295 792 504 463 159 475 612 315 649 246 481 448 270 294 661 323 779 361 646 755 431 472 757 428 410 304 444 469 276 607 292
1075 304 406 140 310 653 970 507 345 390 580 703 678 744 809 891 357 322 1111 574 620 814 497 185 685 287 401 611 743 447 673 464 424 550 267 336 625 728 746 475 486 185 332 312 755 670 636 485 935 544 526 656 789 0 135 246 935 605 709 233 348 575 780 844 596 348 779 603 227 807 420 372 344 314 870 563 535 302 330 531 382 817 709 441 955 822 178 828 368 602 419 789 747 970 504 622 127 190 631 296 769 938 490 352 703 167 362 391 557 760 838 220 507 871 397 86 377 1030 474 587 116 86 662 895 523 825 362 900 783 857 715 245 659 300 881 590 905 613 908 609 815 279 515 655 702 315 1006 754 262 552 865 399 322 513 948 585 615 861 263 840 450 831 592 813 275 1010 435 606 342 625 1069 836 375 361 857 705 380 630 944 385 517
1136 440 498 9 175 700 998 603 264 512 526 667 761 748 765 846 491 457 1174 646 639 743 627 291 775 416 460 550 818 535 782 539 298 611 321 417 577 700 796 419 603 223 436 350 701 734 619 515 977 452 623 763 810 135 0 276 982 740 814 115 285 667 872 801 672 477 727 640 326 831 547 505 215 186 859 686 638 431 221 560 347 860 698 327 916 764 308 864 489 565 411 859 686 979 470 675 198 258 601 200 745 960 509 224 660 293 377 518 621 688 914 111 416 835 512 184 480 1082 592 720 157 174 727 841 607 767 493 839 773 852 675 210 730 165 832 586 901 704 949 743 868 170 609 701 802 450 1069 804 337 507 929 533 400 461 968 525 729 831 193 898 402 917 581 880 396 1063 313 569 462 752 1133 778 255 396 937 776 450 569 927 305 566
