85
0 568 774 41 970 407 307 657 126 350 648 305 183 119 828 299 765 671 37 388 433 513 388 436 683 281 190 527 275 275 170 823 426 535 668 851 573 513 755 739 232 429 741 448 259 154 99 419 357 849 840 464 679 487 472 178 768 110 52 723 615 477 724 635 96 643 580 417 694 358 468 523 527 250 396 367 802 572 89 726 602 763 513 531 298
568 0 456 541 412 166 530 726 506 281 321 474 519 531 681 280 211 206 559 464 442 230 292 173 143 423 544 372 305 835 717 287 263 538 100 765 703 430 457 204 389 231 324 405 345 578 655 578 412 284 401 305 267 417 163 708 318 672 567 195 237 304 157 81 478 134 711 268 129 391 112 393 602 341 614 341 463 482 479 532 52 268 434 471 854
774 456 0 770 471 535 893 461 784 439 777 499 828 673 268 518 388 645 787 865 370 291 698 585 549 783 854 818 623 963 848 344 684 346 441 368 500 869 26 340 542 372 152 830 523 685 873 973 806 453 168 740 713 851 597 825 190 837 741 593 223 742 490 401 682 333 505 686 422 420 437 260 1025 662 541 407 33 928 705 149 412 262 873 293 969
41 541 770 0 947 378 268 678 84 338 608 318 143 141 837 279 741 635 18 346 440 501 349 402 651 239 153 486 242 312 212 802 387 548 641 865 597 471 752 717 228 416 729 406 248 186 115 380 315 823 828 424 641 445 438 220 754 149 86 689 602 437 695 610 88 622 604 378 668 360 444 524 487 214 421 363 797 530 67 730 577 745 471 538 337
970 412 471 947 0 578 934 915 917 640 596 805 931 914 736 672 205 448 965 855 718 501 692 580 358 832 956 719 716 1226 1105 159 656 759 313 838 932 784 493 234 764 564 343 781 724 952 1062 965 810 132 305 680 508 779 560 1092 297 1068 962 359 413 674 282 337 876 330 939 663 282 711 502 618 965 754 912 669 449 816 882 618 370 247 788 690 1242
407 166 535 378 578 0 378 692 339 190 327 374 354 385 713 144 374 284 395 332 389 250 163 64 277 268 380 301 139 679 563 446 154 505 266 782 648 342 528 360 259 192 434 296 216 438 491 443 274 450 525 214 316 321 99 558 442 514 411 320 316 220 317 242 322 273 657 153 295 313 100 385 490 175 526 267 551 405 319 569 208 409 345 450 699
307 530 893 268 934 378 0 912 186 465 444 539 124 398 1023 380 739 530 270 111 635 602 242 357 587 110 119 291 270 530 460 817 279 755 622 1069 838 249 882 733 411 521 809 198 402 450 308 113 129 802 902 274 507 229 374 476 820 393 354 608 686 284 654 611 315 650 847 272 655 545 477 687 220 231 669 525 914 292 282 894 579 787 247 726 558
657 726 461 678 915 692 912 0 739 504 1015 372 801 538 283 577 777 931 688 941 303 497 823 756 864 827 820 983 686 711 630 766 833 188 771 240 93 1010 436 727 504 509 572 950 525 507 735 1020 885 863 626 895 984 984 789 600 618 657 606 916 534 904 838 720 604 666 89 829 769 387 638 334 1109 709 263 427 492 1077 637 314 709 675 1012 255 705
126 506 784 84 917 339 186 739 0 345 536 369 63 213 877 271 713 576 91 262 480 503 281 351 603 157 81 407 200 384 292 780 321 595 606 913 661 389 769 694 256 417 728 324 262 264 165 299 233 790 825 351 576 363 384 303 748 227 169 637 599 363 654 580 135 601 669 312 635 394 420 551 404 164 488 387 809 446 101 760 546 731 388 576 410
350 281 439 338 640 190 465 504 345 0 517 194 389 275 561 85 440 459 356 461 201 162 321 254 422 361 415 479 201 587 466 485 329 321 366 616 458 510 424 405 125 79 391 454 91 312 449 558 402 531 489 391 500 485 289 452 417 435 330 473 264 400 433 321 254 310 467 325 384 123 169 223 630 235 341 77 464 576 271 428 293 417 512 274 602
648 321 777 608 596 327 444 1015 536 517 0 698 510 671 1000 463 454 151 622 336 714 538 259 264 253 386 525 156 395 920 819 539 224 826 351 1080 975 215 779 478 573 506 638 246 533 729 701 423 322 472 701 185 88 224 227 823 623 758 672 237 559 172 334 379 589 445 984 233 380 640 380 694 388 404 851 594 782 227 571 852 365 560 219 766 945
305 474 499 318 805 374 539 372 369 194 698 0 430 189 522 234 614 652 330 572 133 303 472 434 616 457 451 636 327 463 349 646 491 230 554 547 302 654 477 574 136 250 508 590 168 187 398 648 518 707 601 551 689 627 472 325 545 345 261 667 398 561 622 506 236 483 311 485 568 93 363 239 739 343 152 138 531 721 269 427 481 565 655 229 471
183 519 828 143 931 354 124 801 63 389 510 430 0 276 932 310 729 566 146 211 537 541 265 354 603 124 26 371 220 422 341 800 306 654 617 971 724 345 814 714 311 457 762 282 312 327 197 237 193 801 859 326 558 320 382 355 779 274 230 633 635 338 661 596 197 624 732 297 648 449 443 603 344 180 552 438 852 398 164 811 563 757 344 632 449
119 531 673 141 914 385 398 538 213 275 671 189 276 0 711 251 712 667 149 460 319 432 415 429 660 344 291 571 276 311 190 761 447 417 627 732 455 570 653 680 150 354 657 503 190 58 209 511 417 801 754 496 686 543 468 178 688 165 72 705 534 508 689 587 88 584 463 439 649 252 422 416 614 268 279 271 703 634 118 614 556 692 570 417 327
828 681 268 837 736 713 1023 283 877 561 1000 522 932 711 0 646 651 883 851 1021 397 467 870 774 795 921 955 1013 762 947 849 612 867 295 688 101 360 1055 251 602 621 523 417 1006 621 700 920 1119 962 721 431 928 947 1033 795 820 457 859 783 842 446 933 745 643 751 577 360 866 675 482 629 337 1189 795 484 497 287 1119 781 148 646 528 1058 300 946
299 280 518 279 672 144 380 577 271 85 463 234 310 251 646 0 468 428 297 376 277 232 245 201 411 275 336 407 115 557 437 524 258 399 376 700 523 432 505 440 115 147 456 373 71 299 393 473 317 553 554 320 459 407 240 428 477 396 290 458 328 329 438 339 204 344 532 253 400 190 172 309 545 149 387 155 542 499 212 514 307 466 434 357 575
765 211 388 741 205 374 739 777 713 440 454 614 729 712 651 468 0 304 760 668 541 315 499 383 201 634 754 551 512 1023 902 85 467 604 118 748 778 615 401 50 563 367 235 601 522 752 857 781 619 92 263 499 373 606 367 890 200 864 757 228 244 495 122 133 672 131 786 473 84 522 297 454 793 550 733 476 379 656 677 512 166 127 619 532 1039
671 206 645 635 448 284 530 931 576 459 151 652 566 667 883 428 304 0 651 433 640 437 301 238 103 447 587 275 397 947 836 388 259 742 207 969 903 341 650 331 544 426 501 349 500 721 741 536 401 321 557 256 69 340 199 834 481 781 684 88 437 247 183 243 596 311 911 268 234 579 297 599 521 420 800 529 647 368 586 735 237 415 345 676 969
37 559 787 18 965 395 270 688 91 356 622 330 146 149 851 297 760 651 0 353 454 519 363 419 668 248 153 497 259 298 201 821 402 561 659 877 605 480 769 736 244 434 747 415 266 190 96 382 324 842 846 437 656 454 454 211 772 137 88 706 620 450 713 628 104 640 612 393 686 376 463 540 490 231 429 380 814 538 85 745 595 764 480 552 323
388 464 865 346 855 332 111 941 262 461 336 572 211 460 1021 376 668 433 353 0 649 576 173 294 500 117 216 181 261 631 551 749 201 772 549 1077 875 138 857 668 437 503 766 89 416 516 407 113 60 722 854 177 403 118 301 564 771 485 429 515 648 186 573 546 371 593 884 196 583 559 432 684 169 232 714 530 883 187 341 885 516 730 137 733 659
433 442 370 440 718 389 635 303 480 201 714 133 537 319 397 277 541 640 454 649 0 228 521 454 585 540 560 680 390 593 481 558 530 122 505 434 262 709 347 496 225 213 398 651 234 320 528 737 591 634 486 593 688 684 487 456 439 478 391 637 305 601 574 453 354 414 271 526 511 90 343 112 819 417 194 123 403 776 384 295 435 471 711 98 599
513 230 291 501 501 250 602 497 503 162 538 303 541 432 467 232 315 437 519 576 228 0 412 307 367 492 568 547 332 741 621 342 404 310 278 543 479 592 281 271 284 85 228 547 253 461 612 683 516 408 326 463 494 571 328 604 256 595 490 419 102 467 347 227 417 186 488 404 283 209 162 163 738 371 418 168 312 654 434 321 212 264 595 241 754
388 292 698 349 692 163 242 823 281 321 259 472 265 415 870 245 499 301 363 173 521 412 0 120 346 147 286 164 146 662 559 579 41 643 381 934 768 188 691 496 337 347 593 135 304 473 447 286 120 559 681 81 295 164 132 563 597 499 413 371 478 93 412 374 331 419 777 32 414 435 261 536 326 146 623 397 714 255 312 729 343 557 190 595 686
436 173 585 402 580 64 357 756 351 254 264 434 354 429 774 201 383 238 419 294 454 307 120 0 251 252 378 239 160 711 598 460 99 570 266 844 712 285 580 377 314 255 474 246 272 484 511 407 240 449 560 155 260 266 39 596 477 545 447 287 363 160 306 254 357 299 721 101 299 377 148 448 442 188 587 332 599 346 349 628 223 436 288 514 733
683 143 549 651 358 277 587 864 603 422 253 616 603 660 795 411 201 103 668 500 585 367 346 251 0 492 626 361 409 956 840 285 307 677 108 884 844 426 556 227 524 374 401 423 480 710 762 609 459 227 454 323 173 421 220 834 379 791 689 52 350 316 81 151 599 217 853 315 131 535 253 529 607 439 758 484 549 462 595 647 155 312 430 608 976
281 423 783 239 832 268 110 827 157 361 386 457 124 344 921 275 634 447 248 117 540 492 147 252 492 0 141 250 161 540 450 710 187 662 518 972 759 232 773 625 322 413 698 166 306 401 318 198 76 700 791 202 435 206 273 459 709 385 318 518 575 214 555 504 255 541 768 179 551 450 366 584 282 126 597 425 804 292 226 789 472 678 232 628 566
190 544 854 153 956 380 119 820 81 415 525 451 26 291 955 336 754 587 153 216 560 568 286 378 626 141 0 383 246 415 340 825 327 676 642 993 742 353 839 740 334 483 788 293 337 339 191 229 205 826 885 343 576 329 406 357 805 274 239 655 661 355 685 622 216 650 750 318 673 473 469 627 338 206 568 462 878 403 182 836 588 783 352 655 443
527 372 818 486 719 301 291 983 407 479 156 636 371 571 1013 407 551 275 497 181 680 547 164 239 361 250 383 0 310 790 698 636 150 801 435 1083 931 65 815 563 502 493 696 92 468 630 567 268 177 588 773 87 232 68 221 706 690 634 559 363 595 80 441 447 484 507 940 154 468 597 386 686 246 305 788 557 829 110 461 868 423 637 69 749 817
275 305 623 242 716 139 270 686 200 201 395 327 220 276 762 115 512 397 259 261 390 332 146 160 409 161 246 310 0 550 438 580 172 512 405 816 626 326 611 495 191 251 545 264 161 333 353 358 202 589 640 228 411 300 198 437 560 384 287 448 419 239 455 379 198 403 635 165 434 301 222 424 430 40 477 269 644 393 188 628 346 536 328 472 572
275 835 963 312 1226 679 530 711 384 587 920 463 422 311 947 557 1023 947 298 631 593 741 662 711 956 540 415 790 550 0 121 1073 700 658 933 941 618 767 940 992 462 666 963 704 501 282 224 628 614 1110 1059 735 954 742 748 138 996 165 268 997 843 747 992 896 357 895 623 691 957 548 729 703 739 526 463 576 995 819 362 880 864 1003 766 682 28
170 717 848 212 1105 563 460 630 292 466 819 349 341 190 849 437 902 836 201 551 481 621 559 598 840 450 340 698 438 121 0 952 596 555 814 851 538 681 826 871 341 545 843 616 380 163 158 567 525 990 940 635 847 655 636 30 876 66 151 882 723 648 874 776 241 774 544 587 837 430 610 588 677 418 371 456 879 738 250 772 744 882 681 573 137
823 287 344 802 159 446 817 766 780 485 539 646 800 761 612 524 85 388 821 749 558 342 579 460 285 710 825 636 580 1073 952 0 548 604 202 712 778 700 361 85 610 408 198 684 572 797 917 862 699 111 197 582 457 690 448 937 155 918 811 310 253 579 205 206 728 180 785 553 168 552 360 460 877 620 752 510 329 742 737 481 238 91 703 533 1088
426 263 684 387 656 154 279 833 321 329 224 491 306 447 867 258 467 259 402 201 530 404 41 99 307 187 327 150 172 700 596 548 0 650 348 935 782 188 679 466 359 345 573 146 322 505 487 314 153 523 658 62 254 167 100 599 575 537 448 331 463 71 375 344 364 394 791 9 382 447 247 537 343 179 643 406 699 251 347 724 315 531 191 599 724
535 538 346 548 759 505 755 188 595 321 826 230 654 417 295 399 604 742 561 772 122 310 643 570 677 662 676 801 512 658 555 604 650 0 587 317 174 831 320 554 344 320 420 773 356 404 626 859 714 693 492 713 795 806 601 527 465 564 489 729 359 721 655 536 465 486 182 647 588 212 449 150 942 539 203 245 380 898 496 228 523 513 833 71 659
668 100 441 641 313 266 622 771 606 366 351 554 617 627 688 376 118 207 659 549 505 278 381 266 108 518 642 435 405 933 814 202 348 587 0 779 758 498 448 128 482 304 293 482 438 672 755 662 501 184 350 380 276 488 249 805 273 771 665 154 246 377 69 51 577 111 766 354 33 467 204 437 675 441 687 417 441 542 579 542 72 209 502 517 951
851 765 368 865 838 782 1069 240 913 616 1080 547 971 732 101 700 748 969 877 1077 434 543 934 844 884 972 993 1083 816 941 851 712 935 317 779 0 329 1121 350 699 660 590 515 1068 667 712 938 1170 1018 820 533 996 1032 1098 868 822 557 870 803 933 534 1002 838 732 782 668 327 933 767 524 704 397 1246 847 480 547 388 1186 814 238 732 627 1124 344 937
573 703 500 597 932 648 838 93 661 458 975 302 724 455 360 523 778 903 605 875 262 479 768 712 844 759 742 931 626 618 538 778 782 174 758 329 0 953 473 729 438 476 591 891 465 421 647 949 821 868 657 844 951 927 747 508 637 567 521 896 533 853 826 706 526 659 9 777 761 335 606 324 1042 645 176 381 532 1020 560 361 691 686 955 246 612
513 430 869 471 784 342 249 1010 389 510 215 654 345 570 1055 432 615 341 480 138 709 592 188 285 426 232 353 65 326 767 681 700 188 831 498 1121 953 0 865 625 517 532 752 66 488 628 542 208 156 654 831 129 296 27 273 692 748 616 550 429 647 127 505 507 481 565 962 189 531 623 433 723 180 312 803 586 882 67 455 912 482 697 3 783 794
755 457 26 752 493 528 882 436 769 424 779 477 814 653 251 505 401 650 769 857 347 281 691 580 556 773 839 815 611 940 826 361 679 320 448 350 473 865 0 352 524 360 166 824 507 663 854 964 797 470 192 735 717 846 594 803 206 817 721 601 221 738 499 406 664 339 478 680 430 400 432 238 1018 650 516 388 59 924 687 125 415 277 868 268 946
739 204 340 717 234 360 733 727 694 405 478 574 714 680 602 440 50 331 736 668 496 271 496 377 227 625 740 563 495 992 871 85 466 554 128 699 729 625 352 0 530 330 187 606 490 718 833 781 616 138 226 504 400 614 366 857 156 835 728 262 195 501 155 122 644 96 737 472 97 480 274 406 801 534 688 436 333 670 652 462 153 85 629 483 1007
232 389 542 228 764 259 411 504 256 125 573 136 311 150 621 115 563 544 244 437 225 284 337 314 524 322 334 502 191 462 341 610 359 344 482 660 438 517 524 530 0 204 511 454 44 190 332 517 382 652 609 418 574 491 353 327 540 311 206 572 386 428 546 440 140 434 447 353 502 138 278 297 605 207 285 135 570 584 164 505 410 542 519 320 477
429 231 372 416 564 192 521 509 417 79 506 250 457 354 523 147 367 426 434 503 213 85 347 255 374 413 483 493 251 666 545 408 345 320 304 590 476 532 360 330 204 0 313 482 170 388 528 606 443 459 411 406 476 510 283 530 338 515 410 426 185 412 373 256 333 235 485 343 318 162 129 192 668 290 384 113 395 597 349 383 232 337 535 260 680
741 324 152 729 343 434 809 572 728 391 638 508 762 657 417 456 235 501 747 766 398 228 593 474 401 698 788 696 545 963 843 198 573 420 293 515 591 752 166 187 511 313 0 720 482 681 840 878 709 305 98 623 569 736 479 824 45 821 718 443 128 624 338 259 646 193 598 576 272 417 334 289 917 586 590 387 147 806 662 282 276 111 755 353 974
448 405 830 406 781 296 198 950 324 454 246 590 282 503 1006 373 601 349 415 89 651 547 135 246 423 166 293 92 264 704 616 684 146 773 482 1068 891 66 824 606 454 482 720 0 426 562 480 187 91 649 804 102 316 39 242 626 720 551 484 434 609 107 499 485 415 538 900 144 516 563 393 671 197 248 738 528 845 131 388 864 457 674 67 728 731
259 345 523 248 724 216 402 525 262 91 533 168 312 190 621 71 522 500 266 416 234 253 304 272 480 306 337 468 161 501 380 572 322 356 438 667 465 488 507 490 44 170 482 426 0 233 358 503 360 610 580 383 531 462 311 368 508 346 240 527 355 393 502 397 163 394 474 317 459 144 234 290 586 184 320 125 550 555 182 499 367 506 490 324 517
154 578 685 186 952 438 450 507 264 312 729 187 327 58 700 299 752 721 190 516 320 461 473 484 710 401 339 630 333 282 163 797 505 404 672 712 421 628 663 718 190 388 681 562 233 0 227 564 475 842 777 555 742 601 523 143 714 159 102 756 562 567 735 630 146 622 428 497 693 266 467 425 668 327 244 294 716 691 174 614 600 724 629 414 293
99 655 873 115 1062 491 308 735 165 449 701 398 197 209 920 393 857 741 96 407 528 612 447 511 762 318 191 567 353 224 158 917 487 626 755 938 647 542 854 833 332 528 840 480 358 227 0 411 390 938 938 516 741 518 546 181 866 95 136 799 713 528 808 725 194 737 654 477 783 456 559 621 522 323 471 466 902 594 180 822 692 859 541 626 251
419 578 973 380 965 443 113 1020 299 558 423 648 237 511 1119 473 781 536 382 113 737 683 286 407 609 198 229 268 358 628 567 862 314 859 662 1170 949 208 964 781 517 606 878 187 503 564 411 0 169 833 967 286 499 200 414 585 883 500 467 621 759 292 683 659 428 706 957 309 696 647 544 782 111 324 781 623 992 226 395 986 629 844 205 826 656
357 412 806 315 810 274 129 885 233 402 322 518 193 417 962 317 619 401 324 60 591 516 120 240 459 76 205 177 202 614 525 699 153 714 501 1018 821 156 797 616 382 443 709 91 360 475 390 169 0 677 798 145 380 130 251 536 715 460 394 479 590 156 529 494 329 539 830 146 534 502 374 624 228 176 663 472 824 216 301 825 463 676 156 674 641
849 284 453 823 132 450 802 863 790 531 472 707 801 801 721 553 92 321 842 722 634 408 559 449 227 700 826 588 589 1110 990 111 523 693 184 820 868 654 470 138 652 459 305 649 610 842 938 833 677 0 307 547 385 648 427 979 264 950 844 234 334 542 149 214 757 224 875 530 155 615 381 545 834 626 826 569 440 688 760 587 247 194 658 622 1127
840 401 168 828 305 525 902 626 825 489 701 601 859 754 431 554 263 557 846 854 486 326 681 560 454 791 885 773 640 1059 940 197 658 492 350 533 657 831 192 226 609 411 98 804 580 777 938 967 798 307 0 705 626 817 561 920 83 919 816 488 226 704 381 327 744 266 662 662 322 512 425 374 1001 681 673 483 144 882 760 318 349 141 835 430 1069
464 305 740 424 680 214 274 895 351 391 185 551 326 496 928 320 499 256 437 177 593 463 81 155 323 202 343 87 228 735 635 582 62 713 380 996 844 129 735 504 418 406 623 102 383 555 516 286 145 547 705 0 235 112 144 641 621 574 491 337 517 12 398 384 411 439 853 66 414 509 304 599 297 227 703 469 753 191 391 784 357 573 133 661 760
679 267 713 641 508 316 507 984 576 500 88 689 558 686 947 459 373 69 656 403 688 494 295 260 173 435 576 232 411 954 847 457 254 795 276 1032 951 296 717 400 574 476 569 316 531 742 741 499 380 385 626 235 0 300 220 848 550 790 697 150 502 223 251 311 610 379 960 264 303 622 346 655 472 429 840 573 715 314 597 798 303 484 299 731 978
487 417 851 445 779 321 229 984 363 485 224 627 320 543 1033 407 606 340 454 118 684 571 164 266 421 206 329 68 300 742 655 690 167 806 488 1098 927 27 846 614 491 510 736 39 462 601 518 200 130 648 817 112 300 0 257 666 734 590 523 427 629 112 499 495 454 551 936 167 522 597 414 700 187 285 776 561 864 93 428 890 469 685 28 759 769
472 163 597 438 560 99 374 789 384 289 227 472 382 468 795 240 367 199 454 301 487 328 132 39 220 273 406 221 198 748 636 448 100 601 249 868 747 273 594 366 353 283 479 242 311 523 546 414 251 427 561 144 220 257 0 634 477 582 485 253 374 145 281 244 396 295 756 105 283 412 166 474 439 223 624 366 609 330 386 649 215 431 277 543 770
178 708 825 220 1092 558 476 600 303 452 823 325 355 178 820 428 890 834 211 564 456 604 563 596 834 459 357 706 437 138 30 937 599 527 805 822 508 692 803 857 327 530 824 626 368 143 181 585 536 979 920 641 848 666 634 0 858 85 150 878 705 653 866 765 238 761 513 590 827 409 600 565 695 420 341 438 856 750 251 746 734 866 692 547 150
768 318 190 754 297 442 820 618 748 417 623 545 779 688 457 477 200 481 772 771 439 256 597 477 379 709 805 690 560 996 876 155 575 465 273 557 637 748 206 156 540 338 45 720 508 714 866 883 715 264 83 621 550 734 477 858 0 851 747 418 153 621 311 246 672 183 643 578 248 453 343 332 917 601 632 420 178 800 687 326 267 73 752 398 1008
110 672 837 149 1068 514 393 657 227 435 758 345 274 165 859 396 864 781 137 485 478 595 499 545 791 385 274 634 384 165 66 918 537 564 771 870 567 616 817 835 311 515 821 551 346 159 95 500 460 950 919 574 790 590 582 85 851 0 106 831 697 586 829 735 193 739 574 528 796 416 568 579 611 361 394 436 868 672 196 772 703 852 615 573 188
52 567 741 86 962 411 354 606 169 330 672 261 230 72 783 290 757 684 88 429 391 490 413 447 689 318 239 559 287 268 151 811 448 489 665 803 521 550 721 728 206 410 718 484 240 102 136 467 394 844 816 491 697 523 485 150 747 106 0 731 593 504 724 629 89 632 528 440 690 321 462 486 574 269 344 336 771 611 101 686 597 747 550 489 287
723 195 593 689 359 320 608 916 637 473 237 667 633 705 842 458 228 88 706 515 637 419 371 287 52 518 655 363 448 997 882 310 331 729 154 933 896 429 601 262 572 426 443 434 527 756 799 621 479 234 488 337 150 427 253 878 418 831 731 0 399 329 107 201 641 265 905 339 171 586 303 581 609 476 809 536 591 457 635 695 207 348 432 660 1018
615 237 223 602 413 316 686 534 599 264 559 398 635 534 446 328 244 437 620 648 305 102 478 363 350 575 661 595 419 843 723 253 463 359 246 534 533 647 221 195 386 185 128 609 355 562 713 759 590 334 226 517 502 629 374 705 153 697 593 399 0 519 308 198 519 135 541 464 238 304 216 210 805 460 499 268 236 705 534 298 199 168 650 287 855
477 304 742 437 674 220 284 904 363 400 172 561 338 508 933 329 495 247 450 186 601 467 93 160 316 214 355 80 239 747 648 579 71 721 377 1002 853 127 738 501 428 412 624 107 393 567 528 292 156 542 704 12 223 112 145 653 621 586 504 329 519 0 392 382 424 438 862 76 410 518 307 605 299 240 713 477 754 186 403 788 356 572 131 669 773
724 157 490 695 282 317 654 838 654 433 334 622 661 689 745 438 122 183 713 573 574 347 412 306 81 555 685 441 455 992 874 205 375 655 69 838 826 505 499 155 546 373 338 499 502 735 808 683 529 149 381 398 251 499 281 866 311 829 724 107 308 392 0 120 635 173 835 382 70 535 267 505 686 489 756 486 486 543 635 600 141 240 509 584 1011
635 81 401 610 337 242 611 720 580 321 379 506 596 587 643 339 133 243 628 546 453 227 374 254 151 504 622 447 379 896 776 206 344 536 51 732 706 507 406 122 440 256 259 485 397 630 725 659 494 214 327 384 311 495 244 765 246 735 629 201 198 382 120 0 542 67 715 349 62 417 166 386 681 417 637 369 404 556 546 495 33 190 511 465 913
96 478 682 88 876 322 315 604 135 254 589 236 197 88 751 204 672 596 104 371 354 417 331 357 599 255 216 484 198 357 241 728 364 465 577 782 526 481 664 644 140 333 646 415 163 146 194 428 329 757 744 411 610 454 396 238 672 193 89 641 519 424 635 542 0 548 534 356 602 273 375 436 528 185 354 275 710 545 33 642 510 667 482 452 377
643 134 333 622 330 273 650 666 601 310 445 483 624 584 577 344 131 311 640 593 414 186 419 299 217 541 650 507 403 895 774 180 394 486 111 668 659 565 339 96 434 235 193 538 394 622 737 706 539 224 266 439 379 551 295 761 183 739 632 265 135 438 173 67 548 0 667 398 103 390 181 336 735 443 604 344 336 616 556 430 83 137 569 415 911
580 711 505 604 939 657 847 89 669 467 984 311 732 463 360 532 786 911 612 884 271 488 777 721 853 768 750 940 635 623 544 785 791 182 766 327 9 962 478 737 447 485 598 900 474 428 654 957 830 875 662 853 960 936 756 513 643 574 528 905 541 862 835 715 534 667 0 786 769 344 615 331 1050 654 183 390 537 1029 568 365 700 693 964 253 616
417 268 686 378 663 153 272 829 312 325 233 485 297 439 866 253 473 268 393 196 526 404 32 101 315 179 318 154 165 691 587 553 9 647 354 933 777 189 680 472 353 343 576 144 317 497 477 309 146 530 662 66 264 167 105 590 578 528 440 339 464 76 382 349 356 398 786 0 388 443 248 535 340 171 637 402 700 253 338 723 320 535 191 596 715
694 129 422 668 282 295 655 769 635 384 380 568 648 649 675 400 84 234 686 583 511 283 414 299 131 551 673 468 434 957 837 168 382 588 33 767 761 531 430 97 502 318 272 516 459 693 783 696 534 155 322 414 303 522 283 827 248 796 690 171 238 410 70 62 602 103 769 388 0 479 227 438 709 471 697 430 419 575 606 529 93 181 535 517 975
358 391 420 360 711 313 545 387 394 123 640 93 449 252 482 190 522 579 376 559 90 209 435 377 535 450 473 597 301 548 430 552 447 212 467 524 335 623 400 480 138 162 417 563 144 266 456 647 502 615 512 509 622 597 412 409 453 416 321 586 304 518 535 417 273 390 344 443 479 0 284 165 729 327 223 50 451 690 300 369 394 472 625 182 557
468 112 437 444 502 100 477 638 420 169 380 363 443 422 629 172 297 297 463 432 343 162 261 148 253 366 469 386 222 729 610 360 247 449 204 704 606 433 432 274 278 129 334 393 234 467 559 544 374 381 425 304 346 414 166 600 343 568 462 303 216 307 267 166 375 181 615 248 227 284 0 313 588 262 506 234 452 494 380 483 134 314 437 386 747
523 393 260 524 618 385 687 334 551 223 694 239 603 416 337 309 454 599 540 684 112 163 536 448 529 584 627 686 424 703 588 460 537 150 437 397 324 723 238 406 297 192 289 671 290 425 621 782 624 545 374 599 655 700 474 565 332 579 486 581 210 605 505 386 436 336 331 535 438 165 313 0 852 458 300 164 291 788 462 208 374 370 726 79 710
527 602 1025 487 965 490 220 1109 404 630 388 739 344 614 1189 545 793 521 490 169 819 738 326 442 607 282 338 246 430 739 677 877 343 942 675 1246 1042 180 1018 801 605 668 917 197 586 668 522 111 228 834 1001 297 472 187 439 695 917 611 574 609 805 299 686 681 528 735 1050 340 709 729 588 852 0 402 877 700 1040 163 496 1051 654 870 176 903 767
250 341 662 214 754 175 231 709 164 235 404 343 180 268 795 149 550 420 231 232 417 371 146 188 439 126 206 305 40 526 418 620 179 539 441 847 645 312 650 534 207 290 586 248 184 327 323 324 176 626 681 227 429 285 223 420 601 361 269 476 460 240 489 417 185 443 654 171 471 327 262 458 402 0 490 300 684 379 168 663 384 577 314 502 549
396 614 541 421 912 526 669 263 488 341 851 152 552 279 484 387 733 800 429 714 194 418 623 587 758 597 568 788 477 463 371 752 643 203 687 480 176 803 516 688 285 384 590 738 320 244 471 781 663 826 673 703 840 776 624 341 632 394 344 809 499 713 756 637 354 604 183 637 697 223 506 300 877 490 0 273 575 869 388 432 616 665 804 247 461
367 341 407 363 669 267 525 427 387 77 594 138 438 271 497 155 476 529 380 530 123 168 397 332 484 425 462 557 269 576 456 510 406 245 417 547 381 586 388 436 135 113 387 528 125 294 466 623 472 569 483 469 573 561 366 438 420 436 336 536 268 477 486 369 275 344 390 402 430 50 234 164 700 300 273 0 435 652 300 373 345 433 588 202 588
802 463 33 797 449 551 914 492 809 464 782 531 852 703 287 542 379 647 814 883 403 312 714 599 549 804 878 829 644 995 879 329 699 380 441 388 532 882 59 333 570 395 147 845 550 716 902 992 824 440 144 753 715 864 609 856 178 868 771 591 236 754 486 404 710 336 537 700 419 451 452 291 1040 684 575 435 0 939 732 178 417 252 886 327 1002
572 482 928 530 816 405 292 1077 446 576 227 721 398 634 1119 499 656 368 538 187 776 654 255 346 462 292 403 110 393 819 738 742 251 898 542 1186 1020 67 924 670 584 597 806 131 555 691 594 226 216 688 882 191 314 93 330 750 800 672 611 457 705 186 543 556 545 616 1029 253 575 690 494 788 163 379 869 652 939 0 517 975 533 746 65 849 846
89 479 705 67 882 319 282 637 101 271 571 269 164 118 781 212 677 586 85 341 384 434 312 349 595 226 182 461 188 362 250 737 347 496 579 814 560 455 687 652 164 349 662 388 182 174 180 395 301 760 760 391 597 428 386 251 687 196 101 635 534 403 635 546 33 556 568 338 606 300 380 462 496 168 388 300 732 517 0 669 513 679 455 481 383
726 532 149 730 618 569 894 314 760 428 852 427 811 614 148 514 512 735 745 885 295 321 729 628 647 789 836 868 628 880 772 481 724 228 542 238 361 912 125 462 505 383 282 864 499 614 822 986 825 587 318 784 798 890 649 746 326 772 686 695 298 788 600 495 642 430 365 723 529 369 483 208 1051 663 432 373 178 975 669 0 497 393 915 199 883
602 52 412 577 370 208 579 709 546 293 365 481 563 556 646 307 166 237 595 516 435 212 343 223 155 472 588 423 346 864 744 238 315 523 72 732 691 482 415 153 410 232 276 457 367 600 692 629 463 247 349 357 303 469 215 734 267 703 597 207 199 356 141 33 510 83 700 320 93 394 134 374 654 384 616 345 417 533 513 497 0 216 486 453 882
763 268 262 745 247 409 787 675 731 417 560 565 757 692 528 466 127 415 764 730 471 264 557 436 312 678 783 637 536 1003 882 91 531 513 209 627 686 697 277 85 542 337 111 674 506 724 859 844 676 194 141 573 484 685 431 866 73 852 747 348 168 572 240 190 667 137 693 535 181 472 314 370 870 577 665 433 252 746 679 393 216 0 701 443 1017
513 434 873 471 788 345 247 1012 388 512 219 655 344 570 1058 434 619 345 480 137 711 595 190 288 430 232 352 69 328 766 681 703 191 833 502 1124 955 3 868 629 519 535 755 67 490 629 541 205 156 658 835 133 299 28 277 692 752 615 550 432 650 131 509 511 482 569 964 191 535 625 437 726 176 314 804 588 886 65 455 915 486 701 0 786 793
531 471 293 538 690 450 726 255 576 274 766 229 632 417 300 357 532 676 552 733 98 241 595 514 608 628 655 749 472 682 573 533 599 71 517 344 246 783 268 483 320 260 353 728 324 414 626 826 674 622 430 661 731 759 543 547 398 573 489 660 287 669 584 465 452 415 253 596 517 182 386 79 903 502 247 202 327 849 481 199 453 443 786 0 686
298 854 969 337 1242 699 558 705 410 602 945 471 449 327 946 575 1039 969 323 659 599 754 686 733 976 566 443 817 572 28 137 1088 724 659 951 937 612 794 946 1007 477 680 974 731 517 293 251 656 641 1127 1069 760 978 769 770 150 1008 188 287 1018 855 773 1011 913 377 911 616 715 975 557 747 710 767 549 461 588 1002 846 383 883 882 1017 793 686 0
