135
0 655 506 212 1083 912 295 601 133 796 1013 1151 578 382 777 929 271 560 693 491 84 328 780 926 754 989 754 561 582 465 986 672 610 571 857 771 1055 729 680 191 748 541 879 650 1005 863 346 603 569 1028 533 540 804 507 669 330 845 233 791 642 515 937 677 783 730 278 649 578 809 597 580 854 796 459 1155 705 465 927 558 690 551 294 299 85 270 721 391 380 624 720 261 614 983 766 489 784 1058 313 163 1036 238 655 481 362 591 555 69 364 646 579 261 832 755 851 844 72 470 385 509 328 867 363 585 228 1250 802 272 722 446 1021 794 140 520 748 826
655 0 172 457 491 574 365 258 564 703 391 568 99 447 521 276 455 164 346 181 583 344 356 295 207 428 358 344 669 677 401 102 157 106 215 394 565 271 207 466 421 525 423 182 527 235 360 664 167 373 373 463 624 317 584 327 194 496 224 342 232 408 374 194 196 443 154 292 154 93 97 644 335 502 573 678 266 491 335 336 594 574 358 595 390 587 651 276 175 440 502 174 555 115 253 272 440 553 537 416 668 578 247 293 260 107 587 351 403 536 414 649 376 613 438 592 384 634 535 338 255 293 83 427 650 174 502 560 362 495 768 516 317 284 322
506 172 0 330 661 681 211 318 402 747 564 737 155 276 598 428 356 65 284 16 428 236 339 468 354 591 325 219 657 631 569 165 114 154 352 498 715 389 320 315 510 523 431 285 672 407 188 659 77 538 235 468 688 171 613 199 344 390 291 407 239 563 447 356 233 272 264 335 321 174 79 718 463 474 742 701 99 623 209 422 585 490 208 458 261 632 588 156 135 515 407 125 688 269 243 412 613 475 374 589 565 604 83 157 163 67 437 276 304 544 297 716 336 693 557 439 367 571 520 178 425 148 146 288 822 346 330 611 334 652 798 373 328 281 350
212 457 330 0 871 717 141 390 187 645 803 938 373 328 588 734 88 392 571 314 166 117 647 716 541 776 626 453 465 382 773 491 443 365 668 566 846 517 467 89 547 381 745 437 796 654 230 479 403 826 437 362 632 391 508 133 651 84 622 437 302 724 474 571 563 214 437 369 609 391 395 679 585 301 942 564 322 720 447 483 412 201 133 139 68 553 318 182 462 524 118 451 778 572 277 571 846 201 183 824 243 494 333 173 453 366 152 153 548 417 48 661 632 670 638 170 274 303 356 174 657 182 381 55 1037 594 258 548 244 810 662 78 313 601 675
1083 491 661 871 0 421 825 491 1021 704 120 77 525 938 502 370 828 654 783 667 1026 756 745 207 330 106 764 823 824 906 97 555 634 530 435 385 213 363 403 911 433 707 758 433 226 258 843 804 655 275 857 656 598 805 668 764 407 872 571 486 568 173 472 309 599 921 436 523 373 504 588 575 313 743 82 747 757 289 815 434 766 898 813 1007 815 628 920 717 645 480 861 648 303 435 595 302 80 871 999 98 1011 673 739 744 735 594 1020 723 861 689 822 603 784 538 338 1033 656 906 738 805 236 752 526 862 166 317 984 597 663 143 789 945 584 683 666
912 574 681 717 421 0 744 369 901 293 471 433 529 926 140 654 641 713 920 676 883 632 926 476 377 333 931 897 467 582 377 675 725 528 673 183 235 302 369 790 176 399 979 401 200 466 805 442 722 625 916 377 191 852 304 667 635 678 768 291 465 274 249 414 761 860 426 367 567 515 643 157 243 468 433 356 775 134 887 261 433 649 727 826 690 249 622 640 746 193 652 743 126 606 477 313 471 623 891 470 758 314 763 671 823 627 864 569 971 366 674 188 949 123 139 886 443 613 436 742 433 688 543 735 532 474 924 227 472 279 377 795 410 853 875
295 365 211 141 825 744 0 383 199 725 742 897 301 208 630 636 205 266 430 196 218 121 509 649 496 740 486 312 574 509 728 376 317 295 562 574 835 497 435 104 567 467 607 400 788 586 93 584 276 739 298 431 693 249 585 77 551 220 498 452 284 697 494 516 437 116 391 376 520 322 285 735 571 395 902 655 183 721 306 489 512 336 16 251 89 621 450 110 333 554 250 322 784 474 267 540 788 331 174 765 384 572 196 81 315 262 226 192 407 499 131 723 492 720 643 228 328 435 450 35 596 73 304 87 991 524 180 610 291 786 755 164 335 466 542
601 258 318 390 491 369 383 0 560 447 443 553 179 557 280 469 338 360 581 311 553 284 608 374 180 391 605 537 424 459 395 357 383 175 441 192 458 129 99 447 194 281 681 91 408 320 437 415 370 517 552 217 374 488 326 308 408 382 482 89 98 335 129 226 453 497 114 41 340 171 296 401 195 280 557 421 408 338 527 108 350 411 367 521 345 330 453 275 406 197 370 401 400 343 117 188 480 385 544 461 523 320 397 305 471 273 542 237 618 284 342 401 621 375 260 559 173 437 298 376 308 321 196 393 656 275 562 305 173 419 510 468 96 537 580
133 564 402 187 1021 901 199 560 0 828 941 1092 500 248 775 831 272 449 564 389 55 275 653 849 691 933 626 431 635 535 924 566 498 494 755 744 1018 682 625 113 729 565 751 591 969 786 226 652 457 937 401 549 819 379 693 257 746 251 677 616 465 887 655 713 615 149 585 545 718 520 480 866 754 484 1097 745 346 897 428 660 590 350 209 152 215 739 463 303 509 708 287 499 957 670 443 731 987 360 32 964 333 679 364 278 467 459 87 332 514 602 227 848 626 857 816 65 460 452 538 226 795 273 503 167 1187 723 139 735 429 975 840 115 493 625 703
796 703 747 645 704 293 725 447 828 0 734 724 625 932 211 868 557 799 1024 737 794 604 1055 713 557 606 1052 964 234 367 645 804 827 620 863 357 529 466 507 733 310 263 1127 524 492 684 809 208 810 870 971 294 105 907 140 652 826 578 925 361 508 540 332 606 899 837 551 418 755 618 740 137 447 344 724 97 822 415 954 376 245 503 708 713 647 117 430 647 851 274 544 845 419 774 505 510 743 483 829 737 590 152 817 673 909 714 768 533 1052 228 616 104 1067 169 374 793 399 428 290 737 656 694 642 683 825 669 894 143 436 566 85 713 419 984 1026
1013 391 564 803 120 471 742 443 941 734 0 195 440 837 523 249 770 549 665 571 950 686 625 96 266 143 644 712 820 887 95 444 525 446 314 386 304 326 347 834 437 692 637 370 299 156 750 804 550 166 747 635 629 699 675 687 287 815 451 461 506 197 457 231 481 831 366 481 259 420 487 615 300 715 200 761 657 337 704 413 756 855 731 942 743 643 892 638 534 482 808 538 371 322 534 262 50 829 917 25 966 677 637 662 623 497 948 662 745 680 755 639 664 577 359 959 616 877 719 719 146 668 438 787 260 219 892 611 616 220 817 873 540 563 545
1151 568 737 938 77 433 897 553 1092 724 195 0 599 1014 532 441 891 731 860 742 1095 824 821 284 401 162 840 901 862 952 169 632 712 604 510 429 204 424 470 981 474 753 830 502 232 336 918 841 733 338 934 704 619 883 702 834 483 936 646 540 635 222 521 384 675 996 507 583 451 578 665 590 367 795 5 775 834 310 893 487 808 955 885 1073 884 658 970 789 722 520 922 726 308 513 661 366 148 928 1071 171 1069 708 815 816 812 670 1088 788 938 731 889 621 860 555 372 1102 714 957 785 879 313 825 601 931 106 394 1059 628 723 160 809 1013 644 759 740
578 99 155 373 525 529 301 179 500 625 440 599 0 425 457 367 361 184 402 154 511 256 430 349 203 446 426 367 574 579 430 184 204 8 313 346 562 234 165 394 363 431 507 130 518 286 319 570 193 452 387 370 554 325 499 249 289 404 318 268 134 412 305 215 280 396 108 207 238 20 117 579 308 404 604 592 254 467 358 275 499 476 291 513 308 508 552 199 227 374 408 222 532 211 154 259 487 455 476 464 574 492 239 222 295 97 511 256 443 444 327 580 442 551 402 520 286 535 439 280 295 228 17 350 690 224 459 483 263 501 684 438 223 360 409
382 447 276 328 938 926 208 557 248 932 837 1014 425 0 823 674 407 290 328 273 300 328 421 741 628 867 391 195 782 710 846 406 325 422 590 748 986 653 585 248 750 675 516 548 942 682 124 792 292 794 159 638 895 161 791 280 592 413 484 637 461 837 679 633 423 117 532 560 586 445 350 934 728 604 1019 864 180 885 195 666 721 530 225 383 295 825 646 291 326 744 446 318 950 527 451 683 887 529 218 863 552 779 200 261 256 344 327 399 267 707 335 924 388 915 813 312 533 632 659 194 701 242 419 274 1097 621 111 812 495 926 964 307 529 407 484
777 521 598 588 502 140 630 280 775 211 523 532 457 823 0 660 509 640 859 590 753 513 878 501 353 401 878 817 336 444 436 623 660 454 660 146 352 263 315 666 103 258 942 339 307 474 699 313 650 658 832 238 111 767 173 552 623 544 734 191 365 333 151 400 716 746 366 265 552 446 574 122 236 329 533 244 685 222 808 184 295 509 613 691 568 125 482 532 683 83 516 678 248 578 372 301 535 483 767 528 618 181 676 562 751 553 733 446 899 226 548 131 895 94 165 755 314 473 295 632 446 581 473 612 636 463 809 96 346 371 294 666 294 805 839
929 276 428 734 370 654 636 469 831 868 249 441 367 674 660 0 729 389 441 441 854 620 386 187 312 370 409 515 892 925 323 269 349 375 85 513 538 403 377 739 558 750 388 378 521 188 614 882 384 126 553 687 771 518 775 603 84 771 219 528 485 398 545 262 265 699 357 511 132 354 350 773 425 746 447 870 501 531 508 497 820 842 630 871 666 760 909 552 348 594 775 356 581 162 511 358 292 820 802 271 941 773 481 567 429 374 860 623 527 750 691 789 429 736 520 864 630 892 768 605 221 566 355 703 485 201 751 729 616 453 945 791 555 332 301
271 455 356 88 828 641 205 338 272 557 770 891 361 407 509 729 0 421 620 339 244 120 689 689 504 729 671 511 378 304 731 506 471 353 670 500 785 467 425 177 477 293 784 399 735 628 298 391 433 810 501 278 547 448 420 162 649 44 642 371 263 673 405 540 587 296 404 310 599 376 409 595 530 212 895 476 372 656 504 420 324 135 192 187 115 467 245 199 492 449 50 481 711 570 235 525 810 126 271 790 214 407 379 204 498 377 223 108 608 330 73 576 679 588 573 246 198 230 268 232 626 220 373 134 994 570 345 464 174 755 574 158 251 636 706
560 164 65 392 654 713 266 360 449 799 549 731 184 290 640 389 421 0 226 81 479 301 275 453 366 592 262 185 718 695 565 119 51 186 309 530 727 414 346 370 547 582 366 313 687 396 226 719 12 505 210 525 734 152 667 262 306 454 232 449 291 571 488 358 171 310 288 382 296 198 72 761 486 536 736 756 112 644 175 459 645 555 266 516 324 682 653 221 70 557 472 60 709 237 299 428 599 540 419 575 629 658 92 220 111 87 491 341 259 601 360 761 275 735 584 491 427 636 581 232 418 209 170 347 810 337 361 660 394 658 853 430 382 216 285
693 346 284 571 783 920 430 581 564 1024 665 860 402 328 859 441 620 226 0 298 609 504 94 576 551 745 63 133 941 910 708 248 198 406 358 739 899 617 552 521 762 807 188 523 864 533 351 943 214 567 168 751 956 186 893 457 379 645 221 671 517 740 708 529 184 415 496 607 411 412 285 981 682 758 865 983 249 836 135 675 869 756 438 672 510 908 862 428 175 776 670 180 899 351 525 617 714 745 532 690 814 885 241 416 123 310 630 555 89 827 551 983 62 953 785 620 652 845 805 396 563 400 386 518 919 487 437 885 618 821 1079 586 608 109 171
491 181 16 314 667 676 196 311 389 737 571 742 154 273 590 441 339 81 298 0 414 219 355 475 355 594 340 228 643 615 574 180 131 152 366 493 716 387 318 300 504 510 447 282 672 414 179 645 94 549 241 456 678 176 602 182 357 373 308 399 229 564 440 360 249 262 262 326 332 173 91 710 462 460 747 689 100 621 218 416 571 473 193 442 245 621 572 140 152 508 390 141 686 281 232 413 620 459 361 596 549 592 87 140 176 73 422 260 315 531 280 707 351 685 553 424 354 555 506 164 431 132 146 272 828 352 321 601 320 653 786 357 317 297 366
84 583 428 166 1026 883 218 553 55 794 950 1095 511 300 753 854 244 479 609 414 0 271 696 860 695 934 670 477 594 488 928 593 530 505 780 732 1011 679 625 117 714 532 795 593 961 797 263 612 489 956 449 522 790 423 661 263 770 215 710 603 462 885 640 721 648 194 589 534 737 531 504 839 749 450 1099 707 382 886 474 649 553 305 224 99 210 709 415 312 543 689 250 532 945 692 438 730 996 318 82 973 280 647 399 291 507 480 32 319 562 570 212 819 671 832 804 11 439 406 503 249 804 289 516 164 1192 735 193 707 410 972 801 87 480 665 742
328 344 236 117 756 632 121 284 275 604 686 824 256 328 513 620 120 301 504 219 271 0 570 599 426 663 553 402 460 408 659 387 350 249 557 469 742 408 354 162 457 347 665 322 693 536 207 468 313 709 396 310 573 339 463 51 538 155 522 343 190 614 383 455 467 235 321 270 493 274 290 616 479 277 829 535 258 621 394 384 395 254 104 257 61 500 358 79 371 440 171 361 682 459 167 459 729 241 261 707 331 451 263 87 381 259 264 71 498 378 71 603 562 601 541 278 207 341 332 136 540 106 266 108 923 476 296 489 170 701 635 188 222 516 586
780 356 339 647 745 926 509 608 653 1055 625 821 430 421 878 386 689 275 94 355 696 570 0 542 550 720 32 225 991 970 679 254 233 435 311 749 880 625 564 604 777 853 98 539 850 507 435 991 262 509 262 794 980 273 929 527 338 718 175 696 556 723 730 519 165 504 511 638 384 436 319 1001 683 811 826 1021 325 831 226 693 918 825 514 755 583 938 927 492 209 796 740 218 892 330 568 615 673 812 621 650 890 922 313 485 194 348 716 615 175 870 623 1005 46 970 788 708 699 910 854 474 539 470 413 596 872 470 529 913 668 799 1115 668 648 73 90
926 295 468 716 207 476 649 374 849 713 96 284 349 741 501 187 689 453 576 475 860 599 542 0 194 184 559 617 773 829 139 349 430 355 235 356 352 270 275 743 405 639 562 292 334 62 655 759 453 156 652 578 611 603 638 597 204 733 366 406 426 211 411 150 391 736 284 414 166 329 391 606 266 653 290 729 560 348 609 364 706 781 639 856 655 613 827 547 439 447 729 443 395 228 454 211 146 756 824 121 890 638 541 570 529 402 859 580 653 631 669 626 579 568 348 869 547 811 663 625 65 576 345 698 356 125 797 581 543 267 794 785 470 477 466
754 207 354 541 330 377 496 180 691 557 266 401 203 628 353 312 504 366 551 355 695 426 550 194 0 243 556 550 587 636 233 303 364 207 307 210 362 91 81 581 249 449 601 104 321 142 523 575 371 340 576 387 464 517 463 434 270 549 391 219 241 208 232 50 384 598 105 220 199 183 294 471 134 459 405 557 453 284 540 185 517 589 484 679 485 448 633 388 383 283 541 382 348 229 268 65 306 564 670 286 699 461 437 415 467 289 690 397 611 444 493 484 575 437 238 703 353 617 471 479 128 425 209 531 497 111 662 417 351 298 633 614 276 477 498
989 428 591 776 106 333 740 391 933 606 143 162 446 867 401 370 729 592 745 594 934 663 720 184 243 0 735 770 718 800 49 505 580 450 419 279 168 262 309 822 328 601 746 341 156 213 766 699 595 307 800 550 500 745 564 675 385 773 545 381 473 68 366 235 563 841 348 422 336 425 523 481 208 638 166 644 689 198 761 329 660 795 727 911 724 525 814 631 593 374 760 595 228 394 499 204 138 768 913 138 908 568 672 658 683 524 927 626 817 583 727 508 755 444 235 941 553 801 632 723 182 668 449 771 265 260 905 494 562 82 691 852 483 652 648
754 358 325 626 764 931 486 605 626 1052 644 840 426 391 878 409 671 262 63 340 670 553 32 559 556 735 0 196 981 956 695 256 225 431 331 752 893 629 566 580 779 844 125 539 861 521 410 981 250 534 232 786 979 247 924 508 357 698 193 694 549 736 729 529 173 477 512 634 398 434 312 1001 689 799 845 1015 303 839 198 693 908 807 493 731 563 934 910 475 201 796 721 208 901 342 560 622 692 795 594 669 869 916 293 466 172 340 691 601 143 862 604 1005 20 971 793 682 689 893 844 452 553 451 409 574 893 481 500 910 657 813 1110 645 641 82 119
561 344 219 453 823 897 312 537 431 964 712 901 367 195 817 515 511 185 133 228 477 402 225 617 550 770 196 0 855 810 739 268 189 368 429 713 910 599 530 395 728 729 321 497 870 565 225 860 178 640 40 678 906 63 827 352 440 532 306 626 457 753 666 539 250 283 473 554 452 383 257 937 671 671 906 912 145 829 9 640 786 646 322 545 397 849 757 332 178 734 559 174 894 390 459 613 762 638 399 738 695 817 146 314 88 269 500 462 96 753 439 935 195 912 768 489 574 741 722 280 591 295 354 399 972 510 303 829 538 839 1011 460 544 216 291
582 669 657 465 824 467 574 424 635 234 820 862 574 782 336 892 378 718 941 643 594 460 991 773 587 718 981 855 0 133 745 757 757 567 864 439 688 503 515 554 390 143 1076 515 643 729 666 26 730 926 854 207 289 794 163 511 832 386 892 368 440 650 363 638 853 674 538 383 764 576 674 341 520 184 863 136 710 557 847 409 74 290 558 504 486 217 199 523 781 344 350 773 584 765 424 563 843 275 641 831 362 155 710 543 819 643 564 394 950 142 448 308 993 357 489 591 291 200 136 595 709 563 591 512 968 694 724 241 323 702 213 521 351 926 981
465 677 631 382 906 582 509 459 535 367 887 952 579 710 444 925 304 695 910 615 488 408 970 829 636 800 956 810 133 0 821 755 740 571 886 523 792 562 557 469 478 199 1061 549 744 778 603 158 708 976 803 252 415 747 279 458 857 298 893 426 446 733 434 684 846 596 568 418 793 585 664 468 594 179 954 270 667 657 803 475 149 185 496 393 419 337 73 482 763 433 264 754 692 784 424 625 916 181 545 901 235 268 671 496 787 632 457 355 907 222 378 437 966 480 582 484 295 82 168 535 763 515 595 435 1059 735 638 355 315 795 342 425 370 910 973
986 401 569 773 97 377 728 395 924 645 95 169 430 846 436 323 731 565 708 574 928 659 679 139 233 49 695 739 745 821 0 472 549 435 374 306 216 269 306 814 356 623 702 336 206 176 748 727 568 257 771 568 539 718 594 667 342 776 504 396 471 104 386 214 525 826 339 429 297 409 498 523 226 654 174 678 666 243 731 346 684 804 716 910 718 559 831 620 562 402 765 564 276 357 498 207 99 778 902 93 917 597 648 647 651 502 923 626 783 607 725 548 715 485 271 936 563 817 652 709 148 656 431 764 264 229 889 527 568 131 729 847 490 613 605
672 102 165 491 555 675 376 357 566 804 444 632 184 406 623 269 506 119 248 180 593 387 254 349 303 505 256 268 757 755 472 0 82 190 189 496 653 372 310 481 523 615 324 284 617 297 345 754 115 387 302 554 726 256 681 358 186 543 138 443 317 494 476 281 96 430 257 389 185 186 97 746 435 584 638 775 231 587 260 438 683 634 374 622 422 687 721 310 90 542 556 94 651 123 334 369 494 616 536 470 719 675 211 318 179 128 603 411 313 628 454 751 274 716 538 604 467 704 621 344 324 312 166 452 704 244 481 661 441 578 866 538 407 181 225
610 157 114 443 634 725 317 383 498 827 525 712 204 325 660 349 471 51 198 131 530 350 233 430 364 580 225 189 757 740 549 82 0 208 266 543 722 423 356 421 564 619 320 325 684 376 273 757 41 468 222 561 758 174 698 313 267 504 181 472 323 564 509 350 120 356 299 409 267 214 87 783 491 577 717 790 155 647 181 477 684 604 317 568 375 711 700 271 24 577 521 18 712 206 335 429 575 589 467 551 680 690 135 271 103 115 542 387 247 637 411 784 240 754 592 541 466 683 621 283 401 260 187 399 786 320 404 687 435 650 884 481 416 169 235
571 106 154 365 530 528 295 175 494 620 446 604 8 422 454 375 353 186 406 152 505 249 435 355 207 450 431 368 567 571 435 190 208 0 321 345 564 235 165 388 361 425 513 130 520 292 315 564 196 460 388 364 550 324 494 242 297 396 325 265 127 415 302 221 286 391 110 202 246 26 120 576 309 396 609 586 252 468 359 273 493 468 284 505 301 503 544 192 231 371 400 226 533 219 147 261 493 447 470 470 566 486 238 215 298 99 504 247 445 438 320 577 447 548 402 513 279 527 432 274 301 222 24 343 695 230 455 479 255 505 679 430 217 365 415
857 215 352 668 435 673 562 441 755 863 314 510 313 590 660 85 670 309 358 366 780 557 311 235 307 419 331 429 864 886 374 189 266 321 0 516 584 397 358 666 557 721 327 350 561 213 535 856 303 210 468 657 771 433 759 535 37 711 138 510 440 434 532 261 180 619 326 481 108 303 276 778 433 708 515 855 420 558 423 487 791 789 558 803 599 750 864 485 263 588 718 272 614 102 464 363 361 768 725 338 884 756 400 498 344 303 788 567 443 725 627 791 351 743 534 791 590 847 735 531 248 494 299 633 562 199 670 721 572 500 936 721 518 252 231
771 394 498 566 385 183 574 192 744 357 386 429 346 748 146 513 500 530 739 493 732 469 749 356 210 279 752 713 439 523 306 496 543 345 516 0 287 124 187 631 50 324 807 217 236 327 629 420 539 513 733 277 258 669 288 498 479 541 598 129 290 211 97 255 585 688 243 199 408 331 460 262 90 369 431 375 593 155 704 84 381 538 558 688 529 257 542 466 564 95 521 561 212 438 306 155 405 511 730 395 652 291 581 497 640 444 717 413 788 303 520 276 770 227 72 737 305 530 356 568 299 513 360 576 536 318 753 225 325 273 437 645 252 676 704
1055 565 715 846 213 235 835 458 1018 529 304 204 562 986 352 538 785 727 899 716 1011 742 880 352 362 168 893 910 688 792 216 653 722 564 584 287 0 338 403 905 321 596 911 439 50 374 876 666 732 470 937 558 426 879 525 764 550 827 707 415 553 158 384 372 720 945 454 477 496 542 655 392 264 652 203 588 815 135 901 365 643 825 821 972 803 475 821 725 738 362 807 739 109 551 575 303 283 798 1001 292 939 533 799 755 825 651 999 693 966 569 799 424 913 359 216 1016 592 809 632 824 340 768 569 851 297 412 1010 448 611 85 613 925 534 810 811
729 271 389 517 363 302 497 129 682 466 326 424 234 653 263 403 467 414 617 387 679 408 625 270 91 262 629 599 503 562 269 372 423 235 397 124 338 0 69 569 159 369 683 104 291 226 539 489 422 423 622 310 373 559 373 426 360 511 473 136 217 207 143 141 461 606 126 160 289 217 343 383 75 389 428 467 487 233 590 95 435 535 482 650 469 356 566 386 443 192 498 441 298 315 240 63 357 509 664 341 648 372 473 416 522 330 669 365 669 361 469 394 647 350 169 685 294 551 395 485 205 430 245 516 527 203 671 326 300 293 541 594 221 552 579
680 207 320 467 403 369 435 99 625 507 347 470 165 585 315 377 425 346 552 318 625 354 564 275 81 309 566 530 515 557 306 310 356 165 358 187 403 69 0 513 213 374 626 36 357 220 472 504 353 418 552 311 422 490 401 367 323 470 419 152 165 262 175 127 401 542 57 140 253 147 274 438 143 379 474 496 418 302 521 132 443 508 421 604 414 393 552 325 377 236 461 374 367 267 191 105 385 482 605 365 618 398 404 354 454 261 618 320 602 373 419 445 584 406 238 632 272 536 394 422 209 366 176 461 570 179 607 364 269 351 578 542 195 491 523
191 466 315 89 911 790 104 447 113 733 834 981 394 248 666 739 177 370 521 300 117 162 604 743 581 822 580 395 554 469 814 481 421 388 666 631 905 569 513 0 617 469 703 480 856 680 170 569 380 839 374 446 716 336 595 147 654 170 602 504 352 775 543 605 541 131 475 432 620 414 389 762 641 389 986 654 281 784 390 547 502 285 108 151 101 638 402 195 436 597 206 425 844 576 330 618 879 288 100 857 305 581 296 173 411 364 122 221 487 505 119 745 583 751 703 126 353 389 445 138 688 172 399 54 1078 618 169 632 320 862 751 64 381 566 642
748 421 510 547 433 176 567 194 729 310 437 474 363 750 103 558 477 547 762 504 714 457 777 405 249 328 779 728 390 478 356 523 564 361 557 50 321 159 213 617 0 279 840 239 271 374 628 371 557 562 745 237 214 681 238 490 520 516 631 114 288 259 73 297 615 683 266 191 448 350 479 224 139 330 476 325 602 185 719 88 334 504 551 664 516 208 501 463 586 46 493 583 235 474 300 200 455 477 717 445 617 241 591 494 659 460 697 396 806 257 503 235 796 192 105 718 279 489 313 565 347 511 378 562 581 360 747 176 303 316 389 626 235 705 736
541 525 523 381 707 399 467 281 565 263 692 753 431 675 258 750 293 582 807 510 532 347 853 639 449 601 844 729 143 199 623 615 619 425 721 324 596 369 374 469 279 0 936 372 548 591 554 138 594 789 731 63 263 669 128 397 689 317 749 232 298 534 236 499 711 576 395 240 622 432 534 314 396 82 755 188 584 461 720 278 69 257 451 457 385 179 224 400 643 235 283 635 500 621 284 431 719 233 565 705 361 114 582 423 686 505 507 277 822 37 352 290 857 315 384 533 155 215 36 482 573 444 449 420 860 554 632 184 190 596 288 450 208 786 840
879 423 431 745 758 979 607 681 751 1127 637 830 507 516 942 388 784 366 188 447 795 665 98 562 601 746 125 321 1076 1061 702 324 320 513 327 807 911 683 626 703 840 936 0 605 885 537 534 1074 353 502 356 876 1047 371 1005 622 360 814 210 766 637 758 798 565 228 602 577 713 418 510 401 1064 735 897 835 1099 423 875 323 758 1002 919 612 854 680 1011 1019 586 297 862 835 306 934 373 652 665 681 906 719 660 987 999 411 580 292 432 815 707 259 951 719 1072 128 1032 839 806 784 1002 939 572 571 566 489 694 870 510 625 984 754 827 1191 767 729 150 103
650 182 285 437 433 401 400 91 591 524 370 502 130 548 339 378 399 313 523 282 593 322 539 292 104 341 539 497 515 549 336 284 325 130 350 217 439 104 36 480 239 372 605 0 393 234 436 506 321 429 518 309 442 455 411 333 317 444 400 163 136 297 192 142 378 506 27 132 249 114 242 461 179 370 506 506 382 338 487 154 442 488 387 574 382 408 539 290 347 258 437 344 403 254 163 140 411 463 571 390 597 406 369 319 422 227 587 292 570 375 388 467 557 431 272 600 258 523 390 386 228 331 142 429 600 186 571 380 251 386 591 511 180 466 502
1005 527 672 796 226 200 788 408 969 492 299 232 518 942 307 521 735 687 864 672 961 693 850 334 321 156 861 870 643 744 206 617 684 520 561 236 50 291 357 856 271 548 885 393 0 348 830 621 692 463 897 508 388 837 480 716 525 777 679 364 504 127 334 335 688 898 410 427 467 498 615 358 216 602 232 547 771 87 861 314 596 774 773 922 754 432 772 677 701 313 757 701 78 520 525 259 286 747 952 291 888 488 756 707 787 608 949 643 929 522 749 388 881 323 166 967 542 760 583 777 313 721 526 802 332 380 963 404 560 83 577 875 484 779 784
863 235 407 654 258 466 586 320 786 684 156 336 286 682 474 188 628 396 533 414 797 536 507 62 142 213 521 565 729 778 176 297 376 292 213 327 374 226 220 680 374 591 537 234 348 0 593 716 397 198 598 529 585 547 599 534 177 672 333 360 366 221 370 93 350 675 224 360 122 266 332 585 238 600 341 693 501 347 557 322 659 723 577 793 592 579 772 485 387 413 669 390 401 181 393 174 205 698 761 181 831 599 482 508 477 341 796 519 607 586 606 602 541 548 331 806 492 756 614 563 34 513 282 635 414 62 735 548 486 292 763 722 414 439 437
346 360 188 230 843 805 93 437 226 809 750 918 319 124 699 614 298 226 351 179 263 207 435 655 523 766 410 225 666 603 748 345 273 315 535 629 876 539 472 170 628 554 534 436 830 593 0 675 233 726 207 515 770 165 668 157 530 312 451 515 340 730 557 533 388 84 422 438 510 340 268 810 614 485 922 743 120 770 220 545 602 429 107 320 183 701 543 167 283 621 343 273 834 457 328 574 798 424 195 774 470 656 138 137 244 253 281 277 319 585 225 800 413 792 695 275 409 528 539 71 608 118 316 175 1006 531 142 688 372 820 842 235 405 401 479
603 664 659 479 804 442 584 415 652 208 804 841 570 792 313 882 391 719 943 645 612 468 991 759 575 699 981 860 26 158 727 754 757 564 856 420 666 489 504 569 371 138 1074 506 621 716 675 0 731 913 860 200 263 799 140 519 823 402 888 355 437 631 348 625 850 686 530 375 755 571 673 315 503 190 843 111 715 534 852 395 74 309 568 523 497 193 223 528 781 325 366 773 560 758 422 548 825 293 657 814 386 133 715 550 822 643 583 401 955 131 460 282 994 332 468 609 291 223 138 603 695 570 588 525 947 683 737 217 325 681 191 538 347 925 979
569 167 77 403 655 722 276 370 457 810 550 733 193 292 650 384 433 12 214 94 489 313 262 453 371 595 250 178 730 708 568 115 41 196 303 539 732 422 353 380 557 594 353 321 692 397 233 731 0 502 205 537 744 150 678 274 301 466 222 460 302 576 498 362 161 317 296 393 294 207 79 772 493 549 738 768 117 651 169 469 657 567 276 527 336 693 666 234 58 567 484 48 716 235 311 434 600 553 427 575 641 670 97 232 101 97 501 353 249 613 372 772 263 744 591 500 439 649 593 242 420 220 179 358 810 339 367 671 407 663 864 440 394 203 273
1028 373 538 826 275 625 739 517 937 870 166 338 452 794 658 126 810 505 567 549 956 709 509 156 340 307 534 640 926 976 257 387 468 460 210 513 470 423 418 839 562 789 502 429 463 198 726 913 502 0 678 728 767 640 794 698 201 854 345 558 554 353 565 291 391 811 414 558 219 435 459 760 423 797 343 885 618 493 633 518 857 913 732 965 760 770 968 647 470 604 854 477 533 269 581 366 195 889 910 180 1018 794 598 666 553 478 960 702 653 783 780 781 553 723 502 966 687 952 812 711 218 667 444 800 367 243 866 738 679 386 951 888 610 458 422
533 373 235 437 857 916 298 552 401 971 747 934 387 159 832 553 501 210 168 241 449 396 262 652 576 800 232 40 854 803 771 302 222 388 468 733 937 622 552 374 745 731 356 518 897 598 207 860 205 678 0 683 918 64 833 345 478 518 346 640 468 781 681 568 290 255 495 567 487 404 282 950 694 670 939 916 148 853 45 657 786 634 309 521 385 858 747 331 213 749 547 208 918 425 467 638 797 628 370 773 677 823 155 310 125 291 473 459 113 757 428 946 228 926 790 461 577 731 722 268 623 291 376 382 1007 542 270 839 541 868 1015 438 552 256 330
540 463 468 362 656 377 431 217 549 294 635 704 370 638 238 687 278 525 751 456 522 310 794 578 387 550 786 678 207 252 568 554 561 364 657 277 558 310 311 446 237 63 876 309 508 529 515 200 537 728 683 0 269 620 153 357 625 308 687 173 238 484 183 437 650 544 331 176 558 370 475 317 342 93 707 233 534 422 669 222 133 272 414 454 355 191 265 354 585 196 278 578 467 558 226 372 663 246 545 648 383 141 531 380 632 446 499 239 770 76 327 299 800 311 342 523 105 253 84 443 513 400 388 394 811 491 603 186 143 550 332 436 146 727 779
804 624 688 632 598 191 693 374 819 105 629 619 554 895 111 771 547 734 956 678 790 573 980 611 464 500 979 906 289 415 539 726 758 550 771 258 426 373 422 716 214 263 1047 442 388 585 770 263 744 767 918 269 0 853 139 617 734 575 841 285 449 435 250 511 820 809 470 352 663 545 671 53 347 344 620 167 770 310 897 289 272 519 676 718 623 83 467 604 781 185 543 776 317 687 451 413 637 495 815 632 618 153 762 633 845 647 767 503 991 225 597 29 996 70 269 791 366 461 297 701 556 653 570 663 721 574 869 84 402 461 190 706 367 908 945
507 317 171 391 805 852 249 488 379 907 699 883 325 161 767 518 448 152 186 176 423 339 273 603 517 745 247 63 794 747 718 256 174 324 433 669 879 559 490 336 681 669 371 455 837 547 165 799 150 640 64 620 853 0 770 289 439 469 323 575 403 723 616 511 262 230 433 502 441 342 223 886 632 609 888 853 85 791 56 593 725 583 259 486 334 793 693 271 170 684 496 163 856 380 403 578 749 575 347 724 633 759 90 252 95 229 444 399 159 694 376 882 248 862 727 435 515 677 661 217 570 232 313 336 959 489 259 775 478 811 952 400 488 249 327
669 584 613 508 668 304 585 326 693 140 675 702 499 791 173 775 420 667 893 602 661 463 929 638 463 564 924 827 163 279 594 681 698 494 759 288 525 373 401 595 238 128 1005 411 480 599 668 140 678 794 833 153 139 770 0 511 724 445 808 248 376 495 230 513 778 697 437 292 654 495 611 192 375 210 704 95 685 394 818 278 133 380 568 584 507 58 327 507 722 192 411 716 420 665 369 427 693 358 691 683 479 13 680 533 776 584 636 392 917 90 476 165 939 201 330 661 259 322 159 597 576 554 517 544 807 574 755 77 296 541 185 578 285 859 906
330 327 199 133 764 667 77 308 257 652 687 834 249 280 552 603 162 262 457 182 263 51 527 597 434 675 508 352 511 458 667 358 313 242 535 498 764 426 367 147 490 397 622 333 716 534 157 519 274 698 345 357 617 289 511 0 519 192 490 376 211 630 417 457 432 194 328 300 480 268 261 658 499 328 839 585 210 647 344 413 446 298 60 268 64 546 405 50 333 477 213 322 709 440 192 473 732 288 238 710 366 499 216 42 335 233 262 119 448 427 98 647 516 642 568 272 253 389 382 86 541 57 255 101 930 472 257 534 215 718 685 189 258 475 547
845 194 344 651 407 635 551 408 746 826 287 483 289 592 623 84 649 306 379 357 770 538 338 204 270 385 357 440 832 857 342 186 267 297 37 479 550 360 323 654 520 689 360 317 525 177 530 823 301 201 478 625 734 439 724 519 0 691 163 475 413 398 497 224 196 614 294 448 71 277 266 741 396 678 488 820 418 521 433 451 759 766 546 788 583 715 837 469 268 552 696 275 577 79 437 326 336 744 718 312 862 721 398 483 353 289 776 545 461 692 609 754 377 706 497 780 561 820 704 521 212 481 276 619 540 162 667 685 544 467 900 707 488 276 262
233 496 390 84 872 678 220 382 251 578 815 936 404 413 544 771 44 454 645 373 215 155 718 733 549 773 698 532 386 298 776 543 504 396 711 541 827 511 470 170 516 317 814 444 777 672 312 402 466 854 518 308 575 469 445 192 691 0 678 412 308 717 445 585 622 298 449 354 642 419 446 625 574 234 939 493 396 697 525 462 339 117 210 148 135 494 233 234 524 487 36 514 751 611 280 570 855 117 255 835 175 431 405 234 525 415 191 153 628 354 94 604 706 620 614 216 237 219 288 251 671 248 415 139 1038 615 340 493 216 799 589 136 294 667 739
791 224 291 622 571 768 498 482 677 925 451 646 318 484 734 219 642 232 221 308 710 522 175 366 391 545 193 306 892 893 504 138 181 325 138 598 707 473 419 602 631 749 210 400 679 333 451 888 222 345 346 687 841 323 808 490 163 678 0 563 452 552 593 355 62 533 373 517 211 316 233 856 524 721 651 903 331 665 302 551 817 771 498 748 553 809 860 444 167 656 692 178 724 162 471 454 498 754 646 475 854 802 312 448 228 265 723 549 308 760 587 865 213 823 629 722 604 843 757 464 366 439 300 579 700 300 575 781 578 625 991 662 541 114 107
642 342 407 437 486 291 452 89 616 361 461 540 268 637 191 528 371 449 671 399 603 343 696 406 219 381 694 626 368 426 396 443 472 265 510 129 415 136 152 504 114 232 766 163 364 360 515 355 460 558 640 173 285 575 248 376 475 412 563 0 176 317 42 270 538 568 190 76 405 259 385 312 173 257 543 344 494 284 616 52 299 416 436 558 402 245 434 349 496 108 393 490 341 417 186 199 490 389 604 475 530 245 485 379 561 362 588 284 708 225 391 312 710 286 202 608 178 420 258 451 341 397 285 449 646 328 633 218 196 392 428 516 123 624 664
515 232 239 302 568 465 284 98 465 508 506 635 134 461 365 485 263 291 517 229 462 190 556 426 241 473 549 457 440 446 471 317 323 127 440 290 553 217 165 352 288 298 637 136 504 366 340 437 302 554 468 238 449 403 376 211 413 308 452 176 0 423 218 277 412 398 141 100 353 139 237 482 289 270 639 466 320 436 447 206 366 359 269 438 252 393 424 176 347 284 302 340 499 338 27 269 547 336 448 527 465 367 313 207 400 208 453 155 544 314 254 478 563 460 359 468 152 407 304 278 363 223 151 299 735 311 463 372 131 510 562 378 92 488 541
937 408 563 724 173 274 697 335 887 540 197 222 412 837 333 398 673 571 740 564 885 614 723 211 208 68 736 753 650 733 104 494 564 415 434 211 158 207 262 775 259 534 758 297 127 221 730 631 576 353 781 484 435 723 495 630 398 717 552 317 423 0 300 214 562 803 308 363 340 391 500 418 145 573 225 576 662 141 744 265 592 733 684 857 675 457 749 587 580 306 702 581 184 394 447 157 202 706 868 197 847 499 645 616 668 497 876 573 808 515 676 444 755 381 167 892 492 736 566 683 186 628 418 722 328 254 867 426 503 89 625 801 424 653 657
677 374 447 474 472 249 494 129 655 332 457 521 305 679 151 545 405 488 708 440 640 383 730 411 232 366 729 666 363 434 386 476 509 302 532 97 384 143 175 543 73 236 798 192 334 370 557 348 498 565 681 183 250 616 230 417 497 445 593 42 218 300 0 283 570 610 220 118 425 295 423 273 159 273 524 325 536 251 657 47 299 441 477 592 442 218 449 391 532 68 424 528 305 442 228 200 482 414 643 469 555 229 526 421 600 401 624 323 747 222 429 275 746 246 169 645 208 436 266 492 347 439 322 488 628 343 674 189 231 369 403 553 162 658 695
783 194 356 571 309 414 516 226 713 606 231 384 215 633 400 262 540 358 529 360 721 455 519 150 50 235 529 539 638 684 214 281 350 221 261 255 372 141 127 605 297 499 565 142 335 93 533 625 362 291 568 437 511 511 513 457 224 585 355 270 277 214 283 0 355 612 135 267 153 194 288 517 172 507 388 608 454 311 530 235 567 631 504 710 512 498 679 409 366 332 579 367 372 192 304 102 275 606 690 252 740 512 437 435 454 289 717 432 594 495 523 531 548 481 275 729 398 663 521 495 86 443 217 557 474 62 674 467 393 300 683 642 321 448 462
730 196 233 563 599 761 437 453 615 899 481 675 280 423 716 265 587 171 184 249 648 467 165 391 384 563 173 250 853 846 525 96 120 286 180 585 720 461 401 541 615 711 228 378 688 350 388 850 161 391 290 650 820 262 778 432 196 622 62 538 412 562 570 355 0 470 350 485 227 282 183 839 518 678 681 871 268 666 245 531 778 718 438 688 495 782 810 388 105 636 638 116 728 169 429 450 530 702 584 506 798 771 250 390 168 215 662 498 265 724 530 845 193 807 622 660 562 793 716 403 381 380 262 519 737 308 513 756 534 640 962 602 503 92 129
278 443 272 214 921 860 116 497 149 837 831 996 396 117 746 699 296 310 415 262 194 235 504 736 598 841 477 283 674 596 826 430 356 391 619 688 945 606 542 131 683 576 602 506 898 675 84 686 317 811 255 544 809 230 697 194 614 298 533 568 398 803 610 612 470 0 494 492 594 417 352 851 681 501 1000 764 202 834 280 604 617 414 133 268 191 735 531 221 365 671 332 355 897 541 383 646 879 415 117 856 435 684 221 191 318 336 217 306 369 610 226 838 477 836 757 206 442 517 557 120 688 176 395 162 1085 612 65 725 406 892 863 190 452 476 554
649 154 264 437 436 426 391 114 585 551 366 507 108 532 366 357 404 288 496 262 589 321 511 284 105 348 512 473 538 568 339 257 299 110 326 243 454 126 57 475 266 395 577 27 410 224 422 530 296 414 495 331 470 433 437 328 294 449 373 190 141 308 220 135 350 494 0 154 227 90 217 489 199 388 511 532 362 358 464 181 465 499 378 576 379 435 555 282 321 285 444 318 423 229 169 152 409 475 564 387 606 432 348 310 397 204 584 296 545 399 389 494 530 458 295 597 274 538 411 375 221 320 119 425 603 171 559 408 264 398 618 509 198 439 475
578 292 335 369 523 367 376 41 545 418 481 583 207 560 265 511 310 382 607 326 534 270 638 414 220 422 634 554 383 418 429 389 409 202 481 199 477 160 140 432 191 240 713 132 427 360 438 375 393 558 567 176 352 502 292 300 448 354 517 76 100 363 118 267 485 492 154 0 381 203 322 383 219 239 587 386 420 352 545 114 310 375 360 496 330 301 412 272 433 184 339 427 411 382 109 222 516 348 531 498 488 285 412 303 493 296 521 215 639 245 322 380 649 360 271 540 134 397 257 374 348 320 225 377 688 317 557 278 140 445 477 448 60 567 614
809 154 321 609 373 567 520 340 718 755 259 451 238 586 552 132 599 296 411 332 737 493 384 166 199 336 398 452 764 793 297 185 267 246 108 408 496 289 253 620 448 622 418 249 467 122 510 755 294 219 487 558 663 441 654 480 71 642 211 405 353 340 425 153 227 594 227 381 0 223 242 670 326 614 456 749 406 457 444 379 691 710 513 748 542 643 777 429 274 481 645 279 515 62 379 256 310 688 691 285 811 651 387 447 363 260 741 493 487 623 564 683 418 635 428 747 498 760 638 492 155 448 227 581 519 93 651 613 483 414 829 669 423 316 317
597 93 174 391 504 515 322 171 520 618 420 578 20 445 446 354 376 198 412 173 531 274 436 329 183 425 434 383 576 585 409 186 214 26 303 331 542 217 147 414 350 432 510 114 498 266 340 571 207 435 404 370 545 342 495 268 277 419 316 259 139 391 295 194 282 417 90 203 223 0 129 568 290 409 583 589 273 449 373 262 501 488 311 531 327 501 561 218 237 363 422 232 514 200 161 239 466 467 497 443 587 488 257 242 309 113 530 269 456 443 345 571 450 540 385 540 291 544 442 301 274 248 28 369 669 204 480 476 270 481 680 456 224 365 411
580 97 79 395 588 643 285 296 480 740 487 665 117 350 574 350 409 72 285 91 504 290 319 391 294 523 312 257 674 664 498 97 87 120 276 460 655 343 274 389 479 534 401 242 615 332 268 673 79 459 282 475 671 223 611 261 266 446 233 385 237 500 423 288 183 352 217 322 242 129 0 696 414 496 670 703 169 572 247 391 600 537 281 528 326 623 628 213 111 491 459 105 637 190 250 356 537 520 452 513 622 603 150 222 180 32 511 316 327 551 357 697 327 668 512 514 382 610 537 255 351 218 101 357 747 271 409 599 353 588 797 444 329 251 309
854 644 718 679 575 157 735 401 866 137 615 590 579 934 122 773 595 761 981 710 839 616 1001 606 471 481 1001 937 341 468 523 746 783 576 778 262 392 383 438 762 224 314 1064 461 358 585 810 315 772 760 950 317 53 886 192 658 741 625 856 312 482 418 273 517 839 851 489 383 670 568 696 0 347 395 590 214 803 285 928 307 326 571 718 769 667 135 520 643 806 205 593 801 283 699 486 416 620 547 861 616 671 206 795 672 873 674 816 546 1020 277 642 34 1018 37 258 840 410 515 349 741 554 692 595 709 689 579 913 131 445 434 220 754 405 928 961
796 335 463 585 313 243 571 195 754 447 300 367 308 728 236 425 530 486 682 462 749 479 683 266 134 208 689 671 520 594 226 435 491 309 433 90 264 75 143 641 139 396 735 179 216 238 614 503 493 423 694 342 347 632 375 499 396 574 524 173 289 145 159 172 518 681 199 219 326 290 414 347 0 429 370 464 562 159 661 121 458 588 556 716 540 347 606 461 510 183 558 509 224 362 311 70 323 561 737 310 702 377 547 491 592 403 738 432 738 381 537 364 708 311 104 755 347 592 426 560 209 505 318 588 473 234 746 316 359 225 528 663 280 611 631
459 502 474 301 743 468 395 280 484 344 715 795 404 604 329 746 212 536 758 460 450 277 811 653 459 638 799 671 184 179 654 584 577 396 708 369 652 389 379 389 330 82 897 370 602 600 485 190 549 797 670 93 344 609 210 328 678 234 721 257 270 573 273 507 678 501 388 239 614 409 496 395 429 0 797 264 525 516 663 308 117 180 379 375 310 261 177 338 601 290 200 593 561 606 249 453 746 155 484 730 290 196 526 359 635 465 425 210 766 120 275 372 811 393 436 450 117 162 55 413 587 379 421 342 901 556 554 263 143 642 362 369 190 747 806
