78
0 583 260 256 401 720 693 705 606 315 265 360 291 209 560 210 543 593 643 761 593 255 202 240 502 451 412 450 420 232 255 614 217 469 311 174 535 523 371 222 335 415 385 702 600 598 423 95 581 299 353 383 631 95 318 514 443 202 258 577 363 600 185 462 218 210 618 267 262 351 434 86 179 174 323 257 734 233
583 0 627 725 454 934 799 837 1136 890 642 556 873 377 350 610 438 259 153 256 1039 587 414 556 709 386 936 1012 1003 390 346 726 685 540 532 613 128 72 399 388 262 950 899 262 247 690 554 581 350 569 599 896 732 652 473 571 235 784 673 565 310 896 674 383 637 577 365 335 564 853 814 628 505 755 858 798 695 489
260 627 0 117 245 461 439 448 519 470 525 145 377 300 448 50 390 524 624 721 415 40 235 70 245 328 325 431 491 414 406 364 473 263 555 87 531 555 261 397 371 347 287 643 536 355 209 165 469 551 113 283 383 338 174 299 411 350 518 371 528 349 120 339 50 62 502 415 514 239 203 340 419 293 268 472 510 138
256 725 117 0 363 494 511 510 412 381 510 259 274 371 566 115 507 639 734 835 344 154 315 178 317 445 213 314 380 460 464 445 441 375 567 114 637 654 376 445 463 232 175 758 651 443 320 179 587 555 221 172 464 306 290 407 520 271 494 480 585 360 71 457 88 149 620 474 517 128 185 317 434 215 150 408 607 239
401 454 245 363 0 486 376 406 754 685 631 117 609 284 204 262 149 289 408 490 611 210 230 195 254 86 567 677 731 420 385 294 610 99 606 292 336 384 63 402 258 591 529 407 303 263 99 325 224 618 164 525 305 496 84 144 218 561 638 186 485 442 351 96 284 234 257 387 589 481 382 486 486 509 514 655 350 169
720 934 461 494 486 0 173 131 619 861 986 414 741 723 611 511 513 719 857 903 393 474 655 500 240 547 544 671 806 854 834 216 928 394 1012 546 809 866 548 837 738 573 521 815 735 253 390 626 622 1011 392 519 217 791 503 365 701 763 976 389 950 147 552 551 502 517 632 840 975 500 318 797 877 708 568 902 357 547
693 799 439 511 376 173 0 42 737 892 954 342 781 646 460 487 364 567 707 741 521 438 582 454 195 418 621 752 868 782 753 83 910 276 958 526 671 735 439 765 634 651 591 655 583 113 294 598 468 963 340 588 70 777 418 235 573 780 951 235 860 257 552 418 488 482 472 757 929 558 372 776 827 723 621 909 185 483
705 837 448 510 406 131 42 0 713 891 968 362 777 670 500 497 403 607 747 784 493 450 604 469 202 453 607 738 859 806 779 112 921 307 977 535 709 771 469 788 664 637 578 697 623 147 319 610 509 981 354 575 104 786 442 268 609 782 963 275 888 229 556 454 495 495 514 783 946 548 361 787 845 725 613 914 226 503
606 1136 519 412 754 619 737 713 0 474 785 638 373 773 957 528 883 1041 1143 1240 226 559 723 587 598 840 201 182 326 837 853 709 695 734 887 523 1049 1067 779 825 874 191 237 1160 1054 728 684 567 977 861 591 240 726 598 693 749 930 467 753 818 968 484 463 851 500 561 1007 864 827 283 394 621 775 452 285 586 896 651
315 890 470 381 685 861 892 891 474 0 347 610 124 524 865 433 834 907 958 1076 583 490 515 494 699 749 358 293 164 509 547 825 258 730 473 398 850 834 670 506 650 338 361 1017 914 822 676 363 886 438 584 363 845 237 601 769 758 124 309 839 629 717 350 761 421 455 923 558 411 366 543 262 406 178 300 125 981 519
265 642 525 510 631 986 954 968 785 347 0 615 414 363 748 475 758 749 751 873 826 518 402 499 766 659 618 607 509 263 312 873 91 713 134 440 647 605 586 272 467 610 601 837 750 855 673 360 767 94 614 600 890 206 557 760 595 317 40 816 338 864 442 669 484 473 803 320 80 579 694 193 154 341 532 222 979 477
360 556 145 259 117 414 342 362 638 610 615 0 522 310 318 177 249 406 523 607 495 119 243 122 174 203 455 570 636 444 420 259 578 119 615 213 444 485 158 426 329 480 417 524 421 240 66 270 338 620 47 413 276 451 90 159 323 488 615 228 535 344 262 213 191 158 369 426 587 370 266 446 484 432 408 599 376 141
291 873 377 274 609 741 781 777 373 124 414 522 0 497 801 348 758 855 922 1036 460 403 472 413 591 681 235 192 130 515 544 718 324 641 525 317 816 811 603 508 619 218 237 970 864 718 586 305 822 496 489 238 738 246 527 677 713 102 381 748 644 596 259 693 330 375 858 556 463 243 423 272 430 117 176 215 882 451
209 377 300 371 284 723 646 670 773 524 363 310 497 0 386 266 397 398 434 553 709 269 68 237 483 298 572 638 627 136 110 563 365 378 322 256 326 314 230 119 126 583 538 499 402 537 352 207 404 337 332 535 577 291 228 425 243 411 378 470 230 636 310 307 291 239 441 117 310 495 504 270 210 379 489 450 634 177
560 350 448 566 204 611 460 500 957 865 748 318 801 386 0 460 97 107 247 300 805 411 361 393 415 121 771 880 926 498 452 396 749 240 690 485 224 296 197 484 290 794 733 213 124 358 279 502 21 712 365 729 398 655 277 252 170 742 765 224 513 606 547 109 484 429 58 449 690 685 578 639 594 694 716 817 345 349
210 610 50 115 262 511 487 497 528 433 475 177 348 266 460 0 411 528 619 721 443 57 204 67 294 339 329 423 468 371 367 411 423 296 506 38 522 539 266 355 349 347 291 646 539 400 243 115 482 501 154 288 430 289 183 336 404 311 468 405 490 396 88 351 27 33 516 376 465 244 243 290 370 255 260 427 550 123
543 438 390 507 149 513 364 403 883 834 758 249 758 397 97 411 0 205 344 395 720 357 357 344 322 99 704 819 879 523 481 298 746 151 715 441 310 378 173 508 327 729 666 307 221 260 198 473 110 733 293 662 300 639 233 156 228 710 769 128 560 512 499 90 431 383 128 480 707 619 496 627 607 658 657 799 266 316
593 259 524 639 289 719 567 607 1041 907 749 406 855 398 107 528 205 0 140 201 900 485 392 461 519 203 850 951 983 488 439 503 762 342 672 547 142 217 263 477 281 871 811 119 16 466 376 550 99 700 454 808 505 684 349 358 154 786 770 332 474 711 611 193 553 495 106 433 683 763 671 665 595 742 788 845 442 408
643 153 624 734 408 857 707 747 1143 958 751 523 922 434 247 619 344 140 0 122 1018 584 450 556 651 325 947 1039 1053 489 440 642 781 474 655 631 108 151 368 482 308 966 909 108 124 605 502 618 239 688 569 906 645 725 452 494 214 844 778 472 438 842 696 318 646 585 242 431 678 861 789 703 604 806 878 881 580 495
761 256 721 835 490 903 741 784 1240 1076 873 607 1036 553 300 721 395 201 122 0 1101 682 564 657 716 404 1047 1145 1166 611 563 687 903 540 775 738 229 270 461 605 428 1067 1009 88 186 650 577 731 285 809 655 1005 686 844 547 551 323 960 901 514 557 906 802 394 748 688 271 554 799 961 872 823 726 921 982 1002 592 599
593 1039 415 344 611 393 521 493 226 583 826 495 460 709 805 443 720 900 1018 1101 0 453 647 485 409 697 224 320 475 804 807 504 745 568 902 455 935 967 651 790 786 245 228 1016 915 528 525 524 823 884 448 228 519 621 569 572 814 526 802 635 929 264 414 706 418 472 848 817 847 246 229 638 773 488 298 667 690 553
255 587 40 154 210 474 438 450 559 490 518 119 403 269 411 57 357 485 584 682 453 0 201 32 248 291 365 468 522 388 376 359 472 239 538 94 491 516 222 371 333 386 326 604 497 346 185 160 433 536 99 323 378 340 136 278 371 368 513 348 498 371 143 302 74 44 466 384 501 278 237 338 402 312 305 482 494 100
202 414 235 315 230 655 582 604 723 515 402 243 472 68 361 204 357 392 450 564 647 201 0 169 415 259 522 598 602 201 179 498 390 319 378 201 344 347 184 183 152 536 487 502 399 474 288 169 382 389 263 484 513 294 164 366 243 396 412 416 298 567 260 270 231 175 419 186 359 442 438 277 256 356 443 456 580 108
240 556 70 178 195 500 454 469 587 494 499 122 413 237 393 67 344 461 556 657 485 32 169 0 268 272 391 490 535 358 345 374 458 238 513 96 462 485 199 341 301 410 352 580 473 358 187 148 414 513 114 349 392 329 115 280 343 370 497 347 467 401 155 283 92 38 449 353 478 305 269 325 378 316 326 477 499 67
502 709 245 317 254 240 195 202 598 699 766 174 591 483 415 294 322 519 651 716 409 248 415 268 0 327 452 582 685 616 594 127 718 176 781 332 588 639 313 598 499 482 418 628 535 133 155 407 431 782 155 415 147 584 262 167 473 585 761 226 709 191 356 333 294 292 450 600 747 380 206 585 647 528 438 714 304 309
451 386 328 445 86 547 418 453 840 749 659 203 681 298 121 339 99 203 325 404 697 291 259 272 327 0 652 759 806 425 383 341 650 153 617 365 262 319 79 409 234 675 613 321 217 306 176 386 142 634 251 610 349 546 156 185 155 626 671 195 468 518 427 12 363 308 177 383 608 566 468 533 508 576 596 708 352 231
412 936 325 213 567 544 621 607 201 358 618 455 235 572 771 329 704 850 947 1047 224 365 522 391 452 652 0 131 265 640 654 575 532 561 707 322 851 866 587 628 673 30 38 969 862 586 508 367 792 685 411 42 594 418 500 584 733 307 590 655 771 396 262 663 301 362 824 665 649 86 249 439 587 276 89 445 757 452
450 1012 431 314 677 671 752 738 182 293 607 570 192 638 880 423 819 951 1039 1145 320 468 598 490 582 759 131 0 157 683 704 706 516 681 714 407 938 945 689 673 750 101 163 1070 963 716 627 431 901 686 528 167 724 428 604 707 825 290 573 779 813 524 343 771 398 456 934 716 653 204 380 452 610 284 163 404 886 545
420 1003 491 380 731 806 868 859 326 164 509 636 130 627 926 468 879 983 1053 1166 475 522 602 535 685 806 265 157 0 640 671 812 418 755 630 440 947 941 729 634 749 237 284 1099 993 816 699 435 947 597 600 287 831 366 650 787 843 222 471 860 766 658 379 818 447 497 983 683 568 310 498 392 548 248 247 289 984 577
232 390 414 460 420 854 782 806 837 509 263 444 515 136 498 371 523 488 489 611 804 388 201 358 616 425 640 683 640 0 49 699 295 515 192 351 384 345 364 17 209 646 611 573 489 673 488 281 515 214 462 609 714 275 364 562 337 417 289 604 131 759 391 433 393 351 550 57 194 573 615 249 115 402 553 410 768 306
255 346 406 464 385 834 753 779 853 547 312 420 544 110 452 367 481 439 440 563 807 376 179 345 594 383 654 704 671 49 0 670 342 482 237 351 335 298 326 42 161 661 622 524 439 643 459 288 468 262 442 620 684 310 336 528 289 449 338 567 123 745 398 391 390 343 503 11 244 582 609 285 163 429 567 452 731 287
614 726 364 445 294 216 83 112 709 825 873 259 718 563 396 411 298 503 642 687 504 359 498 374 127 341 575 706 812 699 670 0 831 195 875 450 600 660 357 681 552 605 543 599 520 37 211 520 406 880 260 539 19 699 334 156 497 710 871 173 777 250 480 343 414 404 416 674 847 506 326 698 744 653 566 836 186 401
217 685 473 441 610 928 910 921 695 258 91 578 324 365 749 423 746 762 781 903 745 472 390 458 718 650 532 516 418 295 342 831 0 684 215 386 674 640 573 299 483 523 518 858 766 816 640 311 768 180 571 517 849 136 531 730 607 228 57 791 394 800 377 660 427 427 806 352 154 499 626 133 179 257 448 135 950 447
469 540 263 375 99 394 276 307 734 730 713 119 641 378 240 296 151 342 474 540 568 239 319 238 176 153 561 681 755 515 482 195 684 0 698 332 416 471 162 497 357 588 523 453 358 163 55 383 257 708 154 520 206 562 156 47 306 607 717 109 584 368 382 158 311 275 280 485 677 478 345 555 573 551 522 714 266 237
311 532 555 567 606 1012 958 977 887 473 134 615 525 322 690 506 715 672 655 775 902 538 378 513 781 617 707 714 630 192 237 875 215 698 0 476 556 505 553 207 399 704 685 748 672 851 666 395 706 40 625 684 890 289 543 745 525 424 173 792 222 903 496 625 521 495 741 241 62 657 743 268 136 435 618 351 956 474
174 613 87 114 292 546 526 535 523 398 440 213 317 256 485 38 441 547 631 738 455 94 201 96 332 365 322 407 440 351 351 450 386 332 476 0 532 544 289 335 351 337 286 665 558 439 279 81 506 469 192 283 468 251 209 372 417 275 431 441 474 428 64 377 44 58 542 361 433 241 268 253 340 220 247 388 588 139
535 128 531 637 336 809 671 709 1049 850 647 444 816 326 224 522 310 142 108 229 935 491 344 462 588 262 851 938 947 384 335 600 674 416 556 532 0 75 286 376 200 868 813 191 133 563 434 513 225 588 489 810 605 616 366 445 121 736 673 437 346 778 595 258 549 488 244 327 575 766 707 594 498 700 779 773 569 398
523 72 555 654 384 866 735 771 1067 834 605 485 811 314 296 539 378 217 151 270 967 516 347 485 639 319 866 945 941 345 298 660 640 471 505 544 75 0 328 341 194 881 829 252 208 624 483 515 299 538 527 826 667 597 400 504 165 725 634 503 287 825 606 317 567 506 319 288 530 783 742 573 461 693 790 748 640 418
371 399 261 376 63 548 439 469 779 670 586 158 603 230 197 266 173 263 368 461 651 222 184 199 313 79 587 689 729 364 326 357 573 162 553 289 286 328 0 347 195 608 548 382 275 325 158 306 218 567 203 544 368 467 86 206 165 546 596 240 423 497 352 91 291 234 254 328 539 500 422 454 437 497 525 628 404 152
222 388 397 445 402 837 765 788 825 506 272 426 508 119 484 355 508 477 482 605 790 371 183 341 598 409 628 673 634 17 42 681 299 497 207 335 376 341 347 0 197 634 598 564 478 655 470 266 501 227 444 596 696 270 346 544 325 411 296 587 142 742 377 417 377 334 537 53 206 559 599 245 121 394 541 410 751 289
335 262 371 463 258 738 634 664 874 650 467 329 619 126 290 349 327 281 308 428 786 333 152 301 499 234 673 750 749 209 161 552 483 357 399 351 200 194 195 197 0 688 637 376 283 521 349 320 306 423 365 634 564 416 239 400 128 536 489 427 233 673 412 239 377 317 341 158 403 592 567 395 314 501 595 574 586 233
415 950 347 232 591 573 651 637 191 338 610 480 218 583 794 347 729 871 966 1067 245 386 536 410 482 675 30 101 237 646 661 605 523 588 704 337 868 881 608 634 688 0 64 990 883 615 534 376 815 681 436 68 623 414 522 611 751 296 581 683 777 426 275 686 320 380 847 673 645 110 279 436 588 270 94 430 786 470
385 899 287 175 529 521 591 578 237 361 601 417 237 538 733 291 666 811 909 1009 228 326 487 352 418 613 38 163 284 611 622 543 518 523 685 286 813 829 548 598 637 64 0 930 824 552 470 334 753 665 372 3 561 398 462 546 695 297 575 618 741 374 227 624 264 325 785 633 628 47 218 418 562 260 69 439 723 415
702 262 643 758 407 815 655 697 1160 1017 837 524 970 499 213 646 307 119 108 88 1016 604 502 580 628 321 969 1070 1099 573 524 599 858 453 748 665 191 252 382 564 376 990 930 0 107 562 491 664 197 779 572 927 598 789 468 463 259 898 861 426 537 818 729 310 672 613 183 516 766 882 788 769 685 856 907 949 509 526
600 247 536 651 303 735 583 623 1054 914 750 421 864 402 124 539 221 16 124 186 915 497 399 473 535 217 862 963 993 489 439 520 766 358 672 558 133 208 275 478 283 883 824 107 0 482 391 559 115 700 468 820 521 690 362 374 159 795 772 348 471 727 622 208 565 506 120 433 683 776 686 671 597 751 800 851 457 419
598 690 355 443 263 253 113 147 728 822 855 240 718 537 358 400 260 466 605 650 528 346 474 358 133 306 586 716 816 673 643 37 816 163 851 439 563 624 325 655 521 615 552 562 482 0 185 506 369 858 247 548 43 686 309 122 462 705 854 135 748 280 473 307 406 390 378 646 826 513 339 684 723 647 571 827 170 379
423 554 209 320 99 390 294 319 684 676 673 66 586 352 279 243 198 376 502 577 525 185 288 187 155 176 508 627 699 488 459 211 640 55 666 279 434 483 158 470 349 534 470 491 391 185 0 335 298 673 99 466 225 515 123 93 318 554 675 162 568 343 328 184 257 224 324 463 641 424 299 509 538 498 467 664 312 196
95 581 165 179 325 626 598 610 567 363 360 270 305 207 502 115 473 550 618 731 524 160 169 148 407 386 367 431 435 281 288 520 311 383 395 81 513 515 306 266 320 376 334 664 559 506 335 0 524 388 260 332 538 180 241 427 408 239 353 493 408 509 110 398 126 116 560 299 351 293 347 178 260 192 282 331 647 156
581 350 469 587 224 622 468 509 977 886 767 338 822 404 21 482 110 99 239 285 823 433 382 414 431 142 792 901 947 515 468 406 768 257 706 506 225 299 218 501 306 815 753 197 115 369 298 524 0 729 385 750 407 675 298 266 183 763 783 234 525 621 569 130 505 450 37 464 707 706 597 659 612 715 737 838 345 371
299 569 551 555 618 1011 963 981 861 438 94 620 496 337 712 501 733 700 688 809 884 536 389 513 782 634 685 686 597 214 262 880 180 708 40 469 588 538 567 227 423 681 665 779 700 858 673 388 729 0 627 664 896 266 552 755 551 395 134 805 259 897 484 643 514 493 764 267 37 638 734 246 135 410 597 314 969 479
353 599 113 221 164 392 340 354 591 584 614 47 489 332 365 154 293 454 569 655 448 99 263 114 155 251 411 528 600 462 442 260 571 154 625 192 489 527 203 444 365 436 372 572 468 247 99 260 385 627 0 368 278 440 127 187 368 463 611 259 560 309 233 261 163 143 415 449 592 326 219 438 491 407 367 581 397 155
383 896 283 172 525 519 588 575 240 363 600 413 238 535 729 288 662 808 906 1005 228 323 484 349 415 610 42 167 287 609 620 539 517 520 684 283 810 826 544 596 634 68 3 927 820 548 466 332 750 664 368 0 558 397 458 543 692 298 574 615 738 371 225 621 260 321 781 631 627 44 215 417 561 260 69 439 719 411
631 732 383 464 305 217 70 104 726 845 890 276 738 577 398 430 300 505 645 686 519 378 513 392 147 349 594 724 831 714 684 19 849 206 890 468 605 667 368 696 564 623 561 598 521 43 225 538 407 896 278 558 0 718 349 165 505 729 889 173 790 262 499 350 433 422 415 688 863 525 344 716 761 672 585 855 171 417
95 652 338 306 496 791 777 786 598 237 206 451 246 291 655 289 639 684 725 844 621 340 294 329 584 546 418 428 366 275 310 699 136 562 289 251 616 597 467 270 416 414 398 789 690 686 515 180 675 266 440 397 718 0 413 607 531 144 187 671 400 664 241 558 291 296 713 322 230 374 491 26 184 145 330 162 827 328
318 473 174 290 84 503 418 442 693 601 557 90 527 228 277 183 233 349 452 547 569 136 164 115 262 156 500 604 650 364 336 334 531 156 543 209 366 400 86 346 239 522 462 468 362 309 123 241 298 552 127 458 349 413 0 204 244 477 561 260 447 434 270 168 207 152 333 341 520 414 342 404 417 424 440 571 421 85
514 571 299 407 144 365 235 268 749 769 760 159 677 425 252 336 156 358 494 551 572 278 366 280 167 185 584 707 787 562 528 156 730 47 745 372 445 504 206 544 400 611 546 463 374 122 93 427 266 755 187 543 165 607 204 0 340 647 764 72 629 355 419 187 348 317 283 531 724 502 356 601 621 591 550 757 220 284
443 235 411 520 218 701 573 609 930 758 595 323 713 243 170 404 228 154 214 323 814 371 243 343 473 155 733 825 843 337 289 497 607 306 525 417 121 165 165 325 128 751 695 259 159 462 318 408 183 551 368 692 505 531 244 340 0 639 616 346 343 661 481 155 431 371 216 284 531 648 586 511 441 598 664 692 494 281
202 784 350 271 561 763 780 782 467 124 317 488 102 411 742 311 710 786 844 960 526 368 396 370 585 626 307 290 222 417 449 710 228 607 424 275 736 725 546 411 536 296 297 898 795 705 554 239 763 395 463 298 729 144 477 647 639 0 286 717 544 623 231 638 300 332 800 461 362 288 446 171 328 57 228 143 861 395
258 673 518 494 638 976 951 963 753 309 40 615 381 378 765 468 769 770 778 901 802 513 412 497 761 671 590 573 471 289 338 871 57 717 173 431 673 634 596 296 489 581 575 861 772 854 675 353 783 134 611 574 889 187 561 764 616 286 0 821 372 851 427 681 474 468 820 347 117 556 678 179 175 314 505 183 983 480
577 565 371 480 186 389 235 275 818 839 816 228 748 470 224 405 128 332 472 514 635 348 416 347 226 195 655 779 860 604 567 173 791 109 792 441 437 503 240 587 427 683 618 426 348 135 162 493 234 805 259 615 173 671 260 72 346 717 821 0 660 404 490 192 419 385 242 568 775 574 423 663 672 661 623 824 164 344
363 310 528 585 485 950 860 888 968 629 338 535 644 230 513 490 560 474 438 557 929 498 298 467 709 468 771 813 766 131 123 777 394 584 222 474 346 287 423 142 233 777 741 537 471 748 568 408 525 259 560 738 790 400 447 629 343 544 372 660 0 866 518 473 513 466 557 113 258 702 732 374 223 532 683 521 820 407
600 896 349 360 442 147 257 229 484 717 864 344 596 636 606 396 512 711 842 906 264 371 567 401 191 518 396 524 658 759 745 250 800 368 903 428 778 825 497 742 673 426 374 818 727 280 343 509 621 897 309 371 262 664 434 355 661 623 851 404 866 0 423 524 383 410 639 753 861 354 177 672 767 569 421 764 431 458
185 674 120 71 351 552 552 556 463 350 442 262 259 310 547 88 499 611 696 802 414 143 260 155 356 427 262 343 379 391 398 480 377 382 496 64 595 606 352 377 412 275 227 729 622 473 328 110 569 484 233 225 499 241 270 419 481 231 427 490 518 423 0 439 70 118 604 409 446 185 251 249 363 174 184 358 630 203
462 383 339 457 96 551 418 454 851 761 669 213 693 307 109 351 90 193 318 394 706 302 270 283 333 12 663 771 818 433 391 343 660 158 625 377 258 317 91 417 239 686 624 310 208 307 184 398 130 643 261 621 350 558 168 187 155 638 681 192 473 524 439 0 375 320 165 390 617 577 477 544 517 588 607 719 347 243
218 637 50 88 284 502 488 495 500 421 484 191 330 291 484 27 431 553 646 748 418 74 231 92 294 363 301 398 447 393 390 414 427 311 521 44 549 567 291 377 377 320 264 672 565 406 257 126 505 514 163 260 433 291 207 348 431 300 474 419 513 383 70 375 0 61 539 400 477 217 224 295 385 243 234 422 560 151
210 577 62 149 234 517 482 495 561 455 473 158 375 239 429 33 383 495 585 688 472 44 175 38 292 308 362 456 497 351 343 404 427 275 495 58 488 506 234 334 317 380 325 613 506 390 224 116 450 493 143 321 422 296 152 317 371 332 468 385 466 410 118 320 61 0 485 352 457 278 265 294 360 277 294 441 534 90
618 365 502 620 257 632 472 514 1007 923 803 369 858 441 58 516 128 106 242 271 848 466 419 449 450 177 824 934 983 550 503 416 806 280 741 542 244 319 254 537 341 847 785 183 120 378 324 560 37 764 415 781 415 713 333 283 216 800 820 242 557 639 604 165 539 485 0 499 743 738 623 697 649 751 771 875 338 407
267 335 415 474 387 840 757 783 864 558 320 426 556 117 449 376 480 433 431 554 817 384 186 353 600 383 665 716 683 57 11 674 352 485 241 361 327 288 328 53 158 673 633 516 433 646 463 299 464 267 449 631 688 322 341 531 284 461 347 568 113 753 409 390 400 352 499 0 250 593 618 296 173 441 579 463 732 295
262 564 514 517 589 975 929 946 827 411 80 587 463 310 690 465 707 683 678 799 847 501 359 478 747 608 649 653 568 194 244 847 154 677 62 433 575 530 539 206 403 645 628 766 683 826 641 351 707 37 592 627 863 230 520 724 531 362 117 775 258 861 446 617 477 457 743 250 0 601 696 210 103 375 561 289 939 446
351 853 239 128 481 500 558 548 283 366 579 370 243 495 685 244 619 763 861 961 246 278 442 305 380 566 86 204 310 573 582 506 499 478 657 241 766 783 500 559 592 110 47 882 776 513 424 293 706 638 326 44 525 374 414 502 648 288 556 574 702 354 185 577 217 278 738 593 601 0 188 392 530 244 67 431 684 368
434 814 203 185 382 318 372 361 394 543 694 266 423 504 578 243 496 671 789 872 229 237 438 269 206 468 249 380 498 615 609 326 626 345 743 268 707 742 422 599 567 279 218 788 686 339 299 347 597 734 219 215 344 491 342 356 586 446 678 423 732 177 251 477 224 265 623 618 696 188 0 501 608 392 253 587 510 335
86 628 340 317 486 797 776 787 621 262 193 446 272 270 639 290 627 665 703 823 638 338 277 325 585 533 439 452 392 249 285 698 133 555 268 253 594 573 454 245 395 436 418 769 671 684 509 178 659 246 438 417 716 26 404 601 511 171 179 663 374 672 249 544 295 294 697 296 210 392 501 0 158 169 350 180 821 319
179 505 419 434 486 877 827 845 775 406 154 484 430 210 594 370 607 595 604 726 773 402 256 378 647 508 587 610 548 115 163 744 179 573 136 340 498 461 437 121 314 588 562 685 597 723 538 260 612 135 491 561 761 184 417 621 441 328 175 672 223 767 363 517 385 360 649 173 103 530 608 158 0 326 498 299 836 343
174 755 293 215 509 708 723 725 452 178 341 432 117 379 694 255 658 742 806 921 488 312 356 316 528 576 276 284 248 402 429 653 257 551 435 220 700 693 497 394 501 270 260 856 751 647 498 192 715 410 407 260 672 145 424 591 598 57 314 661 532 569 174 588 243 277 751 441 375 244 392 169 326 0 191 194 804 344
323 858 268 150 514 568 621 613 285 300 532 408 176 489 716 260 657 788 878 982 298 305 443 326 438 596 89 163 247 553 567 566 448 522 618 247 779 790 525 541 595 94 69 907 800 571 467 282 737 597 367 69 585 330 440 550 664 228 505 623 683 421 184 607 234 294 771 579 561 67 253 350 498 191 0 370 740 383
257 798 472 408 655 902 909 914 586 125 222 599 215 450 817 427 799 845 881 1002 667 482 456 477 714 708 445 404 289 410 452 836 135 714 351 388 773 748 628 410 574 430 439 949 851 827 664 331 838 314 581 439 855 162 571 757 692 143 183 824 521 764 358 719 422 441 875 463 289 431 587 180 299 194 370 0 976 485
734 695 510 607 350 357 185 226 896 981 979 376 882 634 345 550 266 442 580 592 690 494 580 499 304 352 757 886 984 768 731 186 950 266 956 588 569 640 404 751 586 786 723 509 457 170 312 647 345 969 397 719 171 827 421 220 494 861 983 164 820 431 630 347 560 534 338 732 939 684 510 821 836 804 740 976 0 503
233 489 138 239 169 547 483 503 651 519 477 141 451 177 349 123 316 408 495 599 553 100 108 67 309 231 452 545 577 306 287 401 447 237 474 139 398 418 152 289 233 470 415 526 419 379 196 156 371 479 155 411 417 328 85 284 281 395 480 344 407 458 203 243 151 90 407 295 446 368 335 319 343 344 383 485 503 0
