132
0 327 539 528 316 312 757 528 702 123 201 97 651 632 411 136 398 837 218 117 207 751 259 710 224 209 802 430 546 473 328 579 200 763 690 126 559 757 316 849 507 234 359 352 354 365 900 390 680 623 737 174 798 753 414 503 798 435 415 389 476 392 545 570 177 436 363 48 731 138 536 638 94 833 206 476 595 856 450 225 211 790 594 655 287 728 247 716 120 239 568 618 574 908 520 231 829 393 779 331 153 91 546 411 539 272 388 414 193 272 608 364 420 254 858 99 863 825 535 593 641 679 829 429 601 595 376 742 804 244 513 299
327 0 282 509 444 330 440 774 530 384 448 401 665 344 109 429 113 758 109 286 261 540 83 434 433 122 614 272 610 174 272 767 527 621 738 236 637 472 297 782 442 549 362 110 644 457 859 354 410 572 451 478 756 453 292 262 627 245 662 616 185 253 229 246 267 665 110 351 434 458 303 580 370 535 268 151 853 827 656 102 118 638 593 761 502 748 357 436 269 553 417 663 604 894 708 431 510 177 678 17 179 394 329 698 493 328 288 108 205 449 800 492 323 554 549 234 828 835 636 598 334 535 822 588 639 271 639 685 672 559 661 127
539 282 0 389 724 342 269 831 272 631 569 632 535 108 175 590 169 540 352 446 538 261 299 170 699 346 340 156 534 348 271 770 719 373 623 491 568 219 306 570 305 712 643 195 764 456 660 297 140 406 201 639 565 230 198 39 361 125 736 679 105 186 331 200 538 721 187 578 206 640 43 405 538 302 373 268 916 638 694 357 347 381 465 692 583 607 635 178 526 715 203 559 501 710 720 699 341 145 452 295 392 572 78 809 354 374 560 315 351 518 803 506 229 698 341 441 635 677 586 475 153 297 651 600 533 201 731 491 426 720 647 408
528 509 389 0 827 220 646 525 293 652 412 620 157 484 463 481 438 311 487 412 660 386 453 490 750 464 383 260 152 661 244 420 618 293 238 572 186 541 233 321 84 566 814 406 545 195 374 159 461 98 534 511 270 583 225 361 356 299 464 407 445 262 678 578 643 430 412 576 561 545 348 115 462 629 331 596 605 333 388 503 469 326 84 305 364 238 743 505 598 566 211 170 111 393 382 756 711 353 267 527 464 494 319 568 42 257 777 603 379 315 448 235 189 529 686 472 338 326 215 90 540 238 318 287 144 585 482 214 314 569 296 613
316 444 724 827 0 606 863 807 948 205 510 259 961 787 554 432 555 1127 380 420 186 974 431 879 115 394 1041 669 861 488 598 883 395 1026 1005 258 875 915 599 1143 791 473 146 533 611 679 1202 675 855 916 893 448 1098 891 668 698 1046 657 701 688 630 635 567 664 192 732 538 275 873 395 738 930 408 972 495 539 860 1160 753 371 391 1048 899 971 598 1040 89 880 229 478 820 932 885 1216 827 103 925 596 1059 435 371 391 759 664 831 572 254 463 453 588 910 680 686 514 977 355 1166 1136 851 900 770 938 1138 743 913 690 656 1037 1072 482 827 328
312 330 342 220 606 0 609 491 411 435 245 407 361 451 325 292 299 525 280 194 442 478 258 498 531 256 513 187 284 500 74 450 433 458 421 352 309 552 38 539 195 401 598 251 428 130 595 81 466 311 537 333 491 572 150 303 501 217 394 337 342 156 537 478 423 380 261 360 548 354 317 326 258 639 111 452 576 554 357 297 261 487 295 431 241 443 522 510 377 402 279 345 289 611 394 537 682 229 466 347 246 294 308 469 227 44 571 436 162 177 484 173 134 376 683 251 559 537 305 296 488 378 534 271 322 494 389 431 495 406 336 413
757 440 269 646 863 609 0 1100 438 825 824 839 779 164 345 833 360 722 543 684 692 366 498 178 870 547 448 426 796 385 536 1040 951 535 870 677 830 150 571 755 563 956 747 409 1023 726 851 567 196 642 141 883 772 87 468 307 487 392 1003 947 285 453 317 199 703 989 398 787 99 875 304 636 776 134 624 324 1185 840 963 540 546 527 715 952 847 844 783 163 710 960 440 813 757 913 990 867 73 390 635 443 603 807 328 1070 607 638 641 400 587 783 1072 776 498 949 116 658 834 899 852 725 121 489 866 870 788 173 995 701 583 965 915 536
528 774 831 525 807 491 1100 0 818 605 336 549 511 940 803 391 779 762 680 496 735 908 690 977 693 659 908 674 398 946 565 156 419 812 471 649 374 1030 530 752 583 337 883 727 201 377 743 537 945 600 1018 362 678 1058 634 793 879 707 114 158 832 647 1001 965 705 111 738 550 1034 413 802 619 438 1120 508 918 84 696 140 696 664 845 514 350 271 538 761 989 648 331 715 447 458 706 153 705 1172 719 759 786 613 436 786 159 566 468 915 881 568 328 158 326 606 293 1168 570 709 609 330 504 980 764 642 241 454 982 152 670 822 329 239 802
702 530 272 293 948 411 438 818 0 816 653 800 376 306 435 704 420 285 568 588 762 97 518 260 900 554 101 279 437 620 375 711 844 103 465 695 470 299 393 317 239 810 889 424 817 462 413 331 243 240 300 744 334 356 288 275 98 291 750 691 374 315 601 462 755 720 421 748 339 764 236 227 666 376 499 540 899 402 679 579 557 110 329 572 628 425 858 275 728 812 134 426 383 475 676 903 486 357 196 546 583 702 204 848 252 455 817 583 513 569 739 511 284 782 439 617 396 467 505 340 370 60 431 577 405 455 762 266 156 815 590 657
123 384 631 652 205 435 825 605 816 0 305 55 775 716 484 226 476 960 284 240 170 859 335 799 101 286 914 539 668 498 445 677 208 881 811 147 679 843 436 973 629 277 285 437 413 488 1024 511 771 746 823 244 921 832 527 599 913 538 497 482 555 501 576 630 143 526 446 76 812 191 635 761 206 914 326 520 663 980 548 285 286 907 717 770 393 851 158 804 116 282 682 740 697 1031 621 110 895 488 900 383 239 187 648 469 662 395 347 449 303 388 705 483 537 314 932 199 987 947 652 717 715 796 953 540 723 655 453 866 923 287 623 314
201 448 569 412 510 245 824 336 653 305 0 255 502 675 496 81 475 721 348 163 406 724 365 734 405 329 754 424 383 617 303 377 206 689 523 316 388 786 272 726 422 157 561 422 200 220 760 322 702 510 770 98 664 799 391 530 739 446 222 188 541 387 677 663 376 237 434 235 775 140 551 528 107 872 200 598 410 714 248 363 333 720 457 467 88 570 447 744 319 158 524 457 424 756 319 415 898 433 679 459 278 118 547 251 437 203 582 552 247 99 407 195 379 131 909 234 722 665 356 453 702 615 678 236 445 684 191 621 720 162 318 466
97 401 632 620 259 407 839 549 800 55 255 0 736 722 495 174 484 930 295 214 215 849 343 802 150 292 900 528 626 529 426 623 156 861 769 170 635 847 413 941 603 222 340 441 358 448 988 486 772 716 828 189 887 841 512 597 896 531 442 428 563 489 605 647 186 472 451 53 819 135 631 731 163 921 303 544 607 944 494 299 293 888 681 722 342 811 213 807 145 227 666 699 658 993 568 160 910 487 874 402 240 138 642 413 633 365 396 476 290 342 650 439 518 258 944 191 951 907 607 680 726 777 914 491 683 673 398 834 901 231 573 346
651 665 535 157 961 361 779 511 376 775 502 736 0 621 620 579 595 251 637 541 803 473 607 612 875 614 442 416 125 818 397 373 706 330 90 711 138 660 381 244 235 642 959 563 587 288 259 313 586 139 656 599 172 708 382 510 404 454 483 435 599 419 834 729 782 441 569 698 688 642 492 149 573 744 469 753 580 212 392 654 619 362 73 201 432 82 880 627 734 640 340 63 78 256 357 883 839 510 255 683 608 602 460 595 182 390 928 760 523 402 393 306 347 597 804 608 221 176 183 67 681 316 178 308 60 734 515 160 326 642 273 766
632 344 108 484 787 451 164 940 306 716 675 722 621 0 235 693 240 590 432 547 605 259 381 94 775 430 346 265 632 358 380 876 819 409 711 571 666 128 414 622 400 815 692 280 872 564 716 405 79 486 107 742 629 123 306 148 377 233 845 788 161 295 317 169 610 830 270 668 100 740 140 482 639 200 477 279 1025 700 802 433 430 408 555 789 691 689 701 93 605 818 281 652 595 773 826 774 233 245 501 352 481 672 165 917 446 482 597 344 449 627 908 614 335 804 233 533 695 750 688 565 64 347 720 707 626 155 840 556 460 823 752 461
411 109 175 463 554 325 345 803 435 484 496 495 620 235 0 494 26 681 200 345 370 436 152 325 540 202 513 206 584 199 254 775 607 531 700 337 615 363 287 708 387 617 467 76 696 455 791 322 301 512 342 544 690 348 238 160 529 170 697 645 75 202 217 166 375 692 65 442 328 532 201 516 436 430 299 133 886 762 676 199 201 545 547 741 535 700 467 327 371 621 335 628 568 832 719 538 417 110 597 120 258 465 231 748 440 337 385 150 250 475 809 497 274 615 448 313 762 782 621 554 231 448 764 596 602 188 680 616 584 626 660 233
136 429 590 481 432 292 833 391 704 226 81 174 579 693 494 0 475 792 323 149 344 768 351 759 325 307 805 456 463 590 337 451 140 748 604 261 469 810 312 799 482 123 493 424 221 293 837 373 728 579 792 49 739 817 429 552 794 472 279 257 548 417 657 660 313 303 436 161 793 63 578 597 59 892 218 581 458 791 321 335 311 778 532 549 168 650 374 768 257 126 571 537 501 835 394 335 907 448 745 438 251 45 579 278 502 248 524 528 246 177 479 275 422 125 925 198 799 745 437 529 713 670 757 317 523 683 239 693 782 132 399 426
398 113 169 438 555 299 360 779 420 476 475 484 595 240 26 475 0 661 191 326 370 427 141 327 536 191 501 182 558 223 228 749 591 515 675 331 588 368 260 687 362 599 475 52 675 429 769 296 301 488 347 525 667 357 212 149 516 147 673 621 79 176 243 188 372 668 41 431 336 516 190 493 418 438 276 159 862 739 651 193 190 529 522 715 512 676 467 330 365 602 315 603 542 809 693 535 433 84 578 127 244 448 217 726 416 312 397 170 230 451 783 472 248 595 460 298 739 758 595 529 243 430 741 570 577 208 657 594 567 608 634 240
837 758 540 311 1127 525 722 762 285 960 721 930 251 590 681 792 661 0 765 720 952 360 723 543 1057 745 290 486 371 878 529 621 927 186 304 869 389 578 528 34 335 871 1097 648 831 501 130 452 528 214 582 820 93 637 471 532 246 515 733 681 634 509 871 738 937 691 650 885 622 856 499 199 773 646 635 802 830 132 643 779 750 200 267 434 663 239 1040 558 897 870 347 314 314 199 609 1062 765 583 88 776 757 806 464 844 297 565 1044 832 674 622 638 533 446 830 710 773 122 226 434 274 654 244 181 554 310 734 762 99 144 873 524 878
218 109 352 487 380 280 543 680 568 284 348 295 637 432 200 323 191 765 0 185 194 595 52 517 346 24 660 290 564 269 242 688 417 649 701 139 587 559 256 785 433 440 331 157 540 395 854 327 489 564 539 371 749 548 295 323 667 277 567 525 271 259 334 353 189 574 164 244 527 349 361 575 263 629 191 260 758 817 571 17 18 670 567 706 411 720 290 521 174 445 442 625 569 880 629 346 615 216 691 115 71 286 380 595 480 264 291 205 125 363 721 421 318 448 648 125 820 812 579 571 431 562 805 513 602 378 540 682 697 450 591 134
117 286 446 412 420 194 684 496 588 240 163 214 541 547 345 149 326 720 185 0 275 642 205 617 338 166 689 323 442 454 213 516 273 647 586 180 458 666 199 733 389 272 435 275 357 261 785 272 585 506 648 199 682 670 302 408 683 333 382 342 399 283 516 511 250 392 287 165 647 193 438 521 92 747 89 437 573 742 393 200 170 674 480 564 229 619 341 625 196 276 454 512 464 796 456 344 758 302 661 297 116 125 443 411 422 155 436 390 97 191 548 269 305 270 778 80 749 715 439 480 564 563 718 349 493 534 355 625 687 281 432 307
207 261 538 660 186 442 692 735 762 170 406 215 803 605 370 344 370 952 194 275 0 788 245 695 179 210 854 484 713 338 423 781 371 843 856 94 732 733 428 970 617 428 160 346 557 533 1034 504 671 745 712 378 929 713 486 512 861 471 622 595 446 452 418 493 30 643 352 191 694 333 552 757 299 794 334 373 801 994 654 184 206 864 737 839 489 884 97 698 86 434 636 781 729 1053 722 175 758 409 881 253 196 298 573 614 660 413 183 298 281 463 812 545 506 456 805 197 999 979 714 739 593 755 976 622 760 519 583 865 890 439 705 158
751 540 261 386 974 478 366 908 97 859 724 849 473 259 436 768 427 360 595 642 788 0 543 190 937 584 86 321 533 603 431 806 907 174 562 729 566 218 455 394 325 879 902 441 896 545 490 402 183 337 224 811 421 279 340 278 122 321 836 777 366 359 572 426 784 808 437 796 267 826 237 324 725 287 555 522 990 485 769 603 586 162 426 670 707 520 885 204 763 881 201 523 479 556 769 938 405 378 276 554 621 761 214 930 344 521 821 575 558 645 834 595 345 854 350 660 477 557 601 437 319 157 519 667 502 414 845 357 218 885 683 667
259 83 299 453 431 258 498 690 518 335 365 343 607 381 152 351 141 723 52 205 245 543 0 465 399 50 609 242 542 256 209 686 456 601 675 192 567 508 229 744 394 472 375 104 562 382 816 294 437 526 487 400 711 498 251 270 616 226 579 533 220 214 312 312 241 582 112 290 477 384 308 535 291 579 186 232 770 780 574 60 49 621 536 689 419 690 342 469 226 476 394 599 541 844 627 399 570 164 646 96 106 318 328 616 443 251 324 190 123 366 720 413 277 475 601 161 783 780 563 540 383 514 770 508 575 336 556 642 650 481 583 159
710 434 170 490 879 498 178 977 260 799 734 802 612 94 325 759 327 543 517 617 695 190 465 0 863 513 276 311 642 451 432 899 890 357 703 657 676 53 464 577 410 880 785 362 926 600 673 440 32 473 43 807 594 97 348 208 312 288 888 830 249 347 405 258 699 869 353 748 79 810 183 466 708 143 541 373 1061 662 837 520 513 350 552 794 740 672 792 15 691 883 279 651 598 735 854 862 228 316 456 444 562 742 191 968 449 534 691 438 521 676 930 651 371 865 195 611 656 724 703 563 139 312 690 738 626 240 887 524 406 888 774 554
224 433 699 750 115 531 870 693 900 101 405 150 875 775 540 325 536 1057 346 338 179 937 399 863 0 354 997 621 769 517 535 773 280 971 913 208 781 903 529 1070 723 358 231 504 496 589 1123 606 836 843 882 337 1020 887 614 669 998 616 589 578 614 585 596 671 166 620 511 178 867 283 707 858 308 968 421 553 745 1080 644 342 352 995 817 871 493 952 110 866 174 363 768 842 798 1132 718 12 937 561 994 428 317 287 724 549 759 493 319 478 390 490 800 585 626 400 981 286 1086 1048 754 817 767 884 1053 641 825 698 543 963 1014 367 724 338
209 122 346 464 394 256 547 659 554 286 329 292 614 430 202 307 191 745 24 166 210 584 50 513 354 0 647 275 539 288 220 665 407 633 677 146 563 557 233 765 412 427 352 151 522 371 833 304 485 543 537 356 728 548 277 315 652 264 546 503 270 242 350 361 201 553 160 240 527 336 352 554 248 629 167 274 737 795 548 41 5 654 544 681 389 696 304 518 180 431 426 601 545 857 605 355 620 206 672 131 57 272 370 577 458 240 314 223 101 341 698 397 298 432 651 113 799 789 555 548 433 545 782 489 578 385 520 661 680 436 567 158
802 614 340 383 1041 513 448 908 101 914 754 900 442 346 513 805 501 290 660 689 854 86 609 276 997 647 0 376 520 686 475 795 946 115 526 791 550 299 494 324 337 912 975 511 916 560 419 433 270 315 307 846 362 361 387 352 43 383 845 787 446 413 658 512 849 813 507 848 350 866 311 299 767 359 600 606 988 420 771 670 650 90 406 643 728 477 951 288 824 913 235 498 462 489 763 999 483 445 214 628 679 803 284 945 343 557 898 656 611 669 821 608 385 882 422 715 411 501 589 417 406 145 460 670 479 501 860 306 146 917 676 741
430 272 156 260 669 187 426 674 279 539 424 528 416 265 206 456 182 486 290 323 484 321 242 311 621 275 376 0 392 405 121 616 592 359 498 415 425 364 153 510 181 574 618 161 614 300 589 142 279 306 349 502 486 384 42 118 378 39 581 523 186 39 418 322 476 564 164 475 360 511 129 312 409 452 238 337 759 558 537 302 278 380 343 551 429 495 579 322 448 576 151 428 368 627 564 623 498 98 407 289 304 444 123 656 234 223 557 351 237 365 648 349 76 555 495 340 559 576 438 351 307 271 558 443 402 332 577 414 407 580 493 392
546 610 534 152 861 284 796 398 437 668 383 626 125 632 584 463 558 371 564 442 713 533 542 642 769 539 520 392 0 774 338 275 585 417 144 619 34 693 313 367 232 518 872 518 462 181 383 261 613 205 685 479 297 734 352 502 487 431 361 310 578 384 801 714 690 319 526 591 712 524 494 223 462 782 381 717 473 335 272 581 545 450 116 159 309 187 783 656 639 517 363 74 60 372 247 777 861 476 361 627 524 489 467 472 193 302 853 712 442 285 301 188 316 473 838 516 346 282 69 105 686 379 295 183 64 723 391 275 424 518 159 697
473 174 348 661 488 500 385 946 620 498 617 529 818 358 199 590 223 878 269 454 338 603 256 451 517 288 686 405 774 0 436 941 671 720 896 359 803 471 465 905 586 705 363 256 809 629 989 513 437 711 450 638 889 431 435 347 709 370 834 789 246 398 80 197 358 838 249 486 419 610 384 716 532 508 442 80 1025 961 831 255 283 730 745 928 675 899 417 447 384 710 531 823 762 1031 882 511 442 308 792 160 340 551 418 865 639 501 255 65 379 623 974 665 471 716 502 392 961 982 805 751 317 640 964 762 797 220 809 815 773 715 834 184
328 272 271 244 598 74 536 565 375 445 303 426 397 380 254 337 228 529 242 213 423 431 209 432 535 220 475 121 338 436 0 523 475 436 466 340 366 485 35 546 193 453 572 182 494 202 612 84 400 322 469 382 507 502 91 231 470 146 466 410 268 85 469 404 408 454 191 375 478 395 249 334 294 571 124 384 650 574 431 258 225 462 326 491 311 480 511 443 370 455 240 391 332 637 468 539 609 155 461 290 228 329 244 537 238 102 532 374 146 247 556 247 91 434 612 249 578 570 368 330 415 351 562 345 367 420 459 442 479 460 406 369
579 767 770 420 883 450 1040 156 711 677 377 623 373 876 775 451 749 621 688 516 781 806 686 899 773 665 795 616 275 941 523 0 519 691 322 689 245 952 489 608 491 436 938 701 318 321 592 473 869 480 942 437 533 987 574 734 762 653 199 195 790 595 986 927 752 157 711 611 964 491 735 497 484 1042 500 901 210 545 129 705 671 724 390 196 292 389 824 913 695 432 625 309 333 552 60 784 1109 678 627 782 628 493 714 295 462 441 952 875 566 326 33 278 541 386 1095 596 558 455 206 379 923 654 490 179 321 942 247 534 695 430 125 819
200 527 719 618 395 433 951 419 844 208 206 156 706 819 607 140 591 927 417 273 371 907 456 890 280 407 946 592 585 671 475 519 0 889 721 314 586 939 452 933 622 83 493 542 219 426 965 514 859 716 921 107 871 942 567 682 934 605 323 327 667 553 744 768 341 361 554 187 919 80 710 734 182 1019 353 676 466 919 395 425 410 919 664 650 276 772 365 898 295 88 711 659 629 958 470 292 1024 574 883 532 350 147 714 270 641 389 553 614 369 306 541 400 562 132 1049 294 928 866 550 660 833 811 881 421 648 793 275 828 922 90 496 493
763 621 373 293 1026 458 535 812 103 881 689 861 330 409 531 748 515 186 649 647 843 174 601 357 971 633 115 359 417 720 436 691 889 0 413 770 446 391 448 220 267 847 976 513 837 482 316 377 343 212 395 785 249 451 358 373 74 377 757 700 474 390 703 565 833 722 511 811 436 811 335 194 717 461 557 641 890 311 678 661 636 33 301 532 652 362 937 372 801 847 207 388 358 382 664 974 578 445 103 638 656 752 302 861 258 502 910 680 580 598 716 526 345 813 524 684 303 387 487 312 473 87 347 579 372 558 776 191 53 851 576 747
690 738 623 238 1005 421 870 471 465 811 523 769 90 711 700 604 675 304 701 586 856 562 675 703 913 677 526 498 144 896 466 322 721 413 0 762 134 751 446 287 320 650 1015 640 577 325 272 384 677 230 747 616 213 799 462 597 487 537 464 423 683 498 916 815 833 419 646 735 779 663 580 239 606 835 522 834 533 224 370 718 682 442 157 130 444 67 927 718 782 648 430 75 133 243 320 921 930 590 328 756 665 631 549 577 269 443 992 836 582 427 336 330 426 603 895 659 237 147 171 148 770 405 172 303 99 821 502 229 402 649 246 833
126 236 491 572 258 352 677 649 695 147 316 170 711 571 337 261 331 869 139 180 94 729 192 657 208 146 791 415 619 359 340 689 314 770 762 0 637 699 341 886 533 359 254 296 480 439 946 418 629 659 678 300 842 686 412 461 794 408 536 505 410 380 435 482 71 554 304 127 666 262 499 673 211 767 242 374 719 906 562 138 144 793 647 744 397 792 170 661 34 364 565 688 637 964 630 209 747 352 801 235 113 216 515 537 574 321 265 306 195 369 720 450 428 380 785 103 911 887 619 648 568 683 886 528 667 508 499 780 815 369 611 178
559 637 568 186 875 309 830 374 470 679 388 635 138 666 615 469 588 389 587 458 732 566 567 676 781 563 550 425 34 803 366 245 586 446 134 637 0 728 340 382 266 516 891 548 452 198 390 292 647 235 720 481 310 769 384 536 517 464 345 298 610 415 832 747 708 302 556 603 746 528 528 252 472 816 402 747 447 342 253 605 569 479 144 126 310 187 799 691 655 515 397 77 88 373 221 789 895 507 385 655 545 497 501 458 227 324 876 740 464 292 270 196 348 470 872 534 353 279 45 133 720 411 297 173 79 756 378 296 451 516 135 722
757 472 219 541 915 552 150 1030 299 843 786 847 660 128 363 810 368 578 559 666 733 218 508 53 903 557 299 364 693 471 485 952 939 391 751 699 728 0 517 611 463 931 815 406 979 653 708 494 86 521 21 858 634 62 402 258 339 340 942 884 289 399 418 274 738 922 397 794 58 860 235 512 758 89 592 396 1115 700 891 561 557 380 601 844 794 718 829 42 733 934 330 700 648 772 907 902 187 364 492 480 607 792 245 1021 500 587 718 465 570 729 983 705 425 917 144 658 693 766 755 612 153 354 730 792 676 253 941 566 437 939 827 588
316 297 306 233 599 38 571 530 393 436 272 413 381 414 287 312 260 528 256 199 428 455 229 464 529 233 494 153 313 465 35 489 452 448 446 341 340 517 0 544 193 426 581 213 461 168 605 76 432 318 502 356 501 536 118 266 486 180 431 375 303 119 500 439 411 419 223 364 512 372 282 331 272 605 110 415 614 566 396 273 238 475 312 464 277 463 512 475 369 427 259 370 313 626 433 534 644 190 464 314 231 308 275 504 232 70 547 401 146 212 522 212 110 404 647 244 570 556 339 315 450 365 550 310 346 455 425 438 488 432 373 387
849 782 570 321 1143 539 755 752 317 973 726 941 244 622 708 799 687 34 785 733 970 394 744 577 1070 765 324 510 367 905 546 608 933 220 287 886 382 611 544 0 353 874 1117 672 829 506 96 467 561 227 615 825 74 671 493 560 280 540 728 678 662 531 899 769 955 685 674 897 656 863 528 213 783 680 649 829 818 100 636 800 769 234 269 418 666 221 1057 591 913 873 374 306 312 165 599 1076 798 607 120 800 774 815 493 839 312 577 1066 858 690 627 624 535 467 832 744 789 88 197 427 274 686 275 152 550 304 765 758 107 178 876 516 900
507 442 305 84 791 195 563 583 239 629 422 603 235 400 387 482 362 335 433 389 617 325 394 410 723 412 337 181 232 586 193 491 622 267 320 533 266 463 193 353 0 580 764 335 578 222 421 117 381 131 454 518 316 502 151 277 318 219 511 452 363 190 599 495 602 482 340 555 479 545 264 141 453 552 302 519 666 385 444 448 417 297 163 388 390 313 704 425 562 581 134 254 195 451 449 728 628 278 271 460 421 488 235 608 53 238 718 530 338 333 521 271 118 548 606 438 388 395 292 171 456 194 380 342 228 501 523 248 300 584 366 553
234 549 712 566 473 401 956 337 810 277 157 222 642 815 617 123 599 871 440 272 428 879 472 880 358 427 912 574 518 705 453 436 83 847 650 359 516 931 426 874 580 0 562 548 138 371 901 479 848 664 914 73 809 939 544 673 897 592 239 246 671 536 774 782 398 278 559 237 916 96 698 682 181 1014 339 701 387 854 313 451 430 878 605 573 209 704 435 889 346 5 680 591 566 890 388 370 1030 570 833 556 370 154 697 192 593 358 612 644 369 251 458 338 534 49 1048 315 864 796 478 600 836 772 813 347 582 805 191 771 876 10 419 533
359 362 643 814 146 598 747 883 889 285 561 340 959 692 467 493 475 1097 331 435 160 902 375 785 231 352 975 618 872 363 572 938 493 976 1015 254 891 815 581 1117 764 562 0 465 697 693 1185 655 764 895 794 521 1079 784 626 624 987 599 772 748 542 589 439 551 186 795 468 333 769 472 665 906 454 864 492 425 945 1146 809 317 347 995 892 999 646 1041 128 785 242 567 769 939 887 1207 879 220 805 532 1022 348 351 448 691 753 810 571 113 351 435 622 968 705 650 596 863 357 1150 1135 874 894 666 889 1131 781 918 577 731 1013 1025 572 865 234
352 110 195 406 533 251 409 727 424 437 422 441 563 280 76 424 52 648 157 275 346 441 104 362 504 151 511 161 518 256 182 701 542 513 640 296 548 406 213 672 335 548 465 0 622 382 750 257 333 465 386 474 647 401 184 166 521 135 620 569 124 145 286 240 344 616 11 388 379 466 205 471 367 480 223 201 810 718 600 162 152 530 490 673 459 645 443 367 330 551 307 566 506 786 644 503 482 67 567 127 201 398 227 673 388 262 397 196 178 399 734 423 217 543 506 253 719 730 551 497 290 426 716 521 541 261 604 575 563 556 587 234
354 644 764 545 611 428 1023 201 817 413 200 358 587 872 696 221 675 831 540 357 557 896 562 926 496 522 916 614 462 809 494 318 219 837 577 480 452 979 461 829 578 138 697 622 0 356 842 496 893 637 963 179 759 995 578 724 895 639 121 154 740 579 873 863 526 166 634 367 971 225 743 656 278 1065 400 795 249 794 212 553 527 869 565 481 189 638 571 936 472 132 695 529 517 820 280 508 1096 632 807 654 469 264 736 57 578 391 740 746 446 252 336 310 560 101 1105 418 805 724 409 557 901 772 748 279 526 884 76 733 859 129 333 647
365 457 456 195 679 130 726 377 462 488 220 448 288 564 455 293 429 501 395 261 533 545 382 600 589 371 560 300 181 629 202 321 426 482 325 439 198 653 168 506 222 371 693 382 356 0 543 160 568 292 641 318 445 681 258 419 539 335 292 233 469 275 668 606 510 269 392 411 657 357 425 310 285 743 206 583 461 498 237 413 377 514 238 310 169 363 602 612 457 371 346 253 210 545 266 597 797 357 462 474 348 314 409 385 224 131 680 564 270 121 354 51 229 333 791 335 506 459 184 235 607 416 466 144 235 621 300 401 508 374 205 530
900 859 660 374 1202 595 851 743 413 1024 760 988 259 716 791 837 769 130 854 785 1034 490 816 673 1123 833 419 589 383 989 612 592 965 316 272 946 390 708 605 96 421 901 1185 750 842 543 0 530 657 290 711 858 105 767 568 648 376 621 733 688 749 607 987 859 1017 689 753 947 752 900 617 280 827 776 706 915 802 48 639 869 838 330 306 395 692 206 1117 687 972 900 460 313 336 75 592 1129 895 687 216 877 837 857 582 846 374 630 1140 940 752 660 603 565 538 857 840 846 37 142 433 308 780 368 102 563 319 857 768 175 273 902 516 974
390 354 297 159 675 81 567 537 331 511 322 486 313 405 322 373 296 452 327 272 504 402 294 440 606 304 433 142 261 513 84 473 514 377 384 418 292 494 76 467 117 479 655 257 496 160 530 0 408 241 481 413 425 521 100 260 420 179 448 389 321 124 539 459 487 428 264 438 497 435 265 254 339 583 184 455 621 491 398 343 309 406 241 419 306 395 589 453 445 480 202 310 250 553 422 611 638 215 389 371 307 375 249 533 156 125 617 452 223 243 506 210 69 451 631 321 495 486 300 246 450 297 477 302 285 471 450 361 415 484 351 454
680 410 140 461 855 466 196 945 243 771 702 772 586 79 301 728 301 528 489 585 671 183 437 32 836 485 270 279 613 437 400 869 859 343 677 629 647 86 432 561 381 848 764 333 893 568 657 408 0 448 73 775 575 122 316 177 304 256 856 798 225 314 396 249 673 837 325 718 101 779 150 441 676 175 509 358 1029 644 805 493 485 339 524 765 708 648 767 44 664 851 250 623 570 718 822 835 252 286 440 420 533 711 159 935 420 502 673 420 490 643 900 619 339 832 226 581 639 702 673 535 136 292 670 707 599 234 855 504 393 856 743 532
623 572 406 98 916 311 642 600 240 746 510 716 139 486 512 579 488 214 564 506 745 337 526 473 843 543 315 306 205 711 322 480 716 212 230 659 235 521 318 227 131 664 895 465 637 292 290 241 448 0 517 609 185 570 280 385 281 341 550 495 480 319 719 604 729 513 468 671 549 643 362 18 559 605 422 641 678 254 468 579 547 245 91 332 460 202 830 489 687 663 205 185 146 321 452 849 700 404 170 590 549 592 329 657 85 351 850 658 464 413 505 329 249 625 665 562 256 272 275 102 547 180 252 370 165 607 572 120 224 666 364 685
737 451 201 534 893 537 141 1018 300 823 770 828 656 107 342 792 347 582 539 648 712 224 487 43 882 537 307 349 685 450 469 942 921 395 747 678 720 21 502 615 454 914 794 386 963 641 711 481 73 517 0 841 635 55 387 240 346 324 928 870 268 383 398 254 718 909 377 774 43 842 220 509 740 102 575 375 1102 702 878 541 537 386 595 837 779 715 808 29 713 917 322 694 641 775 896 881 185 346 495 459 587 773 231 1006 493 572 697 444 551 714 973 692 412 900 152 638 696 765 746 606 132 354 731 780 670 233 926 566 442 921 817 567
174 478 639 511 448 333 883 362 744 244 98 189 599 742 544 49 525 820 371 199 378 811 400 807 337 356 846 502 479 638 382 437 107 785 616 300 481 858 356 825 518 73 521 474 179 318 858 413 775 609 841 0 763 866 473 600 833 519 253 242 597 464 705 710 347 283 486 189 842 54 625 627 108 941 266 630 424 811 309 382 360 815 556 552 172 666 399 816 293 77 613 553 522 852 383 348 957 497 777 486 300 86 625 237 535 289 561 576 296 198 463 293 465 79 975 246 820 760 447 552 762 709 774 320 541 733 209 720 817 82 399 470
798 756 565 270 1098 491 772 678 334 921 664 887 172 629 690 739 667 93 749 682 929 421 711 594 1020 728 362 486 297 889 507 533 871 249 213 842 310 634 501 74 316 809 1079 647 759 445 105 425 575 185 635 763 0 691 464 551 318 519 656 607 650 503 890 766 912 613 650 845 673 803 522 175 726 708 602 816 743 72 564 764 733 271 207 343 600 146 1013 609 868 808 363 233 244 145 525 1027 820 585 147 774 732 758 487 768 269 527 1035 838 648 565 549 471 434 766 771 742 72 139 355 210 693 283 98 480 233 765 687 74 219 810 442 870
753 453 230 583 891 572 87 1058 356 832 799 841 708 123 348 817 357 637 548 670 713 279 498 97 887 548 361 384 734 431 502 987 942 451 799 686 769 62 536 671 502 939 784 401 995 681 767 521 122 570 55 866 691 0 424 270 401 355 966 908 278 416 372 234 721 948 390 788 24 864 256 563 762 81 601 360 1143 758 919 548 548 441 647 888 813 770 807 81 720 942 373 746 692 831 940 884 130 368 551 459 601 795 273 1039 543 605 683 433 573 748 1019 732 451 928 110 654 752 821 794 658 120 409 786 822 721 210 961 621 497 947 862 562
414 292 198 225 668 150 468 634 288 527 391 512 382 306 238 429 212 471 295 302 486 340 251 348 614 277 387 42 352 435 91 574 567 358 462 412 384 402 118 493 151 544 626 184 578 258 568 100 316 280 387 473 464 424 0 160 385 80 541 483 225 38 453 362 476 524 188 460 400 486 168 288 385 490 215 371 718 535 496 309 281 381 309 511 392 463 579 360 443 546 154 391 331 602 522 617 539 128 396 309 298 421 157 619 204 188 572 379 224 327 606 308 36 523 535 329 536 547 397 316 349 271 531 401 365 373 539 393 404 550 451 407
503 262 39 361 698 303 307 793 275 599 530 597 510 148 160 552 149 532 323 408 512 278 270 208 669 315 352 118 502 347 231 734 682 373 597 461 536 258 266 560 277 673 624 166 724 419 648 260 177 385 240 600 551 270 160 0 368 85 697 640 101 147 339 219 511 682 160 543 246 602 41 385 500 342 334 269 878 624 656 329 316 385 439 661 543 585 609 216 495 676 188 531 472 696 683 669 379 110 445 276 359 534 71 769 328 334 545 307 313 479 767 468 193 659 381 406 622 657 553 448 189 292 633 562 505 224 691 477 426 681 611 389
798 627 361 356 1046 501 487 879 98 913 739 896 404 377 529 794 516 246 667 683 861 122 616 312 998 652 43 378 487 709 470 762 934 74 487 794 517 339 486 280 318 897 987 521 895 539 376 420 304 281 346 833 318 401 385 368 0 389 821 763 465 413 684 541 854 787 518 845 389 856 328 265 758 401 594 629 958 376 744 677 655 47 372 605 708 436 956 326 826 898 230 461 428 445 733 1001 524 454 171 642 681 794 298 922 318 546 913 675 610 652 787 585 378 866 465 714 367 458 557 383 439 124 416 643 444 531 837 264 102 902 645 754
435 245 125 299 657 217 392 707 291 538 446 531 454 233 170 472 147 515 277 333 471 321 226 288 616 264 383 39 431 370 146 653 605 377 537 408 464 340 180 540 219 592 599 135 639 335 621 179 256 341 324 519 519 355 80 85 389 0 611 554 146 61 379 282 466 597 135 478 331 525 106 346 422 426 253 300 792 591 571 287 267 396 381 591 457 533 567 298 442 594 172 468 407 661 600 618 465 68 433 262 300 457 110 684 272 249 533 318 242 393 686 384 116 576 466 341 591 613 477 389 272 290 594 479 442 292 606 446 428 599 531 369
415 662 736 464 701 394 1003 114 750 497 222 442 483 845 697 279 673 733 567 382 622 836 579 888 589 546 845 581 361 834 466 199 323 757 464 536 345 942 431 728 511 239 772 620 121 292 733 448 856 550 928 253 656 966 541 697 821 611 0 59 729 550 890 860 592 46 632 439 941 306 710 569 324 1031 399 808 191 685 94 583 552 790 470 362 161 527 651 901 535 235 638 423 419 707 158 600 1076 617 716 674 499 324 697 112 502 366 801 769 457 222 218 241 517 192 1076 456 697 610 301 462 882 700 636 180 423 879 48 636 774 233 218 688
389 616 679 407 688 337 947 158 691 482 188 428 435 788 645 257 621 681 525 342 595 777 533 830 578 503 787 523 310 789 410 195 327 700 423 505 298 884 375 678 452 246 748 569 154 233 688 389 798 495 870 242 607 908 483 640 763 554 59 0 675 493 843 807 565 49 580 418 884 296 652 513 295 973 349 760 241 640 67 541 508 733 417 331 113 484 632 842 508 242 579 376 367 666 142 589 1019 562 662 629 458 300 639 162 444 311 770 723 410 169 222 182 458 196 1018 419 651 570 254 409 826 642 593 127 374 825 80 584 718 242 180 650
476 185 105 445 630 342 285 832 374 555 541 563 599 161 75 548 79 634 271 399 446 366 220 249 614 270 446 186 578 246 268 790 667 474 683 410 610 289 303 662 363 671 542 124 740 469 749 321 225 480 268 597 650 278 225 101 465 146 729 675 0 196 239 137 450 720 113 510 256 590 138 482 491 358 340 168 916 723 700 272 270 484 526 737 570 676 542 252 444 674 288 614 554 795 736 613 359 113 547 195 323 522 172 789 416 364 455 210 301 507 823 515 262 664 382 376 722 752 622 535 165 394 731 613 588 151 717 576 527 679 671 308
392 253 186 262 635 156 453 647 315 501 387 489 419 295 202 417 176 509 259 283 452 359 214 347 585 242 413 39 384 398 85 595 553 390 498 380 415 399 119 531 190 536 589 145 579 275 607 124 314 319 383 464 503 416 38 147 413 61 550 493 196 0 418 334 443 536 150 436 392 472 164 327 370 486 199 335 731 574 511 272 246 413 346 542 396 500 546 357 413 538 184 426 366 641 542 587 526 92 432 270 268 405 161 623 242 188 534 341 199 332 628 324 72 518 527 302 575 585 425 353 333 303 570 420 400 347 545 432 438 543 474 368
545 229 331 678 567 537 317 1001 601 576 677 605 834 317 217 657 243 871 334 516 418 572 312 405 596 350 658 418 801 80 469 986 744 703 916 435 832 418 500 899 599 774 439 286 873 668 987 539 396 719 398 705 890 372 453 339 684 379 890 843 239 418 0 147 437 891 277 561 363 680 371 721 597 445 493 85 1082 963 880 322 346 710 761 958 730 913 496 399 461 778 527 844 784 1034 928 591 369 326 783 219 405 619 406 928 652 545 329 130 433 674 1019 708 489 782 433 459 961 991 837 769 267 628 970 806 818 165 868 816 756 784 874 262
570 246 200 578 664 478 199 965 462 630 663 647 729 169 166 660 188 738 353 511 493 426 312 258 671 361 512 322 714 197 404 927 768 565 815 482 747 274 439 769 495 782 551 240 863 606 859 459 249 604 254 710 766 234 362 219 541 282 860 807 137 334 147 0 505 853 229 597 222 696 243 604 601 313 464 126 1048 838 835 348 358 569 658 873 699 804 583 252 514 786 403 748 688 911 872 667 266 249 650 246 418 630 278 914 546 497 448 201 417 638 961 652 398 781 313 474 835 876 759 666 121 494 851 749 722 26 845 691 618 792 808 337
177 267 538 643 192 423 703 705 755 143 376 186 782 610 375 313 372 937 189 250 30 784 241 699 166 201 849 476 690 358 408 752 341 833 833 71 708 738 411 955 602 398 186 344 526 510 1017 487 673 729 718 347 912 721 476 511 854 466 592 565 450 443 437 505 0 613 351 160 701 302 550 742 269 802 313 388 771 976 625 181 199 856 718 814 460 863 103 702 57 403 627 759 708 1034 693 163 771 406 868 261 180 268 569 584 644 392 214 314 264 436 783 519 494 425 815 174 981 958 689 719 601 746 957 595 738 531 553 849 880 408 678 175
436 665 721 430 732 380 989 111 720 526 237 472 441 830 692 303 668 691 574 392 643 808 582 869 620 553 813 564 319 838 454 157 361 722 419 554 302 922 419 685 482 278 795 616 166 269 689 428 837 513 909 283 613 948 524 682 787 597 46 49 720 536 891 853 613 0 627 464 924 337 692 532 343 1012 398 808 195 641 49 590 558 756 431 315 163 482 678 881 556 274 612 380 379 661 113 631 1062 607 678 678 508 347 677 157 470 356 819 773 459 217 180 217 497 229 1059 468 652 564 257 422 869 668 591 143 381 871 91 595 737 273 173 699
363 110 187 412 538 261 398 738 421 446 434 451 569 270 65 436 41 650 164 287 352 437 112 353 511 160 507 164 526 249 191 711 554 511 646 304 556 397 223 674 340 559 468 11 634 392 753 264 325 468 377 486 650 390 188 160 518 135 632 580 113 150 277 229 351 627 0 398 368 477 200 475 379 470 235 192 821 721 611 169 160 528 496 682 471 651 449 357 338 563 307 573 513 790 654 511 471 67 568 126 211 409 223 685 392 272 398 190 190 410 744 433 223 555 495 263 722 735 560 503 279 425 720 531 548 249 616 578 562 568 597 235
48 351 578 576 275 360 787 550 748 76 235 53 698 668 442 161 431 885 244 165 191 796 290 748 178 240 848 475 591 486 375 611 187 811 735 127 603 794 364 897 555 237 333 388 367 411 947 438 718 671 774 189 845 788 460 543 845 478 439 418 510 436 561 597 160 464 398 0 766 142 578 686 132 868 253 497 613 904 481 249 241 837 641 696 323 774 213 754 109 242 614 664 620 954 553 186 859 433 827 354 187 117 588 424 588 320 374 431 237 313 639 407 467 265 891 137 910 871 577 640 674 726 876 467 647 622 397 790 852 247 551 306
731 434 206 561 873 548 99 1034 339 812 775 819 688 100 328 793 336 622 527 647 694 267 477 79 867 527 350 360 712 419 478 964 919 436 779 666 746 58 512 656 479 916 769 379 971 657 752 497 101 549 43 842 673 24 400 246 389 331 941 884 256 392 363 222 701 924 368 766 0 841 232 542 739 101 578 346 1119 742 895 528 527 428 625 865 789 750 789 64 700 919 351 724 670 815 916 865 151 345 535 440 579 772 249 1015 520 581 669 418 550 724 995 708 427 904 134 632 735 802 771 636 103 391 769 798 699 199 937 603 484 924 839 545
138 458 640 545 395 354 875 413 764 191 140 135 642 740 532 63 516 856 349 193 333 826 384 810 283 336 866 511 524 610 395 491 80 811 663 262 528 860 372 863 545 96 472 466 225 357 900 435 779 643 842 54 803 864 486 602 856 525 306 296 590 472 680 696 302 337 477 142 841 0 630 660 102 941 272 609 473 853 363 358 340 841 595 603 222 711 347 818 250 101 631 598 564 896 437 294 949 496 809 464 279 68 633 281 566 310 517 550 290 239 517 336 482 124 971 223 862 806 495 592 756 732 818 371 585 720 262 757 845 107 451 437
536 303 43 348 738 317 304 802 236 635 551 631 492 140 201 578 190 499 361 438 552 237 308 183 707 352 311 129 494 384 249 735 710 335 580 499 528 235 282 528 264 698 665 205 743 425 617 265 150 362 220 625 522 256 168 41 328 106 710 652 138 164 371 243 550 692 200 578 232 630 0 361 528 322 359 306 886 595 663 368 354 346 423 652 559 564 649 193 533 700 159 518 459 667 686 708 373 146 411 317 395 562 35 786 312 352 586 347 344 494 767 476 196 682 366 440 592 633 548 432 192 256 607 567 492 244 707 448 388 705 611 430
638 580 405 115 930 326 636 619 227 761 528 731 149 482 516 597 493 199 575 521 757 324 535 466 858 554 299 312 223 716 334 497 734 194 239 673 252 512 331 213 141 682 906 471 656 310 280 254 441 18 509 627 175 563 288 385 265 346 569 513 482 327 721 604 742 532 475 686 542 660 361 0 575 596 436 645 695 246 486 590 558 227 107 346 478 207 843 481 700 682 202 199 163 315 469 863 693 410 151 598 561 609 327 676 99 366 859 664 477 431 522 348 258 644 656 575 248 272 292 118 544 167 248 389 180 606 591 107 205 684 381 694
94 370 538 462 408 258 776 438 666 206 107 163 573 639 436 59 418 773 263 92 299 725 291 708 308 248 767 409 462 532 294 484 182 717 606 211 472 758 272 783 453 181 454 367 278 285 827 339 676 559 740 108 726 762 385 500 758 422 324 295 491 370 597 601 269 343 379 132 739 102 528 575 0 839 170 522 509 782 355 276 251 746 520 563 193 647 342 716 212 184 532 536 495 830 425 317 850 394 721 378 192 35 531 334 478 214 476 469 190 181 514 276 382 184 870 140 789 743 445 518 657 636 751 335 520 624 289 676 753 190 419 370
833 535 302 629 972 639 134 1120 376 914 872 921 744 200 430 892 438 646 629 747 794 287 579 143 968 629 359 452 782 508 571 1042 1019 461 835 767 816 89 605 680 552 1014 864 480 1065 743 776 583 175 605 102 941 708 81 490 342 401 426 1031 973 358 486 445 313 802 1012 470 868 101 941 322 596 839 0 676 439 1204 772 980 629 628 446 687 931 881 799 888 130 801 1017 418 786 735 844 996 966 132 445 564 541 681 872 334 1109 588 674 762 513 650 817 1072 794 514 1001 63 733 764 843 844 698 201 434 806 882 763 288 1029 642 503 1022 916 644
206 268 373 331 495 111 624 508 499 326 200 303 469 477 299 218 276 635 191 89 334 555 186 541 421 167 600 238 381 442 124 500 353 557 522 242 402 592 110 649 302 339 492 223 400 206 706 184 509 422 575 266 602 601 215 334 594 253 399 349 340 199 493 464 313 398 235 253 578 272 359 436 170 676 0 410 589 664 388 208 172 585 404 517 237 550 412 550 266 342 365 447 395 721 441 426 697 233 574 282 142 206 361 449 337 79 474 376 65 181 533 230 215 326 711 140 670 645 390 405 502 474 644 323 426 484 380 542 598 346 400 325
476 151 268 596 539 452 324 918 540 520 598 544 753 279 133 581 159 802 260 437 373 522 232 373 553 274 606 337 717 80 384 901 676 641 834 374 747 396 415 829 519 701 425 201 795 583 915 455 358 641 375 630 816 360 371 269 629 300 808 760 168 335 85 126 388 808 192 497 346 609 306 645 522 439 410 0 999 889 796 251 270 650 680 874 647 833 461 369 404 705 455 762 701 959 843 548 386 243 715 144 330 546 340 849 572 460 323 76 352 591 934 623 407 706 439 385 888 913 753 687 243 562 894 721 736 152 787 742 694 710 789 215
