185
0 664 179 398 136 647 339 704 611 562 385 525 86 553 601 423 548 679 317 325 684 344 606 344 117 179 489 663 561 637 470 532 156 249 269 302 535 472 496 350 646 674 817 641 637 356 448 598 278 430 720 314 476 618 121 276 288 648 229 280 532 217 423 724 576 181 477 514 438 594 405 544 659 19 782 453 291 646 550 289 717 142 391 370 613 149 96 521 328 351 753 441 283 572 395 604 340 140 297 459 131 412 783 377 448 288 642 277 508 572 634 342 208 560 57 249 475 666 615 658 575 440 635 558 341 378 168 140 264 462 422 435 283 54 479 397 574 497 104 462 379 632 703 156 194 416 528 344 577 674 561 321 432 349 69 204 207 60 293 439 399 424 787 367 136 566 306 768 246 117 518 534 599 354 374 405 549 198 442 217 414 593 643 382 95
664 0 509 893 738 460 967 386 1030 472 337 858 692 897 1004 1013 115 362 562 619 114 723 810 461 632 840 658 60 882 339 221 177 788 898 625 673 207 217 1000 416 592 217 572 168 621 672 774 321 622 248 631 523 240 383 783 434 782 121 685 681 911 664 291 582 1049 489 909 667 645 219 656 193 179 653 505 293 876 1098 1007 720 290 700 337 462 653 674 757 207 722 442 372 654 663 771 1005 1029 366 776 801 513 610 260 467 967 887 952 306 651 340 317 539 751 474 421 607 890 419 269 687 143 220 958 68 345 935 497 681 546 823 885 284 232 782 710 596 724 275 239 577 530 996 241 264 561 485 296 136 972 441 1141 222 649 651 980 595 698 801 603 388 516 957 260 512 725 739 987 416 347 623 656 181 754 891 915 314 933 162 641 388 775 302 963 391 737 747
179 509 0 424 228 475 518 525 610 531 207 478 246 514 592 513 395 603 348 225 549 443 517 320 123 337 373 499 513 558 345 405 333 429 340 239 360 303 534 173 494 562 648 466 490 275 389 418 346 302 567 167 301 440 285 221 426 478 206 376 507 320 320 563 601 39 474 397 326 416 463 424 483 163 609 274 460 663 565 401 538 286 212 203 477 169 275 346 284 317 669 333 220 478 500 606 162 317 320 304 102 249 606 466 446 459 554 359 329 491 473 453 157 386 130 380 432 567 487 486 466 483 471 379 514 221 180 153 424 452 247 296 301 233 345 330 394 321 76 311 557 527 523 192 26 239 373 463 406 700 383 393 324 529 120 328 375 128 199 436 466 255 614 462 230 564 246 588 169 242 389 442 542 519 202 452 420 292 265 273 237 569 578 478 275
398 893 424 0 262 639 569 742 215 941 556 205 470 210 211 174 788 1027 713 280 956 735 347 722 322 328 345 866 232 983 765 822 475 476 668 220 702 676 109 478 553 982 763 797 522 238 197 678 677 722 610 372 655 658 345 633 656 826 219 674 171 613 745 647 180 461 97 360 314 732 803 844 807 388 761 606 598 247 152 677 809 525 556 441 474 270 401 695 175 724 1094 309 230 337 206 207 529 462 106 441 332 643 784 153 75 410 979 675 599 915 576 726 562 584 423 256 846 990 451 824 888 65 840 631 619 412 253 515 603 97 608 710 124 412 389 206 685 663 395 430 613 950 807 544 451 596 765 230 586 279 707 719 304 570 428 592 541 424 622 828 101 635 763 758 263 174 661 834 272 513 806 307 276 661 583 53 836 596 529 181 591 220 1000 772 424
136 738 228 262 0 630 376 706 477 694 423 407 208 431 468 296 623 800 454 259 775 473 507 474 105 135 415 726 442 757 567 628 231 275 406 214 579 529 359 364 600 779 790 685 582 271 340 611 415 524 671 290 523 617 110 396 402 701 135 412 405 350 530 686 440 252 345 439 364 629 540 644 701 128 766 487 368 509 415 416 740 264 426 362 550 75 151 568 223 479 872 366 199 477 276 469 382 216 165 425 128 478 774 249 316 262 758 412 521 690 598 467 324 550 170 153 604 778 544 707 681 303 699 566 404 355 82 265 359 332 469 522 153 151 421 297 598 540 166 424 421 741 729 289 253 460 602 235 563 537 598 456 357 382 179 330 296 173 400 573 265 482 770 497 1 433 425 782 185 250 612 439 482 433 428 268 644 333 448 81 456 465 767 511 170
647 460 475 639 630 0 984 114 691 823 311 512 721 545 661 804 428 784 763 385 570 896 410 688 547 765 302 404 522 748 517 532 803 888 785 447 283 340 723 304 142 659 173 294 177 407 455 141 788 497 171 340 301 77 726 599 898 341 508 832 576 784 562 124 740 492 608 296 325 243 883 563 289 628 136 267 935 767 696 863 216 761 303 276 223 555 736 294 477 674 815 331 451 379 820 694 348 787 589 208 525 384 147 768 597 893 722 809 176 698 89 912 579 89 605 767 734 700 261 323 613 702 392 135 988 275 548 615 900 585 317 463 576 701 250 433 192 278 545 214 1026 662 230 651 472 311 413 813 69 812 250 832 334 993 595 798 850 602 543 795 733 352 140 910 631 659 605 212 447 716 520 380 513 994 356 691 532 755 215 615 306 610 794 925 741
339 967 518 569 376 984 0 1043 772 718 721 758 280 774 775 476 854 883 463 634 963 352 875 548 438 251 791 976 791 848 753 811 186 101 384 590 865 796 622 689 971 924 1151 969 956 647 706 937 392 720 1044 645 806 957 267 536 240 971 512 340 738 322 690 1054 705 514 666 815 740 927 462 813 988 357 1120 788 112 774 699 308 1054 267 727 707 925 442 248 850 595 563 959 742 575 849 426 762 676 201 509 789 459 732 1121 452 642 166 864 366 847 793 964 323 492 898 388 313 665 901 920 984 829 573 950 897 75 711 455 423 167 662 754 735 506 284 795 670 911 829 443 790 45 875 1038 406 530 749 837 369 914 784 894 397 733 13 399 282 167 391 578 583 506 750 1124 371 374 737 559 1106 555 311 800 811 834 133 704 542 828 337 781 432 748 789 833 375 243
704 386 525 742 706 114 1043 0 804 796 333 624 770 659 774 903 380 732 774 476 499 917 525 689 614 838 413 326 636 700 488 490 859 951 807 540 247 320 831 353 253 597 188 218 290 506 564 113 808 477 266 415 286 89 795 610 933 264 593 857 688 814 544 208 851 535 717 409 431 188 891 519 207 686 122 273 984 880 807 891 109 805 326 343 338 630 797 263 574 673 754 437 541 494 915 807 377 843 684 301 591 377 93 865 705 966 671 832 196 658 202 937 603 160 656 850 714 643 376 242 567 806 320 146 1039 353 626 650 944 693 320 443 670 758 357 537 159 260 600 312 1083 608 129 683 516 319 370 903 156 926 209 850 440 1053 646 834 899 653 552 787 833 347 129 929 707 771 610 97 529 758 481 494 628 1040 368 793 486 786 262 701 316 723 749 944 799
611 1030 610 215 477 691 772 804 0 1139 700 180 685 145 30 313 935 1209 922 416 1107 950 300 922 524 540 393 994 169 1164 934 987 690 683 881 376 826 817 154 619 571 1147 773 908 534 361 256 767 889 892 608 514 790 731 561 828 872 944 408 889 119 827 924 658 86 649 137 395 390 842 1016 1011 915 599 790 736 810 76 72 892 891 741 697 568 481 474 616 823 328 922 1272 381 393 317 362 10 683 678 314 529 530 798 822 323 166 608 1157 888 705 1098 610 942 759 661 630 461 1042 1163 447 938 1059 198 970 723 827 532 455 720 818 157 750 874 329 628 454 306 788 791 595 513 815 1122 895 751 635 738 912 409 654 122 823 932 382 772 634 807 756 631 809 1032 266 783 790 974 477 46 855 902 443 727 970 310 190 871 736 230 998 810 644 395 731 84 1187 988 639
562 472 531 941 694 823 718 796 1139 0 537 1008 526 1044 1122 986 421 183 263 749 391 377 1030 220 619 723 873 521 1042 166 308 311 593 695 339 770 549 483 1047 594 915 295 978 597 929 803 918 693 330 326 977 667 522 752 668 310 481 563 731 378 1038 407 263 945 1121 491 1002 893 835 608 270 285 615 566 916 559 607 1187 1089 411 729 493 544 654 937 671 615 535 815 217 253 843 751 988 956 1134 521 591 834 755 610 443 889 940 973 786 198 353 650 156 872 409 380 747 523 806 99 246 961 587 252 992 509 688 658 690 688 428 551 981 512 360 817 576 826 859 641 545 546 770 729 248 703 406 507 521 427 902 772 1220 587 321 835 732 516 447 566 521 337 136 959 474 923 364 694 1093 284 792 700 473 317 957 1069 615 486 958 320 403 643 767 527 1100 128 368 594
385 337 207 556 423 311 721 333 700 537 0 534 443 573 675 681 235 542 451 284 407 587 515 379 319 542 355 312 563 500 254 296 535 635 476 337 156 119 663 80 380 454 483 262 392 338 446 221 479 220 446 187 102 257 491 288 599 280 351 525 583 481 275 423 714 206 575 371 329 209 572 324 278 369 433 67 655 765 672 558 332 473 8 135 401 352 481 145 385 366 593 338 326 473 677 698 45 520 465 222 295 105 422 636 552 665 483 501 139 439 341 605 271 224 333 576 441 478 426 284 376 621 285 189 711 174 355 317 612 550 52 192 447 439 300 393 189 117 283 238 759 436 317 349 191 40 212 650 249 807 177 522 333 732 321 501 570 329 232 489 623 84 439 600 424 656 294 385 287 426 280 448 578 709 51 597 305 453 106 447 34 638 536 615 480
525 858 478 205 407 512 758 624 180 1008 534 0 608 39 151 372 768 1060 814 262 940 869 147 798 419 508 213 819 36 1016 778 828 637 660 785 240 652 649 238 455 397 988 603 730 361 206 90 588 793 738 441 355 619 551 510 699 808 768 297 804 65 741 777 487 232 518 121 215 213 664 919 854 737 509 616 565 771 255 189 814 711 665 531 400 309 376 557 650 200 795 1119 204 259 149 409 182 523 623 249 351 417 636 646 357 131 606 1006 798 527 951 433 867 635 480 529 450 909 1007 278 761 903 242 796 544 800 362 357 609 766 110 584 717 256 555 274 149 610 618 482 335 803 966 715 644 501 571 745 436 474 301 646 839 206 761 530 729 703 529 672 913 302 619 616 892 407 147 724 722 310 641 811 133 76 836 575 252 838 720 470 332 564 105 1044 907 577
86 692 246 470 208 721 280 770 685 526 443 608 0 635 677 470 577 661 267 412 699 265 692 317 203 197 575 698 644 621 485 545 95 206 205 388 584 516 562 419 728 675 892 689 720 443 533 662 215 449 802 395 525 686 144 273 202 691 315 204 612 144 428 803 644 236 554 600 524 647 337 552 707 105 855 510 214 715 622 208 775 57 449 446 698 234 89 569 413 328 737 528 369 659 435 677 398 83 373 539 216 452 853 427 525 273 631 207 573 558 713 259 218 632 116 283 448 660 701 703 576 506 671 624 268 457 252 145 181 540 474 460 360 58 563 483 633 549 177 543 316 629 758 138 254 469 560 379 651 740 614 252 519 292 125 122 129 118 306 395 458 469 860 288 208 641 300 828 332 52 532 620 683 274 424 470 562 132 511 290 469 672 619 303 68
553 897 514 210 431 545 774 659 145 1044 573 39 635 0 115 368 807 1099 847 300 979 898 163 833 450 525 249 858 27 1055 817 867 660 677 816 275 691 688 224 494 426 1027 631 769 390 244 129 625 824 776 466 393 658 587 532 735 833 806 328 833 44 770 815 515 205 553 117 250 252 702 951 893 774 538 646 604 791 222 165 842 746 692 570 439 337 405 581 689 233 831 1158 243 294 174 409 149 562 646 270 389 449 675 677 359 135 619 1044 828 566 989 465 895 670 517 560 463 946 1046 304 799 942 237 835 581 819 401 386 642 789 113 623 756 278 581 311 186 648 657 515 372 819 1004 752 677 537 610 784 440 510 267 685 869 245 776 561 757 726 561 709 948 302 658 646 921 432 117 760 756 345 670 850 164 67 856 614 253 877 749 509 354 603 66 1082 936 602
601 1004 592 211 468 661 775 774 30 1122 675 151 677 115 0 324 911 1189 909 393 1082 942 269 906 510 538 364 967 139 1144 912 964 686 684 870 356 800 792 165 594 541 1125 743 880 504 338 230 739 879 870 577 490 764 702 556 811 866 917 392 880 92 818 904 627 109 631 123 365 362 814 1005 989 887 588 760 710 808 107 84 885 862 733 673 543 451 461 611 797 308 906 1251 353 373 287 372 36 659 673 304 501 515 774 792 330 153 612 1136 878 677 1077 580 935 742 632 618 462 1024 1141 417 911 1037 203 943 695 828 506 442 706 814 141 726 852 318 620 425 281 760 765 580 485 818 1099 866 738 617 713 888 416 625 152 795 922 355 775 621 799 752 619 791 1017 272 759 760 966 469 37 838 872 424 717 947 280 160 871 713 232 975 800 617 386 706 54 1168 980 633
423 1013 513 174 296 804 476 903 313 986 681 372 470 368 324 0 902 1097 736 428 1062 719 517 767 392 282 517 993 393 1053 858 919 440 400 676 364 834 797 159 608 725 1073 935 935 696 397 372 830 686 815 784 508 783 816 326 692 622 959 330 668 324 612 825 819 235 543 252 533 482 873 805 936 948 420 930 738 535 300 241 660 962 518 683 582 648 344 384 825 328 774 1169 477 367 510 50 303 647 433 221 601 411 755 950 47 241 310 1055 676 746 987 745 703 621 742 466 192 898 1074 626 961 975 131 966 782 540 559 334 560 556 262 732 809 238 414 557 375 831 795 461 591 516 1036 958 579 540 721 880 107 747 307 845 720 472 474 475 582 500 469 696 861 73 753 932 743 296 289 722 992 395 522 903 481 435 591 699 121 934 603 673 239 716 356 1063 754 408
548 115 395 788 623 428 854 380 935 421 235 768 577 807 911 902 0 356 465 520 171 624 735 365 518 724 578 126 795 321 126 110 673 783 522 571 146 118 897 316 545 236 567 176 569 574 681 288 520 141 595 423 152 351 667 326 676 147 576 578 818 556 196 553 950 374 811 590 559 192 567 139 195 537 502 207 765 1001 908 617 307 587 238 368 593 561 641 137 620 347 389 568 559 694 893 934 259 661 693 435 497 147 471 856 787 836 294 548 276 278 495 651 361 369 491 775 349 273 625 169 187 852 102 297 824 406 569 432 713 786 185 119 674 594 518 629 236 162 462 452 884 234 281 448 370 197 23 858 392 1043 178 550 564 867 479 589 689 487 276 437 848 153 509 628 625 892 310 371 517 542 103 673 807 806 205 826 106 532 307 663 204 872 369 641 632
679 362 603 1027 800 784 883 732 1209 183 542 1060 661 1099 1189 1097 356 0 420 799 257 553 1057 345 711 853 896 420 1092 44 287 253 740 848 498 833 501 454 1136 614 896 148 920 517 917 855 970 644 490 324 949 706 493 707 795 404 651 474 809 544 1100 562 285 909 1204 566 1074 913 867 547 450 223 532 679 854 542 773 1265 1167 580 647 639 548 675 936 763 748 490 881 333 76 875 816 1015 1073 1205 542 735 921 763 697 437 820 1050 1047 931 61 516 625 112 848 585 476 721 632 929 217 94 964 498 171 1084 417 651 827 713 777 539 716 1052 503 350 903 705 842 912 592 511 638 780 897 123 620 528 576 514 370 1024 745 1302 534 490 869 897 622 603 723 629 405 305 1060 463 861 543 801 1163 375 707 766 610 268 988 1112 788 494 1052 252 552 638 865 522 1159 55 548 729
317 562 348 713 454 763 463 774 922 263 451 814 267 847 909 736 465 420 0 572 528 160 865 101 399 464 721 590 850 385 341 388 330 432 78 575 538 461 813 475 818 471 934 623 822 619 729 660 71 325 889 511 489 706 411 164 236 607 520 128 833 144 271 872 893 312 786 744 675 606 120 380 643 326 882 502 354 961 865 166 740 230 459 528 816 448 356 521 614 120 496 681 555 826 702 915 417 328 609 634 397 398 866 691 756 522 403 98 589 332 787 189 195 675 291 550 202 442 830 626 383 758 568 637 409 555 467 205 297 768 453 353 593 321 688 671 616 516 332 645 479 421 718 171 333 456 456 646 699 991 575 86 673 477 288 185 304 290 222 128 716 427 888 163 454 876 164 802 506 214 381 790 883 374 408 723 404 140 552 533 460 895 371 176 334
325 619 225 280 259 385 634 476 416 749 284 262 412 300 393 428 520 799 572 0 691 652 293 544 208 394 163 589 294 755 518 570 471 533 556 64 423 404 383 204 340 731 535 516 322 55 171 401 563 477 411 97 379 389 367 443 613 546 127 584 302 524 515 428 429 263 290 188 112 451 685 595 527 306 518 328 611 480 388 603 533 465 283 161 292 192 393 417 105 539 859 116 66 255 438 414 266 455 207 177 195 381 532 389 267 519 744 572 320 689 342 656 383 316 308 384 649 748 290 544 644 346 563 354 654 132 179 370 589 266 336 458 193 371 161 113 405 385 250 171 678 706 530 409 244 324 497 428 323 522 427 610 107 641 305 521 530 307 412 661 361 367 521 672 261 372 466 564 80 430 553 218 319 675 319 326 581 498 248 231 317 360 782 688 406
684 114 549 956 775 570 963 499 1107 391 407 940 699 979 1082 1062 171 257 528 691 0 687 904 428 672 864 748 174 966 240 214 153 792 904 599 740 303 290 1064 487 699 109 686 281 726 745 853 430 594 254 741 593 322 493 806 428 760 235 740 654 990 647 272 693 1119 523 981 759 730 327 607 150 292 677 619 377 865 1172 1078 693 403 697 409 540 754 718 772 299 789 410 259 739 727 863 1049 1105 427 782 858 604 652 312 581 1015 957 968 206 623 438 235 646 717 481 525 628 923 357 163 788 257 149 1019 179 450 923 577 728 555 809 957 356 253 839 725 687 800 381 328 610 621 988 144 378 562 523 368 194 1010 546 1214 325 614 735 977 617 685 796 625 393 459 1011 323 626 685 776 1063 403 460 683 656 166 843 978 897 373 991 136 628 476 822 375 1044 293 695 760
344 723 443 735 473 896 352 917 950 377 587 869 265 898 942 719 624 553 160 652 687 0 943 261 453 436 811 750 905 523 502 548 279 354 110 640 689 612 824 596 935 623 1069 779 934 692 791 804 109 483 1007 610 637 844 397 310 112 765 572 67 876 128 431 997 907 414 819 836 762 757 110 540 799 360 1021 644 240 978 886 59 892 209 595 642 921 493 338 672 671 280 627 767 621 906 677 943 548 286 638 746 460 547 1008 679 790 454 546 86 727 479 909 32 317 806 345 526 344 589 930 783 539 768 727 776 285 664 512 290 189 805 597 510 625 322 788 737 762 664 402 754 356 572 870 251 436 598 615 618 829 1002 726 73 758 365 347 143 227 345 368 248 716 575 1027 24 473 907 318 953 577 228 542 869 943 238 549 733 564 153 681 555 601 937 500 37 314
606 810 517 347 507 410 875 525 300 1030 515 147 692 163 269 517 735 1057 865 293 904 943 0 832 491 623 160 764 136 1014 769 811 737 775 849 304 604 618 384 443 278 966 474 665 240 251 169 511 856 732 308 363 582 463 616 731 895 708 378 876 206 814 781 360 368 555 268 144 195 601 978 839 668 588 495 528 874 376 328 892 622 748 510 382 188 459 656 605 284 827 1109 187 323 41 553 305 516 721 368 299 483 620 530 500 276 732 998 865 470 951 323 945 674 401 597 577 930 993 152 696 891 389 744 473 910 344 441 664 862 255 558 706 369 645 217 210 544 575 542 282 921 951 631 702 535 546 713 575 388 420 589 903 194 879 595 808 800 597 694 950 446 597 494 964 508 279 752 622 365 717 795 74 109 940 562 397 818 789 428 442 538 215 1047 980 673
344 461 320 722 474 688 548 689 922 220 379 798 317 833 906 767 365 345 101 544 428 261 832 0 399 511 680 490 833 305 241 286 396 505 171 558 447 371 827 416 755 377 856 528 763 595 709 576 166 227 824 470 402 626 454 101 331 509 514 225 824 225 170 802 902 280 785 702 638 515 204 279 548 347 801 422 443 968 870 265 648 295 387 473 763 451 404 431 601 18 420 646 539 792 739 916 350 391 615 579 392 311 782 721 756 586 318 194 512 246 720 290 163 603 303 590 132 353 781 529 285 772 468 558 500 505 469 208 386 765 372 257 598 363 641 651 530 429 327 592 568 327 625 188 299 377 358 687 627 1001 485 188 638 561 296 265 383 301 148 117 739 342 808 263 474 876 85 711 488 265 280 758 862 469 331 738 303 211 484 547 381 886 302 276 385
117 632 123 322 105 547 438 614 524 619 319 419 203 450 510 392 518 711 399 208 672 453 491 399 0 225 372 621 455 666 466 527 265 341 366 187 475 424 428 265 535 680 713 581 523 240 337 515 374 423 608 207 418 526 180 311 405 596 121 386 434 324 434 616 502 150 387 397 321 527 500 544 597 98 683 384 404 568 470 400 641 257 323 272 497 52 191 463 218 401 780 324 168 456 377 518 277 249 215 350 24 372 687 345 358 352 666 379 424 599 526 454 239 462 110 258 524 682 499 603 583 375 593 471 450 272 69 196 381 368 364 419 198 164 364 284 498 436 73 352 481 644 629 228 149 355 496 339 478 601 495 420 315 447 111 316 322 110 306 508 350 376 688 475 106 478 340 686 129 226 511 418 490 468 323 342 542 301 353 155 352 496 681 490 200
179 840 337 328 135 765 251 838 540 723 542 508 197 525 538 282 724 853 464 394 864 436 623 511 225 0 546 835 541 811 650 712 157 152 398 344 697 640 398 491 734 853 925 804 716 401 454 740 408 610 806 424 639 749 58 453 341 815 268 386 493 332 603 821 484 351 423 569 496 751 524 723 820 187 901 609 270 554 470 377 867 238 547 494 682 209 107 684 345 520 927 497 332 598 242 531 499 150 258 561 249 583 908 244 397 127 818 396 650 747 734 421 387 683 235 90 643 844 674 824 754 345 807 696 293 490 218 316 280 416 585 613 255 148 556 419 724 658 263 559 297 810 855 324 358 577 703 184 697 573 719 440 488 255 247 300 220 239 473 592 285 592 905 460 134 501 482 912 320 249 697 561 584 333 540 311 728 326 578 181 574 547 813 472 130
489 658 373 345 415 302 791 413 393 873 355 213 575 249 364 517 578 896 721 163 748 811 160 680 372 546 0 615 230 854 609 651 633 690 712 201 451 460 422 283 208 807 417 521 180 145 153 375 718 572 270 210 425 337 524 579 775 561 279 743 276 684 621 301 438 409 305 24 51 455 837 679 526 470 417 370 773 468 394 764 497 628 350 221 138 352 554 451 207 674 948 49 215 118 540 395 356 617 318 144 358 460 443 487 296 667 838 730 320 791 231 817 526 267 470 521 773 833 129 552 731 404 593 332 815 184 337 525 753 283 398 546 310 535 62 143 400 420 410 127 836 791 502 564 387 386 556 545 261 514 440 765 57 798 465 683 693 469 538 798 444 437 419 831 416 358 598 509 243 592 635 95 233 838 402 398 659 658 271 370 379 316 888 847 568
663 60 499 866 726 404 976 326 994 521 312 819 698 858 967 993 126 420 590 589 174 750 764 490 621 835 615 0 842 395 249 215 794 903 648 646 167 197 972 388 538 277 512 110 568 639 737 266 646 267 575 494 211 328 779 451 802 62 663 704 874 682 319 524 1017 484 877 623 606 166 689 237 119 650 445 260 890 1063 974 743 229 710 311 429 602 659 757 171 693 471 432 615 636 725 989 993 347 781 777 471 598 251 407 948 856 951 362 674 295 368 484 777 484 370 606 879 461 327 637 83 271 932 27 294 949 462 665 553 838 852 261 244 759 711 553 690 223 204 571 488 1008 297 203 571 476 272 139 958 389 1107 174 676 612 989 593 714 812 602 401 555 935 244 452 753 728 952 436 287 600 665 215 710 848 932 298 908 203 658 349 758 277 924 447 766 750
561 882 513 232 442 522 791 636 169 1042 563 36 644 27 139 393 795 1092 850 294 966 905 136 833 455 541 230 842 0 1048 809 857 672 693 822 275 676 676 251 483 402 1017 605 751 365 239 124 605 829 769 440 385 645 566 545 734 843 790 334 840 71 777 809 489 232 552 141 229 237 685 955 884 757 545 621 590 805 246 192 851 726 701 559 427 312 412 593 675 236 830 1150 228 295 148 433 173 553 658 284 372 453 665 653 382 156 638 1037 834 549 982 441 903 669 497 565 482 943 1037 278 782 934 262 819 563 834 389 393 645 801 135 611 747 291 591 292 182 630 643 518 355 836 996 732 680 535 599 772 463 489 291 669 875 231 793 566 765 738 565 706 948 326 647 621 928 443 144 758 734 345 677 841 142 43 870 604 276 867 756 494 367 591 87 1076 943 613
637 339 558 983 757 748 848 700 1164 166 500 1016 621 1055 1144 1053 321 44 385 755 240 523 1014 305 666 811 854 395 1048 0 245 215 702 810 463 788 465 414 1092 571 858 135 888 487 878 810 926 609 456 281 912 662 454 672 753 361 618 446 764 511 1055 526 240 872 1159 522 1030 871 823 513 424 185 503 636 822 502 739 1220 1123 548 618 600 506 632 895 718 707 454 836 293 116 832 771 972 1030 1161 498 696 877 722 652 395 789 1006 1003 892 34 482 586 67 810 556 432 683 589 886 182 82 923 470 134 1040 389 614 794 670 733 497 682 1007 462 308 858 663 800 868 556 473 594 738 864 97 592 486 532 473 334 981 707 1258 499 459 826 861 579 567 686 586 361 275 1016 422 829 515 757 1119 331 679 721 570 228 945 1069 756 451 1008 215 515 597 821 480 1115 53 521 688
470 221 345 765 567 517 753 488 934 308 254 778 485 817 912 858 126 287 341 518 214 502 769 241 466 650 609 249 809 245 0 61 578 690 403 558 240 176 875 327 617 216 670 299 635 574 688 385 400 43 675 423 216 444 592 217 561 273 546 459 821 443 70 640 936 315 802 626 580 301 441 79 318 463 608 260 658 994 897 498 427 486 260 387 651 514 558 226 608 222 341 589 543 727 842 931 256 568 663 476 447 150 581 811 776 753 229 429 347 186 571 529 267 445 415 712 227 229 678 295 125 826 228 381 717 426 526 340 604 779 217 62 644 511 554 632 333 238 400 492 780 187 402 348 319 228 124 801 470 1033 278 428 583 766 403 479 586 411 179 311 812 177 615 505 568 888 195 491 495 444 47 701 827 695 206 796 78 421 352 619 235 879 284 517 545
532 177 405 822 628 532 811 490 987 311 296 828 545 867 964 919 110 253 388 570 153 548 811 286 527 712 651 215 857 215 61 0 638 750 454 613 249 200 932 374 642 160 676 286 663 626 738 394 450 103 696 474 239 457 654 275 613 252 604 510 873 498 121 657 992 376 856 666 625 302 479 30 304 525 612 289 714 1048 952 549 417 545 301 432 683 575 619 238 662 268 298 634 598 769 903 984 305 628 721 514 508 192 582 871 831 814 192 479 371 168 594 577 328 467 477 773 246 182 712 276 82 884 200 399 773 470 586 401 659 833 253 113 702 572 594 683 342 257 461 531 837 140 391 408 379 265 120 863 491 1088 285 474 629 824 465 534 644 473 240 340 871 214 619 549 629 942 252 481 552 503 16 745 874 749 252 855 17 477 387 679 272 930 261 560 606
156 788 333 475 231 803 186 859 690 593 535 637 95 660 686 440 673 740 330 471 792 279 737 396 265 157 633 794 672 702 578 638 0 112 257 437 679 611 554 505 800 763 973 784 789 494 571 752 266 543 874 469 620 773 129 364 184 786 359 234 631 188 520 880 639 328 566 658 582 741 373 644 802 175 939 602 139 709 622 221 867 101 541 527 762 281 80 664 453 409 817 585 420 706 398 681 490 16 390 614 284 547 939 401 538 192 714 249 662 641 790 263 313 716 202 248 524 746 762 799 666 499 767 712 185 534 297 241 129 556 568 555 381 103 629 526 725 643 259 617 224 716 852 230 344 563 656 338 734 730 708 291 576 197 213 150 66 206 401 459 442 564 944 303 230 649 390 920 391 135 626 668 713 204 518 464 656 190 597 306 562 689 696 314 65
249 898 429 476 275 888 101 951 683 695 635 660 206 677 684 400 783 848 432 533 904 354 775 505 341 152 690 903 693 810 690 750 112 0 356 489 783 717 536 598 871 875 1054 888 856 546 606 847 365 655 944 548 724 864 166 476 244 893 411 323 643 288 632 955 621 429 572 714 640 843 458 756 906 266 1024 702 136 691 612 300 967 210 640 612 824 342 154 768 494 519 925 641 474 749 352 674 589 122 410 691 363 655 1027 370 547 101 823 344 757 751 866 330 424 803 302 222 631 856 819 904 777 485 876 806 144 614 354 352 168 566 670 666 407 196 695 569 823 746 352 691 146 827 952 342 443 665 765 292 819 705 810 382 632 107 314 248 130 306 512 559 420 670 1029 376 273 646 502 1017 455 247 738 711 736 191 622 453 768 295 688 332 663 696 802 384 155
269 625 340 668 406 785 384 807 881 339 476 785 205 816 870 676 522 498 78 556 599 110 849 171 366 398 712 648 822 463 403 454 257 356 0 550 580 503 764 487 827 547 959 672 827 599 703 693 9 381 900 507 527 733 349 202 160 660 488 56 798 68 334 888 846 308 746 736 663 648 135 449 692 282 910 533 276 915 820 95 783 160 484 534 817 411 292 563 585 188 574 669 531 811 640 874 437 256 566 639 369 438 897 633 717 448 481 26 616 410 800 131 206 696 256 487 281 519 828 678 456 708 624 666 332 558 430 186 218 730 486 406 552 262 685 648 652 554 307 649 400 497 761 148 330 487 511 583 719 943 616 53 661 398 256 108 227 256 259 203 663 465 916 124 405 836 212 843 484 156 446 774 857 299 438 673 471 73 571 487 490 860 449 140 269
302 673 239 220 214 447 590 540 376 770 337 240 388 275 356 364 571 833 575 64 740 640 304 558 187 344 201 646 275 788 558 613 437 489 550 0 481 456 326 257 394 773 594 577 373 57 153 465 558 516 463 151 435 453 324 460 590 605 78 573 268 511 548 484 379 278 243 225 151 512 683 637 588 284 579 385 576 435 339 588 597 444 336 221 337 156 357 474 49 556 896 152 19 270 374 373 312 421 143 240 181 428 595 325 218 467 780 564 382 721 401 641 394 379 295 326 671 787 330 604 683 286 619 417 616 195 139 370 560 220 389 500 129 342 215 97 468 442 244 233 635 746 593 406 262 377 547 365 386 475 487 604 143 596 295 504 499 295 436 673 298 417 582 662 215 330 485 628 70 414 596 232 307 641 367 265 625 488 310 172 371 330 812 677 372
535 207 360 702 579 283 865 247 826 549 156 652 584 691 800 834 146 501 538 423 303 689 604 447 475 697 451 167 676 465 240 249 679 783 580 481 0 77 806 226 400 380 429 106 424 472 570 145 580 230 449 330 59 207 645 378 720 124 504 634 707 599 296 407 850 353 710 460 439 67 652 280 123 520 367 96 790 896 807 670 202 608 153 262 451 509 631 16 527 431 535 448 473 564 833 826 198 665 616 306 452 142 341 790 689 819 439 606 135 417 349 712 387 224 480 733 466 419 485 127 330 767 143 151 848 295 512 447 743 685 112 196 598 587 389 523 92 40 436 323 901 380 181 474 341 120 130 806 247 940 38 618 446 877 468 625 708 477 321 540 774 117 374 698 581 785 373 264 439 560 238 547 684 840 161 745 249 572 182 603 123 758 511 712 627
472 217 303 676 529 340 796 320 817 483 119 649 516 688 792 797 118 454 461 404 290 612 618 371 424 640 460 197 676 414 176 200 611 717 503 456 77 0 783 199 443 349 497 173 463 457 563 211 503 158 499 306 40 268 586 301 645 176 468 557 700 523 224 463 834 291 694 473 440 145 575 230 192 459 437 90 718 884 792 594 280 536 120 249 483 462 568 60 505 354 496 449 446 577 792 816 150 597 583 318 401 66 414 752 672 759 393 529 171 361 395 635 313 268 416 682 396 379 513 187 282 741 169 204 777 287 468 376 670 670 67 124 565 523 400 511 161 62 377 335 831 338 258 400 282 79 96 761 293 926 114 541 445 809 404 550 637 412 244 466 740 48 444 621 531 774 296 341 406 489 186 555 688 766 101 716 204 497 190 561 86 754 457 635 562
496 1000 534 109 359 723 622 831 154 1047 663 238 562 224 165 159 897 1136 813 383 1064 824 384 827 428 398 422 972 251 1092 875 932 554 536 764 326 806 783 0 584 624 1091 834 899 591 336 269 774 773 832 675 477 761 749 428 740 738 930 328 766 180 706 854 717 85 570 119 433 400 833 898 954 909 487 839 711 666 155 81 765 904 615 663 544 540 376 485 800 279 830 1204 393 337 386 208 144 637 543 214 534 440 752 865 170 126 456 1088 769 699 1024 653 813 668 675 525 314 953 1100 512 927 998 55 946 727 680 513 360 619 679 139 715 819 233 504 473 294 785 768 502 521 664 1060 904 646 560 703 873 256 675 178 810 813 390 621 531 681 618 527 731 931 115 743 840 848 359 130 769 925 381 608 915 364 290 726 692 91 945 691 630 280 697 200 1109 861 509
350 416 173 478 364 304 689 353 619 594 80 455 419 494 594 608 316 614 475 204 487 596 443 416 265 491 283 388 483 571 327 374 505 598 487 257 226 199 584 0 342 533 477 327 347 257 366 250 491 289 413 107 177 267 444 318 593 351 278 531 502 481 339 400 634 188 494 301 252 267 596 401 341 332 436 130 634 684 592 561 375 457 79 61 347 290 443 217 305 406 669 261 248 401 608 617 73 489 390 163 241 181 433 564 472 617 557 510 159 508 313 611 282 214 304 516 495 554 368 352 451 543 362 208 687 98 291 311 596 470 132 265 372 404 232 313 233 186 246 177 730 513 364 348 167 120 293 584 235 727 238 537 256 700 294 494 548 301 268 532 547 164 442 612 366 575 331 421 213 412 357 373 500 691 121 520 383 452 91 379 113 558 604 628 445
646 592 494 553 600 142 971 253 571 915 380 397 728 426 541 725 545 896 818 340 699 935 278 755 535 734 208 538 402 858 617 642 800 871 827 394 400 443 624 342 0 781 210 430 37 343 357 272 832 590 73 333 403 211 705 659 919 476 467 868 462 814 652 93 629 520 505 192 248 373 938 673 427 627 219 357 938 648 586 895 358 775 372 293 89 529 726 408 410 744 934 250 404 254 748 575 405 784 523 190 516 472 252 695 500 860 835 849 271 803 54 946 624 176 614 720 820 818 126 460 725 611 523 249 986 273 518 645 909 484 402 558 514 698 179 351 317 385 552 184 1015 778 372 683 498 394 527 751 152 693 373 878 257 979 607 822 854 612 607 869 652 442 219 951 601 543 670 349 416 734 629 263 385 1001 430 606 645 786 273 567 387 488 900 967 735
674 217 562 982 779 659 924 597 1147 295 454 988 675 1027 1125 1073 236 148 471 731 109 623 966 377 680 853 807 277 1017 135 216 160 763 875 547 773 380 349 1091 533 781 0 785 379 805 787 898 518 541 259 828 634 386 582 795 402 707 334 763 600 1033 603 250 783 1152 530 1017 821 783 417 534 137 393 669 718 439 821 1209 1113 638 506 664 458 590 829 730 755 373 823 361 157 793 759 925 1055 1145 465 755 880 667 663 351 682 1026 992 948 100 570 512 147 730 655 465 605 620 920 281 54 860 358 99 1043 277 532 878 629 742 537 764 993 408 273 861 709 749 843 467 398 612 684 946 51 480 536 535 420 255 1012 628 1249 409 553 788 938 609 642 758 617 381 383 1028 370 725 618 780 1103 374 565 712 628 177 902 1032 846 412 1013 149 587 539 835 428 1090 187 627 740
817 572 648 763 790 173 1151 188 773 978 483 603 892 631 743 935 567 920 934 535 686 1069 474 856 713 925 417 512 605 888 670 676 973 1054 959 594 429 497 834 477 210 785 0 405 243 546 568 285 961 655 165 505 460 230 890 770 1071 451 662 1006 669 957 721 117 835 666 714 403 454 374 1054 706 393 798 67 434 1107 850 793 1037 286 934 475 446 294 716 903 443 615 842 942 458 601 456 956 778 521 957 729 364 692 547 109 903 710 1052 859 982 345 844 193 1085 752 263 776 920 893 831 326 429 754 821 508 298 1158 440 707 788 1072 694 484 621 718 870 381 560 337 434 716 366 1194 796 310 824 645 479 556 956 242 894 392 1005 464 1160 767 972 1021 774 713 960 861 516 60 1083 791 748 774 241 605 889 666 471 584 1166 526 816 673 929 388 766 475 689 936 1098 910
641 168 466 797 685 294 969 218 908 597 262 730 689 769 880 935 176 517 623 516 281 779 665 528 581 804 521 110 751 487 299 286 784 888 672 577 106 173 899 327 430 379 405 0 460 562 652 158 671 301 464 427 165 218 751 470 817 47 605 727 789 696 364 414 938 459 797 527 518 66 732 313 19 626 339 198 892 980 894 764 132 710 258 355 497 614 737 120 621 510 536 527 570 628 935 909 304 770 715 379 558 239 303 891 779 925 457 698 203 451 376 803 486 265 586 838 525 427 533 31 356 862 102 192 950 385 616 549 844 773 219 271 698 693 459 610 121 145 542 396 1004 393 105 574 447 226 174 910 283 1024 89 707 525 981 574 724 810 582 414 610 872 219 345 786 687 868 461 194 539 663 280 616 754 940 266 842 279 669 268 706 229 835 538 800 733
637 621 490 522 582 177 956 290 534 929 392 361 720 390 504 696 569 917 822 322 726 934 240 763 523 716 180 568 365 878 635 663 789 856 827 373 424 463 591 347 37 805 243 460 0 320 326 302 832 606 90 326 423 244 689 665 914 507 448 867 427 811 666 126 593 519 471 162 224 402 942 694 459 617 256 375 927 611 551 892 394 768 384 294 52 514 713 431 386 752 957 225 384 217 720 539 413 772 498 188 505 488 290 666 467 840 856 848 293 822 88 944 627 200 607 698 833 841 88 491 746 579 552 275 973 270 501 643 901 451 419 575 490 687 160 323 346 407 545 179 1001 800 407 682 497 409 550 725 179 656 400 879 232 963 600 817 844 605 615 878 622 458 255 951 584 507 678 386 400 728 649 228 348 990 443 576 666 783 286 546 402 451 919 967 723
356 672 275 238 271 407 647 506 361 803 338 206 443 244 338 397 574 855 619 55 745 692 251 595 240 401 145 639 239 810 574 626 494 546 599 57 472 457 336 257 343 787 546 562 320 0 115 439 606 533 410 152 431 420 381 495 645 594 135 624 246 563 570 434 378 314 237 168 96 497 730 651 572 338 536 379 633 427 335 640 571 498 336 210 282 213 414 467 69 592 915 96 74 215 412 359 321 478 182 204 231 436 554 361 217 522 800 614 362 744 354 694 433 346 346 378 703 804 273 591 700 303 614 392 674 177 196 416 617 213 389 514 172 398 165 57 448 435 291 194 692 762 569 453 296 377 551 410 350 469 474 653 88 653 344 557 556 346 466 712 326 422 538 713 272 317 519 597 114 466 609 177 266 698 375 288 637 538 294 225 370 304 837 728 429
448 774 389 197 340 455 706 564 256 918 446 90 533 129 230 372 681 970 729 171 853 791 169 709 337 454 153 737 124 926 688 738 571 606 703 153 570 563 269 366 357 898 568 652 326 115 0 516 711 647 413 264 534 485 448 610 735 688 218 724 137 662 686 451 289 428 152 165 136 586 836 764 660 431 570 480 708 327 244 737 643 590 443 313 277 299 490 567 120 706 1029 128 173 147 400 256 433 556 200 275 334 547 596 347 143 564 915 716 449 860 384 790 546 412 447 410 819 917 253 682 813 253 713 470 742 276 280 524 698 129 496 627 200 483 207 58 534 534 397 260 752 876 645 560 411 484 658 414 409 371 566 757 128 710 447 652 636 447 581 825 298 531 572 813 341 215 634 660 222 563 722 113 154 773 486 251 749 639 387 273 477 191 953 828 509
598 321 418 678 611 141 937 113 767 693 221 588 662 625 739 830 288 644 660 401 430 804 511 576 515 740 375 266 605 609 385 394 752 847 693 465 145 211 774 250 272 518 285 158 302 439 516 0 694 370 311 327 175 63 694 497 820 204 509 744 649 701 436 265 805 425 666 377 379 102 778 425 157 581 225 160 875 841 761 777 132 694 214 252 338 536 693 158 504 561 674 388 463 475 837 769 265 736 608 240 491 265 206 789 650 867 583 718 90 562 218 823 490 110 549 760 608 560 375 189 474 743 252 47 930 270 534 538 833 642 207 335 592 652 313 480 52 149 494 255 976 522 129 570 408 205 274 820 125 886 110 736 388 948 538 722 790 545 438 677 762 234 232 815 613 730 497 171 443 647 383 466 604 930 255 726 393 673 163 615 203 691 656 830 693
278 622 346 677 415 788 392 808 889 330 479 793 215 824 879 686 520 490 71 563 594 109 856 166 374 408 718 646 829 456 400 450 266 365 9 558 580 503 773 491 832 541 961 671 832 606 711 694 0 379 904 513 528 736 359 201 166 658 496 59 807 78 330 892 855 313 755 742 670 648 126 445 691 290 912 534 283 924 829 99 783 170 487 539 822 419 302 564 593 184 567 676 538 818 649 883 440 266 575 644 377 438 899 642 725 457 474 28 618 403 804 131 209 699 264 496 273 513 833 677 451 717 623 668 338 563 439 192 226 738 488 404 560 272 691 655 653 555 314 653 407 490 761 154 336 489 510 592 722 952 617 47 667 406 263 117 235 264 259 194 672 466 918 121 414 845 211 844 491 165 442 781 864 304 440 682 467 83 574 496 492 868 441 137 278
430 248 302 722 524 497 720 477 892 326 220 738 449 776 870 815 141 324 325 477 254 483 732 227 423 610 572 267 769 281 43 103 543 655 381 516 230 158 832 289 590 259 655 301 606 533 647 370 379 0 651 383 196 426 552 186 535 282 503 437 780 416 66 619 894 272 760 589 542 294 431 122 321 423 595 233 628 951 855 476 425 453 226 350 619 471 519 214 565 209 381 551 501 690 800 889 217 532 620 442 404 118 571 768 734 715 268 407 323 219 546 510 230 421 374 670 238 270 646 302 167 783 243 361 687 388 483 303 575 736 187 34 601 472 519 591 319 220 357 458 749 229 401 314 276 197 131 759 446 991 268 410 545 733 363 450 554 371 142 311 769 148 602 488 525 846 169 489 453 409 88 663 788 667 170 753 119 393 321 576 204 838 316 502 507
720 631 567 610 671 171 1044 266 608 977 446 441 802 466 577 784 595 949 889 411 741 1007 308 824 608 806 270 575 440 912 675 696 874 944 900 463 449 499 675 413 73 828 165 464 90 410 413 311 904 651 0 407 459 248 777 729 993 512 537 941 505 887 714 60 672 593 555 251 314 413 1009 727 459 701 196 417 1012 684 630 968 375 849 438 366 136 602 799 459 476 812 984 316 474 292 809 613 474 857 588 264 590 534 237 756 553 930 888 921 328 860 105 1020 696 230 688 789 884 868 163 493 778 666 563 298 1059 346 590 718 983 536 464 618 580 771 249 413 361 439 626 258 1088 829 393 756 571 456 579 815 205 728 419 950 323 1051 681 896 928 686 676 936 711 503 194 1024 673 584 739 353 488 807 683 310 418 1074 496 664 697 859 340 636 450 523 956 1040 809
314 523 167 372 290 340 645 415 514 667 187 355 395 393 490 508 423 706 511 97 593 610 363 470 207 424 210 494 385 662 423 474 469 548 507 151 330 306 477 107 333 634 505 427 326 152 264 327 513 383 407 0 284 326 385 369 587 454 182 543 399 486 424 410 527 200 388 233 168 364 629 499 439 295 477 234 606 578 485 567 458 442 186 74 310 215 398 323 198 464 764 176 143 322 512 512 169 453 287 144 186 284 483 466 365 552 651 526 239 597 320 619 316 259 281 434 567 652 320 454 548 437 468 280 655 65 210 321 576 363 239 362 270 366 177 209 323 291 218 148 688 611 451 360 178 227 399 493 272 620 337 560 168 654 274 491 521 279 330 588 445 270 481 629 292 470 389 495 116 401 457 290 406 668 222 415 484 458 165 288 220 456 692 645 405
476 240 301 655 523 301 806 286 790 522 102 619 525 658 764 783 152 493 489 379 322 637 582 402 418 639 425 211 645 454 216 239 620 724 527 435 59 40 761 177 403 386 460 165 423 431 534 175 528 196 459 284 0 230 586 327 664 178 452 580 671 543 262 424 809 294 669 438 408 122 605 270 182 461 401 55 732 858 767 616 256 549 100 221 444 453 572 45 482 386 535 417 425 542 780 789 141 605 566 283 395 91 380 738 647 760 432 553 131 401 355 659 331 228 421 676 434 418 474 184 322 721 184 165 790 257 457 389 686 644 54 162 548 528 365 484 127 27 377 300 842 377 236 416 282 63 131 751 253 901 90 567 413 818 409 568 649 417 268 501 724 62 408 647 524 747 324 316 389 502 225 521 656 782 101 697 243 516 154 549 67 724 497 662 568
618 383 440 658 617 77 957 89 731 752 257 551 686 587 702 816 351 707 706 389 493 844 463 626 526 749 337 328 566 672 444 457 773 864 733 453 207 268 749 267 211 582 230 218 244 420 485 63 736 426 248 326 230 0 706 541 854 265 505 782 614 737 492 201 774 452 637 337 350 165 825 487 215 599 176 204 901 806 730 815 159 723 249 255 284 541 710 219 488 611 738 357 453 430 827 733 298 757 596 216 503 317 166 778 624 877 646 758 117 624 157 862 528 74 571 761 664 623 321 248 537 722 315 68 955 264 536 570 862 614 253 392 582 672 279 455 115 206 514 228 997 585 167 604 433 250 337 815 77 852 173 779 359 967 561 755 815 568 484 729 747 285 182 857 618 696 544 176 440 676 445 425 561 958 297 708 456 709 175 612 245 653 718 872 713
