49
0 510 183 628 459 480 283 520 782 511 98 535 568 136 442 93 730 495 617 437 310 146 626 587 495 620 192 364 594 314 550 589 442 481 469 357 279 266 305 479 648 254 396 416 113 639 807 152 415
510 0 676 957 715 34 779 749 1287 903 429 774 1005 499 700 572 968 944 1112 834 643 538 950 875 826 1126 516 199 1004 562 1053 1098 890 711 980 592 562 429 279 989 860 755 783 842 449 1119 1317 661 917
183 676 0 494 560 644 103 622 652 527 246 632 393 193 545 193 806 317 438 461 408 280 670 655 553 493 215 506 427 299 376 451 419 589 318 485 410 333 488 338 742 81 259 253 291 557 658 119 313
628 957 494 0 1054 923 466 1116 882 996 623 1126 248 525 1039 678 1296 283 495 939 902 762 1149 1144 1041 771 479 758 179 397 521 712 871 1083 599 974 897 531 889 639 1236 492 235 257 739 916 821 613 700
459 715 560 1054 0 704 607 62 793 251 523 76 924 595 17 384 278 848 855 221 153 313 238 159 133 668 651 689 973 773 771 679 334 35 638 127 189 706 441 617 188 575 819 808 384 559 876 442 500
480 34 644 923 704 0 747 740 1259 885 398 764 970 466 689 545 961 910 1079 815 626 514 937 863 811 1098 482 164 969 528 1021 1069 868 701 949 579 545 394 264 959 853 723 749 807 424 1094 1288 632 890
283 779 103 466 607 747 0 668 565 530 350 675 318 292 594 273 833 241 334 473 461 359 682 681 578 411 303 608 366 365 273 364 407 639 227 550 479 423 588 253 780 33 249 210 386 500 563 177 259
520 749 622 1116 62 740 668 0 828 275 581 24 984 655 77 445 226 908 909 260 215 373 223 135 153 709 711 736 1034 833 825 724 375 41 690 176 246 763 481 667 129 636 881 870 441 590 915 504 550
782 1287 652 882 793 1259 565 828 0 554 874 816 635 844 792 714 849 605 392 572 730 760 676 743 676 161 865 1144 707 929 363 201 463 827 338 832 802 984 1038 313 870 574 757 679 840 242 115 629 369
511 903 527 996 251 885 530 275 554 0 601 262 818 639 255 417 329 746 690 74 259 393 158 194 122 448 689 830 879 804 607 472 134 281 471 331 341 777 624 440 321 505 775 739 488 314 647 416 330
98 429 246 623 523 398 350 581 874 601 0 599 602 98 506 188 800 534 683 527 383 217 708 662 575 713 148 270 617 263 623 679 539 541 554 409 335 183 269 567 711 325 404 442 141 737 894 247 510
535 774 632 1126 76 764 675 24 816 262 599 0 990 671 93 459 204 913 908 253 227 389 200 111 140 701 727 758 1041 849 824 717 368 64 689 198 264 782 504 664 112 643 891 878 459 577 905 513 548
568 1005 393 248 924 970 318 984 635 818 602 990 0 513 912 584 1136 77 247 772 780 672 976 987 884 533 488 811 72 465 277 473 685 957 375 869 797 585 867 415 1093 352 228 163 681 689 573 494 497
136 499 193 525 595 466 292 655 844 639 98 671 513 0 578 224 866 448 615 566 446 282 760 723 630 684 56 318 523 178 563 644 558 616 512 488 412 147 366 531 783 274 307 350 226 732 852 241 494
442 700 545 1039 17 689 594 77 792 255 506 93 912 578 0 367 295 835 846 219 137 296 251 175 140 664 634 672 960 756 762 673 331 45 630 111 171 689 425 609 205 562 804 794 366 560 873 427 493
93 572 193 678 384 545 273 445 714 417 188 459 584 224 367 0 647 508 594 343 231 87 535 501 406 554 278 445 620 398 520 530 350 409 421 296 219 360 334 424 571 240 442 445 128 556 750 102 345
730 968 806 1296 278 961 833 226 849 329 800 204 1136 866 295 647 0 1062 1019 365 419 585 176 151 254 766 922 962 1194 1044 937 796 463 267 800 402 467 983 705 770 109 804 1065 1042 661 609 952 687 658
495 944 317 283 848 910 241 908 605 746 534 913 77 448 835 508 1062 0 235 698 703 595 904 912 809 488 429 754 132 420 241 429 615 880 318 792 720 532 796 357 1017 275 188 109 607 634 555 417 431
617 1112 438 495 855 1079 334 909 392 690 683 908 247 615 846 594 1019 235 0 663 731 672 846 878 782 314 613 933 317 634 84 258 556 890 219 833 773 728 920 249 997 363 416 334 715 487 325 491 363
437 834 461 939 221 815 473 260 572 74 527 253 772 566 219 343 365 698 663 0 193 319 210 217 119 449 617 757 830 732 579 464 115 255 443 276 276 704 556 415 334 446 714 683 414 341 655 347 300
310 643 408 902 153 626 461 215 730 259 383 227 780 446 137 231 419 703 731 193 0 166 330 279 196 587 502 581 826 624 649 586 274 181 522 104 82 566 364 507 340 428 666 658 249 516 798 291 395
146 538 280 762 313 514 359 373 760 393 217 389 672 282 296 87 585 595 672 319 166 0 490 445 358 604 338 439 708 460 596 586 355 335 488 213 135 400 277 486 501 325 526 532 96 581 806 184 394
626 950 670 1149 238 937 682 223 676 158 708 200 976 760 251 535 176 904 846 210 330 490 0 90 133 589 813 908 1036 932 765 620 293 252 629 358 400 890 673 597 202 656 923 892 579 435 778 554 488
587 875 655 1144 159 863 681 135 743 194 662 111 987 723 175 501 151 912 878 217 279 445 90 0 103 642 778 845 1043 899 795 666 322 167 658 285 338 846 601 629 127 653 913 890 527 500 839 536 515
495 826 553 1041 133 811 578 153 676 122 575 140 884 630 140 406 254 809 782 119 196 358 133 103 0 562 684 776 940 804 698 580 231 161 562 235 269 758 546 535 215 549 811 787 446 436 765 434 419
620 1126 493 771 668 1098 411 709 161 448 713 701 533 684 664 554 766 488 314 449 587 604 589 642 562 0 708 983 605 777 256 59 334 703 188 691 655 826 881 157 769 417 620 547 680 179 210 467 210
192 516 215 479 651 482 303 711 865 689 148 727 488 56 634 278 922 429 613 617 502 338 813 778 684 708 0 325 492 121 567 664 603 672 529 545 468 119 410 552 840 291 272 325 282 767 866 284 525
364 199 506 758 689 164 608 736 1144 830 270 758 811 318 672 445 962 754 933 757 581 439 908 845 776 983 325 0 807 363 880 948 790 695 822 562 508 230 267 836 860 587 587 649 343 1001 1162 516 780
594 1004 427 179 973 969 366 1034 707 879 617 1041 72 523 960 620 1194 132 317 830 826 708 1036 1043 940 605 492 807 0 450 350 546 748 1005 445 911 837 577 886 485 1146 398 220 178 708 760 643 536 563
314 562 299 397 773 528 365 833 929 804 263 849 465 178 756 398 1044 420 634 732 624 460 932 899 804 777 121 363 450 0 602 728 710 794 591 666 590 134 508 619 962 363 236 311 402 856 916 391 611
550 1053 376 521 771 1021 273 825 363 607 623 824 277 563 762 520 937 241 84 579 649 596 765 795 698 256 567 880 350 602 0 197 473 806 136 751 692 684 850 167 913 298 402 322 644 421 320 417 279
589 1098 451 712 679 1069 364 724 201 472 679 717 473 644 673 530 796 429 258 464 586 586 620 666 580 59 664 948 546 728 197 0 349 714 136 691 648 783 861 113 792 373 564 490 657 229 220 437 194
442 890 419 871 334 868 407 375 463 134 539 368 685 558 331 350 463 615 556 115 274 355 293 322 231 334 603 790 748 710 473 349 0 369 337 371 353 703 619 307 445 386 655 614 449 241 542 320 195
481 711 589 1083 35 701 639 41 827 281 541 64 957 616 45 409 267 880 890 255 181 335 252 167 161 703 672 695 1005 794 806 714 369 0 673 135 205 723 440 652 170 607 848 839 400 592 911 472 535
469 980 318 599 638 949 227 690 338 471 554 689 375 512 630 421 800 318 219 443 522 488 629 658 562 188 529 822 445 591 136 136 337 673 0 626 572 649 756 39 777 238 433 363 549 316 340 322 143
357 592 485 974 127 579 550 176 832 331 409 198 869 488 111 296 402 792 833 276 104 213 358 285 235 691 545 562 911 666 751 691 371 135 626 0 77 589 315 611 305 517 738 739 267 612 901 375 500
279 562 410 897 189 545 479 246 802 341 335 264 797 412 171 219 467 720 773 276 82 135 400 338 269 655 468 508 837 590 692 648 353 205 572 77 0 517 282 561 375 446 661 664 195 594 864 303 454
266 429 333 531 706 394 423 763 984 777 183 782 585 147 689 360 983 532 728 704 566 400 890 846 758 826 119 230 577 134 684 783 703 723 649 589 517 0 388 671 893 410 358 424 322 879 986 388 640
305 279 488 889 441 264 588 481 1038 624 269 504 867 366 425 334 705 796 920 556 364 277 673 601 546 881 410 267 886 508 850 861 619 440 756 315 282 388 0 757 600 557 673 709 207 853 1082 435 671
479 989 338 639 617 959 253 667 313 440 567 664 415 531 609 424 770 357 249 415 507 486 597 629 535 157 552 836 485 619 167 113 307 652 39 611 561 671 757 0 750 260 469 400 552 277 328 328 116
648 860 742 1236 188 853 780 129 870 321 711 112 1093 783 205 571 109 1017 997 334 340 501 202 127 215 769 840 860 1146 962 913 792 445 170 777 305 375 893 600 750 0 750 1002 986 570 628 966 623 634
254 755 81 492 575 723 33 636 574 505 325 643 352 274 562 240 804 275 363 446 428 325 656 653 549 417 291 587 398 363 298 373 386 607 238 517 446 410 557 260 750 0 269 237 354 494 578 143 250
396 783 259 235 819 749 249 881 757 775 404 891 228 307 804 442 1065 188 416 714 666 526 923 913 811 620 272 587 220 236 402 564 655 848 433 738 661 358 673 469 1002 269 0 82 509 737 723 379 503
416 842 253 257 808 807 210 870 679 739 442 878 163 350 794 445 1042 109 334 683 658 532 892 890 787 547 325 649 178 311 322 490 614 839 363 739 664 424 709 400 986 237 82 0 530 674 642 367 448
113 449 291 739 384 424 386 441 840 488 141 459 681 226 366 128 661 607 715 414 249 96 579 527 446 680 282 343 708 402 644 657 449 400 549 267 195 322 207 552 570 354 509 530 0 671 878 227 470
639 1119 557 916 559 1094 500 590 242 314 737 577 689 732 560 556 609 634 487 341 516 581 435 500 436 179 767 1001 760 856 421 229 241 592 316 612 594 879 853 277 628 494 737 674 671 0 343 493 244
807 1317 658 821 876 1288 563 915 115 647 894 905 573 852 873 750 952 555 325 655 798 806 778 839 765 210 866 1162 643 916 320 220 542 911 340 901 864 986 1082 328 966 578 723 642 878 343 0 656 413
152 661 119 613 442 632 177 504 629 416 247 513 494 241 427 102 687 417 491 347 291 184 554 536 434 467 284 516 536 391 417 437 320 472 322 375 303 388 435 328 623 143 379 367 227 493 656 0 263
415 917 313 700 500 890 259 550 369 330 510 548 497 494 493 345 658 431 363 300 395 394 488 515 419 210 525 780 563 611 279 194 195 535 143 500 454 640 671 116 634 250 503 448 470 244 413 263 0
