46
0 534 529 164 656 835 289 352 599 439 825 905 918 615 700 272 278 692 753 182 651 890 831 654 582 320 285 607 354 347 357 722 836 422 836 277 630 802 354 86 733 1031 479 784 661 265
534 0 209 593 619 687 272 769 379 112 590 417 452 491 703 780 453 639 430 417 131 396 810 420 387 510 289 243 451 829 306 318 497 252 302 319 438 443 234 448 651 525 149 590 698 629
529 209 0 526 412 480 359 666 170 159 394 384 390 282 498 723 556 431 255 480 212 374 601 215 178 380 382 452 308 752 189 193 335 114 388 255 229 289 176 456 442 515 78 386 497 529
164 593 526 0 543 735 398 199 547 484 750 911 913 531 572 196 437 579 710 331 691 900 701 598 526 207 402 717 267 236 337 709 790 412 882 281 565 765 372 210 623 1042 498 700 529 101
656 619 412 543 0 197 664 551 256 537 267 648 615 135 86 697 830 35 349 722 613 654 198 247 239 340 685 856 305 674 382 449 391 387 757 450 207 405 457 630 80 769 471 204 102 471
835 687 480 735 197 0 797 749 311 632 139 586 539 229 218 894 978 165 301 877 643 600 200 266 309 528 819 931 481 872 521 432 298 500 746 600 253 337 582 799 118 688 554 101 265 667
289 272 359 398 664 797 0 595 498 212 739 681 709 569 734 557 197 695 615 144 401 662 862 554 492 413 22 321 391 623 282 539 695 298 571 220 549 648 214 204 723 796 284 717 711 468
352 769 666 199 551 749 595 0 641 656 799 1041 1034 587 550 178 631 583 802 528 853 1035 661 681 617 289 601 911 363 125 482 830 874 555 1043 449 640 861 537 409 630 1174 655 741 500 139
599 379 170 547 256 311 498 641 0 320 241 421 402 121 343 737 688 269 163 597 357 422 436 57 24 356 520 622 284 746 245 208 242 201 503 329 59 220 286 542 274 551 243 222 352 518
439 112 159 484 537 632 212 656 320 0 553 475 498 418 619 674 409 562 412 348 213 458 734 371 322 398 233 320 342 720 196 327 489 154 400 207 378 440 121 356 580 596 80 542 608 517
825 590 394 750 267 139 739 799 241 553 0 447 399 218 322 926 930 247 173 838 528 462 337 185 251 544 762 831 483 917 482 306 159 442 614 566 197 200 528 776 211 549 472 63 361 698
905 417 384 911 648 586 681 1041 421 475 447 0 60 524 727 1108 869 646 300 822 287 26 777 405 445 752 700 582 677 1134 573 214 288 498 220 637 450 251 551 826 628 133 425 492 750 908
918 452 390 913 615 539 709 1034 402 498 399 60 0 497 691 1110 900 610 265 847 325 85 733 379 427 745 729 631 671 1131 577 205 240 503 280 646 424 211 563 842 588 154 441 448 717 904
615 491 282 531 135 229 569 587 121 418 218 524 497 0 221 708 749 149 234 647 478 528 319 118 105 325 591 731 266 703 291 319 294 276 623 371 75 294 355 572 161 650 347 169 232 480
700 703 498 572 86 218 734 550 343 619 322 727 691 221 0 708 892 81 427 781 699 735 132 331 326 379 754 938 359 675 454 533 460 466 843 516 292 480 532 683 110 846 554 259 49 489
272 780 723 196 697 894 557 178 737 674 926 1108 1110 708 708 0 536 731 901 453 884 1097 827 785 715 384 556 877 453 89 534 905 979 609 1074 476 750 957 566 353 778 1239 694 872 660 228
278 453 556 437 830 978 197 631 688 409 930 869 900 749 892 536 0 863 812 114 584 848 1023 745 681 534 175 408 534 619 457 736 892 487 737 380 737 846 402 233 896 978 482 905 863 532
692 639 431 579 35 165 695 583 269 562 247 646 610 149 81 731 863 0 345 755 627 654 172 252 255 375 715 878 339 707 412 453 380 413 765 482 216 399 486 665 47 765 493 184 113 505
753 430 255 710 349 301 615 802 163 412 173 300 265 234 427 901 812 345 0 731 357 309 481 122 186 519 637 667 448 909 395 133 83 336 444 478 165 60 418 690 328 420 333 201 452 681
182 417 480 331 722 877 144 528 597 348 838 822 847 647 781 453 114 755 731 0 546 804 913 654 586 419 130 437 423 530 357 669 813 397 716 276 642 770 313 122 790 939 412 808 751 422
651 131 212 691 613 643 401 853 357 213 528 287 325 478 699 884 584 627 357 546 0 265 792 383 373 577 419 321 510 926 373 228 410 303 190 410 413 354 320 567 630 394 198 542 704 714
890 396 374 900 654 600 662 1035 422 458 462 26 85 528 735 1097 848 654 309 804 265 0 789 410 446 746 681 556 672 1126 563 213 304 488 194 625 453 264 538 810 637 141 411 505 757 900
831 810 601 701 198 200 862 661 436 734 337 777 733 319 132 827 1023 172 481 913 792 789 0 410 424 511 882 1050 491 787 580 603 493 585 918 646 379 525 656 815 162 885 665 285 171 614
654 420 215 598 247 266 554 681 57 371 185 405 379 118 331 785 745 252 122 654 383 410 410 0 72 401 576 664 332 790 302 202 194 257 513 386 44 182 343 599 248 532 292 171 348 562
582 387 178 526 239 309 492 617 24 322 251 445 427 105 326 715 681 255 186 586 373 446 424 72 0 333 514 630 262 723 232 232 263 194 523 316 57 244 279 527 263 576 247 225 332 494
320 510 380 207 340 528 413 289 356 398 544 752 745 325 379 384 534 375 519 419 577 746 511 401 333 0 428 694 74 390 206 540 596 273 764 205 365 577 277 309 419 885 379 493 341 161
285 289 382 402 685 819 22 601 520 233 762 700 729 591 754 556 175 715 637 130 419 681 882 576 514 428 0 321 408 624 303 561 717 320 586 239 571 670 236 203 745 814 306 740 730 476
607 243 452 717 856 931 321 911 622 320 831 582 631 731 938 877 408 878 667 437 321 556 1050 664 630 694 321 0 649 944 508 545 728 474 390 488 681 673 426 524 893 656 385 834 929 779
354 451 308 267 305 481 391 363 284 342 483 677 671 266 359 453 534 339 448 423 510 672 491 332 262 74 408 649 0 463 145 466 525 206 695 171 297 505 224 325 379 811 314 436 328 234
347 829 752 236 674 872 623 125 746 720 917 1134 1131 703 675 89 619 707 909 530 926 1126 787 790 723 390 624 944 463 0 563 926 984 638 1117 515 751 967 606 422 754 1267 731 860 626 228
357 306 189 337 382 521 282 482 245 196 482 573 577 291 454 534 457 412 395 357 373 563 580 302 232 206 303 508 145 563 0 374 478 75 561 84 285 444 82 297 441 705 174 450 435 343
722 318 193 709 449 432 539 830 208 327 306 214 205 319 533 905 736 453 133 669 228 213 603 202 232 540 561 545 466 926 374 0 182 302 316 446 244 127 369 650 444 346 257 330 550 699
836 497 335 790 391 298 695 874 242 489 159 288 240 294 460 979 892 380 83 813 410 304 493 194 263 596 717 728 525 984 478 182 0 419 466 561 233 55 500 773 354 391 411 209 492 757
422 252 114 412 387 500 298 555 201 154 442 498 503 276 466 609 487 413 336 397 303 488 585 257 194 273 320 474 206 638 75 302 419 0 490 145 251 381 85 355 435 630 108 419 454 417
836 302 388 882 757 746 571 1043 503 400 614 220 280 623 843 1074 737 765 444 716 190 194 918 513 523 764 586 390 695 1117 561 316 466 490 0 601 550 416 510 751 759 267 387 645 855 904
277 319 255 281 450 600 220 449 329 207 566 637 646 371 516 476 380 482 478 276 410 625 646 386 316 205 239 488 171 515 84 446 561 145 601 0 369 525 90 213 515 767 217 533 491 309
630 438 229 565 207 253 549 640 59 378 197 450 424 75 292 750 737 216 165 642 413 453 379 44 57 365 571 681 297 751 285 244 233 251 550 369 0 225 335 579 217 577 301 168 306 525
802 443 289 765 405 337 648 861 220 440 200 251 211 294 480 957 846 399 60 770 354 264 525 182 244 577 670 673 505 967 444 127 55 381 416 525 225 0 459 736 377 365 363 241 507 738
354 234 176 372 457 582 214 537 286 121 528 551 563 355 532 566 402 486 418 313 320 538 656 343 279 277 236 426 224 606 82 369 500 85 510 90 335 459 0 280 512 679 128 503 515 397
86 448 456 210 630 799 204 409 542 356 776 826 842 572 683 353 233 665 690 122 567 810 815 599 527 309 203 524 325 422 297 650 773 355 751 213 579 736 280 0 703 950 401 739 648 299
733 651 442 623 80 118 723 630 274 580 211 628 588 161 110 778 896 47 328 790 630 637 162 248 263 419 745 893 379 754 441 444 354 435 759 515 217 377 512 703 0 742 508 149 152 552
1031 525 515 1042 769 688 796 1174 551 596 549 133 154 650 846 1239 978 765 420 939 394 141 885 532 576 885 814 656 811 1267 705 346 391 630 267 767 577 365 679 950 742 0 552 601 872 1041
479 149 78 498 471 554 284 655 243 80 472 425 441 347 554 694 482 493 333 412 198 411 665 292 247 379 306 385 314 731 174 257 411 108 387 217 301 363 128 401 508 552 0 463 549 516
784 590 386 700 204 101 717 741 222 542 63 492 448 169 259 872 905 184 201 808 542 505 285 171 225 493 740 834 436 860 450 330 209 419 645 533 168 241 503 739 149 601 463 0 297 643
661 698 497 529 102 265 711 500 352 608 361 750 717 232 49 660 863 113 452 751 704 757 171 348 332 341 730 929 328 626 435 550 492 454 855 491 306 507 515 648 152 872 549 297 0 444
265 629 529 101 471 667 468 139 518 517 698 908 904 480 489 228 532 505 681 422 714 900 614 562 494 161 476 779 234 228 343 699 757 417 904 309 525 738 397 299 552 1041 516 643 444 0
