127
0 417 175 746 315 912 611 735 525 485 295 457 597 841 794 467 660 579 592 707 490 460 302 871 50 837 798 676 689 748 378 569 71 660 553 386 428 405 602 146 201 841 951 676 67 326 710 687 667 237 596 831 229 303 801 573 290 373 152 485 822 641 464 692 665 735 795 419 683 537 846 436 241 937 799 762 269 458 1025 148 226 652 734 216 471 276 193 466 598 189 812 334 554 718 620 882 541 254 685 875 108 119 297 521 508 627 354 282 514 764 550 801 487 481 609 526 695 577 266 658 643 248 804 289 407 906 91
417 0 288 427 366 593 548 450 316 429 423 524 184 451 617 454 591 368 437 364 623 53 260 495 377 663 858 260 727 344 600 681 356 690 369 179 517 318 652 560 217 624 576 763 449 390 793 712 427 573 302 879 646 159 429 222 705 524 373 95 574 255 48 442 361 619 490 305 388 131 646 412 659 580 382 445 687 361 673 551 202 333 350 631 554 371 521 86 180 606 622 535 330 421 361 528 607 162 609 547 333 468 649 669 94 609 259 535 291 799 221 723 78 192 192 320 502 465 436 331 524 192 740 706 110 575 506
175 288 0 682 171 852 649 686 350 516 378 536 472 737 795 514 699 554 591 535 598 319 128 777 124 841 892 546 771 592 512 674 155 738 380 213 513 410 685 318 99 827 859 776 235 385 809 765 636 402 536 922 390 238 709 406 434 478 245 374 794 538 336 517 490 759 739 415 507 389 839 474 397 856 665 699 429 468 947 324 89 479 634 384 558 339 352 358 463 352 808 455 521 663 445 802 626 144 723 809 66 183 468 636 383 684 343 420 478 848 472 842 344 413 478 498 685 593 364 485 661 96 852 445 247 839 264
746 427 682 0 791 169 404 68 711 390 564 533 313 205 298 438 414 210 270 636 640 435 686 181 726 331 717 318 604 490 710 653 675 574 763 604 552 378 573 860 586 255 238 679 744 508 696 582 147 789 150 721 950 451 133 548 1027 611 627 333 185 206 391 783 680 372 64 356 706 432 289 424 970 201 354 18 989 353 281 834 594 645 163 925 561 534 750 341 353 914 286 658 213 47 717 150 567 538 414 128 704 837 857 680 357 480 402 701 241 650 211 477 429 270 337 242 224 327 599 635 329 596 503 1011 531 159 814
315 366 171 791 0 959 812 807 257 678 549 707 531 807 942 680 861 693 741 481 768 374 105 857 268 988 1063 592 941 586 678 845 318 908 265 208 684 568 855 434 254 965 937 947 382 555 981 934 769 552 656 1092 484 381 794 386 501 649 414 461 924 618 408 412 418 916 852 570 427 421 981 639 482 945 698 809 516 625 1038 452 225 419 713 488 729 509 506 451 510 451 952 624 658 780 355 893 797 278 884 913 219 255 611 806 451 851 499 584 615 1018 581 1004 391 534 527 639 829 749 534 429 817 209 1015 527 277 941 388
912 593 852 169 959 0 493 181 864 517 711 654 460 250 312 564 487 351 385 761 753 596 853 188 894 324 767 444 672 598 841 750 841 648 914 768 678 530 661 1021 756 235 179 754 907 655 765 649 266 939 318 763 1110 620 204 692 1189 744 788 498 174 355 555 919 814 416 117 510 839 583 271 559 1131 113 438 152 1149 496 142 994 763 780 279 1085 678 687 903 508 497 1075 289 796 365 194 859 113 669 708 477 47 873 1005 1003 788 518 561 563 845 400 701 380 502 588 439 479 395 300 436 748 768 413 765 528 1171 694 34 977
611 548 649 404 812 493 0 342 860 133 323 191 572 605 224 144 50 225 142 889 268 591 725 585 619 255 330 626 205 797 383 257 552 172 911 702 222 245 170 662 557 301 634 275 573 284 294 185 257 528 339 343 740 440 534 759 826 298 458 497 328 505 547 989 903 131 401 249 930 640 286 177 765 582 713 405 772 191 635 626 588 872 530 709 204 334 511 487 609 715 250 358 254 357 909 542 177 539 74 483 631 728 574 298 548 77 315 421 274 265 399 193 605 372 602 245 193 91 360 866 79 607 202 794 649 509 637
735 450 686 68 807 181 342 0 748 342 530 483 358 273 231 390 349 170 215 689 587 465 703 244 719 266 651 374 539 549 666 595 664 510 800 629 505 348 512 840 588 196 292 615 727 474 631 517 90 757 151 654 929 450 201 592 1009 568 607 359 130 255 419 830 728 304 66 328 755 472 228 381 950 245 419 64 967 315 313 812 600 694 227 903 510 505 722 363 400 895 221 618 184 33 761 201 510 543 347 154 702 832 823 626 391 417 383 665 220 583 228 409 463 274 385 213 157 270 567 684 265 605 435 990 558 184 797
525 316 350 711 257 864 860 748 0 735 676 809 404 663 932 753 905 684 753 231 894 286 223 723 474 977 1158 436 1028 368 837 962 500 992 52 166 795 620 948 663 372 933 798 1054 585 660 1086 1016 738 749 609 1181 727 430 672 183 753 782 572 393 877 509 333 167 163 936 776 612 170 280 957 710 728 822 513 729 762 669 912 673 333 169 590 725 837 626 698 394 368 690 935 774 646 716 99 776 897 354 924 816 416 499 818 938 357 917 554 752 608 1103 525 1039 284 508 387 637 817 780 674 181 841 305 1055 774 211 839 612
485 429 516 390 678 517 133 342 735 0 213 144 482 572 314 48 183 180 133 783 254 476 592 567 490 355 429 547 298 708 323 282 424 261 785 574 162 115 229 551 424 375 628 343 453 164 370 283 253 435 281 449 634 310 505 646 719 226 334 392 377 434 435 871 789 250 408 124 816 533 372 50 658 587 647 397 668 69 655 517 455 759 482 604 173 211 409 378 515 605 335 280 190 345 790 539 197 406 207 496 499 601 493 297 443 181 184 334 189 370 317 326 492 272 511 168 235 96 251 755 158 474 336 691 525 525 520
295 423 378 564 549 711 323 530 676 213 0 163 548 716 527 181 371 360 340 785 221 477 486 726 313 566 515 626 398 758 178 295 247 368 719 510 136 186 311 340 310 588 797 397 250 56 431 394 446 227 426 545 421 265 658 641 506 105 145 434 586 541 451 833 771 453 596 209 795 551 585 162 445 765 743 575 455 215 843 305 349 747 614 391 181 52 197 415 569 393 548 113 351 524 752 714 251 322 397 683 340 414 292 262 479 332 189 137 326 474 422 509 501 354 572 321 445 309 38 747 369 375 511 478 485 714 313
457 524 536 533 707 654 191 483 809 144 163 0 607 716 413 96 230 324 269 887 111 575 636 711 477 446 357 678 235 831 193 157 410 204 855 642 33 214 148 485 459 487 772 245 409 152 278 231 393 340 423 385 557 379 649 746 643 108 309 506 503 571 540 957 884 322 548 234 910 641 476 124 583 729 784 540 587 198 794 447 496 857 624 526 31 197 329 490 637 535 438 168 333 488 875 682 90 459 255 636 502 577 383 156 556 176 264 233 328 312 451 357 596 397 636 310 360 218 192 855 258 520 355 609 606 664 467
597 184 472 313 531 460 572 358 404 482 548 607 0 276 571 520 605 352 435 333 716 158 428 328 559 613 901 81 772 226 725 761 532 736 454 326 610 394 710 737 399 553 407 825 623 503 851 754 374 730 246 915 825 310 270 235 887 637 533 118 489 106 135 471 369 605 376 373 396 124 582 484 839 422 204 330 865 415 514 724 386 335 187 808 639 499 680 138 41 785 568 661 319 325 404 374 677 344 617 412 517 652 806 763 89 644 360 676 298 836 173 715 140 210 30 326 463 481 570 325 524 375 737 885 254 435 683
841 451 737 205 807 250 605 273 663 572 716 716 276 0 497 620 619 394 466 526 826 433 704 65 810 526 923 227 808 355 878 847 772 777 710 602 731 532 772 971 654 442 134 880 854 662 899 786 349 930 295 927 1061 538 72 482 1131 781 747 363 369 200 404 692 586 577 237 508 610 393 478 598 1078 167 189 210 1102 523 251 952 648 554 107 1040 746 677 885 380 301 1023 482 821 382 251 640 137 760 599 619 209 775 911 1003 869 358 682 533 854 395 855 299 681 416 371 283 408 430 523 747 541 533 642 708 1123 530 216 920
794 617 795 298 942 312 224 231 932 314 527 413 571 497 0 347 197 251 204 904 490 646 843 457 792 46 454 599 367 776 607 468 728 347 984 793 444 391 373 866 696 83 482 452 766 478 459 345 197 744 328 450 948 561 427 794 1033 519 646 539 139 475 599 1034 936 110 261 382 964 672 62 365 972 420 651 289 982 336 450 832 719 902 458 919 428 524 722 537 612 920 27 578 288 261 960 395 397 664 180 320 792 906 795 517 582 273 453 639 329 389 411 190 651 425 599 304 115 219 565 894 158 732 217 1005 727 338 834
467 454 514 438 680 564 144 390 753 48 181 96 520 620 347 0 193 228 179 813 207 503 599 615 476 385 405 587 274 746 277 240 409 238 802 590 114 136 198 522 426 413 677 310 429 140 339 262 300 397 327 428 602 323 553 674 687 181 314 425 420 478 464 894 816 272 456 151 842 564 407 43 626 635 691 445 635 105 702 486 459 787 528 572 126 190 375 410 552 575 370 236 237 393 813 587 157 415 218 543 491 584 451 250 476 171 199 293 233 349 359 334 521 309 549 214 277 134 219 783 189 481 340 658 545 573 494
660 591 699 414 861 487 50 349 905 183 371 230 605 619 197 193 0 254 170 928 294 633 774 594 669 221 305 656 189 829 418 270 602 161 956 749 263 294 177 708 607 279 637 268 621 333 282 167 270 570 367 314 785 488 547 799 871 339 507 537 316 533 588 1032 944 93 404 297 971 680 259 227 810 582 737 414 816 239 629 672 637 912 551 754 239 383 556 528 644 760 224 398 286 368 952 546 200 588 25 482 681 777 613 319 587 76 364 463 311 238 432 143 646 412 636 282 193 127 407 906 86 656 153 838 694 506 684
579 368 554 210 693 351 225 170 684 180 360 324 352 394 251 228 254 0 84 680 433 401 594 386 568 297 556 402 430 575 499 453 509 396 737 542 342 180 383 675 454 273 449 495 564 304 517 410 89 587 114 567 763 316 325 558 844 401 443 296 244 279 354 796 702 257 236 162 730 436 287 214 785 409 487 219 801 145 483 646 473 669 309 737 353 337 552 292 392 730 259 449 38 166 719 360 366 417 264 323 559 682 652 475 343 301 224 495 78 489 180 365 409 176 383 55 136 135 397 662 171 484 386 824 477 354 635
592 437 591 270 741 385 142 215 753 133 340 269 435 466 204 179 170 84 0 760 372 474 645 452 588 249 472 486 348 659 456 382 525 314 806 604 292 187 305 673 493 250 507 415 568 287 436 328 125 566 197 483 758 360 396 636 842 359 447 373 245 363 427 871 780 182 279 177 808 514 254 180 781 460 570 275 794 134 524 641 517 748 388 730 294 329 538 366 474 727 220 413 117 223 793 416 296 463 181 366 587 702 626 411 421 219 249 466 146 405 262 287 484 248 466 117 105 56 379 741 89 532 306 817 544 395 637
707 364 535 636 481 761 889 689 231 783 785 887 333 526 904 813 928 680 760 0 988 312 422 592 657 946 1212 319 1080 176 960 1045 665 1044 250 321 881 677 1010 852 521 884 655 1123 758 755 1152 1064 708 908 579 1230 925 520 557 144 962 888 714 392 819 433 348 171 76 936 697 661 90 249 915 772 930 693 346 652 962 714 776 855 486 62 484 919 918 733 856 404 292 886 901 895 644 655 150 657 969 482 942 714 600 706 982 1034 341 957 623 888 616 1150 500 1045 292 517 305 646 797 800 794 51 850 461 1066 977 309 731 798
490 623 598 640 768 753 268 587 894 254 221 111 716 826 490 207 294 433 372 988 0 675 708 820 519 516 309 788 216 938 141 79 456 199 939 728 107 322 142 484 532 569 878 186 431 235 219 223 497 320 534 343 543 471 759 845 627 119 355 612 594 682 643 1048 980 388 651 343 1006 744 553 235 569 833 895 646 566 309 894 444 570 954 735 511 80 268 327 596 745 528 517 158 444 594 967 788 95 540 316 738 554 606 342 46 662 223 366 221 439 284 562 394 697 507 744 421 454 318 234 953 345 596 385 587 698 766 478
460 53 319 435 374 596 591 465 286 476 477 575 158 433 646 503 633 401 474 312 675 0 270 483 418 692 905 227 774 294 654 733 402 738 338 172 569 367 701 605 258 647 563 813 496 443 842 759 452 624 323 925 689 212 421 171 745 577 425 107 593 246 47 398 313 656 499 352 340 79 671 461 701 573 345 453 730 407 666 597 238 284 339 676 606 425 572 109 144 650 649 589 362 434 319 522 657 206 650 549 370 502 700 721 79 654 310 589 327 846 239 761 27 225 159 356 532 506 489 280 563 223 779 748 98 575 550
302 260 128 686 105 853 725 703 223 592 486 636 428 704 843 599 774 594 645 422 708 270 0 753 251 890 992 492 867 503 632 781 282 832 252 114 616 479 782 441 177 864 833 880 363 483 913 858 667 530 552 1019 507 286 689 307 540 590 364 356 821 514 303 390 370 823 747 478 385 323 881 556 510 840 602 704 543 535 933 450 140 362 608 504 660 441 480 345 410 469 853 573 557 675 319 788 726 185 796 808 193 284 597 748 347 769 409 543 515 943 476 915 289 431 426 540 729 657 477 370 724 118 927 557 176 835 389
871 495 777 181 857 188 585 244 723 567 726 711 328 65 457 615 594 386 452 592 820 483 753 0 843 481 894 288 784 421 881 834 801 755 771 654 728 540 755 997 691 395 81 860 880 671 876 762 329 945 300 896 1087 568 70 543 1160 783 769 403 323 240 450 756 651 544 196 516 675 449 431 597 1105 101 254 180 1128 524 188 976 688 618 144 1065 740 691 903 419 357 1050 439 827 381 228 704 74 748 637 592 151 812 948 1016 860 406 661 549 864 400 827 322 644 468 393 339 409 401 508 759 605 510 684 671 1149 581 154 948
50 377 124 726 268 894 619 719 474 490 313 477 559 810 792 476 669 568 588 657 519 418 251 843 0 836 824 638 711 703 415 598 67 681 503 336 449 401 624 195 160 835 923 704 114 337 737 708 655 284 575 856 273 276 773 525 328 400 167 450 812 609 424 641 615 740 777 412 632 493 842 442 283 912 760 742 313 456 1002 199 180 602 703 263 493 286 238 432 558 233 809 366 540 700 569 858 563 215 694 854 58 114 347 552 469 641 344 319 500 787 524 811 444 457 570 514 690 578 288 608 645 201 816 331 360 885 140
837 663 841 331 988 324 255 266 977 355 566 446 613 526 46 385 221 297 249 946 516 692 890 481 836 0 451 638 376 814 637 487 772 360 1030 839 477 435 392 906 742 88 499 461 808 519 465 354 241 780 372 443 987 607 456 838 1073 553 688 584 158 515 644 1078 979 128 288 427 1007 716 53 406 1012 435 685 321 1021 380 456 871 765 945 493 957 458 566 760 583 654 959 45 612 335 298 1004 415 421 710 200 338 837 949 829 539 626 295 499 674 376 389 455 181 696 470 641 350 161 260 604 937 196 778 207 1043 773 353 875
798 858 892 717 1063 767 330 651 1158 429 515 357 901 923 454 405 305 556 472 1212 309 905 992 894 824 451 0 957 131 1127 442 230 760 167 1206 993 379 540 210 791 815 535 930 123 741 509 91 147 575 623 669 36 844 727 850 1076 925 425 658 819 592 835 864 1299 1219 352 699 553 1246 962 504 448 869 871 1042 715 863 498 905 751 852 1189 857 812 334 554 635 807 937 832 479 468 585 672 1218 840 266 813 303 771 855 915 630 287 870 256 604 530 602 67 729 270 922 697 931 574 493 421 536 1185 392 876 245 882 950 791 788
676 260 546 318 592 444 626 374 436 547 626 678 81 227 599 587 656 402 486 319 788 227 492 288 638 638 957 0 830 176 802 828 613 794 483 384 682 466 773 817 477 570 362 887 703 580 912 811 408 811 290 969 905 391 242 255 966 713 614 199 502 125 213 475 369 646 378 444 395 171 603 553 918 388 123 333 945 482 477 805 462 336 165 888 709 578 761 219 83 865 593 739 372 342 417 346 744 422 665 397 594 728 887 833 168 701 437 755 359 891 230 757 204 281 68 384 499 535 649 324 572 449 780 965 316 415 764
689 727 771 604 941 672 205 539 1028 298 398 235 772 808 367 274 189 430 348 1080 216 774 867 784 711 376 131 830 0 998 358 148 645 36 1077 864 261 409 86 698 691 451 827 85 636 386 93 22 458 536 544 153 760 597 736 945 844 319 543 688 498 709 733 1168 1087 258 593 421 1114 831 424 317 786 770 918 603 783 367 813 659 726 1058 736 728 218 432 540 676 807 743 393 369 457 557 1087 735 147 686 195 670 738 808 557 212 739 128 474 435 473 77 600 211 791 566 801 445 383 295 423 1054 274 750 193 804 819 693 688
748 344 592 490 586 598 797 549 368 708 758 831 226 355 776 746 829 575 659 176 938 294 503 421 703 814 1127 176 998 0 936 986 694 962 403 390 832 616 937 895 548 744 480 1051 788 717 1078 980 584 918 464 1141 976 501 394 200 1026 853 718 327 675 301 308 347 246 822 547 596 266 214 777 708 986 522 170 504 1016 641 602 889 522 218 329 965 863 707 866 344 193 936 769 871 543 517 313 490 903 498 839 553 651 774 994 985 279 870 576 878 525 1062 398 933 267 436 197 552 676 706 775 204 746 502 956 1034 344 566 839
378 600 512 710 678 841 383 666 837 323 178 193 725 878 607 277 418 499 456 960 141 654 632 881 415 637 442 802 358 936 0 214 359 340 877 673 165 347 282 349 464 680 947 319 314 223 350 365 576 180 583 477 403 441 816 816 486 98 267 612 695 712 629 998 942 511 732 371 965 729 669 285 429 909 918 718 425 357 979 310 504 919 779 371 179 229 196 593 748 390 632 65 500 666 918 860 229 486 442 820 459 488 201 154 657 353 365 96 483 423 591 530 679 526 750 472 551 409 166 920 452 531 523 446 656 849 350
569 681 674 653 845 750 257 595 962 282 295 157 761 847 468 240 270 453 382 1045 79 733 781 834 598 487 230 828 148 986 214 0 535 140 1008 796 167 370 95 561 604 550 887 107 511 302 140 160 506 395 561 264 617 535 777 904 700 197 433 662 584 717 697 1113 1042 360 656 389 1068 799 529 277 643 838 930 656 639 346 893 522 643 1015 762 586 127 340 405 647 792 604 495 237 470 606 1031 796 87 610 288 740 632 685 410 63 713 194 422 299 472 209 599 345 753 550 789 450 450 326 311 1012 337 668 332 659 762 766 557
71 356 155 675 318 841 552 664 500 424 247 410 532 772 728 409 602 509 525 665 456 402 282 801 67 772 760 613 645 694 359 535 0 615 533 348 383 338 558 204 146 774 881 640 94 270 673 641 597 249 524 791 292 233 731 527 359 337 102 419 753 573 401 666 629 674 724 351 649 480 780 375 307 866 736 691 333 392 954 195 178 614 664 275 427 219 198 399 536 253 745 307 483 647 591 811 498 195 627 804 99 177 319 491 444 574 284 266 444 721 480 744 429 410 546 456 628 513 223 618 580 204 749 353 359 834 151
660 690 738 574 908 648 172 510 992 261 368 204 736 777 347 238 161 396 314 1044 199 738 832 755 681 360 167 794 36 962 340 140 615 0 1041 828 232 373 59 675 657 431 799 106 609 353 121 26 427 516 510 189 739 562 705 908 824 293 513 652 475 675 697 1132 1051 237 565 385 1078 794 406 282 765 744 884 574 764 330 789 636 692 1021 703 707 189 400 517 640 772 721 374 346 423 527 1051 707 119 651 170 644 706 779 541 202 703 95 438 413 437 111 565 206 754 530 766 410 355 261 394 1017 244 715 192 785 783 668 663
553 369 380 763 265 914 911 800 52 785 719 855 454 710 984 802 956 737 806 250 939 338 252 771 503 1030 1206 483 1077 403 877 1008 533 1041 0 213 840 670 996 687 412 985 844 1101 615 706 1133 1065 791 782 661 1230 746 479 720 227 767 825 610 446 929 560 386 146 176 988 827 662 175 331 1010 759 746 870 554 781 780 720 960 699 373 191 639 747 883 670 732 447 418 711 988 815 698 768 102 825 944 398 975 867 445 517 849 982 409 967 603 790 661 1152 577 1090 337 561 436 689 870 831 716 204 893 345 1107 791 262 889 638
386 179 213 604 208 768 702 629 166 574 510 642 326 602 793 590 749 542 604 321 728 172 114 654 336 839 993 384 864 390 673 796 348 828 213 0 628 459 783 531 211 803 733 888 439 494 920 852 606 596 482 1018 604 266 593 195 645 615 411 271 754 419 213 325 281 786 667 452 300 213 824 546 610 745 490 622 642 510 838 534 173 266 511 597 670 459 544 265 302 565 799 610 504 600 246 695 731 187 769 721 279 389 668 771 251 756 391 590 464 939 400 885 186 369 320 491 677 626 509 272 689 145 900 658 73 747 477
428 517 513 552 684 678 222 505 795 162 136 33 610 731 444 114 263 342 292 881 107 569 616 728 449 477 379 682 261 832 165 167 383 232 840 628 0 216 175 452 439 516 791 264 378 134 297 259 415 307 436 409 524 368 665 739 610 75 281 505 530 579 536 946 876 354 570 238 901 638 506 133 550 749 791 560 554 208 817 414 477 849 636 493 44 175 296 488 638 502 469 135 348 508 864 702 114 442 288 658 477 547 351 153 555 209 259 200 338 338 458 390 590 401 637 323 386 244 162 847 287 502 388 576 594 687 435
405 318 410 378 568 530 245 348 620 115 186 214 394 532 391 136 294 180 187 677 322 367 479 540 401 435 540 466 409 616 347 370 338 373 670 459 216 0 334 495 315 436 610 446 386 131 475 395 269 410 239 562 583 195 472 538 664 251 264 292 419 366 328 759 679 348 413 23 706 429 441 94 605 579 576 390 621 57 658 465 344 651 432 556 246 157 373 276 423 550 407 288 166 340 678 527 291 293 316 499 401 515 479 368 342 296 70 324 139 483 245 435 385 184 421 136 289 182 221 647 250 362 447 643 411 530 456
602 652 685 573 855 661 170 512 948 229 311 148 710 772 373 198 177 383 305 1010 142 701 782 755 624 392 210 773 86 937 282 95 558 59 996 783 175 334 0 615 606 456 804 114 550 300 141 85 426 457 495 237 680 517 701 872 765 234 456 620 493 656 662 1092 1014 265 571 349 1041 761 434 240 706 752 868 575 705 297 803 576 642 985 692 648 131 346 457 607 744 662 400 287 405 526 1010 713 61 603 193 653 651 721 484 151 672 100 395 353 414 163 542 254 719 501 740 389 363 249 337 982 249 666 243 726 741 679 604
146 560 318 860 434 1021 662 840 663 551 340 485 737 971 866 522 708 675 673 852 484 605 441 997 195 906 791 817 698 895 349 561 204 675 687 531 452 495 615 0 347 923 1075 667 117 387 699 701 765 170 710 825 90 434 927 720 169 382 233 623 914 774 606 830 808 793 903 513 825 682 923 500 110 1056 941 874 130 540 1141 39 373 797 864 70 489 344 158 603 741 54 887 328 656 827 760 1002 556 399 734 986 252 183 197 503 649 661 458 262 620 768 675 842 632 603 751 627 778 647 302 803 709 395 841 152 554 1017 55
201 217 99 586 254 756 557 588 372 424 310 459 399 654 696 426 607 454 493 521 532 258 177 691 160 742 815 477 691 548 464 604 146 657 412 211 439 315 606 347 0 727 771 703 240 306 736 682 536 387 439 843 430 139 621 381 488 415 200 292 694 453 264 535 489 663 642 318 510 335 740 384 442 765 599 603 471 372 856 341 39 471 549 417 483 264 335 274 397 391 709 403 422 566 457 711 549 55 630 714 121 257 461 573 309 597 246 380 379 768 378 749 285 316 409 399 586 497 304 475 565 66 760 490 213 744 292
841 624 827 255 965 235 301 196 933 375 588 487 553 442 83 413 279 273 250 884 569 647 864 395 835 88 535 570 451 744 680 550 774 431 985 803 516 436 456 923 727 0 410 536 819 536 542 428 197 810 323 529 1008 589 375 784 1092 590 698 539 72 451 600 1023 922 193 205 423 949 663 36 425 1031 346 608 243 1043 384 369 890 746 888 418 979 504 579 785 540 595 978 57 648 307 229 952 327 477 690 263 250 830 950 864 597 577 355 492 706 350 471 407 267 648 435 580 328 146 279 626 878 228 757 294 1066 734 264 888
951 576 859 238 937 179 634 292 798 628 797 772 407 134 482 677 637 449 507 655 878 563 833 81 923 499 930 362 827 480 947 887 881 799 844 733 791 610 804 1075 771 410 0 905 958 741 919 804 381 1018 372 929 1166 648 150 616 1239 849 846 485 343 321 530 822 717 578 233 587 740 527 447 662 1184 66 310 232 1206 590 122 1053 769 685 225 1143 799 764 977 500 435 1128 461 895 448 284 773 91 802 718 632 161 892 1029 1089 918 486 708 624 935 471 864 401 672 547 472 416 477 443 562 831 672 556 765 699 1228 661 147 1026
676 763 776 679 947 754 275 615 1054 343 397 245 825 880 452 310 268 495 415 1123 186 813 880 860 704 461 123 887 85 1051 319 107 640 106 1101 888 264 446 114 667 703 536 905 0 618 397 33 107 532 500 607 158 721 624 809 984 803 303 538 734 581 770 774 1201 1125 342 672 461 1151 874 509 351 747 850 981 679 741 411 896 628 741 1096 803 690 219 439 512 720 859 709 478 345 518 632 1119 814 157 705 277 750 736 793 510 164 785 198 505 406 528 113 656 295 831 616 854 503 461 360 416 1093 350 765 276 761 850 774 664
67 449 235 744 382 907 573 727 585 453 250 409 623 854 766 429 621 564 568 758 431 496 363 880 114 808 741 703 636 788 314 511 94 609 615 439 378 386 550 117 240 819 958 618 0 289 651 635 654 170 594 774 207 317 809 621 282 317 121 507 806 657 493 752 720 701 789 403 739 574 821 402 225 939 827 759 247 434 1025 102 272 705 747 186 419 242 126 487 628 169 786 273 543 713 679 885 489 289 646 872 170 175 233 460 535 582 344 218 506 710 558 759 523 486 638 514 673 547 217 710 612 296 761 269 453 903 70
326 390 385 508 555 655 284 474 660 164 56 152 503 662 478 140 333 304 287 755 235 443 483 671 337 519 509 580 386 717 223 302 270 353 706 494 134 131 300 387 306 536 741 397 289 0 430 379 391 283 371 537 471 236 603 611 555 135 174 391 532 490 414 813 745 411 540 154 771 515 535 113 495 709 695 519 506 160 786 354 343 720 560 442 177 50 250 373 527 441 499 161 295 468 731 658 243 308 359 627 356 444 349 280 438 304 142 193 270 463 370 474 466 303 528 265 393 259 92 719 322 368 479 529 462 658 356
710 793 809 696 981 765 294 631 1086 370 431 278 851 899 459 339 282 517 436 1152 219 842 913 876 737 465 91 912 93 1078 350 140 673 121 1133 920 297 475 141 699 736 542 919 33 651 430 0 115 549 531 630 127 752 655 827 1014 833 337 571 762 591 794 803 1231 1155 350 686 490 1181 903 514 381 778 863 1004 696 771 439 906 660 773 1126 824 720 252 472 544 749 886 740 485 378 541 649 1150 828 188 737 288 763 770 826 539 195 813 216 535 439 553 95 681 293 861 643 881 527 476 381 449 1123 366 798 271 791 881 786 696
687 712 765 582 934 649 185 517 1016 283 394 231 754 786 345 262 167 410 328 1064 223 759 858 762 708 354 147 811 22 980 365 160 641 26 1065 852 259 395 85 701 682 428 804 107 635 379 115 0 437 541 524 166 765 586 714 930 849 320 540 672 476 690 718 1154 1073 235 571 407 1100 815 402 305 790 748 898 582 789 352 790 662 718 1043 715 733 216 427 543 660 790 747 371 372 438 536 1073 713 146 676 172 648 733 806 565 223 723 109 461 439 455 87 582 191 775 549 784 427 361 275 421 1038 253 740 175 810 807 670 689
667 427 636 147 769 266 257 90 738 253 446 393 374 349 197 300 270 89 125 708 497 452 667 329 655 241 575 408 458 584 576 506 597 427 791 606 415 269 426 765 536 197 381 532 654 391 549 437 0 674 131 581 853 397 277 597 934 479 532 345 157 282 405 837 738 240 155 251 766 475 218 293 875 335 473 150 890 230 402 735 553 705 283 826 419 425 640 345 416 819 197 530 115 100 763 290 420 496 272 243 644 770 737 536 385 333 313 579 157 507 215 350 456 237 403 141 91 180 483 696 184 562 374 913 537 272 724
237 573 402 789 552 939 528 757 749 435 227 340 730 930 744 397 570 587 566 908 320 624 530 945 284 780 623 811 536 918 180 395 249 516 782 596 307 410 457 170 387 810 1018 500 170 283 531 541 674 0 646 658 223 421 876 767 308 232 199 612 812 743 612 916 876 660 823 432 897 703 804 386 249 989 933 801 248 443 1068 132 423 859 824 191 337 254 52 592 743 209 767 173 576 750 840 937 399 427 595 910 338 329 76 335 649 514 396 107 548 604 630 695 651 559 750 546 670 530 190 862 585 450 691 270 599 940 182
596 302 536 150 656 318 339 151 609 281 426 423 246 295 328 327 367 114 197 579 534 323 552 300 575 372 669 290 544 464 583 561 524 510 661 482 436 239 495 710 439 323 372 607 594 371 630 524 131 646 0 681 800 302 232 466 877 486 478 215 271 166 276 705 608 359 202 216 635 343 348 303 820 346 374 166 840 228 430 685 449 574 201 776 453 391 605 217 287 764 328 527 90 126 632 292 474 393 375 279 555 687 717 578 254 415 254 564 100 603 84 469 325 123 276 113 218 249 459 566 282 454 492 862 412 309 664
831 879 922 721 1092 763 343 654 1181 449 545 385 915 927 450 428 314 567 483 1230 343 925 1019 896 856 443 36 969 153 1141 477 264 791 189 1230 1018 409 562 237 825 843 529 929 158 774 537 127 166 581 658 681 0 879 751 854 1096 961 457 689 837 589 847 884 1321 1239 352 700 573 1266 980 496 471 905 869 1051 718 898 518 899 786 879 1209 864 848 364 583 669 826 953 867 473 502 597 676 1240 840 295 839 309 769 886 948 666 322 888 272 627 564 617 79 743 262 941 714 946 589 497 434 567 1204 400 903 235 918 973 788 821
229 646 390 950 484 1110 740 929 727 634 421 557 825 1061 948 602 785 763 758 925 543 689 507 1087 273 987 844 905 760 976 403 617 292 739 746 604 524 583 680 90 430 1008 1166 721 207 471 752 765 853 223 800 879 0 524 1017 797 85 451 322 711 1001 863 692 891 877 872 993 602 892 766 1006 583 25 1146 1028 964 40 627 1231 117 454 868 954 31 558 429 228 692 827 39 970 394 745 917 825 1092 622 484 810 1076 327 229 219 557 736 734 548 327 710 827 765 914 716 693 838 716 864 730 383 875 790 474 912 62 633 1107 141
303 159 238 451 381 620 440 450 430 310 265 379 310 538 561 323 488 316 360 520 471 212 286 568 276 607 727 391 597 501 441 535 233 562 479 266 368 195 517 434 139 589 648 624 317 236 655 586 397 421 302 751 524 0 497 376 593 368 223 192 555 339 192 578 509 536 505 192 534 289 603 280 540 635 514 467 564 249 725 418 158 483 431 504 408 213 371 172 321 485 573 376 282 428 496 581 467 102 510 579 253 386 498 517 228 490 125 377 239 673 248 629 237 181 328 260 449 371 276 483 437 171 642 585 226 610 383
801 429 709 133 794 204 534 201 672 505 658 649 270 72 427 553 547 325 396 557 759 421 689 70 773 456 850 242 736 394 816 777 731 705 720 593 665 472 701 927 621 375 150 809 809 603 827 714 277 876 232 854 1017 497 0 495 1089 718 699 336 302 175 385 717 611 505 169 449 636 393 411 533 1035 152 239 138 1057 459 245 905 620 578 82 995 679 622 833 351 303 979 412 760 317 178 659 104 690 568 547 158 742 879 947 801 342 610 480 796 333 783 251 610 407 323 285 344 357 452 690 566 461 616 636 1079 519 173 877
573 222 406 548 386 692 759 592 183 646 641 746 235 482 794 674 799 558 636 144 845 171 307 543 525 838 1076 255 945 200 816 904 527 908 227 195 739 538 872 720 381 784 616 984 621 611 1014 930 597 767 466 1096 797 376 495 0 840 744 571 262 723 342 212 239 144 815 612 524 172 122 812 632 804 643 331 565 835 578 732 720 349 113 414 788 777 589 714 271 195 758 794 750 521 559 168 599 829 340 815 644 470 585 841 891 214 824 481 744 489 1016 383 923 154 387 213 519 683 671 650 109 725 325 942 852 168 665 665
290 705 434 1027 501 1189 826 1009 753 719 506 643 887 1131 1033 687 871 844 842 962 627 745 540 1160 328 1073 925 966 844 1026 486 700 359 824 767 645 610 664 765 169 488 1092 1239 803 282 555 833 849 934 308 877 961 85 593 1089 840 0 537 401 776 1083 932 752 913 909 957 1071 682 922 820 1091 668 60 1221 1088 1041 63 710 1308 201 507 903 1024 117 644 513 314 757 886 114 1055 479 825 995 853 1167 707 543 896 1154 375 256 296 639 797 820 626 412 789 910 838 1000 771 767 898 796 947 815 468 911 876 525 998 48 681 1185 212
373 524 478 611 649 744 298 568 782 226 105 108 637 781 519 181 339 401 359 888 119 577 590 783 400 553 425 713 319 853 98 197 337 293 825 615 75 251 234 382 415 590 849 303 317 135 337 320 479 232 486 457 451 368 718 744 537 0 235 526 601 618 549 938 875 430 634 275 900 650 581 187 477 810 826 620 480 259 881 344 454 851 682 420 107 156 225 508 662 431 544 59 401 568 857 762 173 428 364 722 434 491 276 158 573 282 277 125 385 392 497 463 601 434 663 374 457 315 114 850 362 480 460 502 590 751 369
152 373 245 627 414 788 458 607 572 334 145 309 533 747 646 314 507 443 447 714 355 425 364 769 167 688 658 614 543 718 267 433 102 513 610 411 281 264 456 233 200 698 846 538 121 174 571 540 532 199 478 689 322 223 699 571 401 235 0 415 684 554 413 736 687 584 670 281 709 504 700 284 343 824 737 641 361 313 909 207 239 668 640 297 325 124 148 395 545 287 665 210 423 594 657 771 395 231 533 753 198 270 275 392 451 475 225 180 387 619 448 648 451 376 552 394 552 427 121 670 493 266 652 384 405 784 191
485 95 374 333 461 498 497 359 393 392 434 506 118 363 539 425 537 296 373 392 612 107 356 403 450 584 819 199 688 327 612 662 419 652 446 271 505 292 620 623 292 539 485 734 507 391 762 672 345 612 215 837 711 192 336 262 776 526 415 0 485 163 60 499 407 553 396 273 435 143 563 385 726 486 321 351 752 323 579 608 285 375 259 693 538 384 562 20 135 672 542 547 259 329 422 433 582 237 552 452 412 549 688 659 51 565 249 559 226 757 131 660 112 125 139 256 425 409 453 369 463 280 679 772 199 479 570
822 574 794 185 924 174 328 130 877 377 586 503 489 369 139 420 316 244 245 819 594 593 821 323 812 158 592 502 498 675 695 584 753 475 929 754 530 419 493 914 694 72 343 581 806 532 591 476 157 812 271 589 1001 555 302 723 1083 601 684 485 0 386 546 961 859 241 133 403 886 603 109 425 1023 280 536 171 1037 374 314 883 710 824 347 973 523 571 782 489 531 969 117 657 273 163 892 257 506 653 305 182 802 927 870 626 520 392 469 711 315 527 354 329 592 390 516 298 143 286 624 815 249 718 356 1060 683 199 876
641 255 538 206 618 355 505 255 509 434 541 571 106 200 475 478 533 279 363 433 682 246 514 240 609 515 835 125 709 301 712 717 573 675 560 419 579 366 656 774 453 451 321 770 657 490 794 690 282 743 166 847 863 339 175 342 932 618 554 163 386 0 210 577 473 521 270 343 501 229 482 447 880 326 212 223 904 373 419 756 449 439 96 844 603 497 697 179 147 825 470 651 252 222 511 275 631 399 541 307 575 711 818 727 168 581 352 676 245 769 121 631 235 187 130 268 374 414 568 429 448 443 655 925 345 331 722
464 48 336 391 408 555 547 419 333 435 451 540 135 404 599 464 588 354 427 348 643 47 303 450 424 644 864 213 733 308 629 697 401 697 386 213 536 328 662 606 264 600 530 774 493 414 803 718 405 612 276 884 692 192 385 212 752 549 413 60 546 210 0 444 355 609 455 313 383 101 623 423 705 536 335 409 733 366 629 595 250 325 305 677 571 400 561 61 134 653 602 564 315 389 365 485 620 209 605 508 382 516 688 689 46 612 276 569 281 804 192 715 57 179 145 310 484 461 466 320 517 240 733 753 140 535 552
692 442 517 783 412 919 989 830 167 871 833 957 471 692 1034 894 1032 796 871 171 1048 398 390 756 641 1078 1299 475 1168 347 998 1113 666 1132 146 325 946 759 1092 830 535 1023 822 1201 752 813 1231 1154 837 916 705 1321 891 578 717 239 913 938 736 499 961 577 444 0 105 1052 846 747 81 361 1051 851 891 858 515 800 925 803 942 840 497 139 640 891 986 782 865 505 430 855 1034 935 758 797 81 819 1044 512 1049 872 584 662 985 1092 453 1051 696 916 725 1241 622 1159 387 622 446 754 922 904 834 151 961 469 1177 937 351 890 779
665 361 490 680 418 814 903 728 163 789 771 884 369 586 936 816 944 702 780 76 980 313 370 651 615 979 1219 369 1087 246 942 1042 629 1051 176 281 876 679 1014 808 489 922 717 1125 720 745 1155 1073 738 876 608 1239 877 509 611 144 909 875 687 407 859 473 355 105 0 959 742 666 27 265 951 773 880 752 412 696 914 720 837 814 452 34 535 873 915 719 824 415 327 839 935 877 665 695 74 714 969 457 959 766 557 653 949 1026 358 968 620 865 634 1159 526 1067 298 532 343 663 825 816 776 45 870 426 1086 927 285 785 755
735 619 759 372 916 416 131 304 936 250 453 322 605 577 110 272 93 257 182 936 388 656 823 544 740 128 352 646 258 822 511 360 674 237 988 786 354 348 265 793 663 193 578 342 701 411 350 235 240 660 359 352 872 536 505 815 957 430 584 553 241 521 609 1052 959 0 348 346 987 693 170 299 897 518 714 367 903 291 556 757 691 926 522 841 332 460 643 547 646 846 136 489 294 328 975 488 293 638 72 418 747 851 705 411 600 166 417 553 328 286 435 110 665 430 635 299 150 166 490 919 98 707 134 926 726 439 766
795 490 739 64 852 117 401 66 776 408 596 548 376 237 261 456 404 236 279 697 651 499 747 196 777 288 699 378 593 547 732 656 724 565 827 667 570 413 571 903 642 205 233 672 789 540 686 571 155 823 202 700 993 505 169 612 1071 634 670 396 133 270 455 846 742 348 0 393 769 496 241 448 1013 181 403 46 1031 381 247 876 651 708 218 967 574 570 787 403 417 958 244 684 248 77 781 142 572 595 399 87 758 889 889 689 422 474 445 731 282 632 271 448 494 325 400 278 210 333 632 698 322 655 474 1054 594 118 859
419 305 415 356 570 510 249 328 612 124 209 234 373 508 382 151 297 162 177 661 343 352 478 516 412 427 553 444 421 596 371 389 351 385 662 452 238 23 349 513 318 423 587 461 403 154 490 407 251 432 216 573 602 192 449 524 682 275 281 273 403 343 313 747 666 346 393 0 693 412 430 112 623 557 553 368 640 58 636 484 345 636 408 575 266 178 394 259 403 568 397 312 144 318 666 505 308 293 318 478 410 527 501 389 324 305 72 347 116 494 222 437 370 163 401 115 277 179 243 633 247 361 450 662 401 509 473
683 388 507 706 427 839 930 755 170 816 795 910 396 610 964 842 971 730 808 90 1006 340 385 675 632 1007 1246 395 1114 266 965 1068 649 1078 175 300 901 706 1041 825 510 949 740 1151 739 771 1181 1100 766 897 635 1266 892 534 636 172 922 900 709 435 886 501 383 81 27 987 769 693 0 293 978 800 895 777 433 723 928 748 861 831 473 61 560 889 940 743 845 443 355 855 962 901 693 722 73 738 995 479 987 792 574 667 968 1051 386 995 646 887 661 1186 554 1095 325 560 370 691 853 843 800 71 898 446 1114 941 309 810 772
537 131 389 432 421 583 640 472 280 533 551 641 124 393 672 564 680 436 514 249 744 79 323 449 493 716 962 171 831 214 729 799 480 794 331 213 638 429 761 682 335 663 527 874 574 515 903 815 475 703 343 980 766 289 393 122 820 650 504 143 603 229 101 361 265 693 496 412 293 0 690 523 776 545 279 450 806 464 637 676 312 233 311 753 673 500 652 154 92 726 672 664 399 440 289 498 721 284 695 536 444 573 779 791 93 708 378 666 369 900 261 801 52 268 110 398 560 552 565 226 604 295 821 824 147 559 627
846 646 839 289 981 271 286 228 957 372 585 476 582 478 62 407 259 287 254 915 553 671 881 431 842 53 504 603 424 777 669 529 780 406 1010 824 506 441 434 923 740 36 447 509 821 535 514 402 218 804 348 496 1006 603 411 812 1091 581 700 563 109 482 623 1051 951 170 241 430 978 690 0 423 1030 383 643 277 1041 388 403 889 761 917 452 977 491 580 781 563 624 977 37 639 323 260 979 364 459 705 241 287 840 957 856 579 603 335 501 700 366 441 432 234 673 455 610 342 154 276 623 908 219 772 260 1064 756 300 890
436 412 474 424 639 559 177 381 710 50 162 124 484 598 365 43 227 214 180 772 235 461 556 597 442 406 448 553 317 708 285 277 375 282 759 546 133 94 240 500 384 425 662 351 402 113 381 305 293 386 303 471 583 280 533 632 668 187 284 385 425 447 423 851 773 299 448 112 800 523 423 0 607 623 659 433 618 75 695 466 417 745 503 554 156 160 359 370 515 554 386 236 216 381 770 575 197 372 252 535 454 552 446 280 436 212 156 287 205 392 327 370 480 273 512 190 283 147 200 742 209 438 378 641 502 565 469
241 659 397 970 482 1131 765 950 728 658 445 583 839 1078 972 626 810 785 781 930 569 701 510 1105 283 1012 869 918 786 986 429 643 307 765 746 610 550 605 706 110 442 1031 1184 747 225 495 778 790 875 249 820 905 25 540 1035 804 60 477 343 726 1023 880 705 891 880 897 1013 623 895 776 1030 607 0 1165 1041 984 34 650 1251 141 464 872 971 57 584 452 254 706 840 55 994 420 766 937 827 1111 648 496 836 1097 335 228 244 583 750 759 568 353 731 853 783 940 727 712 851 737 887 754 407 879 815 483 938 48 642 1128 157
937 580 856 201 945 113 582 245 822 587 765 729 422 167 420 635 582 409 460 693 833 573 840 101 912 435 871 388 770 522 909 838 866 744 870 745 749 579 752 1056 765 346 66 850 939 709 863 748 335 989 346 869 1146 635 152 643 1221 810 824 486 280 326 536 858 752 518 181 557 777 545 383 623 1165 0 354 190 1185 554 92 1032 766 720 234 1122 755 735 950 499 454 1109 398 859 414 242 805 54 753 713 575 100 885 1020 1058 871 494 654 600 902 441 805 387 610 560 456 436 443 389 515 800 707 503 764 637 1208 672 82 1009
799 382 665 354 698 438 713 419 513 647 743 784 204 189 651 691 737 487 570 346 895 345 602 254 760 685 1042 123 918 170 918 930 736 884 554 490 791 576 868 941 599 608 310 981 827 695 1004 898 473 933 374 1051 1028 514 239 331 1088 826 737 321 536 212 335 515 412 714 403 553 433 279 643 659 1041 354 0 365 1068 586 432 928 583 381 192 1011 815 697 884 341 202 988 640 856 463 389 473 326 844 545 743 394 715 848 1009 940 291 789 554 875 457 975 332 823 320 392 189 480 563 623 768 368 651 569 848 1088 427 404 887
762 445 699 18 809 152 405 64 729 397 575 540 330 210 289 445 414 219 275 652 646 453 704 180 742 321 715 333 603 504 718 656 691 574 781 622 560 390 575 874 603 243 232 679 759 519 696 582 150 801 166 718 964 467 138 565 1041 620 641 351 171 223 409 800 696 367 46 368 723 450 277 433 984 190 365 0 1003 363 268 848 611 662 175 939 567 546 763 359 370 928 276 668 224 52 734 142 570 555 412 113 720 853 868 685 375 481 416 712 254 647 228 471 447 287 353 254 221 330 611 651 329 613 497 1025 549 143 829
269 687 429 989 516 1149 772 967 762 668 455 587 865 1102 982 635 816 801 794 962 566 730 543 1128 313 1021 863 945 783 1016 425 639 333 764 780 642 554 621 705 130 471 1043 1206 741 247 506 771 789 890 248 840 898 40 564 1057 835 63 480 361 752 1037 904 733 925 914 903 1031 640 928 806 1041 618 34 1185 1068 1003 0 663 1270 155 494 905 994 64 586 466 260 732 867 80 1004 421 783 955 860 1132 648 524 841 1115 366 262 233 577 777 762 587 354 749 849 805 943 756 734 879 754 899 765 417 912 824 514 940 22 673 1146 182
458 361 468 353 625 496 191 315 669 69 215 198 415 523 336 105 239 145 134 714 309 407 535 524 456 380 498 482 367 641 357 346 392 330 720 510 208 57 297 540 372 384 590 411 434 160 439 352 230 443 228 518 627 249 459 578 710 259 313 323 374 373 366 803 720 291 381 58 748 464 388 75 650 554 586 363 663 0 628 509 400 691 428 599 229 197 410 309 448 595 353 304 142 311 723 504 262 349 260 469 458 569 507 354 374 248 126 349 130 438 253 379 423 204 444 115 238 125 253 686 193 418 392 686 459 499 504
