243
0 324 875 792 747 129 818 768 134 724 157 33 806 902 856 596 253 941 997 736 151 986 825 708 822 566 721 790 769 702 678 85 514 390 508 356 139 756 866 285 774 297 400 807 754 604 897 653 426 466 737 184 975 869 165 749 750 698 339 886 926 588 717 242 719 120 601 894 716 424 546 1151 550 773 853 191 251 414 875 614 201 764 563 868 947 646 650 276 663 907 673 647 641 262 537 760 239 602 68 532 704 172 227 689 425 407 276 128 806 483 669 863 233 763 420 467 494 800 876 894 390 342 155 405 669 632 828 866 44 918 620 341 957 433 723 837 475 797 719 770 313 1150 166 623 801 49 849 748 176 616 952 874 607 986 626 395 858 632 842 648 664 727 793 415 55 384 711 136 833 462 537 829 785 777 229 758 811 397 669 1045 662 705 77 896 253 366 774 691 535 318 807 337 816 627 66 423 472 170 722 148 316 625 593 491 261 738 391 580 352 91 804 1012 700 752 484 176 936 491 240 1087 630 455 707 325 261 116 880 857 346 525 232 457 599 400 664 768 110 723 345 604 237 148 834
324 0 562 522 425 208 607 504 213 571 480 358 692 695 556 369 192 624 682 547 324 664 523 609 751 247 457 529 453 640 356 402 346 156 406 214 462 632 675 391 540 286 140 534 692 595 574 459 176 344 415 321 660 686 490 433 429 489 138 576 617 402 664 426 628 204 283 678 540 461 472 845 266 451 529 511 217 247 600 370 160 460 257 688 627 463 326 99 622 585 565 358 487 329 234 501 132 280 298 249 644 196 100 471 255 115 189 416 483 162 347 662 165 459 99 409 244 476 707 572 209 254 322 248 346 469 615 541 280 607 339 104 672 202 494 519 154 576 611 621 11 838 360 391 512 288 585 433 155 329 698 554 367 668 304 327 538 313 523 430 355 563 547 112 362 255 388 458 550 160 299 545 563 473 220 534 706 128 348 725 337 442 285 698 108 62 462 370 280 221 672 43 755 362 379 114 194 487 617 179 192 412 289 344 148 637 348 384 438 255 481 693 650 455 269 495 626 414 241 779 327 226 648 26 302 317 564 537 135 422 401 224 376 180 449 458 431 567 206 300 291 272 511
875 562 0 559 159 769 409 242 745 532 1023 907 656 452 454 380 732 75 122 448 820 143 81 644 767 315 255 591 339 722 219 942 708 496 589 693 1004 610 484 807 668 684 479 207 750 780 270 713 579 562 163 878 103 505 1038 344 298 395 546 24 59 451 749 883 666 758 378 419 477 774 641 285 500 141 244 1066 756 680 205 591 678 414 437 513 98 453 295 599 745 287 613 474 513 755 457 259 638 352 859 351 728 712 649 674 517 467 720 937 133 400 225 453 654 121 462 648 571 166 549 101 658 612 816 537 233 492 405 204 831 45 279 605 193 601 658 325 408 374 630 555 571 276 849 363 148 845 604 129 717 275 318 315 353 118 331 628 79 358 311 381 210 507 300 518 901 569 282 998 527 412 391 160 703 414 687 363 681 479 318 186 276 557 817 477 622 546 100 204 373 727 606 568 785 299 935 453 408 1043 639 737 594 397 282 732 624 654 658 437 813 791 128 149 746 443 627 1050 65 624 783 219 429 604 730 554 839 829 351 69 538 590 858 448 633 615 384 107 973 523 573 271 835 833 128
792 522 559 0 427 664 884 709 720 938 944 823 1075 955 136 710 544 561 612 874 839 540 596 1020 1166 446 685 33 220 1077 416 878 325 614 858 445 928 1016 967 912 117 802 585 704 1122 1071 328 228 369 801 432 677 592 985 942 218 264 805 632 583 611 781 1104 946 1042 687 289 925 887 968 928 785 255 432 328 943 554 392 738 184 679 145 278 991 538 823 332 620 1075 320 977 168 874 850 294 720 654 317 738 566 1082 712 611 170 710 541 522 910 427 457 419 940 687 559 482 886 298 393 1023 480 406 754 838 716 403 851 886 371 756 593 593 458 751 359 134 245 460 844 1014 979 531 748 875 714 643 744 64 489 624 575 861 273 687 583 313 817 482 277 261 756 502 918 778 409 843 737 298 926 57 518 659 675 150 145 742 813 1097 572 287 595 345 87 782 973 630 460 518 422 625 489 1037 487 1177 638 824 510 567 916 1022 654 697 754 515 359 669 1042 844 759 957 754 434 586 1094 119 314 927 609 880 575 729 214 338 1085 540 596 826 244 491 625 871 922 638 214 392 771 530 901 930 700 516 610 669 431
747 425 159 427 0 634 469 290 624 554 901 781 689 533 345 351 584 204 264 477 712 238 171 654 792 181 275 457 211 725 69 820 549 392 549 538 882 634 551 722 528 596 369 278 761 757 214 560 422 507 12 732 241 570 913 209 163 413 438 180 218 428 753 789 677 628 219 502 498 715 611 440 341 25 168 937 607 522 311 436 559 283 277 577 203 451 136 479 738 231 616 321 510 664 298 303 520 193 724 260 731 595 520 524 441 346 570 823 61 264 78 522 541 132 328 599 412 70 611 146 501 527 709 457 80 487 469 151 703 203 225 455 334 444 512 225 272 429 644 587 436 423 744 343 216 714 479 63 581 212 434 234 323 246 172 560 113 200 215 377 119 530 358 367 779 489 132 877 405 293 332 248 563 286 581 404 713 365 161 300 117 411 697 553 500 400 90 56 304 573 644 425 807 264 804 326 306 912 653 604 495 384 183 573 512 671 590 410 739 669 56 269 746 308 468 920 223 581 634 374 273 445 733 422 687 717 266 114 430 555 763 363 477 459 387 102 851 545 480 174 685 691 88
129 208 769 664 634 0 763 689 105 691 285 161 791 850 727 529 134 833 890 689 210 873 726 697 824 455 641 663 642 705 564 214 396 309 487 235 268 736 820 332 649 292 311 724 758 625 773 534 296 435 624 146 868 827 289 622 625 642 263 783 823 538 724 322 711 45 475 838 674 454 539 1051 420 659 730 305 139 292 791 487 139 635 435 827 836 599 529 190 674 782 657 517 605 288 409 683 166 478 90 441 708 135 125 566 372 307 154 248 692 371 556 813 179 663 307 461 365 683 840 780 265 311 212 355 554 593 773 745 92 814 531 212 869 305 599 711 363 738 704 740 198 1046 241 555 709 84 721 641 52 524 879 748 535 877 503 379 747 506 716 587 561 690 723 288 179 342 588 265 704 360 464 740 663 648 206 696 800 305 545 934 542 577 131 848 169 242 669 578 455 201 784 213 822 545 173 317 380 280 708 36 265 565 492 376 197 727 385 525 398 109 690 902 708 623 358 289 833 479 138 986 501 327 711 216 183 183 753 746 267 505 303 382 474 272 604 664 239 689 293 503 160 87 719
818 607 409 884 469 763 0 179 687 160 929 843 254 88 814 237 797 471 481 91 702 542 332 272 367 462 198 910 677 353 468 854 902 459 341 812 911 219 82 624 970 535 467 202 365 449 664 963 728 360 461 905 477 101 953 672 628 120 501 394 403 229 375 712 289 730 615 76 123 525 351 519 717 474 626 996 822 828 217 840 628 744 656 108 501 173 553 574 391 681 258 745 202 596 661 165 597 583 835 373 358 648 644 944 393 493 796 822 496 504 465 58 590 339 536 404 761 526 143 508 794 476 696 413 480 199 12 594 781 414 305 699 293 757 944 693 508 39 254 159 610 552 717 215 266 810 941 406 721 322 185 696 241 498 578 440 475 615 682 177 382 137 112 641 818 434 587 903 870 463 307 249 1004 749 588 75 279 479 597 560 539 848 742 94 594 634 387 462 328 826 201 639 387 264 883 505 417 980 261 727 503 197 385 913 567 271 458 238 595 726 488 526 378 766 811 982 415 373 844 481 691 773 359 584 905 726 731 465 497 330 693 385 871 753 159 371 883 152 474 380 891 848 510
768 504 242 709 290 689 179 0 634 290 900 798 415 245 635 183 695 311 335 206 678 382 161 403 525 311 47 737 499 482 294 820 758 380 377 690 881 368 261 633 801 521 377 46 508 548 485 806 593 366 282 821 326 280 920 495 451 156 430 231 251 235 508 717 424 664 452 216 235 570 417 424 563 294 446 957 720 697 109 680 568 568 498 288 339 219 383 499 508 503 374 579 277 590 507 17 531 419 771 254 487 596 564 781 354 389 689 801 317 371 292 232 534 160 416 441 615 346 322 336 666 451 673 375 308 259 179 416 727 257 166 582 200 622 777 513 376 140 388 313 510 443 701 158 93 750 765 227 641 179 194 517 164 345 411 443 301 448 502 157 213 264 68 511 780 405 411 874 693 345 231 91 835 573 550 122 440 384 425 413 367 679 699 264 522 515 207 287 233 712 366 527 543 143 833 391 311 937 397 653 456 179 236 773 506 412 469 227 623 677 309 376 506 591 669 942 264 413 745 371 525 633 490 485 806 696 551 291 424 374 694 311 715 623 153 192 851 281 429 228 795 768 332
134 213 745 720 624 105 687 634 0 603 278 164 694 773 766 462 227 813 868 608 121 860 693 599 723 442 587 723 667 603 555 197 481 256 392 319 259 642 739 230 720 189 267 673 656 520 786 614 353 344 613 245 847 744 293 646 642 567 205 756 795 459 622 233 613 60 497 764 590 349 439 1019 466 649 740 324 238 374 740 552 67 671 467 743 821 518 537 146 570 797 561 562 518 182 443 626 106 493 149 399 606 39 113 641 294 278 244 203 684 361 546 735 99 631 299 361 425 680 753 769 341 218 121 274 547 507 698 750 94 788 486 262 823 368 670 732 353 666 608 650 202 1019 156 489 667 123 780 620 108 482 818 767 473 858 516 281 733 527 736 516 535 603 659 318 155 256 600 253 754 333 403 695 736 684 106 626 702 266 560 919 546 635 73 768 123 266 645 568 401 292 691 237 720 493 199 297 339 304 611 84 184 493 462 465 127 629 283 449 294 46 680 885 605 663 429 309 805 381 242 955 537 392 609 207 289 106 777 731 212 409 211 322 546 337 532 638 227 601 213 474 266 188 712
724 571 532 938 554 691 160 290 603 0 817 746 137 210 889 230 751 601 621 85 593 673 451 115 238 493 284 961 749 196 534 748 899 415 218 785 801 80 158 496 1010 428 433 328 217 289 763 981 720 258 544 837 613 154 843 739 701 141 444 522 539 171 220 584 135 653 653 220 56 382 205 676 738 565 720 890 774 812 363 863 552 808 683 151 630 116 607 515 231 781 98 784 86 480 681 273 527 623 752 381 201 564 583 971 324 468 754 708 594 510 528 171 512 438 523 272 766 619 152 625 775 384 587 338 543 102 171 695 692 546 345 673 447 750 977 777 511 176 99 49 572 707 602 223 384 725 999 496 658 363 345 788 250 634 624 329 588 661 769 182 446 25 240 632 715 349 654 792 933 456 291 377 1042 815 497 171 160 446 652 700 596 889 646 192 531 612 486 532 323 791 102 610 254 300 788 489 404 877 107 657 426 184 422 904 494 122 340 191 458 635 586 664 221 825 811 878 551 243 793 634 730 769 203 546 853 621 820 578 443 202 569 349 889 739 168 470 775 9 398 422 835 779 613
157 480 1023 944 901 285 929 900 278 817 0 124 879 1009 1011 721 400 1091 1146 842 227 1138 969 782 877 719 854 940 927 760 831 81 652 530 599 501 18 837 968 330 918 394 544 941 808 646 1054 791 580 569 890 290 1125 969 29 906 907 813 479 1033 1073 701 770 252 789 276 758 1005 818 469 622 1296 705 926 1010 82 393 558 1008 762 344 921 720 967 1099 755 807 424 715 1064 752 802 739 337 694 890 384 759 205 675 760 311 382 831 548 557 422 109 960 637 822 969 370 908 574 547 646 955 969 1047 538 454 232 526 823 735 940 1022 200 1065 760 497 1094 585 867 994 629 913 795 860 469 1297 214 748 940 201 998 898 333 758 1076 1031 736 1136 783 490 1011 789 1000 768 813 824 918 572 122 500 868 25 986 612 669 967 927 933 349 875 881 544 826 1197 818 856 205 1000 401 523 923 845 671 459 890 494 867 762 121 575 616 85 796 305 444 744 740 625 400 810 477 696 387 232 957 1163 753 908 631 77 1083 575 376 1232 786 606 763 480 378 204 1037 1009 487 614 258 592 744 552 783 916 50 818 471 752 357 279 988
33 358 907 823 781 161 843 798 164 746 124 0 823 927 888 624 281 974 1029 760 162 1019 857 726 836 599 751 820 802 716 711 57 540 421 529 384 107 775 890 292 802 317 431 837 767 614 930 679 457 489 770 197 1008 893 132 781 783 725 370 919 958 614 730 241 736 153 634 920 739 434 564 1183 581 806 886 160 277 441 905 643 232 796 596 892 980 671 684 308 676 940 691 678 663 276 569 790 271 635 89 564 718 202 260 716 453 440 303 111 840 516 702 888 263 795 453 485 524 834 898 927 419 367 166 432 702 656 854 899 77 950 651 373 988 464 751 870 508 824 737 792 347 1182 170 651 832 78 878 781 209 647 980 907 636 1019 660 416 892 665 875 675 697 749 821 448 43 409 744 104 864 495 567 860 812 809 254 784 828 429 702 1078 695 735 101 920 285 399 807 724 566 344 827 370 829 657 44 456 503 139 739 181 344 652 625 515 291 755 410 606 359 120 837 1045 713 784 512 144 968 510 264 1119 662 485 721 359 279 128 912 890 377 545 234 487 627 431 691 800 78 746 372 637 255 169 867
806 692 656 1075 689 791 254 415 694 137 879 823 0 260 1026 366 863 722 735 212 664 793 576 97 112 630 416 1098 886 142 671 817 1027 536 303 906 865 60 204 550 1147 509 556 449 126 269 897 1114 848 357 679 936 730 187 907 877 838 276 559 643 656 302 151 633 91 749 790 284 190 416 259 767 872 699 854 957 886 937 472 998 651 946 819 179 752 252 745 625 192 914 133 921 209 548 816 399 632 760 842 516 145 658 692 1106 438 595 869 770 727 643 665 232 612 570 652 338 897 753 151 752 899 479 659 448 680 230 262 828 779 665 483 795 547 878 1113 913 644 284 86 102 691 804 667 361 509 814 1137 630 762 501 424 923 388 751 762 413 716 798 904 319 583 159 357 760 789 452 791 856 1071 588 425 497 1178 953 588 293 25 571 790 814 734 1026 728 232 639 737 618 669 457 908 53 732 133 438 868 618 535 947 84 758 530 321 560 1031 598 69 414 323 498 721 719 780 162 963 940 946 668 314 902 733 867 897 144 666 961 695 955 707 559 285 622 475 1022 865 306 602 841 145 504 559 942 878 744
902 695 452 955 533 850 88 245 773 210 1009 927 260 0 878 326 885 505 505 167 782 574 382 307 369 544 274 983 744 384 540 936 986 547 415 899 992 245 57 698 1045 615 556 256 383 494 717 1044 814 440 526 992 505 73 1034 740 695 208 589 434 435 314 401 787 319 817 693 32 192 591 414 512 799 535 682 1078 910 915 248 920 715 813 737 81 537 255 628 662 427 734 305 822 273 674 743 235 684 661 921 459 388 734 731 1023 479 581 884 902 554 590 537 40 676 401 623 475 845 585 113 553 881 560 777 498 553 275 79 647 866 448 387 787 303 843 1021 754 593 121 288 188 699 552 796 303 320 896 1011 470 809 404 168 754 328 526 654 519 524 691 742 265 457 194 177 727 901 518 657 984 938 550 395 295 1080 818 673 161 283 567 670 583 612 924 826 29 682 721 446 532 416 914 209 727 392 348 968 592 504 1063 293 814 589 285 467 998 653 297 535 325 665 811 545 552 408 836 896 1065 446 444 932 484 768 858 389 672 994 808 789 514 585 402 769 474 953 840 247 432 965 205 560 461 979 936 564
856 556 454 136 345 727 814 635 766 889 1011 888 1026 878 0 669 620 444 491 817 881 415 503 981 1124 418 618 167 139 1045 355 940 436 617 840 529 995 969 896 937 252 818 587 623 1086 1055 201 359 432 788 353 763 472 916 1014 151 188 750 644 478 501 744 1072 982 1004 742 282 847 835 973 909 658 306 343 211 1020 634 482 647 286 717 96 299 923 418 779 289 648 1050 190 940 210 834 874 323 648 686 300 808 538 1050 752 654 302 702 547 599 965 328 453 360 868 717 477 494 877 371 296 956 365 487 762 879 711 346 810 814 254 816 483 545 515 648 431 268 129 459 775 973 926 567 619 917 668 559 810 157 408 681 527 767 146 643 461 285 817 375 258 143 707 442 867 704 447 903 737 235 992 83 512 629 588 284 84 770 748 1049 576 246 466 296 194 834 899 662 499 432 357 595 574 983 528 1137 589 895 516 553 993 981 710 711 709 474 469 695 1001 846 723 973 805 336 461 1064 103 403 1004 497 866 658 606 229 415 1053 569 688 872 113 385 637 851 956 625 325 463 720 446 966 880 708 472 698 746 326
596 369 380 710 351 529 237 183 462 230 721 624 366 326 669 0 559 456 494 182 497 523 303 312 456 264 142 732 529 377 316 642 677 222 208 576 702 306 307 449 780 337 229 229 417 408 565 753 499 185 339 669 479 318 742 518 482 120 266 379 409 77 405 533 335 500 423 310 184 395 263 605 508 367 519 781 584 597 293 634 399 584 453 321 478 114 382 339 387 582 271 554 165 406 451 172 365 393 606 151 382 423 408 741 173 256 558 620 401 282 310 292 363 264 303 268 540 420 344 454 561 269 492 194 323 141 246 501 556 410 126 463 383 529 747 565 284 209 305 275 372 619 519 27 249 583 772 302 486 142 356 581 28 497 396 260 413 432 558 61 233 213 197 411 603 222 433 695 708 233 70 265 812 592 371 167 387 241 427 565 373 659 523 328 360 399 304 318 96 589 332 402 468 87 661 271 182 763 313 493 279 47 195 685 337 333 287 59 442 504 394 528 397 599 587 767 422 243 606 548 501 546 385 346 668 516 610 406 262 210 510 148 660 522 79 289 672 223 251 197 654 613 425
253 192 732 544 584 134 797 695 227 751 400 281 863 885 620 559 0 788 847 733 342 819 702 774 911 419 649 540 552 794 516 338 262 339 565 102 385 805 863 456 520 394 329 724 847 728 692 400 189 507 575 151 824 873 398 532 543 678 306 749 790 585 816 455 791 172 395 869 724 567 624 1018 315 608 653 400 25 160 789 362 229 534 345 874 786 647 462 237 768 699 732 410 665 405 318 693 236 406 194 441 797 243 173 435 427 308 22 379 636 338 509 852 263 638 281 552 249 622 892 726 138 393 343 415 503 648 806 675 223 778 529 128 858 188 469 621 330 767 779 800 187 1006 374 582 698 204 598 603 119 518 889 660 559 830 431 467 697 425 629 620 533 745 740 216 307 412 513 384 588 350 490 732 531 546 308 726 875 318 468 882 478 457 265 887 225 187 635 531 472 67 849 169 911 554 279 304 386 373 784 142 335 601 473 242 269 804 479 569 519 242 636 853 800 517 231 385 797 564 51 952 404 207 801 213 110 317 660 698 307 582 435 412 345 156 638 633 359 747 359 484 102 126 662
941 624 75 561 204 833 471 311 813 601 1091 974 722 505 444 456 788 0 60 516 892 71 154 714 833 377 328 594 347 793 272 1010 742 567 665 742 1073 677 542 882 675 758 549 273 819 854 247 734 626 637 212 935 36 563 1105 355 313 467 617 80 70 526 819 957 736 823 417 472 546 849 716 239 536 181 234 1132 811 724 257 616 747 420 476 571 32 526 336 667 818 262 685 497 586 829 498 329 707 394 923 423 799 781 715 691 592 534 774 1007 159 461 279 511 724 196 525 724 611 184 608 81 705 687 887 611 284 566 466 191 897 56 354 659 219 646 671 317 469 437 700 621 634 219 921 438 219 910 599 193 780 349 357 298 428 44 371 704 93 393 302 455 279 576 364 572 969 644 309 1067 523 479 467 224 709 418 758 431 747 548 350 110 318 570 886 531 690 603 169 257 448 778 670 627 852 375 1000 518 479 1109 708 801 667 472 352 768 694 723 733 513 888 859 156 73 817 451 666 1116 60 700 838 176 457 646 801 618 892 900 334 90 609 666 932 521 659 663 458 179 1041 592 647 341 890 893 140
997 682 122 612 264 890 481 335 868 621 1146 1029 735 505 491 494 847 60 0 535 943 82 190 735 847 434 359 645 401 816 331 1065 802 619 701 802 1127 694 547 928 727 805 602 293 838 883 291 791 686 678 272 994 23 567 1160 411 370 491 669 116 85 561 841 1005 756 879 477 473 567 889 748 180 596 241 284 1188 871 784 263 674 801 474 536 576 75 554 396 721 843 304 708 556 613 876 558 352 761 455 980 474 821 835 771 746 637 589 834 1060 219 519 338 515 777 242 582 762 671 244 612 137 765 734 939 658 344 594 474 241 953 84 400 719 205 706 725 367 527 451 720 636 691 159 972 473 247 967 648 249 837 397 347 344 467 30 432 747 154 453 351 487 332 595 380 631 1023 690 368 1121 571 534 511 244 762 471 809 449 760 602 410 79 378 626 940 532 744 662 222 316 494 838 682 686 867 416 1056 574 531 1165 728 858 717 505 405 828 747 742 776 548 931 914 217 47 840 505 726 1172 72 737 898 118 516 707 823 674 952 952 379 150 661 701 980 570 718 723 487 230 1095 611 696 394 949 952 199
736 547 448 874 477 689 91 206 608 85 842 760 212 167 817 182 733 516 535 0 615 588 367 200 319 435 204 898 678 281 463 769 859 394 250 757 825 161 131 533 952 448 406 243 302 365 684 932 682 273 468 833 528 139 867 670 629 68 431 437 453 150 305 622 220 654 594 165 34 434 260 594 687 487 642 911 758 779 278 812 552 740 629 141 545 89 542 503 313 702 177 725 110 508 630 189 522 562 757 331 286 569 573 918 316 437 734 735 515 464 458 127 513 357 486 312 722 541 162 541 743 393 610 334 473 108 103 615 701 461 281 644 364 712 922 702 465 95 184 110 549 623 629 167 299 732 934 418 650 299 272 711 195 548 562 352 505 599 693 123 375 59 155 593 734 352 584 817 866 415 251 292 985 747 506 85 236 418 586 614 529 830 659 160 522 580 405 460 278 768 166 582 337 236 802 453 365 896 193 653 425 136 361 867 491 207 369 164 504 645 506 579 305 759 770 898 466 282 778 551 671 729 288 522 840 641 743 495 428 238 604 322 840 704 106 389 797 76 396 359 824 775 532
151 324 820 839 712 210 702 678 121 593 227 162 664 782 881 497 342 892 943 615 0 944 760 566 674 532 633 843 776 554 645 155 601 324 374 438 209 617 742 134 841 167 343 721 605 453 888 735 474 342 701 324 923 743 251 756 748 587 275 828 866 474 568 113 576 170 606 778 591 273 404 1084 585 737 841 297 350 494 788 673 164 785 581 741 903 528 638 239 514 900 533 680 513 115 558 668 198 599 207 469 555 128 228 762 324 366 361 122 773 458 636 742 172 702 400 326 546 773 745 856 462 228 5 303 640 508 713 847 141 860 548 383 875 490 792 840 450 686 578 637 314 1089 35 524 725 178 900 700 228 548 851 873 513 936 621 264 817 636 842 542 613 598 693 434 124 274 703 201 872 419 449 750 858 798 133 648 667 347 666 1000 646 756 85 773 221 382 722 657 456 409 669 354 667 545 206 391 412 285 580 201 227 518 540 583 200 595 253 469 201 101 769 965 551 779 550 285 877 353 349 1022 652 514 558 313 386 34 885 814 283 390 93 376 667 458 556 713 182 593 251 551 362 274 801
986 664 143 540 238 873 542 382 860 673 1138 1019 793 574 415 523 819 71 82 588 944 0 224 785 904 419 398 574 337 864 308 1057 750 620 731 765 1119 749 612 941 657 816 600 344 890 923 214 728 648 702 248 968 71 633 1151 349 312 538 668 151 139 595 890 1014 807 866 435 541 618 914 784 244 549 213 215 1175 841 742 327 616 795 406 492 642 44 596 358 714 888 225 756 498 656 886 517 400 755 416 963 479 870 830 758 682 652 582 804 1058 182 502 317 581 774 260 566 790 626 198 678 92 726 745 940 671 318 636 536 174 941 127 416 690 281 666 658 295 511 509 771 692 674 210 975 506 289 952 572 244 820 409 422 269 495 53 392 766 127 408 279 525 331 647 436 602 1016 703 319 1114 497 527 529 296 691 402 811 502 818 598 363 63 341 560 934 601 737 638 226 294 508 803 741 663 923 440 1043 563 532 1151 780 843 722 541 404 778 745 795 796 580 950 906 183 46 888 438 679 1159 127 766 869 190 464 664 872 660 919 951 302 129 660 733 988 579 660 686 527 238 1088 663 703 394 919 929 156
825 523 81 596 171 726 332 161 693 451 969 857 576 382 503 303 702 154 190 367 760 224 0 562 686 284 173 626 377 641 210 888 707 439 511 674 951 529 410 739 698 617 425 130 668 699 334 728 564 487 169 843 176 431 986 377 331 314 490 75 107 372 667 817 584 711 379 350 395 698 561 326 500 164 300 1017 727 667 143 604 626 450 435 438 180 371 299 548 664 352 532 490 431 688 451 178 586 349 815 293 646 658 604 695 449 419 692 879 175 364 213 379 599 64 424 571 566 207 474 176 642 546 756 469 225 411 329 265 781 106 213 577 167 589 683 376 372 296 549 474 531 328 788 284 67 799 646 115 675 212 265 372 276 194 333 556 143 365 363 301 169 426 221 494 847 501 303 944 570 366 321 86 734 452 627 283 601 427 330 262 280 582 764 405 571 515 81 197 306 704 526 534 704 225 887 409 353 995 557 693 533 317 234 729 569 573 585 359 740 739 166 225 664 477 622 1001 119 547 754 262 440 595 649 511 811 772 408 133 482 512 792 384 644 599 303 75 919 442 510 223 805 796 182
708 609 644 1020 654 697 272 403 599 115 782 726 97 307 981 312 774 714 735 200 566 785 562 0 147 573 392 1041 841 81 627 719 949 455 210 822 767 64 250 452 1084 412 477 442 107 189 867 1043 770 267 644 842 727 238 810 830 794 249 473 634 652 238 105 536 22 655 731 323 168 320 162 790 804 668 822 859 796 855 478 930 558 896 755 232 742 203 694 537 121 884 44 860 146 450 749 385 540 702 746 454 86 563 601 1038 353 518 781 673 698 576 621 270 519 545 577 241 823 722 216 734 817 386 561 361 635 170 282 799 682 660 436 712 562 800 1048 874 575 291 19 118 607 822 569 313 496 718 1082 599 670 453 455 888 337 748 707 317 696 742 867 277 541 140 355 684 691 362 745 758 1020 517 361 491 1115 904 492 285 103 492 739 814 685 965 631 283 549 657 592 627 394 822 115 650 157 393 770 543 464 850 15 664 439 271 508 951 507 29 317 260 402 625 690 778 106 911 864 848 665 218 811 749 808 821 88 582 869 598 918 687 474 192 525 400 951 785 268 576 744 124 415 509 850 784 718
822 751 767 1166 792 824 367 525 723 238 877 836 112 369 1124 456 911 833 847 319 674 904 686 147 0 719 522 1187 984 120 769 822 1094 599 347 963 864 158 314 549 1231 534 623 560 68 233 1002 1189 916 407 782 968 842 296 906 973 936 379 614 754 768 385 106 625 125 781 878 395 294 407 286 879 952 803 959 957 931 999 584 1077 689 1041 902 287 863 344 839 675 161 1019 191 1007 291 560 897 508 675 849 866 601 118 689 737 1185 496 664 918 770 832 723 763 343 651 676 724 362 970 858 257 861 961 518 669 503 777 315 374 933 800 777 578 855 659 945 1195 1014 722 396 151 212 749 916 671 455 618 837 1228 734 802 596 535 1026 480 863 853 446 825 888 1006 416 682 262 468 830 798 500 888 855 1165 664 508 608 1262 1048 618 403 87 637 884 927 829 1112 746 341 685 802 724 768 541 961 165 793 23 534 881 690 612 951 143 794 575 414 652 1095 642 123 439 406 489 744 824 892 123 1056 1010 948 780 346 945 846 955 966 115 725 1002 707 1057 815 616 329 618 547 1098 929 405 708 843 247 552 653 981 911 851
566 247 315 446 181 455 462 311 442 493 719 599 630 544 418 264 419 377 434 435 532 419 284 573 719 0 272 468 283 632 113 638 447 219 422 392 700 571 543 552 517 426 193 327 676 637 363 501 286 370 171 562 412 559 731 268 242 367 260 331 371 334 659 614 596 447 159 519 445 563 491 600 255 207 314 756 444 391 385 378 377 327 194 564 381 378 129 297 633 377 530 290 427 492 198 315 338 129 545 120 637 413 339 483 288 166 408 642 242 84 104 521 360 220 148 461 304 240 592 328 362 361 529 300 107 404 467 315 522 360 157 293 444 313 486 334 92 424 567 537 257 591 565 271 287 533 509 186 403 140 499 360 243 421 135 406 292 169 332 314 115 475 371 211 597 329 191 695 448 113 213 323 549 337 403 387 651 187 172 479 127 395 515 556 319 231 216 125 179 421 594 253 730 200 624 144 140 732 575 424 322 309 77 463 332 596 436 312 576 487 238 447 650 339 358 740 380 449 470 534 237 324 640 241 527 536 381 291 252 432 588 209 409 319 330 214 669 486 310 83 522 518 270
721 457 255 685 275 641 198 47 587 284 854 751 416 274 618 142 649 328 359 204 633 398 173 392 522 272 0 712 480 469 269 774 718 333 343 646 835 364 281 591 772 477 330 87 499 525 480 771 551 327 266 774 347 299 873 474 431 143 383 248 274 202 495 675 414 617 419 247 228 535 389 462 526 283 438 910 674 654 154 646 521 546 463 306 354 197 355 452 490 498 359 548 257 547 470 44 483 386 723 207 474 549 516 749 309 342 643 756 311 327 266 255 488 154 371 406 575 337 339 342 622 407 628 331 281 237 201 411 680 277 121 537 242 580 747 500 332 159 379 314 463 478 657 118 111 703 742 214 594 136 240 507 120 366 380 403 304 417 490 127 183 259 99 467 734 361 389 828 672 299 184 123 806 551 504 129 440 337 398 434 340 650 652 289 474 470 201 263 186 667 369 481 539 96 786 345 264 891 388 606 410 146 196 733 460 405 430 191 584 630 302 397 492 567 628 895 287 380 698 406 493 592 477 438 759 650 540 295 377 342 651 264 679 580 129 185 805 275 383 189 749 720 328
790 529 591 33 457 663 910 737 723 961 940 820 1098 983 167 732 540 594 645 898 843 574 626 1041 1187 468 712 0 251 1097 443 876 310 628 876 439 925 1039 993 920 85 812 599 733 1143 1087 361 204 370 818 461 669 625 1011 937 249 295 830 644 615 643 802 1124 951 1063 687 309 953 911 980 946 818 264 462 361 936 548 384 768 177 685 176 293 1017 571 846 357 628 1094 353 998 183 896 859 307 748 661 339 734 586 1102 717 616 145 726 555 517 910 458 474 446 967 695 588 496 902 298 425 1049 512 401 766 842 731 430 872 913 403 755 625 618 460 783 357 106 278 477 871 1036 1003 538 781 879 738 673 742 58 518 624 599 891 306 710 616 337 831 515 300 294 780 528 942 806 417 842 751 327 923 86 535 680 705 117 177 750 839 1120 586 313 628 371 87 784 1000 638 467 548 450 646 483 1061 493 1198 662 819 525 584 909 1044 654 709 777 538 344 677 1064 858 781 967 756 465 620 1113 149 308 921 642 897 568 762 233 335 1105 548 586 828 277 523 638 889 927 655 201 390 795 560 899 953 713 540 601 663 463
769 453 339 220 211 642 677 499 667 749 927 802 886 744 139 529 552 347 401 678 776 337 377 841 984 283 480 251 0 906 215 851 424 492 705 475 909 829 760 819 329 697 463 490 947 919 147 391 364 654 217 702 380 779 932 20 48 611 524 363 392 605 934 871 864 651 169 713 695 845 773 579 242 213 124 945 571 439 520 282 611 75 208 786 326 639 154 538 912 150 801 168 695 757 235 512 578 177 729 402 911 648 554 345 571 425 533 869 206 329 221 732 607 344 378 745 319 173 819 265 433 637 773 582 206 671 678 163 727 374 405 433 531 372 324 69 336 638 833 787 464 547 811 529 427 727 269 274 593 388 642 108 504 374 158 688 263 140 77 567 303 727 568 354 812 609 96 905 194 384 492 458 364 75 657 610 909 453 114 396 158 224 738 763 554 403 300 218 458 518 844 433 997 449 815 395 422 918 842 621 590 570 335 455 582 861 718 585 851 709 213 382 926 104 365 929 391 732 597 520 150 362 915 462 637 771 110 272 516 715 845 492 326 400 580 314 879 741 584 333 643 676 212
702 640 722 1077 725 705 353 482 603 196 760 716 142 384 1045 377 794 793 816 281 554 864 641 81 120 632 469 1097 906 0 694 703 986 492 234 850 746 138 326 430 1136 414 517 523 53 128 939 1086 809 296 714 848 807 313 788 894 859 327 502 713 733 300 27 509 64 662 788 402 248 290 169 872 853 740 894 839 814 888 560 977 570 958 807 306 821 274 756 560 50 956 109 915 215 440 799 464 558 760 746 511 5 570 621 1085 388 560 802 652 771 626 687 349 533 621 620 243 866 794 285 811 850 401 549 392 701 238 363 872 680 739 503 744 644 838 1098 942 624 372 99 197 638 903 552 381 574 717 1140 672 684 519 536 958 404 828 767 327 772 801 936 349 610 222 436 724 678 386 810 738 1080 566 418 571 1165 967 498 366 132 531 801 894 748 1018 626 358 569 693 666 695 452 846 180 683 117 461 761 587 514 832 91 675 460 340 571 985 525 86 320 321 373 624 763 858 24 971 903 830 745 229 827 831 863 859 8 614 883 587 987 763 504 218 501 445 996 820 342 651 725 205 438 573 862 791 792
678 356 219 416 69 564 468 294 555 534 831 711 671 540 355 316 516 272 331 463 645 308 210 627 769 113 269 443 215 694 0 751 497 328 503 474 813 614 551 660 506 534 304 294 733 716 260 521 360 458 60 663 308 569 843 206 167 395 372 238 278 393 721 725 650 558 169 511 480 661 568 504 290 95 211 867 540 462 339 396 490 277 225 575 272 424 91 410 702 276 587 287 481 601 242 304 452 139 654 205 699 526 450 492 385 279 502 755 129 194 9 524 473 155 258 550 357 128 608 216 439 466 642 400 15 457 470 206 634 264 191 388 377 383 485 248 202 428 618 571 366 490 678 314 239 644 473 95 511 174 460 267 290 315 123 504 182 158 242 352 87 512 362 300 710 431 120 807 403 226 286 274 541 283 515 398 694 299 130 369 73 386 628 557 432 331 130 14 255 508 628 356 782 234 734 257 244 843 627 534 432 355 129 519 445 646 535 373 680 600 126 338 714 298 413 851 284 534 567 438 235 387 702 352 621 649 294 183 364 511 699 306 435 396 365 135 781 525 418 124 618 622 156
85 402 942 878 820 214 854 820 197 748 81 57 817 936 940 642 338 1010 1065 769 155 1057 888 719 822 638 774 876 851 703 751 0 597 449 529 441 62 772 896 273 858 321 463 861 753 595 976 736 511 495 809 252 1044 898 99 831 830 737 398 952 991 625 715 208 728 199 682 931 746 415 558 1215 634 846 932 142 335 498 929 699 263 848 646 896 1018 681 729 343 661 987 687 731 668 269 620 811 303 682 146 594 704 230 302 773 469 476 360 62 880 557 742 896 289 827 494 481 579 876 900 966 475 378 160 448 743 662 865 943 124 984 679 425 1014 519 808 919 549 837 731 792 391 1216 151 669 860 134 934 817 259 677 999 955 656 1055 706 419 930 713 923 691 732 753 840 497 41 422 790 56 918 531 589 886 869 861 270 799 820 462 749 1116 739 791 124 927 320 447 842 764 591 401 824 418 813 682 82 494 535 130 733 230 364 667 659 573 319 748 408 619 336 151 877 1082 698 836 569 130 1002 508 321 1151 713 540 707 400 335 127 962 928 406 545 206 511 683 486 706 835 30 748 391 671 312 226 908
514 346 708 325 549 396 902 758 481 899 652 540 1027 986 436 677 262 742 802 859 601 750 707 949 1094 447 718 310 424 986 497 597 0 494 751 162 639 966 979 705 269 621 471 773 1037 942 572 138 179 690 546 368 778 993 645 408 439 794 484 730 767 727 1010 714 969 432 329 963 860 799 818 982 208 567 546 637 262 107 828 150 465 374 272 996 730 784 412 438 969 572 905 256 818 648 256 762 456 358 451 529 990 489 396 181 598 431 241 641 583 397 494 960 489 650 375 756 143 558 1021 666 143 599 601 593 482 798 908 581 486 751 599 245 875 149 220 487 394 865 950 947 351 957 634 693 728 465 366 593 373 583 945 526 665 778 377 673 649 350 499 736 554 886 818 267 569 602 433 639 379 444 609 764 275 385 542 826 1044 457 392 813 432 244 527 996 437 292 627 511 581 196 1002 304 1099 638 531 409 495 611 956 400 537 724 522 33 483 977 693 707 763 502 586 792 996 348 90 623 771 760 276 918 286 130 993 372 281 578 512 654 482 767 692 551 112 166 754 632 616 893 552 530 299 373 602
390 156 496 614 392 309 459 380 256 415 530 421 536 547 617 222 339 567 619 394 324 620 439 455 599 219 333 628 492 492 328 449 494 0 258 370 512 476 524 332 655 207 29 418 543 462 582 595 317 197 380 447 599 533 548 474 455 339 51 505 543 246 517 396 475 283 335 533 385 356 327 765 370 417 534 581 364 400 485 491 189 521 335 535 578 308 340 118 479 596 411 446 331 273 322 374 151 317 390 145 496 220 186 598 103 73 340 441 453 163 319 513 159 379 133 274 374 457 553 533 363 145 320 103 325 312 469 534 348 537 230 258 567 346 614 548 158 432 456 465 156 767 354 247 411 370 679 376 264 227 570 577 226 612 334 202 494 358 548 282 289 407 413 233 408 123 406 505 630 107 155 439 682 532 191 390 551 42 377 676 343 544 325 548 141 202 397 339 146 376 516 195 604 238 454 103 88 560 463 273 103 262 216 495 130 483 230 229 359 301 448 641 504 524 411 565 554 273 385 701 402 367 500 130 446 333 595 490 44 274 370 74 506 329 300 389 480 411 92 226 431 391 481
508 406 589 858 549 487 341 377 392 218 599 529 303 415 840 208 565 665 701 250 374 731 511 210 347 422 343 876 705 234 503 529 751 258 0 617 583 249 370 283 909 211 285 423 286 214 761 853 575 61 537 633 687 370 625 691 661 241 268 587 616 142 259 372 226 446 571 415 222 193 70 801 625 568 714 672 586 653 481 747 348 749 583 367 686 172 551 328 220 778 169 693 141 262 573 362 330 545 541 303 238 355 392 855 154 328 572 490 603 402 495 374 309 472 389 65 633 619 370 661 615 176 369 157 507 142 353 700 478 618 324 510 573 603 869 750 399 334 216 263 403 820 384 227 454 513 923 506 460 337 511 771 236 705 556 112 620 587 745 219 429 225 364 491 497 153 610 574 867 340 217 466 937 759 285 304 312 299 594 774 547 794 430 402 339 459 511 508 248 614 299 448 349 293 572 356 291 659 221 454 229 198 374 750 297 240 121 152 255 421 596 736 245 758 669 660 629 36 601 748 644 625 242 379 659 403 797 613 270 17 354 220 764 585 225 497 556 219 206 379 639 575 628
356 214 693 445 538 235 812 690 319 785 501 384 906 899 529 576 102 742 802 757 438 765 674 822 963 392 646 439 475 850 474 441 162 370 617 0 487 846 883 544 417 468 352 714 903 796 620 299 116 556 531 234 778 895 498 455 473 696 349 712 752 615 874 551 841 269 331 879 752 644 681 978 232 560 584 497 109 57 775 262 307 447 275 897 736 675 407 291 829 625 778 321 701 489 249 691 303 348 296 441 854 328 240 332 468 320 80 481 585 320 468 868 335 611 276 613 158 566 918 674 42 454 438 460 460 682 819 610 326 738 524 113 836 102 366 543 314 779 825 835 214 961 471 597 679 307 497 567 210 510 884 583 571 782 373 529 648 360 553 637 507 776 742 181 410 464 450 486 491 349 506 714 429 460 385 738 920 339 404 828 424 358 364 904 286 177 600 489 483 45 886 175 966 555 380 306 395 470 831 237 392 621 457 146 332 851 545 596 604 340 586 802 859 428 131 482 758 621 130 912 324 114 858 240 162 415 578 651 348 634 530 436 243 79 656 601 462 780 412 467 169 224 608
139 462 1004 928 882 268 911 881 259 801 18 107 865 992 995 702 385 1073 1127 825 209 1119 951 767 864 700 835 925 909 746 813 62 639 512 583 487 0 821 951 315 904 376 525 923 795 634 1036 778 563 552 871 280 1106 952 42 888 889 796 460 1015 1054 683 757 240 774 258 740 988 801 456 607 1277 688 907 991 93 378 543 990 747 326 904 703 950 1080 738 789 405 702 1046 737 785 722 320 677 872 365 741 190 657 747 292 363 817 529 538 407 94 942 619 804 952 352 890 555 531 630 937 953 1028 523 436 215 508 805 718 923 1004 182 1047 741 480 1075 569 853 977 610 895 780 844 451 1278 198 730 922 184 983 879 316 739 1058 1013 717 1117 765 473 992 771 982 750 794 807 900 554 103 482 850 8 970 593 650 948 913 916 331 857 866 525 808 1178 799 841 186 983 382 506 904 826 653 445 874 476 854 744 108 556 597 91 781 287 425 726 722 613 381 795 461 678 375 213 939 1145 740 891 616 86 1064 559 362 1213 769 590 750 461 367 186 1019 990 468 598 245 573 730 537 765 897 31 802 452 733 345 265 969
756 632 610 1016 634 736 219 368 642 80 837 775 60 245 969 306 805 677 694 161 617 749 529 64 158 571 364 1039 829 138 614 772 966 476 249 846 821 0 188 509 1087 459 496 404 145 253 844 1053 787 301 624 882 688 175 864 819 781 222 500 598 613 241 157 594 74 696 730 264 136 381 214 739 811 646 801 912 828 876 433 937 596 888 758 168 706 192 686 568 183 861 84 861 148 502 755 350 575 700 790 456 143 605 635 1045 379 534 810 727 674 583 608 211 557 518 591 290 836 700 151 703 839 425 612 390 623 170 229 775 728 622 425 735 513 817 1053 858 583 244 46 60 632 772 622 302 461 762 1078 576 706 443 399 868 328 708 703 361 667 739 849 261 526 104 313 699 742 396 734 813 1013 527 364 453 1118 895 535 246 80 510 732 773 676 966 678 220 582 677 566 612 397 849 53 672 175 380 819 557 474 902 50 702 474 262 501 970 542 52 365 262 461 670 666 738 163 904 879 901 626 265 845 700 807 837 143 606 904 648 900 657 500 232 582 415 961 804 249 550 797 89 447 501 885 824 693
866 675 484 967 551 820 82 261 739 158 968 890 204 57 896 307 863 542 547 131 742 612 410 250 314 543 281 993 760 326 551 896 979 524 370 883 951 188 0 652 1053 575 535 280 326 438 743 1044 803 400 543 964 545 20 993 754 711 187 562 468 473 282 344 740 262 785 697 80 150 540 364 565 798 555 706 1038 888 903 285 921 683 827 737 29 574 221 636 635 370 761 250 827 228 631 741 248 654 665 888 449 331 700 704 1026 448 563 863 860 577 581 547 31 644 421 609 428 839 607 65 585 867 523 736 466 563 234 82 674 831 485 385 770 350 833 1026 775 584 122 231 132 678 603 754 287 345 863 1024 488 782 403 221 777 314 566 660 477 553 697 763 245 465 145 192 716 862 483 670 943 953 537 377 325 1086 832 637 155 228 547 679 626 622 931 789 34 654 706 468 545 401 896 152 709 337 343 931 577 489 1024 236 785 557 262 466 989 623 240 491 296 616 775 569 594 350 849 889 1026 485 398 909 533 773 849 331 651 970 768 812 543 559 356 724 451 952 828 227 453 924 154 528 462 955 907 589
285 391 807 912 722 332 624 633 230 496 330 292 550 698 937 449 456 882 928 533 134 941 739 452 549 552 591 920 819 430 660 273 705 332 283 544 315 509 652 0 928 125 359 678 480 322 915 834 559 270 709 456 910 651 358 800 785 517 295 811 846 407 442 88 459 288 655 699 505 142 295 1053 657 745 867 408 468 597 742 758 241 840 641 647 897 452 671 292 388 929 424 747 425 62 621 620 259 641 341 463 431 216 311 855 290 394 473 221 782 490 651 657 225 686 442 224 630 788 647 857 563 195 130 270 657 425 635 866 274 844 528 471 833 580 881 878 483 615 466 537 381 1064 123 475 694 312 975 698 337 532 788 908 471 926 661 190 817 681 879 483 611 506 634 503 252 238 737 307 938 439 417 713 949 852 170 581 550 367 705 992 675 833 217 685 282 453 714 669 434 521 562 428 540 514 337 423 416 402 467 315 230 459 540 691 243 480 166 409 67 227 777 956 425 838 644 399 859 254 471 994 711 604 434 372 514 168 925 813 303 296 72 361 759 551 494 703 294 499 241 549 490 405 810
774 540 668 117 528 649 970 801 720 1010 918 802 1147 1045 252 780 520 675 727 952 841 657 698 1084 1231 517 772 85 329 1136 506 858 269 655 909 417 904 1087 1053 928 0 826 627 800 1183 1118 445 141 369 850 531 637 706 1070 913 324 369 883 664 692 721 847 1162 952 1106 679 357 1017 962 999 980 901 285 535 443 907 525 360 839 170 689 254 329 1075 652 894 417 640 1129 438 1040 226 941 868 336 810 669 389 713 631 1141 719 618 88 756 583 498 897 534 509 508 1028 703 656 522 930 297 501 1106 593 384 787 841 759 492 918 973 485 742 703 671 459 858 351 50 361 511 931 1080 1054 548 865 876 788 741 724 116 587 616 653 961 390 760 698 392 855 593 355 377 831 588 992 868 431 827 777 396 903 170 570 724 775 35 256 759 897 1167 613 376 712 433 121 775 1061 646 477 618 515 690 458 1111 500 1241 716 796 553 621 880 1088 645 727 826 590 300 689 1109 880 825 979 748 540 703 1151 224 292 892 721 928 542 845 280 327 1144 562 551 823 361 601 659 923 928 691 175 382 847 629 879 1003 735 593 568 639 541
