6
0 709 104 572 437 772
709 0 618 363 455 63
104 618 0 524 406 681
572 363 524 0 149 400
437 455 406 149 0 503
772 63 681 400 503 0
