60
0 520 574 177 100 657 212 334 196 659 236 691 576 651 663 404 642 748 570 271 525 188 263 384 618 302 447 151 699 749 432 838 620 499 820 216 787 650 579 523 484 477 576 386 481 660 90 581 925 297 706 698 246 931 516 243 483 537 411 40
520 0 617 635 602 149 309 852 337 154 599 284 60 298 657 116 224 555 696 410 61 597 278 168 586 500 650 567 332 526 95 446 445 230 453 548 493 750 217 662 110 46 535 161 211 276 515 747 502 742 676 564 563 471 394 722 364 193 189 536
574 617 0 749 662 748 513 798 475 754 386 513 667 443 92 555 841 1127 106 324 672 437 459 642 86 271 187 452 945 1109 546 553 998 790 513 775 414 134 819 110 687 581 103 636 765 479 486 167 646 497 138 213 804 708 231 798 872 783 693 615
177 635 749 0 88 755 352 252 352 755 388 843 684 809 839 527 707 724 737 448 624 334 416 476 795 477 610 305 740 735 559 997 609 550 982 131 957 817 638 691 573 598 754 481 539 814 262 742 1080 391 882 875 147 1078 691 87 488 601 486 137
100 602 662 88 0 732 302 251 292 734 299 788 656 749 753 489 702 762 649 369 600 245 359 454 711 392 521 217 747 769 519 937 640 551 919 181 887 729 635 603 554 562 671 458 536 757 177 653 1023 313 797 795 206 1027 616 143 510 595 473 68
657 149 748 755 732 0 450 984 483 7 749 325 89 367 778 262 145 509 833 560 132 745 426 279 707 649 795 714 249 473 245 464 426 254 484 654 552 882 188 802 182 196 658 274 248 334 660 886 493 891 791 665 664 437 518 842 392 195 273 669
212 309 513 352 302 450 0 547 45 453 323 491 366 458 589 192 456 644 549 196 320 306 69 195 528 282 455 271 532 634 219 646 511 337 633 307 617 623 403 505 288 265 478 194 314 462 210 582 727 449 625 575 332 726 376 435 375 360 236 234
334 852 798 252 251 984 547 0 530 986 413 1021 907 975 890 738 951 973 752 565 852 366 597 706 863 551 623 364 990 986 766 1160 861 797 1138 383 1092 827 883 711 806 811 834 710 784 988 371 736 1250 320 936 968 395 1262 811 181 740 844 724 316
196 337 475 352 292 483 45 530 0 486 280 495 397 457 553 221 497 690 507 154 355 266 67 237 495 237 410 232 575 680 244 645 557 382 630 324 606 582 445 462 328 292 446 235 358 465 177 538 730 410 591 549 351 735 353 431 420 402 280 224
659 154 754 755 734 7 453 986 486 0 753 332 94 374 785 266 139 503 839 565 134 749 430 280 714 654 801 718 242 467 249 470 421 251 491 654 559 888 183 808 182 201 665 276 246 341 663 892 499 894 798 672 663 442 525 843 388 192 273 671
236 599 386 388 299 749 323 413 280 753 0 674 660 616 478 488 777 952 354 201 627 54 325 517 450 147 224 85 856 947 504 790 820 661 762 452 699 433 726 309 606 553 422 516 638 638 150 354 885 152 524 557 482 915 419 421 681 683 560 272
691 284 513 843 788 325 491 1021 495 332 674 0 288 69 513 340 464 823 615 475 340 695 429 434 448 535 625 678 573 791 306 165 723 513 169 784 226 642 485 598 394 290 410 426 496 36 651 675 237 827 513 370 805 243 295 925 648 471 467 720
576 60 667 684 656 89 366 907 397 94 660 288 0 315 702 175 185 536 749 470 66 657 338 210 631 559 707 627 296 504 155 443 435 233 456 591 508 800 196 716 127 107 581 204 219 288 574 801 489 802 718 599 604 448 440 772 372 184 218 590
651 298 443 809 749 367 458 975 457 374 616 69 315 0 445 329 499 850 545 420 359 640 393 431 379 474 557 625 609 820 298 187 743 528 175 760 194 573 510 529 406 293 340 422 508 37 604 605 275 769 447 307 782 299 226 889 657 491 469 681
663 657 92 839 753 778 589 890 553 785 478 513 702 445 0 609 882 1185 167 406 715 529 530 701 71 361 274 544 989 1164 595 525 1059 846 482 860 376 145 867 190 737 625 123 695 821 483 576 220 613 586 46 164 890 684 263 889 937 833 752 704
404 116 555 527 489 262 192 738 221 266 488 340 175 329 609 0 300 577 622 308 139 483 164 104 539 400 560 452 396 555 33 504 453 237 501 451 516 683 266 584 133 72 486 96 212 320 399 668 574 628 634 542 469 558 351 613 342 228 150 422
642 224 841 707 702 145 456 951 497 139 777 464 185 499 882 300 0 364 916 607 168 763 454 262 811 700 860 728 110 328 299 608 286 159 627 592 689 973 71 880 171 260 760 262 168 469 665 964 638 906 900 784 595 579 619 793 277 107 230 645
748 555 1127 724 762 509 644 973 690 503 952 823 536 850 1185 577 364 0 1183 837 493 920 679 485 1116 926 1099 881 268 42 593 972 133 339 989 592 1044 1251 339 1141 455 573 1063 491 364 824 809 1221 1001 1045 1211 1113 578 939 928 792 271 362 434 731
570 696 106 737 649 833 549 752 507 839 354 615 749 545 167 622 916 1183 0 353 747 409 504 700 190 277 130 432 1017 1167 617 660 1052 851 620 781 520 80 888 47 755 656 209 694 826 581 479 61 753 438 209 316 811 815 325 776 921 850 751 610
271 410 324 448 369 560 196 565 154 565 201 475 470 420 406 308 607 837 353 0 447 219 159 363 353 93 262 206 697 824 317 601 704 514 576 454 527 427 566 308 437 364 308 359 490 440 198 386 693 354 447 427 484 718 248 512 570 524 411 310
525 61 672 624 600 132 320 852 355 134 627 340 66 359 715 139 168 493 747 447 0 620 302 148 644 538 695 587 274 464 132 500 384 173 510 528 553 804 155 712 60 91 593 143 156 335 530 796 551 765 735 625 540 513 452 712 310 132 151 536
188 597 437 334 245 745 306 366 266 749 54 695 657 640 529 483 763 920 409 219 620 0 319 501 498 186 278 39 837 917 502 818 789 639 792 403 735 488 709 364 594 551 468 501 618 659 110 409 912 145 575 602 432 937 453 367 650 666 540 222
263 278 459 416 359 426 69 597 67 430 325 429 338 393 530 164 454 679 504 159 302 319 0 204 467 251 422 289 540 665 183 581 547 355 566 376 548 575 409 462 283 232 416 200 331 399 240 542 664 464 564 508 401 668 308 496 416 367 252 291
384 168 642 476 454 279 195 706 237 280 517 434 210 431 701 104 262 485 700 363 148 501 204 0 633 455 624 466 338 468 133 599 357 152 600 381 620 766 208 659 100 146 580 8 127 418 402 741 664 644 729 643 395 639 449 564 240 165 51 393
618 586 86 795 711 707 528 863 495 714 450 448 631 379 71 539 811 1116 190 353 644 498 467 633 0 320 269 509 918 1095 525 473 990 776 432 808 331 196 796 196 666 554 52 626 752 417 534 250 565 572 97 127 837 630 192 850 870 763 684 658
302 500 271 477 392 649 282 551 237 654 147 535 559 474 361 400 700 926 277 93 538 186 251 455 320 0 173 190 790 914 407 644 793 607 615 507 551 355 659 230 530 454 285 452 582 498 215 302 739 296 405 417 537 773 271 529 658 617 504 343
447 650 187 610 521 795 455 623 410 801 224 625 707 557 274 560 860 1099 130 262 695 278 422 624 269 173 0 304 955 1087 562 700 966 777 664 661 577 209 824 88 693 606 262 620 752 589 356 134 796 312 320 393 691 846 331 646 831 784 674 486
151 567 452 305 217 714 271 364 232 718 85 678 627 625 544 452 728 881 432 206 587 39 289 466 509 190 304 0 800 878 472 807 749 602 782 367 729 512 673 386 560 521 475 465 580 643 71 437 899 178 590 606 397 921 448 346 611 630 504 187
699 332 945 740 747 249 532 990 575 242 856 573 296 609 989 396 110 268 1017 697 274 837 540 338 918 790 955 800 0 229 400 713 221 200 733 616 798 1076 131 980 262 365 867 341 220 578 734 1064 736 977 1009 894 614 671 726 823 267 173 296 697
749 526 1109 735 769 473 634 986 680 467 947 791 504 820 1164 555 328 42 1167 824 464 917 665 468 1095 914 1087 878 229 0 570 937 129 318 955 603 1013 1234 309 1126 430 547 1042 473 343 792 807 1207 964 1045 1189 1088 590 901 905 806 267 335 417 734
432 95 546 559 519 245 219 766 244 249 504 306 155 298 595 33 299 593 617 317 132 502 183 133 525 407 562 472 400 570 0 471 472 254 469 484 486 676 273 581 141 48 472 124 230 287 422 665 540 647 619 521 503 524 335 645 368 238 175 452
838 446 553 997 937 464 646 1160 645 470 790 165 443 187 525 504 608 972 660 601 500 818 581 599 473 644 700 807 713 937 471 0 879 674 43 945 155 667 638 654 556 455 451 591 657 185 789 721 96 941 510 362 966 159 378 1077 810 628 631 869
620 445 998 609 640 426 511 861 557 421 820 723 435 743 1059 453 286 133 1052 704 384 789 547 357 990 793 966 749 221 129 472 879 0 218 892 477 938 1120 241 1009 339 457 937 364 241 720 678 1089 918 916 1086 993 466 863 804 682 138 252 306 605
499 230 790 550 551 254 337 797 382 251 661 513 233 528 846 237 159 339 851 514 173 639 355 152 776 607 777 602 200 318 254 674 218 0 683 433 723 916 88 811 121 239 723 157 25 506 534 893 722 778 872 775 436 679 588 636 140 59 103 498
820 453 513 982 919 484 633 1138 630 491 762 169 456 175 482 501 627 989 620 576 510 792 566 600 432 615 664 782 733 955 469 43 892 683 0 935 111 625 652 615 564 457 411 592 665 182 767 681 133 911 467 319 957 202 345 1060 818 640 635 852
216 548 775 131 181 654 307 383 324 654 452 784 591 760 860 451 592 592 781 454 528 403 376 381 808 507 661 367 616 603 484 945 477 433 935 0 924 861 521 734 472 517 762 387 424 759 305 796 1021 491 901 872 30 1009 677 208 358 486 381 180
787 493 414 957 887 552 617 1092 606 559 699 226 508 194 376 516 689 1044 520 527 553 735 548 620 331 551 577 729 798 1013 486 155 938 723 111 924 0 520 704 521 601 486 317 611 702 220 725 581 237 844 358 211 949 314 281 1030 850 686 660 822
650 750 134 817 729 882 623 827 582 888 433 642 800 573 145 683 973 1251 80 427 804 488 575 766 196 355 209 512 1076 1234 676 667 1120 916 625 861 520 0 949 126 816 712 232 760 891 609 559 96 757 510 174 309 891 825 365 855 991 912 817 690
579 217 819 638 635 188 403 883 445 183 726 485 196 510 867 266 71 339 888 566 155 709 409 208 796 659 824 673 131 309 273 638 241 88 652 521 704 949 0 851 132 242 744 210 99 484 608 934 676 851 889 781 524 624 605 724 210 43 169 580
523 662 110 691 603 802 505 711 462 808 309 598 716 529 190 584 880 1141 47 308 712 364 462 659 196 230 88 386 980 1126 581 654 1009 811 615 734 521 126 851 0 718 621 204 654 786 563 433 84 749 400 235 324 764 806 304 731 877 812 710 563
484 110 687 573 554 182 288 806 328 182 606 394 127 406 737 133 171 455 755 437 60 594 283 100 666 530 693 560 262 430 141 556 339 121 564 472 601 816 132 718 0 118 614 97 101 386 499 801 610 738 760 658 483 573 476 661 254 96 92 493
477 46 581 598 562 196 265 811 292 201 553 290 107 293 625 72 260 573 656 364 91 551 232 146 554 454 606 521 365 547 48 455 457 239 457 517 486 712 242 621 118 0 502 138 217 276 470 706 518 696 646 540 533 494 362 684 364 212 177 495
576 535 103 754 671 658 478 834 446 665 422 410 581 340 123 486 760 1063 209 308 593 468 416 580 52 285 262 475 867 1042 472 451 937 723 411 762 317 232 744 204 614 502 0 573 699 377 495 270 545 552 149 135 791 605 140 812 817 710 631 616
386 161 636 481 458 274 194 710 235 276 516 426 204 422 695 96 262 491 694 359 143 501 200 8 626 452 620 465 341 473 124 591 364 157 592 387 611 760 210 654 97 138 573 0 132 410 403 736 656 644 722 636 401 631 442 568 247 167 57 395
481 211 765 539 536 248 314 784 358 246 638 496 219 508 821 212 168 364 826 490 156 618 331 127 752 582 752 580 220 343 230 657 241 25 665 424 702 891 99 786 101 217 699 132 0 487 514 868 708 757 847 751 429 667 564 625 153 62 79 481
660 276 479 814 757 334 462 988 465 341 638 36 288 37 483 320 469 824 581 440 335 659 399 418 417 498 589 643 578 792 287 185 720 506 182 759 220 609 484 563 386 276 377 410 487 0 617 640 265 791 485 345 780 278 259 895 638 467 453 689
90 515 486 262 177 660 210 371 177 663 150 651 574 604 576 399 665 809 479 198 530 110 240 402 534 215 356 71 734 807 422 789 678 534 767 305 725 559 608 433 499 470 495 403 514 617 0 490 879 243 620 620 335 894 447 317 540 565 438 130
581 747 167 742 653 886 582 736 538 892 354 675 801 605 220 668 964 1221 61 386 796 409 542 741 250 302 134 437 1064 1207 665 721 1089 893 681 796 581 96 934 84 801 706 270 736 868 640 490 0 814 417 258 375 826 876 384 774 956 895 791 620
925 502 646 1080 1023 493 727 1250 730 499 885 237 489 275 613 574 638 1001 753 693 551 912 664 664 565 739 796 899 736 964 540 96 918 722 133 1021 237 757 676 749 610 518 545 656 708 265 879 814 0 1036 595 449 1041 92 474 1161 861 672 691 955
297 742 497 391 313 891 449 320 410 894 152 827 802 769 586 628 906 1045 438 354 765 145 464 644 572 296 312 178 977 1045 647 941 916 778 911 491 844 510 851 400 738 696 552 644 757 791 243 417 1036 0 633 688 518 1068 566 392 778 808 681 319
706 676 138 882 797 791 625 936 591 798 524 513 718 447 46 634 900 1211 209 447 735 575 564 729 97 405 320 590 1009 1189 619 510 1086 872 467 901 358 174 889 235 760 646 149 722 847 485 620 258 595 633 0 148 931 670 284 934 967 856 780 747
698 564 213 875 795 665 575 968 549 672 557 370 599 307 164 542 784 1113 316 427 625 602 508 643 127 417 393 606 894 1088 521 362 993 775 319 872 211 309 781 324 658 540 135 636 751 345 620 375 449 688 148 0 900 521 200 938 884 752 692 737
246 563 804 147 206 664 332 395 351 663 482 805 604 782 890 469 595 578 811 484 540 432 401 395 837 537 691 397 614 590 503 966 466 436 957 30 949 891 524 764 483 533 791 401 429 780 335 826 1041 518 931 900 0 1027 704 216 352 491 390 210
931 471 708 1078 1027 437 726 1262 735 442 915 243 448 299 684 558 579 939 815 718 513 937 668 639 630 773 846 921 671 901 524 159 863 679 202 1009 314 825 624 806 573 494 605 631 667 278 894 876 92 1068 670 521 1027 0 517 1161 819 625 660 958
516 394 231 691 616 518 376 811 353 525 419 295 440 226 263 351 619 928 325 248 452 453 308 449 192 271 331 448 726 905 335 378 804 588 345 677 281 365 605 304 476 362 140 442 564 259 447 384 474 566 284 200 704 517 0 759 689 572 499 553
243 722 798 87 143 842 435 181 431 843 421 925 772 889 889 613 793 792 776 512 712 367 496 564 850 529 646 346 823 806 645 1077 682 636 1060 208 1030 855 724 731 661 684 812 568 625 895 317 774 1161 392 934 938 216 1161 759 0 566 687 573 208
483 364 872 488 510 392 375 740 420 388 681 648 372 657 937 342 277 271 921 570 310 650 416 240 870 658 831 611 267 267 368 810 138 140 818 358 850 991 210 877 254 364 817 247 153 638 540 956 861 778 967 884 352 819 689 566 0 196 192 470
537 193 783 601 595 195 360 844 402 192 683 471 184 491 833 228 107 362 850 524 132 666 367 165 763 617 784 630 173 335 238 628 252 59 640 486 686 912 43 812 96 212 710 167 62 467 565 895 672 808 856 752 491 625 572 687 196 0 126 539
411 189 693 486 473 273 236 724 280 273 560 467 218 469 752 150 230 434 751 411 151 540 252 51 684 504 674 504 296 417 175 631 306 103 635 381 660 817 169 710 92 177 631 57 79 453 438 791 691 681 780 692 390 660 499 573 192 126 0 415
40 536 615 137 68 669 234 316 224 671 272 720 590 681 704 422 645 731 610 310 536 222 291 393 658 343 486 187 697 734 452 869 605 498 852 180 822 690 580 563 493 495 616 395 481 689 130 620 955 319 747 737 210 958 553 208 470 539 415 0
