18
0 538 380 207 70 403 322 131 83 540 536 259 352 409 332 415 386 562
538 0 902 453 546 638 791 412 531 439 13 545 188 381 610 839 523 52
380 902 0 566 409 470 409 510 371 899 902 421 723 657 608 512 710 932
207 453 566 0 157 576 340 137 272 335 446 428 274 489 186 386 187 458
70 546 409 157 0 473 271 135 152 493 542 329 357 463 263 356 324 564
403 638 470 576 473 0 691 441 320 864 644 148 525 271 733 797 764 685
322 791 409 340 271 691 0 400 395 598 784 563 606 731 258 110 386 798
131 412 510 137 135 441 400 0 160 437 409 294 224 359 315 473 323 433
83 531 371 272 152 320 395 160 0 595 530 176 353 344 413 493 458 561
540 439 899 335 493 864 598 437 595 0 426 723 377 694 342 587 213 405
536 13 902 446 542 644 784 409 530 426 0 549 185 389 601 831 512 42
259 545 421 428 329 148 563 294 176 723 549 0 406 236 586 665 616 588
352 188 723 274 357 525 606 224 353 377 185 406 0 318 447 660 384 210
409 381 657 489 463 271 731 359 344 694 389 236 318 0 673 819 657 432
332 610 608 186 263 733 258 315 413 342 601 586 447 673 0 250 129 604
415 839 512 386 356 797 110 473 493 587 831 665 660 819 250 0 377 840
386 523 710 187 324 764 386 323 458 213 512 616 384 657 129 377 0 509
562 52 932 458 564 685 798 433 561 405 42 588 210 432 604 840 509 0
