232
0 775 150 618 782 988 510 479 722 646 360 106 358 574 682 334 63 859 417 59 60 725 471 552 452 154 586 715 305 917 698 154 608 333 587 134 788 324 506 272 696 546 550 779 258 574 245 807 605 423 496 331 65 568 591 532 574 499 67 618 400 389 876 146 449 591 398 724 371 815 638 670 931 75 542 478 470 474 630 273 419 351 481 774 914 449 693 83 371 207 170 167 586 236 555 723 166 790 616 751 525 665 816 459 566 424 799 177 795 957 645 240 615 683 94 366 355 270 205 580 449 52 739 471 426 895 579 678 539 129 198 533 593 137 198 488 969 650 709 543 706 165 465 170 902 875 857 246 105 654 442 185 64 880 793 353 608 124 491 350 485 411 511 598 426 548 579 517 462 684 195 515 843 823 351 495 720 786 46 665 821 707 868 419 505 534 154 315 699 533 754 166 274 702 645 287 262 226 707 335 624 377 559 514 553 750 411 502 552 431 604 366 258 409 917 630 620 666 311 504 581 524 529 189 684 632 232 492 274 394 794 640
775 0 843 240 290 630 911 537 111 285 788 880 437 203 789 483 742 100 467 716 836 63 529 483 850 628 241 632 748 557 448 911 767 459 301 820 742 630 791 753 147 1095 1068 745 606 247 685 468 205 634 1009 712 733 566 579 685 961 522 716 504 395 972 669 852 593 355 874 331 611 336 623 254 600 848 256 702 1009 487 538 917 625 862 623 168 530 553 793 809 449 801 605 632 331 541 519 54 617 38 277 56 394 607 719 319 972 1017 158 848 567 675 252 547 165 334 852 712 863 868 844 977 536 820 467 443 353 570 789 202 236 786 678 863 306 661 775 874 664 340 303 307 615 921 1042 857 469 277 123 565 776 199 591 640 732 584 260 943 1081 826 301 468 314 437 936 708 368 998 546 264 425 354 587 313 612 47 544 286 81 159 801 711 723 201 272 591 298 273 686 651 297 294 292 774 743 693 453 945 516 551 210 872 385 416 553 1044 241 153 966 465 911 403 856 929 813 434 628 176 253 267 586 830 1032 253 600 925 327 575 583 370 794 428 409 555
150 843 0 653 797 953 378 618 807 666 248 130 406 639 590 365 125 916 421 183 141 786 443 529 328 272 683 657 209 889 680 95 515 438 696 270 713 470 400 177 785 396 401 702 251 617 394 789 654 570 348 249 213 523 543 456 439 637 159 587 501 239 822 13 594 709 264 730 327 823 579 695 896 121 633 396 321 459 591 122 364 216 422 868 891 415 600 67 402 89 266 213 700 314 523 794 283 863 641 810 531 611 747 542 428 274 839 307 756 911 673 351 677 690 198 516 497 405 339 443 588 168 718 598 491 863 479 775 611 56 345 413 614 187 346 361 925 768 722 650 651 101 314 296 890 979 938 278 252 750 396 324 136 843 815 204 460 256 544 381 533 431 374 518 524 405 539 601 471 687 308 619 798 889 341 557 798 826 180 588 753 806 971 563 552 629 300 463 812 571 768 314 424 631 626 139 334 303 739 474 748 427 517 365 642 842 263 633 423 459 491 219 133 527 875 717 723 688 293 389 436 590 476 85 692 585 260 606 420 507 787 597
618 240 653 0 181 496 674 547 282 67 560 716 260 135 553 289 572 279 243 562 677 177 290 243 615 491 292 410 526 416 239 733 527 364 365 695 524 576 551 536 292 864 834 524 403 52 602 302 59 617 777 487 592 327 341 445 721 542 552 271 324 749 483 664 589 425 645 158 382 227 389 64 451 684 256 463 780 249 306 709 389 637 383 365 396 315 557 632 251 596 456 456 397 388 279 216 482 276 40 189 154 378 508 238 733 794 186 731 374 515 38 429 125 134 706 669 798 775 736 738 534 668 271 447 211 415 549 331 168 598 578 623 66 487 673 637 511 444 129 338 392 743 816 736 353 492 363 379 647 308 353 528 564 418 181 723 844 697 139 273 137 223 699 469 305 761 308 223 195 151 456 318 426 274 325 155 249 173 653 477 513 352 486 575 117 277 570 593 431 84 158 663 668 464 227 737 360 396 89 799 472 241 313 812 245 339 740 487 671 194 615 706 600 395 465 253 338 68 371 591 794 155 359 738 129 342 396 374 714 375 254 324
782 290 797 181 0 344 742 721 381 136 660 874 429 301 552 447 730 262 376 728 839 249 377 298 693 664 444 374 640 268 191 883 551 545 519 868 474 757 610 657 406 947 912 480 546 233 783 179 226 795 861 596 762 361 363 491 777 713 714 281 504 855 381 809 765 579 739 75 491 50 389 117 311 843 421 529 870 347 307 835 480 742 452 455 243 407 553 785 410 729 626 616 551 560 325 301 656 328 168 237 265 363 443 417 792 896 140 905 285 385 145 607 274 110 873 850 979 954 912 794 709 833 193 620 391 279 584 456 339 744 757 680 188 647 852 707 374 586 74 500 358 892 912 909 187 568 403 536 820 440 441 706 723 294 35 833 909 869 320 431 316 371 769 491 484 829 338 395 325 121 631 486 325 297 456 336 344 134 820 473 447 468 563 753 296 442 747 774 560 259 28 840 848 442 222 863 532 567 108 979 622 412 353 896 408 435 839 656 727 350 649 812 723 573 337 390 482 118 504 653 859 332 409 882 107 342 552 545 894 554 120 320
988 630 953 496 344 0 750 1042 725 431 743 1060 681 630 474 675 927 579 579 945 1036 593 517 436 730 908 782 312 753 80 297 1048 519 833 857 1100 329 1048 628 781 750 961 919 341 729 544 1055 198 553 1104 883 709 987 429 411 521 757 1037 922 369 808 922 168 966 1080 917 798 338 627 295 384 435 56 1033 752 580 905 514 361 947 589 821 533 797 101 541 468 964 646 868 863 825 889 805 433 645 903 666 465 580 486 349 279 728 778 954 472 1142 197 86 458 872 610 364 1082 1143 1252 1208 1156 773 1026 1039 254 942 680 92 565 801 664 911 1020 678 466 852 1106 726 61 929 368 833 312 1054 955 1142 160 904 732 750 1053 784 556 965 923 109 371 913 889 1097 617 663 605 599 778 478 793 826 413 720 543 352 884 815 161 627 636 643 688 470 1032 418 277 813 900 1063 590 773 998 1063 904 549 353 1087 1122 368 346 971 781 808 448 1247 962 672 435 916 740 778 896 983 716 595 611 886 843 884 86 733 823 428 677 668 844 650 478 1032 369 369 760 871 1161 861 241 355
510 911 378 674 742 750 0 900 922 648 165 507 533 734 288 479 457 951 451 514 518 848 384 446 69 566 845 441 227 711 563 455 231 663 888 642 438 786 132 252 915 213 173 426 381 665 729 649 707 884 133 234 559 381 383 252 65 913 481 463 704 201 589 389 895 923 114 666 310 745 379 683 700 499 789 214 157 425 443 288 287 162 293 1000 726 358 296 435 498 302 532 452 905 535 416 877 571 944 643 862 519 415 486 697 65 217 840 683 568 683 673 611 759 634 576 855 866 779 713 76 870 542 585 845 621 677 184 928 725 381 677 72 612 450 707 37 704 974 674 840 445 454 209 672 751 1127 1030 448 615 901 320 637 463 649 772 212 170 629 634 487 616 489 28 275 716 87 405 745 488 621 581 806 590 948 389 663 899 828 551 331 489 958 1120 865 626 796 633 786 998 619 716 676 774 382 521 299 536 527 735 846 971 550 388 165 791 972 167 889 49 522 150 183 252 763 664 851 895 672 364 88 120 699 332 415 639 415 437 821 783 735 675 436
479 537 618 547 721 1042 900 0 434 611 735 571 415 419 949 457 494 637 539 435 523 522 642 674 831 349 297 882 674 961 760 631 889 249 237 431 989 166 835 653 396 998 992 985 522 497 253 844 495 107 932 668 413 743 767 792 965 23 460 738 242 842 1002 618 60 194 807 705 624 770 826 611 994 546 303 765 914 612 768 737 672 769 717 437 944 642 958 555 460 638 372 451 211 365 701 487 340 527 576 549 582 835 994 314 965 883 651 435 895 1052 586 289 450 677 502 201 361 405 414 976 30 494 800 100 373 956 883 348 381 575 287 891 577 460 348 867 1051 240 676 232 866 642 921 450 901 486 553 455 408 342 665 294 483 956 710 805 1038 445 427 458 441 500 911 850 250 964 738 325 546 690 323 237 950 578 549 399 457 643 473 895 999 366 480 74 454 281 326 183 303 494 703 367 277 908 725 756 368 373 614 379 195 411 727 958 317 425 856 72 927 484 934 809 679 163 1002 362 287 616 552 855 1000 392 736 669 672 793 464 176 324 191 801 786
722 111 807 282 381 725 922 434 0 341 785 829 412 187 833 463 697 207 470 663 782 131 548 519 857 570 148 691 739 650 514 866 802 393 196 751 804 541 809 738 38 1092 1069 806 586 267 604 551 229 535 1009 707 674 604 621 713 976 418 667 553 325 959 748 814 492 247 872 407 613 429 671 317 691 797 181 721 1005 506 588 893 636 853 645 83 624 568 838 765 434 775 554 593 224 494 555 80 558 93 322 147 420 660 787 265 985 1005 261 775 642 764 306 485 166 401 792 617 773 786 768 992 437 763 539 345 320 659 819 91 201 750 603 880 346 620 697 884 755 229 376 211 674 877 1033 785 566 212 135 535 710 92 606 570 686 670 354 927 1089 759 288 450 306 434 944 745 298 1006 587 206 436 420 528 225 691 145 539 263 37 259 743 758 791 91 205 493 296 193 617 562 186 307 376 700 658 746 509 919 472 505 285 784 274 391 590 1042 169 57 957 362 927 400 884 917 794 349 715 92 147 329 575 846 1041 226 630 885 394 624 553 276 709 349 495 606
646 285 666 67 136 431 648 611 341 0 548 739 292 203 503 311 595 304 246 592 703 225 268 205 593 529 359 351 521 350 174 750 485 416 432 732 463 630 521 535 355 846 814 465 414 113 651 235 126 677 759 479 625 284 295 409 692 606 579 219 382 741 416 678 651 492 631 95 373 175 338 34 385 708 323 434 764 231 252 711 371 628 355 423 332 296 507 651 274 602 490 480 464 424 239 270 521 322 35 229 139 322 445 298 705 784 192 769 307 448 34 473 191 67 737 725 848 820 777 708 596 697 204 511 261 348 510 396 233 612 623 593 52 511 717 612 445 511 69 404 333 760 804 773 293 549 408 401 684 374 333 572 588 351 149 717 818 733 191 295 184 237 675 425 365 736 263 289 195 84 496 384 359 312 327 214 307 179 683 426 450 416 543 636 166 343 612 647 497 126 109 705 718 408 169 739 396 430 87 847 539 276 272 794 312 398 729 552 641 214 577 698 600 456 398 318 405 23 376 563 768 218 323 752 62 289 417 440 762 434 190 270
360 788 248 560 660 743 165 735 785 548 0 378 382 599 343 328 301 839 320 356 378 725 282 363 97 401 696 434 61 689 503 339 268 501 733 494 473 622 152 89 774 307 284 462 219 541 567 605 583 719 223 77 403 324 337 224 230 748 323 402 545 195 598 261 729 766 86 586 178 673 359 582 688 363 640 163 221 317 394 204 179 82 218 861 697 253 353 293 352 160 367 286 748 371 342 748 407 817 534 743 409 394 512 546 229 237 739 536 548 690 566 446 628 549 436 692 713 630 565 241 705 398 535 683 473 659 230 782 585 234 515 173 503 286 551 134 708 818 587 685 432 341 256 528 709 985 901 286 463 755 218 473 307 635 686 175 312 483 497 338 480 352 176 280 559 232 345 598 365 539 416 652 583 828 246 522 766 725 403 349 517 813 977 700 493 645 471 622 846 494 632 521 615 396 453 228 374 363 633 694 812 401 324 257 643 833 181 726 198 387 245 152 115 601 661 708 745 572 212 144 269 559 271 309 553 377 274 662 627 574 617 394
106 880 130 716 874 1060 507 571 829 739 378 0 457 678 717 428 144 963 502 165 49 829 544 628 458 260 692 774 335 993 777 68 642 439 692 164 836 409 530 301 802 500 512 826 335 674 324 887 706 504 465 370 162 633 654 578 567 592 165 691 506 351 938 118 535 694 393 813 434 906 696 765 1003 32 648 520 435 553 699 233 477 345 537 881 992 518 728 95 465 217 275 259 690 340 627 828 272 896 711 855 613 726 868 565 555 378 899 193 864 1023 741 346 719 772 82 434 385 289 226 570 542 76 817 572 530 969 608 784 644 152 284 543 687 228 251 492 1036 753 801 649 766 77 419 179 985 981 964 338 166 761 505 283 152 951 888 319 576 148 592 444 585 502 502 642 533 528 647 623 551 772 301 621 910 928 430 598 826 886 97 711 874 814 973 506 606 640 245 397 804 631 846 222 335 752 724 237 365 329 805 360 726 477 625 477 659 857 379 600 553 525 622 339 263 513 985 736 726 760 385 520 557 628 589 115 773 696 322 596 320 499 878 706
358 437 406 260 429 681 533 415 412 292 382 457 0 234 534 54 313 511 124 302 417 380 226 267 465 236 313 473 331 604 384 479 478 169 354 439 576 374 441 327 396 685 665 572 174 217 374 486 250 446 604 305 333 328 353 380 594 421 292 336 182 548 608 415 434 393 467 378 227 467 412 314 628 425 257 362 597 198 362 482 267 444 304 482 594 227 543 377 44 365 197 199 372 131 290 389 229 459 260 404 194 424 585 164 599 593 441 477 507 672 288 190 271 339 446 468 570 532 486 608 391 407 427 336 92 589 477 400 210 349 339 506 241 230 429 496 677 441 359 307 458 489 623 481 569 604 538 127 391 373 253 285 305 581 437 516 694 440 138 46 129 87 552 435 188 612 326 216 141 344 206 273 562 483 147 152 398 429 393 479 590 431 597 411 148 262 322 386 465 175 402 414 440 493 338 509 104 137 349 566 442 21 313 637 261 455 547 382 549 86 534 506 382 255 625 329 362 311 170 470 648 187 320 489 338 382 146 294 480 226 460 378
574 203 639 135 301 630 734 419 187 203 599 678 234 0 658 282 539 285 283 515 635 150 364 344 670 430 157 532 555 550 372 708 621 272 230 628 647 469 623 556 183 906 882 646 406 96 509 437 77 497 822 522 536 428 447 530 789 412 513 388 217 776 617 648 465 289 686 292 426 351 501 195 587 646 121 535 819 321 422 716 449 669 460 267 530 382 664 605 250 599 404 428 261 339 379 154 419 224 172 177 241 495 636 130 797 822 246 659 508 651 172 354 41 270 654 559 699 690 659 804 409 620 406 319 149 550 635 209 41 583 494 694 185 458 592 697 647 310 262 202 515 718 849 666 483 395 304 362 582 183 419 450 529 554 291 746 902 633 102 268 119 247 757 566 193 818 413 94 249 287 390 185 561 250 352 82 167 236 602 586 641 235 388 455 108 142 496 488 303 124 284 587 572 580 353 744 313 349 194 704 336 213 413 856 110 239 773 355 740 212 700 734 614 277 601 127 205 202 391 659 854 50 449 721 265 456 380 244 621 262 389 441
682 789 590 553 552 474 288 949 833 503 343 717 534 658 0 492 619 800 413 663 712 728 311 314 289 674 801 186 382 447 360 682 75 700 862 815 150 879 193 416 838 492 448 138 458 567 847 414 603 966 420 352 711 229 211 160 285 955 631 285 715 481 307 603 962 911 365 481 336 538 166 535 428 700 749 205 445 348 252 539 284 401 232 916 467 307 10 628 490 500 631 560 887 602 278 769 675 826 513 733 416 188 199 674 306 504 677 859 312 400 536 685 668 463 768 965 1020 947 884 300 923 727 364 870 597 412 114 867 666 568 798 217 487 574 857 273 423 950 501 819 198 685 497 853 506 1045 912 514 777 841 284 747 621 382 587 482 415 806 576 491 557 455 315 99 717 355 245 704 422 444 672 789 319 815 402 610 802 667 728 78 203 893 1038 936 557 763 761 886 957 533 532 829 905 115 339 558 589 598 584 1005 962 541 244 449 746 889 450 917 247 479 140 452 458 790 388 785 854 523 412 219 371 640 216 652 469 215 513 823 928 761 456 235
334 483 365 289 447 675 479 457 463 311 328 428 54 282 492 0 284 552 97 282 392 424 191 247 410 232 367 446 277 600 378 443 433 208 408 429 545 398 390 274 449 632 611 539 123 251 387 485 288 477 550 250 319 297 322 335 540 464 267 317 231 495 589 376 470 445 413 390 175 481 380 337 620 397 311 312 544 171 339 434 218 391 259 535 593 186 501 343 37 317 189 169 426 131 264 437 227 507 282 447 194 395 557 218 545 541 475 470 493 659 312 206 317 349 427 490 580 533 482 554 430 386 421 382 146 582 428 454 261 309 347 453 259 200 430 442 666 495 375 360 432 453 570 471 573 658 587 90 382 427 208 292 277 571 460 464 639 428 182 16 169 78 498 393 239 557 298 270 133 351 210 327 547 528 95 201 448 461 373 441 563 485 650 445 187 317 323 409 519 206 419 412 452 460 328 461 109 133 377 573 494 73 283 583 315 508 494 428 495 97 484 453 331 300 613 382 417 332 116 417 594 237 282 450 349 355 107 346 488 271 465 354
63 742 125 572 730 927 457 494 697 595 301 144 313 539 619 284 0 822 360 61 110 689 410 492 395 147 567 651 245 857 639 169 545 317 575 196 724 350 445 212 673 511 511 715 197 530 279 749 564 450 454 268 102 506 528 469 521 512 34 557 382 353 813 127 471 586 346 670 308 762 574 621 870 113 519 415 431 415 568 243 356 301 417 754 855 386 630 69 321 157 145 115 578 202 493 691 158 760 567 714 470 602 752 431 515 392 755 239 733 895 597 228 579 629 156 405 411 330 265 528 463 113 680 473 390 835 517 659 507 83 228 475 543 84 250 432 907 645 657 530 642 180 431 233 845 861 831 193 161 635 379 201 11 818 744 316 565 186 450 300 442 358 459 535 407 500 517 490 408 629 184 500 781 789 292 458 692 742 110 601 757 690 853 441 462 514 183 344 690 487 702 219 318 638 586 262 226 192 660 393 624 334 496 475 529 729 371 508 496 381 544 325 207 404 855 606 605 616 249 445 534 489 466 190 630 569 178 483 326 385 738 577
859 100 916 279 262 579 951 637 207 304 839 963 511 285 800 552 822 0 521 800 919 134 567 509 893 715 341 630 805 513 444 989 787 551 401 911 735 729 825 813 245 1143 1113 739 673 302 781 440 263 734 1057 766 820 587 596 713 996 622 797 517 489 1028 642 926 693 454 925 321 661 298 634 269 557 931 353 738 1060 527 548 983 668 917 658 247 483 594 802 887 516 868 689 709 431 623 543 152 704 116 308 108 433 613 706 409 1008 1073 123 940 547 635 278 637 244 336 939 811 962 964 938 1012 637 905 454 544 432 531 814 299 322 860 772 897 339 739 869 914 620 435 299 408 614 999 1096 949 420 331 155 638 866 298 632 732 812 550 227 1001 1121 917 373 536 383 496 977 727 462 1038 566 357 474 355 675 412 586 63 601 364 181 133 887 721 709 294 328 692 364 371 778 749 388 350 273 867 840 696 461 1011 597 633 218 970 482 489 576 1092 339 239 1020 565 945 464 881 985 876 532 590 276 352 282 646 867 1071 335 627 1000 330 585 656 470 891 525 381 564
417 467 421 243 376 579 451 539 470 246 320 502 124 283 413 97 360 521 0 369 470 404 103 149 386 328 403 350 283 505 284 508 361 294 456 521 452 494 342 293 464 627 601 447 170 221 484 392 262 569 542 245 409 204 229 264 506 544 349 219 302 507 491 433 559 501 407 311 143 404 288 276 524 472 347 256 541 74 242 467 166 396 189 549 500 108 421 411 79 356 284 250 478 228 168 428 324 497 224 423 111 300 462 264 514 552 428 562 396 561 256 303 309 270 511 587 677 629 577 521 515 469 326 457 186 487 366 481 276 368 444 412 195 279 527 413 568 544 301 411 336 516 575 563 485 677 582 172 474 453 141 390 355 475 394 480 619 519 183 88 165 42 473 315 304 535 202 303 50 269 308 379 449 508 82 214 449 414 458 356 467 509 669 535 175 358 419 505 559 173 347 508 550 369 233 495 206 230 323 670 552 128 189 576 347 521 499 503 458 72 427 464 357 378 516 402 455 269 130 377 570 249 197 506 272 259 184 409 586 349 377 257
59 716 183 562 728 945 514 435 663 592 356 165 302 515 663 282 61 800 369 0 119 666 431 509 452 97 528 681 297 873 652 208 590 275 530 157 760 289 495 266 637 572 572 751 220 517 218 761 548 389 515 315 48 532 556 508 580 454 33 576 342 414 839 183 411 537 406 672 339 763 605 615 889 133 483 457 492 430 590 303 390 361 451 716 869 411 673 119 318 218 111 119 531 177 515 664 109 731 561 692 475 630 785 400 574 453 742 201 754 918 590 182 556 632 144 344 359 284 222 587 405 105 694 420 368 852 564 620 480 144 167 529 540 93 196 488 928 596 657 486 671 219 492 198 854 818 798 196 115 596 409 141 52 838 739 378 626 152 433 297 428 360 518 574 368 560 541 458 413 633 137 458 804 764 309 436 661 729 91 639 790 650 811 381 448 476 121 283 644 477 701 167 260 673 600 322 204 168 651 343 572 321 521 536 494 692 433 453 553 378 595 386 266 355 876 571 563 611 273 498 595 465 496 238 632 596 185 436 271 338 745 601
60 836 141 677 839 1036 518 523 782 703 378 49 417 635 712 392 110 919 470 119 0 785 519 602 465 212 645 756 330 967 749 109 637 391 643 130 824 362 529 296 755 530 539 815 307 634 278 859 665 458 488 361 113 613 635 567 580 544 124 666 459 376 919 132 489 645 404 780 414 872 679 728 980 24 601 510 460 525 676 257 460 356 520 833 965 495 722 85 428 219 230 223 641 296 603 783 224 850 674 811 580 708 854 519 570 407 858 166 842 1003 703 298 675 739 57 392 356 263 198 584 494 30 790 523 486 944 605 736 600 144 237 548 651 192 212 500 1015 704 766 600 748 120 448 154 955 932 917 302 122 713 485 234 115 928 851 343 600 115 551 407 545 467 515 632 485 547 625 577 517 739 254 573 889 883 402 555 780 846 50 700 860 765 925 460 565 593 197 351 755 592 811 181 295 739 696 267 322 286 766 333 677 436 604 503 612 809 402 551 563 488 624 360 268 464 963 689 677 723 359 523 578 584 571 152 739 676 287 547 284 450 848 685
725 63 786 177 249 593 848 522 131 225 725 829 380 150 728 424 689 134 404 666 785 0 465 420 787 580 225 575 686 518 392 857 705 417 294 776 686 600 727 691 159 1032 1005 688 547 183 650 421 142 614 946 650 686 504 517 622 897 510 663 443 356 910 620 796 575 353 812 280 548 298 563 196 560 797 226 639 946 423 477 858 561 800 560 207 492 489 732 755 389 741 555 577 326 489 456 51 569 98 215 28 330 548 665 274 908 955 134 806 516 633 191 502 110 278 804 686 833 832 804 913 518 770 414 425 299 528 726 212 187 730 639 799 243 607 736 810 623 348 250 290 557 867 980 814 434 327 185 508 731 201 527 597 679 540 223 881 1018 782 242 409 254 375 872 646 330 934 484 225 361 298 540 289 563 104 482 231 94 130 753 651 669 220 321 571 237 246 643 621 314 231 246 733 710 634 394 885 463 499 157 840 389 359 490 981 211 186 904 452 847 341 793 867 752 404 585 162 250 209 525 767 968 201 537 869 271 514 526 349 760 395 364 495
471 529 443 290 377 517 384 642 548 268 282 544 226 364 311 191 410 567 103 431 519 465 0 87 326 409 496 256 264 449 237 536 262 395 554 588 353 590 262 285 547 578 546 347 213 284 573 345 325 669 491 219 476 106 131 167 432 647 407 147 405 477 409 456 660 601 363 304 118 393 188 302 460 516 442 173 496 42 159 462 103 364 96 630 449 30 319 448 181 364 363 312 578 317 83 497 406 562 259 478 135 206 367 363 443 519 460 631 323 487 290 397 382 266 566 681 762 706 649 448 617 523 275 560 286 425 272 569 364 397 530 334 228 338 606 347 497 642 304 510 244 543 537 630 447 759 648 243 543 542 65 476 407 408 403 456 554 584 272 186 252 144 409 212 406 471 111 398 115 258 394 478 372 564 122 305 523 447 516 252 372 597 752 636 256 455 500 600 653 241 350 584 637 268 183 489 298 316 354 753 652 231 93 526 440 602 463 607 382 169 336 434 351 481 445 488 549 291 160 301 504 337 94 526 270 167 250 511 669 452 346 170
552 483 529 243 298 436 446 674 519 205 363 628 267 344 314 247 492 509 149 509 602 420 87 0 395 477 491 207 350 365 150 623 284 435 555 664 317 641 317 371 524 649 615 314 294 253 634 259 290 713 562 304 552 84 103 204 487 676 486 69 432 558 342 543 699 608 440 223 205 310 159 239 379 600 441 232 571 78 94 548 184 445 154 603 364 116 319 533 226 451 431 389 583 378 36 458 473 519 206 430 103 161 319 375 501 598 395 706 247 412 233 453 354 189 647 735 827 777 723 504 652 604 189 585 303 343 306 554 354 483 594 389 177 416 675 411 421 642 229 515 191 630 613 706 360 731 606 315 618 528 144 539 488 329 327 538 615 661 268 237 250 180 473 225 428 534 69 397 128 177 457 487 299 514 200 302 490 382 596 242 324 579 725 677 247 456 568 653 645 219 272 655 700 241 96 575 356 380 291 820 659 266 70 598 436 576 541 631 437 190 373 515 437 511 368 472 543 227 242 359 565 329 118 613 193 119 324 528 735 483 259 111
452 850 328 615 693 730 69 831 857 593 97 458 465 670 289 410 395 893 386 452 465 787 326 395 0 499 777 418 159 685 521 412 221 593 819 585 433 719 102 186 849 254 220 421 311 603 664 613 645 817 167 164 498 338 344 214 134 843 418 419 634 194 574 340 826 854 76 618 244 700 349 628 678 448 721 165 179 366 404 254 225 117 241 935 697 299 298 380 431 246 464 384 835 466 368 814 504 882 585 802 460 385 478 629 135 223 786 627 541 669 616 542 695 584 523 790 807 722 656 146 801 487 547 776 554 652 175 861 659 324 612 85 554 384 646 37 688 905 624 771 419 412 227 617 717 1061 967 378 556 833 261 571 402 626 722 193 232 573 569 419 551 423 87 252 647 148 361 678 425 572 513 737 568 888 321 597 835 773 494 316 482 891 1054 797 561 727 568 719 930 557 667 615 711 366 476 270 467 458 680 787 902 482 342 202 723 907 166 820 101 457 167 163 196 693 645 785 827 617 295 69 184 633 286 375 589 379 367 751 722 666 635 399
154 628 272 491 664 908 566 349 570 529 401 260 236 430 674 232 147 715 328 97 212 580 409 477 499 0 432 665 339 832 611 306 605 178 433 203 755 220 524 314 542 649 644 747 216 443 172 717 470 319 585 345 105 515 540 515 631 367 113 546 246 492 816 275 333 440 464 615 339 703 594 548 853 229 388 472 565 398 565 388 391 423 449 620 825 394 684 214 263 288 45 117 433 105 489 574 11 640 496 607 425 614 774 309 628 533 665 240 724 890 522 85 471 575 224 294 353 300 250 641 319 193 654 325 286 815 586 523 393 226 123 569 477 115 198 536 897 499 596 389 653 317 571 245 804 721 705 166 156 500 401 73 136 804 672 455 693 206 356 245 354 309 573 580 272 622 520 366 365 580 41 361 776 675 288 354 569 652 174 640 779 553 714 303 374 380 91 220 546 407 638 179 231 668 561 409 132 100 580 343 476 252 502 609 400 596 506 360 599 320 626 460 332 257 845 477 466 546 264 535 658 380 487 335 574 576 163 339 260 240 695 579
586 241 683 292 444 782 845 297 148 359 696 692 313 157 801 367 567 341 403 528 645 225 496 491 777 432 0 687 643 703 529 734 759 253 74 606 801 393 745 637 114 998 979 800 483 253 455 592 232 392 917 618 534 574 594 664 904 284 536 540 186 856 774 689 352 135 781 446 535 495 650 348 741 661 56 659 909 456 575 778 568 756 590 188 681 510 808 636 346 662 421 471 107 368 525 189 420 237 329 252 388 647 792 149 910 901 357 628 665 807 327 346 172 426 650 471 625 637 620 918 295 624 563 202 223 705 767 92 137 628 456 813 342 496 550 808 802 153 415 66 669 746 933 639 631 296 282 424 566 68 544 426 556 710 427 822 1007 615 225 358 244 361 864 706 160 924 561 100 381 443 391 76 718 285 455 192 163 350 604 733 797 123 289 350 244 53 472 414 156 273 431 553 509 731 509 804 350 379 337 635 180 295 558 950 55 164 858 226 857 330 830 815 687 200 757 65 52 357 484 777 961 162 588 757 421 607 441 129 561 202 541 593
715 632 657 410 374 312 441 882 691 351 434 774 473 532 186 446 651 630 350 681 756 575 256 207 418 665 687 0 451 270 186 753 212 642 754 838 114 844 316 481 702 653 612 114 460 436 830 227 466 919 573 408 727 150 125 210 455 884 653 146 640 609 165 671 906 809 486 309 343 355 78 378 260 750 640 270 593 275 114 639 297 510 236 774 287 271 185 678 429 569 619 564 783 573 182 620 663 671 369 576 304 50 112 580 474 641 506 882 129 256 385 652 533 298 808 936 1018 960 902 471 859 764 181 792 510 236 257 739 550 621 787 369 348 587 861 415 273 840 332 717 17 758 643 879 320 900 754 499 794 715 272 732 650 208 409 601 589 832 470 438 452 385 469 166 635 519 147 597 335 278 651 689 150 653 377 503 658 497 760 114 117 761 894 883 446 657 756 855 836 413 358 838 894 71 182 662 554 573 422 1008 860 472 163 606 633 749 583 838 410 397 310 573 539 718 227 658 737 365 407 356 541 527 185 732 305 90 504 733 926 691 271 96
305 748 209 526 640 753 227 674 739 521 61 335 331 555 382 277 245 805 283 297 330 686 264 350 159 339 643 451 0 694 497 304 307 441 678 440 503 560 200 34 726 354 335 492 162 504 506 602 545 657 274 45 345 326 342 246 292 687 264 398 488 223 616 223 668 709 138 568 149 658 373 554 697 317 588 186 266 293 396 198 168 114 220 812 700 234 393 245 305 120 305 225 692 311 335 706 345 776 505 706 381 406 538 494 291 268 709 483 556 706 537 385 586 530 386 631 656 575 510 303 644 347 531 623 423 666 274 732 537 185 454 232 474 225 494 196 722 762 566 630 446 309 294 475 706 935 859 227 406 704 206 412 249 644 664 196 369 429 452 289 436 311 237 308 503 291 344 547 331 522 354 596 596 790 204 476 722 696 350 378 543 762 928 638 450 592 411 560 792 456 612 464 555 421 445 225 315 302 604 638 755 350 322 306 592 785 218 666 259 345 298 180 89 541 673 659 692 545 163 200 328 512 275 281 533 384 214 604 568 515 609 399
917 557 889 416 268 80 711 961 650 350 689 993 604 550 447 600 857 513 505 873 967 518 449 365 685 832 703 270 694 0 221 984 483 754 777 1026 315 969 585 721 674 924 883 325 659 464 978 118 473 1023 844 649 915 368 352 472 725 957 851 302 728 873 162 903 999 838 750 258 562 221 335 355 44 965 672 529 862 443 299 890 527 769 475 723 30 475 444 897 570 806 789 753 810 729 366 570 827 594 385 506 409 299 267 647 744 908 401 1068 143 122 378 795 531 284 1012 1064 1174 1133 1082 741 945 969 178 862 600 35 528 724 584 845 943 640 385 781 1030 685 107 850 288 753 266 991 912 1069 95 833 663 677 980 706 493 889 853 66 297 862 858 1024 536 587 525 523 740 435 713 790 350 639 467 271 808 735 129 558 565 562 613 398 961 383 267 737 829 983 510 693 922 984 827 469 275 1012 1044 335 272 916 704 733 370 1170 883 594 372 877 660 704 849 902 680 517 580 836 784 804 85 654 745 348 608 626 812 569 420 970 288 312 688 790 1084 781 161 295
698 448 680 239 191 297 563 760 514 174 503 777 384 372 360 378 639 444 284 652 749 392 237 150 521 611 529 186 497 221 0 773 361 540 601 805 294 754 431 520 529 773 736 297 442 276 758 109 299 814 688 451 693 183 179 310 593 758 631 102 521 696 245 693 793 659 575 123 354 183 198 197 243 749 488 356 701 224 120 695 328 586 286 596 216 265 361 683 349 601 567 533 632 508 161 440 605 487 200 392 189 171 272 447 610 735 320 846 136 292 209 575 365 114 792 849 954 911 860 610 742 750 43 664 390 205 397 571 397 633 722 498 188 561 809 530 294 682 146 569 169 780 746 847 210 720 570 456 758 548 290 668 634 198 226 679 726 803 333 365 319 302 591 302 509 649 160 450 245 94 586 546 191 467 347 363 479 311 741 281 276 590 714 775 307 508 701 768 671 268 173 790 825 252 53 722 483 511 237 949 708 376 180 723 479 572 677 707 544 298 460 655 585 599 243 492 577 185 391 474 677 378 236 763 121 152 467 597 864 574 114 130
154 911 95 733 883 1048 455 631 866 750 339 68 479 708 682 443 169 989 508 208 109 857 536 623 412 306 734 753 304 984 773 0 607 483 739 232 807 472 491 272 841 434 448 797 338 694 388 882 729 568 403 345 218 619 638 551 512 652 198 682 549 288 918 82 598 745 342 819 421 912 675 778 991 85 687 491 372 550 686 172 459 295 518 922 985 509 692 102 481 184 313 280 739 372 617 860 317 929 724 882 619 707 843 601 499 312 918 261 851 1006 755 391 747 778 150 501 453 356 294 514 602 140 812 626 558 958 570 827 676 140 346 497 698 250 319 443 1021 805 809 695 747 11 353 246 982 1027 1000 353 232 803 491 339 179 938 900 258 513 216 616 460 608 513 447 613 574 469 634 660 558 776 346 666 894 958 430 626 861 905 160 683 848 857 1019 569 627 681 305 461 853 649 855 289 403 726 719 173 395 361 821 427 779 500 612 412 698 897 318 657 502 539 578 280 223 563 970 775 771 772 383 476 497 657 571 47 780 680 336 645 388 546 878 692
608 767 515 527 551 519 231 889 802 485 268 642 478 621 75 433 545 787 361 590 637 705 262 284 221 605 759 212 307 483 361 607 0 640 816 741 212 813 121 341 804 442 400 200 388 535 777 432 573 901 364 277 638 201 190 97 242 897 558 272 660 414 357 528 900 863 295 477 269 544 163 518 469 625 705 133 387 303 243 467 218 330 174 885 499 253 85 553 434 425 562 489 840 536 248 743 606 803 490 713 381 195 257 625 261 441 668 785 342 452 515 620 636 453 693 897 947 874 810 258 863 652 374 814 547 448 46 830 625 493 728 159 461 502 784 210 473 905 493 772 219 610 438 779 530 1014 890 447 704 803 224 678 547 420 584 413 376 732 534 433 514 404 259 60 664 307 221 660 377 436 604 740 359 797 340 567 773 656 654 100 261 856 1007 873 517 717 690 818 915 497 529 757 835 150 330 486 526 532 569 932 913 487 214 396 703 857 385 861 197 431 100 384 384 733 433 748 811 506 345 153 328 599 172 577 459 208 445 771 856 704 467 231
333 459 438 364 545 833 663 249 393 416 501 439 169 272 700 208 317 551 294 275 391 417 395 435 593 178 253 642 441 754 540 483 640 0 258 360 746 215 589 426 364 784 772 742 282 312 239 636 328 277 711 429 281 498 523 543 727 257 285 503 67 633 773 443 264 274 579 510 377 590 582 427 782 408 211 517 697 368 530 543 424 546 468 441 741 394 709 386 214 431 172 235 263 133 460 404 167 468 381 445 352 593 754 143 729 677 517 389 669 832 400 93 313 475 398 310 433 417 387 740 222 370 582 182 155 744 634 344 231 385 222 648 372 254 319 628 835 331 486 212 627 494 713 397 708 544 529 215 317 321 416 180 306 738 545 598 811 368 225 209 232 257 677 601 94 733 495 194 307 485 137 183 724 506 300 210 395 506 351 648 760 374 536 241 250 202 227 230 373 290 522 315 304 663 498 567 126 143 448 435 317 169 483 740 224 418 641 226 686 247 687 596 464 99 783 300 288 429 306 612 770 225 489 508 473 552 227 169 351 73 601 547
587 301 696 365 519 857 888 237 196 432 733 692 354 230 862 408 575 401 456 530 643 294 554 555 819 433 74 754 678 777 601 739 816 258 0 589 868 356 794 668 158 1030 1014 867 516 324 427 666 306 339 952 657 530 636 658 720 948 221 543 608 196 883 846 701 295 60 816 520 581 569 715 422 815 662 114 711 942 514 642 799 617 789 645 207 756 564 869 644 392 685 430 489 32 386 589 253 421 290 402 320 452 714 861 192 953 928 427 607 737 881 401 348 246 500 642 425 583 605 596 963 241 619 636 152 270 779 822 112 205 643 437 860 413 511 525 851 876 88 489 48 737 750 962 619 705 289 318 453 553 104 597 414 564 784 501 849 1046 600 287 401 306 413 906 766 176 965 625 158 440 517 393 81 791 341 500 253 220 422 599 796 866 134 282 298 309 99 459 377 115 341 505 533 475 796 579 823 371 396 411 596 106 339 621 983 122 191 888 165 903 385 882 844 714 180 831 132 49 431 524 824 1002 227 647 766 494 673 469 97 526 192 616 660
134 820 270 695 868 1100 642 431 751 732 494 164 439 628 815 429 196 911 521 157 130 776 588 664 585 203 606 838 440 1026 805 232 741 360 589 0 916 264 640 407 720 660 669 908 377 647 177 913 672 351 618 464 112 690 713 663 705 453 186 732 426 507 997 262 388 580 529 817 497 906 763 752 1044 154 570 610 590 585 747 388 547 482 608 791 1021 568 826 207 462 340 242 275 581 308 672 765 212 829 699 804 623 788 942 501 696 538 866 43 911 1075 726 273 669 777 82 274 226 136 70 711 404 102 848 452 488 1007 713 692 589 261 153 667 680 251 89 621 1085 638 799 552 828 241 578 42 1003 878 886 349 47 672 566 180 193 993 875 473 731 16 559 443 557 507 641 729 453 675 699 555 562 780 239 530 961 867 466 555 755 854 91 795 948 720 870 361 578 558 133 248 694 611 841 64 174 830 754 397 335 301 783 203 604 455 679 633 583 770 533 472 685 521 739 490 390 409 1032 659 630 750 431 639 707 578 654 279 776 753 339 492 155 403 894 759
788 742 713 524 474 329 438 989 804 463 473 836 576 647 150 545 724 735 452 760 824 686 353 317 433 755 801 114 503 315 294 807 212 746 868 916 0 943 332 536 816 643 599 12 542 551 923 310 581 1022 570 465 807 248 223 257 435 993 730 260 748 627 161 726 1011 923 507 414 420 449 164 490 288 815 753 316 595 378 226 676 369 540 309 887 339 362 143 742 532 623 709 647 896 668 288 733 753 781 483 686 416 155 50 691 456 652 611 960 198 252 498 749 647 408 878 1034 1107 1043 982 450 966 836 281 902 620 279 258 853 664 684 878 367 463 667 947 421 276 954 440 830 131 811 647 956 387 1012 864 589 875 829 354 824 724 248 510 625 564 909 583 539 565 490 465 194 745 506 251 711 443 388 745 802 186 761 468 616 771 602 834 124 53 876 1007 988 559 770 845 953 950 527 461 922 986 87 296 696 651 667 532 1095 973 578 263 600 747 862 597 948 398 505 291 596 586 826 245 773 851 477 491 365 520 640 267 781 415 197 592 845 1015 798 363 207
324 630 470 576 757 1048 786 166 541 630 622 409 374 469 879 398 350 729 494 289 362 600 590 641 719 220 393 844 560 969 754 472 813 215 356 264 943 0 741 534 505 861 859 937 426 523 87 851 534 100 801 563 258 696 721 719 852 189 317 710 253 703 982 468 126 332 684 725 543 803 779 640 996 386 375 682 780 569 735 592 595 642 648 564 956 582 889 404 415 503 256 336 339 277 662 576 215 629 595 629 565 794 956 341 849 742 715 269 881 1044 613 194 507 690 337 95 233 250 250 862 140 333 796 205 370 958 798 467 427 433 126 788 587 335 182 756 1048 387 700 330 830 482 781 284 923 633 672 365 244 453 597 150 340 952 753 667 911 279 439 405 446 462 794 782 276 841 696 378 516 700 210 317 936 676 479 420 555 705 312 836 961 491 626 97 464 357 170 21 447 504 734 201 119 858 711 609 292 281 656 242 348 379 682 824 390 547 721 214 819 457 842 674 549 196 996 455 403 642 468 754 877 428 678 512 687 754 368 265 170 207 816 751
506 791 400 551 610 628 132 835 809 521 152 530 441 623 193 390 445 825 342 495 529 727 262 317 102 524 745 316 200 585 431 491 121 589 794 640 332 741 0 234 805 343 305 321 315 547 695 518 588 834 260 180 543 249 251 120 170 845 462 331 621 296 472 414 838 835 175 535 214 612 250 556 576 515 689 88 277 305 311 346 176 208 167 890 598 240 203 444 402 312 484 406 814 471 286 759 527 824 518 740 397 286 376 601 183 325 712 683 441 566 547 553 644 504 586 819 854 775 710 187 807 547 453 770 523 551 79 823 618 384 645 72 487 414 691 100 586 882 544 747 319 493 327 676 621 1018 911 381 606 796 203 598 449 525 641 292 298 630 526 395 507 383 160 150 629 218 273 644 373 490 530 714 467 826 295 557 784 700 550 214 380 852 1011 810 514 698 603 744 900 503 585 662 749 264 389 365 466 465 608 837 884 455 256 294 689 862 268 815 120 415 101 263 268 687 543 744 796 544 283 43 248 591 201 459 509 283 374 736 765 658 543 305
272 753 177 536 657 781 252 653 738 535 89 301 327 556 416 274 212 813 293 266 296 691 285 371 186 314 637 481 34 721 520 272 341 426 668 407 536 534 234 0 724 361 346 525 154 510 478 626 551 633 285 73 313 353 370 279 317 667 233 423 475 220 647 190 645 696 153 586 167 677 404 567 725 283 582 219 273 310 422 177 193 120 248 810 726 255 427 211 305 87 282 202 681 294 359 709 320 779 516 712 395 436 570 487 314 266 720 449 584 736 549 364 588 547 352 603 624 542 477 327 623 313 556 606 420 693 309 726 536 151 426 262 486 198 462 223 751 751 583 620 477 277 296 442 729 931 861 215 374 699 230 385 217 672 680 190 386 396 453 287 438 316 259 342 492 310 370 542 342 540 331 587 625 795 211 475 722 707 316 411 576 757 923 615 454 584 382 534 783 462 629 432 525 453 467 205 300 284 616 606 742 347 348 315 587 782 220 648 287 350 331 178 66 525 702 656 684 558 166 232 347 512 303 251 550 412 200 591 537 500 631 426
696 147 785 292 406 750 915 396 38 355 774 802 396 183 838 449 673 245 464 637 755 159 547 524 849 542 114 702 726 674 529 841 804 364 158 720 816 505 805 724 0 1080 1058 817 570 270 570 573 236 497 998 696 646 608 626 713 970 380 643 561 296 944 767 792 454 209 860 427 605 455 678 333 715 771 154 718 992 504 596 874 630 840 643 86 649 565 843 742 421 757 528 571 186 471 559 109 531 131 333 178 422 669 800 243 978 990 292 743 660 787 320 457 170 417 763 580 736 751 735 986 399 735 556 308 304 681 818 55 189 729 571 876 354 598 664 877 778 193 396 175 685 852 1019 754 592 212 167 517 679 54 602 540 662 692 381 912 1081 729 280 437 299 425 936 748 270 998 592 184 432 436 501 191 710 183 528 252 68 289 715 764 805 62 205 456 291 162 586 527 155 306 399 668 623 755 520 901 450 482 306 748 238 376 594 1031 143 58 944 324 922 392 883 902 778 315 737 67 109 345 563 841 1034 216 631 862 411 631 535 240 674 317 517 615
546 1095 396 864 947 961 213 998 1092 846 307 500 685 906 492 632 511 1143 627 572 530 1032 578 649 254 649 998 653 354 924 773 434 442 784 1030 660 643 861 343 361 1080 0 44 630 514 848 789 862 890 961 86 384 608 590 594 463 208 1015 543 672 836 157 798 401 981 1057 220 872 484 953 593 880 912 506 942 419 88 616 655 273 475 241 495 1167 939 550 499 463 658 360 627 552 1042 651 622 1056 658 1125 836 1049 711 628 692 848 187 122 1038 693 781 892 867 714 936 838 581 912 885 789 726 195 968 559 797 962 778 890 396 1086 891 427 739 284 805 539 741 243 914 1112 878 982 658 428 81 679 964 1290 1209 576 647 1059 513 711 521 862 976 194 106 645 804 643 787 660 184 488 854 136 613 902 671 826 675 948 801 1135 554 829 1074 1025 574 543 695 1117 1282 951 800 945 693 855 1145 800 921 709 820 593 729 263 661 641 932 860 1101 705 595 51 947 1139 143 1002 245 694 352 189 320 883 875 1014 1046 870 517 300 129 866 539 386 843 627 561 952 814 858 887 648
550 1068 401 834 912 919 173 992 1069 814 284 512 665 882 448 611 511 1113 601 572 539 1005 546 615 220 644 979 612 335 883 736 448 400 772 1014 669 599 859 305 346 1058 44 0 586 497 821 790 822 862 960 61 362 610 554 556 425 164 1008 542 635 822 162 755 407 978 1043 198 837 457 917 553 849 870 515 923 383 80 586 617 281 445 226 461 1145 898 519 455 467 636 356 620 542 1027 639 587 1030 652 1098 805 1021 680 588 648 829 143 137 1006 704 740 849 836 706 910 804 592 915 895 801 736 150 962 567 758 951 757 848 354 1066 869 427 739 243 774 532 747 205 871 1097 844 966 617 443 99 691 924 1269 1183 561 653 1039 481 709 520 820 942 196 70 654 780 622 763 635 144 448 838 93 577 882 643 791 668 932 759 1107 530 806 1049 993 581 500 651 1096 1261 947 775 927 694 855 1128 773 886 715 824 550 693 275 647 630 901 871 1088 684 559 36 927 1117 139 993 202 669 308 185 312 871 832 992 1027 838 495 261 84 843 503 401 809 588 547 938 821 846 849 610
