306
0 493 578 67 395 868 335 246 767 849 779 936 846 729 709 518 833 905 369 966 897 738 692 791 688 808 749 869 847 473 1028 752 817 550 380 286 590 369 827 605 423 617 747 400 239 334 152 276 831 910 655 536 411 185 428 810 457 805 591 975 613 583 727 539 1151 764 658 909 437 459 947 629 843 441 349 1046 1062 649 699 492 579 804 531 858 850 972 668 494 508 963 528 973 551 1065 1120 104 170 67 439 920 711 568 385 88 354 758 663 501 475 488 384 354 663 584 341 435 589 649 707 965 775 939 222 993 948 695 997 652 694 392 923 301 571 158 580 189 613 472 815 200 804 849 805 148 819 1091 542 756 898 104 644 599 940 497 385 157 616 70 604 800 84 255 66 294 428 798 587 690 354 345 694 577 173 582 690 521 215 155 603 1126 582 301 865 523 184 193 824 384 864 723 249 732 706 234 1035 184 927 440 630 677 619 740 469 202 177 418 748 743 782 615 642 767 905 61 396 87 449 887 913 431 465 796 768 362 1197 156 694 300 257 402 312 918 13 859 43 186 800 367 448 860 186 412 386 477 802 379 663 688 724 173 917 603 734 389 254 917 830 833 813 983 845 655 764 941 931 57 863 725 313 278 142 810 432 524 901 198 676 956 847 956 67 552 270 312 936 853 534 509 334 491 734 326 1030 594 234 885 736 966 1008 38 534 652 982 891 743 822
493 0 234 426 184 459 216 264 606 372 486 531 399 257 365 221 369 535 329 486 468 245 343 605 416 536 315 542 537 23 535 402 359 76 149 471 539 161 512 192 123 296 262 222 369 337 348 488 356 521 364 440 374 323 389 495 41 500 395 502 237 504 558 227 689 348 273 416 58 498 551 376 352 104 209 613 574 171 326 262 608 446 227 445 451 483 212 383 226 490 332 665 378 587 638 425 367 516 430 543 477 518 293 497 207 440 266 505 303 419 237 344 445 355 158 286 508 347 536 549 296 612 424 500 456 205 513 171 283 431 543 478 119 363 189 476 292 232 471 311 323 425 487 345 396 626 293 671 483 559 639 454 456 96 120 357 273 553 197 581 422 317 455 363 338 352 349 254 166 385 239 86 458 346 223 575 325 390 295 657 338 219 397 199 326 431 354 500 411 230 284 478 418 290 593 459 452 199 235 219 486 407 23 473 426 75 259 707 292 252 425 481 423 460 401 415 85 443 421 440 547 339 425 305 726 514 483 324 415 459 186 446 505 448 534 391 319 238 348 419 365 115 391 472 470 320 640 201 237 379 432 351 670 269 455 447 391 501 391 511 372 258 408 470 519 544 388 450 322 432 568 323 60 173 431 431 584 465 382 472 466 311 439 327 468 488 569 409 189 284 271 437 541 506 415 461 357 515 515 470 97 163 492 402 631 423
578 234 0 521 402 635 412 335 839 484 707 358 281 402 143 61 503 725 255 429 627 320 123 837 644 303 492 322 750 251 559 612 504 178 354 655 770 222 286 78 180 523 379 443 368 285 468 448 474 703 130 672 263 392 267 709 224 271 183 427 458 736 792 40 792 189 81 427 264 716 727 608 363 175 411 755 629 188 122 108 833 236 49 280 634 542 391 221 460 594 566 442 182 670 709 548 511 573 303 348 707 748 219 545 412 657 474 729 535 264 454 276 677 138 330 175 740 113 770 711 265 394 593 510 506 251 469 196 124 330 728 665 330 498 55 479 57 111 255 378 291 273 262 448 244 729 527 905 320 607 869 688 414 330 236 421 498 619 71 810 533 493 520 329 562 511 583 440 240 315 411 257 609 129 184 796 483 532 61 751 120 395 521 56 394 438 287 704 554 296 328 705 643 343 730 466 557 428 66 394 721 183 243 470 579 246 357 940 310 38 658 248 379 526 615 490 182 591 465 658 761 245 206 244 812 532 253 301 391 671 293 557 586 281 611 545 432 213 575 573 517 331 295 695 249 241 872 331 355 527 397 125 904 487 631 560 262 281 566 613 310 84 615 578 687 615 500 216 520 393 598 315 248 67 546 591 818 462 301 552 578 106 621 524 582 284 792 639 376 517 203 372 592 739 587 308 561 648 522 544 139 223 473 474 865 609
67 426 521 0 330 803 269 185 721 782 721 879 784 662 655 462 766 843 328 901 832 671 638 742 630 764 683 820 789 406 961 690 750 484 312 261 551 307 778 544 360 554 679 337 206 296 86 272 764 847 606 489 377 129 395 751 390 758 548 911 548 540 679 483 1084 705 600 842 369 424 883 571 777 378 283 980 994 583 643 441 550 751 475 800 786 904 601 457 445 896 471 927 510 997 1052 65 115 113 412 866 657 528 339 115 289 698 597 465 417 455 322 317 609 538 273 388 546 598 658 900 710 891 188 926 880 629 932 586 635 368 860 276 503 99 520 190 559 419 764 143 739 790 756 81 760 1024 481 718 840 157 613 549 875 430 319 106 552 134 543 748 35 197 66 261 375 732 529 623 291 315 627 510 152 535 626 492 155 107 550 1059 534 235 798 465 127 178 760 356 797 656 195 677 647 179 969 180 859 375 570 609 572 689 402 201 144 352 681 710 716 558 587 721 840 66 352 47 384 821 846 390 437 733 715 318 1130 176 653 258 236 366 247 850 80 802 110 141 733 313 395 793 132 345 355 437 752 337 630 620 656 123 852 555 698 329 227 850 770 783 747 916 781 596 702 874 867 122 795 679 259 261 187 744 365 465 834 166 635 890 784 888 63 503 238 258 869 800 503 460 267 431 670 307 962 551 198 826 672 899 941 57 470 586 916 823 702 758
395 184 402 330 0 473 60 244 478 467 415 716 581 348 541 372 444 518 397 654 502 388 520 487 327 704 355 720 479 161 667 366 426 261 53 295 372 227 688 374 236 231 375 41 372 388 244 494 447 519 529 276 453 279 472 438 179 674 535 674 218 342 430 384 757 533 453 564 138 315 555 273 506 232 47 650 686 350 506 394 431 627 381 630 456 599 282 493 120 575 191 842 509 678 735 303 234 439 510 727 372 350 372 431 41 383 267 327 144 519 52 403 330 501 104 390 346 513 407 570 469 792 262 642 581 370 675 349 467 492 533 301 196 240 366 451 459 361 650 274 494 610 663 260 581 698 175 521 668 485 469 307 621 125 185 307 224 465 378 476 312 160 381 393 159 405 233 297 216 435 306 237 308 493 404 394 186 257 459 735 487 97 477 355 282 411 530 316 471 381 280 384 340 275 639 433 540 50 415 291 339 583 166 453 276 156 385 546 451 427 307 650 589 384 216 340 221 492 552 257 363 521 603 372 806 471 634 358 424 275 185 530 409 633 438 244 422 311 173 465 226 71 458 292 648 393 474 323 357 241 596 504 514 85 285 529 574 680 417 595 546 440 377 553 537 452 478 616 144 448 507 486 153 335 513 274 431 614 559 576 349 455 266 149 547 671 390 242 72 138 453 471 657 346 249 645 343 571 656 385 277 334 646 520 487 428
868 459 635 803 473 0 533 694 416 207 213 741 587 234 709 653 161 102 789 528 54 338 691 388 255 885 145 843 195 463 396 141 146 470 499 697 516 617 833 559 583 258 267 469 815 796 717 938 201 70 748 461 832 743 847 179 498 832 818 564 255 482 392 650 313 618 621 395 487 591 92 294 393 563 519 181 348 453 659 705 616 746 654 675 26 309 250 832 360 208 379 955 812 291 347 771 702 913 888 790 297 513 752 903 513 179 208 562 419 871 485 804 320 774 550 742 480 730 385 96 458 896 699 413 324 399 516 445 596 891 96 693 340 710 580 912 682 679 776 734 459 646 813 733 632 268 343 530 695 958 597 407 493 396 570 773 253 938 567 338 784 619 854 818 483 126 324 205 617 844 226 390 756 764 483 627 654 722 693 310 755 570 168 627 745 868 506 655 118 360 724 270 230 724 178 894 204 428 593 245 422 745 472 911 729 519 296 599 395 630 325 833 485 857 555 813 545 91 333 557 640 539 748 765 375 939 880 779 865 600 618 189 881 680 911 701 232 698 471 84 690 474 851 549 787 779 581 305 287 704 474 760 552 488 703 183 599 810 69 217 502 601 128 194 63 925 198 819 574 884 979 424 503 600 180 720 487 425 531 263 817 737 680 577 181 767 608 458 540 394 504 894 341 473 685 666 133 140 423 859 514 415 463 281 482 46
335 216 412 269 60 533 0 200 511 525 467 742 615 405 554 373 504 576 368 698 562 438 533 524 377 709 415 734 532 192 721 423 486 291 66 255 386 213 698 395 235 288 431 74 326 354 183 447 506 578 534 295 425 227 445 492 199 683 527 716 278 360 464 388 818 558 471 614 161 307 614 320 554 237 14 711 743 386 523 387 432 643 384 657 516 656 341 474 177 634 230 854 498 737 794 242 174 379 481 748 417 362 348 372 20 437 328 327 177 496 67 372 372 497 84 373 365 519 442 630 509 806 211 694 636 413 721 386 490 459 592 263 250 179 383 398 466 355 665 223 536 638 674 201 609 759 224 543 696 425 477 337 666 177 180 252 283 404 398 518 251 105 321 353 169 465 279 357 198 399 365 281 252 490 439 388 126 197 464 795 484 42 536 361 230 360 569 292 531 429 238 431 391 229 700 380 599 107 434 350 367 595 194 401 220 167 438 561 497 440 349 656 634 325 206 281 230 553 606 251 350 555 617 344 866 414 630 321 379 259 156 589 348 660 378 187 479 289 188 525 167 102 426 293 661 366 485 376 411 182 641 502 533 93 239 588 606 693 478 654 586 460 435 612 597 392 537 620 109 403 448 531 170 344 573 221 454 664 597 634 288 452 223 114 606 689 388 261 36 180 487 431 713 366 200 675 403 632 708 325 300 375 695 576 513 488
246 264 335 185 244 694 200 0 712 636 660 694 600 518 472 278 628 752 184 722 713 507 454 724 572 593 559 641 722 249 796 603 615 311 201 358 575 123 601 359 177 471 527 272 127 162 138 250 618 748 427 491 241 62 262 681 224 581 384 730 443 553 665 298 949 519 414 672 216 476 782 517 605 196 211 862 838 407 458 262 606 568 291 614 681 747 464 307 363 753 430 753 348 851 903 214 192 256 292 682 616 552 177 234 216 625 487 505 377 319 267 182 571 367 146 219 558 418 642 789 532 713 285 757 719 458 754 410 449 263 765 372 364 174 334 217 376 237 582 48 561 604 577 113 574 886 419 738 654 297 659 537 697 299 146 94 460 297 358 718 197 212 196 153 363 603 477 497 109 203 491 351 286 362 445 555 182 208 367 919 360 158 658 280 64 173 579 433 666 489 37 628 584 30 845 199 715 295 385 472 566 507 243 216 259 189 523 749 544 372 549 546 661 202 380 160 206 694 683 425 507 550 533 164 989 250 491 125 180 419 79 708 256 616 283 231 583 135 384 668 203 220 234 472 571 187 670 466 502 209 674 381 725 291 328 708 584 603 631 773 600 410 613 732 757 290 650 506 267 203 303 569 205 279 692 276 649 718 602 736 242 327 326 270 729 617 559 457 173 379 488 230 805 561 285 640 573 770 771 216 290 414 742 666 711 652
767 606 839 721 478 416 511 712 0 590 203 1069 913 541 959 826 542 352 875 904 471 650 938 37 208 1136 452 1126 233 592 805 301 517 663 530 500 194 704 1103 784 702 321 588 442 835 864 652 952 576 389 969 232 931 730 950 237 625 1095 998 937 393 187 47 833 701 907 863 774 590 328 417 231 748 692 501 551 764 708 914 859 268 1026 833 989 391 717 499 968 382 624 286 1248 976 706 760 663 606 831 988 1102 141 210 850 836 497 246 399 283 335 996 444 881 161 960 581 865 182 951 70 467 776 1192 547 813 725 684 902 702 858 969 376 488 516 624 790 892 896 827 1054 729 789 962 1080 683 939 671 315 115 1019 872 219 175 867 509 659 749 350 835 791 84 689 530 786 865 353 484 256 459 694 910 497 593 603 951 758 309 573 615 900 712 943 553 563 804 732 860 837 413 519 663 749 158 221 740 565 876 614 433 827 503 149 1001 601 898 591 619 617 187 724 852 180 1081 849 787 371 753 676 504 723 339 353 854 1014 850 768 895 1089 832 887 374 662 598 780 993 803 582 588 789 332 486 588 534 935 297 1058 871 195 584 592 598 844 957 142 420 524 593 916 1088 432 634 842 846 310 608 444 821 588 1054 466 913 907 762 609 779 587 572 113 814 867 672 701 914 504 465 595 1061 288 262 542 339 797 942 755 175 534 991 352 554 824 777 699 673 853 670 71 387
849 372 484 782 467 207 525 636 590 0 391 536 385 120 530 517 48 308 684 323 171 163 515 568 394 699 147 648 393 386 224 289 72 349 470 744 644 532 642 405 486 330 112 480 741 699 698 857 19 273 580 566 717 693 728 367 413 644 665 358 279 606 557 508 318 428 451 189 420 683 280 408 187 464 512 273 220 295 481 572 741 554 514 475 222 141 184 698 389 118 457 756 667 215 270 766 699 882 768 588 454 634 645 865 507 343 236 665 477 741 500 702 459 621 509 622 606 563 544 247 264 697 725 223 138 232 315 288 418 781 300 745 278 702 431 849 522 553 584 681 259 445 624 703 434 254 408 698 492 926 738 531 287 352 493 726 307 915 413 521 771 627 820 730 541 106 419 180 538 744 160 287 774 611 309 737 652 722 535 284 602 550 42 491 696 804 304 728 90 188 657 433 375 662 246 832 79 436 431 175 554 562 393 846 743 446 127 761 200 469 455 650 278 825 619 779 447 125 133 637 736 342 562 662 353 886 712 692 786 674 557 75 862 479 892 711 54 600 536 123 692 437 742 643 597 672 726 172 138 707 267 603 714 516 741 77 398 618 161 138 298 432 280 98 233 904 16 642 600 800 938 223 430 466 62 740 638 225 327 110 811 590 719 604 99 570 722 551 517 448 318 799 194 600 712 462 241 165 235 831 389 263 264 80 649 212
779 486 707 721 415 213 467 660 203 391 0 893 735 358 811 706 342 166 796 710 268 471 791 177 91 991 262 968 68 479 603 107 319 528 459 556 319 617 949 642 601 194 404 393 787 793 640 910 378 196 833 287 848 694 865 41 516 944 880 744 249 289 179 709 511 743 716 578 489 418 229 150 559 586 454 363 561 551 763 749 416 867 711 817 188 514 330 868 296 421 251 1087 865 504 560 676 608 835 906 932 93 320 765 832 448 52 234 381 304 903 404 806 132 838 515 769 286 815 174 275 599 1029 579 612 524 515 706 544 703 896 190 549 376 622 653 865 761 718 897 689 608 789 927 664 769 475 243 316 844 879 389 222 673 396 569 720 214 850 649 130 695 525 781 804 355 286 192 283 612 842 321 449 638 829 595 437 566 624 768 516 821 509 362 682 697 826 657 493 316 487 695 63 75 690 372 848 411 365 682 331 227 851 489 868 617 522 434 385 542 713 148 936 659 783 410 742 568 301 524 399 461 680 861 770 576 880 961 768 840 442 594 395 793 822 820 597 395 705 337 283 593 449 859 376 904 789 371 412 413 606 651 831 338 392 571 390 742 931 230 431 659 697 112 405 248 836 388 914 466 863 908 578 508 655 384 603 277 616 686 470 719 795 548 468 392 897 416 296 487 290 629 883 552 278 564 815 162 353 623 779 569 514 655 471 269 184
936 531 358 879 716 741 742 694 1069 536 893 0 157 534 233 417 580 843 593 256 708 421 246 1056 860 263 633 166 913 554 454 786 596 454 677 996 1051 577 193 349 529 751 489 753 718 626 825 777 540 809 302 954 579 751 574 879 542 213 407 224 679 1014 1026 396 751 183 280 365 581 1027 817 845 349 518 737 784 548 374 236 449 1130 147 404 85 753 497 569 504 731 598 838 232 439 622 633 905 864 928 595 66 927 1033 563 899 737 841 669 1031 822 539 768 612 912 386 669 513 1017 301 1007 781 293 178 939 402 461 385 295 378 252 638 836 1004 569 853 366 824 325 464 155 736 285 108 196 806 135 700 789 1158 49 959 1153 951 277 608 581 779 722 975 347 1017 891 835 877 672 866 621 833 611 595 644 573 497 961 383 319 1102 831 886 337 701 378 734 578 414 752 786 236 1031 627 406 686 915 850 701 752 812 573 726 313 566 982 214 550 812 930 576 458 1207 351 321 898 250 268 883 932 848 519 662 431 969 1077 214 188 588 740 878 362 650 732 991 646 583 944 82 968 896 510 569 874 659 868 646 613 999 177 579 1150 484 480 880 285 360 1164 800 975 588 152 166 685 608 239 287 782 594 770 971 548 278 851 728 947 318 572 417 581 940 1079 360 210 533 936 400 962 856 604 109 1095 926 710 798 274 696 518 1013 932 77 730 682 405 902 442 402 339 475 1112 737
846 399 281 784 581 587 615 600 913 385 735 157 0 377 214 342 426 689 536 164 556 264 212 899 704 339 475 269 756 423 342 628 441 323 548 870 902 477 273 240 424 597 332 617 648 566 720 728 387 655 288 806 538 660 538 722 418 282 398 151 524 864 870 322 627 98 201 230 454 886 665 690 199 408 608 642 431 231 183 388 984 188 330 90 598 365 413 478 584 457 689 371 420 497 518 801 753 849 568 203 771 884 501 821 607 683 513 887 677 519 633 557 757 363 549 455 867 278 852 632 136 312 820 288 328 232 207 233 156 603 683 878 420 744 266 760 273 392 215 646 128 61 261 706 62 571 639 1004 109 884 1004 799 164 467 471 691 568 893 242 860 791 714 793 610 725 465 680 455 493 594 416 352 849 357 177 960 716 776 288 579 350 613 427 329 662 718 80 897 474 250 599 758 693 613 611 746 429 585 219 409 830 225 420 751 817 455 301 1054 194 244 744 302 140 798 794 759 405 511 292 829 938 61 211 525 626 812 395 581 672 854 540 437 855 94 882 782 354 490 731 506 754 514 571 856 234 522 1000 328 323 767 160 338 1011 663 853 442 23 246 529 470 88 196 625 450 619 887 398 310 722 674 878 163 447 323 434 824 927 240 58 395 836 359 838 727 459 191 951 779 586 652 128 651 397 863 812 79 573 537 295 815 321 254 232 330 958 581
729 257 402 662 348 234 405 518 541 120 358 534 377 0 475 425 111 330 578 368 225 113 458 525 334 653 100 618 381 269 325 251 105 246 350 631 562 418 604 325 375 243 47 364 627 590 577 745 102 304 513 476 616 574 628 345 298 602 585 398 179 523 501 419 431 392 386 246 301 584 325 331 209 354 393 361 337 218 426 478 655 518 424 460 237 252 67 606 279 235 361 734 582 335 390 646 580 762 669 575 400 549 540 745 388 306 148 571 372 647 383 595 393 541 389 522 525 495 485 309 241 675 608 309 237 166 373 210 363 678 330 632 158 582 347 733 448 456 549 563 250 431 583 583 413 369 310 639 486 806 661 451 330 232 377 607 216 795 333 484 651 508 700 619 434 109 333 84 423 637 50 174 656 532 250 644 532 603 459 401 522 430 140 399 577 687 298 622 157 131 541 384 320 545 339 715 198 320 359 58 478 513 276 730 625 329 76 696 184 395 383 601 309 705 512 659 336 192 214 534 637 322 518 555 471 768 646 580 673 569 439 190 742 464 772 592 74 491 432 172 572 316 638 546 558 567 652 70 55 588 306 527 651 401 626 190 384 583 166 256 301 367 248 214 285 784 134 585 484 688 819 221 313 372 174 622 570 293 327 228 691 505 605 488 211 544 631 457 397 343 276 691 309 519 595 456 195 259 323 711 289 181 331 174 592 214
709 365 143 655 541 709 554 472 959 530 811 233 214 475 0 194 559 806 359 378 691 372 21 953 757 180 573 179 847 384 546 710 567 297 495 798 904 364 147 175 323 638 441 582 485 393 608 544 525 779 75 805 346 526 343 808 361 136 186 364 568 869 912 174 814 119 95 421 402 856 797 728 369 317 553 803 629 261 49 217 971 95 181 171 712 552 482 275 588 626 696 301 213 685 714 687 653 698 367 210 823 883 331 667 553 760 576 868 668 313 593 379 797 156 474 280 873 69 892 773 271 251 736 492 514 309 421 268 112 407 805 809 442 639 175 591 96 236 112 512 286 177 122 585 156 753 653 1032 206 727 1004 816 375 457 379 552 611 745 169 923 670 636 648 439 700 582 706 531 382 411 497 366 750 152 225 935 625 673 106 767 147 538 571 198 528 553 259 847 611 349 460 817 753 476 774 579 592 563 132 483 849 42 377 579 721 388 414 1071 332 114 779 125 346 654 756 621 324 649 474 798 902 211 63 356 822 645 187 417 498 813 435 596 716 170 739 688 485 342 712 637 659 469 381 834 106 345 1005 408 421 669 366 131 1033 626 774 600 190 138 642 643 280 113 710 614 753 741 545 111 663 495 714 321 388 210 588 733 947 443 258 573 714 167 764 667 621 144 931 774 519 649 212 463 593 871 730 204 656 694 501 673 267 299 442 498 990 690
518 221 61 462 372 653 373 278 826 517 706 417 342 425 194 0 530 739 196 487 650 355 176 826 638 335 508 368 754 233 609 617 529 184 321 609 744 171 329 121 138 517 408 413 307 225 414 389 505 720 160 647 210 334 217 712 201 312 174 486 456 712 778 20 830 250 142 477 238 681 746 598 412 139 374 784 674 223 181 56 802 289 12 341 650 586 404 182 443 630 547 485 160 711 753 492 459 513 255 404 699 722 159 484 376 659 479 697 510 224 421 217 666 134 290 118 716 147 756 734 316 441 544 561 551 287 526 230 185 277 744 620 331 445 91 418 98 50 305 319 343 334 305 391 305 767 511 886 380 545 841 668 470 317 194 361 493 559 115 803 476 447 460 268 531 533 569 452 189 257 427 265 556 125 230 761 433 479 92 790 117 352 552 25 335 377 344 663 580 331 269 699 639 284 760 404 592 404 124 408 701 231 224 409 527 215 389 916 355 99 645 283 435 466 580 431 152 616 510 623 724 303 256 184 854 470 264 239 330 633 242 591 526 342 550 495 464 152 546 597 466 302 241 663 296 182 845 354 382 476 453 132 882 454 583 594 323 328 583 650 367 145 621 613 708 554 533 246 479 334 537 365 221 53 579 540 797 515 359 592 520 89 574 484 615 338 759 613 337 496 257 314 638 715 539 369 568 678 573 484 140 253 528 514 847 623
833 369 503 766 444 161 504 628 542 48 342 580 426 111 559 530 0 263 689 371 132 187 544 519 347 732 105 685 345 380 269 240 25 356 453 713 600 530 677 424 487 290 123 454 738 702 681 857 39 229 606 524 726 683 738 318 410 678 685 407 245 562 509 524 321 463 476 238 412 644 240 364 231 465 490 253 253 314 510 585 697 589 529 515 175 182 165 712 357 130 419 795 684 234 291 746 679 868 779 629 407 591 650 853 485 295 199 625 442 754 473 706 413 641 495 632 562 588 496 213 300 736 698 271 184 254 364 307 447 788 256 713 264 682 449 844 545 564 620 672 299 485 659 689 473 259 371 650 534 913 693 487 335 336 489 716 269 900 432 472 753 603 807 731 507 59 378 149 535 748 139 286 749 632 335 696 631 701 556 293 622 532 32 505 686 799 345 692 51 211 652 384 327 655 229 826 97 410 453 156 509 594 387 841 719 440 147 713 236 491 409 682 325 812 584 766 448 89 182 600 697 380 595 667 363 878 738 692 784 638 549 86 846 519 876 688 74 602 500 79 670 421 749 603 632 678 680 177 148 685 315 625 666 487 712 84 438 654 113 150 341 457 231 108 195 889 47 671 572 800 927 263 424 478 69 715 591 274 370 145 792 608 690 576 102 608 680 511 499 413 350 802 232 556 685 505 194 148 283 817 398 279 313 128 601 163
905 535 725 843 518 102 576 752 352 308 166 843 689 330 806 739 263 0 862 629 144 437 788 320 239 983 234 944 119 535 487 152 248 554 552 706 485 686 932 651 658 288 366 506 877 866 758 1001 303 40 842 447 909 796 924 125 571 931 907 665 310 454 339 737 348 718 716 495 555 579 65 291 495 639 562 199 429 547 756 788 582 846 740 777 93 402 334 914 398 295 389 1057 899 361 412 804 735 955 965 892 259 486 827 948 556 157 270 545 437 953 520 876 294 863 605 821 452 824 337 115 559 998 720 509 421 496 615 539 693 964 24 700 415 746 670 967 775 761 876 788 561 748 912 777 733 319 365 468 797 1000 554 386 594 460 639 824 293 976 659 269 820 651 898 885 496 226 329 286 685 915 314 474 778 854 580 602 689 753 784 359 845 616 269 713 798 925 608 651 219 459 784 229 215 783 212 949 298 469 687 331 392 843 544 968 753 588 396 540 496 722 306 931 587 901 560 857 621 188 433 555 624 641 847 837 415 989 974 846 928 598 679 283 918 782 947 729 334 770 480 185 722 532 925 537 887 854 534 398 384 735 575 851 494 517 717 277 700 911 163 299 604 696 141 285 96 962 299 915 599 949 1024 526 572 685 277 742 440 524 633 355 849 824 694 602 271 868 582 452 588 416 603 962 427 444 705 768 180 212 517 900 598 509 561 381 423 116
369 329 255 328 397 789 368 184 875 684 796 593 536 578 359 196 689 862 0 684 797 531 347 884 715 439 645 505 853 327 800 723 683 334 345 541 752 178 462 315 205 602 572 432 131 35 313 192 670 851 296 663 58 209 78 811 291 440 221 682 557 727 827 215 1003 441 335 669 309 659 881 664 602 226 375 939 860 404 363 148 788 451 206 524 781 770 541 128 504 802 588 605 182 890 935 378 371 345 113 566 766 729 39 313 380 755 592 687 540 135 432 20 725 218 293 81 733 293 804 878 510 574 466 754 737 467 723 411 380 101 872 555 449 351 284 231 269 146 458 199 538 522 441 280 494 939 568 911 562 370 840 703 667 404 226 223 584 393 310 871 353 396 303 79 537 680 627 584 184 61 567 405 459 217 423 738 365 384 256 966 219 330 715 214 209 195 540 618 735 508 151 774 722 167 918 220 763 443 320 547 734 384 318 219 436 276 559 927 543 292 703 400 632 309 561 286 244 769 697 607 691 500 412 25 1032 286 325 69 138 603 212 760 373 524 392 410 630 92 556 746 384 348 63 653 442 14 849 513 546 388 649 240 901 461 510 761 516 471 721 822 564 340 731 783 849 391 701 358 449 138 354 557 290 232 746 454 822 709 556 771 391 193 508 452 783 499 742 629 334 536 453 119 824 734 467 555 683 838 767 331 295 427 723 694 881 753
966 486 429 901 654 528 698 722 904 323 710 256 164 368 378 487 371 629 684 0 486 275 376 885 700 493 451 410 717 509 198 605 393 418 632 950 928 598 423 372 544 610 321 683 786 711 830 876 333 591 452 839 692 784 694 689 515 435 561 36 542 890 867 468 495 260 354 133 545 936 592 700 159 525 689 539 291 319 345 538 1018 344 477 234 545 248 424 637 626 356 721 489 582 368 376 909 853 977 726 321 764 914 646 952 686 661 516 929 722 679 702 704 760 525 645 604 891 441 851 550 191 434 909 147 217 284 43 317 307 758 617 955 467 848 402 900 431 537 368 769 163 212 415 821 224 446 670 1006 227 1015 1028 818 37 530 582 816 582 1019 376 840 903 802 918 754 778 424 699 453 613 744 416 417 945 518 276 1003 812 877 446 445 510 705 360 470 786 857 144 961 410 275 727 746 684 739 507 885 338 646 363 417 846 388 510 892 913 555 296 1064 204 395 751 461 64 924 853 882 517 441 196 882 990 183 372 670 483 950 558 722 816 913 654 350 977 237 1004 878 316 627 780 444 852 595 724 901 389 669 1020 347 325 866 61 500 1018 728 937 356 187 395 484 363 121 345 598 356 545 1012 330 472 798 821 1013 167 544 458 353 917 938 110 128 289 948 517 919 803 368 334 991 816 675 694 235 801 262 886 899 205 552 445 149 938 432 323 83 248 958 535
897 468 627 832 502 54 562 713 471 171 268 708 556 225 691 650 132 144 797 486 0 318 674 442 307 864 154 817 248 474 345 192 124 469 523 738 569 628 809 550 591 298 250 501 831 806 746 953 169 105 735 510 837 764 851 233 508 810 811 522 284 534 447 645 267 595 606 353 502 639 109 343 358 570 548 148 294 441 641 703 668 721 650 645 80 258 255 831 394 155 423 926 807 236 293 803 734 940 892 759 352 565 759 928 543 233 234 612 460 871 519 812 373 766 572 745 533 717 440 84 432 867 737 365 277 383 471 433 578 897 131 735 352 741 572 931 672 680 752 755 430 616 791 759 604 218 384 585 663 985 651 459 452 414 583 795 289 967 558 392 814 653 880 831 525 117 370 217 630 853 229 393 792 757 466 677 686 755 683 259 747 597 129 624 767 887 475 700 81 342 741 324 283 743 137 913 154 459 581 249 474 725 483 930 764 533 277 654 368 619 377 814 447 884 598 838 552 45 290 604 689 512 727 773 326 961 867 791 880 646 636 139 911 650 940 736 206 707 514 54 723 496 858 597 764 786 635 296 273 737 434 751 607 524 743 133 569 786 84 163 469 587 178 142 63 954 159 802 611 898 1004 393 516 597 133 756 541 380 499 212 849 731 720 614 129 740 659 505 566 434 482 905 288 525 723 634 174 87 373 886 513 404 417 238 537 93
738 245 320 671 388 338 438 507 650 163 471 421 264 113 372 355 187 437 531 275 318 0 356 636 442 547 213 507 494 264 290 364 194 201 374 683 656 392 495 241 342 341 70 414 600 549 591 711 155 408 418 565 560 567 570 459 283 494 501 301 270 617 609 345 475 281 289 176 301 661 425 433 118 320 428 436 333 132 323 411 744 408 351 346 344 242 153 536 351 275 447 622 503 359 405 666 605 761 609 462 509 641 491 741 424 419 252 654 447 579 433 549 498 457 399 464 619 400 592 401 127 563 649 256 212 68 290 125 259 625 435 687 194 603 268 712 358 394 439 554 138 317 475 590 300 411 395 745 372 803 757 548 239 263 361 601 312 799 249 596 666 544 700 583 504 211 429 191 402 592 153 161 690 448 148 728 560 628 371 436 438 453 202 330 570 667 186 688 239 24 523 495 430 531 410 695 237 374 267 148 577 407 268 707 658 320 41 799 75 306 486 496 212 705 580 660 305 277 176 608 714 208 410 510 501 754 550 546 641 639 430 237 750 351 779 624 114 451 505 264 601 338 586 626 449 518 750 72 58 615 214 439 755 457 673 240 271 473 274 294 192 270 361 258 381 789 180 483 532 654 810 113 306 305 225 660 672 226 216 239 709 426 654 537 261 432 716 541 420 419 166 648 299 614 637 343 309 328 271 715 236 103 258 164 698 324
692 343 123 638 520 691 533 454 938 515 791 246 212 458 21 176 544 788 347 376 674 356 0 933 737 199 555 200 828 363 539 690 550 276 474 778 882 345 168 154 303 618 424 560 471 380 589 534 510 761 76 784 337 509 334 788 340 157 185 364 548 848 892 156 803 115 74 412 381 835 780 707 359 297 532 788 620 242 35 202 950 113 163 179 695 542 463 269 567 614 675 322 209 675 705 668 633 683 360 227 802 862 317 653 532 740 556 847 647 309 572 367 776 152 453 267 851 65 871 757 259 272 716 486 504 292 419 249 97 399 788 788 422 620 154 578 79 220 132 495 276 182 144 567 158 742 632 1011 215 713 983 795 371 436 359 535 590 730 148 902 652 616 632 426 678 565 685 512 362 400 478 345 731 146 208 914 606 654 91 757 140 518 556 178 511 539 252 826 596 332 443 797 733 459 760 566 579 542 111 464 828 64 356 567 701 367 397 1050 319 93 758 145 341 638 735 605 303 634 464 777 881 203 83 342 812 632 198 403 486 792 415 582 700 178 723 668 469 325 690 620 640 448 371 812 127 333 984 389 404 650 361 126 1012 605 754 587 190 159 624 630 273 93 691 601 737 726 531 127 642 483 700 310 367 189 574 714 926 437 253 561 696 156 744 646 607 162 910 752 498 628 198 453 584 850 710 211 636 680 495 657 245 280 437 486 969 672
791 605 837 742 487 388 524 724 37 568 177 1056 899 525 953 826 519 320 884 885 442 636 933 0 197 1132 433 1119 200 593 780 279 495 660 538 527 226 710 1096 780 706 315 572 453 849 874 671 968 554 357 966 254 939 746 958 208 626 1089 1000 918 385 216 63 833 668 897 858 753 593 358 384 228 731 695 513 517 736 699 908 862 304 1018 833 977 363 691 487 973 385 596 295 1240 979 676 729 686 627 853 997 1091 130 241 857 858 508 224 387 314 346 1003 457 890 161 960 591 870 211 949 84 435 762 1183 572 789 701 672 881 693 851 979 343 516 510 644 787 910 894 830 1047 744 774 950 1073 701 928 639 318 149 1006 895 256 193 847 509 664 765 342 859 786 50 711 549 807 877 370 462 259 444 701 921 483 587 629 952 748 344 592 637 898 680 944 566 539 804 748 876 823 443 493 649 762 140 206 753 532 893 588 440 822 490 171 995 602 915 615 623 601 222 709 848 182 1077 831 808 395 772 678 477 701 365 385 841 1008 858 735 914 1088 844 902 402 672 572 803 982 827 604 568 796 349 460 609 539 945 326 1052 879 232 571 577 619 825 956 177 434 551 567 904 1080 407 605 826 840 287 581 413 844 565 1050 485 927 929 746 612 779 561 597 148 793 852 647 725 916 530 485 568 1052 322 282 553 348 786 955 728 204 558 978 332 524 801 799 697 664 832 648 107 362
688 416 644 630 327 255 377 572 208 394 91 860 704 334 757 638 347 239 715 700 307 442 737 197 0 936 250 922 159 406 616 115 322 466 373 469 261 537 900 584 525 120 381 303 699 710 549 822 378 260 773 209 768 605 786 124 442 893 812 731 188 226 167 643 567 700 662 572 412 341 297 58 543 511 364 425 588 502 711 677 361 821 643 781 229 529 291 793 211 448 159 1043 794 541 599 584 517 743 826 894 66 257 685 741 358 82 191 309 213 826 313 724 66 771 429 692 225 755 151 335 568 986 489 618 532 476 701 496 654 814 261 463 315 531 593 775 700 646 850 600 581 754 877 573 732 524 153 306 811 787 348 152 662 322 489 629 146 758 591 166 603 433 690 719 264 288 100 251 530 758 289 391 548 762 551 371 474 533 706 565 754 420 373 615 607 737 629 412 334 454 608 61 24 603 429 758 431 277 626 294 167 799 416 779 526 443 409 366 516 654 70 881 643 692 323 651 494 329 525 315 388 646 811 689 630 789 897 683 752 359 509 415 701 785 728 505 385 624 247 306 502 366 777 299 855 709 333 376 384 514 639 766 320 301 482 410 708 884 246 461 634 644 128 429 304 745 395 856 375 776 816 554 431 588 401 512 243 615 659 487 628 727 459 377 417 855 352 213 399 199 589 798 573 217 474 783 153 394 630 687 505 467 653 474 258 214
808 536 303 764 704 885 709 593 1136 699 991 263 339 653 180 335 732 983 439 493 864 547 199 1132 936 0 752 101 1027 554 682 890 741 473 655 941 1073 504 71 352 474 817 617 745 571 474 732 594 696 955 175 975 404 638 391 988 527 57 218 468 748 1040 1090 321 966 271 274 568 567 1016 972 905 526 473 710 969 771 441 228 332 1136 151 324 258 890 703 662 319 762 788 869 166 257 836 857 806 783 784 398 202 1001 1052 424 751 711 940 756 1031 838 340 755 455 975 226 626 376 1044 190 1069 945 435 146 873 627 665 486 536 448 290 447 982 953 621 767 347 659 245 361 124 625 444 282 78 704 278 908 828 1207 271 805 1173 990 502 631 529 658 790 831 345 1102 784 780 743 517 864 758 882 711 521 474 676 545 879 230 402 1097 763 801 245 918 233 687 741 349 638 630 407 999 784 524 572 997 933 589 939 652 756 732 310 663 1023 140 546 646 851 548 588 1243 499 285 956 55 480 749 915 724 483 822 628 959 1060 362 137 446 966 715 125 508 567 969 573 761 813 255 832 821 657 457 878 811 792 633 435 997 105 428 1175 587 599 801 500 212 1206 788 914 766 318 99 819 803 423 293 890 778 927 831 714 89 815 556 783 481 551 369 755 867 1121 580 396 730 826 266 907 819 785 160 1094 943 673 820 382 514 737 1042 869 289 836 861 634 771 439 478 569 659 1166 868
749 315 492 683 355 145 415 559 452 147 262 633 475 100 573 508 105 234 645 451 154 213 555 433 250 752 0 718 281 320 372 154 81 324 371 612 496 474 704 417 439 184 143 359 677 653 597 799 130 212 608 419 687 611 701 246 355 701 674 484 144 458 416 505 402 492 483 322 347 539 238 260 297 418 402 302 358 313 524 559 593 619 509 560 142 287 104 686 258 229 313 835 667 332 391 658 589 789 743 675 313 487 607 777 396 210 95 519 338 725 378 660 313 630 419 596 459 590 401 233 340 776 602 369 285 266 450 306 461 746 236 611 198 595 436 777 541 534 649 601 348 531 683 608 513 344 266 556 584 834 591 383 414 260 429 642 164 818 425 390 667 511 729 677 403 51 272 62 476 701 81 244 654 621 349 590 541 611 550 382 611 447 136 482 613 733 396 588 117 232 587 294 232 588 287 759 200 316 453 99 407 611 329 776 625 378 174 617 281 488 308 699 397 733 481 687 400 138 275 495 591 422 617 620 453 807 740 638 726 534 481 187 762 564 792 595 135 554 396 110 579 343 706 498 658 635 579 165 156 594 391 617 570 388 613 184 484 683 76 247 397 463 149 207 204 806 151 682 475 744 852 316 362 454 171 619 493 364 424 250 704 592 590 479 199 645 575 406 416 309 377 752 337 452 588 555 100 216 381 736 368 275 403 225 507 117
869 542 322 820 720 843 734 641 1126 648 968 166 269 618 179 368 685 944 505 410 817 507 200 1119 922 101 718 0 998 562 604 864 697 471 674 976 1080 540 43 350 501 805 578 761 636 540 779 673 648 913 214 982 478 692 468 961 541 67 292 382 733 1045 1081 350 895 226 269 499 581 1036 926 896 466 497 732 911 696 419 216 379 1149 100 355 181 851 635 637 395 762 727 871 123 330 765 782 856 827 851 480 102 988 1060 484 819 733 916 735 1047 845 422 773 523 966 287 653 434 1049 223 1061 896 385 72 912 551 597 453 452 425 267 528 940 987 611 812 354 733 270 404 72 678 388 209 64 755 214 840 826 1205 182 876 1181 990 423 632 558 715 777 899 345 1085 837 814 806 585 878 718 877 685 557 547 648 534 924 288 372 1115 802 846 275 846 287 717 690 375 693 700 346 1026 736 486 625 980 915 642 880 724 697 741 307 636 1022 138 555 720 895 567 548 1246 449 293 949 109 406 812 936 783 503 773 562 977 1082 305 116 508 891 788 217 571 640 992 611 705 876 176 896 863 611 507 890 765 834 648 511 1013 72 493 1182 556 562 844 426 266 1207 806 952 710 252 40 781 740 357 284 863 719 881 897 662 149 842 631 857 425 567 389 700 908 1121 505 328 665 881 317 942 846 728 78 1110 951 698 825 341 592 664 1046 907 205 808 805 556 833 444 455 490 599 1162 831
847 537 750 789 479 195 532 722 233 393 68 913 756 381 847 754 345 119 853 717 248 494 828 200 159 1027 281 998 0 532 592 138 324 572 521 623 375 674 982 682 655 252 425 458 849 852 707 973 383 157 874 352 904 758 921 42 569 978 927 752 299 348 221 756 468 772 754 583 545 482 184 218 571 639 519 318 541 586 799 799 470 898 758 841 174 505 364 921 359 403 318 1115 914 477 530 743 676 902 962 956 154 380 821 899 513 98 275 443 372 956 470 864 197 884 576 822 345 856 222 234 621 1057 647 608 519 544 708 579 737 954 143 616 423 690 696 930 803 769 928 753 628 812 961 731 794 439 308 348 865 946 437 286 680 450 626 785 268 918 689 149 763 592 848 865 423 294 260 315 670 901 351 492 706 875 627 495 633 692 811 479 866 574 359 729 761 891 676 559 310 513 757 125 141 753 332 912 400 428 721 364 286 887 542 933 685 577 455 420 562 753 214 973 669 850 478 809 621 287 525 465 523 703 895 828 535 946 1004 828 902 508 655 384 860 845 888 665 406 761 405 276 661 509 916 441 936 846 417 442 437 674 660 875 374 459 639 378 765 963 232 410 676 734 136 390 213 904 387 953 534 924 974 595 564 702 375 671 324 617 704 458 787 843 616 536 377 926 474 363 551 357 657 944 536 337 632 836 191 326 618 846 615 548 656 471 303 181
473 23 251 406 161 463 192 249 592 386 479 554 423 269 384 233 380 535 327 509 474 264 363 593 406 554 320 562 532 0 554 398 369 100 125 447 519 153 531 213 123 287 277 200 358 332 327 479 369 523 381 421 374 307 390 490 36 519 407 525 232 486 544 241 701 371 294 437 36 476 554 364 373 106 185 620 591 194 347 270 587 467 240 468 454 500 220 388 210 504 315 685 387 601 654 403 344 499 431 565 466 498 292 480 184 435 265 484 284 423 214 341 432 367 136 290 489 364 522 554 319 633 401 520 474 227 536 195 306 429 544 455 122 341 209 464 308 239 491 295 347 449 507 325 419 638 278 654 507 542 620 437 479 84 109 340 265 535 218 571 401 293 437 356 316 360 335 258 156 381 246 104 435 359 247 553 302 368 311 670 351 195 409 212 310 418 377 477 420 250 272 468 409 276 602 446 465 179 255 227 470 427 9 461 403 60 276 689 313 271 411 499 446 442 378 397 88 451 440 417 524 363 445 302 739 500 497 317 406 437 170 459 485 471 515 368 334 235 327 426 342 91 390 451 490 318 621 217 253 357 455 364 653 246 431 459 414 522 396 524 395 279 405 482 524 525 401 467 299 424 552 345 44 188 443 407 567 486 405 488 445 322 415 304 480 510 548 389 165 266 295 431 558 488 391 485 356 524 535 451 117 186 514 419 615 425
1028 535 559 961 667 396 721 796 805 224 603 454 342 325 546 609 269 487 800 198 345 290 539 780 616 682 372 604 592 554 0 506 294 486 660 955 868 679 614 488 626 554 292 687 884 823 881 988 242 447 614 790 820 857 826 573 573 624 718 231 499 830 775 594 298 427 498 132 591 905 438 632 198 605 710 360 93 398 505 665 965 530 602 425 418 88 392 779 605 192 680 687 732 173 178 955 892 1051 862 518 674 859 761 1030 705 559 459 889 696 822 706 820 682 678 689 726 831 601 764 389 294 632 929 54 88 339 162 392 453 887 471 957 471 891 518 997 578 656 557 844 269 399 603 880 404 252 630 916 423 1093 962 755 181 544 650 890 531 1089 493 731 955 826 990 861 759 328 644 400 689 862 374 451 974 670 378 961 846 915 593 248 661 740 243 588 859 951 287 947 286 306 810 650 595 819 328 980 192 644 494 384 778 565 558 991 942 610 283 981 257 532 678 645 202 995 837 950 592 305 115 857 959 335 553 782 286 1041 733 825 921 894 720 207 1040 429 1069 908 251 729 756 319 887 624 850 866 576 787 949 345 310 902 182 655 934 726 949 213 364 586 373 192 266 484 496 202 393 1080 221 650 807 931 1099 244 596 568 218 942 860 103 289 133 998 660 929 812 216 527 946 775 707 667 356 920 69 824 917 399 462 281 49 1005 515 383 115 151 867 418
752 402 612 690 366 141 423 603 301 289 107 786 628 251 710 617 240 152 723 605 192 364 690 279 115 890 154 864 138 398 506 0 216 434 402 561 377 545 846 544 522 135 297 353 729 724 605 853 275 161 736 319 772 645 789 97 435 842 789 638 166 341 268 618 455 638 616 473 414 449 198 153 452 505 410 318 474 448 662 662 476 763 620 711 116 418 227 785 246 333 242 982 777 426 484 652 582 802 830 826 167 372 689 796 403 56 137 420 287 822 368 735 181 747 456 688 340 718 257 228 492 924 570 512 424 410 601 442 601 825 170 557 285 593 558 816 665 633 793 638 501 682 824 625 663 410 213 409 737 847 462 266 568 319 497 673 143 823 551 235 667 498 745 740 349 182 185 179 542 773 216 354 628 737 491 485 536 601 673 451 728 464 263 592 647 775 550 514 221 381 636 144 91 634 318 798 318 317 583 227 282 750 408 818 602 447 327 474 435 615 184 836 552 748 417 705 486 214 422 417 498 573 758 698 517 837 865 702 781 460 532 302 765 715 794 578 289 631 334 192 569 384 786 407 801 715 447 307 306 583 545 737 427 365 570 297 635 827 133 346 552 597 14 315 196 810 287 815 448 802 872 471 432 564 289 591 355 513 578 375 697 705 547 450 303 792 467 317 437 265 524 818 460 333 555 708 55 279 524 747 477 411 552 369 361 99
