296
0 552 678 451 521 162 586 544 181 787 796 437 501 545 132 271 196 817 733 841 112 847 139 316 618 280 76 743 433 466 581 140 750 789 502 412 479 333 216 179 137 233 305 322 400 141 617 491 433 363 580 234 428 811 852 126 768 626 596 482 584 313 324 372 760 443 428 417 444 919 617 391 490 437 340 644 572 413 613 788 367 271 312 616 353 771 233 740 286 146 186 199 788 706 514 397 412 208 640 827 206 542 360 509 670 202 622 200 239 692 480 570 537 277 18 800 588 842 597 814 236 488 136 244 251 318 414 869 606 100 696 505 675 252 267 468 655 602 94 586 759 71 668 481 468 157 135 426 701 842 352 702 224 742 165 526 519 477 567 174 825 522 586 409 376 705 619 453 222 501 331 68 733 676 401 402 550 407 412 486 110 406 321 240 243 377 656 115 244 718 345 311 558 383 635 466 59 498 388 192 558 252 13 372 242 293 225 167 917 937 393 350 657 914 829 632 665 876 416 357 321 550 601 534 516 346 564 149 365 389 370 596 618 571 270 355 731 326 564 552 624 254 587 327 766 655 321 497 846 321 500 661 215 653 763 506 199 310 613 195 417 767 225 568 649 451 844 164 821 436 535 352 671 236 807 608 150 678 400 692 461 280 487 342 400 156 280 667 286 178 478 349 112 779 634 636
552 0 645 485 68 654 209 24 575 521 615 256 517 539 577 567 355 264 591 310 459 756 417 685 189 809 501 530 461 693 511 636 460 267 370 937 78 238 337 393 425 514 559 467 895 671 94 372 529 886 673 466 667 261 300 604 562 605 236 242 388 856 409 380 670 124 434 373 453 366 372 339 680 544 337 357 308 713 305 257 505 822 699 321 595 288 494 630 550 694 481 543 755 193 211 366 626 385 528 322 683 166 319 188 338 717 666 613 493 358 650 295 289 400 535 289 480 310 293 762 441 379 667 717 666 430 724 316 122 651 349 208 163 798 480 357 213 145 536 427 455 507 681 199 91 548 473 466 563 290 365 247 776 610 407 340 95 560 51 665 289 283 325 582 608 453 124 226 378 349 430 574 199 194 622 184 574 756 642 134 468 580 800 784 437 448 115 667 607 294 797 283 108 301 367 180 592 653 169 361 704 301 559 380 368 532 503 719 368 385 224 217 595 369 282 255 319 336 232 420 231 349 110 253 696 605 668 581 205 791 897 295 623 106 660 493 726 847 247 622 392 302 582 761 419 470 355 312 305 821 235 625 671 354 218 561 749 283 715 632 139 341 449 663 465 436 293 550 276 116 602 601 172 475 343 63 564 281 926 334 215 612 503 862 407 415 348 583 267 454 616 516 620 251 200 91
678 645 0 233 578 614 455 621 521 286 192 802 1030 1068 571 906 611 784 132 689 586 168 655 472 832 728 705 217 256 309 136 617 312 878 280 793 596 528 632 552 672 447 387 884 706 808 606 926 997 759 1164 445 326 739 824 597 212 53 868 820 263 793 845 857 91 560 933 318 956 845 985 839 267 243 798 328 918 393 366 859 939 808 494 944 354 570 836 97 909 787 493 840 118 824 813 864 1034 715 125 626 884 482 798 791 373 870 1184 869 439 369 1091 906 357 800 665 908 1051 901 916 139 800 929 804 600 525 855 406 829 561 718 385 806 800 769 853 902 504 789 587 221 331 609 57 450 652 530 547 261 129 805 374 519 816 121 557 921 714 203 697 852 876 362 937 1011 1001 269 571 431 503 915 865 630 808 838 319 696 1092 455 323 727 581 1008 635 755 803 910 641 746 478 479 596 710 544 800 988 474 737 1104 641 600 213 586 691 348 736 390 836 771 897 877 471 665 52 780 739 435 390 905 445 876 614 940 569 393 253 368 167 817 534 528 772 917 63 748 940 924 80 731 866 1120 1003 567 1117 560 384 202 798 336 877 679 825 21 572 338 692 1059 762 709 161 870 639 486 797 157 205 255 774 525 725 612 151 359 574 443 550 640 545 926 788 399 783 444 1013 738 309 688 753 72 623 507 227 330 790 858 499 647
451 485 233 0 418 411 344 462 310 371 351 593 806 845 356 673 379 685 284 629 354 398 422 312 659 548 472 313 27 226 133 409 356 745 142 639 420 315 402 319 439 227 188 654 563 586 476 712 768 597 935 216 213 650 727 385 332 179 683 618 201 613 617 633 309 376 709 113 732 767 786 619 202 69 575 289 720 279 294 730 709 615 333 751 181 517 603 288 675 570 265 606 349 678 618 643 801 484 193 580 657 345 577 598 335 648 958 638 215 346 859 710 237 571 436 771 837 779 723 372 568 715 581 419 343 626 292 736 436 501 358 610 649 578 621 688 415 619 363 177 371 380 238 290 467 313 317 28 255 709 150 449 611 292 324 714 534 75 533 626 755 232 739 779 768 303 450 259 270 704 636 409 674 679 176 491 867 339 193 537 349 776 476 562 571 683 518 529 284 430 447 489 403 583 792 305 511 872 437 368 218 360 464 124 506 180 603 561 802 795 275 452 206 720 657 354 342 794 257 649 398 734 441 267 214 196 185 585 329 401 610 724 179 576 709 694 298 563 674 893 802 341 894 408 402 232 572 191 763 516 625 214 382 302 598 832 559 488 235 640 442 461 565 181 228 51 688 308 645 422 122 188 474 215 522 500 330 750 631 364 581 257 789 573 86 455 526 215 401 276 133 118 563 726 402 516
521 68 578 418 0 610 153 43 526 467 554 287 550 576 533 569 326 305 527 321 421 692 392 629 254 767 477 470 394 628 444 593 407 330 302 893 51 192 313 352 402 460 500 478 846 648 95 410 553 842 705 412 604 291 344 561 503 538 296 283 322 817 421 400 605 78 461 306 482 404 427 362 614 478 350 298 361 652 246 317 522 787 644 378 534 273 492 565 554 666 432 537 689 259 259 390 641 373 461 318 669 104 335 235 285 697 703 603 438 307 672 348 223 403 503 354 525 369 350 696 440 417 643 669 615 441 663 358 94 618 299 255 230 761 483 393 177 211 495 360 403 470 613 130 105 501 430 400 499 331 303 218 745 547 367 385 145 493 118 648 346 216 379 600 620 394 105 159 331 390 443 536 259 262 559 196 609 697 579 173 429 598 751 746 436 468 135 636 553 258 745 282 57 321 424 113 566 677 162 329 637 270 530 316 363 473 500 688 416 425 164 213 528 392 308 204 267 391 168 437 209 397 86 187 630 544 601 566 159 735 853 352 555 170 656 508 659 803 302 654 446 267 621 709 372 407 365 244 360 775 279 558 623 297 242 591 715 282 647 621 135 309 446 596 401 369 326 502 300 101 534 539 159 420 323 93 518 347 882 285 250 555 535 818 342 395 349 517 246 406 549 454 598 312 159 119
162 654 614 411 610 0 639 641 103 778 761 583 664 708 77 426 314 915 694 917 200 781 279 176 750 158 237 723 402 350 544 22 753 908 505 283 576 418 342 261 283 191 228 484 249 223 703 649 596 232 738 224 315 901 953 50 744 564 736 627 586 214 485 531 702 534 590 421 607 1014 771 547 383 373 495 660 722 281 641 904 529 205 164 765 260 831 395 690 444 186 186 356 711 826 654 555 566 359 605 891 313 605 513 645 696 278 782 340 209 715 635 718 565 437 167 923 750 958 745 741 398 646 220 81 106 480 277 968 683 123 722 645 795 168 430 626 713 728 120 576 765 158 591 538 580 115 181 393 665 941 366 759 202 699 248 680 639 412 679 283 939 552 737 568 530 703 697 504 279 657 493 99 847 802 302 531 713 259 306 613 189 565 161 153 405 540 745 148 135 763 182 451 635 534 788 531 190 654 505 305 454 359 168 376 395 231 387 159 1022 1036 458 476 605 997 916 676 695 988 472 518 435 705 680 573 408 248 472 296 451 229 243 744 550 692 404 517 651 192 708 712 780 354 750 166 784 640 477 518 958 171 643 600 58 671 850 668 148 451 516 328 530 808 388 479 635 429 937 116 907 541 462 256 743 219 857 703 96 818 271 721 601 171 650 208 391 306 433 619 405 205 392 294 233 896 694 729
586 209 455 344 153 639 0 186 542 313 406 437 699 726 563 687 408 342 385 289 476 551 476 614 397 796 559 321 326 570 328 626 253 423 204 913 195 261 405 407 489 461 478 610 853 724 151 562 695 864 852 419 553 305 384 594 353 422 445 436 191 853 555 541 468 188 607 250 628 422 580 506 547 412 487 148 514 612 96 404 658 833 633 529 499 191 609 426 677 732 453 645 557 371 412 535 775 481 331 253 761 55 475 389 131 779 853 705 440 153 811 501 108 530 568 453 679 448 502 561 558 568 719 682 617 573 625 392 106 675 147 408 348 802 607 543 75 352 536 234 250 524 497 104 256 524 470 335 359 366 281 119 803 405 421 539 298 416 260 736 423 112 532 737 751 243 116 135 369 542 578 583 353 389 511 338 758 666 530 327 481 734 758 787 556 608 186 697 552 132 743 409 101 465 575 123 639 818 294 406 553 353 597 281 479 455 615 745 459 450 193 341 402 379 312 54 114 457 170 576 318 551 115 78 557 512 510 662 236 717 876 504 444 315 765 644 535 826 455 802 599 342 772 704 222 266 499 153 427 789 433 435 637 145 254 739 764 409 550 719 274 183 562 504 261 294 343 523 300 237 443 505 129 425 220 187 543 488 903 134 402 544 683 839 290 490 473 388 349 436 477 417 680 403 58 192
544 24 621 462 43 641 186 0 560 499 591 269 532 555 564 570 347 275 566 309 448 732 410 667 213 797 495 507 438 671 487 623 438 288 345 924 65 223 331 380 419 496 539 474 880 665 85 388 540 873 687 449 646 267 312 591 539 581 259 258 363 845 416 389 646 108 446 350 466 376 394 349 657 521 344 334 329 693 282 277 514 812 681 343 575 277 496 605 554 686 466 544 730 216 230 377 634 383 503 315 681 142 327 207 316 713 682 612 475 337 660 316 264 403 526 311 499 329 315 737 443 395 661 702 650 436 704 327 104 642 328 227 186 787 484 372 195 169 523 402 433 497 656 174 94 533 460 443 539 300 344 231 768 586 394 359 113 537 76 662 307 258 346 591 615 430 110 203 363 366 437 563 218 219 600 189 589 737 621 149 457 589 784 773 439 458 114 659 589 276 781 284 84 310 389 157 585 664 167 352 681 292 551 359 368 512 504 711 382 395 204 217 570 372 286 233 297 353 210 429 225 368 93 228 673 585 645 578 189 773 884 317 598 130 661 501 701 834 269 636 413 291 599 745 399 446 361 287 322 807 253 600 656 331 221 574 740 284 691 631 138 325 450 640 441 412 300 535 279 109 578 580 161 457 331 64 550 306 912 313 229 593 517 849 385 410 350 559 261 439 593 495 615 271 180 93
181 575 521 310 526 103 542 560 0 675 661 539 660 704 52 449 262 831 594 824 153 689 248 145 689 255 239 621 300 284 444 99 650 836 402 371 496 337 292 194 258 87 134 482 320 291 616 622 599 322 754 123 247 813 870 76 643 470 683 580 482 315 471 510 607 452 577 318 596 929 735 518 311 278 465 558 680 234 540 830 533 308 147 722 176 734 402 593 462 266 94 377 623 755 603 531 590 333 504 795 374 511 480 590 594 352 792 381 106 612 657 675 464 420 175 853 733 884 699 652 391 621 287 142 96 470 235 885 593 197 619 593 724 272 433 597 617 663 92 472 662 134 503 444 509 32 115 290 565 857 265 662 300 600 184 647 572 317 605 342 864 451 697 584 554 600 607 409 197 626 483 117 772 736 223 472 714 236 232 550 141 581 224 256 397 532 659 225 63 664 224 407 546 498 750 439 231 674 438 250 380 294 193 274 367 132 396 251 942 952 367 417 508 907 828 577 594 912 378 506 370 671 591 474 336 168 390 330 370 237 334 699 458 625 450 519 565 283 658 722 746 285 749 192 681 537 451 416 881 249 595 506 97 569 762 671 249 406 438 374 461 708 382 396 532 326 850 28 818 466 371 174 651 117 758 620 31 764 360 620 551 98 645 297 287 282 403 521 345 122 306 194 284 823 598 645
787 521 286 371 467 778 313 499 675 0 124 746 1004 1034 715 953 651 570 156 448 677 287 713 681 705 919 785 69 376 555 250 773 61 693 284 1010 506 520 660 620 729 588 559 895 931 928 448 873 992 968 1154 563 558 518 605 746 77 293 757 748 203 983 844 839 237 489 909 369 931 608 893 808 516 427 782 172 828 629 223 670 947 983 703 842 550 336 876 201 948 921 611 899 334 660 726 836 1059 745 196 379 986 364 773 703 183 989 1159 948 571 163 1103 815 277 811 769 725 991 701 815 321 829 878 923 791 715 861 643 604 406 855 175 722 643 946 881 853 320 661 710 203 71 716 343 376 567 671 652 386 158 586 435 311 973 172 630 852 611 401 571 957 677 291 846 1025 1031 83 410 381 570 854 867 759 630 688 533 643 1065 693 545 640 677 1022 846 931 829 903 468 881 654 259 815 697 414 766 888 403 846 1112 593 645 481 606 799 415 752 549 879 919 671 640 446 634 246 532 511 266 202 695 414 869 597 864 417 301 511 565 431 898 508 761 981 817 322 627 1014 932 344 934 768 1105 913 590 1081 776 126 139 790 300 670 887 746 278 753 170 481 1041 923 696 442 956 578 242 830 421 143 348 547 667 498 542 383 556 388 566 298 489 690 794 1002 191 714 629 987 945 391 737 756 222 622 610 455 489 895 672 327 485
796 615 192 351 554 761 406 591 661 124 0 820 1070 1103 707 991 686 689 69 572 691 163 742 641 803 891 806 85 364 492 217 760 177 807 312 968 587 570 700 643 759 578 534 946 884 934 551 947 1050 931 1215 563 504 638 725 736 54 218 850 828 246 956 899 900 121 563 974 386 996 731 981 874 451 391 842 258 915 573 309 785 1000 964 663 933 514 457 915 95 988 920 612 931 213 768 811 901 1106 786 157 503 1000 450 836 787 285 996 1226 972 565 270 1156 902 341 861 780 838 1069 818 905 198 872 952 929 761 685 913 586 726 507 852 284 805 749 925 925 926 427 758 711 223 192 724 247 446 648 664 660 373 96 706 453 426 962 71 651 932 699 357 666 970 794 353 933 1076 1076 164 513 442 591 931 921 758 742 792 487 714 1132 637 495 723 689 1073 807 910 873 961 576 880 630 375 771 754 507 833 979 473 856 1166 661 678 403 648 809 429 799 530 917 912 793 763 500 697 169 656 632 366 305 814 469 927 654 946 517 373 440 528 355 920 565 708 944 907 244 721 1041 985 233 900 857 1168 1000 631 1151 734 249 157 846 348 789 849 828 192 728 261 599 1105 910 753 354 977 650 364 872 345 163 345 669 659 619 617 322 520 498 563 421 590 681 894 962 301 792 600 1053 908 396 771 808 148 673 618 399 467 907 786 431 590
437 256 802 593 287 583 437 269 539 746 820 0 262 288 518 344 277 470 782 555 388 941 304 678 200 717 365 739 566 750 667 560 688 389 526 849 241 278 247 348 301 514 584 229 831 515 351 127 273 799 417 472 716 488 493 534 772 754 162 46 575 748 174 131 849 258 177 487 196 569 200 87 752 631 111 574 141 741 523 396 257 700 685 183 633 545 285 813 322 552 461 345 920 311 86 112 376 229 702 576 498 383 87 92 568 545 415 417 499 591 394 136 478 188 424 390 250 445 161 934 239 132 512 661 635 195 748 513 374 532 585 79 287 687 259 106 463 204 466 606 686 424 824 374 182 506 423 567 750 491 444 501 640 799 357 120 165 661 230 489 434 467 158 330 363 669 379 380 369 112 191 486 353 268 673 107 321 765 692 123 400 328 744 676 233 197 366 538 591 545 757 132 344 61 212 347 453 396 161 289 797 256 438 469 196 557 296 590 541 576 331 141 758 596 511 490 551 485 359 174 197 141 363 448 773 636 774 401 268 777 807 161 763 195 446 246 879 762 128 367 213 272 335 729 659 665 134 477 461 752 64 781 620 575 457 305 631 133 826 441 169 594 250 772 659 555 511 511 509 203 715 636 429 481 600 317 516 243 837 571 44 611 247 778 507 280 159 753 204 428 701 571 461 385 447 341
501 517 1030 806 550 664 699 532 660 1004 1070 262 0 43 622 265 434 700 1026 804 512 1179 417 805 408 758 428 992 779 920 900 642 947 585 765 882 503 504 407 506 404 668 746 179 891 508 612 150 79 837 155 638 883 728 714 625 1024 979 344 277 823 768 194 173 1087 514 97 712 74 789 241 196 931 830 232 832 258 889 781 600 138 708 805 286 798 804 269 1053 239 558 609 319 1149 523 315 168 187 335 941 831 448 644 234 334 829 507 156 369 660 852 164 269 731 244 498 574 121 639 293 1167 269 141 507 746 747 191 893 733 637 571 846 314 508 709 234 160 726 433 571 850 946 527 1043 628 445 629 556 778 994 716 657 763 638 1043 508 196 423 865 485 456 636 718 254 144 201 924 641 628 546 176 178 568 572 474 845 361 61 897 861 383 523 146 820 703 263 129 623 563 722 808 846 320 607 237 266 600 485 157 411 447 987 446 496 684 306 723 279 605 746 790 571 373 990 832 751 752 813 682 601 159 419 203 626 703 956 798 974 389 505 888 842 290 984 440 353 148 1102 806 308 104 232 464 89 829 921 913 233 722 664 814 287 1009 716 834 704 46 652 321 1027 394 426 857 279 975 907 775 744 635 751 462 923 800 690 645 861 575 631 391 870 833 302 752 17 821 723 381 280 989 406 579 894 754 463 589 710 597
545 539 1068 845 576 708 726 555 704 1034 1103 288 43 0 666 305 475 708 1061 817 555 1215 460 849 416 801 471 1024 818 962 936 685 976 587 801 924 530 541 448 548 448 711 789 223 934 550 632 167 118 880 142 680 926 738 720 669 1056 1017 351 296 857 809 236 211 1123 544 135 749 113 794 234 230 973 870 269 862 262 933 811 603 181 749 849 284 841 824 313 1088 280 600 652 361 1186 530 331 203 216 378 977 848 487 672 270 352 857 547 127 410 702 880 179 274 763 287 542 574 100 639 296 1204 313 159 549 790 791 234 936 739 660 614 873 332 517 751 277 183 750 445 614 884 975 570 1082 659 470 672 599 817 1029 723 696 786 679 1077 550 206 444 905 503 496 638 750 255 177 234 955 664 661 587 191 221 611 579 480 887 391 37 941 903 405 566 179 863 745 307 172 641 606 766 831 890 357 633 270 258 632 528 168 442 488 1029 485 539 722 348 766 322 647 748 794 605 407 1027 841 762 779 840 682 635 201 454 208 648 734 998 841 1015 431 540 932 884 293 1022 456 390 191 1141 849 318 93 222 504 49 873 948 946 273 756 666 857 305 1047 760 863 718 60 694 358 1068 434 456 880 322 1015 940 813 753 679 763 491 963 842 711 687 881 595 674 389 912 860 325 795 58 864 761 424 321 1025 444 621 935 796 505 592 734 615
132 577 571 356 533 77 563 564 52 715 707 518 622 666 0 402 244 838 640 839 130 740 218 186 678 235 196 663 343 336 489 62 687 834 437 360 499 341 273 186 225 128 185 443 320 239 626 593 558 309 709 153 299 823 876 31 686 520 667 561 519 289 435 478 657 457 542 352 560 937 711 490 363 327 437 590 658 281 569 829 491 273 183 701 228 755 359 641 416 216 111 330 675 751 586 500 543 302 549 815 322 528 453 576 624 300 749 330 143 644 611 654 492 386 128 849 700 883 679 703 352 591 235 144 124 433 281 891 605 146 650 577 720 240 391 569 637 655 53 512 698 97 554 462 505 43 104 334 611 864 294 683 257 647 173 621 565 367 603 290 863 479 675 539 507 638 620 428 202 598 446 65 771 729 275 460 674 277 284 541 118 536 228 224 358 494 668 174 112 689 238 385 558 473 727 454 180 629 431 233 432 285 142 306 337 181 352 205 946 959 380 405 556 920 839 601 623 913 395 470 362 645 603 499 388 220 443 280 374 267 320 679 508 618 398 478 616 269 641 679 720 279 710 212 714 578 420 446 882 244 576 555 102 601 772 630 209 385 490 323 456 734 343 448 573 367 859 48 830 465 422 226 666 150 782 626 25 749 348 649 533 149 607 284 324 249 374 569 333 128 358 242 231 821 617 652
271 567 906 673 569 426 687 570 449 953 991 344 265 305 402 0 304 810 935 878 326 1069 251 588 544 500 212 924 650 730 791 405 905 733 679 619 517 436 293 354 234 484 562 121 635 245 656 323 187 577 312 468 693 821 836 397 953 853 496 386 753 504 170 219 978 504 229 605 234 910 455 261 751 676 237 789 436 683 746 741 130 443 583 478 613 842 78 951 26 295 427 72 1022 656 430 246 141 209 843 885 183 634 259 437 802 242 358 104 483 825 209 440 679 167 274 733 377 790 471 1045 129 316 245 506 522 150 684 855 664 318 824 423 631 447 87 310 739 548 358 768 910 319 906 592 476 422 369 645 902 832 540 784 374 948 348 373 494 716 557 191 779 663 443 143 105 870 673 576 404 344 156 339 697 613 661 383 300 678 674 451 334 140 572 442 132 176 683 306 513 816 604 286 621 284 479 568 237 227 406 312 815 347 261 566 208 545 74 344 886 920 510 356 876 930 844 741 790 830 541 180 369 394 655 662 777 608 814 132 454 656 580 468 850 534 103 127 968 547 458 289 455 363 339 592 900 837 215 653 805 560 404 887 483 795 784 254 390 286 866 128 434 867 125 817 831 657 848 429 840 467 775 612 727 473 890 631 418 569 607 815 386 548 256 562 602 220 220 881 338 405 729 591 204 730 719 658
196 355 611 379 326 314 408 347 262 651 686 277 434 475 244 304 0 620 631 648 114 770 67 401 435 462 153 619 354 489 489 293 606 597 375 593 282 147 30 74 81 242 317 274 563 322 422 368 390 542 556 206 453 614 655 264 649 558 423 318 449 504 241 267 678 249 341 302 362 722 475 265 498 396 214 491 419 469 452 595 329 467 407 460 368 585 229 649 302 339 185 247 728 514 342 283 424 104 540 638 352 359 224 331 509 374 582 300 230 532 479 413 380 192 179 610 486 649 437 750 189 368 317 388 358 248 475 672 414 296 533 333 483 444 243 343 471 414 194 463 611 158 617 305 273 229 146 351 598 646 238 518 420 645 80 388 327 433 372 328 631 365 436 400 392 568 427 283 111 368 259 224 539 488 413 216 494 489 430 298 126 396 472 431 191 307 460 311 314 540 481 145 366 240 489 285 239 493 194 12 553 57 204 264 128 292 231 363 721 740 217 161 577 718 633 458 500 682 246 275 125 412 408 369 522 370 540 254 175 499 551 437 559 380 364 314 678 503 397 515 486 65 524 452 607 532 204 350 651 486 333 591 346 498 567 456 394 144 594 312 221 591 187 541 526 357 648 234 625 239 492 370 479 213 625 412 239 505 581 526 289 336 417 519 302 86 155 580 92 153 459 320 274 586 450 440
817 264 784 685 305 915 342 275 831 570 689 470 700 708 838 810 620 0 692 143 723 850 681 930 292 1071 765 609 665 908 666 897 512 151 547 1198 340 497 602 655 688 763 797 699 1151 934 217 551 734 1147 850 716 888 54 41 866 636 758 357 436 526 1120 642 602 780 381 637 583 651 102 487 558 888 752 573 456 445 943 419 126 727 1087 946 430 827 234 742 738 790 958 737 796 875 179 393 581 844 644 659 207 942 342 551 379 414 978 827 867 741 423 853 433 451 644 800 181 624 136 413 872 691 559 930 974 919 663 955 53 250 916 408 396 191 1062 722 546 281 270 798 569 498 772 832 405 351 806 734 673 673 25 597 267 1041 712 669 504 316 758 256 925 115 454 455 797 833 532 236 441 636 524 661 838 129 228 845 434 745 993 865 359 732 796 1056 1048 685 666 174 932 857 314 1049 536 291 528 469 401 856 852 431 626 896 566 824 605 623 771 751 984 116 120 466 477 732 133 70 350 396 125 462 644 496 500 248 418 899 838 853 839 463 1035 1158 416 781 276 908 717 862 1108 391 800 505 566 742 1012 443 584 594 493 102 1080 421 767 928 447 92 746 1014 537 892 888 402 329 699 846 580 634 46 807 79 381 786 832 213 724 283 212 823 334 1187 392 426 857 689 1123 622 677 597 714 532 712 819 744 882 134 289 186
733 591 132 284 527 694 385 566 594 156 69 782 1026 1061 640 935 631 692 0 584 630 165 685 572 780 822 746 91 299 424 151 693 192 800 261 899 555 523 647 584 702 512 466 896 815 870 535 909 1002 862 1169 499 435 642 730 670 80 151 823 792 207 887 850 855 88 526 929 329 952 743 950 830 383 322 796 241 883 505 289 779 950 895 594 905 445 466 861 47 934 855 548 873 185 755 779 857 1054 733 93 517 938 424 792 755 278 932 1182 912 499 268 1105 871 306 810 717 831 1032 816 876 180 819 913 865 692 616 864 518 732 490 786 283 773 733 857 872 886 418 736 646 176 209 661 188 410 615 598 597 307 32 710 395 424 895 20 592 896 671 288 642 907 791 316 902 1025 1023 159 498 401 533 893 872 693 732 775 418 675 1088 568 426 691 627 1022 738 842 820 913 564 814 562 378 702 707 484 790 950 437 792 1116 621 622 338 596 746 370 747 462 862 845 800 774 455 653 101 672 639 353 297 816 425 879 608 912 500 341 374 459 289 860 520 640 875 878 177 696 982 935 188 831 827 1122 969 578 1109 665 266 120 799 304 789 780 794 127 660 248 600 1059 842 707 292 917 612 376 818 279 125 282 675 592 626 581 253 451 490 498 438 573 615 872 893 299 756 531 1009 839 336 714 759 80 624 555 330 400 844 779 419 575
841 310 689 629 321 917 289 309 824 448 572 555 804 817 839 878 648 143 584 0 738 735 714 904 404 1075 799 496 613 855 584 901 395 293 486 1195 369 508 635 668 724 747 767 776 1139 969 226 654 828 1146 958 702 840 91 167 869 520 670 471 529 446 1128 718 685 672 398 730 540 747 159 608 642 829 698 646 364 559 901 340 268 811 1102 922 551 789 119 805 631 861 986 732 853 769 305 489 668 931 692 566 69 990 312 627 471 318 1019 941 922 725 320 949 546 392 710 823 324 740 278 531 763 752 662 965 966 904 739 914 161 235 937 304 490 306 1074 791 644 215 372 806 486 380 787 741 380 402 803 740 622 569 149 569 179 1064 603 682 611 390 696 325 969 258 399 571 886 916 425 221 415 638 628 738 850 257 351 799 495 854 956 818 434 745 884 1044 1059 748 752 195 956 839 211 1031 593 283 606 593 386 887 949 476 650 827 591 850 571 678 744 813 1006 224 191 459 526 638 92 73 275 302 260 445 726 531 611 240 366 836 802 780 887 476 1006 1158 533 696 364 970 800 764 1107 500 907 627 586 855 992 322 487 665 440 243 1073 517 674 921 353 99 849 1031 593 813 940 447 208 759 772 484 579 106 803 64 418 714 795 173 709 151 247 821 463 1185 290 511 833 791 1121 579 717 658 618 567 711 759 707 920 275 231 219
112 459 586 354 421 200 476 448 153 677 691 388 512 555 130 326 114 723 630 738 0 752 95 297 549 350 118 635 333 411 480 179 639 709 393 481 383 229 143 70 107 160 239 337 449 253 517 469 455 430 616 142 374 713 760 150 662 533 537 431 474 396 320 357 663 343 426 309 445 824 583 365 428 351 312 532 529 377 501 705 390 365 301 571 291 663 265 640 333 256 101 256 699 626 456 378 462 180 537 720 309 434 326 446 558 313 649 283 157 580 526 524 425 269 93 723 580 760 550 724 245 467 248 274 248 321 381 776 502 200 584 447 595 339 292 444 546 527 79 477 648 49 582 372 382 120 44 327 598 749 242 593 327 641 55 493 439 391 481 280 741 410 546 449 427 595 516 342 110 472 333 114 649 602 339 330 568 388 353 412 12 445 358 325 250 383 557 221 212 607 368 256 454 345 598 358 169 542 305 104 490 159 123 264 214 219 262 269 827 844 284 275 560 813 730 521 553 791 306 355 235 518 498 422 453 288 488 231 262 391 439 549 528 492 354 376 644 390 510 580 593 156 602 340 654 547 297 385 760 371 446 568 232 541 663 526 293 255 540 286 331 656 238 491 541 347 748 126 721 344 450 291 565 147 697 512 128 619 469 580 403 240 496 406 295 130 249 568 205 79 402 265 218 697 526 539
847 756 168 398 692 781 551 732 689 287 163 941 1179 1215 740 1069 770 850 165 735 752 0 818 634 945 891 871 241 420 462 281 785 339 963 415 948 719 675 789 715 835 615 555 1041 859 977 700 1067 1151 917 1318 613 484 800 887 766 215 221 988 954 371 955 999 1007 92 688 1082 470 1105 894 1114 985 420 412 948 406 1047 547 455 942 1096 974 655 1069 521 620 998 128 1071 955 661 1004 88 920 942 1012 1195 874 239 666 1053 589 945 919 440 1039 1335 1036 607 428 1249 1034 470 956 833 994 1191 977 1040 56 960 1071 973 764 690 1011 559 888 655 886 442 935 899 934 1013 1044 582 901 755 336 355 777 194 573 778 699 715 425 193 868 532 584 984 145 721 1057 835 372 808 1021 952 479 1065 1169 1162 319 663 561 665 1053 1020 798 896 941 483 834 1241 607 484 854 748 1166 793 920 962 1063 729 914 646 536 752 859 649 945 1114 599 905 1261 779 760 356 741 860 505 892 559 998 939 955 926 611 809 193 820 795 517 460 975 582 1029 761 1074 665 505 402 534 319 983 676 680 930 1042 231 862 1107 1080 142 891 991 1273 1132 723 1264 718 412 285 949 463 949 838 956 185 738 412 759 1211 929 859 293 1038 773 527 957 310 291 413 831 693 782 743 318 526 653 611 585 738 714 1038 943 459 917 610 1162 897 468 850 907 191 774 674 391 499 959 942 583 741
139 417 655 422 392 279 476 410 248 713 742 304 417 460 218 251 67 681 685 714 95 818 0 392 479 416 85 678 398 503 539 256 669 650 433 548 346 215 79 102 16 251 330 244 527 255 487 375 363 498 526 226 466 678 715 231 707 602 459 348 510 452 224 262 727 315 330 356 350 784 493 272 518 429 219 556 443 472 518 649 298 411 395 486 382 652 181 700 253 276 192 188 771 566 378 283 380 85 592 705 284 427 235 371 575 306 557 235 245 598 440 439 445 174 124 660 485 703 465 794 153 373 251 358 340 226 476 732 481 239 599 369 536 392 203 351 539 463 164 521 676 121 657 372 331 215 139 394 652 706 290 586 360 697 98 403 379 468 429 260 686 430 458 362 346 630 493 349 153 380 238 181 594 537 429 263 474 483 445 347 107 358 440 379 157 288 524 252 307 608 456 174 433 255 510 353 175 455 250 70 578 124 144 315 119 309 180 305 779 800 284 210 625 783 697 525 567 737 312 260 185 427 475 435 543 381 571 187 243 483 506 465 600 431 301 284 719 460 429 488 502 133 507 430 673 591 203 413 707 448 365 636 319 563 631 433 339 173 623 246 279 659 147 573 585 406 710 221 689 301 528 383 546 232 692 475 220 542 536 593 324 335 401 475 351 36 156 629 149 163 487 347 207 640 518 503
316 685 472 312 629 176 614 667 145 681 641 678 805 849 186 588 401 930 572 904 297 634 392 0 816 256 382 618 314 180 432 191 668 951 439 329 607 452 432 329 403 172 136 627 250 400 712 766 743 290 895 220 151 905 970 192 634 429 816 717 511 321 616 655 563 560 722 367 741 1023 876 662 218 254 609 595 819 105 590 943 677 342 22 860 130 803 545 559 602 361 218 515 557 873 737 675 729 477 491 866 489 594 623 723 638 454 935 510 192 653 797 813 520 565 314 971 878 996 836 589 536 764 396 131 70 615 101 983 682 299 663 727 841 303 576 741 690 787 235 489 683 278 440 527 628 177 257 303 547 955 335 731 363 573 321 789 695 284 720 458 974 510 837 725 693 615 697 491 318 768 628 248 884 858 154 604 859 91 149 678 285 722 166 290 542 677 756 324 86 723 135 546 639 640 890 528 358 814 565 388 289 426 326 333 512 159 538 330 1044 1048 464 550 474 991 918 639 642 1020 467 651 499 813 683 539 241 115 316 462 483 105 303 836 409 746 576 663 497 259 793 865 887 414 894 95 713 543 595 470 989 208 732 462 119 608 853 815 308 546 353 500 584 761 527 324 540 347 943 171 906 584 322 124 735 211 817 722 174 896 321 666 686 73 790 267 329 427 547 493 479 250 245 203 406 936 673 745
618 189 832 659 254 750 397 213 689 705 803 200 408 416 678 544 435 292 780 404 549 945 479 816 0 894 551 718 633 852 697 728 644 189 554 1026 239 369 407 494 480 644 702 426 998 710 259 260 445 976 558 597 823 322 307 699 750 791 66 158 576 931 373 326 859 282 349 546 362 382 205 283 844 712 311 545 155 861 493 198 446 887 826 148 745 431 486 819 521 744 600 545 943 116 114 302 559 416 716 443 698 355 288 111 522 743 537 617 625 541 563 142 477 388 603 190 336 245 126 951 439 268 707 822 785 394 870 326 299 717 531 121 100 871 459 257 388 44 629 615 637 592 865 382 194 658 575 637 752 308 525 411 831 799 506 212 125 733 137 687 236 471 166 511 552 640 296 405 497 233 388 657 164 69 778 218 454 896 798 138 560 510 907 858 433 385 249 726 732 463 912 307 296 262 193 360 642 561 251 444 876 394 621 544 387 674 496 779 345 385 385 273 782 424 346 439 503 286 402 368 318 208 288 441 863 752 844 599 342 920 985 129 807 84 646 438 912 937 99 508 225 403 452 881 596 659 334 497 264 921 140 811 779 541 306 454 816 308 892 641 232 504 450 840 654 612 336 661 347 240 778 749 330 606 490 217 671 93 1014 515 163 744 397 953 576 462 353 771 344 568 784 671 656 187 378 227
280 809 728 548 767 158 796 797 255 919 891 717 758 801 235 500 462 1071 822 1075 350 891 416 256 894 0 354 861 543 433 677 174 899 1059 655 132 731 574 487 416 416 341 360 584 137 257 861 768 683 82 806 379 406 1058 1109 206 879 683 875 763 734 65 597 648 819 690 697 572 710 1171 896 670 473 500 620 812 852 350 795 1056 620 97 235 896 377 988 491 813 522 205 343 439 813 976 794 674 629 488 738 1049 340 763 640 787 849 285 857 398 361 867 698 850 720 553 293 1072 857 1110 878 845 508 764 256 129 205 588 341 1124 841 190 874 785 945 65 528 746 871 876 273 720 912 304 696 696 732 272 337 533 796 1097 521 916 150 825 402 805 789 534 831 318 1092 707 866 642 595 848 855 662 437 779 600 237 999 950 409 677 799 302 406 760 341 639 112 62 515 643 902 194 264 919 160 590 793 664 915 689 276 717 655 453 543 510 280 529 522 371 480 157 1178 1192 616 622 727 1155 1074 832 849 1142 630 627 586 829 838 730 495 363 572 370 608 239 90 877 664 842 445 611 753 47 845 789 902 507 838 180 934 780 600 672 1111 75 780 717 166 823 1007 753 111 589 607 378 682 964 496 580 776 573 1094 273 1065 694 577 371 902 373 1013 859 253 958 120 875 740 291 746 62 540 437 560 745 554 363 501 430 295 1048 852 886
76 501 705 472 477 237 559 495 239 785 806 365 428 471 196 212 153 765 746 799 118 871 85 382 551 354 0 747 451 518 597 214 744 727 502 486 431 299 164 165 76 272 349 248 476 170 573 415 362 436 514 260 480 762 798 197 775 651 526 411 582 383 248 296 781 401 353 421 369 867 542 316 538 469 265 633 498 473 597 728 295 336 379 542 400 738 163 758 223 194 216 140 818 644 445 321 352 136 653 791 202 512 286 441 655 221 553 166 272 677 418 496 523 201 70 736 513 781 524 843 160 412 166 319 320 242 475 816 567 167 679 436 614 321 195 393 624 539 147 589 752 107 700 455 414 210 159 445 714 790 354 671 280 757 155 451 459 509 511 176 765 508 512 344 316 703 579 431 216 425 255 140 674 612 449 340 479 473 462 424 124 341 397 310 167 302 609 174 303 692 420 243 519 310 561 437 92 435 333 153 603 210 74 377 169 333 156 227 861 884 367 290 679 868 782 608 647 816 393 281 270 475 561 515 564 396 604 114 328 460 444 523 646 510 236 283 763 400 493 483 548 217 515 401 753 659 245 488 787 397 429 686 288 641 716 434 265 243 655 171 363 742 150 607 653 464 795 217 775 385 568 400 632 264 777 560 208 607 473 674 392 337 414 416 410 89 206 686 234 197 518 382 121 718 603 588
743 530 217 313 470 723 321 507 621 69 85 739 992 1024 663 924 619 609 91 496 635 241 678 618 718 861 747 0 321 487 186 720 101 723 245 948 504 496 631 581 695 535 501 874 867 883 465 867 975 907 1139 514 492 558 646 694 32 223 766 746 171 926 825 823 177 481 896 326 918 655 898 795 448 364 766 173 831 563 224 701 927 928 640 849 488 379 847 137 920 873 563 866 275 684 728 823 1035 717 129 429 945 366 759 704 200 945 1148 911 520 187 1082 818 261 788 726 755 988 736 821 266 802 872 878 732 656 840 576 647 421 806 201 722 664 890 855 845 343 673 662 157 119 671 274 365 565 620 607 330 89 626 393 343 921 109 591 850 616 336 581 915 711 274 850 1004 1006 79 428 364 531 850 847 710 657 707 469 634 1053 627 480 640 634 1001 784 875 803 885 491 833 597 294 752 678 422 754 895 392 802 1092 582 612 412 578 755 371 728 492 850 868 715 687 424 619 176 583 554 281 220 733 393 852 578 864 432 291 442 503 362 861 489 696 920 823 252 636 979 911 279 874 773 1091 917 561 1072 714 176 88 771 273 707 826 745 208 695 176 518 1028 870 678 372 918 570 288 803 351 93 296 590 615 541 536 315 494 414 516 348 505 638 809 940 218 710 570 975 884 343 705 735 152 599 565 388 431 853 702 346 505
433 461 256 27 394 402 326 438 300 376 364 566 779 818 343 650 354 665 299 613 333 420 398 314 633 543 451 321 0 243 148 399 356 722 129 638 394 288 376 296 415 214 184 628 565 570 454 685 742 595 910 199 227 631 707 373 342 203 656 590 196 607 591 607 330 350 683 87 705 748 759 592 222 86 548 282 693 290 282 707 684 607 335 724 186 503 579 307 652 556 248 584 374 653 591 616 777 459 207 567 639 324 550 571 326 632 932 617 200 339 834 682 221 545 418 747 810 756 696 395 543 687 565 415 340 601 303 716 415 487 350 583 624 570 596 660 398 594 347 177 371 362 264 267 440 300 298 10 269 690 123 434 600 308 301 687 508 100 508 608 732 214 712 754 744 304 429 235 246 676 611 393 651 654 187 464 841 348 205 510 329 751 475 555 546 657 497 515 278 418 449 462 381 556 765 280 493 847 410 343 243 333 446 97 480 172 579 548 782 776 248 425 227 704 639 339 332 772 231 623 371 707 420 248 236 200 211 565 302 407 608 697 205 551 688 668 324 560 647 867 775 314 867 410 398 237 546 173 741 514 598 237 376 294 579 806 549 461 262 620 415 451 540 208 233 34 669 295 627 395 149 192 455 199 510 477 317 724 630 355 553 255 762 571 59 431 500 234 374 256 155 113 545 703 384 494
466 693 309 226 628 350 570 671 284 555 492 750 920 962 336 730 489 908 424 855 411 462 503 180 852 433 518 487 243 0 307 361 556 958 368 486 620 486 518 415 517 251 173 748 397 569 695 855 866 454 1027 283 37 875 949 352 496 274 866 783 420 497 726 756 400 574 829 325 850 992 949 753 42 157 703 509 887 85 518 945 801 522 199 924 121 743 676 403 741 535 311 658 381 886 793 772 870 584 358 806 656 566 712 775 556 627 1061 665 260 565 935 879 463 675 458 982 975 995 897 414 656 855 565 312 246 729 97 960 658 470 578 784 856 483 703 830 641 816 373 388 573 410 268 506 657 309 366 234 405 933 328 675 544 421 412 868 726 162 736 624 972 457 906 860 834 503 672 472 383 852 741 401 887 882 76 659 977 146 58 720 401 856 331 470 661 791 738 496 224 655 289 626 621 724 959 516 516 952 610 476 109 494 477 312 614 196 671 508 1025 1020 470 610 323 946 883 580 565 1013 460 761 555 891 661 492 61 122 143 614 510 219 467 898 249 773 734 787 322 429 850 991 963 478 1010 257 613 425 694 416 982 376 794 303 296 521 822 937 488 626 173 659 622 683 649 153 424 275 913 302 870 611 172 120 699 275 745 715 315 940 481 586 748 186 903 435 287 540 644 344 545 340 101 181 567 940 628 734
581 511 136 133 444 544 328 487 444 250 217 667 900 936 489 791 489 666 151 584 480 281 539 432 697 677 597 186 148 307 0 543 248 751 144 762 461 395 508 437 556 360 318 759 681 718 477 792 870 721 1037 347 308 623 707 519 202 94 732 685 139 742 717 727 189 424 802 189 825 735 849 707 270 179 668 220 782 379 247 733 814 747 454 808 302 466 718 160 791 703 396 727 252 694 677 732 914 593 60 526 787 350 666 655 268 780 1055 763 347 271 968 770 225 675 566 780 917 776 780 267 679 796 713 547 471 729 393 713 433 635 285 670 668 709 732 769 384 654 495 98 266 510 170 315 516 446 446 156 121 688 251 407 744 160 444 786 578 150 562 756 751 228 801 888 882 196 444 295 386 780 738 541 680 705 283 561 962 442 295 591 477 885 598 694 680 782 514 662 414 374 566 579 412 668 851 338 641 980 506 480 249 459 594 225 611 312 718 694 781 765 336 532 90 676 626 316 282 784 309 748 482 804 440 261 269 317 200 711 400 511 735 781 115 613 833 799 215 689 730 992 867 441 986 527 309 118 669 200 754 640 689 115 513 232 575 930 692 579 229 767 503 392 677 190 117 133 660 441 613 476 139 309 453 347 456 509 463 790 754 297 647 385 883 698 188 570 626 90 493 404 206 250 693 731 377 519
140 636 617 409 593 22 626 623 99 773 760 560 642 685 62 405 293 897 693 901 179 785 256 191 728 174 214 720 399 361 543 0 747 889 498 301 558 400 321 242 261 185 230 462 271 209 686 626 573 250 717 214 326 884 935 32 742 567 714 604 579 227 462 508 704 516 567 412 584 997 748 524 392 375 472 652 699 295 631 884 507 211 181 743 265 817 373 691 423 175 173 335 716 806 633 532 545 337 603 877 298 591 490 624 686 266 760 321 202 705 614 696 555 414 145 903 727 939 722 746 375 623 205 104 121 457 292 950 667 109 712 623 775 177 408 603 700 707 100 570 759 136 596 524 561 104 163 389 664 923 356 746 201 699 229 658 619 414 659 267 920 541 715 547 510 697 681 491 263 634 470 76 827 782 309 510 691 276 315 592 169 544 184 162 382 517 728 135 141 751 205 429 619 512 766 516 170 633 485 284 463 339 146 367 372 230 365 153 1004 1018 442 455 606 981 900 664 685 969 458 495 415 682 664 562 417 255 479 276 434 250 261 722 553 672 385 495 657 211 685 690 757 334 727 188 775 635 454 508 939 192 621 602 77 663 833 646 150 428 524 309 510 797 365 486 630 425 920 107 890 522 466 262 728 210 844 685 85 796 290 711 579 178 628 226 384 283 410 620 385 190 397 293 215 876 680 712
750 460 312 356 407 753 253 438 650 61 177 688 947 976 687 905 606 512 192 395 639 339 669 668 644 899 744 101 356 556 248 747 0 633 250 995 447 470 613 579 685 562 541 843 919 892 386 814 937 952 1098 534 555 461 548 718 124 309 696 689 168 962 791 784 279 432 853 336 875 555 832 752 519 417 728 117 767 625 166 610 894 958 690 781 538 280 828 239 899 888 580 853 376 599 666 780 1008 696 204 328 946 305 718 643 122 952 1102 904 544 102 1050 754 226 759 733 665 932 642 754 368 779 820 887 772 697 808 639 549 344 823 113 662 581 922 831 795 258 600 678 179 18 680 368 321 508 643 617 367 184 529 399 251 944 210 590 792 551 396 509 918 618 241 785 973 981 53 348 330 530 795 814 727 569 626 526 586 1008 688 540 580 640 970 832 907 779 849 407 849 635 199 804 643 354 710 827 348 809 1058 537 600 492 558 763 382 702 528 831 889 616 587 395 579 266 482 455 205 141 637 364 815 545 804 355 247 517 553 442 856 456 754 965 756 338 565 970 879 378 917 707 1049 852 543 1023 764 74 130 736 256 612 871 686 301 732 113 423 985 896 643 460 914 521 187 781 432 132 326 491 640 442 485 387 544 326 537 247 427 662 732 987 130 655 612 931 928 362 692 704 242 571 576 454 470 857 612 265 423
