164
0 808 901 104 548 342 431 612 505 292 707 865 927 929 212 623 474 545 326 92 732 853 247 456 837 624 349 903 634 652 311 574 251 242 570 661 320 710 435 358 1032 376 941 394 257 811 281 493 613 762 220 570 622 319 241 669 327 475 783 421 471 636 64 355 554 445 287 717 801 429 838 724 995 225 887 655 796 785 359 102 76 759 294 32 629 867 589 937 329 735 524 542 581 857 745 262 482 830 601 803 340 690 538 466 384 495 114 498 914 437 122 445 373 586 608 892 708 825 612 699 814 440 827 174 530 717 753 728 919 472 252 863 493 91 770 809 683 104 575 600 970 326 516 929 599 303 697 530 300 555 646 359 718 904 209 326 910 169 912 397 335 547 669 280
808 0 445 786 756 878 1042 539 413 715 670 66 128 149 793 728 1123 268 762 883 900 571 686 380 110 749 576 307 182 943 557 348 556 575 966 830 492 825 398 452 819 900 140 428 769 530 686 759 641 146 817 501 255 541 585 184 609 683 647 538 349 172 859 577 665 695 585 335 787 938 49 218 847 582 505 193 19 130 567 840 845 378 682 836 808 239 232 848 862 591 967 435 1006 778 140 695 738 698 653 722 695 144 422 434 597 339 720 509 591 461 777 520 648 969 273 791 187 290 311 356 510 367 352 719 347 131 54 375 113 1015 555 661 637 772 673 185 293 710 721 1012 173 986 402 606 429 652 305 528 526 375 172 448 553 319 942 928 493 764 490 807 597 373 682 938
901 445 0 931 549 791 938 330 738 951 366 484 517 555 988 476 1022 547 687 940 603 168 680 478 339 497 835 154 422 696 787 340 695 671 767 561 674 528 497 642 384 797 426 656 732 157 918 586 403 311 1011 347 624 582 763 568 860 530 293 487 605 458 965 554 463 559 806 196 437 810 408 268 426 714 74 363 429 318 830 881 900 143 920 933 555 212 427 446 782 271 793 784 809 399 567 918 573 321 421 363 954 532 767 437 876 454 862 412 159 464 932 462 923 762 345 398 599 156 315 207 136 564 102 745 673 362 445 174 442 879 682 261 483 827 329 260 249 836 500 806 543 927 388 170 302 893 230 392 613 352 416 616 253 142 942 856 49 778 46 1076 850 361 402 895
104 786 931 0 630 443 535 665 443 192 773 839 898 897 109 699 576 518 415 187 820 901 320 464 828 702 272 916 622 746 249 594 243 260 669 746 295 792 443 335 1096 478 923 359 348 856 186 577 679 759 119 617 577 353 201 631 245 550 843 469 438 618 99 407 625 522 221 740 875 531 821 731 1063 220 926 652 776 781 282 206 179 787 199 102 713 874 581 1009 429 791 625 473 682 927 707 166 564 893 669 870 241 658 471 494 299 499 70 544 961 468 19 491 280 685 616 961 666 840 628 725 857 423 850 252 480 709 731 756 899 576 252 921 561 182 833 811 700 95 652 701 940 429 543 976 635 213 715 581 318 579 634 345 769 919 310 430 946 260 947 293 254 571 738 384
548 756 549 630 0 282 400 235 745 757 208 821 880 905 730 90 481 623 226 536 198 419 310 438 708 81 713 642 595 189 649 408 498 437 222 118 544 162 433 544 514 274 833 592 296 400 730 58 146 627 747 257 744 355 574 739 718 95 300 258 610 628 607 273 93 112 648 460 261 271 754 554 462 496 496 564 737 653 716 475 506 458 738 575 84 650 552 397 280 286 243 803 264 325 792 717 66 326 128 285 788 728 788 348 765 464 582 251 476 335 642 261 789 221 484 361 788 575 444 433 416 538 535 378 714 624 715 437 829 334 478 381 125 457 272 632 476 548 49 265 922 418 362 485 331 726 472 227 415 382 601 513 296 636 479 347 529 380 533 891 715 385 163 402
342 878 791 443 282 0 164 461 722 615 486 944 1007 1023 553 372 246 669 116 294 422 685 209 501 863 362 623 852 697 321 565 549 428 370 228 367 500 424 486 520 796 35 985 572 126 658 596 226 406 779 562 450 781 349 479 801 614 262 577 346 623 718 385 300 339 231 553 655 539 90 891 716 742 411 751 689 862 806 630 245 276 673 607 358 341 841 648 673 17 551 182 774 239 606 869 578 230 607 389 567 657 805 764 446 671 541 421 399 745 417 460 368 677 245 615 641 849 776 592 629 669 560 751 226 717 755 828 645 973 152 412 660 308 263 551 804 649 390 326 258 1052 138 486 756 514 605 652 406 388 521 707 499 551 848 206 66 781 194 785 734 617 519 441 120
431 1042 938 535 400 164 0 609 869 721 608 1108 1171 1187 642 488 84 829 280 355 484 818 366 665 1027 473 753 1008 861 359 700 712 573 520 245 453 649 510 649 673 896 145 1149 723 281 797 708 354 541 942 647 605 939 510 614 962 739 408 701 509 779 882 455 465 476 381 683 813 636 129 1055 879 833 553 892 853 1026 969 761 329 355 827 720 436 435 1001 812 761 179 685 191 919 226 706 1031 689 365 722 523 677 768 967 910 610 797 705 531 559 877 582 554 530 796 261 779 739 1010 934 755 787 811 719 906 366 870 919 992 801 1137 82 560 781 457 374 671 966 810 505 450 245 1216 107 650 886 672 723 813 562 545 684 871 654 691 1004 232 122 924 325 928 827 744 682 564 151
612 539 330 665 235 461 609 0 626 736 149 602 659 687 743 189 693 464 360 635 360 241 372 301 480 211 652 408 400 411 591 210 460 414 457 291 472 286 307 455 439 467 604 492 411 204 704 261 101 402 764 58 581 316 538 558 667 200 186 195 479 437 677 258 142 229 601 226 277 482 531 328 421 470 292 357 521 427 651 573 597 223 710 644 271 415 366 384 452 127 475 683 499 300 599 698 245 242 115 235 754 539 666 212 702 308 601 123 303 222 670 174 739 456 281 327 605 340 234 199 212 412 301 443 579 409 505 202 602 554 442 257 153 529 188 401 249 570 191 501 699 598 193 317 113 689 242 83 366 190 403 423 105 402 620 526 321 468 324 870 661 198 146 567
505 413 738 443 745 722 869 626 0 318 775 449 497 485 413 767 936 191 628 596 937 792 514 326 496 782 181 654 320 923 194 438 296 352 896 856 222 878 322 207 1039 754 552 155 596 742 294 717 700 459 435 568 160 398 266 230 215 650 802 488 147 290 536 476 684 642 221 551 902 806 460 474 1038 316 769 377 412 469 171 577 567 610 287 525 824 592 312 1009 705 738 873 57 926 925 296 308 696 860 702 861 289 269 43 418 188 320 393 521 838 419 428 490 238 906 400 951 247 597 441 552 730 214 637 503 68 399 368 587 521 875 310 854 625 513 812 521 493 401 735 940 534 782 434 854 531 258 514 562 344 446 328 234 702 662 694 747 773 545 773 394 202 436 762 730
292 715 951 192 757 615 721 736 318 0 865 758 811 802 108 813 766 454 564 379 954 955 453 474 780 820 139 905 579 898 167 612 276 328 833 876 277 916 457 309 1175 650 855 304 504 907 33 710 774 725 124 681 474 424 197 540 105 667 922 547 375 563 288 499 731 645 145 755 980 705 757 715 1154 269 961 624 710 741 149 392 368 809 33 294 842 852 549 1108 599 863 794 329 851 1023 610 39 694 977 768 962 49 574 333 535 135 497 193 613 1011 517 172 564 97 848 611 1055 563 835 636 745 902 392 859 399 374 668 664 780 827 756 295 992 665 353 919 783 704 224 768 869 849 617 576 1027 678 63 723 654 370 606 590 335 835 910 501 611 975 421 976 135 118 596 837 570
707 670 366 773 208 486 608 149 775 865 0 730 783 813 861 120 688 614 410 713 243 217 460 449 598 138 791 485 544 330 729 357 590 538 408 195 612 165 454 598 325 481 717 637 474 209 834 260 94 527 881 207 729 441 669 704 804 238 92 317 628 582 770 369 155 271 736 339 127 479 656 452 290 596 303 497 651 549 791 650 678 312 841 737 191 511 513 243 482 95 441 831 449 158 741 826 256 124 105 97 887 683 815 358 842 458 714 259 270 363 781 303 876 401 424 190 751 432 377 315 229 560 378 533 728 543 641 303 720 539 570 174 213 618 65 513 377 681 160 444 821 623 342 278 258 822 365 217 496 339 546 565 124 477 674 552 337 548 342 1000 798 347 44 604
865 66 484 839 821 944 1108 602 449 758 730 0 63 84 841 791 1189 322 828 942 962 620 751 445 145 813 619 338 247 1008 605 413 614 636 1032 893 547 886 463 508 864 966 110 480 834 581 731 825 704 203 865 565 288 605 638 219 653 749 703 604 401 233 916 643 730 761 633 392 845 1004 77 277 896 640 549 259 83 182 609 901 905 432 726 894 871 272 297 900 928 649 1033 463 1072 833 156 741 803 752 716 778 736 184 451 500 635 403 775 575 636 527 829 587 687 1035 338 844 207 334 376 415 560 426 397 782 386 196 117 431 77 1081 614 712 702 833 730 230 354 766 785 1078 108 1051 468 649 493 696 365 593 588 441 237 506 611 350 1005 993 533 827 530 843 640 439 743 1003
927 128 517 898 880 1007 1171 659 497 811 783 63 0 39 896 848 1252 382 891 1004 1017 661 814 508 186 870 671 365 310 1066 661 474 675 698 1092 950 607 941 526 568 900 1029 102 539 897 625 784 886 760 257 919 624 337 669 697 271 705 809 751 666 459 296 976 706 789 823 689 444 895 1067 127 331 936 702 585 321 145 233 661 964 967 479 778 955 929 304 360 944 991 699 1095 507 1133 880 201 795 864 798 773 826 786 240 496 563 685 467 834 636 673 590 888 649 736 1096 400 889 251 373 436 467 603 487 437 845 437 257 180 481 76 1144 676 755 763 896 780 274 409 827 844 1139 45 1114 529 685 550 749 419 653 651 502 300 568 662 377 1068 1057 567 890 564 891 692 501 798 1066
929 149 555 897 905 1023 1187 687 485 802 813 84 39 0 890 875 1267 384 907 1009 1046 697 827 522 221 897 663 404 325 1092 656 497 679 705 1115 977 609 970 539 571 938 1046 141 538 911 660 776 908 788 286 913 650 327 681 697 265 697 832 784 685 459 306 977 722 814 844 684 475 927 1085 158 361 972 706 622 342 167 264 653 971 972 512 770 957 956 342 375 979 1007 731 1116 491 1155 914 191 788 887 832 800 860 775 239 481 581 673 481 834 658 710 607 886 669 724 1119 422 924 238 409 460 498 639 493 473 854 428 280 195 513 115 1162 681 790 786 902 812 308 438 828 870 1161 49 1127 550 723 577 740 448 677 660 524 316 572 694 416 1076 1071 604 900 601 877 684 523 827 1078
212 793 988 109 730 553 642 743 413 108 861 841 896 890 0 794 680 526 520 290 922 973 419 510 849 799 231 957 643 853 235 647 293 329 778 847 321 891 491 359 1180 587 933 368 454 927 120 678 767 786 24 692 563 427 226 625 198 645 926 548 445 632 192 491 717 619 208 793 968 641 832 768 1151 276 989 682 786 806 242 315 287 844 130 206 813 909 608 1100 538 870 734 431 792 1017 698 104 664 978 759 958 156 656 433 557 240 540 148 620 1032 534 92 568 206 794 658 1050 653 883 676 780 925 447 900 354 462 732 740 813 906 685 307 1001 652 291 919 842 747 182 748 810 936 536 602 1048 700 156 764 659 381 636 655 377 846 961 414 539 1007 367 1008 185 210 627 828 492
623 728 476 699 90 372 488 189 767 813 120 791 848 875 794 0 568 627 309 618 176 335 379 447 669 22 755 582 580 225 692 389 544 486 291 102 580 111 446 574 425 364 792 619 377 322 783 146 87 591 813 229 747 395 622 733 764 149 213 282 625 616 684 315 84 178 694 413 177 359 720 517 376 545 418 542 709 616 757 556 586 400 791 651 83 598 542 314 370 206 321 825 333 238 779 773 147 236 75 195 840 718 810 353 807 466 646 249 391 348 710 276 836 285 463 274 781 520 419 387 340 554 474 450 729 596 692 384 791 419 524 292 148 532 182 589 439 612 49 329 889 508 355 399 299 776 431 214 454 365 585 542 224 574 567 437 452 457 456 947 760 371 76 492
474 1123 1022 576 481 246 84 693 936 766 688 1189 1252 1267 680 568 0 905 363 390 549 900 443 745 1110 552 810 1093 942 422 760 795 641 590 308 526 717 582 728 743 969 230 1232 793 357 880 756 437 623 1026 681 690 1012 588 676 1038 794 492 781 593 852 961 488 546 559 466 742 898 709 211 1137 963 904 619 975 935 1107 1052 818 376 399 912 768 474 511 1086 892 831 261 767 259 984 281 780 1109 736 449 800 605 754 815 1045 976 692 851 785 581 644 958 664 596 614 846 323 862 813 1085 1018 838 871 894 794 990 434 940 1002 1072 885 1220 151 629 860 542 430 750 1050 894 558 531 298 1297 154 733 967 756 774 897 646 620 768 952 727 774 1089 266 196 1007 390 1011 864 799 766 644 206
545 268 547 518 623 669 829 464 191 454 614 322 382 384 526 627 905 0 559 625 803 606 463 185 326 645 318 467 131 810 291 261 295 325 804 723 225 736 193 186 857 697 407 159 548 557 424 607 551 275 550 409 121 320 317 132 350 533 629 368 80 109 594 381 547 533 318 362 742 742 306 283 861 321 579 186 260 289 310 588 589 421 420 573 694 407 121 839 652 565 792 238 840 757 205 431 585 687 556 693 441 145 221 275 348 160 452 377 650 287 508 361 399 811 212 780 180 406 256 364 544 112 446 479 127 216 214 398 381 817 298 675 498 520 643 336 303 445 603 850 425 758 274 667 359 391 323 413 286 275 141 189 528 474 697 709 582 525 582 558 338 267 608 708
326 762 687 415 226 116 280 360 628 564 410 828 891 907 520 309 363 559 0 309 405 593 117 387 747 305 549 740 582 334 488 433 341 279 275 335 407 386 373 422 732 138 869 474 70 562 540 168 322 663 534 342 674 240 403 690 545 172 497 230 518 604 382 185 255 139 479 543 486 183 775 601 685 328 652 572 746 689 554 249 279 564 551 351 303 727 532 622 102 462 246 682 300 547 757 525 162 535 306 500 602 693 671 329 599 427 376 286 655 301 429 252 613 288 499 583 739 663 476 517 571 453 642 166 617 639 712 535 857 257 323 580 210 235 476 689 534 342 260 315 936 242 370 667 402 544 538 297 286 405 591 398 457 737 265 173 681 157 685 692 546 403 367 207
92 883 940 187 536 294 355 635 596 379 713 942 1004 1009 290 618 390 625 309 0 706 876 262 518 904 615 442 956 705 614 404 626 330 308 521 642 403 694 497 440 1038 325 1013 479 241 838 371 478 621 827 292 599 708 368 330 752 420 475 795 453 554 710 99 386 557 443 380 765 795 374 910 784 994 303 920 721 870 851 452 62 40 802 384 85 611 925 658 932 284 752 472 635 527 856 828 351 471 838 607 806 428 771 630 514 477 559 207 529 939 484 207 478 464 538 668 891 793 877 666 744 843 516 873 194 619 785 828 771 992 405 328 877 502 115 778 870 736 195 569 547 1049 247 565 952 638 394 747 556 362 604 717 437 739 956 124 263 945 167 947 474 428 598 672 207
732 900 603 820 198 422 484 360 937 954 243 962 1017 1046 922 176 549 803 405 706 0 442 504 621 836 157 911 728 757 128 847 565 697 636 241 81 741 77 619 739 429 400 956 786 475 446 927 244 260 760 938 405 923 553 772 910 916 293 311 449 798 793 787 471 255 310 847 576 183 371 890 686 359 694 535 717 881 784 914 649 680 555 936 755 114 754 719 285 427 337 292 995 271 250 956 914 260 300 251 251 986 894 980 528 963 642 775 425 484 521 833 447 988 226 639 277 958 675 594 551 468 727 622 568 903 769 866 543 958 402 677 368 312 641 274 752 608 741 202 258 1057 538 532 486 473 924 599 390 612 542 761 708 367 720 628 476 569 563 574 1087 914 547 220 539
853 571 168 901 419 685 818 241 792 955 217 620 661 697 973 335 900 606 593 876 442 0 614 488 476 354 855 314 500 543 799 356 682 644 625 409 680 369 502 655 254 684 578 681 649 49 922 465 278 426 995 283 704 547 758 660 875 424 131 432 647 539 917 497 345 456 813 252 270 689 543 363 276 696 95 442 553 441 852 815 838 197 926 884 408 361 488 284 678 133 657 843 666 231 675 918 456 152 296 195 966 629 826 419 901 477 835 356 62 439 905 409 944 618 394 232 698 288 350 243 63 592 224 684 733 463 558 211 590 753 666 94 383 770 168 389 309 805 369 661 693 823 380 76 276 902 290 322 591 354 497 625 137 303 857 751 128 709 132 1086 867 364 259 797
247 686 680 320 310 209 366 372 514 453 460 751 814 827 419 379 443 463 117 262 504 614 0 306 686 382 432 708 504 446 370 383 224 163 392 428 292 472 288 311 785 240 804 362 85 575 427 259 366 603 436 337 572 146 286 595 429 230 537 193 413 520 310 128 307 201 362 513 555 291 705 549 748 211 657 505 671 629 437 201 224 545 437 277 394 685 454 691 192 491 362 568 418 610 666 413 245 583 354 555 488 602 557 271 482 347 271 268 676 241 331 219 497 405 438 645 643 630 426 490 580 352 619 72 508 571 634 515 788 361 207 618 246 158 523 638 492 237 331 433 860 299 320 690 380 429 500 294 179 359 514 289 477 707 269 246 683 97 686 584 429 354 422 251
456 380 478 464 438 501 665 301 326 474 449 445 508 522 510 447 745 185 387 518 621 488 306 0 387 464 366 452 198 625 312 138 221 213 620 541 196 557 20 167 725 526 500 194 388 439 441 422 376 308 534 242 306 161 285 308 388 347 480 183 180 216 515 203 365 349 329 282 576 568 400 269 717 243 487 203 365 333 364 469 478 335 443 487 511 412 148 685 485 417 611 383 657 600 371 439 399 538 379 536 480 306 367 93 413 42 393 198 542 102 461 176 455 627 153 627 358 376 165 271 432 111 390 341 283 269 328 306 483 644 211 539 313 404 488 353 237 373 420 667 553 605 111 558 214 417 253 237 156 133 208 139 383 454 565 548 501 386 502 601 379 123 436 558
837 110 339 828 708 863 1027 480 496 780 598 145 186 221 849 669 1110 326 747 904 836 476 686 387 0 692 644 198 206 891 616 315 589 596 926 770 534 759 407 494 719 882 124 481 763 439 749 720 582 84 873 451 345 545 630 276 676 645 564 517 405 217 893 566 615 662 642 259 708 915 68 154 752 614 404 183 98 57 636 857 865 292 746 867 751 130 248 758 849 513 933 525 967 693 247 756 699 611 595 639 766 235 510 418 671 345 760 474 491 448 821 496 722 927 248 702 290 189 273 284 417 405 252 728 427 120 132 295 122 991 585 568 597 791 593 87 232 745 669 971 222 981 377 504 377 717 238 485 542 343 194 483 476 209 950 918 388 771 386 882 663 344 616 936
624 749 497 702 81 362 473 211 782 820 138 813 870 897 799 22 552 645 305 615 157 354 382 464 692 0 766 604 601 203 702 410 554 495 270 80 592 97 463 587 433 352 815 633 374 343 791 139 109 613 817 249 765 406 631 752 774 153 229 295 641 636 684 325 98 180 704 435 180 345 742 539 381 554 439 563 731 638 768 554 584 423 799 651 60 620 562 317 361 227 303 840 312 244 800 780 143 248 96 206 848 738 825 371 818 484 651 267 409 364 713 292 846 265 484 280 801 543 440 409 361 570 496 452 746 618 713 406 814 402 534 307 160 533 197 611 461 617 51 308 911 497 374 416 320 785 453 233 465 386 605 555 245 597 560 426 472 457 477 955 770 391 96 482
349 576 835 272 713 623 753 652 181 139 791 619 671 663 231 755 810 318 549 442 911 855 432 366 644 766 0 777 446 873 63 502 215 277 824 830 179 863 353 199 1087 658 716 178 501 806 113 673 705 592 253 594 335 360 145 400 34 618 837 476 241 427 370 441 671 601 70 639 912 712 619 588 1073 221 851 494 571 607 10 436 419 695 107 364 797 721 421 1033 606 775 792 202 848 948 471 127 654 894 702 885 122 434 203 441 52 382 235 532 908 430 255 488 89 837 490 978 424 710 520 632 798 270 739 396 234 534 526 667 688 773 234 902 607 380 839 652 586 252 715 864 710 656 475 925 579 77 605 574 300 500 457 230 744 783 553 634 862 431 863 242 21 490 768 605
903 307 154 916 642 852 1008 408 654 905 485 338 365 404 957 582 1093 467 740 956 728 314 708 452 198 604 777 0 335 807 738 330 673 662 864 676 636 651 473 599 538 863 272 601 773 290 873 669 499 197 981 403 520 587 731 457 806 603 427 518 537 364 965 580 550 627 760 197 575 885 266 189 580 696 227 283 294 193 771 901 916 184 872 935 664 69 356 598 840 391 883 693 907 544 440 876 652 464 516 501 900 417 677 441 812 418 846 453 313 472 913 493 862 862 300 547 479 78 291 222 267 513 108 765 586 256 319 208 289 959 664 409 553 840 462 135 220 825 596 907 390 982 391 324 338 844 208 446 604 351 326 579 362 12 977 913 204 803 200 1020 795 358 515 944
634 182 422 622 595 697 861 400 320 579 544 247 310 325 643 580 942 131 582 705 757 500 504 198 206 601 446 335 0 785 413 191 384 396 797 681 327 685 216 287 754 720 307 276 586 452 548 592 497 145 668 352 204 358 424 162 477 515 543 362 205 39 688 396 509 524 438 248 669 760 205 155 766 410 461 59 168 162 439 660 666 306 546 664 656 276 49 752 681 480 794 362 836 674 199 553 570 599 506 612 569 139 346 258 478 156 553 344 537 282 615 346 529 802 119 694 207 276 167 257 436 199 320 537 253 88 130 288 287 836 381 577 472 593 562 205 190 540 566 843 356 803 233 554 287 516 210 370 345 215 11 277 442 342 760 746 461 582 460 688 465 210 546 756
652 943 696 746 189 321 359 411 923 898 330 1008 1066 1092 853 225 422 810 334 614 128 543 446 625 891 203 873 807 785 0 809 597 658 595 114 134 713 179 619 718 556 293 1015 768 398 539 873 206 311 811 866 442 931 526 729 928 873 277 412 443 793 817 701 446 277 281 805 637 304 256 939 737 487 651 633 752 924 837 877 561 593 626 883 672 142 824 742 413 329 424 168 980 143 373 982 859 228 412 296 364 934 918 967 537 924 653 710 441 591 522 761 449 943 99 673 403 977 746 632 611 559 721 699 500 897 811 903 609 1013 277 639 479 314 564 376 812 659 677 222 130 1108 423 552 596 515 875 653 416 584 571 791 689 447 800 523 367 667 486 671 1026 872 574 294 431
311 557 787 249 649 565 700 591 194 167 729 605 661 656 235 692 760 291 488 404 847 799 370 312 616 702 63 738 413 809 0 450 151 214 762 766 119 800 297 145 1028 600 697 137 442 750 135 609 642 558 259 534 331 296 86 390 76 554 777 413 211 399 341 377 608 538 28 590 849 654 597 548 1013 159 800 457 551 576 67 390 377 646 134 330 733 685 382 972 548 716 732 231 788 886 465 140 590 834 639 823 167 421 226 383 115 332 199 471 854 369 235 425 147 775 445 917 421 668 471 582 744 225 693 339 232 502 505 617 670 716 170 843 543 330 778 617 539 209 651 803 702 605 419 870 522 106 557 513 237 446 425 173 685 743 508 580 812 376 813 289 69 436 705 554
574 348 340 594 408 549 712 210 438 612 357 413 474 497 647 389 795 261 433 626 565 356 383 138 315 410 502 330 191 597 450 0 355 335 618 490 335 493 156 305 601 567 439 326 455 307 579 411 305 231 671 160 373 257 422 348 525 335 368 203 291 227 636 257 320 349 467 146 484 599 350 168 601 375 349 155 329 257 499 571 585 197 581 606 465 302 156 578 535 304 621 491 658 496 390 578 390 426 314 433 618 329 474 112 547 121 524 161 407 143 593 181 591 621 75 519 395 251 43 133 297 236 255 436 382 217 306 167 430 676 342 416 288 510 382 256 110 500 376 664 518 670 63 423 99 556 122 181 277 27 195 277 267 330 652 605 362 476 363 739 516 29 356 627
251 556 695 243 498 428 573 460 296 276 590 614 675 679 293 544 641 295 341 330 697 682 224 221 589 554 215 673 384 658 151 355 0 63 615 616 77 651 201 110 899 461 690 154 302 636 245 458 500 517 316 405 382 149 79 422 219 404 646 272 224 384 304 228 461 386 150 501 706 513 587 487 877 26 696 410 545 539 218 296 294 551 251 280 582 630 341 833 410 587 586 347 641 748 498 238 439 700 495 686 297 441 337 264 267 255 173 337 741 243 240 287 292 627 373 779 464 597 386 488 633 188 610 207 301 469 501 521 667 580 19 717 395 228 643 568 458 156 502 656 719 487 309 757 408 233 474 378 94 343 396 108 560 676 409 451 714 250 715 411 217 334 563 436
242 575 671 260 437 370 520 414 352 328 538 636 698 705 329 486 590 325 279 308 636 644 163 213 596 495 277 662 396 595 214 335 63 0 552 555 130 591 192 153 852 402 704 203 243 599 298 395 446 520 351 363 423 98 136 456 280 344 598 221 263 403 302 171 404 325 211 481 652 454 602 482 827 59 666 414 562 544 281 265 269 527 305 274 521 625 350 780 352 542 525 405 579 695 530 288 377 652 440 634 353 470 394 233 329 253 192 291 704 208 262 240 352 564 366 728 501 585 371 465 598 213 591 156 350 477 520 496 684 522 44 672 338 197 593 566 444 165 443 594 743 439 282 720 375 290 458 331 58 319 408 138 517 664 372 397 685 202 687 463 278 311 509 387
570 966 767 669 222 228 245 457 896 833 408 1032 1092 1115 778 291 308 804 275 521 241 625 392 620 926 270 824 864 797 114 762 618 615 552 0 225 678 279 611 689 664 196 1051 740 329 613 811 206 366 843 789 475 923 498 678 929 820 283 497 439 775 826 614 425 315 273 754 682 406 150 968 772 597 603 709 772 948 869 829 473 505 680 822 587 217 872 751 524 241 497 55 951 42 477 988 795 228 506 348 459 873 924 939 540 874 653 641 456 678 520 686 451 887 17 693 508 978 797 657 655 631 706 757 435 878 835 922 659 1045 163 596 571 330 487 463 852 695 609 268 46 1136 314 565 684 549 817 692 441 551 591 804 662 513 858 422 264 743 412 747 957 821 592 367 327
661 830 561 746 118 367 453 291 856 876 195 893 950 977 847 102 526 723 335 642 81 409 428 541 770 80 830 676 681 134 766 490 616 555 225 0 660 57 539 657 443 350 893 705 405 404 848 169 189 693 863 330 844 472 692 832 836 212 278 367 717 716 718 390 175 231 766 513 183 330 822 618 381 614 498 643 811 718 833 583 614 497 857 686 33 696 642 310 370 290 268 914 263 253 880 836 182 282 177 234 907 818 899 448 882 563 699 345 457 440 758 366 908 215 565 286 881 617 521 487 424 645 568 494 822 699 794 482 893 375 596 347 230 570 242 689 540 665 121 255 990 493 454 463 401 844 532 313 531 466 686 626 314 668 572 427 532 492 536 1009 833 471 161 487
320 492 674 295 544 500 649 472 222 277 612 547 607 609 321 580 717 225 407 403 741 680 292 196 534 592 179 636 327 713 119 335 77 130 678 660 0 689 180 40 909 532 628 77 373 632 244 509 526 467 345 415 305 188 96 348 195 448 658 299 150 323 368 270 496 435 133 478 733 584 526 447 894 101 684 362 482 488 179 372 369 532 246 347 626 588 289 854 482 597 653 275 706 769 424 243 488 715 524 705 285 370 264 263 230 221 228 353 736 250 287 309 266 689 337 799 389 563 359 468 626 128 583 282 223 415 437 502 604 653 88 724 432 305 660 522 429 219 542 721 651 564 300 752 404 222 447 395 129 329 339 57 566 640 486 526 697 326 698 406 188 319 589 512
710 825 528 792 162 424 510 286 878 916 165 886 941 970 891 111 582 736 386 694 77 369 472 557 759 97 863 651 685 179 800 493 651 591 279 57 689 0 557 684 386 408 879 730 456 371 887 217 188 684 908 333 856 503 728 840 871 248 238 392 736 721 768 422 195 272 801 499 127 388 813 609 323 650 461 643 806 708 865 635 665 477 895 736 83 676 648 252 426 260 324 936 315 198 884 876 228 233 180 184 945 823 921 464 915 576 743 360 414 459 804 387 943 267 566 230 888 597 520 474 392 665 544 540 840 694 791 465 881 432 631 300 257 619 201 675 532 709 148 306 980 551 463 418 399 881 522 323 563 471 688 652 289 642 628 484 496 542 500 1050 867 477 143 544
435 398 497 443 433 486 649 307 322 457 454 463 526 539 491 446 728 193 373 497 619 502 288 20 407 463 353 473 216 619 297 156 201 192 611 539 180 557 0 153 736 511 520 184 371 453 424 415 378 329 515 249 313 142 266 319 373 341 489 176 178 232 494 190 364 341 313 301 580 554 419 290 726 223 504 224 384 353 350 449 458 353 426 466 508 433 166 692 470 426 600 379 647 607 384 422 392 547 380 543 465 320 364 96 400 61 373 199 556 98 441 172 442 618 174 635 369 396 185 289 446 108 409 322 283 289 346 323 502 630 191 550 309 383 495 374 257 352 418 657 571 588 122 573 226 402 273 239 135 148 227 123 393 475 545 532 518 366 519 586 365 139 439 540
358 452 642 335 544 520 673 455 207 309 598 508 568 571 359 574 743 186 422 440 739 655 311 167 494 587 199 599 287 718 145 305 110 153 689 657 40 684 153 0 888 551 588 51 394 606 276 512 515 428 383 397 272 192 136 312 220 448 640 292 114 282 408 272 489 438 163 445 721 602 486 409 876 136 654 323 442 448 197 406 404 500 277 386 625 550 249 839 503 577 667 263 719 754 387 277 491 697 514 690 313 331 250 243 247 187 268 338 709 234 327 299 288 699 302 783 354 527 326 436 599 88 549 309 197 375 397 471 564 673 117 703 428 338 643 483 395 258 538 733 612 592 275 725 379 251 413 380 137 301 299 32 545 603 519 550 667 354 668 434 212 291 578 540
1032 819 384 1096 514 796 896 439 1039 1175 325 864 900 938 1180 425 969 857 732 1038 429 254 785 725 719 433 1087 538 754 556 1028 601 899 852 664 443 909 386 736 888 0 785 810 920 798 301 1144 572 419 676 1201 494 958 754 978 914 1105 563 254 631 893 793 1096 689 480 595 1039 506 260 772 787 616 77 909 315 696 802 689 1086 976 1004 451 1149 1062 461 596 740 147 795 312 710 1092 698 190 928 1137 572 202 431 232 1192 883 1075 645 1136 720 1035 562 228 659 1103 613 1175 651 646 156 953 530 600 496 318 833 467 858 982 716 810 465 826 818 881 185 539 944 262 635 563 1003 473 686 928 930 614 215 511 1127 544 521 805 595 751 857 343 526 993 860 334 873 337 1310 1098 605 365 916
376 900 797 478 274 35 145 467 754 650 481 966 1029 1046 587 364 230 697 138 325 400 684 240 526 882 352 658 863 720 293 600 567 461 402 196 350 532 408 511 551 785 0 1005 603 159 660 631 221 405 798 597 460 810 377 514 828 649 266 573 365 653 743 418 324 339 237 587 668 526 55 912 734 728 444 754 710 884 825 664 277 309 683 642 391 326 856 671 659 51 551 148 807 205 595 896 613 228 600 388 558 692 831 797 466 705 565 456 414 744 439 495 386 712 213 635 629 877 788 610 642 672 589 761 261 748 776 851 656 994 121 445 655 314 298 545 821 664 425 321 224 1074 144 505 754 526 640 667 417 418 539 730 530 553 859 230 76 785 229 789 769 652 537 436 139
941 140 426 923 833 985 1149 604 552 855 717 110 102 141 933 792 1232 407 869 1013 956 578 804 500 124 815 716 272 307 1015 697 439 690 704 1051 893 628 879 520 588 810 1005 0 567 883 545 827 845 705 208 957 576 392 661 723 321 750 770 676 640 488 306 994 687 740 787 725 380 823 1039 102 279 850 716 497 299 147 181 707 968 974 406 822 970 875 217 355 862 971 628 1058 570 1092 802 264 836 824 720 719 752 835 283 557 539 736 458 856 599 584 568 915 619 788 1052 370 809 315 292 397 405 523 502 354 842 486 232 192 413 32 1115 688 672 722 901 707 204 356 845 793 1096 118 1100 499 596 502 792 361 610 652 467 296 582 593 284 1065 1039 476 886 472 946 737 468 736 1055
394 428 656 359 592 572 723 492 155 304 637 480 539 538 368 619 793 159 474 479 786 681 362 194 481 633 178 601 276 768 137 326 154 203 740 705 77 730 184 51 920 603 567 0 445 632 272 562 557 421 392 433 229 242 158 275 205 497 674 338 79 264 439 321 535 487 161 460 762 654 465 411 911 179 674 319 420 439 174 449 445 517 271 420 672 548 245 877 554 611 718 212 771 792 351 277 541 732 557 727 299 299 199 279 221 205 295 379 733 274 349 342 267 751 311 820 314 532 342 454 624 91 560 358 147 365 374 490 541 724 164 734 474 382 680 479 407 291 585 784 581 640 306 750 409 242 426 421 189 326 288 79 577 606 564 601 684 402 685 420 195 317 620 589
257 769 732 348 296 126 281 411 596 504 474 834 897 911 454 377 357 548 70 241 475 649 85 388 763 374 501 773 586 398 442 455 302 243 329 405 373 456 371 394 798 159 883 445 0 615 482 238 383 680 468 385 658 230 356 681 494 235 559 255 499 604 312 197 318 202 430 576 554 212 785 623 753 285 702 584 753 706 507 179 209 603 493 281 373 755 536 691 108 520 292 648 349 615 751 466 231 599 369 566 544 687 638 345 549 430 313 322 711 315 363 280 559 343 515 650 728 695 498 552 623 438 680 106 592 651 717 573 868 279 286 642 267 166 539 711 561 280 328 366 942 217 391 724 438 489 568 340 264 429 596 374 512 771 209 161 730 88 733 630 496 425 432 172
811 530 157 856 400 658 797 204 742 907 209 581 625 660 927 322 880 557 562 838 446 49 575 439 439 343 806 290 452 539 750 307 636 599 613 404 632 371 453 606 301 660 545 632 615 0 874 442 256 384 949 241 656 503 711 613 826 395 138 390 597 491 876 456 321 427 765 205 285 668 504 318 318 650 96 394 512 400 803 777 800 152 878 843 400 329 439 319 650 116 642 794 655 256 630 870 431 175 274 211 918 582 777 372 852 428 790 313 105 392 860 366 895 608 345 263 652 253 301 195 22 542 191 645 683 419 515 164 555 734 619 130 352 730 173 351 261 761 351 652 658 796 331 120 228 854 242 281 545 305 450 576 106 280 824 724 129 672 133 1038 818 315 247 768
281 686 918 186 730 596 708 704 294 33 834 731 784 776 120 783 756 424 540 371 927 922 427 441 749 791 113 873 548 873 135 579 245 298 811 848 244 887 424 276 1144 631 827 272 482 874 0 683 744 693 141 649 448 393 166 513 79 639 890 516 344 532 285 469 702 617 112 722 950 686 728 683 1123 239 928 592 681 710 123 379 357 776 12 287 814 820 517 1077 580 831 773 310 831 992 584 20 667 945 738 931 61 546 313 503 119 464 176 581 978 485 167 532 93 826 578 1024 538 802 603 712 869 359 826 376 347 636 635 747 799 739 263 960 636 336 888 751 672 205 740 848 823 605 543 995 645 36 690 623 339 573 559 302 803 877 491 595 942 402 943 166 92 563 807 556
493 759 586 577 58 226 354 261 717 710 260 825 886 908 678 146 437 607 168 478 244 465 259 422 720 139 673 669 592 206 609 411 458 395 206 169 509 217 415 512 572 221 845 562 238 442 683 0 186 637 694 271 728 321 531 728 676 76 352 239 587 622 551 240 122 75 607 481 319 225 761 566 521 453 538 566 741 663 676 418 448 484 693 518 136 672 546 456 223 331 215 774 247 384 785 670 22 381 168 341 743 721 761 337 725 452 531 249 524 320 589 247 747 210 486 419 778 598 450 454 457 515 563 325 691 628 716 461 839 293 438 434 123 401 325 648 490 497 100 253 929 363 359 534 344 681 488 234 379 384 599 483 337 663 421 291 570 324 574 842 674 385 215 345
613 641 403 679 146 406 541 101 700 774 94 704 760 788 767 87 623 551 322 621 260 278 366 376 582 109 705 499 497 311 642 305 500 446 366 189 526 188 378 515 419 405 705 557 383 256 744 186 0 504 787 145 669 350 579 652 716 149 175 228 556 533 676 276 67 182 648 326 207 412 633 429 384 505 351 456 622 528 705 558 585 316 750 643 169 512 460 333 401 145 389 758 408 249 696 735 177 217 18 191 797 635 742 282 756 391 620 179 339 282 687 217 788 363 379 283 700 435 333 299 271 486 391 439 658 510 606 298 704 478 480 258 119 524 157 501 351 587 97 407 801 545 277 349 212 733 343 139 407 283 501 483 151 492 587 473 384 455 388 910 711 289 63 521
762 146 311 759 627 779 942 402 459 725 527 203 257 286 786 591 1026 275 663 827 760 426 603 308 84 613 592 197 145 811 558 231 517 520 843 693 467 684 329 428 676 798 208 421 680 384 693 637 504 0 811 370 323 464 564 261 623 562 500 433 350 168 820 483 535 578 583 189 642 830 129 74 702 542 365 107 128 26 585 778 787 232 691 793 673 132 178 701 765 445 850 496 884 631 255 698 616 551 517 575 715 222 480 334 624 267 690 390 450 364 754 412 674 845 165 644 288 154 188 211 364 339 212 647 390 59 134 229 202 907 511 514 513 712 527 62 152 673 589 889 297 897 292 465 296 662 162 402 464 258 134 414 408 205 869 834 356 690 354 833 611 260 541 853
220 817 1011 119 747 562 647 764 435 124 881 865 919 913 24 813 681 550 534 292 938 995 436 534 873 817 253 981 668 866 259 671 316 351 789 863 345 908 515 383 1201 597 957 392 468 949 141 694 787 811 0 713 586 449 250 648 219 663 947 569 469 657 193 512 736 637 232 817 987 650 856 792 1171 299 1013 706 810 830 264 322 292 868 150 210 830 933 633 1119 549 892 745 451 802 1036 721 126 681 999 778 978 170 680 454 580 258 564 166 642 1054 557 105 590 222 805 682 1070 676 908 700 804 947 471 925 370 485 757 764 837 930 692 331 1022 671 302 939 867 771 200 766 820 959 540 625 1070 723 177 788 681 404 660 679 402 868 985 416 547 1030 379 1032 182 232 650 848 497
570 501 347 617 257 450 605 58 568 681 207 565 624 650 692 229 690 409 342 599 405 283 337 242 451 249 594 403 352 442 534 160 405 363 475 330 415 333 249 397 494 460 576 433 385 241 649 271 145 370 713 0 526 265 483 507 610 200 243 149 421 388 635 215 164 224 544 210 334 482 497 297 479 417 320 313 482 396 593 538 560 222 654 602 306 401 315 443 439 182 486 624 517 358 551 643 252 299 154 294 697 490 608 154 644 251 552 72 345 164 621 125 681 476 234 386 555 329 191 183 244 354 301 405 521 369 463 195 572 556 388 311 150 490 246 377 220 522 219 520 666 584 135 360 74 633 217 45 312 138 356 365 154 399 595 513 346 434 349 815 604 144 199 549
622 255 624 577 744 781 939 581 160 474 729 288 337 327 563 747 1012 121 674 708 923 704 572 306 345 765 335 520 204 931 331 373 382 423 923 844 305 856 313 272 958 810 392 229 658 656 448 728 669 323 586 526 0 433 382 70 369 654 739 489 160 166 663 499 668 654 359 453 857 857 303 356 967 407 665 264 256 328 325 678 674 511 442 646 815 454 219 949 764 675 910 180 959 869 136 460 705 796 675 805 449 111 166 396 348 281 518 498 742 409 564 482 399 931 313 890 89 472 361 461 640 221 522 580 100 265 214 493 361 931 389 778 619 610 755 384 395 518 724 969 375 862 393 759 472 412 414 533 393 390 209 285 637 529 791 817 664 625 663 555 356 382 725 811
319 541 582 353 355 349 510 316 398 424 441 605 669 681 427 395 588 320 240 368 553 547 146 161 545 406 360 587 358 526 296 257 149 98 498 472 188 503 142 192 754 377 661 242 230 503 393 321 350 464 449 265 433 0 229 452 368 260 500 123 279 374 382 82 312 247 299 399 557 423 561 416 730 155 573 363 526 490 362 315 328 440 400 351 438 557 309 683 332 443 479 455 531 598 521 385 300 553 345 537 447 457 442 147 412 203 287 193 608 118 357 141 440 508 302 630 500 509 297 380 503 212 508 182 379 429 488 409 644 497 130 574 247 253 495 504 367 258 355 543 714 445 198 623 282 382 379 232 59 237 369 163 419 588 405 391 594 225 596 559 364 230 413 397
241 585 763 201 574 479 614 538 266 197 669 638 697 697 226 622 676 317 403 330 772 758 286 285 630 631 145 731 424 729 86 422 79 136 678 692 96 728 266 136 978 514 723 158 356 711 166 531 579 564 250 483 382 229 0 433 144 481 724 351 238 417 281 306 539 462 76 568 786 568 620 542 957 78 768 458 576 584 151 310 300 620 171 264 658 684 385 912 462 665 647 309 703 827 509 160 513 779 574 765 218 457 303 339 195 314 137 415 815 320 192 366 215 691 431 859 469 657 450 556 707 225 675 253 289 512 530 589 698 630 98 794 474 248 722 618 521 136 580 719 740 521 381 831 482 153 538 457 173 413 436 151 637 734 428 494 784 290 785 332 143 403 642 470
669 184 568 631 739 801 962 558 230 540 704 219 271 265 625 733 1038 132 690 752 910 660 595 308 276 752 400 457 162 928 390 348 422 456 929 832 348 840 319 312 914 828 321 275 681 613 513 728 652 261 648 507 70 452 433 0 434 652 705 490 198 123 714 509 658 656 418 408 830 873 232 302 928 448 614 218 185 263 390 718 716 464 507 695 805 389 192 915 784 643 919 251 965 837 76 524 705 762 659 775 516 41 237 391 416 275 570 488 694 408 620 480 467 935 280 856 49 414 328 419 596 244 467 611 166 206 144 449 291 948 427 739 613 649 724 321 351 566 714 975 311 891 378 710 446 477 370 519 419 368 163 319 604 466 828 842 611 657 609 625 421 362 704 841
327 609 860 245 718 614 739 667 215 105 804 653 705 697 198 764 794 350 545 420 916 875 429 388 676 774 34 806 477 873 76 525 219 280 820 836 195 871 373 220 1105 649 750 205 494 826 79 676 716 623 219 610 369 368 144 434 0 624 853 487 272 459 343 448 680 605 69 664 923 704 652 617 1088 222 875 523 604 639 44 418 399 720 73 339 802 751 450 1047 597 792 786 234 843 962 505 93 657 909 712 899 93 468 235 459 57 406 214 546 930 445 227 500 72 833 517 992 458 738 545 656 820 296 765 388 268 565 559 691 721 763 239 920 615 365 854 682 612 235 722 859 744 640 495 946 599 43 630 588 309 522 488 249 762 812 534 622 887 421 887 215 12 512 779 590
475 683 530 550 95 262 408 200 650 667 238 749 809 832 645 149 492 533 172 475 293 424 230 347 645 153 618 603 515 277 554 335 404 344 283 212 448 248 341 448 563 266 770 497 235 395 639 76 149 562 663 200 654 260 481 652 624 0 324 165 516 545 537 178 83 33 554 411 326 283 685 492 520 403 488 489 665 588 621 413 441 420 647 503 178 602 470 461 255 291 287 708 323 382 709 627 54 363 134 330 696 644 693 261 670 377 497 173 485 245 560 172 696 287 410 417 702 530 374 384 407 444 498 301 621 552 639 395 763 356 384 407 50 384 304 575 417 463 102 329 853 400 282 496 272 633 416 161 319 307 522 417 289 598 437 328 519 311 522 801 621 309 197 373
783 647 293 843 300 577 701 186 802 922 92 703 751 784 926 213 781 629 497 795 311 131 537 480 564 229 837 427 543 412 777 368 646 598 497 278 658 238 489 640 254 573 676 674 559 138 890 352 175 500 947 243 739 500 724 705 853 324 0 377 655 582 847 436 242 357 787 312 148 572 626 429 236 655 224 490 628 520 836 733 759 272 896 814 279 463 519 210 573 64 532 857 538 132 733 884 346 58 190 75 940 680 841 396 887 481 782 308 180 407 850 359 925 490 426 151 749 385 378 293 160 591 325 610 750 526 625 271 683 632 627 83 293 696 36 477 360 750 252 532 786 715 369 187 271 875 344 267 552 357 543 608 101 417 762 643 258 629 262 1057 847 366 137 694
421 538 487 469 258 346 509 195 488 547 317 604 666 685 548 282 593 368 230 453 449 432 193 183 517 295 476 518 362 443 413 203 272 221 439 367 299 392 176 292 631 365 640 338 255 390 516 239 228 433 569 149 489 123 351 490 487 165 377 0 351 389 485 66 197 166 419 321 436 400 547 371 606 278 467 345 521 459 477 393 413 351 523 453 335 500 314 560 332 322 433 546 476 475 550 508 216 430 225 414 569 485 531 103 528 214 405 76 494 81 474 25 560 445 270 507 540 440 246 297 393 279 426 258 456 411 490 321 629 477 252 452 136 342 372 459 305 374 247 485 711 468 140 509 186 504 312 111 178 175 370 260 300 516 460 403 492 291 494 683 483 173 291 427
471 349 605 438 610 623 779 479 147 375 628 401 459 459 445 625 852 80 518 554 798 647 413 180 405 641 241 537 205 793 211 291 224 263 775 717 150 736 178 114 893 653 488 79 499 597 344 587 556 350 469 421 160 279 238 198 272 516 655 351 0 188 517 350 543 512 237 412 755 701 387 349 890 250 629 253 341 366 234 521 519 471 341 497 686 480 181 862 605 591 758 203 809 778 274 351 565 713 558 714 364 220 187 273 275 173 374 377 695 277 428 350 325 784 260 804 239 472 298 411 587 71 505 420 104 293 295 446 462 774 230 708 487 452 664 410 356 369 596 820 502 702 286 712 384 312 376 417 234 298 216 125 555 543 633 657 636 465 637 483 260 289 616 651
