42
0 638 573 394 619 589 104 630 765 218 421 491 67 582 241 339 537 380 266 374 338 104 226 59 232 450 471 341 50 300 273 695 288 616 113 555 694 278 302 358 462 546
638 0 584 957 936 400 541 192 484 500 317 147 616 832 730 318 172 465 475 326 363 534 621 584 833 991 375 636 682 935 784 337 896 50 694 273 1139 507 925 392 476 208
573 584 0 963 399 197 560 414 284 649 671 502 616 284 805 564 646 760 671 340 337 530 747 567 597 618 220 266 578 806 473 334 646 609 523 745 643 709 698 285 138 687
394 957 963 0 921 981 447 996 1158 456 663 823 372 919 228 639 813 539 485 754 721 469 338 419 435 624 863 712 384 233 561 1080 434 922 446 780 898 459 392 748 857 803
619 936 399 921 0 590 672 793 674 797 916 821 684 115 851 802 948 950 838 626 600 644 844 650 485 353 564 328 591 702 365 732 496 949 513 1025 252 865 548 555 463 981
589 400 197 981 590 0 541 219 176 594 553 348 612 476 790 462 492 668 603 247 268 515 710 563 683 757 119 374 610 865 580 146 740 432 575 600 825 643 787 233 157 535
104 541 560 447 672 541 0 552 718 128 318 397 78 619 250 236 433 290 174 306 275 30 188 45 333 544 422 364 154 394 352 632 391 517 201 451 774 195 406 308 435 442
630 192 414 996 793 219 552 0 293 556 435 206 630 682 780 383 326 575 546 260 299 534 681 587 785 907 235 527 665 929 709 146 848 234 656 437 1015 584 886 303 331 370
765 484 284 1158 674 176 718 293 0 766 701 479 788 560 966 622 614 827 771 419 444 692 884 740 847 897 296 524 785 1037 735 147 902 527 747 725 924 811 951 410 316 658
218 500 649 456 797 594 128 556 766 0 222 369 160 739 230 183 362 163 48 347 328 153 125 164 450 668 478 481 267 467 480 661 504 466 326 353 903 67 511 373 515 359
421 317 671 663 916 553 318 435 701 222 0 228 375 836 435 114 153 147 181 331 338 328 324 362 650 854 459 587 472 689 652 569 709 274 515 133 1063 203 723 390 533 139
491 147 502 823 821 348 397 206 479 369 228 0 473 722 599 187 144 369 352 195 227 388 494 439 686 850 282 507 535 790 641 342 749 136 547 252 1010 388 778 266 377 187
67 616 616 372 684 612 78 630 788 160 375 473 0 644 189 306 501 319 208 382 349 97 160 49 292 514 492 397 110 321 340 708 345 590 180 509 761 215 351 378 497 506
582 832 284 919 115 476 619 682 560 739 836 722 644 0 822 721 855 884 776 531 508 590 801 604 491 411 457 257 563 715 360 617 516 847 487 938 364 806 571 461 356 890
241 730 805 228 851 790 250 780 966 230 435 599 189 822 0 413 585 318 257 551 523 278 110 237 400 626 671 582 260 306 490 875 432 694 338 555 892 232 414 558 683 575
339 318 564 639 802 462 236 383 622 183 114 187 306 721 413 0 197 205 164 226 227 238 306 281 559 753 359 473 388 627 547 501 620 287 421 232 953 201 640 280 426 209
537 172 646 813 948 492 433 326 614 362 153 144 501 855 585 197 0 298 328 324 348 435 474 479 754 940 425 625 585 822 732 471 816 124 615 111 1123 354 837 394 517 44
380 465 760 539 950 668 290 575 827 163 147 369 319 884 318 205 298 0 116 428 423 312 213 327 611 831 563 627 428 603 643 702 664 421 489 242 1065 104 667 474 621 276
266 475 671 485 838 603 174 546 771 48 181 352 208 776 257 164 328 116 0 356 342 197 147 211 499 716 490 518 316 511 527 659 553 438 374 310 949 39 559 390 535 321
374 326 340 754 626 247 306 260 419 347 331 195 382 531 551 226 324 428 356 0 40 284 465 336 528 668 135 312 407 670 462 325 591 329 396 412 815 395 627 70 203 360
338 363 337 721 600 268 275 299 444 328 338 227 349 508 523 227 348 423 342 40 0 252 442 302 487 629 151 280 369 632 423 358 550 363 356 430 782 381 587 52 199 381
104 534 530 469 644 515 30 534 692 153 328 388 97 590 278 238 435 312 197 284 252 0 218 52 323 528 396 334 150 402 332 610 383 512 187 460 752 220 402 281 406 446
226 621 747 338 844 710 188 681 884 125 324 494 160 801 110 306 474 213 147 465 442 218 0 196 435 662 592 549 264 392 498 784 479 585 338 446 916 122 472 482 618 464
59 584 567 419 650 563 45 587 740 164 362 439 49 604 237 281 479 327 211 336 302 52 196 0 289 504 444 353 109 351 318 661 347 561 162 496 741 227 361 329 447 487
232 833 597 435 485 683 333 785 847 450 650 686 292 491 400 559 754 611 499 528 487 323 435 289 0 227 580 331 183 223 133 815 63 819 139 784 491 508 103 484 530 768
450 991 618 624 353 757 544 907 897 668 854 850 514 411 626 753 940 831 716 668 629 528 662 504 227 0 678 385 403 391 208 902 196 986 342 984 274 729 232 608 601 960
471 375 220 863 564 119 422 235 296 478 459 282 492 457 671 359 425 563 490 135 151 396 592 444 580 678 0 295 494 752 487 234 640 394 465 526 781 530 684 114 101 466
341 636 266 712 328 374 364 527 524 481 587 507 397 257 582 473 625 627 518 312 280 334 549 353 331 385 295 0 332 541 211 516 381 641 266 698 503 549 432 244 216 656
50 682 578 384 591 610 154 665 785 267 472 535 110 563 260 388 585 428 316 407 369 150 264 109 183 403 494 332 0 263 235 723 238 662 77 605 652 325 252 383 475 595
300 935 806 233 702 865 394 929 1037 467 689 790 321 715 306 627 822 603 511 670 632 402 392 351 223 391 752 541 263 0 357 984 207 911 290 821 665 502 160 644 722 824
273 784 473 561 365 580 352 709 735 480 652 641 340 360 490 547 732 643 527 462 423 332 498 318 133 208 487 211 235 357 0 718 173 778 160 779 422 545 226 406 423 753
695 337 334 1080 732 146 632 146 147 661 569 342 708 617 875 501 471 702 659 325 358 610 784 661 815 902 234 516 723 984 718 0 874 380 698 583 970 698 918 340 300 515
288 896 646 434 496 740 391 848 902 504 709 749 345 516 432 620 816 664 553 591 550 383 479 347 63 196 640 381 238 207 173 874 0 882 202 843 469 560 54 546 586 829
616 50 609 922 949 432 517 234 527 466 274 136 590 847 694 287 124 421 438 329 363 512 585 561 819 986 394 641 662 911 778 380 882 0 679 223 1144 468 909 398 494 159
113 694 523 446 513 575 201 656 747 326 515 547 180 487 338 421 615 489 374 396 356 187 338 162 139 342 465 266 77 290 160 698 202 679 0 647 580 389 232 360 432 630
555 273 745 780 1025 600 451 437 725 353 133 252 509 938 555 232 111 242 310 412 430 460 446 496 784 984 526 698 605 821 779 583 843 223 647 0 1185 325 857 480 613 67
694 1139 643 898 252 825 774 1015 924 903 1063 1010 761 364 892 953 1123 1065 949 815 782 752 916 741 491 274 781 503 652 665 422 970 469 1144 580 1185 0 968 506 747 685 1150
278 507 709 459 865 643 195 584 811 67 203 388 215 806 232 201 354 104 39 395 381 220 122 227 508 729 530 549 325 502 545 698 560 468 389 325 968 0 562 428 573 343
302 925 698 392 548 787 406 886 951 511 723 778 351 571 414 640 837 667 559 627 587 402 472 361 103 232 684 432 252 160 226 918 54 909 232 857 506 562 0 586 634 848
358 392 285 748 555 233 308 303 410 373 390 266 378 461 558 280 394 474 390 70 52 281 482 329 484 608 114 244 383 644 406 340 546 398 360 480 747 428 586 0 147 429
462 476 138 857 463 157 435 331 316 515 533 377 497 356 683 426 517 621 535 203 199 406 618 447 530 601 101 216 475 722 423 300 586 494 432 613 685 573 634 147 0 556
546 208 687 803 981 535 442 370 658 359 139 187 506 890 575 209 44 276 321 360 381 446 464 487 768 960 466 656 595 824 753 515 829 159 630 67 1150 343 848 429 556 0
