319
0 641 706 263 757 454 198 109 833 547 197 210 109 305 136 372 682 197 465 304 514 131 450 371 747 471 709 140 591 264 328 224 231 733 538 201 142 605 451 547 458 764 272 641 538 578 240 173 230 644 655 335 199 310 722 742 487 158 371 615 585 701 213 291 442 399 812 186 338 376 665 842 366 151 667 519 336 582 239 642 725 468 546 572 555 344 135 730 127 156 534 565 111 210 870 424 862 404 373 437 163 752 552 495 509 100 723 236 185 504 488 330 311 413 730 422 138 537 127 551 145 797 770 206 567 348 225 706 694 253 347 358 305 372 235 786 343 437 277 667 315 730 839 527 89 674 448 187 178 308 204 383 73 30 256 187 423 298 374 406 249 300 126 551 529 453 802 753 354 435 824 191 357 632 935 597 157 528 659 228 372 118 706 499 209 283 274 522 681 301 505 334 606 699 364 442 338 781 818 482 568 596 788 545 342 191 593 610 554 360 480 318 139 203 651 783 649 814 588 699 294 698 582 148 684 562 383 798 495 720 910 267 296 503 568 97 511 388 609 606 458 297 513 595 234 822 239 277 558 285 553 540 734 160 251 559 525 679 192 553 451 695 299 104 205 288 609 805 795 256 682 758 637 101 781 759 407 138 402 329 454 303 271 284 613 319 412 498 422 684 715 531 116 360 761 188 581 283 642 766 390 550 195 409 337 180 897 392 151 504 817 325 633 651 749 84 254 823 704
641 0 91 469 294 869 710 590 679 870 831 835 750 702 574 269 88 783 290 620 132 726 608 361 191 175 101 505 1010 875 826 863 530 381 193 790 499 204 228 101 190 669 424 541 103 683 595 617 605 309 171 886 700 467 748 593 315 682 591 797 394 229 729 484 259 473 423 825 672 866 607 674 580 632 511 214 857 820 879 853 705 209 294 216 107 684 775 511 523 488 198 511 722 434 665 245 678 358 763 738 739 163 997 984 951 705 131 823 825 399 180 398 382 744 609 803 554 432 656 325 593 459 701 544 757 348 842 73 128 484 419 287 339 405 772 290 854 285 413 67 507 511 469 928 708 283 779 453 610 884 699 437 661 647 621 632 722 689 407 877 861 383 515 813 720 431 617 277 296 732 573 691 707 179 597 602 621 449 842 760 271 566 299 354 705 381 381 983 1105 509 156 895 342 102 714 679 695 316 411 911 571 696 497 96 469 816 912 917 90 607 789 323 564 525 1037 269 629 675 848 569 842 603 1026 659 158 368 879 433 575 322 671 393 345 297 227 683 136 521 275 131 771 871 341 181 855 433 823 579 191 880 633 770 474 517 411 860 134 240 454 192 706 623 777 745 813 759 851 280 685 740 771 510 968 639 516 666 682 517 356 898 272 349 832 835 683 821 601 150 416 506 127 675 540 472 144 712 1026 658 1013 418 386 1025 544 598 823 799 653 851 613 312 469 378 75 712 150 717 678 646 83
706 91 0 510 356 892 755 664 629 881 890 893 815 734 650 334 150 858 381 649 192 800 615 449 106 255 147 574 1029 949 909 925 572 323 285 841 565 291 267 188 271 630 506 512 174 674 679 663 689 268 124 966 745 500 722 551 407 760 610 791 371 165 774 570 290 488 352 892 697 951 579 622 600 681 476 226 896 821 942 848 675 297 385 204 198 772 838 464 584 558 207 495 793 504 609 290 623 448 789 754 791 72 1020 1014 975 762 176 873 891 490 268 434 465 763 570 825 630 419 732 415 643 395 664 588 755 433 915 33 56 525 508 363 412 430 852 343 891 375 459 39 595 464 397 947 767 232 796 518 690 962 780 527 733 709 706 676 739 721 496 908 914 465 582 818 721 436 567 338 353 747 515 771 732 262 523 585 700 439 834 805 334 622 240 446 749 460 437 1009 1121 540 202 975 429 21 739 691 722 374 337 935 557 686 438 167 495 887 920 923 175 696 802 395 640 605 1050 320 605 628 851 533 922 569 1047 737 226 459 914 366 574 261 609 470 415 389 215 755 220 612 361 122 786 949 336 164 927 361 900 665 282 930 625 773 423 571 465 868 223 315 515 194 718 591 814 809 867 843 851 325 642 780 754 457 976 713 460 627 698 590 446 943 295 426 878 915 669 904 614 208 429 467 177 673 612 494 164 790 1048 691 1025 355 408 1052 624 611 908 871 592 881 691 404 401 419 74 694 183 785 762 595 10
263 469 510 0 674 413 246 297 581 448 404 400 356 238 306 223 535 458 422 165 338 392 241 365 525 335 559 209 561 526 574 444 62 474 446 338 176 517 243 399 330 517 302 385 369 369 406 155 405 390 430 595 235 51 501 486 459 394 176 444 323 464 264 375 220 143 553 434 220 623 418 588 166 177 407 292 388 436 465 487 492 369 503 338 417 531 369 468 147 203 310 309 373 199 613 223 607 400 306 311 289 539 540 518 493 275 581 367 429 517 375 78 309 305 477 353 288 275 359 523 144 535 529 79 394 325 486 519 483 15 384 257 225 111 486 692 385 387 60 472 413 467 577 480 287 425 344 158 368 570 436 430 324 249 434 167 294 225 403 411 413 294 194 414 351 191 544 664 184 305 562 423 255 531 672 358 359 266 493 295 216 146 456 490 239 264 118 522 658 69 313 595 578 497 264 275 240 700 561 455 324 387 525 376 85 451 495 506 399 506 365 221 299 324 600 681 409 563 455 443 551 447 571 376 565 553 411 537 263 467 650 250 206 465 330 351 369 483 551 393 342 559 255 369 495 563 501 426 465 423 331 384 471 103 94 447 392 594 129 328 297 447 308 345 367 522 468 701 548 271 479 495 550 330 518 512 258 236 396 433 221 249 368 542 395 566 210 319 159 423 575 331 243 104 609 429 571 193 581 506 131 563 332 206 580 442 636 386 349 474 555 90 436 434 606 346 462 567 510
757 294 356 674 0 1088 885 671 973 1113 954 967 857 911 646 450 209 838 292 839 372 799 863 389 460 341 209 619 1236 933 828 977 729 674 229 942 629 158 474 294 344 962 487 830 340 955 614 796 628 603 464 904 877 691 1034 887 277 735 829 1064 683 517 905 503 509 723 708 920 894 856 896 968 818 803 803 489 1042 1078 987 1117 993 307 218 505 271 654 888 805 670 604 477 793 803 554 959 476 972 361 981 976 894 419 1214 1186 1167 844 181 978 924 306 299 622 446 975 902 1027 633 713 721 225 763 749 993 734 1020 408 910 323 409 688 429 424 471 647 805 38 1042 319 613 353 504 806 754 1155 841 577 1014 592 656 917 734 415 748 774 631 814 959 898 404 1080 1003 456 637 1065 980 696 912 18 491 970 866 730 929 145 879 883 675 728 1111 934 458 723 591 283 884 474 561 1195 1332 731 409 918 187 376 938 926 914 26 693 1129 850 970 790 338 703 894 1158 1166 301 567 1030 466 638 578 1273 56 915 969 1104 862 866 894 1245 715 136 241 1074 721 841 613 963 491 486 257 515 762 314 474 151 425 1009 904 619 473 924 717 871 582 209 1033 905 1026 769 683 591 1107 288 80 607 477 952 913 970 857 957 764 1110 74 978 928 1051 804 1214 715 809 958 920 619 362 1065 530 461 999 862 961 826 848 387 672 800 179 940 641 711 208 754 1245 866 1252 709 632 1234 596 845 820 874 945 1056 670 261 757 595 369 992 181 814 688 941 345
454 869 892 413 1088 0 255 558 649 126 388 360 446 178 583 637 942 592 827 250 742 548 299 755 877 748 965 532 149 596 744 421 360 736 860 293 505 930 640 809 744 567 670 522 775 338 693 314 683 691 788 715 256 402 454 596 861 603 282 279 580 799 241 719 609 405 802 477 197 786 496 664 292 321 572 666 159 216 441 267 491 782 910 694 829 797 425 642 455 538 684 473 523 569 708 627 689 791 107 152 303 904 128 136 83 363 989 277 467 906 789 473 692 131 571 67 578 514 578 927 353 758 551 359 257 718 562 908 853 400 756 667 628 463 653 1106 144 792 474 858 752 641 805 73 381 737 110 522 632 671 648 800 520 424 710 295 161 191 780 77 321 678 509 184 251 463 653 1078 597 157 713 636 161 945 845 428 611 493 299 231 630 401 760 887 246 650 528 118 245 361 713 704 983 875 154 220 174 1114 819 43 426 345 721 781 399 531 158 178 808 812 127 628 584 640 198 1095 461 626 200 564 687 537 157 599 978 952 114 777 361 760 757 633 610 870 683 536 781 827 962 770 129 667 568 732 560 809 618 728 879 282 358 213 673 424 499 151 805 1008 500 698 197 518 155 432 319 724 224 1114 596 198 385 676 189 555 700 563 199 549 788 231 599 646 230 678 375 735 286 724 464 594 983 297 538 398 1012 626 157 222 188 750 484 161 637 288 757 539 752 71 605 877 777 496 822 395 1013 481 706 659 895
198 710 755 246 885 255 0 303 719 352 197 180 210 121 328 448 770 355 605 165 578 302 315 523 770 560 795 288 395 383 504 239 184 693 656 103 265 727 488 631 552 642 430 542 607 428 437 92 428 620 675 489 11 267 573 639 635 351 243 440 532 705 20 471 466 327 770 265 171 549 548 731 243 81 580 538 157 398 263 458 588 579 689 581 646 542 200 650 218 297 556 471 277 337 766 466 754 559 179 256 70 785 359 311 314 114 815 125 257 669 592 324 459 227 621 226 324 472 323 701 121 742 640 167 396 490 344 764 729 230 515 461 413 343 410 908 160 572 296 717 501 649 787 328 133 659 257 294 376 450 396 556 266 168 454 78 245 120 540 213 177 445 265 364 362 393 700 878 415 255 739 384 177 747 863 475 355 455 480 50 444 163 689 655 14 420 332 331 487 234 556 482 757 743 181 279 160 911 782 285 454 445 720 614 286 308 396 414 634 557 291 419 329 388 453 900 524 698 400 597 455 587 390 344 790 720 196 751 375 697 811 403 398 647 573 284 598 576 747 639 270 443 483 614 346 779 388 473 676 179 417 361 666 202 302 366 618 804 278 573 280 577 101 195 137 476 422 921 674 57 522 682 439 299 707 637 241 301 555 188 466 425 122 445 467 495 279 559 374 601 808 379 287 297 846 376 389 121 443 720 365 363 384 277 515 311 800 195 349 651 762 336 681 501 840 235 452 716 755
109 590 664 297 671 558 303 0 878 645 289 307 188 400 28 333 619 194 379 384 472 136 517 281 719 415 647 99 698 284 280 307 287 740 463 309 126 525 429 491 401 814 184 682 491 648 134 259 126 645 632 314 302 348 788 783 396 103 440 698 604 684 319 185 429 440 817 249 426 329 715 885 433 243 701 502 445 671 316 730 784 399 455 559 495 248 221 758 151 113 515 606 134 161 909 400 903 311 472 528 272 718 660 604 616 209 657 343 252 402 423 346 227 506 774 522 37 566 70 457 223 810 825 266 649 266 252 659 660 293 248 302 252 395 200 702 452 355 288 625 207 758 848 632 197 668 543 164 77 301 140 280 77 137 154 276 512 392 276 514 351 219 105 642 608 484 840 669 327 524 853 127 449 556 954 652 63 560 744 337 335 180 701 402 312 211 261 630 788 352 471 319 510 660 456 522 429 695 821 588 620 666 808 498 382 229 692 708 500 253 574 269 33 98 756 701 704 860 681 740 269 744 690 82 612 464 492 806 553 718 945 198 249 414 556 93 455 279 521 577 551 289 524 575 265 828 236 170 481 391 617 626 756 197 248 655 464 596 184 534 535 744 405 191 310 225 700 724 845 360 756 783 738 48 805 809 491 77 309 437 446 240 380 261 680 273 480 458 449 716 649 604 58 401 697 138 689 372 747 776 409 658 87 477 285 210 930 498 53 412 829 332 594 718 683 143 168 863 660
833 679 629 581 973 649 719 878 0 552 917 899 907 611 885 657 765 1030 861 555 631 965 404 860 542 701 771 786 714 1086 1154 959 602 309 814 820 754 861 561 703 711 82 840 196 654 313 979 674 980 369 510 1169 710 530 212 98 901 975 477 387 313 465 726 922 533 438 310 977 554 1204 171 16 479 702 189 508 764 451 983 429 161 766 915 475 727 1104 908 168 728 777 514 271 944 757 63 579 40 884 602 512 789 586 737 782 711 810 801 830 970 984 749 540 826 543 103 598 866 322 940 945 692 253 103 627 394 821 1045 661 573 586 903 719 727 488 1065 967 750 833 596 622 961 167 278 656 827 398 544 727 947 1140 1017 945 901 813 1009 670 511 607 911 714 887 815 774 475 399 397 62 956 627 508 130 1004 564 847 233 244 940 322 397 746 648 715 389 943 705 788 643 748 774 532 595 1168 984 608 564 457 573 995 333 681 267 304 200 653 496 1008 562 550 691 1065 522 711 878 893 692 945 196 22 480 139 1127 135 750 957 837 988 744 286 345 370 111 782 712 894 466 927 703 1019 926 549 524 1130 398 502 1051 308 1072 993 825 869 306 438 205 683 642 525 726 915 701 507 469 142 694 893 855 1103 462 952 55 696 284 172 598 911 174 86 493 813 880 841 506 757 801 1118 274 1146 440 624 433 183 800 358 823 477 794 1010 753 598 663 283 480 788 904 442 1161 1004 112 692 929 908 257 561 603 256 812 910 1042 35 639
547 870 881 448 1113 126 352 645 552 0 507 480 556 245 668 665 950 702 870 286 751 653 265 809 851 771 970 603 166 714 853 542 405 683 889 408 572 958 647 824 770 471 732 453 785 254 779 388 771 653 767 830 349 423 347 512 907 702 283 167 538 768 342 791 613 397 742 594 232 897 414 568 294 402 505 659 284 102 564 143 391 813 952 677 846 891 538 571 523 606 676 418 628 628 613 639 592 845 173 137 410 882 184 237 162 465 996 397 584 962 816 491 749 145 485 125 659 475 674 972 426 693 450 412 161 770 679 901 836 437 818 705 672 468 761 1127 268 835 507 850 826 570 738 104 484 700 106 581 721 788 748 864 617 517 799 370 154 254 840 203 444 734 580 78 174 444 564 1102 624 143 631 736 201 968 762 354 702 454 177 339 657 474 720 937 339 704 566 198 246 384 718 820 1026 862 193 190 220 1139 761 139 362 256 650 790 409 646 47 63 821 897 83 669 667 718 170 1113 377 530 77 485 800 454 199 695 994 1001 240 716 314 716 663 689 654 914 666 636 800 901 998 759 105 782 546 717 677 747 732 812 908 407 288 122 607 485 541 27 825 1034 555 687 163 431 261 541 437 828 101 1131 497 296 275 604 101 649 626 468 193 624 841 358 598 695 351 790 286 844 269 734 454 526 991 226 616 402 1015 728 201 279 144 691 486 235 718 272 865 653 660 195 695 922 710 518 815 296 1019 586 802 566 885
197 831 890 404 954 388 197 289 917 507 0 28 102 312 317 561 877 220 662 362 701 200 512 566 922 664 903 337 494 208 368 42 351 874 736 102 335 802 628 740 652 839 468 738 727 624 397 257 383 794 827 329 207 439 767 835 682 272 439 623 716 866 192 475 613 513 952 91 366 406 746 928 439 231 774 689 232 574 65 633 784 665 741 739 750 466 69 843 307 353 706 665 180 407 963 602 951 599 351 440 128 931 447 373 413 130 919 110 81 692 684 482 507 408 818 387 325 659 264 745 259 928 837 327 583 545 176 893 873 390 538 553 500 513 286 983 246 634 439 851 492 842 973 451 123 829 431 378 334 284 307 570 216 185 401 255 432 314 565 317 77 497 321 539 553 577 897 950 537 440 933 300 366 830 1055 672 311 644 658 178 559 270 861 691 211 481 453 413 569 414 688 317 799 882 369 473 352 978 962 400 651 639 910 734 464 148 545 565 746 510 465 512 323 388 561 980 721 895 569 794 306 784 473 280 881 753 283 935 572 871 1007 464 490 699 732 214 704 560 806 784 447 280 657 766 172 962 237 438 755 125 614 545 856 321 426 528 719 876 377 725 471 774 250 98 70 364 593 1003 871 229 712 874 576 256 898 834 434 335 596 183 620 500 158 297 663 360 476 684 553 794 911 574 313 479 955 281 471 318 561 903 534 427 375 475 383 161 997 316 310 699 948 486 816 696 945 150 374 913 889
210 835 893 400 967 360 180 307 899 480 28 0 124 292 335 566 884 248 675 346 705 226 495 581 921 671 910 348 465 236 397 63 344 866 746 80 343 814 628 746 660 821 482 723 732 603 419 248 406 787 826 357 191 432 746 820 697 297 424 599 707 863 173 493 612 502 944 120 347 435 729 911 424 223 761 687 203 549 86 607 764 674 756 736 757 492 92 830 312 363 704 651 205 416 947 603 934 614 327 417 115 931 418 344 385 130 926 83 110 710 693 478 521 385 802 361 342 648 286 761 255 918 818 321 560 558 205 896 873 385 555 561 508 507 314 995 218 647 438 854 512 829 963 422 128 824 406 385 356 313 333 588 236 193 425 244 409 294 582 289 49 510 331 514 531 567 881 963 540 417 919 325 344 840 1042 655 333 633 633 156 563 270 855 707 194 493 455 384 540 405 690 346 815 883 347 452 332 991 954 371 634 618 898 739 456 177 518 538 752 534 440 519 341 406 532 991 704 878 543 778 335 767 445 303 891 770 255 925 556 865 992 476 497 713 730 237 711 581 820 784 423 309 651 765 200 953 266 460 766 96 595 521 844 321 427 501 727 888 381 723 449 757 226 117 45 392 567 1014 853 208 690 861 548 276 886 817 414 348 611 154 618 510 130 326 643 389 459 688 544 781 918 554 326 469 962 307 442 301 532 894 528 399 394 458 411 190 981 288 331 714 938 483 818 675 952 172 399 897 891
109 750 815 356 857 446 210 188 907 556 102 124 0 331 215 482 790 146 565 357 624 105 510 468 855 579 817 247 568 178 297 119 314 831 643 156 251 708 559 656 567 833 370 719 647 632 295 232 281 744 762 278 216 399 777 820 584 174 432 650 678 806 215 373 549 483 909 78 377 341 736 917 429 205 751 625 302 608 131 668 787 574 643 678 664 371 33 816 234 263 641 644 83 318 949 532 939 499 387 466 146 861 524 456 486 99 831 183 76 591 596 429 411 437 805 430 225 626 162 646 219 891 836 288 606 449 138 815 803 345 437 466 413 467 207 887 314 539 379 776 390 816 934 515 80 776 466 297 232 240 213 468 114 109 300 238 455 329 464 384 172 401 235 574 571 542 880 855 463 465 909 203 387 737 1025 665 208 614 690 216 481 211 808 591 224 388 381 491 650 382 614 271 699 808 392 486 370 881 917 466 639 649 878 655 428 101 598 617 663 409 500 427 222 286 633 885 717 887 609 777 245 772 552 179 790 652 354 894 563 821 990 372 405 601 673 112 620 457 708 715 480 233 611 702 143 920 178 335 662 217 614 572 824 260 357 572 633 781 301 660 489 766 294 15 142 280 631 908 866 260 729 846 635 153 870 829 448 241 497 271 559 410 229 235 669 289 472 607 513 769 823 583 218 445 869 188 550 323 629 862 487 511 273 470 310 101 978 377 208 600 911 427 742 705 857 48 277 900 813
305 702 734 238 911 178 121 400 611 245 312 292 331 0 423 461 772 475 648 85 573 420 208 577 732 573 795 360 327 504 622 354 182 622 682 211 331 753 473 637 568 531 494 444 605 311 534 143 526 561 638 610 115 235 454 537 682 462 150 318 460 659 120 549 445 262 696 386 57 669 442 623 155 157 488 508 173 279 377 339 472 605 731 543 656 647 321 559 281 365 527 378 395 392 661 457 647 614 75 135 190 753 303 281 256 233 819 219 377 729 612 303 515 108 516 126 414 395 432 748 182 661 527 180 274 540 465 747 700 224 581 489 449 304 529 930 164 614 298 698 583 558 707 249 253 604 142 345 477 572 509 625 377 276 555 124 123 13 604 174 275 500 337 246 241 327 597 902 422 133 643 496 55 769 771 367 458 376 359 135 455 230 631 709 107 472 350 284 424 193 546 603 804 719 60 160 40 938 710 218 351 326 633 611 239 430 292 308 637 651 175 450 421 473 373 920 414 589 283 497 575 481 333 453 804 773 181 674 273 636 708 456 431 691 534 398 607 658 784 613 153 564 428 580 467 704 509 567 702 259 305 240 580 247 321 255 630 831 322 542 159 469 90 316 246 591 304 939 563 84 401 592 340 406 617 527 122 380 610 241 439 468 191 565 351 613 176 555 318 509 812 261 372 243 844 490 333 44 358 644 326 324 473 176 633 432 699 148 450 698 681 325 662 383 843 354 559 611 736
136 574 650 306 646 583 328 28 885 668 317 335 215 423 0 322 600 209 355 402 459 156 532 256 708 399 627 99 724 301 280 334 301 737 441 337 130 502 422 474 384 823 161 689 476 663 111 281 105 641 622 321 327 357 802 789 370 110 455 717 606 676 345 157 424 449 814 274 446 328 724 892 448 266 706 495 472 691 342 749 796 379 430 552 477 230 248 762 163 111 507 614 157 152 914 393 910 286 495 548 299 705 686 631 642 237 637 372 278 375 404 349 204 527 782 546 21 570 82 431 243 809 835 281 667 243 271 644 648 303 222 287 238 400 206 678 479 332 291 611 179 761 847 657 225 663 565 163 62 312 140 252 103 164 134 298 533 414 249 540 379 198 111 662 626 490 846 645 319 545 856 128 470 533 955 663 56 565 763 363 325 198 696 375 337 193 259 657 815 364 460 328 483 647 478 540 451 670 817 614 630 681 810 483 391 250 715 731 483 229 595 256 9 71 782 678 715 868 701 746 276 753 717 87 590 436 518 804 565 713 949 180 237 388 550 115 438 252 496 567 572 299 524 567 285 826 249 144 459 419 630 645 758 210 249 677 446 571 186 527 554 753 430 218 338 221 720 701 854 386 771 786 762 68 807 818 510 73 284 465 442 224 408 268 694 273 495 445 454 721 629 619 62 410 678 143 715 392 771 774 412 685 59 492 283 231 934 524 45 387 828 333 581 732 663 169 156 870 646
372 269 334 223 450 637 448 333 657 665 561 566 482 461 322 0 321 528 219 388 142 467 428 203 386 112 347 240 785 616 595 593 280 441 224 522 230 293 108 183 107 615 204 471 166 538 373 356 380 342 300 643 439 242 645 559 260 433 383 634 346 356 468 284 126 291 513 558 443 640 526 658 372 368 468 182 602 639 610 685 618 148 293 239 198 485 506 504 254 224 191 409 460 172 669 82 671 228 530 528 472 384 764 739 717 435 366 556 557 335 151 176 176 525 561 576 302 339 403 318 328 520 638 288 587 165 581 333 327 237 249 62 88 212 528 469 600 186 163 294 319 505 551 704 438 354 564 184 370 634 459 289 399 377 403 373 511 448 254 633 592 168 248 623 545 286 605 441 41 522 593 448 478 307 670 489 375 345 684 499 9 298 386 298 445 149 116 746 881 281 137 650 368 328 487 482 463 477 512 679 453 555 533 173 259 553 712 720 187 427 582 68 313 290 822 458 533 644 662 521 598 541 794 410 343 354 630 508 421 406 694 152 84 260 239 422 149 367 333 244 560 622 259 247 594 525 570 371 242 614 491 587 487 250 146 661 170 371 184 209 507 551 525 476 544 531 672 478 641 485 643 521 767 382 538 611 472 257 224 635 152 112 569 591 553 589 407 125 253 475 359 513 279 270 398 466 794 416 802 480 204 786 307 403 596 537 677 608 366 272 537 148 262 589 392 451 453 633 331
682 88 150 535 209 942 770 619 765 950 877 884 790 772 600 321 0 808 277 692 200 756 690 364 256 212 27 542 1086 902 835 906 596 464 174 844 542 153 303 138 224 757 442 629 167 769 605 677 617 396 255 901 761 540 836 681 292 705 668 882 482 308 790 490 336 553 501 862 745 873 695 760 658 690 599 299 921 904 921 938 793 221 256 304 126 681 817 597 572 526 284 598 754 471 750 315 763 352 835 816 794 219 1071 1053 1024 754 46 878 864 367 196 469 398 820 697 877 582 519 682 284 650 540 789 606 841 361 872 118 201 550 420 324 377 482 790 202 919 283 477 144 508 598 546 1004 756 368 857 498 629 903 717 429 694 692 629 693 800 759 403 946 912 403 556 895 803 514 703 191 355 810 657 710 781 118 673 689 643 536 928 820 326 619 382 325 766 408 437 1055 1181 581 231 912 288 168 788 760 768 230 486 985 658 783 581 161 544 848 993 998 136 599 868 364 591 544 1115 181 717 762 931 657 858 691 1100 683 76 324 946 513 659 404 754 422 386 271 315 713 173 509 219 220 849 890 427 269 885 510 846 584 163 935 719 853 560 571 468 941 157 165 503 280 786 711 843 787 864 769 935 191 772 804 859 595 1049 668 600 754 759 552 351 957 352 381 891 852 770 831 681 218 497 594 41 760 575 549 78 732 1100 727 1092 500 464 1097 563 678 831 830 736 921 635 285 548 447 162 800 71 753 687 732 139
197 783 858 458 838 592 355 194 1030 702 220 248 146 475 209 528 808 0 552 492 666 66 642 454 913 608 835 289 710 95 151 208 428 922 645 299 309 702 622 683 593 960 365 838 684 768 228 362 213 830 825 139 360 506 913 939 561 104 563 794 779 876 361 335 619 596 1001 132 518 195 862 1039 559 336 864 693 444 753 203 813 919 586 620 749 685 258 167 926 315 305 707 762 86 355 1067 593 1059 478 533 610 292 912 664 592 628 241 844 322 142 546 612 520 409 582 927 577 228 733 126 616 339 989 965 403 748 448 75 853 855 449 409 496 446 566 66 872 457 533 465 819 338 926 1029 660 222 856 612 353 182 112 111 426 136 217 219 371 598 472 434 528 297 405 289 720 712 649 999 839 520 609 1020 110 530 735 1129 793 166 724 834 363 529 315 889 558 369 402 449 630 788 498 665 137 664 855 536 625 513 860 1006 610 764 785 982 692 539 77 744 763 692 319 646 463 218 265 776 875 845 1011 755 896 100 895 692 125 794 613 496 988 691 905 1107 389 444 581 746 109 647 390 687 771 626 101 703 768 89 1011 43 266 662 345 746 716 929 354 431 719 654 768 368 726 631 891 441 161 279 145 777 898 992 406 869 954 781 146 976 955 589 270 477 403 634 433 370 90 804 143 604 652 617 881 835 720 249 557 885 86 689 463 773 957 582 647 246 601 165 59 1093 522 172 577 1009 512 788 841 869 123 174 1020 854
465 290 381 422 292 827 605 379 861 870 662 675 565 648 355 219 277 552 0 585 243 509 644 98 474 163 303 328 976 647 562 684 468 608 103 654 342 149 300 197 150 826 195 683 233 757 335 521 349 514 419 631 598 452 864 764 41 448 593 852 548 483 625 220 330 510 670 628 641 597 741 861 583 524 673 356 763 853 695 901 835 98 84 400 183 404 596 700 386 315 354 626 512 268 865 285 871 76 721 733 607 452 949 913 902 555 303 691 632 124 122 391 154 726 770 770 341 551 432 101 485 690 851 468 804 117 622 361 407 433 147 167 199 431 526 323 765 34 364 351 232 701 713 897 551 510 766 311 370 639 452 151 456 483 357 540 716 636 126 809 713 165 348 834 761 505 805 290 259 728 782 447 675 184 839 707 387 560 901 652 228 441 537 82 606 186 304 927 1072 487 272 644 156 389 683 693 658 316 663 866 672 774 714 238 473 604 917 928 212 322 787 201 346 289 1020 323 750 851 874 729 591 752 980 428 245 134 799 672 641 560 884 203 217 43 406 470 176 232 144 358 765 626 464 389 636 681 588 310 115 745 710 801 676 406 329 869 163 216 329 366 717 765 696 565 667 496 885 346 850 652 863 711 972 423 725 822 679 327 76 779 356 180 715 586 773 559 621 244 473 677 295 731 349 486 348 471 980 605 1002 649 423 963 306 617 557 584 867 787 381 52 705 362 336 809 327 522 416 834 373
304 620 649 165 839 250 165 384 555 286 362 346 357 85 402 388 692 492 585 0 492 431 152 522 646 498 715 324 397 536 632 404 118 541 611 267 292 681 391 559 494 478 447 377 525 275 513 131 508 476 553 631 155 152 420 474 622 461 77 314 379 573 174 510 361 177 616 423 55 680 384 566 78 156 416 423 257 290 427 347 429 534 667 458 578 632 355 487 245 325 442 307 408 343 601 377 589 558 143 152 233 668 378 364 332 258 739 284 415 675 539 222 462 141 456 188 390 315 428 686 162 583 479 128 265 483 496 663 614 152 533 421 386 219 538 856 249 550 225 614 546 486 629 316 276 519 181 296 461 597 507 579 377 278 537 120 135 73 554 258 339 447 303 264 225 243 535 829 347 148 574 494 90 695 699 311 446 297 361 198 380 204 547 651 151 417 282 363 493 111 464 627 741 634 99 138 75 865 629 293 288 293 558 531 154 459 334 346 558 626 205 384 399 442 435 844 361 534 304 432 593 422 408 448 727 714 266 595 210 552 646 402 368 628 448 402 531 620 716 528 182 588 343 494 500 624 531 542 630 331 256 243 505 203 255 289 554 759 269 457 151 412 173 343 302 593 320 863 511 154 377 519 388 400 544 474 107 348 554 320 354 408 264 583 312 623 115 474 232 437 732 227 345 157 763 493 408 48 416 564 241 405 445 113 642 458 635 232 437 636 603 245 577 348 763 369 550 551 651
514 132 192 338 372 742 578 472 631 751 701 705 624 573 459 142 200 666 243 492 0 607 494 282 254 82 222 382 886 756 724 735 399 365 183 658 372 234 104 78 97 606 322 467 33 583 496 485 505 272 181 777 568 340 665 537 280 569 469 692 323 244 597 393 138 356 426 700 545 767 531 629 458 500 448 123 726 709 752 746 628 145 285 159 102 597 648 466 394 365 116 423 601 312 629 115 637 291 636 617 608 246 871 855 824 574 246 691 699 367 122 270 284 620 547 677 439 344 541 316 461 447 635 412 649 257 722 191 191 353 339 173 220 283 663 380 723 223 281 153 422 466 469 804 578 266 657 326 502 771 591 368 540 519 524 500 601 560 334 748 729 281 390 699 610 323 572 358 165 611 543 582 581 230 595 512 510 358 739 628 142 435 294 323 573 272 250 856 981 381 37 786 352 188 588 562 568 397 420 785 478 598 473 38 344 694 795 801 70 528 669 203 449 418 916 364 547 623 736 506 733 535 900 546 244 359 749 428 469 316 645 281 223 269 166 563 72 452 296 120 650 759 250 145 735 438 708 486 194 748 533 657 437 385 279 743 95 300 325 125 588 551 646 618 681 658 741 380 626 609 679 473 851 521 485 602 560 397 288 766 158 237 700 726 589 718 483 18 302 449 240 569 419 349 271 601 900 528 893 405 265 897 436 480 723 678 627 722 501 284 461 248 122 621 270 593 578 601 189
131 726 800 392 799 548 302 136 965 653 200 226 105 420 156 467 756 66 509 431 607 0 580 410 852 552 783 227 673 148 202 201 363 856 597 261 245 657 559 628 537 895 317 772 627 706 204 300 189 764 763 204 306 440 851 874 521 74 500 737 712 812 311 299 555 530 935 130 460 249 797 973 496 275 798 630 408 699 203 759 855 535 581 685 632 266 135 860 249 243 644 696 24 295 1002 530 994 437 482 555 245 852 629 562 591 188 793 289 136 516 559 454 361 528 862 527 173 667 77 579 275 923 901 338 690 399 115 796 794 383 370 439 388 499 108 831 419 487 399 761 308 859 963 618 169 791 560 289 147 178 108 393 70 153 204 311 542 415 396 488 275 354 224 666 653 583 933 798 457 553 954 99 474 689 1063 728 125 658 779 317 469 249 824 522 315 348 385 596 756 433 604 203 630 795 480 566 456 822 940 569 700 724 916 634 472 94 697 715 636 311 593 404 165 220 737 832 781 945 702 830 162 830 658 86 746 580 459 922 627 839 1041 334 384 541 682 44 591 369 648 710 572 167 637 705 129 946 109 244 615 321 684 659 863 288 366 669 601 725 303 663 573 826 394 118 247 176 724 855 927 356 809 887 736 88 910 890 530 210 436 376 570 377 334 152 742 193 541 593 550 815 785 659 188 491 834 82 656 404 733 891 516 617 203 539 213 75 1027 480 128 538 942 446 729 779 819 67 173 954 796
450 608 615 241 863 299 315 517 404 265 512 495 510 208 532 428 690 642 644 152 494 580 0 601 587 524 709 442 420 688 778 555 230 437 646 415 409 713 390 570 526 326 543 237 527 130 639 280 636 394 502 781 305 197 272 328 684 603 79 207 281 506 321 616 355 139 504 576 151 827 234 416 84 306 283 395 373 215 578 257 276 574 721 411 593 762 508 354 369 439 412 177 557 441 453 387 439 634 217 147 385 617 419 434 379 411 736 427 568 750 572 253 547 168 308 233 516 216 569 745 305 464 326 251 159 559 648 636 571 237 624 477 456 217 685 874 361 610 288 585 654 353 510 340 429 440 191 398 593 748 648 670 522 426 665 272 137 203 641 342 483 533 424 204 117 178 388 851 386 141 435 635 168 718 565 160 580 194 257 342 419 339 462 719 301 502 349 416 508 173 459 778 796 597 170 79 172 889 521 340 142 149 431 532 171 611 305 308 565 744 190 448 527 560 435 859 209 382 241 288 742 273 443 588 738 779 364 481 66 462 499 490 438 686 400 547 549 725 760 494 176 739 280 451 652 512 682 663 664 468 104 163 380 322 331 252 575 787 370 422 105 261 295 495 450 735 247 875 358 292 239 388 361 540 412 322 103 468 630 446 338 483 400 732 163 770 38 478 192 305 731 90 470 157 752 636 445 193 409 452 231 460 567 40 787 610 490 316 571 697 483 282 551 201 758 519 686 402 620
371 361 449 365 389 755 523 281 860 809 566 581 468 577 256 203 364 454 98 522 282 410 601 0 531 201 391 238 904 549 471 587 403 634 193 565 257 247 305 260 184 817 98 673 283 721 241 443 254 536 463 537 517 403 839 762 116 350 541 807 549 526 542 126 328 474 702 530 577 509 726 862 531 443 671 373 680 802 598 853 816 151 174 425 254 323 499 707 304 227 377 609 414 186 872 283 875 36 652 674 519 515 874 833 827 464 395 601 534 152 180 352 63 663 764 702 243 541 333 180 405 714 839 398 758 41 523 434 465 374 58 141 144 398 430 421 683 81 313 414 146 707 742 827 458 540 703 232 272 542 356 88 359 391 265 462 657 565 53 731 620 77 260 780 715 481 808 388 234 669 795 350 610 281 865 684 288 546 857 568 211 360 570 132 525 105 251 850 999 434 301 549 236 452 618 641 592 413 698 793 648 739 732 289 429 505 857 869 273 248 727 155 248 190 951 421 730 847 821 723 495 742 905 329 341 198 719 700 607 592 896 121 163 132 428 372 230 171 240 402 704 530 462 422 538 713 490 220 209 654 677 750 688 331 271 810 226 315 255 392 663 752 618 469 575 404 834 444 843 573 830 722 910 325 738 812 622 233 32 691 355 117 628 490 741 467 573 276 446 678 386 690 254 445 438 373 904 536 935 674 396 885 208 570 467 485 879 710 283 133 730 323 393 779 419 424 323 836 442
747 191 106 525 460 877 770 719 542 851 922 921 855 732 708 386 256 913 474 646 254 852 587 531 0 330 251 624 1007 1000 978 959 585 233 383 862 609 395 296 276 347 552 576 448 248 627 750 680 759 204 94 1029 759 504 656 472 503 819 596 745 318 86 787 646 308 473 251 933 689 1021 514 534 587 701 406 233 901 783 978 803 605 383 485 188 290 851 875 382 621 608 216 445 843 558 516 323 532 535 779 732 813 43 1003 1005 960 792 279 892 931 588 354 446 538 746 494 810 688 377 789 517 666 298 588 604 714 510 964 138 66 540 589 427 471 430 914 445 894 463 482 125 675 383 296 926 800 160 775 563 754 1021 844 614 782 746 779 691 719 719 581 902 937 536 629 783 684 414 480 442 395 726 422 833 721 367 420 531 761 398 785 818 383 652 156 543 761 526 473 995 1096 542 248 1036 534 90 728 666 714 477 234 920 507 637 345 241 493 934 888 888 262 779 777 453 699 671 1021 421 544 544 813 459 984 497 1029 796 332 560 913 267 537 173 512 533 471 486 197 807 302 699 466 141 763 1008 309 156 976 259 956 740 382 948 580 737 339 601 498 836 311 422 555 197 693 521 816 847 891 912 811 423 560 787 696 370 942 767 369 550 679 643 532 954 303 490 891 977 617 972 593 265 415 394 280 634 664 488 260 851 1030 691 995 261 407 1039 690 590 977 920 495 875 751 501 302 437 138 637 283 829 832 508 116
471 175 255 335 341 748 560 415 701 771 664 671 579 573 399 112 212 608 163 498 82 552 524 201 330 0 239 332 896 700 654 694 393 445 123 632 329 188 146 76 16 671 251 529 83 625 424 469 434 351 263 712 552 349 719 605 202 507 487 728 389 326 581 316 179 385 508 653 553 696 590 700 476 480 515 193 714 739 710 781 686 65 214 237 86 520 606 539 359 316 191 477 548 261 703 139 710 209 641 634 581 317 876 852 829 541 256 666 654 288 49 280 210 634 613 686 380 400 481 244 440 527 698 401 683 179 668 245 265 349 259 113 166 307 598 357 713 141 274 218 344 539 550 814 543 348 672 285 436 709 525 286 487 479 451 485 617 560 252 745 700 210 344 725 642 365 644 331 151 628 619 517 588 197 676 564 446 411 777 611 118 407 376 244 558 206 228 858 992 389 109 721 286 255 597 585 574 368 502 790 528 641 551 89 361 642 817 824 84 449 688 152 389 350 931 346 603 692 763 572 668 598 906 484 230 286 742 509 509 398 721 218 174 193 243 508 40 371 239 201 667 696 309 227 681 519 648 411 139 723 576 686 513 360 259 766 57 263 290 203 610 612 638 575 652 588 771 365 693 598 726 548 872 464 562 667 578 344 206 747 205 174 680 661 635 649 508 81 338 518 248 605 367 370 290 537 906 528 910 486 294 898 370 504 652 625 704 720 438 207 542 254 193 670 282 544 507 673 249
709 101 147 559 209 965 795 647 771 970 903 910 817 795 627 347 27 835 303 715 222 783 709 391 251 239 0 570 1108 929 862 933 620 467 200 870 569 174 325 164 251 766 470 640 190 785 632 702 644 403 260 928 786 562 848 688 316 732 689 899 494 310 815 517 357 573 499 890 767 899 707 765 679 716 608 315 946 922 948 955 804 248 278 316 153 707 844 604 599 554 300 612 781 499 753 338 767 378 858 837 820 211 1093 1077 1047 781 30 904 891 389 223 492 426 842 705 899 610 533 710 305 676 541 799 631 859 388 899 114 201 574 447 351 404 503 818 197 943 310 501 148 534 604 545 1026 782 373 878 525 656 930 744 454 721 718 656 718 821 782 429 970 939 430 583 914 821 532 709 191 380 831 660 737 803 137 670 703 670 551 944 845 351 645 384 348 791 435 463 1078 1203 604 252 939 305 167 811 779 790 227 484 1007 672 798 583 184 566 876 1013 1017 161 625 889 391 618 571 1136 174 730 769 950 666 885 701 1122 710 85 344 971 513 677 406 756 449 413 295 327 741 199 534 237 231 870 917 442 280 913 508 874 610 188 961 735 871 565 597 493 960 184 175 529 294 806 721 867 814 891 795 953 182 780 829 873 600 1069 695 604 762 780 579 378 983 371 408 916 880 785 858 701 240 516 602 29 777 602 570 51 759 1123 751 1113 501 484 1120 590 698 858 857 738 944 663 308 548 470 171 814 48 781 714 738 136
140 505 574 209 619 532 288 99 786 603 337 348 247 360 99 240 542 289 328 324 382 227 442 238 624 332 570 0 678 376 378 364 214 640 398 326 33 465 332 409 319 725 143 590 403 573 197 218 195 545 535 414 283 260 709 690 354 203 369 635 507 586 307 188 330 351 717 320 373 427 627 792 360 211 607 404 443 615 378 672 701 327 411 460 416 322 275 662 79 16 417 515 219 71 815 303 810 274 435 476 280 625 645 599 599 226 583 362 321 382 348 249 176 458 683 486 80 471 169 419 179 711 738 197 585 211 341 572 567 208 227 219 166 300 299 646 447 299 191 535 223 662 749 605 222 569 497 65 161 399 238 269 158 155 225 237 459 350 252 500 384 163 23 588 543 390 746 614 230 472 756 225 402 492 856 567 155 466 683 331 241 130 602 370 292 144 162 618 772 271 377 418 475 569 410 459 382 643 721 567 534 591 710 410 293 312 651 665 416 302 526 181 92 118 731 643 619 769 628 647 369 654 676 181 544 435 484 707 471 618 849 127 159 368 457 182 372 298 473 482 502 387 425 478 353 729 333 220 417 416 538 567 658 122 150 609 385 540 86 437 476 656 386 244 338 321 645 665 756 341 682 686 701 144 708 720 432 27 271 452 347 163 389 360 602 371 408 366 354 621 575 532 41 313 621 238 675 324 717 676 312 651 124 404 383 296 834 480 145 371 730 234 503 641 609 212 255 770 571
591 1010 1029 561 1236 149 395 698 714 166 494 465 568 327 724 785 1086 710 976 397 886 673 420 904 1007 896 1108 678 0 699 861 520 508 847 1008 412 652 1079 783 955 892 634 818 619 919 420 832 462 822 813 920 823 397 548 504 678 1010 734 419 327 699 926 379 865 751 541 908 586 342 900 581 730 430 467 671 804 265 264 537 289 552 931 1059 827 975 931 543 738 603 685 822 582 649 718 776 771 754 940 255 275 433 1036 50 131 82 495 1133 387 575 1055 937 618 841 266 650 209 720 635 711 1076 500 859 611 508 327 867 670 1047 987 548 904 816 777 604 774 1253 254 942 622 997 896 737 905 82 512 860 232 671 770 777 778 947 654 562 847 442 289 340 928 186 419 826 655 244 340 594 729 1226 745 281 797 766 307 1092 928 521 748 613 323 363 778 548 880 1036 388 799 677 84 96 506 855 810 1132 1011 298 340 321 1262 926 111 528 422 817 925 541 642 152 167 953 952 230 777 725 784 68 1242 543 692 234 652 800 620 39 732 1124 1101 214 882 475 878 825 782 759 1019 817 667 928 971 1111 907 244 774 698 867 665 913 731 868 1027 374 454 289 773 573 648 190 952 1156 649 834 314 597 294 555 430 849 252 1260 659 339 432 770 131 690 793 631 330 695 937 315 739 796 340 791 452 853 415 868 600 693 1127 392 682 538 1155 754 43 371 79 856 624 95 780 418 875 654 823 200 742 1026 877 642 961 460 1156 608 838 730 1032
264 875 949 526 933 596 383 284 1086 714 208 236 178 504 301 616 902 95 647 536 756 148 688 549 1000 700 929 376 699 0 184 179 489 998 739 305 392 797 707 775 685 1012 460 897 775 809 321 411 306 908 911 125 390 572 954 998 656 199 611 822 849 960 384 430 701 658 1076 119 553 211 915 1095 608 384 927 777 440 776 163 835 965 680 715 832 779 334 183 991 390 392 791 822 158 444 1126 678 1117 573 553 637 314 1001 651 574 620 277 938 318 129 639 706 594 504 607 984 592 320 800 219 710 395 1061 1015 463 779 543 40 944 943 516 504 587 536 636 138 967 454 628 541 910 431 991 1103 659 259 936 633 437 278 78 202 520 217 277 310 416 627 503 529 525 279 499 372 741 746 716 1058 934 606 637 1085 203 559 830 1198 844 261 789 859 378 617 380 969 652 397 495 531 616 770 559 753 110 758 944 564 662 544 955 1083 608 818 826 1051 783 603 77 753 773 784 404 667 553 311 360 767 970 895 1065 773 955 115 951 676 220 889 706 491 1062 742 983 1168 482 533 676 828 193 739 480 782 859 648 78 778 852 37 1087 66 357 757 325 793 743 997 425 511 733 748 863 449 811 663 944 454 193 277 209 797 993 1044 427 905 1020 784 236 1044 1007 624 359 572 384 715 525 366 109 847 178 650 742 685 945 930 760 337 620 979 179 674 500 768 1031 655 627 341 648 200 84 1155 524 267 672 1081 588 878 882 964 180 259 1078 945
328 826 909 574 828 744 504 280 1154 853 368 397 297 622 280 595 835 151 562 632 724 202 778 471 978 654 862 378 861 184 0 350 555 1018 663 451 406 710 699 724 638 1088 403 959 736 906 231 501 220 922 896 83 508 624 1050 1061 560 179 699 939 885 952 511 344 703 716 1095 277 662 49 989 1162 694 477 981 773 596 901 340 961 1052 619 615 830 722 180 319 1039 427 391 784 884 227 431 1187 670 1181 485 683 757 443 970 815 742 779 389 865 473 288 522 647 626 444 730 1051 727 301 846 214 603 473 1090 1096 531 892 478 198 899 915 568 415 551 508 675 93 865 608 552 569 872 330 1038 1127 812 370 943 761 443 225 118 140 416 256 353 205 512 745 618 436 680 445 444 386 868 855 764 1118 831 597 756 1133 153 677 746 1235 923 224 839 981 514 599 441 975 545 517 451 540 781 938 623 730 101 643 909 683 768 659 847 1097 762 892 924 1089 743 658 220 896 915 735 264 795 526 289 306 927 871 975 1136 904 1017 69 1020 842 199 808 589 648 1085 822 993 1224 444 511 582 829 231 690 354 680 838 774 111 804 842 208 1106 132 252 678 493 881 862 1037 471 529 869 692 765 465 803 775 1018 592 312 430 66 926 894 1119 556 1010 1064 933 244 1086 1083 732 353 486 552 722 487 521 75 941 8 740 712 729 996 857 859 338 677 909 144 839 607 925 1055 689 796 288 737 15 207 1210 674 234 574 1109 612 845 979 890 268 148 1141 904
