250
0 788 599 1052 942 400 450 694 864 782 1054 930 260 855 133 837 828 1014 559 336 165 867 973 511 901 627 873 1043 194 206 1153 806 770 730 1040 428 164 444 347 574 1008 825 1068 468 1128 628 1000 543 974 843 751 1046 851 1004 698 343 445 637 265 963 607 972 290 912 878 871 204 1142 808 645 900 1020 364 980 630 832 416 533 555 926 765 907 194 751 617 525 554 702 385 352 761 305 813 1280 1074 274 775 762 911 1109 665 360 931 509 860 585 342 931 877 869 1130 589 982 898 438 851 45 536 807 106 609 862 137 727 902 976 518 1094 440 706 786 139 428 803 1040 567 838 250 339 818 1097 376 674 204 484 307 954 347 851 789 845 865 755 1168 341 892 211 642 597 474 1007 560 802 1076 82 1081 932 64 930 1121 98 602 159 693 117 449 599 245 697 907 328 195 1088 1039 46 494 681 633 282 321 1246 692 805 795 1189 599 1101 949 872 390 955 321 358 888 1063 303 994 996 726 480 683 510 315 691 452 745 745 909 804 893 635 491 560 389 1053 520 874 363 651 608 984 366 156 262 383 346 756 888 414 959 531 513 466 1027 655 214 970 544 650 509
788 0 389 978 838 905 949 931 86 732 806 965 532 522 663 432 1237 1042 906 452 781 1211 555 449 1037 924 88 881 876 761 856 216 827 711 1022 361 625 834 713 411 966 112 841 855 803 625 1104 613 743 1082 776 724 117 1088 926 930 946 964 712 999 737 1109 582 645 904 151 584 927 626 350 1102 731 646 961 698 75 815 978 698 696 990 299 845 479 666 358 462 721 972 656 390 490 916 987 677 589 593 489 1103 826 466 475 947 933 913 336 599 1316 199 287 966 903 603 716 446 699 827 897 744 893 759 1121 857 662 1066 1105 623 1011 625 449 293 799 694 214 854 757 871 674 590 963 965 869 398 906 326 688 615 729 952 1060 1085 631 515 921 931 825 593 211 951 857 559 233 856 871 741 693 920 812 1043 841 885 230 741 494 858 425 906 893 783 469 568 593 885 900 789 447 636 969 512 860 983 1014 768 487 949 222 836 1047 675 652 1209 469 894 1169 951 659 878 849 308 650 242 370 722 935 911 1036 87 896 724 770 1035 979 760 938 1038 997 904 823 1062 872 749 454 815 832 966 499 118 847 938 1062 378 290 464 790 1005 578 1144 245 1048 336
599 389 0 645 504 561 596 541 416 368 537 599 366 275 468 239 851 683 527 354 516 822 383 94 656 538 433 576 604 480 620 260 448 335 674 320 455 472 378 29 622 342 564 489 581 237 731 226 458 694 398 492 369 718 537 607 594 579 412 635 347 731 314 369 536 368 436 650 297 54 716 479 312 609 309 378 459 610 311 404 601 333 569 175 278 99 79 339 642 326 161 325 535 757 496 329 258 189 718 579 105 244 585 565 540 62 288 928 345 295 668 520 402 402 161 368 644 521 385 700 370 732 608 292 683 728 241 683 263 125 205 544 332 258 557 370 499 389 284 578 653 528 77 635 202 373 385 393 573 671 697 332 197 661 609 476 392 181 569 489 413 246 479 585 524 506 563 592 666 594 677 182 484 143 619 154 521 601 397 309 280 437 599 586 578 108 257 584 343 536 735 626 404 214 687 196 579 673 362 307 821 330 562 780 630 351 553 534 142 276 153 109 400 546 553 647 303 537 368 436 655 619 374 601 690 633 535 483 682 485 467 248 553 527 636 254 282 492 593 688 78 213 136 513 620 402 762 274 666 143
1052 978 645 0 141 739 724 423 963 289 236 154 923 462 961 554 641 134 562 956 898 553 486 659 269 499 981 124 935 853 291 770 284 337 75 951 976 643 706 642 51 885 204 629 328 454 237 531 254 399 302 336 902 209 415 825 727 521 787 145 445 277 800 343 182 880 982 185 355 655 354 302 693 85 427 933 663 658 498 290 390 738 907 501 447 736 613 357 824 704 587 899 268 330 429 815 392 490 343 273 540 811 140 642 208 707 732 645 829 725 123 526 434 261 737 281 1092 583 267 1120 444 428 977 363 304 266 550 41 623 539 687 930 623 771 157 487 217 805 739 297 75 737 598 957 840 745 399 707 246 438 400 347 466 230 829 172 909 806 556 623 511 891 254 171 971 414 124 1010 240 268 1084 820 894 504 1001 747 517 896 355 543 763 976 168 94 1011 678 408 530 907 788 280 505 257 490 229 836 249 221 302 666 444 918 776 464 48 753 99 135 671 578 748 739 739 430 687 466 893 144 280 210 598 707 494 782 84 693 187 722 612 484 253 831 924 830 819 801 859 167 753 228 709 857 691 232 540 937 330 919 594 782
942 838 504 141 0 663 657 377 826 161 176 172 795 329 843 420 652 220 499 822 794 575 372 523 295 445 845 105 842 749 268 633 201 213 186 813 854 559 599 502 130 748 163 550 281 325 310 406 148 412 197 253 766 285 369 747 659 475 679 193 341 336 677 216 146 745 856 209 214 514 385 212 578 133 312 795 575 602 387 165 369 609 811 360 326 596 476 239 752 590 448 768 231 361 344 693 250 349 378 233 399 679 149 579 176 566 611 678 696 593 188 464 324 126 603 140 983 515 137 1017 346 448 878 229 334 328 428 179 504 398 549 827 515 634 115 390 155 692 617 280 157 654 456 866 700 635 283 603 233 434 413 211 325 245 750 53 786 665 503 545 403 750 185 151 860 333 113 904 278 236 982 679 785 363 901 612 456 807 259 417 639 851 160 96 903 542 275 485 777 701 318 476 136 351 259 694 212 268 165 552 492 786 695 493 128 639 53 62 531 462 607 600 633 385 615 449 753 103 145 69 563 647 398 708 201 638 151 632 582 416 151 698 823 736 747 671 720 74 682 281 569 717 556 156 503 812 387 779 563 643
400 905 561 739 663 0 53 328 956 527 816 595 458 718 389 745 432 668 182 547 241 466 838 473 534 251 970 768 223 215 917 821 464 480 707 615 431 108 192 532 689 890 817 113 910 429 631 367 746 454 468 843 919 641 334 86 48 249 214 621 337 597 342 720 557 924 467 872 612 615 516 807 259 657 384 918 107 132 314 712 389 890 209 632 392 551 484 445 93 249 689 475 474 1024 902 342 594 637 528 876 560 444 602 112 532 590 307 534 906 853 841 218 824 667 459 622 424 159 548 426 324 468 278 504 527 604 342 777 297 606 763 262 230 819 775 283 524 259 317 462 799 37 609 235 587 222 785 176 505 398 456 672 616 907 89 609 399 702 208 117 877 683 488 813 342 902 615 339 567 884 387 676 267 569 304 480 228 173 404 803 343 455 822 754 354 468 473 243 462 79 981 298 534 671 922 683 860 588 658 256 558 506 44 490 762 252 709 724 702 295 705 537 186 323 56 353 832 598 555 635 234 94 275 46 717 123 552 82 250 255 755 470 244 139 87 418 823 594 32 596 536 623 446 789 259 433 586 687 250 569
450 949 596 724 657 53 0 304 997 529 815 576 511 736 442 769 380 645 161 599 293 417 854 511 506 227 1012 761 267 268 917 857 456 486 687 666 485 126 237 567 673 930 815 119 913 447 601 392 749 417 466 849 958 613 311 117 5 216 266 600 344 565 392 730 542 962 521 865 624 650 480 812 303 640 394 959 137 86 330 718 360 921 256 655 406 593 518 450 101 294 717 527 456 1019 913 393 609 659 492 876 587 493 585 81 515 628 354 482 942 885 830 197 838 671 503 627 472 142 549 469 328 428 323 514 495 572 368 761 333 632 796 312 263 855 771 291 512 311 364 438 787 89 639 274 633 271 797 221 484 360 419 683 636 902 120 603 452 744 176 121 894 729 477 808 394 911 601 388 540 883 430 719 320 593 350 524 207 214 402 825 391 508 817 746 403 507 486 210 515 132 974 260 533 693 916 727 859 561 666 297 515 557 92 446 750 302 700 719 735 324 743 580 236 298 46 315 874 585 558 635 188 41 283 67 696 70 537 130 201 242 758 519 294 191 97 467 864 586 37 567 576 670 487 789 220 486 550 734 202 613
694 931 541 423 377 328 304 0 954 293 550 272 649 559 637 623 322 340 146 715 529 281 660 492 208 77 971 477 543 489 646 777 185 271 383 749 667 251 364 520 372 877 541 229 653 311 306 320 497 166 220 606 902 314 8 414 308 99 441 295 194 277 511 509 245 895 688 578 420 584 212 565 387 338 236 916 278 234 237 480 74 807 521 512 266 589 469 242 405 391 599 643 155 733 684 521 423 510 221 609 480 572 283 222 216 596 444 388 859 777 536 110 628 429 534 393 727 169 305 742 171 199 593 319 207 282 316 458 350 513 699 559 306 777 492 182 223 474 455 134 490 335 547 560 670 412 584 357 179 130 168 470 481 618 417 327 610 721 132 223 699 755 193 528 621 679 303 641 240 614 703 713 538 465 618 553 100 497 172 659 486 678 534 457 649 501 318 108 641 390 686 105 280 537 628 725 589 260 438 363 295 671 369 242 453 432 414 439 650 307 692 582 390 7 272 107 845 291 321 375 185 284 182 366 391 269 240 334 206 87 505 599 547 443 402 551 823 303 337 268 563 701 495 526 126 644 278 772 186 627
864 86 416 963 826 956 997 954 0 734 776 963 605 501 736 408 1267 1037 942 529 846 1235 516 488 1044 954 18 859 942 824 817 193 836 718 1012 439 700 878 764 441 956 79 812 898 763 643 1105 642 720 1099 784 688 61 1087 948 986 994 995 771 996 760 1114 643 623 905 89 660 897 618 370 1114 700 696 953 718 37 861 1020 727 675 1009 248 910 475 687 404 493 733 1027 707 382 562 925 945 633 652 589 483 1114 790 478 537 945 975 917 371 653 1342 143 245 940 936 566 701 498 690 903 935 744 969 783 1139 926 668 1075 1109 656 994 667 453 277 866 737 192 831 786 874 735 645 974 944 920 408 972 390 743 584 780 959 1081 1102 616 511 887 987 818 663 253 985 899 514 304 863 844 812 650 916 884 1048 805 960 282 807 500 928 478 937 955 798 434 626 669 857 881 862 490 648 1000 584 915 944 1042 769 475 915 278 802 1050 661 700 1223 543 948 1187 933 715 863 830 309 688 262 418 776 958 957 1061 124 892 723 760 1070 1024 790 990 1028 1041 905 874 1098 901 724 519 882 891 1021 561 133 843 988 1065 420 356 510 763 1036 651 1152 320 1082 390
782 732 368 289 161 527 529 293 734 0 289 233 635 277 681 354 607 315 381 666 637 547 368 371 312 342 753 261 690 592 391 544 116 52 308 663 693 419 443 360 258 655 294 414 384 165 371 245 220 390 72 322 676 355 284 607 530 380 521 268 192 379 516 216 172 662 696 360 133 389 389 284 418 242 154 700 430 488 231 192 316 547 659 260 165 452 327 83 619 430 354 610 198 506 394 531 150 253 387 349 270 521 217 457 182 431 450 656 618 523 349 351 335 143 448 101 824 393 24 860 202 430 724 76 345 374 267 330 344 283 460 671 358 544 259 244 139 532 456 252 318 513 335 716 555 477 291 448 228 391 392 177 224 390 610 117 625 541 398 410 406 614 133 296 700 390 195 746 313 358 826 549 627 239 746 458 345 659 130 378 478 690 307 257 744 389 118 389 618 555 467 398 36 270 409 564 334 315 145 392 501 629 555 479 287 479 214 214 426 302 492 454 477 300 484 389 645 169 29 112 471 526 253 573 323 523 171 486 495 300 229 541 668 586 613 512 615 126 549 330 425 575 401 262 415 651 419 640 475 498
1054 806 537 236 176 816 815 550 776 289 0 339 874 287 943 374 828 362 662 884 918 749 268 584 465 613 794 112 977 873 102 590 367 338 309 857 946 709 725 544 262 703 37 703 105 426 463 511 81 586 349 102 715 436 541 897 817 646 800 351 481 497 773 170 322 689 941 121 251 528 556 76 691 283 440 751 720 768 517 133 545 536 944 365 444 636 534 372 907 705 430 841 407 227 192 789 288 351 547 60 434 752 317 740 352 592 713 850 635 531 168 629 215 156 669 203 1098 676 267 1138 492 621 1007 329 504 486 537 250 615 413 513 952 641 592 79 534 330 805 717 456 185 803 471 1003 739 755 192 732 408 610 588 205 339 123 900 223 878 665 672 699 286 768 357 72 972 178 281 1024 444 68 1106 689 904 396 1028 672 622 948 413 342 734 938 83 142 1019 604 373 656 854 844 199 650 282 336 150 704 46 431 184 668 659 854 844 665 191 752 160 121 516 579 600 644 759 558 772 625 727 278 261 180 735 810 542 862 321 803 327 775 755 579 71 766 950 873 902 750 690 249 837 442 612 747 625 27 676 899 549 799 736 680
930 965 599 154 172 595 576 272 963 233 339 0 828 481 850 569 495 88 415 873 771 412 540 592 126 349 982 239 800 726 419 771 169 264 112 882 870 505 584 589 103 884 317 488 443 376 143 440 321 252 207 425 904 124 265 681 579 369 666 36 331 164 697 381 62 888 882 328 347 622 216 385 582 69 329 930 527 507 388 333 236 762 774 488 355 679 551 269 677 591 581 810 121 479 516 711 374 479 207 391 503 725 23 494 70 662 628 511 841 742 274 379 494 286 661 280 968 436 220 991 324 284 845 307 164 156 453 186 519 515 687 803 506 772 265 364 103 689 636 143 226 597 568 820 779 627 453 583 93 286 253 365 452 372 685 152 806 774 405 482 573 844 134 293 851 505 59 884 105 390 954 781 771 472 869 675 369 758 241 577 664 874 295 212 887 608 342 377 815 649 430 351 196 491 376 796 367 96 319 555 320 833 634 326 191 639 179 218 657 472 725 679 616 279 541 312 877 74 240 219 444 557 370 636 123 541 64 586 458 340 324 748 794 695 673 712 847 123 607 109 651 801 615 324 386 836 214 869 440 724
260 532 366 923 795 458 511 649 605 635 874 828 0 638 131 604 874 916 549 93 264 885 749 293 834 601 614 886 356 260 966 548 659 585 928 179 97 437 296 346 886 564 895 465 933 469 928 392 793 814 626 846 591 926 649 448 507 627 244 864 499 911 137 716 768 610 70 976 623 404 860 827 261 863 500 572 409 573 442 741 723 652 330 534 477 278 342 567 495 258 525 45 725 1101 860 128 585 547 868 924 451 123 822 533 758 338 205 972 617 615 978 566 766 723 209 680 302 530 658 366 510 843 329 565 846 913 375 964 310 486 535 275 342 545 876 478 726 200 195 747 952 421 443 384 224 250 745 309 767 769 816 672 547 995 448 752 66 382 596 470 779 300 694 909 209 869 814 280 857 937 355 342 223 485 327 212 574 385 587 674 166 72 922 889 257 273 519 627 23 389 1072 686 665 576 1019 339 919 872 690 285 940 62 430 880 922 223 847 840 478 357 427 264 283 649 489 730 485 788 649 735 662 550 475 474 943 576 765 384 685 563 802 117 294 342 490 124 495 756 486 884 290 252 250 848 658 46 923 287 677 254
855 522 275 462 329 718 736 559 501 277 287 481 638 0 730 92 880 546 614 629 746 824 122 347 582 593 519 359 823 705 355 309 393 288 515 589 723 612 572 291 459 424 321 617 310 289 625 354 221 667 345 222 439 604 551 784 736 634 630 511 402 643 564 123 430 417 708 408 143 253 664 217 518 460 348 472 611 718 405 174 592 281 788 104 331 373 301 318 809 533 143 599 475 493 222 580 136 92 661 318 190 515 461 679 449 320 519 933 367 264 444 592 128 203 429 201 900 619 276 951 422 708 840 240 618 636 381 493 446 152 229 778 498 311 332 450 408 621 519 529 444 693 199 853 469 585 111 583 501 667 670 118 104 408 787 329 657 379 643 615 160 486 409 350 776 231 428 838 577 333 924 405 722 163 856 426 589 808 387 100 526 707 363 379 828 366 253 643 616 719 477 663 304 61 436 421 323 575 164 502 777 606 733 757 432 573 362 329 228 429 313 384 602 566 690 661 441 407 255 266 725 745 458 763 531 749 432 654 751 544 227 522 782 730 803 519 405 358 746 589 353 472 392 269 674 671 687 518 731 413
133 663 468 961 843 389 442 637 736 681 943 850 131 730 0 708 820 936 516 216 159 844 847 384 836 578 746 941 240 174 1039 672 684 630 957 307 47 398 273 445 920 694 959 426 1012 521 934 437 862 796 659 927 721 935 639 357 437 596 197 884 520 911 169 794 794 739 92 1036 694 513 848 903 268 894 534 703 369 516 464 812 711 774 220 626 516 392 428 605 404 259 630 174 738 1170 951 153 659 638 858 996 539 227 848 482 779 452 231 921 744 736 1030 541 858 787 307 742 177 494 706 238 525 820 204 620 843 914 414 1003 338 579 653 158 344 670 934 487 753 163 226 751 1000 356 545 264 352 226 832 279 778 746 798 748 632 1059 357 795 78 510 560 431 879 431 718 970 79 958 845 149 863 1009 224 470 123 570 199 316 550 278 611 777 209 79 982 939 126 365 573 594 151 311 1138 654 708 669 1082 468 989 880 759 295 916 193 352 852 967 211 896 894 593 382 549 377 247 635 430 703 616 821 701 789 613 484 481 393 970 512 790 328 633 549 871 233 179 255 400 214 624 795 411 892 399 382 338 916 621 85 915 418 629 376
837 432 239 554 420 745 769 623 408 354 374 569 604 92 708 0 945 636 661 583 744 895 151 326 664 648 426 451 827 705 432 217 468 355 607 532 695 643 583 263 550 332 409 652 383 329 713 378 312 742 418 298 347 692 616 805 768 690 632 599 450 728 549 214 515 325 675 496 223 202 744 301 524 551 398 380 638 761 443 266 662 193 792 115 375 328 288 381 834 539 79 562 553 568 274 565 205 113 742 398 187 484 549 719 532 270 514 1004 275 173 534 642 184 294 401 289 883 663 357 937 473 783 837 305 699 721 403 585 458 141 139 774 518 219 423 494 490 617 512 607 535 717 163 858 415 589 186 596 582 737 745 209 141 492 808 418 632 304 694 651 176 417 487 439 761 287 517 827 662 414 913 335 715 176 851 393 640 817 452 69 513 676 453 472 814 343 306 698 581 737 557 724 385 85 520 350 406 660 255 511 856 565 756 832 524 573 455 422 152 450 236 341 610 629 723 728 352 495 336 356 778 783 501 789 622 790 516 676 805 597 317 487 781 740 828 493 316 445 775 675 314 411 371 358 731 641 771 449 786 363
828 1237 851 641 652 432 380 322 1267 607 828 495 874 880 820 945 0 515 336 956 673 94 975 789 371 312 1284 734 639 647 913 1096 492 592 575 1010 861 437 579 826 593 1191 810 410 933 630 423 624 791 243 535 900 1217 448 329 486 385 273 633 496 508 377 743 819 505 1212 894 823 739 897 288 859 630 562 555 1229 465 304 539 784 291 1129 634 835 584 884 775 564 449 627 921 882 425 971 986 748 745 833 301 883 799 829 516 340 475 901 688 102 1179 1099 765 334 940 732 813 703 847 351 615 836 485 213 697 641 336 388 613 663 622 834 1020 692 559 1095 758 480 503 676 700 373 717 464 865 640 951 624 896 566 419 219 242 784 804 867 488 611 821 1026 290 406 1013 1043 486 788 775 978 549 765 401 884 798 1012 700 786 722 833 331 586 494 980 730 881 791 707 782 793 641 268 874 512 922 225 587 860 869 1023 860 421 748 612 232 912 472 182 684 652 672 707 968 589 1004 874 591 316 389 218 1153 550 634 670 213 338 477 439 575 309 501 493 189 365 797 857 673 571 449 805 1134 581 414 416 861 985 782 808 232 856 332 1055 198 916
1014 1042 683 134 220 668 645 340 1037 315 362 88 916 546 936 636 515 0 486 961 853 425 591 679 151 418 1055 251 878 809 425 844 257 350 60 969 957 583 668 674 99 958 333 564 459 463 103 528 362 278 295 457 977 75 334 754 648 431 750 52 418 144 785 437 149 959 969 319 418 703 226 420 669 86 417 1004 606 570 475 385 290 827 853 563 443 765 637 356 746 677 655 898 200 460 550 798 449 554 214 404 584 813 98 563 157 745 715 513 911 810 255 450 542 344 749 348 1050 508 299 1072 410 302 924 390 180 132 541 148 607 593 760 884 592 845 282 449 191 775 724 206 208 672 648 897 865 712 503 666 164 324 279 428 527 364 757 218 893 856 470 558 621 928 221 302 935 537 121 966 117 401 1034 864 854 552 949 762 440 834 328 637 751 961 300 221 970 695 428 439 903 726 410 404 278 562 361 879 380 95 381 642 311 921 708 335 181 725 205 246 734 560 804 765 699 346 613 358 955 146 318 280 498 622 455 707 60 604 152 664 508 415 363 836 875 774 742 800 924 194 677 98 737 887 703 352 442 924 196 954 492 810
559 906 527 562 499 182 161 146 942 381 662 415 549 614 516 661 336 486 0 626 394 336 727 457 352 69 959 602 399 356 762 782 297 343 527 674 551 118 253 500 512 869 659 91 762 332 450 302 600 283 314 703 896 459 152 267 164 79 320 440 212 418 414 591 381 895 578 706 489 577 341 665 295 478 266 904 147 107 221 573 209 830 379 546 286 550 448 307 261 294 621 552 295 860 773 420 481 548 352 722 492 494 424 80 354 572 354 428 866 796 669 36 704 524 476 482 590 23 399 600 192 304 451 379 347 423 286 599 286 533 711 421 223 780 613 167 351 359 366 280 626 191 553 415 614 300 662 242 324 230 285 546 522 743 271 445 502 695 47 85 767 707 316 650 490 770 439 503 385 729 561 679 408 488 477 497 46 352 251 709 397 567 658 586 513 459 361 78 546 247 815 137 380 579 756 689 705 406 523 276 399 582 224 335 589 325 541 561 655 255 680 540 272 140 126 187 824 424 411 482 128 148 160 221 536 141 376 196 156 82 608 522 408 302 257 470 808 426 192 414 528 649 446 636 109 537 411 718 141 581
336 452 354 956 822 547 599 715 529 666 884 873 93 629 216 583 956 961 626 0 357 962 733 302 891 673 537 908 449 353 971 496 705 620 968 91 174 518 376 341 923 496 908 545 934 503 982 433 804 881 667 846 521 977 714 541 595 702 333 910 552 969 212 720 812 544 132 993 636 382 924 831 331 902 545 499 490 657 495 750 788 605 423 529 518 257 351 606 588 331 504 73 777 1108 850 208 597 543 930 930 451 148 865 617 805 313 272 1052 557 569 1001 640 756 739 219 699 374 608 688 440 566 912 419 593 906 969 421 997 367 480 496 367 410 492 894 538 770 288 261 804 979 510 430 476 173 333 739 390 819 839 883 680 548 1007 541 783 159 327 673 550 759 228 740 926 296 860 854 365 911 944 434 285 316 488 415 213 647 478 635 652 230 141 939 913 341 282 548 703 84 480 1084 760 699 569 1033 278 928 924 703 353 1009 44 521 951 951 304 875 863 445 413 381 245 367 715 575 802 414 827 678 759 743 638 536 565 984 663 809 471 767 632 813 125 386 434 582 164 429 791 576 938 276 192 266 859 735 133 984 209 758 220
165 781 516 898 794 241 293 529 846 637 918 771 264 746 159 744 673 853 394 357 0 706 868 422 736 461 858 897 95 45 1019 753 614 585 881 442 206 278 194 488 852 795 929 303 999 493 835 409 840 678 599 920 823 840 533 199 288 471 118 802 454 807 208 787 720 836 248 998 680 567 735 891 230 822 483 811 251 372 406 795 600 844 65 645 474 464 456 555 246 215 672 297 652 1142 959 196 651 655 746 975 560 310 772 345 701 519 230 776 832 806 982 424 869 762 367 714 198 370 662 223 453 697 93 589 737 811 382 939 306 605 717 33 279 751 897 410 681 127 232 655 946 213 584 125 456 164 837 191 689 624 679 739 643 1027 198 743 198 603 432 309 904 547 645 933 101 963 776 113 766 986 188 567 41 583 110 383 433 121 542 811 236 235 945 891 119 408 546 468 278 161 1105 527 657 689 1047 569 965 785 740 251 790 324 201 723 911 173 845 851 654 338 629 448 160 526 290 579 722 754 661 749 474 335 403 238 894 363 716 198 491 444 850 327 37 101 242 287 724 736 259 795 461 491 379 891 491 226 804 540 489 462
867 1211 822 553 575 466 417 281 1235 547 749 412 885 824 844 895 94 425 336 962 706 0 913 768 286 294 1253 651 683 675 831 1058 431 539 485 1008 882 449 588 800 507 1158 729 421 854 592 330 599 718 163 478 827 1183 356 286 531 422 261 651 410 474 285 750 754 429 1176 912 737 681 865 199 786 631 477 517 1198 478 333 513 715 232 1083 674 788 547 865 749 514 499 630 877 889 355 883 914 757 691 785 211 802 760 828 434 362 400 876 690 109 1139 1054 677 323 874 664 802 638 889 355 552 884 452 127 741 590 249 296 591 573 612 792 979 728 555 1057 677 455 432 692 701 301 629 493 828 688 940 635 830 577 343 157 161 722 755 782 533 537 836 1001 289 416 950 1028 419 706 807 905 468 805 314 803 846 991 728 744 767 822 318 630 444 925 733 900 708 624 820 775 596 259 882 545 834 203 524 809 782 1003 779 332 683 611 138 918 509 90 598 662 591 628 931 574 974 857 605 276 416 174 1125 472 572 599 232 377 454 481 484 348 425 515 216 343 723 856 710 605 498 805 1104 507 454 327 840 973 767 731 226 871 238 1043 216 900
973 555 383 486 372 838 854 660 516 368 268 540 749 122 847 151 975 591 727 733 868 913 0 462 653 701 533 367 945 827 301 340 483 390 550 683 837 731 694 403 496 447 306 735 247 408 682 475 232 752 440 173 455 658 652 906 854 741 752 565 515 705 683 160 498 427 820 385 240 350 740 191 641 505 463 494 731 832 524 207 684 271 910 223 448 476 419 423 930 656 229 708 557 432 125 699 246 212 735 275 309 627 518 795 522 419 640 1021 373 271 436 702 53 255 542 274 1019 734 360 1071 535 791 962 348 691 697 503 509 569 267 276 899 620 342 335 566 484 743 640 612 449 814 305 976 566 708 88 706 577 758 754 190 226 371 909 389 772 452 753 733 39 567 493 340 895 140 482 958 643 290 1044 485 843 284 977 537 699 930 490 89 645 820 352 394 947 481 368 750 726 841 428 765 388 179 399 499 288 637 229 624 852 712 854 840 447 695 390 351 301 551 384 489 724 667 808 758 484 466 341 323 832 862 574 883 564 864 501 776 857 653 233 632 904 852 923 634 447 420 866 650 460 562 508 261 779 784 754 599 838 512
511 449 94 659 523 473 511 492 488 371 584 592 293 347 384 326 789 679 457 302 422 768 462 0 631 477 504 606 509 386 674 349 429 329 678 292 375 390 286 65 630 419 607 409 640 215 714 172 503 652 384 553 447 705 488 515 508 516 317 628 301 709 222 423 529 451 362 690 334 148 682 534 219 612 275 450 374 531 255 450 558 427 474 243 244 96 49 323 551 233 251 257 511 809 569 238 295 255 686 632 157 169 581 486 528 118 194 871 433 389 699 454 475 437 84 397 557 448 392 611 322 689 514 296 654 707 176 700 178 195 299 451 248 347 592 312 489 295 190 549 678 438 164 541 187 278 452 302 552 623 655 380 253 706 517 487 309 238 501 410 495 263 463 624 435 577 564 501 646 645 587 223 391 191 526 89 457 507 368 395 187 361 637 612 488 20 253 520 272 443 783 567 406 286 731 234 628 656 401 216 782 270 471 734 651 256 575 561 236 201 232 91 306 495 469 595 368 538 379 458 585 536 314 511 694 552 527 393 613 426 512 181 459 433 545 172 355 498 505 670 72 213 45 558 556 324 734 283 598 136
901 1037 656 269 295 534 506 208 1044 312 465 126 834 582 836 664 371 151 352 891 736 286 653 631 0 282 1062 365 751 695 545 855 209 326 207 912 863 459 563 641 221 965 444 437 569 420 98 465 442 130 260 548 987 107 203 619 509 289 643 124 339 78 698 493 155 973 880 451 441 687 90 508 576 190 356 1009 485 427 395 448 146 858 729 572 387 725 597 316 606 582 665 822 121 599 639 710 462 565 82 517 570 743 148 425 133 717 628 384 930 835 393 318 610 398 690 383 934 376 307 950 325 159 801 376 38 78 471 294 525 590 771 766 495 855 391 355 174 673 638 86 345 543 639 767 818 610 567 558 84 173 131 469 536 495 622 265 803 837 329 431 688 893 181 419 825 628 184 848 35 517 911 837 743 544 827 707 308 705 263 681 668 871 421 337 855 645 400 296 823 598 550 256 279 582 497 851 494 57 426 550 198 848 576 200 312 627 306 344 734 478 794 722 592 212 478 207 949 191 328 331 349 479 359 570 210 459 152 541 358 292 446 769 755 651 603 726 921 234 540 61 697 845 647 449 295 835 107 915 342 768
627 924 538 499 445 251 227 77 954 342 613 349 601 593 578 648 312 418 69 673 461 294 701 477 282 0 971 546 469 422 712 786 246 311 460 715 610 182 308 514 448 879 607 158 715 323 380 312 556 218 271 662 905 390 84 337 230 41 380 373 200 348 464 557 319 901 635 649 460 585 273 622 342 414 250 917 211 159 226 533 139 825 448 534 276 573 462 277 328 343 616 600 231 804 736 472 457 535 284 673 490 535 359 145 291 588 400 394 870 793 609 37 674 483 508 444 658 93 357 669 177 243 520 353 277 354 301 535 318 528 712 489 263 785 560 168 293 417 411 211 564 261 555 484 646 356 630 299 257 169 220 514 507 688 340 393 558 713 58 152 740 735 260 596 555 732 377 571 315 679 630 700 473 481 546 528 27 422 212 691 443 624 603 528 580 483 343 49 596 316 758 90 335 564 699 712 654 336 487 320 340 629 293 278 528 379 484 507 658 280 692 565 330 71 195 128 840 363 371 435 131 208 164 289 469 194 314 263 157 53 563 563 476 370 324 513 821 371 259 344 549 679 474 588 83 592 343 750 138 608
873 88 433 981 845 970 1012 971 18 753 794 982 614 519 746 426 1284 1055 959 537 858 1253 533 504 1062 971 0 877 954 837 834 211 854 737 1031 446 709 894 778 458 974 97 830 913 780 661 1123 659 738 1117 803 705 79 1106 966 1000 1009 1012 784 1015 778 1132 655 641 924 105 669 914 637 387 1132 717 711 972 736 54 876 1036 745 693 1027 264 922 493 705 419 510 751 1041 722 400 572 943 961 649 664 607 502 1133 807 496 549 963 991 935 387 667 1360 160 262 958 953 583 720 512 708 912 951 762 978 801 1157 937 686 1093 1127 673 1012 683 471 295 877 752 210 849 803 892 748 659 992 962 934 426 984 402 757 601 795 978 1099 1120 634 530 904 1001 837 674 268 1002 915 530 314 881 862 822 666 934 894 1066 822 969 295 819 519 939 492 954 968 816 451 639 678 875 899 872 505 666 1017 594 929 961 1059 788 494 932 291 820 1068 679 715 1241 552 962 1205 951 729 881 848 327 704 279 432 791 976 972 1078 138 910 742 778 1087 1040 807 1005 1046 1056 924 889 1114 918 742 530 893 904 1035 574 150 861 1003 1083 436 367 525 781 1053 661 1170 329 1099 404
1043 881 576 124 105 768 761 477 859 261 112 239 886 359 941 451 734 251 602 908 897 651 367 606 365 546 877 0 947 852 180 669 305 313 197 892 950 665 703 578 152 783 81 655 208 420 353 504 140 490 302 212 798 326 468 852 763 576 782 245 446 389 774 236 235 774 950 103 278 577 454 179 679 177 414 831 680 705 491 185 461 627 916 416 426 672 558 342 858 691 494 858 325 257 304 789 317 403 445 154 470 768 218 683 266 635 709 749 722 618 93 567 314 174 689 209 1085 620 236 1120 451 523 983 321 403 379 527 141 604 459 588 931 618 670 33 495 254 793 715 368 84 760 518 971 776 738 283 707 318 520 492 252 384 141 856 159 882 723 605 650 390 817 286 54 961 290 185 1007 341 152 1086 742 888 432 1005 696 559 913 365 431 735 945 58 30 1005 626 368 585 868 806 213 571 240 397 154 757 130 326 214 653 554 874 801 565 80 740 63 47 580 563 661 677 737 484 720 540 799 188 240 152 661 751 503 813 208 741 240 738 679 520 136 785 927 841 853 762 763 176 787 335 646 789 643 108 601 906 442 847 660 718
194 876 604 935 842 223 267 543 942 690 977 800 356 823 240 827 639 878 399 449 95 683 945 509 751 469 954 947 0 123 1078 846 652 639 912 535 288 295 254 575 888 890 985 314 1063 557 849 476 901 677 645 986 918 858 548 153 262 471 194 829 501 817 302 855 755 931 332 1049 747 656 738 955 305 856 536 907 273 352 459 858 609 935 35 724 532 557 540 607 192 289 757 391 679 1197 1031 291 720 733 750 1035 641 405 804 336 732 610 315 742 925 896 1027 433 943 821 459 774 208 375 714 202 496 692 58 649 746 823 449 975 377 687 807 82 336 843 949 452 718 215 319 674 989 208 670 31 551 238 909 246 714 622 679 806 719 1080 150 789 291 698 430 320 983 642 681 986 166 1034 812 130 783 1046 163 662 135 661 83 476 443 53 584 893 327 319 997 937 151 496 608 466 371 152 1157 522 706 768 1099 664 1023 803 804 321 781 417 179 712 953 254 892 901 744 402 722 541 222 539 279 576 818 791 716 803 455 306 444 202 923 335 750 214 467 462 910 423 62 105 190 382 819 779 229 812 553 587 469 949 483 315 808 635 470 557
206 761 480 853 749 215 268 489 824 592 873 726 260 705 174 705 647 809 356 353 45 675 827 386 695 422 837 852 123 0 974 723 569 540 837 433 217 239 149 452 807 770 884 265 955 448 793 365 795 640 554 876 798 798 492 189 263 435 74 758 409 766 181 743 676 810 256 953 636 533 696 846 187 778 437 788 211 344 361 750 560 811 88 604 429 434 417 510 236 172 635 287 608 1096 916 172 607 614 706 931 520 287 728 313 657 487 192 749 803 773 936 385 827 717 336 669 241 333 616 268 408 660 136 544 696 770 337 894 262 566 684 78 233 721 851 365 637 92 196 612 900 183 547 155 435 120 794 146 646 587 642 695 601 981 189 697 195 577 396 271 863 529 600 888 133 920 731 157 724 941 233 543 53 542 155 354 394 131 497 771 204 243 899 845 161 373 501 432 270 137 1059 491 612 648 1001 546 920 743 696 207 755 316 179 689 866 132 800 805 620 293 599 419 115 486 259 543 700 709 616 704 443 310 358 220 850 338 671 161 462 402 805 307 78 83 231 263 700 691 237 753 429 471 345 846 456 227 765 524 459 436
1153 856 620 291 268 917 917 646 817 391 102 419 966 355 1039 432 913 425 762 971 1019 831 301 674 545 712 834 180 1078 974 0 640 465 440 367 939 1041 811 826 630 329 748 105 805 56 526 528 611 178 670 450 133 757 500 637 999 918 744 900 425 583 566 869 251 411 728 1034 115 345 605 634 140 791 356 542 795 822 867 619 227 637 571 1046 444 546 719 624 474 1009 805 497 931 499 138 190 886 381 430 625 43 520 843 398 841 442 671 811 929 674 572 185 729 253 257 759 304 1196 777 369 1238 594 704 1108 430 583 556 637 291 714 494 569 1052 742 642 156 636 424 905 815 545 222 905 549 1105 820 855 246 833 496 699 672 293 423 81 1002 319 973 733 770 800 306 841 453 125 1070 173 364 1124 520 33 1206 761 1003 483 1129 761 721 1050 514 387 830 1031 125 208 1118 694 473 753 946 946 126 745 383 410 105 776 57 505 280 768 732 943 946 745 243 852 241 208 581 680 666 728 860 654 873 716 782 365 363 282 831 910 644 963 375 903 416 877 851 679 169 855 1051 975 1004 842 745 343 939 514 696 825 716 129 772 993 619 873 832 762
806 216 260 770 633 821 857 777 193 544 590 771 548 309 672 217 1096 844 782 496 753 1058 340 349 855 786 211 669 846 723 640 0 649 531 819 419 646 733 636 289 763 114 626 749 587 466 914 479 530 917 597 507 132 895 772 864 854 827 660 804 588 924 545 432 714 118 614 711 425 207 928 515 568 760 541 162 719 868 561 484 829 112 812 283 512 289 339 548 901 581 190 503 737 772 463 557 397 291 927 609 297 450 752 824 726 236 536 1166 85 82 752 771 387 509 387 497 849 778 552 911 611 957 841 480 887 919 497 802 524 267 84 778 593 3 641 619 683 631 530 788 753 787 230 877 325 625 399 651 771 902 919 423 320 705 866 625 595 168 822 749 346 278 674 657 741 479 723 813 857 625 895 210 717 315 849 370 772 850 616 252 518 619 670 689 794 357 464 834 525 792 766 871 578 282 733 218 619 859 468 565 1038 493 820 1005 741 600 670 638 127 535 124 305 654 783 814 885 145 700 532 567 908 879 624 860 835 893 714 742 935 732 535 440 790 778 894 469 108 650 853 874 294 303 382 575 869 592 963 308 919 296
770 827 448 284 201 464 456 185 836 116 367 169 659 393 684 468 492 257 297 705 614 431 483 429 209 246 854 305 652 569 465 649 0 117 272 716 703 363 422 434 238 757 361 351 469 214 285 271 312 274 51 420 780 275 177 548 458 280 504 204 164 283 529 327 110 767 713 409 250 478 278 380 415 210 160 801 381 402 220 296 201 659 624 368 188 520 392 108 552 425 460 641 88 562 499 543 263 362 278 427 361 557 164 377 100 509 459 540 726 634 377 263 448 244 495 211 809 314 122 836 161 315 693 168 238 280 284 324 350 383 566 646 342 649 315 203 68 525 468 139 337 458 429 675 617 464 404 423 125 275 277 292 333 446 552 148 638 628 304 346 521 687 35 352 689 493 162 726 218 433 800 629 611 335 717 509 255 614 73 494 495 706 361 290 728 444 191 289 646 506 518 290 96 383 459 644 408 226 256 388 390 664 498 364 301 473 245 263 526 304 585 518 455 193 415 275 740 139 141 190 370 446 210 508 286 437 106 439 391 215 319 580 640 547 547 543 712 130 481 241 492 642 450 342 311 668 316 710 372 564
730 711 335 337 213 480 486 271 718 52 338 264 585 288 630 355 592 350 343 620 585 539 390 329 326 311 737 313 639 540 440 531 117 0 349 621 641 373 391 324 303 639 345 369 430 117 396 194 266 388 66 363 662 382 263 560 486 351 469 301 144 398 465 247 201 650 645 412 149 362 396 327 365 283 103 683 382 450 180 232 306 545 607 251 113 414 287 36 573 378 343 561 206 557 429 480 152 247 396 398 244 473 252 416 205 398 398 648 608 518 401 315 363 187 403 141 772 353 76 808 157 428 672 51 356 394 215 379 291 265 449 619 306 531 311 197 163 480 405 256 370 465 312 665 515 424 320 396 241 381 391 203 217 441 563 166 574 513 364 366 429 579 145 348 647 427 235 694 332 407 774 517 574 218 694 414 310 609 100 388 427 639 359 309 692 346 78 359 569 506 519 376 79 269 461 532 384 338 180 340 507 581 507 478 338 427 266 266 409 250 468 415 425 278 440 374 623 208 77 164 442 486 205 527 365 484 200 437 467 265 275 494 616 535 567 463 595 171 504 353 387 537 356 311 389 601 433 604 448 460
1040 1022 674 75 186 707 687 383 1012 308 309 112 928 515 957 607 575 60 527 968 881 485 550 678 207 460 1031 197 912 837 367 819 272 349 0 971 975 617 693 668 56 934 278 600 403 466 163 536 318 336 302 408 952 135 376 794 691 477 775 88 437 204 800 400 162 932 984 259 396 690 286 372 688 66 428 981 639 616 492 348 340 795 886 543 452 761 635 362 788 698 632 908 233 399 500 815 430 532 274 348 572 821 109 605 180 737 731 573 882 780 194 490 499 312 752 323 1078 548 289 1103 432 361 957 384 239 193 553 88 622 577 735 914 614 820 230 473 203 797 739 250 148 709 634 932 863 736 462 692 203 379 337 397 507 304 797 199 910 842 515 595 578 921 238 246 960 487 114 995 174 344 1065 853 881 538 981 764 481 870 345 602 765 977 243 167 997 696 425 486 914 762 349 455 272 537 301 868 324 154 351 661 371 929 747 395 123 746 159 200 714 576 788 762 725 389 653 411 936 141 305 252 549 667 480 748 16 650 166 698 560 452 319 843 905 808 784 809 903 181 719 158 733 883 706 302 492 939 257 948 543 807
428 361 320 951 813 615 666 749 439 663 857 882 179 589 307 532 1010 969 674 91 442 1008 683 292 912 715 446 892 535 433 939 419 716 621 971 0 265 574 434 314 922 410 884 600 898 505 999 447 779 915 674 810 434 992 747 617 662 747 403 918 573 990 273 689 819 458 223 970 615 336 953 798 379 904 558 410 548 717 519 725 820 530 508 494 528 221 337 612 663 383 454 145 794 1077 804 273 575 508 958 899 424 180 872 675 816 268 321 1103 475 497 985 684 711 719 221 683 466 658 684 532 590 948 508 588 930 989 440 991 399 445 430 454 452 416 875 568 778 359 310 827 967 577 390 563 119 395 700 449 836 877 917 653 518 981 618 779 244 252 722 604 707 143 751 904 386 816 856 456 930 914 526 211 401 462 505 207 690 561 651 598 279 233 918 900 432 274 545 749 164 553 1056 804 698 530 1008 202 899 941 681 397 1044 117 593 990 941 364 864 849 386 442 313 214 430 750 637 842 327 830 671 747 797 702 567 637 986 726 817 536 822 670 787 152 472 512 658 204 344 790 645 955 246 122 266 834 783 223 1010 119 811 177
164 625 455 976 854 431 485 667 700 693 946 870 97 723 47 695 861 957 551 174 206 882 837 375 863 610 709 950 288 217 1041 646 703 641 975 265 0 434 303 433 937 661 965 462 1011 529 960 447 865 828 675 926 687 960 668 404 480 631 231 905 539 938 176 793 813 707 45 1043 696 496 879 903 288 911 549 668 405 556 483 814 741 750 268 618 529 373 422 619 451 281 616 143 761 1174 945 161 660 631 888 998 533 210 867 522 800 433 244 961 715 712 1041 574 851 792 295 747 204 530 717 269 547 853 250 628 871 941 426 1018 353 571 631 206 367 643 942 510 771 193 237 777 1012 397 532 312 321 255 827 311 802 779 830 748 628 1065 403 808 68 480 595 467 868 396 737 976 125 953 862 191 888 1011 260 440 169 565 243 301 582 325 630 764 214 32 989 950 167 356 581 630 120 355 1143 689 720 661 1088 436 992 905 762 315 950 157 396 886 980 235 907 903 573 399 524 357 280 666 471 737 581 837 710 798 652 526 505 438 989 554 809 367 673 579 875 210 227 300 446 203 592 809 455 917 382 350 330 920 658 54 945 380 668 351
444 834 472 643 559 108 126 251 878 419 709 505 437 612 398 643 437 583 118 518 278 449 731 390 459 182 894 665 295 239 811 733 363 373 617 574 434 0 141 443 595 809 711 27 803 322 558 265 639 400 363 735 837 565 255 187 125 197 202 534 229 529 305 612 462 840 463 769 504 525 456 699 196 563 276 840 29 145 207 603 321 795 270 528 284 476 393 337 201 191 590 444 384 920 794 310 487 533 467 769 461 395 510 101 438 508 253 534 818 759 741 145 716 560 391 514 476 95 441 490 217 422 342 396 458 533 241 683 211 506 670 307 141 731 671 175 426 243 264 380 700 94 513 314 526 187 677 128 418 348 402 564 511 803 191 506 387 626 161 32 771 622 389 709 372 794 519 389 490 778 452 604 290 466 367 413 155 253 300 699 294 451 718 653 398 388 365 195 436 144 878 255 429 567 819 613 754 510 550 183 517 474 136 453 664 214 607 621 610 198 621 464 156 248 81 305 757 500 448 529 224 147 167 154 628 162 457 82 248 168 648 422 295 191 195 370 744 493 135 519 458 562 370 682 223 422 525 630 240 500
347 713 378 706 599 192 237 364 764 443 725 584 296 572 273 583 579 668 253 376 194 588 694 286 563 308 778 703 254 149 826 636 422 391 693 434 303 141 0 349 661 700 735 169 809 302 661 222 648 525 405 732 728 663 365 228 234 331 81 617 261 638 164 601 531 735 327 804 492 433 576 701 67 632 288 726 114 283 212 605 438 711 220 476 280 360 305 360 265 56 519 303 468 948 776 168 465 484 585 783 396 257 584 241 514 401 116 676 719 674 787 272 690 569 266 522 386 233 467 417 261 551 282 396 569 641 194 747 125 442 583 228 84 633 702 220 491 110 127 478 752 155 434 283 395 48 655 16 507 477 527 552 468 832 230 548 250 511 299 173 732 492 455 739 267 779 585 305 590 794 383 484 188 412 303 288 280 235 350 647 155 316 750 696 305 279 354 331 294 157 910 390 463 519 852 491 772 608 550 72 648 333 185 586 717 73 651 656 521 148 517 346 33 362 204 436 640 562 467 555 366 271 213 226 706 293 527 110 390 276 658 284 225 157 259 231 632 543 224 619 346 432 256 698 362 284 642 497 381 377
574 411 29 642 502 532 567 520 441 360 544 589 346 291 445 263 826 674 500 341 488 800 403 65 641 514 458 578 575 452 630 289 434 324 668 314 433 443 349 0 616 368 570 461 593 221 718 202 465 675 385 505 396 707 515 577 565 554 382 625 326 717 287 378 526 396 417 656 300 84 699 489 282 602 290 403 430 582 287 411 581 363 540 189 258 94 52 325 613 296 186 307 520 767 514 302 260 202 701 589 110 223 576 537 528 77 259 905 374 325 671 494 419 404 138 368 619 494 378 675 348 713 580 284 667 714 214 681 234 139 235 516 303 287 560 346 488 361 256 562 654 498 99 607 199 343 400 364 559 650 677 339 206 668 579 471 369 201 543 461 435 254 466 590 499 523 556 566 653 603 651 196 457 148 592 134 496 572 380 332 253 417 603 586 552 81 246 559 324 506 744 603 396 230 694 210 587 660 366 277 802 315 532 759 629 322 552 534 172 248 179 100 370 524 524 625 326 529 363 434 629 590 349 571 684 604 525 453 656 461 473 230 525 498 606 231 308 486 564 675 68 215 109 520 595 380 746 280 640 140
