225
0 439 499 561 146 516 477 374 593 878 807 84 456 482 506 28 658 663 113 897 127 436 537 63 412 810 825 760 158 429 692 556 802 810 233 449 336 358 825 352 769 131 457 542 601 396 479 379 227 664 602 312 629 781 374 614 218 569 67 622 487 286 628 105 349 334 98 461 851 543 575 143 577 210 232 245 284 179 244 814 156 615 800 218 506 735 362 593 454 414 560 510 327 581 144 869 815 157 482 670 713 398 446 650 520 770 250 460 890 343 143 216 653 630 485 187 177 220 499 248 374 262 697 823 148 291 465 778 570 350 572 264 698 559 441 918 195 692 790 871 844 596 218 953 496 223 537 290 352 114 459 612 432 619 543 710 505 543 235 727 229 204 893 609 646 871 580 816 151 227 522 719 343 223 258 171 545 538 150 149 798 171 560 520 853 353 662 212 311 401 358 258 649 780 208 201 456 258 543 605 815 992 418 224 459 641 900 90 297 214 192 482 318 258 321 615 528 424 97 521 208 487 390 549 588
439 0 781 712 484 257 401 581 705 1056 912 426 28 832 181 467 734 666 409 975 315 593 955 389 710 892 516 441 295 552 577 767 767 851 260 619 537 260 912 136 827 338 764 256 331 833 652 672 561 471 791 362 619 464 746 914 409 433 507 541 795 725 688 337 166 385 347 501 883 151 305 577 951 371 656 405 261 415 610 940 435 928 543 221 106 521 161 553 489 176 235 206 629 1016 583 575 989 594 862 382 598 566 133 442 953 796 689 67 580 97 437 377 470 776 866 614 416 230 423 678 369 696 966 957 550 385 656 807 834 102 215 545 385 987 347 1046 255 581 613 927 874 547 641 1088 523 532 605 656 429 331 470 703 782 276 793 470 778 373 472 859 389 478 968 705 524 938 749 899 299 617 941 856 101 615 651 377 875 799 557 550 644 268 890 862 889 281 946 440 704 699 286 697 549 495 455 635 78 692 353 281 995 1128 216 300 745 876 1045 352 245 279 368 628 466 221 193 924 916 676 444 775 350 856 784 158 893
499 781 0 214 629 669 493 204 276 399 401 435 781 142 723 488 346 438 613 498 538 228 384 555 87 426 882 849 616 276 588 126 553 473 527 204 245 827 434 645 427 612 57 702 710 447 188 121 272 660 174 425 442 861 197 133 718 567 476 522 51 493 355 566 618 831 569 368 510 796 699 417 252 416 362 376 520 678 264 385 380 150 804 608 783 718 627 466 375 642 743 706 173 516 458 895 345 491 222 762 598 234 698 669 462 465 453 757 929 696 640 714 645 242 226 542 385 577 494 379 867 398 198 386 363 789 166 466 73 680 779 251 805 449 514 470 559 582 708 500 508 478 362 496 378 283 327 229 371 524 401 309 141 789 65 732 15 595 317 316 394 694 496 302 575 487 195 430 532 297 379 305 686 302 284 669 123 48 573 362 687 576 134 138 507 519 169 711 261 98 516 441 552 823 704 515 747 398 613 763 342 531 613 485 40 151 442 520 536 512 424 227 319 705 763 145 267 106 413 50 437 193 247 798 114
561 712 214 0 706 540 349 186 61 346 246 479 704 356 609 559 134 225 667 339 549 130 597 600 242 253 700 678 631 162 387 99 339 276 493 112 225 825 267 577 230 642 258 570 559 634 81 244 357 478 88 356 235 687 382 302 767 398 563 328 265 649 140 592 546 862 600 221 316 688 555 530 465 400 506 352 463 732 382 254 409 331 613 591 686 528 551 273 232 548 614 588 275 726 573 705 278 609 434 599 393 168 604 493 668 257 603 672 740 645 702 755 463 70 439 663 397 554 340 530 889 554 298 266 462 825 99 260 202 622 654 301 642 660 388 360 544 380 504 322 312 285 500 398 213 345 137 370 286 540 257 94 343 650 165 551 199 440 328 167 373 765 335 87 383 316 39 259 532 423 590 159 632 428 426 712 333 184 674 460 479 573 341 352 315 431 301 769 426 243 427 594 356 641 767 644 660 552 463 623 283 438 511 454 220 193 348 545 474 486 415 87 269 699 749 323 482 176 463 167 418 406 441 688 298
146 484 629 706 0 619 609 520 739 1017 952 230 507 591 592 147 805 808 77 1044 226 583 593 131 542 956 930 861 195 576 828 697 946 957 343 595 483 318 972 434 916 150 582 641 708 423 624 512 362 788 744 448 773 883 479 735 120 698 153 760 610 290 775 175 441 243 162 605 998 613 680 223 668 349 308 388 400 85 366 958 302 732 916 287 571 858 453 733 598 508 650 602 461 605 193 979 955 176 575 775 849 544 527 771 552 917 276 522 996 399 48 139 778 775 576 160 322 307 632 311 291 314 824 967 266 200 609 925 702 416 655 407 799 599 568 1061 288 828 920 1018 991 736 298 1096 640 364 684 407 495 221 600 759 543 708 678 826 636 665 382 872 371 65 1039 756 779 1017 725 962 255 338 578 863 404 333 362 114 659 671 93 267 931 250 673 629 999 473 786 96 408 532 479 290 785 890 83 194 522 311 661 698 955 1134 521 348 589 775 1042 200 409 328 331 629 464 267 317 733 612 563 244 656 343 586 480 620 708
516 257 669 540 619 0 191 467 515 864 699 461 234 760 84 539 524 436 542 749 396 447 938 493 619 672 311 244 430 399 322 617 520 620 283 473 434 496 692 195 603 472 671 33 89 861 501 586 529 213 627 265 389 265 701 798 586 184 574 297 699 784 477 444 180 604 457 319 648 159 61 619 887 343 675 347 233 576 585 734 428 819 305 335 176 268 169 321 308 113 74 56 558 1028 642 360 799 666 811 156 343 435 126 185 962 563 738 191 377 265 580 557 212 593 815 703 399 311 204 702 600 725 827 752 567 591 514 574 704 234 114 485 182 983 155 834 331 327 356 696 638 313 660 877 328 494 410 621 301 406 283 504 716 122 660 222 661 123 418 660 344 638 742 507 271 711 579 679 368 609 925 660 251 609 639 538 783 672 663 565 386 368 796 781 654 177 818 610 684 610 176 742 299 272 621 712 180 722 100 98 808 915 98 296 642 726 839 429 219 302 353 468 362 410 414 813 868 565 469 648 331 796 753 156 782
477 401 493 349 609 191 0 300 323 675 515 401 386 599 265 493 338 265 541 574 387 266 800 478 455 493 403 360 451 217 219 430 376 450 277 291 278 586 512 284 426 484 504 221 217 754 316 427 409 198 437 165 218 374 558 618 614 96 520 158 528 703 291 441 253 668 453 130 482 344 208 541 726 268 574 246 221 592 464 548 344 641 346 371 350 269 251 154 120 225 265 241 409 905 573 430 609 604 659 269 242 261 274 194 840 395 654 347 459 363 582 590 185 401 664 650 315 334 24 603 678 628 639 565 476 643 332 406 521 333 305 352 312 853 55 651 341 220 313 525 473 150 561 693 137 375 219 490 154 390 94 314 561 302 477 260 484 102 301 471 254 646 567 317 169 537 388 499 359 496 789 470 348 498 521 559 613 490 626 474 321 382 625 615 488 150 633 630 556 448 144 654 178 347 637 650 334 625 119 275 617 732 184 262 471 538 653 408 220 286 285 280 218 474 502 635 716 393 401 467 269 641 616 343 604
374 581 204 186 520 467 300 0 224 514 432 294 579 298 518 373 295 335 482 524 372 73 508 416 155 438 701 660 454 100 440 196 473 448 336 77 45 656 453 445 404 461 205 500 514 496 104 127 178 484 234 221 318 675 267 337 583 384 378 367 231 485 275 411 416 682 418 188 489 591 501 351 425 230 342 184 320 547 215 439 224 354 632 426 579 549 424 316 192 438 540 502 123 623 393 721 448 429 360 570 455 45 494 488 560 416 437 554 753 501 516 572 469 255 365 483 216 392 306 369 712 394 384 449 281 644 92 422 252 483 575 117 612 565 314 544 378 436 559 503 483 325 333 580 211 161 200 219 167 361 215 248 261 588 211 553 199 402 145 352 205 578 520 243 413 500 207 444 358 256 498 344 490 260 268 529 316 217 490 279 548 402 329 315 490 314 365 584 285 147 312 430 398 643 582 467 543 391 419 563 451 620 408 294 175 299 528 364 336 324 242 114 115 531 585 350 416 98 277 193 250 340 328 593 318
593 705 276 61 739 515 323 224 0 352 219 510 695 417 589 594 75 165 696 305 568 156 658 628 301 217 653 635 650 171 333 158 278 225 501 147 256 836 233 573 180 665 320 543 525 691 124 299 401 432 135 359 180 642 440 359 793 360 601 279 327 700 79 615 541 882 623 204 266 667 523 575 527 418 557 370 465 759 431 239 438 389 562 601 670 478 544 226 216 535 588 565 326 787 617 654 286 653 496 559 338 195 589 449 729 199 653 660 689 645 732 778 417 79 501 707 423 563 311 582 906 606 346 253 505 847 148 204 261 619 629 341 603 721 368 346 557 326 448 279 260 238 550 387 187 385 104 423 289 561 237 32 404 619 225 505 261 407 358 154 391 796 300 26 334 277 89 223 549 473 651 151 631 477 478 737 394 244 714 503 421 589 401 414 266 425 354 797 482 301 419 645 305 594 797 690 648 604 431 592 293 427 496 465 281 242 341 569 475 496 434 111 286 711 757 381 544 232 495 229 434 468 501 667 357
878 1056 399 346 1017 864 675 514 352 0 194 803 1047 503 940 871 344 452 990 228 886 474 715 926 481 237 957 954 968 508 628 321 467 320 838 452 559 1168 224 922 303 975 455 892 865 828 417 507 655 751 279 702 492 957 591 350 1093 698 866 599 435 890 390 925 891 1196 931 557 328 1019 868 814 542 741 762 694 809 1056 658 146 737 374 856 935 1023 779 895 555 568 887 936 916 556 848 855 942 67 889 573 890 623 508 942 774 809 363 852 1013 979 991 1021 1085 738 279 576 941 731 898 660 779 1226 797 254 128 755 1157 423 354 328 967 978 614 932 779 721 118 887 620 719 278 334 566 762 116 539 655 456 627 632 876 590 360 527 963 342 819 389 751 659 204 715 1080 233 357 650 252 313 234 872 694 716 204 978 700 683 1041 437 352 968 753 680 915 432 474 321 775 299 1091 659 490 770 840 616 901 1087 914 1000 797 775 936 63 141 849 799 436 248 79 878 821 830 755 433 613 1042 1093 368 593 454 784 363 760 544 633 1018 372
807 912 401 246 952 699 515 432 219 194 0 725 899 536 779 806 177 269 912 97 788 372 773 845 461 44 765 767 869 391 439 282 272 128 720 357 470 1055 38 783 109 884 457 723 689 848 327 474 601 566 230 576 313 768 595 416 1011 523 809 417 450 881 224 834 751 1102 842 413 144 857 694 773 613 637 741 589 681 977 621 48 654 446 664 821 866 589 753 379 424 737 767 753 513 908 816 749 151 851 615 708 432 410 789 590 859 168 837 862 786 858 948 997 554 179 619 906 641 782 497 763 1126 785 348 66 706 1066 344 160 347 831 809 547 749 839 566 135 776 431 526 108 148 389 737 178 388 591 308 603 507 781 442 211 542 789 336 631 386 580 573 85 610 1011 95 211 465 89 232 43 769 662 770 96 844 667 660 955 487 354 920 705 485 809 487 518 137 635 382 1014 651 466 629 827 431 711 1013 885 849 784 604 762 165 217 697 684 425 279 144 787 690 716 653 326 506 931 975 439 650 409 709 352 653 585 649 855 428
84 426 435 479 230 461 401 294 510 803 725 0 438 437 463 93 574 579 188 815 117 354 529 122 348 727 765 703 185 345 614 481 718 726 185 367 254 397 743 319 685 177 397 490 543 412 398 313 165 593 525 235 546 724 336 557 290 496 119 542 429 323 544 132 309 396 134 378 767 510 518 160 544 132 231 162 227 253 198 733 72 561 733 209 477 665 321 511 372 368 512 463 261 592 181 806 739 206 450 611 634 315 408 581 528 686 279 434 829 329 222 282 582 549 453 250 93 196 422 254 431 274 634 744 124 356 385 694 504 328 530 189 643 560 370 838 170 613 715 788 760 515 215 874 413 152 453 246 270 101 377 528 386 571 473 643 438 474 152 646 148 286 810 525 568 787 501 733 127 195 515 638 325 192 229 237 495 470 226 123 720 164 509 473 769 289 601 290 283 337 293 284 570 717 287 253 429 270 476 554 740 914 365 165 394 570 822 89 243 164 116 399 234 282 344 560 500 351 22 451 135 450 364 515 531
456 28 781 704 507 234 386 579 695 1047 899 438 0 837 155 484 721 650 431 960 330 588 966 408 711 878 487 413 316 545 555 763 748 836 266 613 536 289 898 135 813 359 766 230 305 848 646 674 568 447 785 359 603 436 753 914 435 412 523 522 797 743 675 356 162 413 366 490 867 122 279 592 957 375 669 407 261 440 618 929 443 929 516 237 77 496 155 536 479 161 208 181 632 1030 600 547 980 612 869 354 576 562 113 418 967 780 705 42 552 113 461 403 446 767 873 634 423 242 407 692 397 710 963 945 562 413 652 791 832 110 186 549 357 999 333 1034 268 560 588 911 857 530 654 1076 511 538 594 663 423 346 458 692 787 248 790 444 777 352 475 848 392 503 953 694 503 923 741 885 313 627 952 846 113 625 661 402 878 797 578 562 620 285 892 866 872 273 945 466 714 701 278 713 529 467 480 654 54 706 331 253 986 1115 201 305 746 872 1033 368 244 286 374 621 464 246 221 925 924 675 456 773 355 863 793 130 894
482 832 142 356 591 760 599 298 417 503 536 437 837 0 802 464 489 577 592 631 552 344 242 544 143 565 998 959 622 389 719 268 695 614 572 326 325 834 571 702 569 608 101 793 812 324 318 173 276 779 314 499 577 973 111 160 695 681 442 649 91 397 495 568 679 815 568 482 651 870 797 367 127 461 290 432 578 654 239 515 402 147 926 636 851 841 689 594 488 714 831 790 205 374 402 1016 459 429 79 868 730 339 768 784 322 607 366 819 1048 740 612 697 764 385 84 474 417 612 604 298 856 310 260 514 334 772 293 609 189 730 863 288 910 307 610 590 590 713 839 639 649 606 296 610 498 301 459 192 459 537 512 450 51 882 203 849 158 701 361 453 445 657 631 444 700 624 338 568 554 255 236 441 733 260 229 653 72 184 518 333 821 597 84 38 648 594 215 681 183 151 593 352 680 940 672 442 810 311 717 857 453 642 690 532 139 265 558 526 596 554 463 355 397 719 781 150 126 211 415 192 481 50 132 873 135
506 181 723 609 592 84 265 518 589 940 779 463 155 802 0 532 603 518 515 832 380 508 965 474 665 754 348 275 398 460 406 681 604 703 277 534 481 432 773 158 685 442 719 75 150 873 564 631 555 292 695 302 471 298 734 854 544 269 569 381 748 786 556 422 157 547 434 388 731 78 124 623 928 360 688 376 240 540 610 813 443 873 364 305 92 340 143 404 377 95 60 27 597 1047 641 404 874 661 847 204 426 491 66 263 981 647 742 113 414 210 551 514 292 666 852 693 416 289 281 714 539 735 889 830 578 539 575 658 763 183 66 519 214 1007 221 914 312 411 433 779 722 395 672 957 401 521 484 650 351 392 353 580 756 115 720 289 716 207 448 737 368 603 824 583 355 793 648 760 354 629 952 736 199 629 661 501 832 730 647 577 465 345 846 826 738 207 877 572 709 656 208 747 383 320 584 707 103 732 184 109 882 996 111 301 693 791 918 416 223 298 367 533 407 360 354 868 904 617 475 706 345 836 783 78 837
28 467 488 559 147 539 493 373 594 871 806 93 484 464 532 0 661 671 128 897 154 438 511 88 400 810 848 783 185 434 707 550 811 814 257 449 337 382 826 379 772 156 443 566 624 368 478 368 217 683 597 328 638 805 354 600 232 587 39 636 473 259 633 132 375 351 125 471 854 570 598 117 555 225 206 256 307 192 228 811 162 599 820 246 533 755 388 604 465 439 585 535 317 553 116 891 809 130 460 693 728 399 472 670 493 775 221 487 912 371 152 233 672 628 463 163 186 247 515 221 392 235 684 820 129 308 462 783 560 378 598 260 722 532 459 914 222 706 807 873 848 608 192 949 506 217 543 273 364 141 470 614 414 644 534 730 494 563 238 725 242 208 893 611 661 872 578 816 178 208 496 717 371 203 237 189 528 528 133 130 813 199 542 501 856 374 648 223 289 390 378 230 663 802 216 174 484 231 563 629 809 988 442 246 447 631 896 117 320 237 207 483 325 285 347 599 504 416 101 512 225 467 368 576 573
658 734 346 134 805 524 338 295 75 344 177 574 721 489 603 661 0 117 758 249 625 225 730 690 376 161 625 615 705 230 296 223 207 153 548 219 324 883 180 606 110 723 393 550 521 767 200 375 473 411 188 404 149 620 516 417 853 354 670 257 398 775 47 673 574 937 682 236 193 681 524 647 594 474 632 427 507 821 506 210 502 448 529 650 689 447 576 211 248 559 594 578 401 860 689 619 282 725 568 547 297 262 612 432 803 124 728 684 655 681 795 837 397 117 573 779 485 611 321 657 958 681 389 227 577 903 224 128 323 654 636 413 590 794 388 312 607 289 404 214 187 222 625 355 210 456 133 499 336 619 264 47 478 620 291 481 331 408 423 140 447 860 243 52 310 217 152 168 604 547 724 143 667 552 553 796 461 311 784 575 372 641 467 483 194 458 405 859 558 377 452 720 277 567 859 763 671 679 432 592 292 394 520 514 354 289 315 628 515 546 491 181 345 760 802 440 614 308 561 297 488 540 576 680 418
663 666 438 225 808 436 265 335 165 452 269 579 650 577 518 671 117 0 752 313 608 263 814 684 450 238 508 502 683 244 179 323 140 185 515 269 350 842 257 547 167 708 477 458 420 829 263 441 509 298 297 374 47 505 586 525 840 255 687 148 488 820 86 659 516 911 670 204 217 595 426 677 690 462 677 419 466 811 550 310 509 554 411 615 608 330 515 114 213 489 501 492 455 940 718 501 394 752 653 439 179 293 537 322 880 130 771 610 537 626 791 820 285 230 659 805 486 577 243 704 927 729 504 329 606 881 289 141 426 597 543 445 480 876 320 403 577 171 287 261 208 123 668 446 170 485 135 553 315 605 218 134 558 520 390 367 424 314 435 253 437 857 306 141 197 275 254 244 583 591 806 258 611 595 603 783 559 409 800 604 257 615 566 577 223 405 517 850 617 448 399 765 163 451 853 794 597 727 338 493 405 482 449 487 438 402 413 618 470 517 480 231 345 724 759 547 704 378 570 392 472 627 648 592 523
113 409 613 667 77 542 541 482 696 990 912 188 431 592 515 128 758 752 0 1001 154 540 625 68 526 913 853 783 117 528 761 668 888 908 270 555 442 267 929 356 869 73 570 564 631 466 586 492 341 716 713 385 715 806 483 728 104 628 154 695 600 340 725 101 363 222 88 547 948 535 603 236 682 290 326 333 327 65 357 921 258 728 841 210 494 785 376 672 539 431 573 525 440 651 218 903 926 213 587 699 783 501 450 698 595 865 316 445 919 322 40 104 706 737 589 214 272 231 565 336 265 344 811 932 258 179 574 874 684 339 577 376 722 639 498 1026 212 761 849 972 941 674 313 1062 582 335 632 402 437 151 540 712 543 630 657 752 618 592 338 834 314 105 996 710 711 973 689 919 183 337 610 826 327 332 365 62 657 652 151 259 862 173 671 630 950 402 776 101 416 515 407 328 719 814 101 243 445 340 588 621 927 1102 445 279 573 754 1010 135 335 257 272 586 413 196 251 728 629 536 206 635 281 594 493 542 701
897 975 498 339 1044 749 574 524 305 228 97 815 960 631 832 897 249 313 1001 0 872 461 867 933 559 88 778 789 953 475 463 379 269 131 798 448 560 1132 71 851 147 970 554 771 729 945 420 571 696 595 327 653 360 787 692 505 1098 567 902 457 546 978 291 919 819 1185 928 485 117 908 738 869 704 721 838 674 756 1065 718 120 743 535 675 899 921 607 820 428 496 799 814 805 609 1002 911 754 212 947 710 739 451 499 849 622 954 188 934 922 791 928 1037 1083 584 274 714 1001 728 861 554 860 1207 882 431 127 801 1151 438 177 442 900 856 640 778 933 628 121 856 455 531 60 126 436 834 157 456 684 382 700 585 866 510 290 639 830 432 655 483 627 663 183 694 1101 7 292 498 39 328 81 852 758 864 194 913 763 757 1042 580 450 1014 799 488 890 580 612 109 704 467 1102 749 563 698 924 464 727 1102 981 909 881 651 803 225 184 759 764 522 371 154 874 763 795 738 415 591 1009 1051 528 743 505 799 449 736 680 746 906 519
127 315 538 549 226 396 387 372 568 886 788 117 330 552 380 154 625 608 154 872 0 418 645 97 454 784 708 640 82 397 607 567 741 772 116 437 327 289 801 225 735 99 505 421 484 517 470 417 277 562 606 235 568 662 453 664 232 473 194 542 537 413 588 53 224 313 66 403 811 415 457 261 661 151 342 198 173 206 315 802 157 671 690 94 378 631 237 521 394 290 435 386 366 700 269 755 820 284 568 552 629 381 319 544 638 726 375 332 773 218 195 212 552 619 571 313 156 92 411 363 340 380 735 815 240 278 463 735 603 223 445 287 578 673 344 909 68 608 695 839 803 523 327 948 437 257 495 363 293 16 392 581 501 494 569 600 539 439 228 715 177 259 867 580 557 842 576 790 29 313 630 708 217 310 347 175 607 568 267 239 708 47 622 587 814 247 706 244 401 443 253 382 566 665 249 328 329 376 435 481 823 988 298 125 498 664 897 37 183 102 134 463 282 168 229 669 618 445 139 548 136 567 482 421 640
436 593 228 130 583 447 266 73 156 474 372 354 588 344 508 438 225 263 540 461 418 0 568 473 203 373 656 621 500 49 377 175 400 378 364 26 100 695 389 457 335 513 245 480 483 567 58 185 250 435 199 231 248 634 330 352 639 339 445 306 266 559 202 462 427 732 470 140 418 584 474 423 469 269 415 221 338 604 288 384 282 374 581 461 577 496 432 252 147 436 522 489 192 687 465 671 406 500 413 534 391 38 493 442 625 344 510 559 704 521 576 625 420 201 418 555 268 424 266 442 758 467 381 396 352 695 67 350 256 499 560 188 577 627 292 491 414 372 498 435 412 263 406 529 153 231 128 291 164 410 173 177 314 565 212 506 217 367 202 296 242 640 456 173 356 434 160 379 401 329 558 290 509 333 340 583 349 224 559 351 483 443 361 355 420 315 370 642 355 199 311 504 337 597 641 540 547 465 386 539 411 569 402 324 209 284 479 416 351 356 284 45 139 569 619 368 468 133 339 200 287 391 392 585 338
537 955 384 597 593 938 800 508 658 715 773 529 966 242 965 511 730 814 625 867 645 568 0 600 366 804 1204 1157 695 607 946 511 937 856 703 553 523 890 810 839 811 667 338 970 1002 186 552 383 410 992 556 672 811 1173 242 367 712 890 476 874 333 316 735 640 823 836 635 697 892 1024 984 394 174 605 305 591 727 673 354 748 526 341 1140 738 997 1058 835 821 700 871 1003 958 391 134 407 1228 681 417 162 1064 959 553 920 993 98 850 318 958 1259 858 629 725 977 627 157 439 550 725 810 290 883 281 460 746 405 793 526 851 426 856 1030 453 1104 65 800 814 700 941 1066 878 891 831 319 829 719 444 691 316 649 629 723 690 256 1059 445 1059 400 900 519 693 597 653 867 684 922 862 580 807 657 339 14 681 854 340 305 687 287 426 502 405 1051 693 288 255 889 762 415 689 255 369 762 303 905 1148 675 403 951 284 913 1037 673 856 855 669 377 496 779 611 744 682 600 587 584 795 858 347 123 438 510 435 621 191 185 1028 349
63 389 555 600 131 493 478 416 628 926 845 122 408 544 474 88 690 684 68 933 97 473 600 0 467 845 804 736 98 460 697 604 821 840 213 488 375 294 861 316 801 67 514 517 581 454 519 433 282 657 648 319 648 759 437 673 167 567 125 630 545 338 657 53 318 275 41 480 880 503 554 206 641 222 295 265 270 131 305 855 191 675 787 173 463 727 331 605 472 385 530 481 381 640 200 852 861 206 546 649 719 434 411 641 580 797 305 416 870 295 107 159 647 670 549 225 204 185 502 310 313 323 753 865 211 234 507 806 625 307 538 312 675 620 437 960 162 698 789 904 873 608 281 996 515 273 564 352 369 90 473 644 493 589 595 697 559 534 271 767 246 172 928 642 648 905 623 851 125 290 585 760 298 286 321 115 606 591 173 211 800 129 621 581 882 343 719 169 375 457 348 315 655 762 169 246 414 319 531 577 863 1036 395 217 514 693 944 69 279 198 204 518 345 197 258 675 591 474 142 573 214 551 454 509 647
412 710 87 242 542 619 455 155 301 481 461 348 711 143 665 400 376 450 526 559 454 203 366 467 0 481 855 815 531 247 581 179 577 516 452 187 185 742 491 576 470 526 54 652 669 392 186 37 185 636 231 363 444 829 140 210 630 538 389 510 85 420 373 480 550 743 483 339 555 736 655 332 270 340 283 304 450 591 177 452 297 219 783 528 720 699 560 456 344 580 691 652 87 489 373 873 424 407 209 725 593 195 636 641 430 499 378 691 905 622 552 627 621 289 214 460 304 499 460 304 780 325 285 456 276 702 160 502 160 608 725 169 767 427 468 544 480 575 701 553 552 467 282 572 357 197 324 146 318 440 369 332 110 741 139 706 94 557 239 375 320 607 556 326 560 543 236 486 449 213 357 364 613 218 203 582 167 130 487 275 685 494 181 161 554 459 253 623 190 11 457 367 541 797 617 434 681 324 574 716 422 609 554 411 47 235 518 434 467 436 346 220 258 622 681 217 264 72 327 118 361 187 200 738 186
810 892 426 253 956 672 493 438 217 237 44 727 878 565 754 810 161 238 913 88 784 373 804 845 481 0 726 730 865 386 402 303 229 83 710 361 473 1045 19 766 72 881 481 696 658 871 334 491 611 531 253 566 283 731 617 452 1010 493 816 386 476 898 205 831 735 1097 840 398 100 831 665 784 647 633 757 585 669 977 635 92 655 482 624 811 842 551 736 351 410 717 740 728 527 938 827 708 196 862 644 674 394 412 768 556 887 127 853 840 745 843 949 995 519 193 648 917 640 773 474 780 1119 803 389 110 716 1063 353 118 377 815 782 554 714 870 545 165 768 394 485 73 103 361 752 208 371 598 295 619 498 777 425 202 567 759 362 595 411 552 575 111 606 1013 83 204 431 62 246 6 764 676 800 123 828 681 676 954 519 381 928 714 444 802 520 548 94 619 420 1014 671 485 613 844 397 672 1014 897 828 801 576 732 210 244 677 676 448 313 181 785 677 707 649 327 502 922 964 474 682 424 712 377 648 614 673 829 462
825 516 882 700 930 311 403 701 653 957 765 765 487 998 348 848 625 508 853 778 708 656 1204 804 855 726 0 74 740 609 329 796 509 650 593 678 681 775 743 500 656 782 901 289 223 1150 695 829 807 223 786 547 476 51 961 997 892 317 882 373 922 1086 585 755 490 895 768 516 661 366 250 920 1125 640 967 633 541 885 864 811 724 1023 103 645 410 177 478 427 510 422 288 332 813 1307 946 62 901 972 1061 155 333 659 414 213 1241 599 1038 451 66 558 891 861 238 729 1066 1011 694 622 395 995 884 1019 998 830 862 888 716 608 897 531 301 754 133 1256 409 889 642 337 248 717 652 415 953 930 504 773 564 892 555 717 486 629 962 239 854 150 871 305 697 761 635 947 770 634 318 740 737 731 679 893 1192 766 547 894 920 846 1005 870 973 861 293 679 1016 1011 669 476 1002 918 958 848 472 1040 348 59 929 1019 444 1016 295 239 912 962 409 602 865 893 908 740 528 611 653 657 621 709 701 1016 1118 789 771 848 632 1042 1019 359 987
760 441 849 678 861 244 360 660 635 954 767 703 413 959 275 783 615 502 783 789 640 621 1157 736 815 730 74 0 669 573 328 770 523 658 527 644 637 701 748 429 658 712 863 219 160 1095 664 787 755 204 765 491 465 23 915 968 819 283 818 358 887 1025 573 686 420 821 699 481 673 292 185 860 1086 580 910 577 476 813 812 810 665 993 137 574 335 182 407 409 473 352 215 260 768 1256 884 135 896 909 1019 93 337 620 341 185 1190 604 979 376 139 485 821 789 218 713 1024 947 635 553 355 938 809 962 976 829 804 814 684 615 869 458 226 704 61 1207 357 895 574 336 272 729 664 397 896 937 473 720 540 842 507 650 448 614 921 164 826 135 838 258 644 754 577 876 781 619 305 750 716 735 612 839 1145 758 474 840 868 774 970 841 907 803 316 610 982 974 681 415 977 846 908 808 412 981 338 74 858 956 369 958 244 165 907 971 342 538 829 872 911 673 463 546 592 627 573 636 627 987 1076 752 710 818 571 1001 972 284 957
158 295 616 631 195 430 451 454 650 968 869 185 316 622 398 185 705 683 117 953 82 500 695 98 531 865 740 669 0 478 670 649 814 850 173 519 409 212 882 240 814 44 582 450 519 552 553 495 350 613 688 308 642 692 519 741 163 531 223 608 613 436 667 55 250 232 59 479 889 418 491 302 726 232 389 280 230 147 383 885 236 746 732 94 376 680 261 592 470 317 457 409 443 738 298 790 902 304 632 586 693 463 333 593 678 803 404 328 806 205 152 138 605 701 635 319 238 121 476 406 258 420 815 897 297 199 545 813 683 221 459 366 607 717 403 992 110 672 751 918 881 592 375 1030 513 333 574 431 370 92 465 662 571 514 650 644 618 490 310 797 259 208 947 660 619 922 658 871 100 375 680 790 209 371 407 109 680 648 262 297 767 69 695 658 892 304 784 183 462 520 310 414 630 702 192 343 328 416 483 505 905 1070 335 195 576 745 979 96 234 166 216 545 363 100 163 745 680 526 207 628 216 634 542 425 716
429 552 276 162 576 399 217 100 171 508 391 345 545 389 460 434 230 244 528 475 397 49 607 460 247 386 609 573 478 0 340 221 384 381 332 74 106 666 404 416 340 494 291 431 434 595 103 224 265 389 240 193 222 586 367 401 623 292 446 266 313 577 198 444 385 710 453 92 421 537 424 433 515 246 434 198 300 591 309 408 273 423 536 431 532 452 390 215 99 391 473 441 223 723 473 626 441 508 456 485 354 54 448 395 660 341 527 514 658 483 565 608 374 230 461 562 255 394 217 462 734 488 428 422 361 676 116 349 305 460 511 200 528 665 243 516 386 335 459 444 414 225 425 556 111 240 110 318 124 390 125 185 356 516 262 460 267 318 195 321 219 630 470 182 314 445 197 393 378 349 597 316 470 352 364 567 397 274 560 360 447 417 409 402 423 272 419 629 385 241 267 522 298 550 629 549 502 485 337 489 446 596 356 294 256 331 507 399 312 326 263 76 115 541 588 418 512 179 333 250 262 435 428 538 387
692 577 588 387 828 322 219 440 333 628 439 614 555 719 406 707 296 179 761 463 607 377 946 697 581 402 329 328 670 340 0 486 205 331 497 393 437 793 420 482 330 704 618 335 277 932 401 563 591 133 468 380 152 329 707 689 834 146 731 74 634 899 260 661 455 882 673 257 349 474 292 742 839 482 762 453 440 812 641 483 551 717 232 587 498 151 449 125 258 408 373 378 563 1063 778 322 572 810 790 277 22 394 443 161 1000 276 849 513 358 562 802 809 124 406 795 859 523 552 195 790 889 816 678 502 673 860 426 287 589 531 413 528 315 1004 267 567 560 8 120 404 340 114 750 609 230 560 260 656 347 609 243 306 692 376 549 193 575 204 494 432 465 866 455 312 53 423 421 407 579 678 936 437 547 681 698 778 712 567 841 672 109 601 721 725 357 367 687 850 723 576 361 847 44 272 857 855 500 813 223 351 583 643 371 482 580 575 583 628 437 506 500 363 402 686 708 710 844 509 611 547 485 767 768 470 684
556 767 126 99 697 617 430 196 158 321 282 481 763 268 681 550 223 323 668 379 567 175 511 604 179 303 796 770 649 221 486 0 430 347 530 149 242 853 313 631 300 654 178 649 644 567 117 195 335 573 51 405 334 780 314 203 771 488 547 425 177 600 237 604 601 875 610 299 384 758 638 501 370 427 461 380 509 734 346 273 416 232 710 622 752 625 607 370 309 611 692 661 239 642 543 802 258 578 348 688 492 201 668 586 588 339 556 734 837 692 700 763 558 116 353 632 411 588 424 482 906 504 209 278 438 836 111 340 103 672 731 292 732 575 462 369 574 479 603 377 382 382 458 400 299 333 231 323 339 556 335 189 265 732 67 646 110 526 339 196 401 759 377 183 480 365 71 308 555 385 505 185 680 391 380 719 237 87 653 437 578 598 244 260 382 490 206 769 369 184 486 546 453 737 765 608 722 503 547 705 259 438 577 489 144 109 346 557 523 519 439 149 305 727 781 224 392 135 462 75 446 319 369 759 199
802 767 553 339 946 520 376 473 278 467 272 718 748 695 604 811 207 140 888 269 741 400 937 821 577 229 509 523 814 384 205 430 0 147 643 403 490 963 243 659 167 841 598 536 482 963 393 572 648 338 393 506 173 520 716 621 973 336 827 226 604 959 203 794 629 1039 805 341 152 676 496 818 801 598 815 557 591 946 689 321 648 652 405 742 697 340 626 224 349 593 576 577 590 1065 858 485 422 893 774 482 190 432 635 367 1007 107 910 707 521 740 928 952 330 320 779 946 625 704 352 842 1052 867 582 339 746 1011 419 114 529 709 617 584 518 1000 432 384 707 198 262 209 143 226 807 424 306 625 274 689 452 739 349 246 682 582 498 391 538 397 576 300 575 994 262 252 251 232 359 232 716 730 930 309 725 733 740 917 668 518 941 745 218 746 674 690 160 525 604 985 752 577 519 904 221 458 989 934 694 865 420 557 435 454 554 619 559 488 408 754 593 648 616 365 485 848 879 644 821 507 709 505 607 746 777 673 624
810 851 473 276 957 620 450 448 225 320 128 726 836 614 703 814 153 185 908 131 772 378 856 840 516 83 650 658 850 381 331 347 147 0 689 371 478 1021 96 731 46 871 525 641 597 909 350 520 626 463 300 545 233 658 656 515 1002 437 824 326 524 925 183 821 700 1081 831 373 40 779 607 800 707 622 781 576 643 971 656 176 654 546 547 790 793 477 699 300 383 675 684 676 550 989 842 630 279 878 694 607 321 415 723 490 935 56 878 796 666 809 946 984 452 230 699 932 636 751 429 806 1101 830 461 193 730 1049 372 45 433 780 726 566 647 921 505 239 749 323 406 76 35 307 775 280 341 609 277 647 480 767 394 200 611 698 411 524 457 498 576 175 596 1011 124 204 366 92 280 86 750 698 851 186 795 703 702 945 575 430 937 728 364 785 578 602 42 587 489 1009 703 518 580 870 332 598 1010 915 783 828 521 672 292 312 635 657 488 377 261 777 649 688 639 334 495 900 938 538 736 453 714 422 635 665 714 776 523
233 260 527 493 343 283 277 336 501 838 720 185 266 572 277 257 548 515 270 798 116 364 703 213 452 710 593 527 173 332 497 530 643 689 0 387 290 335 729 136 655 207 506 309 369 597 421 414 301 445 562 144 473 548 486 659 336 359 293 435 538 508 508 168 123 395 181 315 726 325 342 346 691 111 414 151 57 316 352 740 177 671 573 101 294 515 136 420 305 183 328 279 369 775 364 639 771 385 602 437 519 331 222 428 710 639 465 255 658 169 310 312 436 562 606 420 156 62 302 438 412 459 718 754 304 368 420 649 585 158 344 285 465 739 230 848 63 498 580 759 718 420 398 888 347 271 415 397 212 124 297 509 522 387 546 483 526 322 213 654 133 373 792 508 445 765 525 717 87 363 688 649 161 362 397 281 616 549 380 303 595 104 631 602 730 132 695 354 448 441 138 470 456 549 361 431 248 455 318 372 775 928 185 41 490 635 840 146 66 21 108 405 226 211 256 668 657 425 199 527 91 596 527 330 637
449 619 204 112 595 473 291 77 147 452 357 367 613 326 534 449 219 269 555 448 437 26 553 488 187 361 678 644 519 74 393 149 403 371 387 0 113 716 376 482 327 530 225 506 508 560 34 173 254 456 175 256 258 656 319 327 655 362 455 323 245 558 202 480 452 750 487 163 412 610 499 428 449 290 414 242 362 620 287 367 297 349 601 483 603 516 458 269 171 462 548 515 186 674 470 692 385 506 397 557 405 56 519 464 613 341 510 584 725 545 590 642 441 182 402 560 285 446 290 440 777 465 355 378 358 713 41 347 231 524 586 194 601 613 317 473 435 388 514 426 407 280 406 510 174 238 138 286 190 428 197 171 298 591 187 528 194 391 216 279 263 653 444 167 374 423 139 367 421 329 544 272 533 333 337 600 327 199 567 356 497 463 338 335 413 341 344 657 348 183 337 503 354 619 655 543 573 463 411 564 388 550 428 347 188 259 459 433 375 378 304 38 161 590 641 344 451 115 351 175 308 373 381 611 313
336 537 245 225 483 434 278 45 256 559 470 254 536 325 481 337 324 350 442 560 327 100 523 375 185 473 681 637 409 106 437 242 490 478 290 113 0 610 489 401 435 418 238 467 487 494 145 152 158 469 279 180 328 652 280 378 542 367 345 363 267 470 299 368 373 639 375 180 518 552 472 327 453 184 329 138 276 506 204 480 183 394 618 380 538 536 382 315 181 398 506 466 131 631 368 705 492 403 381 545 454 62 454 470 567 442 421 512 735 456 477 530 454 295 386 457 173 346 287 357 667 382 429 491 256 601 135 449 296 438 539 94 586 576 284 585 332 434 555 536 512 324 319 622 208 134 216 219 133 317 201 277 284 556 256 536 240 379 103 392 159 540 556 274 406 534 249 479 313 243 511 385 445 247 260 487 351 261 459 254 547 356 364 347 519 275 408 543 286 176 273 416 394 625 542 444 502 380 393 531 495 662 370 248 212 345 571 321 292 278 196 145 74 485 539 390 438 139 239 238 204 364 339 555 358
358 260 827 825 318 496 586 656 836 1168 1055 397 289 834 432 382 883 842 267 1132 289 695 890 294 742 1045 775 701 212 666 793 853 963 1021 335 716 610 0 1063 310 988 227 793 502 579 733 750 706 562 706 889 479 798 724 729 952 205 646 415 743 825 605 842 265 337 131 265 648 1057 411 551 497 934 426 588 474 377 233 594 1075 446 958 796 234 366 764 343 739 637 389 490 453 655 918 484 834 1101 480 840 636 815 659 371 680 862 970 583 324 840 232 272 179 702 895 842 476 444 272 611 600 108 610 1025 1088 504 146 745 980 892 264 474 576 643 906 532 1182 280 796 849 1092 1048 737 574 1222 679 545 750 642 547 302 626 844 782 536 858 717 828 593 515 988 453 282 1126 843 739 1099 855 1052 297 583 876 982 247 579 615 208 892 857 410 505 875 254 907 870 1061 438 995 237 669 731 444 595 758 752 254 508 331 606 578 538 1105 1262 422 371 787 952 1173 308 372 339 413 738 555 125 84 956 886 734 419 837 407 843 748 419 927
825 912 434 267 972 692 512 453 233 224 38 743 898 571 773 826 180 257 929 71 801 389 810 861 491 19 743 748 882 404 420 313 243 96 729 376 489 1063 0 786 90 898 490 715 677 880 348 502 625 549 261 584 303 749 627 454 1027 513 831 405 484 910 224 848 754 1114 857 417 107 851 684 798 651 650 769 603 688 993 648 83 671 484 641 830 861 568 755 371 428 736 759 747 539 944 840 725 187 876 650 693 411 428 787 575 894 144 865 860 761 862 966 1012 538 205 654 930 657 791 493 792 1137 814 387 99 730 1080 367 134 383 834 801 569 733 875 565 147 786 412 501 70 112 380 764 189 390 613 314 631 516 795 444 220 575 778 369 613 419 572 591 117 623 1029 67 221 450 53 258 13 781 688 806 129 847 693 688 971 523 388 942 728 459 820 524 554 100 638 420 1031 681 495 632 856 416 690 1030 910 847 813 596 751 201 225 696 694 457 316 165 802 696 726 667 343 519 940 983 477 687 436 728 385 666 620 681 849 465
352 136 645 577 434 195 284 445 573 922 783 319 135 702 158 379 606 547 356 851 225 457 839 316 576 766 500 429 240 416 482 631 659 731 136 482 401 310 786 0 704 284 631 211 284 732 515 539 436 398 655 225 501 452 620 779 391 336 417 435 661 636 561 264 31 410 276 370 765 191 255 478 823 241 549 271 125 384 488 810 313 793 501 146 158 459 33 438 359 82 216 169 497 910 492 553 855 509 737 348 505 429 94 373 846 677 595 118 567 80 393 362 393 642 741 538 291 132 307 573 410 594 829 826 440 395 519 688 697 49 221 414 367 876 228 916 157 486 541 805 756 434 534 958 395 405 475 532 292 238 341 573 653 273 656 417 642 282 340 727 257 447 844 574 429 815 613 773 201 500 825 724 65 499 534 345 742 662 490 439 565 187 757 731 770 148 810 417 585 565 153 601 449 466 428 554 111 590 268 264 861 998 112 172 610 739 913 262 109 157 242 492 329 215 226 789 792 540 334 638 222 729 663 197 758
769 827 427 230 916 603 426 404 180 303 109 685 813 569 685 772 110 167 869 147 735 335 811 801 470 72 656 658 814 340 330 300 167 46 655 327 435 988 90 704 0 833 478 626 586 862 305 474 581 459 254 510 213 659 609 473 963 423 781 314 478 879 147 783 672 1046 793 340 86 762 594 755 662 584 736 537 611 931 611 156 613 504 554 756 774 480 672 281 351 651 669 659 504 943 798 639 255 833 648 602 322 373 701 484 889 60 832 774 676 781 906 947 447 184 653 888 596 718 406 760 1066 784 422 175 685 1013 327 53 388 753 711 522 642 876 480 237 714 322 416 104 82 290 729 280 310 565 240 601 444 729 363 157 565 687 365 523 411 482 534 136 558 971 141 161 359 111 234 77 713 652 806 146 766 657 656 907 530 385 894 684 376 750 534 557 85 558 448 970 657 472 552 824 325 601 970 870 761 782 506 660 267 316 611 622 442 335 252 739 618 653 601 290 455 866 907 496 691 406 672 376 598 619 667 760 479
131 338 612 642 150 472 484 461 665 975 884 177 359 608 442 156 723 708 73 970 99 513 667 67 526 881 782 712 44 494 704 654 841 871 207 530 418 227 898 284 833 0 574 493 562 518 563 491 342 651 695 334 668 735 502 734 132 567 191 640 606 398 687 50 292 221 43 503 910 462 533 272 707 249 362 296 265 108 369 897 238 737 773 137 421 720 304 621 494 360 501 453 438 704 265 833 910 267 612 628 726 474 377 632 645 826 368 373 849 249 108 113 643 713 615 278 245 161 508 377 254 389 811 908 277 183 553 834 681 266 504 365 650 686 438 1003 146 705 788 937 902 622 348 1041 537 329 594 416 393 104 491 679 557 558 650 685 616 528 316 809 275 166 964 677 653 940 668 888 125 356 652 802 254 352 388 75 669 647 219 277 803 105 684 645 913 339 779 146 441 515 345 379 663 744 153 303 372 385 522 549 912 1081 376 223 572 746 989 97 271 197 232 558 379 132 193 736 658 527 199 628 236 616 521 469 708
457 764 57 258 582 671 504 205 320 455 457 397 766 101 719 443 393 477 570 554 505 245 338 514 54 481 901 863 582 291 618 178 598 525 506 225 238 793 490 631 478 574 0 705 719 390 217 92 232 680 228 417 476 877 139 159 675 583 429 549 31 435 396 530 605 790 532 384 562 790 706 366 224 395 306 359 505 635 215 442 349 165 826 581 774 741 614 494 390 635 744 705 139 467 406 917 402 438 176 773 629 242 690 687 411 513 397 745 950 676 595 673 665 294 181 488 358 553 507 323 828 341 241 444 316 748 192 515 127 663 778 222 816 401 519 528 533 612 738 555 560 505 307 553 399 248 358 176 370 491 415 352 86 793 122 751 71 606 293 372 375 647 553 346 600 543 244 485 502 246 331 360 667 251 230 628 112 106 522 315 720 546 126 111 560 513 205 666 204 65 511 384 579 842 659 460 735 341 623 767 398 588 608 465 38 207 499 485 522 490 400 254 312 673 733 163 227 111 375 105 415 150 191 793 134
542 256 702 570 641 33 221 500 543 892 723 490 230 793 75 566 550 458 564 771 421 480 970 517 652 696 289 219 450 431 335 649 536 641 309 506 467 502 715 211 626 493 705 0 76 892 533 620 561 217 658 298 412 242 734 831 603 204 602 316 732 813 503 467 200 615 480 350 668 140 49 649 920 374 706 380 262 595 618 760 459 852 294 355 165 265 188 344 339 132 44 49 591 1060 671 341 827 694 844 137 354 468 131 188 994 584 768 188 355 275 601 573 218 622 849 730 430 333 232 733 609 756 858 778 597 604 547 595 737 246 86 518 157 1016 188 859 354 340 358 717 658 335 691 902 357 526 439 654 334 431 314 532 750 88 693 215 694 143 451 687 376 658 764 535 285 732 609 702 393 641 958 688 262 641 671 556 816 704 688 596 391 390 830 814 674 209 850 628 716 643 208 772 315 254 640 740 177 752 119 66 836 939 124 325 675 758 865 454 247 329 384 499 395 423 423 846 901 598 499 680 362 830 786 136 815
