81
0 581 166 916 569 109 939 595 426 807 292 47 457 576 561 175 955 816 135 673 319 555 624 587 616 283 414 450 360 399 216 248 319 181 374 82 312 604 834 183 592 313 371 26 517 289 233 538 415 365 427 799 568 648 456 541 262 651 889 58 531 511 312 138 172 462 340 864 609 554 468 77 501 760 146 161 735 155 301 519 408
581 0 421 481 209 534 483 20 493 476 863 626 595 574 212 753 498 329 476 269 572 189 60 207 524 381 308 439 406 771 365 669 598 750 382 586 285 885 308 719 457 427 731 601 337 316 572 273 174 367 813 309 160 512 207 706 384 208 474 630 348 804 892 516 413 382 472 372 188 138 567 620 124 278 434 602 206 450 422 279 643
166 421 0 756 441 169 777 436 326 657 442 213 389 478 434 332 793 652 125 510 347 423 461 457 498 209 261 329 303 430 65 291 289 346 305 167 177 608 668 303 526 269 393 189 425 124 217 426 251 225 467 634 402 523 326 494 186 486 731 221 441 514 471 173 7 388 242 699 443 387 387 200 335 595 34 202 569 114 181 362 373
916 481 756 0 685 917 38 488 579 164 1138 963 647 526 690 1056 49 158 861 249 1020 668 423 679 436 819 503 521 870 897 730 873 750 1097 848 880 706 900 212 983 936 879 865 941 819 633 782 753 550 560 934 175 376 392 682 707 814 291 37 974 829 859 1186 910 751 861 631 129 330 399 611 919 462 203 785 853 283 839 634 396 735
569 209 441 685 0 488 684 198 630 685 861 606 728 740 9 743 698 529 439 477 447 23 263 18 704 300 450 588 275 855 376 728 691 709 249 603 264 1003 496 738 251 314 816 582 144 385 641 74 274 490 895 510 360 699 115 843 315 417 681 604 151 915 876 463 433 209 584 569 394 335 707 629 293 482 438 643 403 415 521 459 755
109 534 169 917 488 0 936 545 484 824 382 127 532 637 479 263 952 802 58 668 213 477 584 506 664 189 429 495 256 505 186 353 406 222 273 185 250 706 811 291 486 208 474 107 420 285 321 448 383 394 534 784 551 691 380 626 172 637 893 120 433 611 390 29 171 359 398 850 595 533 537 186 474 745 135 261 708 83 345 528 496
939 483 777 38 684 936 0 489 611 202 1166 986 681 563 690 1082 16 155 879 267 1032 668 424 677 473 832 527 552 879 931 749 904 782 1120 856 905 719 937 198 1011 936 890 899 964 820 654 811 754 564 586 969 174 390 429 687 744 828 303 75 997 831 895 1213 928 772 866 661 117 344 412 646 945 474 206 806 880 280 857 661 421 769
595 20 436 488 198 545 489 0 513 489 878 640 615 595 202 767 503 334 487 283 576 179 65 194 543 387 328 460 408 790 379 688 617 763 383 601 295 905 309 736 448 431 750 614 331 333 590 265 191 387 832 315 178 531 206 726 392 222 483 643 341 825 906 526 428 379 492 377 204 157 588 636 144 285 448 619 210 461 442 299 663
426 493 326 579 630 484 611 513 0 434 576 466 101 152 627 516 626 540 449 390 673 607 495 640 193 513 185 63 604 323 354 300 172 589 598 360 428 393 588 426 798 580 289 452 678 271 222 651 356 141 363 528 366 231 535 214 493 408 544 482 695 319 631 495 327 667 86 579 379 373 77 396 369 496 360 305 520 440 144 241 166
807 476 657 164 685 824 202 489 434 0 1006 853 492 365 688 933 213 231 773 207 956 664 428 683 275 757 396 381 822 744 643 734 606 986 803 761 643 736 301 852 927 822 714 833 803 540 648 744 490 442 780 237 332 230 654 545 748 267 126 866 816 699 1057 823 654 833 497 237 292 358 457 800 415 238 689 724 321 753 511 298 582
292 863 442 1138 861 382 1166 878 576 1006 0 256 553 697 853 119 1182 1062 423 911 545 847 901 879 765 570 644 625 637 354 501 278 410 201 655 278 603 547 1090 155 863 589 355 280 802 553 358 827 691 580 351 1046 825 806 748 585 551 901 1107 262 815 477 62 411 450 741 509 1108 861 815 580 242 770 1008 432 285 997 446 505 749 469
47 626 213 963 606 127 986 640 466 853 256 0 490 614 598 137 1002 864 167 721 321 593 671 624 657 313 461 493 384 408 261 260 347 134 400 108 353 616 882 169 614 336 384 25 547 337 262 571 462 411 432 847 615 690 495 568 294 699 936 18 560 525 270 157 220 487 381 912 657 601 503 84 549 808 193 182 782 191 345 567 434
457 595 389 647 728 532 681 615 101 492 553 490 0 144 724 513 695 625 506 479 734 705 596 738 222 589 287 159 682 252 428 276 148 600 679 381 513 292 677 414 886 654 224 481 769 358 228 745 454 237 288 615 465 267 630 115 568 503 611 507 785 224 612 548 392 752 153 661 477 474 35 411 471 585 420 312 615 501 220 339 91
576 574 478 526 740 637 563 595 152 365 697 614 144 0 738 651 575 530 602 399 825 716 561 747 89 658 293 159 747 391 502 419 288 732 739 506 565 375 590 555 930 726 366 601 806 412 359 771 468 274 423 524 424 134 656 181 640 437 489 630 822 334 755 648 479 802 239 560 421 440 117 540 456 499 512 444 546 592 296 296 234
561 212 434 690 9 479 690 202 627 688 853 598 724 738 0 735 703 535 430 480 437 23 267 27 703 291 447 586 266 849 369 721 686 700 240 595 257 998 502 731 246 305 810 573 136 380 635 66 271 487 889 516 362 699 107 839 306 421 685 595 143 910 868 454 426 200 580 575 396 336 704 621 294 487 430 636 409 407 517 459 750
175 753 332 1056 743 263 1082 767 516 933 119 137 513 651 735 0 1098 970 304 821 435 729 794 761 709 450 555 556 518 362 389 243 364 113 536 177 487 571 993 103 745 470 350 161 683 449 294 708 584 495 373 953 726 748 631 567 432 806 1026 142 696 487 139 292 340 622 439 1016 765 715 535 138 666 914 319 211 897 327 423 661 439
955 498 793 49 698 952 16 503 626 213 1182 1002 695 575 703 1098 0 168 896 283 1048 682 438 690 486 847 543 567 894 945 765 919 797 1136 871 921 735 949 209 1026 949 905 913 980 834 670 826 768 580 602 983 188 406 441 702 756 843 319 86 1013 844 908 1229 944 788 880 676 129 360 428 659 961 490 221 822 896 294 873 676 437 783
816 329 652 158 529 802 155 334 540 231 1062 864 625 530 535 970 168 0 745 152 885 513 269 522 445 686 418 477 728 863 616 813 701 998 705 792 576 903 69 907 781 742 828 841 665 527 716 599 423 484 903 19 251 408 534 706 683 165 163 873 676 848 1105 792 646 712 572 47 208 270 589 831 331 57 677 777 125 721 559 316 705
135 476 125 861 439 58 879 487 449 773 423 167 506 602 430 304 896 745 0 612 227 426 526 457 623 147 378 455 228 506 131 356 391 277 240 194 193 701 753 316 460 183 473 143 382 232 309 404 325 349 539 726 493 647 328 606 127 580 838 164 396 606 437 50 125 328 364 793 538 475 508 206 417 688 90 262 650 25 306 475 479
673 269 510 249 477 668 267 283 390 207 911 721 479 399 480 821 283 152 612 0 773 457 223 476 322 573 267 327 628 713 482 661 549 855 608 644 459 763 197 756 721 634 676 698 597 386 564 538 302 331 753 139 131 293 451 568 566 61 229 731 610 703 955 661 505 631 419 196 87 156 444 683 217 106 538 626 150 590 407 163 556
319 572 347 1020 447 213 1032 576 673 956 545 321 734 825 437 435 1048 885 227 773 0 445 631 464 838 200 577 672 172 718 327 566 616 349 198 398 314 919 877 490 338 144 688 309 326 429 532 382 470 561 746 865 643 858 372 833 207 729 1003 306 332 825 533 190 346 252 590 932 689 620 734 395 558 829 314 475 773 233 529 660 705
555 189 423 668 23 477 668 179 607 664 847 593 705 716 23 729 682 513 426 457 445 0 245 34 681 291 426 565 273 834 358 709 670 698 246 586 247 981 482 722 268 309 795 568 155 364 621 86 251 467 875 494 338 676 98 820 304 397 663 591 163 893 863 452 415 214 562 554 373 313 684 613 270 465 421 625 387 402 499 436 733
624 60 461 423 263 584 424 65 495 428 901 671 596 561 267 794 438 269 526 223 631 245 0 258 503 438 315 437 466 787 409 695 614 798 442 623 338 888 248 754 513 486 748 646 396 349 596 330 210 379 829 250 137 486 267 703 440 161 418 675 406 812 933 568 454 443 484 312 151 122 566 659 136 219 478 633 146 500 441 265 651
587 207 457 679 18 506 677 194 640 683 879 624 738 747 27 761 690 522 457 476 464 34 258 0 710 319 458 597 293 869 392 743 704 728 267 619 281 1015 487 756 259 332 830 600 157 399 656 88 284 501 910 504 361 704 131 853 334 415 676 622 163 927 894 481 449 224 596 562 393 336 717 646 298 476 455 659 397 433 534 464 767
616 524 498 436 704 664 473 543 193 275 765 657 222 89 703 709 486 445 623 322 838 681 503 710 0 659 274 168 744 474 511 486 355 782 733 553 558 464 507 617 910 728 447 642 784 412 415 742 441 277 508 440 367 45 631 270 643 366 399 673 800 423 821 672 497 789 276 473 356 386 189 589 412 418 533 499 472 610 319 246 314
283 381 209 819 300 189 832 387 513 757 570 313 589 658 291 450 847 686 147 573 200 291 438 319 659 0 389 500 94 634 160 489 498 409 97 335 114 817 681 463 320 68 598 290 234 247 424 258 270 385 670 666 443 675 199 698 22 528 802 308 248 722 579 163 203 184 436 733 489 420 582 352 358 629 186 395 576 128 370 464 580
414 308 261 503 450 429 527 328 185 396 644 461 287 293 447 555 543 418 378 267 577 426 315 458 274 389 0 138 471 475 252 400 302 595 458 378 284 576 451 489 638 458 436 440 514 149 301 478 176 68 517 403 197 286 363 399 375 261 475 473 530 497 687 429 257 515 170 464 224 198 261 417 184 366 293 358 366 360 141 106 336
450 439 329 521 588 495 552 460 63 381 625 493 159 159 586 556 567 477 455 327 672 565 437 597 168 500 138 0 588 386 346 353 229 620 579 392 405 452 524 472 770 568 351 476 647 252 267 615 314 114 426 465 305 197 500 266 482 345 487 508 664 381 677 503 329 643 117 516 317 315 129 429 316 433 364 346 457 442 151 179 229
360 406 303 870 275 256 879 408 604 822 637 384 682 747 266 518 894 728 228 628 172 273 466 293 744 94 471 588 0 727 254 579 592 461 26 421 186 911 714 543 232 48 691 363 170 335 518 215 331 473 761 708 496 756 202 792 116 579 855 376 180 817 640 227 298 103 530 774 541 472 675 434 410 673 279 485 611 214 463 536 675
399 771 430 897 855 505 931 790 323 744 354 408 252 391 849 362 945 863 506 713 718 834 787 869 474 634 475 386 727 0 491 151 173 472 732 319 601 210 909 261 955 686 40 413 855 472 215 851 605 408 42 852 671 519 744 241 612 725 862 426 871 125 416 530 437 818 304 902 693 673 287 325 652 819 448 244 836 514 348 557 162
216 365 65 730 376 186 749 379 354 643 501 261 428 502 369 389 765 616 131 482 327 358 409 392 511 160 252 346 254 491 0 355 343 389 252 230 112 663 627 366 469 226 453 236 364 103 276 362 201 233 529 597 364 531 261 538 140 450 707 266 380 570 527 180 57 332 276 664 408 347 421 260 291 559 69 268 525 109 210 345 422
248 669 291 873 728 353 904 688 300 734 278 260 276 419 721 243 919 813 356 661 566 709 695 743 486 489 400 353 579 151 355 0 131 342 587 167 467 356 850 140 809 537 123 263 715 356 99 717 497 332 182 799 594 528 614 324 466 661 840 278 730 264 336 378 298 673 243 857 624 591 301 176 558 763 304 94 766 366 259 498 197
319 598 289 750 691 406 782 617 172 606 410 347 148 288 686 364 797 701 391 549 616 670 614 704 355 498 302 229 592 173 343 131 0 453 594 239 446 320 743 266 812 557 134 341 704 305 86 693 434 235 215 688 499 397 582 221 475 557 716 365 721 227 467 426 294 675 132 742 523 500 171 266 478 654 315 166 666 392 175 389 89
181 750 346 1097 709 222 1120 763 589 986 201 134 600 732 700 113 1136 998 277 855 349 698 798 728 782 409 595 620 461 472 389 342 453 0 481 229 470 681 1014 210 677 412 457 156 630 470 373 665 590 543 485 980 748 817 603 665 394 832 1070 124 641 596 184 246 352 563 506 1045 790 733 618 192 679 941 322 288 913 302 476 701 534
374 382 305 848 249 273 856 383 598 803 655 400 679 739 240 536 871 705 240 608 198 246 442 267 733 97 458 579 26 732 252 587 594 481 0 431 174 914 690 556 222 69 696 379 148 327 522 190 313 465 768 685 476 744 176 790 120 557 834 393 160 819 659 243 299 88 526 751 521 451 670 446 390 650 284 493 587 224 458 520 675
82 586 167 880 603 185 905 601 360 761 278 108 381 506 595 177 921 792 194 644 398 586 623 619 553 335 378 392 421 319 230 167 239 229 431 0 338 522 816 136 653 377 290 102 568 275 154 580 413 320 349 775 549 588 488 460 313 629 851 126 583 428 313 211 174 519 277 839 587 539 394 39 492 737 164 78 721 207 249 484 327
312 285 177 706 264 250 719 295 428 643 603 353 513 565 257 487 735 576 193 459 314 247 338 281 558 114 284 405 186 601 112 467 446 470 174 338 0 766 575 475 372 179 562 328 258 156 385 250 156 291 640 556 330 570 149 627 108 416 688 354 275 673 624 231 169 239 361 623 375 307 501 366 245 518 174 380 470 167 293 352 520
604 885 608 900 1003 706 937 905 393 736 547 616 292 375 998 571 949 903 701 763 919 981 888 1015 464 817 576 452 911 210 663 356 320 681 914 522 766 0 959 471 1133 874 233 619 1024 620 393 1011 735 520 198 895 758 507 898 196 795 792 862 634 1041 95 609 730 614 995 419 934 768 766 323 533 761 868 632 445 904 705 481 631 248
834 308 668 212 496 811 198 309 588 301 1090 882 677 590 502 993 209 69 753 197 877 482 248 487 507 681 451 524 714 909 627 850 743 1014 690 816 575 959 0 937 747 732 873 858 637 545 752 568 428 518 950 67 267 472 515 763 681 189 224 889 645 901 1130 799 662 688 612 82 229 280 642 855 336 91 691 808 104 728 592 354 754
183 719 303 983 738 291 1011 736 426 852 155 169 414 555 731 103 1026 907 316 756 490 722 754 756 617 463 489 472 543 261 366 140 266 210 556 136 475 471 937 0 775 496 247 183 698 405 205 714 546 425 276 892 672 657 624 464 442 747 952 184 712 386 205 320 311 644 355 953 707 664 438 110 621 854 300 130 845 334 350 593 337
592 457 526 936 251 486 936 448 798 927 863 614 886 930 246 745 949 781 460 721 338 268 513 259 910 320 638 770 232 955 469 809 812 677 222 653 372 1133 747 775 0 278 918 594 126 528 743 183 469 659 990 762 596 913 281 1000 343 662 931 604 112 1039 860 457 520 137 733 821 635 570 873 667 519 733 506 716 655 446 666 676 891
313 427 269 879 314 208 890 431 580 822 589 336 654 726 305 470 905 742 183 634 144 309 486 332 728 68 458 568 48 686 226 537 557 412 69 377 179 874 732 496 278 0 651 316 217 316 480 258 332 454 720 722 503 744 229 762 86 588 863 327 228 779 591 179 264 151 502 788 549 479 648 388 417 685 242 443 628 171 437 531 642
371 731 393 865 816 474 899 750 289 714 355 384 224 366 810 350 913 828 473 676 688 795 748 830 447 598 436 351 691 40 453 123 134 457 696 290 562 233 873 247 918 651 0 386 817 432 176 813 565 369 81 815 633 492 704 230 576 688 830 402 833 141 417 499 399 781 265 867 655 634 258 300 612 782 412 213 798 480 308 520 133
26 601 189 941 582 107 964 614 452 833 280 25 481 601 573 161 980 841 143 698 309 568 646 600 642 290 440 476 363 413 236 263 341 156 379 102 328 619 858 183 594 316 386 0 524 313 255 547 437 391 438 823 591 674 470 562 271 675 915 32 537 527 296 137 195 466 366 888 633 577 492 87 524 784 168 179 758 166 327 545 429
517 337 425 819 144 420 820 331 678 803 802 547 769 806 136 683 834 665 382 597 326 155 396 157 784 234 514 647 170 855 364 715 704 630 148 568 258 1024 637 698 126 217 817 524 0 410 640 69 342 538 893 646 471 787 154 883 256 540 811 540 16 932 808 391 418 74 617 707 510 445 754 587 392 615 411 623 541 363 550 549 779
289 316 124 633 385 285 654 333 271 540 553 337 358 412 380 449 670 527 232 386 429 364 349 399 412 247 149 252 335 472 103 356 305 470 327 275 156 620 545 405 528 316 432 313 410 0 262 391 142 138 513 509 278 430 278 472 231 362 609 345 427 530 588 282 118 395 206 575 319 265 345 312 217 471 152 285 447 212 139 243 372
233 572 217 782 641 321 811 590 222 648 358 262 228 359 635 294 826 716 309 564 532 621 596 656 415 424 301 267 518 215 276 99 86 373 522 154 385 393 752 205 743 480 176 255 640 262 0 636 401 233 254 702 495 453 529 308 402 562 750 280 656 298 410 342 223 605 151 760 525 491 244 183 459 665 238 85 666 312 160 400 175
538 273 426 753 74 448 754 265 651 744 827 571 745 771 66 708 768 599 404 538 382 86 330 88 742 258 478 615 215 851 362 717 693 665 190 580 250 1011 568 714 183 258 813 547 69 391 636 0 302 510 890 580 414 742 115 860 276 479 747 566 77 920 838 420 419 137 596 640 452 388 727 603 340 550 417 628 474 382 531 502 764
415 174 251 550 274 383 564 191 356 490 691 462 454 468 271 584 580 423 325 302 470 251 210 284 441 270 176 314 331 605 201 497 434 590 313 413 156 735 428 546 469 332 565 437 342 142 401 302 0 217 647 403 174 444 189 569 264 260 532 467 358 650 723 371 244 353 316 470 219 152 433 449 91 365 269 428 325 300 258 209 489
365 367 225 560 490 394 586 387 141 442 580 411 237 274 487 495 602 484 349 331 561 467 379 501 277 385 68 114 473 408 233 332 235 543 465 320 291 520 518 425 659 454 369 391 538 138 233 510 217 0 451 469 265 298 394 352 368 329 530 424 554 437 626 398 223 530 105 528 292 264 217 360 245 432 259 294 434 334 75 168 275
427 813 467 934 895 534 969 832 363 780 351 432 288 423 889 373 983 903 539 753 746 875 829 910 508 670 517 426 761 42 529 182 215 485 768 349 640 198 950 276 990 720 81 438 893 513 254 890 647 451 0 892 713 553 783 264 647 767 899 449 908 127 413 560 474 854 346 942 734 715 323 351 694 859 484 276 877 548 390 599 200
799 309 634 175 510 784 174 315 528 237 1046 847 615 524 516 953 188 19 726 139 865 494 250 504 440 666 403 465 708 852 597 799 688 980 685 775 556 895 67 892 762 722 815 823 646 509 702 580 403 469 892 0 233 404 514 699 664 147 178 855 656 838 1088 773 628 692 559 67 190 251 580 815 311 38 659 762 107 702 543 301 694
568 160 402 376 360 551 390 178 366 332 825 615 465 424 362 726 406 251 493 131 643 338 137 361 367 443 197 305 496 671 364 594 499 748 476 549 330 758 267 672 596 503 633 591 471 278 495 414 174 265 713 233 0 352 321 570 438 87 359 623 484 685 863 541 396 501 367 299 45 26 434 588 86 194 426 544 172 470 335 129 527
648 512 523 392 699 691 429 531 231 230 806 690 267 134 699 748 441 408 647 293 858 676 486 704 45 675 286 197 756 519 531 528 397 817 744 588 570 507 472 657 913 744 492 674 787 430 453 742 444 298 553 404 352 0 633 315 660 341 355 705 802 469 861 696 522 796 311 434 337 373 234 624 406 385 557 537 443 633 348 240 359
456 207 326 682 115 380 687 206 535 654 748 495 630 656 107 631 702 534 328 451 372 98 267 131 631 199 363 500 202 744 261 614 582 603 176 488 149 898 515 624 281 229 704 470 154 278 529 115 189 394 783 514 321 633 0 745 210 395 671 493 169 808 765 356 318 180 482 578 363 295 612 515 240 480 323 529 413 304 417 394 650
541 706 494 707 843 626 744 726 214 545 585 568 115 181 839 567 756 706 606 568 833 820 703 853 270 698 399 266 792 241 538 324 221 665 790 460 627 196 763 464 1000 762 230 562 883 472 308 860 569 352 264 699 570 315 745 0 677 599 670 586 900 157 646 645 498 865 266 738 577 581 138 484 582 672 524 385 711 604 333 441 133
262 384 186 814 315 172 828 392 493 748 551 294 568 640 306 432 843 683 127 566 207 304 440 334 643 22 375 482 116 612 140 466 475 394 120 313 108 795 681 442 343 86 576 271 256 231 402 276 264 368 647 664 438 660 210 677 0 524 796 290 270 700 562 147 181 207 416 731 484 415 562 331 353 626 163 373 576 107 350 453 559
651 208 486 291 417 637 303 222 408 267 901 699 503 437 421 806 319 165 580 61 729 397 161 415 366 528 261 345 579 725 450 661 557 832 557 629 416 792 189 747 662 588 688 675 540 362 562 479 260 329 767 147 87 341 395 599 524 0 277 707 552 726 942 628 480 576 425 213 42 108 469 668 170 109 511 618 112 556 402 168 573
889 474 731 37 681 893 75 483 544 126 1107 936 611 489 685 1026 86 163 838 229 1003 663 418 676 399 802 475 487 855 862 707 840 716 1070 834 851 688 862 224 952 931 863 830 915 811 609 750 747 532 530 899 178 359 355 671 670 796 277 0 947 823 822 1155 888 726 851 599 144 314 383 575 890 445 199 761 822 283 816 604 369 699
58 630 221 974 604 120 997 643 482 866 262 18 507 630 595 142 1013 873 164 731 306 591 675 622 673 308 473 508 376 426 266 278 365 124 393 126 354 634 889 184 604 327 402 32 540 345 280 566 467 424 449 855 623 705 493 586 290 707 947 0 553 543 272 149 227 479 396 921 665 609 520 103 555 816 198 201 789 189 359 578 453
531 348 441 829 151 433 831 341 695 816 815 560 785 822 143 696 844 676 396 610 332 163 406 163 800 248 530 664 180 871 380 730 721 641 160 583 275 1041 645 712 112 228 833 537 16 427 656 77 358 554 908 656 484 802 169 900 270 552 823 553 0 948 819 404 434 81 634 717 523 458 770 601 407 626 426 639 550 377 567 564 796
511 804 514 859 915 611 895 825 319 699 477 525 224 334 910 487 908 848 606 703 825 893 812 927 423 722 497 381 817 125 570 264 227 596 819 428 673 95 901 386 1039 779 141 527 932 530 298 920 650 437 127 838 685 469 808 157 700 726 822 543 948 0 539 635 519 902 334 882 699 692 258 441 681 809 537 350 839 610 393 561 162
312 892 471 1186 876 390 1213 906 631 1057 62 270 612 755 868 139 1229 1105 437 955 533 863 933 894 821 579 687 677 640 416 527 336 467 184 659 313 624 609 1130 205 860 591 417 296 808 588 410 838 723 626 413 1088 863 861 765 646 562 942 1155 272 819 539 0 417 479 743 560 1151 901 852 638 275 805 1050 458 333 1035 461 552 793 529
138 516 173 910 463 29 928 526 495 823 411 157 548 648 454 292 944 792 50 661 190 452 568 481 672 163 429 503 227 530 180 378 426 246 243 211 231 730 799 320 457 179 499 137 391 282 342 420 371 398 560 773 541 696 356 645 147 628 888 149 404 635 417 0 174 330 409 840 586 522 551 215 463 735 139 286 695 71 353 525 515
172 413 7 751 433 171 772 428 327 654 450 220 392 479 426 340 788 646 125 505 346 415 454 449 497 203 257 329 298 437 57 298 294 352 299 174 169 614 662 311 520 264 399 195 418 118 223 419 244 223 474 628 396 522 318 498 181 480 726 227 434 519 479 174 0 382 244 693 438 381 389 207 329 589 36 210 562 113 182 358 377
462 382 388 861 209 359 866 379 667 833 741 487 752 802 200 622 880 712 328 631 252 214 443 224 789 184 515 643 103 818 332 673 675 563 88 519 239 995 688 644 137 151 781 466 74 395 605 137 353 530 854 692 501 796 180 865 207 576 851 479 81 902 743 330 382 0 599 755 543 475 741 535 417 659 369 580 589 312 532 563 754
340 472 242 631 584 398 661 492 86 497 509 381 153 239 580 439 676 572 364 419 590 562 484 596 276 436 170 117 530 304 276 243 132 506 526 277 361 419 612 355 733 502 265 366 617 206 151 596 316 105 346 559 367 311 482 266 416 425 599 396 634 334 560 409 244 599 0 614 390 368 145 313 350 523 275 229 534 356 67 258 172
864 372 699 129 569 850 117 377 579 237 1108 912 661 560 575 1016 129 47 793 196 932 554 312 562 473 733 464 516 774 902 664 857 742 1045 751 839 623 934 82 953 821 788 867 888 707 575 760 640 470 528 942 67 299 434 578 738 731 213 144 921 717 882 1151 840 693 755 614 0 256 318 625 878 379 105 725 822 166 769 603 360 743
609 188 443 330 394 595 344 204 379 292 861 657 477 421 396 765 360 208 538 87 689 373 151 393 356 489 224 317 541 693 408 624 523 790 521 587 375 768 229 707 635 549 655 633 510 319 525 452 219 292 734 190 45 337 363 577 484 42 314 665 523 699 901 586 438 543 390 256 0 69 444 626 131 151 469 578 143 514 364 137 544
554 138 387 399 335 533 412 157 373 358 815 601 474 440 336 715 428 270 475 156 620 313 122 336 386 420 198 315 472 673 347 591 500 733 451 539 307 766 280 664 570 479 634 577 445 265 491 388 152 264 715 251 26 373 295 581 415 108 383 609 458 692 852 522 381 475 368 318 69 0 444 577 62 213 411 537 182 451 332 143 532
468 567 387 611 707 537 646 588 77 457 580 503 35 117 704 535 659 589 508 444 734 684 566 717 189 582 261 129 675 287 421 301 171 618 670 394 501 323 642 438 873 648 258 492 754 345 244 727 433 217 323 580 434 234 612 138 562 469 575 520 770 258 638 551 389 741 145 625 444 444 0 426 444 550 420 329 582 501 211 307 125
77 620 200 919 629 186 945 636 396 800 242 84 411 540 621 138 961 831 206 683 395 613 659 646 589 352 417 429 434 325 260 176 266 192 446 39 366 533 855 110 667 388 300 87 587 312 183 603 449 360 351 815 588 624 515 484 331 668 890 103 601 441 275 215 207 535 313 878 626 577 426 0 530 776 192 99 759 224 288 524 351
501 124 335 462 293 474 474 144 369 415 770 549 471 456 294 666 490 331 417 217 558 270 136 298 412 358 184 316 410 652 291 558 478 679 390 492 245 761 336 621 519 417 612 524 392 217 459 340 91 245 694 311 86 406 240 582 353 170 445 555 407 681 805 463 329 417 350 379 131 62 444 530 0 273 356 498 234 392 304 166 520
760 278 595 203 482 745 206 285 496 238 1008 808 585 499 487 914 221 57 688 106 829 465 219 476 418 629 366 433 673 819 559 763 654 941 650 737 518 868 91 854 733 685 782 784 615 471 665 550 365 432 859 38 194 385 480 672 626 109 199 816 626 809 1050 735 589 659 523 105 151 213 550 776 273 0 620 724 85 664 507 265 662
146 434 34 785 438 135 806 448 360 689 432 193 420 512 430 319 822 677 90 538 314 421 478 455 533 186 293 364 279 448 69 304 315 322 284 164 174 632 691 300 506 242 412 168 411 152 238 417 269 259 484 659 426 557 323 524 163 511 761 198 426 537 458 139 36 369 275 725 469 411 420 192 356 620 0 212 591 81 216 393 400
161 602 202 853 643 261 880 619 305 724 285 182 312 444 636 211 896 777 262 626 475 625 633 659 499 395 358 346 485 244 268 94 166 288 493 78 380 445 808 130 716 443 213 179 623 285 85 628 428 294 276 762 544 537 529 385 373 618 822 201 639 350 333 286 210 580 229 822 578 537 329 99 498 724 212 0 717 271 219 463 252
735 206 569 283 403 708 280 210 520 321 997 782 615 546 409 897 294 125 650 150 773 387 146 397 472 576 366 457 611 836 525 766 666 913 587 721 470 904 104 845 655 628 798 758 541 447 666 474 325 434 877 107 172 443 413 711 576 112 283 789 550 839 1035 695 562 589 534 166 143 182 582 759 234 85 591 717 0 625 506 279 685
155 450 114 839 415 83 857 461 440 753 446 191 501 592 407 327 873 721 25 590 233 402 500 433 610 128 360 442 214 514 109 366 392 302 224 207 167 705 728 334 446 171 480 166 363 212 312 382 300 334 548 702 470 633 304 604 107 556 816 189 377 610 461 71 113 312 356 769 514 451 501 224 392 664 81 271 625 0 296 455 479
301 422 181 634 521 345 661 442 144 511 505 345 220 296 517 423 676 559 306 407 529 499 441 534 319 370 141 151 463 348 210 259 175 476 458 249 293 481 592 350 666 437 308 327 550 139 160 531 258 75 390 543 335 348 417 333 350 402 604 359 567 393 552 353 182 532 67 603 364 332 211 288 304 507 216 219 506 296 0 243 233
519 279 362 396 459 528 421 299 241 298 749 567 339 296 459 661 437 316 475 163 660 436 265 464 246 464 106 179 536 557 345 498 389 701 520 484 352 631 354 593 676 531 520 545 549 243 400 502 209 168 599 301 129 240 394 441 453 168 369 578 564 561 793 525 358 563 258 360 137 143 307 524 166 265 393 463 279 455 243 0 406
408 643 373 735 755 496 769 663 166 582 469 434 91 234 750 439 783 705 479 556 705 733 651 767 314 580 336 229 675 162 422 197 89 534 675 327 520 248 754 337 891 642 133 429 779 372 175 764 489 275 200 694 527 359 650 133 559 573 699 453 796 162 529 515 377 754 172 743 544 532 125 351 520 662 400 252 685 479 233 406 0
