128
0 35 541 237 908 1020 536 648 808 1001 550 175 855 727 155 317 505 490 461 472 591 221 993 342 293 580 298 331 643 1184 334 1106 567 721 707 308 856 815 613 997 1055 40 465 746 802 143 954 771 627 1149 838 676 743 340 468 614 385 878 731 888 882 66 895 441 958 169 338 692 954 429 617 681 941 577 129 906 531 588 550 901 270 1133 308 614 914 899 853 407 647 975 831 665 264 919 717 166 651 69 866 845 150 757 606 706 868 420 491 271 766 467 150 762 761 67 410 304 726 151 714 150 869 519 700 401 821 663 119 521
35 0 542 201 876 989 511 613 776 970 552 140 832 691 159 319 476 463 456 439 592 188 970 326 274 576 265 321 629 1155 339 1078 531 686 687 291 833 791 581 970 1025 72 450 715 794 110 931 743 599 1120 804 665 720 306 440 584 355 852 719 868 860 70 860 411 937 171 332 659 934 394 589 665 913 569 103 871 503 583 542 870 257 1106 274 596 880 864 837 376 616 941 795 631 247 890 711 146 625 41 835 810 132 721 577 671 835 386 466 258 743 434 123 728 732 32 375 270 691 161 711 139 851 484 669 398 786 644 129 498
541 542 0 572 835 925 420 785 746 895 19 546 567 935 385 224 509 444 124 598 49 506 688 298 347 87 693 251 277 987 210 888 811 861 417 319 560 562 655 772 882 522 244 668 299 510 640 618 542 945 868 247 497 719 450 586 478 650 302 552 574 607 975 485 625 371 221 681 607 656 518 329 750 152 475 1073 480 111 143 807 318 889 548 328 1155 1071 448 504 609 992 948 716 343 769 222 677 502 513 784 1090 427 906 551 817 841 776 422 321 508 813 640 779 613 536 745 682 816 690 184 681 495 670 628 154 1056 367 424 371
237 201 572 0 691 803 383 411 594 787 587 62 706 494 271 380 313 324 458 247 618 66 838 285 228 576 120 321 563 985 411 916 334 484 580 256 709 657 392 814 854 271 396 540 764 105 805 585 440 952 606 616 593 149 297 411 200 705 661 755 738 241 659 254 816 273 353 475 819 192 436 585 751 544 145 671 354 574 520 689 255 949 87 508 691 665 754 210 441 742 594 437 229 720 685 195 481 174 653 621 181 520 412 470 644 218 335 251 617 263 154 535 574 169 196 110 491 312 708 235 754 285 497 418 594 548 273 388
908 876 835 691 0 112 436 348 101 98 853 743 370 447 852 826 410 448 736 443 844 688 391 657 667 762 719 718 579 320 853 289 498 338 443 673 382 331 299 255 200 931 612 175 752 765 402 221 310 299 166 641 362 696 461 298 526 267 624 444 398 929 264 472 436 842 754 216 461 524 330 539 192 690 782 431 401 741 692 37 720 342 606 510 582 436 564 501 266 193 310 263 704 127 734 880 334 838 50 556 781 353 317 300 76 661 459 715 364 646 844 173 224 844 635 700 268 1003 811 924 509 422 221 764 525 482 883 480
1020 989 925 803 112 0 539 449 212 32 943 855 417 528 962 930 520 555 832 556 930 800 400 763 776 848 829 823 660 232 956 233 598 427 519 781 429 389 411 248 142 1044 710 282 814 878 423 306 415 222 246 717 436 805 571 409 638 310 692 483 437 1042 311 583 457 951 858 329 485 634 434 615 210 776 894 477 509 826 781 123 828 289 719 597 632 484 613 613 376 203 376 373 813 163 806 992 430 951 156 616 892 433 425 396 169 767 566 823 432 749 956 278 312 956 742 810 364 1116 885 1036 554 532 329 864 590 563 993 581
536 511 420 383 436 539 0 382 338 513 439 408 325 541 441 390 114 62 308 235 441 343 460 227 252 364 473 284 236 663 417 577 450 453 201 250 328 280 240 464 537 548 180 261 457 409 424 247 127 624 448 306 211 476 88 166 184 342 328 372 356 577 555 139 434 428 318 261 436 332 106 234 414 297 408 661 67 348 289 416 299 600 304 157 759 659 384 184 189 575 531 299 288 405 399 572 119 469 386 699 389 497 131 404 429 496 47 294 235 515 528 358 238 482 460 455 399 664 457 604 375 295 216 329 663 180 478 49
648 613 785 411 348 449 382 0 282 444 804 473 566 160 644 683 277 343 663 200 814 435 655 515 494 742 400 580 614 669 715 629 150 79 532 514 575 509 150 563 545 680 542 283 832 509 643 379 303 646 212 685 485 369 334 237 329 503 698 640 602 651 247 303 670 639 622 195 686 220 322 600 490 678 539 291 315 727 666 365 549 677 344 533 376 287 713 298 237 339 185 115 524 434 781 577 373 583 332 317 556 123 274 60 279 320 366 543 503 300 547 176 370 580 299 383 87 710 840 623 679 134 272 662 281 538 662 429
808 776 746 594 101 212 338 282 0 193 764 644 333 408 750 726 308 347 643 347 758 588 390 556 566 677 628 618 501 399 754 349 429 294 372 572 345 284 204 282 270 831 517 78 688 665 388 153 211 371 160 566 297 608 360 196 425 244 555 411 366 830 279 371 420 740 655 119 441 434 233 465 209 604 681 434 300 656 605 95 619 395 508 427 575 437 516 400 164 251 300 179 602 151 662 785 244 738 59 537 679 320 216 246 98 580 359 613 304 570 747 112 152 744 551 609 217 906 736 828 467 333 122 668 504 404 781 384
1001 970 895 787 98 32 513 444 193 0 913 838 385 531 939 904 499 531 803 540 900 782 370 738 752 818 817 797 629 227 929 215 594 427 488 757 397 357 396 220 122 1024 683 259 782 859 392 277 390 211 248 686 405 794 548 388 617 278 660 451 406 1024 324 562 426 928 831 312 454 622 408 584 179 746 874 491 485 796 751 100 804 271 702 567 646 498 581 594 355 223 384 361 789 131 774 978 402 931 135 627 871 437 402 393 165 759 541 799 401 743 940 270 283 938 733 798 361 1100 854 1020 522 520 306 837 599 532 971 554
550 552 19 587 853 943 439 804 764 913 0 560 582 954 394 233 528 463 142 617 44 521 702 315 363 101 708 267 293 1003 217 904 829 880 434 336 575 578 674 788 899 530 263 687 303 523 654 636 561 961 887 260 514 735 469 606 496 666 314 565 588 616 994 504 639 381 235 700 620 674 537 345 767 169 487 1092 499 125 161 826 333 904 565 345 1174 1090 459 522 628 1011 967 736 358 787 229 688 521 524 803 1109 440 925 571 836 860 792 441 336 525 830 652 798 631 547 762 697 835 699 184 692 508 689 647 169 1075 384 432 390
175 140 546 62 743 855 408 473 644 838 560 0 733 556 217 342 353 353 438 301 593 64 868 273 215 559 158 297 567 1031 371 958 397 546 599 241 736 687 445 854 900 208 393 587 758 46 833 625 479 997 664 615 620 195 327 456 233 740 663 778 764 186 720 290 842 221 324 526 842 254 472 594 793 534 89 734 388 559 509 739 228 989 137 519 751 727 766 250 487 801 656 493 206 765 677 164 514 112 703 682 132 582 454 530 699 270 361 226 644 317 120 591 614 107 252 155 551 264 693 196 770 344 543 392 655 563 214 406
855 832 567 706 370 417 325 566 333 385 582 733 0 717 742 649 402 381 508 514 559 668 138 522 563 481 787 561 290 422 666 322 688 604 159 553 12 56 427 209 331 863 418 290 400 733 99 190 289 381 494 328 113 783 408 347 505 107 289 77 36 899 611 453 112 728 582 371 122 619 282 237 209 415 729 767 355 457 430 333 598 322 624 263 903 769 196 499 334 563 631 450 596 256 404 896 229 790 331 860 705 639 323 551 420 787 372 595 89 795 853 434 197 805 752 768 529 988 485 929 139 546 293 559 825 212 783 333
727 691 935 494 447 528 541 160 408 531 954 556 717 0 752 814 432 498 811 337 966 534 795 653 624 896 443 717 775 759 846 737 160 114 692 647 727 661 310 688 646 763 694 427 993 598 788 527 463 743 283 845 642 403 487 398 464 645 859 793 753 715 241 449 817 749 758 345 835 312 483 761 616 834 635 180 474 882 821 473 677 788 446 693 220 173 871 435 396 363 162 269 650 554 941 623 533 668 446 157 661 94 434 165 371 332 522 671 659 293 603 295 520 661 327 431 191 759 998 670 835 265 425 804 122 699 763 586
155 159 385 271 852 962 441 644 750 939 394 217 742 752 0 161 442 409 309 448 435 219 881 220 189 426 375 189 506 1103 180 1018 597 722 587 191 742 709 575 904 977 140 333 680 650 171 839 687 551 1065 809 531 635 413 391 554 332 780 588 767 766 221 885 381 840 15 187 642 833 440 536 548 855 429 128 924 454 435 401 839 144 1039 306 488 958 919 718 361 586 948 830 633 152 843 566 302 560 138 806 888 91 763 537 697 824 488 403 148 657 534 271 725 677 160 468 373 711 305 559 299 740 510 633 248 859 539 43 415
317 319 224 380 826 930 390 683 726 904 233 342 649 814 161 0 434 381 162 482 274 316 785 173 189 271 497 108 383 1041 32 949 670 762 489 169 646 625 582 832 921 298 233 650 498 300 740 634 516 1001 815 393 551 530 374 537 354 705 452 660 668 382 906 385 735 147 72 633 724 508 496 431 792 285 261 973 427 282 258 806 137 963 381 386 1029 969 591 384 567 950 863 644 164 793 414 457 504 291 776 961 213 806 511 727 811 596 367 143 570 639 422 726 625 314 570 490 734 466 400 458 622 552 604 99 929 437 200 351
505 476 509 313 410 520 114 277 308 499 528 353 402 432 442 434 0 65 389 122 537 291 529 260 260 464 385 326 351 679 464 605 335 352 304 270 408 350 149 501 549 525 265 241 572 366 499 272 126 644 381 420 293 381 61 111 121 392 442 461 437 535 475 64 515 432 365 202 521 224 123 348 439 401 377 563 51 450 389 399 315 636 227 272 652 561 491 103 144 516 440 212 296 414 512 509 173 436 364 590 372 397 101 307 383 390 89 309 317 406 467 292 261 444 355 366 308 617 567 546 475 180 194 395 554 291 473 155
490 463 444 324 448 555 62 343 347 531 463 353 381 498 409 381 65 0 325 178 471 289 515 210 221 398 412 273 291 697 410 616 396 417 263 225 385 334 211 506 569 506 200 273 511 358 480 281 142 660 437 359 268 414 26 155 124 388 385 432 414 527 536 77 492 397 311 252 495 271 127 293 451 336 361 628 46 384 323 432 273 642 243 215 717 626 446 122 185 569 504 273 258 434 449 515 161 422 400 655 348 462 130 372 430 434 23 267 292 454 472 347 271 434 398 393 372 613 502 549 437 243 226 335 620 241 443 92
461 456 124 458 736 832 308 663 643 803 142 438 508 811 309 162 389 325 0 474 163 392 640 176 229 122 578 141 227 917 167 821 686 740 349 202 504 492 537 703 804 450 127 565 341 406 593 526 434 876 756 231 421 602 329 473 354 577 290 510 522 524 860 361 585 294 123 569 571 532 411 278 672 122 375 952 363 126 96 711 210 828 427 248 1032 950 431 380 498 884 829 599 231 683 256 580 402 421 685 966 330 785 439 697 736 656 304 212 437 692 540 666 520 444 624 566 697 612 257 591 466 546 522 63 932 296 352 260
472 439 598 247 443 556 235 200 347 540 617 301 514 337 448 482 122 178 474 0 632 251 633 317 293 565 288 381 469 743 515 679 219 280 426 313 520 459 144 585 611 500 361 300 690 329 608 361 226 711 366 537 409 275 160 178 128 488 563 577 550 487 436 114 626 442 423 228 635 105 231 469 518 507 353 490 174 553 492 443 348 717 164 393 557 486 614 98 204 505 384 192 323 480 627 438 286 403 407 491 363 323 192 249 397 273 202 342 432 284 400 289 349 406 238 268 262 560 676 480 595 72 260 467 457 414 469 271
591 592 49 618 844 930 441 814 758 900 44 593 559 966 435 274 537 471 163 632 0 552 674 339 391 82 738 297 273 981 259 881 847 889 416 363 551 559 680 766 880 572 272 681 261 558 626 625 559 939 887 232 497 763 480 608 515 647 282 537 562 657 996 517 609 421 269 700 589 694 536 323 749 154 523 1100 504 104 154 816 365 879 590 334 1187 1098 425 539 629 1007 973 740 389 772 189 726 514 562 794 1123 476 934 572 843 855 819 448 367 507 855 688 798 621 585 787 727 840 740 140 731 476 703 644 201 1088 368 474 392
221 188 506 66 688 800 343 435 588 782 521 64 668 534 219 316 291 289 392 251 552 0 804 221 164 511 186 255 507 971 347 897 378 511 535 191 671 623 392 791 840 248 336 528 703 77 768 563 417 936 618 557 555 214 263 397 171 677 604 713 699 244 681 228 777 218 287 471 778 223 409 533 731 481 103 708 324 510 457 682 189 927 91 457 738 702 703 189 429 756 620 444 163 705 623 228 450 152 647 669 127 550 392 491 647 280 296 185 579 324 185 541 551 156 255 176 509 326 644 260 707 303 483 352 640 499 229 342
993 970 688 838 391 400 460 655 390 370 702 868 138 795 881 785 529 515 640 633 674 804 0 661 701 600 914 699 415 331 801 232 789 681 296 692 139 181 529 152 278 1002 555 372 479 869 47 280 408 291 543 442 250 907 541 459 638 152 393 136 117 1037 653 584 70 867 719 461 98 738 406 363 199 539 867 817 484 577 556 354 737 212 754 399 964 822 264 629 440 580 688 540 735 264 503 1031 356 928 366 928 844 710 441 631 457 904 507 734 226 908 987 501 290 942 871 894 604 1125 582 1064 204 657 390 694 894 348 922 472
342 326 298 285 657 763 227 515 556 738 315 273 522 653 220 173 260 210 176 317 339 221 661 0 58 291 403 65 303 889 203 802 519 594 369 34 522 488 409 687 765 344 125 482 484 250 619 475 348 850 642 344 415 426 200 365 189 561 395 549 547 396 734 214 621 206 106 460 615 361 329 339 640 261 229 806 256 289 236 640 76 820 250 272 872 803 511 219 395 777 692 471 78 633 404 428 345 286 608 805 193 639 340 557 640 479 197 72 436 516 386 553 465 305 448 391 563 487 423 447 527 389 435 152 772 322 261 196
293 274 347 228 667 776 252 494 566 752 363 215 563 624 189 189 260 221 229 293 391 164 701 58 0 347 348 98 358 914 222 830 483 574 413 27 563 525 402 717 788 300 180 494 542 193 661 498 363 876 637 401 452 372 205 370 166 593 451 595 589 344 722 204 665 176 137 462 661 322 347 391 666 319 174 784 267 346 293 653 56 852 202 321 841 780 564 196 402 774 676 463 37 654 462 371 371 233 620 773 143 617 350 540 643 429 214 50 475 467 328 550 488 251 399 336 549 435 480 391 576 363 446 195 741 369 225 230
580 576 87 576 762 848 364 742 677 818 101 559 481 896 426 271 464 398 122 565 82 511 600 291 347 0 695 262 193 902 266 803 782 815 335 320 474 479 604 687 800 567 204 600 228 528 552 543 480 861 807 159 416 717 409 530 453 567 215 464 486 644 918 450 538 411 244 621 519 634 456 244 669 72 497 1025 429 23 75 734 332 802 539 252 1116 1023 361 476 550 926 896 664 352 690 146 702 433 543 712 1053 452 860 493 768 774 768 375 333 426 801 662 719 538 565 735 683 764 731 135 712 407 635 563 178 1018 287 468 316
298 265 693 120 719 829 473 400 628 817 708 158 787 443 375 497 385 412 578 288 738 186 914 403 348 695 0 441 672 1027 527 967 285 460 675 375 792 736 424 873 897 337 511 587 878 204 885 647 507 997 609 728 677 41 385 465 290 773 770 843 822 275 641 336 900 379 473 510 905 195 508 690 806 661 247 623 432 693 637 723 375 1005 171 611 618 616 854 290 492 739 568 456 350 767 801 181 558 254 687 549 290 489 475 460 662 121 427 371 701 169 161 551 636 239 116 19 486 316 827 227 849 296 549 538 526 647 368 487
331 321 251 321 718 823 284 580 618 797 267 297 561 717 189 108 326 273 141 381 297 255 699 65 98 262 441 0 316 941 138 851 579 659 403 72 559 532 474 735 819 325 145 543 473 265 655 530 408 902 707 345 458 467 265 429 253 609 400 580 583 391 799 280 654 174 41 525 646 419 389 359 692 248 235 871 319 265 221 699 69 867 301 302 935 867 528 283 459 842 758 537 91 689 390 440 400 284 669 867 192 704 403 622 703 526 259 71 478 565 400 618 521 306 497 430 628 481 397 453 551 453 496 98 834 353 233 247
643 629 277 563 579 660 236 614 501 629 293 567 290 775 506 383 351 291 227 469 273 507 415 303 358 193 672 316 0 709 393 611 686 680 142 338 283 285 467 494 606 641 178 427 221 550 368 358 323 668 643 70 224 684 311 382 389 373 97 283 299 699 758 362 358 491 324 464 344 560 300 52 476 125 532 882 303 170 140 548 373 612 501 81 990 882 211 402 395 752 748 520 381 500 167 728 263 589 529 932 496 723 345 629 599 716 268 371 233 741 685 558 355 609 681 656 619 790 236 750 239 531 396 285 896 97 549 199
1184 1155 987 985 320 232 663 669 399 227 1003 1031 422 759 1103 1041 679 697 917 743 981 971 331 889 914 902 1027 941 709 0 1063 100 819 655 570 914 430 425 603 214 131 1202 809 444 807 1046 373 416 557 41 476 751 495 1008 718 574 801 339 710 459 424 1215 542 743 401 1091 970 517 429 833 569 658 249 834 1055 705 654 879 847 306 962 125 898 668 860 712 592 781 543 427 608 577 951 265 823 1179 544 1115 341 848 1045 664 578 620 392 978 700 957 480 965 1140 493 426 1124 950 1008 588 1295 904 1220 531 733 488 961 821 622 1139 694
334 339 210 411 853 956 417 715 754 929 217 371 666 846 180 32 464 410 167 515 259 347 801 203 222 266 527 138 393 1063 0 970 703 795 506 201 663 644 612 853 944 313 253 678 494 328 755 658 543 1022 845 398 571 560 404 566 386 726 457 674 683 401 937 417 749 168 99 662 737 541 522 443 815 288 288 1005 456 280 263 833 170 982 414 403 1062 1001 599 417 596 980 895 675 197 817 411 480 528 315 803 994 241 838 539 759 840 628 395 175 589 671 447 756 649 338 602 521 766 482 391 479 632 585 632 107 962 453 216 376
1106 1078 888 916 289 233 577 629 349 215 904 958 322 737 1018 949 605 616 821 679 881 897 232 802 830 803 967 851 611 100 970 0 778 627 473 827 330 328 545 117 93 1122 717 379 707 970 274 335 480 59 455 651 400 950 638 505 725 244 609 358 323 1140 540 668 303 1005 878 460 331 775 489 559 165 736 977 707 575 780 749 266 875 55 829 572 862 714 493 708 476 437 597 528 866 200 723 1111 458 1038 297 841 964 643 504 586 366 927 617 871 384 919 1071 454 346 1048 898 947 555 1222 804 1150 431 678 419 867 812 525 1056 605
567 531 811 334 498 598 450 150 429 594 829 397 688 160 597 670 335 396 686 219 847 378 789 519 483 782 285 579 686 819 703 778 0 185 629 507 697 632 261 707 695 603 578 419 907 440 773 509 406 796 357 755 596 248 379 343 332 637 778 759 725 556 363 333 797 595 619 330 811 161 420 682 635 726 477 340 385 771 710 514 533 825 293 608 361 333 815 307 353 472 287 253 505 581 846 466 475 508 481 292 506 206 373 202 429 183 420 527 616 154 444 326 499 501 171 272 234 602 896 513 789 155 399 671 262 624 605 489
721 686 861 484 338 427 453 79 294 427 880 546 604 114 722 762 352 417 740 280 889 511 681 594 574 815 460 659 680 655 795 627 185 0 588 593 615 549 213 574 538 754 617 314 896 583 674 414 361 637 180 751 534 426 410 298 408 531 760 681 640 720 180 382 703 717 701 235 722 292 382 662 503 750 615 212 386 800 740 362 629 678 420 599 310 209 764 378 291 286 109 163 604 441 848 640 429 657 334 258 634 44 336 53 263 368 440 623 550 339 613 181 407 653 352 445 77 775 910 687 726 213 314 740 222 599 739 500
707 687 417 580 443 519 201 532 372 488 434 599 159 692 587 489 304 263 349 426 416 535 296 369 413 335 675 403 142 570 506 473 629 588 0 401 157 144 382 355 464 712 259 304 316 593 252 223 229 529 524 198 82 677 289 294 384 232 183 181 179 756 642 340 252 573 422 358 247 528 211 96 333 265 585 778 252 312 276 411 445 478 504 103 898 779 187 386 297 623 642 425 444 358 291 764 159 645 395 846 557 629 259 535 470 694 247 441 90 710 720 444 221 662 659 656 520 845 368 793 174 476 282 400 810 53 629 192
308 291 319 256 673 781 250 514 572 757 336 241 553 647 191 169 270 225 202 313 363 191 692 34 27 320 375 72 338 914 201 827 507 593 401 0 553 518 415 713 788 311 159 499 518 216 651 498 366 875 650 378 444 400 213 378 185 589 430 582 578 361 738 218 653 177 112 472 648 347 349 373 665 293 194 804 272 319 267 658 48 848 229 306 864 800 546 215 409 787 694 477 44 655 436 394 369 251 626 796 158 637 356 558 653 456 216 43 466 495 352 562 488 270 426 364 566 452 453 413 561 384 452 168 764 355 230 223
856 833 560 709 382 429 328 575 345 397 575 736 12 727 742 646 408 385 504 520 551 671 139 522 563 474 792 559 283 430 663 330 697 615 157 553 0 66 436 218 342 863 416 301 389 735 97 201 296 389 506 320 116 789 412 355 509 119 280 66 29 901 623 458 107 727 579 381 114 626 289 231 220 408 730 778 360 450 424 345 598 328 628 260 915 781 184 504 343 575 643 460 596 268 394 900 235 792 343 871 706 650 330 562 432 794 375 595 92 802 856 445 207 807 759 773 539 990 475 932 127 554 303 556 836 209 783 335
815 791 562 657 331 389 280 509 284 357 578 687 56 661 709 625 350 334 492 459 559 623 181 488 525 479 736 532 285 425 644 328 632 549 144 518 66 0 370 211 321 825 392 236 425 689 149 136 234 384 445 334 74 731 360 291 457 88 303 131 93 857 563 403 167 695 556 315 179 565 228 235 192 409 688 715 304 455 421 294 564 337 574 243 850 718 234 449 278 521 579 394 560 226 418 850 177 749 288 805 666 584 267 496 374 732 327 560 55 739 806 380 142 763 698 716 474 945 498 883 183 490 237 539 770 196 748 295
613 581 655 392 299 411 240 150 204 396 674 445 427 310 575 582 149 211 537 144 680 392 529 409 402 604 424 474 467 603 612 545 261 213 382 415 436 370 0 459 472 639 411 167 683 470 511 249 153 573 235 538 339 406 211 88 242 378 549 499 464 631 325 197 535 566 514 85 549 230 172 451 389 537 490 420 175 588 529 300 457 586 308 385 522 419 564 213 92 373 293 62 436 344 634 581 223 544 264 466 495 257 124 164 254 384 233 452 358 381 544 150 238 548 353 405 160 704 696 624 533 133 139 545 430 388 600 288
997 970 772 814 255 248 464 563 282 220 788 854 209 688 904 832 501 506 703 585 766 791 152 687 717 687 873 735 494 214 853 117 707 574 355 713 218 211 459 0 129 1012 599 292 604 863 180 229 374 173 417 537 282 860 530 408 620 126 498 256 215 1033 519 563 214 891 762 379 243 685 381 443 72 619 868 687 467 664 632 221 761 135 728 454 838 692 391 605 381 436 564 454 753 133 613 1010 346 929 242 808 853 597 402 528 328 844 506 756 266 840 969 394 240 940 813 853 498 1117 694 1048 329 593 325 749 776 408 942 490
1055 1025 882 854 200 142 537 545 270 122 899 900 331 646 977 921 549 569 804 611 880 840 278 765 788 800 897 819 606 131 944 93 695 538 464 788 342 321 472 129 0 1073 691 313 730 915 310 289 428 101 364 655 385 878 589 443 670 233 620 384 342 1084 446 613 343 964 849 387 372 703 441 557 131 729 926 614 525 777 739 180 836 148 767 557 769 620 519 650 412 344 504 449 824 135 735 1048 419 985 214 748 917 552 448 500 275 850 573 831 373 839 1008 369 299 994 822 877 468 1164 816 1089 457 603 356 844 720 514 1012 571
40 72 522 271 931 1044 548 680 831 1024 530 208 863 763 140 298 525 506 450 500 572 248 1002 344 300 567 337 325 641 1202 313 1122 603 754 712 311 863 825 639 1012 1073 0 465 767 791 171 961 788 645 1166 866 670 752 379 484 636 406 891 726 893 889 96 927 461 964 155 327 716 959 462 633 681 957 568 149 942 548 576 541 923 269 1147 338 617 952 935 852 430 668 1004 864 692 267 938 706 204 665 97 889 883 158 791 625 737 894 459 505 272 775 507 190 789 777 102 448 343 756 169 698 184 871 549 720 388 858 667 98 530
465 450 244 396 612 710 180 542 517 683 263 393 418 694 333 233 265 200 127 361 272 336 555 125 180 204 511 145 178 809 253 717 578 617 259 159 416 392 411 599 691 465 0 439 367 373 511 408 307 769 628 221 318 528 207 345 251 472 270 435 438 521 733 246 509 317 163 441 501 431 284 216 562 152 354 829 236 194 133 589 195 729 346 157 914 827 387 272 370 756 704 472 203 566 289 552 280 411 561 850 317 662 312 572 609 571 178 193 337 603 509 538 400 430 538 496 571 611 323 572 407 431 396 154 815 208 375 133
746 715 668 540 175 282 261 283 78 259 687 587 290 427 680 650 241 273 565 300 681 528 372 482 494 600 587 543 427 444 678 379 419 314 304 499 301 236 167 292 313 767 439 0 621 605 361 100 134 412 219 494 234 571 289 131 361 220 487 367 326 772 338 305 389 669 579 89 407 395 155 394 221 528 618 482 227 580 528 158 546 419 454 351 614 484 461 339 99 326 345 167 531 180 590 735 167 676 126 569 613 348 143 262 173 552 284 541 245 548 695 145 94 683 521 567 238 851 663 775 417 301 47 590 534 332 712 306
802 794 299 764 752 814 457 832 688 782 303 758 400 993 650 498 572 511 341 690 261 703 479 484 542 228 878 473 221 807 494 707 907 896 316 518 389 425 683 604 730 791 367 621 0 733 434 536 534 767 841 153 391 893 531 597 604 505 135 349 388 864 959 582 408 635 463 671 383 779 513 233 609 225 708 1092 524 216 252 717 541 692 710 300 1206 1092 215 619 606 937 956 733 556 651 84 911 469 758 705 1150 665 938 560 843 785 931 488 541 388 958 869 761 536 780 896 863 831 953 126 926 276 753 597 403 1113 296 693 419
143 110 510 105 765 878 409 509 665 859 523 46 733 598 171 300 366 358 406 329 558 77 869 250 193 528 204 265 550 1046 328 970 440 583 593 216 735 689 470 863 915 171 373 605 733 0 832 636 490 1011 695 594 620 242 333 473 245 747 644 773 762 169 755 302 840 174 289 549 839 292 482 581 805 508 42 775 396 530 482 759 196 999 166 508 796 769 753 266 505 833 693 521 177 780 651 178 520 74 724 727 87 621 467 565 725 317 362 194 644 364 136 618 625 78 299 202 584 255 663 200 762 377 559 357 699 554 168 401
954 931 640 805 402 423 424 643 388 392 654 833 99 788 839 740 499 480 593 608 626 768 47 619 661 552 885 655 368 373 755 274 773 674 252 651 97 149 511 180 310 961 511 361 434 832 0 264 382 333 546 394 212 880 507 436 604 144 346 89 72 999 659 552 34 824 674 448 62 713 377 316 215 491 828 821 453 529 509 364 695 258 722 354 964 825 219 597 420 594 689 527 694 276 456 996 326 890 372 925 804 705 415 623 463 880 472 692 188 886 953 497 274 904 846 865 597 1087 536 1028 158 636 374 648 891 303 880 432
771 743 618 585 221 306 247 379 153 277 636 625 190 527 687 634 272 281 526 361 625 563 280 475 498 543 647 530 358 416 658 335 509 414 223 498 201 136 249 229 289 788 408 100 536 636 264 0 145 378 312 420 144 636 303 183 391 129 405 267 225 805 431 334 291 675 561 183 308 463 154 318 169 470 642 580 240 521 475 190 546 364 499 291 714 582 364 375 160 401 444 263 535 158 514 781 130 703 172 670 630 449 173 362 249 627 284 541 150 628 739 245 11 713 594 628 339 889 590 819 317 378 110 562 635 260 723 282
627 599 542 440 310 415 127 303 211 390 561 479 289 463 551 516 126 142 434 226 559 417 408 348 363 480 507 408 323 557 543 480 406 361 229 366 296 234 153 374 428 645 307 134 534 490 382 145 0 521 327 393 190 499 161 65 246 266 399 355 325 660 438 188 401 539 444 142 411 331 23 301 314 409 498 559 97 461 405 291 414 510 354 242 672 559 411 230 72 450 425 199 400 293 490 636 70 558 260 617 488 403 34 309 302 498 150 409 211 506 594 239 134 568 464 487 297 743 557 673 383 258 89 457 581 238 585 174
1149 1120 945 952 299 222 624 646 371 211 961 997 381 743 1065 1001 644 660 876 711 939 936 291 850 876 861 997 902 668 41 1022 59 796 637 529 875 389 384 573 173 101 1166 769 412 767 1011 333 378 521 0 459 709 454 979 681 541 765 298 668 418 382 1180 534 708 362 1052 930 488 390 804 532 616 210 793 1019 699 617 837 805 281 923 93 865 627 854 706 552 746 510 423 596 551 913 232 782 1147 505 1079 315 838 1008 648 543 599 373 952 663 918 439 941 1107 469 389 1089 923 978 567 1261 863 1187 490 705 454 920 811 581 1102 655
838 804 868 606 166 246 448 212 160 248 887 664 494 283 809 815 381 437 756 366 887 618 543 642 637 807 609 707 643 476 845 455 357 180 524 650 506 445 235 417 364 866 628 219 841 695 546 312 327 459 0 711 453 580 441 283 477 402 706 571 527 848 119 433 578 801 746 187 600 421 351 612 349 736 719 275 394 788 733 196 693 508 529 565 421 279 676 448 258 138 146 176 672 284 808 783 379 770 177 390 728 188 317 155 90 533 455 687 462 511 751 90 309 771 512 592 124 913 879 828 628 321 247 771 359 550 834 497
676 665 247 616 641 717 306 685 566 686 260 615 328 845 531 393 420 359 231 537 232 557 442 344 401 159 728 345 70 751 398 651 755 751 198 378 320 334 538 537 655 670 221 494 153 594 394 420 393 709 711 0 281 742 378 453 451 421 59 305 330 735 827 428 378 516 344 534 360 625 370 102 526 110 572 953 373 136 135 609 407 647 559 152 1060 952 204 466 466 818 818 591 420 555 97 773 332 626 592 1003 533 794 416 700 665 778 335 407 285 805 730 627 418 647 744 713 690 825 170 791 248 600 464 294 967 162 575 266
743 720 497 593 362 436 211 485 297 405 514 620 113 642 635 551 293 268 421 409 497 555 250 415 452 416 677 458 224 495 571 400 596 534 82 444 116 74 339 282 385 752 318 234 391 620 212 144 190 454 453 281 0 675 295 253 393 156 261 167 145 787 572 341 223 621 482 299 228 514 178 178 253 345 617 715 244 393 354 329 490 411 512 173 841 716 229 387 248 546 578 373 486 275 372 783 123 678 315 792 594 573 223 481 393 682 259 487 24 693 740 378 145 692 647 658 462 875 450 816 194 448 220 467 756 129 675 222
340 306 719 149 696 805 476 369 608 794 735 195 783 403 413 530 381 414 602 275 763 214 907 426 372 717 41 467 684 1008 560 950 248 426 677 400 789 731 406 860 878 379 528 571 893 242 880 636 499 979 580 742 675 0 388 453 296 764 782 842 818 317 606 337 896 416 501 491 903 175 502 699 791 680 284 584 430 714 657 702 403 990 183 619 576 576 860 291 478 707 532 433 377 750 818 219 554 294 666 508 326 453 467 429 637 79 431 399 698 127 202 526 625 280 76 39 456 355 847 266 851 274 535 566 485 653 407 494
468 440 450 297 461 571 88 334 360 548 469 327 408 487 391 374 61 26 329 160 480 263 541 200 205 409 385 265 311 718 404 638 379 410 289 213 412 360 211 530 589 484 207 289 531 333 507 303 161 681 441 378 295 388 0 165 97 413 407 459 440 503 537 52 519 380 305 260 522 248 149 317 473 349 338 623 64 396 335 448 259 666 216 238 707 620 472 96 196 576 501 273 242 454 467 489 186 399 415 644 327 455 145 367 440 409 44 253 319 430 446 352 293 410 374 366 369 588 517 523 463 227 241 334 608 266 424 113
614 584 586 411 298 409 166 237 196 388 606 456 347 398 554 537 111 155 473 178 608 397 459 365 370 530 465 429 382 574 566 505 343 298 294 378 355 291 88 408 443 636 345 131 597 473 436 183 65 541 283 453 253 453 165 0 230 311 462 416 384 641 388 174 458 543 467 96 470 280 84 364 341 461 487 500 111 512 454 287 424 540 324 301 608 499 477 207 32 414 367 137 406 308 550 606 135 545 253 553 483 341 37 246 274 445 172 418 273 449 566 193 172 552 412 445 237 720 615 646 447 199 86 488 517 301 584 215
385 355 478 200 526 638 184 329 425 617 496 233 505 464 332 354 121 124 354 128 515 171 638 189 166 453 290 253 389 801 386 725 332 408 384 185 509 457 242 620 670 406 251 361 604 245 604 391 246 765 477 451 393 296 97 230 0 507 487 556 538 414 558 57 616 324 294 312 619 180 239 402 560 403 256 619 154 444 384 517 221 756 119 323 683 615 564 30 262 616 510 301 197 535 534 393 282 315 482 616 255 452 222 374 492 326 137 215 417 354 350 393 380 323 292 272 384 497 574 429 559 199 315 340 582 357 359 198
878 852 650 705 267 310 342 503 244 278 666 740 107 645 780 705 392 388 577 488 647 677 152 561 593 567 773 609 373 339 726 244 637 531 232 589 119 88 378 126 233 891 472 220 505 747 144 129 266 298 402 421 156 764 413 311 507 0 389 177 131 916 517 451 175 767 635 308 198 592 268 323 105 497 749 677 352 543 508 229 636 259 619 328 819 681 303 494 290 460 544 387 629 149 503 900 227 810 231 781 732 561 297 480 322 756 386 632 141 758 857 353 140 823 723 753 454 1002 584 936 245 507 238 622 747 283 819 365
731 719 302 661 624 692 328 698 555 660 314 663 289 859 588 452 442 385 290 563 282 604 393 395 451 215 770 400 97 710 457 609 778 760 183 430 280 303 549 498 620 726 270 487 135 644 346 405 399 668 706 59 261 782 407 462 487 389 0 256 286 789 824 458 327 573 402 536 307 656 377 98 494 169 624 956 393 193 194 590 461 602 599 170 1071 957 146 499 470 806 821 598 472 529 115 823 333 680 576 1015 586 803 425 708 653 813 363 460 260 837 780 625 404 700 778 754 696 879 195 843 194 623 462 353 979 161 632 294
888 868 552 755 444 483 372 640 411 451 565 778 77 793 767 660 461 432 510 577 537 713 136 549 595 464 843 580 283 459 674 358 759 681 181 582 66 131 499 256 384 893 435 367 349 773 89 267 355 418 571 305 167 842 459 416 556 177 256 0 46 937 689 507 75 752 596 447 65 682 346 231 272 404 766 844 411 441 423 407 625 346 676 278 981 847 135 553 406 638 709 525 626 325 367 942 290 826 406 937 738 716 389 628 496 850 419 622 145 860 898 511 273 843 815 824 606 1026 447 972 73 614 368 566 902 227 809 371
882 860 574 738 398 437 356 602 366 406 588 764 36 753 766 668 437 414 522 550 562 699 117 547 589 486 822 583 299 424 683 323 725 640 179 578 29 93 464 215 342 889 438 326 388 762 72 225 325 382 527 330 145 818 440 384 538 131 286 46 0 928 644 487 78 752 601 408 85 655 318 246 227 423 757 800 389 463 440 360 623 316 657 282 938 803 177 533 371 591 665 487 622 279 399 928 264 819 360 895 732 674 359 588 451 823 403 620 121 831 884 468 233 834 788 802 564 1017 480 960 116 583 330 576 861 230 808 361
66 70 607 241 929 1042 577 651 830 1024 616 186 899 715 221 382 535 527 524 487 657 244 1037 396 344 644 275 391 699 1215 401 1140 556 720 756 361 901 857 631 1033 1084 96 521 772 864 169 999 805 660 1180 848 735 787 317 503 641 414 916 789 937 928 0 897 471 1005 235 401 712 1003 431 651 735 974 639 171 896 566 651 611 925 327 1169 323 665 893 889 907 434 673 984 830 678 318 949 780 115 689 110 890 825 203 753 636 710 885 395 531 328 810 442 115 776 794 94 391 285 732 90 778 88 921 526 727 465 802 713 185 566
895 860 975 659 264 311 555 247 279 324 994 720 611 241 885 906 475 536 860 436 996 681 653 734 722 918 641 799 758 542 937 540 363 180 642 738 623 563 325 519 446 927 733 338 959 755 659 431 438 534 119 827 572 606 537 388 558 517 824 689 644 897 0 520 692 878 840 296 715 467 462 729 455 847 784 168 496 899 842 299 778 595 589 679 322 174 795 527 367 123 79 263 755 390 924 820 495 829 287 305 799 158 424 189 195 547 556 772 581 515 793 200 428 828 532 625 174 954 995 867 747 378 362 870 280 666 905 604
441 411 485 254 472 583 139 303 371 562 504 290 453 449 381 385 64 77 361 114 517 228 584 214 204 450 336 280 362 743 417 668 333 382 340 218 458 403 197 563 613 461 246 305 582 302 552 334 188 708 433 428 341 337 52 174 57 451 458 507 487 471 520 0 565 372 321 261 569 197 182 369 502 393 313 594 99 438 377 462 260 698 170 290 670 591 524 46 207 570 478 259 239 478 516 449 227 372 428 605 308 426 165 343 442 357 96 254 365 379 406 346 323 380 322 317 349 554 563 485 514 185 258 358 570 318 410 164
958 937 625 816 436 457 434 670 420 426 639 842 112 817 840 735 515 492 585 626 609 777 70 621 665 538 900 654 358 401 749 303 797 703 252 653 107 167 535 214 343 964 509 389 408 840 34 291 401 362 578 378 223 896 519 458 616 175 327 75 78 1005 692 565 0 825 671 474 28 732 395 307 249 479 834 853 467 514 498 398 697 283 735 352 995 856 194 611 443 628 720 554 696 310 435 1006 341 895 405 955 808 735 435 651 496 899 482 694 199 906 962 527 299 911 865 880 626 1094 514 1037 135 657 399 641 921 300 881 438
169 171 371 273 842 951 428 639 740 928 381 221 728 749 15 147 432 397 294 442 421 218 867 206 176 411 379 174 491 1091 168 1005 595 717 573 177 727 695 566 891 964 155 317 669 635 174 824 675 539 1052 801 516 621 416 380 543 324 767 573 752 752 235 878 372 825 0 172 633 818 437 524 533 842 413 132 920 443 420 386 828 130 1026 303 473 956 915 702 353 575 940 824 625 139 831 551 313 547 147 795 887 91 758 526 690 814 490 391 134 642 536 281 717 665 170 469 376 704 320 544 311 724 504 622 233 858 524 59 401
338 332 221 353 754 858 318 622 655 831 235 324 582 758 187 72 365 311 123 423 269 287 719 106 137 244 473 41 324 970 99 878 619 701 422 112 579 556 514 762 849 327 163 579 463 289 674 561 444 930 746 344 482 501 305 467 294 635 402 596 601 401 840 321 671 172 0 563 661 459 424 370 721 241 255 913 356 250 213 734 97 893 339 319 976 909 535 324 496 881 799 577 124 720 379 459 431 299 704 908 209 745 440 663 741 562 296 101 501 602 421 657 553 321 534 463 669 489 379 468 562 494 532 68 875 371 231 278
692 659 681 475 216 329 261 195 119 312 700 526 371 345 642 633 202 252 569 228 700 471 461 460 462 621 510 525 464 517 662 460 330 235 358 472 381 315 85 379 387 716 441 89 671 549 448 183 142 488 187 534 299 491 260 96 312 308 536 447 408 712 296 261 474 633 563 0 491 315 166 439 307 551 566 421 208 603 546 215 517 503 390 384 542 421 529 286 71 317 285 79 498 259 631 666 202 622 179 493 567 273 129 181 181 467 269 511 314 461 628 97 175 627 437 490 163 787 699 708 490 217 79 585 457 375 671 310
954 934 607 819 461 485 436 686 441 454 620 842 122 835 833 724 521 495 571 635 589 778 98 615 661 519 905 646 344 429 737 331 811 722 247 648 114 179 549 243 372 959 501 407 383 839 62 308 411 390 600 360 228 903 522 470 619 198 307 65 85 1003 715 569 28 818 661 491 0 740 403 294 276 463 831 875 472 496 483 423 691 309 739 344 1016 879 170 615 457 654 742 570 692 336 412 1007 349 892 429 975 804 755 445 670 520 908 483 688 204 917 963 547 316 908 874 886 645 1092 490 1037 113 669 414 629 941 293 875 437
429 394 656 192 524 634 332 220 434 622 674 254 619 312 440 508 224 271 532 105 694 223 738 361 322 634 195 419 560 833 541 775 161 292 528 347 626 565 230 685 703 462 431 395 779 292 713 463 331 804 421 625 514 175 248 280 180 592 656 682 655 431 467 197 732 437 459 315 740 0 337 565 616 583 325 484 275 625 565 528 371 814 134 487 522 479 715 160 304 554 401 261 344 574 711 362 391 365 492 453 349 328 297 279 468 167 293 366 537 182 330 357 452 361 133 175 301 492 754 407 699 102 360 513 422 512 452 361
617 589 518 436 330 434 106 322 233 408 537 472 282 483 536 496 123 127 411 231 536 409 406 329 347 456 508 389 300 569 522 489 420 382 211 349 289 228 172 381 441 633 284 155 513 482 377 154 23 532 351 370 178 502 149 84 239 268 377 346 318 651 462 182 395 524 424 166 403 337 0 279 323 385 488 582 85 437 381 310 397 517 350 219 693 581 395 225 95 473 448 220 384 306 468 631 55 548 280 638 476 425 48 330 324 504 133 392 200 514 589 262 143 559 470 488 319 735 534 667 369 270 111 435 602 216 571 151
681 665 329 585 539 615 234 600 465 584 345 594 237 761 548 431 348 293 278 469 323 533 363 339 391 244 690 359 52 658 443 559 682 662 96 373 231 235 451 443 557 681 216 394 233 581 316 318 301 616 612 102 178 699 317 364 402 323 98 231 246 735 729 369 307 533 370 439 294 565 279 0 427 177 566 859 297 220 193 507 411 559 518 79 973 859 172 411 373 717 724 500 417 454 196 758 236 624 490 917 532 705 327 610 563 726 272 409 184 747 714 530 316 643 690 673 598 826 272 781 192 527 366 335 881 63 591 205
941 913 750 751 192 210 414 490 209 179 767 793 209 616 855 792 439 451 672 518 749 731 199 640 666 669 806 692 476 249 815 165 635 503 333 665 220 192 389 72 131 957 562 221 609 805 215 169 314 210 349 526 253 791 473 341 560 105 494 272 227 974 455 502 249 842 721 307 276 616 323 427 0 598 811 622 409 646 608 156 713 198 664 425 771 626 404 543 313 381 496 381 703 65 609 947 295 872 173 739 799 526 339 456 261 773 453 708 242 769 906 322 180 882 743 786 426 1057 689 985 344 522 257 714 707 383 891 444
577 569 152 544 690 776 297 678 604 746 169 534 415 834 429 285 401 336 122 507 154 481 539 261 319 72 661 248 125 834 288 736 726 750 265 293 408 409 537 619 729 568 152 528 225 508 491 470 409 793 736 110 345 680 349 461 403 497 169 404 423 639 847 393 479 413 241 551 463 583 385 177 598 0 482 958 363 52 27 661 315 737 498 179 1053 957 313 423 480 854 828 596 331 619 143 686 361 533 639 991 439 794 424 702 702 724 312 315 356 756 644 648 466 554 691 647 696 728 170 700 353 576 491 186 956 215 472 249
129 103 475 145 782 894 408 539 681 874 487 89 729 635 128 261 377 361 375 353 523 103 867 229 174 497 247 235 532 1055 288 977 477 615 585 194 730 688 490 868 926 149 354 618 708 42 828 642 498 1019 719 572 617 284 338 487 256 749 624 766 757 171 784 313 834 132 255 566 831 325 488 566 811 482 0 810 402 501 455 774 167 1004 194 495 835 804 738 281 519 858 724 544 152 790 625 205 522 61 739 765 47 653 477 594 745 359 363 166 640 406 165 640 631 77 340 244 612 261 633 219 750 406 571 323 738 543 128 395
906 871 1073 671 431 477 661 291 434 491 1092 734 767 180 924 973 563 628 952 490 1100 708 817 806 784 1025 623 871 882 705 1005 707 340 212 778 804 778 715 420 687 614 942 829 482 1092 775 821 580 559 699 275 953 715 584 623 500 619 677 956 844 800 896 168 594 853 920 913 421 875 484 582 859 622 958 810 0 596 1009 949 466 838 762 618 801 155 9 943 588 486 277 136 363 813 556 1050 804 623 846 451 153 834 167 537 256 360 511 651 832 727 470 784 336 576 840 507 611 262 939 1115 850 898 420 496 953 140 796 937 709
531 503 480 354 401 509 67 315 300 485 499 388 355 474 454 427 51 46 363 174 504 324 484 256 267 429 432 319 303 654 456 575 385 386 252 272 360 304 175 467 525 548 236 227 524 396 453 240 97 617 394 373 244 430 64 111 154 352 393 411 389 566 496 99 467 443 356 208 472 275 85 297 409 363 402 596 0 413 353 386 319 603 269 223 691 594 439 144 140 525 468 236 304 390 467 548 127 463 353 631 391 431 84 339 384 442 61 313 268 458 505 304 229 473 407 413 336 650 525 583 423 229 180 377 595 240 488 113
588 583 111 574 741 826 348 727 656 796 125 559 457 882 435 282 450 384 126 553 104 510 577 289 346 23 693 265 170 879 280 780 771 800 312 319 450 455 588 664 777 576 194 580 216 530 529 521 461 837 788 136 393 714 396 512 444 543 193 441 463 651 899 438 514 420 250 603 496 625 437 220 646 52 501 1009 413 0 61 712 334 779 534 230 1102 1007 339 466 531 906 879 647 353 668 132 706 413 548 691 1040 456 844 475 752 754 762 360 335 403 795 665 700 517 570 729 680 747 739 134 717 384 623 543 187 1004 264 477 299
