222
0 634 299 206 760 779 299 855 270 393 274 402 220 674 38 193 389 259 635 209 874 780 696 545 625 325 464 137 679 826 608 579 165 617 421 522 643 503 673 535 426 236 713 734 707 317 323 303 624 531 587 372 201 334 677 721 477 89 180 146 448 186 622 213 486 785 514 450 54 235 116 559 269 249 572 664 106 576 651 318 235 119 83 675 520 53 375 544 245 449 596 807 417 412 485 589 206 413 323 218 494 196 325 507 786 259 776 124 169 739 827 416 687 691 607 96 626 787 349 572 462 335 658 305 629 85 607 208 440 321 278 792 355 608 221 316 330 646 343 203 678 678 762 410 609 339 456 472 205 658 609 476 890 86 110 658 656 657 413 630 176 590 595 539 270 302 448 800 526 579 537 254 311 277 352 281 659 580 618 389 553 283 232 603 281 314 618 403 319 350 466 316 276 661 229 44 250 492 422 58 419 531 681 765 388 673 292 572 266 569 761 266 172 484 505 621 670 403 185 637 234 328
634 0 503 430 271 159 814 221 896 250 724 499 573 55 597 765 473 884 673 713 246 166 118 471 494 584 578 543 457 216 713 692 652 518 541 586 449 511 277 604 687 800 523 716 382 949 553 888 275 339 176 440 805 404 219 222 601 678 463 713 546 708 339 640 627 161 304 343 688 509 746 232 462 562 168 51 651 326 103 370 837 519 717 388 114 618 619 363 866 351 129 182 698 525 736 64 587 365 364 472 727 484 335 372 218 376 144 520 554 315 211 517 533 381 94 643 245 223 713 688 635 412 307 938 70 551 153 665 587 373 912 253 636 377 739 563 558 294 977 825 374 108 155 256 77 956 734 304 476 224 562 508 257 634 696 178 402 138 334 15 691 390 665 451 409 650 191 166 666 519 456 422 389 364 312 833 32 287 484 313 263 640 746 368 656 741 111 584 436 653 170 605 369 327 625 596 879 640 279 690 541 649 187 757 414 184 923 395 555 262 200 387 703 461 139 626 322 1036 619 636 854 961
299 503 0 259 527 607 324 713 469 349 552 103 441 556 271 492 92 537 809 238 746 669 516 248 726 86 177 339 750 719 805 775 438 731 589 231 352 640 663 706 657 535 416 445 434 537 57 422 378 578 383 493 368 429 452 672 661 273 184 443 154 476 355 159 213 664 265 196 339 410 402 334 407 72 527 548 233 611 565 380 391 271 351 398 411 330 135 270 527 510 412 685 655 574 721 441 116 485 146 357 270 343 348 232 582 223 645 286 130 728 648 118 389 417 523 379 390 710 608 768 199 90 666 557 531 273 410 186 625 135 511 573 581 660 513 63 65 651 570 488 712 499 656 248 447 511 256 232 346 430 744 177 751 233 279 449 708 464 179 492 462 309 776 245 126 546 323 650 725 702 641 125 121 201 201 355 535 594 321 419 559 526 267 652 532 239 541 595 438 154 379 536 303 678 138 295 462 689 225 325 127 256 469 479 491 461 508 640 468 572 557 168 463 601 365 780 682 616 438 345 518 549
206 430 259 0 584 579 449 649 475 186 345 345 203 468 170 345 321 454 549 342 667 574 501 454 482 332 433 126 518 619 546 515 244 482 330 482 529 384 479 447 408 384 610 691 564 523 311 490 464 354 405 236 394 176 500 519 401 266 81 291 406 298 478 295 472 579 366 317 260 157 316 390 147 262 368 457 251 396 444 136 428 89 290 538 315 188 388 415 437 276 406 600 408 315 471 389 250 244 182 101 524 93 126 384 596 71 570 90 196 546 629 366 592 550 401 217 458 582 376 509 458 233 469 508 422 121 421 309 366 187 484 608 333 436 334 312 320 456 549 395 500 482 555 230 412 541 501 323 93 483 490 411 684 229 287 475 485 467 273 427 281 465 516 442 149 309 250 596 466 451 394 142 187 102 182 450 454 391 519 197 361 291 375 429 301 416 412 337 180 389 260 288 72 476 294 166 456 430 258 264 381 515 497 728 239 489 498 408 219 376 571 115 290 349 307 522 483 610 224 589 425 535
760 271 527 584 0 192 849 312 988 451 920 469 769 301 723 927 455 1020 938 765 362 352 155 364 764 585 513 710 728 387 974 951 828 788 785 493 283 769 545 862 922 968 326 544 169 1052 557 949 150 605 179 676 888 626 84 476 851 775 581 874 489 882 193 686 554 329 262 331 813 708 877 201 668 599 437 306 739 596 369 579 914 665 836 199 332 762 596 272 1005 602 191 337 930 768 976 249 639 609 438 659 662 664 534 306 100 515 299 671 629 574 193 478 351 179 365 799 137 442 929 946 573 447 577 1059 340 690 168 714 832 442 1021 61 861 648 918 569 559 565 1083 964 644 162 357 354 217 1036 686 298 658 102 829 438 343 730 787 114 673 141 357 258 865 261 926 349 492 863 346 258 919 785 720 509 454 488 409 883 285 558 335 542 532 848 794 639 863 754 382 823 656 642 378 824 547 597 665 732 977 890 337 807 499 557 94 582 653 101 1023 664 763 532 93 494 874 719 298 892 591 1135 804 493 994 1064
779 159 607 579 192 0 929 124 1033 406 883 579 732 153 741 919 557 1033 816 834 172 163 91 510 628 681 643 697 578 194 861 842 808 655 697 637 453 661 387 754 845 956 510 723 352 1090 650 1014 284 486 227 599 938 564 196 304 755 814 602 867 614 865 346 757 690 139 363 422 833 667 893 283 621 674 315 163 784 464 222 529 968 667 860 375 269 767 705 403 1016 507 195 145 857 683 893 190 705 524 483 628 796 640 492 426 97 519 110 669 680 403 51 593 530 359 239 795 255 255 873 838 703 517 424 1084 208 698 198 783 743 491 1054 143 795 510 896 661 654 414 1119 975 489 108 173 377 169 1090 811 382 632 215 702 568 160 769 831 174 525 146 429 157 847 412 811 492 534 810 330 66 818 661 602 549 505 502 437 954 151 425 499 473 408 799 865 501 816 846 248 742 596 746 325 764 523 444 739 743 1017 794 385 832 617 702 163 762 573 167 1063 535 714 403 99 520 859 613 273 767 436 1176 776 660 1004 1102
299 814 324 449 849 929 0 1030 220 614 548 386 520 864 312 423 395 369 934 106 1060 977 838 526 916 267 384 431 962 1026 907 877 453 910 720 436 638 799 925 835 720 455 680 609 740 288 293 122 699 802 707 661 150 613 776 954 777 210 378 403 391 454 669 173 373 975 587 520 283 530 304 659 557 255 803 855 204 845 861 583 141 388 263 701 711 353 275 583 371 722 734 996 709 710 776 755 227 689 450 502 315 480 574 546 906 463 958 400 265 992 971 384 645 722 817 387 714 1006 634 870 343 412 917 342 831 360 734 149 739 441 286 897 651 883 479 280 292 904 321 352 949 821 962 558 765 225 266 556 488 754 906 440 1068 228 189 774 932 788 503 805 451 613 894 532 405 596 624 968 824 873 827 393 426 462 502 52 844 840 593 646 809 578 74 877 572 106 833 702 605 225 668 615 520 925 190 337 230 791 544 262 369 407 793 626 673 786 263 852 565 824 882 432 441 776 674 920 932 343 481 535 369 297
855 221 713 649 312 124 1030 0 1117 466 926 693 779 182 818 979 670 1102 797 931 50 103 208 633 603 790 762 759 540 100 850 834 864 632 712 759 578 660 351 749 862 1012 634 848 476 1170 759 1108 408 484 342 626 1026 602 321 257 761 899 684 928 732 920 471 856 809 83 481 535 909 715 966 401 667 776 327 193 872 452 227 577 1058 739 938 499 335 837 818 525 1084 524 304 68 876 698 904 275 804 548 580 683 915 698 547 546 212 598 80 739 773 347 122 709 655 483 262 859 378 182 904 831 821 622 391 1158 234 771 313 882 754 589 1133 257 822 488 948 770 764 385 1198 1043 450 222 124 472 265 1177 927 495 689 339 682 688 38 856 917 296 491 264 537 227 902 536 799 614 627 845 412 64 818 646 594 641 604 585 530 1051 195 415 624 512 408 837 963 480 855 952 261 760 634 857 389 796 586 410 840 816 1100 799 487 911 733 823 287 887 598 291 1144 521 754 399 220 608 916 616 358 749 399 1257 828 785 1072 1182
270 896 469 475 988 1033 220 1117 0 661 419 557 453 939 304 278 557 168 846 240 1139 1047 946 706 873 443 579 399 935 1093 804 777 360 861 654 636 815 744 943 755 609 295 869 823 904 70 460 113 842 796 825 629 101 599 908 992 695 218 432 286 578 334 825 314 578 1051 728 659 221 489 189 788 530 398 843 929 250 843 919 588 85 390 189 867 783 306 469 740 178 714 842 1072 594 649 655 846 353 679 555 484 533 462 596 701 1028 519 1039 395 359 1009 1079 561 837 887 876 313 850 1057 510 771 549 541 926 123 896 356 849 288 659 549 67 1028 554 870 344 448 463 915 104 179 943 928 1029 656 863 71 485 690 472 887 844 622 1153 263 202 896 917 902 631 890 339 778 803 707 501 493 706 1060 727 821 788 485 536 532 595 168 922 848 777 659 823 479 224 866 468 316 887 622 580 423 731 528 546 929 338 314 25 698 657 212 553 616 918 843 648 910 43 832 500 839 1003 512 325 734 761 843 938 147 399 742 182 81
393 250 349 186 451 406 614 466 661 0 479 395 327 284 357 514 367 635 529 508 482 388 338 448 400 435 489 293 408 433 549 523 402 412 343 521 486 351 316 438 472 549 571 707 480 710 407 669 365 238 277 230 577 175 370 340 414 448 238 463 456 458 402 446 536 394 303 288 446 263 500 287 219 386 189 273 428 264 258 128 611 274 476 465 137 371 484 369 617 188 260 415 479 326 529 220 394 177 208 221 615 233 86 351 440 150 386 273 349 382 457 417 564 470 214 393 348 397 479 517 532 276 316 693 236 307 282 466 389 219 670 461 410 316 489 413 414 302 736 577 363 321 369 152 249 726 605 270 225 359 439 439 500 408 469 336 362 317 251 250 440 416 507 430 225 413 109 416 483 393 326 232 231 155 160 623 271 245 495 101 209 400 541 307 415 561 226 375 205 503 81 372 119 328 437 352 642 451 200 450 439 571 357 748 212 350 685 304 314 223 417 188 453 302 152 489 333 796 370 609 605 721
274 724 552 345 920 883 548 926 419 479 0 654 152 747 289 140 636 280 434 476 930 833 818 785 502 594 727 223 578 869 387 361 114 482 276 783 869 369 650 353 192 136 947 997 909 419 587 506 808 485 741 311 411 324 837 727 293 352 383 145 707 94 823 488 754 846 711 659 268 216 247 733 261 516 603 736 379 532 700 354 438 287 285 883 615 228 647 758 261 416 734 866 176 278 236 700 477 386 523 261 769 257 392 725 919 416 846 274 432 707 934 671 926 895 664 179 800 808 91 355 732 562 621 360 692 280 753 482 264 526 378 937 151 538 74 582 595 615 425 243 614 800 812 572 728 487 731 668 262 822 454 727 955 361 368 808 577 794 616 726 99 808 391 775 480 96 575 885 313 441 431 468 522 447 527 515 740 554 854 414 542 94 493 538 76 584 666 231 292 625 560 146 373 616 503 261 394 288 602 290 679 799 830 1030 338 822 410 495 172 556 895 455 107 379 628 438 628 485 120 898 252 426
402 499 103 345 469 579 386 693 557 395 654 0 537 554 374 595 28 636 888 318 731 664 487 149 789 119 94 438 804 713 889 860 540 797 672 136 258 715 696 787 751 639 316 347 353 626 97 496 320 633 351 570 455 505 403 690 745 372 278 547 62 579 283 242 141 655 216 158 441 501 503 295 492 163 555 548 332 659 575 452 475 370 452 315 424 433 127 198 627 572 389 674 749 656 814 434 211 551 189 447 230 434 414 163 537 295 632 384 233 758 613 22 287 336 536 482 339 717 706 853 139 121 704 652 539 374 380 268 711 179 604 522 675 712 617 108 95 689 660 589 756 472 654 263 432 592 235 198 436 381 815 73 731 334 375 409 758 432 166 486 565 226 857 150 198 643 340 628 811 772 708 203 170 267 235 425 531 638 222 479 602 624 341 703 630 286 556 683 518 172 405 630 377 718 219 398 552 775 225 426 45 177 426 383 565 420 597 697 561 614 515 238 567 673 369 856 721 702 538 245 619 638
220 573 441 203 769 732 520 779 453 327 152 537 0 598 213 216 515 360 414 428 785 688 665 656 420 497 618 103 484 726 390 359 99 408 204 671 733 291 523 315 219 240 813 884 765 476 484 512 660 362 590 185 409 180 686 592 257 310 258 177 594 149 680 415 652 700 568 520 245 64 263 584 112 419 459 587 322 410 554 203 442 170 274 740 463 167 553 618 340 285 582 720 214 197 281 548 389 251 386 110 684 110 240 587 767 272 698 155 337 584 783 556 795 752 516 141 651 670 172 352 633 433 498 433 544 179 601 417 219 390 432 785 142 427 171 481 492 490 491 307 502 648 667 424 576 525 653 525 114 672 394 606 809 299 331 656 472 641 477 575 134 669 374 644 349 107 424 735 307 368 336 338 389 304 382 500 590 425 722 267 408 87 452 425 97 527 520 182 151 540 408 99 222 496 424 185 428 272 457 264 568 696 678 920 209 670 459 387 47 423 743 318 149 282 476 401 508 555 57 783 328 485
674 55 556 468 301 153 864 182 939 284 747 554 598 0 638 797 528 920 663 762 199 113 146 526 477 638 634 577 432 162 707 688 682 503 547 641 500 508 244 600 696 830 572 768 426 991 607 936 324 332 228 453 850 423 261 177 603 722 507 746 601 738 389 690 683 112 359 398 728 534 784 285 486 614 161 11 697 312 71 396 883 558 758 436 156 655 673 417 902 357 181 133 708 533 742 120 637 376 415 501 783 515 365 427 232 419 101 557 603 274 201 572 584 427 87 677 293 168 730 684 690 466 278 977 56 590 204 715 592 425 952 273 650 359 767 617 613 267 1018 861 345 142 100 308 130 1001 789 359 507 268 549 563 215 679 741 221 378 179 389 69 721 442 658 506 458 669 239 137 665 508 448 472 440 410 362 882 23 272 536 333 254 660 795 350 677 793 94 593 456 707 208 622 404 299 676 635 922 642 333 731 597 704 226 810 426 225 965 382 576 249 219 435 734 460 191 614 292 1078 647 690 890 1003
38 597 271 170 723 741 312 818 304 357 289 374 213 638 0 222 360 297 626 215 837 744 658 515 605 305 441 119 656 790 603 573 175 598 409 498 610 487 642 525 427 266 682 711 672 353 300 328 588 503 549 351 228 308 639 688 468 105 142 172 423 206 587 204 466 749 478 415 92 218 154 522 247 228 538 627 109 549 615 288 263 86 120 640 482 60 358 510 282 422 558 770 420 398 488 551 188 387 287 193 482 171 292 473 748 221 739 94 144 709 789 389 657 656 572 110 589 752 357 566 443 302 628 342 593 53 569 204 431 284 314 754 353 582 243 294 307 616 380 241 651 640 726 372 572 371 446 435 180 620 594 448 853 85 128 621 630 619 377 592 193 557 587 508 233 305 411 763 520 561 516 217 275 239 314 300 622 550 587 358 522 285 241 577 285 314 583 395 296 337 429 312 241 632 217 29 285 486 385 93 395 511 643 743 365 635 328 547 256 538 723 228 193 465 467 609 641 440 187 613 271 365
193 765 492 345 927 919 423 979 278 514 140 595 216 797 222 0 582 148 572 365 990 893 845 737 623 515 656 222 693 934 527 501 118 605 396 714 833 489 739 487 332 43 905 925 890 280 515 368 800 578 749 400 278 393 843 805 426 247 353 53 641 68 805 394 675 903 694 634 162 272 119 730 321 441 668 785 282 626 759 404 302 262 167 860 651 169 563 730 128 501 751 923 316 394 376 730 396 467 501 296 673 281 432 694 941 412 898 256 362 800 970 609 879 875 719 128 798 882 232 495 650 523 714 225 745 240 766 382 393 500 238 953 282 642 66 507 522 706 288 103 717 826 873 573 755 346 632 651 290 826 582 669 1011 270 257 820 684 812 594 764 81 778 529 731 450 222 595 931 452 565 544 435 493 439 519 385 785 641 809 474 623 211 375 640 197 473 725 357 365 533 595 264 396 712 413 203 253 425 594 182 612 720 842 955 425 834 270 600 257 638 916 437 66 490 651 573 723 351 159 829 117 287
389 473 92 321 455 557 395 670 557 367 636 28 515 528 360 582 0 629 861 320 708 639 466 156 761 129 122 417 775 688 864 834 523 769 646 162 260 688 668 761 728 626 324 370 348 625 102 502 305 604 330 543 455 478 386 663 720 365 256 532 90 563 273 243 169 631 198 135 431 477 494 275 467 159 526 522 325 631 548 425 476 350 443 310 397 418 148 188 619 544 366 650 727 631 791 409 206 523 161 423 257 411 386 150 520 269 608 364 222 729 593 50 297 331 509 466 322 690 686 827 168 93 675 648 512 356 359 270 686 151 602 506 652 683 601 114 103 660 659 581 728 450 628 235 408 595 260 176 413 364 788 91 709 326 370 390 729 412 139 460 549 221 831 152 172 622 312 606 786 744 680 179 143 240 206 432 506 609 229 451 573 602 346 674 609 298 529 658 492 189 376 607 350 690 220 383 551 750 197 417 73 205 408 407 537 401 597 669 538 585 496 212 551 645 342 829 693 703 519 268 610 637
259 884 537 454 1020 1033 369 1102 168 635 280 636 360 920 297 148 629 0 715 349 1117 1021 953 785 771 536 679 344 841 1064 666 641 261 754 544 738 889 638 880 633 472 145 953 939 962 143 545 279 883 722 846 546 220 532 937 943 572 264 439 183 671 216 878 404 688 1029 771 706 207 412 143 819 460 473 801 909 304 770 888 537 228 365 187 928 769 266 574 797 20 643 854 1050 455 543 509 843 425 609 583 427 663 409 558 759 1045 514 1022 364 409 943 1082 645 924 945 847 244 885 1016 369 635 660 589 858 79 871 335 866 384 540 580 108 1052 428 788 211 535 550 848 144 58 863 935 1002 669 865 224 617 730 418 918 730 708 1135 304 262 918 831 916 670 881 228 841 672 782 529 369 703 1050 593 713 692 512 569 536 611 320 907 783 858 608 763 359 346 786 345 447 854 505 507 535 714 413 516 857 427 291 148 569 682 215 643 730 940 964 570 932 143 747 404 778 1020 526 212 638 760 718 868 204 303 850 31 148
635 673 809 549 938 816 934 797 846 529 434 888 414 663 626 572 861 715 0 841 778 694 792 971 195 881 979 508 271 707 69 80 490 165 221 1024 1016 178 447 102 243 569 1101 1224 1003 852 861 920 885 333 787 318 818 383 870 542 157 724 628 560 950 512 930 821 1021 716 833 813 657 413 661 811 403 808 505 653 735 351 593 437 850 565 683 992 611 581 937 898 696 345 755 729 261 235 221 689 787 352 704 457 1073 475 479 879 891 592 731 551 732 468 861 910 1093 995 581 551 864 626 346 84 1008 768 407 794 610 585 782 826 195 713 810 926 292 309 506 862 870 412 859 676 355 780 674 681 721 917 1048 800 470 865 115 947 811 712 745 829 310 797 772 684 507 946 42 954 690 352 634 785 121 154 217 687 719 621 672 913 669 390 1023 428 410 367 867 317 377 938 569 231 370 934 577 322 511 389 827 598 821 147 727 676 927 1062 846 1264 326 841 842 280 369 413 874 649 521 227 659 48 401 919 456 1124 686 859
209 713 238 342 765 834 106 931 240 508 476 318 428 762 215 365 320 349 841 0 959 874 743 466 813 202 339 333 857 923 817 787 372 808 623 397 576 699 818 740 636 403 628 591 669 311 221 184 616 696 614 559 141 509 689 848 683 123 271 334 337 383 593 79 342 874 503 434 208 432 248 570 455 166 697 753 105 738 756 478 157 285 197 631 607 263 230 507 345 617 638 894 627 613 695 655 128 584 351 400 315 378 467 469 816 357 857 298 160 885 877 321 596 652 712 303 628 901 556 780 313 320 810 346 727 259 640 51 646 343 293 810 564 778 413 209 223 797 345 316 843 726 859 459 667 274 270 468 386 668 807 382 968 129 108 683 827 695 412 704 376 542 801 468 304 512 522 870 734 773 724 290 328 357 401 120 742 733 537 540 702 493 33 771 490 108 728 610 502 187 563 525 413 818 101 242 238 700 449 186 312 383 704 615 570 696 282 747 471 717 791 328 369 674 573 824 825 384 395 506 340 322
874 246 746 667 362 172 1060 50 1139 482 930 731 785 199 837 990 708 1117 778 959 0 97 252 677 582 825 803 772 515 70 833 819 873 612 705 802 625 649 331 735 857 1022 683 896 525 1190 794 1134 453 474 383 625 1050 606 368 235 751 922 707 940 773 929 517 886 851 88 522 573 927 722 982 442 673 807 327 210 897 439 231 586 1082 756 957 547 356 853 855 568 1098 522 342 67 871 693 895 305 833 547 609 694 955 710 559 588 262 619 101 755 800 318 172 748 703 532 270 873 423 153 904 816 862 655 370 1175 245 789 354 911 747 619 1152 307 820 470 956 804 799 367 1217 1058 426 263 118 501 300 1201 966 533 700 385 663 729 35 879 941 341 469 307 572 255 912 581 782 658 655 847 437 108 806 628 581 669 634 609 558 1079 217 404 671 518 401 840 992 463 857 985 265 755 638 892 407 797 601 388 871 833 1121 788 521 930 772 866 334 935 597 337 1165 505 758 390 270 633 926 606 386 729 377 1277 836 831 1086 1202
780 166 669 574 352 163 977 103 1047 388 833 664 688 113 744 893 639 1021 694 874 97 0 212 626 500 751 741 677 439 49 746 731 776 529 611 746 588 557 248 646 762 925 654 859 501 1098 720 1047 412 381 327 528 960 509 335 155 658 832 617 844 710 832 477 803 790 25 463 507 834 625 888 386 576 727 230 121 808 349 133 489 993 662 864 517 267 758 785 516 1003 425 281 35 776 598 802 230 750 450 528 597 892 613 463 531 261 528 53 661 715 249 190 682 670 504 174 777 381 92 807 728 799 579 288 1080 151 695 299 827 653 538 1058 307 724 384 859 729 725 282 1124 963 348 217 21 421 233 1110 899 467 604 349 578 669 123 789 851 301 389 261 500 178 815 536 696 606 571 750 352 105 715 542 491 584 553 521 475 994 134 312 629 421 306 742 907 377 760 906 168 659 540 819 316 700 506 307 789 740 1029 696 446 838 706 809 299 900 500 300 1072 417 661 296 259 547 829 514 304 645 297 1184 739 786 991 1109
696 118 516 501 155 91 838 208 946 338 818 487 665 146 658 845 466 953 792 743 252 212 0 425 613 589 554 622 574 255 831 809 737 637 653 550 377 627 389 721 796 882 442 648 289 1004 559 925 202 458 136 548 850 506 123 322 715 727 518 792 524 792 267 666 601 194 273 330 751 602 812 193 558 583 287 151 697 445 214 466 880 588 777 304 204 688 614 316 937 465 105 207 806 637 847 118 615 476 394 559 706 568 425 337 103 438 165 591 591 420 133 502 458 292 212 718 172 296 815 805 613 426 421 1001 186 617 107 693 699 401 969 134 741 496 826 570 562 410 1034 895 489 18 213 290 89 1002 720 290 561 136 681 479 246 683 744 90 519 55 337 107 775 329 783 406 445 750 250 144 781 638 574 461 416 419 350 864 130 406 420 417 382 738 775 486 754 754 228 694 538 654 258 707 450 442 649 662 932 754 294 749 526 614 87 689 523 88 977 514 652 381 83 434 786 578 193 745 436 1090 707 580 925 1017
545 471 248 454 364 510 526 633 706 448 785 149 656 526 515 737 156 785 971 466 677 626 425 0 848 264 154 563 848 673 981 953 673 860 765 129 111 793 712 874 862 781 168 260 220 775 246 641 227 682 299 656 605 591 316 686 839 521 401 687 137 716 171 392 190 612 169 159 587 611 650 240 594 312 570 522 481 700 564 536 623 497 599 181 429 571 253 109 775 636 345 629 862 748 924 408 361 621 274 556 298 548 491 102 449 392 585 510 378 766 535 145 142 203 532 619 255 694 828 946 211 223 727 802 526 507 326 417 807 268 754 423 787 755 753 257 243 713 809 737 787 414 620 296 396 739 324 184 547 296 886 86 670 482 525 336 797 370 198 456 701 103 944 19 306 763 362 569 907 841 774 318 267 360 298 569 502 672 72 545 636 744 488 746 752 422 554 783 610 303 429 742 467 745 368 536 702 872 248 573 157 193 347 301 645 343 747 749 673 645 429 339 704 747 368 934 745 850 665 168 767 787
625 494 726 482 764 628 916 603 873 400 502 789 420 477 605 623 761 771 195 813 582 500 613 848 0 807 883 488 83 512 255 246 516 30 227 920 876 133 252 178 345 633 961 1107 847 895 783 927 730 168 627 254 824 306 702 347 221 711 563 594 852 555 781 775 929 522 695 688 661 389 684 660 358 742 326 468 711 168 406 348 858 528 691 841 450 576 861 762 751 217 590 535 364 228 357 519 733 241 600 413 997 435 378 749 708 503 539 515 678 273 672 812 958 841 400 561 705 430 433 245 921 668 212 848 427 555 618 787 241 610 852 747 352 118 563 786 791 217 909 722 159 603 480 552 551 945 979 667 427 700 82 839 616 687 733 661 114 625 651 507 544 807 205 830 600 407 491 593 250 63 89 601 619 526 558 905 486 206 892 310 233 413 843 127 429 896 385 271 310 869 427 359 424 193 776 582 849 247 599 677 832 967 675 1148 244 671 879 102 373 232 694 558 560 140 505 147 205 972 475 1010 740 904
325 584 86 332 585 681 267 790 443 435 594 119 497 638 305 515 129 536 881 202 825 751 589 264 807 0 143 393 833 801 873 842 479 810 660 202 375 716 750 778 716 557 426 410 473 513 31 377 435 662 454 568 342 506 515 758 730 275 252 471 136 510 402 132 161 745 326 261 354 474 412 401 477 78 613 631 236 696 650 459 359 327 358 434 495 366 56 316 529 593 487 765 711 645 779 521 118 566 232 425 192 408 430 280 648 304 724 342 162 814 719 119 394 456 608 415 451 795 657 836 138 172 752 544 615 320 482 155 693 221 493 635 639 744 546 22 27 737 547 494 797 573 739 332 525 474 172 300 412 493 821 179 829 245 274 517 792 536 253 573 498 346 846 267 211 599 408 726 791 781 721 207 207 285 287 306 616 680 334 502 645 579 223 736 582 169 627 662 513 68 465 595 383 764 109 332 440 755 305 336 110 206 535 440 569 528 484 723 529 658 624 251 497 679 448 854 768 586 486 316 522 524
464 578 177 433 513 643 384 762 579 489 727 94 618 634 441 656 122 679 979 339 803 741 554 154 883 143 0 517 897 790 979 949 612 891 762 59 261 807 787 878 835 699 296 270 374 649 140 502 369 727 420 661 480 597 457 777 835 418 361 610 33 647 320 274 49 731 281 235 496 586 555 361 581 214 645 629 379 753 660 545 494 449 501 335 511 501 110 243 672 666 462 749 833 747 898 513 259 644 283 533 152 520 507 217 592 387 706 463 296 848 674 71 261 357 623 551 393 799 785 942 60 215 796 684 623 448 449 296 800 273 632 570 759 806 684 148 133 781 683 637 849 540 733 354 508 604 172 274 522 436 909 76 800 387 417 470 852 498 253 565 634 254 948 165 289 724 430 698 900 865 802 293 264 360 329 430 611 731 212 573 695 704 355 797 709 277 643 771 609 158 496 714 469 811 251 467 578 864 312 478 52 83 484 303 657 479 621 791 645 706 570 330 634 766 455 948 813 719 615 173 665 660
137 543 339 126 710 697 431 759 399 293 223 438 103 577 119 222 417 344 508 333 772 677 622 563 488 393 517 0 542 719 489 459 118 480 290 571 645 368 546 407 322 259 724 784 688 435 381 440 589 397 531 235 337 200 626 601 351 223 161 170 494 172 602 314 549 685 489 436 178 99 218 516 132 316 457 566 228 444 544 194 372 67 209 660 429 92 449 535 326 315 530 705 318 279 385 508 286 280 300 85 580 65 213 501 720 197 678 53 233 611 747 456 703 674 502 100 584 673 268 452 530 339 527 407 527 76 546 318 314 303 393 733 246 472 207 378 389 516 457 286 544 604 657 356 533 469 549 446 75 610 475 508 792 204 245 600 520 591 393 542 154 584 470 552 257 207 373 709 406 443 400 245 299 226 307 417 565 450 631 265 426 187 360 468 192 429 510 278 183 437 373 203 174 530 322 94 376 371 383 191 466 593 623 819 252 615 413 436 140 442 695 232 164 347 429 491 539 520 103 683 314 446
679 457 750 518 728 578 962 540 935 408 578 804 484 432 656 693 775 841 271 857 515 439 574 848 83 833 897 542 0 445 334 328 582 113 301 929 865 209 192 262 427 706 948 1108 826 961 807 982 710 171 605 307 880 348 672 283 304 762 598 661 865 625 765 814 944 463 688 689 718 446 746 644 409 773 296 424 758 147 361 382 914 574 749 823 431 633 885 755 821 242 564 473 446 300 441 491 768 274 615 462 1019 484 403 747 664 529 482 563 715 199 619 826 949 821 363 622 683 362 512 328 939 684 154 916 388 604 592 828 321 626 917 705 430 92 635 811 815 164 976 790 90 566 420 553 521 1007 1005 664 475 673 162 847 550 734 784 631 54 593 656 471 613 797 286 829 623 482 486 537 334 146 148 626 636 548 568 956 444 178 886 330 212 486 888 101 503 935 346 348 359 897 419 432 454 134 812 635 911 331 600 733 848 980 643 1149 290 639 943 110 438 206 651 581 629 202 490 224 142 1039 541 1013 809 970
826 216 719 619 387 194 1026 100 1093 433 869 713 726 162 790 934 688 1064 707 923 70 49 255 673 512 801 790 719 445 0 763 749 816 542 638 794 632 580 260 666 790 964 696 904 541 1143 769 1095 457 407 374 562 1007 546 377 165 682 878 664 885 759 872 522 852 839 61 511 556 879 664 932 433 615 776 267 170 855 370 175 529 1040 707 909 559 315 802 834 564 1045 457 330 49 804 626 827 279 799 484 578 638 941 655 506 579 291 575 90 705 763 249 211 731 713 546 218 819 426 83 839 746 848 628 300 1124 197 740 346 876 679 588 1103 337 755 400 898 779 775 297 1168 1005 356 262 64 471 282 1157 949 517 646 392 592 718 104 837 898 345 398 306 550 228 855 582 712 654 620 784 401 129 736 558 511 633 603 569 525 1042 184 335 674 460 334 777 956 393 795 955 209 688 577 869 363 733 551 318 838 784 1075 719 495 883 756 858 341 944 533 343 1118 436 697 323 293 595 869 538 354 659 307 1229 779 833 1033 1154
608 713 805 546 974 861 907 850 804 549 387 889 390 707 603 527 864 666 69 817 833 746 831 981 255 873 979 489 334 763 0 30 455 224 217 1026 1033 204 502 112 195 520 1118 1231 1029 806 855 884 912 375 816 326 784 390 902 598 144 697 621 521 951 471 952 803 1018 768 852 826 625 399 623 836 398 798 547 697 712 399 639 445 814 550 650 1015 643 555 929 915 647 372 787 782 211 233 161 724 773 373 710 448 1064 464 490 893 932 595 781 536 719 529 908 911 1109 1020 623 520 891 682 296 37 1004 772 462 745 653 566 814 807 179 718 765 966 255 363 460 855 864 466 810 630 415 818 726 698 756 874 1036 816 460 896 173 951 866 689 718 863 369 833 784 723 467 964 50 966 691 314 657 834 83 204 259 686 723 625 683 882 712 437 1037 448 453 330 841 369 338 917 613 211 372 923 604 292 516 446 811 575 779 118 743 646 927 1061 880 1270 339 875 797 329 348 458 914 652 481 255 687 110 458 870 425 1130 639 812
579 692 775 515 951 842 877 834 777 523 361 860 359 688 573 501 834 641 80 787 819 731 809 953 246 842 949 459 328 749 30 0 427 216 188 996 1005 181 489 88 169 495 1091 1202 1003 780 825 856 886 355 791 297 755 361 878 584 114 668 591 493 921 443 926 773 988 752 824 798 596 369 595 810 368 767 527 678 682 382 621 417 786 520 621 988 619 525 899 887 622 348 763 766 186 204 141 701 743 347 681 418 1034 434 462 865 911 566 764 505 689 519 889 881 1080 993 603 490 866 669 271 6 973 742 449 720 633 536 789 777 149 689 739 944 226 349 434 824 834 452 785 604 405 796 710 670 734 847 1006 788 430 871 165 922 851 659 688 839 359 809 756 702 440 936 44 937 662 285 631 816 52 191 240 656 693 596 654 853 692 420 1009 421 434 302 811 355 310 887 594 181 343 893 579 262 487 434 781 545 752 87 715 616 897 1031 857 1240 311 851 771 313 318 440 892 622 453 231 662 109 446 845 395 1100 613 787
165 652 438 244 828 808 453 864 360 402 114 540 99 682 175 118 523 261 490 372 873 776 737 673 516 479 612 118 582 816 455 427 0 502 294 669 760 385 621 396 266 148 836 883 806 378 473 430 708 461 649 284 328 274 744 687 336 249 273 78 593 56 720 377 640 786 607 552 170 154 172 635 202 402 550 670 271 509 642 287 359 176 194 778 539 115 533 651 241 383 647 807 255 289 323 620 363 349 417 180 657 168 317 617 835 315 783 165 318 683 859 557 814 791 603 68 703 763 184 420 618 451 597 334 629 166 664 373 300 418 335 850 200 527 89 467 480 588 393 208 602 719 756 475 647 432 620 564 176 728 484 613 895 251 267 718 571 708 510 652 38 700 448 663 371 142 489 817 374 461 434 357 414 345 426 427 671 523 742 356 504 125 392 524 119 478 608 263 247 512 483 169 286 595 391 147 335 343 502 191 565 685 740 916 308 732 363 486 143 520 811 349 52 380 543 484 606 457 42 783 229 388
617 518 731 482 788 655 910 632 861 412 482 797 408 503 598 605 769 754 165 808 612 529 637 860 30 810 891 480 113 542 224 216 502 0 209 929 892 116 281 149 320 615 977 1119 867 880 787 917 749 186 647 249 814 305 724 377 196 703 563 579 859 539 798 773 936 551 710 700 650 381 671 678 353 744 350 494 705 192 433 350 848 523 681 860 469 567 865 777 734 225 611 564 339 212 329 541 732 246 608 408 1001 430 383 763 734 508 567 510 677 304 700 819 973 860 425 549 725 460 410 215 927 676 241 831 453 549 639 784 219 618 837 771 331 145 544 789 795 246 893 706 190 627 509 564 573 933 982 681 422 721 51 848 645 681 726 683 145 648 663 530 528 823 174 842 606 387 506 621 221 40 89 606 626 531 567 898 511 231 906 318 255 395 838 154 410 894 411 251 306 871 444 341 427 223 775 575 836 220 612 667 839 974 698 1160 242 693 865 123 360 256 718 564 544 134 523 117 235 956 461 1021 723 889
421 541 589 330 785 697 720 712 654 343 276 672 204 547 409 396 646 544 221 623 705 611 653 765 227 660 762 290 301 638 217 188 294 209 0 809 820 93 395 118 151 406 905 1014 823 671 641 716 708 232 618 112 613 175 708 482 73 510 407 370 734 329 744 600 802 628 640 611 449 192 464 631 182 586 387 536 518 275 486 230 646 344 478 807 453 369 716 702 524 190 594 645 166 17 195 538 566 176 493 235 852 254 276 679 756 378 635 330 511 444 747 693 894 813 460 345 691 567 214 181 788 554 361 622 490 365 619 607 46 501 628 785 130 269 335 641 650 357 683 496 343 638 589 486 571 726 826 603 248 699 190 734 734 494 532 671 303 645 569 548 319 752 186 750 474 180 452 682 142 168 155 469 505 408 467 703 546 304 822 244 304 186 650 270 202 718 455 51 155 713 407 132 299 352 605 382 629 108 530 468 710 844 690 1052 132 684 656 225 156 315 736 434 335 107 489 200 364 746 254 912 513 680
522 586 231 482 493 637 436 759 636 521 783 136 671 641 498 714 162 738 1024 397 802 746 550 129 920 202 59 571 929 794 1026 996 669 929 809 0 224 849 809 923 887 757 246 213 343 706 199 557 356 760 420 705 538 640 445 793 882 478 413 668 76 704 300 334 68 734 283 249 555 637 614 360 629 272 667 637 438 783 674 587 551 503 560 304 529 558 166 233 731 703 464 751 885 793 950 522 318 683 321 583 171 570 547 215 577 431 708 517 353 868 663 115 210 327 638 608 383 809 839 989 95 255 821 743 636 504 448 355 847 312 691 552 810 837 741 206 192 806 741 696 877 538 739 378 513 659 204 284 572 424 949 82 796 446 476 463 882 494 275 572 691 232 993 145 334 777 452 694 947 905 840 340 305 402 362 484 618 759 172 610 723 757 412 828 763 330 659 819 654 213 519 765 512 837 311 524 636 912 334 538 104 64 475 248 699 470 678 825 697 734 558 374 691 806 471 991 838 774 670 115 724 717
643 449 352 529 283 453 638 578 815 486 869 258 733 500 610 833 260 889 1016 576 625 588 377 111 876 375 261 645 865 632 1033 1005 760 892 820 224 0 837 711 923 929 876 85 271 120 884 355 752 176 708 273 708 714 645 257 671 893 625 486 781 247 806 111 501 291 571 182 212 687 683 751 223 659 419 575 499 585 719 550 590 733 583 702 84 434 664 364 118 878 672 320 585 932 803 991 392 467 663 346 627 396 622 544 145 377 461 542 595 480 760 469 255 85 106 525 711 207 666 905 999 316 310 733 909 512 597 296 527 864 343 862 344 857 774 844 367 353 718 918 839 796 370 586 335 372 849 428 217 620 240 923 197 613 585 631 287 813 326 256 433 790 69 993 108 388 838 385 516 963 877 809 402 346 429 356 680 477 687 53 587 652 820 598 765 830 533 546 844 668 414 449 813 528 751 477 630 810 929 290 675 268 284 292 311 694 289 856 775 745 659 362 414 794 788 375 975 750 960 748 210 869 896
503 511 640 384 769 661 799 660 744 351 369 715 291 508 487 489 688 638 178 699 649 557 627 793 133 716 807 368 209 580 204 181 385 116 93 849 837 0 325 93 223 500 922 1048 827 763 695 802 709 176 612 147 699 210 698 417 104 591 465 462 777 422 752 669 850 577 655 635 535 268 554 634 245 646 346 497 595 209 442 262 733 415 565 815 438 452 772 720 618 168 582 593 241 95 249 520 631 173 528 301 908 322 303 701 729 420 588 402 575 367 709 737 915 818 422 433 688 504 302 177 839 594 288 715 453 439 609 678 112 538 720 762 220 190 429 696 703 287 776 589 259 614 536 502 552 816 886 621 315 692 107 771 680 571 613 658 217 628 594 520 412 768 158 776 519 273 456 638 158 76 71 516 544 447 495 785 511 245 845 250 254 279 728 193 296 789 413 139 204 773 401 225 338 276 672 462 720 139 549 552 755 890 676 1088 150 670 748 147 244 262 711 477 428 50 484 141 288 839 344 948 607 772
673 277 663 479 545 387 925 351 943 316 650 696 523 244 642 739 668 880 447 818 331 248 389 712 252 750 787 546 192 260 502 489 621 281 395 809 711 325 0 407 543 762 791 968 656 981 721 968 545 165 441 341 871 348 496 95 429 744 547 697 754 672 605 761 836 272 544 560 721 468 763 487 420 703 142 238 730 120 175 354 905 556 753 659 282 637 796 610 861 237 396 283 560 385 575 322 710 271 518 460 923 481 353 609 475 463 290 549 662 67 427 717 796 654 188 641 516 180 606 487 836 584 39 949 207 589 423 780 431 529 939 517 520 139 692 727 728 38 1002 824 102 383 229 433 348 1012 918 529 471 500 332 727 364 708 766 455 140 415 535 292 657 647 451 692 542 558 357 345 479 298 255 549 543 471 465 929 259 97 739 284 119 556 851 133 574 878 168 446 374 818 291 506 406 58 753 628 921 465 475 731 741 866 464 1010 314 461 959 178 485 104 464 504 672 289 343 398 49 1065 579 880 849 992
535 604 706 447 862 754 835 749 755 438 353 787 315 600 525 487 761 633 102 740 735 646 721 874 178 778 878 407 262 666 112 88 396 149 118 923 923 93 407 0 175 489 1008 1126 917 766 759 825 799 268 704 218 723 283 790 502 60 625 525 469 849 423 841 718 919 666 741 717 560 310 568 724 301 705 439 590 634 297 533 338 755 463 587 903 531 482 834 805 613 260 675 681 194 132 179 613 684 261 604 354 970 373 382 784 822 492 678 448 629 442 802 809 999 908 515 454 779 588 272 84 906 668 369 711 545 483 702 724 96 613 724 855 204 268 422 759 767 370 775 590 330 708 625 587 645 827 945 706 367 784 107 847 767 611 646 751 285 721 676 613 416 853 70 858 589 264 545 729 72 116 155 585 618 521 575 815 604 334 928 336 346 276 766 273 289 836 506 134 268 832 492 227 411 354 724 498 731 71 633 579 826 961 769 1165 229 763 754 230 269 353 804 549 431 143 575 87 367 837 360 1025 603 774
426 687 657 408 922 845 720 862 609 472 192 751 219 696 427 332 728 472 243 636 857 762 796 862 345 716 835 322 427 790 195 169 266 320 151 887 929 223 543 175 0 326 1012 1098 946 611 703 691 833 383 749 247 592 296 842 632 123 514 473 327 810 276 863 631 870 779 755 716 437 250 430 756 270 638 537 685 532 424 637 347 621 389 460 926 593 373 772 812 453 339 730 797 19 164 63 679 608 321 587 306 903 316 394 784 899 470 786 374 556 590 895 771 997 934 609 333 819 718 102 163 852 641 508 551 639 398 754 631 112 593 570 926 76 412 265 700 711 505 616 435 483 780 740 602 711 679 871 714 315 832 282 819 886 511 533 807 440 784 672 693 274 862 201 848 557 124 580 832 122 281 294 549 595 502 573 693 694 455 924 380 455 143 658 415 147 740 605 103 267 759 544 121 400 497 642 398 584 103 642 458 784 914 827 1135 272 821 602 369 190 466 878 522 287 254 623 253 510 676 241 996 444 618
236 800 535 384 968 956 455 1012 295 549 136 639 240 830 266 43 626 145 569 403 1022 925 882 781 633 557 699 259 706 964 520 495 148 615 406 757 876 500 762 489 326 0 948 968 933 286 558 392 841 599 789 422 307 420 883 832 429 288 395 95 684 92 847 435 718 935 736 676 204 300 155 771 349 484 698 819 323 648 791 436 329 304 206 902 687 212 605 773 127 525 790 955 309 406 365 767 439 491 543 329 714 316 465 737 979 453 931 296 406 822 1006 652 923 918 751 169 839 910 224 489 692 566 736 224 778 282 805 422 398 543 246 992 285 660 71 550 565 728 290 115 735 864 904 613 793 360 671 693 324 866 588 712 1043 312 297 859 701 851 636 800 109 821 527 774 493 227 633 965 448 574 558 478 536 479 560 415 819 664 853 504 648 220 412 658 204 511 756 364 391 574 630 274 432 733 455 246 270 424 635 223 656 762 882 997 448 874 280 617 277 663 955 479 96 505 688 574 745 349 185 872 118 292
713 523 416 610 326 510 680 634 869 571 947 316 813 572 682 905 324 953 1101 628 683 654 442 168 961 426 296 724 948 696 1118 1091 836 977 905 246 85 922 791 1008 1012 948 0 218 158 939 411 798 248 793 350 793 769 730 319 746 979 688 564 854 291 881 186 556 314 636 267 296 755 765 819 304 742 479 656 573 649 802 626 675 785 660 767 137 517 738 405 203 943 758 396 648 1015 888 1074 470 528 749 427 709 409 703 629 227 426 543 606 672 547 837 519 309 37 151 603 785 279 736 986 1084 342 385 814 968 589 672 370 581 949 423 919 387 940 858 919 421 407 799 973 905 878 437 654 420 447 898 448 302 702 306 1008 247 668 650 692 354 895 395 339 508 866 154 1078 174 466 920 470 575 1048 962 894 479 425 511 440 725 551 769 95 672 736 901 648 848 911 573 624 928 753 454 533 896 612 833 533 703 866 1014 375 741 316 295 355 255 779 354 910 859 827 742 414 495 869 874 458 1061 830 1012 827 189 935 950
734 716 445 691 544 723 609 848 823 707 997 347 884 768 711 925 370 939 1224 591 896 859 648 260 1107 410 270 784 1108 904 1231 1202 883 1119 1014 213 271 1048 968 1126 1098 968 218 0 375 893 411 731 447 942 540 907 730 842 527 936 1087 684 625 880 290 917 381 537 251 842 424 419 765 847 821 485 836 484 828 767 646 960 814 787 738 716 768 348 686 772 365 358 934 894 587 856 1097 997 1161 656 529 878 521 793 296 781 745 361 643 636 813 730 566 1021 736 328 193 365 785 821 478 935 1053 1195 279 459 986 936 776 718 564 556 1054 512 882 605 1022 1015 954 418 404 971 926 901 1046 641 857 555 639 835 344 443 783 512 1143 280 882 655 681 558 1057 597 456 700 905 326 1196 279 541 990 622 787 1154 1099 1032 549 508 605 553 660 745 932 232 802 896 970 600 1006 977 506 807 1027 859 404 689 977 715 1003 515 737 826 1119 508 746 318 209 563 41 898 560 866 1009 908 905 629 580 905 1003 625 1189 1003 953 884 101 928 903
707 382 434 564 169 352 740 476 904 480 909 353 765 426 672 890 348 962 1003 669 525 501 289 220 847 473 374 688 826 541 1029 1003 806 867 823 343 120 827 656 917 946 933 158 375 0 972 449 850 117 680 220 711 802 652 166 603 895 703 537 837 356 856 86 591 409 481 198 257 756 709 821 193 678 505 529 428 664 683 485 599 824 631 774 39 397 721 471 164 950 658 261 492 951 806 1005 335 551 655 390 655 515 654 552 203 268 493 451 641 554 698 361 356 182 17 468 764 142 585 935 997 431 373 683 989 450 650 233 618 869 390 945 230 877 738 893 461 448 669 1005 909 749 286 502 344 308 944 544 241 651 157 903 304 509 660 711 205 771 246 296 366 839 127 985 210 440 867 372 418 964 857 789 455 397 462 382 779 406 648 174 581 616 850 694 728 862 638 488 854 679 520 426 836 548 703 568 688 897 932 307 746 373 404 202 413 692 202 943 745 770 620 256 456 846 776 344 960 699 1051 789 327 940 984
