42
0 764 404 202 518 373 1010 301 513 620 752 821 340 96 593 215 417 447 597 218 470 561 400 890 729 924 689 677 722 755 452 118 756 753 877 788 601 910 645 769 697 554
764 0 832 756 973 485 572 591 317 694 1058 491 429 667 601 554 568 835 729 890 403 204 390 712 36 762 117 762 923 1033 419 766 385 1110 273 1076 572 810 913 249 783 212
404 832 0 203 148 352 817 259 720 311 349 635 468 404 345 402 268 46 266 253 724 647 462 602 808 622 721 335 326 351 712 285 624 360 813 385 371 584 244 950 348 676
202 756 203 0 329 284 882 178 577 438 553 691 339 206 429 237 271 245 407 139 563 554 365 721 726 751 659 487 520 554 548 85 647 559 805 588 444 729 443 825 506 568
518 973 148 329 0 499 900 407 869 381 251 729 616 536 442 546 405 138 330 325 871 793 609 653 951 662 860 376 295 267 859 402 735 237 934 288 472 611 209 1098 380 823
373 485 352 284 499 0 638 108 389 339 634 450 148 293 271 186 116 363 344 424 416 294 113 551 459 593 380 413 532 618 410 320 383 671 522 661 266 598 490 601 437 324
1010 572 817 882 900 638 0 716 804 518 837 190 722 930 472 817 610 789 569 1013 882 609 646 292 589 320 504 535 684 801 890 942 264 907 304 835 448 394 730 821 539 661
301 591 259 178 407 108 716 0 462 336 572 526 209 241 294 172 116 278 324 318 473 396 206 590 564 627 488 402 491 561 462 226 473 600 626 602 300 619 435 691 425 419
513 317 720 577 869 389 804 462 0 710 1023 663 252 423 626 341 505 740 726 688 86 195 278 846 281 895 312 786 919 1008 101 554 555 1058 546 1050 608 922 880 256 810 142
620 694 311 438 381 339 518 336 710 0 371 350 487 574 93 503 230 277 51 544 750 563 435 292 682 316 576 75 229 342 746 518 376 431 584 385 122 291 234 880 99 610
752 1058 349 553 251 634 837 572 1023 371 0 700 775 753 462 736 520 310 330 574 1043 907 746 552 1043 542 941 318 154 37 1034 634 744 71 952 37 492 475 146 1225 305 948
821 491 635 691 729 450 190 526 663 350 700 0 545 743 290 632 419 610 401 823 734 469 470 226 497 273 395 384 547 666 739 751 110 767 277 705 263 330 578 730 395 524
340 429 468 339 616 148 722 209 252 487 775 545 0 244 415 126 264 488 493 466 269 224 75 680 396 724 348 562 679 761 261 338 457 807 545 803 405 736 633 488 586 229
96 667 404 206 536 293 930 241 423 574 753 743 244 0 535 121 356 443 558 276 388 464 307 829 633 867 593 637 703 751 370 146 672 764 785 788 539 860 633 679 659 458
593 601 345 429 442 271 472 294 626 93 462 290 415 535 0 449 179 320 132 550 671 472 356 296 589 332 483 164 322 434 668 502 295 519 500 477 31 327 321 788 187 521
215 554 402 237 546 186 817 172 341 503 736 632 126 121 449 0 273 431 496 350 327 349 186 736 521 777 474 572 663 728 313 218 556 758 664 768 448 777 603 592 595 350
417 568 268 271 405 116 610 116 505 230 520 419 264 356 179 273 0 267 230 406 533 393 226 474 546 511 455 302 415 503 526 334 379 560 553 546 185 505 375 707 326 430
447 835 46 245 138 363 789 278 740 277 310 610 488 443 320 431 267 0 229 299 749 656 475 565 813 583 722 294 280 309 738 329 607 326 801 344 348 543 198 964 306 688
597 729 266 407 330 344 569 324 726 51 330 401 493 558 132 496 230 229 0 506 760 588 448 336 715 356 611 80 197 304 754 490 424 387 630 347 163 324 188 907 101 633
218 890 253 139 325 424 1013 318 688 544 574 823 466 276 550 350 406 299 506 0 662 686 500 834 859 860 796 581 578 584 645 134 784 562 945 611 569 829 493 942 597 695
470 403 724 563 871 416 882 473 86 750 1043 734 269 388 671 327 533 749 760 662 0 273 315 908 367 956 397 826 949 1031 19 528 629 1073 631 1072 657 978 903 310 850 224
561 204 647 554 793 294 609 396 195 563 907 469 224 464 472 349 393 656 588 686 273 0 190 661 172 710 138 637 785 886 282 561 360 952 365 930 449 743 761 318 660 55
400 390 462 365 609 113 646 206 278 435 746 470 75 307 356 186 226 475 448 500 315 190 0 610 361 656 297 511 640 730 311 380 382 784 478 772 343 671 602 488 535 213
890 712 602 721 653 551 292 590 846 292 552 226 680 829 296 736 474 565 336 834 908 661 610 0 716 49 610 277 403 515 909 797 326 624 500 547 290 108 462 945 273 716
729 36 808 726 951 459 589 564 281 682 1043 497 396 633 589 521 546 813 715 859 367 172 361 716 0 765 108 752 911 1019 382 734 390 1093 296 1062 561 812 898 234 773 176
924 762 622 751 662 593 320 627 895 316 542 273 724 867 332 777 511 583 356 860 956 710 656 49 765 0 659 289 397 505 957 829 376 614 545 534 329 73 464 995 282 765
689 117 721 659 860 380 504 488 312 576 941 395 348 593 483 474 455 722 611 796 397 138 297 610 108 659 0 645 805 915 408 677 286 992 234 959 455 704 796 335 666 175
677 762 335 487 376 413 535 402 786 75 318 384 562 637 164 572 302 294 80 581 826 637 511 277 752 289 645 0 167 286 821 570 427 383 635 326 190 249 196 953 24 685
722 923 326 520 295 532 684 491 919 229 154 547 679 703 322 663 415 280 197 578 949 785 640 403 911 397 805 167 0 119 941 605 594 223 802 159 351 335 87 1104 152 830
755 1033 351 554 267 618 801 561 1008 342 37 666 761 751 434 728 503 309 304 584 1031 886 730 515 1019 505 915 286 119 0 1021 636 713 109 921 43 464 438 128 1205 272 928
452 419 712 548 859 410 890 462 101 746 1034 739 261 370 668 313 526 738 754 645 19 282 311 909 382 957 408 821 941 1021 0 511 634 1062 643 1063 654 978 894 330 845 234
118 766 285 85 402 320 942 226 554 518 634 751 338 146 502 218 334 329 490 134 528 561 380 797 734 829 677 570 605 636 511 0 698 636 842 669 514 809 527 808 589 566
756 385 624 647 735 383 264 473 555 376 744 110 457 672 295 556 379 607 424 784 629 360 382 326 390 376 286 427 594 713 634 698 0 807 208 754 264 426 611 621 442 415
753 1110 360 559 237 671 907 600 1058 431 71 767 807 764 519 758 560 326 387 562 1073 952 784 624 1093 614 992 383 223 109 1062 636 807 0 1014 90 550 547 198 1268 372 990
877 273 813 805 934 522 304 626 546 584 952 277 545 785 500 664 553 801 630 945 631 365 478 500 296 545 234 635 802 921 643 842 208 1014 0 962 469 606 818 521 650 408
788 1076 385 588 288 661 835 602 1050 385 37 705 803 788 477 768 546 344 347 611 1072 930 772 547 1062 534 959 326 159 43 1063 669 754 90 962 0 507 465 170 1248 312 971
601 572 371 444 472 266 448 300 608 122 492 263 405 539 31 448 185 348 163 569 657 449 343 290 561 329 455 190 351 464 654 514 264 550 469 507 0 331 352 764 212 499
910 810 584 729 611 598 394 619 922 291 475 330 736 860 327 777 505 543 324 829 978 743 671 108 812 73 704 249 335 438 978 809 426 547 606 465 331 0 407 1038 236 798
645 913 244 443 209 490 730 435 880 234 146 578 633 633 321 603 375 198 188 493 903 761 602 462 898 464 796 196 87 128 894 527 611 198 818 170 352 407 0 1079 191 802
769 249 950 825 1098 601 821 691 256 880 1225 730 488 679 788 592 707 964 907 942 310 318 488 945 234 995 335 953 1104 1205 330 808 621 1268 521 1248 764 1038 1079 0 976 277
697 783 348 506 380 437 539 425 810 99 305 395 586 659 187 595 326 306 101 597 850 660 535 273 773 282 666 24 152 272 845 589 442 372 650 312 212 236 191 976 0 708
554 212 676 568 823 324 661 419 142 610 948 524 229 458 521 350 430 688 633 695 224 55 213 716 176 765 175 685 830 928 234 566 415 990 408 971 499 798 802 277 708 0
