146
0 604 655 345 690 503 509 451 758 670 157 184 255 495 461 762 505 515 119 501 344 256 412 192 149 310 284 125 354 314 517 686 482 495 347 502 306 714 125 460 280 382 292 286 279 306 302 67 376 460 203 675 206 447 203 473 338 733 675 776 372 471 624 508 230 316 475 385 246 444 605 198 301 334 255 500 332 464 249 673 284 569 312 451 329 613 416 381 131 588 540 262 442 255 517 215 314 347 261 700 150 474 475 297 567 168 492 617 101 106 244 677 569 575 94 102 269 274 462 275 483 298 467 181 386 574 351 589 673 332 438 672 270 628 591 500 109 645 180 311 396 681 525 225 449 420
604 0 656 803 164 1066 164 201 178 755 594 723 619 339 476 795 579 832 717 990 309 350 219 693 561 858 344 646 806 290 191 729 300 833 460 664 776 118 729 521 324 265 724 828 503 461 589 570 629 911 405 519 584 279 717 965 266 758 733 658 880 142 760 1051 562 564 741 260 432 355 299 760 789 636 829 476 820 844 600 536 886 850 864 359 444 825 218 977 703 676 138 852 788 483 481 782 812 470 836 568 454 243 496 835 857 438 809 680 504 657 441 171 462 713 519 603 335 746 496 627 622 464 1010 564 219 620 782 363 626 724 254 171 831 480 773 432 519 205 780 729 841 743 251 803 1006 842
655 656 0 1000 570 797 731 489 817 114 785 839 421 322 224 140 150 359 749 629 457 614 505 543 759 646 497 778 1008 593 467 74 828 382 849 186 515 753 710 202 567 699 467 934 379 367 896 588 970 539 558 176 819 401 859 618 564 103 83 151 597 650 156 748 427 341 287 697 737 328 371 629 957 942 887 199 987 1112 418 155 796 329 953 851 353 253 681 822 781 96 733 725 379 409 188 858 558 323 892 145 614 426 202 622 341 619 1126 67 631 762 442 825 193 148 656 744 576 929 212 894 182 812 721 787 607 81 473 299 51 974 434 544 654 189 205 235 679 846 717 454 504 93 405 673 744 1073
345 803 1000 0 932 654 657 714 911 1015 231 168 597 806 799 1108 850 836 277 739 635 483 672 505 264 538 571 222 9 542 785 1032 558 812 363 847 603 887 333 803 531 538 610 129 622 642 224 412 228 733 484 1007 222 741 143 715 580 1079 1021 1116 624 660 967 689 576 662 811 542 372 761 901 456 52 192 196 837 42 133 593 1007 389 894 153 499 663 949 585 483 230 934 690 435 763 594 853 185 590 686 198 1037 416 758 815 541 890 422 194 963 382 239 572 805 900 920 356 259 517 71 802 178 829 343 657 249 598 919 656 901 1016 92 723 921 497 958 931 830 339 752 367 629 685 1027 813 445 623 77
690 164 570 932 0 1108 325 239 261 679 712 833 643 293 436 701 529 811 808 1006 353 455 277 739 677 903 407 754 936 393 180 645 462 818 609 623 803 202 809 482 415 406 747 941 522 476 729 643 777 921 487 410 710 274 832 983 359 667 653 540 910 283 697 1084 593 570 716 401 561 331 199 817 913 778 933 422 944 987 624 430 961 817 975 519 453 776 359 1042 804 612 302 916 779 513 421 887 843 470 939 457 548 235 451 878 825 535 958 608 597 760 483 312 384 657 616 710 429 871 455 761 582 604 1045 686 333 553 798 272 532 860 266 26 882 382 722 378 621 360 854 748 855 663 206 864 1047 979
503 1066 797 654 1108 0 1001 879 1235 734 621 529 468 838 726 825 690 452 440 187 762 744 850 372 632 208 722 554 662 792 928 777 986 424 841 614 311 1183 393 692 751 879 369 524 587 633 758 510 815 263 670 916 669 835 560 187 805 815 760 948 207 950 670 61 515 551 510 881 749 790 961 312 605 767 457 760 613 782 485 902 267 504 507 953 658 592 907 171 489 700 1029 247 417 595 772 479 267 648 455 914 641 872 724 231 493 660 848 732 598 525 629 1167 835 653 597 570 743 617 713 711 632 793 75 657 862 730 334 913 841 709 843 1085 238 887 615 788 612 1141 335 373 293 760 909 277 60 721
509 164 731 657 325 1001 0 241 258 816 465 597 590 409 522 871 625 838 611 952 302 256 229 637 435 795 305 524 659 211 279 798 136 833 303 697 735 230 634 562 255 130 689 697 488 456 437 491 470 883 333 621 446 329 587 925 211 834 799 762 832 80 808 995 531 558 753 126 298 404 414 688 649 481 708 535 678 687 571 635 792 866 734 194 447 858 93 891 588 730 33 770 782 461 544 661 764 480 714 669 361 306 544 775 871 342 649 741 408 541 411 167 544 757 416 485 260 606 540 479 656 313 953 431 150 679 752 464 711 574 296 328 762 576 810 496 409 143 689 699 811 809 340 727 943 690
451 201 489 714 239 879 241 0 379 577 486 601 422 168 286 630 390 632 570 793 116 231 42 507 452 672 168 522 719 174 71 557 349 632 430 470 581 318 570 329 184 237 527 710 304 260 530 404 589 712 249 386 492 88 603 768 135 593 559 525 687 161 573 860 367 363 541 234 353 166 201 581 689 580 697 295 722 784 403 398 722 651 743 385 243 632 205 804 568 493 244 679 587 287 303 653 619 269 704 432 313 66 308 648 658 301 768 502 360 526 250 352 303 524 381 478 198 649 305 553 428 412 819 465 141 440 584 233 469 651 57 220 648 338 581 255 389 362 615 532 643 569 113 627 818 768
758 178 817 911 261 1235 258 379 0 921 724 856 795 510 650 953 751 1010 865 1166 486 501 396 864 693 1028 515 782 913 446 364 891 359 1011 550 839 950 64 884 696 485 387 899 955 680 639 688 732 712 1088 567 666 704 455 846 1140 430 917 897 799 1054 287 930 1223 738 742 918 383 556 530 447 926 906 729 966 647 934 930 776 685 1043 1027 993 422 622 999 345 1137 845 846 225 1014 966 660 650 919 985 649 973 714 608 418 669 1006 1034 590 883 847 657 798 616 113 624 885 668 742 494 863 670 733 797 568 1181 689 375 788 959 518 783 825 431 283 998 633 946 602 664 176 938 906 1018 907 418 968 1176 939
670 755 114 1015 679 734 816 577 921 0 812 849 419 416 294 97 195 283 750 557 527 671 587 530 789 606 557 795 1023 660 563 50 903 310 903 167 478 856 705 258 628 770 439 936 410 410 934 605 1010 471 605 291 850 488 871 549 634 80 33 240 545 735 63 681 440 355 234 769 786 411 480 609 968 978 882 282 997 1133 422 269 769 239 950 920 403 154 758 781 789 89 822 696 321 443 275 859 517 369 887 257 654 518 271 584 251 661 1155 75 662 775 485 922 296 96 687 765 635 944 277 925 189 862 659 819 683 136 429 407 164 999 520 653 621 302 119 323 710 938 702 423 448 28 504 649 686 1090
157 594 785 231 712 621 465 486 724 812 0 132 407 575 575 901 636 673 180 646 404 257 444 349 34 447 340 68 237 318 557 823 398 652 224 646 462 690 228 584 303 337 450 233 406 420 146 211 218 613 253 779 50 510 123 619 354 870 814 893 519 452 770 637 373 456 629 341 167 530 670 339 202 176 243 612 235 327 398 780 367 726 269 351 439 767 381 474 138 727 499 374 599 376 629 197 466 465 250 811 185 528 593 439 724 190 342 754 155 96 347 627 672 720 129 56 288 162 581 117 623 180 597 38 380 706 508 670 797 188 492 699 404 730 741 602 109 583 286 469 552 821 583 353 573 294
184 723 839 168 833 529 597 601 856 849 132 0 430 669 645 942 689 668 111 588 507 377 560 336 162 385 443 78 177 440 671 867 529 644 346 681 437 821 168 645 418 468 441 109 464 489 235 252 286 573 355 858 163 613 31 563 473 914 856 960 467 581 800 555 412 498 643 473 299 621 773 293 119 238 111 684 148 297 427 856 263 726 142 479 511 780 512 369 61 770 631 291 595 439 701 65 428 531 118 884 288 635 660 384 722 299 342 799 244 80 424 759 751 753 221 123 404 103 647 184 665 307 519 168 506 758 489 765 858 186 599 818 342 810 763 682 211 715 212 461 522 862 689 289 489 245
255 619 421 597 643 468 590 422 795 419 407 430 0 371 273 514 276 275 331 371 309 356 399 126 390 269 285 381 605 381 464 440 620 261 549 252 160 738 289 251 338 490 105 517 120 166 544 195 619 294 272 484 451 368 453 346 379 487 428 557 267 523 370 441 58 91 222 491 430 322 494 215 549 581 466 311 578 718 19 475 384 323 533 612 190 359 503 432 369 343 611 318 206 135 326 440 201 180 471 497 288 407 277 243 323 302 747 374 275 358 180 745 388 323 294 355 336 527 265 524 240 501 402 422 440 340 164 450 449 588 380 619 260 445 335 331 319 733 297 110 223 433 441 263 407 673
495 339 322 806 293 838 409 168 510 416 575 669 371 0 143 463 241 517 611 721 176 345 190 484 543 640 236 594 813 304 147 392 515 524 571 332 527 446 596 189 292 395 470 777 256 211 650 433 717 633 322 224 594 84 679 699 268 426 395 361 633 330 420 808 331 288 422 392 475 51 122 570 773 700 750 137 806 895 355 233 730 524 805 546 185 490 369 796 624 336 411 674 486 260 141 710 570 190 756 267 390 104 160 614 533 385 890 341 426 589 251 506 134 375 452 551 305 736 163 663 291 544 770 563 298 281 514 95 301 756 117 267 627 174 437 93 467 524 628 468 569 405 92 619 778 869
461 476 224 799 436 726 522 286 650 294 575 645 273 143 0 359 103 375 567 593 235 390 293 397 546 539 273 577 806 370 285 282 609 383 625 189 415 586 539 46 342 478 358 747 184 156 677 394 750 503 337 216 605 199 661 573 342 323 280 317 518 442 287 690 251 181 280 476 514 121 250 487 758 725 708 40 790 902 261 212 654 381 770 629 136 349 464 705 592 207 530 590 350 206 56 674 460 113 714 239 397 233 22 512 389 399 911 220 419 565 227 637 115 238 446 539 352 727 19 678 148 589 654 573 389 159 393 190 224 764 229 409 532 173 297 63 466 649 560 352 444 290 234 535 666 868
762 795 140 1108 701 825 871 630 953 97 901 942 514 463 359 0 270 372 845 644 594 747 645 626 877 703 631 887 1116 730 606 78 967 400 981 262 575 889 801 331 701 837 536 1031 496 491 1020 696 1094 561 686 294 938 542 964 639 701 37 86 198 640 791 157 770 532 446 330 835 866 468 505 706 1062 1064 979 338 1091 1224 515 273 866 323 1046 989 481 234 821 877 883 174 874 793 416 528 328 954 614 448 983 250 738 567 337 680 335 744 1244 147 749 868 567 965 332 193 774 856 710 1037 345 1013 278 942 750 906 746 202 525 434 169 1089 575 676 718 320 211 375 798 987 799 520 542 80 544 746 779 1182
505 579 150 850 529 690 625 390 751 195 636 689 276 241 103 270 0 295 600 539 332 477 396 401 610 520 362 628 858 464 387 192 708 309 710 96 390 687 563 63 433 575 337 785 229 220 750 438 824 447 415 226 670 303 708 523 439 236 186 280 483 545 183 647 277 192 202 574 595 225 334 490 806 795 739 106 837 962 272 212 658 290 804 725 210 248 564 694 632 106 633 589 286 260 108 709 434 177 744 227 468 336 82 494 300 473 977 124 482 611 296 741 160 134 507 593 441 778 84 745 61 671 616 638 489 70 356 266 172 824 333 502 522 202 195 150 530 753 574 326 398 195 333 536 633 923
515 832 359 836 811 452 838 632 1010 283 673 668 275 517 375 372 295 0 558 274 537 624 622 332 659 350 535 635 845 639 650 328 886 29 824 199 239 948 504 329 597 752 226 735 351 382 814 464 889 188 541 508 719 555 696 266 629 363 311 509 275 764 219 398 327 280 94 753 705 484 624 387 785 849 672 395 810 965 290 490 525 60 741 883 393 141 758 517 607 264 854 452 73 381 400 660 266 363 675 494 563 594 362 331 54 577 1003 292 550 608 432 979 455 211 568 618 599 771 356 790 234 777 377 691 688 308 184 559 408 843 578 784 375 493 163 436 592 977 483 207 179 309 606 415 407 914
119 717 749 277 808 440 611 570 865 750 180 111 331 611 567 845 600 558 0 481 464 366 530 228 195 278 403 113 286 427 636 772 566 534 403 583 326 824 57 562 396 481 332 185 383 415 318 178 380 463 321 784 228 566 141 455 454 818 760 877 358 581 699 459 323 408 537 485 326 561 724 182 226 333 140 607 252 408 331 780 188 617 204 525 440 674 520 294 53 674 643 194 485 364 624 109 317 454 146 806 262 594 580 275 613 279 453 705 213 84 360 778 679 654 198 134 383 215 567 274 571 358 421 217 497 667 378 706 771 296 558 791 235 738 659 611 201 741 108 352 410 765 645 182 394 355
501 990 629 739 1006 187 952 793 1166 557 646 588 371 721 593 644 539 274 481 0 680 703 770 321 647 203 653 588 748 740 831 602 963 248 848 454 217 1109 425 554 697 841 266 616 489 533 792 482 860 92 621 764 697 734 619 27 744 637 585 780 128 890 493 127 427 436 344 843 740 677 840 307 687 813 547 623 703 872 390 748 360 321 609 942 554 410 861 304 534 533 976 303 254 506 633 554 190 536 547 756 612 773 587 207 310 630 928 563 578 557 550 1112 694 482 585 590 693 688 578 753 479 798 119 677 805 569 209 784 676 775 748 981 246 741 438 657 605 1095 376 260 151 583 801 299 158 813
344 309 457 635 353 762 302 116 486 527 404 507 309 176 235 594 332 537 464 680 0 169 90 390 370 555 63 429 641 136 174 517 376 534 400 396 466 428 459 268 116 243 414 616 194 156 474 292 541 602 151 396 419 106 513 655 107 558 515 526 572 226 512 744 253 260 451 241 299 140 267 464 604 524 596 258 637 719 290 402 608 564 647 394 144 557 233 688 468 438 317 563 486 174 271 553 503 177 603 435 220 129 257 531 569 213 714 454 262 428 133 442 295 460 285 385 129 566 250 487 357 370 703 389 158 394 472 268 449 581 93 333 531 345 510 230 298 440 501 420 532 524 182 511 702 695
256 350 614 483 455 744 256 231 501 671 257 377 356 345 390 747 477 624 366 703 169 0 189 384 222 539 117 299 488 62 302 668 264 613 234 523 487 457 382 416 52 138 447 485 278 264 306 234 372 640 84 565 261 268 376 676 97 712 664 694 581 214 646 739 298 349 551 139 130 308 423 432 459 356 480 419 491 556 338 571 541 662 520 260 268 674 163 636 353 582 285 514 560 245 434 434 513 302 487 604 106 279 412 520 665 88 546 602 155 308 195 423 463 593 168 255 39 418 402 324 488 201 697 234 131 544 511 435 612 421 245 442 506 514 634 396 168 397 436 459 569 673 334 470 686 537
412 219 505 672 277 850 229 42 396 587 444 560 399 190 293 645 396 622 530 770 90 189 0 477 410 642 131 481 677 132 113 571 325 621 393 470 556 338 532 333 142 205 504 669 284 244 489 367 549 692 209 413 450 105 562 745 94 608 571 551 661 149 579 833 343 348 534 202 312 177 239 548 647 540 657 307 680 743 380 424 686 645 702 356 229 632 179 770 528 501 238 645 573 264 317 612 593 259 663 458 272 98 315 619 651 260 728 512 320 485 222 357 324 528 340 436 156 607 311 511 429 372 792 423 108 450 563 265 489 609 73 260 617 364 583 270 348 359 579 510 622 580 150 594 790 726
192 693 543 505 739 372 637 507 864 530 349 336 126 484 397 626 401 332 228 321 390 384 477 0 342 164 349 305 514 425 558 556 641 308 531 366 114 811 177 378 383 522 105 410 228 273 495 161 568 270 304 610 398 468 364 294 435 602 543 682 197 581 475 359 153 217 310 523 420 433 607 89 454 525 353 437 480 633 136 602 257 389 422 620 299 446 545 311 275 460 663 193 258 228 452 334 131 297 357 623 290 505 403 141 386 308 672 492 257 277 257 800 513 434 267 293 377 439 390 465 361 482 317 373 493 463 159 569 573 511 473 717 143 571 433 453 288 779 173 124 204 547 545 138 312 582
149 561 759 264 677 632 435 452 693 789 34 162 390 543 546 877 610 659 195 647 370 222 410 342 0 451 307 91 270 284 523 799 374 640 208 624 456 658 238 557 268 306 440 266 381 393 154 195 229 610 221 748 61 476 156 620 319 845 790 864 519 419 749 644 353 434 612 310 138 498 636 341 237 191 273 583 269 356 380 750 384 711 302 330 410 749 349 490 159 703 468 385 587 349 599 226 464 437 279 781 153 494 564 441 710 157 366 730 128 113 319 598 642 698 102 61 254 196 553 136 599 162 604 31 346 680 500 637 769 217 458 664 409 699 721 572 80 555 297 458 546 797 549 360 582 326
310 858 646 538 903 208 795 672 1028 606 447 385 269 640 539 703 520 350 278 203 555 539 642 164 451 0 514 387 547 585 722 642 787 320 656 460 131 975 222 511 544 675 183 419 385 431 592 306 658 200 463 742 497 631 416 178 597 685 627 794 87 742 545 200 311 358 372 678 555 591 763 111 486 611 351 576 504 671 285 731 178 410 416 760 457 488 702 176 331 554 822 109 289 390 590 353 89 450 352 747 438 668 540 26 402 458 725 586 398 356 421 960 652 515 401 392 537 486 528 551 469 607 158 479 655 571 177 720 684 572 637 880 43 707 494 599 418 936 173 194 172 629 706 96 148 614
284 344 497 571 407 722 305 168 515 557 340 443 285 236 273 631 362 535 403 653 63 117 131 349 307 514 0 366 578 106 232 552 356 529 352 414 436 461 402 300 70 220 387 552 184 157 416 235 485 580 88 451 357 170 449 627 94 595 549 577 538 238 535 708 227 255 454 220 244 195 331 417 540 465 534 302 573 658 266 456 554 567 583 364 156 570 223 638 405 468 326 513 477 155 316 491 470 191 541 489 156 192 294 491 572 149 655 487 198 365 105 459 348 482 222 322 79 502 286 426 377 317 666 326 155 428 449 330 494 519 156 388 487 401 527 280 234 448 447 396 508 557 245 462 662 633
125 646 778 222 754 554 524 522 782 795 68 78 381 594 577 887 628 635 113 588 429 299 481 305 91 387 366 0 230 362 592 811 465 613 292 628 414 746 165 581 340 395 409 187 399 421 205 191 271 561 278 788 114 536 84 562 394 858 801 894 462 505 750 572 355 441 600 399 229 546 696 282 181 225 183 616 213 338 375 787 299 691 221 419 442 738 437 405 69 714 558 308 561 372 632 136 414 464 190 816 210 558 593 380 688 221 368 742 168 30 353 689 681 701 143 44 325 150 581 165 609 249 533 106 428 697 463 690 794 208 521 740 344 739 716 611 133 647 221 428 503 807 612 291 508 295
354 806 1008 9 936 662 659 719 913 1023 237 177 605 813 806 1116 858 845 286 748 641 488 677 514 270 547 578 230 0 547 790 1040 559 820 364 855 612 889 342 810 537 541 619 137 629 650 225 420 226 742 491 1014 227 747 152 724 584 1087 1029 1123 633 664 976 697 584 670 820 545 376 767 907 465 61 191 205 844 49 124 601 1014 397 903 160 499 670 957 588 491 239 942 693 444 772 602 861 194 599 693 206 1044 422 764 822 550 899 428 186 971 389 248 580 806 907 928 363 266 522 79 810 180 838 345 665 254 602 927 665 908 1024 91 728 926 506 965 940 837 345 753 376 638 694 1035 819 454 631 68
314 290 593 542 393 792 211 174 446 660 318 440 381 304 370 730 464 639 427 740 136 62 132 425 284 585 106 362 547 0 244 652 249 631 267 520 523 399 439 401 43 114 478 548 288 263 356 285 418 672 122 528 320 223 438 714 38 693 649 661 621 158 640 784 322 359 560 114 179 274 371 481 520 407 543 394 552 610 362 536 597 673 582 260 262 677 122 691 415 570 237 567 579 257 408 496 552 297 550 569 164 227 392 565 677 147 596 588 214 370 206 375 430 587 229 318 48 478 385 379 483 242 742 294 71 528 542 390 586 477 195 380 554 478 633 366 231 355 492 489 601 658 281 521 733 594
517 191 467 785 180 928 279 71 364 563 557 671 464 147 285 606 387 650 636 831 174 302 113 558 523 722 232 592 790 244 0 538 400 654 497 475 624 300 633 332 254 299 568 780 343 297 600 466 657 747 317 343 563 97 674 807 206 570 542 484 730 203 568 905 412 395 557 295 423 167 139 636 760 650 765 284 793 855 445 358 782 664 812 442 276 635 262 861 636 484 274 736 612 332 289 721 664 296 772 391 382 57 305 698 671 371 838 488 428 594 302 359 274 521 450 548 269 720 305 624 433 481 865 536 205 428 621 185 440 722 85 159 701 299 582 240 459 381 676 571 679 552 63 684 867 839
686 729 74 1032 645 777 798 557 891 50 823 867 440 392 282 78 192 328 772 602 517 668 571 556 799 642 552 811 1040 652 538 0 891 354 902 190 513 827 729 252 623 760 470 958 418 412 941 620 1016 515 607 247 860 469 889 594 624 46 17 189 585 718 109 725 455 369 271 759 787 394 446 638 986 986 907 263 1016 1147 441 226 801 288 974 912 402 203 745 818 808 97 802 728 362 450 254 881 553 369 911 211 659 496 260 619 300 665 1166 69 671 792 488 897 266 127 696 779 631 961 267 935 202 863 702 828 671 124 465 374 119 1011 502 619 655 264 165 302 719 917 730 455 488 22 477 680 728 1106
482 300 828 558 462 986 136 349 359 903 398 529 620 515 609 967 708 886 566 963 376 264 325 641 374 787 356 465 559 249 400 891 0 877 195 769 749 347 599 645 289 135 711 618 537 513 333 483 352 903 348 736 367 431 513 935 269 930 890 875 837 197 887 988 563 608 809 135 240 500 539 676 559 372 641 628 585 571 603 747 754 922 656 63 511 926 146 858 533 815 162 744 824 505 640 595 772 546 647 781 351 416 632 771 926 332 525 829 389 487 453 248 649 835 388 432 287 517 626 382 731 223 946 360 220 769 775 582 814 470 398 464 750 688 882 594 374 193 658 724 832 900 458 708 931 581
495 833 382 812 818 424 833 632 1011 310 652 644 261 524 383 400 309 29 534 248 534 613 621 308 640 320 529 613 820 631 654 354 877 0 809 215 212 950 479 339 589 744 203 709 344 378 795 446 870 161 530 526 700 558 672 239 623 390 337 533 246 760 246 371 315 275 106 744 691 489 634 360 760 829 646 405 785 941 277 509 497 89 714 872 391 171 751 487 583 286 851 424 54 374 412 635 237 363 649 514 549 597 372 302 82 564 981 315 533 586 425 977 469 234 551 597 590 747 365 770 248 762 349 672 683 327 157 570 430 820 580 791 347 509 190 445 575 974 456 184 149 336 612 387 378 889
347 460 849 363 609 841 303 430 550 903 224 346 549 571 625 981 710 824 403 848 400 234 393 531 208 656 352 292 364 267 497 902 195 809 0 748 646 531 447 649 284 203 620 427 499 492 138 371 168 802 298 795 183 490 326 820 304 946 897 926 719 326 874 852 499 565 762 208 119 540 632 545 364 179 456 654 390 384 534 802 591 870 465 137 500 893 249 697 362 813 335 594 755 465 668 412 660 533 462 836 261 491 646 644 871 249 349 835 278 319 419 442 695 821 264 270 273 322 637 187 716 49 811 186 291 778 683 656 847 275 461 604 615 744 857 629 243 389 506 636 735 905 543 567 790 388
502 664 186 847 623 614 697 470 839 167 646 681 252 332 189 262 96 199 583 454 396 523 470 366 624 460 414 628 855 520 475 190 769 215 748 0 329 776 539 143 484 634 283 769 250 259 771 437 847 362 450 311 685 385 703 440 500 236 177 335 412 618 126 567 273 190 110 633 630 309 430 449 800 814 717 201 829 966 254 295 613 194 784 778 257 162 629 636 621 94 708 541 200 284 204 692 372 223 721 302 494 421 172 436 203 503 989 127 498 607 330 822 256 74 522 598 489 776 169 760 41 706 539 654 554 116 287 362 226 832 413 596 469 294 113 244 546 829 540 268 320 182 424 491 560 922
306 776 515 603 803 311 735 581 950 478 462 437 160 527 415 575 390 239 326 217 466 487 556 114 456 131 436 414 612 523 624 513 749 212 646 329 0 894 269 384 480 625 57 497 280 326 609 274 681 156 404 613 512 528 466 191 527 556 497 662 107 673 418 282 213 239 245 627 534 480 649 148 551 637 434 451 574 734 178 601 292 299 502 731 349 369 644 307 376 423 759 219 170 293 464 423 45 337 436 617 399 567 415 106 293 417 777 455 370 385 334 894 526 385 381 406 475 541 403 577 337 597 243 488 587 440 54 601 553 618 540 778 143 580 368 477 403 878 244 63 89 499 600 176 251 680
714 118 753 887 202 1183 230 318 64 856 690 821 738 446 586 889 687 948 824 1109 428 457 338 811 658 975 461 746 889 399 300 827 347 950 531 776 894 0 839 632 436 353 842 923 621 579 666 683 696 1030 518 603 674 393 813 1083 380 853 832 738 998 243 866 1169 681 682 856 349 524 467 384 876 878 710 930 583 907 915 718 622 997 964 960 411 562 935 309 1090 807 781 196 966 905 602 586 883 930 587 937 652 563 355 605 953 971 546 872 783 613 760 560 126 560 821 625 705 446 835 606 709 734 543 1128 657 328 724 901 454 719 803 370 222 947 569 883 538 623 186 892 848 960 843 354 918 1123 919
125 729 710 333 809 393 634 570 884 705 228 168 289 596 539 801 563 504 57 425 459 382 532 177 238 222 402 165 342 439 633 729 599 479 447 539 269 839 0 529 405 505 280 232 356 392 371 167 435 405 325 756 278 557 198 399 462 776 717 843 301 596 652 408 289 371 488 509 360 544 712 124 281 388 177 579 305 464 292 751 159 563 245 563 417 623 541 258 110 632 664 146 432 340 596 156 259 428 181 776 275 587 550 218 559 293 511 663 226 134 344 801 653 609 217 177 393 272 537 329 530 399 368 263 511 629 323 688 736 353 552 791 179 712 611 587 226 768 59 299 353 721 636 126 344 410
460 521 202 803 482 692 562 329 696 258 584 645 251 189 46 331 63 329 562 554 268 416 333 378 557 511 300 581 810 401 332 252 645 339 649 143 384 632 529 0 370 512 328 744 181 164 693 393 767 463 356 232 616 243 663 535 375 296 248 315 484 483 245 654 239 160 235 510 535 166 294 467 761 740 702 69 792 911 242 224 635 334 766 661 150 303 501 681 590 170 571 569 307 208 80 670 429 120 707 246 411 278 33 485 343 416 923 186 429 566 239 681 142 195 455 544 379 731 26 691 101 611 620 584 426 128 358 232 213 773 272 455 508 196 252 106 477 691 545 321 406 257 281 515 634 874
280 324 567 531 415 751 255 184 485 628 303 418 338 292 342 701 433 597 396 697 116 52 142 383 268 544 70 340 537 43 254 623 289 589 284 484 480 436 405 370 0 155 435 527 247 226 359 246 425 629 82 513 311 215 420 670 57 665 619 642 578 198 606 742 279 319 520 155 182 256 371 441 505 409 517 370 538 608 319 519 562 633 560 294 227 639 165 653 389 538 279 529 537 216 384 472 510 261 524 552 134 227 364 523 636 119 599 557 183 345 164 417 411 553 201 295 14 465 356 375 448 253 700 282 110 498 499 382 562 472 193 400 513 462 596 345 206 398 455 446 557 628 282 482 692 588
382 265 699 538 406 879 130 237 387 770 337 468 490 395 478 837 575 752 481 841 243 138 205 522 306 675 220 395 541 114 299 760 135 744 203 634 625 353 505 512 155 0 584 569 402 378 325 369 371 778 221 618 321 310 459 814 136 801 759 755 718 124 753 876 432 474 674 4 170 373 437 567 526 373 578 499 556 581 472 628 664 787 606 152 376 791 47 763 458 682 162 644 691 371 512 531 651 411 585 662 237 302 500 657 791 218 552 697 282 411 319 296 526 700 288 355 154 483 494 361 596 199 834 303 97 637 648 470 688 459 278 400 641 569 747 467 280 263 562 596 706 768 350 603 822 577
292 724 467 610 747 369 689 527 899 439 450 441 105 470 358 536 337 226 332 266 414 447 504 105 440 183 387 409 619 478 568 470 711 203 620 283 57 842 280 328 435 584 0 512 225 270 594 249 668 193 363 558 498 473 469 241 480 515 456 613 163 625 382 338 161 182 211 585 504 422 592 170 559 626 452 394 584 738 124 547 330 284 521 697 293 343 600 357 380 378 712 258 153 240 408 436 101 279 456 564 366 511 358 157 280 383 777 410 342 382 283 847 470 344 356 394 432 544 347 567 287 571 300 472 540 390 64 544 503 616 485 722 187 525 336 420 379 833 266 19 122 459 543 209 309 687
286 828 934 129 941 524 697 710 955 936 233 109 517 777 747 1031 785 735 185 616 616 485 669 410 266 419 552 187 137 548 780 958 618 709 427 769 497 923 232 744 527 569 512 0 564 592 298 353 328 617 464 961 252 722 110 593 581 1004 946 1060 506 685 884 561 507 592 720 574 399 728 882 348 84 283 69 786 88 258 516 959 261 794 37 564 615 856 614 354 155 860 730 313 663 541 803 76 479 633 70 986 397 744 760 425 790 408 323 891 353 188 530 856 855 840 330 232 513 112 748 245 756 395 530 266 612 852 551 872 955 198 708 927 379 914 843 786 321 808 254 531 575 951 798 329 495 198
279 503 379 622 522 587 488 304 680 410 406 464 120 256 184 496 229 351 383 489 194 278 284 228 381 385 184 399 629 288 343 418 537 344 499 250 280 621 356 181 247 402 225 564 0 46 524 211 599 408 202 400 441 248 481 464 278 464 410 496 387 417 376 562 75 71 272 402 380 205 378 315 579 568 524 224 611 732 102 396 478 385 586 538 71 396 407 540 409 323 507 419 294 34 240 490 321 72 530 422 244 286 196 360 389 252 747 349 253 384 83 636 296 323 278 364 250 550 184 516 221 456 522 409 338 300 280 341 394 594 259 498 370 356 357 231 301 629 380 228 339 417 321 364 526 694
306 461 367 642 476 633 456 260 639 410 420 489 166 211 156 491 220 382 415 533 156 264 244 273 393 431 157 421 650 263 297 412 513 378 492 259 326 579 392 164 226 378 270 592 46 0 529 239 603 451 195 369 452 202 504 509 248 457 406 473 433 382 382 608 120 104 298 378 375 160 333 359 602 575 556 194 634 748 148 367 520 411 617 520 26 413 378 584 437 321 472 463 330 51 211 520 367 44 562 395 247 241 172 406 416 252 759 344 265 409 75 599 263 329 291 383 231 571 160 527 224 451 569 420 307 290 324 299 376 609 214 452 416 322 370 195 312 595 420 273 383 414 275 408 573 712
302 589 896 224 729 758 437 530 688 934 146 235 544 650 677 1020 750 814 318 792 474 306 489 495 154 592 416 205 225 356 600 941 333 795 138 771 609 666 371 693 359 325 594 298 524 529 0 349 75 760 340 867 96 575 209 766 395 987 934 991 665 450 897 778 503 582 765 330 177 611 728 485 229 50 338 711 253 257 533 872 496 865 336 274 543 901 372 602 268 847 470 513 741 491 727 298 613 573 343 904 282 583 697 585 865 278 240 872 273 236 454 581 763 846 250 203 345 189 686 53 745 125 739 122 399 820 654 741 901 137 550 722 549 817 872 694 226 527 426 613 699 941 638 497 713 253
67 570 588 412 643 510 491 404 732 605 211 252 195 433 394 696 438 464 178 482 292 234 367 161 195 306 235 191 420 285 466 620 483 446 371 437 274 683 167 393 246 369 249 353 211 239 349 0 425 431 164 608 256 390 270 454 303 666 610 708 355 444 561 507 164 250 418 372 259 382 546 197 368 386 318 433 399 528 187 606 318 516 377 459 262 555 397 407 198 522 519 282 392 188 450 281 291 280 324 633 132 420 408 288 515 151 552 551 95 173 181 658 502 511 107 161 237 341 395 329 417 322 465 227 356 507 312 527 605 394 385 624 271 561 530 434 130 631 211 266 363 616 470 236 452 486
376 629 970 228 777 815 470 589 712 1010 218 286 619 717 750 1094 824 889 380 860 541 372 549 568 229 658 485 271 226 418 657 1016 352 870 168 847 681 696 435 767 425 371 668 328 599 603 75 425 0 831 412 936 169 639 257 833 456 1061 1008 1062 734 494 973 839 579 657 841 375 242 680 789 554 249 48 378 783 265 218 609 941 550 941 363 289 617 977 417 655 328 922 502 573 816 566 798 343 683 647 383 974 356 645 770 652 940 351 181 947 349 302 528 601 833 921 326 275 412 216 759 106 820 176 801 197 453 894 727 806 974 136 613 771 615 886 948 764 302 543 489 687 770 1016 699 562 773 232
460 911 539 733 921 263 883 712 1088 471 613 573 294 633 503 561 447 188 463 92 602 640 692 270 610 200 580 561 742 672 747 515 903 161 802 362 156 1030 405 463 629 778 193 617 408 451 760 431 831 0 557 672 664 650 604 78 673 552 498 690 113 818 407 210 352 351 253 779 690 590 751 281 681 786 550 532 701 866 313 656 376 241 615 887 471 329 794 344 515 442 905 309 162 429 542 549 147 450 551 665 555 689 496 192 231 573 916 473 526 531 475 1039 602 393 537 557 626 676 487 726 387 753 189 641 734 477 130 693 585 759 666 895 238 649 351 567 559 1026 366 183 71 497 714 289 220 810
203 405 558 484 487 670 333 249 567 605 253 355 272 322 337 686 415 541 321 621 151 84 209 304 221 463 88 278 491 122 317 607 348 530 298 450 404 518 325 356 82 221 363 464 202 195 340 164 412 557 0 530 274 258 361 594 138 651 601 651 500 280 576 662 215 270 471 222 180 277 419 359 453 388 448 370 486 574 254 533 481 582 496 341 205 597 240 572 319 516 359 447 476 168 386 404 432 237 455 565 68 280 357 442 584 64 576 539 111 278 121 497 424 523 134 233 73 415 346 345 418 256 620 242 192 484 428 416 561 436 243 470 431 480 559 355 146 475 375 375 485 609 333 400 611 547
675 519 176 1007 410 916 621 386 666 291 779 858 484 224 216 294 226 508 784 764 396 565 413 610 748 742 451 788 1014 528 343 247 736 526 795 311 613 603 756 232 513 618 558 961 400 369 867 608 936 672 530 0 804 308 872 748 492 260 259 140 709 544 328 873 467 393 421 615 695 256 220 700 969 917 924 176 1001 1104 474 21 868 489 986 770 346 422 591 913 806 251 617 802 509 420 160 889 658 329 930 48 596 319 207 715 500 594 1106 233 625 777 434 690 106 306 651 748 525 935 220 875 285 766 842 772 521 200 581 157 128 965 340 385 740 50 370 176 670 720 776 549 624 268 280 748 859 1074
206 584 819 222 710 669 446 492 704 850 50 163 451 594 605 938 670 719 228 697 419 261 450 398 61 497 357 114 227 320 563 860 367 700 183 685 512 674 278 616 311 321 498 252 441 452 96 256 169 664 274 804 0 524 145 670 357 906 851 922 569 441 811 686 414 495 673 325 151 551 683 390 205 130 274 640 235 300 442 806 412 772 289 316 469 810 367 519 182 765 480 422 646 410 657 229 516 496 280 837 208 539 623 489 771 209 306 791 188 144 377 603 698 760 163 106 297 162 612 75 661 144 646 32 376 741 557 688 828 162 504 699 455 754 783 628 140 556 335 517 602 859 594 403 622 276
447 279 401 741 274 835 329 88 455 488 510 613 368 84 199 542 303 555 566 734 106 268 105 468 476 631 170 536 747 223 97 469 431 558 490 385 528 393 557 243 215 310 473 722 248 202 575 390 639 650 258 308 524 0 619 710 185 505 470 445 635 248 486 810 319 298 463 307 398 78 160 549 711 625 700 206 744 823 350 318 701 571 752 462 179 547 285 775 572 405 333 651 515 240 215 658 569 199 707 352 327 39 220 606 578 319 815 413 368 534 216 437 218 437 392 492 229 673 219 591 344 464 771 494 213 352 525 167 383 686 32 250 612 259 496 167 405 450 596 474 582 480 79 597 774 801
203 717 859 143 832 560 587 603 846 871 123 31 453 679 661 964 708 696 141 619 513 376 562 364 156 416 449 84 152 438 674 889 513 672 326 703 466 813 198 663 420 459 469 110 481 504 209 270 257 604 361 872 145 619 0 594 473 935 878 977 498 575 824 586 433 519 668 464 289 631 780 323 98 209 130 699 129 269 449 871 293 753 146 461 526 806 504 398 89 791 621 322 622 455 716 88 458 547 136 900 293 640 676 415 750 302 312 820 252 96 437 747 765 776 227 127 405 75 663 157 686 290 550 156 502 777 518 774 876 155 604 819 373 824 788 695 215 701 243 488 551 884 695 320 520 220
473 965 618 715 983 187 925 768 1140 549 619 563 346 699 573 639 523 266 455 27 655 676 745 294 620 178 627 562 724 714 807 594 935 239 820 440 191 1083 399 535 670 814 241 593 464 509 766 454 833 78 594 748 670 710 594 0 718 630 576 769 100 864 486 131 402 413 331 816 713 655 819 280 663 787 524 604 680 848 365 733 339 317 587 914 531 405 835 289 509 521 950 280 240 481 615 530 163 513 525 742 584 750 568 181 306 603 903 552 550 531 524 1085 676 471 558 563 666 664 558 727 463 771 114 650 778 555 185 764 664 750 724 959 220 724 430 637 578 1069 351 236 129 575 778 274 149 790
338 266 564 580 359 805 211 135 430 634 354 473 379 268 342 701 439 629 454 744 107 97 94 435 319 597 94 394 584 38 206 624 269 623 304 500 527 380 462 375 57 136 480 581 278 248 395 303 456 673 138 492 357 185 473 718 0 665 622 627 627 146 618 794 320 348 546 134 218 241 332 495 556 446 574 364 588 649 360 501 620 660 615 287 243 659 130 710 445 545 232 585 571 249 377 528 559 277 581 534 191 188 364 575 664 176 635 561 240 401 199 367 396 565 258 350 70 515 357 417 461 280 752 331 61 501 542 352 554 515 157 345 567 442 613 334 262 354 513 489 601 632 242 538 745 633
733 758 103 1079 667 815 834 593 917 80 870 914 487 426 323 37 236 363 818 637 558 712 608 602 845 685 595 858 1087 693 570 46 930 390 946 236 556 853 776 296 665 801 515 1004 464 457 987 666 1061 552 651 260 906 505 935 630 665 0 59 176 626 754 144 762 502 416 313 799 831 431 470 684 1033 1032 953 301 1063 1194 488 239 846 319 1020 952 446 231 784 861 855 144 837 773 402 496 291 928 596 414 958 218 705 530 301 662 330 710 1212 115 717 839 533 928 295 171 742 825 674 1008 309 981 249 907 740 874 709 167 508 399 134 1058 538 641 699 284 200 338 765 950 776 499 528 56 508 725 767 1153
675 733 83 1021 653 760 799 559 897 33 814 856 428 395 280 86 186 311 760 585 515 664 571 543 790 627 549 801 1029 649 542 17 890 337 897 177 497 832 717 248 619 759 456 946 410 406 934 610 1008 498 601 259 851 470 878 576 622 59 0 206 569 719 92 708 445 359 255 757 781 394 453 624 975 978 894 264 1005 1138 429 238 786 270 961 909 396 186 745 802 797 87 804 714 345 442 255 869 537 363 898 224 652 498 258 603 282 659 1157 62 663 781 481 901 272 112 688 769 627 950 264 926 192 857 685 820 670 121 450 381 131 1002 503 626 640 273 147 304 711 919 716 440 472 10 481 665 711 1096
776 658 151 1116 540 948 762 525 799 240 893 960 557 361 317 198 280 509 877 780 526 694 551 682 864 794 577 894 1123 661 484 189 875 533 926 335 662 738 843 315 642 755 613 1060 496 473 991 708 1062 690 651 140 922 445 977 769 627 176 206 0 748 684 296 899 554 471 438 753 822 386 358 770 1075 1039 1017 281 1107 1220 552 127 938 474 1081 907 454 393 730 970 905 247 758 868 530 522 264 985 706 430 1022 93 713 459 301 769 486 714 1227 217 737 881 545 829 231 298 763 857 654 1044 313 995 325 895 872 889 659 222 622 298 110 1081 478 516 800 187 350 297 784 860 854 600 654 212 421 816 895 1186
372 880 597 624 910 207 832 687 1054 545 519 467 267 633 518 640 483 275 358 128 572 581 661 197 519 87 538 462 633 621 730 585 837 246 719 412 107 998 301 484 578 718 163 506 387 433 665 355 734 113 500 709 569 635 498 100 627 626 569 748 0 774 483 174 319 345 314 720 613 586 755 180 572 688 438 552 590 757 285 696 264 334 503 815 456 416 741 241 411 502 858 196 224 399 565 439 68 443 439 709 486 674 516 83 326 505 809 534 451 432 438 994 627 458 458 463 572 569 505 628 427 670 137 549 687 527 127 706 639 654 646 886 126 679 429 581 477 975 257 165 97 569 707 179 150 700
471 142 650 660 283 950 80 161 287 735 452 581 523 330 442 791 545 764 581 890 226 214 149 581 419 742 238 505 664 158 203 718 197 760 326 618 673 243 596 483 198 124 625 685 417 382 450 444 494 818 280 544 441 248 575 864 146 754 719 684 774 0 728 940 465 485 678 119 289 324 342 639 646 497 689 454 677 706 504 557 755 790 722 244 371 780 77 849 564 650 90 726 711 391 463 642 705 403 695 591 321 226 464 721 796 303 675 660 370 517 343 221 464 677 382 463 207 603 460 485 578 324 898 421 87 599 687 388 631 583 216 279 712 497 731 415 380 213 650 634 747 728 264 680 891 701
624 760 156 967 697 670 808 573 930 63 770 800 370 420 287 157 183 219 699 493 512 646 579 475 749 545 535 750 976 640 568 109 887 246 874 126 418 866 652 245 606 753 382 884 376 382 897 561 973 407 576 328 811 486 824 486 618 144 92 296 483 728 0 617 397 315 173 752 756 408 498 552 920 940 829 283 948 1088 375 307 710 178 897 900 379 97 745 719 739 85 816 637 258 410 280 807 456 344 833 301 620 518 265 523 190 629 1113 94 624 728 455 923 314 53 648 722 612 898 268 885 158 832 595 780 670 143 368 426 208 955 516 670 561 330 55 327 672 936 646 364 385 90 511 590 623 1043
508 1051 748 689 1084 61 995 860 1223 681 637 555 441 808 690 770 647 398 459 127 744 739 833 359 644 200 708 572 697 784 905 725 988 371 852 567 282 1169 408 654 742 876 338 561 562 608 778 507 839 210 662 873 686 810 586 131 794 762 708 899 174 940 617 0 492 520 461 878 755 761 930 311 639 791 492 723 650 819 459 859 300 448 546 959 631 536 902 215 510 651 1021 265 369 573 734 509 241 618 491 870 639 849 686 219 437 658 883 682 598 542 610 1159 796 602 600 584 735 648 676 733 588 804 41 671 852 683 296 879 793 738 820 1060 238 846 562 753 617 1136 351 339 249 707 882 284 66 759
230 562 427 576 593 515 531 367 738 440 373 412 58 331 251 532 277 327 323 427 253 298 343 153 353 311 227 355 584 322 412 455 563 315 499 273 213 681 289 239 279 432 161 507 75 120 503 164 579 352 215 467 414 319 433 402 320 502 445 554 319 465 397 492 0 86 264 433 379 280 453 240 531 544 463 291 561 693 40 461 405 371 527 556 146 398 444 465 354 358 553 344 261 80 307 432 251 145 468 486 237 357 260 286 372 250 716 387 231 336 122 686 366 347 253 325 278 505 247 489 253 452 452 383 381 345 222 416 448 559 328 569 295 425 368 303 277 674 308 169 281 451 394 289 454 650
316 564 341 662 570 551 558 363 742 355 456 498 91 288 181 446 192 280 408 436 260 349 348 217 434 358 255 441 670 359 395 369 608 275 565 190 239 682 371 160 319 474 182 592 71 104 582 250 657 351 270 393 495 298 519 413 348 416 359 471 345 485 315 520 86 0 201 473 446 242 410 307 617 624 546 220 647 778 81 385 475 314 612 609 120 327 478 524 440 272 575 409 225 103 235 517 283 99 551 407 307 338 186 332 317 317 799 301 308 422 154 703 296 264 332 410 321 591 173 570 167 521 482 464 408 259 227 362 364 643 315 545 351 353 292 240 356 698 385 180 284 366 365 355 491 736
475 741 287 811 716 510 753 541 918 234 629 643 222 422 280 330 202 94 537 344 451 551 534 310 612 372 454 600 820 560 557 271 809 106 762 110 245 856 488 235 520 674 211 720 272 298 765 418 841 253 471 421 673 463 668 331 546 313 255 438 314 678 173 461 264 201 0 674 642 390 529 382 762 804 663 300 789 936 232 405 537 113 731 811 306 138 677 547 581 190 768 464 92 305 306 644 283 274 666 412 501 501 267 350 118 513 968 221 494 576 356 890 363 144 515 577 523 743 261 747 141 716 434 644 605 224 195 464 332 808 487 689 388 403 124 341 540 891 477 193 218 256 512 418 458 888
385 260 697 542 401 881 126 234 383 769 341 473 491 392 476 835 574 753 485 843 241 139 202 523 310 678 220 399 545 114 295 759 135 744 208 633 627 349 509 510 155 4 585 574 402 378 330 372 375 779 222 615 325 307 464 816 134 799 757 753 720 119 752 878 433 473 674 0 174 371 433 569 530 378 582 497 560 586 473 626 667 787 611 155 375 790 42 767 462 680 158 647 692 371 509 535 653 410 589 660 240 298 499 659 791 221 557 696 285 415 320 293 524 699 291 359 155 487 492 366 595 204 836 308 93 635 650 467 686 464 275 395 643 566 746 465 284 260 565 597 708 766 347 605 824 582
