101
0 141 140 180 372 562 528 304 303 345 495 238 419 685 193 191 462 374 330 413 701 33 476 775 596 452 249 241 353 495 191 423 515 637 219 239 293 381 582 213 206 387 384 427 588 475 192 314 328 359 242 677 490 206 610 651 355 548 458 628 243 543 550 660 166 387 305 643 512 225 193 498 124 347 516 548 375 523 505 469 643 416 528 490 109 367 205 472 319 103 407 780 466 556 627 274 373 592 387 490 605
141 0 173 156 509 546 656 396 162 457 563 334 537 632 55 88 344 509 273 523 662 150 336 720 640 378 390 382 494 383 303 436 393 691 316 376 219 432 511 213 347 455 485 303 660 400 158 183 393 219 360 788 628 259 622 703 219 470 597 600 347 629 596 695 249 451 316 584 638 134 237 613 29 452 491 654 393 571 625 599 640 548 524 629 160 453 345 606 256 113 280 867 416 544 530 412 239 678 439 502 501
140 173 0 67 393 421 513 228 301 299 390 374 538 550 223 259 383 468 434 362 562 110 449 640 474 331 311 318 423 556 322 286 439 521 156 335 385 262 455 75 273 282 514 472 487 353 81 272 220 362 366 624 568 86 474 534 316 425 490 488 190 456 429 533 89 278 437 511 492 152 331 454 181 477 376 489 238 403 471 570 504 516 388 515 30 282 294 566 200 61 344 694 333 416 516 307 331 505 269 353 501
180 156 67 0 460 397 575 279 252 358 420 419 594 505 194 244 315 531 429 418 525 158 388 596 487 273 377 383 490 524 371 280 371 540 216 397 375 284 401 59 339 315 564 434 517 296 13 211 255 312 419 676 634 129 466 551 255 368 557 456 251 496 444 540 153 309 455 463 553 89 357 510 174 527 345 540 238 419 529 632 487 578 371 582 89 327 357 629 140 77 278 731 286 394 454 374 269 544 291 346 436
372 509 393 460 0 658 179 254 669 178 394 385 369 842 564 562 774 234 665 196 822 359 834 925 531 690 145 174 144 859 339 502 830 534 257 221 644 387 791 439 181 344 419 799 440 709 473 660 333 728 317 375 246 355 631 550 704 775 99 738 227 364 493 605 309 355 573 821 175 544 468 218 496 390 646 289 463 474 199 318 691 281 607 122 379 280 213 291 575 421 737 546 659 647 882 99 720 397 389 547 875
562 546 421 397 658 0 668 405 572 483 327 791 930 197 571 631 432 830 817 495 163 531 607 271 257 252 659 681 759 862 736 158 463 320 434 716 760 271 228 350 637 319 923 764 380 247 391 489 325 614 772 643 895 371 126 319 514 252 750 80 449 424 249 253 430 306 852 200 641 424 751 557 569 885 63 535 204 246 593 934 103 883 52 756 452 382 675 919 304 469 468 577 171 12 358 621 512 449 269 114 385
528 656 513 575 179 668 0 310 809 221 353 565 529 864 712 719 876 394 837 178 828 508 963 939 480 761 323 353 309 1022 517 528 931 460 358 400 812 408 842 539 355 355 590 955 358 778 587 785 376 869 496 207 358 451 609 476 830 835 174 747 323 281 453 547 424 368 751 854 27 664 644 115 648 563 673 168 503 441 78 455 674 431 615 146 508 297 391 422 666 555 851 400 714 656 949 269 844 294 408 554 951
304 396 228 279 254 405 310 0 529 90 200 464 551 588 449 476 567 436 634 140 568 273 667 671 323 453 269 297 358 780 405 248 622 349 85 342 594 136 543 235 260 106 565 699 286 470 290 490 79 589 421 396 491 150 392 365 534 531 349 485 68 238 278 395 147 113 598 568 285 369 482 231 398 528 392 261 209 254 253 537 446 489 354 360 235 63 305 519 356 284 547 476 412 394 643 221 547 287 140 296 642
303 162 301 252 669 572 809 529 0 600 670 474 683 606 113 156 240 668 290 664 654 311 176 687 722 348 553 545 656 290 454 502 275 780 457 536 232 533 469 308 510 567 622 193 767 366 245 87 508 60 511 926 789 381 672 790 89 423 759 607 491 748 683 766 389 560 397 552 790 171 357 756 182 593 510 790 469 659 771 754 674 704 565 790 301 579 507 763 270 253 166 983 412 574 449 573 107 796 539 560 411
345 457 299 358 178 483 221 90 600 0 224 462 513 671 512 530 655 387 674 67 646 319 746 752 360 543 235 268 302 836 404 330 710 371 143 317 639 211 632 319 240 166 541 761 288 561 369 569 164 661 408 332 423 231 454 388 613 621 267 563 110 222 319 434 211 177 618 654 197 448 503 156 454 506 476 202 295 298 171 483 513 439 431 274 300 102 287 460 445 348 631 446 502 472 733 176 627 266 213 371 732
495 563 390 420 394 327 353 200 670 224 0 664 736 524 611 649 641 612 820 201 480 462 778 593 137 485 456 487 526 943 605 219 690 150 281 535 774 137 530 362 454 108 759 855 97 494 425 612 170 727 619 321 641 303 255 166 652 536 469 402 268 101 101 210 329 112 795 523 326 499 679 238 571 723 347 208 221 88 275 707 321 663 276 464 408 138 500 682 437 451 643 314 417 314 652 399 660 138 131 218 665
238 334 374 419 385 791 565 464 474 462 664 0 210 923 366 320 679 238 325 521 936 264 649 1013 785 689 244 212 279 546 59 644 727 814 390 164 330 577 820 449 223 567 151 518 745 712 430 517 517 516 71 756 364 422 826 830 549 784 428 861 396 684 739 855 367 571 197 882 560 453 129 583 306 118 750 649 595 714 575 296 865 254 753 467 343 526 178 315 556 341 614 904 704 785 858 304 569 728 583 710 833
419 537 538 594 369 930 529 551 683 513 736 210 0 1083 573 530 878 135 520 554 1085 436 858 1173 870 867 282 253 225 744 233 773 929 884 498 213 534 683 993 611 294 657 91 724 799 890 607 720 620 726 178 735 214 561 940 901 755 962 359 1005 490 726 826 943 502 664 374 1047 535 644 337 588 509 99 898 658 725 803 567 110 989 101 885 395 509 602 255 143 734 520 817 916 870 921 1046 336 774 763 688 834 1024
685 632 550 505 842 197 864 588 606 671 524 923 1083 0 640 705 400 996 884 689 78 659 582 90 443 259 825 843 931 879 872 341 409 502 602 873 824 460 140 474 798 511 1064 782 573 239 495 518 508 631 915 839 1072 523 297 498 527 187 937 126 623 621 443 421 583 498 948 55 837 498 860 754 659 1027 195 733 378 442 789 1100 238 1047 249 945 580 573 830 1088 376 583 461 757 219 210 238 794 518 644 459 310 280
193 55 223 194 564 571 712 449 113 512 611 366 573 640 0 65 321 555 247 578 676 205 289 726 682 382 443 433 544 332 342 471 365 734 370 423 189 478 512 254 400 504 515 249 708 403 193 154 442 166 399 842 676 309 654 746 183 469 651 618 402 680 639 734 303 499 316 589 694 147 256 668 70 485 512 708 431 614 680 642 668 591 553 684 213 505 394 650 270 165 252 918 429 570 518 467 203 729 484 535 486
191 88 259 244 562 631 719 476 156 530 649 320 530 705 65 0 381 526 186 597 740 212 328 791 729 447 431 416 525 306 305 525 423 779 393 400 130 520 578 302 389 541 466 236 746 468 246 215 479 196 362 862 650 345 710 791 238 535 643 681 422 712 685 784 329 537 252 655 703 209 201 685 78 438 574 731 482 659 694 606 726 558 611 678 242 535 376 618 334 197 311 950 493 629 582 463 257 761 527 590 549
462 344 383 315 774 432 876 567 240 655 641 679 878 400 321 381 0 835 530 707 463 453 182 470 647 179 690 692 802 483 645 430 55 711 523 699 472 511 260 338 650 560 830 388 730 185 302 166 515 244 700 944 945 426 552 716 150 213 872 438 557 737 617 670 465 549 632 345 852 240 576 796 373 796 369 811 420 600 821 932 533 879 445 896 402 597 662 934 212 370 73 949 261 438 211 690 134 779 516 466 171
374 509 468 531 234 830 394 436 668 387 612 238 135 996 555 526 835 0 562 424 990 382 844 1084 748 798 171 153 90 781 225 672 889 758 396 135 562 572 918 536 198 541 201 744 669 820 545 689 511 718 172 600 127 473 829 775 728 892 226 908 382 595 706 821 414 549 433 964 399 596 360 453 486 181 805 523 626 684 431 104 881 52 783 264 442 482 174 98 669 465 782 780 790 821 985 215 747 631 576 728 968
330 273 434 429 665 817 837 634 290 674 820 325 520 884 247 186 530 562 0 741 923 361 421 968 908 624 522 497 591 223 343 709 562 956 549 463 59 696 752 485 484 711 436 220 915 645 431 372 650 295 390 1002 689 518 895 969 380 707 730 866 574 873 863 966 491 709 151 832 826 394 203 823 256 421 760 877 666 838 826 618 913 578 797 768 413 697 455 639 518 373 457 1111 675 816 740 569 396 922 703 775 702
413 523 362 418 196 495 178 140 664 67 201 521 554 689 578 597 707 424 741 0 657 386 806 767 338 584 286 319 335 903 465 351 761 337 208 370 706 231 664 375 298 178 591 827 245 600 429 629 198 724 464 265 441 289 449 354 674 657 268 575 175 171 302 410 275 191 683 677 151 508 568 91 521 557 497 135 324 285 114 513 512 473 443 265 365 119 344 487 495 414 687 383 536 484 771 224 686 210 231 381 774
701 662 562 525 822 163 828 568 654 646 480 936 1085 78 676 740 463 990 923 657 0 672 645 113 385 305 818 839 920 934 883 320 477 440 593 872 864 435 205 487 794 482 1073 836 519 289 517 566 488 684 922 787 1058 523 237 434 580 250 914 83 611 573 391 354 583 470 977 126 801 531 883 716 688 1035 187 688 364 394 751 1094 173 1042 215 919 593 546 830 1080 407 602 518 692 247 174 314 783 573 591 433 276 355
33 150 110 158 359 531 508 273 311 319 462 264 436 659 205 212 453 382 361 386 672 0 480 749 562 431 245 241 353 518 213 391 507 603 188 246 321 347 559 185 202 354 407 447 555 454 170 313 295 369 261 651 493 173 578 617 354 526 448 598 214 512 516 626 132 353 338 618 491 213 227 473 139 369 487 521 342 490 481 480 611 426 496 479 79 336 209 480 298 84 401 749 441 525 610 262 372 561 354 458 589
476 336 449 388 834 607 963 667 176 746 778 649 858 582 289 328 182 844 421 806 645 480 0 648 804 356 725 718 830 318 630 581 178 867 604 712 371 642 441 432 682 685 795 233 872 365 377 177 631 134 687 1060 965 517 723 874 132 395 927 619 639 866 770 835 539 675 551 526 941 298 528 898 358 767 544 924 561 750 918 931 710 880 615 956 456 709 681 940 342 412 141 1092 436 612 374 740 120 912 647 627 328
775 720 640 596 925 271 939 671 687 752 593 1013 1173 90 726 791 470 1084 968 767 113 749 648 0 498 344 913 932 1018 953 962 423 471 552 689 962 908 541 217 565 886 590 1155 857 632 323 585 600 591 708 1005 900 1158 612 350 546 605 263 1019 191 709 686 504 464 672 577 1036 136 912 586 949 827 747 1117 280 801 463 507 863 1188 285 1136 323 1026 671 653 920 1176 465 673 535 802 309 283 284 881 594 705 539 385 330
596 640 474 487 531 257 480 323 722 360 137 785 870 443 682 729 647 748 908 338 385 562 804 498 0 473 588 618 662 1007 726 223 689 65 395 664 858 214 483 428 582 218 889 914 135 477 488 653 270 775 744 403 778 391 148 69 688 500 605 317 390 201 46 73 431 214 900 455 454 552 787 365 653 852 299 320 253 72 401 843 213 799 217 599 497 267 628 820 464 534 663 320 394 245 612 534 692 209 208 181 634
452 378 331 273 690 252 761 453 348 543 485 689 867 259 382 447 179 798 624 584 305 431 356 344 473 0 636 647 748 629 643 266 216 539 432 666 564 366 132 262 601 419 836 531 568 22 260 261 386 379 692 799 893 337 373 543 275 95 789 266 462 584 448 492 390 407 694 207 736 244 612 668 406 800 190 671 269 432 697 901 354 847 266 807 359 467 625 896 133 348 219 784 82 258 191 620 269 623 369 292 189
249 390 311 377 145 659 323 269 553 235 456 244 282 825 443 431 690 171 522 286 818 245 725 913 588 636 0 33 112 721 194 500 745 605 225 84 504 403 752 374 43 375 306 666 524 657 391 557 341 609 180 511 257 304 660 622 599 728 212 737 211 455 544 661 246 383 428 795 316 451 323 340 373 271 633 407 454 521 330 275 712 224 612 248 289 321 68 263 509 321 644 665 622 650 825 62 617 496 407 557 812
241 382 318 383 174 681 353 297 545 268 487 212 253 843 433 416 692 153 497 319 839 241 718 932 618 647 33 0 112 700 164 523 747 637 247 51 482 429 766 384 45 404 273 649 556 669 396 554 367 599 147 544 252 320 687 653 595 740 233 758 236 488 574 691 261 411 398 811 348 452 296 374 362 238 653 441 476 550 363 257 737 204 635 270 293 351 42 249 518 322 643 699 637 672 834 95 614 530 434 582 819
353 494 423 490 144 759 309 358 656 302 526 279 225 931 544 525 802 90 591 335 920 353 830 1018 662 748 112 112 0 801 247 600 857 670 328 128 582 494 862 486 152 460 281 755 580 769 503 666 435 710 208 513 144 414 749 687 707 839 151 838 309 505 621 736 357 469 476 903 312 563 387 363 474 255 737 433 556 600 342 181 804 138 710 190 401 399 150 160 622 432 754 690 732 749 937 137 725 540 498 653 924
495 383 556 524 859 862 1022 780 290 836 943 546 744 879 332 306 483 781 223 903 934 518 318 953 1007 629 721 700 801 0 557 789 493 1063 698 673 219 809 739 582 680 836 660 98 1041 644 520 373 775 250 608 1168 908 642 962 1073 353 691 933 893 728 1012 966 1054 633 831 372 823 1008 455 420 991 383 644 800 1036 754 942 1000 841 964 800 855 969 544 837 658 861 560 496 418 1250 699 864 688 760 361 1061 815 849 644
191 303 322 371 339 736 517 405 454 404 605 59 233 872 342 305 645 225 343 465 883 213 630 962 726 643 194 164 247 557 0 587 695 755 331 122 338 518 773 397 168 508 193 519 686 666 383 487 457 500 57 704 352 365 768 771 522 739 390 807 337 625 680 796 309 511 234 832 511 413 139 530 277 156 696 594 538 654 523 301 808 253 697 429 291 467 126 314 510 294 584 848 655 729 817 252 542 671 524 652 794
423 436 286 280 502 158 528 248 502 330 219 644 773 341 471 525 430 672 709 351 320 391 581 423 223 266 500 523 600 789 587 0 475 285 276 560 655 120 317 224 480 173 771 695 302 275 279 430 168 553 620 538 737 222 188 293 465 318 596 238 291 319 189 264 278 160 724 326 501 334 616 423 454 732 146 415 49 170 456 775 221 725 111 604 315 233 518 760 240 342 441 520 198 149 434 462 469 357 120 67 446
515 393 439 371 830 463 931 622 275 710 690 727 929 409 365 423 55 889 562 761 477 507 178 471 689 216 745 747 857 493 695 475 0 754 578 753 505 562 271 394 705 612 878 402 777 216 357 211 568 268 751 995 999 481 587 758 186 228 928 461 612 786 661 708 521 600 671 354 907 294 621 850 421 846 403 863 469 645 875 985 562 932 482 952 457 650 716 987 266 425 113 995 297 471 195 746 168 828 566 507 150
637 691 521 540 534 320 460 349 780 371 150 814 884 502 734 779 711 758 956 337 440 603 867 552 65 539 605 637 670 1063 755 285 754 0 428 685 907 259 548 481 604 250 910 971 102 542 542 713 308 834 769 359 778 437 205 16 749 566 599 376 418 179 97 93 471 250 940 517 436 609 825 348 702 874 364 294 311 121 384 850 267 809 282 589 543 288 651 825 526 583 727 256 460 309 677 548 754 172 252 246 700
219 316 156 216 257 434 358 85 457 143 281 390 498 602 370 393 523 396 549 208 593 188 604 689 395 432 225 247 328 698 331 276 578 428 0 285 509 188 538 184 204 178 502 620 370 452 228 427 127 517 353 472 470 97 444 443 471 519 357 511 34 324 349 465 67 180 514 574 336 306 398 299 315 464 409 338 229 323 314 500 491 449 388 376 157 148 244 487 318 205 493 561 406 425 624 193 485 373 194 335 617
239 376 335 397 221 716 400 342 536 317 535 164 213 873 423 400 699 135 463 370 872 246 712 962 664 666 84 51 128 673 122 560 753 685 285 0 453 471 789 406 82 449 224 627 606 689 410 554 409 589 97 593 252 350 728 701 593 761 268 792 278 539 620 737 290 455 356 839 396 460 260 424 353 188 685 491 512 596 413 235 776 181 672 307 308 398 42 234 535 330 646 750 663 708 851 146 612 581 476 620 833
293 219 385 375 644 760 812 594 232 639 774 330 534 824 189 130 472 562 59 706 864 321 371 908 858 564 504 482 582 219 338 655 505 907 509 453 0 647 692 432 464 665 455 190 870 585 376 313 604 241 390 970 689 471 840 919 321 647 715 807 535 832 813 914 448 662 183 772 799 336 202 791 204 436 702 841 612 788 796 627 856 584 741 752 366 655 440 645 459 324 398 1070 616 758 681 546 338 881 654 720 643
381 432 262 284 387 271 408 136 533 211 137 577 683 460 478 520 511 572 696 231 435 347 642 541 214 366 403 429 494 809 518 120 562 259 188 471 647 0 434 226 388 54 690 719 234 379 289 475 62 590 542 434 627 177 257 272 515 430 479 352 192 226 169 280 217 41 685 446 381 361 572 306 443 653 266 305 97 143 338 673 309 625 219 485 283 113 431 655 303 323 508 451 309 260 546 358 523 270 6 160 553
582 511 455 401 791 228 842 543 469 632 530 820 993 140 512 578 260 918 752 664 205 559 441 217 483 132 752 766 862 739 773 317 271 548 538 789 692 434 0 383 720 488 966 642 599 110 390 382 469 492 820 851 1006 448 353 548 388 47 890 200 565 631 469 482 505 475 826 85 815 377 745 740 539 929 186 732 339 461 772 1022 312 968 266 904 484 544 747 1014 263 478 320 803 131 239 129 730 378 663 435 314 160
213 213 75 59 439 350 539 235 308 319 362 449 611 474 254 302 338 536 485 375 487 185 432 565 428 262 374 384 486 582 397 224 394 481 184 406 432 226 383 0 339 259 589 492 460 284 62 258 201 366 440 627 631 88 411 492 301 355 538 414 218 441 385 481 131 252 504 436 516 138 401 466 230 552 303 491 180 360 488 639 436 586 319 560 106 276 364 633 137 120 312 675 259 345 451 361 312 489 233 290 440
206 347 273 339 181 637 355 260 510 240 454 223 294 798 400 389 650 198 484 298 794 202 682 886 582 601 43 45 152 680 168 480 705 604 204 82 464 388 720 339 0 366 306 624 528 623 352 515 326 566 167 536 295 275 646 621 557 694 254 714 196 463 538 655 215 372 397 766 346 411 289 361 330 269 608 425 432 514 355 302 695 249 591 289 250 316 47 294 473 280 602 680 591 628 789 85 575 506 394 539 775
387 455 282 315 344 319 355 106 567 166 108 567 657 511 504 541 560 541 711 178 482 354 685 590 218 419 375 404 460 836 508 173 612 250 178 449 665 54 488 259 366 0 672 749 204 433 322 514 61 625 526 383 588 195 289 265 556 485 432 399 172 182 172 289 221 13 689 499 328 397 574 252 463 634 318 252 151 147 284 640 347 593 266 437 299 64 411 620 350 343 554 415 363 307 600 325 565 229 53 205 607
384 485 514 564 419 923 590 565 622 541 759 151 91 1064 515 466 830 201 436 591 1073 407 795 1155 889 836 306 273 281 660 193 771 878 910 502 224 455 690 966 589 306 672 0 646 830 859 576 667 628 661 151 793 301 551 946 926 699 932 427 996 500 761 844 961 493 677 288 1025 592 603 267 636 457 38 886 705 721 819 619 201 990 183 882 464 484 622 260 233 703 487 765 964 847 916 1008 367 718 802 696 834 983
427 303 472 434 799 764 955 699 193 761 855 518 724 782 249 236 388 744 220 827 836 447 233 857 914 531 666 649 755 98 519 695 402 971 620 627 190 719 642 492 624 749 646 0 952 546 430 275 689 152 573 1092 871 556 865 981 255 595 878 795 651 928 873 960 553 743 369 726 939 361 388 916 308 626 702 958 661 850 928 814 866 770 758 913 463 754 607 831 463 415 321 1165 600 766 596 699 263 976 726 753 552
588 660 487 517 440 380 358 286 767 288 97 745 799 573 708 746 730 669 915 245 519 555 872 632 135 568 524 556 580 1041 686 302 777 102 370 606 870 234 599 460 528 204 830 952 0 575 523 708 266 824 695 268 682 400 282 117 748 610 501 447 354 78 130 192 423 209 884 581 334 596 768 246 668 795 413 192 312 137 282 758 348 719 334 488 504 222 575 731 530 548 736 219 495 368 724 464 755 74 228 284 742
475 400 353 296 709 247 778 470 366 561 494 712 890 239 403 468 185 820 645 600 289 454 365 323 477 22 657 669 769 644 666 275 216 542 452 689 585 379 110 284 623 433 859 546 575 0 283 279 402 395 715 811 914 357 370 545 291 72 808 254 481 595 453 492 411 420 716 187 752 267 635 683 429 823 187 684 282 439 713 923 347 869 266 825 381 482 647 918 155 371 231 790 82 254 172 641 283 632 382 296 174
192 158 81 13 473 391 587 290 245 369 425 430 607 495 193 246 302 545 431 429 517 170 377 585 488 260 391 396 503 520 383 279 357 542 228 410 376 289 390 62 352 322 576 430 523 283 0 200 263 304 431 685 648 139 464 554 244 356 571 449 263 503 446 540 165 315 462 452 565 79 365 520 178 539 338 549 238 421 540 646 483 592 367 595 102 335 370 643 127 88 265 737 276 388 441 388 257 551 296 344 423
314 183 272 211 660 489 785 490 87 569 612 517 720 518 154 215 166 689 372 629 566 313 177 600 653 261 557 554 666 373 487 430 211 713 427 554 313 475 382 258 515 514 667 275 708 279 200 0 458 125 544 885 805 340 593 722 44 336 754 521 462 697 615 693 361 506 466 465 764 121 410 721 211 635 426 749 402 593 740 782 591 729 485 782 281 534 520 787 191 239 97 926 326 491 369 568 60 743 481 484 334
328 393 220 255 333 325 376 79 508 164 170 517 620 508 442 479 515 511 650 198 488 295 631 591 270 386 341 367 435 775 457 168 568 308 127 409 604 62 469 201 326 61 628 689 266 402 263 458 0 567 480 430 570 134 319 323 501 460 428 405 130 240 224 338 162 59 631 489 349 340 517 283 401 591 313 296 131 198 311 613 370 564 275 438 238 82 369 596 303 281 503 476 339 315 573 297 511 288 67 218 575
359 219 362 312 728 614 869 589 60 661 727 516 726 631 166 196 244 718 295 724 684 369 134 708 775 379 609 599 710 250 500 553 268 834 517 589 241 590 492 366 566 625 661 152 824 395 304 125 567 0 557 986 841 440 718 843 103 445 817 643 551 807 736 817 449 618 419 576 850 228 394 816 236 633 551 850 523 713 832 802 716 752 610 848 361 639 560 812 316 314 173 1040 449 616 455 631 113 855 596 608 414
242 360 366 419 317 772 496 421 511 408 619 71 178 915 399 362 700 172 390 464 922 261 687 1005 744 692 180 147 208 608 57 620 751 769 353 97 390 542 820 440 167 526 151 573 695 715 431 544 480 557 0 690 299 400 796 785 579 788 357 845 354 630 699 816 342 531 268 877 493 466 188 521 333 112 735 588 571 674 511 244 840 196 731 396 336 481 120 258 559 344 640 845 699 765 869 242 599 673 548 683 846
677 788 624 676 375 643 207 396 926 332 321 756 735 839 842 862 944 600 1002 265 787 651 1060 900 403 799 511 544 513 1168 704 538 995 359 472 593 970 434 851 627 536 383 793 1092 268 811 685 885 430 986 690 0 562 546 550 370 928 856 380 713 440 220 396 453 539 395 932 842 201 764 821 179 786 765 667 135 530 396 180 662 617 639 594 350 629 351 578 628 733 678 934 206 736 630 972 451 940 195 430 538 984
490 628 568 634 246 895 358 491 789 423 641 364 214 1072 676 650 945 127 689 441 1058 493 965 1158 778 893 257 252 144 908 352 737 999 778 470 252 689 627 1006 631 295 588 301 871 682 914 648 805 570 841 299 562 0 558 877 795 845 984 186 975 448 604 740 851 502 598 557 1045 371 705 488 444 606 292 877 512 694 721 415 110 935 118 845 211 545 525 284 74 767 574 895 757 876 885 1082 277 864 632 630 787 1069
206 259 86 129 355 371 451 150 381 231 303 422 561 523 309 345 426 473 518 289 523 173 517 612 391 337 304 320 414 642 365 222 481 437 97 350 471 177 448 88 275 195 551 556 400 357 139 340 134 440 400 546 558 0 406 450 384 426 454 444 130 371 346 454 59 191 511 491 428 218 400 381 267 513 336 410 172 320 401 577 443 524 331 474 105 198 307 568 221 147 400 608 318 364 528 283 397 420 184 288 520
610 622 474 466 631 126 609 392 672 454 255 826 940 297 654 710 552 829 895 449 237 578 723 350 148 373 660 687 749 962 768 188 587 205 444 728 840 257 353 411 646 289 946 865 282 370 464 593 319 718 796 550 877 406 0 201 622 379 715 171 450 341 158 128 459 280 912 314 582 511 804 494 640 908 183 458 236 167 530 929 66 881 108 715 503 351 688 910 402 530 583 460 291 117 483 613 622 355 252 121 511
651 703 534 551 550 319 476 365 790 388 166 830 901 498 746 791 716 775 969 354 434 617 874 546 69 543 622 653 687 1073 771 293 758 16 443 701 919 272 548 492 621 265 926 981 117 545 554 722 323 843 785 370 795 450 201 0 757 567 616 373 434 195 107 83 485 264 954 515 451 619 840 364 715 890 366 309 320 132 399 867 261 826 283 605 556 304 667 841 533 595 733 259 463 308 677 564 762 186 265 250 701
355 219 316 255 704 514 830 534 89 613 652 549 755 527 183 238 150 728 380 674 580 354 132 605 688 275 599 595 707 353 522 465 186 749 471 593 321 515 388 301 557 556 699 255 748 291 244 44 501 103 579 928 845 384 622 757 0 342 798 540 506 738 652 726 406 547 485 473 808 165 438 765 245 668 451 793 439 630 785 819 617 767 513 826 325 577 560 825 224 282 77 967 347 517 360 611 19 785 521 516 321
548 470 425 368 775 252 835 531 423 621 536 784 962 187 469 535 213 892 707 657 250 526 395 263 500 95 728 740 839 691 739 318 228 566 519 761 647 430 47 355 694 485 932 595 610 72 356 336 460 445 788 856 984 426 379 567 342 0 874 236 547 637 483 505 481 472 784 132 809 337 706 737 498 895 201 733 333 472 768 995 343 941 284 890 454 538 719 989 228 444 273 819 121 262 116 710 331 671 432 325 133
458 597 490 557 99 750 174 349 759 267 469 428 359 937 651 643 872 226 730 268 914 448 927 1019 605 789 212 233 151 933 390 596 928 599 357 268 715 479 890 538 254 432 427 878 501 808 571 754 428 817 357 380 186 454 715 616 798 874 0 831 327 422 570 677 407 444 623 917 185 640 528 259 582 404 741 326 559 553 229 281 777 259 698 39 475 368 275 248 674 515 834 572 758 739 981 186 814 447 481 638 975
628 600 488 456 738 80 747 485 607 563 402 861 1005 126 618 681 438 908 866 575 83 598 619 191 317 266 737 758 838 893 807 238 461 376 511 792 807 352 200 414 714 399 996 795 447 254 449 521 405 643 845 713 975 444 171 373 540 236 831 0 528 497 317 297 504 387 911 145 720 471 813 635 624 957 111 610 282 318 671 1012 117 961 132 836 519 463 750 997 348 531 485 632 194 91 326 700 535 518 350 193 360
243 347 190 251 227 449 323 68 491 110 268 396 490 623 402 422 557 382 574 175 611 214 639 709 390 462 211 236 309 728 337 291 612 418 34 278 535 192 565 218 196 172 500 651 354 481 263 462 130 551 354 440 448 130 450 434 506 547 327 528 0 302 344 461 101 177 531 598 302 341 415 266 345 463 428 308 246 320 280 484 500 434 401 345 190 131 240 469 351 238 528 537 433 440 654 172 520 350 197 346 648
543 629 456 496 364 424 281 238 748 222 101 684 726 621 680 712 737 595 873 171 573 512 866 686 201 584 455 488 505 1012 625 319 786 179 324 539 832 226 631 441 463 182 761 928 78 595 503 697 240 807 630 220 604 371 341 195 738 637 422 497 302 0 182 266 383 191 832 623 256 579 716 168 633 727 447 118 317 179 204 682 408 644 374 410 469 176 510 654 529 516 734 238 518 412 753 394 747 49 221 318 766
550 596 429 444 493 249 453 278 683 319 101 739 826 443 639 685 617 706 863 302 391 516 770 504 46 448 544 574 621 966 680 189 661 97 349 620 813 169 469 385 538 172 844 873 130 453 446 615 224 736 699 396 740 346 158 107 652 483 570 317 344 182 0 117 385 168 854 450 426 512 740 337 609 807 283 300 213 26 374 802 225 758 203 566 451 223 583 780 428 490 630 337 371 237 596 491 656 201 162 157 616
660 695 533 540 605 253 547 395 766 434 210 855 943 421 734 784 670 821 966 410 354 626 835 464 73 492 661 691 736 1054 796 264 708 93 465 737 914 280 482 481 655 289 961 960 192 492 540 693 338 817 816 453 851 454 128 83 726 505 677 297 461 266 117 0 497 284 965 442 521 599 852 432 710 924 307 383 302 141 469 917 183 873 226 669 558 340 700 893 501 593 694 338 411 243 612 607 728 264 273 209 639
166 249 89 153 309 430 424 147 389 211 329 367 502 583 303 329 465 414 491 275 583 132 539 672 431 390 246 261 357 633 309 278 521 471 67 290 448 217 505 131 215 221 493 553 423 411 165 361 162 449 342 539 502 59 459 485 406 481 407 504 101 383 385 497 0 221 469 550 402 241 355 366 251 455 396 405 228 359 382 518 499 465 388 431 89 206 247 509 268 138 431 622 376 422 581 230 420 432 223 343 571
387 451 278 309 355 306 368 113 560 177 112 571 664 498 499 537 549 549 709 191 470 353 675 577 214 407 383 411 469 831 511 160 600 250 180 455 662 41 475 252 372 13 677 743 209 420 315 506 59 618 531 395 598 191 280 264 547 472 444 387 177 191 168 284 221 0 690 486 341 390 575 265 459 640 305 264 138 143 297 649 336 602 254 449 296 75 417 630 339 339 544 422 350 295 587 334 556 237 40 193 594
305 316 437 455 573 852 751 598 397 618 795 197 374 948 316 252 632 433 151 683 977 338 551 1036 900 694 428 398 476 372 234 724 671 940 514 356 183 685 826 504 397 689 288 369 884 716 462 466 631 419 268 932 557 511 912 954 485 784 623 911 531 832 854 965 469 690 0 900 743 450 116 755 289 276 801 816 676 828 752 477 940 442 824 662 410 662 359 502 572 384 560 1064 731 849 835 483 503 880 692 791 801
643 584 511 463 821 200 854 568 552 654 523 882 1047 55 589 655 345 964 832 677 126 618 526 136 455 207 795 811 903 823 832 326 354 517 574 839 772 446 85 436 766 499 1025 726 581 187 452 465 489 576 877 842 1045 491 314 515 473 132 917 145 598 623 450 442 550 486 900 0 827 450 814 747 611 988 180 731 358 446 781 1069 262 1016 248 928 541 559 797 1059 329 541 405 774 177 212 189 768 463 649 446 305 229
512 638 492 553 175 641 27 285 790 197 326 560 535 837 694 703 852 399 826 151 801 491 941 912 454 736 316 348 312 1008 511 501 907 436 336 396 799 381 815 516 346 328 592 939 334 752 565 764 349 850 493 201 371 428 582 451 808 809 185 720 302 256 426 521 402 341 743 827 0 643 635 88 631 564 646 146 476 414 52 466 647 439 588 162 488 271 385 433 642 536 828 386 687 629 922 260 822 272 381 527 925
225 134 152 89 544 424 664 369 171 448 499 453 644 498 147 209 240 596 394 508 531 213 298 586 552 244 451 452 563 455 413 334 294 609 306 460 336 361 377 138 411 397 603 361 596 267 79 121 340 228 466 764 705 218 511 619 165 337 640 471 341 579 512 599 241 390 450 450 643 0 368 599 161 568 365 628 299 488 619 693 522 640 408 667 165 414 422 694 124 130 193 812 283 423 405 455 179 627 368 395 380
193 237 331 357 468 751 644 482 357 503 679 129 337 860 256 201 576 360 203 568 883 227 528 949 787 612 323 296 387 420 139 616 621 825 398 260 202 572 745 401 289 574 267 388 768 635 365 410 517 394 188 821 488 400 804 840 438 706 528 813 415 716 740 852 355 575 116 814 635 368 0 643 208 241 702 702 568 714 641 425 835 382 719 566 301 546 255 443 484 281 508 948 641 746 768 375 457 764 579 684 738
498 613 454 510 218 557 115 231 756 156 238 583 588 754 668 685 796 453 823 91 716 473 898 827 365 668 340 374 363 991 530 423 850 348 299 424 791 306 740 466 361 252 636 916 246 683 520 721 283 816 521 179 444 381 494 364 765 737 259 635 266 168 337 432 366 265 755 747 88 599 643 0 609 604 566 70 403 326 36 530 560 498 505 243 456 201 405 500 584 504 778 328 615 545 852 279 778 188 304 444 857
124 29 181 174 496 569 648 398 182 454 571 306 509 659 70 78 373 486 256 521 688 139 358 747 653 406 373 362 474 383 277 454 421 702 315 353 204 443 539 230 330 463 457 308 668 429 178 211 401 236 333 786 606 267 640 715 245 498 582 624 345 633 609 710 251 459 289 611 631 161 208 609 0 424 514 653 410 583 619 574 661 523 545 615 164 457 324 582 282 119 308 872 442 566 560 398 265 682 450 520 531
347 452 477 527 390 885 563 528 593 506 723 118 99 1027 485 438 796 181 421 557 1035 369 767 1117 852 800 271 238 255 644 156 732 846 874 464 188 436 653 929 552 269 634 38 626 795 823 539 635 591 633 112 765 292 513 908 890 668 895 404 957 463 727 807 924 455 640 276 988 564 568 241 604 424 0 848 673 683 782 589 202 952 173 844 442 446 586 223 229 667 451 733 932 810 878 973 332 687 768 658 796 948
516 491 376 345 646 63 673 392 510 476 347 750 898 195 512 574 369 805 760 497 187 487 544 280 299 190 633 653 737 800 696 146 403 364 409 685 702 266 186 303 608 318 886 702 413 187 338 426 313 551 735 667 877 336 183 366 451 201 741 111 428 447 283 307 396 305 801 180 646 365 702 566 514 848 0 552 183 275 600 909 166 857 82 750 407 379 643 896 244 420 405 618 108 68 313 600 448 477 266 129 335
548 654 489 540 289 535 168 261 790 202 208 649 658 733 708 731 811 523 877 135 688 521 924 801 320 671 407 441 433 1036 594 415 863 294 338 491 841 305 732 491 425 252 705 958 192 684 549 749 296 850 588 135 512 410 458 309 793 733 326 610 308 118 300 383 405 264 816 731 146 628 702 70 653 673 552 0 402 294 97 600 525 568 484 307 495 216 470 570 599 543 799 258 612 523 849 345 804 125 302 425 858
375 393 238 238 463 204 503 209 469 295 221 595 725 378 431 482 420 626 666 324 364 342 561 463 253 269 454 476 556 754 538 49 469 311 229 512 612 97 339 180 432 151 721 661 312 282 238 402 131 523 571 530 694 172 236 320 439 333 559 282 246 317 213 302 228 138 676 358 476 299 568 403 410 683 183 402 0 190 434 729 270 678 160 569 266 205 470 715 218 295 423 532 212 196 448 418 445 359 100 116 455
523 571 403 419 474 246 441 254 659 298 88 714 803 442 614 659 600 684 838 285 394 490 750 507 72 432 521 550 600 942 654 170 645 121 323 596 788 143 461 360 514 147 819 850 137 439 421 593 198 713 674 396 721 320 167 132 630 472 553 318 320 179 26 141 359 143 828 446 414 488 714 326 583 782 275 294 190 0 363 781 233 736 197 550 426 201 559 759 407 464 611 351 358 234 586 468 635 203 136 146 604
505 625 471 529 199 593 78 253 771 171 275 575 567 789 680 694 821 431 826 114 751 481 918 863 401 697 330 363 342 1000 523 456 875 384 314 413 796 338 772 488 355 284 619 928 282 713 540 740 311 832 511 180 415 401 530 399 785 768 229 671 280 204 374 469 382 297 752 781 52 619 641 36 619 589 600 97 434 363 0 505 596 474 540 210 470 230 397 473 609 518 800 348 646 580 882 270 798 221 337 479 886
469 599 570 632 318 934 455 537 754 483 707 296 110 1100 642 606 932 104 618 513 1094 480 931 1188 843 901 275 257 181 841 301 775 985 850 500 235 627 673 1022 639 302 640 201 814 758 923 646 782 613 802 244 662 110 577 929 867 819 995 281 1012 484 682 802 917 518 649 477 1069 466 693 425 530 574 202 909 600 729 781 505 0 983 53 886 313 543 581 275 36 770 564 876 852 894 925 1086 316 838 714 678 831 1069
643 640 504 487 691 103 674 446 674 513 321 865 989 238 668 726 533 881 913 512 173 611 710 285 213 354 712 737 804 964 808 221 562 267 491 776 856 309 312 436 695 347 990 866 348 347 483 591 370 716 840 617 935 443 66 261 617 343 777 117 500 408 225 183 499 336 940 262 647 522 835 560 661 952 166 525 270 233 596 983 0 934 116 777 533 410 735 965 405 556 571 520 273 100 441 667 615 422 305 156 473
416 548 516 578 281 883 431 489 704 439 663 254 101 1047 591 558 879 52 578 473 1042 426 880 1136 799 847 224 204 138 800 253 725 932 809 449 181 584 625 968 586 249 593 183 770 719 869 592 729 564 752 196 639 118 524 881 826 767 941 259 961 434 644 758 873 465 602 442 1016 439 640 382 498 523 173 857 568 678 736 474 53 934 0 836 294 490 535 222 61 717 511 823 823 841 874 1033 268 787 678 629 781 1015
528 524 388 371 607 52 615 354 565 431 276 753 885 249 553 611 445 783 797 443 215 496 615 323 217 266 612 635 710 855 697 111 482 282 388 672 741 219 266 319 591 266 882 758 334 266 367 485 275 610 731 594 845 331 108 283 513 284 698 132 401 374 203 226 388 254 824 248 588 408 719 505 545 844 82 484 160 197 540 886 116 836 0 703 418 330 630 870 295 440 474 536 185 40 395 572 513 401 217 61 417
490 629 515 582 122 756 146 360 790 274 464 467 395 945 684 678 896 264 768 265 919 479 956 1026 599 807 248 270 190 969 429 604 952 589 376 307 752 485 904 560 289 437 464 913 488 825 595 782 438 848 396 350 211 474 715 605 826 890 39 836 345 410 566 669 431 449 662 928 162 667 566 243 615 442 750 307 569 550 210 313 777 294 703 0 502 373 312 278 695 543 860 546 772 744 998 217 843 431 486 642 994
109 160 30 89 379 452 508 235 301 300 408 343 509 580 213 242 402 442 413 365 593 79 456 671 497 359 289 293 401 544 291 315 457 543 157 308 366 283 484 106 250 299 484 463 504 381 102 281 238 361 336 629 545 105 503 556 325 454 475 519 190 469 451 558 89 296 410 541 488 165 301 456 164 446 407 495 266 426 470 543 533 490 418 502 0 293 268 540 227 48 359 708 363 447 542 290 341 518 290 382 526
367 453 282 327 280 382 297 63 579 102 138 526 602 573 505 535 597 482 697 119 546 336 709 653 267 467 321 351 399 837 467 233 650 288 148 398 655 113 544 276 316 64 622 754 222 482 335 534 82 639 481 351 525 198 351 304 577 538 368 463 131 176 223 340 206 75 662 559 271 414 546 201 457 586 379 216 205 201 230 581 410 535 330 373 293 0 362 559 384 340 583 415 416 371 652 267 588 226 114 269 656
205 345 294 357 213 675 391 305 507 287 500 178 255 830 394 376 662 174 455 344 830 209 681 920 628 625 68 42 150 658 126 518 716 651 244 42 440 431 747 364 47 411 260 607 575 647 370 520 369 560 120 578 284 307 688 667 560 719 275 750 240 510 583 700 247 417 359 797 385 422 255 405 324 223 643 470 470 559 397 275 735 222 630 312 268 362 0 272 495 291 610 726 621 666 811 126 579 553 437 579 794
472 606 566 629 291 919 422 519 763 460 682 315 143 1088 650 618 934 98 639 487 1080 480 940 1176 820 896 263 249 160 861 314 760 987 825 487 234 645 655 1014 633 294 620 233 831 731 918 643 787 596 812 258 628 74 568 910 841 825 989 248 997 469 654 780 893 509 630 502 1059 433 694 443 500 582 229 896 570 715 759 473 36 965 61 870 278 540 559 272 0 766 564 880 820 885 909 1083 298 844 685 659 814 1066
319 256 200 140 575 304 666 356 270 445 437 556 734 376 270 334 212 669 518 495 407 298 342 465 464 133 509 518 622 560 510 240 266 526 318 535 459 303 263 137 473 350 703 463 530 155 127 191 303 316 559 733 767 221 402 533 224 228 674 348 351 529 428 501 268 339 572 329 642 124 484 584 282 667 244 599 218 407 609 770 405 717 295 695 227 384 495 766 0 216 205 750 159 305 316 499 228 573 308 293 302
103 113 61 77 421 469 555 284 253 348 451 341 520 583 165 197 370 465 373 414 602 84 412 673 534 348 321 322 432 496 294 342 425 583 205 330 324 323 478 120 280 343 487 415 548 371 88 239 281 314 344 678 574 147 530 595 282 444 515 531 238 516 490 593 138 339 384 541 536 130 281 504 119 451 420 543 295 464 518 564 556 511 440 543 48 340 291 564 216 0 322 754 364 465 525 329 299 565 330 409 505
407 280 344 278 737 468 851 547 166 631 643 614 817 461 252 311 73 782 457 687 518 401 141 535 663 219 644 643 754 418 584 441 113 727 493 646 398 508 320 312 602 554 765 321 736 231 265 97 503 173 640 934 895 400 583 733 77 273 834 485 528 734 630 694 431 544 560 405 828 193 508 778 308 733 405 799 423 611 800 876 571 823 474 860 359 583 610 880 205 322 0 955 297 473 284 649 61 779 513 486 244
780 867 694 731 546 577 400 476 983 446 314 904 916 757 918 950 949 780 1111 383 692 749 1092 802 320 784 665 699 690 1250 848 520 995 256 561 750 1070 451 803 675 680 415 964 1165 219 790 737 926 476 1040 845 206 757 608 460 259 967 819 572 632 537 238 337 338 622 422 1064 774 386 812 948 328 872 932 618 258 532 351 348 852 520 823 536 546 708 415 726 820 750 754 955 0 708 565 932 603 974 189 445 494 952
466 416 333 286 659 171 714 412 412 502 417 704 870 219 429 493 261 790 675 536 247 441 436 309 394 82 622 637 732 699 655 198 297 460 406 663 616 309 131 259 591 363 847 600 495 82 276 326 339 449 699 736 876 318 291 463 347 121 758 194 433 518 371 411 376 350 731 177 687 283 641 615 442 810 108 612 212 358 646 894 273 841 185 772 363 416 621 885 159 364 297 708 0 176 237 599 343 554 311 214 248
556 544 416 394 647 12 656 394 574 472 314 785 921 210 570 629 438 821 816 484 174 525 612 283 245 258 650 672 749 864 729 149 471 309 425 708 758 260 239 345 628 307 916 766 368 254 388 491 315 616 765 630 885 364 117 308 517 262 739 91 440 412 237 243 422 295 849 212 629 423 746 545 566 878 68 523 196 234 580 925 100 874 40 744 447 371 666 909 305 465 473 565 176 0 369 611 515 437 258 102 395
627 530 516 454 882 358 949 643 449 733 652 858 1046 238 518 582 211 985 740 771 314 610 374 284 612 191 825 834 937 688 817 434 195 677 624 851 681 546 129 451 789 600 1008 596 724 172 441 369 573 455 869 972 1082 528 483 677 360 116 981 326 654 753 596 612 581 587 835 189 922 405 768 852 560 973 313 849 448 586 882 1086 441 1033 395 998 542 652 811 1083 316 525 284 932 237 369 0 812 345 787 548 440 46
274 412 307 374 99 621 269 221 573 176 399 304 336 794 467 463 690 215 569 224 783 262 740 881 534 620 62 95 137 760 252 462 746 548 193 146 546 358 730 361 85 325 367 699 464 641 388 568 297 631 242 451 277 283 613 564 611 710 186 700 172 394 491 607 230 334 483 768 260 455 375 279 398 332 600 345 418 468 270 316 667 268 572 217 290 267 126 298 499 329 649 603 599 611 812 0 628 435 362 516 801
373 239 331 269 720 512 844 547 107 627 660 569 774 518 203 257 134 747 396 686 573 372 120 594 692 269 617 614 725 361 542 469 168 754 485 612 338 523 378 312 575 565 718 263 755 283 257 60 511 113 599 940 864 397 622 762 19 331 814 535 520 747 656 728 420 556 503 463 822 179 457 778 265 687 448 804 445 635 798 838 615 787 513 843 341 588 579 844 228 299 61 974 343 515 345 628 0 793 529 519 305
592 678 505 544 397 449 294 287 796 266 138 728 763 644 729 761 779 631 922 210 591 561 912 705 209 623 496 530 540 1061 671 357 828 172 373 581 881 270 663 489 506 229 802 976 74 632 551 743 288 855 673 195 632 420 355 186 785 671 447 518 350 49 201 264 432 237 880 649 272 627 764 188 682 768 477 125 359 203 221 714 422 678 401 431 518 226 553 685 573 565 779 189 554 437 787 435 793 0 265 348 802
387 439 269 291 389 269 408 140 539 213 131 583 688 459 484 527 516 576 703 231 433 354 647 539 208 369 407 434 498 815 524 120 566 252 194 476 654 6 435 233 394 53 696 726 228 382 296 481 67 596 548 430 630 184 252 265 521 432 481 350 197 221 162 273 223 40 692 446 381 368 579 304 450 658 266 302 100 136 337 678 305 629 217 486 290 114 437 659 308 330 513 445 311 258 548 362 529 265 0 157 556
