65
0 602 911 679 391 643 383 698 176 120 159 386 108 291 1095 497 781 462 75 835 233 511 41 157 779 510 179 523 182 249 304 751 743 645 794 836 731 526 521 726 904 152 491 439 212 176 221 234 896 690 682 436 241 414 281 665 374 862 549 513 764 985 754 930 550
602 0 503 125 520 873 654 1006 476 588 445 540 504 318 840 802 552 212 623 256 378 91 643 526 255 874 591 854 720 550 670 654 357 199 710 536 544 627 90 463 791 450 175 172 419 472 419 630 832 164 274 400 361 623 385 915 442 441 569 105 709 630 1036 514 57
911 503 0 585 593 788 718 940 737 957 766 612 804 651 368 809 239 475 965 348 760 549 942 770 265 899 985 860 938 722 793 399 172 319 431 151 288 576 572 219 444 780 462 624 812 736 690 800 511 340 251 489 716 664 814 831 561 62 498 588 457 134 940 19 545
679 125 585 0 641 997 772 1128 574 646 529 661 590 412 938 922 665 334 689 276 447 187 721 624 321 992 638 973 815 660 781 775 458 308 831 639 661 752 165 576 907 532 299 240 479 569 519 737 951 251 380 523 442 744 429 1039 562 524 694 169 830 717 1160 593 145
391 520 593 641 0 363 142 487 234 485 312 22 309 300 711 283 412 308 463 656 385 459 406 235 562 360 536 335 356 148 200 359 450 431 402 482 357 150 489 379 513 329 345 450 423 237 230 212 507 506 425 130 337 103 476 403 79 559 157 493 373 634 521 612 498
643 873 788 997 363 0 271 152 548 760 635 347 606 658 725 152 551 662 717 965 726 820 635 521 858 195 818 154 504 424 339 402 703 748 395 640 500 249 850 578 468 649 698 813 754 553 569 408 414 827 715 473 684 270 817 44 442 779 321 855 358 767 165 806 857
383 654 718 772 142 271 0 368 277 496 364 119 336 398 787 153 516 443 459 798 456 586 383 251 704 220 554 202 283 153 96 425 585 573 454 595 458 173 614 499 561 378 481 565 483 282 301 152 537 648 565 272 416 55 547 302 214 689 233 616 418 745 412 738 627
698 1006 940 1128 487 152 368 0 637 818 722 468 683 766 859 216 703 794 767 1112 819 947 681 601 1007 189 877 177 534 514 405 551 855 892 540 792 652 393 976 731 602 734 830 931 840 642 668 475 541 971 863 607 782 385 908 109 566 932 469 979 504 916 61 958 985
176 476 737 574 234 548 277 637 0 253 86 235 77 162 922 421 606 304 240 687 182 390 205 50 620 464 302 461 244 124 236 585 570 483 632 659 557 381 409 550 742 101 337 338 205 5 57 174 741 537 513 259 150 287 271 579 201 689 389 405 605 808 685 755 432
120 588 957 646 485 760 496 818 253 0 194 483 176 308 1172 616 852 488 60 836 212 497 143 253 795 630 59 642 297 353 421 839 785 667 885 897 805 628 501 788 996 178 510 416 169 251 278 351 993 700 715 505 245 522 219 784 453 903 641 489 858 1043 874 975 532
159 445 766 529 312 635 364 722 86 194 0 316 60 131 979 507 658 305 200 675 102 354 199 122 620 546 233 545 289 210 318 654 594 487 702 703 613 462 367 594 812 17 332 289 119 81 87 252 815 530 528 313 87 373 186 666 267 714 463 361 678 849 771 784 395
386 540 612 661 22 347 119 468 235 483 316 0 308 313 723 262 428 328 459 678 393 478 398 231 584 338 535 314 341 138 180 368 471 454 408 500 372 146 507 398 519 332 366 466 429 238 236 196 510 529 447 152 346 82 485 386 99 579 164 511 378 652 504 632 517
108 504 804 590 309 606 336 683 77 176 60 308 0 187 999 471 681 354 164 730 158 414 144 85 671 503 227 506 229 184 277 662 635 536 709 732 633 454 428 623 819 62 384 349 161 75 113 208 817 584 573 334 148 353 233 635 278 754 465 421 681 880 735 823 455
291 318 651 412 300 658 398 766 162 308 131 313 187 0 894 550 571 179 326 544 112 229 330 212 491 606 334 596 403 260 382 594 478 360 648 604 532 447 247 498 753 140 203 177 165 157 109 330 767 400 407 247 65 388 191 694 230 596 425 243 629 744 808 668 271
1095 840 368 938 711 725 787 859 922 1172 979 723 999 894 0 812 323 745 1163 717 1007 864 1115 939 627 895 1213 850 1061 859 882 362 482 641 341 306 366 615 892 400 256 996 748 925 1058 924 893 917 319 686 566 666 957 734 1080 757 721 422 561 907 379 237 835 368 872
497 802 809 922 283 152 153 216 421 616 507 262 471 550 812 0 586 590 570 931 603 738 486 387 832 89 675 53 352 298 195 460 696 707 472 672 529 233 766 590 564 519 628 718 626 426 451 266 522 785 690 410 566 179 692 168 360 789 312 769 433 813 264 829 778
781 552 239 665 412 551 516 703 606 852 658 428 681 571 323 586 0 427 846 504 684 559 804 627 395 675 891 633 768 557 602 160 219 356 200 89 57 356 590 88 247 675 435 612 735 607 573 624 301 420 285 347 634 460 758 593 407 243 283 604 220 229 701 256 574
462 212 475 334 308 662 443 794 304 488 305 328 354 179 745 590 427 0 504 384 285 161 498 349 317 663 511 642 543 351 466 489 302 182 545 444 400 419 193 344 640 317 38 188 337 301 248 435 668 233 227 189 243 411 342 704 230 418 368 202 535 575 825 492 195
75 623 965 689 463 717 459 767 240 60 200 459 164 326 1163 570 846 504 0 865 245 531 86 228 817 578 114 594 240 323 378 822 795 686 866 897 797 600 538 787 977 187 530 454 209 239 276 309 970 725 729 499 268 489 268 738 441 914 621 527 837 1045 824 984 569
835 256 348 276 656 965 798 1112 687 836 675 678 730 544 717 931 504 384 865 0 623 341 874 734 110 1014 844 985 928 732 840 649 286 224 698 448 523 718 346 428 748 684 349 426 668 684 630 816 806 153 250 526 598 755 640 1009 589 296 643 361 710 482 1130 351 313
233 378 760 447 385 726 456 819 182 212 102 393 158 112 1007 603 684 285 245 623 0 286 274 223 583 646 228 644 386 305 418 702 587 459 754 717 644 535 292 611 861 96 302 209 52 177 157 354 871 488 512 353 50 459 91 759 325 703 523 283 733 855 867 777 323
511 91 549 187 459 820 586 947 390 497 354 478 414 229 864 738 559 161 531 341 286 0 551 440 322 805 502 788 633 472 594 641 388 230 698 558 541 580 32 472 788 359 134 85 328 385 334 550 821 225 303 349 269 561 298 861 380 487 530 44 691 668 981 562 42
41 643 942 721 406 635 383 681 205 143 199 398 144 330 1115 486 804 498 86 874 274 551 0 177 816 492 200 508 154 260 298 766 774 681 807 861 753 534 563 752 918 192 529 481 253 206 254 231 906 728 715 461 282 418 321 655 397 894 563 554 776 1012 739 961 591
157 526 770 624 235 521 251 601 50 253 122 231 85 212 939 387 627 349 228 734 223 440 177 0 664 423 307 424 195 100 196 593 605 526 637 685 576 374 459 576 748 133 384 388 239 55 106 130 741 583 552 284 197 270 308 550 219 724 392 456 608 836 651 789 483
779 255 265 321 562 858 704 1007 620 795 620 584 671 491 627 832 395 317 817 110 583 322 816 664 0 916 810 885 855 650 752 539 176 138 588 345 412 613 337 318 641 631 287 406 632 617 565 735 697 97 143 433 551 658 615 903 500 206 537 353 600 399 1023 272 306
510 874 899 992 360 195 220 189 464 630 546 338 503 606 895 89 675 663 578 1014 646 805 492 423 916 0 689 45 345 346 228 547 784 789 555 761 618 322 832 680 643 557 702 779 662 469 502 294 597 865 775 489 613 258 732 191 434 878 401 834 516 902 248 918 846
179 591 985 638 536 818 554 877 302 59 233 535 227 334 1213 675 891 511 114 844 228 502 200 307 810 689 0 702 355 408 480 886 812 687 933 933 847 681 502 825 1044 217 530 419 177 299 321 410 1043 714 739 547 268 577 209 842 499 930 691 489 907 1076 933 1002 535
523 854 860 973 335 154 202 177 461 642 545 314 506 596 850 53 633 642 594 985 644 788 508 424 885 45 702 0 366 340 228 503 749 761 510 721 577 284 816 641 598 557 680 766 664 466 495 298 552 838 743 463 608 232 732 156 412 841 363 818 472 860 231 879 828
182 720 938 815 356 504 283 534 244 297 289 341 229 403 1061 352 768 543 240 928 386 633 154 195 855 345 355 366 0 216 186 701 782 717 734 837 713 452 650 732 842 291 579 575 380 248 301 144 820 776 736 449 375 330 452 518 377 898 500 645 699 990 593 958 675
249 550 722 660 148 424 153 514 124 353 210 138 184 260 859 298 557 351 323 732 305 472 260 100 650 346 408 340 216 0 122 506 566 513 547 622 502 277 496 516 657 224 389 436 329 129 155 84 647 579 525 233 268 169 395 455 161 681 303 496 516 775 561 741 514
304 670 793 781 200 339 96 405 236 421 318 180 277 382 882 195 602 466 378 840 418 594 298 196 752 228 480 228 186 122 0 520 650 617 550 678 545 268 618 577 657 329 504 558 435 241 276 70 633 687 620 321 385 147 504 362 252 759 323 618 515 829 457 813 636
751 654 399 775 359 402 425 551 585 839 654 368 662 594 362 460 160 489 822 649 702 641 766 593 539 547 886 503 701 506 520 0 363 472 56 247 126 252 673 221 159 671 508 677 749 588 566 558 179 545 411 348 651 372 786 442 386 404 203 685 61 365 545 415 664
743 357 172 458 450 703 585 855 570 785 594 471 635 478 482 696 219 302 795 286 587 388 774 605 176 784 812 749 782 566 650 363 0 160 411 180 236 467 414 141 466 609 291 458 639 568 521 648 520 207 85 333 544 534 642 748 405 119 388 430 424 280 865 190 391
645 199 319 308 431 748 573 892 483 667 487 454 536 360 641 707 356 182 686 224 459 230 681 526 138 789 687 761 717 513 617 472 160 0 527 337 354 499 254 268 599 499 157 305 510 480 428 598 645 79 75 301 422 530 502 792 365 258 428 271 530 438 913 333 231
794 710 431 831 402 395 454 540 632 885 702 408 709 648 341 472 200 545 866 698 754 698 807 637 588 555 933 510 734 547 550 56 411 527 0 280 176 281 730 270 110 720 565 733 800 634 615 593 123 599 464 401 703 403 839 432 435 443 244 742 38 380 527 446 721
836 536 151 639 482 640 595 792 659 897 703 500 732 604 306 672 89 444 897 448 717 558 861 685 345 761 933 721 837 622 678 247 180 337 280 0 143 441 586 109 304 719 444 620 769 659 621 694 368 388 261 400 669 540 784 682 466 166 365 601 305 152 790 168 566
731 544 288 661 357 500 458 652 557 805 613 372 633 532 366 529 57 400 797 523 644 541 753 576 412 618 847 577 713 502 545 126 236 354 176 143 0 299 573 95 247 630 412 587 695 558 526 568 291 424 288 299 594 403 721 543 356 284 225 586 188 287 653 306 560
526 627 576 752 150 249 173 393 381 628 462 146 454 447 615 233 356 419 600 718 535 580 534 374 613 322 681 284 452 277 268 252 467 499 281 441 299 0 611 357 389 478 453 583 574 384 381 313 372 578 470 230 487 121 626 293 217 557 79 618 247 586 414 595 615
521 90 572 165 489 850 614 976 409 501 367 507 428 247 892 766 590 193 538 346 292 32 563 459 337 832 502 816 650 496 618 673 414 254 730 586 573 611 0 501 819 371 166 84 331 404 354 572 853 241 329 381 281 590 295 891 409 510 561 16 723 693 1011 585 33
726 463 219 576 379 578 499 731 550 788 594 398 623 498 400 590 88 344 787 428 611 472 752 576 318 680 825 641 732 516 577 221 141 268 270 109 95 357 501 0 332 610 349 526 663 550 511 590 382 334 198 291 562 445 681 622 358 201 278 516 282 259 736 239 485
904 791 444 907 513 468 561 602 742 996 812 519 819 753 256 564 247 640 977 748 861 788 918 748 641 643 1044 598 842 657 657 159 466 599 110 304 247 389 819 332 0 829 656 829 908 745 725 702 72 666 531 507 810 511 944 501 544 470 355 832 142 361 580 455 807
152 450 780 532 329 649 378 734 101 178 17 332 62 140 996 519 675 317 187 684 96 359 192 133 631 557 217 557 291 224 329 671 609 499 720 719 630 478 371 610 829 0 343 291 106 96 104 262 832 540 542 330 90 388 175 680 284 728 480 364 695 864 784 798 399
491 175 462 299 345 698 481 830 337 510 332 366 384 203 748 628 435 38 530 349 302 134 529 384 287 702 530 680 579 389 504 508 291 157 565 444 412 453 166 349 656 343 0 177 354 334 281 473 688 199 212 224 265 448 351 740 267 404 398 177 557 569 861 479 163
439 172 624 240 450 813 565 931 338 416 289 466 349 177 925 718 612 188 454 426 209 85 481 388 406 779 419 766 575 436 558 677 458 305 733 620 587 583 84 526 829 291 177 0 247 333 286 507 856 309 374 357 201 547 213 852 371 563 543 73 723 738 970 638 116
212 419 812 479 423 754 483 840 205 169 119 429 161 165 1058 626 735 337 209 668 52 328 253 239 632 662 177 664 380 329 435 749 639 510 800 769 695 574 331 663 908 106 354 247 0 201 193 368 917 537 564 401 100 490 72 785 368 756 567 320 778 908 890 829 363
176 472 736 569 237 553 282 642 5 251 81 238 75 157 924 426 607 301 239 684 177 385 206 55 617 469 299 466 248 129 241 588 568 480 634 659 558 384 404 550 745 96 334 333 201 0 53 180 743 534 511 260 145 291 266 584 203 688 391 400 607 808 690 754 428
221 419 690 519 230 569 301 668 57 278 87 236 113 109 893 451 573 248 276 630 157 334 254 106 565 502 321 495 301 155 276 566 521 428 615 621 526 381 354 511 725 104 281 286 193 53 0 221 728 481 461 226 114 301 249 603 180 641 377 351 591 768 713 709 377
234 630 800 737 212 408 152 475 174 351 252 196 208 330 917 266 624 435 309 816 354 550 231 130 735 294 410 298 144 84 70 558 648 598 593 694 568 313 572 590 702 262 473 507 368 180 221 0 684 663 609 314 325 192 438 432 242 761 356 571 559 846 528 819 592
896 832 511 951 507 414 537 541 741 993 815 510 817 767 319 522 301 668 970 806 871 821 906 741 697 597 1043 552 820 647 633 179 520 645 123 368 291 372 853 382 72 832 688 856 917 743 728 684 0 715 579 520 820 491 957 443 548 534 352 865 138 433 516 523 843
690 164 340 251 506 827 648 971 537 700 530 529 584 400 686 785 420 233 725 153 488 225 728 583 97 865 714 838 776 579 687 545 207 79 599 388 424 578 241 334 666 540 199 309 537 534 481 663 715 0 135 376 457 607 518 872 437 278 508 257 604 469 993 351 211
682 274 251 380 425 715 565 863 513 715 528 447 573 407 566 690 285 227 729 250 512 303 715 552 143 775 739 743 736 525 620 411 85 75 464 261 288 470 329 198 531 542 212 374 564 511 461 609 579 135 0 298 471 518 563 760 369 192 394 345 471 365 880 267 306
436 400 489 523 130 473 272 607 259 505 313 152 334 247 666 410 347 189 499 526 353 349 461 284 433 489 547 463 449 233 321 348 333 301 401 400 299 230 381 291 507 330 224 357 401 260 226 314 520 376 298 0 302 231 438 515 72 448 186 388 382 551 636 509 385
241 361 716 442 337 684 416 782 150 245 87 346 148 65 957 566 634 243 268 598 50 269 282 197 551 613 268 608 375 268 385 651 544 422 703 669 594 487 281 562 810 90 265 201 100 145 114 325 820 457 471 302 0 415 139 718 275 661 473 274 682 809 828 734 309
414 623 664 744 103 270 55 385 287 522 373 82 353 388 734 179 460 411 489 755 459 561 418 270 658 258 577 232 330 169 147 372 534 530 403 540 403 121 590 445 511 388 448 547 490 291 301 192 491 607 518 231 415 0 550 306 181 636 178 594 369 689 423 684 600
281 385 814 429 476 817 547 908 271 219 186 485 233 191 1080 692 758 342 268 640 91 298 321 308 615 732 209 732 452 395 504 786 642 502 839 784 721 626 295 681 944 175 351 213 72 266 249 438 957 518 563 438 139 550 0 850 414 755 612 281 819 917 956 830 328
665 915 831 1039 403 44 302 109 579 784 666 386 635 694 757 168 593 704 738 1009 759 861 655 550 903 191 842 156 518 455 362 442 748 792 432 682 543 293 891 622 501 680 740 852 785 584 603 432 443 872 760 515 718 306 850 0 482 823 366 896 396 807 121 849 898
374 442 561 562 79 442 214 566 201 453 267 99 278 230 721 360 407 230 441 589 325 380 397 219 500 434 499 412 377 161 252 386 405 365 435 466 356 217 409 358 544 284 267 371 368 203 180 242 548 437 369 72 275 181 414 482 0 520 198 413 411 618 601 580 418
862 441 62 524 559 779 689 932 689 903 714 579 754 596 422 789 243 418 914 296 703 487 894 724 206 878 930 841 898 681 759 404 119 258 443 166 284 557 510 201 470 728 404 563 756 688 641 761 534 278 192 448 661 636 755 823 520 0 477 526 464 192 936 75 483
549 569 498 694 157 321 233 469 389 641 463 164 465 425 561 312 283 368 621 643 523 530 563 392 537 401 691 363 500 303 323 203 388 428 244 365 225 79 561 278 355 480 398 543 567 391 377 356 352 508 394 186 473 178 612 366 198 477 0 570 216 513 486 517 562
513 105 588 169 493 855 616 979 405 489 361 511 421 243 907 769 604 202 527 361 283 44 554 456 353 834 489 818 645 496 618 685 430 271 742 601 586 618 16 516 832 364 177 73 320 400 351 571 865 257 345 388 274 594 281 896 413 526 570 0 735 709 1015 601 48
764 709 457 830 373 358 418 504 605 858 678 378 681 629 379 433 220 535 837 710 733 691 776 608 600 516 907 472 699 516 515 61 424 530 38 305 188 247 723 282 142 695 557 723 778 607 591 559 138 604 471 382 682 369 819 396 411 464 216 735 0 414 493 473 716
985 630 134 717 634 767 745 916 808 1043 849 652 880 744 237 813 229 575 1045 482 855 668 1012 836 399 902 1076 860 990 775 829 365 280 438 380 152 287 586 693 259 361 864 569 738 908 808 768 846 433 469 365 551 809 689 917 807 618 192 513 709 414 0 907 131 668
754 1036 940 1160 521 165 412 61 685 874 771 504 735 808 835 264 701 825 824 1130 867 981 739 651 1023 248 933 231 593 561 457 545 865 913 527 790 653 414 1011 736 580 784 861 970 890 690 713 528 516 993 880 636 828 423 956 121 601 936 486 1015 493 907 0 958 1019
930 514 19 593 612 806 738 958 755 975 784 632 823 668 368 829 256 492 984 351 777 562 961 789 272 918 1002 879 958 741 813 415 190 333 446 168 306 595 585 239 455 798 479 638 829 754 709 819 523 351 267 509 734 684 830 849 580 75 517 601 473 131 958 0 558
550 57 545 145 498 857 627 985 432 532 395 517 455 271 872 778 574 195 569 313 323 42 591 483 306 846 535 828 675 514 636 664 391 231 721 566 560 615 33 485 807 399 163 116 363 428 377 592 843 211 306 385 309 600 328 898 418 483 562 48 716 668 1019 558 0
