159
0 31 830 715 367 36 943 1033 720 612 306 915 402 678 573 350 324 559 781 796 995 291 798 719 362 965 227 309 597 582 167 452 197 245 236 311 111 972 1022 639 334 214 928 699 749 274 169 523 838 272 912 520 835 264 268 721 322 387 717 1061 654 1001 426 275 498 561 242 521 609 317 633 332 995 554 1005 951 74 665 966 334 397 649 605 685 295 832 386 877 929 965 730 814 303 545 818 398 376 740 969 1018 807 299 370 835 541 538 942 486 973 348 449 387 970 816 553 693 591 908 529 963 302 350 87 555 296 319 429 786 849 522 403 568 318 1032 757 192 161 412 537 832 867 612 1051 499 457 768 840 636 695 689 493 316 268 805 658 565 765 472 30
31 0 815 687 339 57 916 1013 688 583 277 885 390 658 545 344 295 530 767 780 979 271 767 688 330 947 225 278 565 560 165 457 165 218 238 323 101 955 999 632 325 203 905 668 730 264 188 520 823 281 883 517 807 251 275 690 291 381 686 1041 624 978 440 258 512 551 210 493 577 329 622 315 977 523 982 920 48 635 942 348 366 618 585 653 264 815 356 850 908 934 702 783 311 555 786 376 347 726 949 986 775 294 387 805 510 536 911 459 947 317 443 378 946 785 524 661 571 885 532 941 271 329 74 524 270 334 408 765 827 533 381 546 286 1011 726 185 130 381 541 804 836 590 1030 474 430 747 816 612 681 657 508 298 255 774 646 535 750 445 55
830 815 0 447 556 808 491 265 740 974 617 605 1117 217 999 501 609 980 49 41 173 965 929 644 733 163 623 663 756 317 675 537 788 867 633 661 899 156 324 261 1081 974 314 592 143 1027 764 396 14 650 540 404 496 1002 639 906 671 471 628 292 949 324 679 985 664 285 727 499 743 663 222 1026 192 640 339 738 831 578 328 671 833 609 255 760 672 41 835 449 215 687 439 645 624 604 800 1012 871 94 226 880 941 551 705 620 846 408 790 458 416 810 417 1125 350 941 981 866 268 306 481 275 773 992 743 883 578 701 424 195 224 608 459 330 770 291 678 973 795 821 491 505 649 286 293 1043 491 202 296 327 136 785 682 1005 1005 921 184 529 65 973 819
715 687 447 0 348 712 229 456 297 577 410 227 843 252 620 548 393 603 430 410 510 705 486 198 437 457 608 424 345 224 627 694 573 620 635 729 729 482 390 540 834 762 281 148 306 796 746 591 440 690 202 598 123 768 673 474 419 544 182 476 537 363 814 739 840 465 504 194 328 735 475 760 474 252 358 327 676 143 316 754 510 180 283 325 438 412 517 165 356 301 17 206 682 814 353 708 559 432 397 458 498 568 807 192 461 619 364 234 279 512 537 864 308 497 606 436 283 265 691 349 503 708 638 496 422 773 340 257 269 804 343 227 492 430 230 775 598 491 706 123 227 227 458 700 258 246 206 158 412 350 852 742 769 477 446 166 412 629 720
367 339 556 348 0 365 576 705 414 477 67 554 563 358 480 292 55 461 513 515 697 412 553 381 186 657 294 106 329 250 296 467 245 315 325 438 389 671 677 468 533 439 576 348 438 484 414 428 559 390 546 432 469 458 373 492 115 311 374 732 480 653 547 436 595 368 177 155 330 444 426 472 684 235 655 607 331 314 614 466 289 307 301 394 117 543 288 511 597 610 363 466 394 596 513 456 320 483 640 697 564 284 521 481 353 456 611 124 610 258 343 574 615 570 459 452 288 556 502 621 217 436 291 387 79 477 145 454 509 579 109 236 215 696 423 446 263 282 517 466 515 283 719 496 91 436 487 286 440 409 602 452 460 553 429 205 493 430 373
36 57 808 712 365 0 940 1016 732 639 308 917 439 662 602 321 326 587 759 774 974 326 818 727 378 946 196 317 613 569 137 417 219 275 202 275 148 952 1008 610 371 251 917 703 731 311 133 491 816 236 911 488 834 301 232 742 331 358 723 1045 679 988 389 311 462 535 256 520 624 280 607 368 976 563 993 958 105 670 954 297 420 656 588 699 304 811 410 873 914 969 727 820 268 508 831 432 403 717 953 1030 827 269 334 839 562 505 952 480 965 371 420 424 959 836 581 712 574 897 494 949 322 385 74 578 290 282 415 772 835 485 391 556 338 1017 765 229 184 435 502 831 872 598 1035 531 453 753 829 626 672 704 456 352 305 824 633 566 743 502 11
943 916 491 229 576 940 0 367 422 744 639 146 1058 379 798 750 623 784 498 468 472 925 586 332 658 420 824 652 520 409 849 878 801 844 850 935 958 450 269 672 1053 987 192 307 385 1019 967 757 479 900 77 765 119 991 883 603 647 740 320 373 692 243 1008 960 1024 621 732 423 500 940 607 977 423 456 229 280 905 326 202 957 721 360 441 466 667 450 729 68 307 215 213 260 888 987 424 917 771 520 332 421 595 777 1008 220 645 782 345 459 108 729 720 1081 181 590 788 574 448 191 859 264 726 922 865 676 649 979 551 309 267 981 561 418 714 326 334 1002 827 700 873 127 226 396 354 895 486 312 199 338 520 488 1038 961 992 572 569 391 486 826 948
1033 1013 265 456 705 1016 367 0 742 1034 773 511 1262 355 1075 735 761 1057 305 276 134 1113 924 642 855 105 848 808 802 457 893 796 951 1019 863 908 1085 126 103 524 1238 1144 186 598 286 1190 994 655 250 891 439 663 435 1163 878 924 811 709 626 29 994 124 938 1140 927 532 883 596 785 911 479 1173 84 703 141 647 1020 599 165 921 944 636 428 777 820 237 949 362 108 582 441 602 867 869 771 1138 989 350 65 788 935 780 960 566 915 670 711 586 260 934 663 1276 186 932 1060 889 442 197 745 110 910 1129 946 951 751 950 604 251 199 872 633 472 903 44 661 1150 966 927 755 446 583 426 28 1145 621 270 250 422 381 801 945 1153 1166 913 437 601 310 1074 1027
720 688 740 297 414 732 422 742 0 327 441 301 694 532 387 698 425 375 718 701 806 589 189 100 361 753 706 417 134 464 701 869 531 534 738 852 688 779 662 788 709 679 557 149 597 691 813 800 735 804 349 806 315 665 787 183 401 709 116 758 270 634 960 630 1005 697 478 305 117 858 727 629 768 179 624 258 658 163 586 880 373 136 537 49 429 707 384 392 648 302 309 166 808 997 100 548 421 713 687 298 200 697 935 206 251 830 229 377 518 404 726 724 572 200 381 152 532 544 890 632 429 567 668 273 489 890 502 555 565 983 483 459 413 710 87 703 566 351 905 305 216 483 739 499 371 543 496 423 686 67 1012 617 665 181 707 248 699 437 737
612 583 974 577 477 639 744 1034 327 0 455 629 420 756 68 752 448 68 940 932 1075 371 251 412 306 1025 704 404 231 660 672 925 422 370 734 850 535 1048 966 941 460 480 857 444 834 465 757 904 972 800 674 907 631 445 785 179 386 778 425 1053 68 937 972 411 1033 841 411 475 250 857 893 384 1045 336 930 570 539 436 890 879 223 398 730 279 407 949 232 706 931 624 593 493 817 1050 372 285 236 922 973 554 253 728 931 533 128 932 522 526 834 274 818 456 879 264 75 185 720 841 972 927 329 324 600 91 518 878 617 813 842 1030 583 649 317 1008 414 511 455 215 985 621 543 688 1036 198 499 798 783 649 884 260 1035 380 444 264 887 446 920 164 639
306 277 617 410 67 308 639 773 441 455 0 609 500 423 449 298 17 430 572 576 762 348 562 422 150 722 270 53 340 316 259 471 178 251 302 419 322 736 744 509 467 371 644 396 503 418 373 453 620 369 606 455 529 391 352 495 70 323 417 799 467 721 535 370 589 411 111 216 345 425 473 409 750 264 723 652 266 361 681 448 249 350 364 415 58 606 246 574 664 661 426 512 378 598 541 400 272 540 707 733 572 278 503 531 339 479 650 191 677 210 365 510 683 579 427 458 350 624 516 689 163 376 236 369 62 454 196 522 577 580 159 302 164 764 462 378 195 247 530 526 563 349 786 450 158 503 555 354 496 426 593 389 394 564 480 258 553 387 315
915 885 605 227 554 917 146 511 301 629 609 0 975 452 687 775 591 675 602 576 609 853 448 228 594 555 830 610 418 448 845 921 752 781 858 955 913 585 414 750 980 928 329 224 481 952 964 814 594 915 71 821 115 924 898 474 600 772 221 518 571 388 1042 891 1067 684 687 399 397 961 684 901 562 382 374 138 867 254 345 980 640 279 499 349 624 565 650 158 442 82 220 135 908 1039 285 831 690 617 471 281 457 793 1033 96 543 841 200 453 254 658 764 1002 325 451 680 450 502 325 915 404 665 842 844 570 632 999 566 411 386 1030 567 453 651 471 215 946 782 618 930 110 87 446 499 795 471 409 310 378 608 369 1080 886 925 434 650 350 588 729 924
402 390 1117 843 563 439 1058 1262 694 420 500 975 0 921 353 712 508 352 1072 1077 1261 152 669 747 409 1219 606 457 562 813 550 845 333 249 624 713 291 1235 1220 983 74 187 1113 755 1002 128 570 891 1121 671 1001 890 938 138 664 593 451 748 753 1287 487 1194 828 139 901 891 390 668 581 719 959 91 1246 601 1193 952 347 732 1150 737 336 700 864 645 446 1106 328 1003 1153 993 861 844 700 946 767 146 286 1039 1196 963 672 666 772 879 443 911 916 676 1123 331 807 38 1147 683 345 587 851 1094 917 1169 351 135 453 427 541 721 694 1013 1062 923 658 799 358 1247 767 212 335 358 927 931 900 846 1272 223 641 994 1027 839 994 634 895 111 135 682 972 678 1053 263 432
678 658 217 252 358 662 379 355 532 756 423 452 921 0 783 401 413 764 187 176 340 770 720 440 525 298 502 464 539 108 543 505 601 674 521 585 730 313 349 297 891 793 272 387 81 841 650 379 216 559 400 387 336 815 544 692 469 383 424 383 732 332 641 794 650 243 535 282 526 589 232 830 326 423 339 572 664 369 305 603 622 398 77 548 475 193 625 317 251 534 249 458 540 609 601 807 663 181 291 708 731 440 649 442 628 403 614 248 349 603 352 933 316 732 765 652 89 253 480 289 571 791 591 666 397 629 249 110 176 604 278 122 566 354 478 796 613 609 495 342 475 74 373 831 282 93 197 110 160 572 665 810 817 713 197 312 168 761 673
573 545 999 620 480 602 798 1075 387 68 449 687 353 783 0 743 445 19 963 958 1109 315 319 466 299 1060 684 396 278 682 647 912 390 328 713 828 488 1081 1010 949 396 425 901 493 863 406 725 902 999 777 730 904 682 387 764 247 379 771 478 1095 137 982 950 354 1014 849 390 500 298 834 904 322 1082 371 976 635 499 482 935 856 203 445 751 338 397 976 209 756 970 687 636 552 796 1035 438 222 202 942 1013 622 321 715 906 591 159 929 588 544 884 251 815 390 926 332 22 251 740 885 964 969 307 264 569 123 512 853 624 847 879 1015 589 670 297 1050 472 457 421 202 977 673 603 712 1078 130 515 831 825 678 903 320 1014 321 386 333 902 478 943 106 601
350 344 501 548 292 321 750 735 698 752 298 775 712 401 743 0 306 724 452 472 673 569 845 649 447 652 126 348 621 341 184 175 392 480 131 185 443 653 748 288 657 537 673 606 452 597 262 178 512 157 746 177 669 578 143 784 366 36 638 764 765 732 268 573 306 219 361 402 622 190 289 626 682 522 741 858 375 573 707 207 540 578 325 684 347 511 535 682 642 845 557 718 139 303 795 652 553 408 676 966 856 52 259 723 637 198 875 333 743 495 98 708 718 862 721 745 314 655 220 688 440 616 271 667 235 229 209 510 577 287 218 332 447 744 693 526 380 541 234 670 759 358 757 725 329 494 594 411 365 699 315 606 581 845 320 462 439 670 332
324 295 609 393 55 326 623 761 425 448 17 591 508 413 445 306 0 425 566 569 752 357 548 404 146 712 284 54 326 306 275 481 190 260 316 433 337 726 731 509 478 384 629 378 494 429 389 457 613 383 588 460 512 402 366 483 67 330 400 787 458 707 548 380 601 410 122 199 330 439 471 417 739 247 709 635 282 344 667 462 247 332 355 400 62 597 245 558 652 643 409 495 391 608 525 404 273 534 695 716 559 289 516 513 330 484 633 177 661 211 370 519 668 566 423 445 342 610 524 676 166 382 254 361 71 469 192 510 564 590 155 291 166 751 445 392 209 243 538 509 546 339 774 450 144 491 540 341 491 411 605 397 405 550 477 241 546 387 333
559 530 980 603 461 587 784 1057 375 68 430 675 352 764 19 724 425 0 944 939 1091 306 317 452 279 1042 666 377 264 663 630 893 374 314 695 810 476 1063 994 929 392 415 885 478 844 399 709 883 980 760 717 885 668 379 746 243 360 752 464 1078 134 966 933 345 996 829 372 481 283 817 885 317 1064 354 960 626 484 466 919 839 184 429 732 326 377 958 191 742 952 676 620 540 779 1017 430 217 185 923 996 617 320 696 889 579 142 910 581 525 869 233 796 388 910 331 7 243 721 868 945 953 289 257 553 108 492 836 605 829 862 997 570 651 279 1033 459 447 405 183 958 658 591 693 1061 132 496 813 808 660 884 309 997 314 378 331 882 460 924 97 586
781 767 49 430 513 759 498 305 718 940 572 602 1072 187 963 452 566 944 0 32 221 920 906 624 692 207 574 619 726 281 626 492 742 823 583 613 851 203 354 219 1035 927 331 571 124 980 715 350 59 602 540 359 491 956 590 880 628 422 608 333 918 351 634 939 622 236 682 465 714 615 175 981 237 609 366 733 783 555 349 624 793 585 214 735 628 68 795 450 242 685 423 632 575 564 783 969 830 45 260 874 918 502 659 610 812 364 782 420 430 769 369 1080 370 919 945 839 226 320 439 301 731 948 694 849 532 653 378 191 233 566 414 293 728 327 660 926 748 781 450 499 640 251 332 1003 452 193 299 298 87 759 639 961 959 899 136 499 20 934 770
796 780 41 410 515 774 468 276 701 932 576 576 1077 176 958 472 569 939 32 0 201 925 890 606 692 181 592 622 715 276 643 519 749 827 603 637 862 181 322 249 1041 936 299 553 104 988 735 378 44 624 512 386 465 963 612 866 630 443 590 304 908 319 662 945 651 259 687 457 702 639 202 986 212 599 333 708 795 539 317 648 792 570 214 721 632 40 794 422 210 658 402 610 598 594 763 971 830 73 229 849 902 521 685 587 804 393 758 417 399 769 392 1086 338 902 939 826 227 289 469 269 733 951 708 842 539 678 385 164 202 596 420 289 729 297 640 936 756 779 480 474 616 245 302 1001 450 168 270 286 108 745 669 965 966 882 161 488 34 931 785
995 979 173 510 697 974 472 134 806 1075 762 609 1261 340 1109 673 752 1091 221 201 0 1110 994 706 864 54 793 804 848 448 844 708 938 1013 804 834 1059 27 230 429 1230 1128 280 658 258 1178 936 567 161 823 538 575 518 1153 812 984 810 643 690 152 1042 244 850 1133 831 458 873 613 832 836 395 1170 52 739 262 747 992 652 273 844 960 688 399 835 815 163 963 452 167 686 497 682 797 768 849 1147 1002 267 141 891 1005 722 878 650 951 577 808 587 373 943 590 1272 297 1003 1093 946 413 284 649 210 912 1132 908 988 731 874 577 262 241 773 610 462 907 176 732 1130 948 945 658 529 672 415 162 1167 622 278 313 433 307 860 849 1150 1155 984 357 630 234 1096 985
291 271 965 705 412 326 925 1113 589 371 348 853 152 770 315 569 357 306 920 925 1110 0 602 629 268 1069 470 306 454 662 418 711 182 97 492 590 187 1084 1075 834 128 109 969 630 851 102 459 747 969 545 874 746 806 77 536 523 302 604 633 1139 429 1050 710 41 781 740 238 524 473 597 808 60 1096 472 1049 846 223 603 1007 616 216 574 712 543 295 954 206 868 1004 880 723 728 572 819 673 108 168 887 1048 875 607 525 657 760 350 768 818 527 985 196 661 163 1004 618 299 506 699 950 780 1023 204 59 322 346 389 605 542 864 915 797 505 648 214 1100 654 141 189 239 790 800 784 695 1125 215 492 845 882 691 842 537 777 40 76 613 821 538 901 209 321
798 767 929 486 553 818 586 924 189 251 562 448 669 720 319 845 548 317 906 890 994 602 0 288 442 940 832 524 223 647 815 1020 601 576 864 981 742 967 840 965 704 706 738 339 786 702 918 965 924 931 509 970 491 679 914 79 506 862 304 938 183 812 1096 643 1148 872 565 475 223 988 907 625 955 329 801 354 729 351 765 1010 407 321 720 174 533 897 418 567 833 419 498 327 940 1149 162 530 442 900 872 308 11 835 1065 366 260 995 294 544 689 453 887 705 749 17 325 106 714 727 1049 814 496 563 764 256 619 1016 664 744 753 1132 639 640 480 890 263 735 637 389 1065 480 361 667 920 449 531 732 682 610 871 152 1153 619 678 15 890 423 887 407 821
719 688 644 198 381 727 332 642 100 412 422 228 747 440 466 649 404 452 624 606 706 629 288 0 376 652 674 410 191 382 676 814 542 561 705 814 702 679 563 708 754 708 458 53 502 728 793 733 638 768 264 739 219 701 750 282 397 655 16 658 361 535 916 667 954 622 481 246 170 820 646 674 668 166 526 231 664 78 487 841 414 73 453 137 423 610 423 296 547 253 210 99 768 941 162 602 464 622 587 318 299 654 896 132 317 763 230 317 423 434 665 774 474 298 457 248 449 444 827 532 448 615 657 346 460 854 444 456 465 928 430 379 433 610 44 728 574 391 843 209 155 397 639 568 319 445 396 333 597 160 964 660 702 278 623 186 606 502 733
362 330 733 437 186 378 658 855 361 306 150 594 409 525 299 447 146 279 692 692 864 268 442 376 0 819 403 98 235 418 377 619 170 187 433 551 327 837 811 654 396 333 704 369 607 361 476 603 735 500 609 605 540 332 485 368 80 473 378 880 324 785 671 302 730 554 123 259 248 558 613 323 845 212 783 605 297 340 741 580 102 314 478 323 101 716 102 600 746 629 454 475 515 744 458 283 138 665 790 659 451 422 633 504 197 630 588 277 717 79 516 428 738 460 277 336 466 685 666 760 71 274 321 223 213 582 332 609 656 725 295 404 56 839 409 352 204 96 680 533 531 450 865 311 242 591 617 434 623 327 733 305 334 447 615 270 672 244 381
965 947 163 457 657 946 420 105 753 1025 722 555 1219 298 1060 652 712 1042 207 181 54 1069 940 652 819 0 769 762 796 406 818 700 899 972 782 819 1024 30 187 424 1190 1091 228 604 219 1140 913 558 149 805 484 566 464 1114 793 931 768 624 636 130 990 199 842 1093 828 441 834 566 780 821 383 1129 30 689 216 694 958 599 223 830 914 635 363 782 774 141 917 398 113 632 443 628 780 768 794 1103 956 253 92 837 951 699 867 596 901 571 754 543 322 898 574 1231 247 949 1043 893 377 230 645 160 869 1089 877 938 694 859 542 212 187 771 574 421 863 140 678 1093 911 898 655 474 618 373 134 1120 579 229 258 386 289 807 846 1109 1116 930 342 581 216 1049 956
227 225 623 608 294 196 824 848 706 704 270 830 606 502 684 126 284 666 574 592 793 470 832 674 403 769 0 310 610 425 59 241 305 390 31 149 325 773 852 414 546 424 770 638 562 485 147 296 633 98 810 293 731 469 82 764 328 162 666 877 727 835 268 468 329 343 294 436 615 155 414 523 799 527 841 896 261 604 805 178 482 601 425 684 303 630 475 756 750 893 619 755 112 354 806 563 485 530 787 991 842 74 232 766 600 311 904 376 831 433 224 598 814 850 662 727 413 751 311 792 377 522 154 626 217 184 273 613 679 333 264 413 388 853 717 409 285 488 321 731 801 448 869 646 361 596 686 491 487 696 331 505 472 835 444 492 560 600 207
309 278 663 424 106 317 652 808 417 404 53 610 457 464 396 348 54 377 619 622 804 306 524 410 98 762 310 0 306 356 290 520 149 210 341 459 305 778 775 563 429 341 671 390 545 383 398 506 666 408 613 508 538 355 392 454 18 374 407 834 420 750 577 331 634 464 80 231 313 465 526 366 789 246 751 642 257 357 709 488 195 340 408 387 14 650 192 589 699 656 440 505 420 647 517 350 219 589 743 713 534 325 542 527 292 532 635 222 697 157 418 469 709 542 374 419 395 652 568 721 111 329 250 320 115 492 246 558 611 628 209 341 111 797 448 352 174 193 582 534 558 389 820 396 187 539 583 386 545 395 638 346 358 528 531 263 600 334 323
597 565 756 345 329 613 520 802 134 231 340 418 562 539 278 621 326 264 726 715 848 454 223 191 235 796 610 306 0 451 596 796 404 401 642 759 558 820 734 757 575 544 625 214 614 556 704 746 753 709 454 751 403 530 692 166 288 639 201 822 194 706 873 495 924 660 357 268 20 765 702 495 816 118 699 392 532 204 658 788 238 167 524 90 316 728 249 478 700 431 361 284 717 925 224 416 286 712 742 427 234 611 842 321 126 775 364 332 605 270 666 591 648 241 268 125 516 610 828 695 300 433 552 156 395 794 445 587 612 909 418 442 284 776 205 569 439 216 843 394 339 476 804 377 314 572 552 429 679 91 929 482 530 225 690 227 706 311 617
582 560 317 224 250 569 409 457 464 660 316 448 813 108 682 341 306 663 281 276 448 662 647 382 418 406 425 356 451 0 458 474 494 566 447 527 627 421 439 325 784 687 348 330 189 734 571 367 318 493 410 374 336 708 477 611 361 331 368 485 641 418 600 686 621 243 428 185 441 531 263 722 433 333 423 551 564 305 385 548 516 328 73 473 367 298 519 342 350 525 228 422 480 591 544 699 556 262 392 677 658 371 599 415 531 395 583 141 406 496 316 825 391 661 664 570 67 328 467 381 463 683 496 568 294 571 155 207 267 582 178 14 458 451 424 692 508 503 482 339 450 33 473 725 175 188 262 71 227 495 633 702 710 641 243 226 260 655 579
167 165 675 627 296 137 849 893 701 672 259 845 550 543 647 184 275 630 626 643 844 418 815 676 377 818 59 290 596 458 0 295 261 342 74 180 267 822 892 473 488 366 806 645 607 428 119 355 684 131 830 352 751 412 119 744 309 220 670 922 699 874 303 413 369 399 261 446 603 187 470 469 848 523 880 903 203 610 843 209 448 603 467 674 281 680 440 781 793 905 640 762 155 402 801 514 446 583 831 991 825 131 259 776 574 371 906 393 863 398 282 541 850 833 625 709 454 787 368 833 342 471 97 597 216 206 303 653 719 380 288 446 355 896 718 351 236 456 377 750 810 484 913 601 373 636 721 521 539 684 368 451 415 818 498 500 611 558 148
452 457 537 694 467 417 878 796 869 925 471 921 845 505 912 175 481 893 492 519 708 711 1020 814 619 700 241 520 796 474 295 0 544 630 221 159 559 694 829 279 783 661 772 769 534 722 308 141 550 182 884 133 810 707 184 959 539 159 803 824 939 818 142 708 146 269 524 568 797 156 317 764 729 695 830 1015 498 737 802 153 709 745 436 857 518 559 703 812 717 996 701 878 149 128 965 804 717 446 744 1129 1031 197 172 878 811 131 1037 497 854 662 157 835 816 1037 890 920 429 755 82 770 606 763 392 840 409 184 370 603 669 113 386 468 614 813 858 643 526 711 86 813 914 482 821 884 498 591 702 545 414 873 160 745 710 1020 358 628 485 834 426
197 165 788 573 245 219 801 951 531 422 178 752 333 601 390 392 190 374 742 749 938 182 601 542 170 899 305 149 404 494 261 544 0 88 331 441 160 913 922 652 292 193 819 529 680 240 335 568 793 392 760 568 686 214 380 524 154 426 542 978 460 898 564 197 630 558 69 381 417 448 626 242 927 376 899 772 128 498 857 469 201 476 538 493 135 780 191 739 843 793 590 640 414 660 627 260 188 707 886 829 609 352 517 666 344 590 758 368 847 151 481 337 857 619 369 496 525 800 608 867 105 224 178 359 210 464 364 700 755 638 328 480 121 942 576 202 35 215 619 681 695 527 965 341 334 681 731 532 662 495 629 222 217 608 640 410 723 298 220
245 218 867 620 315 275 844 1019 534 370 251 781 249 674 328 480 260 314 823 827 1013 97 576 561 187 972 390 210 401 566 342 630 88 0 414 520 166 987 983 739 218 146 879 556 754 175 402 656 872 472 796 656 726 147 462 497 208 514 564 1045 417 958 642 121 711 645 140 434 417 527 712 158 1000 399 958 786 171 528 916 548 169 501 615 491 198 857 157 784 910 814 637 661 497 744 625 173 136 789 953 828 583 439 593 690 316 679 764 433 898 130 570 259 915 593 308 473 601 859 695 930 117 135 252 322 292 540 444 769 821 722 408 551 130 1007 591 168 105 189 707 720 716 599 1031 260 397 750 790 597 744 489 709 138 149 585 724 454 803 227 273
236 238 633 635 325 202 850 863 738 734 302 858 624 521 713 131 316 695 583 603 804 492 864 705 433 782 31 341 642 447 74 221 331 414 0 117 339 784 870 415 562 440 790 669 578 501 131 290 643 67 837 286 759 486 51 796 360 164 697 892 758 853 238 488 300 350 324 465 647 124 420 543 812 559 861 926 277 634 825 147 512 632 444 716 334 642 505 782 767 922 646 785 83 329 838 587 513 539 802 1022 874 82 200 795 631 302 935 404 854 462 224 615 835 881 691 759 432 771 294 810 406 545 171 656 249 152 298 631 698 307 291 436 417 869 748 423 309 518 303 758 831 469 884 672 390 614 707 515 496 728 301 525 489 866 451 522 570 627 213
311 323 661 729 438 275 935 908 852 850 419 955 713 585 828 185 433 810 613 637 834 590 981 814 551 819 149 459 759 527 180 159 441 520 117 0 422 817 928 417 646 526 857 775 631 586 153 277 673 50 929 271 852 575 66 913 478 202 805 937 875 914 122 581 190 377 439 571 763 6 439 638 849 673 923 1031 368 741 890 29 628 741 509 831 452 677 620 868 819 1023 739 890 47 233 951 690 626 567 852 1132 991 162 83 898 749 278 1043 506 929 577 245 699 902 999 805 876 499 839 241 868 522 646 269 774 364 44 389 692 759 210 390 517 533 920 857 504 416 635 244 852 934 544 932 781 496 677 779 597 529 843 188 621 578 983 477 629 603 739 283
111 101 899 729 389 148 958 1085 688 535 322 913 291 730 488 443 337 476 851 862 1059 187 742 702 327 1024 325 305 558 627 267 559 160 166 339 422 0 1034 1063 727 224 103 965 690 805 164 280 620 906 381 918 617 844 153 376 663 313 479 703 1112 584 1041 537 166 610 643 226 535 572 428 714 222 1053 536 1043 932 68 658 1002 446 334 637 661 648 291 896 323 894 978 954 745 800 412 655 782 296 302 812 1020 985 749 393 481 826 482 636 916 513 999 290 541 277 1004 759 469 638 647 945 634 1007 258 247 172 489 333 430 482 834 893 632 451 613 274 1079 736 84 131 353 643 840 855 659 1100 400 480 816 875 673 767 648 604 208 156 750 735 568 834 383 141
972 955 156 482 671 952 450 126 779 1048 736 585 1235 313 1081 653 726 1063 203 181 27 1084 967 679 837 30 773 778 820 421 822 694 913 987 784 817 1034 0 215 416 1204 1103 258 630 232 1153 916 552 144 805 515 560 493 1127 793 956 783 624 663 149 1015 228 836 1107 819 440 847 586 804 819 379 1144 42 712 245 724 968 625 253 827 932 660 374 808 788 142 936 428 143 663 470 656 779 757 822 1120 974 249 121 867 978 702 862 625 924 564 783 560 352 916 572 1246 277 976 1065 919 388 260 637 190 885 1105 885 961 706 857 552 234 214 762 585 436 880 165 705 1105 923 918 646 503 647 388 155 1139 595 250 287 406 288 833 837 1124 1130 957 339 603 214 1068 963
1022 999 324 390 677 1008 269 103 662 966 744 414 1220 349 1010 748 731 994 354 322 230 1075 840 563 811 187 852 775 734 439 892 829 922 983 870 928 1063 215 0 570 1202 1115 109 523 297 1157 1000 691 309 905 343 699 349 1130 891 845 775 726 548 104 921 28 970 1105 967 560 852 551 715 931 516 1133 177 643 40 549 1001 529 76 944 894 567 426 700 788 287 900 273 113 482 374 514 885 914 683 1091 941 394 99 689 850 789 986 476 852 709 615 553 160 889 686 1238 91 846 997 812 439 126 786 60 871 1085 936 887 731 971 593 239 173 914 618 453 862 59 578 1123 940 876 798 359 490 410 85 1090 588 256 193 390 417 724 984 1114 1132 827 474 547 354 1018 1019
639 632 261 540 468 610 672 524 788 941 509 750 983 297 949 288 509 929 219 249 429 834 965 708 654 424 414 563 757 325 473 279 652 739 415 417 727 416 570 0 934 817 531 656 292 875 539 140 275 416 698 147 634 854 408 922 577 252 693 552 935 564 420 844 403 99 604 490 750 417 65 894 453 640 577 866 659 631 556 422 756 651 258 792 567 287 754 613 457 831 540 744 385 345 870 904 782 176 478 998 977 341 451 732 814 148 904 424 624 720 190 983 574 980 928 881 259 517 220 514 672 874 558 849 453 452 324 368 427 347 359 329 674 546 750 809 648 750 230 639 767 314 551 959 445 361 478 382 156 813 421 873 857 961 103 542 216 896 621
334 325 1081 834 533 371 1053 1238 709 460 467 980 74 891 396 657 478 392 1035 1041 1230 128 704 754 396 1190 546 429 575 784 488 783 292 218 562 646 224 1204 1202 934 0 121 1096 757 971 60 501 835 1085 606 1001 834 935 79 600 626 427 693 759 1264 524 1177 760 97 833 844 356 651 594 652 913 80 1218 600 1176 968 285 731 1134 669 340 701 830 662 417 1072 330 996 1129 1004 851 853 636 880 789 174 290 999 1172 988 708 609 703 886 464 854 936 651 1113 324 753 52 1132 719 384 615 817 1077 856 1149 331 143 392 454 502 653 656 987 1040 857 621 769 342 1226 778 142 288 362 866 928 908 817 1250 272 616 969 1009 815 954 654 826 93 76 716 929 667 1016 297 363
214 203 974 762 439 251 987 1144 679 480 371 928 187 793 425 537 384 415 927 936 1128 109 706 708 333 1091 424 341 544 687 366 661 193 146 440 526 103 1103 1115 817 121 0 1013 703 871 61 382 715 980 484 941 713 870 51 478 626 343 574 710 1171 536 1091 640 74 713 729 263 571 561 531 799 125 1119 545 1092 932 163 674 1051 549 307 648 728 634 328 968 296 926 1036 961 778 807 514 759 767 213 265 890 1079 970 712 489 585 837 450 733 908 562 1038 275 634 174 1050 722 408 607 714 993 734 1060 262 165 270 450 397 533 551 893 949 736 517 673 276 1136 737 32 180 329 744 865 863 720 1158 321 527 874 924 725 845 631 707 115 54 716 817 596 909 319 244
928 905 314 281 576 917 192 186 557 857 644 329 1113 272 901 673 629 885 331 299 280 969 738 458 704 228 770 671 625 348 806 772 819 879 790 857 965 258 109 531 1096 1013 0 416 240 1053 917 638 301 830 258 647 249 1026 815 740 671 655 442 200 814 81 910 1000 914 503 750 445 607 861 471 1027 232 533 79 467 904 421 37 875 786 458 348 594 685 273 792 176 115 405 264 415 812 867 584 983 833 362 141 610 749 711 921 380 743 660 529 452 101 782 621 1131 44 746 888 706 359 19 738 76 765 978 843 778 634 901 503 168 103 865 525 361 756 152 475 1022 839 767 751 259 397 322 181 980 485 181 89 292 374 618 930 1008 1028 726 429 438 324 909 927
699 668 592 148 348 703 307 598 149 444 396 224 755 387 493 606 378 478 571 553 658 630 339 53 369 604 638 390 214 330 645 769 529 556 669 775 690 630 523 656 757 703 416 0 449 727 763 685 586 731 246 691 189 700 713 327 379 611 37 615 397 495 874 667 911 571 465 205 195 781 593 679 621 157 487 258 647 34 447 802 419 55 400 178 404 558 428 263 501 266 160 117 729 895 214 613 469 569 541 360 350 615 857 136 338 714 268 273 390 434 618 781 435 349 482 291 397 402 780 489 440 621 632 370 428 817 399 405 416 882 388 328 426 568 93 722 560 397 795 180 168 344 597 588 279 393 350 280 544 203 921 663 701 330 570 146 552 519 710
749 730 143 306 438 731 385 286 597 834 503 481 1002 81 863 452 494 844 124 104 258 851 786 502 607 219 562 545 614 189 607 534 680 754 578 631 805 232 297 292 971 871 240 449 0 920 709 398 139 609 421 406 368 894 595 763 551 429 485 314 808 285 674 874 675 264 615 362 600 634 231 911 248 499 296 609 739 435 268 646 704 466 144 617 556 114 707 332 189 563 299 507 588 626 659 889 745 136 224 749 798 496 689 486 707 419 657 330 332 685 388 1013 284 798 845 723 158 225 497 237 653 873 661 745 474 673 322 76 137 624 354 203 648 291 536 874 691 690 510 375 516 156 306 913 364 72 187 185 136 641 691 891 897 778 189 389 108 842 742
274 264 1027 796 484 311 1019 1190 691 465 418 952 128 841 406 597 429 399 980 988 1178 102 702 728 361 1140 485 383 556 734 428 722 240 175 501 586 164 1153 1157 875 60 61 1053 727 920 0 442 775 1032 545 969 774 901 28 539 623 382 633 732 1216 526 1133 700 61 773 786 307 609 574 592 856 85 1168 570 1133 948 224 700 1091 609 318 672 779 645 370 1019 307 960 1082 980 813 828 575 819 775 184 270 944 1125 977 707 549 644 859 452 794 920 605 1074 294 694 113 1090 718 391 607 765 1034 796 1104 292 141 331 447 448 593 603 939 993 796 568 720 304 1180 755 83 232 340 805 894 883 767 1203 290 570 920 965 769 899 639 767 85 26 713 873 629 962 301 304
169 188 764 746 414 133 967 994 813 757 373 964 570 650 725 262 389 709 715 735 936 459 918 793 476 913 147 398 704 571 119 308 335 402 131 153 280 916 1000 539 501 382 917 763 709 442 0 407 774 127 948 402 870 433 132 845 415 293 787 1023 792 982 258 444 332 480 355 565 712 157 549 501 944 637 989 1021 236 728 953 171 535 720 573 785 387 773 525 899 897 1023 759 880 161 384 914 564 523 670 933 1106 928 214 202 894 670 415 1023 512 977 484 351 554 961 936 704 812 560 898 389 940 431 517 157 690 334 151 418 760 827 361 405 559 445 1000 834 359 303 546 394 869 929 595 1015 661 492 743 833 636 628 793 325 485 437 923 582 618 701 628 139
523 520 396 591 428 491 757 655 800 904 453 814 891 379 902 178 457 883 350 378 567 747 965 733 603 558 296 506 746 367 355 141 568 656 290 277 620 552 691 140 835 715 638 685 398 775 407 0 409 281 771 8 700 756 275 913 523 142 721 683 908 681 283 751 276 136 531 495 743 277 176 804 588 636 693 918 553 655 667 281 702 669 316 795 507 418 698 693 578 892 595 786 249 230 891 827 720 305 604 1040 977 226 311 781 782 29 946 423 725 660 88 887 682 981 880 872 312 622 102 633 607 792 447 815 391 312 301 471 535 226 328 364 612 673 777 703 557 700 116 704 817 368 681 895 434 459 573 435 274 814 293 784 760 963 218 553 344 837 502
838 823 14 440 559 816 479 250 735 972 620 594 1121 216 999 512 613 980 59 44 161 969 924 638 735 149 633 666 753 318 684 550 793 872 643 673 906 144 309 275 1085 980 301 586 139 1032 774 409 0 662 529 417 487 1007 650 902 674 481 622 278 947 309 693 989 678 296 731 498 739 675 234 1030 179 638 325 728 838 573 314 683 834 605 257 756 675 29 837 438 200 676 432 637 635 618 793 1014 873 105 211 871 935 561 718 612 845 422 781 459 402 812 429 1130 336 936 981 862 271 293 495 260 776 995 751 882 583 713 429 187 212 622 464 331 773 276 671 979 800 822 505 496 640 287 278 1044 493 194 284 324 146 780 696 1010 1010 916 195 527 73 974 827
272 281 650 690 390 236 900 891 804 800 369 915 671 559 777 157 383 760 602 624 823 545 931 768 500 805 98 408 709 493 131 182 392 472 67 50 381 805 905 416 606 484 830 731 609 545 127 281 662 0 891 275 813 532 17 863 427 181 760 920 824 890 172 537 238 365 389 526 713 57 431 594 835 624 898 988 324 696 864 80 577 695 482 782 401 663 569 832 799 981 701 846 33 275 903 643 576 556 832 1086 941 123 133 855 698 287 998 463 899 527 233 659 875 948 755 826 471 812 262 845 471 600 222 723 315 86 350 667 735 252 348 483 482 900 811 465 367 584 268 814 891 513 914 732 451 652 750 563 516 794 237 576 536 933 467 584 590 689 245
912 883 540 202 546 911 77 439 349 674 606 71 1001 400 730 746 588 717 540 512 538 874 509 264 609 484 810 613 454 410 830 884 760 796 837 929 918 515 343 698 1001 941 258 246 421 969 948 771 529 891 0 778 78 941 874 528 605 739 253 447 620 317 1009 910 1031 638 692 390 434 934 632 924 490 401 303 209 869 270 274 953 665 301 454 395 627 499 674 90 371 148 190 185 882 999 348 859 715 558 400 352 518 768 1005 144 580 797 272 436 184 677 726 1026 253 513 721 501 459 254 872 333 679 867 837 610 622 973 540 349 318 991 545 416 665 399 261 958 787 643 887 80 149 403 428 831 459 348 244 339 551 416 1044 908 943 496 596 350 527 764 919
520 517 404 598 432 488 765 663 806 907 455 821 890 387 904 177 460 885 359 386 575 746 970 739 605 566 293 508 751 374 352 133 568 656 286 271 617 560 699 147 834 713 647 691 406 774 402 8 417 275 778 0 707 755 270 917 525 142 727 691 912 690 275 750 268 144 532 500 748 271 184 803 596 640 701 925 551 661 675 274 703 674 324 800 509 426 700 701 586 899 602 792 243 222 897 827 721 313 612 1047 981 224 303 788 785 24 953 429 733 661 89 885 691 986 883 876 319 630 94 641 608 792 445 818 393 305 306 479 543 218 332 371 613 681 783 701 557 702 108 711 824 375 689 896 438 468 581 442 283 819 284 783 758 968 226 558 352 838 499
835 807 496 123 469 834 119 435 315 631 529 115 938 336 682 669 512 668 491 465 518 806 491 219 540 464 731 538 403 336 751 810 686 726 759 852 844 493 349 634 935 870 249 189 368 901 870 700 487 813 78 707 0 873 796 498 532 663 206 448 581 321 933 842 957 569 618 313 384 857 568 858 474 337 310 242 794 207 274 875 601 241 384 356 553 457 610 77 352 197 112 166 805 926 335 798 652 503 387 384 501 691 928 132 528 727 294 358 203 610 652 962 258 497 672 467 388 239 801 325 609 803 760 560 544 895 463 301 284 918 467 341 596 400 229 886 713 580 816 10 155 331 429 777 381 297 208 265 492 379 969 842 874 478 534 275 476 708 842
264 251 1002 768 458 301 991 1163 665 445 391 924 138 815 387 578 402 379 956 963 1153 77 679 701 332 1114 469 355 530 708 412 707 214 147 486 575 153 1127 1130 854 79 51 1026 700 894 28 433 756 1007 532 941 755 873 0 526 599 354 614 704 1190 505 1105 690 35 763 764 280 581 548 580 834 75 1141 542 1105 921 208 672 1063 599 291 644 753 619 343 994 280 932 1055 953 785 800 562 807 749 169 245 920 1098 951 684 531 635 831 427 776 893 578 1046 266 674 130 1062 695 372 583 739 1006 780 1076 264 123 315 423 423 584 578 913 966 784 543 693 276 1153 727 81 208 313 789 866 856 741 1176 277 543 894 937 742 875 613 757 68 3 690 850 601 937 282 294
268 275 639 673 373 232 883 878 787 785 352 898 664 544 764 143 366 746 590 612 812 536 914 750 485 793 82 392 692 477 119 184 380 462 51 66 376 793 891 408 600 478 815 713 595 539 132 275 650 17 874 270 796 526 0 847 411 168 742 907 809 875 186 530 250 354 375 509 697 73 421 586 823 607 883 970 317 679 849 95 563 678 467 765 385 651 555 816 785 964 684 829 36 283 886 633 563 545 819 1068 925 106 150 838 682 283 980 446 883 513 222 653 860 932 742 810 455 796 263 831 457 590 213 708 298 104 333 653 720 261 331 467 468 886 794 459 356 569 270 796 873 497 900 721 434 637 734 546 504 777 250 568 529 917 455 567 578 677 242
721 690 906 474 492 742 603 924 183 179 495 474 593 692 247 784 483 243 880 866 984 523 79 282 368 931 764 454 166 611 744 959 524 497 796 913 663 956 845 922 626 626 740 327 763 623 845 913 902 863 528 917 498 599 847 0 436 803 297 940 111 817 1030 564 1084 826 490 432 172 920 866 547 948 282 807 398 651 331 769 942 328 297 684 148 462 876 339 575 828 457 487 343 874 1088 199 452 363 870 868 374 86 771 996 383 181 942 346 498 701 375 831 628 755 96 250 41 677 727 993 814 419 484 689 176 554 947 612 728 743 1071 584 603 404 893 269 655 560 310 1008 487 386 634 922 376 481 714 677 581 838 123 1088 540 599 90 852 385 860 330 744
322 291 671 419 115 331 647 811 401 386 70 600 451 469 379 366 67 360 628 630 810 302 506 397 80 768 328 18 288 361 309 539 154 208 360 478 313 783 775 577 427 343 671 379 551 382 415 523 674 427 605 525 532 354 411 436 0 392 395 837 401 750 596 329 653 478 86 228 296 484 539 361 794 232 750 629 268 346 708 507 179 328 416 370 28 657 177 584 702 645 436 493 439 665 501 340 206 599 746 698 515 344 561 516 273 549 620 225 694 143 435 465 707 523 357 400 403 651 586 722 102 322 266 301 132 511 258 561 613 646 221 347 99 799 434 356 182 176 600 527 546 394 823 383 190 543 582 389 555 378 656 342 357 509 543 256 609 319 337
387 381 471 544 311 358 740 709 709 778 323 772 748 383 771 36 330 752 422 443 643 604 862 655 473 624 162 374 639 331 220 159 426 514 164 202 479 624 726 252 693 574 655 611 429 633 293 142 481 181 739 142 663 614 168 803 392 0 645 738 788 711 270 609 299 186 392 409 638 206 255 661 654 536 720 860 412 579 688 220 568 586 307 698 374 482 564 673 618 844 552 721 158 288 805 686 583 377 651 971 873 88 268 724 660 164 879 338 728 524 62 744 700 879 749 763 297 636 193 666 470 650 308 691 260 245 212 490 557 273 227 323 476 719 700 562 415 568 207 665 760 345 732 756 339 474 577 402 335 714 310 641 618 861 288 469 409 701 369
717 686 628 182 374 723 320 626 116 425 417 221 753 424 478 638 400 464 608 590 690 633 304 16 378 636 666 407 201 368 670 803 542 564 697 805 703 663 548 693 759 710 442 37 485 732 787 721 622 760 253 727 206 704 742 297 395 645 0 642 375 520 906 671 944 608 480 236 180 811 631 680 652 166 511 234 663 66 472 832 419 67 438 151 421 594 428 282 531 251 193 97 759 929 177 609 469 606 571 327 315 645 888 127 326 750 238 306 409 438 653 780 459 315 468 263 434 429 815 516 449 621 653 356 454 846 432 440 448 916 420 365 434 595 56 730 574 397 830 196 153 382 624 578 310 428 380 318 581 175 953 665 705 295 607 176 589 511 730
1061 1041 292 476 732 1045 373 29 758 1053 799 518 1287 383 1095 764 787 1078 333 304 152 1139 938 658 880 130 877 834 822 485 922 824 978 1045 892 937 1112 149 104 552 1264 1171 200 615 314 1216 1023 683 278 920 447 691 448 1190 907 940 837 738 642 0 1012 130 967 1166 955 561 910 620 804 940 507 1198 106 724 144 654 1048 618 175 950 968 655 456 793 846 265 973 373 134 587 460 614 896 897 783 1162 1013 378 92 794 949 809 989 577 936 698 719 612 265 959 692 1302 193 945 1081 906 470 213 773 126 936 1153 974 972 779 979 632 278 224 900 661 499 928 48 676 1177 993 950 783 459 593 453 19 1168 647 296 270 448 410 818 973 1178 1192 927 465 623 339 1097 1055
654 624 949 537 480 679 692 994 270 68 467 571 487 732 137 765 458 134 918 908 1042 429 183 361 324 990 727 420 194 641 699 939 460 417 758 875 584 1015 921 935 524 536 814 397 808 526 792 908 947 824 620 912 581 505 809 111 401 788 375 1012 0 893 996 470 1054 836 439 456 210 882 884 447 1010 309 885 506 582 394 845 905 258 357 713 225 425 922 268 657 893 561 552 436 839 1066 307 349 281 903 935 485 185 745 957 477 128 937 456 513 784 308 824 522 833 196 142 121 704 799 981 885 360 385 634 102 530 906 614 782 805 1048 582 631 346 965 358 567 494 245 996 571 484 667 994 266 490 767 744 622 867 203 1057 442 504 196 875 419 898 227 680
1001 978 324 363 653 988 243 124 634 937 721 388 1194 332 982 732 707 966 351 319 244 1050 812 535 785 199 835 750 706 418 874 818 898 958 853 914 1041 228 28 564 1177 1091 81 495 285 1133 982 681 309 890 317 690 321 1105 875 817 750 711 520 130 893 0 959 1080 958 549 828 526 687 917 509 1107 192 615 17 524 979 501 47 930 868 538 409 672 763 286 874 245 109 458 346 486 870 906 655 1064 915 389 107 664 822 772 974 449 824 700 589 530 135 863 673 1212 63 818 969 784 422 100 778 49 845 1059 915 859 709 957 573 222 155 906 597 432 836 82 550 1100 916 849 790 331 463 390 111 1062 564 239 168 367 409 696 975 1089 1108 799 466 520 349 991 998
