215
0 388 944 510 278 885 640 695 610 1194 460 670 904 524 935 1021 484 997 774 608 576 1223 613 875 710 479 373 1130 612 1036 1116 927 171 171 904 759 1136 647 730 423 675 663 762 686 762 914 714 821 544 611 1214 1110 239 843 322 864 565 826 856 726 961 833 603 903 193 459 821 813 662 1014 610 201 58 871 938 713 585 400 951 347 323 432 921 1209 363 1239 547 74 1143 553 464 461 861 507 689 396 168 195 623 1118 470 416 760 896 459 912 1008 274 761 299 867 1058 688 401 919 769 221 370 334 892 826 285 691 696 35 1016 806 606 784 918 714 702 579 932 712 591 842 553 531 648 516 225 880 933 830 853 1033 711 815 927 613 1082 832 247 539 406 718 751 570 700 707 533 522 39 530 928 913 473 1090 204 232 1022 201 735 715 554 324 848 836 511 738 815 453 486 999 947 735 405 999 908 758 1102 1145 278 662 415 953 957 245 1272 516 615 336 835 444 885 323 313 422 707 494 380 442 254 928
388 0 775 525 373 710 478 502 717 1022 532 810 742 706 622 708 96 694 425 288 531 1000 478 552 511 654 295 869 449 780 922 950 217 306 951 701 898 716 519 390 757 533 668 385 697 581 691 500 617 454 1013 938 513 553 399 783 673 861 655 865 700 552 679 1031 491 134 773 633 335 898 460 265 361 642 947 370 261 328 852 231 462 364 580 975 405 1009 694 313 915 325 636 285 825 144 719 516 328 349 240 932 469 573 625 875 232 606 728 281 778 549 893 804 566 588 1023 784 441 29 282 983 441 444 639 310 373 772 841 367 703 853 418 611 191 590 339 750 487 588 144 518 298 511 1002 810 635 687 894 515 846 788 655 899 835 504 553 530 490 505 408 646 773 620 138 357 429 871 526 227 878 467 159 729 189 773 327 615 520 878 843 222 389 653 136 217 798 903 684 431 789 539 472 845 892 115 749 194 691 933 445 1068 471 383 529 838 235 911 64 140 538 795 610 151 119 357 785
944 775 0 481 676 64 310 273 578 252 558 649 42 706 397 410 758 373 528 524 392 298 332 430 263 689 576 298 341 240 175 462 868 773 511 273 249 508 256 523 532 281 218 440 260 468 344 433 531 339 272 167 829 341 638 206 581 457 129 663 238 318 525 709 857 642 277 141 508 166 338 750 886 175 434 526 546 545 175 620 674 512 495 300 595 321 645 899 236 449 685 512 303 663 436 630 777 754 696 173 496 667 187 346 548 373 300 672 409 799 448 241 259 709 658 405 775 756 615 611 721 706 313 711 960 201 453 408 227 248 412 264 765 499 632 671 549 481 737 296 480 844 682 113 142 91 132 259 446 74 470 138 388 807 465 631 290 291 385 306 504 552 715 945 414 271 803 549 171 817 803 345 818 450 751 513 730 450 397 554 537 130 639 557 89 307 293 557 109 621 366 269 288 779 541 595 243 359 752 331 439 392 723 387 552 453 789 703 616 548 599 644 656 696 64
510 525 481 0 234 433 253 318 209 713 78 309 439 271 648 717 571 682 604 464 90 778 209 621 333 235 230 735 244 647 655 438 498 355 430 251 713 191 359 135 234 226 270 466 256 672 203 580 106 236 751 634 352 544 188 358 175 342 435 358 590 520 159 511 385 445 311 381 498 513 227 352 453 478 442 555 462 197 447 295 200 164 692 775 152 800 225 487 709 320 225 271 351 504 197 149 349 317 614 650 55 190 296 389 332 618 654 281 264 318 378 662 232 233 499 271 308 496 250 457 763 237 185 673 535 615 321 344 282 407 471 216 637 702 629 275 667 63 584 219 309 368 481 440 409 400 542 330 328 444 129 616 330 330 30 150 375 418 234 194 247 119 560 524 155 417 867 350 647 346 459 686 457 251 713 97 249 361 336 399 582 365 438 375 556 436 226 110 564 755 481 704 739 460 227 345 586 450 284 809 82 338 242 334 317 396 499 394 136 272 144 377 446 259 447
278 373 676 234 0 619 385 446 370 922 195 452 634 334 734 814 449 785 618 450 298 964 351 686 462 282 148 888 359 795 850 663 277 123 647 481 884 391 485 154 426 396 486 500 484 732 437 635 285 356 948 839 187 632 45 586 324 564 599 509 725 616 348 684 196 353 544 552 501 736 353 132 220 624 670 559 436 156 673 173 88 174 745 953 84 982 330 253 887 344 264 251 585 416 422 152 114 83 543 850 192 201 489 622 282 707 780 93 492 196 603 815 417 214 687 500 112 344 121 653 730 75 412 614 301 770 543 392 506 640 520 426 536 756 598 384 689 282 479 382 312 196 657 657 572 587 758 462 551 653 346 815 561 169 263 165 483 521 323 421 452 279 460 290 266 650 831 303 830 155 257 802 245 471 646 291 150 585 566 355 587 549 345 325 738 671 457 127 741 769 552 858 899 276 415 260 719 684 98 1007 240 396 157 565 263 621 326 234 177 462 254 260 343 26 655
885 710 64 433 619 0 248 209 548 316 511 626 38 671 364 390 694 352 476 463 343 346 271 389 199 650 515 317 278 243 231 471 805 713 515 249 282 480 193 465 509 223 185 381 236 431 317 385 492 277 329 230 777 297 582 207 546 453 74 645 220 271 492 707 804 578 270 77 449 214 276 689 827 132 446 470 484 484 204 557 621 452 457 342 539 367 611 837 276 385 645 448 305 600 412 582 717 695 636 233 443 622 136 354 484 338 287 611 394 750 450 250 204 664 659 392 720 692 554 610 671 653 276 655 899 205 445 345 204 264 354 220 704 463 576 641 503 439 674 237 416 792 679 140 81 33 190 195 440 102 436 198 385 755 419 584 228 232 322 271 484 513 652 885 354 288 756 485 214 762 740 331 755 433 695 474 680 448 394 490 482 70 575 492 122 327 265 502 132 578 311 285 313 715 516 531 223 377 698 388 385 328 674 384 488 456 725 640 569 529 558 580 592 638 94
640 478 310 253 385 248 0 65 438 563 326 535 272 524 395 464 480 429 380 283 174 582 43 372 82 488 268 505 30 412 477 526 557 469 547 252 499 390 107 232 431 65 199 244 243 424 275 336 348 29 574 478 558 291 353 312 416 460 215 573 346 267 379 692 578 353 320 173 297 419 31 442 583 241 514 343 295 240 373 309 405 211 445 569 312 599 473 591 503 159 478 202 373 390 348 384 475 456 461 481 237 437 146 428 246 365 407 366 377 541 480 431 96 478 662 380 492 457 307 613 562 430 211 501 653 385 444 142 238 384 238 154 512 455 438 519 436 291 471 55 181 570 661 331 189 219 419 80 445 312 326 446 411 536 255 390 122 164 74 214 424 366 447 638 120 405 662 251 449 536 493 436 507 394 544 333 473 469 421 271 366 181 349 265 358 440 244 282 359 524 234 474 514 470 432 289 341 478 473 633 178 126 470 413 247 494 485 394 380 465 398 339 364 401 310
695 502 273 318 446 209 65 0 496 524 392 591 239 587 333 399 491 364 340 272 235 529 108 315 16 553 321 442 86 349 431 553 602 524 580 279 441 444 41 295 484 106 215 212 268 366 315 283 410 90 527 439 622 230 416 318 477 497 162 627 281 205 437 737 640 370 340 131 273 402 96 495 638 178 538 312 289 296 366 355 470 271 389 513 375 544 536 642 448 176 543 243 392 397 396 450 531 514 451 437 303 503 144 448 275 303 341 420 416 607 511 368 126 544 703 418 555 483 361 654 530 494 252 483 706 324 482 139 255 390 198 186 510 398 413 579 390 353 475 105 207 634 706 315 138 185 393 16 481 289 382 403 442 601 318 456 63 103 125 252 474 428 452 690 185 413 627 275 397 599 534 370 551 439 525 394 538 503 452 283 332 152 367 284 309 451 276 347 306 477 183 412 453 507 486 322 276 493 536 584 244 122 536 443 280 524 515 433 446 516 462 371 383 461 285
610 717 578 209 370 548 438 496 0 768 185 100 540 141 828 888 772 851 807 672 264 870 396 810 510 152 425 865 437 786 739 332 648 489 299 304 826 72 534 334 72 391 363 669 317 861 234 773 103 428 827 701 390 726 331 395 46 233 575 150 742 700 59 315 436 650 323 520 705 548 418 503 560 629 350 761 671 397 479 487 294 368 883 877 314 896 82 610 815 528 160 479 335 710 145 221 475 441 822 728 259 194 424 343 539 798 810 448 202 334 275 796 382 218 316 209 388 688 434 284 971 330 272 882 641 750 216 548 350 410 670 337 843 893 838 93 868 151 789 390 518 408 287 500 551 518 594 505 227 519 115 697 267 374 191 209 558 600 436 277 110 97 765 634 360 407 1075 558 749 410 625 847 616 159 922 112 288 257 266 608 787 492 642 583 665 408 284 286 679 957 672 833 861 637 57 548 740 397 365 882 288 540 275 271 524 292 682 580 194 98 117 575 649 395 526
1194 1022 252 713 922 316 563 524 768 0 787 819 291 906 550 523 999 496 730 760 629 169 583 606 513 899 828 313 594 332 114 549 1121 1023 608 474 231 696 503 771 709 531 443 668 465 629 542 626 744 592 94 85 1065 535 882 373 782 589 368 818 386 519 723 813 1097 889 444 393 735 221 590 1002 1136 390 516 742 783 796 289 872 912 762 654 206 839 197 844 1150 197 699 898 764 440 904 622 861 1026 1002 922 95 736 890 434 456 800 537 415 923 573 1030 563 313 506 931 754 566 1016 1005 867 714 912 946 531 926 1210 309 593 655 434 364 637 499 996 655 845 859 733 701 973 546 731 1081 792 274 388 344 174 509 583 269 674 124 525 1043 692 860 533 524 638 523 674 764 953 1196 664 375 979 799 178 1057 1056 453 1070 618 964 726 962 572 531 800 747 382 886 805 229 393 498 799 244 788 585 303 281 1031 721 847 396 433 993 126 682 639 954 522 804 559 1040 956 844 714 814 896 903 943 267
460 532 558 78 195 511 326 392 185 787 0 279 516 208 720 791 589 756 661 511 169 856 283 689 408 165 242 814 314 726 732 469 471 318 452 318 792 196 433 156 233 304 345 526 325 739 262 645 90 307 828 709 281 615 151 426 141 369 514 333 667 592 154 500 317 470 371 460 551 583 299 325 405 556 478 609 507 216 516 302 137 193 758 854 129 879 172 446 788 373 152 308 406 532 229 74 307 273 649 727 95 112 375 437 364 690 731 264 301 242 409 741 311 154 497 309 246 502 249 461 811 176 256 713 487 694 349 404 353 469 534 294 663 768 675 227 727 94 608 296 355 297 472 513 487 478 615 405 357 519 153 693 371 259 94 73 447 490 298 265 257 88 585 478 218 476 914 385 726 280 443 762 436 277 750 96 174 391 375 436 636 444 462 410 634 491 294 101 643 814 548 782 817 452 222 367 663 498 221 886 149 399 166 375 348 427 497 394 58 270 85 391 467 221 523
670 810 649 309 452 626 535 591 100 819 279 0 614 152 922 979 868 941 907 773 363 934 494 907 605 190 521 942 536 868 802 327 726 566 280 377 899 149 628 432 117 486 442 769 390 958 309 871 203 527 886 759 438 821 416 454 138 243 660 57 828 795 156 234 485 748 380 606 806 598 516 584 625 717 353 861 772 494 531 581 369 467 980 944 405 961 124 679 884 629 206 579 378 809 214 300 550 516 922 789 358 258 509 372 638 891 897 535 247 377 281 876 474 268 250 253 451 780 527 231 1072 401 357 983 702 830 233 648 423 455 769 425 941 990 938 80 968 252 887 486 619 454 210 561 637 597 649 600 243 585 209 760 297 424 292 287 654 695 536 361 146 194 863 698 461 447 1176 658 818 465 709 935 698 202 1022 212 346 265 293 707 887 574 740 683 738 439 360 381 754 1056 770 912 936 725 110 645 827 416 430 938 389 640 334 300 623 294 772 671 276 105 200 670 746 476 593
904 742 42 439 634 38 272 239 540 291 516 614 0 667 399 421 728 383 514 499 350 340 292 426 231 649 536 330 303 264 217 442 830 732 488 236 286 471 227 482 496 240 178 418 223 467 306 423 490 301 314 206 787 334 596 180 541 430 112 630 249 309 486 683 815 610 248 110 486 176 299 710 846 169 416 508 519 505 168 581 632 471 494 340 553 363 606 858 276 416 645 475 278 634 400 588 736 712 673 215 454 625 145 325 513 374 315 632 376 757 424 267 217 667 634 373 733 723 575 586 709 664 272 692 919 224 424 377 190 232 392 222 740 499 614 633 541 440 709 255 445 802 656 104 118 54 155 227 418 65 431 180 361 765 423 589 263 269 347 265 469 511 687 905 373 255 794 515 211 774 766 359 779 417 733 472 688 424 370 523 520 91 607 524 124 294 255 515 140 616 349 299 322 742 505 559 253 345 710 373 397 360 681 360 516 429 754 667 574 514 558 609 623 655 56
524 706 706 271 334 671 524 587 141 906 208 152 667 0 920 986 775 951 869 719 352 1002 480 893 603 52 435 985 516 902 872 464 596 436 423 437 952 212 628 361 210 489 488 733 448 944 366 851 181 508 963 837 288 815 307 533 125 369 689 204 851 791 183 380 335 665 462 634 759 688 499 461 482 738 485 817 713 415 618 487 246 398 963 1006 309 1027 61 539 943 581 70 513 476 728 284 191 418 385 849 862 303 133 540 484 566 890 918 425 343 227 410 914 488 127 402 351 311 677 431 383 1017 272 394 915 557 867 354 611 481 551 741 453 856 974 882 71 935 237 800 485 563 304 359 636 664 639 732 599 364 652 236 830 407 277 269 178 646 689 504 401 249 161 778 554 424 549 1121 587 878 319 589 952 573 300 952 198 206 393 406 640 844 609 657 612 791 550 415 299 803 1022 752 953 984 610 196 563 848 536 292 1018 352 606 194 411 549 426 661 566 175 225 127 579 659 355 658
935 622 397 648 734 364 395 333 828 550 720 922 399 920 0 86 559 74 215 337 568 450 439 72 318 883 588 282 405 221 437 830 799 777 869 576 343 773 294 600 811 436 504 249 563 79 629 122 743 413 495 487 920 105 714 567 810 797 296 954 167 128 769 1048 929 498 619 337 287 563 421 738 885 233 807 257 363 577 567 592 778 567 104 412 679 447 869 869 373 391 872 486 662 478 719 771 791 784 436 458 627 828 426 714 476 30 140 679 725 916 801 243 448 867 1006 725 846 619 623 957 369 795 570 414 936 240 785 341 538 628 220 501 518 106 335 913 191 686 518 438 426 929 1018 503 308 374 519 323 782 463 713 440 733 900 651 779 273 230 426 569 796 761 505 919 503 652 429 461 372 889 726 118 751 755 444 727 851 797 742 427 246 376 500 450 344 691 582 660 322 237 182 271 314 685 814 520 159 742 831 535 571 337 850 733 492 810 666 627 771 840 793 557 516 742 454
1021 708 410 717 814 390 464 399 888 523 791 979 421 986 86 0 643 38 294 424 634 403 507 155 383 952 670 228 477 193 413 862 886 862 905 621 300 830 358 677 866 498 549 335 607 140 679 207 807 484 457 470 1000 182 794 598 873 837 331 1008 171 200 829 1091 1011 584 656 379 373 570 492 823 970 268 836 340 450 658 585 677 856 646 155 362 757 395 933 955 333 474 942 569 695 563 771 845 875 867 515 437 699 900 474 745 562 108 113 762 770 993 838 210 505 940 1046 769 927 705 706 997 426 874 623 487 1022 224 828 423 580 653 306 554 598 151 411 975 258 750 600 501 509 1010 1062 521 348 407 521 387 824 482 772 425 771 980 717 852 343 301 501 620 848 826 589 1005 576 677 472 547 347 970 812 71 838 803 513 791 927 835 781 513 327 416 587 536 342 715 630 736 318 281 264 225 262 771 870 606 167 766 911 490 642 418 926 771 577 846 752 713 843 892 861 644 602 824 472
484 96 758 571 449 694 480 491 772 999 589 868 728 775 559 643 0 633 352 241 563 961 488 487 497 723 347 820 453 734 894 979 313 395 986 719 856 762 501 438 805 541 677 338 713 510 718 437 669 460 981 916 601 501 468 792 730 896 632 922 655 505 729 1082 581 130 791 618 279 893 467 352 456 611 974 302 216 375 853 288 535 407 506 933 467 968 757 409 876 321 706 309 843 94 757 583 417 435 148 906 516 643 625 896 248 547 675 355 811 633 925 759 574 662 1070 816 526 116 344 1027 347 522 662 216 468 730 876 351 715 863 372 624 95 515 253 813 408 634 50 526 302 600 1052 806 615 675 883 502 880 780 699 874 863 590 597 597 467 475 417 668 817 675 54 453 454 883 430 236 844 555 254 671 285 811 231 665 599 911 872 209 317 643 137 217 770 917 705 487 759 453 427 798 845 209 798 226 646 951 528 1034 507 368 606 866 258 942 160 215 602 844 671 197 126 435 776
997 694 373 682 785 352 429 364 851 496 756 941 383 951 74 38 633 0 290 407 598 384 473 147 348 917 643 212 443 164 385 823 866 836 866 582 279 792 323 646 828 461 510 315 568 145 641 195 771 450 434 440 970 154 763 559 836 799 292 970 134 169 792 1052 982 568 617 341 358 534 458 799 946 229 798 331 434 629 548 652 824 615 166 345 726 379 897 932 311 447 907 542 656 550 733 812 849 840 511 408 666 866 436 706 538 87 81 736 732 962 799 184 468 907 1007 731 898 689 679 958 437 844 585 488 1000 192 789 396 541 615 284 517 593 164 409 938 263 714 592 465 484 980 1023 484 309 368 486 352 785 444 735 394 732 950 682 819 310 268 469 582 810 790 579 983 543 639 489 524 319 941 793 46 818 765 517 755 896 797 742 494 320 378 570 515 307 677 591 704 284 297 239 204 245 753 832 583 129 728 882 471 607 390 894 732 553 807 736 692 809 854 826 623 586 795 434
774 425 528 604 618 476 380 340 807 730 661 907 514 869 215 294 352 290 0 170 544 654 416 142 334 825 471 493 372 420 617 893 622 632 920 619 545 767 319 514 809 441 553 138 608 157 653 105 709 382 689 656 805 194 611 647 778 837 402 949 349 213 750 1073 804 317 679 418 117 691 392 590 730 353 876 60 189 473 675 454 682 477 154 619 585 654 828 703 572 289 810 371 729 281 728 695 650 651 221 635 566 757 478 785 337 210 347 545 755 813 852 444 466 791 1041 757 726 427 498 992 195 689 589 201 769 428 822 259 593 717 142 526 304 164 120 879 70 655 307 435 312 811 1042 614 398 472 660 340 821 578 700 610 783 787 616 705 281 255 370 591 804 723 298 752 448 741 287 317 557 767 550 332 578 775 235 696 756 843 792 269 36 456 321 297 505 780 617 579 487 153 167 478 523 505 808 369 338 826 717 735 521 267 758 784 355 865 477 460 702 843 743 395 334 620 571
608 288 524 464 450 463 283 272 672 760 511 773 499 719 337 424 241 407 170 0 420 720 307 271 274 672 304 582 264 494 653 809 464 463 827 536 615 642 272 358 685 349 480 97 527 307 554 217 570 273 740 678 636 264 446 589 639 739 396 820 415 265 618 958 634 160 603 390 54 670 283 420 562 371 797 109 26 310 638 284 517 321 312 692 423 727 683 538 634 144 656 208 656 149 615 537 480 480 179 666 419 600 416 712 168 320 440 375 654 646 761 519 380 631 934 658 557 282 329 887 299 522 491 219 605 489 722 141 521 661 131 438 241 323 165 736 240 521 213 338 156 641 927 585 382 447 654 280 723 555 575 635 694 618 481 548 235 236 245 495 686 582 193 589 313 684 403 147 603 597 390 441 417 666 261 560 591 750 703 99 136 419 163 127 530 720 527 422 518 318 186 559 606 348 682 199 405 761 548 792 384 157 594 696 187 776 329 295 547 722 596 227 178 451 550
576 531 392 90 298 343 174 235 264 629 169 363 350 352 568 634 563 598 544 420 0 689 131 547 250 321 249 645 172 557 567 418 540 411 423 186 623 223 275 161 266 138 188 406 187 598 160 509 174 163 664 549 437 465 255 288 241 333 345 405 501 440 206 538 467 433 254 291 447 438 153 401 518 389 416 500 423 212 375 311 282 172 619 685 213 711 300 543 619 276 312 253 302 486 197 238 409 381 583 564 107 281 207 348 314 538 567 323 248 407 362 572 142 323 516 253 386 504 278 470 715 316 117 636 597 525 313 287 207 346 406 130 618 629 584 344 604 117 568 132 275 452 507 360 318 310 462 246 317 360 156 529 303 415 83 240 296 338 176 126 266 192 543 585 110 360 818 330 558 427 491 600 495 250 677 158 337 348 311 371 526 274 426 352 466 385 164 172 474 693 408 613 648 484 265 340 498 407 363 723 64 277 331 306 304 379 516 412 227 302 228 380 437 322 362
1223 1000 298 778 964 346 582 529 870 169 856 934 340 1002 450 403 961 384 654 720 689 0 613 516 514 987 850 175 611 234 132 694 1128 1051 751 566 108 799 497 809 819 568 516 623 554 528 636 549 829 612 75 183 1124 466 928 480 876 719 367 941 308 457 819 957 1150 866 554 411 685 352 613 1024 1166 360 662 679 745 822 410 884 968 793 550 43 885 28 941 1171 85 691 984 771 563 869 726 928 1058 1038 864 147 790 965 482 591 794 446 310 948 688 1096 699 209 551 1008 900 683 1066 988 889 856 819 999 610 855 1235 231 720 641 521 492 589 562 943 548 774 963 642 779 929 581 726 1139 934 372 393 380 293 513 711 350 766 174 651 1102 763 929 517 496 653 603 787 850 911 1220 697 507 874 789 133 1109 1059 338 1077 732 889 811 1027 706 658 779 677 417 865 790 225 533 587 849 223 682 534 180 141 1028 829 843 318 578 1045 87 732 627 1021 649 802 698 1027 956 914 830 897 890 882 982 344
613 478 332 209 351 271 43 108 396 583 283 494 292 480 439 507 488 473 416 307 131 613 0 415 125 445 244 543 44 451 503 502 540 441 519 232 533 351 150 197 392 56 190 279 225 466 246 377 305 34 601 499 520 334 317 305 373 432 249 534 387 311 338 657 541 359 303 201 327 426 24 418 555 279 492 376 316 213 375 292 366 180 487 602 275 631 430 566 536 172 434 194 356 401 313 342 446 424 481 505 195 394 154 410 245 409 449 340 347 501 453 469 88 435 629 350 456 454 283 581 594 392 183 527 628 423 414 167 227 376 276 136 527 497 467 476 474 248 483 40 186 533 626 339 221 240 432 122 416 324 285 469 387 498 212 347 166 208 70 187 388 322 459 613 84 395 696 254 479 499 478 478 490 361 569 290 432 442 396 282 401 202 353 271 387 429 221 243 390 563 276 512 551 459 392 285 382 463 436 659 135 154 429 389 242 468 478 383 337 427 354 332 367 368 323
875 552 430 621 686 389 372 315 810 606 689 907 426 893 72 155 487 147 142 271 547 516 415 0 303 854 538 352 377 284 492 841 735 721 877 578 408 760 280 559 799 421 507 189 565 51 625 54 720 385 557 538 873 94 670 582 788 800 316 943 220 121 751 1047 880 431 627 348 219 597 395 681 827 256 820 184 296 531 593 537 736 525 74 480 637 515 845 807 436 341 842 435 673 408 710 735 736 731 363 512 594 794 428 728 419 70 207 625 724 873 808 308 438 832 1009 724 797 550 571 959 306 750 563 342 875 298 787 295 544 647 166 495 445 83 263 891 127 664 445 420 374 882 1017 530 321 393 558 308 785 491 697 491 739 854 627 744 252 212 391 563 788 737 433 858 470 672 376 402 429 840 661 190 688 750 373 705 810 802 749 364 173 388 434 389 390 711 581 621 369 190 141 338 383 619 801 460 210 760 784 600 541 294 810 739 436 819 598 564 737 831 766 495 449 692 482
710 511 263 333 462 199 82 16 510 513 408 605 231 603 318 383 497 348 334 274 250 514 125 303 0 569 337 426 103 332 418 559 615 539 587 285 425 457 25 312 496 119 219 209 274 354 324 273 425 107 514 428 639 216 433 319 491 505 149 640 264 190 451 747 657 379 345 122 272 397 113 510 654 162 542 308 292 312 363 369 487 288 376 498 392 529 551 656 433 186 559 256 396 403 408 466 547 530 452 425 319 519 146 452 287 288 325 435 425 623 518 352 136 560 712 427 572 493 376 662 525 511 262 482 721 308 491 146 260 391 193 195 514 386 410 594 381 367 480 119 218 651 716 311 125 177 386 6 489 283 395 391 449 617 334 472 53 90 141 262 485 443 457 705 202 414 621 285 383 615 547 353 564 449 524 409 555 510 459 291 327 146 376 293 295 452 284 364 292 468 173 396 437 520 499 334 259 496 553 571 260 129 552 450 292 531 526 445 462 527 477 383 392 477 279
479 654 689 235 282 650 488 553 152 899 165 190 649 52 883 952 723 917 825 672 321 987 445 854 569 0 384 961 478 876 858 484 545 385 448 425 932 215 594 313 224 459 471 690 435 905 357 811 158 470 951 827 247 779 255 526 121 385 663 246 822 755 178 424 294 614 459 608 713 683 462 409 435 710 503 772 665 366 614 436 194 351 923 989 258 1011 72 491 925 536 17 465 478 677 283 140 367 334 799 850 260 80 516 492 517 854 888 372 348 188 428 890 460 78 441 356 263 624 379 418 969 220 376 866 512 843 368 569 468 551 699 430 805 934 834 111 891 211 749 453 516 264 401 626 637 618 724 565 379 639 224 817 416 234 237 127 610 653 463 384 262 137 727 508 384 551 1073 538 860 274 537 920 522 308 902 176 157 409 416 591 799 586 606 563 771 555 402 250 783 978 713 930 962 558 210 512 819 547 243 1007 313 564 145 420 499 444 609 514 125 246 92 527 608 302 645
373 295 576 230 148 515 268 321 425 828 242 521 536 435 588 670 347 643 471 304 249 850 244 538 337 384 0 759 238 665 745 661 298 202 659 431 762 421 357 95 462 298 415 352 430 584 408 487 323 238 843 743 336 489 142 527 383 570 482 575 592 474 384 738 341 230 502 441 353 663 238 174 317 498 662 412 292 36 607 64 214 76 596 835 126 866 411 322 769 197 367 103 550 293 426 244 211 198 415 748 175 306 396 597 138 562 643 98 488 342 603 686 326 333 728 495 259 266 39 688 592 218 365 483 385 644 549 247 444 590 372 354 422 608 457 467 541 293 367 282 164 343 708 578 456 484 675 337 555 567 360 713 549 317 259 257 348 384 196 373 478 328 344 370 167 606 694 159 717 301 243 662 250 480 518 321 287 587 556 213 440 446 222 183 626 633 411 140 626 622 406 730 773 235 454 128 585 657 247 901 185 253 291 552 119 621 270 164 260 501 324 149 226 153 566
1130 869 298 735 888 317 505 442 865 313 814 942 330 985 282 228 820 212 493 582 645 175 543 352 426 961 759 0 529 94 216 754 1018 961 806 565 81 797 404 737 825 510 502 484 552 358 634 391 805 532 235 281 1063 318 858 505 862 756 299 960 171 316 809 1007 1083 736 576 353 540 422 536 929 1075 264 724 525 608 737 460 784 909 714 378 133 817 167 926 1072 116 580 955 669 600 731 728 880 971 955 710 242 735 926 445 640 681 282 146 858 706 1043 745 73 503 968 954 703 997 860 798 907 649 935 592 694 1138 120 751 528 519 540 450 532 791 376 614 957 474 750 783 520 617 1075 980 405 326 347 363 426 745 370 752 243 686 1041 726 884 412 380 566 587 799 825 768 1122 625 561 700 672 157 1041 946 166 968 747 726 787 974 747 695 653 520 375 737 669 208 594 582 786 189 509 396 31 34 911 833 730 179 645 978 262 674 516 970 685 693 748 903 843 871 844 869 775 754 903 361
612 449 341 244 359 278 30 86 437 594 314 536 303 516 405 477 453 443 372 264 172 611 44 377 103 478 238 529 0 436 507 545 527 440 563 273 526 394 126 209 436 88 224 235 265 428 289 337 344 9 604 508 536 300 330 339 412 475 243 577 367 278 379 702 554 325 342 203 282 449 20 413 555 265 534 332 274 211 403 278 384 185 448 597 289 627 468 561 531 133 467 171 395 363 357 368 447 428 439 511 222 423 176 450 216 375 426 337 391 522 497 455 121 463 673 394 468 427 278 626 550 408 226 483 624 410 458 123 263 410 233 175 488 458 423 515 431 288 445 75 152 548 671 361 217 250 450 102 459 343 328 476 429 514 250 375 133 175 43 230 432 360 421 609 100 430 651 222 478 512 462 453 476 405 525 329 454 485 438 244 356 212 320 236 388 465 263 262 387 520 236 498 540 439 436 259 362 502 449 662 165 110 452 431 216 511 454 363 366 471 389 308 335 375 340
1036 780 240 647 795 243 412 349 786 332 726 868 264 902 221 193 734 164 420 494 557 234 451 284 332 876 665 94 436 0 220 703 925 867 751 493 125 721 310 644 751 421 425 396 479 300 559 315 721 439 274 277 971 234 765 444 780 694 213 888 79 228 729 948 990 646 511 268 455 388 444 835 981 171 675 446 520 644 413 690 817 621 324 200 724 235 844 978 152 487 869 575 542 644 654 790 877 861 631 244 644 838 363 586 588 213 83 764 638 952 688 24 416 880 898 635 904 770 704 850 589 843 513 621 1044 39 688 434 447 489 362 450 711 324 540 878 410 666 699 430 524 983 920 353 239 270 334 333 682 315 672 232 625 949 640 794 318 286 472 508 727 742 683 1028 533 511 650 580 154 948 853 122 875 676 655 703 883 688 634 562 443 294 646 577 158 547 507 694 135 458 308 66 112 819 758 636 88 599 885 316 584 423 880 624 599 693 812 750 782 772 783 682 663 810 305
1116 922 175 655 850 231 477 431 739 114 732 802 217 872 437 413 894 385 617 653 567 132 503 492 418 858 745 216 507 220 0 567 1032 944 623 435 137 667 405 696 687 454 389 560 424 516 506 513 701 506 98 64 1004 422 812 347 746 588 269 809 272 406 689 829 1032 787 422 303 626 225 506 920 1058 282 536 630 677 715 279 785 849 683 541 148 769 159 811 1068 106 602 855 674 432 799 594 805 949 927 812 25 671 840 362 461 704 423 303 842 556 974 570 203 433 882 772 550 950 906 784 728 798 881 482 814 1130 196 588 556 391 361 527 438 887 542 732 832 619 652 866 468 636 1019 805 240 292 263 165 415 580 220 636 42 520 982 638 805 432 419 550 475 655 721 846 1115 586 378 866 702 66 991 965 342 981 599 851 682 904 575 527 699 634 301 785 706 124 405 457 732 134 674 475 200 189 938 697 752 282 453 927 156 614 540 898 518 710 569 943 864 790 698 769 801 802 870 213
927 950 462 438 663 471 526 553 332 549 469 327 442 464 830 862 979 823 893 809 418 694 502 841 559 484 661 754 545 703 567 0 935 786 59 275 691 280 574 567 260 461 339 765 285 888 261 824 382 536 632 510 720 747 618 264 371 101 534 302 691 720 325 264 764 849 215 494 822 342 526 789 873 597 32 865 819 626 294 726 603 587 914 716 587 723 412 915 667 674 492 670 168 898 241 530 777 743 984 547 491 520 416 116 731 802 758 719 173 665 60 702 431 549 205 166 707 922 686 164 1083 642 320 1028 955 663 120 668 300 214 752 371 1028 922 963 396 938 382 981 471 683 737 243 350 522 456 402 553 112 387 316 527 116 702 407 521 612 641 570 315 223 394 957 946 525 193 1180 744 605 734 897 801 895 192 1070 373 613 78 107 780 886 454 842 765 548 162 282 547 570 1022 729 727 738 896 274 758 694 116 683 675 479 653 602 113 722 42 932 826 504 238 436 798 854 689 397
171 217 868 498 277 805 557 602 648 1121 471 726 830 596 799 886 313 866 622 464 540 1128 540 735 615 545 298 1018 527 925 1032 935 0 160 923 726 1034 668 631 379 704 595 713 551 726 770 695 681 562 528 1129 1036 345 715 320 824 601 837 764 783 847 709 625 959 311 305 795 729 517 962 530 146 156 769 940 563 439 333 905 248 357 372 773 1109 348 1142 602 98 1045 439 528 358 841 346 694 427 177 211 456 1038 447 469 693 884 336 779 887 218 762 396 875 948 624 469 964 770 290 203 263 931 658 325 658 528 155 910 817 491 742 886 582 652 408 784 550 654 688 553 362 579 402 338 933 877 740 777 972 617 824 864 620 1003 829 344 528 440 612 639 483 666 729 557 354 139 466 900 743 346 998 300 73 896 51 745 545 567 391 858 834 372 585 739 302 352 911 925 704 387 907 749 630 992 1037 116 693 288 839 945 305 1186 476 503 402 832 326 893 154 175 453 740 531 244 288 252 863
171 306 773 355 123 713 469 524 489 1023 318 566 732 436 777 862 395 836 632 463 411 1051 441 721 539 385 202 961 440 867 944 786 160 0 770 597 965 513 559 254 547 492 595 531 599 764 557 668 407 439 1042 939 207 682 168 700 443 687 684 623 793 669 470 799 186 330 662 642 517 847 438 44 114 701 793 571 443 229 785 185 197 261 772 1037 203 1068 442 132 972 389 367 295 705 389 545 268 22 51 514 946 309 308 589 744 302 753 842 103 615 247 726 889 517 309 806 623 138 280 163 773 713 165 528 588 187 846 666 441 619 757 557 534 489 784 588 493 702 405 435 477 352 205 773 765 658 682 864 540 674 757 469 911 684 199 384 281 549 584 399 537 574 401 419 174 359 768 808 319 919 160 159 859 139 594 614 414 233 708 689 363 597 643 324 335 827 790 573 245 828 776 597 932 976 193 536 263 786 805 148 1101 349 450 244 688 285 744 247 186 295 583 372 240 316 97 758
904 951 511 430 647 515 547 580 299 608 452 280 488 423 869 905 986 866 920 827 423 751 519 877 587 448 659 806 563 751 623 59 923 770 0 301 744 257 604 563 229 482 370 790 313 925 273 856 363 554 689 567 690 782 603 308 341 90 575 250 736 755 301 206 735 856 250 531 844 399 544 776 852 638 91 889 835 624 347 723 581 587 950 771 575 780 375 897 721 689 458 677 210 908 233 508 759 725 1000 604 485 491 448 165 738 841 803 709 175 633 68 752 455 517 149 170 683 923 680 105 1108 620 336 1047 933 711 110 687 332 265 778 394 1040 958 985 353 968 371 991 491 694 707 184 400 561 498 458 581 105 436 303 583 138 672 401 498 640 672 585 333 196 371 966 926 533 246 1207 753 658 707 888 846 885 179 1089 356 585 77 128 792 911 492 850 775 598 218 304 537 620 1054 759 778 790 891 243 762 738 174 659 733 480 673 573 137 728 59 929 824 481 201 409 800 860 673 446
759 701 273 251 481 249 252 279 304 474 318 377 236 437 576 621 719 582 619 536 186 566 232 578 285 425 431 565 273 493 435 275 726 597 301 0 523 234 303 347 259 186 72 490 13 627 70 555 269 264 526 402 599 485 436 107 311 221 291 395 460 457 253 471 635 589 71 241 547 264 255 587 701 353 261 590 547 395 197 491 451 355 652 572 396 591 375 729 510 405 424 415 124 633 163 393 594 564 712 425 288 416 150 177 472 547 529 509 149 559 232 500 156 457 430 148 559 676 463 381 808 488 68 754 781 454 209 394 46 160 477 97 760 660 688 398 667 228 716 198 418 616 441 200 273 222 300 279 206 215 201 393 163 578 226 390 339 371 302 59 234 290 691 769 273 174 906 483 444 597 675 569 680 184 796 251 493 225 173 514 611 205 583 502 361 202 24 354 377 752 458 535 559 665 268 506 460 232 535 582 250 379 484 164 466 245 693 591 373 279 339 551 596 505 222
1136 898 249 713 884 282 499 441 826 231 792 899 286 952 343 300 856 279 545 615 623 108 533 408 425 932 762 81 526 125 137 691 1034 965 744 523 0 757 406 730 782 494 464 517 510 421 593 440 774 528 157 202 1051 359 850 451 827 700 284 912 201 351 772 948 1074 764 524 334 578 353 530 935 1080 265 660 571 641 737 397 793 896 710 444 76 808 111 892 1081 34 595 927 678 544 765 686 861 973 955 756 162 719 903 417 580 698 337 202 861 657 1027 687 100 481 946 894 653 990 886 802 848 712 925 558 747 1146 126 698 544 476 479 484 502 836 442 665 920 534 722 823 505 631 1065 922 347 311 314 293 425 690 316 717 168 631 1029 701 864 422 396 566 551 753 795 805 1130 617 498 768 691 86 1033 963 232 983 699 780 756 958 690 639 678 569 348 763 690 161 529 542 774 149 576 429 75 51 931 791 746 211 579 969 192 659 530 953 629 707 688 927 860 850 798 841 793 780 900 307
647 716 508 191 391 480 390 444 72 696 196 149 471 212 773 830 762 792 767 642 223 799 351 760 457 215 421 797 394 721 667 280 668 513 257 234 757 0 480 325 43 338 295 629 247 811 164 726 106 384 756 629 440 673 348 323 95 179 511 183 679 647 44 320 483 636 251 457 670 476 374 521 595 568 295 724 643 388 407 484 324 355 833 806 323 825 151 640 745 497 220 460 264 694 73 251 502 468 800 656 246 240 360 276 521 743 748 458 133 387 221 730 325 271 307 141 427 686 436 267 938 363 208 857 676 683 160 511 280 339 627 276 827 843 807 164 825 128 775 339 492 457 290 428 488 451 522 452 170 448 67 625 201 421 166 241 508 548 399 212 60 114 751 668 329 337 1041 539 679 453 638 786 632 94 897 102 333 203 202 585 749 426 629 563 595 340 215 288 611 914 625 766 793 644 41 536 678 332 403 810 261 501 321 205 508 239 686 582 224 81 155 568 637 417 455
730 519 256 359 485 193 107 41 534 503 433 628 227 628 294 358 501 323 319 272 275 497 150 280 25 594 357 404 126 310 405 574 631 559 604 303 406 480 0 335 519 142 235 200 290 331 345 253 449 131 499 418 662 192 456 329 516 523 136 663 241 166 475 767 680 386 359 117 265 397 137 529 674 141 557 297 292 333 368 387 511 310 354 480 416 512 575 675 415 196 584 273 410 406 429 491 568 551 449 413 344 544 159 466 299 264 300 455 445 648 535 330 157 585 731 446 595 502 396 682 512 534 283 475 739 287 509 152 274 400 180 215 513 364 401 618 364 392 481 143 230 674 737 313 115 175 382 28 508 283 419 380 466 641 359 497 39 69 162 282 507 468 459 724 226 424 606 296 367 638 562 328 580 470 516 433 579 528 475 297 315 147 383 302 281 463 303 388 276 449 155 374 416 533 522 347 235 507 576 556 285 136 577 467 306 547 537 459 487 550 502 396 400 499 277
423 390 523 135 154 465 232 295 334 771 156 432 482 361 600 677 438 646 514 358 161 809 197 559 312 313 95 737 209 644 696 567 379 254 563 347 730 325 335 0 367 242 341 383 348 608 317 511 231 204 795 687 327 496 121 448 294 474 446 485 576 477 290 644 345 315 416 398 401 592 200 240 365 473 568 460 352 63 532 160 178 37 624 799 81 828 329 385 733 226 298 152 462 376 330 180 255 230 492 697 79 242 336 507 207 571 634 162 393 316 509 663 264 276 633 400 260 361 119 592 656 199 279 556 442 618 454 265 366 508 397 280 508 635 521 384 583 198 454 228 203 339 614 510 418 433 610 311 460 503 264 661 456 306 163 190 337 378 176 287 382 238 430 428 112 521 760 228 676 303 332 659 334 384 593 227 251 492 462 280 487 395 307 253 584 546 325 64 587 668 420 707 747 328 360 213 570 567 240 853 97 264 250 459 191 526 365 260 188 406 241 242 314 173 505
675 757 532 234 426 509 431 484 72 709 233 117 496 210 811 866 805 828 809 685 266 819 392 799 496 224 462 825 436 751 687 260 704 547 229 259 782 43 519 367 0 377 325 671 273 850 191 766 142 426 773 646 461 711 384 340 112 161 544 143 712 685 79 277 506 679 266 490 713 488 416 557 624 601 278 767 687 430 420 526 355 398 873 828 361 845 154 671 768 540 232 503 270 737 97 281 535 501 844 674 289 262 393 274 564 781 781 497 136 405 203 759 362 289 266 143 454 728 476 228 981 392 242 900 706 713 144 554 306 347 669 311 870 883 850 152 867 170 818 379 536 478 247 446 522 480 537 491 154 469 110 645 197 443 209 270 548 587 442 245 38 146 794 698 372 342 1084 582 702 478 676 820 669 92 940 141 356 185 195 629 792 458 672 607 621 340 243 328 637 955 665 794 819 684 14 579 712 325 430 825 304 543 344 201 551 219 727 622 254 38 181 610 680 451 477
663 533 281 226 396 223 65 106 391 531 304 486 240 489 436 498 541 461 441 349 138 568 56 421 119 459 298 510 88 421 454 461 595 492 482 186 494 338 142 242 377 0 136 307 177 472 212 389 309 80 552 447 557 334 359 251 374 397 211 521 363 309 332 632 582 412 254 159 361 369 73 471 605 252 448 407 360 265 319 347 402 231 495 560 316 588 435 619 494 221 450 250 308 452 290 369 495 472 526 455 225 416 98 363 300 406 429 392 314 534 415 437 33 458 600 316 498 510 336 551 626 431 148 567 679 390 381 207 175 322 299 89 576 505 503 477 494 252 534 15 239 571 601 282 184 191 377 114 381 269 277 419 346 535 221 373 170 209 124 150 367 329 509 665 132 342 725 308 435 540 534 462 545 334 609 293 464 404 356 333 429 152 407 324 343 377 179 280 347 582 288 479 516 516 380 341 360 414 476 611 165 192 460 348 298 429 534 439 361 409 366 389 422 415 268
762 668 218 270 486 185 199 215 363 443 345 442 178 488 504 549 677 510 553 480 188 516 190 507 219 471 415 502 224 425 389 339 713 595 370 72 464 295 235 341 325 136 0 428 58 556 133 485 312 217 484 364 622 413 443 115 363 293 220 464 389 386 308 543 654 548 125 169 487 251 209 580 704 281 323 527 493 379 191 471 469 341 581 518 401 540 427 726 455 357 467 382 177 588 228 418 595 568 659 382 295 451 78 233 435 475 458 501 221 587 301 434 103 493 502 220 575 644 450 453 745 504 94 696 782 388 281 340 40 186 413 61 711 589 628 456 598 263 670 150 375 638 514 171 201 155 273 213 278 173 252 349 232 600 250 418 272 302 260 87 302 333 646 769 248 206 841 444 390 614 657 498 665 255 738 294 519 295 242 469 547 134 543 460 302 241 82 360 316 683 390 470 498 643 332 474 389 280 551 541 246 323 512 232 432 313 665 567 402 347 380 521 557 508 177
686 385 440 466 500 381 244 212 669 668 526 769 418 733 249 335 338 315 138 97 406 623 279 189 209 690 352 484 235 396 560 765 551 531 790 490 517 629 200 383 671 307 428 0 479 233 519 136 571 245 644 588 688 168 488 529 640 705 311 811 317 168 612 937 692 254 553 312 67 593 255 491 637 278 750 99 124 348 568 347 556 347 244 594 458 629 691 619 537 158 676 249 605 247 592 563 547 542 255 574 430 624 356 661 229 228 343 436 622 691 722 421 335 660 907 624 611 377 383 858 318 567 456 275 687 392 688 122 468 600 33 395 328 256 201 742 201 518 307 300 188 695 906 511 300 369 572 215 689 478 563 544 653 669 478 573 160 149 232 458 667 586 288 670 311 624 418 213 508 653 477 346 502 639 316 558 630 712 662 178 122 346 255 201 438 662 485 447 425 289 88 461 508 437 670 271 307 705 598 696 384 129 632 654 246 735 422 378 568 706 607 308 272 505 472
762 697 260 256 484 236 243 268 317 465 325 390 223 448 563 607 713 568 608 527 187 554 225 565 274 435 430 552 265 479 424 285 726 599 313 13 510 247 290 348 273 177 58 479 0 614 83 542 279 256 515 391 606 471 440 102 322 234 277 409 446 444 265 485 641 583 77 227 537 258 247 588 704 339 271 579 538 394 191 489 456 354 639 559 399 579 387 731 497 397 434 411 130 627 176 399 596 567 704 414 291 424 136 185 467 533 515 510 163 567 244 486 146 465 444 162 564 672 463 394 798 493 71 744 784 441 222 385 33 160 466 89 753 647 678 410 655 236 709 189 411 622 455 190 259 208 291 268 220 204 212 382 175 584 232 397 327 359 296 62 248 299 685 772 269 175 895 478 432 602 674 556 679 198 786 261 500 237 185 507 600 191 577 496 348 206 33 356 364 740 446 521 546 663 281 502 446 238 540 571 250 370 491 176 462 257 690 588 381 293 349 547 591 508 210
914 581 468 672 732 431 424 366 861 629 739 958 467 944 79 140 510 145 157 307 598 528 466 51 354 905 584 358 428 300 516 888 770 764 925 627 421 811 331 608 850 472 556 233 614 0 675 97 771 436 574 565 920 142 718 628 840 849 359 994 245 169 803 1097 925 464 675 394 253 635 446 723 867 298 867 210 331 578 635 580 784 574 26 490 686 524 896 845 451 388 892 481 720 436 761 785 779 775 377 537 645 844 477 774 461 95 218 669 773 921 856 322 489 882 1058 774 843 580 616 1008 291 798 614 346 913 320 836 343 592 692 212 545 459 33 271 943 118 715 465 471 420 928 1066 571 367 437 594 359 834 532 748 518 787 901 678 794 303 263 441 613 839 788 456 896 521 716 350 444 451 886 697 192 724 801 373 756 858 851 797 403 193 434 468 429 421 755 631 671 399 158 191 348 390 654 853 501 236 805 831 614 592 344 859 787 479 866 630 602 787 881 817 534 482 738 523
