58
0 731 481 94 249 327 524 778 252 399 506 675 368 418 671 575 895 331 281 810 599 87 846 736 719 612 484 969 538 789 355 954 248 431 733 564 273 754 181 599 936 405 714 521 133 647 709 696 126 1002 762 739 278 490 772 238 262 290
731 0 1014 789 871 475 795 629 546 934 401 402 437 860 792 713 578 991 978 258 896 748 717 818 590 652 488 924 242 789 1044 738 573 891 272 764 884 278 852 563 862 765 609 791 717 953 70 40 826 998 869 608 453 256 674 569 925 951
481 1014 0 390 233 543 306 702 707 87 636 749 578 161 459 430 874 214 297 967 283 397 722 514 666 514 940 738 773 599 270 843 456 130 880 373 209 897 309 573 735 261 647 308 376 289 963 992 368 732 506 674 629 842 664 701 250 233
94 789 390 0 157 349 466 760 342 311 520 685 392 342 623 535 892 239 196 842 532 42 822 689 704 583 576 927 580 750 269 934 254 352 761 515 181 782 87 584 899 347 696 465 96 576 760 756 37 953 710 722 338 559 748 330 168 197
249 871 233 157 0 399 367 718 487 157 543 691 441 213 535 463 870 121 142 880 410 169 765 600 668 529 722 840 642 672 184 884 298 213 794 427 24 814 78 553 820 256 655 367 164 445 831 842 136 855 612 683 441 664 695 478 68 86
327 475 543 349 399 0 383 481 320 461 179 348 43 397 463 360 575 520 519 493 486 306 562 518 421 355 490 722 242 542 578 656 101 427 412 383 410 433 393 308 676 312 421 379 260 546 432 450 381 773 559 442 148 308 489 332 458 483
524 795 306 466 367 383 0 396 662 274 394 468 399 168 168 124 568 443 502 696 103 444 419 233 361 210 865 472 557 309 516 541 347 188 612 67 354 626 430 280 454 119 342 4 390 163 735 782 470 489 245 368 519 685 358 666 429 433
778 629 702 760 718 481 396 0 795 664 331 228 457 556 267 272 176 818 860 422 446 723 92 248 59 192 920 295 463 182 890 176 531 581 364 329 713 366 759 178 235 471 64 394 665 482 558 636 779 369 294 38 618 659 55 810 786 798
252 546 707 342 487 320 662 795 0 621 471 628 338 608 773 669 868 582 533 692 757 318 879 831 736 674 235 1042 419 861 608 967 316 630 632 681 509 653 429 627 996 559 738 659 331 813 544 506 378 1090 869 758 177 290 807 23 511 540
399 934 87 311 157 461 274 664 621 0 564 688 497 108 440 392 830 179 252 899 283 314 694 500 622 472 853 734 694 581 248 815 371 86 812 342 133 830 235 521 724 200 605 275 290 306 886 911 293 738 501 633 542 756 630 615 190 182
506 401 636 520 543 179 394 331 471 564 0 169 142 476 404 315 400 662 675 338 494 478 420 442 273 268 591 605 169 438 727 498 266 507 251 363 549 271 552 188 551 376 281 390 427 552 340 390 550 667 490 295 294 341 353 488 607 629
675 402 749 685 691 348 468 228 628 688 169 0 311 589 412 356 240 807 828 231 553 643 318 425 187 277 717 523 246 388 875 364 432 619 153 416 694 163 710 191 463 489 207 464 589 604 332 409 713 596 476 205 455 445 271 647 758 777
368 437 578 392 441 43 399 457 338 497 142 311 0 427 463 362 542 562 562 450 503 349 541 515 397 346 490 710 201 532 621 630 144 458 369 392 452 390 436 290 661 339 400 395 303 562 392 414 424 763 558 419 161 286 469 353 501 525
418 860 161 342 213 397 168 556 608 108 476 589 427 0 336 284 723 276 339 805 196 331 586 398 515 364 832 635 618 477 348 708 321 31 719 235 196 736 285 416 621 100 497 169 290 234 807 839 336 645 404 525 501 703 522 606 268 268
671 792 459 623 535 463 168 267 773 440 404 412 463 336 0 103 443 612 671 641 184 596 265 66 253 139 953 305 572 141 684 385 460 353 565 109 523 574 595 229 286 281 230 169 539 214 725 787 631 331 96 251 611 736 218 781 597 602
575 713 430 535 463 360 124 272 669 392 315 356 362 284 103 0 444 552 603 587 196 505 304 163 237 86 850 394 484 215 625 425 358 308 506 61 454 518 515 165 363 207 217 121 447 248 648 705 546 428 199 244 507 639 238 678 528 536
895 578 874 892 870 575 568 176 868 830 400 240 542 723 443 444 0 976 1011 331 623 852 208 419 207 359 953 394 478 343 1047 167 646 749 308 502 867 299 902 316 333 632 226 566 795 658 511 596 915 474 462 199 693 677 226 886 938 952
331 991 214 239 121 520 443 818 582 179 662 807 562 276 612 552 976 0 83 999 462 266 857 674 771 626 816 911 763 753 72 978 419 262 914 509 113 933 153 660 898 347 756 444 278 484 952 962 205 917 678 784 556 779 790 569 71 42
281 978 297 196 142 519 502 860 533 252 675 828 562 339 671 603 1011 83 0 1008 532 232 906 735 811 670 764 974 759 810 74 1026 417 330 924 564 149 944 126 695 957 396 798 502 261 559 944 947 158 984 743 825 531 754 837 519 74 71
810 258 967 842 880 493 696 422 692 899 338 231 450 805 641 587 331 999 1008 0 784 799 500 649 401 509 704 705 277 600 1063 497 592 837 86 647 886 70 884 422 643 705 423 692 753 835 200 285 875 784 699 413 546 432 474 715 943 965
599 896 283 532 410 486 103 446 757 283 494 553 503 196 184 196 623 462 532 784 0 515 449 232 423 280 965 455 659 319 531 569 444 201 702 137 392 714 481 362 451 198 401 108 466 59 834 884 529 455 222 425 620 789 400 759 463 461
87 748 397 42 169 306 444 723 318 314 478 643 349 331 596 505 852 266 232 799 515 0 787 662 667 549 554 898 537 719 303 898 211 344 718 488 192 739 113 546 868 324 659 441 58 562 718 716 77 927 685 685 299 521 713 309 195 224
846 717 722 822 765 562 419 92 879 694 420 318 541 586 265 304 208 857 906 500 449 787 0 225 146 239 1011 207 555 140 930 121 604 608 449 352 758 449 813 254 145 511 141 418 728 474 647 726 838 284 261 124 702 751 74 894 832 841
736 818 514 689 600 518 233 248 831 500 442 425 515 398 66 163 419 674 735 649 232 662 225 0 250 174 1005 240 607 88 746 340 521 414 578 175 588 585 660 257 223 347 226 233 605 250 749 816 697 266 51 242 666 780 194 840 662 665
719 590 666 704 668 421 361 59 736 622 273 187 397 515 253 237 207 771 811 401 423 667 146 250 0 151 864 341 412 201 843 235 472 542 334 297 664 339 706 120 283 426 23 359 608 464 520 595 725 411 299 22 558 606 85 751 736 749
612 652 514 583 529 355 210 192 674 472 268 277 346 364 139 86 359 626 670 509 280 549 239 174 151 0 837 368 435 187 698 356 377 390 430 147 522 440 574 90 326 279 133 207 490 327 585 648 599 417 222 160 503 606 166 685 596 607
484 488 940 576 722 490 865 920 235 853 591 717 490 832 953 850 953 816 764 704 965 554 1011 1005 864 837 0 1194 474 1020 839 1079 521 856 669 873 744 687 663 772 1142 773 872 862 564 1023 516 448 611 1252 1048 886 346 278 944 246 745 774
969 924 738 927 840 722 472 295 1042 734 605 523 710 635 305 394 394 911 974 705 455 898 207 240 341 368 1194 0 753 182 982 238 743 649 656 414 827 656 900 421 62 587 327 473 841 453 854 932 936 80 233 320 869 944 256 1053 901 904
538 242 773 580 642 242 557 463 419 694 169 246 201 618 572 484 478 763 759 277 659 537 555 607 412 435 474 753 0 596 820 610 343 649 213 531 653 233 632 350 695 523 425 553 498 718 191 225 615 820 657 433 269 199 497 441 700 725
789 789 599 750 672 542 309 182 861 581 438 388 532 477 141 215 343 753 810 600 319 719 140 88 201 187 1020 182 596 0 825 252 561 495 536 245 661 540 728 250 148 416 180 308 661 338 720 792 761 231 120 187 690 779 126 872 736 741
355 1044 270 269 184 578 516 890 608 248 727 875 621 348 684 625 1047 72 74 1063 531 303 930 746 843 698 839 982 820 825 0 1051 477 333 978 581 181 998 192 731 969 420 829 516 326 550 1008 1013 232 986 749 857 601 824 863 593 120 98
954 738 843 934 884 656 541 176 967 815 498 364 630 708 385 425 167 978 1026 497 569 898 121 340 235 356 1079 238 610 252 1051 0 708 730 466 473 877 459 929 355 183 631 239 540 839 591 669 753 952 317 369 215 789 810 189 983 951 961
248 573 456 254 298 101 347 531 316 371 266 432 144 321 460 358 646 419 417 592 444 211 604 521 472 377 521 743 343 561 477 708 0 349 509 365 310 530 292 353 704 252 468 343 161 502 533 546 284 785 556 493 180 385 529 322 357 381
431 891 130 352 213 427 188 581 630 86 507 619 458 31 353 308 749 262 330 837 201 344 608 414 542 390 856 649 649 495 333 730 349 0 750 256 194 767 289 444 637 131 523 190 307 232 838 870 342 655 416 551 528 732 546 627 262 259
733 272 880 761 794 412 612 364 632 812 251 153 369 719 565 506 308 914 924 86 702 718 449 578 334 430 669 656 213 536 978 466 509 750 0 565 800 21 800 341 594 618 356 608 671 754 203 288 793 733 629 349 476 392 414 654 858 880
564 764 373 515 427 383 67 329 681 342 363 416 392 235 109 61 502 509 564 647 137 488 352 175 297 147 873 414 531 245 581 473 365 256 565 0 416 577 485 225 392 172 276 66 432 190 701 754 522 439 197 303 527 675 290 687 490 496
273 884 209 181 24 410 354 713 509 133 549 694 452 196 523 454 867 113 149 886 392 192 758 588 664 522 744 827 653 661 181 877 310 194 800 416 0 820 101 551 808 247 651 354 184 426 843 856 160 840 597 679 459 681 688 501 74 84
754 278 897 782 814 433 626 366 653 830 271 163 390 736 574 518 299 933 944 70 714 739 449 585 339 440 687 656 233 540 998 459 530 767 21 577 820 0 821 353 593 635 361 622 691 766 211 297 814 733 636 353 498 410 416 675 878 900
181 852 309 87 78 393 430 759 429 235 552 710 436 285 595 515 902 153 126 884 481 113 813 660 706 574 663 900 632 728 192 929 292 289 800 485 101 821 0 588 877 313 695 429 135 520 818 821 59 919 676 723 408 631 741 417 82 111
599 563 573 584 553 308 280 178 627 521 188 191 290 416 229 165 316 660 695 422 362 546 254 257 120 90 772 421 350 250 731 355 353 444 341 225 551 353 588 0 371 321 115 276 488 413 496 559 604 480 307 140 451 529 180 641 621 636
936 862 735 899 820 676 454 235 996 724 551 463 661 621 286 363 333 898 957 643 451 868 145 223 283 326 1142 62 695 148 969 183 704 637 594 392 808 593 877 371 0 564 271 454 809 458 792 871 910 141 230 262 821 888 199 1009 883 888
405 765 261 347 256 312 119 471 559 200 376 489 339 100 281 207 632 347 396 705 198 324 511 347 426 279 773 587 523 416 420 631 252 131 618 172 247 635 313 321 564 0 410 117 271 253 710 746 351 608 364 438 432 621 443 561 321 329
714 609 647 696 655 421 342 64 738 605 281 207 400 497 230 217 226 756 798 423 401 659 141 226 23 133 872 327 425 180 829 239 468 523 356 276 651 361 695 115 271 410 0 339 601 441 539 613 715 395 276 27 561 617 72 753 723 735
521 791 308 465 367 379 4 394 659 275 390 464 395 169 169 121 566 444 502 692 108 441 418 233 359 207 862 473 553 308 516 540 343 190 608 66 354 622 429 276 454 117 339 0 388 167 731 778 469 490 247 366 515 681 357 663 428 433
133 717 376 96 164 260 390 665 331 290 427 589 303 290 539 447 795 278 261 753 466 58 728 605 608 490 564 841 498 661 326 839 161 307 671 432 184 691 135 488 809 271 601 388 0 515 683 687 123 871 630 627 278 501 654 325 209 236
647 953 289 576 445 546 163 482 813 306 552 604 562 234 214 248 658 484 559 835 59 562 474 250 464 327 1023 453 718 338 550 591 502 232 754 190 426 766 520 413 458 253 441 167 515 0 891 942 570 443 228 464 678 849 432 815 493 488
709 70 963 760 831 432 735 558 544 886 340 332 392 807 725 648 511 952 944 200 834 718 647 749 520 585 516 854 191 720 1008 669 533 838 203 701 843 211 818 496 792 710 539 731 683 891 0 86 796 928 800 538 430 259 604 567 888 914
696 40 992 756 842 450 782 636 506 911 390 409 414 839 787 705 596 962 947 285 884 716 726 816 595 648 448 932 225 792 1013 753 546 870 288 754 856 297 821 559 871 746 613 778 687 942 86 0 793 1005 867 614 418 216 680 530 895 922
126 826 368 37 136 381 470 779 378 293 550 713 424 336 631 546 915 205 158 875 529 77 838 697 725 599 611 936 615 761 232 952 284 342 793 522 160 814 59 604 910 351 715 469 123 570 796 793 0 959 716 742 375 596 765 365 136 164
1002 998 732 953 855 773 489 369 1090 738 667 596 763 645 331 428 474 917 984 784 455 927 284 266 411 417 1252 80 820 231 986 317 785 655 733 439 840 733 919 480 141 608 395 490 871 443 928 1005 959 0 243 391 920 1008 325 1101 913 913
762 869 506 710 612 559 245 294 869 501 490 476 558 404 96 199 462 678 743 699 222 685 261 51 299 222 1048 233 657 120 749 369 556 416 629 197 597 636 676 307 230 364 276 247 630 228 800 867 716 243 0 290 707 827 239 877 671 672
739 608 674 722 683 442 368 38 758 633 295 205 419 525 251 244 199 784 825 413 425 685 124 242 22 160 886 320 433 187 857 215 493 551 349 303 679 353 723 140 262 438 27 366 627 464 538 614 742 391 290 0 580 627 65 773 751 763
278 453 629 338 441 148 519 618 177 542 294 455 161 501 611 507 693 556 531 546 620 299 702 666 558 503 346 869 269 690 601 789 180 528 476 527 459 498 408 451 821 432 561 515 278 678 430 418 375 920 707 580 0 223 630 194 486 514
490 256 842 559 664 308 685 659 290 756 341 445 286 703 736 639 677 779 754 432 789 521 751 780 606 606 278 944 199 779 824 810 385 732 392 675 681 410 631 529 888 621 617 681 501 849 259 216 596 1008 827 627 223 0 689 313 710 738
772 674 664 748 695 489 358 55 807 630 353 271 469 522 218 238 226 790 837 474 400 713 74 194 85 166 944 256 497 126 863 189 529 546 414 290 688 416 741 180 199 443 72 357 654 432 604 680 765 325 239 65 630 689 0 821 762 772
238 569 701 330 478 332 666 810 23 615 488 647 353 606 781 678 886 569 519 715 759 309 894 840 751 685 246 1053 441 872 593 983 322 627 654 687 501 675 417 641 1009 561 753 663 325 815 567 530 365 1101 877 773 194 313 821 0 499 528
262 925 250 168 68 458 429 786 511 190 607 758 501 268 597 528 938 71 74 943 463 195 832 662 736 596 745 901 700 736 120 951 357 262 858 490 74 878 82 621 883 321 723 428 209 493 888 895 136 913 671 751 486 710 762 499 0 28
290 951 233 197 86 483 433 798 540 182 629 777 525 268 602 536 952 42 71 965 461 224 841 665 749 607 774 904 725 741 98 961 381 259 880 496 84 900 111 636 888 329 735 433 236 488 914 922 164 913 672 763 514 738 772 528 28 0
