20
0 677 416 538 511 399 429 403 423 788 374 216 97 256 349 821 523 344 599 805
677 0 290 490 882 708 449 530 254 211 307 841 653 890 899 617 987 475 817 380
416 290 0 485 754 583 386 441 112 462 136 557 373 656 701 719 830 193 747 567
538 490 485 0 435 289 116 142 376 433 351 754 589 613 549 284 564 623 333 335
511 882 754 435 0 175 434 351 681 866 630 674 606 377 238 605 137 795 173 764
399 708 583 289 175 0 264 181 507 706 456 595 485 361 267 516 283 641 200 625
429 449 386 116 434 264 0 82 284 446 249 645 475 535 495 398 547 511 376 397
403 530 441 142 351 181 82 0 349 527 306 619 463 473 419 419 465 542 307 464
423 254 112 376 681 507 284 349 0 385 55 597 406 639 661 607 770 289 656 466
788 211 462 433 866 706 446 527 385 0 422 978 786 961 939 461 989 656 763 193
374 307 136 351 630 456 249 306 55 422 0 555 364 584 605 599 716 284 613 483
216 841 557 754 674 595 645 619 597 978 555 0 191 325 463 1037 649 415 789 1013
97 653 373 589 606 485 475 463 406 786 364 191 0 343 445 872 620 265 686 827
256 890 656 613 377 361 535 473 639 961 584 325 343 0 144 872 327 601 524 933
349 899 701 549 238 267 495 419 661 939 605 463 445 144 0 783 186 683 397 882
821 617 719 284 605 516 398 419 607 461 599 1037 872 872 783 0 743 883 444 274
523 987 830 564 137 283 547 465 770 989 716 649 620 327 186 743 0 842 306 897
344 475 193 623 795 641 511 542 289 656 284 415 265 601 683 883 842 0 829 755
599 817 747 333 173 200 376 307 656 763 613 789 686 524 397 444 306 829 0 635
805 380 567 335 764 625 397 464 466 193 483 1013 827 933 882 274 897 755 635 0
