32
0 698 533 347 362 290 726 98 609 420 772 533 502 166 168 254 160 640 521 561 477 703 771 790 248 383 645 419 150 398 416 793
698 0 443 641 776 803 713 706 357 293 445 880 777 602 694 935 637 288 789 234 754 57 399 92 452 368 431 401 624 445 963 609
533 443 0 710 401 778 294 602 114 267 243 458 350 370 424 684 585 627 359 210 332 404 256 515 403 206 114 134 566 137 603 275
347 641 710 0 691 195 972 260 737 476 904 862 811 444 498 563 187 446 830 626 784 674 885 717 307 506 800 576 201 582 763 986
362 776 401 691 0 651 441 461 514 495 627 171 155 255 195 352 507 848 172 558 138 753 650 863 456 410 503 377 490 333 202 568
290 803 778 195 651 0 1005 193 830 588 999 820 792 442 459 430 194 635 811 743 767 827 988 885 394 591 882 649 213 642 670 1051
726 713 294 972 441 1005 0 814 355 559 330 378 299 564 573 791 821 920 290 492 306 664 377 770 668 489 283 413 802 394 611 175
98 706 602 260 461 193 814 0 667 449 833 632 599 250 267 307 89 608 618 600 574 720 828 796 257 431 710 479 90 465 505 869
609 357 114 737 514 830 355 667 0 263 169 571 463 455 520 782 636 580 470 144 446 310 162 419 439 239 78 190 617 216 717 274
420 293 267 476 495 588 559 449 263 0 429 621 526 309 401 646 399 376 541 155 500 287 408 385 195 88 333 153 382 189 674 528
772 445 243 904 627 999 330 833 169 429 0 643 539 612 668 927 805 707 541 289 530 389 51 478 608 408 130 354 786 373 828 177
533 880 458 862 171 820 378 632 571 621 643 0 107 422 367 484 678 990 102 650 126 850 678 962 614 533 536 481 662 439 248 539
502 777 350 811 155 792 299 599 463 526 539 107 0 367 333 506 633 900 19 545 27 745 572 857 542 438 429 381 616 340 312 446
166 602 370 444 255 442 564 250 455 309 612 422 367 0 94 340 268 614 386 429 340 596 616 694 206 249 484 266 249 239 387 626
168 694 424 498 195 459 573 267 520 401 668 367 333 94 0 262 312 706 352 511 309 685 677 786 296 334 538 338 296 304 296 659
254 935 684 563 352 430 791 307 782 646 927 484 506 340 262 0 394 894 521 769 491 933 939 1027 496 589 797 600 391 567 267 903
160 637 585 187 507 194 821 89 636 399 805 678 633 268 312 394 0 521 652 553 607 655 795 724 203 397 687 455 19 449 577 859
640 288 627 446 848 635 920 608 580 376 707 990 900 614 706 894 521 0 915 435 873 342 666 326 411 463 658 530 517 565 1001 852
521 789 359 830 172 811 290 618 470 541 541 102 19 386 352 521 652 915 0 556 46 756 575 868 560 453 434 395 635 354 321 442
561 234 210 626 558 743 492 600 144 155 289 650 545 429 511 769 553 435 556 0 523 199 261 311 350 180 222 182 536 225 754 418
477 754 332 784 138 767 306 574 446 500 530 126 27 340 309 491 607 873 46 523 0 723 561 835 514 412 416 357 589 315 310 445
703 57 404 674 753 827 664 720 310 287 389 850 745 596 685 933 655 342 756 199 723 0 343 112 462 353 381 376 641 420 945 555
771 399 256 885 650 988 377 828 162 408 51 678 572 616 677 939 795 666 575 261 561 343 0 429 595 398 147 352 776 376 853 228
790 92 515 717 863 885 770 796 419 385 478 962 857 694 786 1027 724 326 868 311 835 112 429 0 543 458 487 487 712 530 1052 651
248 452 403 307 456 394 668 257 439 195 608 614 542 206 296 496 203 411 560 350 514 462 595 543 0 202 497 269 186 275 592 679
383 368 206 506 410 591 489 431 239 88 408 533 438 249 334 589 397 463 453 180 412 353 398 458 202 0 295 75 378 103 594 480
645 431 114 800 503 882 283 710 78 333 130 536 429 484 538 797 687 658 434 222 416 381 147 487 497 295 0 232 668 246 705 197
419 401 134 576 377 649 413 479 190 153 354 481 381 266 338 600 455 530 395 182 357 376 352 487 269 75 232 0 435 43 571 409
150 624 566 201 490 213 802 90 617 382 786 662 616 249 296 391 19 517 635 536 589 641 776 712 186 378 668 435 0 429 565 839
398 445 137 582 333 642 394 465 216 189 373 439 340 239 304 567 449 565 354 225 315 420 376 530 275 103 246 43 429 0 529 409
416 963 603 763 202 670 611 505 717 674 828 248 312 387 296 267 577 1001 321 754 310 945 853 1052 592 594 705 571 565 529 0 756
793 609 275 986 568 1051 175 869 274 528 177 539 446 626 659 903 859 852 442 418 445 555 228 651 679 480 197 409 839 409 756 0
