302
0 1076 1100 884 746 865 1064 659 1057 872 856 476 1089 938 994 530 1071 940 1006 1172 976 419 502 801 279 1214 844 271 772 658 1085 249 895 114 868 478 859 651 947 688 875 650 770 701 714 262 997 809 765 1037 652 668 943 322 526 862 1371 864 875 860 574 457 826 715 907 938 781 794 663 865 424 713 933 463 610 1009 874 834 472 629 1142 590 251 806 583 198 138 1075 222 1073 1162 730 708 706 1079 852 556 834 715 733 677 1050 933 640 1168 921 161 815 767 543 406 952 580 539 888 425 1121 727 443 1183 503 628 577 777 917 867 523 1021 409 62 1253 963 488 868 711 388 691 656 968 534 323 526 969 422 1059 524 621 525 789 1232 631 630 470 999 961 1134 820 434 881 748 665 607 864 661 662 1180 764 731 787 818 690 439 971 867 649 739 873 935 908 586 750 976 938 1057 876 648 554 875 428 683 954 1085 649 517 661 514 942 281 974 332 1268 550 555 315 865 435 796 344 831 342 900 834 581 928 646 1099 949 661 972 283 251 136 438 937 1212 770 737 779 973 1169 614 688 478 1024 935 506 811 1096 559 740 600 883 890 1155 791 965 805 913 538 991 453 954 1019 942 985 1156 429 691 627 589 920 525 306 996 797 257 976 470 642 953 879 1149 924 959 965 629 1066 1012 257 799 365 402 1228 308 370 172 886 690 772 1080 99 291 892 604 532 368 418 962 137 839 668 582
1076 0 37 318 893 348 309 763 19 834 294 710 85 471 724 607 401 720 277 460 223 674 634 587 816 434 244 940 312 569 364 827 773 983 277 752 261 572 256 429 335 626 307 684 486 872 255 273 861 658 430 833 565 756 554 432 400 799 387 531 776 686 874 478 293 191 547 388 427 219 919 608 208 615 804 623 563 459 642 572 370 597 864 280 634 881 939 306 903 160 361 744 395 384 18 245 880 714 381 359 721 79 644 437 127 155 1002 444 320 534 735 198 839 679 264 895 164 568 643 227 621 448 619 452 548 485 552 58 771 1022 302 364 601 818 604 713 404 613 123 624 776 551 326 716 621 588 455 849 321 425 910 523 657 574 178 291 470 828 410 371 815 483 557 630 720 410 695 360 862 524 501 733 526 398 502 892 288 330 379 768 384 314 159 590 364 800 592 881 871 516 307 42 600 641 581 682 868 811 945 744 318 655 648 782 373 657 312 753 306 840 926 613 656 377 780 97 628 774 374 793 829 953 733 257 293 458 511 453 106 315 725 414 599 727 351 585 382 330 585 902 482 234 475 436 324 467 331 891 580 560 660 122 241 797 208 463 655 384 506 503 539 610 894 743 818 916 540 682 629 172 406 391 420 803 385 479 326 90 825 879 746 692 204 780 937 913 390 446 328 313 981 815 562 728 595 872 657 326 962 920 768 671
1100 37 0 316 891 385 286 765 53 826 331 742 57 509 710 639 378 708 313 431 260 703 649 583 837 402 261 958 331 605 340 852 764 1006 314 764 297 579 249 443 333 631 330 685 492 892 241 303 858 640 459 835 603 782 581 470 362 791 425 569 783 717 869 513 331 194 584 392 457 238 930 610 210 642 808 607 555 496 660 607 341 631 892 311 668 905 964 283 923 193 330 743 411 402 52 278 886 708 412 390 723 69 632 464 89 184 1022 482 338 561 765 236 845 689 267 907 132 570 664 191 652 474 630 454 537 478 577 80 803 1046 265 351 630 811 605 742 421 649 136 637 797 574 313 732 602 619 480 857 334 392 914 556 673 558 216 262 467 841 404 405 817 513 595 666 723 380 693 378 859 561 509 748 562 436 536 891 290 368 372 774 419 351 195 571 401 803 625 874 883 523 345 72 636 655 617 695 857 839 935 768 281 666 659 803 411 678 345 774 342 856 918 607 665 368 782 66 615 776 411 817 855 979 748 295 257 460 513 455 127 283 730 445 622 711 342 605 385 305 617 900 510 242 512 408 358 453 367 882 612 544 678 151 224 785 245 435 683 410 519 522 576 642 910 729 814 934 576 697 635 210 401 362 458 791 371 511 303 128 848 875 775 712 167 802 951 939 428 458 360 289 1005 835 552 734 626 886 681 314 989 915 770 680
884 318 316 0 575 474 181 451 307 519 402 648 272 638 432 544 217 417 499 322 430 550 388 269 606 346 160 693 188 586 215 652 462 777 392 477 358 278 73 199 16 323 222 369 191 643 116 284 543 385 351 519 725 595 432 561 488 484 523 656 475 604 556 513 447 128 631 93 371 171 638 295 110 473 496 345 253 571 412 570 267 576 723 297 617 686 757 192 679 440 283 426 190 209 333 318 577 398 358 342 408 247 343 335 339 250 776 544 180 404 639 383 535 399 62 615 263 255 445 311 542 330 341 141 248 172 403 268 688 824 372 109 487 504 291 590 212 634 203 365 561 385 93 474 363 508 324 553 128 359 599 505 418 299 370 249 152 553 99 391 501 405 683 656 409 310 377 191 544 628 213 476 702 530 492 575 44 505 80 466 416 515 313 336 500 488 543 566 592 225 495 354 616 383 601 411 559 663 637 569 386 377 370 569 502 449 352 539 391 589 612 297 367 91 468 275 332 461 568 609 662 782 477 434 330 148 201 142 235 285 420 385 425 442 75 381 78 216 536 584 385 109 618 300 368 192 398 579 509 283 432 261 139 491 422 311 522 289 257 303 691 545 643 450 500 677 716 430 328 354 94 279 584 499 124 432 186 330 627 561 626 482 374 576 666 745 533 193 344 198 784 596 255 425 528 608 487 87 796 603 455 379
746 893 891 575 0 949 668 155 882 150 888 856 845 1105 328 799 610 281 1028 669 962 708 433 309 548 732 685 475 651 922 648 654 206 641 886 327 855 359 642 528 558 297 682 215 425 510 663 766 39 409 706 95 1170 657 671 1013 961 163 990 1082 212 802 86 898 947 702 1025 510 737 707 322 290 684 650 162 406 355 1007 469 891 698 871 762 776 901 623 691 679 543 1000 724 149 565 595 907 819 190 206 766 765 185 822 328 677 904 798 586 977 638 652 797 916 173 331 629 321 818 329 540 841 776 657 361 444 390 420 624 841 846 690 871 561 700 154 295 726 574 959 774 404 523 594 594 436 454 758 640 226 603 758 119 836 447 430 909 742 423 327 490 817 109 723 1104 978 194 710 198 606 54 1041 419 391 1166 992 837 7 606 1003 525 206 839 1028 855 471 973 133 816 134 320 405 1004 928 940 400 936 354 207 714 228 619 878 346 349 532 970 520 815 521 866 427 154 294 315 534 150 845 352 145 1067 615 676 733 393 950 827 439 389 442 803 762 220 770 585 356 558 526 513 680 814 12 694 666 1068 667 825 483 857 171 771 434 472 819 686 237 959 650 681 677 471 542 1136 796 445 320 96 494 1178 410 298 894 493 690 1058 251 546 768 658 893 588 57 749 518 919 555 377 715 1003 496 793 678 669 524 365 224 785 384 605 591 752 92 145 298
865 348 385 474 949 0 582 795 332 945 72 420 418 164 898 338 660 873 143 748 140 447 559 693 657 742 314 814 311 246 637 624 901 798 85 698 117 590 462 422 485 651 275 737 533 729 498 195 928 859 261 865 250 551 362 90 747 912 48 191 771 417 962 160 57 383 199 478 234 304 851 668 398 423 814 819 708 111 544 260 665 295 622 182 322 694 730 585 747 247 665 808 386 355 337 157 864 825 190 186 763 387 805 287 475 250 839 96 324 360 470 149 836 646 416 827 494 634 505 565 363 308 598 539 714 631 390 325 490 824 645 574 384 930 662 477 375 281 333 571 629 408 544 616 838 341 324 822 372 740 921 237 566 774 169 599 589 762 567 139 847 277 218 294 755 711 778 347 937 176 533 652 228 56 217 946 430 69 555 768 125 111 201 811 25 826 315 986 804 546 89 326 272 583 253 635 999 584 1074 555 661 624 618 630 28 527 135 609 86 730 1033 734 645 565 805 432 799 806 122 606 617 730 651 96 627 541 578 542 305 632 737 200 447 912 545 472 486 614 309 954 297 369 144 724 123 667 91 1008 327 758 555 263 500 939 154 745 443 273 479 421 217 343 777 915 903 781 242 604 651 176 562 685 112 951 594 243 597 257 649 956 502 556 553 618 849 693 58 455 155 593 785 666 715 735 333 779 483 540 734 1006 804 663
1064 309 286 181 668 582 0 572 309 575 511 820 229 735 435 714 92 442 563 166 497 730 564 365 785 171 295 862 349 737 56 834 508 955 497 638 466 436 136 381 189 468 376 488 356 818 87 414 631 359 517 633 828 777 609 672 317 542 629 772 615 779 628 656 540 200 762 269 533 292 791 424 189 653 626 328 313 689 591 726 90 737 905 427 778 867 938 11 855 466 102 529 371 386 327 429 713 467 509 490 529 231 368 506 258 332 950 666 345 582 816 456 668 560 200 770 168 389 626 173 715 503 506 296 282 253 583 286 864 1003 209 113 665 561 422 769 392 786 251 537 740 566 95 648 318 680 499 696 300 179 719 663 595 281 438 77 273 712 199 531 617 574 799 806 534 136 473 365 626 751 380 646 796 638 647 670 205 593 164 604 554 590 387 286 604 609 710 623 749 390 576 351 768 555 752 577 594 845 669 751 220 541 534 749 610 630 481 719 508 759 664 373 524 147 592 221 348 581 650 791 844 964 647 516 164 304 350 295 284 108 558 540 607 432 132 563 252 36 703 679 557 233 725 141 498 189 522 625 680 269 611 324 81 521 485 163 702 454 436 485 797 715 813 454 580 849 811 603 475 424 199 106 681 524 124 594 16 366 808 640 805 662 254 756 826 927 636 373 481 16 964 774 304 564 698 772 669 101 978 672 573 533
659 763 765 451 155 795 572 0 750 222 736 709 723 950 339 647 531 285 879 608 815 561 281 209 426 666 543 393 503 767 564 528 235 547 734 195 704 207 522 376 434 145 533 84 281 404 551 616 144 396 551 71 1014 521 516 858 882 207 836 926 84 654 197 742 796 572 869 375 581 566 262 155 555 500 59 377 276 851 319 737 618 717 634 625 748 508 581 584 441 859 644 72 415 443 776 670 147 179 611 611 43 696 295 522 789 656 504 822 490 497 653 770 102 180 499 249 707 195 392 740 624 502 206 311 319 319 470 709 704 598 781 460 548 214 160 583 422 805 641 250 394 440 487 297 430 605 484 149 460 691 148 680 299 384 764 649 306 224 379 662 53 567 948 824 43 639 119 456 161 885 272 255 1010 837 682 151 475 851 415 73 684 877 711 437 820 37 663 240 237 257 853 795 786 248 781 205 293 582 345 481 791 192 195 404 816 373 662 388 714 319 279 217 159 428 19 726 316 11 914 485 549 622 257 800 736 305 252 310 668 675 66 614 432 369 449 373 381 591 660 159 538 531 913 601 672 402 704 275 618 382 325 680 575 283 813 589 533 523 316 386 980 644 352 339 149 402 1023 264 145 749 380 615 904 301 448 612 565 754 466 179 608 375 814 426 312 599 849 346 640 585 571 403 292 72 632 292 458 483 641 231 11 143
1057 19 53 307 882 332 309 750 0 825 277 691 92 459 719 588 401 713 267 463 210 655 617 577 798 440 227 923 294 552 365 808 765 965 260 736 243 557 248 412 324 612 289 671 472 854 251 254 850 654 411 820 554 737 535 418 415 790 373 517 762 667 864 460 278 179 531 375 408 202 903 596 198 596 790 619 555 444 625 554 374 579 845 261 616 863 920 308 885 156 366 732 378 366 26 226 865 705 362 340 709 78 638 418 143 136 984 429 302 515 716 183 825 663 252 879 172 556 625 238 602 429 604 439 542 476 533 42 752 1004 315 359 582 810 591 694 387 595 109 607 758 532 321 698 619 569 436 834 305 432 897 504 639 570 163 297 459 812 401 352 802 464 543 612 707 415 685 343 852 509 487 716 515 384 483 881 276 317 372 754 366 303 141 588 349 787 573 872 855 502 295 46 582 625 563 666 860 792 938 725 331 640 632 764 358 639 293 735 289 822 918 604 641 370 767 106 622 761 364 774 810 934 716 243 303 445 498 441 89 322 711 395 580 723 345 567 370 333 566 890 463 220 461 440 306 463 313 883 561 555 643 103 239 790 196 466 636 366 489 485 526 591 877 738 808 898 529 665 616 156 398 395 408 797 380 460 326 75 807 868 727 674 220 761 921 894 376 430 309 314 963 797 554 714 576 855 638 321 943 911 756 657
872 834 826 519 150 945 575 222 825 0 878 919 775 1107 185 848 504 146 1004 548 936 774 490 255 649 612 654 602 635 957 546 750 69 762 873 417 840 372 578 526 503 318 670 226 412 623 588 753 116 272 724 205 1180 741 714 1018 847 34 989 1097 304 864 68 919 934 648 1048 475 754 673 455 282 629 707 263 276 271 1017 531 929 589 914 857 764 948 730 802 585 659 958 615 163 560 592 850 802 323 122 774 769 223 758 209 696 825 761 714 987 622 691 868 889 292 394 579 450 737 311 604 748 828 677 403 409 293 349 667 787 920 813 767 479 752 15 287 798 573 998 723 455 616 636 515 518 319 806 661 348 578 639 264 868 513 310 879 644 371 440 423 823 207 751 1121 1018 238 594 170 597 96 1059 415 477 1170 993 866 156 557 992 454 294 846 1011 822 341 970 225 862 47 444 404 989 872 979 458 971 422 71 804 133 701 773 401 402 626 968 587 810 609 859 538 92 221 364 458 231 773 233 217 1056 707 771 843 479 930 725 406 367 406 755 659 283 784 638 210 484 575 472 581 858 161 722 622 1075 549 823 386 855 63 817 317 539 778 608 88 930 529 744 684 487 568 1146 846 566 174 75 616 1183 482 323 863 427 579 1057 101 460 795 563 848 688 95 825 593 830 648 510 821 1002 493 791 583 789 625 275 291 833 504 671 513 863 102 211 351
856 294 331 402 888 72 511 736 277 878 0 434 358 236 827 340 588 803 158 677 120 436 512 625 630 673 241 782 243 277 565 609 833 780 17 650 44 529 390 360 413 591 208 675 467 700 427 125 865 787 221 806 323 535 337 161 690 844 121 261 716 421 897 185 61 312 258 408 200 231 808 603 326 400 757 746 637 178 501 283 595 313 620 113 346 675 718 515 721 223 596 745 322 292 286 84 812 758 149 138 702 324 734 244 420 180 816 157 256 329 474 106 781 593 344 784 431 569 470 503 361 264 543 471 643 559 357 264 501 810 583 501 368 863 598 470 314 318 265 521 599 371 471 575 765 334 279 771 302 672 866 244 522 701 122 531 518 717 495 108 788 251 288 335 694 642 712 282 874 242 469 608 300 128 223 885 357 115 482 713 107 144 138 738 97 768 321 920 760 482 119 279 306 534 287 585 930 576 1007 535 600 571 565 602 100 491 75 578 25 694 967 665 589 492 747 372 727 747 179 586 605 723 608 82 564 472 511 473 239 565 679 170 414 840 472 430 415 544 314 893 266 296 217 653 70 594 50 941 322 685 514 197 430 870 130 674 427 219 422 370 290 345 743 843 838 750 314 559 590 123 490 615 183 881 521 226 525 205 627 892 498 522 498 592 809 684 130 391 100 522 770 637 644 678 332 740 457 467 728 942 744 607
476 710 742 648 856 420 820 709 691 919 434 0 752 465 956 106 866 913 564 971 551 148 429 724 362 990 533 524 471 186 862 277 905 440 450 533 454 561 684 470 648 604 448 694 565 436 735 442 853 957 303 761 466 225 224 397 1077 895 417 384 645 54 906 260 471 638 305 587 293 544 627 654 642 213 695 919 777 366 390 162 910 125 225 432 108 351 355 828 435 657 921 757 462 439 706 464 702 825 331 353 697 713 868 314 826 561 501 351 474 252 76 540 695 528 620 609 808 641 317 881 106 317 516 613 806 726 265 665 71 449 960 754 173 908 649 137 440 180 634 464 362 294 741 423 957 139 324 656 521 999 780 189 410 887 555 870 672 561 699 339 748 246 388 185 683 955 756 456 870 342 548 468 495 408 211 851 616 485 709 650 329 527 552 941 425 724 117 946 592 552 508 704 173 462 187 503 988 212 1050 256 977 519 517 356 412 336 398 353 414 483 987 770 555 727 709 765 874 718 511 288 260 341 467 508 929 609 610 616 623 907 643 298 282 980 721 346 605 856 125 857 263 591 417 948 387 807 387 979 139 874 384 591 750 953 563 960 176 365 461 378 444 104 507 967 853 486 499 446 599 552 694 924 457 969 766 234 829 628 333 888 131 340 899 334 599 310 427 495 382 835 417 383 792 636 121 540 251 735 338 940 720 569
1089 85 57 272 845 418 229 723 92 775 358 752 0 551 655 647 321 654 360 375 302 701 625 535 821 349 244 934 317 625 282 843 712 991 341 733 319 543 202 417 289 593 322 641 456 872 187 310 811 584 459 791 645 775 578 505 332 740 461 606 745 723 819 535 366 160 615 354 461 224 899 567 172 636 768 551 504 530 638 624 285 646 890 319 684 892 954 225 905 246 275 697 388 384 103 295 848 657 420 398 680 39 578 460 79 191 1004 513 322 555 769 272 806 657 229 875 80 528 649 147 657 468 598 412 484 428 569 93 809 1033 226 297 628 759 563 741 401 671 122 610 780 563 260 709 545 623 472 821 309 340 872 570 650 502 252 206 421 810 355 420 774 515 632 689 681 325 646 359 811 595 474 721 607 471 550 845 252 408 321 736 436 395 219 514 436 761 634 822 851 488 387 126 656 628 638 665 804 834 881 758 243 635 627 786 445 660 360 756 365 831 867 557 630 316 741 14 561 733 456 806 847 971 722 333 211 419 473 413 128 230 691 454 610 655 290 587 345 248 627 854 509 213 551 352 375 398 388 830 617 488 657 164 169 732 288 379 679 406 492 504 617 649 886 673 765 912 621 671 597 243 352 306 499 737 317 518 246 165 834 826 775 695 147 786 922 932 464 429 372 231 992 817 500 695 633 859 671 261 982 865 727 644
938 471 509 638 1105 164 735 950 459 1107 236 465 551 0 1063 414 818 1038 200 901 248 537 700 856 764 890 478 927 475 280 791 712 1065 886 246 838 280 747 622 582 649 808 439 896 694 839 655 360 1086 1023 402 1018 94 643 481 92 867 1074 117 93 919 481 1122 235 195 541 163 642 373 467 983 828 557 534 964 983 872 109 680 308 816 347 687 347 357 786 809 738 852 331 813 967 547 515 457 320 1009 988 338 340 919 525 970 431 595 404 937 135 488 486 531 282 983 792 579 960 630 795 631 698 443 451 748 703 879 795 517 463 536 905 774 736 487 1092 822 558 534 289 484 717 743 540 704 747 1001 432 469 965 537 885 1070 321 702 938 301 745 753 897 732 287 1001 402 108 291 911 860 939 509 1096 124 693 787 63 113 307 1101 593 143 719 918 266 158 348 974 139 979 388 1147 938 705 164 440 292 727 277 779 1162 661 1237 656 790 772 767 743 139 654 297 725 250 853 1194 898 796 729 959 565 963 961 100 703 701 802 786 220 763 705 740 706 453 775 889 338 572 1076 708 608 651 766 384 1110 428 532 47 877 284 830 252 1170 416 922 688 411 654 1103 263 899 541 427 634 568 69 419 896 1079 1062 892 77 742 807 313 727 836 54 1115 756 360 751 385 749 1115 574 679 672 727 974 768 106 615 315 746 869 777 880 887 415 906 596 701 801 1165 959 814
994 724 710 432 328 898 435 339 719 185 827 956 655 1063 0 871 352 54 932 375 862 820 547 232 743 439 587 732 589 958 395 835 122 880 819 518 785 397 474 509 419 365 626 294 398 734 469 703 290 90 714 356 1145 810 736 980 678 165 946 1069 422 903 252 904 876 553 1031 422 742 602 599 306 534 745 395 108 192 985 588 934 430 927 936 716 964 830 905 443 773 865 455 267 534 566 742 745 473 160 750 739 317 645 93 688 693 683 842 956 577 710 917 816 434 469 494 588 603 315 657 602 856 674 454 367 185 267 692 685 970 933 608 360 783 176 311 851 553 1003 628 509 705 662 398 598 139 828 659 486 526 467 431 869 576 154 803 495 311 561 334 793 349 753 1094 1024 332 427 230 564 274 1035 411 567 1127 951 862 334 476 935 355 409 818 947 745 166 924 359 879 224 577 405 927 765 983 518 973 498 171 878 239 772 611 467 465 715 924 645 767 692 812 652 253 186 429 351 355 650 100 340 998 789 854 944 568 866 568 367 350 363 662 503 380 767 677 30 376 613 412 432 874 341 725 542 1037 380 782 256 814 211 837 166 602 692 485 101 855 357 789 662 496 581 1111 869 690 18 235 738 1141 554 372 787 339 416 1010 97 339 793 420 756 780 277 882 661 685 734 651 916 956 478 753 439 903 722 183 389 854 630 723 398 962 285 331 423
530 607 639 544 799 338 714 647 588 848 340 106 647 414 871 0 762 830 481 866 460 125 366 638 358 885 426 523 365 143 757 298 828 472 355 486 356 481 578 373 545 530 341 621 475 434 629 336 792 865 197 704 436 230 135 333 970 821 344 346 591 81 841 185 384 531 270 487 186 438 603 575 535 150 640 826 686 307 331 111 804 77 284 328 101 372 397 722 442 564 815 688 361 337 604 362 660 747 227 248 630 607 780 209 722 456 524 285 369 160 133 445 646 467 514 582 702 557 262 774 30 214 445 518 713 631 181 561 164 492 854 652 99 836 569 144 339 166 528 396 344 212 637 379 863 42 223 614 416 893 734 100 353 793 458 764 578 527 599 239 690 140 357 183 616 850 681 353 807 301 460 424 455 337 120 794 511 406 608 594 233 448 451 845 347 666 25 878 563 465 427 603 150 398 153 445 915 249 980 247 870 454 451 342 336 285 297 330 319 463 922 684 488 626 649 660 784 656 442 292 287 394 423 418 822 515 521 521 518 801 580 193 214 893 618 274 504 750 29 801 159 485 366 844 287 708 291 910 35 779 330 487 644 875 471 856 136 259 374 289 408 5 498 882 786 487 462 392 525 454 595 819 395 890 664 128 723 527 338 825 164 298 794 323 584 358 356 400 279 729 455 374 701 575 16 519 206 631 396 878 658 504
1071 401 378 217 610 660 92 531 401 504 588 866 321 818 352 762 0 365 651 105 583 764 568 321 792 144 360 853 403 799 43 852 435 959 575 623 543 425 200 407 217 446 434 448 356 817 163 483 571 271 569 586 909 800 648 750 352 473 709 849 584 821 561 722 622 277 834 288 587 362 767 393 262 686 588 244 258 765 600 785 88 793 931 497 834 877 951 96 856 557 113 480 405 426 419 505 676 404 571 553 489 323 295 553 346 413 948 741 396 620 854 541 631 548 256 748 258 364 644 249 760 548 499 293 219 218 617 376 904 1009 262 112 703 490 392 803 427 848 336 537 748 596 125 649 228 726 541 665 346 165 672 721 600 199 524 142 253 694 189 598 571 623 876 869 497 111 423 409 565 826 380 641 879 717 706 613 253 676 164 572 622 676 471 196 684 567 760 551 727 387 661 443 830 554 814 568 517 870 590 771 269 531 525 757 689 645 552 727 583 752 591 319 508 145 551 313 272 539 735 807 864 980 642 600 220 300 337 291 370 154 527 599 632 347 146 582 269 80 754 621 603 298 805 85 569 129 595 550 727 189 619 409 166 443 572 93 734 506 450 511 877 763 803 371 518 843 894 602 453 510 192 84 763 444 106 649 75 456 819 576 839 674 332 767 806 944 716 392 548 90 971 779 245 534 746 758 694 131 995 604 530 515
940 720 708 417 281 873 442 285 713 146 803 913 654 1038 54 830 365 0 915 402 846 775 499 191 691 466 567 678 562 921 408 784 77 827 796 465 762 352 465 474 402 316 599 242 360 681 467 678 242 128 679 303 1118 761 694 953 703 120 920 1040 368 859 211 871 855 542 999 395 708 583 545 259 523 700 341 130 166 957 540 897 448 888 886 691 925 778 853 451 720 855 473 213 502 534 737 722 420 106 719 709 263 641 75 653 698 667 789 928 550 669 871 799 380 418 479 534 608 272 610 613 814 637 406 336 171 246 649 677 924 879 627 357 740 134 264 804 519 966 617 461 653 620 394 547 174 787 622 432 501 494 380 832 527 167 787 507 284 507 318 764 296 716 1065 987 278 450 177 534 228 1005 372 515 1102 925 827 286 459 913 343 355 788 928 729 195 899 305 839 190 523 364 907 760 946 469 937 446 152 829 227 723 631 417 415 663 899 597 741 641 787 598 226 146 379 342 301 651 94 286 977 739 803 892 516 846 585 336 312 333 651 519 327 734 632 84 368 568 387 444 834 294 688 525 1011 404 755 256 787 184 796 176 553 679 484 78 839 384 743 630 456 540 1084 828 636 57 186 685 1116 504 323 771 322 436 986 83 336 757 429 745 728 233 835 612 696 683 597 865 932 442 726 448 849 670 162 336 813 576 676 393 910 248 277 372
1006 277 313 499 1028 143 563 879 267 1004 158 564 360 200 932 481 651 915 0 725 69 587 668 748 788 706 350 941 376 386 620 763 954 935 152 805 177 672 466 503 514 733 346 813 602 858 489 263 1003 881 380 950 292 689 494 190 668 970 154 275 865 561 1030 303 100 384 315 528 358 332 965 739 402 557 905 842 749 224 659 403 636 438 765 256 464 831 870 564 879 131 631 881 464 437 261 209 964 882 308 296 843 340 843 403 397 249 973 224 389 487 614 116 931 746 437 941 440 702 629 504 505 422 693 595 748 669 516 279 634 963 578 584 521 989 733 619 459 417 315 675 758 530 549 734 852 482 437 924 427 699 1014 381 680 794 129 562 635 874 598 264 932 408 299 428 837 679 844 422 1009 282 608 765 250 164 360 1025 456 82 578 861 258 44 187 823 140 912 459 1048 917 622 56 242 411 689 392 739 1051 725 1129 691 594 723 716 760 152 650 232 736 184 852 1095 786 738 584 891 373 832 890 100 742 757 872 765 80 570 598 642 597 281 589 826 327 573 942 560 589 532 591 452 1034 424 390 215 701 229 685 206 1067 468 779 672 244 484 987 79 725 580 374 570 526 269 486 901 950 971 909 263 715 734 145 593 657 156 997 605 379 579 198 784 1028 644 681 473 750 967 834 148 533 258 571 924 796 753 825 476 898 614 546 876 1075 887 756
1172 460 431 322 669 748 166 608 463 548 677 971 375 901 375 866 105 402 725 0 660 870 670 403 894 64 457 948 505 899 113 956 478 1060 663 717 633 523 296 512 323 538 535 529 458 916 252 579 629 286 672 657 994 905 753 838 302 519 796 939 669 927 610 820 706 366 928 393 690 457 854 482 354 791 667 272 332 856 702 886 89 895 1036 592 936 980 1053 163 955 620 103 551 511 531 478 596 756 463 671 652 568 386 342 657 379 498 1045 832 499 725 960 621 710 644 356 836 300 456 749 265 865 653 597 395 289 309 722 446 1010 1110 245 218 809 535 481 908 533 948 416 638 850 702 229 750 236 831 646 749 450 92 743 822 702 239 602 169 351 786 292 695 644 727 966 969 578 58 494 514 620 918 482 738 962 805 807 672 356 758 270 656 718 754 553 209 771 642 864 592 817 488 741 501 930 654 914 665 547 975 613 875 244 628 622 859 777 749 646 830 674 848 627 391 603 250 628 364 317 615 814 911 968 1084 740 681 212 402 435 394 448 156 612 700 738 361 251 687 375 134 857 681 708 395 891 24 663 212 688 584 832 235 722 489 247 475 647 19 840 609 554 617 963 867 899 392 574 940 976 702 545 589 295 68 847 472 211 751 152 527 921 629 944 778 343 870 896 1048 803 497 645 155 1072 880 316 620 850 851 799 235 1099 650 606 608
976 223 260 430 962 140 497 815 210 936 120 551 302 248 862 460 583 846 69 660 0 557 613 680 747 644 282 895 312 384 553 729 884 899 108 749 123 608 397 440 444 669 283 747 536 814 421 203 936 811 335 886 343 655 455 213 621 901 170 310 804 541 962 294 82 314 334 460 317 263 911 672 332 519 842 772 680 243 607 395 572 428 741 197 458 794 839 498 838 107 568 815 401 375 209 148 904 814 265 250 778 278 773 355 348 179 933 234 324 445 593 46 870 686 368 886 381 635 582 449 482 373 632 527 678 599 472 216 619 930 525 514 488 920 667 591 398 420 247 617 714 483 479 682 783 455 387 865 359 638 952 362 627 725 60 499 566 819 528 228 868 370 335 434 772 616 777 359 943 307 543 712 305 181 341 960 386 107 508 800 228 94 117 754 148 849 440 980 862 557 84 194 411 632 392 681 982 697 1060 653 542 664 657 717 160 602 184 692 145 803 1027 717 677 514 828 316 762 826 154 705 725 844 712 44 514 530 575 529 213 528 763 289 527 872 491 538 463 526 433 969 382 320 252 636 186 615 171 998 443 709 621 175 417 917 15 660 547 320 510 470 316 464 854 880 903 864 319 661 670 75 524 593 197 927 535 347 513 137 745 961 619 634 425 708 916 805 170 469 210 505 890 752 684 763 453 847 574 477 849 1008 822 695
419 674 703 550 708 447 730 561 655 774 436 148 701 537 820 125 764 775 587 870 557 0 283 589 233 897 463 399 393 268 766 177 762 352 449 385 442 423 597 357 547 462 380 550 439 310 650 401 705 827 243 612 561 106 124 454 1010 750 460 471 496 94 759 304 487 566 395 477 249 480 487 515 566 79 546 790 647 429 243 235 818 200 190 396 214 249 283 739 317 656 832 611 359 344 674 439 555 684 300 319 551 661 735 240 779 519 400 406 393 149 97 534 547 381 533 467 746 505 170 815 94 234 372 492 679 604 147 622 150 376 891 651 72 763 510 40 338 286 579 319 223 169 644 275 832 107 234 509 430 909 632 217 262 762 545 788 550 416 586 329 599 192 482 300 536 861 613 365 722 426 419 321 580 454 234 702 525 517 601 501 330 558 527 818 460 576 150 799 449 421 536 678 272 316 277 355 843 140 904 123 908 372 372 220 449 188 379 211 412 344 840 634 410 621 561 713 742 570 558 167 169 286 319 518 856 487 481 495 576 826 495 270 143 845 618 206 496 765 153 708 192 514 489 849 373 691 386 833 122 750 236 552 668 811 566 857 31 295 333 256 533 120 375 830 707 362 587 298 456 538 582 830 515 827 660 209 737 603 213 740 76 192 846 199 463 248 472 377 356 746 337 250 663 489 121 401 103 637 292 792 573 423
502 634 649 388 433 559 564 281 617 490 512 429 625 700 547 366 568 499 668 670 613 283 0 323 224 711 390 309 325 491 583 295 480 391 516 138 492 157 456 207 377 182 340 267 212 254 504 411 426 567 299 338 754 263 238 608 876 467 593 664 227 374 477 477 574 465 601 295 328 414 297 241 455 218 276 533 390 595 41 459 641 438 391 416 467 310 385 575 291 684 661 328 238 252 642 466 308 403 369 375 268 588 467 272 702 492 387 566 315 222 378 574 287 101 403 272 641 240 113 697 343 251 92 274 429 369 193 576 430 440 760 461 267 479 237 308 230 526 513 38 179 165 469 85 580 325 235 264 316 730 375 407 32 514 575 636 320 205 379 420 324 301 683 545 253 677 331 274 442 621 188 100 757 592 411 428 385 623 406 229 437 657 532 571 581 300 383 517 248 181 632 654 507 33 504 80 560 332 621 226 774 89 88 189 575 98 437 160 487 206 558 365 126 426 283 632 479 290 682 249 312 417 100 588 718 267 237 276 528 671 215 363 151 574 433 95 312 595 380 435 273 411 659 653 442 466 471 550 338 503 55 523 527 529 616 654 253 294 133 143 721 363 261 555 424 290 768 48 175 562 376 647 660 546 462 346 565 594 252 460 337 115 751 201 306 384 607 198 412 580 402 211 408 209 352 238 180 462 434 512 292 140
801 587 583 269 309 693 365 209 577 255 625 724 535 856 232 638 321 191 748 403 680 589 323 0 534 459 398 557 381 729 354 618 208 686 619 327 586 168 334 284 252 150 417 126 169 539 354 499 275 243 488 268 933 586 504 769 672 221 739 853 266 671 287 681 679 397 810 219 517 418 452 88 379 513 266 210 74 771 364 705 409 696 715 511 733 622 698 376 579 704 434 164 313 345 602 547 355 133 530 522 167 514 145 461 595 506 661 741 369 478 686 633 309 262 326 435 509 84 430 536 624 445 233 154 118 112 459 537 740 738 573 254 551 240 90 621 329 774 471 285 493 430 285 386 259 596 430 346 323 483 353 641 354 198 623 442 117 388 180 577 252 524 877 795 175 431 110 348 275 817 180 362 920 743 635 310 304 738 215 253 601 756 566 255 718 245 648 300 416 173 734 623 754 297 745 288 305 656 382 549 582 253 249 503 717 420 558 477 607 463 347 45 219 225 229 536 155 217 802 571 635 734 363 675 528 152 121 151 502 466 210 544 446 256 249 382 216 382 643 319 496 368 827 393 572 193 605 318 605 190 379 523 376 248 675 384 558 441 264 349 899 637 509 244 231 554 933 339 158 607 183 406 805 261 241 565 357 595 568 291 653 439 612 519 496 704 750 251 541 377 705 516 92 218 622 456 494 282 752 334 209 219
279 816 837 606 548 657 785 426 798 649 630 362 821 764 743 358 792 691 788 894 747 233 224 534 0 935 577 165 506 501 806 106 657 171 639 231 624 376 670 412 596 384 509 449 436 76 720 561 557 776 411 456 794 136 294 677 1093 633 677 703 345 316 616 529 688 667 628 515 430 600 271 447 660 233 391 745 606 655 193 469 863 434 214 560 446 87 163 796 91 835 883 492 435 437 821 610 369 588 482 497 433 783 673 393 900 664 187 630 500 301 288 715 375 274 613 256 848 456 173 908 327 377 304 498 647 591 275 759 326 218 976 684 277 641 444 226 420 519 703 257 44 268 690 148 794 332 366 325 516 953 450 443 191 730 721 855 544 223 603 524 448 380 715 532 417 901 515 461 577 658 412 176 810 673 457 542 596 726 629 355 532 765 690 788 673 427 382 663 243 405 741 830 505 242 510 247 720 172 767 110 990 281 285 36 663 160 562 66 605 128 696 572 316 649 418 831 687 431 775 75 129 200 175 712 935 491 460 500 711 891 369 461 221 772 656 233 532 817 384 545 364 611 717 877 561 689 581 700 349 721 174 697 742 706 753 878 223 438 348 317 765 353 145 748 575 129 818 196 377 711 600 870 737 724 686 414 787 761 39 592 232 126 956 38 237 173 690 412 536 801 179 24 624 360 352 184 174 683 219 640 437 321
1214 434 402 346 732 742 171 666 440 612 673 990 349 890 439 885 144 466 706 64 644 897 711 459 935 0 466 997 520 908 131 992 542 1103 658 767 629 570 307 543 350 589 547 585 499 961 258 583 692 350 689 717 983 939 778 832 238 583 789 933 724 949 674 825 697 368 928 426 704 462 908 535 358 819 725 336 390 852 742 897 81 909 1068 596 950 1020 1093 164 1000 595 76 610 537 554 452 594 813 525 680 661 626 366 405 676 340 492 1092 830 516 750 984 608 768 692 371 889 270 507 784 223 885 674 643 437 348 360 750 428 1033 1152 189 251 833 599 534 936 558 956 408 681 891 731 253 793 301 851 669 804 470 27 804 834 744 302 588 144 398 837 332 701 703 745 960 977 634 35 554 535 683 915 523 785 949 798 818 735 374 746 306 712 723 738 543 273 764 701 881 657 870 531 727 474 939 698 922 712 611 1007 677 910 186 675 669 899 770 786 649 870 672 896 691 450 652 286 686 337 381 673 799 948 1004 1121 786 669 163 444 481 435 437 119 667 711 769 425 282 721 407 135 874 743 727 404 883 65 666 265 688 649 851 298 762 479 247 539 631 82 868 625 591 648 953 886 947 457 636 987 963 746 596 576 335 67 836 536 249 766 161 508 961 692 972 816 296 909 949 1085 795 531 650 156 1114 923 375 675 869 901 831 259 1136 714 665 658
844 244 261 160 685 314 295 543 227 654 241 533 244 478 587 426 360 567 350 457 282 463 390 398 577 466 0 697 72 442 344 598 603 747 232 510 198 341 161 186 171 399 85 470 261 630 208 124 658 545 229 614 564 531 339 400 548 619 362 496 544 497 681 362 288 105 475 178 240 24 677 395 109 394 577 505 400 411 399 431 385 443 649 138 484 647 709 302 662 316 393 536 151 141 252 157 647 532 214 194 504 205 496 224 324 113 761 385 77 314 539 235 609 439 105 653 283 356 404 353 431 228 380 245 403 321 326 186 583 788 430 263 392 638 389 503 160 490 125 381 536 318 236 472 523 396 230 613 83 472 686 368 413 459 225 338 285 586 254 238 596 287 523 511 500 432 496 116 663 469 271 489 541 369 352 683 116 347 241 538 261 361 170 497 339 578 419 698 629 286 340 266 473 398 456 441 701 592 778 513 446 415 408 542 341 417 193 513 230 596 745 435 420 251 557 255 487 554 411 561 603 727 489 279 397 249 296 247 137 375 497 245 366 599 233 344 181 331 412 693 275 62 457 433 210 353 238 716 393 444 417 139 220 637 277 451 439 169 263 261 530 428 650 605 623 673 556 438 401 210 249 402 424 647 282 302 307 213 589 681 538 452 385 542 694 688 372 206 188 309 747 574 406 498 411 628 427 231 738 727 549 436
271 940 958 693 475 814 862 393 923 602 782 524 934 927 732 523 853 678 941 948 895 399 309 557 165 997 697 0 629 667 874 251 628 167 790 231 771 427 763 516 681 411 639 445 506 89 809 700 494 782 560 397 959 300 451 839 1179 595 837 868 310 480 555 692 841 775 793 599 582 721 155 470 765 394 341 757 631 818 298 634 932 600 344 702 611 186 233 874 93 976 954 465 547 556 947 753 284 572 633 645 416 898 678 539 1012 794 111 793 620 454 448 860 310 304 713 154 950 492 312 1004 493 521 356 566 675 638 425 883 481 215 1064 754 441 598 470 391 536 685 821 328 184 412 767 225 809 497 508 254 625 1018 361 607 284 754 864 937 599 171 668 678 395 536 881 697 401 965 504 580 516 823 482 216 975 833 620 468 693 883 699 322 688 921 827 810 832 379 548 604 158 472 896 959 671 310 676 286 671 320 703 276 1078 322 328 184 822 292 710 205 756 103 629 584 345 718 379 942 697 394 934 236 272 275 216 863 1021 559 516 567 834 970 355 615 368 762 730 360 615 891 550 469 517 721 881 934 712 736 734 642 514 747 280 826 832 674 899 931 388 577 442 438 930 519 49 733 527 37 983 263 403 853 666 935 899 691 751 573 861 894 190 528 393 260 1060 201 102 271 850 507 685 878 198 150 649 346 517 102 332 761 294 568 402 340
772 312 331 188 651 311 349 503 294 635 243 471 317 475 589 365 403 562 376 505 312 393 325 381 506 520 72 629 0 398 393 526 590 675 238 451 206 296 213 129 193 357 37 436 226 560 264 118 626 557 168 574 556 459 269 391 617 601 358 480 495 432 656 327 299 173 448 167 185 93 617 363 173 323 531 516 397 396 330 383 439 390 578 129 431 575 637 357 591 365 449 505 91 72 318 168 596 514 171 155 466 278 496 158 396 167 691 367 12 244 472 267 560 382 149 592 354 327 333 422 367 159 325 228 408 323 254 254 518 716 498 297 323 620 357 433 94 446 197 319 465 246 277 404 541 332 159 560 63 528 641 318 346 474 262 399 278 525 266 207 556 225 506 467 460 485 470 50 634 448 231 425 539 362 304 648 149 357 262 489 232 378 212 517 337 537 360 677 568 245 355 330 428 336 413 381 687 521 763 441 514 359 352 471 336 346 178 442 225 529 724 422 368 277 516 327 491 514 421 489 531 655 425 299 463 229 268 230 205 437 451 197 293 604 264 273 177 385 353 657 209 121 448 481 193 373 225 698 331 458 348 198 279 627 310 496 368 105 204 191 521 366 583 605 596 604 553 373 358 247 261 454 424 639 312 246 359 270 517 652 469 381 457 470 630 616 369 157 164 364 675 504 406 452 349 563 354 271 666 701 510 385
658 569 605 586 922 246 737 767 552 957 277 186 625 280 958 143 799 921 386 899 384 268 491 729 501 908 442 667 398 0 786 438 929 610 294 619 308 584 603 448 591 639 365 732 560 578 650 326 910 941 244 828 293 372 252 211 958 927 235 204 718 201 956 92 301 540 127 549 218 446 744 676 549 287 767 900 767 180 460 32 827 68 407 314 79 512 531 744 585 491 833 800 426 396 562 330 794 848 228 247 745 589 865 269 693 435 665 167 406 269 251 382 776 591 543 723 692 653 396 766 173 284 561 593 788 703 297 533 257 626 846 695 235 943 671 283 406 48 517 517 488 327 674 515 931 174 299 748 459 912 865 88 483 862 400 775 651 665 658 209 813 205 214 69 733 874 787 404 924 161 550 559 315 225 96 917 546 305 659 720 189 347 410 910 246 789 119 990 702 558 330 556 31 522 15 571 1020 382 1090 391 863 575 572 485 233 420 266 472 263 605 1035 775 607 675 771 639 865 777 326 435 425 522 558 340 821 591 609 596 499 811 701 200 343 978 662 396 564 773 118 924 234 504 232 875 250 767 238 1019 158 847 462 461 660 974 397 892 279 301 470 388 266 148 641 971 899 630 321 523 635 401 653 844 271 988 711 164 749 481 481 943 296 437 770 466 726 488 244 480 259 751 591 517 780 697 150 661 346 668 521 995 777 624
1085 364 340 215 648 637 56 564 365 546 565 862 282 791 395 757 43 408 620 113 553 766 583 354 806 131 344 874 393 786 0 862 477 975 552 647 521 446 183 411 218 471 423 480 372 835 139 466 610 314 561 621 884 808 647 727 317 514 684 827 614 819 602 707 596 254 815 295 578 343 794 422 241 688 620 287 294 744 613 774 57 784 937 479 825 890 963 57 873 522 80 515 406 424 382 483 708 443 558 539 521 287 336 548 304 387 966 720 388 619 854 512 662 570 244 774 216 390 654 206 756 544 519 310 258 247 619 342 903 1024 222 122 703 532 420 805 427 835 307 554 762 599 121 666 271 722 539 694 341 146 707 710 615 242 494 99 276 719 206 582 606 617 854 856 528 96 458 405 604 805 396 660 852 693 695 651 245 649 177 602 605 647 443 239 660 600 754 593 753 404 633 406 817 571 801 588 559 876 632 779 230 552 545 771 665 656 533 741 562 772 633 356 531 157 584 274 314 572 706 817 873 991 661 572 179 317 358 308 340 114 556 587 638 390 151 590 276 37 747 660 599 282 780 88 550 165 575 592 722 231 633 380 136 485 541 108 737 498 460 516 852 758 825 414 557 863 867 620 478 481 208 64 737 487 123 640 40 423 831 616 841 686 289 780 832 954 692 400 532 50 985 795 283 563 741 781 700 128 1005 645 564 539
249 827 852 652 654 624 834 528 808 750 609 277 843 712 835 298 852 784 763 956 729 177 295 618 106 992 598 251 526 438 862 0 754 174 620 332 610 453 711 453 645 471 522 543 500 168 763 559 661 861 402 561 731 73 277 631 1134 733 638 643 448 240 720 481 662 695 565 566 414 619 375 532 692 213 495 828 686 605 257 407 917 369 107 556 373 74 112 845 159 825 935 591 469 463 829 603 475 682 466 484 531 803 760 390 922 671 226 583 522 293 200 703 481 365 650 361 878 536 207 943 269 378 385 561 725 662 274 772 230 201 1015 741 241 742 529 154 450 448 721 332 133 280 742 236 875 284 372 432 548 1008 557 394 264 810 712 901 612 330 664 501 553 359 652 458 515 957 609 487 681 599 477 273 753 632 411 647 637 694 687 457 504 735 688 867 637 531 324 766 350 473 712 835 436 320 445 337 821 69 871 85 1030 368 370 123 626 207 547 142 584 234 801 658 405 707 521 853 773 533 736 46 22 130 271 691 976 555 531 563 724 937 468 440 233 863 710 271 585 868 328 651 350 641 665 937 543 758 559 802 299 799 240 705 783 804 737 941 182 442 401 350 705 293 243 841 677 213 760 280 463 704 661 926 692 821 745 383 838 762 67 697 146 180 984 102 337 92 650 461 523 850 161 131 704 459 297 289 171 735 143 745 539 412
895 773 764 462 206 901 508 235 765 69 833 905 712 1065 122 828 435 77 954 478 884 762 480 208 657 542 603 628 590 929 477 754 0 782 827 426 794 347 517 489 446 300 626 213 374 639 524 707 168 205 691 239 1141 738 692 977 777 43 947 1060 320 850 133 886 887 590 1014 426 721 621 488 253 571 691 286 207 209 978 522 902 520 890 859 719 926 741 815 517 677 902 546 165 520 552 790 755 358 80 737 730 223 696 140 663 760 708 739 949 577 668 858 837 322 391 523 479 671 276 594 680 810 646 389 362 228 290 646 728 910 834 698 414 734 57 258 789 535 972 665 443 622 616 451 518 251 785 631 376 531 570 310 840 506 241 827 576 318 460 364 784 235 723 1084 993 239 525 148 556 152 1023 380 482 1128 951 836 212 501 945 393 308 808 963 769 272 927 249 839 116 470 371 941 812 952 448 944 419 97 804 175 699 703 393 393 631 926 579 767 612 815 555 156 168 355 396 249 709 163 233 1010 710 775 855 483 881 656 360 326 359 698 590 287 749 622 150 422 558 421 512 835 218 694 567 1035 479 780 319 813 118 795 248 532 723 543 49 878 459 731 647 458 542 1107 826 588 114 114 638 1141 478 306 811 368 509 1014 66 395 765 495 792 695 156 818 589 762 652 542 831 959 455 749 515 807 635 211 296 812 527 661 450 874 171 226 345
