108
0 445 659 614 563 820 240 606 273 539 656 368 478 344 360 669 673 434 171 772 419 452 550 762 319 855 427 902 205 169 345 911 806 444 781 482 228 748 732 348 816 483 574 382 589 291 740 373 619 338 698 398 118 261 627 227 108 475 779 416 364 291 283 701 709 543 204 739 703 435 553 367 668 280 217 293 270 617 889 678 752 549 545 605 638 351 631 589 457 528 146 434 590 657 401 98 72 187 177 241 674 225 853 309 585 396 883 39
445 0 253 551 122 380 401 200 575 241 278 509 71 246 457 647 392 141 513 735 359 545 279 369 295 461 93 459 649 571 506 467 367 345 360 404 664 311 473 356 374 257 214 460 584 272 708 574 214 129 312 424 341 256 392 416 447 141 333 424 361 248 198 600 499 338 395 295 290 248 174 150 344 185 615 284 179 350 450 511 558 502 124 392 395 185 659 481 258 334 373 464 146 556 460 348 375 267 542 680 346 669 411 298 414 405 468 439
659 253 0 773 216 192 653 307 710 432 383 586 283 498 532 593 546 378 755 656 393 586 472 419 548 208 233 278 863 750 759 296 307 583 359 639 855 279 298 435 294 244 100 712 555 403 637 662 316 322 392 475 542 508 267 553 683 186 237 463 430 389 448 807 355 274 544 163 335 484 106 403 155 378 851 537 417 218 253 396 411 732 128 287 262 437 633 699 270 547 550 711 146 474 513 568 587 471 781 900 150 871 229 552 620 654 224 662
614 551 773 0 558 805 375 487 880 344 445 918 496 344 885 1153 297 409 504 1251 850 987 306 505 328 962 632 846 715 781 306 838 660 215 582 155 805 619 1025 811 685 795 762 239 1078 709 1221 954 485 596 469 884 615 409 941 775 516 690 693 894 823 686 446 90 1048 879 745 715 526 304 721 420 893 600 589 358 506 901 860 1054 1107 65 659 938 945 395 1144 76 788 226 683 182 628 1084 909 564 595 591 528 707 893 776 816 335 161 219 941 576
563 122 216 558 0 283 489 104 696 215 189 621 93 313 568 724 338 181 616 805 455 649 256 262 367 407 192 353 765 694 577 358 245 376 241 429 784 188 494 464 252 329 230 519 668 389 780 689 117 250 213 527 463 349 432 536 555 209 216 524 468 366 298 590 536 399 517 191 176 279 190 227 351 307 722 364 294 384 350 561 595 520 123 441 432 260 746 483 340 332 496 510 69 621 565 465 494 389 646 794 349 788 308 373 404 456 396 554
820 380 192 805 283 0 771 321 897 467 365 779 376 597 724 769 532 464 893 822 585 778 502 349 650 199 397 86 1025 927 860 104 187 649 268 695 1028 198 439 626 162 437 292 800 739 586 806 854 321 483 353 667 708 630 440 738 828 365 122 656 622 570 575 818 509 462 727 93 289 555 289 510 316 543 996 647 560 395 69 561 557 778 276 465 432 543 815 729 462 585 725 786 234 646 705 724 748 635 922 1058 309 1040 37 656 644 735 147 817
240 401 653 375 489 771 0 489 510 377 513 574 395 182 550 847 479 314 154 949 557 652 373 615 132 861 435 842 360 406 128 845 704 228 657 253 437 647 817 500 720 560 595 143 768 408 918 596 498 357 554 567 264 145 716 425 143 497 697 582 515 392 205 463 815 638 396 680 578 259 561 261 716 326 262 125 246 690 839 801 868 310 525 703 725 229 823 355 541 326 330 194 540 806 583 206 231 270 185 366 719 413 797 123 366 160 869 201
606 200 307 487 104 321 489 0 769 146 84 709 137 306 657 827 239 178 631 909 553 743 181 169 358 478 285 372 800 750 558 370 214 331 175 375 833 158 595 555 231 432 333 490 770 472 884 774 14 326 113 622 517 364 536 612 579 311 219 620 560 447 325 507 639 504 590 229 97 244 295 242 451 377 740 364 340 488 380 666 698 457 227 545 536 267 847 410 441 264 560 470 165 725 659 509 541 447 662 823 449 831 336 366 326 423 454 590
273 575 710 880 696 897 510 769 0 744 837 175 632 575 209 476 894 624 432 571 343 250 766 938 565 870 513 984 326 145 618 999 938 694 936 739 234 883 665 281 940 475 610 653 405 313 541 130 784 446 876 275 276 492 570 160 381 533 892 294 290 333 486 965 616 495 179 835 864 660 608 562 657 391 431 536 444 582 962 566 641 815 630 541 583 560 419 847 446 764 216 704 696 511 251 318 285 331 428 376 664 279 934 556 831 660 917 313
539 241 432 344 215 467 377 146 744 0 137 718 172 202 671 886 156 123 528 977 592 767 40 238 245 618 334 517 717 698 426 514 347 189 286 229 767 296 700 576 368 499 433 353 821 480 949 774 147 336 177 649 473 278 627 599 489 381 363 652 585 454 261 375 734 579 572 375 212 117 392 182 561 370 638 260 300 583 526 751 794 311 326 630 630 189 895 268 499 119 528 327 285 797 682 449 483 413 560 733 560 757 482 255 188 285 598 515
656 278 383 445 189 365 513 84 837 137 0 786 210 333 736 912 169 222 662 993 635 824 157 105 380 539 367 400 843 808 563 393 218 324 149 356 885 173 675 634 241 517 416 489 854 548 969 850 71 401 41 702 577 402 620 683 617 395 248 702 640 523 374 453 722 588 659 280 81 254 378 289 531 448 771 392 398 571 415 749 781 426 311 629 619 307 931 369 525 238 625 460 246 810 739 562 595 510 693 862 528 879 372 389 283 421 506 637
368 509 586 918 621 779 574 709 175 718 786 0 575 583 54 311 874 594 539 411 195 85 747 878 590 724 428 865 483 302 696 882 848 713 861 767 404 799 498 157 846 342 486 713 235 238 380 76 724 386 821 115 309 510 409 148 471 428 793 131 158 264 483 996 444 341 177 729 796 657 494 542 508 347 566 560 428 428 839 392 467 854 531 378 422 551 265 873 316 764 243 756 604 336 81 367 344 328 543 533 516 446 816 583 840 704 778 404
478 71 283 496 93 376 395 137 632 172 210 575 0 222 525 718 321 94 523 806 430 615 212 306 275 486 165 447 677 616 487 451 328 299 308 356 702 270 531 425 339 327 266 432 655 337 779 639 152 190 246 494 383 255 455 475 463 208 307 494 431 312 206 540 562 407 452 284 232 200 224 134 396 240 629 271 208 411 444 578 622 451 162 458 458 167 731 424 329 274 423 428 149 626 530 380 410 311 553 704 396 703 402 281 352 372 482 465
344 246 498 344 313 597 182 306 575 202 333 583 222 0 546 808 328 134 328 906 505 648 207 437 53 704 307 664 515 509 264 666 521 131 474 189 570 464 705 467 537 460 457 214 734 365 876 627 315 255 374 541 298 83 613 447 287 369 517 550 479 342 101 415 718 544 417 504 396 90 418 95 586 255 438 59 161 578 663 718 776 284 370 606 619 61 800 291 449 189 362 222 371 742 567 261 297 256 360 531 588 557 621 60 258 161 704 317
360 457 532 885 568 724 550 657 209 671 736 54 525 546 0 309 828 548 530 411 143 102 701 826 556 673 375 811 496 320 676 828 794 676 808 731 427 745 456 103 792 288 432 687 229 190 379 130 672 337 770 66 286 476 362 133 459 374 739 85 103 217 444 960 406 292 158 675 744 615 439 498 458 302 567 526 387 379 785 358 434 821 477 333 375 509 274 836 262 723 224 727 550 312 44 345 327 293 538 546 465 465 761 550 799 673 725 394
669 647 593 1153 724 769 847 827 476 886 912 311 718 808 309 0 1039 772 839 103 302 227 923 982 830 640 553 846 794 613 975 868 899 938 939 997 711 863 356 348 887 394 513 976 79 446 71 347 841 561 937 279 587 751 329 442 766 516 830 265 333 467 707 1220 279 327 466 756 894 861 543 739 453 552 875 802 647 376 812 217 259 1092 605 306 337 760 74 1095 388 964 530 1010 679 125 268 647 632 578 847 844 460 754 804 825 1044 952 710 702
673 392 546 297 338 532 479 239 894 156 169 874 321 328 828 1039 0 279 634 1127 748 923 128 208 358 709 486 561 836 838 490 550 370 253 288 257 897 336 832 733 395 648 567 409 975 637 1101 929 231 492 180 805 619 412 767 752 608 527 413 808 741 611 407 289 873 726 725 450 243 238 527 334 689 526 740 381 452 721 579 894 932 295 459 773 768 334 1050 227 651 153 678 365 403 946 839 588 624 564 664 845 687 882 537 369 148 346 676 644
434 141 378 409 181 464 314 178 624 123 222 594 94 134 548 772 279 0 452 865 474 644 153 328 187 580 227 530 623 586 396 532 391 206 352 264 662 333 615 454 406 393 353 339 704 357 837 650 189 215 264 527 357 185 533 476 401 282 383 531 463 331 151 460 640 476 450 370 273 107 313 66 484 246 561 188 180 492 530 650 699 361 255 532 537 88 777 340 389 195 408 333 242 689 560 339 373 293 483 645 485 657 487 194 276 277 575 415
171 513 755 504 616 893 154 631 432 528 662 539 523 328 530 839 634 452 0 942 577 624 527 766 283 960 524 969 212 302 203 974 844 382 802 401 303 786 874 509 858 617 683 265 759 437 910 542 641 437 703 564 262 268 769 397 78 582 830 582 525 429 318 594 859 687 372 805 723 412 655 392 792 390 109 269 338 752 962 834 906 443 630 751 780 364 803 497 593 480 310 322 659 821 570 209 211 307 31 212 797 272 922 273 517 304 977 136
772 735 656 1251 805 822 949 909 571 977 993 411 806 906 411 103 1127 865 942 0 401 326 1014 1058 930 674 642 894 892 710 1078 917 964 1036 1010 1095 806 932 389 450 950 479 585 1078 183 547 32 441 922 657 1017 382 691 852 388 544 869 601 893 367 435 568 807 1317 314 405 569 819 970 956 618 835 508 652 977 903 746 438 858 261 276 1191 683 371 394 857 152 1192 477 1058 633 1111 755 184 371 750 735 680 949 943 514 850 855 926 1139 1053 746 805
419 359 393 850 455 585 557 553 343 592 635 195 430 505 143 302 748 474 577 401 0 197 627 718 529 531 268 671 590 430 686 689 668 635 690 694 540 622 329 73 663 148 293 680 230 149 371 272 567 260 666 81 314 451 228 216 499 250 608 71 58 167 405 917 293 151 226 541 632 559 305 437 315 250 636 502 345 238 644 258 333 790 352 201 241 457 302 793 125 663 273 711 427 248 120 370 365 286 591 637 323 572 623 525 743 652 582 444
452 545 586 987 649 778 652 743 250 767 824 85 615 648 102 227 923 644 624 326 197 0 798 910 659 702 458 863 566 385 776 882 865 778 886 834 484 819 454 190 860 343 488 789 154 288 295 126 758 431 856 121 387 578 376 228 555 446 805 125 183 313 546 1063 392 322 256 738 826 716 502 597 488 401 652 629 488 404 834 334 406 924 549 345 388 610 179 939 322 823 323 829 624 266 85 446 425 396 628 617 496 527 815 653 900 776 760 488
550 279 472 306 256 502 373 181 766 40 157 747 212 207 701 923 128 153 527 1014 627 798 0 248 244 656 372 548 721 713 409 544 373 168 306 200 777 324 741 608 395 537 474 334 856 511 986 801 180 369 192 681 492 288 667 624 493 420 394 685 617 485 280 334 774 618 596 410 236 117 433 206 602 399 635 263 323 623 559 790 834 276 367 670 670 206 930 229 537 84 550 303 326 835 714 463 498 436 558 735 601 764 515 255 148 265 635 524
762 369 419 505 262 349 615 169 938 238 105 878 306 437 826 982 208 328 766 1058 718 910 248 0 483 541 452 362 949 913 658 349 169 416 83 440 991 152 717 723 195 589 473 582 929 642 1035 944 154 496 63 789 681 508 675 782 723 470 227 786 728 617 479 496 772 654 759 282 87 355 439 395 573 546 875 497 502 625 385 806 829 497 376 688 673 412 1007 433 601 322 727 547 302 873 826 667 700 612 797 968 569 985 346 493 349 514 496 742
319 295 548 328 367 650 132 358 565 245 380 590 275 53 556 830 358 187 283 930 529 659 244 483 0 755 350 717 478 488 212 719 573 128 524 176 540 516 746 484 590 497 503 167 754 384 900 628 367 289 421 558 292 80 651 448 250 412 570 568 498 362 126 406 756 580 418 557 446 128 466 145 631 279 392 30 185 619 717 752 812 265 420 643 658 110 818 284 484 210 358 184 423 771 581 247 281 262 314 490 633 523 674 10 267 124 757 288
855 461 208 962 407 199 861 478 870 618 539 724 486 704 673 640 709 580 960 674 531 702 656 541 755 0 436 239 1057 931 967 263 385 782 463 836 1039 388 286 589 361 396 281 917 628 582 664 801 483 524 536 609 737 716 328 723 887 381 316 593 580 573 656 986 362 383 719 261 472 684 305 610 215 577 1054 745 624 298 201 423 399 926 336 358 317 644 698 886 425 736 736 914 339 515 644 768 784 669 986 1097 208 1059 218 759 804 858 72 862
427 93 233 632 192 397 435 285 513 334 367 428 165 307 375 553 486 227 524 642 268 458 372 452 350 436 0 482 632 530 551 494 425 421 432 481 630 373 398 272 426 166 160 517 490 201 615 497 300 89 398 336 312 293 308 352 451 62 378 334 275 179 232 687 415 248 336 325 369 328 130 216 282 147 618 332 190 271 466 423 474 580 121 305 314 247 566 566 165 422 328 529 183 463 373 335 355 239 550 668 285 643 432 350 503 469 457 429
902 459 278 846 353 86 842 372 984 517 400 865 447 664 811 846 561 530 969 894 671 863 548 362 717 239 482 0 1107 1013 925 24 192 704 278 747 1112 227 506 712 166 523 378 861 820 673 880 941 369 567 380 753 792 703 518 825 905 452 154 741 709 656 650 850 579 545 813 164 320 614 376 581 393 627 1073 717 638 474 37 634 624 824 361 544 509 613 895 770 548 633 811 842 312 722 791 806 831 718 998 1139 386 1123 50 724 684 794 170 898
205 649 863 715 765 1025 360 800 326 717 843 483 677 515 496 794 836 623 212 892 590 566 721 949 478 1057 632 1107 0 182 411 1116 1006 589 975 611 114 947 915 517 1016 676 776 477 718 482 861 455 812 543 885 549 320 440 811 376 228 678 981 569 532 486 475 805 883 728 364 944 896 604 757 558 864 485 138 457 471 807 1094 844 920 655 750 787 823 536 742 710 648 684 326 534 794 808 540 301 277 392 186 50 870 68 1058 467 727 516 1087 211
169 571 750 781 694 927 406 750 145 698 808 302 616 509 320 613 838 586 302 710 430 385 713 913 488 931 530 1013 182 0 500 1025 939 614 924 652 110 882 759 358 945 537 655 546 537 349 679 273 764 448 849 378 232 425 657 214 266 565 903 399 372 360 437 869 719 576 212 855 847 599 644 520 726 389 287 460 410 660 995 676 752 717 651 631 670 509 560 758 508 696 202 600 708 633 365 249 214 305 293 232 733 145 962 478 755 564 969 205
345 506 759 306 577 860 128 558 618 426 563 696 487 264 676 975 490 396 203 1078 686 776 409 658 212 967 551 925 411 500 0 925 770 242 712 234 507 715 940 628 789 684 709 80 895 537 1046 714 564 479 601 695 390 259 841 548 237 614 774 710 644 521 319 396 941 764 520 767 637 313 673 357 834 452 283 222 368 813 926 929 995 249 631 829 849 322 949 313 667 341 453 133 635 934 710 330 352 399 225 401 837 474 883 207 353 145 969 305
911 467 296 838 358 104 845 370 999 514 393 882 451 666 828 868 550 532 974 917 689 882 544 349 719 263 494 24 1116 1025 925 0 180 702 265 743 1124 220 530 729 154 541 396 860 841 687 902 958 366 578 371 771 802 707 540 840 912 466 151 760 726 669 656 840 602 565 827 172 312 613 391 585 415 638 1079 720 646 496 61 657 648 818 373 565 531 616 916 763 566 628 823 840 321 744 809 815 840 728 1004 1147 407 1133 66 726 677 793 194 906
806 367 307 660 245 187 704 214 938 347 218 848 328 521 794 899 370 391 844 964 668 865 373 169 573 385 425 192 1006 939 770 180 0 537 85 573 1029 58 597 691 26 525 387 700 856 626 944 920 206 494 191 746 708 576 575 777 789 420 73 739 691 605 532 660 660 574 759 146 137 456 364 452 459 552 952 579 536 526 216 704 714 643 317 594 570 479 934 585 544 456 741 675 244 781 785 708 738 634 874 1032 454 1032 178 581 500 632 333 794
444 345 583 215 376 649 228 331 694 189 324 713 299 131 676 938 253 206 382 1036 635 778 168 416 128 782 421 704 589 614 242 702 537 0 473 60 660 485 817 598 558 581 559 165 864 496 1006 754 335 380 361 672 420 204 730 574 365 480 550 681 610 473 233 284 836 666 544 555 401 99 518 206 689 386 487 157 292 691 710 840 895 159 461 725 735 179 931 160 573 100 485 138 443 869 698 375 409 385 412 595 691 640 666 137 140 97 772 411
781 360 359 582 241 268 657 175 936 286 149 861 308 474 808 939 288 352 802 1010 690 886 306 83 524 463 432 278 975 924 712 265 85 473 0 505 1008 80 657 704 112 554 426 639 891 630 989 930 163 489 115 765 691 537 623 776 753 440 147 760 707 607 500 577 715 612 756 210 79 401 397 417 514 544 911 533 514 573 301 754 771 569 339 639 619 440 969 508 569 386 731 609 263 826 803 684 716 619 833 998 510 1007 263 533 423 570 415 765
482 404 639 155 429 695 253 375 739 229 356 767 356 189 731 997 257 264 401 1095 694 834 200 440 176 836 481 747 611 652 234 743 573 60 505 0 690 524 877 655 596 642 617 153 923 554 1065 805 377 441 390 729 468 256 790 625 395 540 593 739 668 531 290 229 897 726 595 602 436 156 577 266 748 444 501 207 350 752 755 900 955 98 518 786 795 240 989 108 633 118 535 108 497 929 755 420 454 438 429 613 749 666 711 184 119 96 822 447
228 664 855 805 784 1028 437 833 234 767 885 404 702 570 427 711 897 662 303 806 540 484 777 991 540 1039 630 1112 114 110 507 1124 1029 660 1008 690 0 971 869 469 1037 646 761 566 638 456 776 365 846 546 927 487 322 489 768 325 295 669 997 508 482 466 511 895 829 687 322 953 930 660 748 595 835 485 249 515 494 770 1096 785 861 743 751 741 781 580 654 793 618 750 304 623 804 739 472 324 292 397 284 156 842 49 1062 529 800 597 1075 253
748 311 279 619 188 198 647 158 883 296 173 799 270 464 745 863 336 333 786 932 622 819 324 152 516 388 373 227 947 882 715 220 58 485 80 524 971 0 576 641 73 482 349 646 817 573 911 870 151 438 155 699 650 517 544 723 730 372 77 693 642 551 473 624 635 536 704 130 93 401 323 394 434 496 894 521 478 495 243 675 691 598 270 561 540 421 895 543 499 408 685 623 194 749 737 650 680 577 816 973 429 974 201 524 457 579 345 736
732 473 298 1025 494 439 817 595 665 700 675 498 531 705 456 356 832 615 874 389 329 454 741 717 746 286 398 506 915 759 940 530 597 817 657 877 869 576 0 400 580 258 266 913 353 441 378 570 605 461 689 390 617 683 105 545 795 336 524 370 387 445 624 1072 76 188 552 451 633 722 308 614 144 492 948 726 572 127 470 139 118 975 374 128 94 645 417 955 280 805 591 927 430 231 417 665 669 567 893 961 148 900 470 746 884 867 357 751
348 356 435 811 464 626 500 555 281 576 634 157 425 467 103 348 733 454 509 450 73 190 608 723 484 589 272 712 517 358 628 729 691 598 704 655 469 641 400 0 688 194 334 628 270 101 418 230 570 240 668 74 248 404 299 144 432 271 636 83 16 126 365 882 366 218 153 573 641 529 338 409 376 214 565 456 305 304 688 330 405 749 373 272 311 424 333 757 166 636 202 663 447 312 105 305 297 230 522 564 383 499 663 479 714 606 636 375
816 374 294 685 252 162 720 231 940 368 241 846 339 537 792 887 395 406 858 950 663 860 395 195 590 361 426 166 1016 945 789 154 26 558 112 596 1037 73 580 688 0 518 378 720 847 628 931 919 225 498 216 742 715 589 562 779 801 418 57 735 688 606 544 685 645 564 762 131 160 475 358 466 444 557 965 594 546 513 189 690 698 667 315 582 556 494 925 610 538 478 746 696 244 769 781 718 747 641 888 1043 438 1041 152 598 524 652 308 805
483 257 244 795 329 437 560 432 475 499 517 342 327 460 288 394 648 393 617 479 148 343 537 589 497 396 166 523 676 537 684 541 525 581 554 642 646 482 258 194 518 0 145 661 339 194 453 418 446 208 543 230 366 429 156 327 539 121 463 219 188 192 372 852 258 84 325 394 502 492 160 375 189 234 695 475 317 135 496 258 315 740 214 145 165 403 417 730 29 588 350 680 290 298 268 409 416 310 638 720 195 670 474 496 669 620 441 498
574 214 100 762 230 292 595 333 610 433 416 486 266 457 432 513 567 353 683 585 293 488 474 473 503 281 160 378 776 655 709 396 387 559 426 617 761 349 266 334 378 145 0 670 469 307 563 562 345 245 435 375 455 451 203 455 608 100 321 364 330 295 391 806 306 186 447 251 385 461 41 362 131 296 773 488 350 155 353 334 365 714 108 215 202 395 547 690 170 540 457 677 171 401 413 486 502 387 707 815 132 780 329 505 618 618 313 580
382 460 712 239 519 800 143 490 653 353 489 713 432 214 687 976 409 339 265 1078 680 789 334 582 167 917 517 861 477 546 80 860 700 165 639 153 566 646 913 628 720 661 670 0 899 532 1047 739 495 453 526 699 404 233 817 566 280 580 708 712 643 513 289 329 920 743 536 706 565 246 632 309 798 436 356 186 345 785 864 913 976 177 584 807 824 275 957 236 646 262 470 57 581 926 718 347 374 398 290 472 800 537 821 166 272 68 914 343
589 584 555 1078 668 739 768 770 405 821 854 235 655 734 229 79 975 704 759 183 230 154 856 929 754 628 490 820 718 537 895 841 856 864 891 923 638 817 353 270 847 339 469 899 0 369 151 279 784 491 881 200 508 675 303 362 686 459 789 186 256 392 632 1147 280 282 386 717 841 790 494 668 427 478 797 726 572 345 787 216 277 1017 553 276 313 687 78 1023 328 894 450 933 628 130 188 567 552 500 767 768 435 681 775 749 974 876 694 623
291 272 403 709 389 586 408 472 313 480 548 238 337 365 190 446 637 357 437 547 149 288 511 642 384 582 201 673 482 349 537 687 626 496 630 554 456 573 441 101 628 194 307 532 369 0 516 301 487 147 584 175 176 305 336 152 358 221 579 184 114 26 264 781 422 252 140 522 562 428 298 309 382 113 506 356 204 326 652 398 469 648 317 315 347 323 434 656 166 535 155 564 384 397 204 227 228 138 454 526 389 478 622 379 613 506 620 310
740 708 637 1221 780 806 918 884 541 949 969 380 779 876 379 71 1101 837 910 32 371 295 986 1035 900 664 615 880 861 679 1046 902 944 1006 989 1065 776 911 378 418 931 453 563 1047 151 516 0 411 898 628 993 351 659 821 369 512 837 575 874 336 404 537 776 1287 302 380 537 800 947 927 595 806 491 621 945 872 716 418 844 245 268 1161 660 350 375 827 123 1163 450 1029 601 1080 732 162 339 718 703 649 917 912 497 820 840 895 1110 1022 735 773
373 574 662 954 689 854 596 774 130 774 850 76 639 627 130 347 929 650 542 441 272 126 801 944 628 801 497 941 455 273 714 958 920 754 930 805 365 870 570 230 919 418 562 739 279 301 411 0 789 448 886 191 338 550 483 180 481 501 867 207 232 327 530 1034 512 418 210 804 864 705 568 595 585 404 554 598 478 504 915 457 531 889 604 453 496 600 289 913 392 812 271 785 676 393 156 392 364 371 542 505 593 410 892 620 885 736 854 412
619 214 316 485 117 321 498 14 784 147 71 724 152 315 672 841 231 189 641 922 567 758 180 154 367 483 300 369 812 764 564 366 206 335 163 377 846 151 605 570 225 446 345 495 784 487 898 789 0 341 98 636 531 375 548 627 590 325 215 635 575 462 337 503 651 517 604 230 84 250 307 254 461 392 750 373 353 500 379 678 710 457 240 558 548 278 861 408 455 264 574 473 175 738 673 522 554 461 672 835 459 844 335 375 324 428 456 602
338 129 322 596 250 483 357 326 446 336 401 386 190 255 337 561 492 215 437 657 260 431 369 496 289 524 89 567 543 448 479 578 494 380 489 441 546 438 461 240 498 208 245 453 491 147 628 448 341 0 437 312 225 221 363 287 363 144 454 316 248 122 164 659 467 291 266 407 418 299 218 178 359 60 529 266 111 334 552 463 523 538 207 353 371 201 562 535 194 402 248 473 259 488 346 245 266 151 462 579 363 556 517 288 483 413 546 339
698 312 392 469 213 353 554 113 876 177 41 821 246 374 770 937 180 264 703 1017 666 856 192 63 421 536 398 380 885 849 601 371 191 361 115 390 927 155 689 668 216 543 435 526 881 584 993 886 98 437 0 735 618 444 638 721 659 422 232 733 673 559 415 469 738 612 698 274 64 294 399 331 544 486 813 434 439 589 398 769 797 454 333 650 637 349 959 394 553 271 665 495 263 832 772 603 637 550 734 904 541 921 356 431 308 458 498 678
398 424 475 884 527 667 567 622 275 649 702 115 494 541 66 279 805 527 564 382 81 121 681 789 558 609 336 753 549 378 695 771 746 672 765 729 487 699 390 74 742 230 375 699 200 175 351 191 636 312 735 0 308 477 296 175 489 326 688 20 63 200 439 956 343 226 194 622 704 603 386 484 393 288 611 529 380 313 726 297 374 822 429 267 309 499 260 832 206 710 254 734 504 261 38 368 354 300 574 598 401 523 704 552 788 678 662 428
118 341 542 615 463 708 264 517 276 473 577 309 383 298 286 587 619 357 262 691 314 387 492 681 292 737 312 792 320 232 390 802 708 420 691 468 322 650 617 248 715 366 455 404 508 176 659 338 531 225 618 308 0 216 512 161 184 357 674 325 264 173 212 697 598 429 132 631 614 384 436 291 550 165 330 262 178 500 777 571 644 550 432 492 523 285 560 576 339 488 67 447 482 560 321 59 51 74 277 359 555 331 742 284 555 397 766 133
261 256 508 409 349 630 145 364 492 278 402 510 255 83 476 751 412 185 268 852 451 578 288 508 80 716 293 703 440 425 259 707 576 204 537 256 489 517 683 404 589 429 451 233 675 305 821 550 375 221 444 477 216 0 585 369 215 355 562 488 418 283 60 486 687 510 339 539 458 173 417 123 575 203 376 51 111 555 698 680 742 345 379 574 592 97 738 363 413 272 281 259 397 695 501 177 213 182 299 460 578 479 657 74 339 201 724 236
627 392 267 941 432 440 716 536 570 627 620 409 455 613 362 329 767 533 769 388 228 376 667 675 651 328 308 518 811 657 841 540 575 730 623 790 768 544 105 299 562 156 203 817 303 336 369 483 548 363 638 296 512 585 0 443 691 250 504 278 286 340 527 992 107 84 449 430 587 637 241 524 124 390 843 630 474 49 484 131 166 888 309 30 12 554 377 873 176 726 486 834 375 207 327 560 564 463 788 857 132 798 475 651 806 774 392 646
227 416 553 775 536 738 425 612 160 599 683 148 475 447 133 442 752 476 397 544 216 228 624 782 448 723 352 825 376 214 548 840 777 574 776 625 325 723 545 144 779 327 455 566 362 152 512 180 627 287 721 175 161 369 443 0 326 373 731 195 158 172 350 854 508 362 30 675 706 525 449 417 514 235 437 418 300 446 804 468 544 710 469 416 455 421 405 732 298 632 95 609 535 436 174 219 197 191 405 424 521 355 775 441 705 558 765 261
108 447 683 516 555 828 143 579 381 489 617 471 463 287 459 766 608 401 78 869 499 555 493 723 250 887 451 905 228 266 237 912 789 365 753 395 295 730 795 432 801 539 608 280 686 358 837 481 590 363 659 489 184 215 691 326 0 507 771 507 448 351 257 605 780 608 300 741 674 376 581 337 715 313 168 229 268 674 897 756 828 453 560 672 701 312 732 499 515 458 236 335 593 744 498 131 135 229 99 245 720 274 857 239 505 303 906 68
475 141 186 690 209 365 497 311 533 381 395 428 208 369 374 516 527 282 582 601 250 446 420 470 412 381 62 452 678 565 614 466 420 480 440 540 669 372 336 271 418 121 100 580 459 221 575 501 325 144 422 326 357 355 250 373 507 0 365 320 271 205 295 742 358 198 361 304 384 386 79 277 219 196 673 395 251 211 431 370 417 639 103 250 255 308 536 622 130 476 364 591 178 418 365 386 403 288 606 716 222 685 401 413 556 531 408 480
779 333 237 693 216 122 697 219 892 363 248 793 307 517 739 830 413 383 830 893 608 805 394 227 570 316 378 154 981 903 774 151 73 550 147 593 997 77 524 636 57 463 321 708 789 579 874 867 215 454 232 688 674 562 504 731 771 365 0 680 635 558 513 701 588 507 715 73 169 462 303 438 387 514 937 571 510 455 167 632 641 670 263 524 499 469 867 617 483 478 702 689 195 711 727 681 708 600 860 1010 381 1003 124 577 531 642 269 770
416 424 463 894 524 656 582 620 294 652 702 131 494 550 85 265 808 531 582 367 71 125 685 786 568 593 334 741 569 399 710 760 739 681 760 739 508 693 370 83 735 219 364 712 186 184 336 207 635 316 733 20 325 488 278 195 507 320 680 0 70 208 448 965 322 210 213 613 701 610 377 490 377 295 630 540 388 297 714 276 353 832 423 248 291 506 250 840 196 716 272 746 498 241 50 384 372 313 593 618 385 544 693 563 795 690 648 446
364 361 430 823 468 622 515 560 290 585 640 158 431 479 103 333 741 463 525 435 58 183 617 728 498 580 275 709 532 372 644 726 691 610 707 668 482 642 387 16 688 188 330 643 256 114 404 232 575 248 673 63 264 418 286 158 448 271 635 70 0 137 378 894 351 207 168 571 644 540 336 420 366 225 581 470 318 293 683 314 390 762 374 259 298 436 320 770 161 646 218 677 448 296 98 321 313 245 538 579 374 513 659 493 725 620 629 391
291 248 389 686 366 570 392 447 333 454 523 264 312 342 217 467 611 331 429 568 167 313 485 617 362 573 179 656 486 360 521 669 605 473 607 531 466 551 445 126 606 192 295 513 392 26 537 327 462 122 559 200 173 283 340 172 351 205 558 208 137 0 240 756 430 257 157 503 538 403 283 284 378 88 503 334 180 326 636 410 480 625 298 321 351 298 458 632 166 510 162 543 363 414 230 219 224 125 448 528 384 485 605 358 588 485 608 306
283 198 448 446 298 575 205 325 486 261 374 483 206 101 444 707 407 151 318 807 405 546 280 479 126 656 232 650 475 437 319 656 532 233 500 290 511 473 624 365 544 372 391 289 632 264 776 530 337 164 415 439 212 60 527 350 257 295 513 448 378 240 0 517 631 455 321 486 421 175 356 84 514 155 423 102 60 496 644 625 687 385 320 518 535 73 698 392 358 282 270 310 341 645 466 188 222 159 347 499 518 506 603 124 356 250 666 265
701 600 807 90 590 818 463 507 965 375 453 996 540 415 960 1220 289 460 594 1317 917 1063 334 496 406 986 687 850 805 869 396 840 660 284 577 229 895 624 1072 882 685 852 806 329 1147 781 1287 1034 503 659 469 956 697 486 992 854 605 742 701 965 894 756 517 0 1100 936 824 732 531 360 764 481 935 669 679 436 576 950 867 1110 1159 152 700 992 996 460 1215 124 847 266 764 272 660 1146 983 647 679 668 618 797 935 866 825 413 187 305 959 664
709 499 355 1048 536 509 815 639 616 734 722 444 562 718 406 279 873 640 859 314 293 392 774 772 756 362 415 579 883 719 941 602 660 836 715 897 829 635 76 366 645 258 306 920 280 422 302 512 651 467 738 343 598 687 107 508 780 358 588 322 351 430 631 1100 0 177 519 514 685 744 345 631 201 489 926 733 576 151 543 63 59 995 413 113 104 660 342 980 274 834 564 939 476 156 365 649 649 555 876 930 206 863 542 755 914 879 433 731
543 338 274 879 399 462 638 504 495 579 588 341 407 544 292 327 726 476 687 405 151 322 618 654 580 383 248 545 728 576 764 565 574 666 612 726 687 536 188 218 564 84 186 743 282 252 380 418 517 291 612 226 429 510 84 362 608 198 507 210 207 257 455 936 177 0 366 435 567 576 215 459 167 312 759 557 399 87 514 174 232 825 279 64 95 487 360 814 97 671 403 764 352 221 261 477 480 381 705 773 175 715 499 579 752 704 439 562
204 395 544 745 517 727 396 590 179 572 659 177 452 417 158 466 725 450 372 569 226 256 596 759 418 719 336 813 364 212 520 827 759 544 756 595 322 704 552 153 762 325 447 536 386 140 537 210 604 266 698 194 132 339 449 30 300 361 715 213 168 157 321 824 519 366 0 661 684 497 439 390 514 212 417 388 272 449 793 482 557 680 455 423 461 393 432 703 296 603 66 579 519 454 197 190 168 162 381 411 520 349 763 411 675 528 759 236
739 295 163 715 191 93 680 229 835 375 280 729 284 504 675 756 450 370 805 819 541 738 410 282 557 261 325 164 944 855 767 172 146 555 210 602 953 130 451 573 131 394 251 706 717 522 800 804 230 407 274 622 631 539 430 675 741 304 73 613 571 503 486 732 514 435 661 0 210 461 236 418 313 467 909 555 475 382 159 558 568 686 205 451 425 451 795 639 416 493 653 692 149 637 661 642 668 556 834 975 308 962 117 564 554 641 226 734
703 290 335 526 176 289 578 97 864 212 81 796 232 396 744 894 243 273 723 970 632 826 236 87 446 472 369 320 896 847 637 312 137 401 79 436 930 93 633 641 160 502 385 565 841 562 947 864 84 418 64 704 614 458 587 706 674 384 169 701 644 538 421 531 685 567 684 210 0 324 351 338 488 472 832 455 437 538 336 719 743 507 288 601 585 361 919 450 515 319 656 538 214 785 742 606 638 544 754 919 484 928 294 455 365 497 433 686
435 248 484 304 279 555 259 244 660 117 254 657 200 90 615 861 238 107 412 956 559 716 117 355 128 684 328 614 604 599 313 613 456 99 401 156 660 401 722 529 475 492 461 246 790 428 927 705 250 299 294 603 384 173 637 525 376 386 462 610 540 403 175 360 744 576 497 461 324 0 420 121 592 315 521 146 228 597 618 751 803 253 362 634 641 105 859 237 486 107 445 231 344 785 633 351 386 335 443 618 593 648 575 138 185 180 675 407
553 174 106 721 190 289 561 295 608 392 378 494 224 418 439 543 527 313 655 618 305 502 433 439 466 305 130 376 757 644 673 391 364 518 397 577 748 323 308 338 358 160 41 632 494 298 595 568 307 218 399 386 436 417 241 449 581 79 303 377 336 283 356 764 345 215 439 236 351 420 0 323 171 273 748 451 319 193 354 371 405 674 68 251 241 357 572 649 180 499 443 638 136 434 425 463 481 366 680 795 172 764 326 468 577 579 329 557
367 150 403 420 227 510 261 242 562 182 289 542 134 95 498 739 334 66 392 835 437 597 206 395 145 610 216 581 558 520 357 585 452 206 417 266 595 394 614 409 466 375 362 309 668 309 806 595 254 178 331 484 291 123 524 417 337 277 438 490 420 284 84 481 631 459 390 418 338 121 323 0 491 196 499 138 118 487 578 634 689 365 274 519 529 34 738 357 367 226 346 315 279 665 514 272 306 231 422 581 493 591 536 149 305 256 612 348
668 344 155 893 351 316 716 451 657 561 531 508 396 586 458 453 689 484 792 508 315 488 602 573 631 215 282 393 864 726 834 415 459 689 514 748 835 434 144 376 444 189 131 798 427 382 491 585 461 359 544 393 550 575 124 514 715 219 387 377 366 378 514 935 201 167 514 313 488 592 171 491 0 402 877 614 469 84 359 246 256 846 235 151 116 524 501 821 217 670 538 807 285 330 428 588 600 488 815 907 7 860 351 632 747 747 272 680
280 185 378 600 307 543 326 377 391 370 448 347 240 255 302 552 526 246 390 652 250 401 399 546 279 577 147 627 485 389 452 638 552 386 544 444 485 496 492 214 557 234 296 436 478 113 621 404 392 60 486 288 165 203 390 235 313 196 514 295 225 88 155 669 489 312 212 467 472 315 273 196 402 0 477 253 94 367 612 477 542 539 266 376 399 210 546 544 214 422 188 462 319 491 318 190 208 92 413 522 407 496 577 276 500 403 602 284
217 615 851 589 722 996 262 740 431 638 771 566 629 438 567 875 740 561 109 977 636 652 635 875 392 1054 618 1073 138 287 283 1079 952 487 911 501 249 894 948 565 965 695 773 356 797 506 945 554 750 529 813 611 330 376 843 437 168 673 937 630 581 503 423 679 926 759 417 909 832 521 748 499 877 477 0 378 437 830 1065 895 969 532 729 821 854 472 831 592 670 586 362 413 762 872 610 288 279 388 78 118 882 206 1026 382 619 404 1074 197
293 284 537 358 364 647 125 364 536 260 392 560 271 59 526 802 381 188 269 903 502 629 263 497 30 745 332 717 457 460 222 720 579 157 533 207 515 521 726 456 594 475 488 186 726 356 872 598 373 266 434 529 262 51 630 418 229 395 571 540 470 334 102 436 733 557 388 555 455 146 451 138 614 253 378 0 159 599 715 728 789 294 409 620 637 104 789 314 460 235 328 209 418 745 552 218 252 233 300 472 617 501 673 23 296 150 749 263
270 179 417 506 294 560 246 340 444 300 398 428 208 161 387 647 452 180 338 746 345 488 323 502 185 624 190 638 471 410 368 646 536 292 514 350 494 478 572 305 546 317 350 345 572 204 716 478 353 111 439 380 178 111 474 300 268 251 510 388 318 180 60 576 576 399 272 475 437 228 319 118 469 94 437 159 0 445 629 568 631 445 292 462 481 122 639 451 301 335 228 368 326 585 407 171 202 113 365 501 473 495 590 182 411 309 639 260
617 350 218 901 384 395 690 488 582 583 571 428 411 578 379 376 721 492 752 438 238 404 623 625 619 298 271 474 807 660 813 496 526 691 573 752 770 495 127 304 513 135 155 785 345 326 418 504 500 334 589 313 500 555 49 446 674 211 455 297 293 326 496 950 151 87 449 382 538 597 193 487 84 367 830 599 445 0 442 180 211 850 262 69 47 518 420 832 160 684 480 800 326 255 347 544 551 445 773 851 92 797 431 619 764 740 357 633
889 450 253 860 350 69 839 380 962 526 415 839 444 663 785 812 579 530 962 858 644 834 559 385 717 201 466 37 1094 995 926 61 216 710 301 755 1096 243 470 688 189 496 353 864 787 652 844 915 379 552 398 726 777 698 484 804 897 431 167 714 683 636 644 867 543 514 793 159 336 618 354 578 359 612 1065 715 629 442 0 599 587 835 345 511 475 610 861 784 523 643 793 848 303 687 764 794 818 704 991 1128 352 1108 44 723 698 799 133 887
678 511 396 1054 561 561 801 666 566 751 749 392 578 718 358 217 894 650 834 261 258 334 790 806 752 423 423 634 844 676 929 657 704 840 754 900 785 675 139 330 690 258 334 913 216 398 245 457 678 463 769 297 571 680 131 468 756 370 632 276 314 410 625 1110 63 174 482 558 719 751 371 634 246 477 895 728 568 180 599 0 76 999 438 120 134 661 278 988 268 845 532 936 506 92 315 625 622 535 849 893 252 820 594 750 926 876 493 703
752 558 411 1107 595 557 868 698 641 794 781 467 622 776 434 259 932 699 906 276 333 406 834 829 812 399 474 624 920 752 995 648 714 895 771 955 861 691 118 405 698 315 365 976 277 469 268 531 710 523 797 374 644 742 166 544 828 417 641 353 390 480 687 1159 59 232 557 568 743 803 405 689 256 542 969 789 631 211 587 76 0 1054 473 169 164 718 328 1039 329 893 607 996 534 147 391 697 695 605 922 969 261 897 589 811 973 935 471 776
549 502 732 65 520 778 310 457 815 311 426 854 451 284 821 1092 295 361 443 1191 790 924 276 497 265 926 580 824 655 717 249 818 643 159 569 98 743 598 975 749 667 740 714 177 1017 648 1161 889 457 538 454 822 550 345 888 710 453 639 670 832 762 625 385 152 995 825 680 686 507 253 674 365 846 539 532 294 445 850 835 999 1054 0 614 884 893 337 1082 72 731 192 618 120 589 1026 847 499 530 527 468 649 846 714 791 271 147 154 909 512
545 124 128 659 123 276 525 227 630 326 311 531 162 370 477 605 459 255 630 683 352 549 367 376 420 336 121 361 750 651 631 373 317 461 339 518 751 270 374 373 315 214 108 584 553 317 660 604 240 207 333 429 432 379 309 469 560 103 263 423 374 298 320 700 413 279 455 205 288 362 68 274 235 266 729 409 292 262 345 438 473 614 0 318 309 309 631 586 229 435 449 586 76 499 468 450 473 358 657 785 235 763 311 423 512 527 347 544
605 392 287 938 441 465 703 545 541 630 629 378 458 606 333 306 773 532 751 371 201 345 670 688 643 358 305 544 787 631 829 565 594 725 639 786 741 561 128 272 582 145 215 807 276 315 350 453 558 353 650 267 492 574 30 416 672 250 524 248 259 321 518 992 113 64 423 451 601 634 251 519 151 376 821 620 462 69 511 120 169 884 318 0 43 548 350 871 161 726 463 826 387 187 297 541 543 445 769 833 159 772 500 642 807 766 421 625
638 395 262 945 432 432 725 536 583 630 619 422 458 619 375 337 768 537 780 394 241 388 670 673 658 317 314 509 823 670 849 531 570 735 619 795 781 540 94 311 556 165 202 824 313 347 375 496 548 371 637 309 523 592 12 455 701 255 499 291 298 351 535 996 104 95 461 425 585 641 241 529 116 399 854 637 481 47 475 134 164 893 309 43 0 560 386 877 186 730 498 841 374 214 340 570 575 473 799 869 123 810 467 658 810 780 381 657
351 185 437 395 260 543 229 267 560 189 307 551 167 61 509 760 334 88 364 857 457 610 206 412 110 644 247 613 536 509 322 616 479 179 440 240 580 421 645 424 494 403 395 275 687 323 827 600 278 201 349 499 285 97 554 421 312 308 469 506 436 298 73 460 660 487 393 451 361 105 357 34 524 210 472 104 122 518 610 661 718 337 309 548 560 0 756 335 393 213 344 282 314 689 528 259 294 231 395 557 527 572 568 115 290 222 646 329
631 659 633 1144 746 815 823 847 419 895 931 265 731 800 274 74 1050 777 803 152 302 179 930 1007 818 698 566 895 742 560 949 916 934 931 969 989 654 895 417 333 925 417 547 957 78 434 123 289 861 562 959 260 560 738 377 405 732 536 867 250 320 458 698 1215 342 360 432 795 919 859 572 738 501 546 831 789 639 420 861 278 328 1082 631 350 386 756 0 1090 406 965 498 994 707 186 239 619 601 559 808 793 509 699 851 812 1044 938 765 667
589 481 699 76 483 729 355 410 847 268 369 873 424 291 836 1095 227 340 497 1192 793 939 229 433 284 886 566 770 710 758 313 763 585 160 508 108 793 543 955 757 610 730 690 236 1023 656 1163 913 408 535 394 832 576 363 873 732 499 622 617 840 770 632 392 124 980 814 703 639 450 237 649 357 821 544 592 314 451 832 784 988 1039 72 586 871 877 335 1090 0 724 151 643 179 553 1022 858 529 562 545 525 707 821 767 740 292 85 195 864 553
457 258 270 788 340 462 541 441 446 499 525 316 329 449 262 388 651 389 593 477 125 322 537 601 484 425 165 548 648 508 667 566 544 573 569 633 618 499 280 166 538 29 170 646 328 166 450 392 455 194 553 206 339 413 176 298 515 130 483 196 161 166 358 847 274 97 296 416 515 486 180 367 217 214 670 460 301 160 523 268 329 731 229 161 186 393 406 724 0 584 322 668 305 299 244 385 391 286 613 692 224 642 499 482 665 607 470 473
528 334 547 226 332 585 326 264 764 119 238 764 274 189 723 964 153 195 480 1058 663 823 84 322 210 736 422 633 684 696 341 628 456 100 386 118 750 408 805 636 478 588 540 262 894 535 1029 812 264 402 271 710 488 272 726 632 458 476 478 716 646 510 282 266 834 671 603 493 319 107 499 226 670 422 586 235 335 684 643 845 893 192 435 726 730 213 965 151 584 0 550 225 401 884 740 450 485 441 511 692 670 732 599 220 81 196 717 498
146 373 550 683 496 725 330 560 216 528 625 243 423 362 224 530 678 408 310 633 273 323 550 727 358 736 328 811 326 202 453 823 741 485 731 535 304 685 591 202 746 350 457 470 450 155 601 271 574 248 665 254 67 281 486 95 236 364 702 272 218 162 270 764 564 403 66 653 656 445 443 346 538 188 362 328 228 480 793 532 607 618 449 463 498 344 498 643 322 550 0 515 507 512 261 123 102 115 321 371 544 323 760 350 620 465 771 174
434 464 711 182 510 786 194 470 704 327 460 756 428 222 727 1010 365 333 322 1111 711 829 303 547 184 914 529 842 534 600 133 840 675 138 609 108 623 623 927 663 696 680 677 57 933 564 1080 785 473 473 495 734 447 259 834 609 335 591 689 746 677 543 310 272 939 764 579 692 538 231 638 315 807 462 413 209 368 800 848 936 996 120 586 826 841 282 994 179 668 225 515 0 575 954 755 392 421 434 348 529 809 594 805 186 222 60 906 396
590 146 146 628 69 234 540 165 696 285 246 604 149 371 550 679 403 242 659 755 427 624 326 302 423 339 183 312 794 708 635 321 244 443 263 497 804 194 430 447 244 290 171 581 628 384 732 676 175 259 263 504 482 397 375 535 593 178 195 498 448 363 341 660 476 352 519 149 214 344 136 279 285 319 762 418 326 326 303 506 534 589 76 387 374 314 707 553 305 401 507 575 0 571 542 493 519 408 687 826 283 813 264 429 474 520 333 585
