111
0 765 333 468 448 644 257 717 493 643 724 586 479 905 771 675 63 786 669 232 653 727 795 177 211 1079 136 628 769 674 537 492 288 612 340 124 1115 63 660 435 690 340 591 893 772 457 761 906 532 585 293 129 838 593 536 549 729 323 857 962 632 158 717 845 463 752 605 571 531 773 332 753 548 179 1083 144 799 82 887 404 282 465 641 1046 667 271 367 47 426 67 743 902 504 621 544 986 411 651 1022 836 584 471 715 810 443 411 728 723 852 405 860
765 0 463 592 438 390 879 140 277 439 668 721 656 539 492 91 759 715 718 706 925 393 886 942 965 483 744 137 666 874 398 463 753 412 482 694 512 820 156 880 845 791 576 131 538 336 532 263 644 513 723 645 889 911 907 240 177 725 94 262 241 731 214 95 839 426 332 855 273 355 490 298 356 937 458 826 237 842 138 483 843 300 209 482 813 494 454 732 705 799 743 208 274 425 261 544 527 358 539 144 332 364 102 982 590 577 236 510 490 371 1038
333 463 0 254 137 498 417 391 232 336 486 416 306 596 467 382 351 552 469 247 577 406 636 505 544 747 371 328 520 557 218 403 303 481 257 313 783 395 400 454 550 350 342 583 480 249 469 574 334 308 275 204 664 539 511 227 482 286 557 633 299 370 485 553 432 436 431 491 303 445 42 550 220 489 750 439 466 399 571 333 386 175 404 716 518 105 258 315 312 350 533 574 255 311 313 669 160 326 700 564 409 302 395 694 234 200 395 429 539 94 752
468 592 254 0 165 737 394 472 449 230 257 162 64 465 333 537 513 321 219 253 343 330 381 598 659 697 560 482 300 310 196 656 244 725 511 508 731 528 589 305 298 248 125 683 320 490 310 589 80 141 216 362 411 320 315 366 672 198 678 667 358 569 686 687 253 339 665 265 528 394 214 764 237 560 715 606 482 500 657 588 336 384 610 655 265 350 513 475 123 447 288 620 476 220 534 558 94 284 602 723 645 548 496 442 25 60 418 276 421 313 501
448 438 137 165 0 578 468 332 286 200 358 320 228 462 330 376 476 423 356 297 509 278 529 610 658 636 504 321 387 473 88 511 327 568 382 447 671 512 424 442 456 357 216 541 342 334 331 485 236 174 295 322 552 484 472 204 507 293 528 555 221 505 520 533 401 304 504 430 366 326 119 599 108 585 643 567 374 505 520 452 422 221 445 600 423 242 378 439 268 452 412 500 313 176 371 539 89 203 573 564 484 394 349 601 156 138 304 291 406 158 660
644 390 498 737 578 0 855 481 293 699 917 898 796 884 799 332 607 978 931 713 1074 701 1106 801 793 873 557 348 934 1048 600 159 781 38 306 530 903 676 241 944 1034 835 787 492 836 249 827 652 813 731 759 572 1125 1038 1009 419 223 776 433 650 512 535 185 399 929 739 76 989 214 690 541 146 565 820 849 635 603 725 517 241 845 357 187 869 1001 443 283 599 811 703 981 598 266 676 212 911 645 633 914 336 93 198 444 1179 722 692 571 794 827 424 1238
257 879 417 394 468 855 0 794 639 619 613 444 368 859 727 800 320 664 533 174 439 717 616 266 341 1086 394 745 662 480 547 716 149 827 551 376 1120 279 812 205 509 158 512 996 712 630 703 953 424 535 179 283 665 375 311 640 891 196 973 1023 688 416 888 970 256 731 803 370 699 777 389 941 576 212 1100 381 842 216 980 627 60 590 808 1046 494 421 572 300 293 192 605 968 658 605 711 952 391 657 996 981 780 663 805 603 375 360 772 670 816 511 646
717 140 391 472 332 481 794 0 274 301 528 589 534 411 353 150 723 575 581 620 796 253 747 893 926 413 722 140 526 741 275 514 658 494 486 667 447 777 241 770 710 689 443 210 398 349 392 201 517 379 627 591 749 786 787 168 296 625 210 245 114 713 328 227 724 287 411 729 309 221 409 417 235 880 400 801 123 789 188 510 752 265 293 399 678 450 462 692 591 741 604 184 284 289 301 430 420 220 434 284 404 395 40 845 473 466 98 370 358 312 900
493 277 232 449 286 293 639 274 0 413 625 607 510 627 525 185 483 687 638 474 790 432 813 670 689 686 467 147 644 759 308 259 534 287 213 416 720 545 173 685 743 582 493 408 557 77 547 476 523 439 507 380 832 759 737 141 251 518 367 509 251 454 252 352 660 470 218 708 79 438 271 320 276 669 674 549 390 572 409 238 613 65 172 668 710 226 188 457 534 533 689 448 27 389 85 672 360 357 687 346 199 133 254 888 436 409 335 511 568 142 947
643 439 336 230 200 699 619 301 413 0 230 300 278 262 130 416 675 284 280 462 506 100 446 796 849 468 704 372 237 446 119 667 469 698 563 647 501 707 493 531 412 478 151 499 148 481 137 370 242 95 439 519 451 507 521 279 568 424 510 451 204 705 592 528 473 112 622 450 487 165 318 680 139 766 485 766 270 693 467 623 564 357 532 427 381 439 553 636 351 639 304 411 438 25 487 344 238 81 382 582 607 542 336 544 244 259 219 99 208 328 599
724 668 486 257 358 917 613 528 625 230 0 176 251 296 210 646 771 65 95 501 338 286 222 845 910 578 818 601 49 263 316 867 474 912 740 765 605 784 721 457 219 455 144 717 166 685 164 555 194 187 453 619 221 364 403 502 798 427 733 639 434 825 821 754 391 265 841 316 703 346 453 908 352 802 609 864 475 751 682 810 552 564 758 530 197 590 736 732 321 699 77 610 652 248 704 393 334 310 444 812 824 746 565 328 282 317 439 166 282 514 380
586 721 416 162 320 898 444 589 607 300 176 0 115 460 349 677 639 220 89 355 206 390 222 688 756 729 695 625 225 155 325 819 314 886 671 647 759 641 737 281 136 286 149 796 315 651 309 668 84 211 298 498 257 208 235 511 819 269 800 750 479 706 836 814 215 384 824 154 686 457 375 917 367 641 756 730 571 601 765 749 383 542 763 683 103 509 674 602 161 551 162 711 634 305 692 558 256 376 607 859 804 709 620 281 181 216 518 291 433 473 340
479 656 306 64 228 796 368 534 510 278 251 115 0 494 366 601 529 309 190 251 280 377 337 594 659 740 583 547 298 252 259 710 224 782 559 533 772 536 652 253 245 214 146 745 346 548 337 644 56 183 202 385 372 256 252 430 736 176 741 723 420 593 749 750 196 382 725 201 589 443 264 826 300 551 760 621 539 501 718 637 308 445 673 696 214 396 563 492 77 449 264 678 537 272 595 589 151 340 635 787 704 604 559 388 74 105 477 307 455 372 446
905 539 596 465 462 884 859 411 627 262 296 460 494 0 134 560 937 295 391 714 635 197 490 1055 1110 286 966 536 257 559 377 887 710 892 806 908 310 968 650 735 513 707 347 535 148 702 156 331 442 327 682 782 466 659 694 485 707 663 572 406 377 966 740 603 670 162 811 610 689 193 581 828 382 1021 321 1029 302 952 495 857 800 584 700 237 493 696 791 899 571 898 360 401 648 285 684 97 496 279 148 676 800 760 451 602 486 509 314 189 59 574 644
771 492 467 333 330 799 727 353 525 130 210 349 366 134 0 491 804 238 295 580 541 100 429 920 975 380 835 457 189 469 249 783 578 802 688 778 411 834 577 614 427 578 220 520 48 597 47 346 317 193 549 648 419 556 583 384 644 531 545 429 287 836 673 570 550 65 724 503 593 143 449 762 262 886 407 896 275 817 483 745 669 474 622 334 401 569 677 766 443 763 286 405 548 155 591 224 361 167 269 635 710 657 393 538 352 374 255 59 89 454 587
675 91 382 537 376 332 800 150 185 416 646 677 601 560 491 0 668 699 685 628 877 390 858 853 874 546 652 56 651 832 352 382 679 348 391 602 578 729 91 814 807 720 539 222 534 245 526 326 597 477 649 558 866 858 848 172 153 654 182 341 212 639 182 171 777 426 265 803 185 367 412 271 309 849 527 735 271 753 227 395 767 213 144 539 774 405 363 642 644 711 719 282 182 397 174 579 464 338 582 187 260 276 111 948 532 514 245 499 505 288 1005
63 759 351 513 476 607 320 723 483 675 771 639 529 937 804 668 0 834 720 288 714 754 852 195 206 1098 73 624 814 733 564 451 349 573 309 77 1134 69 645 498 747 401 634 889 809 438 798 917 581 624 351 156 894 655 598 555 708 381 850 968 645 96 694 835 524 781 574 631 512 796 357 723 570 213 1099 93 812 125 886 365 346 463 621 1068 723 273 338 38 481 128 793 907 491 652 526 1016 449 675 1049 820 553 445 717 870 488 454 742 759 883 412 920
786 715 552 321 423 978 664 575 687 284 65 220 309 295 238 699 834 0 131 560 350 326 196 902 968 581 881 656 49 271 378 931 529 974 805 829 605 845 777 497 225 505 210 756 189 748 191 583 254 251 509 683 181 385 432 560 852 482 776 666 487 890 876 799 431 299 902 344 764 379 519 964 412 857 616 926 511 810 719 875 603 626 815 532 211 656 801 795 375 758 70 643 713 304 765 387 400 360 439 860 885 809 613 307 346 381 482 205 294 578 353
669 718 469 219 356 931 533 581 638 280 95 89 190 391 295 685 720 131 0 439 246 356 175 776 844 670 772 636 142 174 337 865 402 923 726 722 698 725 753 367 134 376 146 779 254 690 250 632 141 208 385 574 196 268 308 528 833 356 790 716 477 783 853 808 300 341 857 221 717 420 431 937 378 730 699 811 543 687 746 801 473 574 784 622 106 569 726 682 248 637 74 682 665 292 721 488 309 361 539 859 838 750 615 264 242 279 499 242 373 514 320
232 706 247 253 297 713 174 620 474 462 501 355 251 714 580 628 288 560 439 0 431 557 563 345 408 925 351 573 548 444 379 588 72 689 421 310 959 286 646 239 458 130 378 822 572 476 562 782 307 387 63 171 606 376 327 467 726 93 800 851 515 366 727 798 247 575 654 346 540 614 216 786 405 307 936 376 672 250 806 502 139 421 646 886 434 269 437 253 194 197 513 795 496 445 551 803 226 492 844 811 631 516 631 582 230 205 601 526 666 341 635
653 925 577 343 509 1074 439 796 790 506 338 206 280 635 541 877 714 350 246 431 0 594 206 705 779 916 780 824 379 78 527 978 365 1058 819 742 943 696 932 233 125 312 356 1003 500 825 497 871 280 417 368 600 257 64 129 708 1015 339 1006 955 685 797 1029 1019 190 583 1004 87 869 659 534 1107 570 651 946 794 777 641 972 900 387 725 954 868 141 655 828 681 267 601 280 917 817 511 876 731 430 583 782 1061 982 879 825 164 354 381 724 486 619 650 208
727 393 406 330 278 701 717 253 432 100 286 390 377 197 100 390 754 326 356 557 594 0 509 886 936 368 777 357 276 528 189 692 568 706 608 719 403 791 476 631 490 578 244 430 145 507 139 277 339 194 537 600 505 599 617 291 543 524 450 360 188 776 572 474 572 38 626 543 498 66 396 661 187 858 384 844 188 781 395 659 663 387 522 329 461 503 594 716 451 728 364 326 455 112 495 262 331 82 295 537 613 566 293 613 344 357 156 121 138 377 666
795 886 636 381 529 1106 616 747 813 446 222 222 337 490 429 858 852 196 175 563 206 509 0 877 949 776 911 809 242 139 513 1036 510 1097 892 865 799 846 928 418 107 469 322 939 382 864 382 776 301 382 502 716 51 262 325 703 1007 471 955 859 648 924 1028 975 360 487 1032 247 893 568 596 1112 553 825 811 939 697 800 904 969 558 749 960 727 128 731 894 815 370 753 145 833 840 461 896 579 475 527 631 1029 1012 923 783 111 402 438 660 388 490 686 157
177 942 505 598 610 801 266 893 670 796 845 688 594 1055 920 853 195 902 776 345 705 886 877 0 74 1245 247 806 892 744 698 644 374 766 505 272 1281 127 836 472 769 408 723 1071 915 631 905 1079 650 729 392 302 924 641 578 725 902 419 1035 1137 804 270 888 1022 520 908 769 635 704 936 498 918 714 56 1251 183 971 105 1065 559 320 642 814 1211 752 448 533 213 527 158 850 1077 680 777 718 1141 559 813 1179 1012 748 640 892 870 575 548 899 868 1004 582 913
211 965 544 659 658 793 341 926 689 849 910 756 659 1110 975 874 206 968 844 408 779 936 949 74 0 1290 237 830 956 817 747 635 443 757 509 276 1326 149 850 547 841 480 785 1095 973 643 962 1116 715 786 459 340 996 716 652 757 911 487 1056 1171 843 258 895 1041 593 960 768 708 716 983 543 918 759 131 1294 158 1010 159 1092 554 393 668 824 1257 823 476 538 234 595 212 918 1110 697 829 730 1194 613 861 1230 1025 748 645 921 943 636 606 939 925 1058 614 987
1079 483 747 697 636 873 1086 413 686 468 578 729 740 286 380 546 1098 581 670 925 916 368 776 1245 1290 0 1110 552 541 841 548 925 937 893 895 1053 35 1142 633 991 797 946 597 410 416 762 421 220 695 557 906 950 751 935 964 562 659 892 465 239 457 1105 697 503 930 358 810 883 722 311 747 775 531 1221 45 1184 296 1140 374 923 1032 667 688 48 775 831 873 1063 816 1087 644 278 698 481 712 201 698 433 153 581 807 809 441 888 713 726 360 439 297 692 929
136 744 371 560 504 557 394 722 467 704 818 695 583 966 835 652 73 881 772 351 780 777 911 247 237 1110 0 612 859 796 589 399 415 521 273 57 1145 132 619 568 808 469 678 875 843 413 832 920 632 661 414 198 951 722 668 555 677 444 832 966 653 24 659 814 592 806 531 696 485 814 385 680 590 276 1108 83 818 195 875 317 418 457 590 1082 782 278 303 99 540 202 845 905 471 680 499 1040 488 696 1070 793 511 409 711 934 535 500 750 792 909 418 986
628 137 328 482 321 348 745 140 147 372 601 625 547 536 457 56 624 656 636 573 824 357 809 806 830 552 612 0 609 780 300 374 624 358 359 560 585 684 121 758 756 664 490 265 497 216 489 335 544 427 593 508 820 803 793 116 197 598 231 363 171 600 220 224 721 394 275 748 169 342 357 308 258 800 536 694 263 705 263 374 711 163 165 539 723 357 333 596 588 662 673 302 151 352 161 565 408 297 572 243 266 257 111 897 476 459 223 459 479 234 955
769 666 520 300 387 934 662 526 644 237 49 225 298 257 189 651 814 49 142 548 379 276 242 892 956 541 859 609 0 302 336 891 522 931 770 805 567 829 730 507 256 504 181 706 141 707 142 535 242 213 501 661 230 409 450 515 804 475 727 618 439 866 829 750 440 250 858 363 720 330 489 917 368 850 574 907 462 798 670 838 601 585 769 493 238 625 764 775 370 745 103 594 670 258 721 352 373 312 403 810 841 769 564 352 325 359 432 156 249 540 399
674 874 557 310 473 1048 480 741 759 446 263 155 252 559 469 832 733 271 174 444 78 528 139 744 817 841 796 780 302 0 480 961 385 1034 808 753 868 722 892 280 46 339 298 945 427 799 424 805 237 361 381 607 190 125 186 666 974 351 952 889 633 810 991 967 224 515 975 109 838 593 515 1071 522 691 872 817 714 671 913 888 424 693 917 793 67 643 814 698 261 627 202 854 786 453 844 654 402 525 706 1013 955 856 773 139 325 357 665 416 545 623 196
537 398 218 196 88 600 547 275 308 119 316 325 259 377 249 352 564 378 337 379 527 189 513 698 747 548 589 300 336 480 0 555 402 596 444 532 583 601 415 498 455 424 191 486 267 370 256 406 246 131 370 410 527 513 511 190 496 363 482 480 161 589 515 493 449 217 524 456 386 237 206 599 42 673 557 654 296 593 461 506 498 248 447 512 422 320 435 527 316 540 382 429 335 94 388 451 156 114 484 534 507 432 300 597 199 196 228 217 320 209 655
492 463 403 656 511 159 716 514 259 667 867 819 710 887 783 382 451 931 865 588 978 692 1036 644 635 925 399 374 891 961 555 0 659 122 167 374 958 521 307 825 954 715 727 584 813 186 803 707 736 679 639 434 1062 936 900 401 329 661 528 722 510 377 300 499 818 730 152 891 204 697 445 294 528 665 908 476 636 572 599 89 712 309 257 913 922 325 151 446 711 554 924 665 238 642 213 929 562 615 942 452 140 126 484 1098 638 604 588 766 827 353 1156
288 753 303 244 327 781 149 658 534 469 474 314 224 710 578 679 349 529 402 72 365 568 510 374 443 937 415 624 522 385 402 659 0 758 492 378 971 336 703 167 404 57 364 864 564 541 554 809 281 385 31 242 555 307 256 513 785 47 846 881 549 432 787 847 177 581 721 282 603 628 267 849 433 328 951 432 698 289 846 573 96 478 707 896 383 338 508 316 153 242 476 827 557 455 613 802 245 510 846 865 698 584 672 521 225 211 629 521 666 397 571
612 412 481 725 568 38 827 494 287 698 912 886 782 892 802 348 573 974 923 689 1058 706 1097 766 757 893 521 358 931 1034 596 122 758 0 276 495 923 642 259 922 1022 812 780 519 838 234 829 672 802 726 736 544 1118 1020 990 419 251 755 461 673 518 499 215 427 909 744 83 973 211 699 524 183 562 786 870 598 617 692 542 207 819 349 204 887 989 420 254 566 793 671 975 620 260 674 211 923 632 636 928 368 92 178 458 1167 709 678 581 794 835 412 1226
340 482 257 511 382 306 551 486 213 563 740 671 559 806 688 391 309 805 726 421 819 608 892 505 509 895 273 359 770 808 444 167 492 276 0 234 929 378 348 659 804 549 596 613 711 145 700 688 591 556 474 268 921 774 736 335 403 496 566 722 445 256 386 545 654 644 265 732 214 628 296 413 426 518 885 356 598 422 618 81 545 229 316 874 773 164 29 296 552 397 789 661 209 537 227 863 417 527 884 520 244 136 467 946 490 454 538 661 746 235 1004
124 694 313 508 447 530 376 667 416 647 765 647 533 908 778 602 77 829 722 310 742 719 865 272 276 1053 57 560 805 753 532 374 378 495 234 0 1088 146 574 537 763 434 624 824 787 367 776 864 581 605 374 148 904 686 633 500 635 403 783 912 596 60 619 767 556 749 497 657 440 757 328 646 533 290 1051 133 762 199 823 288 393 403 547 1025 737 221 262 77 495 191 794 850 422 623 454 982 433 639 1013 749 476 369 658 892 483 448 694 736 852 361 945
1115 512 783 731 671 903 1120 447 720 501 605 759 772 310 411 578 1134 605 698 959 943 403 799 1281 1326 35 1145 585 567 868 583 958 971 923 929 1088 0 1178 664 1023 823 979 629 433 445 796 450 251 727 590 940 986 772 964 994 597 687 926 490 262 492 1140 725 528 961 391 841 913 754 346 783 802 567 1256 57 1219 331 1175 398 957 1066 702 718 76 802 866 907 1098 849 1123 670 306 731 515 745 220 733 468 170 606 838 842 474 911 746 760 395 470 326 727 951
63 820 395 528 512 676 279 777 545 707 784 641 536 968 834 729 69 845 725 286 696 791 846 127 149 1142 132 684 829 722 601 521 336 642 378 146 1178 0 710 471 740 384 652 949 835 504 824 967 590 648 345 191 891 634 575 608 775 375 912 1022 694 156 761 898 505 816 643 616 578 836 395 792 611 145 1145 101 861 66 944 435 315 521 687 1110 718 328 406 87 480 95 800 961 555 685 592 1050 473 714 1085 886 622 513 773 855 504 472 790 786 915 465 904
660 156 400 589 424 241 812 241 173 493 721 737 652 650 577 91 645 777 753 646 932 476 928 836 850 633 619 121 730 892 415 307 703 259 348 574 664 710 0 848 870 748 606 277 618 207 610 412 655 545 675 552 939 908 892 226 83 684 223 418 292 604 100 199 818 513 177 854 134 457 436 187 375 838 611 703 362 741 292 336 785 224 54 627 837 399 319 623 687 704 792 362 157 473 120 671 508 419 673 175 176 218 202 1013 580 558 335 580 595 306 1071
435 880 454 305 442 944 205 770 685 531 457 281 253 735 614 814 498 497 367 239 233 631 418 472 547 991 568 758 507 280 498 825 167 922 659 537 1023 471 848 0 314 110 394 981 587 700 580 895 296 437 186 408 468 169 105 643 932 168 970 973 657 587 937 975 66 634 881 171 758 696 414 1004 536 418 1013 572 788 413 958 740 157 625 857 947 305 502 674 469 182 377 432 925 709 525 767 832 353 590 880 1002 859 746 791 398 299 305 724 554 702 544 440
690 845 550 298 456 1034 509 710 743 412 219 136 245 513 427 807 747 225 134 458 125 490 107 769 841 797 808 756 256 46 455 954 404 1022 804 763 823 740 870 314 0 361 268 912 384 787 381 766 220 332 396 616 155 169 226 644 952 366 921 850 604 821 969 937 253 475 961 143 823 554 509 1051 497 718 828 834 677 693 879 883 451 678 898 748 33 641 808 712 268 647 155 817 770 421 828 608 392 492 660 986 941 846 743 145 316 350 631 376 501 610 203
340 791 350 248 357 835 158 689 582 478 455 286 214 707 578 720 401 505 376 130 312 578 469 408 480 946 469 664 504 339 424 715 57 812 549 434 979 384 748 110 361 0 359 897 560 593 551 830 268 389 76 300 516 253 199 550 831 65 883 904 577 487 835 885 122 588 773 232 652 641 312 899 458 358 963 482 720 332 877 630 97 524 754 904 343 392 564 370 136 289 448 853 605 467 662 802 270 527 848 906 751 637 706 471 234 228 652 520 667 442 520
591 576 342 125 216 787 512 443 493 151 144 149 146 347 220 539 634 210 146 378 356 244 322 723 785 597 678 490 181 298 191 727 364 780 596 624 629 652 606 394 268 359 0 647 200 548 191 520 97 63 338 481 338 355 372 381 686 317 653 602 335 684 706 669 332 242 712 299 572 311 309 790 231 685 620 727 421 625 616 668 453 430 638 553 236 446 593 596 223 572 196 562 520 155 576 443 191 227 489 717 693 609 475 408 149 180 368 161 309 374 465
893 131 583 683 541 492 996 210 408 499 717 796 745 535 520 222 889 756 779 822 1003 430 939 1071 1095 410 875 265 706 945 486 584 864 519 613 824 433 949 277 981 912 897 647 0 569 467 565 212 726 585 833 772 936 995 998 356 269 833 59 171 325 862 307 96 935 457 444 938 402 377 606 375 446 1064 376 957 245 970 40 611 957 428 326 420 881 622 585 861 801 925 794 140 405 491 389 516 629 420 498 173 447 492 191 1041 684 676 280 552 495 494 1095
772 538 480 320 342 836 712 398 557 148 166 315 346 148 48 534 809 189 254 572 500 145 382 915 973 416 843 497 141 427 267 813 564 838 711 787 445 835 618 587 384 560 200 569 0 627 11 394 293 187 537 653 370 519 550 419 687 516 593 477 326 846 715 618 523 113 760 468 628 191 458 804 286 879 445 901 323 814 532 771 653 504 662 368 360 584 701 770 423 760 239 453 581 173 626 244 361 202 293 682 746 687 438 491 342 367 301 51 119 476 540
457 336 249 490 334 249 630 349 77 481 685 651 548 702 597 245 438 748 690 476 825 507 864 631 643 762 413 216 707 799 370 186 541 234 145 367 796 504 207 700 787 593 548 467 627 0 617 550 567 497 516 357 886 789 761 217 271 532 421 579 328 398 261 401 681 544 181 740 73 515 292 310 342 636 750 496 467 539 472 161 612 123 184 745 755 209 118 417 562 504 745 519 65 456 87 749 397 429 765 382 159 61 327 932 474 443 413 580 643 177 991
761 532 469 310 331 827 703 392 547 137 164 309 337 156 47 526 798 191 250 562 497 139 382 905 962 421 832 489 142 424 256 803 554 829 700 776 450 824 610 580 381 551 191 565 11 617 0 393 285 176 527 642 372 514 544 409 679 507 588 476 318 835 707 613 515 108 751 462 618 188 447 796 276 869 449 890 320 804 528 761 644 493 653 374 357 573 690 759 414 750 239 451 571 163 617 252 350 193 300 676 737 678 432 491 332 357 296 40 124 465 540
906 263 574 589 485 652 953 201 476 370 555 668 644 331 346 326 917 583 632 782 871 277 776 1079 1116 220 920 335 535 805 406 707 809 672 688 864 251 967 412 895 766 830 520 212 394 550 393 0 611 464 777 777 764 876 891 364 440 769 259 83 274 912 478 295 840 291 590 820 505 212 583 559 377 1061 201 997 110 974 172 710 905 466 467 218 738 644 664 883 713 924 632 72 485 372 495 304 563 305 287 374 586 593 224 884 598 601 181 390 300 504 934
532 644 334 80 236 813 424 517 523 242 194 84 56 442 317 597 581 254 141 307 280 339 301 650 715 695 632 544 242 237 246 736 281 802 591 581 727 590 655 296 220 268 97 726 293 567 285 611 0 147 258 434 331 269 279 429 737 233 726 693 405 642 753 738 234 339 740 212 602 405 294 833 289 607 717 673 509 557 697 668 364 457 680 650 187 430 593 543 131 504 213 650 550 240 607 538 174 311 585 780 720 625 545 365 102 138 451 258 406 389 424
585 513 308 141 174 731 535 379 439 95 187 211 183 327 193 477 624 251 208 387 417 194 382 729 786 557 661 427 213 361 131 679 385 726 556 605 590 648 545 437 332 389 63 585 187 497 176 464 147 0 356 468 395 414 426 321 625 339 590 545 272 665 645 605 378 199 656 357 517 259 280 730 170 694 577 716 363 627 554 624 478 377 578 515 299 414 551 585 258 573 250 503 465 94 519 417 175 166 461 653 638 559 411 471 159 181 307 139 281 327 528
293 723 275 216 295 759 179 627 507 439 453 298 202 682 549 649 351 509 385 63 368 537 502 392 459 906 414 593 501 381 370 639 31 736 474 374 940 345 675 186 396 76 338 833 537 516 527 777 258 356 0 232 545 313 266 482 757 30 815 849 517 430 760 816 185 551 697 282 576 597 238 823 401 349 921 437 666 303 814 555 127 450 679 866 373 316 488 316 136 253 459 796 530 425 587 774 213 479 817 835 674 561 641 519 196 180 597 493 637 368 571
129 645 204 362 322 572 283 591 380 519 619 498 385 782 648 558 156 683 574 171 600 600 716 302 340 950 198 508 661 607 410 434 242 544 268 148 986 191 552 408 616 300 481 772 653 357 642 777 434 468 232 0 755 546 498 423 626 260 739 834 503 208 618 729 417 626 522 513 429 645 204 664 419 292 954 248 670 198 764 345 280 345 540 918 589 153 289 117 347 153 647 775 395 497 442 861 293 523 895 727 500 383 590 746 337 302 599 602 727 280 800
838 889 664 411 552 1125 665 749 832 451 221 257 372 466 419 866 894 181 196 606 257 505 51 924 996 751 951 820 230 190 527 1062 555 1118 921 904 772 891 939 468 155 516 338 936 370 886 372 764 331 395 545 755 0 314 376 716 1017 515 954 847 655 963 1039 976 409 480 1050 297 911 560 626 1125 566 873 788 982 692 845 900 997 606 769 973 702 172 762 922 857 412 798 147 824 859 468 914 551 504 531 603 1033 1032 946 786 144 434 470 659 383 472 710 178
593 911 539 320 484 1038 375 786 759 507 364 208 256 659 556 858 655 385 268 376 64 599 262 641 716 935 722 803 409 125 513 936 307 1020 774 686 964 634 908 169 169 253 355 995 519 789 514 876 269 414 313 546 314 0 65 687 991 285 995 958 673 739 1003 1006 130 592 969 56 837 665 496 1078 555 587 963 734 777 579 967 856 324 695 926 888 174 610 785 623 226 539 315 917 785 508 844 757 400 580 808 1044 947 841 813 229 327 350 721 499 638 618 271
536 907 511 315 472 1009 311 787 737 521 403 235 252 694 583 848 598 432 308 327 129 617 325 578 652 964 668 793 450 186 511 900 256 990 736 633 994 575 892 105 226 199 372 998 550 761 544 891 279 426 266 498 376 65 0 676 976 241 993 972 673 686 985 1002 81 614 943 88 813 683 469 1058 552 523 990 675 788 518 971 818 262 674 907 918 225 574 748 568 205 480 363 928 763 519 822 792 385 589 842 1036 921 811 812 294 317 334 728 525 669 595 335
549 240 227 366 204 419 640 168 141 279 502 511 430 485 384 172 555 560 528 467 708 291 703 725 757 562 555 116 515 666 190 401 513 419 335 500 597 608 226 643 644 550 381 356 419 217 409 364 429 321 482 423 716 687 676 0 308 485 333 413 111 547 325 334 605 329 343 632 209 297 250 409 150 713 555 633 265 621 343 375 603 106 257 539 611 281 316 523 472 574 570 353 163 257 207 532 292 217 550 360 327 275 168 787 360 342 202 375 426 143 845
729 177 482 672 507 223 891 296 251 568 798 819 736 707 644 153 708 852 833 726 1015 543 1007 902 911 659 677 197 804 974 496 329 785 251 403 635 687 775 83 932 952 831 686 269 687 271 679 440 737 625 757 626 1017 991 976 308 0 766 210 430 364 660 38 176 901 579 180 937 198 517 519 121 455 908 632 760 409 810 295 376 865 307 87 659 918 474 374 689 771 775 870 381 232 549 184 718 591 491 715 123 189 268 255 1094 664 642 394 652 654 388 1152
323 725 286 198 293 776 196 625 518 424 427 269 176 663 531 654 381 482 356 93 339 524 471 419 487 892 444 598 475 351 363 661 47 755 496 403 926 375 684 168 366 65 317 833 516 532 507 769 233 339 30 260 515 285 241 485 766 0 818 843 514 459 771 819 159 536 713 253 590 585 247 837 396 375 908 468 659 332 813 577 139 459 691 851 343 336 509 346 107 283 430 791 542 412 600 756 207 468 800 841 690 578 641 489 180 168 591 474 619 378 541
857 94 557 678 528 433 973 210 367 510 733 800 741 572 545 182 850 776 790 800 1006 450 955 1035 1056 465 832 231 727 952 482 528 846 461 566 783 490 912 223 970 921 883 653 59 593 421 588 259 726 590 815 739 954 995 993 333 210 818 0 228 321 818 248 37 928 480 386 938 353 403 584 315 440 1031 434 915 273 935 91 559 937 394 270 474 889 587 538 824 794 893 810 190 361 499 340 560 617 429 546 115 391 441 181 1054 677 666 295 571 528 465 1109
962 262 633 667 555 650 1023 245 509 451 639 750 723 406 429 341 968 666 716 851 955 360 859 1137 1171 239 966 363 618 889 480 722 881 673 722 912 262 1022 418 973 850 904 602 171 477 579 476 83 693 545 849 834 847 958 972 413 430 843 228 0 337 956 468 265 920 375 594 902 526 296 646 542 448 1122 205 1045 185 1032 136 735 977 509 471 253 822 695 696 937 791 984 715 61 514 452 514 367 636 383 341 343 594 616 255 967 675 676 252 474 380 556 1017
632 241 299 358 221 512 688 114 251 204 434 479 420 377 287 212 645 487 477 515 685 188 648 804 843 457 653 171 439 633 161 510 549 518 445 596 492 694 292 657 604 577 335 325 326 328 318 274 405 272 517 503 655 673 673 111 364 514 321 337 0 647 390 334 610 226 437 617 311 187 309 479 121 787 455 728 167 699 301 486 643 216 335 432 571 374 427 611 477 649 508 280 271 187 308 421 307 126 439 382 425 384 140 742 359 352 97 288 318 235 798
158 731 370 569 505 535 416 713 454 705 825 706 593 966 836 639 96 890 783 366 797 776 924 270 258 1105 24 600 866 810 589 377 432 499 256 60 1140 156 604 587 821 487 684 862 846 398 835 912 642 665 430 208 963 739 686 547 660 459 818 956 647 0 641 800 609 806 511 712 469 812 387 660 589 300 1102 101 812 219 863 296 438 447 573 1077 795 274 286 118 553 225 855 895 457 681 483 1039 494 695 1068 777 491 392 701 949 544 508 745 795 910 412 1001
717 214 485 686 520 185 888 328 252 592 821 836 749 740 673 182 694 876 853 727 1029 572 1028 888 895 697 659 220 829 991 515 300 787 215 386 619 725 761 100 937 969 835 706 307 715 261 707 478 753 645 760 618 1039 1003 985 325 38 771 248 468 390 641 0 213 910 609 148 950 189 548 523 89 475 896 670 742 444 799 333 352 865 312 80 696 936 469 356 676 781 766 892 419 230 573 177 754 602 517 751 154 159 249 288 1113 676 653 426 679 686 393 1171
845 95 553 687 533 399 970 227 352 528 754 814 750 603 570 171 835 799 808 798 1019 474 975 1022 1041 503 814 224 750 967 493 499 847 427 545 767 528 898 199 975 937 885 669 96 618 401 613 295 738 605 816 729 976 1006 1002 334 176 819 37 265 334 800 213 0 934 505 354 949 332 429 581 278 450 1020 471 897 302 924 129 534 936 385 242 510 905 576 517 810 800 883 831 227 344 516 318 594 622 447 582 78 360 417 194 1072 685 672 317 594 558 459 1128
463 839 432 253 401 929 256 724 660 473 391 215 196 670 550 777 524 431 300 247 190 572 360 520 593 930 592 721 440 224 449 818 177 909 654 556 961 505 818 66 253 122 332 935 523 681 515 840 234 378 185 417 409 130 81 605 901 159 928 920 610 609 910 934 0 574 863 114 735 638 390 980 489 467 952 604 735 451 910 736 200 598 830 885 242 493 667 493 134 410 366 873 685 468 744 767 313 536 816 965 841 731 747 351 251 263 672 491 638 517 398
752 426 436 339 304 739 731 287 470 112 265 384 382 162 65 426 781 299 341 575 583 38 487 908 960 358 806 394 250 515 217 730 581 744 644 749 391 816 513 634 475 588 242 457 113 544 108 291 339 199 551 626 480 592 614 329 579 536 480 375 226 806 609 505 574 0 664 538 536 80 423 698 220 878 378 872 212 804 420 696 675 424 560 315 448 535 630 743 458 750 342 345 492 131 533 234 350 116 270 569 651 603 327 593 356 372 189 99 103 411 645
605 332 431 665 504 76 803 411 218 622 841 824 725 811 724 265 574 902 857 654 1004 626 1032 769 768 810 531 275 858 975 524 152 721 83 265 497 841 643 177 881 961 773 712 444 760 181 751 590 740 656 697 522 1050 969 943 343 180 713 386 594 437 511 148 354 863 664 0 920 139 617 473 149 489 783 788 612 534 687 464 215 789 283 122 804 928 385 238 561 742 660 906 539 191 599 136 840 574 558 845 302 22 139 375 1106 651 622 499 718 753 353 1164
571 855 491 265 430 989 370 729 708 450 316 154 201 610 503 803 631 344 221 346 87 543 247 635 708 883 696 748 363 109 456 891 282 973 732 657 913 616 854 171 143 232 299 938 468 740 462 820 212 357 282 513 297 56 88 632 937 253 938 902 617 712 950 949 114 538 920 0 786 610 449 1026 499 582 910 714 720 564 910 813 314 643 873 836 138 567 741 598 180 521 275 861 734 452 793 707 348 523 758 988 898 794 757 239 273 298 664 445 586 567 289
531 273 303 528 366 214 699 309 79 487 703 686 589 689 593 185 512 764 717 540 869 498 893 704 716 722 485 169 720 838 386 204 603 211 214 440 754 578 134 758 823 652 572 402 628 73 618 505 602 517 576 429 911 837 813 209 198 590 353 526 311 469 189 332 735 536 139 786 0 496 344 247 352 709 706 568 431 612 411 210 678 144 111 708 789 279 185 491 610 577 767 466 52 463 14 726 438 426 737 308 120 90 280 968 515 487 385 583 630 219 1026
773 355 445 394 326 690 777 221 438 165 346 457 443 193 143 367 796 379 420 614 659 66 568 936 983 311 814 342 330 593 237 697 628 699 628 757 346 836 457 696 554 641 311 377 191 515 188 212 405 259 597 645 560 665 683 297 517 585 403 296 187 812 548 429 638 80 617 610 496 0 441 637 225 910 323 884 132 831 340 672 724 400 506 274 526 537 611 759 516 778 423 264 458 173 492 235 387 123 257 497 606 571 261 674 407 417 122 179 138 404 725
332 490 42 214 119 541 389 409 271 318 453 375 264 581 449 412 357 519 431 216 534 396 596 498 543 747 385 357 489 515 206 445 267 524 296 328 783 395 436 414 509 312 309 606 458 292 447 583 294 280 238 204 626 496 469 250 519 247 584 646 309 387 523 581 390 423 473 449 344 441 0 591 216 478 753 448 473 393 592 373 354 212 443 714 477 137 299 320 269 341 497 588 295 295 353 658 122 319 691 597 451 345 416 652 193 159 402 407 525 130 710
753 298 550 764 599 146 941 417 320 680 908 917 826 828 762 271 723 964 937 786 1107 661 1112 918 918 775 680 308 917 1071 599 294 849 183 413 646 802 792 187 1004 1051 899 790 375 804 310 796 559 833 730 823 664 1125 1078 1058 409 121 837 315 542 479 660 89 278 980 698 149 1026 247 637 591 0 559 931 746 761 531 835 405 364 923 383 153 778 1018 520 386 709 854 806 978 497 295 660 237 840 678 606 837 206 169 282 376 1195 753 728 515 767 775 462 1254
548 356 220 237 108 565 576 235 276 139 352 367 300 382 262 309 570 412 378 405 570 187 553 714 759 531 590 258 368 522 42 528 433 562 426 533 567 611 375 536 497 458 231 446 286 342 276 377 289 170 401 419 566 555 552 150 455 396 440 448 121 589 475 450 489 220 489 499 352 225 216 559 0 691 537 659 266 608 422 484 528 218 407 498 464 315 415 534 355 556 419 395 302 114 353 450 188 106 480 491 472 403 259 639 238 232 196 238 324 192 697
179 937 489 560 585 820 212 880 669 766 802 641 551 1021 886 849 213 857 730 307 651 858 825 56 131 1221 276 800 850 691 673 665 328 786 518 290 1256 145 838 418 718 358 685 1064 879 636 869 1061 607 694 349 292 873 587 523 713 908 375 1031 1122 787 300 896 1020 467 878 783 582 709 910 478 931 691 0 1228 223 952 97 1056 578 267 636 820 1185 702 444 545 222 482 138 804 1063 681 747 723 1109 527 787 1149 1014 762 650 881 815 537 512 880 833 972 571 858
1083 458 750 715 643 849 1100 400 674 485 609 756 760 321 407 527 1099 616 699 936 946 384 811 1251 1294 45 1108 536 574 872 557 908 951 870 885 1051 57 1145 611 1013 828 963 620 376 445 750 449 201 717 577 921 954 788 963 990 555 632 908 434 205 455 1102 670 471 952 378 788 910 706 323 753 746 537 1228 0 1183 290 1146 342 910 1047 660 666 88 805 830 863 1064 835 1094 678 251 685 496 696 241 710 443 195 549 786 794 425 923 729 740 357 464 327 690 966
144 826 439 606 567 635 381 801 549 766 864 730 621 1029 896 735 93 926 811 376 794 844 939 183 158 1184 83 694 907 817 654 476 432 598 356 133 1219 101 703 572 834 482 727 957 901 496 890 997 673 716 437 248 982 734 675 633 760 468 915 1045 728 101 742 897 604 872 612 714 568 884 448 761 659 223 1183 0 894 166 957 397 416 537 673 1154 811 353 386 131 570 195 885 984 554 743 582 1106 542 764 1138 877 592 492 792 953 581 547 826 851 974 493 1002
799 237 466 482 374 603 842 123 390 270 475 571 539 302 275 271 812 511 543 672 777 188 697 971 1010 296 818 263 462 714 296 636 698 617 598 762 331 861 362 788 677 720 421 245 323 467 320 110 509 363 666 670 692 777 788 265 409 659 273 185 167 812 444 302 735 212 534 720 431 132 473 531 266 952 290 894 0 865 208 628 794 371 416 278 648 541 576 778 606 815 552 140 403 268 423 309 453 199 311 373 527 516 159 802 490 492 71 309 256 401 855
82 842 399 500 505 725 216 789 572 693 751 601 501 952 817 753 125 810 687 250 641 781 800 105 159 1140 195 705 798 671 593 572 289 692 422 199 1175 66 741 413 693 332 625 970 814 539 804 974 557 627 303 198 845 579 518 621 810 332 935 1032 699 219 799 924 451 804 687 564 612 831 393 835 608 97 1146 166 865 0 962 485 256 541 723 1105 673 348 449 126 439 54 762 973 584 673 626 1037 456 708 1075 917 666 553 789 803 476 447 794 766 901 478 850
887 138 571 657 520 517 980 188 409 467 682 765 718 495 483 227 886 719 746 806 972 395 904 1065 1092 374 875 263 670 913 461 599 846 542 618 823 398 944 292 958 879 877 616 40 532 472 528 172 697 554 814 764 900 967 971 343 295 813 91 136 301 863 333 129 910 420 464 910 411 340 592 405 422 1056 342 957 208 962 0 621 939 423 344 382 848 616 591 857 777 917 759 100 408 460 399 475 607 389 459 207 466 502 175 1007 660 653 248 516 456 484 1061
404 483 333 588 452 241 627 510 238 623 810 749 637 857 745 395 365 875 801 502 900 659 969 559 554 923 317 374 838 888 506 89 573 207 81 288 957 435 336 740 883 630 668 611 771 161 761 710 668 624 555 345 997 856 818 375 376 577 559 735 486 296 352 534 736 696 215 813 210 672 373 364 484 578 910 397 628 485 621 0 624 273 294 906 851 245 74 358 633 465 863 675 225 597 222 907 493 580 925 498 197 119 485 1025 567 533 573 722 797 298 1083
282 843 386 336 422 845 60 752 613 564 552 383 308 800 669 767 346 603 473 139 387 663 558 320 393 1032 418 711 601 424 498 712 96 819 545 393 1066 315 785 157 451 97 453 957 653 612 644 905 364 478 127 280 606 324 262 603 865 139 937 977 643 438 865 936 200 675 789 314 678 724 354 923 528 267 1047 416 794 256 939 624 0 561 784 991 435 403 565 320 232 221 544 923 635 551 689 894 341 606 938 950 766 650 765 550 319 306 725 612 758 480 595
465 300 175 384 221 357 590 265 65 357 564 542 445 584 474 213 463 626 574 421 725 387 749 642 668 667 457 163 585 693 248 309 478 349 229 403 702 521 224 625 678 524 430 428 504 123 493 466 457 377 450 345 769 695 674 106 307 459 394 509 216 447 312 385 598 424 283 643 144 400 212 383 218 636 660 537 371 541 423 273 561 0 232 645 645 193 210 434 470 498 626 448 92 333 150 636 295 308 655 390 263 184 255 823 371 344 309 456 524 81 881
641 209 404 610 445 187 808 293 172 532 758 763 673 700 622 144 621 815 784 646 954 522 960 814 824 688 590 165 769 917 447 257 707 204 316 547 718 687 54 857 898 754 638 326 662 184 653 467 680 578 679 540 973 926 907 257 87 691 270 471 335 573 80 242 830 560 122 873 111 506 443 153 407 820 666 673 416 723 344 294 784 232 0 682 864 389 287 601 702 688 827 417 149 511 97 723 525 461 727 205 122 181 256 1042 600 575 386 622 644 313 1100
1046 482 716 655 600 869 1046 399 668 427 530 683 696 237 334 539 1068 532 622 886 868 329 727 1211 1257 48 1082 539 493 793 512 913 896 887 874 1025 76 1110 627 947 748 904 553 420 368 745 374 218 650 515 866 918 702 888 918 539 659 851 474 253 432 1077 696 510 885 315 804 836 708 274 714 778 498 1185 88 1154 278 1105 382 906 991 645 682 0 727 803 853 1031 772 1053 596 283 682 441 700 153 660 397 107 589 799 794 430 839 671 686 336 393 249 665 880
667 813 518 265 423 1001 494 678 710 381 197 103 214 493 401 774 723 211 106 434 141 461 128 752 823 775 782 723 238 67 422 922 383 989 773 737 802 718 837 305 33 343 236 881 360 755 357 738 187 299 373 589 172 174 225 611 918 343 889 822 571 795 936 905 242 448 928 138 789 526 477 1018 464 702 805 811 648 673 848 851 435 645 864 727 0 610 777 687 242 625 141 787 737 390 794 589 359 460 641 953 908 813 711 178 284 318 600 349 478 577 236
271 494 105 350 242 443 421 450 226 439 590 509 396 696 569 405 273 656 569 269 655 503 731 448 476 831 278 357 625 643 320 325 338 420 164 221 866 328 399 502 641 392 446 622 584 209 573 644 430 414 316 153 762 610 574 281 474 336 587 695 374 274 469 576 493 535 385 567 279 537 137 520 315 444 830 353 541 348 616 245 403 193 389 803 610 0 174 241 388 306 635 634 242 414 291 766 259 422 794 573 362 246 445 782 328 292 472 533 639 140 839
367 454 258 513 378 283 572 462 188 553 736 674 563 791 677 363 338 801 726 437 828 594 894 533 538 873 303 333 764 814 435 151 508 254 29 262 907 406 319 674 808 564 593 585 701 118 690 664 593 551 488 289 922 785 748 316 374 509 538 696 427 286 356 517 667 630 238 741 185 611 299 386 415 545 863 386 576 449 591 74 565 210 287 853 777 174 0 323 561 422 788 636 183 527 198 846 419 513 866 491 216 107 442 951 493 458 517 652 732 225 1009
47 732 315 475 439 599 300 692 457 636 732 602 492 899 766 642 38 795 682 253 681 716 815 213 234 1063 99 596 775 698 527 446 316 566 296 77 1098 87 623 469 712 370 596 861 770 417 759 883 543 585 316 117 857 623 568 523 689 346 824 937 611 118 676 810 493 743 561 598 491 759 320 709 534 222 1064 131 778 126 857 358 320 434 601 1031 687 241 323 0 445 113 755 876 467 614 505 978 410 638 1011 799 540 429 687 836 450 416 708 720 845 380 887
426 705 312 123 268 811 293 591 534 351 321 161 77 571 443 644 481 375 248 194 267 451 370 527 595 816 540 588 370 261 316 711 153 793 552 495 849 480 687 182 268 136 223 801 423 562 414 713 131 258 136 347 412 226 205 472 771 107 794 791 477 553 781 800 134 458 742 180 610 516 269 854 355 482 835 570 606 439 777 633 232 470 702 772 242 388 561 445 0 389 322 743 560 343 618 666 180 408 713 832 721 615 613 401 117 129 541 385 532 392 456
67 799 350 447 452 703 192 741 533 639 699 551 449 898 763 711 128 758 637 197 601 728 753 158 212 1087 202 662 745 627 540 554 242 671 397 191 1123 95 704 377 647 289 572 925 760 504 750 924 504 573 253 153 798 539 480 574 775 283 893 984 649 225 766 883 410 750 660 521 577 778 341 806 556 138 1094 195 815 54 917 465 221 498 688 1053 625 306 422 113 389 0 711 924 547 619 591 983 402 655 1021 879 638 524 742 760 423 393 743 712 847 432 809
