172
0 356 663 392 730 350 687 200 511 222 440 355 284 351 371 826 736 146 271 594 427 770 430 141 442 498 464 400 197 483 541 518 307 512 543 306 684 116 657 409 628 639 464 284 502 241 357 477 199 601 201 364 472 700 604 480 225 198 424 542 406 300 307 207 592 830 513 763 372 334 632 443 722 303 164 261 238 491 102 697 279 527 680 448 306 267 519 530 524 294 348 397 525 405 363 417 381 173 600 823 139 711 503 607 777 421 267 689 622 382 615 156 144 270 310 433 366 594 369 386 457 658 283 625 244 446 421 212 94 457 548 401 359 456 432 251 194 333 452 174 472 392 656 471 538 612 57 623 553 483 591 739 688 543 447 421 248 438 231 289 189 698 674 679 534 307 130 653 516 623 514 93
356 0 600 545 375 381 619 252 329 542 294 5 447 567 506 482 407 280 162 239 641 419 255 406 320 467 240 98 506 202 418 819 360 155 621 390 358 293 400 141 299 489 697 468 521 171 584 622 379 534 158 619 128 436 257 316 376 521 337 203 179 490 159 419 564 493 187 632 571 477 524 720 366 69 292 207 397 619 254 628 430 683 382 386 622 624 570 242 581 647 429 718 235 429 580 391 394 516 389 671 433 421 466 269 634 191 564 358 276 270 415 206 447 224 47 712 81 597 676 254 264 313 108 459 299 191 725 276 290 257 201 45 371 269 672 577 468 64 278 336 117 72 328 328 493 321 394 326 466 202 348 405 423 309 294 740 237 348 586 87 481 386 335 326 177 49 481 310 478 597 228 449
663 600 0 1037 775 926 23 480 929 873 890 595 924 470 357 922 905 731 480 691 1089 838 345 800 914 1046 840 696 856 793 1015 722 356 633 1163 362 540 717 369 741 536 167 523 437 182 702 1020 357 475 67 628 539 681 387 751 288 850 639 923 552 424 951 733 857 82 953 519 147 1030 970 96 618 756 638 755 750 441 328 634 33 913 1179 461 228 952 819 1122 440 216 786 954 717 447 260 1024 248 949 810 985 214 802 973 160 559 173 414 926 555 766 856 264 644 596 434 583 619 519 120 661 843 864 794 668 199 814 789 676 777 692 351 580 600 304 868 528 663 858 540 877 490 604 669 539 925 125 887 720 453 133 793 937 893 387 346 891 722 768 257 816 646 852 918 581 764 644 594 761 589 1060 69 443 708
392 545 1037 0 829 184 1060 557 421 282 365 548 113 732 764 862 752 307 576 718 120 842 745 253 339 248 450 510 262 516 367 822 688 665 166 693 899 319 939 480 840 982 829 676 888 377 112 868 592 972 429 729 592 978 691 806 187 539 301 743 690 94 392 185 972 847 732 1117 67 69 991 781 830 477 285 338 630 883 402 1070 124 143 928 811 286 459 170 785 915 527 125 689 778 788 98 789 193 338 494 1170 268 666 877 806 1127 706 234 896 701 331 932 399 519 608 524 770 607 981 688 351 417 728 437 959 247 477 736 276 345 762 734 581 735 411 797 571 219 570 396 561 644 523 868 367 912 600 347 872 915 516 527 765 965 836 373 714 308 791 414 460 240 691 868 773 681 514 363 841 263 1005 770 399
730 375 775 829 0 644 786 611 439 901 471 377 757 913 828 146 166 634 511 136 943 62 485 760 502 650 382 342 863 313 537 1181 681 222 841 715 252 654 422 357 240 614 1039 813 780 514 899 932 737 725 529 973 261 425 138 514 700 894 538 242 426 803 463 755 778 180 282 732 874 771 680 1077 20 428 639 526 746 920 628 792 740 945 335 632 975 997 783 343 850 1022 703 1088 339 715 892 660 640 884 418 737 792 284 702 217 720 423 912 236 127 498 515 576 820 561 422 1070 392 826 1044 477 418 105 455 580 614 352 1090 607 657 460 219 331 669 424 1018 950 817 413 440 698 264 343 242 482 713 266 765 325 663 312 357 147 418 431 465 1109 557 591 958 444 834 217 202 56 199 424 852 188 651 805 347 823
350 381 926 184 644 0 948 457 247 355 184 385 139 699 702 680 571 214 447 535 300 657 607 248 162 148 266 332 320 331 221 850 597 487 242 611 725 240 781 298 667 848 814 623 797 228 267 816 528 859 298 714 412 818 506 670 136 537 125 570 543 180 222 189 870 667 563 988 234 131 868 787 646 316 191 181 564 826 311 958 125 308 761 698 398 520 197 624 836 577 59 721 616 695 257 683 31 382 329 1035 280 492 771 631 995 558 332 721 517 146 787 285 494 492 369 777 452 887 705 167 234 543 278 822 115 293 757 153 268 619 558 412 637 228 782 583 262 417 214 488 469 348 694 193 804 419 328 706 797 332 353 583 804 685 193 746 158 670 471 302 287 512 691 588 501 358 385 663 166 904 609 399
687 619 23 1060 786 948 0 503 948 897 910 614 947 491 379 932 918 754 502 705 1113 848 364 823 934 1067 859 715 880 811 1035 740 379 648 1185 385 547 740 375 760 546 173 541 460 205 723 1043 375 499 89 650 559 698 391 765 306 873 661 944 566 442 974 754 881 104 964 533 132 1053 993 106 637 766 659 778 772 464 346 657 9 936 1202 468 250 975 842 1145 454 235 808 977 738 461 284 1047 271 971 833 1003 198 826 989 183 570 159 432 949 563 780 876 272 667 619 456 604 638 538 137 682 864 883 807 688 207 836 808 696 799 715 368 594 618 327 888 547 686 881 559 897 513 620 687 548 945 148 903 743 462 153 811 955 906 392 359 911 742 790 278 839 667 876 932 590 776 659 615 785 599 1081 87 457 732
200 252 480 557 611 457 503 0 528 423 469 249 443 315 267 731 660 252 101 478 613 662 232 325 484 590 454 337 397 440 591 570 141 391 686 159 513 237 463 367 462 440 445 216 340 251 545 386 127 414 172 366 380 506 507 279 370 293 482 390 223 472 304 378 417 744 354 567 551 490 438 469 599 238 276 297 145 389 154 513 433 698 496 255 507 436 650 350 381 439 479 478 347 238 547 232 483 371 606 625 334 669 320 449 580 236 467 520 526 420 415 172 219 72 207 461 219 430 432 415 463 563 247 424 342 416 478 304 212 261 404 288 181 465 419 346 387 200 467 86 348 316 488 505 355 567 258 441 360 440 577 657 494 348 473 498 306 240 412 235 386 638 513 569 413 212 323 496 607 450 335 275
511 329 929 421 439 247 948 528 0 587 73 334 385 827 796 446 334 367 469 362 541 438 584 459 85 211 90 234 549 155 103 1030 661 351 404 686 586 397 691 188 535 813 954 735 842 285 514 915 637 863 359 861 276 719 314 644 359 710 122 449 506 427 224 418 892 427 460 955 479 378 852 949 446 299 354 252 666 917 431 957 369 517 644 713 640 736 345 539 897 785 303 908 530 745 503 714 230 600 89 988 494 245 793 496 955 518 573 578 317 131 731 380 649 529 350 940 410 922 881 125 66 333 282 782 285 143 933 305 417 583 428 333 685 63 924 763 492 390 61 591 356 261 559 54 821 183 513 598 796 156 106 349 707 623 65 932 264 676 689 297 516 271 542 387 355 340 589 514 211 925 528 587
222 542 873 282 901 355 897 423 587 0 515 543 222 489 549 975 874 266 489 769 255 932 652 140 503 487 572 558 38 614 576 540 519 694 448 511 891 249 877 550 833 861 567 458 703 387 193 635 398 814 386 469 640 920 766 702 228 281 472 742 623 200 441 168 798 971 717 980 229 259 850 507 896 478 262 379 434 655 301 907 232 380 894 666 84 177 448 743 712 244 317 408 738 612 205 633 383 68 674 1042 109 820 715 808 996 639 59 894 781 460 838 338 287 492 503 497 571 793 412 473 551 815 447 847 306 573 457 300 253 678 743 587 573 548 535 301 94 535 538 385 659 558 862 535 750 732 166 837 770 614 686 881 907 763 524 432 351 659 132 461 71 824 875 847 715 496 113 851 505 827 727 166
440 294 890 365 471 184 910 469 73 515 0 299 318 762 736 497 387 295 419 376 484 478 548 386 31 188 90 209 477 163 125 958 606 348 372 628 589 325 677 164 534 783 887 672 792 220 452 854 573 823 297 793 270 709 337 610 287 638 67 443 473 361 165 347 848 482 447 926 419 316 817 880 475 252 282 183 604 858 363 919 301 473 639 669 570 663 315 521 844 712 243 836 513 693 441 666 172 527 162 963 421 310 748 496 928 485 503 583 345 58 707 313 579 477 306 870 375 875 810 55 53 367 228 753 212 133 862 232 346 551 425 307 633 46 857 691 421 350 31 528 344 234 560 36 777 234 440 589 757 163 172 399 696 599 8 860 192 634 616 246 444 327 549 416 357 295 516 520 195 882 508 514
355 5 595 548 377 385 614 249 334 543 299 0 449 564 502 485 410 281 158 240 643 421 250 406 325 471 245 103 507 207 422 816 355 156 625 385 356 294 396 146 297 484 693 464 516 173 586 618 376 529 158 615 131 433 260 311 378 519 342 202 174 492 162 420 559 496 184 627 573 480 519 717 367 71 293 209 393 614 253 623 433 686 380 381 623 622 574 239 576 645 432 716 231 425 582 386 398 516 394 666 434 425 461 267 629 186 564 357 279 274 411 205 445 219 45 709 76 592 674 258 269 316 110 455 302 196 722 278 290 252 200 46 366 274 668 575 469 59 283 333 117 77 326 333 487 325 394 323 461 207 353 409 419 305 299 737 239 343 586 89 481 390 334 328 178 47 480 309 483 592 224 448
284 447 924 113 757 139 947 443 385 222 318 449 0 630 655 807 700 195 465 638 194 777 635 149 299 264 391 424 191 448 358 744 575 577 260 581 804 206 834 401 745 870 733 569 776 276 142 761 481 858 320 632 509 874 618 695 75 445 263 648 582 46 302 78 859 796 634 1005 123 50 878 692 756 377 173 243 520 775 289 956 17 255 828 698 259 395 243 683 804 458 95 612 676 675 135 675 164 261 468 1058 172 628 764 713 1015 598 194 803 631 270 823 288 417 495 422 682 503 868 604 288 363 661 339 848 149 408 653 171 231 653 642 486 622 358 700 483 136 466 345 449 552 434 774 331 799 549 243 771 802 449 489 710 861 729 326 637 211 678 347 360 161 643 777 701 595 411 275 750 282 892 667 303
351 567 470 732 913 699 491 315 827 489 762 564 630 0 118 1039 974 488 408 783 740 967 455 481 771 846 761 652 488 754 875 285 237 697 891 202 768 460 661 679 729 538 129 100 289 542 673 149 192 431 470 73 695 701 818 462 576 209 760 677 491 638 604 552 387 1055 637 609 699 680 492 174 898 552 509 579 170 174 401 499 627 857 726 354 550 378 870 605 261 330 700 249 605 254 682 310 730 420 910 677 464 984 347 726 632 498 548 779 837 707 572 448 213 353 523 170 524 359 192 706 765 874 554 543 589 727 215 553 433 486 696 601 267 766 105 210 516 511 766 238 654 632 749 797 374 882 387 682 422 754 887 971 692 560 768 256 577 379 391 546 500 953 782 874 718 528 380 772 864 406 594 335
371 506 357 764 828 702 379 267 796 549 736 502 655 118 0 961 904 488 343 704 790 885 353 511 749 844 721 598 541 703 856 400 148 620 913 116 665 464 548 631 630 419 219 91 175 516 721 118 175 314 438 192 629 587 745 352 592 288 745 587 401 671 572 579 275 980 547 493 741 705 374 288 812 504 512 559 138 123 391 388 649 897 617 238 620 467 886 505 163 430 712 367 507 137 728 195 731 482 873 561 503 927 228 631 515 405 607 677 763 685 456 428 261 282 466 286 450 254 310 681 730 799 514 425 587 682 334 550 436 384 609 533 162 733 207 307 558 445 735 214 578 575 648 772 256 827 419 576 303 703 843 899 579 452 740 375 563 267 471 502 546 890 684 794 640 472 436 676 861 297 496 385
826 482 922 862 146 680 932 731 446 975 497 485 807 1039 961 0 111 713 632 257 981 83 625 835 523 653 415 425 936 362 529 1300 813 342 846 846 395 737 567 425 386 761 1167 940 922 594 946 1068 857 871 625 1096 356 568 224 658 760 1002 561 383 562 852 535 818 924 41 422 877 915 812 827 1200 166 523 713 595 870 1058 724 938 790 963 479 774 1044 1089 788 488 992 1121 739 1201 483 854 936 800 669 967 396 879 868 225 846 363 864 561 978 379 206 537 661 669 929 686 530 1192 515 971 1159 518 446 168 543 726 674 403 1207 675 744 602 358 442 805 452 1145 1059 886 530 466 816 385 434 387 497 858 263 853 471 808 361 345 97 561 577 489 1222 623 733 1047 536 905 176 346 167 321 529 940 334 650 951 490 918
736 407 905 752 166 571 918 660 334 874 387 410 700 974 904 111 0 616 565 214 871 127 586 735 413 542 308 337 835 260 419 1225 755 287 735 788 409 642 571 329 384 752 1103 874 884 499 837 1016 786 850 538 1026 279 580 161 628 655 920 451 353 516 745 437 714 898 97 388 878 806 702 813 1128 184 438 614 496 803 1008 636 925 682 852 490 737 940 995 677 465 952 1030 630 1120 458 807 828 757 559 870 286 889 769 125 813 353 869 518 874 395 143 429 654 580 848 624 453 1120 453 942 1081 411 337 111 453 717 570 300 1130 574 651 568 325 373 755 342 1079 976 783 462 357 743 327 350 393 386 829 152 760 470 784 259 234 19 571 559 378 1142 522 695 952 450 804 66 357 147 270 451 846 337 539 927 463 827
146 280 731 307 634 214 754 252 367 266 295 281 195 488 488 713 616 0 270 503 379 666 441 126 295 358 327 292 229 357 394 664 389 428 434 400 636 30 647 288 577 675 606 409 591 120 315 602 313 665 132 508 373 688 500 500 120 344 278 483 392 229 179 144 669 712 462 809 312 239 683 589 629 213 24 122 350 611 99 764 182 450 650 504 343 380 400 500 626 422 227 541 494 489 315 484 244 253 456 863 157 577 573 549 819 408 283 637 516 236 629 93 289 300 245 579 322 682 516 242 316 551 180 653 101 317 568 66 55 460 482 324 433 314 575 396 188 284 308 274 395 291 606 325 607 482 148 592 608 357 452 622 675 539 302 565 103 483 336 196 201 572 615 580 449 237 230 591 376 703 484 221
271 162 480 576 511 447 502 101 469 489 419 158 465 408 343 632 565 270 0 377 649 562 171 372 440 565 387 256 458 362 545 670 198 291 687 227 418 266 388 293 365 405 537 308 373 221 583 460 226 413 149 464 287 431 410 229 389 392 446 289 134 500 256 412 430 647 254 543 582 507 420 567 498 170 292 270 238 457 191 511 451 719 409 253 573 526 644 259 427 534 480 580 255 275 584 246 469 445 540 594 389 584 330 349 551 150 525 424 428 379 360 176 318 61 124 560 118 456 533 369 403 465 192 383 339 343 579 303 248 192 302 192 215 406 513 446 437 103 412 187 248 232 392 456 361 483 324 353 350 361 504 562 418 275 422 599 288 223 497 173 441 548 414 469 313 132 401 397 580 464 243 357
594 239 691 718 136 535 705 478 362 769 376 240 638 783 704 257 214 503 377 0 828 184 373 629 408 564 287 215 732 213 465 1048 555 86 749 589 231 522 370 238 189 541 910 683 671 383 780 812 604 635 394 841 130 387 64 413 577 758 442 139 306 684 338 629 683 277 173 671 758 656 599 945 127 293 509 400 615 802 492 712 620 841 301 524 846 862 692 251 740 886 592 953 244 599 773 547 535 750 368 688 660 291 599 151 664 306 783 220 76 391 444 441 684 430 286 938 259 727 909 370 324 103 322 506 491 246 956 480 523 354 111 195 549 331 889 814 688 278 347 564 130 211 207 395 614 226 630 268 569 213 307 204 376 345 371 974 431 482 823 309 703 229 183 91 64 288 717 155 568 712 249 688
427 641 1089 120 943 300 1113 613 541 255 484 643 194 740 790 981 871 379 649 828 0 958 820 289 459 365 567 616 252 630 486 786 734 770 238 734 999 383 1026 590 940 1050 823 699 929 470 69 884 625 1026 510 725 700 1066 804 878 266 535 420 842 772 151 495 237 1019 966 828 1181 70 172 1052 761 943 572 360 437 663 902 463 1122 211 130 1022 869 224 419 265 875 948 488 241 656 869 833 65 841 312 322 614 1237 289 786 929 907 1193 788 196 998 816 447 1009 473 531 673 615 751 696 1022 665 466 535 843 533 1030 343 591 708 365 404 840 836 680 785 529 790 557 233 659 514 601 746 627 968 487 964 719 373 965 974 631 647 883 1053 918 492 679 405 853 380 554 244 811 971 887 787 605 360 944 378 1051 860 407
770 419 838 842 62 657 848 662 438 932 478 421 777 967 885 83 127 666 562 184 958 0 545 791 507 649 391 374 893 328 530 1232 737 271 842 771 312 688 483 382 302 677 1094 867 841 546 918 990 788 787 569 1026 297 485 166 576 724 940 545 302 484 823 491 780 841 118 342 793 890 787 743 1130 82 466 669 553 799 979 668 854 759 951 396 693 1004 1036 783 405 911 1064 717 1136 400 775 910 720 650 919 403 797 823 252 764 279 781 482 939 296 150 511 577 615 866 614 466 1123 443 889 1093 491 425 116 490 642 637 369 1140 634 693 521 278 377 727 432 1072 996 845 462 447 748 314 379 303 485 775 256 802 387 725 328 346 107 478 494 471 1157 583 652 996 481 863 188 263 93 249 467 889 250 648 868 408 863
430 255 345 745 485 607 364 232 584 652 548 250 635 455 353 625 586 441 171 373 820 545 0 542 573 713 495 350 624 448 673 738 218 301 849 252 313 437 231 395 276 240 572 363 297 379 754 449 319 281 316 523 339 274 426 62 559 509 587 242 78 671 398 583 318 650 203 382 753 676 269 628 468 300 462 426 310 436 360 373 621 888 276 150 736 666 804 152 367 662 645 672 153 231 755 175 626 603 639 428 556 638 227 278 387 70 692 325 443 518 189 347 440 160 244 623 174 358 619 504 519 476 334 215 504 444 657 470 418 32 267 255 191 524 556 557 606 198 533 299 266 323 295 583 247 547 486 228 213 447 592 577 263 117 549 688 449 108 644 311 609 588 330 459 316 256 556 323 726 350 143 508
141 406 800 253 760 248 823 325 459 140 386 406 149 481 511 835 735 126 372 629 289 791 542 0 378 393 436 417 102 475 462 603 445 555 409 446 759 113 759 410 701 765 584 423 642 246 219 614 341 736 252 483 500 801 625 597 111 297 351 607 503 159 300 71 731 832 585 893 231 199 764 546 755 340 121 239 379 629 181 833 148 386 768 580 216 277 391 618 665 331 229 473 612 544 223 552 279 141 548 951 35 686 639 673 906 519 158 761 641 328 730 207 267 388 368 535 441 735 460 340 418 675 307 747 173 434 511 161 125 565 607 450 496 415 551 339 65 404 406 314 522 418 729 410 675 595 94 711 685 475 554 741 788 647 394 498 212 566 230 322 74 687 740 706 576 361 136 716 412 762 602 155
442 320 914 339 502 162 934 484 85 503 31 325 299 771 749 523 413 295 440 408 459 507 573 378 0 157 121 238 466 194 106 960 622 379 341 644 621 326 707 194 566 810 894 683 812 233 429 868 583 847 311 799 301 739 368 635 275 640 38 474 499 341 183 334 870 507 477 952 395 293 842 884 506 275 280 191 616 872 370 943 283 443 670 691 555 656 283 551 862 707 219 835 542 712 419 687 146 519 171 991 413 330 770 527 955 512 488 615 376 64 735 323 583 496 330 874 401 896 811 70 84 397 248 780 206 165 863 231 348 577 456 336 651 77 864 692 408 375 61 539 375 263 592 32 799 260 438 620 781 195 191 426 726 627 37 860 195 657 608 268 432 352 580 447 389 319 511 552 164 904 538 512
498 467 1046 248 650 148 1067 590 211 487 188 471 264 846 844 653 542 358 565 564 365 649 713 393 157 0 276 392 456 350 127 997 732 536 193 748 778 386 861 349 723 953 962 768 929 345 358 959 671 978 422 862 458 894 520 776 283 686 130 630 642 293 315 330 995 631 632 1095 315 233 980 935 656 413 337 296 706 968 453 1076 255 314 826 819 517 659 135 703 972 719 170 867 695 826 344 809 116 523 262 1137 424 439 895 684 1099 656 455 772 526 197 883 419 642 617 468 925 546 1017 853 214 239 544 379 925 257 322 904 294 413 720 613 488 767 232 930 731 399 516 217 630 530 416 749 168 927 393 476 776 914 350 308 557 881 776 193 892 284 788 611 402 424 477 737 596 546 457 529 709 18 1029 690 546
464 240 840 450 382 266 859 454 90 572 90 245 391 761 721 415 308 327 387 287 567 391 495 436 121 276 0 144 534 73 189 978 582 265 462 608 504 356 602 99 451 723 889 666 758 225 530 840 568 775 291 799 188 631 247 554 349 660 156 362 417 437 159 408 805 405 371 864 500 396 762 892 385 218 320 205 595 840 374 868 374 562 558 626 635 707 405 449 815 750 325 861 440 662 521 629 259 575 152 898 471 250 707 412 864 428 568 497 255 121 641 320 595 448 265 883 321 837 830 103 37 278 207 691 265 52 881 275 372 493 342 243 603 44 860 715 479 303 59 523 267 171 475 109 733 160 475 510 707 74 128 318 619 532 84 885 226 589 661 219 501 253 462 326 272 256 557 433 281 838 437 547
400 98 696 510 342 332 715 337 234 558 209 103 424 652 598 425 337 292 256 215 616 374 350 417 238 392 144 0 520 105 328 891 454 155 562 483 393 314 468 46 336 579 781 553 620 171 566 716 460 631 201 698 84 501 208 410 362 583 262 240 272 470 123 414 662 429 239 721 545 445 618 797 338 102 296 185 482 713 299 724 407 640 435 484 632 663 507 312 679 695 386 783 304 527 560 490 338 544 290 756 449 331 565 299 722 283 569 389 224 199 499 244 512 318 132 789 177 696 746 180 171 259 117 548 276 93 796 265 319 349 227 99 468 177 755 639 474 162 188 415 139 27 363 240 591 230 428 383 563 105 249 339 488 391 207 806 216 446 622 113 491 305 359 288 171 125 515 331 402 696 299 492
197 506 856 262 863 320 880 397 549 38 477 507 191 488 541 936 835 229 458 732 252 893 624 102 466 456 534 520 0 575 541 559 500 657 429 495 856 212 847 512 799 837 573 449 688 349 186 631 383 795 350 474 602 890 728 675 191 283 435 706 592 175 402 132 782 933 682 959 216 231 829 519 858 441 224 341 420 650 269 889 200 371 862 645 116 204 425 711 701 267 286 427 705 596 195 613 349 75 637 1020 73 782 697 772 974 608 70 859 743 422 811 303 280 465 467 508 537 780 425 435 513 777 409 822 268 535 473 261 219 649 707 551 553 510 541 310 58 501 500 366 623 520 827 498 732 693 139 804 749 576 648 843 877 734 486 451 313 636 156 424 33 786 839 808 678 460 108 816 474 812 695 155
483 202 793 516 313 331 811 440 155 614 163 207 448 754 703 362 260 357 362 213 630 328 448 475 194 350 73 105 575 0 258 986 560 195 535 588 432 383 537 75 379 667 883 656 724 242 589 821 562 729 293 798 121 564 176 505 398 673 229 294 369 494 178 456 763 357 306 808 562 458 711 895 315 202 354 236 585 819 386 819 431 632 488 586 682 737 478 386 784 775 390 874 378 632 581 594 327 610 192 838 509 231 667 340 806 378 616 424 185 184 582 329 604 424 237 886 277 798 839 164 110 212 205 635 312 41 890 313 394 442 272 192 574 117 856 729 524 267 133 516 202 130 404 182 691 130 502 442 661 0 145 267 552 473 157 897 262 547 693 208 544 215 389 257 200 230 587 360 355 796 376 571
541 418 1015 367 537 221 1035 591 103 576 125 422 358 875 856 529 419 394 545 465 486 530 673 462 106 127 189 328 541 258 0 1056 729 453 317 750 690 424 792 282 638 906 998 788 917 339 471 974 689 949 418 901 377 821 415 734 353 737 116 551 597 395 289 409 974 506 560 1049 431 339 942 984 545 378 377 297 722 979 474 1044 345 442 747 795 618 738 260 637 968 794 266 929 629 818 459 791 194 601 135 1084 496 312 874 599 1050 609 552 682 418 170 827 429 684 602 432 974 499 1001 908 176 157 431 353 876 298 241 960 328 448 674 531 427 757 151 967 787 483 475 140 645 456 354 662 90 903 274 531 700 882 259 185 435 808 719 123 954 298 760 690 372 508 353 646 486 459 421 598 617 121 1007 626 605
518 819 722 822 1181 850 740 570 1030 540 958 816 744 285 400 1300 1225 664 670 1048 786 1232 738 603 960 997 978 891 559 986 1056 0 520 961 988 486 1052 633 947 910 1010 815 198 376 553 752 731 365 444 696 693 215 947 986 1076 748 714 319 940 952 769 734 818 670 643 1312 913 868 769 788 762 111 1168 789 679 778 437 394 603 747 748 916 1011 638 564 367 984 887 505 298 832 132 887 537 744 594 882 485 1118 936 574 1218 623 1004 893 778 594 1062 1095 900 856 659 383 622 772 115 789 603 148 904 974 1132 781 823 757 954 96 729 612 770 969 857 553 973 197 268 609 770 970 484 918 875 1032 989 645 1117 524 966 699 986 1106 1224 978 846 966 107 766 664 409 779 585 1196 1063 1139 983 774 469 1052 1016 653 876 452
307 360 356 688 681 597 379 141 661 519 606 355 575 237 148 813 755 389 198 555 734 737 218 445 622 732 582 454 500 560 729 520 0 472 824 34 532 371 436 490 491 353 358 144 201 391 665 262 126 294 312 304 481 478 596 234 505 313 622 442 256 599 441 505 285 831 402 463 676 623 332 410 666 364 414 437 101 259 290 389 566 828 493 153 599 486 789 368 240 469 617 457 368 99 669 114 624 458 735 526 447 781 196 489 479 262 570 543 615 559 359 313 255 136 322 405 302 292 403 552 595 651 379 347 482 540 439 444 344 250 462 385 54 598 340 354 502 297 602 134 430 430 512 642 231 681 364 446 252 560 702 750 468 328 610 471 447 160 475 364 496 742 545 646 492 329 409 535 748 317 357 356
512 155 633 665 222 487 648 391 351 694 348 156 577 697 620 342 287 428 291 86 770 271 301 555 379 536 265 155 657 195 453 961 472 0 713 505 241 445 344 190 186 492 825 597 598 311 718 730 517 573 313 755 77 369 126 347 512 672 408 99 229 622 275 560 617 359 118 628 699 600 544 859 211 215 437 335 528 722 410 656 560 795 293 451 772 779 658 201 665 802 542 866 193 520 713 470 491 671 377 653 585 340 528 148 624 231 711 236 144 349 399 360 598 344 201 851 173 659 822 329 300 179 248 458 428 215 869 413 444 285 77 110 468 307 803 728 616 191 321 477 43 143 212 373 546 256 549 247 506 194 320 280 357 294 344 887 366 409 742 233 630 287 204 177 22 204 636 176 543 647 194 605
543 621 1163 166 841 242 1185 686 404 448 372 625 260 891 913 846 735 434 687 749 238 842 849 409 341 193 462 562 429 535 317 988 824 713 0 833 955 453 1021 523 898 1090 992 828 1025 470 267 1021 739 1096 537 891 636 1057 709 912 321 702 307 802 785 257 462 338 1103 823 799 1230 224 210 1108 946 846 558 410 423 777 1034 534 1195 264 139 996 935 446 625 58 864 1058 693 208 856 856 923 253 917 227 504 452 1278 429 630 1005 860 1237 801 398 950 716 363 1030 518 677 729 612 936 694 1117 854 383 426 736 520 1065 348 503 902 385 481 862 788 649 868 418 959 737 384 660 403 704 701 582 925 358 1039 586 503 943 1036 536 501 750 1044 927 378 880 400 909 581 544 405 670 917 787 725 600 528 889 196 1137 849 561
306 390 362 693 715 611 385 159 686 511 628 385 581 202 116 846 788 400 227 589 734 771 252 446 644 748 608 483 495 588 750 486 34 505 833 0 566 379 467 517 526 374 324 112 196 411 664 232 113 304 332 271 512 508 629 265 512 291 642 476 290 603 463 509 287 865 437 477 678 630 347 375 700 390 424 456 80 231 300 395 573 831 526 174 590 467 801 402 225 446 628 426 403 101 669 132 638 448 761 542 445 811 205 524 495 296 564 577 648 580 387 329 238 166 350 371 334 288 371 574 620 684 403 371 495 568 406 457 352 284 497 417 75 622 305 328 501 328 625 132 463 459 547 664 240 711 361 480 268 588 729 783 498 361 632 439 464 188 459 389 493 774 580 680 525 357 399 570 764 317 391 346
684 358 540 899 252 725 547 513 586 891 589 356 804 768 665 395 409 636 418 231 999 312 313 759 621 778 504 393 856 432 690 1052 532 241 955 566 0 646 173 431 59 374 884 676 578 529 942 753 623 497 506 837 319 173 292 317 734 806 650 156 291 848 506 777 556 431 174 482 928 832 444 942 232 427 649 562 619 736 590 552 787 1032 83 439 973 944 899 165 649 952 778 980 167 536 938 476 731 856 599 484 784 511 495 94 469 279 917 16 299 591 276 553 732 445 391 937 319 608 929 571 540 310 466 341 655 456 969 635 637 282 166 318 503 547 869 857 823 355 562 594 255 376 30 613 498 456 732 92 441 431 538 392 166 219 585 997 593 402 914 445 833 445 51 262 232 399 814 76 785 579 179 774
116 293 717 319 654 240 740 237 397 249 325 294 206 460 464 737 642 30 266 522 383 688 437 113 326 386 356 314 212 383 424 633 371 445 453 379 646 0 649 313 588 667 577 383 572 143 317 576 288 652 139 479 393 691 522 494 133 314 308 494 393 236 204 145 653 737 472 800 318 253 672 559 648 229 49 151 326 587 83 750 195 461 656 492 328 354 422 505 605 394 249 510 500 471 317 469 270 230 486 855 139 605 558 560 811 409 271 648 538 266 626 94 260 291 255 549 328 664 485 272 345 573 199 647 129 344 537 96 27 458 495 338 417 344 545 366 177 291 338 251 410 311 616 355 592 509 119 598 596 383 481 646 677 539 332 535 133 473 310 212 187 598 627 601 466 248 204 603 404 686 489 191
657 400 369 939 422 781 375 463 691 877 677 396 834 661 548 567 571 647 388 370 1026 483 231 759 707 861 602 468 847 537 792 947 436 344 1021 467 173 649 0 513 186 202 765 579 432 562 963 620 548 332 515 733 415 43 434 201 760 739 730 245 256 874 559 792 394 602 231 310 956 870 274 835 402 465 665 603 534 599 578 380 819 1079 92 310 961 897 970 157 502 893 827 893 165 412 962 353 794 831 721 318 777 661 348 219 298 240 914 189 445 665 108 555 671 391 414 832 331 447 838 647 635 464 504 170 692 550 873 663 634 201 270 373 395 641 755 786 824 368 654 530 335 445 180 707 344 592 712 101 284 536 664 555 31 115 675 907 631 282 875 480 829 598 220 423 345 425 785 235 871 414 171 738
409 141 741 480 357 298 760 367 188 550 164 146 401 679 631 425 329 288 293 238 590 382 395 410 194 349 99 46 512 75 282 910 490 190 523 517 431 313 513 0 375 625 809 582 661 170 543 750 487 676 217 723 113 545 218 455 343 598 220 281 318 447 109 398 706 424 283 767 520 418 663 819 355 128 288 171 511 749 311 769 383 606 477 527 621 666 467 357 719 702 355 799 349 566 536 531 301 542 248 802 443 307 608 337 768 329 557 426 232 159 545 254 528 354 169 811 221 738 763 139 125 265 129 594 256 50 814 252 322 394 265 145 507 130 781 654 463 204 142 441 181 73 402 194 634 206 431 426 608 75 212 333 532 437 162 822 201 490 623 133 481 289 394 301 203 160 517 366 358 739 345 498
628 299 536 840 240 667 546 462 535 833 534 297 745 729 630 386 384 577 365 189 940 302 276 701 566 723 451 336 799 379 638 1010 491 186 898 526 59 588 186 375 0 374 848 634 555 470 883 723 576 487 448 796 264 198 252 289 675 756 594 97 242 789 447 718 543 419 116 494 869 773 440 901 220 368 591 503 574 708 534 552 728 974 112 412 915 890 843 124 627 900 720 934 123 504 879 446 674 799 552 504 726 477 474 39 484 233 859 60 262 534 275 495 682 397 332 896 263 593 884 514 486 279 407 340 596 401 925 575 580 246 109 259 467 493 831 808 765 298 508 545 197 318 28 559 481 415 676 85 427 379 493 369 188 197 531 952 534 373 859 386 775 413 53 237 179 340 758 53 730 569 134 719
639 489 167 982 614 848 173 440 813 861 783 484 870 538 419 761 752 675 405 541 1050 677 240 765 810 953 723 579 837 667 906 815 353 492 1090 374 374 667 202 625 374 0 621 476 266 620 982 461 480 138 554 611 550 221 603 178 794 666 825 403 311 903 638 813 203 794 374 142 985 912 73 705 594 540 697 667 454 437 586 178 857 1125 294 200 943 840 1045 292 328 821 885 785 299 288 984 242 867 804 859 188 774 829 192 400 146 297 907 390 617 757 99 582 609 377 484 704 408 256 728 742 750 642 574 34 743 670 754 709 645 232 431 480 300 756 618 702 827 437 766 479 469 552 375 817 172 748 697 289 116 667 807 739 220 197 784 794 690 201 828 551 827 770 416 608 500 496 755 427 966 216 297 703
464 697 523 829 1039 814 541 445 954 567 887 693 733 129 219 1167 1103 606 537 910 823 1094 572 584 894 962 889 781 573 883 998 198 358 825 992 324 884 577 765 809 848 621 0 229 357 668 759 166 321 498 598 101 824 803 947 571 686 291 882 801 614 736 731 655 444 1184 761 669 789 782 565 102 1024 681 626 704 300 195 524 548 732 945 836 455 617 426 976 723 306 364 809 226 724 353 769 413 845 501 1037 737 563 1113 430 847 694 620 627 896 966 831 669 574 320 480 653 107 652 404 183 831 892 1002 683 632 707 856 171 673 551 602 821 730 380 893 32 267 610 640 892 367 782 761 867 921 450 1012 492 795 505 883 1016 1100 796 671 893 220 699 486 451 675 591 1083 901 1002 846 657 467 893 980 454 713 430
284 468 437 676 813 623 460 216 735 458 672 464 569 100 91 940 874 409 308 683 699 867 363 423 683 768 666 553 449 656 788 376 144 597 828 112 676 383 579 582 634 476 229 0 256 451 630 193 99 387 377 161 595 620 718 378 508 201 675 579 394 582 511 492 356 955 540 565 651 619 440 267 799 454 432 491 71 206 316 469 564 808 638 280 529 382 802 511 254 350 630 314 511 189 637 236 653 390 817 633 413 885 293 629 586 402 515 686 737 619 497 359 170 253 424 261 424 341 259 616 672 774 459 476 510 631 294 473 355 395 597 501 184 673 205 228 467 411 674 144 554 533 656 707 325 784 330 591 364 656 792 871 610 473 677 327 492 298 382 449 454 854 687 775 619 429 344 676 786 381 500 293
502 521 182 888 780 797 205 340 842 703 792 516 776 289 175 922 884 591 373 671 929 841 297 642 812 929 758 620 688 724 917 553 201 598 1025 196 578 572 432 661 555 266 357 256 0 585 860 195 305 143 506 359 627 464 723 266 706 458 815 539 369 799 628 705 100 947 500 320 874 824 208 445 761 542 615 632 268 171 491 213 767 1027 514 147 779 638 990 437 71 604 818 538 441 102 865 130 823 637 909 388 640 930 83 566 343 366 757 592 741 750 327 512 419 315 493 445 448 92 481 741 775 774 564 280 682 712 500 644 545 319 564 535 161 779 356 481 696 457 785 328 560 594 567 829 94 835 556 485 152 724 870 875 459 359 795 543 645 189 637 546 688 883 607 756 614 502 589 606 945 125 433 536
241 171 702 377 514 228 723 251 285 387 220 173 276 542 516 594 499 120 221 383 470 546 379 246 233 345 225 171 349 242 339 752 391 311 470 411 529 143 562 170 470 620 668 451 585 0 412 635 352 635 79 576 253 600 379 441 204 435 231 374 316 319 66 249 650 594 358 760 399 308 640 667 509 101 126 48 383 639 148 733 259 517 552 474 462 496 424 408 632 532 267 636 400 483 409 464 248 373 369 807 278 469 550 439 767 332 400 529 395 169 561 95 369 272 147 658 230 672 604 165 224 430 64 594 130 205 655 105 152 392 370 212 424 224 639 490 305 193 223 307 281 171 499 256 582 371 260 495 571 242 353 504 587 461 226 659 70 445 453 84 320 458 505 460 331 136 346 479 360 684 392 328
357 584 1020 112 899 267 1043 545 514 193 452 586 142 673 721 946 837 315 583 780 69 918 754 219 429 358 530 566 186 589 471 731 665 718 267 664 942 317 963 543 883 982 759 630 860 412 0 815 555 956 447 660 650 1004 760 811 208 469 392 787 708 96 443 171 950 934 770 1112 45 136 983 701 898 514 297 383 594 833 396 1053 159 186 963 800 178 364 281 815 879 433 211 600 808 763 14 772 285 258 593 1169 219 759 859 852 1125 724 136 942 773 409 943 409 463 605 555 690 635 952 605 427 500 802 476 963 290 549 650 307 337 775 781 624 715 494 726 494 163 598 481 532 692 575 912 460 895 686 303 905 905 590 620 848 991 855 460 624 351 785 322 497 175 779 917 843 736 546 294 890 373 981 799 339
477 622 357 868 932 816 375 386 915 635 854 618 761 149 118 1068 1016 602 460 812 884 990 449 614 868 959 840 716 631 821 974 365 262 730 1021 232 753 576 620 750 723 461 166 193 195 635 815 0 288 334 557 200 743 655 856 436 702 358 862 689 506 774 691 684 278 1089 650 503 839 811 402 263 915 622 625 677 253 29 506 382 757 996 697 314 699 527 996 600 140 477 823 373 602 218 824 277 846 566 992 571 602 1043 274 728 528 508 694 766 874 804 518 546 352 398 583 265 563 237 320 799 849 910 633 475 702 800 326 665 548 477 713 648 263 851 173 360 655 560 854 330 689 692 739 890 289 943 520 662 347 821 962 1010 648 535 859 373 680 351 540 621 641 1005 776 901 749 590 524 772 977 288 592 476
199 379 475 592 737 528 499 127 637 398 573 376 481 192 175 857 786 313 226 604 625 788 319 341 583 671 568 460 383 562 689 444 126 517 739 113 623 288 548 487 576 480 321 99 305 352 555 288 0 417 278 239 507 591 634 349 417 191 576 510 333 499 413 406 399 871 473 588 572 531 458 342 724 359 336 392 38 298 218 508 475 727 595 280 476 360 710 457 324 346 537 358 455 214 561 241 557 334 718 653 336 792 318 566 606 343 452 631 653 519 480 260 128 180 333 334 345 397 309 517 573 690 361 473 413 535 353 376 260 351 526 415 180 575 294 238 391 327 575 45 474 441 599 608 353 690 251 544 379 562 695 784 580 436 578 376 393 284 348 353 382 763 628 695 539 337 285 613 688 429 444 233
601 534 67 972 725 859 89 414 863 814 823 529 858 431 314 871 850 665 413 635 1026 787 281 736 847 978 775 631 795 729 949 696 294 573 1096 304 497 652 332 676 487 138 498 387 143 635 956 334 417 0 561 502 619 356 693 226 785 587 856 496 359 886 666 793 64 901 461 178 966 904 69 589 706 572 689 683 384 307 569 98 847 1113 423 161 893 767 1056 385 196 738 888 680 391 203 960 184 882 751 920 246 740 914 98 508 201 351 865 512 709 789 224 578 541 367 517 588 454 117 624 777 798 738 601 163 747 724 643 710 627 289 524 536 241 802 499 616 795 473 811 429 543 604 493 859 63 825 658 407 68 729 874 838 354 293 825 686 701 190 762 579 790 859 535 711 585 528 702 541 993 81 386 649
201 158 628 429 529 298 650 172 359 386 297 158 320 470 438 625 538 132 149 394 510 569 316 252 311 422 291 201 350 293 418 693 312 313 537 332 506 139 515 217 448 554 598 377 506 79 447 557 278 561 0 508 271 556 403 377 245 381 310 356 261 359 134 276 574 630 332 693 441 360 570 603 521 102 150 126 307 561 99 659 306 572 518 399 467 468 495 368 552 495 331 582 362 404 446 387 321 358 440 742 277 524 474 422 701 278 410 508 420 248 502 47 311 195 116 594 189 594 546 242 295 457 87 531 189 261 597 154 132 333 357 203 345 296 569 438 316 152 297 233 275 190 477 333 506 423 236 460 499 293 418 540 543 408 302 605 140 372 429 88 326 504 489 478 334 110 323 465 438 607 352 294
364 619 539 729 973 714 559 366 861 469 793 615 632 73 192 1096 1026 508 464 841 725 1026 523 483 799 862 799 698 474 798 901 215 304 755 891 271 837 479 733 723 796 611 101 161 359 576 660 200 239 502 508 0 747 773 873 534 585 190 786 740 556 635 640 554 456 1110 701 680 690 681 564 105 959 597 528 609 226 227 430 567 631 846 796 427 523 337 875 672 326 282 708 178 673 327 670 383 746 402 946 748 462 1030 420 791 703 564 529 848 892 736 645 481 220 412 573 100 582 425 123 737 800 929 595 617 608 769 142 575 453 555 758 655 339 801 68 172 509 566 800 283 712 680 817 826 446 928 391 751 496 798 927 1024 765 631 799 184 603 451 358 589 490 1002 849 933 776 576 367 838 881 473 661 330
472 128 681 592 261 412 698 380 276 640 270 131 509 695 629 356 279 373 287 130 700 297 339 500 301 458 188 84 602 121 377 947 481 77 636 512 319 393 415 113 264 550 824 595 627 253 650 743 507 619 271 747 0 443 132 392 446 646 330 174 261 554 207 498 657 365 184 689 629 529 597 848 255 168 379 269 524 738 370 706 491 720 370 484 715 738 580 265 691 766 468 845 257 542 644 497 415 623 310 718 531 303 564 225 687 268 653 314 150 272 462 317 573 346 174 841 181 696 804 252 223 187 194 517 361 137 853 350 396 330 155 95 486 229 799 702 557 184 244 464 81 82 290 296 586 208 504 322 551 120 257 277 431 354 266 866 301 444 698 183 573 261 281 208 89 173 592 252 466 689 255 565
700 436 387 978 425 818 391 506 719 920 709 433 874 701 587 568 580 688 431 387 1066 485 274 801 739 894 631 501 890 564 821 986 478 369 1057 508 173 691 43 545 198 221 803 620 464 600 1004 655 591 356 556 773 443 0 451 243 800 782 763 270 298 914 595 833 420 604 261 312 997 909 294 875 405 502 706 641 576 633 621 395 858 1118 89 348 1004 941 1005 193 533 936 865 934 201 450 1002 391 830 874 745 311 819 676 382 235 297 282 956 188 461 698 137 596 714 434 453 872 370 473 880 680 665 477 541 193 731 580 913 703 676 245 293 407 435 671 794 828 866 408 685 573 365 478 186 737 374 612 755 121 314 563 687 564 13 158 706 948 670 322 918 518 872 611 223 432 368 464 828 242 903 437 208 781
604 257 751 691 138 506 765 507 314 766 337 260 618 818 745 224 161 500 410 64 804 166 426 625 368 520 247 208 728 176 415 1076 596 126 709 629 292 522 434 218 252 603 947 718 723 379 760 856 634 693 403 873 132 451 0 469 562 778 404 200 355 664 326 617 739 237 231 734 735 632 660 976 139 300 503 389 648 848 502 772 601 809 365 576 839 870 652 311 791 898 565 976 304 646 753 596 503 752 310 752 657 227 653 215 727 357 775 281 18 360 506 448 704 466 305 968 295 783 934 339 284 56 323 568 475 213 982 470 526 408 172 218 594 291 923 834 680 307 307 592 166 212 269 352 670 164 635 333 627 175 248 154 440 406 331 997 419 534 829 315 698 167 243 82 109 304 722 216 523 769 308 697
480 316 288 806 514 670 306 279 644 702 610 311 695 462 352 658 628 500 229 413 878 576 62 597 635 776 554 410 675 505 734 748 234 347 912 265 317 494 201 455 289 178 571 378 266 441 811 436 349 226 377 534 392 243 469 0 619 541 649 276 137 730 461 640 270 685 239 319 812 736 208 637 496 363 521 489 333 419 416 314 681 949 264 122 786 705 866 171 337 696 707 691 175 219 812 159 689 650 697 365 609 687 187 300 325 126 744 330 486 581 136 406 475 210 307 633 234 314 637 567 580 516 397 153 565 503 672 532 474 62 303 312 194 585 559 586 661 260 594 335 316 382 303 644 201 598 536 225 158 504 648 617 233 99 610 705 511 86 686 374 662 634 342 494 360 319 602 340 789 300 167 553
225 376 850 187 700 136 873 370 359 228 287 378 75 576 592 760 655 120 389 577 266 724 559 111 275 283 349 362 191 398 353 714 505 512 321 512 734 133 760 343 675 794 686 508 706 204 208 702 417 785 245 585 446 800 562 619 0 404 245 579 507 114 239 59 787 753 562 929 197 119 803 653 698 306 97 177 455 714 216 883 62 330 756 624 285 385 294 609 737 441 123 584 602 604 204 602 168 247 446 982 143 594 691 644 939 523 219 734 576 233 747 212 365 421 348 643 429 798 570 247 326 607 268 773 87 357 621 99 160 577 574 416 550 321 653 448 133 392 311 382 484 369 704 307 726 509 194 698 728 399 458 664 786 654 296 609 145 603 337 289 157 602 709 645 530 339 248 683 301 820 593 263
198 521 639 539 894 537 661 293 710 281 638 519 445 209 288 1002 920 344 392 758 535 940 509 297 640 686 660 583 283 673 737 319 313 672 702 291 806 314 739 598 756 666 291 201 458 435 469 358 191 587 381 190 646 782 778 541 404 0 621 682 515 445 501 367 558 1010 647 764 499 493 637 249 883 481 360 459 212 380 287 671 446 655 783 465 341 180 688 641 451 155 526 201 639 385 479 424 569 212 798 831 273 903 491 742 784 527 340 813 796 580 671 343 74 360 473 239 508 542 171 585 655 834 469 661 439 639 223 409 292 541 694 563 365 654 258 56 319 482 650 212 630 570 781 670 524 803 209 731 559 673 788 921 771 626 646 224 446 474 183 470 300 886 806 848 694 473 176 789 704 583 627 142
