278
0 196 728 528 696 141 258 487 722 125 758 794 447 758 545 360 82 594 950 822 61 783 185 221 333 577 670 333 876 987 985 404 663 438 902 639 853 1003 581 195 419 446 212 772 646 501 470 343 446 573 802 399 586 330 586 362 261 28 66 595 467 299 795 617 518 182 662 488 379 574 506 562 637 679 476 411 491 730 576 458 389 499 874 376 335 109 278 158 617 281 702 586 622 662 774 432 766 814 530 708 614 634 567 220 659 503 181 642 587 423 694 740 511 621 650 290 635 554 950 702 143 770 244 567 883 534 377 639 217 127 339 782 940 226 319 698 173 133 398 656 298 805 388 1055 824 690 147 712 189 611 524 255 219 204 845 787 698 208 740 628 696 320 671 338 748 755 709 358 529 718 258 424 796 791 111 506 507 216 169 306 971 586 797 483 632 331 341 545 298 406 433 799 639 663 549 818 634 530 390 235 279 416 593 675 910 415 226 258 263 351 776 849 686 919 106 508 373 551 219 804 561 366 493 805 718 347 291 542 604 825 938 404 311 415 146 252 776 642 250 488 591 175 573 293 241 747 693 494 250 179 537 673 636 431 546 72 409 482 421 413 689 251 754 98 248 404 982 940 746 766 740 333 463 821 259 236 375 467
196 0 817 676 773 72 398 570 778 245 813 904 640 843 726 421 208 769 1135 1018 161 912 251 48 529 773 857 435 1071 1171 1165 580 709 621 1084 794 1037 1186 613 305 590 643 320 964 802 675 659 459 533 746 990 595 622 391 653 553 373 179 203 770 611 470 904 779 708 100 742 684 532 734 655 623 802 804 666 604 669 828 671 624 585 648 1033 492 373 95 462 322 742 342 898 757 799 789 914 619 959 881 726 878 683 794 763 311 792 698 287 824 744 566 829 931 707 783 832 453 718 696 1142 889 55 966 184 629 1055 650 540 682 275 231 313 932 1117 368 468 868 326 319 577 839 395 974 585 1240 906 771 322 891 26 779 719 434 119 349 1039 843 778 401 924 824 887 506 860 530 934 952 864 519 715 904 176 619 987 852 296 672 604 356 219 111 1154 704 993 679 827 420 432 726 282 596 584 966 835 854 736 979 807 620 436 338 367 582 733 871 1098 590 242 453 80 535 955 1007 875 1097 265 703 535 741 346 995 757 415 524 866 913 517 477 645 746 1016 1111 500 501 608 340 55 932 821 290 664 701 352 769 414 428 904 770 655 397 149 686 808 785 475 663 150 600 595 480 601 854 447 949 292 440 580 1158 1118 935 947 790 525 486 890 451 425 536 613
728 817 0 310 63 821 910 247 139 607 144 126 793 34 498 396 653 1025 715 821 702 210 571 793 717 721 987 395 830 733 676 481 192 513 641 1141 645 733 271 535 450 719 518 698 1144 445 852 386 286 439 658 739 259 426 176 590 467 756 793 453 1044 867 123 1096 581 719 81 696 404 355 322 210 1098 169 850 615 475 41 151 415 670 327 439 354 449 798 806 583 184 475 774 1038 480 184 272 543 730 125 783 442 148 1119 750 931 205 794 891 526 345 352 219 679 705 1102 1014 886 100 278 809 1009 777 845 653 201 540 213 933 211 544 612 544 329 625 889 932 1121 842 762 887 1014 433 478 709 779 98 55 794 524 792 1071 792 551 714 872 802 148 52 636 585 825 955 557 973 606 604 823 340 439 540 602 672 635 702 133 759 1005 221 884 602 867 708 178 845 682 712 402 391 499 555 826 366 455 832 940 918 423 1058 199 387 496 457 949 257 798 724 473 576 639 894 837 544 421 976 614 802 653 934 581 902 703 791 406 330 137 892 473 561 189 259 715 588 325 588 610 664 852 368 496 527 955 156 797 782 436 781 364 66 380 491 896 1082 216 296 354 205 793 811 252 341 833 396 664 768 675 752 900 647 631 651 561 161 777 369 123 757 598 430 331
528 676 310 0 324 653 648 243 401 433 426 309 485 344 197 333 474 716 529 552 526 265 433 669 420 415 678 264 576 559 528 180 399 204 462 836 437 568 403 371 149 409 358 440 837 136 544 229 242 150 422 434 395 347 305 289 308 557 582 173 753 587 311 790 273 594 298 385 149 77 22 316 790 176 542 308 165 286 214 108 365 29 358 203 389 624 524 370 129 374 483 730 207 155 245 234 462 434 472 232 308 812 442 694 144 484 657 254 81 110 171 413 395 795 703 610 276 34 588 700 625 558 561 311 400 130 644 396 420 445 504 255 476 633 656 811 594 516 590 704 300 318 404 621 401 309 546 286 655 763 481 292 605 619 544 443 316 374 342 518 648 270 664 310 360 537 189 174 234 345 585 326 451 433 520 703 198 631 465 759 536 134 565 372 413 293 281 197 491 524 95 304 527 631 608 307 748 221 357 344 330 655 70 499 515 170 470 361 757 543 334 332 667 458 571 343 646 277 653 455 481 358 388 442 591 196 283 176 79 472 458 233 300 302 420 725 256 230 424 651 164 541 473 266 506 229 323 69 281 708 783 153 109 355 126 601 507 151 321 530 193 386 490 448 474 603 513 479 394 339 428 482 404 433 476 333 158 63
696 773 63 324 0 780 890 208 85 572 103 190 796 73 519 352 618 1029 764 855 665 269 531 746 713 739 1000 362 869 784 730 484 128 521 691 1141 690 786 209 500 453 725 483 735 1144 460 855 359 249 464 699 740 196 382 121 589 434 722 761 481 1035 854 186 1097 597 673 33 707 396 379 332 154 1101 211 854 620 489 101 129 422 672 336 496 329 401 759 794 556 209 432 801 1041 510 222 327 550 765 122 794 483 92 1120 766 904 243 803 864 557 372 346 264 714 718 1103 1023 871 61 295 854 1023 735 874 603 146 593 209 923 147 502 575 490 382 678 867 917 1128 819 739 882 1024 398 527 710 832 132 16 771 562 747 1073 802 537 666 849 840 119 12 620 624 843 972 551 987 603 643 852 385 431 558 638 622 641 740 111 735 1002 194 862 560 817 759 189 876 693 735 365 355 519 504 825 364 505 851 955 925 476 1063 167 338 460 419 942 281 821 770 477 530 628 848 830 587 476 990 667 775 667 924 601 879 742 805 358 272 121 914 466 552 174 286 755 643 292 582 615 642 805 419 528 482 954 160 777 797 407 767 412 2 392 467 859 1076 257 331 302 205 758 810 236 293 832 436 653 799 649 740 895 702 684 688 603 111 771 312 127 745 583 425 333
141 72 821 653 780 0 326 573 794 222 829 900 576 848 685 429 179 698 1091 962 127 899 249 116 468 716 789 429 1017 1128 1125 541 728 578 1042 722 993 1143 635 291 554 583 308 913 729 638 592 448 534 709 944 533 643 398 663 503 361 118 134 733 538 399 899 707 660 134 748 626 506 705 632 635 730 792 599 552 629 828 671 592 528 624 1006 481 388 31 394 287 730 348 841 685 761 776 896 573 907 893 663 844 693 722 704 240 777 635 215 782 717 545 812 881 650 711 762 381 723 676 1091 820 54 907 222 641 1020 641 468 701 278 213 348 909 1079 295 396 796 255 252 506 769 389 941 524 1196 912 777 253 851 83 707 656 393 166 276 985 859 784 349 880 762 820 461 791 479 889 893 838 488 670 859 222 565 938 866 230 600 602 283 220 180 1111 695 935 622 771 418 430 685 312 528 559 934 772 787 667 951 736 621 450 328 364 510 714 812 1051 552 258 399 123 466 915 980 808 1058 195 649 463 693 273 945 695 427 546 880 850 481 431 641 726 967 1075 497 452 556 287 121 906 781 301 592 695 283 708 400 360 877 778 625 372 91 613 792 762 491 654 82 533 587 490 534 823 390 894 239 375 509 1121 1079 887 906 808 459 509 901 385 377 506 591
258 398 910 648 890 326 0 690 932 364 967 949 329 943 581 589 333 382 938 747 319 913 434 441 273 509 493 538 808 976 994 477 883 484 908 395 849 995 812 421 505 374 435 736 403 567 319 533 650 631 786 315 815 563 795 383 471 250 207 646 213 105 951 382 518 428 856 429 513 666 627 776 406 821 327 404 545 902 762 549 351 620 944 561 577 308 148 341 763 519 626 366 662 801 885 463 717 1012 426 762 819 396 484 111 792 390 114 663 680 565 820 707 448 386 457 75 828 680 905 524 364 676 501 779 921 699 149 862 464 373 596 877 958 31 70 474 85 154 209 464 512 854 326 1043 1008 881 124 736 406 384 414 361 466 53 781 995 889 276 744 517 539 381 501 357 746 667 797 480 547 713 512 404 763 995 165 278 695 43 424 503 966 744 707 432 573 547 553 581 555 262 561 855 526 505 376 886 418 723 624 457 503 191 718 584 887 489 482 288 430 193 799 921 518 937 151 472 144 549 55 771 456 601 729 1008 593 452 364 721 727 791 968 604 354 411 248 444 858 675 499 281 758 113 475 487 148 829 888 592 423 274 287 801 742 664 709 255 276 657 647 265 759 264 687 250 182 207 1000 956 725 782 953 224 703 1017 183 317 493 598
487 570 247 243 208 573 690 0 242 363 277 339 639 274 427 151 409 868 767 790 457 370 324 547 540 623 862 155 818 795 757 339 200 388 698 970 678 802 167 292 314 577 275 682 974 356 695 157 40 391 666 579 162 180 105 431 226 513 553 415 848 663 338 930 485 472 175 571 232 320 236 94 936 266 695 473 378 258 102 300 515 235 554 133 207 551 606 351 213 228 710 876 450 259 397 414 702 327 657 468 129 952 643 697 271 658 657 496 321 195 309 654 587 935 876 677 149 233 831 889 529 788 410 94 622 126 736 185 297 367 313 435 704 666 722 972 615 537 704 878 189 543 549 854 339 203 568 528 545 908 662 350 469 647 785 305 211 428 586 723 846 381 852 438 603 767 398 264 454 588 431 496 694 306 531 828 50 660 354 624 771 169 798 558 636 156 146 427 317 656 224 525 733 823 771 514 905 51 150 252 210 760 250 719 757 337 329 445 648 650 573 529 858 687 569 542 736 499 675 698 674 164 146 319 805 299 375 93 262 715 679 85 410 470 442 607 456 473 280 783 150 576 671 202 576 436 206 288 267 650 896 290 317 129 138 549 643 92 103 663 424 468 725 444 551 717 737 707 637 581 264 593 168 334 557 395 264 211
722 778 139 401 85 794 932 242 0 597 35 261 862 130 598 365 642 1095 850 939 686 349 547 747 772 816 1073 395 953 869 814 551 75 592 776 1203 776 870 175 527 522 794 510 819 1206 536 920 400 282 545 784 805 164 396 137 654 465 747 789 563 1088 905 257 1160 673 678 103 779 456 461 407 160 1165 296 920 688 564 180 192 495 738 410 578 374 406 775 846 593 292 447 882 1105 593 307 410 621 848 107 866 569 113 1183 841 936 328 873 896 640 454 408 350 797 791 1166 1093 919 125 374 939 1097 745 955 601 155 677 278 976 102 517 598 480 466 762 908 964 1196 857 779 940 1095 426 612 774 916 160 101 810 647 752 1137 874 589 666 889 924 65 97 669 709 919 1048 611 1060 665 728 934 470 490 636 722 617 710 825 74 772 1062 245 902 575 811 844 268 959 765 814 391 383 598 500 887 430 590 927 1029 993 560 1130 214 343 487 443 998 364 901 856 546 537 683 851 887 673 559 1064 751 809 741 976 679 916 827 878 366 257 88 993 526 609 237 369 840 726 327 641 684 685 806 504 611 492 1015 237 819 872 445 817 497 85 467 509 876 1133 343 415 303 277 780 873 294 304 894 522 706 882 686 791 953 786 768 772 688 27 829 297 118 797 635 486 403
125 245 607 433 572 222 364 363 597 0 633 680 473 636 488 234 46 657 897 804 96 676 71 244 353 568 710 212 853 933 923 341 538 385 843 721 799 947 457 72 348 452 89 736 727 432 510 226 323 503 756 417 461 205 461 333 141 150 192 527 561 379 680 692 481 175 539 482 287 489 411 437 708 570 514 389 429 611 456 380 386 404 788 260 213 195 340 88 507 157 690 654 558 554 674 388 737 690 541 634 489 712 566 343 554 522 304 585 500 323 590 704 505 697 699 379 513 454 913 741 192 763 187 441 811 419 460 514 99 17 241 688 875 335 416 763 280 215 462 704 174 730 398 1001 702 567 241 651 225 682 539 203 199 313 820 662 575 202 687 636 723 279 707 316 698 746 620 274 481 670 209 408 759 666 200 581 386 326 74 337 915 473 786 474 614 207 217 488 201 450 339 721 647 692 592 734 697 408 266 111 154 495 492 671 863 350 128 253 324 409 713 762 720 854 221 489 457 512 334 766 570 242 370 680 728 275 250 423 504 787 867 282 282 391 160 295 688 580 135 553 475 262 579 178 302 659 570 410 152 289 625 569 542 307 432 186 447 366 296 457 609 258 733 125 296 471 915 875 704 707 615 373 341 697 306 208 292 370
758 813 144 426 103 829 967 277 35 633 0 259 893 127 622 401 678 1125 859 958 722 352 583 782 805 841 1101 431 970 877 820 581 107 620 786 1235 788 878 207 563 551 823 546 837 1238 562 951 435 317 567 800 836 196 432 173 685 501 783 825 584 1122 939 255 1192 699 713 128 807 488 482 433 196 1196 310 950 718 590 185 222 522 768 436 582 408 442 810 880 628 312 483 904 1136 613 323 416 650 867 79 894 584 148 1214 868 972 344 902 932 660 475 439 362 816 819 1197 1122 953 153 397 952 1124 780 977 636 191 685 306 1010 134 553 633 513 473 769 943 998 1226 893 814 973 1124 461 622 805 923 142 119 846 664 787 1169 902 622 700 924 942 29 113 703 725 945 1074 643 1088 697 744 955 483 522 661 740 651 740 841 42 808 1095 278 937 610 845 852 292 979 793 838 427 418 622 535 919 460 599 953 1056 1022 567 1160 248 379 523 478 1031 385 925 868 575 572 716 885 920 686 564 1092 759 844 768 1010 703 952 843 906 402 291 56 1017 558 642 267 389 856 732 363 674 713 720 840 513 631 528 1047 262 854 899 480 851 508 103 493 544 912 1166 357 433 339 304 816 904 326 339 925 537 740 902 721 825 986 791 775 790 703 28 861 331 91 831 668 518 432
794 904 126 309 190 900 949 339 261 680 259 0 788 132 468 490 725 1016 616 753 776 101 653 884 729 689 962 471 754 629 568 489 318 509 543 1140 555 628 395 608 458 711 592 628 1141 429 847 453 374 403 579 740 383 518 292 598 538 823 856 411 1062 894 4 1093 556 809 202 680 436 326 327 325 1091 132 844 613 459 91 237 416 672 334 328 419 547 874 831 641 185 564 722 1033 430 153 171 538 664 210 763 369 267 1116 721 984 168 780 945 472 313 385 158 613 685 1098 994 916 212 275 718 980 860 787 750 317 436 260 953 337 630 687 650 229 519 931 962 1107 888 809 898 994 510 384 711 670 142 179 840 454 880 1065 774 588 808 916 729 254 177 673 513 791 922 577 946 619 531 766 265 469 512 535 771 630 627 234 809 1010 301 928 685 964 604 209 783 666 669 484 472 468 656 831 388 360 797 910 906 321 1046 288 489 571 537 964 240 754 632 479 667 666 983 852 461 312 946 511 856 631 954 549 949 627 766 504 446 232 848 498 588 259 236 636 479 404 607 607 710 944 273 441 618 957 204 839 754 502 812 277 192 376 546 969 1091 167 251 460 248 863 814 313 441 837 327 691 707 729 780 912 537 525 582 481 281 791 483 201 783 632 457 351
447 640 793 485 796 576 329 639 862 473 893 788 0 827 334 609 474 232 622 417 498 723 536 668 120 186 238 526 479 661 688 312 837 280 603 351 541 680 799 484 343 78 488 416 352 359 59 500 609 398 473 61 797 595 738 209 489 461 442 403 306 223 791 304 249 622 766 125 408 465 471 733 305 657 57 177 329 771 670 378 124 466 686 511 629 547 192 394 614 574 297 245 403 636 676 251 392 914 97 505 753 327 157 434 620 62 419 387 478 454 635 390 135 310 239 255 739 519 578 269 590 347 660 732 637 587 224 824 554 490 702 650 659 339 285 333 346 323 145 242 524 583 90 726 886 783 328 455 636 278 85 311 656 344 452 914 791 272 446 191 251 259 234 202 444 338 572 375 290 412 680 158 443 908 345 226 620 347 547 752 653 614 379 135 250 552 550 334 665 70 432 590 201 219 132 631 267 651 649 500 534 210 549 254 568 319 597 226 698 136 511 668 246 638 386 179 229 271 373 451 127 631 738 918 275 340 272 625 552 471 677 568 232 182 317 695 619 409 586 171 639 299 145 477 218 592 795 415 414 563 313 622 543 677 591 493 53 569 647 70 518 216 359 362 200 157 699 655 413 490 888 117 729 914 190 279 377 463
758 843 34 344 73 848 943 274 130 636 127 132 827 0 531 421 682 1059 736 850 731 225 598 817 751 754 1021 425 858 753 694 516 193 547 663 1176 669 753 281 564 485 753 547 727 1178 478 886 417 314 471 685 773 269 452 195 624 496 785 823 485 1078 901 128 1131 614 744 101 730 438 387 356 227 1132 197 884 650 508 65 182 449 705 361 456 386 472 825 840 614 217 501 805 1073 510 214 291 577 759 94 817 469 165 1153 783 962 235 828 922 556 377 386 246 708 739 1136 1047 919 125 311 833 1042 803 875 675 220 560 247 967 215 570 640 563 349 644 921 965 1155 874 794 921 1048 462 500 743 797 65 72 826 552 817 1105 826 585 737 904 830 125 65 669 613 858 988 591 1007 640 632 854 366 473 573 631 694 669 729 107 791 1039 252 917 628 889 728 213 875 716 744 430 419 531 577 861 400 477 865 973 952 443 1092 228 410 524 484 984 289 830 748 508 600 673 919 871 569 438 1009 634 833 687 968 613 934 730 824 429 346 109 924 507 595 222 291 741 606 354 622 644 696 876 390 526 552 989 190 830 815 466 815 387 76 414 522 924 1116 245 326 375 239 822 845 285 364 867 424 698 798 706 786 935 665 650 680 587 148 811 386 90 790 631 464 366
545 726 498 197 519 685 581 427 598 488 622 468 334 531 0 477 518 553 409 364 565 393 516 732 313 223 493 393 397 445 440 146 596 107 357 682 311 460 592 448 145 256 440 265 682 71 391 354 415 65 271 299 586 482 500 200 405 571 581 68 633 496 471 633 88 663 495 215 233 144 195 509 628 342 387 179 60 469 411 132 238 194 364 342 525 653 437 404 314 490 286 572 81 322 342 119 279 624 296 181 505 655 254 654 303 315 624 97 155 241 310 235 218 638 526 525 473 224 434 513 671 362 655 504 344 326 533 591 514 504 632 315 395 575 568 639 550 484 465 526 417 273 274 513 583 504 508 166 710 603 307 292 684 567 364 638 511 345 199 326 457 226 478 227 211 341 237 226 45 185 680 186 283 627 496 561 387 577 543 824 427 330 371 203 216 425 416 0 609 390 209 274 334 443 441 307 581 414 510 436 442 533 241 302 377 138 567 307 802 429 231 343 479 374 550 164 537 82 602 289 298 504 564 634 395 214 254 372 240 309 396 391 241 172 406 780 287 98 531 506 360 493 286 368 433 259 519 139 345 716 647 301 217 519 324 615 371 336 485 394 185 326 298 449 399 478 437 394 225 221 625 373 572 622 397 310 211 215
360 421 396 333 352 429 589 151 365 234 401 490 609 421 477 0 278 825 859 838 320 514 181 396 495 638 844 87 875 891 862 353 304 407 794 911 765 900 223 169 338 560 154 743 916 406 658 124 117 461 740 547 227 30 233 413 124 383 426 487 769 583 489 876 512 322 320 569 246 409 318 206 887 407 661 466 420 410 253 345 492 313 679 136 59 409 531 251 348 81 743 828 523 397 532 426 756 463 648 565 263 897 649 578 405 641 538 563 414 240 443 713 589 881 848 590 296 337 907 873 383 821 259 211 733 254 661 279 151 233 173 564 809 561 632 932 508 435 644 851 85 651 520 954 484 349 464 611 395 859 650 297 318 541 842 431 356 357 662 729 840 355 837 411 678 801 514 264 493 657 280 489 760 437 424 768 191 554 209 473 869 306 837 557 665 58 63 477 169 609 271 635 739 814 740 633 864 202 40 132 86 690 366 740 840 355 179 390 497 588 664 653 846 791 453 553 659 535 565 765 671 26 140 451 817 291 337 236 379 784 790 102 377 464 351 456 577 547 130 730 294 479 672 132 496 554 349 351 196 511 825 423 430 75 267 415 600 201 62 617 527 408 769 339 478 655 846 812 701 667 381 538 121 471 487 335 273 279
82 208 653 474 618 179 333 409 642 46 678 725 474 682 518 278 0 645 927 822 52 721 103 215 355 582 707 258 873 964 956 372 582 413 875 702 829 978 498 118 381 460 135 760 708 466 506 272 369 537 784 421 503 248 506 352 187 105 149 561 536 359 725 676 504 153 585 494 327 527 452 481 693 615 511 406 460 657 502 416 396 445 828 306 252 151 326 113 552 199 706 640 591 598 717 413 759 735 548 670 534 694 577 303 598 526 264 616 539 365 633 728 518 680 693 355 558 496 938 739 154 777 187 486 846 465 439 557 134 44 264 730 908 302 389 751 248 191 449 698 220 766 404 1032 748 613 213 683 192 667 544 228 183 280 840 707 621 209 716 645 725 301 706 332 727 761 660 311 508 698 206 423 783 711 172 564 432 293 91 307 946 518 802 488 631 253 263 518 222 444 380 758 656 693 588 773 685 454 307 157 199 476 535 684 891 382 149 262 287 398 746 802 719 888 185 507 436 536 299 791 578 283 411 725 736 308 272 469 547 812 902 328 300 409 157 262 728 612 168 540 520 237 588 223 288 699 616 448 192 243 603 613 583 348 478 140 443 412 339 451 646 263 752 113 286 456 950 909 730 739 659 368 380 742 297 224 329 412
594 769 1025 716 1029 698 382 868 1095 657 1125 1016 232 1059 553 825 645 0 757 503 654 946 726 806 330 354 146 747 564 792 836 545 1068 512 756 135 693 813 1025 683 575 306 691 555 132 587 174 723 837 618 623 289 1023 808 969 440 701 599 566 618 216 299 1019 85 465 777 999 337 639 691 703 962 75 886 175 409 557 1002 903 610 356 698 882 738 838 675 319 590 845 780 409 28 612 865 894 482 519 1146 260 708 985 105 317 491 849 237 496 586 704 686 861 538 336 89 90 317 972 750 679 167 727 417 832 962 814 820 232 1053 748 671 896 863 818 408 312 107 443 461 196 97 740 774 320 849 1118 1015 450 645 772 52 247 529 814 424 548 1147 1024 471 620 283 213 487 162 431 612 420 787 606 508 584 849 389 579 1141 483 108 851 420 730 878 791 846 450 351 405 770 770 553 857 215 665 786 284 189 112 831 39 882 865 706 745 191 778 357 697 552 785 435 809 247 691 867 179 800 504 389 238 479 437 587 268 846 960 1150 307 570 495 858 781 601 845 794 458 414 497 819 828 612 783 106 871 420 286 695 357 803 1028 646 629 656 164 849 768 896 824 619 225 800 869 208 729 417 471 533 361 190 855 812 568 667 1120 288 946 1147 350 489 608 695
950 1135 715 529 764 1091 938 767 850 897 859 616 622 736 409 859 927 757 0 268 973 515 923 1142 667 436 630 783 222 38 90 556 880 514 73 889 97 57 913 856 552 564 847 207 885 468 659 744 771 403 151 623 904 870 804 590 807 975 980 377 919 837 620 841 434 1072 755 509 630 452 542 825 823 554 651 548 468 674 708 527 590 547 296 724 913 1059 789 813 575 888 347 784 342 546 445 517 238 824 533 299 795 859 468 1029 526 569 1004 311 448 620 500 232 492 844 686 869 745 534 124 628 1079 350 1061 818 181 643 846 886 919 913 1026 388 109 940 905 797 928 872 767 681 813 237 612 106 758 749 892 250 1119 807 547 700 1093 938 222 862 752 744 210 475 562 629 610 616 201 341 382 630 420 232 1086 541 180 844 888 817 718 945 951 1234 35 614 323 505 372 813 803 409 1008 692 592 259 472 575 659 294 765 735 886 840 841 830 519 400 59 547 972 698 1210 754 195 306 598 109 941 466 852 400 971 172 510 885 913 845 461 623 659 685 508 155 155 762 639 543 806 1189 346 319 932 765 644 871 489 768 799 352 765 510 752 1114 903 509 453 884 633 1018 675 678 851 693 343 713 286 852 767 778 122 101 213 193 874 713 933 816 762 713 614 580
822 1018 821 552 855 962 747 790 939 804 958 753 417 850 364 838 822 503 268 0 860 656 847 1035 499 246 368 752 62 299 356 488 948 435 293 632 238 319 954 782 500 383 778 124 627 436 438 714 780 401 183 439 947 840 857 470 752 843 836 380 686 641 757 585 330 975 836 336 592 481 555 869 564 652 429 415 419 784 764 496 434 556 491 705 882 931 606 715 647 841 122 531 347 637 586 422 90 944 320 383 858 601 264 850 615 356 833 300 486 605 604 141 312 588 425 673 818 572 176 363 963 86 986 864 387 682 631 947 853 821 984 534 355 756 701 533 757 718 552 420 771 390 440 349 889 839 731 299 1007 552 332 601 1003 759 46 968 845 616 239 237 298 525 348 489 221 84 488 577 345 218 1010 399 130 954 738 577 749 763 870 1125 303 674 55 339 190 783 776 364 957 485 574 411 230 315 417 459 507 773 873 779 794 607 576 164 209 484 905 564 1085 554 299 487 335 342 786 315 637 304 789 132 291 865 929 959 197 556 554 728 569 132 394 756 522 413 677 1073 489 328 875 530 706 704 272 720 625 478 855 502 683 965 658 605 525 884 677 882 471 698 849 484 427 571 70 726 599 561 383 348 170 275 966 528 937 939 591 597 565 579
61 161 702 526 665 127 319 457 686 96 722 776 498 731 565 320 52 654 973 860 0 773 139 175 381 617 725 307 912 1010 1004 420 624 459 923 701 876 1025 537 168 431 491 184 803 708 515 524 323 417 586 828 447 543 289 552 393 237 71 118 610 528 360 776 678 547 125 632 528 379 579 504 526 697 667 530 445 508 707 551 466 430 497 879 357 288 98 336 162 604 239 742 646 639 650 769 457 799 781 577 720 580 695 610 272 650 552 235 663 590 418 686 770 552 682 707 352 606 549 981 757 106 812 183 531 896 516 438 598 170 90 281 782 957 287 380 758 234 192 457 713 269 816 433 1078 796 660 208 731 147 672 572 273 161 265 880 751 668 243 763 674 748 345 725 371 772 796 712 362 553 743 196 461 826 756 171 567 481 276 117 265 993 570 838 523 669 300 311 565 240 461 432 809 685 715 604 824 693 503 347 206 246 477 587 718 936 430 170 296 237 409 794 854 740 937 167 545 434 579 278 834 607 323 448 770 765 357 315 519 599 855 952 377 341 448 185 216 779 660 201 548 571 236 618 275 298 751 663 499 244 193 598 665 635 388 529 95 463 463 382 468 697 293 790 137 302 463 998 957 774 786 702 386 415 789 313 264 380 464
783 912 210 265 269 899 913 370 349 676 352 101 723 225 393 514 721 946 515 656 773 0 660 897 676 609 882 477 655 529 469 440 396 450 442 1074 454 528 459 608 410 645 592 531 1074 366 782 452 397 328 480 680 448 539 349 546 539 812 840 330 1008 849 105 1025 482 820 271 609 409 259 286 380 1022 107 778 552 395 169 272 366 613 294 230 419 573 872 786 626 170 579 632 965 345 122 70 478 568 310 689 274 329 1048 643 958 123 709 921 384 245 361 93 518 611 1031 918 873 272 234 617 899 864 694 770 371 336 263 902 410 640 686 682 128 419 898 919 1032 859 781 842 917 517 282 652 572 243 255 811 358 888 996 700 557 824 885 630 350 256 639 416 708 838 534 865 568 434 674 171 437 438 440 793 567 529 332 784 949 323 896 693 981 504 209 688 595 583 496 483 393 683 772 356 259 714 829 835 220 974 320 520 573 546 909 195 666 531 429 683 625 992 799 361 213 864 410 834 558 904 470 918 529 689 532 496 331 761 462 548 278 186 537 380 418 563 546 683 955 172 353 634 894 220 806 676 499 770 178 270 323 532 961 1032 112 180 498 249 854 754 318 473 777 235 650 613 708 737 856 439 426 486 383 371 739 529 301 739 598 423 319
185 251 571 433 531 249 434 324 547 71 583 653 536 598 516 181 103 726 923 847 139 660 0 237 415 618 774 184 894 958 942 370 484 419 865 792 825 971 398 67 371 509 76 773 798 454 575 209 284 522 787 478 403 151 415 381 125 206 251 548 632 451 653 763 520 161 498 535 297 496 413 388 779 553 580 437 455 579 422 397 441 405 792 241 149 228 411 142 490 100 737 723 581 538 665 426 776 644 599 648 444 782 619 406 541 582 367 612 506 323 579 740 558 768 766 451 473 450 948 805 206 812 139 393 824 398 531 459 31 60 170 686 892 404 487 833 349 286 532 770 143 742 457 1025 662 527 312 673 227 752 598 247 172 382 861 613 534 263 714 692 785 323 770 367 727 794 622 292 515 700 164 458 794 618 270 652 353 394 32 325 938 453 834 526 660 169 181 516 131 517 344 731 703 754 658 740 766 372 207 89 116 566 486 722 893 378 60 312 331 478 734 766 783 873 287 537 528 549 401 800 627 183 309 633 784 301 295 394 499 821 881 249 332 438 228 294 690 604 65 623 450 333 634 167 373 663 528 422 170 329 696 558 541 248 412 234 513 343 243 524 618 320 777 196 365 541 932 894 738 730 563 441 277 652 375 263 309 370
221 48 793 669 746 116 441 547 747 244 782 884 668 817 732 396 215 806 1142 1035 175 897 237 0 554 793 890 419 1087 1178 1168 585 676 628 1088 836 1044 1192 579 297 592 665 311 976 844 677 690 447 511 747 999 620 588 367 625 567 362 209 240 772 654 507 884 820 720 76 715 704 529 730 648 594 842 789 697 620 674 806 649 624 605 641 1028 479 344 133 495 328 727 320 917 796 803 775 903 629 974 851 750 878 655 835 785 357 778 724 332 830 740 559 816 943 728 824 867 492 692 687 1154 922 79 987 146 601 1055 634 579 649 256 229 274 923 1119 410 510 907 366 350 612 873 379 973 608 1246 879 744 356 896 34 818 745 443 81 390 1055 811 751 419 931 848 917 517 891 546 942 972 858 518 724 913 134 636 999 821 327 711 583 398 205 92 1160 688 1013 698 844 401 414 732 247 627 578 964 859 884 768 975 845 597 407 326 350 621 723 893 1107 595 217 471 103 569 958 1002 907 1099 302 720 575 752 389 1006 781 387 491 835 938 520 487 626 736 1028 1111 481 515 623 360 59 926 825 266 700 683 387 792 404 459 898 743 653 395 198 729 795 778 445 647 187 630 578 452 633 851 468 966 311 469 616 1160 1120 946 952 758 554 451 860 480 438 536 606
333 529 717 420 713 468 273 540 772 353 805 729 120 751 313 495 355 330 667 499 381 676 415 554 0 252 358 416 557 706 722 239 741 227 635 430 577 724 694 364 271 115 368 470 433 313 163 393 507 369 515 66 693 480 643 130 373 351 338 381 332 182 731 389 245 505 681 164 317 418 402 634 396 597 166 134 287 700 584 312 78 396 678 408 512 438 125 274 547 456 377 336 393 576 638 202 455 833 196 495 661 411 237 361 563 171 338 390 433 367 584 440 186 394 354 211 653 454 644 389 477 440 539 634 649 505 225 725 433 369 582 622 685 272 254 437 262 220 170 358 410 584 58 774 813 700 232 464 523 368 190 198 538 270 527 828 708 152 470 294 371 161 355 111 473 427 542 282 277 441 560 131 496 824 240 290 527 277 426 640 694 539 468 164 313 439 439 313 544 116 351 586 305 339 246 621 369 558 535 381 418 234 489 344 619 249 476 106 591 122 526 657 367 664 287 201 228 276 303 504 227 517 629 834 384 246 165 539 495 525 695 464 131 141 197 585 598 405 466 243 560 207 240 365 131 569 711 354 299 466 365 568 497 565 511 386 105 478 538 123 496 95 433 244 101 184 727 682 455 509 797 62 616 835 95 161 287 385
577 773 721 415 739 716 509 623 816 568 841 689 186 754 223 638 582 354 436 246 617 609 618 793 252 0 273 550 304 474 503 288 807 236 419 489 356 494 790 555 310 138 553 230 487 279 225 515 603 286 288 195 786 633 709 236 536 597 589 279 486 406 693 438 142 735 713 89 399 368 408 712 428 565 217 180 251 692 625 325 188 406 528 515 673 685 364 480 537 626 125 377 265 545 551 213 207 847 100 356 717 460 37 608 526 135 589 234 379 428 531 203 66 443 311 438 690 445 395 290 719 195 754 709 463 539 410 799 627 585 766 514 477 516 471 428 512 472 331 309 562 420 194 539 806 724 485 291 764 406 114 370 765 517 274 858 731 374 269 103 234 296 256 251 264 179 442 375 181 234 777 160 256 848 491 391 591 522 637 882 467 550 220 94 64 580 575 223 735 256 399 431 111 221 244 477 375 620 675 558 580 394 464 104 382 288 677 321 839 320 339 512 256 457 540 84 415 141 548 265 86 663 748 856 181 346 322 583 463 284 498 570 286 179 433 829 477 262 653 337 579 459 69 510 380 453 738 349 462 719 479 523 438 694 539 635 239 538 661 257 381 326 181 482 353 342 516 472 228 315 843 286 748 845 346 359 368 417
670 857 987 678 1000 789 493 862 1073 710 1101 962 238 1021 493 844 707 146 630 368 725 882 774 890 358 273 0 760 426 664 713 524 1056 480 638 265 576 684 1026 722 552 286 726 436 260 542 201 731 836 558 507 298 1023 832 957 434 727 680 654 552 357 396 965 220 407 851 972 294 630 638 668 955 197 835 195 389 513 960 880 578 352 664 788 740 867 763 395 632 804 812 290 174 538 815 823 452 397 1112 206 625 968 234 240 605 797 205 603 504 649 670 803 424 282 223 58 421 947 709 543 31 810 282 894 953 708 794 347 1045 792 726 940 785 701 515 428 167 540 539 286 52 761 678 324 717 1075 986 536 553 857 188 200 548 886 527 414 1120 993 510 517 177 70 490 19 433 507 289 715 599 450 482 913 366 459 1111 562 244 837 526 784 968 665 812 313 308 307 787 785 493 903 263 644 693 174 56 121 740 140 868 884 738 772 309 732 239 570 528 835 464 907 322 590 775 34 684 593 334 353 413 547 465 196 867 971 1119 170 565 507 836 733 477 732 797 467 392 551 910 746 533 824 216 840 505 207 712 430 724 999 609 650 759 310 794 710 910 796 707 263 784 880 257 653 453 346 594 422 287 735 695 458 565 1099 339 963 1111 412 517 598 669
333 435 395 264 362 429 538 155 395 212 431 471 526 425 393 87 258 747 783 752 307 477 184 419 416 550 760 0 789 815 790 265 345 319 719 839 687 825 282 139 252 475 122 659 843 323 578 38 114 381 659 465 282 88 258 327 71 360 398 407 705 519 470 801 425 343 329 482 160 336 246 238 811 369 580 379 334 400 244 261 408 240 620 62 132 404 464 197 307 109 655 752 442 355 485 338 671 482 562 492 283 823 562 542 359 556 502 481 343 162 397 628 502 806 766 530 302 275 825 789 389 733 299 241 664 214 595 324 163 217 243 509 738 513 574 853 461 384 571 769 40 582 437 879 490 356 415 532 411 783 565 218 348 493 756 459 364 286 581 641 754 270 752 326 597 713 452 176 406 574 323 402 676 461 377 696 174 506 216 504 793 269 749 470 577 31 24 393 227 532 190 568 652 728 659 571 785 196 125 100 69 622 308 652 760 268 208 313 515 516 588 594 761 720 414 466 594 448 521 681 584 113 212 474 730 204 254 212 322 701 722 70 294 377 292 478 518 466 161 655 266 425 585 52 431 492 360 272 121 501 758 376 368 150 228 398 521 159 121 539 457 333 683 290 410 583 776 741 618 589 415 463 202 488 417 259 186 205
876 1071 830 576 869 1017 808 818 953 853 970 754 479 858 397 875 873 564 222 62 912 655 894 1087 557 304 426 789 0 249 313 529 967 477 260 691 214 269 979 827 538 442 823 136 686 469 500 751 810 426 174 498 972 878 879 520 795 898 892 403 748 703 758 645 374 1026 852 392 629 502 581 892 624 661 492 467 455 792 784 530 489 583 473 740 921 986 666 765 662 883 182 592 368 647 584 467 118 951 382 388 877 661 324 910 626 418 892 321 505 638 611 163 370 648 485 734 835 593 117 419 1017 146 1033 887 363 705 694 968 898 870 1025 529 319 817 763 590 816 776 614 479 811 379 498 294 893 852 789 306 1060 612 394 650 1052 820 33 979 858 669 244 299 356 574 407 541 226 146 492 617 384 232 1057 452 128 964 795 640 774 824 917 1178 257 692 113 395 245 821 813 397 1000 547 607 401 293 375 480 448 566 797 908 822 835 669 593 226 166 524 950 618 1140 615 293 473 393 309 844 368 700 345 850 127 352 901 959 967 257 598 603 750 585 117 361 789 572 464 731 1127 484 347 919 592 724 763 333 761 684 477 869 532 727 1023 720 614 538 917 699 937 532 725 882 546 434 626 123 779 658 623 342 311 182 272 980 588 969 945 650 649 604 609
987 1171 733 559 784 1128 976 795 869 933 877 629 661 753 445 891 964 792 38 299 1010 529 958 1178 706 474 664 815 249 0 75 592 901 550 97 924 134 20 938 891 587 603 881 245 920 503 697 777 800 437 190 661 928 902 828 628 841 1012 1018 410 956 876 634 876 472 1108 776 548 664 482 573 850 857 574 689 586 504 691 733 561 629 577 305 756 945 1096 828 850 599 921 383 819 377 568 461 554 275 839 571 327 818 893 506 1068 548 607 1043 347 478 653 521 270 530 879 720 908 767 562 141 661 1116 383 1096 843 193 669 885 909 953 949 1058 404 112 979 943 830 966 911 805 715 846 258 651 68 772 768 930 284 1156 842 585 736 1128 977 252 878 772 782 247 512 595 667 644 654 238 374 405 665 458 270 1121 580 218 860 926 854 746 984 986 1270 25 639 354 544 410 846 835 445 1041 731 624 279 508 609 696 310 800 761 916 874 874 868 545 436 94 583 1006 736 1247 792 226 317 632 118 979 504 890 438 1010 210 547 916 941 860 494 659 696 711 534 192 156 792 677 581 844 1225 364 354 966 802 668 909 527 801 837 373 785 543 788 1152 939 531 479 914 660 1055 713 707 881 732 370 751 321 889 806 816 110 104 251 227 893 752 961 831 801 751 649 611
985 1165 676 528 730 1125 994 757 814 923 820 568 688 694 440 862 956 836 90 356 1004 469 942 1168 722 503 713 790 313 75 0 584 851 547 86 970 147 64 893 876 575 625 865 281 966 490 728 753 765 420 215 682 883 876 782 632 822 1012 1020 395 990 897 572 921 480 1096 724 570 645 454 544 805 904 524 721 596 496 635 688 545 643 550 240 730 918 1094 846 842 554 898 426 863 365 519 403 555 317 778 603 297 770 939 538 1081 501 638 1054 344 448 628 470 301 554 925 768 928 717 527 212 713 1110 437 1078 798 137 631 912 860 935 938 1032 347 53 994 966 881 978 918 833 764 823 214 669 102 709 715 940 273 1147 887 617 732 1114 991 311 820 717 784 251 553 647 666 693 659 248 426 361 650 459 281 1103 592 256 801 932 891 707 998 972 1260 57 596 411 564 442 820 808 440 1017 757 602 233 551 657 735 254 846 720 885 856 852 898 506 479 147 574 987 741 1242 816 209 256 682 70 986 522 917 447 1024 249 582 887 902 800 545 648 694 670 494 235 89 762 679 590 845 1218 312 343 945 838 623 920 562 781 852 325 731 522 774 1155 978 482 440 879 620 1055 739 671 847 759 335 758 367 889 819 845 35 49 275 219 837 771 925 769 815 750 633 585
404 580 481 180 484 541 477 339 551 341 581 489 312 516 146 353 372 545 556 488 420 440 370 585 239 288 524 265 529 592 584 0 531 54 503 660 458 606 505 302 31 242 296 404 662 97 370 229 316 169 417 257 501 352 432 109 265 431 445 191 572 409 491 615 159 516 454 231 111 188 163 431 617 357 369 137 88 462 359 73 188 157 478 227 393 510 346 258 307 353 389 557 219 336 408 75 411 601 318 305 445 637 304 536 324 321 502 244 202 145 346 372 247 620 542 433 427 214 577 549 525 468 510 429 479 275 463 521 370 357 496 400 537 465 479 644 432 359 409 543 282 402 227 660 576 470 387 310 564 590 324 149 537 454 496 602 478 215 346 385 506 97 513 129 357 447 322 89 146 330 534 159 424 595 368 524 313 465 396 678 574 303 484 218 311 296 290 146 470 345 121 397 394 484 441 420 579 343 389 293 305 474 249 388 523 11 423 189 657 362 374 453 519 516 421 204 465 184 489 430 334 379 460 605 469 69 119 314 256 451 534 282 123 132 271 634 385 240 389 473 327 376 331 231 332 355 483 116 200 578 603 330 264 406 279 475 329 260 373 352 290 213 418 310 298 423 579 537 367 366 577 302 460 602 300 176 80 150
663 709 192 399 128 728 883 200 75 538 107 318 837 193 596 304 582 1068 880 948 624 396 484 676 741 807 1056 345 967 901 851 531 0 576 806 1171 801 904 100 470 504 772 454 832 1174 530 894 356 236 548 803 778 89 334 99 628 412 687 730 568 1047 862 315 1130 665 609 126 762 429 466 401 107 1136 327 894 668 556 230 185 482 713 402 621 334 339 710 805 542 307 384 882 1076 601 333 451 604 858 183 849 590 91 1152 830 880 353 853 840 648 462 386 380 808 777 1135 1072 875 135 376 962 1081 678 958 530 106 713 270 936 27 453 537 406 504 798 857 919 1171 805 729 905 1074 371 643 748 952 233 141 760 664 682 1109 856 550 595 837 937 136 141 627 725 909 1035 581 1044 637 744 936 497 462 630 735 545 690 839 148 720 1029 218 850 510 738 876 275 964 749 812 336 329 596 429 856 411 621 918 1015 969 596 1104 188 277 431 385 960 374 897 881 527 470 646 780 851 696 599 1050 785 754 729 936 674 864 842 864 301 185 162 987 498 575 224 382 857 764 282 610 664 637 735 538 621 427 984 243 770 859 397 774 528 127 459 463 812 1096 370 433 236 272 719 843 271 242 864 543 668 888 634 750 918 824 803 785 709 81 794 225 194 757 595 460 389
438 621 513 204 521 578 484 388 592 385 620 509 280 547 107 407 413 512 514 435 459 450 419 628 227 236 480 319 477 550 547 54 576 0 464 632 416 565 555 352 73 205 346 353 633 85 340 283 367 147 370 231 551 406 477 100 317 464 474 165 558 406 512 585 105 561 492 186 163 191 191 478 585 377 337 104 61 490 399 98 163 186 461 280 447 546 344 300 333 406 335 526 186 356 410 29 358 636 274 281 488 608 254 551 341 281 520 203 205 193 359 321 200 590 502 433 467 238 528 505 565 413 559 476 450 314 453 567 421 402 549 395 502 475 478 608 447 378 392 503 336 376 202 619 606 507 404 274 605 559 281 186 583 466 443 640 515 238 303 334 458 118 468 126 313 393 315 143 96 284 583 122 374 632 390 501 359 476 444 721 533 335 430 172 257 350 344 107 522 322 165 375 344 438 404 403 544 388 443 345 359 459 268 335 478 52 473 202 696 349 338 438 473 482 444 154 455 131 501 381 287 433 512 641 418 121 146 355 273 402 503 334 135 98 298 675 374 205 441 448 361 390 283 285 336 345 520 134 250 608 583 344 270 460 316 508 305 305 426 328 275 223 365 341 302 405 545 502 319 328 619 290 514 636 301 203 134 188
902 1084 641 462 691 1042 908 698 776 843 786 543 603 663 357 794 875 756 73 293 923 442 865 1088 635 419 638 719 260 97 86 503 806 464 0 891 63 106 841 798 496 538 789 202 888 411 644 681 703 343 133 596 832 806 732 547 747 928 936 317 905 811 547 841 394 1017 682 484 570 385 476 753 826 480 637 510 414 600 636 468 557 481 228 660 849 1011 759 761 502 825 348 783 285 473 372 471 240 751 519 230 722 861 454 995 453 554 968 260 381 557 427 219 469 846 692 842 672 465 183 640 1029 368 1003 746 112 572 826 813 860 859 962 314 62 908 880 806 892 833 748 687 751 163 582 160 685 675 854 192 1067 808 533 649 1036 904 250 788 679 699 165 473 573 582 618 574 162 355 309 573 375 194 1027 506 179 771 847 808 648 912 894 1181 74 542 345 478 358 750 738 357 945 672 529 186 472 582 654 221 769 664 819 781 779 813 448 401 99 493 912 656 1160 730 131 235 608 49 901 436 831 361 938 173 499 819 844 771 473 568 611 614 437 163 101 695 594 504 761 1137 273 262 872 755 572 835 479 707 765 279 692 448 696 1071 895 436 382 816 562 972 653 609 783 673 273 673 293 805 733 760 98 56 191 136 801 685 864 743 728 666 556 515
