320
0 923 87 394 624 692 584 560 242 649 600 190 414 670 671 980 482 302 1036 229 90 817 359 762 480 130 884 92 810 754 411 711 535 743 594 992 510 642 853 673 617 546 316 422 335 265 1039 606 598 177 469 1039 578 433 921 802 825 1080 666 598 302 399 681 468 79 243 100 796 91 695 241 684 344 461 531 307 165 433 655 470 916 572 1014 81 839 753 758 578 795 280 195 663 559 494 659 137 818 838 316 616 690 522 419 131 681 283 770 784 203 814 827 353 269 346 688 153 740 403 373 256 396 838 733 165 431 300 547 282 180 647 469 263 706 547 529 511 527 833 832 591 867 619 975 735 552 770 1116 891 619 934 828 360 377 469 599 599 664 558 483 568 965 735 601 1063 495 114 738 521 922 1115 919 663 366 184 144 511 862 834 697 406 276 915 244 439 516 867 452 388 527 751 274 162 632 241 781 551 661 516 447 892 835 297 791 729 820 689 800 482 243 716 866 388 102 543 524 661 440 942 229 577 338 613 487 104 839 781 989 154 233 430 1018 375 642 1091 764 109 168 286 658 726 738 663 735 167 795 343 676 546 657 729 666 194 553 80 780 782 502 177 243 747 411 857 441 824 503 790 326 673 700 594 990 816 639 171 941 686 445 219 245 527 632 998 604 467 641 376 410 209 622 148 454 564 338 981 392 266 682 28 786 739 234 91 703 813 158 737 146 103 675 114 208 172 639 506 606 227 604 906 756 286
923 0 856 601 472 479 493 770 823 667 340 1001 718 621 252 97 749 901 129 794 833 419 587 622 604 792 199 1015 459 362 697 389 442 809 727 135 566 397 94 280 334 561 917 585 683 750 116 685 327 859 632 164 442 698 93 423 688 157 825 361 708 808 295 693 948 825 834 335 878 741 810 239 783 575 814 864 807 490 357 603 114 796 92 843 278 404 164 366 156 935 792 575 371 546 264 866 522 721 762 349 257 598 664 1037 274 641 529 530 882 175 811 635 804 719 257 984 196 671 797 705 877 181 825 782 514 807 738 751 1058 478 466 822 645 734 517 488 578 96 138 331 97 725 62 568 371 529 193 183 356 245 385 833 657 470 695 324 433 402 545 737 58 227 338 175 468 808 810 831 264 200 112 811 561 949 1067 783 131 380 426 712 834 192 866 732 555 266 749 643 420 255 648 952 359 710 413 630 298 626 625 84 440 843 486 431 575 310 537 480 873 739 341 575 1024 684 503 374 859 179 856 673 651 361 654 999 329 796 111 768 689 498 110 719 328 168 174 960 1005 652 265 768 322 316 525 755 230 683 706 500 613 476 389 862 408 899 165 446 621 1100 967 297 858 79 697 781 611 156 789 654 449 692 153 111 283 928 179 683 490 838 752 526 727 126 647 514 520 880 525 824 355 782 769 457 645 167 617 812 364 948 292 504 702 1014 755 481 867 519 926 877 815 903 766 1095 809 540 586 848 637 62 689 643
87 856 0 366 538 665 498 574 268 562 526 268 418 662 607 909 493 239 965 144 70 784 317 674 464 74 831 169 723 670 324 674 455 756 601 932 488 603 791 598 563 526 365 336 247 266 972 520 535 213 458 965 540 347 848 716 821 1013 585 521 293 320 629 382 93 164 101 713 133 610 262 616 261 437 553 236 173 372 574 453 842 491 948 43 758 719 691 503 722 335 108 576 487 408 592 67 731 837 326 565 633 434 411 218 625 227 749 697 140 757 837 267 187 347 630 232 668 396 292 170 326 783 651 154 353 322 463 196 268 561 415 184 700 463 444 474 509 764 759 524 806 534 910 648 484 683 1049 837 540 885 743 283 290 393 514 535 630 480 397 483 901 660 527 990 415 72 655 443 842 1045 845 582 294 250 220 528 803 798 664 320 306 861 174 354 429 786 464 300 450 700 215 232 585 216 696 464 585 506 359 820 749 329 765 697 803 641 713 402 176 722 826 351 175 543 492 619 472 887 157 576 252 534 481 192 756 791 916 100 171 373 947 378 591 1024 693 112 249 208 591 734 656 612 647 109 717 333 678 461 647 703 583 123 475 46 707 696 491 251 309 700 443 793 354 831 416 718 244 668 614 595 915 747 574 130 886 685 392 142 157 441 547 925 517 429 619 307 358 233 543 123 372 527 313 925 369 186 599 115 705 652 155 170 619 726 197 649 110 41 692 71 120 251 656 479 518 260 597 843 754 213
394 601 366 0 515 299 488 288 225 658 362 411 147 307 359 680 218 551 728 409 310 423 80 724 107 292 513 479 683 582 477 320 379 444 286 638 123 255 516 427 267 161 316 381 390 155 710 634 289 271 115 747 190 498 630 659 468 753 759 387 110 553 318 525 452 451 293 610 318 735 213 388 492 70 299 528 237 178 468 96 633 674 686 332 625 360 447 355 514 333 377 617 319 430 363 416 721 489 161 256 345 502 96 476 330 171 383 697 473 457 511 354 451 121 344 401 459 93 525 323 598 475 807 228 293 206 620 411 479 543 154 463 348 618 445 125 146 529 554 305 525 668 642 675 284 684 788 524 416 555 664 542 407 291 635 298 270 369 415 635 631 479 362 766 344 296 803 657 695 802 634 750 229 358 525 264 510 442 304 485 232 545 486 529 462 646 200 403 333 383 186 365 258 152 635 553 426 159 450 598 696 242 399 335 438 317 713 338 491 392 476 47 491 218 131 276 290 575 468 242 354 413 149 436 648 468 692 267 221 154 709 130 280 763 480 477 420 272 360 412 543 297 652 261 557 81 344 451 291 337 505 449 367 412 498 653 142 558 368 368 279 525 504 497 495 507 482 320 577 267 708 511 336 489 574 343 137 445 376 450 679 704 610 88 252 586 118 232 421 248 568 175 56 619 19 456 506 412 578 644 280 474 748 696 284 650 473 405 396 436 356 546 367 112 573 251 249 568 407 245
624 472 538 515 0 644 40 797 657 204 211 774 662 746 337 475 733 480 532 420 554 686 445 217 597 506 574 706 187 147 261 583 137 926 783 599 581 526 464 216 406 606 778 202 297 592 574 214 327 654 617 508 508 253 415 178 886 605 359 169 571 361 452 237 613 435 572 192 624 286 643 306 358 549 814 443 588 337 120 588 400 323 553 548 253 629 356 196 317 773 439 122 230 130 302 516 209 916 641 431 409 138 612 755 421 416 738 182 499 491 972 270 407 617 404 744 293 608 360 368 429 521 372 552 231 675 266 364 799 28 380 424 786 262 94 491 608 382 336 290 484 255 535 163 274 169 635 569 149 641 207 397 256 224 223 315 582 160 141 264 530 249 212 536 171 527 360 361 334 608 403 345 309 736 756 779 506 669 603 275 686 592 469 280 114 282 716 243 189 496 411 726 468 515 158 159 198 646 195 399 211 707 719 633 803 482 199 179 475 862 663 468 710 716 524 521 799 601 466 729 286 147 652 725 232 937 476 491 427 363 519 638 441 613 309 612 765 348 307 888 160 455 136 479 251 574 815 78 731 670 83 486 159 567 311 158 632 785 779 532 782 453 249 950 156 319 370 773 75 754 453 372 315 554 601 803 386 456 388 97 259 479 176 474 643 438 397 637 147 531 310 511 519 616 534 414 108 652 206 130 397 708 301 193 651 134 563 540 894 555 419 787 870 550 114 672 716 498 848 360
692 479 665 299 644 0 633 309 492 833 436 680 324 142 336 575 315 832 604 690 609 132 354 861 219 590 311 774 761 643 712 89 519 332 258 450 183 119 385 463 241 150 538 594 640 437 558 823 318 552 238 643 147 728 547 728 243 597 965 477 394 807 216 746 752 732 592 651 612 916 484 377 753 231 360 804 531 365 548 226 559 893 538 631 634 87 387 448 475 570 664 765 414 613 365 711 815 275 410 214 270 691 289 763 250 453 97 802 763 303 347 594 727 366 273 679 439 304 783 596 863 302 998 527 487 450 833 680 757 669 304 741 168 830 612 200 172 451 505 355 382 863 492 804 371 793 628 326 501 322 714 806 644 458 827 331 63 486 601 843 481 482 435 653 503 595 989 893 676 660 560 953 461 628 819 336 351 164 53 724 482 338 771 763 642 644 329 635 464 225 468 640 178 452 706 742 474 203 663 518 761 479 100 54 161 188 817 505 776 262 210 316 787 234 175 129 433 370 753 211 600 502 239 724 676 324 589 565 510 346 587 348 210 605 447 776 696 537 359 290 593 204 769 558 557 353 227 608 135 37 595 739 488 711 463 734 210 851 619 181 444 402 732 320 691 467 747 175 680 224 624 438 343 784 368 204 316 730 652 620 871 603 791 243 59 854 336 511 505 548 805 152 354 416 300 733 584 709 606 754 561 769 931 780 568 764 770 702 336 734 641 837 333 186 738 518 170 423 220 512
584 493 498 488 40 633 0 772 621 203 207 735 633 729 338 503 706 443 560 380 514 682 415 238 573 467 583 666 226 184 224 576 116 906 760 616 560 516 478 226 398 586 743 162 257 558 598 203 320 616 592 539 493 218 441 218 872 631 350 166 538 328 449 205 573 395 533 229 585 286 607 311 321 525 787 406 550 312 136 564 427 305 577 508 288 623 368 189 337 737 399 133 219 90 304 476 244 902 609 422 409 106 585 715 419 380 728 215 460 499 955 230 368 586 404 705 307 580 324 328 396 529 370 514 199 642 245 324 759 64 358 385 770 241 54 471 587 401 359 283 498 245 556 187 262 201 662 579 153 650 247 361 216 197 211 308 571 147 101 246 551 267 209 567 144 487 360 337 370 638 430 337 275 697 715 752 517 668 594 239 652 603 430 247 75 317 688 203 170 497 375 688 460 480 198 137 207 624 156 424 251 673 712 625 793 478 232 149 436 843 665 440 670 693 505 512 768 614 427 707 246 149 628 685 270 919 505 453 390 337 547 608 434 640 325 572 725 310 309 868 191 449 167 440 279 543 795 40 714 660 110 446 145 527 330 198 609 744 741 530 751 469 215 934 122 338 332 755 115 733 484 390 313 515 613 785 362 416 348 56 250 508 167 452 628 403 370 601 151 493 280 495 488 631 507 375 135 612 239 164 357 668 301 231 613 166 523 500 872 515 379 747 847 528 107 636 696 515 832 322
560 770 574 288 797 309 772 0 318 946 621 469 161 186 573 863 81 797 899 662 505 428 367 1010 200 511 619 618 955 846 759 390 660 182 56 758 225 373 676 675 464 215 294 669 668 309 860 922 521 385 179 933 338 781 826 927 292 901 1045 653 290 824 480 810 637 701 476 867 469 1023 319 611 761 248 54 781 403 460 735 208 834 957 839 532 869 397 648 621 730 337 623 903 583 718 590 637 997 295 248 441 527 791 193 581 507 443 322 976 706 598 267 637 709 231 529 483 682 203 795 591 861 603 1094 420 580 261 905 677 553 825 418 716 197 903 732 320 203 724 767 549 677 956 792 959 542 964 933 634 683 632 926 806 690 574 923 533 340 643 703 921 781 715 621 946 627 505 1090 936 928 961 835 1036 517 426 650 51 650 467 355 766 287 647 730 810 750 886 110 688 610 516 457 446 419 376 904 841 679 156 737 794 964 270 365 364 338 461 992 623 734 164 516 335 632 88 291 396 155 679 710 99 635 681 144 548 901 221 877 494 480 434 881 200 453 910 698 666 493 548 585 167 802 460 933 494 795 260 137 736 184 330 776 684 642 612 716 925 168 677 393 479 178 691 787 267 783 723 749 165 854 86 905 708 563 705 677 158 411 689 636 737 967 891 898 325 255 846 402 351 687 454 847 326 306 725 270 712 774 566 829 924 542 611 1036 970 404 930 684 615 118 644 609 659 83 257 860 336 139 721 221 522
242 823 268 225 657 492 621 318 0 750 552 189 180 443 576 899 240 504 948 383 198 624 243 842 273 219 737 303 840 755 526 533 533 500 354 863 310 474 740 624 491 341 122 475 431 73 934 714 503 67 254 964 411 550 846 822 591 977 811 567 115 561 543 583 320 417 166 789 151 814 14 601 497 272 289 495 97 358 642 266 847 718 910 224 816 566 666 538 725 118 341 734 508 543 575 334 866 601 83 481 569 599 203 276 554 240 556 836 406 682 585 420 431 125 568 186 669 188 531 341 582 701 871 128 427 57 676 415 265 684 361 434 475 675 570 348 319 747 765 511 749 740 866 802 482 823 1012 748 595 777 836 533 466 446 712 509 479 538 528 695 855 681 552 985 492 206 871 681 892 1024 849 805 348 136 339 268 735 649 510 528 38 769 437 570 572 840 212 470 501 607 246 148 483 141 799 642 618 296 529 814 859 63 585 538 599 542 854 482 439 476 688 248 316 309 348 497 204 799 418 344 411 590 263 239 831 539 910 211 240 340 930 147 505 987 692 350 203 324 572 484 724 522 788 217 755 146 438 581 431 528 670 388 535 300 709 810 285 369 143 590 176 749 556 584 585 719 481 441 728 357 923 729 550 395 798 450 339 399 370 571 753 922 701 313 436 565 307 34 599 163 599 395 178 843 213 433 678 248 766 786 293 295 825 849 86 787 373 307 433 334 335 353 397 318 681 26 375 792 520 304
649 667 562 658 204 833 203 946 750 0 410 825 797 922 540 656 875 416 710 420 601 885 580 124 754 557 779 714 263 311 237 779 314 1092 941 798 745 717 666 421 600 775 871 280 323 697 761 46 523 729 770 677 690 215 600 283 1070 788 158 369 687 280 652 180 613 415 627 348 677 83 737 510 315 705 955 385 664 493 324 744 582 153 742 586 415 826 561 391 516 856 454 93 421 229 506 517 228 1098 755 624 611 156 754 776 622 521 929 195 474 696 1146 329 386 741 606 791 496 747 296 415 332 726 168 628 367 781 124 366 829 191 547 397 964 121 222 662 773 581 529 486 687 65 729 132 463 184 815 774 353 845 328 326 284 382 56 511 772 349 244 107 726 450 412 705 332 577 157 214 483 781 585 144 430 797 757 920 710 871 796 242 784 796 434 214 198 441 853 280 368 699 511 783 662 615 279 107 403 806 220 589 295 808 914 827 994 681 204 332 438 1032 867 611 714 873 695 714 921 805 440 890 338 349 805 754 376 1108 655 551 509 518 700 767 637 796 511 602 809 426 510 1056 345 652 164 542 438 701 984 225 906 861 282 470 346 576 512 254 790 780 849 733 900 655 207 1127 166 518 332 947 219 916 623 573 516 530 804 975 546 440 406 215 62 655 49 637 824 348 547 723 351 598 215 691 647 817 676 391 306 675 382 184 459 719 98 250 721 170 546 549 1052 553 444 788 1025 715 95 759 884 698 1026 447
600 340 526 362 211 436 207 621 552 410 0 707 507 546 133 383 568 563 440 454 514 476 311 425 421 469 385 691 335 224 367 372 112 733 599 442 397 317 296 73 196 416 665 249 344 480 455 409 117 570 445 439 306 373 322 306 679 494 556 41 446 478 241 375 616 485 520 248 569 493 538 113 447 375 647 526 509 194 115 414 316 502 431 519 264 418 184 26 196 671 454 333 44 223 100 530 384 710 513 221 202 291 453 722 212 330 528 368 543 300 771 295 464 479 196 684 144 453 464 368 546 331 578 479 175 554 441 411 752 233 209 482 585 437 204 303 422 244 233 80 315 451 399 368 79 358 529 383 65 451 304 499 320 133 416 105 373 69 218 445 391 135 1 463 129 487 567 523 339 520 319 543 233 660 743 612 327 460 393 382 573 408 526 408 242 287 556 306 80 290 334 657 259 418 283 336 66 465 298 294 342 590 508 422 592 271 383 140 533 666 457 319 699 535 334 310 652 423 516 542 311 65 478 686 286 739 390 447 369 214 423 492 230 504 168 626 705 318 103 693 181 243 332 434 203 436 620 193 532 460 161 522 74 566 182 306 453 776 691 323 642 292 373 748 299 192 452 575 245 567 389 228 105 589 423 606 224 498 412 214 457 399 374 298 439 547 250 543 69 470 449 312 385 448 381 472 154 627 216 318 370 691 508 352 573 328 589 544 708 568 428 773 688 365 315 573 524 342 645 313
190 1001 268 411 774 680 735 469 189 825 707 0 360 620 749 1071 403 492 1123 412 225 812 413 932 461 271 925 185 961 890 588 722 666 643 515 1048 499 663 921 780 672 529 178 576 503 255 1113 784 675 141 441 1134 599 612 1015 948 757 1156 853 715 300 587 728 647 259 431 202 929 150 877 199 770 530 462 427 497 197 518 783 455 1014 759 1089 239 964 755 839 689 892 134 373 830 663 648 745 326 977 763 269 664 750 688 390 123 736 377 740 945 394 867 732 510 455 314 749 36 835 376 560 415 587 886 919 229 557 231 730 461 83 799 534 451 648 731 681 535 507 920 931 678 931 801 1046 901 645 931 1192 935 740 965 969 549 544 587 779 680 669 680 635 751 1036 841 708 1156 624 250 923 710 1044 1200 1016 850 482 52 196 418 918 838 700 585 199 956 434 622 674 990 377 552 645 794 375 49 669 291 926 724 772 480 614 984 984 206 771 726 778 728 961 612 434 634 878 428 196 482 537 685 322 986 419 517 497 735 446 105 972 686 1081 282 349 506 1104 332 689 1166 859 286 28 425 742 636 867 707 895 294 910 335 602 696 609 715 803 384 676 271 876 932 471 216 79 778 294 928 619 736 671 886 512 613 849 526 1090 901 721 358 985 618 510 407 419 680 814 1092 779 498 623 566 476 178 744 243 640 583 359 1030 400 453 815 172 912 897 378 176 886 967 134 896 333 292 572 304 381 196 537 508 773 162 553 973 686 415
414 718 418 147 662 324 633 161 180 797 507 360 0 262 489 803 81 636 847 500 349 457 219 869 116 352 600 482 831 729 601 379 526 339 183 734 157 333 627 570 387 177 214 517 509 152 820 770 425 247 90 871 278 624 757 806 412 862 888 534 129 663 424 653 487 540 322 756 324 872 176 522 599 143 158 620 250 326 615 115 762 799 797 376 768 405 574 502 647 246 462 761 465 571 499 479 868 424 98 369 461 641 55 456 443 285 379 844 546 558 418 480 547 71 462 364 595 54 634 430 699 571 940 263 436 129 749 516 441 690 298 555 295 747 589 230 155 655 686 445 633 802 751 821 429 831 897 613 563 630 811 645 533 438 770 435 324 516 556 765 740 618 507 888 490 347 937 776 835 917 763 880 367 310 519 124 612 487 351 607 161 631 569 651 603 788 56 531 481 478 297 325 360 215 783 691 570 121 583 725 843 156 411 374 419 414 861 484 573 304 530 194 495 129 215 357 146 662 550 164 477 560 85 419 793 373 815 333 319 301 828 39 389 872 614 515 379 389 494 316 689 402 798 333 698 99 262 596 250 357 652 524 515 458 632 800 114 549 296 451 141 639 630 413 632 641 587 260 725 180 837 637 471 548 661 272 284 528 475 594 814 829 749 214 265 685 266 208 568 296 687 262 150 708 128 550 653 423 723 791 381 475 885 844 265 797 528 459 279 489 447 533 245 178 715 204 195 677 342 363
670 621 662 307 746 142 729 186 443 922 546 620 262 0 463 717 221 858 747 716 598 245 381 964 200 590 450 743 879 763 771 231 613 193 131 589 187 243 527 584 359 151 458 662 689 405 699 905 431 509 203 786 239 790 688 847 161 738 1042 584 370 855 350 813 740 758 575 776 583 1004 439 504 796 238 240 835 505 432 661 211 700 962 680 623 765 224 523 553 610 496 683 863 516 694 488 717 929 183 360 332 403 772 251 719 382 477 135 913 778 445 226 648 758 324 406 626 570 267 829 629 904 444 1082 511 559 391 905 717 702 772 375 770 42 902 699 259 161 591 642 466 524 944 634 908 473 904 768 466 611 455 837 847 701 540 909 444 193 586 681 918 623 610 544 795 590 590 1075 953 812 802 700 1031 516 571 782 226 493 285 195 781 423 476 793 823 725 776 244 695 558 367 492 588 300 446 825 824 592 155 732 658 882 413 179 192 159 324 929 589 798 123 335 341 756 138 226 260 332 507 774 104 651 611 183 682 804 193 731 567 528 408 729 297 335 746 580 767 640 575 483 151 714 334 876 563 688 329 85 699 16 152 707 754 587 706 597 850 170 812 550 324 349 544 795 204 769 602 787 33 790 103 765 577 464 789 506 63 379 751 683 706 953 746 876 289 109 892 386 469 615 539 864 234 352 554 298 763 699 682 732 863 587 736 1018 897 527 872 772 702 194 733 663 796 193 212 829 467 67 566 104 549
671 252 607 359 337 336 338 573 576 540 133 749 489 463 0 322 534 678 373 559 582 353 336 542 384 542 254 764 426 307 494 260 243 656 540 328 351 220 184 130 108 358 675 372 459 502 367 541 74 608 411 388 235 502 271 392 579 410 689 172 462 604 122 506 701 594 582 314 625 623 562 40 568 346 608 643 555 238 224 380 274 635 343 592 302 301 90 156 159 690 551 459 142 355 34 623 483 611 520 133 73 424 433 785 89 389 421 473 647 170 683 409 576 479 68 732 109 438 588 465 671 200 708 530 281 565 574 523 805 356 215 593 498 570 337 260 370 171 197 84 200 583 303 484 126 466 446 254 187 319 377 621 441 237 549 72 275 201 348 578 294 147 131 408 253 557 696 655 355 450 275 675 315 699 816 574 204 333 287 509 589 279 636 538 374 315 529 428 201 159 397 700 163 458 371 469 144 417 427 239 425 601 394 311 482 153 487 262 642 586 326 327 773 484 283 207 634 298 623 483 423 190 439 746 341 655 333 517 438 245 354 484 128 420 125 714 753 409 29 615 257 132 445 504 225 440 544 326 451 353 272 625 206 651 144 400 409 849 719 196 630 186 502 656 432 152 570 495 356 506 349 153 34 688 297 526 239 603 516 347 589 346 505 276 354 670 273 574 189 530 579 246 398 327 376 583 256 697 269 428 456 762 637 446 615 440 684 631 642 658 525 843 628 320 445 600 455 236 555 397
980 97 909 680 475 575 503 863 899 656 383 1071 803 717 322 0 838 931 58 834 892 515 658 594 691 849 293 1072 423 345 719 485 473 906 821 201 654 489 189 314 416 651 997 616 718 825 110 680 396 929 719 69 530 717 62 390 785 131 814 395 784 827 384 707 1000 862 896 309 942 724 885 300 810 660 905 893 875 554 370 690 75 795 98 899 244 501 232 407 186 1012 836 563 421 567 326 913 484 818 842 433 341 609 748 1099 360 703 626 499 922 272 908 673 839 800 341 1052 240 755 820 750 897 278 805 848 558 886 741 788 1124 475 537 857 742 736 535 572 667 151 151 393 194 718 116 545 429 500 160 277 383 333 348 856 687 516 691 390 528 437 569 736 121 253 382 86 504 866 789 837 203 138 72 800 614 1021 1124 874 228 476 521 734 911 282 902 748 571 223 837 673 461 350 708 1022 447 779 385 635 329 716 646 88 399 922 583 528 672 402 503 517 908 836 436 650 1081 776 589 467 946 264 893 766 689 389 743 1062 291 892 14 826 747 564 44 802 415 139 216 1009 1073 702 328 864 316 405 502 813 223 762 802 517 709 573 393 903 443 950 201 416 711 1157 1042 393 944 173 715 878 625 190 818 750 437 785 62 169 349 971 265 779 561 877 793 543 718 29 643 594 615 902 595 897 381 845 783 545 721 242 696 846 368 1007 274 481 753 1071 737 445 936 496 971 927 910 951 811 1153 904 627 584 923 731 157 786 696
482 749 493 218 733 315 706 81 240 875 568 403 81 221 534 838 0 716 878 580 424 445 295 943 150 429 613 543 897 791 682 385 596 262 114 751 184 354 656 626 428 188 236 595 589 227 845 848 476 308 124 907 307 704 796 871 354 887 968 597 209 744 454 733 557 620 395 816 391 950 240 570 680 192 81 700 322 395 679 155 803 880 823 450 823 402 615 565 693 276 542 835 527 647 548 556 937 362 167 407 497 718 121 510 478 365 351 914 624 582 345 560 627 150 498 413 643 127 715 511 780 591 1019 339 511 184 829 597 486 761 360 635 245 827 664 274 170 694 731 500 659 881 776 893 488 902 920 627 627 635 873 725 613 509 849 487 331 583 632 845 765 671 567 922 562 423 1016 857 886 945 804 960 444 357 577 45 635 479 353 688 212 643 648 732 679 841 29 611 548 500 378 375 390 295 847 768 628 123 662 764 908 198 389 369 380 439 930 556 652 236 526 266 557 85 251 377 117 675 629 117 558 624 95 475 852 299 851 412 400 370 860 118 423 896 660 586 425 470 543 243 749 433 869 412 751 180 199 669 213 344 718 603 582 531 678 866 127 605 331 467 129 669 710 343 710 686 668 210 793 123 876 677 520 623 673 214 349 607 556 668 893 865 826 269 257 765 335 272 631 372 768 293 229 722 199 630 717 488 780 861 462 536 963 911 327 867 602 534 199 563 527 588 165 214 790 261 157 703 283 443
302 901 239 551 480 832 443 797 504 416 563 492 636 858 678 931 716 0 989 142 307 934 481 540 657 288 928 334 641 627 219 819 459 975 817 1003 673 745 857 621 671 711 605 315 219 490 1015 369 619 453 659 975 690 229 868 646 1019 1052 385 540 507 135 739 253 237 100 339 672 371 437 497 672 122 621 782 37 407 481 562 646 857 298 991 281 731 867 747 536 750 573 175 465 538 365 653 172 628 1039 553 682 726 345 618 405 725 382 924 592 100 846 1052 269 106 566 721 455 704 605 124 235 100 875 455 381 397 556 294 157 466 494 540 90 899 297 400 631 697 805 780 595 875 367 962 533 554 579 1085 930 548 990 683 90 244 441 360 614 785 498 362 314 954 679 564 1002 433 298 463 236 814 1069 860 386 382 484 366 754 883 939 818 205 543 956 67 210 368 761 687 258 483 808 366 463 711 422 631 348 604 706 288 845 672 567 931 853 984 759 605 422 64 934 957 520 330 754 657 756 708 976 87 784 255 542 687 396 713 1007 935 303 329 494 974 597 706 1061 727 214 468 295 654 950 632 727 548 303 714 542 888 419 842 868 551 116 492 222 738 620 690 383 544 821 680 855 234 1042 325 748 113 870 547 806 921 790 644 137 975 891 521 108 179 393 379 941 383 589 795 79 497 470 550 346 200 681 507 1006 560 99 574 320 682 560 272 341 441 636 437 552 160 204 915 187 194 395 881 655 412 499 798 905 957 319
1036 129 965 728 532 604 560 899 948 710 440 1123 847 747 373 58 878 989 0 892 947 534 709 643 734 905 308 1128 471 399 777 516 531 933 855 194 695 526 223 371 462 690 1044 674 776 875 78 735 447 981 761 56 572 775 120 440 805 82 867 453 834 885 424 765 1056 920 950 362 996 776 935 353 868 704 943 951 927 607 428 733 132 850 80 955 295 527 283 464 243 1061 894 617 477 625 379 970 531 837 889 477 385 666 792 1154 403 757 649 547 980 302 930 730 897 847 385 1104 296 800 878 808 955 303 856 901 616 934 797 846 1177 531 588 915 769 793 593 617 708 203 209 447 223 772 118 596 484 550 105 292 441 338 396 914 745 573 746 443 561 495 627 792 128 311 439 51 562 922 839 893 245 80 129 853 670 1072 1180 913 253 493 552 792 960 292 960 806 629 272 879 731 519 383 763 1074 488 831 436 691 387 755 704 145 446 970 604 555 690 440 551 575 966 863 450 699 1136 813 632 503 988 269 951 801 747 447 784 1116 340 917 55 881 802 617 19 848 458 88 272 1066 1125 758 381 892 372 446 554 868 280 810 832 575 740 599 450 961 501 1006 257 466 751 1213 1092 424 988 209 773 899 682 247 876 780 492 820 92 221 402 1028 270 808 612 935 851 601 772 55 698 641 648 960 646 948 439 899 840 587 770 237 744 904 425 1062 329 532 810 1127 789 492 988 547 1029 984 941 1008 868 1208 936 669 639 973 765 181 811 752
229 794 144 409 420 690 380 662 383 420 454 412 500 716 559 834 580 142 892 0 196 796 338 535 516 163 802 296 599 561 184 681 363 837 679 887 531 607 742 520 540 569 493 225 123 358 910 377 494 341 518 884 550 205 772 596 878 948 442 439 371 180 608 240 197 42 227 605 271 466 373 558 118 478 649 119 286 347 477 505 763 348 885 175 657 729 634 428 648 468 41 441 423 291 536 99 600 898 422 549 600 302 479 355 596 239 783 566 88 722 912 162 48 430 595 376 599 466 151 97 201 751 507 255 280 430 318 56 409 440 403 54 757 319 328 491 555 699 682 474 759 390 852 513 433 552 983 806 452 862 628 149 163 324 370 490 645 396 283 339 844 581 455 910 329 179 511 303 741 972 766 439 250 391 342 620 762 802 678 178 421 831 81 210 306 686 552 176 374 678 224 374 576 285 578 326 504 565 229 746 627 446 790 713 842 626 581 316 87 794 822 378 297 615 516 619 582 853 65 644 145 446 547 333 648 867 840 172 188 357 875 461 574 959 623 192 393 158 537 811 555 595 517 169 627 403 748 347 700 727 476 69 391 156 635 574 549 368 448 688 556 741 212 902 283 645 101 729 494 666 832 682 524 138 852 750 383 44 42 324 403 847 377 447 653 185 357 350 455 219 228 541 367 886 418 50 496 254 605 524 130 300 474 600 328 519 143 129 779 137 53 373 745 513 383 382 657 791 815 179
90 833 70 310 554 609 514 505 198 601 514 225 349 598 582 892 424 307 947 196 0 732 270 707 402 47 794 182 741 677 365 625 456 687 533 902 429 555 763 587 526 466 299 353 278 197 949 560 508 146 395 952 491 388 833 730 756 991 638 514 228 376 591 423 142 224 32 718 76 655 192 595 315 379 483 301 103 343 575 392 829 543 925 27 759 667 669 493 707 272 155 605 473 426 570 136 754 771 257 526 600 463 346 209 590 193 691 721 208 724 768 286 243 279 597 192 652 331 348 190 389 748 702 87 349 252 510 240 245 578 379 243 635 510 459 424 448 745 746 502 777 579 885 676 463 707 1027 801 536 844 754 343 319 384 555 509 579 476 413 530 876 649 515 975 414 27 705 499 841 1027 832 633 280 197 234 458 772 748 612 363 236 825 240 401 450 786 394 327 443 662 185 182 543 157 709 498 576 443 388 804 765 260 709 644 743 600 738 402 242 654 779 301 192 477 439 573 402 852 222 510 272 531 416 174 762 722 901 67 145 339 929 310 552 1001 676 169 212 207 568 666 658 573 671 80 712 268 611 475 583 647 589 190 471 108 692 712 428 267 252 658 374 767 395 763 446 703 298 603 629 528 903 727 549 199 850 619 354 204 196 458 592 911 554 380 561 371 320 163 540 61 423 477 255 891 310 243 604 115 706 674 157 180 664 745 132 673 178 110 622 139 157 261 587 423 548 192 533 816 688 203
817 419 784 423 686 132 682 428 624 885 476 812 457 245 353 515 445 934 534 796 732 0 468 895 351 709 226 901 774 656 794 115 574 408 374 358 313 189 333 483 287 282 670 672 732 566 476 881 363 682 371 580 246 808 501 739 270 511 1027 517 523 896 234 822 873 837 716 655 740 969 615 389 846 357 481 904 658 455 577 357 517 963 460 752 625 66 373 493 458 703 772 809 465 679 386 826 833 303 542 266 279 755 421 893 265 564 120 826 873 253 396 683 829 498 284 810 436 435 874 699 956 239 1053 651 565 582 902 779 888 707 395 844 253 899 670 310 304 418 480 400 323 923 416 837 427 819 538 242 537 215 717 900 729 530 887 374 153 536 668 910 406 485 474 585 568 716 1043 971 652 579 517 1015 554 760 947 461 287 42 119 807 614 246 877 844 704 629 460 719 522 201 578 772 231 575 719 804 497 336 738 476 769 612 72 87 156 204 839 572 883 343 92 432 914 361 292 181 562 275 860 334 692 539 372 854 672 387 530 683 622 440 518 480 249 519 437 896 827 639 381 370 604 233 798 675 550 483 322 663 245 100 625 849 540 831 449 750 343 979 752 157 574 351 811 365 758 451 842 274 709 342 572 409 371 899 273 297 412 837 756 679 930 544 847 355 191 949 438 641 540 670 887 257 479 318 426 835 609 835 607 781 668 896 984 795 698 793 886 820 432 851 748 966 437 311 790 650 292 358 282 616
359 587 317 80 445 354 415 367 243 580 311 413 219 381 336 658 295 481 709 338 270 468 0 650 186 242 526 449 618 523 397 357 311 524 367 640 193 286 508 381 262 231 353 302 310 170 700 554 262 272 195 722 223 418 603 596 542 742 679 330 134 475 324 444 408 381 261 554 297 656 229 358 415 142 375 455 221 117 409 175 604 593 675 288 576 402 426 300 482 360 310 542 267 352 333 358 652 564 203 258 339 424 174 458 327 99 444 627 409 460 590 273 378 173 337 397 426 167 448 248 522 482 727 201 217 243 539 336 472 473 120 391 423 537 370 158 219 506 522 268 519 588 633 602 239 614 778 534 359 575 605 465 327 221 555 267 315 306 337 554 623 438 311 743 273 251 723 577 650 786 606 669 149 363 499 340 510 481 348 405 262 557 418 449 384 599 274 323 269 393 114 365 273 125 573 474 377 238 369 572 633 278 454 382 503 330 644 266 423 472 509 39 460 299 179 303 354 585 400 322 274 355 229 418 595 547 668 216 155 97 690 193 284 753 448 429 418 194 330 492 488 305 581 207 513 129 423 377 365 392 442 385 304 363 466 588 221 532 385 388 339 514 423 576 415 476 406 397 510 347 680 488 308 431 584 421 96 377 303 374 599 680 531 113 315 511 63 239 363 210 488 211 75 626 96 384 446 381 527 574 208 446 669 630 280 579 418 352 477 383 287 523 447 174 496 266 327 561 483 167
762 622 674 724 217 861 238 1010 842 124 425 932 869 964 542 594 943 540 643 535 707 895 650 0 812 661 760 831 173 261 351 796 352 1143 998 757 798 742 638 413 621 823 964 366 429 784 703 170 542 827 830 604 726 331 543 203 1103 725 243 384 768 405 662 297 731 534 731 287 783 146 828 507 436 763 1024 509 762 550 318 802 524 271 686 695 350 841 543 413 482 953 567 108 448 300 509 634 120 1133 838 646 616 245 821 891 630 605 954 96 595 681 1190 425 505 819 611 899 476 817 419 518 456 710 215 725 432 868 248 480 942 192 596 517 1004 245 279 708 824 545 486 505 658 183 681 58 491 93 749 752 360 825 247 450 388 435 181 530 798 377 315 231 679 426 426 631 382 682 198 335 403 708 527 230 505 901 876 989 686 875 818 358 875 773 556 335 270 371 924 380 406 700 597 888 684 703 209 210 398 862 319 539 202 897 933 847 1017 693 97 387 560 1080 864 677 832 931 741 735 1000 776 560 945 437 359 866 866 303 1155 590 653 603 575 636 842 655 732 485 722 918 519 514 1105 307 667 99 642 392 777 1032 273 949 885 270 589 376 691 481 177 847 900 950 738 982 624 324 1168 261 486 453 991 187 970 552 541 525 651 776 1021 600 559 517 275 174 588 159 690 860 473 608 818 357 698 340 729 722 782 743 510 287 788 330 119 558 835 155 154 821 105 666 665 1110 670 554 907 1085 766 161 853 933 662 1066 537
480 604 464 107 597 219 573 200 273 754 421 461 116 200 384 691 150 657 734 516 402 351 186 812 0 391 484 558 754 646 582 265 460 340 187 618 40 217 513 477 278 68 329 481 496 219 705 732 326 333 27 760 162 603 648 727 362 747 861 453 178 660 309 628 545 558 381 668 396 833 264 420 600 48 226 635 316 262 534 11 654 777 682 426 673 295 466 420 543 357 483 706 382 524 398 517 797 382 191 258 350 599 70 545 331 278 290 775 577 443 404 458 559 147 350 459 492 84 633 431 706 455 907 316 386 233 722 519 538 625 218 570 241 720 536 124 47 545 581 351 518 768 636 760 342 764 781 496 482 514 726 649 512 376 734 337 210 442 510 737 625 521 421 776 429 392 902 763 736 802 655 851 330 409 601 191 496 377 239 591 264 515 592 634 556 691 145 507 409 362 293 421 245 247 703 650 480 52 551 616 763 264 314 265 340 298 792 425 597 286 418 148 571 119 102 241 254 546 573 137 460 480 57 505 703 362 704 367 328 236 715 131 276 757 510 571 476 379 393 307 602 288 733 363 601 136 237 539 185 255 575 554 442 508 528 724 36 633 403 335 254 525 608 390 593 536 590 213 653 163 728 528 370 590 545 236 211 550 483 541 778 718 706 124 164 694 206 292 486 342 674 147 151 592 97 563 573 494 632 723 387 553 846 769 349 730 573 503 299 535 463 619 273 64 665 299 142 562 299 352
130 792 74 292 506 590 467 511 219 557 469 271 352 590 542 849 429 288 905 163 47 709 242 661 391 0 760 223 693 630 322 600 409 691 534 864 414 528 724 542 492 452 330 305 233 202 909 517 469 178 386 908 465 346 790 682 750 950 600 468 224 343 558 381 166 197 69 671 121 613 210 553 280 363 494 276 122 304 528 380 785 506 884 50 712 644 627 447 664 307 122 558 429 378 528 127 707 767 265 493 563 417 341 255 555 155 675 674 194 688 770 239 212 281 560 239 609 326 314 143 363 713 663 93 302 268 469 201 293 531 344 215 629 469 412 399 435 703 702 460 739 537 845 630 421 660 986 766 490 812 706 313 274 339 513 469 556 429 366 489 836 604 470 932 367 21 665 465 794 985 788 595 235 240 275 467 735 723 589 321 258 791 220 361 403 739 401 281 397 628 145 226 512 144 661 453 530 435 342 761 717 282 690 622 730 568 690 355 223 654 752 276 232 475 417 545 420 817 201 507 226 484 411 221 714 724 858 26 103 303 887 312 519 960 633 187 259 160 527 668 611 540 624 37 666 263 610 428 575 628 542 173 424 121 649 665 419 308 293 627 393 728 353 763 400 659 264 598 581 527 859 685 509 199 816 615 320 180 156 411 550 867 510 355 545 345 286 186 493 57 386 453 240 855 295 213 556 157 659 627 109 222 623 698 167 625 182 112 629 144 118 303 594 404 502 218 526 777 683 157
884 199 831 513 574 311 583 619 737 779 385 925 600 450 254 293 613 928 308 802 794 226 526 760 484 760 0 975 614 501 749 229 497 630 569 139 443 266 128 358 268 426 812 626 710 669 251 786 309 785 510 356 327 756 288 578 496 288 933 421 624 859 202 760 925 839 787 488 822 859 726 273 821 468 667 893 744 461 454 486 306 885 234 809 444 226 218 410 282 837 790 691 396 608 285 857 676 529 665 267 202 676 551 983 206 604 342 677 888 84 622 659 824 619 206 914 284 562 842 706 925 54 945 727 532 709 825 771 992 588 415 841 468 821 589 389 447 225 291 334 112 828 190 703 374 673 317 16 430 66 547 874 694 488 794 314 282 454 602 828 180 333 383 359 507 772 932 908 452 354 305 919 553 872 1025 641 77 184 263 763 739 31 881 792 626 440 620 681 456 132 615 879 255 650 562 718 376 491 681 268 602 743 297 258 382 196 687 516 888 561 143 502 986 538 391 243 729 62 868 520 672 434 524 943 495 611 307 734 660 458 292 611 241 296 274 942 934 647 282 589 453 220 660 723 377 591 534 576 446 299 498 865 459 877 280 595 491 1058 878 149 735 146 757 591 684 277 822 483 574 535 352 224 287 926 61 510 439 847 760 598 832 322 749 427 363 924 474 746 431 736 833 343 566 108 524 831 476 906 440 640 689 971 874 636 796 654 919 860 644 889 764 1049 644 424 687 764 480 136 505 630
92 1015 169 479 706 774 666 618 303 714 691 185 482 743 764 1072 543 334 1128 296 182 901 449 831 558 223 975 0 890 840 479 798 624 799 657 1084 591 730 946 764 708 626 348 504 412 340 1131 670 690 235 546 1130 666 500 1013 884 893 1173 715 688 380 449 772 534 101 299 188 882 161 753 305 776 401 544 583 348 243 526 743 550 1008 623 1107 172 927 839 850 669 886 306 268 737 651 576 751 197 895 904 383 707 782 597 494 72 773 375 849 860 246 906 886 436 328 418 780 153 832 479 426 340 433 930 783 251 521 359 605 352 135 728 561 318 777 606 612 599 606 926 924 683 960 679 1068 809 644 846 1209 982 708 1024 912 406 454 559 662 692 749 648 565 626 1058 826 692 1155 584 206 790 566 1011 1208 1010 714 458 204 52 567 954 921 783 472 331 1006 288 501 595 955 514 465 617 842 367 181 722 328 864 622 751 591 523 984 917 348 872 813 896 780 876 571 286 779 954 477 13 611 610 750 485 1033 278 646 420 703 560 80 926 839 1081 247 326 522 1110 446 733 1183 856 119 156 375 750 785 826 754 811 259 885 422 741 629 730 812 752 245 643 140 871 864 578 85 258 837 456 950 507 885 578 882 383 743 781 660 1081 908 732 197 1032 753 537 274 320 609 692 1090 672 556 722 413 501 274 712 239 510 651 422 1073 475 324 769 68 874 817 323 8 760 892 217 814 175 167 729 161 286 82 693 589 679 282 676 999 823 377
810 459 723 683 187 761 226 955 840 263 335 961 831 879 426 423 897 641 471 599 741 774 618 173 754 693 614 890 0 118 427 686 308 1067 934 595 732 642 487 297 521 752 960 388 479 774 533 300 447 840 776 431 640 413 375 36 1004 553 409 301 749 511 549 387 795 609 759 125 811 314 826 387 523 707 977 605 774 504 220 746 355 416 517 735 181 727 405 333 331 957 622 181 371 315 396 697 63 1036 819 548 498 300 778 941 515 599 848 76 674 541 1103 456 581 792 493 931 339 776 517 554 573 568 388 738 413 855 376 543 985 162 536 596 917 372 281 638 757 391 327 413 506 329 516 133 413 81 576 604 272 677 75 552 436 397 312 434 698 314 327 364 515 289 336 457 348 714 371 473 230 535 358 395 491 922 939 942 537 749 713 439 868 623 640 431 294 199 882 424 350 573 596 914 583 698 54 293 287 799 370 374 32 888 820 738 909 579 79 358 645 1000 730 636 894 870 669 632 971 623 640 878 471 273 810 911 131 1073 419 679 614 529 464 810 551 559 343 792 952 535 401 1027 169 558 99 666 236 748 955 265 865 780 178 663 315 750 334 30 787 967 965 616 957 472 408 1078 320 336 537 909 112 903 380 390 417 730 623 940 547 632 570 282 324 416 271 630 771 586 565 822 267 718 450 647 694 623 702 587 181 838 174 82 584 893 325 22 837 93 740 723 1043 736 603 970 1023 699 229 856 859 504 976 547
754 362 670 582 147 643 184 846 755 311 224 890 729 763 307 345 791 627 399 561 677 656 523 261 646 630 501 840 118 0 408 568 224 953 822 496 622 525 378 179 404 639 872 337 437 686 450 336 331 762 669 369 525 400 289 85 886 476 469 194 657 508 430 383 750 579 692 45 744 381 740 268 505 599 871 590 697 406 114 639 271 452 432 675 108 608 289 227 221 873 576 218 264 269 277 654 177 918 726 431 379 285 675 884 396 518 729 175 643 426 986 404 551 696 375 863 222 675 507 499 576 454 463 663 333 765 401 507 923 138 431 569 800 397 233 527 646 284 224 299 397 373 422 206 303 171 504 493 165 566 82 544 398 308 347 319 580 217 277 394 419 172 225 397 266 650 448 498 187 472 274 455 410 848 890 836 426 631 595 422 780 513 614 426 260 136 779 384 254 455 517 842 466 615 64 299 170 690 340 280 119 799 701 619 790 461 186 278 620 885 614 537 845 760 557 513 872 515 610 766 421 168 703 851 87 956 344 612 541 429 389 711 432 484 228 752 884 470 283 912 51 440 163 599 131 652 840 214 749 661 88 628 220 703 221 94 677 920 886 498 860 363 396 961 303 225 517 793 93 791 314 280 300 697 515 824 444 599 526 238 373 344 300 522 654 584 466 740 161 647 455 533 599 520 602 559 77 782 71 142 521 841 394 139 762 157 704 677 931 694 555 921 911 589 242 773 745 400 859 476
411 697 324 477 261 712 224 759 526 237 367 588 601 771 494 719 682 219 777 184 365 794 397 351 582 322 749 479 427 408 0 679 256 922 764 808 585 608 663 417 512 619 645 123 94 482 808 195 446 498 593 760 564 23 657 429 929 843 288 338 480 111 576 58 380 185 392 453 441 290 514 480 97 537 759 181 435 346 348 572 644 197 785 349 513 729 551 341 542 627 216 259 352 151 465 282 421 954 544 529 552 127 566 539 555 316 809 386 248 664 986 123 155 538 547 554 501 556 101 185 180 695 345 399 229 563 150 128 592 275 408 170 814 149 183 518 612 601 570 416 682 215 759 331 379 372 876 748 341 813 465 137 70 266 190 438 657 298 152 169 752 470 369 787 241 342 345 182 595 856 647 281 255 562 524 726 695 791 686 15 562 773 213 52 150 542 657 77 292 639 304 547 563 400 413 143 398 635 72 635 457 587 805 721 873 600 401 232 218 869 800 434 481 696 549 613 710 790 213 720 124 335 626 516 494 945 722 320 290 367 762 567 550 852 523 372 572 212 467 889 414 569 339 311 499 502 820 202 755 746 333 239 293 340 532 404 618 550 615 661 687 658 30 971 107 541 110 791 329 744 705 587 461 304 790 817 397 209 169 176 228 727 193 483 688 183 385 497 342 368 93 560 452 815 492 161 356 438 463 348 233 484 301 425 489 342 317 313 872 319 207 556 842 559 203 532 722 708 876 238
