321
0 735 582 706 480 504 566 563 559 779 692 792 434 517 387 748 160 491 427 397 270 582 693 270 566 322 681 570 137 650 637 47 558 942 547 703 760 251 147 431 459 529 306 464 510 396 403 841 392 708 273 270 763 92 791 903 74 290 641 494 157 971 480 140 77 316 684 760 769 338 302 565 553 171 706 874 192 699 883 458 701 665 418 462 659 312 758 892 252 678 391 536 29 797 370 866 678 352 172 864 565 334 103 754 588 618 690 92 420 516 780 414 823 134 820 238 547 188 698 811 206 405 522 805 450 941 425 713 550 460 477 398 488 995 254 605 887 406 479 815 661 363 242 325 395 252 432 755 867 260 506 905 1008 660 685 281 155 252 539 216 341 94 958 691 931 459 214 483 854 327 464 584 920 232 598 156 710 110 800 485 765 728 486 567 568 852 556 484 470 368 52 293 715 590 826 934 303 637 532 470 489 517 604 993 937 564 905 247 542 378 487 432 977 246 345 226 629 610 740 524 173 685 480 724 443 317 368 414 420 378 273 734 132 664 82 637 742 230 240 590 727 227 341 768 657 862 957 818 781 657 873 257 359 746 343 750 697 726 804 519 486 306 398 206 314 634 731 194 346 301 387 718 636 560 402 511 413 709 661 324 537 230 698 341 934 398 514 662 414 715 345 791 232 544 577 215 814 879 277 865 198 210 904 791 580 405 694 692 681 577 876 710 471 219 162 374 573 487 767 835 336
735 0 1101 59 287 789 847 482 276 598 593 191 822 689 968 854 589 518 373 660 466 155 272 659 647 583 361 206 830 340 115 693 911 644 909 258 482 760 701 692 275 1057 434 424 416 1004 352 646 424 235 469 481 151 798 843 179 709 689 559 658 580 830 341 830 784 900 66 794 85 745 693 302 981 683 682 617 544 551 850 611 403 463 321 1010 355 943 30 717 879 226 665 1083 762 506 576 164 122 581 638 499 904 402 771 562 197 172 157 656 509 609 606 978 437 605 100 671 210 776 661 562 819 525 425 113 400 779 474 897 1067 1047 392 337 316 753 873 139 571 394 365 725 906 417 678 654 452 542 327 596 764 537 1017 343 851 76 101 767 580 579 717 657 795 828 776 908 233 479 892 382 229 639 712 491 842 673 873 596 483 740 538 1008 478 10 304 208 769 214 223 1035 889 875 787 941 173 148 91 222 504 554 748 271 662 269 700 715 733 615 365 690 208 809 701 303 707 511 564 891 107 876 100 714 642 50 1056 606 306 597 640 809 329 365 529 803 605 710 656 794 8 600 494 707 350 543 472 101 573 457 222 85 106 562 142 484 947 870 596 696 302 725 132 285 1035 442 720 536 444 676 727 698 487 918 792 16 111 1007 963 945 329 30 864 864 1037 653 351 725 790 479 227 858 1000 163 398 838 506 247 181 670 617 574 883 135 536 648 373 345 1066 384 49 268 630 193 143 442 895 622 679 539 569 445 51 540 762
582 1101 0 1050 817 347 325 673 833 764 681 1055 282 459 195 507 607 606 729 978 750 981 914 456 530 521 846 1017 453 837 1046 580 242 922 236 931 832 823 483 419 871 53 787 999 702 201 879 796 917 950 693 671 1048 629 571 1218 657 421 663 476 680 813 983 448 507 266 1036 578 1167 358 884 815 147 482 619 858 696 721 679 508 834 759 810 119 833 280 1112 802 331 932 438 54 582 853 943 1263 996 926 749 933 257 789 479 766 1035 1058 982 659 594 535 759 167 931 619 1201 456 986 753 629 827 377 577 699 1204 975 816 975 422 35 140 1002 834 979 908 328 1015 908 918 992 702 353 695 448 907 934 590 905 741 732 812 86 1093 846 1029 1013 355 651 820 444 797 312 540 840 385 1213 1011 384 1004 1104 907 409 678 735 815 324 598 783 686 833 101 840 1100 796 1015 411 1111 1009 99 217 239 572 305 992 960 1174 1229 849 665 407 848 471 831 509 934 846 558 1076 435 975 292 430 850 919 641 915 367 1000 333 1152 437 520 1053 116 701 810 892 461 293 791 768 824 540 625 553 597 446 1109 533 715 491 893 608 879 1081 666 961 1298 1165 1186 675 1207 754 223 490 505 653 898 602 1214 1000 96 702 383 649 819 556 606 455 618 284 309 1086 990 118 180 167 800 1071 398 269 64 477 867 377 796 622 940 405 174 1157 742 575 677 1009 920 468 787 896 305 1200 685 492 1070 958 53 721 1079 916 640 1017 1214 814 210 515 491 939 605 1031 1110 870 342
706 59 1050 0 243 733 790 423 220 540 533 151 769 632 922 795 555 462 326 665 442 143 213 613 589 534 302 215 795 280 128 663 855 591 854 200 424 751 662 638 250 1007 413 434 359 959 340 588 423 178 435 445 108 774 783 196 686 641 500 602 555 773 348 795 751 856 23 734 144 696 689 244 928 643 623 561 518 491 791 555 344 403 288 962 296 900 62 660 838 167 612 1034 735 450 578 222 62 581 621 446 849 378 736 503 212 194 99 632 456 551 548 930 384 574 156 627 211 761 601 505 778 473 367 173 406 722 480 838 1016 1000 402 314 321 699 831 141 517 391 374 666 847 374 634 652 453 502 318 537 705 525 967 307 795 58 41 721 551 569 660 645 746 799 720 850 233 489 854 393 200 638 657 432 784 663 816 562 424 719 481 958 420 65 255 218 711 188 232 987 836 826 759 899 117 116 126 230 495 494 691 236 605 220 641 662 677 557 327 646 206 759 645 278 654 475 564 852 82 818 154 657 603 45 1008 546 268 594 589 757 291 331 518 743 575 651 626 735 67 558 467 648 293 505 466 73 513 407 257 117 165 503 168 461 902 810 547 636 244 665 191 294 986 406 667 504 428 617 667 656 440 875 741 52 70 954 916 892 295 36 805 818 986 610 292 675 733 428 215 800 954 210 364 778 475 257 135 628 559 520 840 160 508 606 333 293 1014 338 79 210 571 202 172 383 843 580 640 541 511 459 62 485 713
480 287 817 243 0 520 584 266 97 462 415 312 541 431 681 636 322 267 88 545 239 170 230 371 409 296 259 234 557 222 233 434 639 579 636 236 380 575 421 417 108 772 224 364 177 717 208 525 308 235 206 210 283 557 641 433 473 401 366 398 340 704 289 556 517 613 224 593 350 459 535 121 702 401 488 525 304 389 680 345 296 309 81 723 238 657 302 595 595 204 385 797 509 418 456 446 202 452 430 457 634 185 498 426 248 262 210 417 235 359 469 690 401 346 386 384 202 568 468 458 535 248 192 387 328 657 388 660 782 759 342 142 266 668 588 205 508 281 314 565 654 131 391 509 344 259 206 449 614 355 732 435 734 213 213 480 328 401 462 467 508 569 664 664 453 414 613 336 374 496 442 284 689 489 613 328 350 513 438 722 381 285 35 233 515 372 235 749 608 588 533 656 235 142 369 459 341 360 489 58 400 41 466 646 627 381 440 403 189 524 436 114 633 238 433 610 183 617 336 456 362 237 769 440 45 451 358 526 64 107 353 591 347 494 398 554 295 315 253 467 290 265 327 293 384 438 500 360 369 376 410 263 660 647 311 516 245 528 397 263 748 173 439 274 259 456 531 413 200 632 508 271 176 727 676 664 80 257 619 577 753 367 267 439 661 198 157 615 713 351 136 637 248 248 107 384 493 505 597 402 290 363 441 341 784 96 262 228 438 228 415 325 614 337 399 422 345 400 305 460 476
504 789 347 733 520 0 70 330 512 425 338 719 99 112 318 253 432 272 434 847 538 690 576 249 183 259 503 744 437 497 753 474 122 592 121 593 486 747 358 106 599 320 567 789 374 364 640 467 707 614 464 439 716 588 306 887 566 218 317 134 519 528 747 432 459 304 722 289 863 166 775 490 204 337 289 524 516 376 411 177 488 412 537 305 491 368 795 487 354 599 148 352 522 508 785 953 675 771 623 588 115 554 417 423 761 779 655 538 284 191 422 303 584 460 889 274 712 691 295 485 342 272 368 898 758 516 781 208 318 364 782 580 736 597 343 725 569 698 764 390 162 422 267 781 734 363 659 401 431 642 279 747 565 722 693 231 484 668 97 679 179 522 538 188 875 817 419 781 764 775 78 333 459 702 103 426 436 611 490 282 494 789 492 743 82 773 741 323 138 218 527 388 661 658 853 894 666 318 62 564 129 524 171 615 534 211 729 260 700 149 88 584 599 419 755 402 696 113 853 90 354 744 358 361 526 745 181 110 512 504 651 254 467 225 469 146 797 325 510 152 548 395 685 755 320 615 971 844 883 329 881 552 319 247 232 331 557 285 911 748 320 458 111 451 610 218 290 311 342 345 129 775 680 234 296 180 527 759 157 254 285 289 523 163 500 323 665 158 338 871 487 308 468 747 613 297 453 557 328 873 497 311 723 612 300 434 775 578 300 742 889 467 144 320 347 769 258 825 789 528 171
566 847 325 790 584 70 0 377 570 439 358 767 139 159 338 213 501 328 499 916 609 754 624 317 217 329 546 811 490 544 816 539 82 597 88 641 513 812 422 175 666 308 637 859 431 381 710 471 778 663 534 510 767 648 272 938 630 286 347 188 588 507 817 485 517 339 781 266 923 228 842 546 177 402 293 533 586 400 382 238 526 449 605 308 536 400 852 481 396 650 218 341 583 532 855 1012 731 841 690 611 69 624 476 442 827 845 709 605 348 240 434 318 613 528 947 341 779 754 304 502 393 337 423 958 828 502 851 151 301 369 852 649 805 590 386 789 583 768 833 382 94 490 334 849 804 434 729 416 417 712 271 783 543 782 750 288 553 737 133 746 231 578 525 125 921 887 464 851 809 844 144 377 434 770 33 494 467 675 510 279 521 848 555 809 89 819 808 322 146 251 586 423 713 720 908 942 737 349 99 629 185 585 186 613 527 248 764 326 766 196 147 652 597 489 825 445 757 44 915 134 421 803 359 376 592 815 251 157 579 572 721 228 535 227 535 124 855 395 581 169 589 465 755 808 346 641 1023 899 943 356 934 623 344 202 303 329 603 279 971 817 319 527 180 521 680 232 283 375 411 380 181 834 740 207 313 167 595 818 103 292 269 357 565 228 484 389 731 106 352 935 556 275 538 815 674 363 462 571 368 926 567 379 757 650 273 500 835 626 315 808 942 502 151 389 413 839 298 895 845 546 230
563 482 673 423 266 330 377 0 212 224 155 389 394 220 594 377 415 80 212 765 425 420 246 329 166 250 173 497 578 166 475 517 451 379 452 263 200 742 442 258 372 639 433 620 90 638 458 289 553 285 354 338 390 655 376 560 591 337 102 196 480 452 551 575 564 546 417 328 563 359 729 183 535 414 221 312 455 142 414 168 166 105 326 609 160 605 483 351 560 273 254 669 591 236 682 645 362 674 592 308 441 400 529 194 509 519 335 541 143 139 228 591 281 449 580 360 466 712 202 247 515 159 73 595 584 410 634 415 641 660 601 388 530 443 550 454 323 530 575 304 425 253 361 715 587 315 464 204 355 554 597 422 485 426 382 414 451 596 244 643 408 630 421 426 544 665 604 596 433 704 263 21 428 668 399 415 148 639 237 595 206 485 231 496 292 442 499 631 456 486 609 616 336 376 535 564 557 96 279 323 202 248 217 434 391 134 408 367 453 406 243 371 419 343 655 594 406 400 562 244 394 444 661 183 297 663 248 388 297 317 557 329 454 233 490 311 490 335 417 225 220 346 556 432 120 318 646 525 584 114 557 449 582 390 239 251 227 262 612 530 629 325 302 393 477 196 265 408 223 579 382 471 383 564 579 506 318 454 382 497 609 354 194 338 410 169 423 376 621 595 323 372 386 514 326 375 259 315 548 550 434 367 403 288 629 230 479 248 172 489 566 159 462 350 419 653 87 657 473 272 378
559 276 833 220 97 512 570 212 0 381 347 241 551 412 715 590 398 242 133 642 332 211 136 410 374 327 163 293 621 127 262 512 635 486 633 145 289 670 481 418 196 792 321 453 139 755 302 441 403 149 290 289 222 640 586 388 559 434 303 381 428 624 374 620 587 653 210 538 354 483 632 32 708 458 428 436 393 314 613 335 203 228 178 749 144 703 282 512 644 120 394 819 588 326 553 441 163 549 523 361 628 281 564 343 304 309 151 503 238 332 388 721 304 425 376 430 266 660 407 369 588 255 149 388 418 575 481 625 799 791 429 239 349 579 637 243 414 374 400 492 630 196 435 606 438 320 297 371 539 451 751 347 652 215 181 516 412 497 441 562 534 644 580 634 394 505 670 422 301 593 436 226 616 585 596 403 265 601 348 743 289 278 74 293 492 302 299 774 618 615 611 705 168 163 342 405 438 297 472 147 385 57 428 554 542 342 349 446 253 544 425 208 542 312 530 665 193 599 350 437 423 234 798 367 142 548 373 539 158 199 450 541 428 445 477 521 285 370 343 433 193 335 424 249 319 341 465 333 374 310 374 357 697 603 335 450 148 470 402 340 773 256 449 354 356 409 472 466 240 677 525 263 172 735 707 673 177 247 590 612 768 415 171 462 581 215 228 585 746 382 225 582 332 318 114 434 409 412 642 366 376 416 349 245 795 154 268 135 376 284 381 235 624 391 458 518 299 489 277 368 501
779 598 764 540 462 425 439 224 381 0 92 442 517 325 737 317 637 288 429 987 648 587 326 525 251 457 239 673 776 266 629 734 521 171 527 340 120 966 647 404 570 743 653 826 305 783 667 65 765 364 578 562 464 871 278 612 811 523 138 325 704 242 751 773 770 706 543 236 683 523 953 349 616 620 148 101 679 81 255 335 196 153 534 731 249 769 588 132 735 372 422 776 806 113 902 746 480 895 816 181 507 619 732 37 682 684 441 763 361 279 8 726 207 670 682 558 647 934 135 66 700 373 288 708 791 195 847 392 738 789 804 598 728 219 725 616 144 741 777 130 438 476 558 938 801 536 669 24 165 777 704 391 271 564 500 589 674 819 329 867 565 837 201 421 570 875 790 799 459 927 390 202 244 892 444 636 118 860 81 708 126 605 428 673 352 474 680 749 564 630 821 784 426 535 620 597 777 142 362 520 332 433 255 214 168 234 365 561 634 549 362 576 198 567 875 776 553 438 693 339 606 574 784 64 501 885 430 520 507 533 780 263 676 212 709 323 605 548 641 274 250 568 774 518 123 222 701 612 704 121 626 672 732 337 439 128 296 178 729 721 746 549 452 616 697 208 176 608 446 744 525 592 525 646 717 601 528 576 387 654 706 557 247 505 200 392 609 380 759 741 543 272 610 699 488 577 35 132 717 620 658 573 355 281 713 449 612 330 125 663 635 156 570 560 626 872 209 863 571 111 539
692 593 681 533 415 338 358 155 347 92 0 459 427 234 646 272 555 205 368 920 579 558 326 435 160 370 236 639 685 253 606 648 440 263 445 343 159 888 558 311 523 658 588 774 244 692 612 149 708 367 506 488 473 785 250 633 728 432 54 233 625 297 703 681 681 614 532 202 677 431 880 314 534 530 92 193 603 47 266 243 200 130 480 643 238 677 587 202 643 367 330 690 719 173 837 749 471 829 739 252 427 556 643 84 651 656 436 681 279 187 91 636 259 589 683 468 611 852 71 147 608 290 227 706 738 257 789 335 654 700 754 542 682 303 633 589 231 685 728 149 371 408 467 868 742 454 617 67 200 707 618 438 331 548 492 496 595 748 240 792 473 748 270 359 601 820 697 749 487 857 298 134 274 817 368 553 123 777 152 621 167 598 380 639 269 500 644 662 477 539 734 692 428 509 628 626 711 60 275 473 240 392 171 304 245 142 415 470 597 458 271 525 287 489 809 684 533 363 682 250 519 562 696 31 449 816 339 429 451 472 711 218 595 142 625 251 600 462 569 189 264 488 711 524 36 284 722 620 698 40 641 602 641 290 350 104 298 134 725 679 659 478 360 538 632 126 135 518 368 652 433 584 507 564 627 516 473 568 320 562 622 468 250 413 255 315 570 313 669 723 478 245 535 661 459 488 125 219 625 634 582 485 407 313 631 386 599 330 45 631 650 165 483 473 537 809 119 811 573 189 447
792 191 1055 151 312 719 767 389 241 442 459 0 773 609 951 731 633 449 373 803 544 281 143 649 552 565 226 363 862 223 279 746 840 461 841 125 322 871 723 636 363 1018 521 578 354 992 465 480 557 105 518 522 43 868 708 174 783 672 439 584 651 660 491 861 826 892 169 661 267 716 817 248 922 700 552 442 614 413 698 547 259 333 381 980 232 943 168 549 886 125 620 1047 821 338 714 309 130 715 732 316 831 483 804 410 361 344 103 728 468 528 451 955 257 657 249 671 354 872 531 396 829 487 356 282 548 608 621 787 1023 1025 547 424 464 572 878 288 390 525 517 573 809 434 675 783 589 561 447 446 605 644 976 156 677 206 136 754 640 689 633 763 767 880 603 805 157 633 912 538 62 769 648 390 682 783 788 639 338 822 372 971 316 201 307 365 681 60 378 1004 838 848 845 946 76 238 181 175 620 435 668 332 589 274 597 531 559 520 176 686 346 774 631 387 525 548 697 907 220 788 290 634 664 196 1030 465 351 724 603 764 373 417 639 677 660 593 710 691 194 611 562 608 195 573 595 90 448 272 263 174 286 437 183 566 935 749 570 556 165 593 306 439 1003 485 674 586 545 564 594 707 482 917 753 193 194 950 941 891 384 183 762 848 991 656 209 695 622 453 346 756 982 354 448 703 560 403 226 676 455 395 882 177 601 658 183 167 1014 393 228 140 502 349 192 295 844 632 699 677 471 605 146 367 735
434 822 282 769 541 99 139 394 551 517 427 773 0 193 221 347 390 324 453 800 515 709 632 209 267 252 567 753 351 556 773 411 126 685 117 649 567 683 294 137 606 245 548 769 419 267 631 561 686 668 446 422 765 512 403 936 502 173 399 202 475 627 738 346 381 206 756 388 891 106 720 533 162 278 386 617 479 461 509 226 558 486 544 217 553 269 831 585 258 649 157 275 449 592 746 985 714 731 570 672 132 542 340 511 770 792 700 482 313 260 514 209 662 413 922 225 721 622 390 574 254 296 417 927 740 615 754 290 249 273 766 577 729 695 248 743 658 681 751 488 230 427 217 731 709 341 653 492 530 604 203 816 664 751 732 153 441 625 189 625 93 440 637 263 930 791 325 766 822 728 133 401 558 647 168 382 515 544 577 201 574 821 518 751 181 829 747 239 67 119 450 290 710 683 893 947 634 399 158 577 196 552 266 712 632 291 801 206 710 57 158 588 695 397 716 307 723 180 877 177 304 774 271 452 539 702 183 20 522 505 615 352 420 323 412 244 830 292 483 247 615 368 657 799 405 695 1016 884 910 412 925 525 220 339 231 428 617 384 938 746 236 447 102 419 587 312 389 250 347 247 48 807 711 186 200 123 534 792 242 156 218 244 588 116 599 343 674 244 242 888 483 405 441 750 642 245 546 646 231 917 463 265 795 681 244 448 802 634 392 752 932 542 73 280 289 733 334 804 828 615 100
517 689 459 632 431 112 159 220 412 325 234 609 193 0 411 241 413 170 350 821 493 601 466 246 74 218 391 663 479 386 662 480 231 495 232 484 375 745 371 88 521 430 516 733 272 457 577 373 654 504 415 392 608 607 276 779 569 229 207 34 497 463 682 474 487 382 622 243 765 207 759 387 317 346 204 426 487 268 365 89 375 300 461 410 380 446 693 404 418 491 125 462 540 400 751 853 572 738 608 480 221 496 446 318 678 694 550 532 200 81 323 401 473 445 788 279 631 696 204 381 392 194 264 800 700 442 732 236 429 466 722 511 667 514 408 636 466 640 701 313 222 352 275 759 684 326 592 300 361 609 389 634 501 625 591 276 462 641 31 664 243 554 462 234 765 767 478 720 653 751 65 221 405 689 184 408 325 617 384 390 383 690 401 662 83 662 661 430 246 304 549 463 554 565 749 784 627 207 59 481 35 430 89 526 452 99 617 272 618 224 37 510 510 378 721 462 600 187 759 25 349 646 463 260 445 717 150 194 434 433 616 218 452 150 466 135 697 305 470 73 436 361 639 649 212 504 864 740 786 220 775 511 407 244 191 249 446 214 814 676 427 401 134 418 561 128 219 325 278 421 200 675 583 346 392 291 452 659 190 330 397 287 411 193 430 245 584 187 435 782 422 275 428 670 518 301 355 454 397 767 466 308 610 500 412 355 678 468 201 659 783 355 253 307 355 730 146 770 686 422 221
387 968 195 922 681 318 338 594 715 737 646 951 221 411 0 550 430 516 596 784 577 836 817 309 486 389 763 860 257 747 900 389 277 906 266 833 779 627 301 340 719 143 615 819 599 46 712 782 739 849 529 509 937 433 610 1104 462 281 614 415 496 843 811 253 312 76 905 602 1027 236 689 704 216 306 607 837 516 677 720 426 760 693 659 77 746 88 983 805 136 826 339 148 387 807 752 1125 874 735 557 886 292 623 285 729 878 904 867 467 484 470 734 30 871 437 1067 298 830 557 611 793 186 465 601 1064 798 833 791 479 166 80 825 674 810 916 133 868 877 743 818 708 409 552 291 713 752 433 738 712 749 626 130 1014 879 893 889 201 470 630 410 603 185 345 856 445 1108 827 190 828 1006 714 347 604 771 620 356 420 726 490 794 107 786 966 667 857 400 1011 850 96 191 108 376 114 882 822 1049 1121 664 614 379 703 408 702 487 933 853 507 1002 278 821 189 375 695 916 477 726 172 863 368 1007 398 348 918 96 672 666 701 350 216 645 616 638 565 442 544 409 457 977 373 541 468 812 444 697 963 622 906 1178 1040 1044 628 1087 577 28 538 381 649 807 604 1071 834 99 544 293 476 643 533 609 283 481 88 214 952 857 208 26 190 650 939 438 104 160 318 784 258 817 500 786 442 32 1004 586 613 506 847 788 304 766 865 111 1079 507 327 997 880 204 584 941 818 612 862 1093 749 186 353 314 751 546 849 984 832 217
748 854 507 795 636 253 213 377 590 317 272 731 347 241 550 0 654 371 565 1062 731 797 596 481 230 460 506 870 690 518 852 714 278 442 289 613 425 984 601 318 736 503 752 964 460 593 805 323 888 636 653 630 743 836 63 906 805 457 295 272 738 305 907 685 709 551 791 82 937 416 1000 559 367 578 180 388 728 319 172 324 472 399 681 515 505 612 852 307 605 633 361 535 769 429 991 1015 732 979 849 498 263 729 667 337 883 894 701 771 426 286 310 529 521 685 949 511 839 932 200 382 596 425 446 968 930 311 967 87 491 576 951 736 889 406 595 830 450 872 928 213 154 580 506 1000 919 567 817 302 230 850 471 705 339 802 753 483 703 882 213 905 432 774 335 123 873 1002 672 948 759 993 284 364 227 930 195 649 395 852 399 483 433 858 602 869 180 772 871 526 359 463 775 635 695 753 897 898 866 301 216 690 275 623 173 439 348 255 680 501 825 401 264 729 424 618 961 654 783 183 938 228 586 819 563 272 658 958 390 361 653 659 857 54 692 144 703 111 862 545 710 177 537 602 877 793 284 539 994 888 958 295 912 750 557 20 432 188 568 141 986 894 522 636 350 659 797 181 142 554 512 592 382 844 760 393 525 370 672 827 113 503 462 522 522 409 290 472 793 108 562 972 653 67 669 883 704 534 327 437 578 905 707 544 671 584 454 575 855 599 229 863 921 437 363 546 587 969 292 1002 840 428 423
160 589 607 555 322 432 501 415 398 637 555 633 390 413 430 654 0 349 267 415 147 439 532 184 447 196 523 443 242 491 499 113 516 795 507 543 607 336 128 338 316 555 186 392 354 454 285 700 310 548 120 112 605 245 688 751 175 218 501 384 86 844 381 242 195 354 534 651 631 284 346 405 539 125 582 728 90 555 769 338 544 513 267 493 501 378 610 757 311 518 293 571 190 645 355 729 523 340 195 709 520 200 183 609 462 490 533 126 276 392 639 449 666 34 679 165 416 297 570 663 250 264 367 668 368 810 369 634 572 510 395 260 381 856 308 467 736 313 387 688 594 203 173 349 327 100 313 615 741 214 523 745 880 512 531 255 51 236 440 251 311 246 825 620 775 406 308 398 695 343 373 437 800 276 535 9 559 223 651 505 612 583 327 441 479 694 431 518 444 369 212 369 557 441 678 780 245 496 443 319 380 358 493 849 800 439 744 184 409 344 390 289 834 86 326 311 481 545 605 426 88 538 526 586 289 313 264 369 265 224 225 630 40 549 79 544 596 108 111 483 568 69 272 614 518 705 810 670 645 517 724 147 403 656 223 624 537 607 670 407 519 149 321 52 213 515 612 152 193 358 342 572 485 554 435 495 260 561 583 338 551 146 539 277 805 246 377 582 461 590 191 687 84 425 423 146 672 729 324 716 77 125 743 631 591 244 551 531 550 448 727 556 447 112 116 343 438 424 617 684 291
491 518 606 462 267 272 328 80 242 288 205 449 324 170 516 371 349 0 193 721 380 434 308 249 142 172 246 501 499 232 494 446 395 452 394 325 279 682 364 186 364 569 394 596 102 560 435 351 524 344 304 285 444 583 384 615 523 256 152 140 420 499 536 496 487 467 452 339 595 281 676 218 473 336 246 383 398 208 442 98 245 185 309 535 230 526 523 408 479 327 177 599 518 314 642 683 403 632 534 388 387 366 451 263 515 529 383 475 73 92 290 515 361 383 618 280 469 647 231 321 434 85 95 629 562 462 604 393 573 585 581 366 518 507 470 469 400 504 557 345 390 214 281 666 556 249 446 265 398 507 528 497 534 455 422 334 389 546 199 587 331 553 476 397 607 637 524 578 498 656 198 96 464 612 354 348 227 572 313 523 286 520 235 500 251 505 501 559 388 409 535 535 389 396 580 624 515 147 229 320 143 261 199 502 451 116 485 287 456 330 184 357 486 284 613 513 431 357 589 195 319 475 587 237 287 617 169 316 281 290 512 330 389 235 420 287 527 260 366 200 295 282 519 482 169 399 698 571 616 168 608 402 504 382 159 285 293 280 644 522 557 280 227 333 439 196 284 329 164 499 308 505 412 501 503 441 300 489 352 418 542 276 267 259 459 112 423 348 545 614 288 381 331 512 348 296 323 391 468 601 377 289 480 363 564 204 508 310 206 495 616 239 395 274 341 615 94 634 517 349 299
427 373 729 326 88 434 499 212 133 429 368 373 453 350 596 565 267 193 0 558 224 257 265 287 335 209 263 313 488 229 320 380 552 565 548 275 367 558 349 330 171 684 225 408 124 634 246 493 340 282 167 160 351 511 576 510 432 315 315 316 305 664 343 487 454 530 309 529 438 371 531 138 614 327 430 505 273 350 625 262 292 282 116 637 241 577 387 560 516 253 297 710 457 406 473 534 278 466 408 458 548 189 430 394 328 346 278 377 150 282 434 604 409 295 473 303 281 540 412 437 458 162 141 475 372 621 421 582 694 674 390 175 324 644 509 292 498 317 365 517 572 64 309 513 374 187 254 412 568 352 644 478 696 300 292 395 285 396 381 453 421 511 630 584 523 452 539 386 433 501 356 233 641 477 528 271 327 476 420 634 370 371 70 311 433 434 311 662 520 501 479 577 298 230 452 532 349 309 406 130 317 106 392 627 597 310 477 321 268 436 352 164 613 181 446 535 271 534 424 374 290 324 683 395 94 458 270 438 87 104 353 523 298 427 346 477 382 238 226 392 305 202 345 370 333 448 581 443 457 327 491 249 576 575 223 463 270 467 485 329 661 132 351 225 268 388 471 336 114 551 420 358 261 639 590 576 108 343 539 492 665 286 278 352 622 110 233 535 628 437 115 572 207 321 192 305 462 493 516 483 254 286 476 366 696 23 350 264 383 309 496 312 525 260 326 442 280 445 387 448 389
397 660 978 665 545 847 916 765 642 987 920 803 800 821 784 1062 415 721 558 0 341 524 768 598 843 602 804 454 531 767 545 400 927 1121 917 770 922 191 510 752 452 925 333 238 681 792 343 1052 246 762 416 437 762 370 1091 838 322 631 865 790 328 1217 318 535 473 712 642 1050 648 695 102 666 938 522 967 1062 334 907 1161 739 840 840 464 859 783 708 690 1117 649 732 707 933 400 960 89 725 672 92 232 1003 932 369 499 953 464 491 705 323 651 786 991 811 946 388 706 576 454 257 952 994 601 647 698 675 260 1176 186 1048 946 856 270 403 344 1203 651 525 1051 277 295 1065 1009 512 584 71 213 494 357 969 1118 214 900 952 1251 606 668 654 363 180 850 181 714 456 1187 1034 893 188 606 280 861 72 787 787 1185 164 950 421 885 300 976 880 923 650 574 451 892 851 437 881 848 756 415 688 736 565 746 883 209 859 856 497 787 584 895 1185 1155 829 964 594 459 750 801 435 1171 445 112 621 585 960 610 836 496 625 877 949 500 104 676 779 488 455 209 1034 381 946 390 955 664 522 355 887 835 459 217 739 884 983 858 742 650 879 797 318 756 1066 630 1006 787 999 662 375 883 441 736 402 290 909 1003 551 559 698 752 647 609 948 798 895 467 647 997 716 931 559 813 690 1176 609 456 996 811 555 443 1089 394 413 585 555 1020 1047 674 791 355 537 968 880 975 537 611 766 927 467 795 866 850 527 512 126 815 226 709 1002 699
270 466 750 442 239 538 609 425 332 648 579 544 515 493 577 731 147 380 224 341 0 312 469 305 507 280 484 301 381 449 366 232 637 789 629 475 592 337 276 435 191 699 38 254 343 602 138 713 171 474 77 101 510 332 755 638 244 342 524 460 114 876 234 382 328 501 419 713 498 410 307 350 671 270 627 728 78 567 822 406 515 505 162 638 462 526 490 777 459 443 391 716 297 631 261 595 421 251 190 682 638 64 324 615 319 349 440 190 311 449 653 595 630 149 549 296 277 329 611 660 398 309 360 534 226 836 242 727 715 657 253 128 234 866 456 334 723 168 242 724 698 172 305 290 195 175 167 629 777 129 665 674 910 392 425 395 119 171 523 230 446 365 847 718 672 278 452 254 606 279 469 447 844 253 642 156 551 279 644 648 595 459 258 298 569 602 288 663 574 510 322 516 468 325 557 672 135 518 535 212 458 280 561 851 816 490 679 317 272 475 478 164 837 119 232 456 362 651 469 511 230 417 673 608 195 237 358 495 175 133 132 699 147 608 196 628 473 223 35 554 522 146 147 507 543 669 688 551 510 539 606 25 550 737 308 665 481 659 534 260 664 100 431 100 71 571 664 295 220 505 469 449 372 689 581 628 160 441 678 482 692 275 497 399 835 268 243 676 608 448 110 753 74 279 319 282 682 718 472 598 75 258 680 577 731 202 424 467 586 307 608 537 578 237 262 237 474 289 501 672 421
582 155 981 143 170 690 754 420 211 587 558 281 709 601 836 797 439 434 257 524 312 0 284 529 574 460 353 90 681 321 64 541 810 672 806 278 484 609 556 587 123 935 279 297 337 869 199 644 280 263 320 335 239 643 796 331 554 561 514 568 426 829 210 682 633 765 119 748 192 623 546 243 871 541 639 630 390 523 824 516 397 436 177 884 339 803 181 716 739 238 554 959 609 517 436 291 152 438 483 533 805 248 623 549 96 98 191 502 406 527 594 848 471 453 239 537 73 622 618 567 677 419 351 230 267 779 340 826 946 916 266 183 183 773 733 34 597 248 237 703 824 286 544 509 311 404 175 579 748 384 896 434 855 85 144 636 427 427 632 504 670 675 782 832 376 352 746 257 337 495 612 435 826 521 783 447 469 585 544 885 483 147 199 91 684 327 101 909 776 748 633 799 221 53 246 370 353 508 659 133 570 173 630 742 741 545 450 557 65 689 607 150 732 367 421 746 61 788 171 626 500 108 927 578 171 451 526 694 191 221 377 750 453 653 504 721 161 463 341 633 364 399 323 216 530 501 377 240 208 521 296 329 813 810 478 662 311 680 235 159 909 297 608 386 289 616 683 558 364 780 674 138 87 895 833 832 186 132 787 733 918 518 353 604 787 368 73 782 868 180 253 792 356 125 99 533 613 598 744 289 383 510 455 388 951 261 112 280 587 78 298 434 781 484 536 398 505 325 195 557 639
693 272 914 213 230 576 624 246 136 326 326 143 632 466 817 596 532 308 265 768 469 284 0 522 410 436 90 374 748 80 313 646 697 389 698 17 211 806 607 495 316 878 455 565 218 859 424 375 524 40 427 424 148 776 577 315 695 541 300 442 565 561 480 746 717 760 218 529 357 581 764 127 779 582 418 351 530 282 579 406 131 197 311 842 91 814 262 447 760 47 482 907 722 239 679 423 155 676 659 249 688 415 691 290 379 374 114 640 333 385 334 819 187 560 358 546 353 796 397 292 706 353 217 382 531 509 599 648 882 889 537 367 453 492 751 306 314 494 507 453 667 329 550 737 559 449 415 325 492 585 836 213 583 243 174 623 548 631 490 698 632 776 508 664 298 619 792 529 189 723 506 247 570 720 645 536 212 737 269 831 207 278 211 375 538 197 385 866 697 712 744 820 101 230 301 318 569 296 525 271 446 189 455 459 466 377 212 559 342 636 488 334 450 446 657 785 238 645 367 491 550 249 893 336 275 678 467 624 294 335 583 542 563 454 611 549 278 493 480 466 81 466 551 197 311 219 402 293 378 300 317 493 802 612 438 427 30 460 403 437 864 392 534 489 488 424 461 586 361 788 614 265 208 808 806 749 311 250 621 715 850 533 79 559 520 325 328 615 847 418 362 572 468 407 192 554 346 315 754 310 513 537 212 112 872 287 287 3 367 362 326 170 703 513 583 643 328 598 247 276 600
270 659 456 613 371 249 317 329 410 525 435 649 209 246 309 481 184 249 287 598 305 529 522 0 297 85 481 560 251 458 593 233 334 695 326 536 529 503 126 163 415 408 339 559 307 346 426 584 477 549 240 216 632 361 522 796 323 36 387 224 270 703 532 248 246 243 595 490 718 105 526 401 366 99 438 625 271 449 612 193 488 435 354 354 462 293 673 630 238 525 121 430 293 563 539 816 565 524 374 637 336 336 207 505 578 602 561 291 193 251 526 319 608 211 757 33 529 451 432 566 187 174 313 756 531 676 544 454 421 388 557 378 525 736 229 561 647 472 544 549 411 243 32 532 499 135 450 501 599 397 370 728 740 584 579 108 235 420 269 430 144 314 694 437 804 581 276 558 706 526 196 346 650 454 351 177 476 371 560 357 535 656 357 558 302 710 552 380 269 219 304 297 578 512 739 815 424 384 266 396 218 393 334 739 676 299 720 38 519 171 217 394 723 188 509 266 553 361 700 254 105 609 398 466 357 497 99 189 337 312 407 464 218 394 222 370 667 82 273 320 530 158 447 656 401 646 868 730 736 404 778 315 289 481 90 483 516 456 763 544 380 246 138 209 377 365 462 82 172 267 164 643 547 385 305 323 344 629 402 205 395 41 501 94 667 197 483 402 341 701 285 522 231 552 478 55 560 638 232 770 253 63 716 599 431 274 631 522 418 561 783 487 273 71 108 525 316 594 675 597 117
566 647 530 589 409 183 217 166 374 251 160 552 267 74 486 230 447 142 335 843 507 574 410 297 0 250 329 643 540 329 632 526 295 421 298 427 302 783 424 155 506 503 525 735 237 532 575 301 660 449 429 407 555 657 248 725 612 286 134 77 527 405 677 536 543 455 582 207 727 275 789 346 385 397 141 352 512 193 322 108 309 232 451 484 321 519 649 336 488 439 181 535 590 326 768 811 528 757 641 406 284 501 503 243 657 670 502 571 197 57 249 476 401 480 746 331 611 739 136 307 457 198 225 760 700 379 739 252 501 541 721 506 659 446 478 608 391 642 698 251 259 351 328 784 691 352 587 226 302 629 462 567 442 589 548 343 493 665 86 696 314 611 398 260 706 773 545 718 593 776 139 162 354 721 235 443 253 660 309 464 310 650 376 642 128 603 643 504 320 379 602 535 503 533 701 727 642 135 122 462 83 400 57 455 384 32 548 328 598 298 111 499 438 399 739 530 566 235 724 92 394 607 537 186 429 739 198 269 423 429 636 192 487 102 508 147 656 343 488 59 372 388 651 599 137 432 811 692 748 146 724 527 481 239 225 186 388 161 776 664 501 410 203 443 571 68 166 379 286 494 274 635 546 415 467 363 442 619 216 403 469 335 349 259 370 243 566 211 509 752 424 246 449 655 485 352 281 379 468 716 491 355 541 433 482 345 642 412 129 637 732 286 326 349 405 744 81 772 640 347 291
322 583 521 534 296 259 329 250 327 457 370 565 252 218 389 460 196 172 209 602 280 460 436 85 250 0 397 500 328 373 524 279 365 623 359 451 450 532 192 155 354 476 308 529 221 428 382 519 448 464 205 180 549 415 492 714 362 107 319 188 279 651 490 325 314 326 518 455 646 163 541 317 415 164 387 554 268 378 572 142 405 355 291 427 377 378 596 569 323 440 111 500 349 486 533 742 484 521 391 558 364 295 279 434 518 540 478 320 109 196 459 396 526 229 682 112 469 489 377 493 271 91 228 683 498 620 522 448 486 466 522 325 479 673 315 494 572 438 505 495 417 175 114 540 475 108 403 434 548 391 436 643 688 509 500 189 244 422 247 447 212 381 636 438 720 558 360 522 621 532 189 268 605 472 362 193 398 411 485 425 456 581 278 498 290 625 494 452 318 292 364 383 494 439 660 732 411 315 255 327 185 314 297 672 615 244 635 123 457 229 200 335 655 161 503 351 479 371 630 234 149 533 474 401 288 498 78 235 270 252 399 434 236 353 258 352 591 93 254 286 446 142 427 574 334 565 788 651 664 335 697 296 370 463 28 431 430 411 692 495 452 199 156 199 350 319 416 158 96 352 214 567 471 437 382 374 281 553 398 285 458 104 416 144 613 112 422 396 420 637 231 491 211 498 401 125 492 563 317 690 247 117 631 514 490 200 558 437 360 500 704 406 323 103 169 514 251 565 596 521 180
681 361 846 302 259 503 546 173 163 239 236 226 567 391 763 506 523 246 263 804 484 353 90 481 329 397 0 442 720 36 391 634 622 323 623 107 130 821 580 431 360 812 478 616 176 807 465 291 566 131 430 423 237 769 487 401 693 496 212 370 568 477 535 718 696 712 304 439 446 527 789 137 707 553 328 276 536 191 489 341 43 107 339 782 22 769 353 364 719 134 424 843 711 164 715 514 241 711 671 199 612 439 667 202 450 449 203 639 288 311 246 762 146 554 448 509 418 804 306 213 668 307 168 472 581 427 645 561 815 831 591 401 510 420 710 380 251 538 562 364 583 325 512 766 602 430 461 235 404 608 771 250 502 325 261 576 546 653 412 715 577 759 428 578 377 668 757 584 263 753 437 169 482 738 564 526 122 739 190 768 129 367 230 443 458 274 451 804 629 656 731 776 192 301 392 399 598 208 448 311 375 221 371 392 387 297 239 520 406 577 416 372 381 439 691 748 316 564 455 415 526 335 834 246 303 709 413 561 316 353 608 452 558 366 602 464 368 467 489 383 49 454 586 288 222 185 489 383 467 211 406 509 750 523 393 336 62 370 493 498 802 396 473 486 516 337 371 553 337 742 554 353 287 737 750 679 336 337 536 664 783 499 20 505 436 291 386 529 792 502 374 481 470 472 256 520 261 249 710 399 517 507 235 117 802 287 373 94 277 431 415 82 636 485 556 681 247 651 338 205 546
570 206 1017 215 234 744 811 497 293 673 639 363 753 663 860 870 443 501 313 454 301 90 374 560 643 500 442 0 682 409 91 534 861 762 856 368 573 561 568 639 146 968 264 219 410 890 167 731 221 353 332 351 320 620 873 385 532 595 593 629 413 916 135 683 630 786 194 825 206 660 489 325 916 557 718 719 378 607 906 575 486 521 209 913 427 819 236 803 753 328 603 990 595 606 370 299 239 375 449 624 857 243 625 636 18 47 279 483 463 592 680 874 561 450 263 563 32 583 697 655 691 473 424 240 194 867 268 894 982 941 187 185 110 862 748 75 687 192 159 786 885 326 571 449 247 428 138 664 833 344 931 519 943 157 228 665 421 382 694 461 704 664 870 896 439 274 752 177 416 434 667 513 910 474 841 452 556 556 633 918 572 196 267 3 746 404 17 939 819 779 620 812 308 143 293 428 307 587 719 182 630 248 700 832 830 615 536 584 44 727 664 166 822 382 359 755 144 847 173 687 515 172 953 661 218 393 572 736 232 248 335 824 449 727 498 788 210 487 335 701 454 416 272 288 610 591 413 289 215 602 344 313 835 881 522 743 401 758 236 79 939 316 654 391 259 689 761 577 406 797 714 192 173 938 860 875 219 193 852 759 955 543 442 643 874 421 79 848 892 147 275 869 360 41 186 556 700 688 762 338 376 532 541 478 990 310 156 370 667 13 343 522 824 507 551 333 578 243 255 646 675
137 830 453 795 557 437 490 578 621 776 685 862 351 479 257 690 242 499 488 531 381 681 748 251 540 328 720 682 0 694 741 154 465 946 453 760 778 370 141 390 558 400 419 596 544 261 519 834 521 770 361 350 838 177 740 989 209 254 638 463 277 942 605 4 60 191 774 716 873 275 433 621 442 166 680 876 306 701 840 442 732 683 508 334 700 176 851 876 122 742 358 404 131 814 507 971 759 490 310 886 475 440 59 756 700 730 765 226 437 499 776 285 854 231 921 218 657 300 676 817 96 419 553 910 580 919 560 641 423 325 607 501 610 984 127 708 898 532 606 791 581 428 218 460 527 301 548 751 840 394 381 960 980 754 769 207 262 389 494 351 259 92 939 615 1009 594 77 613 922 462 417 596 883 366 519 234 726 233 811 360 784 825 555 679 511 923 669 353 372 260 119 157 787 682 918 1016 436 635 478 559 457 589 568 989 923 546 955 215 650 294 443 531 972 319 482 89 722 532 847 479 198 780 347 716 527 454 346 333 503 464 407 685 233 629 186 580 838 254 347 551 769 291 472 850 652 893 1051 911 887 655 963 373 229 685 340 726 747 693 912 639 357 388 347 295 435 605 698 170 386 169 309 813 725 445 274 404 501 802 591 213 413 223 739 286 909 429 619 593 281 829 432 741 325 660 660 202 810 889 151 956 306 213 952 836 457 469 793 747 666 688 967 734 371 235 165 511 567 621 857 848 266
650 340 837 280 222 497 544 166 127 266 253 223 556 386 747 518 491 232 229 767 449 321 80 458 329 373 36 409 694 0 362 603 618 359 618 98 164 786 553 419 323 802 441 580 151 789 429 322 530 120 396 389 227 737 503 396 660 475 222 363 534 507 499 692 668 693 280 455 424 510 753 101 701 527 343 311 502 211 512 330 77 123 303 768 17 748 334 394 696 115 409 832 680 199 679 497 218 675 636 235 608 403 639 229 418 418 183 606 266 305 274 747 181 521 431 485 385 769 322 246 645 285 146 452 545 458 608 568 805 817 555 365 474 454 688 349 287 502 526 388 587 292 488 729 565 400 424 261 430 572 760 269 533 298 239 556 513 617 410 679 561 729 460 584 378 632 732 548 267 717 428 167 509 702 564 494 148 705 223 756 163 345 194 410 457 275 417 791 620 640 701 755 177 269 378 398 562 217 445 274 368 184 375 428 420 297 261 497 372 563 409 335 416 407 655 725 287 564 430 411 497 310 820 266 267 672 396 549 280 317 571 466 525 376 570 469 347 439 454 386 76 423 549 274 234 220 482 369 445 224 396 474 732 534 372 356 61 385 472 463 790 361 460 453 479 345 387 528 308 722 540 331 259 730 734 671 300 315 541 646 773 474 48 488 466 265 351 535 776 475 339 498 436 438 223 495 291 284 689 389 483 481 258 142 794 252 348 82 291 399 405 112 626 458 529 645 247 615 321 241 529
637 115 1046 128 233 753 816 475 262 629 606 279 773 662 900 852 499 494 320 545 366 64 313 593 632 524 391 91 741 362 0 598 873 701 869 304 521 647 618 650 183 999 332 310 395 933 242 683 310 285 381 397 236 694 849 294 605 625 565 629 480 869 226 741 691 828 109 800 132 687 578 293 935 603 690 664 444 570 871 577 435 481 240 948 379 866 144 755 801 265 618 1023 663 551 460 230 163 465 529 559 868 303 682 591 84 65 206 554 468 586 636 912 496 511 183 601 97 666 669 603 739 482 407 169 285 818 359 885 1011 980 278 240 201 805 796 32 626 279 250 748 884 350 608 539 337 467 216 622 792 426 960 435 893 74 148 700 484 467 692 545 734 731 819 891 348 365 807 268 329 524 675 488 870 560 844 507 510 633 580 949 518 105 260 93 744 316 108 973 840 812 688 861 233 99 204 337 391 559 720 197 631 232 688 772 778 602 454 621 97 753 669 210 763 428 449 808 75 849 107 687 562 83 991 624 235 482 590 758 255 284 418 804 510 708 561 779 119 526 397 692 394 461 358 200 581 523 328 199 146 571 255 381 877 865 542 711 342 732 172 170 973 359 672 446 336 671 735 621 428 842 738 101 105 959 897 896 249 103 846 797 982 581 387 668 827 431 123 842 932 120 315 844 415 132 148 596 653 628 807 249 439 573 460 409 1015 325 66 309 638 77 255 473 845 547 598 423 560 333 164 589 703
