92
0 281 368 693 203 684 460 241 467 47 491 431 619 351 746 539 667 473 294 341 692 443 189 323 486 369 292 679 225 350 411 599 487 383 563 812 751 598 344 444 640 249 185 338 562 331 369 621 194 731 392 257 598 319 191 667 389 357 164 586 350 265 181 211 309 699 798 768 424 366 566 620 233 625 486 639 843 520 140 50 267 353 357 345 422 366 691 394 778 667 745 213
281 0 415 915 321 911 674 441 618 328 749 708 866 619 1005 750 938 626 449 474 944 704 105 344 756 565 529 945 397 629 556 839 750 650 810 1093 948 843 376 690 885 400 136 225 837 573 517 884 475 966 635 46 875 598 460 899 660 476 330 844 602 456 108 125 528 964 1080 1047 686 526 838 805 270 865 767 869 1123 710 288 244 523 268 576 230 664 362 927 661 1053 885 991 138
368 415 0 582 165 587 366 606 833 375 785 563 918 453 742 881 725 248 662 129 668 490 418 71 564 727 320 936 593 516 187 911 768 667 539 964 580 904 38 440 941 616 298 224 799 664 737 646 459 653 396 369 819 572 510 585 493 110 530 869 667 630 341 296 661 957 940 964 715 188 814 436 568 937 676 555 1012 359 227 329 360 186 308 225 745 75 617 679 998 549 696 476
693 915 582 0 596 25 240 807 990 656 732 399 831 385 230 915 312 338 884 465 163 296 860 636 320 862 400 756 833 451 394 855 700 654 168 597 118 834 612 259 852 865 778 792 636 748 934 235 582 83 305 872 619 574 658 52 372 476 813 762 718 828 810 793 796 774 563 666 690 404 663 168 917 871 503 62 658 222 627 699 432 761 340 794 773 657 69 663 732 33 145 901
203 321 165 596 0 594 357 440 668 210 637 463 770 357 709 721 663 308 497 159 642 421 289 132 487 563 236 802 428 401 240 759 624 520 507 870 626 754 145 391 793 452 185 224 670 505 572 596 309 653 337 277 696 431 351 585 399 168 367 725 511 465 222 197 497 823 850 853 567 206 681 484 415 785 560 554 912 388 63 168 254 213 265 229 589 178 614 533 879 565 683 342
684 911 587 25 594 0 237 792 972 646 710 379 808 369 207 894 287 346 869 468 139 278 854 640 298 844 392 732 819 433 399 832 678 634 148 572 143 811 617 245 828 851 775 794 612 730 918 210 568 68 294 869 595 556 643 27 355 480 801 739 699 813 805 790 779 749 538 641 669 406 639 184 907 848 480 45 633 229 623 692 421 764 335 797 752 662 46 642 707 47 126 893
460 674 366 240 357 237 0 606 810 427 614 292 735 216 375 773 372 161 681 240 301 177 621 411 249 683 171 700 624 301 186 747 586 512 174 641 291 730 391 109 758 655 538 561 562 578 741 287 381 297 109 632 564 416 459 228 231 256 594 670 557 629 569 553 613 720 612 670 556 178 585 173 690 767 420 197 696 86 386 462 216 534 102 564 625 438 258 523 721 211 332 663
241 441 606 807 440 792 606 0 228 231 326 447 431 423 791 311 682 668 76 558 757 517 336 564 525 130 439 528 50 371 616 400 337 258 650 738 890 406 584 549 448 73 401 567 447 146 138 667 226 822 509 440 492 266 149 770 443 579 111 419 185 25 378 425 88 544 734 663 276 568 439 778 209 425 434 747 752 683 379 288 390 589 513 575 229 608 785 264 651 789 818 311
467 618 833 990 668 972 810 228 0 459 341 600 376 608 933 194 810 888 177 785 913 694 521 790 683 128 652 512 244 538 839 330 369 352 825 786 1084 349 811 738 383 227 610 779 490 242 102 816 431 991 706 629 537 416 355 947 617 806 313 402 276 203 579 631 197 521 791 685 336 792 471 984 349 348 541 928 781 892 606 511 598 804 725 786 247 833 957 349 650 976 976 479
47 328 375 656 210 646 427 231 459 0 454 383 583 306 701 515 620 454 293 331 648 399 237 337 440 352 256 637 225 303 395 566 447 342 521 765 718 564 355 404 605 252 227 371 518 302 366 576 147 690 352 304 553 274 154 628 343 350 175 547 316 256 227 253 288 658 751 723 385 349 523 591 262 592 439 601 796 491 151 90 225 382 325 378 390 382 651 354 734 631 702 258
491 749 785 732 637 710 614 326 341 454 0 336 133 398 625 192 495 740 364 690 622 453 643 769 413 253 502 201 377 313 714 133 33 118 565 445 841 120 777 515 156 393 677 825 149 181 353 523 328 713 505 738 196 215 300 683 385 716 429 95 147 323 666 702 242 218 450 351 70 670 130 774 535 155 233 671 445 700 593 541 446 834 561 832 104 815 685 105 328 726 684 631
431 708 563 399 463 379 292 447 600 383 336 0 447 109 344 515 241 439 520 441 314 119 620 575 83 474 243 407 484 82 434 464 305 255 231 407 505 445 570 185 470 515 589 686 270 358 557 221 250 392 192 678 273 186 308 352 71 466 489 381 323 463 602 613 414 428 386 402 290 399 293 441 607 483 128 337 451 376 450 463 210 677 271 692 373 616 359 263 442 391 376 639
619 866 918 831 770 808 735 431 376 583 133 447 0 522 696 185 565 867 452 823 705 566 761 902 516 329 632 143 480 438 844 47 152 251 667 441 944 27 911 632 23 490 802 955 199 293 421 608 461 802 627 859 229 348 429 780 504 848 540 68 269 422 790 828 342 147 456 328 203 800 171 889 636 44 328 772 423 820 725 669 577 964 688 962 202 948 778 238 280 829 765 742
351 619 453 385 357 369 216 423 608 306 398 109 522 0 395 557 318 345 499 332 346 96 539 466 136 480 133 503 451 85 331 531 371 295 228 515 475 516 460 130 545 483 494 581 363 369 549 270 200 401 107 586 375 201 274 347 42 357 440 460 344 443 511 516 412 524 493 511 340 293 383 383 552 553 228 324 560 302 349 376 103 569 169 586 409 507 363 306 548 368 403 565
746 1005 742 230 709 207 375 791 933 701 625 344 696 395 0 817 131 520 865 614 76 303 931 783 268 811 477 593 828 422 560 729 592 580 204 382 338 705 765 318 713 859 874 927 498 695 899 126 586 153 372 968 467 528 651 189 361 631 828 628 657 807 897 893 755 608 348 469 603 553 525 387 944 739 395 211 443 405 721 767 483 903 447 931 692 813 161 584 540 253 91 960
539 750 881 915 721 894 773 311 194 515 192 515 185 557 817 0 688 881 306 807 811 626 646 851 595 185 638 325 352 475 845 137 225 263 746 614 1020 159 866 683 189 353 711 874 334 217 256 713 430 900 664 751 377 357 371 867 553 831 421 223 222 294 689 735 230 332 625 506 224 798 309 941 496 153 423 853 602 859 666 589 581 892 705 882 148 897 871 253 463 906 874 616
667 938 725 312 663 287 372 682 810 620 495 241 565 318 131 688 0 532 753 595 154 242 855 755 181 691 427 465 722 323 557 598 462 457 205 288 429 574 742 284 582 752 813 887 366 576 782 88 491 255 331 904 337 416 549 261 278 616 730 497 536 696 830 834 639 480 255 355 476 539 394 439 849 608 268 269 348 427 665 694 418 869 416 892 566 790 244 460 423 325 206 878
473 626 248 338 308 346 161 668 888 454 740 439 867 345 520 881 532 0 738 151 444 332 597 309 407 765 243 846 674 429 69 873 715 629 329 802 333 859 281 266 890 703 492 467 707 672 806 445 460 413 247 580 713 529 533 348 371 152 629 806 659 692 531 500 694 867 773 828 676 106 728 189 704 895 567 318 857 117 359 457 300 432 178 469 733 323 380 641 877 304 462 648
294 449 662 884 497 869 681 76 177 293 364 520 452 499 865 306 753 738 0 624 832 593 349 615 600 124 514 563 68 445 684 415 381 316 726 794 966 426 638 625 467 51 433 601 497 194 76 741 302 898 585 456 544 337 225 846 518 643 136 452 237 57 403 454 126 578 792 711 325 637 486 854 190 439 500 823 803 757 434 336 465 627 588 609 261 657 861 319 693 865 893 312
341 474 129 465 159 468 240 558 785 331 690 441 823 332 614 807 595 151 624 0 541 362 448 171 437 669 201 827 556 403 82 821 670 573 410 839 479 810 151 310 846 584 341 326 689 590 696 516 377 532 267 428 705 474 440 464 370 25 503 769 586 583 380 349 599 849 813 843 622 62 706 335 567 845 559 433 888 246 214 317 248 295 180 328 664 198 495 586 881 433 572 501
692 944 668 163 642 139 301 757 913 648 622 314 705 346 76 811 154 444 832 541 0 250 874 711 232 788 414 615 791 386 485 735 588 563 135 434 278 711 692 254 724 822 811 857 506 672 871 98 543 101 308 906 482 500 612 117 317 557 785 636 636 775 836 830 728 631 400 509 591 479 534 312 899 747 388 136 496 328 658 709 426 832 378 861 679 739 94 569 577 183 62 906
443 704 490 296 421 278 177 517 694 399 453 119 566 96 303 626 242 332 593 362 250 0 628 515 76 566 184 523 547 155 338 583 423 363 133 478 394 564 504 68 589 579 575 644 387 452 640 180 296 305 94 668 386 279 369 254 76 384 536 500 423 536 595 595 500 543 452 496 403 310 411 322 649 601 245 234 530 259 424 464 180 627 182 649 481 552 268 372 544 282 306 657
189 105 418 860 289 854 621 336 521 237 643 620 761 539 931 646 855 597 349 448 874 628 0 351 674 461 464 840 293 540 528 733 645 547 742 997 905 737 382 622 779 298 121 275 735 467 419 808 379 905 568 107 774 498 357 840 577 455 225 739 496 351 78 131 422 859 984 946 581 492 735 766 181 759 671 810 1024 667 239 164 448 311 520 282 558 381 866 556 950 832 924 59
323 344 71 636 132 640 411 564 790 337 769 575 902 466 783 851 755 309 615 171 711 515 351 0 586 689 335 930 547 520 244 891 755 651 578 981 642 885 32 472 925 568 230 158 797 636 691 680 441 704 423 297 820 561 482 636 507 160 481 856 643 588 274 227 626 952 959 972 698 234 809 498 508 917 681 604 1026 415 185 279 366 124 339 159 721 46 667 664 1002 604 743 410
486 756 564 320 487 298 249 525 683 440 413 83 516 136 268 595 181 407 600 437 232 76 674 586 0 557 252 460 561 155 414 537 380 338 152 402 429 517 577 140 538 592 631 711 328 441 639 142 318 309 170 723 321 268 383 271 96 460 560 448 407 543 648 653 496 480 376 421 371 386 353 378 677 554 188 258 454 326 484 512 237 696 257 716 455 625 277 345 472 314 294 698
369 565 727 862 563 844 683 130 128 352 253 474 329 480 811 185 691 765 124 669 788 566 461 689 557 0 526 446 167 411 719 291 274 234 697 695 955 303 708 610 343 168 531 698 396 116 100 693 306 865 578 567 443 289 232 819 489 691 237 334 154 110 507 555 71 460 697 604 228 671 381 856 313 314 426 800 698 765 504 417 472 718 599 705 149 734 830 233 580 847 851 431
292 529 320 400 236 392 171 439 652 256 502 243 632 133 477 638 427 243 514 201 414 184 464 335 252 526 0 628 454 203 212 634 479 388 280 647 462 622 328 160 655 486 397 460 489 430 576 361 220 441 105 491 504 287 297 376 173 226 422 574 416 463 421 416 455 649 623 644 436 168 506 340 519 658 358 347 693 243 244 300 56 444 73 465 490 375 401 400 680 374 461 501
679 945 936 756 802 732 700 528 512 637 201 407 143 503 593 325 465 846 563 827 615 523 840 930 460 446 628 0 578 425 835 191 195 296 602 301 873 167 934 591 148 594 864 1004 139 382 544 524 498 715 599 931 138 371 488 704 474 853 630 112 346 524 858 890 443 21 319 185 259 795 122 838 737 184 279 701 280 782 766 727 579 1008 673 1011 302 976 696 285 138 759 671 830
225 397 593 833 428 819 624 50 244 225 377 484 480 451 828 352 722 674 68 556 791 547 293 547 561 167 454 578 0 406 618 447 388 308 679 787 911 454 569 574 496 32 369 537 497 197 144 703 251 852 531 399 542 308 178 797 474 575 71 469 236 58 342 391 137 595 783 713 327 571 489 795 158 472 480 773 802 697 365 267 408 561 528 544 279 589 814 313 702 813 851 265
350 629 516 451 401 433 301 371 538 303 313 82 438 85 422 475 323 429 445 403 386 155 540 520 155 411 203 425 406 0 411 446 286 212 286 473 549 431 519 207 461 437 514 621 286 296 487 297 168 455 191 601 303 123 228 408 79 428 407 376 267 388 524 538 346 446 455 452 255 370 303 465 525 468 160 389 511 387 381 385 156 614 251 627 328 564 420 222 482 438 447 557
411 556 187 394 240 399 186 616 839 395 714 434 844 331 560 845 557 69 684 82 485 338 528 244 414 719 212 835 618 411 0 846 691 600 361 816 399 834 218 277 867 647 423 401 695 632 754 473 417 466 245 510 706 499 487 398 363 84 570 786 623 641 462 431 648 856 788 832 648 47 714 255 641 870 559 368 868 172 292 392 267 368 162 403 699 262 430 612 876 361 510 581
599 839 911 855 759 832 747 400 330 566 133 464 47 531 729 137 598 873 415 821 735 583 733 891 537 291 634 191 447 446 846 0 160 247 690 487 966 25 902 646 53 455 781 937 231 269 379 637 452 830 638 833 267 347 412 805 516 846 510 102 250 389 766 806 311 195 501 375 199 802 204 905 602 26 351 795 470 833 712 650 579 949 694 944 177 938 804 235 327 851 795 712
487 750 768 700 624 678 586 337 369 447 33 305 152 371 592 225 462 715 381 670 588 423 645 755 380 274 479 195 388 286 691 160 0 105 533 420 809 144 762 486 176 406 672 817 122 191 375 490 315 680 478 737 169 196 295 650 356 696 436 101 152 336 664 698 255 213 424 331 64 647 106 744 545 181 200 639 423 672 582 536 424 824 536 824 125 801 652 93 314 695 650 635
383 650 667 654 520 634 512 258 352 342 118 255 251 295 580 263 457 629 316 573 563 363 547 651 338 234 388 296 308 212 600 247 105 0 486 480 757 237 659 420 274 331 568 712 191 123 329 465 210 646 402 636 235 100 192 608 289 598 346 206 81 264 562 594 191 315 476 407 48 555 188 678 461 271 191 592 494 598 477 432 332 719 450 719 118 697 615 12 404 644 626 541
563 810 539 168 507 148 174 650 825 521 565 231 667 228 204 746 205 329 726 410 135 133 742 578 152 697 280 602 679 286 361 690 533 486 0 487 276 669 561 120 689 712 677 723 475 582 773 116 428 172 174 771 463 408 502 122 208 428 667 599 551 670 702 695 633 621 456 535 522 350 502 243 777 706 339 106 546 222 523 578 296 699 243 727 605 609 135 494 595 161 181 776
812 1093 964 597 870 572 641 738 786 765 445 407 441 515 382 614 288 802 794 839 434 478 997 981 402 695 647 301 787 473 816 487 420 480 487 0 712 462 975 539 449 811 985 1093 298 599 795 375 618 531 573 1069 251 500 645 547 474 862 820 391 557 744 992 1010 667 305 33 119 469 789 315 727 938 485 326 558 61 706 854 852 617 1084 660 1099 546 1022 528 475 189 612 473 1003
751 948 580 118 626 143 291 890 1084 718 841 505 944 475 338 1020 429 333 966 479 278 394 905 642 429 955 462 873 911 549 399 966 809 757 276 712 0 946 615 345 965 943 812 801 750 844 1021 353 664 184 381 903 735 672 741 170 469 484 885 876 816 912 847 823 887 891 679 784 795 422 777 144 981 983 615 172 774 238 666 749 504 765 393 802 875 655 184 766 850 115 247 950
598 843 904 834 754 811 730 406 349 564 120 445 27 516 705 159 574 859 426 810 711 564 737 885 517 303 622 167 454 431 834 25 144 237 669 462 946 0 895 628 42 464 781 935 207 270 394 614 445 807 622 836 242 336 409 783 499 836 515 77 248 397 767 806 317 173 476 350 188 790 179 886 610 37 330 774 446 816 707 649 567 946 680 942 179 932 782 224 304 830 772 718
344 376 38 612 145 617 391 584 811 355 777 570 911 460 765 866 742 281 638 151 692 504 382 32 577 708 328 934 569 519 218 902 762 659 561 975 615 895 0 458 934 591 261 187 799 650 713 665 450 682 411 330 821 567 496 613 501 136 504 863 655 608 305 259 643 956 951 970 707 213 812 470 536 927 680 583 1021 390 204 302 364 150 325 188 733 48 645 672 1002 579 723 441
444 690 440 259 391 245 109 549 738 404 515 185 632 130 318 683 284 266 625 310 254 68 622 472 140 610 160 591 574 207 277 646 486 420 120 539 345 628 458 0 654 606 557 610 455 499 677 208 323 286 54 652 455 329 399 225 130 332 555 566 473 570 582 576 542 612 511 562 461 255 478 259 662 666 313 200 592 190 404 458 178 589 132 614 536 506 247 430 612 239 301 657
640 885 941 852 793 828 758 448 383 605 156 470 23 545 713 189 582 890 467 846 724 589 779 925 538 343 655 148 496 461 867 53 176 274 689 449 965 42 934 654 0 506 823 976 218 313 432 628 483 821 650 878 246 371 450 801 527 871 557 89 290 438 809 848 359 149 465 334 226 824 190 911 652 37 350 793 428 843 747 690 601 986 712 983 221 971 798 261 281 850 784 760
249 400 616 865 452 851 655 73 227 252 393 515 490 483 859 353 752 703 51 584 822 579 298 568 592 168 486 594 32 437 647 455 406 331 712 811 943 464 591 606 506 0 382 551 518 215 126 734 283 884 563 405 564 337 210 830 506 602 87 484 256 70 352 403 151 610 807 734 347 600 509 826 146 480 507 805 824 729 389 289 440 577 559 558 293 609 847 336 721 845 882 264
185 136 298 778 185 775 538 401 610 227 677 589 802 494 874 711 813 492 433 341 811 575 121 230 631 531 397 864 369 514 423 781 672 568 677 985 812 781 261 557 823 382 0 169 746 512 508 755 373 831 502 94 780 501 377 764 536 345 297 771 533 421 43 25 480 884 969 949 609 391 751 670 291 807 661 733 1019 574 153 137 395 198 440 176 603 259 791 580 962 748 857 181
338 225 224 792 224 794 561 567 779 371 825 686 955 581 927 874 887 467 601 326 857 644 275 158 711 698 460 1004 537 621 401 937 817 712 723 1093 801 935 187 610 976 551 169 0 878 669 677 818 506 857 558 185 908 634 525 788 624 317 466 918 686 588 203 149 644 1025 1073 1070 756 387 886 656 454 963 777 757 1133 572 241 287 478 45 479 7 760 155 819 724 1091 759 893 333
562 837 799 636 670 612 562 447 490 518 149 270 199 363 498 334 366 707 497 689 506 387 735 797 328 396 489 139 497 286 695 231 122 191 475 298 750 207 799 455 218 518 746 878 0 304 496 410 374 603 461 819 47 245 377 584 335 715 538 130 262 449 744 772 371 160 301 216 172 656 27 705 652 241 142 578 305 646 638 609 441 879 533 885 248 842 580 184 216 635 566 732
331 573 664 748 505 730 578 146 242 302 181 358 293 369 695 217 576 672 194 590 672 452 467 636 441 116 430 382 197 296 632 269 191 123 582 599 844 270 650 499 313 215 512 669 304 0 206 576 214 749 471 565 350 174 154 705 376 614 249 274 42 146 497 537 68 399 598 519 131 585 294 750 355 295 313 686 609 662 452 382 373 683 500 677 91 682 715 125 505 735 735 451
369 517 737 934 572 918 741 138 102 366 353 557 421 549 899 256 782 806 76 696 871 640 419 691 639 100 576 544 144 487 754 379 375 329 773 795 1021 394 713 677 432 126 508 677 496 206 0 778 359 943 640 527 543 371 281 894 564 716 212 431 248 113 477 529 143 557 796 704 327 706 481 914 250 401 520 873 798 819 510 412 525 703 650 684 249 734 907 330 678 917 933 379
621 884 646 235 596 210 287 667 816 576 523 221 608 270 126 713 88 445 741 516 98 180 808 680 142 693 361 524 703 297 473 637 490 465 116 375 353 614 665 208 628 734 755 818 410 576 778 0 460 193 259 848 388 407 526 182 235 536 702 539 540 684 776 775 634 541 342 433 492 458 438 352 818 650 289 186 434 338 604 644 361 798 341 822 581 713 173 471 497 243 161 835
194 475 459 582 309 568 381 226 431 147 328 250 461 200 586 430 491 460 302 377 543 296 379 441 318 306 220 498 251 168 417 452 315 210 428 618 664 445 450 323 483 283 373 506 374 214 359 460 0 601 282 451 407 128 78 546 226 401 242 416 209 248 375 399 235 519 605 575 257 370 380 554 358 477 292 522 648 460 267 237 166 510 293 513 287 487 563 223 588 562 602 392
731 966 653 83 653 68 297 822 991 690 713 392 802 401 153 900 255 413 898 532 101 305 905 704 309 865 441 715 852 455 466 830 680 646 172 531 184 807 682 286 821 884 831 857 603 749 943 193 601 0 338 926 581 575 674 68 379 545 839 733 716 842 860 847 802 732 497 610 678 470 631 251 948 843 480 99 593 296 678 742 464 828 390 860 764 727 39 653 678 114 63 942
392 635 396 305 337 294 109 509 706 352 505 192 627 107 372 664 331 247 585 267 308 94 568 423 170 578 105 599 531 191 245 638 478 402 174 573 381 622 411 54 650 563 502 558 461 471 640 259 282 338 0 597 466 306 360 275 125 290 508 564 448 531 527 521 509 620 547 587 447 216 482 279 613 659 320 248 624 195 349 404 127 539 87 563 515 459 298 413 632 282 356 604
257 46 369 872 277 869 632 440 629 304 738 678 859 586 968 751 904 580 456 428 906 668 107 297 723 567 491 931 399 601 510 833 737 636 771 1069 903 836 330 652 878 405 94 185 819 565 527 848 451 926 597 0 856 577 443 858 627 430 329 833 592 456 76 79 525 951 1054 1026 673 481 821 760 286 859 743 828 1100 666 248 216 487 226 535 191 657 316 886 646 1035 842 951 156
598 875 819 619 696 595 564 492 537 553 196 273 229 375 467 377 337 713 544 705 482 386 774 820 321 443 504 138 542 303 706 267 169 235 463 251 735 242 821 455 246 564 780 908 47 350 543 388 407 581 466 856 0 279 416 567 343 731 581 164 308 495 780 806 417 158 254 173 219 669 67 699 697 274 147 563 259 645 667 643 459 907 543 915 295 865 561 228 182 621 540 773
319 598 572 574 431 556 416 266 416 274 215 186 348 201 528 357 416 529 337 474 500 279 498 561 268 289 287 371 308 123 499 347 196 100 408 500 672 336 567 329 371 337 501 634 245 174 371 407 128 575 306 577 279 0 146 531 202 500 326 296 144 280 501 527 228 392 489 449 148 454 252 584 446 371 177 512 525 501 394 364 231 636 351 641 209 606 541 112 460 561 563 503
191 460 510 658 351 643 459 149 355 154 300 308 429 274 651 371 549 533 225 440 612 369 357 482 383 232 297 488 178 228 487 412 295 192 502 645 741 409 496 399 450 210 377 525 377 154 281 526 78 674 360 443 416 146 0 621 296 463 182 394 162 170 369 402 161 508 636 589 232 439 378 632 302 439 323 598 669 538 299 241 244 536 370 533 238 528 637 203 593 639 672 358
667 899 585 52 585 27 228 770 947 628 683 352 780 347 189 867 261 348 846 464 117 254 840 636 271 819 376 704 797 408 398 805 650 608 122 547 170 783 613 225 801 830 764 788 584 705 894 182 546 68 275 858 567 531 621 0 330 477 781 711 673 790 793 780 754 721 514 615 642 402 611 197 888 820 453 31 609 230 611 677 403 759 323 791 726 659 32 616 680 65 115 878
389 660 493 372 399 355 231 443 617 343 385 71 504 42 361 553 278 371 518 370 317 76 577 507 96 489 173 474 474 79 363 516 356 289 208 474 469 499 501 130 527 506 536 624 335 376 564 235 226 379 125 627 343 202 296 330 0 395 468 440 347 462 552 558 424 495 451 473 331 328 357 389 583 537 196 310 519 316 392 416 146 612 200 629 406 548 343 299 513 359 376 602
357 476 110 476 168 480 256 579 806 350 716 466 848 357 631 831 616 152 643 25 557 384 455 160 460 691 226 853 575 428 84 846 696 598 428 862 484 836 136 332 871 602 345 317 715 614 716 536 401 545 290 430 731 500 463 477 395 0 521 794 611 604 385 351 622 875 837 868 647 78 731 339 580 870 585 446 912 254 227 331 274 284 202 319 688 182 509 611 906 443 587 510
164 330 530 813 367 801 594 111 313 175 429 489 540 440 828 421 730 629 136 503 785 536 225 481 560 237 422 630 71 407 570 510 436 346 667 820 885 515 504 555 557 87 297 466 538 249 212 702 242 839 508 329 581 326 182 781 468 521 0 524 283 127 271 320 198 647 813 754 373 524 533 762 120 535 503 755 839 662 303 202 382 491 494 473 337 522 801 354 748 791 843 202
586 844 869 762 725 739 670 419 402 547 95 381 68 460 628 223 497 806 452 769 636 500 739 856 448 334 574 112 469 376 786 102 101 206 599 391 876 77 863 566 89 484 771 918 130 274 431 539 416 733 564 833 164 296 394 711 440 794 524 0 242 414 762 797 333 126 402 284 162 743 102 822 628 111 260 703 380 756 684 635 521 925 628 925 191 902 709 194 248 760 696 725
350 602 667 718 511 699 557 185 276 316 147 323 269 344 657 222 536 659 237 586 636 423 496 643 407 154 416 346 236 267 623 250 152 81 551 557 816 248 655 473 290 256 533 686 262 42 248 540 209 716 448 592 308 144 162 673 347 611 283 242 0 187 521 558 111 364 555 478 91 576 253 727 393 276 271 656 567 642 462 400 359 698 485 694 77 689 682 82 466 706 699 484
265 456 630 828 465 813 629 25 203 256 323 463 422 443 807 294 696 692 57 583 775 536 351 588 543 110 463 524 58 388 641 389 336 264 670 744 912 397 608 570 438 70 421 588 449 146 113 684 248 842 531 456 495 280 170 790 462 604 127 414 187 0 397 444 81 540 741 665 278 593 440 802 214 414 445 767 755 706 404 312 413 610 537 596 223 632 805 268 651 810 836 324
181 108 341 810 222 805 569 378 579 227 666 602 790 511 897 689 830 531 403 380 836 595 78 274 648 507 421 858 342 524 462 766 664 562 702 992 847 767 305 582 809 352 43 203 744 497 477 776 375 860 527 76 780 501 369 793 552 385 271 762 521 397 0 54 460 878 977 950 600 428 747 706 252 792 666 763 1024 609 182 140 414 236 470 210 588 302 820 573 960 780 883 137
211 125 296 793 197 790 553 425 631 253 702 613 828 516 893 735 834 500 454 349 830 595 131 227 653 555 416 890 391 538 431 806 698 594 695 1010 823 806 259 576 848 403 25 149 772 537 529 775 399 847 521 79 806 527 402 780 558 351 320 797 558 444 54 0 505 910 993 974 635 402 776 680 306 832 686 749 1044 586 171 163 416 181 457 156 628 252 808 605 987 763 874 190
309 528 661 796 497 779 613 88 197 288 242 414 342 412 755 230 639 694 126 599 728 500 422 626 496 71 455 443 137 346 648 311 255 191 633 667 887 317 643 542 359 151 480 644 371 68 143 634 235 802 509 525 417 228 161 754 424 622 198 333 111 81 460 505 0 459 666 586 199 600 360 786 295 337 379 734 676 694 440 359 401 662 528 651 142 671 767 193 569 780 791 400
699 964 957 774 823 749 720 544 521 658 218 428 147 524 608 332 480 867 578 849 631 543 859 952 480 460 649 21 595 446 856 195 213 315 621 305 891 173 956 612 149 610 884 1025 160 399 557 541 519 732 620 951 158 392 508 721 495 875 647 126 364 540 878 910 459 0 324 187 278 817 143 857 753 186 300 719 279 803 787 747 600 1029 694 1032 317 997 714 304 132 777 687 848
798 1080 940 563 850 538 612 734 791 751 450 386 456 493 348 625 255 773 792 813 400 452 984 959 376 697 623 319 783 455 788 501 424 476 456 33 679 476 951 511 465 807 969 1073 301 598 796 342 605 497 547 1054 254 489 636 514 451 837 813 402 555 741 977 993 666 324 0 143 469 763 320 694 932 500 313 524 95 675 835 837 596 1063 634 1079 549 998 494 472 215 579 439 993
768 1047 964 666 853 641 670 663 685 723 351 402 328 511 469 506 355 828 711 843 509 496 946 972 421 604 644 185 713 452 832 375 331 407 535 119 784 350 970 562 334 734 949 1070 216 519 704 433 575 610 587 1026 173 449 589 615 473 868 754 284 478 665 950 974 586 187 143 0 387 800 225 779 869 370 292 620 96 743 829 812 606 1066 671 1076 455 1015 600 400 73 677 556 946
424 686 715 690 567 669 556 276 336 385 70 290 203 340 603 224 476 676 325 622 591 403 581 698 371 228 436 259 327 255 648 199 64 48 522 469 795 188 707 461 226 347 609 756 172 131 327 492 257 678 447 673 219 148 232 642 331 647 373 162 91 278 600 635 199 278 469 387 0 603 162 720 484 223 207 628 477 642 523 473 380 764 498 763 89 744 647 35 375 682 654 572
366 526 188 404 206 406 178 568 792 349 670 399 800 293 553 798 539 106 637 62 479 310 492 234 386 671 168 795 571 370 47 802 647 555 350 789 422 790 213 255 824 600 391 387 656 585 706 458 370 470 216 481 669 454 439 402 328 78 524 743 576 593 428 402 600 817 763 800 603 0 674 278 598 825 522 370 840 186 253 350 223 357 129 390 652 260 433 567 841 372 510 542
566 838 814 663 681 639 585 439 471 523 130 293 171 383 525 309 394 728 486 706 534 411 735 809 353 381 506 122 489 303 714 204 106 188 502 315 777 179 812 478 190 509 751 886 27 294 481 438 380 631 482 821 67 252 378 611 357 731 533 102 253 440 747 776 360 143 320 225 162 674 0 730 646 213 166 605 317 669 646 613 457 889 553 893 231 854 608 179 215 662 594 729
620 805 436 168 484 184 173 778 984 591 774 441 889 383 387 941 439 189 854 335 312 322 766 498 378 856 340 838 795 465 255 905 744 678 243 727 144 886 470 259 911 826 670 656 705 750 914 352 554 251 279 760 699 584 632 197 389 339 762 822 727 802 706 680 786 857 694 779 720 278 730 0 852 924 564 176 786 100 527 614 388 621 267 658 793 512 228 688 838 137 310 813
233 270 568 917 415 907 690 209 349 262 535 607 636 552 944 496 849 704 190 567 899 649 181 508 677 313 519 737 158 525 641 602 545 461 777 938 981 610 536 662 652 146 291 454 652 355 250 818 358 948 613 286 697 446 302 888 583 580 120 628 393 214 252 306 295 753 932 869 484 598 646 852 0 626 623 861 956 752 353 249 485 488 588 461 437 544 909 468 860 893 955 131
625 865 937 871 785 848 767 425 348 592 155 483 44 553 739 153 608 895 439 845 747 601 759 917 554 314 658 184 472 468 870 26 181 271 706 485 983 37 927 666 37 480 807 963 241 295 401 650 477 843 659 859 274 371 439 820 537 870 535 111 276 414 792 832 337 186 500 370 223 825 213 924 626 0 367 811 464 853 737 676 602 975 717 970 203 963 818 259 319 868 807 737
486 767 676 503 560 480 420 434 541 439 233 128 328 228 395 423 268 567 500 559 388 245 671 681 188 426 358 279 480 160 559 351 200 191 339 326 615 330 680 313 350 507 661 777 142 313 520 289 292 480 320 743 147 177 323 453 196 585 503 260 271 445 666 686 379 300 313 292 207 522 166 564 623 367 0 443 358 503 536 527 316 773 396 784 297 724 453 193 322 500 450 679
639 869 555 62 554 45 197 747 928 601 671 337 772 324 211 853 269 318 823 433 136 234 810 604 258 800 347 701 773 389 368 795 639 592 106 558 172 774 583 200 793 805 733 757 578 686 873 186 522 99 248 828 563 512 598 31 310 446 755 703 656 767 763 749 734 719 524 620 628 370 605 176 861 811 443 0 618 200 580 648 376 728 292 760 710 629 62 600 683 58 144 849
843 1123 1012 658 912 633 696 752 781 796 445 451 423 560 443 602 348 857 803 888 496 530 1024 1026 454 698 693 280 802 511 868 470 423 494 546 61 774 446 1021 592 428 824 1019 1133 305 609 798 434 648 593 624 1100 259 525 669 609 519 912 839 380 567 755 1024 1044 676 279 95 96 477 840 317 786 956 464 358 618 0 763 892 884 660 1126 710 1139 548 1067 590 488 151 673 535 1027
520 710 359 222 388 229 86 683 892 491 700 376 820 302 405 859 427 117 757 246 328 259 667 415 326 765 243 782 697 387 172 833 672 598 222 706 238 816 390 190 843 729 574 572 646 662 819 338 460 296 195 666 645 501 538 230 316 254 662 756 642 706 609 586 694 803 675 743 642 186 669 100 752 853 503 200 763 0 428 514 294 539 169 574 710 434 262 609 797 189 344 714
140 288 227 627 63 623 386 379 606 151 593 450 725 349 721 666 665 359 434 214 658 424 239 185 484 504 244 766 365 381 292 712 582 477 523 854 666 707 204 404 747 389 153 241 638 452 510 604 267 678 349 248 667 394 299 611 392 227 303 684 462 404 182 171 440 787 835 829 523 253 646 527 353 737 536 580 892 428 0 105 247 242 288 248 538 231 638 490 849 598 703 288
50 244 329 699 168 692 462 288 511 90 541 463 669 376 767 589 694 457 336 317 709 464 164 279 512 417 300 727 267 385 392 650 536 432 578 852 749 649 302 458 690 289 137 287 609 382 412 644 237 742 404 216 643 364 241 677 416 331 202 635 400 312 140 163 359 747 837 812 473 350 613 614 249 676 527 648 884 514 105 0 284 302 359 294 473 321 702 443 824 672 760 201
267 523 360 432 254 421 216 390 598 225 446 210 577 103 483 581 418 300 465 248 426 180 448 366 237 472 56 579 408 156 267 579 424 332 296 617 504 567 364 178 601 440 395 478 441 373 525 361 166 464 127 487 459 231 244 403 146 274 382 521 359 413 414 416 401 600 596 606 380 223 457 388 485 602 316 376 660 294 247 284 0 467 127 483 433 409 425 344 638 409 478 480
353 268 186 761 213 764 534 589 804 382 834 677 964 569 903 892 869 432 627 295 832 627 311 124 696 718 444 1008 561 614 368 949 824 719 699 1084 765 946 150 589 986 577 198 45 879 683 703 798 510 828 539 226 907 636 536 759 612 284 491 925 698 610 236 181 662 1029 1063 1066 764 357 889 621 488 975 773 728 1126 539 242 302 467 0 457 42 773 113 791 731 1090 728 866 370
357 576 308 340 265 335 102 513 725 325 561 271 688 169 447 705 416 178 588 180 378 182 520 339 257 599 73 673 528 251 162 694 536 450 243 660 393 680 325 132 712 559 440 479 533 500 650 341 293 390 87 535 543 351 370 323 200 202 494 628 485 537 470 457 528 694 634 671 498 129 553 267 588 717 396 292 710 169 288 359 127 457 0 484 557 373 350 462 713 312 418 561
345 230 225 794 229 797 564 575 786 378 832 692 962 586 931 882 892 469 609 328 861 649 282 159 716 705 465 1011 544 627 403 944 824 719 727 1099 802 942 188 614 983 558 176 7 885 677 684 822 513 860 563 191 915 641 533 791 629 319 473 925 694 596 210 156 651 1032 1079 1076 763 390 893 658 461 970 784 760 1139 574 248 294 483 42 484 0 767 154 822 731 1098 762 897 339
422 664 745 773 589 752 625 229 247 390 104 373 202 409 692 148 566 733 261 664 679 481 558 721 455 149 490 302 279 328 699 177 125 118 605 546 875 179 733 536 221 293 603 760 248 91 249 581 287 764 515 657 295 209 238 726 406 688 337 191 77 223 588 628 142 317 549 455 89 652 231 793 437 203 297 710 548 710 538 473 433 773 557 767 0 767 732 110 432 763 742 539
366 362 75 657 178 662 438 608 833 382 815 616 948 507 813 897 790 323 657 198 739 552 381 46 625 734 375 976 589 564 262 938 801 697 609 1022 655 932 48 506 971 609 259 155 842 682 734 713 487 727 459 316 865 606 528 659 548 182 522 902 689 632 302 252 671 997 998 1015 744 260 854 512 544 963 724 629 1067 434 231 321 409 113 373 154 767 0 691 710 1046 624 769 440
691 927 617 69 614 46 258 785 957 651 685 359 778 363 161 871 244 380 861 495 94 268 866 667 277 830 401 696 814 420 430 804 652 615 135 528 184 782 645 247 798 847 791 819 580 715 907 173 563 39 298 886 561 541 637 32 343 509 801 709 682 805 820 808 767 714 494 600 647 433 608 228 909 818 453 62 590 262 638 702 425 791 350 822 732 691 0 622 667 92 83 902
394 661 679 663 533 642 523 264 349 354 105 263 238 306 584 253 460 641 319 586 569 372 556 664 345 233 400 285 313 222 612 235 93 12 494 475 766 224 672 430 261 336 580 724 184 125 330 471 223 653 413 646 228 112 203 616 299 611 354 194 82 268 573 605 193 304 472 400 35 567 179 688 468 259 193 600 488 609 490 443 344 731 462 731 110 710 622 0 395 653 632 550
778 1053 998 732 879 707 721 651 650 734 328 442 280 548 540 463 423 877 693 881 577 544 950 1002 472 580 680 138 702 482 876 327 314 404 595 189 850 304 1002 612 281 721 962 1091 216 505 678 497 588 678 632 1035 182 460 593 680 513 906 748 248 466 651 960 987 569 132 215 73 375 841 215 838 860 319 322 683 151 797 849 824 638 1090 713 1098 432 1046 667 395 0 741 626 945
667 885 549 33 565 47 211 789 976 631 726 391 829 368 253 906 325 304 865 433 183 282 832 604 314 847 374 759 813 438 361 851 695 644 161 612 115 830 579 239 850 845 748 759 635 735 917 243 562 114 282 842 621 561 639 65 359 443 791 760 706 810 780 763 780 777 579 677 682 372 662 137 893 868 500 58 673 189 598 672 409 728 312 762 763 624 92 653 741 0 173 873
745 991 696 145 683 126 332 818 976 702 684 376 765 403 91 874 206 462 893 572 62 306 924 743 294 851 461 671 851 447 510 795 650 626 181 473 247 772 723 301 784 882 857 893 566 735 933 161 602 63 356 951 540 563 672 115 376 587 843 696 699 836 883 874 791 687 439 556 654 510 594 310 955 807 450 144 535 344 703 760 478 866 418 897 742 769 83 632 626 173 0 958
213 138 476 901 342 893 663 311 479 258 631 639 742 565 960 616 878 648 312 501 906 657 59 410 698 431 501 830 265 557 581 712 635 541 776 1003 950 718 441 657 760 264 181 333 732 451 379 835 392 942 604 156 773 503 358 878 602 510 202 725 484 324 137 190 400 848 993 946 572 542 729 813 131 737 679 849 1027 714 288 201 480 370 561 339 539 440 902 550 945 873 958 0
