56
0 407 874 83 518 1075 337 769 328 515 726 849 322 744 599 251 361 746 702 280 700 151 346 529 437 171 913 168 918 771 739 458 644 745 97 552 644 91 992 440 302 62 539 139 537 896 455 964 638 625 208 473 1066 679 439 503
407 0 768 324 681 914 168 1005 581 738 337 524 465 772 318 559 405 785 460 535 912 286 630 529 58 240 880 341 830 800 613 490 604 896 343 488 247 457 905 333 560 411 140 425 783 777 541 776 517 635 210 345 916 463 355 452
874 768 0 832 516 219 641 728 668 619 689 501 572 267 481 748 513 285 357 679 638 891 712 351 716 836 173 706 65 267 154 423 235 517 904 323 711 965 136 464 678 928 723 996 667 34 453 190 255 285 844 439 202 328 453 372
83 324 832 0 525 1026 260 801 352 538 644 773 310 726 526 291 326 731 636 301 725 94 382 497 354 93 886 133 881 754 691 429 609 755 73 509 561 152 956 383 327 106 456 164 567 853 439 909 588 600 130 414 1019 616 386 460
518 681 516 525 0 735 513 331 203 106 834 795 225 282 597 296 277 274 590 242 233 616 223 240 661 585 470 401 530 301 458 221 308 230 594 324 795 597 589 394 225 581 735 658 161 549 152 681 410 236 614 408 715 545 369 311
1075 914 219 1026 735 0 811 925 887 837 757 522 785 474 601 965 718 490 459 896 841 1076 932 564 857 1019 321 906 213 468 335 635 451 714 1095 523 803 1165 187 646 895 1127 840 1190 884 188 671 144 438 505 1022 617 29 450 640 572
337 168 641 260 513 811 0 839 428 574 403 513 301 613 266 421 236 624 386 385 745 276 480 367 151 217 735 212 699 641 488 323 453 728 312 336 332 412 775 181 409 366 242 409 621 655 373 682 385 475 213 202 809 373 199 296
769 1005 728 801 331 925 839 0 449 268 1163 1104 540 461 923 517 607 442 900 500 101 896 422 556 988 876 608 696 713 460 728 551 586 211 859 639 1127 828 745 726 474 827 1066 900 233 762 483 915 709 508 910 738 899 853 700 635
328 581 668 352 203 887 428 449 0 187 809 834 145 470 599 92 241 466 640 51 373 447 57 329 578 428 656 251 696 493 573 268 436 420 413 396 751 400 762 384 25 389 669 465 215 699 217 809 495 385 462 411 871 600 365 359
515 738 619 538 106 837 574 268 187 0 920 896 273 372 689 269 348 362 692 237 186 633 177 343 725 610 559 428 629 388 565 314 415 245 601 426 875 584 684 479 213 575 807 651 55 652 243 787 514 342 643 497 816 647 455 408
726 337 689 644 834 757 403 1163 809 920 0 252 667 808 244 818 576 826 333 774 1062 621 865 612 292 570 845 615 755 831 554 612 627 1005 675 536 91 788 817 441 795 740 196 761 974 682 682 614 500 690 545 425 770 369 465 530
849 524 501 773 795 522 513 1104 834 896 252 0 690 686 250 870 593 705 205 811 1003 779 891 555 467 721 671 704 563 702 402 585 522 918 823 471 324 926 613 452 826 879 402 918 952 485 654 383 395 598 706 423 538 251 469 489
322 465 572 310 225 785 301 540 145 273 667 690 0 422 454 189 96 424 499 124 449 397 202 221 452 361 593 179 609 449 457 149 336 454 382 270 613 410 681 239 136 383 537 458 320 599 133 692 368 305 389 266 772 461 220 227
744 772 267 726 282 474 613 461 470 372 808 686 422 0 567 560 406 19 493 496 371 805 501 246 733 759 188 593 262 28 285 302 181 252 800 289 800 832 311 439 486 805 775 880 415 301 289 454 308 137 779 431 451 449 417 320
599 318 481 526 597 601 266 923 599 689 244 250 454 567 0 627 358 584 142 572 822 539 657 369 260 481 622 453 547 590 333 376 385 761 579 291 236 678 616 216 589 632 242 675 743 483 446 460 262 446 470 192 606 155 237 288
251 559 748 291 296 965 421 517 92 269 818 870 189 560 627 0 281 557 685 69 451 384 95 401 565 376 745 218 779 584 643 334 513 509 343 459 752 315 847 417 73 309 662 384 286 777 294 879 557 468 412 447 950 649 402 417
361 405 513 326 277 718 236 607 241 348 576 593 96 406 358 281 0 413 404 219 510 399 299 171 383 353 560 195 558 435 384 104 284 492 400 194 527 452 632 142 233 417 459 487 399 536 138 615 287 275 373 169 708 367 123 146
746 785 285 731 274 490 624 442 466 362 826 705 424 19 584 557 413 0 512 495 353 811 496 256 746 766 197 597 277 27 305 310 198 233 804 304 817 833 324 451 484 808 790 883 403 319 292 472 326 149 786 444 466 468 429 332
702 460 357 636 590 459 386 900 640 692 333 205 499 493 142 685 404 512 0 623 798 662 697 350 402 603 512 543 423 513 223 383 321 717 695 266 355 787 488 272 635 742 381 793 748 353 451 318 192 395 597 240 465 46 283 286
280 535 679 301 242 896 385 500 51 237 774 811 124 496 572 69 219 495 623 0 424 396 95 332 534 377 679 201 711 521 574 265 444 465 363 391 712 355 779 359 26 341 628 418 267 708 226 810 489 400 411 388 881 585 342 350
700 912 638 725 233 841 745 101 373 186 1062 1003 449 371 822 451 510 353 798 424 0 819 357 454 893 796 531 613 629 373 629 450 486 134 787 537 1027 766 666 626 399 760 968 835 167 672 383 823 608 408 828 638 817 751 600 533
151 286 891 94 616 1076 276 896 447 633 621 779 397 805 539 384 399 811 662 396 819 0 476 569 329 59 957 217 943 833 745 504 676 847 61 570 533 174 1019 430 421 131 426 140 662 909 521 953 640 674 76 459 1071 648 438 522
346 630 712 382 223 932 480 422 57 177 865 891 202 501 657 95 299 496 697 95 357 476 0 380 630 463 689 294 737 523 624 322 483 421 437 450 806 409 801 441 71 404 723 479 191 743 266 858 548 427 499 468 915 657 422 415
529 529 351 497 240 564 367 556 329 343 612 555 221 246 369 401 171 256 350 332 454 569 380 0 493 520 389 366 390 274 243 72 116 393 571 84 587 620 464 198 334 587 546 658 399 378 114 479 173 109 537 198 551 304 174 84
437 58 716 354 661 857 151 988 578 725 292 467 452 733 260 565 383 746 402 534 893 329 630 493 0 278 833 349 779 760 561 460 561 870 382 445 207 495 852 295 559 448 102 469 772 723 516 718 467 597 252 302 860 407 318 413
171 240 836 93 585 1019 217 876 428 610 570 721 361 759 481 376 353 766 603 377 796 59 463 520 278 0 907 184 889 788 689 457 625 815 104 516 484 217 965 374 403 171 377 196 644 854 480 894 584 627 37 402 1015 589 383 469
913 880 173 886 470 321 735 608 656 559 845 671 593 188 622 745 560 197 512 679 531 957 689 389 833 907 0 754 123 170 291 457 283 399 960 398 858 1003 136 553 671 972 855 1045 599 197 461 350 367 288 922 536 293 476 536 441
168 341 706 133 401 906 212 696 251 428 615 704 179 593 453 218 195 597 543 201 613 217 294 366 349 184 754 0 753 621 571 296 479 631 206 384 543 259 827 275 227 221 448 291 464 729 306 796 469 467 215 308 898 517 272 335
918 830 65 881 530 213 699 713 696 629 755 563 609 262 547 779 558 277 423 711 629 943 737 390 779 889 123 753 0 255 217 462 274 502 953 373 777 1009 75 520 707 975 788 1044 674 78 485 226 314 311 899 497 189 393 507 421
771 800 267 754 301 468 641 460 493 388 831 702 449 28 590 584 435 27 513 521 373 833 523 274 760 788 170 621 255 0 300 330 206 249 827 316 825 859 299 466 510 832 801 907 429 301 316 456 330 165 807 458 444 469 444 347
739 613 154 691 458 335 488 728 573 565 554 402 457 285 333 643 384 305 223 574 629 745 624 243 561 689 291 571 217 300 0 309 150 528 761 189 567 830 291 315 578 791 571 856 619 166 357 235 104 225 694 288 327 185 307 237
458 490 423 429 221 635 323 551 268 314 612 585 149 302 376 334 104 310 383 265 450 504 322 72 460 457 457 296 462 330 309 0 188 410 503 128 577 548 535 176 270 516 524 588 369 449 70 545 226 170 476 187 622 340 150 96
644 604 235 609 308 451 453 586 436 415 627 522 336 181 385 513 284 198 321 444 486 676 483 116 561 625 283 479 274 206 150 188 0 395 682 116 619 735 348 272 444 701 596 771 468 263 219 377 130 78 638 258 437 275 254 158
745 896 517 755 230 714 728 211 420 245 1005 918 454 252 761 509 492 233 717 465 134 847 421 393 870 815 399 631 502 249 528 410 395 0 823 469 980 820 535 584 444 807 934 884 256 551 354 705 524 321 843 589 688 670 559 477
97 343 904 73 594 1095 312 859 413 601 675 823 382 800 579 343 400 804 695 363 787 61 437 571 382 104 960 206 953 827 761 503 682 823 0 581 588 114 1029 450 388 69 482 97 626 924 512 976 657 673 132 481 1089 678 455 532
552 488 323 509 324 523 336 639 396 426 536 471 270 289 291 459 194 304 266 391 537 570 450 84 445 516 398 384 373 316 189 128 116 469 581 0 517 643 449 155 397 606 486 673 482 344 190 423 98 158 527 142 514 220 138 49
644 247 711 561 795 803 332 1127 751 875 91 324 613 800 236 752 527 817 355 712 1027 533 806 587 207 484 858 543 777 825 567 577 619 980 588 517 0 702 844 401 735 655 107 673 927 708 644 659 498 675 457 391 813 383 426 503
91 457 965 152 597 1165 412 828 400 584 788 926 410 832 678 315 452 833 787 355 766 174 409 620 495 217 1003 259 1009 859 830 548 735 820 114 643 702 0 1083 528 376 47 595 76 600 987 543 1053 728 714 247 561 1157 765 529 594
992 905 136 956 589 187 775 745 762 684 817 613 681 311 616 847 632 324 488 779 666 1019 801 464 852 965 136 827 75 299 291 535 348 535 1029 449 844 1083 0 596 774 1049 858 1119 727 135 555 249 389 379 975 572 159 462 583 497
440 333 464 383 394 646 181 726 384 479 441 452 239 439 216 417 142 451 272 359 626 430 441 198 295 374 553 275 520 466 315 176 272 584 450 155 401 528 596 0 375 486 349 546 532 480 242 526 210 302 380 32 641 242 25 119
302 560 678 327 225 895 409 474 25 213 795 826 136 486 589 73 233 484 635 26 399 421 71 334 559 403 671 227 707 510 578 270 444 444 388 397 735 376 774 375 0 364 651 440 241 707 224 814 496 396 437 403 880 596 357 358
62 411 928 106 581 1127 366 827 389 575 740 879 383 805 632 309 417 808 742 341 760 131 404 587 448 171 972 221 975 832 791 516 701 807 69 606 655 47 1049 486 364 0 548 77 595 950 516 1012 689 684 201 518 1119 721 488 557
539 140 723 456 735 840 242 1066 669 807 196 402 537 775 242 662 459 790 381 628 968 426 723 546 102 377 855 448 788 801 571 524 596 934 482 486 107 595 858 349 651 548 0 566 856 725 586 698 488 643 350 348 847 398 374 462
139 425 996 164 658 1190 409 900 465 651 761 918 458 880 675 384 487 883 793 418 835 140 479 658 469 196 1045 291 1044 907 856 588 771 884 97 673 673 76 1119 546 440 77 566 0 670 1017 591 1073 752 757 216 577 1184 775 550 624
537 783 667 567 161 884 621 233 215 55 974 952 320 415 743 286 399 403 748 267 167 662 191 399 772 644 599 464 674 429 619 369 468 256 626 482 927 600 727 532 241 595 856 670 0 701 299 838 570 395 677 551 863 703 509 464
896 777 34 853 549 188 655 762 699 652 682 485 599 301 483 777 536 319 353 708 672 909 743 378 723 854 197 729 78 301 166 449 263 551 924 344 708 987 135 480 707 950 725 1017 701 0 482 157 270 317 860 454 173 327 471 393
455 541 453 439 152 671 373 483 217 243 682 654 133 289 446 294 138 292 451 226 383 521 266 114 516 480 461 306 485 316 357 70 219 354 512 190 644 543 555 242 224 516 586 591 299 482 0 592 285 176 504 256 656 408 217 165
964 776 190 909 681 144 682 915 809 787 614 383 692 454 460 879 615 472 318 810 823 953 858 479 718 894 350 796 226 456 235 545 377 705 976 423 659 1053 249 526 814 1012 698 1073 838 157 592 0 328 445 895 495 156 313 524 469
638 517 255 588 410 438 385 709 495 514 500 395 368 308 262 557 287 326 192 489 608 640 548 173 467 584 367 469 314 330 104 226 130 524 657 98 498 728 389 210 496 689 488 752 570 270 285 328 0 203 590 184 431 145 202 141
625 635 285 600 236 505 475 508 385 342 690 598 305 137 446 468 275 149 395 400 408 674 427 109 597 627 288 467 311 165 225 170 78 321 673 158 675 714 379 302 396 684 643 757 395 317 176 445 203 0 645 296 488 349 280 183
208 210 844 130 614 1022 213 910 462 643 545 706 389 779 470 412 373 786 597 411 828 76 499 537 252 37 922 215 899 807 694 476 638 843 132 527 457 247 975 380 437 201 350 216 677 860 504 895 590 645 0 406 1019 586 391 481
473 345 439 414 408 617 202 738 411 497 425 423 266 431 192 447 169 444 240 388 638 459 468 198 302 402 536 308 497 458 288 187 258 589 481 142 391 561 572 32 403 518 348 577 551 454 256 495 184 296 406 0 612 209 45 114
1066 916 202 1019 715 29 809 899 871 816 770 538 772 451 606 950 708 466 465 881 817 1071 915 551 860 1015 293 898 189 444 327 622 437 688 1089 514 813 1157 159 641 880 1119 847 1184 863 173 656 156 431 488 1019 612 0 453 634 563
679 463 328 616 545 450 373 853 600 647 369 251 461 449 155 649 367 468 46 585 751 648 657 304 407 589 476 517 393 469 185 340 275 670 678 220 383 765 462 242 596 721 398 775 703 327 408 313 145 349 586 209 453 0 250 244
439 355 453 386 369 640 199 700 365 455 465 469 220 417 237 402 123 429 283 342 600 438 422 174 318 383 536 272 507 444 307 150 254 559 455 138 426 529 583 25 357 488 374 550 509 471 217 524 202 280 391 45 634 250 0 97
503 452 372 460 311 572 296 635 359 408 530 489 227 320 288 417 146 332 286 350 533 522 415 84 413 469 441 335 421 347 237 96 158 477 532 49 503 594 497 119 358 557 462 624 464 393 165 469 141 183 481 114 563 244 97 0
