293
0 340 258 275 579 771 874 986 675 770 168 873 638 154 511 541 1004 812 432 615 716 930 274 367 449 360 199 231 314 293 877 319 342 491 405 625 440 524 480 949 494 691 535 864 283 747 623 900 378 997 491 208 844 222 585 654 312 625 382 362 174 429 425 978 507 128 595 356 689 947 244 995 773 596 317 47 259 425 507 615 410 421 656 464 612 82 680 469 549 772 434 708 462 356 590 161 260 976 190 175 774 514 752 555 539 163 739 399 702 712 784 671 401 668 524 774 1000 514 76 243 633 978 358 341 197 439 467 767 800 817 284 703 955 467 510 425 523 563 517 743 445 960 254 635 452 928 924 1011 417 137 683 352 545 907 514 440 901 970 738 991 768 364 987 532 234 787 522 387 96 287 309 398 941 760 388 851 248 267 306 534 160 544 480 664 565 519 583 340 46 511 916 681 301 373 118 514 235 535 590 948 905 646 676 971 445 504 829 654 413 712 924 913 873 1071 923 293 492 233 698 952 201 960 166 282 892 883 1011 913 635 805 403 614 593 465 1060 88 396 496 688 933 253 822 1027 474 343 44 253 627 643 516 819 950 234 194 885 840 335 583 207 375 148 484 621 603 941 752 241 601 707 587 199 393 286 615 550 907 843 1014 469 739 336 401 715 818 309 347 574 734 483 607 307 656 995
340 0 123 396 507 448 541 828 526 557 214 547 312 229 172 447 682 522 632 645 618 593 402 54 146 482 430 214 503 258 672 436 575 168 161 527 153 686 193 746 407 366 272 525 178 539 352 571 493 841 451 132 703 124 250 327 305 352 150 560 251 618 647 787 173 386 258 483 354 716 267 746 494 365 368 358 456 452 286 492 235 573 321 155 435 318 495 600 507 446 500 376 367 481 503 180 377 878 314 441 681 174 452 330 203 239 655 343 362 441 444 338 620 330 346 624 809 356 354 192 362 855 58 588 340 127 592 630 472 477 184 402 621 626 475 549 515 232 211 669 290 834 357 398 218 728 585 789 378 339 489 240 354 567 667 315 577 798 581 652 510 509 828 296 504 560 629 556 275 196 487 541 759 567 618 605 136 316 43 289 230 642 182 325 572 237 473 257 301 573 749 708 232 547 222 325 372 342 416 608 822 476 353 680 191 587 766 702 121 409 775 699 552 945 586 96 171 373 605 644 310 632 351 163 560 657 684 806 465 472 86 279 319 144 920 256 239 256 361 612 178 482 858 137 477 296 140 418 303 244 517 655 217 174 817 569 531 378 334 425 373 241 684 633 622 419 453 272 707 257 281 505 173 305 659 794 631 697 611 460 253 525 432 700 311 10 364 398 242 570 349 548 875
258 123 0 400 585 567 654 935 626 672 194 665 382 204 274 529 801 645 623 696 707 701 405 175 269 494 398 233 493 143 787 446 552 238 149 613 182 693 222 861 485 485 281 629 68 653 474 687 509 947 516 79 804 115 366 398 191 474 253 549 132 613 630 900 259 340 371 494 438 835 286 868 617 481 395 289 439 495 265 585 180 580 405 278 540 265 603 616 576 565 533 492 445 492 585 130 381 971 304 397 770 279 576 443 320 123 741 246 459 563 548 454 604 440 448 726 923 452 296 70 483 954 174 560 328 184 609 729 590 579 233 526 733 632 540 564 574 312 259 753 381 934 363 515 328 842 689 907 438 304 599 151 460 672 677 242 696 907 684 759 632 515 935 410 462 677 654 556 173 86 479 549 870 678 597 726 13 335 80 285 117 671 304 421 628 358 561 158 213 611 857 763 281 544 158 429 368 448 520 710 911 580 473 804 189 619 848 749 155 532 879 816 671 1046 696 36 294 368 692 766 304 749 326 55 674 775 800 901 569 587 209 364 441 268 1024 191 326 370 480 732 57 586 968 254 485 220 16 530 402 259 640 779 237 164 902 691 520 487 327 458 337 355 726 684 742 535 430 346 770 334 278 523 226 429 684 890 746 818 623 583 313 539 555 796 348 124 475 483 355 640 376 638 974
275 396 400 0 330 705 824 749 454 582 206 804 699 199 540 309 916 691 237 339 466 893 8 383 415 94 121 181 115 508 673 47 200 562 536 383 545 293 587 739 269 637 663 844 460 557 506 836 110 758 240 321 605 291 569 712 543 510 324 169 401 222 258 759 558 163 584 93 727 759 129 817 644 448 71 235 89 156 661 387 581 179 695 432 420 195 481 215 291 709 158 668 252 92 347 275 19 716 100 165 518 537 650 413 531 383 482 623 713 582 770 638 231 654 352 544 780 332 203 432 515 726 370 220 82 523 209 531 740 807 221 608 904 233 254 165 256 616 607 483 287 709 38 486 355 718 900 812 186 138 492 545 378 882 276 639 824 741 515 954 618 115 749 407 188 607 259 160 335 473 96 148 719 558 234 681 399 85 391 674 373 278 430 681 292 440 353 543 295 236 687 406 186 151 265 356 40 373 400 926 641 443 620 838 574 232 562 379 513 620 685 713 794 817 882 418 466 41 447 843 96 888 108 451 837 694 937 657 434 757 403 655 487 447 812 248 267 386 638 847 433 808 794 484 84 262 408 455 657 636 713 823 178 237 618 695 141 418 77 105 133 380 348 328 852 707 103 658 432 642 122 125 231 547 288 653 647 917 222 614 195 139 598 570 117 406 415 765 378 342 78 416 740
579 507 585 330 0 567 687 418 148 301 440 646 719 446 563 62 723 484 437 197 137 763 335 461 420 302 451 374 393 725 366 307 471 625 668 56 649 403 681 423 100 530 763 741 654 278 355 681 291 428 89 520 275 476 529 725 770 359 361 414 649 415 480 436 601 489 547 309 713 461 340 527 434 273 267 548 406 181 790 85 741 346 690 430 177 497 206 322 49 575 220 572 140 307 25 501 336 399 389 495 195 556 477 267 516 630 161 832 671 386 688 557 464 593 197 219 456 173 517 644 359 400 452 497 389 612 311 203 604 722 353 455 755 373 77 302 103 645 680 169 220 381 334 291 316 402 785 502 162 450 225 733 210 769 381 819 655 413 199 818 385 332 419 290 508 335 296 370 606 671 378 329 394 262 479 411 591 311 530 786 618 288 407 653 131 372 63 743 583 214 359 238 309 375 517 220 361 217 173 811 331 171 515 597 694 248 263 255 621 466 355 407 625 492 749 581 454 364 119 632 377 716 425 640 691 401 757 334 169 633 454 662 358 454 483 519 267 306 536 663 637 718 464 506 320 551 599 234 630 734 522 591 370 445 318 456 405 228 376 227 457 314 261 190 663 598 425 682 216 667 381 285 359 448 312 328 349 712 341 416 274 302 416 241 270 516 237 737 312 75 274 88 416
771 448 567 705 567 0 122 629 463 359 613 102 334 630 306 517 234 156 921 764 584 197 713 408 322 753 794 570 818 679 437 722 905 378 506 540 452 930 447 492 515 82 492 179 605 362 215 132 754 641 584 575 568 550 203 326 722 211 399 866 699 901 953 543 341 777 203 758 276 415 597 406 178 295 642 778 791 655 556 492 587 836 278 307 391 727 392 837 604 11 715 86 499 755 545 612 694 758 672 822 630 298 103 313 248 687 625 725 208 193 154 120 928 154 388 507 560 415 764 632 209 703 415 925 693 420 826 531 37 177 511 112 199 881 598 796 647 323 409 648 426 685 676 276 350 484 218 487 563 723 372 633 366 203 906 663 129 582 473 255 240 788 628 305 873 331 835 840 720 621 798 807 538 404 935 314 581 624 490 524 678 835 293 225 693 267 503 658 740 754 556 803 526 836 654 373 704 364 394 244 740 411 95 269 497 784 727 822 453 100 603 437 103 769 184 534 280 707 584 206 661 188 721 593 132 387 240 693 408 68 370 288 223 308 729 683 437 319 87 164 616 168 634 313 760 727 583 334 222 474 116 241 569 580 756 232 842 340 681 664 753 324 826 756 175 61 798 326 771 323 639 759 505 160 858 675 398 250 854 172 510 781 158 603 587 445 333 265 326 640 629 534 726
874 541 654 824 687 122 0 708 576 459 721 60 356 738 381 638 168 237 1043 884 695 76 832 507 429 874 909 683 937 752 520 843 1024 441 571 657 516 1052 501 564 638 188 530 93 683 466 337 47 876 720 706 672 665 652 290 344 792 333 511 986 786 1023 1074 615 407 889 283 879 286 477 713 451 275 417 762 884 909 777 596 610 644 958 302 412 510 835 505 959 725 116 838 166 622 876 664 713 812 851 787 935 738 375 212 435 337 776 736 782 225 306 132 203 1049 214 511 611 629 538 872 714 331 791 515 1044 808 489 948 636 85 127 624 232 81 1003 720 918 769 373 459 759 548 774 794 396 468 560 106 543 685 835 484 698 489 95 1029 714 84 660 580 133 338 910 708 428 989 427 957 961 816 697 918 928 617 506 1055 392 668 742 581 560 769 957 403 257 814 384 623 724 840 876 641 922 643 957 755 495 821 487 514 129 839 527 204 284 554 906 834 942 523 221 691 512 92 849 62 618 383 824 697 198 776 103 835 672 22 463 150 788 525 69 471 327 346 409 806 786 557 440 188 122 698 115 707 403 881 830 668 452 266 517 189 258 682 686 859 307 962 461 797 786 866 444 947 877 136 122 916 363 887 365 753 881 618 277 980 770 485 198 977 279 629 903 272 705 707 536 455 256 446 759 748 649 813
986 828 935 749 418 629 708 0 314 288 832 649 919 842 804 446 643 475 826 511 286 773 754 774 695 716 870 764 807 1079 191 725 878 884 972 365 935 763 954 148 492 648 1028 795 1000 299 512 676 703 13 508 886 143 842 723 918 1126 515 682 819 1027 806 871 103 849 906 737 723 881 242 742 297 451 468 684 960 824 598 1074 371 1056 742 871 695 394 907 332 705 461 640 628 687 524 720 402 883 754 173 801 914 248 795 528 499 737 1008 283 1172 818 458 783 697 861 742 487 213 101 486 930 1002 507 101 770 904 804 894 696 219 655 805 726 547 741 753 495 700 506 869 935 293 559 95 750 444 610 148 813 206 572 863 339 1068 475 803 744 1139 636 49 252 807 393 742 1 534 926 305 659 772 998 1019 793 732 91 264 879 316 944 722 864 1057 997 641 665 819 497 609 403 1085 983 593 80 491 693 780 908 506 779 487 415 833 213 354 642 466 986 625 275 535 915 552 63 196 617 141 759 920 702 782 304 548 789 675 840 986 699 244 692 152 366 691 750 861 541 717 100 917 615 573 658 617 992 795 49 764 734 953 951 411 805 1001 522 481 760 827 251 402 815 450 791 646 874 587 567 515 609 686 843 894 435 883 787 694 729 612 661 139 231 613 723 466 656 707 490 184 678 834 464 883 586 424 689 333 118
675 526 626 454 148 463 576 314 0 154 519 530 675 528 535 145 590 356 585 329 121 652 461 473 406 443 576 451 533 770 221 440 614 608 679 97 648 552 673 284 186 444 752 642 693 132 271 563 434 325 222 574 178 530 476 678 817 275 377 558 714 563 627 306 578 603 493 450 655 314 430 379 308 197 386 652 538 320 791 68 759 494 637 410 95 597 71 471 198 473 366 487 213 447 123 569 457 354 494 618 175 527 364 214 475 695 163 868 603 271 601 481 610 523 179 101 327 174 623 692 271 328 468 639 500 609 460 103 499 632 412 354 638 521 219 449 251 611 663 186 246 308 450 195 310 263 680 359 270 557 92 765 173 665 529 841 533 295 62 703 251 475 314 248 640 189 444 516 684 711 516 475 267 113 625 264 635 416 559 779 683 435 382 592 274 333 102 780 670 362 241 353 379 520 594 201 480 185 111 705 307 57 431 453 698 397 272 381 625 364 254 262 504 419 638 614 426 483 121 496 481 591 536 678 578 253 629 282 66 532 455 616 287 435 398 604 302 280 452 535 682 626 353 485 459 641 642 139 572 724 398 450 447 513 312 317 547 162 486 360 571 293 396 325 534 505 555 643 313 630 477 429 416 376 458 268 201 576 490 298 342 447 305 175 370 533 176 671 292 203 387 76 349
770 557 672 582 301 359 459 288 154 0 605 405 631 617 517 284 447 224 734 483 252 532 589 502 416 584 700 539 671 814 114 575 755 597 692 251 651 705 668 188 316 365 740 536 734 24 224 437 577 302 366 635 209 593 434 630 862 227 421 702 778 712 775 230 562 717 448 591 595 178 532 235 184 191 511 754 669 462 789 217 777 642 584 414 162 698 101 623 350 370 513 406 330 588 276 643 580 399 603 740 283 508 255 229 449 761 288 899 534 173 510 411 757 457 246 153 252 258 728 742 219 349 500 780 614 611 611 179 390 536 490 264 510 673 367 598 403 580 648 311 325 330 570 160 344 170 565 241 397 667 89 796 225 552 682 860 402 249 129 577 120 618 288 262 770 36 597 661 763 752 653 621 207 49 770 110 683 529 596 770 749 589 384 533 429 327 247 814 758 515 209 501 469 664 675 257 602 235 183 588 381 140 357 300 703 550 377 532 634 271 250 144 376 424 517 652 418 605 259 350 591 456 650 719 456 113 488 333 148 426 474 572 254 435 388 691 375 302 374 398 729 528 309 479 599 732 689 145 517 714 270 298 536 590 400 170 688 189 600 496 686 317 549 479 394 411 685 605 457 594 581 574 490 324 612 315 74 429 642 188 435 593 207 246 482 561 200 601 316 357 508 228 371
168 214 194 206 440 613 721 832 519 605 0 715 526 17 380 394 842 645 431 518 574 781 210 222 292 300 216 67 300 307 713 252 365 381 335 480 351 498 393 786 346 534 465 720 254 581 455 743 315 844 359 115 693 92 438 541 346 457 217 357 212 420 441 818 387 174 450 299 566 781 104 827 605 428 209 165 248 316 458 463 374 385 533 308 449 114 517 422 419 614 346 555 310 298 447 70 187 839 109 228 635 380 587 387 393 193 601 421 567 544 641 520 414 523 359 619 840 352 151 228 465 833 211 376 134 335 415 615 643 676 116 538 802 438 381 371 406 445 420 609 281 814 169 467 284 766 780 846 279 125 519 339 379 762 482 433 741 813 581 842 600 320 833 364 290 620 462 361 167 267 286 354 782 597 409 683 193 148 196 474 181 480 319 531 456 354 433 339 153 426 760 586 139 350 77 348 173 369 428 804 771 485 519 803 374 430 700 567 319 548 772 749 713 926 773 214 338 173 557 787 109 802 138 245 738 717 853 772 474 651 254 492 426 313 912 86 229 328 533 771 228 680 872 333 290 127 202 460 508 439 654 783 72 39 756 671 327 416 132 273 159 316 541 506 779 599 242 486 600 471 84 330 117 454 492 764 678 851 429 572 176 345 548 672 174 223 407 609 315 481 192 509 851
873 547 665 804 646 102 60 649 530 405 715 0 395 732 397 601 136 182 1017 844 647 126 813 509 424 849 895 673 917 771 462 820 1004 464 594 614 539 1021 528 504 604 182 564 152 699 414 305 34 850 661 672 675 610 652 298 384 813 301 501 964 797 997 1050 555 428 880 295 855 327 417 699 391 223 381 740 880 891 747 630 567 671 931 339 409 469 829 458 929 686 101 808 173 591 852 623 713 794 794 774 924 687 390 169 404 345 786 687 809 263 261 177 211 1026 234 478 558 569 505 866 728 298 733 516 1025 795 509 918 584 75 181 614 199 109 974 685 889 732 401 488 710 523 717 776 356 451 501 163 483 656 825 437 721 455 154 998 744 33 601 529 173 285 885 649 401 975 373 923 936 821 714 897 902 558 453 1033 334 678 725 589 595 777 922 396 290 775 368 582 747 841 841 583 878 627 933 756 465 805 454 474 184 785 483 197 226 580 873 782 901 542 187 633 453 32 790 111 630 382 807 650 142 763 86 823 687 50 405 138 733 481 86 471 359 319 409 747 785 537 418 186 74 712 168 647 411 857 829 679 411 294 550 135 199 672 682 805 249 941 424 783 760 856 424 908 837 88 132 899 396 842 396 741 854 607 262 945 714 428 160 947 232 610 876 230 652 687 544 419 303 426 718 728 604 755
638 312 382 699 719 334 356 919 675 631 526 395 0 542 163 657 524 480 937 894 791 373 706 316 306 778 742 521 811 435 732 735 886 146 253 717 203 981 171 797 632 279 176 293 383 623 412 401 787 932 692 433 827 436 199 16 467 408 390 867 503 921 955 847 141 698 183 781 72 733 570 735 482 478 660 663 766 724 243 672 307 870 55 293 582 628 617 891 737 325 780 250 598 778 705 487 682 1018 625 754 850 168 409 464 203 500 833 439 132 461 224 228 928 184 523 752 867 545 664 422 415 976 328 900 650 199 881 769 332 241 478 376 417 922 714 841 762 83 127 853 508 956 662 487 406 785 346 809 635 651 601 370 515 333 960 366 428 877 710 421 531 809 919 433 817 614 910 858 556 391 793 838 833 663 927 623 394 615 335 205 496 920 313 109 817 348 666 397 594 843 840 950 519 850 526 500 680 506 571 362 981 617 282 603 223 864 946 953 226 374 880 743 417 1054 373 346 265 681 785 532 619 460 663 376 379 693 504 947 609 308 298 59 390 270 1019 561 480 412 270 470 406 252 934 222 777 597 390 537 116 169 447 575 523 487 988 552 838 514 643 709 686 404 944 883 483 275 764 41 935 57 591 798 468 307 939 931 689 553 904 459 527 819 432 845 600 303 501 114 407 792 642 726 998
154 229 204 199 446 630 738 842 528 617 17 732 542 0 396 401 859 660 419 518 580 799 203 239 309 293 202 78 289 310 725 246 352 397 347 487 365 489 407 798 354 551 477 737 261 594 470 760 309 853 363 126 701 107 455 557 348 473 233 346 211 409 428 829 403 157 467 292 583 794 107 841 621 442 207 148 236 316 468 471 384 376 550 325 461 97 528 414 423 631 343 572 318 291 453 76 180 845 100 211 641 397 603 401 410 192 607 425 584 559 658 537 401 540 371 628 851 363 134 233 481 841 228 362 123 350 408 624 660 693 130 555 820 429 385 364 408 461 435 614 293 822 163 481 300 777 797 858 284 109 531 345 392 779 474 440 758 823 591 860 614 312 842 378 274 633 457 352 160 274 275 346 792 608 396 697 201 147 211 485 180 475 336 548 457 370 441 344 142 423 769 585 149 340 73 361 164 382 439 821 777 496 536 819 386 426 705 565 333 564 781 761 730 934 790 226 355 164 563 803 102 819 124 252 755 730 870 779 485 669 272 508 442 330 920 75 242 343 550 788 234 697 881 350 282 114 210 473 525 452 670 798 82 55 761 686 316 429 123 272 143 331 538 505 796 616 229 502 601 487 79 323 133 471 486 771 690 868 421 587 186 338 564 680 177 239 420 625 330 485 191 517 858
511 172 274 540 563 306 381 804 535 517 380 397 163 396 0 501 534 416 777 733 646 427 547 160 145 616 592 365 653 373 627 574 731 81 201 567 149 818 154 698 472 227 223 356 302 505 292 416 625 818 531 303 698 294 104 173 416 290 226 709 406 761 798 744 44 554 103 620 188 647 412 663 402 343 498 530 611 561 274 523 284 708 155 133 440 488 485 728 578 301 616 224 438 617 552 352 523 887 472 608 707 9 341 321 70 397 687 421 190 364 274 187 771 167 372 621 765 391 525 332 299 851 171 746 496 113 718 634 323 307 318 296 459 760 554 678 601 82 130 706 348 830 503 361 247 682 415 723 472 504 472 326 367 398 798 364 430 766 578 485 437 648 804 287 669 508 747 698 442 316 635 676 724 541 771 534 287 455 206 253 390 756 157 153 656 202 514 351 472 680 724 790 357 690 394 348 523 357 427 438 843 479 219 564 197 701 801 792 146 299 759 645 408 934 421 238 110 525 638 512 465 479 513 290 402 598 529 815 469 316 136 115 263 109 903 428 317 260 220 468 316 312 826 59 616 468 287 402 131 197 398 537 366 341 846 477 680 373 488 546 538 250 782 722 480 265 611 123 778 107 437 635 309 203 775 800 584 555 741 372 364 656 342 710 438 164 359 229 252 635 480 578 873
541 447 529 309 62 517 638 446 145 284 394 601 657 401 501 0 685 446 450 249 180 714 316 400 358 300 431 327 388 670 366 295 471 563 607 86 587 430 619 430 47 476 701 688 597 260 302 635 292 456 81 466 303 422 469 664 715 307 299 417 599 428 490 450 539 461 487 307 653 456 297 518 396 221 241 514 392 177 729 77 682 359 629 367 138 461 183 343 87 525 228 517 85 304 56 452 312 446 355 473 243 494 431 210 454 580 212 775 612 343 632 500 472 535 137 236 471 112 484 590 307 439 392 496 358 550 332 227 554 667 299 405 709 392 86 314 132 582 617 224 158 420 306 244 254 408 734 504 126 417 199 676 153 718 407 760 611 434 206 770 351 333 447 231 495 315 326 377 561 615 371 337 409 253 485 391 535 276 472 724 568 323 345 593 176 311 43 687 541 243 379 296 258 379 471 159 336 159 127 761 382 145 460 570 633 276 320 308 559 417 384 407 581 532 700 523 392 339 165 597 342 673 395 583 644 393 717 378 139 582 392 600 302 392 519 476 207 245 481 622 582 664 489 444 315 510 544 191 570 672 481 561 322 395 373 426 404 177 345 215 429 252 309 240 623 544 410 620 277 605 342 289 305 391 346 370 343 676 362 375 221 309 371 278 232 455 184 677 250 135 244 115 457
1004 682 801 916 723 234 168 643 590 447 842 136 524 859 534 685 0 238 1119 917 699 180 925 642 554 953 1014 796 1026 908 471 928 1113 600 730 683 675 1113 664 495 696 316 697 248 836 462 410 123 952 654 761 809 634 783 435 512 950 406 626 1070 932 1098 1154 541 565 1003 432 959 454 401 818 354 288 476 849 1008 1005 844 763 639 807 1030 470 539 547 956 521 1023 767 235 903 310 689 956 698 845 907 803 894 1044 729 527 266 505 481 921 735 945 393 343 300 348 1131 371 575 597 551 601 993 864 401 737 648 1136 914 646 1012 624 211 292 737 309 131 1070 771 987 816 537 623 758 630 723 891 444 569 497 225 452 757 948 501 858 550 226 1090 879 105 593 576 183 339 989 642 509 1093 411 1011 1039 954 851 1006 1003 555 496 1140 351 814 840 724 727 912 1008 524 423 854 490 660 884 973 928 588 944 746 1037 886 566 920 552 557 232 807 552 329 177 716 961 819 971 679 298 640 450 130 779 171 766 514 923 705 98 883 66 944 824 145 410 50 750 554 221 604 492 430 541 733 915 651 532 320 71 848 280 630 546 962 959 816 493 429 683 205 162 795 811 833 276 1049 515 901 862 977 540 983 912 64 269 1014 529 902 530 862 954 731 388 1031 731 447 36 1042 311 726 976 320 684 799 679 513 424 542 789 838 667 757
812 522 645 691 484 156 237 475 356 224 645 182 480 660 416 446 238 0 884 679 469 308 699 472 377 720 795 590 797 773 285 698 884 496 615 445 564 875 568 336 458 201 624 320 694 234 190 213 718 488 523 634 428 601 313 474 819 188 429 838 771 863 921 387 457 793 320 726 427 259 604 255 50 243 622 809 780 608 684 401 699 794 426 367 308 754 285 786 528 167 666 230 454 723 459 660 684 613 681 829 506 406 74 277 347 756 508 834 360 108 309 251 899 295 342 377 403 366 790 714 180 555 476 907 698 527 774 403 179 329 532 121 286 833 532 751 577 454 536 531 403 538 668 208 361 329 343 332 523 738 264 736 316 332 852 780 179 428 349 353 105 756 475 288 873 190 773 805 777 711 777 768 384 272 908 159 658 619 565 656 746 769 343 371 615 295 421 759 787 690 405 708 532 804 700 335 699 319 319 366 603 314 202 159 613 722 601 734 558 117 454 282 152 617 294 616 352 702 474 153 668 235 730 680 232 232 273 551 315 215 436 428 218 378 575 724 433 318 210 179 699 320 479 402 731 768 662 254 363 603 47 137 588 618 623 75 818 279 685 629 765 329 744 673 178 217 791 465 669 459 650 719 528 219 792 533 249 231 804 76 507 741 96 470 576 522 279 420 331 552 612 431 577
432 632 623 237 437 921 1043 826 585 734 431 1017 937 419 777 450 1119 884 0 323 546 1114 230 620 649 168 236 417 130 711 803 204 98 799 766 493 779 104 821 857 427 859 895 1071 676 710 712 1050 167 833 369 546 692 522 801 949 738 716 558 74 595 21 44 865 796 306 817 163 963 899 366 964 835 643 284 385 184 276 888 518 802 91 932 666 585 375 634 121 388 926 221 893 430 166 462 493 254 744 321 258 578 774 855 614 766 579 543 824 947 776 1000 865 43 885 543 651 882 518 359 643 720 776 608 113 297 759 130 631 958 1037 459 817 1121 76 366 136 335 854 844 534 494 762 275 676 578 837 1125 938 361 323 650 758 568 1108 106 852 1034 833 636 1175 798 133 827 616 209 765 173 81 519 686 145 115 822 698 65 842 620 321 624 905 571 195 661 916 330 663 487 752 470 233 782 368 421 87 472 553 260 566 570 1151 666 596 842 1018 805 201 582 324 747 829 765 845 1003 858 1103 645 699 259 529 1037 324 1098 298 669 1054 838 1145 702 589 978 641 893 698 682 865 446 489 603 861 1052 648 1037 875 720 163 441 628 632 892 869 913 1007 415 467 633 874 103 605 300 257 295 600 285 316 1055 931 196 896 417 880 352 164 468 768 183 704 787 1115 104 809 422 143 798 642 344 642 605 1001 597 405 301 523 784
615 645 696 339 197 764 884 511 329 483 518 844 894 518 733 249 917 679 323 0 248 960 340 608 588 263 439 465 341 824 522 296 392 785 805 234 796 251 832 564 263 725 914 937 763 462 551 878 245 516 201 621 385 581 713 902 864 555 513 333 729 303 367 562 767 498 731 268 896 622 415 692 630 469 310 574 379 202 932 278 868 249 870 600 375 535 396 203 162 772 181 766 295 267 220 588 354 421 432 481 264 727 674 459 693 710 233 938 858 583 882 749 361 782 385 363 578 359 542 744 555 454 598 416 420 763 196 338 801 916 467 652 953 247 179 216 132 815 839 219 385 441 364 488 488 545 982 648 267 478 416 848 402 966 233 939 852 524 362 1016 578 274 512 479 469 518 150 286 670 779 334 250 520 438 381 592 699 370 659 934 699 130 581 837 76 555 261 852 634 107 476 67 418 297 590 406 379 408 370 1008 343 365 709 783 837 128 259 60 765 663 452 563 822 535 947 702 628 381 234 824 424 913 448 751 889 569 953 380 364 830 610 839 551 624 543 581 418 488 730 859 741 913 561 674 282 600 708 432 814 885 719 779 461 537 311 647 339 424 411 246 471 493 66 12 858 793 401 855 98 839 439 231 476 640 149 383 517 905 218 613 392 233 614 331 349 655 432 923 490 127 326 254 461
716 618 707 466 137 584 695 286 121 252 574 647 791 580 646 180 699 469 546 248 0 771 471 568 510 430 586 507 521 849 274 440 593 716 775 94 750 493 778 316 227 566 858 763 775 236 392 680 417 294 227 646 145 602 593 795 895 396 468 535 780 525 591 318 688 626 610 437 774 375 475 444 424 316 405 686 538 313 892 125 853 459 755 517 210 635 191 426 175 594 342 609 265 434 126 632 473 266 527 630 63 638 483 327 589 761 42 952 723 390 722 602 578 643 277 115 336 263 655 769 392 262 560 619 526 711 416 89 619 753 479 475 754 475 211 416 220 724 771 64 328 244 471 316 409 297 800 399 299 587 212 852 279 785 472 933 648 287 123 820 364 456 286 359 640 288 386 488 741 793 506 447 276 203 596 356 714 449 646 884 749 371 490 711 217 445 146 864 719 313 235 254 438 495 651 301 498 289 220 825 204 177 553 549 798 346 154 289 724 485 223 315 620 355 756 699 536 501 18 602 515 705 562 761 696 324 739 198 184 652 554 732 406 542 346 655 381 386 573 647 761 747 333 594 448 687 722 260 691 830 514 550 502 575 200 422 530 277 514 362 594 398 312 248 645 626 558 758 205 744 517 408 485 496 393 190 273 681 444 416 402 421 425 104 407 625 290 791 396 140 411 70 278
930 593 701 893 763 197 76 773 652 532 781 126 373 799 427 714 180 308 1114 960 771 0 901 564 491 946 975 747 1007 790 587 914 1093 477 606 733 551 1126 531 627 713 256 549 79 725 540 412 97 948 785 781 725 737 708 345 359 827 408 576 1057 833 1095 1145 677 447 952 335 951 301 538 780 506 348 492 833 943 977 851 616 686 674 1031 324 474 586 895 580 1033 800 190 912 227 696 948 740 769 881 920 852 1000 812 422 288 510 391 824 811 810 251 381 155 261 1120 262 585 684 690 612 933 758 406 859 573 1113 874 529 1022 710 159 132 689 308 50 1076 796 991 844 406 487 834 621 843 862 471 538 625 44 600 758 898 559 732 564 46 1103 739 138 724 654 61 411 981 773 501 1055 499 1032 1033 867 737 988 1001 682 579 1126 460 715 810 631 578 818 1032 468 287 890 453 699 759 894 951 709 998 710 1029 812 570 889 561 590 59 911 603 273 332 585 981 908 1018 562 296 759 577 157 914 14 665 443 892 773 242 842 118 899 714 76 530 143 859 601 136 528 355 419 468 870 843 627 511 255 164 742 122 769 456 952 886 714 528 302 541 261 307 746 745 932 375 1032 536 863 858 930 514 1023 953 175 185 983 388 963 393 817 953 682 346 1055 841 554 216 1050 354 698 975 348 778 776 587 530 263 517 835 819 725 881
274 402 405 8 335 713 832 754 461 589 210 813 706 203 547 316 925 699 230 340 471 901 0 390 423 91 115 187 107 511 680 45 191 569 542 389 551 288 593 746 276 645 669 852 464 564 515 844 108 763 246 326 611 297 577 719 545 518 332 161 403 216 250 766 565 160 592 89 734 766 136 824 652 457 78 234 81 160 666 393 585 174 702 440 427 195 489 212 296 717 159 676 259 88 353 279 24 720 103 159 523 545 659 422 539 385 486 626 721 590 779 646 224 662 360 550 786 340 201 436 524 731 378 212 84 529 206 537 748 815 228 616 912 227 259 161 260 623 614 487 295 713 44 494 363 724 908 819 193 137 499 548 386 891 271 643 833 747 522 962 626 109 755 415 180 615 256 154 336 477 88 144 725 565 226 688 403 93 397 680 375 276 438 689 295 448 359 547 296 236 693 407 194 144 268 364 40 381 408 934 645 451 628 846 579 231 565 379 519 628 691 720 802 822 890 423 474 42 452 851 100 896 108 455 845 702 945 661 442 765 411 663 495 455 817 250 275 394 646 855 437 816 799 491 79 262 413 463 664 642 721 831 185 242 622 703 134 426 80 110 131 389 348 329 860 716 95 665 434 649 126 123 238 555 286 657 654 925 218 622 203 136 606 575 125 413 423 773 386 346 86 422 745
367 54 175 383 461 408 507 774 473 502 222 509 316 239 160 400 642 472 620 608 568 564 390 0 94 463 432 206 495 312 617 419 571 182 207 478 188 667 224 691 362 326 306 500 232 484 299 534 473 786 411 167 649 144 218 329 360 299 100 551 298 605 639 732 175 396 229 466 348 661 254 693 443 311 346 379 451 421 328 442 286 555 315 105 382 334 441 579 465 407 473 341 323 463 455 206 366 826 312 449 631 159 404 275 172 284 605 398 345 388 420 304 612 303 294 570 754 305 371 245 308 802 12 586 336 154 569 577 434 454 162 354 588 608 435 528 477 233 233 621 242 781 345 343 164 673 559 734 341 345 434 294 301 541 647 368 538 743 527 624 457 493 774 241 509 505 603 542 312 250 477 523 704 512 612 551 187 299 95 326 274 615 130 309 534 183 424 312 332 543 694 670 206 534 248 272 364 289 363 583 772 423 312 631 233 559 717 666 159 362 721 644 511 891 556 150 127 366 556 599 305 595 353 217 525 603 646 754 411 438 37 274 266 100 866 279 195 201 323 571 231 458 804 110 461 322 191 363 286 277 470 607 207 184 768 517 522 323 329 399 379 187 650 597 581 385 451 275 666 259 277 484 152 259 632 742 576 655 591 409 220 505 381 648 287 59 310 389 187 526 328 498 823
449 146 269 415 420 322 429 695 406 416 292 424 306 309 145 358 554 377 649 588 510 491 423 94 0 484 486 256 531 404 531 444 613 206 277 427 242 682 267 604 328 243 348 434 324 400 205 452 491 708 386 258 577 229 153 315 451 205 91 584 393 632 673 647 181 460 168 488 318 570 293 599 348 227 365 455 494 419 384 385 361 575 289 17 311 406 365 591 433 322 476 264 292 485 410 290 401 760 362 509 573 139 311 196 116 378 551 483 298 294 357 229 647 239 233 498 669 250 443 339 215 730 98 631 386 202 580 508 351 393 200 260 511 626 409 542 455 227 261 568 203 710 381 255 103 587 492 643 329 407 355 380 233 474 661 444 451 661 455 552 363 517 695 161 565 416 606 568 403 342 512 543 621 431 650 459 282 330 189 373 368 614 35 267 511 90 373 399 419 537 615 645 229 562 332 209 405 222 295 517 711 352 227 537 292 559 664 647 220 268 645 556 424 818 482 243 50 407 501 507 353 511 409 309 446 513 562 688 341 360 60 253 172 36 790 361 173 125 240 483 325 395 722 86 486 405 286 284 243 319 376 513 256 257 711 422 557 247 375 408 439 113 637 577 492 307 497 267 633 251 328 500 192 167 634 674 489 566 605 314 228 521 286 582 305 148 233 353 114 491 348 441 752
360 482 494 94 302 753 874 716 443 584 300 849 778 293 616 300 953 720 168 263 430 946 91 463 484 0 176 269 91 602 664 47 171 645 627 358 633 204 674 725 269 690 752 902 554 559 545 882 18 724 220 415 574 383 635 790 637 549 393 118 494 149 201 739 638 237 651 7 801 756 215 818 671 477 118 316 117 123 753 374 674 91 770 500 428 283 482 121 256 758 90 725 266 4 324 369 113 663 194 218 474 613 688 447 600 476 438 717 782 611 832 697 178 718 378 522 758 354 284 527 553 681 451 196 175 609 115 505 789 869 301 650 952 144 225 70 209 695 693 434 326 665 130 512 410 703 957 802 196 225 496 639 403 939 185 733 866 714 499 1006 638 36 716 448 213 613 165 87 427 567 77 59 697 553 188 689 493 165 480 765 466 186 494 752 230 494 341 638 384 155 661 326 259 84 359 386 131 401 411 983 586 444 673 859 664 144 504 295 601 662 653 705 835 770 934 510 534 132 411 874 191 930 195 545 885 693 978 609 437 809 480 732 530 518 770 341 321 434 692 885 528 869 763 559 19 351 502 472 727 724 747 846 266 330 560 715 104 441 171 91 212 431 262 252 889 762 138 737 360 721 215 33 311 599 194 608 643 950 130 644 256 45 632 532 179 492 441 837 429 294 136 391 693
199 430 398 121 451 794 909 870 576 700 216 895 742 202 592 431 1014 795 236 439 586 975 115 432 486 176 0 230 115 476 794 148 154 598 546 505 566 324 609 860 389 721 677 920 446 675 607 926 194 879 362 324 727 309 638 756 502 610 398 163 359 231 234 881 602 71 652 171 780 878 196 934 750 556 190 152 62 274 664 508 573 224 747 503 537 139 600 273 411 797 262 748 370 172 469 269 119 832 123 44 637 591 749 519 596 344 601 588 776 687 843 715 208 725 464 666 902 446 123 410 616 845 420 161 100 552 272 653 827 879 285 704 991 268 375 233 373 661 637 600 393 828 130 595 445 839 978 932 306 94 610 525 489 960 315 618 918 863 637 1036 729 171 871 507 79 724 329 188 283 454 113 203 840 677 199 796 393 176 413 684 336 352 507 741 403 527 474 518 234 332 808 503 268 174 242 464 98 483 517 1003 757 563 704 946 585 318 676 470 535 715 807 834 888 936 965 424 535 95 568 946 132 981 79 440 924 813 1031 775 553 841 460 706 584 513 932 213 363 481 721 943 416 881 915 541 157 205 401 568 717 653 814 930 229 255 732 805 136 530 112 224 61 473 435 429 949 789 42 702 536 686 158 209 293 634 355 772 766 1017 272 719 288 211 701 690 221 440 525 821 471 459 192 538 859
231 214 233 181 374 570 683 764 451 539 67 673 521 78 365 327 796 590 417 465 507 747 187 206 256 269 230 0 289 360 647 222 365 381 358 413 364 473 405 719 279 495 482 690 298 516 399 702 282 776 296 156 625 118 408 534 402 402 171 346 275 403 434 750 380 206 422 270 553 716 54 764 549 366 162 220 245 263 484 395 410 359 521 273 383 164 450 390 356 572 301 520 243 268 380 127 163 772 107 252 568 364 536 325 367 255 535 472 546 487 613 486 407 495 293 551 772 285 199 279 410 766 194 381 131 342 382 548 603 649 59 489 765 412 318 338 347 438 426 544 214 747 142 405 229 699 749 780 215 152 453 383 314 731 455 475 697 745 513 808 540 295 765 305 308 555 424 342 234 314 272 327 714 530 406 620 234 104 211 495 243 439 279 512 399 306 365 387 220 378 692 532 71 332 144 283 158 304 361 774 706 418 479 747 394 387 636 516 332 499 704 683 668 859 738 243 306 160 491 736 99 759 152 287 699 652 810 705 407 614 231 480 372 283 844 153 165 272 494 725 276 651 804 312 263 192 244 395 488 455 602 728 4 72 692 613 317 352 123 225 183 261 493 453 732 562 245 480 542 464 72 295 65 410 454 697 612 803 399 516 108 313 494 605 116 225 343 594 259 419 144 442 784
314 503 493 115 393 818 937 807 533 671 300 917 811 289 653 388 1026 797 130 341 521 1007 107 495 531 91 115 289 0 584 754 98 87 671 635 450 649 210 691 815 355 751 765 959 546 646 616 949 104 815 310 415 666 391 684 824 613 620 439 57 469 121 144 830 670 186 699 84 841 844 241 906 749 554 176 267 56 213 758 464 672 109 808 547 513 249 570 160 347 822 179 783 347 86 415 363 130 751 191 149 565 651 760 521 646 453 528 697 828 688 886 753 117 769 455 613 850 433 238 514 625 771 482 110 166 630 160 597 853 922 335 719 1017 152 316 126 301 728 715 524 396 756 150 589 469 794 1015 892 277 195 583 629 481 997 199 723 936 806 590 1068 719 68 808 517 127 699 218 72 395 557 19 93 788 642 119 774 489 200 494 774 444 241 545 796 318 554 430 624 347 234 752 401 301 58 343 461 131 477 495 1041 673 531 734 940 674 214 590 365 617 731 744 795 905 859 996 515 581 129 502 950 194 999 169 539 950 781 1048 699 523 871 517 769 598 562 860 318 380 498 752 957 518 923 854 598 73 317 498 553 771 739 821 926 288 336 646 796 27 520 170 174 170 493 328 332 962 822 73 770 440 754 222 115 344 661 242 698 731 1025 157 720 309 108 706 623 230 514 518 879 491 384 189 482 783
293 258 143 508 725 679 752 1079 770 814 307 771 435 310 373 670 908 773 711 824 849 790 511 312 404 602 476 360 584 0 929 555 628 312 184 755 238 792 263 1003 625 599 284 713 79 795 610 789 618 1091 653 205 948 249 475 451 47 610 396 637 119 704 710 1043 344 408 476 601 502 974 409 1003 748 622 516 337 528 622 236 728 139 681 472 411 684 336 747 723 713 675 654 597 585 600 726 237 489 1114 408 462 912 381 701 585 432 132 882 115 539 697 634 561 684 538 592 870 1065 596 356 81 619 1098 313 630 428 262 717 873 696 661 372 652 826 732 676 673 707 384 308 893 525 1078 474 655 471 984 771 1047 573 388 742 70 603 755 778 147 803 1051 828 844 768 618 1079 552 525 817 767 653 196 61 574 653 1013 821 674 863 135 455 217 272 139 786 439 502 759 495 703 49 248 733 1000 891 417 639 243 573 471 592 664 789 1053 724 589 928 211 736 988 874 229 657 1023 956 782 1189 786 162 421 470 834 883 412 852 415 94 774 915 901 1044 713 688 344 436 577 396 1168 265 469 512 592 842 88 669 1111 371 590 272 127 673 488 275 763 902 364 287 1042 824 608 631 431 580 415 497 848 812 853 639 514 408 903 399 390 633 365 554 796 1033 888 928 727 715 451 647 686 939 476 255 618 547 497 776 499 780 1118
877 672 787 673 366 437 520 191 221 114 713 462 732 725 627 366 471 285 803 522 274 587 680 617 531 664 794 647 754 929 0 661 835 708 805 310 764 762 779 74 404 459 850 605 849 134 335 490 655 204 444 748 168 706 540 730 977 337 535 779 892 781 846 117 672 816 553 671 692 100 636 170 260 306 603 859 758 541 900 290 891 713 683 528 264 803 197 686 415 448 586 497 425 669 342 754 674 334 705 835 280 618 336 344 558 874 299 1014 628 270 591 507 830 553 354 159 138 362 832 856 328 271 615 861 713 724 676 185 463 614 600 358 558 737 440 668 468 687 757 320 432 255 666 275 459 56 625 138 488 768 194 910 335 615 740 974 451 145 167 625 202 696 191 377 860 119 653 736 874 867 737 695 101 117 845 127 797 628 711 880 862 641 498 631 481 441 323 929 867 575 121 527 576 741 785 367 697 346 286 646 337 232 453 301 815 609 358 564 748 362 171 41 430 332 573 767 531 700 288 373 692 495 749 834 512 61 518 278 243 500 589 675 366 549 291 800 485 417 468 436 844 604 201 592 680 840 804 258 617 824 331 309 643 700 365 213 768 302 699 581 785 431 587 521 429 495 775 709 475 700 684 650 601 429 663 260 43 445 705 275 540 667 301 223 581 676 313 693 431 405 603 280 293
319 436 446 47 307 722 843 725 440 575 252 820 735 246 574 295 928 698 204 296 440 914 45 419 444 47 148 222 98 555 661 0 185 600 580 362 587 250 628 724 259 658 705 868 507 550 518 853 63 734 220 367 582 336 597 747 590 522 353 143 449 187 231 742 595 202 612 48 760 750 168 810 650 455 81 278 98 127 705 372 626 137 728 461 416 241 474 169 265 727 116 690 249 46 327 321 66 683 147 192 489 571 662 423 561 430 453 670 742 589 796 662 206 680 357 525 762 334 245 479 527 697 407 209 129 563 162 511 758 833 257 622 922 190 230 118 224 652 647 452 298 681 83 491 376 703 923 800 179 183 486 591 382 905 232 686 839 721 499 974 620 73 726 420 201 602 211 123 382 520 79 104 700 548 212 677 445 120 433 718 420 231 456 712 254 461 338 591 341 191 666 362 217 117 312 363 86 379 397 949 608 435 641 841 617 185 527 334 554 634 662 702 808 788 902 462 494 87 422 852 143 903 153 497 855 686 951 627 427 777 438 689 501 478 784 296 287 403 659 860 480 833 771 517 41 308 454 455 687 678 723 828 219 282 583 698 120 422 124 80 174 399 302 285 864 729 118 694 391 678 168 78 267 567 241 624 637 927 177 622 218 92 608 544 139 446 420 797 396 310 96 395 711
342 575 552 200 471 905 1024 878 614 755 365 1004 886 352 731 471 1113 884 98 392 593 1093 191 571 613 171 154 365 87 628 835 185 0 744 698 528 717 201 759 894 440 837 829 1044 600 730 703 1036 179 886 391 476 739 458 767 900 652 707 522 59 510 105 82 907 745 220 782 164 919 927 320 989 836 641 264 295 120 294 817 545 727 143 887 630 598 292 654 191 423 909 252 868 434 167 494 422 212 811 261 167 633 730 847 608 728 495 597 739 909 775 970 837 59 852 542 691 926 520 272 564 712 836 559 25 236 700 197 673 940 1006 415 806 1104 160 395 179 374 804 785 591 483 822 232 677 555 873 1100 972 364 247 667 679 568 1082 200 772 1023 880 670 1154 806 139 879 604 112 784 250 107 433 608 107 146 865 724 46 860 547 283 562 837 488 274 629 876 383 640 512 671 382 291 827 445 385 98 396 549 208 565 581 1126 733 615 820 1026 738 264 649 404 685 818 816 876 992 922 1082 577 664 206 575 1038 266 1087 227 594 1037 864 1136 763 608 957 596 846 685 644 926 367 467 585 838 1044 570 1007 927 677 156 355 555 640 852 805 909 1013 364 404 702 883 67 607 242 259 215 580 365 384 1049 908 122 845 490 830 295 186 424 747 268 764 814 1113 180 808 395 171 794 694 317 586 606 959 578 454 276 560 847
491 168 238 562 625 378 441 884 608 597 381 464 146 397 81 563 600 496 799 785 716 477 569 182 206 645 598 381 671 312 708 600 744 0 130 633 75 849 72 779 530 303 144 401 249 585 373 479 656 897 585 286 775 290 183 162 351 371 272 728 364 785 815 826 38 552 177 647 200 729 433 745 483 419 529 516 625 603 192 591 208 737 167 199 513 481 561 761 635 373 655 293 493 645 615 340 544 962 483 608 778 91 421 395 152 358 756 346 227 445 322 258 788 229 439 697 847 456 517 285 380 928 194 757 508 54 752 709 391 349 344 377 514 790 608 710 653 74 54 774 406 907 524 440 309 764 460 805 520 506 549 257 437 444 830 285 497 847 653 532 519 674 884 360 671 589 786 722 411 260 654 704 804 620 786 616 250 480 188 173 354 797 226 190 709 277 579 283 448 724 804 845 388 713 379 415 540 426 499 479 915 553 297 641 118 742 870 844 85 379 838 727 478 1012 474 201 183 541 707 585 478 542 519 239 463 679 591 889 542 379 175 127 343 174 982 414 367 329 295 537 268 357 907 123 642 450 247 479 175 117 476 614 384 342 916 559 699 447 502 582 540 318 830 774 549 332 622 109 836 96 450 667 334 285 815 875 665 623 773 454 402 687 424 784 470 158 433 245 319 695 510 647 950
