245
0 464 219 366 504 694 452 230 561 363 506 424 589 725 506 538 498 460 281 824 335 770 744 285 376 352 610 286 214 247 351 710 717 600 326 391 443 121 245 529 430 385 492 550 279 678 102 600 661 555 423 365 657 184 328 636 205 504 563 349 276 326 178 414 654 161 427 442 329 550 256 575 505 468 521 164 487 323 20 216 118 330 840 328 393 471 643 276 636 590 710 296 45 658 372 489 361 757 382 437 725 244 456 511 363 534 732 252 762 790 344 597 591 446 263 554 265 816 783 791 498 417 315 102 470 311 585 153 383 433 313 193 518 233 419 385 556 354 146 645 346 328 318 203 632 752 599 346 570 663 593 237 469 451 332 165 300 271 720 163 209 844 569 794 409 728 562 107 111 675 120 388 766 448 381 737 648 523 656 431 468 440 383 333 68 571 594 669 589 461 263 637 562 241 259 505 490 697 499 208 306 584 487 211 620 419 521 166 250 561 282 90 443 276 338 274 428 289 684 188 347 486 723 609 394 309 397 150 309 167 687 114 565 285 256 143 600 229 563 400 388 293 600 585 52
464 0 564 684 648 385 744 677 379 165 722 554 1052 762 133 774 862 478 610 990 791 430 845 596 157 814 434 750 635 365 391 773 359 383 457 698 44 442 545 244 893 342 298 854 695 314 478 225 694 1011 604 338 440 291 663 869 490 965 749 813 428 532 642 643 294 481 886 907 358 745 703 1038 465 14 284 360 296 572 449 635 508 702 999 547 847 637 339 641 916 214 415 285 468 828 427 244 457 446 85 896 871 674 490 853 824 998 991 230 466 992 625 1052 819 902 298 1018 559 1004 982 944 678 380 766 567 535 776 964 574 787 765 768 292 707 539 150 847 1017 815 395 324 767 770 226 640 805 1003 950 143 359 553 550 508 638 39 525 345 623 478 913 478 577 986 730 443 757 447 693 568 355 518 381 345 885 783 842 936 349 462 804 896 393 901 81 248 526 910 941 882 902 142 706 607 673 700 632 659 778 452 627 318 481 474 197 599 448 652 928 594 516 902 710 450 907 601 399 190 37 206 446 481 123 756 901 744 810 301 367 316 773 523 337 351 862 558 685 538 889 518 742 98 710 377 730 906 473
219 564 0 148 311 668 233 351 503 415 292 254 545 545 553 319 304 336 480 608 409 749 543 66 427 324 537 295 374 214 270 523 713 548 545 172 529 136 457 529 447 587 463 335 428 682 319 624 488 483 229 316 593 286 113 416 423 453 351 374 180 545 230 204 660 86 473 425 537 337 195 528 395 563 501 369 458 537 236 377 100 138 625 545 325 275 624 461 418 617 675 300 176 446 587 485 579 722 479 382 515 386 325 307 326 531 514 410 719 571 127 517 373 380 457 517 476 598 564 577 294 624 251 208 319 319 403 332 223 222 260 279 309 445 462 421 505 401 174 633 213 432 353 139 420 533 401 423 523 549 462 454 271 566 162 364 498 134 502 88 406 631 364 776 204 682 366 246 285 580 326 591 560 239 344 519 625 417 449 434 389 399 490 347 180 367 394 451 377 503 190 493 373 325 68 308 272 639 313 402 525 485 505 397 542 207 363 111 467 357 416 309 450 57 552 391 535 358 624 83 441 266 508 408 250 505 604 280 341 54 682 260 349 86 153 343 383 444 354 532 172 505 401 374 268
366 684 148 0 240 718 87 459 544 524 177 233 534 469 651 186 181 347 613 477 487 799 440 91 535 357 564 359 495 319 331 439 774 589 692 26 645 281 597 604 488 735 527 186 540 750 463 707 426 457 178 388 622 422 39 276 566 446 238 430 261 688 332 120 731 228 528 447 685 223 249 516 409 680 567 517 523 677 383 498 248 85 495 688 328 205 681 588 270 701 719 402 323 326 735 561 726 765 601 383 397 499 331 169 352 550 366 551 757 431 66 481 237 373 604 513 615 461 426 451 204 773 278 337 305 376 285 463 168 81 294 412 206 585 564 477 494 466 311 695 194 523 461 226 302 386 266 541 570 542 448 597 200 691 181 512 631 207 369 229 540 505 263 827 78 720 282 374 432 587 475 739 448 99 365 383 680 432 338 467 429 408 615 447 319 227 257 314 230 602 239 462 299 420 116 230 125 670 253 550 671 498 591 526 566 117 275 226 609 218 523 456 484 93 700 524 658 479 655 215 564 125 379 311 202 653 752 423 407 202 745 405 200 126 201 480 234 586 245 664 26 653 308 229 413
504 648 311 240 0 555 209 663 383 484 106 97 772 235 571 157 369 186 782 349 711 629 240 251 491 595 382 588 684 324 258 211 623 424 807 224 604 386 750 488 726 808 403 281 739 610 607 593 186 691 82 310 438 468 266 231 706 686 104 663 258 826 539 120 596 343 763 687 771 105 479 754 233 640 441 616 401 827 515 687 395 325 361 829 568 36 529 768 302 591 546 375 459 181 835 453 836 588 581 623 234 698 169 330 591 790 355 597 573 344 199 712 184 613 677 752 770 357 333 306 48 851 516 518 124 608 460 639 405 274 530 451 72 738 503 711 732 696 386 548 435 740 430 439 156 363 406 518 414 325 231 739 41 668 173 605 801 238 265 341 708 356 82 658 297 539 57 555 523 380 581 812 266 286 605 287 525 253 163 706 286 649 600 403 484 362 393 235 324 528 469 231 62 633 328 14 216 484 25 632 796 305 496 703 380 123 486 421 753 359 728 589 723 267 796 542 634 472 471 316 551 185 254 108 440 723 830 488 636 348 598 488 277 226 429 643 288 733 94 663 248 749 97 337 557
694 385 668 718 555 0 737 925 175 350 658 497 1213 538 254 712 892 379 925 821 1024 81 651 659 341 986 175 941 904 469 398 568 77 131 815 719 359 606 864 170 1097 720 207 830 970 94 755 164 489 1150 561 352 128 519 718 780 806 1121 653 1017 487 880 845 621 103 615 1109 1087 724 658 857 1196 322 371 174 668 212 912 687 906 669 777 822 893 993 566 52 942 857 173 31 400 673 695 798 206 824 65 401 1050 708 938 396 864 990 1191 899 552 80 852 652 1182 737 1048 645 1184 882 850 841 772 601 761 917 780 436 968 993 841 873 787 925 506 627 856 301 1060 1174 1033 561 61 876 1022 378 794 680 903 951 387 148 281 344 833 571 425 538 650 941 536 781 611 872 798 619 109 796 65 571 798 615 219 667 724 697 804 1008 803 46 301 659 1089 289 1065 419 360 732 907 939 772 876 270 855 383 542 928 730 569 757 100 529 641 831 254 222 886 181 629 993 751 844 901 976 726 1104 673 765 478 408 420 105 597 411 727 757 607 905 664 746 558 979 654 68 591 828 611 820 816 843 838 641 475 740 733 593 887 728
452 744 233 87 209 737 0 542 561 580 117 239 571 419 698 107 160 358 700 392 562 815 372 171 591 420 573 432 581 380 370 384 799 606 778 61 703 362 684 639 550 817 558 110 624 779 550 744 386 488 175 429 631 496 127 189 654 488 173 499 315 776 416 115 761 309 595 502 769 157 325 553 417 739 598 601 554 765 469 583 334 157 411 775 380 182 704 674 186 739 734 459 409 250 821 598 812 778 664 432 321 583 340 127 413 600 280 628 767 345 122 506 154 418 685 554 703 375 339 370 163 855 344 424 305 447 257 550 211 68 360 484 154 673 615 545 531 537 388 720 251 602 518 310 229 299 217 602 590 532 437 685 177 754 221 595 718 266 284 310 627 424 205 844 97 731 236 461 514 583 559 821 374 77 424 297 702 439 268 527 450 459 679 500 406 173 205 229 158 650 314 440 259 501 203 196 38 678 229 632 758 500 633 613 573 107 276 313 697 166 605 542 543 176 785 594 721 542 664 292 628 41 297 253 243 734 835 500 480 287 771 485 120 192 279 567 152 674 182 732 71 738 254 162 500
230 677 351 459 663 925 542 0 787 592 631 602 421 897 732 646 516 665 198 935 116 1001 891 412 604 223 834 154 66 468 567 874 948 827 378 485 661 329 225 760 234 498 722 611 81 908 201 829 839 417 581 589 883 412 420 731 241 355 693 167 482 326 126 551 884 345 213 274 438 678 226 412 716 682 751 324 716 289 239 68 283 387 954 316 290 626 874 154 702 819 940 525 254 784 443 719 413 987 599 307 855 43 657 548 240 340 800 449 992 885 470 461 696 324 416 386 233 917 880 911 643 513 245 154 661 164 571 106 382 496 232 422 655 218 648 183 397 150 368 876 330 97 549 232 759 822 613 571 798 875 796 252 623 657 508 337 210 459 827 348 150 965 711 1025 464 957 717 127 326 894 296 500 904 504 250 839 879 736 792 248 688 294 596 564 200 600 613 772 637 690 238 835 724 54 345 659 575 924 665 373 341 800 717 122 843 553 483 242 257 589 64 227 254 397 424 491 639 518 911 372 567 583 838 757 372 449 499 376 137 323 917 340 629 437 266 147 664 235 697 599 471 396 751 626 205
561 379 503 544 383 175 561 787 0 271 486 322 1048 408 256 539 717 204 816 674 879 254 510 488 267 826 58 786 776 320 233 429 239 45 740 544 339 459 760 142 942 672 87 655 841 228 636 230 347 982 386 198 95 404 546 612 703 956 484 864 324 794 695 446 216 459 959 927 662 488 696 1030 149 366 95 569 92 818 558 777 517 605 678 805 828 392 146 826 685 231 174 268 533 535 736 135 756 221 356 885 557 805 221 688 829 1032 734 474 216 697 478 1013 567 882 572 1020 780 699 686 625 428 716 754 637 262 812 818 713 701 612 763 388 455 750 243 909 1008 884 419 165 708 883 270 634 518 739 776 316 31 174 194 733 397 415 365 552 834 369 622 455 755 658 452 283 621 179 405 660 499 142 559 676 555 628 846 645 141 131 501 932 116 903 377 242 589 732 764 608 702 237 693 246 377 784 562 397 582 137 358 554 748 104 182 765 71 454 819 594 745 726 843 608 947 503 700 396 387 322 123 438 349 552 601 445 734 602 698 443 827 496 214 470 655 440 656 694 670 735 473 445 565 661 431 713 601
363 165 415 524 484 350 580 592 271 0 556 389 931 614 145 608 704 320 574 829 699 419 688 438 13 694 330 637 563 205 226 621 360 293 472 537 123 306 513 180 788 400 184 690 628 318 409 237 544 882 438 174 355 179 506 703 455 841 584 707 265 532 532 478 294 337 790 791 391 580 574 915 317 159 192 317 179 562 352 564 374 550 838 545 717 471 298 593 750 227 373 121 352 665 465 150 486 416 99 770 710 599 331 693 701 889 825 205 427 828 463 920 653 773 303 898 531 841 818 783 512 445 637 459 374 663 808 499 639 605 641 170 541 505 55 746 894 716 257 294 625 689 63 509 641 838 789 45 263 433 410 482 473 184 360 299 591 317 749 333 524 827 566 440 599 398 531 470 269 412 318 404 727 623 720 772 305 319 642 786 247 779 120 82 414 748 780 717 738 98 575 467 512 604 484 494 613 382 463 292 485 347 130 539 343 486 777 462 493 740 637 379 799 446 429 129 150 73 372 331 80 591 737 582 664 330 427 215 667 380 330 251 697 398 548 471 723 487 577 189 550 392 568 743 388
506 722 292 177 106 658 117 631 486 556 0 173 688 302 657 54 269 283 773 317 664 734 263 225 564 531 487 536 662 373 331 268 725 528 825 153 679 399 749 582 662 844 498 175 711 711 609 688 270 605 118 388 544 508 213 148 711 605 62 606 304 833 505 93 695 348 704 616 801 46 426 670 336 715 537 638 495 828 521 665 389 260 333 835 495 93 631 752 202 685 651 439 461 154 860 545 857 694 648 548 224 670 266 228 525 716 269 641 679 289 165 622 98 535 711 671 768 312 281 285 58 885 453 499 223 553 356 624 326 185 469 494 38 737 582 653 648 643 411 649 364 700 497 400 128 281 300 585 516 430 337 744 89 738 205 630 791 267 215 348 698 339 88 763 213 644 120 537 546 486 600 849 272 193 537 234 628 357 161 640 383 575 666 474 472 256 287 169 218 611 416 333 146 595 286 91 114 590 130 662 809 411 585 689 485 88 389 392 756 253 696 596 656 238 823 595 704 532 577 325 615 83 216 137 360 759 864 521 584 340 700 514 170 221 378 635 184 735 68 725 174 775 137 231 557
424 554 254 233 97 497 239 602 322 389 173 0 764 300 484 228 396 118 705 447 663 576 330 208 396 566 334 547 617 228 162 287 560 366 716 227 510 303 668 409 694 712 325 335 675 542 525 515 238 689 63 217 393 372 246 317 622 674 195 624 164 739 484 124 526 266 724 663 676 192 441 745 178 546 365 525 322 744 433 619 324 308 458 744 550 83 466 695 375 511 494 278 381 279 741 371 745 539 484 607 331 634 101 366 564 768 440 501 528 440 173 715 268 599 582 740 689 455 430 404 124 755 487 452 72 570 496 566 400 293 500 355 153 657 410 672 723 654 296 482 419 686 333 392 253 451 454 421 351 310 216 655 85 573 95 513 724 153 361 264 632 452 179 605 306 492 151 486 432 353 492 717 360 308 580 383 463 201 261 677 213 629 503 307 413 409 442 328 382 439 433 240 142 579 290 106 260 440 81 538 708 265 411 629 335 132 504 365 668 404 666 506 694 225 703 444 539 374 426 238 454 231 351 204 435 628 734 394 594 280 533 397 336 169 393 566 355 650 188 566 250 656 191 392 476
589 1052 545 534 772 1213 571 421 1048 931 688 764 0 990 1076 667 435 869 604 898 317 1294 932 563 944 238 1079 303 485 750 816 955 1256 1093 799 548 1027 625 644 1069 191 919 1008 561 461 1223 608 1158 955 88 712 861 1136 763 517 705 663 92 742 254 726 740 411 655 1200 603 238 149 859 726 359 18 930 1055 1045 729 1002 697 606 487 557 455 918 728 220 739 1168 553 630 1150 1220 831 584 803 864 1025 833 1268 968 163 868 451 854 483 229 108 707 840 1264 826 590 96 696 166 827 35 649 863 827 896 731 935 297 487 835 279 403 523 366 503 291 766 725 638 984 243 40 273 674 1177 345 370 874 424 787 729 477 925 1068 1074 980 673 734 1040 690 738 609 678 801 607 570 942 776 1321 476 1228 807 492 700 1114 692 921 925 496 211 802 1170 953 830 173 933 151 971 877 525 497 486 750 554 1027 360 997 828 376 485 761 581 1182 787 778 761 1021 1039 541 1083 651 321 469 677 491 432 627 170 548 846 862 1017 862 1168 617 931 607 825 823 332 865 920 736 290 561 1225 700 579 610 393 564 602 656 752 989 524 817 825 536 591
725 762 545 469 235 538 419 897 408 614 302 300 990 0 654 326 564 299 1006 289 946 595 119 487 616 827 373 823 915 511 416 41 616 431 1008 450 718 604 969 546 958 987 470 449 972 620 826 637 70 906 315 448 410 654 499 330 921 907 249 897 457 1036 774 354 614 567 996 916 958 264 713 972 297 751 497 816 471 1043 734 918 623 555 287 1042 795 272 535 995 423 639 518 533 682 217 1027 527 1034 546 713 849 192 931 294 518 822 1017 421 772 523 337 434 922 312 836 862 973 989 325 326 242 265 1031 748 749 262 843 637 867 628 487 763 636 265 957 612 945 950 931 593 558 662 976 576 675 220 415 570 656 438 257 215 954 276 791 394 803 1025 454 281 564 933 261 213 620 515 497 187 785 725 320 787 991 164 494 835 300 527 300 179 937 369 875 734 544 712 530 556 299 479 623 704 161 173 868 563 241 410 444 231 824 1002 303 576 930 363 355 685 655 967 531 961 806 954 503 988 705 759 627 435 539 691 383 251 167 661 905 1011 681 871 577 600 690 437 459 664 867 430 949 238 803 472 942 165 496 777
506 133 553 651 571 254 698 732 256 145 657 484 1076 654 0 711 832 389 698 900 841 306 746 570 132 839 308 782 700 340 329 670 238 253 568 661 104 451 634 115 933 466 184 806 764 194 543 104 589 1026 541 270 309 321 637 800 577 986 675 852 390 637 676 589 171 479 934 937 474 674 718 1060 363 119 160 440 183 673 494 701 519 685 907 651 861 566 207 722 857 93 283 253 497 745 546 127 573 316 152 915 781 737 404 817 846 1034 924 313 335 911 587 1063 751 917 400 1043 650 919 900 852 607 507 781 604 450 808 937 637 776 731 785 314 636 627 91 890 1039 860 401 193 766 829 202 653 724 934 913 161 232 430 439 600 569 172 477 422 713 444 832 475 654 891 651 323 729 314 610 613 407 390 449 469 789 749 865 856 216 355 717 931 294 924 167 206 558 870 902 807 854 50 719 495 586 747 622 583 729 319 548 405 587 356 78 672 321 598 913 607 610 863 775 514 944 579 515 248 154 216 313 471 172 703 816 658 804 414 492 356 812 522 212 392 811 527 691 606 834 608 666 220 677 486 643 861 527
538 774 319 186 157 712 107 646 539 608 54 228 667 326 711 0 238 338 797 290 669 787 267 253 617 527 540 540 681 422 385 288 779 581 860 160 731 436 777 637 656 886 552 128 727 765 639 743 304 582 171 442 596 553 226 100 742 588 77 606 353 864 519 136 750 384 702 607 841 64 432 649 390 767 592 677 550 857 553 684 419 263 308 865 485 148 685 773 147 739 704 490 493 143 898 600 893 746 700 535 214 686 321 192 519 703 217 686 731 251 193 596 53 520 753 652 796 278 244 265 111 927 452 521 277 554 315 647 315 170 468 539 85 765 635 652 629 645 452 704 358 708 549 413 122 231 254 636 570 478 386 774 144 790 253 669 815 313 183 384 723 318 116 815 202 696 159 559 586 535 637 890 267 173 530 199 681 410 163 633 437 563 717 526 498 211 241 131 168 666 421 377 187 606 302 143 86 641 182 703 843 463 640 711 537 128 359 411 786 210 710 628 649 263 861 643 756 582 628 362 666 65 192 159 346 802 905 564 587 370 754 555 121 257 385 661 131 764 90 775 176 813 163 182 588
498 862 304 181 369 892 160 516 717 704 269 396 435 564 832 238 0 515 700 470 501 971 498 265 715 338 731 376 568 498 512 526 951 761 817 174 824 440 699 784 457 881 705 126 596 928 582 887 539 348 334 569 789 590 199 270 681 363 315 425 442 798 402 272 910 390 509 397 827 301 290 417 575 858 746 660 702 777 517 571 390 169 490 794 280 343 857 664 205 882 890 583 461 368 868 742 853 935 778 320 433 559 498 48 326 484 297 714 925 403 246 359 261 302 754 424 715 439 402 463 322 915 278 437 464 382 104 555 133 104 294 582 308 688 745 465 398 467 478 872 185 552 640 309 354 320 102 719 744 692 597 708 337 866 361 658 715 388 368 392 631 512 352 1000 104 888 390 471 583 743 616 885 489 88 332 372 855 598 397 429 603 350 790 628 437 84 99 315 130 783 278 600 415 465 243 355 156 836 390 699 791 660 772 612 732 265 120 333 719 74 573 582 444 260 836 695 835 655 822 383 741 186 391 397 148 802 895 584 418 355 923 562 145 306 259 582 172 694 327 836 156 791 401 115 537
460 478 336 347 186 379 358 665 204 320 283 118 869 299 389 338 515 0 739 513 739 457 368 305 325 659 217 632 668 223 119 302 443 248 716 344 433 341 694 302 784 688 217 451 731 427 554 407 229 797 182 149 275 359 354 417 642 778 290 710 184 751 555 243 412 319 809 759 660 291 531 851 62 468 255 526 215 764 464 671 381 416 521 759 651 190 348 736 485 404 375 234 421 356 731 268 740 420 420 709 393 691 17 485 660 865 541 473 410 521 283 825 370 703 565 843 714 530 510 466 228 732 583 510 62 656 615 612 510 411 595 341 256 682 328 757 828 736 317 366 524 755 277 475 334 549 572 360 233 213 132 675 194 503 179 512 757 208 443 316 669 508 262 486 422 374 220 541 438 245 501 692 407 426 677 466 345 85 328 770 100 729 440 246 466 527 560 420 498 349 525 178 197 649 385 199 378 322 161 529 714 152 313 671 219 250 621 441 688 522 726 530 786 321 692 406 469 327 308 293 395 348 427 268 544 606 712 390 676 346 416 403 451 260 486 604 468 672 280 508 366 647 254 508 509
281 610 480 613 782 925 700 198 816 574 773 705 604 1006 698 797 700 739 0 1087 287 993 1020 547 585 422 870 352 135 519 625 990 932 849 208 640 608 402 65 754 412 349 738 783 143 888 184 801 942 611 700 629 910 412 573 890 121 547 832 359 556 138 298 684 864 440 373 463 295 818 410 597 780 619 758 258 732 93 274 133 387 554 1105 124 489 748 872 50 873 790 946 548 324 927 274 720 238 990 548 504 996 159 735 727 438 510 972 385 1000 1045 608 654 850 522 314 569 55 1075 1039 1058 772 352 440 276 751 363 764 149 567 664 428 428 789 71 627 361 585 331 421 869 518 235 550 396 901 993 800 541 819 935 870 103 745 581 612 276 18 552 980 441 74 1112 843 1014 635 968 839 238 316 941 258 350 1040 676 449 996 879 795 929 432 735 489 538 575 300 783 799 927 814 664 422 917 841 253 497 781 736 945 778 294 169 853 704 88 880 687 679 387 98 772 171 210 434 535 268 451 573 505 933 467 525 738 987 885 563 328 342 373 334 436 903 346 800 558 441 139 835 91 834 518 630 257 877 805 230
824 990 608 477 349 821 392 935 674 829 317 447 898 289 900 290 470 513 1087 0 950 881 170 541 835 799 649 821 972 673 605 254 897 704 1142 450 946 715 1066 803 923 1154 720 345 1016 897 926 902 332 810 416 654 693 815 516 206 1029 832 264 882 605 1151 809 410 889 666 973 867 1114 275 716 881 538 981 753 954 720 1145 838 975 707 549 20 1152 747 371 812 1064 268 902 803 724 779 170 1175 776 1173 833 927 790 119 976 500 423 788 954 202 946 811 78 481 813 239 772 1022 891 1085 45 73 49 335 1196 728 812 455 833 499 938 583 444 744 799 310 1054 842 926 863 923 725 834 631 993 778 703 196 184 423 865 706 542 481 1061 371 1013 512 944 1105 577 108 665 1013 50 268 908 477 784 298 849 861 606 916 1158 125 440 797 98 805 550 187 897 606 820 947 749 788 400 413 163 344 862 705 438 317 894 593 342 361 729 367 975 1127 573 823 1002 641 405 577 702 1074 407 998 913 913 552 1137 892 979 821 719 642 898 352 100 246 609 1069 1175 832 867 657 879 828 326 539 671 951 298 1052 266 1012 464 1089 260 362 875
335 791 409 487 711 1024 562 116 879 699 664 663 317 946 841 669 501 739 287 950 0 1101 927 460 711 168 922 129 173 559 651 920 1051 920 484 511 774 419 328 862 125 610 818 612 144 1012 317 936 894 328 633 680 973 520 451 743 353 263 726 83 562 423 184 593 989 423 97 178 551 710 237 310 795 796 850 440 813 380 347 174 362 405 970 411 236 674 974 237 701 926 1038 624 351 811 550 820 517 1085 712 232 882 136 729 541 183 227 797 564 1088 893 513 370 715 252 532 282 332 927 890 932 684 623 224 243 728 119 537 222 372 506 208 528 692 323 755 74 298 46 462 977 321 58 652 272 788 820 590 681 891 952 868 359 670 772 571 453 293 531 843 427 256 985 748 1126 472 1052 761 228 437 976 411 612 934 510 186 853 978 815 825 145 774 211 710 665 291 585 592 787 630 797 248 902 773 95 383 705 590 1016 717 489 445 882 822 227 930 593 443 299 362 575 115 342 147 444 534 603 753 625 1002 447 679 603 858 796 353 564 609 485 83 393 1020 449 631 494 286 263 664 342 732 714 493 509 792 617 317
770 430 749 799 629 81 815 1001 254 419 734 576 1294 595 306 787 971 457 993 881 1101 0 711 740 408 1066 247 1021 978 548 479 627 72 209 874 799 410 685 932 241 1176 771 287 907 1044 115 827 205 550 1231 639 433 193 592 799 851 874 1202 726 1096 568 942 923 700 136 695 1187 1167 780 731 938 1277 399 417 252 735 292 976 762 980 749 858 881 956 1074 642 127 1013 930 216 82 477 750 763 852 281 880 49 458 1130 771 1012 474 942 1070 1271 970 615 76 917 733 1263 810 1129 706 1265 949 913 906 833 676 811 998 857 512 1047 1072 915 954 867 1006 580 701 924 366 1139 1254 1112 639 125 957 1098 452 874 749 972 1029 453 229 339 411 899 647 470 619 717 1010 617 847 691 943 856 690 28 876 97 642 875 687 275 737 774 757 883 1089 870 124 378 726 1169 369 1146 474 436 810 984 1017 841 952 331 935 445 613 1006 811 644 835 152 604 706 892 325 289 958 250 708 1074 831 910 979 1051 798 1184 754 822 544 458 490 163 677 473 804 823 675 986 721 797 631 1058 734 94 664 905 692 901 889 918 905 714 525 820 792 662 964 802
744 845 543 440 240 651 372 891 510 688 263 330 932 119 746 267 498 368 1020 170 927 711 0 479 693 792 481 799 918 556 474 84 728 538 1046 416 800 626 989 644 922 1040 563 374 970 730 847 740 163 846 320 515 523 701 475 239 946 855 201 869 494 1066 765 339 722 582 966 874 1006 217 689 915 382 834 593 854 563 1067 755 920 633 523 170 1069 752 272 644 1004 330 740 633 594 699 130 1072 619 1075 663 788 802 79 928 358 450 785 971 311 827 640 218 420 857 236 788 911 919 1010 205 207 122 248 1084 715 752 317 816 557 875 582 437 731 684 236 978 694 916 894 906 625 667 623 962 643 661 145 303 486 728 541 371 315 980 275 871 413 843 1039 478 170 581 946 148 179 737 469 613 182 789 761 436 821 1045 45 440 796 186 637 391 103 899 453 831 808 613 720 450 473 200 395 711 679 269 187 857 547 239 353 559 249 868 1036 407 668 939 473 338 617 649 993 453 956 830 916 493 1033 766 837 691 549 555 763 331 139 135 614 956 1063 724 847 584 711 727 359 462 641 881 345 973 194 876 436 986 143 413 796
285 596 66 91 251 659 171 412 488 438 225 208 563 487 570 253 265 305 547 541 460 740 479 0 450 357 516 340 439 233 262 462 710 534 609 112 558 191 524 533 485 646 460 277 490 682 386 632 433 493 172 315 573 331 67 350 489 472 285 417 181 611 288 139 662 138 517 456 597 271 233 545 367 593 499 430 455 604 301 441 166 118 558 612 345 215 618 527 357 626 663 318 241 380 650 489 643 710 512 403 449 449 291 259 356 561 451 460 704 504 60 524 306 397 514 537 543 532 498 510 230 684 279 274 277 362 369 399 214 171 292 321 244 512 481 465 523 448 220 630 219 489 375 188 354 469 356 453 511 514 423 521 211 601 126 424 565 128 436 139 473 564 299 768 161 667 304 311 342 550 388 650 495 189 373 452 618 390 383 469 373 424 525 364 247 318 347 384 321 520 225 448 313 382 81 247 209 620 256 461 591 457 514 463 520 141 343 170 533 309 477 375 485 16 614 433 569 390 606 123 475 201 441 344 245 563 663 331 387 117 680 315 289 48 185 410 323 511 288 573 117 567 338 321 335
376 157 427 535 491 341 591 604 267 13 564 396 944 616 132 617 715 325 585 835 711 408 693 450 0 707 325 650 575 217 234 625 348 286 480 548 114 319 524 170 801 404 179 700 640 306 421 224 547 895 446 181 349 191 517 712 465 854 592 720 275 541 545 487 282 350 803 805 396 588 587 928 319 150 185 327 175 571 365 576 388 562 844 553 730 479 288 605 760 214 364 132 365 671 471 142 492 406 96 783 716 611 336 704 714 902 834 213 418 835 474 933 662 786 310 911 541 848 825 789 520 448 650 472 380 676 819 512 651 616 654 183 549 515 43 759 907 729 270 284 638 701 75 522 648 846 800 49 257 431 411 492 481 178 370 309 601 328 756 346 535 832 573 429 611 389 537 483 281 409 329 408 732 634 733 779 296 320 648 799 248 793 118 91 427 759 790 724 749 85 588 468 518 617 496 501 623 375 470 301 493 346 119 551 339 496 789 476 502 751 649 391 812 457 436 137 144 86 365 344 82 601 744 588 677 336 431 228 680 392 318 263 707 409 561 483 733 497 584 187 561 399 574 753 400
352 814 324 357 595 986 420 223 826 694 531 566 238 827 839 527 338 659 422 799 168 1066 792 357 707 0 861 74 289 518 592 797 1025 870 594 378 789 389 446 837 131 701 779 455 290 990 382 923 781 205 524 633 917 524 328 592 453 151 592 87 501 548 176 474 967 371 175 101 641 575 129 223 720 817 815 499 774 513 370 291 321 272 819 539 69 559 939 376 541 915 995 597 346 670 657 793 630 1043 730 88 741 264 647 381 16 206 635 604 1041 737 398 249 569 102 599 204 456 773 735 784 561 722 79 251 635 59 368 308 215 358 65 527 563 438 748 127 203 129 438 947 169 223 638 192 649 659 423 687 844 871 781 469 554 803 481 507 433 458 692 375 371 836 619 1093 325 1005 639 261 464 904 461 703 795 359 29 700 942 742 689 111 713 87 733 643 287 421 426 637 468 791 134 805 656 170 276 587 444 962 605 548 559 810 804 344 867 472 275 235 476 412 262 399 128 341 634 624 779 624 948 389 693 462 710 667 191 640 705 498 91 331 994 462 474 400 173 348 506 452 599 752 357 599 666 454 359
610 434 537 564 382 175 573 834 58 330 487 334 1079 373 308 540 731 217 870 649 922 247 481 516 325 861 0 826 825 365 271 398 249 59 798 561 395 504 815 193 980 730 146 661 890 248 688 268 318 1010 397 245 58 459 569 605 758 987 478 903 362 850 738 459 241 500 1000 962 720 484 732 1061 155 421 150 625 150 874 608 827 559 630 651 861 859 396 163 878 683 272 164 321 580 520 795 192 814 206 414 917 534 854 233 700 863 1068 724 532 194 678 500 1039 563 913 630 1052 834 677 666 600 429 774 788 682 267 851 830 763 726 627 798 442 454 805 301 949 1039 925 466 185 736 929 327 672 504 728 784 375 75 125 169 788 401 471 390 608 888 403 605 496 808 629 443 275 639 158 396 706 553 84 613 734 527 643 881 628 155 133 484 969 148 936 435 298 634 739 771 596 706 293 727 212 366 828 593 396 590 105 357 611 806 78 237 816 13 466 838 632 801 735 891 661 985 531 758 455 444 380 91 477 408 559 582 431 759 660 757 497 867 534 229 523 658 468 690 746 671 790 466 502 583 719 417 717 652
286 750 295 359 588 941 432 154 786 637 536 547 303 823 782 540 376 632 352 821 129 1021 799 340 650 74 826 0 217 472 554 795 976 830 520 383 727 336 373 787 155 627 734 483 227 940 309 870 773 279 512 590 880 463 325 614 378 222 598 78 463 476 107 469 917 327 177 156 567 582 110 290 690 753 768 427 729 442 303 220 272 276 840 467 136 551 893 308 573 861 952 546 285 682 582 744 556 1000 667 162 753 196 621 414 89 252 670 536 1000 764 389 322 585 176 527 269 384 798 761 802 559 648 98 183 614 26 421 234 245 376 82 468 565 365 691 125 272 108 384 899 193 175 584 156 660 693 469 626 802 845 758 395 547 737 458 435 364 425 713 331 298 855 622 1047 343 964 637 189 397 874 389 629 806 381 103 723 896 712 697 149 677 157 669 591 224 461 470 658 503 735 120 787 650 99 260 581 461 924 596 476 485 779 752 271 832 468 332 193 402 451 200 326 163 323 559 559 714 565 910 348 631 474 728 670 228 566 631 434 47 291 945 398 503 378 159 274 536 378 604 685 364 525 666 491 288
214 635 374 495 684 904 581 66 776 563 662 617 485 915 700 681 568 668 135 972 173 978 918 439 575 289 825 217 0 461 564 896 922 813 313 521 623 327 159 737 297 437 705 656 65 881 157 799 855 483 602 580 871 386 455 770 179 421 723 233 484 260 167 578 857 352 269 339 377 709 277 477 716 641 732 276 699 224 217 2 292 429 990 250 354 649 853 96 747 789 922 509 247 816 378 698 348 968 561 373 887 39 662 598 305 401 846 405 974 925 498 527 733 390 363 450 167 956 920 945 669 450 304 166 671 230 629 63 435 539 292 398 683 153 619 244 463 212 359 853 384 137 526 271 791 868 667 539 783 875 801 187 645 612 522 290 148 467 864 355 85 999 738 1002 508 941 740 130 293 889 254 438 934 549 316 878 858 735 822 312 682 360 556 544 204 652 666 810 685 660 289 842 745 118 379 682 615 911 684 323 275 797 691 56 834 580 543 270 192 641 75 186 317 425 361 454 597 490 898 380 531 620 873 783 428 392 436 348 203 337 892 314 675 458 312 96 710 170 727 552 510 335 776 676 176
247 365 214 319 324 469 380 468 320 205 373 228 750 511 340 422 498 223 519 673 559 548 556 233 217 518 365 472 461 0 106 506 506 361 496 333 326 139 472 319 627 484 262 490 525 472 334 411 443 693 259 121 415 144 300 521 419 658 413 548 68 529 377 286 450 147 641 619 449 405 391 733 260 361 296 305 256 541 247 463 200 345 685 536 531 301 421 520 557 403 480 86 214 503 516 275 522 528 284 587 559 488 222 488 523 722 639 273 529 659 260 729 471 587 354 719 492 677 650 631 340 527 453 317 248 498 602 400 436 400 459 127 367 460 249 592 711 565 101 428 427 564 142 326 477 653 585 222 332 417 352 452 302 374 168 291 537 114 581 143 452 680 404 575 394 494 379 341 215 428 278 488 588 418 542 602 424 277 488 620 221 600 299 133 269 545 575 541 538 290 390 401 369 464 282 331 414 457 310 313 492 336 291 457 374 294 573 282 465 536 525 309 635 240 478 222 341 162 443 133 248 395 575 432 464 400 506 170 510 188 475 180 499 193 358 387 527 449 408 354 345 431 420 541 292
351 391 270 331 258 398 370 567 233 226 331 162 816 416 329 385 512 119 625 605 651 479 474 262 234 592 271 554 564 106 0 415 447 277 596 337 348 237 578 272 710 571 197 477 628 420 441 375 346 752 213 58 325 239 325 478 525 724 358 632 91 633 467 260 400 228 728 694 542 354 463 798 154 384 237 407 192 646 353 566 288 381 616 640 595 245 355 626 530 370 404 120 316 439 612 230 621 452 322 653 487 590 122 492 595 799 600 356 449 602 265 784 428 650 446 787 598 616 592 560 286 615 521 413 157 580 616 505 477 408 530 221 315 567 250 678 776 654 205 367 478 661 172 401 415 612 586 260 252 311 246 558 247 410 151 392 644 138 523 224 558 607 340 507 410 412 307 440 320 326 383 575 509 425 613 545 356 171 418 699 122 670 341 145 367 543 575 490 525 281 459 296 290 558 332 267 400 370 238 410 594 233 262 562 278 268 603 361 570 536 626 416 715 275 573 292 376 217 355 206 293 374 512 359 508 488 595 270 596 263 417 285 481 215 423 493 505 556 350 406 355 527 345 532 398
710 773 523 439 211 568 384 874 429 621 268 287 955 41 670 288 526 302 990 254 920 627 84 462 625 797 398 795 896 506 415 0 645 456 1001 418 729 590 955 565 928 986 486 410 951 647 812 659 81 870 293 451 439 649 471 288 909 873 212 868 447 1026 750 326 640 550 967 884 954 228 685 936 308 762 515 809 487 1031 720 898 605 525 254 1031 763 248 561 978 382 660 549 534 666 176 1022 543 1028 579 720 816 152 910 294 480 791 984 379 771 556 298 407 885 272 803 859 938 976 288 287 206 236 1030 718 730 258 814 597 849 594 452 733 632 233 943 623 916 915 904 583 584 631 951 580 650 179 374 529 662 460 287 234 942 251 801 378 796 1009 440 240 548 917 230 179 653 481 529 158 766 717 351 778 990 129 458 804 259 554 314 137 906 380 843 741 548 694 490 516 257 438 637 676 186 150 844 537 215 373 475 212 819 994 326 592 912 390 327 647 632 956 491 939 793 923 478 984 706 768 629 465 523 697 347 210 131 628 903 1009 675 843 558 627 681 397 438 636 851 389 937 202 810 440 937 131 455 763
717 359 713 774 623 77 799 948 239 360 725 560 1256 616 238 779 951 443 932 897 1051 72 728 710 348 1025 249 976 922 506 447 645 0 199 806 777 341 639 869 189 1131 701 250 895 988 45 769 135 565 1196 624 396 205 536 771 850 811 1164 723 1050 533 876 876 683 68 653 1139 1125 712 727 897 1239 389 346 211 673 254 911 708 924 704 828 899 890 1036 632 94 953 925 146 102 429 700 769 783 232 812 102 391 1092 783 957 460 925 1030 1227 971 550 130 927 708 1230 807 1092 639 1225 886 926 916 848 668 740 958 808 502 1002 1054 859 924 846 965 525 695 861 305 1092 1217 1064 592 80 924 1045 398 833 753 976 1015 390 209 359 418 836 637 399 593 655 947 584 855 649 884 875 690 84 853 133 642 823 629 297 677 704 774 863 1048 878 97 370 733 1125 348 1106 406 386 761 970 1002 844 941 267 896 459 614 955 777 637 821 176 598 642 826 327 231 899 256 691 1049 789 846 964 996 740 1139 722 753 481 388 433 182 638 408 791 832 680 955 653 727 574 1011 694 30 609 894 662 863 831 910 843 712 454 797 725 666 952 746
600 383 548 589 424 131 606 827 45 293 528 366 1093 431 253 581 761 248 849 704 920 209 538 534 286 870 59 830 813 361 277 456 199 0 765 589 345 501 792 138 985 689 112 699 879 192 671 209 374 1027 430 240 62 437 591 651 735 1001 524 907 368 822 738 491 184 502 1001 971 683 528 741 1076 191 369 102 599 117 848 596 815 560 651 707 833 873 435 108 861 726 212 129 304 573 571 758 146 779 176 369 930 588 844 265 733 873 1076 772 498 171 731 524 1058 607 927 595 1065 811 731 719 655 470 733 799 677 304 856 863 751 747 657 808 422 496 783 257 952 1053 926 459 129 753 924 300 678 554 777 820 336 30 184 223 764 439 420 411 582 867 414 657 498 791 686 490 238 667 134 443 700 533 137 591 694 583 673 891 680 102 171 535 976 161 947 390 274 630 775 808 645 745 243 737 270 414 825 608 438 626 97 399 581 775 131 187 801 71 498 865 637 776 770 882 643 991 548 722 421 395 350 84 482 367 596 635 481 779 623 716 476 870 539 176 505 697 486 701 731 712 767 512 456 610 685 467 756 638
326 457 545 692 807 815 778 378 740 472 825 716 799 1008 568 860 817 716 208 1142 484 874 1046 609 480 594 798 520 313 496 596 1001 806 765 0 717 467 426 155 648 609 145 654 876 344 762 235 671 939 795 730 581 828 357 654 960 142 733 878 546 553 82 436 732 739 477 575 652 102 867 546 790 743 468 665 191 649 131 309 311 444 654 1157 99 654 777 764 257 963 660 841 491 369 973 66 622 36 880 416 681 1037 348 717 835 609 711 1059 267 894 1112 667 838 914 696 170 763 155 1137 1105 1106 810 143 591 382 745 537 897 285 694 759 582 375 832 160 516 557 776 525 421 755 650 437 471 510 947 1078 920 430 735 886 839 125 776 421 634 205 212 568 1040 477 228 1158 879 891 734 868 865 353 284 877 226 145 1074 773 623 1058 772 753 967 625 684 671 400 502 381 894 916 991 915 545 556 892 859 427 584 810 817 855 797 189 39 800 595 257 810 737 822 484 121 883 371 237 629 602 64 344 423 418 845 500 404 811 1041 915 698 155 134 326 514 492 780 319 892 604 562 247 926 143 877 359 714 81 904 910 281
391 698 172 26 224 719 61 485 544 537 153 227 548 450 661 160 174 344 640 450 511 799 416 112 548 378 561 383 521 333 337 418 777 589 717 0 658 303 623 610 509 758 531 164 566 754 489 713 409 468 168 395 619 442 66 249 592 461 215 452 272 714 359 108 735 250 550 466 709 199 274 530 405 694 571 541 527 703 408 524 273 107 468 714 345 191 683 614 246 708 718 415 348 300 760 567 751 764 617 400 372 525 327 156 372 567 341 572 754 405 73 491 211 389 626 528 642 435 399 425 185 796 300 363 298 399 278 490 181 70 315 431 185 611 575 500 507 490 332 697 212 549 474 252 277 361 252 555 570 534 439 623 185 706 186 536 657 220 342 251 566 479 241 827 78 718 263 401 455 580 499 762 423 88 385 356 681 428 313 488 429 426 630 458 345 212 242 288 209 612 263 450 281 446 143 213 99 667 239 573 697 493 599 553 563 103 276 252 635 203 549 481 504 116 724 542 674 494 653 235 580 98 352 289 216 675 775 443 431 226 748 427 177 140 225 506 210 612 222 681 23 677 287 210 439
443 44 529 645 604 359 703 661 339 123 679 510 1027 718 104 731 824 433 608 946 774 410 800 558 114 789 395 727 623 326 348 729 341 345 467 658 0 410 543 208 873 361 256 813 685 295 465 205 650 984 561 293 404 264 625 826 486 939 705 792 387 538 619 601 273 448 868 883 371 702 675 1012 421 36 245 353 254 576 428 623 477 666 955 553 819 593 310 636 874 194 387 244 442 784 442 203 471 421 61 869 826 661 445 814 798 977 948 222 439 948 585 1023 776 874 302 993 558 960 938 899 634 402 738 544 490 753 927 561 752 726 740 262 663 536 105 827 992 796 362 297 735 756 185 611 760 960 911 106 320 512 507 507 595 75 484 336 622 439 869 444 569 942 686 425 719 418 649 548 336 479 368 365 841 744 816 892 320 418 759 874 349 876 69 205 502 871 901 838 861 102 677 564 629 681 598 615 736 419 582 313 488 432 158 590 409 609 893 565 516 862 698 437 886 564 412 170 50 171 412 446 95 714 856 700 777 312 388 292 752 490 316 328 820 519 654 526 847 516 698 116 671 385 686 866 456
121 442 136 281 386 606 362 329 459 306 399 303 625 604 451 436 440 341 402 715 419 685 626 191 319 389 504 336 327 139 237 590 639 501 426 303 410 0 365 450 491 454 400 468 390 603 221 534 539 575 307 261 555 153 248 536 320 534 452 411 157 439 238 305 580 53 502 488 407 440 267 609 389 441 433 240 394 441 129 329 68 272 731 442 411 354 558 396 549 525 619 209 80 547 462 407 458 667 356 463 612 352 336 443 396 589 641 273 669 687 244 614 489 467 322 593 385 711 679 680 384 493 330 177 349 363 537 270 348 358 334 149 406 353 359 454 588 427 49 562 325 424 249 202 521 659 538 305 472 548 474 353 352 439 213 233 421 150 614 52 331 732 455 711 341 633 444 202 151 564 201 458 651 375 414 633 561 407 542 486 358 474 363 254 129 504 531 566 511 402 268 517 443 324 198 388 401 597 380 269 412 471 415 331 513 311 490 156 366 493 388 203 500 188 425 260 410 240 583 74 318 390 615 493 369 371 472 144 372 85 608 123 481 178 244 264 514 346 451 400 306 377 483 510 172
245 545 457 597 750 864 684 225 760 513 749 668 644 969 634 777 699 694 65 1066 328 932 989 524 524 446 815 373 159 472 578 955 869 792 155 623 543 365 0 693 453 290 680 773 189 825 143 738 903 643 669 578 854 356 557 872 58 580 807 392 514 102 302 658 802 407 419 499 234 793 415 635 732 554 700 196 675 80 235 157 359 545 1083 95 509 717 812 105 862 727 886 494 290 902 222 660 189 929 484 532 970 193 691 723 462 555 961 321 940 1027 585 686 830 548 249 609 20 1056 1021 1034 744 297 452 264 710 388 770 145 569 654 442 373 762 11 565 401 622 370 377 808 522 282 492 391 876 982 801 479 762 886 824 37 714 516 578 214 78 515 960 408 75 1088 814 952 626 909 807 228 262 888 201 291 1012 667 474 976 819 746 901 470 684 520 474 518 278 780 798 908 807 601 426 872 807 277 482 750 722 888 744 229 117 802 643 103 826 662 690 374 35 769 215 163 474 513 210 388 508 445 876 434 462 721 965 855 569 264 285 318 363 409 841 294 790 530 440 118 825 26 808 452 616 194 846 800 193
529 244 529 604 488 170 639 760 142 180 582 409 1069 546 115 637 784 302 754 803 862 241 644 533 170 837 193 787 737 319 272 565 189 138 648 610 208 450 693 0 942 561 85 742 802 153 585 105 483 1011 471 217 196 350 597 720 635 977 593 861 352 710 686 525 131 466 950 937 560 593 710 1053 265 230 50 497 87 741 521 738 516 651 809 723 850 489 118 772 785 102 193 240 511 655 634 44 658 235 238 906 684 771 318 763 842 1039 844 382 247 819 538 1046 672 906 477 1038 711 825 808 755 529 603 772 619 364 813 888 673 745 680 778 338 557 685 131 903 1030 874 402 116 742 857 211 645 635 851 856 218 117 316 331 662 493 282 423 479 771 405 742 462 702 791 564 265 683 219 520 635 445 275 497 565 687 698 860 766 125 253 624 936 202 919 258 197 571 812 845 722 790 108 709 386 495 766 595 501 666 212 464 471 662 245 53 716 206 534 875 601 673 806 809 556 950 544 600 308 258 249 204 452 243 638 724 566 775 500 587 389 822 507 158 422 745 486 677 647 765 667 582 321 628 566 551 799 560
