84
0 807 271 290 782 66 355 843 786 615 267 352 686 921 927 456 806 292 806 747 504 399 969 826 792 491 116 918 388 119 419 198 640 785 969 594 362 74 478 982 580 674 693 1004 710 413 928 684 557 599 639 725 758 404 196 392 409 823 417 637 473 470 773 153 238 566 489 835 135 549 317 528 634 481 140 625 699 600 198 851 636 489 330 555
807 0 570 559 542 772 623 228 344 735 884 1040 434 595 869 506 217 563 731 317 308 520 764 830 664 356 801 264 419 724 877 618 1078 838 638 222 1035 741 1021 636 286 274 118 758 1002 551 413 385 568 1226 1081 549 745 459 770 415 490 874 427 925 341 928 155 891 917 917 324 450 672 980 528 456 193 872 668 524 114 948 732 725 175 1060 574 791
271 570 0 234 705 217 151 657 641 647 470 597 581 836 936 392 620 26 795 595 299 339 930 846 758 327 324 731 171 248 569 173 809 818 888 348 602 196 674 897 405 508 465 955 828 167 783 560 523 835 809 660 762 291 351 186 140 861 151 745 277 628 572 404 469 691 288 718 166 706 46 437 383 609 167 563 456 728 321 827 395 698 305 626
290 559 234 0 506 288 386 558 496 412 329 483 399 643 706 176 522 258 568 456 251 118 714 614 539 211 248 633 184 180 371 100 607 584 693 375 481 251 499 705 299 386 440 744 603 389 638 394 298 689 608 453 532 115 212 173 335 626 283 518 218 429 497 336 358 472 235 547 169 502 248 241 418 397 163 353 465 509 173 605 403 532 70 394
782 542 705 506 0 791 843 345 204 299 678 815 134 139 327 329 336 720 195 225 464 388 241 299 126 394 701 375 554 663 570 606 675 321 187 555 801 755 702 200 355 287 481 255 545 810 248 175 232 906 680 61 226 414 625 534 739 349 657 490 463 594 388 767 736 521 462 126 674 606 695 268 579 525 668 156 546 538 600 183 533 745 452 393
66 772 217 288 791 0 289 824 779 647 328 419 687 930 958 462 787 236 832 737 476 404 989 859 812 473 172 900 353 144 473 189 700 820 979 555 428 36 541 992 562 659 660 1022 761 350 922 680 573 665 699 737 787 396 243 360 351 859 368 686 447 526 749 220 304 618 462 836 119 606 264 530 593 531 125 636 661 652 236 874 598 553 339 595
355 623 151 386 843 289 0 751 757 799 595 705 714 969 1086 539 717 129 943 711 404 488 1073 997 903 453 439 822 290 374 710 319 949 970 1021 407 713 287 805 1030 519 621 536 1096 976 80 896 689 671 950 949 801 912 435 483 309 133 1012 208 894 391 768 659 506 583 837 398 843 293 847 148 579 430 754 296 707 509 874 458 973 456 824 456 777
843 228 657 558 345 824 751 0 142 593 848 1003 272 373 667 439 36 659 541 140 358 476 546 644 471 352 805 75 486 738 798 644 964 662 413 357 994 789 943 410 262 173 232 536 860 691 185 231 447 1153 968 369 566 443 753 473 621 693 543 792 381 840 96 890 893 802 369 234 709 877 625 367 355 775 704 380 287 828 717 524 313 985 545 669
786 344 641 496 204 779 757 142 0 457 752 903 139 256 529 346 132 649 399 46 353 395 419 501 329 314 731 186 472 674 682 591 833 519 303 404 892 742 825 304 238 137 303 417 722 709 143 112 323 1035 837 226 424 382 669 455 636 550 554 657 367 719 189 811 802 671 359 108 660 750 618 270 416 653 654 249 368 695 636 385 370 868 466 538
615 735 647 412 299 647 799 593 457 0 433 546 321 409 312 282 571 670 207 453 526 318 381 211 225 442 509 644 552 503 291 493 379 173 441 656 530 615 409 458 465 462 639 424 268 795 542 364 170 609 383 245 150 388 424 533 734 215 666 199 507 303 598 550 495 222 516 418 548 308 657 293 693 235 543 215 695 241 416 260 655 452 342 98
267 884 470 329 678 328 595 848 752 433 0 156 623 812 735 409 814 496 641 723 580 373 813 632 647 528 158 918 505 222 169 310 373 583 853 704 151 315 212 868 608 676 765 855 457 635 880 640 449 367 372 617 583 425 123 499 607 615 583 394 547 209 803 136 61 318 564 766 305 286 508 483 748 237 303 530 794 347 160 692 733 229 311 348
352 1040 597 483 815 419 705 1003 903 546 156 0 771 944 827 563 969 622 753 876 735 529 926 727 770 685 273 1072 654 351 255 451 363 674 982 856 20 418 191 998 765 831 921 971 495 755 1027 791 592 247 360 754 693 581 272 649 737 700 723 454 702 261 960 199 129 378 719 911 431 313 639 637 900 319 431 673 948 395 311 806 887 176 467 452
686 434 581 399 134 687 714 272 139 321 623 771 0 255 446 231 251 594 301 132 330 286 375 397 237 263 618 325 424 569 544 498 694 404 307 423 759 650 686 316 221 164 358 389 589 679 257 48 184 896 698 117 311 296 549 405 607 440 525 520 330 580 285 693 676 532 329 150 568 610 568 158 448 513 562 109 422 557 519 304 403 729 356 399
921 595 836 643 139 930 969 373 256 409 812 944 255 0 322 467 378 849 242 295 578 526 176 337 190 517 840 376 679 802 694 743 772 377 52 652 929 893 819 61 464 378 559 163 626 932 214 283 369 1017 777 197 296 548 763 660 859 392 777 585 582 711 443 904 870 628 579 147 812 714 823 404 669 643 806 295 624 639 739 199 622 861 591 507
927 869 936 706 327 958 1086 667 529 312 735 827 446 322 0 547 662 957 148 552 754 597 166 103 208 673 822 686 815 814 576 796 553 153 313 864 809 925 659 328 659 609 804 211 386 1071 532 493 415 824 559 328 174 654 737 795 1003 130 928 385 744 566 715 858 796 454 748 435 855 534 939 521 892 509 849 394 868 447 728 144 848 696 638 386
456 506 392 176 329 462 539 439 346 282 409 563 231 467 547 0 406 411 403 314 250 58 540 462 366 168 388 509 273 338 372 276 575 441 517 384 555 426 517 529 219 268 395 569 522 524 482 236 131 724 578 276 374 108 322 253 459 483 387 439 227 421 402 465 457 417 237 381 344 475 392 76 424 366 339 176 441 451 290 434 392 557 125 303
806 217 620 522 336 787 717 36 132 571 814 969 251 378 662 406 0 623 531 119 321 442 548 633 461 315 769 112 450 702 768 607 939 648 421 326 961 752 913 419 225 138 204 541 840 658 204 207 420 1123 943 354 553 407 718 436 587 681 508 770 345 811 69 854 859 776 332 234 673 850 590 335 327 747 667 356 263 803 682 518 283 955 510 644
292 563 26 258 720 236 129 659 649 670 496 622 594 849 957 411 623 0 814 603 302 359 947 868 776 337 349 733 177 275 595 200 836 841 901 341 627 218 701 911 412 515 461 971 854 140 790 572 543 861 836 676 783 309 378 194 116 883 138 770 283 654 572 428 495 717 293 729 192 733 34 454 374 636 193 581 449 754 348 845 388 724 328 651
806 731 795 568 195 832 943 541 399 207 641 753 301 242 148 403 531 814 0 416 605 456 173 103 69 524 707 569 668 690 497 661 537 135 258 715 736 798 605 276 511 465 660 218 384 925 429 349 271 792 542 183 61 508 623 648 857 156 780 351 595 502 579 754 702 403 599 316 724 490 795 373 745 436 718 246 724 409 610 54 701 646 502 300
747 317 595 456 225 737 711 140 46 453 723 876 132 295 552 314 119 603 416 0 307 360 452 517 348 269 695 199 426 635 662 550 824 530 343 360 866 701 807 346 192 91 265 453 721 663 187 91 307 1017 828 236 435 342 636 409 590 563 507 652 321 702 162 777 772 661 313 148 619 737 572 239 374 637 613 239 330 687 602 408 327 849 431 528
504 308 299 251 464 476 404 358 353 526 580 735 330 578 754 250 321 302 605 307 0 239 704 683 551 84 492 432 128 416 595 311 816 672 630 135 732 443 735 636 116 216 191 719 773 356 491 295 360 933 818 435 593 166 464 116 283 714 201 689 33 651 275 582 610 663 16 444 368 713 269 238 178 603 364 359 213 698 425 621 154 771 277 553
399 520 339 118 388 404 488 476 395 318 373 529 286 526 597 58 442 359 456 360 239 0 597 509 422 166 336 549 235 282 359 217 577 484 575 374 522 367 502 588 237 303 405 626 542 478 534 287 184 705 579 335 424 75 276 217 416 527 348 457 211 413 430 417 416 426 224 436 286 474 343 128 417 364 280 234 444 461 242 490 390 540 71 323
969 764 930 714 241 989 1073 546 419 381 813 926 375 176 166 540 548 947 173 452 704 597 0 224 177 632 873 552 788 851 670 812 693 276 153 796 909 954 774 166 597 525 716 48 530 1046 389 416 417 956 698 273 233 638 790 768 975 273 895 511 702 673 609 924 874 571 702 314 877 656 925 494 818 609 871 366 781 572 774 120 772 815 652 474
826 830 846 614 299 859 997 644 501 211 632 727 397 337 103 462 633 868 103 517 683 509 224 0 173 600 720 673 734 714 474 700 469 53 345 801 708 826 562 362 598 560 754 273 306 986 532 445 331 735 474 281 90 570 635 714 921 54 848 291 670 467 678 755 693 357 676 420 758 439 852 446 832 408 752 326 816 353 627 138 789 600 545 283
792 664 758 539 126 812 903 471 329 225 647 770 237 190 208 366 461 776 69 348 551 422 177 173 0 473 699 500 623 674 515 635 582 199 216 656 754 777 634 233 452 400 595 212 438 881 363 284 240 829 587 119 109 468 617 603 811 224 733 395 544 528 510 753 708 439 546 248 700 526 755 326 684 460 694 197 659 449 599 70 639 676 476 323
491 356 327 211 394 473 453 352 314 442 528 685 263 517 673 168 315 337 524 269 84 166 632 600 473 0 460 427 162 389 526 292 740 588 569 216 680 438 668 577 89 186 239 650 690 416 457 235 276 871 743 360 510 103 419 143 344 630 262 608 70 579 285 548 564 585 75 391 357 638 308 155 256 528 352 278 277 619 380 544 225 706 218 471
116 801 324 248 701 172 439 805 731 509 158 273 618 840 822 388 769 349 707 695 492 336 873 720 699 460 0 879 394 81 303 187 528 676 886 602 278 157 370 900 548 632 683 911 594 484 870 623 471 512 527 642 656 362 84 392 464 713 453 521 459 355 745 90 145 450 476 768 158 435 366 463 644 365 158 545 701 484 100 754 637 386 264 444
918 264 731 633 375 900 822 75 186 644 918 1072 325 376 686 509 112 733 569 199 432 549 552 673 500 427 879 0 561 813 862 719 1019 696 408 423 1063 865 1006 402 338 247 294 535 908 761 166 290 506 1216 1023 408 601 518 825 548 691 725 614 843 457 901 163 964 965 857 444 253 785 935 699 435 416 836 780 434 343 882 790 546 376 1048 618 724
388 419 171 184 554 353 290 486 472 552 505 654 424 679 815 273 450 177 668 426 128 235 788 734 623 162 394 561 0 313 555 207 789 714 731 208 654 322 684 739 234 337 307 808 772 257 613 398 402 870 791 515 645 164 383 20 188 757 114 688 106 613 403 484 525 648 117 554 253 684 146 296 250 577 250 426 312 685 345 693 248 715 238 556
119 724 248 180 663 144 374 738 674 503 222 351 569 802 814 338 702 275 690 635 416 282 851 714 674 389 81 813 313 0 341 106 577 675 850 522 355 115 430 863 478 567 607 885 623 413 815 569 438 586 577 606 644 295 110 313 387 714 372 545 383 398 674 170 222 480 400 719 82 478 288 411 564 394 81 506 622 516 93 734 558 451 212 450
419 877 569 371 570 473 710 798 682 291 169 255 544 694 576 372 768 595 497 662 595 359 670 474 515 526 303 862 555 341 0 395 240 423 729 729 238 452 145 746 591 635 763 715 291 736 796 572 360 355 241 510 437 429 232 542 694 452 652 225 565 59 772 304 227 149 580 674 417 137 598 434 773 69 414 439 803 181 251 551 748 186 321 196
198 618 173 100 606 189 319 644 591 493 310 451 498 743 796 276 607 200 661 550 311 217 812 700 635 292 187 719 207 106 395 0 636 667 793 415 453 152 506 805 381 475 501 842 657 340 734 491 394 677 636 552 622 208 187 206 301 708 273 574 279 455 575 277 321 518 295 646 69 532 204 341 457 436 64 452 515 555 152 700 451 532 159 461
640 1078 809 607 675 700 949 964 833 379 373 363 694 772 553 575 939 836 537 824 816 577 693 469 582 740 528 1019 789 577 240 636 0 416 794 952 343 683 174 812 793 817 969 741 169 976 921 732 519 273 5 624 478 651 467 775 934 425 890 187 788 181 956 503 414 162 802 797 655 105 839 622 994 213 652 585 1016 137 490 589 965 189 551 295
785 838 818 584 321 820 970 662 519 173 583 674 404 377 153 441 648 841 135 530 672 484 276 53 199 588 676 696 714 675 423 667 416 0 389 794 656 788 508 406 594 565 756 324 255 963 562 452 313 681 421 293 95 549 591 695 899 42 828 237 657 414 689 708 644 303 664 446 722 385 827 433 828 356 717 322 817 299 586 180 786 547 514 235
969 638 888 693 187 979 1021 413 303 441 853 982 307 52 313 517 421 901 258 343 630 575 153 345 216 569 886 408 731 850 729 793 794 389 0 702 966 943 850 17 515 428 607 128 642 984 242 335 415 1045 799 244 316 599 808 712 911 399 829 607 634 744 487 949 912 655 631 195 862 742 875 454 718 676 856 343 671 664 785 209 671 892 640 539
594 222 348 375 555 555 407 357 404 656 704 856 423 652 864 384 326 341 715 360 135 374 796 801 656 216 602 423 208 522 729 415 952 794 702 0 855 526 867 706 204 274 129 804 907 340 524 380 487 1063 954 537 710 300 584 209 273 835 206 824 164 785 261 692 729 799 150 508 461 849 306 364 44 739 458 474 108 834 545 726 49 902 409 687
362 1035 602 481 801 428 713 994 892 530 151 20 759 929 809 555 961 627 736 866 732 522 909 708 754 680 278 1063 654 355 238 453 343 656 966 855 0 426 171 983 759 823 917 954 475 762 1016 780 580 237 340 740 675 576 270 648 742 681 726 434 699 242 953 208 132 358 715 898 436 292 643 627 899 301 436 661 945 375 309 789 884 156 462 435
74 741 196 251 755 36 287 789 742 615 315 418 650 893 925 426 752 218 798 701 443 367 954 826 777 438 157 865 322 115 452 152 683 788 943 526 426 0 528 955 526 623 628 987 737 341 885 644 537 663 682 700 753 360 220 328 334 828 344 661 413 507 715 218 297 594 428 799 82 587 243 493 564 508 88 600 632 629 209 839 568 543 303 566
478 1021 674 499 702 541 805 943 825 409 212 191 686 819 659 517 913 701 605 807 735 502 774 562 634 668 370 1006 684 430 145 506 174 508 850 867 171 528 0 867 735 781 907 821 306 841 934 716 502 210 172 643 543 569 323 673 808 529 774 275 704 108 917 334 244 205 719 812 512 126 709 579 911 177 510 580 945 213 353 659 888 43 458 311
982 636 897 705 200 992 1030 410 304 458 868 998 316 61 328 529 419 911 276 346 636 588 166 362 233 577 900 402 739 863 746 805 812 406 17 706 983 955 867 0 521 432 608 137 660 991 235 342 429 1062 817 258 334 610 822 720 919 416 836 625 642 761 486 964 928 672 638 198 874 759 884 466 721 693 868 357 672 681 799 226 674 910 653 556
580 286 405 299 355 562 519 262 238 465 608 765 221 464 659 219 225 412 511 192 116 237 597 598 452 89 548 338 234 478 591 381 793 594 515 204 759 526 735 521 0 102 177 609 726 473 378 182 295 941 796 333 507 187 503 218 400 634 317 646 128 641 197 635 648 633 120 328 447 694 380 174 234 585 441 272 229 665 465 522 192 774 298 510
674 274 508 386 287 659 621 173 137 462 676 831 164 378 609 268 138 515 465 91 216 303 525 560 400 186 632 247 337 567 635 475 817 565 428 274 823 623 781 432 102 0 195 531 730 571 275 116 299 990 820 281 473 271 579 321 499 602 416 656 231 680 139 716 720 654 222 235 542 724 483 201 293 619 537 250 259 683 543 466 246 821 371 524
693 118 465 440 481 660 536 232 303 639 765 921 358 559 804 395 204 461 660 265 191 405 716 754 595 239 683 294 307 607 763 501 969 756 607 129 917 628 907 608 177 195 0 718 902 470 408 311 469 1110 972 476 665 341 652 300 403 794 331 823 223 815 136 773 798 810 207 411 557 870 426 351 122 761 553 435 65 842 613 661 82 945 456 687
1004 758 955 744 255 1022 1096 536 417 424 855 971 389 163 211 569 541 971 218 453 719 626 48 273 212 650 911 535 808 885 715 842 741 324 128 804 954 987 821 137 609 531 718 0 579 1065 370 426 449 1004 746 295 278 663 829 788 994 322 913 559 719 719 605 964 917 618 718 309 909 704 947 517 824 654 903 392 783 620 811 164 777 862 684 519
710 1002 828 603 545 761 976 860 722 268 457 495 589 626 386 522 840 854 384 721 773 542 530 306 438 690 594 908 772 623 291 657 169 255 642 907 475 737 306 660 726 730 902 579 0 990 793 632 433 442 174 500 329 617 518 756 939 258 882 84 749 249 867 593 511 143 760 670 692 182 850 552 947 229 688 484 956 110 530 434 912 335 537 220
413 551 167 389 810 350 80 691 709 795 635 755 679 932 1071 524 658 140 925 663 356 478 1046 986 881 416 484 761 257 413 736 340 976 963 984 340 762 341 841 991 473 571 470 1065 990 0 844 649 656 997 976 773 899 416 518 278 73 1005 155 906 349 795 598 558 630 855 353 800 330 873 140 554 358 775 331 683 438 892 488 951 388 864 458 783
928 413 783 638 248 922 896 185 143 542 880 1027 257 214 532 482 204 790 429 187 491 534 389 532 363 457 870 166 613 815 796 734 921 562 242 524 1016 885 934 235 378 275 408 370 793 844 0 246 436 1142 926 297 471 525 804 596 772 586 690 738 507 827 274 947 933 764 498 124 803 847 759 406 529 758 797 356 468 784 773 398 484 977 605 633
684 385 560 394 175 680 689 231 112 364 640 791 48 283 493 236 207 572 349 91 295 287 416 445 284 235 623 290 398 569 572 491 732 452 335 380 780 644 716 342 182 116 311 426 632 649 246 0 215 926 736 165 359 285 559 379 576 488 494 562 299 611 238 701 690 570 296 157 561 645 544 160 404 546 555 148 375 596 527 350 358 758 359 437
557 568 523 298 232 573 671 447 323 170 449 592 184 369 415 131 420 543 271 307 360 184 417 331 240 276 471 506 402 438 360 394 519 313 415 487 580 537 502 429 295 299 469 449 433 656 436 215 0 712 523 171 243 239 393 383 590 356 516 356 343 396 438 535 506 356 351 318 460 430 524 123 524 330 454 81 525 384 370 306 485 545 235 225
599 1226 835 689 906 665 950 1153 1035 609 367 247 896 1017 824 724 1123 861 792 1017 933 705 956 735 829 871 512 1216 870 586 355 677 273 681 1045 1063 237 663 210 1062 941 990 1110 1004 442 997 1142 926 712 0 267 848 731 770 491 862 974 694 951 444 901 315 1126 445 367 390 917 1019 668 303 874 789 1107 383 668 788 1146 384 527 846 1087 168 656 512
639 1081 809 608 680 699 949 968 837 383 372 360 698 777 559 578 943 836 542 828 818 579 698 474 587 743 527 1023 791 577 241 636 5 421 799 954 340 682 172 817 796 820 972 746 174 976 926 736 523 267 0 628 483 654 466 777 935 430 892 192 790 181 959 501 412 166 804 801 655 106 839 625 997 215 652 589 1019 142 490 594 968 185 553 299
725 549 660 453 61 737 801 369 226 245 617 754 117 197 328 276 354 676 183 236 435 335 273 281 119 360 642 408 515 606 510 552 624 293 244 537 740 700 643 258 333 281 476 295 500 773 297 165 171 848 628 0 198 368 565 495 702 327 622 441 430 535 397 707 675 467 431 172 620 551 653 222 564 466 614 100 540 486 541 188 519 686 397 337
758 745 762 532 226 787 912 566 424 150 583 693 311 296 174 374 553 783 61 435 593 424 233 90 109 510 656 601 645 644 437 622 478 95 316 710 675 753 543 334 507 473 665 278 329 899 471 359 243 731 483 198 0 482 572 626 833 129 759 291 580 440 595 700 645 342 585 352 682 429 766 355 742 375 676 235 727 348 560 115 699 584 464 240
404 459 291 115 414 396 435 443 382 388 425 581 296 548 654 108 407 309 508 342 166 75 638 570 468 103 362 518 164 295 429 208 651 549 599 300 576 360 569 610 187 271 341 663 617 416 525 285 239 770 654 368 482 0 316 145 350 592 279 533 136 485 384 448 461 501 150 441 277 548 287 146 344 438 271 272 376 537 278 537 319 606 115 398
196 770 351 212 625 243 483 753 669 424 123 272 549 763 737 322 718 378 623 636 464 276 790 635 617 419 84 825 383 110 232 187 467 591 808 584 270 220 323 822 503 579 652 829 518 518 804 559 393 491 466 565 572 316 0 377 486 629 460 442 431 288 700 143 146 374 447 698 190 368 387 398 628 288 187 470 677 409 39 671 615 346 207 359
392 415 186 173 534 360 309 473 455 533 499 649 405 660 795 253 436 194 648 409 116 217 768 714 603 143 392 548 20 313 542 206 775 695 712 209 648 328 673 720 218 321 300 788 756 278 596 379 383 862 777 495 626 145 377 0 208 737 133 671 91 601 392 482 521 633 104 535 257 671 164 276 252 563 253 405 309 670 338 673 245 706 224 539
409 490 140 335 739 351 133 621 636 734 607 737 607 859 1003 459 587 116 857 590 283 416 975 921 811 344 464 691 188 387 694 301 934 899 911 273 742 334 808 919 400 499 403 994 939 73 772 576 590 974 935 702 833 350 486 208 0 942 82 854 277 754 528 544 609 807 280 727 306 830 99 485 296 729 306 614 376 844 454 882 323 833 402 728
823 874 861 626 349 859 1012 693 550 215 615 700 440 392 130 483 681 883 156 563 714 527 273 54 224 630 713 725 757 714 452 708 425 42 399 835 681 828 529 416 634 602 794 322 258 1005 586 488 356 694 430 327 129 592 629 737 942 0 871 254 699 439 724 743 676 325 705 472 763 404 869 475 868 384 757 361 856 316 624 192 826 566 556 270
417 427 151 283 657 368 208 543 554 666 583 723 525 777 928 387 508 138 780 507 201 348 895 848 733 262 453 614 114 372 652 273 890 828 829 206 726 344 774 836 317 416 331 913 882 155 690 494 516 951 892 622 759 279 460 133 82 871 0 797 194 712 451 538 593 755 198 645 296 785 105 407 236 681 295 536 312 792 424 803 254 803 345 667
637 925 745 518 490 686 894 792 657 199 394 454 520 585 385 439 770 770 351 652 689 457 511 291 395 608 521 843 688 545 225 574 187 237 607 824 434 661 275 625 646 656 823 559 84 906 738 562 356 444 192 441 291 533 442 671 854 254 797 0 665 194 793 529 451 77 677 614 612 149 766 472 864 157 608 413 875 62 452 404 830 311 453 136
473 341 277 218 463 447 391 381 367 507 547 702 330 582 744 227 345 283 595 321 33 211 702 670 544 70 459 457 106 383 565 279 788 657 634 164 699 413 704 642 128 231 223 719 749 349 507 299 343 901 790 430 580 136 431 91 277 699 194 665 0 621 302 549 577 637 16 452 338 685 251 224 207 575 333 349 246 672 392 615 186 739 246 529
470 928 628 429 594 526 768 840 719 303 209 261 580 711 566 421 811 654 502 702 651 413 673 467 528 579 355 901 613 398 59 455 181 414 744 785 242 507 108 761 641 680 815 719 249 795 827 611 396 315 181 535 440 485 288 601 754 439 712 194 621 0 818 345 261 117 636 704 475 80 658 479 829 68 472 472 857 140 309 556 803 151 378 204
773 155 572 497 388 749 659 96 189 598 803 960 285 443 715 402 69 572 579 162 275 430 609 678 510 285 745 163 403 674 772 575 956 689 487 261 953 715 917 486 197 139 136 605 867 598 274 238 438 1126 959 397 595 384 700 392 528 724 451 793 302 818 0 833 844 793 288 296 638 863 538 338 259 757 633 383 193 822 663 571 216 958 494 663
153 891 404 336 767 220 506 890 811 550 136 199 693 904 858 465 854 428 754 777 582 417 924 755 753 548 90 964 484 170 304 277 503 708 949 692 208 218 334 964 635 716 773 964 593 558 947 701 535 445 501 707 700 448 143 482 544 743 538 529 549 345 833 0 90 454 566 841 242 421 448 541 734 372 243 613 791 483 174 804 728 340 346 473
238 917 469 358 736 304 583 893 802 495 61 129 676 870 796 457 859 495 702 772 610 416 874 693 708 564 145 965 525 222 227 321 414 644 912 729 132 297 244 928 648 720 798 917 511 630 933 690 506 367 412 675 645 461 146 521 609 676 593 451 577 261 844 90 0 374 594 821 303 334 510 532 773 296 303 586 823 401 185 754 761 251 350 410
566 917 691 472 521 618 837 802 671 222 318 378 532 628 454 417 776 717 403 661 663 426 571 357 439 585 450 857 648 480 149 518 162 303 655 799 358 594 205 672 633 654 810 618 143 855 764 570 356 390 166 467 342 501 374 633 807 325 755 77 637 117 793 454 374 0 649 640 551 86 715 461 841 86 546 423 858 37 387 458 810 244 410 133
489 324 288 235 462 462 398 369 359 516 564 719 329 579 748 237 332 293 599 313 16 224 702 676 546 75 476 444 117 400 580 295 802 664 631 150 715 428 719 638 120 222 207 718 760 353 498 296 351 917 804 431 585 150 447 104 280 705 198 677 16 636 288 566 594 649 0 447 353 699 261 230 193 589 349 353 230 685 408 617 170 755 261 540
835 450 718 547 126 836 843 234 108 418 766 911 150 147 435 381 234 729 316 148 444 436 314 420 248 391 768 253 554 719 674 646 797 446 195 508 898 799 812 198 328 235 411 309 670 800 124 157 318 1019 801 172 352 441 698 535 727 472 645 614 452 704 296 841 821 640 447 0 716 723 700 307 523 635 710 237 476 659 669 293 476 855 506 509
135 672 166 169 674 119 293 709 660 548 305 431 568 812 855 344 673 192 724 619 368 286 877 758 700 357 158 785 253 82 417 69 655 722 862 461 436 82 512 874 447 542 557 909 692 330 803 561 460 668 655 620 682 277 190 257 306 763 296 612 338 475 638 242 303 551 353 716 0 555 207 411 502 466 5 520 565 587 165 764 501 534 224 507
549 980 706 502 606 606 847 877 750 308 286 313 610 714 534 475 850 733 490 737 713 474 656 439 526 638 435 935 684 478 137 532 105 385 742 849 292 587 126 759 694 724 870 704 182 873 847 645 430 303 106 551 429 548 368 671 830 404 785 149 685 80 863 421 334 86 699 723 555 0 735 526 891 109 551 501 915 87 389 544 863 161 447 214
317 528 46 248 695 264 148 625 618 657 508 639 568 823 939 392 590 34 795 572 269 343 925 852 755 308 366 699 146 288 598 204 839 827 875 306 643 243 709 884 380 483 426 947 850 140 759 544 524 874 839 653 766 287 387 164 99 869 105 766 251 658 538 448 510 715 261 700 207 735 0 431 339 635 207 559 414 752 355 825 354 734 318 643
528 456 437 241 268 530 579 367 270 293 483 637 158 404 521 76 335 454 373 239 238 128 494 446 326 155 463 435 296 411 434 341 622 433 454 364 627 493 579 466 174 201 351 517 552 554 406 160 123 789 625 222 355 146 398 276 485 475 407 472 224 479 338 541 532 461 230 307 411 526 431 0 400 419 405 129 404 492 366 397 362 620 199 336
634 193 383 418 579 593 430 355 416 693 748 900 448 669 892 424 327 374 745 374 178 417 818 832 684 256 644 416 250 564 773 457 994 828 718 44 899 564 911 721 234 293 122 824 947 358 529 404 524 1107 997 564 742 344 628 252 296 868 236 864 207 829 259 734 773 841 193 523 502 891 339 400 0 782 499 507 80 875 589 753 46 946 453 727
481 872 609 397 525 531 754 775 653 235 237 319 513 643 509 366 747 636 436 637 603 364 609 408 460 528 365 836 577 394 69 436 213 356 676 739 301 508 177 693 585 619 761 654 229 775 758 546 330 383 215 466 375 438 288 563 729 384 681 157 575 68 757 372 296 86 589 635 466 109 635 419 782 0 462 405 806 121 301 490 753 220 339 137
140 668 167 163 668 125 296 704 654 543 303 431 562 806 849 339 667 193 718 613 364 280 871 752 694 352 158 780 250 81 414 64 652 717 856 458 436 88 510 868 441 537 553 903 688 331 797 555 454 668 652 614 676 271 187 253 306 757 295 608 333 472 633 243 303 546 349 710 5 551 207 405 499 462 0 514 562 583 162 758 498 532 218 502
625 524 563 353 156 636 707 380 249 215 530 673 109 295 394 176 356 581 246 239 359 234 366 326 197 278 545 434 426 506 439 452 585 322 343 474 661 600 580 357 272 250 435 392 484 683 356 148 81 788 589 100 235 272 470 405 614 361 536 413 349 472 383 613 586 423 353 237 520 501 559 129 507 405 514 0 495 448 444 267 464 622 296 289
699 114 456 465 546 661 509 287 368 695 794 948 422 624 868 441 263 449 724 330 213 444 781 816 659 277 701 343 312 622 803 515 1016 817 671 108 945 632 945 672 229 259 65 783 956 438 468 375 525 1146 1019 540 727 376 677 309 376 856 312 875 246 857 193 791 823 858 230 476 565 915 414 404 80 806 562 495 0 892 638 726 63 982 489 739
600 948 728 509 538 652 874 828 695 241 347 395 557 639 447 451 803 754 409 687 698 461 572 353 449 619 484 882 685 516 181 555 137 299 664 834 375 629 213 681 665 683 842 620 110 892 784 596 384 384 142 486 348 537 409 670 844 316 792 62 672 140 822 483 401 37 685 659 587 87 752 492 875 121 583 448 892 0 423 462 844 249 447 159
198 732 321 173 600 236 458 717 636 416 160 311 519 739 728 290 682 348 610 602 425 242 774 627 599 380 100 790 345 93 251 152 490 586 785 545 309 209 353 799 465 543 613 811 530 488 773 527 370 527 490 541 560 278 39 338 454 624 424 452 392 309 663 174 185 387 408 669 165 389 355 366 589 301 162 444 638 423 0 656 576 379 171 358
851 725 827 605 183 874 973 524 385 260 692 806 304 199 144 434 518 845 54 408 621 490 120 138 70 544 754 546 693 734 551 700 589 180 209 726 789 839 659 226 522 466 661 164 434 951 398 350 306 846 594 188 115 537 671 673 882 192 803 404 615 556 571 804 754 458 617 293 764 544 825 397 753 490 758 267 726 462 656 0 707 700 540 354
636 175 395 403 533 598 456 313 370 655 733 887 403 622 848 392 283 388 701 327 154 390 772 789 639 225 637 376 248 558 748 451 965 786 671 49 884 568 888 674 192 246 82 777 912 388 484 358 485 1087 968 519 699 319 615 245 323 826 254 830 186 803 216 728 761 810 170 476 501 863 354 362 46 753 498 464 63 844 576 707 0 925 431 693
489 1060 698 532 745 553 824 985 868 452 229 176 729 861 696 557 955 724 646 849 771 540 815 600 676 706 386 1048 715 451 186 532 189 547 892 902 156 543 43 910 774 821 945 862 335 864 977 758 545 168 185 686 584 606 346 706 833 566 803 311 739 151 958 340 251 244 755 855 534 161 734 620 946 220 532 622 982 249 379 700 925 0 493 354
330 574 305 70 452 339 456 545 466 342 311 467 356 591 638 125 510 328 502 431 277 71 652 545 476 218 264 618 238 212 321 159 551 514 640 409 462 303 458 653 298 371 456 684 537 458 605 359 235 656 553 397 464 115 207 224 402 556 345 453 246 378 494 346 350 410 261 506 224 447 318 199 453 339 218 296 489 447 171 540 431 493 0 325
555 791 626 394 393 595 777 669 538 98 348 452 399 507 386 303 644 651 300 528 553 323 474 283 323 471 444 724 556 450 196 461 295 235 539 687 435 566 311 556 510 524 687 519 220 783 633 437 225 512 299 337 240 398 359 539 728 270 667 136 529 204 663 473 410 133 540 509 507 214 643 336 727 137 502 289 739 159 358 354 693 354 325 0
