148
0 413 311 145 731 603 245 269 777 197 669 273 958 935 580 638 329 323 285 188 369 674 491 762 331 178 642 656 496 388 605 476 830 557 665 483 317 387 584 403 316 137 687 383 232 736 291 539 515 245 373 342 617 537 158 614 212 307 606 671 175 143 761 382 335 433 342 253 379 701 491 579 544 126 306 748 705 324 727 498 184 798 627 411 522 719 566 572 561 142 179 720 228 542 333 780 379 540 259 834 774 879 245 790 443 218 949 300 708 758 566 555 806 328 365 145 118 648 597 847 525 779 841 536 667 452 289 334 715 252 420 833 653 515 391 694 644 271 446 645 301 380 819 683 655 632 931 227
413 0 214 457 323 189 368 475 549 217 275 425 744 742 530 394 88 292 140 484 372 402 529 351 499 496 841 271 83 390 233 64 417 620 807 649 97 112 191 215 627 534 513 296 513 443 474 760 594 551 248 603 204 637 554 277 365 511 530 379 262 449 391 558 152 126 71 544 680 677 209 287 359 406 277 567 370 263 430 626 565 385 742 220 253 725 497 708 582 472 266 710 595 402 320 366 236 214 549 508 494 601 327 583 656 274 692 329 304 375 550 458 447 337 168 414 296 240 599 496 791 493 494 802 335 178 303 522 503 189 502 428 551 371 657 281 793 226 248 598 583 464 406 626 379 588 741 484
311 214 0 288 517 370 163 492 477 186 483 461 667 651 353 330 193 79 111 303 163 364 325 500 539 459 626 370 284 183 447 253 583 415 595 434 182 283 311 92 434 448 401 106 321 425 503 546 385 526 71 606 375 426 409 311 384 302 365 360 138 411 461 344 63 150 178 526 480 498 184 269 245 243 366 463 397 51 416 413 493 543 532 100 212 538 325 495 384 306 262 528 427 261 107 534 375 238 532 523 464 571 371 497 443 97 645 403 504 465 362 297 502 424 67 243 227 437 408 540 581 468 533 592 359 367 376 554 418 236 290 621 400 229 450 460 580 39 136 424 384 249 582 458 344 412 648 290
145 457 288 0 780 639 153 415 704 269 730 418 873 845 471 582 388 264 317 43 277 625 368 784 477 316 497 658 539 292 676 513 863 423 519 338 374 466 596 373 185 238 604 321 87 690 437 395 381 379 330 479 649 397 129 597 352 164 502 630 195 287 749 239 336 435 392 391 247 578 470 548 479 51 429 662 679 277 683 357 290 825 483 379 491 589 463 428 435 19 289 592 140 464 260 813 490 526 396 795 720 819 378 710 297 194 879 433 762 753 449 462 786 461 354 45 209 697 473 821 387 727 813 399 642 542 417 479 642 341 293 885 552 442 249 732 498 254 406 530 160 258 857 568 609 517 840 82
731 323 517 780 0 148 680 729 626 533 84 673 790 809 745 511 401 584 463 806 651 484 786 149 732 784 1125 249 240 664 161 267 134 873 1073 936 414 354 239 474 946 842 649 565 832 482 720 1055 857 828 522 855 149 903 876 346 636 819 730 448 585 741 322 856 456 374 391 816 996 879 402 410 543 729 514 683 381 556 469 903 866 135 1002 474 424 937 709 980 823 795 566 916 919 601 609 100 433 354 820 475 530 608 587 671 956 592 702 563 30 280 780 665 375 556 454 736 612 83 828 421 1096 521 428 1107 373 325 545 758 609 486 781 105 730 578 968 74 1062 539 480 801 899 749 105 818 467 794 812 802
603 189 370 639 148 0 533 641 526 406 141 587 706 717 607 392 275 436 324 663 503 375 641 168 654 678 978 155 107 516 160 127 227 729 927 787 286 253 106 326 801 722 529 418 687 389 636 907 711 728 374 770 23 757 742 229 537 672 595 341 447 631 268 707 310 226 261 719 849 745 259 283 407 589 429 571 292 408 376 756 751 197 857 327 286 801 571 833 680 655 450 781 779 463 461 177 360 217 723 414 441 535 493 568 807 449 630 481 140 236 639 527 328 481 306 595 485 77 688 378 948 435 381 959 272 259 458 679 498 370 633 251 600 439 820 92 916 393 334 666 753 600 218 686 355 658 719 657
245 368 163 153 680 533 0 494 551 244 642 480 724 697 335 428 322 115 237 152 127 473 252 661 551 421 486 526 444 144 600 414 746 328 475 298 309 412 473 233 271 371 452 169 161 537 511 397 289 490 185 584 539 320 283 455 404 142 362 479 152 381 607 198 223 312 317 497 316 459 330 401 326 128 437 512 532 134 531 292 422 706 421 237 346 482 321 375 321 172 301 480 279 311 107 698 474 389 503 644 567 665 412 559 292 102 726 459 665 616 322 314 640 485 229 116 229 599 355 673 422 574 664 434 496 496 436 560 489 318 188 784 410 288 289 623 457 142 259 400 221 143 745 438 457 387 692 130
269 475 492 415 729 641 494 0 966 309 650 57 1159 1143 820 814 392 538 409 457 604 839 746 809 63 123 909 746 540 626 573 536 854 819 934 752 388 387 667 575 573 237 894 591 501 893 25 806 778 116 564 128 662 803 385 741 112 575 841 826 367 130 866 651 483 557 415 98 636 952 637 729 737 392 215 955 836 527 881 766 217 833 895 583 678 977 799 841 816 410 233 974 469 752 556 806 297 668 99 974 939 1048 148 989 712 428 1130 166 701 850 813 780 921 178 521 412 273 657 849 969 784 941 966 795 799 404 184 66 909 291 680 818 883 721 655 719 913 459 622 889 566 636 832 926 817 876 1141 496
777 549 477 704 626 526 551 966 0 657 660 930 195 194 297 156 602 453 559 695 427 152 416 498 1008 935 728 379 542 415 684 520 583 454 633 593 600 662 422 391 762 912 113 393 685 145 975 712 470 1003 407 1083 508 507 833 297 855 608 259 184 613 888 321 582 484 429 578 1004 773 349 343 263 233 677 809 85 245 453 157 539 961 540 564 383 298 409 279 577 393 723 733 382 815 240 448 562 784 338 1010 209 105 132 834 46 654 560 174 855 638 363 344 257 293 870 446 667 704 594 370 279 789 118 266 796 255 721 827 1026 62 687 472 690 217 263 719 554 634 514 344 299 708 480 608 289 174 303 195 658
197 217 186 269 533 406 244 309 657 0 474 275 850 835 531 505 132 244 104 305 322 532 480 567 353 294 727 471 299 344 413 281 634 564 719 542 120 198 395 266 453 318 587 289 343 588 318 632 528 357 257 428 421 563 345 445 198 374 546 521 92 245 584 439 175 259 145 354 512 672 332 424 429 219 194 648 540 226 577 537 352 602 665 273 371 706 506 620 546 279 76 699 398 447 267 583 231 371 360 675 632 741 186 680 527 148 821 223 511 575 533 481 634 247 212 233 79 451 575 678 643 635 674 655 502 273 198 369 600 76 426 636 584 415 503 497 701 156 313 602 418 381 622 637 510 589 833 320
669 275 483 730 84 141 642 650 660 474 0 593 835 849 746 531 344 556 414 759 630 512 774 219 650 711 1104 282 199 644 78 230 218 863 1059 913 357 285 246 455 903 774 670 546 788 520 640 1028 843 752 500 775 154 888 819 368 560 785 735 477 535 669 376 827 421 352 338 739 955 886 397 424 548 679 436 710 420 527 507 884 795 215 991 456 426 941 710 964 816 744 499 922 867 603 582 181 353 358 743 529 571 657 511 704 926 549 753 484 54 337 777 667 433 475 425 688 551 66 826 481 1064 563 486 1075 405 246 467 677 636 420 760 168 741 578 932 121 1048 500 469 806 859 725 190 827 493 799 852 760
273 425 461 418 673 587 480 57 930 275 593 0 1123 1110 798 776 345 513 370 461 584 799 731 755 78 160 916 696 487 605 516 485 798 808 934 751 342 333 616 539 586 270 862 563 506 850 49 813 768 169 532 183 608 795 405 695 77 574 817 784 343 149 817 648 446 514 368 152 650 934 595 687 703 389 159 923 790 499 839 761 258 778 891 547 637 962 776 839 800 415 198 957 488 722 533 750 240 624 155 928 898 1007 98 954 716 405 1091 109 644 799 795 754 873 121 483 409 252 601 833 921 798 899 918 808 753 348 128 97 873 246 668 761 857 690 664 664 913 429 586 868 575 624 776 904 776 855 1108 497
958 744 667 873 790 706 724 1159 195 850 835 1123 0 51 422 351 798 635 754 858 597 342 544 650 1202 1122 803 553 733 581 866 712 725 555 696 705 795 856 606 584 905 1092 271 576 843 316 1168 810 583 1191 596 1273 686 609 1000 483 1048 758 384 370 800 1075 469 719 677 625 774 1192 906 404 538 456 421 852 1004 211 414 639 330 650 1142 687 637 576 494 451 418 666 502 892 926 426 972 416 626 714 979 531 1198 322 264 186 1029 169 774 745 108 1050 805 512 461 411 424 1066 640 840 893 769 468 390 894 271 379 899 434 914 1023 1219 249 882 613 840 332 443 849 721 704 703 537 391 854 630 754 363 366 400 59 818
935 742 651 845 809 717 697 1143 194 835 849 1110 51 0 385 347 791 614 742 828 570 345 507 672 1189 1102 755 567 736 553 876 714 751 512 648 663 788 854 615 571 868 1067 250 556 810 329 1153 765 541 1171 579 1255 698 566 970 490 1034 723 348 376 782 1056 492 681 666 620 767 1173 866 357 533 456 406 825 996 188 429 620 342 608 1118 711 590 563 489 402 384 621 461 863 912 377 939 394 602 736 975 532 1179 350 278 217 1017 158 732 724 152 1041 823 535 422 382 450 1057 629 812 875 782 426 420 850 287 409 855 445 915 1013 1205 240 872 577 864 297 423 809 738 656 685 524 349 818 597 779 319 368 359 8 786
580 530 353 471 745 607 335 820 297 531 746 798 422 385 0 269 539 287 464 449 215 318 123 659 874 756 439 511 568 194 738 536 754 160 354 295 531 625 506 315 483 704 185 247 427 370 835 414 172 825 291 917 599 210 592 410 720 338 38 348 455 714 523 297 397 410 521 831 485 147 349 340 203 460 719 225 429 306 373 242 756 708 282 310 321 196 36 284 98 488 604 180 555 144 265 716 727 391 837 475 368 429 716 281 359 392 456 754 745 553 47 80 524 776 368 444 547 684 86 532 491 380 520 498 410 704 728 885 245 589 191 835 89 168 429 673 351 375 284 70 432 215 768 106 320 58 379 405
638 394 330 582 511 392 428 814 156 505 531 776 351 347 269 0 446 320 405 579 316 50 360 403 854 789 704 262 393 310 545 369 496 425 624 540 444 506 285 240 668 775 138 261 577 113 821 665 427 856 264 933 377 471 711 164 702 512 242 78 468 741 253 504 330 273 422 855 690 380 186 112 104 549 652 180 160 314 111 491 821 450 551 232 142 440 237 549 365 601 581 417 704 145 321 464 628 187 861 224 138 241 680 189 590 419 316 699 517 286 314 196 256 714 293 541 557 465 356 270 733 145 259 742 146 568 672 873 110 532 396 589 227 150 641 436 620 368 194 307 613 390 514 316 50 304 347 547
329 88 193 388 401 275 322 392 602 132 344 345 798 791 539 446 0 271 86 420 356 462 518 439 421 408 807 356 167 376 288 152 502 608 784 616 14 91 277 231 566 447 551 293 452 509 393 720 577 464 248 519 291 617 476 350 281 464 545 444 193 360 475 519 141 174 24 457 622 686 259 347 392 337 207 610 445 244 497 601 477 472 723 237 303 729 509 684 577 401 177 717 523 427 299 452 189 280 462 583 558 667 246 632 615 221 754 256 380 460 553 475 529 268 173 347 211 318 600 577 742 558 573 754 409 175 228 442 551 102 480 504 574 394 605 366 768 189 273 610 525 437 490 641 438 598 790 425
323 292 79 264 584 436 115 538 453 244 556 513 635 614 287 320 271 0 187 267 84 362 247 554 589 488 549 415 358 105 524 326 641 336 515 357 260 362 366 120 382 459 364 60 275 426 551 472 306 557 70 644 439 347 392 340 435 238 303 366 171 442 492 271 140 210 258 560 421 429 216 286 221 228 433 426 417 29 419 334 507 599 452 123 230 465 263 416 308 283 317 456 394 219 28 594 450 276 566 531 458 560 429 467 371 110 626 467 573 502 290 242 525 489 131 221 265 507 334 558 512 465 550 522 381 446 441 602 391 304 210 688 344 191 387 524 501 89 144 357 330 171 642 393 345 345 610 244
285 140 111 317 463 324 237 409 559 104 414 370 754 742 464 405 86 187 0 344 272 430 434 478 448 399 721 371 222 292 366 197 551 523 698 530 73 177 298 171 488 415 496 216 374 484 415 634 492 462 175 530 336 532 417 341 297 379 474 418 123 350 481 433 76 154 79 458 542 610 228 321 336 266 258 556 435 162 473 514 452 516 637 178 269 650 435 598 495 332 177 639 456 362 215 500 263 266 464 570 530 639 275 585 529 137 721 300 444 474 474 405 530 319 113 274 174 380 520 574 659 532 569 670 397 262 272 467 504 130 394 568 506 330 522 417 682 102 217 535 445 351 542 568 408 523 740 346
188 484 303 43 806 663 152 457 695 305 759 461 858 828 449 579 420 267 344 0 267 624 340 802 520 356 454 673 566 279 708 538 884 389 478 297 406 500 614 382 147 272 591 322 44 689 480 351 347 418 336 518 672 361 143 606 396 127 481 632 226 329 758 201 356 452 421 430 207 548 480 553 475 86 471 648 685 284 683 319 324 845 444 387 498 557 443 388 406 48 330 561 126 454 259 834 530 538 436 796 717 813 422 698 254 214 869 476 789 765 423 447 793 504 370 72 250 723 444 826 345 725 817 356 649 578 460 521 632 379 265 911 532 435 206 756 456 272 411 504 117 233 880 542 609 492 822 45
369 372 163 277 651 503 127 604 427 322 630 584 597 570 215 316 356 84 272 267 0 363 162 606 659 542 474 461 433 21 602 400 697 251 434 284 344 446 423 177 353 498 326 86 261 428 619 404 222 611 129 703 503 264 406 375 506 199 238 376 240 499 522 210 221 278 342 616 382 351 262 311 211 255 514 385 439 111 424 255 549 653 369 177 262 384 197 336 225 296 392 377 390 187 56 651 534 321 622 538 452 546 505 433 308 178 602 545 643 538 211 187 547 569 206 243 332 577 253 574 453 460 565 463 406 530 520 670 365 386 131 753 284 168 339 587 420 172 181 284 299 97 702 321 351 271 565 232
674 402 364 625 484 375 473 839 152 532 512 799 342 345 318 50 462 362 430 624 363 0 411 367 877 821 754 235 391 359 533 369 458 475 672 591 461 515 271 272 716 812 170 303 624 65 845 716 477 887 302 960 358 521 754 146 727 560 288 36 502 772 208 554 357 288 438 885 740 421 203 115 153 590 669 199 116 353 60 542 857 414 600 264 161 482 286 599 414 644 607 458 750 196 365 430 638 188 891 174 100 208 701 193 641 457 292 717 493 243 363 246 206 731 320 584 588 445 404 219 784 104 208 793 111 571 690 896 124 553 447 557 269 199 691 410 669 403 228 351 662 440 479 357 23 349 347 594
491 529 325 368 786 641 252 746 416 480 774 731 544 507 123 360 518 247 434 340 162 411 0 720 804 669 349 571 582 142 754 550 814 90 286 181 507 608 549 320 361 605 302 232 313 470 764 305 71 737 280 833 637 117 482 473 655 221 161 435 393 631 604 174 381 423 503 745 362 210 384 403 269 366 674 347 512 273 470 131 658 769 216 318 369 230 136 196 69 383 546 228 438 216 219 772 696 437 751 578 476 547 659 403 238 332 579 702 781 629 86 166 615 727 361 348 479 717 105 630 376 487 618 384 487 692 678 812 360 547 75 883 212 223 306 717 276 334 306 166 311 111 823 203 407 153 500 295
762 351 500 784 149 168 661 809 498 567 219 755 650 672 659 403 439 554 478 802 606 367 720 0 822 845 1068 149 273 614 283 287 94 801 1003 884 449 422 188 434 933 885 537 520 821 352 804 1008 791 897 484 938 149 838 894 249 706 792 638 331 598 799 180 816 447 350 422 887 975 782 344 320 458 735 596 563 254 529 340 845 917 48 931 432 351 842 624 917 746 800 616 819 923 516 574 64 525 286 892 330 396 465 662 544 915 589 558 648 173 137 699 579 229 647 433 738 646 171 745 273 1060 386 280 1070 257 420 626 847 490 537 728 192 630 500 940 101 996 530 426 707 882 703 111 719 354 702 676 790
331 499 539 477 732 654 551 63 1008 353 650 78 1202 1189 874 854 421 589 448 520 659 877 804 822 0 183 972 769 558 680 572 557 860 878 996 815 418 403 690 618 636 298 940 640 564 928 40 869 837 161 610 130 676 863 447 771 155 637 893 862 419 193 891 713 524 591 445 141 699 1008 674 765 782 453 226 1001 866 576 916 827 273 842 957 626 716 1034 852 903 873 472 276 1031 532 800 609 813 298 701 140 1005 976 1085 175 1033 775 481 1169 173 703 872 869 831 947 175 562 473 326 663 906 996 848 977 993 858 830 407 197 26 952 324 738 816 934 768 718 728 976 507 665 943 630 695 836 980 854 930 1186 558
178 496 459 316 784 678 421 123 935 294 711 160 1122 1102 756 789 408 488 399 356 542 821 669 845 183 0 800 762 572 562 637 561 900 734 833 653 400 431 685 549 458 114 852 546 398 879 149 696 693 69 527 164 696 713 266 740 153 480 781 813 322 49 877 555 466 553 428 75 520 879 625 717 702 304 282 914 834 483 868 673 98 875 800 556 662 898 740 744 739 307 231 898 350 708 501 851 369 665 81 969 921 1029 204 953 607 377 1105 247 758 867 743 727 928 269 501 323 232 706 775 973 669 924 968 679 796 469 253 176 875 308 598 880 826 679 544 764 812 421 594 822 458 558 883 860 799 809 1098 398
642 841 626 497 1125 978 486 909 728 727 1104 916 803 755 439 704 807 549 721 454 474 754 349 1068 972 800 0 919 907 461 1074 874 1161 279 111 192 794 898 893 651 346 699 620 560 409 809 932 104 278 856 604 956 977 233 541 822 849 353 474 781 635 779 952 288 689 753 799 871 290 399 727 752 618 531 912 647 860 578 811 222 746 1116 166 651 716 354 467 155 340 500 771 378 460 563 522 1118 958 783 876 914 807 859 872 703 201 589 868 924 1117 978 392 507 960 952 679 512 691 1052 359 971 159 819 959 155 836 982 906 972 682 802 344 1225 511 572 256 1059 99 619 646 430 343 379 1169 447 753 425 747 420
656 271 370 658 249 155 526 746 379 471 282 696 553 567 511 262 356 415 371 673 461 235 571 149 769 762 919 0 216 468 315 212 243 652 854 736 363 369 79 295 797 787 400 377 688 238 745 861 642 820 344 875 133 688 775 101 636 652 491 198 484 714 122 671 325 224 335 814 836 637 200 171 309 612 545 434 138 392 224 697 823 198 782 291 202 696 476 767 596 676 532 674 797 367 433 205 489 140 819 260 289 380 598 424 769 465 475 597 258 104 550 431 181 602 304 613 546 215 597 231 914 282 231 924 124 398 572 793 360 458 580 327 486 350 798 175 846 404 280 561 745 557 256 575 217 556 569 656
496 83 284 539 240 107 444 540 542 299 199 487 733 736 568 393 167 358 222 566 433 391 582 273 558 572 907 216 0 448 171 32 334 673 866 715 179 155 139 262 707 615 523 351 592 421 536 829 650 624 304 669 124 695 638 251 434 585 562 362 345 525 339 628 221 160 154 615 758 712 224 281 381 488 331 573 336 329 407 688 644 304 798 265 262 764 533 769 630 554 343 747 678 431 384 284 273 205 619 470 474 577 391 581 727 353 670 384 223 315 594 491 397 387 227 496 378 157 643 448 865 470 447 876 306 185 360 582 504 264 564 345 577 402 733 198 853 302 284 633 661 528 323 658 368 623 737 563
388 390 183 292 664 516 144 626 415 344 644 605 581 553 194 310 376 105 292 279 21 359 142 614 680 562 461 468 448 0 618 416 706 232 417 272 365 466 433 189 357 516 312 98 270 423 641 394 203 631 144 723 515 247 419 379 528 201 218 373 262 520 524 204 240 292 361 637 383 329 269 313 205 272 536 370 439 131 419 240 567 662 351 189 267 362 177 320 204 310 413 355 400 176 78 661 555 328 643 533 445 536 526 419 301 200 590 567 656 542 190 170 547 591 223 259 353 590 231 572 446 453 562 456 407 550 542 691 353 408 116 764 265 160 337 598 404 193 188 262 303 89 711 300 347 249 549 242
605 233 447 676 161 160 600 573 684 413 78 516 866 876 738 545 288 524 366 708 602 533 754 283 572 637 1074 315 171 618 0 203 294 844 1036 881 302 218 262 434 854 705 681 521 739 550 563 993 821 676 474 698 181 865 758 387 486 743 731 500 481 597 423 791 384 331 287 663 908 882 391 434 546 625 360 726 453 495 536 857 724 287 969 436 426 934 703 938 801 689 431 917 810 599 551 254 276 361 667 573 602 695 436 726 889 503 791 407 131 386 765 661 481 398 395 635 489 112 814 532 1023 596 535 1035 432 169 391 599 653 353 733 244 743 571 888 181 1023 459 455 802 812 695 267 825 512 793 878 712
476 64 253 513 267 127 414 536 520 281 230 485 712 714 536 369 152 326 197 538 400 369 550 287 557 561 874 212 32 416 203 0 354 640 833 682 162 158 132 230 679 598 496 318 564 403 534 798 617 615 271 664 140 662 615 233 427 555 531 342 320 513 334 596 190 127 135 607 729 681 195 257 351 463 332 547 322 297 390 656 630 321 766 232 235 732 502 736 597 529 330 716 653 400 352 303 281 181 612 459 455 560 387 557 696 325 653 385 252 314 562 460 391 390 195 469 360 185 611 441 834 453 440 845 290 201 359 581 479 253 531 372 547 371 703 220 820 272 252 601 632 495 345 627 346 592 714 534
830 417 583 863 134 227 746 854 583 634 218 798 725 751 754 496 502 641 551 884 697 458 814 94 860 900 1161 243 334 706 294 354 0 895 1098 977 514 470 275 523 1018 949 629 611 905 438 846 1100 885 948 573 981 214 931 968 344 755 880 732 422 673 855 262 907 528 434 488 937 1062 875 436 414 552 813 638 652 344 615 427 939 977 45 1025 521 445 935 718 1010 840 879 676 912 1003 610 662 50 561 378 941 403 480 539 709 629 1006 670 628 689 164 220 793 674 301 684 517 818 713 197 840 338 1150 469 347 1160 349 452 669 886 579 595 820 119 723 594 1028 137 1090 612 517 801 968 794 34 812 447 796 756 874
557 620 415 423 873 729 328 819 454 564 863 808 555 512 160 425 608 336 523 389 251 475 90 801 878 734 279 652 673 232 844 640 895 0 202 150 596 698 635 410 376 661 343 323 356 530 837 258 42 801 371 899 724 54 525 552 732 263 196 503 475 699 676 196 472 513 593 810 361 171 470 482 345 430 758 377 583 363 532 96 713 850 130 408 452 167 188 124 61 436 627 175 470 288 308 855 784 521 816 635 528 586 739 434 222 416 605 784 869 704 113 229 681 810 452 411 557 805 87 692 339 540 680 345 561 782 761 885 405 633 140 968 238 301 304 803 195 422 394 164 334 184 906 193 475 156 505 344
665 807 595 519 1073 927 475 934 633 719 1059 934 696 648 354 624 784 515 698 478 434 672 286 1003 996 833 111 854 866 417 1036 833 1098 202 0 182 771 875 836 604 398 741 528 514 435 724 956 170 216 894 561 994 924 171 586 755 863 360 386 702 627 807 876 286 655 707 773 907 353 293 670 684 547 544 911 550 783 544 727 183 790 1052 72 602 654 245 386 100 259 526 773 270 511 489 487 1057 949 723 912 826 717 762 879 604 228 574 765 929 1067 905 310 429 879 956 640 525 696 1003 269 886 250 729 873 249 762 960 908 999 590 793 305 1169 418 503 306 1004 22 595 592 333 380 346 1108 346 674 331 639 438
483 649 434 338 936 787 298 752 593 542 913 751 705 663 295 540 616 357 530 297 284 591 181 884 815 653 192 736 715 272 881 682 977 150 182 0 603 707 705 461 241 565 480 370 256 651 774 125 123 715 413 816 787 98 415 643 681 177 334 615 450 625 780 104 497 562 607 728 215 319 541 574 446 362 732 520 690 386 651 54 615 932 148 461 533 301 315 90 204 346 592 316 347 395 330 932 773 598 733 760 657 725 698 577 73 400 751 748 927 803 250 348 794 776 487 342 514 861 236 811 196 668 799 203 663 792 728 817 539 617 156 1036 381 398 159 870 162 428 460 314 210 187 983 343 587 304 655 256
317 97 182 374 414 286 309 388 600 120 357 342 795 788 531 444 14 260 73 406 344 461 507 449 418 400 794 363 179 365 302 162 514 596 771 603 0 104 284 224 552 436 547 284 438 510 390 706 565 457 239 514 302 605 462 353 276 450 537 444 179 352 480 506 133 173 28 451 608 677 258 347 387 323 208 605 448 233 498 588 467 483 711 231 302 719 500 671 567 387 169 708 509 420 288 463 197 282 456 586 558 667 243 629 601 207 754 256 393 467 543 467 534 270 166 333 199 331 590 581 728 559 578 740 411 188 228 440 548 96 468 518 567 387 591 377 756 176 268 601 511 425 502 633 438 590 786 411
387 112 283 466 354 253 412 387 662 198 285 333 856 854 625 506 91 362 177 500 446 515 608 422 403 431 898 369 155 466 218 158 470 698 875 707 104 0 290 311 648 489 622 381 535 555 383 809 668 477 334 516 274 709 541 388 285 553 628 492 275 387 492 610 228 235 105 467 705 772 320 400 466 415 176 678 479 335 542 692 511 447 814 317 364 816 593 775 666 477 214 803 596 505 390 421 124 327 471 617 607 713 240 695 704 310 804 229 328 470 640 557 549 232 256 427 271 275 688 599 830 605 598 841 446 84 205 427 615 135 571 452 654 473 691 334 860 280 350 694 610 529 452 725 491 683 854 510
584 191 311 596 239 106 473 667 422 395 246 616 606 615 506 285 277 366 298 614 423 271 549 188 690 685 893 79 139 433 262 132 275 635 836 705 284 290 0 248 744 713 423 337 633 290 666 828 621 742 298 795 93 667 709 125 557 605 492 238 415 636 201 632 260 161 256 735 787 642 165 177 305 548 465 465 199 341 277 670 748 233 765 247 185 699 470 745 584 614 454 678 736 362 387 228 411 115 740 331 343 442 519 464 732 402 537 517 238 183 541 426 259 523 244 551 471 181 589 309 875 338 308 886 172 323 492 713 392 380 549 333 495 339 753 168 826 342 246 563 694 521 278 582 250 556 616 602
403 215 92 373 474 326 233 575 391 266 455 539 584 571 315 240 231 120 171 382 177 272 320 434 618 549 651 295 262 189 434 230 523 410 604 461 224 311 248 0 502 541 325 91 394 332 584 581 388 615 50 692 326 433 497 224 464 358 317 268 230 500 376 384 95 103 210 615 541 462 97 177 165 331 428 385 307 98 323 429 586 481 536 7 120 509 282 508 368 392 342 495 508 195 139 476 421 156 621 430 372 479 445 414 483 189 556 471 466 383 335 245 412 489 58 328 317 400 384 449 627 376 442 637 269 389 443 635 334 301 306 575 343 162 505 410 592 132 46 383 450 274 526 413 251 373 569 363
316 627 434 185 946 801 271 573 762 453 903 586 905 868 483 668 566 382 488 147 353 716 361 933 636 458 346 797 707 357 854 679 1018 376 398 241 552 648 744 502 0 354 651 427 114 781 597 242 338 511 453 611 808 332 195 721 528 156 520 730 373 443 872 187 491 583 567 527 63 547 598 662 563 234 613 702 791 405 777 284 400 977 385 506 609 539 489 327 413 179 474 550 114 529 366 969 676 658 532 891 801 888 559 757 173 354 932 614 930 883 446 505 900 642 500 220 395 865 451 928 211 810 918 222 757 726 600 633 701 527 292 1051 572 518 91 893 375 407 523 523 54 282 1016 559 705 512 861 144
137 534 448 238 842 722 371 237 912 318 774 270 1092 1067 704 775 447 459 415 272 498 812 605 885 298 114 699 787 615 516 705 598 949 661 741 565 436 489 713 541 354 0 820 519 310 873 263 595 619 157 510 256 738 633 158 750 242 399 732 809 312 123 895 473 470 567 463 173 414 816 627 716 680 243 367 881 841 460 864 591 52 919 713 548 659 828 692 656 673 225 275 831 242 676 466 899 451 675 178 971 911 1016 291 925 512 355 1085 342 817 890 685 685 941 366 501 259 241 761 711 983 562 916 977 572 803 541 341 289 850 355 531 942 781 650 443 812 719 409 583 765 361 495 935 804 792 752 1063 317
687 513 401 604 649 529 452 894 113 587 670 862 271 250 185 138 551 364 496 591 326 170 302 537 940 852 620 400 523 312 681 496 629 343 528 480 547 622 423 325 651 820 0 306 579 204 904 599 357 921 330 1005 515 395 732 303 785 498 147 206 531 806 376 470 420 387 529 923 661 257 304 247 160 580 753 61 286 369 211 426 870 584 457 318 262 318 166 467 282 622 663 292 709 144 354 600 740 319 929 298 189 245 770 107 541 474 281 796 656 413 231 146 363 814 384 569 625 603 261 362 676 202 350 683 280 690 769 956 62 627 360 726 110 173 607 575 528 435 279 195 598 370 649 193 183 196 247 552
383 296 106 321 565 418 169 591 393 289 546 563 576 556 247 261 293 60 216 322 86 303 232 520 640 546 560 377 351 98 521 318 611 323 514 370 284 381 337 91 427 519 306 0 326 368 603 491 299 614 48 699 417 343 450 294 485 277 258 310 225 499 444 295 152 193 276 617 461 393 176 235 161 288 472 368 365 64 361 338 567 567 447 91 182 435 219 418 286 340 365 424 448 162 62 565 479 236 623 474 399 500 475 407 394 168 566 509 557 457 259 192 474 531 128 280 320 492 306 505 539 406 496 549 330 463 482 654 331 342 215 666 295 132 422 501 502 133 97 318 373 183 615 352 288 306 553 294
232 513 321 87 832 687 161 501 685 343 788 506 843 810 427 577 452 275 374 44 261 624 313 821 564 398 409 688 592 270 739 564 905 356 435 256 438 535 633 394 114 310 579 326 0 689 523 307 314 459 346 560 695 324 169 616 440 93 462 634 259 372 768 163 377 471 452 472 170 519 491 560 472 127 513 634 691 296 684 280 361 865 403 398 506 523 425 346 377 91 372 529 130 446 263 856 570 551 477 798 714 807 465 686 210 239 859 519 816 777 398 433 799 547 388 110 291 750 415 830 303 722 821 314 656 615 503 565 623 418 238 937 513 430 163 779 413 294 419 479 75 213 902 517 610 467 804 31
736 443 425 690 482 389 537 893 145 588 520 850 316 329 370 113 509 426 484 689 428 65 470 352 928 879 809 238 421 423 550 403 438 530 724 651 510 555 290 332 781 873 204 368 689 0 898 775 535 944 365 1015 370 577 818 170 780 625 338 66 562 830 177 617 413 336 485 942 804 461 256 163 218 654 716 215 100 417 13 601 918 395 652 325 216 522 341 654 468 709 661 497 815 257 430 416 679 229 948 110 52 158 752 191 702 519 249 765 494 218 416 304 159 777 377 648 647 453 454 162 845 49 150 853 117 605 738 948 146 604 509 545 311 263 755 410 722 464 290 396 726 503 462 397 81 396 331 659
291 474 503 437 720 636 511 25 975 318 640 49 1168 1153 835 821 393 551 415 480 619 845 764 804 40 149 932 745 536 641 563 534 846 837 956 774 390 383 666 584 597 263 904 603 523 898 0 829 797 138 574 135 657 822 409 743 119 596 855 831 380 154 866 672 491 561 417 119 660 968 642 734 747 412 207 966 838 539 886 786 242 826 916 591 684 994 814 862 833 432 241 991 493 764 570 798 286 672 120 976 944 1054 147 998 734 442 1137 157 691 849 829 793 921 165 528 432 287 649 866 970 808 946 967 819 802 395 177 51 918 294 698 807 896 732 678 713 935 470 630 904 590 654 824 941 823 891 1151 518
539 760 546 395 1055 907 397 806 712 632 1028 813 810 765 414 665 720 472 634 351 404 716 305 1008 869 696 104 861 829 394 993 798 1100 258 170 125 706 809 828 581 242 595 599 491 307 775 829 0 242 752 532 852 908 205 437 768 748 258 452 740 541 676 906 202 609 680 713 767 189 410 664 700 572 430 814 635 816 501 775 174 642 1056 189 582 658 378 437 145 318 397 673 398 357 521 446 1055 864 722 772 884 780 844 771 692 105 499 864 825 1045 928 368 471 920 853 603 412 593 979 345 936 86 791 924 89 788 893 807 868 660 708 280 1157 496 524 152 991 149 535 583 422 239 307 1106 447 712 415 757 320
515 594 385 381 857 711 289 778 470 528 843 768 583 541 172 427 577 306 492 347 222 477 71 791 837 693 278 642 650 203 821 617 885 42 216 123 565 668 621 388 338 619 357 299 314 535 797 242 0 759 346 857 708 46 483 544 693 221 211 504 438 658 674 155 444 491 564 768 327 210 455 474 339 389 722 396 582 333 536 69 671 840 148 386 440 209 195 125 80 394 590 216 429 285 277 843 750 508 774 642 538 602 701 453 191 380 627 747 851 700 126 231 683 773 426 370 518 787 115 696 318 549 685 325 557 752 724 844 417 598 101 954 257 294 269 788 205 390 376 192 294 146 895 224 475 182 534 302
245 551 526 379 828 728 490 116 1003 357 752 169 1191 1171 825 856 464 557 462 418 611 887 737 897 161 69 856 820 624 631 676 615 948 801 894 715 457 477 742 615 511 157 921 614 459 944 138 752 759 0 595 100 748 777 316 802 192 544 850 878 390 115 937 619 530 616 485 20 572 947 689 781 770 371 316 982 897 551 933 737 119 924 862 623 727 965 809 806 806 369 289 965 400 776 570 899 402 728 22 1033 987 1095 240 1021 666 446 1172 273 801 925 812 796 989 290 566 389 298 752 842 1035 720 990 1030 730 859 507 286 144 943 362 666 921 895 747 599 812 872 489 661 890 515 625 929 928 865 877 1167 461
373 248 71 330 522 374 185 564 407 257 500 532 596 579 291 264 248 70 175 336 129 302 280 484 610 527 604 344 304 144 474 271 573 371 561 413 239 334 298 50 453 510 330 48 346 365 574 532 346 595 0 676 375 391 456 270 455 308 299 302 205 480 422 334 106 148 230 596 492 438 145 217 175 291 433 391 349 53 356 384 557 531 495 53 161 481 261 464 334 349 333 469 463 190 89 526 436 205 602 467 401 505 442 426 434 155 578 472 513 431 305 230 456 493 80 286 297 447 353 491 577 406 482 588 312 415 445 626 347 304 260 624 331 158 455 459 549 106 76 361 400 226 576 394 283 350 577 315
342 603 606 479 855 770 584 128 1083 428 775 183 1273 1255 917 933 519 644 530 518 703 960 833 938 130 164 956 875 669 723 698 664 981 899 994 816 514 516 795 692 611 256 1005 699 560 1015 135 852 857 100 676 0 790 877 415 866 238 644 941 949 474 203 994 719 603 681 542 88 670 1043 759 851 851 468 342 1067 962 635 1004 836 213 961 962 700 799 1062 900 906 903 469 354 1062 498 862 659 933 421 793 82 1099 1060 1169 277 1103 766 533 1249 292 827 979 906 885 1048 300 640 487 380 784 938 1096 818 1063 1092 828 924 530 312 103 1024 418 763 942 986 831 699 847 972 570 739 984 615 722 959 1022 938 971 1252 561
617 204 375 649 149 23 539 662 508 421 154 608 686 698 599 377 291 439 336 672 503 358 637 149 676 696 977 133 124 515 181 140 214 724 924 787 302 274 93 326 808 738 515 417 695 370 657 908 708 748 375 790 0 754 754 213 557 676 585 324 459 650 245 709 317 228 276 739 855 735 253 270 398 599 450 555 272 411 356 754 768 181 853 326 277 792 563 831 674 665 468 772 789 455 462 163 383 207 743 392 422 514 514 551 809 457 609 502 145 212 632 519 304 503 310 604 500 88 681 355 951 415 357 962 253 282 480 701 482 388 632 249 589 431 825 84 913 400 331 656 760 601 207 676 338 649 700 664
537 637 426 397 903 757 320 803 507 563 888 795 609 566 210 471 617 347 532 361 264 521 117 838 863 713 233 688 695 247 865 662 931 54 171 98 605 709 667 433 332 633 395 343 324 577 822 205 46 777 391 877 754 0 491 590 721 234 248 548 472 680 719 161 486 536 605 788 312 220 501 520 385 411 756 430 626 375 579 47 685 886 105 432 486 207 236 79 113 409 622 219 431 330 319 890 788 555 794 684 578 639 732 487 171 415 659 779 897 745 164 274 727 805 470 391 548 832 141 739 285 590 727 291 603 793 757 868 456 634 138 1000 291 339 255 834 159 429 422 218 293 182 941 246 520 210 558 316
158 554 409 129 876 742 283 385 833 345 819 405 1000 970 592 711 476 392 417 143 406 754 482 894 447 266 541 775 638 419 758 615 968 525 586 415 462 541 709 497 195 158 732 450 169 818 409 437 483 316 456 415 754 491 0 720 357 263 625 758 295 257 871 331 450 550 484 332 256 689 593 674 609 166 463 790 804 403 811 446 204 933 564 503 616 693 587 506 546 110 337 699 84 592 390 918 538 648 336 923 849 948 397 839 358 311 1008 452 855 873 566 589 910 480 473 170 270 793 585 947 404 856 939 414 767 609 444 442 771 407 407 980 676 571 285 835 564 372 532 647 206 377 960 685 737 634 965 186
614 277 311 597 346 229 455 741 297 445 368 695 483 490 410 164 350 340 341 606 375 146 473 249 771 740 822 101 251 379 387 233 344 552 755 643 353 388 125 224 721 750 303 294 616 170 743 768 544 802 270 866 213 590 720 0 628 571 389 113 439 691 151 584 279 186 326 798 756 536 127 70 208 554 553 342 95 321 156 601 791 298 682 218 113 595 374 670 496 616 514 573 732 266 354 307 512 75 804 233 222 326 596 339 680 408 419 604 352 163 449 330 191 614 249 552 513 301 496 233 826 219 228 835 58 435 577 793 268 449 488 428 385 251 715 272 747 348 198 459 668 468 358 474 125 454 492 585
212 365 384 352 636 537 404 112 855 198 560 77 1048 1034 720 702 281 435 297 396 506 727 655 706 155 153 849 636 434 528 486 427 755 732 863 681 276 285 557 464 528 242 785 485 440 780 119 748 693 192 455 238 557 721 357 628 0 503 739 714 265 120 756 577 372 444 303 181 592 857 524 616 628 319 129 847 724 421 769 688 247 732 818 472 565 885 698 767 723 352 122 880 436 645 455 707 215 556 186 861 826 935 50 879 648 328 1018 99 608 741 717 676 810 124 409 339 175 559 756 857 737 828 854 748 686 316 100 170 798 179 592 729 779 613 601 620 843 352 511 790 511 548 736 827 704 777 1032 429
307 511 302 164 819 672 142 575 608 374 785 574 758 723 338 512 464 238 379 127 199 560 221 792 637 480 353 652 585 201 743 555 880 263 360 177 450 553 605 358 156 399 498 277 93 625 596 258 221 544 308 644 676 234 263 571 503 0 374 575 283 450 720 75 364 448 459 555 184 425 452 510 407 184 559 552 638 265 621 192 451 838 320 361 458 430 340 265 284 175 418 436 217 373 219 832 606 512 561 735 645 733 521 605 153 243 779 573 806 734 307 352 746 600 366 164 339 740 322 773 280 654 764 291 605 636 553 641 547 450 147 923 426 362 148 761 339 284 374 388 101 128 881 425 549 375 717 82
606 530 365 502 730 595 362 841 259 546 735 817 384 348 38 242 545 303 474 481 238 288 161 638 893 781 474 491 562 218 731 531 732 196 386 334 537 628 492 317 520 732 147 258 462 338 855 452 211 850 299 941 585 248 625 389 739 374 0 320 474 738 495 335 404 407 526 855 523 150 340 321 187 488 731 186 402 320 341 280 784 686 314 311 308 206 41 320 134 519 620 186 590 132 284 697 734 378 861 440 333 391 732 243 397 412 418 768 731 527 84 71 494 789 373 474 567 672 116 500 530 345 487 536 386 706 741 905 208 601 228 818 51 160 468 657 384 389 282 71 469 249 747 96 292 64 343 439
671 379 360 630 448 341 479 826 184 521 477 784 370 376 348 78 444 366 418 632 376 36 435 331 862 813 781 198 362 373 500 342 422 503 702 615 444 492 238 268 730 809 206 310 634 66 831 740 504 878 302 949 324 548 758 113 714 575 320 0 497 764 175 572 347 270 419 875 756 456 189 97 170 593 650 235 81 355 55 567 853 377 630 260 150 517 315 626 443 649 595 493 758 219 372 393 616 165 881 164 115 223 686 226 662 456 312 700 457 209 392 274 179 712 311 588 581 410 434 199 806 115 189 815 75 544 672 882 161 538 467 520 303 218 709 374 698 400 227 385 675 457 442 392 28 382 378 604
175 262 138 195 585 447 152 367 613 92 535 343 800 782 455 468 193 171 123 226 240 502 393 598 419 322 635 484 345 262 481 320 673 475 627 450 179 275 415 230 373 312 531 225 259 562 380 541 438 390 205 474 459 472 295 439 265 283 474 497 0 275 586 347 160 259 196 391 429 591 315 404 380 144 284 593 529 161 553 445 355 637 574 237 347 622 433 528 461 209 152 616 333 388 190 623 323 364 397 658 602 709 265 631 436 62 783 309 566 584 452 413 631 334 189 154 94 502 492 671 555 606 665 567 491 356 285 431 553 167 336 690 515 358 416 540 609 99 274 524 334 291 665 561 482 511 778 234
143 449 411 287 741 631 381 130 888 245 669 149 1075 1056 714 741 360 442 350 329 499 772 631 799 193 49 779 714 525 520 597 513 855 699 807 625 352 387 636 500 443 123 806 499 372 830 154 676 658 115 480 203 650 680 257 691 120 450 738 764 275 0 828 525 417 504 380 117 506 840 576 667 655 269 247 867 785 436 819 642 128 829 770 508 613 861 697 715 701 280 183 860 340 662 457 805 333 616 123 920 872 980 169 906 583 331 1057 218 715 818 703 682 879 242 452 288 183 662 736 924 654 876 919 665 747 429 220 192 828 261 562 838 783 632 525 718 785 373 546 781 436 520 839 819 751 768 1053 369
761 391 461 749 322 268 607 866 321 584 376 817 469 492 523 253 475 492 481 758 522 208 604 180 891 877 952 122 339 524 423 334 262 676 876 780 480 492 201 376 872 895 376 444 768 177 866 906 674 937 422 994 245 719 871 151 756 720 495 175 586 828 0 729 426 328 452 931 905 630 278 210 335 705 667 393 93 473 168 735 934 220 804 370 262 691 490 798 617 767 648 666 884 389 505 244 612 223 936 153 217 286 719 367 822 559 379 719 340 43 566 447 59 724 399 704 655 314 609 110 968 207 112 977 117 519 694 914 322 577 628 372 477 382 862 257 872 498 348 560 818 612 288 566 203 557 496 736
382 558 344 239 856 707 198 651 582 439 827 648 719 681 297 504 519 271 433 201 210 554 174 816 713 555 288 671 628 204 791 596 907 196 286 104 506 610 632 384 187 473 470 295 163 617 672 202 155 619 334 719 709 161 331 584 577 75 335 572 347 525 729 0 407 481 512 630 190 364 472 518 402 259 628 519 642 299 615 118 524 863 244 385 472 363 305 190 227 249 488 371 274 360 246 861 671 531 636 727 631 711 594 574 99 300 750 644 845 747 259 326 749 672 402 239 410 778 265 772 243 641 761 253 611 694 624 716 523 515 110 958 386 354 138 794 266 333 391 336 140 116 910 372 546 325 674 157
335 152 63 336 456 310 223 483 484 175 421 446 677 666 397 330 141 140 76 356 221 357 381 447 524 466 689 325 221 240 384 190 528 472 655 497 133 228 260 95 491 470 420 152 377 413 491 609 444 530 106 603 317 486 450 279 372 364 404 347 160 417 426 407 0 100 123 528 539 544 159 250 260 288 333 480 371 111 402 474 511 489 591 102 196 588 367 557 438 353 250 575 476 288 168 478 330 204 534 503 457 566 351 509 506 142 646 376 442 424 411 334 471 394 37 291 235 376 459 513 643 460 507 654 333 310 348 542 428 206 351 561 434 255 512 401 641 83 141 468 443 311 524 500 335 456 664 347
433 126 150 435 374 226 312 557 429 259 352 514 625 620 410 273 174 210 154 452 278 288 423 350 591 553 753 224 160 292 331 127 434 513 707 562 173 235 161 103 583 567 387 193 471 336 561 680 491 616 148 681 228 536 550 186 444 448 407 270 259 504 328 481 100 0 149 612 628 555 86 173 233 388 381 442 281 183 325 532 606 393 639 105 130 606 375 612 469 453 328 590 575 277 234 385 355 112 617 417 385 494 415 461 581 241 580 429 364 324 434 335 375 443 83 390 328 298 483 419 722 385 414 733 243 304 402 612 380 267 408 477 426 247 596 313 695 181 125 476 534 375 433 503 264 466 619 440
342 71 178 392 391 261 317 415 578 145 338 368 774 767 521 422 24 258 79 421 342 438 503 422 445 428 799 335 154 361 287 135 488 593 773 607 28 105 256 210 567 463 529 276 452 485 417 713 564 485 230 542 276 605 484 326 303 459 526 419 196 380 452 512 123 149 0 479 621 668 235 323 370 340 231 586 421 230 473 590 494 457 710 216 279 711 489 673 561 406 197 699 529 405 286 438 211 256 484 560 534 643 269 608 608 217 730 280 371 439 535 455 506 293 153 350 224 308 583 553 739 534 550 750 385 188 253 466 527 124 468 496 553 372 602 352 757 179 251 590 525 426 477 622 414 579 766 425
