66
0 294 329 213 289 651 670 630 282 819 827 853 641 576 811 304 267 419 529 441 447 614 568 803 319 406 675 165 596 517 925 168 420 698 488 478 210 934 472 112 511 560 548 702 775 469 273 623 588 638 590 662 389 305 294 421 551 421 588 640 425 767 255 38 296 505
294 0 80 469 416 542 381 699 179 795 856 878 830 538 856 279 290 579 706 247 714 479 745 828 154 457 644 150 861 380 894 450 311 452 456 184 325 921 727 388 414 782 512 899 728 562 559 407 296 852 773 380 187 455 538 497 432 698 381 859 677 757 429 273 181 478
329 80 0 522 489 615 385 779 129 874 937 959 901 618 937 360 368 652 778 315 766 550 817 908 233 537 723 211 914 453 972 468 389 491 536 167 306 1000 784 433 491 847 592 969 806 640 602 460 294 919 844 394 258 430 595 576 506 746 438 925 734 837 413 300 261 558
213 469 522 0 199 645 814 499 494 735 706 733 437 531 681 336 287 250 336 530 244 631 373 686 429 333 610 319 392 552 838 231 461 792 455 650 406 834 262 102 521 348 505 494 711 345 121 700 743 426 391 796 495 464 81 322 568 231 661 428 213 678 411 251 391 466
289 416 489 199 0 448 694 341 512 547 540 566 414 331 522 180 140 163 290 383 378 440 328 517 315 135 414 282 502 371 652 396 289 632 256 573 497 654 366 233 330 379 306 483 516 180 318 533 638 443 356 667 366 592 205 135 378 388 494 452 318 492 540 321 272 266
651 542 615 645 448 0 526 386 717 297 418 430 692 148 443 346 386 510 595 302 805 73 614 390 393 325 182 525 903 161 377 804 241 346 192 567 811 418 779 652 140 733 160 757 216 389 766 257 533 763 642 481 356 935 649 358 109 826 240 779 738 286 892 664 385 188
670 381 385 814 694 526 0 853 510 823 939 953 1085 618 957 513 554 842 964 317 1051 453 997 910 386 661 698 509 1189 411 896 831 433 208 578 221 692 942 1052 751 478 1072 606 1156 741 771 920 270 91 1130 1028 46 327 816 868 710 455 1045 287 1141 1001 810 799 653 427 595
630 699 779 499 341 386 853 0 831 273 207 233 326 247 183 419 415 257 264 549 542 435 265 189 556 243 224 596 592 443 361 724 431 712 275 811 838 344 497 565 376 402 251 383 291 161 591 610 830 407 288 814 571 932 454 212 407 581 579 426 474 216 880 662 520 258
282 179 129 494 512 717 510 831 0 958 1005 1029 907 700 1000 422 416 668 789 427 729 657 828 978 324 588 806 234 878 557 1060 386 481 619 613 289 189 1082 755 395 585 837 673 972 896 681 550 583 419 913 853 522 366 306 573 620 607 700 559 917 707 916 294 246 340 635
819 795 874 735 547 297 823 273 958 0 153 153 588 257 194 541 561 516 538 579 812 370 537 135 640 415 151 736 865 438 105 943 484 636 345 852 1011 126 769 781 386 674 285 636 82 394 841 553 829 673 557 777 624 1123 705 414 385 848 537 692 744 58 1074 843 618 324
827 856 937 706 540 418 939 207 1005 153 0 26 474 330 45 583 592 463 450 667 737 487 439 29 705 424 240 774 767 535 189 929 558 765 401 940 1031 152 688 769 474 576 351 511 224 364 798 674 934 560 453 895 702 1132 661 406 486 779 652 579 671 134 1080 857 675 380
853 878 959 733 566 430 953 233 1029 153 26 0 495 349 64 607 616 490 475 685 762 500 463 51 727 450 255 798 790 552 174 956 578 776 423 960 1056 132 713 795 492 599 371 531 229 390 825 687 950 582 476 909 722 1157 687 431 502 805 666 601 697 144 1106 882 698 401
641 830 901 437 414 692 1085 326 907 588 474 495 0 544 430 580 550 251 124 768 321 725 88 472 724 425 548 690 302 702 659 657 654 982 533 986 843 626 265 537 640 125 537 71 616 320 464 878 1040 87 58 1053 766 898 358 377 682 373 842 105 277 535 846 679 681 524
576 538 618 531 331 148 618 247 700 257 330 349 544 0 342 285 311 368 447 336 668 188 466 301 384 198 106 481 759 208 360 715 230 465 89 610 760 383 639 555 143 586 28 609 200 243 648 365 606 614 494 577 373 876 523 221 163 693 336 631 600 219 829 597 360 71
811 856 937 681 522 443 957 183 1000 194 45 64 430 342 0 580 584 435 412 677 700 509 400 59 707 414 261 767 726 550 235 907 565 789 406 949 1018 196 651 748 486 535 360 466 260 344 769 695 948 517 412 914 709 1115 632 391 502 744 671 536 636 166 1063 842 675 385
304 279 360 336 180 346 513 419 422 541 583 607 580 285 580 0 49 331 457 203 551 312 492 556 145 178 390 195 681 221 645 460 126 458 196 409 475 663 545 316 207 559 257 651 486 287 456 364 461 618 522 487 187 594 370 221 249 554 325 629 495 496 549 319 104 216
267 290 368 287 140 386 554 415 416 561 592 616 550 311 584 49 0 298 426 249 504 357 462 565 175 172 413 182 637 269 667 417 175 507 222 435 449 681 500 269 249 520 283 620 512 272 407 413 497 583 491 529 226 564 322 208 293 506 374 593 450 514 517 286 132 240
419 579 652 250 163 510 842 257 668 516 463 490 251 368 435 331 298 0 127 525 304 525 165 447 473 196 416 443 393 480 612 481 417 757 325 734 629 601 270 332 424 235 351 321 510 128 334 654 792 288 193 812 518 706 197 153 471 335 615 300 235 457 653 456 430 324
529 706 778 336 290 595 964 264 789 538 450 475 124 447 412 457 426 127 0 647 288 621 39 441 600 307 470 568 328 589 623 564 535 869 424 862 735 599 238 431 529 140 436 194 551 209 386 765 917 170 66 933 643 800 263 260 573 333 728 185 225 481 748 567 557 418
441 247 315 530 383 302 317 549 427 579 667 685 768 336 677 203 249 525 647 0 754 235 679 637 124 344 434 282 885 142 671 609 119 262 275 274 551 705 748 490 194 757 316 839 505 454 646 182 280 813 710 286 61 681 571 392 196 754 147 825 698 550 646 440 146 294
447 714 766 244 378 805 1051 542 729 812 737 762 321 668 700 551 504 304 288 754 0 810 307 726 664 481 720 564 148 748 903 392 667 1009 614 895 611 884 56 335 703 196 649 348 812 432 187 911 983 265 305 1030 726 632 183 447 751 52 872 257 68 754 584 483 624 617
614 479 550 631 440 73 453 435 657 370 487 500 725 188 509 312 357 525 621 235 810 0 643 458 336 331 247 477 917 101 451 773 194 281 199 495 762 492 788 627 110 754 189 793 289 411 753 186 459 791 673 409 292 888 644 371 63 826 167 807 745 356 848 624 334 203
568 745 817 373 328 614 997 265 828 537 439 463 88 466 400 492 462 165 39 679 307 643 0 433 636 337 480 607 329 616 617 601 566 896 448 898 774 591 254 469 555 137 456 159 556 234 419 792 952 148 30 965 677 838 299 289 598 355 756 165 249 481 785 606 593 441
803 828 908 686 517 390 910 189 978 135 29 51 472 301 59 556 565 447 441 637 726 458 433 0 676 399 211 747 761 506 187 908 529 737 373 911 1006 158 678 747 444 570 322 513 201 343 781 645 905 559 448 866 673 1108 644 382 457 767 623 577 659 108 1057 832 647 351
319 154 233 429 315 393 386 556 324 640 705 727 724 384 707 145 175 473 600 124 664 336 636 676 0 322 489 157 803 234 740 487 157 379 303 263 430 767 666 376 261 695 359 795 574 432 540 306 323 758 666 367 70 560 481 366 283 659 271 768 615 603 523 316 43 325
406 457 537 333 135 325 661 243 588 415 424 450 425 198 414 178 172 196 307 344 481 331 337 399 322 0 279 353 586 283 520 528 228 562 133 583 607 527 457 366 228 431 174 496 381 111 450 458 621 477 368 628 349 711 325 48 275 501 420 491 415 362 661 434 282 138
675 644 723 610 414 182 698 224 806 151 240 255 548 106 261 390 413 416 470 434 720 247 480 211 489 279 0 586 794 297 254 807 334 527 194 708 863 277 684 645 240 611 133 607 101 287 723 434 695 626 505 655 476 977 591 288 246 750 411 644 651 116 929 698 467 173
165 150 211 319 282 525 509 596 234 736 774 798 690 481 767 195 182 443 568 282 564 477 607 747 157 353 586 0 710 376 840 333 285 533 391 331 285 859 577 243 386 635 452 758 681 446 414 463 431 707 634 499 226 411 388 385 418 549 429 713 526 691 371 158 144 412
596 861 914 392 502 903 1189 592 878 865 767 790 302 759 726 681 637 393 328 885 148 917 329 761 803 586 794 710 0 865 947 532 790 1134 717 1040 756 919 137 484 814 191 744 297 878 516 332 1034 1125 220 313 1166 862 767 324 546 861 182 995 203 187 808 721 632 761 717
517 380 453 552 371 161 411 443 557 438 535 552 702 208 550 221 269 480 589 142 748 101 616 506 234 283 297 376 865 0 529 679 96 280 172 413 660 564 732 538 67 715 194 772 363 382 674 175 398 760 647 371 195 787 575 330 54 759 140 774 686 413 747 525 232 186
925 894 972 838 652 377 896 361 1060 105 189 174 659 360 235 645 667 612 623 671 903 451 617 187 740 520 254 840 947 529 0 1048 583 701 448 942 1116 58 858 885 482 755 388 700 166 495 941 626 910 746 634 850 719 1228 805 518 475 942 615 765 836 159 1179 949 720 428
168 450 468 231 396 804 831 724 386 943 929 956 657 715 907 460 417 481 564 609 392 773 601 908 487 528 807 333 532 679 1048 0 582 866 629 629 228 1050 434 162 667 553 687 707 908 565 205 792 746 631 616 826 557 243 301 531 710 350 755 628 397 888 192 178 464 645
420 311 389 461 289 241 433 431 481 484 558 578 654 230 565 126 175 417 535 119 667 194 566 529 157 228 334 285 790 96 583 582 0 343 159 384 570 611 655 442 104 652 207 725 417 337 582 244 399 703 596 399 144 696 489 277 133 674 204 716 607 449 654 430 144 180
698 452 491 792 632 346 208 712 619 636 765 776 982 465 789 458 507 757 869 262 1009 281 896 737 379 562 527 533 1134 280 701 866 343 0 451 359 777 750 999 752 343 992 461 1052 554 662 909 104 259 1039 927 163 309 907 829 609 306 1013 141 1053 951 631 880 692 408 462
488 456 536 455 256 192 578 275 613 345 401 423 533 89 406 196 222 325 424 275 614 199 448 373 303 133 194 391 717 172 448 629 159 451 0 543 670 468 590 471 107 555 61 602 290 214 575 346 554 594 478 540 303 786 456 171 149 633 312 610 548 302 739 508 276 21
478 184 167 650 573 567 221 811 289 852 940 960 986 610 949 409 435 734 862 274 895 495 898 911 263 583 708 331 1040 413 942 629 384 359 543 0 473 978 905 572 468 949 589 1056 777 694 743 357 129 1016 927 236 240 595 715 629 467 880 348 1024 854 825 580 455 305 564
210 325 306 406 497 811 692 838 189 1011 1031 1056 843 760 1018 475 449 629 735 551 611 762 774 1006 430 607 863 285 756 660 1116 228 570 777 670 473 0 1130 648 305 671 753 731 901 961 678 424 725 601 831 795 698 490 130 487 626 704 574 695 831 605 963 106 176 427 690
934 921 1000 834 654 418 942 344 1082 126 152 132 626 383 196 663 681 601 599 705 884 492 591 158 767 527 277 859 919 564 58 1050 611 750 468 978 1130 0 837 888 513 728 409 663 202 489 933 672 952 713 606 896 750 1238 796 519 511 925 658 732 817 167 1189 960 743 447
472 727 784 262 366 779 1052 497 755 769 688 713 265 639 651 545 500 270 238 748 56 788 254 678 666 457 684 577 137 732 858 434 655 999 590 905 648 837 0 360 683 140 621 293 773 398 228 899 988 210 250 1029 725 676 189 420 731 108 860 203 51 711 626 510 624 591
112 388 433 102 233 652 751 565 395 781 769 795 537 555 748 316 269 332 431 490 335 627 469 747 376 366 645 243 484 538 885 162 442 752 471 572 305 888 360 0 518 450 528 595 747 405 171 668 674 529 489 738 446 374 183 368 563 312 630 530 312 726 321 150 344 486
511 414 491 521 330 140 478 376 585 386 474 492 640 143 486 207 249 424 529 194 703 110 555 444 261 228 240 386 814 67 482 667 104 343 107 468 671 513 683 518 0 658 128 709 315 320 643 239 462 700 585 438 237 795 535 272 48 717 205 715 639 356 752 524 248 119
560 782 847 348 379 733 1072 402 837 674 576 599 125 586 535 559 520 235 140 757 196 754 137 570 695 431 611 635 191 715 755 553 652 992 555 949 753 728 140 450 658 0 573 156 691 344 352 889 1018 78 123 1044 745 796 267 386 704 249 851 79 159 618 745 599 652 551
548 512 592 505 306 160 606 251 673 285 351 371 537 28 360 257 283 351 436 316 649 189 456 322 359 174 133 452 744 194 388 687 207 461 61 589 731 409 621 528 128 573 0 604 229 229 623 359 590 605 486 565 351 847 499 201 155 672 328 621 581 244 800 569 334 42
702 899 969 494 483 757 1156 383 972 636 511 531 71 609 466 651 620 321 194 839 348 793 159 513 795 496 607 758 297 772 700 707 725 1052 602 1056 901 663 293 595 709 156 604 0 670 390 508 948 1111 83 129 1124 837 950 413 447 750 401 912 96 315 585 898 740 752 593
775 728 806 711 516 216 741 291 896 82 224 229 616 200 260 486 512 510 551 505 812 289 556 201 574 381 101 681 878 363 166 908 417 554 290 777 961 202 773 747 315 691 229 670 0 382 823 471 749 699 579 696 553 1076 690 389 309 845 456 717 743 94 1029 797 555 271
469 562 640 345 180 389 771 161 681 394 364 390 320 243 344 287 272 128 209 454 432 411 234 343 432 111 287 446 516 382 495 565 337 662 214 694 678 489 398 405 320 344 229 390 382 0 446 558 733 380 264 737 461 771 310 65 363 462 521 395 363 336 719 501 391 208
273 559 602 121 318 766 920 591 550 841 798 825 464 648 769 456 407 334 386 646 187 753 419 781 540 450 723 414 332 674 941 205 582 909 575 743 424 933 228 171 643 352 623 508 823 446 0 819 844 430 429 905 608 447 137 434 690 151 780 426 194 783 398 306 504 585
623 407 460 700 533 257 270 610 583 553 674 687 878 365 695 364 413 654 765 182 911 186 792 645 306 458 434 463 1034 175 626 792 244 104 346 357 725 672 899 668 239 889 359 948 471 558 819 0 290 935 823 224 238 856 733 505 203 918 39 949 852 542 824 622 328 358
588 296 294 743 638 533 91 830 419 829 934 950 1040 606 948 461 497 792 917 280 983 459 952 905 323 621 695 431 1125 398 910 746 399 259 554 129 601 952 988 674 462 1018 590 1111 749 733 844 290 0 1079 982 112 274 724 801 669 448 974 295 1090 937 810 708 569 366 572
638 852 919 426 443 763 1130 407 913 673 560 582 87 614 517 618 583 288 170 813 265 791 148 559 758 477 626 707 220 760 746 631 703 1039 594 1016 831 713 210 529 700 78 605 83 699 380 430 935 1079 0 121 1100 805 875 345 430 744 318 898 18 236 619 823 676 715 588
590 773 844 391 356 642 1028 288 853 557 453 476 58 494 412 522 491 193 66 710 305 673 30 448 666 368 505 634 313 647 634 616 596 927 478 927 795 606 250 489 585 123 486 129 579 264 429 823 982 121 0 996 707 855 314 320 628 355 786 139 251 502 802 628 623 471
662 380 394 796 667 481 46 814 522 777 895 909 1053 577 914 487 529 812 933 286 1030 409 965 866 367 628 655 499 1166 371 850 826 399 163 540 236 698 896 1029 738 438 1044 565 1124 696 737 905 224 112 1100 996 0 304 824 847 676 413 1026 243 1112 979 765 805 648 406 556
389 187 258 495 366 356 327 571 366 624 702 722 766 373 709 187 226 518 643 61 726 292 677 673 70 349 476 226 862 195 719 557 144 309 303 240 490 750 725 446 237 745 351 837 553 461 608 238 274 805 707 304 0 621 543 397 248 723 205 816 675 592 587 385 104 324
305 455 430 464 592 935 816 932 306 1123 1132 1157 898 876 1115 594 564 706 800 681 632 888 838 1108 560 711 977 411 767 787 1228 243 696 907 786 595 130 1238 676 374 795 796 847 950 1076 771 447 856 724 875 855 824 621 0 540 726 829 587 826 872 640 1072 53 279 554 805
294 538 595 81 205 649 868 454 573 705 661 687 358 523 632 370 322 197 263 571 183 644 299 644 481 325 591 388 324 575 805 301 489 829 456 715 487 796 189 183 535 267 499 413 690 310 137 733 801 345 314 847 543 540 0 303 583 184 693 346 138 647 488 332 440 463
421 497 576 322 135 358 710 212 620 414 406 431 377 221 391 221 208 153 260 392 447 371 289 382 366 48 288 385 546 330 518 531 277 609 171 629 626 519 420 368 272 386 201 447 389 65 434 505 669 430 320 676 397 726 303 0 318 471 468 444 380 358 674 451 326 171
551 432 506 568 378 109 455 407 607 385 486 502 682 163 502 249 293 471 573 196 751 63 598 457 283 275 246 418 861 54 475 710 133 306 149 467 704 511 731 563 48 704 155 750 309 363 690 203 448 744 628 413 248 829 583 318 0 766 173 759 687 362 788 562 277 157
421 698 746 231 388 826 1045 581 700 848 779 805 373 693 744 554 506 335 333 754 52 826 355 767 659 501 750 549 182 759 942 350 674 1013 633 880 574 925 108 312 717 249 672 401 845 462 151 918 974 318 355 1026 723 587 184 471 766 0 878 309 108 790 540 455 620 638
588 381 438 661 494 240 287 579 559 537 652 666 842 336 671 325 374 615 728 147 872 167 756 623 271 420 411 429 995 140 615 755 204 141 312 348 695 658 860 630 205 851 328 912 456 521 780 39 295 898 786 243 205 826 693 468 173 878 0 912 812 523 792 587 291 325
640 859 925 428 452 779 1141 426 917 692 579 601 105 631 536 629 593 300 185 825 257 807 165 577 768 491 644 713 203 774 765 628 716 1053 610 1024 831 732 203 530 715 79 621 96 717 395 426 949 1090 18 139 1112 816 872 346 444 759 309 912 0 232 638 821 678 725 604
425 677 734 213 318 738 1001 474 707 744 671 697 277 600 636 495 450 235 225 698 68 745 249 659 615 415 651 526 187 686 836 397 607 951 548 854 605 817 51 312 639 159 581 315 743 363 194 852 937 236 251 979 675 640 138 380 687 108 812 232 0 685 589 463 573 550
767 757 837 678 492 286 810 216 916 58 134 144 535 219 166 496 514 457 481 550 754 356 481 108 603 362 116 691 808 413 159 888 449 631 302 825 963 167 711 726 356 618 244 585 94 336 783 542 810 619 502 765 592 1072 647 358 362 790 523 638 685 0 1023 793 578 281
255 429 413 411 540 892 799 880 294 1074 1080 1106 846 829 1063 549 517 653 748 646 584 848 785 1057 523 661 929 371 721 747 1179 192 654 880 739 580 106 1189 626 321 752 745 800 898 1029 719 398 824 708 823 802 805 587 53 488 674 788 540 792 821 589 1023 0 231 515 758
38 273 300 251 321 664 653 662 246 843 857 882 679 597 842 319 286 456 567 440 483 624 606 832 316 434 698 158 632 525 949 178 430 692 508 455 176 960 510 150 524 599 569 740 797 501 306 622 569 676 628 648 385 279 332 451 562 455 587 678 463 793 231 0 298 526
296 181 261 391 272 385 427 520 340 618 675 698 681 360 675 104 132 430 557 146 624 334 593 647 43 282 467 144 761 232 720 464 144 408 276 305 427 743 624 344 248 652 334 752 555 391 504 328 366 715 623 406 104 554 440 326 277 620 291 725 573 578 515 298 0 298
505 478 558 466 266 188 595 258 635 324 380 401 524 71 385 216 240 324 418 294 617 203 441 351 325 138 173 412 717 186 428 645 180 462 21 564 690 447 591 486 119 551 42 593 271 208 585 358 572 588 471 556 324 805 463 171 157 638 325 604 550 281 758 526 298 0
