212
0 718 122 391 705 581 682 768 779 714 856 868 513 835 268 805 730 568 818 288 405 889 891 84 747 678 628 467 385 105 258 526 497 736 476 420 725 560 500 843 341 546 855 852 481 702 596 651 115 758 387 147 651 725 772 275 767 431 901 531 323 443 434 304 778 484 858 1053 211 519 353 690 282 456 339 896 789 502 283 442 596 686 150 400 707 803 717 431 714 646 818 453 1044 699 666 722 603 615 630 510 747 808 489 145 543 565 777 971 571 371 683 405 794 758 727 568 917 85 264 573 592 650 890 249 789 551 106 721 532 193 883 870 623 896 223 888 923 742 547 48 711 899 747 498 559 246 681 534 281 678 855 562 806 516 611 83 219 722 453 119 308 682 577 166 535 282 542 148 164 398 178 769 460 207 660 839 870 804 539 241 663 158 30 858 742 1025 667 1048 1026 505 642 635 816 266 530 97 460 318 160 1016 159 721 229 1032 1053 812 94 665 892 801 786 451
718 0 656 402 1059 985 713 830 111 813 138 694 393 564 530 512 787 355 260 452 782 695 333 778 863 641 356 346 334 823 695 362 268 118 730 461 8 250 749 738 879 342 295 264 241 150 820 1013 617 206 551 623 299 707 361 462 106 288 399 361 500 450 634 756 97 250 145 662 734 283 384 1013 830 614 379 616 721 356 811 507 581 170 625 584 539 164 155 298 824 140 459 298 607 509 142 756 142 742 757 662 811 783 517 855 415 886 151 697 623 427 165 821 280 693 370 169 409 792 680 974 225 68 678 814 541 941 739 866 837 528 270 649 420 280 680 677 539 258 279 671 1094 461 114 261 968 485 330 540 692 93 187 1004 499 238 257 663 830 225 493 837 472 974 192 779 236 728 948 592 567 811 661 817 288 790 504 603 539 91 329 501 913 679 693 326 100 694 307 662 674 212 301 1047 128 451 452 669 392 601 576 597 560 420 567 687 692 773 729 349 481 106 637 424
122 656 0 390 814 692 744 841 704 790 795 909 403 858 156 823 801 569 725 205 503 929 869 205 827 729 630 460 323 207 350 528 412 657 559 306 664 469 585 895 459 544 759 823 434 619 684 760 58 669 435 208 641 783 767 194 719 368 890 425 350 330 500 406 727 410 789 1068 123 500 330 796 220 517 283 922 843 398 396 478 642 600 34 456 738 761 680 359 791 567 826 425 1051 725 627 788 529 688 704 578 820 870 527 210 557 665 736 1002 627 268 649 510 697 811 727 522 905 202 150 684 566 587 926 366 813 660 222 805 628 180 793 905 637 864 312 925 934 645 531 114 823 899 702 469 670 171 676 576 370 604 810 677 822 435 593 41 186 697 486 211 206 783 496 128 505 380 652 181 93 502 261 840 430 324 688 869 886 736 437 244 758 249 94 839 665 1049 564 1064 1047 448 632 748 742 217 553 182 466 380 83 1025 121 730 272 1054 1073 872 75 664 896 748 827 465
391 402 390 0 684 595 430 547 497 509 524 541 448 472 359 434 501 179 599 267 385 557 502 425 557 386 240 77 195 484 295 137 321 470 352 424 407 383 375 543 478 156 639 470 180 459 464 633 333 531 162 257 260 452 382 265 414 207 510 440 99 434 255 354 430 274 546 677 508 138 84 644 609 246 181 537 499 409 411 146 298 455 374 198 360 436 347 244 516 400 435 105 661 343 304 478 346 415 432 308 524 543 185 536 170 508 411 620 310 344 312 422 593 465 339 232 526 443 496 585 215 347 551 419 428 551 372 547 459 211 641 527 248 515 284 550 543 546 162 343 713 511 390 140 576 260 290 232 290 407 492 609 432 314 224 374 574 338 141 503 328 610 355 515 171 327 557 243 302 411 276 539 115 400 309 487 496 493 423 151 558 298 376 469 466 661 517 674 658 225 251 659 525 196 175 312 76 199 313 634 269 339 181 665 684 540 444 276 506 455 459 84
705 1059 814 684 0 125 418 367 1165 331 1156 625 1100 713 911 731 377 711 1281 863 323 651 990 640 305 492 734 718 859 691 474 698 998 1147 333 1040 1062 1063 311 551 374 720 1322 1002 864 1141 246 54 774 1214 522 622 794 460 833 853 1032 885 944 1101 606 1059 430 410 1053 955 1194 903 916 777 746 53 975 446 826 735 508 1068 422 554 506 1139 830 486 616 1026 950 916 319 1083 793 785 944 638 929 404 1030 342 333 397 366 463 542 756 650 176 1008 755 451 964 920 305 1278 506 786 898 955 657 965 132 836 1018 667 458 688 154 598 276 225 719 1318 673 673 1048 511 666 843 1231 780 700 45 884 1006 809 146 827 786 526 459 1085 1079 158 744 995 812 773 902 900 567 707 918 101 1040 862 826 439 163 663 794 314 561 383 795 499 616 681 777 1147 1091 682 167 568 724 955 1140 832 1197 897 854 909 788 91 1187 787 612 633 670 505 799 913 756 738 602 849 874 479 798 760 857 1078 592 638
581 985 692 595 125 0 411 395 1087 347 1090 637 993 704 795 712 391 649 1194 752 215 664 953 515 338 474 680 638 759 565 359 629 899 1064 258 928 988 966 244 569 248 653 1234 956 776 1054 219 76 654 1126 435 505 738 460 794 742 968 788 914 996 509 948 351 292 988 859 1124 910 792 701 649 127 849 373 723 735 518 963 297 478 466 1050 709 401 591 969 888 817 336 995 769 699 943 609 861 411 942 320 317 338 388 487 475 631 588 116 949 769 409 854 856 189 1187 509 745 819 927 531 842 10 766 938 677 333 672 44 474 304 156 607 1235 677 624 1003 394 676 833 1139 709 578 131 863 942 727 22 715 737 470 345 1001 1023 48 724 899 748 651 776 844 493 582 805 148 947 737 749 322 41 547 676 199 443 409 709 374 581 677 766 1074 988 575 185 448 601 916 1059 845 1099 904 863 820 731 63 1112 679 550 511 592 405 681 911 640 701 493 860 885 501 674 710 838 1014 589 561
682 713 744 430 418 411 0 120 824 103 783 231 877 296 769 312 75 360 962 687 342 258 580 662 152 77 358 420 624 730 434 367 740 818 232 853 713 794 220 176 505 380 1001 601 578 826 191 392 688 898 312 541 418 52 426 682 661 630 528 866 408 864 248 422 683 689 830 499 867 457 513 365 957 227 610 324 119 836 489 288 138 831 742 288 202 642 578 669 115 775 376 501 532 228 572 48 726 95 94 172 99 126 245 799 307 296 628 362 121 772 554 377 969 100 384 577 538 684 882 403 491 688 269 526 269 377 599 161 270 581 982 267 293 643 464 268 426 930 447 650 462 466 635 504 407 669 399 199 411 762 690 454 326 725 455 712 900 517 289 751 749 317 752 845 506 426 396 563 679 374 504 110 507 544 216 267 359 790 846 520 251 526 685 546 806 437 924 493 453 621 415 454 837 608 277 585 375 366 689 500 639 332 472 451 476 130 768 374 438 705 177 350
768 830 841 547 367 395 120 0 941 57 895 260 995 366 878 396 45 480 1082 799 393 285 675 738 61 188 474 540 742 805 512 487 860 937 295 968 830 914 274 185 546 500 1120 703 698 946 200 356 786 1018 418 634 533 126 527 794 774 749 615 985 517 980 341 486 796 809 944 538 962 578 629 315 1048 327 726 376 148 954 545 402 258 951 842 390 304 752 692 788 62 895 464 621 583 333 688 74 846 153 138 264 22 96 362 875 428 295 739 388 236 887 669 419 1089 158 490 697 624 760 983 390 610 807 303 585 351 372 678 92 288 686 1100 312 409 743 545 302 492 1050 567 741 412 546 748 624 398 778 510 318 488 882 797 443 410 846 573 807 988 628 406 825 861 269 873 934 626 496 393 660 782 418 590 17 627 610 328 328 430 905 966 627 212 610 775 643 925 466 1044 532 488 741 530 424 954 720 397 673 494 461 792 553 741 436 571 483 507 112 858 487 516 818 243 469
779 111 704 497 1165 1087 824 941 0 924 140 801 382 670 564 618 898 466 157 499 881 801 412 847 974 752 467 448 396 885 784 470 294 51 834 468 111 251 854 848 969 451 188 344 323 100 928 1118 672 118 652 700 410 819 465 511 193 350 485 349 593 452 737 848 175 295 98 751 768 388 467 1120 858 719 442 719 832 353 899 612 691 126 671 686 650 245 260 348 935 138 561 392 692 620 253 867 176 852 867 770 922 894 625 910 524 991 240 797 733 453 275 919 185 804 478 268 493 858 705 1077 335 149 784 899 649 1043 813 977 942 597 158 755 531 347 766 783 634 178 387 734 1199 554 211 360 1070 537 439 649 783 101 245 1104 605 269 368 717 867 331 598 897 506 1081 209 820 339 819 1050 665 621 908 743 928 382 872 615 709 640 68 319 579 1021 759 753 413 38 789 254 752 767 285 412 1150 39 514 561 742 496 696 629 685 620 529 651 781 784 884 779 459 576 168 746 527
714 813 790 509 331 347 103 57 924 0 886 294 958 385 831 408 46 459 1061 756 336 321 681 682 50 180 461 509 705 749 457 462 826 917 239 927 814 883 217 223 489 477 1099 704 668 923 144 314 735 995 373 582 521 132 529 749 764 715 626 950 472 940 291 429 785 777 933 572 910 552 590 278 994 280 686 404 176 918 488 363 233 927 792 342 304 746 681 753 12 871 474 589 613 331 673 74 820 101 85 215 42 140 326 819 404 241 731 426 201 846 656 361 1066 176 488 673 636 704 933 341 590 787 336 527 364 321 622 59 232 638 1083 341 396 746 491 335 514 1025 544 688 376 561 738 596 348 733 502 286 433 860 793 393 422 814 556 755 933 620 368 769 817 231 844 880 601 440 341 609 733 361 536 65 596 553 320 351 449 892 931 580 168 556 721 648 906 503 1015 566 523 712 517 380 939 676 370 619 462 410 742 582 692 435 522 519 544 153 805 477 532 808 262 435
856 138 795 524 1156 1090 783 895 140 886 0 724 511 587 667 537 855 444 282 590 895 719 295 915 935 708 427 461 473 961 820 460 401 186 832 589 130 372 849 779 1002 437 303 231 376 235 912 1112 756 256 664 757 366 769 383 601 123 427 372 478 624 575 740 878 102 388 60 636 871 395 517 1107 967 717 517 629 772 478 936 613 660 261 764 695 593 147 206 436 898 255 474 425 573 563 229 822 273 826 839 758 878 836 615 993 505 986 156 701 709 562 236 936 317 747 409 296 377 929 815 1080 324 207 701 942 574 1046 874 942 939 664 252 673 491 221 808 700 530 317 383 808 1192 448 150 384 1075 623 384 630 815 207 121 1113 523 372 343 802 968 266 597 975 609 1065 320 917 353 851 1056 727 706 926 792 880 416 920 567 629 548 73 447 635 1002 811 831 304 167 683 394 638 658 350 371 1152 113 589 544 805 503 721 715 570 698 463 697 672 673 824 868 408 474 78 680 533
868 694 909 541 625 637 231 260 801 294 724 0 953 138 900 186 248 398 955 808 569 27 461 861 322 196 361 498 716 931 639 427 802 811 457 953 692 843 448 77 732 426 989 505 637 832 420 608 851 898 480 721 403 179 341 807 614 707 390 935 559 959 447 640 635 752 780 278 1032 507 623 572 1129 419 717 121 118 909 710 431 271 844 900 469 182 577 541 747 306 792 252 574 324 206 556 225 751 327 324 382 258 165 382 997 375 524 571 132 304 876 529 606 972 130 323 603 395 884 1032 630 505 692 42 744 152 606 798 349 501 733 957 58 312 536 663 41 244 942 484 830 670 312 592 558 635 800 367 334 617 766 611 681 201 781 460 883 1080 470 424 951 868 525 790 1022 545 638 625 733 831 602 696 243 577 757 233 95 191 752 909 668 463 720 865 435 794 208 959 271 229 672 405 674 804 737 365 771 468 551 842 294 793 274 642 224 249 149 946 353 280 652 82 457
513 393 403 448 1100 993 877 995 382 958 511 953 0 850 247 801 949 554 344 244 778 963 708 595 1005 826 595 462 253 609 637 528 153 330 781 102 401 143 807 971 802 526 372 644 315 281 903 1046 398 302 596 502 567 895 680 256 493 248 761 33 500 79 690 707 489 202 480 1005 424 445 368 1066 500 688 276 912 934 44 731 594 742 256 370 632 771 550 503 208 964 256 770 381 963 746 456 925 255 862 880 753 973 984 633 610 585 927 531 999 758 145 488 804 308 901 663 366 774 598 349 983 461 339 952 714 813 952 587 995 881 390 418 924 640 668 605 950 870 262 469 480 1121 806 490 394 971 286 608 677 647 305 580 993 793 180 505 432 526 556 589 614 205 1039 203 491 410 675 952 459 353 793 562 987 377 675 722 878 848 439 64 417 994 566 483 692 347 1018 168 1004 1004 284 562 1055 420 313 606 520 503 595 354 946 375 695 499 1015 1027 979 474 612 817 500 877 526
835 564 858 472 713 704 296 366 670 385 587 138 850 0 827 52 341 306 825 732 595 132 323 842 423 229 256 415 628 910 632 342 697 682 487 861 561 731 485 204 755 334 858 366 536 706 484 688 800 770 454 687 286 253 205 732 480 612 255 830 513 865 448 648 500 648 644 225 979 408 548 660 1079 417 636 64 219 806 721 393 266 720 845 453 132 440 410 651 398 671 113 483 241 135 430 311 633 383 387 401 357 281 348 972 302 587 436 150 317 788 401 636 844 210 196 489 262 864 969 696 391 568 114 750 45 667 780 444 555 678 824 85 225 398 650 113 130 817 382 792 758 180 459 459 698 731 246 309 612 641 473 744 65 673 346 837 1038 339 381 930 789 612 676 979 440 640 685 691 773 630 674 349 484 756 174 43 64 618 802 614 547 698 827 297 665 190 841 220 192 566 290 749 671 667 306 741 396 531 785 209 738 155 605 197 218 266 904 238 150 516 123 393
268 530 156 359 911 795 769 878 564 831 667 900 247 827 0 785 834 523 572 96 589 916 782 352 874 737 579 412 219 362 436 485 269 515 620 151 538 320 646 899 580 495 605 728 335 473 747 856 156 518 459 289 576 800 703 94 606 257 814 268 361 175 542 503 610 279 654 1020 204 433 279 885 300 551 195 892 852 242 512 483 648 453 123 489 720 654 581 234 835 425 775 353 994 701 527 816 394 730 747 616 855 890 530 365 528 748 630 976 647 114 553 606 542 819 670 420 829 353 154 786 485 462 910 489 784 758 352 857 706 196 642 886 602 764 400 909 883 491 463 240 926 836 593 390 773 100 615 580 452 467 699 787 781 296 520 186 303 611 485 367 58 866 354 257 422 473 754 248 119 596 351 874 355 447 668 845 844 603 282 251 831 348 238 756 525 1013 408 1017 1006 335 568 855 603 163 534 292 433 428 117 970 154 684 318 1015 1032 889 229 609 838 629 818 443
805 512 823 434 731 712 312 396 618 408 537 186 801 52 785 0 366 262 773 689 589 183 282 817 449 240 209 373 582 884 613 300 648 630 484 814 509 680 485 246 746 290 806 320 487 654 495 703 765 718 430 659 235 276 154 690 428 564 219 780 482 817 435 635 449 598 594 248 942 361 507 678 1043 404 592 111 252 756 707 367 258 668 808 433 123 390 357 603 421 618 69 437 249 114 378 334 581 394 399 396 385 316 325 945 265 596 385 198 313 742 349 631 792 237 143 438 228 838 929 704 341 516 166 735 44 674 755 468 560 642 772 137 186 355 628 165 127 764 334 761 775 153 407 412 705 690 195 291 595 589 425 751 15 623 296 803 1004 286 354 904 745 630 624 945 391 624 691 659 736 624 649 379 438 738 152 92 65 567 752 579 564 674 796 253 613 228 789 243 224 517 239 761 619 626 274 713 357 509 747 218 702 105 576 231 250 302 871 188 126 466 154 358
730 787 801 501 377 391 75 45 898 46 855 248 949 341 834 366 0 435 1037 755 365 275 642 703 83 147 432 494 696 771 476 442 814 893 262 923 787 869 243 178 522 455 1076 667 652 901 182 360 745 973 375 594 491 90 491 749 733 703 585 939 473 935 300 454 755 764 903 526 922 533 584 324 1009 285 680 358 130 909 516 357 213 907 801 347 267 712 651 742 58 850 433 575 567 295 646 32 801 116 104 223 24 97 316 841 383 283 699 380 191 842 627 394 1045 131 452 652 595 725 941 385 566 763 290 555 322 364 642 103 270 643 1057 295 367 708 509 289 469 1005 522 702 422 518 707 579 391 734 470 272 453 838 759 437 380 800 530 767 950 588 360 792 816 277 827 896 581 463 384 619 740 393 552 39 582 578 287 306 405 863 920 583 214 573 736 609 881 457 999 520 477 696 488 426 911 675 352 634 449 420 749 536 699 398 530 473 498 110 820 446 489 777 217 423
568 355 569 179 711 649 360 480 466 459 444 398 554 306 523 262 435 0 602 427 465 409 340 594 509 293 60 111 322 657 427 42 404 458 391 557 357 449 406 420 595 28 640 322 238 466 468 668 513 537 244 428 96 362 205 428 321 309 336 537 251 562 303 470 341 353 483 500 685 108 246 663 787 277 329 370 389 510 539 182 225 472 551 267 218 320 239 349 469 416 256 177 481 192 219 405 369 387 401 314 460 446 173 712 61 542 299 456 268 482 208 508 609 357 159 218 352 614 668 639 131 328 399 556 265 605 537 510 495 390 624 372 86 370 429 398 364 571 89 521 748 331 294 160 634 429 115 186 414 402 375 675 258 384 101 554 754 198 165 676 483 622 401 695 151 450 616 419 480 498 434 468 179 546 170 329 321 438 512 330 559 458 554 304 446 490 572 497 484 275 87 709 482 366 99 483 108 317 491 455 448 162 347 492 509 438 624 97 326 366 323 123
818 260 725 599 1281 1194 962 1082 157 1061 282 955 344 825 572 773 1037 602 0 530 982 955 568 893 1111 894 611 565 455 922 869 599 323 145 948 444 263 258 970 998 1051 583 40 501 418 140 1051 1232 704 67 760 764 557 961 621 543 351 416 642 313 687 423 851 936 333 348 224 908 765 511 551 1239 844 836 500 876 979 332 980 729 827 144 691 796 798 402 415 399 1070 199 718 496 848 768 400 1007 252 982 998 892 1062 1040 748 935 657 1105 398 955 864 457 426 1017 43 950 631 388 649 902 692 1184 471 274 939 974 802 1150 870 1110 1056 653 75 910 674 500 846 938 792 82 517 777 1312 712 368 473 1175 572 590 779 872 200 397 1206 760 310 510 746 867 486 716 931 519 1202 253 827 461 906 1155 724 654 1006 815 1069 486 941 760 864 797 220 292 651 1145 827 789 570 160 947 177 909 925 374 558 1258 170 567 692 798 614 792 659 842 663 681 730 939 942 1031 799 608 734 325 897 645
288 452 205 267 863 752 687 799 499 756 590 808 244 732 96 689 755 427 530 0 540 824 688 364 800 651 483 316 126 392 394 389 210 453 556 177 460 272 582 810 557 399 567 636 242 416 681 808 175 470 383 257 479 715 606 13 520 168 719 255 283 195 472 464 526 204 584 924 287 336 185 833 388 476 99 797 765 223 486 399 562 398 173 415 627 566 490 154 760 362 678 256 897 608 436 735 324 656 673 542 777 806 445 411 434 694 541 881 565 102 461 563 506 732 573 329 734 371 249 743 390 383 817 470 689 713 347 785 649 146 595 792 507 674 361 815 786 454 366 248 882 740 505 293 731 43 518 494 406 399 613 750 685 231 424 218 379 516 399 402 61 809 292 326 327 432 711 214 124 553 317 794 259 432 575 751 747 531 257 183 769 322 259 661 460 917 383 921 910 247 471 815 537 80 443 278 340 364 130 873 135 588 261 919 935 804 279 512 741 547 727 352
405 782 503 385 323 215 342 393 881 336 895 569 778 595 589 589 365 465 982 540 0 595 792 357 358 376 506 435 544 421 154 439 684 855 111 717 786 751 123 519 163 463 1022 785 564 843 199 268 458 914 230 302 560 394 637 530 776 573 766 781 295 736 164 101 795 644 924 818 614 501 434 296 686 194 507 641 462 748 152 284 330 838 515 200 466 783 698 602 332 783 633 490 835 475 666 368 730 252 262 194 375 458 296 491 407 162 762 696 278 641 665 43 974 440 586 614 780 378 653 205 571 731 603 192 555 174 303 328 127 396 1026 594 460 832 192 601 716 925 512 391 342 729 750 521 195 504 566 307 136 792 839 224 597 684 559 463 618 663 301 440 595 280 733 570 546 123 175 341 473 35 243 399 500 220 440 580 650 873 773 360 258 254 419 755 851 766 884 812 777 608 552 279 908 465 371 321 392 190 479 804 435 551 279 778 802 467 499 541 708 821 500 362
889 695 929 557 651 664 258 285 801 321 719 27 963 132 916 183 275 409 955 824 595 0 450 885 347 221 369 512 729 954 663 440 812 812 484 965 692 850 475 101 758 437 989 497 647 834 447 635 870 899 502 743 408 206 338 823 612 719 377 944 578 971 471 665 632 761 776 252 1051 517 638 599 1149 443 731 103 145 919 736 451 294 847 919 492 196 572 540 759 333 796 245 586 300 218 558 252 757 354 351 408 284 189 402 1020 390 551 568 105 329 889 530 633 974 157 324 609 382 907 1050 657 511 695 20 770 154 633 822 375 528 752 956 46 323 527 687 20 226 944 493 851 696 298 591 569 662 817 370 355 641 769 605 708 197 789 466 903 1101 469 443 975 883 551 797 1043 554 663 653 753 850 628 718 268 589 782 248 91 179 750 918 687 489 743 887 426 795 182 965 246 202 681 410 701 802 753 382 793 483 574 861 272 812 278 663 198 223 173 967 358 267 649 103 473
891 333 869 502 990 953 580 675 412 681 295 461 708 323 782 282 642 340 568 688 792 450 0 927 726 503 288 425 562 987 767 378 563 443 702 756 326 568 711 527 932 354 594 68 446 482 746 956 817 528 583 759 245 551 158 694 227 526 78 679 588 751 628 809 240 526 356 341 972 372 541 938 1074 598 592 351 534 666 878 518 487 503 844 602 377 169 207 555 694 470 213 443 279 353 258 609 454 648 657 616 662 599 497 1036 390 838 182 414 544 702 229 836 598 517 208 363 82 946 936 943 302 372 430 896 325 911 873 741 796 701 547 404 332 78 769 430 240 585 343 842 1032 158 221 400 942 706 228 487 754 426 173 985 267 532 279 862 1055 172 501 1005 729 892 506 997 364 789 925 744 775 827 772 658 438 887 374 367 271 348 647 649 825 796 873 36 423 389 640 343 364 452 255 1008 399 651 422 814 443 658 786 274 752 253 681 378 378 585 933 252 187 244 437 463
84 778 205 425 640 515 662 738 847 682 915 861 595 842 352 817 703 594 893 364 357 885 927 0 711 667 654 502 450 69 227 553 571 805 442 503 786 635 465 830 269 576 931 894 539 773 555 587 196 832 388 167 683 708 800 351 820 496 931 612 343 527 417 256 832 554 921 1064 281 559 402 630 335 443 404 901 774 582 219 449 591 758 234 393 711 851 764 501 680 716 836 500 1061 706 715 698 671 587 600 489 718 787 493 137 562 512 826 972 559 452 730 350 870 745 752 622 947 22 342 508 636 712 887 181 797 489 63 683 483 250 956 870 640 939 198 885 939 818 586 116 643 922 798 545 493 321 710 534 251 746 906 492 820 587 649 168 263 762 462 90 389 626 648 222 582 241 477 188 243 345 168 741 508 142 667 842 882 866 619 284 614 143 113 893 809 1031 746 1059 1034 567 674 565 882 332 544 113 487 311 240 1032 230 740 247 1039 1061 792 164 692 912 856 782 473
747 863 827 557 305 338 152 61 974 50 935 322 1005 423 874 449 83 509 1111 800 358 347 726 711 0 228 510 558 752 776 488 512 875 967 270 972 864 933 246 246 503 527 1149 750 717 973 159 295 774 1046 417 619 570 174 575 794 813 763 669 998 517 986 332 455 835 826 982 600 946 602 637 253 1028 324 732 436 207 966 510 411 284 977 830 385 350 794 730 801 41 921 517 638 644 378 723 116 870 144 127 258 65 158 375 847 454 243 780 450 250 892 706 379 1116 213 535 723 678 732 972 333 640 837 364 550 405 317 652 33 243 679 1133 372 445 792 524 363 550 1075 594 723 350 601 787 646 342 776 551 336 465 910 841 386 464 863 606 791 965 669 417 796 862 207 894 913 651 469 339 648 774 380 571 78 646 578 368 387 487 942 980 623 153 589 756 693 956 528 1064 593 550 761 567 363 989 720 420 653 511 450 783 614 733 481 562 544 569 174 839 526 572 857 299 484
678 641 729 386 492 474 77 188 752 180 708 196 826 229 737 240 147 293 894 651 376 221 503 667 228 0 285 365 577 736 443 306 685 749 265 810 641 736 259 166 539 315 932 523 520 759 255 462 671 830 294 533 344 69 349 647 586 578 452 814 382 820 251 443 608 634 755 444 852 395 471 439 945 224 568 267 115 784 514 255 89 766 723 277 125 566 503 618 192 710 301 446 470 151 499 115 662 154 159 186 170 157 207 803 246 358 552 319 108 730 480 415 903 82 307 512 463 690 859 466 422 620 227 548 198 438 604 239 325 557 911 218 221 566 468 226 358 865 382 642 535 393 560 444 468 637 323 157 421 695 613 514 252 669 384 699 893 441 252 757 713 391 692 836 443 442 456 548 657 410 503 175 452 561 140 207 291 716 792 494 325 526 677 469 736 389 863 438 402 562 341 521 765 574 220 580 323 359 667 438 617 254 457 402 426 153 760 299 366 630 124 303
628 356 630 240 734 680 358 474 467 461 427 361 595 256 579 209 432 60 611 483 506 369 288 654 510 285 0 170 373 717 480 102 443 466 424 605 356 481 436 392 644 85 648 278 279 480 488 693 573 549 295 488 60 351 145 485 303 355 278 576 311 609 342 520 325 393 472 441 745 152 304 684 847 314 384 320 368 551 590 230 233 489 611 314 188 292 220 395 472 435 196 229 421 159 214 400 392 399 412 342 456 429 210 773 101 570 275 406 283 533 195 550 623 339 99 242 293 674 726 670 144 339 357 609 218 637 596 516 524 451 626 328 65 326 485 355 305 588 125 582 773 270 277 203 667 487 60 210 467 414 344 709 203 420 102 614 815 165 213 736 537 640 429 756 185 501 650 480 540 541 492 461 229 601 148 283 264 431 549 391 576 517 615 251 452 435 599 438 427 312 56 739 479 424 135 543 168 370 551 395 509 105 406 436 452 419 684 38 265 349 292 181
467 346 460 77 718 638 420 540 448 509 461 498 462 415 412 373 494 111 565 316 435 512 425 502 558 365 170 0 218 562 363 73 320 428 386 454 350 374 406 510 543 84 605 393 158 424 486 670 404 498 205 334 184 433 307 317 346 214 434 449 170 461 289 418 363 270 488 611 575 66 134 674 677 272 220 480 472 419 479 164 282 425 441 238 315 363 275 254 517 368 367 81 591 294 235 467 316 422 439 327 518 522 185 613 123 543 339 565 308 377 240 476 565 439 266 180 449 521 556 628 142 299 503 490 373 594 449 553 494 283 599 477 190 439 356 502 475 521 86 420 750 438 320 91 621 317 215 222 356 366 419 657 369 305 147 447 646 261 151 580 373 637 336 587 110 392 602 320 369 465 352 530 87 473 265 435 432 437 427 226 580 374 452 391 421 601 505 608 595 202 174 701 473 254 144 389 48 260 381 565 339 273 258 603 621 517 517 203 435 389 419 79
385 334 323 195 859 759 624 742 396 705 473 716 253 628 219 582 696 322 455 126 544 729 562 450 752 577 373 218 0 490 417 289 140 354 534 236 342 208 559 727 597 293 495 510 115 326 653 806 282 390 345 309 362 644 487 134 396 46 595 247 253 243 440 486 403 107 473 809 413 221 116 823 514 436 46 692 688 214 525 341 491 314 294 382 534 440 363 58 711 267 565 144 778 511 310 673 220 609 626 501 720 735 380 520 342 685 415 778 505 160 334 574 440 654 458 203 610 462 374 749 267 266 721 518 587 717 419 742 636 201 512 694 406 547 391 719 671 389 251 338 884 620 380 174 739 152 402 425 422 295 488 765 577 145 303 328 503 391 336 503 169 793 203 449 204 455 719 271 233 563 359 735 144 486 483 651 637 419 233 195 745 371 359 536 358 808 340 807 799 124 355 823 432 118 359 347 254 354 242 756 225 478 276 809 824 731 395 399 624 425 638 274
105 823 207 484 691 565 730 805 885 749 961 931 609 910 362 884 771 657 922 392 421 954 987 69 776 736 717 562 490 0 296 616 602 842 509 513 831 664 531 899 317 638 958 951 586 807 620 639 217 863 456 229 745 777 863 379 870 537 994 630 407 537 486 321 882 590 964 1132 251 617 454 684 287 512 445 969 843 602 276 516 660 791 239 462 779 905 818 537 747 752 902 554 1127 774 768 767 709 654 668 558 785 855 561 70 627 571 879 1041 628 471 784 410 896 814 816 671 1009 46 323 559 692 756 956 237 865 542 132 748 546 297 987 939 706 996 268 954 1006 845 644 152 690 987 850 599 544 351 772 603 319 784 958 539 887 621 708 177 212 820 530 20 407 683 682 181 636 308 530 243 268 405 236 808 562 201 735 910 949 909 640 339 675 211 133 954 847 1099 767 1127 1102 611 735 612 922 372 610 174 550 380 262 1098 265 806 311 1107 1129 861 144 755 977 905 851 537
258 695 350 295 474 359 434 512 784 457 820 639 637 632 436 613 476 427 869 394 154 663 767 227 488 443 480 363 417 296 0 391 557 753 218 570 700 626 242 604 184 416 909 747 461 734 338 419 303 802 187 148 523 481 624 383 708 453 757 643 195 589 192 69 725 523 840 857 463 429 319 450 540 220 376 688 547 610 116 253 372 725 360 180 499 726 638 476 456 673 643 396 862 499 597 471 621 360 374 262 492 559 289 365 380 316 702 755 334 496 603 169 856 519 573 525 772 250 500 349 505 637 667 129 588 321 166 463 278 248 920 652 451 794 38 665 740 806 448 239 490 735 683 435 337 356 540 323 23 689 783 356 619 562 505 310 477 617 270 317 446 434 616 425 466 38 317 188 319 159 88 514 406 124 461 627 679 787 638 223 409 102 269 731 751 817 755 852 824 501 514 420 815 324 353 168 330 109 325 832 282 551 141 827 850 565 352 518 720 750 561 306
526 362 528 137 698 629 367 487 470 462 460 427 528 342 485 300 442 42 599 389 439 440 378 553 512 306 102 73 289 616 391 0 381 457 372 525 364 430 389 443 563 25 638 356 215 461 458 653 471 533 212 387 132 375 246 390 339 280 377 512 211 531 279 438 359 330 495 541 644 90 206 652 746 256 293 407 408 484 504 154 229 465 510 239 245 345 260 321 471 408 297 147 523 222 232 414 358 383 399 301 467 461 156 670 59 526 323 492 265 449 226 481 604 375 201 211 393 573 628 619 137 326 431 520 300 585 497 511 478 349 626 405 117 403 391 430 405 563 83 479 733 373 312 138 614 389 156 179 380 399 400 653 297 363 120 512 712 228 138 635 446 611 386 653 139 415 595 377 438 471 395 477 150 508 195 362 360 448 489 288 551 418 513 343 447 528 557 537 523 256 123 691 490 326 92 442 66 282 450 496 407 202 306 531 549 455 582 139 368 384 350 84
497 268 412 321 998 899 740 860 294 826 401 802 153 697 269 648 814 404 323 210 684 812 563 571 875 685 443 320 140 602 557 381 0 245 670 195 277 68 694 824 735 378 361 501 166 207 785 945 385 261 479 443 414 754 527 222 358 113 613 132 392 188 574 626 358 51 385 853 473 296 252 960 566 567 181 759 790 108 663 466 603 188 378 516 623 413 356 82 834 156 616 239 812 597 307 788 127 735 752 630 838 842 500 620 440 822 391 846 625 160 338 715 303 757 510 213 626 579 414 889 308 205 800 654 661 857 546 867 774 330 385 772 490 529 531 799 717 251 318 455 1023 654 351 244 879 251 455 541 563 197 449 906 639 31 352 428 573 406 459 612 212 929 84 526 258 595 859 402 334 704 496 851 233 621 574 727 695 335 107 334 879 506 468 545 255 864 199 851 851 131 409 963 333 245 465 475 365 494 340 794 340 542 416 862 874 836 487 460 664 373 728 391
736 118 657 470 1147 1064 818 937 51 917 186 811 330 682 515 630 893 458 145 453 855 812 443 805 967 749 466 428 354 842 753 457 245 0 814 416 122 199 835 853 937 440 182 374 292 49 913 1098 627 88 629 661 412 816 479 465 217 310 513 297 564 400 717 818 202 251 150 777 718 371 433 1103 808 701 401 734 834 301 866 592 683 75 624 664 652 273 273 304 927 90 577 365 721 622 255 863 134 841 856 754 917 895 609 864 514 971 264 815 722 403 281 892 162 805 487 248 521 816 654 1054 327 130 795 865 658 1020 773 968 922 556 171 766 529 382 733 794 656 142 374 691 1179 577 230 338 1046 492 445 637 753 63 282 1079 617 222 364 671 818 343 579 853 457 1065 161 772 321 788 1027 625 576 882 707 924 355 836 614 720 657 113 267 542 1007 722 708 440 20 811 207 778 790 251 412 1128 90 472 549 702 477 668 583 712 576 536 617 804 809 885 732 462 598 201 752 508
476 730 559 352 333 258 232 295 834 239 832 457 781 487 620 484 262 391 948 556 111 484 702 442 270 265 424 386 534 509 218 372 670 814 0 733 733 734 26 409 274 395 988 702 531 808 126 283 507 881 190 351 481 284 545 548 710 556 671 780 281 749 97 192 730 625 867 708 677 446 418 291 758 115 504 531 352 746 257 222 225 806 564 154 360 711 630 589 238 750 532 452 728 372 604 261 697 146 158 88 276 351 217 580 330 157 691 584 170 654 598 150 945 329 494 566 684 464 706 248 509 685 492 294 448 214 383 246 108 423 985 483 371 749 253 490 610 898 452 453 364 627 684 476 243 526 481 215 195 752 765 285 493 665 490 522 695 587 237 530 615 259 708 643 495 201 225 383 512 145 300 299 462 316 339 470 544 818 767 373 213 318 485 665 807 655 868 702 667 577 474 319 857 477 292 383 338 192 520 696 472 455 302 667 692 359 568 455 606 756 389 306
420 461 306 424 1040 928 853 968 468 927 589 953 102 861 151 814 923 557 444 177 717 965 756 503 972 810 605 454 236 513 570 525 195 416 733 0 470 217 759 963 725 528 474 696 329 369 858 986 307 399 556 427 587 876 708 187 554 250 802 130 457 23 647 638 553 231 564 1033 322 453 339 1011 400 649 242 925 922 115 654 565 722 345 273 590 770 608 549 212 932 334 792 379 997 747 499 901 319 828 845 715 945 967 608 510 578 872 587 1012 732 80 529 739 410 888 684 398 816 505 247 919 484 399 956 634 821 890 501 958 827 321 518 929 642 725 535 955 896 362 480 391 1059 838 547 402 907 213 628 656 583 381 645 925 808 226 526 337 424 595 563 517 123 987 269 389 426 607 887 384 266 729 489 962 377 594 719 886 867 518 154 360 946 490 390 736 430 1038 271 1031 1027 309 581 990 507 256 594 438 488 542 266 977 294 709 438 1037 1051 964 375 628 846 567 874 507
725 8 664 407 1062 988 713 830 111 814 130 692 401 561 538 509 787 357 263 460 786 692 326 786 864 641 356 350 342 831 700 364 277 122 733 470 0 258 752 737 884 344 297 258 247 156 822 1016 625 210 555 630 299 707 358 470 99 296 393 370 505 459 637 761 89 259 139 657 742 286 390 1016 839 618 386 613 721 364 817 511 582 177 633 588 539 157 151 306 825 148 455 304 602 509 141 756 150 744 759 665 811 783 520 862 416 889 145 693 625 436 164 826 284 692 368 174 403 799 688 978 227 76 675 820 539 944 746 867 841 535 270 646 420 272 686 674 534 263 281 678 1097 456 108 266 971 493 328 542 697 101 179 1008 497 246 258 671 838 222 496 844 481 976 201 787 240 733 952 599 575 815 667 817 294 796 504 600 535 86 337 508 915 685 700 320 103 689 314 657 669 220 300 1051 125 459 454 676 396 605 584 591 567 418 573 682 687 772 737 348 476 98 635 427
560 250 469 383 1063 966 794 914 251 883 372 843 143 731 320 680 869 449 258 272 751 850 568 635 933 736 481 374 208 664 626 430 68 199 734 217 258 0 758 869 804 423 295 502 216 154 848 1011 446 199 543 510 445 805 550 285 350 178 624 112 458 203 638 695 346 109 346 873 521 342 318 1025 609 630 250 792 838 106 732 526 656 132 435 580 666 408 364 150 891 116 643 294 828 639 320 842 113 794 811 691 893 892 557 679 490 888 389 877 682 206 352 782 236 805 539 242 636 643 455 956 340 196 838 723 697 924 613 926 839 398 323 809 533 525 599 836 740 184 360 519 1090 672 348 292 946 314 485 597 631 164 437 973 671 69 385 488 622 422 518 673 264 993 61 578 298 663 926 470 396 772 564 905 287 688 619 763 723 301 80 403 942 574 531 553 213 891 134 872 875 174 441 1030 290 312 517 542 421 561 401 812 405 576 484 887 897 886 544 494 685 357 771 448
500 749 585 375 311 244 220 274 854 217 849 448 807 485 646 485 243 406 970 582 123 475 711 465 246 259 436 406 559 531 242 389 694 835 26 759 752 758 0 396 285 411 1010 713 554 830 100 264 533 903 214 376 494 272 553 574 726 580 677 805 306 775 120 212 747 649 885 704 702 466 443 268 782 134 530 527 339 772 273 242 228 828 590 178 361 725 645 614 215 772 535 475 726 375 621 245 719 129 139 95 255 335 233 601 344 137 706 577 172 680 614 158 967 318 503 587 690 486 732 234 527 706 484 312 448 201 405 221 89 449 1006 477 381 760 277 482 610 921 470 478 345 631 700 497 231 553 493 226 219 773 779 274 495 689 506 547 719 600 256 551 642 235 731 667 515 223 214 409 539 154 325 279 484 335 344 466 543 837 792 400 187 343 510 674 828 648 892 698 662 599 487 303 876 503 306 408 358 218 547 695 498 461 328 661 686 344 593 467 608 772 383 327
843 738 895 543 551 569 176 185 848 223 779 77 971 204 899 246 178 420 998 810 519 101 527 830 246 166 392 510 727 899 604 443 824 853 409 963 737 869 396 0 681 446 1034 566 657 870 356 537 837 939 460 699 441 124 396 807 665 723 459 955 547 971 413 597 686 773 833 353 1018 528 627 499 1112 388 723 197 57 928 665 419 253 881 888 443 203 632 588 763 234 827 314 589 401 232 598 159 784 269 264 342 185 88 370 967 386 459 624 203 272 884 573 554 1013 85 371 633 465 852 1024 563 537 730 119 701 206 540 767 275 440 722 1005 133 335 601 631 118 319 979 508 808 597 383 642 579 569 798 408 320 581 805 670 615 261 804 494 865 1060 518 414 920 871 452 819 1002 570 599 561 715 821 551 668 168 593 718 249 161 262 802 931 658 391 691 843 499 838 281 990 346 303 696 441 603 853 735 369 746 474 525 832 371 782 319 623 297 322 73 926 390 351 705 101 458
341 879 459 478 374 248 505 546 969 489 1002 732 802 755 580 746 522 595 1051 557 163 758 932 269 503 539 644 543 597 317 184 563 735 937 274 725 884 804 285 681 0 588 1091 918 645 917 345 323 429 985 350 300 692 557 782 545 889 634 913 812 379 746 312 125 906 703 1024 979 549 609 503 369 602 344 554 803 624 779 72 414 489 908 480 330 625 904 817 655 483 857 787 580 994 632 778 528 805 413 421 355 530 617 437 382 542 271 881 859 439 658 782 128 1037 603 730 709 928 284 606 242 684 821 766 93 714 228 237 471 259 412 1103 757 605 965 205 765 874 986 626 347 373 881 864 618 227 516 704 458 187 873 960 223 754 742 680 418 529 791 431 333 602 374 798 491 648 151 213 343 461 130 241 553 590 135 595 742 809 971 810 401 377 235 365 895 936 928 930 973 940 685 683 296 999 495 510 288 506 283 463 963 430 700 321 940 965 627 432 680 863 932 663 479
546 342 544 156 720 653 380 500 451 477 437 426 526 334 495 290 455 28 583 399 463 437 354 576 527 315 85 84 293 638 416 25 378 440 395 528 344 423 411 446 588 0 622 331 211 446 478 675 488 518 237 408 108 384 226 400 315 281 355 509 234 533 303 463 335 326 474 527 659 81 219 672 761 279 301 399 414 482 529 179 243 451 526 263 245 320 236 321 486 395 282 149 506 220 209 426 346 400 416 322 479 469 178 691 73 548 298 484 282 454 203 506 589 382 183 197 371 595 641 643 117 310 428 545 293 609 520 527 501 366 608 401 114 378 415 426 391 550 67 499 755 355 289 133 637 401 134 198 405 383 376 677 286 358 95 529 729 203 162 656 454 632 376 670 127 440 619 398 454 496 418 488 151 533 196 357 348 427 485 307 571 442 532 319 430 518 548 524 511 249 99 714 470 339 109 464 89 307 465 481 423 189 328 520 537 462 600 120 351 361 350 109
855 295 759 639 1322 1234 1001 1120 188 1099 303 989 372 858 605 806 1076 640 40 567 1022 989 594 931 1149 932 648 605 495 958 909 638 361 182 988 474 297 295 1010 1034 1091 622 0 527 458 180 1091 1272 741 108 800 803 594 999 653 580 381 456 669 343 728 452 891 976 362 387 243 935 796 551 591 1279 873 876 539 908 1016 364 1019 769 865 184 725 836 834 430 448 438 1109 239 750 536 874 804 436 1045 292 1021 1037 932 1100 1077 788 970 696 1145 428 986 903 491 461 1057 64 987 665 428 676 938 722 1224 509 312 972 1013 836 1191 908 1149 1096 692 64 943 711 523 886 971 821 113 555 814 1352 740 399 513 1216 609 625 818 912 239 421 1247 793 349 547 781 898 519 756 966 553 1242 292 860 501 946 1196 763 690 1047 854 1107 526 980 797 898 829 247 324 690 1185 866 825 598 196 976 204 936 953 414 594 1298 194 606 731 837 654 832 695 868 700 715 769 967 970 1067 834 644 764 352 932 684
852 264 823 470 1002 956 601 703 344 704 231 505 644 366 728 320 667 322 501 636 785 497 68 894 750 523 278 393 510 951 747 356 501 374 702 696 258 502 713 566 918 331 527 0 394 413 756 965 773 460 567 727 226 577 175 643 158 471 142 614 561 689 621 793 171 466 291 408 923 334 500 951 1024 593 543 402 568 602 861 505 496 435 797 589 400 100 147 498 716 402 252 400 347 372 201 634 389 661 672 618 688 633 489 998 378 844 114 471 551 645 175 828 530 547 217 307 148 912 883 947 260 306 477 876 361 914 842 763 800 661 482 450 332 47 746 477 299 517 308 804 1043 216 154 356 944 657 220 486 736 358 110 987 305 470 245 819 1008 132 487 969 674 906 441 952 319 772 927 708 730 819 744 687 394 863 387 409 321 280 582 612 840 767 834 73 354 451 571 409 427 395 234 1014 332 605 413 781 418 638 740 341 709 269 651 441 443 619 889 246 243 175 471 441
481 241 434 180 864 776 578 698 323 668 376 637 315 536 335 487 652 238 418 242 564 647 446 539 717 520 279 158 115 586 461 215 166 292 531 329 247 216 554 657 645 211 458 394 0 278 639 814 388 350 342 382 257 589 379 249 286 81 482 298 271 330 434 525 296 115 385 704 528 130 144 823 630 422 150 599 624 271 576 316 440 274 406 378 456 327 248 117 676 219 462 80 670 431 194 625 166 580 596 481 676 677 343 622 274 688 302 685 466 263 219 601 413 591 355 88 496 553 489 766 156 177 636 576 498 732 498 712 639 289 461 608 324 432 443 634 567 367 154 434 894 511 268 78 757 264 298 381 461 229 377 789 480 148 196 434 616 276 305 600 282 788 178 561 97 496 737 351 341 590 421 688 71 550 408 563 538 331 274 260 734 438 458 421 290 709 347 702 698 45 251 840 355 218 301 429 206 376 351 649 327 382 328 708 722 671 503 300 517 319 562 234
702 150 619 459 1141 1054 826 946 100 923 235 832 281 706 473 654 901 466 140 416 843 834 482 773 973 759 480 424 326 807 734 461 207 49 808 369 156 154 830 870 917 446 180 413 278 0 911 1091 591 73 620 635 429 827 507 429 255 284 549 248 549 352 710 800 242 219 199 812 675 372 414 1098 763 696 372 761 848 254 846 588 689 25 585 656 668 313 301 272 932 60 604 355 758 638 276 871 113 843 859 751 925 908 609 827 519 965 301 843 725 360 304 879 143 818 510 249 559 783 609 1044 337 140 819 842 680 1011 745 972 916 527 186 790 541 424 712 818 688 110 379 659 1172 611 264 333 1036 456 464 640 735 65 326 1067 642 186 377 635 776 370 576 818 417 1062 125 731 322 770 1016 597 540 868 683 934 346 811 628 743 685 161 218 518 1005 697 674 476 67 843 161 813 823 234 429 1118 138 442 553 673 473 654 547 747 544 557 595 836 842 899 694 480 630 244 769 504
596 820 684 464 246 219 191 200 928 144 912 420 903 484 747 495 182 468 1051 681 199 447 746 555 159 255 488 486 653 620 338 458 785 913 126 858 822 848 100 356 345 478 1091 756 639 911 0 209 633 984 307 476 548 241 588 673 788 671 702 900 403 874 213 298 809 739 951 691 800 541 536 196 878 218 626 516 302 867 351 323 259 911 690 271 375 780 705 706 138 854 554 559 723 396 687 197 802 101 97 159 186 280 303 690 407 104 762 552 205 778 676 220 1051 290 540 664 714 576 832 212 595 782 460 391 454 186 498 129 87 550 1083 458 427 801 374 458 614 1006 541 576 286 647 761 577 215 652 540 281 315 852 832 262 507 778 569 646 813 654 335 640 741 153 817 763 591 315 205 509 639 221 423 210 568 420 372 457 547 905 885 499 94 440 607 710 904 627 982 685 645 685 542 266 948 602 369 506 437 318 647 691 598 493 429 642 667 292 690 514 621 834 369 406
