138
0 179 390 827 496 105 296 220 383 113 735 739 491 450 497 290 621 353 597 854 369 466 887 517 656 374 555 347 816 755 607 398 469 281 384 922 194 829 633 389 365 231 819 365 776 76 481 569 455 704 825 187 190 665 281 541 829 656 762 60 854 213 881 923 553 310 243 202 490 359 300 485 223 185 791 781 508 744 797 167 317 316 249 754 115 489 112 615 407 265 437 492 635 97 252 558 179 700 170 731 476 233 803 80 536 89 434 349 326 412 463 581 533 214 906 312 77 443 290 497 479 187 835 870 227 378 855 432 199 618 378 208 844 190 497 452 109 200
179 0 570 964 659 147 306 277 561 276 723 809 646 556 648 445 579 501 756 948 239 348 938 696 725 230 665 520 911 830 677 271 405 349 301 971 19 888 674 552 495 119 927 321 821 219 525 549 632 861 857 144 369 831 459 624 988 648 839 120 907 368 1025 1060 733 427 66 342 656 519 465 657 400 21 890 941 688 840 927 129 485 493 428 803 112 383 82 781 254 261 616 550 667 142 388 633 357 829 334 781 532 184 913 181 711 264 531 501 473 498 531 554 554 392 1066 479 180 568 435 361 612 366 983 990 396 546 1012 594 65 760 525 358 929 364 677 607 197 337
390 570 0 629 258 461 554 466 90 318 908 745 265 454 289 254 859 282 351 781 733 812 915 128 685 746 505 112 746 747 644 758 760 467 710 952 584 847 726 222 348 604 715 658 833 373 611 784 90 445 902 542 202 368 118 570 549 834 750 451 883 261 651 715 176 374 634 305 239 233 208 199 185 574 714 497 117 686 625 528 159 121 144 806 485 821 499 329 783 553 48 591 747 459 300 599 221 552 261 786 585 573 694 411 208 309 472 240 285 486 555 804 688 191 614 197 416 398 291 856 386 206 595 722 221 192 577 204 584 442 297 277 797 218 109 253 415 312
827 964 629 0 376 816 724 700 550 713 741 396 883 423 908 540 819 475 278 276 976 988 512 577 419 1007 323 739 267 374 428 981 854 636 885 536 983 458 532 458 468 914 196 807 514 758 565 742 683 200 581 846 732 295 703 418 193 709 365 865 494 839 82 96 524 537 1004 878 392 480 543 430 647 980 245 210 607 272 56 849 779 580 705 493 941 966 883 313 1044 761 635 518 567 822 895 434 683 141 812 491 533 838 181 895 436 798 456 866 501 498 510 766 616 655 232 536 788 397 537 1050 351 736 93 126 615 482 185 830 933 209 448 853 327 768 582 878 916 883
496 659 258 376 0 517 510 447 174 385 750 519 521 279 545 215 747 172 105 529 746 796 688 243 474 770 284 364 496 516 443 762 699 408 685 723 677 619 543 107 218 645 459 616 622 440 469 665 325 212 695 574 365 172 328 377 335 687 516 545 657 468 409 466 213 286 713 508 20 141 195 67 287 671 464 285 268 442 368 570 403 207 332 594 610 790 577 121 808 531 273 434 571 520 521 408 327 295 445 578 435 585 438 551 117 446 311 490 198 344 403 689 547 295 411 183 479 213 233 851 173 370 356 464 269 118 361 462 647 184 160 482 551 399 239 511 567 513
105 147 461 816 517 0 201 142 436 145 640 678 590 411 598 302 519 355 611 809 275 366 817 582 594 285 520 435 771 697 545 302 364 212 280 851 167 763 556 410 347 142 783 261 703 88 404 471 535 715 746 85 274 690 363 487 842 562 706 77 785 316 877 912 611 279 195 307 516 376 327 521 279 164 749 797 577 699 780 67 412 368 330 683 159 386 68 639 321 165 510 423 555 9 357 499 240 681 271 660 405 129 769 170 578 186 389 451 327 359 399 482 447 272 921 342 45 420 289 402 464 272 835 844 263 407 866 529 130 612 378 312 793 283 562 553 200 305
296 306 554 724 510 201 0 90 498 264 439 508 741 301 753 319 329 339 580 659 252 285 631 652 424 283 403 565 623 530 378 260 206 101 175 664 324 582 367 417 295 211 649 107 514 238 219 273 640 672 551 162 412 673 486 335 795 360 540 278 600 487 796 816 664 223 318 489 517 383 362 539 374 327 606 757 657 553 679 178 556 436 455 497 357 280 253 625 320 45 602 250 361 211 537 338 352 582 438 474 231 129 639 370 603 357 267 614 316 226 236 286 249 371 873 377 219 340 287 342 394 412 764 724 332 428 815 674 250 543 350 488 633 434 635 707 400 488
220 277 466 700 447 142 90 0 415 174 517 536 651 282 663 243 418 274 527 671 298 355 675 569 452 323 391 475 634 556 403 315 294 71 247 709 296 620 416 347 244 213 650 192 561 154 263 357 552 625 606 145 322 616 395 347 751 438 564 217 643 400 768 795 585 170 306 404 451 312 282 468 285 296 613 709 572 562 660 151 465 352 364 541 300 357 206 566 362 88 515 280 416 151 452 357 262 562 351 518 263 141 638 299 531 272 255 525 248 221 257 372 312 281 829 298 144 305 215 407 355 321 731 717 245 354 773 584 235 506 291 401 653 344 552 617 328 404
383 561 90 550 174 436 498 415 0 291 828 655 356 368 379 183 789 198 274 691 698 769 825 154 596 715 415 189 656 657 556 720 702 404 662 862 576 757 641 132 265 577 626 605 745 349 532 712 174 375 814 510 215 309 157 482 488 756 659 441 793 304 579 639 174 300 622 346 158 147 137 126 160 568 625 436 161 596 543 499 228 68 169 717 489 773 484 264 753 503 123 509 663 436 353 512 203 466 290 698 504 535 606 420 159 314 387 315 205 405 473 733 610 169 558 123 392 309 219 817 295 220 524 637 175 102 516 292 565 356 211 319 707 243 137 341 430 352
113 276 318 713 385 145 264 174 291 0 684 645 477 346 489 176 593 239 485 750 415 497 800 436 564 428 448 306 712 659 515 440 463 212 399 836 292 739 555 278 254 287 711 358 693 58 408 530 396 592 748 224 148 556 228 446 718 605 666 160 767 228 767 810 465 206 333 239 381 247 190 381 134 286 686 670 433 640 684 210 292 222 196 670 228 510 195 506 465 250 367 410 563 145 283 466 98 588 179 647 396 255 695 184 436 110 335 350 212 320 378 546 470 127 795 203 101 333 177 538 366 148 721 759 120 270 743 411 274 505 265 232 743 170 417 442 209 241
735 723 908 741 750 640 439 517 828 684 0 352 1140 472 1157 654 171 630 763 522 548 477 340 968 323 582 487 955 505 378 328 528 339 473 442 354 738 339 218 705 563 607 569 402 252 671 296 173 998 807 222 586 821 858 876 378 896 79 389 717 326 913 823 803 956 535 711 921 766 683 700 808 760 744 512 880 984 471 684 607 958 787 850 263 793 431 686 826 600 476 950 321 184 650 967 349 753 624 864 256 324 541 574 810 868 788 445 1030 623 423 355 172 220 760 960 711 658 538 617 527 578 822 821 667 708 731 903 1071 659 664 622 916 469 850 957 1111 839 921
739 809 745 396 519 678 508 536 655 645 352 0 1007 308 1029 528 462 474 490 177 728 702 170 761 84 764 240 826 154 27 133 722 552 466 620 206 828 102 172 523 418 720 217 548 120 662 290 399 828 500 191 667 740 572 760 198 568 337 39 750 138 850 477 451 731 441 826 874 539 516 562 586 656 830 160 562 785 123 340 680 848 641 744 97 835 668 743 553 794 554 775 259 202 687 910 180 671 299 806 96 277 638 222 819 633 754 310 933 484 326 279 419 296 661 624 565 672 350 500 764 359 742 482 314 606 553 570 941 758 373 453 859 134 775 756 987 847 877
491 646 265 883 521 590 741 651 356 477 1140 1007 0 709 25 493 1067 536 606 1046 860 957 1177 312 943 863 769 186 1012 1011 900 890 940 674 868 1214 653 1109 974 485 599 722 980 835 1090 515 847 999 200 689 1156 676 329 602 263 826 776 1063 1014 546 1144 279 895 963 371 607 712 305 501 491 452 457 380 642 980 726 282 952 884 657 185 367 290 1063 537 977 599 572 894 727 249 833 992 584 262 854 391 816 320 1043 824 718 959 464 447 404 721 145 532 728 797 1017 920 380 830 445 550 657 528 988 650 329 838 982 432 455 804 68 685 705 555 288 1063 310 303 39 451 310
450 556 454 423 279 411 301 282 368 346 472 308 709 0 729 220 472 172 312 404 553 574 473 498 236 585 108 524 366 318 191 560 452 214 467 510 575 408 274 238 111 494 372 390 381 374 191 389 542 386 448 428 431 409 454 116 503 407 323 473 440 542 495 516 484 140 589 567 294 221 257 335 349 574 341 470 516 294 379 434 542 341 437 354 556 557 479 369 622 338 491 154 298 418 602 145 363 282 499 334 157 416 358 527 395 452 37 626 177 80 124 413 267 353 579 263 393 65 192 635 113 434 464 434 298 266 520 641 518 247 156 551 397 467 488 686 554 570
497 648 289 908 545 598 753 663 379 489 1157 1029 25 729 0 512 1080 557 631 1070 866 963 1199 338 964 867 791 205 1036 1033 921 895 951 689 877 1235 654 1131 993 508 619 727 1004 845 1111 524 864 1013 225 715 1176 683 341 628 280 846 802 1079 1036 550 1166 284 921 988 397 625 713 306 526 512 471 482 397 643 1004 751 308 975 909 664 199 388 306 1084 538 985 604 598 898 737 274 851 1010 592 261 874 405 840 327 1063 842 726 983 466 473 411 740 148 552 747 816 1031 936 396 856 465 558 678 547 994 672 341 864 1007 448 477 830 88 689 729 576 291 1086 320 329 46 451 311
290 445 254 540 215 302 319 243 183 176 654 528 493 220 512 0 606 66 310 604 538 598 694 336 456 559 302 307 567 536 411 556 522 222 489 731 463 628 481 109 109 431 556 427 600 227 358 530 345 416 664 360 215 387 234 336 543 579 541 334 661 327 592 636 344 119 497 357 215 74 46 226 129 458 538 496 344 498 514 354 322 133 216 574 405 598 363 337 598 330 299 340 499 305 387 363 151 419 289 553 333 375 538 355 288 259 228 405 45 235 304 551 434 134 620 60 264 182 36 650 201 218 545 594 82 112 568 425 431 330 93 338 607 252 320 468 376 361
621 579 859 819 747 519 329 418 789 593 171 462 1067 472 1080 606 0 599 783 640 384 306 494 939 407 417 522 886 616 490 390 362 178 394 283 514 592 479 294 680 536 460 672 261 390 567 280 82 948 846 380 453 739 880 806 411 951 131 501 593 475 817 901 893 937 488 558 818 760 651 653 794 691 599 615 926 949 567 764 474 881 737 777 391 661 260 554 841 432 355 904 322 261 528 867 389 675 687 768 377 315 404 671 690 858 687 437 943 585 402 347 58 209 689 1021 666 545 536 569 355 585 739 889 766 643 700 963 999 514 701 598 818 593 763 924 1034 718 817
353 501 282 475 172 355 339 274 198 239 630 474 536 172 557 66 599 0 257 541 573 624 642 341 407 598 242 352 504 480 364 589 534 238 514 679 520 575 443 81 66 476 491 446 554 286 335 520 371 360 620 405 278 341 286 289 487 559 484 394 609 390 529 571 338 117 550 422 177 52 88 201 190 515 475 442 354 436 448 402 373 168 272 527 467 619 419 292 636 358 321 310 465 359 449 318 216 353 353 506 306 413 472 420 266 326 189 459 28 207 275 542 413 196 565 91 321 123 65 679 136 281 483 527 147 101 511 468 482 265 26 401 546 314 328 514 441 426
597 756 351 278 105 611 580 527 274 485 763 490 606 312 631 310 783 257 0 466 825 865 652 306 461 851 277 461 438 482 440 838 757 479 755 685 774 585 548 207 285 733 390 682 603 537 502 700 406 107 676 662 471 97 431 385 232 707 480 644 624 572 305 364 259 359 806 613 118 238 297 151 392 768 406 185 335 394 279 659 503 313 436 575 711 855 673 63 889 606 357 461 579 615 625 414 432 223 550 563 467 668 369 654 163 551 348 589 285 388 435 724 575 400 310 285 575 251 322 923 198 475 251 378 371 222 258 551 739 119 237 587 497 504 308 600 671 618
854 948 781 276 529 809 659 671 691 750 522 177 1046 404 1070 604 640 541 466 0 892 874 239 767 246 927 303 876 37 149 284 888 725 599 786 261 967 196 349 567 501 869 82 712 272 778 450 576 854 437 326 811 819 525 821 325 467 513 138 875 227 932 347 303 725 545 973 962 549 572 628 596 732 968 66 477 794 109 229 821 906 695 811 259 959 841 876 523 959 703 801 411 380 817 991 320 755 243 893 267 429 787 102 932 627 854 421 994 559 450 422 596 468 738 507 628 795 422 584 936 408 822 370 162 686 597 462 984 902 350 516 943 56 856 766 1033 958 966
369 239 733 976 746 275 252 298 698 415 548 728 860 553 866 538 384 573 825 892 0 108 823 849 648 36 654 711 858 753 607 31 208 347 111 850 244 786 566 645 540 138 891 180 705 361 442 381 810 920 723 191 550 914 638 577 1045 484 764 315 795 581 1049 1067 872 465 194 564 749 609 574 764 548 255 845 1005 847 792 930 207 685 631 605 694 348 148 262 865 68 219 782 482 548 279 613 574 512 834 540 674 464 163 883 406 826 457 519 718 547 477 477 377 436 542 1123 589 319 591 513 127 644 548 1016 971 522 650 1065 802 182 794 589 575 860 557 830 822 428 560
466 348 812 988 796 366 285 355 769 497 477 702 957 574 963 598 306 624 865 874 108 0 777 922 627 129 665 800 843 729 592 77 151 387 110 802 353 748 533 700 581 241 884 184 663 448 431 323 893 954 670 280 638 959 724 575 1076 421 740 416 752 680 1065 1076 940 509 302 665 802 665 638 822 627 364 833 1039 923 781 939 299 778 703 692 656 454 47 363 911 130 267 861 475 509 372 714 567 594 847 636 637 459 241 877 509 886 552 537 816 599 494 479 313 406 621 1153 653 408 620 569 62 675 637 1038 969 595 709 1094 896 288 821 636 674 837 649 904 919 533 662
887 938 915 512 688 817 631 675 825 800 340 170 1177 473 1199 694 494 642 652 239 823 777 0 931 238 859 410 995 244 171 286 811 626 608 711 36 956 68 264 693 584 838 315 648 117 812 414 454 998 649 117 794 903 728 928 359 699 363 172 892 33 1012 586 543 898 600 946 1034 708 686 730 755 822 959 269 701 954 261 460 809 1016 810 911 134 976 736 878 714 885 677 946 395 276 826 1072 335 834 445 968 157 412 758 330 967 800 911 471 1100 651 480 423 467 390 826 744 734 816 520 665 834 530 906 604 402 771 723 696 1110 881 533 622 1020 185 939 926 1157 996 1036
517 696 128 577 243 582 652 569 154 436 968 761 312 498 338 336 939 341 306 767 849 922 931 0 712 864 524 222 736 759 678 872 857 558 816 966 710 862 771 263 406 724 694 759 862 493 675 860 118 379 933 659 331 289 246 608 463 899 759 577 900 386 583 652 60 450 760 430 223 288 290 175 302 702 704 413 30 684 584 647 273 218 273 834 613 927 623 263 901 657 92 647 797 580 419 638 342 527 390 817 645 686 673 539 142 437 523 340 353 547 613 882 754 309 520 276 537 435 371 969 407 335 526 683 327 239 491 270 707 417 346 402 792 347 19 316 543 437
656 725 685 419 474 594 424 452 596 564 323 84 943 236 964 456 407 407 461 246 648 627 238 712 0 683 190 759 216 106 49 643 479 381 540 275 743 175 113 463 347 636 265 467 149 580 207 336 770 489 220 582 665 550 690 120 573 291 116 666 205 774 502 488 687 362 742 796 493 453 493 539 584 745 210 559 734 160 363 595 778 575 673 121 751 595 658 525 715 469 718 174 148 603 833 98 596 300 729 104 193 554 264 736 591 674 232 862 413 244 195 358 222 588 636 498 588 286 426 689 305 667 497 359 532 493 580 876 673 351 388 782 212 700 705 921 764 799
374 230 746 1007 770 285 283 323 715 428 582 764 863 585 867 559 417 598 851 927 36 129 859 864 683 0 686 719 893 789 642 56 243 376 147 887 232 822 602 667 566 143 926 216 742 373 477 417 821 947 759 205 559 939 648 611 1073 519 800 317 832 583 1080 1099 890 492 177 563 773 632 594 786 562 243 879 1032 862 826 962 218 691 647 615 731 341 172 263 890 38 248 795 517 584 288 611 609 525 866 543 710 499 184 917 403 847 463 550 719 571 509 511 412 473 556 1151 609 330 620 536 131 673 556 1047 1005 539 671 1093 806 179 824 614 576 895 563 845 824 424 559
555 665 505 323 284 520 403 391 415 448 487 240 769 108 791 302 522 242 277 303 654 665 410 524 190 686 0 589 265 242 163 659 534 322 562 446 684 342 270 283 197 601 264 484 338 479 250 441 588 324 410 536 518 370 527 112 429 434 245 581 378 630 399 413 497 245 698 659 303 279 330 349 431 683 238 403 546 195 275 543 614 405 514 310 663 644 588 340 722 443 535 204 303 527 690 139 453 181 590 294 215 522 249 631 400 551 137 701 257 177 189 466 313 437 501 332 501 120 281 727 119 521 375 325 384 313 442 703 626 179 218 641 304 555 517 750 657 663
347 520 112 739 364 435 565 475 189 306 955 826 186 524 205 307 886 352 461 876 711 800 995 222 759 719 589 0 841 831 716 738 768 492 704 1032 531 928 788 309 413 575 814 663 906 352 660 816 120 557 971 521 161 480 79 641 661 878 834 407 962 171 763 825 278 421 586 213 346 310 266 309 196 521 809 609 200 778 732 503 50 185 110 879 422 815 459 441 753 555 130 646 805 431 197 669 212 655 188 858 638 558 794 346 321 258 535 128 347 542 611 835 734 197 726 261 391 475 341 837 472 163 707 827 246 279 689 117 546 546 373 186 889 157 204 161 343 220
816 911 746 267 496 771 623 634 656 712 505 154 1012 366 1036 567 616 504 438 37 858 843 244 736 216 893 265 841 0 127 251 855 695 562 753 270 930 192 322 531 463 833 71 678 259 740 416 549 820 415 320 774 782 501 784 289 455 491 116 837 227 894 343 306 695 507 936 924 516 535 591 563 695 931 32 460 763 72 216 784 870 659 775 243 921 811 839 496 926 667 768 376 354 779 954 285 718 216 856 248 395 751 86 894 597 816 383 958 522 413 386 570 438 701 499 591 757 385 547 905 371 785 360 165 649 561 451 949 866 320 479 905 62 819 735 998 920 928
755 830 747 374 516 697 530 556 657 659 378 27 1011 318 1033 536 490 480 482 149 753 729 171 759 106 789 242 831 127 0 152 747 579 484 645 206 848 103 200 525 427 742 191 573 140 678 314 426 829 486 209 688 749 561 766 213 549 364 11 768 142 860 454 426 727 453 848 886 536 521 569 583 665 850 134 545 783 102 318 701 854 646 752 119 852 695 762 544 820 576 776 280 230 706 920 198 681 283 818 121 299 660 198 835 628 767 323 940 491 342 299 446 322 670 603 572 689 356 509 790 361 752 462 288 615 556 550 945 779 364 458 869 107 786 754 992 862 888
607 677 644 428 443 545 378 403 556 515 328 133 900 191 921 411 390 364 440 284 607 592 286 678 49 642 163 716 251 152 0 604 446 332 501 322 695 223 110 424 302 590 292 427 189 531 165 315 731 478 257 535 618 532 646 74 570 284 162 617 252 726 511 504 655 314 695 748 461 411 449 506 537 697 241 553 698 188 373 548 733 533 627 162 701 562 610 503 674 423 679 128 144 554 786 49 548 300 681 142 147 508 288 687 561 625 185 816 369 195 146 338 193 541 637 455 539 246 380 654 271 620 501 382 486 453 579 833 626 336 346 734 255 653 670 878 715 750
398 271 758 981 762 302 260 315 720 440 528 722 890 560 895 556 362 589 838 888 31 77 811 872 643 56 659 738 855 747 604 0 189 359 102 838 276 776 557 663 553 169 891 177 694 387 439 365 835 932 709 217 577 929 665 577 1056 466 759 345 784 611 1055 1072 893 479 225 594 766 627 594 783 572 287 843 1017 871 790 934 234 714 653 632 685 379 118 292 880 73 232 806 481 537 307 643 573 538 840 569 664 463 185 883 437 845 486 525 747 563 483 478 359 428 566 1134 609 346 601 530 99 655 575 1025 972 545 669 1075 830 214 804 604 605 855 585 853 851 459 590
469 405 760 854 699 364 206 294 702 463 339 552 940 452 951 522 178 534 757 725 208 151 626 857 479 243 534 768 695 579 446 189 0 299 106 652 416 596 382 614 481 286 739 105 512 427 289 175 846 838 522 288 612 853 689 436 955 276 590 432 602 676 932 939 866 416 381 671 708 581 566 735 579 425 687 922 862 634 802 310 755 642 657 504 494 115 389 809 262 213 808 336 358 372 720 424 556 714 628 485 321 239 733 530 800 544 414 808 513 372 344 169 257 576 1031 581 397 506 488 211 561 611 909 827 539 628 971 875 339 699 540 674 687 630 840 905 558 669
281 349 467 636 408 212 101 71 404 212 473 466 674 214 689 222 394 238 479 599 347 387 608 558 381 376 322 492 562 484 332 359 299 0 277 642 368 551 351 317 194 279 579 208 495 208 200 324 556 572 544 214 350 572 412 275 697 394 493 285 575 440 705 730 566 122 376 451 415 283 267 438 296 368 542 657 565 491 594 222 490 347 384 474 369 381 278 524 414 128 514 212 355 221 496 286 283 496 392 451 195 201 567 361 503 319 185 557 215 150 186 343 258 295 775 282 208 244 188 444 297 350 671 647 249 329 717 606 305 447 248 444 581 377 542 642 390 451
384 301 710 885 685 280 175 247 662 399 442 620 868 467 877 489 283 514 755 786 111 110 711 816 540 147 562 704 753 645 501 102 106 277 0 739 312 675 455 591 471 183 790 77 594 354 337 272 792 845 612 197 544 849 627 477 967 374 656 341 684 596 960 974 832 399 275 587 692 556 530 712 525 321 741 930 819 688 837 219 686 598 595 584 395 111 294 801 175 159 759 379 437 287 636 471 495 743 550 563 362 151 782 439 776 466 431 731 490 388 378 270 326 520 1045 545 318 512 459 168 566 543 932 872 490 600 986 805 236 713 526 593 752 558 799 831 465 584
922 971 952 536 723 851 664 709 862 836 354 206 1214 510 1235 731 514 679 685 261 850 802 36 966 275 887 446 1032 270 206 322 838 652 642 739 0 988 104 296 729 621 869 340 677 149 847 447 478 1034 680 133 826 940 760 964 396 725 384 207 926 69 1049 609 562 933 637 978 1071 743 722 767 790 859 992 297 730 990 292 486 842 1052 847 948 168 1010 760 912 747 912 709 982 430 306 861 1108 372 871 476 1004 191 447 790 356 1003 834 947 507 1137 688 516 459 490 420 863 768 771 851 556 701 858 566 942 629 423 807 760 721 1147 913 566 659 1057 209 975 961 1193 1032 1073
194 19 584 983 677 167 324 296 576 292 738 828 653 575 654 463 592 520 774 967 244 353 956 710 743 232 684 531 930 848 695 276 416 368 312 988 0 906 691 570 514 131 946 335 839 237 543 564 644 879 874 162 382 849 472 643 1006 663 858 135 925 376 1044 1079 747 446 59 348 674 536 482 673 416 11 910 959 701 859 947 147 495 509 441 821 116 390 100 798 253 279 629 569 684 161 393 651 372 848 344 799 551 200 933 189 727 276 550 507 491 517 549 568 571 407 1084 496 198 587 454 363 631 378 1002 1009 413 563 1030 602 78 779 543 365 948 375 691 613 202 343
829 888 847 458 619 763 582 620 757 739 339 102 1109 408 1131 628 479 575 585 196 786 748 68 862 175 822 342 928 192 103 223 776 596 551 675 104 906 0 220 625 518 792 264 608 89 753 363 429 930 586 131 744 839 663 861 295 641 348 105 837 38 948 535 497 830 537 900 971 639 618 663 687 757 909 212 641 886 197 404 759 949 743 845 92 921 709 826 648 850 628 877 340 239 772 1008 273 770 382 904 112 357 711 276 909 732 849 407 1034 585 419 365 445 349 761 690 667 760 452 600 807 462 841 549 356 706 655 640 1043 833 467 555 957 140 874 857 1089 938 974
633 674 726 532 543 556 367 416 641 555 218 172 974 274 993 481 294 443 548 349 566 533 264 771 113 602 270 788 322 200 110 557 382 351 455 296 691 220 0 512 378 574 377 388 147 559 152 227 815 588 192 529 674 641 714 166 680 177 211 632 234 777 614 601 753 370 682 794 560 494 523 604 600 695 321 663 790 273 476 545 800 610 692 130 716 497 616 611 630 412 764 145 35 566 836 135 604 408 730 108 158 494 377 713 661 665 254 879 443 246 179 247 129 603 745 531 559 336 446 593 370 676 608 472 548 539 688 906 617 446 430 783 306 707 762 949 742 796
389 552 222 458 107 410 417 347 132 278 705 523 485 238 508 109 680 81 207 567 645 700 693 263 463 667 283 309 531 525 424 663 614 317 591 729 570 625 512 0 144 540 507 525 612 333 412 600 307 315 681 469 273 279 255 351 440 636 528 438 661 382 501 552 257 198 606 419 105 35 90 121 189 564 500 391 279 468 440 464 339 128 251 584 504 698 470 228 706 433 255 384 535 413 439 381 227 354 353 566 382 483 487 447 186 345 261 428 101 284 350 623 491 197 516 79 372 177 132 754 164 277 451 529 164 30 465 420 540 251 83 395 579 309 251 468 465 424
365 495 348 468 218 347 295 244 265 254 563 418 599 111 619 109 536 66 285 501 540 581 584 406 347 566 197 413 463 427 302 553 481 194 471 621 514 518 378 144 0 455 458 399 492 292 269 456 438 381 557 385 323 378 343 227 506 492 431 398 551 434 530 564 401 74 538 462 228 119 147 259 238 511 435 465 421 393 434 385 431 232 326 465 477 572 414 330 605 321 388 243 398 353 494 255 256 336 393 444 239 385 441 438 323 353 123 515 66 140 208 479 347 243 585 154 320 79 84 638 116 326 489 505 189 167 528 530 468 265 62 444 500 359 394 575 463 465
231 119 604 914 645 142 211 213 577 287 607 720 722 494 727 431 460 476 733 869 138 241 838 724 636 143 601 575 833 742 590 169 286 279 183 869 131 792 574 540 455 0 856 205 720 231 430 434 677 834 751 71 415 817 505 544 961 534 752 176 808 443 982 1009 752 382 108 425 646 505 461 655 422 139 815 917 720 763 873 77 548 509 472 705 215 271 123 767 178 166 653 461 564 145 474 549 383 775 401 682 443 82 844 268 715 319 464 579 448 427 447 437 450 415 1039 477 188 518 412 266 568 413 944 927 402 541 983 663 53 720 496 436 845 420 705 683 292 421
819 927 715 196 459 783 649 650 626 711 569 217 980 372 1004 556 672 491 390 82 891 884 315 694 265 926 264 814 71 191 292 891 739 579 790 340 946 264 377 507 458 856 0 713 328 744 453 602 784 355 391 794 768 444 762 314 386 551 181 846 299 881 271 235 650 510 956 913 479 516 575 525 681 945 57 394 722 105 146 802 847 636 756 310 928 854 851 444 960 692 733 410 411 791 939 318 707 167 844 313 428 775 21 895 553 811 395 935 511 430 414 624 485 687 428 573 765 378 540 946 355 772 289 97 638 536 381 919 885 277 464 892 131 805 694 968 920 917
365 321 658 807 616 261 107 192 605 358 402 548 835 390 845 427 261 446 682 712 180 184 648 759 467 216 484 663 678 573 427 177 105 208 77 677 335 608 388 525 399 205 713 0 530 321 261 228 744 770 554 191 506 776 585 400 891 329 583 332 620 571 883 896 772 329 310 567 623 490 470 646 476 342 665 855 763 612 759 212 650 543 553 518 399 173 292 730 247 108 707 303 372 270 616 395 451 665 523 496 285 142 705 430 711 439 353 703 423 310 301 233 259 473 968 485 292 436 395 244 491 506 854 795 437 536 910 769 256 636 456 569 679 525 742 799 458 565
776 821 833 514 622 703 514 561 745 693 252 120 1090 381 1111 600 390 554 603 272 705 663 117 862 149 742 338 906 259 140 189 694 512 495 594 149 839 89 147 612 492 720 328 530 0 702 298 342 919 619 73 677 804 688 835 264 688 258 149 778 90 911 595 564 835 499 828 930 641 601 639 688 726 842 272 682 883 242 459 693 923 723 816 28 862 623 763 667 768 559 867 284 158 712 970 237 734 419 865 47 300 641 337 856 738 804 372 1005 559 376 314 357 272 729 743 645 704 435 569 721 455 806 602 425 673 642 690 1022 764 488 536 918 218 839 855 1068 885 932
76 219 373 758 440 88 238 154 349 58 671 662 515 374 524 227 567 286 537 778 361 448 812 493 580 373 479 352 740 678 531 387 427 208 354 847 237 753 559 333 292 231 744 321 702 0 408 510 448 644 752 170 190 612 277 465 770 592 686 107 779 250 815 854 523 234 275 251 437 300 245 438 190 231 715 723 489 668 726 155 332 280 244 679 184 464 138 561 409 215 421 417 564 87 299 482 152 629 202 656 402 206 729 156 494 119 358 381 259 336 388 524 464 183 848 260 43 370 222 487 408 189 770 797 178 326 795 451 216 551 311 250 768 204 474 478 184 251
481 525 611 565 469 404 219 263 532 408 296 290 847 191 864 358 280 335 502 450 442 431 414 675 207 477 250 660 416 314 165 439 289 200 337 447 543 363 152 412 269 430 453 261 298 408 0 197 702 568 343 381 535 600 583 146 678 223 324 480 382 634 645 649 667 239 537 648 483 388 403 521 467 546 404 650 690 351 513 396 667 491 558 279 563 403 464 560 509 265 654 46 155 413 691 135 465 426 586 256 35 349 446 561 584 517 158 742 327 128 67 222 78 468 751 414 407 256 321 493 305 536 624 538 415 436 692 778 470 424 329 639 419 566 663 818 590 649
569 549 784 742 665 471 273 357 712 530 173 399 999 389 1013 530 82 520 700 576 381 323 454 860 336 417 441 816 549 426 315 365 175 324 272 478 564 429 227 600 456 434 602 228 342 510 197 0 874 764 346 414 673 797 737 330 870 102 438 548 431 757 824 819 857 411 538 762 678 572 576 713 620 570 546 845 872 497 687 434 814 662 708 338 621 282 514 758 438 306 829 240 197 481 809 309 608 609 708 321 233 367 600 642 777 629 354 880 507 320 265 24 128 619 941 589 492 453 493 380 503 674 810 695 571 621 882 931 485 619 518 759 532 699 846 967 671 761
455 632 90 683 325 535 640 552 174 396 998 828 200 542 225 345 948 371 406 854 810 893 998 118 770 821 588 120 820 829 731 835 846 556 792 1034 644 930 815 307 438 677 784 744 919 448 702 874 0 489 988 618 264 403 173 657 580 925 831 516 966 291 696 763 178 464 698 333 305 321 299 260 267 634 788 529 90 763 685 603 168 212 206 892 538 904 566 372 856 637 52 680 837 532 314 687 298 619 306 873 675 652 763 462 247 368 561 224 375 576 645 894 779 272 638 287 490 484 382 934 468 267 639 783 308 277 608 152 653 508 385 306 873 269 106 199 461 340
704 861 445 200 212 715 672 625 375 592 807 500 689 386 715 416 846 360 107 437 920 954 649 379 489 947 324 557 415 486 478 932 838 572 845 680 879 586 588 315 381 834 355 770 619 644 568 764 489 0 692 763 577 94 533 436 127 758 482 751 625 677 206 273 324 455 910 718 223 345 405 249 499 874 385 85 409 388 220 761 601 418 541 593 819 940 779 117 986 701 444 524 622 719 728 462 540 203 656 584 533 766 335 762 242 658 423 685 388 465 502 788 636 508 205 393 680 333 426 1013 279 582 150 318 479 330 151 639 842 144 338 692 478 610 386 688 779 724
825 857 902 581 695 746 551 606 814 748 222 191 1156 448 1176 664 380 620 676 326 723 670 117 933 220 759 410 971 320 209 257 709 522 544 612 133 874 131 192 681 557 751 391 554 73 752 343 346 988 692 0 713 864 761 899 331 758 251 216 823 107 969 660 626 908 559 859 986 713 669 704 760 788 878 337 753 954 311 526 730 986 789 879 101 905 628 803 740 783 595 936 337 190 755 1027 302 794 491 922 116 351 674 401 904 811 858 436 1067 624 435 370 358 302 790 812 711 751 504 631 726 526 866 670 485 735 711 759 1088 797 562 604 975 271 898 926 1133 934 988
187 144 542 846 574 85 162 145 510 224 586 667 676 428 683 360 453 405 662 811 191 280 794 659 582 205 536 521 774 688 535 217 288 214 197 826 162 744 529 469 385 71 794 191 677 170 381 414 618 763 713 0 359 746 447 485 890 510 698 144 763 401 912 941 685 311 162 389 575 434 392 585 357 165 755 846 657 703 806 22 497 442 414 659 208 301 101 696 242 117 591 408 523 91 439 492 321 708 356 636 390 48 782 242 645 272 400 536 377 364 390 421 410 351 968 407 129 449 341 317 499 357 874 862 335 470 912 615 91 650 425 396 789 369 640 638 270 386
190 369 202 732 365 274 412 322 215 148 821 740 329 431 341 215 739 278 471 819 550 638 903 331 665 559 518 161 782 749 618 577 612 350 544 940 382 839 674 273 323 415 768 506 804 190 535 673 264 577 864 359 0 520 90 544 696 743 755 251 870 112 773 826 373 305 434 146 354 255 193 335 87 372 753 645 320 713 713 342 143 159 59 778 282 654 302 473 593 398 247 529 687 270 172 568 70 624 79 757 517 397 750 209 374 106 432 208 260 429 494 690 603 81 769 198 230 398 239 676 413 4 721 800 134 251 724 263 389 525 303 124 822 36 311 295 216 150
665 831 368 295 172 690 673 616 309 556 858 572 602 409 628 387 880 341 97 525 914 959 728 289 550 939 370 480 501 561 532 929 853 572 849 760 849 663 641 279 378 817 444 776 688 612 600 797 403 94 761 746 520 0 466 480 180 803 557 716 702 613 294 364 233 450 885 656 174 313 366 185 449 843 470 128 320 467 313 742 527 361 478 661 778 950 749 50 978 697 361 558 673 693 661 509 492 285 597 649 564 755 424 716 159 610 446 608 369 485 532 822 672 458 249 353 651 348 405 1016 296 525 237 412 438 286 209 555 819 199 325 628 562 551 298 602 730 662
281 459 118 703 328 363 486 395 157 228 876 760 263 454 280 234 806 286 431 821 638 724 928 246 690 648 527 79 784 766 646 665 689 412 627 964 472 861 714 255 343 505 762 585 835 277 583 737 173 533 899 447 90 466 0 571 646 799 770 342 894 148 736 794 294 344 524 191 313 249 197 284 116 462 754 594 232 719 691 431 88 126 33 808 369 738 392 422 683 477 159 571 730 360 195 597 133 608 143 787 562 483 743 294 311 195 463 174 276 467 535 755 656 117 715 195 318 409 267 764 413 93 681 783 168 227 674 194 479 502 308 163 829 100 227 235 297 198
541 624 570 418 377 487 335 347 482 446 378 198 826 116 846 336 411 289 385 325 577 575 359 608 120 611 112 641 289 213 74 577 436 275 477 396 643 295 166 351 227 544 314 400 264 465 146 330 657 436 331 485 544 480 571 0 539 322 221 556 326 653 498 502 588 242 647 676 394 337 374 438 463 643 270 515 627 218 366 496 658 458 553 237 640 549 553 447 645 379 606 100 195 495 713 30 475 280 609 217 116 463 305 621 495 555 111 742 294 129 99 355 202 467 610 380 477 173 306 637 203 546 480 395 411 380 551 758 577 291 272 661 306 579 599 803 649 679
829 988 549 193 335 842 795 751 488 718 896 568 776 503 802 543 951 487 232 467 1045 1076 699 463 573 1073 429 661 455 549 570 1056 955 697 967 725 1006 641 680 440 506 961 386 891 688 770 678 870 580 127 758 890 696 180 646 539 0 854 542 877 678 792 146 220 404 581 1037 834 343 471 529 362 621 1001 429 51 493 447 239 888 708 537 656 664 944 1060 905 224 1111 825 540 632 715 846 841 562 662 273 774 659 643 892 369 886 340 781 541 789 515 583 614 894 742 630 78 518 807 455 553 1135 401 701 101 318 603 453 28 732 969 256 465 807 516 728 474 779 902 840
656 648 834 709 687 562 360 438 756 605 79 337 1063 407 1079 579 131 559 707 513 484 421 363 899 291 519 434 878 491 364 284 466 276 394 374 384 663 348 177 636 492 534 551 329 258 592 223 102 925 758 251 510 743 803 799 322 854 0 376 639 343 834 792 778 889 460 639 842 702 611 626 741 682 669 494 835 913 448 653 530 880 713 773 260 715 378 609 768 539 398 877 253 142 571 888 295 675 585 785 248 254 465 552 731 803 709 377 951 550 351 286 108 145 682 921 637 578 473 543 476 516 744 785 647 631 660 864 994 584 613 552 837 464 771 886 1033 760 842
762 839 750 365 516 706 540 564 659 666 389 39 1014 323 1036 541 501 484 480 138 764 740 172 759 116 800 245 834 116 11 162 759 590 493 656 207 858 105 211 528 431 752 181 583 149 686 324 438 831 482 216 698 755 557 770 221 542 376 0 776 144 866 446 416 726 460 858 891 536 524 573 584 670 859 124 539 784 95 310 710 858 649 756 129 861 706 771 542 831 586 778 290 241 714 926 207 687 278 823 132 309 670 188 842 627 774 330 944 496 350 308 458 334 675 595 575 697 360 515 802 363 757 454 278 620 558 543 948 789 361 462 875 96 791 755 995 870 894
60 120 451 865 545 77 278 217 441 160 717 750 546 473 550 334 593 394 644 875 315 416 892 577 666 317 581 407 837 768 617 345 432 285 341 926 135 837 632 438 398 176 846 332 778 107 480 548 516 751 823 144 251 716 342 556 877 639 776 0 860 266 923 962 612 336 183 249 541 406 350 539 280 127 814 830 569 765 833 122 376 373 310 758 84 442 53 666 348 241 497 497 632 67 298 570 237 735 226 735 480 193 831 98 592 148 454 402 366 427 471 558 525 272 955 363 80 474 330 443 514 248 878 901 279 430 902 489 140 658 419 259 862 250 557 507 125 245
854 907 883 494 657 785 600 643 793 767 326 138 1144 440 1166 661 475 609 624 227 795 752 33 900 205 832 378 962 227 142 252 784 602 575 684 69 925 38 234 661 551 808 299 620 90 779 382 431 966 625 107 763 870 702 894 326 678 343 144 860 0 979 570 530 869 567 916 1001 677 653 697 724 789 928 249 679 923 236 441 778 982 777 878 103 944 713 847 687 858 646 914 363 247 794 1038 302 801 421 934 126 380 728 312 935 770 877 437 1067 618 447 390 445 361 793 726 701 784 487 631 811 498 873 585 389 737 691 677 1078 851 506 589 987 171 905 895 1124 963 1003
213 368 261 839 468 316 487 400 304 228 913 850 279 542 284 327 817 390 572 932 581 680 1012 386 774 583 630 171 894 860 726 611 676 440 596 1049 376 948 777 382 434 443 881 571 911 250 634 757 291 677 969 401 112 613 148 653 792 834 866 266 979 0 877 932 438 412 434 44 454 366 305 429 200 365 865 740 367 826 823 380 125 260 136 886 262 702 320 568 614 465 294 632 788 309 59 676 178 735 49 863 619 445 862 187 459 131 541 136 373 534 598 772 698 193 862 309 279 510 351 709 526 109 823 910 246 357 820 226 405 634 416 15 934 75 367 240 177 50
881 1025 651 82 409 877 796 768 579 767 823 477 895 495 921 592 901 529 305 347 1049 1065 586 583 502 1080 399 763 343 454 511 1055 932 705 960 609 1044 535 614 501 530 982 271 883 595 815 645 824 696 206 660 912 773 294 736 498 146 792 446 923 570 877 0 74 527 601 1068 916 422 526 590 454 691 1041 323 182 614 354 139 914 807 616 741 574 996 1043 944 324 1117 832 651 598 650 883 930 515 728 218 852 573 612 907 259 946 448 846 530 891 556 572 588 848 697 699 162 580 847 463 593 1127 414 777 57 187 663 522 128 846 998 264 503 891 401 807 591 894 965 922
923 1060 715 96 466 912 816 795 639 810 803 451 963 516 988 636 893 571 364 303 1067 1076 543 652 488 1099 413 825 306 426 504 1072 939 730 974 562 1079 497 601 552 564 1009 235 896 564 854 649 819 763 273 626 941 826 364 794 502 220 778 416 962 530 932 74 0 597 633 1100 971 481 574 638 516 741 1076 292 256 683 331 137 945 867 672 797 546 1038 1052 979 390 1136 854 717 603 636 918 986 515 778 234 905 547 618 932 228 991 515 893 549 953 597 590 597 842 695 750 226 630 884 492 633 1138 447 830 128 141 711 575 201 912 1029 305 545 946 358 861 659 960 1012 976
553 733 176 524 213 611 664 585 174 465 956 731 371 484 397 344 937 338 259 725 872 940 898 60 687 890 497 278 695 727 655 893 866 566 832 933 747 830 753 257 401 752 650 772 835 523 667 857 178 324 908 685 373 233 294 588 404 889 726 612 869 438 527 597 0 453 794 482 194 287 302 149 333 739 663 354 89 647 534 674 329 243 317 807 655 942 657 211 927 673 148 636 780 610 474 618 375 482 438 791 635 708 628 583 98 478 512 399 354 539 603 880 746 341 460 287 566 418 377 989 384 377 470 634 350 238 432 330 739 375 339 454 753 393 74 376 589 489
310 427 374 537 286 279 223 170 300 206 535 441 607 140 625 119 488 117 359 545 465 509 600 450 362 492 245 421 507 453 314 479 416 122 399 637 446 537 370 198 74 382 510 329 499 234 239 411 464 455 559 311 305 450 344 242 581 460 460 336 567 412 601 633 453 0 467 433 293 166 166 318 230 444 481 540 461 435 500 313 430 252 321 474 417 503 347 402 531 247 418 226 385 286 471 264 235 401 367 451 217 311 494 387 383 313 130 508 98 124 191 432 315 232 659 178 256 140 82 566 187 307 562 565 177 214 602 538 396 338 126 419 537 339 436 580 413 436
243 66 634 1004 713 195 318 306 622 333 711 826 712 589 713 497 558 550 806 973 194 302 946 760 742 177 698 586 936 848 695 225 381 376 275 978 59 900 682 606 538 108 956 310 828 275 537 538 698 910 859 162 434 885 524 647 1037 639 858 183 916 434 1068 1100 794 467 0 407 711 571 520 714 461 70 917 992 752 865 966 155 551 554 493 813 175 342 138 834 196 272 680 567 672 192 452 653 419 867 400 790 549 188 944 247 769 329 562 566 522 526 551 539 558 453 1116 535 234 607 484 307 654 431 1028 1024 453 601 1061 660 71 804 572 424 950 429 740 672 261 402
202 342 305 878 508 307 489 404 346 239 921 874 305 567 306 357 818 422 613 962 564 665 1034 430 796 563 659 213 924 886 748 594 671 451 587 1071 348 971 794 419 462 425 913 567 930 251 648 762 333 718 986 389 146 656 191 676 834 842 891 249 1001 44 916 971 482 433 407 0 495 401 339 471 233 336 896 783 411 855 859 368 166 300 177 906 232 690 302 610 592 463 338 649 803 299 49 698 206 770 68 883 635 436 894 160 502 132 564 159 402 554 616 776 709 226 905 344 274 539 378 691 558 142 864 946 275 396 862 257 384 671 448 28 962 110 411 265 145 6
490 656 239 392 20 516 517 451 158 381 766 539 501 294 526 215 760 177 118 549 749 802 708 223 493 773 303 346 516 536 461 766 708 415 692 743 674 639 560 105 228 646 479 623 641 437 483 678 305 223 713 575 354 174 313 394 343 702 536 541 677 454 422 481 194 293 711 495 0 141 191 47 278 668 484 293 248 462 386 570 387 195 318 613 604 797 575 124 811 536 253 449 588 519 507 425 319 314 433 597 450 588 458 543 101 438 326 473 202 357 417 702 561 287 418 178 477 229 236 856 190 358 369 482 263 111 370 443 646 203 167 469 571 387 219 492 559 501
359 519 233 480 141 376 383 312 147 247 683 516 491 221 512 74 651 52 238 572 609 665 686 288 453 632 279 310 535 521 411 627 581 283 556 722 536 618 494 35 119 505 516 490 601 300 388 572 321 345 669 434 255 313 249 337 471 611 524 406 653 366 526 574 287 166 571 401 141 0 63 156 168 531 505 423 301 470 458 429 335 125 240 573 474 663 436 263 670 398 270 362 516 379 424 366 203 368 334 554 358 447 496 419 220 319 240 423 68 260 327 594 466 176 548 57 338 166 96 719 164 259 478 544 136 49 496 424 506 270 64 379 580 292 275 471 438 406
300 465 208 543 195 327 362 282 137 190 700 562 452 257 471 46 653 88 297 628 574 638 730 290 493 594 330 266 591 569 449 594 566 267 530 767 482 663 523 90 147 461 575 470 639 245 403 576 299 405 704 392 193 366 197 374 529 626 573 350 697 305 590 638 302 166 520 339 191 63 0 194 106 476 561 481 298 524 521 384 285 87 184 612 414 640 384 316 632 371 252 384 542 329 364 402 139 431 271 591 377 410 556 357 253 256 269 371 80 279 348 597 480 113 606 15 286 212 83 688 221 197 540 606 74 80 555 383 457 334 112 317 634 230 274 428 376 344
485 657 199 430 67 521 539 468 126 381 808 586 457 335 482 226 794 201 151 596 764 822 755 175 539 786 349 309 563 583 506 783 735 438 712 790 673 687 604 121 259 655 525 646 688 438 521 713 260 249 760 585 335 185 284 438 362 741 584 539 724 429 454 516 149 318 714 471 47 156 194 0 266 667 531 311 200 509 427 578 352 176 293 660 597 819 576 138 824 554 209 488 631 522 479 469 309 359 412 643 488 601 504 533 65 426 364 437 223 393 455 737 599 275 434 179 479 269 253 875 235 339 399 524 260 114 390 401 651 248 197 444 618 365 171 450 546 477
