94
0 378 744 627 579 679 422 370 365 562 633 700 623 162 389 393 447 781 150 496 613 654 631 839 451 818 564 857 788 719 602 507 290 423 507 120 363 424 832 700 484 433 538 342 830 155 410 419 228 212 249 114 67 624 515 909 800 182 372 350 558 477 578 479 841 666 208 560 139 224 241 464 804 251 657 151 238 820 736 892 81 817 790 132 953 551 617 315 318 255 453 168 693 136
378 0 970 956 539 911 269 36 106 632 715 937 987 536 357 513 681 616 336 660 713 433 989 1056 730 796 864 1021 776 590 389 644 576 792 866 451 735 255 655 867 400 752 901 455 798 529 754 762 521 484 621 476 376 1001 599 1101 858 560 544 575 890 272 795 587 656 580 172 583 239 596 498 592 875 191 655 307 245 910 901 1081 324 665 852 397 1084 604 581 681 298 411 595 546 604 384
744 970 0 344 590 65 768 939 881 418 369 49 526 645 646 462 301 819 664 316 342 868 494 95 302 571 257 189 544 740 844 344 454 551 480 817 581 784 861 167 671 368 508 516 592 655 442 435 516 535 744 771 808 690 419 180 406 677 425 406 360 819 175 408 878 660 835 495 824 740 509 392 380 780 517 692 965 340 161 169 821 810 395 629 311 450 578 557 1055 562 382 693 669 875
627 956 344 0 764 309 838 935 895 608 602 303 182 477 724 547 344 1021 620 455 567 1009 149 411 254 843 131 533 812 939 970 499 382 269 170 651 323 852 1071 461 788 204 181 573 864 487 218 209 435 473 516 601 675 349 582 508 704 487 482 416 68 900 339 548 1087 856 791 676 749 523 461 519 684 771 738 649 865 657 477 503 708 1028 691 560 655 632 771 334 940 567 499 506 874 729
579 539 590 764 0 554 271 503 433 172 231 580 890 625 204 242 421 258 429 311 251 280 873 648 516 260 635 558 238 176 263 269 471 765 776 699 741 285 309 435 138 601 820 260 265 627 659 661 473 445 767 681 638 992 184 656 332 672 307 382 722 290 454 216 324 98 500 95 547 747 425 245 354 410 119 433 677 398 459 635 610 273 328 461 586 141 42 679 768 336 266 673 122 698
679 911 65 309 554 0 716 881 824 381 343 27 489 581 594 408 237 792 601 264 312 829 458 160 238 562 206 232 533 711 801 297 389 496 432 751 523 732 836 159 625 307 463 459 583 590 384 377 451 471 681 706 743 648 376 242 407 613 366 343 315 769 115 360 853 630 773 458 761 677 444 341 384 720 491 629 901 351 168 229 756 787 394 564 354 412 546 495 991 501 329 629 641 810
422 269 768 838 271 716 0 232 163 384 465 743 916 531 122 310 512 378 290 452 470 232 909 844 587 527 723 786 507 335 180 424 468 746 792 536 703 16 425 640 132 641 834 268 529 529 671 676 434 395 659 536 462 975 361 875 596 572 364 422 780 64 601 361 431 313 268 324 335 634 392 376 615 183 389 276 440 654 672 854 419 422 591 351 836 353 312 641 522 277 386 566 338 506
370 36 939 935 503 881 232 0 70 597 679 907 971 525 322 480 652 583 315 628 678 403 972 1024 704 760 839 988 740 555 358 611 553 778 849 451 723 219 623 833 364 730 886 423 762 519 736 743 499 462 617 473 375 991 565 1068 822 552 514 548 869 238 765 553 625 544 162 547 234 592 474 559 839 165 619 286 262 875 868 1048 323 632 816 378 1050 569 545 667 322 383 563 539 568 389
365 106 881 895 433 824 163 70 0 529 612 850 943 510 254 419 600 522 283 567 611 347 942 964 658 690 794 923 670 490 300 548 513 756 820 461 703 150 564 770 294 691 858 364 692 505 703 710 463 424 615 475 383 975 499 1005 753 542 458 497 831 174 708 489 567 475 163 478 241 590 433 496 770 127 549 257 303 806 804 985 333 570 747 349 982 501 475 645 375 334 502 530 500 409
562 632 418 608 172 381 384 597 529 0 83 407 748 561 275 169 276 417 423 154 86 450 728 479 372 276 477 403 243 335 428 110 372 648 642 675 636 401 465 267 266 465 685 222 292 566 533 533 395 380 702 646 628 866 48 496 242 608 209 273 573 423 285 89 481 252 547 77 572 685 353 115 251 465 133 438 715 280 294 475 614 420 232 431 453 33 167 579 810 307 135 614 267 695
633 715 369 602 231 343 465 679 612 83 0 367 755 618 357 241 295 450 498 174 35 511 732 419 386 245 472 328 212 371 494 140 419 677 658 742 671 481 493 206 342 484 700 298 264 624 558 556 451 441 756 711 700 886 122 425 167 664 267 320 576 501 265 154 510 291 628 144 651 741 412 171 172 548 148 516 795 197 228 404 689 444 156 501 371 111 212 618 890 381 186 671 299 768
700 937 49 303 580 27 743 907 850 407 367 0 484 598 621 435 261 817 626 292 337 855 452 142 255 583 209 232 555 737 828 324 410 503 433 770 532 760 861 177 652 319 463 486 604 607 393 386 472 493 695 724 764 646 403 229 424 629 392 367 314 797 142 388 878 655 798 485 784 692 467 368 400 746 515 653 924 365 182 218 778 811 412 587 354 439 572 507 1013 527 357 645 666 830
623 987 526 182 890 489 916 971 943 748 755 484 0 461 813 655 472 1148 659 593 720 1110 34 592 375 1000 292 715 968 1066 1067 637 448 201 123 612 264 927 1199 635 889 288 85 666 1020 469 244 239 484 524 447 565 656 170 714 690 872 452 587 514 181 980 501 676 1214 986 815 808 759 462 523 646 854 815 881 686 851 831 653 686 698 1160 859 594 837 767 903 308 913 638 624 471 1006 698
162 536 645 477 625 581 531 525 510 561 618 598 461 0 465 398 370 856 241 455 591 757 469 740 342 835 433 784 802 785 707 479 209 260 347 177 200 538 909 635 560 299 376 365 849 9 259 268 166 182 142 128 199 466 513 821 782 47 353 301 409 593 496 472 920 720 363 581 300 124 208 449 780 385 678 260 393 785 670 806 238 886 770 180 891 560 656 153 463 290 432 53 746 252
389 357 646 724 204 594 122 322 254 275 357 621 813 465 0 188 392 394 240 330 358 300 804 724 471 463 606 672 438 329 255 304 365 655 691 509 617 138 446 522 95 532 734 151 469 465 569 573 342 305 602 498 442 886 246 757 503 510 245 307 669 178 479 241 456 279 296 227 343 580 296 254 518 206 309 238 473 553 555 737 410 428 496 287 728 247 246 554 564 183 264 507 307 499
393 513 462 547 242 408 310 480 419 169 241 435 655 398 188 0 206 496 258 147 224 461 641 544 292 437 424 511 405 417 423 133 229 522 538 505 499 326 549 354 241 367 582 60 451 402 419 421 237 216 540 477 459 750 121 588 408 445 67 141 497 367 292 87 563 341 400 183 414 522 191 81 413 329 279 276 559 433 390 568 447 515 397 261 587 162 266 438 654 140 82 450 364 527
447 681 301 344 421 237 512 652 600 276 295 261 472 370 392 206 0 679 364 123 261 666 453 394 96 539 217 415 506 597 629 165 163 381 366 530 380 527 730 264 447 190 409 243 558 379 262 260 221 235 493 487 512 592 242 462 440 410 147 106 301 571 131 205 745 516 537 336 523 483 208 176 431 489 410 392 664 426 299 445 522 689 427 328 521 295 432 331 755 269 155 423 535 581
781 616 819 1021 258 792 378 583 522 417 450 817 1148 856 394 496 679 0 634 566 479 191 1131 862 775 313 891 747 319 82 227 522 723 1018 1034 899 990 383 53 654 298 859 1077 502 299 857 916 918 717 685 995 891 830 1247 439 850 472 902 563 638 980 348 702 473 66 165 647 345 712 973 669 503 502 560 302 629 817 554 671 830 792 51 476 681 739 390 250 928 896 566 524 900 151 880
150 336 664 620 429 601 290 315 283 423 498 626 659 241 240 258 364 634 0 381 482 519 659 756 399 671 530 752 642 570 469 383 240 473 536 270 423 297 686 593 336 415 574 201 681 238 421 428 184 147 369 257 210 696 377 816 664 281 254 258 554 351 491 345 696 515 175 413 162 345 165 335 671 156 510 29 307 691 629 797 190 669 654 66 838 409 467 363 401 118 328 275 543 274
496 660 316 455 311 264 452 628 567 154 174 292 593 455 330 147 123 566 381 0 142 573 573 397 218 416 324 371 383 483 542 43 249 503 490 595 497 468 615 212 362 313 532 204 435 462 385 383 290 289 588 559 564 716 126 442 330 499 127 154 418 504 152 99 631 401 539 220 543 575 259 76 325 473 287 405 688 330 248 422 562 572 317 365 458 176 316 444 782 266 65 509 418 633
613 713 342 567 251 312 470 678 611 86 35 337 720 591 358 224 261 479 482 142 0 531 697 397 351 280 437 317 247 399 511 111 389 643 623 720 639 486 524 183 352 449 665 283 300 597 523 522 424 416 727 687 680 851 113 410 191 636 243 291 540 510 230 137 540 318 619 159 638 713 387 149 191 541 178 501 783 209 209 389 671 475 179 480 371 118 236 586 877 364 161 645 328 748
654 433 868 1009 280 829 232 403 347 450 511 855 1110 757 300 461 666 191 519 573 531 0 1099 928 754 458 884 836 452 198 51 534 664 956 990 768 918 230 223 715 221 825 1033 444 451 756 868 871 643 605 888 768 693 1187 453 935 587 799 527 598 958 182 723 474 223 240 490 373 562 864 597 499 614 411 381 507 650 663 740 915 649 243 587 576 853 418 302 855 723 483 516 794 250 734
631 989 494 149 873 458 909 972 942 728 732 452 34 469 804 641 453 1131 659 573 697 1099 0 559 357 976 264 683 944 1049 1057 617 441 214 124 626 277 921 1182 606 878 274 94 655 996 478 239 233 480 520 465 578 666 204 696 656 846 464 574 501 156 973 475 658 1198 968 818 790 764 479 517 628 827 815 860 687 862 802 624 652 708 1143 832 594 805 748 885 315 926 631 607 483 988 711
839 1056 95 411 648 160 844 1024 964 479 419 142 592 740 724 544 394 862 756 397 397 928 559 0 397 592 341 152 569 786 908 420 549 637 560 912 670 861 901 213 740 459 584 601 612 749 532 524 610 629 837 866 903 760 487 97 419 771 512 498 437 893 265 483 918 709 925 555 917 834 602 470 390 867 562 783 1058 343 191 94 915 849 410 722 260 512 631 648 1149 652 462 787 715 970
451 730 302 254 516 238 587 704 658 372 386 255 375 342 471 292 96 775 399 218 351 754 357 397 0 631 136 452 598 693 716 261 163 297 272 515 306 601 826 318 533 98 314 319 651 352 176 173 226 254 446 468 512 499 338 479 522 375 227 164 206 648 169 301 841 611 574 432 548 440 234 271 510 539 506 428 681 498 349 465 531 785 509 350 567 391 528 267 768 324 250 390 631 577
818 796 571 843 260 562 527 760 690 276 245 583 1000 835 463 437 539 313 671 416 280 458 976 592 631 0 714 458 33 262 467 377 648 919 904 935 910 541 335 406 397 729 945 479 21 839 801 800 670 652 976 911 881 1131 322 561 174 882 484 549 820 535 504 365 352 226 759 258 802 959 626 391 204 669 161 680 936 256 410 542 859 281 182 692 431 274 217 854 1027 564 411 887 209 945
564 864 257 131 635 206 723 839 794 477 472 209 292 433 606 424 217 891 530 324 437 884 264 341 136 714 0 439 682 808 847 368 289 295 225 610 330 737 940 343 664 134 257 455 734 443 194 185 349 382 507 561 620 444 451 435 581 455 361 301 111 784 211 419 956 726 705 545 673 507 365 390 562 674 607 559 800 539 364 426 645 897 567 476 561 501 640 315 882 461 370 473 743 681
857 1021 189 533 558 232 786 988 923 403 328 232 715 784 672 511 415 747 752 371 317 836 683 152 452 458 439 0 439 676 822 378 579 727 664 945 751 803 781 159 669 534 694 572 478 792 612 606 635 645 897 903 924 878 425 103 283 821 498 506 546 827 287 434 798 604 910 473 914 890 615 430 253 840 457 776 1059 202 122 84 928 727 276 730 122 436 534 718 1153 638 430 835 605 993
788 776 544 812 238 533 507 740 670 243 212 555 968 802 438 405 506 319 642 383 247 452 944 569 598 33 682 439 0 261 457 344 615 886 871 905 877 522 346 378 376 696 912 448 52 807 768 767 638 620 944 880 852 1098 289 542 156 849 451 516 788 519 472 332 363 215 734 228 775 926 594 358 186 645 132 651 910 239 384 523 830 292 162 661 420 242 195 821 1002 534 378 855 202 915
719 590 740 939 176 711 335 555 490 335 371 737 1066 785 329 417 597 82 570 483 399 198 1049 786 693 262 808 676 261 0 217 440 644 940 953 839 913 343 133 577 235 778 996 426 253 787 836 837 641 611 926 827 771 1168 357 778 408 832 483 558 898 317 620 391 148 82 600 263 660 904 593 421 436 510 224 568 774 488 595 758 736 100 410 613 676 308 168 851 857 494 442 831 71 824
602 389 844 970 263 801 180 358 300 428 494 828 1067 707 255 423 629 227 469 542 511 51 1057 908 716 467 847 822 457 217 0 505 620 909 946 716 870 179 265 695 182 783 989 401 461 706 824 828 596 558 838 717 642 1140 425 920 584 749 488 557 918 131 693 443 267 242 440 352 511 814 551 466 609 360 373 456 601 656 721 899 598 278 582 527 846 395 291 807 675 436 483 744 257 683
507 644 344 499 269 297 424 611 548 110 140 324 637 479 304 133 165 522 383 43 111 534 617 420 261 377 368 378 344 440 505 0 278 542 532 611 533 441 572 222 327 355 575 193 395 485 425 424 313 306 616 577 574 757 84 457 303 524 134 180 462 474 188 63 587 357 532 177 543 601 277 52 302 462 244 404 688 313 257 436 569 528 290 375 455 132 272 478 783 266 54 533 374 643
290 576 454 382 471 389 468 553 513 372 419 410 448 209 365 229 163 723 240 249 389 664 441 549 163 648 289 579 615 644 620 278 0 295 326 366 270 480 776 427 446 178 368 223 664 216 204 208 63 93 339 324 354 526 326 623 579 251 167 99 319 532 293 284 789 570 415 408 385 326 79 256 575 389 499 270 518 578 463 606 369 744 566 187 684 378 495 209 605 190 237 262 593 421
423 792 551 269 765 496 746 778 756 648 677 503 201 260 655 522 381 1018 473 503 643 956 214 637 297 919 295 727 886 940 909 542 295 0 103 412 63 756 1071 610 740 200 120 518 937 268 121 125 313 352 254 364 454 231 607 731 819 250 457 383 212 810 461 565 1085 863 619 695 560 266 358 535 808 628 781 499 649 796 638 721 497 1038 806 407 848 660 786 110 712 473 514 269 887 496
507 866 480 170 776 432 792 849 820 642 658 433 123 347 691 538 366 1034 536 490 623 990 124 560 272 904 225 664 871 953 946 532 326 103 0 508 163 804 1086 562 769 176 43 546 923 355 122 118 360 400 357 460 545 228 606 656 788 345 471 397 123 857 418 566 1100 874 694 698 640 367 400 536 773 692 776 564 740 754 586 648 585 1049 774 471 786 659 792 193 807 515 514 364 895 592
120 451 817 651 699 751 536 451 461 675 742 770 612 177 509 505 530 899 270 595 720 768 626 912 515 935 610 945 905 839 716 611 366 412 508 0 348 537 950 791 603 476 532 457 947 167 433 443 310 306 181 49 77 581 627 989 910 164 477 443 583 588 660 589 959 786 297 677 219 159 336 571 912 358 774 271 249 924 827 973 128 937 898 244 1047 666 736 318 301 371 559 145 813 86
363 735 581 323 741 523 703 723 703 636 671 532 264 200 617 499 380 990 423 497 639 918 277 670 306 910 330 751 877 913 870 533 270 63 163 348 0 712 1043 624 706 217 183 488 927 208 139 146 276 312 194 301 392 273 592 762 821 188 436 364 261 767 475 550 1057 839 563 677 501 204 323 521 811 576 766 447 587 803 654 751 436 1013 808 357 869 645 765 63 649 434 500 206 863 433
424 255 784 852 285 732 16 219 150 401 481 760 927 538 138 326 527 383 297 468 486 230 921 861 601 541 737 803 522 343 179 441 480 756 804 537 712 0 429 657 147 654 845 283 542 536 682 688 445 405 663 539 462 985 378 892 612 578 380 436 793 54 618 378 435 325 264 341 333 639 404 392 631 181 404 280 433 671 689 871 419 429 607 359 852 370 327 650 514 289 403 571 350 505
832 655 861 1071 309 836 425 623 564 465 493 861 1199 909 446 549 730 53 686 615 524 223 1182 901 826 335 940 781 346 133 265 572 776 1071 1086 950 1043 429 0 695 350 911 1129 556 320 910 968 970 770 738 1048 943 880 1300 489 884 502 955 616 690 1031 391 749 524 17 214 694 394 760 1026 722 554 532 608 345 680 862 585 710 865 841 54 507 733 766 439 299 981 939 619 575 953 197 929
700 867 167 461 435 159 640 833 770 267 206 177 635 635 522 354 264 654 593 212 183 715 606 213 318 406 343 159 378 577 695 222 427 610 562 791 624 657 695 0 530 410 598 414 427 643 490 485 481 488 755 750 767 787 279 235 247 675 338 349 455 685 149 281 712 498 751 342 755 746 458 274 225 683 352 617 900 196 36 214 769 644 235 572 256 300 419 584 994 479 272 687 505 836
484 400 671 788 138 625 132 364 294 266 342 652 889 560 95 241 447 298 336 362 352 221 878 740 533 397 664 669 376 235 182 327 446 740 769 603 706 147 350 530 0 604 813 223 400 560 648 651 429 395 698 593 535 971 253 762 465 605 306 376 737 158 514 264 361 193 373 198 428 675 382 286 485 282 256 332 550 526 560 741 501 333 461 383 711 233 180 642 638 273 301 603 220 590
433 752 368 204 601 307 641 730 691 465 484 319 288 299 532 367 190 859 415 313 449 825 274 459 98 729 134 534 696 778 783 355 178 200 176 476 217 654 911 410 604 0 220 382 748 308 80 75 231 268 378 427 487 402 429 548 620 321 299 227 140 704 260 390 926 698 587 522 549 377 257 359 608 567 599 445 671 595 438 536 515 873 607 357 652 482 616 188 751 366 338 339 719 548
538 901 508 181 820 463 834 886 858 685 700 463 85 376 734 582 409 1077 574 532 665 1033 94 584 314 945 257 694 912 996 989 575 368 120 43 532 183 845 1129 598 813 220 0 589 964 385 164 161 401 441 372 484 573 189 649 681 827 370 514 440 148 898 456 609 1144 917 729 742 674 385 441 579 811 730 819 602 768 792 620 675 614 1092 813 509 817 702 836 223 832 557 558 389 938 616
342 455 516 573 260 459 268 423 364 222 298 486 666 365 151 60 243 502 201 204 283 444 655 601 319 479 455 572 448 426 401 193 223 518 546 457 488 283 556 414 223 382 589 0 491 368 424 428 215 185 508 432 407 749 176 647 463 413 96 156 518 329 343 146 568 356 339 220 354 488 166 142 470 269 318 217 499 493 450 627 391 527 453 213 648 209 290 425 594 86 142 415 382 473
830 798 592 864 265 583 529 762 692 292 264 604 1020 849 469 451 558 299 681 435 300 451 996 612 651 21 734 478 52 253 461 395 664 937 923 947 927 542 320 427 400 748 964 491 0 853 820 819 685 667 991 924 892 1150 338 580 194 896 500 565 840 534 524 380 336 223 766 270 810 973 641 408 224 675 173 690 943 276 431 562 869 265 203 704 448 289 223 871 1034 576 428 901 204 955
155 529 655 487 627 590 529 519 505 566 624 607 469 9 465 402 379 857 238 462 597 756 478 749 352 839 443 792 807 787 706 485 216 268 355 167 208 536 910 643 560 308 385 368 853 0 268 278 172 186 139 118 189 472 518 830 788 44 358 307 418 590 505 477 921 722 357 585 293 120 213 454 787 381 682 257 384 792 678 815 229 887 776 179 900 565 659 162 453 292 438 47 748 242
410 754 442 218 659 384 671 736 703 533 558 393 244 259 569 419 262 916 421 385 523 868 239 532 176 801 194 612 768 836 824 425 204 121 122 433 139 682 968 490 648 80 164 424 820 268 0 9 241 280 313 384 456 334 494 623 698 271 352 277 149 735 341 453 982 757 584 585 537 316 278 423 686 576 667 449 647 674 518 612 491 932 685 357 731 548 677 123 721 393 401 290 779 511
419 762 435 209 661 377 676 743 710 533 556 386 239 268 573 421 260 918 428 383 522 871 233 524 173 800 185 606 767 837 828 424 208 125 118 443 146 688 970 485 651 75 161 428 819 278 9 0 247 287 323 393 466 333 494 615 695 281 354 280 140 740 336 454 984 759 592 585 545 325 284 423 683 583 666 456 656 670 513 604 500 934 682 364 725 548 678 132 731 398 402 299 780 521
228 521 516 435 473 451 434 499 463 395 451 472 484 166 342 237 221 717 184 290 424 643 480 610 226 670 349 635 638 641 596 313 63 313 360 310 276 445 770 481 429 231 401 215 685 172 241 247 0 39 306 270 292 544 348 682 616 212 186 136 370 498 352 306 783 571 356 420 323 290 48 282 614 337 515 213 455 621 517 666 306 742 604 126 737 396 501 213 542 159 265 220 596 360
212 484 535 473 445 471 395 462 424 380 441 493 524 182 305 216 235 685 147 289 416 605 520 629 254 652 382 645 620 611 558 306 93 352 400 306 312 405 738 488 395 268 441 185 667 186 280 287 39 0 325 270 279 582 332 697 608 229 174 138 408 459 367 292 750 542 322 399 294 306 30 270 608 298 495 177 430 618 525 680 286 711 596 95 742 378 475 249 520 122 255 234 568 348
249 621 744 516 767 681 659 617 615 702 756 695 447 142 602 540 493 995 369 588 727 888 465 837 446 976 507 897 944 926 838 616 339 254 357 181 194 663 1048 755 698 378 372 508 991 139 313 323 306 325 0 145 246 400 654 923 918 95 492 436 452 718 610 613 1059 862 456 724 382 24 349 588 914 498 820 382 431 916 789 910 298 1026 905 315 1010 702 799 191 477 432 571 95 888 266
114 476 771 601 681 706 536 473 475 646 711 724 565 128 498 477 487 891 257 559 687 768 578 866 468 911 561 903 880 827 717 577 324 364 460 49 301 539 943 750 593 427 484 432 924 118 384 393 270 270 145 0 101 540 598 944 878 115 444 405 533 592 617 559 952 771 314 653 238 121 300 540 879 365 751 263 290 889 786 929 152 927 866 220 1007 639 717 269 348 348 526 96 798 132
67 376 808 675 638 743 462 375 383 628 700 764 656 199 442 459 512 830 210 564 680 693 666 903 512 881 620 924 852 771 642 574 354 454 545 77 392 462 880 767 535 487 573 407 892 189 456 466 292 279 246 101 0 640 581 975 867 204 440 417 606 513 644 546 888 722 220 623 142 222 308 531 872 282 720 205 195 887 804 958 52 868 856 199 1020 616 677 351 265 321 521 186 749 69
624 1001 690 349 992 648 975 991 975 866 886 646 170 466 886 750 592 1247 696 716 851 1187 204 760 499 1131 444 878 1098 1168 1140 757 526 231 228 581 273 985 1300 787 971 402 189 749 1150 472 334 333 544 582 400 540 640 0 828 858 1016 441 684 610 333 1039 645 787 1314 1090 829 919 763 421 589 757 1000 849 1000 720 830 981 809 853 689 1265 1002 631 1001 881 1011 334 877 703 735 456 1113 666
515 599 419 582 184 376 361 565 499 48 122 403 714 513 246 121 242 439 377 126 113 453 696 487 338 322 451 425 289 357 425 84 326 607 606 627 592 378 489 279 253 429 649 176 338 518 494 494 348 332 654 598 581 828 0 513 287 560 162 228 542 406 271 42 505 274 506 94 528 637 305 71 294 427 173 393 672 319 310 492 567 447 277 383 485 53 189 534 767 260 92 566 292 648
909 1101 180 508 656 242 875 1068 1005 496 425 229 690 821 757 588 462 850 816 442 410 935 656 97 479 561 435 103 542 778 920 457 623 731 656 989 762 892 884 235 762 548 681 647 580 830 623 615 682 697 923 944 975 858 513 0 386 854 565 562 534 918 330 516 901 706 980 568 978 919 669 509 356 916 558 842 1122 304 202 20 984 831 379 788 177 529 634 737 1214 706 505 869 707 1043
800 858 406 704 332 407 596 822 753 242 167 424 872 782 503 408 440 472 664 330 191 587 846 419 522 174 581 283 156 408 584 303 579 819 788 910 821 612 502 247 465 620 827 463 194 788 698 695 616 608 918 878 867 1016 287 386 0 827 433 482 691 621 371 321 519 347 787 275 814 904 579 338 30 703 213 680 957 82 244 367 855 448 13 668 267 261 296 771 1051 548 352 836 341 935
182 560 677 487 672 613 572 552 542 608 664 629 452 47 510 445 410 902 281 499 636 799 464 771 375 882 455 821 849 832 749 524 251 250 345 164 188 578 955 675 605 321 370 413 896 44 271 281 212 229 95 115 204 441 560 854 827 0 399 345 419 633 533 519 966 767 390 628 322 77 255 495 825 420 725 298 399 829 709 840 249 932 815 223 931 607 703 154 462 337 478 19 793 247
372 544 425 482 307 366 364 514 458 209 267 392 587 353 245 67 147 563 254 127 243 527 574 512 227 484 361 498 451 483 488 134 167 457 471 477 436 380 616 338 306 299 514 96 500 358 352 354 186 174 492 444 440 684 162 565 433 399 0 74 430 424 251 120 630 406 414 240 416 476 145 96 435 354 332 278 561 447 375 546 436 581 422 240 584 211 328 376 655 141 81 406 429 509
350 575 406 416 382 343 422 548 497 273 320 367 514 301 307 141 106 638 258 154 291 598 501 498 164 549 301 506 516 558 557 180 99 383 397 443 364 436 690 349 376 227 440 156 565 307 277 280 136 138 436 405 417 610 228 562 482 345 74 0 361 484 233 185 704 480 430 312 418 422 109 157 479 383 401 286 560 485 386 544 422 655 470 225 604 280 402 306 652 164 138 354 503 486
558 890 360 68 722 315 780 869 831 573 576 314 181 409 669 497 301 980 554 418 540 958 156 437 206 820 111 546 788 898 918 462 319 212 123 583 261 793 1031 455 737 140 148 518 840 418 149 140 370 408 452 533 606 333 542 534 691 419 430 361 0 843 320 507 1046 817 724 637 681 458 398 477 673 706 705 583 796 650 475 527 639 990 678 493 668 594 732 267 871 506 456 438 835 661
477 272 819 900 290 769 64 238 174 423 501 797 980 593 178 367 571 348 351 504 510 182 973 893 648 535 784 827 519 317 131 474 532 810 857 588 767 54 391 685 158 704 898 329 534 590 735 740 498 459 718 592 513 1039 406 918 621 633 424 484 843 0 656 411 395 312 308 357 381 693 457 428 642 230 409 335 471 684 716 898 468 396 617 413 869 391 328 704 548 341 440 626 335 553
578 795 175 339 454 115 601 765 708 285 265 142 501 496 479 292 131 702 491 152 230 723 475 265 169 504 211 287 472 620 693 188 293 461 418 660 475 618 749 149 514 260 456 343 524 505 341 336 352 367 610 617 644 645 271 330 371 533 251 233 320 656 0 250 765 537 660 360 652 603 339 228 354 605 407 518 794 336 180 313 653 702 358 458 399 314 452 435 885 387 215 547 551 712
479 587 408 548 216 360 361 553 489 89 154 388 676 472 241 87 205 473 345 99 137 474 658 483 301 365 419 434 332 391 443 63 284 565 566 589 550 378 524 281 264 390 609 146 380 477 453 454 306 292 613 559 546 787 42 516 321 519 120 185 507 411 250 0 539 310 484 132 501 596 264 30 326 408 216 364 646 346 315 496 535 484 310 347 503 95 226 492 741 228 51 525 329 614
841 656 878 1087 324 853 431 625 567 481 510 878 1214 920 456 563 745 66 696 631 540 223 1198 918 841 352 956 798 363 148 267 587 789 1085 1100 959 1057 435 17 712 361 926 1144 568 336 921 982 984 783 750 1059 952 888 1314 505 901 519 966 630 704 1046 395 765 539 0 230 700 410 767 1037 735 569 549 614 362 689 866 601 727 882 849 71 524 744 782 455 315 994 943 631 590 964 214 936
666 580 660 856 98 630 313 544 475 252 291 655 986 720 279 341 516 165 515 401 318 240 968 709 611 226 726 604 215 82 242 357 570 863 874 786 839 325 214 498 193 698 917 356 223 722 757 759 571 542 862 771 722 1090 274 706 347 767 406 480 817 312 537 310 230 0 566 180 620 841 523 340 374 475 147 516 743 424 518 685 690 175 347 553 613 225 85 778 831 430 361 768 27 778
208 172 835 791 500 773 268 162 163 547 628 798 815 363 296 400 537 647 175 539 619 490 818 925 574 759 705 910 734 600 440 532 415 619 694 297 563 264 694 751 373 587 729 339 766 357 584 592 356 322 456 314 220 829 506 980 787 390 414 430 724 308 660 484 700 566 0 516 77 431 340 481 798 91 604 146 177 826 787 961 169 691 778 230 986 525 542 509 268 274 479 377 593 247
560 583 495 676 95 458 324 547 478 77 144 485 808 581 227 183 336 345 413 220 159 373 790 555 432 258 545 473 228 263 352 177 408 695 698 677 677 341 394 342 198 522 742 220 270 585 585 585 420 399 724 653 623 919 94 568 275 628 240 312 637 357 360 132 410 180 516 0 551 705 374 162 292 429 97 424 690 329 369 547 603 353 269 433 512 46 95 617 783 306 184 632 198 687
139 239 824 749 547 761 335 234 241 572 651 784 759 300 343 414 523 712 162 543 638 562 764 917 548 802 673 914 775 660 511 543 385 560 640 219 501 333 760 755 428 549 674 354 810 293 537 545 323 294 382 238 142 763 528 978 814 322 416 418 681 381 652 501 767 620 77 551 0 357 317 493 823 152 643 138 145 847 791 959 91 754 805 198 998 554 588 451 240 277 488 307 648 172
224 596 740 523 747 677 634 592 590 685 741 692 462 124 580 522 483 973 345 575 713 864 479 834 440 959 507 890 926 904 814 601 326 266 367 159 204 639 1026 746 675 377 385 488 973 120 316 325 290 306 24 121 222 421 637 919 904 77 476 422 458 693 603 596 1037 841 431 705 357 0 332 572 901 473 802 358 409 904 781 905 274 1005 892 292 1002 684 779 193 458 411 555 73 868 245
241 498 509 461 425 444 392 474 433 353 412 467 523 208 296 191 208 669 165 259 387 597 517 602 234 626 365 615 594 593 551 277 79 358 400 336 323 404 722 458 382 257 441 166 641 213 278 284 48 30 349 300 308 589 305 669 579 255 145 109 398 457 339 264 735 523 340 374 317 332 0 242 579 310 470 194 456 588 495 652 314 694 567 120 713 352 454 260 546 115 226 261 548 377
464 592 392 519 245 341 376 559 496 115 171 368 646 449 254 81 176 503 335 76 149 499 628 470 271 391 390 430 358 421 466 52 256 535 536 571 521 392 554 274 286 359 579 142 408 454 423 423 282 270 588 540 531 757 71 509 338 495 96 157 477 428 228 30 569 340 481 162 493 572 242 0 340 410 245 355 639 357 309 488 523 514 326 331 506 124 257 463 734 217 21 502 360 599
804 875 380 684 354 384 615 839 770 251 172 400 854 780 518 413 431 502 671 325 191 614 827 390 510 204 562 253 186 436 609 302 575 808 773 912 811 631 532 225 485 608 811 470 224 787 686 683 614 608 914 879 872 1000 294 356 30 825 435 479 673 642 354 326 549 374 798 292 823 901 579 340 0 715 236 688 967 52 219 337 861 478 26 672 239 273 319 763 1061 554 353 834 369 940
251 191 780 771 410 720 183 165 127 465 548 746 815 385 206 329 489 560 156 473 541 411 815 867 539 669 674 840 645 510 360 462 389 628 692 358 576 181 608 683 282 567 730 269 675 381 576 583 337 298 498 365 282 849 427 916 703 420 354 383 706 230 605 408 614 475 91 429 152 473 310 410 715 0 515 129 268 746 719 896 237 602 695 221 911 442 452 518 358 219 411 410 502 323
657 655 517 738 119 491 389 619 549 133 148 515 881 678 309 279 410 302 510 287 178 381 860 562 506 161 607 457 132 224 373 244 499 781 776 774 766 404 345 352 256 599 819 318 173 682 667 666 515 495 820 751 720 1000 173 558 213 725 332 401 705 409 407 216 362 147 604 97 643 802 470 245 236 515 0 519 780 283 371 538 698 296 210 531 473 121 82 708 872 403 266 729 152 783
151 307 692 649 433 629 276 286 257 438 516 653 686 260 238 276 392 629 29 405 501 507 687 783 428 680 559 776 651 568 456 404 270 499 564 271 447 280 680 617 332 445 602 217 690 257 449 456 213 177 382 263 205 720 393 842 680 298 278 286 583 335 518 364 689 516 146 424 138 358 194 355 688 129 519 0 284 710 653 823 178 666 670 92 860 422 472 388 378 138 350 290 544 265
238 245 965 865 677 901 440 262 303 715 795 924 851 393 473 559 664 817 307 688 783 650 862 1058 681 936 800 1059 910 774 601 688 518 649 740 249 587 433 862 900 550 671 768 499 943 384 647 656 455 430 431 290 195 830 672 1122 957 399 561 560 796 471 794 646 866 743 177 690 145 409 456 639 967 268 780 284 0 991 937 1103 156 862 948 336 1144 696 719 546 94 422 634 381 770 165
820 910 340 657 398 351 654 875 806 280 197 365 831 785 553 433 426 554 691 330 209 663 802 343 498 256 539 202 239 488 656 313 578 796 754 924 803 671 585 196 526 595 792 493 276 792 674 670 621 618 916 889 887 981 319 304 82 829 447 485 650 684 336 346 601 424 826 329 847 904 588 357 52 746 283 710 991 0 182 286 880 530 78 688 189 306 365 758 1086 573 366 839 420 956
736 901 161 477 459 168 672 868 804 294 228 182 653 670 555 390 299 671 629 248 209 740 624 191 349 410 364 122 384 595 721 257 463 638 586 827 654 689 710 36 560 438 620 450 431 678 518 513 517 525 789 786 804 809 310 202 244 709 375 386 475 716 180 315 727 518 787 369 791 781 495 309 219 719 371 653 937 182 0 181 806 658 233 609 221 328 441 616 1030 515 308 722 523 873
892 1081 169 503 635 229 854 1048 985 475 404 218 686 806 737 568 445 830 797 422 389 915 652 94 465 542 426 84 523 758 899 436 606 721 648 973 751 871 865 214 741 536 675 627 562 815 612 604 666 680 910 929 958 853 492 20 367 840 546 544 527 898 313 496 882 685 961 547 959 905 652 488 337 896 538 823 1103 286 181 0 966 811 360 770 169 508 613 725 1196 687 485 855 687 1026
81 324 821 708 610 756 419 323 333 614 689 778 698 238 410 447 522 792 190 562 671 649 708 915 531 859 645 928 830 736 598 569 369 497 585 128 436 419 841 769 501 515 614 391 869 229 491 500 306 286 298 152 52 689 567 984 855 249 436 422 639 468 653 535 849 690 169 603 91 274 314 523 861 237 698 178 156 880 806 966 0 832 845 197 1020 600 650 392 237 307 514 233 718 88
817 665 810 1028 273 787 422 632 570 420 444 811 1160 886 428 515 689 51 669 572 475 243 1143 849 785 281 897 727 292 100 278 528 744 1038 1049 937 1013 429 54 644 333 873 1092 527 265 887 932 934 742 711 1026 927 868 1265 447 831 448 932 581 655 990 396 702 484 71 175 691 353 754 1005 694 514 478 602 296 666 862 530 658 811 832 0 453 713 711 396 257 951 943 595 535 932 154 920
790 852 395 691 328 394 591 816 747 232 156 412 859 770 496 397 427 476 654 317 179 587 832 410 509 182 567 276 162 410 582 290 566 806 774 898 808 607 507 235 461 607 813 453 203 776 685 682 604 596 905 866 856 1002 277 379 13 815 422 470 678 617 358 310 524 347 778 269 805 892 567 326 26 695 210 670 948 78 233 360 845 453 0 657 266 253 293 758 1042 537 340 824 342 924
132 397 629 560 461 564 351 378 349 431 501 587 594 180 287 261 328 681 66 365 480 576 594 722 350 692 476 730 661 613 527 375 187 407 471 244 357 359 733 572 383 357 509 213 704 179 357 364 126 95 315 220 199 631 383 788 668 223 240 225 493 413 458 347 744 553 230 433 198 292 120 331 672 221 531 92 336 688 609 770 197 713 657 0 823 422 497 297 426 127 321 220 580 268
953 1084 311 655 586 354 836 1050 982 453 371 354 837 891 728 587 521 739 838 458 371 853 805 260 567 431 561 122 420 676 846 455 684 848 786 1047 869 852 766 256 711 652 817 648 448 900 731 725 737 742 1010 1007 1020 1001 485 177 267 931 584 604 668 869 399 503 782 613 986 512 998 1002 713 506 239 911 473 860 1144 189 221 169 1020 711 266 823 0 482 555 834 1239 721 510 944 608 1090
551 604 450 632 141 412 353 569 501 33 111 439 767 560 247 162 295 390 409 176 118 418 748 512 391 274 501 436 242 308 395 132 378 660 659 666 645 370 439 300 233 482 702 209 289 565 548 548 396 378 702 639 616 881 53 529 261 607 211 280 594 391 314 95 455 225 525 46 554 684 352 124 273 442 121 422 696 306 328 508 600 396 253 422 482 0 139 586 790 296 146 612 241 682
617 581 578 771 42 546 312 545 475 167 212 572 903 656 246 266 432 250 467 316 236 302 885 631 528 217 640 534 195 168 291 272 495 786 792 736 765 327 299 419 180 616 836 290 223 659 677 678 501 475 799 717 677 1011 189 634 296 703 328 402 732 328 452 226 315 85 542 95 588 779 454 257 319 452 82 472 719 365 441 613 650 257 293 497 555 139 0 704 810 370 278 706 103 737
315 681 557 334 679 495 641 667 645 579 618 507 308 153 554 438 331 928 363 444 586 855 315 648 267 854 315 718 821 851 807 478 209 110 193 318 63 650 981 584 642 188 223 425 871 162 123 132 213 249 191 269 351 334 534 737 771 154 376 306 267 704 435 492 994 778 509 617 451 193 260 463 763 518 708 388 546 758 616 725 392 951 758 297 834 586 704 0 614 371 443 173 802 400
318 298 1055 940 768 991 522 322 375 810 890 1013 913 463 564 654 755 896 401 782 877 723 926 1149 768 1027 882 1153 1002 857 675 783 605 712 807 301 649 514 939 994 638 751 832 594 1034 453 721 731 542 520 477 348 265 877 767 1214 1051 462 655 652 871 548 885 741 943 831 268 783 240 458 546 734 1061 358 872 378 94 1086 1030 1196 237 943 1042 426 1239 790 810 614 0 517 729 443 857 215
255 411 562 567 336 501 277 383 334 307 381 527 638 290 183 140 269 566 118 266 364 483 631 652 324 564 461 638 534 494 436 266 190 473 515 371 434 289 619 479 273 366 557 86 576 292 393 398 159 122 432 348 321 703 260 706 548 337 141 164 506 341 387 228 631 430 274 306 277 411 115 217 554 219 403 138 422 573 515 687 307 595 537 127 721 296 370 371 517 0 211 337 456 387
453 595 382 499 266 329 386 563 502 135 186 357 624 432 264 82 155 524 328 65 161 516 607 462 250 411 370 430 378 442 483 54 237 514 514 559 500 403 575 272 301 338 558 142 428 438 401 402 265 255 571 526 521 735 92 505 352 478 81 138 456 440 215 51 590 361 479 184 488 555 226 21 353 411 266 350 634 366 308 485 514 535 340 321 510 146 278 443 729 211 0 485 381 589
168 546 693 506 673 629 566 539 530 614 671 645 471 53 507 450 423 900 275 509 645 794 483 787 390 887 473 835 855 831 744 533 262 269 364 145 206 571 953 687 603 339 389 415 901 47 290 299 220 234 95 96 186 456 566 869 836 19 406 354 438 626 547 525 964 768 377 632 307 73 261 502 834 410 729 290 381 839 722 855 233 932 824 220 944 612 706 173 443 337 485 0 794 228
693 604 669 874 122 641 338 568 500 267 299 666 1006 746 307 364 535 151 543 418 328 250 988 715 631 209 743 605 202 71 257 374 593 887 895 813 863 350 197 505 220 719 938 382 204 748 779 780 596 568 888 798 749 1113 292 707 341 793 429 503 835 335 551 329 214 27 593 198 648 868 548 360 369 502 152 544 770 420 523 687 718 154 342 580 608 241 103 802 857 456 381 794 0 806
136 384 875 729 698 810 506 389 409 695 768 830 698 252 499 527 581 880 274 633 748 734 711 970 577 945 681 993 915 824 683 643 421 496 592 86 433 505 929 836 590 548 616 473 955 242 511 521 360 348 266 132 69 666 648 1043 935 247 509 486 661 553 712 614 936 778 247 687 172 245 377 599 940 323 783 265 165 956 873 1026 88 920 924 268 1090 682 737 400 215 387 589 228 806 0
