32
0 709 463 44 804 388 435 404 475 642 630 781 183 614 212 658 681 928 384 288 520 502 741 325 700 794 807 377 527 713 812 715
709 0 921 690 611 333 415 388 722 1072 248 511 643 95 501 1040 793 666 408 539 492 215 575 820 59 584 204 332 266 415 113 221
463 921 0 506 654 612 508 534 238 181 958 695 641 840 515 197 380 771 515 719 476 717 607 139 941 661 1088 641 660 686 1035 808
44 690 506 0 821 378 442 406 508 686 598 793 138 595 204 701 713 944 388 246 536 488 758 368 678 810 779 362 523 720 790 710
804 611 654 821 0 546 398 452 424 712 808 104 882 593 648 652 312 126 461 859 286 541 63 649 664 27 814 597 426 196 693 393
388 333 612 378 546 0 167 109 451 777 354 483 375 241 176 757 587 652 116 319 293 118 487 497 339 526 478 51 153 390 444 334
435 415 508 442 398 167 0 58 309 656 505 353 485 342 253 626 423 513 62 462 126 228 336 420 442 382 596 218 151 278 529 314
404 388 534 406 452 109 58 0 351 690 455 400 437 306 208 664 478 564 22 407 185 185 390 433 408 434 558 159 137 317 502 319
475 722 238 508 424 451 309 351 0 352 805 457 617 651 420 317 208 546 337 654 246 535 373 230 751 428 906 492 456 449 834 583
642 1072 181 686 712 777 656 690 352 0 1129 774 822 996 694 68 404 815 673 901 598 876 677 321 1097 725 1248 811 806 787 1185 935
630 248 958 598 808 354 505 455 805 1129 0 718 507 218 458 1111 926 883 467 383 618 283 762 834 192 783 195 318 394 616 275 446
781 511 695 793 104 483 353 400 457 774 718 0 838 500 606 719 387 170 413 802 264 460 100 669 566 76 714 531 348 101 590 291
183 643 641 138 882 375 485 437 617 822 507 838 0 552 233 834 815 999 424 127 597 465 818 502 620 867 699 341 528 754 732 706
614 95 840 595 593 241 342 306 651 996 218 500 552 0 406 968 741 665 325 452 434 125 550 734 101 568 254 237 201 399 203 229
212 501 515 204 648 176 253 208 420 694 458 606 233 406 0 688 603 766 193 235 365 291 585 382 497 633 618 169 319 526 607 505
658 1040 197 701 652 757 626 664 317 68 1111 719 834 968 688 0 341 752 649 905 558 850 620 333 1068 667 1222 794 774 738 1152 894
681 793 380 713 312 587 423 478 208 404 926 387 815 741 603 341 0 411 472 838 308 643 286 424 833 328 992 636 540 426 896 608
928 666 771 944 126 652 513 564 546 815 883 170 999 665 766 752 411 0 575 969 408 631 187 773 723 134 864 701 519 271 733 445
384 408 515 388 461 116 62 22 337 673 467 413 424 325 193 649 472 575 0 399 187 203 398 412 426 444 575 163 159 333 522 341
288 539 719 246 859 319 462 407 654 901 383 802 127 452 235 905 838 969 399 0 585 384 797 580 509 841 576 274 468 710 620 631
520 492 476 536 286 293 126 185 246 598 618 264 597 434 365 558 308 408 187 585 0 335 222 421 529 274 687 344 232 219 600 337
502 215 717 488 541 118 228 185 535 876 283 460 465 125 291 850 643 631 203 384 335 0 489 609 225 517 372 127 115 359 327 247
741 575 607 758 63 487 336 390 373 677 762 100 818 550 585 620 286 187 398 797 222 489 0 594 626 56 779 538 373 163 664 363
325 820 139 368 649 497 420 433 230 321 834 669 502 734 382 333 424 773 412 580 421 609 594 0 834 650 975 520 567 640 934 732
700 59 941 678 664 339 442 408 751 1097 192 566 620 101 497 1068 833 723 426 509 529 225 626 834 0 638 158 329 298 468 112 277
794 584 661 810 27 526 382 434 428 725 783 76 867 568 633 667 328 134 444 841 274 517 56 650 638 0 787 577 403 169 666 366
807 204 1088 779 814 478 596 558 906 1248 195 714 699 254 618 1222 992 864 575 576 687 372 779 975 158 787 0 457 455 619 139 422
377 332 641 362 597 51 218 159 492 811 318 531 341 237 169 794 636 701 163 274 344 127 538 520 329 577 457 0 193 437 438 364
527 266 660 523 426 153 151 137 456 806 394 348 528 201 319 774 540 519 159 468 232 115 373 567 298 403 455 193 0 249 378 187
713 415 686 720 196 390 278 317 449 787 616 101 754 399 526 738 426 271 333 710 219 359 163 640 468 169 619 437 249 0 501 200
812 113 1035 790 693 444 529 502 834 1185 275 590 732 203 607 1152 896 733 522 620 600 327 664 934 112 666 139 438 378 501 0 301
715 221 808 710 393 334 314 319 583 935 446 291 706 229 505 894 608 445 341 631 337 247 363 732 277 366 422 364 187 200 301 0
