176
0 252 692 137 261 472 337 271 366 204 546 147 205 460 548 213 68 784 433 349 648 258 372 548 207 180 424 757 526 612 640 626 569 263 532 636 460 625 459 511 917 683 180 451 607 210 243 751 468 792 519 225 584 467 378 668 385 373 654 187 319 473 322 599 126 45 403 653 400 472 390 305 642 492 422 531 365 567 700 673 461 627 376 340 347 496 330 708 164 470 32 643 748 387 263 280 168 566 572 300 385 577 417 490 718 366 140 566 320 157 504 689 680 550 372 277 177 262 637 455 602 174 619 737 86 154 210 741 241 433 243 442 145 453 130 99 422 457 681 276 499 257 426 836 578 416 268 658 665 293 509 333 596 264 311 135 373 236 71 364 641 402 502 251 714 455 178 486 283 133 550 686 327 597 347 452
252 0 664 214 115 377 567 332 365 284 797 342 69 372 474 173 262 998 673 322 550 390 620 734 157 354 462 937 677 561 888 584 816 131 766 813 621 806 664 501 1102 740 426 504 731 423 496 947 718 999 698 446 836 343 258 625 624 263 802 416 220 702 570 848 191 293 564 871 651 524 634 145 895 668 662 762 473 579 949 785 455 637 582 557 368 747 583 651 313 492 221 870 915 601 449 214 228 516 478 354 637 728 357 485 828 190 338 562 292 369 703 638 896 433 322 400 389 26 558 603 831 251 704 867 334 351 439 965 373 641 481 695 392 701 163 190 656 688 924 482 624 510 679 992 552 303 64 899 794 523 427 429 730 503 534 372 624 398 323 516 594 648 557 281 645 330 251 629 530 347 432 926 125 850 278 567
692 664 0 789 777 298 682 940 327 488 1046 838 617 298 203 520 627 853 778 355 198 949 803 596 792 873 280 683 474 109 971 83 910 533 1128 603 492 613 629 181 816 238 814 275 410 610 815 742 997 825 563 632 976 348 412 50 991 404 508 647 444 1088 903 1109 580 726 488 781 845 261 780 810 1068 545 775 1134 394 146 1199 399 230 109 608 996 344 901 856 80 854 232 675 823 626 1042 950 868 820 149 224 395 921 488 307 201 411 498 831 130 387 612 626 64 791 285 345 967 859 639 153 456 811 837 302 488 690 844 648 871 932 632 882 931 790 1007 742 739 739 1072 1218 597 399 805 885 639 115 967 601 1209 449 672 248 397 439 695 964 665 827 520 705 468 78 804 248 901 111 360 514 444 882 620 287 932 560 1031 387 381
137 214 789 0 161 536 465 151 462 316 615 137 205 526 624 273 199 913 551 434 715 180 480 685 90 141 536 893 663 699 744 716 677 291 561 773 597 762 594 610 1052 805 248 569 742 347 330 886 534 923 656 359 680 517 425 759 426 424 791 320 371 496 386 661 210 146 540 782 501 589 504 197 726 629 539 557 494 675 759 806 560 735 512 348 450 597 417 794 99 579 132 768 886 390 236 148 33 652 639 411 460 713 494 591 851 384 135 669 403 294 639 777 810 606 450 194 186 235 713 591 726 48 747 873 213 145 343 867 163 567 287 526 218 511 54 50 545 482 726 412 633 350 521 973 673 283 260 699 800 421 580 458 732 389 327 266 476 371 192 500 730 513 621 118 795 504 282 622 345 270 606 802 327 682 415 583
261 115 777 161 0 493 597 236 470 364 777 298 163 488 589 270 298 1042 694 429 666 310 630 792 73 297 562 1000 750 676 897 697 827 244 720 877 689 868 712 610 1163 841 407 602 814 463 486 1002 696 1047 759 481 836 459 374 739 587 378 877 446 333 655 548 822 256 289 631 912 654 622 650 45 886 730 683 715 556 686 920 872 563 745 628 505 469 751 575 766 254 596 238 904 984 544 387 101 159 630 593 446 620 801 470 594 916 305 296 672 398 407 755 753 938 548 433 317 347 142 674 675 862 179 798 949 347 307 469 1001 297 687 449 685 375 673 134 167 683 641 887 527 705 505 677 1065 664 194 180 859 876 553 542 513 810 526 486 395 628 460 330 585 709 661 656 183 761 445 328 704 506 383 548 947 238 841 390 650
472 377 298 536 493 0 601 683 161 295 941 617 342 15 97 265 419 919 716 140 179 711 708 632 519 646 230 791 527 189 936 215 866 253 979 680 504 682 616 179 950 444 631 270 523 479 661 830 876 903 593 507 915 55 119 254 832 115 620 504 166 927 752 1002 346 514 467 814 749 278 698 521 998 565 708 981 338 260 1102 551 160 304 558 808 193 828 726 274 617 219 446 838 748 855 735 589 564 149 103 243 792 565 69 176 583 200 610 229 158 454 634 263 832 81 108 727 649 351 181 470 812 584 448 647 502 624 515 913 693 605 701 824 601 874 484 490 682 911 1102 499 448 660 787 796 198 677 312 1086 583 573 50 307 539 580 778 498 724 394 509 423 222 721 301 638 267 64 304 479 721 451 82 930 264 956 124 397
337 567 682 465 597 601 0 562 441 333 363 385 503 585 632 442 305 448 116 463 735 500 121 251 544 420 417 448 294 650 340 650 268 516 464 341 232 325 146 529 597 557 270 409 400 145 207 428 318 458 237 120 314 627 566 682 349 554 399 151 517 439 264 426 379 319 205 317 163 421 99 642 398 222 107 472 292 536 518 469 495 582 90 404 410 227 196 733 439 462 359 306 456 438 434 613 491 615 672 358 252 331 532 510 510 603 380 558 454 198 192 710 344 681 497 518 363 567 703 254 265 488 468 497 252 383 128 403 489 119 305 249 277 335 467 436 90 425 536 102 322 184 202 552 595 748 557 528 437 44 614 304 375 78 376 202 146 210 273 214 667 123 435 562 752 621 348 282 265 219 682 360 595 357 504 311
271 332 940 151 236 683 562 0 614 465 625 177 344 674 773 423 339 1003 628 585 862 96 546 799 175 146 686 1006 792 850 794 867 732 433 529 890 725 876 701 762 1159 952 302 717 878 466 385 990 546 1018 774 471 720 660 569 910 418 569 919 432 517 463 410 659 361 260 669 873 557 738 578 246 748 749 616 520 637 826 749 944 712 886 623 316 602 647 463 944 123 730 276 851 1004 345 194 150 120 802 786 561 487 842 643 742 989 518 181 821 554 419 748 928 901 750 600 93 210 357 861 723 807 103 891 1005 328 180 453 949 92 674 308 558 286 515 199 201 631 452 703 529 770 410 567 1095 825 235 390 673 934 521 728 603 865 484 309 380 535 507 305 634 881 581 770 52 945 647 433 755 373 397 750 866 456 708 564 723
366 365 327 462 470 161 441 614 0 164 788 513 307 145 198 201 302 767 555 48 303 622 551 480 473 547 102 652 382 247 774 260 704 237 838 535 351 535 456 147 814 376 502 147 400 326 519 684 726 753 440 353 755 197 173 301 694 158 489 355 162 791 611 850 253 402 309 657 593 164 539 508 840 411 548 842 181 216 948 442 97 276 397 684 31 669 577 343 526 127 347 679 615 731 627 552 494 202 233 86 643 426 92 128 480 253 506 207 74 310 476 323 676 239 72 640 537 344 281 319 651 511 349 533 374 519 364 757 604 445 572 670 475 728 418 412 521 775 953 340 308 515 632 674 212 664 309 938 463 415 173 146 409 425 652 359 569 237 385 264 275 563 196 577 351 195 187 332 583 312 240 769 292 798 108 253
204 284 488 316 364 295 333 465 164 0 650 350 215 280 357 121 139 730 449 157 460 463 425 455 346 385 221 654 392 412 673 423 601 193 683 531 338 525 396 307 820 490 340 253 450 194 365 668 582 726 418 222 640 307 235 465 537 224 518 212 184 633 457 710 111 239 281 607 464 273 422 407 717 387 440 686 192 363 811 508 257 423 320 521 143 550 432 507 368 266 190 615 631 568 463 428 349 366 386 96 498 443 231 286 552 270 343 362 136 160 431 487 630 377 187 481 373 273 443 318 580 362 438 586 210 356 227 704 446 377 410 534 312 580 279 266 422 616 808 233 342 365 501 707 375 554 250 791 512 297 323 149 447 295 489 202 438 129 221 232 439 443 306 434 515 299 35 344 426 155 378 688 272 673 179 286
546 797 1046 615 777 941 363 625 788 650 0 481 751 926 985 731 559 549 281 801 1089 530 243 537 706 493 778 665 627 1011 238 1012 223 797 178 605 578 586 450 890 758 909 372 773 733 462 303 608 80 585 547 435 156 958 883 1045 208 873 699 438 827 211 229 62 648 504 564 458 200 785 267 813 130 546 280 193 654 900 160 796 853 945 443 317 758 167 220 1096 534 824 578 405 702 308 432 744 624 973 1022 702 160 650 873 870 831 897 482 921 785 490 479 1073 480 1023 834 540 433 808 1060 607 373 609 818 796 473 474 426 477 532 435 329 118 406 110 648 615 319 210 173 454 674 293 160 795 957 859 813 170 753 377 961 662 703 363 317 454 221 551 478 578 1029 243 799 655 1114 950 651 631 270 498 1024 344 869 101 830 672
147 342 838 137 298 617 385 177 513 350 481 0 318 605 695 354 211 825 451 496 794 124 371 626 225 38 566 831 628 760 626 773 562 393 425 717 560 703 526 657 982 815 127 590 720 300 211 813 400 840 603 301 557 608 518 814 289 514 753 263 459 360 254 525 271 112 507 696 385 610 402 332 596 579 439 421 494 710 622 788 608 769 449 215 493 478 294 855 57 613 171 673 832 258 118 264 143 713 718 444 330 676 564 636 833 493 6 711 467 260 573 836 724 693 518 143 49 361 784 562 630 128 745 843 166 8 281 772 109 499 152 398 108 376 180 153 453 346 589 360 615 235 399 925 725 388 379 562 773 345 656 467 705 307 191 214 362 356 145 477 788 405 640 186 861 596 325 595 213 241 694 693 445 553 492 573
205 69 617 205 163 342 503 344 307 215 751 318 0 334 435 108 202 931 612 267 519 386 563 665 177 336 401 868 608 518 829 539 757 89 733 744 552 737 596 448 1033 679 384 441 663 359 448 878 673 931 629 383 781 316 225 581 588 227 733 354 176 671 527 804 125 249 495 804 596 461 574 201 844 599 601 731 405 523 906 718 400 582 515 531 307 691 533 610 299 433 172 804 846 576 432 250 228 472 445 288 590 659 311 431 761 178 313 509 235 305 635 596 829 406 272 399 361 63 522 534 766 250 640 800 281 327 376 899 368 574 445 645 350 658 151 167 593 656 885 416 556 460 625 923 503 357 63 862 726 460 389 361 662 442 505 314 568 330 273 446 551 590 495 297 608 303 182 560 488 285 406 863 126 798 230 500
460 372 298 526 488 15 585 674 145 280 926 605 334 0 101 254 406 904 700 125 189 701 692 617 512 634 215 777 512 191 920 215 850 246 964 665 489 667 600 169 936 435 617 256 511 464 646 815 861 888 577 491 899 65 115 255 818 109 607 489 158 913 737 987 334 502 451 799 733 265 682 517 982 550 692 966 323 252 1086 540 148 298 542 795 177 812 711 278 607 207 434 823 735 842 723 583 555 148 113 227 777 551 53 166 572 199 599 222 144 439 619 266 817 97 93 717 637 347 187 455 796 574 437 635 488 613 500 898 683 589 687 808 587 860 475 480 666 896 1087 483 433 645 772 784 194 674 308 1071 571 557 54 291 525 564 764 483 709 378 495 408 224 705 289 630 273 71 291 464 707 436 98 914 262 940 113 383
548 474 203 624 589 97 632 773 198 357 985 695 435 101 0 350 490 906 742 200 104 796 745 624 613 726 224 763 510 93 956 120 888 347 1037 659 500 664 624 131 915 376 697 252 487 524 718 809 924 886 585 550 944 145 216 157 892 210 587 554 258 988 809 1047 425 589 472 811 787 253 731 618 1031 560 736 1040 348 197 1144 503 142 227 577 878 227 859 775 176 701 193 525 841 715 924 812 684 653 61 45 284 842 541 131 140 530 297 689 160 228 508 635 165 826 92 176 812 724 448 89 464 819 672 398 599 567 702 562 908 778 618 767 867 668 926 573 576 706 972 1150 532 428 714 827 752 117 775 409 1136 542 609 47 328 507 622 846 556 764 434 577 435 126 755 267 729 172 157 373 466 781 509 95 940 362 990 208 386
213 173 520 273 270 265 442 423 201 121 731 354 108 254 350 0 174 850 557 165 444 446 521 576 272 381 292 774 509 426 779 444 707 73 739 651 457 645 516 345 939 571 386 333 558 298 433 789 658 847 538 325 740 254 165 487 592 160 632 305 106 682 520 789 87 258 402 726 558 353 525 309 811 508 547 739 302 418 890 612 296 477 438 554 199 649 511 521 352 327 184 733 749 600 472 351 303 379 367 181 573 559 220 328 654 165 347 406 133 251 551 504 750 339 176 462 389 157 439 436 697 321 532 695 262 362 324 824 428 496 453 619 352 649 223 225 533 667 879 346 453 438 592 822 404 464 130 859 622 402 307 257 559 393 524 277 531 247 263 352 458 544 386 382 521 242 95 460 484 237 340 802 153 766 142 396
68 262 627 199 298 419 305 339 302 139 559 211 202 406 490 174 0 745 411 290 592 326 361 496 256 247 356 704 465 550 627 562 555 237 566 582 401 572 414 446 866 614 213 382 543 165 258 704 484 749 465 186 579 420 335 604 418 328 594 154 276 511 346 616 89 99 343 615 395 403 372 343 645 436 400 567 297 499 717 607 396 559 330 388 282 489 339 646 233 402 67 610 693 435 324 334 231 504 517 232 400 516 361 425 652 338 204 500 263 109 457 626 641 499 315 345 234 264 578 393 570 240 551 674 88 217 177 707 309 389 282 449 181 475 178 154 394 494 705 229 434 266 426 778 514 468 260 684 601 261 454 264 533 241 358 111 367 172 90 302 578 388 433 316 653 410 117 424 310 86 500 663 311 600 296 385
784 998 853 913 1042 919 448 1003 767 730 549 825 931 904 906 850 745 0 377 807 990 931 464 287 991 858 690 193 396 879 319 864 329 923 725 251 415 243 335 777 213 630 702 655 442 579 623 119 576 44 327 560 394 963 931 878 687 917 348 596 897 740 634 585 807 767 460 131 467 652 427 1087 460 356 389 739 586 734 615 466 768 746 416 782 739 408 562 928 882 713 804 157 254 799 851 1061 939 863 951 707 573 369 856 766 474 992 822 770 813 635 299 906 103 984 838 948 796 994 945 449 200 936 552 403 700 822 573 73 924 357 715 513 717 613 914 883 372 733 679 516 478 597 477 312 819 1197 977 694 412 492 910 625 414 524 763 649 482 603 721 509 879 430 642 1007 957 962 756 441 657 659 986 212 1002 459 863 523
433 673 778 551 694 716 116 628 555 449 281 451 612 700 742 557 411 377 0 579 844 554 87 263 635 482 523 426 346 755 223 752 151 630 415 341 298 323 169 634 555 629 326 510 452 258 245 387 258 397 267 232 202 743 683 782 332 670 425 257 634 407 264 341 490 407 290 251 104 520 50 738 291 265 11 427 396 633 424 516 603 674 170 414 523 122 189 834 508 565 459 222 449 437 474 699 574 721 783 473 218 371 646 615 553 719 448 657 571 308 202 810 279 794 613 571 419 676 810 329 179 568 537 524 346 448 236 321 547 154 338 183 343 285 561 528 39 395 453 219 395 220 133 546 698 832 668 451 475 154 726 414 423 170 391 302 109 326 364 313 769 57 529 636 854 737 464 351 282 327 796 253 709 253 621 398
349 322 355 434 429 140 463 585 48 157 801 496 267 125 200 165 290 807 579 0 303 600 568 520 437 528 151 697 427 265 801 282 730 191 841 579 392 578 490 181 860 422 497 196 448 339 522 727 736 795 480 366 777 164 126 324 695 112 536 364 114 791 614 862 228 388 347 695 609 213 559 466 859 451 571 843 221 257 961 490 133 315 426 677 69 689 586 361 505 172 327 714 661 724 612 515 465 218 229 106 652 471 73 164 529 204 489 242 31 314 514 343 715 222 34 617 524 300 288 361 685 483 398 581 367 503 375 794 582 477 567 683 468 735 387 385 547 774 962 360 355 521 647 722 240 623 263 946 511 433 165 182 456 439 646 359 584 254 377 300 296 582 245 546 365 160 172 377 584 312 223 801 244 816 60 299
648 550 198 715 666 179 735 862 303 460 1089 794 519 189 104 444 592 990 844 303 0 890 849 713 696 824 321 836 595 115 1056 137 989 430 1141 740 592 747 720 217 982 419 800 344 558 629 822 888 1029 967 675 655 1046 207 294 149 996 292 659 659 345 1093 914 1151 523 689 569 900 891 341 834 690 1133 651 838 1144 448 259 1248 564 241 268 677 980 332 962 880 134 796 285 623 934 785 1027 912 764 743 127 76 389 946 622 231 232 585 363 787 222 328 613 729 138 914 119 276 906 825 523 48 555 913 763 460 659 671 801 667 996 872 715 870 971 771 1031 663 669 808 1076 1255 636 513 819 931 813 172 844 485 1241 609 713 138 430 582 726 949 660 869 539 680 534 129 858 348 816 112 220 475 554 885 613 120 1035 430 1093 302 476
258 390 949 180 310 711 500 96 622 463 530 124 386 701 796 446 326 931 554 600 890 0 469 745 240 85 683 948 752 866 707 881 648 471 432 837 684 822 644 769 1097 937 231 709 844 424 308 927 452 949 724 424 632 695 604 923 323 602 876 386 548 366 321 563 371 232 631 803 475 729 504 330 655 701 542 424 617 826 652 912 719 886 570 219 605 561 379 961 95 729 274 776 952 249 98 238 161 819 814 558 397 800 664 748 957 565 130 825 570 384 691 943 831 784 619 19 137 413 885 686 733 138 869 966 290 122 404 874 17 616 222 469 223 420 234 222 561 355 606 483 739 334 481 1046 835 332 440 576 897 462 753 588 829 423 213 338 455 480 269 601 896 503 759 138 965 683 435 719 286 365 784 784 508 615 588 697
372 620 803 480 630 708 121 546 551 425 243 371 563 692 745 521 361 464 87 568 849 469 0 337 567 400 535 512 404 769 268 769 197 592 348 421 347 402 235 647 643 676 244 529 511 230 161 475 198 485 334 202 218 729 661 802 249 649 496 216 608 331 176 305 446 340 325 339 42 542 41 672 292 326 77 358 411 657 399 578 611 703 206 326 520 127 102 853 429 581 400 307 532 351 387 626 500 731 784 465 140 435 639 627 617 686 369 678 555 270 275 830 367 788 601 485 337 625 819 372 264 492 586 595 286 367 198 405 463 213 251 127 266 217 496 462 109 318 414 213 440 136 82 629 714 757 622 406 541 136 724 420 484 130 303 249 26 313 301 335 786 34 557 558 871 722 432 399 194 284 790 322 669 248 603 432
548 734 596 685 792 632 251 799 480 455 537 626 665 617 624 576 496 287 263 520 713 745 337 0 752 663 405 208 121 605 391 594 344 646 678 91 128 77 105 496 370 401 519 371 208 337 458 213 521 275 40 328 420 675 645 613 586 631 162 367 613 667 507 594 544 543 176 188 365 371 297 838 512 69 268 690 299 464 664 263 484 486 176 652 452 370 434 665 676 430 561 227 206 683 684 828 714 585 669 422 476 120 569 484 295 709 620 497 527 391 61 642 202 699 551 764 609 726 670 162 218 716 311 260 474 625 346 284 734 131 556 446 522 548 674 646 230 655 705 272 200 434 397 301 545 964 705 707 216 283 625 339 176 323 625 420 363 335 496 226 610 315 365 792 691 675 485 158 514 415 701 337 724 486 577 238
207 157 792 90 73 519 544 175 473 346 706 225 177 512 613 272 256 991 635 437 696 240 567 752 0 224 558 960 719 695 833 715 764 266 647 838 656 828 666 618 1122 834 338 595 790 416 419 958 625 999 721 432 770 492 402 757 514 404 847 395 354 581 477 750 235 228 598 861 590 616 590 107 816 693 624 641 535 690 848 852 569 750 583 432 467 686 507 788 180 596 190 849 948 471 314 82 85 648 622 436 550 770 487 600 896 345 224 679 406 361 710 773 888 582 446 249 274 182 700 645 807 106 784 924 291 234 418 948 226 640 377 616 308 601 77 108 627 568 814 482 681 439 610 1033 677 213 216 786 851 500 567 495 783 470 413 342 564 426 272 554 727 599 649 124 785 478 311 675 436 337 581 887 281 772 406 628
180 354 873 141 297 646 420 146 547 385 493 38 336 634 726 381 247 858 482 528 824 85 400 663 224 0 603 867 667 793 650 807 587 415 422 754 599 740 562 692 1018 853 156 627 759 339 238 848 413 874 641 339 578 635 544 848 293 540 791 301 486 357 270 533 301 149 546 728 411 648 432 327 612 617 470 417 533 746 628 827 642 806 487 207 528 502 318 889 43 649 201 705 869 248 95 250 138 746 748 479 347 715 595 671 872 514 45 747 499 299 610 870 756 721 550 104 64 374 815 601 661 119 784 881 205 37 319 803 71 535 167 417 142 385 191 168 486 344 591 398 654 263 422 962 759 368 395 563 812 381 686 505 743 342 189 253 389 395 184 516 822 434 677 164 894 622 359 634 231 280 721 720 462 570 521 612
424 462 280 536 562 230 417 686 102 221 778 566 401 215 224 292 356 690 523 151 321 683 535 405 558 603 0 562 297 233 734 234 667 336 849 450 278 452 400 111 722 278 534 45 301 331 535 600 723 673 365 353 725 277 272 269 711 258 394 367 265 808 624 841 327 454 248 589 578 62 517 602 814 339 518 855 127 143 935 340 81 202 355 716 94 643 579 319 589 48 411 618 521 761 675 639 569 197 267 125 645 336 172 92 378 354 560 150 175 332 412 296 606 294 170 701 583 443 286 242 595 583 247 432 412 572 369 688 666 394 602 661 511 731 496 486 487 792 948 324 218 526 618 576 179 756 408 936 363 400 220 117 312 420 684 384 557 240 428 212 251 541 95 654 335 279 253 249 602 341 296 715 395 774 210 168
757 937 683 893 1000 791 448 1006 652 654 665 831 868 777 763 774 704 193 426 697 836 948 512 208 960 867 562 0 270 722 462 704 445 842 828 123 316 132 304 631 165 450 719 521 277 546 652 75 670 154 240 536 521 840 824 713 758 809 177 575 799 829 688 712 748 751 372 210 530 513 471 1045 602 269 435 841 480 577 761 285 633 579 383 837 627 503 614 760 882 574 770 267 61 863 882 1037 923 713 807 608 644 226 734 624 286 895 826 614 709 600 257 739 194 847 724 967 812 928 790 340 292 924 381 212 682 830 553 245 937 332 750 598 725 703 882 855 403 818 817 481 344 627 553 132 664 1172 904 826 233 486 773 524 255 525 813 628 536 540 704 422 718 483 496 1000 790 841 686 320 701 624 849 368 917 590 756 398
526 677 474 663 750 527 294 792 382 392 627 628 608 512 510 509 465 396 346 427 595 752 404 121 719 667 297 270 0 486 506 473 453 575 752 153 68 155 177 380 434 287 538 259 107 328 493 303 599 377 90 328 525 573 554 492 643 539 128 365 529 732 558 687 494 531 122 308 439 256 368 795 619 81 348 762 210 343 765 175 372 365 204 693 357 464 490 543 672 316 532 348 239 730 704 799 695 467 555 339 542 51 466 369 216 625 622 377 439 373 158 521 320 589 455 771 621 665 551 74 338 700 195 214 465 629 349 402 738 192 587 525 533 621 643 619 308 718 799 270 81 472 475 315 425 932 640 797 146 312 514 255 81 350 664 414 430 293 487 164 489 390 246 777 570 574 426 50 556 395 590 458 649 588 486 129
612 561 109 699 676 189 650 850 247 412 1011 760 518 191 93 426 550 879 755 265 115 866 769 605 695 793 233 722 486 0 960 27 896 432 1077 628 489 636 621 121 867 306 749 245 444 559 760 775 955 855 569 583 956 239 306 64 936 299 545 593 343 1033 850 1074 494 650 471 793 811 239 749 706 1046 547 750 1082 358 145 1168 449 161 154 585 931 271 875 810 95 770 189 592 829 670 977 875 769 729 47 117 327 876 510 207 141 470 390 753 109 296 552 626 78 806 177 249 883 785 536 67 452 811 747 344 544 621 766 597 888 848 619 818 894 722 961 650 650 717 1017 1180 556 405 753 851 697 60 864 497 1168 493 633 139 349 468 651 899 602 790 467 633 442 33 774 240 808 104 251 434 447 825 556 179 933 453 1007 288 373
640 888 971 744 897 936 340 794 774 673 238 626 829 920 956 779 627 319 223 801 1056 707 268 391 833 650 734 462 506 960 0 954 72 852 416 433 478 415 341 842 531 792 500 715 599 481 416 395 282 358 416 454 84 965 907 981 411 894 539 476 858 443 386 267 710 608 489 253 242 722 255 938 142 428 233 431 608 830 300 652 815 863 379 518 743 148 332 1033 684 772 668 195 509 523 614 888 762 930 999 694 311 511 867 824 679 942 625 858 794 529 348 1010 268 1013 835 721 585 892 1019 514 179 752 701 628 554 621 456 245 704 341 486 240 526 321 763 729 253 438 361 442 573 394 227 594 902 1015 887 375 602 377 944 631 568 388 508 515 268 550 568 521 972 239 726 812 1056 960 687 527 421 546 1015 108 931 141 844 591
626 584 83 716 697 215 650 867 260 423 1012 773 539 215 120 444 562 864 752 282 137 881 769 594 715 807 234 704 473 27 954 0 891 453 1082 613 480 621 614 123 847 281 757 241 427 563 766 759 958 839 558 587 953 265 330 42 942 322 527 598 364 1039 856 1074 510 662 466 782 811 232 748 729 1043 537 747 1087 357 130 1168 428 168 130 582 940 281 873 813 85 785 187 606 819 652 986 887 790 747 67 145 335 879 495 227 144 448 415 766 97 313 559 617 64 794 205 268 898 797 559 89 443 802 765 325 522 631 779 601 876 863 613 827 895 732 965 668 667 714 1023 1182 558 393 758 851 676 54 886 520 1170 474 634 165 351 452 654 908 610 791 472 644 439 17 773 230 827 102 277 447 437 832 564 207 924 477 1004 308 364
569 816 910 677 827 866 268 732 704 601 223 562 757 850 888 707 555 329 151 730 989 648 197 344 764 587 667 445 453 896 72 891 0 779 396 398 419 379 281 776 536 740 435 650 551 409 350 385 247 363 364 381 77 894 834 918 367 822 500 404 785 412 330 267 637 538 424 236 176 658 183 869 168 373 160 410 540 768 323 608 747 803 311 470 673 88 269 970 620 707 597 182 485 479 558 821 695 864 930 623 259 464 796 758 638 869 560 795 722 456 294 947 257 944 764 663 523 820 953 454 152 686 648 593 483 557 383 258 644 278 426 191 460 285 693 660 183 405 372 370 516 327 167 576 837 950 814 381 559 304 874 562 520 315 456 443 201 478 498 454 908 167 663 749 993 888 614 470 362 474 945 138 858 146 772 529
263 131 533 291 244 253 516 433 237 193 797 393 89 246 347 73 237 923 630 191 430 471 592 646 266 415 336 842 575 432 852 453 779 0 795 719 526 714 589 369 1007 613 442 380 617 371 495 859 722 919 608 398 810 227 136 495 648 138 696 376 89 736 581 853 148 309 471 799 628 399 597 277 880 578 620 794 365 448 955 668 324 505 511 601 243 720 576 523 381 363 231 806 815 647 510 337 316 386 355 239 637 624 226 354 709 102 387 431 163 323 624 509 823 317 190 485 433 108 433 502 771 337 582 754 324 401 396 897 453 570 507 686 408 711 237 249 606 720 940 420 514 503 661 885 420 434 72 919 681 475 300 320 620 465 573 345 601 321 322 421 465 615 432 386 519 214 169 525 543 307 316 875 80 835 146 457
532 766 1128 561 720 979 464 529 838 683 178 425 733 964 1037 739 566 725 415 841 1141 432 348 678 647 422 849 828 752 1077 416 1082 396 795 0 756 695 736 581 959 931 1021 353 853 860 519 319 775 158 759 681 496 334 985 902 1119 147 894 840 484 843 66 227 168 652 486 668 627 314 868 385 749 300 674 410 15 735 983 231 926 916 1034 552 216 810 325 273 1168 466 898 564 576 859 184 338 666 561 1035 1069 754 212 783 914 938 965 898 428 999 820 528 617 1146 650 1060 871 436 376 782 1119 718 541 541 933 939 479 416 480 653 439 561 288 232 387 131 605 576 449 78 175 533 786 324 281 955 1029 764 795 143 889 461 1006 732 832 433 233 481 321 610 476 670 1100 364 888 569 1182 975 675 746 257 528 1061 522 858 279 858 772
636 813 603 773 877 680 341 890 535 531 605 717 744 665 659 651 582 251 341 579 740 837 421 91 838 754 450 123 153 628 433 613 398 719 756 0 193 19 195 529 288 385 610 411 193 427 548 149 597 226 117 418 476 727 706 627 670 691 108 457 679 749 594 659 625 633 249 193 446 406 380 922 565 146 348 768 360 483 721 228 524 495 267 741 510 438 520 677 767 467 648 246 115 770 775 916 803 614 704 487 559 118 620 519 248 775 711 519 590 479 149 655 194 740 608 855 701 804 695 219 254 805 303 195 564 716 437 271 825 222 647 523 613 626 761 734 312 737 768 362 232 524 474 211 569 1051 781 773 174 374 666 403 163 415 714 510 446 417 586 298 628 396 393 882 705 727 562 202 603 503 742 360 795 544 638 283
460 621 492 597 689 504 232 725 351 338 578 560 552 489 500 457 401 415 298 392 592 684 347 128 656 599 278 316 68 489 478 480 419 526 695 193 0 189 137 375 482 331 470 248 169 260 427 336 545 402 88 260 488 547 518 503 581 503 194 297 488 671 495 639 435 464 58 311 385 250 313 735 581 60 298 704 171 352 721 239 358 384 142 628 323 420 429 556 605 307 468 341 294 665 637 735 629 464 545 296 483 116 440 361 282 583 554 383 400 306 136 533 327 572 423 703 553 611 551 36 322 634 240 282 397 561 281 409 670 144 521 471 465 564 579 555 259 657 751 202 97 407 422 377 429 869 588 747 214 246 498 212 147 284 598 346 373 230 420 105 497 337 249 711 580 546 370 52 491 329 574 444 602 547 449 116
625 806 613 762 868 682 325 876 535 525 586 703 737 667 664 645 572 243 323 578 747 822 402 77 828 740 452 132 155 636 415 621 379 714 736 19 189 0 179 534 295 399 594 414 205 415 532 148 578 221 108 405 456 728 704 636 652 690 125 444 676 730 576 639 617 620 243 177 427 411 362 913 546 138 329 748 358 491 702 243 528 505 253 723 509 419 502 686 753 471 638 229 131 753 759 905 792 620 709 485 540 126 621 524 265 772 697 526 588 468 132 664 180 744 607 841 686 798 702 217 235 793 315 214 551 702 423 259 810 206 630 504 598 607 750 723 293 718 749 349 236 507 455 227 576 1040 775 753 190 359 670 400 175 399 697 498 428 409 574 293 636 378 398 869 714 728 556 203 585 492 746 343 791 525 637 284
459 664 629 594 712 616 146 701 456 396 450 526 596 600 624 516 414 335 169 490 720 644 235 105 666 562 400 304 177 621 341 614 281 589 581 195 137 179 0 504 459 463 415 376 283 249 353 292 425 335 99 234 351 652 609 639 482 595 261 273 569 566 403 509 472 449 151 210 267 381 196 757 444 96 171 591 277 488 587 347 481 522 83 547 425 287 330 692 578 435 476 224 310 578 580 740 622 593 667 385 375 202 548 488 384 663 521 517 491 305 47 668 234 689 523 662 507 659 681 172 196 622 371 360 380 525 251 308 633 27 451 350 420 450 588 559 132 553 621 184 234 329 301 406 561 875 642 620 307 181 616 309 253 220 520 327 261 269 402 192 631 217 384 697 715 649 422 188 408 329 690 316 669 412 542 249
511 501 181 610 610 179 529 762 147 307 890 657 448 169 131 345 446 777 634 181 217 769 647 496 618 692 111 631 380 121 842 123 776 369 959 529 375 534 504 0 785 265 636 127 356 440 643 678 835 755 458 463 836 234 266 161 819 255 456 475 284 916 732 952 401 545 353 684 690 125 628 646 925 434 629 964 237 83 1047 376 50 136 465 819 163 754 690 209 673 69 494 716 584 865 770 697 642 89 175 215 756 411 152 21 406 355 650 61 212 436 511 187 698 217 179 786 678 478 177 338 696 658 272 473 510 663 478 780 751 500 705 772 611 841 565 560 597 900 1059 435 298 635 730 624 70 803 440 1048 413 512 146 228 376 531 787 488 669 348 524 321 140 653 136 724 224 241 333 338 709 442 219 818 409 886 224 259
917 1102 816 1052 1163 950 597 1159 814 820 758 982 1033 936 915 939 866 213 555 860 982 1097 643 370 1122 1018 722 165 434 867 531 847 536 1007 931 288 482 295 459 785 0 577 866 680 428 706 794 169 778 173 404 693 604 1000 987 851 881 973 329 732 964 942 819 797 913 908 538 308 654 671 603 1208 673 433 565 945 645 724 828 419 790 718 540 969 791 609 745 895 1036 731 931 355 201 990 1025 1197 1081 863 959 773 766 388 894 779 405 1060 978 761 873 760 413 876 282 1002 887 1115 960 1093 935 505 393 1081 522 328 839 981 710 286 1087 485 890 711 875 814 1044 1015 539 933 892 640 506 768 671 181 811 1333 1070 907 373 637 929 689 410 675 947 786 664 705 861 587 859 612 650 1156 926 1002 851 484 837 784 1004 425 1083 670 920 561
683 740 238 805 841 444 557 952 376 490 909 815 679 435 376 571 614 630 629 422 419 937 676 401 834 853 278 450 287 306 792 281 740 613 1021 385 331 399 463 265 577 0 756 239 195 535 732 515 874 598 376 548 813 499 528 277 899 515 282 575 535 993 811 970 600 705 352 575 715 218 644 881 906 368 629 1029 320 183 1051 164 298 151 469 930 372 749 750 318 846 249 675 623 392 971 913 916 839 316 415 398 809 282 414 272 172 616 808 217 450 559 445 300 579 469 432 956 823 720 370 303 619 850 91 249 650 819 568 657 921 474 817 802 740 892 769 756 590 978 1082 497 235 716 753 400 259 1035 685 1078 218 561 406 350 227 595 898 610 702 460 670 358 291 668 185 924 350 507 525 278 800 575 471 736 665 875 476 253
180 426 814 248 407 631 270 302 502 340 372 127 384 617 697 386 213 702 326 497 800 231 244 519 338 156 534 719 538 749 500 757 435 442 353 610 470 594 415 636 866 756 0 548 637 221 84 696 292 719 500 212 433 634 549 797 206 542 657 180 490 297 144 422 298 135 423 573 258 567 276 445 478 480 314 353 439 676 523 706 589 733 345 182 477 352 170 843 185 582 212 548 725 228 167 387 262 704 726 422 213 583 570 615 750 544 124 684 473 202 462 822 601 712 525 248 94 439 783 479 505 251 678 751 129 122 191 647 222 388 70 278 34 274 276 243 330 281 501 269 538 108 274 820 706 515 447 477 685 235 663 422 618 195 150 149 235 299 123 401 774 279 593 314 853 623 326 511 104 193 712 566 507 434 509 505
451 504 275 569 602 270 409 717 147 253 773 590 441 256 252 333 382 655 510 196 344 709 529 371 595 627 45 521 259 245 715 241 650 380 853 411 248 414 376 127 680 239 548 0 256 337 543 561 722 636 333 358 711 320 317 272 717 303 351 376 310 814 629 835 362 478 226 558 572 20 508 643 801 308 506 859 118 130 927 294 113 184 340 730 136 632 581 324 616 59 441 589 479 774 696 677 602 217 297 159 645 295 215 112 332 400 583 148 219 346 384 300 573 329 216 728 604 486 305 211 569 615 202 386 431 595 375 656 692 373 615 656 528 731 531 519 472 798 944 321 178 532 612 531 187 796 452 934 318 397 255 126 269 420 697 399 552 249 449 197 259 532 53 687 344 322 286 214 610 357 331 690 440 763 256 133
607 731 410 742 814 523 400 878 400 450 733 720 663 511 487 558 543 442 452 448 558 844 511 208 790 759 301 277 107 444 599 427 551 617 860 193 169 205 283 356 428 195 637 256 0 421 597 332 707 414 187 425 626 575 573 437 749 558 100 460 559 839 664 792 558 618 214 380 546 245 475 858 718 186 454 869 258 299 867 69 363 304 310 797 381 569 597 486 761 304 610 428 228 835 802 872 775 436 531 379 650 87 472 351 113 652 714 336 466 460 257 465 385 574 471 863 717 716 512 158 424 782 110 136 554 722 446 464 830 299 689 632 629 729 717 696 414 825 904 368 109 576 582 274 386 1001 686 903 63 416 501 301 31 454 767 505 538 371 576 244 441 497 222 859 515 578 485 125 661 481 576 541 685 690 508 163
210 423 610 347 463 479 145 466 326 194 462 300 359 464 524 298 165 579 258 339 629 424 230 337 416 339 331 546 328 559 481 563 409 371 519 427 260 415 249 440 706 535 221 337 421 0 205 541 399 584 309 28 446 498 430 600 380 419 453 40 378 477 293 524 234 206 207 449 271 354 228 508 523 284 249 524 222 467 622 490 398 521 166 396 296 356 251 649 345 379 226 446 540 439 383 491 376 518 560 240 317 376 411 419 534 460 294 481 325 56 293 627 475 561 372 443 295 422 603 263 407 378 457 542 138 301 38 541 410 224 282 344 209 403 338 310 236 461 626 65 319 195 308 630 509 627 411 611 473 104 499 213 405 101 364 86 245 91 160 181 581 249 377 455 663 491 205 295 272 80 562 506 450 479 372 284
243 496 815 330 486 661 207 385 519 365 303 211 448 646 718 433 258 623 245 522 822 308 161 458 419 238 535 652 493 760 416 766 350 495 319 548 427 532 353 643 794 732 84 543 597 205 0 624 226 642 445 186 350 670 590 804 176 581 605 168 532 273 91 357 347 203 386 496 174 560 195 526 400 427 234 322 427 673 459 666 599 727 292 200 491 268 88 852 269 583 276 468 663 239 231 471 346 717 750 435 142 535 596 621 709 596 209 685 502 209 399 830 524 743 553 325 175 506 800 441 424 336 650 702 171 206 168 566 301 327 98 199 111 216 354 320 254 257 446 235 505 26 191 759 713 599 510 427 639 181 688 418 575 142 170 163 150 295 175 374 783 196 582 398 865 661 360 473 67 210 743 482 566 356 543 479
751 947 742 886 1002 830 428 990 684 668 608 813 878 815 809 789 704 119 387 727 888 927 475 213 958 848 600 75 303 775 395 759 385 859 775 149 336 148 292 678 169 515 696 561 332 541 624 0 620 83 251 527 459 876 853 770 716 838 234 565 824 781 651 652 756 741 388 149 488 556 435 1047 537 281 397 789 506 629 695 350 674 637 374 801 657 450 577 819 867 617 767 203 135 824 855 1032 914 762 854 632 601 267 769 669 356 920 808 666 736 596 247 797 128 890 756 945 790 939 842 365 235 913 440 284 672 811 543 169 917 318 721 550 705 654 880 851 370 771 754 475 382 598 507 203 716 1168 918 765 296 468 816 548 306 506 778 619 497 548 694 438 773 444 542 988 848 877 698 351 668 620 892 297 937 527 785 432
468 718 997 534 696 876 318 546 726 582 80 400 673 861 924 658 484 576 258 736 1029 452 198 521 625 413 723 670 599 955 282 958 247 722 158 597 545 578 425 835 778 874 292 722 707 399 226 620 0 607 525 373 199 889 813 992 134 803 683 371 756 164 148 131 573 425 523 472 160 736 231 732 203 520 254 170 603 851 233 773 795 899 404 244 696 169 149 1043 453 770 500 423 701 242 354 663 543 916 960 640 85 628 809 814 810 822 401 870 718 422 460 1020 496 958 768 463 352 729 1002 571 386 528 784 782 397 393 362 505 453 407 248 75 326 38 567 535 293 157 226 400 638 219 124 796 903 779 736 212 733 324 898 606 679 304 241 383 172 490 401 531 975 209 752 575 1059 881 581 597 189 428 959 382 793 165 762 630
792 999 825 923 1047 903 458 1018 753 726 585 840 931 888 886 847 749 44 397 795 967 949 485 275 999 874 673 154 377 855 358 839 363 919 759 226 402 221 335 755 173 598 719 636 414 584 642 83 607 0 314 566 430 948 920 851 715 906 317 604 888 772 658 623 807 777 451 146 491 632 447 1092 499 344 408 773 574 709 656 433 750 718 419 807 726 438 585 901 896 693 810 184 215 826 872 1071 950 841 931 697 600 345 841 745 438 984 836 745 802 640 296 879 118 966 825 966 813 994 922 434 225 947 523 365 709 838 581 113 941 360 736 542 732 644 921 891 388 763 719 520 458 616 504 269 795 1206 975 733 379 501 891 614 387 536 787 657 504 601 730 501 854 452 620 1020 929 948 754 424 679 664 968 252 997 496 852 505
519 698 563 656 759 593 237 774 440 418 547 603 629 577 585 538 465 327 267 480 675 724 334 40 721 641 365 240 90 569 416 558 364 608 681 117 88 108 99 458 404 376 500 333 187 309 445 251 525 314 0 302 438 635 605 578 581 591 162 341 574 666 500 605 509 516 137 225 366 333 296 805 531 30 271 691 259 428 680 249 445 453 155 642 412 381 428 630 652 392 530 261 230 675 667 798 686 547 630 383 475 103 529 445 285 670 597 461 488 361 69 607 240 660 511 743 589 690 633 122 248 688 285 261 447 603 322 322 712 121 542 450 501 550 643 616 231 652 717 245 164 421 400 321 508 933 668 717 208 265 585 299 157 306 614 394 361 300 470 187 574 316 328 765 656 635 448 121 503 386 661 369 686 502 537 199
225 446 632 359 481 507 120 471 353 222 435 301 383 491 550 325 186 560 232 366 655 424 202 328 432 339 353 536 328 583 454 587 381 398 496 418 260 405 234 463 693 548 212 358 425 28 186 527 373 566 302 0 418 526 458 623 359 447 451 39 406 456 271 497 259 215 211 430 242 374 200 527 495 278 222 501 241 488 595 494 422 541 153 382 323 327 226 672 349 401 243 424 532 423 377 505 387 543 587 267 292 375 438 443 539 488 295 503 353 77 280 650 456 588 400 443 292 446 628 267 384 388 467 543 146 302 20 520 411 208 269 317 204 378 354 324 210 440 600 58 326 174 280 624 533 641 437 586 475 77 526 235 407 73 350 92 217 116 168 191 604 221 395 464 687 519 233 299 254 99 589 480 477 451 400 295
584 836 976 680 836 915 314 720 755 640 156 557 781 899 944 740 579 394 202 777 1046 632 218 420 770 578 725 521 525 956 84 953 77 810 334 476 488 456 351 836 604 813 433 711 626 446 350 459 199 430 438 418 0 940 876 982 329 864 577 434 824 359 310 193 665 549 488 311 184 720 218 877 93 445 207 349 598 832 245 684 805 870 371 437 724 90 263 1034 614 767 614 255 562 440 537 821 696 923 985 672 234 539 846 817 714 905 556 858 767 488 368 1011 330 995 811 644 514 842 1012 522 228 684 721 670 501 551 416 321 630 344 412 162 462 237 703 669 239 354 296 416 585 331 159 652 899 946 840 305 636 344 927 616 594 347 428 467 212 523 513 514 970 196 728 742 1055 934 650 540 347 503 996 188 888 69 816 595
467 343 348 517 459 55 627 660 197 307 958 608 316 65 145 254 420 963 743 164 207 695 729 675 492 635 277 840 573 239 965 265 894 227 985 727 547 728 652 234 1000 499 634 320 575 498 670 876 889 948 635 526 940 0 91 302 838 94 671 519 148 931 761 1018 340 511 506 854 769 330 722 483 1021 607 735 986 378 316 1118 605 213 360 590 807 227 851 740 317 603 272 438 876 799 853 726 557 543 201 136 271 805 613 107 231 638 157 602 285 173 468 674 308 873 90 130 710 644 316 219 514 848 564 503 700 506 616 533 954 678 640 703 841 602 886 464 473 711 915 1115 524 495 671 807 849 253 638 279 1097 636 596 100 343 589 599 777 508 744 417 510 461 271 744 354 613 307 13 310 525 728 462 89 964 223 978 127 443
378 258 412 425 374 119 566 569 173 235 883 518 225 115 216 165 335 931 683 126 294 604 661 645 402 544 272 824 554 306 907 330 834 136 902 706 518 704 609 266 987 528 549 317 573 430 590 853 813 920 605 458 876 91 0 370 754 14 662 447 59 846 679 942 252 423 471 816 700 332 658 401 953 576 674 902 347 350 1043 612 230 402 540 719 196 786 663 393 512 282 349 832 788 766 636 470 452 262 220 224 728 598 114 256 649 88 512 325 118 394 635 381 837 180 101 618 554 232 300 487 801 472 515 704 422 526 462 916 586 594 617 768 516 807 372 381 653 830 1037 464 481 593 736 847 305 558 193 1017 636 532 169 306 582 530 689 429 674 357 425 422 339 679 362 522 387 78 231 504 645 385 180 914 147 909 68 425
668 625 50 759 739 254 682 910 301 465 1045 814 581 255 157 487 604 878 782 324 149 923 802 613 757 848 269 713 492 64 981 42 918 495 1119 627 503 636 639 161 851 277 797 272 437 600 804 770 992 851 578 623 982 302 370 0 980 363 536 636 406 1077 893 1107 552 704 493 801 844 261 780 770 1073 559 778 1124 390 151 1200 432 208 133 611 980 322 904 849 52 827 222 648 840 658 1026 928 832 789 109 175 375 914 510 269 182 447 454 808 124 355 598 639 29 811 236 310 940 838 600 104 467 825 807 331 523 671 821 638 893 905 640 866 928 772 1000 711 709 743 1061 1216 592 414 795 884 676 91 928 561 1205 480 668 203 387 464 689 948 649 824 509 685 469 31 805 254 869 78 314 489 458 870 604 238 947 517 1035 350 389
385 624 991 426 587 832 349 418 694 537 208 289 588 818 892 592 418 687 332 695 996 323 249 586 514 293 711 758 643 936 411 942 367 648 147 670 581 652 482 819 881 899 206 717 749 380 176 716 134 715 581 359 329 838 754 980 0 747 743 344 695 97 88 241 504 340 547 572 228 734 290 620 336 569 324 148 601 848 334 818 775 901 439 110 667 281 153 1028 336 759 418 530 781 112 224 544 430 893 924 610 115 679 769 797 859 751 291 861 673 384 524 1006 599 913 725 332 240 639 975 600 489 412 813 842 332 280 342 620 326 459 143 176 240 98 466 435 358 81 300 402 666 185 210 878 889 653 651 274 785 337 861 594 725 304 109 336 223 470 329 542 959 275 755 451 1041 828 528 630 111 383 914 505 713 299 711 647
