106
0 816 312 824 570 907 624 643 188 745 170 395 840 752 416 718 656 436 1109 1082 720 1037 582 350 1033 655 341 829 464 825 1141 76 791 832 305 338 558 354 336 969 776 306 883 919 638 528 86 592 349 570 498 651 933 696 253 92 186 481 68 749 319 746 477 577 380 473 928 954 318 462 997 657 300 515 867 753 910 1075 196 953 801 805 521 1069 949 119 880 782 243 92 935 688 582 632 135 361 200 976 758 502 950 422 621 337 362 743
816 0 563 325 850 738 194 249 665 303 658 548 951 140 442 865 385 590 446 453 262 548 235 632 465 269 781 63 875 564 430 743 232 623 841 772 276 765 711 208 833 596 106 872 446 854 903 229 467 248 810 890 999 125 584 843 956 370 749 906 821 561 456 417 443 931 426 940 578 355 327 414 651 388 933 854 875 473 940 462 860 563 503 527 465 913 712 290 1024 739 595 464 723 403 939 870 640 611 465 733 520 785 196 566 548 250
312 563 0 514 410 628 373 350 125 436 234 384 640 469 307 517 548 159 801 772 417 725 348 112 721 355 242 592 369 523 838 261 490 538 287 233 286 233 176 683 547 38 608 672 327 388 388 334 174 320 342 484 725 459 239 301 404 331 264 557 271 448 165 486 227 414 616 720 27 255 693 345 99 208 652 538 666 763 384 641 576 503 481 756 636 376 598 474 472 219 630 378 352 534 404 326 113 670 448 297 639 282 383 335 55 441
824 325 514 0 635 420 329 211 639 80 707 705 666 201 581 603 650 448 288 258 120 255 377 524 214 185 653 389 701 249 333 764 95 310 728 645 315 632 592 259 550 530 262 562 225 656 902 325 525 351 619 652 699 359 661 814 908 529 769 639 701 269 351 650 534 760 124 630 515 454 193 191 564 309 639 581 567 252 883 159 574 252 715 262 159 888 396 51 973 732 269 205 498 659 917 736 624 288 168 540 202 624 360 695 471 107
570 850 410 635 0 441 697 600 445 591 601 792 273 717 716 157 947 281 889 845 609 718 697 298 770 582 228 899 126 465 952 571 675 431 276 232 604 218 254 884 238 376 849 387 420 47 595 659 582 659 73 81 366 785 636 492 506 731 569 181 255 394 409 891 635 166 670 403 383 641 824 456 327 473 306 202 374 820 471 674 254 446 892 773 666 539 424 626 542 504 563 429 137 936 562 232 461 601 478 121 631 149 721 740 376 630
907 738 628 420 441 0 680 542 731 437 862 966 305 602 852 314 1004 475 557 509 484 341 712 557 429 510 602 801 560 173 633 877 507 117 675 600 617 582 579 664 225 616 682 152 355 484 960 657 742 674 476 402 302 742 856 854 906 827 878 328 647 202 498 980 778 606 368 218 610 731 547 368 607 518 262 269 162 474 872 349 231 177 1021 404 341 919 30 448 955 820 185 308 345 1005 946 649 732 205 278 428 282 531 713 933 572 490
624 194 373 329 697 680 0 138 471 265 469 394 840 155 275 739 328 422 554 545 215 585 52 451 528 171 601 219 705 513 562 551 245 563 656 591 94 586 530 359 724 407 264 793 338 695 710 39 276 54 648 749 902 89 399 649 762 210 557 782 637 482 289 320 257 759 453 858 390 167 430 316 465 223 831 737 793 553 747 489 754 505 387 585 489 719 651 279 830 545 577 375 583 333 745 689 446 605 405 576 528 614 32 398 364 222
643 249 350 211 600 542 138 0 468 136 510 494 715 124 370 622 465 345 474 454 90 464 176 397 422 32 544 300 628 374 499 577 150 425 609 534 104 526 475 333 598 376 265 658 207 605 726 121 321 144 561 642 772 204 457 649 754 320 583 663 587 346 214 452 325 685 334 724 359 243 356 181 424 148 702 615 659 455 733 368 627 366 510 473 367 723 513 160 822 555 441 239 475 469 751 633 448 471 267 484 400 540 171 485 321 108
188 665 125 639 445 731 471 468 0 561 155 368 701 583 331 576 584 255 926 897 540 849 437 175 846 476 231 687 369 640 961 145 612 650 239 223 393 233 191 800 622 118 720 758 450 412 263 435 218 417 372 525 791 552 203 180 291 378 147 613 236 562 290 513 266 400 741 799 130 326 816 469 128 332 721 606 750 889 276 765 649 619 485 881 761 254 702 598 359 95 748 500 424 566 282 293 27 789 570 352 762 298 475 310 174 563
745 303 436 80 591 437 265 136 561 0 626 630 654 164 506 578 592 381 364 337 50 328 309 453 294 107 588 365 646 263 403 685 84 321 661 580 239 567 524 292 536 454 267 568 171 607 824 256 445 280 568 617 697 310 581 737 834 456 690 617 635 259 276 585 456 705 199 636 438 377 260 135 491 230 632 561 572 332 810 233 562 261 646 341 231 812 410 38 900 654 313 170 456 598 841 673 545 339 162 488 264 565 298 618 396 53
170 658 234 707 601 862 469 510 155 626 0 237 855 607 246 730 488 391 984 961 594 939 423 322 920 527 384 666 522 753 1008 94 660 772 381 377 415 388 346 823 771 250 732 903 550 567 255 440 194 416 528 681 944 535 83 233 346 312 102 767 383 680 383 410 216 548 820 947 253 302 866 561 279 402 873 757 895 958 348 849 799 734 362 963 845 285 833 660 409 132 857 603 573 465 305 437 141 897 670 505 857 454 462 177 289 615
395 548 384 705 792 966 394 494 368 630 237 0 1022 549 123 900 270 536 949 937 585 958 341 495 915 522 596 534 734 825 955 325 633 859 607 587 390 594 544 744 924 416 643 1037 617 766 471 384 226 357 722 868 1104 424 166 469 579 184 332 941 605 766 468 191 187 768 829 1091 410 252 824 615 466 450 1031 919 1032 944 583 863 953 810 126 967 861 514 935 654 638 369 915 669 734 245 529 661 344 950 725 682 889 655 372 60 428 600
840 951 640 666 273 305 840 715 701 654 855 1022 0 810 929 124 1134 485 853 806 689 644 855 535 726 688 499 1009 394 428 927 836 736 370 549 502 756 486 513 924 118 612 919 173 508 319 868 807 799 815 342 195 93 919 878 764 778 927 835 91 528 397 579 1090 848 417 649 151 615 831 826 537 575 629 49 105 159 773 742 638 91 418 1107 706 630 812 308 678 809 770 484 486 288 1128 835 504 713 509 498 349 576 418 869 975 594 704
752 140 469 201 717 602 155 124 583 164 607 549 810 0 430 726 454 469 399 391 121 447 208 522 380 135 669 201 751 428 408 683 106 486 734 659 193 651 600 217 692 498 140 733 307 725 837 171 413 197 682 754 858 160 545 764 872 365 689 766 711 421 339 463 404 809 316 800 480 315 274 274 548 273 792 714 736 401 853 353 719 425 537 439 355 838 575 158 941 667 468 323 588 465 865 757 562 489 326 604 403 664 180 552 444 111
416 442 307 581 716 852 275 370 331 506 246 123 929 430 0 810 253 446 828 815 461 835 222 420 791 398 541 437 674 706 837 341 510 743 568 532 266 535 481 631 826 344 531 931 500 696 501 262 133 235 650 787 1008 316 163 472 588 72 348 852 560 651 360 182 82 715 705 988 334 128 704 495 402 334 934 825 928 821 585 739 856 692 178 844 738 530 821 530 653 364 794 551 642 234 551 617 304 828 605 600 766 589 255 124 341 476
718 865 517 603 157 314 739 622 576 578 730 900 124 726 810 0 1022 364 823 776 607 629 749 411 697 597 377 921 284 388 892 711 662 339 432 379 651 363 388 861 90 488 845 233 419 205 749 704 679 710 221 93 216 821 754 644 664 812 710 42 409 336 467 975 728 316 609 245 491 717 778 451 450 522 150 48 220 746 628 604 98 372 988 688 596 694 305 606 700 646 468 407 167 1014 718 390 588 501 435 224 550 296 767 852 472 624
656 385 548 650 947 1004 328 465 584 592 488 270 1134 454 253 1022 0 667 830 832 541 902 292 657 833 498 789 345 918 840 816 582 559 888 819 779 388 781 725 593 1023 587 492 1108 653 931 736 347 377 330 884 1012 1204 295 406 720 835 217 589 1064 810 803 555 79 324 962 770 1170 575 306 708 636 647 506 1131 1029 1107 849 834 807 1053 830 160 893 809 773 974 602 898 613 905 696 856 27 791 867 557 932 732 826 852 830 295 322 572 546
436 590 159 448 281 475 422 345 255 381 391 536 485 469 446 364 667 0 732 697 380 619 417 87 634 335 206 633 285 392 781 401 454 396 280 198 328 186 144 663 389 141 608 513 228 273 498 383 314 380 226 345 568 511 398 396 473 452 403 406 253 311 134 614 364 341 527 561 137 360 640 257 136 202 495 382 506 681 444 545 418 370 624 659 539 467 447 420 535 346 502 268 197 657 496 292 256 544 338 160 530 195 443 491 109 404
1109 446 801 288 889 557 554 474 926 364 984 949 853 399 828 823 830 732 0 47 389 221 607 811 127 456 936 498 970 434 77 1047 324 486 1011 928 574 914 877 247 751 818 340 709 505 916 1189 566 795 593 885 889 859 543 931 1102 1196 765 1052 852 984 495 639 853 795 1028 218 772 802 708 125 475 852 594 815 789 719 83 1171 218 768 450 932 162 226 1176 546 327 1261 1018 371 473 753 846 1205 1016 910 354 413 808 277 899 579 949 759 368
1082 453 772 258 845 509 545 454 897 337 961 937 806 391 815 776 832 697 47 0 367 175 597 777 80 434 898 507 929 388 124 1022 306 439 974 891 557 877 841 264 704 787 349 661 469 873 1161 553 775 580 843 844 811 541 911 1071 1164 755 1027 805 947 451 609 850 779 987 175 724 772 693 125 440 819 567 767 743 671 37 1138 172 721 405 927 117 180 1146 498 301 1228 991 323 434 710 847 1175 977 882 306 372 767 229 860 571 935 729 347
720 262 417 120 609 484 215 90 540 50 594 585 689 121 461 607 541 380 389 367 0 374 260 446 332 67 586 322 655 311 421 657 74 367 657 578 195 567 520 282 571 438 240 612 191 621 802 207 408 232 580 641 736 260 545 718 819 409 663 647 632 300 263 535 415 713 243 679 422 334 276 156 480 208 670 594 614 366 796 278 598 307 597 382 278 793 457 69 886 630 364 202 476 548 822 673 522 390 207 500 313 570 247 576 381 24
1037 548 725 255 718 341 585 464 849 328 939 958 644 447 835 629 902 619 221 175 374 0 633 705 103 436 807 610 815 253 299 985 342 291 885 801 568 785 759 398 550 732 458 492 399 752 1109 581 768 607 727 705 642 607 902 1012 1093 784 989 654 856 330 561 905 783 871 132 553 719 706 255 380 752 537 603 591 502 138 1063 96 563 273 971 62 97 1085 335 307 1153 944 162 352 589 912 1114 878 839 136 281 657 90 757 615 945 675 363
582 235 348 377 697 712 52 176 437 309 423 341 855 208 222 749 292 417 607 597 260 633 0 436 579 208 583 249 695 548 615 508 296 595 634 573 99 570 513 410 741 385 313 818 362 690 669 55 233 39 643 753 920 115 351 612 726 157 515 792 617 511 288 276 209 747 501 881 368 120 483 344 444 227 848 751 817 605 713 537 770 538 338 635 537 681 682 326 795 506 618 404 589 294 706 671 412 647 440 575 573 603 38 346 347 270
350 632 112 524 298 557 451 397 175 453 322 495 535 522 420 411 657 87 811 777 446 705 436 0 717 393 149 669 262 479 856 320 521 482 212 139 359 134 79 726 449 78 662 583 310 276 411 412 286 403 230 372 623 541 343 309 389 440 322 450 189 398 184 598 339 311 609 625 85 357 713 337 50 248 551 436 575 763 361 629 477 458 594 744 623 380 529 492 451 262 590 353 251 644 409 238 181 631 423 188 616 172 467 444 89 470
1033 465 721 214 770 429 528 422 846 294 920 915 726 380 791 697 833 634 127 80 332 103 579 717 0 398 833 524 857 309 203 975 282 359 909 826 527 811 778 299 624 733 368 582 407 799 1109 531 739 558 770 766 732 538 875 1016 1105 735 980 726 882 375 556 843 747 914 107 646 718 665 154 380 761 520 687 663 591 49 1078 95 640 327 915 63 103 1091 418 263 1168 940 244 368 635 845 1120 909 833 228 302 695 149 791 557 908 674 315
655 269 355 185 582 510 171 32 476 107 527 522 688 135 398 597 498 335 456 434 67 436 208 393 398 0 538 323 616 342 485 591 136 393 606 529 132 519 470 332 571 379 273 627 180 589 737 153 341 176 546 621 743 234 477 656 759 350 596 639 582 314 209 484 349 674 307 693 362 270 341 152 424 148 674 589 629 433 737 340 599 334 541 447 339 730 481 135 826 566 409 209 454 502 759 626 458 439 234 468 369 529 204 510 322 88
341 781 242 653 228 602 601 544 231 588 384 596 499 669 541 377 789 206 936 898 586 807 583 149 833 538 0 818 138 564 986 344 660 552 77 9 508 22 70 869 442 203 809 589 430 188 372 561 411 552 156 310 592 690 432 266 303 573 342 407 49 482 329 723 465 174 726 618 218 497 846 462 143 396 527 415 579 881 269 741 465 542 707 852 734 321 579 627 354 277 674 465 259 773 347 89 252 716 531 175 717 81 616 539 236 610
829 63 592 389 899 801 219 300 687 365 666 534 1009 201 437 921 345 633 498 507 322 610 249 669 524 323 818 0 918 628 474 754 296 686 875 809 310 803 748 252 891 627 158 934 502 901 916 258 481 272 856 943 1059 134 589 862 976 364 761 962 856 622 498 386 450 973 489 1002 610 367 382 471 684 430 992 911 937 530 963 524 919 626 475 587 528 931 775 354 1045 756 659 523 775 365 956 907 662 675 527 781 583 827 211 558 583 312
464 875 369 701 126 560 705 628 369 646 522 734 394 751 674 284 918 285 970 929 655 815 695 262 857 616 138 918 0 563 1028 477 726 537 161 146 611 139 193 937 364 331 889 514 477 79 480 665 542 660 88 199 488 794 571 380 383 701 474 304 145 486 419 855 596 58 753 529 343 620 894 512 272 487 430 329 501 906 347 762 381 542 843 867 755 420 541 683 416 410 667 498 227 904 442 110 390 707 556 162 726 91 724 677 351 677
825 564 523 249 465 173 513 374 640 263 753 825 428 428 706 388 840 392 434 388 311 253 548 479 309 342 564 628 563 0 504 783 334 61 641 559 457 542 522 501 319 521 511 313 209 499 890 493 609 512 475 457 453 570 733 788 859 673 786 418 613 82 371 821 638 618 222 381 511 581 397 211 528 374 396 356 318 359 827 215 339 21 868 307 208 858 148 274 916 734 111 155 336 842 887 630 635 152 107 406 166 508 546 798 468 317
1141 430 838 333 952 633 562 499 961 403 1008 955 927 408 837 892 816 781 77 124 421 299 615 856 203 485 986 474 1028 504 0 1076 349 558 1061 979 594 965 925 222 823 857 323 785 557 977 1223 579 816 605 944 957 935 538 950 1139 1238 771 1082 923 1034 561 680 845 811 1087 284 849 841 722 144 524 895 629 890 861 795 161 1214 290 841 519 928 240 297 1214 621 365 1304 1051 447 530 815 833 1243 1069 943 431 474 866 351 955 583 960 799 398
76 743 261 764 571 877 551 577 145 685 94 325 836 683 341 711 582 401 1047 1022 657 985 508 320 975 591 344 754 477 783 1076 0 727 795 324 339 489 353 323 900 763 263 812 901 588 532 162 520 275 497 498 652 927 621 178 144 254 405 7 746 332 706 424 504 305 495 872 940 272 388 933 605 271 455 859 743 893 1016 258 899 789 763 452 1014 895 191 848 720 315 66 891 640 565 559 210 381 148 932 709 490 900 421 547 266 314 680
791 232 490 95 675 507 245 150 612 84 660 633 736 106 510 662 559 454 324 306 74 342 296 521 282 136 660 296 726 334 349 727 0 393 731 652 251 641 595 211 618 513 183 644 254 689 873 249 471 276 649 702 776 266 607 792 893 452 732 701 706 339 338 563 472 784 211 712 496 387 205 218 555 282 713 645 648 310 871 248 644 334 633 339 249 866 482 59 960 702 364 254 540 569 895 747 594 383 239 569 297 643 275 629 455 50
832 623 538 310 431 117 563 425 650 321 772 859 370 486 743 339 888 396 486 439 367 291 595 482 359 393 552 686 537 61 558 795 393 0 628 548 502 531 517 562 265 532 572 252 243 468 892 541 639 559 449 414 392 624 758 788 852 714 797 366 600 93 397 865 672 590 278 320 524 620 456 253 533 409 337 304 257 408 820 268 282 60 909 349 260 857 89 334 907 742 132 193 310 889 885 612 647 170 160 386 211 490 596 829 483 374
305 841 287 728 276 675 656 609 239 661 381 607 549 734 568 432 819 280 1011 974 657 885 634 212 909 606 77 875 161 641 1061 324 731 628 0 83 566 99 136 938 504 249 875 653 506 230 320 617 444 605 211 355 643 744 441 219 234 607 320 458 28 559 396 750 496 170 802 676 266 540 920 537 191 461 582 473 642 957 199 818 524 619 725 929 811 262 652 700 280 259 751 541 330 802 286 57 265 793 608 246 794 144 668 548 293 681
338 772 233 645 232 600 591 534 223 580 377 587 502 659 532 379 779 198 928 891 578 801 573 139 826 529 9 809 146 559 979 339 652 548 83 0 498 17 60 860 443 194 800 590 423 193 371 551 402 542 160 314 595 680 424 265 306 563 337 411 55 477 320 714 455 183 719 619 208 487 838 454 133 386 529 417 579 874 272 734 466 537 699 846 728 321 576 618 358 272 670 458 257 764 348 98 244 711 525 174 711 83 606 531 226 602
558 276 286 315 604 617 94 104 393 239 415 390 756 193 266 651 388 328 574 557 195 568 99 359 527 132 508 310 611 457 594 489 251 502 566 498 0 493 438 411 641 319 326 720 265 601 643 55 222 59 554 657 821 183 356 574 684 219 495 694 546 415 195 363 221 665 438 783 302 138 453 249 375 131 749 652 719 559 667 472 671 446 413 578 471 646 587 264 753 474 535 309 492 387 673 597 371 567 351 483 500 519 116 380 273 212
354 765 233 632 218 582 586 526 233 567 388 594 486 651 535 363 781 186 914 877 567 785 570 134 811 519 22 803 139 542 965 353 641 531 99 17 493 0 56 849 425 194 791 572 409 180 388 546 404 538 145 299 579 675 432 282 324 564 351 395 71 460 311 717 458 181 704 602 208 487 825 440 134 378 513 400 562 859 290 719 449 520 704 830 712 339 558 606 375 286 653 443 240 766 366 107 252 694 509 156 695 68 601 538 222 590
336 711 176 592 254 579 530 475 191 524 346 544 513 600 481 388 725 144 877 841 520 759 513 79 778 470 70 748 193 522 925 323 595 517 136 60 438 56 0 802 441 138 740 583 372 223 382 491 349 482 181 334 604 619 384 275 336 508 322 423 112 440 261 662 402 237 671 619 151 430 784 402 79 326 535 420 574 825 305 688 466 500 651 801 682 340 553 563 394 258 633 410 246 710 369 159 207 675 479 167 668 110 545 489 166 544
969 208 683 259 884 664 359 333 800 292 823 744 924 217 631 861 593 663 247 264 282 398 410 726 299 332 869 252 937 501 222 900 211 562 938 860 411 849 802 0 810 710 102 812 464 900 1054 383 629 409 860 907 954 321 758 981 1087 562 906 898 914 529 542 624 616 995 303 881 692 526 145 428 756 480 896 840 819 292 1067 332 833 508 709 361 338 1055 644 258 1155 884 492 458 748 611 1082 956 779 495 427 780 400 853 375 756 654 259
776 833 547 550 238 225 724 598 622 536 771 924 118 692 826 90 1023 389 751 704 571 550 741 449 624 571 442 891 364 319 823 763 618 265 504 443 641 425 441 810 0 523 802 149 390 285 814 692 699 701 292 183 182 802 787 708 738 820 762 104 479 281 470 982 745 402 541 177 523 723 716 419 494 517 109 43 137 672 702 533 30 307 1003 610 525 763 219 560 778 699 388 368 198 1017 789 467 631 418 382 274 475 362 754 880 498 586
306 596 38 530 376 616 407 376 118 454 250 416 612 498 344 488 587 141 818 787 438 732 385 78 733 379 203 627 331 521 857 263 513 532 249 194 319 194 138 710 523 0 638 652 332 352 376 368 211 356 306 451 698 495 266 283 380 370 265 527 233 443 178 524 265 375 627 698 17 294 713 354 60 230 626 512 645 777 358 650 551 500 517 766 645 358 587 492 447 213 630 382 326 573 387 288 115 671 452 266 645 244 419 365 58 462
883 106 608 262 849 682 264 265 720 267 732 643 919 140 531 845 492 608 340 349 240 458 313 662 368 273 809 158 889 511 323 812 183 572 875 800 326 791 740 102 802 638 0 824 431 860 969 292 538 316 817 881 959 219 664 901 1010 461 818 884 852 523 479 522 521 947 343 892 620 431 223 396 688 414 896 828 829 371 992 378 828 514 606 431 382 973 659 242 1079 801 524 437 717 510 1000 898 698 535 422 738 441 802 277 656 585 220
919 872 672 562 387 152 793 658 758 568 903 1037 173 733 931 233 1108 513 709 661 612 492 818 583 582 627 589 934 514 313 785 901 644 252 653 590 720 572 583 812 149 652 824 0 455 434 961 765 811 779 442 326 150 862 910 854 887 916 901 229 628 313 571 1075 853 550 519 68 650 819 699 477 630 606 124 186 14 626 852 501 134 310 1106 554 493 911 168 584 928 839 338 418 337 1106 937 616 764 356 406 418 434 510 824 997 620 621
638 446 327 225 420 355 338 207 450 171 550 617 508 307 500 419 653 228 505 469 191 399 362 310 407 180 430 502 477 209 557 588 254 243 506 423 265 409 372 464 390 332 431 455 0 436 709 309 400 323 397 450 564 412 525 613 699 472 592 460 479 152 166 625 430 536 299 519 320 377 418 35 355 166 494 409 455 453 671 319 419 192 666 434 314 686 324 207 761 545 308 53 286 652 716 511 441 347 121 317 312 399 369 589 276 210
528 854 388 656 47 484 695 605 412 607 567 766 319 725 696 205 931 273 916 873 621 752 690 276 799 589 188 901 79 499 977 532 689 468 230 193 601 180 223 900 285 352 860 434 436 0 550 656 562 654 47 124 412 783 607 448 459 714 530 228 210 424 405 873 615 122 698 451 361 627 846 471 299 472 353 250 422 849 423 704 301 478 869 805 696 493 467 643 495 465 600 450 163 919 516 185 429 639 503 121 664 113 716 712 359 643
86 903 388 902 595 960 710 726 263 824 255 471 868 837 501 749 736 498 1189 1161 802 1109 669 411 1109 737 372 916 480 890 1223 162 873 892 320 371 643 388 382 1054 814 376 969 961 709 550 0 678 435 656 527 675 962 783 338 106 134 567 155 777 340 809 553 657 467 478 1003 990 390 549 1078 731 361 594 899 788 951 1152 158 1027 837 869 596 1143 1022 67 934 861 175 171 1000 758 626 712 64 371 279 1042 828 543 1021 453 707 415 434 825
592 229 334 325 659 657 39 121 435 256 440 384 807 171 262 704 347 383 566 553 207 581 55 412 531 153 561 258 665 493 579 520 249 541 617 551 55 546 491 383 692 368 292 765 309 656 678 0 246 27 609 712 871 129 374 614 726 203 526 747 598 457 250 331 233 719 450 829 351 144 442 290 426 186 799 704 765 559 710 485 722 483 390 585 485 685 628 274 794 511 563 350 546 349 711 649 411 593 385 538 520 574 62 383 325 218
349 467 174 525 582 742 276 321 218 445 194 226 799 413 133 679 377 314 795 775 408 768 233 286 739 341 411 481 542 609 816 275 471 639 444 402 222 404 349 629 699 211 538 811 400 562 435 246 0 222 516 654 880 347 136 383 499 163 282 721 433 546 244 313 53 585 643 865 201 114 675 403 270 236 807 695 806 775 489 674 729 592 310 786 672 450 712 476 566 275 705 453 512 362 474 490 190 742 514 466 691 456 272 190 208 428
570 248 320 351 659 674 54 144 417 280 416 357 815 197 235 710 330 380 593 580 232 607 39 403 558 176 552 272 660 512 605 497 276 559 605 542 59 538 482 409 701 356 316 779 323 654 656 27 222 0 607 714 881 138 349 594 707 177 504 753 587 473 250 309 207 713 475 842 339 117 470 306 414 189 809 712 778 586 693 511 731 501 366 612 510 665 644 300 776 490 585 366 550 330 691 640 392 615 405 538 544 569 63 356 315 244
498 810 342 619 73 476 648 561 372 568 528 722 342 682 650 221 884 226 885 843 580 727 643 230 770 546 156 856 88 475 944 498 649 449 211 160 554 145 181 860 292 306 817 442 397 47 527 609 516 607 0 154 435 737 565 422 445 668 496 251 187 398 359 827 569 143 667 465 315 580 811 432 256 426 372 262 430 820 409 675 312 454 824 779 668 473 457 604 486 431 579 415 139 872 497 175 389 619 471 79 639 76 670 669 312 602
651 890 484 652 81 402 749 642 525 617 681 868 195 754 787 93 1012 345 889 844 641 705 753 372 766 621 310 943 199 457 957 652 702 414 355 314 657 299 334 907 183 451 881 326 450 124 675 712 654 714 154 0 288 835 714 572 582 798 651 105 335 395 464 959 705 226 672 333 457 706 835 484 405 526 232 141 312 816 547 672 191 439 964 763 664 617 391 649 615 586 546 449 167 1002 640 308 541 581 488 187 622 231 774 816 446 660
933 999 725 699 366 302 902 772 791 697 944 1104 93 858 1008 216 1204 568 859 811 736 642 920 623 732 743 592 1059 488 453 935 927 776 392 643 595 821 579 604 954 182 698 959 150 564 412 962 871 880 881 435 288 0 977 964 858 871 1002 926 185 622 437 653 1164 927 509 666 95 700 905 845 591 664 698 73 186 140 776 835 650 152 446 1185 704 642 905 315 717 902 862 488 536 372 1199 929 597 802 506 536 438 584 511 932 1059 677 749
696 125 459 359 785 742 89 204 552 310 535 424 919 160 316 821 295 511 543 541 260 607 115 541 538 234 690 134 794 570 538 621 266 624 744 680 183 675 619 321 802 495 219 862 412 783 783 129 347 138 737 835 977 0 460 727 842 244 628 864 726 549 378 309 319 848 477 928 478 233 419 386 553 311 907 818 863 555 828 514 831 564 389 598 515 796 713 313 910 621 622 444 668 307 821 778 527 646 464 665 562 703 77 440 453 259
253 584 239 661 636 856 399 457 203 581 83 166 878 545 163 754 406 398 931 911 545 902 351 343 875 477 432 589 571 733 950 178 607 758 441 424 356 432 384 758 787 266 664 910 525 607 338 374 136 349 565 714 964 460 0 314 429 230 185 793 439 665 362 328 142 603 779 959 263 232 810 532 309 366 892 777 904 911 428 809 816 715 287 921 807 369 826 612 492 209 833 579 591 383 388 495 180 871 643 531 824 495 389 107 290 564
92 843 301 814 492 854 649 649 180 737 233 469 764 764 472 644 720 396 1102 1071 718 1012 612 309 1016 656 266 862 380 788 1139 144 792 788 219 265 574 282 275 981 708 283 901 854 613 448 106 614 383 594 422 572 858 727 314 0 116 531 137 673 237 707 462 643 423 384 910 884 299 496 995 636 260 510 794 682 844 1061 114 932 731 766 595 1048 927 74 828 775 183 109 899 660 519 698 103 273 203 940 730 436 923 347 650 409 342 742
186 956 404 908 506 906 762 754 291 834 346 579 778 872 588 664 835 473 1196 1164 819 1093 726 389 1105 759 303 976 383 859 1238 254 893 852 234 306 684 324 336 1087 738 380 1010 887 699 459 134 726 499 707 445 582 871 842 429 116 0 648 246 687 260 777 558 757 540 369 998 909 397 612 1094 725 345 611 813 707 876 1151 35 1018 758 837 706 1133 1012 70 882 873 68 225 970 742 562 812 72 274 315 1012 812 478 1003 378 765 520 438 843
481 370 331 529 731 827 210 320 378 456 312 184 927 365 72 812 217 452 765 755 409 784 157 440 735 350 573 364 701 673 771 405 452 714 607 563 219 564 508 562 820 370 461 916 472 714 567 203 163 177 668 798 1002 244 230 531 648 0 413 855 596 624 349 162 112 746 653 975 357 97 640 462 430 310 929 822 914 762 642 688 850 660 194 789 687 593 796 477 714 422 754 521 645 205 614 653 350 787 569 611 719 612 187 196 355 422
68 749 264 769 569 878 557 583 147 690 102 332 835 689 348 710 589 403 1052 1027 663 989 515 322 980 596 342 761 474 786 1082 7 732 797 320 337 495 351 322 906 762 265 818 901 592 530 155 526 282 504 496 651 926 628 185 137 246 413 0 744 329 709 428 511 312 491 877 940 275 394 938 609 272 460 858 743 893 1021 251 903 788 766 459 1018 899 183 850 725 308 64 894 643 565 566 202 378 151 935 713 489 904 420 554 273 318 685
749 906 557 639 181 328 782 663 613 617 767 941 91 766 852 42 1064 406 852 805 647 654 792 450 726 639 407 962 304 418 923 746 701 366 458 411 694 395 423 898 104 527 884 229 460 228 777 747 721 753 251 105 185 864 793 673 687 855 744 0 436 371 510 1017 770 330 640 229 531 760 812 492 488 564 127 62 215 774 651 633 99 404 1030 714 626 720 324 645 720 680 492 447 209 1057 744 413 626 523 471 262 577 327 809 892 513 664
319 821 271 701 255 647 637 587 236 635 383 605 528 711 560 409 810 253 984 947 632 856 617 189 882 582 49 856 145 613 1034 332 706 600 28 55 546 71 112 914 479 233 852 628 479 210 340 598 433 587 187 335 622 726 439 237 260 596 329 436 0 531 373 742 486 165 775 653 249 526 893 510 173 438 559 450 617 930 225 790 500 591 721 901 783 285 624 674 308 266 723 514 302 793 309 57 260 764 580 219 766 117 651 547 273 656
746 561 448 269 394 202 482 346 562 259 680 766 397 421 651 336 803 311 495 451 300 330 511 398 375 314 482 622 486 82 561 706 339 93 559 477 415 460 440 529 281 443 523 313 152 424 809 457 546 473 398 395 437 549 665 707 777 624 709 371 531 0 303 777 579 542 278 380 434 529 442 166 448 317 373 311 315 425 745 280 305 60 818 381 272 777 172 281 834 655 193 107 261 803 806 549 558 234 101 327 240 428 514 736 393 311
477 456 165 351 409 498 289 214 290 276 383 468 579 339 360 467 555 134 639 609 263 561 288 184 556 209 329 498 419 371 680 424 338 397 396 320 195 311 261 542 470 178 479 571 166 405 553 250 244 250 359 464 653 378 362 462 558 349 428 510 373 303 0 511 282 475 451 628 163 252 535 180 216 68 579 474 567 599 534 475 500 353 535 591 471 537 468 314 624 384 474 220 302 548 566 418 278 513 287 287 476 329 312 434 119 287
577 417 486 650 891 980 320 452 513 585 410 191 1090 463 182 975 79 614 853 850 535 905 276 598 843 484 723 386 855 821 845 504 563 865 750 714 363 717 662 624 982 524 522 1075 625 873 657 331 313 309 827 959 1164 309 328 643 757 162 511 1017 742 777 511 0 259 897 773 1135 513 259 728 612 583 469 1091 985 1073 863 757 809 1012 809 91 902 810 695 950 599 819 537 894 672 808 55 712 799 486 923 714 772 849 769 289 242 515 543
380 443 227 534 635 778 257 325 266 456 216 187 848 404 82 728 324 364 795 779 415 783 209 339 747 349 465 450 596 638 811 305 472 672 496 455 221 458 402 616 745 265 521 853 430 615 467 233 53 207 569 705 927 319 142 423 540 112 312 770 486 579 282 259 0 639 655 909 254 90 673 429 323 263 853 743 849 780 532 688 775 623 259 797 686 487 748 484 607 314 730 482 561 308 510 543 238 766 540 518 709 509 247 162 259 433
473 931 414 760 166 606 759 685 400 705 548 768 417 809 715 316 962 341 1028 987 713 871 747 311 914 674 174 973 58 618 1087 495 784 590 170 183 665 181 237 995 402 375 947 550 536 122 478 719 585 713 143 226 509 848 603 384 369 746 491 330 165 542 475 897 639 0 811 559 389 668 952 570 315 543 457 363 537 964 334 819 415 597 881 923 812 415 590 742 394 429 721 557 281 947 434 113 423 760 614 220 782 145 777 710 400 736
928 426 616 124 670 368 453 334 741 199 820 829 649 316 705 609 770 527 218 175 243 132 501 609 107 307 726 489 753 222 284 872 211 278 802 719 438 704 671 303 541 627 343 519 299 698 1003 450 643 475 667 672 666 477 779 910 998 653 877 640 775 278 451 773 655 811 0 586 613 577 179 273 654 418 615 578 527 154 971 37 561 236 839 142 39 984 351 175 1061 835 189 261 535 780 1013 803 728 193 197 591 98 685 483 817 568 231
954 940 720 630 403 218 858 724 799 636 947 1091 151 800 988 245 1170 561 772 724 679 553 881 625 646 693 618 1002 529 381 849 940 712 320 676 619 783 602 619 881 177 698 892 68 519 451 990 829 865 842 465 333 95 928 959 884 909 975 940 229 653 380 628 1135 909 559 586 0 697 878 766 542 671 666 104 203 64 689 873 567 153 378 1164 615 560 938 236 653 946 877 403 484 375 1167 963 636 807 418 474 451 500 537 889 1049 669 689
318 578 27 515 383 610 390 359 130 438 253 410 615 480 334 491 575 137 802 772 422 719 368 85 718 362 218 610 343 511 841 272 496 524 266 208 302 208 151 692 523 17 620 650 320 361 390 351 201 339 315 457 700 478 263 299 397 357 275 531 249 434 163 513 254 389 613 697 0 279 697 340 76 213 628 513 643 762 375 636 552 491 509 752 632 373 581 476 464 225 619 370 327 561 402 303 123 660 440 271 632 255 402 361 44 446
462 355 255 454 641 731 167 243 326 377 302 252 831 315 128 717 306 360 708 693 334 706 120 357 665 270 497 367 620 581 722 388 387 620 540 487 138 487 430 526 723 294 431 819 377 627 549 144 114 117 580 706 905 233 232 496 612 97 394 760 526 529 252 259 90 668 577 878 279 0 585 369 354 214 832 726 816 696 601 611 753 567 289 717 609 564 701 403 680 389 666 427 550 297 588 581 300 700 478 520 637 530 159 242 269 350
997 327 693 193 824 547 430 356 816 260 866 824 826 274 704 778 708 640 125 125 276 255 483 713 154 341 846 382 894 397 144 933 205 456 920 838 453 825 784 145 716 713 223 699 418 846 1078 442 675 470 811 835 845 419 810 995 1094 640 938 812 893 442 535 728 673 952 179 766 697 585 0 385 751 485 793 751 707 148 1070 201 737 409 807 215 208 1069 531 221 1160 907 366 396 687 723 1098 929 799 363 348 732 270 817 454 826 655 253
657 414 345 191 456 368 316 181 469 135 561 615 537 274 495 451 636 257 475 440 156 380 344 337 380 152 462 471 512 211 524 605 218 253 537 454 249 440 402 428 419 354 396 477 35 471 731 290 403 306 432 484 591 386 532 636 725 462 609 492 510 166 180 612 429 570 273 542 340 369 385 0 380 166 522 440 477 426 698 296 448 198 657 412 291 710 338 171 788 564 302 59 321 637 739 544 458 339 111 352 296 433 348 590 296 175
300 651 99 564 327 607 465 424 128 491 279 466 575 548 402 450 647 136 852 819 480 752 444 50 761 424 143 684 272 528 895 271 555 533 191 133 375 134 79 756 494 60 688 630 355 299 361 426 270 414 256 405 664 553 309 260 345 430 272 488 173 448 216 583 323 315 654 671 76 354 751 380 0 276 594 478 622 806 318 674 521 507 572 789 669 332 580 530 409 212 639 400 295 632 361 227 138 681 470 226 663 188 478 413 103 504
515 388 208 309 473 518 223 148 332 230 402 450 629 273 334 522 506 202 594 567 208 537 227 248 520 148 396 430 487 374 629 455 282 409 461 386 131 378 326 480 517 230 414 606 166 472 594 186 236 189 426 526 698 311 366 510 611 310 460 564 438 317 68 469 263 543 418 666 213 214 485 166 276 0 625 525 603 560 589 447 547 359 503 561 443 584 487 267 678 423 469 219 361 501 613 485 315 506 278 353 457 397 248 424 174 232
867 933 652 639 306 262 831 702 721 632 873 1031 49 792 934 150 1131 495 815 767 670 603 848 551 687 674 527 992 430 396 890 859 713 337 582 529 749 513 535 896 109 626 896 124 494 353 899 799 807 809 372 232 73 907 892 794 813 929 858 127 559 373 579 1091 853 457 615 104 628 832 793 522 594 625 0 115 110 734 777 601 78 388 1112 665 593 844 268 654 847 793 444 468 300 1126 868 539 732 467 474 369 538 446 861 986 604 683
753 854 538 581 202 269 737 615 606 561 757 919 105 714 825 48 1029 382 789 743 594 591 751 436 663 589 415 911 329 356 861 743 645 304 473 417 652 400 420 840 43 512 828 186 409 250 788 704 695 712 262 141 186 818 777 682 707 822 743 62 450 311 474 985 743 363 578 203 513 726 751 440 478 525 115 0 173 712 671 571 51 342 1003 651 563 735 262 588 744 679 429 392 185 1023 759 434 616 460 412 253 515 334 766 873 491 610
910 875 666 567 374 162 793 659 750 572 895 1032 159 736 928 220 1107 506 719 671 614 502 817 575 591 629 579 937 501 318 795 893 648 257 642 579 719 562 574 819 137 645 829 14 455 422 951 765 806 778 430 312 140 863 904 844 876 914 893 215 617 315 567 1073 849 537 527 64 643 816 707 477 622 603 110 173 0 636 840 510 121 314 1103 565 502 900 176 589 916 830 347 419 328 1104 926 605 757 366 410 408 444 499 825 992 613 625
1075 473 763 252 820 474 553 455 889 332 958 944 773 401 821 746 849 681 83 37 366 138 605 763 49 433 881 530 906 359 161 1016 310 408 957 874 559 859 825 292 672 777 371 626 453 849 1152 559 775 586 820 816 776 555 911 1061 1151 762 1021 774 930 425 599 863 780 964 154 689 762 696 148 426 806 560 734 712 636 0 1124 145 688 376 938 80 153 1135 465 298 1215 982 289 416 685 862 1164 958 874 270 351 745 197 840 580 939 718 347
196 940 384 883 471 872 747 733 276 810 348 583 742 853 585 628 834 444 1171 1138 796 1063 713 361 1078 737 269 963 347 827 1214 258 871 820 199 272 667 290 305 1067 702 358 992 852 671 423 158 710 489 693 409 547 835 828 428 114 35 642 251 651 225 745 534 757 532 334 971 873 375 601 1070 698 318 589 777 671 840 1124 0 990 722 806 709 1104 984 91 848 848 90 221 938 713 528 812 102 238 301 980 782 444 973 343 751 524 415 820
953 462 641 159 674 349 489 368 765 233 849 863 638 353 739 604 807 545 218 172 278 96 537 629 95 340 741 524 762 215 290 899 248 268 818 734 472 719 688 332 533 650 378 501 319 704 1027 485 674 511 675 672 650 514 809 932 1018 688 903 633 790 280 475 809 688 819 37 567 636 611 201 296 674 447 601 571 510 145 990 0 551 232 875 115 7 1006 334 210 1080 860 165 277 540 817 1035 816 754 163 209 600 69 697 520 850 592 267
801 860 576 574 254 231 754 627 649 562 799 953 91 719 856 98 1053 418 768 721 598 563 770 477 640 599 465 919 381 339 841 789 644 282 524 466 671 449 466 833 30 551 828 134 419 301 837 722 729 731 312 191 152 831 816 731 758 850 788 99 500 305 500 1012 775 415 561 153 552 753 737 448 521 547 78 51 121 688 722 551 0 328 1033 624 543 785 229 586 796 725 401 395 226 1048 810 485 659 430 407 299 491 384 783 909 527 612
805 563 503 252 446 177 505 366 619 261 734 810 418 425 692 372 830 370 450 405 307 273 538 458 327 334 542 626 542 21 519 763 334 60 619 537 446 520 500 508 307 500 514 310 192 478 869 483 592 501 454 439 446 564 715 766 837 660 766 404 591 60 353 809 623 597 236 378 491 567 409 198 507 359 388 342 314 376 806 232 328 0 855 327 224 837 149 274 894 713 132 140 315 832 866 609 614 174 100 385 185 487 537 782 449 314
521 503 481 715 892 1021 387 510 485 646 362 126 1107 537 178 988 160 624 932 927 597 971 338 594 915 541 707 475 843 868 928 452 633 909 725 699 413 704 651 709 1003 517 606 1106 666 869 596 390 310 366 824 964 1185 389 287 595 706 194 459 1030 721 818 535 91 259 881 839 1164 509 289 807 657 572 503 1112 1003 1103 938 709 875 1033 855 0 972 875 640 990 664 765 494 948 715 821 133 655 777 460 980 763 777 910 761 358 185 518 608
1069 527 756 262 773 404 585 473 881 341 963 967 706 439 844 688 893 659 162 117 382 62 635 744 63 447 852 587 867 307 240 1014 339 349 929 846 578 830 801 361 610 766 431 554 434 805 1143 585 786 612 779 763 704 598 921 1048 1133 789 1018 714 901 381 591 902 797 923 142 615 752 717 215 412 789 561 665 651 565 80 1104 115 624 327 972 0 120 1121 397 313 1194 976 222 390 642 905 1151 926 869 198 321 706 141 805 614 958 708 367
949 465 636 159 666 341 489 367 761 231 845 861 630 355 738 596 809 539 226 180 278 97 537 623 103 339 734 528 755 208 297 895 249 260 811 728 471 712 682 338 525 645 382 493 314 696 1022 485 672 510 668 664 642 515 807 927 1012 687 899 626 783 272 471 810 686 812 39 560 632 609 208 291 669 443 593 563 502 153 984 7 543 224 875 120 0 1001 327 210 1074 856 158 271 533 818 1030 809 749 157 203 593 62 690 520 848 587 267
119 913 376 888 539 919 719 723 254 812 285 514 812 838 530 694 773 467 1176 1146 793 1085 681 380 1091 730 321 931 420 858 1214 191 866 857 262 321 646 339 340 1055 763 358 973 911 686 493 67 685 450 665 473 617 905 796 369 74 70 593 183 720 285 777 537 695 487 415 984 938 373 564 1069 710 332 584 844 735 900 1135 91 1006 785 837 640 1121 1001 0 893 850 124 175 969 733 579 750 29 310 275 1011 803 495 996 400 720 456 417 817
880 712 598 396 424 30 651 513 702 410 833 935 308 575 821 305 974 447 546 498 457 335 682 529 418 481 579 775 541 148 621 848 482 89 652 576 587 558 553 644 219 587 659 168 324 467 934 628 712 644 457 391 315 713 826 828 882 796 850 324 624 172 468 950 748 590 351 236 581 701 531 338 580 487 268 262 176 465 848 334 229 149 990 397 327 893 0 423 932 792 175 278 322 975 921 628 703 201 250 405 269 509 684 902 543 464
782 290 474 51 626 448 279 160 598 38 660 654 678 158 530 606 602 420 327 301 69 307 326 492 263 135 627 354 683 274 365 720 59 334 700 618 264 606 563 258 560 492 242 584 207 643 861 274 476 300 604 649 717 313 612 775 873 477 725 645 674 281 314 599 484 742 175 653 476 403 221 171 530 267 654 588 589 298 848 210 586 274 664 313 210 850 423 0 938 691 310 200 490 609 879 711 582 332 180 524 250 603 310 645 434 56
243 1024 472 973 542 955 830 822 359 900 409 638 809 941 653 700 898 535 1261 1228 886 1153 795 451 1168 826 354 1045 416 916 1304 315 960 907 280 358 753 375 394 1155 778 447 1079 928 761 495 175 794 566 776 486 615 902 910 492 183 68 714 308 720 308 834 624 819 607 394 1061 946 464 680 1160 788 409 678 847 744 916 1215 90 1080 796 894 765 1194 1074 124 932 938 0 292 1027 803 610 874 111 311 383 1068 873 527 1063 424 833 580 505 910
92 739 219 732 504 820 545 555 95 654 132 369 770 667 364 646 613 346 1018 991 630 944 506 262 940 566 277 756 410 734 1051 66 702 742 259 272 474 286 258 884 699 213 801 839 545 465 171 511 275 490 431 586 862 621 209 109 225 422 64 680 266 655 384 537 314 429 835 877 225 389 907 564 212 423 793 679 830 982 221 860 725 713 494 976 856 175 792 691 292 0 843 595 502 592 200 316 108 884 665 425 858 355 545 309 269 653
935 595 630 269 563 185 577 441 748 313 857 915 484 468 794 468 905 502 371 323 364 162 618 590 244 409 674 659 667 111 447 891 364 132 751 670 535 653 633 492 388 630 524 338 308 600 1000 563 705 585 579 546 488 622 833 899 970 754 894 492 723 193 474 894 730 721 189 403 619 666 366 302 639 469 444 429 347 289 938 165 401 132 948 222 158 969 175 310 1027 843 0 254 440 910 998 739 742 41 190 513 97 617 610 892 576 362
688 464 378 205 429 308 375 239 500 170 603 669 486 323 551 407 696 268 473 434 202 352 404 353 368 209 465 523 498 155 530 640 254 193 541 458 309 443 410 458 368 382 437 418 53 450 758 350 453 366 415 449 536 444 579 660 742 521 643 447 514 107 220 672 482 557 261 484 370 427 396 59 400 219 468 392 419 416 713 277 395 140 715 390 271 733 278 200 803 595 254 0 292 697 762 542 492 293 70 336 263 426 407 642 326 218
582 723 352 498 137 345 583 475 424 456 573 734 288 588 642 167 856 197 753 710 476 589 589 251 635 454 259 775 227 336 815 565 540 310 330 257 492 240 246 748 198 326 717 337 286 163 626 546 512 550 139 167 372 668 591 519 562 645 565 209 302 261 302 808 561 281 535 375 327 550 687 321 295 361 300 185 328 685 528 540 226 315 821 642 533 579 322 490 610 502 440 292 0 848 606 306 433 480 341 83 501 186 609 687 305 496
632 403 534 659 936 1005 333 469 566 598 465 245 1128 465 234 1014 27 657 846 847 548 912 294 644 845 502 773 365 904 842 833 559 569 889 802 764 387 766 710 611 1017 573 510 1106 652 919 712 349 362 330 872 1002 1199 307 383 698 812 205 566 1057 793 803 548 55 308 947 780 1167 561 297 723 637 632 501 1126 1023 1104 862 812 817 1048 832 133 905 818 750 975 609 874 592 910 697 848 0 767 851 539 938 735 816 860 816 300 297 560 554
