271
0 118 647 269 246 191 645 170 379 444 216 374 87 516 689 590 269 607 260 567 410 530 432 521 257 412 95 611 645 367 338 171 493 266 592 642 485 14 615 391 394 568 126 507 472 520 638 262 680 390 412 127 789 411 347 371 331 391 622 400 668 239 577 398 513 639 429 312 68 289 611 526 593 339 617 278 191 119 389 674 444 422 212 619 628 415 497 209 296 641 176 378 360 91 552 682 326 498 129 439 126 566 670 355 595 516 300 421 213 404 403 507 685 340 676 581 645 374 201 645 475 244 374 383 595 611 347 477 636 328 293 290 595 643 639 438 445 153 339 79 495 590 302 597 68 576 430 468 509 556 222 597 529 374 428 602 203 197 286 374 381 497 631 509 699 330 323 160 347 363 702 345 619 401 658 462 453 267 304 130 603 505 120 131 409 727 239 278 472 545 688 504 626 352 81 154 529 763 386 850 485 407 439 305 698 641 284 313 688 617 54 509 578 333 415 282 94 576 592 155 546 620 398 447 861 462 380 330 709 165 443 285 637 615 271 622 386 687 316 345 224 313 645 319 584 153 730 375 664 479 296 330 463 580 393 106 619 225 679 241 624 563 331 597 168 557 208 326 274 440 491
118 0 537 358 364 136 535 232 446 479 107 256 203 440 734 707 351 527 159 455 502 432 316 443 253 504 213 707 597 420 234 272 582 379 647 754 571 103 669 426 350 530 70 451 466 418 745 223 726 338 407 112 817 385 429 468 249 431 665 290 566 357 607 280 630 673 509 205 49 171 717 608 710 407 593 390 181 31 360 732 472 390 309 555 519 441 610 121 239 555 278 464 477 52 547 578 209 585 67 552 64 652 732 368 713 632 222 535 199 374 453 519 711 235 680 571 762 308 242 759 501 342 311 478 699 580 263 406 665 305 222 262 705 688 623 532 529 243 227 169 537 528 251 488 184 689 547 355 602 458 254 540 612 271 409 628 85 267 318 409 412 445 703 541 735 420 440 267 465 320 741 273 514 297 554 571 496 374 422 230 604 389 235 219 447 742 330 396 589 646 737 606 742 235 86 263 434 753 269 857 594 307 336 301 731 637 394 212 702 538 172 579 465 414 319 279 210 694 708 272 575 595 451 544 871 529 325 277 824 55 357 404 524 709 353 648 433 803 279 238 106 422 541 303 481 242 768 492 775 522 305 366 545 471 474 38 525 114 684 281 514 512 254 487 217 442 293 208 391 551 389
647 537 0 786 874 480 16 657 790 719 489 327 720 280 929 1204 882 252 493 86 905 154 338 266 717 908 732 1094 456 735 459 748 964 869 899 1207 941 633 910 689 427 475 524 374 578 143 1178 647 923 400 562 545 923 490 817 896 346 707 868 247 83 868 782 293 1126 840 873 335 585 384 1147 959 1205 765 558 873 666 528 741 972 692 470 768 352 18 905 1081 441 614 217 755 859 1003 586 617 72 375 957 520 1025 575 1012 991 823 1211 1120 559 1014 525 744 748 666 837 306 726 608 1252 362 755 1223 702 794 370 893 1121 523 545 312 812 493 577 485 1153 892 611 940 904 707 421 707 775 357 631 50 715 1154 1072 186 992 144 758 390 968 460 516 777 457 687 633 890 671 392 1004 746 892 835 963 804 980 683 909 589 63 249 69 1027 753 912 935 713 671 179 768 689 927 816 770 903 1111 1061 944 1028 1229 321 575 755 173 720 337 867 1049 248 214 747 878 666 873 479 780 259 700 899 87 805 249 542 727 1194 1184 798 758 555 755 958 890 850 393 639 1300 484 259 921 52 1091 765 794 927 1281 678 443 441 959 55 512 86 703 927 1019 1221 769 770 854 908 67 849 540 150 477 734 787 23 409 358 53 629 124 732 361 913 1018 169
269 358 786 0 185 320 790 136 135 255 466 590 203 568 455 430 422 658 517 722 143 640 661 579 513 145 205 348 608 159 592 103 224 135 347 422 216 279 372 218 401 520 313 514 370 644 399 529 446 416 326 271 579 371 82 114 440 205 395 565 780 185 377 604 355 428 162 480 322 507 370 258 428 104 532 123 454 339 649 424 272 392 62 627 770 631 295 374 565 704 101 109 314 355 431 799 553 229 319 243 390 296 414 591 438 341 568 236 262 665 190 356 485 500 522 469 471 434 433 436 300 41 429 119 348 542 613 523 436 317 562 308 369 412 531 174 175 117 584 307 284 597 571 737 249 367 361 638 243 661 457 588 260 630 368 410 428 102 177 583 221 496 366 315 480 62 273 292 264 630 477 613 741 544 774 241 246 339 226 139 462 688 251 140 611 544 30 192 387 291 449 253 446 557 273 132 630 628 610 675 263 540 573 557 484 508 116 570 512 665 243 248 738 71 537 256 198 423 399 218 352 537 180 187 680 208 416 599 514 378 535 230 793 351 27 426 578 495 581 596 449 359 767 298 707 117 506 331 438 267 539 544 195 720 127 325 709 472 521 465 766 547 428 747 162 728 65 546 239 233 617
246 364 874 185 0 395 875 239 316 441 461 620 160 697 627 343 264 790 501 799 261 742 678 706 417 261 151 425 771 344 579 138 336 59 516 408 342 261 541 401 542 685 353 660 545 739 415 457 618 550 494 328 758 528 253 209 535 390 572 633 884 7 561 642 266 609 315 543 315 535 393 389 346 289 707 78 379 359 553 585 456 546 145 775 856 488 260 434 504 831 133 256 140 334 611 900 573 349 358 205 365 410 568 466 348 271 525 184 368 569 375 539 667 569 706 648 398 554 322 406 485 145 551 231 384 713 573 653 619 459 513 436 366 586 711 273 312 178 584 231 467 745 504 824 186 339 202 704 340 766 346 742 386 614 531 595 449 226 340 440 402 644 507 500 659 211 97 160 106 549 654 560 838 625 875 241 430 162 60 164 646 746 148 190 461 729 169 32 239 346 618 306 380 596 302 121 737 812 633 859 261 627 660 453 664 691 89 553 697 798 194 405 812 246 630 397 153 330 350 100 537 711 365 271 864 377 546 530 464 406 643 51 870 432 210 610 424 443 500 588 470 175 865 442 804 183 681 158 432 451 427 407 336 806 285 345 823 470 706 344 852 702 529 828 264 794 185 572 54 212 710
191 136 480 320 395 0 481 184 369 370 208 277 247 324 626 725 459 416 261 408 455 348 353 330 390 458 260 659 464 329 319 268 529 389 550 741 511 182 569 319 215 394 72 321 334 343 720 358 618 205 275 68 695 249 371 434 143 328 556 246 489 389 490 287 647 557 444 159 156 201 691 542 726 334 456 394 317 106 495 634 357 253 291 430 462 575 607 57 367 450 275 412 527 182 414 505 249 527 73 550 200 591 639 504 732 642 341 537 80 508 358 393 590 180 548 436 774 183 370 753 384 321 184 437 668 443 373 285 545 170 345 127 689 580 487 489 470 228 296 267 431 401 381 430 254 683 595 319 553 373 384 410 548 355 273 507 144 218 217 540 303 313 622 427 620 377 486 350 501 451 628 393 443 231 481 558 392 455 456 232 472 368 305 209 578 614 300 424 633 610 632 573 752 241 110 275 344 618 300 725 580 232 265 437 613 503 395 306 574 426 237 500 423 357 235 154 253 715 710 326 459 458 359 505 740 448 193 406 827 103 254 443 479 659 305 528 561 807 413 317 160 499 470 170 408 224 654 545 758 417 441 497 481 412 413 107 433 206 552 410 458 380 140 435 158 409 260 237 436 545 315
645 535 16 790 875 481 0 660 797 728 483 318 720 292 940 1206 877 267 486 80 910 164 327 278 709 913 732 1101 472 742 450 750 971 871 909 1212 948 632 920 697 436 488 523 387 589 149 1183 639 934 408 571 546 937 499 822 900 350 715 879 245 100 869 793 285 1128 852 880 333 583 378 1152 967 1207 771 572 875 659 526 730 982 702 480 770 368 21 897 1084 441 605 233 756 864 1002 583 630 88 368 964 519 1028 570 1019 1001 815 1213 1122 549 1017 528 734 756 677 850 306 740 621 1255 370 750 1227 712 798 377 898 1126 537 534 323 824 501 568 491 1158 903 625 945 911 710 411 704 784 371 622 53 714 1158 1071 181 999 156 752 405 975 449 526 788 454 690 639 882 680 404 1013 756 905 840 963 801 981 673 921 579 78 250 86 1031 762 909 935 714 683 169 766 691 920 829 774 904 1112 1067 955 1034 1231 315 575 757 183 735 327 882 1053 250 217 739 890 680 875 470 793 274 699 907 77 810 253 548 726 1196 1187 797 769 569 762 964 905 857 401 630 1304 481 267 921 36 1098 770 806 920 1284 669 434 437 956 72 519 96 705 939 1019 1226 779 763 847 915 70 856 539 166 471 747 781 25 423 363 48 632 112 735 355 913 1021 174
170 232 657 136 239 184 660 0 215 275 338 454 146 459 519 548 398 552 392 590 276 516 526 468 428 278 157 481 537 197 464 100 353 217 423 556 340 175 446 223 302 452 179 420 328 517 536 428 510 311 271 136 620 292 197 250 311 221 451 430 657 235 408 468 470 470 277 344 204 371 506 376 548 175 485 218 360 209 558 507 277 310 110 536 640 577 424 238 457 594 106 235 379 241 403 675 418 354 185 368 275 421 504 523 555 462 451 357 134 574 233 347 517 365 519 437 595 318 365 568 309 137 314 255 484 486 494 415 468 220 448 197 504 473 498 309 298 62 452 234 325 506 466 607 184 499 441 503 375 538 388 504 380 502 300 435 295 35 124 533 215 405 471 340 529 195 336 266 342 530 532 500 615 412 650 373 283 349 297 85 449 553 215 60 566 562 115 262 474 428 518 390 571 421 146 122 508 613 474 688 396 409 443 475 528 490 216 444 525 560 171 348 605 182 408 159 147 539 527 208 378 489 228 323 698 298 307 493 644 245 413 290 661 482 124 454 538 624 483 467 316 384 642 203 581 56 560 397 573 309 465 490 313 590 242 196 591 343 521 403 636 464 301 616 27 594 75 410 290 361 489
379 446 790 135 316 369 797 215 0 138 550 647 327 541 320 493 557 624 605 738 131 637 723 554 633 134 332 303 534 59 674 231 174 260 216 437 150 387 240 123 372 448 387 470 287 647 396 641 312 395 260 341 444 323 66 153 456 104 260 596 770 316 246 655 428 293 82 520 419 570 365 174 488 39 440 245 570 421 768 296 163 346 194 574 776 763 346 427 672 673 230 90 434 456 330 791 618 166 393 307 490 225 290 718 502 405 666 310 293 783 70 247 351 533 401 368 522 427 560 462 185 176 420 136 336 457 708 498 303 297 663 307 384 277 429 162 114 230 659 430 152 545 680 744 373 400 471 666 202 654 583 530 181 712 309 281 501 182 160 716 135 450 257 188 345 111 396 426 380 743 342 715 738 566 767 282 119 473 348 258 349 721 383 249 744 414 160 318 489 277 316 250 495 610 360 263 623 510 670 545 299 556 588 679 349 396 235 656 385 628 365 133 756 69 548 250 324 492 442 352 224 445 58 183 548 83 399 707 546 451 531 356 806 300 117 295 712 531 695 676 521 491 762 278 707 227 370 450 446 136 664 676 117 728 66 409 691 554 399 594 772 487 440 758 229 753 176 607 368 290 624
444 479 719 255 441 370 728 275 138 0 573 634 415 451 256 629 662 523 628 679 264 564 713 464 701 267 423 398 407 96 689 332 283 389 186 560 255 448 203 53 292 324 411 367 163 580 511 694 248 320 158 367 345 230 203 291 413 54 186 558 687 440 133 634 565 195 201 496 466 567 480 256 623 153 306 376 632 450 828 268 29 251 303 460 706 852 481 424 717 574 333 228 567 503 194 709 615 269 416 445 534 308 279 798 638 542 701 449 290 843 68 108 242 502 266 231 655 364 641 587 46 296 355 274 450 325 738 411 193 239 702 267 507 210 291 291 232 315 666 509 61 434 728 676 457 530 608 621 313 576 663 414 266 725 206 161 514 255 162 807 67 347 284 65 257 247 527 527 514 795 261 753 661 520 686 417 34 590 479 346 211 680 480 328 839 292 273 447 627 393 261 374 627 593 401 364 547 374 659 422 432 506 534 749 254 257 367 675 258 526 446 187 699 203 492 219 414 628 574 458 102 311 80 313 428 146 329 755 672 468 462 485 742 392 230 179 809 658 751 687 530 614 684 225 633 311 289 584 564 51 740 765 223 662 200 441 603 574 265 678 703 372 394 694 276 702 272 600 494 428 560
216 107 489 466 461 208 483 338 550 573 0 174 303 452 830 804 397 530 55 403 609 410 219 452 235 612 311 815 634 521 126 379 690 482 747 858 678 201 768 521 401 577 164 484 539 390 851 177 821 382 482 210 903 448 536 576 268 528 760 250 531 454 697 204 727 764 615 187 149 105 824 715 807 511 648 494 177 129 305 832 563 448 416 575 471 430 713 164 169 548 385 572 563 126 618 540 122 692 159 655 99 759 834 350 808 731 134 637 284 316 553 601 798 215 754 638 860 341 266 861 590 450 347 585 806 631 165 426 753 375 141 332 810 783 685 640 636 351 123 243 633 552 185 443 275 792 633 302 710 437 269 570 719 163 475 715 67 374 414 408 506 482 808 633 826 528 530 343 557 255 834 186 478 275 518 677 593 446 516 336 678 323 321 327 446 822 438 493 676 753 834 713 841 168 193 368 418 817 179 931 699 291 313 274 820 706 499 105 781 541 266 684 408 521 309 362 310 789 809 364 665 650 552 652 946 633 367 207 925 105 359 497 466 817 460 736 441 903 226 131 64 493 503 377 446 349 860 577 879 619 291 369 652 427 581 142 506 12 758 298 466 548 280 436 321 379 401 130 483 656 364
374 256 327 590 620 277 318 454 647 634 174 0 459 370 885 963 571 427 167 240 730 285 78 365 391 732 469 935 577 605 138 519 805 632 819 1002 789 359 837 586 390 542 278 433 554 257 988 320 877 363 508 318 932 453 648 704 238 599 816 128 381 613 742 33 885 808 722 140 305 85 959 820 966 611 624 641 344 261 418 902 616 444 551 496 309 578 861 220 288 431 525 688 731 293 625 385 52 804 273 803 271 869 911 496 969 886 233 787 354 423 632 632 830 145 759 635 1017 312 438 1010 639 583 320 709 938 598 226 361 790 402 251 367 952 841 669 763 747 484 97 415 696 479 305 285 439 940 801 147 828 309 437 505 826 150 484 751 171 490 492 564 569 439 898 684 870 650 696 514 721 361 881 269 328 173 367 818 660 619 678 477 687 152 489 461 601 839 566 652 844 882 894 844 997 41 325 515 299 801 27 931 841 195 198 420 860 704 645 154 798 438 427 777 241 633 217 415 466 950 961 528 711 624 633 778 949 725 348 315 1078 216 276 660 297 935 578 772 601 1057 352 123 149 667 350 412 301 481 905 746 1021 684 444 529 759 271 690 276 376 162 765 466 304 495 257 273 430 209 526 47 647 801 237
87 203 720 203 160 247 720 146 327 415 303 459 0 566 646 504 252 658 347 643 337 595 519 573 310 339 12 534 671 328 425 99 420 179 543 556 416 101 567 365 426 590 196 544 473 589 553 330 637 428 415 179 758 429 285 294 390 361 582 476 736 153 547 482 426 606 365 386 155 374 527 459 507 289 628 192 253 199 447 623 421 444 141 658 702 438 410 279 370 696 102 310 282 178 550 751 413 427 200 352 211 494 615 391 509 429 381 334 242 463 364 493 657 414 665 583 558 421 232 558 452 171 420 308 512 627 428 524 608 350 372 318 509 601 643 362 377 100 426 104 460 628 374 670 46 489 351 546 434 620 256 631 460 460 441 576 288 159 271 392 359 531 569 480 664 260 243 120 263 429 664 422 688 472 726 377 418 214 219 70 596 586 69 88 423 706 173 192 392 464 643 423 539 436 145 74 592 760 472 833 399 476 508 354 665 637 198 399 670 668 42 450 655 272 481 295 7 490 505 79 518 632 357 369 842 408 421 401 621 246 502 202 713 538 211 595 394 600 380 432 309 255 715 337 653 104 692 299 578 443 337 350 397 653 330 185 681 312 667 267 698 594 387 673 159 636 151 412 193 354 560
516 440 280 568 697 324 292 459 541 451 452 370 566 0 649 998 783 93 486 266 666 135 433 14 682 669 578 841 210 483 497 559 715 676 624 975 689 506 634 428 170 201 392 94 301 162 937 630 643 151 292 390 646 221 580 667 191 447 589 243 236 692 503 347 923 560 623 266 474 365 906 701 996 523 287 675 614 417 755 694 422 199 567 126 271 876 862 319 618 135 565 620 836 493 337 258 392 705 391 811 499 754 715 798 1006 910 571 804 328 764 489 388 557 242 451 329 1039 144 683 995 428 587 146 660 878 254 581 45 532 252 585 262 921 613 339 700 656 519 457 592 503 109 635 246 578 929 899 262 744 136 694 137 710 518 244 497 391 480 396 847 412 112 733 470 612 607 793 674 801 702 629 619 217 197 236 803 485 778 756 534 391 314 628 507 886 539 560 722 934 818 665 789 1014 336 435 576 112 460 395 603 824 176 175 724 598 391 672 503 502 102 561 636 287 569 153 311 571 991 965 644 480 285 497 720 624 589 152 653 1077 387 95 748 314 836 543 514 873 1059 677 485 388 820 237 271 195 513 646 854 985 499 736 805 655 235 605 423 152 443 458 722 269 140 187 269 433 306 526 371 745 800 159
689 734 929 455 627 626 940 519 320 256 830 885 646 649 0 697 877 701 885 902 378 778 964 663 946 379 652 373 529 322 945 552 334 568 110 572 312 694 87 309 517 470 667 555 352 799 508 946 8 547 383 623 150 450 375 427 656 303 70 800 882 629 148 883 655 90 313 746 718 821 485 274 688 357 407 550 880 705 1078 79 270 466 514 615 919 1083 559 680 971 751 551 372 726 755 315 905 869 315 672 548 788 296 114 1037 707 624 957 561 547 1093 286 264 122 748 255 335 701 597 878 608 246 495 587 404 456 440 994 617 121 484 957 518 533 46 362 384 325 547 922 747 197 596 981 892 691 574 748 858 352 784 901 567 283 981 420 153 770 492 416 1036 323 537 187 201 63 416 695 747 670 1047 43 1008 867 758 884 503 238 788 647 576 274 917 703 564 1065 194 481 622 754 419 22 426 675 844 654 583 757 349 911 296 507 742 766 994 81 300 540 932 199 700 682 227 923 385 725 474 644 704 622 673 176 411 291 399 288 249 559 1008 688 725 685 661 960 361 438 137 1033 681 1001 943 786 801 886 473 844 544 61 740 564 212 981 996 302 878 341 696 795 830 248 913 916 534 637 913 525 931 495 854 675 527 784
590 707 1204 430 343 725 1206 548 493 629 804 963 504 998 697 0 517 1088 842 1134 365 1064 1022 1009 725 362 494 340 1025 548 920 457 370 335 597 166 397 604 616 615 831 938 692 943 779 1065 225 779 691 847 745 662 847 798 435 343 859 597 672 969 1206 350 705 985 78 724 432 880 658 878 233 426 12 494 934 331 703 702 849 626 655 820 437 1054 1187 728 148 770 829 1134 450 402 261 677 823 1224 916 389 697 189 707 402 596 737 9 89 857 194 682 864 563 738 787 904 875 861 60 863 627 135 675 413 858 357 254 951 905 953 748 747 843 737 177 674 921 340 403 496 926 567 622 1025 826 1154 528 127 205 1042 347 1086 647 1014 416 953 791 741 792 521 606 684 625 925 518 666 751 399 281 477 248 858 737 886 1163 957 1199 211 603 406 287 494 835 1086 484 515 689 862 439 311 167 278 679 273 56 938 642 452 1056 987 976 985 199 956 990 750 764 882 331 893 844 1095 537 488 1148 441 956 687 496 19 83 439 694 939 551 320 981 499 846 849 140 748 960 307 1205 353 456 748 650 119 812 929 813 371 1190 728 1129 501 759 255 192 611 718 667 420 1137 429 687 1137 814 872 634 1183 971 849 1161 576 1132 475 916 323 203 1037
269 351 882 422 264 459 877 398 557 662 397 571 252 783 877 517 0 873 410 797 524 783 603 788 224 525 241 685 913 569 476 330 600 322 769 633 606 277 793 613 663 835 390 777 725 769 656 292 868 660 667 397 999 675 502 473 594 607 817 636 915 260 792 601 456 847 573 555 310 499 639 653 525 523 878 342 233 369 334 842 670 688 363 888 863 226 492 467 345 904 329 513 257 299 802 927 518 614 391 447 307 674 828 221 518 476 388 424 480 349 605 744 901 585 917 835 577 643 138 621 701 382 643 494 636 875 431 745 852 594 370 557 602 834 895 538 574 347 499 191 701 860 336 834 219 563 312 696 605 809 148 866 650 501 689 823 425 409 523 178 609 767 770 726 902 465 251 134 290 352 900 400 864 648 904 492 660 116 277 317 848 720 183 339 197 954 397 283 354 605 871 566 568 564 350 298 785 1012 572 1083 509 659 687 238 905 889 352 448 919 883 235 663 804 492 670 542 251 498 557 205 764 882 596 536 1090 629 650 353 656 406 705 254 862 693 440 840 160 635 310 490 440 145 889 583 830 352 928 262 660 684 204 152 597 817 540 361 876 409 918 126 858 832 596 829 410 776 390 527 234 460 740
607 527 252 658 790 416 267 552 624 523 530 427 658 93 701 1088 873 0 559 269 750 150 479 86 763 753 671 919 204 564 560 652 795 768 688 1060 769 597 695 507 257 232 483 156 365 181 1020 707 696 242 368 483 679 300 665 754 279 526 646 300 186 785 559 399 1013 611 705 342 563 436 989 778 1086 607 310 766 697 505 828 753 494 278 658 100 249 958 951 407 691 51 658 705 929 580 385 209 456 784 481 900 584 830 776 879 1096 1000 642 894 421 836 568 449 599 315 481 369 1128 237 770 1081 496 678 239 746 960 275 647 136 581 341 657 354 1006 668 363 784 737 612 519 682 571 107 709 234 670 1016 992 298 825 133 780 140 788 577 318 548 473 572 484 931 491 176 801 535 658 694 886 766 894 773 677 687 189 260 192 891 558 870 849 627 432 339 720 600 969 571 651 814 1027 900 718 873 1102 397 526 669 130 468 449 615 911 241 228 804 642 421 763 569 537 11 653 711 288 656 221 401 663 1082 1053 737 540 307 577 805 638 666 244 725 1164 473 172 840 297 913 632 564 959 1147 753 547 467 913 200 360 182 606 691 947 1069 569 818 889 735 229 688 512 102 520 489 808 249 167 276 260 525 315 618 436 838 889 193
260 159 493 517 501 261 486 392 605 628 55 167 347 486 885 842 410 559 0 406 661 431 193 484 223 663 353 866 675 576 78 427 742 526 802 903 731 246 823 576 448 622 219 525 591 408 898 155 876 428 535 265 957 498 588 626 309 583 815 267 543 494 752 200 767 819 669 219 197 122 872 768 846 566 696 539 179 183 269 887 617 497 466 611 475 413 757 215 132 573 433 624 595 168 669 549 117 745 214 699 136 812 889 332 847 772 86 680 339 278 608 655 851 244 805 688 899 384 274 905 645 499 391 636 855 677 111 463 807 427 98 385 856 838 733 691 689 401 89 276 688 589 149 449 315 836 665 309 761 457 271 609 772 114 526 769 118 427 469 397 561 525 862 687 881 579 565 373 594 215 888 137 489 299 529 723 648 471 555 385 730 319 357 377 434 875 489 533 709 803 889 762 882 174 246 414 441 866 164 982 746 318 335 255 875 756 544 53 834 570 308 738 409 574 337 416 354 827 851 403 720 697 606 702 998 688 413 167 966 159 391 534 465 868 512 790 434 945 194 87 108 518 513 430 459 400 915 609 925 674 277 361 705 435 634 196 526 54 810 300 470 589 323 439 375 377 452 133 519 701 383
567 455 86 722 799 408 80 590 738 679 403 240 643 266 902 1134 797 269 406 0 847 131 256 254 630 850 655 1041 466 685 374 677 910 798 863 1144 888 553 876 644 388 468 447 359 550 104 1118 561 896 359 525 472 910 454 759 834 284 661 838 167 149 793 754 206 1056 815 820 256 504 298 1088 910 1135 710 554 803 580 448 656 939 654 436 699 365 68 819 1014 365 528 247 684 801 925 503 598 148 289 904 443 958 490 962 956 737 1141 1050 473 946 460 659 701 638 819 230 717 594 1183 315 670 1158 667 728 324 833 1063 521 460 288 790 445 491 430 1091 863 606 881 850 637 335 625 737 361 545 48 636 1089 995 101 937 137 672 394 918 376 483 752 374 621 578 804 626 375 963 712 871 774 886 722 905 598 886 504 101 178 134 963 711 830 860 640 655 95 688 618 841 805 705 829 1035 1003 916 969 1160 235 498 682 154 724 251 869 985 182 150 661 857 657 803 393 767 278 621 853 20 746 190 487 650 1123 1117 720 728 551 706 900 891 802 349 554 1234 403 217 845 70 1039 703 771 840 1214 592 358 357 878 116 462 89 633 906 942 1160 730 684 767 855 42 794 461 179 391 724 701 63 405 298 32 563 49 665 275 836 952 119
410 502 905 143 261 455 910 276 131 264 609 730 337 666 378 365 524 750 661 847 0 754 802 678 645 3 337 205 665 189 736 240 83 202 268 309 82 421 291 254 496 579 455 598 418 761 273 667 370 516 390 412 520 451 87 51 562 235 333 696 890 265 348 742 303 379 70 613 465 648 242 128 359 143 569 182 590 482 783 327 291 473 198 704 889 745 217 511 706 799 235 45 348 498 458 910 694 91 461 184 533 157 309 713 374 278 710 192 388 799 198 373 442 631 514 496 392 544 559 331 309 166 537 30 216 587 756 621 398 416 704 419 255 343 555 34 53 260 727 440 260 675 710 857 382 269 371 767 100 772 583 660 126 773 439 384 570 240 273 696 266 578 246 302 419 81 317 406 292 767 410 755 855 670 886 153 238 423 271 280 471 820 373 283 720 512 171 250 381 156 366 124 364 695 417 263 741 626 750 641 168 664 696 687 428 517 172 714 489 755 379 151 864 100 658 363 331 365 311 331 333 575 187 54 641 140 519 738 415 520 647 287 916 207 151 394 684 400 717 740 591 429 880 397 823 260 437 362 319 247 666 660 77 840 64 468 813 615 512 588 885 618 548 869 299 857 208 686 303 165 736
530 432 154 640 742 348 164 516 637 564 410 285 595 135 778 1064 783 150 431 131 754 0 331 122 646 757 608 941 337 581 421 611 812 732 745 1059 788 518 756 534 272 336 403 229 426 31 1028 584 772 245 407 416 781 335 666 747 207 552 716 163 141 737 630 255 987 690 720 229 475 309 997 805 1064 613 422 734 586 416 697 818 538 316 627 238 142 841 936 320 562 146 618 708 876 484 470 159 320 804 400 882 480 858 837 760 1072 978 510 872 382 704 594 514 690 199 586 464 1110 210 667 1076 548 652 217 744 970 389 509 160 663 340 526 335 1005 740 474 789 752 570 380 598 620 232 580 113 597 1008 943 148 840 26 674 264 814 435 362 627 363 544 481 818 517 245 849 592 744 687 835 690 849 641 760 551 100 136 134 881 598 798 803 579 526 190 649 554 857 675 627 770 981 910 793 878 1086 260 453 622 23 594 305 738 903 124 98 684 730 526 733 434 637 160 581 745 152 654 114 391 601 1055 1040 674 606 420 600 808 759 695 238 594 1155 376 106 791 181 937 618 645 850 1136 625 407 352 843 126 359 69 565 778 893 1072 615 702 779 754 100 697 426 95 399 593 703 139 274 215 135 488 172 589 301 785 873 48
432 316 338 661 678 353 327 526 723 713 219 78 519 433 964 1022 603 479 193 256 802 331 0 426 404 805 527 1008 642 683 132 585 879 695 897 1068 863 417 916 665 466 612 348 502 632 301 1057 330 956 439 586 390 1010 530 722 775 315 677 895 191 405 671 820 87 945 887 797 219 363 154 1029 895 1025 687 696 706 370 326 405 981 695 521 619 557 323 580 925 296 288 477 592 761 783 345 701 405 108 878 342 867 318 944 989 500 1027 948 233 851 431 407 710 711 908 221 835 710 1077 387 466 1074 717 652 396 781 1008 669 210 428 869 480 252 446 1019 919 742 835 822 552 104 463 774 542 304 305 494 1005 853 183 902 353 461 570 901 123 561 830 235 562 569 572 648 509 975 763 948 722 749 562 777 348 959 254 354 239 390 885 739 663 735 543 763 161 541 529 608 916 636 711 896 953 972 914 1058 119 392 579 349 873 53 1006 908 261 257 426 939 779 710 158 875 491 484 854 251 707 283 494 526 1008 1024 583 790 696 711 849 1025 802 424 307 1140 283 342 716 299 1009 651 851 613 1119 350 116 213 710 372 490 332 550 983 796 1089 763 454 541 834 295 765 341 416 209 841 489 318 563 334 287 503 214 597 116 702 867 286
521 443 266 579 706 330 278 468 554 464 452 365 573 14 663 1009 788 86 484 254 678 122 426 0 682 681 586 854 220 495 493 568 727 686 638 987 702 511 648 441 182 213 397 108 315 150 950 629 657 163 306 397 659 235 592 678 194 460 603 237 222 701 517 341 933 574 636 265 478 363 919 714 1007 535 299 685 615 420 754 708 436 213 576 131 257 877 873 322 616 125 574 632 844 496 351 244 388 718 396 822 501 767 729 799 1017 921 569 815 337 763 502 402 571 240 464 343 1050 152 686 1007 442 597 154 672 890 267 578 56 546 263 583 272 933 627 352 712 668 528 453 596 516 117 633 232 584 941 908 253 756 122 697 146 724 513 258 511 392 490 407 849 425 126 747 484 626 618 802 680 811 700 643 616 203 192 222 815 499 784 765 542 405 303 634 516 887 553 570 731 943 830 679 802 1025 331 440 585 99 471 389 615 835 171 168 725 612 404 682 500 516 95 567 650 274 581 149 322 578 1002 976 651 494 297 510 732 637 603 163 651 1088 390 93 756 301 849 554 528 875 1071 676 481 388 827 223 282 182 522 660 862 998 513 737 807 668 222 617 427 138 442 471 724 255 151 191 256 442 294 536 367 753 811 149
257 253 717 513 417 390 709 428 633 701 235 391 310 682 946 725 224 763 223 630 645 646 404 682 0 646 308 834 850 624 272 409 727 463 848 821 725 253 872 648 604 784 320 702 714 625 833 74 938 591 653 352 1046 638 595 599 492 648 879 485 764 411 833 424 657 897 676 422 243 338 811 769 732 594 846 481 72 283 137 929 699 644 451 802 699 195 674 370 124 783 412 620 463 209 795 772 341 736 318 622 189 802 923 116 727 672 174 600 445 153 660 758 941 450 924 821 785 558 98 815 730 480 562 616 801 834 212 652 893 557 154 514 782 900 875 668 686 403 303 206 753 776 113 673 264 751 526 532 739 673 78 791 769 290 660 858 290 454 541 173 637 697 879 766 957 570 445 257 482 133 960 177 711 510 751 658 711 320 454 375 850 542 274 384 211 980 483 446 570 760 945 719 772 397 308 382 654 1003 385 1100 679 526 548 48 955 885 490 246 941 774 269 759 632 582 544 523 314 707 754 321 802 848 655 672 1112 715 578 129 860 298 591 430 688 840 520 878 210 839 87 288 296 361 735 552 680 405 988 472 847 737 55 138 707 658 640 285 742 246 928 97 694 764 501 663 425 600 458 355 411 630 599
412 504 908 145 261 458 913 278 134 267 612 732 339 669 379 362 525 753 663 850 3 757 805 681 646 0 339 203 668 192 738 242 81 202 269 306 81 423 292 257 499 582 458 601 421 764 270 669 371 519 393 415 521 454 90 52 565 238 335 699 893 265 350 745 301 381 72 616 467 650 239 128 356 146 572 183 592 485 784 328 293 477 200 707 892 745 214 514 708 802 237 49 347 500 461 913 697 90 463 182 535 155 309 714 372 276 712 190 391 800 201 375 444 634 516 498 389 547 560 328 312 168 540 31 213 590 758 625 400 419 706 422 252 344 558 31 53 262 729 441 262 678 712 860 383 266 370 770 97 775 585 663 126 775 442 386 573 243 276 697 269 582 246 305 421 83 317 407 291 768 412 757 858 673 889 150 240 423 271 282 473 823 375 285 721 514 174 250 380 153 367 120 361 698 419 265 744 628 753 643 165 667 699 689 430 520 172 716 491 759 381 152 867 103 661 366 333 362 308 333 335 577 190 51 643 142 523 740 412 523 650 287 919 205 154 396 685 397 719 742 594 428 883 400 826 263 438 361 316 250 668 661 77 843 67 471 816 618 514 589 888 621 551 872 302 860 211 689 303 163 739
95 213 732 205 151 260 732 157 332 423 311 469 12 578 652 494 241 671 353 655 337 608 527 586 308 339 0 532 684 335 431 102 420 173 548 549 417 110 572 374 439 602 208 556 484 601 548 331 643 440 426 191 765 441 288 293 403 369 588 488 748 144 555 492 417 613 368 398 164 384 523 460 497 295 640 187 254 210 445 627 429 456 143 671 714 431 403 291 373 709 104 311 270 185 560 763 422 428 212 345 217 494 619 386 499 420 385 327 255 462 371 503 665 426 675 593 549 434 227 551 461 172 433 308 508 639 433 536 615 362 376 331 503 607 654 361 378 107 434 102 467 641 376 682 44 483 339 558 433 633 251 643 461 467 452 585 298 168 281 385 368 544 571 488 671 261 231 108 252 430 670 425 700 484 739 372 425 201 209 77 606 597 58 97 416 715 176 183 380 461 648 420 530 446 157 74 604 770 482 842 394 488 521 352 672 647 194 406 679 681 46 453 667 275 494 307 9 481 498 66 526 643 363 368 851 412 433 403 613 257 514 192 725 536 216 603 385 592 380 439 319 242 727 349 666 112 699 287 572 450 334 344 399 665 332 196 693 320 676 261 709 606 400 684 171 647 156 421 181 348 572
611 707 1094 348 425 659 1101 481 303 398 815 935 534 841 373 340 685 919 866 1041 205 941 1008 854 834 203 532 0 802 359 941 440 131 372 290 199 153 623 302 412 673 722 661 763 562 951 134 863 369 697 551 618 522 619 287 240 758 393 365 896 1072 430 422 946 319 420 221 816 669 853 113 142 329 331 691 354 785 688 972 296 428 642 400 859 1079 912 228 716 904 969 435 247 460 701 578 1093 900 137 667 249 736 91 264 891 349 285 912 270 589 988 351 494 479 832 590 613 333 731 743 236 434 367 724 229 86 716 958 798 450 600 905 610 165 360 664 174 191 464 932 633 363 832 908 1048 576 212 452 966 106 957 767 812 131 978 600 454 776 446 463 863 428 743 186 407 433 287 445 583 409 961 416 955 1041 867 1069 199 364 573 410 482 570 1021 559 488 882 556 376 402 441 82 353 118 308 900 622 460 926 699 955 669 187 859 891 874 448 612 345 919 547 922 576 212 1059 301 851 553 527 351 259 513 422 697 343 164 662 252 703 935 314 726 834 431 1109 12 357 455 844 308 911 945 797 564 1065 582 1010 465 434 467 191 359 850 831 186 1031 248 674 992 821 585 768 1076 771 742 1062 504 1054 414 891 451 231 927
645 597 456 608 771 464 472 537 534 407 634 577 671 210 529 1025 913 204 675 466 665 337 642 220 850 668 684 802 0 477 697 634 691 736 539 967 663 638 541 411 250 87 536 150 247 367 919 808 526 259 282 518 485 244 590 682 366 430 484 451 389 768 401 556 956 440 607 459 620 560 888 660 1021 531 122 729 779 569 940 592 378 227 628 104 453 1039 880 480 803 245 639 624 911 646 227 410 593 677 537 837 661 711 619 966 1034 936 762 836 433 950 467 308 417 440 289 197 1057 293 834 994 368 638 288 669 858 89 777 216 408 321 773 355 915 504 171 695 639 599 658 724 439 104 820 435 695 934 966 473 721 328 849 73 671 721 240 381 568 545 433 1005 400 152 658 397 479 627 868 789 867 889 499 812 393 404 396 817 440 884 825 622 255 523 740 595 1043 377 610 789 994 801 549 781 1029 540 566 659 314 264 603 411 833 382 385 896 462 233 723 699 347 198 679 589 486 584 359 378 674 1022 976 743 389 118 478 717 434 554 272 841 1079 551 300 822 501 795 580 393 1025 1064 859 686 570 921 404 334 383 593 509 929 972 443 903 961 631 428 600 571 307 627 297 874 452 86 353 461 516 510 586 572 824 821 369
367 420 735 159 344 329 742 197 59 96 521 605 328 483 322 548 569 564 576 685 189 581 683 495 624 192 335 359 477 0 642 239 231 293 228 497 207 373 250 66 314 390 356 410 230 592 455 625 313 337 201 310 430 264 114 206 405 49 255 547 713 344 222 611 481 278 140 474 399 531 424 225 543 57 387 280 558 392 756 312 114 286 208 515 720 766 402 387 652 614 240 147 471 436 280 734 579 223 362 361 469 277 313 716 557 460 642 362 251 771 36 199 331 486 362 318 579 372 557 520 141 199 364 191 395 402 682 439 282 241 641 255 443 276 379 221 173 227 624 426 132 486 661 689 372 458 514 615 260 597 581 471 233 679 250 254 467 171 113 720 77 391 292 157 336 155 431 436 419 727 336 692 681 515 710 339 90 495 383 258 305 672 389 243 751 387 177 351 535 335 321 309 552 567 336 271 566 469 629 517 356 504 535 672 336 351 271 626 354 569 361 172 703 110 494 198 326 546 499 365 195 392 31 242 523 120 343 689 605 419 475 389 752 356 134 271 720 589 680 642 486 517 706 223 651 224 365 488 505 115 660 678 173 673 125 381 633 523 362 594 717 429 388 704 205 701 180 567 398 345 569
338 234 459 592 579 319 450 464 674 689 126 138 425 497 945 920 476 560 78 374 736 421 132 493 272 738 431 941 697 642 0 504 816 604 867 981 804 324 887 638 485 652 287 548 638 395 976 198 937 462 585 333 1010 541 661 702 337 646 875 260 518 572 809 170 844 876 741 239 274 138 949 840 924 636 730 617 243 255 281 951 676 537 542 624 442 450 835 266 157 567 510 698 672 246 714 521 104 818 281 777 214 885 955 369 924 850 101 759 399 286 673 707 905 257 850 730 977 414 338 983 702 576 421 711 932 708 88 481 862 476 121 435 934 899 771 766 762 477 41 353 750 604 173 420 393 914 741 284 836 446 332 627 845 37 570 824 175 499 533 440 622 551 932 746 938 654 641 448 671 224 947 131 465 301 504 801 711 544 633 462 775 280 435 453 476 924 564 612 785 879 951 839 960 163 319 492 435 904 122 1026 823 322 331 294 931 799 622 28 883 572 386 808 372 647 343 472 432 905 929 480 777 730 673 778 1043 757 447 179 1044 223 401 612 425 943 586 845 481 1023 219 16 158 591 486 481 439 476 972 684 1003 736 322 409 777 408 706 268 514 120 855 359 437 612 354 406 446 338 527 125 596 779 373
171 272 748 103 138 268 750 100 231 332 379 519 99 559 552 457 330 652 427 677 240 611 585 568 409 242 102 440 634 239 504 0 323 121 447 483 317 183 471 285 403 549 241 521 415 609 472 427 543 411 361 206 669 390 186 199 404 278 489 513 752 134 461 537 378 517 266 424 230 434 445 360 457 195 576 125 351 258 546 525 342 408 42 636 730 531 342 314 466 694 6 211 279 261 486 770 477 329 246 285 296 396 516 488 463 374 472 270 232 562 275 420 571 448 591 521 506 417 330 491 372 73 414 212 427 579 518 515 521 320 464 298 433 508 583 267 277 40 500 203 371 606 470 698 145 421 340 585 338 634 354 603 361 541 395 492 350 89 207 484 283 506 469 395 573 161 236 196 242 528 572 515 708 500 745 300 330 262 196 42 526 632 151 59 513 625 73 162 374 375 547 335 484 490 193 32 604 692 535 754 323 499 533 454 575 569 127 481 590 660 140 351 691 173 500 259 95 446 444 126 434 580 266 276 761 310 407 498 561 302 509 190 748 444 114 510 482 541 478 510 372 292 735 303 674 45 600 297 503 354 436 444 298 680 230 244 688 386 592 363 726 563 396 704 126 676 59 472 190 282 581
493 582 964 224 336 529 971 353 174 283 690 805 420 715 334 370 600 795 742 910 83 812 879 727 727 81 420 131 691 231 816 323 0 278 229 277 29 504 249 289 546 608 533 640 446 821 227 750 327 569 428 489 482 495 157 129 627 269 302 764 945 340 337 816 322 354 91 685 547 724 197 61 361 200 587 258 673 561 865 272 313 517 281 740 949 823 226 585 789 845 318 118 406 580 473 965 771 19 539 214 615 75 248 794 379 292 793 229 458 881 228 387 417 700 507 509 384 602 641 306 324 249 594 111 166 608 838 671 378 471 786 480 226 306 565 62 60 341 806 522 261 713 793 918 465 255 418 835 29 828 665 695 54 853 478 372 649 317 332 775 304 620 176 305 384 162 381 486 350 850 371 838 912 736 941 169 251 495 338 362 475 889 455 365 797 491 253 321 420 109 318 97 356 770 496 346 797 620 826 615 173 728 760 770 395 520 248 795 474 800 462 117 928 171 720 423 414 374 302 412 329 592 218 69 612 138 574 821 391 598 705 356 979 130 229 378 761 379 800 819 669 497 937 452 881 342 395 418 280 253 748 740 60 901 116 548 865 695 504 669 946 653 611 931 375 923 289 762 374 193 797
266 379 869 135 59 389 871 217 260 389 482 632 179 676 568 335 322 768 526 798 202 732 695 686 463 202 173 372 736 293 604 121 278 0 458 376 284 280 482 353 515 649 358 632 503 731 376 497 560 526 456 326 701 495 196 150 525 340 514 634 874 62 507 652 257 552 256 544 333 547 351 330 337 236 666 19 419 370 600 526 407 515 110 747 852 545 230 434 542 812 114 197 178 357 566 891 588 291 363 172 390 352 509 519 342 254 558 155 352 616 323 491 612 568 656 603 386 536 371 379 435 98 532 172 339 674 605 632 564 431 548 414 330 528 666 215 253 162 605 267 412 717 544 819 215 310 230 706 284 755 395 711 327 640 495 541 462 196 302 496 356 616 448 446 601 153 138 211 131 592 596 596 830 621 866 199 377 222 90 158 597 751 188 180 519 674 126 58 260 296 559 256 365 605 308 117 724 762 647 805 221 621 654 501 607 643 30 579 644 776 219 346 812 191 622 369 172 325 328 141 483 670 312 215 809 319 524 570 445 416 630 96 869 379 162 555 482 424 543 612 483 232 857 413 796 166 623 196 399 397 477 462 276 802 227 356 809 491 655 395 847 670 517 825 245 796 152 585 107 175 703
592 647 899 347 516 550 909 423 216 186 747 819 543 624 110 597 769 688 802 863 268 745 897 638 848 269 548 290 539 228 867 447 229 458 0 484 204 599 24 232 474 467 583 534 323 762 423 852 102 503 338 537 254 409 267 316 599 221 75 745 860 519 139 820 551 130 202 682 627 749 397 171 588 254 420 440 783 620 981 84 209 429 408 612 887 978 455 606 880 739 446 261 616 664 312 883 798 209 588 441 697 203 93 935 607 521 870 453 469 997 194 239 191 689 300 342 606 549 776 518 196 387 540 294 366 450 910 587 159 426 869 453 440 77 385 274 215 445 846 646 126 589 889 858 589 477 638 808 250 755 799 564 181 903 382 167 691 394 333 931 249 514 120 153 155 306 584 640 559 954 143 921 839 706 861 397 158 678 537 474 290 866 598 464 959 267 375 512 645 323 101 324 579 779 564 478 725 408 844 387 403 692 719 895 166 329 429 851 256 689 581 117 883 277 678 403 540 602 525 566 150 425 196 291 384 140 513 917 601 644 645 550 924 279 333 165 926 592 907 866 709 690 860 412 813 443 169 630 479 135 880 891 192 843 231 609 775 749 295 810 884 526 581 876 433 887 392 784 564 420 744
642 754 1207 422 408 741 1212 556 437 560 858 1002 556 975 572 166 633 1060 903 1144 309 1059 1068 987 821 306 549 199 967 497 981 483 277 376 484 0 306 656 498 559 804 883 724 907 721 1064 66 865 568 825 698 686 721 760 395 311 861 540 560 987 1197 415 608 1019 185 615 360 900 708 917 87 319 153 452 864 364 787 742 953 496 589 783 452 1012 1191 855 147 793 913 1108 477 354 378 734 750 1216 960 293 729 204 767 280 463 853 173 159 932 223 683 969 500 664 675 921 779 787 140 850 724 37 601 420 844 315 117 885 980 930 642 724 921 724 54 557 842 275 328 518 980 639 537 983 912 1158 590 70 341 1059 248 1078 746 967 308 1017 747 642 833 523 580 809 573 887 386 582 631 371 382 564 343 954 614 968 1160 966 1192 183 528 517 367 525 751 1109 557 540 819 752 441 377 314 168 552 187 119 972 677 490 1047 890 1019 868 160 962 995 853 646 795 359 955 740 1065 595 389 1160 405 958 668 549 182 87 508 604 869 490 254 861 415 827 937 116 786 952 390 1215 212 441 645 780 108 906 988 855 493 1185 705 1127 521 633 378 28 530 823 785 336 1141 372 727 1121 866 774 739 1187 925 849 1168 583 1150 481 956 410 202 1038
