158
0 355 497 305 202 187 813 454 68 777 162 667 722 462 209 604 685 576 256 298 564 773 907 119 1009 714 496 820 384 321 627 663 425 325 278 745 602 651 601 910 524 190 734 502 198 662 216 344 509 802 698 809 664 791 461 667 1040 820 757 394 664 394 712 717 460 174 737 736 352 482 735 568 771 138 485 46 478 717 811 361 966 786 244 645 274 249 215 155 1014 263 162 474 227 746 462 116 565 921 369 310 648 555 697 669 678 232 759 298 502 755 553 629 639 671 1088 776 393 519 929 750 642 541 227 933 554 260 625 339 105 731 578 755 284 558 436 716 480 960 807 409 724 668 42 228 392 767 397 657 386 725 304 847 691 656 763 755 331 285
355 0 365 353 242 311 458 358 344 423 299 396 369 439 538 250 336 307 103 191 218 597 583 393 656 431 455 470 384 84 519 557 310 116 370 390 357 319 246 556 215 197 400 305 471 358 351 287 261 528 462 634 514 438 421 381 685 686 442 140 349 39 375 366 264 529 429 467 207 354 531 251 559 396 173 401 258 390 513 204 611 453 592 394 191 176 331 481 660 385 288 228 579 597 239 432 426 567 332 202 519 504 420 524 330 583 504 148 496 438 509 321 287 425 733 443 407 215 582 588 339 261 581 580 437 298 509 99 264 422 453 601 279 331 145 361 256 619 462 305 372 396 393 127 181 564 134 302 178 374 310 505 360 338 479 463 427 292
497 365 0 671 296 583 577 718 438 539 337 731 570 140 560 471 568 652 348 221 360 276 523 434 810 754 810 542 723 438 155 193 72 471 264 532 176 603 448 640 548 329 415 89 456 671 629 152 161 355 231 313 878 538 115 270 777 337 385 505 325 371 634 469 629 633 728 797 563 14 243 285 281 614 513 523 622 383 396 563 712 710 640 740 242 494 614 652 738 677 335 168 643 254 603 486 791 658 139 546 884 154 278 176 433 641 299 249 183 389 867 290 514 219 838 700 176 250 777 950 657 210 662 740 802 609 874 270 400 721 818 262 213 135 502 508 619 618 505 663 480 251 537 375 183 917 499 496 186 585 200 526 636 638 337 342 736 615
305 353 671 0 408 119 747 171 361 720 414 453 625 692 501 533 577 379 325 451 553 933 923 422 890 504 191 779 78 270 824 863 603 242 539 679 705 509 544 848 384 355 738 636 504 482 95 541 607 881 811 970 374 740 683 735 957 1008 789 272 698 378 572 680 244 407 550 509 176 658 874 602 904 203 363 336 273 733 864 185 886 628 505 416 433 182 90 300 943 70 407 571 481 923 266 421 281 854 581 157 352 779 773 846 651 488 856 422 744 784 247 673 550 776 992 620 634 569 792 459 463 614 463 820 263 62 328 417 323 545 288 929 496 674 317 655 277 939 783 150 683 749 308 296 505 493 279 584 499 620 527 828 542 494 832 816 75 61
202 242 296 408 0 303 667 503 151 629 63 628 599 285 320 478 572 536 148 102 409 573 723 173 882 667 577 662 474 261 434 472 224 285 142 603 403 562 468 757 454 59 561 301 237 598 347 146 315 604 497 610 698 639 279 474 893 627 572 348 483 277 616 562 455 355 671 699 358 282 533 392 569 318 411 233 462 539 619 363 820 695 389 619 80 258 335 357 863 397 54 282 384 548 442 222 600 771 178 325 693 375 502 471 522 385 559 120 335 572 636 445 519 471 947 684 225 341 816 780 579 352 396 806 600 347 676 177 103 664 622 557 90 358 373 573 461 788 641 448 571 472 243 148 201 774 347 526 195 606 119 678 602 580 568 563 462 361
187 311 583 119 303 0 749 272 241 717 299 518 638 588 387 531 594 433 251 362 527 853 894 302 917 568 309 771 197 240 731 769 512 224 426 679 641 539 537 850 409 255 711 560 385 530 46 443 542 828 745 890 481 735 581 683 969 920 752 279 659 344 603 668 303 307 604 582 203 569 800 560 833 109 378 220 328 701 821 214 896 669 400 488 341 139 33 213 950 95 293 505 378 837 315 303 384 858 480 165 463 678 720 759 635 385 797 339 637 748 366 629 557 712 1010 660 527 519 826 567 510 557 364 844 371 76 440 349 209 598 395 844 393 604 326 653 330 926 768 232 673 693 193 217 430 592 285 585 424 636 422 812 576 533 782 769 160 104
813 458 577 747 667 749 0 653 796 39 730 426 132 714 985 217 182 424 557 575 257 615 265 836 232 405 749 68 738 511 668 690 582 524 754 69 416 269 213 101 368 639 178 489 904 345 781 624 421 391 450 635 668 41 689 334 227 730 250 476 259 419 229 110 528 987 338 449 570 579 535 299 533 846 384 859 499 210 320 561 153 249 1046 467 591 610 760 937 202 801 721 431 1035 656 496 881 639 109 654 596 698 723 355 623 149 1038 425 547 761 240 780 288 197 424 279 246 726 346 217 694 351 369 1039 164 668 710 705 490 717 335 666 651 656 446 430 97 494 214 112 625 99 365 852 585 486 616 469 163 491 145 675 139 260 308 349 325 820 692
454 358 718 171 503 272 653 0 498 632 527 298 522 770 659 455 472 241 379 514 510 955 864 561 762 348 102 697 110 280 874 912 657 246 644 590 709 392 474 751 287 444 683 664 647 344 262 612 618 860 813 991 209 655 756 717 845 1044 747 228 664 366 450 608 126 575 404 346 154 707 887 578 913 371 284 491 154 686 829 154 778 493 671 256 501 245 251 471 837 241 518 586 648 956 160 570 112 753 657 178 195 847 757 883 586 655 847 476 825 740 151 646 459 775 872 486 721 557 660 295 328 610 632 698 101 195 174 448 442 400 124 960 580 688 255 571 159 860 711 56 607 737 465 362 537 322 235 500 533 514 614 756 417 365 808 788 214 169
68 344 438 361 151 241 796 498 0 759 100 688 714 395 194 594 681 595 241 252 542 713 871 63 1001 733 549 798 437 327 563 599 367 338 210 729 554 655 588 890 533 157 704 451 150 674 276 285 465 755 647 749 706 771 396 625 1024 756 720 408 629 384 714 696 488 204 750 758 381 423 679 535 716 206 492 85 504 684 770 389 949 790 249 669 229 273 272 216 996 325 102 432 239 683 486 88 607 903 306 340 693 489 653 607 656 242 710 261 434 719 607 593 632 622 1074 780 326 485 926 792 655 501 248 925 599 309 672 310 80 743 622 693 224 509 445 700 504 931 781 449 703 623 101 220 350 803 409 645 344 719 241 819 695 664 719 713 393 332
777 423 539 720 629 717 39 632 759 0 692 419 122 676 947 187 169 410 521 536 219 586 261 799 270 403 730 66 714 478 633 656 543 493 714 42 381 257 180 133 346 602 148 451 866 337 750 585 382 368 419 608 659 23 651 301 265 701 224 448 224 384 225 71 506 951 339 449 543 541 505 260 505 814 358 822 478 179 300 534 191 257 1008 459 552 578 730 903 237 772 683 392 998 625 474 844 624 144 615 567 687 686 324 590 110 1001 398 509 723 214 764 251 173 391 318 252 687 307 247 690 341 331 1002 201 652 681 694 452 680 335 652 621 617 409 403 64 473 228 98 602 60 332 817 549 447 615 441 135 452 138 635 136 253 298 323 299 794 664
162 299 337 414 63 299 730 527 100 692 0 675 661 301 257 539 632 583 199 164 473 613 785 110 945 717 592 725 485 306 464 501 267 326 126 666 459 618 530 821 506 103 624 354 174 650 341 185 374 660 549 649 728 702 299 534 957 658 634 393 545 335 674 626 493 299 724 747 390 323 579 455 616 293 464 185 502 602 678 396 883 752 327 663 143 284 333 315 926 392 10 342 323 584 483 160 629 835 206 354 720 394 560 508 586 323 613 183 344 634 651 507 580 525 1010 742 234 404 877 812 631 413 336 868 626 355 701 240 90 717 649 593 124 413 423 636 502 851 705 473 635 530 200 191 263 812 393 588 257 668 142 741 659 634 626 621 459 373
667 396 731 453 628 518 426 298 688 419 675 0 297 828 876 299 253 92 480 587 403 902 679 748 479 51 369 486 406 369 875 909 691 351 764 380 650 167 326 510 184 573 523 651 834 83 527 681 585 739 736 933 243 443 808 617 578 1008 601 282 543 373 197 425 214 821 110 71 318 724 822 491 837 628 224 712 191 539 687 308 519 209 908 46 587 417 511 731 579 522 665 565 888 921 206 774 236 508 725 360 275 882 655 860 423 894 746 545 885 592 383 543 274 699 595 205 802 499 373 270 84 553 878 424 267 449 287 491 613 108 258 921 675 648 254 372 189 641 515 303 420 645 692 484 557 203 282 316 556 282 706 555 166 123 686 663 509 422
722 369 570 625 599 638 132 522 714 122 661 297 0 698 907 121 50 291 472 518 212 667 382 761 287 282 617 188 611 407 686 714 559 415 704 84 435 136 133 228 241 562 243 481 835 214 666 585 409 468 496 692 537 145 674 373 332 780 323 359 292 330 104 141 398 895 220 328 450 569 584 287 590 740 263 769 369 266 406 440 260 153 962 337 529 501 646 835 318 682 650 407 948 699 368 802 506 231 621 479 566 724 404 652 156 952 489 484 750 314 648 307 83 463 372 145 697 321 218 567 219 361 949 211 535 593 573 423 634 216 533 696 606 452 312 84 364 346 218 497 133 404 759 496 443 493 353 76 446 18 629 258 131 176 418 394 697 573
462 439 140 692 285 588 714 770 395 676 301 828 698 0 472 592 691 744 390 256 486 350 661 372 947 857 852 682 754 498 179 210 141 529 188 666 317 715 571 780 644 337 555 225 368 776 633 157 293 484 358 382 948 676 25 411 918 368 525 576 465 456 754 605 698 567 839 897 617 136 346 418 383 594 605 476 696 524 532 619 852 831 555 832 268 529 621 609 879 683 303 291 562 307 677 419 856 798 113 591 950 93 416 240 568 559 425 297 57 530 911 430 636 353 978 821 70 377 910 1026 761 345 586 876 861 631 936 340 383 832 880 318 196 275 584 641 694 759 645 713 617 390 496 409 272 1003 572 623 272 712 165 667 751 747 472 479 748 642
209 538 560 501 320 387 985 659 194 947 257 876 907 472 0 786 875 784 435 421 728 819 1040 148 1194 922 691 982 580 520 652 682 498 529 295 919 705 849 780 1077 726 346 881 597 104 867 406 418 627 904 786 853 869 958 483 786 1212 839 889 599 802 577 909 882 670 132 942 945 561 546 802 712 840 303 685 168 688 859 929 570 1138 984 82 854 401 458 412 236 1182 447 266 597 93 779 671 105 771 1090 421 520 851 560 809 709 842 88 853 440 491 889 745 764 825 767 1264 974 404 661 1120 955 847 669 122 1117 759 464 828 495 275 935 783 790 362 658 638 890 689 1109 962 616 890 779 194 414 519 976 601 837 513 912 363 998 889 858 874 872 509 490
604 250 471 533 478 531 217 455 594 187 539 299 121 592 786 0 99 256 352 398 113 606 409 640 407 305 556 246 530 294 600 630 451 307 585 148 359 140 26 318 170 441 234 384 714 222 564 469 312 441 438 636 516 206 568 318 439 716 307 261 243 210 163 152 329 778 264 352 356 468 525 200 539 630 173 650 302 244 393 348 365 239 842 327 409 393 543 723 418 585 529 303 829 630 295 681 464 326 507 379 539 626 355 575 133 833 446 363 645 299 595 244 44 402 485 229 585 221 338 563 215 270 831 331 489 494 540 302 513 258 493 629 487 365 216 122 298 408 255 421 152 347 642 376 328 503 253 53 330 129 511 300 167 182 388 364 607 477
685 336 568 577 572 594 182 472 681 169 632 253 50 691 875 99 0 242 440 496 207 685 425 730 325 243 567 235 561 367 692 721 550 372 684 128 445 88 120 278 192 532 274 480 806 170 621 569 408 497 514 712 490 192 667 391 379 797 354 314 312 298 72 174 348 858 187 290 402 565 603 290 612 697 216 732 319 295 439 393 309 141 927 291 506 459 600 794 367 635 622 401 913 713 318 769 456 281 607 433 518 723 425 663 179 916 513 460 744 345 598 321 55 480 416 132 685 318 245 523 172 363 912 250 485 546 525 399 600 182 484 711 585 457 267 120 314 395 262 448 168 422 721 461 428 453 308 77 430 43 611 303 90 130 446 422 648 526
576 307 652 379 536 433 424 241 595 410 583 92 291 744 784 256 242 0 388 499 346 840 659 655 521 138 329 476 343 276 800 835 609 258 673 368 586 155 281 518 105 481 490 577 741 103 446 594 514 695 678 872 259 433 724 564 604 943 564 189 496 287 209 400 134 733 172 164 230 645 762 432 780 543 139 621 106 501 650 220 539 252 818 88 497 326 429 646 599 446 572 491 799 855 118 681 214 519 639 271 282 801 604 790 388 804 696 456 801 556 356 489 244 640 630 245 714 431 419 311 86 487 790 457 243 368 285 404 520 166 242 856 585 579 163 353 103 637 498 232 397 591 603 391 475 265 190 287 474 280 617 541 176 124 642 619 441 341
256 103 348 325 148 251 557 379 241 521 199 480 472 390 435 352 440 388 0 134 308 608 660 290 759 519 465 564 374 114 502 541 282 142 286 489 390 420 347 653 307 96 482 312 369 451 296 233 291 579 494 645 562 534 376 435 785 683 513 201 419 142 477 460 314 430 525 551 226 335 551 320 583 316 264 301 317 467 576 229 710 554 490 471 122 145 278 392 758 339 188 254 478 598 298 329 467 665 277 202 561 468 470 521 422 481 545 98 446 510 523 386 390 461 834 544 345 275 685 642 432 308 481 683 471 263 546 98 161 517 490 604 206 354 225 460 316 706 552 323 467 443 296 34 181 630 199 404 175 477 239 592 460 435 534 522 393 267
298 191 221 451 102 362 575 514 252 536 164 587 518 256 421 398 496 499 134 0 318 492 621 274 796 621 599 565 506 241 372 411 151 273 187 513 304 498 385 662 405 112 460 206 331 546 408 99 213 504 401 529 692 544 242 372 799 558 470 322 381 217 547 468 442 457 615 658 360 207 444 292 479 400 364 333 442 438 517 362 727 626 491 586 23 277 392 452 767 455 156 179 486 475 422 324 599 676 144 336 693 333 400 397 427 487 461 42 313 470 658 343 442 373 854 616 216 240 736 770 528 249 498 720 604 389 679 99 193 608 623 482 90 260 335 484 440 688 542 458 477 371 340 157 99 752 319 442 93 527 119 578 537 522 467 460 515 396
564 218 360 553 409 527 257 510 542 219 473 403 212 486 728 113 207 346 308 318 0 498 369 580 479 414 612 256 567 288 486 517 346 312 500 195 247 252 88 348 246 384 184 272 646 330 565 375 200 354 332 529 603 229 461 217 484 605 238 289 155 182 275 153 387 738 377 461 384 358 418 88 434 614 230 608 366 180 319 377 410 349 791 426 333 389 545 698 454 595 464 195 781 519 354 625 539 362 409 396 621 515 257 462 114 784 349 290 538 232 657 143 155 295 537 339 485 110 427 658 321 157 787 404 560 505 619 233 464 371 568 518 401 252 254 166 362 400 244 466 162 244 605 338 234 605 281 136 237 226 422 286 280 293 301 280 629 493
773 597 276 933 573 853 615 955 713 586 613 902 667 350 819 606 685 840 608 492 498 0 439 705 829 911 1053 557 977 679 174 157 348 713 526 599 253 747 579 638 735 604 437 296 715 828 899 428 337 241 170 37 1088 574 336 294 755 115 366 730 374 590 757 531 850 904 868 958 805 291 82 410 86 890 709 798 836 407 315 802 708 819 902 923 514 751 883 928 712 945 611 369 907 59 820 755 1012 657 408 795 1102 275 263 110 510 905 192 513 348 375 1107 363 641 204 817 811 415 409 832 1150 819 354 929 774 1028 872 1095 517 676 862 1040 48 489 268 714 585 833 556 511 902 542 262 813 639 428 1102 723 608 434 684 472 508 770 789 270 292 1001 874
907 583 523 923 723 894 265 864 871 261 785 679 382 661 1040 409 425 659 660 621 369 439 0 895 419 664 965 197 932 658 552 560 561 682 764 298 348 513 390 231 580 717 185 455 944 596 934 629 413 199 314 447 914 238 637 257 323 547 151 655 242 551 486 259 738 1075 600 710 751 531 373 340 354 975 580 948 712 193 132 744 291 515 1112 716 643 758 913 1051 279 965 777 442 1107 493 704 946 872 248 642 765 941 634 245 490 277 1108 257 610 693 151 1005 278 415 309 384 511 697 388 456 949 598 371 1119 384 898 875 945 568 802 596 900 485 679 394 615 307 707 118 164 826 262 272 949 693 521 876 647 372 528 399 686 126 513 556 191 181 999 863
119 393 434 422 173 302 836 561 63 799 110 748 761 372 148 640 730 655 290 274 580 705 895 0 1047 792 611 834 499 383 547 581 367 397 183 771 567 708 632 928 589 198 734 460 87 732 335 285 484 767 654 740 769 809 376 643 1064 739 744 466 655 432 767 733 551 198 807 818 443 420 678 565 715 255 547 112 565 712 788 451 990 843 217 730 253 336 333 242 1034 383 118 452 213 671 547 52 670 942 297 403 756 465 668 597 693 213 719 292 404 744 668 618 679 631 1116 833 301 514 975 855 712 523 229 970 662 372 735 346 135 800 686 681 225 520 502 741 566 962 814 512 742 639 138 272 373 866 468 690 367 767 234 851 749 720 735 731 451 395
1009 656 810 890 882 917 232 762 1001 270 945 479 287 947 1194 407 325 521 759 796 479 829 419 1047 0 437 845 276 863 692 897 917 814 697 979 284 647 380 414 192 509 848 404 722 1119 418 941 852 653 593 671 845 711 272 922 561 130 943 464 637 490 617 317 341 649 1182 369 466 720 811 752 530 744 1022 539 1056 619 437 518 710 128 271 1249 525 809 783 922 1119 160 952 935 662 1236 875 623 1088 715 174 884 753 747 955 578 848 379 1239 637 764 994 456 862 520 370 649 120 276 957 576 106 709 434 602 1236 76 746 865 763 705 920 370 737 869 881 678 590 313 615 313 320 750 330 591 1046 783 712 620 631 356 716 283 901 322 348 398 559 537 958 843
714 431 754 504 667 568 405 348 733 403 717 51 282 857 922 305 243 138 519 621 414 911 664 792 437 0 417 468 457 411 894 927 718 395 801 366 662 165 332 483 216 614 517 672 878 84 578 713 603 738 743 941 276 426 835 623 541 1020 597 326 546 405 178 417 265 870 71 47 367 747 831 503 844 678 258 759 240 536 682 357 486 172 956 93 622 465 562 782 545 573 706 586 937 934 255 820 281 479 757 409 311 907 659 875 419 942 749 579 913 587 427 549 274 707 555 170 834 515 331 289 96 568 928 386 313 500 325 524 657 71 301 933 710 664 294 362 238 618 500 354 411 652 741 526 585 211 325 313 584 265 741 539 152 122 686 662 560 473
496 455 810 191 577 309 749 102 549 730 592 369 617 852 691 556 567 329 465 599 612 1053 965 611 845 417 0 795 112 374 965 1004 746 340 715 688 809 484 575 845 386 520 785 759 694 427 285 696 716 962 913 1089 206 753 840 818 934 1139 849 329 766 465 539 708 227 592 479 405 248 798 985 680 1012 390 386 527 253 788 931 250 869 574 691 324 585 323 281 481 928 247 584 683 667 1052 261 612 139 847 739 263 175 933 859 977 687 674 948 563 906 842 59 748 557 875 958 568 800 658 740 284 413 710 646 784 108 239 149 541 504 476 128 1056 659 786 357 669 258 958 810 150 707 838 499 443 631 337 336 599 626 607 692 855 506 453 910 890 195 219
820 470 542 779 662 771 68 697 798 66 725 486 188 682 982 246 235 476 564 565 256 557 197 834 276 468 795 0 776 531 621 640 555 548 737 108 374 324 235 99 410 640 129 456 897 403 806 604 393 327 395 575 725 43 656 285 238 671 190 507 217 432 290 103 570 994 403 513 603 545 477 277 473 864 419 865 542 161 254 594 170 317 1047 526 583 632 785 951 202 830 716 408 1037 600 538 880 691 116 630 624 754 682 302 572 141 1040 365 542 725 181 830 251 237 372 297 313 699 328 278 756 408 341 1043 217 719 738 760 488 721 399 719 595 642 408 462 126 538 163 46 665 98 315 861 594 471 680 499 197 477 204 657 71 319 365 287 264 854 722
384 384 723 78 474 197 738 110 437 714 485 406 611 754 580 530 561 343 374 506 567 977 932 499 863 457 112 776 0 300 877 916 656 268 609 672 741 486 545 838 370 418 748 680 582 447 173 600 645 907 846 1013 300 735 744 761 939 1057 805 278 717 402 547 682 214 484 510 456 183 710 913 625 942 280 357 414 244 747 884 189 870 595 582 366 490 229 169 375 928 140 477 609 558 971 243 499 211 842 642 182 276 838 801 895 656 566 887 473 807 799 169 695 541 810 970 588 699 596 762 384 429 645 539 797 190 129 251 459 395 506 214 976 559 713 317 650 249 939 785 113 683 778 387 349 549 424 285 579 544 604 591 830 515 465 856 839 104 112
321 84 438 270 261 240 511 280 327 478 306 369 407 498 520 294 367 276 114 241 288 679 658 383 692 411 374 531 300 0 593 631 378 34 400 441 440 329 298 611 206 204 473 385 468 348 277 341 345 611 545 716 450 496 482 464 734 765 520 87 428 108 391 428 201 491 423 440 126 426 614 331 642 335 165 368 203 466 594 125 660 465 565 358 233 101 256 428 713 307 296 310 549 677 183 415 358 620 386 118 452 570 503 603 394 553 588 200 554 515 430 402 324 509 778 455 457 298 609 529 328 345 546 617 365 218 439 167 248 416 383 681 319 413 118 414 202 685 528 225 433 479 355 115 256 515 86 348 252 408 352 572 369 337 561 545 345 209
627 519 155 824 434 731 668 874 563 633 464 875 686 179 652 600 692 800 502 372 486 174 552 547 897 894 965 621 877 593 0 38 221 627 364 635 253 737 575 714 695 475 492 223 548 810 777 289 290 357 238 204 1031 627 170 335 845 193 440 659 409 523 762 567 783 744 863 939 719 167 191 402 225 753 662 647 775 460 420 719 787 833 734 887 391 648 763 779 802 826 464 309 741 127 757 595 946 733 258 702 1039 100 323 69 537 739 297 404 174 447 1022 383 641 252 907 824 248 380 880 1102 798 329 765 833 957 762 1029 425 538 856 973 138 345 235 654 614 772 662 579 818 579 306 664 529 338 1066 653 617 341 702 322 589 767 775 362 377 887 768
663 557 193 863 472 769 690 912 599 656 501 909 714 210 682 630 721 835 541 411 517 157 560 581 917 927 1004 640 916 631 38 0 260 665 397 659 278 769 605 731 730 514 512 258 578 843 815 327 323 362 250 182 1068 648 204 355 860 158 456 696 432 560 791 591 820 777 894 972 757 206 191 431 220 790 697 682 812 480 428 757 804 862 765 922 430 687 801 814 817 864 501 344 773 102 794 629 983 750 295 740 1076 123 339 70 562 770 303 442 197 463 1061 408 671 268 922 853 280 411 903 1138 831 360 797 854 994 800 1066 463 575 888 1010 115 382 264 691 640 809 672 597 857 603 325 700 567 375 1101 690 645 379 730 359 605 798 807 373 389 925 807
425 310 72 603 224 512 582 657 367 543 267 691 559 141 498 451 550 609 282 151 346 348 561 367 814 718 746 555 656 378 221 260 0 411 207 531 213 575 430 654 507 257 432 105 396 637 558 82 162 407 288 385 824 545 118 303 793 408 415 450 343 322 613 472 574 564 699 759 502 58 311 283 349 541 469 452 569 403 439 503 725 690 577 697 171 427 543 580 755 606 264 152 578 326 550 419 735 671 82 483 829 193 318 248 434 577 355 183 196 418 804 306 495 270 852 680 144 239 772 899 622 214 596 741 744 540 817 212 327 692 761 334 143 166 453 504 567 648 522 601 483 290 465 307 134 872 445 483 135 572 134 548 610 607 382 383 666 547
325 116 471 242 285 224 524 246 338 493 326 351 415 529 529 307 372 258 142 273 312 713 682 397 697 395 340 548 268 34 627 665 411 0 426 455 473 327 313 625 199 227 497 419 482 337 257 372 378 641 578 749 420 511 514 494 745 799 546 70 455 135 390 446 172 491 413 422 92 460 647 360 675 325 161 371 177 491 622 91 671 461 569 337 263 86 236 422 725 283 316 343 552 711 157 425 326 633 417 87 420 603 533 637 414 557 619 232 586 541 396 430 333 542 787 452 487 329 610 499 317 377 548 623 332 193 406 201 261 406 350 715 348 447 111 428 176 705 548 191 450 510 356 136 290 489 72 361 286 414 382 592 367 330 591 574 318 181
278 370 264 539 142 426 754 644 210 714 126 764 704 188 295 585 684 673 286 187 500 526 764 183 979 801 715 737 609 400 364 397 207 426 0 694 420 685 571 836 586 201 622 311 191 728 468 135 353 614 493 560 840 721 193 506 974 555 616 487 536 401 735 644 597 380 799 835 500 251 506 459 544 415 543 289 603 596 646 505 903 814 377 757 180 399 459 422 940 518 132 331 381 489 584 231 743 851 126 467 835 281 524 416 604 379 561 226 223 618 774 498 629 477 1031 803 117 409 922 923 710 401 403 904 742 480 817 286 216 792 764 499 98 372 509 666 602 845 710 589 655 495 310 290 267 915 485 628 262 714 80 740 724 707 589 589 586 496
745 390 532 679 603 679 69 590 729 42 666 380 84 666 919 148 128 368 489 513 195 599 298 771 284 366 688 108 672 441 635 659 531 455 694 0 382 216 144 170 304 573 165 443 840 297 712 567 373 390 430 623 618 65 641 308 295 714 245 408 229 350 188 69 464 919 304 412 503 533 517 248 520 777 317 790 436 193 325 493 221 229 978 419 527 540 691 868 271 733 656 378 967 636 432 815 582 178 599 527 646 682 336 595 99 970 416 483 715 235 721 251 131 400 345 222 673 292 245 651 301 322 971 211 610 642 652 425 650 300 610 632 596 405 362 29 431 270 134 561 57 340 784 516 427 577 401 95 431 101 616 175 215 258 343 318 753 624
602 357 176 705 403 641 416 709 554 381 459 650 435 317 705 359 445 586 390 304 247 253 348 567 647 662 809 374 741 440 253 278 213 473 420 382 0 499 332 470 481 414 244 109 606 578 686 288 98 200 105 287 835 376 292 94 605 358 208 482 157 343 516 314 600 758 623 708 563 183 178 159 203 698 456 637 584 212 226 559 543 585 782 669 328 523 668 756 565 728 454 135 781 271 569 619 761 488 295 559 849 308 104 217 284 780 157 309 355 213 861 130 397 71 667 576 349 156 626 897 568 101 796 581 777 647 843 292 497 617 789 271 343 47 463 361 581 442 334 658 326 76 645 423 213 849 475 368 220 452 344 351 525 540 169 169 777 644
651 319 603 509 562 539 269 392 655 257 618 167 136 715 849 140 88 155 420 498 252 747 513 708 380 165 484 324 486 329 737 769 575 327 685 216 499 0 167 362 130 515 355 517 789 85 562 581 447 573 578 776 402 280 693 457 453 856 434 262 380 285 64 258 272 819 125 213 340 598 666 340 678 647 166 697 242 372 519 330 385 135 894 203 504 411 542 747 445 572 608 434 878 771 244 743 369 363 623 375 430 757 494 714 255 883 584 458 771 425 512 384 108 542 483 125 701 357 286 437 85 408 875 311 398 485 436 398 574 119 396 770 589 504 216 206 237 483 349 373 252 486 684 435 445 370 257 149 446 124 617 391 40 44 521 497 578 462
601 246 448 544 468 537 213 474 588 180 530 326 133 571 780 26 120 281 347 385 88 579 390 632 414 332 575 235 545 298 575 605 430 313 571 144 332 167 0 313 191 434 211 360 705 249 571 452 288 415 411 609 540 198 547 291 439 689 283 272 217 207 187 136 347 776 290 379 368 445 498 174 512 633 190 647 322 220 369 360 364 261 837 353 397 398 550 724 415 594 520 281 825 604 314 675 486 322 489 389 562 603 329 549 112 828 420 351 624 275 615 217 66 375 487 251 566 198 351 589 242 245 828 338 511 503 563 291 508 284 515 603 472 340 229 116 317 395 240 437 138 320 640 373 310 530 264 58 313 143 496 285 193 209 362 339 619 487
910 556 640 848 757 850 101 751 890 133 821 510 228 780 1077 318 278 518 653 662 348 638 231 928 192 483 845 99 838 611 714 731 654 625 836 170 470 362 313 0 468 733 225 555 993 432 882 703 492 400 483 653 753 119 755 379 138 751 276 577 315 517 314 195 626 1084 413 524 671 644 561 376 552 947 484 955 597 257 325 662 73 316 1140 554 679 710 861 1037 105 902 811 507 1130 685 595 974 731 19 730 697 785 778 391 662 235 1132 445 637 823 267 875 350 298 463 198 315 798 426 226 773 441 440 1135 152 761 812 795 582 812 412 758 678 740 506 531 197 592 142 136 725 186 407 950 682 569 691 570 265 574 238 756 129 347 397 368 346 921 793
524 215 548 384 454 409 368 287 533 346 506 184 241 644 726 170 192 105 307 405 246 735 580 589 509 216 386 410 370 206 695 730 507 199 586 304 481 130 191 468 0 403 402 471 673 143 432 497 408 598 575 768 357 368 623 463 572 838 472 132 398 189 194 321 160 691 218 253 211 541 658 328 677 516 42 571 133 410 557 201 502 262 768 192 406 282 413 617 559 444 496 385 752 749 128 621 296 472 541 245 376 698 503 684 303 756 595 363 701 465 424 389 172 537 607 253 618 326 416 415 125 381 747 437 319 356 375 308 454 211 325 750 494 474 88 283 128 573 424 257 320 489 556 317 373 371 128 212 372 236 525 469 168 131 545 523 455 334
190 197 329 355 59 255 639 444 157 602 103 573 562 337 346 441 532 481 96 112 384 604 717 198 848 614 520 640 418 204 475 514 257 227 201 573 414 515 434 733 403 0 547 319 274 547 301 187 319 612 513 641 639 614 328 476 867 665 566 292 474 234 572 538 397 358 621 645 299 315 557 379 592 287 360 230 404 528 621 304 793 650 406 563 89 199 287 341 838 350 92 284 397 584 385 241 541 746 226 266 634 423 507 506 498 399 572 107 389 565 579 438 481 484 918 639 280 329 778 721 528 350 405 772 541 293 617 152 85 613 562 592 141 372 320 544 404 774 623 389 546 478 233 90 202 716 291 491 195 569 173 661 556 531 573 565 413 305
734 400 415 738 561 711 178 683 704 148 624 523 243 555 881 234 274 490 482 460 184 437 185 734 404 517 785 129 748 473 492 512 432 497 622 165 244 355 211 225 402 547 0 331 791 440 750 488 271 225 271 459 749 137 530 157 362 552 80 470 90 366 344 101 557 906 461 565 566 419 356 169 356 795 399 777 533 32 164 559 298 393 950 556 480 574 729 874 323 780 616 291 943 477 524 783 698 243 510 580 772 553 176 445 101 945 250 443 597 70 826 126 249 245 423 387 576 220 395 792 439 221 952 342 722 690 774 395 631 456 727 473 530 280 432 158 528 227 90 643 110 187 776 515 363 725 462 206 368 261 542 118 365 400 177 152 813 678
502 305 89 636 301 560 489 664 451 451 354 651 481 225 597 384 480 577 312 206 272 296 455 460 722 672 759 456 680 385 223 258 105 419 311 443 109 517 360 555 471 319 331 0 496 588 606 178 72 307 196 333 811 450 200 197 693 380 310 442 241 304 547 380 566 654 643 716 511 89 240 195 274 606 439 535 555 301 335 509 627 621 674 664 230 454 589 657 655 650 349 86 673 292 538 512 729 573 187 500 820 243 213 219 344 673 258 220 272 313 815 205 427 171 753 612 246 162 688 880 575 121 690 651 741 575 812 220 399 637 756 296 235 61 434 418 552 543 421 610 392 184 544 344 131 842 436 407 137 496 234 445 549 554 278 278 705 577
198 471 456 504 237 385 904 647 150 866 174 834 835 368 104 714 806 741 369 331 646 715 944 87 1119 878 694 897 582 468 548 578 396 482 191 840 606 789 705 993 673 274 791 496 0 816 414 318 530 803 684 748 856 875 378 688 1130 735 794 552 709 509 846 798 638 211 890 905 530 443 697 623 735 325 630 175 652 767 830 538 1057 924 186 817 314 423 414 288 1099 460 184 503 194 675 634 87 757 1007 317 490 842 457 710 604 758 191 751 356 389 795 751 670 755 666 1184 914 299 572 1051 942 796 574 220 1043 748 456 821 415 221 884 772 685 264 558 586 811 652 1017 874 599 808 680 204 355 428 953 553 763 422 842 262 909 830 802 775 773 527 481
662 358 671 482 598 530 345 344 674 337 650 83 214 776 867 222 170 103 451 546 330 828 596 732 418 84 427 403 447 348 810 843 637 337 728 297 578 85 249 432 143 547 440 588 816 0 546 635 519 658 660 858 323 360 754 540 508 936 519 267 464 328 117 343 237 824 75 130 326 665 747 419 761 640 186 708 208 457 605 316 445 148 905 122 548 414 528 742 505 548 639 503 887 850 217 762 302 430 678 366 353 824 577 791 341 893 668 504 833 510 448 466 193 624 530 142 755 431 315 353 20 484 881 357 333 468 362 447 596 68 327 849 635 579 229 289 205 560 432 336 337 569 691 461 504 285 265 234 504 200 665 472 85 40 606 582 545 442
216 351 629 95 347 46 781 262 276 750 341 527 666 633 406 564 621 446 296 408 565 899 934 335 941 578 285 806 173 277 777 815 558 257 468 712 686 562 571 882 432 301 750 606 414 546 0 489 587 872 790 936 469 769 626 727 998 966 793 306 700 383 626 704 313 313 618 588 222 615 846 601 879 108 404 242 340 741 863 232 926 688 410 495 387 176 20 209 981 50 336 550 387 883 329 329 374 890 525 188 447 723 763 806 671 394 841 385 681 789 339 671 587 757 1038 680 570 562 848 554 527 601 369 869 357 78 423 394 252 613 382 890 438 650 354 685 343 962 805 231 708 737 214 263 476 585 313 617 470 664 467 849 598 553 826 812 118 105
344 287 152 541 146 443 624 612 285 585 185 681 585 157 418 469 569 594 233 99 375 428 629 285 852 713 696 604 600 341 289 327 82 372 135 567 288 581 452 703 497 187 488 178 318 635 489 0 218 485 369 465 792 590 143 372 842 481 481 421 401 308 626 514 542 482 702 751 459 138 394 327 431 465 457 370 541 461 513 461 772 705 496 681 111 373 475 499 807 538 182 197 497 402 521 337 698 719 45 434 792 238 392 325 475 496 435 140 213 483 755 363 514 348 900 694 120 278 802 870 618 267 514 778 704 479 778 189 250 695 723 411 60 240 432 539 539 710 576 556 525 362 384 252 141 850 417 508 138 596 56 606 619 609 457 456 600 488
509 261 161 607 315 542 421 618 465 382 374 585 409 293 627 312 408 514 291 213 200 337 413 484 653 603 716 393 645 345 290 323 162 378 353 373 98 447 288 492 408 319 271 72 530 519 587 218 0 293 203 373 754 384 268 159 631 432 263 392 183 252 475 311 513 670 573 648 469 160 269 124 297 600 378 546 500 243 304 466 562 549 700 600 236 425 569 661 594 629 367 37 697 343 484 535 676 509 239 462 766 315 187 276 274 697 255 213 343 265 770 145 355 170 690 540 306 90 616 820 508 52 710 582 690 548 759 193 404 566 704 346 266 69 378 347 497 491 360 566 323 158 552 324 117 779 385 335 124 424 274 388 478 485 254 247 679 547
802 528 355 881 604 828 391 860 755 368 660 739 468 484 904 441 497 695 579 504 354 241 199 767 593 738 962 327 907 611 357 362 407 641 614 390 200 573 415 400 598 612 225 307 803 658 872 485 293 0 126 253 954 352 462 146 514 352 144 634 199 505 568 326 740 959 684 785 724 366 173 282 155 892 584 837 720 202 74 719 469 619 982 768 527 702 853 954 470 911 654 329 981 294 707 819 893 419 488 728 974 445 108 292 318 980 60 505 509 154 1010 213 465 137 576 612 531 312 606 1004 655 270 996 543 914 826 973 480 696 679 922 286 542 246 605 383 715 315 280 813 335 135 844 613 410 943 626 425 417 486 541 271 587 618 53 76 955 820
698 462 231 811 497 745 450 813 647 419 549 736 496 358 786 438 514 678 494 401 332 170 314 654 671 743 913 395 846 545 238 250 288 578 493 430 105 578 411 483 575 513 271 196 684 660 790 369 203 126 0 198 931 409 336 123 609 284 207 584 204 447 587 361 700 849 699 790 667 243 88 246 102 799 552 731 684 240 181 663 556 649 865 759 425 629 772 853 567 832 545 240 866 206 669 706 860 502 367 664 947 321 94 180 340 865 68 410 383 215 964 194 472 37 672 641 405 255 667 990 653 202 883 612 878 752 942 396 594 693 889 201 428 141 563 415 680 423 351 762 372 92 740 527 315 938 577 437 322 514 423 355 600 621 123 139 883 750
809 634 313 970 610 890 635 991 749 608 649 933 692 382 853 636 712 872 645 529 529 37 447 740 845 941 1089 575 1013 716 204 182 385 749 560 623 287 776 609 653 768 641 459 333 748 858 936 465 373 253 198 0 1122 595 369 321 767 100 385 765 400 625 784 555 885 939 897 988 841 327 110 441 102 927 743 834 871 430 328 839 722 845 935 954 551 788 920 964 723 982 647 406 941 79 855 790 1047 672 444 832 1136 303 287 143 536 938 210 551 377 395 1143 392 670 234 828 837 448 443 852 1183 850 388 963 793 1063 909 1130 554 713 891 1075 66 525 303 749 610 867 565 529 938 565 290 849 676 465 1134 758 635 471 710 508 523 798 819 287 310 1038 911
664 514 878 374 698 481 668 209 706 659 728 243 537 948 869 516 490 259 562 692 603 1088 914 769 711 276 206 725 300 450 1031 1068 824 420 840 618 835 402 540 753 357 639 749 811 856 323 469 792 754 954 931 1122 0 682 932 821 817 1187 823 374 754 508 439 657 250 782 346 245 339 868 1013 685 1033 577 379 701 256 760 909 335 761 448 879 200 683 443 459 675 820 440 718 727 856 1098 274 780 99 751 837 374 38 1018 860 1029 647 863 953 651 1005 815 184 746 501 893 830 446 907 679 605 86 317 734 838 662 111 405 62 612 646 346 86 1100 768 823 377 607 259 883 751 257 652 846 675 551 695 133 379 544 692 522 801 793 408 360 901 878 398 378
791 438 538 740 639 735 41 655 771 23 702 443 145 676 958 206 192 433 534 544 229 574 238 809 272 426 753 43 735 496 627 648 545 511 721 65 376 280 198 119 368 614 137 450 875 360 769 590 384 352 409 595 682 0 651 293 255 689 209 468 218 399 248 76 528 965 361 471 563 540 493 263 492 830 379 836 500 169 282 554 182 278 1020 482 561 596 748 919 224 792 693 395 1011 615 496 855 647 132 618 586 711 682 314 582 117 1013 385 519 722 200 786 248 195 382 310 274 689 312 258 713 364 332 1016 205 675 701 717 463 693 358 675 610 624 406 423 85 495 205 77 624 67 323 831 563 454 638 460 156 458 161 641 112 276 321 308 284 814 683
461 421 115 683 279 581 689 756 396 651 299 808 674 25 483 568 667 724 376 242 461 336 637 376 922 835 840 656 744 482 170 204 118 514 193 641 292 693 547 755 623 328 530 200 378 754 626 143 268 462 336 369 932 651 0 386 893 362 501 559 440 436 730 580 681 573 817 876 602 111 328 393 365 592 585 478 679 499 509 604 827 807 565 812 255 517 614 611 853 676 301 266 572 296 659 425 840 773 101 578 934 96 392 226 543 569 404 281 78 505 899 405 612 330 953 797 78 353 885 1008 739 320 595 851 846 621 920 322 379 810 865 307 188 251 565 616 677 734 620 699 592 366 497 396 250 985 554 598 251 688 160 642 728 725 449 456 740 632
667 381 270 735 474 683 334 717 625 301 534 617 373 411 786 318 391 564 435 372 217 294 257 643 561 623 818 285 761 464 335 355 303 494 506 308 94 457 291 379 463 476 157 197 688 540 727 372 159 146 123 321 821 293 386 0 513 407 114 490 80 359 463 239 599 830 576 670 579 277 211 138 221 751 445 705 580 124 145 574 453 525 860 642 395 556 707 817 472 765 527 192 857 327 566 695 755 398 385 581 839 399 40 289 216 857 132 368 449 119 867 74 350 91 575 517 442 166 549 876 533 127 870 498 775 679 836 338 561 570 784 323 424 137 463 292 576 348 243 669 251 31 709 469 274 820 482 314 281 390 428 258 477 500 98 88 809 673
1040 685 777 957 893 969 227 845 1024 265 957 578 332 918 1212 439 379 604 785 799 484 755 323 1064 130 541 934 238 939 734 845 860 793 745 974 295 605 453 439 138 572 867 362 693 1130 508 998 842 631 514 609 767 817 255 893 513 0 866 404 692 452 646 395 331 725 1215 470 575 782 781 682 515 669 1069 595 1086 695 393 440 772 74 369 1273 623 816 831 978 1162 44 1015 947 646 1262 806 696 1109 810 123 869 811 852 913 521 789 372 1265 565 773 960 397 956 488 412 593 62 372 937 565 222 823 520 579 1266 155 841 925 865 717 945 471 834 798 878 642 645 324 690 207 272 825 322 539 1079 812 708 736 685 386 713 336 895 255 428 480 489 470 1028 905
820 686 337 1008 627 920 730 1044 756 701 658 1008 780 368 839 716 797 943 683 558 605 115 547 739 943 1020 1139 671 1057 765 193 158 408 799 555 714 358 856 689 751 838 665 552 380 735 936 966 481 432 352 284 100 1187 689 362 407 866 0 481 822 488 683 869 645 945 935 979 1067 891 350 196 517 199 945 809 840 933 522 427 890 821 933 921 1027 579 829 951 972 822 1014 658 461 930 88 916 787 1107 770 451 878 1198 278 378 162 624 926 306 586 349 490 1195 475 752 317 928 925 438 511 947 1252 927 456 955 889 1121 946 1190 599 730 973 1135 87 538 364 810 699 929 665 625 990 656 376 858 712 509 1207 816 720 513 798 516 621 881 898 384 407 1073 951
757 442 385 789 572 752 250 747 720 224 634 601 323 525 889 307 354 564 513 470 238 366 151 744 464 597 849 190 805 520 440 456 415 546 616 245 208 434 283 276 472 566 80 310 794 519 793 481 263 144 207 385 823 209 501 114 404 481 0 527 93 412 424 181 623 924 541 644 622 391 287 193 283 829 464 797 600 62 86 616 348 474 961 633 491 618 773 903 362 827 626 291 956 410 589 794 769 295 496 632 846 511 116 386 178 957 175 459 562 9 893 128 326 188 467 467 555 238 466 869 517 220 968 408 792 738 846 419 652 536 798 404 529 251 493 239 595 233 144 704 190 136 799 546 370 804 520 284 377 341 537 149 445 478 99 74 865 728
394 140 505 272 348 279 476 228 408 448 393 282 359 576 599 261 314 189 201 322 289 730 655 466 637 326 329 507 278 87 659 696 450 70 487 408 482 262 272 577 132 292 470 442 552 267 306 421 392 634 584 765 374 468 559 490 692 822 527 0 441 139 325 408 124 559 343 354 96 494 659 351 685 385 98 441 119 469 607 89 619 394 638 270 317 149 286 485 675 324 382 361 621 733 100 495 286 584 466 119 379 644 530 662 380 626 619 280 633 521 379 420 280 547 731 385 539 329 547 449 247 382 615 564 299 234 369 238 331 336 313 737 404 462 47 383 118 667 511 179 410 509 425 202 321 430 7 313 318 357 437 556 300 262 583 564 347 215
664 349 325 698 483 659 259 664 629 224 545 543 292 465 802 243 312 496 419 381 155 374 242 655 490 546 766 217 717 428 409 432 343 455 536 229 157 380 217 315 398 474 90 241 709 464 700 401 183 199 204 400 754 218 440 80 452 488 93 441 0 320 384 160 542 833 498 594 534 328 292 99 300 735 385 705 521 60 166 528 387 445 872 571 402 526 680 809 414 734 537 206 867 407 509 705 693 333 422 542 774 465 113 366 136 868 203 368 508 91 812 38 272 171 513 437 486 145 471 806 459 134 877 424 715 646 773 326 560 492 722 404 446 190 409 212 517 309 180 619 171 112 707 453 282 747 433 235 288 310 456 205 399 424 146 125 774 637
394 39 371 378 277 344 419 366 384 384 335 373 330 456 577 210 298 287 142 217 182 590 551 432 617 405 465 432 402 108 523 560 322 135 401 350 343 285 207 517 189 234 366 304 509 328 383 308 252 505 447 625 508 399 436 359 646 683 412 139 320 0 339 328 262 569 398 443 220 361 520 224 546 432 148 440 251 358 486 216 571 417 632 375 220 207 362 519 621 415 325 221 619 594 234 471 425 528 352 222 516 516 398 523 292 622 485 175 513 407 518 294 247 410 694 407 429 194 543 579 311 244 621 541 438 326 508 118 303 391 452 597 306 322 131 322 248 582 425 315 334 376 433 166 189 549 133 262 187 335 336 468 325 306 455 438 453 317
712 375 634 572 616 603 229 450 714 225 674 197 104 754 909 163 72 209 477 547 275 757 486 767 317 178 539 290 547 391 762 791 613 390 735 188 516 64 187 314 194 572 344 547 846 117 626 626 475 568 587 784 439 248 730 463 395 869 424 325 384 339 0 243 333 882 116 224 404 631 675 360 684 711 229 759 303 366 508 394 330 79 956 239 555 475 606 810 390 635 664 466 940 785 306 803 418 313 666 439 471 789 498 734 251 945 585 509 808 415 563 393 120 552 422 68 743 385 222 465 127 432 937 249 448 549 480 448 634 112 444 784 637 527 279 186 298 443 322 434 235 494 746 494 486 389 321 149 488 87 664 361 33 85 517 493 640 526
