156
0 364 133 479 251 554 692 355 554 726 795 484 603 644 364 779 328 717 658 794 699 653 742 493 475 351 590 411 710 121 312 529 459 525 726 508 496 504 299 307 737 412 780 150 264 278 784 985 627 52 495 833 286 734 451 666 421 559 215 374 235 590 510 588 589 708 617 274 493 636 225 370 208 378 239 37 191 837 816 522 797 566 716 404 128 701 206 202 545 317 810 512 615 843 223 304 162 528 358 336 749 106 605 264 270 623 159 726 267 324 730 172 593 287 593 632 590 239 564 738 427 321 338 339 533 342 737 553 251 462 589 657 828 621 589 354 313 774 518 341 188 310 235 361 575 747 434 270 766 277 846 740 339 276 126 632
364 0 238 748 178 426 336 445 499 717 501 402 532 334 548 643 278 356 322 708 444 324 714 771 687 233 641 550 570 474 401 344 94 161 477 160 190 681 269 540 447 109 564 515 199 141 539 817 304 332 241 611 207 467 257 622 256 240 452 375 182 483 172 230 662 373 298 603 405 557 245 312 211 189 510 333 411 722 661 714 437 212 372 680 468 395 176 539 572 170 584 499 708 483 241 498 257 411 189 593 724 393 246 517 179 650 383 648 504 124 648 531 706 336 547 731 274 331 200 392 285 229 110 527 216 207 587 781 448 539 767 327 604 729 238 123 53 410 755 541 529 80 356 198 452 416 699 439 417 253 590 569 147 120 426 525
133 238 0 537 175 451 573 383 472 666 665 389 518 512 370 682 291 594 548 711 574 519 676 557 502 233 548 398 609 253 263 411 332 398 602 375 392 514 264 394 607 304 663 282 200 146 662 883 494 121 408 716 225 607 328 592 301 426 240 296 106 494 397 457 555 574 513 369 398 551 189 338 85 298 290 111 260 747 714 540 665 447 582 465 230 570 73 302 491 238 692 442 591 721 184 311 64 427 231 383 684 159 483 305 196 573 167 643 297 191 646 306 576 215 515 611 486 248 439 605 371 265 204 346 399 219 634 591 316 423 602 523 710 603 456 221 185 648 559 416 317 178 259 236 474 613 489 325 632 239 722 633 207 142 231 538
479 748 537 0 709 624 1077 822 539 557 974 551 576 883 223 757 805 1089 1070 702 852 914 592 31 125 575 409 268 717 485 378 674 832 888 862 832 924 191 776 714 923 835 858 418 730 610 900 949 887 532 945 904 754 892 654 571 621 832 298 455 566 615 919 915 378 967 1042 232 560 602 700 849 537 835 248 514 646 768 805 164 1103 959 990 74 356 920 576 293 431 774 893 476 357 1212 697 256 495 602 617 155 592 386 987 233 730 456 371 648 243 642 655 464 318 435 541 355 1017 718 933 1014 900 792 661 236 811 590 746 110 699 352 210 918 903 337 900 663 696 1128 77 762 521 669 710 612 627 993 48 726 1043 753 962 775 635 627 561 633
251 178 175 709 0 553 459 273 601 810 678 508 642 512 545 782 128 489 414 830 613 503 814 727 677 331 706 569 708 334 428 487 256 321 646 338 249 689 107 362 624 174 725 390 30 211 707 970 483 203 244 775 52 639 396 725 383 418 414 441 212 605 273 402 718 551 369 522 514 672 67 174 219 128 460 213 238 855 806 715 603 335 549 635 376 573 172 451 643 66 749 583 756 613 62 487 232 533 304 556 823 323 378 478 21 726 342 765 472 234 767 392 745 372 648 777 343 152 350 568 196 92 234 521 393 307 728 766 270 586 777 506 768 771 414 255 154 554 734 362 377 184 177 313 578 594 661 260 591 84 762 717 262 187 269 649
554 426 451 624 553 0 625 817 111 313 354 79 119 308 408 231 679 615 666 281 231 353 300 655 510 224 302 356 158 669 289 96 444 458 238 373 595 463 660 845 309 532 244 663 582 342 277 432 331 565 661 296 601 270 169 210 172 309 443 199 355 58 554 425 337 393 670 624 68 135 604 721 366 612 495 550 712 302 263 504 548 551 424 590 564 323 399 596 235 579 279 160 390 711 598 404 397 26 249 514 311 489 552 477 565 285 431 222 455 321 222 707 408 276 149 412 653 683 495 446 709 634 325 405 305 245 183 593 767 278 524 355 293 420 396 307 412 621 586 867 738 374 700 240 26 405 587 773 472 637 339 187 292 365 675 99
692 336 573 1077 459 625 0 646 728 939 475 641 744 354 868 779 479 42 89 875 502 307 923 1103 1006 518 905 858 719 791 713 528 246 190 532 262 220 990 491 795 449 285 635 841 461 468 578 893 317 653 274 663 452 498 480 835 501 316 785 664 514 681 185 200 933 308 142 940 639 758 516 482 545 363 845 657 689 864 776 1027 227 126 278 1013 803 388 513 875 833 405 638 752 984 153 514 823 593 624 472 925 934 730 90 850 446 901 719 832 836 435 830 849 990 650 772 1008 154 583 145 276 404 443 416 849 320 498 723 1101 705 826 1073 308 655 1010 230 416 390 115 1078 778 836 410 611 479 647 338 1029 685 277 492 599 688 445 453 729 713
355 445 383 822 273 817 646 0 852 1050 946 765 898 778 718 1049 175 685 574 1089 886 764 1059 831 830 593 928 761 975 342 642 758 506 561 919 598 429 860 177 179 893 397 999 413 247 476 980 1240 747 309 374 1049 237 911 667 975 651 685 570 680 464 867 477 650 932 809 518 596 772 929 214 164 459 293 592 329 175 1119 1075 877 834 541 801 748 467 839 420 529 874 278 1022 825 963 794 219 658 447 796 573 688 1068 461 587 619 267 955 509 1022 622 505 1025 381 944 599 897 981 497 135 578 817 245 221 507 694 661 572 997 905 130 801 944 767 1042 972 668 527 427 757 868 143 332 457 125 580 843 851 779 99 837 192 1034 988 532 455 261 911
554 499 472 539 601 111 728 852 0 219 457 96 49 419 336 238 729 720 763 240 336 464 216 571 419 272 191 274 182 660 253 202 532 554 337 470 679 366 708 857 416 608 319 643 631 391 366 446 441 575 739 365 651 373 254 125 244 415 405 180 390 77 642 529 226 504 763 573 94 83 644 774 393 677 448 558 728 284 283 406 659 646 535 514 539 433 434 557 127 637 354 63 279 820 638 346 411 105 310 447 225 472 651 425 616 175 411 172 403 381 175 690 299 266 48 301 744 717 593 557 773 688 391 339 407 298 212 496 787 187 420 466 363 310 501 375 475 730 494 885 729 436 730 301 99 516 507 796 583 683 425 237 354 417 679 96
726 717 666 557 810 313 939 1050 219 0 603 315 194 609 419 256 939 927 979 161 494 657 38 586 433 488 155 350 263 817 414 410 750 770 482 685 898 366 915 1033 576 827 419 785 840 605 486 407 637 757 958 446 862 524 472 104 464 622 539 371 598 257 861 738 179 689 981 670 313 182 848 984 595 893 562 737 911 230 301 395 845 863 722 561 680 609 639 677 180 851 448 226 203 1019 842 457 602 317 528 524 35 630 866 533 827 110 570 139 515 599 145 836 241 451 171 212 962 915 808 742 988 900 609 433 618 514 281 475 971 271 371 658 448 230 709 594 692 930 489 1066 882 652 925 519 291 692 541 985 765 891 529 324 572 631 852 230
795 501 665 974 678 354 475 946 457 603 0 423 441 167 753 370 775 443 552 482 122 191 573 1004 863 453 644 706 340 916 613 302 448 409 122 350 577 818 769 1033 57 563 196 933 701 519 126 428 201 785 654 203 708 83 352 507 385 261 755 525 559 381 520 323 681 168 586 940 413 433 744 804 586 669 814 776 900 446 347 858 287 477 196 933 849 107 593 898 584 668 182 513 733 484 739 737 636 373 437 852 583 765 449 802 680 617 720 467 781 476 462 966 756 575 480 754 582 831 416 201 756 727 465 746 285 456 326 947 943 632 877 188 196 764 295 446 527 407 940 1039 982 507 855 435 358 137 934 937 209 755 125 283 457 529 893 386
484 402 389 551 508 79 641 765 96 315 423 0 134 353 332 295 636 635 671 324 301 394 312 582 440 177 265 283 226 596 210 131 437 462 312 380 583 399 615 781 374 511 324 587 538 297 354 501 368 499 642 376 558 340 161 221 148 333 364 120 301 106 547 444 295 439 669 544 10 164 554 680 307 581 416 483 649 357 332 439 590 554 468 513 487 378 345 517 193 542 359 112 348 741 548 325 331 53 213 436 322 413 561 398 523 260 355 257 376 285 260 632 360 200 145 371 649 629 503 491 677 594 294 327 323 202 254 527 706 213 466 396 372 376 418 279 379 651 517 805 666 340 644 204 94 458 512 714 519 592 417 263 258 322 607 149
603 532 518 576 642 119 744 898 49 194 441 134 0 421 380 191 771 734 784 192 323 468 183 608 454 312 204 316 140 710 303 216 559 576 319 491 708 398 750 906 405 640 287 692 672 432 340 398 447 624 771 330 693 358 281 91 276 428 454 229 434 65 669 544 241 504 787 620 129 33 688 814 438 714 496 606 776 235 236 436 660 669 536 555 588 429 478 606 151 676 322 107 292 829 682 393 458 124 346 492 193 522 671 472 657 177 461 124 450 419 127 740 317 315 39 313 769 762 614 557 811 729 427 384 424 337 170 527 834 226 444 470 329 323 515 410 512 739 527 932 778 473 776 337 98 512 546 843 582 726 396 199 391 457 728 58
644 334 512 883 512 308 354 778 419 609 167 353 421 0 659 427 608 332 418 527 149 48 588 912 783 322 609 625 370 765 507 221 281 248 181 183 417 748 601 869 117 396 283 788 534 366 233 545 39 630 494 317 541 152 230 506 263 94 634 427 410 356 361 170 643 86 443 816 347 427 578 636 439 502 695 623 737 510 422 788 239 326 115 833 712 61 439 767 541 501 290 461 696 411 573 633 491 317 296 747 599 628 306 688 513 594 589 490 668 321 487 817 712 458 456 719 434 664 263 138 590 559 308 647 119 319 371 874 778 565 819 49 309 726 138 291 362 322 860 873 829 346 689 295 324 111 839 771 166 587 270 335 306 371 736 379
364 548 370 223 545 408 868 718 336 419 753 332 380 659 0 569 660 877 870 536 632 691 446 253 138 356 264 69 519 425 157 452 626 678 644 616 734 144 631 656 702 645 649 379 571 407 685 772 664 409 765 698 596 672 431 398 399 610 149 231 369 407 721 697 250 744 847 252 342 410 554 706 344 664 148 389 554 597 616 170 881 754 767 181 279 696 390 261 252 606 684 273 261 997 550 60 314 385 400 112 450 257 779 118 566 308 211 474 104 434 480 431 234 219 349 275 822 595 723 791 742 636 452 24 590 373 549 233 613 158 232 694 695 262 681 452 500 912 209 697 483 468 595 395 414 770 181 634 820 606 748 572 423 428 478 432
779 643 682 757 782 231 779 1049 238 256 370 295 191 427 569 0 906 759 837 112 285 475 220 788 632 455 357 503 73 891 490 299 644 642 261 557 796 571 889 1075 358 743 175 878 811 572 245 208 462 794 867 191 828 303 388 190 399 472 643 409 586 189 748 585 393 491 853 811 286 159 835 947 597 832 686 778 942 84 48 607 642 732 526 742 775 406 631 796 326 804 198 298 435 831 829 584 626 255 477 681 228 705 722 663 793 315 645 119 641 548 113 925 469 494 220 451 839 915 670 541 929 861 550 574 479 476 58 696 998 413 602 475 195 466 553 531 636 745 701 1098 960 600 932 469 207 483 730 1004 560 867 279 92 519 595 902 148
328 278 291 805 128 679 479 175 729 939 775 636 771 608 660 906 0 516 413 958 722 591 943 821 787 459 832 689 832 375 552 609 331 385 755 425 259 804 29 317 723 221 840 442 98 338 817 1090 575 275 215 889 78 745 519 854 507 515 521 569 341 732 304 474 843 634 360 601 642 800 106 46 346 118 560 292 229 981 929 828 659 369 626 731 457 668 300 529 771 107 862 712 881 630 110 600 353 659 430 657 952 420 414 581 113 853 450 893 578 358 895 429 868 498 776 901 336 116 403 641 105 48 356 635 492 435 852 872 230 711 892 594 881 895 493 375 270 587 838 299 398 305 141 438 705 677 759 207 662 53 868 838 386 314 295 776
717 356 594 1089 489 615 42 685 720 927 443 635 734 332 877 759 516 0 132 857 478 284 910 1115 1013 523 901 863 701 818 720 518 263 201 507 263 257 995 527 831 421 315 610 866 494 482 550 865 297 679 314 635 485 471 477 823 500 305 800 666 529 670 217 191 930 279 184 959 633 745 549 521 561 399 860 683 722 843 753 1032 186 154 247 1026 825 361 531 895 829 438 610 748 982 126 546 833 610 615 478 938 921 749 111 864 477 894 735 816 849 446 814 876 989 658 763 1005 196 618 157 242 444 478 428 858 313 504 703 1108 741 827 1076 284 627 1008 218 425 409 73 1086 815 866 426 646 484 636 305 1041 721 240 526 568 667 454 469 759 700
658 322 548 1070 414 666 89 574 763 979 552 671 784 418 870 837 413 132 0 928 567 375 966 1094 1008 531 932 867 773 748 718 569 245 209 599 293 164 998 428 730 522 246 702 803 411 462 649 963 380 615 200 734 397 568 510 876 526 365 774 679 504 724 151 252 957 384 56 917 671 801 465 410 533 303 831 621 633 922 838 1033 316 118 357 1003 776 459 496 849 860 354 708 781 1007 220 463 820 577 661 485 916 977 707 115 839 398 932 704 880 827 436 879 806 1010 653 809 1031 77 523 170 357 328 382 418 849 363 508 779 1103 643 844 1083 376 726 1031 284 423 374 202 1077 710 788 402 551 492 689 417 1022 621 362 433 675 748 452 443 680 759
794 708 711 702 830 281 875 1089 240 161 482 324 192 527 536 112 958 857 928 0 391 575 122 732 576 499 292 467 156 898 488 368 720 726 370 640 873 511 938 1098 468 813 288 876 860 619 358 248 560 816 940 302 879 413 450 138 453 562 633 420 625 226 828 677 325 596 939 787 316 160 878 1000 630 894 668 798 968 69 148 544 749 818 631 697 771 512 669 781 284 860 311 284 359 935 872 562 651 298 529 647 127 709 813 642 844 246 648 68 621 601 64 926 395 507 202 371 924 953 758 648 991 914 607 546 565 522 159 629 1026 378 528 576 307 387 646 589 694 848 639 1125 966 655 968 520 255 591 681 1036 667 914 391 200 573 643 920 182
699 444 574 852 613 231 502 886 336 494 122 301 323 149 632 285 722 478 567 391 0 194 468 883 741 350 525 585 238 821 495 185 411 390 34 314 556 695 711 956 82 524 135 831 638 432 95 397 187 695 632 173 650 39 248 395 279 220 641 406 467 261 502 318 561 206 591 826 291 319 676 755 491 626 699 684 820 367 275 735 358 473 241 813 742 121 505 788 463 614 145 391 614 546 671 619 538 251 342 733 478 660 455 686 618 500 611 363 664 392 359 867 635 462 362 635 581 762 409 257 718 673 385 626 236 357 232 825 868 510 755 194 165 645 285 365 458 460 817 966 888 432 785 338 236 200 813 866 276 694 149 192 369 446 805 270
653 324 519 914 503 353 307 764 464 657 191 394 468 48 691 475 591 284 375 575 194 0 636 944 818 346 653 660 419 772 537 264 260 218 225 166 385 786 587 864 149 374 328 799 522 375 274 588 27 634 463 359 528 193 260 553 293 94 657 461 421 403 329 133 687 55 402 838 388 475 570 617 451 481 719 629 733 558 469 825 196 289 75 862 727 86 446 786 584 485 332 504 740 362 565 662 504 360 314 776 647 644 265 714 502 639 609 538 694 329 535 826 754 485 502 763 396 655 226 99 566 543 314 679 120 339 419 910 772 604 858 3 350 769 104 299 358 274 895 865 834 347 681 315 370 94 870 763 128 574 304 383 318 377 738 427
742 714 676 592 814 300 923 1059 216 38 573 312 183 588 446 220 943 910 966 122 468 636 0 621 467 488 186 377 233 837 430 396 742 759 454 674 892 401 921 1049 549 823 387 807 844 607 454 368 618 770 954 411 866 496 464 92 458 606 561 379 603 242 853 723 213 666 970 698 309 165 855 988 602 893 587 751 925 191 264 431 822 852 700 594 701 585 645 702 200 852 415 234 240 999 849 481 613 307 526 553 10 648 852 559 830 139 587 107 540 598 112 858 278 462 167 250 953 924 795 719 989 903 607 460 604 514 249 513 985 294 409 638 414 268 693 591 691 910 526 1080 902 652 935 517 277 667 575 997 742 896 496 292 570 632 868 210
493 771 557 31 727 655 1103 831 571 586 1004 582 608 912 253 788 821 1115 1094 732 883 944 621 0 156 603 439 299 748 492 406 705 857 914 893 859 946 220 792 718 954 857 889 423 747 634 931 979 916 546 966 936 771 923 683 602 650 861 320 485 590 646 943 942 408 996 1065 237 591 633 716 864 560 854 267 529 656 799 836 191 1131 983 1019 92 367 950 599 302 462 793 925 507 385 1238 713 284 518 633 644 178 621 404 1012 255 748 486 392 679 267 668 685 467 346 463 572 382 1039 731 958 1043 917 809 687 265 840 617 778 128 707 383 233 947 935 364 928 690 719 1155 100 766 524 693 722 640 658 1023 74 734 1073 769 993 807 661 651 570 665
475 687 502 125 677 510 1006 830 419 433 863 440 454 783 138 632 787 1013 1008 576 741 818 467 156 0 491 284 158 594 512 293 568 764 815 749 752 872 67 758 746 815 783 738 453 702 546 783 823 791 525 902 784 726 780 559 446 528 741 266 357 507 496 859 832 253 869 985 285 449 479 681 832 482 799 237 505 659 643 681 54 1011 893 894 136 368 816 526 325 306 740 774 357 236 1133 677 192 449 489 535 146 468 371 916 211 698 331 336 523 209 572 529 505 198 356 417 237 961 713 860 918 873 766 590 160 722 509 623 94 716 233 120 821 783 220 814 589 638 1047 77 791 560 607 710 530 511 892 110 740 947 733 844 653 560 567 578 512
351 233 233 575 331 224 518 593 272 488 453 177 312 322 356 455 459 523 531 499 350 346 488 603 491 0 409 340 381 472 199 178 286 328 375 260 421 472 439 627 396 342 430 481 361 120 433 652 318 353 473 483 381 386 101 397 70 258 311 147 132 274 393 341 430 401 519 494 183 340 380 502 148 405 373 340 492 526 484 509 528 413 419 519 395 371 175 446 339 364 460 266 478 641 375 319 189 202 46 431 498 312 431 367 345 417 268 434 348 110 436 517 479 140 321 501 497 459 373 444 500 416 122 340 236 26 404 586 546 312 554 349 477 501 324 111 203 555 565 646 540 164 476 39 249 433 529 550 473 415 495 400 85 145 464 318
590 641 548 409 706 302 905 928 191 155 644 265 204 609 264 357 832 901 932 292 525 653 186 439 284 409 0 196 332 673 285 390 691 723 523 643 830 219 807 896 606 750 487 636 735 513 544 540 629 626 881 526 758 561 425 166 406 598 392 268 496 263 800 709 37 695 925 516 268 218 735 879 486 803 410 606 779 359 405 252 849 813 725 408 532 625 533 524 72 754 521 153 88 1006 730 306 483 293 454 368 188 489 824 381 724 47 431 242 363 518 248 688 114 334 164 110 904 795 765 748 894 798 531 281 588 434 358 339 840 127 245 656 527 119 683 520 607 915 347 931 736 568 802 445 290 707 390 856 774 782 598 395 494 539 714 261
411 550 398 268 569 356 858 761 274 350 706 283 316 625 69 503 689 863 867 467 585 660 377 299 158 340 196 0 456 483 149 410 621 668 594 600 739 131 662 711 657 652 591 442 597 410 632 705 633 453 777 639 621 624 402 329 371 584 201 200 377 348 721 679 185 710 848 321 293 344 586 736 357 682 214 432 602 528 551 168 853 749 736 239 339 657 405 328 183 627 627 211 204 981 581 112 337 334 386 180 380 306 770 184 590 239 253 405 167 430 411 494 182 214 283 220 824 634 713 760 765 661 448 84 566 360 486 249 662 90 217 663 637 210 660 444 505 893 235 749 544 471 637 380 359 734 232 682 789 636 693 511 415 433 531 370
710 570 609 717 708 158 719 975 182 263 340 226 140 370 519 73 832 701 773 156 238 419 233 748 594 381 332 456 0 823 428 225 573 574 221 489 726 537 815 1004 317 671 158 813 737 498 222 275 404 723 796 194 754 263 314 174 325 408 582 343 513 121 679 522 370 441 786 754 216 116 761 873 524 759 628 707 870 152 106 574 595 666 476 696 711 358 557 735 288 730 190 245 417 780 755 528 555 182 403 630 243 639 658 606 719 295 580 127 584 474 122 858 446 426 176 435 772 841 605 493 856 787 476 522 412 402 29 665 926 367 577 419 195 448 490 457 563 692 666 1026 892 526 858 395 135 438 687 931 514 793 270 63 445 521 832 86
121 474 253 485 334 669 791 342 660 817 916 596 710 765 425 891 375 818 748 898 821 772 837 492 512 472 673 483 823 0 410 649 567 634 847 623 584 554 349 234 859 506 899 71 339 399 905 1098 747 141 570 952 356 855 572 766 542 679 281 482 356 702 606 702 667 827 702 255 607 743 288 409 330 452 280 143 168 945 929 563 910 665 833 413 146 822 326 192 637 396 930 614 686 944 289 371 283 643 479 366 843 189 707 309 350 711 250 830 320 444 834 58 659 397 696 700 676 264 670 855 481 383 457 402 652 463 850 576 215 548 632 776 947 687 705 474 425 880 539 279 69 427 247 483 689 866 446 243 882 332 967 856 460 395 83 743
312 401 263 378 428 289 713 642 253 414 613 210 303 507 157 490 552 720 718 488 495 537 430 406 293 199 285 149 428 410 0 311 473 522 512 459 590 280 526 619 559 503 534 389 457 260 560 699 509 343 629 586 481 535 277 356 244 454 155 90 229 307 572 540 292 590 699 334 220 336 452 599 211 536 206 323 497 538 532 314 725 601 612 325 285 548 259 308 234 482 568 204 328 840 447 125 199 263 242 240 437 220 624 190 448 314 159 420 168 282 425 437 317 64 286 349 675 510 567 637 622 521 299 142 433 216 457 387 557 160 366 540 582 343 523 297 356 754 366 651 477 321 517 237 303 618 333 572 666 500 624 471 268 283 438 343
529 344 411 674 487 96 528 758 202 410 302 131 216 221 452 299 609 518 569 368 185 264 396 705 568 178 390 410 225 649 311 0 352 363 204 277 505 529 593 804 249 446 251 653 516 283 258 482 239 531 572 304 532 224 90 307 110 213 456 223 307 154 461 328 423 308 575 641 125 231 544 649 326 533 514 518 668 378 319 569 460 456 337 631 561 247 349 604 320 505 281 239 476 617 538 435 367 97 186 550 407 480 455 501 497 378 429 313 479 253 313 692 490 277 244 499 558 627 399 360 630 563 253 444 208 192 243 657 721 345 598 266 299 505 299 233 338 527 645 821 717 303 646 179 119 326 633 723 388 572 322 229 225 303 642 190
459 94 332 832 256 444 246 506 532 750 448 437 559 281 626 644 331 263 245 720 411 260 742 857 764 286 691 621 573 567 473 352 0 67 446 98 152 753 329 618 399 115 541 609 271 222 505 802 246 426 224 584 272 427 278 650 288 192 539 434 268 503 110 146 715 302 233 696 438 580 323 356 299 221 599 427 495 726 655 788 347 128 296 767 562 340 268 632 620 228 556 542 764 389 319 579 347 435 240 679 753 486 155 604 251 695 473 665 590 191 665 624 766 409 579 787 212 404 106 313 309 284 173 606 175 263 586 859 526 599 838 263 576 787 162 177 147 316 835 614 620 164 431 248 469 345 784 513 335 319 549 562 206 206 516 542
525 161 398 888 321 458 190 561 554 770 409 462 576 248 678 642 385 201 209 726 390 218 759 914 815 328 723 668 574 634 522 363 67 0 424 85 168 800 386 681 365 164 523 676 333 281 480 786 210 493 245 562 332 400 300 668 317 172 598 475 328 516 113 90 749 253 212 759 461 594 386 406 359 270 659 494 559 725 648 836 282 93 241 824 627 303 332 696 651 286 535 572 800 326 382 633 410 452 282 736 769 550 102 663 314 723 534 675 648 245 674 691 804 459 600 823 197 466 45 256 349 339 226 659 162 307 583 910 588 639 883 221 554 825 114 225 212 250 887 675 687 226 493 289 482 295 840 575 276 378 519 555 255 268 582 553
726 477 602 862 646 238 532 919 337 482 122 312 319 181 644 261 755 507 599 370 34 225 454 893 749 375 523 594 221 847 512 204 446 424 0 348 590 701 745 986 97 558 103 856 671 462 61 364 220 723 666 138 683 42 275 386 305 254 660 422 496 260 536 351 560 232 624 845 302 311 709 789 519 660 717 712 851 342 248 741 380 506 266 826 765 147 534 808 464 648 111 395 611 571 703 634 564 260 370 747 464 684 487 703 651 495 633 348 681 423 344 893 635 482 359 632 615 795 443 280 752 707 417 639 270 384 212 831 899 516 757 224 130 643 318 396 491 487 825 998 915 464 817 365 239 221 824 897 298 727 120 170 399 477 834 264
508 160 375 832 338 373 262 598 470 685 350 380 491 183 616 557 425 263 293 640 314 166 674 859 752 260 643 600 489 623 459 277 98 85 348 0 243 732 421 700 300 213 445 658 357 240 407 707 149 483 318 487 361 329 218 583 238 94 551 403 289 431 192 84 671 213 298 721 379 508 405 453 321 319 613 480 571 641 565 769 290 178 213 772 597 243 304 662 571 319 459 491 722 381 400 575 374 368 216 683 684 516 181 613 336 641 492 590 596 198 589 679 728 398 516 745 283 489 122 233 407 377 179 599 79 243 499 846 608 565 813 169 479 748 81 171 199 295 826 700 682 197 515 221 397 256 785 598 259 408 451 472 198 234 582 467
496 190 392 924 249 595 220 429 679 898 577 583 708 417 734 796 259 257 164 873 556 385 892 946 872 421 830 739 726 584 590 505 152 168 590 243 0 869 270 575 533 89 688 639 247 329 648 950 378 451 77 729 234 568 428 800 434 336 626 565 365 654 56 254 851 416 121 759 585 730 301 265 390 143 680 459 471 879 806 901 409 114 400 854 616 471 348 690 760 189 701 685 898 372 299 681 429 585 376 769 902 552 158 692 233 837 554 817 681 314 817 642 896 525 727 921 94 363 164 410 194 223 299 712 322 395 738 965 485 729 956 388 721 919 281 309 234 328 937 558 624 268 391 384 621 457 876 465 425 272 687 713 335 306 516 694
504 681 514 191 689 463 990 860 366 366 818 399 398 748 144 571 804 995 998 511 695 786 401 220 67 472 219 131 537 554 280 529 753 800 701 732 869 0 775 788 772 781 684 500 715 540 733 759 759 551 904 728 739 734 529 383 500 713 289 330 505 444 852 809 187 834 979 341 407 421 698 850 483 806 274 531 693 578 620 40 980 881 861 202 408 777 529 373 248 748 719 306 169 1111 694 204 457 445 517 194 401 398 902 245 709 265 355 459 238 562 466 552 131 345 360 171 955 738 844 885 885 779 579 168 696 492 565 130 751 185 88 788 728 154 790 576 635 1024 130 831 606 601 738 511 461 855 177 773 914 750 792 597 546 562 614 456
299 269 264 776 107 660 491 177 708 915 769 615 750 601 631 889 29 527 428 938 711 587 921 792 758 439 807 662 815 349 526 593 329 386 745 421 270 775 0 304 716 223 828 415 77 318 806 1075 570 246 233 877 62 735 502 832 490 508 492 545 318 712 311 474 817 632 376 572 622 779 77 74 322 127 531 263 207 963 912 800 663 376 625 702 428 662 276 500 747 101 850 689 854 643 81 571 326 640 411 628 929 391 422 552 95 829 421 873 549 340 875 403 841 472 754 874 352 95 407 641 132 48 339 607 484 415 835 843 215 685 864 590 870 868 491 360 256 597 809 290 374 289 122 420 686 675 730 194 663 25 858 823 369 294 269 757
307 540 394 714 362 845 795 179 857 1033 1033 781 906 869 656 1075 317 831 730 1098 956 864 1049 718 746 627 896 711 1004 234 619 804 618 681 986 700 575 788 304 0 977 523 1054 296 347 524 1047 1277 843 281 531 1107 349 986 717 972 694 776 509 677 496 887 615 764 893 913 676 481 790 939 295 325 480 431 513 299 135 1138 1109 798 962 680 912 643 379 930 454 424 852 396 1082 818 915 947 300 600 449 821 619 600 1056 406 725 543 367 930 464 1029 552 563 1033 250 890 591 897 930 654 215 706 930 409 352 570 633 750 611 1029 809 92 768 866 867 1100 918 777 590 507 901 771 51 194 526 187 625 868 956 677 109 954 305 1106 1027 587 509 181 930
737 447 607 923 624 309 449 893 416 576 57 374 405 117 702 358 723 421 522 468 82 149 549 954 815 396 606 657 317 859 559 249 399 365 97 300 533 772 716 977 0 514 193 875 647 462 129 444 154 727 610 214 655 55 295 477 328 208 699 472 502 342 477 282 642 142 551 884 365 401 689 753 529 619 759 719 843 438 343 812 283 439 174 881 792 62 536 841 543 616 189 469 695 476 684 684 578 326 380 799 559 708 414 747 626 582 663 444 726 419 440 908 716 520 443 716 545 776 376 186 708 675 408 694 231 399 309 901 887 586 834 147 206 726 252 389 471 394 892 984 924 451 800 377 316 125 883 882 202 701 154 267 399 471 836 352
412 109 304 835 174 532 285 397 608 827 563 511 640 396 645 743 221 315 246 813 524 374 823 857 783 342 750 652 671 506 503 446 115 164 558 213 89 781 223 523 514 0 651 558 179 243 618 910 361 370 131 695 173 541 363 731 364 306 536 483 276 589 99 253 770 415 209 672 514 664 234 243 301 107 591 376 408 824 758 813 440 161 405 765 530 455 258 603 681 126 668 608 816 439 231 591 339 518 299 680 833 463 205 602 162 760 465 754 591 232 754 564 812 439 656 838 182 307 184 420 194 176 219 623 287 316 686 876 431 646 869 377 688 836 274 232 147 381 848 513 551 183 335 308 558 457 786 415 440 217 663 665 256 219 443 631
780 564 663 858 725 244 635 999 319 419 196 324 287 283 649 175 840 610 702 288 135 328 387 889 738 430 487 591 158 899 534 251 541 523 103 445 688 684 828 1054 193 651 0 900 752 531 70 263 322 783 764 53 766 139 337 333 361 352 687 443 558 243 636 453 525 333 726 868 313 269 786 876 577 750 740 770 919 249 151 723 476 608 367 829 804 249 599 839 438 733 35 381 574 669 780 648 618 270 435 757 396 725 590 722 733 453 671 280 700 495 274 941 602 515 326 593 716 871 544 379 844 793 492 647 366 444 138 814 970 506 731 327 48 605 420 471 572 587 812 1069 967 541 892 428 234 318 824 970 394 809 111 96 469 548 894 228
150 515 282 418 390 663 841 413 643 785 933 587 692 788 379 878 442 866 803 876 831 799 807 423 453 481 636 442 813 71 389 653 609 676 856 658 639 500 415 296 875 558 900 0 398 424 912 1086 773 188 631 953 417 867 583 741 551 705 246 469 378 691 657 739 627 854 759 186 598 726 351 478 348 513 230 183 240 927 919 506 947 714 864 347 105 843 354 129 606 454 932 592 641 992 350 330 297 637 495 308 812 174 754 260 408 676 232 809 275 469 814 52 612 387 674 653 733 334 715 886 547 447 485 358 679 476 841 513 285 514 574 803 949 639 739 499 464 925 475 344 106 460 318 498 682 892 380 315 914 397 975 850 482 424 155 730
264 199 200 730 30 582 461 247 631 840 701 538 672 534 571 811 98 494 411 860 638 522 844 747 702 361 735 597 737 339 457 516 271 333 671 357 247 715 77 347 647 179 752 398 0 241 733 998 504 214 232 802 24 663 425 755 412 440 438 471 242 635 276 417 747 570 364 538 544 702 55 144 248 114 482 226 229 885 835 741 615 340 566 656 392 595 201 466 673 57 775 613 785 615 52 512 259 562 333 578 853 343 384 500 20 755 365 795 495 263 797 396 773 401 678 806 338 133 360 584 171 64 262 547 415 337 757 789 255 615 803 526 795 800 431 283 180 560 757 343 377 212 160 342 608 613 682 242 607 56 786 745 291 217 269 679
278 141 146 610 211 342 468 476 391 605 519 297 432 366 407 572 338 482 462 619 432 375 607 634 546 120 513 410 498 399 260 283 222 281 462 240 329 540 318 524 462 243 531 424 241 0 523 765 349 265 371 583 260 464 194 517 175 281 317 244 48 394 313 324 530 430 439 482 303 461 262 382 81 290 378 257 388 645 599 573 530 349 440 544 358 423 73 422 446 245 558 380 575 607 256 357 134 322 97 456 616 276 377 382 225 527 254 554 367 45 556 451 570 196 439 597 415 343 325 463 383 296 61 386 254 96 520 640 439 404 627 378 576 594 319 75 96 528 614 538 463 61 362 104 368 468 561 440 491 295 582 512 63 25 374 438
784 539 662 900 707 277 578 980 366 486 126 354 340 233 685 245 817 550 649 358 95 274 454 931 783 433 544 632 222 905 560 258 505 480 61 407 648 733 806 1047 129 618 70 912 733 523 0 315 273 783 724 85 744 81 334 395 362 312 711 469 555 288 593 404 581 271 676 894 344 327 771 850 578 720 766 771 912 319 221 772 409 560 304 867 820 190 595 860 490 709 59 427 631 604 765 679 622 301 430 791 463 739 539 750 713 512 687 347 728 484 342 950 658 534 380 651 668 856 497 315 813 769 478 682 330 443 205 863 960 550 784 273 76 663 372 458 553 523 859 1059 973 526 879 425 273 252 864 959 328 789 63 162 460 538 893 282
985 817 883 949 970 432 893 1240 446 407 428 501 398 545 772 208 1090 865 963 248 397 588 368 979 823 652 540 705 275 1098 699 482 802 786 364 707 950 759 1075 1277 444 910 263 1086 998 765 315 0 585 998 1025 230 1013 395 573 378 590 615 852 617 784 396 898 715 574 586 988 1017 491 365 1026 1128 797 1006 894 982 1143 180 169 792 715 871 618 940 984 505 827 1004 523 984 256 504 607 912 1021 790 829 457 668 884 371 913 852 870 979 494 854 301 848 735 294 1133 644 701 423 619 979 1109 807 627 1102 1043 735 779 628 671 248 878 1198 614 777 587 238 636 683 715 819 835 887 1298 1167 785 1127 660 410 564 926 1202 637 1054 304 252 708 785 1107 356
627 304 494 887 483 331 317 747 441 637 201 368 447 39 664 462 575 297 380 560 187 27 618 916 791 318 629 633 404 747 509 239 246 210 220 149 378 759 570 843 154 361 322 773 504 349 273 585 0 610 456 357 510 192 232 533 265 68 630 434 394 381 323 131 662 82 403 810 363 454 550 602 425 467 691 604 712 546 459 798 222 287 102 835 700 94 421 759 560 469 330 479 715 382 545 634 478 337 287 748 628 617 267 686 483 616 581 521 667 303 518 800 729 457 480 738 395 636 224 127 554 527 289 651 95 311 406 883 751 578 832 31 348 744 99 273 336 292 868 845 809 323 661 287 348 119 842 743 156 556 308 371 292 352 714 407
52 332 121 532 203 565 653 309 575 757 785 499 624 630 409 794 275 679 615 816 695 634 770 546 525 353 626 453 723 141 343 531 426 493 723 483 451 551 246 281 727 370 783 188 214 265 783 998 610 0 447 836 236 728 449 691 422 541 261 396 227 605 469 561 627 688 572 326 508 657 173 317 205 329 290 20 154 856 829 570 769 527 694 457 181 688 191 254 577 269 812 538 655 805 171 349 168 540 352 388 778 153 567 314 222 656 200 748 315 309 751 198 635 310 616 673 545 188 530 716 375 269 321 384 515 340 749 605 214 498 637 638 830 663 564 339 284 739 570 310 199 287 186 357 588 728 486 230 742 225 843 749 327 258 110 648
495 241 408 945 244 661 274 374 739 958 654 642 771 494 765 867 215 314 200 940 632 463 954 966 902 473 881 777 796 570 629 572 224 245 666 318 77 904 233 531 610 131 764 631 232 371 724 1025 456 447 0 805 213 645 492 861 495 412 647 614 400 719 133 331 900 494 145 766 645 794 281 210 421 118 698 457 440 949 879 935 479 186 476 873 621 549 375 695 812 178 778 740 946 420 281 710 453 648 431 791 964 564 228 712 225 891 574 883 704 363 883 627 941 565 787 968 123 329 241 486 129 190 351 742 397 448 809 994 446 775 993 465 797 965 359 364 275 388 964 509 603 313 355 440 686 534 897 422 500 242 764 786 388 346 496 760
833 611 716 904 775 296 663 1049 365 446 203 376 330 317 698 191 889 635 734 302 173 359 411 936 784 483 526 639 194 952 586 304 584 562 138 487 729 728 877 1107 214 695 53 953 802 583 85 230 357 836 805 0 815 166 389 366 414 393 740 496 611 290 675 488 564 356 760 920 365 309 837 924 630 796 792 823 971 253 155 766 490 644 389 878 857 275 652 892 480 782 27 428 611 686 831 699 671 322 487 807 419 779 624 773 782 489 724 306 751 547 300 994 641 568 368 629 752 922 580 398 890 841 542 697 409 496 168 857 1022 552 771 358 8 642 456 522 621 607 857 1121 1021 591 943 481 284 335 871 1022 410 858 90 131 521 599 947 271
286 207 225 754 52 601 452 237 651 862 708 558 693 541 596 828 78 485 397 879 650 528 866 771 726 381 758 621 754 356 481 532 272 332 683 361 234 739 62 349 655 173 766 417 24 260 744 1013 510 236 213 815 0 674 441 776 429 447 462 493 264 654 268 418 770 574 348 560 564 722 68 122 272 96 506 248 237 903 851 766 612 332 568 680 415 602 225 489 696 46 788 635 809 605 67 537 284 581 352 602 875 367 377 524 35 778 390 815 519 280 817 413 797 424 699 830 323 134 356 585 146 40 278 571 423 357 774 814 257 639 828 531 807 824 434 298 194 553 782 342 391 228 162 360 627 616 706 242 608 46 797 761 308 236 284 698
734 467 607 892 639 270 498 911 373 524 83 340 358 152 672 303 745 471 568 413 39 193 496 923 780 386 561 624 263 855 535 224 427 400 42 329 568 734 735 986 55 541 139 867 663 464 81 395 192 728 645 166 674 0 284 427 316 234 680 446 501 297 513 323 598 194 595 865 331 352 703 776 526 645 738 718 851 383 288 774 339 479 227 853 780 110 538 826 500 637 139 429 650 531 698 658 573 290 376 773 506 697 458 725 643 535 649 390 703 423 386 903 672 501 397 671 587 790 416 240 736 696 415 665 254 392 254 864 897 549 793 191 157 681 291 395 485 448 857 995 922 460 813 372 274 180 853 894 257 719 123 212 401 477 838 303
451 257 328 654 396 169 480 667 254 472 352 161 281 230 431 388 519 477 510 450 248 260 464 683 559 101 425 402 314 572 277 90 278 300 275 218 428 529 502 717 295 363 337 583 425 194 334 573 232 449 492 389 441 284 0 372 34 183 406 201 222 227 388 286 453 313 508 591 161 302 453 559 244 445 467 437 581 465 410 568 451 392 335 603 497 274 262 546 353 416 364 272 505 586 448 403 289 157 97 517 474 413 399 459 407 422 368 391 438 162 391 618 513 229 301 528 489 537 341 360 542 473 162 418 167 109 333 651 633 353 606 263 383 531 263 143 248 497 635 732 639 213 556 91 195 341 610 634 389 481 395 320 134 213 559 268
666 622 592 571 725 210 835 975 125 104 507 221 91 506 398 190 854 823 876 138 395 553 92 602 446 397 166 329 174 766 356 307 650 668 386 583 800 383 832 972 477 731 333 741 755 517 395 378 533 691 861 366 776 427 372 0 366 518 497 296 515 153 761 634 203 586 879 648 217 78 768 899 515 802 530 673 845 199 239 418 743 761 619 562 636 508 558 644 146 762 365 153 246 915 762 424 530 215 434 509 102 577 762 504 741 124 516 77 483 506 83 791 278 381 77 263 861 839 705 639 898 813 515 408 515 423 198 506 904 240 411 555 368 277 605 499 600 826 512 1001 833 561 851 425 187 591 547 916 663 808 444 237 479 542 792 127
421 256 301 621 383 172 501 651 244 464 385 148 276 263 399 399 507 500 526 453 279 293 458 650 528 70 406 371 325 542 244 110 288 317 305 238 434 500 490 694 328 364 361 551 412 175 362 590 265 422 495 414 429 316 34 366 0 212 372 171 197 227 398 311 432 346 521 557 150 300 437 549 216 441 433 409 558 473 424 539 483 407 368 570 464 308 239 513 334 407 390 255 483 612 431 369 259 155 78 483 468 381 418 425 394 406 334 392 404 149 392 588 489 195 292 507 501 519 359 392 538 463 153 385 195 82 345 621 611 327 578 296 408 509 289 135 240 524 604 711 610 202 537 70 198 375 577 613 422 468 425 337 121 196 533 270
559 240 426 832 418 309 316 685 415 622 261 333 428 94 610 472 515 305 365 562 220 94 606 861 741 258 598 584 408 679 454 213 192 172 254 94 336 713 508 776 208 306 352 705 440 281 312 615 68 541 412 393 447 234 183 518 212 0 567 384 327 365 283 116 629 149 380 746 330 441 484 544 358 411 629 535 644 557 476 752 270 260 162 777 634 155 352 693 527 407 365 446 682 407 479 577 411 310 223 690 617 551 250 626 419 590 517 516 607 235 514 732 692 399 458 705 367 570 197 186 501 466 221 596 26 249 414 834 685 535 789 97 385 709 86 205 269 317 817 780 741 255 595 225 330 187 787 678 216 493 356 385 224 283 645 396
215 452 240 298 414 443 785 570 405 539 755 364 454 634 149 643 521 800 774 633 641 657 561 320 266 311 392 201 582 281 155 456 539 598 660 551 626 289 492 509 699 536 687 246 438 317 711 852 630 261 647 740 462 680 406 497 372 567 0 244 271 461 622 635 385 712 744 185 375 487 414 566 241 539 62 241 405 686 686 309 834 664 730 229 140 681 278 153 360 479 721 350 405 925 411 91 197 417 344 143 566 108 694 65 435 431 72 566 57 355 571 297 381 179 433 421 718 449 643 754 609 501 373 124 544 318 611 351 464 268 375 661 736 409 625 379 399 844 319 549 344 375 448 342 458 744 250 485 784 467 774 626 352 332 330 496
374 375 296 455 441 199 664 680 180 371 525 120 229 427 231 409 569 666 679 420 406 461 379 485 357 147 268 200 343 482 90 223 434 475 422 403 565 330 545 677 472 483 443 469 471 244 469 617 434 396 614 496 493 446 201 296 171 384 244 0 229 222 540 480 286 512 666 425 131 262 477 615 224 534 297 378 549 463 449 368 653 560 536 409 367 464 269 396 203 486 478 145 332 782 471 212 233 173 194 327 387 295 577 281 458 284 236 352 259 251 355 515 331 86 220 355 644 544 519 561 626 532 266 222 366 171 372 450 608 164 409 464 492 354 460 258 339 694 433 705 551 300 556 186 214 538 412 619 590 520 533 383 230 270 499 261
235 182 106 566 212 355 514 464 390 598 559 301 434 410 369 586 341 529 504 625 467 421 603 590 507 132 496 377 513 356 229 307 268 328 496 289 365 505 318 496 502 276 558 378 242 48 555 784 394 227 400 611 264 501 222 515 197 327 271 229 0 402 354 373 510 476 479 433 308 465 253 386 32 309 331 217 361 655 616 537 578 393 487 499 309 466 44 373 432 258 587 371 552 655 247 316 85 332 125 412 611 227 423 336 229 514 206 558 322 92 561 407 544 166 437 573 453 329 372 510 398 303 109 347 301 114 536 600 414 380 593 424 605 569 368 122 131 576 574 514 422 103 345 130 379 514 517 418 539 293 616 532 103 61 338 447
590 483 494 615 605 58 681 867 77 257 381 106 65 356 407 189 732 670 724 226 261 403 242 646 496 274 263 348 121 702 307 154 503 516 260 431 654 444 712 887 342 589 243 691 635 394 288 396 381 605 719 290 654 297 227 153 227 365 461 222 402 0 612 481 300 439 728 636 97 77 654 774 411 668 509 589 755 252 227 483 595 609 471 587 589 364 447 615 203 634 278 139 352 763 648 411 437 72 303 517 253 517 610 488 618 240 458 164 466 375 165 737 374 305 101 374 711 732 553 492 765 688 381 407 361 297 150 574 811 263 497 404 288 383 451 363 468 674 571 911 771 429 747 294 34 447 581 818 517 689 347 166 347 418 713 44
510 172 397 919 273 554 185 477 642 861 520 547 669 361 721 748 304 217 151 828 502 329 853 943 859 393 800 721 679 606 572 461 110 113 536 192 56 852 311 615 477 99 636 657 276 313 593 898 323 469 133 675 268 513 388 761 398 283 622 540 354 612 0 197 823 360 127 766 548 689 331 315 382 185 679 474 505 831 757 886 357 65 343 851 625 415 344 698 729 221 648 652 871 339 329 670 425 545 347 764 863 556 110 688 260 804 552 775 675 291 774 664 872 507 690 895 104 401 108 354 248 263 274 700 271 368 690 954 524 704 938 332 667 894 225 281 223 285 928 602 651 252 429 355 579 401 871 506 370 310 631 664 309 293 543 651
588 230 457 915 402 425 200 650 529 738 323 444 544 170 697 585 474 191 252 677 318 133 723 942 832 341 709 679 522 702 540 328 146 90 351 84 254 809 474 764 282 253 453 739 417 324 404 715 131 561 331 488 418 323 286 634 311 116 635 480 373 481 197 0 739 163 272 806 441 557 469 496 405 360 697 559 639 669 586 847 208 156 151 855 681 220 386 747 637 373 461 556 791 302 464 658 458 424 298 767 733 600 137 697 397 703 576 632 680 282 630 758 799 480 573 814 264 551 93 167 439 428 264 681 121 324 527 926 672 638 889 135 479 817 32 256 276 214 906 760 759 279 578 302 447 205 868 659 189 465 437 496 283 317 656 513
