19
0 345 381 922 84 242 292 707 354 442 748 450 929 728 979 714 369 308 834
345 0 61 987 413 124 618 794 135 105 848 273 830 659 805 715 155 603 703
381 61 0 1047 441 180 662 855 96 116 909 325 879 713 845 774 210 653 750
922 987 1047 0 979 897 822 215 1108 984 182 745 443 414 649 289 841 734 524
84 413 441 979 0 320 273 764 399 514 802 534 1008 806 1062 785 451 313 916
242 124 180 897 320 0 499 695 214 205 747 246 790 604 797 638 138 480 674
292 618 662 822 273 499 0 618 645 704 640 629 968 770 1073 701 593 89 910
707 794 855 215 764 695 618 0 909 803 57 572 456 330 637 186 654 529 479
354 135 96 1108 399 214 645 909 0 213 961 408 965 793 939 843 289 649 839
442 105 116 984 514 205 704 803 213 0 859 241 780 625 734 702 151 680 648
748 848 909 182 802 747 640 57 961 859 0 629 488 378 677 233 710 552 523
450 273 325 745 534 246 629 572 408 241 629 0 557 388 551 460 120 577 434
929 830 879 443 1008 790 968 456 965 780 488 557 0 202 206 286 677 884 137
728 659 713 414 806 604 770 330 793 625 378 388 202 0 324 145 504 687 156
979 805 845 649 1062 797 1073 637 939 734 677 551 206 324 0 454 666 996 168
714 715 774 289 785 638 701 186 843 702 233 460 286 145 454 0 563 613 293
369 155 210 841 451 138 593 654 289 151 710 120 677 504 666 563 0 556 554
308 603 653 734 313 480 89 529 649 680 552 577 884 687 996 613 556 0 830
834 703 750 524 916 674 910 479 839 648 523 434 137 156 168 293 554 830 0
