92
0 662 683 759 509 331 654 741 729 631 729 360 673 682 708 616 314 646 484 526 762 672 577 365 740 132 485 632 485 229 614 136 201 487 344 455 439 288 659 633 366 570 625 666 937 687 205 372 516 177 290 304 217 299 415 590 675 276 696 399 117 253 333 604 757 908 545 604 331 631 490 243 289 523 187 679 309 528 593 640 257 619 365 756 320 611 425 267 839 421 756 759
662 0 231 556 279 521 949 668 128 1070 788 469 207 25 300 447 680 962 187 619 536 792 341 374 79 665 1068 129 949 859 1072 775 861 222 639 901 1040 612 64 61 742 288 324 699 899 261 532 859 318 658 887 783 817 521 258 1156 226 698 915 595 548 786 460 366 95 849 779 359 663 1018 476 891 667 744 490 838 587 814 912 934 582 948 945 917 906 871 542 524 886 555 911 693
683 231 0 329 177 434 791 453 139 945 588 380 24 249 69 246 798 809 325 456 307 606 163 323 263 730 1001 354 844 835 954 814 864 387 539 796 984 729 295 284 641 130 120 503 675 29 618 961 188 618 843 709 877 643 286 1074 9 624 741 476 587 730 389 170 263 625 626 164 787 881 325 877 587 592 496 656 502 670 765 777 689 800 886 728 855 712 414 467 676 428 721 477
759 556 329 0 346 430 570 146 465 766 303 399 351 576 264 153 975 595 594 293 25 350 246 428 592 852 909 669 710 826 785 895 890 661 472 666 911 911 617 602 545 294 238 243 347 299 783 1107 308 624 804 644 976 841 493 955 332 577 493 395 704 690 429 211 591 297 436 216 973 688 269 877 540 414 596 403 472 492 567 560 867 596 820 454 803 498 347 492 366 356 445 165
509 279 177 346 0 265 670 422 265 800 521 210 172 303 200 201 655 684 252 341 335 518 100 146 346 566 831 357 687 657 805 642 687 318 377 639 811 588 324 301 481 65 129 431 660 177 467 808 43 441 668 540 709 509 149 909 170 453 637 323 419 556 214 136 355 613 501 131 649 744 197 699 418 465 322 561 333 537 635 655 546 671 714 642 681 592 266 291 626 280 636 447
331 521 434 430 265 0 461 412 530 551 426 54 434 545 435 295 587 467 412 210 435 385 288 148 596 437 566 559 428 414 551 465 465 458 118 380 549 532 550 523 221 304 340 350 623 426 403 693 246 199 412 275 549 486 280 644 428 189 459 101 298 297 62 305 608 588 301 307 592 506 162 461 153 267 196 409 68 317 412 445 489 448 451 494 421 390 96 65 540 96 492 432
654 949 791 570 670 461 0 435 920 217 290 499 803 974 755 552 967 29 869 335 592 223 630 601 1016 786 456 1010 247 544 245 742 643 918 356 238 489 930 990 965 291 675 671 327 456 769 814 1010 633 481 477 358 829 909 735 453 789 381 97 365 694 420 521 621 1024 462 169 627 981 132 475 591 380 205 624 174 415 143 62 15 891 49 438 177 454 79 409 497 326 397 185 428
741 668 453 146 422 412 435 0 592 641 157 399 473 690 395 223 992 462 674 221 172 212 332 460 713 849 811 770 602 767 663 871 842 738 416 563 821 933 726 707 466 385 344 114 237 424 803 1105 379 584 733 570 957 874 556 846 455 517 352 346 708 625 432 303 715 192 322 309 994 560 275 819 485 308 601 263 434 378 441 427 889 466 736 308 727 368 316 478 224 320 299 25
729 128 139 465 265 530 920 592 0 1063 727 475 120 135 200 383 787 936 290 584 442 742 290 397 130 752 1094 257 953 906 1069 851 922 339 643 905 1072 718 189 189 747 245 255 641 813 167 625 962 293 695 925 804 903 628 313 1175 138 717 874 587 621 816 476 304 126 762 752 298 773 1003 447 943 683 718 546 791 598 794 890 906 684 926 975 865 940 841 528 549 815 542 858 616
631 1070 945 766 800 551 217 641 1063 0 504 601 952 1095 920 722 942 188 958 498 787 433 782 699 1143 759 279 1109 147 455 34 682 554 997 432 183 326 920 1102 1075 333 819 829 528 672 927 822 946 769 487 379 336 761 921 830 247 941 401 314 476 704 378 613 781 1154 679 332 786 961 84 619 491 420 360 664 388 488 280 200 220 887 176 314 392 348 273 534 563 542 520 401 637
729 788 588 303 521 426 290 157 727 504 0 433 606 812 536 344 1011 318 764 217 328 76 447 518 842 851 706 878 490 707 529 849 794 825 385 458 724 959 842 820 400 499 472 90 212 561 830 1101 478 557 660 503 938 912 635 726 589 472 199 335 721 564 465 424 846 195 220 431 1017 420 337 760 447 223 622 116 423 270 308 284 915 328 649 150 648 234 334 487 114 330 141 144
360 469 380 399 210 54 499 399 475 601 433 0 380 494 382 256 593 507 370 216 401 400 237 102 543 455 621 514 481 463 603 496 508 420 170 433 603 535 501 474 273 250 289 351 620 373 404 711 192 246 464 329 576 480 236 699 374 243 488 134 310 350 33 256 555 583 334 258 596 552 130 509 208 299 202 431 123 357 454 483 491 490 506 516 475 425 101 97 547 109 513 421
673 207 24 351 172 434 803 473 120 952 606 380 0 225 93 262 779 820 302 467 330 621 172 317 241 716 1001 329 849 830 960 803 857 364 541 801 983 710 270 259 644 133 134 520 698 53 602 944 188 614 841 709 864 624 271 1077 19 624 754 480 574 728 386 184 242 647 636 177 768 890 333 871 588 602 485 671 502 680 775 789 671 810 885 744 853 723 419 463 696 434 737 498
682 25 249 576 303 545 974 690 135 1095 812 494 225 0 317 470 691 987 203 644 555 816 365 399 57 682 1092 123 974 881 1097 793 882 233 664 926 1063 624 55 63 767 312 345 723 920 279 547 871 343 682 910 808 834 533 282 1180 244 722 940 621 567 810 485 389 75 870 804 382 674 1043 501 912 692 769 512 862 612 839 937 959 595 973 968 941 930 896 567 549 909 581 935 715
708 300 69 264 200 435 755 395 200 920 536 382 93 317 0 203 845 775 386 424 241 561 147 343 328 765 995 423 827 844 931 842 881 450 530 780 982 776 364 353 629 138 95 455 612 40 661 1004 195 627 847 705 909 693 331 1063 75 621 699 461 619 731 396 140 327 561 594 135 836 853 305 889 584 562 522 612 499 642 734 742 736 768 884 680 856 677 399 475 619 413 672 418
616 447 246 153 201 295 552 223 383 722 344 256 262 470 203 0 821 572 454 224 150 360 108 275 498 702 821 547 639 705 735 752 760 519 362 593 815 757 503 484 451 161 128 257 460 221 629 956 160 494 693 539 831 687 344 881 246 463 496 286 554 577 283 81 502 412 393 88 819 652 135 754 425 362 445 410 347 442 533 539 713 566 720 482 697 473 227 352 438 240 474 249
314 680 798 975 655 587 967 992 787 942 1011 593 779 691 845 821 0 960 497 796 971 962 749 546 745 183 763 594 796 505 922 279 427 458 638 769 709 69 648 630 676 721 785 937 1210 812 192 182 681 485 579 618 240 159 514 868 789 586 1002 676 289 565 560 783 764 1175 847 780 27 945 720 493 592 821 392 976 590 836 906 952 109 933 654 1057 611 919 683 524 1124 684 1057 1014
646 962 809 595 684 467 29 462 936 188 318 507 820 987 775 572 960 0 877 353 617 250 647 610 1030 778 430 1020 224 527 216 729 627 925 358 218 464 925 1002 976 286 691 690 352 485 788 811 998 648 475 458 346 816 907 744 425 807 375 126 373 690 407 528 640 1039 491 184 646 974 103 490 573 377 219 624 202 418 150 55 34 886 27 416 206 434 99 421 499 355 408 214 455
484 187 325 594 252 412 869 674 290 958 764 370 302 203 386 454 497 877 0 564 580 749 349 267 260 479 919 155 826 693 955 591 686 66 528 780 885 429 174 149 625 301 360 673 912 347 344 674 295 508 730 647 630 338 134 1013 316 565 854 504 367 638 350 383 279 865 703 378 482 917 427 720 540 667 326 787 470 727 823 853 396 859 793 872 752 795 463 395 872 474 867 699
526 619 456 293 341 210 335 221 584 498 217 216 467 644 424 224 796 353 564 0 308 186 294 307 683 641 616 692 421 546 512 653 621 621 194 377 618 742 665 641 253 340 337 140 414 435 613 896 301 364 517 354 741 694 431 666 453 296 296 127 507 405 248 287 691 382 170 293 802 428 143 599 263 138 406 223 217 218 310 321 699 344 528 307 513 256 116 272 331 113 303 236
762 536 307 25 335 435 592 172 442 787 328 401 330 555 241 150 971 617 580 308 0 374 234 424 570 852 925 651 728 836 806 898 897 647 483 684 926 906 598 583 560 279 222 266 371 277 779 1106 299 631 816 656 978 835 483 973 311 587 517 406 703 701 430 199 569 320 456 203 968 710 273 886 550 433 595 427 480 511 588 582 862 618 834 479 816 520 355 496 391 365 470 191
672 792 606 350 518 385 223 212 742 433 76 400 621 816 561 360 962 250 749 186 374 0 454 493 851 796 629 873 414 636 457 787 725 807 327 382 648 912 842 819 330 505 487 109 283 581 785 1044 475 496 587 432 876 871 617 651 605 407 142 287 673 494 431 437 856 270 146 444 970 350 323 689 385 153 578 52 371 194 234 215 869 257 574 124 574 160 299 442 168 292 118 205
577 341 163 246 100 288 630 332 290 782 447 237 172 365 147 108 749 647 349 294 234 454 0 214 396 647 847 438 683 700 791 713 741 415 383 635 834 682 396 376 483 53 52 358 568 146 558 895 67 483 700 557 785 606 249 917 159 474 584 316 498 584 254 35 402 520 464 31 744 718 162 745 436 430 395 502 352 507 603 616 639 638 737 578 709 551 253 332 545 268 572 357
365 374 323 428 146 148 601 460 397 699 518 102 317 399 343 275 546 610 267 307 424 493 214 0 451 434 699 412 574 513 700 500 541 318 267 527 675 482 402 375 368 204 260 431 692 323 354 684 150 298 528 410 571 416 133 783 316 324 589 236 285 419 86 244 464 650 436 243 544 654 186 553 292 400 181 527 213 459 557 586 438 592 578 612 543 528 198 153 631 208 608 484
740 79 263 592 346 596 1016 713 130 1143 842 543 241 57 328 498 745 1030 260 683 570 851 396 451 0 740 1146 161 1024 938 1146 851 940 286 713 976 1118 678 97 115 817 345 370 754 939 292 604 925 382 737 966 861 891 587 337 1233 259 775 978 667 625 864 536 417 18 888 846 410 726 1089 541 969 743 811 569 898 663 883 981 1001 650 1017 1023 975 985 937 612 602 935 625 968 738
132 665 730 852 566 437 786 849 752 759 851 455 716 682 765 702 183 778 479 641 852 796 647 434 740 0 590 611 612 330 739 127 266 463 469 585 539 168 650 626 497 630 691 782 1055 738 139 256 582 307 401 435 152 208 446 696 721 407 826 517 149 382 424 678 758 1024 674 677 202 761 586 326 417 650 257 806 427 659 725 772 148 751 477 885 433 742 533 372 962 531 885 869
485 1068 1001 909 831 566 456 811 1094 279 706 621 1001 1092 995 821 763 430 919 616 925 629 847 699 1146 590 0 1074 216 260 246 484 337 940 464 248 57 758 1084 1057 369 870 899 699 901 990 691 724 813 411 196 291 546 784 810 106 995 377 549 536 590 282 618 857 1161 898 491 861 786 342 693 271 413 503 594 598 498 437 411 452 735 407 125 631 169 478 597 546 772 584 637 816
632 129 354 669 357 559 1010 770 257 1109 878 514 329 123 423 547 594 1020 155 692 651 873 438 412 161 611 1074 0 979 846 1108 729 834 147 677 933 1040 530 68 70 776 385 431 788 1006 382 471 776 400 663 885 802 760 439 279 1169 347 719 987 647 514 794 497 468 179 957 842 461 574 1066 550 871 693 806 481 915 621 870 967 994 505 1003 949 998 908 934 600 548 982 613 992 796
485 949 844 710 687 428 247 602 953 147 490 481 849 974 827 639 796 224 826 421 728 414 683 574 1024 612 216 979 0 319 133 540 420 861 311 48 242 773 976 949 207 715 734 489 685 830 676 807 661 342 245 190 622 774 701 245 839 262 335 368 558 231 488 687 1036 681 280 692 814 160 522 361 285 296 522 382 361 224 196 241 740 198 193 417 217 262 430 430 557 415 423 605
229 859 835 826 657 414 544 767 906 455 707 463 830 881 844 705 505 527 693 546 836 636 700 513 938 330 260 846 319 0 430 230 100 705 354 310 210 498 865 838 307 709 752 668 919 831 434 490 650 217 77 204 305 525 601 366 828 250 612 430 340 143 448 719 954 901 491 721 527 479 570 52 286 484 369 625 357 453 483 533 475 499 150 686 109 526 481 369 802 471 690 779
614 1072 954 785 805 551 245 663 1069 34 529 603 960 1097 931 735 922 216 955 512 806 457 791 700 1146 739 246 1108 133 430 0 658 528 992 433 175 294 902 1102 1075 331 827 839 550 701 937 808 921 775 475 353 323 736 906 829 213 950 394 343 481 691 361 613 791 1157 707 349 796 941 113 628 464 415 375 655 414 487 295 223 247 870 202 286 422 322 296 541 560 572 527 430 660
136 775 814 895 642 465 742 871 851 682 849 496 803 793 842 752 279 729 591 653 898 787 713 500 851 127 484 729 540 230 658 0 148 582 464 521 429 285 764 740 465 704 760 790 1059 819 263 269 650 291 307 383 89 335 539 589 806 381 795 526 230 321 469 740 869 1033 652 740 304 697 625 213 402 635 320 788 437 627 679 728 272 701 380 861 339 708 556 402 955 551 863 888
201 861 864 890 687 465 643 842 922 554 794 508 857 882 881 760 427 627 686 621 897 725 741 541 940 266 337 834 420 100 528 148 0 688 426 410 282 431 860 834 395 743 792 749 1007 864 389 393 686 266 176 296 210 472 610 442 857 326 709 499 319 232 487 764 957 986 582 765 452 580 626 67 357 572 376 718 417 547 582 632 414 599 243 782 206 623 543 410 893 534 785 856
487 222 387 661 318 458 918 738 339 997 825 420 364 233 450 519 458 925 66 621 647 807 415 318 286 463 940 147 861 705 992 582 688 0 571 816 904 391 191 171 664 367 426 735 976 411 324 639 360 533 748 677 613 300 190 1037 379 598 907 553 369 663 397 450 305 930 754 444 441 960 487 728 576 719 347 844 512 775 871 902 363 906 814 929 772 846 517 434 934 527 924 764
344 639 539 472 377 118 356 416 643 432 385 170 541 664 530 362 638 358 528 194 483 327 383 267 713 469 464 677 311 354 433 464 426 571 0 263 454 592 669 642 104 408 435 327 595 527 468 717 353 172 333 177 553 560 398 535 534 104 370 77 351 218 180 393 725 569 211 397 647 389 230 406 69 183 269 338 59 213 303 340 550 337 358 419 335 292 134 141 494 122 419 430
455 901 796 666 639 380 238 563 905 183 458 433 801 926 780 593 769 218 780 377 684 382 635 527 976 585 248 933 48 310 175 521 410 816 263 0 266 743 929 902 159 667 686 450 658 782 641 790 613 304 240 154 606 739 655 289 791 219 317 320 522 204 441 640 988 652 243 644 786 176 474 355 240 255 481 354 314 188 180 228 708 190 202 397 216 238 382 385 531 367 403 567
439 1040 984 911 811 549 489 821 1072 326 724 603 983 1063 982 815 709 464 885 618 926 648 834 675 1118 539 57 1040 242 210 294 429 282 904 454 266 0 707 1053 1026 366 853 886 710 925 975 644 667 795 381 155 277 490 736 781 160 977 360 578 528 547 255 597 846 1133 918 506 850 732 383 684 216 397 514 559 621 482 454 439 483 685 439 97 660 133 503 588 522 797 575 666 827
288 612 729 911 588 532 930 933 718 920 959 535 710 624 776 757 69 925 429 742 906 912 682 482 678 168 758 530 773 498 902 285 431 391 592 743 707 0 582 563 639 653 717 882 1154 743 130 247 614 449 568 589 267 91 445 864 720 549 960 625 240 541 502 716 697 1118 803 714 61 917 659 493 552 776 336 929 541 796 870 915 44 899 644 1011 600 878 627 471 1072 629 1011 956
659 64 295 617 324 550 990 726 189 1102 842 501 270 55 364 503 648 1002 174 665 598 842 396 402 97 650 1084 68 976 865 1102 764 860 191 669 929 1053 582 0 27 771 343 383 752 958 324 513 829 366 673 899 805 801 491 276 1175 289 720 961 631 542 802 489 423 116 909 821 416 629 1053 522 894 691 785 496 886 615 852 951 975 554 987 959 967 920 913 581 547 942 594 960 751
633 61 284 602 301 523 965 707 189 1075 820 474 259 63 353 484 630 976 149 641 583 819 376 375 115 626 1057 70 949 838 1075 740 834 171 642 902 1026 563 27 0 744 322 365 730 941 312 490 810 343 645 872 777 778 471 248 1148 277 693 937 605 517 775 462 404 134 892 796 397 611 1027 498 867 664 760 469 862 588 827 925 949 534 961 932 944 893 888 555 520 921 568 938 733
366 742 641 545 481 221 291 466 747 333 400 273 644 767 629 451 676 286 625 253 560 330 483 368 817 497 369 776 207 307 331 465 395 664 104 159 366 639 771 744 0 511 534 362 612 628 524 730 456 190 266 104 555 620 497 434 636 90 330 167 403 164 282 490 829 594 188 494 689 298 325 360 92 177 341 325 156 162 231 276 600 261 274 395 260 245 229 230 497 216 397 476
570 288 130 294 65 304 675 385 245 819 499 250 133 312 138 161 721 691 301 340 279 505 53 204 345 630 870 385 715 709 827 704 743 367 408 667 853 653 343 322 511 0 64 410 621 122 533 873 58 491 714 578 773 574 211 944 125 493 632 346 483 600 261 84 352 573 507 78 714 758 201 752 456 472 384 552 371 548 645 660 611 680 756 629 725 596 285 339 599 300 623 411
625 324 120 238 129 340 671 344 255 829 472 289 134 345 95 128 785 690 360 337 222 487 52 260 370 691 899 431 734 752 839 760 792 426 435 686 886 717 383 365 534 64 0 385 575 98 596 935 109 535 753 610 831 638 276 968 118 526 620 366 542 637 305 50 374 526 507 44 778 764 211 797 489 474 441 536 405 553 647 658 675 681 789 609 761 592 304 383 564 318 602 369
666 699 503 243 431 350 327 114 641 528 90 351 520 723 455 257 937 352 673 140 266 109 358 431 754 782 699 788 489 668 550 790 749 735 327 450 710 882 752 730 362 410 385 0 273 477 752 1036 388 499 629 467 879 831 545 732 503 422 251 266 648 525 383 337 758 242 208 344 942 448 248 721 393 196 545 161 356 264 328 317 838 355 628 225 620 256 254 413 200 253 217 116
937 899 675 347 660 623 456 237 813 672 212 620 698 920 612 460 1210 485 912 414 371 283 568 692 939 1055 901 1006 685 919 701 1059 1007 976 595 658 925 1154 958 941 612 621 575 273 0 646 1024 1308 617 767 870 715 1148 1100 793 909 679 684 358 538 921 776 653 537 939 50 429 544 1214 588 505 972 658 435 818 304 628 475 492 456 1110 502 855 279 856 422 527 686 130 526 271 212
687 261 29 299 177 426 769 424 167 927 561 373 53 279 40 221 812 788 347 435 277 581 146 323 292 738 990 382 830 831 937 819 864 411 527 782 975 743 324 312 628 122 98 477 646 0 630 973 181 614 837 699 884 659 299 1062 35 615 717 461 594 723 384 148 292 596 606 142 803 862 308 874 578 573 499 631 493 651 745 756 703 780 878 703 848 690 400 462 648 414 695 448
205 532 618 783 467 403 814 803 625 822 830 404 602 547 661 629 192 811 344 613 779 785 558 354 604 139 691 471 676 434 808 263 389 324 468 641 644 130 513 490 524 533 596 752 1024 630 0 342 491 339 495 487 288 98 332 796 609 436 839 497 120 446 371 592 623 987 680 590 191 811 529 442 434 651 207 803 416 676 755 799 86 786 570 887 525 759 497 343 943 499 885 825
372 859 961 1107 808 693 1010 1105 962 946 1101 711 944 871 1004 956 182 998 674 896 1106 1044 895 684 925 256 724 776 807 490 921 269 393 639 717 790 667 247 829 810 730 873 935 1036 1308 973 342 0 828 547 567 651 184 338 674 826 952 643 1061 770 402 590 680 927 944 1278 914 925 205 965 842 459 660 894 511 1049 679 893 948 997 277 970 636 1125 598 975 789 627 1211 787 1126 1125
516 318 188 308 43 246 633 379 293 769 478 192 188 343 195 160 681 648 295 301 299 475 67 150 382 582 813 400 661 650 775 650 686 360 353 613 795 614 366 343 456 58 109 388 617 181 491 828 0 433 656 521 721 539 185 888 182 435 597 294 433 542 202 102 391 570 464 99 676 711 158 694 399 429 331 520 314 502 600 618 571 635 698 600 667 554 234 281 583 249 594 404
177 658 618 624 441 199 481 584 695 487 557 246 614 682 627 494 485 475 508 364 631 496 483 298 737 307 411 663 342 217 475 291 266 533 172 304 381 449 673 645 190 491 535 499 767 614 339 547 433 0 230 151 381 437 399 505 611 100 519 238 219 130 230 503 752 741 367 504 499 472 359 262 112 346 186 502 152 351 421 466 411 449 286 578 248 434 277 151 664 269 579 600
290 887 843 804 668 412 477 733 925 379 660 464 841 910 847 693 579 458 730 517 816 587 700 528 966 401 196 885 245 77 353 307 176 748 333 240 155 568 899 872 266 714 753 629 870 837 495 567 656 230 0 162 382 589 628 300 837 230 550 410 393 116 454 716 981 856 441 719 601 405 559 115 268 438 404 571 349 398 417 466 542 430 76 627 32 466 466 377 749 454 631 743
304 783 709 644 540 275 358 570 804 336 503 329 709 808 705 539 618 346 647 354 656 432 557 410 861 435 291 802 190 204 323 383 296 677 177 154 277 589 805 777 104 578 610 467 715 699 487 651 521 151 162 0 471 585 529 372 703 86 415 253 368 64 328 569 874 697 287 573 634 327 407 257 121 280 334 422 207 251 296 345 554 319 180 486 159 328 312 258 597 299 489 580
217 817 877 976 709 549 829 957 903 761 938 576 864 834 909 831 240 816 630 741 978 876 785 571 891 152 546 760 622 305 736 89 210 613 553 606 490 267 801 778 555 773 831 879 1148 884 288 184 721 381 382 471 0 337 595 650 868 470 884 614 290 408 548 814 910 1121 742 814 267 780 706 277 491 724 390 878 524 717 767 816 269 788 453 951 414 797 641 484 1045 637 952 975
299 521 643 841 509 486 909 874 628 921 912 480 624 533 693 687 159 907 338 694 835 871 606 416 587 208 784 439 774 525 906 335 472 300 560 739 736 91 491 471 620 574 638 831 1100 659 98 338 539 437 589 585 337 0 363 889 634 533 931 584 217 544 447 641 606 1062 771 638 145 909 599 528 529 742 293 892 506 770 851 894 68 882 665 976 620 852 578 429 1026 581 974 897
415 258 286 493 149 280 735 556 313 830 635 236 271 282 331 344 514 744 134 431 483 617 249 133 337 446 810 279 701 601 829 539 610 190 398 655 781 445 276 248 497 211 276 545 793 299 332 674 185 399 628 529 595 363 0 899 278 444 719 370 309 528 218 285 353 748 568 280 505 786 297 635 416 533 234 654 341 593 690 719 405 726 686 739 648 661 329 271 745 340 734 581
590 1156 1074 955 909 644 453 846 1175 247 726 699 1077 1180 1063 881 868 425 1013 666 973 651 917 783 1233 696 106 1169 245 366 213 589 442 1037 535 289 160 864 1175 1148 434 944 968 732 909 1062 796 826 888 505 300 372 650 889 899 0 1069 458 550 601 692 375 700 924 1247 911 524 928 892 325 758 376 492 541 690 613 576 467 419 452 841 406 226 631 271 492 664 631 779 650 639 847
675 226 9 332 170 428 789 455 138 941 589 374 19 244 75 246 789 807 316 453 311 605 159 316 259 721 995 347 839 828 950 806 857 379 534 791 977 720 289 277 636 125 118 503 679 35 609 952 182 611 837 703 868 634 278 1069 0 618 739 471 578 724 382 169 260 628 623 162 778 878 321 869 581 590 487 655 496 667 763 775 680 798 880 728 849 710 409 460 678 424 720 479
276 698 624 577 453 189 381 517 717 401 472 243 624 722 621 463 586 375 565 296 587 407 474 324 775 407 377 719 262 250 394 381 326 598 104 219 360 549 720 693 90 493 526 422 684 615 436 643 435 100 230 86 470 533 444 458 618 0 419 181 315 114 241 488 788 661 271 491 599 378 329 302 38 254 262 407 122 251 321 366 510 350 263 481 235 334 235 173 575 224 483 530
696 915 741 493 637 459 97 352 874 314 199 488 754 940 699 496 1002 126 854 296 517 142 584 589 978 826 549 987 335 612 343 795 709 907 370 317 578 960 961 937 330 632 620 251 358 717 839 1061 597 519 550 415 884 931 719 550 739 419 0 358 720 479 514 570 985 364 159 577 1014 230 439 662 409 191 639 90 426 168 139 98 919 144 519 81 530 86 390 505 228 380 88 342
399 595 476 395 323 101 365 346 587 476 335 134 480 621 461 286 676 373 504 127 406 287 316 236 667 517 536 647 368 430 481 526 499 553 77 320 528 625 631 605 167 346 366 266 538 461 497 770 294 238 410 253 614 584 370 601 471 181 358 0 387 295 157 322 678 508 201 326 683 422 157 482 144 167 291 309 90 223 320 349 582 356 433 394 412 292 62 154 447 48 392 362
117 548 587 704 419 298 694 708 621 704 721 310 574 567 619 554 289 690 367 507 703 673 498 285 625 149 590 514 558 340 691 230 319 369 351 522 547 240 542 517 403 483 542 648 921 594 120 402 433 219 393 368 290 217 309 692 578 315 720 387 0 332 278 529 642 887 562 528 297 691 440 359 314 535 108 689 301 557 635 679 198 665 465 771 421 639 394 234 834 394 770 728
253 786 730 690 556 297 420 625 816 378 564 350 728 810 731 577 565 407 638 405 701 494 584 419 864 382 282 794 231 143 361 321 232 663 218 204 255 541 802 775 164 600 637 525 776 723 446 590 542 130 116 64 408 544 528 375 724 114 479 295 332 0 342 600 879 758 350 602 583 380 443 196 152 341 315 485 232 316 358 408 508 380 159 550 125 393 349 266 661 338 553 636
333 460 389 429 214 62 521 432 476 613 465 33 386 485 396 283 560 528 350 248 430 431 254 86 536 424 618 497 488 448 613 469 487 397 180 441 597 502 489 462 282 261 305 383 653 384 371 680 202 230 454 328 548 447 218 700 382 241 514 157 278 342 0 276 549 616 358 278 563 568 162 492 208 324 170 459 126 377 473 505 457 509 500 545 467 449 132 78 580 138 542 454
604 366 170 211 136 305 621 303 304 781 424 256 184 389 140 81 783 640 383 287 199 437 35 244 417 678 857 468 687 719 791 740 764 450 393 640 846 716 423 404 490 84 50 337 537 148 592 927 102 503 716 569 814 641 285 924 169 488 570 322 529 600 276 0 421 489 457 6 778 714 165 766 450 424 424 486 367 503 597 608 673 632 750 560 723 542 260 353 520 274 553 328
757 95 263 591 355 608 1024 715 126 1154 846 555 242 75 327 502 764 1039 279 691 569 856 402 464 18 758 1161 179 1036 954 1157 869 957 305 725 988 1133 697 116 134 829 352 374 758 939 292 623 944 391 752 981 874 910 606 353 1247 260 788 985 678 642 879 549 421 0 888 855 414 745 1099 549 986 757 820 585 904 675 892 990 1009 668 1026 1038 981 1000 945 622 616 938 636 974 740
908 849 625 297 613 588 462 192 762 679 195 583 647 870 561 412 1175 491 865 382 320 270 520 650 888 1024 898 957 681 901 707 1033 986 930 569 652 918 1118 909 892 594 573 526 242 50 596 987 1278 570 741 856 697 1121 1062 748 911 628 661 364 508 887 758 616 489 888 0 416 495 1178 594 464 954 634 417 782 299 599 465 492 460 1073 506 844 289 844 420 492 653 141 492 280 167
545 779 626 436 501 301 169 322 752 332 220 334 636 804 594 393 847 184 703 170 456 146 464 436 846 674 491 842 280 491 349 652 582 754 211 243 506 803 821 796 188 507 507 208 429 606 680 914 464 367 441 287 742 771 568 524 623 271 159 201 562 350 358 457 855 416 0 463 857 259 306 544 256 35 479 136 266 56 139 154 761 174 429 211 427 92 241 345 310 229 211 324
604 359 164 216 131 307 627 309 298 786 431 258 177 382 135 88 780 646 378 293 203 444 31 243 410 677 861 461 692 721 796 740 765 444 397 644 850 714 416 397 494 78 44 344 544 142 590 925 99 504 719 573 814 638 280 928 162 491 577 326 528 602 278 6 414 495 463 0 775 720 170 767 453 430 423 493 370 509 603 614 671 638 753 567 726 548 264 355 526 278 560 335
331 663 787 973 649 592 981 994 773 961 1017 596 768 674 836 819 27 974 482 802 968 970 744 544 726 202 786 574 814 527 941 304 452 441 647 786 732 61 629 611 689 714 778 942 1214 803 191 205 676 499 601 634 267 145 505 892 778 599 1014 683 297 583 563 778 745 1178 857 775 0 962 721 516 604 831 396 985 598 848 920 966 105 948 676 1067 633 931 687 530 1131 689 1066 1017
631 1018 881 688 744 506 132 560 1003 84 420 552 890 1043 853 652 945 103 917 428 710 350 718 654 1089 761 342 1066 160 479 113 697 580 960 389 176 383 917 1053 1027 298 758 764 448 588 862 811 965 711 472 405 327 780 909 786 325 878 378 230 422 691 380 568 714 1099 594 259 720 962 0 557 521 390 290 639 304 448 211 121 135 881 93 351 308 377 191 477 527 458 463 317 555
490 476 325 269 197 162 475 275 447 619 337 130 333 501 305 135 720 490 427 143 273 323 162 186 541 586 693 550 522 570 628 625 626 487 230 474 684 659 522 498 325 201 211 248 505 308 529 842 158 359 559 407 706 599 297 758 321 329 439 157 440 443 162 165 549 464 306 170 721 557 0 619 291 271 331 365 212 347 443 460 615 479 588 447 564 396 95 223 448 109 442 298
243 891 877 877 699 461 591 819 943 491 760 509 871 912 889 754 493 573 720 599 886 689 745 553 969 326 271 871 361 52 464 213 67 728 406 355 216 493 894 867 360 752 797 721 972 874 442 459 694 262 115 257 277 528 635 376 869 302 662 482 359 196 492 766 986 954 544 767 516 521 619 0 337 537 401 677 407 505 531 581 473 546 177 737 144 576 531 413 854 521 741 832
289 667 587 540 418 153 380 485 683 420 447 208 588 692 584 425 592 377 540 263 550 385 436 292 743 417 413 693 285 286 415 402 357 576 69 240 397 552 691 664 92 456 489 393 658 578 434 660 399 112 268 121 491 529 416 492 581 38 409 144 314 152 208 450 757 634 256 453 604 390 291 337 0 234 249 389 85 243 321 364 512 353 300 467 273 326 197 145 553 186 467 499
523 744 592 414 465 267 205 308 718 360 223 299 602 769 562 362 821 219 667 138 433 153 430 400 811 650 503 806 296 484 375 635 572 719 183 255 514 776 785 760 177 472 474 196 435 573 651 894 429 346 438 280 724 742 533 541 590 254 191 167 535 341 324 424 820 417 35 430 831 290 271 537 234 0 449 155 236 80 172 190 734 208 432 235 427 128 205 314 321 193 235 313
187 490 496 596 322 196 624 601 546 664 622 202 485 512 522 445 392 624 326 406 595 578 395 181 569 257 594 481 522 369 655 320 376 347 269 481 559 336 496 469 341 384 441 545 818 499 207 511 331 186 404 334 390 293 234 690 487 262 639 291 108 315 170 424 585 782 479 423 396 639 331 401 249 449 0 599 213 482 568 608 292 600 468 683 426 562 291 136 736 293 681 622
679 838 656 403 561 409 174 263 791 388 116 431 671 862 612 410 976 202 787 223 427 52 502 527 898 806 598 915 382 625 414 788 718 844 338 354 621 929 886 862 325 552 536 161 304 631 803 1049 520 502 571 422 878 892 654 613 655 407 90 309 689 485 459 486 904 299 136 493 985 304 365 677 389 155 599 0 388 173 193 168 887 212 551 85 555 120 330 462 178 321 82 254
309 587 502 472 333 68 415 434 598 488 423 123 502 612 499 347 590 418 470 217 480 371 352 213 663 427 498 621 361 357 487 437 417 512 59 314 482 541 615 588 156 371 405 356 628 493 416 679 314 152 349 207 524 506 341 576 496 122 426 90 301 232 126 367 675 599 266 370 598 448 212 407 85 236 213 388 0 271 362 399 499 397 385 471 356 350 125 81 535 117 469 451
528 814 670 492 537 317 143 378 794 280 270 357 680 839 642 442 836 150 727 218 511 194 507 459 883 659 437 870 224 453 295 627 547 775 213 188 454 796 852 827 162 548 553 264 475 651 676 893 502 351 398 251 717 770 593 467 667 251 168 223 557 316 377 503 892 465 56 509 848 211 347 505 243 80 482 173 271 0 98 128 755 134 380 235 382 83 272 353 351 258 237 380
593 912 765 567 635 412 62 441 890 200 308 454 775 937 734 533 906 55 823 310 588 234 603 557 981 725 411 967 196 483 223 679 582 871 303 180 439 870 951 925 231 645 647 328 492 745 755 948 600 421 417 296 767 851 690 419 763 321 139 320 635 358 473 597 990 492 139 603 920 121 443 531 321 172 568 193 362 98 0 49 831 36 382 220 395 73 370 444 362 357 227 437
640 934 777 560 655 445 15 427 906 220 284 483 789 959 742 539 952 34 853 321 582 215 616 586 1001 772 452 994 241 533 247 728 632 902 340 228 483 915 975 949 276 660 658 317 456 756 799 997 618 466 466 345 816 894 719 452 775 366 98 349 679 408 505 608 1009 460 154 614 966 135 460 581 364 190 608 168 399 128 49 0 876 46 429 179 444 65 394 481 326 381 187 421
257 582 689 867 546 489 891 889 684 887 915 491 671 595 736 713 109 886 396 699 862 869 639 438 650 148 735 505 740 475 870 272 414 363 550 708 685 44 554 534 600 611 675 838 1110 703 86 277 571 411 542 554 269 68 405 841 680 510 919 582 198 508 457 673 668 1073 761 671 105 881 615 473 512 734 292 887 499 755 831 876 0 861 618 969 574 838 583 428 1029 585 968 911
619 948 800 596 671 448 49 466 926 176 328 490 810 973 768 566 933 27 859 344 618 257 638 592 1017 751 407 1003 198 499 202 701 599 906 337 190 439 899 987 961 261 680 681 355 502 780 786 970 635 449 430 319 788 882 726 406 798 350 144 356 665 380 509 632 1026 506 174 638 948 93 479 546 353 208 600 212 397 134 36 46 861 0 389 225 406 98 406 478 372 393 233 462
365 945 886 820 714 451 438 736 975 314 649 506 885 968 884 720 654 416 793 528 834 574 737 578 1023 477 125 949 193 150 286 380 243 814 358 202 97 644 959 932 274 756 789 628 855 878 570 636 698 286 76 180 453 665 686 226 880 263 519 433 465 159 500 750 1038 844 429 753 676 351 588 177 300 432 468 551 385 380 382 429 618 389 0 599 44 439 493 425 730 480 604 744
756 917 728 454 642 494 177 308 865 392 150 516 744 941 680 482 1057 206 872 307 479 124 578 612 975 885 631 998 417 686 422 861 782 929 419 397 660 1011 967 944 395 629 609 225 279 703 887 1125 600 578 627 486 951 976 739 631 728 481 81 394 771 550 545 560 981 289 211 567 1067 308 447 737 467 235 683 85 471 235 220 179 969 225 599 0 608 161 415 547 150 407 9 293
320 906 855 803 681 421 454 727 940 348 648 475 853 930 856 697 611 434 752 513 816 574 709 543 985 433 169 908 217 109 322 339 206 772 335 216 133 600 920 893 260 725 761 620 856 848 525 598 667 248 32 159 414 620 648 271 849 235 530 412 421 125 467 723 1000 844 427 726 633 377 564 144 273 427 426 555 356 382 395 444 574 406 44 608 0 447 469 391 734 457 613 735
611 871 712 498 592 390 79 368 841 273 234 425 723 896 677 473 919 99 795 256 520 160 551 528 937 742 478 934 262 526 296 708 623 846 292 238 503 878 913 888 245 596 592 256 422 690 759 975 554 434 466 328 797 852 661 492 710 334 86 292 639 393 449 542 945 420 92 548 931 191 396 576 326 128 562 120 350 83 73 65 838 98 439 161 447 0 333 431 294 321 165 364
425 542 414 347 266 96 409 316 528 534 334 101 419 567 399 227 683 421 463 116 355 299 253 198 612 533 597 600 430 481 541 556 543 517 134 382 588 627 581 555 229 285 304 254 527 400 497 789 234 277 466 312 641 578 329 664 409 235 390 62 394 349 132 260 622 492 241 264 687 477 95 531 197 205 291 330 125 272 370 394 583 406 493 415 469 333 0 161 448 14 411 336
267 524 467 492 291 65 497 478 549 563 487 97 463 549 475 352 524 499 395 272 496 442 332 153 602 372 546 548 430 369 560 402 410 434 141 385 522 471 547 520 230 339 383 413 686 462 343 627 281 151 377 258 484 429 271 631 460 173 505 154 234 266 78 353 616 653 345 355 530 527 223 413 145 314 136 462 81 353 444 481 428 478 425 547 391 431 161 0 601 160 545 497
839 886 676 366 626 540 326 224 815 542 114 547 696 909 619 438 1124 355 872 331 391 168 545 631 935 962 772 982 557 802 572 955 893 934 494 531 797 1072 942 921 497 599 564 200 130 648 943 1211 583 664 749 597 1045 1026 745 779 678 575 228 447 834 661 580 520 938 141 310 526 1131 458 448 854 553 321 736 178 535 351 362 326 1029 372 730 150 734 294 448 601 0 444 141 201
421 555 428 356 280 96 397 320 542 520 330 109 434 581 413 240 684 408 474 113 365 292 268 208 625 531 584 613 415 471 527 551 534 527 122 367 575 629 594 568 216 300 318 253 526 414 499 787 249 269 454 299 637 581 340 650 424 224 380 48 394 338 138 274 636 492 229 278 689 463 109 521 186 193 293 321 117 258 357 381 585 393 480 407 457 321 14 160 444 0 404 338
756 911 721 445 636 492 185 299 858 401 141 513 737 935 672 474 1057 214 867 303 470 118 572 608 968 885 637 992 423 690 430 863 785 924 419 403 666 1011 960 938 397 623 602 217 271 695 885 1126 594 579 631 489 952 974 734 639 720 483 88 392 770 553 542 553 974 280 211 560 1066 317 442 741 467 235 681 82 469 237 227 187 968 233 604 9 613 165 411 545 141 404 0 284
759 693 477 165 447 432 428 25 616 637 144 421 498 715 418 249 1014 455 699 236 191 205 357 484 738 869 816 796 605 779 660 888 856 764 430 567 827 956 751 733 476 411 369 116 212 448 825 1125 404 600 743 580 975 897 581 847 479 530 342 362 728 636 454 328 740 167 324 335 1017 555 298 832 499 313 622 254 451 380 437 421 911 462 744 293 735 364 336 497 201 338 284 0
