178
0 707 543 256 714 634 829 543 631 626 652 524 651 404 866 602 544 190 800 679 575 423 566 236 137 604 74 254 849 727 815 610 693 687 599 598 859 939 886 517 811 109 627 962 373 184 651 116 264 86 233 359 649 114 301 797 545 390 739 208 593 449 669 556 505 736 68 644 634 490 827 306 64 833 290 485 803 495 432 510 577 914 573 951 817 603 261 272 91 536 834 891 277 877 471 685 171 545 940 251 463 642 490 505 899 287 999 762 739 852 247 467 526 846 32 494 800 425 655 195 424 476 282 325 84 290 363 88 442 168 834 778 806 74 211 257 306 329 697 373 785 807 745 759 279 106 350 765 521 78 415 529 922 437 367 243 116 691 517 722 760 116 146 289 283 242 219 501 193 283 816 398 560 610 860 333 832 519
707 0 726 794 780 92 136 1001 1138 862 822 299 1178 439 159 909 361 661 312 714 446 293 201 663 635 1036 643 776 720 711 554 828 166 804 357 615 420 761 806 1037 921 703 309 843 976 671 151 791 446 767 786 577 443 706 407 353 409 953 927 875 1082 913 672 1017 292 38 639 871 963 753 345 534 660 901 619 270 793 271 811 647 266 904 1015 697 477 240 548 558 774 1038 526 713 715 643 916 446 593 1036 790 556 829 984 1004 907 781 774 890 689 949 179 678 394 229 767 685 556 932 388 956 791 966 689 660 665 624 476 580 633 283 558 416 459 727 689 835 616 826 521 1057 546 828 714 473 786 896 613 663 150 710 631 308 445 643 805 340 493 780 204 258 326 481 703 837 869 555 510 762 859 708 821 834 325 390 403 868 585 361 877
543 726 0 348 173 717 776 335 472 136 118 428 520 314 858 187 367 353 583 157 296 610 526 307 629 344 559 334 356 214 417 103 595 144 387 150 568 447 363 409 273 642 442 441 460 696 584 501 542 508 365 218 342 433 542 547 321 403 225 509 416 290 172 349 438 765 530 147 241 75 588 724 570 289 763 474 270 710 186 79 462 373 335 495 476 492 689 309 511 394 460 411 796 434 275 368 629 383 436 685 176 263 383 236 389 299 472 267 238 763 297 337 505 330 558 170 267 361 230 410 388 68 261 218 506 655 213 478 496 579 541 446 300 604 442 294 327 286 335 230 243 308 402 222 447 471 193 670 23 506 624 284 490 175 550 607 486 565 724 494 411 649 664 397 301 629 360 179 357 825 276 478 343 352 318 235 581 189
256 794 348 0 520 744 891 289 392 395 436 533 419 378 951 357 516 138 785 503 504 557 610 131 384 349 308 19 696 558 714 386 724 482 565 454 813 788 711 277 592 364 609 790 182 439 693 169 416 187 23 258 577 148 441 766 495 164 507 160 346 193 508 303 525 829 282 413 383 279 804 535 309 622 538 529 619 652 191 348 586 716 318 824 744 618 491 237 187 291 746 748 533 755 214 612 406 297 781 483 220 389 246 251 735 49 820 606 502 899 118 444 573 677 283 377 576 423 407 69 187 293 148 169 270 495 258 240 511 377 786 707 643 330 93 180 51 284 442 288 587 650 666 570 115 248 190 804 331 265 559 464 807 199 489 440 157 709 672 695 679 372 336 76 242 451 40 255 92 527 622 470 516 556 663 236 803 270
714 780 173 520 0 791 801 449 570 182 110 498 618 428 891 262 426 523 570 65 335 724 592 478 792 435 725 507 216 91 340 163 628 53 423 171 524 298 197 534 141 810 473 275 616 859 629 675 684 681 538 370 344 606 676 526 377 557 168 680 520 434 108 458 515 818 696 173 301 242 564 872 737 133 919 560 101 819 345 209 516 200 437 367 421 540 840 466 684 513 389 275 959 322 413 355 788 499 279 838 327 322 514 364 232 471 301 146 195 778 469 427 582 173 727 269 152 464 272 584 535 238 431 389 671 799 365 645 597 736 500 403 156 772 614 460 495 430 377 372 71 171 363 51 614 636 363 693 194 671 741 347 378 334 672 755 660 593 830 493 366 816 837 564 456 778 533 313 530 994 102 590 393 378 146 392 553 314
634 92 717 744 791 0 228 969 1103 853 820 293 1141 413 236 893 364 607 379 725 456 212 199 615 553 1008 567 727 755 729 600 820 221 808 374 621 487 805 838 998 932 622 335 882 924 585 188 724 370 700 733 546 468 644 333 415 413 906 928 812 1048 877 685 985 279 107 566 864 946 734 414 444 584 916 528 243 814 179 781 638 277 931 986 749 530 258 460 513 706 1001 577 755 625 690 882 477 511 1000 831 469 802 967 965 879 817 728 929 714 948 271 631 379 212 797 610 547 940 361 943 734 922 672 618 629 553 389 550 565 237 479 479 507 755 610 777 571 779 484 1040 518 843 743 513 802 841 546 630 231 698 560 225 445 697 776 268 411 715 255 165 375 524 621 759 818 512 425 709 834 655 733 854 274 398 421 890 551 429 853
829 136 776 891 801 228 0 1074 1214 907 858 366 1256 520 94 963 411 764 259 736 481 425 281 760 765 1103 768 873 704 722 527 873 180 832 389 648 360 730 793 1119 938 832 334 817 1073 804 201 905 572 884 886 656 456 817 532 307 454 1045 959 986 1157 992 693 1090 369 129 761 914 1016 813 285 670 785 911 755 362 796 408 885 699 319 898 1085 653 440 287 683 654 890 1117 489 686 851 610 992 448 724 1113 762 691 899 1039 1087 977 761 866 863 690 983 52 773 463 319 757 809 610 952 470 1006 896 1054 749 750 750 745 610 659 751 391 686 364 433 722 816 941 711 919 610 1111 625 839 706 458 798 999 731 743 107 762 751 441 492 598 877 466 625 894 211 394 311 462 832 963 968 649 642 862 925 811 956 839 435 432 428 868 669 301 942
543 1001 335 289 449 969 1074 0 140 267 338 709 186 561 1148 188 665 408 909 470 614 809 802 378 674 62 598 295 663 525 751 286 895 396 699 485 902 747 641 89 447 651 752 714 235 727 874 443 686 466 311 424 670 438 704 877 627 180 343 387 83 99 498 16 710 1039 571 279 169 273 917 823 599 492 828 731 545 909 189 394 754 600 32 813 811 786 779 463 465 65 795 722 820 759 87 699 695 50 727 771 175 158 83 100 679 271 730 583 324 1070 360 611 771 621 572 473 422 613 205 349 142 334 359 341 558 776 420 528 732 663 875 781 604 618 343 410 238 485 176 454 493 617 736 497 294 534 338 974 337 554 816 589 816 196 741 722 435 870 928 818 746 658 599 262 462 735 329 157 373 803 527 699 650 671 556 418 911 146
631 1138 472 392 570 1103 1214 140 0 388 460 848 48 698 1287 308 806 523 1049 599 754 936 940 500 768 134 694 402 786 652 885 412 1035 516 839 623 1041 866 755 114 543 735 892 824 272 814 1013 521 804 548 411 561 810 537 826 1017 768 241 441 447 57 225 630 125 848 1176 670 396 271 413 1057 926 692 593 921 868 662 1034 328 534 894 701 137 937 948 926 881 592 545 103 930 845 901 887 222 838 794 102 843 873 316 252 145 240 796 387 835 710 417 1210 482 751 908 740 662 614 517 750 304 439 207 474 487 474 660 887 557 631 866 769 1014 919 727 705 421 537 343 619 225 592 605 741 874 615 357 640 474 1114 476 655 940 730 944 336 867 832 516 1011 1054 958 883 742 659 342 593 843 432 297 483 868 638 831 790 812 662 553 1051 284
626 862 136 395 182 853 907 267 388 0 72 564 436 449 992 80 502 441 703 214 426 743 662 396 728 253 654 386 398 264 505 34 727 128 518 264 675 480 373 354 200 731 572 447 454 793 718 562 664 575 416 341 463 511 667 664 455 393 113 547 337 266 250 277 574 901 624 18 123 143 703 839 662 237 870 611 278 843 204 215 597 342 255 549 576 626 801 425 577 332 553 457 893 500 242 484 734 318 459 797 176 146 337 190 412 349 466 323 115 892 382 474 642 354 646 306 182 497 101 463 366 190 353 313 603 774 336 573 632 687 649 552 339 693 484 397 358 411 211 358 226 353 508 229 469 570 292 801 156 601 755 418 557 195 681 724 549 696 858 617 515 738 730 420 418 744 418 149 433 909 261 612 476 480 293 353 695 143
652 822 118 436 110 820 858 338 460 72 0 527 508 427 945 152 461 463 644 144 378 725 625 417 745 326 673 425 326 193 437 55 680 57 471 210 611 408 304 424 159 754 524 379 515 810 675 599 661 609 456 337 407 539 660 604 412 454 109 593 409 328 183 348 540 860 643 65 193 162 643 843 683 185 881 580 207 824 251 189 555 283 327 477 510 583 807 428 611 403 484 385 911 428 306 425 746 389 388 804 227 216 406 256 341 388 401 251 127 841 404 443 608 283 669 274 150 471 167 503 430 186 371 329 620 774 332 592 607 697 585 487 266 716 528 409 405 404 276 348 160 280 445 158 520 586 305 751 142 619 740 377 485 241 667 726 585 647 838 561 450 760 765 471 420 748 455 208 461 935 195 592 432 430 232 353 634 207
524 299 428 533 498 293 366 709 848 564 527 0 890 155 439 610 74 415 276 433 167 264 98 403 509 740 481 514 489 441 366 530 192 515 107 327 344 555 565 753 639 564 108 619 713 567 165 575 318 558 530 290 200 482 287 275 121 681 635 645 791 625 394 725 25 337 465 573 664 454 303 492 499 626 567 75 529 340 519 349 54 649 721 522 328 84 481 299 565 750 362 502 645 451 625 223 479 746 574 484 535 685 720 613 551 504 665 434 655 368 414 97 83 522 513 257 647 110 657 547 689 390 388 384 442 414 293 437 131 426 321 293 478 536 593 354 556 248 758 258 553 468 277 513 645 418 377 272 411 447 285 151 476 512 242 395 561 177 347 202 292 566 670 610 292 420 508 562 460 728 566 156 109 148 605 304 309 580
651 1178 520 419 618 1141 1256 186 48 436 508 890 0 739 1328 356 849 554 1095 648 800 970 981 533 788 182 716 432 834 700 934 461 1078 565 884 670 1088 914 802 144 589 752 937 871 282 832 1056 538 835 566 438 602 857 561 858 1063 812 261 488 459 103 265 678 171 890 1216 693 445 319 459 1103 949 713 639 941 908 710 1067 372 580 937 747 185 986 996 969 905 629 562 140 979 894 916 935 264 885 816 143 890 896 361 299 177 286 844 419 881 759 463 1254 516 793 949 788 682 659 562 791 352 461 232 520 524 513 685 914 598 657 904 794 1061 966 775 724 439 573 373 658 268 633 653 789 922 663 373 667 515 1157 523 679 974 775 993 380 901 859 534 1055 1087 1004 931 759 668 364 630 869 460 343 512 878 686 868 835 858 709 592 1098 331
404 439 314 378 428 413 520 561 698 449 427 155 739 0 589 482 144 267 413 370 175 298 241 250 422 597 376 359 487 397 417 417 347 430 198 263 459 569 546 600 563 465 235 613 558 487 319 435 267 423 377 137 247 342 252 401 141 526 536 498 642 474 341 577 151 477 354 461 534 322 435 458 393 561 518 171 486 397 371 238 208 609 576 563 413 239 433 149 429 599 432 518 578 488 476 282 403 596 579 433 390 554 567 468 546 348 657 412 552 524 260 67 210 503 400 159 565 51 533 397 534 262 232 229 329 381 140 316 183 348 432 374 458 432 442 201 400 94 627 106 494 454 342 457 491 298 224 427 293 333 314 130 527 365 244 344 421 331 410 327 358 469 550 455 141 369 355 421 309 643 516 165 156 206 558 149 437 440
866 159 858 951 891 236 94 1148 1287 992 945 439 1328 589 0 1044 491 819 353 826 566 448 347 820 790 1180 801 933 798 813 621 957 265 921 474 735 452 823 887 1189 1029 858 421 912 1133 822 275 951 604 927 944 726 546 866 565 401 537 1108 1047 1035 1230 1063 783 1164 438 130 798 999 1098 892 378 677 818 1003 760 423 888 410 958 781 397 992 1161 746 534 366 696 714 934 1188 583 780 858 704 1064 540 747 1185 856 704 974 1120 1156 1052 855 929 957 783 1070 136 834 536 380 851 844 690 1043 537 1089 950 1120 828 814 817 783 626 729 793 441 714 458 527 815 846 994 772 982 674 1193 695 930 800 551 890 1055 773 813 199 844 790 461 574 691 951 499 647 940 298 392 404 556 857 994 1027 711 662 920 1002 867 967 932 484 515 516 961 737 394 1019
602 909 187 357 262 893 963 188 308 80 152 610 356 482 1044 0 553 427 769 292 484 766 707 384 715 173 639 352 478 344 582 105 782 209 575 331 747 560 452 277 263 710 629 525 389 777 769 527 673 543 379 360 527 487 680 731 508 328 163 500 257 201 326 197 617 947 609 91 53 160 771 838 645 306 862 649 357 867 170 263 647 414 175 629 650 678 798 432 544 254 628 538 876 579 175 551 725 238 539 793 139 76 262 122 491 316 541 402 151 951 368 516 684 434 625 354 241 532 55 426 298 220 347 310 590 778 355 559 664 682 721 623 419 673 440 395 314 430 148 382 304 433 580 309 415 559 294 857 200 587 777 470 636 165 702 726 514 752 884 681 587 717 694 370 427 744 386 101 410 882 338 640 530 540 368 366 764 86
544 361 367 516 426 364 411 665 806 502 461 74 849 144 491 553 0 411 269 360 92 332 166 391 546 692 509 497 417 367 304 468 230 445 54 256 315 485 491 716 567 596 93 546 692 607 216 580 366 567 517 261 132 486 339 256 49 655 567 642 749 588 320 681 96 399 489 510 607 402 291 548 527 553 619 146 455 413 477 289 95 574 675 458 280 124 533 294 573 711 307 433 691 386 585 160 520 706 503 535 490 629 684 567 479 482 593 360 588 404 400 77 157 448 537 199 576 120 598 540 658 338 368 356 465 469 263 456 198 466 290 242 404 565 585 343 533 236 701 229 480 395 219 439 631 437 345 308 352 470 353 83 415 469 302 444 566 205 420 182 234 599 691 592 285 470 496 514 453 767 492 213 35 80 531 280 292 531
190 661 353 138 523 607 764 408 523 441 463 415 554 267 819 427 411 0 680 490 419 419 483 46 288 463 213 123 666 539 649 423 603 497 463 414 721 757 698 410 622 291 502 774 316 351 568 175 281 169 126 180 494 86 303 667 399 302 553 231 475 309 482 424 403 695 183 459 465 302 702 418 221 642 435 401 613 514 259 322 469 724 434 776 664 499 376 117 175 421 674 711 451 703 324 530 299 425 756 369 290 477 378 347 714 137 811 577 556 775 59 334 445 659 206 316 612 305 482 133 324 285 92 134 163 368 183 132 377 259 695 626 620 253 178 75 181 175 539 202 594 622 588 569 235 132 160 681 330 160 421 375 752 262 351 313 159 592 534 594 603 297 319 210 125 328 101 330 47 472 626 336 418 464 669 154 704 349
800 312 583 785 570 379 259 909 1049 703 644 276 1095 413 353 769 269 680 0 509 295 485 260 661 779 926 756 766 448 484 269 669 160 609 221 438 108 470 537 968 700 837 177 558 959 834 202 847 584 832 786 528 241 753 548 48 292 919 736 911 992 841 466 924 296 336 740 705 821 636 35 738 774 668 819 326 550 522 727 515 224 645 914 394 180 202 736 563 838 960 229 427 905 350 834 219 747 953 503 740 735 844 938 808 503 749 603 445 762 221 669 345 295 504 789 437 718 379 804 810 919 575 637 622 718 664 529 713 382 696 106 177 472 811 855 612 800 506 913 497 598 455 210 559 900 694 608 167 575 724 507 326 340 718 491 656 833 134 518 91 211 840 946 861 554 679 766 752 722 995 594 419 270 238 619 549 49 766
679 714 157 503 65 725 736 470 599 214 144 433 648 370 826 292 360 490 509 0 269 663 526 446 749 465 684 489 199 57 292 187 562 100 357 108 468 289 209 552 207 771 407 287 617 816 564 650 630 653 519 326 279 575 621 466 312 559 226 664 546 441 43 482 451 752 656 210 337 232 504 820 697 194 870 496 124 757 342 168 450 242 463 343 367 474 790 421 657 533 340 256 915 288 423 292 742 520 278 788 329 360 529 378 232 454 321 113 252 714 439 364 517 173 690 213 217 403 312 563 541 211 400 359 631 745 322 606 535 689 443 345 142 734 597 423 484 380 421 323 124 151 304 86 604 596 332 628 172 632 681 283 345 331 613 703 634 527 767 430 308 777 808 554 411 727 512 323 502 956 146 529 327 312 190 350 494 328
575 446 296 504 335 456 481 614 754 426 378 167 800 175 566 484 92 419 295 269 0 419 257 390 597 634 551 485 330 274 242 392 301 358 92 169 309 404 401 673 476 640 146 459 671 662 297 594 432 585 509 247 75 502 410 267 47 627 482 644 697 545 229 629 187 484 528 432 537 342 306 620 568 460 686 237 362 504 432 223 181 482 620 389 245 206 600 307 591 665 258 352 751 315 538 111 577 657 419 601 439 560 642 514 392 464 505 268 504 467 395 127 250 358 573 141 486 177 525 539 625 280 358 336 503 541 246 488 284 521 281 206 313 607 583 345 512 248 631 219 388 305 170 346 620 471 319 374 285 506 439 45 352 423 382 510 578 270 511 204 185 644 721 577 297 536 491 458 455 818 399 292 57 57 438 271 303 473
423 293 610 557 724 212 425 809 936 743 725 264 970 298 448 766 332 419 485 663 419 0 226 436 342 856 354 542 749 683 629 712 335 728 371 555 579 818 820 826 861 410 360 879 733 379 289 518 159 492 544 406 464 443 123 504 371 722 834 608 884 713 630 826 238 317 354 756 816 607 520 255 371 857 339 188 773 101 630 536 288 895 830 785 585 294 261 346 498 833 623 765 431 715 722 487 300 835 836 268 655 835 793 728 811 551 925 686 849 458 454 301 199 777 398 456 863 259 820 538 743 553 450 471 343 187 411 357 134 266 561 552 732 397 578 399 599 336 906 385 788 724 540 749 645 339 479 387 588 350 22 388 739 627 68 200 509 352 118 440 555 409 546 628 348 217 520 691 465 533 806 134 367 411 848 402 530 711
566 201 526 610 592 199 281 802 940 662 625 98 981 241 347 707 166 483 260 526 257 226 0 478 527 835 513 591 563 530 421 628 126 611 177 423 352 621 644 842 733 588 146 692 792 578 85 632 328 612 604 379 273 541 291 277 215 764 732 709 884 716 486 818 91 239 501 672 761 551 294 477 531 717 559 83 616 279 612 447 79 734 815 575 365 71 475 373 619 841 407 569 645 510 717 287 491 838 644 480 629 783 809 707 626 585 739 517 752 292 491 192 40 602 550 356 742 190 755 616 774 488 469 470 482 403 382 483 126 444 335 335 559 566 661 430 637 329 856 348 644 548 331 603 718 463 466 200 509 488 248 248 525 605 231 398 619 131 280 215 344 590 707 686 368 420 581 658 530 738 655 169 199 224 692 390 304 676
236 663 307 131 478 615 760 378 500 396 417 403 533 250 820 384 391 46 661 446 390 436 478 0 332 430 258 113 624 496 615 377 594 451 442 373 696 716 654 389 576 337 484 731 313 396 561 211 308 209 127 145 465 129 326 645 375 291 508 254 449 279 440 394 394 698 228 414 424 256 681 456 266 596 478 397 569 534 219 278 457 678 402 738 634 488 415 105 214 397 642 671 496 666 292 501 341 399 714 409 249 437 356 310 671 114 767 535 511 768 18 316 441 616 252 279 566 293 440 149 307 239 46 88 207 402 147 177 380 299 669 596 577 299 194 49 164 156 501 171 549 580 558 524 241 174 114 673 285 205 440 347 715 220 368 348 195 580 553 573 572 343 362 208 111 364 105 289 64 518 581 341 394 438 624 119 682 308
137 635 629 384 792 553 765 674 768 728 745 509 788 422 790 715 546 288 779 749 597 342 527 332 0 733 76 380 901 791 839 708 652 773 600 656 853 987 948 653 903 69 616 1021 511 67 607 253 198 224 362 423 667 236 236 784 560 527 839 344 727 577 732 688 486 659 105 746 752 586 810 171 75 918 154 453 873 394 546 583 557 990 703 985 826 577 127 327 229 671 851 937 166 911 597 701 43 679 993 117 577 762 625 628 956 409 1062 818 843 795 347 475 488 907 105 546 895 427 770 329 560 561 375 416 125 174 427 155 400 83 830 788 864 71 349 335 435 373 821 427 863 863 761 833 417 158 439 716 606 127 328 553 950 549 301 142 254 657 415 711 777 67 211 425 337 129 345 616 308 221 892 360 569 621 936 400 817 635
604 1036 344 349 435 1008 1103 62 134 253 326 740 182 597 1180 173 692 463 926 465 634 856 835 430 733 0 657 354 652 518 753 278 923 382 722 494 913 732 621 136 415 712 776 692 294 788 905 505 738 528 371 462 686 497 754 892 651 241 311 449 87 156 497 53 743 1074 630 262 138 292 932 879 658 463 887 768 528 956 227 411 784 571 30 803 818 815 836 509 527 107 799 711 881 753 138 712 753 89 709 829 206 121 140 129 662 327 704 576 289 1096 412 643 807 605 632 496 389 649 172 410 203 355 407 385 616 831 458 585 772 720 886 790 592 678 406 459 298 526 118 491 472 606 746 481 356 591 379 1001 351 612 863 613 810 232 788 777 496 896 975 836 754 719 661 324 508 791 388 178 430 865 505 741 674 691 530 458 926 161
74 643 559 308 725 567 768 598 694 654 673 481 716 376 801 639 509 213 756 684 551 354 513 258 76 657 0 303 843 728 793 635 640 703 564 595 822 931 886 579 832 89 586 961 442 138 596 188 197 159 286 358 623 160 235 756 517 454 766 281 652 501 670 612 460 670 29 672 675 513 785 234 18 849 230 434 808 422 469 516 532 924 627 935 787 555 189 264 164 596 808 882 238 861 521 658 100 604 935 180 501 685 551 551 896 332 1000 758 769 793 272 435 473 846 44 487 822 389 693 255 486 490 301 343 53 215 362 81 386 94 798 748 803 56 278 264 359 315 744 366 796 803 718 767 348 88 367 709 536 53 345 505 902 473 302 169 186 641 444 682 734 94 195 352 275 168 269 540 231 273 826 343 529 580 870 334 790 558
254 776 334 19 507 727 873 295 402 386 425 514 432 359 933 352 497 123 766 489 485 542 591 113 380 354 303 0 680 543 696 376 705 470 545 437 794 773 697 289 582 363 590 775 200 436 674 176 403 190 30 239 558 143 426 747 475 180 499 175 356 197 492 310 506 811 276 405 381 266 784 527 305 611 533 511 605 637 184 332 567 704 323 807 725 598 483 218 191 300 728 731 532 737 217 593 400 306 766 476 214 388 257 251 720 37 807 590 496 881 99 424 554 662 281 359 567 404 404 77 201 277 128 150 262 484 239 232 493 369 766 688 628 328 108 161 59 265 443 269 575 634 647 557 135 239 171 785 317 258 544 445 790 191 474 430 162 690 657 676 661 370 343 95 223 442 35 250 80 530 609 453 497 536 650 217 784 267
849 720 356 696 216 755 704 663 786 398 326 489 834 487 798 478 417 666 448 199 330 749 563 624 901 652 843 680 0 142 180 377 554 269 387 251 370 92 89 747 292 933 420 129 816 968 571 834 754 834 710 489 291 753 736 400 377 759 367 856 736 640 188 674 513 754 817 389 516 431 430 945 858 247 1006 563 134 830 542 349 484 198 653 151 271 497 921 579 839 728 225 59 1063 120 621 277 887 714 92 921 528 538 726 575 62 647 176 90 396 669 620 455 568 61 856 356 317 504 487 753 741 403 580 542 791 867 486 769 614 832 354 271 59 896 789 594 681 529 589 477 195 47 248 173 801 757 516 601 368 793 769 366 171 530 712 832 818 517 836 397 241 938 986 751 569 857 701 521 685 1117 173 622 381 342 182 516 416 525
727 711 214 558 91 729 722 525 652 264 193 441 700 397 813 344 367 539 484 57 274 683 530 496 791 518 728 543 142 0 249 239 553 141 355 136 433 232 158 607 216 816 401 235 674 858 559 702 663 704 573 369 268 625 650 439 320 616 259 719 600 498 58 536 461 747 700 258 386 289 476 853 742 190 907 509 89 774 399 217 452 212 517 287 330 473 825 464 708 589 298 199 955 235 480 273 781 575 222 824 386 409 585 434 177 509 272 58 287 696 489 382 525 120 736 247 233 425 359 617 598 265 450 410 675 777 365 651 551 727 410 313 85 779 652 470 540 419 466 363 117 94 275 76 660 640 384 614 228 676 702 296 292 388 637 737 686 517 783 411 277 822 858 611 453 761 565 380 554 1001 125 550 332 308 164 394 465 384
815 554 417 714 340 600 527 751 885 505 437 366 934 417 621 582 304 649 269 292 242 629 421 615 839 753 793 696 180 249 0 476 388 389 258 271 192 206 268 826 452 882 274 291 862 903 412 824 668 818 723 469 173 735 643 220 280 810 508 865 831 706 256 764 391 586 770 502 628 488 250 852 810 414 923 441 294 698 596 376 345 378 748 156 91 350 836 543 824 812 49 159 991 89 692 143 818 800 236 838 592 652 800 654 234 668 337 197 536 491 616 365 435 238 814 337 474 415 604 759 800 440 577 546 744 773 468 729 497 762 174 95 211 849 800 574 711 485 713 447 349 194 89 315 827 713 524 427 420 748 651 287 111 585 606 747 809 350 701 228 76 887 959 780 533 773 708 597 679 1061 338 516 274 223 357 496 236 606
610 828 103 386 163 820 873 286 412 34 55 530 461 417 957 105 468 423 669 187 392 712 628 377 708 278 635 376 377 239 476 0 693 111 484 231 643 461 358 371 205 713 538 434 459 773 684 552 637 563 407 313 429 496 639 631 421 399 131 542 360 273 220 297 541 866 605 44 153 121 670 814 644 237 848 577 262 812 198 182 563 337 277 526 545 592 777 399 565 351 523 436 873 474 251 450 712 337 442 773 173 177 351 201 395 339 456 298 139 858 363 441 608 336 628 272 191 464 134 454 375 160 333 292 583 748 308 553 600 664 617 520 317 675 477 374 353 383 243 328 215 330 476 212 467 549 269 766 124 581 725 384 532 188 651 698 537 662 827 583 483 720 718 418 392 719 407 153 417 893 251 581 442 446 286 326 662 152
693 166 595 724 628 221 180 895 1035 727 680 192 1078 347 265 782 230 603 160 562 301 335 126 594 652 923 640 705 554 553 388 693 0 656 209 470 266 595 641 942 767 714 156 676 905 701 46 756 453 737 721 481 284 665 415 194 273 873 782 831 978 815 519 911 200 199 628 734 836 632 196 591 658 743 674 208 632 363 706 518 141 741 905 532 312 109 593 489 744 939 360 546 764 477 813 283 615 934 623 599 720 858 910 797 614 696 723 528 805 176 606 286 167 603 677 429 780 300 825 736 880 568 580 576 608 520 483 609 253 569 257 293 563 692 781 545 748 440 930 449 670 549 306 629 835 589 568 80 581 615 356 311 479 698 353 520 743 37 357 160 315 716 834 801 483 541 698 744 649 860 674 296 251 251 706 496 210 761
687 804 144 482 53 808 832 396 516 128 57 515 565 430 921 209 445 497 609 100 358 728 611 451 773 382 703 470 269 141 389 111 656 0 448 188 568 351 247 482 134 786 500 323 569 839 655 641 676 649 501 356 376 576 672 566 396 509 127 641 466 384 143 405 530 842 673 120 247 203 605 862 714 145 904 573 150 825 301 198 538 233 384 421 466 564 828 450 652 461 437 329 939 374 362 391 771 446 331 825 280 269 463 312 284 433 346 198 152 811 440 437 597 225 702 272 135 470 219 547 486 212 405 362 650 791 351 622 605 720 544 446 210 748 575 438 454 420 325 362 106 224 404 101 571 615 337 724 167 649 744 363 431 291 673 744 626 622 838 529 409 793 806 521 441 767 498 264 500 969 141 594 414 405 180 375 595 263
599 357 387 565 423 374 389 699 839 518 471 107 884 198 474 575 54 463 221 357 92 371 177 442 600 722 564 545 387 355 258 484 209 448 0 261 261 449 466 753 564 650 54 516 738 661 206 634 417 621 566 307 96 540 388 203 72 698 574 694 782 625 315 714 133 394 544 525 628 430 239 596 582 544 669 182 440 445 513 312 98 556 706 414 227 117 583 346 627 747 257 396 743 344 620 116 573 741 470 585 523 651 722 599 449 528 563 340 596 376 449 132 181 424 592 226 575 175 617 591 700 366 416 401 520 517 308 511 239 519 235 190 381 620 636 394 579 288 723 276 471 370 170 430 680 492 388 282 375 525 392 109 369 504 348 495 619 178 450 131 185 653 745 640 337 520 546 544 504 821 480 259 49 47 516 328 240 560
598 615 150 454 171 621 648 485 623 264 210 327 670 263 735 331 256 414 438 108 169 555 423 373 656 494 595 437 251 136 271 231 470 188 261 0 418 342 291 557 312 684 313 365 592 724 466 584 527 583 466 238 198 501 515 400 207 539 312 611 567 435 77 499 344 653 568 268 382 216 440 717 609 302 771 389 223 648 324 106 349 345 485 369 325 375 689 331 587 543 312 297 820 301 422 220 646 533 342 688 321 406 530 386 301 406 405 163 335 630 370 256 411 250 606 111 319 295 365 506 528 169 329 293 542 642 235 520 426 592 391 295 208 647 544 342 445 284 474 229 232 209 251 194 563 508 268 540 149 544 572 176 355 313 506 601 568 437 659 352 260 690 734 515 320 625 454 328 435 869 252 421 225 219 295 264 433 339
859 420 568 813 524 487 360 902 1041 675 611 344 1088 459 452 747 315 721 108 468 309 579 352 696 853 913 822 794 370 433 192 643 266 568 261 418 0 377 458 969 643 907 236 469 979 911 305 894 662 882 817 555 238 800 628 74 322 934 692 950 985 844 427 917 367 445 804 675 797 630 75 827 840 606 906 406 486 623 730 510 299 568 903 294 103 285 820 605 888 958 145 340 987 261 834 205 823 949 412 824 733 820 941 802 419 773 512 386 719 316 702 393 382 430 852 444 663 434 776 846 930 573 666 645 780 750 555 771 464 771 27 123 404 878 890 650 821 546 886 526 540 387 167 504 929 753 628 274 565 785 601 349 240 720 576 737 879 236 620 142 160 909 1006 886 596 761 798 745 760 1072 530 497 303 258 549 579 59 757
939 761 447 788 298 805 730 747 866 480 408 555 914 569 823 560 485 757 470 289 404 818 621 716 987 732 931 773 92 232 206 461 595 351 449 342 377 0 119 833 349 1021 474 93 906 1053 618 926 834 925 803 579 354 844 814 422 450 848 436 948 817 729 280 757 580 793 905 470 595 522 446 1024 946 299 1088 630 204 894 632 442 542 219 735 97 289 551 1002 668 930 812 240 52 1147 119 709 334 972 798 37 1003 618 615 812 661 72 739 134 182 464 690 712 532 630 126 945 445 376 581 563 845 829 495 672 634 879 945 576 858 683 916 367 302 147 984 881 684 772 616 662 566 263 138 291 251 892 845 608 632 460 881 839 444 142 621 786 913 910 557 898 435 281 1026 1077 843 657 938 793 609 777 1204 234 696 451 407 226 606 431 611
886 806 363 711 197 838 793 641 755 373 304 565 802 546 887 452 491 698 537 209 401 820 644 654 948 621 886 697 89 158 268 358 641 247 466 291 458 119 0 728 229 975 503 78 814 1016 656 859 813 862 727 528 371 783 798 489 449 754 319 872 707 631 216 649 587 840 859 361 483 435 519 1005 900 180 1061 638 96 905 542 376 564 110 626 211 359 579 978 622 866 706 313 125 1112 202 610 361 938 691 89 977 524 503 710 560 47 662 113 134 346 758 647 522 646 43 895 402 257 568 450 772 732 420 608 568 833 927 524 810 686 883 442 360 88 937 805 628 689 576 546 521 149 96 336 146 809 798 541 689 380 835 840 432 245 531 780 889 843 603 912 484 330 980 1017 759 612 914 720 510 711 1160 117 690 455 420 107 553 505 511
517 1037 409 277 534 998 1119 89 114 354 424 753 144 600 1189 277 716 410 968 552 673 826 842 389 653 136 579 289 747 607 826 371 942 482 753 557 969 833 728 0 537 622 805 802 169 701 918 408 692 435 296 463 734 422 714 939 681 128 433 338 78 128 577 86 751 1075 555 367 259 340 979 811 577 582 807 767 632 923 240 459 801 690 113 895 882 833 766 485 432 28 869 806 789 839 135 764 679 46 813 758 236 247 33 173 766 275 819 665 414 1119 372 656 809 707 548 531 512 651 294 324 93 396 380 372 545 772 460 517 761 654 942 850 688 591 308 429 230 516 254 494 580 700 805 583 247 526 375 1022 407 540 830 644 896 250 757 718 403 920 943 877 816 629 552 228 486 729 318 230 369 760 616 725 704 730 645 452 974 223
811 921 273 592 141 932 938 447 543 200 159 639 589 563 1029 263 567 622 700 207 476 861 733 576 903 415 832 582 292 216 452 205 767 134 564 312 643 349 229 537 0 913 613 287 652 969 770 757 811 768 612 489 482 699 806 654 518 590 103 747 502 463 248 452 656 958 802 182 278 322 691 996 842 51 1037 701 160 957 402 332 657 157 426 437 539 681 962 582 770 511 502 346 1069 412 438 490 903 495 318 958 376 294 525 385 276 545 292 257 126 912 564 566 723 232 828 404 27 602 243 660 562 342 531 488 779 925 484 751 736 853 622 527 243 875 683 567 557 554 324 496 103 261 490 141 669 744 464 830 297 778 877 488 463 393 807 878 743 731 969 628 491 920 924 621 574 901 613 349 621 1095 119 726 534 518 124 508 679 342
109 703 642 364 810 622 832 651 735 731 754 564 752 465 858 710 596 291 837 771 640 410 588 337 69 712 89 363 933 816 882 713 714 786 650 684 907 1021 975 622 913 0 671 1049 471 81 670 214 262 187 341 446 712 222 301 840 605 494 844 297 698 558 758 664 542 728 116 749 743 593 867 231 74 932 194 512 896 463 539 603 613 1010 681 1025 875 635 190 353 189 641 897 971 169 950 579 746 113 651 1025 180 571 751 596 614 985 396 1088 847 845 861 350 522 549 934 85 576 903 475 764 302 528 574 382 424 141 242 450 165 461 146 883 836 892 38 314 349 415 404 806 455 881 893 807 854 379 176 449 780 619 140 397 595 992 544 367 211 219 718 484 766 822 7 142 394 364 199 328 610 300 184 912 420 617 668 956 421 873 627
627 309 442 609 473 335 334 752 892 572 524 108 937 235 421 629 93 502 177 407 146 360 146 484 616 776 586 590 420 401 274 538 156 500 54 313 236 474 503 805 613 671 0 547 785 675 157 669 427 655 610 354 134 576 395 170 124 747 626 733 835 677 364 767 132 346 569 579 683 484 201 598 605 591 674 175 483 424 566 367 71 597 760 429 225 77 588 385 661 799 263 423 753 363 673 142 587 793 498 592 576 706 774 652 482 575 594 381 649 321 493 167 162 462 617 280 625 202 671 632 750 420 461 449 546 520 355 539 234 534 213 192 420 642 677 435 626 328 777 322 518 408 185 477 724 520 437 228 430 551 382 162 380 557 347 503 655 123 426 95 198 673 773 685 377 528 589 598 545 836 525 263 101 95 559 373 205 614
962 843 441 790 275 882 817 714 824 447 379 619 871 613 912 525 546 774 558 287 459 879 692 731 1021 692 961 775 129 235 291 434 676 323 516 365 469 93 78 802 287 1049 547 0 892 1088 696 937 881 940 806 603 420 860 863 510 507 832 384 950 779 708 292 722 643 875 933 434 553 514 536 1072 975 236 1131 693 173 960 620 453 612 140 699 189 378 624 1047 696 944 780 329 131 1184 208 686 405 1009 764 56 1046 602 572 785 636 67 740 47 203 411 780 725 584 698 115 970 474 315 632 520 850 809 499 685 645 908 994 599 885 744 954 457 386 157 1012 883 705 768 648 610 594 221 159 370 224 887 873 619 718 458 909 899 494 235 609 841 958 921 639 965 517 361 1055 1094 837 686 982 799 587 789 1234 186 752 511 471 163 628 521 587
373 976 460 182 616 924 1073 235 272 454 515 713 282 558 1133 389 692 316 959 617 671 733 792 313 511 294 442 200 816 674 862 459 905 569 738 592 979 906 814 169 652 471 785 892 0 551 874 258 585 286 190 431 740 297 613 937 667 61 553 176 247 189 632 240 706 1011 422 471 391 385 975 677 436 692 662 711 718 824 274 486 766 796 266 955 902 798 632 419 282 195 899 872 634 891 214 774 542 210 893 623 290 386 155 267 846 210 915 728 540 1081 300 622 755 786 405 535 630 604 424 196 94 423 325 336 417 649 430 392 693 526 951 867 759 444 164 361 159 465 411 462 675 768 824 668 94 406 351 985 450 411 733 634 946 285 666 596 256 889 845 868 836 478 387 106 424 603 215 306 269 596 710 652 689 725 746 412 973 310
184 671 696 439 859 585 804 727 814 793 810 567 832 487 822 777 607 351 834 816 662 379 578 396 67 788 138 436 968 858 903 773 701 839 661 724 911 1053 1016 701 969 81 675 1088 551 0 655 294 250 266 416 490 730 293 286 841 623 573 904 378 777 632 799 740 543 692 168 811 812 652 865 164 131 985 114 508 941 417 607 650 613 1058 757 1051 888 631 130 395 269 720 914 1003 100 976 653 764 87 729 1060 120 638 822 674 686 1023 467 1129 885 907 836 411 539 540 974 155 613 961 489 831 379 607 627 440 481 190 196 495 219 452 141 888 850 931 109 393 401 490 440 879 494 931 930 824 901 459 224 505 761 673 191 362 617 1014 611 348 181 298 709 437 768 839 74 210 473 405 162 401 678 367 161 960 415 632 684 1004 467 873 696
651 151 584 693 629 188 201 874 1013 718 675 165 1056 319 275 769 216 568 202 564 297 289 85 561 607 905 596 674 571 559 412 684 46 655 206 466 305 618 656 918 770 670 157 696 874 655 0 718 408 698 688 455 291 627 370 231 263 844 779 794 957 791 521 890 168 188 586 726 823 616 238 545 615 749 628 168 641 319 685 506 121 753 886 561 342 91 547 456 705 916 388 568 718 501 791 295 570 912 645 553 700 845 886 777 633 666 743 538 801 207 574 262 126 617 635 415 781 270 814 701 853 552 550 549 566 474 458 568 210 524 294 319 576 649 746 513 719 409 918 423 676 563 327 635 802 548 542 114 569 573 310 300 508 677 307 474 705 69 315 186 337 671 791 769 450 495 665 726 615 814 682 253 242 251 716 468 251 744
116 791 501 169 675 724 905 443 521 562 599 575 538 435 951 527 580 175 847 650 594 518 632 211 253 505 188 176 834 702 824 552 756 641 634 584 894 926 859 408 757 214 669 937 258 294 718 0 359 29 147 355 669 93 394 837 572 280 675 93 485 354 647 455 560 822 173 581 552 438 871 422 180 784 404 549 770 598 360 485 630 874 474 949 839 658 377 288 24 429 850 881 380 877 378 705 287 440 922 367 390 557 383 419 879 213 971 744 672 923 213 503 592 822 148 490 743 468 577 100 315 439 254 292 177 402 357 160 514 278 867 800 785 186 100 250 215 347 606 377 744 789 763 723 165 178 318 832 482 170 512 549 926 367 456 353 15 749 619 763 778 221 167 182 297 355 144 425 148 361 778 469 590 637 820 328 873 440
264 446 542 416 684 370 572 686 804 664 661 318 835 267 604 673 366 281 584 630 432 159 328 308 198 738 197 403 754 663 668 637 453 676 417 527 662 834 813 692 811 262 427 881 585 250 408 359 0 333 400 324 494 289 39 591 389 580 766 450 755 587 605 702 294 473 195 680 719 521 615 191 214 816 254 257 750 240 519 478 363 872 710 820 644 381 168 240 339 702 673 782 326 746 600 526 163 706 846 169 548 734 659 615 813 418 924 679 777 599 326 304 290 770 240 417 808 254 728 388 604 477 332 363 184 115 330 200 202 116 640 607 726 244 425 281 462 257 802 314 753 722 585 717 494 182 378 518 519 191 153 390 780 519 105 78 352 459 261 519 600 263 391 481 246 104 377 587 323 411 777 165 394 445 820 311 623 607
86 767 508 187 681 700 884 466 548 575 609 558 566 423 927 543 567 169 832 653 585 492 612 209 224 528 159 190 834 704 818 563 737 649 621 583 882 925 862 435 768 187 655 940 286 266 698 29 333 0 163 350 660 83 368 823 561 307 688 122 511 375 649 479 542 798 144 594 570 447 856 392 151 793 375 529 775 570 374 487 613 881 497 946 830 641 347 277 6 454 842 880 354 873 399 696 258 465 923 338 405 576 409 438 880 227 974 745 686 902 214 489 572 825 119 486 754 452 594 119 341 443 254 294 149 373 353 134 492 249 855 791 786 158 127 244 235 337 627 371 751 790 755 729 193 154 320 812 487 142 486 540 921 381 431 324 31 731 592 749 770 194 156 207 287 326 156 441 150 341 784 448 578 626 827 323 859 457
233 786 365 23 538 733 886 311 411 416 456 530 438 377 944 379 517 126 786 519 509 544 604 127 362 371 286 30 710 573 723 407 721 501 566 466 817 803 727 296 612 341 610 806 190 416 688 147 400 163 0 262 582 126 426 769 497 179 528 145 367 216 522 325 521 821 260 435 406 297 805 515 287 641 516 523 636 637 212 361 584 734 341 835 750 615 470 232 164 311 754 761 510 766 238 618 385 318 796 462 242 412 266 274 751 67 837 620 524 895 116 443 567 693 260 385 597 420 430 47 205 308 150 176 249 476 262 220 502 357 790 713 658 307 78 176 73 282 465 291 605 664 672 587 114 229 199 800 347 244 545 468 818 220 476 421 134 707 658 697 686 349 314 84 238 432 24 278 78 504 640 461 518 559 681 238 806 293
359 577 218 258 370 546 656 424 561 341 337 290 602 137 726 360 261 180 528 326 247 406 379 145 423 462 358 239 489 369 469 313 481 356 307 238 555 579 528 463 489 446 354 603 431 490 455 355 324 350 262 0 321 267 326 508 236 394 442 398 505 336 311 440 288 614 330 356 410 201 545 506 372 499 549 307 450 507 235 160 340 567 440 596 489 372 472 95 355 462 496 532 589 523 338 356 417 459 581 469 256 429 430 333 540 221 642 402 452 658 148 194 347 488 367 135 485 189 414 292 399 152 111 95 305 437 5 281 311 365 527 452 446 409 336 106 272 70 501 31 441 447 412 410 374 270 87 561 194 306 417 205 571 230 342 389 339 461 524 437 426 452 498 332 86 411 244 289 210 631 469 282 258 297 514 26 544 308
649 443 342 577 344 468 456 670 810 463 407 200 857 247 546 527 132 494 241 279 75 464 273 465 667 686 623 558 291 268 173 429 284 376 96 198 238 354 371 734 482 712 134 420 740 730 291 669 494 660 582 321 0 577 469 206 107 695 503 719 753 607 236 685 225 479 601 466 580 397 246 679 640 459 749 275 349 540 493 276 193 463 674 326 169 209 662 382 666 724 185 302 818 254 598 36 644 716 374 664 498 603 704 570 353 535 467 247 528 434 469 191 277 329 647 205 496 241 563 613 691 337 432 408 576 600 320 562 329 589 210 131 287 679 657 420 583 323 672 294 386 275 95 344 693 545 390 348 335 580 484 120 285 484 435 573 654 248 545 154 111 716 795 649 372 599 565 513 529 888 391 345 100 52 425 346 241 526
114 706 433 148 606 644 817 438 537 511 539 482 561 342 866 487 486 86 753 575 502 443 541 129 236 497 160 143 753 625 735 496 665 576 540 501 800 844 783 422 699 222 576 860 297 293 627 93 289 83 126 267 577 0 320 743 479 300 624 168 494 341 568 451 467 739 134 530 520 377 777 389 162 722 390 458 697 530 317 407 537 806 466 863 747 565 344 195 89 437 759 798 390 790 361 613 258 445 843 336 348 529 392 393 800 174 896 664 624 833 136 409 501 745 138 403 687 374 541 101 329 367 175 216 123 353 269 95 426 232 774 708 706 186 136 161 199 254 586 287 676 709 672 652 205 108 242 741 412 118 440 457 838 322 378 300 79 657 551 669 686 229 233 198 204 308 109 387 78 397 709 382 496 544 752 240 779 404
301 407 542 441 676 333 532 704 826 667 660 287 858 252 565 680 339 303 548 621 410 123 291 326 236 754 235 426 736 650 643 639 415 672 388 515 628 814 798 714 806 301 395 863 613 286 370 394 39 368 426 326 469 320 0 557 365 605 767 484 775 605 593 720 262 434 233 682 728 526 580 210 253 809 281 222 738 211 532 474 329 861 727 796 615 346 194 248 375 722 646 761 358 723 617 499 200 725 827 197 560 744 681 629 796 438 908 663 778 560 344 282 253 755 278 407 805 232 736 417 628 478 346 374 220 131 331 234 166 155 607 578 710 283 456 294 484 256 813 312 744 705 558 707 524 216 386 479 518 227 120 370 754 531 66 108 386 422 232 486 573 302 430 508 253 133 402 597 348 447 767 131 368 419 810 315 588 618
797 353 547 766 526 415 307 877 1017 664 604 275 1063 401 401 731 256 667 48 466 267 504 277 645 784 892 756 747 400 439 220 631 194 566 203 400 74 422 489 939 654 840 170 510 937 841 231 837 591 823 769 508 206 743 557 0 271 894 692 898 960 812 423 891 298 379 739 666 783 603 40 753 774 621 833 334 503 549 698 482 228 596 880 348 132 212 748 550 830 930 181 379 915 302 804 180 753 922 454 752 704 807 909 776 454 728 555 398 719 270 652 334 308 456 787 408 672 372 765 794 893 543 618 601 716 677 508 709 392 701 63 129 424 812 839 597 778 492 875 478 552 408 164 513 882 690 585 212 541 721 526 303 293 689 503 666 822 162 546 74 164 842 943 841 541 690 749 719 708 1002 547 426 250 212 571 530 36 733
