336
0 698 804 90 461 663 901 790 767 653 606 732 603 642 415 756 116 580 390 639 589 531 638 417 144 937 151 363 204 153 761 403 643 222 796 352 789 349 549 554 440 553 480 598 692 618 437 448 325 754 589 814 545 599 226 977 136 533 795 283 440 667 155 571 710 695 428 704 418 94 649 351 500 114 701 407 872 569 724 583 660 319 408 647 239 605 188 611 703 602 348 253 541 386 1005 633 216 548 453 252 382 545 870 797 421 939 543 784 403 645 443 443 458 539 461 514 607 217 773 698 678 640 557 911 788 550 285 644 266 624 219 648 567 133 452 505 749 603 360 656 121 466 365 702 734 477 523 423 618 892 488 473 238 529 714 330 191 350 111 481 586 172 318 668 352 712 200 683 550 619 613 813 301 825 760 774 598 513 633 231 715 703 75 445 774 684 573 569 130 312 763 386 386 665 510 491 837 501 273 918 346 238 360 648 293 272 396 794 220 645 649 803 539 522 351 603 862 209 108 452 176 174 694 668 154 75 795 428 640 128 239 673 790 275 458 771 828 824 655 600 274 683 62 716 342 118 499 902 378 800 240 850 726 325 862 157 658 614 906 162 336 144 420 810 488 471 408 517 323 769 812 114 272 239 700 944 282 483 203 435 403 822 621 545 301 135 138 322 698 674 99 332 720 818 151 766 336 116 267 222 100 686 129 414 135 552 522 203 572 805 248 613 471 449 545 709 280 668 150 607 245 272 517 188 799 266 597 350 428 468 524 611 326 916 186 519
698 0 343 633 240 627 243 521 251 457 186 260 167 846 290 442 647 807 428 678 295 277 461 713 820 311 843 338 723 808 246 617 443 653 474 721 96 353 421 278 349 613 262 131 556 532 618 608 819 511 583 245 157 208 881 418 781 849 172 921 441 121 544 200 138 83 272 586 381 741 754 947 360 806 260 565 241 351 82 183 464 598 324 630 787 329 514 483 99 135 369 484 681 314 442 714 482 859 378 818 579 602 535 404 419 337 499 104 627 843 655 303 335 269 526 298 907 756 81 262 269 376 227 437 172 203 458 523 531 198 798 646 472 653 462 193 152 515 963 523 580 471 413 29 492 461 175 551 638 335 414 521 808 280 348 806 812 692 605 717 232 798 382 560 928 367 569 128 854 420 95 144 754 185 100 105 438 203 115 837 201 264 646 788 386 197 636 829 823 651 431 747 782 72 410 363 139 252 459 319 603 498 732 723 744 427 304 278 572 191 107 105 434 802 495 600 245 492 692 777 535 783 385 210 600 773 173 693 267 675 529 220 393 619 297 233 172 452 214 601 911 128 661 324 593 795 496 222 602 107 864 157 222 751 461 672 119 343 419 824 365 814 451 146 772 840 293 371 518 364 115 765 632 493 286 401 833 281 508 409 357 441 524 638 915 816 820 519 89 229 662 441 399 444 783 421 721 746 754 793 679 339 739 286 833 516 696 878 127 188 588 240 235 609 372 461 462 475 562 475 456 560 447 695 437 810 401 531 610 276 536 880 667 403 811 484
804 343 0 718 462 949 520 211 592 789 512 604 490 1140 505 785 803 1092 685 992 215 277 790 969 947 599 955 477 736 861 587 535 230 851 818 662 379 539 290 590 619 915 343 442 888 853 517 502 784 852 895 123 418 533 920 726 923 1115 197 941 719 462 677 267 482 426 476 917 645 808 1061 934 307 918 604 489 543 670 422 264 796 566 407 949 970 657 624 288 443 450 468 551 973 508 746 1022 616 1127 658 819 515 902 197 74 392 637 807 409 887 1137 924 561 612 575 425 597 1182 939 313 115 130 709 266 769 191 503 663 849 743 212 812 964 311 816 745 402 490 321 951 294 686 758 655 372 211 753 391 823 951 655 709 413 814 583 100 766 968 930 748 990 554 951 554 888 908 709 755 223 1124 748 322 260 723 213 425 268 761 348 270 854 545 607 734 1039 71 165 940 1108 933 615 774 988 1017 410 711 657 367 322 530 623 555 685 967 1033 716 581 499 70 768 528 264 356 305 1073 478 914 555 606 844 1033 690 942 725 551 768 867 197 954 167 836 572 157 65 838 565 572 474 116 175 914 932 471 749 667 549 920 376 472 856 385 885 321 125 972 802 844 246 197 751 877 498 945 406 450 1039 1090 495 674 509 54 365 827 849 564 105 718 822 330 670 378 402 104 847 935 920 886 889 755 433 571 810 473 130 109 931 765 950 803 739 968 828 125 788 485 922 825 982 931 394 187 797 202 388 502 684 196 524 239 713 798 574 567 750 717 781 803 726 778 879 542 837 1161 623 730 965 354
90 633 718 0 403 678 847 700 726 644 560 694 554 691 361 740 160 629 376 664 503 448 631 464 234 889 237 294 158 179 721 320 552 268 781 286 726 296 459 520 411 574 402 543 696 622 353 363 288 747 603 733 485 556 254 939 224 593 719 303 432 615 115 492 659 638 369 711 394 109 684 354 412 201 664 319 821 547 667 506 653 234 329 665 317 579 120 520 648 548 271 167 574 330 968 664 160 608 432 234 296 564 779 708 332 895 545 724 434 694 477 403 428 503 372 481 667 291 705 614 593 620 477 883 711 502 263 646 271 544 203 667 477 181 448 440 698 513 366 566 58 465 344 640 644 474 458 438 639 852 475 384 220 494 626 288 279 398 120 524 546 259 265 673 347 688 212 607 609 607 544 741 249 749 702 702 588 440 560 230 671 667 15 502 686 603 596 622 215 235 745 442 448 607 497 469 772 421 190 874 262 221 415 679 239 217 339 711 236 600 576 738 449 575 260 619 813 141 175 507 154 259 674 626 174 150 718 471 555 186 149 591 701 309 419 728 773 735 573 616 293 632 31 687 257 208 409 844 405 738 250 781 644 387 841 212 583 525 875 193 267 235 330 753 540 534 351 497 233 682 748 134 310 154 615 908 261 401 174 346 319 733 624 570 309 183 187 328 642 634 151 244 630 728 238 747 391 118 220 302 162 598 118 355 207 557 558 245 510 728 272 530 400 364 526 618 194 578 138 604 176 183 511 132 780 241 583 360 454 425 533 668 251 883 274 429
461 240 462 403 0 513 444 565 341 382 172 318 160 679 50 430 406 630 223 544 291 228 377 508 579 489 603 120 514 581 335 472 436 418 472 548 329 112 367 181 160 460 156 140 473 420 485 480 625 472 449 417 84 176 656 554 540 653 371 701 259 213 306 197 258 235 33 500 182 512 607 737 282 567 294 426 420 253 264 198 391 425 159 509 550 261 282 449 245 146 168 275 513 74 583 570 245 665 201 608 430 447 613 494 290 499 360 322 425 677 461 101 156 160 414 164 719 519 319 348 338 317 207 521 366 116 221 426 299 250 584 521 418 412 285 61 297 470 752 501 347 300 194 242 517 297 76 360 504 465 257 414 597 160 411 615 571 475 364 527 178 557 142 465 723 358 330 266 661 337 170 371 564 395 300 330 338 117 209 621 281 297 415 581 470 301 486 645 584 473 428 532 565 205 265 210 378 169 252 478 439 258 514 582 553 188 64 421 335 213 222 344 372 610 333 468 413 262 452 573 294 543 358 243 360 536 371 493 309 434 325 305 483 391 109 338 370 538 287 468 691 231 429 337 428 555 404 442 395 339 645 397 345 526 503 432 238 344 509 596 144 574 322 350 577 632 53 234 346 454 353 537 404 280 364 526 628 183 267 288 204 530 416 478 700 585 588 298 239 257 421 263 447 529 542 424 499 520 555 555 438 388 515 47 596 378 520 648 112 384 356 269 88 481 254 483 260 472 321 372 227 372 303 485 453 605 310 318 416 90 384 698 493 509 570 404
663 627 949 678 513 0 639 1077 450 176 441 413 463 265 491 259 547 260 332 72 803 741 168 306 678 612 720 577 836 815 450 916 949 450 269 942 651 504 875 358 359 112 668 508 95 96 940 940 967 193 75 870 534 420 884 555 626 346 800 943 274 508 571 702 511 552 516 76 347 756 151 1014 790 701 392 883 589 279 572 698 172 842 652 18 534 298 608 958 542 501 626 672 163 509 575 115 566 346 317 908 876 118 1119 994 776 583 155 623 270 259 243 414 358 374 894 355 364 524 694 842 838 255 717 441 799 446 436 106 407 746 876 31 924 532 249 562 528 976 1023 1012 628 231 374 604 1030 228 568 240 54 515 257 898 894 367 916 966 609 353 562 249 397 611 515 74 1015 297 468 727 339 207 626 765 923 811 592 730 189 627 678 893 456 391 679 350 971 785 101 294 716 874 276 362 396 554 247 302 700 682 662 571 866 465 374 115 913 535 512 893 445 437 685 681 878 300 785 59 568 601 569 333 529 591 267 424 511 719 800 281 814 544 715 796 982 391 404 471 605 1040 781 63 934 507 684 341 857 669 897 679 287 655 903 750 824 421 355 517 703 857 449 822 581 667 804 609 296 386 508 279 782 953 681 777 397 667 863 522 938 695 515 780 692 1031 102 130 964 790 791 350 548 409 566 713 957 1032 613 288 386 776 897 556 570 896 784 516 760 137 193 854 555 815 414 774 601 942 265 996 677 985 540 151 593 776 211 809 306 918 225 318 239 423 148 327 894 480 613 902
901 243 520 847 444 639 0 724 190 465 301 230 300 895 487 391 832 871 565 705 533 521 476 819 1009 79 1037 559 953 1026 191 861 672 812 403 962 155 553 661 379 489 667 504 304 548 557 862 852 1056 468 622 398 364 314 1101 210 965 934 322 1146 553 233 747 443 193 210 478 576 520 957 787 1178 603 1002 258 809 50 417 183 426 468 838 561 648 946 379 727 717 199 299 598 712 744 517 227 747 689 940 500 1048 823 659 717 592 662 119 558 139 734 889 750 465 471 385 770 417 977 918 218 474 488 395 471 283 329 354 632 536 691 434 1026 666 711 833 564 415 154 751 1193 752 791 566 567 223 705 553 399 655 669 159 510 765 1038 397 558 1043 986 816 798 803 333 975 584 564 1161 341 743 352 934 447 337 259 992 307 149 257 475 442 357 1064 208 258 860 891 579 416 685 899 1020 891 374 863 902 242 495 470 152 495 688 110 845 678 855 751 982 631 508 449 739 268 346 169 675 883 736 635 71 707 876 877 728 958 371 256 782 977 323 794 496 855 760 441 581 765 452 171 75 636 441 637 1135 218 874 299 835 986 738 54 718 146 1089 201 423 885 347 845 354 575 264 1041 585 1002 694 98 861 941 496 461 758 557 158 982 778 720 498 209 1066 524 701 653 597 624 548 697 1143 1029 1032 662 206 261 849 679 610 629 963 362 850 965 989 957 865 557 960 492 1037 570 767 1093 343 332 745 475 467 853 447 677 693 701 755 506 672 797 523 925 358 1043 443 663 709 438 602 944 908 234 986 726
790 521 211 700 565 1077 724 0 772 932 663 777 640 1235 595 947 819 1181 776 1109 273 338 930 1040 935 802 933 534 672 809 767 438 149 891 984 562 576 607 244 726 724 1024 414 592 1029 983 411 395 685 1007 1015 333 548 681 854 926 922 1188 402 863 822 630 694 376 658 602 567 1057 744 769 1171 838 313 899 771 406 742 805 604 383 940 498 453 1074 993 800 634 181 619 601 504 548 1072 587 947 1134 642 1202 766 740 434 1011 86 137 375 838 925 603 966 1233 1008 666 722 707 341 722 1260 962 509 259 253 856 360 958 395 638 724 985 801 340 741 1087 224 836 848 515 674 198 854 147 684 864 740 551 56 861 510 914 1069 850 823 327 738 712 173 666 973 990 762 1073 699 954 613 1024 809 870 794 393 1199 888 471 466 632 422 614 467 895 449 422 782 719 774 715 1105 144 323 1051 1191 911 535 939 1048 1072 579 830 775 572 397 535 823 477 734 1024 1147 628 625 580 278 813 688 422 556 252 1151 439 1034 752 621 854 1102 718 950 882 715 795 841 402 1030 267 852 551 302 146 892 674 754 672 105 312 1033 855 642 729 833 476 909 295 678 933 583 812 528 303 1019 981 868 406 221 940 825 545 935 370 646 1115 1152 580 797 468 167 566 783 901 562 234 914 735 390 705 363 427 116 978 1040 835 842 846 826 608 734 822 467 124 109 934 931 1004 758 657 985 839 186 741 571 888 944 1075 875 533 394 848 306 478 394 813 86 523 122 736 931 597 523 868 660 951 719 863 855 965 654 949 1244 536 922 969 273
767 251 592 726 341 450 190 772 0 275 169 41 182 704 371 213 683 680 400 515 532 496 285 634 859 185 891 462 852 904 6 806 685 647 236 889 226 432 649 215 332 477 453 216 362 366 814 807 967 289 432 484 282 170 980 213 812 745 405 1030 377 150 616 425 114 170 372 390 359 834 596 1073 574 858 73 757 141 234 170 411 278 765 490 459 779 194 610 719 153 206 510 616 554 403 242 557 566 750 332 945 764 469 786 655 612 175 369 195 552 699 564 324 313 228 732 256 787 753 286 513 519 205 450 191 408 228 485 346 532 440 919 476 702 681 385 338 102 749 1087 764 668 384 410 221 741 370 328 473 478 126 330 730 933 239 599 957 826 637 658 615 180 817 463 375 1060 153 590 379 744 257 312 354 906 405 170 330 285 389 354 953 61 72 737 705 637 448 494 709 876 815 198 681 720 196 313 297 265 452 593 155 778 532 675 561 895 509 396 524 582 128 351 256 659 694 670 444 122 590 725 691 590 799 182 100 633 842 406 609 512 702 666 470 644 596 308 22 158 703 462 446 1020 135 749 109 767 838 711 229 538 226 975 320 473 708 210 689 367 583 176 917 484 851 646 167 672 755 384 283 685 616 252 859 609 620 537 184 966 479 564 606 532 692 358 506 1033 900 903 495 163 93 701 602 649 695 808 187 672 845 896 792 716 589 843 383 900 380 577 967 276 419 581 480 397 808 265 709 602 719 616 315 560 713 337 822 194 943 253 490 525 301 413 754 834 169 827 704
653 457 789 644 382 176 465 932 275 0 276 237 299 430 375 115 545 411 268 240 662 605 16 395 705 444 743 472 796 805 275 830 813 473 148 878 476 407 749 206 253 211 537 346 99 93 849 847 924 103 160 702 383 255 879 406 653 483 630 935 213 336 529 556 335 380 395 128 258 738 321 996 664 717 216 790 415 129 398 549 9 766 537 184 587 132 550 831 368 338 524 595 288 400 429 281 504 487 220 879 788 205 967 839 667 420 125 447 325 424 322 296 244 226 789 218 518 568 521 687 685 81 574 303 630 293 381 71 386 594 848 201 801 535 201 421 352 853 1008 882 588 188 303 432 889 176 423 257 203 352 169 791 865 223 766 919 651 417 543 360 235 648 427 104 992 124 453 565 480 45 468 592 872 639 416 558 55 487 520 873 280 214 649 459 817 626 224 441 734 805 128 449 488 385 148 188 524 547 580 405 786 423 450 286 861 460 399 730 435 266 525 506 755 433 692 170 395 538 579 443 490 627 94 250 500 720 630 368 665 553 644 641 827 412 281 296 429 886 627 173 926 334 658 166 776 690 784 504 324 479 888 574 663 491 228 531 543 717 306 815 482 695 697 432 417 505 392 158 696 798 505 762 423 594 709 371 905 565 470 667 580 876 84 241 949 788 790 333 375 234 565 619 809 877 644 138 454 755 852 605 575 747 760 398 771 128 315 855 400 645 417 626 469 848 132 855 594 850 510 53 520 702 135 767 166 884 72 311 293 295 165 483 826 331 653 785
606 186 512 560 172 441 301 663 169 276 0 146 22 661 202 285 531 624 268 492 401 353 278 541 709 330 738 292 683 739 163 641 556 512 324 720 233 265 505 93 190 427 298 71 375 346 652 646 797 344 397 428 125 22 815 383 664 671 358 863 267 78 453 291 109 122 202 405 221 669 567 904 425 703 124 594 266 164 150 281 284 597 325 444 646 144 442 582 119 62 341 446 497 234 411 527 400 679 207 776 599 416 693 564 452 334 313 212 454 657 478 165 172 90 574 122 725 618 259 412 412 196 313 350 358 58 332 339 391 323 751 460 558 532 284 177 147 608 919 630 502 291 266 166 624 280 172 376 451 294 233 573 764 102 493 788 685 528 501 538 46 674 296 377 891 208 442 289 674 236 193 329 736 371 181 291 252 237 244 785 111 127 571 615 542 351 450 647 721 646 279 579 617 115 226 184 286 302 424 313 611 378 568 536 726 343 227 453 438 41 248 259 514 622 504 414 255 423 575 603 431 656 219 71 481 682 359 519 395 554 497 366 552 468 151 168 233 611 353 414 853 87 584 176 600 686 558 313 432 240 808 326 387 593 340 544 267 455 337 753 315 701 485 221 594 667 215 187 518 522 263 694 481 451 435 354 797 325 404 448 369 601 339 452 865 737 740 365 121 85 549 435 539 602 662 272 559 679 727 657 564 477 677 214 741 329 513 803 131 374 445 358 236 647 186 590 433 592 458 290 391 544 262 653 297 774 216 369 433 138 351 697 665 336 685 553
732 260 604 694 318 413 230 777 41 237 146 0 162 665 343 186 646 640 360 477 528 488 247 593 821 226 854 437 823 871 39 787 683 608 215 866 250 403 641 178 294 437 440 202 327 328 797 791 940 261 392 500 266 142 948 245 774 703 422 998 336 147 583 420 121 177 347 356 321 802 558 1043 564 822 32 739 182 193 183 407 241 743 471 421 739 152 579 714 160 193 487 590 513 376 273 518 535 709 293 916 745 428 795 664 596 215 328 219 510 659 522 291 276 192 718 219 746 713 305 518 523 164 444 204 425 202 448 308 493 440 890 438 694 643 343 321 122 743 1057 760 636 342 372 231 743 329 313 431 439 160 289 716 904 203 604 931 787 595 622 573 148 779 433 339 1031 119 552 386 703 216 309 375 880 425 191 347 244 377 355 922 58 30 704 664 645 454 454 668 839 792 173 640 679 197 272 257 293 441 568 195 757 496 634 523 870 479 369 537 544 106 354 280 651 653 650 405 164 560 688 650 556 760 146 75 596 807 423 568 513 664 641 474 652 556 275 59 192 712 465 407 988 134 716 73 746 801 699 267 497 251 944 346 482 666 205 650 370 581 191 884 459 813 630 197 631 714 358 242 664 624 277 827 568 593 543 213 938 466 529 592 515 701 319 466 1002 866 869 455 170 61 665 581 653 703 769 163 630 813 869 752 679 591 812 358 864 339 536 933 265 437 542 479 380 792 223 710 577 718 581 275 531 690 296 794 177 915 212 450 483 269 371 714 811 191 788 693
603 167 490 554 160 463 300 640 182 299 22 162 0 679 193 308 532 641 276 512 378 332 300 553 709 334 737 280 673 733 176 625 533 517 347 706 220 258 484 110 197 445 278 48 398 367 635 628 785 367 416 406 105 43 809 394 665 686 338 856 279 69 449 269 107 110 191 427 229 663 587 895 404 702 143 577 268 185 138 259 306 583 309 465 652 167 435 560 109 39 327 435 514 225 423 547 394 695 218 767 583 434 670 541 434 341 331 202 467 675 492 165 180 103 556 135 741 623 242 389 389 219 291 367 337 53 333 360 395 300 742 480 537 533 298 159 146 587 910 608 497 306 271 149 601 296 151 389 471 305 248 554 755 115 470 775 687 538 499 553 66 676 289 399 882 231 444 266 690 258 170 311 724 352 172 273 273 216 222 777 121 147 566 628 519 328 469 663 720 632 301 591 627 97 243 198 274 281 412 320 596 378 578 556 713 336 217 431 441 56 226 245 493 637 488 434 259 415 576 617 429 659 241 87 482 679 338 532 373 555 485 343 529 475 154 178 229 588 330 434 846 82 579 198 585 686 538 309 444 228 800 311 364 602 360 547 244 433 354 747 303 702 467 215 609 680 205 204 503 499 250 688 488 440 412 366 787 305 401 429 352 578 360 470 857 733 736 372 109 104 549 420 516 580 663 295 569 673 715 661 565 454 670 203 738 349 530 798 109 354 450 335 217 629 204 567 420 569 456 311 383 531 280 643 318 764 237 379 447 138 369 714 651 351 687 533
642 846 1140 691 679 265 895 1235 704 430 661 665 679 0 642 524 533 62 458 194 964 897 418 227 599 874 641 703 843 779 703 985 1093 423 534 977 887 628 1008 568 520 234 821 717 360 337 1015 1019 967 458 272 1078 725 639 833 821 555 135 1015 892 420 736 611 876 748 781 670 340 496 735 114 974 927 635 640 965 845 498 805 876 428 902 784 252 437 529 665 1090 773 712 741 747 166 647 840 150 633 125 482 893 950 245 1290 1173 890 847 348 861 275 7 230 579 528 578 992 550 110 443 921 1026 1017 500 885 706 1013 648 520 360 454 928 860 235 1051 513 395 737 771 1101 979 1144 657 382 495 827 1183 388 748 320 227 779 434 999 879 568 1090 972 516 293 572 170 614 527 626 338 983 555 491 928 118 448 824 990 938 1031 830 952 422 796 874 865 700 639 686 204 1149 976 212 79 645 919 541 257 268 776 436 486 939 839 746 833 929 526 283 150 929 627 654 1092 466 667 884 916 1007 123 872 260 825 666 534 193 571 509 524 662 519 674 1015 222 988 514 778 982 1162 385 575 724 854 1217 965 257 885 738 685 596 921 601 1008 932 309 893 866 984 1019 323 620 485 901 1014 715 780 696 588 912 854 153 203 655 475 860 1133 918 750 382 738 1043 788 924 844 570 898 816 1209 346 208 922 742 742 415 778 649 546 809 1122 1208 538 553 306 757 906 461 542 1065 771 665 697 332 159 796 751 1030 427 948 760 1021 475 1149 761 1129 569 389 673 837 399 821 571 909 457 383 270 597 310 72 938 745 522 1018
415 290 505 361 50 491 487 595 371 375 202 343 193 642 0 435 357 591 183 516 322 256 367 464 530 528 555 100 481 540 365 461 459 368 478 527 377 65 384 187 132 429 180 183 460 402 477 474 597 470 424 465 133 201 616 585 491 610 421 662 226 254 260 237 297 280 28 485 148 471 575 702 298 519 316 418 460 248 309 240 384 406 163 485 499 263 242 467 288 187 152 246 478 32 613 540 202 622 174 574 419 417 647 532 292 534 336 369 382 640 420 79 134 166 414 159 677 469 370 389 378 318 243 543 415 143 171 411 249 292 549 497 433 362 253 109 337 485 717 520 304 269 150 290 545 268 126 321 477 496 233 416 562 161 448 588 521 428 316 486 197 507 96 449 689 368 280 314 619 329 220 422 537 446 345 380 326 156 258 584 313 319 373 535 508 346 456 604 536 452 435 485 517 251 245 191 427 197 225 513 423 208 466 552 526 144 26 466 285 243 272 394 387 568 322 443 451 222 402 528 245 493 363 270 309 490 421 449 346 384 298 348 521 342 93 370 414 575 329 442 652 270 386 352 413 506 410 487 351 388 607 447 391 477 517 382 286 373 532 554 117 524 322 395 534 586 17 219 330 493 402 496 354 250 404 555 595 206 218 293 205 567 399 445 664 541 544 251 283 281 371 249 480 566 492 433 451 479 526 504 389 423 476 24 551 354 482 606 162 434 306 307 118 476 242 511 236 496 273 357 189 349 280 451 463 572 302 273 376 83 355 658 472 535 520 413
756 442 785 740 430 259 391 947 213 115 285 186 308 524 435 0 652 512 365 330 687 637 131 510 816 355 853 535 886 906 215 897 841 585 42 957 437 479 787 249 333 320 577 356 164 199 913 909 1012 77 266 685 408 269 981 298 764 590 608 1036 317 322 624 577 306 359 450 189 345 838 411 1094 705 826 181 854 340 194 369 567 111 839 590 272 702 171 638 866 343 347 588 672 396 464 319 373 591 593 307 973 855 316 972 842 720 324 241 405 441 518 437 362 319 271 844 277 619 682 491 693 695 120 599 189 610 322 476 170 492 607 943 289 840 643 309 456 309 891 1106 915 682 298 395 413 909 285 453 372 299 256 268 845 959 273 776 1006 764 533 644 472 257 760 504 186 1087 77 558 563 586 137 475 562 957 612 378 533 163 519 525 970 242 178 746 572 822 629 329 545 843 883 16 564 603 374 246 271 478 583 655 313 858 521 566 375 946 542 462 720 542 259 527 467 795 541 758 272 320 623 687 556 588 740 72 233 605 825 609 483 680 662 723 647 830 525 345 236 370 890 635 276 1027 313 756 117 847 800 833 437 440 437 987 532 661 607 113 641 544 741 194 917 550 806 753 380 527 617 453 242 765 801 463 863 536 673 716 264 998 605 565 719 634 879 190 350 1048 891 894 441 353 214 672 685 823 881 756 29 570 854 940 720 682 761 857 457 878 243 424 959 417 623 527 643 510 910 213 875 667 877 609 169 601 779 244 857 51 976 158 421 409 352 280 583 903 222 767 831
116 647 803 160 406 547 832 819 683 545 531 646 532 533 357 652 0 471 291 523 590 526 530 306 177 860 207 332 310 268 678 475 670 109 691 446 733 295 575 468 351 437 463 535 579 505 507 515 436 645 474 795 490 521 338 888 134 432 765 396 335 599 126 550 639 632 376 590 325 210 534 467 512 176 614 467 798 472 662 560 552 388 395 531 173 510 185 646 637 537 334 271 425 333 916 517 186 447 357 367 446 429 893 806 444 858 431 724 287 536 327 366 370 455 511 427 507 143 726 691 673 540 542 815 758 478 199 532 159 606 334 532 603 20 344 459 678 645 476 696 142 357 273 647 763 369 477 308 502 806 384 522 353 444 720 439 168 239 57 369 505 152 268 554 469 613 95 654 448 514 571 774 405 793 698 733 491 481 600 347 636 616 153 342 782 666 457 462 194 395 660 281 288 605 406 395 784 485 284 837 416 153 254 532 396 228 344 783 110 567 615 751 568 415 391 488 786 199 45 347 115 140 593 587 50 175 765 315 635 33 280 659 798 159 380 690 761 839 641 484 387 614 152 622 410 155 542 839 261 744 356 804 710 227 760 53 627 623 811 275 308 169 452 745 380 374 354 418 369 775 759 230 156 258 697 854 397 472 140 456 403 835 509 429 417 244 246 212 634 590 19 351 734 832 135 665 230 231 373 166 33 692 243 362 225 440 407 311 519 777 133 603 438 517 446 734 296 699 90 498 229 330 409 288 697 380 494 237 312 394 410 508 412 824 166 559
580 807 1092 629 630 260 871 1181 680 411 624 640 641 62 591 512 471 0 408 189 913 845 397 165 540 855 582 648 781 718 679 925 1039 361 527 915 854 574 953 530 473 203 769 677 353 317 954 959 905 452 250 1035 680 602 773 811 495 94 974 832 373 700 550 827 715 746 620 336 447 673 124 913 872 575 613 905 822 465 770 828 410 841 730 244 378 498 604 1034 739 673 684 687 127 595 832 148 574 89 436 831 890 212 1238 1124 833 830 315 829 217 65 174 531 482 538 933 509 107 383 884 978 968 475 834 699 972 607 462 344 395 880 798 229 994 451 349 689 741 1044 919 1088 596 338 442 790 1129 346 701 269 213 763 393 941 817 527 1039 910 458 231 510 111 578 468 571 328 922 535 430 884 81 423 780 952 876 991 797 913 395 747 829 804 672 613 624 146 1099 929 186 35 586 858 529 196 209 738 398 445 906 787 687 816 868 467 222 153 867 569 602 1047 405 633 839 882 951 65 813 241 803 606 473 133 510 450 504 630 457 613 974 161 938 453 717 935 1113 323 528 700 826 1166 917 237 825 704 623 574 860 541 950 905 251 860 805 950 973 263 615 423 857 961 706 720 640 529 854 824 92 154 604 437 800 1084 884 688 320 678 994 777 862 791 510 841 761 1159 326 174 862 682 682 358 743 619 484 751 1071 1158 478 540 244 696 844 403 480 1014 710 613 638 301 111 736 707 989 366 898 710 961 439 1095 702 1074 508 365 614 776 361 759 562 847 429 327 216 551 274 73 876 735 464 961
390 428 685 376 223 332 565 776 400 268 268 360 276 458 183 365 291 408 0 344 505 438 255 288 463 582 497 251 528 540 395 584 638 248 406 618 496 175 557 187 79 253 362 298 327 257 607 608 657 371 259 636 282 252 615 599 414 431 583 670 59 345 261 419 377 386 212 346 47 472 397 729 473 467 328 551 525 181 415 421 276 512 331 323 381 219 285 640 386 296 296 341 295 190 627 363 240 442 67 610 543 241 831 715 448 575 181 478 203 457 238 128 96 180 563 148 496 354 509 571 560 249 426 524 579 228 113 276 133 473 580 332 603 285 82 283 413 654 741 694 320 101 41 417 726 105 296 138 308 520 99 567 597 168 631 653 426 263 279 304 231 418 183 308 724 322 196 484 439 231 382 571 606 604 449 530 212 339 428 605 360 330 382 362 691 524 280 422 485 547 372 318 354 368 120 104 549 380 330 555 535 155 303 376 596 203 196 643 184 296 439 519 558 387 452 278 511 274 330 353 223 399 303 310 242 461 583 271 529 306 386 528 704 200 131 409 500 758 510 275 661 356 390 331 525 444 569 582 175 504 622 582 568 325 471 290 456 555 520 551 251 454 475 489 354 413 196 127 450 676 525 497 213 337 586 565 637 386 202 453 367 751 257 266 683 526 528 97 386 309 310 381 663 750 409 376 293 488 585 393 323 606 492 206 515 197 299 594 312 597 181 490 302 609 155 692 345 674 243 229 262 446 136 499 408 616 207 103 193 153 186 475 567 533 427 576
639 678 992 664 544 72 705 1109 515 240 492 477 512 194 516 330 523 189 344 0 835 771 230 255 640 681 682 596 822 790 515 921 976 420 341 937 709 520 899 404 385 93 696 555 166 150 946 948 952 265 96 918 574 470 855 627 589 277 850 915 291 562 563 738 568 607 543 147 368 733 81 989 814 666 454 891 655 327 628 735 237 843 673 58 489 351 605 982 598 549 641 676 108 530 647 43 565 276 343 889 881 104 1156 1033 793 653 185 682 237 187 201 443 387 417 907 395 292 482 748 882 876 315 750 513 849 489 437 169 396 785 856 41 946 506 264 597 589 998 998 1036 618 247 386 657 1061 248 605 229 40 585 286 912 875 409 953 953 567 310 545 192 446 571 528 144 992 363 452 773 268 264 670 819 912 863 650 783 241 660 721 871 517 453 663 289 1010 827 68 223 680 871 346 310 341 606 281 336 760 712 669 640 869 460 325 46 902 542 534 939 428 492 729 739 901 232 793 78 635 601 540 272 520 551 333 482 492 690 851 232 850 516 716 837 1021 364 435 536 668 1079 821 77 906 562 667 406 859 633 914 744 261 714 878 807 867 373 428 487 747 888 521 795 595 629 819 670 232 321 532 317 788 992 739 753 368 669 902 593 919 722 510 798 712 1070 158 93 938 761 762 342 603 468 541 724 991 1070 575 359 340 754 885 513 543 931 765 541 727 167 136 823 597 866 393 810 631 949 308 1026 684 1013 528 205 597 777 242 796 377 901 278 308 211 455 161 255 891 551 571 920
589 295 215 503 291 803 533 273 532 662 401 528 378 964 322 687 590 913 505 835 0 68 659 777 732 605 740 273 532 651 526 359 155 645 725 480 377 342 129 455 451 751 143 331 757 710 350 337 595 742 741 246 280 417 713 713 709 925 263 738 549 382 464 109 418 364 294 785 471 596 897 741 99 703 517 307 537 534 375 121 671 370 197 800 759 532 409 188 382 340 256 336 801 317 738 861 404 938 492 620 329 738 325 218 185 633 651 396 700 963 740 392 448 436 253 449 995 728 320 114 92 589 88 723 254 369 464 712 543 98 609 813 177 604 575 242 442 220 757 231 470 591 470 322 227 588 238 643 795 629 549 244 613 440 132 578 754 732 534 805 432 737 352 752 717 610 547 182 935 617 220 312 532 294 396 290 623 176 181 651 473 521 519 845 194 132 777 924 718 422 680 791 818 335 556 501 395 125 315 615 364 480 768 873 523 373 310 212 562 430 188 368 143 886 273 760 541 392 630 840 479 728 619 460 557 653 262 766 56 623 359 109 209 637 400 517 466 256 100 759 729 397 534 576 357 705 213 500 668 387 681 373 158 769 733 633 179 54 707 667 290 730 205 440 851 894 309 524 304 184 380 615 647 349 111 695 626 123 460 170 187 251 705 768 721 674 677 562 371 479 597 260 158 248 717 673 750 591 542 756 614 104 578 299 709 670 805 722 269 266 594 57 205 338 540 192 309 190 501 659 361 360 594 511 696 606 592 589 696 380 675 978 433 694 751 196
531 277 277 448 228 741 521 338 496 605 353 488 332 897 256 637 526 845 438 771 68 0 601 708 672 588 683 205 492 603 490 345 208 577 677 458 367 273 152 399 386 685 75 286 699 648 343 332 567 689 677 288 228 367 668 688 647 857 287 698 483 345 400 77 385 335 228 726 405 545 832 707 82 646 474 292 518 476 351 94 614 340 130 737 694 477 348 228 352 296 191 280 734 249 715 796 339 870 427 583 310 673 393 286 152 613 588 381 632 895 672 328 384 379 249 389 927 662 318 166 147 534 50 688 278 315 395 653 475 105 569 750 206 539 509 184 414 255 724 278 411 525 402 301 289 523 183 576 731 601 485 243 575 382 199 551 692 664 471 737 380 674 284 692 685 561 480 187 867 560 189 326 502 318 377 296 564 118 164 611 436 477 463 777 262 160 712 856 661 394 631 722 749 303 494 438 395 59 258 594 339 413 700 808 493 306 242 263 495 386 176 364 162 818 238 696 520 329 567 772 413 665 567 417 491 598 286 697 109 559 309 144 276 569 337 484 450 325 128 695 689 362 479 530 331 646 218 494 599 379 640 381 197 701 691 568 173 117 673 620 223 670 180 424 782 825 242 462 266 251 376 566 579 293 171 668 592 55 394 139 128 319 644 702 684 623 627 494 342 435 534 209 226 317 655 626 682 542 509 691 551 172 530 232 655 607 737 675 223 293 526 82 140 332 480 255 253 245 436 599 297 319 531 468 650 571 534 521 628 318 610 910 407 663 689 208
638 461 790 631 377 168 476 930 285 16 278 247 300 418 367 131 530 397 255 230 659 601 0 380 689 457 728 464 783 791 285 821 810 457 164 867 483 398 744 204 244 197 533 347 98 81 840 838 912 116 147 705 382 257 864 421 637 469 633 921 199 340 516 553 342 384 388 127 247 725 311 983 659 702 224 782 426 125 403 547 22 756 530 175 571 133 538 826 373 339 516 585 274 392 445 271 492 473 209 865 779 191 967 839 660 433 109 454 309 413 306 288 235 223 782 213 504 552 526 687 685 86 571 318 633 292 368 62 372 593 835 192 796 520 186 418 360 848 994 878 575 173 291 437 887 161 421 241 192 366 156 784 852 219 765 907 635 401 528 345 235 632 417 99 978 137 438 567 466 42 468 597 860 644 423 563 43 484 520 859 288 223 636 443 817 627 211 428 719 795 144 433 472 388 136 179 531 543 570 418 777 409 434 276 849 449 392 732 420 270 526 512 749 418 683 158 407 526 564 428 477 611 106 256 485 705 634 353 664 538 633 641 827 397 274 306 438 886 626 161 912 339 644 177 766 674 778 514 308 486 874 581 664 475 244 515 544 714 321 800 474 679 690 441 402 490 385 149 686 797 512 748 407 583 709 386 893 560 457 660 573 876 72 227 935 773 775 318 380 240 550 610 808 877 628 154 438 742 840 589 560 746 746 391 756 112 300 840 399 649 402 624 464 840 124 852 584 847 496 37 509 692 121 754 182 871 67 295 277 289 149 470 815 346 638 779
417 713 969 464 508 306 819 1040 634 395 541 593 553 227 464 510 306 165 288 255 777 708 380 0 391 818 434 506 616 558 632 762 894 196 537 750 774 434 805 449 364 200 633 582 377 314 792 798 741 469 254 924 571 521 617 799 343 148 871 677 274 619 387 701 644 663 492 373 334 510 239 756 727 422 562 744 773 401 691 704 398 677 587 288 235 440 443 885 660 579 536 528 147 461 824 234 416 162 336 669 728 200 1101 993 681 801 273 753 86 229 73 417 378 450 776 418 220 232 793 853 841 436 704 698 867 510 315 346 240 756 636 280 844 286 257 569 675 893 763 938 431 253 314 700 986 266 584 165 252 736 310 784 655 438 907 745 314 66 345 67 497 320 426 348 763 508 267 772 160 389 671 858 711 892 722 817 359 620 716 644 611 563 459 74 968 809 205 160 435 693 524 56 93 649 323 356 828 653 530 784 705 311 69 248 702 418 470 929 243 560 728 799 802 115 654 258 756 447 310 64 348 301 479 565 292 455 871 27 808 289 556 812 982 160 418 650 763 1033 793 253 669 627 458 538 697 388 795 845 113 781 646 865 854 117 622 259 744 823 701 561 494 380 700 757 78 126 473 359 640 955 804 527 156 518 867 764 700 654 351 690 614 1027 322 176 704 524 525 214 662 558 320 596 934 1025 327 534 87 533 680 259 317 881 546 484 484 267 119 583 600 885 204 769 580 799 371 953 545 928 345 342 457 614 297 594 561 684 384 190 109 441 231 211 711 725 319 808
144 820 947 234 579 678 1009 935 859 705 709 821 709 599 530 816 177 540 463 640 732 672 689 391 0 1037 42 494 313 198 854 537 787 232 852 467 908 467 694 644 527 566 618 710 726 652 571 583 408 801 611 953 664 698 237 1062 52 474 929 294 501 776 279 707 816 808 548 731 500 187 631 379 644 44 789 546 975 643 838 719 711 455 546 661 162 682 325 754 814 714 485 396 534 505 1090 624 344 488 530 322 520 560 1014 941 566 1034 584 899 408 604 438 544 546 632 603 603 541 159 898 839 820 708 696 986 922 655 377 682 329 762 293 657 711 178 506 629 855 746 382 799 261 517 449 821 878 530 648 453 628 982 552 615 311 620 858 419 84 331 215 459 682 72 438 699 392 783 269 817 492 678 740 943 404 958 874 902 652 645 765 284 813 791 219 394 918 822 580 521 47 441 825 345 331 781 573 567 958 639 416 1014 482 330 323 639 399 395 516 935 278 744 781 924 684 476 495 621 963 345 133 406 285 90 761 764 227 106 929 410 782 157 384 813 934 294 557 866 938 969 794 617 288 791 205 794 479 26 642 1015 393 918 277 975 865 278 926 174 791 758 982 194 468 11 565 922 448 405 527 589 467 913 933 188 285 383 843 1028 352 622 312 580 545 967 657 550 327 155 153 376 810 767 160 476 864 962 64 831 304 207 367 138 144 830 226 534 101 589 509 198 692 940 288 754 602 584 616 853 424 812 257 654 379 414 571 306 863 344 660 394 439 571 556 554 451 997 78 663
937 311 599 889 489 612 79 802 185 444 330 226 334 874 528 355 860 855 582 681 605 588 457 818 1037 0 1067 607 1003 1068 188 924 747 830 360 1021 230 593 732 395 511 654 565 349 519 538 927 918 1110 430 605 477 414 339 1144 132 991 924 401 1190 562 275 784 511 231 263 522 544 539 998 763 1227 671 1033 258 873 71 419 240 495 446 896 617 623 962 379 770 791 249 343 650 762 731 559 148 724 729 929 515 1098 885 646 796 671 726 43 550 209 736 868 747 495 492 405 837 435 962 936 295 551 564 384 539 219 408 387 660 513 713 506 1074 641 783 859 570 467 192 824 1242 827 832 569 589 287 783 555 453 658 647 102 515 832 1086 417 636 1098 1008 822 831 796 355 998 624 537 1212 320 768 426 922 434 401 338 1047 387 211 336 464 502 426 1110 224 257 901 888 659 492 668 885 1051 948 339 866 905 296 498 481 231 558 738 44 905 707 860 727 1036 671 550 529 762 293 416 247 745 874 795 615 76 749 903 874 762 980 351 273 810 1013 402 793 570 881 812 517 660 780 480 172 138 716 516 618 1180 258 914 283 895 1015 807 131 723 221 1134 280 501 893 293 869 426 649 201 1082 633 1029 758 165 854 938 538 468 816 636 236 1023 793 769 576 137 1116 587 734 717 656 704 529 683 1190 1067 1070 678 257 272 878 735 687 708 988 326 857 1007 1042 975 893 633 1004 535 1072 560 756 1133 396 412 764 548 523 919 450 755 745 777 788 490 716 852 521 974 316 1093 435 675 709 469 593 928 966 168 1008 795
151 843 955 237 603 720 1037 933 891 743 738 854 737 641 555 853 207 582 497 682 740 683 728 434 42 1067 0 512 294 168 886 526 788 272 891 447 932 490 695 676 559 607 632 736 766 692 559 572 380 840 652 966 687 728 199 1096 93 514 946 255 538 803 299 722 844 834 571 772 533 171 673 340 650 37 822 538 1004 678 864 734 750 446 559 702 203 716 339 752 840 740 499 404 576 528 1124 667 362 529 564 293 512 601 1014 946 569 1066 624 924 450 645 480 573 578 663 598 635 581 202 919 850 830 744 709 1021 938 683 406 722 364 775 266 699 709 212 544 650 883 742 343 795 272 555 481 845 877 568 669 493 670 1014 588 610 282 652 864 392 124 373 239 501 712 114 460 739 355 819 302 834 533 716 761 962 381 975 900 922 690 662 783 252 843 824 222 436 924 836 622 562 22 427 862 387 372 806 610 602 981 652 425 1045 472 360 365 681 377 416 539 946 313 774 799 947 684 517 494 662 993 359 167 448 309 132 797 795 258 93 945 452 791 191 386 825 939 334 586 898 965 972 807 658 249 819 207 829 470 53 639 1041 434 943 242 997 877 320 963 212 808 763 1017 162 485 53 566 948 490 445 550 625 465 920 956 167 325 390 852 1062 322 635 337 583 555 971 698 592 290 124 122 412 836 798 189 482 868 966 107 868 346 189 344 179 175 836 208 557 66 629 551 159 715 956 326 765 620 573 651 853 431 811 282 693 395 410 609 291 900 315 697 432 480 599 596 595 436 1031 118 660
363 338 477 294 120 577 559 534 462 472 292 437 280 703 100 535 332 648 251 596 273 205 464 506 494 607 512 0 395 471 456 361 390 373 578 429 432 76 306 287 222 505 134 257 554 492 378 375 505 569 507 462 194 295 544 675 462 655 434 587 304 332 214 218 377 348 90 578 229 403 648 619 223 475 412 319 538 346 376 227 481 307 81 570 494 364 176 388 360 264 52 155 544 72 703 615 150 668 262 490 319 493 595 492 199 619 422 430 432 702 474 176 228 266 318 259 725 463 410 363 347 418 212 639 427 235 191 504 270 274 467 580 351 343 331 146 415 402 634 443 244 349 211 346 481 349 163 384 558 585 321 321 479 262 405 495 501 459 282 539 294 484 79 541 604 468 277 322 665 427 250 450 444 463 411 410 421 150 271 504 402 415 308 573 467 334 532 657 492 354 535 517 544 316 336 285 477 155 131 598 323 208 495 628 433 104 73 452 290 334 286 443 306 617 222 526 532 155 376 568 217 473 463 363 293 437 434 496 310 364 205 328 482 364 191 459 484 530 310 524 577 349 323 451 313 468 319 552 399 443 529 487 378 496 616 369 296 317 628 486 27 490 227 462 581 621 82 314 230 456 453 427 374 161 372 646 509 149 194 202 116 524 490 517 584 478 482 292 353 376 343 149 429 522 466 533 476 408 435 494 361 378 402 80 497 440 544 540 217 446 321 275 108 376 339 447 140 425 242 451 118 252 368 366 563 486 399 321 432 183 435 710 374 629 498 325
204 723 736 158 514 836 953 672 852 796 683 823 673 843 481 886 310 781 528 822 532 492 783 616 313 1003 294 395 0 139 846 241 536 419 928 154 819 420 452 655 554 732 468 653 851 778 273 287 130 899 761 777 589 681 184 1066 327 737 778 206 585 727 267 553 772 743 482 867 541 125 841 224 433 268 795 266 933 692 770 569 804 175 399 823 441 721 248 491 755 660 355 241 731 448 1094 821 295 752 579 94 237 722 757 711 347 1013 701 821 591 845 633 536 569 636 331 619 811 421 787 647 625 766 532 1019 769 624 414 801 429 596 77 825 451 329 603 538 811 474 239 527 209 620 493 735 618 629 554 596 797 977 626 344 84 629 638 130 383 549 277 678 675 364 391 829 208 830 370 672 754 756 629 811 96 809 804 776 740 520 633 119 794 798 159 648 691 652 754 771 273 140 890 589 590 711 647 615 859 484 265 992 195 376 562 836 89 347 456 745 394 724 648 826 438 724 259 777 927 265 311 655 309 371 818 752 331 207 778 625 588 329 193 634 707 465 553 851 878 728 619 773 197 745 158 824 196 293 378 943 562 831 149 859 687 529 983 358 652 539 1010 154 370 318 330 856 690 675 467 644 228 692 837 126 464 233 642 1036 114 458 326 362 373 729 780 728 193 179 182 486 748 762 296 286 629 723 345 891 538 105 63 422 301 611 86 469 234 713 714 202 610 785 430 573 488 289 673 600 260 553 295 757 292 172 664 29 923 91 731 518 612 555 691 815 145 1015 377 401
