207
0 99 479 469 572 697 229 621 309 612 529 145 225 645 700 420 164 582 269 84 56 384 781 284 791 188 50 766 330 820 59 378 664 707 431 449 93 315 652 738 647 415 444 428 226 733 153 183 162 596 981 656 576 587 484 717 194 687 322 341 854 262 415 499 445 371 404 732 790 448 831 234 453 536 233 765 306 519 417 213 644 471 775 682 572 609 417 465 179 682 243 522 821 149 127 420 695 208 756 570 645 179 66 487 66 461 451 840 528 158 155 719 139 479 498 631 499 549 523 628 190 406 261 391 742 224 388 334 387 630 557 143 186 748 236 370 720 194 686 439 180 910 284 581 187 409 507 488 366 595 186 317 223 701 884 410 98 515 389 277 212 715 373 382 927 732 665 230 149 626 622 311 333 431 448 575 71 715 573 326 755 505 550 668 377 231 156 485 626 566 818 537 283 25 509 596 601 664 530 423 767 494 775 595 173 461 835
99 0 573 568 672 797 268 716 403 696 572 112 195 704 786 439 246 682 334 40 151 475 881 322 856 137 76 856 404 887 146 445 752 782 530 546 84 407 740 818 704 487 472 526 323 825 243 186 214 651 1078 754 674 660 555 817 179 774 305 414 952 315 515 590 455 428 481 830 889 531 901 300 515 595 332 857 303 555 341 203 741 559 875 758 670 695 512 564 124 743 144 547 917 242 226 477 794 291 848 613 732 206 32 583 145 518 538 910 613 226 90 818 156 576 586 731 584 648 562 701 270 433 317 384 832 262 383 317 473 704 632 239 154 812 313 456 818 234 765 515 108 1006 273 647 155 508 589 563 444 669 87 341 295 795 979 469 59 568 432 254 311 811 470 391 1025 832 760 193 50 707 706 399 415 439 479 621 163 808 668 425 836 594 637 745 428 132 81 550 706 661 884 621 382 86 563 652 699 763 628 518 858 593 866 653 74 485 933
479 573 0 134 172 284 561 144 327 522 712 544 670 384 252 485 333 184 305 543 424 110 397 586 454 656 524 296 236 470 460 520 510 323 163 50 515 346 510 319 402 224 456 80 253 254 330 603 398 384 645 196 134 591 230 303 527 234 727 473 512 536 172 387 765 563 476 275 348 134 454 320 576 642 305 288 523 736 791 520 370 79 371 297 287 172 64 205 650 399 706 775 533 331 373 583 325 291 534 741 515 566 543 36 429 610 91 462 461 477 585 272 562 275 423 218 451 133 434 620 314 446 524 569 544 409 559 573 132 614 561 380 553 430 285 403 382 548 278 188 658 594 688 304 641 199 139 521 197 252 652 640 463 476 595 299 576 660 380 702 314 240 123 720 594 372 419 576 618 223 528 384 193 757 704 732 411 235 96 180 325 75 461 278 591 696 596 268 563 351 473 477 211 501 346 373 339 243 269 309 292 152 302 362 647 479 500
469 568 134 0 103 229 493 194 235 387 599 565 625 518 363 579 354 113 371 544 418 194 324 507 586 624 506 383 319 600 434 414 377 453 46 92 526 251 376 440 535 335 558 77 252 326 339 555 433 514 555 201 121 460 356 249 564 344 664 372 421 457 62 254 676 462 361 269 322 257 580 374 460 520 250 361 588 626 833 563 248 209 310 427 162 297 121 71 621 534 709 671 423 337 345 474 240 322 409 625 381 512 535 102 433 497 215 588 329 422 600 253 520 141 291 162 321 86 552 487 345 541 444 647 415 462 638 637 228 481 431 342 583 564 332 292 283 487 403 307 635 495 627 437 603 85 273 396 292 387 653 561 390 349 488 406 556 543 478 648 267 272 111 638 501 284 294 615 617 354 393 288 270 670 604 613 409 301 161 143 442 209 327 408 491 698 608 392 428 218 604 345 187 486 469 504 212 195 137 184 372 28 385 494 642 582 405
572 672 172 103 0 127 588 139 326 402 662 666 726 540 332 654 454 11 458 648 521 268 231 598 580 727 610 327 398 589 537 489 371 443 145 156 629 339 375 415 560 396 627 160 354 262 440 655 531 549 474 114 58 495 400 147 662 313 759 452 340 549 162 291 759 540 429 170 218 307 561 466 525 573 353 295 678 694 931 660 210 250 211 421 141 288 195 135 724 549 813 743 361 440 449 546 153 420 373 684 383 611 639 137 536 563 264 568 363 522 702 151 622 183 332 59 363 39 607 515 443 615 536 731 388 555 722 727 297 508 470 445 683 566 426 367 210 585 390 361 739 421 723 464 705 178 303 447 364 402 756 651 485 318 423 471 660 603 550 746 370 189 208 725 422 200 262 713 721 351 406 375 351 754 681 670 512 235 132 247 411 235 354 401 570 802 711 439 447 219 594 378 290 590 518 537 188 91 145 250 311 80 325 525 746 650 327
697 797 284 229 127 0 696 186 434 427 730 794 841 616 364 769 581 116 582 774 647 388 115 700 627 846 733 326 519 629 660 574 373 492 267 279 756 445 381 449 638 506 740 287 481 259 568 770 658 635 367 119 150 535 500 20 789 347 867 544 239 653 283 350 850 628 510 99 103 414 592 591 597 632 473 283 802 767 1058 787 199 356 86 474 182 352 319 242 844 618 939 820 288 567 572 625 75 547 336 746 394 725 764 254 663 636 373 598 412 637 829 71 739 266 390 69 421 159 709 546 570 731 639 852 362 681 843 852 416 537 516 566 811 621 552 458 139 697 437 468 860 327 832 547 823 294 398 509 482 478 882 751 595 295 342 582 783 668 665 857 491 165 336 822 319 111 247 840 846 414 427 477 472 846 764 729 639 235 211 373 438 333 395 457 658 928 838 540 471 254 636 424 417 714 617 623 204 41 211 339 304 203 318 610 871 762 231
229 268 561 493 588 696 0 681 262 470 304 364 164 823 810 643 343 595 460 287 250 499 752 55 954 204 204 857 499 979 181 195 540 849 447 517 316 251 526 865 829 582 662 488 335 809 314 104 378 783 904 694 614 411 646 715 422 794 171 184 793 57 430 400 228 165 249 759 799 583 980 427 255 330 255 843 535 290 607 442 580 584 758 822 532 722 498 456 210 857 382 293 736 307 219 213 669 375 648 345 514 64 251 553 281 252 569 989 397 94 357 739 113 435 381 641 368 579 730 450 368 625 67 621 624 445 618 563 516 454 386 198 408 916 412 258 673 35 817 593 241 828 135 750 168 411 637 322 522 744 337 93 102 603 791 598 212 300 598 163 248 765 438 169 854 696 583 451 306 756 480 221 482 215 219 352 266 786 638 381 877 612 423 805 160 370 350 658 470 494 979 400 352 214 699 780 542 673 493 363 851 509 862 777 310 681 772
621 716 144 194 139 186 681 0 428 542 790 689 802 429 193 607 477 143 446 686 566 253 300 699 449 793 664 191 373 454 597 608 509 312 240 172 659 445 513 278 451 341 572 196 394 131 473 733 543 450 552 69 83 633 323 200 671 175 850 566 425 649 255 427 870 656 553 140 219 249 424 463 651 706 429 166 661 819 934 663 342 192 264 292 280 165 203 255 788 432 850 865 470 475 509 668 250 436 500 814 522 693 685 134 572 689 213 431 500 603 730 146 695 315 467 142 498 119 531 654 459 568 636 700 520 551 690 710 270 647 607 512 697 439 429 486 316 672 257 300 797 513 812 361 776 279 220 580 331 292 795 753 579 450 526 416 716 733 503 830 441 95 251 830 505 294 395 720 762 228 546 482 334 864 798 801 553 106 48 305 273 161 493 273 686 840 741 362 586 358 461 516 343 641 438 438 326 149 283 374 178 189 191 424 790 593 418
309 403 327 235 326 434 262 428 0 318 391 443 409 659 578 591 280 333 367 394 277 301 496 272 764 421 330 612 364 784 257 196 359 642 188 277 393 20 349 645 671 426 590 247 194 559 249 338 359 635 675 434 356 329 478 453 469 561 433 147 553 223 172 191 442 236 164 496 536 391 775 349 260 337 92 594 540 411 722 478 340 372 499 616 277 498 271 193 421 686 547 448 513 243 187 259 412 279 447 424 343 292 372 310 305 291 363 784 233 207 463 476 311 180 197 379 207 320 624 367 290 561 210 618 433 415 612 584 330 366 296 166 475 733 312 95 424 262 601 420 442 603 398 578 394 150 434 234 365 552 491 326 160 391 575 472 373 345 511 423 111 507 209 403 623 443 356 516 454 544 327 57 325 436 377 417 278 534 389 159 652 391 251 597 263 535 466 502 341 258 786 246 157 317 564 628 298 410 236 115 604 248 616 621 473 613 533
612 696 522 387 402 427 470 542 318 0 344 753 635 903 733 900 598 399 675 695 588 556 408 441 972 672 620 728 655 984 554 278 81 836 364 476 702 305 65 815 920 699 894 453 504 661 567 573 677 895 465 505 459 117 733 434 785 714 606 289 385 413 360 142 518 324 221 524 517 635 960 661 247 237 410 691 858 390 1029 795 229 594 438 812 263 679 495 316 677 921 832 449 300 561 500 291 359 592 194 347 50 528 667 489 619 277 596 968 84 471 768 496 567 247 121 417 113 427 912 120 606 867 404 935 163 732 928 902 590 111 112 476 788 951 621 241 319 492 785 680 705 389 585 822 637 337 659 154 643 775 780 473 403 173 342 759 653 284 812 622 430 576 451 518 423 355 191 830 744 739 10 301 609 521 418 327 592 634 528 428 813 597 68 792 346 820 768 766 44 183 988 74 450 614 839 886 224 433 260 236 710 373 723 876 757 917 365
529 572 712 599 662 730 304 790 391 344 0 669 425 1048 960 926 609 664 720 592 539 693 738 250 1156 485 508 981 738 1176 475 196 425 1033 556 662 619 370 410 1032 1059 810 938 632 561 921 576 394 663 1020 806 776 708 231 866 743 724 942 347 246 729 267 544 379 202 169 237 818 830 782 1165 693 138 107 452 955 832 47 907 743 551 763 762 1006 548 885 661 534 495 1076 674 106 645 569 479 132 675 629 536 40 395 366 556 691 572 101 755 1174 322 374 662 792 416 478 339 698 309 671 992 252 630 903 270 918 502 730 914 864 720 260 233 451 712 1124 666 309 649 339 990 809 528 732 347 968 449 517 826 220 748 944 635 238 323 517 682 846 515 62 866 385 460 851 600 233 766 682 527 755 607 933 350 335 707 212 110 50 552 894 760 550 1037 781 343 987 154 663 654 887 315 477 1178 312 543 517 943 1014 530 723 524 415 969 601 982 1008 607 959 709
145 112 544 565 666 794 364 689 443 753 669 0 308 617 732 331 213 677 265 79 166 437 887 420 773 248 161 809 342 805 204 524 801 712 534 525 51 451 790 754 614 418 367 510 313 786 226 293 148 560 1101 735 659 732 484 814 67 722 417 486 971 404 520 634 564 515 549 814 879 477 824 237 597 681 357 816 191 655 279 92 766 515 876 690 688 643 488 575 235 657 173 652 946 227 255 564 801 253 889 709 784 306 115 560 139 605 493 833 668 303 46 805 258 601 636 725 640 638 462 773 229 329 403 271 876 173 271 206 428 775 702 277 43 728 262 512 834 329 702 452 214 1032 385 568 267 519 534 633 385 599 131 445 368 832 1010 386 168 658 336 366 336 785 458 500 1047 843 792 86 116 645 763 452 365 549 581 716 166 772 641 422 774 551 690 679 519 167 62 472 769 692 801 679 379 152 474 563 723 757 647 552 814 592 820 566 144 379 953
225 195 670 625 726 841 164 802 409 635 425 308 0 871 907 631 385 734 495 232 275 589 905 198 1015 65 176 965 553 1044 216 358 705 926 580 631 274 402 690 952 873 638 661 605 421 924 367 71 386 822 1067 825 744 569 707 860 375 893 110 348 953 221 564 563 272 320 414 894 941 662 1052 460 410 477 375 958 498 397 493 399 739 677 908 900 685 817 606 598 78 908 253 376 899 362 297 365 821 427 813 463 679 117 200 669 292 399 658 1061 562 203 281 877 107 588 545 782 533 711 745 607 412 622 231 579 789 444 579 513 598 612 547 290 349 973 459 420 829 149 901 659 109 991 85 806 41 548 720 484 586 815 225 188 253 767 955 635 142 438 612 58 360 891 551 211 1016 850 745 387 208 840 644 377 550 256 319 476 292 903 756 496 967 708 588 885 307 243 267 709 632 654 1042 565 459 201 735 821 700 814 645 518 963 645 972 821 196 676 932
645 704 384 518 540 616 823 429 659 903 1048 617 871 0 287 341 488 549 376 664 596 359 730 865 158 830 695 375 324 192 662 852 894 169 539 427 621 680 894 236 23 241 291 450 493 408 512 821 490 63 980 498 485 963 181 629 562 296 960 801 855 821 544 764 1050 883 823 554 631 271 224 410 919 995 597 414 475 1061 752 542 748 308 692 169 669 265 409 587 820 39 788 1089 897 518 603 915 678 450 912 1082 899 800 684 419 579 949 307 231 837 729 663 569 775 656 798 566 823 503 193 995 461 317 811 458 925 445 449 508 329 990 932 626 597 112 415 750 742 797 207 239 812 943 920 81 832 569 244 882 303 138 749 915 747 856 955 236 737 1004 284 920 593 482 461 993 934 723 799 593 730 205 909 713 344 1038 1013 1076 579 418 411 502 262 309 840 178 906 783 680 165 943 735 187 853 504 670 143 56 721 578 653 679 396 536 392 51 759 298 848
700 786 252 363 332 364 810 193 578 733 960 732 907 287 0 558 539 337 467 750 644 318 469 837 263 885 749 92 389 264 692 770 702 132 404 301 715 598 707 85 310 320 513 331 486 123 547 843 584 329 712 248 274 819 267 373 697 19 972 724 595 787 416 612 1017 814 722 284 356 255 230 495 822 884 554 127 652 985 938 683 536 230 428 121 473 91 312 433 878 276 904 1026 653 551 610 833 436 494 692 987 715 809 758 269 641 858 249 237 687 723 777 304 800 498 652 333 682 306 442 843 515 522 775 668 713 568 658 696 313 836 792 621 728 262 473 651 502 794 81 282 881 685 933 245 875 442 197 759 346 173 854 891 714 643 705 379 799 906 464 944 561 208 374 971 670 476 588 740 825 99 737 636 370 1009 956 976 629 138 206 430 79 199 681 109 842 896 791 297 777 551 271 702 457 724 353 316 520 334 473 548 110 367 108 302 855 529 592
420 439 485 579 654 769 643 607 591 900 926 331 631 341 558 0 320 665 225 400 392 387 882 696 499 576 461 649 259 533 462 747 922 484 573 498 356 609 916 544 330 265 49 502 398 654 353 601 265 278 1128 672 619 920 295 788 264 556 736 698 994 664 567 760 865 758 745 747 825 358 566 243 823 908 502 674 149 925 411 240 825 416 856 471 739 487 461 626 563 380 481 936 1002 360 447 802 807 312 980 966 915 598 431 517 362 842 397 573 819 557 371 751 558 681 780 703 796 616 152 959 303 38 658 116 980 198 107 170 356 957 887 476 297 453 280 684 860 610 498 306 545 1072 700 326 590 581 391 823 289 388 456 735 603 919 1067 190 488 899 104 688 487 692 474 802 1075 854 867 278 447 458 909 629 308 851 859 967 378 651 566 478 569 445 832 468 772 479 388 261 930 777 527 833 451 441 211 286 786 728 706 666 663 607 664 295 473 49 980
164 246 333 354 454 581 343 477 280 598 609 213 385 488 539 320 0 465 117 212 110 229 678 390 629 352 214 609 167 658 173 426 632 543 327 312 182 296 623 574 492 253 329 297 106 580 33 332 83 443 900 522 446 605 321 602 210 527 472 378 768 352 314 464 571 440 426 600 666 285 667 85 502 587 188 612 260 611 478 212 570 313 665 518 488 448 275 372 343 524 373 627 752 40 130 482 593 45 707 648 620 313 218 347 102 522 291 676 514 250 252 592 286 408 476 512 488 424 388 645 27 294 345 337 700 134 331 306 226 644 572 157 229 588 73 369 630 313 522 275 343 834 432 421 348 318 344 506 202 431 320 436 286 648 817 257 262 579 258 432 170 573 245 511 846 636 602 261 288 462 607 312 169 558 550 648 93 565 429 215 591 348 530 504 456 364 263 325 622 504 656 527 173 188 358 441 528 544 449 373 611 382 619 440 317 350 751
582 682 184 113 11 116 595 143 333 399 664 677 734 549 337 665 465 0 470 658 532 280 219 604 587 736 619 329 410 595 547 492 365 450 154 168 639 346 369 421 570 407 639 172 365 264 451 663 543 559 462 112 65 493 411 136 673 318 766 456 328 555 170 291 764 544 432 164 209 318 567 477 527 574 361 296 690 697 942 671 202 261 199 428 136 296 207 140 733 558 823 746 351 450 458 549 141 431 364 685 378 619 649 149 546 565 275 574 362 530 713 143 630 185 331 48 363 50 618 513 454 627 542 743 381 567 734 739 309 505 469 454 694 574 437 371 199 593 396 372 748 410 730 474 713 185 314 448 376 411 767 656 492 310 412 482 669 604 562 753 379 187 220 731 410 188 254 724 731 359 402 380 362 759 684 670 523 236 140 257 416 246 352 409 574 812 721 450 443 215 601 376 301 600 529 547 182 81 143 253 312 89 326 535 756 662 316
269 334 305 371 458 582 460 446 367 675 720 265 495 376 467 225 117 470 0 295 221 195 689 507 523 455 319 546 78 553 289 533 698 448 357 302 255 385 692 488 378 154 223 299 173 529 146 446 120 328 926 502 435 697 221 602 231 458 586 483 792 468 349 535 688 551 525 581 654 215 567 34 608 691 280 557 219 724 487 220 610 259 668 425 524 379 263 409 445 413 439 743 791 154 245 591 608 92 760 758 690 429 311 330 203 631 237 576 594 367 311 578 400 459 554 513 570 423 272 735 92 193 460 276 758 105 268 269 175 733 664 271 261 480 55 461 655 431 436 186 439 866 547 314 456 361 270 601 122 335 392 553 400 700 856 141 362 687 146 545 267 540 260 628 873 654 649 277 366 379 684 408 112 675 666 757 204 518 400 255 508 294 607 414 569 431 326 216 704 556 550 608 226 294 241 327 570 542 489 441 553 399 559 326 397 245 777
84 40 543 544 648 774 287 686 394 695 592 79 232 664 750 400 212 658 295 0 126 441 861 342 815 176 83 821 366 847 140 454 748 743 508 517 44 399 736 780 663 448 432 498 296 793 213 214 175 610 1064 726 648 666 516 794 144 738 340 419 937 329 493 583 484 441 484 803 864 495 862 262 526 608 316 824 267 577 335 167 727 525 853 720 654 659 483 545 163 702 165 573 905 212 210 490 774 257 841 632 729 227 36 554 114 531 503 871 611 232 74 792 179 562 582 707 582 622 521 707 235 393 330 349 826 222 348 285 438 709 636 227 123 772 276 453 801 252 728 477 149 993 307 607 191 489 553 568 406 630 109 366 300 786 968 428 90 583 391 290 294 782 444 420 1010 813 749 165 75 669 705 395 379 469 502 639 135 777 638 400 799 560 634 707 444 154 72 510 707 650 844 620 357 81 522 611 685 739 612 507 824 570 832 613 105 445 918
56 151 424 418 521 647 250 566 277 588 539 166 275 596 644 392 110 532 221 126 0 328 734 303 740 242 104 710 278 769 70 374 635 653 382 394 117 285 625 683 600 363 412 374 172 677 97 224 127 550 940 603 523 574 432 667 198 631 364 331 811 273 367 468 475 374 391 679 739 393 778 187 450 535 193 709 294 534 445 212 604 415 726 628 528 553 362 418 234 633 291 543 783 93 89 421 648 153 723 579 618 210 119 432 33 463 395 787 504 165 189 667 178 438 471 580 475 497 484 615 137 374 268 379 710 194 375 329 331 616 543 112 199 698 184 348 676 218 631 385 236 870 325 531 238 362 451 474 312 541 235 343 220 667 846 363 154 518 351 323 171 660 319 413 886 687 628 242 199 571 598 288 278 461 467 582 17 659 518 274 699 449 524 613 385 280 194 434 606 528 767 514 231 79 463 548 561 613 487 387 711 444 719 548 225 430 793
384 475 110 194 268 388 499 253 301 556 693 437 589 359 318 387 229 280 195 441 328 0 498 532 464 568 432 381 130 487 374 496 560 350 197 111 411 322 557 366 373 144 364 116 168 351 232 526 290 341 741 306 240 607 180 408 417 304 657 446 607 484 197 414 717 532 464 386 458 89 482 210 561 636 250 382 414 709 681 410 442 87 475 324 356 227 74 250 561 384 602 742 616 235 292 560 420 185 602 726 559 493 445 135 329 593 69 492 484 409 479 382 483 314 444 320 468 231 360 640 208 349 473 463 606 298 454 464 34 636 575 306 444 431 176 391 472 481 317 124 565 685 617 278 557 218 138 524 98 252 549 586 409 542 681 212 483 646 284 627 252 349 105 665 688 467 487 466 517 256 563 357 84 707 667 719 314 336 206 143 379 120 490 306 557 593 491 210 593 405 488 500 152 408 282 333 406 348 328 324 383 221 391 324 546 387 593
781 881 397 324 231 115 752 300 496 408 738 887 905 730 469 882 678 219 689 861 734 498 0 747 733 917 813 419 629 732 739 606 338 600 353 387 847 503 351 552 752 621 854 390 574 355 661 834 758 751 252 231 264 524 616 100 888 454 918 585 126 703 368 370 880 660 539 187 133 529 693 696 615 635 550 373 909 780 1157 887 187 470 44 583 220 465 426 316 916 730 1025 836 194 660 654 649 86 647 270 749 365 788 848 365 753 652 487 698 416 703 920 165 808 317 405 179 433 267 825 526 669 844 690 962 302 785 953 958 527 517 511 644 907 730 655 499 89 757 546 583 935 215 886 662 890 372 513 520 593 592 968 795 653 247 238 696 861 676 778 915 570 262 435 861 204 57 216 939 931 526 406 530 581 879 788 730 728 334 327 465 539 448 395 567 689 1013 928 655 449 268 739 426 508 796 733 738 215 156 260 388 395 296 408 725 954 876 122
284 322 586 507 598 700 55 699 272 441 250 420 198 865 837 696 390 604 507 342 303 532 747 0 992 246 258 880 542 1017 234 163 514 883 461 540 371 258 500 896 872 623 713 511 373 829 361 149 430 827 886 707 628 371 686 717 477 820 171 165 780 50 444 386 185 122 225 768 803 618 1015 476 212 282 283 864 590 235 659 497 571 616 757 857 529 752 525 463 255 898 430 240 717 354 263 168 667 420 625 290 487 116 306 576 334 204 601 1024 373 140 412 747 166 435 362 649 345 593 779 409 415 676 63 675 599 497 672 618 552 414 349 239 463 955 457 248 666 90 849 632 287 810 145 790 210 423 671 289 562 781 388 54 123 584 770 644 265 249 648 180 280 779 463 133 838 691 568 506 358 789 450 224 522 174 164 298 318 805 659 406 907 641 400 839 111 419 404 700 436 484 1017 374 382 269 744 824 535 680 492 361 872 521 884 820 360 732 759
791 856 454 586 580 627 954 449 764 972 1156 773 1015 158 263 499 629 587 523 815 740 464 733 992 0 978 841 326 462 34 802 960 950 137 617 503 773 785 953 181 168 376 449 531 618 381 650 961 641 221 974 509 522 1046 309 636 720 279 1099 910 859 945 625 840 1177 996 923 546 616 375 78 557 1022 1093 714 373 634 1174 910 699 790 393 691 160 720 293 496 658 968 119 944 1207 916 655 736 1024 697 588 950 1187 959 937 834 484 725 1055 400 83 915 860 819 567 915 727 877 591 905 549 348 1074 602 476 934 615 968 599 606 666 441 1068 1016 755 755 45 555 850 764 930 191 361 962 948 1059 209 977 652 329 974 432 212 904 1044 870 898 968 387 885 1107 442 1062 713 470 556 1123 932 738 842 751 883 232 977 820 472 1166 1132 1179 722 400 448 605 198 380 914 179 1021 939 835 306 1014 793 28 931 616 816 301 215 769 595 712 763 350 598 341 209 913 454 855
188 137 656 624 727 846 204 793 421 672 485 248 65 830 885 576 352 736 455 176 242 568 917 246 978 0 138 948 519 1008 196 399 738 895 581 621 220 418 725 925 831 604 608 597 403 911 339 99 341 779 1091 821 740 615 672 866 316 872 175 383 973 260 565 588 337 367 450 893 945 635 1019 420 458 529 374 944 439 459 428 340 759 655 917 870 699 794 592 605 13 868 190 440 924 335 284 414 832 396 843 523 714 143 148 659 253 451 636 1028 595 215 218 878 110 602 575 784 566 709 696 654 379 570 268 519 822 395 519 451 573 658 590 282 288 935 425 446 846 179 874 628 44 1016 150 769 36 552 694 525 554 783 159 246 275 795 983 594 93 493 565 122 357 885 541 275 1039 864 769 324 143 814 682 398 521 321 381 535 259 891 746 489 942 688 621 856 358 179 204 672 673 674 1006 600 449 163 691 779 718 817 658 534 947 646 957 780 131 622 953
50 76 524 506 610 733 204 664 330 620 508 161 176 695 749 461 214 619 319 83 104 432 813 258 841 138 0 813 380 870 74 372 676 757 466 492 114 332 664 787 696 466 488 470 271 778 201 140 209 645 1005 697 617 585 534 753 220 735 276 339 881 245 450 514 409 357 405 772 828 497 881 284 443 524 262 811 338 494 415 242 669 519 809 732 600 657 461 496 129 732 217 492 843 197 160 407 726 258 773 548 656 146 49 530 115 448 499 890 537 151 156 758 99 505 510 668 508 588 569 626 240 449 246 423 756 269 421 362 436 629 557 169 204 799 286 380 748 168 735 489 133 933 239 632 137 441 556 488 416 645 162 285 220 720 904 459 51 499 436 230 242 758 414 344 952 763 686 247 125 675 630 323 382 394 420 555 120 760 617 365 804 552 561 718 360 205 152 535 630 588 868 545 323 25 558 645 627 701 558 445 813 530 822 645 143 503 862
766 856 296 383 327 326 857 191 612 728 981 809 965 375 92 649 609 329 546 821 710 381 419 880 326 948 813 0 468 319 753 798 687 211 428 340 788 630 693 148 398 405 605 369 545 67 614 899 660 420 651 223 274 822 356 330 778 92 1023 755 543 829 442 618 1055 845 744 233 294 332 276 572 843 898 601 47 739 1010 1024 765 515 296 375 206 465 168 360 447 942 360 979 1055 610 616 668 858 401 564 662 1006 703 862 826 304 710 880 318 280 691 774 853 258 858 507 658 312 690 311 534 842 586 613 817 758 687 650 748 784 383 835 797 676 808 335 547 676 466 844 167 365 947 631 984 337 935 468 277 772 424 266 928 934 757 618 657 467 864 924 554 999 611 161 418 1013 612 435 566 823 897 191 730 668 444 1048 987 993 696 94 223 475 128 261 681 198 874 970 867 388 772 544 328 706 508 789 446 407 506 304 472 565 24 380 16 393 926 621 542
330 404 236 319 398 519 499 373 364 655 738 342 553 324 389 259 167 410 78 366 278 130 629 542 462 519 380 468 0 490 340 545 669 377 314 241 328 384 665 414 330 85 242 243 177 452 188 499 195 285 871 432 369 689 153 538 309 380 638 494 736 499 309 512 726 570 527 510 585 136 500 106 617 698 286 479 287 747 563 297 566 183 605 353 479 301 203 367 509 358 515 771 743 194 279 606 550 127 721 775 665 476 379 264 266 644 161 509 577 405 388 509 453 425 537 450 556 361 260 726 140 222 490 333 723 182 324 337 104 723 656 302 340 421 94 459 601 473 361 111 506 814 598 253 516 325 192 598 44 265 467 591 427 661 807 108 427 700 160 600 278 466 215 669 818 597 608 355 440 304 663 412 49 714 694 771 261 441 328 226 433 218 587 341 591 507 402 159 688 520 489 592 209 355 205 281 527 478 447 419 475 347 480 277 470 265 722
820 887 470 600 589 629 979 454 784 984 1176 805 1044 192 264 533 658 595 553 847 769 487 732 1017 34 1008 870 319 490 0 830 980 959 147 633 519 805 805 963 179 203 405 483 548 644 377 678 989 672 255 969 512 530 1061 337 636 752 281 1127 931 857 970 642 854 1202 1018 942 545 612 399 51 587 1041 1111 737 366 668 1195 945 732 797 412 689 172 729 304 515 672 998 153 977 1229 917 683 763 1044 700 617 955 1207 970 964 865 498 755 1075 421 53 929 886 851 567 943 741 892 596 920 558 383 1088 631 510 958 649 975 631 641 701 465 1082 1031 782 787 80 584 869 766 957 199 387 992 946 1087 239 1007 669 350 991 460 235 937 1069 895 904 968 419 916 1126 476 1090 737 469 576 1148 929 740 849 785 915 246 989 841 498 1191 1154 1198 751 398 457 626 193 397 927 192 1044 972 868 336 1027 804 10 945 639 845 335 249 778 598 724 779 343 610 333 242 945 489 854
59 146 460 434 537 660 181 597 257 554 475 204 216 662 692 462 173 547 289 140 70 374 739 234 802 196 74 753 340 830 0 319 607 710 393 425 152 260 596 736 666 425 482 401 207 715 152 159 197 617 932 628 547 527 493 680 251 678 298 281 807 207 377 443 405 314 345 701 756 446 837 254 394 478 188 748 357 467 475 269 595 461 735 684 526 601 396 423 190 698 290 474 770 146 89 362 652 213 702 515 588 140 115 463 99 403 442 846 470 101 214 687 113 431 441 596 441 517 554 569 200 444 204 443 686 264 439 389 381 570 497 94 245 761 247 312 674 148 685 444 201 860 258 594 183 368 503 428 370 600 234 272 164 648 832 430 122 458 421 260 169 690 346 342 878 689 613 288 197 624 564 254 334 391 398 519 86 695 550 295 751 494 493 669 321 278 213 498 567 515 828 479 254 61 531 615 553 629 484 372 751 457 761 613 216 500 788
378 445 520 414 489 574 195 608 196 278 196 524 358 852 770 747 426 492 533 454 374 496 606 163 960 399 372 798 545 980 319 0 352 838 369 470 472 175 337 839 863 615 754 440 368 740 393 300 490 824 727 602 530 216 670 590 570 752 330 51 626 139 355 236 275 54 67 653 677 586 971 507 76 161 258 774 667 215 787 585 423 568 621 812 395 692 467 355 405 880 572 256 558 386 300 63 531 441 463 230 324 257 421 501 407 98 559 980 212 221 528 629 301 310 206 532 185 492 801 256 445 721 132 751 436 554 746 703 524 260 191 272 564 928 477 121 520 222 796 613 436 651 307 772 363 330 630 126 553 748 523 198 155 424 610 653 395 154 679 343 268 677 405 255 680 549 414 608 490 739 287 139 512 273 191 226 383 714 574 354 846 587 238 793 83 560 524 692 274 338 982 212 347 373 750 819 391 560 363 239 787 420 799 812 498 776 605
664 752 510 377 371 373 540 509 359 81 425 801 705 894 702 922 632 365 698 748 635 560 338 514 950 738 676 687 669 959 607 352 0 813 362 469 751 350 15 786 912 704 911 449 532 620 603 641 713 891 383 464 429 196 732 378 828 683 682 356 305 483 363 168 599 400 290 472 455 633 932 688 327 318 448 648 892 471 1080 836 174 587 372 790 230 657 493 310 742 909 892 530 219 598 546 371 301 621 113 427 30 595 723 475 664 358 592 939 143 532 819 444 631 245 166 375 172 401 920 190 637 887 473 966 84 764 959 938 595 180 193 523 834 933 647 296 252 559 760 681 769 308 659 814 704 344 650 231 652 761 838 549 465 95 261 769 713 366 829 695 469 530 457 597 341 289 127 875 802 719 75 353 622 602 499 407 637 593 502 444 782 584 117 770 424 880 821 767 114 159 965 140 472 668 842 882 182 385 240 259 668 358 681 871 816 935 286
707 782 323 453 443 492 849 312 642 836 1033 712 926 169 132 484 543 450 448 743 653 350 600 883 137 895 757 211 377 147 710 838 813 0 486 373 704 663 816 66 191 295 436 402 514 255 558 867 569 223 844 374 385 913 228 502 666 146 1003 790 726 835 495 707 1067 878 798 415 488 266 132 481 897 965 601 254 600 1054 886 649 652 270 559 26 583 157 371 524 886 149 885 1089 780 563 636 902 561 499 812 1063 823 839 757 351 643 931 282 141 782 757 758 435 822 593 744 454 773 412 349 940 516 454 823 600 831 539 591 640 332 934 884 653 700 130 470 725 627 829 54 267 884 815 962 158 890 522 212 844 340 113 840 936 760 761 834 330 804 982 405 969 603 339 433 1016 801 603 705 705 815 99 841 700 375 1057 1016 1054 636 270 311 485 92 252 779 45 904 879 773 242 879 657 151 798 502 731 273 211 632 459 576 633 233 463 227 199 845 448 722
431 530 163 46 145 267 447 240 188 364 556 534 580 539 404 573 327 154 357 508 382 197 353 461 617 581 466 428 314 633 393 369 362 486 0 114 493 204 360 477 556 341 556 89 221 372 308 510 408 531 574 247 167 428 370 287 537 385 618 326 441 411 16 225 630 417 319 314 363 272 616 356 418 481 207 406 570 583 805 538 253 231 344 460 167 332 131 53 579 558 673 626 433 306 305 431 267 299 407 583 363 467 497 136 399 454 232 624 299 377 567 296 476 118 260 202 288 132 558 458 320 536 397 633 410 442 625 619 232 452 398 300 555 593 314 249 303 442 439 318 594 511 581 458 559 39 296 358 292 413 616 514 344 347 498 408 516 502 474 602 225 318 98 591 520 309 294 588 580 387 370 242 265 623 559 572 374 347 205 112 481 237 300 441 446 662 574 404 403 207 636 315 154 447 479 522 213 235 133 146 418 64 430 512 604 579 425
449 546 50 92 156 279 517 172 277 476 662 525 631 427 301 498 312 168 302 517 394 111 387 540 503 621 492 340 241 519 425 470 469 373 114 0 492 297 468 369 444 246 474 30 222 293 304 563 383 422 630 210 135 543 264 299 514 283 684 424 495 490 122 339 717 513 425 288 355 165 504 312 525 592 261 328 522 686 781 509 337 118 365 347 252 222 39 160 615 444 682 725 507 305 337 533 309 273 500 691 472 524 514 38 403 560 123 513 413 435 564 280 524 229 374 210 402 120 462 572 296 460 477 574 507 402 565 572 142 567 513 341 537 478 273 353 361 505 328 216 625 574 645 346 604 149 182 471 208 299 626 594 417 441 571 319 543 610 395 661 272 265 80 673 577 356 385 564 592 274 482 334 194 710 655 681 383 272 125 136 375 123 414 328 541 671 574 300 517 310 523 429 172 470 377 412 303 239 230 260 334 115 345 402 619 497 482
93 84 515 526 629 756 316 659 393 702 619 51 274 621 715 356 182 639 255 44 117 411 847 371 773 220 114 788 328 805 152 472 751 704 493 492 0 401 740 742 620 409 388 475 274 762 188 251 134 567 1056 702 625 680 476 776 106 704 381 434 927 353 478 584 521 464 497 780 844 459 821 223 546 629 310 793 226 607 328 128 720 493 836 681 644 624 457 532 207 660 191 606 900 189 206 513 760 225 840 660 733 259 75 528 93 554 471 830 617 252 73 770 213 554 586 688 588 602 477 721 202 349 353 310 827 178 308 248 405 723 650 227 93 729 241 460 790 281 690 439 193 987 347 566 233 476 517 581 370 591 139 399 317 784 963 386 132 607 347 332 288 755 422 457 1002 800 745 136 111 632 712 401 344 506 534 666 120 747 611 382 762 528 639 669 469 182 82 469 717 645 802 627 339 102 479 568 677 720 603 504 792 553 799 570 141 402 909
315 407 346 251 339 445 251 445 20 305 370 451 402 680 598 609 296 346 385 399 285 322 503 258 785 418 332 630 384 805 260 175 350 663 204 297 401 0 339 665 692 447 609 267 212 576 264 331 372 656 675 449 371 311 498 463 480 580 422 127 555 209 189 183 425 216 144 510 547 412 795 366 239 316 107 611 554 390 729 490 341 392 507 636 283 518 291 205 418 707 550 428 511 258 196 239 419 297 441 403 333 285 376 329 315 270 384 804 220 202 470 489 307 185 186 391 193 335 644 350 307 579 196 633 426 430 627 597 351 348 278 173 485 754 330 75 428 254 621 441 441 602 387 599 389 165 455 215 385 573 494 311 150 387 572 492 374 324 530 413 125 522 230 387 623 448 355 526 457 564 315 37 346 419 357 396 287 551 407 179 672 411 240 617 244 537 472 523 327 257 807 232 177 321 585 649 300 422 242 116 621 263 633 642 475 631 535
652 740 510 376 375 381 526 513 349 65 410 790 690 894 707 916 623 369 692 736 625 557 351 500 953 725 664 693 665 963 596 337 15 816 360 468 740 339 0 790 912 701 906 448 525 626 594 627 705 890 399 470 433 180 730 387 818 688 667 342 320 469 360 159 583 385 276 481 466 631 936 681 311 303 439 655 884 456 1069 827 182 586 384 792 233 659 491 309 729 909 879 514 234 589 535 355 311 613 129 412 15 581 711 476 654 343 590 943 129 519 808 453 618 242 154 381 158 404 917 176 629 882 459 959 99 757 951 929 592 166 177 513 824 935 640 284 264 545 763 679 756 324 645 814 691 340 649 216 649 762 826 534 452 109 277 765 700 350 824 680 460 537 454 581 357 300 137 865 789 721 59 341 617 586 483 392 627 599 505 439 786 585 103 773 409 867 809 765 100 159 968 125 466 656 840 881 187 393 241 251 674 359 688 870 804 930 300
738 818 319 440 415 449 865 278 645 815 1032 754 952 236 85 544 574 421 488 780 683 366 552 896 181 925 787 148 414 179 736 839 786 66 477 369 742 665 790 0 258 335 496 399 534 199 586 891 608 288 792 333 357 899 272 457 712 103 1024 792 678 847 489 691 1079 881 794 366 435 290 145 519 894 959 612 193 653 1055 940 696 620 281 510 73 557 147 374 510 917 215 927 1094 738 591 658 902 521 529 777 1060 798 860 791 342 676 930 296 153 766 776 800 387 847 577 730 418 760 388 413 924 548 512 835 658 798 584 649 695 354 917 871 672 745 186 504 723 587 847 52 302 917 767 984 218 918 515 232 835 373 159 880 950 772 728 789 380 836 979 459 992 617 290 437 1030 751 560 673 753 854 111 820 702 404 1070 1022 1050 666 219 287 492 25 255 762 77 909 920 815 293 859 633 187 782 514 762 333 276 604 419 555 624 172 446 164 263 884 509 675
647 704 402 535 560 638 829 451 671 920 1059 614 873 23 310 330 492 570 378 663 600 373 752 872 168 831 696 398 330 203 666 863 912 191 556 444 620 692 912 258 0 250 280 467 502 431 517 824 490 54 1003 520 506 979 193 651 558 319 964 812 877 829 560 781 1057 893 836 577 654 286 238 413 931 1008 607 437 467 1072 741 537 768 326 714 191 689 287 425 604 820 51 783 1099 918 523 610 926 699 455 932 1094 916 805 685 437 581 961 324 245 853 735 660 592 778 673 813 587 839 523 179 1011 465 308 819 446 945 442 438 498 342 1006 947 633 593 123 419 764 763 803 230 251 811 965 924 98 834 585 262 897 312 159 746 922 755 876 976 237 738 1016 279 923 602 504 476 999 956 744 819 587 728 228 927 725 353 1045 1022 1088 582 441 433 515 283 328 857 201 916 779 677 172 959 753 196 869 516 672 140 51 740 600 672 694 419 554 414 52 757 285 870
415 487 224 335 396 506 582 341 426 699 810 418 638 241 320 265 253 407 154 448 363 144 621 623 376 604 466 405 85 405 425 615 704 295 341 246 409 447 701 335 250 0 233 258 252 398 273 584 274 209 869 406 356 744 68 524 378 314 723 564 736 579 341 556 808 644 591 482 559 92 415 186 685 764 358 423 333 822 618 363 583 151 592 271 498 237 214 394 594 275 592 848 754 279 362 678 549 212 744 846 703 561 463 258 350 713 133 424 625 487 464 485 539 458 585 441 607 357 216 779 226 226 569 361 750 249 351 380 109 775 712 384 410 336 179 520 605 557 283 41 590 818 683 168 601 362 131 657 62 181 546 673 505 685 817 75 512 769 161 685 352 428 248 751 818 596 630 420 520 228 706 478 103 796 772 841 346 392 301 276 356 179 632 260 666 585 480 77 735 549 403 641 269 440 140 203 548 465 471 465 415 360 419 198 550 255 724
444 472 456 558 627 740 662 572 590 894 938 367 661 291 513 49 329 639 223 432 412 364 854 713 449 608 488 605 242 483 482 754 911 436 556 474 388 609 906 496 280 233 0 481 396 613 362 627 284 228 1102 639 590 920 254 758 303 513 764 705 968 679 551 752 887 769 748 713 791 326 516 246 830 914 504 632 193 939 461 279 806 384 826 423 720 446 438 609 596 330 524 953 981 369 459 811 781 314 963 977 906 621 461 490 383 851 366 523 814 573 409 717 583 667 774 674 791 589 103 958 309 38 672 166 965 219 157 219 331 956 887 487 337 403 279 684 835 630 451 272 580 1048 727 278 620 568 354 824 266 342 495 755 615 903 1045 157 519 908 81 717 490 655 457 824 1050 828 850 321 484 414 902 631 291 873 876 977 396 611 534 467 521 411 826 421 785 521 426 218 925 762 477 828 444 466 163 236 768 698 689 658 619 585 620 245 511 23 955
428 526 80 77 160 287 488 196 247 453 632 510 605 450 331 502 297 172 299 498 374 116 390 511 531 597 470 369 243 548 401 440 449 402 89 30 475 267 448 399 467 258 481 0 202 320 287 537 372 442 628 228 149 516 282 307 503 313 656 394 494 460 95 314 688 483 396 305 368 183 533 305 496 563 234 355 518 656 771 500 326 142 372 376 239 252 44 139 592 469 663 695 500 287 313 503 309 260 486 662 451 497 494 65 385 530 143 542 388 408 548 295 498 206 349 217 376 128 475 546 284 465 448 573 492 395 565 567 150 541 486 315 525 505 265 323 358 477 357 231 602 570 618 368 579 121 207 442 214 325 608 565 388 426 564 328 521 580 401 634 245 288 55 644 575 355 371 553 573 302 460 304 194 680 625 652 363 298 151 109 405 150 390 356 511 653 558 317 493 292 551 404 147 448 393 433 290 248 213 232 362 104 373 423 600 504 479
226 323 253 252 354 481 335 394 194 504 561 313 421 493 486 398 106 365 173 296 172 168 574 373 618 403 271 545 177 644 207 368 532 514 221 222 274 212 525 534 502 252 396 202 0 508 87 357 189 460 794 431 352 523 313 501 316 471 489 317 662 327 208 366 558 393 354 507 569 247 645 157 441 523 110 541 361 570 584 318 464 256 562 488 382 396 190 266 397 525 461 596 646 85 124 429 489 88 603 597 522 325 291 260 182 466 238 654 421 243 348 496 314 303 382 413 397 327 434 561 105 367 317 434 597 233 426 408 181 559 490 138 333 582 118 288 524 314 484 258 404 728 449 417 390 211 303 428 190 409 405 425 253 543 711 285 322 523 317 458 100 488 148 504 740 531 497 366 370 423 513 237 149 547 519 594 160 489 346 109 548 287 436 471 414 450 357 330 532 399 644 435 67 247 382 455 422 445 343 273 544 279 553 450 397 419 645
733 825 254 326 262 259 809 131 559 661 921 786 924 408 123 654 580 264 529 793 677 351 355 829 381 911 778 67 452 377 715 740 620 255 372 293 762 576 626 199 431 398 613 320 508 0 581 856 638 446 592 156 212 757 359 264 760 112 977 698 480 778 387 554 1001 788 685 168 235 315 337 552 782 835 554 35 732 951 1014 749 447 271 312 244 398 166 318 386 905 399 953 996 545 584 628 800 334 536 595 944 636 818 795 255 680 820 293 342 626 728 829 192 817 444 594 245 626 249 551 776 559 617 765 758 619 634 748 779 358 768 733 634 789 384 523 618 399 798 204 357 912 569 938 359 896 411 267 709 407 285 900 883 708 550 593 466 830 863 554 955 565 94 373 961 552 369 498 807 868 208 664 613 421 995 930 931 663 27 170 429 184 235 616 231 817 944 842 394 706 478 385 641 464 755 459 433 439 236 407 505 48 320 62 419 897 631 478
153 243 330 339 440 568 314 473 249 567 576 226 367 512 547 353 33 451 146 213 97 232 661 361 650 339 201 614 188 678 152 393 603 558 308 304 188 264 594 586 517 273 362 287 87 581 0 311 110 469 879 514 436 572 341 588 231 534 449 344 748 321 295 434 542 407 393 592 655 296 685 116 469 554 157 614 291 579 498 236 547 318 650 533 466 456 269 351 331 547 377 596 729 7 98 449 575 61 680 615 590 288 213 341 99 489 297 694 483 220 261 582 265 383 446 499 456 413 419 612 54 327 314 369 672 166 363 335 234 611 539 125 247 609 97 336 610 286 535 292 333 812 409 442 332 296 354 473 218 447 322 407 254 621 793 283 251 546 290 412 138 569 233 483 825 617 577 282 288 474 576 279 182 530 519 615 82 565 425 196 603 352 500 518 423 367 271 347 591 478 676 495 153 176 385 467 504 531 426 345 615 366 623 464 316 383 730
183 186 603 555 655 770 104 733 338 573 394 293 71 821 843 601 332 663 446 214 224 526 834 149 961 99 140 899 499 989 159 300 641 867 510 563 251 331 627 891 824 584 627 537 357 856 311 0 345 775 999 755 674 515 652 789 357 828 140 284 883 161 493 495 270 268 352 824 870 602 995 411 359 431 305 891 478 372 513 380 670 613 837 841 614 753 539 527 106 857 281 361 831 305 233 315 750 372 747 433 616 47 178 601 247 353 595 1004 498 133 276 807 45 517 479 711 468 641 706 554 359 589 169 562 725 408 560 499 536 558 490 223 337 920 406 352 759 81 840 602 138 924 101 753 64 477 659 426 529 758 241 157 183 701 888 587 127 397 572 101 291 822 483 206 948 780 677 378 214 779 583 307 492 255 295 443 242 835 688 427 905 644 524 826 260 270 266 657 574 584 988 502 392 160 688 773 630 743 574 447 896 574 906 772 213 643 863
