57
0 457 792 559 288 92 241 402 645 271 252 634 253 665 389 494 796 111 322 370 246 536 504 302 513 549 671 580 477 75 184 786 445 601 671 552 503 525 463 672 428 620 655 520 239 330 758 215 373 418 560 69 218 142 385 565 269
457 0 852 102 575 486 468 212 458 724 673 469 423 547 466 633 457 345 756 484 434 410 164 275 340 154 796 312 744 531 320 887 367 159 800 248 308 538 760 356 419 369 198 467 696 364 344 511 821 578 527 521 555 486 819 797 195
792 852 0 889 523 708 1021 641 465 927 702 440 552 357 1141 298 694 781 747 433 1014 453 1012 619 524 769 145 1155 407 823 681 77 1128 983 150 1095 1123 317 454 647 1146 563 959 385 861 528 833 581 829 374 1284 777 599 654 764 330 757
559 102 889 0 662 585 563 269 460 826 771 476 507 560 545 695 404 448 854 553 529 437 192 355 365 126 848 328 821 633 416 931 430 95 852 263 351 583 841 323 488 361 98 505 798 436 263 602 922 647 581 623 648 582 917 867 294
288 575 523 662 0 197 529 411 525 410 201 505 154 499 673 228 743 322 273 176 532 417 687 308 435 595 391 800 194 303 267 506 704 735 390 755 738 322 193 629 701 548 759 360 345 246 773 78 362 161 837 258 75 147 320 277 394
92 486 708 585 197 0 333 389 601 285 189 587 187 608 480 409 775 158 270 296 338 489 558 280 477 555 583 649 385 118 174 698 527 639 583 615 577 455 372 652 516 590 683 461 235 281 758 126 337 334 649 75 126 53 333 473 291
241 468 1021 563 529 333 0 520 801 361 464 797 469 846 160 726 896 245 514 589 36 704 430 455 661 606 906 444 718 252 353 1020 263 567 907 442 355 733 702 778 221 750 642 710 375 518 811 454 533 650 335 287 459 381 569 806 349
402 212 641 269 411 389 520 0 288 668 554 289 258 356 580 426 394 307 640 285 496 211 371 111 150 184 584 516 556 476 219 675 521 357 589 454 493 325 579 270 557 230 359 257 624 170 372 364 718 378 685 449 414 367 699 598 172
645 458 465 460 525 601 801 288 0 885 718 27 418 108 868 397 248 570 797 349 779 111 622 350 140 333 475 770 582 710 465 525 805 554 482 705 764 240 623 181 843 102 513 169 830 319 367 520 885 401 969 673 567 559 846 579 458
271 724 927 826 410 285 361 668 885 0 226 871 468 886 515 638 1059 380 215 563 391 774 748 562 763 820 787 795 537 195 448 898 623 861 784 781 709 721 501 935 583 875 920 740 66 566 1029 377 190 572 685 219 341 326 248 630 540
252 673 702 771 201 189 464 554 718 226 0 699 309 699 624 420 921 345 85 373 481 607 746 443 613 731 561 831 311 212 355 672 695 828 558 800 755 523 276 802 673 728 869 557 161 413 927 199 168 361 798 186 150 190 146 404 478
634 469 440 476 505 587 797 289 27 871 699 0 403 86 869 371 276 563 777 328 777 97 633 344 140 350 448 781 556 698 456 499 810 570 455 717 772 214 598 207 847 124 532 146 814 306 393 503 865 377 974 660 549 544 825 552 457
253 423 552 507 154 187 469 258 418 468 309 403 0 420 591 263 612 229 393 120 462 306 544 153 305 441 445 666 324 304 138 556 595 582 447 617 613 272 337 493 603 420 604 274 411 104 625 110 476 189 742 262 160 141 449 389 251
665 547 357 560 499 608 846 356 108 886 699 86 420 0 928 331 343 606 773 326 828 146 712 392 209 434 379 860 520 723 497 419 878 655 386 796 847 182 564 290 912 210 618 146 826 335 475 510 862 354 1042 683 552 561 816 502 516
389 466 1141 545 673 480 160 580 868 515 624 869 591 928 0 854 921 362 674 707 143 782 374 541 729 619 1036 336 865 411 460 1147 143 521 1037 356 250 839 853 811 80 801 605 802 533 620 807 595 692 779 175 443 607 525 730 950 412
494 633 298 695 228 409 726 426 397 638 420 371 263 331 854 0 643 491 479 155 722 315 777 366 368 594 182 911 188 524 399 293 856 783 183 856 866 157 233 550 867 459 782 234 573 271 725 282 566 76 1005 478 302 355 510 185 496
796 457 694 404 743 775 896 394 248 1059 921 276 612 343 921 643 0 700 1005 573 867 334 595 496 309 303 721 731 824 869 612 760 824 478 728 667 754 487 863 123 876 195 406 410 1011 508 181 722 1089 639 981 839 771 744 1059 827 552
111 345 781 448 322 158 245 307 570 380 345 563 229 606 362 491 700 0 422 347 234 467 401 219 432 441 673 491 516 186 109 785 382 491 675 456 421 488 512 577 380 533 543 466 350 274 651 243 480 416 518 176 268 183 486 596 159
322 756 747 854 273 270 514 640 797 215 85 777 393 773 674 479 1005 422 0 449 535 687 824 529 696 816 602 902 342 270 439 709 757 910 599 875 823 594 300 886 729 811 953 634 159 497 1012 283 89 426 849 253 233 275 63 431 561
370 484 433 553 176 296 589 285 349 563 373 328 120 326 707 155 573 347 449 0 581 242 624 213 268 464 334 756 273 415 248 442 703 638 337 702 710 159 301 463 716 378 645 184 502 119 621 185 538 93 854 371 226 245 497 314 341
246 434 1014 529 532 338 36 496 779 391 481 777 462 828 143 722 867 234 535 581 0 685 394 436 639 575 903 409 724 268 340 1016 232 531 904 406 321 721 710 750 195 725 606 694 401 504 778 456 558 646 317 299 464 384 592 810 324
536 410 453 437 417 489 704 211 111 774 607 97 306 146 782 315 334 467 687 242 685 0 574 249 72 316 428 721 491 600 360 499 732 531 434 658 703 166 529 235 765 144 507 82 718 208 412 409 774 305 895 562 456 448 737 501 369
504 164 1012 192 687 558 430 371 622 748 746 633 544 712 374 777 595 401 824 624 394 574 0 411 504 303 947 147 869 570 419 1043 245 147 951 83 159 695 878 507 308 531 232 628 734 506 452 614 877 716 389 573 652 573 887 931 293
302 275 619 355 308 280 455 111 350 562 443 344 153 392 541 366 496 219 529 213 436 249 411 0 213 290 540 545 469 373 117 641 510 433 543 490 504 305 486 373 533 317 451 261 515 95 483 255 607 305 669 342 304 255 589 523 137
513 340 524 365 435 477 661 150 140 763 613 140 305 209 729 368 309 432 696 268 639 72 504 213 0 245 494 652 533 581 330 569 671 459 500 588 637 228 567 194 707 115 436 145 711 201 358 413 781 345 835 546 463 441 750 552 318
549 154 769 126 595 555 606 184 333 820 731 350 441 434 619 594 303 441 816 464 575 316 303 290 245 0 737 447 737 625 380 814 521 220 742 381 457 470 762 204 573 235 191 389 783 354 210 545 891 555 680 605 594 540 877 773 282
671 796 145 848 391 583 906 584 475 787 561 448 445 379 1036 182 721 673 602 334 903 428 947 540 494 737 0 1085 262 695 581 114 1037 939 7 1028 1043 266 309 651 1049 561 928 349 721 445 836 456 684 257 1187 649 467 530 619 187 673
580 312 1155 328 800 649 444 516 770 795 831 781 666 860 336 911 731 491 902 756 409 721 147 545 652 447 1085 0 988 636 533 1183 193 257 1088 65 89 838 993 650 257 678 340 773 793 640 575 724 945 847 287 649 756 673 965 1056 417
477 744 407 821 194 385 718 556 582 537 311 556 324 520 865 188 824 516 342 273 724 491 869 469 533 737 262 988 0 480 454 366 898 902 258 941 929 343 49 724 895 635 915 414 472 385 891 273 422 188 1031 437 259 340 357 93 575
75 531 823 633 303 118 252 476 710 195 212 698 304 723 411 524 869 186 270 415 268 600 570 373 581 625 695 636 480 0 256 809 486 673 694 613 555 574 458 745 461 690 728 577 166 391 833 241 309 450 585 45 228 171 330 571 344
184 320 681 416 267 174 353 219 465 448 355 456 138 497 460 399 612 109 439 248 340 360 419 117 330 380 581 533 454 256 0 690 457 478 583 488 476 381 460 488 467 435 515 357 405 165 584 195 511 327 606 229 236 165 501 525 128
786 887 77 931 506 698 1020 675 525 898 672 499 556 419 1147 293 760 785 709 442 1016 499 1043 641 569 814 114 1183 366 809 690 0 1144 1024 115 1125 1146 349 411 706 1158 619 1006 425 833 547 892 571 788 369 1297 764 582 644 721 281 777
445 367 1128 430 704 527 263 521 805 623 695 810 595 878 143 856 824 382 757 703 232 732 245 510 671 521 1037 193 898 486 457 1144 0 392 1040 215 107 815 894 723 65 727 478 766 631 600 694 625 787 785 163 509 647 563 816 976 373
601 159 983 95 735 639 567 357 554 861 828 570 582 655 521 783 478 491 910 638 531 531 147 433 459 220 939 257 902 673 478 1024 392 0 944 196 299 675 919 409 455 454 86 599 839 519 318 670 972 732 529 668 714 643 973 952 351
671 800 150 852 390 583 907 589 482 784 558 455 447 386 1037 183 728 675 599 337 904 434 951 543 500 742 7 1088 258 694 583 115 1040 944 0 1032 1046 272 304 658 1051 567 933 354 718 448 842 456 680 258 1189 648 466 530 615 181 676
552 248 1095 263 755 615 442 454 705 781 800 717 617 796 356 856 667 456 875 702 406 658 83 490 588 381 1028 65 941 613 488 1125 215 196 1032 0 110 778 948 585 280 612 282 712 774 585 514 681 922 794 335 621 716 634 937 1006 366
503 308 1123 351 738 577 355 493 764 709 755 772 613 847 250 866 754 421 823 710 321 703 159 504 637 457 1043 89 929 555 476 1146 107 299 1046 110 0 806 930 662 172 678 385 748 709 599 611 660 862 798 231 570 689 605 885 1001 370
525 538 317 583 322 455 733 325 240 721 523 214 272 182 839 157 487 488 594 159 721 166 695 305 228 470 266 838 343 574 381 349 815 675 272 778 806 0 385 399 837 307 661 84 659 219 578 344 683 172 974 530 382 404 635 339 442
463 760 454 841 193 372 702 579 623 501 276 598 337 564 853 233 863 512 300 301 710 529 878 486 567 762 309 993 49 458 460 411 894 919 304 948 930 385 0 760 887 671 936 454 436 408 922 270 377 223 1022 417 247 331 310 131 585
672 356 647 323 629 652 778 270 181 935 802 207 493 290 811 550 123 577 886 463 750 235 507 373 194 204 651 650 724 745 488 706 723 409 658 585 662 399 760 0 772 91 352 316 888 389 186 603 969 536 883 716 653 622 941 736 432
428 419 1146 488 701 516 221 557 843 583 673 847 603 912 80 867 876 380 729 716 195 765 308 533 707 573 1049 257 895 461 467 1158 65 455 1051 280 172 837 887 772 0 770 540 793 596 619 752 622 754 793 138 488 639 555 787 977 398
620 369 563 361 548 590 750 230 102 875 728 124 420 210 801 459 195 533 811 378 725 144 531 317 115 235 561 678 635 690 435 619 727 454 567 612 678 307 671 91 770 0 410 225 825 316 274 528 896 448 890 657 578 555 865 644 401
655 198 959 98 759 683 642 359 513 920 869 532 604 618 605 782 406 543 953 645 606 507 232 451 436 191 928 340 915 728 515 1006 478 86 933 282 385 661 936 352 540 410 0 581 894 529 238 700 1019 737 616 719 746 680 1016 958 392
520 467 385 505 360 461 710 257 169 740 557 146 274 146 802 234 410 466 634 184 694 82 628 261 145 389 349 773 414 577 357 425 766 599 354 712 748 84 454 316 793 225 581 0 681 192 494 365 722 231 927 536 409 414 680 419 395
239 696 861 798 345 235 375 624 830 66 161 814 411 826 533 573 1011 350 159 502 401 718 734 515 711 783 721 793 472 166 405 833 631 839 718 774 709 659 436 888 596 825 894 681 0 512 990 316 158 507 707 177 278 270 202 565 506
330 364 528 436 246 281 518 170 319 566 413 306 104 335 620 271 508 274 497 119 504 208 506 95 201 354 445 640 385 391 165 547 600 519 448 585 599 219 408 389 619 316 529 192 512 0 527 213 581 213 756 353 264 241 552 433 229
758 344 833 263 773 758 811 372 367 1029 927 393 625 475 807 725 181 651 1012 621 778 412 452 483 358 210 836 575 891 833 584 892 694 318 842 514 611 578 922 186 752 274 238 494 990 527 0 734 1090 703 842 812 784 739 1071 911 492
215 511 581 602 78 126 454 364 520 377 199 503 110 510 595 282 722 243 283 185 456 409 614 255 413 545 456 724 273 241 195 571 625 670 456 681 660 344 270 603 622 528 700 365 316 213 734 0 367 208 759 196 50 73 339 355 324
373 821 829 922 362 337 533 718 885 190 168 865 476 862 692 566 1089 480 89 538 558 774 877 607 781 891 684 945 422 309 511 788 787 972 680 922 862 683 377 969 754 896 1019 722 158 581 1090 367 0 515 865 304 318 351 70 507 627
418 578 374 647 161 334 650 378 401 572 361 377 189 354 779 76 639 416 426 93 646 305 716 305 345 555 257 847 188 450 327 369 785 732 258 794 798 172 223 536 793 448 737 231 507 213 703 208 515 0 932 404 232 280 464 220 430
560 527 1284 581 837 649 335 685 969 685 798 974 742 1042 175 1005 981 518 849 854 317 895 389 669 835 680 1187 287 1031 585 606 1297 163 529 1189 335 231 974 1022 883 138 890 616 927 707 756 842 759 865 932 0 616 774 691 905 1114 533
69 521 777 623 258 75 287 449 673 219 186 660 262 683 443 478 839 176 253 371 299 562 573 342 546 605 649 649 437 45 229 764 509 668 648 621 570 530 417 716 488 657 719 536 177 353 812 196 304 404 616 0 183 126 316 528 329
218 555 599 648 75 126 459 414 567 341 150 549 160 552 607 302 771 268 233 226 464 456 652 304 463 594 467 756 259 228 236 582 647 714 466 716 689 382 247 653 639 578 746 409 278 264 784 50 318 232 774 183 0 84 288 347 365
142 486 654 582 147 53 381 367 559 326 190 544 141 561 525 355 744 183 275 245 384 448 573 255 441 540 530 673 340 171 165 644 563 643 530 634 605 404 331 622 555 555 680 414 270 241 739 73 351 280 691 126 84 0 337 425 292
385 819 764 917 320 333 569 699 846 248 146 825 449 816 730 510 1059 486 63 497 592 737 887 589 750 877 619 965 357 330 501 721 816 973 615 937 885 635 310 941 787 865 1016 680 202 552 1071 339 70 464 905 316 288 337 0 440 624
565 797 330 867 277 473 806 598 579 630 404 552 389 502 950 185 827 596 431 314 810 501 931 523 552 773 187 1056 93 571 525 281 976 952 181 1006 1001 339 131 736 977 644 958 419 565 433 911 355 507 220 1114 528 347 425 440 0 640
269 195 757 294 394 291 349 172 458 540 478 457 251 516 412 496 552 159 561 341 324 369 293 137 318 282 673 417 575 344 128 777 373 351 676 366 370 442 585 432 398 401 392 395 506 229 492 324 627 430 533 329 365 292 624 640 0
