82
0 734 320 57 486 815 537 751 652 400 456 630 309 795 280 475 510 228 201 71 159 496 519 570 149 433 802 80 822 551 218 771 839 453 656 402 478 821 282 236 360 306 508 601 585 310 327 464 446 621 500 498 862 606 270 266 589 331 551 374 328 468 162 312 330 167 117 576 707 807 882 778 143 642 947 447 556 549 861 523 791 542
734 0 895 725 649 136 281 18 615 786 469 405 518 825 737 953 540 598 546 763 760 410 417 399 650 574 759 771 405 894 520 375 671 304 220 660 370 471 477 528 864 466 952 573 182 427 440 280 460 828 698 551 866 459 599 752 302 727 568 512 634 278 831 827 404 714 654 160 499 801 170 674 638 167 260 354 527 557 755 893 671 633
320 895 0 272 803 934 632 910 551 189 467 636 377 611 598 164 460 300 471 376 470 774 541 589 463 380 649 381 831 285 416 787 732 678 886 294 546 802 428 514 78 432 204 522 791 537 457 617 468 403 349 804 674 587 295 143 841 650 858 671 645 680 165 76 543 201 293 737 665 636 1008 661 452 854 1049 700 506 856 722 252 677 857
57 725 272 0 531 798 511 742 601 343 414 591 270 739 335 423 461 182 216 128 216 519 481 532 191 383 748 136 786 494 204 735 789 458 665 347 446 781 258 256 306 278 454 551 586 311 302 449 405 564 444 535 806 563 221 209 604 384 589 405 373 469 126 257 328 110 78 565 663 752 867 727 181 645 928 461 509 586 809 466 740 585
486 649 803 531 0 780 650 666 951 840 714 821 606 1148 240 950 804 592 363 444 363 239 736 768 340 762 1124 445 954 996 461 905 1106 387 450 784 661 990 516 324 832 541 978 893 470 390 538 532 698 1025 879 101 1211 834 634 719 355 188 113 183 158 420 648 782 413 619 527 560 930 1146 818 1068 351 485 910 316 834 121 1161 973 1075 62
815 136 934 798 780 0 302 123 572 803 478 365 561 769 852 970 530 650 640 853 861 541 413 380 749 582 696 862 303 892 597 288 592 418 355 673 389 376 541 629 893 524 963 540 310 522 499 350 473 807 692 683 802 425 641 791 437 846 702 635 754 388 893 862 495 770 722 247 436 740 74 607 735 303 136 476 506 691 679 895 601 767
537 281 632 511 650 302 0 293 362 507 187 178 260 579 640 675 262 351 393 586 614 443 141 141 503 293 527 595 312 613 322 260 473 271 381 380 89 340 255 399 592 233 672 311 272 289 209 118 179 552 417 573 629 211 339 488 404 651 612 472 568 240 596 560 260 470 433 157 290 562 376 451 487 323 422 343 258 602 543 611 454 662
751 18 910 742 666 123 293 0 620 799 481 410 533 830 755 966 550 614 564 781 778 427 427 407 668 586 763 789 401 905 538 374 672 323 233 672 382 469 493 546 878 482 965 580 200 445 456 297 472 837 709 567 869 465 614 767 317 745 583 530 652 296 848 842 422 730 670 177 501 805 152 676 656 182 244 372 536 572 756 905 673 649
652 615 551 601 951 572 362 620 0 364 237 210 364 216 865 499 150 426 614 721 789 780 229 222 701 219 173 731 335 372 512 311 188 610 744 269 306 280 442 642 480 415 474 58 635 561 414 457 253 251 203 892 269 156 382 446 762 895 939 768 832 585 615 478 538 504 536 520 149 201 639 126 682 686 635 676 117 930 214 389 139 977
400 786 189 343 840 803 507 799 364 0 324 473 288 428 673 167 290 254 478 470 559 755 392 434 513 222 461 477 661 156 392 621 543 625 821 130 418 624 369 520 115 360 167 340 716 502 380 525 330 229 161 818 493 419 221 134 795 718 872 680 688 617 294 123 498 234 317 638 487 451 877 471 498 779 906 665 333 866 533 134 488 885
456 469 467 414 714 478 187 481 237 324 0 180 146 440 637 491 94 231 382 519 574 549 74 124 476 105 410 528 378 425 282 329 403 384 545 194 100 367 209 406 418 181 486 179 434 323 176 241 15 373 232 656 501 150 200 328 546 663 704 531 596 363 467 392 301 341 339 334 252 434 553 356 458 493 584 446 120 695 448 424 365 740
630 405 636 591 821 365 178 410 210 473 180 0 321 420 784 634 183 410 529 690 737 621 110 60 633 256 359 700 198 537 438 151 295 448 549 346 167 191 363 544 579 335 620 175 444 442 321 292 186 442 339 748 464 60 380 503 580 803 789 639 725 418 646 560 415 521 515 324 111 398 435 278 615 489 443 519 147 779 367 545 279 836
309 518 377 270 606 561 260 533 364 288 146 321 0 545 501 447 214 93 252 372 429 479 210 262 336 156 530 382 516 428 149 465 543 338 533 189 182 512 91 284 348 74 455 308 429 228 92 243 136 425 276 563 609 297 81 234 508 532 614 429 473 329 338 309 217 211 193 361 398 546 635 489 318 492 683 383 255 608 578 415 500 640
795 825 611 739 1148 769 579 830 216 428 440 420 545 0 1038 502 346 584 797 867 945 989 444 438 871 388 85 875 496 350 694 489 219 822 960 393 519 426 632 829 533 607 463 269 851 760 610 671 456 210 295 1096 67 370 538 549 977 1073 1144 967 1018 798 719 551 740 632 687 736 332 40 832 170 853 902 814 886 327 1136 150 380 181 1178
280 737 598 335 240 852 640 755 865 673 637 784 501 1038 0 756 715 453 256 223 131 370 682 725 166 653 1030 220 952 827 355 900 1041 434 583 649 617 972 428 242 640 457 789 809 558 351 466 531 623 883 748 295 1104 779 499 541 493 54 337 235 116 463 435 592 380 439 359 606 882 1043 905 990 184 596 988 385 754 340 1080 800 1000 302
475 953 164 423 950 970 675 966 499 167 491 634 447 502 756 0 452 395 601 537 630 894 558 598 611 388 557 541 816 152 529 779 661 778 979 297 585 773 520 645 118 515 44 487 876 646 538 688 497 292 302 941 559 578 372 237 946 806 996 805 793 773 328 168 646 331 425 803 635 534 1045 589 599 940 1072 811 490 992 632 122 606 1001
510 540 460 461 804 530 262 550 150 290 94 183 214 346 715 452 0 281 463 577 641 643 123 150 551 83 320 587 372 361 361 330 330 478 634 165 184 343 292 491 399 265 439 93 523 414 265 333 110 289 162 749 407 128 240 334 639 744 797 622 682 457 492 383 394 372 392 417 210 341 603 275 532 580 622 540 48 789 364 366 286 832
228 598 300 182 592 650 351 614 426 254 231 410 93 584 453 395 281 0 228 295 364 501 300 352 286 207 582 305 607 407 137 557 611 384 589 196 275 599 128 269 285 132 411 373 492 251 158 318 224 435 295 564 651 381 46 163 551 491 618 426 447 382 245 240 250 119 110 439 480 592 723 552 269 555 773 415 328 612 638 388 565 634
201 546 471 216 363 640 393 564 614 478 382 529 252 797 256 601 463 228 0 218 223 304 425 469 110 408 782 226 702 634 103 649 786 254 455 422 362 717 172 43 484 201 625 556 387 118 209 296 368 662 518 340 862 523 271 364 389 281 395 203 221 271 341 435 145 272 178 393 625 799 703 737 95 442 776 246 501 390 828 613 747 406
71 763 376 128 444 853 586 781 721 470 519 690 372 867 223 537 577 295 218 0 93 488 580 630 130 502 873 9 879 619 263 827 907 471 666 474 534 882 333 243 423 359 572 669 604 335 379 503 508 692 571 470 934 669 339 336 591 276 520 356 289 490 212 377 360 239 185 609 771 879 917 848 133 658 987 454 623 520 931 591 860 503
159 760 470 216 363 861 614 778 789 559 574 737 429 945 131 630 641 364 223 93 0 442 628 676 112 570 947 90 918 710 298 866 971 458 637 552 574 928 373 232 517 401 665 734 590 339 417 519 562 778 651 401 1012 722 409 425 555 185 448 304 214 482 306 470 367 325 258 613 825 955 921 915 127 638 997 427 684 450 1001 682 927 424
496 410 774 519 239 541 443 427 780 755 549 621 479 989 370 894 643 501 304 488 442 0 552 575 357 621 952 493 731 903 365 685 914 172 219 668 475 775 389 263 780 405 913 722 232 252 392 328 533 901 751 142 1048 644 533 657 125 343 171 138 254 202 646 731 261 572 481 329 732 981 579 886 357 247 671 103 663 161 979 888 890 229
519 417 541 481 736 413 141 427 229 392 74 110 210 444 682 558 123 300 425 580 628 552 0 51 526 170 400 590 306 481 331 257 370 381 519 262 77 302 256 444 490 227 550 174 409 349 215 228 77 412 282 670 499 98 272 403 532 703 715 553 630 356 539 465 323 413 404 298 200 431 487 334 508 463 514 449 118 706 427 483 340 757
570 399 589 532 768 380 141 407 222 434 124 60 262 438 725 598 150 352 469 630 676 575 51 0 572 212 386 639 255 512 378 205 339 402 522 304 109 252 302 485 535 274 588 174 413 386 260 246 129 431 312 698 488 70 323 452 544 745 741 586 669 374 591 513 359 464 455 297 161 421 453 312 555 463 473 472 128 732 404 517 316 786
149 650 463 191 340 749 503 668 701 513 476 633 336 871 166 611 551 286 110 130 112 357 526 572 0 487 864 135 810 669 195 758 879 350 538 482 468 823 270 121 494 299 641 645 483 227 312 406 463 718 582 349 937 622 332 385 462 206 402 228 182 372 310 444 255 284 196 501 725 876 810 826 18 534 884 326 592 400 915 644 837 394
433 574 380 383 762 582 293 586 219 222 105 256 156 388 653 388 83 207 408 502 570 621 170 212 487 0 377 511 451 320 305 407 406 465 640 92 204 425 245 441 323 222 381 169 531 378 229 335 114 282 134 715 453 207 163 251 633 686 766 583 630 449 408 304 362 290 317 436 293 391 656 345 468 591 684 521 132 758 430 318 358 795
802 759 649 748 1124 696 527 763 173 461 410 359 530 85 1030 557 320 582 782 873 947 952 400 386 864 377 0 882 415 408 679 411 134 782 906 402 477 343 612 812 572 585 521 231 799 733 585 627 425 265 311 1065 106 315 537 571 930 1062 1112 941 1002 756 743 584 711 644 690 681 261 47 756 89 846 847 734 849 290 1103 75 435 98 1150
80 771 381 136 445 862 595 789 731 477 528 700 382 875 220 541 587 305 226 9 90 493 590 639 135 511 882 0 889 626 272 837 916 478 672 482 543 892 343 250 429 369 577 679 612 343 388 512 518 700 580 472 943 679 348 343 597 274 522 360 290 497 216 383 368 246 194 617 781 887 926 857 139 665 996 460 632 522 941 597 870 504
822 405 831 786 954 303 312 401 335 661 378 198 516 496 952 816 372 607 702 879 918 731 306 255 810 451 415 889 0 702 621 52 296 567 603 537 345 74 547 710 771 520 797 330 517 602 502 427 383 587 513 869 517 243 578 700 661 964 902 779 880 534 845 755 572 719 709 403 186 462 352 326 793 542 319 639 328 892 385 716 317 958
551 894 285 494 996 892 613 905 372 156 425 537 428 350 827 152 361 407 634 619 710 903 481 512 669 320 408 626 702 0 545 671 518 765 954 243 525 652 515 675 211 502 114 372 846 651 519 651 435 142 199 972 406 477 371 285 936 873 1026 834 844 754 428 248 644 387 472 757 517 382 965 447 654 908 980 810 390 1020 483 33 464 1040
218 520 416 204 461 597 322 538 512 392 282 438 149 694 355 529 361 137 103 263 298 365 331 378 195 305 679 272 621 545 0 568 686 264 473 323 275 629 75 137 415 104 547 454 386 120 118 246 269 564 418 427 759 427 175 292 424 383 481 290 324 269 316 368 128 215 136 360 530 695 665 635 177 447 729 284 399 475 726 526 646 500
771 375 787 735 905 288 260 374 311 621 329 151 465 489 900 779 330 557 649 827 866 685 257 205 758 407 411 837 52 671 568 0 303 519 566 495 293 96 494 658 729 468 762 298 475 550 449 376 334 561 478 821 517 202 529 654 619 912 856 729 829 486 796 711 520 670 658 358 163 457 345 322 741 504 326 591 288 846 391 682 315 911
839 671 732 789 1106 592 473 672 188 543 403 295 543 219 1041 661 330 611 786 907 971 914 370 339 879 406 134 916 296 518 686 303 0 742 840 457 445 222 613 809 658 584 629 237 737 718 578 585 418 379 383 1038 225 272 568 634 875 1067 1081 923 997 713 803 661 693 693 722 617 183 180 647 72 860 778 615 812 287 1071 88 542 55 1125
453 304 678 458 387 418 271 323 610 625 384 448 338 822 434 778 478 384 254 471 458 172 381 402 350 465 782 478 567 765 264 519 742 0 209 524 304 606 257 229 670 265 790 553 133 146 246 156 369 747 599 303 879 472 405 547 170 428 341 220 336 33 577 624 135 479 398 177 559 811 471 714 340 188 554 72 494 331 806 753 718 392
656 220 886 665 450 355 381 233 744 821 545 549 533 960 583 979 634 589 455 666 637 219 519 522 538 640 906 672 603 954 473 566 840 209 0 711 449 661 461 423 874 463 988 692 110 355 441 304 532 919 774 349 1010 591 606 752 95 561 357 348 470 207 786 830 344 688 607 225 657 943 378 828 532 61 473 212 637 346 916 945 828 425
402 660 294 347 784 673 380 672 269 130 194 346 189 393 649 297 165 196 422 474 552 668 262 304 482 92 402 482 537 243 323 495 457 524 711 0 290 507 279 460 233 263 292 231 603 417 278 408 201 240 99 748 460 294 151 177 694 688 801 612 642 511 346 218 407 242 294 517 371 405 747 390 465 664 776 572 211 794 465 236 405 823
478 370 546 446 661 389 89 382 306 418 100 167 182 519 617 585 184 275 362 534 574 475 77 109 468 204 477 543 345 525 275 293 445 304 449 290 0 355 201 377 504 174 583 250 338 277 156 151 90 471 332 593 575 172 257 403 457 636 638 478 559 279 520 473 250 393 368 235 270 507 463 411 450 395 504 371 192 629 504 523 417 680
821 471 802 781 990 376 340 469 280 624 367 191 512 426 972 773 343 599 717 882 928 775 302 252 823 425 343 892 74 652 629 96 222 606 661 507 355 0 554 730 737 526 751 286 569 625 511 458 376 530 471 910 444 220 566 676 713 987 946 812 906 574 830 725 596 706 705 452 138 390 427 255 805 600 393 679 295 936 311 668 245 999
282 477 428 258 516 541 255 493 442 369 209 363 91 632 428 520 292 128 172 333 373 389 256 302 270 245 612 343 547 515 75 494 613 257 461 279 201 554 0 199 413 28 533 384 363 137 45 196 195 516 367 471 695 352 148 291 427 454 523 338 389 253 354 369 129 238 181 316 455 631 611 565 252 426 670 295 328 516 656 500 574 550
236 528 514 256 324 629 399 546 642 520 406 544 284 829 242 645 491 269 43 243 232 263 444 485 121 441 812 250 710 675 137 658 809 229 423 460 377 730 199 0 528 226 668 583 362 111 230 293 392 700 555 297 894 543 310 408 353 259 352 160 190 250 382 478 140 315 221 381 644 830 689 763 111 415 766 212 526 347 855 655 772 365
360 864 78 306 832 893 592 878 480 115 418 579 348 533 640 118 399 285 484 423 517 780 490 535 494 323 572 429 771 211 415 729 658 670 874 233 504 737 413 528 0 412 148 454 774 534 435 591 421 325 276 824 595 527 269 123 837 690 878 688 675 667 220 49 536 213 307 709 600 558 968 586 481 838 1003 699 443 874 645 178 603 883
306 466 432 278 541 524 233 482 415 360 181 335 74 607 457 515 265 132 201 359 401 405 227 274 299 222 585 369 520 502 104 468 584 265 463 263 174 526 28 226 412 0 526 357 362 157 25 186 166 497 347 493 670 323 143 292 435 482 544 361 416 257 368 369 143 248 200 306 426 605 595 537 281 426 651 309 300 537 628 489 546 573
508 952 204 454 978 963 672 965 474 167 486 620 455 463 789 44 439 411 625 572 665 913 550 588 641 381 521 577 797 114 547 762 629 790 988 292 583 751 533 668 148 526 0 466 884 662 547 693 493 256 283 965 519 562 384 260 960 838 1020 828 822 783 365 197 660 358 451 806 614 496 1037 557 628 947 1061 826 474 1015 597 87 574 1027
601 573 522 551 893 540 311 580 58 340 179 175 308 269 809 487 93 373 556 669 734 722 174 174 645 169 231 679 330 372 454 298 237 553 692 231 250 286 384 583 454 357 466 0 582 502 355 401 194 268 184 834 325 115 331 408 707 838 881 710 773 529 573 447 480 458 484 469 148 258 610 181 626 635 614 619 59 872 271 385 192 918
585 182 791 586 470 310 272 200 635 716 434 444 429 851 558 876 523 492 387 604 590 232 409 413 483 531 799 612 517 846 386 475 737 133 110 603 338 569 363 362 774 362 884 582 0 275 339 195 421 808 664 374 902 483 505 654 143 546 397 330 452 117 702 732 258 597 522 120 554 834 352 722 474 63 441 173 527 386 811 838 723 459
310 427 537 311 390 522 289 445 561 502 323 442 228 760 351 646 414 251 118 335 339 252 349 386 227 378 733 343 602 651 120 550 718 146 355 417 277 625 137 111 534 157 662 502 275 0 149 182 308 654 504 336 822 448 281 410 304 362 387 207 282 158 430 487 29 335 252 275 547 756 584 678 213 334 657 164 443 380 770 635 685 418
327 440 457 302 538 499 209 456 414 380 176 321 92 610 466 538 265 158 209 379 417 392 215 260 312 229 585 388 502 519 118 449 578 246 441 278 156 511 45 230 435 25 547 355 339 149 0 160 161 509 359 486 672 313 166 317 416 489 536 357 419 236 394 394 132 274 224 280 416 607 570 533 294 402 627 294 297 529 625 507 542 568
464 280 617 449 532 350 118 297 457 525 241 292 243 671 531 688 333 318 296 503 519 328 228 246 406 335 627 512 427 651 246 376 585 156 304 408 151 458 196 293 591 186 693 401 195 182 160 0 228 614 469 455 727 316 323 475 306 539 496 353 453 128 551 552 153 433 375 120 404 659 418 558 392 256 484 226 343 486 650 644 562 544
446 460 468 405 698 473 179 472 253 330 15 186 136 456 623 497 110 224 368 508 562 533 77 129 463 114 425 518 383 435 269 334 418 369 532 201 90 376 195 392 421 166 493 194 421 308 161 228 0 386 244 640 516 161 194 328 531 649 688 515 581 348 462 393 285 335 329 323 263 449 548 371 445 480 582 430 135 680 464 432 380 724
621 828 403 564 1025 807 552 837 251 229 373 442 425 210 883 292 289 435 662 692 778 901 412 431 718 282 265 700 587 142 564 561 379 747 919 240 471 530 516 700 325 497 256 268 808 654 509 614 386 0 149 988 271 382 391 360 915 924 1040 852 882 731 524 349 640 453 524 706 401 241 877 308 701 866 882 802 302 1033 341 170 325 1063
500 698 349 444 879 692 417 709 203 161 232 339 276 295 748 302 162 295 518 571 651 751 282 312 582 134 311 580 513 199 418 478 383 599 774 99 332 471 367 555 276 347 283 184 664 504 359 469 244 149 0 839 362 279 250 259 767 787 891 704 740 583 431 278 491 336 393 567 333 309 765 312 564 724 782 652 192 884 379 206 328 916
498 551 804 535 101 683 573 567 892 818 656 748 563 1096 295 941 749 564 340 470 401 142 670 698 349 715 1065 472 869 972 427 821 1038 303 349 748 593 910 471 297 824 493 965 834 374 336 486 455 640 988 839 0 1157 766 603 705 254 253 54 137 186 335 658 774 355 610 516 470 858 1090 719 1004 355 385 811 231 774 51 1097 952 1010 89
862 866 674 806 1211 802 629 869 269 493 501 464 609 67 1104 559 407 651 862 934 1012 1048 499 488 937 453 106 943 517 406 759 517 225 879 1010 460 575 444 695 894 595 670 519 325 902 822 672 727 516 271 362 1157 0 419 605 615 1031 1139 1205 1029 1083 855 785 616 801 699 754 785 368 68 862 194 919 951 837 945 385 1197 140 437 201 1240
606 459 587 563 834 425 211 465 156 419 150 60 297 370 779 578 128 381 523 669 722 644 98 70 622 207 315 679 243 477 427 202 272 472 591 294 172 220 352 543 527 323 562 115 483 448 313 316 161 382 279 766 419 0 346 458 615 802 809 650 729 444 609 511 421 485 489 366 103 351 495 242 604 532 504 541 87 800 334 485 246 853
270 599 295 221 634 641 339 614 382 221 200 380 81 538 499 372 240 46 271 339 409 533 272 323 332 163 537 348 578 371 175 529 568 405 606 151 257 566 148 310 269 143 384 331 505 281 166 323 194 391 250 603 605 346 0 153 575 537 656 465 491 400 267 229 276 140 154 442 443 546 715 508 315 568 761 443 287 650 593 354 521 675
266 752 143 209 719 791 488 767 446 134 328 503 234 549 541 237 334 163 364 336 425 657 403 452 385 251 571 343 700 285 292 654 634 547 752 177 403 676 291 408 123 292 260 408 654 410 317 475 328 360 259 705 615 458 153 0 713 588 759 568 564 545 172 77 412 102 191 595 543 567 865 566 371 717 907 575 382 755 638 259 581 767
589 302 841 604 355 437 404 317 762 795 546 580 508 977 493 946 639 551 389 591 555 125 532 544 462 633 930 597 661 936 424 619 875 170 95 694 457 713 427 353 837 435 960 707 143 304 416 306 531 915 767 254 1031 615 575 713 0 468 266 258 378 184 728 790 301 640 553 261 691 963 467 856 458 134 560 143 649 255 947 924 858 333
331 727 650 384 188 846 651 745 895 718 663 803 532 1073 54 806 744 491 281 276 185 343 703 745 206 686 1062 274 964 873 383 912 1067 428 561 688 636 987 454 259 690 482 838 838 546 362 489 539 649 924 787 253 1139 802 537 588 468 0 291 216 93 459 488 641 392 486 402 604 904 1077 896 1018 223 579 982 373 782 295 1109 847 1028 251
551 568 858 589 113 702 612 583 939 872 704 789 614 1144 337 996 797 618 395 520 448 171 715 741 402 766 1112 522 902 1026 481 856 1081 341 357 801 638 946 523 352 878 544 1020 881 397 387 536 496 688 1040 891 54 1205 809 656 759 266 291 0 191 234 372 712 828 404 665 570 500 900 1138 733 1049 409 400 827 269 821 11 1142 1006 1055 68
374 512 671 405 183 635 472 530 768 680 531 639 429 967 235 805 622 426 203 356 304 138 553 586 228 583 941 360 779 834 290 729 923 220 348 612 478 812 338 160 688 361 828 710 330 207 357 353 515 852 704 137 1029 650 465 568 258 216 191 0 123 253 530 638 230 475 380 398 747 964 682 884 231 363 769 158 651 187 977 814 891 211
328 634 645 373 158 754 568 652 832 688 596 725 473 1018 116 793 682 447 221 289 214 254 630 669 182 630 1002 290 880 844 324 829 997 336 470 642 559 906 389 190 675 416 822 773 452 282 419 453 581 882 740 186 1083 729 491 564 378 93 234 123 0 367 490 625 311 463 372 513 829 1019 803 953 194 487 889 279 716 235 1045 821 962 214
468 278 680 469 420 388 240 296 585 617 363 418 329 798 463 773 457 382 271 490 482 202 356 374 372 449 756 497 534 754 269 486 713 33 207 511 279 574 253 250 667 257 783 529 117 158 236 128 348 731 583 335 855 444 400 545 184 459 372 253 367 0 585 623 141 482 406 145 530 787 443 686 361 177 524 104 470 362 779 743 690 424
162 831 165 126 648 893 596 848 615 294 467 646 338 719 435 328 492 245 341 212 306 646 539 591 310 408 743 216 845 428 316 796 803 577 786 346 520 830 354 382 220 368 365 573 702 430 394 551 462 524 431 658 785 609 267 172 728 488 712 530 490 585 0 180 444 127 180 670 701 738 964 736 302 763 1018 585 541 710 809 397 751 704
312 827 76 257 782 862 560 842 478 123 392 560 309 551 592 168 383 240 435 377 470 731 465 513 444 304 584 383 755 248 368 711 661 624 830 218 473 725 369 478 49 369 197 447 732 487 394 552 393 349 278 774 616 511 229 77 790 641 828 638 625 623 180 0 490 163 258 671 590 574 936 591 431 795 975 652 430 825 655 217 607 833
330 404 543 328 413 495 260 422 538 498 301 415 217 740 380 646 394 250 145 360 367 261 323 359 255 362 711 368 572 644 128 520 693 135 344 407 250 596 129 140 536 143 660 480 258 29 132 153 285 640 491 355 801 421 276 412 301 392 404 230 311 141 444 490 0 343 264 249 520 735 558 654 241 319 630 166 421 396 747 629 661 438
167 714 201 110 619 770 470 730 504 234 341 521 211 632 439 331 372 119 272 239 325 572 413 464 284 290 644 246 719 387 215 670 693 479 688 242 393 706 238 315 213 248 358 458 597 335 274 433 335 453 336 610 699 485 140 102 640 486 665 475 463 482 127 163 343 0 94 553 580 646 842 628 270 659 893 498 421 661 707 361 643 669
117 654 293 78 527 722 433 670 536 317 339 515 193 687 359 425 392 110 178 185 258 481 404 455 196 317 690 194 709 472 136 658 722 398 607 294 368 705 181 221 307 200 451 484 522 252 224 375 329 524 393 516 754 489 154 191 553 402 570 380 372 406 180 258 264 94 0 493 589 697 792 662 181 583 851 411 438 567 747 448 675 576
576 160 737 565 560 247 157 177 520 638 334 324 361 736 606 803 417 439 393 609 613 329 298 297 501 436 681 617 403 757 360 358 617 177 225 517 235 452 316 381 709 306 806 469 120 275 280 120 323 706 567 470 785 366 442 595 261 604 500 398 513 145 670 671 249 553 493 0 433 717 309 603 488 166 384 244 416 490 692 752 604 558
707 499 665 663 930 436 290 501 149 487 252 111 398 332 882 635 210 480 625 771 825 732 200 161 725 293 261 781 186 517 530 163 183 559 657 371 270 138 455 644 600 426 614 148 554 547 416 404 263 401 333 858 368 103 443 543 691 904 900 747 829 530 701 590 520 580 589 433 0 304 500 175 707 596 489 631 161 890 259 532 172 946
807 801 636 752 1146 740 562 805 201 451 434 398 546 40 1043 534 341 592 799 879 955 981 431 421 876 391 47 887 462 382 695 457 180 811 943 405 507 390 631 830 558 605 496 258 834 756 607 659 449 241 309 1090 68 351 546 567 963 1077 1138 964 1019 787 738 574 735 646 697 717 304 0 802 135 858 884 781 877 317 1130 110 411 145 1174
882 170 1008 867 818 74 376 152 639 877 553 435 635 832 905 1045 603 723 703 917 921 579 487 453 810 656 756 926 352 965 665 345 647 471 378 747 463 427 611 689 968 595 1037 610 352 584 570 418 548 877 765 719 862 495 715 865 467 896 733 682 803 443 964 936 558 842 792 309 500 802 0 667 797 333 95 524 578 722 735 969 660 800
778 674 661 727 1068 607 451 676 126 471 356 278 489 170 990 589 275 552 737 848 915 886 334 312 826 345 89 857 326 447 635 322 72 714 828 390 411 255 565 763 586 537 557 181 722 678 533 558 371 308 312 1004 194 242 508 566 856 1018 1049 884 953 686 736 591 654 628 662 603 175 135 667 0 808 767 645 782 236 1040 93 470 16 1090
143 638 452 181 351 735 487 656 682 498 458 615 318 853 184 599 532 269 95 133 127 357 508 555 18 468 846 139 793 654 177 741 860 340 532 465 450 805 252 111 481 281 628 626 474 213 294 392 445 701 564 355 919 604 315 371 458 223 409 231 194 361 302 431 241 270 181 488 707 858 797 808 0 526 871 320 573 407 896 629 818 404
642 167 854 645 485 303 323 182 686 779 493 489 492 902 596 940 580 555 442 658 638 247 463 463 534 591 847 665 542 908 447 504 778 188 61 664 395 600 426 415 838 426 947 635 63 334 402 256 480 866 724 385 951 532 568 717 134 579 400 363 487 177 763 795 319 659 583 166 596 884 333 767 526 0 426 213 581 389 855 900 768 466
947 260 1049 928 910 136 422 244 635 906 584 443 683 814 988 1072 622 773 776 987 997 671 514 473 884 684 734 996 319 980 729 326 615 554 473 776 504 393 670 766 1003 651 1061 614 441 657 627 484 582 882 782 811 837 504 761 907 560 982 827 769 889 524 1018 975 630 893 851 384 489 781 95 645 871 426 0 611 590 816 704 988 636 893
447 354 700 461 316 476 343 372 676 665 446 519 383 886 385 811 540 415 246 454 427 103 449 472 326 521 849 460 639 810 284 591 812 72 212 572 371 679 295 212 699 309 826 619 173 164 294 226 430 802 652 231 945 541 443 575 143 373 269 158 279 104 585 652 166 498 411 244 631 877 524 782 320 213 611 0 560 259 875 796 787 320
556 527 506 509 834 506 258 536 117 333 120 147 255 327 754 490 48 328 501 623 684 663 118 128 592 132 290 632 328 390 399 288 287 494 637 211 192 295 328 526 443 300 474 59 527 443 297 343 135 302 192 774 385 87 287 382 649 782 821 651 716 470 541 430 421 421 438 416 161 317 578 236 573 581 590 560 0 813 328 398 246 859
549 557 856 586 121 691 602 572 930 866 695 779 608 1136 340 992 789 612 390 520 450 161 706 732 400 758 1103 522 892 1020 475 846 1071 331 346 794 629 936 516 347 874 537 1015 872 386 380 529 486 680 1033 884 51 1197 800 650 755 255 295 11 187 235 362 710 825 396 661 567 490 890 1130 722 1040 407 389 816 259 813 0 1133 1001 1045 79
861 755 722 809 1161 679 543 756 214 533 448 367 578 150 1080 632 364 638 828 931 1001 979 427 404 915 430 75 941 385 483 726 391 88 806 916 465 504 311 656 855 645 628 597 271 811 770 625 650 464 341 379 1097 140 334 593 638 947 1109 1142 977 1045 779 809 655 747 707 747 692 259 110 735 93 896 855 704 875 328 1133 0 510 88 1183
523 893 252 466 973 895 611 905 389 134 424 545 415 380 800 122 366 388 613 591 682 888 483 517 644 318 435 597 716 33 526 682 542 753 945 236 523 668 500 655 178 489 87 385 838 635 507 644 432 170 206 952 437 485 354 259 924 847 1006 814 821 743 397 217 629 361 448 752 532 411 969 470 629 900 988 796 398 1001 510 0 487 1019
791 671 677 740 1075 601 454 673 139 488 365 279 500 181 1000 606 286 565 747 860 927 890 340 316 837 358 98 870 317 464 646 315 55 718 828 405 417 245 574 772 603 546 574 192 723 685 542 562 380 325 328 1010 201 246 521 581 858 1028 1055 891 962 690 751 607 661 643 675 604 172 145 660 16 818 768 636 787 246 1045 88 487 0 1097
542 633 857 585 62 767 662 649 977 885 740 836 640 1178 302 1001 832 634 406 503 424 229 757 786 394 795 1150 504 958 1040 500 911 1125 392 425 823 680 999 550 365 883 573 1027 918 459 418 568 544 724 1063 916 89 1240 853 675 767 333 251 68 211 214 424 704 833 438 669 576 558 946 1174 800 1090 404 466 893 320 859 79 1183 1019 1097 0
