61
0 117 525 539 281 523 596 457 400 260 345 480 662 576 169 219 286 354 339 148 194 460 590 494 517 564 546 373 91 551 95 550 376 352 410 403 195 313 391 503 434 515 214 486 145 419 483 540 503 485 494 300 526 409 593 445 347 282 273 681 522
117 0 457 656 224 468 587 570 517 277 257 483 545 529 105 278 397 263 228 265 137 404 576 487 409 560 473 258 47 461 145 435 481 247 501 517 222 392 357 405 418 494 293 380 165 315 439 535 461 373 377 238 530 298 477 452 322 381 377 566 450
525 457 0 976 243 835 1014 820 828 733 212 926 487 906 360 732 666 593 487 642 571 778 999 269 592 994 799 457 503 132 451 548 889 268 935 889 387 837 773 650 225 212 737 597 401 569 830 970 854 300 455 638 325 299 552 897 224 603 791 613 780
539 656 976 0 759 926 854 192 149 604 853 737 1202 948 685 508 310 853 869 391 687 877 863 807 1036 814 985 908 624 1046 559 1080 272 879 360 172 592 426 778 1004 791 862 453 1000 595 934 868 799 878 1018 1032 765 799 944 1126 710 754 377 333 1213 964
281 224 243 759 0 658 806 622 610 501 107 706 514 726 120 491 454 424 336 403 352 597 793 287 495 781 643 330 267 287 211 484 648 168 691 655 171 593 569 526 213 279 494 484 165 434 641 756 664 300 396 439 340 241 510 675 118 403 549 592 622
523 468 835 926 658 0 242 926 831 324 628 253 595 71 560 422 781 241 348 605 335 64 219 943 324 250 87 384 450 771 601 405 661 566 602 754 689 504 148 242 870 938 477 290 631 281 60 236 62 588 452 229 991 549 447 258 773 797 594 493 84
596 587 1014 854 806 242 0 905 794 339 802 125 833 193 691 414 793 439 547 622 453 265 22 1074 562 40 327 592 553 971 690 643 583 751 497 686 788 436 241 481 1006 1081 460 526 732 503 207 59 188 802 680 375 1114 751 686 159 910 830 550 735 326
457 570 820 192 622 926 905 0 117 603 724 780 1103 961 571 508 175 805 796 328 637 869 908 628 974 864 971 828 549 903 445 1006 348 763 450 251 451 470 778 956 619 685 454 942 469 876 873 846 887 904 945 732 614 833 1048 748 595 219 354 1136 948
400 517 828 149 610 831 794 117 0 506 705 670 1061 862 538 409 163 730 736 255 563 777 799 668 908 754 881 772 488 897 412 947 231 733 333 136 443 357 682 882 647 720 353 874 447 807 775 736 789 873 894 650 664 799 992 640 606 233 245 1080 859
260 277 733 604 501 324 339 603 506 0 526 220 706 358 380 97 469 287 353 292 173 273 334 748 475 305 380 404 234 722 355 539 348 497 312 433 454 198 176 423 684 763 153 435 401 376 269 281 284 593 527 185 784 524 589 185 592 497 271 667 360
345 257 212 853 107 628 802 724 705 526 0 714 409 698 176 535 553 386 284 482 360 570 787 354 420 782 599 264 304 206 295 396 721 75 753 739 274 647 561 463 281 328 548 415 258 375 620 757 644 194 304 426 412 141 416 686 201 506 619 495 579
480 483 926 737 706 253 125 780 670 220 714 0 802 238 589 289 668 383 483 497 356 245 128 965 538 87 339 532 445 896 574 616 464 672 384 567 674 314 175 463 899 977 334 498 620 461 197 66 190 740 636 299 1003 682 663 34 805 705 426 724 329
662 545 487 1202 514 595 833 1103 1061 706 409 802 0 659 532 766 927 427 355 811 548 568 812 733 271 833 519 306 580 359 657 190 1010 349 1006 1059 670 889 628 352 668 688 804 307 638 342 626 813 644 215 178 527 792 275 149 788 605 893 909 150 513
576 529 906 948 726 71 193 961 862 358 698 238 659 0 625 453 824 312 419 647 394 129 170 1009 389 211 140 456 508 843 659 469 679 637 611 775 749 522 187 307 937 1005 508 357 691 351 93 203 74 659 521 291 1057 620 509 252 840 845 620 550 145
169 105 360 685 120 560 691 571 538 380 176 589 532 625 0 371 396 338 272 307 239 497 680 385 449 665 556 284 146 382 127 458 545 194 579 564 153 477 459 463 315 389 377 429 108 370 536 640 560 335 383 334 431 262 493 557 218 361 443 581 534
219 278 732 508 491 422 414 508 409 97 535 289 766 453 371 0 380 363 411 208 218 370 413 712 553 376 477 460 230 739 313 611 258 519 240 337 412 123 273 507 654 735 55 513 365 451 366 354 380 631 587 266 742 558 660 254 566 416 174 742 456
286 397 666 310 454 781 793 175 163 469 553 668 927 824 396 380 0 639 624 177 474 721 794 508 804 755 818 654 378 739 270 832 314 589 406 258 284 381 637 790 484 558 333 773 296 706 732 734 749 730 769 574 508 658 873 634 443 73 268 962 794
354 263 593 853 424 241 439 805 730 287 386 383 427 312 338 363 639 0 108 478 167 186 421 711 190 429 219 152 265 535 409 253 621 324 597 691 482 482 208 152 637 701 411 150 426 89 240 406 263 362 255 102 762 313 302 364 541 636 528 380 198
339 228 487 869 336 348 547 796 736 353 284 483 355 419 272 411 624 108 0 480 193 294 529 623 181 534 314 51 248 426 369 211 659 218 651 716 424 534 311 192 548 607 451 156 373 98 349 511 372 257 176 186 676 204 257 461 455 608 560 344 294
148 265 642 391 403 605 622 328 255 292 482 497 811 647 307 208 177 478 480 0 310 546 621 556 653 585 644 518 233 686 192 692 247 497 306 257 266 239 460 630 510 591 166 619 241 552 555 562 572 633 641 404 575 557 736 463 439 208 154 824 621
194 137 571 687 352 335 453 637 563 173 360 356 548 394 239 218 474 167 193 310 0 271 441 624 349 428 351 241 114 551 266 399 467 325 458 528 354 342 220 320 554 628 257 312 297 246 303 403 325 420 369 107 667 351 446 326 457 476 369 531 328
460 404 778 877 597 64 265 869 777 273 570 245 568 129 497 370 721 186 294 546 271 0 245 880 299 264 109 335 386 720 537 379 617 510 564 706 625 461 101 220 808 876 425 261 567 238 58 245 79 542 415 165 928 498 424 241 711 736 544 480 92
590 576 999 863 793 219 22 908 799 334 787 128 812 170 680 413 794 421 529 621 441 245 0 1064 541 52 304 574 543 954 682 621 590 736 507 694 780 442 226 460 995 1070 461 505 724 483 186 63 167 783 660 360 1105 734 665 160 899 829 554 713 303
494 487 269 807 287 943 1074 628 668 748 354 965 733 1009 385 712 508 711 623 556 624 880 1064 0 773 1046 931 613 521 398 398 750 792 429 862 761 300 788 844 811 74 64 697 766 348 720 922 1020 945 524 657 719 59 491 767 932 170 435 710 841 909
517 409 592 1036 495 324 562 974 908 475 420 538 271 389 449 553 804 190 181 653 349 299 541 773 0 563 251 166 425 497 550 80 811 345 787 877 603 672 366 81 699 747 600 41 553 102 356 544 374 302 145 290 830 294 125 526 612 790 716 192 243
564 560 994 814 781 250 40 864 754 305 782 87 833 211 665 376 755 429 534 585 428 264 52 1046 563 0 337 581 524 956 658 643 542 734 456 646 757 396 224 483 978 1054 422 525 702 498 207 25 191 791 675 358 1085 737 688 122 883 793 510 741 333
546 473 799 985 643 87 327 971 881 380 599 339 519 140 556 477 818 219 314 644 351 109 304 931 251 337 0 342 464 724 615 331 726 532 674 814 696 570 210 170 857 919 532 223 639 231 142 324 149 535 389 245 982 505 370 341 761 826 651 410 23
373 258 457 908 330 384 592 828 772 404 264 532 306 456 284 460 654 152 51 518 241 335 574 613 166 581 342 0 284 386 392 178 705 192 700 759 438 583 359 199 538 591 498 153 390 112 391 558 414 209 127 236 668 164 219 511 448 634 605 308 324
91 47 503 624 267 450 553 549 488 234 304 445 580 508 146 230 378 265 248 233 114 386 543 521 425 524 464 284 0 508 151 459 438 293 454 479 241 345 330 412 454 531 247 394 183 328 416 499 438 416 408 221 561 341 503 413 359 371 334 591 441
551 461 132 1046 287 771 971 903 897 722 206 896 359 843 382 739 739 535 426 686 551 720 954 398 497 956 724 386 508 0 495 443 927 226 959 941 455 853 732 564 346 343 754 510 452 494 776 932 799 195 353 599 455 222 439 870 318 684 825 492 708
95 145 451 559 211 601 690 445 412 355 295 574 657 659 127 313 270 409 369 192 266 537 682 398 550 658 615 392 151 495 0 570 438 321 487 445 99 398 477 550 340 422 302 524 52 460 566 633 587 462 502 373 430 389 609 540 258 241 340 697 591
550 435 548 1080 484 405 643 1006 947 539 396 616 190 469 458 611 832 253 211 692 399 379 621 750 80 643 331 178 459 443 570 0 865 322 849 926 610 732 443 162 678 719 655 118 565 163 436 624 454 249 94 355 808 259 49 603 596 811 768 132 324
376 481 889 272 648 661 583 348 231 348 721 464 1010 679 545 258 314 621 659 247 467 617 590 792 811 542 726 705 438 927 438 865 0 726 101 104 512 157 516 766 752 833 210 771 488 708 602 527 610 854 833 525 804 778 913 437 686 383 103 997 707
352 247 268 879 168 566 751 763 733 497 75 672 349 637 194 519 589 324 218 497 325 510 736 429 345 734 532 192 293 226 321 322 726 0 747 754 322 637 510 391 356 402 540 341 294 305 562 710 586 141 231 376 487 73 344 645 274 549 623 424 513
410 501 935 360 691 602 497 450 333 312 753 384 1006 611 579 240 406 597 651 306 458 564 507 862 787 456 674 700 454 959 487 849 101 747 0 203 571 116 463 735 816 898 208 747 539 687 541 444 547 867 827 497 879 793 898 361 742 471 152 978 656
403 517 889 172 655 754 686 251 136 433 739 567 1059 775 564 337 258 691 716 257 528 706 694 761 877 646 814 759 479 941 445 926 104 754 203 0 502 254 606 840 730 807 284 840 490 774 695 630 705 888 885 599 765 813 973 539 674 332 164 1059 793
195 222 387 592 171 689 788 451 443 454 274 674 670 749 153 412 284 482 424 266 354 625 780 300 603 757 696 438 241 455 99 610 512 322 571 502 0 490 571 614 246 328 397 581 57 521 657 732 679 462 532 460 331 395 643 640 174 231 420 730 672
313 392 837 426 593 504 436 470 357 198 647 314 889 522 477 123 381 482 534 239 342 461 442 788 672 396 570 583 345 853 398 732 157 637 116 254 490 0 360 621 736 818 99 631 451 571 445 379 453 753 710 382 811 680 781 285 656 435 117 862 551
391 357 773 778 569 148 241 778 682 176 561 175 628 187 459 273 637 208 311 460 220 101 226 844 366 224 210 359 330 732 477 443 516 510 463 606 571 360 0 296 774 847 329 326 513 285 95 200 113 568 460 134 888 513 491 160 677 657 445 556 192
503 405 650 1004 526 242 481 956 882 423 463 463 352 307 463 507 790 152 192 630 320 220 460 811 81 483 170 199 412 564 550 162 766 391 735 840 614 621 296 0 737 791 558 54 561 93 276 465 293 371 220 241 866 351 205 454 645 783 677 261 161
434 418 225 791 213 870 1006 619 647 684 281 899 668 937 315 654 484 637 548 510 554 808 995 74 699 978 857 538 454 346 340 678 752 356 816 730 246 736 774 737 0 81 642 692 289 645 850 953 874 457 585 648 130 420 696 866 97 414 665 772 835
515 494 212 862 279 938 1081 685 720 763 328 977 688 1005 389 735 558 701 607 591 628 876 1070 64 747 1054 919 591 531 343 422 719 833 402 898 807 328 818 847 791 81 0 724 743 370 701 920 1029 944 484 624 718 114 459 732 944 171 486 746 802 898
214 293 737 453 494 477 460 454 353 153 548 334 804 508 377 55 333 411 451 166 257 425 461 697 600 422 532 498 247 754 302 655 210 540 208 284 397 99 329 558 642 724 0 561 355 497 422 401 435 658 626 316 723 584 703 301 559 374 120 786 511
486 380 597 1000 484 290 526 942 874 435 415 498 307 357 429 513 773 150 156 619 312 261 505 766 41 525 223 153 394 510 524 118 771 341 747 840 581 631 326 54 692 743 561 0 530 66 319 506 337 316 165 249 821 298 165 486 601 761 678 233 212
145 165 401 595 165 631 732 469 447 401 258 620 638 691 108 365 296 426 373 241 297 567 724 348 553 702 639 390 183 452 52 565 488 294 539 490 57 451 513 561 289 370 355 530 0 469 599 677 622 435 491 402 383 365 601 586 205 255 392 689 615
419 315 569 934 434 281 503 876 807 376 375 461 342 351 370 451 706 89 98 552 246 238 483 720 102 498 231 112 328 494 460 163 708 305 687 774 521 571 285 93 645 701 497 66 469 0 297 477 318 307 177 191 774 274 213 445 552 696 613 291 214
483 439 830 868 641 60 207 873 775 269 620 197 626 93 536 366 732 240 349 555 303 58 186 922 356 207 142 391 416 776 566 436 602 562 541 695 657 445 95 276 850 920 422 319 599 297 0 189 23 599 473 202 968 553 481 199 753 752 536 534 132
540 535 970 799 756 236 59 846 736 281 757 66 813 203 640 354 734 406 511 562 403 245 63 1020 544 25 324 558 499 932 633 624 527 710 444 630 732 379 200 465 953 1029 401 506 677 477 189 0 175 768 654 333 1060 714 670 99 858 771 492 724 318
503 461 854 878 664 62 188 887 789 284 644 190 644 74 560 380 749 263 372 572 325 79 167 945 374 191 149 414 438 799 587 454 610 586 547 705 679 453 113 293 874 944 435 337 622 318 23 175 0 622 494 225 991 577 498 196 776 770 548 549 142
485 373 300 1018 300 588 802 904 873 593 194 740 215 659 335 631 730 362 257 633 420 542 783 524 302 791 535 209 416 195 462 249 854 141 867 888 462 753 568 371 457 484 658 316 435 307 599 768 622 0 158 441 584 75 252 718 390 690 750 318 520
494 377 455 1032 396 452 680 945 894 527 304 636 178 521 383 587 769 255 176 641 369 415 660 657 145 675 389 127 408 353 502 94 833 231 827 885 532 710 460 220 585 624 626 165 491 177 473 654 494 158 0 351 715 166 113 619 505 743 733 198 377
300 238 638 765 439 229 375 732 650 185 426 299 527 291 334 266 574 102 186 404 107 165 360 719 290 358 245 236 221 599 373 355 525 376 497 599 460 382 134 241 648 718 316 249 402 191 202 333 225 441 351 0 766 382 405 276 550 581 436 482 222
526 530 325 799 340 991 1114 614 664 784 412 1003 792 1057 431 742 508 762 676 575 667 928 1105 59 830 1085 982 668 561 455 430 808 804 487 879 765 331 811 888 866 130 114 723 821 383 774 968 1060 991 584 715 766 0 550 826 969 221 435 727 900 960
409 298 299 944 241 549 751 833 799 524 141 682 275 620 262 558 658 313 204 557 351 498 734 491 294 737 505 164 341 222 389 259 778 73 793 813 395 680 513 351 420 459 584 298 365 274 553 714 577 75 166 382 550 0 276 658 343 620 675 354 488
593 477 552 1126 510 447 686 1048 992 589 416 663 149 509 493 660 873 302 257 736 446 424 665 767 125 688 370 219 503 439 609 49 913 344 898 973 643 781 491 205 696 732 703 165 601 213 481 670 498 252 113 405 826 276 0 651 618 850 816 88 364
445 452 897 710 675 258 159 748 640 185 686 34 788 252 557 254 634 364 461 463 326 241 160 932 526 122 341 511 413 870 540 603 437 645 361 539 640 285 160 454 866 944 301 486 586 445 199 99 196 718 619 276 969 658 651 0 772 671 395 715 329
347 322 224 754 118 773 910 595 606 592 201 805 605 840 218 566 443 541 455 439 457 711 899 170 612 883 761 448 359 318 258 596 686 274 742 674 174 656 677 645 97 171 559 601 205 552 753 858 776 390 505 550 221 343 618 772 0 379 593 697 739
282 381 603 377 403 797 830 219 233 497 506 705 893 845 361 416 73 636 608 208 476 736 829 435 790 793 826 634 371 684 241 811 383 549 471 332 231 435 657 783 414 486 374 761 255 696 752 771 770 690 743 581 435 620 850 671 379 0 327 938 803
273 377 791 333 549 594 550 354 245 271 619 426 909 620 443 174 268 528 560 154 369 544 554 710 716 510 651 605 334 825 340 768 103 623 152 164 420 117 445 677 665 746 120 678 392 613 536 492 548 750 733 436 727 675 816 395 593 327 0 900 630
681 566 613 1213 592 493 735 1136 1080 667 495 724 150 550 581 742 962 380 344 824 531 480 713 841 192 741 410 308 591 492 697 132 997 424 978 1059 730 862 556 261 772 802 786 233 689 291 534 724 549 318 198 482 900 354 88 715 697 938 900 0 409
522 450 780 964 622 84 326 948 859 360 579 329 513 145 534 456 794 198 294 621 328 92 303 909 243 333 23 324 441 708 591 324 707 513 656 793 672 551 192 161 835 898 511 212 615 214 132 318 142 520 377 222 960 488 364 329 739 803 630 409 0
