43
0 405 80 876 875 478 497 391 764 401 246 835 515 766 118 645 111 125 204 221 567 890 777 634 447 428 303 586 256 906 703 615 345 810 378 479 207 307 820 736 441 318 106
405 0 464 939 742 296 264 53 900 681 625 1015 808 716 298 388 363 530 569 627 552 928 927 798 71 815 140 670 161 873 849 777 706 570 70 457 440 682 566 589 660 646 313
80 464 0 823 858 491 518 442 702 326 169 765 436 737 194 661 116 89 124 179 540 841 712 570 498 355 347 538 306 869 640 552 265 817 427 460 164 229 830 726 374 238 183
876 939 823 0 426 659 707 885 178 561 784 277 555 286 918 689 777 890 759 926 387 54 204 287 898 834 824 292 847 212 223 296 732 647 868 481 669 773 676 476 469 667 921
875 742 858 426 0 454 477 694 542 740 902 678 804 174 860 377 763 944 854 1016 326 378 580 565 679 1027 680 425 724 228 545 557 899 253 683 397 698 920 279 153 641 814 869
478 296 491 659 454 0 54 244 649 551 602 778 668 420 430 170 377 579 543 670 273 642 681 571 243 777 228 418 276 578 607 551 647 333 232 195 370 644 342 300 491 566 441
497 264 518 707 477 54 0 216 702 600 639 832 718 460 437 150 402 605 580 698 324 689 734 625 204 817 223 471 275 617 661 605 689 328 207 249 408 684 332 324 543 610 450
391 53 442 885 694 244 216 0 848 640 599 964 767 663 292 348 335 515 541 612 499 875 875 748 56 788 101 617 136 821 797 727 675 531 19 404 402 654 529 540 615 612 307
764 900 702 178 542 649 702 848 0 408 637 140 383 374 825 721 676 758 621 782 382 227 38 133 871 666 771 232 784 364 62 150 574 724 829 455 562 618 752 546 330 517 825
401 681 326 561 740 551 600 640 408 0 228 447 127 579 494 701 349 362 221 374 424 593 409 277 685 290 541 326 527 670 348 265 172 800 621 403 244 211 822 654 101 108 488
246 625 169 784 902 602 639 599 637 228 0 672 305 758 363 770 263 155 59 145 575 811 638 505 653 189 500 523 465 870 576 491 102 907 582 518 232 60 924 789 314 119 352
835 1015 765 277 678 778 832 964 140 447 672 0 381 513 909 859 759 809 668 817 518 332 103 217 992 661 882 360 889 485 171 238 592 864 945 582 643 641 893 687 394 553 907
515 808 436 555 804 668 718 767 383 127 305 381 0 634 614 809 473 456 318 445 507 596 372 271 811 284 668 378 654 699 331 268 215 893 748 504 371 265 917 736 181 198 607
766 716 737 286 174 420 460 663 374 579 758 513 634 0 773 412 656 819 715 882 199 250 412 390 663 869 625 256 661 157 372 382 744 361 649 293 573 770 391 190 478 661 779
118 298 194 918 860 430 437 292 825 494 363 909 614 773 0 587 150 240 317 333 576 925 842 700 349 546 220 625 167 921 765 679 459 762 282 479 266 423 769 713 517 422 15
645 388 661 689 377 170 150 348 721 701 770 859 809 412 587 0 546 749 712 840 342 659 757 669 319 941 372 505 424 557 691 652 810 182 343 306 538 810 183 236 628 727 600
111 363 116 777 763 377 402 335 676 349 263 759 473 656 150 546 0 202 206 295 456 788 692 550 390 452 237 484 202 797 616 530 343 706 319 367 115 319 717 625 366 291 148
125 530 89 890 944 579 605 515 758 362 155 809 456 819 240 749 202 0 141 97 624 911 765 625 571 315 424 610 379 948 696 609 257 906 501 547 247 211 919 815 428 260 226
204 569 124 759 854 543 580 541 621 221 59 668 318 715 317 712 206 141 0 169 528 783 625 488 595 246 442 489 409 833 559 472 142 851 525 465 174 112 867 737 292 119 307
221 627 179 926 1016 670 698 612 782 374 145 817 445 882 333 840 295 97 169 0 691 952 784 650 668 248 521 658 476 1002 721 635 231 992 598 621 320 180 1006 892 457 265 319
567 552 540 387 326 273 324 499 382 424 575 518 507 199 576 342 456 624 528 691 0 376 417 328 510 706 444 162 474 345 348 311 575 388 482 100 377 594 413 229 331 490 582
890 928 841 54 378 642 689 875 227 593 811 332 596 250 925 659 788 911 783 952 376 0 256 325 884 871 819 304 845 159 266 332 765 606 859 473 683 804 635 439 498 696 929
777 927 712 204 580 681 734 875 38 409 638 103 372 412 842 757 692 765 625 784 417 256 0 142 900 656 797 263 808 399 78 162 570 762 857 486 577 616 790 584 337 518 841
634 798 570 287 565 571 625 748 133 277 505 217 271 390 700 669 550 625 488 650 328 325 142 0 777 546 664 166 672 431 71 21 446 705 729 376 434 488 732 531 197 385 698
447 71 498 898 679 243 204 56 871 685 653 992 811 663 349 319 390 571 595 668 510 884 900 777 0 842 153 639 192 820 823 756 727 500 70 420 450 708 495 527 653 661 364
428 815 355 834 1027 777 817 788 666 290 189 661 284 869 546 941 452 315 246 248 706 871 656 546 842 0 689 617 655 958 611 539 132 1064 772 666 409 135 1083 931 392 218 534
303 140 347 824 680 228 223 101 771 541 500 882 668 625 220 372 237 424 442 521 444 819 797 664 153 689 0 545 52 781 718 643 574 551 83 345 301 554 555 528 521 511 234
586 670 538 292 425 418 471 617 232 326 523 360 378 256 625 505 484 610 489 658 162 304 263 166 639 617 545 0 563 347 189 150 495 541 599 222 379 526 568 370 224 417 628
256 161 306 847 724 276 275 136 784 527 465 889 654 661 167 424 202 379 409 476 474 845 808 672 192 655 52 563 0 816 729 651 545 603 122 374 283 522 607 573 517 487 182
906 873 869 212 228 578 617 821 364 670 870 485 699 157 921 557 797 948 833 1002 345 159 399 431 820 958 781 347 816 0 388 431 841 472 807 444 706 873 501 322 568 764 927
703 849 640 223 545 607 661 797 62 348 576 171 331 372 765 691 616 696 559 721 348 266 78 71 823 611 718 189 729 388 0 87 515 708 779 411 501 558 736 531 268 456 764
615 777 552 296 557 551 605 727 150 265 491 238 268 382 679 652 530 609 472 635 311 332 162 21 756 539 643 150 651 431 87 0 435 691 708 357 415 477 718 518 180 372 678
345 706 265 732 899 647 689 675 574 172 102 592 215 744 459 810 343 257 142 231 575 765 570 446 727 132 574 495 545 841 515 435 0 931 658 533 283 50 951 799 272 85 448
810 570 817 647 253 333 328 531 724 800 907 864 893 361 762 182 706 906 851 992 388 606 762 705 500 1064 551 541 603 472 708 691 931 0 526 399 678 940 29 177 713 846 775
378 70 427 868 683 232 207 19 829 621 582 945 748 649 282 343 319 501 525 598 482 859 857 729 70 772 83 599 122 807 779 708 658 526 0 387 383 637 526 530 595 593 297
479 457 460 481 397 195 249 404 455 403 518 582 504 293 479 306 367 547 465 621 100 473 486 376 420 666 345 222 374 444 411 357 533 399 387 0 301 545 420 272 323 448 486
207 440 164 669 698 370 408 402 562 244 232 643 371 573 266 538 115 247 174 320 377 683 577 434 450 409 301 379 283 706 501 415 283 678 383 301 0 275 693 572 251 211 264
307 682 229 773 920 644 684 654 618 211 60 641 265 770 423 810 319 211 112 180 594 804 616 488 708 135 554 526 522 873 558 477 50 940 637 545 275 0 958 814 307 109 412
820 566 830 676 279 342 332 529 752 822 924 893 917 391 769 183 717 919 867 1006 413 635 790 732 495 1083 555 568 607 501 736 718 951 29 526 420 693 958 0 206 737 866 781
736 589 726 476 153 300 324 540 546 654 789 687 736 190 713 236 625 815 737 892 229 439 584 531 527 931 528 370 573 322 531 518 799 177 530 272 572 814 206 0 560 713 723
441 660 374 469 641 491 543 615 330 101 314 394 181 478 517 628 366 428 292 457 331 498 337 197 653 392 521 224 517 568 268 180 272 713 595 323 251 307 737 560 0 198 514
318 646 238 667 814 566 610 612 517 108 119 553 198 661 422 727 291 260 119 265 490 696 518 385 661 218 511 417 487 764 456 372 85 846 593 448 211 109 866 713 198 0 414
106 313 183 921 869 441 450 307 825 488 352 907 607 779 15 600 148 226 307 319 582 929 841 698 364 534 234 628 182 927 764 678 448 775 297 486 264 412 781 723 514 414 0
