38
0 751 327 242 825 441 94 230 402 758 895 378 84 513 856 771 631 684 397 136 662 791 757 510 200 627 445 145 767 411 713 693 876 513 709 913 728 889
751 0 726 607 101 437 829 533 379 157 318 380 828 436 395 20 165 79 505 886 550 87 569 241 667 426 432 724 214 351 52 269 155 624 260 176 600 137
327 726 0 492 823 610 408 396 512 799 969 458 390 329 668 742 567 647 224 373 401 729 495 521 484 790 611 456 830 397 676 788 878 761 573 846 940 850
242 607 492 0 660 215 271 122 227 572 684 239 280 528 819 627 531 556 444 360 708 667 795 380 63 391 220 133 568 336 581 484 705 277 649 782 486 742
825 101 823 660 0 470 898 601 436 116 233 448 899 537 472 93 266 180 604 961 649 157 664 320 723 417 465 784 164 438 153 248 55 635 355 175 574 105
441 437 610 215 470 0 484 227 120 370 469 177 492 518 730 456 411 406 480 569 703 512 774 260 277 188 5 348 359 294 424 270 509 213 554 613 331 563
94 829 408 271 898 484 0 297 466 823 950 450 20 608 949 849 716 764 492 97 756 873 852 588 214 662 489 142 827 497 793 748 947 518 800 994 743 967
230 533 396 122 601 227 297 0 172 529 665 153 298 405 706 553 434 472 322 365 585 583 673 294 158 415 230 197 537 224 499 464 650 366 540 702 547 671
402 379 512 227 436 120 466 172 0 357 495 58 469 398 625 399 316 330 363 537 583 441 655 160 288 279 118 348 365 174 354 295 483 329 449 554 444 514
758 157 799 572 116 370 823 529 357 0 178 382 826 547 553 164 287 207 592 894 685 242 715 278 636 300 365 701 56 403 194 131 141 522 411 290 458 221
895 318 969 684 233 469 950 665 495 178 0 531 955 726 705 318 464 381 766 1028 861 390 886 448 747 328 464 817 139 571 363 201 208 561 579 391 423 317
378 380 458 239 448 177 450 153 58 382 531 0 451 342 588 400 291 321 305 514 528 432 603 143 294 336 176 346 397 119 347 337 498 381 415 550 502 517
84 828 390 280 899 492 20 298 469 826 955 451 0 597 940 848 712 763 480 81 742 870 838 587 225 672 496 155 831 493 791 754 949 532 793 992 756 966
513 436 329 528 537 518 608 405 398 547 726 342 597 0 351 448 271 358 121 620 185 417 267 304 559 651 516 575 591 224 384 582 591 723 244 528 831 543
856 395 668 819 472 730 949 706 625 553 705 588 940 351 0 390 322 362 472 969 302 315 255 469 864 789 726 896 609 483 363 653 506 941 176 349 973 408
771 20 742 627 93 456 849 553 399 164 318 400 848 448 390 0 178 95 520 906 556 77 572 261 687 441 451 744 221 369 66 282 144 642 263 157 613 118
631 165 567 531 266 411 716 434 316 287 464 291 712 271 322 178 0 86 343 761 398 165 433 155 584 471 407 631 337 219 113 353 320 621 148 287 657 283
684 79 647 556 180 406 764 472 330 207 381 321 763 358 362 95 86 0 426 817 480 111 508 178 614 430 401 667 260 277 29 292 234 606 206 229 612 208
397 505 224 444 604 480 492 322 363 592 766 305 480 121 472 520 343 426 0 500 271 504 364 320 465 637 479 472 628 206 454 600 659 670 354 622 808 626
136 886 373 360 961 569 97 365 537 894 1028 514 81 620 969 906 761 817 500 0 750 923 847 645 307 751 573 237 902 542 846 827 1012 614 831 1045 838 1024
662 550 401 708 649 703 756 585 583 685 861 528 742 185 302 556 398 480 271 750 0 504 96 475 734 827 701 743 735 409 500 741 698 909 299 590 1010 626
791 87 729 667 157 512 873 583 441 242 390 432 870 417 315 77 165 111 504 923 504 0 510 289 725 513 506 778 298 380 87 357 198 705 205 122 688 125
757 569 495 795 664 774 852 673 655 715 886 603 838 267 255 572 433 508 364 847 96 510 0 533 824 885 772 836 768 483 523 785 709 984 308 580 1070 626
510 241 521 380 320 260 588 294 160 278 448 143 587 304 469 261 155 178 320 645 475 289 533 0 437 352 256 489 309 124 205 281 373 472 293 407 537 379
200 667 484 63 723 277 214 158 288 636 747 294 225 559 864 687 584 614 465 307 734 725 824 437 0 450 282 72 632 381 639 547 768 313 697 841 532 803
627 426 790 391 417 188 662 415 279 300 328 336 672 651 789 441 471 430 637 751 827 513 885 352 450 0 185 522 262 435 436 169 437 233 620 586 186 521
445 432 611 220 465 5 489 230 118 365 464 176 496 516 726 451 407 401 479 573 701 506 772 256 282 185 0 353 353 292 419 265 503 216 550 608 331 557
145 724 456 133 784 348 142 197 348 701 817 346 155 575 896 744 631 667 472 237 743 778 836 489 72 522 353 0 700 419 693 616 831 378 734 896 601 861
767 214 830 568 164 359 827 537 365 56 139 397 831 591 609 221 337 260 628 902 735 298 768 309 632 262 353 700 0 432 249 96 176 491 465 340 409 269
411 351 397 336 438 294 497 224 174 403 571 119 493 224 483 369 219 277 206 542 409 380 483 124 381 435 292 419 432 0 307 396 492 501 315 503 611 486
713 52 676 581 153 424 793 499 354 194 363 347 791 384 363 66 113 29 454 846 500 87 523 205 639 436 419 693 249 307 0 290 207 620 217 202 616 179
693 269 788 484 248 270 748 464 295 131 201 337 754 582 653 282 353 292 600 827 741 357 785 281 547 169 265 616 96 396 290 0 268 395 495 420 331 352
876 155 878 705 55 509 947 650 483 141 208 498 949 591 506 144 320 234 659 1012 698 198 709 373 768 437 503 831 176 492 207 268 0 663 402 182 583 109
513 624 761 277 635 213 518 366 329 522 561 381 532 723 941 642 621 606 670 614 909 705 984 472 313 233 216 378 491 501 620 395 663 0 765 795 229 736
709 260 573 649 355 554 800 540 449 411 579 415 793 244 176 263 148 206 354 831 299 205 308 293 697 620 550 734 465 315 217 495 402 765 0 295 805 327
913 176 846 782 175 613 994 702 554 290 391 550 992 528 349 157 287 229 622 1045 590 122 580 407 841 586 608 896 340 503 202 420 182 795 295 0 748 74
728 600 940 486 574 331 743 547 444 458 423 502 756 831 973 613 657 612 808 838 1010 688 1070 537 532 186 331 601 409 611 616 331 583 229 805 748 0 678
889 137 850 742 105 563 967 671 514 221 317 517 966 543 408 118 283 208 626 1024 626 125 626 379 803 521 557 861 269 486 179 352 109 736 327 74 678 0
