188
0 1025 217 894 695 638 874 1100 762 777 894 393 574 899 752 409 835 469 807 822 58 294 919 135 717 79 685 849 1275 161 762 622 1112 938 654 681 1069 345 737 798 1018 1066 1031 538 887 1212 998 374 930 570 737 1109 739 669 340 134 944 609 210 35 761 1046 736 525 799 373 491 819 173 375 896 998 362 641 833 911 1083 723 932 964 854 1065 1053 591 470 377 335 377 565 65 925 546 1147 1100 947 609 989 168 884 579 162 747 732 321 917 652 174 465 1163 358 475 223 748 228 859 1087 30 1025 687 919 474 662 1125 766 883 598 184 90 338 889 879 138 635 534 348 530 199 721 933 811 396 770 915 186 495 340 229 650 152 396 498 686 617 569 832 311 886 652 795 742 1080 731 1009 661 1006 610 496 755 381 644 599 838 668 534 451 676 726 735 821 1157 583 436 384 528 837 986 301 1163
1025 0 822 211 599 405 238 91 352 270 458 761 458 684 779 661 192 692 791 243 1084 791 601 972 554 947 666 537 310 876 468 422 93 426 472 344 153 863 317 521 466 162 119 530 404 196 553 651 238 461 390 121 654 848 778 892 256 474 816 991 264 26 748 601 546 669 593 424 975 691 157 247 664 844 205 143 214 302 94 382 173 335 123 452 628 656 769 769 707 979 511 604 325 342 723 580 548 865 515 712 894 517 304 896 804 528 868 625 186 669 589 873 703 900 172 101 1033 415 762 840 722 470 157 682 876 470 849 997 746 578 336 931 748 805 732 717 934 575 122 726 722 553 681 868 537 790 883 676 984 703 621 388 664 816 243 714 608 615 488 554 91 448 273 376 128 699 635 274 770 534 612 209 413 644 574 637 300 448 572 309 468 588 704 509 225 200 755 138
217 822 0 680 490 426 659 901 594 589 680 204 365 812 575 192 636 381 630 636 274 96 714 153 601 138 489 639 1061 138 547 443 912 722 505 484 856 206 525 675 803 853 840 381 670 1005 788 178 754 384 520 900 651 511 149 88 771 392 95 190 561 842 554 402 590 225 352 674 169 253 687 781 161 484 624 701 868 520 728 747 654 847 862 378 255 166 137 188 374 196 798 334 930 883 754 492 778 125 673 510 73 535 541 204 736 438 46 248 952 183 258 224 557 256 653 891 217 809 508 744 403 514 914 573 716 381 34 174 249 682 718 198 455 369 250 340 140 513 724 623 310 654 718 49 315 156 241 455 170 296 284 514 532 407 648 135 681 447 581 627 883 585 792 451 794 537 285 549 324 515 391 647 500 433 252 475 521 590 711 941 369 243 171 316 650 771 85 961
894 211 680 0 390 255 27 301 382 271 258 583 322 771 568 499 188 649 581 281 952 630 402 820 589 814 456 330 381 759 257 367 299 237 468 265 178 684 156 585 300 174 309 474 203 342 372 526 362 378 189 234 697 638 608 759 387 297 694 863 203 215 536 563 336 573 535 495 817 608 69 123 534 635 101 76 191 214 145 206 180 223 321 302 454 516 602 592 505 857 619 414 275 250 523 575 365 746 313 706 748 306 271 719 599 326 725 454 275 556 427 778 491 809 114 312 897 259 551 634 684 470 239 471 667 301 710 851 663 375 434 821 540 604 650 520 774 364 91 515 656 606 479 721 445 619 790 468 829 633 440 373 668 612 293 593 404 408 277 598 302 480 147 237 121 702 452 167 707 538 412 244 397 617 452 427 197 483 643 277 310 472 538 365 272 94 602 328
695 599 490 390 0 302 362 691 616 527 227 305 330 990 192 310 497 687 224 567 746 401 224 580 766 623 66 158 710 618 134 496 689 279 626 429 543 384 320 802 343 535 683 547 247 718 305 432 688 453 217 612 864 248 355 578 714 221 555 675 447 605 158 635 109 530 581 740 560 579 444 424 424 246 416 457 522 413 520 323 504 441 699 297 245 387 360 320 149 686 884 162 536 475 277 697 296 603 198 796 533 87 490 420 295 103 525 256 638 480 279 681 122 716 453 699 686 368 162 318 723 632 607 115 325 245 524 623 621 193 721 683 152 238 611 180 518 31 477 176 651 806 235 509 465 357 697 82 579 626 213 556 783 234 583 485 191 43 133 787 689 682 419 329 502 809 207 393 695 683 99 547 566 694 402 38 394 687 859 555 276 423 319 318 569 443 406 717
638 405 426 255 302 0 237 491 315 237 346 359 68 689 492 255 239 439 527 283 697 386 452 571 469 559 358 359 636 504 236 198 498 367 328 128 430 460 99 500 453 427 448 273 310 580 480 271 410 168 143 474 570 518 373 504 435 89 439 607 169 423 457 366 329 329 323 438 572 369 261 366 279 505 201 276 446 127 311 371 253 447 469 48 225 261 363 365 345 601 583 223 520 481 550 411 470 491 372 526 496 265 194 492 590 199 472 221 525 304 183 528 424 561 233 487 642 438 447 617 476 334 488 417 627 73 456 599 423 416 426 566 413 434 410 343 530 296 299 476 428 506 503 469 213 385 542 351 581 403 224 254 503 455 298 339 434 291 281 487 478 380 382 33 368 533 241 133 478 390 258 273 264 426 199 326 115 384 557 526 62 220 298 110 289 349 352 543
874 238 659 27 362 237 0 329 389 277 237 558 305 780 541 476 200 642 554 292 932 608 381 798 593 794 428 306 402 742 230 362 327 220 469 259 202 659 140 593 288 197 333 467 182 368 355 508 379 369 162 260 701 610 584 740 405 273 676 843 204 243 509 557 310 560 527 505 794 596 90 132 516 608 106 100 209 209 169 193 194 225 346 283 430 496 578 567 478 838 631 388 286 255 501 574 348 729 290 704 726 279 272 694 575 299 704 430 300 540 405 763 464 795 127 339 876 251 524 610 678 470 264 444 642 279 690 830 651 352 447 804 512 577 637 493 751 337 117 490 646 613 456 699 434 595 776 441 806 623 415 374 668 584 304 576 381 381 251 603 329 485 152 221 147 701 427 161 697 538 384 256 396 613 436 400 191 488 651 290 290 456 514 346 284 112 581 356
1100 91 901 301 691 491 329 0 391 329 543 849 540 681 869 746 265 743 880 292 1158 874 685 1052 579 1023 757 624 304 948 559 486 22 507 517 418 208 950 406 534 540 218 99 589 490 163 630 727 245 531 481 145 672 939 864 969 255 562 890 1066 340 87 838 652 635 737 651 439 1058 755 249 322 742 935 294 235 268 381 181 461 246 399 84 537 715 736 854 856 798 1052 502 694 369 400 806 621 626 937 600 748 974 608 370 983 889 619 947 712 195 742 674 939 793 964 258 32 1110 486 853 926 771 513 181 772 963 558 927 1076 809 663 345 1000 839 896 795 808 1017 666 214 814 779 569 765 948 607 876 947 768 1065 763 710 441 698 907 288 788 693 707 578 575 30 480 346 460 206 732 724 358 826 573 703 266 465 690 651 728 382 479 580 349 554 663 789 591 275 279 837 77
762 352 594 382 616 315 389 391 0 112 603 622 311 394 807 498 197 355 840 112 818 602 735 747 209 692 674 645 661 602 529 156 410 602 126 187 476 711 314 204 676 481 299 224 553 544 734 418 171 219 422 471 316 830 613 641 182 403 554 726 190 379 772 266 625 388 277 125 764 392 326 499 438 816 283 330 526 209 293 582 211 602 321 333 501 448 598 621 652 705 268 527 633 625 845 229 726 594 645 360 666 567 129 735 897 514 636 492 536 413 443 573 738 593 271 367 778 641 762 926 381 122 503 729 940 382 611 759 440 700 125 644 726 734 427 645 729 607 339 787 400 224 797 644 279 628 578 666 765 387 513 80 312 759 108 463 723 606 570 216 364 100 525 287 418 347 531 245 443 182 571 150 94 299 354 641 230 101 263 626 357 355 542 351 128 455 554 467
777 270 589 271 527 237 277 329 112 0 494 579 255 504 720 460 90 422 749 48 835 578 629 742 318 702 588 541 571 622 429 157 345 491 209 116 376 675 212 315 565 380 253 261 443 467 624 411 176 207 322 382 426 754 580 649 199 327 566 742 83 296 685 331 525 409 323 231 753 426 216 388 428 742 170 222 422 114 196 470 107 491 276 268 449 429 566 581 582 726 367 459 527 515 741 319 616 612 539 452 662 470 48 703 798 428 634 442 446 419 396 609 648 634 161 312 789 529 680 829 453 208 411 636 847 310 611 761 479 595 193 672 649 671 465 580 715 514 233 693 452 336 694 638 282 594 618 584 758 434 455 118 408 692 63 467 620 523 468 327 306 209 414 205 315 443 472 140 499 276 495 63 144 376 337 555 132 212 374 521 291 346 506 304 61 346 535 400
894 458 680 258 227 346 237 543 603 494 0 518 406 997 351 488 430 784 349 519 948 602 144 790 793 818 278 89 497 794 133 533 535 53 657 437 359 606 294 806 123 349 565 619 55 530 134 577 616 514 203 433 900 446 562 768 642 313 728 870 412 455 326 713 124 658 669 725 775 704 327 231 576 453 334 334 322 398 404 102 427 219 575 373 424 544 564 532 376 875 859 348 314 251 265 752 125 780 57 872 734 150 476 642 346 242 720 431 443 621 432 841 280 876 362 559 889 141 358 383 822 661 419 253 422 334 714 830 754 120 678 859 369 465 742 405 731 195 347 282 768 821 223 708 557 567 856 306 791 743 396 569 845 457 533 641 150 266 100 808 550 691 216 354 337 876 398 358 817 724 305 487 587 772 522 263 376 695 866 335 363 545 510 424 513 266 594 549
393 761 204 583 305 359 558 849 622 579 518 0 323 918 371 124 598 521 425 627 441 108 527 275 692 324 291 461 954 342 391 466 855 565 569 462 760 101 444 754 640 754 808 451 520 924 610 247 755 404 399 816 766 311 55 286 777 288 290 376 525 777 350 509 412 345 451 726 257 390 609 663 228 284 556 624 758 481 668 599 612 711 828 316 134 197 68 16 173 391 866 175 801 746 555 594 601 328 499 649 232 367 530 136 533 282 229 138 858 288 182 423 356 457 590 846 382 655 304 539 551 577 822 373 512 291 235 318 411 498 746 402 250 170 406 137 214 332 647 421 461 743 522 211 363 53 440 256 274 440 142 542 657 207 642 263 493 261 417 717 837 645 668 391 704 671 131 493 490 602 212 626 537 556 278 282 474 650 801 815 297 287 83 275 637 664 136 897
574 458 365 322 330 68 305 540 311 255 406 323 0 663 511 208 279 378 551 304 633 334 502 513 437 495 379 410 701 437 287 169 550 431 297 139 495 421 165 478 517 492 488 221 374 639 538 204 431 122 205 535 534 522 328 440 454 110 372 542 204 477 477 313 374 260 264 428 517 302 322 434 213 506 259 336 513 161 364 438 296 516 510 34 194 198 316 327 342 535 572 217 588 550 592 368 529 424 427 474 436 309 207 450 624 227 411 187 588 236 141 459 449 492 288 533 580 504 460 649 416 304 550 446 653 85 393 539 355 466 431 499 420 423 342 334 476 330 358 506 363 479 546 410 150 342 473 365 525 337 203 239 456 448 318 271 481 310 332 458 525 359 450 86 431 483 220 184 412 353 267 302 242 373 131 347 158 364 533 594 53 151 253 51 313 416 296 597
899 684 812 771 990 689 780 681 394 504 997 918 663 0 1174 798 582 436 1213 489 943 861 1127 942 228 854 1042 1036 984 750 917 494 703 996 366 569 832 987 706 191 1069 839 584 469 947 843 1128 674 446 543 811 804 162 1179 891 819 429 770 735 866 585 709 1140 414 1013 590 469 275 972 559 709 880 694 1160 674 710 889 601 659 974 592 983 596 693 825 722 873 912 997 834 180 874 1000 1002 1234 325 1120 750 1039 321 870 952 522 1000 1280 886 840 813 866 642 766 676 1111 676 657 649 925 1031 1123 1307 426 359 841 1106 1315 746 813 935 573 1092 349 761 1080 1063 568 981 951 986 713 1165 511 184 1187 857 559 905 671 1028 965 519 847 436 284 1094 478 683 1114 973 960 205 651 310 907 666 784 289 864 639 519 318 930 527 425 379 643 1010 622 306 132 988 716 631 835 688 500 834 810 754
752 779 575 568 192 492 541 869 807 720 351 371 511 1174 0 434 689 842 54 760 794 479 258 622 948 691 133 262 848 714 312 680 866 402 809 619 704 408 513 989 435 695 870 720 392 878 359 571 880 632 407 777 1042 113 426 656 906 406 658 740 639 782 34 802 236 674 745 930 591 723 627 578 558 133 606 639 673 605 705 453 695 568 885 481 379 520 439 387 206 759 1075 308 661 597 215 871 354 699 299 960 598 263 682 438 165 292 599 391 793 619 428 791 76 825 641 880 736 477 66 168 877 815 766 99 147 429 607 668 757 252 913 774 121 219 749 238 556 209 658 83 796 990 204 579 633 421 808 148 613 772 348 744 953 187 775 611 227 201 291 969 870 869 567 520 672 976 335 586 835 862 246 739 752 859 559 165 587 873 1045 684 458 579 422 490 761 606 502 888
409 661 192 499 310 255 476 746 498 460 488 124 208 798 434 0 487 416 485 509 465 131 531 321 570 331 324 451 879 310 354 342 754 529 445 345 677 215 349 630 611 673 697 329 477 834 600 139 635 279 330 727 648 400 119 280 657 204 245 383 412 678 406 392 403 242 334 602 318 291 515 594 124 377 456 530 684 369 567 554 503 656 718 208 65 87 108 123 228 387 741 149 741 691 585 475 590 295 484 541 253 345 411 242 583 247 235 57 774 186 72 370 398 406 489 740 407 616 369 597 449 453 737 408 581 198 226 355 323 498 623 375 317 270 315 200 275 330 553 464 364 620 545 226 240 133 387 294 329 341 97 418 543 304 523 178 501 270 390 595 732 521 603 285 617 560 104 387 401 480 212 511 413 443 155 303 364 526 678 752 193 166 45 157 520 587 108 799
835 192 636 188 497 239 200 265 197 90 430 598 279 582 689 487 0 507 713 92 893 613 570 788 407 758 562 486 484 684 384 231 277 419 299 153 286 697 177 397 488 290 210 340 376 387 554 462 192 268 282 296 514 736 607 703 218 322 625 801 75 216 655 416 478 476 403 306 795 499 128 301 476 727 95 133 331 118 108 393 19 404 231 281 464 471 596 602 574 788 431 458 437 427 687 409 547 673 479 542 709 430 113 728 751 406 682 459 359 477 418 681 614 708 75 255 844 448 657 784 539 299 323 600 808 311 661 810 553 538 248 738 632 668 539 577 754 480 143 653 531 420 641 683 344 620 690 563 802 512 464 207 499 685 104 523 565 501 418 414 247 297 328 206 225 534 480 109 580 366 482 57 232 464 385 530 123 299 455 431 301 398 532 330 84 258 573 329
469 692 381 649 687 439 642 743 355 422 784 521 378 436 842 416 507 0 890 452 517 444 879 505 250 418 720 787 991 314 666 282 762 805 229 384 791 571 512 332 891 793 655 174 749 888 917 277 524 276 581 804 274 817 482 382 530 482 299 434 453 718 812 91 749 176 116 370 536 132 617 772 294 794 555 627 828 435 616 806 526 867 676 413 464 330 465 512 641 404 459 536 924 897 961 147 907 314 806 129 435 683 394 579 979 592 406 452 867 233 414 249 795 258 564 722 493 873 781 998 37 235 831 799 990 458 379 499 137 842 448 333 730 684 132 616 517 695 643 858 74 302 916 424 228 496 249 696 529 85 493 304 152 719 455 263 855 656 711 275 717 289 794 436 727 155 507 482 94 190 601 483 279 67 285 693 451 292 352 923 427 264 442 372 469 740 395 818
807 791 630 581 224 527 554 880 840 749 349 425 551 1213 54 485 713 890 0 787 848 533 237 676 988 745 173 260 839 768 330 719 875 397 848 653 707 462 539 1026 419 697 887 763 395 879 336 621 905 673 431 781 1084 157 481 710 931 443 712 795 668 793 79 847 244 723 791 965 645 773 643 579 608 180 626 654 671 635 722 448 717 560 901 520 428 570 493 441 259 814 1108 354 651 587 173 915 332 753 293 1007 652 283 714 491 111 327 654 440 793 669 476 844 102 879 661 893 790 465 121 114 926 855 768 113 101 467 661 722 808 238 943 828 175 273 800 291 610 234 672 67 846 1029 171 634 677 476 861 194 666 822 397 781 998 240 803 663 210 241 303 1009 883 906 566 553 680 1021 385 613 885 904 291 765 789 905 606 203 616 911 1083 674 497 626 475 533 788 611 556 894
822 243 636 281 567 283 292 292 112 48 519 627 304 489 760 509 92 452 787 0 880 627 657 790 321 748 629 571 550 665 463 199 310 511 229 164 364 724 248 305 580 369 210 298 466 437 645 458 128 253 357 360 427 798 628 695 152 372 611 787 120 269 725 360 559 452 359 214 801 466 220 392 475 786 186 222 414 157 181 485 102 495 233 316 497 477 615 630 628 770 340 506 523 517 772 337 638 656 566 469 709 506 97 752 832 470 681 491 425 464 445 649 687 673 167 273 835 541 723 864 481 227 392 674 885 356 658 808 518 624 159 715 693 718 504 626 764 553 228 730 487 330 725 685 327 643 657 627 806 470 503 148 423 738 15 513 650 565 500 326 267 212 419 250 306 458 520 174 533 292 539 39 173 401 385 597 173 213 363 515 338 393 554 352 17 347 583 366
58 1084 274 952 746 697 932 1158 818 835 948 441 633 943 794 465 893 517 848 880 0 346 969 171 767 137 732 900 1333 216 816 680 1171 992 709 740 1127 385 796 848 1072 1125 1089 594 942 1271 1050 433 987 629 794 1168 783 706 390 192 1001 666 268 92 820 1105 779 577 851 430 546 872 204 429 955 1055 420 678 891 970 1141 781 991 1019 912 1121 1111 649 525 435 386 425 612 114 975 600 1205 1157 992 659 1040 224 937 622 214 800 790 357 959 706 230 520 1222 416 532 268 793 267 918 1145 59 1080 729 958 519 717 1184 812 920 655 242 125 390 939 935 184 678 574 400 577 237 772 991 855 446 819 962 240 553 389 271 697 182 447 552 743 663 608 889 370 935 702 848 792 1138 785 1066 719 1064 654 550 814 426 696 650 897 724 583 510 724 785 789 870 1215 642 495 438 586 895 1044 357 1222
294 791 96 630 401 386 608 874 602 578 602 108 334 861 479 131 613 444 533 627 346 0 626 192 640 221 396 554 1010 235 471 446 883 647 530 466 809 127 481 709 726 805 822 406 598 965 704 191 751 383 458 858 703 415 52 179 770 334 185 273 538 809 458 447 505 272 392 695 186 311 647 723 170 388 587 662 815 495 696 676 630 782 843 338 183 153 41 92 279 286 827 253 868 817 660 536 694 221 590 573 132 454 530 139 641 360 124 179 906 218 204 318 463 351 619 868 286 736 412 647 470 539 869 479 620 329 128 229 321 595 728 294 358 273 319 244 144 427 684 528 377 693 626 107 326 60 335 361 198 359 207 521 588 311 640 181 593 358 502 666 859 609 732 414 749 598 203 516 400 551 304 632 511 487 248 383 492 614 751 880 324 248 94 283 639 718 51 929
919 601 714 402 224 452 381 685 735 629 144 527 502 1127 258 531 570 879 237 657 969 626 0 802 915 847 242 93 607 841 216 648 676 178 777 559 494 599 421 936 182 483 710 723 199 659 101 643 758 620 316 569 1020 368 579 802 784 396 777 899 546 598 244 815 131 736 767 859 780 784 471 366 638 382 475 479 450 526 548 228 569 329 720 468 466 603 585 543 361 910 996 382 417 353 121 864 95 826 91 977 757 196 605 634 207 293 749 475 571 691 490 900 205 936 504 702 909 231 289 245 916 782 550 177 292 420 748 846 830 36 816 906 320 429 819 395 739 201 491 175 853 947 81 734 651 580 916 277 799 827 434 693 956 410 671 701 35 267 171 932 693 818 348 468 479 985 430 489 899 841 322 626 708 875 602 245 504 822 995 441 452 624 543 508 653 406 630 686
135 972 153 820 580 571 798 1052 747 742 790 275 513 942 622 321 788 505 676 790 171 192 802 0 740 105 563 737 1200 199 661 596 1062 836 654 636 998 213 668 816 913 994 992 530 788 1151 886 331 907 537 650 1045 780 535 228 123 924 525 207 135 712 991 608 541 687 368 496 822 41 387 832 915 314 508 771 847 1006 671 877 867 806 973 1015 522 375 316 227 260 443 167 942 442 1060 1009 822 630 877 195 775 628 80 640 694 187 787 550 110 371 1094 334 393 290 622 310 801 1043 114 926 558 787 519 662 1057 642 750 519 136 46 368 773 870 221 507 403 373 408 66 608 870 684 431 793 792 104 468 224 302 528 24 422 398 667 658 437 801 284 768 537 689 766 1035 733 924 597 937 658 393 697 431 657 487 800 652 564 405 557 671 738 849 1072 511 396 286 463 804 909 218 1110
717 554 601 589 766 469 593 579 209 318 793 692 437 228 948 570 407 250 988 321 767 640 915 740 0 661 816 823 864 559 702 271 600 798 140 356 685 764 498 81 876 690 481 241 746 739 927 451 336 315 599 675 108 951 667 620 332 545 532 682 389 581 914 199 797 375 249 146 766 352 535 707 471 932 488 540 735 395 503 783 421 810 500 469 596 497 650 687 768 653 208 646 843 834 1018 109 918 556 830 185 664 734 321 780 1058 663 633 585 740 423 538 500 887 509 480 551 739 844 895 1084 256 134 709 882 1090 521 606 739 379 880 240 583 852 835 370 752 741 764 548 942 321 53 971 648 331 682 499 801 762 322 618 224 130 865 315 467 900 748 745 26 550 109 733 449 628 161 635 439 344 90 702 360 207 183 415 784 417 108 110 836 490 405 608 460 336 665 589 656
79 947 138 814 623 559 794 1023 692 702 818 324 495 854 691 331 758 418 745 748 137 221 847 105 661 0 616 774 1195 103 685 549 1035 860 588 604 989 290 658 740 941 987 956 469 809 1134 924 296 859 495 658 1030 692 614 270 54 873 530 137 52 683 968 672 465 725 304 426 755 146 311 817 918 283 586 754 832 1004 645 854 885 776 985 978 511 393 298 262 308 498 69 867 471 1068 1021 880 552 914 104 809 536 92 672 656 271 855 575 98 387 1084 283 396 188 681 205 781 1011 87 947 624 858 428 597 1046 698 825 518 105 82 282 816 811 115 572 475 290 462 155 647 854 745 343 714 846 113 421 272 199 581 129 339 421 615 570 511 758 235 814 579 719 686 1003 666 930 581 926 566 421 676 337 583 525 763 597 480 373 605 648 671 768 1078 504 359 308 448 763 906 223 1086
685 666 489 456 66 358 428 757 674 588 278 291 379 1042 133 324 562 720 173 629 732 396 242 563 816 616 0 198 769 623 199 547 755 331 676 486 607 357 384 856 386 598 750 590 305 782 335 455 751 500 282 677 911 182 346 575 777 273 562 668 509 671 98 675 154 556 619 797 539 606 510 485 444 181 482 523 584 474 586 378 569 496 766 348 263 406 354 308 120 682 942 184 591 529 264 741 326 608 239 834 524 151 550 392 260 160 520 274 701 504 306 692 75 727 519 765 673 417 96 278 756 683 671 84 274 296 522 608 644 218 781 686 91 191 635 155 499 92 543 140 679 858 230 502 505 345 709 35 559 654 231 611 825 179 645 502 207 68 192 837 755 736 479 387 568 849 220 456 720 731 119 610 619 732 435 32 456 740 912 611 325 455 323 360 631 506 408 782
849 537 639 330 158 359 306 624 645 541 89 461 410 1036 262 451 486 787 260 571 900 554 93 737 823 774 198 0 586 761 122 555 618 140 684 467 446 542 330 845 188 436 639 630 134 618 149 557 677 527 224 520 927 358 510 727 703 304 696 827 457 536 237 722 49 646 674 769 718 694 397 318 553 367 393 406 411 435 475 191 487 307 651 375 386 518 514 477 306 835 908 304 401 338 200 771 140 746 41 884 687 107 515 578 268 207 676 394 532 603 405 816 191 852 424 639 840 221 271 304 824 689 507 164 338 328 673 779 741 56 730 826 287 389 730 338 676 129 421 193 762 856 154 662 558 513 832 229 736 737 355 601 863 377 586 616 78 201 78 840 629 726 305 375 421 891 353 401 809 748 250 542 616 782 512 189 414 730 903 423 360 534 467 416 568 351 553 634
1275 310 1061 381 710 636 402 304 661 571 497 954 701 984 848 879 484 991 839 550 1333 1010 607 1200 864 1195 769 586 0 1138 582 712 281 445 779 619 207 1053 537 829 426 208 400 822 464 148 519 905 541 739 555 190 964 943 984 1140 555 675 1074 1243 542 283 824 900 619 944 885 732 1196 973 384 292 914 949 449 371 195 570 375 395 465 279 388 684 830 897 979 965 850 1237 806 780 190 253 714 887 520 1125 548 1020 1129 623 597 1089 810 679 1107 831 125 933 807 1150 777 1180 431 336 1278 375 855 847 1023 777 160 751 898 681 1092 1232 1029 600 642 1198 861 946 1015 871 1152 679 352 774 1013 862 686 1102 812 994 1161 793 1208 992 813 690 973 945 552 972 629 742 577 864 333 758 292 615 271 1008 823 529 1062 842 762 514 715 947 830 749 560 759 878 165 692 848 916 746 533 291 983 237
161 876 138 759 618 504 742 948 602 622 794 342 437 750 714 310 684 314 768 665 216 235 841 199 559 103 623 761 1138 0 661 465 961 832 493 532 931 338 603 639 916 929 875 377 778 1067 909 233 771 416 619 966 588 650 287 79 784 491 66 125 612 898 691 364 713 214 330 658 236 213 755 870 226 622 690 769 951 576 785 852 703 945 898 459 375 252 275 327 511 104 766 458 1023 980 887 450 900 14 793 432 147 655 578 329 874 556 128 366 1022 207 362 94 693 121 714 933 181 917 647 882 324 501 985 707 855 475 110 185 179 807 718 65 593 508 188 477 230 639 790 758 240 612 850 151 340 294 109 589 224 237 407 527 466 545 674 166 809 576 699 584 927 569 884 523 867 463 411 612 233 483 519 684 507 377 308 606 582 574 665 1030 456 290 300 396 681 854 214 1014
762 468 547 257 134 236 230 559 529 429 133 391 287 917 312 354 384 666 330 463 816 471 216 661 702 685 199 122 582 661 0 433 557 175 562 347 409 484 216 726 256 401 558 507 129 584 255 446 576 404 106 478 805 381 433 635 603 185 595 737 345 473 279 600 96 531 552 654 647 577 315 292 444 380 296 327 391 319 393 208 388 322 573 253 291 411 433 405 268 742 794 218 414 357 317 648 245 646 140 761 602 48 399 520 369 110 588 298 505 491 299 709 235 744 331 569 757 265 294 401 703 567 473 217 423 208 581 700 626 179 621 726 286 364 615 291 603 106 346 268 644 736 269 576 437 439 724 215 663 618 264 481 740 365 478 508 198 160 45 719 559 607 290 253 368 768 267 289 692 626 184 437 495 660 395 172 298 611 784 431 239 418 378 297 462 309 461 583
622 422 443 367 496 198 362 486 156 157 533 466 169 494 680 342 231 282 719 199 680 446 648 596 271 549 547 555 712 465 433 0 501 545 130 103 509 554 242 308 628 511 410 110 490 618 668 265 311 62 333 527 372 691 456 496 328 275 412 587 171 447 646 195 527 252 173 263 611 269 334 491 283 674 272 345 545 153 339 538 250 588 432 199 349 292 441 465 510 570 405 385 641 617 748 218 658 456 565 343 515 463 117 578 787 392 486 340 589 266 291 452 617 478 282 469 636 603 630 814 317 136 552 612 820 252 462 611 323 612 282 515 589 587 309 499 575 493 361 672 301 310 701 492 128 471 461 534 613 281 365 76 312 614 209 315 631 479 477 290 463 190 514 180 445 344 383 201 350 192 437 220 73 250 197 516 171 194 364 641 222 200 386 202 215 458 398 556
1112 93 912 299 689 498 327 22 410 345 535 855 550 703 866 754 277 762 875 310 1171 883 676 1062 600 1035 755 618 281 961 557 501 0 498 536 430 193 957 411 556 528 204 121 606 483 140 619 739 267 545 482 127 694 937 871 981 277 568 903 1078 351 83 835 670 631 752 668 461 1067 771 250 311 753 934 299 236 252 391 187 451 258 384 107 545 722 746 862 862 800 1065 524 698 351 384 797 640 615 950 593 769 984 605 384 990 881 621 958 719 174 755 682 954 789 980 265 54 1122 474 851 918 789 532 162 768 956 564 938 1087 825 655 367 1015 839 898 811 811 1026 664 214 809 796 591 757 959 621 884 963 767 1075 779 715 458 718 908 306 801 685 706 574 597 52 500 334 468 197 753 729 366 843 593 705 282 483 709 662 727 391 500 602 330 561 676 797 600 292 270 846 56
938 426 722 237 279 367 220 507 602 491 53 565 431 996 402 529 419 805 397 511 992 647 178 836 798 860 331 140 445 832 175 545 498 0 665 445 316 655 302 806 86 305 537 636 56 484 135 611 599 532 225 391 905 499 609 809 625 345 766 912 411 421 378 730 177 687 689 721 822 731 307 188 611 506 324 312 275 402 380 51 414 167 546 398 467 581 609 580 428 916 851 394 261 198 298 763 128 818 103 887 778 200 477 692 385 286 763 473 397 653 470 875 332 910 348 526 933 90 411 422 843 669 374 305 466 364 756 876 783 161 667 897 422 518 771 456 778 247 322 330 794 823 259 752 580 614 890 359 838 769 440 574 858 510 524 676 191 318 150 811 516 693 171 370 301 889 443 359 843 733 354 476 593 789 552 316 381 696 865 283 391 575 554 453 503 228 637 508
654 472 505 468 626 328 469 517 126 209 657 569 297 366 809 445 299 229 848 229 709 530 777 654 140 588 676 684 779 493 562 130 536 665 0 220 586 649 363 186 746 590 426 124 612 667 792 339 295 177 460 589 243 815 550 541 303 405 452 618 264 499 775 141 657 286 163 168 675 279 422 590 360 796 368 430 631 263 405 654 317 692 447 328 464 379 533 566 633 595 298 509 734 718 878 109 783 487 692 242 574 593 197 668 918 522 544 453 653 322 405 455 746 472 367 494 673 717 757 944 254 8 619 742 950 381 517 661 323 741 226 530 714 703 310 618 645 623 442 802 278 182 831 555 206 565 459 662 674 267 484 95 200 733 230 370 760 608 606 160 490 80 615 309 525 235 501 309 318 69 564 264 72 173 290 644 284 84 237 730 350 284 486 323 247 552 479 592
681 344 484 265 429 128 259 418 187 116 437 462 139 569 619 345 153 384 653 164 740 466 559 636 356 604 486 467 619 532 347 103 430 445 220 0 414 559 142 378 526 414 356 209 391 536 571 309 292 120 242 439 463 646 465 550 315 217 472 648 80 367 585 298 443 327 271 311 645 354 236 388 324 632 172 248 446 51 254 436 172 485 378 153 333 320 452 465 470 635 455 346 539 514 664 319 562 520 473 446 557 383 68 588 712 326 529 326 498 325 280 533 551 561 187 407 691 500 576 740 419 224 461 542 753 198 509 658 409 523 298 587 541 557 395 466 605 420 267 601 395 388 617 532 194 479 543 479 651 373 339 133 413 579 179 370 545 419 390 372 399 259 410 99 349 446 357 97 446 288 386 166 150 354 232 454 67 263 437 539 176 245 390 188 174 356 424 482
1069 153 856 178 543 430 202 208 476 376 359 760 495 832 704 677 286 791 707 364 1127 809 494 998 685 989 607 446 207 931 409 509 193 316 586 414 0 860 331 661 336 11 271 619 312 174 429 698 387 533 362 75 789 787 787 935 408 475 867 1037 338 134 676 701 467 737 682 565 995 767 178 128 708 789 243 165 61 364 182 266 269 191 271 478 632 692 780 770 672 1030 661 589 171 192 613 696 426 918 416 829 925 456 397 896 701 495 902 632 98 725 605 943 629 973 227 234 1073 282 699 739 824 585 64 605 781 479 886 1029 823 476 482 991 696 770 809 689 952 514 147 640 809 690 575 898 606 797 954 625 1007 787 617 494 785 774 369 765 507 569 416 688 226 576 145 408 65 820 629 322 859 652 580 325 519 750 623 582 353 577 715 156 487 641 716 541 348 100 780 193
345 863 206 684 384 460 659 950 711 675 606 101 421 987 408 215 697 571 462 724 385 127 599 213 764 290 357 542 1053 338 484 554 957 655 649 559 860 0 546 831 726 855 908 527 613 1026 688 313 850 492 499 917 830 324 99 266 872 390 301 336 624 878 394 573 493 399 517 811 184 439 711 762 293 296 657 726 858 580 770 692 713 805 928 416 235 269 115 94 238 360 947 273 897 841 610 661 679 326 582 701 200 455 626 36 573 377 211 238 959 345 280 429 412 459 692 947 327 745 344 574 597 657 923 433 537 393 228 259 447 573 837 389 295 189 446 205 147 414 749 472 504 817 583 188 443 84 445 322 204 486 243 631 716 223 738 308 564 341 505 790 938 727 766 492 805 726 231 594 525 675 301 724 624 614 360 356 574 732 874 912 397 364 169 371 734 764 177 999
737 317 525 156 320 99 140 406 314 212 294 444 165 706 513 349 177 512 539 248 796 481 421 668 498 658 384 330 537 603 216 242 411 302 363 142 331 546 0 514 385 328 376 339 248 484 428 369 367 236 110 377 605 558 464 603 393 156 538 706 129 332 479 432 313 420 396 439 667 457 166 271 378 550 111 181 347 104 225 296 186 358 395 146 311 360 455 452 400 700 578 289 425 390 530 461 419 590 333 585 594 258 184 579 586 229 571 309 427 400 277 623 439 655 148 406 741 361 479 617 549 367 389 426 636 153 555 697 512 386 405 664 454 496 499 405 625 305 204 481 511 527 483 567 296 475 636 386 678 487 304 274 555 511 263 437 409 323 256 513 396 398 288 81 269 587 318 73 561 431 306 226 292 490 296 352 83 401 574 430 157 316 391 209 248 250 450 452
798 521 675 585 802 500 593 534 204 315 806 754 478 191 989 630 397 332 1026 305 848 709 936 816 81 740 856 845 829 639 726 308 556 806 186 378 661 831 514 0 880 667 435 303 757 697 938 518 289 362 620 643 139 999 732 698 280 583 610 762 394 547 954 276 822 450 322 96 842 430 525 698 539 982 486 528 715 410 482 786 408 801 452 507 650 561 715 750 817 734 127 693 825 822 1043 188 930 635 847 262 740 762 330 848 1090 699 709 639 707 494 591 582 924 591 472 505 820 844 939 1118 338 178 678 917 1127 560 682 817 459 901 188 664 898 889 450 804 815 797 533 977 402 39 996 723 390 747 581 843 838 401 669 246 207 918 296 540 923 787 768 59 504 120 725 476 608 234 687 448 426 159 746 344 236 265 475 823 431 115 59 816 530 467 670 508 318 653 658 611
1018 466 803 300 343 453 288 540 676 565 123 640 517 1069 435 611 488 891 419 580 1072 726 182 913 876 941 386 188 426 916 256 628 528 86 746 526 336 726 385 880 0 325 583 721 142 490 95 696 660 616 311 410 984 540 685 891 685 430 850 993 488 457 416 815 235 774 775 793 897 818 367 219 696 551 395 370 284 482 435 95 481 153 589 484 547 665 687 655 493 998 919 472 235 173 288 846 94 902 147 970 857 273 555 762 384 365 844 554 402 739 553 960 372 995 414 562 1012 54 455 421 928 749 386 344 472 450 837 954 870 183 734 981 475 577 857 523 854 312 375 355 880 899 260 831 666 690 975 417 914 855 520 653 940 566 593 761 209 385 223 888 553 770 194 455 338 972 522 437 930 814 427 544 674 874 638 376 461 773 939 260 477 661 634 539 572 266 718 529
1066 162 853 174 535 427 197 218 481 380 349 754 492 839 695 673 290 793 697 369 1125 805 483 994 690 987 598 436 208 929 401 511 204 305 590 414 11 855 328 667 325 0 281 621 302 183 418 696 395 534 356 85 795 779 782 932 416 470 865 1035 339 144 667 703 458 736 683 571 991 767 178 118 706 780 243 166 51 364 187 255 273 180 281 475 627 689 776 764 665 1028 669 583 163 182 602 699 415 917 406 832 922 447 399 890 691 488 899 627 104 724 601 942 620 973 228 244 1070 271 690 728 826 589 72 596 771 475 884 1025 823 466 489 989 687 763 809 682 948 506 149 630 810 696 565 895 606 792 954 617 1003 788 612 497 789 766 375 763 497 561 407 694 236 581 135 406 66 824 623 321 860 656 573 330 522 753 621 574 353 582 721 149 484 640 712 538 353 92 777 204
1031 119 840 309 683 448 333 99 299 253 565 808 488 584 870 697 210 655 887 210 1089 822 710 992 481 956 750 639 400 875 558 410 121 537 426 356 271 908 376 435 583 281 0 508 510 262 668 663 145 460 467 226 573 929 817 902 156 528 820 996 284 137 837 564 643 662 568 340 1001 676 243 365 679 923 268 233 333 327 165 496 195 455 22 491 674 677 805 813 776 980 405 664 442 462 831 527 662 865 621 653 913 606 299 938 908 602 885 669 285 672 628 860 794 883 231 70 1043 532 846 943 680 421 263 775 975 520 863 1013 728 684 246 925 827 872 715 782 962 662 218 823 695 470 788 888 535 830 867 756 1007 680 673 356 602 887 203 720 713 694 584 476 69 384 391 416 246 636 688 316 740 479 682 192 380 599 587 719 333 383 481 425 510 598 742 540 194 317 781 175
538 530 381 474 547 273 467 589 224 261 619 451 221 469 720 329 340 174 763 298 594 406 723 530 241 469 590 630 822 377 507 110 606 636 124 209 619 527 339 303 721 621 508 0 580 726 753 215 394 104 415 636 324 714 428 420 407 331 332 502 281 555 687 94 596 165 63 292 551 169 444 597 236 694 381 454 655 260 448 634 359 693 530 255 357 258 412 447 532 481 421 413 749 723 814 151 743 370 645 254 450 530 226 545 843 446 420 345 699 197 299 352 664 375 392 571 554 700 663 865 210 133 662 663 865 306 394 539 220 686 342 421 617 594 206 514 520 550 471 723 191 291 767 430 90 444 359 572 550 173 380 152 236 626 304 246 702 523 552 265 565 204 619 265 555 262 397 307 240 150 473 324 131 153 174 560 276 209 349 749 273 164 368 230 315 566 355 661
887 404 670 203 247 310 182 490 553 443 55 520 374 947 392 477 376 749 395 466 942 598 199 788 746 809 305 134 464 778 129 490 483 56 612 391 312 613 248 757 142 302 510 580 0 485 181 555 561 476 169 386 853 481 561 757 587 289 712 861 362 403 365 674 157 631 633 674 775 675 272 185 556 485 281 279 281 350 349 79 373 194 521 342 416 527 561 534 392 864 807 346 288 229 320 709 172 764 110 831 728 162 426 649 399 238 712 422 401 597 416 820 318 854 307 506 883 138 392 435 786 616 374 293 473 308 704 827 727 173 624 843 396 485 714 417 732 216 292 328 737 773 277 701 523 567 835 329 791 712 391 522 803 482 480 621 203 282 113 760 496 643 175 314 286 834 395 308 787 680 312 433 541 733 496 285 329 646 816 307 335 519 504 397 460 216 585 499
1212 196 1005 342 718 580 368 163 544 467 530 924 639 843 878 834 387 888 879 437 1271 965 659 1151 739 1134 782 618 148 1067 584 618 140 484 667 536 174 1026 484 697 490 183 262 726 485 0 586 838 407 655 531 108 834 962 947 1079 418 636 1005 1179 456 171 850 797 642 863 789 601 1152 886 319 300 850 963 380 304 209 491 282 432 368 337 247 628 793 838 940 933 845 1169 664 756 273 323 775 773 584 1055 586 904 1076 630 500 1060 867 666 1051 792 88 860 761 1068 803 1095 353 194 1219 435 874 905 918 664 111 779 950 637 1033 1179 941 645 508 1123 870 943 927 861 1109 689 281 812 918 731 741 1049 730 958 1078 799 1162 899 782 584 854 948 437 903 675 743 591 736 193 637 313 554 221 889 794 457 966 727 752 405 609 839 761 757 486 636 743 248 641 777 875 688 420 275 933 90
998 553 788 372 305 480 355 630 734 624 134 610 538 1128 359 600 554 917 336 645 1050 704 101 886 927 924 335 149 519 909 255 668 619 135 792 571 429 688 428 938 95 418 668 753 181 586 0 700 734 648 337 504 1033 469 660 876 760 440 844 976 543 545 345 847 198 786 802 855 866 832 441 308 697 483 459 446 379 531 514 171 549 249 675 504 534 664 663 626 450 985 986 453 329 268 194 886 9 895 116 1006 836 254 608 724 291 353 826 543 497 746 550 962 305 997 483 651 990 150 389 328 955 795 480 277 381 463 822 928 882 117 802 975 417 525 870 483 824 277 454 276 898 954 170 811 689 662 978 369 884 873 504 702 980 508 659 762 134 349 213 941 642 824 285 489 426 1010 503 489 947 859 399 611 721 906 650 332 509 827 997 355 492 673 616 552 638 353 703 622
374 651 178 526 432 271 508 727 418 411 577 247 204 674 571 139 462 277 621 458 433 191 643 331 451 296 455 557 905 233 446 265 739 611 339 309 698 313 369 518 696 696 663 215 555 838 700 0 576 205 390 736 519 540 216 241 593 265 168 341 387 672 541 261 512 103 204 505 346 152 524 637 20 516 459 538 717 348 558 626 480 714 685 225 192 52 199 240 366 332 636 272 790 749 709 348 690 220 584 403 251 449 364 330 716 350 222 180 791 48 153 264 530 299 485 716 382 692 507 731 310 348 753 537 718 247 200 350 189 608 543 295 455 407 180 340 311 446 559 595 226 503 667 227 138 231 279 427 348 202 224 338 409 442 469 67 615 396 487 476 708 418 652 289 634 424 236 381 265 361 338 470 325 308 76 431 352 423 561 797 224 65 166 163 472 620 140 790
930 238 754 362 688 410 379 245 171 176 616 755 431 446 880 635 192 524 905 128 987 751 758 907 336 859 751 677 541 771 576 311 267 599 295 292 387 850 367 289 660 395 145 394 561 407 734 576 0 370 474 358 427 923 754 807 26 499 721 895 244 263 846 437 670 557 449 194 921 563 293 452 594 912 284 289 446 284 226 566 190 552 163 444 626 599 741 757 755 875 273 634 558 566 876 389 727 763 667 511 827 622 224 878 943 594 797 619 421 576 572 744 806 765 253 216 945 614 846 976 547 289 395 792 1000 484 773 923 612 728 101 815 818 845 599 754 885 671 285 845 572 324 831 803 440 769 750 751 925 559 631 244 459 866 113 626 755 688 610 331 215 243 479 377 344 493 648 294 614 341 665 141 263 465 505 719 298 241 337 544 467 511 681 480 121 403 705 321
570 461 384 378 453 168 369 531 219 207 514 404 122 543 632 279 268 276 673 253 629 383 620 537 315 495 500 527 739 416 404 62 545 532 177 120 533 492 236 362 616 534 460 104 476 655 648 205 370 0 311 558 411 637 393 442 388 233 360 536 199 484 599 198 494 208 159 323 550 234 355 500 223 619 291 368 564 169 372 531 288 593 483 156 290 230 378 403 455 520 465 332 653 624 714 245 639 406 541 358 457 429 161 516 747 350 428 280 618 212 231 413 572 441 307 517 582 597 579 771 312 185 581 569 775 208 405 554 289 583 345 470 537 528 275 442 514 453 387 629 278 359 667 433 76 408 423 485 554 255 307 139 336 557 264 260 600 432 449 337 510 246 521 161 468 364 325 213 329 230 386 268 133 258 135 469 181 251 415 655 176 140 323 145 268 472 336 597
737 390 520 189 217 143 162 481 422 322 203 399 205 811 407 330 282 581 431 357 794 458 316 650 599 658 282 224 555 619 106 333 482 225 460 242 362 499 110 620 311 356 467 415 169 531 337 390 474 311 0 422 704 461 430 605 500 128 552 709 239 399 373 509 203 463 466 547 643 506 232 265 393 455 199 246 359 212 306 236 287 327 484 173 276 366 426 410 317 709 688 226 411 363 422 550 327 604 232 669 583 148 292 534 476 138 564 278 460 430 262 654 332 688 236 486 736 302 378 507 619 465 425 317 527 143 553 685 558 281 515 683 359 416 546 331 599 198 267 372 568 631 375 556 354 439 669 288 656 543 258 376 643 425 373 457 302 226 148 615 477 502 273 152 309 674 268 183 618 525 223 333 391 569 328 251 191 506 679 422 167 350 364 229 357 265 437 515
1109 121 900 234 612 474 260 145 471 382 433 816 535 804 777 727 296 804 781 360 1168 858 569 1045 675 1030 677 520 190 966 478 527 127 391 589 439 75 917 377 643 410 85 226 636 386 108 504 736 358 558 422 0 776 858 839 975 375 528 904 1077 359 95 748 713 540 766 700 546 1045 792 213 203 747 859 276 198 127 391 188 341 277 261 220 523 685 734 832 825 737 1068 629 648 224 258 688 698 501 954 491 830 970 526 410 952 776 558 946 685 64 759 654 972 702 1000 252 175 1115 355 770 814 835 587 37 678 856 530 929 1074 848 552 457 1024 765 836 833 753 1002 584 176 714 828 674 651 944 633 850 982 694 1055 808 673 501 783 841 362 801 582 636 488 676 169 569 221 449 113 818 686 354 877 652 644 324 526 758 659 651 384 569 694 203 534 676 767 583 343 171 827 118
739 654 651 697 864 570 701 672 316 426 900 766 534 162 1042 648 514 274 1084 427 783 703 1020 780 108 692 911 927 964 588 805 372 694 905 243 463 789 830 605 139 984 795 573 324 853 834 1033 519 427 411 704 776 0 1038 735 657 419 644 573 705 497 681 1009 257 899 431 314 233 810 398 642 815 539 1018 596 647 841 503 607 891 528 918 591 567 680 569 717 759 856 673 233 737 949 941 1121 173 1025 588 935 162 708 836 429 842 1158 761 679 669 840 484 623 516 983 517 587 643 764 952 987 1183 265 238 810 980 1186 619 651 773 411 984 327 600 941 916 406 837 789 863 655 1041 349 103 1073 695 414 750 512 894 803 357 705 331 122 949 420 524 1004 843 850 100 643 216 841 552 733 130 721 546 357 181 795 466 313 217 495 880 524 214 112 941 588 482 683 552 441 772 652 749
