122
0 672 942 276 967 827 807 354 629 486 925 563 91 643 948 219 732 392 195 891 432 464 181 298 335 715 974 819 661 1090 487 730 255 442 895 1002 466 904 1080 508 511 680 193 826 566 730 615 591 375 913 581 580 489 221 634 118 529 743 347 715 841 1011 142 985 627 718 539 349 311 695 697 186 526 587 982 335 1081 274 622 520 532 489 340 779 135 824 547 875 513 172 859 514 466 821 826 974 256 1050 599 993 924 440 723 826 669 1102 954 697 449 359 1002 255 232 571 182 882 1053 122 215 1056 337 762
672 0 678 399 960 281 411 781 638 335 657 120 580 472 793 529 210 642 497 403 318 403 499 438 807 387 1065 177 583 574 825 233 782 232 484 515 219 987 596 484 671 160 624 570 431 450 376 514 612 525 879 157 648 508 747 732 247 382 370 397 990 449 702 1032 774 75 374 360 682 911 541 515 751 275 752 411 556 711 443 248 843 316 361 889 799 933 390 273 158 645 785 303 834 983 677 1052 459 716 427 601 1003 701 924 620 909 667 556 25 230 780 660 456 795 298 566 245 668 558 746 589 791 112
942 678 0 808 382 441 270 753 355 502 21 732 880 303 157 723 472 599 766 335 881 491 870 662 800 300 533 590 293 373 675 447 845 680 227 313 768 478 320 434 503 838 766 123 384 247 366 351 598 186 648 566 509 725 442 910 525 298 871 292 543 435 858 473 478 620 430 857 700 576 244 910 557 926 76 629 384 756 330 533 653 918 663 460 1003 477 416 509 706 793 237 920 707 551 153 513 704 124 356 173 484 596 565 118 600 260 184 678 660 747 107 708 882 449 760 577 177 833 840 289 780 756
276 399 808 0 940 589 613 489 574 306 788 287 185 508 857 212 492 421 145 675 181 324 99 182 497 531 991 557 570 874 586 496 444 180 704 792 190 913 875 408 513 407 293 684 428 567 444 487 389 731 669 331 486 189 632 356 308 552 105 536 876 778 339 983 641 452 377 98 400 752 579 122 567 333 864 198 862 402 479 299 621 244 145 791 408 840 392 625 240 301 795 266 580 861 727 985 159 896 452 815 933 487 774 704 735 915 771 425 193 492 842 152 443 372 227 623 880 176 401 856 487 486
967 960 382 940 0 782 603 663 366 678 393 975 937 491 225 778 781 574 843 697 1069 630 966 761 706 582 156 920 388 755 536 755 779 876 594 694 975 128 700 537 456 1109 773 423 549 518 587 469 593 558 462 815 479 791 333 891 742 598 1031 571 225 813 842 91 344 920 611 1018 661 341 419 1008 450 1159 324 742 766 710 521 747 495 1122 801 208 976 182 593 859 932 795 177 1131 570 243 293 134 794 471 542 555 123 530 314 362 374 629 565 968 857 656 482 800 819 672 799 924 546 891 794 670 690 1058
827 281 441 589 782 0 178 817 537 358 421 378 740 353 581 632 97 651 632 124 572 410 683 538 854 219 911 149 461 297 813 97 857 411 221 233 457 840 315 445 629 435 717 359 365 275 286 426 629 264 838 258 615 619 659 852 298 193 601 229 869 188 810 865 694 208 340 588 725 830 394 711 710 556 517 501 282 771 338 306 816 585 486 768 936 804 346 80 384 743 606 577 833 868 489 895 575 451 340 329 853 692 834 419 839 386 288 270 396 814 398 575 882 273 675 142 394 704 831 307 835 329
807 411 270 613 603 178 0 722 388 322 249 477 729 217 403 593 202 553 613 116 647 347 693 509 764 94 736 323 307 290 692 178 784 455 91 200 530 666 273 344 503 572 663 180 263 117 195 296 537 122 703 318 495 586 509 807 305 64 654 97 701 257 760 688 545 350 270 640 641 677 235 728 581 670 346 471 285 693 217 314 687 675 481 601 897 635 266 255 461 691 429 673 717 702 311 718 551 308 230 205 678 580 677 241 690 302 160 409 436 718 251 553 814 242 635 320 273 686 765 249 744 486
354 781 753 489 663 817 722 0 398 470 742 710 371 510 706 280 741 169 344 832 670 409 448 351 46 631 640 872 464 1010 137 727 117 566 793 919 642 578 982 379 250 857 200 662 462 613 538 433 188 794 231 638 244 303 344 248 553 663 593 626 502 972 211 662 322 796 476 588 99 353 528 480 217 817 769 371 1007 88 505 548 183 734 431 459 321 499 472 887 652 201 598 754 113 481 609 644 345 876 493 859 597 157 383 637 324 973 830 804 560 7 840 351 156 547 263 920 904 340 143 952 27 892
629 638 355 574 366 537 388 398 0 323 345 629 586 184 321 424 498 252 484 504 706 268 605 396 445 317 436 645 81 649 325 474 494 517 434 563 617 356 612 173 147 773 439 275 206 271 269 123 258 423 318 482 156 433 122 575 398 347 664 308 352 645 524 416 158 614 265 652 352 293 155 646 206 804 372 376 650 408 204 401 310 760 435 251 667 296 248 617 581 464 230 771 355 345 211 426 431 479 213 475 375 240 298 241 303 587 454 651 500 392 446 437 533 340 451 671 513 538 494 580 425 745
486 335 502 306 678 358 322 470 323 0 481 307 407 206 562 277 274 315 291 406 396 67 376 188 503 232 759 401 290 604 494 263 500 198 411 516 297 680 594 154 336 454 358 378 131 261 138 208 287 433 544 178 313 267 420 497 88 258 372 234 669 533 453 736 443 333 72 358 373 579 281 413 415 482 559 150 595 415 175 86 509 445 164 571 584 617 89 422 258 385 515 453 507 659 432 749 230 591 149 515 698 369 593 400 575 621 474 353 179 467 537 231 523 86 320 451 579 365 472 571 485 447
925 657 21 788 393 421 249 742 345 481 0 710 862 284 170 706 451 586 747 317 859 472 851 643 788 279 542 569 279 365 667 426 832 659 209 301 746 485 313 416 492 817 750 103 365 226 345 335 584 169 643 544 498 707 436 894 503 276 850 270 548 421 843 484 472 599 410 836 686 574 228 890 548 904 96 610 374 742 311 511 646 897 643 462 988 480 396 490 684 778 242 898 698 555 148 523 686 133 337 164 492 585 564 105 598 259 171 656 638 736 107 689 869 428 743 558 177 815 826 282 768 735
563 120 732 287 975 378 477 710 629 307 710 0 472 485 829 442 292 587 400 493 199 370 386 359 731 431 1065 295 588 676 770 309 697 144 559 609 100 986 693 462 636 150 538 615 427 489 391 510 555 598 834 166 611 420 727 633 233 435 250 440 977 558 607 1039 750 188 365 240 611 882 560 399 711 194 802 340 660 633 453 229 794 206 279 878 694 925 383 385 58 555 804 199 776 967 706 1054 372 786 432 678 1003 650 898 657 876 756 633 145 151 710 729 367 705 303 475 363 746 455 658 682 717 199
91 580 880 185 937 740 729 371 586 407 862 472 0 578 898 162 644 368 116 809 350 393 96 222 363 639 958 728 607 1008 493 643 293 351 818 922 376 885 1001 448 482 591 179 761 498 659 540 533 344 839 586 490 458 156 607 178 443 665 265 640 830 926 177 963 605 626 465 265 305 690 637 115 511 506 924 258 998 283 554 434 535 409 254 760 223 807 475 786 422 170 816 433 478 812 773 957 179 984 529 920 905 425 717 766 667 1027 879 606 358 375 934 176 281 490 137 792 981 47 250 978 360 671
643 472 303 508 491 353 217 510 184 206 284 485 578 0 355 424 315 341 463 332 600 187 566 358 553 135 593 462 114 500 475 290 580 400 283 409 496 516 472 140 286 618 476 183 80 103 96 79 329 286 489 324 278 424 306 623 254 166 579 127 529 474 572 560 340 439 133 565 435 477 75 606 365 673 355 325 497 489 31 260 471 646 362 426 715 467 117 432 445 505 319 652 500 524 226 580 401 406 56 358 532 364 482 195 486 471 324 481 380 505 358 404 613 182 462 486 412 531 567 443 533 574
948 793 157 857 225 581 403 706 321 562 170 829 898 355 0 736 597 572 790 484 956 533 905 692 752 406 379 726 291 529 606 571 810 755 377 470 850 330 474 454 460 950 759 225 431 343 442 371 579 339 559 664 474 743 367 896 606 413 933 395 406 592 845 317 397 743 489 920 672 466 281 946 493 1022 100 665 540 727 387 612 575 1001 711 336 988 342 472 654 796 785 115 1006 639 417 130 358 732 250 412 329 334 551 449 173 495 405 341 797 735 699 257 737 849 530 767 721 322 850 813 444 734 881
219 529 723 212 778 632 593 280 424 277 706 442 162 424 736 0 542 220 72 684 390 247 194 95 292 500 808 649 446 880 375 535 254 300 680 791 365 732 867 290 327 584 95 607 347 511 399 374 192 696 460 405 301 23 452 220 336 529 317 499 684 810 179 808 453 558 323 310 188 551 479 234 367 537 765 131 872 195 403 329 411 454 167 608 306 655 330 689 385 116 654 475 368 667 612 805 70 830 380 775 752 283 576 608 532 885 736 553 298 281 782 74 266 364 42 707 834 114 217 842 281 634
732 210 472 492 781 97 202 741 498 274 451 292 644 315 597 542 0 580 538 200 480 332 586 447 776 198 900 147 428 390 749 26 774 314 273 318 364 824 402 382 571 370 629 371 306 262 231 379 555 315 783 161 554 527 618 762 205 184 506 209 843 285 721 859 650 148 269 492 647 788 371 614 654 478 547 411 375 690 293 213 756 497 391 741 844 781 279 147 291 655 603 491 767 839 489 884 483 505 287 391 839 626 796 426 794 464 346 206 299 739 449 482 796 194 584 181 458 609 746 390 758 285
392 642 599 421 574 651 553 169 252 315 586 587 368 341 572 220 580 0 291 663 589 250 415 247 211 461 590 715 306 841 183 564 246 447 625 750 535 517 814 210 118 737 199 500 293 445 369 265 32 627 252 491 98 238 241 325 402 494 524 456 465 803 274 595 237 648 312 515 101 332 365 454 147 722 622 252 837 157 336 399 208 651 320 392 416 438 305 723 530 221 473 669 192 447 462 588 261 719 324 694 537 66 356 480 314 808 664 663 436 164 680 268 283 386 231 761 742 324 243 784 191 754
195 497 766 145 843 632 613 344 484 291 747 400 116 463 790 72 538 291 0 696 326 277 124 105 352 522 877 632 498 894 446 534 303 264 703 807 315 801 886 337 396 535 148 646 383 542 424 421 263 722 532 390 370 53 520 235 334 549 248 524 755 815 207 876 523 535 349 243 257 623 524 165 439 476 812 142 885 257 438 325 483 390 147 677 308 725 358 682 345 159 713 411 438 739 663 874 62 868 414 803 821 355 648 653 604 911 763 522 267 347 817 60 306 375 82 693 865 73 261 863 342 597
891 403 335 675 697 124 116 832 504 406 317 493 809 332 484 684 200 663 696 0 680 443 763 595 873 201 836 270 423 199 807 186 888 504 107 118 563 769 202 453 618 559 760 276 370 233 296 411 646 150 819 353 609 674 625 902 368 169 700 207 811 142 856 785 661 331 367 687 748 792 350 795 696 676 410 557 189 798 329 377 803 698 556 712 990 744 366 177 490 788 527 692 831 812 410 818 635 330 339 206 780 693 792 338 805 264 167 393 487 828 278 636 917 320 727 245 269 769 867 189 853 453
432 318 881 181 1069 572 647 670 706 396 859 199 350 600 956 390 480 589 326 680 0 438 253 342 678 583 1136 495 685 869 761 493 624 201 734 798 117 1057 882 532 669 261 474 758 527 633 517 601 557 769 841 329 642 367 781 527 356 595 85 590 1030 755 517 1121 795 388 467 85 578 914 676 247 731 156 945 344 854 583 569 348 794 63 277 940 567 988 485 584 189 482 911 85 758 1017 827 1129 331 951 544 852 1076 655 935 790 901 939 807 341 221 672 894 324 622 431 409 562 920 352 581 869 668 371
464 403 491 324 630 410 347 409 268 67 472 370 393 187 533 247 332 250 277 443 438 0 379 171 444 253 703 465 249 636 427 318 448 249 433 546 349 624 621 94 269 518 316 370 107 265 152 165 223 448 476 246 246 242 357 460 156 283 404 252 608 576 413 684 379 400 77 391 315 513 255 419 348 537 542 137 629 360 161 154 441 492 178 511 550 558 82 478 318 344 475 502 440 597 403 694 215 590 136 528 642 302 528 382 509 638 489 421 232 406 540 218 474 138 288 512 588 348 424 595 426 515
181 499 870 99 966 683 693 448 605 376 851 386 96 566 905 194 586 415 124 763 253 379 0 212 447 607 1002 656 614 962 561 588 383 278 784 879 287 926 960 450 521 498 249 748 486 636 514 534 387 808 650 427 494 177 644 275 394 631 168 610 879 871 269 1000 648 551 442 169 371 745 633 41 562 409 921 241 951 359 539 385 600 312 212 802 316 849 455 721 340 248 832 336 550 862 776 998 173 966 514 891 946 477 770 761 725 995 849 525 289 451 913 168 374 451 190 721 956 108 339 940 441 584
298 438 662 182 761 538 509 351 396 188 643 359 222 358 692 95 447 247 105 595 342 171 212 0 371 417 808 554 401 793 423 441 344 215 598 704 293 731 782 237 331 506 188 541 278 436 318 321 214 617 499 310 304 80 449 314 241 445 282 418 694 718 275 801 458 464 243 271 252 573 421 254 389 476 710 37 784 274 333 234 453 404 80 609 398 657 253 594 301 211 621 422 423 680 564 803 43 762 308 698 750 313 595 550 559 806 657 462 210 351 712 46 359 274 137 612 759 177 309 759 357 545
335 807 800 497 706 854 764 46 445 503 788 731 363 553 752 292 776 211 352 873 678 444 447 371 0 672 677 904 510 1052 173 763 84 587 836 962 658 617 1025 420 297 875 204 708 502 656 577 477 227 838 264 667 290 316 389 223 584 705 599 667 539 1012 193 702 367 825 514 594 129 389 573 476 262 828 815 395 1049 97 547 579 219 742 451 500 287 538 510 923 672 198 644 763 144 517 655 682 361 922 534 904 636 204 419 683 359 1018 875 830 582 53 886 366 120 583 269 954 949 338 119 996 20 916
715 387 300 531 582 219 94 631 317 232 279 431 639 135 406 500 198 461 522 201 583 253 607 417 672 0 702 341 241 385 608 172 690 385 180 294 469 628 367 251 420 544 568 184 169 64 101 212 445 201 625 265 409 494 440 713 230 32 581 10 652 342 665 661 475 339 176 567 548 611 176 644 499 625 370 380 379 599 127 239 606 618 395 549 803 588 171 300 405 597 405 619 631 649 292 686 460 368 137 283 642 492 614 232 620 388 241 391 365 626 313 462 720 159 542 357 348 595 671 342 652 478
974 1065 533 991 156 911 736 640 436 759 542 1065 958 593 379 808 900 590 877 836 1136 703 1002 808 677 702 0 1043 481 907 504 874 757 953 736 843 1052 79 853 608 481 1206 784 560 638 640 689 555 616 703 415 913 507 824 359 884 833 722 1088 691 139 958 839 67 354 1032 700 1077 662 288 529 1042 448 1241 479 797 917 703 621 836 458 1193 861 200 961 152 682 990 1017 801 309 1205 534 161 426 21 836 627 638 706 61 534 258 498 320 784 713 1075 935 633 636 842 797 769 821 1054 701 914 781 822 665 1168
819 177 590 557 920 149 323 872 645 401 569 295 728 462 726 649 147 715 632 270 495 465 656 554 904 341 1043 0 576 411 889 171 893 378 370 366 391 969 442 524 715 309 741 502 452 403 378 526 689 414 928 243 697 632 765 865 320 322 542 352 990 280 828 1001 797 107 410 531 774 936 517 677 798 445 666 520 392 813 441 325 899 493 486 888 940 928 421 105 322 765 743 480 905 986 627 1028 584 600 434 477 983 765 943 560 941 523 436 157 369 869 547 582 912 331 690 67 539 699 862 440 886 188
661 583 293 570 388 461 307 464 81 290 279 588 607 114 291 446 428 306 498 423 685 249 614 401 510 241 481 576 0 568 402 404 552 489 353 481 588 403 532 163 218 726 477 199 161 191 208 84 305 343 399 432 219 452 202 619 355 269 653 231 414 563 568 451 238 553 223 640 407 371 73 655 285 771 322 375 569 463 140 359 390 735 426 312 712 353 205 541 544 504 226 744 431 410 165 469 441 413 157 399 420 308 373 174 383 512 375 594 470 458 376 446 589 288 479 597 440 560 547 501 490 687
1090 574 373 874 755 297 290 1010 649 604 365 676 1008 500 529 880 390 841 894 199 869 636 962 793 1052 385 907 411 568 0 969 381 1074 701 217 90 754 851 58 633 780 719 953 381 553 396 485 578 827 226 967 549 775 872 763 1097 568 354 895 388 910 134 1050 847 800 499 559 882 931 920 495 994 853 849 433 755 20 983 505 577 958 882 755 819 1186 843 556 306 681 981 607 874 996 916 501 887 834 298 520 200 857 863 914 435 939 152 201 559 684 1005 273 835 1105 519 923 359 218 968 1056 85 1032 598
487 825 675 586 536 813 692 137 325 494 667 770 493 475 606 375 749 183 446 807 761 427 561 423 173 608 504 889 402 969 0 731 254 629 752 880 716 444 935 368 189 920 315 601 448 577 527 396 215 745 94 672 198 397 239 385 582 640 691 601 365 949 345 529 209 827 480 684 190 216 474 596 118 900 679 433 969 213 480 579 46 825 500 329 458 365 470 888 713 323 493 843 33 344 524 509 430 800 474 801 463 124 245 565 186 913 778 845 619 131 771 437 292 558 370 930 838 457 280 904 161 937
730 233 447 496 755 97 178 727 474 263 426 309 643 290 571 535 26 564 534 186 493 318 588 441 763 172 874 171 404 381 731 0 763 320 252 305 376 799 389 363 551 394 620 345 286 236 209 356 540 293 763 168 535 522 595 755 200 157 514 183 819 283 713 833 627 173 252 501 633 766 346 617 634 497 522 404 367 677 270 209 737 513 389 716 838 756 260 159 304 646 577 508 749 815 463 859 478 483 265 370 813 608 772 400 772 447 325 231 304 724 427 477 786 180 577 200 438 607 736 376 744 310
255 782 845 444 779 857 784 117 494 500 832 697 293 580 810 254 774 246 303 888 624 448 383 344 84 690 757 893 552 1074 254 763 0 555 861 983 617 695 1051 441 350 837 159 746 521 682 591 508 251 867 347 651 338 276 455 140 574 722 542 686 619 1024 116 779 436 808 522 539 146 470 610 408 329 777 866 374 1069 91 570 568 300 687 421 576 204 616 521 922 639 143 706 710 226 598 706 762 324 965 554 937 715 259 500 727 440 1051 905 806 553 124 925 329 40 584 222 947 986 275 43 1023 92 888
442 232 680 180 876 411 455 566 517 198 659 144 351 400 755 300 314 447 264 504 201 249 278 215 587 385 953 378 489 701 629 320 555 0 545 623 99 873 706 344 504 292 396 557 329 432 316 406 414 577 696 153 478 278 605 500 155 400 198 392 856 600 470 933 623 275 268 184 467 752 475 302 576 288 744 197 688 490 368 147 655 246 135 760 568 808 286 444 85 415 713 254 633 844 627 944 230 754 343 661 892 511 770 589 744 754 616 258 20 566 698 225 565 230 335 443 728 326 517 689 573 334
895 484 227 704 594 221 91 793 434 411 209 559 818 283 377 680 273 625 703 107 734 433 784 598 836 180 736 370 353 217 752 252 861 545 0 128 617 671 190 419 563 644 746 180 341 179 281 361 612 43 752 405 558 674 551 892 396 153 744 180 719 223 843 682 588 417 356 730 717 713 279 819 636 750 302 560 216 770 290 405 742 761 572 623 983 651 350 283 548 775 427 757 778 722 312 717 640 232 308 118 681 645 710 240 729 210 73 478 526 788 177 642 893 333 722 352 186 775 845 163 816 547
1002 515 313 792 694 233 200 919 563 516 301 609 922 409 470 791 318 750 807 118 798 546 879 704 962 294 843 366 481 90 880 305 983 623 128 0 681 782 84 542 691 667 862 300 462 305 395 488 736 144 881 472 686 783 679 1007 484 263 819 297 837 127 960 785 716 441 469 805 840 838 408 911 765 789 380 667 88 892 414 494 871 816 670 743 1096 769 465 262 609 891 537 809 907 841 427 823 746 265 429 146 791 773 834 357 856 157 129 503 605 914 225 747 1014 432 833 325 189 881 965 74 942 553
466 219 768 190 975 457 530 642 617 297 746 100 376 496 850 365 364 535 315 563 117 349 287 293 658 469 1052 391 588 754 716 376 617 99 617 681 0 973 765 444 600 220 459 646 427 520 408 505 503 652 787 212 574 342 703 542 244 479 151 476 954 642 521 1032 721 283 365 140 545 848 571 298 669 190 834 283 739 561 464 237 744 151 215 859 599 907 383 474 72 473 811 156 717 942 722 1043 297 835 440 735 991 601 866 681 838 821 689 245 117 643 778 291 622 320 394 459 803 363 576 752 645 297
904 987 478 913 128 840 666 578 356 680 485 986 885 516 330 732 824 517 801 769 1057 624 926 731 617 628 79 969 403 851 444 799 695 873 671 782 973 0 798 529 405 1127 712 493 559 567 611 476 541 641 360 835 431 748 282 817 754 649 1009 617 98 895 771 85 279 955 620 998 593 233 453 967 377 1161 431 718 860 636 544 757 399 1114 782 124 898 79 603 919 938 731 245 1125 475 118 359 72 759 581 560 650 20 463 204 431 266 735 653 997 856 571 584 765 735 690 748 982 651 841 716 767 604 1091
1080 596 320 875 700 315 273 982 612 594 313 693 1001 472 474 867 402 814 886 202 882 621 960 782 1025 367 853 442 532 58 935 389 1051 706 190 84 765 798 0 609 747 747 936 339 531 369 468 549 802 189 928 556 744 860 723 1081 566 338 903 368 860 177 1033 792 760 522 543 889 907 876 460 994 817 872 377 745 75 960 481 576 922 899 750 771 1171 793 539 337 693 964 555 892 962 867 454 832 824 240 498 148 805 832 869 389 896 95 157 584 689 977 217 826 1083 511 909 396 160 959 1035 32 1005 630
508 484 434 408 537 445 344 379 173 154 416 462 448 140 454 290 382 210 337 453 532 94 450 237 420 251 608 524 163 633 368 363 441 344 419 542 444 529 609 0 191 609 336 319 82 240 160 84 193 426 403 327 172 293 265 482 237 284 493 247 515 593 432 589 290 473 115 481 297 426 189 491 273 632 475 211 629 350 128 238 374 586 265 417 575 464 103 520 411 364 387 597 387 504 326 599 278 543 113 499 547 246 439 318 425 612 465 500 327 375 497 282 474 195 326 563 553 401 426 581 400 595
511 671 503 513 456 629 503 250 147 336 492 636 482 286 460 327 571 118 396 618 669 269 521 331 297 420 481 715 218 780 189 551 350 504 563 691 600 405 747 191 0 786 317 417 265 388 344 207 138 558 212 514 27 343 124 442 424 452 613 412 363 761 392 481 127 663 306 603 213 247 287 561 82 790 518 325 780 267 292 423 186 729 393 281 532 328 294 706 581 339 358 744 215 348 358 477 356 626 289 617 425 93 266 387 240 730 592 689 490 244 592 362 389 387 345 752 658 437 354 716 277 783
680 160 838 407 1109 435 572 857 773 454 817 150 591 618 950 584 370 737 535 559 261 518 498 506 875 544 1206 309 726 719 920 394 837 292 644 667 220 1127 747 609 786 0 678 729 568 606 522 651 705 685 985 293 761 561 874 762 374 541 339 554 1123 590 741 1177 898 227 507 333 758 1032 690 501 861 147 912 489 701 778 588 371 944 227 426 1023 814 1069 524 413 207 694 935 206 925 1113 831 1194 514 876 569 760 1144 801 1047 776 1026 822 716 165 301 857 820 509 842 437 614 368 826 582 796 742 862 132
193 624 766 293 773 717 663 200 439 358 750 538 179 476 759 95 629 199 148 760 474 316 249 188 204 568 784 741 477 953 315 620 159 396 746 862 459 712 936 336 317 678 0 655 406 572 467 415 182 758 407 498 295 117 440 146 425 599 395 567 653 891 97 792 434 653 393 390 126 512 521 282 336 624 799 220 946 111 460 418 356 538 263 588 239 633 397 776 480 28 667 559 301 635 641 784 165 879 439 834 733 249 539 647 488 946 798 649 394 203 834 170 171 445 65 798 889 143 121 909 195 730
826 570 123 684 423 359 180 662 275 378 103 615 761 183 225 607 371 500 646 276 758 370 748 541 708 184 560 502 199 381 601 345 746 557 180 300 646 493 339 319 417 729 655 0 263 126 243 240 495 156 589 449 419 607 383 800 402 188 747 175 539 403 750 509 420 517 307 733 599 538 135 787 482 809 187 508 386 655 208 410 585 797 540 443 894 471 293 435 586 683 251 800 630 542 133 542 584 224 234 200 503 507 533 61 557 312 181 572 537 657 179 587 781 327 645 501 241 715 737 307 688 656
566 431 384 428 549 365 263 462 206 131 365 427 498 80 431 347 306 293 383 370 527 107 486 278 502 169 638 452 161 553 448 286 521 329 341 462 427 559 531 82 265 568 406 263 0 165 78 83 275 352 477 276 250 345 318 552 194 202 501 165 559 510 503 611 348 410 62 488 378 486 151 525 348 609 436 244 548 430 55 198 452 576 282 457 644 502 44 441 383 434 384 583 468 551 301 627 321 485 33 428 576 328 496 276 489 540 392 444 310 457 435 324 551 133 387 486 486 452 503 504 483 539
730 450 247 567 518 275 117 613 271 261 226 489 659 103 343 511 262 445 542 233 633 265 636 436 656 64 640 403 191 396 577 236 682 432 179 305 520 567 369 240 388 606 572 126 165 0 122 182 432 186 586 323 381 508 393 718 277 82 624 53 594 374 668 597 429 403 194 610 537 562 120 674 464 683 314 401 394 590 112 285 571 671 425 493 810 529 183 355 460 600 341 673 602 593 228 624 480 329 132 263 580 467 563 169 574 374 226 454 412 608 277 482 714 201 552 415 322 614 667 341 636 542
615 376 366 444 587 286 195 538 269 138 345 391 540 96 442 399 231 369 424 296 517 152 514 318 577 101 689 378 208 485 527 209 591 316 281 395 408 611 468 160 344 522 467 243 78 122 0 148 350 298 554 228 329 393 388 612 164 131 504 100 620 434 564 656 419 345 75 490 451 558 169 552 425 581 428 282 479 501 67 170 530 560 303 517 702 560 70 362 354 495 414 564 547 614 315 676 361 452 56 379 627 407 566 272 563 487 339 386 296 534 399 363 620 88 441 409 442 496 571 443 558 479
591 514 351 487 469 426 296 433 123 208 335 510 533 79 371 374 379 265 421 411 601 165 534 321 477 212 555 526 84 578 396 356 508 406 361 488 505 476 549 84 207 651 415 240 83 182 148 0 256 361 412 360 198 377 239 560 278 244 569 205 475 553 509 529 271 491 144 556 361 409 106 575 286 690 391 293 576 417 87 281 393 652 342 374 653 419 127 505 464 443 310 661 420 468 242 543 362 464 91 428 493 285 417 234 415 543 398 527 387 428 420 366 542 216 409 555 479 485 497 519 456 622
375 612 598 389 593 629 537 188 258 287 584 555 344 329 579 192 555 32 263 646 557 223 387 214 227 445 616 689 305 827 215 540 251 414 612 736 503 541 802 193 138 705 182 495 275 432 350 256 0 616 285 461 114 209 262 316 373 477 493 440 492 785 265 618 262 619 289 484 105 362 359 427 177 689 625 219 823 160 321 370 241 619 287 416 409 463 284 700 497 206 485 636 222 476 465 613 230 716 307 685 561 99 386 479 346 799 654 633 404 184 675 237 286 361 207 735 735 299 242 773 207 724
913 525 186 731 558 264 122 794 423 433 169 598 839 286 339 696 315 627 722 150 769 448 808 617 838 201 703 414 343 226 745 293 867 577 43 144 652 641 189 426 558 685 758 156 352 186 298 361 616 0 741 440 555 691 537 904 425 179 775 198 692 255 855 648 574 460 373 761 721 694 271 845 628 789 260 580 229 775 298 434 733 797 596 598 996 625 366 326 584 786 395 795 773 696 283 684 660 190 318 83 650 643 689 213 712 189 40 520 558 789 135 662 900 358 737 395 151 795 853 158 818 590
581 879 648 669 462 838 703 231 318 544 643 834 586 489 559 460 783 252 532 819 841 476 650 499 264 625 415 928 399 967 94 763 347 696 752 881 787 360 928 403 212 985 407 589 477 586 554 412 285 741 0 723 231 482 207 480 632 656 774 616 275 960 440 445 170 874 518 765 280 127 473 687 129 974 642 504 969 307 500 631 50 903 572 254 551 284 506 916 778 417 444 921 120 254 495 421 511 772 499 788 378 186 157 545 95 897 770 897 685 225 749 517 384 598 459 963 819 548 375 896 254 991
580 157 566 331 815 258 318 638 482 178 544 166 490 324 664 405 161 491 390 353 329 246 427 310 667 265 913 243 432 549 672 168 651 153 405 472 212 835 556 327 514 293 498 449 276 323 228 360 461 440 723 0 492 388 590 621 90 271 346 274 834 446 584 883 616 158 217 333 539 753 397 453 594 360 636 277 535 574 294 92 688 357 243 733 698 779 234 295 143 522 643 355 683 826 541 901 340 625 275 522 851 547 766 491 752 609 477 174 138 636 568 338 669 144 446 303 591 459 619 541 650 269
489 648 509 486 479 615 495 244 156 313 498 611 458 278 474 301 554 98 370 609 642 246 494 304 290 409 507 697 219 775 198 535 338 478 558 686 574 431 744 172 27 761 295 419 250 381 329 198 114 555 231 492 0 317 150 424 401 441 586 402 390 751 373 506 154 642 287 575 197 274 285 535 102 763 528 298 774 252 281 400 202 702 365 307 515 355 276 691 556 318 375 717 222 375 368 504 329 631 275 616 451 88 293 392 265 730 590 666 464 238 595 335 376 367 320 735 660 412 339 714 270 761
221 508 725 189 791 619 586 303 433 267 707 420 156 424 743 23 527 238 53 674 367 242 177 80 316 494 824 632 452 872 397 522 276 278 674 783 342 748 860 293 343 561 117 607 345 508 393 377 209 691 482 388 317 0 467 234 322 522 294 494 702 799 196 823 470 539 318 287 211 571 481 218 386 513 768 118 863 219 401 314 433 431 147 624 317 672 325 674 363 136 663 451 391 686 617 821 48 830 377 771 768 303 595 610 552 880 732 533 277 305 781 52 287 354 58 691 831 108 238 836 304 612
634 747 442 632 333 659 509 344 122 420 436 727 607 306 367 452 618 241 520 625 781 357 644 449 389 440 359 765 202 763 239 595 455 605 551 679 703 282 723 265 124 874 440 383 318 393 388 239 262 537 207 590 150 467 0 559 502 469 729 431 251 765 510 356 37 729 373 718 329 170 275 685 127 893 441 438 766 380 324 504 211 839 504 159 647 208 357 739 676 461 256 852 272 239 290 354 477 567 331 581 302 199 178 338 180 690 565 762 589 337 542 483 495 451 469 793 612 562 465 691 372 857
118 732 910 356 891 852 807 248 575 497 894 633 178 623 896 220 762 325 235 902 527 460 275 314 223 713 884 865 619 1097 385 755 140 500 892 1007 542 817 1081 482 442 762 146 800 552 718 612 560 316 904 480 621 424 234 559 0 556 743 443 712 747 1030 51 900 547 770 537 442 230 599 666 291 442 683 941 351 1089 181 606 549 431 588 378 695 93 738 541 908 579 117 799 612 361 727 782 886 280 1024 585 980 837 360 628 791 571 1092 944 758 503 254 980 282 114 584 177 925 1036 179 105 1055 228 831
529 247 525 308 742 298 305 553 398 88 503 233 443 254 606 336 205 402 334 368 356 156 394 241 584 230 833 320 355 568 582 200 574 155 396 484 244 754 566 237 424 374 425 402 194 277 164 278 373 425 632 90 401 322 502 556 0 246 351 236 749 482 516 806 528 245 133 337 455 664 330 427 503 418 589 205 557 493 222 9 597 396 189 649 638 695 151 352 191 450 573 400 594 740 479 821 277 599 200 509 771 457 677 436 662 606 465 265 135 551 543 277 594 76 379 373 576 406 544 547 566 359
743 382 298 552 598 193 64 663 347 258 276 435 665 166 413 529 184 494 549 169 595 283 631 445 705 32 722 322 269 354 640 157 722 400 153 263 479 649 338 284 452 541 599 188 202 82 131 244 477 179 656 271 441 522 469 743 246 0 597 39 676 310 696 679 505 329 205 583 580 639 201 666 531 629 370 407 348 631 160 255 638 627 418 574 833 611 202 273 413 627 421 627 663 674 306 706 487 355 170 262 662 525 642 242 650 364 219 384 380 659 299 489 751 179 571 333 329 622 702 314 685 467
347 370 871 105 1031 601 654 593 664 372 850 250 265 579 933 317 506 524 248 700 85 404 168 282 599 581 1088 542 653 895 691 514 542 198 744 819 151 1009 903 493 613 339 395 747 501 624 504 569 493 775 774 346 586 294 729 443 351 597 0 587 976 788 433 1077 740 435 445 13 505 854 652 163 670 241 931 291 881 506 548 342 726 145 229 889 483 937 461 624 221 402 879 169 685 962 803 1082 263 950 522 859 1029 591 876 773 839 952 814 395 217 596 894 256 538 423 330 610 926 268 499 887 590 439
715 397 292 536 571 229 97 626 308 234 270 440 640 127 395 499 209 456 524 207 590 252 610 418 667 10 691 352 231 388 601 183 686 392 180 297 476 617 368 247 412 554 567 175 165 53 100 205 440 198 616 274 402 494 431 712 236 39 587 0 641 349 664 650 466 349 176 573 544 601 165 647 492 634 361 381 383 595 121 245 598 626 398 539 802 577 170 310 413 595 394 627 624 639 282 676 461 363 133 281 631 486 604 222 611 387 239 401 372 621 307 463 716 164 541 367 345 596 668 343 647 488
841 990 543 876 225 869 701 502 352 669 548 977 830 529 406 684 843 465 755 811 1030 608 879 694 539 652 139 990 414 910 365 819 619 856 719 837 954 98 860 515 363 1123 653 539 559 594 620 475 492 692 275 834 390 702 251 747 749 676 976 641 0 942 704 177 236 965 617 966 529 149 475 919 318 1144 506 687 918 568 553 751 319 1089 753 102 823 67 600 950 926 669 306 1103 395 21 409 147 719 654 565 712 111 405 119 479 180 804 710 1003 840 496 651 725 658 692 695 1009 720 788 644 829 527 1098
1011 449 435 778 813 188 257 972 645 533 421 558 926 474 592 810 285 803 815 142 755 576 871 718 1012 342 958 280 563 134 949 283 1024 600 223 127 642 895 177 593 761 590 891 403 510 374 434 553 785 255 960 446 751 799 765 1030 482 310 788 349 942 0 986 903 802 374 501 775 886 931 490 899 839 723 505 681 114 935 470 491 945 763 671 845 1116 875 502 176 569 918 650 753 973 945 535 939 757 392 480 272 904 835 929 464 945 270 250 433 585 968 352 757 1051 446 853 226 315 888 1001 187 992 466
142 702 858 339 842 810 760 211 524 453 843 607 177 572 845 179 721 274 207 856 517 413 269 275 193 665 839 828 568 1050 345 713 116 470 843 960 521 771 1033 432 392 741 97 750 503 668 564 509 265 855 440 584 373 196 510 51 516 696 433 664 704 986 0 854 499 736 490 431 181 557 615 292 395 672 889 310 1043 136 557 509 391 579 343 648 144 692 494 868 552 68 748 602 324 684 730 841 244 973 536 930 791 312 586 740 530 1043 895 727 471 216 929 247 105 540 138 887 985 164 74 1006 194 804
985 1032 473 983 91 865 688 662 416 736 484 1039 963 560 317 808 859 595 876 785 1121 684 1000 801 702 661 67 1001 451 847 529 833 779 933 682 785 1032 85 792 589 481 1177 792 509 611 597 656 529 618 648 445 883 506 823 356 900 806 679 1077 650 177 903 854 0 358 995 673 1065 674 318 491 1041 459 1219 416 786 857 719 589 810 484 1176 848 205 981 163 655 943 994 812 259 1187 560 199 376 46 831 563 608 646 67 544 289 447 351 721 655 1041 915 655 574 837 819 739 825 1008 638 918 799 762 688 1132
627 774 478 641 344 694 545 322 158 443 472 750 605 340 397 453 650 237 523 661 795 379 648 458 367 475 354 797 238 800 209 627 436 623 588 716 721 279 760 290 127 898 434 420 348 429 419 271 262 574 170 616 154 470 37 547 528 505 740 466 236 802 499 358 0 757 400 730 318 138 311 688 106 911 474 451 803 366 357 528 178 854 517 154 632 202 385 773 697 454 284 868 243 222 325 351 484 602 362 618 299 187 149 375 145 726 602 789 608 315 578 490 476 479 468 826 648 561 450 728 350 884
718 75 620 452 920 208 350 796 614 333 599 188 626 439 743 558 148 648 535 331 388 400 551 464 825 339 1032 107 553 499 827 173 808 275 417 441 283 955 522 473 663 227 653 517 410 403 345 491 619 460 874 158 642 539 729 770 245 329 435 349 965 374 736 995 757 0 358 423 697 896 503 571 745 350 695 434 481 732 412 249 841 389 392 863 842 906 373 198 215 675 743 378 840 959 632 1018 491 650 400 532 971 703 906 570 897 595 489 62 268 795 595 488 824 278 598 175 598 600 774 516 808 138
539 374 430 377 611 340 270 476 265 72 410 365 465 133 489 323 269 312 349 367 467 77 442 243 514 176 700 410 223 559 480 252 522 268 356 469 365 620 543 115 306 507 393 307 62 194 75 144 289 373 518 217 287 318 373 537 133 205 445 176 617 501 490 673 400 358 0 431 386 538 208 481 388 547 487 207 552 433 102 136 489 515 233 516 627 562 18 411 320 422 446 522 497 609 360 688 286 523 76 454 638 356 550 328 538 563 414 389 248 473 471 288 550 80 365 451 516 421 500 518 495 484
349 360 857 98 1018 588 640 588 652 358 836 240 265 565 920 310 492 515 243 687 85 391 169 271 594 567 1077 531 640 882 684 501 539 184 730 805 140 998 889 481 603 333 390 733 488 610 490 556 484 761 765 333 575 287 718 442 337 583 13 573 966 775 431 1065 730 423 431 0 498 845 639 168 660 241 917 280 868 501 534 328 718 148 217 878 485 926 448 611 209 398 866 170 678 951 790 1070 254 936 508 845 1018 582 867 759 830 938 800 385 203 590 880 247 536 409 325 599 912 266 496 873 585 431
311 682 700 400 661 725 641 99 352 373 686 611 305 435 672 188 647 101 257 748 578 315 371 252 129 548 662 774 407 931 190 633 146 467 717 840 545 593 907 297 213 758 126 599 378 537 451 361 105 721 280 539 197 211 329 230 455 580 505 544 529 886 181 674 318 697 386 498 0 386 463 406 215 722 723 272 927 56 426 450 230 642 332 469 318 513 383 793 552 139 571 662 180 510 563 663 250 819 411 790 613 131 413 581 362 905 759 704 460 99 779 256 182 453 180 825 840 268 142 878 111 792
695 911 576 752 341 830 677 353 293 579 574 882 690 477 466 551 788 332 623 792 914 513 745 573 389 611 288 936 371 920 216 766 470 752 713 838 848 233 876 426 247 1032 512 538 486 562 558 409 362 694 127 753 274 571 170 599 664 639 854 601 149 931 557 318 138 896 538 845 386 0 442 784 184 1038 557 571 924 421 495 664 170 975 639 137 674 159 523 910 828 526 352 991 246 128 426 294 592 697 501 730 250 268 29 486 33 833 719 927 738 347 681 599 509 618 557 964 752 649 495 844 378 1022
697 541 244 579 419 394 235 528 155 281 228 560 637 75 281 479 371 365 524 350 676 255 633 421 573 176 529 517 73 495 474 346 610 475 279 408 571 453 460 189 287 690 521 135 151 120 169 106 359 271 473 397 285 481 275 666 330 201 652 165 475 490 615 491 311 503 208 639 463 442 0 673 357 748 288 391 496 519 107 335 463 722 433 373 760 411 191 475 521 549 245 728 502 473 151 514 463 357 132 331 468 374 443 129 455 444 305 549 456 522 315 467 645 256 515 533 377 590 601 429 553 641
186 515 910 122 1008 711 728 480 646 413 890 399 115 606 946 234 614 454 165 795 247 419 41 254 476 644 1042 677 655 994 596 617 408 302 819 911 298 967 994 491 561 501 282 787 525 674 552 575 427 845 687 453 535 218 685 291 427 666 163 647 919 899 292 1041 688 571 481 168 406 784 673 0 601 402 961 282 982 392 579 417 637 303 249 842 321 890 494 746 357 279 874 327 584 902 818 1039 215 1004 553 928 987 516 809 801 764 1030 885 541 315 484 951 210 396 486 227 743 992 139 364 974 471 595
526 751 557 567 450 710 581 217 206 415 548 711 511 365 493 367 654 147 439 696 731 348 562 389 262 499 448 798 285 853 118 634 329 576 636 765 669 377 817 273 82 861 336 482 348 464 425 286 177 628 129 594 102 386 127 442 503 531 670 492 318 839 395 459 106 745 388 660 215 184 357 601 0 858 563 389 853 260 373 502 106 793 457 254 526 298 376 788 655 353 383 809 150 300 406 448 407 681 370 682 397 86 208 446 170 794 660 769 563 210 652 414 370 468 376 834 719 469 344 786 244 863
587 275 926 333 1159 556 670 817 804 482 904 194 506 673 1022 537 478 722 476 676 156 537 409 476 828 625 1241 445 771 849 900 497 777 288 750 789 190 1161 872 632 790 147 624 809 609 683 581 690 689 789 974 360 763 513 893 683 418 629 241 634 1144 723 672 1219 911 350 547 241 722 1038 748 402 858 0 996 470 831 732 641 413 930 99 402 1049 723 1096 565 546 227 635 992 75 899 1132 896 1231 472 978 618 868 1179 788 1056 849 1028 940 823 290 305 818 921 466 776 492 559 508 936 507 735 864 817 279
982 752 76 864 324 517 346 769 372 559 96 802 924 355 100 765 547 622 812 410 945 542 921 710 815 370 479 666 322 433 679 522 866 744 302 380 834 431 377 475 518 912 799 187 436 314 428 391 625 260 642 636 528 768 441 941 589 370 931 361 506 505 889 416 474 695 487 917 723 557 288 961 563 996 0 679 445 779 385 597 652 985 718 431 1034 441 471 585 774 826 205 987 712 516 160 458 752 149 411 236 435 611 542 160 584 305 255 752 724 762 159 756 905 513 799 653 222 877 865 348 796 832
335 411 629 198 742 501 471 371 376 150 610 340 258 325 665 131 411 252 142 557 344 137 241 37 395 380 797 520 375 755 433 404 374 197 560 667 283 718 745 211 325 489 220 508 244 401 282 293 219 580 504 277 298 118 438 351 205 407 291 381 687 681 310 786 451 434 207 280 272 571 391 282 389 470 679 0 746 300 299 198 460 404 68 598 435 646 217 558 281 245 598 420 436 673 536 790 79 728 274 661 738 318 591 519 559 769 621 435 189 371 677 81 391 236 173 577 723 215 341 721 380 520
1081 556 384 862 766 282 285 1007 650 595 374 660 998 497 540 872 375 837 885 189 854 629 951 784 1049 379 917 392 569 20 969 367 1069 688 216 88 739 860 75 629 780 701 946 386 548 394 479 576 823 229 969 535 774 863 766 1089 557 348 881 383 918 114 1043 857 803 481 552 868 927 924 496 982 853 831 445 746 0 978 501 566 959 866 745 826 1178 850 550 287 666 974 615 857 995 923 508 897 825 313 516 211 867 861 919 441 942 170 207 541 671 1002 286 825 1099 509 915 340 233 958 1050 98 1029 579
274 711 756 402 710 771 693 88 408 415 742 633 283 489 727 195 690 157 257 798 583 360 359 274 97 599 703 813 463 983 213 677 91 490 770 892 561 636 960 350 267 778 111 655 430 590 501 417 160 775 307 574 252 219 380 181 493 631 506 595 568 935 136 719 366 732 433 501 56 421 519 392 260 732 779 300 978 0 479 487 257 647 354 513 266 556 432 837 575 113 625 668 194 548 619 705 263 875 463 845 656 180 450 637 395 959 813 735 485 92 835 269 126 497 175 865 895 252 86 931 85 820
622 443 330 479 521 338 217 505 204 175 311 453 554 31 387 403 293 336 438 329 569 161 539 333 547 127 621 441 140 505 480 270 570 368 290 414 464 544 481 128 292 588 460 208 55 112 67 87 321 298 500 294 281 401 324 606 222 160 548 121 553 470 557 589 357 412 102 534 426 495 107 579 373 641 385 299 501 479 0 228 479 614 333 450 698 493 86 417 414 488 350 620 503 548 258 609 376 429 26 373 560 364 502 225 502 486 338 453 348 501 379 379 602 150 442 468 431 508 555 453 527 547
520 248 533 299 747 306 314 548 401 86 511 229 434 260 612 329 213 399 325 377 348 154 385 234 579 239 836 325 359 577 579 209 568 147 405 494 237 757 576 238 423 371 418 410 198 285 170 281 370 434 631 92 400 314 504 549 9 255 342 245 751 491 509 810 528 249 136 328 450 664 335 417 502 413 597 198 566 487 228 0 596 389 180 651 630 697 154 359 185 443 578 393 591 742 485 825 269 608 205 518 774 455 678 443 662 615 474 266 127 546 552 268 588 83 371 380 585 398 537 556 561 360
532 843 653 621 495 816 687 183 310 509 646 794 535 471 575 411 756 208 483 803 794 441 600 453 219 606 458 899 390 958 46 737 300 655 742 871 744 399 922 374 186 944 356 585 452 571 530 393 241 733 50 688 202 433 211 431 597 638 726 598 319 945 391 484 178 841 489 718 230 170 463 637 106 930 652 460 959 257 479 596 0 857 528 287 504 322 478 893 737 366 461 875 75 298 501 463 464 778 476 785 418 143 200 545 140 896 765 862 643 177 751 470 338 568 409 937 819 498 326 891 207 955
489 316 918 244 1122 585 675 734 760 445 897 206 409 646 1001 454 497 651 390 698 63 492 312 404 742 618 1193 493 735 882 825 513 687 246 761 816 151 1114 899 586 729 227 538 797 576 671 560 652 619 797 903 357 702 431 839 588 396 627 145 626 1089 763 579 1176 854 389 515 148 642 975 722 303 793 99 985 404 866 647 614 389 857 0 336 997 624 1045 533 588 214 546 960 24 821 1076 873 1185 394 982 590 879 1133 718 996 832 963 960 834 336 266 736 925 388 684 472 472 560 947 414 644 888 732 350
