174
0 725 275 711 465 795 658 459 787 695 237 590 797 904 188 208 512 463 292 879 561 373 892 933 384 900 806 834 900 451 756 576 824 502 540 623 795 958 1001 420 771 380 770 982 944 410 79 102 376 617 688 497 957 747 499 430 1105 767 367 913 842 213 197 349 308 724 902 588 830 462 601 217 694 505 988 153 736 942 905 1065 921 913 364 953 374 633 790 86 468 966 697 541 664 506 201 675 871 576 540 941 199 592 149 820 814 396 956 699 190 570 835 630 584 945 552 563 1049 952 384 319 204 308 799 675 828 529 470 526 942 660 544 458 49 838 385 1007 877 683 655 831 715 484 295 961 304 961 615 957 483 279 402 332 695 778 785 665 567 959 355 665 483 364 499 893 929 575 858 611 608 205 669 888 954 451
725 0 454 174 351 736 356 580 154 118 491 214 755 181 627 625 305 331 764 558 636 413 729 706 411 455 136 172 238 527 388 597 476 554 405 540 407 910 295 316 467 375 688 274 587 411 766 670 503 253 163 344 281 615 751 611 409 682 434 422 600 538 615 419 522 129 842 143 836 865 355 629 228 744 336 834 28 479 490 410 455 794 539 597 595 283 515 784 805 277 518 478 697 789 527 581 721 815 463 907 832 259 599 720 106 645 456 803 675 399 695 450 785 460 521 237 335 580 426 784 616 556 225 815 110 767 331 796 485 336 537 798 704 484 398 333 152 560 87 528 821 857 607 269 609 490 523 907 487 645 756 660 306 540 850 837 546 278 477 622 496 366 240 704 229 543 137 363 647 546 597 431 377 400
275 454 0 437 273 650 471 327 534 441 37 317 658 635 246 257 249 257 356 657 433 130 719 743 217 652 530 558 625 369 510 426 590 346 313 516 550 833 726 144 542 113 613 706 718 250 311 245 205 396 443 307 682 568 455 323 829 608 217 657 639 92 239 101 156 449 767 324 714 505 419 205 465 455 714 380 468 693 663 792 670 758 221 728 272 373 572 329 470 690 494 419 538 481 103 498 700 538 411 819 386 372 145 662 540 322 701 610 240 340 664 413 527 692 373 291 774 723 231 383 185 189 527 600 561 483 266 498 694 409 372 460 264 605 207 732 604 496 391 609 629 511 302 685 310 711 427 830 295 251 403 294 437 568 689 605 475 683 162 507 378 88 223 712 653 479 590 431 474 98 499 637 687 218
711 174 437 0 443 568 506 458 328 282 475 121 587 294 658 661 211 417 682 386 493 350 555 532 478 294 120 133 192 626 214 451 303 423 271 675 234 738 307 294 293 331 519 290 419 490 735 679 412 394 325 448 249 446 625 496 398 513 499 272 426 503 647 367 451 47 671 234 668 755 493 568 390 617 276 793 202 325 326 354 300 621 446 430 494 130 341 753 688 263 351 598 541 665 531 418 548 680 584 736 778 392 568 549 162 537 312 648 617 256 522 291 646 311 379 149 359 414 497 697 561 478 92 665 253 637 420 669 330 171 397 683 701 312 463 297 240 395 223 354 666 742 666 259 669 339 368 735 363 566 650 568 134 366 689 689 670 253 398 462 602 353 221 530 237 668 266 502 497 511 436 272 262 302
465 351 273 443 0 858 200 573 348 269 291 364 871 501 313 304 370 27 627 784 671 348 900 904 82 728 478 513 583 182 610 651 704 577 484 266 644 1045 645 251 670 298 814 624 833 65 530 380 454 155 245 33 630 755 720 581 760 809 102 713 793 360 300 329 422 425 976 216 938 779 146 476 234 719 682 607 347 763 753 758 738 951 479 844 535 459 712 544 742 628 664 172 767 750 274 694 885 801 159 1035 630 131 393 860 458 589 754 854 505 500 851 577 786 752 583 355 682 833 87 655 454 459 531 850 425 747 22 765 767 516 589 732 428 716 80 684 494 684 263 741 873 784 264 621 264 778 621 1042 512 525 676 567 519 721 926 859 242 628 410 717 161 237 262 885 581 243 455 157 704 364 702 707 701 410
795 736 650 568 858 0 1006 339 890 827 666 543 21 852 878 893 494 832 557 280 234 527 124 196 839 417 669 662 673 1006 369 225 319 306 375 1124 372 186 792 607 293 569 48 785 326 868 760 839 449 894 863 881 711 122 341 365 821 54 848 468 197 627 875 554 513 616 118 730 103 480 972 578 921 330 683 766 765 440 383 722 441 119 445 326 422 455 251 774 414 738 218 1029 134 362 740 164 104 312 1017 177 711 881 667 44 723 401 485 170 608 363 85 293 276 466 279 535 840 342 858 545 593 497 566 209 821 320 840 347 434 400 277 418 822 322 824 727 794 180 758 267 175 448 951 740 959 452 237 184 356 517 443 468 433 217 147 241 1096 720 489 143 1004 633 609 146 744 1098 831 984 186 632 156 430 575 450
658 356 471 506 200 1006 0 751 265 238 491 471 1021 440 489 476 512 214 827 885 841 528 1029 1021 276 800 492 526 588 262 708 816 802 748 632 194 735 1191 611 418 779 476 959 591 924 248 726 566 637 114 193 166 622 893 907 764 726 953 291 773 910 560 477 513 614 471 1122 282 1094 976 56 675 134 905 683 804 336 829 832 751 804 1087 665 935 724 568 825 740 935 611 797 170 930 939 473 841 1017 986 159 1183 830 124 594 1001 452 778 810 1024 706 642 985 714 967 812 742 474 635 920 273 855 654 651 577 1024 377 932 205 953 834 628 752 925 617 813 278 672 456 826 283 847 1044 979 413 603 408 841 770 1188 679 722 871 761 616 842 1090 1037 219 617 594 871 220 421 397 1010 561 213 401 47 869 564 851 778 733 574
459 580 327 458 573 339 751 0 715 631 336 366 343 744 541 557 275 550 268 446 108 225 432 476 535 509 578 589 634 695 376 116 411 51 187 833 409 513 758 332 356 276 311 744 512 567 433 500 122 651 654 602 689 289 171 44 831 307 540 540 393 290 538 245 177 498 452 512 391 298 707 242 700 164 692 453 605 549 500 758 535 455 108 520 86 330 359 448 230 709 258 736 215 209 407 219 411 240 726 498 410 632 328 361 616 93 578 284 278 208 375 221 217 562 112 343 811 523 552 271 255 158 512 277 687 189 559 216 547 314 97 224 483 425 522 726 694 231 562 401 303 283 620 707 628 568 172 512 95 189 198 152 363 338 362 286 797 695 166 205 701 336 371 435 691 800 708 719 153 294 210 506 617 185
787 154 534 328 348 890 265 715 0 93 567 358 909 174 657 650 440 338 872 709 780 525 883 859 425 598 264 293 344 495 542 743 628 694 549 459 559 1065 348 415 621 479 842 328 735 413 839 715 626 201 102 327 368 769 885 742 461 835 448 561 754 625 644 525 632 281 997 214 989 989 288 728 134 880 432 912 125 619 636 494 596 949 660 745 719 436 670 856 933 353 672 421 846 922 585 733 876 954 408 1062 920 221 679 875 212 771 591 951 770 546 850 602 926 597 667 376 370 727 435 895 712 668 368 962 117 904 334 931 625 490 682 925 757 636 417 414 195 713 154 681 970 984 612 345 611 628 673 1061 625 754 880 778 461 694 1002 981 481 361 593 773 457 453 351 858 304 476 138 290 794 632 749 575 499 530
695 118 441 282 269 827 238 631 93 0 474 286 844 232 572 566 359 256 780 668 701 435 831 813 342 571 254 288 351 432 495 667 585 613 473 426 517 1006 386 324 571 388 779 365 701 334 747 627 537 142 45 253 387 708 800 656 502 773 365 540 704 532 559 433 541 242 937 123 923 900 243 635 109 795 447 819 98 597 606 517 573 894 571 711 630 372 619 763 845 379 610 371 774 837 494 666 821 871 356 1001 827 154 586 815 214 683 575 877 677 473 793 534 844 578 590 299 418 695 354 803 619 577 343 885 157 820 253 846 602 430 604 837 667 595 333 438 230 647 70 636 896 895 534 371 534 608 603 1003 543 663 791 687 407 641 931 903 437 383 503 704 397 360 263 808 329 433 186 249 719 539 680 548 495 446
237 491 37 475 291 666 491 336 567 474 0 355 673 672 218 231 284 277 336 686 444 158 740 767 226 685 568 596 663 368 543 441 621 360 341 522 582 847 763 182 572 149 631 744 748 260 275 210 218 421 474 324 720 589 452 328 867 626 222 692 664 69 213 129 159 487 783 359 726 492 437 185 493 454 751 345 504 727 695 829 704 776 228 758 273 408 600 293 461 728 519 426 550 477 75 519 721 536 419 833 354 397 112 681 577 321 736 617 215 369 685 440 528 726 392 328 812 753 238 364 163 189 564 605 597 482 286 494 728 443 390 451 226 636 218 770 641 518 425 638 636 499 284 723 293 745 449 845 314 238 393 285 472 595 698 608 478 721 177 524 381 126 261 735 691 483 626 449 487 73 518 671 724 246
590 214 317 121 364 543 471 366 358 286 355 0 560 379 544 549 97 337 570 421 422 230 557 551 384 367 229 250 312 543 246 384 340 339 191 617 279 725 423 176 310 209 495 406 469 401 614 561 301 357 319 377 370 426 537 399 519 489 403 358 439 381 534 246 333 143 655 189 637 656 446 449 378 530 397 672 241 404 389 475 379 617 336 479 389 97 355 632 593 382 328 532 488 575 413 381 546 600 518 719 659 348 447 534 256 436 402 592 498 188 515 249 570 396 308 28 475 468 403 587 441 363 209 603 320 553 342 582 407 157 323 587 581 352 368 418 332 363 215 380 611 646 562 378 566 420 317 721 272 452 549 459 154 370 645 623 603 373 282 418 525 235 111 538 352 603 342 457 435 390 394 347 372 192
797 755 658 587 871 21 1021 343 909 844 673 560 0 872 884 899 509 844 553 301 236 537 139 212 850 438 689 682 693 1017 390 232 340 312 389 1137 393 175 813 619 314 580 68 806 346 880 759 843 455 910 880 895 733 141 334 367 842 74 859 490 218 632 881 563 519 635 109 746 82 470 986 579 938 323 704 763 784 461 404 743 462 123 451 346 424 473 272 773 405 759 236 1042 133 353 747 179 119 301 1030 164 708 896 671 62 742 401 506 155 608 378 105 310 266 487 289 551 861 362 869 541 595 501 587 194 840 312 853 337 455 418 286 410 824 343 835 749 815 197 775 289 158 438 958 761 966 473 250 172 365 517 437 468 452 238 127 226 1108 742 496 153 1016 644 623 163 765 1110 851 998 189 637 169 451 596 462
904 181 635 294 501 852 440 744 174 232 672 379 872 0 797 793 475 486 942 629 787 592 821 783 572 499 182 192 211 662 483 744 554 712 560 634 489 1012 177 498 562 556 804 160 640 566 947 845 678 368 264 486 215 730 913 778 288 797 595 453 688 720 785 600 701 249 946 317 954 1036 461 810 308 906 280 1015 168 509 539 332 490 890 713 649 767 423 610 965 972 195 638 594 834 952 705 709 817 972 580 1012 1014 384 780 828 131 815 473 942 856 548 797 584 939 484 672 405 195 629 584 961 797 734 287 959 77 927 484 958 516 464 689 966 882 559 561 253 57 685 251 611 959 1025 765 187 765 514 662 1008 649 823 928 835 423 640 979 983 655 207 654 755 625 547 421 792 151 650 47 464 791 728 727 476 370 571
188 627 246 658 313 878 489 541 657 572 218 544 884 797 0 20 491 319 451 904 649 376 957 986 232 895 732 764 834 264 755 652 836 572 559 435 794 1055 919 368 789 357 845 899 965 250 267 86 430 469 555 341 888 806 627 524 1030 841 210 897 883 251 12 347 364 659 993 484 931 623 434 329 548 631 929 341 632 935 908 1007 912 991 433 975 466 613 818 275 615 892 738 357 756 643 143 735 938 710 358 1040 386 445 223 895 728 505 941 812 328 586 901 659 710 933 608 521 963 970 226 480 308 384 750 794 720 658 324 663 937 654 605 604 140 851 240 941 779 736 546 856 830 640 107 886 116 953 666 1053 531 397 545 452 678 814 896 792 379 888 393 738 298 311 436 953 849 387 750 442 695 246 734 879 917 464
208 625 257 661 304 893 476 557 650 566 231 549 899 793 20 0 499 311 471 914 666 387 971 998 224 902 732 764 835 246 763 667 846 587 570 417 802 1071 918 374 798 366 860 897 975 240 287 105 445 459 547 331 888 820 646 541 1030 855 202 903 895 267 18 358 380 660 1008 481 947 643 421 348 538 650 930 361 629 943 916 1009 919 1005 449 985 483 619 829 295 634 892 750 340 772 662 155 749 952 728 342 1056 406 436 241 910 726 523 947 830 347 597 915 670 728 939 622 527 961 979 216 500 326 400 753 812 716 677 316 682 945 662 619 623 159 860 233 941 776 750 543 866 847 660 87 885 96 960 680 1069 545 416 564 470 685 825 913 810 361 888 407 753 281 318 440 966 848 368 746 429 711 262 748 886 921 475
512 305 249 211 370 494 512 275 440 359 284 97 509 475 491 499 0 343 473 426 342 141 529 536 368 404 325 344 403 535 265 310 351 254 120 635 303 680 518 132 309 136 448 501 482 392 529 495 204 402 386 390 460 386 446 305 609 442 383 407 424 299 482 162 239 239 611 245 582 561 477 356 438 440 482 583 330 444 417 557 421 582 239 492 292 123 347 547 499 475 293 542 421 484 352 329 514 513 529 672 566 387 364 492 353 340 451 520 405 131 481 207 485 442 234 70 570 484 388 490 350 267 291 526 414 464 350 492 446 163 246 492 509 365 352 507 429 316 289 380 540 551 525 471 531 462 258 677 184 355 453 362 188 353 581 544 612 464 187 358 525 182 114 514 447 613 437 489 363 308 339 388 442 96
463 331 257 417 27 832 214 550 338 256 277 337 844 486 319 311 343 0 613 756 646 324 873 877 87 701 455 490 561 208 583 626 676 553 457 292 617 1019 626 225 642 274 788 605 806 80 525 382 431 154 235 52 609 728 699 559 741 782 109 686 765 346 306 306 402 400 950 193 912 762 162 461 232 698 660 601 329 736 726 736 711 924 457 817 515 431 684 540 723 607 637 199 742 729 267 668 858 780 186 1009 622 129 383 833 437 568 728 830 492 473 824 550 764 725 557 328 664 805 97 640 440 439 505 826 410 725 9 744 740 489 564 713 428 689 79 662 476 657 244 713 849 766 279 600 279 751 595 1016 487 508 658 548 492 694 901 836 269 607 388 691 188 214 234 857 560 270 440 174 679 350 675 681 676 384
292 764 356 682 627 557 827 268 872 780 336 570 553 942 451 471 473 613 0 712 335 351 670 725 561 777 798 816 871 684 640 368 680 319 432 849 675 698 990 456 625 393 544 973 779 594 229 377 270 752 789 661 927 542 225 225 1074 542 554 805 655 267 455 347 242 713 650 657 569 172 774 151 818 234 939 212 784 817 768 1010 802 675 236 786 197 567 627 237 179 944 526 755 422 222 370 477 648 292 750 679 154 728 244 590 825 175 844 430 127 458 615 488 308 829 381 542 1042 790 571 29 173 208 752 400 875 253 622 242 815 566 365 169 335 693 554 970 900 494 720 668 443 192 555 941 564 836 440 697 343 119 120 119 612 605 515 386 799 932 288 451 705 423 526 679 919 805 901 785 381 263 464 772 875 380
879 558 657 386 784 280 885 446 709 668 686 421 301 629 904 914 426 756 712 0 388 528 202 154 793 143 455 437 427 957 177 348 83 395 345 1039 151 396 535 558 116 549 245 533 66 815 868 891 502 771 711 798 456 194 541 488 548 241 808 196 83 674 897 557 570 429 339 603 377 693 864 673 775 529 417 897 586 160 105 447 164 272 519 74 528 325 88 884 620 483 187 953 349 574 760 241 205 547 939 401 856 765 732 241 511 537 206 435 716 317 199 249 507 187 335 428 580 78 812 712 679 573 346 469 617 532 762 565 154 268 349 620 891 73 776 462 572 220 607 48 445 666 949 486 956 172 273 392 396 631 622 599 269 107 428 501 1024 465 525 280 944 605 523 170 500 1024 619 875 353 682 258 161 304 440
561 636 433 493 671 234 841 108 780 701 444 422 236 787 649 666 342 646 335 388 0 324 337 389 638 478 612 617 651 800 363 46 373 93 231 934 389 405 777 424 321 373 212 765 453 670 527 606 228 737 728 698 702 207 155 130 837 209 644 517 323 398 647 347 286 537 344 587 282 307 799 343 779 144 695 538 663 515 460 754 505 352 217 459 187 363 310 541 233 725 211 837 106 192 516 147 315 188 826 390 487 719 434 261 656 169 550 183 374 238 281 214 153 532 114 403 830 466 656 330 358 266 530 184 737 154 655 188 512 329 98 233 587 384 625 734 733 168 631 348 203 283 728 724 737 532 139 403 162 283 234 236 377 282 256 202 899 710 271 115 804 435 449 344 715 903 755 812 47 403 131 480 607 266
373 413 130 350 348 527 528 225 525 435 158 230 537 592 376 387 141 324 351 528 324 0 591 613 314 531 458 480 542 479 387 309 463 232 183 610 427 712 653 114 414 51 488 636 590 346 387 366 109 432 450 377 600 440 380 236 748 483 322 541 508 159 369 28 108 373 646 311 598 466 482 220 488 377 623 443 433 572 539 699 551 632 139 600 199 260 442 405 414 612 364 512 423 413 232 371 573 458 502 700 429 412 224 537 479 253 584 506 268 210 536 283 440 574 248 201 705 595 333 371 211 143 432 502 524 404 334 426 573 288 251 406 373 478 301 647 552 368 371 480 526 463 430 608 438 591 299 710 172 231 356 252 322 438 580 512 575 603 69 384 481 111 175 583 582 579 550 494 360 168 374 518 582 88
892 729 719 555 900 124 1029 432 883 831 740 557 139 821 957 971 529 873 670 202 337 591 0 74 891 346 642 628 626 1060 342 316 266 391 419 1164 332 194 737 654 262 626 126 734 228 918 863 926 528 915 870 920 657 151 460 465 750 127 904 399 132 710 953 619 596 602 138 747 192 603 1001 674 932 449 619 875 758 359 307 647 366 70 532 226 518 462 214 878 535 684 235 1072 250 484 815 221 22 436 1059 199 823 905 756 82 697 506 405 294 709 399 57 322 400 387 348 555 782 245 911 661 687 586 534 333 801 441 880 469 353 402 353 539 914 264 876 665 763 222 764 210 297 572 1021 687 1029 368 292 190 425 618 560 573 423 190 257 365 1141 666 564 226 1053 689 641 32 698 1143 807 1012 290 716 224 363 506 506
933 706 743 532 904 196 1021 476 859 813 767 551 212 783 986 998 536 877 725 154 389 613 74 0 903 294 609 591 582 1071 318 362 231 431 434 1166 300 252 687 665 243 644 187 686 163 928 909 961 562 907 854 922 608 186 522 512 692 187 917 346 112 742 980 642 631 577 205 738 267 669 997 717 918 511 566 926 734 301 253 588 311 132 570 159 563 454 196 925 599 636 249 1076 312 549 843 258 92 505 1063 261 877 899 793 152 665 556 347 366 755 411 115 333 467 329 382 553 730 180 923 718 729 625 499 405 769 506 884 535 294 394 389 602 952 225 887 611 726 251 749 178 370 638 1044 639 1051 307 320 248 456 665 619 623 406 183 332 437 1146 618 594 274 1061 705 643 49 654 1147 773 1008 344 749 266 313 452 526
384 411 217 478 82 839 276 535 425 342 226 384 850 572 232 224 368 87 561 793 638 314 891 903 0 751 529 564 635 168 624 624 715 546 472 300 660 1025 706 238 676 269 798 685 846 33 450 298 413 237 323 113 685 743 671 537 820 792 23 741 793 295 219 291 372 467 958 269 913 718 220 410 316 671 733 527 411 788 772 810 764 939 434 857 488 472 715 464 686 685 657 202 738 699 197 679 875 754 194 1014 553 213 321 845 516 539 784 819 436 493 840 571 742 779 560 369 746 847 19 589 388 406 569 812 495 699 92 715 791 525 564 676 346 729 16 738 559 671 325 747 839 726 196 678 197 804 605 1023 486 465 618 510 536 721 895 818 261 683 369 696 166 205 273 879 639 265 525 231 675 298 684 732 740 389
900 455 652 294 728 417 800 509 598 571 685 367 438 499 895 902 404 701 777 143 478 531 346 294 751 0 336 312 291 908 144 433 107 459 362 969 105 540 393 530 157 538 377 392 141 768 902 896 534 689 616 737 314 314 634 554 405 372 770 53 222 688 886 557 597 330 483 527 517 785 788 710 681 623 273 942 480 41 41 305 26 416 559 150 582 283 176 919 712 342 267 890 464 670 755 339 349 655 875 545 908 686 750 381 391 603 71 560 757 332 341 289 615 54 397 382 436 130 770 781 712 609 230 591 496 631 706 665 42 242 414 710 904 98 735 318 443 314 517 150 572 762 925 345 930 60 344 536 438 680 701 658 217 211 564 622 961 324 546 386 889 584 477 314 362 960 495 797 453 696 359 23 160 448
806 136 530 120 478 669 492 578 264 254 568 229 689 182 732 732 325 455 798 455 612 458 642 609 529 336 0 35 105 658 302 568 377 542 391 677 310 831 196 385 382 432 621 178 474 534 836 764 528 390 299 474 156 548 745 616 300 615 552 296 510 604 720 472 562 85 766 262 772 875 492 678 362 737 204 898 155 354 374 281 332 710 563 484 612 249 429 855 808 161 456 613 654 785 616 528 637 799 598 831 887 395 668 647 55 656 327 761 726 376 616 405 765 332 498 257 247 465 546 814 669 592 109 780 161 757 456 788 361 285 516 803 791 383 515 209 125 504 220 433 779 862 724 155 727 363 483 828 483 680 770 685 241 458 797 805 682 156 511 574 628 442 306 614 124 679 164 500 613 612 546 312 241 418
834 172 558 133 513 662 526 589 293 288 596 250 682 192 764 764 344 490 816 437 617 480 628 591 564 312 35 0 71 693 292 572 362 551 401 712 296 819 173 413 371 457 614 156 452 569 862 794 545 425 333 510 124 541 754 628 271 608 586 269 495 629 752 496 583 109 754 297 765 887 528 700 396 746 169 922 190 328 351 246 306 697 580 461 628 258 417 881 819 132 452 649 653 794 646 526 625 805 634 820 910 431 694 637 81 670 297 761 748 384 605 406 770 304 504 279 226 442 580 831 692 611 95 781 185 764 491 797 334 287 522 814 820 366 549 176 135 500 256 418 778 873 758 127 761 335 485 815 495 699 783 702 241 448 793 807 718 125 531 572 664 470 335 599 103 715 183 535 615 638 544 288 208 436
900 238 625 192 583 673 588 634 344 351 663 312 693 211 834 835 403 561 871 427 651 542 626 582 635 291 105 71 0 763 306 606 360 593 447 777 300 820 125 480 379 522 626 114 432 640 927 863 600 491 395 579 57 554 795 675 206 621 657 242 494 694 823 559 642 176 757 367 776 933 593 760 456 786 98 985 252 298 332 175 280 696 634 440 679 305 423 945 863 74 472 716 678 834 715 548 625 840 701 822 970 498 759 644 136 719 261 784 808 426 609 438 804 272 542 341 178 420 651 884 753 668 122 807 228 803 562 836 305 323 560 858 888 362 620 107 160 522 324 416 800 916 829 72 832 302 515 816 541 755 831 754 275 455 810 835 784 61 589 596 733 538 403 596 72 781 218 600 645 703 568 269 159 491
451 527 369 626 182 1006 262 695 495 432 368 543 1017 662 264 246 535 208 684 957 800 479 1060 1071 168 908 658 693 763 0 787 789 879 710 640 171 822 1192 817 406 842 436 965 796 1009 142 528 349 573 294 398 183 808 911 821 693 933 960 157 895 960 432 254 454 525 607 1125 398 1078 851 216 541 364 822 862 604 520 944 932 937 919 1106 591 1020 641 634 882 538 827 804 825 100 903 845 315 846 1043 905 106 1180 644 278 439 1013 634 690 936 980 556 661 1008 739 896 934 727 531 851 1010 148 713 518 557 713 970 589 850 205 863 948 690 730 817 404 892 183 861 663 839 440 913 999 862 165 797 158 959 773 1189 651 603 758 653 696 888 1057 975 117 805 529 863 42 372 435 1047 756 124 618 219 839 433 851 888 883 556
756 388 510 214 610 369 708 376 542 495 543 246 390 483 755 763 265 583 640 177 363 387 342 318 624 144 302 292 306 787 0 317 94 327 218 863 39 529 428 395 79 397 322 420 223 644 758 753 391 594 536 623 350 249 516 420 476 316 641 164 211 543 747 414 453 260 463 426 472 664 687 567 600 506 334 799 416 186 152 390 166 409 417 233 444 152 128 775 591 375 167 778 375 554 614 244 336 549 764 529 767 587 606 345 357 469 205 480 614 188 313 155 511 191 267 255 479 223 644 646 568 466 197 504 458 518 589 552 186 101 285 588 760 106 608 375 426 218 431 140 495 643 790 375 796 204 224 525 298 539 573 520 92 156 504 533 849 358 402 293 771 447 351 316 376 849 466 698 348 552 264 134 243 304
576 597 426 451 651 225 816 116 743 667 441 384 232 744 652 667 310 626 368 348 46 309 316 362 624 433 568 572 606 789 317 0 328 80 194 916 343 406 731 402 276 355 195 720 413 655 548 615 223 709 696 678 656 176 201 150 791 191 631 471 286 401 649 334 287 495 341 556 289 352 776 358 748 190 649 564 624 470 416 707 459 340 220 419 202 321 267 563 278 679 167 820 115 238 514 109 294 234 809 392 517 693 443 245 613 195 504 210 394 198 258 168 198 487 76 367 784 426 642 365 372 272 485 218 697 201 635 235 467 285 63 277 599 340 610 687 691 127 596 306 229 328 726 678 734 488 92 404 139 303 274 261 332 240 274 239 884 664 264 89 790 419 420 319 670 887 714 788 53 407 96 434 560 242
824 476 590 303 704 319 802 411 628 585 621 340 340 554 836 846 351 676 680 83 373 463 266 231 715 107 377 362 360 879 94 328 0 360 284 957 68 459 475 483 55 479 276 470 131 736 818 829 450 688 628 717 394 210 529 455 502 271 732 153 134 614 829 491 516 347 397 520 421 681 782 624 692 517 364 853 504 142 88 405 133 336 471 141 488 244 70 836 607 421 161 872 357 565 694 232 265 548 858 462 817 682 675 286 433 505 179 455 670 254 249 196 508 160 298 348 522 133 735 683 629 523 268 485 538 525 682 559 138 189 315 606 832 14 699 408 497 207 524 56 467 656 877 424 883 159 242 455 348 589 599 562 186 105 463 516 943 404 468 279 864 532 443 237 432 943 542 792 347 623 252 113 256 376
502 554 346 423 577 306 748 51 694 613 360 339 312 712 572 587 254 553 319 395 93 232 391 431 546 459 542 551 593 710 327 80 360 0 152 841 360 486 718 330 305 280 273 704 462 578 479 536 142 644 639 605 647 244 202 94 787 269 553 490 345 321 568 255 207 464 422 497 368 340 706 286 688 194 647 503 580 499 449 712 484 419 141 469 133 293 308 495 270 668 207 744 192 242 434 173 370 261 733 473 460 626 365 324 583 144 528 276 325 167 334 172 231 512 62 318 771 472 564 322 297 195 471 276 659 214 562 246 497 271 46 265 523 374 533 683 661 183 543 350 296 323 645 666 654 517 122 484 70 237 245 203 319 288 348 291 807 653 184 166 713 343 358 391 652 811 678 718 128 327 166 456 569 173
540 405 313 271 484 375 632 187 549 473 341 191 389 560 559 570 120 457 432 345 231 183 419 434 472 362 391 401 447 640 218 194 284 152 0 750 256 562 570 235 232 209 330 556 408 499 539 546 173 522 503 506 502 271 354 227 646 325 484 381 327 330 552 211 235 312 493 364 461 486 596 349 557 346 509 581 432 404 364 578 384 467 200 418 235 143 259 557 417 522 185 656 302 393 415 211 403 412 643 553 551 508 391 376 431 272 423 403 396 29 368 101 380 410 117 173 624 414 492 442 350 247 326 412 508 367 465 398 404 134 132 412 548 298 457 542 509 200 402 297 423 471 610 519 617 422 138 559 93 324 383 312 180 256 461 432 724 508 184 238 634 271 234 407 503 726 527 608 246 339 219 352 443 94
623 540 516 675 266 1124 194 833 459 426 522 617 1137 634 435 417 635 292 849 1039 934 610 1164 1166 300 969 677 712 777 171 863 916 957 841 750 0 894 1311 805 517 927 561 1080 785 1084 266 700 521 712 287 383 244 813 1020 971 837 920 1075 300 946 1054 590 425 588 672 646 1243 441 1204 1012 184 702 327 971 873 776 524 1000 997 943 975 1217 734 1095 788 714 971 709 984 803 928 97 1032 998 478 961 1149 1054 107 1301 815 284 604 1126 641 839 985 1116 721 766 1116 842 1042 985 849 613 829 1082 285 878 679 706 753 1110 571 999 284 1015 1005 773 855 974 576 969 311 864 649 950 460 998 1136 1022 333 796 326 1014 887 1308 777 761 916 808 770 983 1190 1118 57 808 667 983 143 498 523 1148 754 49 596 177 969 591 968 947 916 676
795 407 550 234 644 372 735 409 559 517 582 279 393 489 794 802 303 617 675 151 389 427 332 300 660 105 310 296 300 822 39 343 68 360 256 894 0 523 419 433 80 437 327 413 190 680 796 792 429 622 560 656 339 255 544 454 458 321 678 130 199 583 786 454 492 278 459 455 475 693 717 605 624 533 316 837 435 147 113 367 128 401 454 200 479 188 122 814 620 365 184 811 391 581 653 261 328 572 796 524 804 616 645 344 366 503 169 494 652 227 309 188 533 154 298 291 469 188 680 681 607 504 201 521 470 544 622 578 147 140 316 617 800 77 644 359 431 235 456 123 509 671 828 367 834 165 251 519 334 576 604 556 125 155 512 551 882 348 441 310 805 485 387 304 372 882 475 727 370 591 282 97 218 343
958 910 833 738 1045 186 1191 513 1065 1006 847 725 175 1012 1055 1071 680 1019 698 396 405 712 194 252 1025 540 831 819 820 1192 529 406 459 486 562 1311 523 0 931 794 449 755 231 928 416 1055 915 1011 629 1079 1043 1068 852 298 473 533 943 237 1034 593 325 804 1052 739 691 786 69 914 128 586 1158 743 1103 464 814 911 939 552 500 840 560 124 622 412 591 634 402 927 533 879 396 1216 299 482 920 351 194 417 1204 21 852 1066 839 191 886 562 598 268 768 549 216 477 392 580 465 718 976 432 1044 681 760 671 724 302 988 446 1027 463 545 576 461 540 989 458 1011 859 954 364 938 403 258 554 1132 882 1140 559 424 4 540 679 578 626 604 373 187 325 1283 861 670 329 1191 819 795 225 892 1285 996 1170 360 808 343 558 700 637
1001 295 726 307 645 792 611 758 348 386 763 423 813 177 919 918 518 626 990 535 777 653 737 687 706 393 196 173 125 817 428 731 475 718 570 805 419 931 0 581 499 628 746 20 530 706 1033 956 719 529 425 635 80 675 920 798 116 741 729 341 608 800 907 668 757 280 871 437 894 1057 627 873 477 911 127 1094 298 391 434 158 377 807 753 537 800 428 540 1051 987 53 595 757 802 959 809 672 738 966 743 935 1083 541 864 761 191 841 348 908 922 551 724 563 929 362 667 452 53 516 721 1004 865 785 247 932 234 928 625 961 398 448 685 983 985 474 693 87 156 646 382 530 924 1041 902 53 904 390 641 927 664 873 954 874 400 574 931 960 821 71 705 720 783 637 502 706 72 817 209 631 770 809 692 374 238 609
420 316 144 294 251 607 418 332 415 324 182 176 619 498 368 374 132 225 456 558 424 114 654 665 238 530 385 413 480 406 395 402 483 330 235 517 433 794 581 0 441 64 564 562 614 264 453 385 222 319 336 276 537 506 492 348 684 558 252 529 555 222 359 109 217 304 726 201 687 579 375 314 374 489 570 518 333 570 547 648 546 703 254 624 313 247 478 471 529 545 419 422 517 526 237 444 638 570 410 784 515 299 285 610 396 367 573 607 359 255 603 332 549 565 332 153 630 616 258 479 300 254 385 606 426 516 233 539 572 294 339 520 408 497 222 588 463 435 264 512 627 577 395 540 400 587 371 791 263 339 470 365 312 483 676 618 489 538 183 466 399 58 79 641 509 491 453 388 455 230 451 513 549 159
771 467 542 293 670 293 779 356 621 571 572 310 314 562 789 798 309 642 625 116 321 414 262 243 676 157 382 371 379 842 79 276 55 305 232 927 80 449 499 441 0 433 247 492 176 699 764 778 396 665 612 685 419 175 477 400 537 241 692 197 133 563 781 442 463 339 384 496 396 628 756 570 675 466 396 799 495 195 143 444 183 329 416 186 433 213 48 781 555 445 111 840 314 514 645 185 256 500 826 449 761 657 622 266 436 450 228 415 615 203 234 142 460 211 243 314 549 182 696 628 575 469 275 443 538 475 649 509 192 153 260 553 780 69 660 439 505 159 506 71 429 605 833 447 839 212 188 446 293 534 545 507 163 77 432 473 911 428 415 233 829 488 408 237 450 911 546 766 298 571 206 159 294 326
380 375 113 331 298 569 476 276 479 388 149 209 580 556 357 366 136 274 393 549 373 51 626 644 269 538 432 457 522 436 397 355 479 280 209 561 437 755 628 64 433 0 528 610 609 300 405 359 161 381 401 326 579 476 431 288 727 523 279 543 536 172 349 45 152 348 688 265 644 515 430 254 437 429 607 466 393 579 550 684 557 670 191 619 250 259 465 423 465 590 395 464 470 464 216 410 609 510 453 744 459 360 237 576 448 304 587 556 300 234 573 310 491 578 290 182 678 613 288 415 241 189 418 552 485 456 283 477 581 296 295 456 374 494 255 628 518 404 327 502 575 513 401 585 407 597 336 753 216 275 406 300 324 465 628 563 529 581 120 426 435 64 134 616 556 532 512 443 407 181 414 524 575 120
770 688 613 519 814 48 959 311 842 779 631 495 68 804 845 860 448 788 544 245 212 488 126 187 798 377 621 614 626 965 322 195 276 273 330 1080 327 231 746 564 247 528 0 740 296 826 739 809 415 848 815 837 666 73 336 341 778 6 808 427 162 595 841 515 481 567 162 683 150 481 926 552 874 324 640 749 717 403 345 681 402 145 414 299 396 407 207 753 412 693 169 986 125 362 705 119 104 319 974 224 697 835 638 50 674 381 446 191 586 317 72 246 281 427 240 487 795 313 817 535 566 468 519 227 772 319 796 348 397 351 240 416 794 280 783 684 747 133 709 227 200 451 915 694 923 416 193 228 317 494 434 448 384 172 186 260 1053 675 453 107 962 592 563 138 697 1055 783 938 164 600 114 388 533 409
982 274 706 290 624 785 591 744 328 365 744 406 806 160 899 897 501 605 973 533 765 636 734 686 685 392 178 156 114 796 420 720 470 704 556 785 413 928 20 562 492 610 740 0 530 685 1014 936 702 508 405 614 77 668 907 784 137 734 709 340 604 781 887 650 739 262 867 417 888 1042 606 856 457 898 133 1076 277 392 433 172 377 804 737 538 784 413 535 1032 974 50 587 737 793 946 789 663 734 954 722 931 1065 520 845 756 170 826 350 899 904 537 719 552 918 364 654 434 69 517 700 988 847 768 234 922 214 915 604 948 399 436 673 969 966 470 672 97 136 637 361 526 915 1027 881 46 883 392 630 924 650 856 939 859 388 568 924 950 801 67 688 711 762 618 482 703 54 797 190 611 759 790 682 372 240 593
944 587 718 419 833 326 924 512 735 701 748 469 346 640 965 975 482 806 779 66 453 590 228 163 846 141 474 452 432 1009 223 413 131 462 408 1084 190 416 530 614 176 609 296 530 0 867 934 954 568 811 745 846 452 254 604 555 529 293 863 190 136 738 958 618 636 459 366 645 416 756 907 739 809 592 406 963 614 139 100 424 153 294 585 10 594 375 154 950 683 480 254 1000 408 636 822 305 237 607 986 424 922 806 796 284 530 603 184 488 782 379 241 313 567 168 402 478 570 16 866 778 745 639 366 523 636 594 812 627 132 320 415 684 955 117 830 451 584 286 643 113 496 729 1007 484 1014 144 340 412 462 697 687 665 314 174 473 556 1072 462 589 343 994 663 574 196 502 1072 635 917 417 746 322 163 292 502
410 411 250 490 65 868 248 567 413 334 260 401 880 566 250 240 392 80 594 815 670 346 918 928 33 768 534 569 640 142 644 655 736 578 499 266 680 1055 706 264 699 300 826 685 867 0 478 321 446 219 311 91 689 771 705 570 821 821 43 756 817 329 237 323 405 476 987 272 944 752 191 444 298 705 739 556 409 805 791 815 780 967 467 878 521 492 739 492 720 688 683 169 769 732 229 707 902 788 160 1044 584 196 353 874 518 573 799 851 468 519 867 597 775 795 590 389 744 867 25 622 421 440 580 844 489 733 82 748 808 547 595 710 371 750 45 742 557 699 324 770 871 759 199 680 199 820 633 1052 516 498 652 544 555 745 926 851 229 687 401 726 135 235 293 905 641 233 519 201 706 331 713 749 751 418
79 766 311 735 530 760 726 433 839 747 275 614 759 947 267 287 529 525 229 868 527 387 863 909 450 902 836 862 927 528 758 548 818 479 539 700 796 915 1033 453 764 405 739 1014 934 478 0 181 368 678 743 563 984 722 447 398 1133 736 435 919 824 232 275 367 304 753 862 634 786 394 670 194 754 455 1010 77 779 944 902 1086 924 879 349 942 346 646 779 18 408 995 682 616 626 449 258 652 842 520 614 897 120 653 168 788 850 358 961 651 154 569 806 622 532 949 534 586 1083 943 453 254 189 295 820 624 873 477 533 470 943 666 524 398 128 833 450 1033 916 662 701 820 665 417 374 990 383 962 598 914 472 244 345 291 705 764 737 612 645 987 356 637 559 400 532 867 961 652 901 680 575 224 643 892 968 457
102 670 245 679 380 839 566 500 715 627 210 561 843 845 86 105 495 382 377 891 606 366 926 961 298 896 764 794 863 349 753 615 829 536 546 521 792 1011 956 385 778 359 809 936 954 321 181 0 399 535 614 411 918 777 567 477 1064 805 279 903 863 218 95 338 330 686 951 528 884 549 510 270 614 572 955 255 678 937 905 1033 915 955 395 964 419 618 803 189 547 925 716 441 712 579 148 705 906 648 441 994 301 510 171 860 765 451 947 760 259 575 870 642 651 937 579 536 1002 960 295 406 251 342 770 739 768 598 388 599 938 653 573 536 54 843 302 970 822 709 593 842 777 568 193 919 202 955 640 1009 505 338 478 393 683 795 845 733 465 919 368 703 383 326 460 925 885 473 798 519 653 211 702 882 933 452
376 503 205 412 454 449 637 122 626 537 218 301 455 678 430 445 204 431 270 502 228 109 528 562 413 534 528 545 600 573 391 223 450 142 173 712 429 629 719 222 396 161 415 702 568 446 368 399 0 541 555 484 657 378 270 127 805 410 418 554 466 181 426 125 69 443 565 415 509 363 590 175 596 268 671 407 526 576 534 743 557 560 35 576 92 298 413 385 308 673 320 614 332 304 291 307 508 349 604 615 379 521 231 465 557 146 596 406 223 202 472 254 332 583 180 274 771 576 430 286 178 74 483 398 614 295 441 316 576 305 175 300 391 464 401 701 633 310 471 454 425 358 502 670 511 595 241 627 107 155 254 158 348 401 484 406 675 662 44 308 579 217 274 526 648 678 638 603 269 187 304 525 614 109
617 253 396 394 155 894 114 651 201 142 421 357 910 368 469 459 402 154 752 771 737 432 915 907 237 689 390 425 491 294 594 709 688 644 522 287 622 1079 529 319 665 381 848 508 811 219 678 535 541 0 104 129 529 781 812 668 645 841 258 663 796 487 456 421 526 361 1009 168 984 891 102 601 79 809 588 754 238 718 720 659 694 974 572 821 631 454 711 693 845 522 684 228 822 845 420 730 903 889 214 1072 772 24 531 889 355 685 701 919 636 531 872 602 868 702 635 361 559 807 242 778 581 564 468 921 297 836 146 858 723 514 645 836 582 699 232 581 372 714 173 733 938 892 413 514 412 731 660 1076 574 641 784 675 502 728 982 935 294 525 501 761 257 332 288 896 472 291 325 110 762 493 741 666 629 470
688 163 443 325 245 863 193 654 102 45 474 319 880 264 555 547 386 235 789 711 728 450 870 854 323 616 299 333 395 398 536 696 628 639 503 383 560 1043 425 336 612 401 815 405 745 311 743 614 555 104 0 225 430 745 821 677 541 808 345 585 745 535 542 445 553 286 974 142 957 916 201 642 65 817 491 817 143 642 650 560 618 932 588 755 648 409 660 759 863 421 647 332 805 857 487 701 860 894 317 1038 828 120 586 852 258 701 620 906 682 505 831 569 869 623 620 331 454 739 332 813 624 590 388 913 193 842 231 868 647 468 633 855 657 637 315 481 269 682 105 677 925 913 509 413 509 653 635 1040 569 674 806 701 448 680 963 930 396 425 519 737 361 366 283 848 371 392 220 206 748 541 714 593 540 469
497 344 307 448 33 881 166 602 327 253 324 377 895 486 341 331 390 52 661 798 698 377 920 922 113 737 474 510 579 183 623 678 717 605 506 244 656 1068 635 276 685 326 837 614 846 91 563 411 484 129 225 0 625 776 751 611 751 831 132 719 810 393 328 359 454 426 999 216 963 812 112 509 207 750 678 640 337 771 763 753 746 973 510 857 567 473 728 577 774 621 684 154 793 781 308 717 905 832 140 1059 664 106 427 882 450 620 760 882 539 522 872 598 816 758 608 370 670 845 115 689 488 491 533 879 411 777 43 796 775 531 615 764 459 730 113 677 482 706 256 756 901 817 285 613 284 785 644 1065 539 558 709 599 531 739 953 889 226 622 440 742 155 266 279 904 572 226 440 124 731 397 725 716 702 436
957 281 682 249 630 711 622 689 368 387 720 370 733 215 888 888 460 609 927 456 702 600 657 608 685 314 156 124 57 808 350 656 394 647 502 813 339 852 80 537 419 579 666 77 452 689 984 918 657 529 430 625 0 595 848 730 148 661 708 262 527 751 877 617 699 232 791 416 814 987 631 817 488 838 64 1042 291 314 355 129 299 727 691 460 735 361 460 1002 917 27 517 757 725 887 771 594 658 891 742 855 1027 538 816 681 174 774 273 830 866 481 644 488 854 286 594 398 129 439 701 941 810 726 176 854 250 855 609 888 321 376 613 913 945 394 671 53 174 568 368 450 845 970 880 32 882 315 565 847 596 812 886 811 327 494 851 882 824 9 647 642 777 595 459 626 65 821 233 637 694 760 614 295 163 548
747 615 568 446 755 122 893 289 769 708 589 426 141 730 806 820 386 728 542 194 207 440 151 186 743 314 548 541 554 911 249 176 210 244 271 1020 255 298 675 506 175 476 73 668 254 771 722 777 378 781 745 776 595 0 352 326 710 67 754 363 118 560 802 468 447 494 229 615 224 504 862 531 804 340 571 740 644 344 286 615 340 196 384 258 376 335 139 738 431 621 97 927 155 383 664 71 132 353 914 293 693 769 608 107 601 371 385 245 568 254 97 179 313 366 198 420 724 268 762 537 542 439 446 277 698 341 736 373 339 279 204 433 767 216 728 614 673 72 639 166 258 476 870 622 878 358 140 295 275 478 441 437 311 104 256 309 995 604 413 92 906 539 499 147 625 997 709 874 166 566 79 323 466 356
499 751 455 625 720 341 907 171 885 800 452 537 334 913 627 646 446 699 225 541 155 380 460 522 671 634 745 754 795 821 516 201 529 202 354 971 544 473 920 492 477 431 336 907 604 705 447 567 270 812 821 751 848 352 0 144 986 335 672 672 470 391 628 393 299 666 427 680 345 152 860 298 865 11 845 437 776 671 616 906 660 457 241 609 184 496 465 457 79 869 367 874 210 39 512 300 438 83 865 454 378 792 404 378 785 132 705 205 309 370 408 363 85 688 253 514 973 618 686 208 319 265 673 177 858 30 709 46 667 472 235 80 535 540 661 882 863 323 732 503 219 127 721 868 730 688 292 472 265 230 105 175 520 436 290 166 930 854 312 261 833 486 538 474 855 934 879 872 187 392 282 635 760 354
430 611 323 496 581 365 764 44 742 656 328 399 367 778 524 541 305 559 225 488 130 236 465 512 537 554 616 628 675 693 420 150 455 94 227 837 454 533 798 348 400 288 341 784 555 570 398 477 127 668 677 611 730 326 144 0 873 338 540 584 433 275 522 252 168 534 474 535 407 259 718 212 720 141 734 414 636 594 544 801 579 483 102 562 58 370 402 412 194 749 301 739 235 180 395 257 443 222 730 517 368 648 305 391 652 49 622 290 244 249 408 266 205 606 156 375 851 566 553 227 228 141 553 277 719 167 568 191 592 357 140 187 457 469 525 768 730 271 588 443 308 246 608 747 617 612 215 532 133 153 156 111 405 381 372 281 798 736 171 239 702 344 394 469 731 802 741 730 178 278 247 550 660 212
1105 409 829 398 760 821 726 831 461 502 867 519 842 288 1030 1030 609 741 1074 548 837 748 750 692 820 405 300 271 206 933 476 791 502 787 646 920 458 943 116 684 537 727 778 137 529 821 1133 1064 805 645 541 751 148 710 986 873 0 773 844 353 627 900 1019 765 848 380 888 551 921 1128 743 966 592 976 142 1191 413 391 443 105 384 819 838 534 881 507 572 1151 1057 138 642 873 849 1025 916 719 754 1025 859 949 1176 657 965 786 304 918 345 952 1015 624 746 623 987 363 732 547 95 513 836 1087 959 874 322 979 349 991 740 1024 398 517 751 1053 1091 498 807 104 272 692 497 553 966 1110 1016 144 1018 385 698 939 740 960 1029 957 468 607 965 1009 937 146 795 768 899 742 606 718 181 933 324 747 824 909 739 391 246 696
