227
0 44 388 956 138 957 1026 404 806 908 641 782 839 400 250 457 639 293 693 606 982 296 977 568 317 518 319 618 835 151 818 147 750 305 987 124 495 458 779 461 988 484 287 1187 661 869 295 1032 380 958 630 619 842 612 739 662 819 793 629 299 391 540 740 207 1128 737 973 347 637 850 14 732 121 573 567 719 585 396 263 492 361 550 720 781 1020 329 735 456 431 589 817 470 808 742 628 702 846 361 203 348 600 728 392 862 571 859 390 817 874 632 1022 610 289 680 815 913 485 538 856 711 66 723 889 799 884 64 288 579 497 409 755 417 364 376 737 124 552 876 896 264 264 801 278 299 621 890 749 386 1047 687 103 129 599 933 1114 570 838 289 782 648 500 610 747 632 648 115 435 530 490 758 408 620 663 671 172 174 889 1046 809 509 853 361 453 1183 499 659 546 863 937 873 853 474 226 351 560 529 1045 608 940 375 414 697 966 401 711 714 858 304 660 728 644 619 1181 696 106 79 615 980 737 724 609 667 488 143 27 363 139
44 0 346 923 136 937 1010 377 792 906 606 777 830 359 206 429 608 277 675 603 970 316 946 584 272 501 343 583 813 157 794 160 728 261 966 102 510 443 782 483 961 439 242 1165 678 871 251 1011 338 948 614 598 799 581 731 648 808 749 615 269 347 500 726 185 1103 693 945 333 654 807 47 729 158 553 528 720 601 392 218 466 357 554 701 762 1006 356 724 415 390 569 809 432 767 725 586 693 803 381 234 369 571 714 357 818 528 868 387 807 841 632 996 601 276 686 817 890 492 513 837 710 50 712 857 804 861 87 261 588 483 433 729 400 344 363 713 80 535 856 895 222 238 790 261 293 636 871 726 390 1018 669 148 119 588 917 1088 534 797 295 755 615 512 609 704 651 604 148 426 501 446 755 425 576 645 674 183 164 886 1024 820 520 830 347 472 1160 464 644 549 848 921 834 836 488 213 306 519 549 1031 605 912 390 370 693 936 391 670 732 814 280 615 684 648 612 1160 664 69 117 592 970 696 680 578 645 477 121 48 319 142
388 346 0 616 343 736 830 213 651 840 303 697 725 25 200 233 336 282 516 577 827 508 654 696 117 387 546 286 601 369 562 392 524 170 750 291 620 368 772 648 700 163 119 926 779 840 159 790 7 825 484 420 460 318 635 523 687 410 496 182 67 161 586 257 853 370 676 315 762 461 393 676 467 397 195 700 709 412 147 279 392 585 526 574 843 575 614 75 50 411 703 113 422 560 241 603 459 557 502 557 323 578 125 483 186 900 419 696 542 622 748 522 306 709 796 663 558 317 646 677 333 598 561 809 635 427 204 650 396 622 487 317 275 337 495 276 404 656 841 123 216 670 272 350 730 673 507 463 737 501 485 398 499 744 827 224 450 419 509 319 606 589 359 776 262 446 398 270 139 706 572 239 487 678 393 310 822 801 862 609 607 317 617 923 184 511 580 686 749 493 656 600 295 140 176 687 866 569 649 534 76 641 653 370 327 842 475 228 295 351 663 553 933 378 282 437 396 838 350 345 311 448 417 365 393 102 440
956 923 616 0 852 372 469 559 484 713 318 620 582 593 816 507 320 698 437 671 550 911 71 920 733 537 943 340 315 864 266 887 341 784 341 834 878 593 776 959 192 664 735 401 952 776 775 347 622 590 493 424 476 348 570 500 535 470 511 658 661 461 476 758 319 560 157 669 953 380 966 660 988 470 424 725 921 705 761 485 719 758 404 375 517 976 539 542 566 462 572 506 319 424 468 572 432 921 978 933 367 484 566 505 514 920 718 560 85 711 253 580 716 797 770 281 794 448 371 694 891 529 77 820 280 1011 672 828 573 973 266 598 627 656 317 872 507 352 736 719 696 533 706 740 915 362 313 773 158 422 1032 1003 563 445 274 395 346 812 244 308 850 684 406 984 477 964 649 434 623 678 897 518 443 754 873 808 706 349 915 844 287 656 917 400 459 486 754 450 450 232 402 869 761 744 458 950 526 656 172 875 648 649 103 658 344 1007 479 664 570 515 764 615 431 261 854 974 403 580 353 504 350 379 606 974 971 706 1043
138 136 343 852 0 825 891 293 669 771 545 644 700 346 281 345 532 163 559 469 844 197 866 454 314 384 230 521 706 29 694 50 622 326 856 65 378 322 645 363 868 476 277 1059 548 734 310 902 335 819 494 491 801 504 601 526 681 751 493 200 370 473 604 97 1002 712 855 212 524 793 152 594 137 443 493 584 471 258 263 373 223 418 588 649 883 251 597 397 375 458 679 397 742 608 579 563 798 260 159 252 487 591 304 825 527 733 252 679 768 496 897 472 154 549 680 786 356 417 724 574 87 585 781 667 757 202 182 452 361 319 634 285 236 240 612 174 419 744 760 230 158 663 151 161 504 758 624 253 931 555 182 256 461 797 992 483 777 159 662 549 379 474 693 525 603 113 297 418 470 621 298 582 530 537 59 44 752 916 684 386 726 227 346 1054 406 524 413 728 801 795 720 356 95 359 497 423 908 470 820 261 392 559 852 264 642 604 817 188 636 694 511 480 1051 591 113 123 490 842 673 688 501 540 351 256 164 356 275
957 937 736 372 825 0 105 572 193 366 470 319 257 710 911 526 410 663 266 453 179 798 309 699 847 440 819 476 135 824 182 841 214 900 49 835 686 503 474 780 193 851 832 247 699 443 886 89 738 224 334 340 800 422 300 310 225 779 340 679 799 629 238 752 218 847 221 612 709 710 970 380 942 384 596 446 694 593 852 482 622 552 236 175 146 848 280 679 695 368 258 630 634 218 704 323 759 782 899 798 412 251 631 833 725 600 605 247 346 473 155 387 670 533 454 97 614 435 100 421 893 281 329 513 114 1020 680 603 466 814 256 539 593 585 240 916 405 82 393 792 701 234 678 671 674 66 228 643 276 269 1001 1045 385 82 239 537 673 720 242 447 657 461 696 743 725 920 540 469 808 384 740 756 294 495 819 784 363 103 609 648 134 597 741 241 553 307 551 128 85 572 110 686 731 877 644 744 159 440 200 733 798 387 273 567 607 740 807 658 828 799 515 404 228 392 875 944 351 209 634 786 429 297 484 1026 979 839 1077
1026 1010 830 469 891 105 0 655 226 321 573 319 248 804 999 613 510 733 335 481 112 844 402 712 938 508 861 578 234 887 286 903 305 991 128 908 710 568 457 805 280 951 921 241 698 407 976 133 831 167 396 420 905 520 321 365 235 884 398 759 895 730 288 824 249 952 312 679 711 815 1040 385 1001 460 698 445 704 648 940 566 679 578 313 257 54 888 310 776 791 444 258 726 739 285 808 353 864 820 951 838 508 301 720 938 828 567 658 250 449 491 228 432 737 534 431 202 646 521 184 426 964 317 431 491 220 1090 758 619 529 845 358 610 666 650 336 995 475 175 351 878 778 250 749 733 679 158 325 690 354 343 1063 1122 436 93 285 637 778 774 346 550 682 486 802 746 830 980 598 560 908 381 774 860 366 501 880 852 324 139 585 673 238 665 769 236 648 367 578 163 90 676 176 713 800 970 746 761 57 470 297 772 894 402 367 628 712 731 912 734 932 904 525 440 206 496 950 1006 437 142 740 892 527 383 542 1105 1050 933 1152
404 377 213 559 293 572 655 0 455 629 258 487 521 193 345 52 239 144 324 364 636 381 574 509 296 176 418 234 442 305 418 328 358 345 596 280 438 156 558 486 584 373 272 790 583 626 329 640 211 626 280 234 582 211 427 318 486 535 289 108 279 239 388 200 726 530 568 138 570 549 416 463 429 199 243 486 519 222 287 90 213 381 342 399 660 451 408 205 201 214 498 171 484 372 366 393 567 412 425 418 195 379 88 612 335 688 232 493 475 410 620 309 166 499 582 516 365 138 474 463 338 393 488 596 487 464 116 450 183 475 352 108 87 146 339 345 196 490 629 224 140 468 148 201 535 506 352 285 642 312 474 476 287 564 711 209 525 279 378 259 419 376 459 588 394 404 193 126 342 493 411 392 293 466 316 248 611 652 653 419 456 132 448 786 133 309 375 500 569 521 478 420 202 336 268 510 684 356 535 377 289 427 562 172 386 647 597 104 465 497 452 339 788 298 310 415 221 643 422 487 208 275 204 455 423 305 511
806 792 651 484 669 193 226 455 0 239 447 138 102 626 801 420 374 515 134 261 180 618 438 506 749 293 635 443 168 664 220 678 170 800 241 690 493 348 297 588 348 790 728 438 509 292 784 283 651 174 179 230 828 372 106 144 53 796 176 552 718 582 67 608 411 844 364 459 517 749 819 191 776 256 556 258 500 422 743 373 454 359 132 116 214 663 87 609 619 241 89 559 668 95 683 131 792 595 724 613 351 78 531 862 689 437 432 76 426 279 333 205 517 343 287 225 424 333 120 231 745 91 418 340 212 870 549 410 309 624 256 394 452 429 208 783 263 146 257 680 566 49 532 510 481 146 203 464 437 151 838 907 210 135 426 491 712 548 263 425 465 268 709 551 709 755 373 384 750 201 551 731 163 303 655 631 228 296 436 456 197 445 550 432 480 149 359 66 137 632 93 494 580 786 603 551 239 248 330 548 721 194 404 405 613 553 838 522 808 798 322 215 415 386 735 782 257 187 648 786 380 212 318 892 830 751 935
908 906 840 713 771 366 321 629 239 0 677 143 136 817 960 608 604 642 351 302 209 659 661 453 924 453 663 670 401 757 457 765 409 971 413 809 478 488 165 568 555 992 897 562 411 88 954 441 839 154 359 439 1064 597 206 322 186 1031 345 708 907 798 279 735 567 1073 578 585 430 988 922 177 848 447 776 196 440 513 907 564 548 369 362 356 272 683 231 811 816 435 154 763 906 327 909 237 1029 616 778 634 572 281 715 1098 907 246 518 165 662 279 521 321 636 268 128 437 442 533 342 198 856 248 652 184 434 971 697 376 452 619 496 541 597 554 446 916 436 362 30 842 709 195 661 613 406 353 442 525 641 371 914 1025 342 284 598 712 951 622 502 656 456 297 943 464 935 831 485 590 955 150 562 954 372 254 739 742 19 451 269 445 426 574 540 557 686 336 372 263 280 871 311 490 697 966 822 508 286 301 549 575 915 213 625 521 848 430 1075 668 1032 1029 284 299 524 622 860 865 472 181 883 1016 604 438 443 1019 935 935 1046
641 606 303 318 545 470 573 258 447 677 0 544 544 279 502 212 74 403 327 503 600 636 350 715 421 311 671 24 340 561 288 585 283 474 472 521 655 346 669 720 401 386 420 632 772 707 463 507 308 613 338 248 393 86 479 368 496 356 357 347 355 163 398 449 555 397 374 388 765 331 650 552 683 265 128 601 721 450 445 210 454 561 316 341 599 704 450 232 254 268 524 191 254 353 238 460 364 660 683 668 116 396 249 427 255 815 463 514 240 551 453 416 424 647 679 384 573 195 397 571 576 434 258 713 358 694 363 636 344 719 215 328 339 384 246 554 297 398 689 401 387 484 407 456 727 416 255 519 433 306 722 685 392 500 526 79 299 534 228 23 631 517 268 790 262 659 402 151 343 579 649 288 309 606 574 502 663 517 792 628 336 378 680 629 142 351 557 459 506 268 417 640 459 438 174 730 619 489 351 619 347 525 349 397 174 834 405 360 364 351 603 455 643 80 537 665 214 618 211 339 80 239 378 656 655 399 725
782 777 697 620 644 319 319 487 138 143 544 0 71 674 821 465 470 507 217 182 228 554 577 393 782 311 564 535 306 633 355 643 291 829 368 678 397 348 159 492 486 849 755 553 382 165 812 407 696 187 217 300 935 461 65 181 94 899 203 568 764 658 152 601 537 937 502 450 393 862 797 66 733 305 637 128 385 386 767 421 421 269 236 246 285 588 94 668 673 294 61 621 781 204 771 94 902 519 669 538 435 150 572 969 767 299 393 71 559 178 468 181 503 216 149 363 342 391 258 107 727 110 552 201 351 846 558 302 311 536 379 401 458 418 325 781 293 284 147 702 571 89 525 484 361 282 324 409 575 238 798 895 201 245 557 573 826 503 390 523 370 183 811 428 797 714 351 449 812 65 469 815 235 182 618 612 125 419 298 360 335 437 458 547 545 196 271 192 245 754 230 403 565 824 682 444 307 176 469 474 772 91 542 387 716 420 946 529 893 893 207 164 523 494 727 746 333 214 752 881 468 304 305 886 809 792 918
839 830 725 582 700 257 248 521 102 136 544 71 0 702 861 492 470 557 219 248 157 620 533 465 817 347 632 537 267 691 322 703 272 866 307 730 468 393 216 563 435 872 792 485 450 194 849 342 725 120 241 312 928 465 99 202 49 896 231 609 793 671 146 651 473 940 454 499 462 851 853 138 794 328 646 197 456 443 806 446 478 339 227 219 213 657 112 690 698 314 22 641 770 191 777 137 893 588 734 606 442 151 602 962 779 345 451 30 528 248 410 229 554 286 197 313 411 411 212 178 781 127 519 255 305 903 602 373 354 606 359 444 502 468 309 830 324 235 154 741 616 59 574 539 431 229 305 472 523 239 859 948 244 179 496 582 814 564 366 522 441 250 808 498 803 775 404 466 833 133 538 824 244 253 678 667 125 355 352 431 295 486 528 479 563 214 340 137 178 735 182 473 618 857 693 515 236 240 423 542 798 160 498 439 712 486 938 573 901 895 278 221 453 486 778 806 343 146 747 883 473 305 354 937 864 823 973
400 359 25 593 346 710 804 193 626 817 279 674 702 0 223 209 310 273 491 557 802 504 630 684 142 366 543 261 575 371 536 395 498 195 724 297 609 349 752 640 675 180 141 901 765 818 184 764 29 800 460 396 455 292 612 499 663 405 473 174 91 143 562 257 828 371 651 302 749 451 406 654 474 374 174 680 696 398 168 255 380 569 501 549 818 572 591 56 31 387 679 88 408 535 233 580 452 551 505 552 298 554 104 479 181 881 405 673 519 603 723 501 297 691 776 637 545 292 620 656 342 575 537 789 609 442 197 635 376 617 461 299 260 322 469 292 381 630 819 137 211 646 264 342 717 648 481 452 712 476 495 417 477 719 802 199 438 413 483 295 594 570 349 764 256 452 381 244 152 685 564 237 462 660 394 311 800 775 845 596 581 303 608 897 158 487 563 661 724 476 631 589 292 166 160 677 841 549 624 526 97 620 629 354 311 829 470 218 298 349 645 532 907 353 293 445 371 813 337 342 286 423 397 384 407 128 458
250 206 200 816 281 911 999 345 801 960 502 821 861 223 0 385 527 327 670 670 981 478 853 721 87 513 512 483 778 310 745 327 696 55 930 215 643 472 864 641 893 240 82 1115 813 943 50 972 194 970 623 578 612 506 764 662 829 565 631 252 168 360 734 247 1044 498 870 381 791 635 249 786 361 544 394 795 737 470 59 432 439 650 687 741 1006 532 749 275 250 560 839 311 607 718 414 728 622 539 425 533 506 724 280 628 354 974 471 834 742 710 938 639 341 782 894 846 602 477 816 777 222 734 760 894 817 266 263 701 509 600 672 420 363 411 672 126 539 829 956 121 254 811 309 378 766 846 684 496 934 658 354 212 620 909 1021 422 630 419 695 516 638 680 533 796 428 346 480 443 255 816 572 394 639 760 341 274 941 984 930 643 788 390 620 1111 372 653 644 846 913 686 822 621 294 105 370 697 1029 667 842 534 188 750 850 445 518 873 627 292 421 495 739 662 1118 574 172 322 561 988 537 492 500 615 518 175 243 128 254
457 429 233 507 345 526 613 52 420 608 212 465 492 209 385 0 187 192 287 359 599 423 522 528 328 159 459 188 395 356 368 379 312 380 548 332 461 160 550 516 532 385 309 741 598 612 364 592 232 594 251 193 557 159 402 290 455 511 263 159 300 221 355 252 676 516 516 176 586 517 468 447 481 165 217 478 537 247 327 47 245 390 301 355 621 492 381 207 209 179 470 163 448 333 348 370 538 449 473 457 143 346 110 588 324 685 259 464 423 407 569 294 212 499 571 467 384 91 430 452 391 365 436 589 438 516 168 462 177 511 300 125 127 176 291 394 171 444 610 265 192 438 198 243 550 461 303 315 589 273 526 526 270 523 659 173 491 321 326 210 440 372 431 607 377 456 208 73 350 478 443 380 257 464 366 300 590 604 653 439 408 167 478 736 104 278 384 461 528 479 436 444 253 365 250 535 644 349 483 411 306 413 509 195 352 661 571 156 456 479 453 327 739 246 361 467 175 608 390 469 157 230 205 504 475 331 562
639 608 336 320 532 410 510 239 374 604 74 470 470 310 527 187 0 378 253 435 530 600 338 656 452 251 634 69 276 543 229 567 213 506 418 515 600 295 597 670 366 441 445 590 709 634 494 456 339 542 266 176 466 28 405 295 423 429 285 340 395 219 324 438 517 470 344 354 703 400 649 479 668 199 187 529 661 403 469 169 412 499 243 270 533 667 376 272 291 200 450 224 321 280 309 386 435 618 659 628 53 322 255 500 320 743 417 440 236 483 412 347 397 579 606 329 517 140 331 499 573 360 250 641 302 695 352 574 286 674 154 286 309 345 177 563 233 335 615 417 377 410 385 424 665 353 187 473 412 232 712 696 323 434 493 126 367 499 173 53 575 450 341 730 334 643 351 114 398 506 602 358 235 537 553 487 589 466 722 571 277 342 629 586 155 278 495 389 439 321 349 587 440 476 235 675 554 422 315 575 391 453 329 352 247 770 478 343 434 425 536 386 597 59 539 654 142 548 283 412 30 165 321 669 655 437 734
293 277 282 698 163 663 733 144 515 642 403 507 557 273 327 192 378 0 399 346 693 242 707 416 314 224 280 378 543 169 530 190 458 350 694 175 339 166 537 366 705 443 279 896 501 619 332 739 277 673 337 327 709 350 457 371 532 660 338 100 335 366 448 94 838 641 692 57 483 685 307 466 293 280 377 469 429 143 281 213 115 324 426 487 728 311 448 309 294 295 535 290 623 448 487 420 698 281 281 284 330 436 191 737 446 647 145 532 613 383 733 328 24 456 568 622 283 256 562 453 230 435 625 567 593 357 78 380 206 346 472 123 73 89 448 274 258 582 635 221 75 514 18 68 453 596 460 182 769 393 345 392 313 639 828 351 663 143 499 402 327 354 590 495 514 269 157 263 422 494 290 504 369 433 174 121 623 753 605 330 562 70 334 891 273 367 318 571 643 665 559 318 68 362 394 405 753 343 657 253 352 429 692 121 524 564 724 56 570 614 412 344 888 438 221 286 326 694 559 605 348 376 203 380 317 342 419
693 675 516 437 559 266 335 324 134 351 327 217 219 491 670 287 253 399 0 235 312 539 410 487 616 174 563 319 163 558 181 575 98 667 301 573 455 237 355 544 354 656 595 507 515 382 651 347 516 308 70 96 717 246 154 63 175 682 82 425 583 451 73 489 460 722 356 347 516 645 706 235 676 126 427 294 487 330 612 240 357 326 36 94 336 593 123 475 484 110 199 425 564 49 558 142 684 529 635 545 222 69 397 751 559 502 342 189 364 273 363 147 405 361 359 244 375 199 165 263 629 108 363 400 219 756 424 393 200 569 175 275 331 319 121 660 140 188 361 549 443 160 415 405 478 200 124 385 437 20 735 786 134 242 461 363 610 456 193 306 426 247 594 548 584 653 275 250 616 259 493 604 31 318 553 519 336 361 489 419 190 332 503 502 346 51 324 176 246 542 160 450 467 652 474 523 360 220 319 481 587 217 381 301 499 569 728 399 682 677 326 179 494 277 615 678 124 321 535 665 253 87 220 769 716 617 817
606 603 577 671 469 453 481 364 261 302 503 182 248 557 670 359 435 346 235 0 405 372 645 254 644 202 384 486 388 455 415 464 333 687 498 508 233 208 196 327 582 737 614 699 282 273 669 542 574 368 180 263 892 417 160 171 247 851 161 422 641 576 220 436 668 869 588 290 282 834 620 126 551 237 564 125 252 211 621 324 246 99 270 316 456 409 173 565 564 235 230 523 756 260 700 129 866 340 487 358 387 207 452 925 683 326 216 234 595 48 581 91 336 144 223 464 164 314 365 107 553 172 595 232 443 669 408 158 182 364 405 260 311 259 353 616 206 393 291 557 416 231 364 311 243 398 358 227 668 249 616 723 113 394 678 507 802 322 427 486 204 14 765 313 728 532 190 371 706 152 293 737 228 105 438 440 283 556 295 195 417 280 289 693 457 185 98 327 396 752 345 233 396 689 604 293 480 14 551 294 653 92 615 225 674 339 905 378 814 830 100 56 675 478 559 566 295 394 713 818 422 297 160 717 633 662 744
982 970 827 550 844 179 112 636 180 209 600 228 157 802 981 599 530 693 312 405 0 776 489 619 928 473 789 600 268 837 327 850 317 979 220 868 625 527 352 720 372 961 907 352 597 296 964 238 828 55 360 407 959 534 248 323 163 933 356 733 894 747 248 787 361 992 400 637 612 872 996 295 945 437 717 349 610 591 924 552 625 497 301 260 63 814 247 781 793 421 174 731 794 266 838 284 919 745 888 763 517 259 710 992 850 455 600 170 517 406 328 373 694 437 323 270 568 510 205 333 922 259 502 383 278 1046 729 529 487 764 389 574 632 606 353 963 443 212 239 860 746 181 710 684 582 197 344 625 452 326 1009 1086 383 107 395 654 835 715 384 577 599 407 847 647 862 925 547 558 920 285 696 888 342 408 826 808 213 247 475 589 284 623 686 347 652 329 498 142 102 741 182 631 757 964 766 671 81 396 378 699 896 317 453 580 754 626 967 703 964 945 434 372 315 528 914 954 430 31 785 932 542 381 493 1072 1007 929 1113
296 316 508 911 197 798 844 381 618 659 636 554 620 504 478 423 600 242 539 372 776 0 910 272 503 382 38 612 700 168 705 157 623 521 838 262 204 320 511 167 884 657 466 1044 366 605 505 884 501 740 468 500 950 572 528 488 614 901 459 332 548 608 561 253 999 876 879 247 341 927 309 493 200 450 619 463 290 211 455 431 192 290 573 634 825 69 534 546 529 462 602 532 865 582 727 493 940 64 120 55 548 548 432 977 683 571 198 605 826 382 900 413 217 406 550 783 217 463 701 463 273 527 835 523 756 348 309 297 348 122 662 314 296 255 625 370 416 725 642 413 293 597 245 180 327 736 635 154 959 542 265 426 412 753 999 591 905 102 689 632 214 371 832 336 753 190 269 488 645 514 113 741 515 407 138 208 641 898 521 224 726 258 157 1039 514 492 287 683 756 902 688 184 213 550 635 233 849 379 842 86 569 463 889 254 766 417 965 296 803 852 378 405 1027 659 310 229 513 767 801 844 572 551 321 436 323 542 431
977 946 654 71 866 309 402 574 438 661 350 577 533 630 853 522 338 707 410 645 489 910 0 897 771 529 940 370 271 876 230 898 312 823 274 853 861 589 735 945 123 715 770 331 923 728 814 278 659 531 471 413 546 365 532 473 488 539 488 678 703 504 439 774 249 626 89 674 926 450 988 622 1001 461 467 687 897 700 796 494 718 736 375 336 451 973 501 581 604 451 525 541 387 390 524 537 502 915 984 928 378 448 592 576 567 876 714 513 112 681 182 556 724 764 725 224 778 452 321 657 911 493 92 778 227 1034 689 803 565 963 250 600 635 658 295 900 497 299 684 750 714 488 717 744 888 307 288 766 91 396 1048 1032 541 385 205 430 415 813 224 337 832 657 471 958 536 976 643 448 673 637 887 575 420 722 882 822 654 278 874 825 241 660 904 330 486 460 733 398 390 302 351 853 773 786 504 930 459 630 112 868 692 614 36 656 403 975 549 678 631 580 733 589 359 282 877 989 397 519 416 569 368 364 596 1004 993 747 1071
568 584 696 920 454 699 712 509 506 453 715 393 465 684 721 528 656 416 487 254 619 272 897 0 726 405 256 695 642 429 669 423 586 755 747 514 78 371 288 125 836 858 690 942 93 379 738 789 691 572 427 500 1086 633 399 424 480 1040 409 515 751 747 473 475 917 1039 843 381 70 1041 581 327 470 461 745 270 17 287 687 510 304 162 523 570 678 263 421 710 701 465 454 680 967 514 874 377 1065 210 385 225 603 461 588 1117 843 308 279 462 842 226 834 341 394 185 327 717 144 519 617 286 538 422 843 283 697 620 494 96 371 183 654 404 427 364 603 628 425 645 428 632 489 468 429 351 56 649 609 233 922 500 534 697 357 633 930 698 1011 302 676 703 90 243 959 79 903 462 320 567 836 334 159 901 477 211 400 448 437 803 256 89 672 382 115 936 632 437 165 571 634 978 595 100 428 774 776 55 700 269 805 193 768 313 869 337 876 151 1100 469 973 1006 186 309 915 707 567 501 527 601 914 995 636 541 336 705 595 757 704
317 272 117 733 314 847 938 296 749 924 421 782 817 142 87 328 452 314 616 644 928 503 771 726 0 471 540 403 712 343 675 363 633 53 862 251 648 439 840 659 817 167 37 1042 814 915 42 903 113 922 576 522 530 433 723 615 782 482 586 223 81 274 683 254 970 421 793 361 795 549 318 754 417 493 309 770 741 456 54 376 429 637 629 681 948 564 705 191 167 508 794 230 520 662 327 688 538 560 470 557 436 674 218 548 267 959 460 789 660 687 865 602 333 766 868 777 597 418 754 749 275 689 679 874 748 343 240 695 473 624 601 385 333 389 606 193 493 766 922 94 239 764 299 375 767 783 618 494 855 602 420 297 581 850 945 341 543 430 624 437 639 655 446 804 342 399 456 377 174 784 586 310 586 740 372 295 905 915 918 643 720 368 633 1039 298 605 631 790 855 599 763 627 300 48 283 708 972 639 767 547 102 718 771 424 431 876 545 269 343 414 721 629 1048 496 222 380 501 937 449 411 427 554 486 261 315 46 340
518 501 387 537 384 440 508 176 293 453 311 311 347 366 513 159 251 224 174 202 473 382 529 405 471 0 411 292 326 384 323 401 244 519 473 399 350 64 390 424 502 544 445 677 461 452 502 519 386 458 113 118 694 228 251 149 316 651 118 262 454 373 225 316 625 667 496 172 453 641 531 288 503 68 362 318 410 171 458 122 192 250 203 265 505 443 235 366 368 80 325 322 565 223 497 217 669 385 468 398 198 214 262 726 480 527 184 320 453 251 523 135 230 346 411 407 266 116 339 293 455 220 459 430 379 582 256 325 36 436 280 101 159 145 243 490 35 360 453 393 273 298 240 233 415 374 253 236 576 171 561 614 111 415 620 306 610 290 306 298 323 216 566 479 526 480 113 170 509 319 360 534 145 308 380 344 435 533 497 320 348 157 383 672 254 143 245 346 419 573 335 337 292 512 401 424 530 191 459 339 463 254 507 131 478 523 707 229 611 628 300 167 667 304 442 503 133 476 516 616 232 168 70 599 541 481 643
319 343 546 943 230 819 861 418 635 663 671 564 632 543 512 459 634 280 563 384 789 38 940 256 540 411 0 648 725 201 732 187 649 556 860 296 195 350 511 142 911 695 502 1065 348 605 540 906 539 751 492 529 988 606 542 510 629 939 482 371 586 646 581 291 1023 914 907 283 322 965 332 501 214 479 657 467 274 240 491 465 223 296 598 657 839 33 550 585 567 491 615 570 902 605 766 508 978 48 128 31 582 568 470 1016 721 561 226 618 858 389 925 432 255 404 550 807 223 496 723 469 303 544 867 520 781 367 348 294 375 90 691 347 332 289 653 401 444 748 644 450 331 613 283 217 313 757 662 177 987 567 277 449 433 771 1024 628 942 138 718 667 210 381 870 314 792 208 297 523 683 520 104 779 540 409 171 244 645 920 510 221 751 293 141 1060 551 515 294 701 773 938 709 178 251 586 673 212 863 392 869 89 606 473 918 285 803 396 1004 334 841 890 380 420 1047 693 342 248 543 778 838 882 607 579 347 462 346 579 451
618 583 286 340 521 476 578 234 443 670 24 535 537 261 483 188 69 378 319 486 600 612 370 695 403 292 648 0 343 537 294 561 282 456 481 497 634 325 656 698 415 376 400 645 754 697 445 517 290 611 325 236 407 73 470 357 491 367 344 323 340 153 391 425 569 403 390 364 746 348 627 540 659 250 120 587 701 428 426 188 431 543 311 340 602 681 441 216 237 254 517 172 272 348 240 449 379 636 659 645 101 388 226 440 251 801 440 507 260 535 466 402 400 631 668 392 553 175 399 558 553 424 278 700 366 671 339 617 324 696 220 306 316 361 246 532 280 402 680 380 363 478 383 432 708 420 256 497 451 299 698 664 377 502 542 63 317 510 236 33 610 501 280 770 265 635 380 128 333 568 626 289 299 591 549 478 655 527 778 607 342 354 658 642 119 340 538 458 508 291 418 619 435 422 168 709 622 474 365 596 333 512 367 375 188 816 419 336 365 358 587 440 655 93 514 641 202 617 226 346 67 232 358 634 632 383 703
835 813 601 315 706 135 234 442 168 401 340 306 267 575 778 395 276 543 163 388 268 700 271 642 712 326 725 343 0 708 59 727 84 765 153 712 615 390 464 705 194 717 698 353 659 461 751 198 603 294 233 215 690 287 261 221 220 664 245 550 664 496 172 628 299 725 202 495 664 605 847 351 829 263 464 417 639 490 718 351 516 484 127 71 260 756 232 544 560 248 257 495 526 127 576 270 651 692 793 708 277 182 497 724 594 605 503 244 262 419 200 306 552 497 455 82 536 304 63 388 769 225 251 507 56 897 553 546 356 732 124 420 471 471 105 787 290 58 422 659 575 218 557 559 626 76 93 547 280 158 886 918 296 163 298 403 568 614 116 317 586 399 579 697 599 806 434 335 674 366 656 628 185 455 706 664 392 211 603 578 30 480 665 348 417 212 482 140 168 477 91 611 611 741 511 680 279 373 166 644 662 345 237 457 487 708 699 532 701 678 469 333 346 264 749 827 221 291 517 665 294 168 380 897 856 704 951
151 157 369 864 29 824 887 305 664 757 561 633 691 371 310 356 543 169 558 455 837 168 876 429 343 384 201 537 708 0 698 24 624 355 857 95 353 320 627 335 873 504 306 1061 522 718 340 903 361 811 492 493 826 515 592 521 674 776 489 218 398 494 600 116 1005 739 862 212 499 816 165 581 124 444 513 568 446 247 292 382 213 399 588 649 878 222 589 421 400 459 670 419 763 606 603 555 821 232 133 223 498 587 323 850 552 711 240 670 779 480 901 464 155 530 663 788 335 425 723 559 109 578 792 648 760 213 199 431 358 290 641 287 242 238 616 201 419 744 745 258 175 656 158 154 479 758 627 235 938 555 177 275 455 794 996 500 799 138 668 563 355 459 716 498 627 100 290 429 498 607 271 608 529 519 30 60 738 917 662 363 728 227 319 1056 423 520 395 724 797 814 717 332 103 388 519 396 902 458 826 235 419 546 861 259 663 578 841 201 663 720 493 470 1051 603 142 119 494 834 694 713 513 543 345 278 178 385 290
818 794 562 266 694 182 286 418 220 457 288 355 322 536 745 368 229 530 181 415 327 705 230 669 675 323 732 294 59 698 0 718 84 729 188 694 636 388 510 724 179 670 664 372 693 513 715 228 564 353 247 206 631 244 304 244 274 606 262 527 623 448 210 611 309 668 176 486 696 545 830 394 821 257 414 459 668 493 685 328 516 508 145 109 316 764 273 501 518 243 310 452 466 160 522 308 592 702 791 717 239 219 465 665 543 654 506 297 206 451 203 329 542 534 504 101 555 280 123 429 752 264 197 554 73 879 532 574 357 746 75 411 457 465 81 763 288 115 477 628 555 270 543 553 658 132 70 555 257 170 875 895 315 221 298 355 508 614 59 265 607 428 521 728 543 797 436 302 627 412 669 574 196 492 698 650 447 239 649 600 48 472 682 368 378 232 506 199 227 418 151 630 598 702 461 704 334 401 138 654 620 384 199 455 429 745 639 514 646 620 503 360 373 210 728 816 203 351 458 608 250 155 384 872 838 664 929
147 160 392 887 50 841 903 328 678 765 585 643 703 395 327 379 567 190 575 464 850 157 898 423 363 401 187 561 727 24 718 0 643 373 875 113 349 338 632 324 894 526 327 1079 517 723 358 921 385 823 508 513 850 538 604 537 687 800 505 243 420 519 615 141 1025 762 883 231 493 841 161 590 103 463 538 574 441 259 312 404 225 404 605 667 892 205 602 445 424 478 682 443 787 623 628 567 846 221 109 211 520 602 348 874 576 711 251 682 803 487 921 477 176 532 668 807 337 446 740 567 116 592 815 651 779 207 223 431 375 277 662 307 263 256 636 213 437 762 752 280 200 669 181 169 475 775 647 240 960 572 160 275 469 809 1016 525 823 143 689 587 353 467 741 491 651 79 305 452 520 615 264 632 547 524 25 85 746 935 662 361 748 246 311 1074 448 536 399 739 813 839 734 328 126 408 544 389 917 467 847 229 442 556 883 275 687 572 865 225 686 744 497 481 1069 626 155 103 515 847 719 737 537 563 360 281 175 406 287
750 728 524 341 622 214 305 358 170 409 283 291 272 498 696 312 213 458 98 333 317 623 312 586 633 244 649 282 84 624 84 643 0 686 237 627 551 309 441 639 261 648 617 437 612 455 671 282 525 330 162 131 657 218 234 161 223 627 178 466 589 430 140 543 381 678 261 412 614 578 763 322 746 180 400 385 585 412 637 267 436 424 63 57 322 681 203 471 485 165 256 421 497 87 522 232 621 618 712 633 203 145 416 691 533 587 425 244 271 370 278 245 469 456 440 163 470 220 122 354 685 191 267 486 135 813 469 491 276 662 87 337 387 388 37 703 208 133 425 577 490 214 472 476 576 149 32 472 341 86 802 834 230 222 376 337 542 534 99 260 522 345 539 646 546 723 355 255 606 343 585 571 111 413 623 579 397 295 578 515 104 397 598 432 342 148 422 175 228 464 136 545 527 664 448 620 344 318 223 570 588 308 283 376 444 666 667 448 647 632 423 277 431 216 664 744 137 335 478 619 225 83 302 813 772 627 867
305 261 170 784 326 900 991 345 800 971 474 829 866 195 55 380 506 350 667 687 979 521 823 755 53 519 556 456 765 355 729 373 686 0 916 260 677 484 882 681 871 185 73 1096 845 959 17 957 166 972 626 573 559 486 771 664 832 512 635 265 125 323 734 279 1023 443 846 400 825 585 304 799 414 543 359 812 770 493 68 427 464 674 681 734 1001 578 754 242 219 558 843 283 561 714 366 736 571 580 475 575 489 724 270 574 306 997 496 838 711 728 918 649 367 805 911 830 631 470 807 793 273 738 731 914 802 322 279 729 519 643 655 430 376 429 659 181 542 819 968 130 275 814 333 407 798 836 672 526 907 654 409 265 628 902 998 394 582 455 677 490 670 697 484 832 378 398 497 430 203 829 610 343 637 781 385 314 952 968 955 675 773 408 658 1092 351 654 668 841 907 643 815 655 326 50 331 734 1024 682 820 571 142 762 823 464 475 906 574 309 366 442 761 674 1101 549 222 375 553 988 491 439 480 607 531 227 298 81 307
987 966 750 341 856 49 128 596 241 413 472 368 307 724 930 548 418 694 301 498 220 838 274 747 862 473 860 481 153 857 188 875 237 916 0 864 731 537 523 825 153 857 850 205 748 492 902 46 752 268 371 367 784 432 347 350 274 766 379 703 811 635 281 780 170 838 185 644 757 692 1000 429 977 414 600 495 741 631 871 505 659 597 269 207 177 890 326 689 707 398 308 641 618 256 701 370 742 824 936 840 426 294 650 817 727 649 643 297 324 520 108 430 702 582 504 88 658 457 137 469 922 326 306 562 115 1049 706 650 501 858 263 570 623 619 257 941 438 113 441 812 728 283 708 706 722 102 245 683 232 302 1035 1071 426 130 189 543 655 757 244 450 702 507 685 792 721 954 576 487 814 434 783 754 328 543 853 815 412 60 659 694 142 630 786 200 566 345 597 177 133 551 153 731 762 890 647 791 185 485 170 775 808 435 239 602 598 789 790 685 823 790 563 449 194 393 902 977 375 251 624 778 439 321 521 1051 1009 852 1104
124 102 291 834 65 835 908 280 690 809 521 678 730 297 215 332 515 175 573 508 868 262 853 514 251 399 296 497 712 95 694 113 627 260 864 0 437 341 691 427 864 415 215 1064 607 778 245 910 283 847 512 497 751 488 630 546 707 701 513 175 311 431 624 83 1003 657 848 231 585 749 136 632 176 451 455 627 531 296 199 367 261 466 599 660 904 317 623 351 328 467 708 358 701 622 531 593 750 325 218 317 475 611 272 774 477 785 292 706 751 539 897 500 175 599 725 790 408 414 735 615 58 610 765 715 760 185 164 506 381 384 631 297 242 262 613 114 432 754 799 172 140 689 158 196 563 769 625 303 922 567 203 217 487 814 990 452 734 214 657 527 436 514 647 587 553 155 326 405 412 659 360 530 543 583 125 69 790 923 738 443 729 245 408 1059 379 542 461 746 818 761 733 415 112 295 454 486 928 508 815 323 333 596 842 291 602 665 766 180 580 641 559 513 1058 573 53 148 492 869 631 635 485 544 376 209 144 294 244
495 510 620 878 378 686 710 438 493 478 655 397 468 609 643 461 600 339 455 233 625 204 861 78 648 350 195 634 615 353 636 349 551 677 731 437 0 309 320 95 809 782 612 932 170 414 660 776 615 582 389 454 1018 576 390 393 475 972 373 439 674 677 451 397 900 967 812 307 148 977 509 331 404 411 678 285 93 216 609 447 229 134 491 543 681 208 406 637 627 417 454 608 905 487 805 362 1000 146 321 164 547 438 515 1049 771 368 206 460 797 220 811 308 317 212 359 694 83 461 598 293 463 405 801 325 671 550 417 102 314 141 613 336 354 292 565 551 374 624 457 554 412 461 352 273 126 630 572 157 892 465 469 625 320 626 909 633 949 224 637 645 29 225 893 155 833 393 254 506 760 344 91 829 440 225 326 371 461 789 316 37 644 308 61 926 565 404 134 560 627 921 578 22 350 696 706 74 704 246 774 120 692 309 834 267 812 229 1033 393 900 935 196 283 908 654 490 432 478 611 850 925 579 498 279 631 523 680 633
458 443 368 593 322 503 568 156 348 488 346 348 393 349 472 160 295 166 237 208 527 320 589 371 439 64 350 325 390 320 388 338 309 484 537 341 309 0 404 375 566 529 410 742 437 475 466 583 365 508 172 181 715 269 294 204 366 670 172 220 433 382 282 260 690 676 560 110 427 669 471 315 439 131 376 332 379 111 419 139 128 229 267 329 562 383 283 360 357 144 370 321 596 286 509 257 694 327 403 339 241 270 244 746 484 532 125 368 509 254 587 166 169 343 429 472 228 154 402 310 396 269 517 440 444 521 210 302 39 381 341 53 110 82 306 437 100 424 484 355 223 348 183 168 390 437 317 180 639 235 498 558 149 475 685 327 640 226 368 336 285 220 588 449 537 416 56 196 499 345 307 540 208 310 316 283 469 597 497 283 413 96 334 737 264 201 224 405 479 613 397 294 231 483 410 383 587 201 523 282 444 278 568 67 505 501 729 181 616 640 296 190 731 351 387 440 192 528 542 629 271 232 48 545 482 454 586
779 782 772 776 645 474 457 558 297 165 669 159 216 752 864 550 597 537 355 196 352 511 735 288 840 390 511 656 464 627 510 632 441 882 523 691 320 404 0 406 645 932 809 698 247 94 865 559 769 300 331 421 1063 583 206 303 252 1024 312 618 837 762 301 625 690 1051 662 483 265 996 793 119 707 409 746 72 274 397 816 512 430 228 381 401 415 527 238 757 757 403 216 713 916 354 882 213 1033 462 631 481 554 295 647 1096 870 147 399 228 712 154 625 259 526 107 39 522 297 494 418 99 732 250 707 44 510 839 603 217 376 460 527 456 507 453 473 803 386 443 140 752 610 248 555 495 241 440 473 392 734 375 773 902 284 396 713 686 962 489 541 650 300 185 937 299 910 692 384 553 899 98 407 922 364 107 606 622 151 571 139 290 494 474 381 692 643 319 232 350 394 898 389 333 582 886 788 343 433 202 628 425 848 143 701 418 843 273 1075 573 1000 1010 134 223 664 630 744 728 455 329 881 998 589 438 355 899 806 858 918
461 483 648 959 363 780 805 486 588 568 720 492 563 640 641 516 670 366 544 327 720 167 945 125 659 424 142 698 705 335 724 324 639 681 825 427 95 375 406 0 898 805 622 1026 210 499 664 869 642 676 476 534 1068 644 485 484 570 1020 462 466 695 724 544 405 994 1007 900 348 184 1034 474 425 356 489 729 377 142 270 614 510 272 228 580 634 776 141 501 675 661 497 549 651 965 579 850 457 1053 103 268 113 617 531 554 1098 811 433 257 555 877 315 903 399 342 299 446 785 169 530 690 387 441 499 882 406 762 510 443 193 388 59 696 393 398 341 651 537 452 717 545 566 432 556 376 298 181 724 658 201 981 553 417 591 409 721 1001 690 1008 230 721 711 123 320 945 172 877 350 319 569 787 438 76 870 527 317 305 367 551 883 381 132 734 353 41 1021 617 493 228 655 722 988 672 94 360 707 753 73 799 339 862 113 715 404 920 323 869 255 1083 422 937 978 288 376 1003 726 477 390 556 705 906 969 647 581 354 603 488 695 594
988 961 700 192 868 193 280 584 348 555 401 486 435 675 893 532 366 705 354 582 372 884 123 836 817 502 911 415 194 873 179 894 261 871 153 864 809 566 645 898 0 784 811 233 852 627 859 155 704 417 423 385 657 388 450 415 394 644 436 692 756 564 365 782 154 726 35 663 857 562 1000 539 997 435 527 606 834 672 835 496 695 678 317 266 331 942 423 632 653 422 430 587 493 322 607 463 613 880 969 895 393 376 619 688 642 781 685 418 197 613 62 500 718 688 631 123 729 450 228 577 922 417 176 687 139 1048 700 740 536 923 233 587 631 642 260 924 467 202 580 782 724 397 717 731 820 205 249 733 88 346 1050 1057 489 273 127 479 526 793 206 382 780 593 570 891 622 973 615 462 741 550 846 659 372 647 875 824 550 156 784 772 164 649 857 231 521 405 676 298 277 416 256 804 772 838 570 875 337 568 50 832 748 537 89 634 492 899 661 684 722 678 662 527 253 322 894 991 379 402 511 666 393 334 563 1032 1007 799 1094
484 439 163 664 476 851 951 373 790 992 386 849 872 180 240 385 441 443 656 737 961 657 715 858 167 544 695 376 717 504 670 526 648 185 857 415 782 529 932 805 784 0 201 1017 942 997 191 893 168 964 632 560 376 430 786 671 830 330 646 342 109 222 728 404 939 257 755 478 925 411 485 832 584 545 258 860 871 575 222 428 554 749 660 702 970 721 763 181 175 557 850 230 400 696 206 755 391 710 634 709 445 722 285 390 151 1062 581 842 603 784 838 679 465 871 955 769 721 460 769 836 443 746 625 970 742 506 364 814 556 775 595 479 438 500 615 360 556 775 995 246 372 814 431 510 893 793 626 624 805 639 587 450 655 870 906 314 413 574 612 407 769 750 314 937 209 566 561 406 43 863 730 169 629 840 532 451 974 903 1025 771 718 481 775 1014 310 658 743 818 876 490 783 761 446 135 214 847 992 729 735 691 90 798 722 533 328 1005 390 389 181 258 825 711 1029 467 390 548 532 975 335 257 423 580 578 412 480 121 492
287 242 119 735 277 832 921 272 728 897 420 755 792 141 82 309 445 279 595 614 907 466 770 690 37 445 502 400 698 306 664 327 617 73 850 215 612 410 809 622 811 201 0 1033 778 885 56 891 113 899 552 502 556 424 697 591 758 507 561 191 104 281 661 216 962 451 788 328 759 570 289 725 383 471 315 739 704 422 27 356 395 603 610 664 930 526 680 195 170 486 770 229 536 642 347 662 562 523 433 519 424 651 200 575 288 926 425 765 660 655 856 575 298 733 837 765 562 400 738 719 242 665 678 842 736 318 206 660 445 586 591 356 302 357 592 166 468 750 894 58 204 741 264 339 731 767 604 458 852 582 389 280 554 832 939 340 562 393 614 434 603 624 467 767 364 364 424 363 203 755 549 334 565 708 335 258 878 903 884 607 707 335 596 1029 290 581 597 770 837 612 745 590 263 85 294 672 953 609 760 510 127 689 768 391 444 840 571 236 373 441 689 600 1037 491 188 347 483 915 465 437 418 537 457 246 287 80 322
1187 1165 926 401 1059 247 241 790 438 562 632 553 485 901 1115 741 590 896 507 699 352 1044 331 942 1042 677 1065 645 353 1061 372 1079 437 1096 205 1064 932 742 698 1026 233 1017 1033 0 935 649 1083 159 930 408 577 568 878 609 543 556 462 870 585 899 984 795 485 980 82 955 265 848 946 781 1200 617 1181 616 759 681 935 837 1056 700 865 798 474 413 290 1095 525 860 880 601 491 814 718 461 840 569 833 1028 1142 1045 609 498 836 907 875 808 849 482 427 716 178 634 905 769 672 274 861 652 343 658 1122 527 406 732 303 1249 904 847 706 1061 443 773 824 823 451 1135 642 319 592 1000 926 474 910 910 913 308 439 889 244 507 1239 1267 632 308 128 709 747 963 419 612 903 707 799 981 855 1158 782 675 973 617 987 893 533 734 1058 1017 566 145 826 894 334 833 988 5 744 551 797 372 308 633 356 932 964 1066 803 989 279 686 282 980 978 629 309 807 724 970 881 884 955 908 756 651 46 552 1099 1180 572 382 742 896 615 520 727 1245 1209 1027 1302
