17
0 633 656 978 700 715 297 591 832 580 492 457 852 874 207 877 607
633 0 593 346 376 109 628 422 546 353 309 397 219 242 670 347 100
656 593 0 777 935 698 392 171 1111 863 773 822 707 710 504 938 494
978 346 777 0 567 291 936 626 684 611 611 701 128 104 995 360 381
700 376 935 567 0 319 840 768 175 120 211 250 465 491 832 253 469
715 109 698 291 319 0 734 527 476 332 320 410 166 194 770 240 205
297 628 392 936 840 734 0 388 1001 733 633 639 825 840 112 948 559
591 422 171 626 768 527 388 0 944 702 616 673 545 550 488 767 322
832 546 1111 684 175 476 1001 944 0 267 367 375 601 624 983 328 641
580 353 863 611 120 332 733 702 267 0 99 131 495 522 719 346 431
492 309 773 611 211 320 633 616 367 99 0 90 486 513 621 400 369
457 397 822 701 250 410 639 673 375 131 90 0 577 604 611 472 451
852 219 707 128 465 166 825 545 601 495 486 577 0 27 878 299 265
874 242 710 104 491 194 840 550 624 522 513 604 27 0 896 318 282
207 670 504 995 832 770 112 488 983 719 621 611 878 896 0 969 614
877 347 938 360 253 240 948 767 328 346 400 472 299 318 969 0 445
607 100 494 381 469 205 559 322 641 431 369 451 265 282 614 445 0
