165
0 822 716 740 208 682 1084 432 999 536 539 329 664 1037 839 921 889 211 740 820 547 654 949 494 932 251 146 533 529 488 735 115 461 584 441 328 744 460 1021 122 334 561 908 147 106 818 666 603 832 656 1058 830 933 855 655 275 929 679 716 940 563 723 918 759 908 501 896 564 92 329 793 303 81 277 952 829 878 726 255 939 103 699 360 233 518 299 942 159 495 1079 786 555 685 966 314 844 848 534 839 994 906 204 500 1105 957 361 281 960 606 907 837 698 404 729 1070 646 196 793 884 543 540 928 154 664 425 577 123 815 683 253 410 205 634 383 653 743 705 358 987 637 204 435 568 350 717 1123 242 243 559 820 852 608 382 312 644 931 739 744 192 110 847 803 482 738 775
822 0 472 1070 771 160 840 424 713 310 311 517 754 877 765 187 666 849 596 880 281 1097 491 1047 813 802 715 360 1020 363 449 736 394 524 1031 495 165 793 837 709 572 785 481 707 787 833 1150 742 693 996 686 421 874 43 1012 830 316 1074 220 282 545 461 127 91 354 814 754 932 730 720 98 637 754 555 317 834 293 1148 652 188 778 538 629 600 334 818 818 781 759 681 347 267 878 849 724 473 153 1088 244 181 588 621 677 864 142 620 585 847 229 548 217 574 640 693 815 562 701 639 166 280 290 461 875 385 429 498 707 100 1145 769 606 676 222 756 171 581 1131 727 510 1121 664 999 1082 728 922 758 641 636 275 167 239 216 822 567 423 567 371 131 805 726 582 459 981 312 50
716 472 0 631 554 350 434 336 318 319 310 413 301 437 295 400 228 620 124 408 458 691 239 698 355 841 570 586 648 318 31 600 323 140 703 506 307 429 403 597 668 374 197 568 628 360 750 311 228 571 352 135 408 515 590 565 304 654 254 342 167 14 458 503 256 430 296 532 645 442 376 418 687 569 331 361 268 727 463 423 625 70 369 593 309 540 361 592 379 369 150 413 430 393 454 131 357 730 273 624 200 538 302 459 514 365 438 390 475 192 293 106 340 223 413 117 713 171 378 439 468 225 678 102 557 140 653 555 738 815 320 511 309 438 440 109 714 429 277 727 673 667 706 435 470 423 674 472 341 326 287 383 499 407 88 217 105 532 811 607 153 91 624 162 467
740 1070 631 0 545 917 654 719 661 801 795 693 329 559 437 1030 582 529 527 300 928 139 803 300 489 983 649 1017 233 759 662 667 736 545 353 812 909 325 575 697 951 287 768 658 640 348 190 328 502 88 759 750 431 1114 85 465 930 83 854 971 525 644 1082 1070 877 287 506 181 744 465 982 556 781 832 956 358 898 118 588 1052 648 561 519 819 776 445 496 589 331 791 781 897 201 496 475 716 980 288 903 1239 671 721 403 661 1138 526 643 490 976 708 922 526 480 424 658 518 885 523 1005 911 933 806 595 691 929 571 784 1132 163 976 509 618 859 400 974 544 118 438 829 191 864 336 235 444 166 780 892 619 839 947 917 905 369 632 652 716 733 1086 927 690 621 696 270 784 1048
208 771 554 545 0 614 888 347 812 461 461 257 459 835 638 830 701 78 556 612 526 477 793 341 731 439 108 562 356 408 578 121 377 414 301 333 657 251 822 155 429 353 751 118 102 611 502 397 638 458 879 680 727 810 459 87 808 492 617 827 390 563 844 728 777 292 699 365 199 126 719 144 236 323 833 623 758 548 118 850 106 524 185 295 438 100 741 49 287 903 652 517 477 764 111 685 759 386 729 951 730 203 301 908 891 190 186 758 586 738 732 516 217 532 876 467 342 605 794 516 524 777 124 525 456 414 240 789 513 431 234 104 556 174 617 562 527 152 831 470 324 281 407 144 509 940 356 136 495 728 743 556 177 204 496 761 599 724 384 145 670 645 307 613 730
682 160 350 917 614 0 758 267 632 153 153 365 609 779 644 246 566 693 471 747 178 939 439 886 703 697 566 298 859 206 332 589 237 375 870 364 84 633 742 564 473 631 417 558 638 703 991 591 578 841 626 339 758 203 857 671 310 918 107 297 393 341 235 156 323 655 644 775 591 560 111 479 620 430 323 705 266 992 496 261 629 409 468 472 176 658 710 628 601 629 260 144 730 741 564 388 175 928 211 341 503 478 520 783 277 460 431 739 157 470 194 442 479 560 735 422 584 521 210 168 191 409 723 251 330 348 574 215 987 664 445 523 61 595 101 458 974 567 468 962 544 838 922 567 775 702 526 482 123 156 218 84 661 410 284 493 262 182 690 581 482 362 821 207 131
1084 840 434 654 888 758 0 764 126 753 745 825 443 101 257 694 209 932 354 358 889 778 358 876 173 1250 941 1019 806 752 438 970 754 520 908 931 693 670 80 978 1096 566 359 943 983 321 837 503 251 652 181 422 223 874 671 862 548 722 651 594 533 437 772 896 496 643 190 677 1031 762 744 783 1075 990 562 309 553 773 832 711 983 411 724 1008 743 834 164 936 618 204 500 844 504 158 777 371 691 890 596 943 255 938 587 24 821 724 832 164 900 291 623 398 679 356 24 449 1123 295 693 871 901 385 1003 534 991 539 1049 936 813 1227 676 883 731 725 857 356 772 738 353 829 1085 875 845 745 510 149 1092 851 774 672 603 808 761 802 522 272 498 932 1212 983 282 396 809 551 851
432 424 336 719 347 267 764 0 654 114 114 103 462 750 570 492 555 426 414 626 210 714 543 636 653 510 303 303 619 60 344 329 30 253 614 169 316 405 721 310 332 436 505 297 375 596 759 421 528 635 687 421 685 463 647 407 498 703 283 507 252 338 499 387 481 436 601 555 346 304 373 215 382 234 520 603 447 774 229 511 367 353 217 262 91 397 662 361 388 702 365 184 559 692 305 448 420 679 407 605 536 230 320 788 544 208 165 688 262 524 404 371 243 461 744 325 384 474 456 194 213 518 456 255 237 230 341 450 759 482 211 257 210 350 278 409 755 317 580 729 342 584 680 315 604 760 340 215 148 390 420 213 412 143 250 549 324 390 486 325 489 408 576 311 384
999 713 318 661 812 632 126 654 0 634 626 722 396 182 226 571 111 864 259 362 768 771 236 846 181 1150 854 898 780 637 318 884 641 421 871 823 566 614 140 888 986 518 234 855 902 313 833 449 183 641 98 295 253 748 662 797 425 719 525 472 438 319 648 769 372 594 155 649 939 688 617 696 983 884 441 303 427 778 744 588 901 307 639 905 626 769 177 857 561 130 374 722 485 194 702 244 565 865 470 820 129 840 515 151 698 638 736 196 776 165 497 301 597 294 102 354 1023 207 568 750 779 261 932 414 875 435 954 810 812 1126 589 795 607 659 732 256 773 666 237 820 983 836 826 673 502 130 988 760 653 546 477 684 703 705 407 146 373 805 1116 895 165 271 775 425 724
536 310 319 801 461 153 753 114 634 0 8 212 516 754 591 385 547 540 422 670 143 809 486 743 665 580 414 267 721 53 315 438 84 285 723 234 208 499 721 416 373 513 453 407 487 633 857 486 537 720 651 368 708 350 734 520 409 792 184 411 294 315 386 279 402 526 608 646 446 412 260 327 478 303 429 638 359 865 343 403 478 357 322 341 25 508 673 475 474 661 298 102 626 704 415 405 312 785 312 491 508 331 398 778 430 314 278 701 178 487 305 384 340 491 731 348 459 480 348 124 152 458 570 219 245 257 434 342 855 549 306 370 98 453 175 413 847 422 521 828 418 692 783 421 671 727 407 329 38 284 324 105 517 257 232 512 271 288 565 432 471 369 680 240 272
539 311 310 795 461 153 745 114 626 8 0 214 508 746 583 382 538 540 414 662 151 804 478 739 657 586 416 276 717 53 307 440 84 277 720 239 205 495 713 418 380 507 446 409 488 625 853 479 528 714 643 360 700 352 728 518 404 787 180 406 286 307 385 283 396 521 600 641 449 409 259 326 482 308 424 630 353 860 342 400 479 349 319 345 23 506 664 475 469 653 291 109 620 696 412 397 309 782 307 493 500 334 392 769 430 310 279 692 185 479 301 376 335 483 723 340 464 471 345 132 161 451 570 211 252 249 438 346 851 555 302 370 96 450 180 405 842 419 514 823 423 690 779 418 665 719 412 329 44 281 319 110 514 257 224 504 263 293 570 434 462 361 676 233 274
329 517 413 693 257 365 825 103 722 212 214 0 476 800 611 595 618 335 471 644 271 668 633 570 699 428 201 329 563 161 426 226 132 304 541 124 418 369 775 207 284 423 594 195 274 622 708 426 580 605 765 512 722 554 615 327 600 665 386 610 294 417 599 471 581 406 651 519 245 242 473 145 283 168 622 631 549 733 141 614 265 416 174 183 192 321 709 264 365 782 461 260 555 737 239 533 522 614 509 696 612 130 314 849 642 166 70 733 330 605 507 427 216 498 807 376 300 530 558 260 271 610 358 344 236 287 244 532 712 403 193 159 310 300 360 469 713 263 671 676 260 514 622 259 598 836 266 120 242 493 523 301 354 63 331 630 417 467 397 222 560 492 517 410 474
664 754 301 329 459 609 443 462 396 516 508 476 0 379 186 702 294 493 201 168 655 402 485 451 276 864 530 764 387 485 332 558 469 235 474 599 590 226 370 574 760 123 448 535 559 154 463 62 214 275 484 422 268 798 295 422 601 359 534 641 222 315 756 766 549 199 255 258 627 335 663 383 671 641 627 164 568 429 430 724 561 231 325 645 494 393 286 508 176 514 451 617 128 306 350 391 654 473 574 917 365 556 170 460 813 329 454 300 693 395 594 197 276 108 436 193 744 211 678 637 663 485 566 369 696 263 655 824 447 847 288 478 554 287 680 217 418 307 515 444 711 439 438 315 169 527 728 456 551 622 588 612 318 430 331 409 405 786 818 575 308 368 378 457 738
1037 877 437 559 835 779 101 750 182 754 746 800 379 0 197 746 213 873 336 269 895 686 416 793 104 1218 897 1022 722 746 448 926 744 498 829 913 722 604 41 937 1079 498 408 900 933 240 744 440 221 562 264 456 129 914 581 801 603 630 675 650 506 443 822 925 548 573 149 595 990 710 779 741 1034 968 620 227 600 677 791 764 934 399 682 982 741 772 94 884 556 292 530 850 420 73 724 403 734 804 638 994 291 904 536 102 874 683 798 79 912 334 665 378 635 309 113 425 1092 276 740 876 905 439 945 540 983 520 1012 970 720 1196 636 840 745 666 875 342 677 683 419 737 1055 797 758 691 421 247 1066 812 779 712 647 820 696 770 521 321 517 958 1176 941 297 420 729 574 883
839 765 295 437 638 644 257 570 226 591 583 611 186 197 0 669 147 677 173 145 735 544 382 624 93 1023 699 857 556 575 316 728 568 316 653 728 602 412 185 740 893 308 355 702 736 91 606 246 77 414 322 366 116 807 435 607 542 493 549 588 320 305 736 798 485 385 73 426 793 512 668 544 837 779 565 84 523 553 594 690 736 237 486 790 575 578 103 686 362 354 424 692 258 128 527 319 639 641 546 907 243 710 338 274 792 487 604 122 760 285 571 207 438 113 251 246 899 126 654 716 744 393 749 393 807 341 816 850 585 1002 440 643 600 470 732 186 547 486 402 593 862 619 600 494 275 352 875 616 621 611 558 671 504 576 365 288 394 827 980 743 207 316 555 453 762
921 187 400 1030 830 246 694 492 571 385 382 595 702 746 669 0 547 907 516 800 420 1081 336 1061 698 943 796 524 1022 433 370 821 462 498 1054 610 177 793 705 801 718 761 338 790 868 748 1138 705 592 966 527 303 767 204 985 874 147 1049 213 103 523 386 79 275 198 805 641 917 831 753 140 687 862 676 139 746 147 1122 714 22 860 471 662 718 403 856 701 851 751 517 251 390 830 730 761 352 72 1099 127 248 456 716 667 717 127 655 656 730 382 412 109 506 659 620 670 511 831 544 37 412 431 309 946 346 573 477 817 284 1129 910 628 748 288 775 318 499 1108 753 347 1112 791 1020 1083 756 870 595 773 705 364 102 113 330 841 631 385 426 297 317 937 816 467 353 990 248 227
889 666 228 582 701 566 209 555 111 547 538 618 294 213 147 547 0 753 149 293 685 682 238 745 151 1045 744 814 681 544 236 774 545 314 767 722 509 506 176 778 887 412 216 745 791 239 744 343 81 552 191 247 222 704 573 686 410 633 462 457 329 232 619 712 354 487 96 550 830 577 568 585 874 782 431 232 399 696 634 566 790 202 528 801 536 658 154 746 452 220 318 640 394 184 591 195 527 767 432 792 98 733 404 233 673 527 628 183 700 142 458 193 486 187 189 245 917 96 537 667 696 253 821 329 782 331 846 758 725 1020 478 685 532 548 661 149 689 555 256 729 878 732 729 562 417 240 884 651 569 503 441 608 594 597 314 141 303 745 1008 785 84 207 672 361 670
211 849 620 529 78 693 932 426 864 540 540 335 493 873 677 907 753 0 611 635 603 444 859 290 769 459 164 633 319 487 645 165 456 479 243 404 736 271 862 203 484 378 817 175 120 641 460 432 685 446 935 749 759 888 444 72 882 467 694 902 453 630 922 806 849 308 742 356 235 179 798 220 263 386 907 653 833 516 197 928 130 584 255 354 517 101 779 83 317 960 724 595 491 800 166 751 837 333 804 1030 789 269 348 951 970 260 264 794 663 799 809 574 279 576 922 526 379 656 872 593 601 844 73 597 525 481 280 867 475 457 301 179 635 207 695 618 494 197 897 429 369 230 362 191 518 993 404 214 574 805 819 635 183 282 567 822 671 801 402 189 727 711 271 687 808
740 596 124 527 556 471 354 414 259 422 414 471 201 336 173 516 149 611 0 286 565 603 285 636 243 896 594 689 578 411 149 624 407 166 650 579 432 379 307 629 744 300 247 595 643 236 664 230 115 477 324 223 288 639 497 547 404 561 378 446 180 135 578 626 350 369 187 453 680 433 500 436 724 637 429 237 376 631 485 538 641 65 379 654 408 520 251 600 325 349 265 521 326 282 447 190 477 663 390 746 181 584 265 377 634 378 478 278 588 201 412 43 339 104 337 95 769 59 496 546 575 284 677 220 647 185 696 679 649 872 329 535 427 410 559 16 619 413 317 644 730 615 633 420 361 384 738 501 450 448 403 498 462 448 193 219 227 654 859 636 119 169 562 285 590
820 880 408 300 612 747 358 626 362 670 662 644 168 269 145 800 293 635 286 0 812 419 527 525 189 1029 691 926 453 644 435 717 630 385 563 767 715 364 278 736 928 259 498 696 714 54 479 224 220 293 460 500 140 923 312 562 680 364 660 724 378 421 864 903 623 327 208 328 790 492 785 548 833 810 703 60 657 418 595 822 717 341 492 813 650 534 197 662 324 492 550 772 154 200 506 457 764 535 675 1032 388 723 336 368 920 496 622 194 846 430 698 306 443 187 360 326 910 257 782 793 820 536 709 497 862 413 819 959 456 1012 456 641 697 437 826 302 415 463 548 470 878 532 488 471 152 479 896 622 704 734 687 760 452 598 463 433 513 928 981 736 348 448 462 571 871
547 281 458 928 526 178 889 210 768 143 151 271 655 895 735 420 685 603 565 812 0 924 599 839 808 525 453 130 826 171 451 470 192 427 812 218 262 615 861 439 298 643 571 444 524 776 968 622 679 845 777 488 852 310 857 599 487 913 269 476 435 453 393 212 495 646 750 766 454 507 279 413 475 275 502 781 442 984 413 432 514 500 425 319 162 593 815 527 598 784 412 45 762 847 507 531 351 883 388 447 640 352 526 914 422 416 342 843 60 614 372 527 453 634 867 492 420 622 384 18 12 570 616 356 153 399 428 269 969 492 421 424 169 558 109 555 965 523 632 937 383 785 887 521 807 853 360 390 116 334 395 96 618 332 373 639 396 200 524 457 607 498 782 353 231
654 1097 691 139 477 939 778 714 771 809 804 668 402 686 544 1081 682 444 603 419 924 0 887 176 607 904 585 998 124 762 723 598 735 583 232 780 944 309 697 632 902 319 850 595 563 460 62 379 600 130 867 819 556 1141 109 391 995 57 890 1032 559 705 1125 1086 945 283 616 165 674 427 1017 524 706 788 1022 472 958 72 545 1103 571 624 499 768 783 377 616 515 337 898 838 898 287 619 432 792 1025 155 955 1273 764 671 420 786 1180 508 609 613 976 796 971 592 471 508 779 573 818 610 1053 908 926 887 502 735 901 606 717 1149 48 901 503 566 878 368 984 618 50 405 916 52 802 224 102 409 269 895 833 576 847 991 970 914 317 605 695 808 787 1097 846 622 709 766 172 832 1070
949 491 239 803 793 439 358 543 236 486 478 633 485 416 382 336 238 859 285 527 599 887 0 919 385 1053 804 729 863 507 215 834 521 380 931 707 361 657 374 828 859 585 42 802 865 473 949 516 307 760 195 121 459 522 780 804 189 843 333 235 406 229 414 557 139 651 335 739 873 681 399 655 914 775 204 467 198 911 699 352 861 282 608 805 487 779 386 830 604 192 188 555 605 412 693 108 338 948 247 584 140 762 533 381 463 603 668 412 594 97 274 305 580 380 334 342 927 279 336 584 612 30 918 289 730 378 877 590 933 1024 559 746 430 674 540 271 901 668 38 929 885 895 918 673 636 268 881 705 493 324 251 507 732 637 304 99 219 596 1028 839 181 148 845 247 509
494 1047 698 300 341 886 876 636 846 743 739 570 451 793 624 1061 745 290 636 525 839 176 919 0 702 745 447 895 72 691 729 454 661 569 57 667 906 269 797 491 770 336 879 458 411 555 173 406 664 245 935 833 665 1089 231 254 997 219 856 1029 542 711 1094 1022 952 268 697 199 526 332 977 426 553 664 1024 567 954 244 433 1083 421 639 420 637 717 251 712 370 318 965 835 820 373 722 332 816 998 44 941 1228 812 544 398 889 1147 429 503 716 896 837 953 614 407 558 873 581 670 659 1029 826 840 913 339 718 791 586 570 1085 193 745 441 441 825 290 914 649 224 320 953 145 659 60 76 321 375 975 693 461 780 964 957 847 225 507 680 854 781 1026 686 478 752 783 74 816 1014
932 813 355 489 731 703 173 653 181 665 657 699 276 104 93 698 151 769 243 189 808 607 385 702 0 1114 792 932 633 653 371 821 648 399 735 814 653 502 95 833 979 397 367 795 829 148 668 337 128 480 278 398 74 852 500 698 562 553 603 609 406 363 771 854 505 473 59 503 886 605 715 637 930 867 582 136 551 608 686 718 829 308 578 880 651 669 10 779 453 310 466 763 330 39 620 347 677 716 582 943 247 801 431 187 825 579 695 35 829 292 608 283 530 204 171 327 989 185 688 789 818 403 841 457 889 423 908 903 645 1093 532 736 665 562 796 252 604 579 397 658 953 702 672 586 338 290 964 708 692 652 592 738 594 667 434 286 445 885 1072 836 233 354 635 504 814
251 802 841 983 439 697 1250 510 1150 580 586 428 864 1218 1023 943 1045 459 896 1029 525 904 1053 745 1114 0 341 453 779 548 852 319 531 730 692 347 774 684 1196 294 230 776 1016 334 343 1018 917 805 1001 897 1193 932 1127 825 898 518 989 926 763 987 716 845 918 722 982 726 1071 804 242 541 804 481 202 278 1008 1028 939 976 434 956 335 843 539 248 572 538 1124 393 709 1210 872 553 907 1151 528 958 872 785 891 950 1041 313 694 1273 945 537 419 1146 573 1032 880 852 589 909 1233 801 127 954 907 531 515 1028 406 765 373 715 209 764 934 33 582 387 665 603 634 895 954 571 1090 887 168 686 819 563 943 1264 173 408 588 851 901 613 616 448 757 1058 834 695 58 297 988 917 731 816 752
146 715 570 649 108 566 941 303 854 414 416 201 530 897 699 796 744 164 594 691 453 585 804 447 792 341 0 472 464 363 590 30 334 438 404 244 620 343 879 48 322 436 763 10 72 684 610 469 689 561 912 686 797 751 564 195 793 599 586 807 417 577 801 662 769 385 754 468 99 200 675 158 141 221 817 695 743 656 109 815 63 553 216 190 394 208 802 81 369 933 646 452 566 827 187 699 724 491 706 892 760 106 362 962 843 216 142 822 514 761 706 552 262 588 926 500 236 649 760 446 449 785 163 522 363 431 135 721 621 329 265 59 512 262 552 598 635 230 843 579 216 387 514 222 601 977 248 99 443 694 720 498 280 171 500 785 597 654 290 45 701 658 415 600 671
533 360 586 1017 562 298 1019 303 898 267 276 329 764 1022 857 524 814 633 689 926 130 998 729 895 932 453 472 0 892 282 580 481 295 544 861 229 382 695 989 445 225 738 701 461 536 893 1037 725 804 931 907 619 973 376 941 644 608 993 396 592 548 582 484 273 620 731 876 846 444 571 386 474 454 257 620 898 565 1062 461 533 525 624 500 300 281 643 940 551 686 914 542 175 863 972 568 662 462 939 510 498 770 365 622 1044 502 492 392 968 143 745 491 650 537 753 997 611 370 747 491 148 118 699 632 484 109 517 409 312 1041 419 508 458 298 629 206 681 1042 592 760 1006 341 837 950 589 907 983 309 433 245 450 516 222 683 393 500 770 527 243 465 462 736 628 845 484 310
529 1020 648 233 356 859 806 619 780 721 717 563 387 722 556 1022 681 319 578 453 826 124 863 72 633 779 464 892 0 671 679 475 642 525 121 669 873 228 727 510 784 278 824 474 438 484 146 347 600 173 871 782 593 1063 160 269 950 157 821 984 499 661 1059 1001 904 218 630 130 551 320 945 417 582 672 977 497 909 196 433 1044 448 587 402 650 695 258 642 392 271 901 789 804 302 651 324 761 961 86 900 1199 751 554 354 818 1113 410 500 645 881 779 913 559 381 495 804 530 695 598 991 812 828 859 378 676 792 544 594 1064 157 777 415 449 798 268 895 592 175 303 896 115 680 103 62 305 303 908 712 463 759 927 915 826 209 499 637 794 736 1008 721 500 693 731 49 775 989
488 363 318 759 408 206 752 60 637 53 53 161 485 746 575 433 544 487 411 644 171 762 507 691 653 548 363 282 671 0 321 388 31 261 671 201 257 452 715 367 353 473 472 356 435 610 809 450 526 677 663 386 692 403 690 466 447 747 227 453 265 318 438 330 435 481 598 601 400 360 312 274 434 269 468 615 396 820 289 452 427 347 271 304 30 455 662 422 430 675 323 137 590 693 362 418 361 734 353 545 515 284 356 777 483 262 225 689 216 498 348 370 291 470 732 329 424 470 397 153 177 481 517 226 238 234 391 393 808 518 258 317 149 403 223 404 801 371 543 779 383 640 733 370 635 737 375 276 89 332 365 155 466 204 230 524 288 336 529 382 472 380 629 267 325
735 449 31 662 578 332 438 344 318 315 307 426 332 448 316 370 236 645 149 435 451 723 215 729 371 852 590 580 679 321 0 619 328 167 734 513 285 460 412 615 673 405 174 588 650 386 782 343 246 603 343 105 427 490 622 592 272 686 233 310 195 18 429 483 224 462 311 564 662 468 352 440 703 578 299 385 236 759 483 392 646 101 392 604 308 568 377 615 410 357 119 405 461 408 480 109 328 762 243 597 194 553 332 463 486 388 455 406 464 179 264 136 366 251 416 149 725 190 349 433 462 198 702 96 557 163 668 534 770 825 344 531 296 466 426 133 745 457 253 759 684 698 738 462 500 416 684 491 335 298 256 372 528 424 94 205 78 514 823 625 156 68 655 137 445
115 736 600 667 121 589 970 329 884 438 440 226 558 926 728 821 774 165 624 717 470 598 834 454 821 319 30 481 475 388 619 0 359 468 408 256 645 365 908 38 319 461 793 32 55 711 620 496 718 579 942 716 825 771 581 206 821 614 612 834 448 607 824 681 798 407 783 486 77 225 698 188 117 226 844 722 770 669 139 840 44 583 245 190 418 222 831 83 394 963 675 471 590 856 211 729 749 497 733 912 790 118 391 991 866 246 170 850 530 791 732 582 291 617 956 530 220 678 785 463 465 814 150 551 372 461 118 739 632 309 295 89 536 285 571 628 648 255 872 588 205 394 523 247 625 1007 239 128 465 719 747 519 298 199 530 815 626 670 266 24 731 687 426 628 691
461 394 323 736 377 237 754 30 641 84 84 132 469 744 568 462 545 456 407 630 192 735 521 661 648 531 334 295 642 31 328 359 0 251 640 186 286 425 714 339 345 450 485 327 405 598 781 431 522 652 671 400 684 435 665 435 471 722 254 478 253 323 468 360 455 455 595 575 374 330 343 243 409 253 492 604 420 794 258 481 397 345 241 285 61 424 657 392 405 684 341 162 571 688 332 429 390 704 378 576 521 258 334 778 514 233 195 684 241 506 375 366 264 460 734 322 406 467 426 175 197 496 487 236 240 226 367 423 781 502 231 287 180 374 252 401 775 341 558 751 364 610 704 340 615 744 360 245 120 360 391 185 436 173 235 532 302 365 509 354 476 389 600 286 356
584 524 140 545 414 375 520 253 421 285 277 304 235 498 316 498 314 479 166 385 427 583 380 569 399 730 438 544 525 261 167 468 251 0 570 415 364 300 471 469 580 265 338 438 493 349 640 217 276 474 474 273 432 568 491 424 428 554 309 459 27 151 541 531 385 308 348 419 519 301 437 282 563 471 454 354 385 628 329 520 490 115 230 488 265 400 408 454 254 495 265 387 355 438 313 271 441 605 374 694 321 419 171 544 597 226 315 434 461 324 389 122 199 209 503 72 603 225 469 408 435 365 539 151 491 28 532 591 631 706 180 379 320 299 445 165 613 289 417 614 564 535 586 294 399 540 571 342 319 407 389 377 362 284 112 348 211 551 694 477 263 232 496 249 505
441 1031 703 353 301 870 908 614 871 723 720 541 474 829 653 1054 767 243 650 563 812 232 931 57 735 692 404 861 121 671 734 408 640 570 0 632 895 274 830 446 727 354 890 415 363 588 229 425 688 293 958 839 701 1073 281 217 998 274 846 1028 543 716 1084 1001 956 281 726 234 478 311 964 400 503 624 1025 601 954 301 401 1076 374 649 402 595 698 219 744 325 327 987 836 796 408 756 308 825 989 92 938 1212 830 505 401 922 1136 410 472 750 870 852 948 625 396 579 904 589 621 679 1022 800 812 923 286 715 756 584 523 1064 250 694 428 404 809 279 892 663 281 304 965 202 613 36 133 303 415 1001 647 428 760 956 953 826 212 480 678 870 781 1003 634 432 769 791 100 813 995
328 495 506 812 333 364 931 169 823 234 239 124 599 913 728 610 722 404 579 767 218 780 707 667 814 347 244 229 669 201 513 256 186 415 632 0 436 487 886 223 165 547 671 233 311 743 815 550 691 724 857 587 841 527 733 415 643 780 418 644 408 508 597 431 635 526 763 636 235 352 475 257 258 68 663 751 593 846 235 626 300 520 295 108 225 416 823 323 488 871 525 229 678 852 347 616 537 712 546 665 706 138 438 955 633 288 171 848 278 693 538 536 339 615 912 487 225 639 573 215 212 682 406 422 124 393 211 487 821 317 317 228 324 414 325 575 826 377 744 784 183 609 726 372 721 929 174 206 247 513 558 285 462 180 419 719 488 417 330 241 658 576 621 468 447
744 165 307 909 657 84 693 316 566 208 205 418 590 722 602 177 509 736 432 715 262 944 361 906 653 774 620 382 873 257 285 645 286 364 895 436 0 645 683 624 554 628 342 613 692 668 998 581 531 838 552 271 712 208 855 706 226 918 55 214 386 296 188 203 240 662 593 779 654 589 73 516 686 503 239 669 182 992 540 195 683 373 497 544 226 690 658 676 607 553 192 225 716 689 594 322 104 946 127 330 438 539 524 718 240 489 480 687 240 402 109 409 499 528 669 397 659 475 140 251 274 331 771 221 411 339 641 249 992 742 466 572 111 617 181 417 975 592 388 971 618 862 935 593 759 627 602 530 188 77 133 166 683 456 259 423 208 238 765 639 424 302 838 149 161
460 793 429 325 251 633 670 405 614 499 495 369 226 604 412 793 506 271 379 364 615 309 657 269 502 684 343 695 228 452 460 365 425 300 274 487 645 0 597 390 628 106 615 350 354 370 358 167 432 236 696 565 488 836 246 199 728 298 592 759 273 442 830 778 683 42 480 150 442 145 716 231 483 509 754 382 685 369 266 816 358 374 195 498 474 170 512 301 54 723 565 588 225 531 157 551 732 305 673 971 560 401 128 687 884 203 318 525 667 580 685 352 162 320 661 315 575 413 763 599 618 648 345 449 605 316 477 841 356 672 194 302 572 81 674 391 349 116 691 329 549 238 290 123 259 745 574 297 538 698 688 605 91 307 410 599 511 788 632 387 499 517 196 547 764
1021 837 403 575 822 742 80 721 140 721 713 775 370 41 185 705 176 862 307 278 861 697 374 797 95 1196 879 989 727 715 412 908 714 471 830 886 683 597 0 918 1051 492 366 882 918 242 757 431 195 571 225 416 143 874 591 792 561 642 637 609 481 408 781 886 507 568 125 598 971 696 740 723 1015 942 579 230 559 693 772 723 919 368 664 958 709 763 85 870 547 254 491 816 424 78 711 363 693 810 598 953 250 883 521 91 832 664 776 84 877 293 624 350 617 291 84 399 1070 247 699 842 872 397 934 505 953 492 992 931 733 1174 616 822 709 655 838 312 692 670 377 749 1032 797 766 678 430 216 1042 793 745 671 606 785 688 747 488 279 480 920 1156 923 259 381 731 536 844
122 709 597 697 155 564 978 310 888 416 418 207 574 937 740 801 778 203 629 736 439 632 828 491 833 294 48 445 510 367 615 38 339 469 446 223 624 390 918 0 281 482 788 40 91 728 655 514 726 610 943 709 840 743 612 241 806 647 594 817 450 603 800 651 785 433 793 517 53 247 675 195 97 189 829 738 756 704 146 819 80 584 254 152 397 255 843 120 415 963 664 442 613 868 234 724 728 534 717 883 790 87 405 1000 841 254 160 863 499 789 714 586 302 628 963 534 187 684 764 434 434 807 187 542 336 459 87 709 668 281 302 96 514 309 542 631 682 277 866 624 169 431 559 269 649 1009 202 127 441 699 730 493 328 191 523 814 617 639 244 17 733 683 461 615 663
334 572 668 951 429 473 1096 332 986 373 380 284 760 1079 893 718 887 484 744 928 298 902 859 770 979 230 322 225 784 353 673 319 345 580 727 165 554 628 1051 281 0 698 825 311 369 906 930 708 857 862 1016 739 1005 594 868 516 775 910 549 769 573 668 690 491 774 668 929 770 259 485 578 397 253 120 792 915 726 972 362 730 358 685 444 133 372 526 989 401 636 1028 672 329 832 1018 476 772 649 814 675 721 867 230 595 1120 715 439 313 1013 343 851 662 701 492 780 1077 653 150 804 682 305 287 832 461 579 144 559 215 535 940 196 473 336 448 550 405 740 950 512 894 899 130 710 836 506 873 1089 93 331 374 629 685 389 587 331 580 877 641 465 240 296 821 733 734 614 522
561 785 374 287 353 631 566 436 518 513 507 423 123 498 308 761 412 378 300 259 643 319 585 336 397 776 436 738 278 473 405 461 450 265 354 547 628 106 492 482 698 0 545 442 455 263 377 70 335 210 603 505 381 829 226 305 678 289 573 714 242 387 807 783 630 76 378 158 535 235 701 304 577 578 705 275 640 363 346 784 458 310 254 574 489 277 407 402 66 632 519 610 133 425 249 483 706 363 636 958 476 480 116 583 862 260 385 419 689 501 652 281 207 225 559 256 662 324 734 626 648 580 451 416 657 288 567 844 367 762 231 389 572 178 686 314 347 205 617 353 633 319 334 213 174 648 655 376 552 672 651 617 197 368 376 517 468 798 726 481 416 454 262 512 762
908 481 197 768 751 417 359 505 234 453 446 594 448 408 355 338 216 817 247 498 571 850 42 879 367 1016 763 701 824 472 174 793 485 338 890 671 342 615 366 788 825 545 0 761 824 444 911 477 278 723 210 85 439 515 743 761 196 807 310 243 364 187 414 542 140 610 313 700 833 639 387 614 874 738 215 439 193 876 657 356 820 241 566 768 453 737 369 788 563 212 159 527 569 396 651 66 331 908 237 586 120 723 491 383 465 561 628 396 569 75 264 265 538 344 335 301 889 246 334 555 584 38 876 250 698 337 838 579 896 987 517 705 403 632 518 232 865 626 79 891 848 854 879 631 602 285 845 664 462 314 243 480 691 596 264 87 183 580 990 798 149 106 805 217 496
147 707 568 658 118 558 943 297 855 407 409 195 535 900 702 790 745 175 595 696 444 595 802 458 795 334 10 461 474 356 588 32 327 438 415 233 613 350 882 40 311 442 761 0 80 689 620 474 691 570 912 684 801 743 573 205 789 608 580 801 417 576 793 653 765 392 756 477 93 206 668 159 136 211 812 699 738 666 110 809 71 553 218 179 387 218 805 91 375 932 642 443 572 830 193 697 717 502 701 884 759 96 366 964 836 218 137 825 504 760 700 553 264 591 928 501 227 650 753 437 440 782 173 518 352 430 127 712 631 322 266 59 505 269 544 598 645 236 840 589 207 398 525 229 608 977 238 96 435 688 715 490 288 167 498 784 594 644 284 40 701 656 425 596 662
106 787 628 640 102 638 983 375 902 487 488 274 559 933 736 868 791 120 643 714 524 563 865 411 829 343 72 536 438 435 650 55 405 493 363 311 692 354 918 91 369 455 824 80 0 712 580 497 732 555 965 749 828 824 555 175 862 583 657 876 470 637 873 734 836 395 794 462 115 224 747 210 143 281 886 723 811 635 166 887 11 606 264 244 466 196 839 53 389 987 712 524 579 862 209 759 796 454 776 965 813 173 397 1003 916 266 212 856 585 817 776 602 304 627 970 551 258 695 831 517 520 847 95 586 427 488 160 793 595 338 314 122 584 277 624 648 613 252 903 549 250 351 483 244 611 1027 285 165 515 766 790 571 277 239 563 841 662 724 286 74 754 718 390 668 743
818 833 360 348 611 703 321 596 313 633 625 622 154 240 91 748 239 641 236 54 776 460 473 555 148 1018 684 893 484 610 386 711 598 349 588 743 668 370 242 728 906 263 444 689 712 0 522 215 165 332 411 447 117 875 352 569 626 407 613 671 345 372 813 859 570 336 158 355 781 488 737 536 825 789 650 12 604 465 584 770 714 295 478 795 614 540 157 661 325 442 499 735 182 167 503 403 713 568 623 982 334 709 323 334 869 481 605 161 807 375 647 260 429 143 320 285 897 204 731 757 784 482 714 451 833 376 808 914 499 1000 438 631 654 438 784 252 460 460 494 510 863 556 524 468 191 434 879 609 665 684 636 720 461 580 419 379 464 885 972 729 294 395 489 522 825
666 1150 750 190 502 991 837 759 833 857 853 708 463 744 606 1138 744 460 664 479 968 62 949 173 668 917 610 1037 146 809 782 620 781 640 229 815 998 358 757 655 930 377 911 620 580 522 0 439 663 192 929 880 615 1193 171 414 1055 114 945 1092 615 764 1181 1136 1005 336 678 220 694 465 1071 562 723 819 1082 533 1017 86 579 1161 590 684 543 796 831 404 676 536 391 960 897 944 350 679 469 853 1081 139 1013 1327 826 701 474 846 1236 551 646 673 1022 858 1029 653 517 570 839 633 838 673 1110 953 970 948 512 792 938 662 738 1199 28 917 551 596 930 409 1032 680 74 445 978 31 825 231 98 449 331 956 858 610 896 1047 1028 963 354 644 752 870 845 1145 859 644 771 827 195 889 1122
603 742 311 328 397 591 503 421 449 486 479 426 62 440 246 705 343 432 230 224 622 379 516 406 337 805 469 725 347 450 343 496 431 217 425 550 581 167 431 514 708 70 477 474 497 215 439 0 266 261 533 440 330 786 279 360 616 343 525 653 198 325 755 746 566 144 313 223 567 273 654 324 611 589 642 226 579 416 371 728 499 245 268 590 463 332 347 446 115 562 460 586 140 368 288 416 653 433 579 911 405 500 113 521 811 272 399 362 664 431 596 214 219 155 494 194 686 253 679 604 628 512 504 363 652 243 595 807 427 788 234 418 534 225 655 245 402 245 548 417 654 389 402 253 185 580 673 398 523 620 594 586 258 377 324 447 409 764 758 514 346 388 333 457 722
832 693 228 502 638 578 251 528 183 537 528 580 214 221 77 592 81 685 115 220 679 600 307 664 128 1001 689 804 600 526 246 718 522 276 688 691 531 432 195 726 857 335 278 691 732 165 663 266 0 470 270 289 181 734 491 617 464 552 479 510 286 237 660 730 407 411 72 469 779 513 595 531 823 747 487 160 445 616 581 613 731 179 473 762 523 589 135 685 378 301 349 635 312 167 527 242 563 686 470 832 169 688 338 273 715 473 582 163 701 210 495 156 428 111 238 204 875 57 577 660 689 316 755 329 762 298 798 780 643 979 424 631 537 479 668 123 608 489 329 647 837 653 648 496 337 314 847 600 564 536 482 610 521 552 306 215 322 760 962 732 129 240 593 382 692
656 996 571 88 458 841 652 635 641 720 714 605 275 562 414 966 552 446 477 293 845 130 760 245 480 897 561 931 173 677 603 579 652 474 293 724 838 236 571 610 862 210 723 570 555 332 192 261 470 0 737 696 432 1040 20 380 874 83 783 913 452 585 1015 992 823 200 487 93 657 377 911 468 694 744 901 344 839 156 499 989 562 503 432 730 695 359 488 503 247 768 720 814 157 494 386 667 913 246 840 1168 634 632 322 661 1071 439 554 488 893 668 857 470 394 379 652 455 798 482 940 828 849 760 514 623 842 498 697 1054 173 889 424 530 782 312 894 493 143 349 788 178 775 270 197 355 141 766 803 530 759 880 855 825 281 544 584 679 670 1006 841 603 581 643 199 718 973
1058 686 352 759 879 626 181 687 98 651 643 765 484 264 322 527 191 935 324 460 777 867 195 935 278 1193 912 907 871 663 343 942 671 474 958 857 552 696 225 943 1016 603 210 912 965 411 929 533 270 737 0 289 350 717 757 871 380 816 519 424 494 349 606 751 333 678 252 740 993 757 594 755 1035 921 390 401 393 876 803 542 962 359 700 946 647 844 274 923 641 31 367 732 579 288 771 246 533 957 442 774 153 889 588 199 652 698 787 292 778 165 469 363 662 378 158 413 1066 282 530 760 789 224 1001 436 896 484 1003 785 908 1167 650 853 610 734 728 317 870 737 180 915 1025 923 918 744 598 75 1026 816 665 519 446 688 782 755 437 139 381 789 1162 951 210 283 863 424 704
830 421 135 750 680 339 422 421 295 368 360 512 422 456 366 303 247 749 223 500 488 819 121 833 398 932 686 619 782 386 105 716 400 273 839 587 271 565 416 709 739 505 85 684 749 447 880 440 289 696 289 0 464 458 716 697 181 780 232 224 300 122 373 474 127 565 340 663 753 573 324 540 793 654 206 445 157 851 582 324 744 195 495 684 367 673 401 716 514 295 79 443 549 431 585 52 279 865 184 545 167 641 437 446 427 490 548 430 489 131 210 226 471 328 398 251 805 243 290 472 500 98 805 167 613 267 756 516 866 903 448 628 321 572 440 206 839 562 159 857 764 803 840 567 585 364 760 587 378 256 194 399 634 517 186 153 98 510 907 720 165 53 758 135 430
933 874 408 431 727 758 223 685 253 708 700 722 268 129 116 767 222 759 288 140 852 556 459 665 74 1127 797 973 593 692 427 825 684 432 701 841 712 488 143 840 1005 381 439 801 828 117 615 330 181 432 350 464 0 915 451 686 633 501 661 679 434 417 837 911 576 454 125 467 893 603 776 646 937 890 654 105 619 550 695 787 829 353 588 899 692 658 76 777 442 381 529 808 293 65 618 414 742 675 648 1010 319 816 434 230 892 590 711 60 877 364 674 324 539 225 228 362 1005 237 755 833 861 475 832 508 923 458 919 962 591 1108 545 743 716 555 847 300 549 575 471 608 970 670 628 583 292 355 984 719 737 716 659 787 578 684 481 360 504 940 1083 842 300 418 601 563 873
855 43 515 1114 810 203 874 463 748 350 352 554 798 914 807 204 704 888 639 923 310 1141 522 1089 852 825 751 376 1063 403 490 771 435 568 1073 527 208 836 874 743 594 829 515 743 824 875 1193 786 734 1040 717 458 915 0 1056 870 343 1118 263 305 589 503 133 103 384 857 793 976 762 762 138 678 785 585 340 876 324 1192 691 200 814 581 670 630 375 859 857 819 803 711 386 300 922 888 765 510 184 1131 278 141 624 655 721 898 129 662 624 886 254 584 251 617 682 736 850 605 728 680 189 311 318 493 912 429 454 542 738 83 1189 791 649 713 264 799 201 623 1175 769 540 1165 691 1041 1125 770 966 788 666 675 315 202 272 253 864 606 466 602 412 136 830 760 620 498 1024 353 80
655 1012 590 85 459 857 671 647 662 734 728 615 295 581 435 985 573 444 497 312 857 109 780 231 500 898 564 941 160 690 622 581 665 491 281 733 855 246 591 612 868 226 743 573 555 352 171 279 491 20 757 716 451 1056 0 380 894 64 800 932 468 604 1032 1007 842 211 507 97 659 383 928 475 696 750 920 364 858 137 505 1007 562 522 441 736 709 360 508 504 259 788 739 827 178 513 392 687 931 230 858 1185 655 638 337 681 1088 449 562 507 906 688 876 489 405 400 672 474 800 502 958 841 861 781 511 641 851 515 699 1069 152 890 436 534 797 319 908 513 123 356 809 158 779 259 179 362 161 786 808 537 772 898 873 839 284 553 601 699 689 1021 842 605 601 663 190 736 988
275 830 565 465 87 671 862 407 797 520 518 327 422 801 607 874 686 72 547 562 599 391 804 254 698 518 195 644 269 466 592 206 435 424 217 415 706 199 792 241 516 305 761 205 175 569 414 360 617 380 871 697 686 870 380 0 838 408 661 861 398 576 895 793 802 235 672 289 283 124 771 192 317 409 864 581 790 463 185 895 182 525 211 383 495 28 708 125 245 897 678 585 418 728 114 695 805 299 765 1011 727 290 282 881 944 219 257 722 657 740 772 512 226 507 852 465 427 591 839 587 598 790 146 551 539 430 325 856 426 512 252 187 611 138 683 556 441 136 841 383 411 195 319 130 446 927 443 211 555 773 780 620 110 267 519 761 624 793 461 231 665 657 219 645 792
929 316 304 930 808 310 548 498 425 409 404 600 601 603 542 147 410 882 404 680 487 995 189 997 562 989 793 608 950 447 272 821 471 428 998 643 226 728 561 806 775 678 196 789 862 626 1055 616 464 874 380 181 633 343 894 838 0 958 226 47 455 290 226 394 56 732 507 836 845 714 237 663 880 712 26 623 50 1030 698 163 855 371 628 750 420 817 564 836 679 370 162 448 729 592 723 222 164 1032 99 395 316 729 599 570 273 621 651 592 466 271 116 405 614 509 523 422 869 422 153 475 500 164 930 286 634 414 838 417 1043 957 586 739 326 724 404 387 1017 708 200 1032 827 963 1010 712 766 448 816 696 401 162 92 391 788 622 321 282 217 435 974 820 335 235 924 194 345
679 1074 654 83 492 918 722 703 719 792 787 665 359 630 493 1049 633 467 561 364 913 57 843 219 553 926 599 993 157 747 686 614 722 554 274 780 918 298 642 647 910 289 807 608 583 407 114 343 552 83 816 780 501 1118 64 408 958 0 863 996 531 668 1096 1067 907 266 564 147 691 428 991 523 725 794 984 418 923 74 549 1071 591 586 493 777 767 391 561 533 318 847 803 884 239 564 435 751 995 205 923 1248 717 679 397 731 1152 501 609 558 963 751 940 553 459 463 724 538 834 565 1022 897 916 844 530 705 900 578 733 1130 92 921 491 574 858 365 967 577 59 403 871 109 815 260 152 408 217 842 845 580 831 962 937 898 323 602 665 762 753 1080 869 638 664 727 199 800 1049
716 220 254 854 617 107 651 283 525 184 180 386 534 675 549 213 462 694 378 660 269 890 333 856 603 763 586 396 821 227 233 612 254 309 846 418 55 592 637 594 549 573 310 580 657 613 945 525 479 783 519 232 661 263 800 661 226 863 0 226 331 243 238 250 226 608 544 725 628 542 128 474 662 487 244 615 177 937 501 233 649 318 451 525 198 645 609 638 554 522 152 227 660 640 549 281 143 895 127 385 396 512 470 676 292 443 445 638 260 363 121 354 450 473 628 342 644 423 177 255 282 304 734 165 410 284 618 301 938 731 418 536 101 567 208 363 921 543 364 917 602 813 883 545 703 595 590 494 175 111 139 174 634 419 203 386 158 282 749 609 378 256 786 101 212
940 282 342 971 827 297 594 507 472 411 406 610 641 650 588 103 457 902 446 724 476 1032 235 1029 609 987 807 592 984 453 310 834 478 459 1028 644 214 759 609 817 769 714 243 801 876 671 1092 653 510 913 424 224 679 305 932 861 47 996 226 0 486 328 183 364 103 766 554 872 853 738 211 682 887 713 35 668 74 1069 715 117 869 410 650 752 424 841 611 853 712 414 194 440 769 639 747 268 135 1064 100 349 363 737 630 616 228 643 664 639 449 318 106 444 639 551 569 459 869 467 116 465 488 211 947 312 626 443 844 382 1080 955 610 754 322 751 386 429 1056 734 244 1068 828 992 1044 737 807 491 815 711 399 142 87 381 816 636 349 329 248 406 975 832 381 277 956 216 315
