54
0 606 34 448 196 449 689 428 488 640 732 810 642 786 427 600 103 696 871 852 1093 590 515 63 963 546 762 536 244 1059 744 532 984 624 106 531 740 481 592 387 579 154 113 448 792 794 778 1042 604 55 526 309 553 857
606 0 622 662 568 191 481 572 141 777 536 820 791 918 661 805 502 407 312 453 626 125 652 550 467 782 348 184 393 636 761 340 527 229 711 852 601 655 707 288 132 760 599 721 580 318 840 605 782 630 836 299 249 326
34 622 0 422 174 472 680 408 508 613 721 787 615 758 400 571 123 692 880 850 1093 599 492 94 966 517 790 560 271 1056 721 562 984 650 100 498 726 456 567 391 588 138 146 419 781 797 753 1040 577 20 494 328 580 864
448 662 422 0 254 625 398 91 630 192 412 370 195 342 23 166 437 461 779 626 862 565 81 468 784 125 966 719 544 799 308 806 765 815 498 192 379 41 147 382 553 489 554 68 459 649 330 795 161 405 176 505 772 739
196 568 174 254 0 464 521 233 486 446 558 614 449 595 233 412 189 545 781 710 956 512 318 215 841 361 807 561 321 911 547 609 848 658 264 367 556 285 395 292 500 275 300 263 616 679 582 898 413 161 358 320 599 756
449 191 472 625 464 0 568 544 49 777 625 864 788 929 617 785 348 515 502 604 803 256 639 388 647 751 345 97 215 803 798 203 699 195 550 799 676 630 707 254 253 604 423 672 679 486 868 774 770 483 786 147 147 511
689 481 680 398 521 568 0 329 541 392 56 357 408 493 414 455 619 91 440 232 464 355 332 671 396 464 830 629 631 403 310 771 369 702 779 569 121 363 337 354 350 796 758 464 113 298 394 397 423 672 551 535 697 389
428 572 408 91 233 544 329 0 546 240 352 384 249 396 96 241 397 382 691 550 791 473 99 436 703 210 881 637 484 733 316 731 691 732 496 284 334 85 176 296 462 498 526 157 406 563 360 726 225 394 267 433 692 652
488 141 508 630 486 49 541 546 0 773 598 849 785 923 624 787 385 482 453 563 757 214 638 428 600 755 335 93 259 759 785 231 654 186 590 809 653 632 703 250 212 643 467 681 650 441 857 729 769 519 795 180 158 463
640 777 613 192 446 777 392 240 773 0 378 198 16 155 213 81 627 477 825 620 831 663 140 660 787 125 1105 866 724 754 153 969 749 958 686 226 317 163 70 523 654 672 746 205 404 685 144 760 50 596 211 672 925 777
732 536 721 412 558 625 56 352 598 378 0 317 394 464 430 448 666 135 474 242 457 410 340 718 409 464 884 686 684 388 278 827 370 758 819 571 75 374 330 408 405 833 806 476 60 332 361 388 414 713 553 590 754 421
810 820 787 370 614 864 357 384 849 198 317 0 206 173 392 275 781 447 791 547 718 696 295 821 711 324 1165 942 855 634 68 1065 655 1027 867 420 241 332 222 613 689 859 910 399 311 649 70 647 248 772 407 785 1007 737
642 791 615 195 449 788 408 249 785 16 394 206 0 148 215 70 632 493 841 636 846 678 149 663 803 118 1117 877 732 770 165 979 765 970 686 216 332 169 83 534 667 670 749 203 419 700 149 775 43 597 201 682 936 793
786 918 758 342 595 929 493 396 923 155 464 173 148 0 361 188 780 583 934 704 888 800 296 810 870 243 1252 1016 880 805 187 1123 820 1107 824 308 391 318 222 675 791 804 895 340 471 791 107 817 182 740 300 828 1076 882
427 661 400 23 233 617 414 96 624 213 430 392 215 361 0 182 419 473 787 640 878 566 104 448 796 136 959 712 529 816 331 795 780 809 475 191 399 63 170 378 555 466 534 61 478 659 353 811 179 383 175 494 764 748
600 805 571 166 412 785 455 241 787 81 448 275 70 188 182 0 600 536 879 686 904 697 152 627 852 55 1122 878 710 830 235 970 819 973 635 145 391 155 118 536 687 616 710 152 478 741 215 833 34 553 131 670 933 833
103 502 123 437 189 348 619 397 385 627 666 781 632 780 419 600 0 617 772 766 1004 490 493 54 869 550 670 437 153 975 713 449 894 529 208 555 683 464 571 295 479 257 139 453 727 699 757 955 598 135 547 206 459 760
696 407 692 461 545 515 91 382 482 477 135 447 493 583 473 536 617 0 350 168 413 282 403 671 323 540 754 567 606 366 401 714 309 633 792 641 208 430 418 331 279 816 754 529 173 208 485 353 504 687 623 504 635 300
871 312 880 779 781 502 440 691 453 825 474 791 841 934 787 879 772 350 0 264 337 281 737 825 180 876 562 490 689 373 750 641 259 502 977 970 550 756 763 493 292 1018 887 847 487 142 834 337 849 883 952 586 546 55
852 453 850 626 710 604 232 550 563 620 242 547 636 704 640 686 766 168 264 0 245 349 564 821 167 696 776 633 734 209 517 788 141 679 951 801 313 593 567 471 351 978 900 693 236 146 599 189 653 846 782 628 700 209
1093 626 1093 862 956 803 464 791 757 831 457 718 846 888 878 904 1004 413 337 245 0 551 795 1059 160 921 898 811 959 89 706 965 110 834 1194 1029 514 827 787 709 557 1223 1136 929 427 318 780 71 870 1090 1010 851 872 303
590 125 599 565 512 256 355 473 214 663 410 696 678 800 566 697 490 282 281 349 551 0 545 543 399 679 474 289 414 546 638 441 444 350 696 757 475 552 594 220 12 737 607 628 455 232 718 518 673 603 740 308 357 273
515 652 492 81 318 639 332 99 638 140 340 295 149 296 104 152 493 403 737 564 795 545 0 529 726 139 971 730 584 728 230 829 701 823 572 237 301 40 78 387 534 567 617 137 383 601 264 727 131 476 219 532 787 693
63 550 94 468 215 388 671 436 428 660 718 821 663 810 448 627 54 671 825 821 1059 543 529 0 924 575 699 473 180 1030 753 469 949 561 161 570 732 497 607 350 532 215 90 477 778 754 793 1010 628 112 564 251 489 813
963 467 966 784 841 647 396 703 600 787 409 711 803 870 796 852 869 323 180 167 160 399 726 924 0 860 741 651 812 194 683 805 84 674 1066 963 479 753 733 575 406 1099 996 852 400 170 764 158 819 965 945 705 712 143
546 782 517 125 361 751 464 210 755 125 464 324 118 243 136 55 550 540 876 696 921 679 139 575 860 0 1091 845 665 850 277 931 832 941 580 109 413 127 136 506 668 560 657 98 499 740 267 852 75 498 91 630 898 832
762 348 790 966 807 345 830 881 335 1105 884 1165 1117 1252 959 1122 670 754 562 776 898 474 971 699 741 1091 0 248 519 931 1103 245 817 150 851 1143 949 967 1034 585 480 910 703 1016 927 631 1180 896 1103 805 1130 487 211 601
536 184 560 719 561 97 629 637 93 866 686 942 877 1016 712 878 437 567 490 633 811 289 730 473 651 845 248 0 294 821 878 155 712 97 633 895 743 723 796 342 289 689 497 768 736 502 951 789 861 573 882 242 68 509
244 393 271 544 321 215 631 484 259 724 684 855 732 880 529 710 153 606 689 734 959 414 584 180 812 665 519 294 0 943 786 296 850 380 339 686 717 563 661 277 406 395 208 573 744 642 842 918 703 286 677 107 308 688
1059 636 1056 799 911 803 403 733 759 754 388 634 770 805 816 830 975 366 373 209 89 546 728 1030 194 850 931 821 943 0 624 977 114 854 1157 958 438 762 715 681 551 1182 1110 864 351 319 697 36 796 1052 941 836 885 329
744 761 721 308 547 798 310 316 785 153 278 68 165 187 331 235 713 401 750 517 706 638 230 753 683 277 1103 878 786 624 0 999 634 964 803 380 204 268 161 546 630 797 843 343 284 607 84 634 204 706 365 717 942 698
532 340 562 806 609 203 771 731 231 969 827 1065 979 1123 795 970 449 714 641 788 965 441 829 469 805 931 245 155 296 977 999 0 867 156 614 967 880 816 900 452 441 674 463 846 880 658 1067 945 957 579 955 301 94 663
984 527 984 765 848 699 369 691 654 749 370 655 765 820 780 819 894 309 259 141 110 444 701 949 84 832 817 712 850 114 634 867 0 742 1084 937 434 732 701 599 450 1114 1026 833 350 213 713 78 785 981 919 743 775 215
624 229 650 815 658 195 702 732 186 958 758 1027 970 1107 809 973 529 633 502 679 834 350 823 561 674 941 150 97 380 854 964 156 742 0 718 993 820 818 888 436 353 776 576 865 805 540 1038 821 955 664 979 338 77 531
106 711 100 498 264 550 779 496 590 686 819 867 686 824 475 635 208 792 977 951 1194 696 572 161 1066 580 851 633 339 1157 803 614 1084 718 0 544 820 535 646 491 685 60 155 484 878 897 828 1141 645 106 544 413 644 962
531 852 498 192 367 799 569 284 809 226 571 420 216 308 191 145 555 641 970 801 1029 757 237 570 963 109 1143 895 686 958 380 967 937 993 544 0 522 213 245 567 745 514 644 130 608 837 358 959 176 478 18 667 944 928
740 601 726 379 556 676 121 334 653 317 75 241 332 391 399 391 683 208 550 313 514 475 301 732 479 413 949 743 717 438 204 880 434 820 820 522 0 339 277 446 469 829 821 439 87 407 287 443 357 715 504 628 811 496
481 655 456 41 285 630 363 85 632 163 374 332 169 318 63 155 464 430 756 593 827 552 40 497 753 127 967 723 563 762 268 816 732 818 535 213 339 0 110 382 541 528 585 101 420 623 296 760 141 440 195 516 778 715
592 707 567 147 395 707 337 176 703 70 330 222 83 222 170 118 571 418 763 567 787 594 78 607 733 136 1034 796 661 715 161 900 701 888 646 245 277 110 0 453 584 637 695 183 364 623 186 717 86 551 228 605 855 716
387 288 391 382 292 254 354 296 250 523 408 613 534 675 378 536 295 331 493 471 709 220 387 350 575 506 585 342 277 681 546 452 599 436 491 567 446 382 453 0 208 527 428 437 467 406 614 660 518 392 552 182 401 473
579 132 588 553 500 253 350 462 212 654 405 689 667 791 555 687 479 279 292 351 557 12 534 532 406 668 480 289 406 551 630 441 450 353 685 745 469 541 584 208 0 726 597 616 451 238 709 523 662 592 729 299 358 283
154 760 138 489 275 604 796 498 643 672 833 859 670 804 466 616 257 816 1018 978 1223 737 567 215 1099 560 910 689 395 1182 797 674 1114 776 60 514 829 528 637 527 726 0 215 467 892 932 816 1167 629 135 515 464 702 1001
113 599 146 554 300 423 758 526 467 746 806 910 749 895 534 710 139 754 887 900 1136 607 617 90 996 657 703 497 208 1110 843 463 1026 576 155 644 821 585 695 428 597 215 0 558 866 826 881 1089 713 166 639 302 500 880
448 721 419 68 263 672 464 157 681 205 476 399 203 340 61 152 453 529 847 693 929 628 137 477 852 98 1016 768 573 864 343 846 833 865 484 130 439 101 183 437 616 467 558 0 521 717 350 861 161 400 115 545 818 807
792 580 781 459 616 679 113 406 650 404 60 311 419 471 478 478 727 173 487 236 427 455 383 778 400 499 927 736 744 351 284 880 350 805 878 608 87 420 364 467 451 892 866 521 0 348 364 356 444 772 590 649 805 432
794 318 797 649 679 486 298 563 441 685 332 649 700 791 659 741 699 208 142 146 318 232 601 754 170 740 631 502 642 319 607 658 213 540 897 837 407 623 623 406 238 932 826 717 348 0 691 288 710 797 819 535 567 92
778 840 753 330 582 868 394 360 857 144 361 70 149 107 353 215 757 485 834 599 780 718 264 793 764 267 1180 951 842 697 84 1067 713 1038 828 358 287 296 186 614 709 816 881 350 364 691 0 709 192 736 345 779 1013 782
1042 605 1040 795 898 774 397 726 729 760 388 647 775 817 811 833 955 353 337 189 71 518 727 1010 158 852 896 789 918 36 634 945 78 821 1141 959 443 760 717 660 523 1167 1089 861 356 288 709 0 799 1036 941 811 853 294
604 782 577 161 413 770 423 225 769 50 414 248 43 182 179 34 598 504 849 653 870 673 131 628 819 75 1103 861 703 796 204 957 785 955 645 176 357 141 86 518 662 629 713 161 444 710 192 799 0 559 161 658 917 803
55 630 20 405 161 483 672 394 519 596 713 772 597 740 383 553 135 687 883 846 1090 603 476 112 965 498 805 573 286 1052 706 579 981 664 106 478 715 440 551 392 592 135 166 400 772 797 736 1036 559 0 474 339 594 865
526 836 494 176 358 786 551 267 795 211 553 407 201 300 175 131 547 623 952 782 1010 740 219 564 945 91 1130 882 677 941 365 955 919 979 544 18 504 195 228 552 729 515 639 115 590 819 345 941 161 474 0 656 931 910
309 299 328 505 320 147 535 433 180 672 590 785 682 828 494 670 206 504 586 628 851 308 532 251 705 630 487 242 107 836 717 301 743 338 413 667 628 516 605 182 299 464 302 545 649 535 779 811 658 339 656 0 279 582
553 249 580 772 599 147 697 692 158 925 754 1007 936 1076 764 933 459 635 546 700 872 357 787 489 712 898 211 68 308 885 942 94 775 77 644 944 811 778 855 401 358 702 500 818 805 567 1013 853 917 594 931 279 0 569
857 326 864 739 756 511 389 652 463 777 421 737 793 882 748 833 760 300 55 209 303 273 693 813 143 832 601 509 688 329 698 663 215 531 962 928 496 715 716 473 283 1001 880 807 432 92 782 294 803 865 910 582 569 0
