70
0 296 650 351 691 245 565 727 621 969 570 943 890 354 11 367 900 590 993 936 454 697 805 280 812 169 505 918 473 556 321 841 328 720 751 174 138 1076 345 749 383 15 413 432 933 769 359 569 504 258 719 370 487 931 877 470 740 839 455 602 325 474 592 465 656 467 141 320 582 887
296 0 483 279 476 249 289 488 334 679 407 652 595 64 307 392 635 413 697 641 438 405 571 322 548 150 218 629 370 305 384 544 495 528 507 311 173 786 101 532 270 284 414 454 637 523 160 332 208 179 455 202 394 646 621 484 444 548 237 437 190 182 514 285 507 253 361 316 328 607
650 483 0 304 849 410 605 200 365 561 80 554 573 497 654 366 872 838 737 591 921 415 225 409 323 598 538 515 840 670 860 560 566 85 826 757 603 876 564 890 747 646 898 937 616 239 628 710 477 660 279 673 189 801 888 967 574 483 667 48 671 503 982 732 939 682 596 798 240 436
351 279 304 0 745 106 527 421 415 736 226 717 695 327 354 134 861 692 837 731 691 494 487 118 530 335 447 683 643 565 601 659 310 380 760 478 331 954 380 798 541 348 661 695 742 467 439 597 405 424 446 479 139 838 859 729 607 620 514 257 459 404 787 564 786 530 295 555 317 628
691 476 849 745 0 726 243 742 508 681 795 649 554 419 702 867 268 123 531 600 398 506 814 799 716 528 314 655 276 183 503 503 963 852 102 577 558 525 379 58 321 676 423 455 568 750 339 147 373 433 658 320 834 376 224 448 376 583 244 815 365 353 303 226 161 229 805 431 614 696
245 249 410 106 726 0 529 515 472 809 332 787 755 309 248 152 873 657 886 795 619 552 585 72 617 258 452 756 587 554 516 714 257 485 755 384 246 994 347 782 484 244 584 616 801 560 398 581 421 358 529 433 241 866 864 651 644 687 484 363 404 410 728 525 745 500 194 479 393 708
565 289 605 527 243 529 0 505 272 518 553 487 402 225 576 656 345 256 453 453 461 288 581 599 496 397 79 480 335 75 500 346 782 610 234 509 427 514 220 286 298 551 464 507 433 518 223 114 131 339 427 241 600 366 335 518 214 399 156 572 282 122 444 210 354 158 649 414 371 499
727 488 200 421 742 515 505 0 234 361 225 354 379 475 734 522 715 758 545 393 899 252 84 539 124 630 455 315 796 578 870 374 721 142 699 794 645 687 540 774 718 719 884 927 421 46 598 618 395 663 93 641 354 627 739 951 414 288 608 211 652 432 929 675 858 620 709 795 160 237
621 334 365 415 508 472 272 234 0 348 334 323 283 296 630 546 508 527 422 323 692 80 309 524 235 484 230 297 580 346 687 244 721 350 469 641 507 545 350 541 512 610 683 727 329 246 398 386 175 486 156 437 425 446 523 747 213 219 388 344 459 216 705 455 626 398 649 606 128 274
969 679 561 736 681 809 518 361 348 0 579 31 126 634 978 856 525 753 241 86 980 273 359 852 238 828 523 52 853 587 1005 178 1047 495 597 979 853 381 677 685 811 958 981 1024 126 323 713 618 490 815 296 744 702 393 568 1037 312 130 671 570 776 531 952 729 834 675 993 920 418 125
570 407 80 226 795 332 553 225 334 579 0 568 573 426 574 303 840 775 733 597 845 396 273 336 348 518 481 530 769 613 781 553 504 154 780 676 523 867 492 839 674 566 821 860 619 270 556 652 422 583 284 601 129 780 851 891 547 486 601 32 596 443 912 664 876 617 521 721 206 458
943 652 554 717 649 787 487 354 323 31 568 0 96 606 953 839 498 721 223 61 949 246 359 833 234 800 492 39 822 555 974 147 1028 491 566 950 825 366 648 655 780 932 950 993 102 318 683 586 461 786 283 713 689 369 540 1005 280 103 640 560 745 501 920 698 803 644 970 889 400 125
890 595 573 695 554 755 402 379 283 126 573 96 0 543 900 823 407 629 165 50 864 202 404 806 273 740 417 112 735 468 897 56 1004 521 470 883 767 309 579 559 699 878 867 910 46 352 608 496 394 716 293 636 686 282 447 920 190 91 558 571 670 432 829 613 709 561 930 812 384 186
354 64 497 327 419 309 225 475 296 634 426 606 543 0 365 447 570 366 639 591 428 362 559 381 522 196 154 586 343 244 396 491 558 532 445 345 223 724 67 474 250 340 410 452 584 506 130 273 151 191 431 175 430 583 558 478 386 503 187 453 178 120 486 243 463 203 426 320 315 571
11 307 654 354 702 248 576 734 630 978 574 953 900 365 0 366 911 601 1004 946 462 706 811 280 820 180 516 927 483 568 328 851 321 725 762 181 149 1087 356 761 393 26 421 440 943 776 370 580 515 269 727 382 490 942 888 477 751 849 466 607 337 485 601 476 666 479 134 329 590 896
367 392 366 134 867 152 656 522 546 856 303 839 823 447 366 0 994 805 968 857 770 624 577 89 640 410 577 804 740 690 662 789 201 451 888 524 396 1087 493 922 637 370 735 765 870 568 547 721 537 511 561 584 177 972 990 801 741 745 629 328 556 534 881 674 895 646 262 631 440 743
900 635 872 861 268 873 345 715 508 525 840 498 407 570 911 994 0 389 315 439 665 464 769 942 647 730 421 519 539 343 760 373 1127 849 169 815 761 267 558 232 565 885 688 721 399 706 542 335 456 653 622 540 914 140 52 716 301 472 449 851 587 463 567 461 419 439 993 682 635 586
590 413 838 692 123 657 256 758 527 753 775 721 629 366 601 805 389 0 630 678 276 544 836 729 753 435 305 721 153 181 380 574 880 854 219 463 463 640 312 174 209 575 300 332 650 773 258 143 366 333 683 228 795 487 346 328 441 643 178 799 267 335 200 132 101 162 712 311 615 750
993 697 737 837 531 886 453 545 422 241 733 223 165 639 1004 968 315 630 0 165 892 345 568 943 438 833 493 257 760 501 950 181 1141 687 433 960 862 144 660 518 746 980 903 943 128 518 675 518 489 790 458 694 841 175 365 947 253 256 606 733 735 519 829 649 692 604 1049 865 537 342
936 641 591 731 600 795 453 393 323 86 597 61 50 591 946 857 439 678 165 0 914 243 408 844 278 788 467 92 785 518 948 106 1041 533 513 932 814 309 628 602 750 924 917 960 40 361 658 546 442 765 313 686 714 307 482 971 240 112 608 592 721 481 878 663 756 611 972 862 416 177
454 438 921 691 398 619 461 899 692 980 845 949 864 428 462 770 665 276 892 914 0 734 982 683 927 360 467 941 131 396 146 807 781 960 496 284 374 914 361 444 181 442 42 56 891 925 301 373 517 267 843 257 822 759 623 56 674 858 310 875 250 475 153 250 276 304 595 139 740 952
697 405 415 494 506 552 288 252 80 273 396 246 202 362 706 624 464 544 345 243 734 0 313 604 210 555 267 224 615 363 742 165 802 385 452 707 579 473 409 532 558 685 730 773 248 249 450 401 224 547 159 486 497 386 486 790 163 142 425 401 512 265 732 489 638 432 729 659 193 217
805 571 225 487 814 585 581 84 309 359 273 359 404 559 811 577 769 836 568 408 982 313 0 604 130 712 535 320 879 655 953 410 778 144 766 877 726 713 624 844 801 798 968 1011 441 64 681 695 476 747 156 724 402 670 796 1035 471 315 690 251 736 514 1010 757 935 701 779 879 244 235
280 322 409 118 799 72 599 539 524 852 336 833 806 381 280 89 942 729 943 844 683 604 604 0 649 323 521 800 657 626 573 768 197 490 826 435 308 1055 420 854 554 282 647 676 853 586 470 654 488 426 564 505 225 931 935 712 705 734 557 366 475 479 796 598 817 573 190 543 434 746
812 548 323 530 716 617 496 124 235 238 348 234 273 522 820 640 647 753 438 278 927 210 130 649 0 697 464 194 814 571 917 281 837 257 658 859 716 582 580 740 747 803 918 961 311 84 632 610 410 713 93 672 476 542 677 982 356 185 623 335 691 452 937 689 848 632 810 838 230 113
169 150 598 335 528 258 397 630 484 828 518 800 740 196 180 410 730 435 833 788 360 555 712 323 697 0 340 779 339 387 267 688 447 653 583 164 31 910 176 586 238 154 327 360 781 667 191 401 347 106 604 208 471 763 708 394 579 697 288 549 167 313 474 305 511 301 277 222 473 758
505 218 538 447 314 452 79 455 230 523 481 492 417 154 516 577 421 305 493 467 467 267 535 521 464 340 0 479 350 132 482 362 706 549 313 469 370 570 167 360 291 491 463 506 453 473 191 171 61 299 386 221 523 428 413 523 242 396 159 502 253 43 476 225 405 168 580 397 310 484
918 629 515 683 655 756 480 315 297 52 530 39 112 586 927 804 519 721 257 92 941 224 320 800 194 779 479 0 815 551 961 153 994 451 576 931 803 401 631 664 769 907 940 983 131 279 668 583 444 769 246 701 652 393 559 997 281 83 631 521 731 485 919 691 806 636 940 876 366 86
473 370 840 643 276 587 335 796 580 853 769 822 735 343 483 740 539 153 760 785 131 615 879 657 814 339 350 815 0 267 228 679 784 871 370 326 361 783 276 327 103 459 148 184 762 819 213 242 405 232 734 168 764 629 499 187 545 733 191 797 184 365 144 126 186 182 606 166 641 831
556 305 670 565 183 554 75 578 346 587 613 555 468 244 568 690 343 181 501 518 396 363 655 626 571 387 132 551 267 0 450 412 800 679 202 479 418 545 218 233 246 541 403 445 495 592 199 40 193 312 502 202 650 392 321 453 277 470 110 635 248 170 370 148 279 104 654 365 440 573
321 384 860 601 503 516 500 870 687 1005 781 974 897 396 328 662 760 380 950 948 146 742 953 573 917 267 482 961 228 450 0 841 649 911 592 147 270 992 337 555 204 311 104 112 931 902 292 438 518 206 828 261 738 837 723 149 713 877 344 813 230 477 298 305 406 346 462 85 709 958
841 544 560 659 503 714 346 374 244 178 553 147 56 491 851 789 373 574 181 106 807 165 410 768 281 688 362 153 679 412 841 0 965 515 422 829 715 316 525 510 643 828 811 853 92 353 553 440 341 661 283 580 659 260 410 864 134 99 501 553 615 378 774 556 656 504 884 756 356 212
328 495 566 310 963 257 782 721 721 1047 504 1028 1004 558 321 201 1127 880 1141 1041 781 802 778 197 837 447 706 994 784 800 649 965 0 651 1002 502 423 1251 585 1021 686 339 741 761 1050 768 625 824 678 554 755 652 377 1124 1116 798 901 930 719 529 614 665 913 749 959 734 186 644 628 938
720 528 85 380 852 485 610 142 350 495 154 491 521 532 725 451 849 854 687 533 960 385 144 490 257 653 549 451 871 679 911 515 651 0 820 816 662 829 600 889 782 715 940 981 562 172 662 719 487 707 233 707 274 766 869 1009 548 430 690 124 710 519 1010 756 955 704 675 844 239 369
751 507 826 760 102 755 234 699 469 597 780 566 470 445 762 888 169 219 433 513 496 452 766 826 658 583 313 576 370 202 592 422 1002 820 0 653 613 423 419 88 399 736 518 552 479 701 392 181 364 497 610 383 834 274 131 547 305 510 295 797 429 356 405 297 261 283 854 515 587 625
174 311 757 478 577 384 509 794 641 979 676 950 883 345 181 524 815 463 960 932 284 707 877 435 859 164 469 931 326 479 147 829 502 816 653 0 153 1022 304 634 256 164 243 259 922 831 286 480 490 170 767 276 617 870 784 296 711 848 369 709 230 451 429 355 513 376 315 161 637 916
138 173 603 331 558 246 427 645 507 853 523 825 767 223 149 396 761 463 862 814 374 579 726 308 716 31 370 803 361 418 270 715 423 662 613 153 0 940 207 616 263 123 338 369 808 683 221 432 375 131 623 237 469 794 739 404 608 722 318 555 195 342 494 334 537 331 249 234 490 780
1076 786 876 954 525 994 514 687 545 381 867 366 309 724 1087 1087 267 640 144 309 914 473 713 1055 582 910 570 401 783 545 992 316 1251 829 423 1022 940 0 733 497 789 1062 931 968 272 661 737 553 580 852 598 747 970 155 319 967 349 399 655 869 792 604 828 686 683 650 1145 909 667 486
345 101 564 380 379 347 220 540 350 677 492 648 579 67 356 493 558 312 660 628 361 409 624 420 580 176 167 631 276 218 337 525 585 600 419 304 207 733 0 436 183 330 344 387 617 569 63 239 187 138 492 108 491 586 539 412 409 547 136 520 112 147 420 183 405 152 436 257 380 623
749 532 890 798 58 782 286 774 541 685 839 655 559 474 761 922 232 174 518 602 444 532 844 854 740 586 360 664 327 233 555 510 1021 889 88 634 616 497 436 0 378 734 472 501 567 779 397 201 417 492 688 379 883 354 183 492 390 596 302 858 423 402 335 284 186 287 863 486 653 711
383 270 747 541 321 484 298 718 512 811 674 780 699 250 393 637 565 209 746 750 181 558 801 554 747 238 291 769 103 246 204 643 686 782 399 256 263 789 183 378 0 368 172 215 731 744 120 236 337 132 662 76 663 634 531 235 513 686 142 703 81 295 246 103 274 142 511 120 559 775
15 284 646 348 676 244 551 719 610 958 566 932 878 340 26 370 885 575 980 924 442 685 798 282 803 154 491 907 459 541 311 828 339 715 736 164 123 1062 330 734 368 0 402 422 921 761 344 554 491 243 710 355 486 917 862 459 727 828 440 598 311 460 579 450 642 452 152 307 573 877
413 414 898 661 423 584 464 884 683 981 821 950 867 410 421 735 688 300 903 917 42 730 968 647 918 327 463 940 148 403 104 811 741 940 518 243 338 931 344 472 172 402 0 43 897 912 287 384 509 239 832 246 793 776 647 69 678 857 309 852 232 467 194 255 310 306 554 105 724 947
432 454 937 695 455 616 507 927 727 1024 860 993 910 452 440 765 721 332 943 960 56 773 1011 676 961 360 506 983 184 445 112 853 761 981 552 259 369 968 387 501 215 422 43 0 939 955 330 424 552 277 876 289 828 814 679 37 720 900 352 891 274 510 203 297 332 349 574 140 767 991
933 637 616 742 568 801 433 421 329 126 619 102 46 584 943 870 399 650 128 40 891 248 441 853 311 781 453 131 762 495 931 92 1050 562 479 922 808 272 617 567 731 921 897 939 0 392 644 521 434 753 337 669 732 267 442 948 218 133 589 616 706 470 850 642 725 591 975 845 431 214
769 523 239 467 750 560 518 46 246 323 270 318 352 506 776 568 706 773 518 361 925 249 64 586 84 667 473 279 819 592 902 353 768 172 701 831 683 661 569 779 744 761 912 955 392 0 625 632 415 695 91 667 399 610 732 978 408 261 629 254 682 454 949 696 872 640 754 826 194 197
359 160 628 439 339 398 223 598 398 713 556 683 608 130 370 547 542 258 675 658 301 450 681 470 632 191 191 668 213 199 292 553 625 662 392 286 221 737 63 397 120 344 287 330 644 625 0 210 226 115 545 44 553 586 518 353 429 585 96 584 62 184 356 127 348 110 465 208 439 667
569 332 710 597 147 581 114 618 386 618 652 586 496 273 580 721 335 143 518 546 373 401 695 654 610 401 171 583 242 40 438 440 824 719 181 480 432 553 239 201 236 554 384 424 521 632 210 0 233 318 541 205 686 398 308 429 306 504 114 674 251 208 335 133 239 103 673 356 480 608
504 208 477 405 373 421 131 395 175 490 422 461 394 151 515 537 456 366 489 442 517 224 476 488 410 347 61 444 405 193 518 341 678 487 364 490 375 580 187 417 337 491 509 552 434 415 226 233 0 325 329 263 470 446 454 572 236 360 214 442 288 42 534 281 467 225 565 435 248 440
258 179 660 424 433 358 339 663 486 815 583 786 716 191 269 511 653 333 790 765 267 547 747 426 713 106 299 769 232 312 206 661 554 707 497 170 131 852 138 492 132 243 239 277 753 695 115 318 325 0 622 114 554 701 626 308 541 685 204 614 68 285 370 207 406 215 380 137 502 760
719 455 279 446 658 529 427 93 156 296 284 283 293 431 727 561 622 683 458 313 843 159 156 564 93 604 386 246 734 502 828 283 755 233 610 767 623 598 492 688 662 710 832 876 337 91 545 541 329 622 0 586 406 533 646 897 321 203 543 279 603 369 862 610 781 553 720 749 137 182
370 202 673 479 320 433 241 641 437 744 601 713 636 175 382 584 540 228 694 686 257 486 724 505 672 208 221 701 168 202 261 580 652 707 383 276 237 747 108 379 76 355 246 289 669 667 44 205 263 114 586 0 596 594 512 311 452 617 92 629 46 221 312 97 312 101 486 176 482 703
487 394 189 139 834 241 600 354 425 702 129 689 686 430 490 177 914 795 841 714 822 497 402 225 476 471 523 652 764 650 738 659 377 274 834 617 469 970 491 883 663 486 793 828 732 399 553 686 470 554 406 596 0 870 919 862 635 601 617 151 582 481 908 673 893 633 415 688 303 584
931 646 801 838 376 866 366 627 446 393 780 369 282 583 942 972 140 487 175 307 759 386 670 931 542 763 428 393 629 392 837 260 1124 766 274 870 794 155 586 354 634 917 776 814 267 610 586 398 446 701 533 594 870 0 190 813 234 359 502 786 639 464 679 531 536 496 1008 754 574 467
877 621 888 859 224 864 335 739 523 568 851 540 447 558 888 990 52 346 365 482 623 486 796 935 677 708 413 559 499 321 723 410 1116 869 131 784 739 319 539 183 531 862 647 679 442 732 518 308 454 626 646 512 919 190 0 672 324 507 422 864 559 456 519 429 370 411 976 647 649 622
470 484 967 729 448 651 518 951 747 1037 891 1005 920 478 477 801 716 328 947 971 56 790 1035 712 982 394 523 997 187 453 149 864 798 1009 547 296 404 967 412 492 235 459 69 37 948 978 353 429 572 308 897 311 862 813 672 0 730 914 366 921 300 530 178 307 316 361 611 173 791 1008
740 444 574 607 376 644 214 414 213 312 547 280 190 386 751 741 301 441 253 240 674 163 471 705 356 579 242 281 545 277 713 134 901 548 305 711 608 349 409 390 513 727 678 720 218 408 429 306 236 541 321 452 635 234 324 730 0 207 370 556 490 266 640 423 525 372 799 628 341 320
839 548 483 620 583 687 399 288 219 130 486 103 91 503 849 745 472 643 256 112 858 142 315 734 185 697 396 83 733 470 877 99 930 430 510 848 722 399 547 596 686 828 857 900 133 261 585 504 360 685 203 617 601 359 507 914 207 0 548 482 647 401 840 608 730 553 867 792 304 115
455 237 667 514 244 484 156 608 388 671 601 640 558 187 466 629 449 178 606 608 310 425 690 557 623 288 159 631 191 110 344 501 719 690 295 369 318 655 136 302 142 440 309 352 589 629 96 114 214 204 543 92 617 502 422 366 370 548 0 627 138 175 321 67 276 16 562 259 455 642
602 437 48 257 815 363 572 211 344 570 32 560 571 453 607 328 851 799 733 592 875 401 251 366 335 549 502 521 797 635 813 553 529 124 797 709 555 869 520 858 703 598 852 891 616 254 584 674 442 614 279 629 151 786 864 921 556 482 627 0 625 466 939 691 900 642 551 751 215 447
325 190 671 459 365 404 282 652 459 776 596 745 670 178 337 556 587 267 735 721 250 512 736 475 691 167 253 731 184 248 230 615 614 710 429 230 195 792 112 423 81 311 232 274 706 682 62 251 288 68 603 46 582 639 559 300 490 647 138 625 0 246 328 139 345 147 444 147 492 729
474 182 503 404 353 410 122 432 216 531 443 501 432 120 485 534 463 335 519 481 475 265 514 479 452 313 43 485 365 170 477 378 665 519 356 451 342 604 147 402 295 460 467 510 470 454 184 208 42 285 369 221 481 464 456 530 266 401 175 466 246 0 497 242 436 187 543 393 281 482
592 514 982 787 303 728 444 929 705 952 912 920 829 486 601 881 567 200 829 878 153 732 1010 796 937 474 476 919 144 370 298 774 913 1010 405 429 494 828 420 335 246 579 194 203 850 949 356 335 534 370 862 312 908 679 519 178 640 840 321 939 328 497 0 254 149 309 730 272 777 943
465 285 732 564 226 525 210 675 455 729 664 698 613 243 476 674 461 132 649 663 250 489 757 598 689 305 225 691 126 148 305 556 749 756 297 355 334 686 183 284 103 450 255 297 642 696 127 133 281 207 610 97 673 531 429 307 423 608 67 691 139 242 254 0 221 56 583 223 522 705
656 507 939 786 161 745 354 858 626 834 876 803 709 463 666 895 419 101 692 756 276 638 935 817 848 511 405 806 186 279 406 656 959 955 261 513 537 683 405 186 274 642 310 332 725 872 348 239 467 406 781 312 893 536 370 316 525 730 276 900 345 436 149 221 0 261 785 353 716 840
467 253 682 530 229 500 158 620 398 675 617 644 561 203 479 646 439 162 604 611 304 432 701 573 632 301 168 636 182 104 346 504 734 704 283 376 331 650 152 287 142 452 306 349 591 640 110 103 225 215 553 101 633 496 411 361 372 553 16 642 147 187 309 56 261 0 576 261 468 648
141 361 596 295 805 194 649 709 649 993 521 970 930 426 134 262 993 712 1049 972 595 729 779 190 810 277 580 940 606 654 462 884 186 675 854 315 249 1145 436 863 511 152 554 574 975 754 465 673 565 380 720 486 415 1008 976 611 799 867 562 551 444 543 730 583 785 576 0 459 583 897
320 316 798 555 431 479 414 795 606 920 721 889 812 320 329 631 682 311 865 862 139 659 879 543 838 222 397 876 166 365 85 756 644 844 515 161 234 909 257 486 120 307 105 140 845 826 208 356 435 137 749 176 688 754 647 173 628 792 259 751 147 393 272 223 353 261 459 0 634 876
582 328 240 317 614 393 371 160 128 418 206 400 384 315 590 440 635 615 537 416 740 193 244 434 230 473 310 366 641 440 709 356 628 239 587 637 490 667 380 653 559 573 724 767 431 194 439 480 248 502 137 482 303 574 649 791 341 304 455 215 492 281 777 522 716 468 583 634 0 314
887 607 436 628 696 708 499 237 274 125 458 125 186 571 896 743 586 750 342 177 952 217 235 746 113 758 484 86 831 573 958 212 938 369 625 916 780 486 623 711 775 877 947 991 214 197 667 608 440 760 182 703 584 467 622 1008 320 115 642 447 729 482 943 705 840 648 897 876 314 0
