97
0 641 837 422 228 584 220 419 372 79 447 717 307 142 268 697 383 225 280 314 121 367 679 457 623 221 638 689 730 215 432 547 380 155 168 67 454 984 188 821 609 589 314 805 736 667 896 717 630 651 175 411 294 283 636 412 354 689 601 637 274 691 583 357 751 730 769 220 862 647 269 740 570 726 479 539 609 250 249 599 364 699 216 604 559 458 332 497 895 526 618 203 577 691 317 436 647
641 0 435 467 761 287 598 505 745 720 379 399 934 672 398 104 372 598 795 540 695 311 481 776 284 464 473 82 230 830 281 190 275 703 640 659 376 462 537 516 129 52 347 288 351 351 516 197 101 352 573 805 371 677 481 421 547 468 128 285 718 848 875 597 401 542 151 452 289 392 376 443 96 474 671 502 849 391 801 498 566 369 528 839 688 656 556 818 388 254 830 656 116 362 932 460 262
837 435 0 447 840 258 678 472 727 906 393 126 1142 790 577 337 454 675 849 574 827 653 915 707 222 616 904 498 205 1053 418 338 498 958 917 819 773 195 661 120 329 438 658 170 105 787 81 618 342 787 689 774 679 993 911 436 550 202 561 720 759 640 748 587 89 234 516 738 242 199 653 877 513 168 573 915 696 624 1066 313 557 804 637 686 534 571 572 733 138 325 665 945 368 146 1154 431 698
422 467 447 0 392 237 233 38 301 478 89 321 712 347 220 456 113 229 403 126 386 422 796 313 274 217 766 547 415 633 193 283 253 565 544 388 575 624 233 407 359 423 389 474 360 710 492 640 392 701 253 357 397 646 770 48 104 272 521 651 313 402 407 148 358 308 618 412 553 248 350 808 462 311 204 720 384 293 669 177 116 740 206 375 236 188 125 353 539 223 369 578 353 306 729 16 643
228 761 840 392 0 615 170 369 184 207 458 713 376 100 364 791 418 171 52 266 106 545 892 268 654 297 853 825 787 339 499 619 485 360 393 162 660 1014 223 791 694 709 490 853 751 863 881 879 721 848 188 201 477 505 852 409 291 657 755 824 93 519 382 260 750 676 905 420 926 640 436 944 711 697 343 761 421 391 423 548 286 896 234 419 425 328 267 298 928 577 439 426 670 698 405 408 829
584 287 258 237 615 0 447 272 539 655 158 154 891 552 320 240 205 444 634 352 587 411 722 545 39 363 703 369 177 799 160 111 243 701 659 572 545 403 417 279 158 261 408 238 153 609 326 483 190 604 447 594 427 737 710 207 340 190 386 542 545 571 623 386 178 263 425 482 316 113 397 706 327 207 421 693 587 366 808 211 353 633 395 576 419 411 358 581 315 70 563 687 176 118 901 224 525
220 598 678 233 170 447 0 218 187 257 290 552 484 114 208 622 247 5 197 108 155 416 787 260 486 143 750 666 617 414 330 450 324 375 376 168 550 847 75 640 525 546 364 684 586 738 725 729 553 724 54 242 357 490 750 243 143 505 604 691 122 476 388 137 589 534 745 323 756 479 310 826 556 544 259 672 403 254 468 402 148 770 72 397 339 238 119 305 760 406 407 412 503 534 504 249 692
419 505 472 38 369 272 218 0 266 471 127 345 702 333 241 494 146 214 377 110 373 450 826 275 307 227 796 585 450 627 230 322 286 567 551 380 603 652 231 423 398 461 415 507 389 744 511 677 430 734 246 321 421 655 799 85 78 288 557 685 287 370 369 117 382 315 656 429 588 272 372 841 499 328 167 746 347 314 668 184 85 774 203 338 203 150 102 315 569 261 333 585 392 333 721 48 677
372 745 727 301 184 539 187 266 0 378 386 602 560 231 382 751 373 183 156 205 262 599 973 86 574 324 937 820 716 520 465 575 485 522 540 306 737 914 262 659 652 696 549 774 652 920 756 896 684 907 239 60 543 655 937 336 202 530 771 870 100 335 211 153 640 534 896 510 854 532 495 1010 718 569 174 859 240 437 598 417 186 952 252 237 251 165 189 124 833 519 255 575 639 596 589 314 869
79 720 906 478 207 655 257 471 378 0 513 783 236 153 343 775 452 263 257 361 116 443 740 464 695 292 699 768 806 156 507 623 458 153 197 90 522 1057 246 883 687 669 391 880 806 737 961 795 708 720 225 406 371 302 696 474 400 749 679 710 277 708 585 393 818 786 848 294 938 712 348 806 649 788 507 595 618 329 220 654 406 768 273 615 590 488 376 500 968 599 632 225 655 759 251 494 721
447 379 393 89 458 158 290 127 386 513 0 270 749 398 203 367 70 287 475 194 435 371 732 402 197 227 706 460 333 663 114 194 191 578 547 426 521 557 268 375 270 336 347 397 297 639 448 556 303 631 296 443 359 639 710 50 184 247 440 577 387 479 495 233 305 301 529 391 472 200 317 737 380 282 292 670 470 268 685 184 200 667 243 460 313 276 201 442 470 134 452 578 265 247 763 80 567
717 399 126 321 713 154 552 345 602 783 270 0 1020 664 461 320 334 549 722 447 702 565 862 587 129 495 846 474 199 933 311 256 396 843 805 696 696 312 538 126 275 387 562 212 67 742 179 595 298 740 564 651 581 888 853 311 423 95 515 675 632 544 636 461 37 157 512 633 299 72 549 837 459 80 453 843 588 515 950 195 430 763 513 578 421 449 445 615 237 224 559 834 306 38 1033 304 655
307 934 1142 712 376 891 484 702 560 236 749 1020 0 370 576 998 688 488 408 591 329 636 860 643 930 527 819 974 1038 106 740 854 685 243 314 324 675 1291 482 1118 914 884 590 1112 1042 889 1197 982 933 872 458 569 567 355 813 710 627 984 876 876 466 893 747 613 1054 1017 1051 486 1168 949 557 940 855 1023 714 704 793 551 184 886 631 918 508 791 797 698 603 668 1203 834 812 316 880 996 38 727 892
142 672 790 347 100 552 114 333 231 153 398 664 370 0 274 709 348 119 149 223 40 445 792 317 592 208 753 733 717 307 421 542 397 291 311 75 559 955 139 755 614 620 390 787 695 763 839 782 640 748 105 268 376 426 752 354 257 619 659 724 131 556 441 244 701 649 814 320 854 592 337 844 618 659 354 662 470 294 372 517 260 795 157 465 437 335 233 355 867 506 481 345 588 645 392 363 729
268 398 577 220 364 320 208 241 382 343 203 461 576 274 0 438 133 210 401 193 299 222 602 438 358 67 569 461 462 480 164 279 122 382 344 269 370 716 140 575 346 346 178 536 473 538 640 520 369 526 175 441 181 436 571 187 223 450 395 487 331 601 560 262 492 504 541 192 595 396 132 630 348 484 381 509 557 73 489 382 243 570 136 548 438 359 217 484 627 258 550 375 316 432 583 229 487
697 104 337 456 791 240 622 494 751 775 367 320 998 709 438 0 380 622 819 549 736 396 583 770 223 501 576 160 132 896 292 175 318 775 716 706 476 359 570 428 98 130 425 184 264 452 418 281 69 454 605 809 448 763 585 415 548 400 232 387 737 811 857 598 315 472 192 526 189 328 444 540 196 399 654 605 824 447 877 449 566 467 556 814 658 641 562 809 284 233 802 735 121 285 1000 446 363
383 372 454 113 418 205 247 146 373 452 70 334 688 348 133 380 0 246 442 169 382 312 683 405 244 161 654 449 369 599 91 204 139 510 477 367 464 608 212 443 281 324 283 438 353 597 513 534 312 588 243 433 294 569 657 67 174 317 413 538 357 516 510 224 367 371 523 322 508 266 249 694 355 351 311 611 493 199 617 252 194 627 190 483 349 293 184 448 520 159 479 509 265 307 700 114 531
225 598 675 229 171 444 5 214 183 263 287 549 488 119 210 622 246 0 197 104 159 419 790 255 484 146 754 667 615 419 329 449 325 380 382 173 554 845 79 636 524 547 367 682 583 741 721 731 552 727 59 238 360 496 754 240 138 501 606 694 121 470 384 131 585 530 746 327 754 476 313 829 557 540 254 677 398 257 473 398 143 773 74 391 333 233 114 300 758 405 402 418 503 531 509 245 695
280 795 849 403 52 634 197 377 156 257 475 722 408 149 401 819 442 197 0 281 159 590 942 235 672 334 903 862 808 381 527 646 520 410 445 214 709 1027 260 793 721 743 536 872 764 910 886 920 750 896 226 161 523 557 902 426 299 660 795 869 89 486 341 262 760 674 941 469 947 650 482 993 750 700 326 812 384 434 470 549 291 943 267 383 406 314 278 260 943 600 404 477 700 709 440 419 873
314 540 574 126 266 352 108 110 205 361 194 447 591 223 193 549 169 104 281 0 263 416 795 248 391 151 762 614 527 518 260 373 282 465 455 271 563 747 129 532 450 490 370 591 485 729 618 692 481 717 138 265 370 565 764 144 41 397 567 675 193 416 367 69 484 426 690 360 667 374 320 822 513 436 192 698 364 260 564 294 56 760 103 356 261 171 25 294 662 322 360 491 435 431 610 142 672
121 695 827 386 106 587 155 373 262 116 435 702 329 40 299 736 382 159 159 263 0 454 790 349 626 235 751 753 749 267 452 572 421 260 288 55 560 990 170 794 642 643 399 820 732 767 877 797 667 752 139 295 383 401 749 391 298 659 675 732 162 592 471 284 738 689 834 320 886 630 347 845 636 698 393 656 503 310 336 557 301 800 192 499 476 375 274 385 902 538 516 321 615 682 351 402 738
367 311 653 422 545 411 416 450 599 443 371 565 636 445 222 396 312 419 590 416 454 0 380 660 437 275 347 338 481 530 269 315 181 397 331 405 152 741 340 690 340 268 54 555 549 322 730 351 344 308 370 657 72 367 349 379 445 588 240 279 535 819 782 485 586 655 415 151 584 517 108 410 222 613 601 299 779 161 492 553 465 354 347 770 653 580 440 706 657 341 772 345 299 528 630 426 284
679 481 915 796 892 722 787 826 973 740 732 862 860 792 602 583 683 790 942 795 790 380 0 1038 735 652 41 433 711 761 620 611 543 628 559 735 236 931 711 986 590 478 426 768 825 135 996 331 573 130 737 1029 430 506 47 750 825 912 353 196 900 1196 1162 865 872 985 457 473 753 836 479 96 404 929 981 156 1159 538 678 904 845 133 721 1150 1030 960 820 1084 865 662 1151 547 556 824 838 797 222
457 776 707 313 268 545 260 275 86 464 402 587 643 317 438 770 405 255 235 248 349 660 1038 0 577 386 1003 854 721 606 496 597 529 608 624 392 803 899 332 628 673 729 612 773 642 977 727 938 706 965 314 83 608 739 1004 356 231 506 814 924 187 250 128 182 623 498 927 582 856 520 559 1069 759 543 134 930 154 500 685 393 210 1008 318 150 193 137 226 45 822 537 170 660 665 586 673 324 921
623 284 222 274 654 39 486 307 574 695 197 129 930 592 358 223 244 484 672 391 626 437 735 577 0 403 718 364 143 838 196 126 276 738 695 611 567 363 456 256 154 264 438 200 116 617 294 481 183 614 487 629 458 771 724 246 377 184 391 550 583 590 651 423 148 258 413 515 280 108 430 714 334 194 452 714 612 402 845 227 390 640 434 602 444 442 396 613 275 102 587 722 180 91 940 259 532
221 464 616 217 297 363 143 227 324 292 227 495 527 208 67 501 161 146 334 151 235 275 652 386 403 0 617 528 517 437 218 337 189 353 327 210 417 765 73 602 407 412 226 589 514 596 674 586 432 583 108 382 222 429 618 197 188 472 462 548 266 567 510 219 529 519 608 209 652 426 173 686 415 508 344 548 513 114 458 391 206 628 72 505 410 322 176 432 676 308 510 361 379 469 538 229 549
638 473 904 766 853 703 750 796 937 699 706 846 819 753 569 576 654 754 903 762 751 347 41 1003 718 617 0 431 701 720 594 593 515 587 518 696 200 929 675 971 576 466 391 761 811 142 985 337 561 132 700 992 394 466 10 721 792 893 344 195 863 1166 1127 831 857 965 462 434 751 817 443 130 391 910 949 116 1126 503 638 880 812 149 686 1117 1000 928 786 1049 860 641 1119 506 541 808 798 769 221
689 82 498 547 825 369 666 585 820 768 460 474 974 733 461 160 449 667 862 614 753 338 433 854 364 528 431 0 292 868 358 272 341 736 670 714 369 498 602 587 211 124 383 340 422 298 578 121 180 302 637 880 406 694 440 501 624 547 108 236 787 931 955 674 473 621 80 488 320 472 420 382 119 551 752 478 930 444 830 580 643 311 595 920 770 736 632 897 434 337 911 682 199 438 969 540 210
730 230 205 415 787 177 617 450 716 806 333 199 1038 717 462 132 369 615 808 527 749 481 711 721 143 517 701 292 0 940 299 184 357 830 778 728 583 262 578 298 141 238 497 76 137 581 286 413 143 582 611 772 520 840 710 383 517 289 357 515 720 725 793 564 188 356 317 590 139 226 504 671 312 280 595 721 753 491 935 361 531 598 559 743 584 586 535 756 176 210 727 802 182 171 1044 401 492
215 830 1053 633 339 799 414 627 520 156 663 933 106 307 480 896 599 419 381 518 267 530 761 606 838 437 720 868 940 0 645 756 585 138 209 247 570 1197 400 1036 814 780 485 1015 951 785 1111 875 832 768 381 540 462 263 715 627 557 903 770 771 421 855 721 549 966 941 946 380 1068 863 453 840 750 941 660 606 760 451 106 810 563 815 427 757 743 642 533 638 1108 739 776 214 779 907 103 648 787
432 281 418 193 499 160 330 230 465 507 114 311 740 421 164 292 91 329 527 260 452 269 620 496 196 218 594 358 299 645 0 120 89 542 498 429 415 551 282 432 194 233 255 372 313 524 486 447 223 516 316 525 272 577 599 145 266 321 327 462 444 592 599 316 338 386 432 322 434 254 238 622 268 349 397 565 578 206 649 287 285 553 265 568 427 380 276 539 462 94 562 526 175 277 748 189 452
547 190 338 283 619 111 450 322 575 623 194 256 854 542 279 175 204 449 646 373 572 315 611 597 126 337 593 272 184 756 120 0 172 645 595 547 441 444 403 382 77 155 322 260 234 498 414 379 109 493 437 633 344 662 599 240 373 301 276 431 562 658 689 423 272 375 337 409 315 224 323 595 216 317 485 587 660 306 751 312 390 522 386 650 498 471 386 637 356 64 640 620 73 217 859 274 415
380 275 498 253 485 243 324 286 485 458 191 396 685 397 122 318 139 325 520 282 421 181 543 529 276 189 515 341 357 585 89 172 0 473 423 389 330 617 261 520 229 223 166 432 393 458 570 410 250 448 297 545 184 495 520 206 300 410 285 400 446 656 642 347 422 475 420 239 483 343 154 555 233 438 448 479 629 134 579 372 321 488 253 620 489 428 303 574 529 174 617 448 196 362 689 254 394
155 703 958 565 360 701 375 567 522 153 578 843 243 291 382 775 510 380 410 465 260 397 628 608 738 353 587 736 830 138 542 645 473 0 71 216 432 1090 336 954 698 655 355 905 854 648 1022 739 713 631 328 556 331 152 582 550 506 825 636 633 422 845 732 511 875 871 813 250 953 777 330 704 619 861 634 475 761 339 107 742 517 677 364 757 714 613 485 646 1001 637 772 83 661 814 233 579 649
168 640 917 544 393 659 376 551 540 197 547 805 314 311 344 716 477 382 445 455 288 331 559 624 695 327 518 670 778 209 498 595 423 71 0 236 360 1040 326 920 643 593 293 854 811 576 983 669 656 559 325 580 269 115 513 523 497 794 569 562 443 852 751 509 835 845 746 190 897 741 274 633 554 829 635 408 775 292 161 718 510 606 352 769 712 614 477 665 952 592 782 35 605 774 302 557 578
67 659 819 388 162 572 168 380 306 90 426 696 324 75 269 706 367 173 214 271 55 405 735 392 611 210 696 714 728 247 429 547 389 216 236 0 506 975 158 794 615 607 350 800 721 715 873 752 638 700 134 344 334 350 694 386 309 659 632 681 207 629 517 305 731 695 794 267 863 624 301 792 595 698 422 600 545 269 301 563 316 748 183 540 504 402 286 431 886 519 555 270 585 673 341 403 689
454 376 773 575 660 545 550 603 737 522 521 696 675 559 370 476 464 554 709 563 560 152 236 803 567 417 200 369 583 570 415 441 330 432 360 506 0 834 475 823 445 348 192 653 672 216 852 328 440 199 501 793 194 346 201 531 594 729 261 203 664 970 927 632 713 799 430 239 665 656 243 286 280 752 751 149 927 303 505 702 614 247 486 919 805 730 587 849 756 478 921 359 405 658 660 579 222
984 462 195 624 1014 403 847 652 914 1057 557 312 1291 955 716 359 608 845 1027 747 990 741 931 899 363 765 929 498 262 1197 551 444 617 1090 1040 975 834 0 820 304 402 486 760 186 263 796 214 606 398 801 851 963 782 1102 938 604 728 397 588 735 938 834 943 769 275 429 485 852 177 381 766 875 555 364 765 964 892 751 1196 506 737 806 798 882 729 762 749 927 88 457 861 1064 443 318 1300 608 709
188 537 661 233 223 417 75 231 262 246 268 538 482 139 140 570 212 79 260 129 170 340 711 332 456 73 675 602 578 400 282 403 261 336 326 158 475 820 0 636 475 485 288 649 564 662 715 659 501 649 35 318 281 436 675 228 170 503 535 617 195 535 460 185 573 542 681 250 715 466 234 750 489 541 313 598 470 179 437 410 183 695 27 463 387 291 151 377 732 367 471 361 449 515 497 248 618
821 516 120 407 791 279 640 423 659 883 375 126 1118 755 575 428 443 636 793 532 794 690 986 628 256 602 971 587 298 1036 432 382 520 954 920 794 823 304 636 0 396 509 686 282 165 864 100 709 417 862 660 701 704 1007 978 409 501 135 636 797 705 532 653 532 115 132 616 753 360 179 671 958 582 95 494 970 597 633 1061 244 505 884 610 588 444 496 525 648 258 349 565 951 430 164 1134 391 776
609 129 329 359 694 158 525 398 652 687 270 275 914 614 346 98 281 524 721 450 642 340 590 673 154 407 576 211 141 814 194 77 229 698 643 615 445 402 475 396 0 112 358 215 234 467 409 326 33 465 509 711 381 700 584 317 450 339 240 400 638 725 763 500 281 413 267 453 254 262 369 562 186 347 560 586 733 363 802 370 467 488 460 723 569 546 463 713 317 137 712 665 41 236 918 350 380
589 52 438 423 709 261 546 461 696 669 336 387 884 620 346 130 324 547 743 490 643 268 478 729 264 412 466 124 238 780 233 155 223 655 593 607 348 486 485 509 112 0 300 305 346 355 519 224 95 353 520 756 324 635 473 376 499 448 127 287 666 810 830 549 394 522 200 404 319 371 327 450 74 458 627 482 806 339 755 467 519 376 476 796 648 611 508 772 408 218 788 611 84 349 883 416 268
314 347 658 389 490 408 364 415 549 391 347 562 590 390 178 425 283 367 536 370 399 54 426 612 438 226 391 383 497 485 255 322 166 355 293 350 192 760 288 686 358 300 0 573 553 375 732 403 367 361 317 606 23 342 393 349 402 576 289 334 482 779 736 440 586 641 461 104 609 509 54 462 264 605 559 331 735 112 454 532 422 407 296 727 615 538 395 658 674 338 729 310 318 526 586 395 339
805 288 170 474 853 238 684 507 774 880 397 212 1112 787 536 184 438 682 872 591 820 555 768 773 200 589 761 340 76 1015 372 260 432 905 854 800 653 186 649 282 215 305 573 0 145 636 245 457 213 638 681 827 596 915 770 446 577 307 417 571 784 754 836 623 188 366 349 666 87 259 580 722 377 289 643 787 792 567 1011 396 590 650 629 782 624 636 596 806 103 281 764 878 256 195 1119 459 547
736 351 105 360 751 153 586 389 652 806 297 67 1042 695 473 264 353 583 764 485 732 549 825 642 116 514 811 422 137 951 313 234 393 854 811 721 672 263 564 165 234 346 553 145 0 700 180 543 253 699 593 702 573 888 819 342 464 162 473 633 674 610 697 506 51 223 454 632 232 121 547 794 421 146 510 817 651 519 961 255 474 720 540 641 483 504 486 672 181 219 622 839 270 56 1053 344 612
667 351 787 710 863 609 738 744 920 737 639 742 889 763 538 452 597 741 910 729 767 322 135 977 617 596 142 298 581 785 524 498 458 648 576 715 216 796 662 864 467 355 375 636 700 0 868 196 447 17 692 978 386 549 152 663 754 799 227 67 857 1113 1096 798 749 873 322 448 618 721 429 98 283 812 905 229 1086 483 715 801 774 32 668 1077 947 885 752 1023 732 553 1075 572 437 704 872 710 89
896 516 81 492 881 326 725 511 756 961 448 179 1197 839 640 418 513 721 886 618 877 730 996 727 294 674 985 578 286 1111 486 414 570 1022 983 873 852 214 715 100 409 519 732 245 180 868 0 698 423 868 741 798 752 1064 992 487 590 226 642 801 797 631 754 623 148 232 594 808 307 248 724 958 594 186 593 995 698 692 1129 338 595 885 690 689 544 594 614 748 188 396 666 1012 448 209 1211 476 779
717 197 618 640 879 483 729 677 896 795 556 595 982 782 520 281 534 731 920 692 797 351 331 938 481 586 337 121 413 875 447 379 410 739 669 752 328 606 659 709 326 224 403 457 543 196 698 0 298 204 693 956 423 673 347 592 707 665 125 146 852 1034 1045 756 594 739 126 502 429 589 450 268 179 671 844 405 1025 488 824 691 727 201 657 1015 870 827 712 982 548 443 1009 675 307 558 972 635 119
630 101 342 392 721 190 553 430 684 708 303 298 933 640 369 69 312 552 750 481 667 344 573 706 183 432 561 180 143 832 223 109 250 713 656 638 440 398 501 417 33 95 367 213 253 447 423 298 0 446 536 743 391 709 569 350 482 367 220 380 668 758 797 532 301 441 234 466 241 291 383 541 170 373 593 577 766 381 816 402 499 467 487 756 602 579 494 746 316 170 745 677 53 260 935 383 359
651 352 787 701 848 604 724 734 907 720 631 740 872 748 526 454 588 727 896 717 752 308 130 965 614 583 132 302 582 768 516 493 448 631 559 700 199 801 649 862 465 353 361 638 699 17 868 204 446 0 678 965 372 532 142 654 742 795 226 67 843 1104 1084 786 747 868 330 432 623 717 415 106 280 809 895 214 1076 470 698 795 763 47 655 1067 937 875 741 1011 735 548 1065 555 434 701 855 701 91
175 573 689 253 188 447 54 246 239 225 296 564 458 105 175 605 243 59 226 138 139 370 737 314 487 108 700 637 611 381 316 437 297 328 325 134 501 851 35 660 509 520 317 681 593 692 741 693 536 678 0 292 308 438 700 253 178 525 569 648 164 528 443 183 600 561 717 270 749 492 263 779 524 564 309 620 457 210 425 429 188 725 52 451 387 288 156 358 763 400 461 361 484 543 475 269 650
411 805 774 357 201 594 242 321 60 406 443 651 569 268 441 809 433 238 161 265 295 657 1029 83 629 382 992 880 772 540 525 633 545 556 580 344 793 963 318 701 711 756 606 827 702 978 798 956 743 965 292 0 599 694 992 394 260 575 831 929 138 327 180 210 688 572 956 562 909 582 552 1067 778 613 207 912 224 495 625 461 243 1010 310 222 274 204 249 99 884 577 245 614 698 646 601 370 929
294 371 679 397 477 427 357 421 543 371 359 581 567 376 181 448 294 360 523 370 383 72 430 608 458 222 394 406 520 462 272 344 184 331 269 334 194 782 281 704 381 324 23 596 573 386 752 423 391 372 308 599 0 319 395 358 403 592 310 348 473 782 733 440 605 656 484 81 632 527 50 470 288 621 561 327 735 110 430 544 423 419 291 727 620 540 395 654 696 357 730 287 341 545 563 403 355
283 677 993 646 505 737 490 655 655 302 639 888 355 426 436 763 569 496 557 565 401 367 506 739 771 429 466 694 840 263 577 662 495 152 115 350 346 1102 436 1007 700 635 342 915 888 549 1064 673 709 532 438 694 319 0 459 620 606 885 588 548 557 966 866 621 916 940 764 255 950 827 340 590 585 918 748 349 890 374 172 816 620 576 462 884 824 726 587 780 1016 668 897 80 660 855 332 657 568
636 481 911 770 852 710 750 799 937 696 710 853 813 752 571 585 657 754 902 764 749 349 47 1004 724 618 10 440 710 715 599 599 520 582 513 694 201 938 675 978 584 473 393 770 819 152 992 347 569 142 700 992 395 459 0 725 794 899 353 204 862 1168 1129 833 864 971 472 433 760 823 444 139 398 917 951 109 1128 504 631 885 815 160 686 1119 1003 930 788 1050 869 647 1121 501 548 815 791 772 231
412 421 436 48 409 207 243 85 336 474 50 311 710 354 187 415 67 240 426 144 391 379 750 356 246 197 721 501 383 627 145 240 206 550 523 386 531 604 228 409 317 376 349 446 342 663 487 592 350 654 253 394 358 620 725 0 134 276 473 603 337 450 454 183 347 322 572 379 522 239 312 760 414 314 252 677 432 258 655 195 150 692 202 423 283 235 151 397 518 183 417 556 309 291 725 47 594
354 547 550 104 291 340 143 78 202 400 184 423 627 257 223 548 174 138 299 41 298 445 825 231 377 188 792 624 517 557 266 373 300 506 497 309 594 728 170 501 450 499 402 577 464 754 590 707 482 742 178 260 403 606 794 134 0 366 583 698 209 379 342 50 460 391 698 397 656 350 353 848 528 406 157 731 334 293 604 260 20 785 144 325 221 136 24 275 644 317 327 532 438 410 648 119 694
689 468 202 272 657 190 505 288 530 749 247 95 984 619 450 400 317 501 660 397 659 588 912 506 184 472 893 547 289 903 321 301 410 825 794 659 729 397 503 135 339 448 576 307 162 799 226 665 367 795 525 575 592 885 899 276 366 0 574 732 571 449 546 398 125 74 592 634 395 77 555 896 516 39 371 878 496 512 931 113 370 822 476 486 332 371 390 531 327 252 466 826 363 117 1000 256 715
601 128 561 521 755 386 604 557 771 679 440 515 876 659 395 232 413 606 795 567 675 240 353 814 391 462 344 108 357 770 327 276 285 636 569 632 261 588 535 636 240 127 289 417 473 227 642 125 220 226 569 831 310 588 353 473 583 574 0 160 727 919 923 632 521 649 177 391 413 497 332 322 60 586 724 377 905 365 728 587 604 248 532 896 754 706 588 859 517 336 890 579 211 477 870 517 140
637 285 720 651 824 542 691 685 870 710 577 675 876 724 487 387 538 694 869 675 732 279 196 924 550 548 195 236 515 771 462 431 400 633 562 681 203 735 617 797 400 287 334 571 633 67 801 146 380 67 648 929 348 548 204 603 698 732 160 0 812 1053 1041 744 681 806 269 417 557 654 387 164 216 745 848 259 1029 437 709 736 719 91 620 1020 887 828 698 970 668 487 1017 562 369 636 863 649 27
274 718 759 313 93 545 122 287 100 277 387 632 466 131 331 737 357 121 89 193 162 535 900 187 583 266 863 787 720 421 444 562 446 422 443 207 664 938 195 705 638 666 482 784 674 857 797 852 668 843 164 138 473 557 862 337 209 571 727 812 0 433 310 173 670 587 866 429 860 560 427 943 678 611 249 779 341 374 497 461 202 889 195 338 332 235 188 224 853 514 355 477 619 620 494 329 814
691 848 640 402 519 571 476 370 335 708 479 544 893 556 601 811 516 470 486 416 592 819 1196 250 590 567 1166 931 725 855 592 658 656 845 852 629 970 834 535 532 725 810 779 754 610 1113 631 1034 758 1104 528 327 782 966 1168 450 379 449 919 1053 433 0 171 350 574 405 993 776 842 498 732 1211 858 475 223 1110 109 672 928 364 360 1143 513 107 166 245 391 229 773 593 82 888 732 559 924 403 1044
583 875 748 407 382 623 388 369 211 585 495 636 747 441 560 857 510 384 341 367 471 782 1162 128 651 510 1127 955 793 721 599 689 642 732 751 517 927 943 460 653 763 830 736 836 697 1096 754 1045 797 1084 443 180 733 866 1129 454 342 546 923 1041 310 171 0 297 671 521 1025 710 923 577 684 1189 866 579 203 1057 63 624 804 442 321 1127 444 70 214 219 343 86 873 626 97 786 760 642 780 415 1036
357 597 587 148 260 386 137 117 153 393 233 461 613 244 262 598 224 131 262 69 284 485 865 182 423 219 831 674 564 549 316 423 347 511 509 305 632 769 185 532 500 549 440 623 506 798 623 756 532 786 183 210 440 621 833 183 50 398 632 744 173 350 297 0 498 415 748 426 702 389 390 892 576 438 128 766 295 329 605 288 33 829 162 287 203 106 45 227 686 366 291 544 488 450 636 163 740
751 401 89 358 750 178 589 382 640 818 305 37 1054 701 492 315 367 585 760 484 738 586 872 623 148 529 857 473 188 966 338 272 422 875 835 731 713 275 573 115 281 394 586 188 51 749 148 594 301 747 600 688 605 916 864 347 460 125 521 681 670 574 671 498 0 178 505 660 273 110 576 843 468 101 490 859 621 544 982 231 468 769 548 612 456 486 483 651 202 248 592 864 316 60 1067 342 661
730 542 234 308 676 263 534 315 534 786 301 157 1017 649 504 472 371 530 674 426 689 655 985 498 258 519 965 621 356 941 386 375 475 871 845 695 799 429 542 132 413 522 641 366 223 873 232 739 441 868 561 572 656 940 971 322 391 74 649 806 587 405 521 415 178 0 664 692 452 151 616 970 590 76 366 948 466 570 976 131 391 896 514 457 312 369 416 517 370 324 434 878 438 186 1036 293 789
769 151 516 618 905 425 745 656 896 848 529 512 1051 814 541 192 523 746 941 690 834 415 457 927 413 608 462 80 317 946 432 337 420 813 746 794 430 485 681 616 267 200 461 349 454 322 594 126 234 330 717 956 484 764 472 572 698 592 177 269 866 993 1025 748 505 664 0 565 309 519 500 392 199 591 821 524 998 525 905 636 717 327 674 988 835 806 707 970 432 401 978 757 264 478 1046 610 242
220 452 738 412 420 482 323 429 510 294 391 633 486 320 192 526 322 327 469 360 320 151 473 582 515 209 434 488 590 380 322 409 239 250 190 267 239 852 250 753 453 404 104 666 632 448 808 502 466 432 270 562 81 255 433 379 397 634 391 417 429 776 710 426 660 692 565 0 707 574 86 525 369 666 553 349 718 122 351 573 415 480 267 711 619 531 385 627 765 413 717 211 415 599 481 421 427
862 289 242 553 926 316 756 588 854 938 472 299 1168 854 595 189 508 754 947 667 886 584 753 856 280 652 751 320 139 1068 434 315 483 953 897 863 665 177 715 360 254 319 609 87 232 618 307 429 241 623 749 909 632 950 760 522 656 395 413 557 860 842 923 702 273 452 309 707 0 346 623 698 384 375 728 790 879 617 1057 483 669 628 697 869 711 720 674 890 126 349 852 918 292 283 1172 540 531
647 392 199 248 640 113 479 272 532 712 200 72 949 592 396 328 266 476 650 374 630 517 836 520 108 426 817 472 226 863 254 224 343 777 741 624 656 381 466 179 262 371 509 259 121 721 248 589 291 717 492 582 527 827 823 239 350 77 497 654 560 498 577 389 110 151 519 574 346 0 492 819 439 96 388 805 532 453 883 136 358 745 441 522 364 383 373 550 302 178 505 771 286 65 963 232 637
269 376 653 350 436 397 310 372 495 348 317 549 557 337 132 444 249 313 482 320 347 108 479 559 430 173 443 420 504 453 238 323 154 330 274 301 243 766 234 671 369 327 54 580 547 429 724 450 383 415 263 552 50 340 444 312 353 555 332 387 427 732 684 390 576 616 500 86 623 492 0 516 301 585 511 377 685 60 433 501 373 462 242 677 570 489 345 605 679 328 680 297 331 515 556 357 392
740 443 877 808 944 706 826 841 1010 806 737 837 940 844 630 540 694 829 993 822 845 410 96 1069 714 686 130 382 671 840 622 595 555 704 633 792 286 875 750 958 562 450 462 722 794 98 958 268 541 106 779 1067 470 590 139 760 848 896 322 164 943 1211 1189 892 843 970 392 525 698 819 516 0 379 908 1001 245 1182 572 761 900 869 73 757 1173 1044 981 846 1115 815 651 1172 625 533 799 921 807 181
570 96 513 462 711 327 556 499 718 649 380 459 855 618 348 196 355 557 750 513 636 222 404 759 334 415 391 119 312 750 268 216 233 619 554 595 280 555 489 582 186 74 264 377 421 283 594 179 170 280 524 778 288 585 398 414 528 516 60 216 678 858 866 576 468 590 199 369 384 439 301 379 0 528 666 409 847 326 715 526 548 306 484 837 694 648 533 803 479 276 831 568 153 421 851 458 198
726 474 168 311 697 207 544 328 569 788 282 80 1023 659 484 399 351 540 700 436 698 613 929 543 194 508 910 551 280 941 349 317 438 861 829 698 752 364 541 95 347 458 605 289 146 812 186 671 373 809 564 613 621 918 917 314 406 39 586 745 611 475 579 438 101 76 591 666 375 96 585 908 528 0 409 901 527 545 967 152 410 834 514 518 366 409 430 567 298 274 497 860 375 113 1039 295 726
479 671 573 204 343 421 259 167 174 507 292 453 714 354 381 654 311 254 326 192 393 601 981 134 452 344 949 752 595 660 397 485 448 634 635 422 751 765 313 494 560 627 559 643 510 905 593 844 593 895 309 207 561 748 951 252 157 371 724 848 249 223 203 128 490 366 821 553 728 388 511 1001 666 409 0 889 181 451 724 259 138 936 290 172 83 22 168 162 689 422 170 671 557 453 741 211 842
539 502 915 720 761 693 672 746 859 595 670 843 704 662 509 605 611 677 812 698 656 299 156 930 714 548 116 478 721 606 565 587 479 475 408 600 149 964 598 970 586 482 331 787 817 229 995 405 577 214 620 912 327 349 109 677 731 878 377 259 779 1110 1057 766 859 948 524 349 790 805 377 245 409 901 889 0 1061 438 522 851 751 248 613 1053 947 867 723 976 889 626 1058 393 547 805 682 724 285
609 849 696 384 421 587 403 347 240 618 470 588 793 470 557 824 493 398 384 364 503 779 1159 154 612 513 1126 930 753 760 578 660 629 761 775 545 927 892 470 597 733 806 735 792 651 1086 698 1025 766 1076 457 224 735 890 1128 432 334 496 905 1029 341 109 63 295 621 466 998 718 879 532 685 1182 847 527 181 1061 0 624 839 396 313 1117 451 10 168 200 339 124 824 596 34 810 733 597 825 390 1023
250 391 624 293 391 366 254 314 437 329 268 515 551 294 73 447 199 257 434 260 310 161 538 500 402 114 503 444 491 451 206 306 134 339 292 269 303 751 179 633 363 339 112 567 519 483 692 488 381 470 210 495 110 374 504 258 293 512 365 437 374 672 624 329 544 570 525 122 617 453 60 572 326 545 451 438 624 0 445 451 313 515 185 616 510 429 285 546 662 300 619 320 328 483 555 301 440
249 801 1066 669 423 808 468 668 598 220 685 950 184 372 489 877 617 473 470 564 336 492 678 685 845 458 638 830 935 106 649 751 579 107 161 301 505 1196 437 1061 802 755 454 1011 961 715 1129 824 816 698 425 625 430 172 631 655 604 931 728 709 497 928 804 605 982 976 905 351 1057 883 433 761 715 967 724 522 839 445 0 846 613 743 465 835 805 704 582 719 1108 744 852 149 764 921 160 683 727
599 498 313 177 548 211 402 184 417 654 184 195 886 517 382 449 252 398 549 294 557 553 904 393 227 391 880 580 361 810 287 312 372 742 718 563 702 506 410 244 370 467 532 396 255 801 338 691 402 795 429 461 544 816 885 195 260 113 587 736 461 364 442 288 231 131 636 573 483 136 501 900 526 152 259 851 396 451 846 0 262 828 383 386 228 258 285 420 432 250 368 751 383 201 904 162 722
364 566 557 116 286 353 148 85 186 406 200 430 631 260 243 566 194 143 291 56 301 465 845 210 390 206 812 643 531 563 285 390 321 517 510 316 614 737 183 505 467 519 422 590 474 774 595 727 499 763 188 243 423 620 815 150 20 370 604 719 202 360 321 33 468 391 717 415 669 358 373 869 548 410 138 751 313 313 613 262 0 806 158 305 205 116 32 254 654 334 307 545 456 419 652 130 715
699 369 804 740 896 633 770 774 952 768 667 763 918 795 570 467 627 773 943 760 800 354 133 1008 640 628 149 311 598 815 553 522 488 677 606 748 247 806 695 884 488 376 407 650 720 32 885 201 467 47 725 1010 419 576 160 692 785 822 248 91 889 1143 1127 829 769 896 327 480 628 745 462 73 306 834 936 248 1117 515 743 828 806 0 700 1108 976 916 784 1054 745 579 1106 601 459 725 901 739 108
216 528 637 206 234 395 72 203 252 273 243 513 508 157 136 556 190 74 267 103 192 347 721 318 434 72 686 595 559 427 265 386 253 364 352 183 486 798 27 610 460 476 296 629 540 668 690 657 487 655 52 310 291 462 686 202 144 476 532 620 195 513 444 162 548 514 674 267 697 441 242 757 484 514 290 613 451 185 465 383 158 700 0 444 363 268 125 363 710 348 451 388 436 491 524 221 621
604 839 686 375 419 576 397 338 237 615 460 578 791 465 548 814 483 391 383 356 499 770 1150 150 602 505 1117 920 743 757 568 650 620 757 769 540 919 882 463 588 723 796 727 782 641 1077 689 1015 756 1067 451 222 727 884 1119 423 325 486 896 1020 338 107 70 287 612 457 988 711 869 522 677 1173 837 518 172 1053 10 616 835 386 305 1108 444 0 158 191 331 123 814 586 27 805 723 587 823 380 1014
559 688 534 236 425 419 339 203 251 590 313 421 797 437 438 658 349 333 406 261 476 653 1030 193 444 410 1000 770 584 743 427 498 489 714 712 504 805 729 387 444 569 648 615 624 483 947 544 870 602 937 387 274 620 824 1003 283 221 332 754 887 332 166 214 203 456 312 835 619 711 364 570 1044 694 366 83 947 168 510 805 228 205 976 363 158 0 101 237 206 658 434 143 748 571 429 824 237 878
458 656 571 188 328 411 238 150 165 488 276 449 698 335 359 641 293 233 314 171 375 580 960 137 442 322 928 736 586 642 380 471 428 613 614 402 730 762 291 496 546 611 538 636 504 885 594 827 579 875 288 204 540 726 930 235 136 371 706 828 235 245 219 106 486 369 806 531 720 383 489 981 648 409 22 867 200 429 704 258 116 916 268 191 101 0 146 170 685 409 191 650 542 448 723 196 823
332 556 572 125 267 358 119 102 189 376 201 445 603 233 217 562 184 114 278 25 274 440 820 226 396 176 786 632 535 533 276 386 303 485 477 286 587 749 151 525 463 508 395 596 486 752 614 712 494 741 156 249 395 587 788 151 24 390 588 698 188 391 343 45 483 416 707 385 674 373 345 846 533 430 168 723 339 285 582 285 32 784 125 331 237 146 0 271 665 332 334 513 449 431 624 141 695
497 818 733 353 298 581 305 315 124 500 442 615 668 355 484 809 448 300 260 294 385 706 1084 45 613 432 1049 897 756 638 539 637 574 646 665 431 849 927 377 648 713 772 658 806 672 1023 748 982 746 1011 358 99 654 780 1050 397 275 531 859 970 224 229 86 227 651 517 970 627 890 550 605 1115 803 567 162 976 124 546 719 420 254 1054 363 123 206 170 271 0 852 576 147 700 706 616 700 363 967
895 388 138 539 928 315 760 569 833 968 470 237 1203 867 627 284 520 758 943 662 902 657 865 822 275 676 860 434 176 1108 462 356 529 1001 952 886 756 88 732 258 317 408 674 103 181 732 188 548 316 735 763 884 696 1016 869 518 644 327 517 668 853 773 873 686 202 370 432 765 126 302 679 815 479 298 689 889 824 662 1108 432 654 745 710 814 658 685 665 852 0 368 794 976 358 237 1211 524 643
526 254 325 223 577 70 406 261 519 599 134 224 834 506 258 233 159 405 600 322 538 341 662 537 102 308 641 337 210 739 94 64 174 637 592 519 478 457 367 349 137 218 338 281 219 553 396 443 170 548 400 577 357 668 647 183 317 252 336 487 514 593 626 366 248 324 401 413 349 178 328 651 276 274 422 626 596 300 744 250 334 579 348 586 434 409 332 576 368 0 576 620 138 188 842 213 473
618 830 665 369 439 563 407 333 255 632 452 559 812 481 550 802 479 402 404 360 516 772 1151 170 587 510 1119 911 727 776 562 640 617 772 782 555 921 861 471 565 712 788 729 764 622 1075 666 1009 745 1065 461 245 730 897 1121 417 327 466 890 1017 355 82 97 291 592 434 978 717 852 505 680 1172 831 497 170 1058 34 619 852 368 307 1106 451 27 143 191 334 147 794 576 0 818 713 569 844 373 1011
203 656 945 578 426 687 412 585 575 225 578 834 316 345 375 735 509 418 477 491 321 345 547 660 722 361 506 682 802 214 526 620 448 83 35 270 359 1064 361 951 665 611 310 878 839 572 1012 675 677 555 361 614 287 80 501 556 532 826 579 562 477 888 786 544 864 878 757 211 918 771 297 625 568 860 671 393 810 320 149 751 545 601 388 805 748 650 513 700 976 620 818 0 626 803 300 590 579
577 116 368 353 670 176 503 392 639 655 265 306 880 588 316 121 265 503 700 435 615 299 556 665 180 379 541 199 182 779 175 73 196 661 605 585 405 443 449 430 41 84 318 256 270 437 448 307 53 434 484 698 341 660 548 309 438 363 211 369 619 732 760 488 316 438 264 415 292 286 331 533 153 375 557 547 733 328 764 383 456 459 436 723 571 542 449 706 358 138 713 626 0 267 882 345 351
691 362 146 306 698 118 534 333 596 759 247 38 996 645 432 285 307 531 709 431 682 528 824 586 91 469 808 438 171 907 277 217 362 814 774 673 658 318 515 164 236 349 526 195 56 704 209 558 260 701 543 646 545 855 815 291 410 117 477 636 620 559 642 450 60 186 478 599 283 65 515 799 421 113 453 805 597 483 921 201 419 725 491 587 429 448 431 616 237 188 569 803 267 0 1008 290 617
317 932 1154 729 405 901 504 721 589 251 763 1033 38 392 583 1000 700 509 440 610 351 630 838 673 940 538 798 969 1044 103 748 859 689 233 302 341 660 1300 497 1134 918 883 586 1119 1053 872 1211 972 935 855 475 601 563 332 791 725 648 1000 870 863 494 924 780 636 1067 1036 1046 481 1172 963 556 921 851 1039 741 682 825 555 160 904 652 901 524 823 824 723 624 700 1211 842 844 300 882 1008 0 745 879
436 460 431 16 408 224 249 48 314 494 80 304 727 363 229 446 114 245 419 142 402 426 797 324 259 229 769 540 401 648 189 274 254 579 557 403 579 608 248 391 350 416 395 459 344 710 476 635 383 701 269 370 403 657 772 47 119 256 517 649 329 403 415 163 342 293 610 421 540 232 357 807 458 295 211 724 390 301 683 162 130 739 221 380 237 196 141 363 524 213 373 590 345 290 745 0 641
647 262 698 643 829 525 692 677 869 721 567 655 892 729 487 363 531 695 873 672 738 284 222 921 532 549 221 210 492 787 452 415 394 649 578 689 222 709 618 776 380 268 339 547 612 89 779 119 359 91 650 929 355 568 231 594 694 715 140 27 814 1044 1036 740 661 789 242 427 531 637 392 181 198 726 842 285 1023 440 727 722 715 108 621 1014 878 823 695 967 643 473 1011 579 351 617 879 641 0
