34
0 569 436 319 349 553 240 668 508 330 855 652 608 606 642 47 675 439 177 571 533 643 458 224 802 353 308 459 158 409 608 751 402 903
569 0 199 547 472 99 519 99 102 239 336 226 60 580 105 580 188 130 452 416 587 205 856 630 255 373 382 343 510 302 206 664 507 498
436 199 0 526 472 132 330 279 99 165 419 402 207 657 227 433 241 122 284 517 637 383 809 561 452 173 188 409 431 103 173 769 524 685
319 547 526 0 85 588 520 637 543 361 882 508 605 298 649 367 717 450 418 320 216 510 311 152 704 550 510 256 165 564 685 441 102 689
349 472 472 85 0 520 518 558 477 307 808 422 531 258 575 393 647 383 411 244 194 424 394 226 619 520 485 170 191 522 622 402 59 609
553 99 132 588 520 0 463 151 46 240 306 325 79 659 94 556 131 137 413 500 657 304 888 649 331 301 320 414 522 224 113 752 562 596
240 519 330 520 518 463 0 608 428 327 728 678 537 770 557 203 558 401 107 687 712 663 699 458 774 174 143 565 358 253 473 909 577 958
668 99 279 637 558 151 608 0 180 338 261 236 72 637 77 678 161 229 547 468 656 216 947 727 180 452 467 415 608 375 220 704 588 472
508 102 99 543 477 46 428 180 0 193 353 319 109 626 135 512 177 93 371 473 620 298 842 603 353 273 287 380 475 200 146 725 521 597
330 239 165 361 307 240 327 338 193 0 546 352 283 508 321 344 371 110 236 386 478 338 651 409 475 245 225 267 281 223 326 631 360 630
855 336 419 882 808 306 728 261 353 546 0 486 277 898 233 853 179 440 701 728 916 468 1188 954 339 555 588 675 828 475 255 959 843 666
652 226 402 508 422 325 678 236 319 352 486 0 269 423 302 677 392 288 588 255 461 21 813 634 205 562 559 253 541 504 430 472 431 284
608 60 207 605 531 79 537 72 109 283 277 269 0 639 44 616 130 172 479 474 648 248 913 683 251 379 395 404 560 302 163 720 567 527
606 580 657 298 258 659 770 637 626 508 898 423 639 0 682 651 769 543 662 169 90 437 496 446 623 747 717 248 447 731 771 144 204 477
642 105 227 649 575 94 557 77 135 321 233 302 44 682 0 647 90 211 506 516 692 281 956 725 254 393 414 448 600 314 143 760 612 549
47 580 433 367 393 556 203 678 512 344 853 677 616 651 647 0 674 449 158 610 579 668 498 270 819 333 288 496 204 396 602 796 447 935
675 188 241 717 647 131 558 161 177 371 179 392 130 769 90 674 0 268 524 604 775 372 1019 780 322 386 415 531 653 305 90 850 688 632
439 130 122 450 383 137 401 229 93 110 440 288 172 543 211 449 268 0 325 396 531 270 750 514 377 274 272 294 389 219 238 650 429 573
177 452 284 418 411 413 107 547 371 236 701 588 479 662 506 158 524 325 0 581 606 575 622 373 702 176 131 459 261 238 448 801 471 864
571 416 517 320 244 500 687 468 473 386 728 255 474 169 516 610 604 396 581 0 209 268 595 469 458 631 609 122 423 602 614 253 222 370
533 587 637 216 194 657 712 656 620 478 916 461 648 90 692 579 775 531 606 209 0 472 409 359 666 707 674 244 374 701 767 227 135 554
643 205 383 510 424 304 663 216 298 338 468 21 248 437 281 668 372 270 575 268 472 0 817 632 197 545 542 256 537 486 409 490 436 303
458 856 809 311 394 888 699 947 842 651 1188 813 913 496 956 498 1019 750 622 595 409 817 0 252 1013 788 743 560 381 824 977 608 383 959
224 630 561 152 226 649 458 727 603 409 954 634 683 446 725 270 780 514 373 469 359 632 252 0 819 536 491 391 130 571 732 587 254 836
802 255 452 704 619 331 774 180 353 475 339 205 251 623 254 819 322 377 702 458 666 197 1013 819 0 626 637 453 715 552 396 653 633 327
353 373 173 550 520 301 174 452 273 245 555 562 379 747 393 333 386 274 176 631 707 545 788 536 626 0 45 512 412 81 300 874 579 847
308 382 188 510 485 320 143 467 287 225 588 559 395 717 414 288 415 272 131 609 674 542 743 491 637 45 0 488 369 113 332 848 544 843
459 343 409 256 170 414 565 415 380 267 675 253 404 248 448 496 531 294 459 122 244 256 560 391 453 512 488 0 320 488 526 363 180 451
158 510 431 165 191 522 358 608 475 281 828 541 560 447 600 204 653 389 261 423 374 537 381 130 715 412 369 320 0 443 602 592 243 771
409 302 103 564 522 224 253 375 200 223 475 504 302 731 314 396 305 219 238 602 701 486 824 571 552 81 113 488 443 0 220 851 578 788
608 206 173 685 622 113 473 220 146 326 255 430 163 771 143 602 90 238 448 614 767 409 977 732 396 300 332 526 602 220 0 865 668 689
751 664 769 441 402 752 909 704 725 631 959 472 720 144 760 796 850 650 801 253 227 490 608 587 653 874 848 363 592 851 865 0 349 435
402 507 524 102 59 562 577 588 521 360 843 431 567 204 612 447 688 429 471 222 135 436 383 254 633 579 544 180 243 578 668 349 0 592
903 498 685 689 609 596 958 472 597 630 666 284 527 477 549 935 632 573 864 370 554 303 959 836 327 847 843 451 771 788 689 435 592 0
