125
0 246 273 560 904 174 317 159 347 582 549 577 732 50 349 609 693 669 824 1064 520 518 439 947 265 476 223 295 143 565 255 478 765 847 171 568 977 594 470 828 674 371 729 580 194 422 571 1093 146 512 362 588 105 471 801 799 258 273 630 569 182 314 354 134 814 614 238 952 565 812 243 876 554 235 853 657 35 813 370 505 240 564 166 128 289 264 575 956 363 665 126 173 628 444 831 914 370 509 603 833 550 594 686 318 597 454 441 386 775 404 347 612 158 40 160 632 709 735 203 840 311 555 57 839 627
246 0 221 318 658 415 139 209 308 363 314 548 531 291 218 372 473 455 597 820 418 304 375 701 200 475 105 95 212 332 264 481 530 646 202 363 732 349 291 585 442 375 621 483 54 319 325 848 368 380 136 423 192 398 555 568 127 402 435 406 410 113 123 373 675 551 389 707 427 617 203 633 319 95 653 462 280 568 353 335 474 399 316 364 193 402 488 717 123 510 203 269 383 356 648 669 339 305 391 598 309 354 441 377 356 269 261 199 670 409 286 482 205 271 157 470 551 581 123 649 309 328 290 593 423
273 221 0 405 750 376 360 116 510 367 491 755 732 321 100 539 472 440 770 944 638 507 587 792 20 671 116 162 348 510 443 676 690 844 103 339 845 453 228 717 616 565 843 309 227 537 440 956 419 241 345 641 168 203 653 591 98 530 384 307 451 164 221 336 895 766 501 819 648 819 30 700 373 126 851 411 294 653 132 554 501 618 424 395 45 524 306 864 315 396 148 403 478 172 857 751 120 286 377 759 391 516 541 542 433 486 204 419 891 601 78 339 117 314 314 367 769 464 107 853 89 358 275 687 390
560 318 405 0 349 723 336 475 532 139 196 718 435 608 316 204 203 208 405 539 539 277 553 393 391 684 355 274 520 209 535 693 315 525 462 180 439 51 235 316 272 610 683 462 372 478 55 552 687 349 258 445 486 447 249 262 334 698 246 302 728 259 209 679 678 683 694 413 494 516 412 315 58 339 533 261 595 254 487 390 793 431 626 682 360 701 479 467 227 379 486 572 73 406 571 356 466 173 174 379 14 177 136 646 38 337 233 322 725 637 413 407 472 588 464 339 546 434 381 552 480 95 598 285 213
904 658 750 349 0 1070 635 824 800 403 398 918 466 949 655 346 342 379 321 222 734 479 787 43 737 919 704 623 844 392 831 929 266 483 811 447 116 310 548 152 333 874 793 724 711 716 332 210 1021 634 563 592 834 748 102 240 684 1003 459 559 1063 609 557 1027 732 857 1007 95 659 503 760 90 376 688 490 452 938 97 815 586 1128 592 947 1021 705 1008 745 235 547 583 835 889 277 715 566 36 794 480 413 264 362 344 217 931 317 569 558 593 822 893 746 647 822 928 789 559 629 602 731 531 818 396 944 64 429
174 415 376 723 1070 0 491 265 490 727 723 695 904 144 471 783 837 808 999 1236 670 692 582 1114 377 589 371 450 297 740 397 588 940 1018 279 706 1147 760 600 1000 848 494 873 655 367 578 738 1263 160 613 536 753 238 543 968 949 399 339 759 683 154 467 514 43 968 745 296 1122 724 982 351 1037 710 386 1024 786 140 977 427 673 162 730 259 123 407 325 644 1130 536 769 243 300 793 529 998 1079 435 649 743 1007 711 768 853 421 758 625 572 559 917 522 435 704 266 167 329 742 870 834 346 1009 374 706 125 1005 761
317 139 360 336 635 491 0 335 203 426 246 425 416 350 348 306 526 517 509 766 281 201 250 677 340 366 244 220 216 259 200 374 457 531 331 439 690 347 395 534 363 279 482 609 149 186 319 805 400 499 77 289 303 532 535 598 265 369 517 510 441 233 210 452 538 418 371 666 288 498 341 630 360 234 538 541 351 556 492 201 507 265 314 409 331 373 616 649 112 613 321 254 383 488 523 654 478 389 459 522 332 297 428 310 373 140 367 70 531 309 424 598 331 327 167 571 416 683 260 528 447 381 372 572 496
159 209 116 475 824 265 335 0 444 463 519 688 740 205 206 574 572 543 802 1006 594 514 529 867 113 596 122 202 258 537 365 599 730 855 14 441 911 517 334 773 647 489 804 420 186 492 499 1025 303 357 346 625 58 311 724 687 140 426 493 422 335 215 269 223 871 711 395 885 619 826 88 783 453 138 862 520 178 729 214 537 385 601 319 278 142 419 415 913 329 513 34 308 547 285 856 829 212 384 478 800 462 553 609 453 507 474 307 403 852 524 188 456 4 200 238 483 752 581 96 858 155 445 158 760 496
347 308 510 532 800 490 203 444 0 629 401 245 468 352 526 454 727 720 606 896 180 323 92 840 491 166 397 403 204 407 93 173 580 572 446 642 835 536 592 678 487 78 383 792 284 104 508 946 349 688 277 293 393 703 704 793 429 231 719 708 382 420 408 463 478 268 255 814 246 531 484 808 562 393 576 744 369 730 640 237 439 274 240 376 493 242 796 765 315 811 418 190 571 662 532 823 630 591 662 635 530 455 608 136 569 232 563 213 428 106 584 790 440 332 206 770 392 882 402 551 587 584 403 740 700
582 363 367 139 403 727 426 463 629 0 334 835 574 632 267 343 111 92 533 616 662 410 664 442 359 789 359 287 576 348 614 798 442 662 449 46 511 182 146 417 409 706 817 338 416 591 195 614 721 235 353 580 490 346 320 224 328 765 106 171 761 268 240 684 817 807 753 486 624 654 384 340 83 346 670 124 613 307 414 518 822 565 679 709 326 765 357 570 313 240 483 632 181 311 710 397 392 81 35 500 130 316 231 728 132 459 163 431 861 736 348 274 461 616 521 201 685 295 382 691 422 48 608 347 76
549 314 491 196 398 723 246 519 401 334 0 546 254 588 428 60 394 403 283 520 362 90 396 439 472 530 399 330 462 19 435 539 216 359 509 371 444 169 395 288 128 476 487 633 358 322 145 559 645 515 187 251 507 594 303 420 397 607 441 485 687 327 270 682 483 501 614 421 305 340 486 409 251 383 367 457 584 331 603 207 753 239 560 652 448 613 647 406 191 571 517 500 196 550 388 421 583 348 369 284 204 54 214 532 218 173 381 195 530 497 526 589 515 565 411 529 350 629 424 376 578 287 599 338 409
577 548 755 718 918 695 425 688 245 835 546 0 490 570 766 583 921 921 654 961 185 456 175 952 736 106 642 640 437 544 325 109 663 559 691 856 924 708 821 775 584 205 235 1031 529 244 681 1023 538 924 487 328 635 946 835 965 672 368 933 935 559 656 635 676 359 84 409 908 259 517 730 948 759 637 559 956 593 868 886 339 600 325 435 572 737 382 1037 820 529 1038 660 405 739 905 488 947 876 810 870 699 720 594 760 274 750 381 793 404 262 174 829 1023 684 553 449 995 346 1106 647 521 833 787 629 867 909
732 531 732 435 466 904 416 740 468 574 254 490 0 760 678 231 610 628 165 471 328 226 412 492 712 525 629 570 612 236 541 535 200 115 733 615 445 393 649 314 170 523 328 886 560 364 379 536 793 769 394 179 716 848 410 596 635 700 679 735 831 570 516 866 269 416 721 433 242 87 722 522 493 615 122 692 765 449 851 236 894 194 690 810 692 710 901 330 417 815 732 631 405 803 135 501 832 599 607 216 446 258 387 602 446 278 635 346 355 527 775 839 736 737 575 774 164 867 652 122 821 530 788 431 645
50 291 321 608 949 144 350 205 352 632 588 570 760 0 399 648 744 719 859 1105 529 551 444 992 313 466 274 345 153 603 258 467 803 874 217 619 1020 640 521 870 710 365 736 626 238 435 616 1136 98 561 400 609 154 516 846 849 309 243 680 619 132 364 402 111 826 614 205 995 581 838 291 923 603 285 880 708 29 859 412 528 190 585 141 77 338 233 621 994 405 714 172 165 675 491 854 960 413 560 653 870 598 634 732 302 645 482 491 417 780 396 394 660 204 23 185 682 726 784 253 865 353 604 64 884 677
349 218 100 316 655 471 348 206 526 267 428 766 678 399 0 470 372 341 698 854 630 459 593 697 94 692 140 128 394 447 474 698 615 787 191 239 753 366 129 632 547 590 826 265 246 534 356 863 496 169 312 609 246 183 560 491 102 585 287 220 532 117 163 430 865 767 562 727 626 766 120 602 278 137 794 314 375 558 176 525 586 587 484 476 63 581 270 781 275 317 232 453 388 139 808 655 156 186 277 683 301 445 451 581 340 456 104 395 874 625 99 273 205 389 350 283 735 388 151 801 163 260 362 594 291
609 372 539 204 346 783 306 574 454 343 60 583 231 648 470 0 386 401 230 460 397 133 441 385 521 575 453 381 522 47 492 585 157 325 564 384 385 163 423 229 77 528 501 659 417 370 148 500 706 543 247 271 564 629 255 395 448 664 448 504 747 376 318 741 481 531 672 363 331 313 536 365 262 437 333 462 644 286 647 244 813 263 620 712 496 671 675 346 249 583 574 560 181 585 366 371 627 370 377 226 215 27 182 587 216 222 413 253 540 546 570 609 570 625 471 543 352 637 479 349 625 299 659 289 415
693 473 472 203 342 837 526 572 727 111 394 921 610 744 372 386 0 38 538 563 743 479 755 376 465 883 470 399 685 404 719 892 448 683 558 133 457 225 245 395 439 805 881 382 526 680 248 548 833 302 450 645 601 419 279 124 438 873 118 221 873 379 350 794 867 887 862 433 696 683 491 264 165 458 691 110 725 255 503 593 933 632 789 821 433 874 404 541 413 244 593 741 205 392 742 327 482 188 95 496 201 362 229 832 175 541 267 522 923 833 444 305 570 728 630 217 738 274 493 718 519 146 719 297 92
669 455 440 208 379 808 517 543 720 92 403 921 628 719 341 401 38 0 565 600 745 485 752 414 435 879 445 377 668 415 707 887 474 706 529 102 494 238 212 427 459 797 891 344 507 678 258 586 810 264 443 654 574 381 314 161 412 857 80 183 849 357 333 766 882 890 845 470 702 704 460 302 162 433 714 74 700 291 467 597 909 640 771 797 403 857 366 575 404 209 566 724 223 354 762 365 446 160 66 524 203 376 254 820 185 542 236 518 933 826 409 268 542 704 613 180 751 245 467 739 485 135 692 334 54
824 597 770 405 321 999 509 802 606 533 283 654 165 859 698 230 538 565 0 307 485 308 561 340 751 682 682 611 721 265 667 692 91 163 793 579 283 355 639 173 155 668 490 867 637 505 353 371 905 754 464 333 789 849 289 494 679 834 629 704 946 606 548 958 414 581 850 274 400 183 767 391 461 667 170 636 858 328 875 368 1011 343 810 917 726 843 884 166 474 768 800 749 352 807 244 357 854 579 561 57 419 254 310 742 402 387 633 444 513 676 798 808 798 836 676 732 327 810 708 209 855 497 877 300 594
1064 820 944 539 222 1236 766 1006 896 616 520 961 471 1105 854 460 563 600 307 0 790 578 862 194 929 986 883 804 982 507 947 996 316 434 994 662 106 491 757 235 411 964 789 944 869 800 507 76 1166 851 705 638 1007 963 297 461 868 1118 680 778 1207 792 736 1193 699 888 1129 131 706 469 950 308 577 867 438 673 1099 310 1021 662 1273 646 1080 1171 899 1126 965 141 700 806 1012 1019 466 927 522 243 1000 689 630 264 553 471 403 1033 514 667 764 711 807 975 949 869 1003 1083 931 781 630 823 910 483 1018 602 1110 269 648
520 418 638 539 734 670 281 594 180 662 362 185 328 529 630 397 743 745 485 790 0 271 95 770 618 197 521 501 378 359 273 207 484 417 593 687 746 525 665 594 401 208 210 888 414 102 499 849 530 775 327 152 549 813 650 782 545 398 764 777 562 514 483 641 298 145 428 729 85 374 616 763 583 513 419 786 545 683 770 154 617 144 421 556 612 410 896 651 369 876 572 370 556 770 364 763 757 645 698 526 542 409 575 294 570 203 639 241 258 204 705 870 590 508 366 833 218 943 533 388 723 614 577 682 738
518 304 507 277 479 692 201 514 323 410 90 456 226 551 459 133 479 485 308 578 271 0 309 518 486 443 402 345 413 88 368 452 263 341 507 442 512 256 449 355 168 396 407 686 337 237 231 625 598 569 168 170 492 636 387 510 409 539 516 549 638 347 296 653 416 411 551 491 217 313 496 496 327 388 348 534 552 417 628 117 703 154 504 609 468 547 699 454 191 641 507 444 285 591 350 504 611 412 446 325 282 139 304 457 303 90 431 136 451 413 553 651 510 528 367 599 283 702 425 347 596 362 572 421 486
439 375 587 553 787 582 250 529 92 664 396 175 412 444 593 441 755 752 561 862 95 309 0 824 568 133 472 466 296 397 185 143 549 507 530 683 809 548 645 654 460 113 291 857 360 75 520 916 437 749 313 232 480 774 696 807 500 302 760 760 468 481 460 555 390 181 332 791 173 465 563 805 590 466 510 784 461 726 719 201 523 218 328 465 566 315 863 726 355 862 504 281 582 731 458 813 708 636 699 597 554 448 610 198 587 223 618 233 336 115 658 848 526 424 293 820 314 932 480 481 668 617 495 730 738
947 701 792 393 43 1114 677 867 840 442 439 952 492 992 697 385 376 414 340 194 770 518 824 0 780 957 747 667 887 432 873 966 294 501 854 485 96 353 588 179 368 914 820 758 754 754 376 172 1064 672 606 625 878 786 146 267 727 1045 494 595 1106 652 601 1070 754 890 1049 82 693 523 802 114 419 732 507 485 982 139 855 623 1172 626 990 1064 748 1050 780 234 590 615 879 932 321 754 585 49 834 520 450 283 405 385 260 971 360 608 599 634 848 932 787 681 865 972 832 592 656 630 774 549 859 437 988 108 464
265 200 20 391 737 377 340 113 491 359 472 736 712 313 94 521 465 435 751 929 618 486 568 780 0 653 96 142 333 491 426 658 673 824 99 333 831 438 223 701 597 548 822 321 207 517 424 943 411 247 324 620 159 218 640 584 77 517 382 309 445 145 203 336 875 747 490 805 627 799 25 689 361 105 832 408 288 640 152 533 497 597 412 389 32 511 319 847 295 401 142 389 464 184 836 739 140 278 371 742 377 498 527 527 419 466 198 398 870 583 93 347 112 305 297 370 748 470 89 833 110 347 271 674 386
476 475 671 684 919 589 366 596 166 789 530 106 525 466 692 575 883 879 682 986 197 443 133 957 653 0 561 570 340 531 230 9 677 610 599 805 938 681 759 785 591 107 323 958 448 208 653 1044 431 855 436 349 541 867 830 940 594 262 883 874 452 587 574 570 442 173 302 921 283 567 644 939 718 558 611 907 490 860 799 333 494 340 330 466 657 276 962 848 476 978 566 303 715 827 549 946 791 755 823 722 683 582 744 167 718 357 730 361 357 72 747 956 592 450 359 936 402 1048 564 577 744 743 526 864 861
223 105 116 355 704 371 244 122 397 359 399 642 629 274 140 453 470 445 682 883 521 402 472 747 96 561 0 80 254 418 337 566 609 743 111 344 789 395 249 650 527 457 726 401 113 421 377 903 367 310 236 528 133 306 603 579 37 445 407 355 405 96 147 328 781 650 423 763 532 716 97 667 338 16 750 435 254 609 248 441 464 505 345 352 96 441 402 791 212 455 131 312 427 267 750 711 236 285 379 678 342 432 488 443 388 374 218 305 774 492 186 414 119 260 211 419 656 526 26 749 203 335 249 640 403
295 95 162 274 623 450 220 202 403 287 330 640 570 345 128 381 399 377 611 804 501 345 466 667 142 570 80 0 297 349 359 576 535 682 190 279 709 315 198 571 456 471 698 390 137 406 297 823 433 285 188 486 212 311 523 504 67 490 348 312 473 20 67 407 742 639 473 683 500 657 155 587 260 65 689 375 328 529 284 401 535 463 397 422 122 488 396 714 154 415 212 355 346 268 696 630 267 220 311 604 262 358 408 471 308 332 167 268 747 505 211 387 199 328 245 376 613 487 107 692 251 259 327 559 339
143 212 348 520 844 297 216 258 204 576 462 437 612 153 394 522 685 668 721 982 378 413 296 887 333 340 254 297 0 475 113 343 672 725 263 574 904 543 494 749 578 233 586 652 161 282 517 1020 184 564 281 457 201 551 742 777 292 193 645 605 225 317 335 264 674 471 177 880 427 688 318 830 529 258 731 672 166 760 469 378 291 434 105 197 345 191 652 864 298 707 227 58 579 516 702 860 463 516 603 737 513 512 631 195 559 337 463 277 632 268 426 668 255 131 56 670 573 779 247 714 411 539 199 780 634
565 332 510 209 392 740 259 537 407 348 19 544 236 603 447 47 404 415 265 507 359 88 397 432 491 531 418 349 475 0 444 541 200 340 528 386 433 178 413 276 110 481 477 650 374 325 157 548 659 533 203 242 525 613 299 425 416 616 455 502 701 346 289 698 468 496 624 411 298 322 505 408 265 402 348 471 600 328 622 204 766 231 572 666 467 623 665 391 209 586 535 512 203 568 370 416 603 365 383 267 218 50 216 539 229 176 399 205 518 501 545 606 533 581 425 545 336 643 443 358 597 302 616 334 423
255 264 443 535 831 397 200 365 93 614 435 325 541 258 474 492 719 707 667 947 273 368 185 873 426 230 337 359 113 444 0 234 631 650 369 621 878 547 556 721 536 123 477 738 227 186 520 991 259 641 277 373 311 643 732 797 372 172 696 671 294 378 379 369 571 358 183 856 333 610 415 830 555 336 654 722 276 755 570 305 354 352 151 283 433 178 740 821 308 775 336 97 584 605 616 851 562 565 645 691 530 488 628 113 573 281 526 239 522 158 520 745 361 238 129 735 480 846 337 633 514 572 310 769 680
478 481 676 693 929 588 374 599 173 798 539 109 535 467 698 585 892 887 692 996 207 452 143 966 658 9 566 576 343 541 234 0 687 619 603 813 948 690 766 795 600 110 330 964 454 217 662 1054 430 861 444 359 544 873 840 949 599 259 890 881 450 593 581 570 450 179 300 930 292 576 649 949 727 564 621 915 491 870 804 343 491 350 330 465 663 273 967 858 484 985 570 304 724 833 558 956 796 763 832 732 692 591 753 167 727 367 736 370 363 75 752 963 596 451 363 943 410 1055 569 586 749 751 528 873 870
765 530 690 315 266 940 457 730 580 442 216 663 200 803 615 157 448 474 91 316 484 263 549 294 673 677 609 535 672 200 631 687 0 240 720 487 261 264 550 115 95 648 526 776 574 484 264 367 857 665 403 335 722 761 213 411 602 802 538 613 898 528 470 898 469 597 814 245 404 249 690 322 371 593 248 544 800 252 791 348 964 339 767 866 646 810 794 191 406 676 731 706 260 719 312 300 770 489 469 69 329 176 219 716 310 351 546 397 556 661 714 716 727 780 624 640 362 719 635 281 774 407 815 231 503
847 646 844 525 483 1018 531 855 572 662 359 559 115 874 787 325 683 706 163 434 417 341 507 501 824 610 743 682 725 340 650 619 240 0 848 705 434 479 749 335 253 620 360 984 676 468 470 506 904 868 509 278 832 953 450 651 748 803 764 828 942 681 626 981 265 478 827 429 333 42 836 554 584 729 8 773 879 489 961 347 1004 298 800 922 803 814 1000 297 531 902 847 742 485 908 88 520 942 695 693 219 537 352 454 703 530 393 738 461 374 620 884 933 851 851 689 863 213 950 766 49 933 621 903 462 729
171 202 103 462 811 279 331 14 446 449 509 691 733 217 191 564 558 529 793 994 593 507 530 854 99 599 111 190 263 528 369 603 720 848 0 426 899 504 320 761 637 492 802 409 182 491 487 1013 316 344 339 620 67 300 711 673 127 435 479 408 347 202 257 238 868 711 404 873 616 819 74 770 440 127 855 506 190 716 206 532 398 596 328 291 128 428 404 902 320 499 45 315 534 273 850 816 203 370 463 789 449 543 597 459 494 469 293 398 850 527 176 443 13 212 241 469 748 568 85 851 148 431 172 747 481
568 363 339 180 447 706 439 441 642 46 371 856 615 619 239 384 133 102 579 662 687 442 683 485 333 805 344 279 574 386 621 813 487 705 426 0 556 226 111 464 452 718 849 291 413 611 236 657 711 189 369 613 472 301 365 255 310 765 77 125 749 258 241 664 854 832 751 531 653 696 358 380 122 333 713 102 598 352 374 547 809 596 675 696 300 764 310 617 328 200 463 631 227 269 751 439 353 59 38 546 169 357 278 734 177 485 134 451 894 749 312 229 439 604 520 159 721 259 366 733 387 84 590 392 60
977 732 845 439 116 1147 690 911 835 511 444 924 445 1020 753 385 457 494 283 106 746 512 809 96 831 938 789 709 904 433 878 948 261 434 899 556 0 394 652 157 349 906 773 837 782 743 412 116 1085 745 624 596 916 857 193 356 772 1050 573 672 1127 696 641 1104 696 856 1058 25 665 462 852 205 475 773 440 567 1012 204 918 607 1193 601 1004 1089 800 1056 859 147 614 700 919 944 366 822 521 141 897 584 524 229 453 392 303 970 412 603 661 639 796 921 847 762 908 998 851 674 609 719 816 484 917 499 1021 163 542
594 349 453 51 310 760 347 517 536 182 169 708 393 640 366 163 225 238 355 491 525 256 548 353 438 681 395 315 543 178 547 690 264 479 504 226 394 0 286 265 226 614 656 511 402 473 28 508 715 400 270 420 524 498 208 259 378 715 286 350 757 302 248 716 644 667 713 368 473 472 458 287 106 380 487 298 628 219 538 373 822 408 648 713 407 718 529 416 245 422 526 592 36 457 528 320 517 224 214 327 66 138 93 655 52 326 285 323 697 639 463 455 514 620 487 383 513 474 422 508 529 143 634 245 252
470 291 228 235 548 600 395 334 592 146 395 821 649 521 129 423 245 212 639 757 665 449 645 588 223 759 249 198 494 413 556 766 550 749 320 111 652 286 0 546 498 663 845 238 335 578 286 758 616 120 337 614 370 212 459 366 212 687 160 115 653 178 185 558 866 808 668 627 645 734 249 487 183 240 757 187 499 451 267 539 710 595 591 598 192 685 252 698 295 219 359 553 300 172 784 543 246 68 150 614 220 396 359 669 248 472 31 424 891 697 202 205 333 508 443 178 732 290 267 770 276 154 488 490 162
828 585 717 316 152 1000 534 773 678 417 288 775 314 870 632 229 395 427 173 235 594 355 654 179 701 785 650 571 749 276 721 795 115 335 761 464 157 265 546 0 194 749 641 755 634 587 277 271 932 651 470 448 773 757 123 331 637 893 500 588 974 561 504 958 579 711 901 136 516 353 721 218 362 634 343 501 863 159 803 452 1040 450 849 937 672 899 775 152 464 636 778 789 246 718 415 187 782 480 439 117 330 237 187 813 297 446 548 482 670 765 729 687 770 848 697 604 477 670 677 381 795 393 875 127 466
674 442 616 272 333 848 363 647 487 409 128 584 170 710 547 77 439 459 155 411 401 168 460 368 597 591 527 456 578 110 536 600 95 253 637 452 349 226 498 194 0 557 472 732 484 393 216 459 763 617 312 258 635 705 257 429 524 707 512 574 804 452 394 807 434 524 719 330 326 245 612 371 330 511 261 523 708 293 724 258 869 258 672 772 572 715 748 286 319 649 645 611 236 662 303 363 704 443 441 159 284 103 217 623 278 256 489 302 507 571 647 680 643 688 530 610 313 700 552 281 702 368 725 285 478
371 375 565 610 874 494 279 489 78 706 476 205 523 365 590 528 805 797 668 964 208 396 113 914 548 107 457 471 233 481 123 110 648 620 492 718 906 614 663 749 557 0 387 856 344 164 586 1016 341 755 355 344 434 763 780 871 490 191 794 779 367 488 481 472 495 251 224 886 287 579 538 885 639 455 624 820 387 807 693 301 417 328 234 373 553 204 859 830 392 883 459 200 649 724 572 898 685 665 739 701 608 530 685 86 647 305 634 290 428 35 641 858 485 348 252 842 427 954 458 595 638 661 423 815 775
729 621 843 683 793 873 482 804 383 817 487 235 328 736 826 501 881 891 490 789 210 407 291 820 822 323 726 698 586 477 477 330 526 360 802 849 773 656 845 641 472 387 0 1076 622 312 633 858 726 961 515 237 760 1009 728 895 748 575 923 951 755 708 671 847 125 152 611 762 200 322 823 842 734 717 359 942 752 765 974 306 805 252 618 756 814 589 1086 649 555 1046 783 573 680 965 278 826 960 815 853 543 689 521 681 472 706 373 822 430 48 368 906 1050 800 715 576 1003 164 1109 740 315 929 769 785 753 893
580 483 309 462 724 655 609 420 792 338 633 1031 886 626 265 659 382 344 867 944 888 686 857 758 321 958 401 390 652 650 738 964 776 984 409 291 837 511 238 755 732 856 1076 0 511 795 516 931 724 117 562 849 476 111 652 499 366 838 264 167 753 376 406 620 1102 1028 810 813 876 971 339 646 405 401 992 275 598 633 228 771 798 829 733 697 307 832 22 907 521 163 454 709 517 136 1021 710 219 288 317 836 448 631 569 844 466 703 255 649 1123 891 232 83 422 621 612 170 969 203 405 1007 280 369 574 675 295
194 54 227 372 711 367 149 186 284 416 358 529 560 238 246 417 526 507 637 869 414 337 360 754 207 448 113 137 161 374 227 454 574 676 182 413 782 402 335 634 484 344 622 511 0 312 378 898 314 414 172 438 155 419 608 622 145 353 484 448 355 157 175 325 685 540 338 758 434 644 203 687 374 110 682 511 229 621 358 351 420 414 263 310 209 352 514 763 169 551 172 219 437 379 672 723 347 354 442 642 363 401 494 336 410 289 304 218 670 380 299 517 182 217 108 512 566 623 119 675 309 381 241 646 473
422 319 537 478 716 578 186 492 104 591 322 244 364 435 534 370 680 678 505 800 102 237 75 754 517 208 421 406 282 325 186 217 484 468 491 611 743 473 578 587 393 164 312 795 312 0 445 852 445 685 243 189 447 717 624 732 446 335 689 692 480 419 394 547 392 232 358 723 146 427 515 732 516 413 472 712 448 653 670 137 540 170 338 469 513 346 802 666 285 794 470 283 507 674 430 741 657 565 626 537 479 375 536 238 512 149 551 160 360 177 606 782 488 413 265 751 294 862 432 448 621 544 479 658 665
571 325 440 55 332 738 319 499 508 195 145 681 379 616 356 148 248 258 353 507 499 231 520 376 424 653 377 297 517 157 520 662 264 470 487 236 412 28 286 277 216 586 633 516 378 445 0 526 690 402 242 397 504 497 230 286 361 687 300 358 732 285 229 695 625 641 686 386 448 460 444 313 114 361 478 314 606 243 530 347 797 384 622 689 394 691 533 425 219 435 507 566 64 455 515 344 509 227 228 329 67 121 115 627 72 299 281 295 675 611 455 463 496 596 461 395 493 489 404 497 518 151 612 267 267
1093 848 956 552 210 1263 805 1025 946 614 559 1023 536 1136 863 500 548 586 371 76 849 625 916 172 943 1044 903 823 1020 548 991 1054 367 506 1013 657 116 508 758 271 459 1016 858 931 898 852 526 0 1201 844 739 697 1031 959 302 436 886 1163 667 768 1243 810 756 1220 771 952 1172 140 766 539 964 285 584 888 510 657 1128 306 1025 715 1309 704 1119 1205 911 1170 953 209 730 786 1034 1060 478 925 594 221 1003 690 623 323 565 507 416 1082 523 715 768 753 878 1029 955 853 1022 1115 967 764 697 797 930 555 1026 605 1137 269 637
146 368 419 687 1021 160 400 303 349 721 645 538 793 98 496 706 833 810 905 1166 530 598 437 1064 411 431 367 433 184 659 259 430 857 904 316 711 1085 715 616 932 763 341 726 724 314 445 690 1201 0 658 461 630 251 614 918 934 403 179 774 716 42 453 486 152 827 592 136 1061 592 866 389 1001 687 377 909 802 126 934 508 557 107 608 109 38 436 165 718 1049 473 812 271 163 751 589 874 1035 510 651 744 922 678 695 805 263 724 520 585 461 768 366 492 758 302 107 234 779 739 882 348 890 449 691 153 956 770
512 380 241 349 634 613 499 357 688 235 515 924 769 561 169 543 302 264 754 851 775 569 749 672 247 855 310 285 564 533 641 861 665 868 344 189 745 400 120 651 617 755 961 117 414 685 402 844 658 0 448 732 406 116 555 426 272 755 187 84 692 268 292 574 985 917 731 720 760 854 270 564 293 307 876 207 534 540 214 655 743 712 653 635 224 751 132 804 407 156 388 623 408 96 904 625 196 175 221 727 335 515 464 750 356 587 138 535 1008 790 178 103 358 552 519 131 852 223 319 891 248 259 516 581 210
362 136 345 258 563 536 77 346 277 353 187 487 394 400 312 247 450 443 464 705 327 168 313 606 324 436 236 188 281 203 277 444 403 509 339 369 624 270 337 470 312 355 515 562 172 243 242 739 461 448 0 298 326 495 462 520 246 445 447 450 503 195 156 495 554 470 444 600 315 480 332 554 284 222 516 471 397 481 471 213 569 275 383 466 309 448 571 594 42 551 339 325 306 450 513 580 455 322 387 470 254 234 353 387 295 144 312 86 562 384 399 542 342 378 227 508 425 619 258 513 434 307 413 499 425
588 423 641 445 592 753 289 625 293 580 251 328 179 609 609 271 645 654 333 638 152 170 232 625 620 349 528 486 457 242 373 359 335 278 620 613 596 420 614 448 258 344 237 849 438 189 397 697 630 732 298 0 590 791 514 665 543 524 686 718 666 493 448 719 255 265 548 580 69 238 625 628 497 516 282 704 618 549 770 87 727 24 524 651 607 535 861 499 334 811 610 467 446 746 245 622 753 581 616 374 452 288 453 425 470 154 594 223 281 348 697 818 620 586 427 768 127 872 546 260 730 532 645 544 656
105 192 168 486 834 238 303 58 393 490 507 635 716 154 246 564 601 574 789 1007 549 492 480 878 159 541 133 212 201 525 311 544 722 832 67 472 916 524 370 773 635 434 760 476 155 447 504 1031 251 406 326 590 0 368 733 712 162 368 530 466 285 228 277 195 832 661 337 890 580 800 137 799 471 147 838 558 129 740 272 504 340 566 260 230 184 361 472 908 315 560 25 250 557 339 827 842 270 414 508 791 474 546 617 395 520 444 342 373 807 468 243 507 55 146 187 528 717 630 108 831 214 467 118 770 530
471 398 203 447 748 543 532 311 703 346 594 946 848 516 183 629 419 381 849 963 813 636 774 786 218 867 306 311 551 613 643 873 761 953 300 301 857 498 212 757 705 763 1009 111 419 717 497 959 614 116 495 791 368 0 666 542 274 733 303 200 642 301 342 509 1046 949 704 832 810 935 234 679 395 309 961 322 488 653 118 708 686 769 627 586 210 727 104 910 457 246 345 607 511 45 981 740 107 277 336 826 432 602 570 745 460 639 216 579 1057 798 125 169 313 512 515 235 915 301 306 971 169 364 463 694 327
801 555 653 249 102 968 535 724 704 320 303 835 410 846 560 255 279 314 289 297 650 387 696 146 640 830 603 523 742 299 732 840 213 450 711 365 193 208 459 123 257 780 728 652 608 624 230 302 918 555 462 514 733 666 0 208 584 903 391 485 960 509 456 925 680 779 906 167 580 462 662 114 282 588 458 388 836 38 725 499 1026 511 845 918 608 908 672 262 445 523 735 788 176 630 525 119 703 391 335 237 263 249 115 833 220 475 467 495 761 800 654 580 721 826 687 494 567 552 630 493 724 305 842 37 357
799 568 591 262 240 949 598 687 793 224 420 965 596 849 491 395 124 161 494 461 782 510 807 267 584 940 579 504 777 425 797 949 411 651 673 255 356 259 366 331 429 871 895 499 622 732 286 436 934 426 520 665 712 542 208 0 550 959 239 343 975 485 448 906 864 921 952 335 724 658 609 152 248 566 659 225 832 173 627 628 1038 657 882 926 551 961 521 462 488 349 706 830 226 516 721 218 606 305 216 444 266 377 214 908 224 585 387 581 933 897 567 419 685 831 720 330 741 362 604 692 642 244 829 212 215
258 127 98 334 684 399 265 140 429 328 397 672 635 309 102 448 438 412 679 868 545 409 500 727 77 594 37 67 292 416 372 599 602 748 127 310 772 378 212 637 524 490 748 366 145 446 361 886 403 272 246 543 162 274 584 550 0 483 371 317 440 76 133 356 798 678 461 746 552 722 88 643 313 35 755 399 287 588 227 456 498 520 383 386 66 479 368 781 217 417 156 350 407 233 759 689 212 252 346 671 322 426 470 479 367 389 182 322 796 525 159 376 138 295 247 381 671 488 55 756 187 306 280 620 368
273 402 530 698 1003 339 369 426 231 765 607 368 700 243 585 664 873 857 834 1118 398 539 302 1045 517 262 445 490 193 616 172 259 802 803 435 765 1050 715 687 893 707 191 575 838 353 335 687 1163 179 755 445 524 368 733 903 959 483 0 837 798 192 510 524 329 686 432 43 1028 473 762 499 999 713 450 807 864 272 925 641 467 232 506 107 217 533 14 836 990 471 900 393 134 751 701 760 1022 638 707 793 860 692 660 797 104 736 451 656 411 614 206 608 859 424 236 245 863 616 971 435 781 582 726 308 940 825
630 435 384 246 459 759 517 493 719 106 441 933 679 680 287 448 118 80 629 680 764 516 760 494 382 883 407 348 645 455 696 890 538 764 479 77 573 286 160 500 512 794 923 264 484 689 300 667 774 187 447 686 530 303 391 239 371 837 0 104 812 327 316 717 924 909 821 549 729 758 407 382 189 397 772 27 658 370 396 622 870 670 745 758 351 836 286 650 406 138 519 703 279 280 814 445 376 130 71 592 237 422 320 809 234 562 189 529 967 826 344 189 492 667 592 104 791 188 426 794 419 154 648 412 34
569 406 307 302 559 683 510 422 708 171 485 935 735 619 220 504 221 183 704 778 777 549 760 595 309 874 355 312 605 502 671 881 613 828 408 125 672 350 115 588 574 779 951 167 448 692 358 768 716 84 450 718 466 200 485 343 317 798 104 0 752 293 300 644 965 921 778 647 752 817 334 485 244 348 836 122 595 467 298 645 806 699 700 696 281 795 187 740 408 103 451 664 352 180 871 547 279 137 149 671 290 477 403 783 302 580 145 536 997 813 255 105 422 609 556 64 831 175 369 854 327 207 580 509 130
182 410 451 728 1063 154 441 335 382 761 687 559 831 132 532 747 873 849 946 1207 562 638 468 1106 445 452 405 473 225 701 294 450 898 942 347 749 1127 757 653 974 804 367 755 753 355 480 732 1243 42 692 503 666 285 642 960 975 440 192 812 752 0 493 527 158 858 617 150 1103 627 903 421 1043 728 416 947 840 157 975 534 595 65 645 142 56 470 178 746 1090 515 846 303 200 792 619 910 1077 537 690 783 963 719 737 847 286 766 559 623 502 796 390 522 791 334 145 276 814 774 915 385 926 476 731 179 998 808
314 113 164 259 609 467 233 215 420 268 327 656 570 364 117 376 379 357 606 792 514 347 481 652 145 587 96 20 317 346 378 593 528 681 202 258 696 302 178 561 452 488 708 376 157 419 285 810 453 268 195 493 228 301 509 485 76 510 327 293 493 0 58 423 749 652 493 670 509 658 161 571 242 81 689 355 346 514 281 408 554 470 417 442 121 508 383 705 159 396 227 376 332 256 698 615 263 200 291 597 247 352 394 490 293 339 147 278 756 522 206 369 212 348 265 356 619 468 122 693 251 240 344 545 318
354 123 221 209 557 514 210 269 408 240 270 635 516 402 163 318 350 333 548 736 483 296 460 601 203 574 147 67 335 289 379 581 470 626 257 241 641 248 185 504 394 481 671 406 175 394 229 756 486 292 156 448 277 342 456 448 133 524 316 300 527 58 0 470 704 625 512 616 470 604 219 523 200 131 634 342 387 463 334 367 590 427 438 478 178 524 415 647 115 403 278 391 280 297 645 565 315 186 268 539 197 294 341 493 244 298 157 242 718 513 258 388 266 384 280 362 573 474 174 639 308 205 389 493 301
134 373 336 679 1027 43 452 223 463 684 682 676 866 111 430 741 794 766 958 1193 641 653 555 1070 336 570 328 407 264 698 369 570 898 981 238 664 1104 716 558 958 807 472 847 620 325 547 695 1220 152 574 495 719 195 509 925 906 356 329 717 644 158 423 470 0 938 723 287 1079 692 946 310 994 666 342 987 744 101 934 394 637 183 695 240 114 366 317 611 1088 494 731 200 275 749 492 963 1035 401 606 700 966 668 726 809 404 715 588 530 521 891 502 397 667 224 133 292 703 838 797 302 973 340 662 83 962 719
814 675 895 678 732 968 538 871 478 817 483 359 269 826 865 481 867 882 414 699 298 416 390 754 875 442 781 742 674 468 571 450 469 265 868 854 696 644 866 579 434 495 125 1102 685 392 625 771 827 985 554 255 832 1046 680 864 798 686 924 965 858 749 704 938 0 275 720 688 252 233 878 791 734 770 261 939 840 718 1025 341 912 278 718 854 862 699 1115 562 590 1054 853 669 662 1001 177 767 1009 827 852 471 687 505 652 581 696 409 847 476 117 481 953 1067 867 805 656 1012 133 1112 798 216 984 770 871 700 892
614 551 766 683 857 745 418 711 268 807 501 84 416 614 767 531 887 890 581 888 145 411 181 890 747 173 650 639 471 496 358 179 597 478 711 832 856 667 808 711 524 251 152 1028 540 232 641 952 592 917 470 265 661 949 779 921 678 432 909 921 617 652 625 723 275 0 470 841 199 436 743 893 728 644 478 931 634 813 898 294 664 268 486 625 744 446 1035 747 513 1021 685 448 697 906 405 888 887 790 843 629 687 545 712 331 713 348 782 384 184 227 837 1013 707 595 473 978 265 1088 659 439 848 759 669 809 883
238 389 501 694 1007 296 371 395 255 753 614 409 721 205 562 672 862 845 850 1129 428 551 332 1049 490 302 423 473 177 624 183 300 814 827 404 751 1058 713 668 901 719 224 611 810 338 358 686 1172 136 731 444 548 337 704 906 952 461 43 821 778 150 493 512 287 720 470 0 1036 500 786 471 999 705 429 831 849 234 926 608 486 193 528 78 174 508 29 808 1004 468 878 361 121 750 674 787 1025 607 692 780 874 687 667 798 139 732 464 637 419 651 243 579 834 392 199 232 842 645 950 411 807 549 716 269 943 811
952 707 819 413 95 1122 666 885 814 486 421 908 433 995 727 363 433 470 274 131 729 491 791 82 805 921 763 683 880 411 856 930 245 429 873 531 25 368 627 136 330 886 762 813 758 723 386 140 1061 720 600 580 890 832 167 335 746 1028 549 647 1103 670 616 1079 688 841 1036 0 649 455 826 185 449 747 435 543 987 179 892 589 1169 584 981 1065 774 1034 834 151 590 676 894 921 340 797 515 124 871 559 499 218 427 369 277 949 386 582 635 617 787 901 821 738 882 974 827 650 598 697 790 478 891 473 996 138 517
565 427 648 494 659 724 288 619 246 624 305 259 242 581 626 331 696 702 400 706 85 217 173 693 627 283 532 500 427 298 333 292 404 333 616 653 665 473 645 516 326 287 200 876 434 146 448 766 592 760 315 69 580 810 580 724 552 473 729 752 627 509 470 692 252 199 500 649 0 291 630 693 543 522 336 749 593 614 779 107 685 68 484 616 617 485 886 567 354 849 601 430 501 765 286 689 764 617 660 443 499 347 513 371 521 173 622 231 247 287 709 850 615 558 405 806 147 913 548 308 736 576 622 610 700
812 617 819 516 503 982 498 826 531 654 340 517 87 838 766 313 683 704 183 469 374 313 465 523 799 567 716 657 688 322 610 576 249 42 819 696 462 472 734 353 245 579 322 971 644 427 460 539 866 854 480 238 800 935 462 658 722 762 758 817 903 658 604 946 233 436 786 455 291 0 810 569 574 702 45 769 844 501 938 310 965 258 761 885 779 773 986 329 504 895 816 703 481 890 63 539 920 683 687 240 527 340 456 661 524 359 722 428 338 578 862 922 822 815 653 855 171 945 738 36 909 612 869 477 724
243 203 30 412 760 351 341 88 484 384 486 730 722 291 120 536 491 460 767 950 616 496 563 802 25 644 97 155 318 505 415 649 690 836 74 358 852 458 249 721 612 538 823 339 203 515 444 964 389 270 332 625 137 234 662 609 88 499 407 334 421 161 219 310 878 743 471 826 630 810 0 713 384 109 843 434 264 663 156 538 473 602 393 365 57 493 336 866 305 425 118 373 486 202 845 762 146 303 396 759 399 514 549 513 442 471 224 402 871 573 108 369 88 283 286 394 753 493 83 843 106 371 246 697 412
876 633 700 315 90 1037 630 783 808 340 409 948 522 923 602 365 264 302 391 308 763 496 805 114 689 939 667 587 830 408 830 949 322 554 770 380 205 287 487 218 371 885 842 646 687 732 313 285 1001 564 554 628 799 679 114 152 643 999 382 485 1043 571 523 994 791 893 999 185 693 569 713 0 329 652 561 372 910 79 754 610 1108 625 935 998 657 1003 668 324 532 501 798 879 250 649 632 65 733 420 344 335 326 357 201 934 279 583 501 596 875 906 688 568 781 904 774 479 680 515 693 599 762 342 913 91 354
554 319 373 58 376 710 360 453 562 83 251 759 493 603 278 262 165 162 461 577 583 327 590 419 361 718 338 260 529 265 555 727 371 584 440 122 475 106 183 362 330 639 734 405 374 516 114 584 687 293 284 497 471 395 282 248 313 713 189 244 728 242 200 666 734 728 705 449 543 574 384 329 0 324 592 207 587 279 444 437 791 482 634 679 329 714 422 515 248 322 469 583 116 355 629 378 422 118 118 433 47 235 176 668 64 380 186 357 778 668 372 349 451 585 473 281 601 378 364 611 442 37 587 315 158
235 95 126 339 688 386 234 138 393 346 383 637 615 285 137 437 458 433 667 867 513 388 466 732 105 558 16 65 258 402 336 564 593 729 127 333 773 380 240 634 511 455 717 401 110 413 361 888 377 307 222 516 147 309 588 566 35 450 397 348 416 81 131 342 770 644 429 747 522 702 109 652 324 0 736 425 266 594 257 429 476 493 351 363 100 447 404 775 198 450 147 316 411 269 736 695 244 274 367 662 327 416 472 444 373 362 210 293 765 490 192 411 135 270 212 413 644 521 42 735 214 321 263 624 392
853 653 851 533 490 1024 538 862 576 670 367 559 122 880 794 333 691 714 170 438 419 348 510 507 832 611 750 689 731 348 654 621 248 8 855 713 440 487 757 343 261 624 359 992 682 472 478 510 909 876 516 282 838 961 458 659 755 807 772 836 947 689 634 987 261 478 831 435 336 45 843 561 592 736 0 782 885 496 968 352 1008 302 805 927 811 818 1008 301 538 910 854 746 493 916 84 526 949 704 701 226 546 360 463 706 539 399 746 467 371 623 892 941 858 856 695 871 213 958 773 45 940 629 909 470 738
657 462 411 261 452 786 541 520 744 124 457 956 692 708 314 462 110 74 636 673 786 534 784 485 408 907 435 375 672 471 722 915 544 773 506 102 567 298 187 501 523 820 942 275 511 712 314 657 802 207 471 704 558 322 388 225 399 864 27 122 840 355 342 744 939 931 849 543 749 769 434 372 207 425 782 0 686 365 418 642 897 689 772 786 378 863 297 649 430 135 546 730 288 301 826 436 399 157 88 596 253 436 325 836 245 583 216 552 985 851 369 196 520 695 619 107 807 176 454 805 443 172 675 407 48
35 280 294 595 938 140 351 178 369 613 584 593 765 29 375 644 725 700 858 1099 545 552 461 982 288 490 254 328 166 600 276 491 800 879 190 598 1012 628 499 863 708 387 752 598 229 448 606 1128 126 534 397 618 129 488 836 832 287 272 658 595 157 346 387 101 840 634 234 987 593 844 264 910 587 266 885 686 0 847 382 536 211 594 169 101 313 262 592 991 399 689 146 187 663 463 862 949 384 540 633 867 584 629 721 327 631 486 469 420 798 419 366 634 177 39 190 657 737 758 232 872 324 587 36 873 656
813 568 653 254 97 977 556 729 730 307 331 868 449 859 558 286 255 291 328 310 683 417 726 139 640 860 609 529 760 328 755 870 252 489 716 352 204 219 451 159 293 807 765 633 621 653 243 306 934 540 481 549 740 653 38 173 588 925 370 467 975 514 463 934 718 813 926 179 614 501 663 79 279 594 496 365 847 0 718 531 1041 545 864 932 608 929 654 290 462 499 741 807 184 619 564 101 697 383 319 274 267 278 128 858 221 504 461 520 799 828 648 559 726 839 704 472 604 525 636 532 720 299 852 42 338
370 353 132 487 815 427 492 214 640 414 603 886 851 412 176 647 503 467 875 1021 770 628 719 855 152 799 248 284 469 622 570 804 791 961 206 374 918 538 267 803 724 693 974 228 358 670 530 1025 508 214 471 770 272 118 725 627 227 641 396 298 534 281 334 394 1025 898 608 892 779 938 156 754 444 257 968 418 382 718 0 683 574 747 533 477 162 633 217 954 439 360 247 521 558 118 979 811 21 335 412 858 473 621 620 664 508 615 257 549 1023 728 76 286 216 411 440 344 897 418 239 973 59 419 354 756 413
505 335 554 390 586 673 201 537 237 518 207 339 236 528 525 244 593 597 368 662 154 117 201 623 533 333 441 401 378 204 305 343 348 347 532 547 607 373 539 452 258 301 306 771 351 137 347 715 557 655 213 87 504 708 499 628 456 467 622 645 595 408 367 637 341 294 486 589 107 310 538 610 437 429 352 642 536 531 683 0 657 63 454 575 521 477 781 529 251 741 522 395 402 663 326 614 667 510 554 399 394 255 421 374 419 68 516 135 352 313 612 744 533 505 345 699 215 806 459 336 643 470 562 532 594
