299
0 628 407 250 135 567 228 656 668 404 222 387 418 584 319 498 312 797 260 820 661 190 763 533 748 182 790 771 675 264 286 555 676 491 148 794 789 389 596 439 70 664 245 543 416 486 391 350 311 628 636 705 430 669 362 237 126 409 199 581 618 351 781 385 432 514 554 580 619 577 569 327 535 580 567 156 681 83 416 517 387 479 340 683 114 804 256 421 244 593 290 89 229 288 574 375 562 648 264 300 584 681 118 344 122 318 585 393 779 691 576 581 643 966 536 840 289 52 575 558 271 482 919 40 558 185 817 315 459 367 413 250 68 621 601 722 800 548 446 306 511 117 658 404 466 752 299 574 268 216 243 612 350 238 642 517 267 520 301 98 646 505 137 625 457 696 324 903 434 842 237 647 288 367 582 343 278 119 400 557 202 159 325 349 140 390 688 563 790 161 161 739 417 504 388 460 498 90 269 259 314 377 316 19 608 624 105 331 600 604 806 419 656 673 268 397 601 527 681 409 81 425 461 691 552 393 537 695 343 643 648 754 676 607 658 351 447 332 267 232 300 213 136 619 175 521 422 486 936 224 763 88 356 251 770 183 116 390 530 710 65 439 244 614 264 410 564 844 686 345 708 358 891 634 107 259 575 225 423 433 405 691 707 668 705 692 406 244 665 406 201 572 299 940 515 205 380 209 533
628 0 981 814 503 943 588 503 1047 278 529 583 954 985 506 184 845 798 740 635 39 775 470 488 456 784 819 600 136 869 495 477 637 169 553 564 823 507 526 188 676 53 761 784 722 145 971 445 450 882 113 467 439 1076 972 864 517 264 579 212 723 397 748 270 351 1032 861 838 1049 924 767 301 531 1049 942 598 812 544 438 449 871 150 758 349 567 495 883 920 870 127 852 709 404 881 454 590 313 72 465 452 812 780 743 355 749 943 522 588 548 588 452 303 537 750 707 595 545 678 833 277 850 624 734 587 128 495 647 358 765 297 215 773 575 223 1081 763 621 962 977 477 474 533 80 739 523 583 351 124 840 488 738 709 931 539 937 763 546 113 927 597 1055 990 749 937 662 1133 720 750 207 592 810 42 916 273 897 925 787 674 291 144 526 753 467 966 529 428 645 363 716 776 786 778 940 424 939 201 746 606 547 851 812 776 940 647 813 78 590 380 547 283 770 302 114 950 678 934 755 738 740 286 551 212 459 616 563 287 371 1001 766 847 212 842 287 560 40 651 860 382 571 669 920 783 630 652 764 667 352 440 751 844 805 676 446 875 1188 565 524 386 929 476 617 619 385 22 892 367 161 717 946 288 416 718 688 1008 677 719 950 850 995 303 287 941 864 1069 810 1146 241 630 37 419 804 350 794 721 237 833 508 809 559
407 981 0 169 491 351 613 808 403 801 457 494 83 330 720 816 143 797 253 928 1019 426 948 688 937 225 772 888 991 152 689 717 750 820 429 937 768 554 729 799 410 1026 222 477 394 853 20 757 718 502 1014 883 630 375 112 237 476 725 405 977 620 610 809 775 839 148 418 475 320 387 526 698 664 251 352 383 632 473 621 696 179 831 283 915 421 986 234 150 303 975 129 319 585 121 749 479 809 1018 524 546 505 656 301 747 331 309 720 494 926 797 751 831 773 1056 536 978 684 380 474 822 448 545 1001 438 882 486 919 716 395 687 769 519 429 903 253 722 912 299 96 529 676 458 991 365 604 874 630 897 457 623 248 624 57 451 470 466 663 868 200 495 358 188 271 445 489 366 314 969 814 982 451 1009 267 751 422 461 543 461 799 941 606 412 546 144 457 610 759 786 841 366 327 734 108 700 534 845 459 386 454 418 191 296 185 396 534 996 398 737 720 863 827 820 978 505 326 85 574 499 686 711 486 769 642 781 660 703 758 491 276 552 934 707 934 720 1004 406 275 738 656 580 339 452 353 672 419 552 829 675 1014 336 747 428 763 210 441 417 473 637 310 883 383 509 607 964 238 662 875 912 526 696 911 343 990 388 447 577 355 313 15 836 708 538 626 381 665 347 741 366 1016 626 391 801 564 1037 805 280 547 396 643
250 814 169 0 322 362 470 681 449 634 294 365 168 364 569 652 69 723 114 819 851 323 815 556 803 85 705 774 828 91 536 584 647 654 260 817 702 413 605 631 269 858 73 415 302 685 157 600 560 472 845 750 484 439 177 174 308 559 242 809 538 451 725 606 676 264 387 432 386 385 457 529 539 337 362 215 573 308 473 558 159 663 185 769 251 855 186 180 242 806 41 169 416 78 614 349 657 849 361 387 451 587 165 583 206 289 596 366 804 685 616 680 652 955 450 860 537 234 429 667 372 435 902 276 718 318 811 550 323 521 601 416 262 745 355 646 801 328 196 372 541 290 826 277 473 759 463 733 377 465 100 538 117 291 463 396 515 700 191 345 418 261 127 441 386 457 200 875 645 863 361 841 238 583 405 412 444 327 632 772 452 300 391 187 288 459 657 639 749 259 222 660 168 558 481 676 383 217 300 344 100 216 191 242 480 827 229 574 600 710 746 654 814 498 186 147 502 422 606 547 324 601 501 674 541 538 611 504 182 508 777 650 782 602 837 284 248 575 512 452 302 352 184 573 312 454 666 533 917 261 678 290 606 156 532 251 304 481 320 752 217 393 438 797 196 506 712 816 516 527 772 239 885 421 312 460 369 241 183 670 545 525 581 441 604 449 574 215 849 475 298 654 466 933 645 197 404 306 523
135 503 491 322 0 566 267 536 673 314 130 304 480 593 312 363 368 708 280 703 539 320 633 417 618 281 706 654 542 366 274 437 573 358 80 672 706 284 482 316 201 543 286 495 376 367 478 318 279 591 525 579 309 684 469 362 14 273 142 487 540 221 686 284 369 570 528 540 641 566 511 209 427 617 566 126 614 61 295 396 421 353 337 550 71 675 382 464 378 485 362 206 99 381 452 296 428 531 144 180 535 606 241 272 256 453 472 310 655 579 454 446 528 851 467 718 301 188 535 423 402 399 806 98 425 68 703 237 424 232 288 363 73 485 643 637 684 560 507 193 394 32 528 374 361 635 164 441 396 196 270 532 436 151 618 468 281 392 424 166 661 545 245 605 388 724 309 793 323 719 365 526 419 260 561 476 388 230 314 450 207 290 209 462 45 267 585 432 688 297 296 655 472 380 515 354 448 105 184 392 350 370 436 155 554 509 93 269 489 469 711 338 524 645 250 459 534 468 597 273 92 295 343 584 447 257 407 677 343 592 512 681 540 498 531 298 453 271 293 309 436 339 142 525 305 444 359 365 823 360 681 212 324 372 793 119 20 260 536 584 114 360 119 488 391 279 429 737 653 216 577 331 775 636 224 350 574 360 505 355 269 656 648 681 633 726 274 207 540 282 335 441 406 823 379 336 275 343 430
567 943 351 362 566 0 794 598 108 858 457 360 267 50 871 759 296 486 306 670 982 684 743 510 737 445 456 640 903 433 834 536 493 774 486 702 450 437 521 795 611 995 328 197 221 851 365 884 844 166 1012 681 511 133 456 530 555 683 425 1014 341 549 514 821 930 240 105 163 118 42 242 728 470 163 1 443 317 588 509 536 204 810 230 755 503 774 537 205 600 982 341 512 625 400 571 353 681 999 502 502 201 350 519 833 564 633 517 355 696 556 573 702 554 774 285 734 850 572 164 708 734 344 719 576 820 519 656 797 178 658 765 775 543 792 196 421 658 56 257 473 510 540 924 207 440 632 630 830 740 756 324 351 366 438 120 205 828 837 523 665 113 173 480 95 291 196 257 680 836 739 723 981 584 791 87 770 803 671 862 955 756 658 480 484 520 515 499 641 556 620 584 428 244 553 841 873 213 493 416 706 265 196 514 568 225 984 490 834 505 735 525 891 899 154 316 271 287 242 394 658 617 749 501 530 451 660 618 143 226 227 823 382 795 499 952 297 119 835 831 795 655 713 441 418 671 319 921 530 728 622 433 633 890 507 245 448 558 556 42 679 509 332 648 922 545 577 798 629 177 700 726 240 719 70 656 811 7 602 347 908 658 189 295 125 350 217 716 360 971 525 660 658 826 760 718 558 435 668 442
228 588 613 470 267 794 0 782 896 313 396 571 637 812 119 521 536 975 488 952 612 230 859 672 843 392 973 904 677 462 103 688 835 503 333 912 974 549 738 420 203 608 473 754 630 445 595 176 149 845 555 812 562 897 544 398 270 455 397 467 807 465 950 317 285 734 775 795 847 803 774 320 687 806 794 363 879 218 548 645 615 465 565 757 305 900 411 647 364 510 509 301 293 492 698 562 640 582 406 439 794 873 312 235 284 422 728 577 895 835 699 654 781 1099 733 957 74 236 790 623 284 666 1058 219 564 335 954 230 675 421 406 192 257 661 826 904 933 776 666 457 648 279 642 622 624 884 362 581 272 106 471 799 557 417 864 727 56 502 461 129 874 730 346 849 653 923 546 1049 381 958 247 592 418 319 805 353 201 154 302 474 71 224 471 522 305 520 848 658 950 267 298 922 639 625 354 388 707 304 450 296 542 602 479 230 816 556 310 211 747 668 976 303 653 894 487 617 799 731 865 470 185 434 598 843 710 449 637 920 568 852 681 948 730 757 625 556 675 210 42 82 389 223 356 791 226 711 277 614 1076 328 948 185 179 422 997 375 263 501 758 819 285 627 289 581 415 513 585 994 905 365 799 576 1023 862 167 131 802 344 629 311 466 909 912 896 900 918 431 454 624 531 269 662 206 1070 566 354 540 271 693
656 503 808 681 536 598 782 0 679 609 437 316 743 648 775 358 669 297 568 170 534 847 145 126 138 707 321 122 399 769 743 101 144 385 510 139 326 275 80 469 727 553 608 402 422 502 808 743 719 472 610 82 227 723 858 821 540 360 475 676 277 318 245 570 711 784 494 445 717 563 362 499 144 750 597 520 352 597 241 140 638 448 525 183 543 179 839 683 866 605 701 687 489 759 84 332 195 575 393 357 409 313 721 643 755 935 87 315 124 85 83 201 46 317 313 184 788 703 443 231 928 268 277 628 383 473 173 616 440 378 455 899 589 283 785 274 151 640 755 350 146 542 444 451 207 102 423 381 924 683 580 264 779 426 539 394 775 445 863 702 707 720 701 549 326 791 494 275 536 186 894 546 889 544 522 998 924 765 622 598 712 816 331 869 517 268 149 150 213 810 795 286 720 157 1045 568 388 577 401 913 618 517 867 673 396 574 557 662 93 221 267 651 408 537 495 730 327 356 264 334 628 421 195 115 151 353 158 595 532 418 304 359 243 99 489 402 572 665 795 840 931 870 556 192 831 280 705 171 295 860 311 742 748 816 823 483 550 281 606 80 602 300 495 482 850 269 345 227 524 446 134 465 241 645 757 883 603 852 815 664 337 515 405 711 339 815 400 472 514 254 854 157 942 288 288 815 285 862 165
668 1047 403 449 673 108 896 679 0 967 565 464 325 85 976 862 380 525 408 731 1086 773 822 601 817 534 491 706 1003 510 939 625 561 878 593 771 485 540 605 902 708 1099 425 279 327 958 420 990 951 213 1118 762 611 51 514 608 662 789 533 1122 409 654 561 929 1038 266 190 233 89 123 317 836 560 163 108 549 363 693 610 630 290 916 336 844 609 849 612 276 679 1089 422 607 734 474 660 457 777 1104 610 609 270 401 612 941 655 704 602 458 767 628 663 798 633 821 368 799 953 670 236 806 818 437 767 679 923 627 716 905 282 765 872 865 647 889 182 470 721 121 306 581 604 646 1025 315 537 701 738 932 824 861 424 420 430 546 146 294 931 942 592 766 51 214 572 130 389 120 364 726 944 804 809 1085 656 899 158 847 893 768 971 1063 860 749 586 545 628 618 565 735 608 709 671 474 306 649 920 981 307 597 524 789 358 303 581 668 287 1090 595 941 587 830 569 999 999 164 423 335 355 327 451 763 721 855 599 599 537 766 713 116 331 275 920 415 888 580 1055 404 222 943 934 893 728 802 545 491 761 406 1029 626 774 704 472 730 997 583 145 556 665 660 138 758 612 431 757 1026 620 680 900 679 186 808 810 348 774 39 753 906 100 683 395 1017 763 200 327 38 393 151 823 468 1075 628 747 752 916 811 819 640 539 754 530
404 278 801 634 314 858 313 609 967 0 401 531 794 891 227 268 682 868 592 773 300 518 640 535 624 582 878 728 384 667 217 539 708 242 388 715 881 472 594 147 435 295 600 746 647 146 787 169 171 847 244 610 439 984 766 639 327 251 438 177 739 348 829 41 102 884 801 797 945 851 746 134 567 926 858 436 825 329 430 497 732 184 639 522 385 676 656 777 630 199 674 494 233 687 533 531 425 269 359 370 782 805 523 77 518 699 586 538 698 683 533 430 626 911 691 756 266 448 792 396 587 607 880 367 286 342 780 92 695 243 155 503 372 403 954 812 755 861 821 398 513 346 341 653 526 708 236 300 576 222 583 727 745 420 888 720 268 213 704 347 961 857 540 881 623 1029 605 884 83 755 547 279 680 72 836 660 514 420 14 162 257 500 400 754 354 405 719 461 812 531 549 829 786 471 667 77 700 416 443 592 663 667 720 421 794 242 407 102 611 431 854 41 360 910 550 773 753 707 779 278 322 189 473 702 598 261 451 951 645 831 413 877 478 623 317 566 753 104 293 395 672 521 456 691 509 656 96 473 899 600 857 430 171 655 1095 417 330 367 833 618 418 583 210 275 664 363 317 837 913 177 578 618 839 928 425 444 866 609 816 56 276 912 871 979 835 1034 209 502 313 407 551 458 519 881 332 601 467 556 585
222 529 457 294 130 457 396 437 565 401 0 174 425 490 440 359 317 582 211 598 567 411 552 312 538 289 578 550 534 366 402 336 454 364 74 576 578 167 374 355 292 576 234 367 252 411 449 439 402 464 575 492 214 583 466 396 126 268 52 562 410 158 563 365 474 505 407 413 545 452 381 273 313 532 457 88 483 181 201 299 345 381 240 488 108 594 414 392 432 541 328 251 168 368 358 166 370 571 67 95 407 476 286 377 317 504 364 181 561 468 360 392 422 744 337 622 431 266 408 376 491 270 697 199 425 66 595 341 301 231 324 471 157 452 562 509 579 460 448 89 291 119 534 255 244 531 183 440 488 325 210 403 410 21 496 340 412 415 446 286 560 467 271 486 258 629 205 680 385 624 458 560 461 335 441 560 498 337 405 510 338 379 109 469 92 178 467 360 569 372 358 527 411 290 609 421 320 139 53 475 283 266 454 238 425 552 120 380 378 420 588 433 520 522 153 405 403 338 469 254 215 318 242 469 330 246 332 558 246 462 483 551 493 385 549 172 352 382 423 433 496 435 125 401 395 314 464 269 714 424 553 310 446 396 694 47 134 191 432 496 165 230 191 510 426 216 418 622 528 253 502 217 669 527 327 469 465 418 469 451 251 530 518 578 503 636 288 104 562 195 416 372 518 718 350 383 157 425 311
387 583 494 365 304 360 571 316 464 531 174 0 435 404 608 398 353 410 251 457 622 570 454 194 443 397 404 411 546 454 571 222 294 414 244 451 404 76 240 444 456 635 292 215 140 498 493 600 565 316 656 389 153 494 541 512 300 326 188 670 236 193 394 491 618 489 280 267 469 340 216 397 174 480 359 233 310 355 149 203 333 454 215 426 276 492 529 381 563 630 385 393 317 442 254 15 332 640 179 161 251 301 424 525 463 628 231 6 439 323 257 354 287 598 166 495 603 424 262 354 646 95 547 370 460 237 451 490 182 306 415 638 328 439 514 335 439 383 451 133 182 293 563 162 110 395 294 470 645 496 264 228 463 154 362 189 584 478 549 460 473 434 397 358 91 553 180 525 493 498 617 621 580 460 316 710 666 506 538 605 511 538 131 552 266 154 306 300 406 522 501 353 413 211 765 531 170 298 121 626 303 216 552 400 263 626 282 534 236 387 418 569 540 381 178 420 231 176 295 300 389 395 153 316 178 304 273 426 222 301 471 377 454 239 592 88 289 536 597 607 629 596 262 232 554 139 609 185 563 563 378 475 607 504 605 204 308 196 350 390 324 56 336 561 541 216 438 466 382 359 417 157 525 425 494 642 367 552 502 586 300 381 349 486 329 569 363 162 611 165 568 316 686 574 358 512 74 577 160
418 954 83 168 480 267 637 743 325 794 425 435 0 248 737 782 112 716 213 856 992 471 885 627 875 246 691 817 952 195 704 655 677 788 410 869 687 501 663 777 435 1000 195 397 323 832 97 768 728 418 995 820 579 301 190 291 466 692 374 967 543 570 731 764 841 96 335 393 246 303 446 682 599 183 268 361 551 473 571 639 105 805 220 861 408 922 292 68 361 958 128 336 569 158 689 421 759 995 489 508 423 575 327 747 364 379 655 434 859 727 691 782 706 981 461 908 705 400 391 776 504 477 926 443 848 463 846 713 319 656 746 565 426 858 194 643 841 217 28 487 617 448 957 294 544 805 605 862 512 633 216 547 106 415 386 387 683 840 267 512 283 112 291 361 419 303 255 893 798 912 502 984 333 739 338 526 591 491 793 925 620 452 502 220 441 563 685 732 765 408 369 654 25 645 599 831 382 378 412 474 142 226 255 410 453 974 387 739 653 814 748 817 941 421 280 20 495 422 607 675 491 742 587 709 593 669 705 408 212 469 890 625 884 652 973 346 193 740 679 614 405 499 337 599 462 479 831 619 938 390 666 455 774 264 379 390 464 594 226 820 382 443 592 935 298 618 837 836 443 673 852 279 917 307 476 617 271 367 82 833 673 454 543 307 584 290 713 325 987 578 440 748 613 962 764 329 494 446 577
584 985 330 364 593 50 812 648 85 891 490 404 248 0 893 801 296 532 324 719 1025 688 793 559 787 449 501 690 949 427 857 585 543 816 513 751 495 481 571 833 623 1037 340 247 264 889 346 909 870 211 1051 731 556 92 439 525 582 724 455 1050 391 590 561 855 960 205 155 212 68 89 292 763 520 118 51 468 363 611 553 584 205 850 255 804 527 824 531 194 596 1021 338 522 658 393 620 396 728 1040 539 540 250 398 527 863 570 624 566 399 746 606 622 750 604 821 335 783 870 585 213 754 734 392 767 596 864 550 705 827 223 698 803 780 565 839 149 469 707 36 233 513 558 565 968 247 488 682 667 874 740 779 340 400 352 472 157 254 848 878 512 682 70 143 487 133 339 149 286 727 872 788 725 1022 576 825 134 765 809 683 895 993 777 664 520 469 548 558 548 689 604 624 586 475 228 600 837 909 262 514 452 705 273 224 502 583 274 1024 513 862 555 782 572 923 944 187 344 256 336 291 443 700 638 789 548 580 501 701 665 162 250 273 870 426 843 549 996 336 140 864 850 808 647 717 462 468 676 369 950 577 775 621 479 645 916 501 204 477 584 599 57 728 529 379 681 964 538 620 842 677 211 737 776 274 768 59 667 821 46 599 324 940 699 224 338 87 396 168 756 390 1014 569 662 706 831 809 763 557 478 670 491
319 506 720 569 312 871 119 775 976 227 440 608 737 893 0 473 631 996 570 945 525 349 833 676 817 496 999 897 610 571 37 688 847 451 389 897 1000 572 741 359 311 518 561 807 688 371 703 63 59 903 457 793 568 981 657 513 320 424 454 360 840 468 966 245 174 833 839 852 934 874 820 280 699 899 870 429 919 282 556 645 704 402 640 722 368 872 527 740 482 413 609 402 298 599 692 602 612 489 431 458 847 907 419 154 395 541 732 615 879 837 693 622 781 1089 774 940 47 340 847 590 400 699 1052 299 505 374 949 167 736 398 353 305 328 614 921 930 926 858 766 482 653 334 569 685 642 877 353 520 388 115 555 830 663 461 929 780 62 436 577 225 958 823 449 916 696 1013 616 1048 306 940 364 503 536 257 871 467 308 269 214 379 117 342 492 637 356 527 859 638 959 384 414 948 737 622 460 304 760 378 493 414 630 675 595 327 865 463 380 129 754 631 992 206 585 957 556 717 840 778 892 445 254 385 605 849 725 425 621 988 644 903 629 982 687 765 545 610 754 127 81 192 508 342 430 812 345 747 168 615 1070 446 975 296 65 536 1086 430 315 500 837 800 365 664 286 503 532 507 531 996 965 333 771 641 1014 940 281 236 879 462 736 210 441 968 956 979 936 1010 391 517 540 536 388 640 309 1060 528 469 564 390 709
498 184 816 652 363 759 521 358 862 268 359 398 782 801 473 0 676 640 568 513 223 668 372 315 356 633 657 470 178 716 450 309 477 27 397 451 661 322 362 120 556 237 594 600 537 144 808 426 413 699 269 346 255 892 819 725 375 92 411 319 546 215 594 235 368 857 676 654 865 739 584 201 357 868 758 437 636 416 253 276 695 91 579 253 416 408 744 744 742 254 688 569 269 723 292 406 164 245 293 274 629 607 604 322 619 816 356 403 433 439 291 164 383 646 525 490 500 550 649 131 748 441 619 458 66 338 521 306 581 133 119 687 437 140 901 596 496 778 804 298 298 389 174 555 341 451 199 80 740 415 569 533 769 367 753 578 494 91 784 492 871 811 604 752 478 950 541 626 187 488 709 223 783 217 712 824 705 569 282 242 451 642 285 817 378 243 487 207 569 656 659 612 766 249 851 213 562 457 370 744 640 595 795 517 631 236 439 346 382 163 618 308 162 766 503 763 576 554 570 106 432 88 278 462 388 113 206 817 587 666 160 673 213 395 194 468 678 348 518 597 798 682 472 481 655 485 364 261 637 722 640 562 429 732 1004 400 384 202 746 354 474 434 257 163 754 182 66 584 763 160 310 536 576 823 568 646 766 723 829 318 108 759 687 884 637 963 93 456 212 235 691 200 717 616 69 700 323 698 382
312 845 143 69 368 296 536 669 380 682 317 353 112 296 631 676 0 683 109 796 883 392 807 547 796 154 663 754 849 140 597 575 620 681 298 801 659 411 590 667 337 891 84 368 266 722 140 659 619 416 884 742 487 370 196 234 354 585 266 855 501 467 690 652 730 204 329 379 317 321 413 570 525 270 296 250 526 362 477 554 91 696 148 772 296 846 243 111 305 847 46 236 457 111 607 338 665 885 383 404 402 544 234 635 276 343 582 353 789 664 610 688 636 929 414 842 601 301 376 679 439 411 875 335 742 353 788 602 278 548 636 485 315 759 289 607 779 259 139 385 534 336 851 238 463 740 495 757 445 524 107 502 110 309 401 352 579 732 237 409 348 193 195 378 357 388 175 845 687 846 429 875 293 627 345 475 513 396 681 814 514 369 402 216 329 466 630 642 718 328 290 620 105 557 545 719 341 267 311 410 52 171 232 306 431 864 275 628 583 719 710 705 837 436 182 91 460 381 568 570 382 633 499 649 523 563 614 438 143 456 791 603 790 584 866 266 186 629 577 521 361 421 225 544 381 424 720 532 888 326 636 359 666 213 463 280 352 494 253 743 271 372 480 827 252 519 733 787 455 563 769 208 860 353 380 529 302 306 154 722 568 465 530 372 558 381 604 223 879 483 366 657 535 908 662 262 403 374 506
797 798 797 723 708 486 975 297 525 868 582 410 716 532 996 640 683 0 614 239 831 976 390 333 395 780 36 239 696 815 961 333 163 667 653 304 43 426 278 740 865 849 655 319 421 781 804 977 947 321 902 355 433 576 879 892 707 619 597 959 185 531 55 827 967 720 389 328 593 444 271 743 301 650 485 641 169 763 444 371 618 727 538 474 686 399 907 648 952 893 727 795 697 792 348 421 485 869 569 539 294 141 822 887 864 1009 285 404 310 211 349 495 260 297 274 314 999 832 329 522 1050 314 245 780 674 640 221 855 405 625 720 1048 738 580 681 77 237 541 717 518 355 702 741 447 354 245 649 674 1050 890 632 188 788 563 381 332 982 731 915 869 568 651 791 402 346 645 524 202 805 320 1023 841 959 798 399 1109 1076 916 879 882 911 944 506 899 674 471 153 436 104 925 899 63 691 398 1169 839 342 707 531 1028 632 512 913 809 265 867 692 901 259 517 47 910 705 361 558 711 223 302 118 590 797 689 396 181 272 606 434 414 543 259 601 111 537 246 786 457 523 903 997 1015 1017 1003 668 184 961 278 960 395 250 959 53 885 983 878 652 615 715 504 514 347 733 358 711 777 918 505 638 163 340 693 414 485 260 502 904 1051 487 944 798 925 593 326 198 563 136 677 662 561 810 465 971 448 1096 290 572 901 435 980 287
260 740 253 114 280 306 488 568 408 592 211 251 213 324 570 568 109 614 0 704 778 391 703 444 692 167 597 660 740 205 534 472 532 574 204 703 595 304 491 564 306 787 42 314 194 620 248 589 549 384 784 639 378 411 289 278 267 478 161 761 428 358 613 559 649 295 303 340 364 318 353 473 425 336 306 155 469 289 369 448 140 592 86 664 210 743 293 185 340 747 134 210 361 191 503 236 556 782 276 295 353 480 225 552 270 395 482 252 690 570 505 578 538 841 340 745 546 268 336 569 453 320 788 272 634 253 696 517 223 442 534 478 242 650 362 536 686 289 237 276 430 250 743 171 361 644 392 648 456 457 19 427 214 201 388 293 524 626 304 358 388 265 188 369 272 445 89 761 589 749 434 770 345 532 328 503 507 366 593 716 453 362 292 301 237 357 543 534 636 331 298 551 200 450 569 623 277 191 201 428 73 123 305 261 381 762 193 549 486 609 635 618 728 421 74 194 395 315 496 462 315 529 392 559 426 456 506 438 86 411 681 546 681 488 759 169 187 550 526 489 404 420 141 459 377 341 639 425 802 351 570 328 596 265 516 178 268 384 270 640 205 278 384 721 304 409 624 702 436 461 663 128 770 374 351 508 314 335 264 635 460 443 483 409 498 446 499 113 774 373 375 549 529 819 553 290 296 384 409
820 635 928 819 703 670 952 170 731 773 598 457 856 719 945 513 796 239 704 0 662 1009 174 286 184 855 274 49 514 909 914 266 180 540 672 76 281 431 224 630 890 681 746 477 534 657 932 911 889 518 747 169 394 780 991 969 706 526 631 824 328 488 186 735 875 882 565 507 786 630 429 668 287 831 668 677 370 764 408 308 752 604 648 287 705 169 987 792 1019 748 834 844 659 895 254 472 349 707 559 523 469 330 876 811 912 1085 234 454 89 134 253 349 176 147 398 74 958 864 505 382 1089 385 107 793 526 639 17 785 539 547 618 1065 753 412 865 265 19 719 864 514 309 707 566 563 357 68 594 521 1087 854 718 320 907 585 584 477 946 595 1006 870 768 815 853 601 439 850 622 114 697 80 1057 677 1037 710 585 1157 1091 931 786 746 882 978 495 1005 682 436 172 311 135 969 952 267 832 327 1208 726 478 737 557 1073 744 632 1008 836 447 711 718 831 222 358 193 814 528 572 634 846 382 440 280 502 796 583 359 147 278 522 325 629 654 456 424 340 351 218 614 534 671 833 965 1009 1084 1033 711 258 994 377 870 339 125 1016 280 907 916 962 868 641 716 451 687 160 763 425 666 616 998 440 488 90 554 615 219 588 71 702 923 1052 673 1007 934 827 506 542 415 767 344 878 566 619 639 422 1014 314 1109 120 444 967 441 1023 297
661 39 1019 851 539 982 612 534 1086 300 567 622 992 1025 525 223 883 831 778 662 0 805 494 524 481 820 852 628 152 905 517 512 670 209 590 589 857 546 561 223 708 19 799 823 761 175 1009 463 471 920 98 494 477 1116 1008 898 553 303 617 209 759 436 780 296 364 1071 900 876 1088 963 805 334 568 1088 981 636 848 578 477 486 910 187 797 375 603 517 917 958 902 126 889 743 440 917 488 629 347 52 503 491 850 816 777 377 783 975 557 627 573 620 487 335 570 772 745 618 566 711 872 311 878 662 758 621 166 533 674 383 804 336 251 800 610 252 1120 797 648 1001 1016 516 511 569 96 778 561 612 388 160 868 515 776 746 968 578 976 801 568 151 961 627 1094 1029 785 976 701 1172 760 776 235 615 838 23 949 302 935 953 812 704 312 151 552 783 506 1002 565 467 678 397 746 808 819 812 978 461 965 223 785 642 586 880 851 815 974 680 851 70 627 403 582 313 802 319 133 988 717 972 793 776 775 325 584 250 497 649 599 326 406 1040 805 885 237 877 311 594 47 690 899 404 594 694 951 811 667 688 794 705 366 477 775 876 838 707 464 910 1227 603 559 426 969 503 653 657 420 60 926 406 197 745 984 324 442 757 713 1047 707 744 989 882 1032 318 326 979 901 1108 846 1185 279 669 24 458 834 384 819 743 274 866 547 840 595
190 775 426 323 320 684 230 847 773 518 411 570 471 688 349 668 392 976 391 1009 805 0 952 723 937 238 966 961 841 277 331 746 862 657 337 985 965 578 786 591 120 804 359 701 575 630 406 404 373 776 762 896 620 762 337 191 312 584 382 686 793 540 964 511 510 564 694 730 708 703 734 479 724 653 684 337 849 259 606 707 483 635 477 870 304 994 198 501 139 717 353 184 401 313 765 557 748 783 455 491 741 853 166 444 120 192 775 574 969 880 767 766 833 1156 708 1031 304 146 726 742 81 662 1108 222 723 376 1007 427 611 544 570 93 258 799 666 899 990 652 499 496 701 307 817 557 655 942 476 740 77 297 371 789 374 425 777 677 286 675 245 178 741 578 204 757 631 774 473 1090 570 1032 47 787 193 502 718 156 120 100 510 681 263 31 515 310 330 581 874 751 975 64 102 916 481 695 198 587 660 273 455 75 418 514 264 173 767 757 291 423 789 788 988 518 820 811 425 454 770 692 859 589 237 588 652 879 739 571 726 823 477 800 824 924 858 796 809 521 566 423 269 168 158 29 308 802 15 698 501 677 1125 102 939 108 408 218 850 369 302 579 643 901 247 618 411 765 199 599 735 1032 827 509 897 511 1081 745 100 152 691 122 441 529 585 834 869 764 875 761 575 415 812 596 40 761 142 1129 694 146 568 40 721
763 470 948 815 633 743 859 145 822 640 552 454 885 793 833 372 807 390 703 174 494 952 0 259 16 834 422 153 343 900 805 231 268 398 621 98 428 402 225 493 832 513 742 547 566 511 947 792 774 613 583 65 338 867 992 945 640 408 596 668 415 412 335 606 741 928 639 588 862 708 505 552 286 896 742 639 482 695 351 257 781 461 666 123 653 41 964 826 985 589 837 804 570 893 200 469 221 541 499 463 552 442 839 688 869 1056 231 453 85 199 198 211 189 280 458 124 853 812 586 244 1034 413 264 730 372 577 189 667 586 438 487 995 694 252 930 391 165 786 898 463 273 645 397 595 343 145 497 364 1029 755 714 403 916 544 680 539 843 445 991 795 851 866 823 691 471 935 634 285 559 121 998 510 1012 584 666 1106 1019 864 654 590 787 922 443 1002 622 374 268 202 289 921 910 399 862 262 1148 584 533 690 524 1022 757 660 996 781 536 547 670 711 239 208 349 680 360 675 629 872 467 501 390 390 723 453 315 231 297 410 226 733 673 556 258 475 183 244 446 541 717 713 865 924 1049 973 676 331 937 425 736 284 281 976 419 845 796 943 965 600 650 373 752 65 714 442 570 452 975 354 334 263 661 500 61 606 218 788 858 971 748 970 956 691 394 651 534 855 464 960 442 601 470 358 963 196 1034 251 308 935 411 972 310
533 488 688 556 417 510 672 126 601 535 312 194 627 559 676 315 547 333 444 286 524 723 259 0 248 581 346 238 413 643 643 28 173 340 385 265 349 148 65 407 603 541 484 322 313 451 687 651 623 409 584 194 110 641 733 694 420 286 348 630 235 208 294 494 634 675 411 372 628 480 293 412 44 652 509 394 323 478 123 39 523 398 407 244 419 298 712 570 739 569 578 561 381 634 62 209 183 556 272 237 340 292 594 557 628 808 55 194 251 163 65 201 110 434 235 310 685 578 369 216 803 166 389 506 360 352 285 526 340 292 387 778 466 294 687 282 267 546 641 227 23 420 445 340 83 219 323 364 800 578 456 221 657 300 472 307 670 406 736 584 622 615 574 477 222 706 374 377 471 313 770 530 762 465 443 872 804 644 546 555 603 691 208 744 395 152 185 136 282 684 669 299 605 66 921 506 297 451 274 788 497 403 740 549 335 549 432 573 77 232 320 576 414 477 370 613 272 274 255 257 509 355 73 172 74 273 119 533 414 366 323 357 286 89 484 282 466 575 688 725 804 746 429 165 708 195 627 62 406 734 327 620 656 689 747 357 429 176 511 196 477 187 391 466 723 173 327 322 469 361 225 348 358 565 636 767 516 726 696 591 259 463 376 630 322 727 329 345 507 141 728 152 823 406 252 688 158 737 73
748 456 937 803 618 737 843 138 817 624 538 443 875 787 817 356 796 395 692 184 481 937 16 248 0 821 425 160 331 888 789 220 267 383 607 109 431 389 217 477 817 500 731 541 557 495 936 776 758 609 569 56 325 862 980 932 625 392 582 654 412 397 339 590 725 920 633 584 856 702 500 536 277 889 736 625 481 680 338 244 771 445 656 108 638 57 950 817 971 574 826 790 554 881 188 458 204 528 484 448 547 441 825 672 855 1042 223 443 95 199 186 195 183 295 452 138 837 797 581 228 1019 404 277 715 357 562 198 651 578 422 471 980 680 237 923 392 173 779 888 449 262 630 384 586 332 150 481 349 1014 739 702 399 905 531 676 533 827 430 978 779 845 857 809 687 462 930 623 297 543 135 983 497 998 568 661 1092 1003 849 638 575 771 907 429 989 608 360 268 187 294 906 896 401 853 248 1133 568 526 675 511 1007 746 650 983 766 532 533 656 695 232 193 355 664 347 672 617 861 464 495 390 374 707 437 302 231 289 394 211 730 663 553 244 476 169 238 433 530 709 697 849 909 1035 958 662 327 922 419 721 271 294 962 422 830 780 929 961 586 635 358 745 59 700 433 554 438 962 339 319 272 658 484 45 596 232 783 843 955 742 956 945 675 378 648 533 850 464 954 426 589 457 343 948 180 1019 265 292 921 398 957 301
182 784 225 85 281 445 392 707 534 582 289 397 246 449 496 633 154 780 167 855 820 238 834 581 821 0 764 809 812 85 464 607 689 632 236 845 762 433 635 597 189 824 129 482 361 648 209 531 492 547 805 771 496 525 188 114 267 540 240 758 594 446 777 558 614 342 463 504 472 466 521 489 569 421 446 201 637 252 484 577 244 633 251 776 217 875 131 265 172 763 119 93 379 106 634 382 660 812 353 384 520 647 81 524 121 231 625 400 832 721 637 681 683 996 506 890 461 155 501 665 291 478 944 215 697 294 849 494 390 500 568 331 212 739 438 702 836 413 274 376 563 250 803 339 501 792 436 713 295 397 148 592 168 292 542 460 439 672 157 270 503 345 46 522 435 541 256 920 603 892 277 807 183 537 484 336 359 245 579 728 380 214 395 183 256 465 700 648 797 174 138 717 250 572 403 631 445 177 310 264 180 286 165 170 548 789 194 513 633 709 799 598 795 577 224 226 562 482 662 533 262 573 519 713 576 520 620 586 249 578 769 714 782 636 810 326 329 514 434 369 237 268 164 619 226 504 604 549 959 184 737 209 537 108 617 241 261 481 404 774 167 435 400 768 143 505 696 860 594 495 787 296 923 506 230 375 452 167 241 614 529 602 650 527 666 532 549 236 820 482 215 661 381 972 635 122 423 223 557
790 819 772 705 706 456 973 321 491 878 578 404 691 501 999 657 663 36 597 274 852 966 422 346 425 764 0 271 720 796 963 348 181 683 648 338 7 427 294 754 856 870 638 296 403 796 781 982 951 289 921 383 440 543 857 876 704 631 590 975 172 537 89 837 976 691 361 300 561 413 249 751 310 619 454 634 141 759 450 385 594 743 520 501 681 432 890 623 937 911 707 784 700 773 366 415 505 890 569 540 268 118 809 894 852 993 300 398 342 236 367 516 282 332 259 349 1000 823 301 542 1038 308 281 775 694 638 257 861 384 634 732 1040 732 603 650 69 272 511 691 518 366 698 764 428 358 277 655 694 1039 891 616 177 766 559 348 311 982 748 896 865 535 623 777 370 335 611 508 237 817 355 1013 862 942 807 369 1096 1068 909 889 899 911 935 507 879 671 477 173 456 139 913 887 51 666 412 1157 852 322 700 526 1016 612 492 894 801 239 886 685 907 275 540 84 920 728 327 544 687 203 283 109 602 794 702 404 205 280 617 451 379 524 228 625 76 563 262 808 445 498 910 997 1011 1001 993 659 187 951 268 969 406 285 945 27 877 988 861 616 608 712 512 485 376 726 350 715 797 901 515 658 199 305 702 442 468 296 470 897 1046 457 930 774 935 604 292 164 529 107 643 675 551 832 472 959 468 1089 327 590 886 435 968 293
771 600 888 774 654 640 904 122 706 728 550 411 817 690 897 470 754 239 660 49 628 961 153 238 160 809 271 0 482 865 865 217 146 498 623 67 278 383 175 585 842 647 701 444 494 615 890 864 841 493 710 133 345 754 948 923 657 480 583 784 299 439 183 690 830 846 534 478 757 601 398 621 240 800 638 629 350 715 359 259 712 561 606 254 657 160 941 753 972 709 790 796 611 851 206 426 306 672 510 474 440 310 829 764 864 1039 186 409 71 90 205 307 127 196 362 93 910 816 476 340 1041 343 155 744 487 590 52 738 502 499 573 1016 704 376 834 250 29 688 826 465 260 658 533 523 309 19 545 483 1038 805 674 289 865 536 560 443 897 554 961 821 741 780 806 575 398 824 579 156 653 98 1008 641 991 664 557 1109 1042 882 741 706 833 929 447 962 633 387 141 266 135 921 904 255 793 278 1159 683 442 689 509 1025 702 592 963 787 420 674 670 784 175 319 196 769 495 551 589 806 353 405 258 455 746 538 310 110 233 475 278 608 613 432 390 330 319 172 580 490 635 786 917 960 1037 985 664 223 945 338 824 290 173 969 272 858 869 916 845 593 667 402 655 124 715 382 617 580 952 391 449 117 534 568 188 546 120 676 874 1003 643 960 894 782 459 522 399 742 327 851 520 572 605 373 966 270 1060 168 401 920 393 974 251
675 136 991 828 542 903 677 399 1003 384 534 546 952 949 610 178 849 696 740 514 152 841 343 413 331 812 720 482 0 894 593 395 540 184 575 440 725 470 437 257 732 171 768 729 686 238 983 553 551 821 247 350 393 1037 997 904 554 271 586 347 646 382 643 365 470 1023 813 781 1015 879 704 364 457 1025 902 614 732 593 396 378 861 212 743 228 595 365 923 910 920 263 863 747 446 901 366 556 229 202 467 445 751 697 783 455 797 994 435 550 425 484 364 212 439 621 645 467 644 727 777 198 920 567 608 635 117 517 527 449 725 312 273 852 615 119 1059 670 501 929 973 465 404 568 56 707 466 467 378 100 911 572 742 632 945 540 881 710 642 174 963 663 1017 973 783 884 613 1098 705 628 303 464 880 171 961 358 847 996 869 741 398 276 609 816 450 995 557 395 547 277 606 832 837 683 935 356 1018 310 696 636 539 917 810 754 974 695 748 213 618 481 459 183 664 415 24 889 671 934 685 681 652 280 607 252 403 515 486 291 294 944 751 779 94 753 163 471 104 625 834 482 667 756 975 853 649 568 828 605 469 377 625 899 709 736 555 911 1147 577 562 360 896 358 652 571 432 124 933 336 116 599 882 332 294 695 562 964 741 806 910 901 1003 420 283 876 786 1028 726 1115 269 627 127 382 865 262 879 592 189 878 473 872 486
264 869 152 91 366 433 462 769 510 667 366 454 195 427 571 716 140 815 205 909 905 277 900 643 888 85 796 865 894 0 541 671 738 716 319 906 793 498 694 682 259 910 163 504 394 734 133 610 571 556 890 837 566 492 103 97 352 623 315 844 630 524 817 644 696 287 470 519 437 461 548 575 628 378 434 280 662 338 555 643 229 718 276 850 302 941 103 234 168 849 93 174 465 36 700 438 735 898 432 461 540 678 151 608 178 203 685 456 892 775 702 757 742 1047 542 949 533 231 515 743 310 526 994 299 781 377 902 578 413 583 653 371 298 818 389 737 891 392 221 449 627 336 887 368 561 849 520 796 317 477 190 630 97 366 541 486 512 757 99 346 473 305 127 518 477 498 292 967 688 952 307 893 152 623 485 338 397 309 663 814 457 261 469 102 340 538 749 720 841 215 176 751 207 641 409 717 474 262 380 280 185 305 99 250 569 875 278 596 690 786 838 683 879 577 275 179 593 513 698 614 345 658 586 765 631 603 692 577 272 595 848 740 859 692 895 375 327 596 504 428 221 305 244 665 269 546 687 617 1008 195 769 276 616 73 575 319 347 557 390 839 253 484 485 853 112 581 778 908 596 581 856 330 976 486 295 426 439 173 168 698 611 605 669 496 694 484 633 298 905 555 245 734 418 1024 715 134 489 251 613
286 495 689 536 274 834 103 743 939 217 402 571 704 857 37 450 597 961 534 914 517 331 805 643 789 464 963 865 593 541 0 655 813 429 352 867 964 536 708 339 283 511 526 769 651 357 672 73 47 865 454 763 534 945 630 487 283 396 416 364 804 434 931 228 181 800 802 814 898 837 783 253 664 864 834 392 882 245 521 612 669 383 603 696 331 845 502 705 460 410 576 370 263 569 660 565 584 484 395 422 809 871 389 140 368 522 698 578 849 804 661 595 748 1058 737 911 50 309 810 563 388 663 1021 263 485 336 917 145 698 368 331 296 291 591 886 894 895 822 733 445 619 296 555 647 606 846 320 501 376 78 519 794 632 424 892 742 52 418 552 194 922 789 418 879 659 978 578 1016 291 911 350 496 514 236 834 457 302 245 204 374 83 321 456 610 319 493 825 609 925 361 389 912 703 589 456 294 722 342 456 399 595 638 569 294 828 458 343 114 720 605 957 202 569 920 519 683 803 741 856 416 218 362 571 816 690 395 591 951 607 865 608 946 663 731 534 572 717 113 77 184 489 326 394 777 325 710 173 582 1039 425 939 269 78 509 1050 393 278 467 801 771 330 627 251 491 507 475 510 963 928 304 744 604 983 903 255 231 842 440 705 209 412 931 919 943 899 975 365 479 530 502 369 611 306 1029 502 444 528 371 674
555 477 717 584 437 536 688 101 625 539 336 222 655 585 688 309 575 333 472 266 512 746 231 28 220 607 348 217 395 671 655 0 170 335 409 240 351 174 55 407 626 529 512 346 341 448 716 660 634 430 576 166 127 666 761 721 440 288 374 626 250 223 290 499 639 703 436 395 653 505 314 420 65 679 534 419 337 498 141 43 552 395 435 218 442 270 739 598 764 563 606 586 396 662 35 237 167 546 293 257 362 304 619 565 653 834 48 222 225 148 37 183 93 413 258 286 698 601 391 202 826 193 370 527 349 373 266 535 367 298 388 799 488 276 714 287 247 572 669 249 45 441 431 368 112 198 335 352 823 592 484 236 685 324 494 332 684 400 763 603 647 642 600 500 249 732 402 361 472 287 793 519 788 470 467 896 825 665 550 550 619 714 230 772 416 169 181 118 274 708 693 303 633 67 944 507 322 475 300 811 526 431 768 572 355 541 456 582 73 213 315 580 398 498 398 641 290 298 263 260 529 356 94 163 91 277 106 554 443 384 304 365 262 86 471 310 494 584 703 743 829 769 455 175 730 219 633 73 388 759 331 642 666 716 771 381 450 188 538 168 501 215 404 455 750 181 315 308 489 367 197 376 337 589 657 786 541 751 725 595 263 482 390 655 333 753 331 373 494 156 752 133 843 386 243 714 184 761 95
676 637 750 647 573 493 835 144 561 708 454 294 677 543 847 477 620 163 532 180 670 862 268 173 267 689 181 146 540 738 813 170 0 503 528 209 186 289 115 578 746 688 574 298 355 618 753 824 795 349 740 217 279 609 816 804 573 458 479 796 152 378 120 668 808 702 387 331 610 454 251 586 148 653 492 525 214 631 291 210 572 564 471 327 562 290 820 611 857 730 659 688 550 722 185 309 324 708 429 396 294 174 718 730 757 921 122 291 205 68 186 334 101 308 217 240 853 716 330 360 940 211 255 654 512 505 169 699 359 466 558 926 612 423 687 130 166 541 684 379 196 571 583 385 212 139 496 513 938 745 548 142 730 438 416 297 837 568 836 738 595 635 692 430 262 678 447 230 643 245 910 680 872 639 410 1004 953 792 719 719 768 830 364 832 544 320 12 274 114 816 796 143 652 237 1059 677 297 589 407 921 568 454 837 690 274 705 571 746 97 358 146 750 547 409 466 667 207 259 122 430 665 526 242 37 125 446 271 467 477 290 446 215 387 85 626 364 491 749 854 883 923 888 557 78 847 197 801 236 270 858 168 764 829 794 702 493 583 349 509 211 615 254 561 615 832 347 476 171 394 535 274 411 240 530 782 922 497 847 754 765 432 383 266 596 197 705 501 456 651 311 862 286 973 287 409 806 298 871 143
