323
0 559 293 523 311 178 557 539 279 895 776 535 667 750 446 422 384 88 608 224 543 335 599 635 553 322 230 494 429 34 653 225 816 681 543 122 761 428 583 101 672 226 707 708 313 687 807 877 544 636 526 532 302 343 500 365 236 412 429 756 317 335 740 222 125 823 774 280 579 287 759 496 676 460 173 263 769 811 199 588 173 675 743 633 481 553 479 750 214 366 145 594 505 69 537 507 866 349 747 145 712 703 483 695 308 350 674 215 352 525 849 375 438 736 614 742 49 336 228 572 195 342 951 547 351 681 345 119 302 539 244 253 712 622 562 375 56 643 149 453 492 796 361 130 541 85 381 682 675 937 447 543 691 356 579 403 825 382 632 760 810 983 695 616 785 630 626 290 407 823 426 137 548 357 844 682 180 395 502 859 810 790 635 77 247 133 176 245 241 492 598 683 400 43 278 174 180 339 339 677 742 753 910 658 434 29 623 156 479 177 453 159 238 734 734 349 652 152 754 527 586 491 443 370 592 549 547 451 253 268 643 49 842 623 957 188 112 402 465 551 630 363 464 262 591 815 142 565 542 315 515 185 451 303 711 244 173 449 551 225 553 525 289 649 194 769 463 547 535 342 179 358 742 69 627 450 631 695 321 579 753 626 478 287 431 684 781 454 720 233 230 76 610 331 837 357 296 731 280 243 145 428 437 733 643 747 201 723 439 216 366 597 845 443 404 612 237 627 547 801 679 809 236
559 0 422 552 744 727 253 704 771 611 272 705 591 227 620 140 392 598 426 504 638 246 212 252 862 818 331 459 826 592 905 444 523 978 641 501 667 397 770 612 248 685 231 227 787 132 331 604 570 780 567 221 714 795 659 236 636 630 525 233 798 437 196 506 479 545 553 479 318 364 347 217 523 688 728 777 266 497 481 198 521 648 197 231 631 524 485 235 714 818 628 340 460 616 806 754 665 796 324 701 184 661 212 351 466 403 394 388 363 726 453 227 263 328 730 693 608 668 494 492 364 490 655 836 626 121 263 647 587 655 767 307 748 924 679 343 603 108 431 866 227 466 342 688 106 525 190 1012 132 638 146 28 421 772 530 446 376 215 438 212 338 658 574 626 429 635 198 676 665 407 778 689 317 413 525 138 578 231 473 579 331 333 451 546 789 426 412 728 353 794 149 203 455 521 769 517 391 701 716 403 278 326 582 762 724 560 166 710 443 623 238 525 368 514 553 609 433 526 195 32 230 304 131 483 386 110 96 116 555 291 911 511 485 507 668 599 453 412 671 824 226 350 234 409 355 356 440 370 847 682 98 738 659 338 300 383 721 388 33 777 325 499 576 517 623 307 152 606 388 270 690 802 676 627 653 174 263 269 792 483 554 975 218 777 202 302 661 713 267 695 340 624 397 329 428 451 682 728 591 790 698 687 147 203 389 235 386 380 152 491 203 851 658 700 476 279 708 323 759 315 249 585 336
293 422 0 247 597 389 553 328 572 604 555 327 380 544 229 295 92 377 317 100 295 322 563 607 447 615 243 202 403 308 508 389 527 570 297 173 476 136 390 274 432 290 636 634 606 522 741 585 270 423 254 517 299 384 282 188 506 223 164 655 397 479 619 103 325 533 481 460 306 385 502 262 383 284 449 397 548 525 101 357 401 399 619 595 255 267 192 539 507 406 264 316 212 361 398 349 573 639 494 423 605 425 254 425 475 57 392 325 75 336 578 195 193 706 385 465 319 245 428 280 221 84 659 425 205 533 359 412 534 302 535 211 457 513 328 454 299 464 291 445 487 514 95 379 462 332 241 598 496 646 386 421 406 354 291 538 574 361 341 574 569 694 404 344 509 358 398 259 250 560 355 366 580 482 558 561 439 192 211 568 742 545 343 342 432 217 302 337 317 378 529 608 112 253 571 399 162 279 294 394 681 714 623 427 306 272 554 436 186 455 217 392 103 441 441 188 362 387 604 395 563 221 292 533 305 472 363 358 482 215 509 271 563 330 665 208 204 518 273 416 590 448 466 396 310 568 294 279 432 582 338 462 259 379 678 354 457 158 399 500 588 236 519 356 469 711 277 285 246 154 324 648 461 353 362 413 611 450 614 286 460 557 247 580 411 663 493 302 483 300 164 314 322 402 571 72 568 464 520 524 373 274 371 535 359 534 133 450 380 95 234 450 552 288 123 353 527 357 367 567 439 516 160
523 552 247 0 834 567 747 170 798 435 565 174 151 578 140 466 190 611 202 299 89 542 739 783 371 838 483 93 420 530 374 636 383 459 93 401 240 163 232 474 437 426 783 779 835 607 883 413 23 229 15 709 385 463 138 364 749 182 94 778 498 722 730 301 571 377 304 706 280 625 457 337 199 206 655 532 561 396 324 399 648 153 728 767 121 56 69 567 735 474 445 271 94 587 303 255 366 872 461 633 731 180 340 366 720 207 303 570 236 206 490 366 292 874 178 220 537 296 675 104 466 181 486 339 237 634 582 639 781 111 753 445 215 416 131 686 513 545 539 461 687 400 248 579 627 574 421 507 571 478 574 563 298 412 78 777 530 571 216 628 546 533 192 97 415 110 432 350 224 494 353 558 787 722 422 681 683 345 80 404 883 517 207 582 588 464 550 467 558 319 690 756 137 489 798 646 410 332 350 298 830 875 476 210 272 497 711 646 109 695 315 638 346 278 253 224 242 633 692 534 746 250 446 776 225 635 463 534 729 445 387 510 452 146 488 376 449 754 181 319 762 681 671 641 254 534 542 219 357 826 453 668 178 616 845 598 669 166 520 703 796 59 767 170 709 860 404 54 182 342 490 882 219 572 117 607 791 444 843 120 277 488 334 807 614 839 264 241 481 433 404 522 231 635 496 174 811 217 767 730 564 232 559 580 272 560 380 375 570 306 422 329 342 234 124 343 760 317 235 557 443 332 399
311 744 597 834 0 357 629 844 89 1187 1000 840 976 964 754 630 683 222 902 535 853 498 692 712 826 111 441 799 681 310 934 299 1104 946 854 432 1071 728 883 382 919 492 811 815 66 875 892 1170 855 940 837 621 572 578 808 617 108 719 740 881 535 338 884 533 290 1114 1072 276 857 381 1016 755 979 761 241 463 994 1094 509 835 227 986 890 720 790 862 788 968 117 596 425 874 810 252 824 801 1169 52 1000 245 847 1014 740 965 300 651 957 360 646 826 1115 626 709 795 922 1053 306 629 250 877 427 653 1242 827 655 855 481 201 181 849 149 483 1023 891 871 432 332 846 339 692 584 1075 651 304 684 267 609 934 874 1228 601 719 976 611 887 377 1074 529 927 956 1050 1270 1001 927 1058 941 867 574 708 1082 698 332 586 369 1128 833 172 651 808 1151 896 1034 932 255 404 392 347 486 394 774 720 795 707 345 88 231 453 623 617 961 831 819 1194 965 725 338 741 236 783 142 717 228 522 1030 1035 655 944 230 921 714 669 771 661 323 881 689 767 627 193 495 920 325 1118 927 1250 486 395 400 769 835 720 420 559 336 875 1059 332 853 818 85 735 234 756 408 779 360 215 746 748 233 587 833 186 952 132 851 698 858 829 605 419 58 1052 273 939 585 702 943 65 883 1053 875 737 85 557 743 1089 751 962 494 488 331 899 423 1099 665 71 1042 165 212 333 727 598 942 928 966 482 996 594 527 594 882 1149 741 713 877 78 900 845 1034 925 1107 495
178 727 389 567 357 0 735 527 284 981 923 522 719 903 454 586 480 201 699 292 558 512 778 813 473 308 404 568 325 144 585 395 911 590 558 233 806 520 553 118 810 152 885 885 324 851 985 961 585 615 565 710 226 221 501 514 333 411 476 932 178 500 912 289 299 913 854 438 695 464 887 633 749 439 117 108 916 911 288 729 325 710 915 811 489 611 544 900 240 239 126 705 578 157 480 465 931 373 878 112 886 739 622 813 469 445 781 393 461 500 967 524 568 914 608 775 129 302 385 641 366 402 1036 478 344 848 523 179 427 548 223 420 721 536 565 551 126 802 328 335 670 902 477 61 716 251 541 577 835 1025 622 713 793 257 637 567 958 559 723 919 948 1075 756 648 898 661 768 240 388 948 349 42 725 525 944 854 305 538 571 947 988 926 723 233 69 303 355 132 420 427 775 860 473 209 284 327 335 284 274 781 920 931 1007 649 389 169 800 120 557 274 587 311 375 817 807 351 746 304 922 694 765 608 604 527 692 725 703 622 389 436 569 227 951 693 1040 193 274 570 453 489 809 538 642 435 699 950 321 667 467 400 672 126 443 481 889 421 141 544 715 148 730 588 419 720 293 947 615 575 632 485 79 382 780 131 652 628 810 830 332 652 829 518 616 292 609 862 831 420 859 150 388 104 709 509 960 433 378 749 403 177 34 401 611 888 747 897 346 839 615 293 526 536 908 413 469 738 280 745 514 943 816 886 392
557 253 553 747 629 735 0 875 682 864 507 875 816 456 779 282 562 557 659 602 823 241 69 83 997 725 350 659 925 591 1062 359 776 1123 826 554 899 583 939 641 501 746 185 190 686 337 264 857 768 963 760 38 798 867 828 384 531 777 696 262 855 291 282 603 440 797 801 355 557 277 599 440 759 838 696 815 502 750 569 447 444 866 289 92 800 732 678 467 639 892 672 579 664 591 951 903 913 679 576 673 241 883 430 604 329 559 642 342 521 887 704 381 460 179 917 918 606 779 394 709 389 635 909 977 752 299 217 602 449 836 700 358 957 1065 862 200 612 350 407 960 68 719 504 682 147 490 327 1146 361 891 173 227 669 859 743 262 621 196 675 417 580 911 807 833 683 844 451 767 802 657 891 693 68 259 778 248 494 402 674 832 268 579 688 510 804 447 380 781 315 927 126 174 626 531 680 440 446 805 815 651 202 198 835 955 856 570 133 678 641 543 443 454 463 760 795 738 674 458 341 248 43 520 306 313 620 143 343 215 437 348 1063 509 738 734 921 669 481 232 826 969 92 213 94 315 592 600 414 600 983 551 331 703 812 255 156 317 681 582 283 736 75 703 443 748 536 223 356 799 609 411 726 683 903 611 859 141 76 522 689 703 798 1101 434 685 143 126 898 855 517 756 408 632 634 229 678 607 558 945 463 740 702 826 188 429 632 470 458 633 177 587 327 1004 905 841 645 527 619 570 920 553 502 833 409
539 704 328 170 844 527 875 0 793 570 736 6 270 748 100 600 315 626 371 328 84 650 876 920 207 826 570 258 293 535 205 702 533 289 81 430 325 307 66 463 607 375 932 929 832 770 1035 548 165 98 156 837 309 365 47 493 775 126 180 935 410 800 889 329 619 523 445 772 450 710 626 495 348 88 633 462 731 551 363 565 692 226 887 906 75 222 225 736 734 369 422 441 261 592 138 98 477 875 632 616 886 251 495 536 791 315 471 644 353 42 653 497 441 1016 80 277 538 225 732 271 543 244 616 174 189 794 688 643 829 61 739 540 198 246 54 783 512 708 599 328 810 560 372 556 768 608 550 337 735 611 703 711 464 311 237 862 699 687 382 796 716 667 321 173 580 181 600 287 139 661 227 531 906 807 574 838 716 481 246 544 1035 688 373 610 527 522 616 404 641 169 833 904 251 515 792 691 480 248 262 465 979 1020 621 122 151 510 856 628 269 716 466 681 430 428 391 189 409 674 856 682 880 411 587 852 395 777 621 668 776 544 217 542 611 304 615 358 497 844 75 152 901 776 791 716 425 703 599 389 194 854 607 645 87 707 987 676 652 318 674 674 915 230 815 322 733 1009 552 125 352 463 448 885 291 571 160 733 926 614 840 287 416 321 489 801 735 977 358 115 652 378 492 514 401 730 662 268 836 235 810 702 534 127 688 748 442 730 454 544 698 341 548 158 452 117 231 513 766 488 65 727 613 465 488
279 771 572 798 89 284 682 793 0 1173 1018 788 945 985 708 648 663 197 886 499 810 525 742 766 757 47 451 773 609 268 868 333 1092 874 809 401 1038 707 826 331 927 428 861 864 40 903 947 1155 819 886 800 671 506 504 760 619 152 669 704 927 458 394 925 497 296 1100 1053 327 850 419 1021 757 956 707 166 386 1011 1085 478 842 250 950 929 772 744 831 758 987 65 520 370 866 784 212 761 742 1145 89 1006 178 890 978 743 963 355 629 948 383 629 771 1115 629 705 855 872 1016 261 572 290 851 430 619 1228 761 604 887 514 160 249 803 63 489 978 820 823 482 286 869 346 616 632 1069 637 239 721 260 621 859 899 1214 634 749 966 541 857 442 1082 561 911 983 1062 1260 974 889 1055 902 877 514 654 1086 632 266 646 426 1119 871 194 653 781 1137 951 1044 914 242 323 385 361 416 417 709 764 842 679 319 2 255 444 561 554 952 884 877 1185 915 665 302 786 167 759 148 716 246 510 1012 1013 606 929 245 956 740 721 763 676 390 868 728 783 655 246 504 853 306 1113 902 1235 435 379 462 717 771 771 470 605 375 865 1069 338 841 750 167 751 157 705 445 836 391 143 727 772 148 648 804 250 928 150 906 709 818 813 603 353 98 1017 226 898 622 758 951 48 859 1032 800 739 8 596 802 1059 693 972 429 486 279 886 464 1102 636 147 1000 229 124 265 671 629 964 918 985 470 993 627 493 605 818 1124 685 683 877 63 897 788 1048 933 1088 492
895 611 604 435 1187 981 864 570 1173 0 418 576 299 465 574 626 511 975 287 692 490 759 821 857 775 1217 762 413 852 912 734 927 89 825 493 777 265 467 608 874 365 852 801 794 1204 568 870 21 425 564 443 830 819 897 558 585 1087 617 514 752 932 976 695 695 899 73 130 988 339 879 281 458 236 633 1052 961 419 113 703 418 970 349 689 835 549 381 440 449 1107 909 855 318 403 964 707 668 124 1233 304 1027 720 330 472 260 990 546 237 855 543 612 202 579 485 913 521 324 923 730 976 343 765 579 55 742 671 610 796 1014 1086 512 1139 717 433 799 515 903 903 528 853 891 829 145 536 981 717 920 615 883 531 43 721 637 214 847 356 1010 302 761 262 527 347 98 249 396 186 389 413 782 659 248 783 965 926 963 89 675 1019 550 411 36 867 329 260 934 1011 794 852 896 829 738 755 780 508 854 1172 967 734 767 785 231 842 901 69 516 702 875 765 1039 424 1045 484 965 665 164 182 657 243 962 627 617 841 418 591 1031 305 721 522 674 1039 708 755 867 145 291 62 789 794 979 609 719 830 905 828 912 314 322 859 333 762 1157 540 1065 608 859 889 871 1061 446 581 1103 935 398 1072 266 1055 865 538 455 359 589 908 1242 301 957 412 758 870 347 1212 330 157 881 472 1181 780 901 232 668 364 860 701 917 287 867 230 548 1147 385 1079 1128 971 664 712 485 261 443 705 230 723 693 627 710 142 663 512 343 1123 306 631 376 365 104 694
776 272 555 565 1000 923 507 736 1018 418 0 740 530 52 680 371 483 831 373 653 654 504 449 475 929 1065 566 481 938 805 940 703 347 1025 658 689 573 461 798 804 130 844 398 391 1038 171 455 420 574 785 580 481 850 937 700 411 892 707 584 339 952 708 283 656 721 372 416 746 287 629 143 293 441 753 949 950 6 314 643 197 774 597 276 452 677 517 516 39 957 957 807 294 476 840 864 813 510 1052 124 921 313 598 303 216 735 511 285 640 479 769 222 401 361 511 732 619 820 782 755 470 590 590 448 899 728 213 529 879 854 677 1005 530 705 980 695 615 809 163 671 981 495 281 459 896 369 760 398 1071 146 431 417 301 305 901 509 719 123 482 370 110 77 434 493 602 238 606 156 810 749 172 878 891 574 685 329 276 830 384 491 396 452 88 382 780 976 645 656 891 606 869 383 382 529 733 1016 770 595 820 837 294 435 496 368 752 808 769 384 932 473 871 339 775 547 392 442 710 349 774 211 296 473 346 341 755 342 369 234 380 817 515 953 732 273 456 462 760 663 684 731 881 448 622 505 672 311 101 679 346 914 945 266 961 723 604 490 641 947 441 257 1001 582 506 841 451 874 455 312 615 385 437 870 1059 596 845 630 446 490 121 1044 456 430 1047 309 1024 474 510 555 786 84 855 545 829 340 598 193 547 943 671 856 1018 899 766 416 78 305 37 579 225 422 645 414 895 514 774 547 223 957 248 800 48 123 435 539
535 705 327 174 840 522 875 6 788 576 740 0 276 751 99 601 316 622 375 325 90 650 876 921 202 821 568 261 287 530 202 699 539 285 86 426 331 308 64 458 611 369 934 930 827 773 1036 554 169 101 160 837 303 359 47 493 772 123 181 937 403 798 891 326 617 529 451 769 453 708 631 497 353 83 628 456 735 556 360 568 689 233 889 906 75 227 228 740 730 363 418 445 264 588 133 92 483 871 636 611 888 258 497 540 788 315 476 642 354 36 658 497 442 1017 86 284 533 220 729 276 541 243 622 169 185 796 687 638 825 66 734 539 204 241 60 781 507 710 596 322 810 565 372 551 769 605 551 332 738 617 703 712 469 305 242 861 703 686 387 799 720 673 327 179 585 187 603 281 134 666 220 526 906 805 580 839 712 482 249 550 1037 692 377 606 521 520 613 398 639 162 834 906 252 511 788 688 478 242 256 470 980 1021 627 127 145 506 857 623 272 712 467 677 429 433 397 185 413 671 858 684 880 414 588 849 400 777 623 669 773 543 213 539 616 309 621 354 494 843 71 147 902 774 791 714 429 708 597 393 188 850 608 640 83 705 988 674 647 320 675 668 914 234 812 327 729 1010 553 129 355 464 443 880 298 567 166 733 927 618 836 291 422 316 491 797 735 978 364 109 655 372 490 510 405 729 667 268 832 241 807 697 529 121 688 751 446 734 452 548 698 339 548 154 458 111 231 517 762 492 60 731 617 471 487
667 591 380 151 976 719 816 270 945 299 530 276 0 556 282 536 303 755 168 446 192 638 795 838 477 986 598 182 555 677 446 760 266 537 194 545 95 263 313 624 414 578 819 814 981 614 911 277 135 277 155 778 534 608 260 451 887 327 244 798 645 835 745 448 705 254 175 828 276 736 399 377 91 336 806 682 527 288 468 406 781 67 741 819 254 114 188 542 881 617 596 258 173 733 408 368 216 1017 410 782 754 70 386 314 838 330 245 690 348 313 400 449 358 919 228 102 685 443 802 111 588 326 347 443 387 648 678 785 911 213 902 556 174 505 216 787 661 555 668 593 762 303 352 730 681 712 501 592 574 340 646 608 227 556 89 885 464 659 163 614 491 397 50 97 331 92 429 500 366 418 486 710 864 831 308 704 820 423 170 274 910 463 150 722 739 596 675 618 673 438 738 792 269 631 944 778 538 478 495 236 865 917 351 233 406 643 757 795 200 836 373 772 470 164 122 375 181 767 695 581 807 295 509 891 207 689 495 601 859 553 465 651 351 83 346 527 585 859 312 421 814 784 751 758 241 473 672 221 464 963 495 818 313 723 891 715 819 252 557 854 873 143 896 79 849 894 459 158 206 437 642 1026 88 720 117 682 848 412 989 113 146 586 382 954 695 892 113 371 448 585 523 672 201 739 414 311 949 142 899 880 715 368 633 565 227 535 508 311 644 452 507 415 192 366 263 331 904 292 333 509 419 194 517
750 227 544 578 964 903 456 748 985 465 52 751 556 0 685 337 479 802 393 641 668 466 397 423 936 1032 534 490 936 780 953 665 390 1036 672 669 606 462 811 784 143 832 346 339 1004 119 405 465 589 802 593 431 843 929 709 389 856 709 589 289 941 665 232 644 688 415 454 705 298 589 185 282 469 759 923 935 49 358 628 190 739 622 225 400 685 532 524 15 925 949 791 309 487 813 872 820 552 1016 164 895 261 625 290 246 693 504 313 604 471 779 272 378 351 459 749 648 796 778 716 487 561 587 497 906 726 160 489 850 813 690 975 500 730 989 709 571 786 119 639 979 447 325 450 873 320 730 369 1080 97 480 374 255 336 895 527 673 175 441 393 62 129 484 522 623 282 627 150 802 751 222 878 870 524 641 375 224 795 365 501 441 402 138 406 750 958 618 623 878 570 874 331 329 530 708 983 734 571 816 833 323 384 444 417 771 810 745 332 906 481 837 327 740 528 426 475 708 374 740 162 253 422 346 309 710 359 320 203 339 778 485 965 705 321 478 511 747 638 638 738 889 396 578 457 633 327 153 647 360 921 906 235 934 728 563 438 604 920 443 216 974 531 519 801 476 839 404 287 630 396 417 854 1023 626 819 650 401 438 144 1010 474 466 1054 297 991 429 457 589 790 111 842 520 806 360 556 243 544 905 698 816 990 878 769 373 26 329 22 557 261 379 632 385 905 554 778 548 235 923 267 811 100 138 475 515
446 620 229 140 754 454 779 100 708 574 680 99 282 685 0 509 227 534 334 230 104 551 783 828 250 743 469 200 281 444 286 601 523 359 103 332 358 227 161 377 549 305 845 842 746 696 949 552 148 198 130 742 253 325 56 400 681 45 97 852 363 699 809 231 521 517 444 671 393 609 583 418 339 73 553 404 674 535 263 498 594 259 808 814 36 196 165 675 647 336 340 390 207 502 188 136 498 788 585 534 803 288 417 493 690 221 435 543 261 108 626 405 359 925 169 322 449 162 632 241 442 145 625 221 110 716 588 554 731 95 657 440 270 307 116 682 423 633 499 322 714 538 280 476 677 511 457 397 663 616 608 624 433 274 218 762 658 589 351 729 669 672 327 197 551 209 535 221 85 626 213 452 808 706 562 756 620 392 193 544 949 641 344 515 465 422 515 342 540 190 743 817 164 419 707 593 379 196 213 431 891 930 616 213 134 417 767 546 206 623 384 583 330 418 391 103 378 576 781 596 786 340 498 751 350 686 541 576 678 444 291 445 590 286 625 272 397 743 52 206 809 675 694 615 375 659 500 337 235 760 524 566 43 606 896 575 570 243 591 597 817 189 717 310 639 921 467 125 297 369 375 797 330 483 198 638 833 560 754 257 416 368 410 716 638 884 387 106 597 310 391 428 359 629 630 172 742 295 713 625 456 92 594 683 402 669 353 507 603 242 454 231 474 97 143 456 677 437 141 677 556 470 388
422 140 295 466 630 586 282 600 648 626 371 601 536 337 509 0 285 466 387 368 544 140 275 320 742 695 198 377 694 454 795 334 536 863 547 361 623 302 666 472 298 545 340 338 668 265 446 614 486 685 479 243 578 658 554 109 521 513 420 363 658 356 333 370 351 554 542 382 293 266 399 171 486 573 592 637 364 516 343 218 403 584 335 305 526 449 396 339 588 681 488 316 381 480 690 639 654 681 380 565 315 602 158 371 377 287 390 269 248 617 504 104 178 415 638 638 469 538 386 428 228 370 676 718 500 262 173 514 489 558 638 168 675 807 583 277 463 223 302 733 226 490 228 549 168 394 54 893 254 659 109 130 416 637 462 385 449 135 406 339 421 690 532 551 461 562 243 541 544 465 649 549 327 339 548 274 459 121 391 591 447 407 417 414 648 288 286 588 235 673 234 313 349 382 646 399 251 570 583 398 385 421 612 675 601 420 259 575 358 500 163 404 230 499 528 484 409 404 335 108 280 242 35 409 350 177 137 68 449 153 798 374 521 456 687 460 313 353 559 708 300 280 215 307 326 433 310 327 727 576 105 603 545 243 386 272 587 300 129 642 336 421 476 472 503 415 87 518 330 141 550 688 624 490 576 146 326 322 673 423 535 852 160 654 160 376 625 594 335 556 199 485 365 245 484 336 573 663 488 657 558 567 96 316 373 337 246 402 107 355 64 739 642 581 369 283 586 319 650 405 302 576 196
384 392 92 190 683 480 562 315 663 511 483 316 303 479 227 285 0 466 224 188 261 351 560 605 471 706 297 121 457 400 513 456 434 586 263 265 399 44 381 367 356 372 618 615 695 474 721 493 213 400 202 524 368 455 269 178 589 239 135 625 473 535 583 191 403 440 390 525 219 437 417 199 295 296 542 481 477 432 194 289 479 332 582 590 241 193 124 471 597 474 354 226 130 453 413 362 485 727 412 516 576 356 195 336 536 35 300 387 45 334 488 181 134 700 355 395 412 299 499 196 284 107 567 445 247 492 391 503 608 274 627 256 406 532 299 495 392 413 365 499 500 422 58 472 452 416 236 621 443 553 389 397 313 418 215 588 490 381 249 516 489 601 321 285 418 298 329 328 277 473 400 458 599 533 465 529 521 165 133 476 722 464 251 428 520 295 371 419 372 405 517 590 64 343 661 476 236 337 354 301 664 704 530 393 337 364 540 528 103 541 160 471 167 349 352 229 269 467 559 369 565 138 271 590 212 461 317 353 556 255 519 358 471 244 573 294 288 564 279 431 585 490 483 456 219 486 369 187 456 663 298 555 267 426 671 413 550 65 364 593 607 162 593 269 553 694 240 239 153 152 413 736 388 445 307 421 611 372 703 201 370 587 188 671 426 661 412 322 406 382 219 407 229 445 483 65 651 405 596 617 465 298 375 473 267 466 205 360 385 186 235 458 465 309 84 270 616 269 367 490 363 425 213
88 598 377 611 222 201 557 626 197 975 831 622 755 802 534 466 466 0 689 312 631 359 608 639 629 242 268 579 496 93 732 202 895 755 632 209 848 511 668 172 735 295 721 723 229 729 816 958 632 723 614 537 374 402 588 426 152 499 517 778 368 301 768 310 121 903 856 237 653 280 826 562 761 545 139 305 824 888 287 650 124 764 771 640 569 640 566 803 132 424 218 669 590 45 618 590 950 262 813 115 736 791 549 767 268 433 751 221 432 610 919 436 509 736 702 831 95 418 184 657 241 430 1031 626 438 718 358 48 231 628 173 301 801 697 650 363 120 689 167 516 496 871 439 140 565 73 433 752 721 1017 472 579 768 423 666 367 890 402 713 805 871 1062 781 704 858 718 686 368 493 891 501 161 538 328 922 711 107 459 588 939 820 852 717 52 268 189 189 303 254 571 616 699 486 123 196 127 247 418 415 754 752 756 988 746 516 116 640 121 564 90 521 111 312 815 818 436 732 105 790 566 591 566 492 326 671 572 599 484 189 316 721 108 916 708 1038 271 182 372 551 631 638 350 469 245 668 878 158 643 619 229 566 146 538 302 714 241 126 531 594 182 542 612 221 733 109 777 520 635 616 408 233 271 830 73 716 468 633 758 236 664 836 694 544 205 445 683 868 538 781 300 291 127 689 328 906 444 210 819 208 192 167 512 464 783 720 800 272 796 464 304 417 677 930 528 492 681 149 700 632 860 741 892 297
608 426 317 202 902 699 659 371 886 287 373 375 168 393 334 387 224 689 0 408 286 504 633 675 573 930 487 140 612 625 571 653 211 658 290 489 241 180 429 589 250 578 651 646 918 445 742 269 206 412 215 621 556 639 340 319 804 371 251 629 667 714 576 410 616 216 170 718 108 615 255 218 99 405 766 688 369 213 417 238 689 231 572 656 321 148 173 380 820 654 572 89 131 677 505 457 275 947 261 740 585 239 229 165 723 259 101 581 256 408 292 314 217 754 359 269 636 471 700 99 486 300 343 541 412 479 544 727 811 310 851 442 338 617 325 653 616 386 572 654 610 209 251 695 520 634 360 708 406 329 494 444 100 593 136 757 328 517 24 449 345 377 149 229 217 234 261 516 415 293 546 680 711 705 245 535 736 286 143 251 741 317 31 648 734 510 573 623 558 520 574 625 228 566 884 686 449 510 528 96 698 750 308 378 468 588 592 753 144 760 225 683 380 127 143 395 47 679 527 418 647 148 356 770 39 527 329 448 761 435 585 580 261 86 349 508 508 728 381 521 650 652 602 643 72 332 578 59 559 876 331 779 375 598 726 601 774 159 392 817 721 145 796 91 771 726 303 246 72 314 628 956 250 669 257 532 686 252 925 84 155 690 226 894 547 728 239 440 288 587 420 631 33 610 296 265 865 310 802 841 687 426 482 400 70 373 420 173 493 408 369 529 260 431 236 163 837 126 436 359 255 206 413
224 504 100 299 535 292 602 328 499 692 653 325 446 641 230 368 188 312 408 0 321 361 621 664 399 539 261 280 327 230 478 375 619 527 322 104 539 228 381 182 532 191 705 704 535 612 811 672 320 427 302 567 210 292 286 268 455 204 205 732 300 476 700 2 291 623 566 444 406 392 602 360 464 261 362 297 647 619 36 456 364 451 701 654 263 333 261 636 435 315 165 415 291 287 362 320 650 573 595 338 683 479 351 524 464 154 489 322 176 323 677 277 292 766 398 518 239 177 403 356 227 119 747 383 158 620 392 340 501 320 456 244 490 468 344 473 215 555 271 365 533 610 194 289 530 283 315 546 588 735 445 498 501 268 359 541 674 405 432 668 669 785 477 391 607 405 497 173 214 660 289 272 618 486 652 642 392 281 286 657 812 645 432 287 332 195 290 237 324 330 595 678 184 192 498 363 163 204 215 490 748 776 716 442 260 198 621 351 268 398 315 353 141 528 522 148 455 347 692 474 617 321 372 526 400 539 454 425 448 253 474 217 660 408 752 107 168 527 259 379 650 464 509 392 408 668 271 375 385 533 427 375 245 394 737 355 373 252 483 412 626 306 487 435 414 778 365 323 340 235 224 582 518 274 403 466 665 551 543 366 543 499 344 507 459 719 560 267 583 201 193 227 417 420 671 143 516 507 483 438 279 238 430 630 455 632 144 549 438 15 304 419 629 254 185 453 461 456 350 667 539 599 192
543 638 295 89 853 558 823 84 810 490 654 90 192 668 104 544 261 631 286 321 0 608 819 864 291 846 539 182 363 544 285 683 450 371 3 426 258 243 143 479 526 409 868 865 848 696 969 469 80 142 74 785 354 422 68 439 776 148 132 866 463 775 818 323 609 441 364 753 369 681 542 424 264 145 657 507 650 467 352 489 684 158 816 848 69 138 152 656 748 429 443 360 183 602 222 178 404 888 548 637 818 186 426 452 770 268 386 620 303 124 568 442 375 956 94 219 549 264 717 187 516 215 539 258 214 722 647 654 819 23 760 504 169 330 41 748 524 634 582 401 761 475 319 580 708 604 496 421 660 532 650 647 379 369 152 834 614 641 298 718 632 589 241 98 495 108 522 325 181 577 295 556 860 778 491 769 713 423 169 464 969 604 288 609 568 505 596 445 613 247 772 840 198 513 809 682 456 295 312 380 915 959 539 132 214 515 795 649 196 719 399 673 398 344 310 207 324 667 782 619 825 338 527 828 313 717 551 612 767 506 299 538 526 219 538 375 484 813 121 237 843 742 744 692 343 619 584 308 278 855 539 669 125 674 927 650 673 250 607 701 868 149 805 237 735 945 488 40 272 413 479 898 228 584 94 682 870 532 856 202 335 406 420 818 687 920 289 179 570 414 459 530 317 696 577 226 838 191 803 729 560 179 635 670 357 650 428 459 646 332 496 242 379 175 180 433 777 406 150 644 532 386 455
335 246 322 542 498 512 241 650 525 759 504 650 638 466 551 140 351 359 504 361 608 0 270 309 758 572 111 463 683 369 829 199 669 886 611 314 729 382 713 408 438 507 372 373 541 377 474 746 564 743 553 208 557 627 603 186 390 544 477 421 618 217 408 362 238 686 667 243 421 127 539 300 600 605 494 582 498 652 328 358 275 677 412 304 576 538 474 470 469 652 436 443 470 383 716 669 777 550 520 468 378 698 286 508 237 340 521 142 306 658 644 189 286 412 701 737 385 538 250 527 151 406 811 740 514 361 40 407 350 618 524 117 757 827 644 149 386 347 193 719 172 626 293 465 206 286 144 907 376 794 113 223 546 618 555 253 588 47 525 458 559 827 641 635 599 647 383 526 566 605 650 472 258 203 684 351 332 217 477 723 476 546 535 307 579 212 170 543 108 689 262 348 410 303 523 271 204 563 573 528 408 426 748 741 618 343 288 476 444 377 279 279 225 624 647 501 532 280 432 215 261 355 174 272 470 214 274 129 313 108 828 286 660 563 821 428 245 223 596 733 300 148 148 168 451 571 201 444 744 440 244 503 581 103 385 137 485 387 250 541 266 507 337 582 377 436 223 590 439 201 492 557 726 398 658 115 309 462 546 525 657 860 286 531 100 363 735 619 474 517 168 408 487 107 624 384 438 753 351 551 480 590 104 443 501 469 217 540 105 346 134 770 764 606 428 419 462 453 690 541 442 702 169
599 212 563 739 692 778 69 876 742 821 449 876 795 397 783 275 560 608 633 621 819 270 0 44 1010 786 381 648 947 634 1068 414 735 1134 822 584 875 576 941 678 456 777 119 123 748 278 208 815 759 960 752 71 823 896 829 383 592 784 696 193 888 354 213 622 488 757 766 417 528 329 550 417 732 845 747 852 444 708 590 410 499 848 220 33 801 718 669 409 697 921 706 550 651 638 961 911 878 743 527 722 171 864 409 563 392 562 606 388 522 892 653 379 447 144 913 898 649 797 452 691 421 642 864 988 766 237 254 654 514 834 756 381 944 1077 859 260 652 298 451 984 111 676 503 727 113 538 326 1160 305 846 177 190 634 884 728 330 566 222 648 354 524 863 782 820 637 831 409 791 813 605 910 736 134 323 734 182 552 395 662 790 212 525 661 559 846 481 425 814 358 940 66 105 625 570 740 495 472 825 836 616 144 156 788 949 869 610 67 728 630 600 427 508 480 727 765 750 644 512 274 215 27 501 293 380 594 106 308 207 499 369 1071 551 690 712 877 696 515 299 832 979 30 272 139 370 564 545 458 576 995 616 301 754 819 305 116 366 733 572 245 789 140 691 507 724 594 169 338 792 589 413 762 747 881 657 847 156 52 476 751 684 766 1117 414 746 169 101 871 865 466 787 430 674 606 281 626 610 622 929 527 794 745 837 191 370 600 412 481 591 183 606 329 1011 871 851 645 492 679 535 924 496 456 797 430
635 252 607 783 712 813 83 920 766 857 475 921 838 423 828 320 605 639 675 664 864 309 44 0 1054 809 420 692 989 669 1113 441 771 1178 867 624 917 621 986 716 491 817 109 115 769 304 180 852 803 1005 797 103 865 937 874 427 615 829 740 191 927 374 221 665 520 793 805 438 569 358 583 460 774 889 778 889 471 743 632 450 527 892 229 22 846 762 714 436 723 961 745 591 696 671 1005 956 916 762 560 754 180 907 452 600 412 606 646 421 567 936 685 423 491 102 957 941 684 840 477 735 460 686 898 1032 809 262 291 684 532 878 783 423 988 1121 903 284 689 330 485 1026 143 711 548 762 157 570 370 1204 334 881 220 231 673 926 772 342 595 262 689 376 551 896 825 865 672 875 446 833 857 636 953 772 134 342 769 201 578 440 707 827 184 554 702 591 882 520 459 853 393 984 102 106 669 607 764 523 513 868 879 655 119 117 822 993 912 646 92 760 674 627 471 536 523 766 805 794 685 541 289 257 48 545 337 394 636 149 348 252 521 411 1115 586 724 755 912 737 554 313 877 1023 27 296 171 398 606 573 493 618 1039 633 344 785 863 336 76 397 763 617 285 819 137 735 526 766 619 140 382 836 632 458 800 766 924 691 891 198 15 510 772 728 806 1160 457 769 208 56 913 909 499 827 472 710 648 311 657 655 641 972 546 823 780 881 235 397 641 440 522 628 226 649 374 1056 910 895 689 531 703 575 969 523 491 836 472
553 862 447 371 826 473 997 207 757 775 929 202 477 936 250 742 471 629 573 399 291 758 1010 1054 0 780 660 448 155 536 114 757 740 129 288 475 521 477 168 456 799 335 1082 1080 798 945 1187 753 370 226 358 961 255 259 233 633 780 232 348 1096 308 865 1055 398 662 730 652 822 643 788 828 667 555 177 590 378 924 758 434 748 724 427 1054 1042 253 426 413 926 709 249 410 637 454 587 68 116 676 846 831 581 1046 449 665 737 847 458 675 714 498 166 860 639 605 1154 257 468 533 226 775 475 625 372 820 33 244 964 791 630 855 268 696 641 368 70 260 870 509 883 656 168 929 767 519 521 910 635 688 151 912 815 833 864 669 216 443 932 901 801 587 980 916 872 527 379 786 385 786 262 197 866 128 493 1017 879 782 1000 732 630 439 751 1188 887 578 630 446 586 679 341 721 69 976 1054 411 544 757 724 562 213 213 669 1127 1162 828 276 141 525 1001 591 456 718 631 711 533 635 598 259 614 704 1030 836 1009 591 735 910 595 919 789 806 806 650 95 574 818 511 817 368 553 921 198 55 1038 861 906 782 622 904 654 585 15 856 770 600 208 791 1125 748 614 494 835 618 1024 429 843 529 737 1157 710 331 545 600 406 855 486 561 362 858 1057 809 806 491 623 117 658 765 854 1110 555 149 846 332 591 502 602 818 867 410 835 415 833 646 493 174 818 934 644 920 543 747 827 414 682 82 651 162 391 706 747 685 143 925 806 671 589
322 818 615 838 111 308 725 826 47 1217 1065 821 986 1032 743 695 706 242 930 539 846 572 786 809 780 0 498 815 629 309 893 379 1137 894 846 443 1078 750 857 367 974 456 905 908 44 950 989 1199 858 918 839 714 533 524 794 666 193 703 743 972 477 436 970 537 344 1145 1096 370 896 464 1067 803 998 739 193 405 1058 1131 519 889 297 988 975 816 779 872 799 1034 110 539 403 912 826 253 788 771 1187 86 1053 209 935 1017 789 1009 397 672 993 429 673 803 1162 676 751 896 905 1055 300 603 334 893 477 659 1272 786 637 933 560 202 286 838 86 536 1013 842 858 526 324 916 394 634 676 1114 681 269 767 307 668 876 946 1259 680 795 1011 564 898 481 1129 608 954 1030 1109 1304 1016 927 1101 941 924 544 687 1132 657 295 687 468 1164 917 240 699 823 1181 994 1091 958 289 339 431 408 440 464 735 809 887 720 363 49 301 489 590 581 997 928 919 1230 948 694 343 831 197 801 195 762 293 555 1056 1056 641 974 292 1002 787 765 809 724 428 913 774 830 702 287 551 876 351 1159 944 1279 470 424 502 750 797 815 513 650 420 911 1116 386 885 774 196 798 182 739 490 878 437 173 771 819 163 689 845 288 970 196 949 756 856 857 649 381 91 1057 265 936 668 800 998 47 901 1075 817 785 41 642 844 1099 723 1019 456 532 316 931 509 1148 678 179 1037 267 135 293 702 675 1011 963 1032 515 1039 673 534 652 844 1166 716 723 923 109 942 818 1096 980 1131 539
230 331 243 483 441 404 350 570 451 762 566 568 598 534 469 198 297 268 487 261 539 111 381 420 660 498 0 417 576 263 737 165 675 789 541 203 693 335 629 298 478 396 482 483 473 461 585 747 506 666 492 319 448 517 524 178 334 455 406 527 506 238 510 262 154 688 657 231 424 141 575 315 576 515 396 471 559 662 226 394 214 629 513 415 497 490 420 536 390 541 325 443 426 284 622 578 762 491 559 369 482 653 300 527 240 276 526 93 251 573 674 186 276 523 628 692 279 436 214 489 39 326 816 644 418 452 134 316 324 545 440 44 697 730 571 213 278 421 104 611 281 640 246 360 312 195 169 807 452 800 218 314 548 509 511 295 633 159 511 537 610 839 610 580 620 593 426 419 473 641 547 364 359 239 696 451 269 213 430 725 587 594 518 216 469 101 93 432 75 591 371 457 346 194 449 210 98 459 467 531 519 537 761 671 521 234 397 378 398 306 280 213 140 613 629 406 523 211 525 299 372 344 225 293 459 321 332 221 277 55 734 181 680 532 825 319 134 274 509 639 412 205 255 159 447 619 112 432 646 398 300 406 495 136 496 116 390 347 326 445 366 459 310 554 310 548 258 526 416 173 381 499 684 296 600 226 420 502 479 490 642 758 298 458 212 473 704 526 521 406 79 299 477 160 658 313 391 700 317 459 373 497 207 515 500 534 118 558 211 246 153 678 746 513 361 438 391 464 603 597 484 693 84
494 459 202 93 799 568 659 258 773 413 481 261 182 490 200 377 121 579 140 280 182 463 648 692 448 815 417 0 474 507 463 577 346 546 185 372 277 82 322 462 351 440 690 686 808 514 790 393 111 322 108 621 415 499 219 280 707 233 112 684 527 655 637 283 523 347 286 646 194 556 383 243 183 274 643 550 476 352 296 308 599 213 634 675 195 74 35 479 709 514 441 189 10 562 382 332 371 841 384 618 637 236 246 293 657 149 238 508 166 289 431 280 200 782 272 275 517 331 620 77 405 165 468 418 271 540 504 613 729 202 734 376 297 499 223 610 494 452 486 517 601 349 172 569 535 533 335 590 478 457 486 470 240 453 94 707 457 489 161 538 468 509 202 174 356 185 342 376 277 428 409 552 702 652 383 587 640 257 14 380 789 440 158 544 598 415 492 485 492 390 598 662 95 455 772 597 356 370 388 235 737 783 443 303 333 471 619 631 19 658 222 591 288 250 241 255 187 586 600 441 656 157 355 710 150 544 370 445 677 373 474 473 401 129 472 375 405 681 251 399 670 607 586 577 174 458 490 137 433 783 360 655 243 544 753 533 653 77 427 692 711 44 714 155 671 767 311 148 96 261 494 850 267 551 199 521 700 360 815 85 262 566 240 782 530 748 292 307 397 449 340 507 161 562 433 137 769 290 717 718 558 291 472 490 204 473 326 308 483 283 338 415 351 297 98 257 729 237 320 476 357 319 334
429 826 403 420 681 325 925 293 609 852 938 287 555 936 281 694 457 496 612 327 363 683 947 989 155 629 576 474 0 407 269 647 804 265 360 376 618 476 285 328 809 202 1032 1031 649 925 1138 830 427 350 410 891 130 105 294 590 645 241 363 1057 154 757 1022 325 548 798 723 708 659 690 856 655 619 218 442 225 932 816 357 746 603 518 1022 981 302 477 439 928 564 94 283 659 482 452 185 199 767 698 855 435 1008 544 650 767 735 433 712 615 470 253 905 598 588 1092 365 571 401 159 657 522 538 349 901 169 210 937 710 491 727 342 547 567 485 212 346 777 379 865 551 42 856 818 492 377 857 514 640 255 897 894 771 823 713 73 499 826 930 729 631 972 937 950 603 461 830 470 786 157 197 903 68 350 935 775 843 964 602 596 469 823 1139 910 625 506 292 488 577 196 627 133 922 1005 409 429 609 603 478 124 111 709 1075 1103 897 396 149 403 948 445 475 583 614 589 468 699 670 228 658 581 1008 797 942 592 695 798 625 866 766 752 681 578 250 459 871 567 901 260 454 819 242 187 977 766 831 677 646 930 548 609 152 718 742 451 243 698 1064 648 466 498 803 466 942 469 716 590 602 1105 680 397 568 556 265 707 585 425 451 791 991 823 657 537 695 198 643 617 783 1044 650 183 859 196 517 369 636 726 907 392 696 526 704 495 348 188 757 930 679 923 467 783 765 341 630 230 742 188 392 719 604 707 248 942 816 748 517
34 592 308 530 310 144 591 535 268 912 805 530 677 780 444 454 400 93 625 230 544 369 634 669 536 309 263 507 407 0 639 256 834 663 544 135 769 444 575 80 699 204 741 742 305 719 841 893 551 631 532 566 282 317 498 393 245 409 435 790 288 364 774 228 157 841 789 307 601 320 785 523 690 453 146 232 798 830 210 616 197 681 777 667 480 563 490 779 205 340 126 615 517 58 525 497 879 344 773 118 746 710 510 718 336 366 695 249 371 518 872 404 463 770 612 748 15 325 254 584 227 350 968 533 346 714 379 110 320 539 227 285 713 605 561 408 28 674 183 429 526 816 382 96 575 113 412 662 706 954 481 576 710 334 589 433 851 416 650 791 837 1002 707 621 807 635 653 275 400 848 408 102 581 387 864 715 196 422 514 876 844 816 652 100 213 165 210 218 275 478 632 717 411 72 267 198 209 324 323 697 776 787 929 655 422 37 658 130 493 184 478 183 263 750 748 345 670 176 787 559 620 513 474 398 611 583 577 484 273 301 628 83 864 636 973 178 141 432 460 537 665 396 498 294 612 841 176 584 526 323 546 158 447 337 745 277 150 466 583 198 587 536 308 662 202 803 493 550 553 369 150 353 749 44 631 485 666 721 313 592 768 605 505 277 465 718 791 445 747 210 260 43 628 365 861 369 303 734 297 219 111 420 470 763 663 776 227 746 473 225 397 584 857 435 414 636 233 650 539 829 705 824 265
