129
0 608 790 448 194 385 483 713 870 842 104 928 210 401 462 896 982 1096 662 436 477 765 845 999 640 111 856 797 697 805 1018 797 120 577 698 448 143 233 419 780 666 246 921 1155 577 534 1067 725 616 850 564 1078 968 791 882 824 735 357 782 239 384 758 978 924 294 545 841 1058 715 456 696 996 306 775 471 1020 656 269 491 411 828 978 589 615 689 369 518 752 443 832 399 632 531 351 759 958 221 214 907 470 746 524 1118 165 959 943 548 1104 931 556 196 818 491 488 141 836 501 529 968 662 164 805 963 572 440 1236 546 868 517
608 0 317 411 686 776 367 854 1097 1087 508 400 580 363 549 584 517 944 305 790 613 1056 309 995 393 578 732 425 193 464 968 793 632 187 637 486 566 392 340 210 662 630 800 864 94 890 961 740 656 1039 720 955 961 331 757 1074 1049 324 1047 368 327 285 866 820 323 208 1060 776 256 610 514 510 695 913 506 934 898 392 710 799 429 1001 940 737 555 613 757 603 172 265 224 941 850 375 675 587 537 487 630 405 274 490 877 455 626 341 740 973 384 148 631 225 804 629 476 315 439 704 532 919 479 528 366 716 256 993 620 622 365
790 317 0 405 794 808 349 738 984 986 711 145 677 410 515 292 207 675 147 800 573 982 97 783 239 720 504 141 124 185 739 614 767 217 471 464 696 557 387 157 521 709 562 557 261 878 708 584 543 915 649 696 753 18 524 977 988 434 961 572 411 34 621 586 504 245 949 475 77 581 325 211 752 783 468 693 825 523 675 824 126 801 916 641 378 631 718 396 383 149 408 896 828 454 484 275 635 603 347 385 47 418 583 675 322 294 681 709 166 251 733 211 790 584 689 72 388 647 215 850 709 269 285 638 349 692 541 356 320
448 411 405 0 399 406 56 450 687 676 405 550 285 72 137 448 564 679 257 404 202 644 487 646 199 353 436 366 363 365 640 431 389 252 290 75 322 255 81 468 287 308 506 708 324 493 666 365 263 632 309 671 612 398 463 663 639 148 635 313 120 382 570 516 252 217 651 611 344 201 249 586 347 511 95 625 486 198 301 423 401 640 539 330 251 228 348 316 282 505 245 533 448 112 347 515 248 234 458 22 373 101 678 400 512 650 328 695 569 271 339 526 405 218 402 469 57 292 540 508 439 357 656 305 161 798 213 420 85
194 686 794 399 0 193 449 544 681 651 265 939 116 383 354 833 963 972 650 246 345 572 866 844 598 123 742 765 725 763 872 656 78 601 585 367 122 298 407 821 541 97 800 1066 631 340 933 587 485 665 406 947 815 790 766 633 541 376 590 344 389 766 851 798 366 565 653 973 725 324 621 984 123 603 381 883 471 295 327 218 801 818 394 460 600 230 344 658 514 868 461 439 340 342 644 909 159 201 832 422 756 442 1016 320 898 998 383 974 951 595 61 869 304 351 299 851 438 372 940 475 336 743 1012 418 462 1130 418 788 483
385 776 808 406 193 0 462 375 488 458 443 953 222 424 301 778 947 843 660 56 257 379 893 685 582 295 633 747 767 733 722 519 266 649 488 344 277 423 449 871 432 165 680 974 703 149 794 457 375 476 266 812 659 800 653 440 350 451 397 486 451 787 722 673 483 613 461 887 750 242 566 975 90 428 344 743 283 396 187 27 785 654 204 318 531 177 182 578 610 910 558 246 148 401 540 864 255 310 764 424 778 402 912 490 840 1052 232 840 974 657 199 926 117 254 472 875 421 237 915 284 513 692 1060 280 525 1017 322 716 488
483 367 349 56 449 462 0 488 729 721 429 495 334 82 187 414 514 674 202 460 252 693 431 662 156 393 434 318 307 322 650 449 434 199 300 127 365 273 73 412 308 361 505 684 276 548 668 387 293 672 355 670 628 343 461 708 689 150 682 322 118 326 571 518 255 165 693 586 288 253 230 534 402 548 142 630 534 220 353 480 353 660 593 370 244 285 400 307 253 449 224 585 502 133 352 475 295 273 431 41 316 125 660 416 477 594 377 693 513 221 389 470 460 267 421 413 73 340 493 556 455 324 599 349 131 781 253 397 34
713 854 738 450 544 375 488 0 247 247 733 862 505 514 322 575 798 499 612 321 268 258 836 311 505 604 344 622 757 590 355 190 598 676 273 380 574 639 529 858 217 468 363 679 762 295 438 168 201 184 156 460 287 723 353 239 278 583 228 708 561 732 384 346 669 648 211 611 711 282 416 834 420 65 355 386 135 586 222 362 659 278 290 120 362 349 199 367 731 878 691 232 251 531 287 668 509 546 536 451 729 364 600 759 623 1028 165 486 895 707 519 920 260 251 749 811 414 188 753 157 793 516 1023 153 611 687 236 489 490
870 1097 984 687 681 488 729 247 0 38 912 1104 679 747 553 799 1031 625 860 435 491 134 1081 382 753 770 549 864 1005 829 452 394 750 921 514 614 745 846 764 1106 462 630 542 848 1005 349 550 403 448 74 378 577 379 969 549 54 176 810 97 915 792 979 537 518 886 892 36 798 959 500 659 1068 564 202 592 506 219 798 413 465 899 336 305 359 606 541 371 602 965 1125 921 246 340 756 516 891 695 741 754 691 976 608 760 949 840 1275 367 599 1139 950 676 1168 379 475 936 1057 657 401 984 208 979 751 1269 382 848 819 477 710 734
842 1087 986 676 651 458 721 247 38 0 887 1109 654 734 540 811 1040 653 858 406 478 96 1083 412 752 744 564 869 1002 835 481 408 722 915 519 602 720 826 753 1104 464 604 562 871 997 316 578 409 446 96 367 605 407 971 566 18 138 795 62 895 779 980 560 539 868 885 46 818 958 485 663 1077 536 210 581 533 199 779 395 434 905 366 270 353 610 520 351 610 952 1125 907 214 311 741 526 903 672 720 768 682 976 601 784 926 854 1275 352 628 1143 942 649 1166 351 461 911 1059 649 387 994 184 955 759 1270 371 837 847 469 723 727
104 508 711 405 265 443 429 733 912 887 0 844 233 346 449 843 908 1075 591 488 478 817 758 1002 583 147 832 731 610 744 1013 792 187 494 677 422 167 158 359 688 654 284 900 1112 484 592 1054 721 609 884 578 1062 969 713 859 870 791 289 829 143 319 678 961 906 206 465 881 1015 634 459 654 920 355 797 448 1009 694 209 513 470 760 985 647 625 655 384 547 719 349 741 308 683 580 297 738 898 223 192 860 424 665 493 1083 61 905 846 568 1087 845 468 243 722 536 491 37 751 461 544 898 704 71 754 868 584 364 1203 540 824 462
928 400 145 550 939 953 495 862 1104 1109 844 0 822 555 657 347 148 725 293 944 714 1112 92 868 378 862 593 239 235 277 816 721 910 351 590 609 839 694 531 193 645 855 641 560 372 1019 770 701 673 1033 784 754 841 152 608 1101 1120 575 1088 703 554 172 693 667 637 382 1069 496 215 723 446 124 897 902 611 764 957 664 815 968 205 893 1055 772 499 776 857 504 505 144 537 1032 968 598 591 289 780 746 405 530 183 559 607 805 349 222 818 762 43 376 877 210 931 725 821 93 532 785 189 982 836 359 197 773 489 702 677 429 466
210 580 677 285 116 222 334 505 679 654 233 822 0 266 260 726 848 892 534 259 267 586 749 788 485 99 655 651 609 651 808 587 111 486 497 261 69 205 290 707 460 56 718 969 520 366 860 516 408 651 353 872 757 674 681 636 562 263 596 264 274 650 773 719 269 450 647 874 608 247 516 869 132 568 279 812 460 188 283 249 687 767 422 404 500 159 314 561 409 753 356 452 348 226 557 799 44 94 729 308 639 338 924 273 791 885 339 898 835 481 55 756 304 278 257 735 328 319 826 470 301 635 898 362 348 1040 338 686 368
401 363 410 72 383 424 82 514 747 734 346 555 266 0 194 497 587 748 269 431 256 696 484 718 238 316 505 396 347 403 713 503 359 226 362 134 289 191 25 449 359 301 576 766 282 528 737 437 333 695 368 741 684 407 533 719 687 76 690 244 48 383 641 587 181 190 711 669 342 250 310 605 353 577 159 697 539 137 348 445 429 712 577 394 318 253 395 383 218 492 176 579 487 50 418 556 224 196 513 84 373 174 740 335 560 630 383 765 568 233 322 503 442 272 339 469 127 347 569 560 374 407 640 365 106 861 279 478 116
462 549 515 137 354 301 187 322 553 540 449 657 260 194 0 486 646 634 368 286 64 507 604 555 282 352 395 445 491 432 563 344 372 387 236 62 319 328 212 597 205 257 459 712 461 365 606 272 160 501 174 616 522 505 421 526 502 261 498 395 240 497 516 461 350 353 517 618 463 67 272 674 265 386 47 560 348 271 166 313 484 542 407 202 246 133 212 304 412 629 369 397 317 209 297 567 240 257 480 146 489 101 664 462 549 777 191 642 681 408 302 656 276 80 457 584 127 154 615 370 499 397 780 171 296 780 93 434 204
896 584 292 448 833 778 414 575 799 811 843 347 726 497 486 0 237 384 290 750 520 833 370 525 260 800 257 159 396 120 470 405 834 423 312 466 769 685 483 450 375 737 296 285 504 798 424 406 422 725 546 409 499 274 267 806 851 557 802 726 525 314 346 322 656 428 768 193 330 537 213 276 751 600 452 417 692 634 603 785 166 552 820 515 247 619 634 212 587 435 588 781 743 547 287 93 693 683 57 426 321 391 294 826 64 561 584 420 389 469 776 502 718 524 833 345 399 560 187 718 864 91 541 532 498 409 458 89 380
982 517 207 564 963 947 514 798 1031 1040 908 148 848 587 646 237 0 593 320 929 695 1055 220 759 368 903 494 201 330 217 701 638 946 421 527 608 876 752 566 324 587 872 531 413 468 992 645 631 625 957 745 626 735 199 504 1034 1069 624 1027 773 598 242 576 558 704 444 998 356 282 708 396 39 904 830 603 646 907 712 790 959 163 788 1022 724 444 775 827 430 589 284 612 990 939 635 514 157 809 783 290 542 254 545 466 876 219 368 782 632 190 457 903 354 908 703 889 205 532 753 50 933 911 282 340 732 544 555 645 326 480
1096 944 675 679 972 843 674 499 625 653 1075 725 892 748 634 384 593 0 639 796 628 716 755 247 562 987 243 536 769 492 174 325 1003 765 398 653 954 934 746 833 432 878 175 247 856 792 77 388 486 556 578 49 246 657 216 657 749 823 674 992 791 693 121 174 928 758 606 245 703 649 449 631 859 479 628 119 633 876 658 838 549 293 788 525 430 742 663 366 906 819 891 729 744 791 338 437 875 888 328 663 699 583 155 1077 375 944 611 40 768 811 928 886 742 620 1077 730 621 609 543 653 1116 417 922 564 794 194 555 324 649
662 305 147 257 650 660 202 612 860 858 591 293 534 269 368 290 320 639 0 653 428 848 236 701 107 584 430 146 148 172 669 512 628 132 359 317 558 433 247 246 400 564 497 576 218 733 656 470 412 794 510 650 669 141 454 848 851 304 829 460 278 128 562 518 389 140 824 483 99 435 220 336 604 662 321 632 689 392 530 676 169 713 773 508 268 483 575 305 298 267 306 755 683 316 385 319 493 464 330 237 121 274 579 563 343 418 541 667 313 178 589 307 645 440 574 215 241 506 307 714 599 224 416 500 227 697 401 318 172
436 790 800 404 246 56 460 321 435 406 488 944 259 431 286 750 929 796 653 0 234 330 888 631 568 341 592 730 767 713 671 471 316 653 452 336 320 454 455 872 393 205 636 935 713 107 745 412 338 421 222 764 606 791 611 387 303 467 345 519 463 781 675 627 510 617 407 850 746 222 542 958 132 372 332 693 227 421 149 41 769 599 163 272 503 178 133 546 629 909 577 196 94 415 502 838 288 341 733 420 773 386 870 532 811 1054 185 791 966 664 245 929 61 228 515 869 411 196 895 229 557 667 1060 237 535 972 292 684 483
477 613 573 202 345 257 252 268 491 478 478 714 267 256 64 520 695 628 428 234 0 442 664 524 336 365 397 496 555 479 540 320 376 451 241 126 333 371 275 660 196 250 455 728 526 305 593 248 141 443 114 605 492 563 421 463 437 319 434 441 300 557 507 454 401 418 456 637 525 20 309 724 240 333 111 544 284 317 102 266 535 507 345 151 274 114 148 324 474 692 429 333 255 265 300 606 258 286 508 211 550 155 673 498 582 840 127 632 739 473 300 720 217 16 490 643 189 91 661 306 533 435 842 114 359 785 73 460 267
765 1056 982 644 572 379 693 258 134 96 817 1112 586 696 507 833 1055 716 848 330 442 0 1079 484 744 671 599 874 986 844 549 441 645 891 528 569 649 768 716 1091 469 533 607 922 968 231 644 427 439 171 340 671 474 969 604 79 42 751 43 836 738 973 615 587 816 859 127 861 947 446 667 1091 462 245 551 596 160 726 348 353 912 439 181 340 615 465 301 625 912 1115 864 134 237 696 546 927 608 659 795 652 968 580 838 859 881 1266 316 695 1144 915 575 1151 282 426 843 1055 625 352 1011 136 886 773 1264 348 801 910 448 748 704
845 309 97 487 866 893 431 836 1081 1083 758 92 749 484 604 370 220 755 236 888 664 1079 0 875 335 784 597 232 148 275 829 711 833 268 569 551 762 611 459 104 619 785 652 614 281 969 793 682 640 1013 744 779 846 113 615 1074 1084 495 1058 616 477 107 709 677 552 302 1046 541 143 671 423 205 832 881 557 781 921 584 767 910 208 895 1009 738 476 716 811 492 415 66 450 990 920 523 580 333 706 669 427 469 115 510 651 717 388 198 775 790 87 289 805 137 881 676 733 26 477 741 248 946 748 360 188 733 408 754 636 442 405
999 995 783 646 844 685 662 311 382 412 1002 868 788 718 555 525 759 247 701 631 524 484 875 0 602 888 278 643 848 600 73 214 891 807 363 596 856 882 725 932 359 760 228 486 900 601 170 284 394 317 438 198 34 765 261 418 521 794 441 948 766 791 188 202 895 789 366 456 787 544 482 799 722 269 568 133 431 824 517 673 669 46 586 385 439 629 505 396 914 933 886 522 561 751 319 604 783 810 469 637 793 544 394 1017 543 1073 461 218 910 848 812 991 571 512 1012 849 593 473 709 446 1055 515 1058 428 793 439 462 439 648
640 393 239 199 598 582 156 505 753 752 583 378 485 238 282 260 368 562 107 568 336 744 335 602 0 549 339 168 255 166 574 407 588 207 252 240 520 425 223 353 292 505 409 538 300 641 571 363 306 686 409 567 569 227 364 742 749 296 724 466 265 228 475 427 397 196 717 441 205 346 120 393 535 555 237 542 586 375 437 595 205 611 678 403 164 407 479 209 345 372 337 656 590 289 283 318 447 430 283 176 224 182 524 565 322 523 441 587 404 251 538 415 553 347 573 312 163 408 342 611 604 173 520 398 242 645 301 257 122
111 578 720 353 123 295 393 604 770 744 147 862 99 316 352 800 903 987 584 341 365 671 784 888 549 0 748 712 638 716 906 686 54 515 589 343 33 186 337 729 556 140 812 1053 532 445 957 614 505 746 453 968 857 719 774 726 644 288 685 224 308 690 868 814 255 481 740 957 647 345 596 920 209 667 365 909 553 199 382 322 745 867 500 504 585 258 411 648 407 779 356 537 434 268 650 868 112 120 808 375 679 421 1012 198 865 901 439 994 870 502 96 773 392 377 178 772 402 418 885 562 218 709 918 462 375 1130 435 767 428
856 732 504 436 742 633 434 344 549 564 832 593 655 505 395 257 494 243 430 592 397 599 597 278 339 748 0 364 573 321 238 157 767 546 158 410 714 690 504 655 202 646 71 344 639 610 235 186 259 474 369 236 249 486 27 562 622 581 563 749 549 513 137 88 686 534 519 268 511 417 219 533 635 356 385 203 475 632 445 632 391 300 620 323 190 511 460 130 674 654 655 570 558 548 97 346 635 645 207 420 516 339 278 834 291 795 407 259 633 590 694 713 545 392 834 571 378 396 445 499 873 236 780 355 558 388 323 168 411
797 425 141 366 765 747 318 622 864 869 731 239 651 396 445 159 201 536 146 730 496 874 232 643 168 712 364 0 237 44 598 483 752 273 350 407 683 573 377 297 406 673 421 439 349 796 567 461 437 793 553 555 614 123 383 861 885 442 849 604 413 157 480 445 533 285 830 350 171 508 207 228 703 662 402 552 721 527 592 759 39 663 828 537 260 574 631 265 443 290 452 800 743 446 353 173 613 592 210 343 163 344 453 706 202 430 589 569 276 318 705 353 710 504 716 206 331 558 174 747 743 128 416 541 371 567 450 214 284
697 193 124 363 725 767 307 757 1005 1002 610 235 609 347 491 396 330 769 148 767 555 986 148 848 255 638 573 237 0 278 812 661 688 123 507 433 618 463 322 105 547 648 638 673 139 855 793 619 556 940 646 784 815 137 596 991 987 351 970 468 335 91 701 660 404 159 969 587 66 558 368 329 700 809 444 772 826 438 657 786 237 861 899 649 417 591 703 452 269 144 302 887 808 383 533 394 565 526 446 347 80 406 691 569 435 286 674 800 234 141 664 165 767 568 586 142 365 638 340 851 601 351 293 638 264 804 538 445 287
805 464 185 365 763 733 322 590 829 835 744 277 651 403 432 120 217 492 172 713 479 844 275 600 166 716 321 44 278 0 554 444 755 303 316 400 687 586 386 341 375 669 377 405 384 775 522 426 409 757 528 511 571 167 339 828 856 455 817 621 425 201 436 401 550 311 795 313 212 492 179 249 694 627 392 508 693 538 572 744 71 621 805 508 229 563 609 227 470 334 475 774 721 453 315 154 614 596 167 343 206 332 413 722 170 473 565 525 315 349 703 397 690 486 731 249 325 536 182 719 760 85 458 516 389 529 428 170 288
1018 968 739 640 872 722 650 355 452 481 1013 816 808 713 563 470 701 174 669 671 540 549 829 73 574 906 238 598 812 554 0 220 914 781 351 597 874 885 717 892 359 784 177 413 875 650 97 292 403 385 465 125 75 721 216 486 585 789 506 949 760 750 125 153 893 767 435 387 749 561 453 741 752 323 570 61 483 827 546 712 621 118 639 411 416 650 540 365 899 889 875 577 606 749 299 544 798 820 413 629 753 539 321 1024 483 1026 493 146 858 824 836 950 613 529 1020 803 586 500 651 500 1062 470 1009 454 780 367 473 388 633
797 793 614 431 656 519 449 190 394 408 792 721 587 503 344 405 638 325 512 471 320 441 711 214 407 686 157 483 661 444 220 0 694 606 156 381 653 669 510 753 144 566 174 489 698 472 277 71 183 320 254 294 180 598 163 405 466 580 406 734 551 616 204 159 680 585 363 421 605 340 293 676 539 199 354 227 324 611 335 512 516 211 475 201 243 431 337 218 703 762 673 421 422 536 130 496 577 600 360 423 616 330 412 805 445 909 286 321 759 645 617 814 418 309 801 685 380 286 590 347 843 362 898 241 580 505 253 316 438
120 632 767 389 78 266 434 598 750 722 187 910 111 359 372 834 946 1003 628 316 376 645 833 891 588 54 767 752 688 755 914 694 0 565 608 371 71 240 381 781 570 131 828 1080 585 415 969 624 517 730 453 981 861 765 792 704 616 337 662 277 356 738 883 829 309 530 721 985 695 355 626 965 186 660 390 920 536 250 377 292 787 868 470 506 611 263 401 673 460 830 409 511 411 313 669 905 141 164 839 412 727 448 1036 243 899 954 434 1008 919 553 79 826 371 385 221 821 435 418 927 542 258 743 970 463 424 1152 448 796 468
577 187 217 252 601 649 199 676 921 915 494 351 486 226 387 423 421 765 132 653 451 891 268 807 207 515 546 273 123 303 781 606 565 0 449 326 494 343 201 222 477 526 615 708 93 745 777 554 476 861 551 773 773 222 571 903 888 227 878 355 211 183 681 634 287 36 885 615 140 452 327 428 580 732 340 749 731 315 552 670 290 814 791 562 367 475 599 416 171 267 191 785 701 260 487 446 442 402 462 240 171 313 710 457 474 403 575 792 355 46 541 276 657 466 472 258 266 539 419 754 491 354 413 545 140 829 446 447 187
698 637 471 290 585 488 300 273 514 519 677 590 497 362 236 312 527 398 359 452 241 528 569 363 252 589 158 350 507 316 351 156 608 449 0 255 556 540 365 603 63 488 223 487 542 488 377 113 114 444 237 384 329 456 184 511 542 439 501 601 409 469 284 229 543 429 479 399 454 262 146 562 481 312 229 335 381 482 303 490 386 365 509 202 93 355 327 99 551 616 524 469 434 400 61 405 477 489 285 278 468 189 431 682 367 765 276 410 625 488 536 664 413 238 681 544 234 256 483 407 721 244 757 222 430 544 169 235 284
448 486 464 75 367 344 127 380 614 602 422 609 261 134 62 466 608 653 317 336 126 569 551 596 240 343 410 407 433 400 597 381 371 326 255 0 311 287 150 539 238 271 478 709 399 421 632 312 203 561 235 640 562 456 437 588 564 205 560 352 182 444 539 484 300 292 578 614 409 126 255 634 295 443 27 589 411 229 226 359 445 586 466 259 241 167 273 304 352 573 311 459 375 156 316 542 232 235 468 86 436 77 669 427 531 720 253 665 630 346 310 597 333 142 425 532 77 217 580 432 466 375 724 232 234 788 145 425 147
143 566 696 322 122 277 365 574 745 720 167 839 69 289 319 769 876 954 558 320 333 649 762 856 520 33 714 683 618 687 874 653 71 494 556 311 0 176 310 711 523 116 779 1020 516 425 924 582 472 719 422 935 825 694 740 702 624 266 662 223 285 667 835 781 245 459 714 925 624 313 564 894 188 637 332 876 527 180 352 304 717 836 481 473 552 227 383 615 394 759 342 515 412 242 617 838 79 93 776 345 655 388 980 212 834 884 409 961 848 483 80 756 369 344 194 749 371 388 857 537 236 678 900 430 353 1097 402 735 399
233 392 557 255 298 423 273 639 846 826 158 694 205 191 328 685 752 934 433 454 371 768 611 882 425 186 690 573 463 586 885 669 240 343 540 287 176 0 202 549 526 260 761 958 349 561 918 598 487 806 482 924 849 559 718 809 749 130 773 69 160 525 823 769 69 312 812 860 481 356 502 764 334 704 315 875 627 58 432 450 601 871 616 523 507 305 474 572 220 600 171 638 535 144 599 740 167 113 704 273 513 351 932 144 748 717 483 949 698 323 247 590 489 387 148 602 313 452 741 642 183 597 736 485 208 1053 422 670 306
419 340 387 81 407 449 73 529 764 753 359 531 290 25 212 483 566 746 247 455 275 716 459 725 223 337 504 377 322 386 717 510 381 201 365 150 310 202 0 424 367 326 576 756 258 552 737 445 344 712 386 741 690 384 532 738 708 77 709 249 45 359 641 587 183 164 728 659 317 270 303 584 378 592 174 699 559 151 369 469 409 720 600 409 316 277 417 380 202 466 163 601 510 68 420 540 248 217 502 87 348 180 733 344 546 605 402 764 544 209 346 477 465 291 350 444 131 366 549 580 383 395 614 383 84 854 293 469 104
780 210 157 468 821 871 412 858 1106 1104 688 193 707 449 597 450 324 833 246 872 660 1091 104 932 353 729 655 297 105 341 892 753 781 222 603 539 711 549 424 0 646 748 715 709 203 961 864 715 658 1040 751 853 901 176 675 1093 1092 445 1074 544 433 141 776 739 485 259 1070 631 148 664 460 310 802 909 549 848 931 530 763 890 284 948 1004 752 511 696 809 539 339 55 380 992 914 482 624 426 663 621 505 453 139 511 739 641 477 181 779 866 173 227 762 61 872 674 660 119 471 743 349 955 670 423 191 742 359 846 643 512 393
666 662 521 287 541 432 308 217 462 464 654 645 460 359 205 375 587 432 400 393 196 469 619 359 292 556 202 406 547 375 359 144 570 477 63 238 523 526 367 646 0 446 259 542 568 426 401 78 56 395 175 412 325 506 225 456 481 436 443 590 408 516 313 258 536 453 427 456 497 216 198 622 432 263 210 354 320 468 245 432 443 353 445 139 146 310 266 162 562 662 530 406 372 392 108 468 445 463 347 280 514 186 481 664 430 812 214 438 678 513 496 707 352 189 661 594 237 197 545 346 702 306 806 160 439 590 122 298 300
246 630 709 308 97 165 361 468 630 604 284 855 56 301 257 737 872 878 564 205 250 533 785 760 505 140 646 673 648 669 784 566 131 526 488 271 116 260 326 748 446 0 705 969 566 311 841 495 391 605 322 855 730 704 670 586 508 308 545 321 316 683 757 704 324 489 599 875 643 229 524 895 75 529 284 792 412 240 246 192 710 736 367 375 502 135 272 561 460 793 407 399 296 266 548 813 94 148 735 330 673 345 919 327 801 928 303 882 870 525 52 799 252 257 310 770 343 287 847 421 353 646 939 332 391 1033 323 690 393
921 800 562 506 800 680 505 363 542 562 900 641 718 576 459 296 531 175 497 636 455 607 652 228 409 812 71 421 638 377 177 174 828 615 223 478 779 761 576 715 259 705 0 316 709 645 163 224 314 468 414 164 203 544 44 562 634 652 569 820 621 573 66 26 758 604 516 256 574 476 289 570 689 362 453 134 498 702 493 677 444 258 649 364 262 570 503 202 745 711 726 594 594 618 162 376 700 712 240 492 577 409 238 903 317 849 450 188 682 660 755 773 586 448 903 626 449 443 480 521 942 293 832 400 630 336 381 211 483
1155 864 557 708 1066 974 684 679 848 871 1112 560 969 766 712 285 413 247 576 935 728 922 614 486 538 1053 344 439 673 405 413 489 1080 708 487 709 1020 958 756 709 542 969 316 0 788 955 322 530 598 776 713 295 477 540 329 873 951 832 883 1004 800 584 311 336 934 714 825 97 608 747 459 447 968 678 689 352 814 903 787 974 435 529 963 668 468 839 804 407 872 681 872 910 902 815 433 283 941 940 254 688 594 632 92 1100 237 781 751 285 603 754 1014 752 890 725 1106 593 654 738 371 837 1139 364 753 699 780 142 656 287 652
577 94 261 324 631 703 276 762 1005 997 484 372 520 282 461 504 468 856 218 713 526 968 281 900 300 532 639 349 139 384 875 698 585 93 542 399 516 349 258 203 568 566 709 788 0 810 870 645 563 946 631 865 867 271 665 984 963 257 958 341 252 227 774 727 283 114 969 698 189 524 421 468 627 820 417 842 809 336 624 725 359 907 858 645 461 535 672 510 136 257 178 857 768 302 581 518 476 429 548 316 214 397 796 439 551 369 652 883 365 54 573 241 723 542 457 280 347 616 475 832 468 442 387 625 178 913 528 536 271
534 890 878 493 340 149 548 295 349 316 592 1019 366 528 365 798 992 792 733 107 305 231 969 601 641 445 610 796 855 775 650 472 415 745 488 421 425 561 552 961 426 311 645 955 810 0 733 424 376 349 252 755 580 868 626 298 201 569 254 627 563 862 675 632 617 710 326 877 829 298 598 1023 236 332 413 681 171 527 204 123 835 564 55 289 553 276 165 587 732 995 680 102 54 516 529 889 395 448 773 508 855 460 883 638 855 1142 213 782 1044 760 348 1019 88 294 620 948 492 239 955 161 662 720 1146 266 634 977 346 724 568
1067 961 708 666 933 794 668 438 550 578 1054 770 860 737 606 424 645 77 656 745 593 644 793 170 571 957 235 567 793 522 97 277 969 777 377 632 924 918 737 864 401 841 163 322 870 733 0 346 451 482 531 28 171 690 207 583 679 813 602 979 782 723 97 150 918 767 532 309 728 613 452 684 816 412 606 52 570 859 613 786 585 216 726 478 425 706 612 365 909 855 889 665 687 777 319 487 846 863 366 652 728 566 230 1060 425 986 562 50 813 822 892 920 689 584 1058 767 609 564 595 588 1098 442 966 518 793 269 522 352 646
725 740 584 365 587 457 387 168 403 409 721 701 516 437 272 406 631 388 470 412 248 427 682 284 363 614 186 461 619 426 292 71 624 554 113 312 582 598 445 715 78 495 224 530 645 424 346 0 111 332 190 360 250 568 201 403 446 512 396 664 485 582 266 216 612 531 369 454 566 269 259 667 471 201 284 296 292 540 270 453 496 275 434 140 206 360 278 200 641 729 608 386 372 467 118 499 506 528 368 358 581 264 460 734 454 878 226 388 736 591 547 777 362 238 729 657 316 221 585 317 772 349 870 176 518 560 181 321 379
616 656 543 263 485 375 293 201 448 446 609 673 408 333 160 422 625 486 412 338 141 439 640 394 306 505 259 437 556 409 403 183 517 476 114 203 472 487 344 658 56 391 314 598 563 376 451 111 0 385 123 464 361 529 282 435 448 407 418 554 381 535 366 312 504 448 412 512 512 162 230 659 375 256 176 403 284 430 189 376 475 383 399 99 181 256 213 211 544 679 508 364 321 360 165 513 395 417 398 259 531 167 538 623 479 830 162 491 704 508 442 719 299 134 618 616 219 142 585 310 660 347 826 109 421 647 70 349 291
850 1039 915 632 665 476 672 184 74 96 884 1033 651 695 501 725 957 556 794 421 443 171 1013 317 686 746 474 793 940 757 385 320 730 861 444 561 719 806 712 1040 395 605 468 776 946 349 482 332 385 0 329 509 311 900 474 101 211 761 127 876 742 911 464 445 843 832 49 724 892 454 590 995 544 131 537 437 194 756 374 455 828 271 313 302 536 505 337 530 913 1057 871 249 329 708 444 817 663 706 680 635 909 548 688 917 765 1207 323 532 1068 891 654 1102 361 426 905 988 599 355 910 192 949 678 1200 329 794 751 420 636 674
564 720 649 309 406 266 355 156 378 367 578 784 353 368 174 546 745 578 510 222 114 340 744 438 409 453 369 553 646 528 465 254 453 551 237 235 422 482 386 751 175 322 414 713 631 252 531 190 123 329 0 548 408 636 389 353 341 433 327 552 414 637 456 407 515 520 342 631 609 126 349 778 286 221 214 480 180 430 81 262 592 414 276 54 303 195 91 335 586 777 543 247 197 379 281 637 354 390 521 315 631 240 647 603 603 928 39 575 813 577 374 812 177 97 593 721 285 34 706 204 637 469 927 14 470 751 108 472 364
1078 955 696 671 947 812 670 460 577 605 1062 754 872 741 616 409 626 49 650 764 605 671 779 198 567 968 236 555 784 511 125 294 981 773 384 640 935 924 741 853 412 855 164 295 865 755 28 360 464 509 548 0 198 678 208 610 705 817 628 984 785 712 100 155 922 764 559 286 719 626 451 665 832 437 614 75 593 866 629 805 572 244 749 495 426 719 631 365 908 842 890 688 708 782 324 469 857 872 351 656 717 572 203 1066 407 971 580 27 797 818 906 907 708 597 1065 754 613 580 576 612 1105 433 950 535 793 241 533 341 647
968 961 753 612 815 659 628 287 379 407 969 841 757 684 522 499 735 246 669 606 492 474 846 34 569 857 249 614 815 571 75 180 861 773 329 562 825 849 690 901 325 730 203 477 867 580 171 250 361 311 408 198 0 735 233 412 510 760 431 914 732 760 171 177 861 756 361 441 755 512 449 774 694 250 534 127 411 791 488 647 640 54 567 355 406 598 478 363 880 903 852 504 538 717 286 580 751 777 444 603 762 510 385 984 520 1044 433 221 882 815 782 960 547 480 979 820 559 443 684 428 1022 486 1029 398 759 440 429 412 614
791 331 18 398 790 800 343 723 969 971 713 152 674 407 505 274 199 657 141 791 563 969 113 765 227 719 486 123 137 167 721 598 765 222 456 456 694 559 384 176 506 704 544 540 271 868 690 568 529 900 636 678 735 0 505 962 975 434 947 576 410 45 603 568 507 247 934 458 83 571 309 206 745 768 458 675 812 523 664 816 108 784 905 628 363 623 707 379 390 167 413 884 817 452 467 259 632 601 329 378 57 407 565 679 304 311 669 691 176 257 729 229 780 574 693 88 380 636 204 837 713 251 301 626 351 675 529 337 313
882 757 524 463 766 653 461 353 549 566 859 608 681 533 421 267 504 216 454 611 421 604 615 261 364 774 27 383 596 339 216 163 792 571 184 437 740 718 532 675 225 670 44 329 665 626 207 201 282 474 389 208 233 505 0 564 630 608 568 776 577 534 110 63 714 560 520 257 533 441 245 543 657 360 412 177 486 660 465 651 408 285 634 341 217 535 479 157 701 673 682 582 574 575 123 352 661 672 214 448 537 367 258 861 296 812 426 231 649 616 719 733 563 415 861 589 406 416 454 510 900 255 797 374 585 365 347 179 439
824 1074 977 663 633 440 708 239 54 18 870 1101 636 719 526 806 1034 657 848 387 463 79 1074 418 742 726 562 861 991 828 486 405 704 903 511 588 702 809 738 1093 456 586 562 873 984 298 583 403 435 101 353 610 412 962 564 0 122 780 43 878 764 970 562 539 852 872 52 818 947 470 655 1071 518 206 568 537 182 763 379 416 898 373 252 341 602 504 334 604 938 1115 892 195 293 726 520 899 655 703 764 668 966 589 786 908 850 1265 337 633 1135 930 631 1155 333 447 894 1049 637 372 988 167 937 753 1261 358 823 852 456 719 715
735 1049 988 639 541 350 689 278 176 138 791 1120 562 687 502 851 1069 749 851 303 437 42 1084 521 749 644 622 885 987 856 585 466 616 888 542 564 624 749 708 1092 481 508 634 951 963 201 679 446 448 211 341 705 510 975 630 122 0 739 84 817 728 977 645 615 800 855 169 887 950 438 677 1104 435 273 547 630 163 709 339 324 923 477 147 348 626 449 291 641 901 1119 852 111 214 685 564 944 587 638 815 648 972 580 868 835 901 1269 313 729 1151 910 548 1152 260 422 819 1061 623 349 1026 138 861 787 1268 350 793 943 449 767 702
357 324 434 148 376 451 150 583 810 795 289 575 263 76 261 557 624 823 304 467 319 751 495 794 296 288 581 442 351 455 789 580 337 227 439 205 266 130 77 445 436 308 652 832 257 569 813 512 407 761 433 817 760 434 608 780 739 0 748 172 32 403 717 663 105 193 774 735 360 310 381 638 371 647 232 773 598 89 403 474 472 788 621 463 392 293 450 457 162 493 112 629 533 54 495 609 219 175 578 160 391 250 810 269 618 622 443 840 582 218 316 493 486 335 276 484 204 408 611 617 307 469 636 432 87 932 350 546 180
782 1047 961 635 590 397 682 228 97 62 829 1088 596 690 498 802 1027 674 829 345 434 43 1058 441 724 685 563 849 970 817 506 406 662 878 501 560 662 773 709 1074 443 545 569 883 958 254 602 396 418 127 327 628 431 947 568 43 84 748 0 841 733 953 574 548 817 847 84 824 929 439 642 1063 477 207 541 554 150 728 345 373 886 396 208 321 589 468 300 596 907 1097 861 152 251 693 515 895 616 665 762 642 949 565 798 869 848 1247 307 652 1121 904 589 1135 293 418 854 1034 612 343 982 131 898 744 1244 333 794 869 432 716 691
239 368 572 313 344 486 322 708 915 895 143 703 264 244 395 726 773 992 460 519 441 836 616 948 466 224 749 604 468 621 949 734 277 355 601 352 223 69 249 544 590 321 820 1004 341 627 979 664 554 876 552 984 914 576 776 878 817 172 841 0 204 539 883 829 70 328 881 906 495 426 553 782 396 773 380 937 696 124 502 512 630 937 682 592 563 374 544 627 205 598 166 705 602 201 660 774 231 178 749 328 526 412 982 103 787 704 552 1008 703 326 300 580 556 457 117 610 370 522 766 711 139 640 725 555 232 1104 489 718 352
384 327 411 120 389 451 118 561 792 779 319 554 274 48 240 525 598 791 278 463 300 738 477 766 265 308 549 413 335 425 760 551 356 211 409 182 285 160 45 433 408 316 621 800 252 563 782 485 381 742 414 785 732 410 577 764 728 32 733 204 0 382 685 632 137 175 756 702 339 293 348 613 374 625 207 743 583 114 389 473 444 761 613 441 361 286 436 425 173 479 129 618 524 49 464 579 230 192 546 130 370 222 778 300 587 611 427 809 563 209 329 483 478 317 307 464 174 391 584 603 339 438 624 412 75 899 327 513 147
758 285 34 382 766 787 326 732 979 980 678 172 650 383 497 314 242 693 128 781 557 973 107 791 228 690 513 157 91 201 750 616 738 183 469 444 667 525 359 141 516 683 573 584 227 862 723 582 535 911 637 712 760 45 534 970 977 403 953 539 382 0 634 597 471 212 944 501 43 564 324 245 728 779 449 706 814 492 659 804 150 808 901 632 376 610 703 400 348 146 374 883 812 425 486 303 607 574 367 363 12 402 607 641 347 296 668 726 186 216 705 200 773 569 656 87 370 634 249 840 675 281 291 627 318 718 528 371 298
978 866 621 570 851 722 571 384 537 560 961 693 773 641 516 346 576 121 562 675 507 615 709 188 475 868 137 480 701 436 125 204 883 681 284 539 835 823 641 776 313 757 66 311 774 675 97 266 366 464 456 100 171 603 110 562 645 717 574 883 685 634 0 55 822 670 513 270 637 528 356 616 737 372 513 72 519 765 537 717 501 225 674 404 327 622 542 268 812 770 792 616 626 682 224 419 757 772 288 556 638 471 223 966 358 905 490 126 735 726 808 833 622 500 965 683 513 487 526 541 1005 353 886 443 696 302 435 267 549
924 820 586 516 798 673 518 346 518 539 906 667 719 587 461 322 558 174 518 627 454 587 677 202 427 814 88 445 660 401 153 159 829 634 229 484 781 769 587 739 258 704 26 336 727 632 150 216 312 445 407 155 177 568 63 539 615 663 548 829 632 597 55 0 768 622 493 279 597 475 307 597 685 342 458 114 481 710 487 668 469 231 634 355 275 568 494 218 761 736 740 578 581 627 169 403 702 717 267 502 600 417 254 911 344 874 442 181 708 678 754 796 576 446 910 651 459 437 507 504 950 317 857 393 644 346 381 237 496
294 323 504 252 366 483 255 669 886 868 206 637 269 181 350 656 704 928 389 510 401 816 552 895 397 255 686 533 404 550 893 680 309 287 543 300 245 69 183 485 536 324 758 934 283 617 918 612 504 843 515 922 861 507 714 852 800 105 817 70 137 471 822 768 0 259 851 837 427 389 486 714 396 734 328 878 669 90 473 509 559 887 671 550 498 350 517 562 152 538 104 688 587 144 599 703 229 175 680 266 459 353 915 173 716 651 520 946 639 262 314 524 540 418 185 545 309 487 696 686 210 570 670 516 161 1036 442 649 284
545 208 245 217 565 613 165 648 892 885 465 382 450 190 353 428 444 758 140 617 418 859 302 789 196 481 534 285 159 311 767 585 530 36 429 292 459 312 164 259 453 489 604 714 114 710 767 531 448 832 520 764 756 247 560 872 855 193 847 328 175 212 670 622 259 0 856 619 169 418 315 454 543 705 307 737 699 281 518 633 306 794 756 532 351 439 566 403 158 303 168 751 666 223 470 459 406 367 464 206 200 284 711 431 482 440 543 784 389 59 505 313 622 433 445 291 235 506 439 722 466 355 450 514 106 831 416 446 158
841 1060 949 651 653 461 693 211 36 46 881 1069 647 711 517 768 998 606 824 407 456 127 1046 366 717 740 519 830 969 795 435 363 721 885 479 578 714 812 728 1070 427 599 516 825 969 326 532 369 412 49 342 559 361 934 520 52 169 774 84 881 756 944 513 493 851 856 0 772 923 465 624 1035 535 168 555 486 187 763 379 439 865 321 285 323 571 507 337 569 929 1089 885 223 313 720 484 860 663 708 724 655 941 571 737 917 809 1240 332 582 1104 914 646 1132 349 439 904 1021 621 366 951 178 947 718 1234 345 812 801 440 679 698
1058 776 475 611 973 887 586 611 798 818 1015 496 874 669 618 193 356 245 483 850 637 861 541 456 441 957 268 350 587 313 387 421 985 615 399 614 925 860 659 631 456 875 256 97 698 877 309 454 512 724 631 286 441 458 257 818 887 735 824 906 702 501 270 279 837 619 772 0 521 657 362 393 877 616 594 326 743 806 701 889 351 495 888 588 373 747 722 314 778 608 776 838 823 718 349 208 846 843 157 591 509 536 110 1003 154 718 669 285 540 662 920 677 808 636 1008 518 557 654 309 767 1042 268 693 616 683 217 566 190 555
715 256 77 344 725 750 288 711 959 958 634 215 608 342 463 330 282 703 99 746 525 947 143 787 205 647 511 171 66 212 749 605 695 140 454 409 624 481 317 148 497 643 574 608 189 829 728 566 512 892 609 719 755 83 533 947 950 360 929 495 339 43 637 597 427 169 923 521 0 531 311 288 689 761 416 708 788 449 627 767 173 801 870 607 362 573 672 392 307 168 331 854 780 383 476 331 565 531 380 326 31 372 624 598 370 318 639 734 226 174 664 210 740 537 612 126 336 604 286 813 632 286 318 600 274 738 501 379 262
456 610 581 201 324 242 253 282 500 485 459 723 247 250 67 537 708 649 435 222 20 446 671 544 346 345 417 508 558 492 561 340 355 452 262 126 313 356 270 664 216 229 476 747 524 298 613 269 162 454 126 626 512 571 441 470 438 310 439 426 293 564 528 475 389 418 465 657 531 0 324 736 220 347 114 565 289 304 100 251 546 526 340 167 291 93 147 343 467 697 421 332 250 255 320 622 238 268 526 212 556 164 693 480 599 844 133 653 747 472 279 723 209 32 472 651 194 98 674 310 516 450 848 128 355 805 94 478 271
696 514 325 249 621 566 230 416 659 663 654 446 516 310 272 213 396 449 220 542 309 667 423 482 120 596 219 207 368 179 453 293 626 327 146 255 564 502 303 460 198 524 289 459 421 598 452 259 230 590 349 451 449 309 245 655 677 381 642 553 348 324 356 307 486 315 624 362 311 324 0 428 538 458 239 422 514 446 397 575 245 493 626 329 53 405 432 88 457 470 442 595 544 358 165 297 486 481 212 229 323 179 429 646 277 619 386 472 480 371 565 521 515 314 650 398 195 358 357 540 685 125 611 336 345 551 252 171 202
996 510 211 586 984 975 534 834 1068 1077 920 124 869 605 674 276 39 631 336 958 724 1091 205 799 393 920 533 228 329 249 741 676 965 428 562 634 894 764 584 310 622 895 570 447 468 1023 684 667 659 995 778 665 774 206 543 1071 1104 638 1063 782 613 245 616 597 714 454 1035 393 288 736 428 0 929 867 630 685 942 727 820 987 189 828 1054 758 478 801 858 467 594 265 619 1024 970 652 551 196 828 801 330 564 258 573 502 885 259 337 814 670 162 462 923 334 938 732 899 195 556 785 90 968 919 318 307 765 556 589 677 365 501
306 695 752 347 123 90 402 420 564 536 355 897 132 353 265 751 904 859 604 132 240 462 832 722 535 209 635 703 700 694 752 539 186 580 481 295 188 334 378 802 432 75 689 968 627 236 816 471 375 544 286 832 694 745 657 518 435 371 477 396 374 728 737 685 396 543 535 877 689 220 538 929 0 479 302 766 350 310 205 117 741 695 292 340 509 132 220 563 527 844 474 328 225 324 538 833 167 221 744 367 719 363 912 401 815 983 260 859 915 583 113 856 185 243 383 815 372 252 875 356 425 663 993 298 449 1023 312 697 431
775 913 783 511 603 428 548 65 202 210 797 902 568 577 386 600 830 479 662 372 333 245 881 269 555 667 356 662 809 627 323 199 660 732 312 443 637 704 592 909 263 529 362 678 820 332 412 201 256 131 221 437 250 768 360 206 273 647 207 773 625 779 372 342 734 705 168 616 761 347 458 867 479 0 418 362 162 651 285 412 697 231 316 183 405 413 259 400 794 925 754 253 294 595 315 693 573 611 558 512 777 423 594 824 644 1075 228 462 937 765 581 970 311 316 814 856 474 253 783 177 858 549 1069 218 673 672 298 512 548
471 506 468 95 381 344 142 355 592 581 448 611 279 159 47 452 603 628 321 332 111 551 557 568 237 365 385 402 444 392 570 354 390 340 229 27 332 315 174 549 210 284 453 689 417 413 606 284 176 537 214 614 534 458 412 568 547 232 541 380 207 449 513 458 328 307 555 594 416 114 239 630 302 418 0 562 392 257 213 358 441 559 455 235 221 171 259 282 376 582 336 444 364 184 290 531 253 260 451 101 442 61 647 454 516 729 235 639 634 363 326 609 324 125 452 536 79 198 573 414 493 362 733 210 257 765 119 407 156
1020 934 693 625 883 743 630 386 506 533 1009 764 812 697 560 417 646 119 632 693 544 596 781 133 542 909 203 552 772 508 61 227 920 749 335 589 876 875 699 848 354 792 134 352 842 681 52 296 403 437 480 75 127 675 177 537 630 773 554 937 743 706 72 114 878 737 486 326 708 565 422 685 766 362 562 0 518 817 561 735 573 176 674 426 390 657 561 333 875 842 853 614 635 736 278 488 799 817 359 612 710 525 260 1016 426 977 511 100 807 793 843 905 637 535 1014 755 569 513 595 537 1055 425 958 467 757 314 474 339 610
656 898 825 486 471 283 534 135 219 199 694 957 460 539 348 692 907 633 689 227 284 160 921 431 586 553 475 721 826 693 483 324 536 731 381 411 527 627 559 931 320 412 498 814 809 171 570 292 284 194 180 593 411 812 486 182 163 598 150 696 583 814 519 481 669 699 187 743 788 289 514 942 350 162 392 518 0 580 196 263 759 393 156 184 463 322 152 481 757 956 711 97 138 544 408 786 475 522 659 493 810 420 735 730 744 1107 157 619 987 755 460 992 167 268 716 897 465 193 865 26 760 626 1105 188 644 822 288 610 544
