193
0 481 856 773 610 814 820 849 642 742 936 502 437 381 523 783 598 430 693 533 628 111 189 188 1046 198 719 549 865 912 761 346 81 771 831 789 423 770 522 148 552 139 312 582 290 520 819 510 671 493 382 829 567 695 669 463 652 892 961 584 518 438 768 722 169 160 378 663 778 96 334 433 600 238 707 715 729 842 572 642 843 429 145 702 847 699 422 472 624 639 322 506 712 689 703 591 711 463 139 174 350 901 601 155 511 54 658 999 369 426 237 647 770 439 499 833 634 222 419 178 727 88 548 554 762 903 1042 877 776 707 541 790 767 482 415 221 215 1064 234 828 745 639 717 412 178 66 565 350 804 248 78 629 694 239 740 946 256 503 663 583 685 53 534 1011 390 1074 636 667 747 392 667 883 815 558 501 797 999 388 282 906 694 800 453 488 723 421 732 598 354 233 612 407 247
481 0 377 296 671 352 437 539 476 267 458 222 588 141 193 306 510 130 330 273 414 589 662 314 595 679 362 282 613 458 445 396 401 712 357 543 366 576 77 628 543 604 173 155 287 39 392 107 575 316 592 349 465 287 429 380 179 492 516 365 131 188 290 268 352 614 175 228 601 444 582 485 347 367 261 267 387 370 205 375 675 328 528 262 371 218 249 350 271 529 343 334 425 284 455 496 598 153 345 535 390 505 378 360 375 504 273 531 565 129 243 679 468 230 375 352 357 508 330 302 463 569 191 276 709 541 579 441 643 452 310 398 740 43 362 627 385 644 246 624 734 426 240 271 321 452 135 330 354 601 535 375 525 535 727 580 440 512 192 228 612 510 379 547 240 654 627 354 611 171 665 435 603 227 25 706 555 370 212 426 617 325 568 44 325 590 607 397 237 307 254 569 235
856 377 0 146 950 102 427 583 679 114 162 433 916 505 445 72 752 471 328 516 608 961 1039 679 365 1054 439 442 693 274 523 735 778 919 156 653 677 721 359 1002 817 972 551 342 619 338 324 391 792 588 936 97 714 347 501 609 237 423 330 581 399 464 87 251 728 992 500 305 751 822 936 800 464 734 191 265 466 171 408 456 813 636 885 287 145 160 565 636 346 751 650 599 546 265 502 738 797 463 722 909 728 436 500 737 641 875 383 264 909 444 619 943 446 491 580 53 441 876 588 678 589 944 419 502 920 512 319 318 815 592 550 287 960 373 676 1002 727 479 621 746 965 526 182 541 699 821 305 670 145 971 913 557 707 902 958 530 766 802 236 353 833 881 632 291 574 483 881 398 790 489 915 283 723 445 360 893 359 695 589 115 835 62 887 367 368 923 795 527 551 658 417 903 613
773 296 146 0 808 210 293 446 533 133 163 425 784 400 313 121 608 359 385 377 462 883 949 610 318 970 294 455 553 191 380 610 692 773 64 510 544 576 253 921 675 899 460 214 572 258 195 275 646 451 809 63 571 201 552 608 121 304 254 437 277 435 116 105 630 897 453 162 606 726 814 666 496 622 233 118 321 81 271 500 669 504 823 141 76 106 438 499 376 605 617 461 400 314 562 594 651 343 635 804 602 318 533 641 501 799 238 240 783 397 536 799 525 470 588 93 482 764 574 595 444 861 285 362 774 387 292 209 669 446 409 379 814 308 545 898 676 402 541 602 819 569 56 521 604 747 279 546 247 860 822 411 561 789 813 412 725 663 112 364 687 805 491 259 452 409 737 448 644 444 770 183 580 307 273 747 291 566 494 135 689 146 753 303 223 793 649 559 511 601 274 773 526
610 671 950 808 0 977 628 535 297 877 924 860 177 543 513 899 207 541 1001 436 358 674 625 661 909 676 549 925 468 819 508 311 578 202 830 425 306 353 632 676 133 718 575 615 754 694 702 591 207 367 246 869 237 616 1077 943 720 694 832 372 573 799 885 705 496 565 740 646 336 516 298 202 993 412 916 692 533 827 543 1029 356 343 755 669 849 811 422 325 940 226 822 354 456 954 1108 218 234 522 562 455 312 694 1015 506 311 664 573 926 248 743 591 46 1136 831 962 901 1012 392 884 588 428 635 536 448 192 641 939 756 282 413 400 1067 175 709 311 488 757 847 603 390 147 1064 768 841 523 659 807 361 995 419 569 407 302 383 144 673 823 159 718 895 180 662 317 920 434 857 92 1019 273 750 89 785 394 506 668 249 855 311 544 924 186 926 157 713 610 198 256 1027 772 712 533 206 574
814 352 102 210 977 0 503 656 722 99 265 357 924 490 463 89 786 465 230 541 650 915 1001 631 467 1012 498 356 762 370 587 736 739 966 242 716 688 778 355 958 843 922 522 361 558 315 404 393 833 609 936 183 746 400 401 524 257 509 428 617 407 398 98 306 702 958 444 346 808 791 931 812 370 719 112 319 526 260 434 359 873 647 828 339 236 165 571 654 256 791 581 623 602 172 401 772 843 466 687 886 730 523 405 709 666 828 429 366 910 390 583 974 344 419 493 141 344 860 509 640 646 902 440 531 965 595 421 407 868 646 578 185 1004 336 686 978 666 578 583 808 1006 428 223 468 669 773 249 670 43 953 877 600 756 887 999 617 699 823 262 272 874 835 660 394 574 583 914 300 841 431 950 374 785 472 341 944 459 701 563 217 877 64 899 330 428 929 844 432 488 603 454 908 580
820 437 427 293 628 503 0 156 330 421 330 642 665 454 299 414 422 404 659 293 275 930 963 707 282 998 102 689 268 202 122 543 742 535 272 242 455 319 361 960 509 959 535 283 714 418 103 345 431 354 713 329 402 151 813 814 305 75 204 285 326 623 408 210 653 901 612 214 349 745 736 550 744 607 512 201 102 259 255 758 399 426 914 191 285 372 402 396 633 402 777 351 171 589 829 412 421 364 685 787 536 82 780 667 374 861 170 304 691 567 612 604 805 665 805 373 739 729 767 663 202 899 279 271 538 105 311 135 419 215 299 668 582 473 460 874 799 249 622 330 595 822 295 709 642 818 503 498 540 819 844 236 334 747 589 142 862 517 290 608 469 865 353 294 432 260 541 714 401 609 566 171 309 262 413 498 227 489 550 349 468 439 628 471 111 681 411 804 673 720 210 666 594
849 539 583 446 535 656 156 0 254 570 483 757 610 517 365 567 344 472 798 322 230 954 968 766 396 1008 179 810 113 349 95 531 776 407 428 111 441 190 463 979 435 987 597 389 794 529 259 435 328 356 669 485 341 274 943 919 439 187 335 266 413 728 560 355 679 904 705 340 216 763 702 507 869 618 657 344 153 415 336 888 252 424 960 329 442 516 429 384 765 313 862 345 136 729 962 339 306 430 724 783 524 181 904 694 350 895 270 444 650 668 669 503 946 770 915 529 868 719 867 711 127 919 355 303 411 110 439 284 287 148 308 816 456 580 448 863 866 314 680 184 473 949 441 809 677 858 628 503 692 800 858 220 233 732 468 138 933 457 426 735 360 898 327 428 463 324 443 849 277 705 460 322 166 325 517 363 345 478 602 505 357 592 571 579 237 629 291 927 764 790 286 618 649
642 476 679 533 297 722 330 254 0 623 634 694 356 390 285 637 92 361 794 203 71 739 737 603 612 780 256 757 228 524 211 301 578 245 546 159 218 128 414 758 182 777 456 370 662 485 408 374 112 176 415 591 88 334 906 824 466 398 535 111 351 646 625 428 479 671 603 376 141 549 451 256 823 404 681 415 237 541 294 852 213 219 769 392 564 558 265 175 743 73 734 158 159 736 931 85 123 326 535 549 295 399 852 493 135 693 295 630 398 584 510 276 939 686 831 627 833 481 766 537 134 702 297 203 243 352 642 459 167 117 166 842 282 519 227 621 708 557 522 186 285 901 501 712 488 665 601 293 747 556 637 122 54 490 279 388 778 203 459 703 153 694 115 623 295 567 212 828 134 608 240 490 173 260 463 230 558 254 444 638 155 664 317 521 320 375 130 870 652 640 267 364 489
742 267 114 133 877 99 421 570 623 0 245 326 827 400 364 42 687 371 254 441 551 847 927 565 434 941 406 342 673 318 496 641 665 867 184 623 591 683 260 888 744 858 441 261 505 228 327 297 735 510 841 136 646 306 424 505 158 437 380 518 309 351 30 215 619 881 386 249 713 712 838 714 374 630 102 227 434 203 335 374 779 549 770 245 185 65 474 555 254 691 538 523 507 184 432 672 745 370 610 802 634 451 411 628 566 761 333 342 815 330 507 874 392 380 480 110 356 772 480 565 552 831 341 431 867 518 397 341 772 551 478 247 905 260 589 895 613 530 508 715 907 444 129 431 588 707 192 575 125 866 801 501 658 799 900 545 653 723 163 251 775 767 561 366 479 537 815 320 744 375 850 314 692 372 252 847 415 604 480 200 779 58 801 254 337 833 746 438 438 543 356 812 501
936 458 162 163 924 265 330 483 634 245 0 569 920 561 459 208 718 517 487 510 566 1045 1111 773 203 1132 378 588 596 137 446 756 855 859 106 572 684 647 414 1084 794 1062 623 367 731 420 232 433 743 585 952 114 687 310 660 750 283 302 180 553 433 587 215 233 791 1057 611 299 678 888 961 801 618 779 342 244 400 101 412 614 730 645 985 265 89 254 586 634 497 708 772 591 483 421 663 705 740 497 797 962 749 313 654 802 629 963 355 101 927 555 699 909 609 620 725 136 597 919 722 758 522 1023 430 492 861 393 157 198 746 530 537 450 904 469 685 1055 836 322 704 661 914 683 219 671 766 910 427 695 308 1015 984 517 650 943 908 402 883 789 273 497 784 968 615 129 604 326 845 556 726 601 875 161 639 444 436 825 203 709 656 47 784 215 888 463 314 932 734 681 668 762 401 913 688
502 222 433 425 860 357 642 757 694 326 569 0 749 319 415 367 720 335 191 492 635 589 690 313 744 690 578 65 834 615 664 560 440 925 489 765 556 798 296 633 740 588 290 368 217 227 578 330 788 526 735 455 674 492 217 182 344 687 677 585 353 68 356 446 440 659 134 427 822 508 712 662 132 493 246 449 604 506 427 168 897 523 484 453 497 320 448 553 123 743 225 545 646 198 247 706 814 368 400 618 556 701 158 442 583 502 487 661 710 117 308 875 286 65 165 436 153 614 154 350 685 583 413 497 920 747 715 616 862 674 528 289 948 179 550 700 320 820 302 847 940 207 383 111 403 448 146 501 333 695 575 597 745 642 933 783 344 702 360 88 823 509 591 683 429 828 829 172 829 121 867 600 825 450 241 922 715 549 328 525 829 371 737 179 532 746 825 176 148 271 474 725 317
437 588 916 784 177 924 665 610 356 827 920 749 0 449 471 856 269 462 909 410 393 497 449 510 945 500 571 813 572 836 557 192 414 366 818 511 239 456 568 498 182 541 458 573 612 618 719 530 314 335 71 847 269 612 962 806 678 738 861 382 518 683 841 689 342 388 620 624 449 346 122 119 879 265 847 677 563 819 512 917 490 280 583 655 837 764 352 286 843 307 676 329 500 871 994 272 353 457 406 278 198 742 896 349 295 490 566 942 70 634 455 220 1033 710 830 872 903 216 749 441 487 458 498 429 356 705 965 778 414 467 385 986 348 620 239 313 601 906 466 505 322 944 735 712 375 490 722 258 935 243 392 429 386 206 318 743 663 152 680 797 307 488 313 941 350 917 231 916 395 631 251 801 502 477 591 405 890 222 421 911 316 881 39 625 617 22 377 905 641 565 519 30 441
381 141 505 400 543 490 454 517 390 400 561 319 449 0 155 436 403 50 462 203 340 493 550 253 665 574 359 384 567 530 422 256 300 609 455 492 237 506 148 528 421 515 81 200 280 175 440 129 474 214 450 460 358 317 536 433 279 521 580 288 136 262 420 340 229 496 213 281 527 326 441 350 452 229 402 334 376 463 198 486 601 204 460 320 471 344 130 235 398 430 350 233 385 422 566 389 503 89 242 405 250 532 476 241 268 416 285 619 424 202 158 556 592 299 442 472 469 371 376 211 415 467 174 217 604 547 660 497 556 399 231 537 630 171 232 499 349 689 168 560 621 526 344 322 206 368 273 191 494 466 423 315 443 398 614 590 416 384 288 352 508 420 279 629 110 699 509 475 524 219 548 501 541 195 149 611 618 235 99 535 514 458 430 176 349 450 517 491 262 272 244 429 141
523 193 445 313 513 463 299 365 285 364 459 415 471 155 0 388 331 107 509 83 221 634 677 409 529 707 203 475 425 401 269 298 444 527 353 353 231 383 129 667 380 661 237 103 429 199 298 88 389 146 495 376 288 173 622 561 209 369 443 174 65 374 374 225 359 618 343 159 407 455 502 354 541 328 405 215 220 357 50 568 481 191 614 195 372 298 127 191 457 344 497 160 238 453 647 316 409 66 387 513 290 379 571 372 203 563 134 498 469 312 313 513 654 416 562 401 549 464 507 363 273 605 28 83 524 392 533 358 450 261 122 562 558 237 231 604 504 540 323 431 555 620 264 450 345 518 315 236 481 559 554 182 332 486 548 434 570 359 209 417 428 567 200 504 148 550 456 542 419 344 492 368 410 40 178 516 480 252 250 444 433 414 442 238 199 479 416 591 400 427 89 459 295
783 306 72 121 899 89 414 567 637 42 208 367 856 436 388 0 705 404 283 463 565 889 967 606 402 982 409 381 673 292 498 672 705 880 160 627 618 690 292 930 765 900 479 284 547 266 316 327 749 533 872 105 665 312 455 545 179 423 353 535 337 394 15 217 657 920 429 260 720 751 871 741 410 665 134 230 437 178 355 407 785 577 812 250 157 92 503 580 289 707 580 545 514 214 460 690 758 400 650 840 665 437 446 666 588 802 343 307 846 372 547 894 414 423 519 72 390 808 521 605 558 871 363 451 880 507 362 323 781 558 498 262 919 301 616 932 655 504 549 719 922 476 135 473 627 748 234 606 126 902 841 515 669 834 915 531 696 747 181 290 790 809 581 332 510 510 833 350 754 417 868 293 696 393 289 857 387 633 518 161 793 27 828 295 339 862 758 473 480 586 371 841 541
598 510 752 608 207 786 422 344 92 687 718 720 269 403 331 705 0 385 838 248 151 688 674 587 704 720 342 784 303 612 304 252 543 205 626 242 188 189 458 703 90 728 458 427 659 526 495 416 75 194 332 667 45 411 935 833 528 490 626 170 395 666 692 503 445 609 616 447 188 503 372 182 852 363 736 490 326 622 352 883 245 206 734 467 644 621 273 168 782 42 731 176 250 783 963 14 113 357 507 486 249 491 878 459 136 651 370 718 317 605 499 191 979 703 844 701 865 417 774 517 227 650 349 255 200 445 732 548 177 209 210 893 229 552 196 551 691 650 512 243 224 928 571 724 460 630 642 265 808 483 583 200 117 423 217 480 761 118 524 739 104 652 131 713 297 660 129 865 148 622 163 578 237 315 501 212 649 217 438 719 111 732 230 555 403 289 133 894 659 630 334 280 479
430 130 471 359 541 465 404 472 361 371 517 335 462 50 107 404 385 0 460 164 306 542 596 303 616 621 310 398 527 482 376 272 349 590 411 452 236 472 111 577 413 565 130 152 323 156 389 84 453 191 471 420 340 267 549 465 239 471 531 255 87 284 389 293 274 540 244 232 494 372 467 355 466 264 384 286 328 419 148 498 569 198 511 271 428 311 118 221 400 408 391 210 342 414 577 371 479 41 291 445 265 482 493 286 249 466 234 572 445 222 209 549 597 324 470 435 480 406 409 262 374 515 124 176 586 498 612 447 529 359 197 528 614 169 232 538 397 639 218 525 607 542 303 353 253 419 266 205 473 502 469 276 413 432 601 541 463 381 246 356 488 470 256 582 112 649 499 481 496 247 537 452 505 147 129 587 569 241 149 494 494 427 440 172 298 465 491 510 298 319 195 444 192
693 330 328 385 1001 230 659 798 794 254 487 191 909 462 509 283 838 460 0 593 727 780 881 504 685 881 622 155 892 572 714 717 629 1036 438 832 696 879 380 824 873 777 457 429 407 311 573 422 899 644 904 388 793 524 172 315 358 685 634 683 444 255 279 448 622 850 319 458 907 696 886 812 146 665 152 457 650 457 502 129 979 658 671 470 439 288 579 680 69 853 405 661 711 71 177 823 918 482 587 803 712 699 178 625 703 693 536 589 878 284 490 1009 148 255 279 353 115 794 317 537 754 775 497 591 1033 761 644 594 957 748 631 99 1066 292 691 887 508 785 485 921 1062 198 366 293 585 640 195 653 191 879 765 682 839 822 1055 791 523 842 372 115 937 700 706 614 569 791 957 70 926 305 995 568 898 534 336 1025 669 696 498 440 942 272 893 288 561 909 925 204 339 462 541 888 495
533 273 516 377 436 541 293 322 203 441 510 492 410 203 83 463 248 164 593 0 142 641 670 445 552 705 190 554 364 433 230 256 457 443 408 289 175 308 212 669 302 672 279 180 482 282 320 171 305 75 443 439 205 204 702 630 284 368 466 92 149 447 449 279 363 608 409 215 330 454 458 291 620 314 487 267 197 409 107 648 405 139 638 245 427 376 110 123 540 260 553 83 186 536 728 233 326 126 403 494 248 376 650 378 125 577 158 536 419 384 348 432 737 487 634 468 630 437 574 389 212 609 101 22 440 370 564 380 369 196 38 645 474 316 178 582 546 543 359 360 472 699 333 518 357 538 398 206 561 530 552 112 252 457 465 413 615 286 282 499 344 580 119 538 143 553 374 624 338 412 410 399 340 70 259 434 499 204 281 501 349 489 378 318 216 421 334 668 463 472 109 402 327
628 414 608 462 358 650 275 230 71 551 566 635 393 340 221 565 151 306 727 142 0 730 739 569 557 780 190 696 238 461 164 301 559 316 477 161 212 166 349 753 234 766 412 301 618 420 343 309 184 138 445 520 127 263 843 771 394 346 477 51 286 590 554 357 461 674 551 305 188 539 475 282 762 393 611 343 176 472 225 789 262 199 748 321 495 487 224 156 678 143 690 123 107 667 868 140 194 268 511 553 294 349 792 475 120 677 224 567 425 527 473 342 873 630 776 556 770 488 715 507 102 695 230 137 315 314 583 398 230 81 109 772 353 457 219 632 673 513 486 220 357 840 430 660 464 645 535 278 675 570 632 51 112 501 350 353 743 243 388 638 225 679 97 562 257 523 278 762 199 554 309 426 201 192 399 299 502 249 406 569 227 593 355 459 252 410 198 811 603 602 195 396 452
111 589 961 883 674 915 930 954 739 847 1045 589 497 493 634 889 688 542 780 641 730 0 117 284 1158 101 828 631 964 1024 868 439 192 848 941 890 521 866 632 43 633 44 423 693 373 628 930 621 758 598 433 938 660 806 737 523 762 1002 1073 688 629 529 874 833 277 132 474 774 872 190 381 514 675 337 806 826 838 952 683 717 934 531 138 813 957 806 530 573 713 730 388 609 818 782 772 682 798 574 250 218 443 1012 671 263 611 88 769 1110 426 525 346 714 844 525 562 940 711 283 487 287 830 38 659 662 839 1012 1153 989 864 810 647 879 839 588 513 217 278 1175 342 923 815 705 826 491 289 142 666 452 903 271 106 734 789 290 811 1055 295 585 773 674 768 81 634 1122 498 1185 711 748 836 487 740 994 912 669 610 879 1111 485 393 1015 777 904 519 594 834 477 821 665 441 319 723 468 357
189 662 1039 949 625 1001 963 968 737 927 1111 690 449 550 677 967 674 596 881 670 739 117 0 377 1207 52 860 735 965 1076 889 438 262 813 1005 893 527 860 696 82 607 148 490 749 476 702 975 679 738 616 379 1007 652 851 849 636 827 1037 1121 702 683 627 952 889 321 65 567 827 862 224 327 493 783 356 895 881 866 1014 727 825 917 545 255 866 1021 880 562 584 812 716 499 625 835 878 883 670 779 623 317 187 444 1046 782 309 618 193 811 1168 379 615 420 669 953 627 675 1014 818 256 597 362 842 108 704 692 803 1037 1207 1035 844 821 669 979 797 667 520 138 389 1212 419 916 771 817 893 597 344 243 753 468 992 206 127 751 783 252 767 1079 411 561 837 772 742 185 642 1177 533 1222 676 853 819 581 699 1045 907 708 681 849 1158 490 455 1083 751 985 477 673 875 427 802 777 542 419 762 423 426
188 314 679 610 661 631 707 766 603 565 773 313 510 253 409 606 587 303 504 445 569 284 377 0 903 382 612 363 806 767 672 353 129 783 672 729 398 729 370 327 569 293 172 441 111 352 686 370 662 431 475 662 546 567 492 303 492 773 821 519 383 249 592 574 168 345 190 522 744 203 440 460 418 249 521 570 629 684 451 460 816 385 214 561 686 526 345 429 435 623 166 448 631 500 526 576 698 343 106 315 353 784 423 161 469 197 537 845 455 240 97 688 587 252 333 661 451 329 250 72 656 273 427 463 777 801 892 741 759 638 466 601 792 307 390 390 104 939 86 786 775 466 555 231 137 142 381 322 618 395 261 555 658 355 769 843 174 521 505 394 687 203 488 860 311 948 660 481 727 203 696 741 769 448 338 798 860 372 164 739 695 621 512 313 601 500 716 424 168 55 498 482 117
1046 595 365 318 909 467 282 396 612 434 203 744 945 665 529 402 704 616 685 552 557 1158 1207 903 0 1236 373 772 502 136 401 809 965 802 255 504 725 584 533 1192 791 1180 739 465 881 562 233 537 709 622 989 298 684 356 857 927 417 216 86 562 528 751 407 328 887 1148 764 384 612 984 1008 828 809 857 536 333 382 238 479 809 647 691 1117 344 250 424 651 667 688 683 931 622 453 617 862 695 695 585 907 1041 801 218 846 900 650 1081 399 103 966 709 818 884 811 788 906 332 791 988 893 875 481 1131 502 531 807 287 57 172 683 496 567 653 851 616 728 1132 980 133 825 580 866 878 364 838 869 1032 598 757 511 1082 1083 516 611 1009 861 274 1034 799 403 681 746 1085 631 75 677 133 821 753 670 756 844 163 562 502 569 760 54 756 764 250 744 414 908 611 336 960 682 873 824 902 448 943 804
198 679 1054 970 676 1012 998 1008 780 941 1132 690 500 574 707 982 720 621 881 705 780 101 52 382 1236 0 895 732 1009 1103 927 480 277 863 1027 936 568 905 718 58 655 118 509 774 474 719 1005 703 785 654 430 1027 697 881 838 623 848 1071 1150 742 709 629 967 914 348 112 572 853 907 252 378 540 777 392 904 907 902 1037 757 818 964 584 232 893 1043 897 595 624 813 762 489 664 874 882 872 715 826 650 335 233 486 1080 772 335 659 188 842 1193 430 622 436 720 946 626 662 1031 812 302 588 377 882 110 734 727 853 1074 1234 1065 892 862 706 980 848 681 561 190 379 1245 433 961 822 806 913 592 367 242 762 506 1001 257 153 790 828 300 818 1117 393 609 859 774 791 180 683 1203 565 1256 726 849 866 586 750 1073 952 739 699 898 1187 531 476 1103 800 998 528 687 907 478 850 766 542 419 794 473 444
719 362 439 294 549 498 102 179 256 406 378 578 571 359 203 409 342 310 622 190 190 828 860 612 373 895 0 631 270 270 92 441 641 484 296 217 354 281 285 858 424 858 440 210 628 350 153 261 365 252 616 345 316 99 764 742 264 177 290 189 240 551 400 192 551 798 532 164 312 643 637 454 690 504 485 179 28 288 164 709 375 324 816 160 313 347 299 296 586 329 693 250 107 554 783 331 363 269 586 684 434 185 724 565 277 761 90 376 593 492 516 531 770 593 737 386 689 626 692 565 150 797 186 168 485 188 394 208 376 154 197 646 528 402 359 772 707 352 527 309 536 769 276 634 541 719 449 396 530 717 741 145 273 645 529 231 772 427 252 556 405 765 257 372 330 363 467 671 352 530 496 235 287 164 339 454 319 388 452 385 406 436 535 401 70 586 359 747 592 629 115 570 498
549 282 442 455 925 356 689 810 757 342 588 65 813 384 475 381 784 398 155 554 696 631 735 363 772 732 631 0 891 646 718 624 492 989 517 823 621 858 353 674 805 625 354 422 259 282 619 389 852 590 797 477 739 541 152 168 386 730 709 647 412 129 372 487 499 708 194 475 883 563 773 727 67 555 250 492 657 535 484 104 957 588 517 498 522 349 512 617 100 806 250 609 703 186 182 770 877 430 456 673 620 744 95 500 647 544 540 684 773 182 368 940 226 111 138 452 90 673 161 407 743 628 472 558 984 794 739 653 924 733 591 255 1013 238 615 753 355 855 361 906 1004 144 418 140 462 492 186 566 325 751 624 657 807 701 998 829 367 767 402 91 887 552 655 707 494 863 894 117 892 182 932 634 884 509 299 985 747 614 391 542 893 380 801 238 581 809 887 116 195 316 530 788 378
865 613 693 553 468 762 268 113 228 673 596 834 572 567 425 673 303 527 892 364 238 964 965 806 502 1009 270 891 0 462 178 528 797 313 539 76 443 117 538 985 390 1001 644 470 847 608 371 505 264 377 636 595 315 370 1030 987 534 299 446 287 482 799 665 457 698 900 769 434 132 774 675 482 953 628 755 446 241 527 407 974 145 436 986 428 553 616 461 392 854 264 918 361 188 825 1050 303 233 485 750 778 523 292 986 713 353 914 356 555 621 737 709 431 1040 841 987 639 955 710 933 745 152 928 422 351 319 215 547 397 195 168 340 916 363 655 451 849 908 407 721 83 384 1033 544 876 702 883 714 514 797 783 864 252 186 719 380 231 978 422 522 821 288 916 330 539 494 416 375 939 195 770 385 435 73 387 593 265 453 480 642 617 282 699 533 655 336 592 212 1008 825 835 360 584 688
912 458 274 191 819 370 202 349 524 318 137 615 836 530 401 292 612 482 572 433 461 1024 1076 767 136 1103 270 646 462 0 323 688 831 737 133 444 608 522 396 1059 695 1045 603 330 744 425 117 402 629 505 875 187 586 230 741 797 282 166 62 457 394 618 294 192 755 1018 628 249 551 852 891 718 687 729 420 197 286 114 350 691 599 572 981 210 135 297 525 553 567 597 796 508 366 502 750 601 622 453 773 914 681 176 724 768 541 945 275 106 851 574 682 800 707 656 778 229 672 863 760 740 402 997 373 412 740 256 132 66 621 413 452 553 784 480 611 1005 843 212 689 530 796 760 231 705 736 896 468 633 412 958 951 415 533 885 790 265 898 696 267 556 668 951 523 105 549 219 736 637 603 621 763 34 510 376 433 700 100 637 630 170 668 309 801 476 218 850 613 751 689 766 325 832 668
761 445 523 380 508 587 122 95 211 496 446 664 557 422 269 498 304 376 714 230 164 868 889 672 401 927 92 718 178 323 0 455 687 414 374 129 365 201 369 895 393 900 503 296 699 436 214 340 309 272 610 427 289 191 854 824 356 186 326 188 318 633 490 281 592 825 610 256 232 679 638 446 779 535 577 269 63 364 241 799 289 343 869 251 390 438 339 306 677 281 767 264 57 646 874 295 299 334 634 706 448 187 813 606 277 807 179 426 589 573 575 483 862 676 821 469 779 644 772 619 80 835 259 210 417 150 433 256 300 94 221 738 461 486 371 789 771 349 586 222 473 859 367 714 587 768 539 421 620 730 775 138 211 659 467 191 838 406 344 645 347 810 254 417 373 359 419 762 280 609 444 290 199 229 423 379 347 402 509 459 346 525 519 485 159 575 290 835 668 695 191 560 555
346 396 735 610 311 736 543 531 301 641 756 560 192 256 298 672 252 272 717 256 301 439 438 353 809 480 441 624 528 688 455 0 292 434 651 455 89 427 381 457 216 477 269 396 443 427 576 345 325 188 200 673 221 458 775 632 498 618 723 267 336 495 657 523 197 373 434 457 433 251 204 108 691 112 655 512 442 655 344 729 496 117 482 492 670 579 171 149 651 293 512 192 400 679 806 244 365 272 261 252 7 624 710 209 180 399 413 790 174 444 280 335 842 524 652 694 713 188 573 281 403 401 326 278 427 606 820 637 429 383 244 793 439 428 84 333 454 793 292 484 421 759 558 532 218 378 529 66 745 276 336 317 350 204 416 647 522 168 502 605 342 399 204 794 161 803 307 725 400 444 342 654 473 313 400 455 756 53 235 742 351 696 177 432 472 194 386 721 462 403 363 173 263
81 401 778 692 578 739 742 776 578 665 855 440 414 300 444 705 543 349 629 457 559 192 262 129 965 277 641 492 797 831 687 292 0 725 750 721 360 707 441 228 506 217 232 501 239 441 738 429 617 422 368 749 508 615 621 426 571 813 880 513 437 374 690 640 99 221 311 581 717 77 327 389 547 179 633 634 652 761 492 589 784 361 191 621 766 620 347 405 560 582 286 436 639 620 655 534 656 382 58 188 294 823 552 85 445 120 578 918 351 355 158 612 716 380 459 754 580 212 376 100 656 168 468 477 717 827 961 797 720 636 468 725 726 405 352 261 192 985 156 765 706 594 636 360 99 87 491 285 731 268 138 556 632 236 701 870 250 457 582 517 635 123 467 930 314 995 594 609 690 325 627 802 751 479 421 748 918 327 201 826 643 723 423 411 643 400 676 553 296 182 533 384 166
771 712 919 773 202 966 535 407 245 867 859 925 366 609 527 880 205 590 1036 443 316 848 813 783 802 863 484 989 313 737 414 434 725 0 780 298 388 217 656 856 219 891 662 615 861 725 627 614 137 398 437 828 250 572 1139 1038 711 588 735 354 592 871 869 668 632 750 821 620 190 675 487 337 1056 547 926 654 460 772 539 1087 175 410 912 632 797 803 479 374 983 183 932 380 377 979 1167 219 122 559 696 633 433 585 1083 644 341 825 537 839 433 810 700 156 1180 908 1050 866 1069 566 979 712 337 810 541 446 10 517 841 671 119 330 404 1086 50 755 395 679 886 718 712 230 73 1132 744 929 652 811 841 462 991 609 742 366 211 563 70 540 956 268 704 941 101 824 333 828 502 727 137 1066 134 828 115 705 243 504 702 52 750 411 641 869 95 908 335 757 553 388 125 1099 864 829 512 390 680
831 357 156 64 830 242 272 428 546 184 106 489 818 455 353 160 626 411 438 408 477 941 1005 672 255 1027 296 517 539 133 374 651 750 780 0 504 581 575 309 979 699 959 518 260 636 320 169 327 658 483 848 59 593 214 608 672 179 268 195 458 326 499 160 129 684 951 517 195 605 781 856 700 555 672 286 141 320 18 307 557 663 541 885 163 18 169 481 532 435 620 682 491 403 368 616 613 659 390 692 855 644 281 592 696 530 859 257 176 822 461 595 818 574 535 651 104 539 812 639 654 445 918 325 391 781 356 227 164 671 450 437 422 823 371 582 948 739 346 600 595 830 627 117 585 660 807 343 590 283 908 878 426 569 836 824 376 789 691 168 426 699 865 517 195 498 352 755 504 648 508 786 132 573 341 334 750 231 605 550 93 700 179 786 366 226 829 655 619 576 663 301 809 584
789 543 653 510 425 716 242 111 159 623 572 765 511 492 353 627 242 452 832 289 161 890 893 729 504 936 217 823 76 444 129 455 721 298 504 0 369 80 470 911 332 926 568 405 772 541 340 436 218 300 573 557 247 317 964 915 478 290 438 210 412 728 618 409 622 828 695 378 108 699 610 415 886 552 700 397 189 493 339 910 159 360 910 377 519 564 384 316 791 207 843 285 121 766 986 240 195 412 673 706 449 286 919 637 278 839 296 543 557 666 632 393 980 769 916 599 890 639 860 668 80 854 352 276 302 221 543 377 179 93 263 862 347 586 376 780 832 426 644 92 363 966 494 803 626 806 650 438 748 715 790 176 126 649 358 249 901 360 467 756 249 840 255 531 418 435 332 876 166 697 349 413 69 316 524 257 452 405 565 588 245 653 472 586 287 532 179 940 751 759 294 521 611
423 366 677 544 306 688 455 441 218 591 684 556 239 237 231 618 188 236 696 175 212 521 527 398 725 568 354 621 443 608 365 89 360 388 581 369 0 347 335 542 184 558 277 334 473 391 494 295 263 103 268 608 149 379 773 652 440 530 639 177 281 496 603 452 262 462 441 386 356 331 283 123 689 185 617 440 353 583 274 724 424 41 552 418 600 526 118 59 634 225 544 104 310 650 803 177 300 223 320 342 83 536 712 275 91 474 334 712 243 439 312 318 829 530 667 633 707 278 593 328 314 485 259 196 381 516 739 554 362 293 157 764 402 404 8 423 502 704 324 405 389 761 496 546 273 447 502 77 702 364 421 227 271 293 383 557 573 146 441 589 289 475 115 713 128 715 275 713 331 449 313 574 392 239 365 400 671 37 253 673 297 643 210 408 390 248 319 725 479 442 285 228 292
770 576 721 576 353 778 319 190 128 683 647 798 456 506 383 690 189 472 879 308 166 866 860 729 584 905 281 858 117 522 201 427 707 217 575 80 347 0 507 884 273 904 577 450 783 579 415 469 147 299 521 626 207 378 1004 938 532 370 518 218 446 755 680 473 608 794 717 434 30 677 562 370 923 532 754 460 255 565 378 949 99 347 898 439 591 621 387 303 834 149 855 281 176 816 1027 191 118 434 664 672 422 367 954 622 263 822 351 622 507 693 635 317 1027 796 942 667 930 603 881 664 132 829 387 300 222 301 623 455 99 132 275 916 267 620 355 740 834 504 647 57 282 1003 555 826 616 794 692 422 808 673 763 200 76 610 278 327 904 308 523 797 174 823 242 610 419 514 260 919 86 720 273 490 47 350 560 178 532 382 569 661 169 717 417 620 352 477 101 974 769 764 339 469 614
522 77 359 253 632 355 361 463 414 260 414 296 568 148 129 292 458 111 380 212 349 632 696 370 533 718 285 353 538 396 369 381 441 656 309 470 335 507 0 670 501 652 209 78 357 71 321 42 518 267 581 312 414 211 496 457 131 418 451 303 63 265 277 204 377 643 250 155 533 473 578 457 416 375 283 200 310 319 131 441 607 294 584 192 325 199 217 307 328 473 417 283 350 325 520 444 538 112 383 553 374 431 448 388 326 551 196 478 555 207 287 636 524 308 452 324 422 517 407 346 390 609 120 211 653 464 522 373 579 380 251 436 686 117 332 647 450 574 293 553 683 496 196 349 351 501 186 314 366 612 569 307 461 543 676 504 509 475 141 289 557 557 327 491 219 583 581 413 547 247 618 370 531 157 54 645 490 346 241 387 562 316 544 116 249 573 545 469 312 371 178 552 275
148 628 1002 921 676 958 960 979 758 888 1084 633 498 528 667 930 703 577 824 669 753 43 82 327 1192 58 858 674 985 1059 895 457 228 856 979 911 542 884 670 0 644 66 460 729 416 668 964 657 771 623 431 977 677 840 780 565 800 1033 1107 712 664 573 915 869 308 116 516 809 889 215 379 526 719 360 849 862 867 990 716 760 948 555 176 848 995 846 559 596 756 745 431 633 843 825 814 697 812 608 287 222 462 1042 714 294 633 131 801 1147 428 567 385 718 888 568 604 980 754 290 530 326 854 61 692 691 847 1040 1189 1023 877 833 674 923 844 629 534 202 321 1207 381 941 820 748 865 534 323 185 708 475 945 263 121 759 807 293 815 1083 336 596 811 717 779 124 656 1158 528 1217 719 791 850 530 745 1029 930 700 649 889 1145 505 429 1054 788 945 523 634 866 478 835 708 485 362 754 470 395
552 543 817 675 133 843 509 435 182 744 794 740 182 421 380 765 90 413 873 302 234 633 607 569 791 655 424 805 390 695 393 216 506 219 699 332 184 273 501 644 0 675 462 482 652 564 577 459 133 234 249 737 108 485 957 835 587 578 711 241 441 681 752 573 414 543 626 513 266 456 293 119 873 328 784 560 411 697 410 907 312 217 693 537 718 678 295 194 814 125 723 220 338 824 987 97 174 392 478 423 215 580 896 425 177 606 441 801 237 623 489 135 1010 715 851 768 890 354 777 497 317 595 402 314 211 535 817 632 238 299 267 937 222 583 191 479 670 740 502 323 207 946 634 730 435 591 678 251 862 409 527 280 205 355 201 571 739 49 584 769 135 606 184 797 311 750 92 894 215 634 129 660 320 372 538 245 736 199 435 793 144 792 143 586 481 203 198 910 662 616 401 197 470
139 604 972 899 718 922 959 987 777 858 1062 588 541 515 661 900 728 565 777 672 766 44 148 293 1180 118 858 625 1001 1045 900 477 217 891 959 926 558 904 652 66 675 0 442 715 371 642 955 643 799 632 477 953 699 831 725 508 779 1030 1096 722 652 531 885 854 308 173 478 796 911 227 425 556 666 373 812 848 868 970 709 707 974 566 115 836 974 819 561 609 711 770 378 644 851 784 759 721 839 599 274 262 482 1040 660 294 647 100 795 1130 470 531 364 758 834 522 548 953 703 326 476 306 865 82 685 693 882 1043 1174 1013 905 845 680 877 882 600 550 260 270 1202 358 962 859 692 843 485 316 152 673 487 908 315 149 768 828 334 854 1086 276 627 791 674 810 94 671 1142 529 1212 754 741 876 491 783 1017 950 696 626 921 1134 522 416 1030 819 914 562 605 861 521 861 652 441 320 750 512 377
312 173 551 460 575 522 535 597 456 441 623 290 458 81 237 479 458 130 457 279 412 423 490 172 739 509 440 354 644 603 503 269 232 662 518 568 277 577 209 460 462 442 0 273 205 213 517 201 531 279 447 517 414 396 505 375 339 601 655 361 213 225 464 411 179 441 165 355 595 271 429 374 421 208 424 406 457 529 279 459 669 252 381 394 534 391 191 290 389 488 277 298 464 429 537 445 563 171 174 364 266 612 440 187 327 342 365 687 422 176 79 593 575 255 389 524 444 342 316 136 492 400 255 295 657 629 731 573 620 476 305 542 679 186 270 455 268 768 88 632 667 489 404 268 147 292 284 214 520 432 363 392 511 370 661 671 335 420 350 342 562 347 342 700 161 778 553 458 587 175 591 575 614 276 191 669 694 264 41 594 569 499 446 192 429 455 579 452 201 192 325 434 65
582 155 342 214 615 361 283 389 370 261 367 368 573 200 103 284 427 152 429 180 301 693 749 441 465 774 210 422 470 330 296 396 501 615 260 405 334 450 78 729 482 715 273 0 434 140 246 71 479 249 595 277 385 132 559 534 105 340 381 261 65 342 270 140 427 693 329 82 477 525 600 457 482 411 311 133 236 267 76 504 549 293 654 120 278 196 224 295 385 435 495 261 284 367 580 412 494 130 442 595 389 353 516 439 304 615 119 419 569 285 353 613 576 384 527 299 485 551 485 409 326 667 79 171 614 386 460 300 529 319 217 471 650 192 334 688 524 499 360 492 649 562 162 426 406 566 244 332 381 647 622 254 412 576 643 425 585 462 106 350 520 620 299 429 238 508 554 470 499 326 590 302 470 112 130 600 420 353 299 347 523 311 545 191 171 581 499 538 390 446 112 561 338
290 287 619 572 754 558 714 794 662 505 731 217 612 280 429 547 659 323 407 482 618 373 476 111 881 474 628 259 847 744 699 443 239 861 636 772 473 783 357 416 652 371 205 434 0 318 678 369 733 485 582 617 616 567 381 194 463 775 803 566 388 161 534 555 272 450 119 513 801 315 549 551 309 347 446 554 648 651 463 351 875 452 270 548 648 477 396 493 340 691 72 503 665 412 416 646 766 364 215 427 441 787 313 268 531 285 544 812 560 176 162 778 479 151 222 609 343 439 139 173 695 369 441 496 855 814 862 728 824 679 510 506 874 265 465 500 108 931 150 838 859 354 520 121 238 233 313 401 540 507 367 595 716 465 853 855 153 607 477 302 761 293 547 830 366 940 744 377 792 130 781 722 819 469 312 871 842 452 220 693 769 558 610 269 604 604 783 313 70 58 513 584 182
520 39 338 258 694 315 418 529 485 228 420 227 618 175 199 266 526 156 311 282 420 628 702 352 562 719 350 282 608 425 436 427 441 725 320 541 391 579 71 668 564 642 213 140 318 0 365 111 587 333 624 310 481 267 424 396 144 469 484 374 134 205 251 238 391 654 203 205 605 484 617 512 345 404 228 238 376 334 202 370 678 352 565 236 334 178 273 370 257 542 371 350 421 260 448 511 608 171 385 574 421 483 378 400 392 543 260 496 598 152 283 699 454 246 387 312 351 545 349 342 461 608 191 282 722 523 544 412 650 451 321 373 755 56 388 666 419 616 286 625 750 425 203 291 360 490 116 361 319 638 575 378 532 572 743 561 472 535 158 218 626 549 394 512 268 625 646 342 619 197 684 404 603 229 27 716 524 398 251 387 631 286 597 53 307 621 616 399 264 343 247 600 275
819 392 324 195 702 404 103 259 408 327 232 578 719 440 298 316 495 389 573 320 343 930 975 686 233 1005 153 619 371 117 214 576 738 627 169 340 494 415 321 964 577 955 517 246 678 365 0 316 515 391 760 227 469 124 733 756 233 112 147 339 303 568 311 132 657 916 567 165 446 753 777 601 669 624 423 128 170 156 248 680 499 459 898 129 182 284 418 437 554 481 735 392 252 502 747 484 509 356 680 808 569 126 706 670 424 856 165 224 736 517 596 684 717 609 743 271 660 755 713 651 290 902 271 298 630 191 245 60 514 299 337 575 673 422 497 898 770 253 605 431 683 746 207 656 640 808 434 523 442 849 852 297 420 776 677 218 830 578 217 533 554 860 406 221 444 262 620 632 494 562 648 82 409 268 366 593 182 524 539 247 554 339 684 418 103 733 502 731 629 692 215 716 581
510 107 391 275 591 393 345 435 374 297 433 330 530 129 88 327 416 84 422 171 309 621 679 370 537 703 261 389 505 402 340 345 429 614 327 436 295 469 42 657 459 643 201 71 369 111 316 0 476 225 545 336 372 198 534 484 156 406 453 262 23 293 312 211 358 624 270 153 495 455 545 418 453 347 324 205 284 335 99 480 569 254 582 192 344 234 177 265 369 431 433 241 317 367 559 401 497 73 371 529 338 418 485 369 284 543 175 489 519 233 281 593 566 336 482 353 461 489 432 337 355 596 83 171 611 445 531 372 539 344 209 478 644 150 293 622 456 569 289 517 640 533 220 374 335 494 227 279 406 585 552 268 421 514 634 486 518 433 162 329 515 548 284 500 183 578 538 454 507 269 576 374 495 120 90 604 492 307 228 410 520 351 505 151 234 536 505 505 331 377 148 515 266
671 575 792 646 207 833 431 328 112 735 743 788 314 474 389 749 75 453 899 305 184 758 738 662 709 785 365 852 264 629 309 325 617 137 658 218 263 147 518 771 133 799 531 479 733 587 515 476 0 261 382 703 117 446 1002 905 577 493 635 218 455 736 737 540 520 673 688 489 135 575 426 245 919 437 790 527 344 652 403 950 179 280 807 504 676 669 344 241 845 45 805 243 262 842 1029 86 41 422 581 552 322 492 946 533 206 724 408 734 371 675 574 176 1042 773 916 740 931 483 847 592 228 720 404 309 134 435 742 563 106 216 267 950 170 617 272 611 766 642 587 192 173 996 614 796 535 704 704 340 858 543 652 235 97 486 166 466 836 176 571 803 41 724 196 725 370 651 114 929 81 693 135 595 192 368 564 137 655 291 513 749 44 777 276 620 431 336 64 963 732 705 378 330 554
493 316 588 451 367 609 354 356 176 510 585 526 335 214 146 533 194 191 644 75 138 598 616 431 622 654 252 590 377 505 272 188 422 398 483 300 103 299 267 623 234 632 279 249 485 333 391 225 261 0 370 514 149 278 741 648 354 429 536 91 206 474 519 354 324 553 428 290 316 407 386 216 657 262 549 342 253 484 180 689 389 71 610 320 502 444 88 48 587 216 557 18 220 592 769 180 289 162 373 435 181 436 685 339 59 541 232 609 345 413 336 368 785 513 657 542 671 375 590 368 233 563 169 94 394 421 636 451 341 213 55 703 424 358 106 520 535 604 348 355 418 734 406 537 325 507 448 148 627 464 503 136 231 392 411 463 605 213 353 544 297 543 65 611 120 614 313 670 309 433 351 471 338 143 308 396 568 135 269 576 303 560 303 360 287 346 302 701 476 465 184 328 315
382 592 936 809 246 936 713 669 415 841 952 735 71 450 495 872 332 471 904 443 445 433 379 475 989 430 616 797 636 875 610 200 368 437 848 573 268 521 581 431 249 477 447 595 582 624 760 545 382 370 0 872 327 648 944 776 698 787 904 428 536 668 857 719 309 319 603 653 516 296 52 163 862 242 852 707 610 850 540 902 560 306 527 686 866 780 371 322 836 372 642 367 552 871 977 333 422 472 369 215 207 791 877 314 338 433 602 979 26 623 432 289 1021 691 803 894 888 160 720 409 543 395 523 463 427 759 1006 820 484 523 423 985 418 620 266 242 559 958 441 572 392 924 758 688 344 438 722 266 943 173 330 477 450 144 388 798 619 214 701 790 377 430 359 980 362 968 302 905 464 615 322 841 568 507 597 477 935 243 407 939 386 897 106 625 657 49 446 883 618 531 553 52 420
829 349 97 63 869 183 329 485 591 136 114 455 847 460 376 105 667 420 388 439 520 938 1007 662 298 1027 345 477 595 187 427 673 749 828 59 557 608 626 312 977 737 953 517 277 617 310 227 336 703 514 872 0 632 257 559 637 181 328 247 497 340 472 109 163 689 956 497 224 657 785 877 729 511 684 237 177 371 76 334 510 717 567 874 200 52 139 502 562 390 664 658 523 453 319 565 654 706 405 692 865 666 341 548 700 564 854 297 207 846 441 591 859 519 505 613 44 493 826 608 651 495 917 349 424 829 415 261 224 722 499 471 365 870 356 608 959 723 399 595 649 876 580 116 556 663 801 313 609 225 922 880 469 616 851 870 435 769 725 174 386 744 860 553 230 515 404 796 455 698 487 829 191 627 370 327 800 281 629 552 76 746 122 816 351 275 856 703 575 554 649 336 836 582
