153
0 862 500 347 724 776 1084 618 711 444 890 501 678 749 283 692 585 666 327 327 668 726 870 219 454 478 1145 843 175 912 843 920 606 339 427 382 910 124 654 1129 741 834 905 855 926 395 450 473 638 492 7 712 909 873 278 705 772 867 1039 866 634 841 714 886 830 764 280 554 518 383 726 1060 119 560 105 466 1079 795 168 474 584 815 637 678 754 686 832 985 1096 878 762 105 707 602 656 681 442 33 955 63 859 840 691 704 825 1096 248 909 582 726 803 849 548 618 647 978 984 649 844 835 453 912 833 176 825 921 1107 95 440 512 947 801 434 260 952 267 664 319 988 474 200 824 131 147 329 901 750 158 770 667 627 241 666
862 0 809 600 148 164 281 425 557 512 413 360 198 440 590 554 299 261 679 563 348 240 99 645 412 458 396 615 712 130 651 414 560 582 576 503 196 977 434 409 362 528 204 206 67 498 683 467 225 398 855 170 218 79 835 326 732 496 262 434 853 331 730 608 800 241 592 653 571 488 489 358 744 352 857 521 292 664 713 388 298 545 440 897 165 716 274 187 297 44 529 905 548 481 545 196 807 887 175 891 495 520 434 548 203 294 815 218 761 305 107 80 496 377 657 170 225 362 321 321 426 327 422 692 940 314 334 950 621 668 139 521 817 714 155 678 346 543 176 514 762 507 812 717 861 448 184 742 129 521 351 659 227
500 809 0 289 667 821 909 825 981 695 1051 555 619 954 531 334 670 547 697 370 472 579 871 488 565 371 914 440 543 916 422 628 893 624 254 399 953 597 866 882 905 1065 953 918 875 388 133 690 654 448 498 738 964 862 227 849 310 1075 857 1044 133 972 250 488 349 857 407 169 817 553 403 821 477 466 594 729 893 366 390 525 669 1059 386 180 646 229 935 835 916 845 1009 430 973 843 314 713 58 530 805 461 520 487 418 348 891 918 253 964 104 530 708 752 800 434 229 838 809 816 970 963 448 667 1013 502 324 684 903 575 772 142 940 449 69 653 953 631 472 457 848 732 308 1048 369 439 190 588 630 559 788 925 783 347 725
347 600 289 0 452 570 774 538 692 406 776 283 401 669 253 350 398 358 429 81 333 411 639 227 281 149 818 505 301 685 509 576 604 342 84 116 709 470 579 798 626 779 707 665 667 110 167 401 404 202 340 490 716 635 234 572 462 792 725 765 402 702 411 544 531 593 128 243 529 264 379 729 262 252 404 440 765 467 181 251 398 771 291 454 458 383 671 682 785 628 721 340 684 554 313 462 255 380 651 344 512 494 345 362 636 785 216 716 317 395 516 564 511 283 329 679 671 533 701 693 182 576 733 258 576 587 788 442 489 211 715 455 259 398 725 368 330 170 689 443 175 762 243 220 265 555 448 327 546 636 502 107 465
724 148 667 452 0 186 373 378 537 417 461 227 50 438 461 439 201 125 572 417 225 132 205 511 286 310 463 528 582 249 560 377 512 468 430 357 295 842 400 463 361 544 298 274 215 351 539 373 110 250 716 122 310 194 686 309 622 525 336 471 720 373 611 531 694 255 449 517 500 361 384 399 607 205 727 433 374 563 570 250 201 554 314 766 71 594 320 270 387 178 525 761 527 431 424 124 662 751 244 749 424 441 320 436 255 386 667 311 627 202 84 126 430 243 532 260 285 323 366 362 280 306 450 558 823 301 410 814 534 528 272 431 672 599 285 561 222 404 269 427 615 523 667 578 713 398 88 613 141 490 299 513 161
776 164 821 570 186 0 445 266 392 378 275 293 218 277 493 622 191 306 548 515 408 319 104 557 325 450 561 714 612 138 747 548 398 464 570 459 139 882 270 574 198 372 136 96 194 460 688 335 167 375 768 82 145 117 801 161 806 346 426 288 888 187 791 717 879 78 527 684 417 392 569 521 657 357 753 380 457 749 645 325 192 386 494 937 250 773 133 352 461 144 366 835 383 321 604 108 807 797 339 814 607 627 505 620 71 457 775 145 793 388 221 226 342 419 709 335 389 202 180 177 388 468 270 600 1003 458 498 856 476 688 176 618 815 593 177 560 405 470 340 372 711 350 749 639 836 575 270 639 46 357 196 604 111
1084 281 909 774 373 445 0 707 835 783 661 598 411 715 832 590 566 420 944 762 449 362 356 877 659 624 128 578 952 357 617 326 842 841 724 703 427 1205 715 157 639 792 438 462 260 693 804 738 480 592 1076 446 451 336 997 606 734 753 51 689 912 589 754 550 784 518 804 739 851 734 516 145 969 527 1096 795 25 652 922 618 565 812 526 945 330 750 536 102 15 302 803 1107 826 762 600 468 924 1112 129 1102 446 483 490 579 470 12 985 451 834 387 288 248 777 498 706 115 103 644 579 581 630 252 683 925 943 233 62 1176 896 769 334 505 937 972 350 935 452 767 107 789 949 772 1010 937 1010 374 334 983 411 802 632 857 502
618 425 825 538 378 266 707 0 170 174 271 286 375 135 350 731 198 448 325 461 541 492 367 419 261 480 818 858 443 390 883 751 136 279 577 426 353 703 40 826 127 241 344 294 460 438 695 150 279 404 611 267 341 382 732 114 906 258 684 248 925 232 875 873 982 205 442 731 157 281 700 767 511 432 566 155 717 869 534 310 198 233 602 977 449 851 242 610 723 410 185 701 161 55 702 255 794 631 593 670 778 787 634 734 269 720 699 341 832 550 449 471 85 526 786 594 641 63 237 228 387 685 215 450 1076 680 758 680 228 718 428 767 797 385 423 361 536 382 601 147 622 224 635 508 779 766 463 463 296 117 78 522 217
711 557 981 692 537 392 835 170 0 293 251 455 539 124 475 902 368 616 387 612 711 657 480 540 424 647 954 1028 542 489 1054 913 105 388 739 585 433 774 139 966 196 132 422 382 577 598 854 291 444 573 705 418 414 499 867 233 1076 180 819 215 1087 270 1044 1043 1152 316 584 896 193 428 871 912 618 603 639 261 848 1040 659 477 368 108 772 1139 608 1019 311 745 851 532 60 805 9 138 873 412 946 717 731 769 946 956 804 905 367 847 833 414 995 718 600 615 182 697 954 727 781 215 280 274 553 843 194 559 1243 836 890 756 273 882 523 937 948 455 513 444 706 527 732 256 753 131 753 625 917 931 624 553 432 56 242 660 375
444 512 695 406 417 378 783 174 293 0 445 230 392 306 183 665 217 439 169 325 509 496 483 250 173 391 880 808 269 516 827 753 198 105 462 308 496 530 210 879 298 400 488 437 562 324 572 45 306 330 437 342 489 493 574 268 826 427 751 422 807 401 786 832 900 343 292 627 125 144 651 814 337 382 394 33 788 803 368 235 218 385 546 859 477 759 400 681 799 511 332 528 285 163 632 317 657 457 658 496 753 753 589 671 408 796 540 489 718 538 500 535 112 479 696 668 701 210 405 396 298 703 389 277 973 703 825 507 120 606 554 726 658 219 554 190 504 237 677 37 460 387 466 338 624 758 486 289 391 239 195 367 286
890 413 1051 776 461 275 661 271 251 445 0 496 487 149 618 890 381 575 590 705 678 593 316 687 496 684 788 989 714 304 1021 820 329 551 797 660 233 973 237 809 152 146 223 207 405 667 918 418 413 605 883 344 210 337 987 203 1073 96 658 37 1135 88 1054 992 1147 208 697 932 400 537 841 766 781 606 836 425 679 1020 798 527 382 173 759 1185 526 1033 142 587 676 375 194 971 248 295 869 358 1028 902 582 940 883 902 776 889 212 672 956 210 1039 663 493 489 347 682 968 568 632 248 95 98 603 737 60 720 1264 725 722 951 483 929 327 892 1033 652 312 631 674 636 571 417 881 132 901 776 1031 849 546 734 322 259 276 778 335
501 360 555 283 227 293 598 286 455 230 496 0 187 404 233 449 115 213 360 222 279 273 374 285 63 194 679 584 355 419 606 526 390 251 301 168 432 617 324 673 350 518 429 385 424 173 422 196 138 117 494 217 437 375 509 294 621 522 559 489 644 419 588 606 696 309 236 446 344 136 427 605 383 154 499 257 598 587 357 32 115 515 323 696 271 564 387 496 612 377 470 548 446 320 418 187 532 527 469 532 523 525 362 453 355 611 483 437 550 309 310 354 293 252 499 487 505 264 418 410 106 481 458 332 790 484 631 589 349 437 452 499 538 378 459 339 274 183 496 254 418 499 459 357 546 528 274 386 276 400 231 311 183
678 198 619 401 50 218 411 375 539 392 487 187 0 449 420 404 185 88 541 368 191 117 251 467 248 260 493 504 540 296 534 376 505 434 380 307 337 797 401 489 375 559 339 311 266 301 490 350 96 200 670 142 351 242 636 320 588 545 371 494 676 399 573 511 661 278 401 472 485 323 354 423 562 155 684 411 411 533 522 207 184 566 276 723 86 555 349 310 425 228 533 713 530 425 386 133 613 705 282 702 409 422 289 402 289 424 617 351 582 181 125 171 418 202 492 301 318 324 393 388 231 315 470 515 785 313 444 769 511 481 321 408 623 564 333 525 187 359 311 406 565 538 618 531 663 391 93 571 176 490 298 464 166
749 440 954 669 438 277 715 135 124 306 149 404 449 0 486 834 299 533 442 593 632 566 358 554 389 599 836 950 574 366 979 815 181 411 703 555 309 827 96 850 79 114 298 258 455 566 822 286 359 521 742 316 290 378 867 129 1014 123 701 119 1049 147 988 961 1090 199 577 851 251 416 796 798 644 538 690 283 729 970 669 432 299 116 703 1100 509 964 187 627 731 413 89 834 117 148 808 317 925 760 615 802 859 872 729 836 245 727 835 290 954 630 493 504 201 626 899 609 666 140 157 150 510 739 88 583 1193 731 771 806 334 842 399 856 929 506 388 486 628 516 614 275 757 94 770 643 914 837 527 592 320 114 173 657 283
283 590 531 253 461 493 832 350 475 183 618 233 420 486 0 569 302 430 178 176 466 493 589 69 177 297 908 722 121 630 734 726 376 93 326 190 627 390 389 899 466 583 621 571 650 208 419 200 364 270 276 432 625 593 392 425 707 608 791 598 652 562 659 755 778 481 125 493 293 102 575 831 166 339 266 214 831 700 184 214 302 569 471 704 503 631 550 730 846 601 516 354 468 347 533 402 487 304 702 326 696 688 522 578 541 844 357 625 570 513 544 587 295 423 574 720 737 372 565 556 227 696 565 107 829 701 863 363 240 464 666 653 487 163 669 126 461 94 730 219 277 570 284 158 443 719 503 152 489 423 347 189 384
692 554 334 350 439 622 590 731 902 665 890 449 404 834 569 0 537 316 746 403 214 315 637 566 494 277 582 154 646 679 165 293 839 642 266 380 732 812 766 550 767 948 736 714 612 361 268 639 479 336 686 546 749 623 491 709 183 941 539 894 321 803 175 193 257 681 462 170 787 529 74 491 613 298 755 696 572 138 530 433 536 950 131 356 391 164 754 530 595 596 910 664 892 768 37 531 365 725 502 679 188 159 120 13 693 598 496 749 246 249 447 482 742 209 116 537 496 697 797 792 367 341 868 604 386 359 577 785 775 212 693 118 379 730 709 695 217 475 546 696 500 927 574 570 482 254 370 674 579 847 665 458 558
585 299 670 398 201 191 566 198 368 217 381 115 185 299 302 537 0 251 380 334 343 299 286 365 134 304 663 660 422 327 686 560 322 283 416 282 328 692 229 664 238 413 324 277 354 288 536 172 91 225 577 132 330 292 620 181 716 412 533 375 755 304 688 675 791 195 339 555 300 201 503 600 466 239 565 232 570 674 455 147 0 414 406 806 266 665 273 464 581 303 373 643 358 243 510 103 647 606 440 622 581 589 436 539 246 579 593 330 660 354 283 317 233 330 600 451 484 159 302 294 221 500 345 409 894 497 608 666 333 549 363 569 653 415 367 380 338 281 459 226 524 393 559 447 660 572 277 451 187 315 128 418 81
666 261 547 358 125 306 420 448 616 439 575 213 88 533 430 316 251 0 572 342 103 63 329 466 276 208 481 418 545 374 447 314 574 462 321 283 420 788 477 469 460 644 423 398 327 272 422 400 173 173 658 230 436 318 588 404 500 631 373 581 595 487 486 428 573 366 385 393 543 343 266 400 553 107 685 463 414 445 502 220 251 650 189 641 102 469 437 324 432 298 615 687 607 495 299 219 546 695 294 682 330 340 200 314 377 431 573 436 502 102 163 209 482 118 406 320 319 402 482 477 213 269 557 514 698 272 441 759 559 406 394 323 557 585 408 547 99 354 331 459 530 623 590 519 609 322 89 576 263 565 374 436 250
327 679 697 429 572 548 944 325 387 169 590 360 541 442 178 746 380 572 0 354 625 634 652 208 296 470 1035 897 171 686 911 881 283 110 504 366 664 387 354 1031 453 515 656 605 731 384 593 213 464 431 322 509 657 662 529 431 885 552 909 561 823 558 837 928 957 511 300 670 196 231 747 964 250 495 251 173 947 878 317 353 380 494 642 874 627 809 563 842 959 679 441 427 383 294 709 482 649 330 817 388 863 857 691 754 577 957 493 656 744 665 657 695 243 587 752 829 857 373 563 554 390 842 530 203 1004 844 983 369 114 640 724 825 647 67 723 69 620 272 838 181 413 507 392 272 583 879 632 173 560 347 362 350 453
327 563 370 81 417 515 762 461 612 325 705 222 368 593 176 403 334 342 354 0 341 401 592 163 208 152 818 557 243 637 566 597 523 263 149 60 654 451 502 802 553 702 651 607 630 69 248 321 354 170 320 438 659 590 286 502 531 716 715 693 483 634 483 593 602 529 59 316 448 183 419 732 224 235 365 359 756 528 160 189 333 693 321 535 435 455 607 665 774 587 643 346 604 475 365 408 334 358 635 340 547 534 375 413 577 774 260 659 397 398 489 537 430 292 398 660 661 460 634 626 137 585 660 202 655 594 782 422 409 288 669 497 336 329 677 297 337 89 670 362 198 685 250 184 326 581 429 272 495 556 429 96 406
668 348 472 333 225 408 449 541 711 509 678 279 191 632 466 214 343 103 625 341 0 108 426 488 338 190 485 318 570 468 346 260 661 515 275 291 519 792 572 464 561 744 523 500 410 276 357 475 273 196 661 334 536 412 548 504 397 733 399 684 505 591 386 332 470 470 394 309 622 394 163 395 564 130 703 536 438 342 499 276 342 749 92 549 182 370 541 366 459 388 712 674 701 584 199 321 480 699 336 675 243 247 97 211 479 460 538 536 415 63 242 283 566 50 309 368 347 499 585 580 238 244 660 534 598 254 457 763 628 329 485 225 492 628 500 590 5 379 378 534 509 723 576 525 560 253 163 601 365 658 469 428 351
726 240 579 411 132 319 362 492 657 496 593 273 117 566 493 315 299 63 634 401 108 0 322 529 337 262 419 395 608 363 428 260 621 524 367 344 418 850 518 406 490 674 422 404 301 332 459 456 213 234 719 252 436 307 638 436 496 657 314 604 614 505 490 399 566 387 447 417 597 406 254 337 615 166 748 519 355 433 562 283 298 682 201 657 75 476 452 270 374 281 651 745 647 541 305 248 583 756 240 741 293 309 195 310 387 374 624 436 524 69 133 174 532 145 417 269 260 442 498 495 275 208 582 577 702 210 380 821 616 436 378 299 595 648 393 609 108 417 279 514 586 653 648 580 655 274 55 639 273 608 415 495 283
870 99 871 639 205 104 356 367 480 483 316 374 251 358 589 637 286 329 652 592 426 322 0 650 415 507 479 708 709 46 744 513 497 565 628 533 98 979 367 497 283 438 105 109 97 532 741 438 238 438 862 158 119 21 873 257 819 402 346 339 925 236 812 704 888 166 611 722 521 487 576 451 751 405 852 485 371 754 731 406 286 456 517 971 246 796 181 273 372 59 446 923 471 421 625 188 863 892 267 905 591 615 517 633 113 368 851 119 832 390 196 179 446 448 735 254 317 304 227 227 458 427 329 695 1023 414 414 952 580 732 77 613 872 696 85 662 423 557 258 477 790 417 834 729 905 547 267 737 99 450 300 685 205
219 645 488 227 511 557 877 419 540 250 687 285 467 554 69 566 365 466 208 163 488 529 650 0 235 307 948 721 81 692 730 748 439 152 308 198 692 332 458 936 535 651 687 637 708 216 387 269 420 297 211 493 691 654 331 494 690 676 835 667 614 632 639 757 759 548 104 470 353 164 581 867 100 367 219 279 875 691 119 260 365 636 480 666 547 610 618 776 891 659 582 284 533 414 529 462 441 242 748 259 707 696 534 577 607 890 295 691 537 540 592 637 362 442 557 768 780 441 634 625 254 726 634 48 797 733 905 304 292 437 728 659 439 170 732 143 483 111 778 285 215 637 215 88 383 737 545 113 551 488 416 141 446
454 412 565 281 286 325 659 261 424 173 496 63 248 389 177 494 134 276 296 208 338 337 415 235 0 225 742 635 299 458 655 588 348 187 316 166 462 566 301 736 345 500 458 410 473 177 434 145 187 158 446 258 464 419 492 293 660 511 620 485 664 427 624 659 735 327 206 473 293 75 478 669 335 209 444 202 659 633 321 62 133 494 373 716 334 598 402 556 673 425 446 509 415 285 462 227 536 477 530 489 581 581 416 500 380 671 463 464 571 371 370 412 250 306 534 546 567 252 426 418 131 545 453 280 819 547 693 538 289 458 493 553 540 315 498 276 332 147 555 201 392 482 425 314 534 589 337 329 316 367 221 286 213
478 458 371 149 310 450 624 480 647 391 684 194 260 599 297 277 304 208 470 152 190 262 507 307 225 0 672 426 389 553 441 445 574 365 121 109 584 602 518 653 542 713 584 547 525 91 237 369 283 79 471 368 594 500 380 485 435 716 576 680 451 603 398 458 510 486 207 251 515 252 278 584 376 105 516 423 616 413 309 170 303 710 174 502 309 372 565 532 635 488 665 486 638 510 242 342 357 509 501 485 400 390 227 284 520 635 364 594 356 249 369 416 476 140 308 529 522 458 600 593 94 434 650 350 596 444 639 573 498 244 579 356 365 460 591 424 186 203 539 423 324 694 388 336 403 430 298 419 419 591 426 238 354
1145 396 914 818 463 561 128 818 954 880 788 679 493 836 908 582 663 481 1035 818 485 419 479 948 742 672 0 537 1025 483 574 292 954 928 758 762 554 1268 829 43 758 917 564 587 383 749 822 836 574 653 1137 552 577 459 1029 722 701 879 134 815 898 714 730 501 741 637 865 745 957 815 510 92 1035 584 1167 895 108 617 978 695 663 936 545 925 408 731 660 209 113 423 924 1158 945 874 599 571 937 1175 225 1156 413 450 501 570 593 118 1022 578 829 423 380 348 884 535 697 226 179 756 704 706 694 248 808 995 904 234 65 1239 996 779 461 480 950 1057 478 1019 488 836 221 889 994 896 1060 999 1036 338 405 1057 524 918 741 910 607
843 615 440 505 528 714 578 858 1028 808 989 584 504 950 722 154 660 418 897 557 318 395 708 721 635 426 537 0 800 745 38 252 973 791 420 532 807 962 890 498 878 1062 812 798 663 513 406 779 590 478 838 645 826 691 627 821 166 1049 530 997 382 900 206 48 206 781 617 301 928 676 157 452 768 429 909 838 556 83 684 573 659 1067 262 399 466 217 848 543 579 659 1031 810 1018 899 192 636 483 877 520 827 132 98 223 144 782 582 636 827 338 326 512 536 877 333 215 554 499 817 894 890 513 330 974 759 367 349 549 935 921 345 752 96 497 884 769 848 323 627 561 837 648 1041 722 725 611 203 445 828 668 975 787 612 668
175 712 543 301 582 612 952 443 542 269 714 355 540 574 121 646 422 545 171 243 570 608 709 81 299 389 1025 800 0 749 808 830 437 163 384 280 743 270 479 1015 566 661 737 686 772 297 452 299 486 377 168 553 740 714 360 531 763 693 910 691 673 667 710 837 830 594 184 542 349 224 662 946 79 448 145 291 950 768 153 333 422 644 562 722 622 682 660 850 965 723 590 263 536 427 608 523 491 189 822 228 789 777 615 656 656 964 324 740 601 621 665 709 374 524 630 841 856 475 670 661 335 807 658 43 859 813 981 244 275 506 786 740 487 113 789 102 565 192 851 299 246 651 221 105 414 819 621 31 610 495 454 203 503
912 130 916 685 249 138 357 390 489 516 304 419 296 366 630 679 327 374 686 637 468 363 46 692 458 553 483 745 749 0 781 542 516 603 674 579 72 1020 386 504 295 435 82 108 102 578 786 473 283 484 904 201 95 56 919 277 859 395 354 331 970 232 854 739 928 186 656 767 547 528 616 463 793 451 891 516 375 793 775 450 327 456 560 1015 288 838 181 284 373 86 451 966 482 444 667 232 909 934 282 947 625 651 558 674 123 368 896 96 877 431 234 210 472 492 778 265 331 329 222 225 504 454 326 736 1065 440 417 993 610 778 37 650 918 732 40 699 466 601 267 508 836 416 878 772 951 578 308 777 143 465 329 729 246
843 651 422 509 560 747 617 883 1054 827 1021 606 534 979 734 165 686 447 911 566 346 428 744 730 655 441 574 38 808 781 0 290 997 806 425 545 842 960 916 534 908 1091 847 832 700 526 399 800 619 497 838 676 861 727 618 851 133 1079 569 1029 355 932 180 75 168 813 625 293 948 693 183 489 772 453 912 858 594 56 686 593 686 1096 283 368 500 194 880 581 617 695 1058 805 1044 924 201 667 468 876 559 824 171 136 250 157 815 621 629 861 318 358 547 572 900 357 203 593 537 844 926 922 530 369 1005 766 330 388 587 934 939 337 788 130 482 894 806 860 351 640 600 857 645 1070 720 729 598 242 479 835 701 1000 814 616 697
920 414 628 576 377 548 326 751 913 753 820 526 376 815 726 293 560 314 881 597 260 260 513 748 588 445 292 252 830 542 290 0 882 771 504 550 610 1045 775 257 737 918 618 616 448 534 547 715 472 456 914 498 632 493 764 686 411 894 279 836 606 733 438 224 458 624 652 461 857 650 225 203 821 387 961 777 303 328 752 528 559 929 285 633 305 438 677 300 327 457 902 915 903 801 314 500 655 953 283 921 122 159 233 280 607 330 762 633 539 216 327 334 793 306 406 315 253 698 725 723 498 89 818 794 619 106 298 1016 873 499 540 187 669 887 558 849 265 639 320 774 748 896 819 781 764 48 289 861 501 866 673 679 537
606 560 893 604 512 398 842 136 105 198 329 390 505 181 376 839 322 574 283 523 661 621 497 439 348 574 954 973 437 516 997 882 0 287 656 501 470 670 129 962 226 233 460 413 591 516 769 206 409 504 600 403 455 514 768 239 1008 274 820 295 1003 323 972 993 1084 331 490 819 88 340 816 903 514 544 534 165 852 978 558 407 323 211 713 1056 582 947 350 746 858 543 159 701 100 81 808 390 855 612 729 664 902 908 750 844 392 855 733 455 913 676 585 607 97 640 882 729 777 197 331 324 479 818 268 456 1165 814 893 652 169 800 552 885 856 350 545 339 655 435 736 161 653 227 650 523 819 895 596 448 431 69 214 564 352
339 582 624 342 468 464 841 279 388 105 551 251 434 411 93 642 283 462 110 263 515 524 565 152 187 365 928 791 163 603 806 771 287 0 410 264 589 428 316 923 403 502 583 531 638 282 510 137 362 321 331 415 585 573 482 369 788 531 804 527 743 504 743 821 861 438 216 578 201 120 640 856 233 385 293 130 843 776 271 242 283 486 534 796 520 715 500 738 856 587 433 423 382 266 606 387 580 352 713 390 753 749 582 649 502 854 447 585 659 554 552 593 213 477 656 727 752 312 508 499 281 732 495 172 918 734 878 404 148 551 640 717 580 132 641 96 509 175 736 137 366 490 365 237 534 768 524 184 469 338 293 282 361
427 576 254 84 430 570 724 577 739 462 797 301 380 703 326 266 416 321 504 149 275 367 628 308 316 121 758 420 384 674 425 504 656 410 0 155 705 550 617 735 652 815 705 667 644 140 120 450 403 195 421 488 715 621 272 596 382 823 674 790 348 718 333 460 452 603 206 167 588 317 299 667 347 224 488 496 713 383 264 271 415 810 218 400 423 305 682 637 734 608 762 411 730 600 229 462 236 460 606 420 432 412 271 278 640 735 263 715 256 338 484 530 560 226 248 636 621 563 716 709 194 512 760 341 511 525 732 521 556 144 700 373 244 478 712 446 273 235 646 498 244 797 316 304 289 479 410 411 540 682 531 191 472
382 503 399 116 357 459 703 426 585 308 660 168 307 555 190 380 282 283 366 60 291 344 533 198 166 109 762 532 280 579 545 550 501 264 155 0 598 506 466 747 510 666 595 552 570 18 269 295 295 111 375 380 604 531 341 456 524 677 657 649 502 586 481 565 598 478 103 320 433 163 386 678 274 178 411 341 697 512 218 135 282 660 283 554 376 453 556 606 715 527 611 406 576 446 343 351 369 412 576 398 510 499 336 388 523 715 317 604 411 346 429 477 405 244 392 600 603 418 585 577 76 533 618 243 665 541 724 477 405 299 610 464 374 352 619 316 286 95 610 343 258 649 311 236 378 538 369 311 437 528 387 156 351
910 196 953 709 295 139 427 353 433 496 233 432 337 309 627 732 328 420 664 654 519 418 98 692 462 584 554 807 743 72 842 610 470 589 705 598 0 1013 343 576 244 368 11 59 174 599 821 455 304 511 903 218 23 117 940 239 915 326 425 262 1014 167 906 803 985 153 666 810 510 527 673 536 792 486 882 491 446 851 783 464 328 391 610 1061 343 889 122 356 442 153 390 972 426 403 718 247 942 930 354 950 689 714 613 728 87 438 915 23 920 487 295 277 438 538 827 337 403 295 157 161 526 523 260 734 1118 510 488 988 579 817 94 711 950 715 81 684 517 609 339 483 850 350 887 775 974 645 364 769 165 414 302 743 249
124 977 597 470 842 882 1205 703 774 530 973 617 797 827 390 812 692 788 387 451 792 850 979 332 566 602 1268 962 270 1020 960 1045 670 428 550 506 1013 0 736 1253 829 903 1007 957 1040 519 563 565 752 615 131 822 1011 984 370 798 883 940 1161 946 729 932 824 1005 937 864 403 669 584 492 849 1184 235 684 137 547 1201 911 293 592 692 881 761 770 875 797 928 1106 1218 991 829 168 771 678 776 792 539 93 1076 138 982 962 815 825 927 1217 345 1010 687 850 922 968 626 743 762 1098 1106 740 935 926 575 1036 914 285 919 1045 1230 29 501 625 1056 923 529 321 1059 341 788 438 1108 555 314 895 240 269 414 1025 871 244 880 735 722 366 774
654 434 866 579 400 270 715 40 139 210 237 324 401 96 389 766 229 477 354 502 572 518 367 458 301 518 829 890 479 386 916 775 129 316 617 466 343 736 0 839 103 200 333 285 462 478 735 190 305 442 647 284 329 384 772 110 942 218 695 211 964 207 912 904 1018 201 482 770 173 321 733 782 548 467 599 188 726 904 573 349 230 193 636 1016 471 888 225 621 731 414 146 738 129 63 738 275 834 666 605 707 807 817 666 768 263 727 740 329 871 578 466 485 110 559 823 604 654 77 214 205 426 706 179 487 1114 701 768 714 251 758 423 798 838 416 416 394 567 422 610 181 662 184 674 547 819 792 486 498 305 90 103 562 238
1129 409 882 798 463 574 157 826 966 879 809 673 489 850 899 550 664 469 1031 802 464 406 497 936 736 653 43 498 1015 504 534 257 962 923 735 747 576 1253 839 0 772 935 586 606 403 734 794 836 573 640 1122 559 600 476 1004 734 662 899 150 835 863 733 693 461 701 651 851 714 961 808 479 69 1021 570 1155 896 134 579 962 687 664 953 519 888 403 695 678 223 145 439 939 1138 957 881 568 575 907 1160 235 1138 376 413 473 537 609 150 998 600 796 404 381 354 889 515 663 242 185 765 723 725 681 223 827 983 864 210 95 1224 997 750 485 444 921 1051 502 1012 468 824 238 890 973 914 1041 984 1009 301 398 1046 534 929 748 892 612
741 362 905 626 361 198 639 127 196 298 152 350 375 79 466 767 238 460 453 553 561 490 283 535 345 542 758 878 566 295 908 737 226 403 652 510 244 829 103 772 0 183 234 189 380 519 772 268 288 463 734 239 228 302 834 58 948 174 624 139 994 105 924 887 1023 121 544 793 276 384 725 719 630 474 692 282 652 901 645 380 239 192 635 1045 432 902 124 550 654 336 168 820 188 167 742 242 879 755 537 790 783 798 658 767 172 651 804 228 899 556 415 425 211 558 836 531 587 95 110 102 457 661 108 569 1131 653 694 806 353 787 329 783 885 512 321 488 557 483 537 274 729 162 748 624 878 760 450 587 241 170 124 625 210
834 528 1065 779 544 372 792 241 132 400 146 518 559 114 583 948 413 644 515 702 744 674 438 651 500 713 917 1062 661 435 1091 918 233 502 815 666 368 903 200 935 183 0 357 329 533 677 935 387 471 635 828 422 346 458 971 240 1128 54 784 110 1162 202 1102 1071 1204 294 682 965 319 521 908 887 735 652 766 372 809 1084 768 545 414 28 817 1214 614 1079 256 711 808 496 73 925 134 236 922 426 1035 842 703 890 967 982 841 949 325 803 937 346 1068 740 593 598 289 739 1013 692 753 254 212 210 623 840 108 675 1307 830 851 884 401 955 463 967 1039 581 449 567 740 622 696 365 859 21 866 738 1019 942 633 676 417 167 287 761 394
905 204 953 707 298 136 438 344 422 488 223 429 339 298 621 736 324 423 656 651 523 422 105 687 458 584 564 812 737 82 847 618 460 583 705 595 11 1007 333 586 234 357 0 51 184 597 821 448 303 510 897 217 14 124 937 229 919 315 436 251 1016 156 909 809 989 145 662 812 501 522 677 545 787 487 875 483 456 856 779 462 324 379 613 1063 348 892 111 366 453 161 379 967 415 394 722 245 941 925 364 945 696 720 616 732 80 449 912 14 921 492 301 284 429 540 830 347 412 286 146 150 524 531 249 729 1121 518 499 982 571 818 105 717 950 707 92 677 520 605 349 475 847 339 883 771 973 652 369 763 165 403 294 740 246
855 206 918 665 274 96 462 294 382 437 207 385 311 258 571 714 277 398 605 607 500 404 109 637 410 547 587 798 686 108 832 616 413 531 667 552 59 957 285 606 189 329 51 0 203 555 785 396 264 471 847 179 54 130 894 179 897 293 455 229 985 127 885 798 969 94 616 780 451 473 658 560 738 453 824 432 479 837 732 417 277 349 587 1033 331 866 73 383 478 168 343 919 374 345 697 205 903 874 376 896 686 708 595 711 30 474 868 54 890 474 291 283 379 513 803 364 426 235 117 119 482 531 221 679 1097 519 521 931 520 785 140 702 911 656 132 625 496 558 367 424 801 309 836 722 930 647 352 712 134 359 243 694 201
926 67 875 667 215 194 260 460 577 562 405 424 266 455 650 612 354 327 731 630 410 301 97 708 473 525 383 663 772 102 700 448 591 638 644 570 174 1040 462 403 380 533 184 203 0 565 749 517 287 466 918 222 198 78 902 352 788 495 252 431 916 330 788 653 854 262 657 717 611 548 545 361 807 419 917 568 275 717 778 452 354 552 502 959 229 775 276 182 275 51 543 970 568 515 605 251 873 950 180 956 539 567 492 606 210 271 882 198 825 363 168 130 536 441 717 162 228 396 320 322 493 359 424 754 997 343 318 1012 666 733 92 571 884 770 110 734 409 608 165 561 828 513 878 781 929 487 247 802 171 546 389 725 277
395 498 388 110 351 460 693 438 598 324 667 173 301 566 208 361 288 272 384 69 276 332 532 216 177 91 749 513 297 578 526 534 516 282 140 18 599 519 478 734 519 677 597 555 565 0 257 310 295 102 388 381 605 529 341 464 506 687 646 658 488 592 463 546 580 482 118 303 449 179 368 664 288 166 427 357 686 493 229 140 287 671 265 541 367 436 560 596 705 523 623 415 589 459 325 352 360 426 566 409 492 481 318 370 526 704 318 606 397 331 422 469 420 228 375 591 592 428 591 583 73 518 626 260 649 526 713 490 422 284 608 446 366 370 617 335 271 114 601 359 263 660 319 250 375 521 360 328 437 542 396 164 354
450 683 133 167 539 688 804 695 854 572 918 422 490 822 419 268 536 422 593 248 357 459 741 387 434 237 822 406 452 786 399 547 769 510 120 269 821 563 735 794 772 935 821 785 749 257 0 564 521 315 446 605 832 733 223 716 321 943 752 911 234 839 264 452 382 723 294 106 696 428 324 730 398 335 530 606 790 348 309 392 536 929 278 287 523 236 802 723 812 717 880 405 846 716 237 580 124 483 693 426 454 426 321 281 758 813 230 832 150 418 585 630 674 314 198 725 702 683 836 829 315 573 880 409 410 589 804 538 657 62 811 386 135 557 823 530 356 337 735 609 250 916 323 356 216 514 508 474 656 798 651 249 592
473 467 690 401 373 335 738 150 291 45 418 196 350 286 200 639 172 400 213 321 475 456 438 269 145 369 836 779 299 473 800 715 206 137 450 295 455 565 190 836 268 387 448 396 517 310 564 0 262 303 466 297 449 448 583 232 804 409 706 398 797 368 767 801 879 302 295 612 148 137 622 771 362 350 430 62 743 778 383 206 173 375 517 850 435 741 362 637 754 466 324 552 283 154 607 272 655 488 613 522 719 721 558 644 367 751 550 449 707 501 455 490 110 448 677 623 657 176 371 362 275 663 365 301 959 662 781 541 161 594 511 694 657 260 511 229 469 236 632 59 472 372 484 358 631 721 443 321 346 235 156 374 241
638 225 654 404 110 167 480 279 444 306 413 138 96 359 364 479 91 173 464 354 273 213 238 420 187 283 574 590 486 283 619 472 409 362 403 295 304 752 305 573 288 471 303 264 287 295 521 262 0 208 631 85 312 238 637 231 662 461 445 415 726 328 641 601 736 207 374 522 391 262 436 509 520 194 631 322 483 613 494 168 90 476 348 775 175 620 284 377 495 239 441 686 435 328 456 59 639 663 353 670 502 513 370 479 236 493 613 312 631 273 193 231 323 270 555 365 395 229 323 317 222 410 389 467 851 407 520 725 423 523 315 496 647 494 323 457 268 321 374 317 552 450 596 495 670 487 187 516 141 394 202 446 79
492 398 448 202 250 375 592 404 573 330 605 117 200 521 270 336 225 173 431 170 196 234 438 297 158 79 653 478 377 484 497 456 504 321 195 111 511 615 442 640 463 635 510 471 466 102 315 303 208 0 485 293 520 434 437 406 504 637 546 600 530 524 471 504 580 408 212 330 451 201 322 570 381 70 515 360 587 474 329 97 224 633 216 581 265 446 487 495 604 425 588 517 563 436 304 266 432 522 465 509 432 428 262 341 444 604 416 520 435 243 319 367 406 156 381 489 492 380 521 514 42 429 571 344 672 436 614 586 443 324 513 398 439 431 523 393 191 185 499 359 365 615 421 346 466 449 258 409 347 517 348 266 276
7 855 498 340 716 768 1076 611 705 437 883 494 670 742 276 686 577 658 322 320 661 719 862 211 446 471 1137 838 168 904 838 914 600 331 421 375 903 131 647 1122 734 828 897 847 918 388 446 466 631 485 0 704 902 865 277 697 767 860 1031 859 631 834 709 880 826 757 272 549 512 376 720 1053 111 553 104 459 1072 790 162 467 577 809 631 676 746 682 825 977 1089 870 756 109 700 595 650 673 440 39 948 67 853 834 685 699 817 1088 246 902 579 719 795 842 542 611 642 970 977 642 837 828 446 905 826 168 822 914 1100 102 434 507 939 795 432 255 944 261 657 312 980 467 196 817 128 139 328 894 742 152 762 660 620 235 658
712 170 738 490 122 82 446 267 418 342 344 217 142 316 432 546 132 230 509 438 334 252 158 493 258 368 552 645 553 201 676 498 403 415 488 380 218 822 284 559 239 422 217 179 222 381 605 297 85 293 704 0 226 161 722 188 730 404 419 352 807 257 713 651 803 136 454 602 405 330 496 500 593 274 697 351 454 675 574 249 132 432 416 855 192 693 208 346 462 171 404 765 409 322 526 30 725 735 327 746 545 561 431 544 153 459 698 227 711 320 182 204 331 340 629 331 374 208 251 246 307 424 329 538 924 417 493 795 451 606 235 549 733 547 241 512 330 400 339 344 635 401 677 571 756 520 210 582 58 375 189 529 56
909 218 964 716 310 145 451 341 414 489 210 437 351 290 625 749 330 436 657 659 536 436 119 691 464 594 577 826 740 95 861 632 455 585 715 604 23 1011 329 600 228 346 14 54 198 605 832 449 312 520 902 226 0 139 945 228 932 304 449 239 1027 146 922 823 1003 147 669 823 498 527 691 559 792 498 878 483 469 869 785 469 330 369 625 1075 361 905 104 380 466 176 370 973 407 390 735 254 951 928 378 950 710 734 630 746 84 461 920 0 933 505 315 298 427 553 842 360 426 285 136 141 533 545 238 733 1134 532 512 985 569 830 117 731 960 709 103 678 533 611 362 475 854 328 890 776 981 667 382 766 176 397 294 747 253
873 79 862 635 194 117 336 382 499 493 337 375 242 378 593 623 292 318 662 590 412 307 21 654 419 500 459 691 714 56 727 493 514 573 621 531 117 984 384 476 302 458 124 130 78 529 733 448 238 434 865 161 139 0 870 274 804 423 325 360 914 257 798 686 873 184 612 712 535 491 561 429 754 397 858 496 351 738 732 406 292 477 504 959 232 782 202 252 352 38 466 924 490 437 611 192 855 896 245 907 572 597 503 618 134 348 848 139 821 375 179 159 460 436 722 234 295 319 248 248 455 406 350 699 1009 393 394 957 593 723 79 596 865 704 90 670 410 559 238 489 789 438 834 731 900 528 252 743 104 468 314 684 212
278 835 227 234 686 801 997 732 867 574 987 509 636 867 392 491 620 588 529 286 548 638 873 331 492 380 1029 627 360 919 618 764 768 482 272 341 940 370 772 1004 834 971 937 894 902 341 223 583 637 437 277 722 945 870 0 785 524 991 947 972 359 919 464 674 572 816 290 326 684 451 544 937 283 485 378 605 986 564 213 476 620 958 484 401 689 438 893 908 1007 862 906 202 860 736 459 693 169 307 878 234 676 649 532 504 864 1007 36 945 321 611 749 796 686 499 414 907 894 739 919 911 415 781 939 326 549 795 1005 348 622 282 949 608 159 473 959 460 545 351 917 611 116 956 152 256 54 733 678 368 779 814 710 210 692
705 326 849 572 309 161 606 114 233 268 203 294 320 129 425 709 181 404 431 502 504 436 257 494 293 485 722 821 531 277 851 686 239 369 596 456 239 798 110 734 58 240 229 179 352 464 716 232 231 406 697 188 228 274 785 0 890 232 587 194 937 137 866 831 965 92 495 736 271 338 668 678 591 415 662 258 618 844 600 324 181 246 577 988 380 844 131 513 622 305 216 779 224 166 684 187 825 721 498 752 729 743 601 710 155 618 755 227 842 501 367 382 199 500 778 496 548 58 139 130 401 612 164 530 1073 605 660 774 341 730 314 727 830 487 309 459 500 434 502 249 681 219 704 582 828 707 398 554 199 195 77 576 154
772 732 310 462 622 806 734 906 1076 826 1073 621 588 1014 707 183 716 500 885 531 397 496 819 690 660 435 701 166 763 859 133 411 1008 788 382 524 915 883 942 662 948 1128 919 897 788 506 321 804 662 504 767 730 932 804 524 890 0 1123 684 1077 225 986 60 209 75 865 588 221 950 684 243 614 716 476 851 858 712 83 627 601 715 1130 313 234 572 86 938 688 736 775 1088 720 1067 941 205 715 362 804 663 744 289 252 302 186 877 739 541 932 206 428 625 658 910 391 133 697 648 875 981 976 529 482 1051 720 211 501 709 858 929 261 871 229 375 860 888 828 401 614 705 858 571 1108 643 673 496 363 551 787 763 1021 844 562 741
867 496 1075 792 525 346 753 258 180 427 96 522 545 123 608 941 412 631 552 716 733 657 402 676 511 716 879 1049 693 395 1079 894 274 531 823 677 326 940 218 899 174 54 315 293 495 687 943 409 461 637 860 404 304 423 991 232 1123 0 748 64 1167 165 1099 1056 1198 271 700 967 357 539 897 853 764 648 803 401 771 1075 792 551 413 82 809 1218 594 1077 222 676 769 461 119 954 179 265 917 412 1047 876 669 921 950 966 831 941 292 764 958 303 1072 724 567 569 318 732 1011 657 719 259 175 175 629 814 75 704 1306 804 813 920 440 960 421 953 1051 618 407 602 729 640 660 394 881 48 892 765 1037 921 613 709 393 206 291 780 382
1039 262 857 725 336 426 51 684 819 751 658 559 371 701 791 539 533 373 909 715 399 314 346 835 620 576 134 530 910 354 569 279 820 804 674 657 425 1161 695 150 624 784 436 455 252 646 752 706 445 546 1031 419 449 325 947 587 684 748 0 684 861 582 703 504 736 503 759 688 824 695 465 116 925 480 1054 765 40 603 876 577 533 802 474 894 288 699 527 74 59 289 790 1060 810 739 548 438 873 1068 93 1055 398 434 438 528 459 60 936 449 782 336 252 216 750 447 655 92 54 622 573 574 585 202 676 883 894 183 74 1132 866 717 335 455 885 935 352 897 401 724 87 758 900 764 963 892 960 327 289 942 389 783 607 810 474
866 434 1044 765 471 288 689 248 215 422 37 489 494 119 598 894 375 581 561 693 684 604 339 667 485 680 815 997 691 331 1029 836 295 527 790 649 262 946 211 835 139 110 251 229 431 658 911 398 415 600 859 352 239 360 972 194 1077 64 684 0 1131 103 1056 1003 1152 216 682 929 370 521 848 790 759 606 809 400 706 1026 780 519 376 136 763 1182 538 1034 160 612 704 398 157 949 212 267 872 363 1019 878 606 918 895 913 782 894 231 700 941 239 1036 672 509 508 320 686 969 593 656 233 112 113 596 754 33 698 1265 744 749 925 453 925 356 902 1024 625 342 605 680 620 596 392 865 95 882 756 1017 864 558 709 335 226 263 762 336
634 853 133 402 720 888 912 925 1087 807 1135 644 676 1049 652 321 755 595 823 483 505 614 925 614 664 451 898 382 673 970 355 606 1003 743 348 502 1014 729 964 863 994 1162 1016 985 916 488 234 797 726 530 631 807 1027 914 359 937 225 1167 861 1131 0 1052 175 429 241 933 527 204 931 662 396 808 609 532 728 841 893 299 522 617 755 1158 413 52 687 168 1011 850 917 892 1110 561 1078 948 316 785 191 664 822 593 488 451 430 332 960 919 386 1028 95 556 748 788 908 477 206 856 817 908 1049 1042 538 661 1101 631 191 680 897 708 891 206 989 418 200 782 1004 757 507 572 865 843 441 1143 503 571 317 561 669 691 851 1030 876 473 802
841 331 972 702 373 187 589 232 270 401 88 419 399 147 562 803 304 487 558 634 591 505 236 632 427 603 714 900 667 232 932 733 323 504 718 586 167 932 207 733 105 202 156 127 330 592 839 368 328 524 834 257 146 257 919 137 986 165 582 103 1052 0 968 904 1060 121 631 849 380 475 753 687 728 522 796 386 606 932 738 451 304 223 673 1102 438 948 56 510 605 295 224 916 264 270 782 272 951 856 503 889 795 814 688 802 127 601 890 146 957 574 406 404 316 596 883 491 553 192 10 10 525 651 94 667 1179 640 649 908 458 847 261 804 958 616 248 591 587 570 494 378 817 183 842 720 961 762 458 689 234 260 215 712 250
714 730 250 411 611 791 754 875 1044 786 1054 588 573 988 659 175 688 486 837 483 386 490 812 639 624 398 730 206 710 854 180 438 972 743 333 481 906 824 912 693 924 1102 909 885 788 463 264 767 641 471 709 713 922 798 464 866 60 1099 703 1056 175 968 0 253 119 847 538 168 911 642 245 641 660 450 794 819 733 124 572 567 688 1102 297 195 566 28 921 700 757 771 1058 661 1035 907 187 696 302 746 674 685 317 280 296 182 863 760 481 922 146 424 622 658 874 372 89 709 663 848 963 957 492 501 1028 667 212 520 734 799 886 205 868 251 315 809 884 779 389 568 717 820 513 1082 584 618 436 391 546 734 750 988 815 508 719
886 608 488 544 531 717 550 873 1043 832 992 606 511 961 755 193 675 428 928 593 332 399 704 757 659 458 501 48 837 739 75 224 993 821 460 565 803 1005 904 461 887 1071 809 798 653 546 452 801 601 504 880 651 823 686 674 831 209 1056 504 1003 429 904 253 0 240 786 653 347 950 704 181 419 807 451 949 862 527 129 724 596 675 1078 287 443 467 265 850 522 550 652 1043 855 1033 917 230 645 531 919 502 871 114 89 243 182 783 554 682 823 386 331 508 528 897 353 262 535 476 830 897 893 540 308 981 796 403 327 518 978 947 391 743 107 545 917 761 881 337 660 541 860 692 1050 766 764 658 177 446 866 670 991 801 652 677
830 800 349 531 694 879 784 982 1152 900 1147 696 661 1090 778 257 791 573 957 602 470 566 888 759 735 510 741 206 830 928 168 458 1084 861 452 598 985 937 1018 701 1023 1204 989 969 854 580 382 879 736 580 826 803 1003 873 572 965 75 1198 736 1152 241 1060 119 240 0 939 658 288 1025 758 311 658 780 551 913 933 762 136 691 677 790 1205 388 234 641 148 1011 745 785 843 1164 772 1143 1017 281 789 405 862 721 799 337 302 373 258 949 789 592 1003 250 497 693 724 986 466 205 756 703 951 1055 1049 604 535 1126 787 162 554 755 913 1003 324 939 286 418 929 956 898 473 687 763 933 629 1183 699 738 540 410 621 854 835 1096 919 628 815
