330
0 142 575 357 113 65 551 479 457 315 223 267 435 417 612 385 662 376 257 336 188 402 387 173 234 148 162 565 171 351 343 379 267 440 437 365 586 241 601 194 319 350 507 192 566 677 506 365 612 701 566 117 352 247 445 336 411 326 544 194 293 505 576 105 537 48 543 336 79 819 38 213 445 707 735 428 460 365 326 138 552 402 563 384 467 683 525 177 478 593 264 501 18 313 416 444 301 364 593 328 448 344 193 611 414 409 158 467 479 447 294 629 453 469 283 165 302 585 562 527 301 577 295 220 384 331 450 372 480 490 345 573 439 107 298 477 611 620 542 409 46 225 426 429 433 260 129 244 533 469 155 391 245 270 427 595 504 306 175 454 502 656 439 640 610 356 502 617 342 374 297 630 401 346 685 283 541 129 211 450 433 461 414 355 292 600 399 332 288 564 293 473 599 599 484 355 463 175 449 67 263 319 764 685 580 515 477 751 452 520 282 613 264 520 325 640 386 511 441 329 270 463 512 137 460 168 168 311 372 419 469 459 529 396 521 105 244 669 544 358 345 168 110 543 713 420 445 137 229 486 378 445 427 319 572 593 562 731 337 454 287 375 699 344 430 730 518 243 188 689 290 588 266 228 199 440 631 265 400 336 651 436 484 539 324 474 473 491 201 238 568 556 693 365 238 499 167 474 292 278 712 468 217 345 189 372 348 516 109 463 519 364 387 235 96 257 306 458 495 417 490 453 389 474 573 217 466 411 603 416
142 0 606 232 130 166 687 617 417 256 315 202 325 290 475 511 656 366 338 303 326 407 473 215 195 237 218 683 70 444 293 419 167 342 311 288 649 286 465 305 424 351 526 261 526 693 377 507 473 711 468 257 382 383 326 437 513 374 645 306 435 365 700 47 511 113 402 194 118 807 104 93 413 676 735 450 585 498 352 12 511 515 608 513 393 817 665 296 337 459 405 544 158 452 435 322 298 248 532 395 437 460 219 573 340 511 180 604 557 484 383 663 505 608 210 248 411 516 430 564 436 478 332 309 526 261 319 482 585 615 377 670 579 250 426 338 575 647 633 290 124 346 468 290 298 360 36 198 560 385 255 501 103 130 305 453 364 166 250 501 494 662 330 502 518 473 388 475 217 515 424 563 531 227 684 404 493 153 335 352 445 473 556 483 409 579 429 306 147 589 386 446 461 521 499 421 558 203 563 164 381 421 733 693 719 398 458 733 478 655 419 634 123 437 395 500 248 531 317 472 295 461 624 108 329 267 287 450 514 418 590 489 388 305 529 47 355 621 496 399 475 185 31 422 670 312 310 104 352 490 343 561 525 235 433 503 462 721 212 402 174 234 656 271 546 721 383 135 300 696 344 446 306 227 74 570 669 156 497 314 620 295 391 406 463 419 555 394 290 351 646 466 692 381 315 590 171 332 406 139 570 601 84 234 110 514 374 656 251 582 511 500 297 363 238 340 236 316 405 523 630 589 529 353 621 207 559 489 468 356
575 606 0 807 487 509 616 601 295 860 378 807 536 605 783 460 174 948 337 898 649 207 921 749 420 713 737 447 546 307 369 195 511 489 609 431 145 334 758 426 833 925 88 384 282 116 652 664 800 147 522 544 926 687 578 854 324 895 336 429 586 856 498 569 231 613 878 708 647 306 586 695 274 292 203 155 461 775 901 616 284 379 61 809 406 664 649 700 746 739 574 84 565 547 991 891 311 836 373 887 212 399 768 284 410 325 432 580 213 127 324 57 139 599 447 414 812 406 705 1096 505 529 869 772 672 868 642 866 342 472 919 319 621 579 753 714 275 46 277 567 539 441 994 805 653 368 631 423 46 446 710 365 656 689 587 877 849 640 744 130 174 129 918 802 510 831 571 857 578 589 457 408 485 813 172 428 316 701 711 492 1008 1036 709 791 786 213 178 323 638 28 333 249 786 445 116 240 288 750 392 641 762 349 328 143 661 592 222 274 127 574 694 52 678 447 881 842 781 83 883 635 312 174 391 688 876 721 459 550 674 993 440 1031 760 908 108 619 404 345 316 216 781 425 593 627 346 903 846 685 724 145 316 404 303 459 769 496 529 231 792 334 771 684 341 424 395 228 703 532 720 148 858 847 310 800 573 496 70 757 916 903 266 711 479 695 705 341 230 497 756 412 218 486 178 941 798 272 736 768 394 699 930 530 674 532 714 676 232 648 567 423 168 526 465 715 564 340 432 744 468 345 645 561 720 598 73 785 277 954 749 367
357 232 807 0 360 395 907 835 566 183 547 164 376 299 382 740 824 325 568 248 512 600 556 317 387 380 334 914 269 676 451 633 300 417 315 411 868 509 386 536 544 334 721 491 665 880 351 705 370 893 517 474 400 561 350 550 745 421 877 537 645 178 930 279 667 313 216 118 294 962 320 144 572 815 906 653 814 663 373 229 651 747 818 668 501 1040 880 457 235 390 616 755 375 670 422 90 497 40 641 463 613 691 301 710 457 743 405 824 784 693 614 864 722 825 364 480 538 613 377 556 658 524 375 430 724 162 298 602 817 844 399 901 792 457 586 263 714 844 863 327 352 575 486 111 270 592 229 384 760 475 403 733 151 117 325 290 182 180 372 715 670 841 112 406 574 609 412 336 266 728 652 660 757 25 855 634 623 283 497 424 420 440 749 639 550 735 637 486 175 786 617 606 363 604 693 646 789 299 795 345 527 653 869 872 936 410 626 884 681 878 600 827 129 521 469 378 76 726 85 674 510 645 856 237 105 411 517 667 711 377 820 483 289 134 717 253 587 740 626 614 632 408 260 415 793 100 99 234 511 676 507 793 756 365 338 564 508 882 20 540 74 181 779 406 777 883 323 275 451 874 409 302 526 268 237 796 874 98 594 274 763 217 464 356 645 550 783 458 416 582 872 531 862 378 418 820 264 209 637 108 422 825 148 312 177 710 583 870 462 813 685 721 397 528 450 570 385 211 482 755 843 810 716 362 832 253 789 556 395 491
113 130 487 360 0 75 585 519 344 374 188 321 337 334 541 398 558 463 208 411 285 299 501 274 121 261 267 560 103 315 230 295 174 335 353 256 520 158 526 186 432 442 412 131 453 582 422 436 545 603 460 183 455 343 354 449 385 433 517 188 353 477 581 85 426 134 511 302 165 714 105 224 333 596 633 334 468 462 427 136 439 392 484 485 355 709 570 288 422 515 324 421 115 359 516 450 194 379 479 440 340 339 289 498 302 383 55 504 427 362 253 543 378 510 175 121 414 472 482 634 334 471 399 333 454 384 372 484 458 498 448 541 489 193 401 412 499 530 503 319 67 233 533 405 359 234 147 131 442 360 269 376 217 250 340 550 474 252 286 375 396 557 460 569 501 464 405 562 262 424 313 517 420 357 583 288 428 219 319 345 531 559 489 457 402 490 309 219 238 473 257 362 531 487 387 291 428 271 440 177 372 295 653 586 620 420 368 644 360 549 374 520 240 410 437 577 366 417 445 399 174 359 499 200 454 282 177 357 445 511 471 563 466 434 421 132 234 555 431 275 447 62 109 452 601 443 431 198 337 384 265 439 396 213 504 484 457 626 341 340 304 322 586 234 423 625 444 159 300 590 399 536 180 315 141 458 548 286 513 416 540 378 377 460 412 360 425 385 314 232 516 447 591 463 350 460 252 425 284 260 656 492 212 253 229 445 255 562 188 461 413 398 281 340 176 210 197 405 387 397 539 487 470 384 496 299 429 525 526 303
65 166 509 395 75 0 524 455 404 374 162 325 413 407 611 345 600 441 193 400 211 340 441 239 191 208 227 519 167 292 297 314 248 410 426 329 522 176 598 141 366 416 442 126 511 612 496 363 614 636 534 108 417 269 428 385 356 389 489 142 282 530 534 119 479 108 566 356 142 758 85 252 390 649 672 363 419 387 391 167 498 352 497 411 425 652 505 221 486 587 252 435 56 292 482 485 242 408 545 388 388 295 259 555 374 353 103 441 417 382 233 564 387 446 249 100 348 540 555 590 272 545 360 276 381 389 443 415 426 448 410 516 421 119 328 479 555 555 483 393 43 180 489 455 430 202 167 203 467 433 211 339 266 296 414 611 528 314 237 388 441 592 486 639 574 394 480 627 334 356 258 583 365 388 622 238 490 194 250 420 498 526 415 383 333 540 334 278 298 499 233 417 600 557 419 290 405 240 400 131 303 263 706 621 557 495 419 691 387 490 299 548 288 482 384 645 414 447 480 325 206 401 462 195 495 224 121 290 371 484 425 523 533 449 457 144 192 616 492 293 373 113 136 527 659 468 476 194 267 423 326 397 370 288 573 557 531 669 375 405 331 385 645 307 382 668 515 231 236 625 353 600 201 293 202 403 565 310 449 400 593 443 451 532 337 426 412 460 258 187 506 520 630 431 297 440 231 487 242 305 722 435 249 327 240 371 284 496 113 417 458 336 356 268 101 194 270 468 460 363 472 425 395 459 507 281 408 467 598 371
551 687 616 907 585 524 0 74 757 828 420 794 890 910 1121 198 788 819 430 821 419 623 611 639 653 567 618 195 687 356 716 526 748 868 926 779 499 517 1103 402 528 784 625 486 823 724 994 245 1126 757 971 433 736 395 917 544 303 686 296 399 268 1053 149 643 769 594 1090 880 615 920 588 764 732 896 817 584 158 374 729 686 816 254 559 404 839 136 59 494 1007 1090 294 543 533 238 797 993 612 911 899 646 683 272 665 849 803 303 569 83 403 549 394 634 500 85 721 474 513 915 1056 829 252 982 694 565 231 852 949 515 274 143 729 330 130 451 421 996 843 653 354 886 563 353 750 978 941 380 680 666 609 865 546 272 790 818 909 1134 1051 837 592 517 701 746 982 1147 992 474 954 1147 841 184 272 942 170 896 789 303 831 641 467 877 820 841 238 411 479 794 557 665 821 631 383 736 1112 947 626 447 328 654 226 568 478 338 939 758 45 973 718 890 583 43 364 668 811 899 634 1160 936 625 990 258 552 663 230 676 1011 546 407 241 246 835 177 800 1050 927 662 656 361 920 832 520 406 574 656 1009 939 962 996 678 463 660 706 215 319 759 1086 974 972 848 887 782 836 907 929 757 228 844 1023 741 512 763 657 1121 524 712 724 138 614 813 576 806 856 963 893 1035 331 801 386 908 565 361 422 945 794 770 596 346 673 1010 319 826 1241 99 768 821 734 248 557 67 445 193 710 187 816 443 457 425 731 990 895 280 92 98 278 948 553 713 339 648 1101 776
479 617 601 835 519 455 74 0 714 754 363 719 833 848 1058 152 768 745 379 746 344 583 542 564 594 492 543 221 621 319 664 489 686 814 865 724 496 464 1042 340 457 710 599 427 787 713 933 174 1063 746 921 361 663 321 858 474 278 613 304 337 193 983 187 573 735 521 1020 811 542 907 517 692 689 871 804 551 143 308 655 615 779 224 547 339 790 211 54 419 941 1029 220 522 461 165 724 920 562 838 859 573 645 227 590 816 751 277 507 20 389 520 347 625 475 10 663 413 441 873 995 761 184 931 620 491 162 777 887 448 267 142 655 342 58 378 350 931 811 641 356 826 494 290 679 908 877 326 608 607 588 814 471 240 720 748 849 1066 982 769 517 491 668 729 908 1085 944 406 898 1081 778 110 212 902 123 823 772 245 791 567 392 822 748 769 176 344 407 765 522 615 754 613 336 696 1049 903 597 409 314 579 209 494 405 293 917 744 101 917 681 871 552 65 291 653 741 851 562 1096 865 600 917 184 501 628 234 602 939 471 341 168 176 761 167 729 986 853 634 585 304 887 793 481 338 513 586 952 910 888 924 604 389 628 658 197 297 701 1022 926 921 831 815 737 763 840 900 702 206 828 960 677 437 749 584 1055 473 637 657 104 607 740 510 731 827 897 841 974 260 757 371 855 491 302 423 896 778 696 521 340 599 943 267 756 1175 72 697 761 661 178 515 49 372 181 678 121 760 369 384 374 674 923 844 256 45 40 213 889 543 638 326 580 1040 727
457 417 295 566 344 404 757 714 0 666 368 613 245 320 488 562 259 783 341 718 605 137 844 613 227 605 609 640 346 400 123 236 270 196 320 156 416 267 462 410 770 768 211 322 110 330 358 704 505 336 236 490 792 659 286 789 462 775 546 414 615 580 683 398 100 475 598 454 503 397 447 487 26 259 340 192 602 772 762 429 95 505 336 800 111 846 768 626 461 443 591 291 456 595 849 641 169 602 149 784 89 487 625 156 120 461 300 694 407 242 367 345 297 708 210 352 752 158 410 973 555 245 738 677 718 666 353 819 518 625 786 546 709 515 723 426 158 316 498 281 411 452 874 540 368 393 451 221 255 151 612 486 427 456 299 588 572 387 630 281 122 283 679 507 241 794 276 564 309 656 512 191 591 579 290 476 86 554 652 197 861 888 757 775 735 168 208 126 391 267 378 46 491 190 187 311 463 607 542 521 706 420 316 314 801 297 73 320 209 713 682 292 445 159 781 547 524 215 633 667 225 125 573 521 617 625 431 596 714 835 589 900 469 687 186 449 424 212 89 237 765 290 419 332 257 667 584 517 669 151 78 549 453 201 475 224 242 315 556 38 550 414 242 160 534 316 410 300 640 315 741 556 250 641 358 619 364 543 854 731 203 431 184 400 710 49 418 202 658 429 464 203 298 795 694 470 581 486 449 464 635 658 460 260 525 715 199 763 506 574 133 604 181 668 496 345 186 463 174 484 750 674 751 304 352 623 455 869 454 79
315 256 860 183 374 374 828 754 666 0 536 53 521 455 565 687 912 143 567 65 410 664 385 191 451 263 211 874 323 666 543 670 399 554 474 523 893 532 568 509 390 151 782 496 774 950 521 601 553 968 668 414 219 447 504 392 726 246 859 509 560 355 879 291 763 267 392 277 235 1061 289 179 665 924 991 705 764 531 193 245 758 715 859 529 624 965 791 340 416 570 535 795 331 595 239 219 555 152 767 292 692 655 166 820 574 724 429 747 791 736 608 917 752 743 456 474 390 745 554 373 595 676 202 289 620 27 464 446 794 792 218 888 703 386 455 440 823 902 857 475 334 537 303 294 436 575 229 453 815 607 285 704 248 230 479 470 361 315 242 750 750 919 178 589 724 461 569 518 403 644 602 793 699 158 940 593 736 192 376 563 238 259 637 501 409 831 682 562 301 844 607 699 546 742 755 661 778 174 760 270 391 634 981 949 850 571 713 985 733 805 485 890 238 657 300 562 259 787 223 576 548 718 824 179 264 288 482 591 605 197 775 300 471 106 786 242 559 861 739 649 497 435 266 582 913 161 273 180 386 746 595 755 742 471 521 712 660 975 173 647 137 346 898 511 741 975 500 367 327 952 241 484 555 120 308 737 922 132 427 91 869 393 604 532 529 662 786 601 280 552 880 676 948 194 268 814 157 392 606 226 601 759 208 441 146 604 628 781 395 771 767 652 521 405 387 568 480 392 620 731 752 736 600 522 870 116 781 381 576 599
223 315 378 547 188 162 420 363 368 536 0 487 470 491 703 223 500 595 40 559 272 257 542 389 233 341 373 373 290 130 301 191 332 450 507 360 366 103 685 48 455 567 328 66 459 490 574 336 710 518 559 166 558 315 497 476 197 523 330 52 247 664 396 268 414 269 697 490 302 657 247 407 346 574 562 253 287 416 535 319 448 204 354 448 430 534 418 322 598 671 224 297 208 228 625 638 204 564 517 511 317 156 411 496 389 195 156 345 256 254 71 427 244 356 301 67 435 524 636 721 189 569 502 395 350 551 532 491 269 316 551 356 348 201 382 583 493 425 321 466 203 84 620 593 525 45 324 246 342 452 336 188 406 439 490 731 660 435 373 249 358 481 644 729 586 459 534 737 426 291 151 559 249 543 517 118 452 352 333 459 644 671 389 426 410 462 220 256 423 374 71 362 695 550 311 140 244 394 252 281 384 106 628 506 460 553 353 600 270 380 329 423 429 491 504 746 555 331 632 299 143 315 310 357 642 346 80 228 346 635 286 659 638 610 352 304 59 565 454 173 416 158 289 589 599 626 620 356 347 328 302 252 209 339 670 568 559 570 528 384 488 503 586 338 236 568 606 330 342 511 486 714 118 450 327 285 424 467 539 558 522 555 478 616 350 405 250 492 381 62 344 535 524 577 423 278 390 606 102 448 829 322 399 402 401 347 186 411 189 275 373 245 396 338 187 38 310 584 482 208 393 326 385 527 362 440 246 575 682 367
267 202 807 164 321 325 794 719 613 53 487 0 475 413 537 646 858 183 517 108 380 610 391 166 398 236 185 831 269 617 490 617 348 506 433 472 841 480 538 462 383 182 728 444 721 896 484 573 527 914 623 372 240 421 460 388 679 257 812 462 526 342 838 237 710 219 380 240 189 1007 239 128 612 872 937 652 722 514 211 191 706 670 806 515 574 930 759 314 387 539 499 742 285 558 272 221 501 142 716 299 639 610 144 767 524 677 376 711 741 683 558 863 700 709 403 424 380 695 520 407 556 631 211 274 592 63 425 441 748 751 238 841 670 346 436 408 770 848 808 430 284 492 328 274 398 527 175 399 761 558 259 659 200 185 436 455 346 271 220 697 696 865 192 563 678 451 526 499 357 610 560 743 659 140 886 549 684 152 352 515 274 298 612 486 395 778 629 508 256 791 558 645 519 694 701 609 730 147 715 229 374 586 928 895 817 529 659 932 679 769 460 836 193 609 305 539 234 733 222 546 494 664 779 130 259 264 436 554 578 237 733 332 443 133 732 189 512 810 687 596 481 382 213 542 861 173 261 130 364 692 542 711 694 419 493 665 615 922 149 595 101 309 847 459 697 922 467 315 304 898 245 465 502 106 255 697 869 89 430 128 817 360 556 498 505 610 736 554 262 506 830 629 894 222 258 765 121 366 560 183 586 721 157 393 93 577 574 749 354 728 713 615 471 382 345 518 428 363 572 685 721 700 576 480 818 93 733 392 545 547
435 325 536 376 337 413 890 833 245 521 470 475 0 83 253 693 494 658 462 583 620 346 798 539 239 560 544 816 267 556 188 427 167 50 77 118 645 375 229 494 746 653 449 405 316 574 117 771 267 577 147 520 697 679 41 760 628 695 738 497 686 345 850 337 336 428 358 257 442 611 407 351 262 457 574 409 750 798 666 337 303 658 571 819 144 1000 887 610 219 212 657 518 444 684 742 433 292 415 271 720 324 621 541 355 125 627 330 815 608 460 504 588 509 825 170 421 731 240 176 876 652 156 652 634 789 511 109 803 696 777 693 747 812 530 733 183 361 560 700 48 393 543 786 319 129 511 360 225 493 107 576 639 275 291 57 343 336 205 575 495 367 525 481 275 202 790 67 320 118 750 620 286 719 394 526 588 270 478 646 53 748 773 825 790 726 397 411 245 219 510 513 291 252 228 423 483 647 527 703 481 696 559 506 555 930 84 318 532 433 850 711 537 282 147 720 308 315 454 424 734 345 362 748 430 398 589 499 683 780 712 745 800 224 508 429 372 529 373 272 418 780 323 346 119 425 473 364 425 664 391 228 706 628 131 233 190 140 540 371 207 386 198 412 136 690 541 166 194 617 555 668 311 373 539 251 754 606 389 821 603 409 195 90 161 750 208 616 82 614 530 680 156 533 689 641 665 492 247 571 295 396 792 322 91 406 781 375 879 526 731 378 712 79 670 513 467 159 225 107 647 859 796 807 63 587 519 643 814 223 169
417 290 605 299 334 407 910 848 320 455 491 413 83 0 211 715 574 596 490 519 605 407 759 497 259 528 504 852 246 591 242 479 162 132 21 175 705 405 193 508 714 594 517 425 398 650 88 770 219 655 218 515 644 664 50 727 665 647 782 511 688 263 882 312 414 401 278 183 409 694 384 296 335 539 654 469 777 782 613 301 384 689 635 800 225 1026 901 585 141 181 659 580 428 692 684 352 336 339 354 676 393 647 495 437 199 663 340 831 658 519 535 659 565 839 194 435 701 322 148 819 664 224 602 599 789 443 40 772 735 806 640 794 821 519 713 108 444 632 748 39 380 557 733 236 48 535 322 247 561 190 546 670 219 227 26 272 254 142 538 552 440 603 401 237 274 764 114 258 74 758 637 367 740 320 606 607 352 438 623 136 688 712 823 770 699 478 467 297 160 580 543 366 204 307 490 526 690 483 735 454 670 588 589 633 948 116 391 615 495 871 699 610 221 229 678 257 235 522 342 733 382 431 785 387 315 558 507 691 779 650 774 744 157 433 500 338 549 455 354 467 761 335 316 133 508 395 282 382 641 461 290 738 667 162 180 265 208 621 297 284 318 118 495 185 721 623 114 176 590 633 623 243 409 487 219 777 676 324 785 541 492 112 172 126 740 287 663 162 580 549 735 233 613 633 602 711 446 167 594 230 344 813 267 89 353 779 426 893 517 762 452 727 140 650 504 495 193 143 190 682 871 813 801 67 651 467 686 771 192 241
612 475 783 382 541 611 1121 1058 488 565 703 537 253 211 0 926 717 708 702 631 800 599 918 660 471 704 671 1062 445 801 441 680 372 295 196 370 897 616 26 719 887 716 698 636 535 808 135 973 23 806 289 718 778 857 215 897 875 792 989 722 894 239 1093 507 568 588 221 304 589 809 577 449 509 653 793 661 989 974 749 483 525 900 821 988 377 1238 1110 770 150 46 864 770 626 901 804 386 542 418 463 829 573 858 652 564 375 873 551 1042 860 713 746 833 762 1049 404 646 877 425 78 939 874 287 746 770 992 545 171 947 943 1017 776 999 1030 718 901 137 573 803 952 239 581 768 866 275 181 747 501 458 742 337 724 881 381 372 216 154 229 309 708 748 610 756 445 27 332 943 212 100 279 966 848 457 952 408 750 818 489 607 809 292 802 823 1025 958 880 621 664 497 328 756 754 534 20 394 672 733 897 643 946 639 852 799 691 784 1159 191 562 733 685 1082 894 779 372 348 833 61 306 703 377 937 591 610 995 554 334 735 717 899 981 760 986 866 94 505 675 521 760 557 491 670 949 546 504 159 605 448 309 549 826 638 480 949 876 370 44 334 278 751 392 449 436 243 595 386 932 753 97 382 771 783 774 117 618 632 413 988 852 451 950 656 616 183 306 91 937 444 867 288 752 760 933 322 755 758 767 917 605 172 806 370 147 1025 425 301 507 982 628 1102 718 973 619 937 331 838 704 706 401 175 318 893 1080 1024 1001 189 837 613 893 924 38 418
385 511 460 740 398 345 198 152 562 687 223 646 693 715 926 0 622 707 232 692 306 431 558 507 457 440 488 188 502 167 518 337 555 670 731 580 372 319 908 211 466 674 451 290 635 574 798 220 933 607 773 274 640 310 721 486 136 594 213 209 169 873 191 465 583 432 909 699 458 766 420 595 538 721 663 399 76 352 626 512 627 82 410 388 641 311 206 382 818 895 177 378 366 120 707 828 414 749 707 565 493 75 533 665 605 135 376 131 254 371 196 489 328 147 525 281 447 721 860 769 97 784 590 462 222 708 755 477 155 105 633 252 161 301 362 804 659 502 248 690 387 166 676 800 748 182 510 469 442 667 424 94 611 641 713 948 871 651 471 344 516 586 824 953 795 435 756 958 648 135 87 750 28 731 628 109 639 495 368 679 729 753 256 380 413 615 370 467 636 469 186 544 919 752 447 258 185 520 96 417 400 142 769 603 240 776 528 725 402 156 296 512 633 702 554 968 759 451 824 202 354 477 153 519 841 428 224 124 229 734 89 724 859 778 485 486 166 735 641 329 372 380 481 812 759 805 822 520 373 477 508 85 159 562 893 777 774 686 719 586 672 720 749 559 81 684 829 550 403 608 561 933 325 580 539 61 475 650 536 683 677 774 695 840 286 606 237 710 456 167 308 747 635 669 494 219 530 823 121 650 1050 99 595 626 574 230 363 201 292 90 527 72 618 355 300 227 533 803 697 118 191 111 276 751 409 576 196 596 906 578
662 656 174 824 558 600 788 768 259 912 500 858 494 574 717 622 0 1018 461 959 771 260 1034 832 460 809 824 622 588 459 374 310 525 444 571 416 315 427 691 549 951 999 175 485 182 106 598 814 737 91 433 659 1013 816 535 971 490 988 511 553 731 837 672 629 160 692 852 713 723 158 663 735 252 122 81 247 630 914 985 668 193 544 235 947 350 839 818 811 714 671 715 245 656 697 1075 901 364 859 261 988 219 555 848 157 377 490 505 747 384 255 461 181 293 765 462 518 931 299 641 1190 654 437 957 875 824 914 604 991 514 644 1006 492 783 691 883 677 148 149 451 535 620 575 1088 799 622 503 687 458 179 389 811 528 681 712 551 835 828 646 837 278 162 53 937 732 405 959 509 804 568 745 606 284 649 836 32 574 228 777 829 442 1089 1117 862 926 908 97 279 350 649 156 472 217 724 336 188 378 459 829 562 730 881 497 153 70 833 528 200 103 231 745 828 126 700 369 983 779 783 173 892 782 393 199 565 753 876 823 579 699 825 1068 610 1121 715 941 148 681 539 197 227 327 916 496 652 558 182 925 843 750 844 176 319 573 471 459 713 395 442 69 813 291 803 673 180 418 563 68 652 553 829 68 952 800 403 872 606 663 206 794 1035 969 115 686 416 636 846 286 402 433 858 547 391 397 38 1022 897 445 809 741 541 720 864 699 710 520 766 826 320 816 679 594 145 684 439 837 673 465 440 718 401 512 811 727 869 548 245 855 448 1064 681 337
376 366 948 325 463 441 819 745 783 143 595 183 658 596 708 707 1018 0 632 77 404 762 285 207 559 267 224 895 436 719 659 753 524 688 616 649 962 614 711 559 320 35 875 568 892 1045 664 578 696 1067 806 447 103 424 643 315 770 150 898 558 557 492 892 389 876 335 526 420 301 1171 362 308 779 1042 1095 797 781 479 95 353 877 749 938 468 752 955 774 327 560 714 537 877 389 599 98 347 655 291 894 200 798 689 183 939 701 768 518 741 851 821 666 1003 829 735 575 541 327 874 698 230 610 814 126 253 594 163 606 366 833 808 108 931 689 413 410 584 941 992 906 613 409 576 170 435 579 628 332 563 904 738 282 742 382 368 619 607 498 454 236 829 856 1020 295 732 861 392 709 657 540 637 628 922 713 300 1044 627 858 247 352 697 94 116 603 444 355 944 771 670 439 935 663 811 689 875 850 731 826 201 790 314 347 681 1099 1049 833 712 822 1098 823 803 457 983 376 790 212 702 402 880 352 560 637 820 854 264 396 279 528 595 579 54 797 159 614 220 884 337 604 985 861 732 443 526 366 724 1035 282 410 268 356 847 708 783 789 595 664 848 798 1084 316 768 280 489 1021 634 771 1084 644 491 308 1053 166 624 638 148 429 748 1006 271 331 55 986 536 738 676 496 784 843 736 254 597 938 811 1052 67 223 864 211 535 646 366 738 764 338 574 260 578 717 763 424 796 873 659 651 376 420 631 601 535 754 771 734 735 563 663 949 163 831 270 719 721
257 338 337 568 208 193 430 379 341 567 40 517 462 490 702 232 461 632 0 593 313 223 583 426 231 380 411 363 305 108 286 151 335 438 505 348 329 87 682 89 496 604 288 77 427 449 570 367 710 477 542 207 597 354 492 516 180 562 309 92 279 676 392 292 380 302 709 504 336 618 278 431 318 538 522 214 288 453 574 343 417 198 314 486 411 538 433 362 604 668 258 256 243 255 663 659 183 587 489 551 284 159 448 463 373 178 167 359 223 213 46 387 204 372 297 93 475 498 633 761 214 552 540 436 380 581 531 531 253 315 590 332 369 242 421 586 460 384 295 463 233 116 659 608 527 52 350 243 301 435 376 180 424 457 486 738 672 446 412 208 322 441 668 728 565 499 525 741 429 315 171 532 260 566 477 136 423 387 374 447 682 709 419 465 450 426 182 236 435 333 53 331 695 527 272 101 220 430 245 317 425 97 591 466 472 545 320 561 231 388 367 383 447 472 544 747 571 291 653 331 122 279 298 388 661 386 121 256 377 672 284 699 641 638 313 331 84 532 425 134 454 167 314 581 564 650 637 387 387 291 279 247 188 333 671 547 543 531 550 360 512 511 552 327 230 529 605 336 382 470 525 719 94 485 342 292 384 492 579 593 487 561 463 613 387 380 219 477 421 90 312 517 485 615 463 252 424 614 111 467 832 331 421 401 429 378 151 427 229 271 337 264 386 379 227 4 303 592 465 195 411 340 418 522 322 474 221 616 679 347
336 303 898 248 411 400 821 746 718 65 559 108 583 519 631 692 959 77 593 0 401 707 335 184 498 254 205 880 372 687 595 705 455 615 539 579 922 566 634 528 352 88 823 525 827 992 587 586 619 1012 731 423 160 430 568 351 743 194 874 527 553 417 882 331 813 291 453 342 257 1110 316 236 715 977 1037 745 768 502 138 291 812 727 893 496 682 957 779 326 482 636 531 830 351 592 173 276 598 215 824 244 739 667 158 873 631 740 466 740 816 773 630 954 785 736 509 501 355 803 620 308 597 739 155 263 604 86 529 405 809 796 161 905 692 392 428 506 876 941 876 538 363 550 240 358 501 595 271 501 854 666 274 718 308 293 543 532 424 379 228 784 797 963 228 655 786 424 633 582 465 636 610 851 702 223 986 605 791 207 357 624 172 194 617 470 378 881 720 609 364 884 629 749 612 802 797 690 797 172 770 282 364 652 1034 994 839 636 761 1036 772 801 466 931 301 717 253 626 324 827 281 564 586 763 834 210 324 274 498 588 588 131 781 235 537 152 829 280 575 917 794 685 467 473 307 647 968 213 335 212 365 790 645 764 760 527 586 773 723 1024 239 701 202 411 953 566 751 1024 566 422 310 997 197 548 590 112 361 738 958 195 379 27 922 459 665 598 509 717 809 662 258 568 904 737 994 132 238 834 169 458 620 289 664 758 265 501 193 587 666 769 402 779 814 651 579 385 396 593 534 458 681 746 740 732 578 586 904 120 801 326 642 654
188 326 649 512 285 211 419 344 605 410 272 380 620 605 800 306 771 404 313 401 0 519 273 219 402 147 199 494 359 361 506 463 453 621 626 540 617 348 789 224 184 370 600 289 708 762 694 194 799 790 745 115 334 58 632 204 394 288 510 220 153 676 488 294 670 213 715 515 221 929 223 377 589 837 835 524 379 177 320 319 696 361 620 200 636 556 380 77 662 781 132 566 177 194 400 591 437 508 751 261 575 304 245 750 585 391 311 339 496 526 326 696 512 334 460 257 163 749 751 470 209 756 284 156 213 434 638 219 446 404 326 547 292 92 118 663 749 696 530 596 226 212 373 600 621 282 304 414 614 644 126 358 425 446 615 773 677 492 173 519 622 753 571 828 786 190 688 800 531 235 236 790 310 496 789 247 692 231 65 631 422 446 237 172 137 726 492 480 473 646 319 612 786 767 583 409 452 236 396 168 112 318 893 779 439 702 609 869 543 400 93 695 442 693 251 826 556 604 589 166 388 580 458 275 617 126 192 190 199 428 396 419 715 512 623 282 248 815 695 444 162 321 295 731 854 552 608 278 75 596 529 387 416 498 759 768 742 841 492 611 437 560 841 518 378 839 706 431 97 783 254 770 372 293 388 343 691 414 266 387 783 621 662 728 137 632 484 671 150 239 575 732 796 363 187 491 258 656 274 452 895 359 390 532 334 198 452 370 100 397 638 254 567 66 110 310 481 641 671 388 341 331 205 662 626 294 460 308 791 579
402 407 207 600 299 340 623 583 137 664 257 610 346 407 599 431 260 762 223 707 519 0 776 572 215 548 564 503 343 266 165 98 303 304 414 233 298 170 575 304 695 742 121 229 205 286 464 590 614 305 371 404 753 567 386 715 325 728 409 308 502 651 545 375 157 433 675 501 465 417 404 493 111 318 334 62 466 673 726 418 196 369 228 704 239 708 637 553 545 557 481 172 396 477 815 684 108 630 276 728 62 356 589 240 224 324 246 563 271 113 240 264 164 578 240 262 676 293 522 929 435 380 697 615 602 669 446 738 380 488 746 411 583 434 634 516 237 243 363 370 360 339 828 598 454 272 435 217 160 275 551 350 450 483 392 679 644 433 577 149 103 257 712 621 379 709 393 664 373 534 389 319 460 607 283 354 208 519 573 309 830 858 642 681 654 207 71 116 431 186 251 113 599 327 93 175 325 570 405 469 627 290 374 287 667 414 98 352 87 579 584 228 471 294 723 654 574 126 676 555 134 61 435 498 669 563 331 478 600 811 453 861 564 705 122 426 306 309 210 102 671 237 399 451 341 697 638 495 589 84 118 412 316 254 579 362 375 329 586 170 567 478 329 222 397 328 512 325 570 290 692 651 147 615 368 485 276 554 780 714 265 509 308 508 607 186 282 325 598 313 336 339 291 763 637 334 552 566 324 492 743 524 471 328 517 601 71 633 423 437 119 478 270 584 416 227 226 542 302 347 621 543 641 410 244 598 318 805 568 183
387 473 921 556 501 441 611 542 844 385 542 391 798 759 918 558 1034 285 583 335 273 776 0 261 621 242 254 735 534 635 730 731 636 813 780 747 890 606 915 495 92 255 868 548 952 1032 842 369 911 1060 940 377 181 250 798 72 663 141 771 491 389 734 718 466 920 376 772 614 357 1192 402 470 831 1090 1101 790 622 238 197 461 938 624 893 213 851 739 557 223 768 912 383 839 388 438 216 605 683 532 980 93 828 571 266 996 797 660 543 546 769 796 600 969 785 534 665 516 112 971 889 218 466 950 183 168 380 412 782 98 709 643 178 809 483 344 197 782 996 968 797 763 433 486 148 665 758 556 438 630 884 850 231 624 543 546 776 846 738 621 223 791 880 1021 562 945 988 137 861 889 689 449 502 1016 554 532 1054 518 928 320 210 823 238 250 374 200 145 980 758 718 602 916 593 858 901 983 848 681 721 277 654 325 163 592 1146 1047 613 870 860 1129 810 607 263 966 548 902 86 927 624 871 608 367 642 838 712 372 648 218 462 434 365 271 643 197 825 487 888 426 522 1056 931 712 204 553 453 892 1099 546 653 376 198 858 765 643 685 697 874 972 934 1104 540 841 488 677 1085 727 637 1103 837 606 205 1051 146 855 631 288 547 580 964 470 46 309 1034 735 860 865 284 861 756 864 187 513 846 934 1062 218 157 759 314 751 547 548 977 583 496 707 412 364 714 547 355 648 896 493 764 211 361 581 689 744 873 655 519 546 333 824 899 305 729 37 920 802
173 215 749 317 274 239 639 564 613 191 389 166 539 497 660 507 832 207 426 184 219 572 261 0 385 72 20 696 280 511 493 553 381 557 518 499 755 415 655 352 229 178 680 365 724 850 580 410 654 874 683 241 180 257 537 238 564 161 693 351 371 493 697 217 700 140 532 357 110 988 168 211 605 869 906 601 583 348 153 202 709 544 736 351 604 775 600 149 511 652 347 674 184 408 243 386 468 304 740 180 615 484 26 770 551 561 326 558 644 621 459 803 625 554 418 337 221 726 628 359 412 693 125 113 429 215 520 288 627 611 174 725 512 208 271 523 771 794 699 502 212 369 260 420 497 420 179 393 706 598 94 536 282 287 515 601 496 359 54 627 671 828 358 687 733 292 601 638 428 454 425 773 517 297 856 422 694 61 186 567 259 287 447 322 232 765 573 492 341 738 456 635 643 734 656 526 619 18 587 108 210 474 926 857 659 609 642 918 626 617 295 786 288 651 181 673 376 685 386 385 442 632 651 110 419 98 320 404 414 246 597 288 567 294 693 171 397 823 697 532 316 336 200 631 870 339 417 115 198 657 535 580 582 447 616 718 677 900 299 605 244 417 856 480 568 899 576 350 138 861 130 605 440 73 289 553 804 222 290 176 813 476 606 604 339 623 636 609 98 389 731 680 864 192 106 656 55 497 440 290 730 573 235 448 153 413 521 590 219 594 688 467 511 216 214 425 444 488 620 565 561 548 411 563 745 75 624 274 660 562
234 195 420 387 121 191 653 594 227 451 233 398 239 259 471 457 460 559 231 498 402 215 621 385 0 380 381 594 129 334 109 248 107 226 274 140 484 147 452 255 553 542 336 167 338 500 341 536 479 517 346 293 564 459 264 570 407 547 529 258 449 461 623 171 317 248 490 297 275 612 220 278 220 485 539 265 518 577 535 207 323 429 431 602 234 767 648 409 376 438 421 368 236 445 622 474 109 416 359 557 241 387 397 384 183 405 94 576 414 305 276 477 338 586 68 182 535 351 403 745 413 357 510 453 553 455 300 604 478 546 558 545 573 309 519 356 385 458 501 233 187 304 646 399 296 276 227 13 373 243 389 411 236 270 256 511 455 232 403 330 298 467 498 497 384 584 305 511 198 511 381 396 483 393 488 350 309 326 440 235 634 662 590 574 523 384 249 110 225 400 284 252 464 366 308 277 437 379 476 296 493 329 542 498 692 323 263 539 293 613 488 443 258 291 555 516 369 341 466 498 131 267 527 295 463 402 260 444 546 610 515 673 410 489 336 222 291 438 312 231 564 85 193 358 485 483 435 292 457 295 150 478 411 107 439 366 344 525 372 220 351 289 470 117 462 525 374 118 421 501 513 490 154 415 152 518 487 339 634 509 428 334 263 383 523 240 417 273 434 292 498 330 496 568 468 462 354 389 335 279 601 555 255 170 306 546 197 640 303 502 315 474 171 459 291 235 82 366 270 424 620 558 576 294 445 397 435 644 449 182
148 237 713 380 261 208 567 492 605 263 341 236 560 528 704 440 809 267 380 254 147 548 242 72 380 0 51 629 293 458 489 517 396 572 549 505 707 383 697 300 186 235 649 329 714 818 614 338 700 843 699 182 216 185 563 200 505 182 631 298 299 552 628 225 685 135 591 404 119 966 160 259 593 855 880 570 516 283 195 227 700 482 694 290 609 703 528 78 558 692 276 635 152 337 283 453 449 370 739 180 596 422 97 759 555 503 307 486 592 585 409 765 584 482 423 298 174 729 665 383 344 709 160 74 357 287 555 244 566 543 209 665 440 147 206 566 759 758 641 527 194 311 281 477 533 368 205 389 672 608 23 475 322 334 543 656 554 397 32 587 650 800 428 731 747 239 625 690 455 382 361 775 448 361 831 361 689 99 117 583 303 330 376 260 176 748 540 480 378 704 405 622 688 741 627 482 562 89 523 84 150 418 912 829 587 635 626 899 593 546 224 753 333 660 176 721 433 653 452 313 415 609 587 151 484 32 267 333 342 299 530 318 613 366 665 190 342 817 692 497 253 317 214 660 862 409 478 155 131 632 526 516 525 455 660 730 694 878 360 601 305 460 847 485 504 877 616 367 71 832 145 657 408 145 310 484 764 282 260 243 799 520 619 641 269 620 583 624 54 333 678 693 839 238 89 600 116 547 381 338 783 503 279 469 206 341 491 518 159 529 667 397 522 148 157 379 447 535 631 505 489 477 340 591 703 147 567 264 701 561
162 218 737 334 267 227 618 543 609 211 373 185 544 504 671 488 824 224 411 205 199 564 254 20 381 51 0 676 281 495 490 541 383 560 526 499 740 404 666 336 215 194 670 353 719 840 588 390 666 863 686 222 189 236 543 226 546 165 674 334 350 509 677 216 694 133 548 369 107 981 162 222 600 863 897 590 563 329 164 206 705 526 722 333 604 754 579 129 524 662 326 662 172 387 254 404 461 323 738 178 608 466 46 765 550 543 318 537 628 609 443 791 612 533 417 324 207 725 637 366 392 696 133 98 408 236 529 275 609 591 183 707 491 189 252 534 766 782 681 508 204 351 265 435 505 404 183 389 695 599 73 518 291 299 521 616 512 368 37 614 663 819 378 698 735 276 606 652 434 433 406 772 496 315 848 403 691 66 166 570 271 299 427 304 216 758 562 487 349 727 440 630 655 734 646 511 602 38 568 95 192 457 921 848 638 615 636 911 615 596 274 775 299 652 177 686 391 674 404 364 432 624 631 118 437 78 304 383 393 261 577 296 579 315 683 173 380 820 694 520 298 328 201 638 866 359 433 123 178 648 531 561 565 447 627 720 680 892 316 602 260 428 852 480 549 891 586 352 118 851 131 619 429 94 293 533 791 238 281 195 807 487 608 613 319 621 620 611 82 372 715 682 856 204 97 639 70 510 422 302 744 553 246 452 166 393 511 569 200 575 680 446 512 197 196 410 443 500 621 547 540 527 390 569 732 95 607 270 671 560
565 683 447 914 560 519 195 221 640 874 373 831 816 852 1062 188 622 895 363 880 494 503 735 696 594 629 676 0 663 260 629 405 699 785 865 698 316 446 1042 378 645 862 474 437 687 547 929 374 1072 580 871 459 828 492 849 664 187 781 111 377 349 1037 51 636 632 613 1070 862 642 742 599 771 614 737 641 452 115 513 814 685 683 168 387 547 737 217 247 570 968 1026 362 385 547 302 893 1004 524 927 771 749 557 223 722 706 711 189 528 207 243 408 318 455 353 226 658 439 626 793 990 950 285 881 779 650 368 893 893 647 122 92 820 138 272 489 538 950 699 479 171 822 562 340 860 966 890 327 686 605 449 769 613 184 778 810 846 1102 1033 808 659 371 562 575 1004 1087 882 605 874 1105 792 288 271 813 184 908 619 282 704 681 554 792 916 940 391 545 592 644 432 574 796 467 310 611 1057 829 482 335 178 708 120 603 582 267 776 583 235 895 588 721 443 164 472 497 801 795 738 1109 927 473 1000 368 471 530 68 702 1013 617 398 306 380 922 99 908 1004 961 512 663 327 775 705 407 539 529 654 932 787 985 991 703 557 520 605 121 189 691 1033 865 874 676 895 672 850 874 779 679 137 673 966 700 591 588 748 1083 443 768 700 155 434 828 709 871 704 925 801 972 453 689 228 817 644 332 237 840 623 857 681 178 717 977 277 819 1195 157 767 762 755 382 449 251 479 102 567 243 737 538 486 360 661 955 798 169 264 199 423 878 378 763 186 773 1037 676
171 70 546 269 103 167 687 621 346 323 290 269 267 246 445 502 588 436 305 372 359 343 534 280 129 293 281 663 0 413 223 365 102 279 266 218 599 240 433 290 478 422 464 228 456 629 335 528 447 646 406 272 452 418 274 493 485 441 615 292 449 373 684 69 441 160 408 199 176 738 140 149 343 605 668 390 572 536 422 83 441 494 552 555 324 812 671 343 320 423 419 489 182 459 506 358 236 293 462 459 369 443 287 502 271 483 138 606 516 427 351 603 453 612 140 224 464 446 392 634 436 416 401 367 546 326 279 535 558 601 446 637 588 274 468 312 504 586 597 238 135 336 537 303 264 336 105 130 499 318 308 478 119 153 256 446 370 149 310 448 427 596 376 473 454 522 333 460 171 523 417 494 524 270 616 392 422 219 380 289 516 543 579 525 458 509 371 238 134 528 356 376 434 453 436 377 525 270 543 213 429 396 662 627 722 345 389 663 418 652 452 572 142 370 459 478 265 469 351 491 241 396 600 178 356 321 280 457 536 488 574 559 366 362 465 109 338 550 425 346 516 140 80 373 599 360 331 174 397 424 273 542 494 166 406 438 400 652 251 331 224 219 585 201 526 652 349 73 350 630 411 434 257 297 37 562 611 211 554 384 550 276 326 369 494 349 516 330 348 335 603 400 624 452 376 555 240 322 388 163 555 596 128 176 178 536 317 663 272 564 443 500 230 405 259 308 166 302 339 498 639 589 556 303 566 278 524 552 433 286
351 444 307 676 315 292 356 319 400 666 130 617 556 591 801 167 459 719 108 687 361 266 635 511 334 458 495 260 413 0 372 170 440 527 605 439 255 186 781 159 544 690 286 185 468 423 668 357 811 454 620 275 674 390 589 564 73 635 201 160 279 784 293 398 415 398 816 612 431 608 378 537 375 555 507 231 201 469 653 449 461 105 266 504 487 449 372 425 709 766 269 222 335 240 741 766 266 693 542 617 326 95 535 497 455 71 275 298 135 205 62 345 169 314 397 196 523 558 730 828 198 631 618 503 365 681 632 570 145 226 666 225 325 311 454 690 492 352 191 562 334 150 728 716 630 91 454 345 282 516 449 85 532 565 585 844 780 554 490 182 349 428 774 827 637 532 616 845 533 285 149 585 196 672 469 122 474 479 427 535 761 788 403 488 493 447 202 317 543 312 59 379 796 591 280 90 113 518 146 406 472 43 604 447 401 636 362 563 235 313 392 358 555 547 608 849 679 287 761 328 211 309 193 487 769 457 191 242 367 756 191 771 744 741 319 434 116 568 476 163 478 275 419 674 592 756 745 486 437 310 353 151 80 431 772 619 623 526 657 427 618 618 581 420 135 524 706 443 446 453 598 824 183 576 450 219 336 598 624 684 510 667 546 712 400 446 125 562 491 125 219 592 475 696 533 148 517 720 89 575 934 258 528 502 532 369 201 368 299 176 360 224 478 424 300 105 400 698 546 91 359 278 413 618 269 567 115 670 777 424
