208
0 452 402 441 546 484 585 582 185 758 471 370 293 177 612 594 145 413 219 481 636 889 447 549 359 520 773 166 447 784 518 517 504 210 463 762 888 515 395 349 147 724 493 222 402 749 264 93 774 53 263 636 458 471 355 532 628 755 372 661 711 317 360 482 504 691 141 392 538 626 494 127 578 734 417 214 209 398 763 615 563 679 166 372 636 333 606 285 445 288 461 227 539 450 665 183 403 451 502 602 784 647 592 431 414 181 723 314 247 252 252 359 255 152 349 267 561 612 766 540 557 657 315 198 280 630 490 334 661 392 233 185 337 248 510 530 660 675 339 46 258 170 739 362 421 361 306 727 615 210 530 658 531 459 521 158 654 134 614 472 200 323 547 421 526 837 362 492 700 245 173 553 794 727 233 603 670 651 500 418 464 766 386 342 183 45 892 734 302 116 56 668 610 658 663 466 766 197 385 389 785 724 484 525 189 641 307 491
452 0 338 724 383 391 408 583 514 334 459 91 159 515 537 290 596 373 462 641 485 498 219 201 589 109 444 492 656 332 507 363 76 661 230 352 496 352 348 105 566 425 458 249 398 351 515 545 466 481 203 346 676 557 507 534 571 421 689 219 264 671 346 638 533 517 503 519 486 214 59 325 582 328 629 582 544 63 420 420 110 246 422 472 573 544 351 214 572 444 543 606 142 540 371 635 87 438 408 467 334 555 229 319 488 630 297 698 277 650 499 651 607 546 170 638 199 277 412 129 505 379 172 255 444 351 204 374 272 247 558 271 297 300 243 635 419 227 282 407 600 342 409 664 668 374 161 377 201 562 272 506 164 120 375 295 203 586 287 706 639 245 119 106 484 514 476 720 259 475 508 514 546 392 649 166 298 344 770 491 107 469 183 597 495 498 484 281 361 542 396 220 176 475 226 788 350 339 594 519 484 297 734 324 555 391 527 749
402 338 0 822 145 658 711 829 563 653 697 336 287 331 812 245 496 610 557 314 785 548 140 255 712 306 402 540 343 596 174 117 414 584 142 679 547 118 13 315 549 761 127 233 62 434 269 460 803 454 346 677 364 758 665 775 841 389 761 530 559 439 44 311 195 827 345 693 746 548 397 323 826 658 323 610 341 285 402 730 410 427 495 654 846 260 674 185 753 588 745 412 480 737 291 532 377 101 678 760 607 838 567 581 157 563 618 716 171 460 260 739 648 551 179 666 272 613 750 314 768 710 204 317 583 680 522 568 358 91 615 276 512 451 559 833 266 456 79 379 649 428 747 397 787 62 346 376 535 363 589 808 500 236 663 327 498 515 623 397 594 460 336 409 740 853 165 408 568 581 326 772 877 731 477 490 636 288 879 160 434 806 451 320 552 431 567 545 106 518 366 520 501 785 423 860 469 204 294 202 821 617 855 627 583 252 254 446
441 724 822 0 958 456 558 381 260 909 376 635 602 602 470 963 446 410 272 914 555 1220 825 893 136 826 1141 282 872 1002 956 929 732 390 842 892 1219 924 818 631 314 743 927 598 835 1073 699 438 787 388 536 683 879 268 231 366 460 1120 76 862 915 693 785 915 944 604 566 239 424 794 733 498 376 864 844 231 628 699 1123 588 814 969 329 279 467 768 637 661 222 280 274 610 726 265 1043 444 640 886 459 524 993 503 726 474 855 376 883 190 652 606 689 82 190 294 711 194 899 711 828 848 429 684 671 523 279 671 621 364 989 786 208 552 438 425 611 251 1058 941 748 448 183 407 785 762 66 792 570 1082 789 619 611 566 698 792 511 501 877 399 705 886 334 482 842 635 412 845 803 906 890 253 601 413 739 780 571 808 781 1023 59 859 666 769 558 765 269 434 1208 962 733 342 460 880 810 596 948 81 1074 622 815 830 786 887 60 560 253 1035 743 893
546 383 145 958 0 749 786 931 702 650 800 413 389 472 902 162 642 711 689 380 863 434 167 222 843 310 274 678 427 561 175 29 450 730 153 684 433 35 154 398 694 804 136 361 170 345 400 606 841 598 455 728 446 873 789 878 934 266 901 530 546 564 189 375 219 898 488 814 842 568 434 460 929 668 414 752 479 347 281 801 419 379 629 772 938 374 734 302 873 713 859 549 518 853 170 676 447 154 769 841 577 925 605 673 241 709 620 860 307 596 394 876 790 694 269 808 237 656 775 308 863 762 305 442 708 734 585 680 288 177 754 407 616 568 624 950 125 423 210 522 789 557 781 510 920 198 444 266 556 501 654 884 545 263 745 458 491 660 668 480 739 561 332 476 837 883 274 485 563 712 467 869 928 764 616 504 663 178 1015 241 490 847 535 434 690 576 462 516 251 662 508 514 515 856 383 1000 388 349 394 297 861 617 988 701 724 117 377 530
484 391 658 456 749 0 112 193 390 464 87 336 370 643 153 680 605 72 312 895 152 864 584 592 331 499 833 382 883 579 830 724 358 620 598 441 862 715 662 351 493 290 785 445 702 723 701 560 337 468 316 227 899 206 234 148 184 811 462 443 492 798 643 893 841 207 612 218 94 365 368 416 193 415 852 449 678 406 808 144 438 599 331 184 188 759 180 474 242 236 194 710 321 199 762 632 309 754 20 118 566 181 289 76 769 588 442 534 511 737 685 415 445 459 484 482 591 263 371 516 114 228 454 368 243 214 207 153 654 581 399 418 157 245 180 273 806 555 581 447 432 316 329 831 390 664 311 765 364 685 168 174 286 503 55 386 470 568 254 921 569 200 500 285 93 399 735 940 462 300 638 123 321 324 715 400 331 735 482 774 292 322 215 791 371 518 838 549 622 491 448 466 397 176 577 537 709 533 816 776 340 447 438 108 436 778 734 951
585 408 711 558 786 112 0 235 501 394 182 376 429 737 150 695 711 181 423 970 77 841 619 606 438 507 833 493 964 527 886 763 356 730 632 363 840 753 717 396 604 184 838 517 761 708 787 665 229 573 387 140 981 295 344 211 186 810 570 401 443 895 702 969 902 116 707 323 144 320 369 505 237 341 933 561 771 438 805 32 426 580 439 294 185 840 94 535 338 348 286 808 302 294 774 740 339 811 102 65 510 155 243 154 836 698 379 646 580 837 770 522 557 570 532 594 601 201 274 521 150 129 508 448 355 126 204 262 649 627 511 497 248 339 165 349 827 530 638 546 544 415 229 922 491 726 371 762 323 780 139 98 267 527 64 472 435 676 189 1005 680 277 501 309 153 289 806 1023 411 411 731 167 211 227 818 369 260 746 578 840 300 212 261 877 482 622 810 505 689 600 545 426 364 76 558 639 687 611 897 849 230 384 534 84 548 799 816 1038
582 583 829 381 931 193 235 0 434 629 131 523 544 756 98 871 673 219 370 1036 196 1055 767 784 298 691 1026 438 1015 758 997 905 551 663 783 599 1054 896 831 534 541 405 954 603 867 915 829 638 439 550 482 375 1029 127 238 54 79 1003 418 627 673 897 808 1036 1003 234 721 202 100 547 561 549 5 576 984 472 790 593 1001 254 630 791 415 210 86 893 329 643 172 293 130 807 511 143 953 692 499 920 178 176 742 124 469 264 925 635 613 521 670 824 814 375 452 507 663 484 783 432 502 709 86 361 629 520 302 361 399 266 847 758 420 568 316 384 369 134 994 746 750 556 438 436 456 943 319 827 487 958 547 792 351 199 476 692 224 527 656 629 421 1047 605 370 693 476 99 490 885 1067 641 346 752 72 369 456 797 588 495 927 383 929 485 419 403 916 422 605 1028 732 779 550 561 651 584 239 768 461 900 679 949 923 433 618 340 286 471 967 867 1071
185 514 563 260 702 390 501 434 0 766 347 423 371 357 486 721 239 319 77 665 534 996 578 659 176 606 901 24 629 827 696 673 542 233 595 759 995 669 559 411 107 668 667 346 574 850 449 210 718 135 312 588 639 312 196 391 494 881 198 691 745 475 526 666 685 590 321 233 415 637 539 242 430 730 600 69 387 476 886 533 617 759 92 229 502 518 549 411 277 155 305 386 556 293 799 257 440 626 403 498 822 523 584 363 596 203 734 184 395 396 437 177 93 72 466 124 668 587 731 627 431 601 427 280 147 579 473 240 763 533 52 300 284 225 479 359 806 741 492 188 89 172 696 533 236 532 353 847 629 383 491 553 536 560 439 251 695 194 586 650 180 303 627 446 402 781 545 671 726 92 355 422 711 687 366 633 655 780 318 600 485 705 382 523 20 189 990 781 473 116 200 704 637 565 740 297 858 362 568 574 724 737 300 464 48 785 492 665
758 334 653 909 650 464 394 629 766 0 551 395 478 845 542 502 904 499 696 965 449 511 516 428 775 348 566 748 985 154 807 640 263 956 519 44 510 628 664 419 844 260 757 577 715 414 849 852 264 774 495 255 1005 670 678 600 576 546 900 122 108 1003 669 962 840 443 830 672 534 132 277 636 631 54 960 835 875 397 534 379 243 298 678 630 574 877 299 548 705 645 659 935 219 662 556 941 356 747 469 456 133 538 184 435 809 923 36 944 611 977 833 854 848 817 502 884 413 201 174 345 544 275 506 562 649 269 294 551 398 563 797 591 486 543 298 735 629 241 609 711 838 612 209 998 844 698 452 499 143 892 299 458 230 416 414 601 159 885 210 1037 922 462 321 336 540 276 803 1050 87 698 838 559 383 198 972 167 134 528 941 812 294 282 385 931 745 803 468 162 692 826 702 136 157 413 284 986 375 672 926 846 285 36 899 356 813 604 860 1081
471 459 697 376 800 87 182 131 347 551 0 394 412 640 141 744 577 89 273 911 191 942 637 658 257 568 904 345 893 665 866 774 435 581 653 527 941 765 700 404 455 366 824 473 737 800 708 537 411 446 351 310 908 119 167 77 158 881 389 529 578 788 678 911 873 246 607 142 68 452 442 425 129 502 862 398 675 465 879 212 516 678 307 121 165 770 263 512 157 193 108 698 403 113 827 601 373 790 84 157 652 177 376 141 796 550 529 472 540 720 693 342 389 420 532 424 658 350 453 587 86 308 498 391 202 297 289 141 728 627 347 440 185 256 265 187 866 637 619 441 375 314 409 829 309 697 356 836 450 679 255 208 369 565 138 400 553 536 341 928 526 239 573 353 55 470 757 947 549 255 636 82 375 405 696 484 418 801 398 800 366 393 277 796 331 499 919 634 649 457 444 551 482 227 656 457 788 552 827 797 411 534 354 195 390 839 744 954
370 91 336 635 413 336 376 523 423 395 394 0 83 451 488 351 515 305 372 617 452 585 247 268 502 191 518 401 623 415 511 389 134 576 262 406 583 379 343 26 476 433 463 185 389 437 466 463 479 394 113 346 642 482 423 471 521 496 599 292 341 612 332 614 529 491 435 438 430 265 124 244 521 379 594 491 482 71 497 394 197 336 330 392 524 504 339 173 493 357 468 540 179 464 434 553 44 437 355 428 415 511 253 260 471 544 359 607 231 582 450 561 515 456 156 547 271 291 441 212 451 378 137 171 356 348 186 294 355 251 467 196 219 210 223 561 472 318 266 323 508 251 428 613 582 358 70 454 253 498 253 474 184 171 332 211 284 501 298 670 551 164 207 76 426 534 449 686 331 385 444 458 543 412 577 234 330 409 683 475 111 478 121 553 403 415 573 366 331 454 313 298 241 449 317 698 440 284 558 493 495 360 648 292 465 444 484 710
293 159 287 602 389 370 429 544 371 478 412 83 0 368 524 361 437 324 331 546 501 625 232 290 475 236 538 347 547 491 460 362 216 502 248 489 623 354 292 58 411 507 415 102 333 479 385 385 554 323 68 418 566 484 407 490 553 517 558 373 420 528 274 544 474 545 351 429 459 349 205 166 542 462 518 436 399 107 520 451 270 393 281 385 558 427 405 106 487 335 470 456 263 464 443 475 126 384 390 474 492 551 335 293 407 471 442 553 155 499 369 524 464 394 120 493 298 369 521 257 480 448 85 97 332 418 257 291 392 214 419 113 227 184 290 562 467 383 211 248 459 199 506 532 554 297 58 480 337 415 319 524 266 190 377 136 361 427 375 594 482 173 259 154 453 611 380 610 412 349 361 485 610 491 494 316 412 421 654 411 192 552 168 473 353 338 619 440 262 385 236 377 324 504 375 659 488 202 482 423 570 443 622 347 408 442 406 632
177 515 331 602 472 643 737 756 357 845 640 451 368 0 780 566 184 575 396 312 795 872 428 547 533 550 733 341 272 840 393 447 581 272 440 857 871 449 320 426 289 856 382 267 305 745 99 168 906 221 370 766 282 647 532 705 799 718 529 735 779 162 286 313 368 848 36 568 706 717 568 233 752 830 242 371 34 453 730 765 621 704 342 547 806 167 743 305 622 464 637 91 631 626 622 212 493 342 662 761 845 814 700 582 280 260 809 448 244 138 94 524 412 308 366 414 562 729 883 567 726 792 346 299 456 763 609 500 660 363 400 259 489 399 636 707 596 714 300 199 418 328 863 188 591 274 405 701 705 47 661 817 632 478 674 267 717 218 733 295 300 462 581 519 695 966 227 315 775 422 7 722 941 849 147 680 778 615 661 284 560 900 507 166 358 169 885 788 226 260 196 735 689 812 692 614 772 178 213 240 919 809 650 668 350 584 143 315
612 537 812 470 902 153 150 98 486 542 141 488 524 780 0 827 718 209 413 1043 99 989 736 738 373 641 973 485 1028 677 984 877 495 718 750 509 988 868 816 504 593 308 939 597 856 853 844 678 341 587 469 287 1043 204 296 105 35 950 500 551 594 929 796 1042 995 136 747 264 73 471 506 559 102 488 997 533 814 557 946 163 569 726 449 256 36 905 244 628 252 333 202 839 447 213 908 741 458 908 133 86 661 36 393 230 921 689 529 595 663 861 829 455 518 558 638 553 735 352 407 657 54 269 608 518 342 273 339 279 791 734 480 568 306 388 304 230 955 678 734 580 504 452 361 968 406 817 465 903 473 819 282 101 411 652 162 532 584 677 339 1064 663 353 639 432 85 392 885 1083 562 394 775 63 272 363 837 518 410 880 477 926 432 321 367 933 471 641 959 656 774 597 583 576 513 141 704 551 834 682 961 926 335 534 434 218 527 927 879 1092
594 290 245 963 162 680 695 871 721 502 744 351 361 566 827 0 714 656 690 534 773 305 146 90 837 189 180 697 576 402 337 164 341 797 131 539 304 154 259 345 737 683 293 378 297 190 514 670 715 640 429 616 596 833 767 821 861 161 915 386 395 684 286 530 379 801 573 786 775 436 326 484 870 526 559 780 581 280 168 705 288 219 636 741 863 504 630 312 842 696 820 652 403 815 83 751 371 302 698 756 418 845 487 607 385 771 474 895 347 701 504 883 813 729 254 838 97 539 641 178 795 650 293 442 693 624 492 643 126 206 771 423 570 545 529 912 134 266 267 560 810 556 653 642 916 307 403 135 425 603 557 793 435 180 665 470 345 722 552 630 794 515 201 395 772 751 407 637 415 709 560 803 812 637 714 370 534 60 1015 386 395 723 467 565 705 632 322 359 342 707 545 367 381 759 225 1016 229 408 534 438 735 471 984 613 752 106 500 679
145 596 496 446 642 605 711 673 239 904 577 515 437 184 718 714 0 533 305 484 756 1015 568 678 406 658 888 234 435 928 577 614 649 89 582 907 1014 614 487 494 139 860 563 358 481 879 282 52 911 138 409 773 439 551 436 628 730 872 370 807 856 247 452 486 552 811 157 472 646 771 640 271 668 879 409 223 198 540 882 743 707 817 273 465 738 347 741 416 517 384 545 165 684 532 778 39 549 522 621 720 929 755 737 560 464 78 868 274 367 161 278 375 260 170 481 251 691 754 907 678 663 793 450 344 376 767 632 451 791 507 266 326 469 383 650 597 762 816 448 192 270 305 879 317 448 445 452 849 761 183 669 776 676 593 647 303 798 47 755 443 120 462 686 567 633 974 411 463 845 327 186 656 922 866 128 749 813 768 503 468 609 901 529 330 250 100 1021 878 390 123 202 813 756 781 802 445 900 305 385 424 920 870 500 658 212 747 325 447
413 373 610 410 711 72 181 219 319 499 89 305 324 575 209 656 533 0 242 834 223 861 548 571 278 482 817 311 819 600 780 685 354 549 564 481 860 676 613 315 422 352 737 389 651 717 636 488 401 396 264 280 835 187 180 166 234 795 407 461 513 728 592 833 789 278 543 173 138 388 360 350 217 453 788 380 609 376 794 213 436 598 259 131 240 695 236 425 212 168 174 639 329 173 739 560 286 704 89 188 589 241 316 65 714 516 473 471 456 665 620 360 380 388 443 417 571 300 426 501 159 287 410 309 175 269 217 81 643 538 332 359 98 179 202 263 777 560 532 378 367 247 386 763 345 612 267 750 384 616 200 245 297 476 119 323 482 496 294 856 499 150 488 268 130 464 676 875 485 231 569 161 392 379 644 412 371 713 442 718 285 387 189 725 301 446 840 565 566 419 378 482 411 248 576 488 708 473 752 717 405 478 400 153 366 750 670 885
219 462 557 272 689 312 423 370 77 696 273 372 331 396 413 690 305 242 0 695 458 954 552 622 155 560 869 71 665 765 702 660 483 308 569 688 952 655 554 364 182 591 669 328 576 807 480 268 640 181 266 512 676 253 137 323 424 848 228 627 681 529 523 695 697 513 360 173 342 569 481 234 365 659 634 142 428 431 852 456 561 709 61 160 432 548 471 389 226 80 244 439 490 232 771 327 383 629 326 422 759 450 513 286 610 277 665 247 385 454 467 193 152 147 438 188 629 514 655 582 359 524 399 250 71 502 402 162 721 515 101 282 211 164 406 311 786 686 481 204 142 134 620 580 231 533 303 811 562 428 416 477 469 521 361 231 634 263 511 691 257 236 579 385 329 703 562 711 660 26 392 351 633 610 427 570 582 751 326 614 422 627 316 561 59 236 944 720 476 184 214 642 573 488 689 327 811 365 601 594 646 668 299 387 125 762 521 710
481 641 314 914 380 895 970 1036 665 965 911 617 546 312 1043 534 484 834 695 0 1038 812 454 566 840 621 647 648 64 910 211 370 717 566 455 990 811 380 302 592 600 1051 244 453 252 723 216 478 1096 530 583 963 77 939 828 983 1067 642 841 843 874 279 296 5 166 1087 347 862 971 855 701 486 1033 968 78 683 288 582 658 994 722 737 636 835 1073 147 952 444 919 755 927 325 781 917 549 502 661 232 915 1008 922 1075 865 823 157 562 930 756 391 354 228 836 724 620 471 725 583 907 1052 629 993 994 480 526 747 964 802 770 658 401 711 476 738 656 837 1004 490 770 358 490 730 600 1043 198 901 268 602 646 842 300 865 1061 796 549 913 511 812 525 915 107 604 696 651 693 962 1150 167 107 882 722 313 992 1156 1028 388 801 938 558 973 154 725 1096 713 154 664 480 842 860 285 572 482 834 811 1047 735 925 764 361 99 123 1113 929 962 891 662 492 174 155
636 485 785 555 863 152 77 196 534 449 191 452 501 795 99 773 756 223 458 1038 0 912 696 683 446 584 908 529 1030 589 960 839 433 767 709 414 911 829 791 471 640 209 913 586 834 781 850 712 243 619 455 195 1046 286 359 190 129 886 577 469 509 950 775 1037 975 55 764 332 131 389 446 565 200 394 999 588 830 515 880 73 501 653 482 312 126 906 157 607 333 379 281 862 378 290 851 782 415 884 134 35 571 89 313 215 907 735 438 663 650 889 834 530 580 605 607 616 678 267 308 598 126 174 581 514 387 182 281 304 725 703 537 563 306 395 243 324 904 601 711 600 566 468 262 982 489 798 442 838 392 837 215 22 342 604 125 535 505 717 254 1069 714 342 578 386 144 295 876 1088 475 442 789 142 185 264 868 441 319 823 567 911 377 222 334 940 517 670 880 571 760 640 600 495 435 42 631 637 759 678 962 918 237 443 523 161 579 876 881 1101
889 498 548 1220 434 864 841 1055 996 511 942 585 625 872 989 305 1015 861 954 812 912 0 447 341 1087 394 167 972 861 358 601 449 507 1096 434 555 1 443 562 590 1026 761 569 667 595 147 818 970 774 931 687 723 880 1049 1005 1012 1025 169 1182 446 416 988 591 807 647 924 878 1016 955 525 501 771 1056 558 849 1060 886 522 153 839 426 264 906 970 1025 803 755 604 1068 942 1035 958 544 1033 263 1053 585 588 877 907 380 997 599 801 675 1069 502 1177 647 1006 808 1145 1090 1014 540 1118 330 647 684 372 971 753 576 717 941 735 656 872 232 510 1044 709 795 795 687 1125 323 311 572 851 1085 824 714 941 1166 610 651 172 520 909 707 928 579 436 832 751 408 1021 660 914 1089 744 379 596 956 787 704 918 449 969 866 983 889 701 1020 471 608 261 1268 675 576 789 677 864 978 929 51 353 648 998 837 420 477 886 286 1281 154 710 828 731 794 496 1232 771 1032 319 802 964
447 219 140 825 167 584 619 767 578 516 637 247 232 428 736 146 568 548 552 454 696 447 0 121 702 167 326 553 483 456 293 144 290 650 16 545 446 133 153 233 590 644 243 232 202 316 387 524 683 493 300 565 503 716 639 715 768 307 774 393 420 558 167 450 324 732 432 661 677 418 274 338 766 525 461 636 446 180 315 634 274 290 496 618 772 391 569 167 719 565 702 517 359 696 220 606 280 231 603 674 467 758 447 507 297 624 482 749 201 565 375 744 670 583 114 693 138 495 624 174 698 599 154 301 562 570 419 523 232 66 629 278 455 416 458 794 235 317 128 413 667 417 625 526 781 194 283 280 405 468 487 717 383 103 578 327 360 576 507 537 648 400 196 309 672 729 302 547 430 573 421 704 766 608 576 357 510 204 879 300 324 688 368 451 563 485 457 405 212 560 399 382 368 689 285 874 345 263 431 341 702 480 849 534 607 210 382 584
549 201 255 893 222 592 606 784 659 428 658 268 290 547 738 90 678 571 622 566 683 341 121 0 764 99 250 635 599 346 385 213 251 757 114 462 339 202 269 266 685 596 337 326 316 201 509 631 629 590 356 527 619 751 690 734 772 228 849 308 324 680 288 561 422 711 548 706 687 351 236 430 783 447 579 721 566 198 230 615 202 171 571 661 774 512 540 263 762 621 737 637 314 733 170 716 285 335 610 666 359 755 398 519 410 729 397 837 310 685 497 815 752 674 199 779 17 450 558 90 707 561 235 379 619 534 402 562 114 187 708 368 488 470 440 829 223 206 249 510 748 490 567 648 843 313 326 189 340 588 467 703 346 101 576 411 269 681 463 653 748 433 114 307 685 667 420 663 340 639 540 716 724 551 694 286 449 142 944 412 306 637 381 572 642 589 344 298 334 657 496 291 296 669 169 949 225 376 550 457 649 394 911 523 693 195 503 701
359 589 712 136 843 331 438 298 176 775 257 502 475 533 373 837 406 278 155 840 446 1087 702 764 0 693 1013 192 805 866 857 814 596 377 719 759 1086 809 710 499 267 621 824 482 731 940 624 383 667 312 407 556 815 171 98 268 371 991 131 726 779 649 679 841 850 499 497 115 315 658 597 389 293 731 775 186 563 567 994 469 678 833 217 147 379 693 510 542 126 144 171 561 589 160 918 417 504 784 336 413 857 409 591 341 763 353 748 222 540 567 611 84 158 237 588 187 769 579 702 715 325 559 548 402 145 544 485 227 857 668 139 436 302 293 477 194 937 805 636 354 145 286 660 709 79 689 438 952 653 559 478 460 561 663 386 386 740 359 573 827 318 346 708 499 302 727 714 847 754 131 531 311 632 654 535 672 649 897 181 767 529 650 421 699 175 365 1074 826 632 286 365 744 673 485 813 210 940 520 744 745 668 752 147 431 194 913 666 841
520 109 306 826 310 499 507 691 606 348 568 191 236 550 641 189 658 482 560 621 584 394 167 99 693 0 335 582 646 296 459 295 151 731 171 378 392 284 318 196 646 498 409 300 369 246 530 609 532 555 294 427 666 666 613 643 676 312 788 226 253 696 328 617 491 612 545 627 593 258 137 395 691 360 622 672 574 129 311 515 109 159 515 581 678 546 441 247 681 549 652 642 215 649 267 697 197 399 515 568 305 658 300 428 463 701 315 789 305 689 516 751 699 631 184 729 94 352 465 21 612 461 208 332 548 435 303 482 164 220 652 334 406 401 341 744 322 163 274 477 693 433 472 676 773 356 257 267 245 595 368 604 246 74 479 369 192 655 364 699 715 353 31 215 592 573 463 711 262 575 543 622 625 455 693 194 354 239 875 466 208 539 293 604 587 564 384 244 360 620 464 214 205 570 144 888 252 372 590 504 552 313 839 425 644 295 533 745
773 444 402 1141 274 833 833 1026 901 566 904 518 538 733 973 180 888 817 869 647 908 167 326 250 1013 335 0 876 699 429 436 294 478 973 310 608 166 288 414 516 916 788 406 558 441 154 670 846 811 820 605 734 718 999 940 978 1008 22 1094 470 458 837 446 642 481 930 743 956 928 539 467 664 1026 603 688 960 744 448 31 837 407 271 815 910 1010 649 757 492 1012 870 986 815 530 982 111 925 531 429 850 897 450 987 604 763 515 948 546 1075 525 863 662 1062 993 909 434 1018 246 655 728 317 946 767 473 621 868 744 633 812 184 382 951 603 737 719 669 1078 157 329 439 739 990 735 749 785 1092 462 576 70 530 766 694 927 566 350 811 650 427 899 669 751 973 683 333 550 926 837 549 754 487 887 727 956 919 734 879 476 633 121 1192 515 541 824 627 708 885 810 206 404 507 886 725 446 484 889 289 1195 199 583 669 572 832 542 1160 755 932 157 649 801
166 492 540 282 678 382 493 438 24 748 345 401 347 341 485 697 234 311 71 648 529 972 553 635 192 582 876 0 613 806 674 649 521 237 570 743 971 645 536 388 110 657 644 322 552 826 431 200 707 120 289 576 623 318 201 393 495 856 222 672 725 465 503 648 664 585 305 239 414 619 517 218 434 713 583 90 371 453 862 525 595 736 71 230 503 500 537 387 286 151 311 375 537 298 774 256 419 603 397 494 802 522 567 351 575 205 716 206 371 387 419 200 117 77 442 146 644 572 718 604 430 590 403 256 143 567 457 230 739 509 76 275 270 205 464 370 782 719 468 166 113 150 684 520 256 509 330 822 610 369 477 549 518 536 430 226 675 191 571 635 187 285 604 426 401 770 525 656 706 92 338 422 704 673 359 613 639 756 340 579 465 695 364 507 17 175 967 760 451 112 178 684 618 559 717 322 835 339 551 554 714 719 321 452 65 760 474 651
447 656 343 872 427 883 964 1015 629 985 893 623 547 272 1028 576 435 819 665 64 1030 861 483 599 805 646 699 613 0 939 266 414 731 513 486 1008 860 423 330 597 557 1055 292 449 283 766 186 434 1102 493 577 966 20 913 800 962 1051 692 798 865 898 217 318 69 221 1079 308 835 956 870 715 469 1012 984 31 641 244 594 708 989 743 771 608 810 1057 123 952 450 891 729 902 271 793 892 597 450 668 274 903 998 950 1061 875 814 190 512 950 708 393 296 200 795 682 579 485 681 616 914 1062 656 977 996 488 516 721 966 805 752 697 425 673 466 725 640 838 976 542 800 375 462 689 579 1051 135 863 290 600 693 857 253 866 1053 805 573 905 496 836 478 921 54 555 687 676 698 945 1157 182 65 904 691 274 975 1156 1035 331 819 949 604 931 189 733 1100 712 106 630 441 889 888 295 530 455 857 829 1041 767 879 805 352 67 141 1117 949 922 887 622 542 149 103
784 332 596 1002 561 579 527 758 827 154 665 415 491 840 677 402 928 600 765 910 589 358 456 346 866 296 429 806 939 0 730 557 285 992 454 198 357 546 609 435 891 413 683 578 658 275 826 877 419 810 527 393 959 782 771 723 712 412 982 139 87 991 622 906 768 590 831 772 659 213 291 657 759 205 916 897 866 390 398 517 221 182 735 727 711 842 433 535 812 726 770 932 276 772 439 967 389 681 587 591 22 678 290 535 753 960 153 1010 596 978 812 939 916 868 476 950 329 326 329 283 672 418 493 586 729 407 383 638 282 514 865 603 565 602 400 852 516 140 570 738 907 660 362 972 940 649 483 368 216 886 411 601 304 370 535 626 132 917 337 993 966 529 265 380 664 429 757 1004 116 771 833 686 537 351 978 194 270 414 1040 755 342 436 449 900 806 830 314 52 656 869 727 122 192 557 178 1075 231 662 885 797 440 147 999 474 872 494 829 1040
518 507 174 956 175 830 886 997 696 807 866 511 460 393 984 337 577 780 702 211 960 601 293 385 857 459 436 674 266 730 0 173 581 666 288 837 601 185 168 489 661 933 50 394 130 520 300 552 974 572 516 850 284 919 821 943 1013 431 890 685 707 440 188 206 45 1002 420 851 918 711 565 469 994 818 260 732 387 457 448 905 567 551 640 815 1018 250 849 355 910 744 907 449 649 898 341 606 552 76 851 934 745 1011 737 754 113 652 774 828 328 492 301 873 773 670 354 784 401 784 917 461 939 883 378 479 738 854 696 733 463 262 747 433 682 615 734 993 279 591 249 508 776 581 916 372 929 171 519 439 698 407 764 983 671 397 837 480 649 606 795 317 689 631 485 583 910 1021 166 319 720 728 390 942 1050 900 518 650 802 353 1014 110 606 977 625 301 688 536 633 683 225 629 495 671 661 960 552 984 564 336 250 164 992 772 994 802 707 283 263 366
517 363 117 929 29 724 763 905 673 640 774 389 362 447 877 164 614 685 660 370 839 449 144 213 814 295 294 649 414 557 173 0 432 702 132 673 448 11 127 373 665 786 129 331 148 352 377 577 824 569 428 709 434 845 760 851 909 283 871 519 538 543 162 366 214 876 462 785 816 553 415 431 903 655 400 723 454 324 298 778 405 377 600 744 913 355 713 273 844 684 831 525 500 825 186 649 423 140 744 817 572 901 588 647 225 681 608 831 278 572 370 846 760 665 242 779 229 638 760 295 837 743 277 413 679 714 563 652 290 149 725 378 589 540 602 922 149 418 180 492 760 527 764 492 891 172 417 279 541 476 632 861 526 244 721 428 481 632 649 468 711 535 320 454 811 868 255 474 553 683 441 843 909 748 591 490 648 190 985 226 469 829 510 415 661 548 475 511 224 633 478 503 501 834 379 970 394 320 378 281 843 606 959 678 695 138 355 518
504 76 414 732 450 358 356 551 542 263 435 134 216 581 495 341 649 354 483 717 433 507 290 251 596 151 478 521 731 285 581 432 0 708 300 279 506 421 424 157 605 354 531 314 474 364 587 597 392 526 243 278 751 541 507 506 530 455 705 157 207 740 422 714 608 460 567 514 452 139 16 378 551 254 704 612 611 136 451 364 82 244 450 467 532 618 289 286 562 453 528 671 68 527 418 687 103 514 373 419 283 509 156 293 564 676 227 727 349 714 571 664 632 583 246 666 245 205 336 164 470 312 245 305 454 285 155 372 296 322 582 329 295 319 191 618 474 209 358 457 624 374 334 735 673 450 199 408 126 628 217 453 95 188 333 345 153 635 217 781 681 251 145 98 452 440 551 796 196 492 574 480 478 318 710 99 222 389 775 567 69 397 175 671 522 549 486 238 436 584 447 164 107 418 222 801 354 408 669 595 411 227 736 277 587 446 600 824
210 661 584 390 730 620 730 663 233 956 581 576 502 272 718 797 89 549 308 566 767 1096 650 757 377 731 973 237 513 992 666 702 708 0 665 956 1095 702 575 556 126 890 652 432 570 957 370 126 940 182 465 806 516 536 425 621 726 956 314 865 916 312 540 568 641 822 246 461 649 824 700 337 658 927 489 191 284 608 965 762 771 890 294 462 734 433 770 493 497 388 532 241 738 519 863 63 606 612 635 731 991 755 782 585 553 33 921 205 449 224 366 330 219 161 558 199 769 794 945 751 664 823 525 406 380 799 675 467 870 591 242 396 498 420 688 572 850 885 534 254 232 345 913 389 404 534 509 931 814 268 704 786 726 669 667 366 860 76 795 516 59 501 757 621 635 1004 500 536 903 325 275 655 941 902 187 807 858 852 444 557 663 929 574 411 249 167 1100 942 478 132 266 873 813 796 874 377 976 389 468 512 948 924 448 686 192 833 412 515
463 230 142 842 153 598 632 783 595 519 653 262 248 440 750 131 582 564 569 455 709 434 16 114 719 171 310 570 486 454 288 132 300 665 0 549 432 121 155 248 606 654 238 249 203 305 396 538 692 509 317 576 506 732 656 731 783 292 791 397 422 567 173 451 320 744 444 678 692 424 283 355 781 530 465 652 457 194 300 647 279 285 513 634 786 397 581 183 736 582 718 528 368 713 204 620 293 228 617 688 466 772 456 522 298 639 486 765 216 576 384 761 686 599 131 710 131 505 631 175 713 610 171 318 578 581 431 539 223 77 646 295 471 433 470 810 218 315 139 429 684 434 633 533 798 199 299 266 412 479 500 730 393 111 592 343 362 591 516 540 663 416 199 323 687 737 306 550 433 590 433 719 776 617 587 363 517 188 896 300 336 697 383 457 580 500 445 404 221 576 415 384 374 702 281 891 335 277 435 344 711 484 866 548 624 193 389 588
762 352 679 892 684 441 363 599 759 44 527 406 489 857 509 539 907 481 688 990 414 555 545 462 759 378 608 743 1008 198 837 673 279 956 549 0 554 661 691 431 841 220 787 590 741 457 866 855 221 775 500 223 1028 647 661 573 543 589 885 154 150 1017 694 987 869 406 840 653 506 140 294 643 601 29 982 828 888 415 577 346 270 339 673 612 540 897 270 566 683 633 636 946 226 640 596 944 365 776 444 424 177 503 175 418 835 923 65 934 628 987 851 839 839 814 522 876 448 180 130 377 514 240 524 569 637 237 285 538 438 589 789 601 476 539 284 708 668 282 632 716 828 611 167 1015 826 722 458 541 153 905 280 422 231 443 389 608 194 886 187 1059 920 458 352 342 513 231 827 1073 124 687 850 530 340 157 981 189 110 567 921 838 300 239 382 950 738 807 512 206 713 825 708 172 178 377 324 970 419 687 947 870 241 68 878 333 807 642 879 1102
888 496 547 1219 433 862 840 1054 995 510 941 583 623 871 988 304 1014 860 952 811 911 1 446 339 1086 392 166 971 860 357 601 448 506 1095 432 554 0 442 560 588 1025 759 568 666 594 145 817 968 772 930 686 722 880 1047 1004 1010 1023 169 1180 444 415 986 590 806 646 923 877 1015 953 523 499 770 1054 557 848 1059 885 521 152 838 424 263 905 968 1024 802 754 602 1066 941 1033 957 542 1032 263 1052 583 588 876 905 379 996 598 799 674 1067 500 1175 646 1005 807 1144 1088 1013 538 1116 328 645 683 371 970 752 574 716 940 734 655 870 231 509 1042 707 793 793 685 1124 322 309 571 850 1083 823 713 940 1165 609 649 170 518 907 706 927 578 435 830 750 406 1019 659 913 1088 742 377 595 954 786 703 918 447 967 864 982 888 700 1018 470 607 260 1267 674 575 788 675 863 977 928 51 351 647 996 836 418 475 885 285 1280 153 709 827 730 793 495 1231 770 1031 318 801 963
515 352 118 924 35 715 753 896 669 628 765 379 354 449 868 154 614 676 655 380 829 443 133 202 809 284 288 645 423 546 185 11 421 702 121 661 442 0 128 363 663 775 139 326 153 343 381 577 812 566 420 697 443 837 753 843 899 277 867 507 526 548 163 375 225 866 463 778 807 541 404 426 894 643 408 720 457 314 292 768 393 366 595 736 903 361 703 267 837 678 824 528 488 817 180 650 413 148 734 807 560 891 576 638 233 680 597 828 274 576 374 842 757 662 233 776 217 626 749 283 828 731 269 407 673 703 553 644 279 142 721 372 581 533 592 915 148 406 177 489 756 522 753 498 886 175 409 272 529 479 621 851 515 232 711 423 469 632 638 477 710 526 308 443 802 856 261 483 541 677 443 834 898 736 594 478 636 182 980 234 458 818 500 421 656 546 467 499 224 631 475 491 489 823 367 967 384 318 385 288 832 594 954 668 692 135 361 526
395 348 13 818 154 662 717 831 559 664 700 343 292 320 816 259 487 613 554 302 791 562 153 269 710 318 414 536 330 609 168 127 424 575 155 691 560 128 0 321 543 770 123 232 50 448 256 451 812 448 349 686 351 758 665 777 845 401 757 542 572 426 35 298 186 833 334 693 750 559 407 321 829 669 309 605 329 294 414 737 421 441 493 655 850 246 682 188 753 588 745 400 490 738 304 522 385 93 682 765 620 843 577 586 145 555 630 710 169 448 247 735 643 545 187 660 286 622 760 327 771 718 209 318 582 689 529 569 372 101 611 275 515 452 567 834 276 470 81 374 644 426 756 383 784 48 351 389 546 351 597 814 509 248 668 325 510 506 632 384 586 464 348 417 743 863 151 394 580 578 314 775 885 740 465 502 646 301 875 147 442 815 456 307 549 423 581 558 96 511 360 532 512 792 436 855 483 198 281 188 830 628 852 634 578 263 241 432
349 105 315 631 398 351 396 534 411 419 404 26 58 426 504 345 494 315 364 592 471 590 233 266 499 196 516 388 597 435 489 373 157 556 248 431 588 363 321 0 460 458 442 159 366 443 440 442 504 375 99 371 616 488 423 482 536 494 592 314 363 586 309 589 507 512 410 440 444 290 146 222 533 404 568 479 457 68 496 415 214 347 319 395 540 478 362 147 497 355 474 515 205 469 429 532 70 415 371 447 435 528 279 274 447 525 383 595 205 557 423 555 504 441 136 535 270 316 467 217 465 402 113 150 353 372 211 297 358 231 457 172 225 205 247 567 462 332 243 303 498 238 454 587 579 334 61 454 278 473 276 493 210 166 350 190 304 482 324 644 533 170 215 101 439 560 424 660 353 378 419 471 566 438 553 257 356 404 680 451 137 504 137 526 392 394 580 385 306 436 292 319 265 470 328 691 448 258 532 468 521 384 645 312 452 435 458 684
147 566 549 314 694 493 604 541 107 844 455 476 411 289 593 737 139 422 182 600 640 1026 590 685 267 646 916 110 557 891 661 665 605 126 606 841 1025 663 543 460 0 765 638 359 549 883 387 123 816 97 363 683 565 417 303 498 602 898 240 760 812 384 508 602 644 696 254 339 523 713 599 254 536 812 529 85 313 519 905 636 674 804 170 337 610 456 645 424 380 261 411 298 628 399 809 151 502 597 508 604 888 630 666 460 554 95 810 167 393 300 378 240 124 34 486 125 696 675 823 667 539 698 450 313 253 675 557 341 795 537 128 317 375 302 568 459 807 793 487 176 133 232 790 449 311 508 407 868 703 304 582 659 613 591 541 276 758 91 675 572 79 383 670 513 510 879 501 592 796 199 288 530 814 780 267 701 740 795 373 557 554 804 459 451 123 125 1025 842 450 31 191 770 706 669 786 326 897 345 501 523 823 813 366 561 73 788 431 581
724 425 761 743 804 290 184 405 668 260 366 433 507 856 308 683 860 352 591 1051 209 761 644 596 621 498 788 657 1055 413 933 786 354 890 654 220 759 775 770 458 765 0 883 607 818 645 890 811 50 721 487 90 1073 479 525 391 338 767 752 319 344 1018 763 1048 956 189 831 507 325 250 370 624 408 207 1026 732 890 476 758 156 395 518 596 475 335 935 120 606 522 520 471 936 286 478 753 892 389 862 284 229 392 295 198 305 904 857 260 823 662 971 873 705 732 733 584 769 586 148 100 505 327 67 571 557 526 93 250 428 607 671 684 600 392 476 220 528 817 462 697 680 720 555 54 1033 676 790 457 718 259 902 195 212 261 542 236 589 361 829 138 1101 844 400 482 357 335 113 883 1118 311 582 849 344 130 62 956 315 155 724 762 907 328 45 349 979 648 764 722 408 765 757 676 345 306 168 499 824 614 707 989 927 62 266 718 204 716 790 913 1139
493 458 127 927 136 785 838 954 667 757 824 463 415 382 939 293 563 737 669 244 913 569 243 337 824 409 406 644 292 683 50 129 531 652 238 787 568 139 123 442 638 883 0 354 92 480 295 535 924 547 473 801 311 880 784 900 968 399 863 635 658 447 147 239 85 954 405 813 874 661 515 435 952 768 282 707 380 408 415 857 517 504 607 776 973 255 800 311 873 707 867 446 599 859 305 594 503 41 805 887 697 966 687 709 114 636 724 806 289 491 293 844 747 645 306 760 353 734 867 412 895 834 332 439 701 805 647 692 419 213 718 395 639 574 685 954 250 543 205 479 749 545 866 386 897 135 474 402 648 402 715 935 621 346 790 443 599 589 745 345 671 587 436 535 867 972 160 350 671 694 378 898 1001 850 515 600 752 314 985 113 557 927 578 311 658 514 598 635 193 606 466 622 611 912 505 958 522 304 266 171 942 722 964 755 680 250 263 395
222 249 233 598 361 445 517 603 346 577 473 185 102 267 597 378 358 389 328 453 586 667 232 326 482 300 558 322 449 578 394 331 314 432 249 590 666 326 232 159 359 607 354 0 264 526 283 308 655 264 130 518 467 526 432 549 624 539 544 468 513 426 206 451 399 633 254 460 528 450 301 106 601 564 419 403 297 188 546 541 357 459 269 422 629 327 502 65 520 355 513 357 365 505 453 397 228 318 466 556 582 627 437 372 324 403 541 516 66 401 266 516 437 351 127 461 338 471 624 320 549 547 93 85 350 517 357 338 438 187 398 46 291 221 389 601 460 460 154 183 435 196 608 429 559 223 151 508 437 314 416 609 368 236 461 97 452 356 477 494 422 245 328 257 520 713 290 511 508 351 260 551 706 593 400 412 515 436 654 328 295 652 262 371 332 265 669 527 176 330 169 469 421 593 444 644 544 100 383 332 670 542 627 438 374 438 305 531
402 398 62 835 170 702 761 867 574 715 737 389 333 305 856 297 481 651 576 252 834 595 202 316 731 369 441 552 283 658 130 148 474 570 203 741 594 153 50 366 549 818 92 264 0 487 229 449 861 456 387 733 303 790 692 813 884 430 771 593 622 395 59 248 140 878 324 722 789 609 457 342 864 720 264 616 309 342 445 782 472 488 514 685 889 208 729 227 781 615 777 379 540 769 333 514 432 53 722 807 669 883 626 626 95 552 680 716 198 426 223 752 655 554 234 669 333 671 810 376 810 766 253 349 609 736 576 603 415 152 626 303 552 485 613 864 295 518 123 387 657 453 806 346 804 42 392 423 596 331 643 857 558 298 710 351 561 504 681 337 585 502 398 464 781 912 109 347 630 601 301 813 932 790 446 552 696 334 893 97 490 863 500 269 566 426 617 608 101 517 374 582 563 836 484 867 525 212 237 142 879 679 871 678 589 286 207 386
749 351 434 1073 345 723 708 915 850 414 800 437 479 745 853 190 879 717 807 723 781 147 316 201 940 246 154 826 766 275 520 352 364 957 305 457 145 343 448 443 883 645 480 526 487 0 700 832 665 789 540 598 786 904 858 871 889 137 1035 326 308 871 473 718 564 798 748 870 815 399 357 628 916 453 750 915 762 375 122 709 285 129 760 823 890 694 626 464 922 795 890 833 406 888 186 917 438 492 737 773 296 864 470 658 575 929 396 1031 512 882 689 998 944 870 399 972 188 520 579 225 832 630 433 572 794 609 516 725 88 382 897 566 648 647 549 981 263 183 445 709 938 678 603 831 1019 496 504 97 393 784 571 798 442 292 694 607 284 882 534 820 948 597 232 451 816 687 597 827 338 821 738 844 776 589 892 340 491 168 1121 576 433 678 531 755 832 790 142 251 526 855 696 300 348 758 150 1134 48 577 725 629 686 391 1085 635 887 247 689 870
264 515 269 699 400 701 787 829 449 849 708 466 385 99 844 514 282 636 480 216 850 818 387 509 624 530 670 431 186 826 300 377 587 370 396 866 817 381 256 440 387 890 295 283 229 700 0 267 938 313 404 800 199 727 614 777 866 657 627 733 773 171 227 217 272 901 133 649 771 726 572 285 826 841 155 468 87 452 671 813 615 675 422 624 873 69 782 300 705 542 716 151 644 706 560 308 510 258 721 818 833 878 720 634 187 360 813 548 238 197 16 620 509 404 351 512 525 754 907 545 792 828 342 338 535 798 639 567 619 322 494 291 544 457 670 790 525 693 260 276 515 394 891 148 685 207 432 646 713 107 697 873 650 456 726 315 710 318 760 220 400 509 561 539 761 996 135 239 773 506 99 790 984 876 220 682 797 557 758 189 577 934 541 90 448 265 836 774 175 357 269 730 691 863 666 713 732 183 121 142 953 813 746 713 446 516 44 251
93 545 460 438 606 560 665 638 210 852 537 463 385 168 678 670 52 488 268 478 712 970 524 631 383 609 846 200 434 877 552 577 597 126 538 855 968 577 451 442 123 811 535 308 449 832 267 0 862 92 357 724 441 519 402 591 691 829 363 755 804 265 416 480 531 767 135 439 605 719 588 219 633 827 406 208 190 489 839 696 655 768 230 428 699 336 692 368 487 346 511 177 632 499 737 90 497 494 577 676 878 714 685 513 442 103 816 280 322 186 260 363 248 148 433 246 644 703 856 628 623 744 401 292 337 718 581 407 744 464 245 275 420 334 599 569 724 766 407 140 256 255 828 327 433 412 400 805 709 181 619 732 624 545 601 251 747 55 705 448 136 412 636 515 593 924 388 469 793 291 168 617 876 816 159 697 762 725 496 446 557 852 477 327 217 48 975 826 355 98 150 761 704 736 753 446 852 263 379 406 871 818 489 610 191 708 311 459
