91
0 753 179 800 519 570 332 274 437 818 563 704 831 572 578 663 401 573 138 187 303 539 456 417 233 297 528 503 449 434 553 508 727 259 482 106 580 702 580 344 464 182 317 758 742 98 773 235 473 499 536 105 305 561 252 349 665 404 345 98 13 275 685 290 372 481 458 223 772 140 555 401 262 733 16 200 875 214 735 184 260 443 753 518 120 176 179 471 612 358 566
753 0 616 545 234 668 501 597 907 82 891 686 754 1225 669 499 429 216 687 570 866 1032 909 851 914 675 1105 454 947 377 562 412 121 762 381 668 963 801 308 1066 861 613 743 843 836 825 321 559 291 585 259 814 488 675 591 1002 343 632 637 807 745 907 153 956 855 391 879 976 314 759 363 754 980 64 737 552 696 896 73 879 917 461 104 535 699 926 730 1065 558 831 500
179 616 0 778 383 609 310 305 571 688 669 731 856 749 617 644 226 418 231 145 283 687 587 538 408 163 693 324 592 365 562 467 572 377 307 175 703 760 507 523 579 3 417 818 803 217 700 227 364 520 438 202 262 605 77 522 604 247 397 197 166 302 577 464 503 429 382 385 697 280 499 286 441 608 168 111 879 388 611 263 306 416 635 520 84 325 123 637 614 292 554
800 545 778 0 547 311 475 527 653 518 545 219 223 1014 304 137 741 632 668 644 1057 742 641 603 821 921 856 843 695 422 260 311 651 628 753 694 622 348 312 971 580 778 570 364 365 898 229 571 479 320 413 902 517 323 810 850 221 946 479 894 801 1059 399 831 639 352 1152 975 237 711 291 1039 902 480 785 667 151 811 472 982 1051 364 443 286 830 958 895 842 201 1069 234
519 234 383 547 0 551 304 393 721 305 737 613 712 1014 554 448 224 100 463 339 644 849 726 668 691 460 907 300 758 201 452 291 222 555 211 439 801 704 236 840 687 381 548 755 744 591 382 340 95 452 135 580 275 554 366 786 327 440 453 573 511 679 212 736 662 252 680 742 376 536 272 555 753 225 503 318 688 673 229 646 687 307 256 415 465 692 500 862 473 620 403
570 668 609 311 551 0 312 307 342 679 246 138 262 703 8 214 666 651 431 464 861 435 330 293 532 771 545 790 383 354 106 264 736 347 711 474 324 159 360 674 268 611 282 215 201 666 443 382 456 101 433 675 366 12 666 546 349 830 224 668 575 844 519 534 332 299 989 705 447 451 305 895 613 609 558 502 324 526 603 752 830 247 591 137 635 702 707 531 129 895 169
332 501 310 475 304 312 0 95 417 548 445 424 547 723 318 338 359 397 215 169 583 545 422 363 425 466 606 486 454 126 252 176 523 260 413 226 503 470 258 582 385 311 245 527 513 428 445 97 216 215 246 430 53 310 358 503 334 518 151 422 331 583 393 460 358 152 692 532 445 278 225 589 499 462 316 199 569 409 461 509 577 111 468 210 355 501 422 564 303 602 245
274 597 305 527 393 307 95 0 332 643 384 436 563 628 315 390 411 482 140 162 555 460 340 282 332 468 514 539 367 222 278 254 614 164 476 171 433 455 347 490 310 307 157 512 497 373 528 84 309 227 342 379 119 301 368 407 415 539 93 371 277 543 488 365 270 239 682 454 529 192 308 591 408 558 260 205 601 317 557 458 532 183 564 243 328 431 399 470 337 587 293
437 907 571 653 721 342 417 332 0 941 162 461 563 361 348 546 732 813 340 459 733 128 21 57 270 723 208 858 43 532 413 508 940 195 803 396 147 383 618 369 75 574 174 423 408 506 757 405 632 361 648 525 451 329 647 228 648 818 270 520 449 688 778 241 68 518 895 463 760 299 566 836 334 860 435 504 649 275 856 584 664 448 855 412 549 490 615 188 461 795 470
818 82 688 518 305 679 548 643 941 0 911 680 735 1270 678 493 509 298 744 632 944 1064 941 884 968 754 1143 536 982 421 573 436 195 807 462 729 986 801 326 1122 890 686 782 839 833 894 288 614 347 603 301 884 540 687 668 1051 337 713 674 877 810 983 163 1007 893 422 960 1040 281 814 381 835 1037 85 802 618 668 951 86 951 991 492 87 552 770 993 804 1106 561 911 509
563 891 669 545 737 246 445 384 162 911 0 334 419 488 250 460 795 835 444 538 866 202 140 151 427 830 324 923 188 536 343 478 943 304 856 500 78 233 585 530 102 672 252 266 252 644 688 468 642 307 639 660 491 235 741 389 590 914 296 654 573 828 748 403 203 501 1020 620 693 424 530 949 495 836 558 584 514 430 831 725 806 435 823 359 664 641 734 326 375 920 407
704 686 731 219 613 138 424 436 461 680 334 0 126 816 129 187 761 711 566 586 992 535 446 417 669 890 654 879 500 433 174 323 772 485 795 606 409 130 391 807 385 733 420 159 155 802 409 505 525 211 483 810 477 148 782 676 344 940 359 802 709 978 532 668 462 366 1113 843 416 589 344 1013 749 623 692 621 189 663 615 888 965 335 595 217 764 840 834 647 139 1021 210
831 754 856 223 712 262 547 563 563 735 419 126 0 907 254 265 875 807 692 712 1118 620 546 525 787 1013 743 990 599 544 295 431 850 607 904 733 486 186 480 920 488 857 542 171 179 928 449 631 629 337 578 937 599 272 905 785 413 1060 485 929 836 1105 602 782 573 475 1238 965 457 714 440 1137 866 689 819 746 107 783 681 1014 1091 453 656 338 890 965 961 744 250 1146 319
572 1225 749 1014 1014 703 723 628 361 1270 488 816 907 0 709 906 960 1094 559 694 783 288 372 413 342 860 164 1072 319 849 773 850 1237 463 1040 599 424 721 958 257 434 753 489 750 737 582 1111 674 937 718 969 605 740 690 824 231 1000 972 600 604 586 713 1111 287 387 852 955 436 1114 488 909 943 318 1185 581 731 1001 362 1183 621 682 784 1188 768 690 500 732 172 822 866 827
578 669 617 304 554 8 318 315 348 678 250 129 254 709 0 210 671 654 439 471 869 440 336 300 540 778 551 795 390 357 106 266 738 355 715 482 328 153 360 682 275 618 290 209 196 674 440 389 460 106 435 683 372 19 673 553 347 836 232 676 583 852 519 542 340 301 997 713 445 460 306 902 621 609 566 509 315 534 603 760 838 251 590 139 643 710 714 537 125 902 169
663 499 644 137 448 214 338 390 546 493 460 187 265 906 210 0 624 541 531 508 922 647 537 492 691 790 753 733 588 296 134 181 589 499 645 557 539 310 215 844 476 644 443 346 340 761 231 434 369 192 313 765 382 226 680 728 156 822 346 757 664 922 346 706 523 225 1021 840 237 576 177 910 772 435 648 532 245 681 428 844 914 228 408 152 694 822 760 733 85 936 97
401 429 226 741 224 666 359 411 732 509 795 761 875 960 671 624 0 214 408 276 438 857 744 688 619 245 885 128 761 330 587 445 361 541 81 362 845 825 433 746 721 223 561 881 868 442 601 330 264 565 336 426 307 665 174 729 531 215 499 421 389 485 437 673 665 401 456 612 597 474 450 331 662 439 388 233 870 599 444 476 499 425 476 544 307 551 316 833 625 402 555
573 216 418 632 100 651 397 482 813 298 835 711 807 1094 654 541 214 0 536 405 653 942 820 761 764 459 994 245 849 301 552 391 154 640 165 505 898 804 327 906 782 415 639 854 844 634 446 421 195 553 228 620 363 654 382 864 410 415 548 614 563 698 261 812 752 352 662 795 440 609 367 537 820 236 558 376 776 744 243 679 710 407 278 515 502 739 524 947 571 615 502
138 687 231 668 463 431 215 140 340 744 444 566 692 559 439 531 408 536 0 134 435 458 356 307 228 387 477 528 362 333 417 388 683 146 485 56 473 566 472 379 350 234 192 622 607 236 660 129 397 362 447 244 204 423 307 328 549 478 207 236 143 413 598 275 272 367 579 317 660 72 440 504 293 658 127 175 738 209 658 322 398 319 670 383 220 291 291 424 476 480 434
187 570 145 644 339 464 169 162 459 632 538 586 712 694 471 508 276 405 134 0 414 582 472 417 358 307 609 400 486 250 418 338 555 265 351 99 579 615 397 502 454 147 292 673 658 274 591 81 286 375 348 271 128 459 206 462 487 377 254 263 182 416 498 408 391 305 527 408 590 205 378 431 415 547 171 46 738 339 548 349 411 280 566 377 186 363 252 558 472 434 415
303 866 283 1057 644 861 583 555 733 944 866 992 1118 783 869 922 438 653 435 414 0 822 753 717 488 195 785 468 739 648 829 748 799 562 503 387 879 1001 790 525 766 283 621 1058 1042 227 982 491 642 781 716 207 539 854 278 595 887 284 638 213 294 76 849 541 671 711 172 346 979 442 782 189 472 869 310 391 1151 474 873 162 107 693 901 790 229 283 162 728 885 87 829
539 1032 687 742 849 435 545 460 128 1064 202 535 620 288 440 647 857 942 458 582 822 0 123 182 337 833 124 982 96 659 520 629 1067 316 929 512 136 434 739 386 175 690 303 461 448 596 867 532 760 472 774 616 579 423 764 252 762 932 397 612 552 770 900 291 192 642 990 519 871 408 685 941 380 984 540 627 716 348 980 666 743 572 977 525 656 559 718 143 561 891 580
456 909 587 641 726 330 422 340 21 941 140 446 546 372 336 537 744 820 356 472 753 123 0 58 292 741 216 870 53 535 406 506 944 210 813 412 126 364 617 389 61 590 184 404 389 527 751 415 636 355 650 545 458 318 663 249 644 834 274 540 468 709 777 263 84 518 914 485 754 318 564 854 356 860 454 518 633 297 857 605 685 449 855 407 567 511 634 201 452 815 464
417 851 538 603 668 293 363 282 57 884 151 417 525 413 300 492 688 761 307 417 717 182 58 0 278 694 264 815 99 477 359 451 885 162 756 363 165 351 561 396 49 541 127 396 381 493 700 358 578 305 592 510 400 280 612 260 592 785 215 505 427 677 721 261 52 461 875 470 704 277 509 810 351 803 413 464 607 280 800 574 655 392 798 356 523 489 591 241 408 775 414
233 914 408 821 691 532 425 332 270 968 427 669 787 342 540 691 619 764 228 358 488 337 292 278 0 528 300 730 262 550 560 583 911 192 699 260 416 623 680 157 326 411 252 672 656 265 857 354 623 501 668 287 427 521 483 115 744 637 345 284 246 433 817 57 226 572 659 193 859 155 640 623 81 882 240 392 856 19 882 329 406 512 892 539 353 223 403 242 619 562 597
297 675 163 921 460 771 466 468 723 754 830 890 1013 860 778 790 245 459 387 307 195 833 741 694 528 0 825 276 740 500 718 610 604 532 307 330 860 923 632 615 737 160 577 980 966 281 817 388 472 679 548 259 414 766 110 644 731 113 560 258 284 252 670 585 656 568 231 450 814 425 633 123 542 682 294 268 1030 510 687 276 273 566 716 676 177 381 128 768 768 159 705
528 1105 693 856 907 545 606 514 208 1143 324 654 743 164 551 753 885 994 477 609 785 124 216 264 300 825 0 1005 165 727 621 714 1129 353 961 526 260 557 823 299 277 696 362 586 573 565 965 574 823 569 846 587 631 533 770 190 857 932 468 584 541 725 981 244 250 721 957 457 968 414 772 924 318 1060 532 652 837 317 1058 624 696 651 1059 621 648 508 703 57 668 861 678
503 454 324 843 300 790 486 539 858 536 923 879 990 1072 795 733 128 245 528 400 468 982 870 815 730 276 1005 0 886 446 707 559 358 665 89 479 972 949 530 846 848 320 688 1004 992 526 681 457 365 689 429 507 435 790 254 843 626 192 627 504 490 529 502 785 791 514 436 700 675 591 556 315 765 481 492 355 977 710 488 543 549 546 523 665 395 634 383 951 742 410 671
449 947 592 695 758 383 454 367 43 982 188 500 599 319 390 588 761 849 362 486 739 96 53 99 262 740 165 886 0 571 456 550 978 220 833 417 156 416 660 345 115 595 210 454 440 512 800 436 670 404 688 531 486 371 669 204 691 838 310 526 461 690 819 226 97 559 903 453 803 315 608 850 319 901 449 531 687 271 897 585 664 490 897 455 564 485 628 147 504 804 513
434 377 365 422 201 354 126 222 532 421 536 433 544 849 357 296 330 301 333 250 648 659 535 477 550 500 727 446 571 0 262 115 410 386 362 332 602 510 146 707 491 365 365 563 552 525 340 204 106 253 120 522 130 356 390 629 239 525 261 514 430 661 266 587 478 71 731 646 339 400 134 617 623 336 418 260 541 534 334 599 659 106 342 221 429 609 487 688 295 651 225
553 562 562 260 452 106 252 278 413 573 343 174 295 773 106 134 587 552 417 418 829 520 406 359 560 718 621 707 456 262 0 161 632 368 624 450 421 251 253 711 346 563 310 302 291 652 347 338 360 59 330 657 303 114 609 594 247 765 219 650 556 821 413 573 388 200 944 716 351 453 199 841 642 503 539 450 322 551 497 737 810 161 485 43 600 703 669 600 59 853 64
508 412 467 311 291 264 176 254 508 436 478 323 431 850 266 181 445 391 388 338 748 629 506 451 583 610 714 559 550 115 161 0 473 399 473 402 551 413 110 741 454 468 361 463 453 605 274 273 201 173 168 605 210 269 499 645 161 640 251 597 507 754 272 610 465 44 841 706 275 446 58 729 661 358 493 357 426 569 354 684 750 70 349 127 523 677 586 681 184 757 113
727 121 572 651 222 736 523 614 940 195 943 772 850 1237 738 589 361 154 683 555 799 1067 944 885 911 604 1129 358 978 410 632 473 0 777 298 655 1011 879 382 1057 901 569 768 925 917 788 434 562 307 645 305 774 497 742 534 1008 438 545 670 769 717 847 251 958 882 443 792 949 427 756 433 669 971 177 712 528 802 892 186 833 861 508 222 600 656 893 676 1085 638 755 573
259 762 377 628 555 347 260 164 195 807 304 485 607 463 355 499 541 640 146 265 562 316 210 162 192 532 353 665 220 386 368 399 777 0 614 202 327 457 502 346 206 380 65 511 495 343 671 220 474 308 506 358 279 336 452 246 558 624 154 351 269 528 649 211 126 394 715 358 673 120 457 648 273 722 253 310 669 182 720 428 508 330 726 347 361 360 430 307 427 616 405
482 381 307 753 211 711 413 476 803 462 856 795 904 1040 715 645 81 165 485 351 503 929 813 756 699 307 961 89 833 362 624 473 298 614 0 440 909 869 441 827 787 304 629 924 911 522 592 398 276 609 340 505 365 711 251 808 536 250 559 501 470 555 415 752 737 429 498 693 587 552 468 373 743 401 470 310 889 679 408 553 571 465 442 582 388 631 392 909 656 457 586
106 668 175 694 439 474 226 171 396 729 500 606 733 599 482 557 362 505 56 99 387 512 412 363 260 330 526 479 417 332 450 402 655 202 440 0 529 614 476 402 406 178 247 671 655 204 668 130 382 398 439 208 202 467 251 368 559 422 250 200 106 372 590 312 328 376 526 314 668 112 450 449 315 644 91 132 772 241 644 287 360 336 660 413 166 277 238 472 508 428 460
580 963 703 622 801 324 503 433 147 986 78 409 486 424 328 539 845 898 473 579 879 136 126 165 416 860 260 972 156 602 421 551 1011 327 909 529 0 300 659 498 124 706 287 325 313 653 766 515 707 382 709 671 546 313 777 358 667 949 352 665 591 835 822 382 208 572 1039 608 771 441 604 975 475 909 577 625 585 422 905 731 811 504 898 434 688 637 756 273 454 939 484
702 801 760 348 704 159 470 455 383 801 233 130 186 721 153 310 825 804 566 615 1001 434 364 351 623 923 557 949 416 510 251 413 879 457 869 614 300 0 498 747 309 762 392 57 43 795 538 534 611 260 580 807 524 160 820 609 464 986 365 800 709 978 648 612 401 451 1137 810 544 573 446 1047 700 739 692 656 286 621 733 881 961 405 715 289 779 817 851 559 243 1041 306
580 308 507 312 236 360 258 347 618 326 585 391 480 958 360 215 433 327 472 397 790 739 617 561 680 632 823 530 660 146 253 110 382 502 441 476 659 498 0 838 564 507 468 543 535 671 194 347 169 278 101 669 274 367 524 748 99 642 358 661 576 806 162 711 574 108 863 788 192 536 55 744 756 251 563 405 451 665 246 746 805 173 239 227 574 754 630 790 256 787 193
344 1066 523 971 840 674 582 490 369 1122 530 807 920 257 682 844 746 906 379 502 525 386 389 396 157 615 299 846 345 707 711 741 1057 346 827 402 498 747 838 0 439 527 401 791 776 333 1015 508 776 652 824 356 582 662 593 141 901 728 500 356 357 456 973 139 347 729 697 179 1016 307 797 690 86 1036 357 530 996 173 1036 365 424 670 1048 692 453 243 486 250 769 609 751
464 861 579 580 687 268 385 310 75 890 102 385 488 434 275 476 721 782 350 454 766 175 61 49 326 737 277 848 115 491 346 454 901 206 787 406 124 309 564 439 0 582 162 352 336 542 692 390 595 297 603 559 425 256 653 300 586 826 233 553 474 726 726 306 101 469 922 519 696 324 510 854 397 810 460 500 573 329 806 624 704 400 803 349 568 539 637 263 391 822 405
182 613 3 778 381 611 311 307 574 686 672 733 857 753 618 644 223 415 234 147 283 690 590 541 411 160 696 320 595 365 563 468 569 380 304 178 706 762 507 527 582 0 420 820 805 220 699 228 363 521 436 205 262 606 74 526 603 243 399 200 169 303 575 468 506 429 380 389 696 284 499 284 445 606 172 112 880 392 609 265 307 417 633 521 86 328 124 641 615 291 555
317 743 417 570 548 282 245 157 174 782 252 420 542 489 290 443 561 639 192 292 621 303 184 127 252 577 362 688 210 365 310 361 768 65 629 247 287 392 468 401 162 420 0 446 430 405 627 231 461 251 484 419 276 271 490 287 515 663 110 412 326 590 622 262 113 362 770 423 630 182 419 696 333 699 310 338 606 244 697 491 571 294 699 293 412 425 483 323 368 671 353
758 843 818 364 755 215 527 512 423 839 266 159 171 750 209 346 881 854 622 673 1058 461 404 396 672 980 586 1004 454 563 302 463 925 511 924 671 325 57 543 791 352 820 446 0 15 850 568 592 663 315 629 862 581 216 878 652 502 1044 422 855 765 1033 689 658 448 503 1194 860 574 628 492 1104 747 780 749 713 278 671 773 936 1016 459 754 342 836 870 908 593 287 1098 353
742 836 803 365 744 201 513 497 408 833 252 155 179 737 196 340 868 844 607 658 1042 448 389 381 656 966 573 992 440 552 291 453 917 495 911 655 313 43 535 776 336 805 430 15 0 834 565 577 652 302 619 847 567 203 863 636 496 1029 407 839 749 1017 683 642 432 492 1179 844 571 612 484 1089 731 773 733 699 284 655 767 920 1000 447 748 331 821 854 893 579 279 1082 344
98 825 217 898 591 666 428 373 506 894 644 802 928 582 674 761 442 634 236 274 227 596 527 493 265 281 565 526 512 525 652 605 788 343 522 204 653 795 671 333 542 220 405 850 834 0 865 331 555 598 621 22 398 658 274 376 759 395 442 23 97 184 769 320 445 575 394 173 864 223 649 362 264 811 113 277 973 250 813 86 165 540 833 617 134 108 153 507 710 296 664
773 321 700 229 382 443 445 528 757 288 688 409 449 1111 440 231 601 446 660 591 982 867 751 700 857 817 965 681 800 340 347 274 434 671 592 668 766 538 194 1015 692 699 627 568 565 865 0 538 345 395 269 863 467 453 711 915 113 816 519 855 770 999 189 883 723 293 1046 978 7 720 220 925 936 258 756 599 380 843 249 940 999 345 217 344 768 946 823 939 314 975 287
235 559 227 571 340 382 97 84 405 614 468 505 631 674 389 434 330 421 129 81 491 532 415 358 354 388 574 457 436 204 338 273 562 220 398 130 515 534 347 508 390 228 231 592 577 331 538 0 268 293 317 332 75 377 286 446 429 455 177 324 234 487 468 397 339 245 608 441 538 200 319 512 422 528 219 122 660 337 528 412 480 209 540 298 261 407 331 526 393 515 339
473 291 364 479 95 456 216 309 632 347 642 525 629 937 460 369 264 195 397 286 642 760 636 578 623 472 823 365 670 106 360 201 307 474 276 382 707 611 169 776 595 363 461 663 652 555 345 268 0 358 76 548 197 459 367 711 268 475 362 540 467 666 214 665 575 159 701 694 341 468 191 580 690 261 457 278 612 605 262 620 670 212 279 321 441 649 487 780 385 630 314
499 585 520 320 452 101 215 227 361 603 307 211 337 718 106 192 565 553 362 375 781 472 355 305 501 679 569 689 404 253 59 173 645 308 609 398 382 260 278 652 297 521 251 315 302 598 395 293 358 0 339 605 269 102 572 535 289 733 161 597 503 770 440 513 332 203 902 658 399 396 222 803 582 529 486 410 375 491 524 684 758 147 515 52 553 646 623 545 118 809 108
536 259 438 413 135 433 246 342 648 301 639 483 578 969 435 313 336 228 447 348 716 774 650 592 668 548 846 429 688 120 330 168 305 506 340 439 709 580 101 824 603 436 484 629 619 621 269 317 76 339 0 615 242 437 443 749 196 549 378 608 530 740 150 706 596 138 777 754 265 516 139 655 739 216 519 345 552 651 214 689 742 204 223 295 512 712 561 807 344 706 275
105 814 202 902 580 675 430 379 525 884 660 810 937 605 683 765 426 620 244 271 207 616 545 510 287 259 587 507 531 522 657 605 774 358 505 208 671 807 669 356 559 205 419 862 847 22 863 332 548 605 615 0 397 667 256 399 758 372 451 7 101 170 762 342 463 574 373 193 862 237 648 339 287 802 118 270 980 271 804 79 154 541 825 622 119 127 131 529 716 275 668
305 488 262 517 275 366 53 119 451 540 491 477 599 740 372 382 307 363 204 128 539 579 458 400 427 414 631 435 486 130 303 210 497 279 365 202 546 524 274 582 425 262 276 581 567 398 467 75 197 269 242 397 0 364 306 514 361 464 194 389 302 544 393 468 389 177 642 515 466 274 251 537 497 454 289 150 617 410 454 475 539 154 466 261 313 479 377 587 353 554 292
561 675 605 323 554 12 310 301 329 687 235 148 272 690 19 226 665 654 423 459 854 423 318 280 521 766 533 790 371 356 114 269 742 336 711 467 313 160 367 662 256 606 271 216 203 658 453 377 459 102 437 667 364 0 662 534 358 827 216 660 567 836 527 522 320 302 984 695 458 442 311 890 601 617 550 498 335 515 611 744 822 249 599 142 629 693 701 518 140 889 177
252 591 77 810 366 666 358 368 647 668 741 782 905 824 673 680 174 382 307 206 278 764 663 612 483 110 770 254 669 390 609 499 534 452 251 251 777 820 524 593 653 74 490 878 863 274 711 286 367 572 443 256 306 662 0 598 623 172 461 251 239 315 572 540 579 458 341 447 708 358 524 231 513 591 243 164 921 464 595 302 327 456 623 567 141 382 142 715 659 263 595
349 1002 522 850 786 546 503 407 228 1051 389 676 785 231 553 728 729 864 328 462 595 252 249 260 115 644 190 843 204 629 594 645 1008 246 808 368 358 609 748 141 300 526 287 652 636 376 915 446 711 535 749 399 514 534 598 0 802 753 395 396 362 535 895 58 214 640 767 270 917 257 703 737 130 965 356 499 865 134 964 433 506 576 971 580 469 318 519 133 649 672 640
665 343 604 221 327 349 334 415 648 337 590 344 413 1000 347 156 531 410 549 487 887 762 644 592 744 731 857 626 691 239 247 161 438 558 536 559 667 464 99 901 586 603 515 502 496 759 113 429 268 289 196 758 361 358 623 802 0 742 406 750 663 900 190 769 612 183 963 866 115 607 109 844 822 279 649 499 368 730 272 836 898 232 251 237 668 836 726 829 225 886 183
404 632 247 946 440 830 518 539 818 713 914 940 1060 972 836 822 215 415 478 377 284 932 834 785 637 113 932 192 838 525 765 640 545 624 250 422 949 986 642 728 826 243 663 1044 1029 395 816 455 475 733 549 372 464 827 172 753 742 0 632 371 391 351 653 694 750 596 247 563 812 524 654 123 655 649 399 333 1066 618 655 387 375 607 688 722 284 495 241 875 811 218 744
345 637 397 479 453 224 151 93 270 674 296 359 485 600 232 346 499 548 207 254 638 397 274 215 345 560 468 627 310 261 219 251 670 154 559 250 352 365 358 500 233 399 110 422 407 442 519 177 362 161 378 451 194 216 461 395 406 632 0 444 350 620 513 365 218 252 771 497 521 234 309 683 426 592 334 298 534 334 589 529 606 184 590 194 414 486 486 433 279 675 252
98 807 197 894 573 668 422 371 520 877 654 802 929 604 676 757 421 614 236 263 213 612 540 505 284 258 584 504 526 514 650 597 769 351 501 200 665 800 661 356 553 200 412 855 839 23 855 324 540 597 608 7 389 660 251 396 750 371 444 0 93 177 755 340 458 567 377 196 854 231 640 341 286 795 110 262 972 268 797 87 162 533 818 614 113 130 130 526 708 279 660
13 745 166 801 511 575 331 277 449 810 573 709 836 586 583 664 389 563 143 182 294 552 468 427 246 284 541 490 461 430 556 507 717 269 470 106 591 709 576 357 474 169 326 765 749 97 770 234 467 503 530 101 302 567 239 362 663 391 350 93 0 269 680 304 384 479 447 232 769 150 553 389 275 726 16 192 878 227 728 181 255 442 746 520 107 182 166 484 614 347 567
275 907 302 1059 679 844 583 543 688 983 828 978 1105 713 852 922 485 698 413 416 76 770 709 677 433 252 725 529 690 661 821 754 847 528 555 372 835 978 806 456 726 303 590 1033 1017 184 999 487 666 770 740 170 544 836 315 535 900 351 620 177 269 0 878 483 629 720 242 277 997 408 793 265 409 905 286 401 1144 421 908 104 31 695 934 784 231 217 179 668 878 164 827
685 153 577 399 212 519 393 488 778 163 748 532 602 1111 519 346 437 261 598 498 849 900 777 721 817 670 981 502 819 266 413 272 251 649 415 590 822 648 162 973 726 575 622 689 683 769 189 468 214 440 150 762 393 527 572 895 190 653 513 755 680 878 0 853 731 260 892 904 182 666 218 768 889 90 669 492 550 801 84 834 883 329 77 389 655 862 699 945 405 830 349
290 956 464 831 736 534 460 365 241 1007 403 668 782 287 542 706 673 812 275 408 541 291 263 261 57 585 244 785 226 587 573 610 958 211 752 312 382 612 711 139 306 468 262 658 642 320 883 397 665 513 706 342 468 522 540 58 769 694 365 340 304 483 853 0 210 602 713 228 884 203 668 680 93 921 297 444 857 76 920 381 455 540 929 555 410 269 461 187 630 616 614
372 855 503 639 662 332 358 270 68 893 203 462 573 387 340 523 665 752 272 391 671 192 84 52 226 656 250 791 97 478 388 465 882 126 737 328 208 401 574 347 101 506 113 448 432 445 723 339 575 332 596 463 389 320 579 214 612 750 218 458 384 629 731 210 0 470 830 418 726 233 523 769 299 810 370 436 651 227 807 525 606 401 808 381 482 437 549 216 441 731 440
481 391 429 352 252 299 152 239 518 422 501 366 475 852 301 225 401 352 367 305 711 642 518 461 572 568 721 514 559 71 200 44 443 394 429 376 572 451 108 729 469 429 362 503 492 575 293 245 159 203 138 574 177 302 458 640 183 596 252 567 479 720 260 602 470 0 800 684 293 429 74 687 648 341 465 320 470 556 338 653 716 69 337 162 488 653 549 685 227 718 156
458 879 382 1152 680 989 692 682 895 960 1020 1113 1238 955 997 1021 456 662 579 527 172 990 914 875 659 231 957 436 903 731 944 841 792 715 498 526 1039 1137 863 697 922 380 770 1194 1179 394 1046 608 701 902 777 373 642 984 341 767 963 247 771 377 447 242 892 713 830 800 0 518 1042 598 865 125 645 894 462 493 1260 644 900 335 274 795 932 902 359 456 287 899 996 99 934
223 976 385 975 742 705 532 454 463 1040 620 843 965 436 713 840 612 795 317 408 346 519 485 470 193 450 457 700 453 646 716 706 949 358 693 314 608 810 788 179 519 389 423 860 844 173 978 441 694 658 754 193 515 695 447 270 866 563 497 196 232 277 904 228 418 684 518 0 977 264 757 515 140 955 239 424 1027 190 957 187 246 636 974 688 306 68 323 402 776 431 743
772 314 697 237 376 447 445 529 760 281 693 416 457 1114 445 237 597 440 660 590 979 871 754 704 859 814 968 675 803 339 351 275 427 673 587 668 771 544 192 1016 696 696 630 574 571 864 7 538 341 399 265 862 466 458 708 917 115 812 521 854 769 997 182 884 726 293 1042 977 0 720 220 921 937 250 755 597 387 844 242 939 997 346 209 347 766 945 821 942 319 971 290
140 759 280 711 536 451 278 192 299 814 424 589 714 488 460 576 474 609 72 205 442 408 318 277 155 425 414 591 315 400 453 446 756 120 552 112 441 573 536 307 324 284 182 628 612 223 720 200 468 396 516 237 274 442 358 257 607 524 234 231 150 408 666 203 233 429 598 264 720 0 500 536 222 728 136 243 768 137 728 308 388 375 740 424 249 251 315 359 513 498 479
555 363 499 291 272 305 225 308 566 381 530 344 440 909 306 177 450 367 440 378 782 685 564 509 640 633 772 556 608 134 199 58 433 457 468 450 604 446 55 797 510 499 419 492 484 649 220 319 191 222 139 648 251 311 524 703 109 654 309 640 553 793 218 668 523 74 865 757 220 500 0 750 717 306 539 392 421 625 301 727 790 127 294 172 561 726 620 740 206 785 140
401 754 286 1039 555 895 589 591 836 835 949 1013 1137 943 902 910 331 537 504 431 189 941 854 810 623 123 924 315 850 617 841 729 669 648 373 449 975 1047 744 690 854 284 696 1104 1089 362 925 512 580 803 655 339 537 890 231 737 844 123 683 341 389 265 768 680 769 687 125 515 921 536 750 0 626 769 401 392 1152 606 775 328 294 688 807 799 287 447 222 866 890 107 826
262 980 441 902 753 613 499 408 334 1037 495 749 866 318 621 772 662 820 293 415 472 380 356 351 81 542 318 765 319 623 642 661 971 273 743 315 475 700 756 86 397 445 333 747 731 264 936 422 690 582 739 287 497 601 513 130 822 655 426 286 275 409 889 93 299 648 645 140 937 222 717 626 0 951 274 444 937 92 951 310 379 590 963 620 375 191 414 262 700 552 678
733 64 608 480 225 609 462 558 860 85 836 623 689 1185 609 435 439 236 658 547 869 984 860 803 882 682 1060 481 901 336 503 358 177 722 401 644 909 739 251 1036 810 606 699 780 773 811 258 528 261 529 216 802 454 617 591 965 279 649 592 795 726 905 90 921 810 341 894 955 250 728 306 769 951 0 717 534 632 865 8 870 912 411 45 478 689 908 726 1023 496 840 440
16 737 168 785 503 558 316 260 435 802 558 692 819 581 566 648 388 558 127 171 310 540 454 413 240 294 532 492 449 418 539 493 712 253 470 91 577 692 563 357 460 172 310 749 733 113 756 219 457 486 519 118 289 550 243 356 649 399 334 110 16 286 669 297 370 465 462 239 755 136 539 401 274 717 0 184 862 221 718 197 272 427 736 504 116 192 179 475 598 362 551
200 552 111 667 318 502 199 205 504 618 584 621 746 731 509 532 233 376 175 46 391 627 518 464 392 268 652 355 531 260 450 357 528 310 310 132 625 656 405 530 500 112 338 713 699 277 599 122 278 410 345 270 150 498 164 499 499 333 298 262 192 401 492 444 436 320 493 424 597 243 392 392 444 534 184 0 767 373 536 344 400 304 556 409 169 374 229 599 502 404 442
875 696 879 151 688 324 569 601 649 668 514 189 107 1001 315 245 870 776 738 738 1151 716 633 607 856 1030 837 977 687 541 322 426 802 669 889 772 585 286 451 996 573 880 606 278 284 973 380 660 612 375 552 980 617 335 921 865 368 1066 534 972 878 1144 550 857 651 470 1260 1027 387 768 421 1152 937 632 862 767 0 850 623 1059 1133 464 595 361 922 1020 990 834 266 1171 325
214 896 388 811 673 526 409 317 275 951 430 663 783 362 534 681 599 744 209 339 474 348 297 280 19 510 317 710 271 534 551 569 892 182 679 241 422 621 665 173 329 392 244 671 655 250 843 337 605 491 651 271 410 515 464 134 730 618 334 268 227 421 801 76 227 556 644 190 844 137 625 606 92 865 221 373 850 0 864 317 394 498 875 528 334 214 386 259 609 547 586
735 73 611 472 229 603 461 557 856 86 831 615 681 1183 603 428 444 243 658 548 873 980 857 800 882 687 1058 488 897 334 497 354 186 720 408 644 905 733 246 1036 806 609 697 773 767 813 249 528 262 524 214 804 454 611 595 964 272 655 589 797 728 908 84 920 807 338 900 957 242 728 301 775 951 8 718 536 623 864 0 873 916 408 37 473 692 910 729 1020 490 845 434
184 879 263 982 646 752 509 458 584 951 725 888 1014 621 760 844 476 679 322 349 162 666 605 574 329 276 624 543 585 599 737 684 833 428 553 287 731 881 746 365 624 265 491 936 920 86 940 412 620 684 689 79 475 744 302 433 836 387 529 87 181 104 834 381 525 653 335 187 939 308 727 328 310 870 197 344 1059 317 873 0 80 621 896 701 180 121 161 566 795 244 748
260 917 306 1051 687 830 577 532 664 991 806 965 1091 682 838 914 499 710 398 411 107 743 685 655 406 273 696 549 664 659 810 750 861 508 571 360 811 961 805 424 704 307 571 1016 1000 165 999 480 670 758 742 154 539 822 327 506 898 375 606 162 255 31 883 455 606 716 274 246 997 388 790 294 379 912 272 400 1133 394 916 80 0 689 941 774 230 188 187 639 868 195 819
443 461 416 364 307 247 111 183 448 492 435 335 453 784 251 228 425 407 319 280 693 572 449 392 512 566 651 546 490 106 161 70 508 330 465 336 504 405 173 670 400 417 294 459 447 540 345 209 212 147 204 541 154 249 456 576 232 607 184 533 442 695 329 540 401 69 795 636 346 375 127 688 590 411 427 304 464 498 408 621 689 0 407 118 466 609 531 617 203 708 138
753 104 635 443 256 591 468 564 855 87 823 595 656 1188 590 408 476 278 670 566 901 977 855 798 892 716 1059 523 897 342 485 349 222 726 442 660 898 715 239 1048 803 633 699 754 748 833 217 540 279 515 223 825 466 599 623 971 251 688 590 818 746 934 77 929 808 337 932 974 209 740 294 807 963 45 736 556 595 875 37 896 941 407 0 464 715 929 755 1023 474 876 421
518 535 520 286 415 137 210 243 412 552 359 217 338 768 139 152 544 515 383 377 790 525 407 356 539 676 621 665 455 221 43 127 600 347 582 413 434 289 227 692 349 521 293 342 331 617 344 298 321 52 295 622 261 142 567 580 237 722 194 614 520 784 389 555 381 162 902 688 347 424 172 799 620 478 504 409 361 528 473 701 774 118 464 0 560 672 629 596 95 812 59
120 699 84 830 465 635 355 328 549 770 664 764 890 690 643 694 307 502 220 186 229 656 567 523 353 177 648 395 564 429 600 523 656 361 388 166 688 779 574 453 568 86 412 836 821 134 768 261 441 553 512 119 313 629 141 469 668 284 414 113 107 231 655 410 482 488 359 306 766 249 561 287 375 689 116 169 922 334 692 180 230 466 715 560 0 243 72 591 655 261 600
176 926 325 958 692 702 501 431 490 993 641 840 965 500 710 822 551 739 291 363 283 559 511 489 223 381 508 634 485 609 703 677 893 360 631 277 637 817 754 243 539 328 425 870 854 108 946 407 649 646 712 127 479 693 382 318 836 495 486 130 182 217 862 269 437 653 456 68 945 251 726 447 191 908 192 374 1020 214 910 121 188 609 929 672 243 0 255 451 763 366 725
179 730 123 895 500 707 422 399 615 804 734 834 961 732 714 760 316 524 291 252 162 718 634 591 403 128 703 383 628 487 669 586 676 430 392 238 756 851 630 486 637 124 483 908 893 153 823 331 487 623 561 131 377 701 142 519 726 241 486 130 166 179 699 461 549 549 287 323 821 315 620 222 414 726 179 229 990 386 729 161 187 531 755 629 72 255 0 645 724 189 668
471 1065 637 842 862 531 564 470 188 1106 326 647 744 172 537 733 833 947 424 558 728 143 201 241 242 768 57 951 147 688 600 681 1085 307 909 472 273 559 790 250 263 641 323 593 579 507 939 526 780 545 807 529 587 518 715 133 829 875 433 526 484 668 945 187 216 685 899 402 942 359 740 866 262 1023 475 599 834 259 1020 566 639 617 1023 596 591 451 645 0 649 803 654
612 558 614 201 473 129 303 337 461 561 375 139 250 822 125 85 625 571 476 472 885 561 452 408 619 768 668 742 504 295 59 184 638 427 656 508 454 243 256 769 391 615 368 287 279 710 314 393 385 118 344 716 353 140 659 649 225 811 279 708 614 878 405 630 441 227 996 776 319 513 206 890 700 496 598 502 266 609 490 795 868 203 474 95 655 763 724 649 0 906 70
358 831 292 1069 620 895 602 587 795 911 920 1021 1146 866 902 936 402 615 480 434 87 891 815 775 562 159 861 410 804 651 853 757 755 616 457 428 939 1041 787 609 822 291 671 1098 1082 296 975 515 630 809 706 275 554 889 263 672 886 218 675 279 347 164 830 616 731 718 99 431 971 498 785 107 552 840 362 404 1171 547 845 244 195 708 876 812 261 366 189 803 906 0 846
566 500 554 234 403 169 245 293 470 509 407 210 319 827 169 97 555 502 434 415 829 580 464 414 597 705 678 671 513 225 64 113 573 405 586 460 484 306 193 751 405 555 353 353 344 664 287 339 314 108 275 668 292 177 595 640 183 744 252 660 567 827 349 614 440 156 934 743 290 479 140 826 678 440 551 442 325 586 434 748 819 138 421 59 600 725 668 654 70 846 0
