36
0 1001 868 654 637 559 803 678 287 277 649 1148 917 933 101 864 1029 673 917 960 446 735 919 397 768 83 741 858 697 445 452 345 795 1009 801 841
1001 0 838 451 453 628 744 544 946 724 641 354 545 256 1025 140 224 600 206 528 621 474 655 670 287 1081 380 311 519 660 918 761 611 420 1005 189
868 838 0 469 484 378 103 347 601 721 284 668 1211 589 960 793 667 1082 633 353 881 387 210 884 589 938 488 989 1033 483 441 540 229 482 213 843
654 451 469 0 20 177 366 121 520 399 207 495 742 289 713 358 391 624 291 339 460 107 369 481 163 738 89 525 569 231 469 342 256 357 586 392
637 453 484 20 0 176 380 136 509 380 216 511 728 302 694 355 403 606 300 359 439 128 388 461 166 721 104 515 552 220 465 330 274 376 595 385
559 628 378 177 176 0 285 126 367 354 100 636 871 450 635 531 552 714 461 403 503 198 365 506 340 639 256 675 674 118 294 215 239 470 441 557
803 744 103 366 380 285 0 244 552 635 186 602 1107 500 891 693 585 981 541 290 784 285 162 790 489 877 386 886 930 396 404 465 132 413 272 741
678 544 347 121 136 126 244 0 493 452 97 513 863 338 749 468 439 739 359 282 558 78 269 572 264 759 164 646 687 233 406 338 146 344 470 508
287 946 601 520 509 367 552 493 0 315 432 1003 1023 808 388 824 910 802 810 761 551 566 690 518 671 344 608 895 798 290 167 184 576 837 515 826
277 724 721 399 380 354 635 452 315 0 454 882 710 664 317 588 757 487 644 727 236 493 716 207 495 358 479 605 484 239 411 200 589 757 723 569
649 641 284 207 216 100 186 97 432 454 0 594 940 431 729 563 531 799 455 328 597 172 270 603 360 727 261 731 753 216 323 303 147 414 379 599
1148 354 668 495 511 636 602 513 1003 882 594 0 897 219 1199 436 148 916 254 314 865 437 457 904 393 1231 407 656 837 723 917 835 487 189 872 506
917 545 1211 742 728 871 1107 863 1023 710 940 897 0 743 885 476 756 248 686 993 480 830 1083 524 642 972 734 246 226 822 1084 869 991 920 1312 406
933 256 589 289 302 450 500 338 808 664 431 219 743 0 981 267 102 722 57 271 648 260 399 686 173 1016 199 497 647 520 742 632 369 176 769 336
101 1025 960 713 694 635 891 749 388 317 729 1199 885 981 0 886 1074 637 960 1031 435 801 1000 382 812 95 796 853 672 518 552 427 874 1070 901 855
864 140 793 358 355 531 693 468 824 588 563 436 476 267 886 0 288 482 209 525 481 409 632 530 205 943 308 230 403 545 812 640 564 443 939 71
1029 224 667 391 403 552 585 439 910 757 531 148 756 102 1074 288 0 767 113 327 722 360 466 763 261 1112 301 512 689 622 844 733 456 206 856 359
673 600 1082 624 606 714 981 739 802 487 799 916 248 722 637 482 767 0 671 929 251 727 990 287 576 725 646 306 80 642 884 666 881 887 1150 415
917 206 633 291 300 461 541 359 810 644 455 254 686 57 960 209 113 671 0 326 610 283 449 651 149 1000 205 440 595 520 755 630 408 234 805 279
960 528 353 339 359 403 290 282 761 727 328 314 993 271 1031 525 327 929 326 0 795 235 143 819 356 1041 286 750 862 515 645 619 192 129 558 590
446 621 881 460 439 503 784 558 551 236 597 865 480 648 435 481 722 251 610 795 0 567 825 52 478 511 511 418 255 412 638 419 704 785 923 437
735 474 387 107 128 198 285 78 566 493 172 437 830 260 801 409 360 727 283 235 567 0 263 588 204 817 101 602 668 293 484 403 161 275 532 456
919 655 210 369 388 365 162 269 690 716 270 457 1083 399 1000 632 466 990 449 143 825 263 0 841 441 997 350 847 930 484 554 574 127 273 419 691
397 670 884 481 461 506 790 572 518 207 603 904 524 686 382 530 763 287 651 819 52 588 841 0 514 460 539 471 300 407 616 401 717 817 914 488
768 287 589 163 166 340 489 264 671 495 360 393 642 173 812 205 261 576 149 356 478 204 441 514 0 851 102 405 507 381 632 488 361 313 733 253
83 1081 938 738 721 639 877 759 344 358 727 1231 972 1016 95 943 1112 725 1000 1041 511 817 997 460 851 0 824 928 756 526 512 424 874 1091 859 918
741 380 488 89 104 256 386 164 608 479 261 407 734 199 796 308 301 646 205 286 511 101 350 539 102 824 0 503 582 320 550 432 260 280 631 355
858 311 989 525 515 675 886 646 895 605 731 656 246 497 853 230 512 306 440 750 418 602 847 471 405 928 503 0 228 652 924 721 763 674 1110 161
697 519 1033 569 552 674 930 687 798 484 753 837 226 647 672 403 689 80 595 862 255 668 930 300 507 756 582 228 0 611 866 648 825 814 1114 335
445 660 483 231 220 118 396 233 290 239 216 723 822 520 518 545 622 642 520 515 412 293 484 407 381 526 320 652 611 0 272 112 357 569 511 557
452 918 441 469 465 294 404 406 167 411 323 917 1084 742 552 812 844 884 755 645 638 484 554 616 632 512 550 924 866 272 0 218 453 738 349 828
345 761 540 342 330 215 465 338 184 200 303 835 869 632 427 640 733 666 630 619 419 403 574 401 488 424 432 721 648 112 218 0 450 679 523 643
795 611 229 256 274 239 132 146 576 589 147 487 991 369 874 564 456 881 408 192 704 161 127 717 361 874 260 763 825 357 453 450 0 299 400 614
1009 420 482 357 376 470 413 344 837 757 414 189 920 176 1070 443 206 887 234 129 785 275 273 817 313 1091 280 674 814 569 738 679 299 0 684 513
801 1005 213 586 595 441 272 470 515 723 379 872 1312 769 901 939 856 1150 805 558 923 532 419 914 733 859 631 1110 1114 511 349 523 400 684 0 978
841 189 843 392 385 557 741 508 826 569 599 506 406 336 855 71 359 415 279 590 437 456 691 488 253 918 355 161 335 557 828 643 614 513 978 0
