180
0 400 802 266 585 1010 852 592 670 825 831 598 589 655 246 895 707 657 374 33 160 731 442 492 830 990 771 297 658 862 533 269 333 876 735 642 451 1119 798 549 604 338 621 852 533 679 690 956 859 405 754 263 456 335 485 729 748 664 534 592 299 1030 162 901 465 730 229 514 807 551 512 572 659 855 129 500 774 629 914 121 611 1008 553 556 804 639 571 967 771 718 257 173 733 883 194 516 528 222 1143 269 805 552 737 612 720 896 467 884 806 449 394 137 242 871 900 458 88 731 381 694 654 885 551 972 495 134 292 813 89 1067 921 791 319 304 759 417 412 49 590 498 559 687 720 688 541 839 166 220 482 1096 210 768 718 612 452 810 977 836 876 35 744 733 454 278 677 811 193 444 577 460 803 840 454 961 889 334 647 706 263 911
400 0 447 137 200 626 550 439 322 553 512 515 478 378 495 630 435 527 84 384 350 472 387 450 454 596 616 331 276 463 434 433 357 508 408 483 249 719 429 389 343 316 519 473 289 328 449 557 465 179 377 222 197 182 340 337 388 270 323 213 112 634 486 523 292 451 188 410 460 394 307 173 336 455 281 394 375 446 596 443 362 627 396 228 620 457 336 567 402 448 486 506 503 483 532 206 449 321 743 180 497 515 369 305 367 500 219 485 478 55 380 420 157 471 720 405 334 573 115 308 267 504 332 584 97 266 107 419 330 667 532 393 366 377 426 422 334 445 208 271 218 324 529 315 217 439 233 366 82 698 250 516 405 353 150 410 577 441 555 364 474 587 199 322 292 416 500 45 276 95 403 687 123 569 622 450 327 310 329 513
802 447 0 549 252 236 170 394 132 227 114 499 454 209 787 283 205 879 435 777 792 724 805 527 484 268 444 776 409 348 461 699 798 81 588 825 378 427 50 385 646 536 889 98 635 506 261 298 190 594 448 547 351 471 410 181 60 219 332 423 557 315 826 514 685 686 628 453 29 388 674 306 152 318 707 789 223 354 176 797 262 227 763 246 404 787 668 364 61 695 768 846 285 329 869 287 844 768 485 627 671 551 477 575 82 391 346 323 83 392 544 856 586 312 470 820 718 420 546 166 199 129 678 219 395 679 533 375 716 408 187 218 810 617 584 568 755 852 243 336 244 479 357 448 523 281 643 666 391 392 599 252 128 654 350 292 326 368 139 769 712 445 353 590 177 184 826 406 570 462 302 485 501 228 273 670 165 348 777 372
266 137 549 0 319 747 623 435 417 611 593 486 458 433 369 686 490 566 114 248 248 561 385 400 587 724 622 282 409 600 405 317 317 618 522 531 249 853 539 385 427 238 547 590 361 450 488 690 593 224 509 119 226 131 323 463 492 398 338 345 76 764 350 657 330 547 94 382 557 388 362 306 416 592 158 414 508 456 678 307 401 746 438 307 638 513 408 703 512 540 362 370 538 620 397 271 463 242 879 126 606 468 498 408 466 637 244 621 564 183 311 308 43 607 740 404 197 579 167 429 389 623 396 707 234 134 33 556 193 802 656 525 319 277 543 351 333 313 325 289 305 451 547 446 323 574 99 245 219 830 125 563 481 436 204 546 711 578 638 230 567 588 225 221 412 545 366 179 374 215 540 694 224 695 679 347 404 447 266 650
585 200 252 319 0 428 380 390 141 401 333 492 446 252 628 476 300 647 212 564 550 525 554 467 377 405 531 525 226 320 421 548 545 309 411 595 254 542 229 352 423 395 651 273 398 320 335 379 274 342 309 356 196 285 334 145 192 84 275 205 313 447 642 435 438 492 387 403 270 357 433 65 178 302 475 543 199 376 415 605 265 427 524 115 516 561 437 406 203 496 613 663 386 328 688 138 599 521 576 380 504 518 323 359 178 365 207 328 297 144 435 619 351 313 609 570 509 492 294 110 69 304 443 387 143 454 298 299 506 496 336 214 558 475 417 472 504 633 10 239 94 300 435 275 290 276 419 496 138 516 401 382 243 432 159 256 403 311 374 549 518 513 199 431 92 227 650 156 345 211 254 594 250 376 467 543 175 206 526 367
1010 626 236 747 428 0 337 627 354 411 299 730 686 445 1018 434 433 955 636 988 976 764 932 764 467 91 649 935 482 307 697 931 949 155 619 901 609 218 219 621 725 768 977 159 737 560 487 172 174 737 469 766 574 690 646 291 274 357 569 524 739 118 1051 463 805 723 814 690 251 624 781 457 387 283 903 901 273 585 290 1018 498 19 860 465 599 861 757 246 244 737 999 1071 500 272 1095 507 953 942 286 803 679 785 506 652 306 328 573 264 290 571 780 1046 779 264 640 944 931 633 704 318 359 125 773 49 549 881 726 366 928 227 98 256 965 850 604 804 888 1059 422 569 457 530 573 502 629 261 845 893 553 181 815 458 363 730 563 293 188 344 285 975 747 657 577 819 335 219 1053 581 660 610 307 675 642 77 426 905 399 407 942 297
852 550 170 623 380 337 0 331 238 73 55 420 383 197 786 114 149 1025 514 823 872 885 930 480 654 400 312 880 569 516 409 696 907 208 753 973 401 553 220 345 797 542 1031 254 777 667 186 449 353 717 615 589 400 518 393 346 210 372 326 573 651 444 844 684 817 847 713 411 140 347 813 442 213 487 776 922 392 284 69 823 244 321 904 323 261 937 814 522 228 855 765 862 177 496 882 353 979 860 618 723 837 483 644 728 208 559 386 489 90 499 527 929 665 479 309 946 764 301 661 322 344 274 822 342 521 743 616 545 763 548 329 388 916 616 750 539 878 902 369 354 332 641 245 611 667 450 707 681 512 515 641 130 144 806 420 462 476 538 52 822 874 324 401 604 328 353 837 516 719 588 472 337 628 362 104 654 223 513 875 537
592 439 394 435 390 627 331 0 317 275 342 108 61 185 471 327 196 966 363 559 661 893 811 149 765 661 187 717 614 679 78 384 752 472 795 922 191 820 427 50 773 254 957 488 726 704 146 678 561 616 700 348 242 303 112 474 377 449 120 582 494 708 543 818 730 864 528 85 376 46 746 446 265 654 554 828 539 47 401 532 140 615 835 275 212 894 772 733 411 865 449 559 163 675 576 261 882 672 874 559 888 158 713 721 346 726 220 671 339 414 212 698 477 657 310 830 505 144 550 427 414 522 770 613 473 515 445 676 505 795 579 547 754 309 804 214 758 639 383 169 296 687 128 663 637 619 485 387 454 785 392 209 265 782 292 613 707 682 376 569 890 153 240 316 418 533 530 431 698 521 616 259 557 621 324 332 257 594 700 718
670 322 132 417 141 354 238 317 0 262 193 426 379 141 663 336 174 788 302 645 661 658 693 431 466 362 421 653 346 363 371 576 677 208 534 736 255 517 134 294 563 414 793 196 540 445 220 366 248 480 411 416 221 340 303 158 80 151 227 340 429 409 697 511 579 622 498 358 140 299 574 205 54 337 574 684 223 289 276 667 177 348 666 113 396 701 577 417 110 628 645 717 265 357 741 155 740 640 566 500 623 468 433 496 50 410 218 354 157 268 431 725 455 339 483 709 586 387 427 114 118 232 584 326 283 547 402 367 584 485 281 229 688 496 535 460 642 719 131 218 111 421 325 392 430 302 510 539 275 485 467 252 104 571 217 297 394 370 235 636 649 410 223 464 110 216 699 283 484 350 302 477 390 325 326 554 60 303 651 401
825 553 227 611 401 411 73 275 262 0 118 355 321 178 740 77 121 1048 506 795 858 919 938 424 705 471 238 878 606 574 353 651 907 277 792 997 375 625 277 296 824 503 1051 319 798 704 138 517 416 726 661 563 384 496 351 392 256 408 291 602 646 516 804 739 831 883 703 358 197 297 831 465 224 545 758 936 445 227 135 786 214 394 923 325 188 962 838 588 279 890 718 821 113 557 840 348 992 852 690 718 879 420 687 758 244 618 368 550 144 506 479 910 654 539 243 956 736 228 667 361 377 342 843 414 537 723 607 598 736 619 398 442 915 572 791 487 886 874 390 328 338 679 175 650 691 508 688 642 525 588 615 65 158 833 413 517 545 593 126 797 910 252 385 566 364 410 795 523 745 602 526 265 642 433 69 605 230 555 870 599
831 512 114 593 333 299 55 342 193 118 0 439 398 183 781 169 147 976 481 803 842 832 886 488 599 355 350 843 516 462 418 691 868 159 699 923 384 510 165 348 747 533 983 202 729 614 196 399 300 673 560 569 375 496 389 291 157 320 316 522 615 399 833 629 772 794 680 416 84 350 765 394 177 432 748 877 337 297 85 809 235 284 856 288 303 887 765 470 173 802 760 851 202 442 873 322 933 826 574 687 783 499 589 677 157 504 363 435 36 459 525 901 634 425 360 903 744 334 620 269 294 223 773 298 476 717 584 490 742 501 280 333 878 609 695 541 835 881 323 338 294 587 274 557 618 395 681 669 468 473 621 159 113 755 389 407 427 483 45 800 820 358 377 592 275 298 828 475 669 544 417 383 583 315 159 653 189 458 839 484
598 515 499 486 492 730 420 108 426 355 439 0 47 293 436 392 297 1039 434 564 690 981 871 106 868 767 185 764 713 787 82 356 801 576 891 997 267 926 534 139 857 268 1025 595 805 800 243 786 669 687 802 382 326 357 175 582 485 554 217 676 554 814 520 923 800 954 575 106 480 134 821 545 373 762 584 894 647 145 488 519 248 717 907 377 234 972 852 842 519 954 413 534 243 783 546 358 946 711 982 612 984 67 813 810 454 834 305 780 440 499 203 717 526 765 314 890 515 156 621 534 520 628 848 718 562 543 503 782 517 903 685 655 801 296 900 184 819 641 485 259 398 784 183 762 724 727 517 380 543 891 418 291 371 867 378 720 815 789 469 581 979 146 324 322 525 641 502 514 784 604 724 246 637 727 392 294 365 698 743 827
589 478 454 458 446 686 383 61 379 321 398 47 0 247 445 364 254 1004 398 556 672 940 840 111 822 722 182 738 668 740 56 361 775 532 847 961 229 881 488 94 817 252 992 550 767 756 201 740 623 652 756 360 285 327 138 535 438 508 172 633 523 769 524 877 766 912 549 77 436 89 785 500 327 715 565 862 600 101 452 518 201 674 872 331 222 935 814 795 473 913 422 538 208 736 553 313 914 689 936 584 940 100 768 768 407 787 264 732 397 459 196 703 499 718 312 860 504 145 586 487 474 583 811 674 521 525 472 735 505 857 640 608 776 293 856 186 788 634 439 216 352 740 155 718 683 680 497 376 501 846 400 255 326 827 337 673 768 742 430 569 938 143 283 311 478 594 508 475 744 564 677 250 599 682 363 303 318 651 719 780
655 378 209 433 252 445 197 185 141 178 183 293 247 0 597 254 57 887 328 625 680 777 765 318 605 475 283 700 475 504 251 508 730 290 662 837 204 634 241 175 671 349 886 303 638 571 83 493 376 555 548 392 206 322 207 300 191 288 133 457 468 523 649 652 663 744 525 244 195 178 667 316 86 477 582 767 364 150 261 627 54 435 759 155 264 805 680 550 226 748 577 668 134 496 689 172 823 673 689 540 754 342 567 609 161 551 191 492 168 334 343 734 475 478 358 783 566 247 493 255 253 336 683 429 374 548 429 509 566 610 393 368 737 426 666 363 712 705 242 157 171 550 186 523 535 441 512 486 359 599 444 138 82 681 235 438 522 511 226 625 771 269 207 409 250 351 644 352 593 435 444 343 475 435 247 472 83 440 692 540
246 495 787 369 628 1018 786 471 663 740 781 436 445 597 0 798 638 880 431 220 399 919 669 334 950 1020 621 527 771 942 396 89 566 868 891 857 408 1166 798 444 786 250 849 859 715 819 603 1005 894 578 873 277 446 343 392 770 744 712 464 709 437 1065 99 1019 664 909 395 386 782 443 706 640 634 927 325 721 827 517 854 125 545 1011 764 556 666 848 760 1034 774 901 23 104 633 955 111 514 756 453 1204 445 973 375 865 774 711 983 445 954 765 527 261 382 375 940 751 687 214 588 531 726 691 895 744 988 590 298 402 906 219 1123 942 842 555 171 912 259 631 266 628 450 567 818 597 811 692 903 304 132 572 1138 246 676 675 794 469 881 1030 925 822 254 927 582 443 199 709 850 70 530 740 583 877 682 593 985 795 141 621 799 494 990
895 630 283 686 476 434 114 327 336 77 169 392 364 254 798 0 197 1124 583 864 933 991 1016 473 767 505 243 955 677 630 404 710 984 318 862 1072 447 652 334 356 899 568 1127 367 875 775 204 559 467 803 727 634 460 569 415 458 321 479 361 676 723 546 866 798 908 954 779 412 254 355 908 541 300 601 832 1014 506 281 143 851 287 416 1000 402 185 1037 913 633 341 962 776 883 165 610 901 425 1070 928 720 795 948 459 754 832 314 672 442 603 202 583 538 984 729 593 206 1033 806 247 744 430 449 384 920 446 613 796 684 659 806 653 438 502 992 633 860 541 963 944 466 401 415 750 209 720 766 564 762 706 602 615 685 127 233 908 489 576 586 652 156 867 981 267 460 631 434 467 855 601 820 679 586 248 719 468 9 660 307 623 947 651
707 435 205 490 300 433 149 196 174 121 147 297 254 57 638 197 0 941 385 677 737 826 822 340 639 473 250 758 518 527 270 548 788 280 706 891 256 632 245 200 723 393 941 303 692 616 55 500 387 611 586 445 263 376 245 327 203 326 177 506 526 520 695 682 719 791 582 268 183 202 722 365 124 499 638 823 388 152 216 674 96 420 814 210 222 858 733 563 236 796 616 713 91 516 733 229 879 731 690 598 797 354 607 659 179 573 247 511 143 391 379 790 533 498 310 840 619 220 550 287 292 334 737 422 427 603 487 538 618 613 392 391 795 467 709 394 769 757 290 209 225 593 156 565 587 462 568 532 414 596 496 83 82 732 292 463 529 538 186 678 818 244 264 455 284 368 688 408 644 490 470 303 530 433 189 507 125 478 750 559
657 527 879 566 647 955 1025 966 788 1048 976 1039 1004 887 880 1124 941 0 605 671 498 219 214 962 520 883 1143 359 479 662 957 859 325 906 351 54 776 926 839 917 233 805 47 852 249 395 965 808 785 352 491 685 725 686 865 705 823 659 850 455 492 897 815 565 239 255 498 933 902 922 221 583 824 679 555 159 692 973 1053 770 882 966 131 732 1142 94 211 764 819 237 883 829 1019 698 851 723 131 434 907 450 336 1031 454 306 818 661 747 704 939 558 877 551 536 700 1241 199 665 1100 418 712 682 867 204 906 513 583 543 596 660 862 861 707 341 838 373 918 248 668 658 798 715 425 1053 453 358 695 585 786 527 925 676 1024 890 226 676 662 810 622 1013 635 241 1115 726 783 702 748 844 540 308 453 648 1212 413 879 1115 903 819 551 394 693
374 84 435 114 212 636 514 363 302 506 481 434 398 328 431 583 385 605 0 352 360 557 451 366 523 618 545 373 345 512 352 361 404 504 490 563 171 752 426 312 428 233 594 478 372 406 391 589 486 253 446 154 128 100 260 357 378 294 251 287 140 659 434 590 367 535 199 328 443 317 386 211 304 500 272 465 407 375 567 395 302 634 474 193 553 538 419 609 399 532 419 455 443 527 481 160 519 346 782 212 580 432 442 390 352 552 149 528 451 96 296 422 153 513 655 469 297 501 187 320 280 511 414 598 163 246 102 475 294 704 547 423 410 299 506 338 397 423 216 200 191 400 462 388 301 479 210 299 143 727 192 462 370 437 93 453 612 494 526 339 558 514 128 246 303 439 445 102 360 179 448 616 207 587 575 372 292 367 364 561
33 384 777 248 564 988 823 559 645 795 803 564 556 625 220 864 677 671 352 0 180 736 458 458 822 970 738 313 648 848 500 237 350 852 733 653 421 1101 774 517 607 305 637 829 535 673 659 938 839 404 746 234 429 307 453 710 724 645 503 582 289 1011 144 892 471 733 223 481 780 519 517 554 632 840 127 513 756 596 885 99 581 985 563 531 771 649 575 951 748 722 229 158 702 868 181 490 544 238 1127 267 806 519 730 610 695 883 439 869 778 432 361 167 229 855 867 474 59 698 375 673 633 863 557 951 480 121 276 801 60 1050 900 773 338 270 757 383 424 80 569 468 534 680 687 680 537 823 150 186 467 1078 181 737 690 615 428 795 960 824 848 35 748 699 427 244 656 791 173 428 575 450 788 806 447 940 859 301 620 693 279 897
160 350 792 248 550 976 872 661 661 858 842 690 672 680 399 933 737 498 360 180 0 588 283 589 728 942 847 138 568 785 615 403 173 857 612 485 489 1056 777 613 469 422 461 824 398 569 732 897 812 288 656 313 473 365 548 686 733 619 578 503 237 978 322 797 321 592 163 594 802 616 371 520 664 783 106 343 719 689 927 279 646 977 400 554 871 486 431 895 751 579 407 334 781 810 354 519 368 66 1071 175 672 655 633 489 710 814 490 814 811 406 490 76 207 801 971 299 195 805 287 659 617 854 410 933 431 147 258 729 191 999 881 737 158 415 637 522 257 171 557 532 550 582 782 589 431 774 176 339 424 1037 272 808 729 475 452 742 914 755 887 145 603 811 473 373 642 763 353 395 455 380 732 919 361 918 926 462 652 627 104 833
731 472 724 561 525 764 885 893 658 919 832 981 940 777 919 991 826 219 557 736 588 0 340 922 309 685 1052 458 315 461 901 877 437 737 145 174 713 714 680 847 133 785 258 681 203 218 860 607 602 341 295 677 655 653 806 544 674 512 772 320 486 695 874 348 267 41 524 878 751 852 219 461 702 482 609 274 516 889 901 827 785 777 206 630 1041 140 160 556 663 29 916 891 911 497 916 633 292 522 691 475 117 987 259 171 677 453 675 504 795 481 852 657 545 502 1135 336 713 1012 393 562 542 690 179 715 419 626 530 398 708 650 674 529 457 837 162 894 340 756 535 724 610 246 958 276 257 503 614 804 438 716 685 907 762 124 603 473 605 422 864 702 22 1030 657 780 557 571 899 466 197 379 459 1118 350 687 982 908 700 378 490 486
442 387 805 385 554 932 930 811 693 938 886 871 840 765 669 1016 822 214 451 458 283 340 0 784 566 874 995 145 456 673 789 655 111 849 412 206 620 952 774 761 254 620 179 802 207 409 836 810 757 213 511 498 578 514 703 651 745 592 702 407 317 899 602 628 127 356 303 765 824 765 161 499 717 682 345 67 658 826 969 556 749 938 133 613 1004 215 211 785 750 340 674 615 890 706 636 593 86 220 949 259 445 853 478 308 732 687 600 711 851 432 693 338 347 703 1105 19 455 952 272 643 606 825 187 884 411 377 368 608 450 889 833 676 128 642 439 732 53 453 564 651 600 433 913 453 303 687 383 583 418 943 481 903 786 256 536 652 819 636 928 422 359 964 579 590 630 712 631 415 286 343 639 1067 304 861 1007 704 709 530 179 715
492 450 527 400 467 764 480 149 431 424 488 106 111 318 334 473 340 962 366 458 589 922 784 0 842 789 289 670 676 779 70 251 709 608 844 924 217 947 554 142 794 168 946 618 737 755 294 798 680 612 770 288 279 276 133 578 501 539 204 632 471 837 415 901 723 899 484 74 513 139 748 511 385 757 484 813 643 196 550 412 265 753 832 357 332 901 785 846 536 897 311 429 311 780 443 328 863 614 997 525 936 68 777 753 469 825 262 777 482 444 99 613 437 762 419 804 410 254 547 529 508 652 778 746 511 443 420 765 412 917 707 653 707 189 857 77 734 534 462 228 376 743 266 724 665 724 420 274 491 913 318 358 401 804 329 712 826 775 524 476 923 249 276 218 517 646 398 457 725 543 713 352 573 750 471 192 374 671 648 822
830 454 484 587 377 467 654 765 466 705 599 868 822 605 950 767 639 520 523 822 728 309 566 842 0 382 887 631 178 160 799 884 628 472 169 468 625 405 434 729 316 749 552 415 361 162 686 301 321 439 77 675 564 621 710 314 449 318 652 242 533 387 937 70 447 269 601 780 514 734 405 332 519 186 702 515 261 745 652 893 632 481 457 491 861 429 358 246 426 285 940 957 730 194 984 514 555 671 388 564 213 895 95 258 464 144 580 202 565 426 800 804 594 203 942 572 780 853 450 352 353 414 380 420 360 700 554 109 775 341 385 266 647 821 147 839 540 869 383 615 470 146 791 142 296 216 675 820 379 406 705 712 562 317 518 195 297 125 621 795 289 875 567 769 355 304 954 421 285 373 183 943 375 389 757 893 522 171 653 177
990 596 268 724 405 91 400 661 362 471 355 767 722 475 1020 505 473 883 618 970 942 685 874 789 382 0 705 890 419 224 725 935 901 196 540 829 616 159 235 648 656 774 907 172 674 488 529 82 131 688 392 757 574 683 665 260 288 326 588 468 707 47 1044 374 747 644 783 715 290 652 719 423 404 204 877 839 224 622 363 1009 525 109 794 464 658 789 690 154 254 659 1003 1065 550 189 1090 506 889 903 219 767 596 818 430 584 321 241 576 181 338 543 794 1015 753 184 709 885 915 684 662 298 337 139 708 59 511 858 700 288 912 147 82 205 917 856 524 822 834 1038 401 581 453 459 622 432 571 189 823 891 518 124 804 511 396 661 554 223 96 263 350 955 667 709 577 820 315 179 1049 550 595 567 237 737 595 40 496 916 416 344 900 208
771 616 444 622 531 649 312 187 421 238 350 185 182 283 621 243 250 1143 545 738 847 1052 995 289 887 705 0 904 756 777 238 540 939 508 943 1096 375 861 490 237 939 433 1136 542 898 851 201 742 633 796 831 534 419 490 300 577 453 571 293 734 679 750 704 932 909 1021 716 256 418 233 921 594 368 749 741 1009 639 169 371 700 267 633 1012 422 59 1067 942 808 484 1024 598 718 160 765 731 422 1063 859 924 746 1035 249 850 882 429 823 397 760 367 585 379 883 665 747 130 1014 685 43 730 536 536 569 942 649 637 701 631 788 686 850 628 641 942 475 948 366 942 816 522 345 442 831 96 805 802 712 671 558 620 824 577 193 331 949 466 714 771 789 365 750 1047 39 418 493 532 617 686 602 862 692 720 71 730 665 247 480 365 723 887 809
297 331 776 282 525 935 880 717 653 878 843 764 738 700 527 955 758 359 373 313 138 458 145 670 631 890 904 0 489 710 684 518 39 832 498 347 530 988 754 667 346 502 324 792 280 469 763 835 764 202 564 382 499 413 605 645 716 581 618 428 232 921 457 698 196 465 188 661 791 670 245 480 667 713 205 205 666 738 928 412 675 939 263 557 919 349 306 823 728 451 532 469 815 740 491 530 231 74 995 160 550 739 537 379 698 733 519 744 810 385 575 199 239 733 1021 161 314 861 232 627 586 819 283 889 387 241 275 650 309 928 837 684 37 514 525 611 120 309 533 568 549 487 828 500 339 710 254 448 387 973 356 836 736 351 465 677 849 677 887 277 474 870 499 464 611 716 486 370 348 324 665 976 294 870 947 571 657 556 34 756
658 276 409 409 226 482 569 614 346 606 516 713 668 475 771 677 518 479 345 648 568 315 456 676 178 419 756 489 0 221 639 706 493 428 188 424 458 500 366 574 245 573 496 373 255 98 558 353 309 287 101 496 397 443 547 229 359 197 496 66 359 442 760 247 329 277 430 618 436 579 300 168 394 226 531 420 213 602 586 716 491 491 378 339 739 385 275 334 348 286 761 780 607 252 806 355 471 517 506 398 278 733 101 172 362 246 414 256 479 248 627 644 419 247 829 466 604 718 282 247 228 388 291 433 181 527 377 161 599 439 385 229 511 644 191 668 418 699 234 455 319 74 660 49 154 230 499 641 201 488 526 598 450 252 348 195 364 188 548 623 304 738 400 591 242 269 775 242 177 198 182 818 207 408 667 716 394 75 505 267
862 463 348 600 320 307 516 679 363 574 462 787 740 504 942 630 527 662 512 848 785 461 673 779 160 224 777 710 221 0 726 866 715 322 316 608 572 279 297 651 440 716 688 266 467 271 579 146 168 508 171 665 516 599 646 205 325 240 577 283 563 235 945 169 547 420 638 710 378 656 513 301 417 29 738 631 140 652 506 905 540 321 581 422 744 568 477 112 296 434 928 966 617 35 992 455 678 737 285 611 372 823 208 371 348 47 526 43 431 420 755 860 619 43 817 682 798 747 497 252 271 260 497 259 367 728 571 66 794 217 226 136 733 794 299 791 638 905 322 551 403 244 683 220 375 66 697 809 381 269 704 592 445 444 479 66 148 39 478 826 442 770 519 748 262 164 957 421 387 406 66 826 424 229 620 863 424 158 726 49
533 434 461 405 421 697 409 78 371 353 418 82 56 251 396 404 270 957 352 500 615 901 789 70 799 725 238 684 639 726 0 310 721 541 813 915 187 883 490 77 776 196 943 553 723 723 223 737 619 604 730 304 246 275 94 522 438 489 148 599 472 773 472 856 718 875 495 23 446 73 739 471 322 703 509 812 588 126 479 464 199 685 825 308 274 890 770 788 472 874 373 487 241 725 503 284 864 633 935 531 906 97 739 730 405 773 227 722 412 419 142 647 446 707 367 808 448 199 538 474 456 587 766 680 483 468 421 716 449 855 643 597 721 239 824 137 737 578 415 184 328 709 200 688 643 669 441 321 463 849 343 287 333 785 298 659 765 725 453 513 900 199 244 255 463 587 457 434 703 523 661 306 556 686 402 256 312 628 664 768
269 433 699 317 548 931 696 384 576 651 691 356 361 508 89 710 548 859 361 237 403 877 655 251 884 935 540 518 706 866 310 0 558 780 837 831 321 1084 711 355 743 162 831 773 675 760 514 923 810 537 807 210 361 266 302 688 656 632 374 646 390 981 164 952 633 864 362 299 693 354 671 566 546 850 312 700 747 429 764 167 455 924 737 471 583 818 721 955 687 857 69 177 544 877 192 429 740 448 1123 412 922 300 802 724 624 908 359 876 675 458 172 404 332 862 670 673 208 506 484 643 610 809 707 902 524 278 349 834 212 1042 856 761 550 81 856 174 611 302 548 362 483 757 511 748 639 825 273 73 505 1054 192 587 586 752 389 804 949 851 732 264 884 501 358 117 627 768 146 463 691 524 800 603 539 899 707 66 533 728 488 914
333 357 798 317 545 949 907 752 677 907 868 801 775 730 566 984 788 325 404 350 173 437 111 709 628 901 939 39 493 715 721 558 0 852 488 316 564 994 773 702 333 541 288 809 270 466 795 843 777 212 564 420 531 449 641 661 738 597 651 435 263 930 494 693 184 447 225 698 814 706 232 498 693 720 245 174 679 772 953 449 706 954 236 584 953 321 291 828 748 432 571 506 847 745 527 558 195 112 998 193 534 777 535 372 721 736 551 750 834 409 613 227 275 740 1055 125 353 896 251 645 605 835 267 903 406 280 308 653 348 933 851 697 20 553 515 650 97 342 555 601 575 485 862 501 340 719 294 488 407 981 395 866 762 336 495 685 856 680 912 314 454 905 531 503 630 730 524 393 343 340 673 1011 307 883 976 610 684 563 71 760
876 508 81 618 309 155 208 472 208 277 159 576 532 290 868 318 280 906 504 852 857 737 849 608 472 196 508 832 428 322 541 780 852 0 596 851 459 354 79 466 672 617 920 57 669 520 335 241 153 643 448 624 429 548 492 201 127 256 414 453 620 242 905 491 726 697 693 534 96 469 710 353 234 292 776 828 221 431 185 875 343 145 797 321 462 813 698 314 106 708 849 925 353 297 949 363 883 830 416 689 671 631 481 599 158 360 425 289 141 452 626 924 654 281 517 864 793 488 600 207 246 66 710 143 446 750 600 362 791 342 121 210 865 698 587 650 802 925 300 417 317 492 426 461 557 257 714 745 445 318 675 314 208 679 424 277 268 349 161 842 723 512 431 670 221 169 906 465 599 512 290 542 548 157 309 752 247 359 835 336
735 408 588 522 411 619 753 795 534 792 699 891 847 662 891 862 706 351 490 733 612 145 412 844 169 540 943 498 188 316 813 837 488 596 0 299 628 575 542 752 158 724 382 539 218 91 746 462 457 330 150 629 567 590 720 407 542 384 676 214 455 550 862 219 304 104 511 792 616 758 256 350 582 336 607 355 374 786 764 815 676 631 293 523 926 260 201 413 527 118 885 880 795 351 906 534 391 550 557 466 93 905 114 123 548 311 586 359 662 401 785 686 518 356 1017 415 699 904 362 431 416 546 225 570 333 614 490 252 694 511 529 386 508 786 27 826 394 768 421 631 502 113 847 142 199 358 595 767 353 574 647 786 638 157 516 328 461 276 728 702 128 924 570 730 428 428 882 390 158 313 314 1005 298 541 852 858 582 240 525 343
642 483 825 531 595 901 973 922 736 997 923 997 961 837 857 1072 891 54 563 653 485 174 206 924 468 829 1096 347 424 608 915 831 316 851 299 0 732 874 785 873 179 769 84 798 199 341 917 754 731 311 437 651 680 647 823 650 769 606 805 402 455 844 797 515 201 207 469 891 849 878 176 531 773 625 533 142 637 927 1000 751 834 911 94 683 1094 40 158 711 765 188 859 812 970 644 835 675 134 420 856 419 291 991 400 252 765 609 702 651 886 511 841 544 503 646 1193 194 643 1054 377 658 629 813 154 852 463 559 506 542 638 810 806 652 334 806 322 882 229 656 606 753 666 370 1006 399 306 641 558 758 478 872 645 974 839 172 631 608 756 569 960 618 196 1069 681 750 649 693 825 493 254 405 594 1165 366 824 1063 873 768 497 381 640
451 249 378 249 254 609 401 191 255 375 384 267 229 204 408 447 256 776 171 421 489 713 620 217 625 616 375 530 458 572 187 321 564 459 628 732 0 768 390 141 589 158 765 452 538 539 243 610 495 424 553 188 61 123 92 379 335 332 88 415 304 662 450 686 538 687 344 164 375 146 556 293 226 552 386 636 442 207 465 424 160 602 644 154 388 706 585 649 366 687 390 469 291 577 492 117 690 492 811 371 721 276 560 542 303 618 46 575 363 232 183 537 293 561 490 639 362 332 358 331 303 487 581 581 297 350 256 553 362 730 536 454 568 240 640 218 567 501 250 46 170 526 297 507 456 523 315 288 276 737 240 320 273 599 112 506 637 565 428 422 712 343 58 211 317 454 448 247 516 336 506 447 370 580 440 300 212 456 516 618
1119 719 427 853 542 218 553 820 517 625 510 926 881 634 1166 652 632 926 752 1101 1056 714 952 947 405 159 861 988 500 279 883 1084 994 354 575 874 768 0 393 806 713 924 956 331 745 546 688 163 273 785 443 898 722 826 821 397 445 458 744 560 826 112 1185 369 826 674 903 873 449 810 791 547 562 274 1000 908 345 781 508 1148 684 236 855 614 813 834 752 167 411 691 1150 1205 708 248 1231 654 953 1011 70 880 608 977 479 647 478 266 726 244 496 669 948 1130 877 255 858 960 1048 842 769 440 476 298 773 212 627 985 826 343 1045 64 241 329 1012 1006 553 977 917 1165 540 734 600 520 780 499 654 281 952 1036 638 37 943 668 555 716 697 313 142 316 501 1083 693 867 725 967 457 316 1192 675 665 676 323 891 698 199 644 1068 573 432 1002 237
798 429 50 539 229 219 220 427 134 277 165 534 488 241 798 334 245 839 426 774 777 680 774 554 434 235 490 754 366 297 490 711 773 79 542 785 390 393 0 413 606 549 851 63 599 461 301 255 143 566 399 548 355 473 431 136 54 182 354 384 541 282 832 464 652 640 614 480 80 417 638 276 170 268 697 755 173 390 222 800 290 213 727 246 451 747 629 318 26 650 780 852 330 280 876 288 810 750 448 609 623 583 430 534 87 341 353 274 133 373 563 844 574 262 519 789 716 464 522 131 168 98 641 193 368 672 521 325 714 369 152 168 786 630 536 589 726 847 221 351 240 434 400 403 486 231 636 673 366 359 599 298 164 614 347 241 283 318 187 764 667 488 358 599 144 133 833 386 531 434 252 533 471 196 324 687 182 302 756 323
549 389 385 385 352 621 345 50 294 296 348 139 94 175 444 356 200 917 312 517 613 847 761 142 729 648 237 667 574 651 77 355 702 466 752 873 141 806 413 0 725 214 907 476 677 661 159 660 542 566 662 300 193 253 64 447 361 416 77 538 444 696 510 784 680 819 478 68 370 5 696 405 245 627 507 778 512 79 414 496 123 610 785 237 258 846 724 711 395 819 422 527 190 649 545 219 831 623 858 509 846 173 673 675 328 698 172 646 340 367 183 652 427 631 358 780 461 194 500 399 382 510 721 603 427 468 395 644 462 778 566 521 704 277 762 194 708 597 345 122 258 645 170 623 590 593 437 350 408 772 346 232 258 735 244 584 688 652 386 525 844 203 191 277 388 510 499 383 651 473 587 309 508 609 352 309 235 558 650 692
604 343 646 427 423 725 797 773 563 824 747 857 817 671 786 899 723 233 428 607 469 133 254 794 316 656 939 346 245 440 776 743 333 672 158 179 589 713 606 725 0 653 251 618 71 168 752 584 553 207 270 544 532 522 682 471 592 428 653 224 352 674 744 374 150 125 392 752 671 730 101 358 602 454 480 199 458 773 822 697 673 735 141 519 932 141 43 547 586 115 783 761 805 475 786 517 240 404 703 343 204 859 234 73 589 446 553 481 710 358 721 540 411 475 1029 257 581 898 259 480 453 634 67 676 301 494 396 374 576 650 629 474 353 703 185 763 237 632 434 603 500 196 846 223 136 466 482 670 319 708 551 805 666 9 480 433 589 401 783 574 141 915 534 647 471 514 767 342 78 253 419 1006 220 649 889 774 598 319 375 476
338 316 536 238 395 768 542 254 414 503 533 268 252 349 250 568 393 805 233 305 422 785 620 168 749 774 433 502 573 716 196 162 541 617 724 769 158 924 549 214 653 0 785 611 591 640 365 765 651 459 673 121 202 133 152 531 494 478 217 519 313 820 301 814 567 765 318 176 531 215 597 421 383 698 316 652 591 292 609 283 298 761 676 310 465 749 638 800 525 761 231 319 402 724 340 269 700 445 965 360 813 236 673 621 461 760 198 723 515 326 73 451 272 708 561 639 252 393 397 485 453 646 629 740 395 275 263 689 253 884 694 605 539 81 740 112 570 385 394 200 323 633 382 619 533 671 251 138 375 894 150 441 426 662 236 652 791 704 575 317 788 395 199 63 469 609 294 335 590 411 649 503 435 738 563 147 370 586 479 763
621 519 889 547 651 977 1031 957 793 1051 983 1025 992 886 849 1127 941 47 594 637 461 258 179 946 552 907 1136 324 496 688 943 831 288 920 382 84 765 956 851 907 251 785 0 867 254 418 963 833 805 340 517 665 717 670 853 718 832 670 842 467 474 923 781 599 227 291 473 919 912 911 219 589 826 704 524 133 709 966 1062 736 878 986 127 731 1138 122 222 792 830 273 852 794 1016 723 815 719 93 399 940 426 375 1014 480 324 825 690 738 730 946 553 858 511 514 725 1238 162 634 1093 406 722 691 884 210 927 514 554 525 622 629 892 881 725 303 814 406 898 219 630 662 790 715 447 1048 475 365 718 558 759 526 954 652 1024 894 246 669 684 837 649 1022 601 280 1107 718 760 712 765 810 536 321 450 670 1206 410 901 1118 878 821 570 358 721
852 473 98 590 273 159 254 488 196 319 202 595 550 303 859 367 303 852 478 829 824 681 802 618 415 172 542 792 373 266 553 773 809 57 539 798 452 331 63 476 618 611 867 0 618 464 359 200 99 599 391 606 415 531 495 151 117 211 417 402 586 219 891 435 678 640 660 543 124 480 660 311 234 236 747 779 164 450 239 859 353 156 745 305 500 759 645 268 85 651 841 911 384 243 935 347 833 793 387 653 614 645 424 545 151 306 414 236 177 418 626 892 623 226 562 816 772 519 559 165 206 35 658 130 404 724 570 305 769 310 90 152 823 692 530 653 756 901 266 414 297 435 456 405 507 201 688 734 405 296 656 349 224 625 403 220 228 292 212 817 666 543 418 660 182 111 893 429 546 469 232 581 503 132 358 750 246 303 797 283
533 289 635 361 398 737 777 726 540 798 729 805 767 638 715 875 692 249 372 535 398 203 207 737 361 674 898 280 255 467 723 675 270 669 218 199 538 745 599 677 71 591 254 618 0 202 717 606 562 138 304 479 484 462 630 467 578 416 607 216 285 696 672 424 86 197 321 700 658 682 45 335 574 478 408 165 464 729 807 625 634 745 128 483 895 168 47 578 577 186 713 689 770 501 714 476 216 334 742 272 274 804 271 102 571 480 505 506 692 312 660 471 342 498 993 214 510 855 194 469 437 637 45 688 264 423 331 402 505 683 639 481 291 638 244 702 179 560 409 556 466 225 807 247 112 485 411 602 279 737 483 775 641 79 433 450 615 430 767 502 212 871 485 581 458 520 696 295 80 206 437 967 168 663 865 708 569 330 307 508
679 328 506 450 320 560 667 704 445 704 614 800 756 571 819 775 616 395 406 673 569 218 409 755 162 488 851 469 98 271 723 760 466 520 91 341 539 546 461 661 168 640 418 464 202 0 654 415 391 280 102 550 477 507 630 325 457 296 584 123 388 505 796 229 286 179 450 702 533 666 247 258 492 285 550 362 300 694 682 750 585 570 309 431 835 301 206 379 445 188 811 815 704 306 841 442 407 511 540 410 184 815 69 101 461 279 496 312 577 315 699 645 450 306 926 416 635 812 298 345 327 476 227 510 245 552 417 205 630 482 465 314 485 705 101 740 379 715 329 540 410 29 755 59 138 299 530 691 266 540 573 696 549 173 426 266 420 232 645 645 206 832 480 650 340 356 815 304 123 235 252 914 227 483 765 777 491 161 491 308
690 449 261 488 335 487 186 146 220 138 196 243 201 83 603 204 55 965 391 659 732 860 836 294 686 529 201 763 558 579 223 514 795 335 746 917 243 688 301 159 752 365 963 359 717 654 0 556 442 628 630 430 264 367 213 377 258 370 156 540 532 576 666 732 738 827 582 224 239 160 745 399 167 552 630 842 440 100 256 648 88 474 837 233 181 885 760 618 291 831 581 683 53 569 702 244 897 731 746 602 837 302 650 691 231 626 244 564 197 409 342 781 532 551 276 855 601 167 565 335 335 390 762 478 453 593 489 588 601 669 448 443 801 434 749 353 783 739 325 199 251 633 105 606 616 515 559 504 438 652 481 77 136 762 301 514 585 589 230 663 853 191 264 428 330 421 656 427 674 513 521 259 552 489 199 469 165 522 752 613
956 557 298 690 379 172 449 678 366 517 399 786 740 493 1005 559 500 808 589 938 897 607 810 798 301 82 742 835 353 146 737 923 843 241 462 754 610 163 255 660 584 765 833 200 606 415 556 0 117 632 316 735 562 664 669 235 301 295 594 408 665 90 1022 292 683 565 742 725 324 664 652 384 414 129 838 771 182 644 421 985 539 189 723 455 700 714 620 76 267 580 989 1042 583 110 1068 495 820 854 200 721 514 833 354 513 332 159 567 103 376 507 792 971 715 108 759 820 885 718 612 280 314 175 638 130 467 823 664 211 882 119 121 165 860 846 444 824 771 1002 377 579 441 387 655 361 507 124 789 874 476 140 780 549 420 588 536 158 28 185 402 920 588 743 565 807 296 155 1029 512 527 517 171 781 542 101 550 910 424 281 848 126
859 465 190 593 274 174 353 561 248 416 300 669 623 376 894 467 387 785 486 839 812 602 757 680 321 131 633 764 309 168 619 810 777 153 457 731 495 273 143 542 553 651 805 99 562 391 442 117 0 564 307 628 449 555 551 129 185 194 476 350 576 172 915 337 630 561 652 607 219 546 606 292 297 139 745 726 98 527 338 879 422 182 687 340 594 691 584 175 151 573 877 935 473 143 961 381 778 774 317 637 527 715 343 480 215 206 452 136 272 411 676 884 621 127 659 769 784 607 534 168 206 92 600 126 381 727 568 213 781 237 76 81 792 732 446 706 714 906 271 462 327 361 543 332 455 105 692 764 387 244 674 441 305 559 426 129 145 197 312 823 586 631 452 694 185 48 921 419 486 440 143 675 470 106 457 795 307 234 773 184
405 179 594 224 342 737 717 616 480 726 673 687 652 555 578 803 611 352 253 404 288 341 213 612 439 688 796 202 287 508 604 537 212 643 330 311 424 785 566 566 207 459 340 599 138 280 628 632 564 0 368 343 376 335 513 449 534 387 502 225 148 718 537 509 113 331 185 581 612 571 137 290 504 510 277 214 466 626 756 491 541 742 220 401 800 290 184 620 541 322 575 555 682 537 581 384 269 232 793 138 401 679 344 206 520 533 398 541 638 220 530 364 204 530 900 229 375 752 66 436 398 624 171 690 199 288 196 448 370 725 638 484 228 502 354 571 161 438 352 450 388 293 709 302 143 507 274 464 205 771 346 693 573 216 330 474 646 475 715 373 349 766 377 445 422 517 560 202 171 131 462 866 95 670 795 572 497 353 218 555
754 377 448 509 309 469 615 700 411 661 560 802 756 548 873 727 586 491 446 746 656 295 511 770 77 392 831 564 101 171 730 807 564 448 150 437 553 443 399 662 270 673 517 391 304 102 630 316 307 368 0 597 492 544 640 269 406 260 584 164 456 406 860 147 387 254 525 710 477 667 349 259 463 188 626 465 228 683 621 816 570 481 412 424 808 397 309 277 388 268 863 879 676 206 906 445 509 601 437 489 223 825 37 203 417 177 508 213 525 349 726 732 517 208 893 518 702 795 374 301 294 397 330 420 282 624 477 105 698 380 379 238 583 744 139 766 480 793 317 546 404 78 734 66 226 208 597 742 302 438 627 662 511 273 445 178 319 131 587 719 278 816 495 692 301 279 876 344 224 295 163 889 300 391 717 817 465 108 585 206
263 222 547 119 356 766 589 348 416 563 569 382 360 392 277 634 445 685 154 234 313 677 498 288 675 757 534 382 496 665 304 210 420 624 629 651 188 898 548 300 544 121 665 606 479 550 430 735 628 343 597 0 196 75 235 501 496 440 273 436 196 801 287 743 449 661 196 282 549 303 481 363 400 652 206 531 554 378 651 252 349 762 557 302 558 633 526 759 522 655 265 307 475 679 332 260 579 329 932 239 715 356 592 519 466 706 205 679 544 249 194 353 151 665 658 518 175 492 284 459 422 641 515 732 314 167 147 629 174 852 682 570 419 159 647 233 449 312 358 235 308 547 470 538 432 629 137 145 295 871 52 507 456 553 203 605 759 648 614 233 682 498 194 103 442 582 294 253 486 315 601 605 333 724 628 231 387 521 360 714
456 197 351 226 196 574 400 242 221 384 375 326 285 206 446 460 263 725 128 429 473 655 578 279 564 574 419 499 397 516 246 361 531 429 567 680 61 722 355 193 532 202 717 415 484 477 264 562 449 376 492 196 0 121 152 328 302 277 125 353 268 619 476 626 489 628 319 224 352 198 504 232 203 497 376 590 389 249 459 446 175 569 594 110 425 652 530 597 330 628 429 496 315 523 520 68 644 468 762 338 660 337 498 483 271 561 21 522 349 173 239 528 269 507 527 597 370 376 311 282 250 450 528 543 236 342 225 494 368 682 496 402 537 284 579 276 525 506 193 73 121 464 334 445 398 469 306 318 216 693 248 337 262 542 51 451 588 507 420 424 653 390 3 246 266 406 478 189 458 279 450 490 315 539 453 349 190 396 488 563
335 182 471 131 285 690 518 303 340 496 496 357 327 322 343 569 376 686 100 307 365 653 514 276 621 683 490 413 443 599 275 266 449 548 590 647 123 826 473 253 522 133 670 531 462 507 367 664 555 335 544 75 121 0 191 428 420 369 212 387 197 727 361 687 447 633 225 251 473 257 472 299 325 585 262 538 484 326 579 328 282 686 555 226 509 625 510 691 447 629 329 381 415 611 406 184 589 370 861 257 680 344 542 488 390 642 132 611 470 195 198 414 174 596 610 533 248 447 270 386 349 565 502 657 263 226 146 567 247 781 607 499 451 200 607 240 462 385 286 168 233 500 418 488 400 560 192 211 243 798 127 443 382 532 129 538 688 584 541 304 656 456 119 149 369 509 366 203 457 278 534 562 303 650 563 272 312 461 396 648
485 340 410 323 334 646 393 112 303 351 389 175 138 207 392 415 245 865 260 453 548 806 703 133 710 665 300 605 547 646 94 302 641 492 720 823 92 821 431 64 682 152 853 495 630 630 213 669 551 513 640 235 152 191 0 445 377 406 77 506 385 712 452 769 627 780 416 71 400 67 646 380 261 624 442 723 510 143 461 436 154 637 734 224 323 797 677 715 411 780 371 470 250 647 489 195 776 559 869 448 813 185 648 635 344 692 133 645 376 325 135 587 365 630 422 722 397 257 447 397 375 530 673 624 389 403 335 632 397 789 583 521 643 222 731 158 650 533 329 95 243 616 235 596 549 592 372 291 369 788 281 289 289 691 204 579 696 642 430 461 805 265 150 215 384 515 444 340 609 429 580 372 462 627 410 264 249 539 587 689
