50
0 203 530 476 494 630 664 647 267 264 136 322 580 715 154 97 112 579 662 145 402 583 463 687 79 225 578 273 286 408 731 261 596 495 637 534 478 568 342 631 598 221 64 176 316 129 296 256 385 568
203 0 711 528 414 629 858 840 468 344 155 213 762 905 352 231 148 763 830 155 283 531 643 872 258 22 782 373 487 282 915 381 549 673 841 735 645 751 212 623 599 368 209 225 519 81 122 113 546 728
530 711 0 463 739 649 543 159 291 432 662 850 50 614 380 582 640 570 147 570 930 738 68 163 458 729 315 675 276 937 203 639 735 40 312 194 100 571 873 668 627 350 571 675 294 653 822 703 591 120
476 528 463 0 314 197 924 622 475 211 590 737 497 992 435 572 566 897 492 384 811 279 421 601 411 534 730 743 482 810 626 723 274 427 753 620 363 892 740 211 169 294 540 648 538 525 649 448 791 388
494 414 739 314 0 276 1106 898 641 329 546 618 781 1167 550 580 528 1046 796 349 673 125 683 892 473 406 952 754 656 667 922 750 146 700 990 859 641 1037 606 259 257 445 545 618 710 460 503 301 877 687
630 629 649 197 276 0 1122 805 669 378 726 842 678 1190 618 727 702 1092 655 511 909 169 613 774 577 628 927 903 677 905 793 888 151 616 947 815 550 1086 839 23 32 479 692 791 733 648 738 527 974 560
664 858 543 924 1106 1122 0 469 466 783 722 867 552 70 559 630 717 129 655 795 925 1155 541 551 648 880 231 566 453 939 584 534 1160 556 265 349 613 142 902 1135 1093 665 649 679 397 777 913 920 360 664
647 840 159 622 898 805 469 0 384 586 769 957 127 536 492 682 751 531 197 708 1034 898 216 82 582 859 242 742 365 1043 121 704 894 198 206 155 259 535 983 824 784 494 677 770 359 774 943 844 616 251
267 468 291 475 641 669 466 384 0 316 385 572 338 530 116 298 367 423 436 358 650 690 231 433 214 489 324 386 19 659 479 351 696 265 377 267 276 417 598 679 638 199 292 388 68 396 563 495 340 366
264 344 432 211 329 378 783 586 316 0 382 540 479 846 243 360 357 734 521 189 618 374 369 594 201 354 622 532 329 619 630 514 380 392 661 532 343 726 549 383 345 117 328 437 385 323 466 292 597 412
136 155 662 590 546 726 722 769 385 382 0 188 711 763 281 95 25 619 796 214 268 652 595 814 215 175 673 218 404 275 859 226 668 628 737 645 614 606 213 723 694 356 92 72 422 86 193 258 394 704
322 213 850 737 618 842 867 957 572 540 188 0 900 900 470 275 210 752 984 353 80 738 783 1003 399 215 848 307 591 86 1048 335 757 816 914 829 801 739 36 835 812 536 280 195 605 217 119 319 514 890
580 762 50 497 781 678 552 127 338 479 711 900 0 622 430 631 690 590 111 620 980 774 118 114 508 779 320 720 322 987 154 683 770 89 307 204 139 592 923 697 657 400 620 723 335 703 872 752 627 125
715 905 614 992 1167 1190 70 536 530 846 763 900 622 0 618 674 761 147 724 850 954 1220 612 617 705 927 301 595 518 968 648 564 1225 627 330 419 684 160 935 1202 1161 730 696 716 462 823 953 972 386 734
154 352 380 435 550 618 559 492 116 243 281 470 430 618 0 204 260 496 516 244 549 613 314 534 98 372 439 334 136 557 578 306 621 347 493 383 339 488 493 624 586 140 190 298 175 282 450 379 357 430
97 231 582 572 580 727 630 682 298 360 95 275 631 674 204 0 87 531 721 231 352 675 517 731 166 253 578 177 316 361 776 169 689 551 643 554 543 519 304 727 694 307 34 93 330 150 288 316 316 635
112 148 640 566 528 702 717 751 367 357 25 210 690 761 260 87 0 617 773 192 290 632 573 794 191 170 661 230 386 297 839 235 648 606 724 629 591 605 233 700 670 332 75 91 406 72 203 244 397 680
579 763 570 897 1046 1092 129 531 423 734 619 752 590 147 496 531 617 0 699 718 806 1108 553 613 576 785 290 447 415 820 651 417 1115 574 344 388 623 13 788 1103 1062 619 554 569 359 681 807 835 238 688
662 830 147 492 796 655 655 197 436 521 796 984 111 724 516 721 773 699 0 682 1064 771 205 132 586 847 423 822 422 1070 139 786 765 171 400 311 185 701 1004 676 638 462 707 814 441 779 946 808 737 110
145 155 570 384 349 511 795 708 358 189 214 353 620 850 244 231 192 718 682 0 429 445 502 733 148 167 683 407 377 430 774 401 459 531 736 619 497 708 360 508 479 220 196 282 420 140 277 137 531 578
402 283 930 811 673 909 925 1034 650 618 268 80 980 954 549 352 290 806 1064 429 0 796 863 1082 480 281 918 359 669 15 1127 391 816 896 985 904 881 793 70 901 879 616 359 267 681 296 171 382 567 970
583 531 738 279 125 169 1155 898 690 374 652 738 774 1220 613 675 632 1108 771 445 796 0 690 880 549 524 983 852 702 791 905 844 21 700 1013 880 638 1100 728 148 161 490 640 723 758 568 625 419 957 667
463 643 68 421 683 613 541 216 231 369 595 783 118 612 314 517 573 553 205 502 863 690 0 230 390 661 323 617 218 870 272 582 688 33 335 205 71 552 805 630 588 283 504 610 245 585 754 635 548 142
687 872 163 601 892 774 551 82 433 594 814 1003 114 617 534 731 794 613 132 733 1082 880 230 0 617 891 325 805 415 1090 46 767 875 203 287 232 252 617 1027 795 756 514 722 821 418 812 981 866 690 214
79 258 458 411 473 577 648 582 214 201 215 399 508 705 98 166 191 576 586 148 480 549 390 617 0 278 537 332 233 485 660 313 559 422 591 479 401 567 418 580 544 143 138 253 273 195 364 281 408 490
225 22 729 534 406 628 880 859 489 354 175 215 779 927 372 253 170 785 847 167 281 524 661 891 278 0 804 392 508 279 933 402 543 691 863 755 661 773 210 620 598 384 231 244 541 103 115 105 567 744
578 782 315 730 952 927 231 242 324 622 673 848 320 301 439 578 661 290 423 683 918 983 323 325 537 804 0 584 306 930 361 545 985 332 69 120 393 295 879 942 900 508 586 652 264 705 864 818 416 435
273 373 675 743 754 903 566 742 386 532 218 307 720 595 334 177 230 447 822 407 359 852 617 805 332 392 584 0 399 373 851 38 866 651 653 596 659 434 343 904 871 463 212 148 387 302 378 475 209 750
286 487 276 482 656 677 453 365 19 329 404 591 322 518 136 316 386 415 422 377 669 702 218 415 233 508 306 399 0 677 461 363 707 252 358 247 267 410 617 688 647 212 311 406 56 416 582 513 344 355
408 282 937 810 667 905 939 1043 659 619 275 86 987 968 557 361 297 820 1070 430 15 791 870 1090 485 279 930 373 677 0 1135 405 810 903 996 914 887 807 70 897 876 621 367 277 690 299 166 378 581 976
731 915 203 626 922 793 584 121 479 630 859 1048 154 648 578 776 839 651 139 774 1127 905 272 46 660 933 361 851 461 1135 0 813 899 243 318 275 286 656 1072 815 776 554 767 867 464 855 1025 906 734 237
261 381 639 723 750 888 534 704 351 514 226 335 683 564 306 169 235 417 786 401 391 844 582 767 313 402 545 38 363 405 813 0 857 615 614 557 625 404 371 890 856 438 204 161 349 307 399 479 179 716
596 549 735 274 146 151 1160 894 696 380 668 757 770 1225 621 689 648 1115 765 459 816 21 688 875 559 543 985 866 707 810 899 857 0 698 1014 881 635 1107 748 128 145 496 654 739 763 584 645 438 968 662
495 673 40 427 700 616 556 198 265 392 628 816 89 627 347 551 606 574 171 531 896 700 33 203 422 691 332 651 252 903 243 615 698 0 337 212 65 574 838 634 593 311 538 644 276 617 785 663 578 115
637 841 312 753 990 947 265 206 377 661 737 914 307 330 493 643 724 344 400 736 985 1013 335 287 591 863 69 653 358 996 318 614 1014 337 0 133 401 351 945 964 922 550 648 719 321 765 927 872 485 429
534 735 194 620 859 815 349 155 267 532 645 829 204 419 383 554 629 388 311 619 904 880 205 232 479 755 120 596 247 914 275 557 881 212 133 0 274 391 858 831 789 423 554 637 224 663 829 756 461 315
478 645 100 363 641 550 613 259 276 343 614 801 139 684 339 543 591 623 185 497 881 638 71 252 401 661 393 659 267 887 286 625 635 65 401 274 0 622 820 569 528 277 526 637 302 594 760 624 606 91
568 751 571 892 1037 1086 142 535 417 726 606 739 592 160 488 519 605 13 701 708 793 1100 552 617 567 773 295 434 410 807 656 404 1107 574 351 391 622 0 775 1097 1056 612 543 557 354 670 795 824 225 688
342 212 873 740 606 839 902 983 598 549 213 36 923 935 493 304 233 788 1004 360 70 728 805 1027 418 210 879 343 617 70 1072 371 748 838 945 858 820 775 0 831 809 552 306 227 634 230 103 312 550 908
631 623 668 211 259 23 1135 824 679 383 723 835 697 1202 624 727 700 1103 676 508 901 148 630 795 580 620 942 904 688 897 815 890 128 634 964 831 569 1097 831 0 41 488 693 790 744 644 730 518 980 580
598 599 627 169 257 32 1093 784 638 345 694 812 657 1161 586 694 670 1062 638 479 879 161 588 756 544 598 900 871 647 876 776 856 145 593 922 789 528 1056 809 41 0 448 660 759 703 617 709 498 942 541
221 368 350 294 445 479 665 494 199 117 356 536 400 730 140 307 332 619 462 220 616 490 283 514 143 384 508 463 212 621 554 438 496 311 550 423 277 612 552 488 448 0 281 396 268 322 486 352 497 360
64 209 571 540 545 692 649 677 292 328 92 280 620 696 190 34 75 554 707 196 359 640 504 722 138 231 586 212 311 367 767 204 654 538 648 554 526 543 306 693 660 281 0 115 331 127 278 286 345 617
176 225 675 648 618 791 679 770 388 437 72 195 723 716 298 93 91 569 814 282 267 723 610 821 253 244 652 148 406 277 867 161 739 644 719 637 637 557 227 790 759 396 115 0 414 159 238 330 337 728
316 519 294 538 710 733 397 359 68 385 422 605 335 462 175 330 406 359 441 420 681 758 245 418 273 541 264 387 56 690 464 349 763 276 321 224 302 354 634 744 703 268 331 414 0 444 607 555 304 386
129 81 653 525 460 648 777 774 396 323 86 217 703 823 282 150 72 681 779 140 296 568 585 812 195 103 705 302 416 299 855 307 584 617 765 663 594 670 230 644 617 322 127 159 444 0 169 172 466 681
296 122 822 649 503 738 913 943 563 466 193 119 872 953 450 288 203 807 946 277 171 625 754 981 364 115 864 378 582 166 1025 399 645 785 927 829 760 795 103 730 709 486 278 238 607 169 0 211 576 846
256 113 703 448 301 527 920 844 495 292 258 319 752 972 379 316 244 835 808 137 382 419 635 866 281 105 818 475 513 378 906 479 438 663 872 756 624 824 312 518 498 352 286 330 555 172 211 0 632 701
385 546 591 791 877 974 360 616 340 597 394 514 627 386 357 316 397 238 737 531 567 957 548 690 408 567 416 209 344 581 734 179 968 578 485 461 606 225 550 980 942 497 345 337 304 466 576 632 0 690
568 728 120 388 687 560 664 251 366 412 704 890 125 734 430 635 680 688 110 578 970 667 142 214 490 744 435 750 355 976 237 716 662 115 429 315 91 688 908 580 541 360 617 728 386 681 846 701 690 0
