167
0 870 991 96 244 298 88 777 1016 927 713 93 912 738 556 667 665 1162 795 722 756 706 778 346 454 282 249 461 511 560 831 383 864 705 374 187 946 1187 298 532 501 660 832 311 570 627 351 106 531 557 697 366 122 525 496 822 1032 936 586 775 699 169 1054 555 812 768 858 989 466 693 973 205 894 510 862 727 828 1096 439 647 728 525 675 559 1272 1071 224 1250 27 430 293 153 285 689 889 671 313 951 676 781 590 498 696 941 1261 736 681 631 503 1247 841 796 296 155 632 260 360 813 806 389 951 287 914 183 706 945 146 778 1127 305 101 813 1066 450 730 818 435 1084 862 744 916 667 792 33 450 1119 168 410 814 962 580 912 916 751 770 537 952 43 854 740 778 605 610 1255 671 497 785
870 0 141 783 654 589 781 837 195 846 780 777 937 719 690 245 348 393 287 208 593 567 91 637 671 777 621 504 404 317 44 563 343 373 525 818 124 380 808 636 845 214 783 569 508 318 519 942 339 312 462 576 752 740 618 918 337 148 353 258 330 749 295 330 346 103 853 351 802 230 121 863 926 852 479 490 676 365 442 370 149 351 321 660 487 286 650 449 885 597 580 721 623 516 581 655 843 288 282 683 426 430 444 652 480 174 332 310 696 455 81 241 656 774 590 688 580 522 78 760 458 672 704 688 825 653 885 126 305 682 844 609 402 420 696 275 447 255 239 197 387 211 163 861 491 339 714 467 718 109 722 812 565 284 873 333 267 894 406 621 686 380 452 456 282 375 426
991 141 0 901 784 701 902 855 65 836 807 900 938 738 743 334 487 262 413 283 604 591 220 775 743 871 745 644 542 431 167 701 321 409 631 922 53 240 899 695 909 349 787 683 567 396 642 1056 461 435 492 673 870 799 686 933 241 86 437 286 376 879 178 466 345 228 857 277 870 371 147 964 929 915 459 622 674 249 554 510 287 466 378 713 348 159 775 310 1004 738 706 839 730 651 559 686 932 223 351 692 491 524 579 623 342 315 470 451 759 316 214 369 791 884 630 791 678 518 219 840 409 808 685 808 854 623 993 266 164 819 957 608 304 544 716 397 559 115 351 264 345 324 297 979 584 208 830 581 722 142 771 803 535 417 894 455 200 1018 521 637 696 449 592 316 353 503 552
96 783 901 0 194 203 32 701 924 845 634 52 838 654 472 574 602 1067 729 629 664 613 691 314 368 213 171 408 442 469 743 335 767 608 279 134 855 1093 237 444 438 577 749 218 474 532 267 161 443 470 601 269 32 447 405 751 936 843 490 679 603 155 960 476 715 680 780 892 398 617 889 171 820 449 767 683 739 1000 347 586 644 434 579 472 1177 977 154 1156 104 397 217 62 189 648 795 583 262 855 581 694 494 401 645 849 1166 657 617 561 420 1153 759 725 263 75 540 168 264 718 722 316 855 259 825 97 632 853 139 697 1034 284 79 721 970 365 645 750 342 992 791 651 820 577 715 78 354 1024 72 319 728 878 499 829 821 683 698 449 857 135 798 650 691 509 559 1161 576 415 732
244 654 784 194 0 192 171 792 818 916 720 157 932 720 551 484 421 984 552 538 693 639 565 126 449 358 83 217 271 367 618 141 718 573 250 312 744 999 392 506 572 439 819 180 485 467 157 343 326 351 595 290 166 547 462 855 865 740 431 610 553 95 874 326 670 555 863 831 525 458 747 357 915 584 753 489 782 925 270 403 506 334 523 541 1092 885 61 1065 267 204 90 150 222 454 805 639 425 784 510 744 471 359 454 870 1082 505 437 391 507 1065 614 555 78 243 579 264 287 721 583 439 825 82 863 124 730 874 334 550 932 112 274 748 909 243 705 575 268 886 620 561 777 465 558 250 337 936 168 240 783 737 586 894 824 508 799 332 781 255 610 688 743 468 367 1071 505 281 542
298 589 701 203 192 0 212 602 721 723 529 216 742 528 361 371 465 864 578 426 504 451 497 299 262 225 109 317 303 272 547 271 568 412 76 234 654 889 261 314 406 392 626 26 299 329 109 355 253 280 418 98 175 362 270 667 734 641 287 476 402 249 756 308 517 485 671 691 355 448 700 282 725 417 581 584 591 797 147 455 457 237 377 349 973 773 137 952 308 355 121 146 47 560 623 447 299 652 377 552 300 200 536 685 962 480 476 408 319 949 573 565 263 184 388 118 94 541 533 274 663 272 673 123 543 689 297 514 830 301 256 560 769 187 513 596 142 789 628 448 623 379 540 282 159 820 131 122 591 688 397 701 645 532 611 258 654 332 669 498 551 309 454 957 372 239 613
88 781 902 32 171 212 0 731 927 873 663 19 869 681 500 578 587 1075 715 634 687 636 690 288 395 245 162 388 429 471 742 313 780 622 288 167 857 1099 270 470 470 573 777 223 494 540 262 173 442 469 619 287 38 477 430 782 946 847 499 688 614 123 967 468 728 679 809 903 430 608 885 203 851 481 784 661 764 1009 351 570 640 436 589 499 1184 983 139 1163 104 371 207 65 204 625 816 609 294 864 589 719 508 412 625 872 1174 650 602 549 448 1160 753 714 236 107 564 193 281 738 718 347 870 231 850 94 662 876 166 691 1038 255 105 744 981 361 671 737 347 995 779 656 833 578 707 82 367 1031 85 322 754 874 528 857 842 670 728 448 865 120 780 674 717 521 539 1167 584 409 713
777 837 855 701 792 602 731 0 827 165 73 747 140 118 241 623 951 833 1011 638 250 269 780 901 343 495 710 888 827 649 798 862 540 464 565 591 805 895 483 291 295 771 101 620 373 553 685 746 683 692 375 506 697 253 334 80 702 769 539 581 509 826 772 777 510 768 84 639 316 864 953 589 122 288 415 1111 201 760 608 954 801 642 525 255 918 807 733 926 765 948 721 685 570 1102 339 190 478 658 569 166 446 524 1054 324 906 856 952 877 286 912 882 976 866 627 264 544 509 343 838 388 506 874 251 688 72 327 655 857 882 903 678 258 684 691 141 1018 606 869 1019 643 538 690 908 744 499 823 660 621 149 941 206 166 377 974 43 682 677 820 1135 218 162 490 990 927 571 719 1106
1016 195 65 924 818 721 927 827 0 797 782 926 902 711 732 350 543 199 475 296 576 568 262 817 741 879 774 690 586 457 212 743 286 397 650 936 75 187 906 687 901 391 753 706 561 404 671 1076 492 467 474 686 894 789 681 903 180 80 446 277 369 912 114 507 318 269 823 222 865 423 211 977 894 906 421 682 639 184 576 565 333 492 377 702 292 94 805 256 1028 785 737 863 747 711 518 665 938 176 356 661 490 536 638 578 285 368 527 502 752 260 273 430 831 902 614 805 691 485 272 840 361 847 644 833 831 577 1009 321 114 860 976 574 242 576 690 460 581 68 415 275 302 353 356 1002 594 145 852 605 688 207 757 763 492 477 867 486 154 1045 585 610 666 451 647 262 359 538 615
927 846 836 845 916 723 873 165 797 0 215 888 118 195 373 663 1016 764 1056 664 266 310 804 1015 478 646 832 983 910 715 811 969 515 490 675 744 790 831 638 410 458 821 97 737 453 602 792 903 756 760 406 625 838 401 453 179 647 751 599 589 536 960 723 849 501 794 83 587 474 915 952 746 119 452 377 1182 172 696 701 1022 838 716 560 377 836 759 859 851 917 1053 838 823 697 1179 278 277 637 621 605 183 510 609 1124 229 824 897 1014 941 425 835 902 1017 985 773 344 682 628 323 861 539 444 995 155 822 235 231 811 889 831 1024 830 237 615 780 210 1060 700 828 1052 664 495 733 943 895 597 765 797 719 141 941 346 33 308 1024 195 754 643 970 1185 250 183 547 1069 850 608 801 1165
713 780 807 634 720 529 663 73 782 215 0 679 212 76 168 559 881 804 943 577 209 215 719 828 272 431 637 814 755 579 739 789 498 407 492 528 755 864 423 217 247 704 127 546 303 487 611 687 612 621 318 433 629 187 261 148 669 720 471 527 450 756 736 706 463 707 146 606 259 796 898 530 195 242 382 1039 189 730 535 883 736 571 463 181 895 770 661 899 702 875 648 616 498 1030 321 125 422 618 506 141 379 453 983 323 882 791 882 806 216 886 821 910 793 561 196 474 436 308 776 324 480 801 259 618 50 327 595 793 844 831 615 231 657 618 94 951 533 829 954 584 504 624 844 680 426 790 590 548 144 886 135 206 360 906 95 611 637 756 1066 174 136 423 918 900 508 647 1036
93 777 900 52 157 216 19 747 926 888 679 0 885 696 515 579 575 1076 704 634 699 647 686 270 410 263 156 374 419 469 739 298 785 628 292 187 855 1099 289 483 489 567 792 224 503 543 258 186 438 465 628 295 50 493 443 799 949 846 502 691 619 104 968 461 733 675 825 907 447 600 880 223 867 500 792 646 777 1012 351 558 635 434 593 513 1186 983 130 1163 113 354 200 72 212 609 826 623 314 867 591 733 515 416 611 883 1175 643 590 539 464 1161 748 704 219 126 576 207 290 747 713 364 877 213 862 94 679 887 184 685 1038 236 124 755 985 357 685 726 347 994 769 656 839 575 699 93 373 1032 94 321 768 869 543 871 851 659 745 444 867 118 767 687 730 526 524 1168 586 404 699
912 937 938 838 932 742 869 140 902 118 212 885 0 234 381 737 1078 879 1130 746 344 378 888 1040 483 630 850 1024 960 775 900 1001 617 570 704 725 890 946 615 430 419 892 154 759 502 671 823 875 812 819 482 646 836 392 473 96 759 852 662 679 616 966 834 906 597 877 84 697 447 985 1048 719 17 411 481 1240 264 810 743 1082 915 771 637 394 953 869 873 967 899 1087 861 824 710 1233 387 317 607 727 681 254 570 656 1184 345 941 973 1078 1003 426 952 988 1093 1006 764 391 683 648 419 946 523 556 1014 269 828 206 347 785 969 943 1043 812 330 729 825 256 1135 741 937 1132 748 603 807 1022 879 635 878 799 757 218 1036 346 146 420 1095 142 811 749 955 1256 320 251 611 1122 967 684 851 1231
738 719 738 654 720 528 681 118 711 195 76 696 234 0 182 507 844 728 897 520 135 151 662 821 286 462 637 794 727 541 679 776 426 346 481 560 687 788 459 215 304 659 98 542 268 438 599 723 577 584 257 429 645 221 258 198 593 651 428 463 391 765 662 671 393 651 152 530 306 752 835 567 219 301 306 1006 116 654 512 848 685 537 408 182 818 695 663 822 730 861 643 629 502 999 245 84 464 545 452 66 335 423 949 252 805 742 843 769 235 809 764 862 790 584 156 489 433 232 721 358 403 799 195 627 126 256 631 741 770 828 644 154 580 593 22 904 510 756 903 525 429 575 793 707 406 715 604 529 80 823 162 175 284 862 156 576 564 782 1023 101 60 377 888 824 454 618 997
556 690 743 472 551 361 500 241 732 373 168 515 381 182 0 450 738 795 814 482 232 198 616 660 105 281 468 653 601 443 646 623 469 335 327 378 690 846 281 59 172 578 277 379 182 376 446 543 469 482 262 265 464 60 97 308 654 660 349 457 368 588 710 561 423 604 313 594 149 666 811 388 363 176 392 890 280 720 380 738 619 429 370 30 896 740 492 892 547 709 480 449 329 877 373 123 291 589 407 230 264 308 835 407 884 669 741 665 53 882 717 784 625 401 126 308 268 321 671 179 495 632 366 450 183 411 451 680 813 662 461 283 659 462 175 824 376 788 835 494 495 508 726 524 270 770 424 388 259 799 39 357 409 773 251 469 602 599 931 205 226 311 765 895 407 497 894
667 245 334 574 484 371 578 623 350 663 559 579 737 507 450 0 364 500 393 55 397 359 165 512 426 538 430 410 309 118 201 440 256 174 299 587 285 520 567 394 600 160 585 356 268 74 330 726 165 148 256 339 544 498 374 703 381 270 107 134 129 575 390 227 220 153 653 352 557 253 367 630 724 608 345 533 491 440 227 375 178 150 102 421 609 404 463 585 678 504 398 514 397 539 435 433 601 300 58 485 186 189 476 511 599 235 359 292 453 583 266 355 512 551 362 456 344 357 221 515 380 528 542 484 599 513 660 234 459 547 625 429 428 243 484 398 231 418 395 77 317 70 285 652 250 454 502 257 524 354 485 631 435 361 654 159 296 697 521 418 487 139 438 590 54 220 505
665 348 487 602 421 465 587 951 543 1016 881 575 1078 844 738 364 0 741 132 385 751 706 296 350 671 690 432 211 163 303 337 288 604 537 441 689 470 728 727 679 844 205 931 438 578 415 357 761 269 259 612 513 570 767 643 1029 667 487 417 482 493 508 638 177 578 296 995 664 794 126 391 737 1063 854 709 168 848 706 365 24 226 310 463 713 835 633 448 797 688 284 387 544 512 179 799 762 764 601 422 834 508 430 112 875 828 177 19 75 718 803 274 148 387 626 688 583 514 720 271 723 731 401 904 509 913 878 734 222 652 400 679 789 728 288 822 156 369 602 209 398 662 296 192 668 470 686 549 367 875 385 777 985 799 92 976 270 586 675 204 766 835 469 105 804 418 243 156
1162 393 262 1067 984 864 1075 833 199 764 804 1076 879 728 795 500 741 0 675 445 596 606 452 997 829 990 931 876 771 617 405 923 327 481 788 1059 270 70 1012 761 968 576 744 852 649 535 831 1211 659 636 534 811 1039 856 767 901 141 256 577 388 471 1075 110 689 377 456 809 201 940 619 401 1095 875 971 421 882 632 75 726 762 524 650 491 767 109 107 963 96 1171 972 898 1009 882 910 496 704 1039 216 486 667 593 666 838 534 98 564 725 696 826 87 472 630 1005 1035 670 931 816 496 469 933 327 1022 609 982 854 532 1136 519 116 1037 1110 575 149 741 710 660 730 155 613 423 302 522 556 1145 720 54 995 756 684 399 813 733 460 677 876 652 210 1195 783 632 673 565 844 99 491 709 814
795 287 413 729 552 578 715 1011 475 1056 943 704 1130 897 814 393 132 675 0 396 791 752 271 483 759 801 557 344 286 370 293 421 598 566 543 807 409 651 836 755 936 239 978 552 642 459 474 888 351 333 650 612 696 850 723 1091 624 435 472 485 520 640 582 271 584 277 1045 633 887 147 291 856 1116 945 720 210 885 652 460 154 220 388 495 787 759 570 575 718 817 414 511 669 623 245 817 820 874 568 451 878 564 507 176 892 754 159 115 170 801 727 205 46 520 747 747 695 615 745 224 822 723 534 931 634 980 894 857 180 574 532 804 822 688 393 875 24 465 526 82 402 652 323 128 797 556 620 672 469 918 288 852 1024 810 45 1039 349 550 806 129 811 880 520 223 725 448 343 139
722 208 283 629 538 426 634 638 296 664 577 634 746 520 482 55 385 445 396 0 401 369 142 561 466 587 485 454 350 171 164 489 220 175 353 640 232 465 616 428 638 180 592 411 300 113 385 780 216 195 264 390 599 532 412 718 329 215 154 96 129 629 335 266 192 131 661 304 596 266 329 682 733 645 326 553 492 386 282 399 176 204 114 451 554 349 518 530 733 549 452 569 451 564 421 452 649 249 74 491 218 240 498 496 544 236 377 317 489 528 244 355 564 605 384 509 395 348 200 559 347 580 535 540 620 498 713 224 404 598 680 428 379 296 497 397 287 364 387 22 280 94 278 707 300 398 557 312 529 317 514 631 416 369 671 209 243 753 526 426 494 173 468 535 74 269 518
756 593 604 664 693 504 687 250 576 266 209 699 344 135 232 397 751 596 791 401 0 53 543 779 312 500 612 731 652 452 555 725 290 226 443 593 554 655 506 229 394 555 190 512 208 336 554 760 495 496 140 409 649 289 261 328 460 518 335 335 272 753 527 586 259 532 260 397 380 649 706 611 333 395 175 917 97 522 452 758 573 455 295 214 690 560 641 692 753 807 608 628 490 916 141 115 520 410 339 90 249 356 860 184 677 632 748 676 280 679 643 752 755 602 124 497 414 100 601 407 276 767 170 618 259 189 670 626 635 794 670 56 451 527 114 795 452 620 788 403 295 467 679 728 358 581 604 474 127 694 235 234 176 758 290 492 428 798 919 35 93 282 807 693 342 542 899
706 567 591 613 639 451 636 269 568 310 215 647 378 151 198 359 706 606 752 369 53 0 511 725 267 454 558 679 602 405 528 672 288 195 389 546 539 662 463 185 367 514 226 459 155 293 501 713 446 449 105 356 598 258 213 350 467 505 289 312 240 699 529 539 249 500 293 405 348 608 684 566 365 369 194 871 147 531 400 712 537 407 258 175 704 561 588 703 703 755 554 576 437 869 184 98 480 409 303 127 200 304 814 236 691 594 704 631 241 692 613 715 702 552 78 446 360 122 570 366 297 713 223 565 263 240 623 591 636 741 622 109 465 476 128 757 399 617 754 374 304 428 644 678 304 586 552 422 168 672 208 280 216 718 305 444 426 748 879 60 129 236 759 705 305 492 856
778 91 220 691 565 497 690 780 262 804 719 686 888 662 616 165 296 452 271 142 543 511 0 555 590 688 530 427 324 225 53 481 327 317 434 727 187 449 719 560 765 128 734 477 434 240 428 850 247 221 406 486 660 664 539 860 371 195 271 218 271 660 346 245 315 12 803 369 721 170 207 772 875 773 452 454 632 411 350 316 72 260 255 586 552 345 559 519 794 522 489 629 531 474 552 593 755 305 212 633 351 343 403 626 544 122 283 244 618 522 102 226 571 682 524 598 491 484 58 675 452 587 670 596 761 627 794 91 377 599 752 566 432 329 640 267 355 328 249 139 380 121 145 769 404 398 622 375 670 194 650 771 542 254 813 242 289 803 400 568 636 304 395 525 211 284 404
346 637 775 314 126 299 288 901 817 1015 828 270 1040 821 660 512 350 997 483 561 779 725 555 0 562 484 197 140 233 394 608 74 762 631 340 438 742 1003 518 611 695 427 919 281 570 512 224 451 346 365 667 394 289 661 567 967 890 744 483 645 603 177 887 310 718 548 968 864 646 419 715 482 1023 706 816 383 872 944 331 328 488 368 571 646 1102 893 185 1072 372 84 179 276 337 344 879 738 551 810 549 838 541 427 356 948 1094 472 368 341 619 1073 584 495 51 369 673 386 392 794 561 561 878 59 949 250 842 952 454 521 932 49 393 831 940 274 804 507 331 884 559 582 822 476 516 359 421 946 294 305 879 706 696 991 894 442 910 352 804 344 519 779 837 528 274 1077 543 291 447
454 671 743 368 449 262 395 343 741 478 272 410 483 286 105 426 671 829 759 466 312 267 590 562 0 187 367 566 525 392 627 530 502 350 240 281 690 873 196 82 178 531 382 282 181 353 356 448 408 426 298 172 360 101 61 405 688 664 318 464 371 484 735 495 451 577 417 631 131 613 793 299 466 186 450 815 375 755 306 668 581 371 365 105 934 762 389 925 447 616 383 344 227 798 451 217 215 615 394 327 252 254 762 495 922 625 677 601 57 917 687 734 524 299 189 203 173 386 641 104 551 531 462 345 281 499 358 643 832 561 362 367 702 386 277 772 302 802 789 482 538 473 684 423 203 798 319 308 360 780 137 461 483 716 349 410 626 497 871 291 324 294 687 928 392 427 827
282 777 871 213 358 225 245 495 879 646 431 263 630 462 281 538 690 990 801 587 500 454 688 484 187 0 291 535 529 466 733 477 668 509 261 97 820 1028 36 270 225 600 552 252 346 475 334 262 462 486 473 201 217 244 242 540 851 799 434 609 520 357 890 529 616 675 576 798 185 666 895 111 612 236 633 807 560 918 347 681 661 435 504 289 1098 914 298 1084 270 556 326 216 178 781 639 402 74 774 523 510 397 348 761 682 1086 692 701 631 228 1078 775 785 437 137 376 108 197 572 732 107 731 439 646 235 424 687 170 721 979 467 183 554 872 407 456 818 342 944 847 607 711 567 753 249 287 954 193 333 540 883 301 633 670 755 488 465 782 325 894 478 507 429 677 1088 520 458 839
249 621 745 171 83 109 162 710 774 832 637 156 850 637 468 430 432 931 557 485 612 558 530 197 367 291 0 249 271 317 583 186 652 502 171 262 702 950 326 423 497 411 736 99 404 403 102 333 283 310 518 207 139 466 379 773 807 694 365 550 486 150 821 306 602 520 780 770 448 446 723 310 832 508 678 526 699 868 206 418 478 282 457 458 1040 835 33 1015 267 264 46 111 140 495 726 556 362 725 449 661 396 286 484 790 1029 487 446 389 425 1014 591 554 157 196 497 189 204 643 556 363 754 164 781 76 648 794 301 529 886 193 246 667 848 201 622 579 203 842 619 508 709 422 544 244 258 884 118 175 701 712 503 810 746 512 717 289 724 273 631 606 660 397 398 1021 444 248 568
461 504 644 408 217 317 388 888 690 983 814 374 1024 794 653 410 211 876 344 454 731 679 427 140 566 535 249 0 104 301 478 78 667 553 326 512 614 876 571 598 722 300 890 292 530 427 211 561 251 263 605 394 378 667 556 960 777 620 408 545 518 299 767 188 627 421 946 757 671 280 576 560 1007 733 740 276 827 828 282 190 357 284 486 634 979 770 256 946 485 96 208 355 363 246 814 710 607 700 456 801 482 375 237 887 970 335 229 201 621 949 447 355 176 445 639 428 393 729 427 591 789 190 898 322 837 890 545 384 804 190 487 779 831 203 775 368 284 755 418 473 728 362 376 468 389 823 366 266 843 568 692 956 823 302 904 256 691 467 392 737 801 458 150 952 451 196 324
511 404 542 442 271 303 429 827 586 910 755 419 960 727 601 309 163 771 286 350 652 602 324 233 525 529 271 104 0 206 376 160 566 461 287 525 511 773 565 543 692 196 820 277 459 334 195 603 158 165 520 359 410 624 504 903 672 516 319 443 423 364 662 84 528 317 880 654 642 189 484 574 944 703 645 290 749 723 221 152 255 196 391 579 875 666 290 842 532 200 225 383 350 275 724 643 603 596 358 727 402 304 237 798 866 241 175 120 576 845 352 285 255 463 570 421 360 641 328 567 689 271 816 348 782 802 572 288 701 279 518 697 727 139 707 307 224 653 350 369 627 258 289 512 331 719 387 216 769 475 640 882 731 240 847 162 586 525 366 661 727 372 163 848 353 109 310
560 317 431 469 367 272 471 649 457 715 579 469 775 541 443 118 303 617 370 171 452 405 225 394 392 466 317 301 206 0 275 324 369 254 208 501 386 633 499 384 570 139 629 253 276 127 215 626 49 44 316 265 439 480 353 727 500 377 116 250 217 458 506 134 327 214 692 470 522 223 431 546 760 579 439 466 549 558 125 307 195 35 185 417 725 518 348 699 573 391 281 408 305 464 518 459 535 419 156 532 205 137 409 592 715 233 303 228 432 698 308 343 394 456 385 372 269 435 266 465 488 409 612 376 613 595 568 256 569 428 528 494 547 124 519 382 130 525 397 193 430 107 293 548 191 569 399 150 574 419 481 685 524 329 674 44 414 588 489 465 533 169 355 704 150 105 456
831 44 167 743 618 547 742 798 212 811 739 739 900 679 646 201 337 405 293 164 555 528 53 608 627 733 583 478 376 275 0 534 316 333 482 775 136 399 764 592 801 181 745 528 464 273 480 901 300 273 422 532 712 696 574 878 334 150 308 221 289 714 301 299 313 63 815 340 758 213 166 819 888 808 448 488 640 369 400 358 121 310 278 616 503 297 612 468 846 573 543 681 580 511 550 614 799 275 238 645 382 386 439 622 496 160 322 291 652 472 96 247 624 732 548 645 536 488 69 715 436 641 672 648 783 624 843 117 325 652 803 574 397 382 657 285 405 277 256 155 365 168 165 821 447 351 673 425 681 153 679 777 537 283 832 294 257 856 418 582 648 336 439 475 238 338 430
383 563 701 335 141 271 313 862 743 969 789 298 1001 776 623 440 288 923 421 489 725 672 481 74 530 477 186 78 160 324 534 0 693 566 297 445 667 929 512 571 676 352 874 248 519 445 177 484 275 293 608 358 305 631 528 932 817 670 418 574 536 220 813 236 650 474 926 792 626 347 644 492 984 687 752 348 820 871 273 268 414 299 504 607 1028 819 186 997 407 85 152 285 314 314 819 692 548 738 480 789 482 370 312 890 1019 400 306 272 586 999 512 430 99 377 624 373 357 734 488 543 810 114 895 254 807 893 473 448 858 119 414 776 868 207 759 445 273 810 494 509 753 402 446 391 371 872 298 250 830 634 661 943 832 379 875 281 731 389 470 727 789 465 226 1003 474 220 401
864 343 321 767 718 568 780 540 286 515 498 785 617 426 469 256 604 327 598 220 290 288 327 762 502 668 652 667 566 369 316 693 0 160 492 743 274 376 688 434 642 399 467 562 323 252 561 901 418 403 207 501 743 529 440 616 186 236 287 123 166 802 241 483 53 321 537 129 613 481 440 776 608 646 139 770 353 252 448 619 384 394 195 441 432 273 685 424 870 759 628 714 578 783 241 386 714 121 212 374 276 369 715 310 419 443 594 537 499 415 412 554 757 726 345 619 507 198 378 606 127 772 367 691 548 310 822 418 347 793 802 287 204 488 405 594 450 330 571 205 61 313 472 843 413 301 696 478 402 429 489 482 222 578 581 412 138 900 727 325 379 259 688 427 218 474 728
705 373 409 608 573 412 622 464 397 490 407 628 570 346 335 174 537 481 566 175 226 195 317 631 350 509 502 553 461 254 333 566 160 0 336 582 356 523 530 290 504 335 416 408 169 127 417 741 302 296 89 341 584 392 289 545 342 325 147 123 46 652 385 385 107 306 485 289 469 427 490 616 558 509 186 705 318 408 303 547 348 269 73 305 588 412 535 576 710 640 482 556 419 709 265 282 558 266 115 316 115 215 648 340 576 407 532 463 356 569 418 527 619 565 221 458 346 183 375 453 252 633 368 535 452 343 661 399 482 657 641 255 365 358 323 569 305 454 562 178 211 245 453 683 254 448 538 333 353 478 362 457 270 536 499 298 276 742 695 251 318 105 604 580 119 356 680
374 525 631 279 250 76 288 565 650 675 492 292 704 481 327 299 441 788 543 353 443 389 434 340 240 261 171 326 287 208 482 297 492 336 0 292 583 815 295 274 404 339 579 72 235 253 119 427 200 225 347 71 252 341 231 635 658 569 211 400 326 318 681 272 440 422 629 615 354 405 640 337 687 415 508 577 533 721 86 435 401 175 300 310 898 699 202 877 383 382 164 222 98 558 555 397 333 576 302 498 226 123 525 619 887 430 449 377 294 874 516 526 313 252 333 163 72 472 474 281 588 324 613 198 511 623 361 460 757 351 326 497 693 153 464 560 81 717 586 375 547 314 491 356 87 745 206 74 539 628 366 651 575 498 579 204 578 409 644 440 497 233 448 882 297 201 595
187 818 922 134 312 234 167 591 936 744 528 187 725 560 378 587 689 1059 807 640 593 546 727 438 281 97 262 512 525 501 775 445 743 582 292 0 873 1093 110 363 313 626 650 258 427 532 333 167 487 513 556 250 150 342 332 634 923 855 490 673 587 289 956 541 690 715 673 872 278 682 932 48 707 323 718 789 656 989 376 676 691 467 569 385 1168 977 259 1152 174 516 305 162 195 758 731 498 129 843 581 607 468 400 746 776 1156 714 701 637 324 1147 806 798 388 68 468 131 245 661 765 204 814 386 742 191 520 781 79 748 1040 413 87 648 948 421 554 827 371 1002 861 661 789 607 775 154 342 1021 146 355 637 920 398 731 761 762 583 492 849 230 890 573 603 494 660 1156 577 472 829
946 124 53 855 744 654 857 805 75 790 755 855 890 687 690 285 470 270 409 232 554 539 187 742 690 820 702 614 511 386 136 667 274 356 583 873 0 262 848 642 856 315 738 637 514 344 599 1009 419 394 439 623 825 746 632 883 220 38 386 233 322 839 172 431 294 193 808 245 817 349 173 915 880 862 413 614 626 242 508 492 258 421 325 660 367 163 733 332 959 709 664 794 682 640 514 634 881 186 298 642 438 473 568 580 359 294 455 427 706 336 204 364 756 836 577 742 628 470 198 787 370 772 640 763 802 580 945 248 190 785 909 559 285 503 665 396 512 142 355 213 304 280 287 933 533 216 783 535 673 165 718 756 492 408 843 413 164 974 525 586 646 397 574 338 301 463 549
1187 380 240 1093 999 889 1099 895 187 831 864 1099 946 788 846 520 728 70 651 465 655 662 449 1003 873 1028 950 876 773 633 399 929 376 523 815 1093 262 0 1052 809 1019 577 809 876 692 563 849 1241 672 648 584 843 1064 906 812 965 194 259 605 420 508 1092 138 693 424 455 874 258 989 610 366 1131 941 1023 481 861 696 135 748 750 520 667 524 818 108 116 982 69 1198 972 915 1034 911 891 561 760 1081 258 514 729 631 696 819 602 104 554 711 689 875 76 454 608 1015 1065 721 964 849 556 458 976 391 1031 677 1005 914 600 1169 506 76 1045 1140 637 216 755 769 634 752 125 583 443 360 533 538 1171 751 75 1021 778 748 366 866 800 526 658 938 666 247 1218 751 690 734 599 833 76 518 720 789
298 808 899 237 392 261 270 483 906 638 423 289 615 459 281 567 727 1012 836 616 506 463 719 518 196 36 326 571 565 499 764 512 688 530 295 110 848 1052 0 277 203 633 546 288 365 503 371 264 496 520 490 234 245 238 255 524 872 826 462 634 543 386 913 565 636 707 565 818 168 701 927 108 598 213 646 844 561 939 382 717 694 468 530 293 1119 938 332 1107 283 590 362 247 215 817 647 404 37 796 550 510 421 378 797 686 1107 726 737 667 228 1100 807 821 470 162 385 144 230 583 764 101 745 471 647 268 411 691 173 754 1004 500 197 560 891 443 455 854 377 970 882 635 729 598 787 264 317 978 225 368 538 914 296 627 679 791 473 500 805 340 931 483 506 455 713 1111 547 494 875
532 636 695 444 506 314 470 291 687 410 217 483 430 215 59 394 679 761 755 428 229 185 560 611 82 270 423 598 543 384 592 571 434 290 274 363 642 809 277 0 213 519 313 330 128 320 394 531 410 423 227 216 433 104 43 362 620 613 291 410 319 550 672 502 385 548 357 561 179 607 758 381 412 219 372 831 295 687 322 679 562 369 319 36 865 700 448 858 527 657 431 415 287 819 369 139 295 551 354 249 209 249 776 412 852 611 682 606 65 849 661 726 578 377 107 276 219 306 615 181 474 586 381 412 239 417 440 623 772 615 443 284 630 405 202 766 319 745 776 441 466 451 668 503 212 734 390 332 284 745 97 390 401 714 305 410 563 575 872 209 246 256 707 861 353 439 835
501 845 909 438 572 406 470 295 901 458 247 489 419 304 172 600 844 968 936 638 394 367 765 695 178 225 497 722 692 570 801 676 642 504 404 313 856 1019 203 213 0 709 374 430 341 527 511 456 584 603 435 333 443 112 226 325 827 827 494 624 533 582 882 669 595 753 379 767 50 791 967 301 401 11 562 982 419 893 479 839 759 548 531 201 1069 912 511 1065 485 759 524 439 361 962 532 279 189 761 564 367 420 432 930 554 1057 803 851 776 149 1055 864 912 651 363 298 308 332 489 818 133 665 655 499 453 222 558 367 820 984 684 399 439 831 556 308 950 474 958 967 652 668 650 862 467 380 943 415 477 383 954 159 453 569 893 278 586 775 543 1045 362 361 465 852 1068 563 600 999
660 214 349 577 439 392 573 771 391 821 704 567 892 659 578 160 205 576 239 180 555 514 128 427 531 600 411 300 196 139 181 352 399 335 339 626 315 577 633 519 709 0 741 369 403 220 310 738 139 113 415 400 545 617 490 851 482 320 233 277 290 535 467 117 372 121 807 470 661 93 312 673 877 718 503 374 651 529 252 219 67 165 262 550 678 470 438 646 677 395 368 515 431 383 595 581 670 409 219 641 325 276 318 671 670 94 198 137 569 649 181 207 442 575 507 501 404 518 145 604 527 459 703 480 741 673 688 122 505 470 643 590 540 211 636 247 257 457 258 194 459 90 154 653 330 523 510 271 681 301 615 790 593 203 800 134 397 683 364 574 643 281 289 652 215 163 345
832 783 787 749 819 626 777 101 753 97 127 792 154 98 277 585 931 744 978 592 190 226 734 919 382 552 736 890 820 629 745 874 467 416 579 650 738 809 546 313 374 741 0 640 361 520 697 811 668 673 329 528 742 308 356 157 618 701 514 525 463 863 691 762 444 723 70 555 385 835 894 654 143 369 334 1095 114 673 608 937 763 628 484 280 826 726 762 835 822 959 741 726 600 1091 248 181 547 580 528 100 423 517 1039 224 813 821 930 856 329 821 834 941 889 678 251 585 531 268 792 446 417 898 150 724 159 228 719 816 800 927 736 179 594 688 115 983 606 791 979 594 457 655 869 800 503 738 701 625 65 883 252 80 284 945 142 666 601 875 1106 167 98 462 980 836 531 711 1083
311 569 683 218 180 26 223 620 706 737 546 224 759 542 379 356 438 852 552 411 512 459 477 281 282 252 99 292 277 253 528 248 562 408 72 258 637 876 288 330 430 369 640 0 305 318 83 373 231 258 419 113 188 383 286 686 724 625 277 466 395 246 744 283 511 465 687 683 380 423 679 306 742 441 581 558 601 787 129 429 435 217 368 365 962 760 130 940 322 333 101 157 73 534 627 460 326 642 366 564 299 193 510 690 951 456 449 381 339 937 550 540 248 206 398 144 110 544 511 299 660 258 682 130 561 694 318 491 816 286 275 567 761 162 526 570 124 774 603 433 618 360 516 296 159 808 146 102 603 667 415 714 648 506 630 237 643 342 642 508 562 304 428 944 361 214 587
570 508 567 474 485 299 494 373 561 453 303 503 502 268 182 268 578 649 642 300 208 155 434 570 181 346 404 530 459 276 464 519 323 169 235 427 514 692 365 128 341 403 361 305 0 194 346 591 310 318 129 208 455 233 120 451 508 486 170 284 192 548 554 404 271 421 420 453 303 494 629 456 486 347 293 738 301 575 248 581 440 269 190 152 755 581 435 745 570 602 399 431 290 731 324 184 391 434 225 271 82 155 682 385 743 492 579 503 191 737 535 610 547 421 111 312 213 244 490 284 386 558 379 417 338 389 506 500 651 585 494 262 526 327 247 651 247 621 657 312 364 328 548 544 149 617 409 268 313 617 216 426 348 603 398 309 445 610 764 208 271 129 620 748 225 349 733
627 318 396 532 467 329 540 553 404 602 487 543 671 438 376 74 415 535 459 113 336 293 240 512 353 475 403 427 334 127 273 445 252 127 253 532 344 563 503 320 527 220 520 318 194 0 309 678 176 169 196 281 505 423 300 633 405 324 42 147 91 552 428 258 205 228 587 366 484 314 440 572 657 534 312 583 432 468 197 423 248 145 59 346 644 446 436 624 636 516 377 475 348 584 391 362 536 323 48 421 111 133 526 466 633 303 412 341 379 620 341 423 505 502 290 402 287 309 295 445 366 520 490 448 527 469 607 307 508 542 577 373 444 238 416 465 200 470 467 132 311 137 356 610 190 492 460 228 461 427 410 570 397 424 583 171 325 661 585 353 422 64 478 629 44 231 563
351 519 642 267 157 109 262 685 671 792 611 258 823 599 446 330 357 831 474 385 554 501 428 224 356 334 102 211 195 215 480 177 561 417 119 333 599 849 371 394 511 310 697 83 346 309 0 428 180 207 446 183 234 457 351 755 710 592 274 454 396 244 721 211 513 417 748 675 460 352 623 381 806 522 600 475 647 770 114 347 378 181 366 430 940 734 133 914 367 263 67 204 157 452 657 515 408 628 353 614 320 206 426 725 929 390 369 304 411 913 491 466 204 274 449 226 182 573 455 381 669 217 724 170 630 729 385 430 784 242 335 607 752 99 582 494 112 740 530 407 620 319 449 343 196 784 202 84 655 611 484 768 674 429 698 187 626 375 561 554 613 312 344 920 348 147 504
106 942 1056 161 343 355 173 746 1076 903 687 186 875 723 543 726 761 1211 888 780 760 713 850 451 448 262 333 561 603 626 901 484 901 741 427 167 1009 1241 264 531 456 738 811 373 591 678 428 0 603 630 720 401 194 503 499 781 1077 996 635 823 741 274 1106 638 848 839 829 1029 430 779 1050 157 857 465 884 831 822 1142 502 744 805 591 720 551 1321 1125 313 1302 79 536 379 223 330 794 898 664 267 997 727 773 625 545 797 943 1309 819 776 722 490 1298 920 887 400 176 636 282 395 827 882 365 978 392 909 258 673 948 92 858 1184 411 100 815 1106 526 718 910 497 1144 952 802 950 734 877 92 491 1170 228 476 802 1039 561 892 928 843 733 609 1001 126 953 740 769 647 711 1307 723 576 885
531 339 461 443 326 253 442 683 492 756 612 438 812 577 469 165 269 659 351 216 495 446 247 346 408 462 283 251 158 49 300 275 418 302 200 487 419 672 496 410 584 139 668 231 310 176 180 603 0 27 362 265 412 501 375 760 545 414 161 299 267 420 548 94 377 237 730 518 535 207 447 534 796 594 488 428 592 602 114 271 204 40 234 443 766 558 313 739 546 342 244 381 292 422 566 495 533 465 206 573 246 160 371 640 757 229 272 196 452 739 319 329 348 438 421 362 268 482 279 472 538 364 657 348 643 643 550 261 606 382 506 539 594 83 557 365 119 561 388 237 479 139 291 521 205 610 375 132 614 435 507 727 573 308 706 6 459 556 463 506 573 213 312 744 200 55 425
557 312 435 470 351 280 469 692 467 760 621 465 819 584 482 148 259 636 333 195 496 449 221 365 426 486 310 263 165 44 273 293 403 296 225 513 394 648 520 423 603 113 673 258 318 169 207 630 27 0 360 288 439 517 390 770 524 389 160 282 258 445 525 90 364 210 736 499 554 187 420 560 804 612 480 422 594 580 138 263 177 55 225 456 743 534 340 715 573 356 270 408 318 419 561 502 557 445 193 576 250 174 365 635 733 205 260 185 468 715 292 308 370 464 428 388 291 478 253 493 525 386 656 375 654 638 577 235 581 403 533 538 574 109 563 346 143 535 366 216 464 114 267 548 223 586 402 158 618 409 521 730 566 291 716 21 438 583 449 509 577 213 311 720 188 74 414
697 462 492 601 595 418 619 375 474 406 318 628 482 257 262 256 612 534 650 264 140 105 406 667 298 473 518 605 520 316 422 608 207 89 347 556 439 584 490 227 435 415 329 419 129 196 446 720 362 360 0 332 581 322 236 455 393 406 200 209 134 666 447 451 160 395 397 334 405 508 579 584 469 439 165 779 236 460 336 620 433 324 154 234 638 477 550 631 699 687 506 555 415 779 211 195 513 326 199 228 126 240 722 281 625 492 609 537 292 622 507 612 650 549 140 440 338 126 464 402 257 663 295 539 364 285 635 487 550 688 623 177 404 403 234 654 336 527 649 268 240 327 539 672 260 508 534 362 267 567 285 374 228 618 410 358 340 737 778 162 231 148 672 634 202 412 759
366 576 673 269 290 98 287 506 686 625 433 295 646 429 265 339 513 811 612 390 409 356 486 394 172 201 207 394 359 265 532 358 501 341 71 250 623 843 234 216 333 400 528 113 208 281 183 401 265 288 332 0 248 273 173 573 676 605 239 423 340 343 706 341 448 474 574 628 282 472 693 291 628 343 497 648 494 741 152 507 460 235 319 252 920 727 235 903 369 444 215 223 82 629 532 348 270 596 330 454 225 150 597 591 908 494 520 447 228 898 573 593 361 225 290 120 5 452 530 210 585 370 577 209 449 595 326 521 789 399 301 465 705 224 414 628 147 752 653 411 551 365 555 343 91 771 201 145 493 681 303 603 556 568 517 268 600 404 715 401 452 246 519 907 326 271 667
122 752 870 32 166 175 38 697 894 838 629 50 836 645 464 544 570 1039 696 599 649 598 660 289 360 217 139 378 410 439 712 305 743 584 252 150 825 1064 245 433 443 545 742 188 455 505 234 194 412 439 581 248 0 444 393 750 910 813 463 652 577 140 931 444 690 649 775 866 400 584 857 192 818 454 746 653 727 973 317 555 612 403 552 463 1149 948 122 1128 134 370 185 30 166 619 778 572 273 828 553 682 470 375 615 834 1138 625 585 528 414 1124 726 693 239 84 526 156 243 700 690 316 832 236 812 64 630 838 167 665 1004 262 109 706 944 333 635 718 313 962 758 622 796 546 683 109 329 996 46 289 718 846 493 821 803 651 696 418 830 157 767 637 680 484 528 1132 548 382 701
525 740 799 447 547 362 477 253 789 401 187 493 392 221 60 498 767 856 850 532 289 258 664 661 101 244 466 667 624 480 696 631 529 392 341 342 746 906 238 104 112 617 308 383 233 423 457 503 501 517 322 273 444 0 127 309 715 716 393 513 423 574 769 591 482 651 332 654 91 703 862 346 374 117 452 914 328 780 404 765 663 462 423 88 957 799 486 952 515 717 483 432 325 898 430 177 242 648 458 276 314 342 860 459 944 710 772 696 48 942 764 823 623 374 186 291 274 380 718 138 555 629 413 438 186 464 411 724 872 659 428 338 720 485 219 862 400 846 875 546 556 552 768 493 297 830 407 408 301 850 59 389 466 808 253 502 662 569 965 260 272 360 787 955 458 524 924
496 618 686 405 462 270 430 334 681 453 261 443 473 258 97 374 643 767 723 412 261 213 539 567 61 242 379 556 504 353 574 528 440 289 231 332 632 812 255 43 226 490 356 286 120 300 351 499 375 390 236 173 393 127 0 404 626 605 268 404 312 508 674 466 389 527 401 569 185 576 740 354 456 233 391 793 333 693 283 642 536 336 307 79 872 701 405 863 491 614 388 374 244 780 398 180 276 554 338 289 194 215 738 446 860 583 647 571 79 855 638 696 534 341 136 237 176 329 593 166 491 543 419 369 280 450 410 597 771 572 409 317 640 365 244 735 279 741 748 427 476 426 641 467 173 736 349 291 326 728 136 433 428 682 347 376 564 538 839 244 287 239 668 866 337 401 799
822 918 933 751 855 667 782 80 903 179 148 799 96 198 308 703 1029 901 1091 718 328 350 860 967 405 540 773 960 903 727 878 932 616 545 635 634 883 965 524 362 325 851 157 686 451 633 755 781 760 770 455 573 750 309 404 0 773 847 619 661 589 883 845 854 588 849 101 710 356 944 1033 626 80 316 487 1188 269 829 682 1032 881 719 606 325 983 880 794 993 808 1018 788 741 632 1178 405 270 514 732 649 241 526 601 1132 379 970 937 1031 955 348 978 963 1056 930 676 343 600 575 418 919 435 574 937 303 747 124 382 693 938 955 967 721 330 751 765 221 1098 680 944 1099 724 611 770 989 789 573 894 715 694 217 1021 270 194 441 1054 56 760 753 865 1214 297 237 570 1066 993 651 796 1184
1032 337 241 936 865 734 946 702 180 647 669 949 759 593 654 381 667 141 624 329 460 467 371 890 688 851 807 777 672 500 334 817 186 342 658 923 220 194 872 620 827 482 618 724 508 405 710 1077 545 524 393 676 910 715 626 773 0 189 446 257 335 954 78 588 237 371 685 63 799 541 388 957 753 831 287 822 504 66 601 687 442 531 358 626 246 113 840 237 1040 873 777 880 749 844 371 565 899 82 358 535 455 534 772 420 234 491 654 613 685 228 419 578 893 901 529 796 681 361 403 792 202 909 492 854 719 419 1000 451 184 927 977 444 64 625 574 613 604 187 575 308 165 415 497 1014 585 121 864 632 555 381 673 615 339 617 744 539 86 1066 744 495 540 430 765 240 363 598 763
936 148 86 843 740 641 847 769 80 751 720 846 852 651 660 270 487 256 435 215 518 505 195 744 664 799 694 620 516 377 150 670 236 325 569 855 38 259 826 613 827 320 701 625 486 324 592 996 414 389 406 605 813 716 605 847 189 0 366 202 294 834 151 434 258 199 771 209 790 363 211 896 843 833 375 636 588 219 496 508 268 412 299 630 358 149 726 327 948 716 658 783 667 661 476 600 859 149 276 605 412 455 588 541 350 310 473 440 677 329 230 389 756 821 545 724 610 432 217 762 332 772 602 753 768 541 929 267 191 786 895 522 254 497 630 424 500 148 385 194 265 275 310 922 514 203 771 525 635 202 687 718 453 430 808 408 126 965 554 550 610 373 589 333 279 461 575
586 353 437 490 431 287 499 539 446 599 471 502 662 428 349 107 417 577 472 154 335 289 271 483 318 434 365 408 319 116 308 418 287 147 211 490 386 605 462 291 494 233 514 277 170 42 274 635 161 160 200 239 463 393 268 619 446 366 0 189 121 514 470 250 238 259 578 405 449 325 475 530 647 501 334 582 433 510 160 423 270 124 92 320 686 489 398 666 594 493 341 433 305 580 406 348 495 365 91 416 92 90 525 479 675 321 416 342 347 662 370 439 474 459 275 359 244 321 324 407 396 488 496 408 508 482 564 331 550 511 535 378 483 211 406 480 163 512 487 173 345 159 378 568 148 535 418 191 458 462 385 569 415 435 567 157 366 620 595 349 418 53 471 671 87 212 568
775 258 286 679 610 476 688 581 277 589 527 691 679 463 457 134 482 388 485 96 335 312 218 645 464 609 550 545 443 250 221 574 123 123 400 673 233 420 634 410 624 277 525 466 284 147 454 823 299 282 209 423 652 513 404 661 257 202 189 0 92 698 283 360 98 210 595 221 588 360 371 711 668 630 234 649 418 321 343 496 267 279 104 427 497 304 583 479 783 638 521 622 494 660 333 404 664 175 100 425 214 278 594 407 486 327 473 414 475 474 314 442 644 647 344 544 429 267 274 564 250 659 452 596 573 409 749 308 370 679 722 352 298 373 440 484 347 338 467 84 184 190 362 757 332 347 607 374 460 359 485 556 324 461 618 293 177 809 615 364 429 179 565 483 106 354 611
