221
0 277 281 684 348 374 220 88 671 174 317 450 764 380 648 630 598 479 275 287 65 136 829 421 683 90 528 241 664 188 331 338 717 731 416 381 485 639 299 256 220 380 242 282 445 614 60 559 599 260 549 174 504 201 477 374 652 286 125 715 530 641 781 447 400 662 348 293 493 384 514 572 658 696 332 229 537 165 611 80 617 839 83 381 256 848 424 508 508 294 670 725 835 208 585 166 465 363 245 517 161 502 674 374 553 659 478 596 227 460 150 289 616 474 687 710 513 396 522 249 601 456 210 109 642 670 158 206 589 556 249 225 393 210 621 726 154 561 434 431 562 419 194 156 373 247 307 35 155 773 199 695 430 411 468 88 330 96 289 453 371 839 625 259 133 707 549 539 491 446 604 284 71 862 729 146 609 540 691 337 236 667 254 521 435 446 179 762 459 524 351 632 325 178 642 606 757 224 356 685 313 405 177 202 448 407 307 585 627 40 604 781 247 78 288 408 219 257 555 699 142
277 0 530 428 441 218 272 285 458 425 351 490 490 383 468 374 525 555 426 508 215 370 562 444 431 360 256 63 405 292 587 330 443 454 421 529 288 461 337 277 497 395 244 381 559 342 261 324 476 168 293 138 331 359 263 127 387 70 363 446 602 394 539 340 131 432 578 409 279 375 285 501 426 455 547 383 408 205 451 245 341 576 361 122 513 615 228 622 549 438 475 450 603 465 523 395 204 268 504 479 360 246 489 323 441 417 560 568 361 218 211 258 393 227 493 437 354 124 307 228 559 222 102 204 370 438 125 481 312 645 493 55 230 296 346 561 215 437 336 154 389 316 465 375 286 233 49 310 336 525 141 441 234 222 348 204 101 255 81 485 430 592 389 536 151 436 295 541 214 243 554 458 331 598 465 241 492 462 450 596 112 398 517 540 524 389 434 544 553 497 597 511 588 429 482 497 520 494 225 415 487 307 170 470 411 399 347 533 676 267 698 525 201 330 526 562 258 259 456 425 419
281 530 0 878 293 533 486 245 817 297 349 681 1018 637 929 900 862 685 473 74 343 319 1093 405 955 192 787 477 864 445 60 602 971 971 422 550 645 921 339 348 156 632 517 513 629 836 334 836 670 436 753 454 640 422 651 591 862 556 168 928 733 826 1057 543 631 941 80 511 773 644 791 837 826 870 98 441 815 445 892 285 868 1106 217 647 33 1127 704 682 732 211 798 978 1114 75 846 333 681 642 48 775 367 771 956 646 625 935 681 845 229 660 328 564 779 676 812 932 634 655 690 527 856 731 486 391 864 948 404 210 836 742 37 474 550 468 850 819 327 838 711 682 686 698 112 157 481 377 545 265 203 1048 406 886 601 582 568 327 547 275 561 687 342 1114 801 154 408 924 750 779 733 726 861 456 211 1128 995 300 674 584 967 71 515 928 57 755 639 499 290 1043 656 778 69 907 76 297 742 879 1035 95 504 900 166 508 374 251 482 430 339 843 834 316 782 1052 400 293 30 563 490 365 614 953 178
684 428 878 0 661 347 692 657 166 847 562 873 316 763 637 393 819 948 851 830 631 795 427 586 431 751 308 444 26 718 939 718 297 217 554 949 242 635 563 535 893 779 657 798 968 121 683 451 380 445 135 566 271 786 228 311 64 466 730 85 989 57 525 386 297 504 899 828 486 751 458 801 100 71 856 810 674 632 658 626 254 457 763 396 872 603 503 1026 924 709 220 293 599 831 828 821 223 623 868 813 788 380 639 688 388 463 956 894 656 224 561 654 136 210 228 124 296 359 196 637 874 437 529 631 115 503 526 890 237 1038 842 467 330 719 148 325 561 698 661 314 264 644 847 726 417 501 384 719 676 492 490 15 278 297 366 597 354 626 473 865 620 539 94 930 575 98 135 893 252 496 863 885 719 464 387 586 394 451 480 950 529 331 885 903 926 464 855 600 954 836 934 753 950 852 304 758 532 874 377 83 770 401 519 886 496 530 568 845 1044 685 1089 456 478 749 863 983 677 515 415 287 818
348 441 293 661 0 326 555 259 564 482 101 795 871 715 906 799 917 827 622 221 371 469 964 112 857 318 666 377 652 532 344 667 828 802 132 724 418 898 108 164 404 718 563 630 792 652 404 763 386 281 555 447 395 549 436 435 662 498 256 726 879 604 970 282 485 870 272 642 720 716 726 891 589 635 224 577 826 481 883 281 724 985 355 560 308 1049 664 854 854 83 535 832 1038 295 908 495 507 660 314 846 505 678 928 691 344 851 827 931 121 470 252 605 540 487 547 742 379 550 464 562 932 663 457 425 679 875 349 441 690 903 269 394 338 552 675 538 246 854 735 559 428 717 341 223 244 209 427 363 196 952 302 665 391 375 307 312 401 261 507 797 49 1018 571 423 400 727 549 879 589 681 932 625 302 1003 875 230 388 295 883 356 490 803 333 864 783 221 481 983 807 857 319 929 368 484 466 909 955 349 295 702 132 259 278 469 197 147 100 912 975 387 951 943 242 415 265 748 550 183 329 809 368
374 218 533 347 326 0 468 325 298 548 224 701 548 597 658 498 742 761 604 483 338 504 646 279 556 423 362 181 334 474 593 544 506 476 250 712 114 651 221 188 563 607 449 573 755 325 393 485 259 113 230 323 131 529 118 133 338 288 392 404 810 293 670 125 183 586 552 598 465 590 459 718 295 338 509 557 618 389 650 302 405 668 443 299 529 753 430 819 761 365 295 509 743 489 741 533 184 486 526 698 512 393 674 541 223 560 765 787 309 144 231 471 249 160 312 416 145 274 157 436 777 401 302 361 352 590 238 569 370 850 497 213 19 485 348 360 229 647 553 265 190 533 511 384 92 156 174 409 333 648 177 354 68 50 130 286 123 296 299 698 294 712 268 598 305 403 225 757 276 439 772 628 392 685 562 250 274 247 590 604 323 488 544 755 726 188 554 702 754 715 587 720 605 552 277 709 660 536 31 379 425 100 196 574 216 224 228 751 889 388 902 633 137 450 517 744 455 168 238 488 492
220 272 486 692 555 468 0 301 731 240 502 245 676 161 460 511 378 294 160 504 183 188 714 608 554 297 449 287 667 46 527 118 631 671 597 256 556 451 483 428 377 163 44 108 288 593 160 422 724 373 561 144 593 112 535 400 644 226 344 697 345 664 633 575 398 510 560 136 346 164 376 352 698 725 549 126 333 81 416 274 546 717 269 308 457 688 277 352 306 510 746 640 675 412 365 196 473 168 443 297 148 397 488 159 684 519 298 377 437 491 313 84 666 499 764 679 613 340 579 65 381 334 171 130 617 518 240 335 527 382 459 256 484 31 588 825 319 354 228 385 654 217 382 376 507 400 322 224 371 634 308 706 500 485 590 244 369 293 220 245 569 695 661 412 171 684 564 324 452 299 384 198 289 741 616 327 738 688 547 530 163 568 447 311 258 601 251 593 286 305 555 421 513 243 744 392 605 409 463 666 533 535 309 303 612 581 493 365 432 179 434 653 383 194 499 290 15 420 693 615 315
88 285 245 657 259 325 301 0 623 244 232 536 774 462 703 656 674 567 364 229 121 217 848 334 711 98 541 234 639 274 302 417 727 730 331 469 440 694 214 178 238 464 316 370 533 601 145 594 528 214 525 221 450 289 438 355 632 314 78 697 619 609 815 379 390 701 297 382 535 465 551 648 619 659 272 317 602 234 671 40 624 861 122 402 228 887 469 596 595 209 616 734 874 181 663 246 447 428 221 597 248 527 728 448 482 693 567 678 139 433 95 361 574 448 632 698 454 409 481 320 682 490 248 176 629 708 159 245 593 644 208 229 344 295 612 662 96 628 503 437 506 486 190 92 306 180 302 108 71 804 168 666 388 369 402 83 310 31 320 539 283 871 589 273 172 691 523 623 491 490 684 370 67 883 749 76 537 463 725 311 279 683 235 607 523 369 247 806 547 606 312 701 304 248 580 676 794 218 302 668 236 338 138 255 367 324 221 664 715 127 693 807 189 161 242 494 298 184 481 709 167
671 458 817 166 564 298 731 623 0 843 475 941 482 831 767 537 923 1010 881 759 629 796 592 472 581 721 428 451 181 747 877 781 459 383 442 986 185 764 481 470 860 845 702 839 1017 261 684 577 226 411 202 591 176 809 198 331 218 514 688 252 1055 126 682 281 343 647 824 867 597 821 574 903 68 101 777 836 781 659 780 600 400 623 741 470 817 763 596 1080 997 626 53 456 758 781 928 825 273 698 816 903 800 494 774 762 246 607 1016 989 588 242 529 711 68 237 62 290 185 433 152 685 972 539 560 643 268 647 524 867 375 1101 782 480 279 753 294 160 527 808 749 395 135 730 806 676 335 448 409 705 625 651 471 159 241 259 256 582 363 595 523 935 518 701 97 894 585 265 195 977 349 595 963 910 690 630 546 547 238 311 629 888 570 484 834 982 982 348 849 750 1010 924 864 870 892 847 141 870 686 830 321 248 686 310 493 872 378 420 483 944 1121 682 1153 617 433 744 797 1019 717 454 272 448 790
174 425 297 847 482 548 240 244 843 0 475 388 891 361 699 738 586 387 176 342 216 56 942 572 785 164 656 403 825 193 320 338 845 871 573 256 658 690 457 422 154 352 282 227 332 767 164 654 770 434 712 294 678 141 648 536 810 411 225 871 435 807 870 619 554 747 377 218 581 371 608 562 828 864 384 151 568 244 654 252 751 947 127 507 264 928 510 388 436 410 844 853 914 232 568 44 624 408 249 495 92 616 727 390 725 754 383 557 363 626 323 324 787 638 861 861 687 531 693 299 571 559 334 221 795 756 322 101 726 446 282 380 567 211 771 900 327 586 464 571 736 456 185 259 546 419 463 141 288 869 371 859 602 583 641 261 494 263 410 395 515 932 794 182 273 861 712 487 635 532 578 159 184 971 842 315 780 708 783 320 349 788 245 462 341 614 11 833 358 494 357 648 298 4 816 616 843 204 530 840 405 577 351 64 612 567 464 562 536 162 488 885 421 98 320 273 250 427 725 828 125
317 351 349 562 101 224 502 232 475 475 0 747 769 659 819 701 848 788 592 286 323 450 863 106 759 315 567 289 553 487 407 608 726 700 99 699 320 812 18 77 429 664 504 589 760 550 366 669 322 185 454 379 302 516 336 335 561 413 260 626 839 506 872 195 385 775 348 605 630 658 634 823 495 541 302 545 749 423 800 239 623 884 348 467 356 953 578 824 807 150 452 730 942 329 841 479 405 588 358 784 479 582 840 626 277 755 789 871 126 368 189 541 446 385 465 641 290 455 366 500 869 571 382 372 577 781 276 455 588 869 318 310 236 505 573 469 182 777 663 461 341 643 367 235 145 118 332 341 191 853 219 567 289 274 220 259 302 222 423 747 79 919 475 456 336 626 448 825 488 594 868 602 291 902 775 177 327 242 787 418 414 702 377 813 746 151 476 890 771 797 390 852 426 478 392 834 858 384 193 602 211 165 202 476 140 92 11 847 932 351 919 844 149 393 326 726 495 92 268 708 377
450 490 681 873 795 701 245 536 941 388 747 0 774 110 431 593 230 80 212 715 425 361 778 853 615 509 585 520 847 262 707 160 736 799 842 189 778 423 728 673 542 95 253 170 138 760 391 495 961 615 753 383 821 260 752 613 816 427 566 859 115 856 657 815 598 544 760 169 425 122 460 213 899 918 759 239 291 326 377 514 676 771 474 478 648 686 380 171 60 744 963 746 673 610 206 348 670 250 634 140 314 517 457 185 922 571 90 173 675 699 558 232 873 703 981 831 843 516 794 264 193 450 399 375 780 552 484 487 668 166 660 488 716 242 746 1051 564 292 231 559 880 242 569 600 749 646 540 443 605 670 551 888 724 712 828 488 591 534 418 13 812 718 860 567 416 843 758 100 621 394 204 241 510 795 691 571 975 931 589 708 379 667 631 74 87 845 397 584 103 127 743 323 686 389 973 289 625 591 700 830 759 776 554 446 857 827 738 193 187 409 216 703 627 398 700 209 254 666 933 724 503
764 490 1018 316 871 548 676 774 482 891 769 774 0 676 411 181 642 854 830 989 700 834 110 825 174 850 236 540 300 716 1076 647 47 99 794 905 487 413 763 716 984 695 631 762 897 239 738 278 677 601 338 600 536 787 457 439 265 482 852 235 883 358 227 638 392 262 1060 793 350 661 315 633 413 387 1024 802 505 647 452 735 150 141 848 385 1002 296 407 944 810 896 535 40 295 955 658 854 364 541 994 671 810 278 402 599 674 221 864 733 826 405 691 607 437 390 544 193 568 368 452 611 706 342 560 674 221 256 616 963 183 936 981 545 540 707 208 642 694 520 542 336 553 532 955 861 638 672 473 795 819 193 614 327 491 502 624 695 479 743 481 762 842 226 394 1023 632 219 346 758 287 388 692 872 821 149 99 721 693 732 220 1085 542 108 1008 778 848 717 902 320 872 695 1083 550 1078 895 612 567 245 985 578 233 953 636 646 946 749 768 771 679 909 748 981 149 641 806 1012 937 661 695 701 65 907
380 383 637 763 715 597 161 462 831 361 659 110 676 0 368 497 226 185 206 661 345 321 690 765 526 453 479 416 737 194 671 53 637 695 751 238 670 360 641 583 512 18 155 136 220 651 320 400 856 515 643 284 714 220 643 504 707 318 503 750 225 746 580 713 487 461 713 156 326 16 361 201 788 808 706 210 226 235 316 435 571 685 421 368 605 619 275 270 166 672 854 647 605 563 209 317 560 142 592 138 273 412 396 78 819 483 193 216 599 589 470 125 763 593 872 724 737 405 685 162 221 345 295 290 671 470 388 462 562 274 612 385 611 171 638 943 476 238 140 449 772 145 528 536 648 552 431 382 533 589 454 778 616 605 725 404 484 454 308 103 728 642 750 543 323 735 648 166 511 291 224 246 447 710 599 487 871 830 505 674 273 568 592 158 171 747 372 518 197 144 703 290 654 363 865 258 549 553 597 721 694 675 461 424 761 734 650 206 293 339 325 618 531 344 652 268 165 574 831 624 461
648 468 929 637 906 658 460 703 767 699 819 431 411 368 0 250 243 507 570 931 588 648 377 912 236 737 339 530 611 506 976 368 389 475 888 604 671 8 805 745 836 385 420 496 568 516 596 189 887 636 567 481 726 562 635 526 572 408 769 584 521 648 235 781 480 149 995 521 193 353 201 241 705 702 975 563 142 485 54 665 384 361 717 359 903 255 241 599 448 893 809 399 241 855 263 655 520 292 891 299 607 278 28 313 864 191 518 339 814 567 661 376 702 561 824 545 758 383 660 406 309 256 457 538 522 155 562 795 399 573 897 511 662 487 488 917 666 139 237 400 771 243 833 793 742 701 493 665 770 256 604 651 638 636 781 622 537 681 398 418 898 292 671 872 530 566 575 381 423 225 293 612 719 383 313 688 904 901 192 981 425 326 897 409 517 844 711 153 535 320 999 141 966 702 858 164 203 862 675 564 934 757 628 763 870 864 815 284 522 614 610 297 670 648 936 632 451 727 885 386 769
630 374 900 393 799 498 511 656 537 738 701 593 181 497 250 0 466 674 661 882 565 682 203 775 58 720 136 433 369 554 955 470 147 227 747 729 476 250 690 636 846 516 466 590 718 277 595 97 689 518 346 457 531 624 441 369 329 345 732 335 701 412 172 610 317 111 952 620 171 482 138 455 471 461 921 636 326 495 281 615 139 209 712 253 880 254 235 764 629 808 583 157 245 832 481 698 326 365 871 491 652 128 248 421 674 70 684 555 732 375 585 437 476 364 597 295 564 251 454 446 529 178 420 530 278 110 496 818 161 755 864 429 496 543 246 693 589 343 361 239 565 352 824 747 590 590 373 658 710 153 512 407 458 463 604 573 398 627 341 581 778 219 440 884 497 317 355 577 225 214 515 703 694 233 104 615 706 722 95 963 396 79 882 597 668 684 749 215 692 514 968 380 953 742 644 394 162 854 524 317 860 597 542 796 714 721 700 501 729 608 800 151 557 660 898 761 497 615 699 140 770
598 525 862 819 917 742 378 674 923 586 848 230 642 226 243 466 0 292 422 883 553 547 618 951 469 675 510 576 792 416 898 260 613 692 934 419 789 237 831 771 738 233 357 359 363 697 538 378 996 683 721 470 840 446 757 625 755 455 723 782 292 816 477 866 592 384 937 373 332 217 361 26 868 876 928 435 145 439 193 642 582 604 645 459 831 488 327 378 225 882 956 623 476 788 24 543 653 261 817 93 500 438 263 226 964 421 303 96 806 693 665 313 854 692 973 747 869 494 792 355 66 384 466 498 710 392 572 688 587 342 836 548 752 394 675 1057 671 123 189 528 894 209 754 754 810 734 567 603 745 498 632 834 744 736 872 606 619 662 444 217 922 533 831 768 516 764 728 150 575 328 50 459 667 626 547 686 1012 987 430 900 436 545 818 182 315 913 597 390 325 102 929 106 880 589 986 78 446 779 751 758 909 833 646 649 933 914 841 43 280 557 373 539 708 568 876 439 378 758 980 606 686
479 555 685 948 827 761 294 567 1010 387 788 80 854 185 507 674 292 0 213 726 465 372 859 894 696 527 664 579 922 300 705 231 816 878 885 149 843 500 769 716 538 168 311 198 75 836 423 576 1018 668 826 438 883 279 818 680 892 495 586 936 51 929 736 870 668 624 765 185 506 199 541 279 970 991 769 253 369 375 453 550 755 851 490 552 651 762 459 91 68 770 1030 826 749 618 268 354 741 327 637 209 328 596 533 262 978 651 11 216 706 768 600 298 943 773 1048 910 904 589 861 326 243 529 459 418 857 632 535 482 747 90 668 547 776 284 824 1115 607 368 312 633 943 323 573 621 801 692 604 467 633 750 602 963 788 774 884 529 655 569 486 92 848 796 932 558 465 921 830 144 696 474 257 230 532 874 772 610 1032 983 669 704 442 747 632 110 46 894 395 661 36 192 744 392 681 388 1035 358 704 592 757 907 779 830 602 440 904 871 778 251 150 440 143 783 677 417 707 158 306 711 987 805 510
275 426 473 851 622 604 160 364 881 176 592 212 830 206 570 661 422 213 0 512 277 159 862 696 699 314 608 430 826 133 496 202 787 830 691 109 702 561 573 526 329 193 201 74 169 753 227 567 852 499 719 290 734 77 683 552 804 385 375 857 263 821 768 700 555 646 552 49 491 220 523 400 853 881 556 48 430 222 520 352 705 862 277 469 439 815 425 232 259 560 892 796 801 404 402 140 630 298 425 329 117 553 598 258 809 661 211 383 500 645 412 223 818 654 910 839 750 501 729 222 400 488 324 243 778 654 367 275 687 282 455 401 622 131 749 965 418 443 334 545 794 331 360 410 628 509 474 258 425 773 432 864 645 628 718 340 518 370 380 221 647 830 815 354 299 845 721 312 612 446 408 42 322 886 765 417 864 805 686 496 321 722 421 286 167 713 185 715 187 325 533 496 474 177 882 463 738 381 594 827 566 659 423 234 718 680 582 394 363 240 329 796 500 207 493 140 175 524 815 772 296
287 508 74 830 221 483 504 229 759 342 286 715 989 661 931 882 883 726 512 0 343 354 1069 334 938 208 762 451 817 467 123 622 943 936 352 598 593 922 278 295 217 658 529 545 675 796 345 824 603 394 709 450 583 454 602 555 818 543 162 884 775 777 1043 481 598 930 71 546 765 667 781 857 773 818 45 476 824 452 897 269 838 1084 240 628 98 1116 698 731 768 140 738 949 1104 111 868 372 642 650 108 799 401 753 956 661 559 921 723 873 174 617 298 576 725 633 751 892 574 632 638 537 882 719 477 395 824 937 385 267 806 789 63 452 500 489 813 753 295 849 722 655 626 707 161 137 424 330 516 279 171 1032 375 837 552 533 506 313 512 255 549 720 270 1099 749 223 401 881 705 810 702 719 886 501 216 1105 972 268 606 515 954 134 508 904 124 789 680 433 336 1036 699 804 104 920 147 343 677 894 1023 154 453 857 92 448 343 305 413 362 276 867 876 326 831 1033 356 318 44 614 505 314 546 924 217
65 215 343 631 371 338 183 121 629 216 323 425 700 345 588 565 553 465 277 343 0 167 764 429 618 155 464 187 610 164 394 298 653 669 420 386 445 580 304 252 284 347 196 266 440 556 55 494 577 227 496 110 469 199 433 320 597 221 180 658 516 591 716 425 342 598 406 283 430 346 449 527 612 647 387 228 482 113 554 90 554 774 147 316 319 784 360 505 485 328 633 661 771 271 542 196 410 308 309 478 174 437 614 327 533 595 466 560 254 409 136 240 572 422 650 651 481 332 478 199 563 391 145 55 584 606 106 265 526 547 310 166 357 183 562 696 142 508 382 368 529 366 259 206 352 232 250 95 192 708 161 643 388 370 444 64 278 109 224 427 386 775 578 322 68 649 496 508 430 382 564 294 132 797 664 146 589 528 626 401 172 602 318 494 423 436 224 699 449 487 413 580 389 220 613 556 693 289 324 628 357 383 148 256 442 407 313 544 609 53 597 716 223 117 348 415 179 248 538 635 206
136 370 319 795 469 504 188 217 796 56 450 361 834 321 648 682 547 372 159 354 167 0 885 551 729 155 599 351 773 141 350 293 788 815 549 255 612 639 431 391 192 315 229 194 326 713 112 598 734 391 659 238 635 102 600 484 757 355 217 817 422 756 815 582 501 693 398 192 525 330 552 523 779 813 398 122 519 187 604 216 694 891 118 451 287 874 454 387 414 403 799 796 860 248 530 30 572 356 273 458 48 559 676 343 689 698 370 525 347 575 285 272 739 587 816 806 645 474 645 245 537 503 278 166 740 701 272 146 670 440 299 328 522 161 715 859 290 539 415 515 694 405 208 252 509 383 410 108 272 813 326 807 555 537 603 219 443 231 354 368 497 876 744 225 220 807 660 459 580 477 543 156 167 914 785 281 745 676 727 352 293 731 272 435 326 582 67 780 347 459 384 603 332 61 776 573 788 232 487 786 407 540 309 116 583 541 439 526 522 115 486 829 381 57 338 278 197 393 691 771 141
829 562 1093 427 964 646 714 848 592 942 863 778 110 690 377 203 618 859 862 1069 764 885 0 925 164 917 306 618 411 758 1150 668 142 209 895 926 593 381 856 806 1046 708 670 790 909 347 796 294 787 689 444 658 643 827 561 529 376 543 925 344 881 468 153 741 480 236 1140 820 371 674 339 614 524 497 1106 838 494 698 425 808 240 32 911 447 1075 203 437 950 808 984 645 141 205 1026 638 902 462 564 1066 662 856 327 360 616 783 207 869 713 912 506 770 639 547 491 655 303 676 438 559 649 684 382 619 732 331 228 688 1020 275 934 1056 618 639 746 315 752 774 503 550 414 662 544 1022 937 738 761 553 858 898 124 694 437 592 602 729 766 566 818 540 766 938 129 505 1085 695 329 453 748 375 416 669 904 890 39 99 801 803 839 190 1158 597 164 1078 772 858 820 952 254 880 685 1160 518 1149 946 723 541 181 1052 675 344 1039 737 726 999 852 868 864 659 895 808 976 79 729 862 1089 957 701 785 809 158 970
421 444 405 586 112 279 608 334 472 572 106 853 825 765 912 775 951 894 696 334 429 551 925 0 834 409 640 384 581 593 457 714 784 748 31 803 348 905 125 181 510 770 609 695 865 595 471 753 279 276 495 484 314 621 373 406 596 509 350 658 945 528 948 199 458 857 384 710 720 763 721 926 505 552 336 649 848 529 895 344 685 948 444 554 419 1029 672 929 914 194 438 787 1019 402 945 579 463 690 424 889 582 663 931 730 239 834 894 976 210 420 295 646 458 435 448 679 292 538 392 605 973 659 485 478 620 862 380 542 650 974 380 408 285 612 621 430 289 876 765 537 337 745 446 320 187 217 419 442 283 926 320 588 334 323 220 365 381 326 520 854 63 991 493 531 442 661 488 931 555 687 972 705 388 965 842 283 279 185 865 469 516 768 444 919 851 124 572 973 876 902 431 951 481 575 363 934 936 457 252 637 244 190 306 567 94 57 115 951 1038 456 1024 913 245 495 378 828 601 193 221 767 466
683 431 955 431 857 556 554 711 581 785 759 615 174 526 236 58 469 696 699 938 618 729 164 834 0 773 194 491 408 598 1010 503 154 244 805 761 531 238 749 694 897 544 509 627 745 320 645 132 742 576 397 509 585 666 496 427 368 399 787 365 720 455 114 667 376 87 1008 657 208 510 177 461 514 501 978 676 336 543 277 671 181 163 764 309 935 196 276 787 647 866 630 163 188 886 486 744 382 400 925 504 697 184 228 451 729 47 706 561 790 431 642 476 523 419 643 323 619 309 507 489 534 227 472 581 317 81 552 867 209 774 919 486 554 585 288 740 646 348 386 298 618 380 877 803 649 649 432 710 767 94 570 444 515 520 660 628 456 683 394 603 837 161 485 935 550 347 405 590 282 254 519 741 748 187 78 672 759 778 50 1018 447 100 936 613 694 741 796 169 717 527 1024 375 1007 789 694 393 107 907 582 351 917 654 600 844 772 779 759 507 740 659 817 99 616 710 954 793 540 674 753 154 822
90 360 192 751 318 423 297 98 721 164 315 509 850 453 737 720 675 527 314 208 155 155 917 409 773 0 614 317 732 259 240 415 803 812 411 410 538 728 298 271 142 450 325 339 482 689 142 650 622 311 618 265 549 249 534 445 724 375 62 788 577 704 871 475 476 753 263 343 584 459 605 649 716 756 253 274 623 252 699 125 701 928 37 469 166 939 514 542 564 248 714 810 926 118 661 179 537 449 154 591 198 591 763 455 576 750 525 665 200 527 192 372 671 541 731 786 552 482 578 334 673 546 300 199 718 761 236 147 672 596 162 306 442 281 699 759 194 646 519 515 604 505 105 97 403 278 385 73 125 864 260 761 485 466 498 157 400 127 378 514 351 930 685 179 223 781 616 603 572 537 678 310 31 951 818 174 631 553 781 246 327 755 163 583 481 459 163 853 502 596 262 716 234 166 677 689 848 135 400 758 251 434 232 161 454 408 304 659 677 123 641 871 287 111 202 431 299 279 574 785 68
528 256 787 308 666 362 449 541 428 656 567 585 236 479 339 136 510 664 608 762 464 599 306 640 194 614 0 311 281 487 844 440 189 222 611 691 344 335 558 505 748 496 406 543 695 187 501 149 560 387 228 363 400 558 309 233 245 246 619 276 700 311 308 475 182 231 833 575 178 465 149 494 367 368 800 575 365 414 353 502 96 322 611 149 769 390 205 749 631 680 470 197 381 721 520 620 192 337 761 510 577 72 346 401 542 199 673 588 606 242 463 389 363 232 485 246 433 132 327 385 566 135 323 438 200 234 382 726 83 751 750 312 360 480 165 578 467 389 361 108 439 346 719 631 454 459 246 559 591 286 388 323 323 327 469 461 265 511 246 575 644 352 332 787 395 259 236 593 91 193 555 648 586 343 211 494 577 588 229 852 306 141 774 606 649 548 667 345 675 533 853 446 844 661 522 449 298 749 388 249 734 461 419 710 578 585 567 538 745 511 800 276 427 570 782 725 434 484 566 172 671
241 63 477 444 377 181 287 234 451 403 289 520 540 416 530 433 576 579 430 451 187 351 618 384 491 317 311 0 423 298 536 363 494 496 362 537 271 523 275 214 458 427 268 394 575 373 239 387 440 108 309 143 306 358 253 133 411 125 312 473 628 404 600 296 159 494 522 420 342 411 349 551 428 462 488 384 464 210 511 196 390 633 323 184 462 677 289 639 580 376 461 500 665 415 572 379 223 315 455 523 349 307 551 365 402 479 584 612 299 223 152 291 390 235 479 469 325 182 299 255 605 285 121 192 401 500 83 448 359 669 440 31 197 306 381 538 156 493 386 205 366 366 420 321 235 170 68 276 279 585 78 456 214 198 308 159 91 203 136 517 368 653 393 496 134 465 309 579 256 305 601 458 287 654 521 182 454 416 512 545 144 453 469 575 545 338 410 607 573 540 543 568 539 407 456 552 582 449 181 443 426 260 109 442 357 341 285 581 708 240 721 583 140 304 471 570 274 197 414 475 381
664 405 864 26 652 334 667 639 181 825 553 847 300 737 611 369 792 922 826 817 610 773 411 581 408 732 281 423 0 694 924 691 278 202 549 923 234 609 553 522 875 753 631 773 942 95 661 425 386 429 114 543 268 762 217 290 39 441 713 79 962 59 504 382 273 480 886 803 459 725 431 775 113 93 844 785 647 608 631 607 229 441 744 369 857 583 476 1000 898 698 234 275 579 814 801 799 201 596 852 787 765 353 614 662 391 439 929 867 643 205 544 629 141 191 244 111 295 333 189 612 847 410 505 608 91 479 506 870 212 1012 827 445 319 695 123 341 544 671 634 288 266 617 830 711 408 487 362 699 661 472 472 42 266 284 363 578 334 608 447 839 613 520 98 912 553 87 115 867 226 469 836 861 701 449 366 569 401 454 457 935 505 308 869 877 900 460 834 577 928 809 920 726 934 830 314 731 510 857 365 67 759 394 501 866 493 524 558 818 1017 664 1063 437 463 728 849 958 652 502 419 267 799
188 292 445 718 532 474 46 274 747 193 487 262 716 194 506 554 416 300 133 467 164 141 758 593 598 259 487 298 694 0 483 157 671 708 584 239 569 497 468 416 332 192 89 102 282 623 129 466 727 373 585 156 603 71 550 418 672 254 310 727 352 687 679 576 422 556 520 124 391 199 420 391 719 748 512 91 378 88 462 252 583 761 229 343 415 735 321 347 322 482 759 680 721 371 401 149 496 215 401 332 101 438 534 203 685 565 302 408 413 511 299 131 684 520 777 711 620 372 595 108 415 376 190 118 648 564 239 288 563 384 419 267 491 22 620 834 306 399 274 416 663 264 339 343 505 392 340 187 343 679 306 732 512 496 592 228 384 271 250 265 550 741 682 366 170 715 588 350 483 344 418 166 254 785 659 310 739 685 593 487 190 610 404 333 260 595 204 640 286 337 513 465 469 197 752 435 651 366 467 697 501 535 303 256 604 570 478 400 444 147 436 697 378 152 459 271 57 410 692 655 272
331 587 60 939 344 593 527 302 877 320 407 707 1076 671 976 955 898 705 496 123 394 350 1150 457 1010 240 844 536 924 483 0 640 1030 1030 475 565 705 968 398 408 167 665 560 543 645 896 380 889 726 496 813 505 700 453 712 651 923 611 224 989 751 887 1111 601 690 993 89 538 825 680 844 873 887 931 128 469 858 491 937 341 926 1162 259 703 75 1179 755 694 756 264 857 1036 1166 124 881 359 741 687 85 809 398 827 1003 686 682 989 700 875 288 721 388 606 839 737 871 993 693 712 750 571 887 785 539 440 925 1000 461 223 895 756 97 532 611 506 910 875 386 880 754 740 745 741 144 216 541 438 604 310 264 1102 466 947 661 642 626 383 607 333 615 715 394 1168 861 151 461 984 810 807 792 777 894 475 262 1184 1051 360 729 638 1020 11 567 986 79 782 659 555 311 1093 674 810 43 948 31 319 799 919 1087 118 564 960 213 567 434 265 537 485 397 877 852 362 793 1107 461 332 80 575 531 426 669 1011 211
338 330 602 718 667 544 118 417 781 338 608 160 647 53 368 470 260 231 202 622 298 293 668 714 503 415 440 363 691 157 640 0 605 659 700 258 618 359 590 532 485 64 104 128 255 607 278 374 803 462 595 232 661 198 591 453 663 267 462 708 274 698 566 660 438 445 677 156 298 49 332 234 740 760 667 195 231 186 319 388 534 665 385 321 572 612 240 310 218 626 803 615 598 528 246 294 511 105 558 180 247 376 396 55 765 463 238 263 552 539 420 72 713 543 820 683 684 358 634 110 265 309 242 242 628 454 336 438 523 321 576 332 558 134 596 891 426 247 131 403 720 128 496 494 595 500 379 342 488 573 401 732 564 552 671 355 431 407 257 155 678 629 701 518 272 693 599 218 466 258 266 245 407 690 574 438 818 777 487 643 220 538 561 211 210 694 350 512 237 189 670 310 625 341 813 279 536 522 544 679 651 622 409 403 709 682 600 247 345 297 373 599 479 309 616 291 119 522 778 592 429
717 443 971 297 828 506 631 727 459 845 726 736 47 637 389 147 613 816 787 943 653 788 142 784 154 803 189 494 278 671 1030 605 0 90 754 863 451 390 719 671 937 655 587 719 857 207 691 242 646 556 302 553 501 742 419 394 241 435 805 222 846 333 230 599 347 241 1014 750 310 621 275 603 390 369 978 757 473 601 426 688 104 168 801 338 955 306 365 905 774 851 511 10 302 908 629 808 322 499 947 638 764 233 383 559 641 198 826 703 781 365 645 564 410 349 522 179 534 320 417 566 677 298 513 627 193 236 569 916 138 899 934 498 499 662 174 620 647 490 504 289 521 493 908 815 597 628 426 748 772 196 567 309 451 461 587 648 433 696 435 725 799 241 368 976 585 204 311 724 241 346 662 827 774 182 91 675 662 697 204 1038 495 69 961 743 808 678 855 314 833 661 1037 525 1031 849 585 540 241 937 535 214 907 596 600 899 710 728 727 649 876 701 945 159 596 759 965 896 616 650 668 18 860
731 454 971 217 802 476 671 730 383 871 700 799 99 695 475 227 692 878 830 936 669 815 209 748 244 812 222 496 202 708 1030 659 90 0 717 913 403 476 695 653 951 713 628 765 914 153 712 314 584 542 253 577 449 779 375 381 169 460 808 136 911 261 319 555 339 328 1007 797 375 681 341 680 315 288 969 797 549 632 509 693 125 240 815 365 958 392 420 965 841 834 436 83 390 911 706 837 296 555 951 709 796 283 470 617 584 285 888 779 768 331 642 611 341 315 446 94 480 340 364 608 754 350 536 650 130 324 576 935 144 964 933 506 465 702 127 543 644 568 569 301 460 556 916 813 563 611 428 764 768 285 564 227 414 428 540 655 424 698 462 788 769 324 298 990 603 120 261 795 240 404 740 870 783 247 181 671 599 643 294 1040 523 149 965 812 867 635 881 405 892 733 1034 608 1035 876 516 621 332 945 506 135 892 557 596 922 668 691 703 725 947 720 1011 244 581 781 962 946 656 632 611 89 873
416 421 422 554 132 250 597 331 442 573 99 842 794 751 888 747 934 885 691 352 420 549 895 31 805 411 611 362 549 584 475 700 754 717 0 798 316 881 117 168 519 757 595 686 859 563 465 726 254 254 463 468 283 614 342 378 564 488 354 627 936 497 919 167 429 830 405 703 696 749 695 908 474 521 357 643 827 517 872 338 655 918 446 529 434 1001 649 923 903 211 409 757 991 414 928 578 433 672 438 873 578 636 907 714 212 806 886 961 215 389 284 631 426 404 419 647 261 511 360 590 957 634 467 467 589 835 364 549 620 967 395 388 255 601 590 405 278 856 746 510 306 726 456 326 157 200 394 440 286 897 302 557 303 292 189 355 355 321 499 842 82 962 461 542 428 630 457 917 526 663 955 701 388 934 812 275 255 163 837 487 497 738 457 907 843 93 574 946 869 887 452 931 498 576 336 914 908 469 223 606 265 159 290 571 65 26 109 935 1028 450 1017 883 225 492 395 825 589 177 196 736 471
381 529 550 949 724 712 256 469 986 256 699 189 905 238 604 729 419 149 109 598 386 255 926 803 761 410 691 537 923 239 565 258 863 913 798 0 808 596 680 634 398 221 292 150 80 846 335 633 961 608 818 395 842 186 789 655 899 482 472 950 188 921 819 809 655 700 630 120 557 255 591 401 955 982 640 157 462 327 551 460 787 923 372 559 517 857 497 132 213 659 998 872 843 488 396 230 730 363 502 327 220 631 632 309 918 720 141 357 603 748 521 302 922 756 1016 929 858 593 834 312 380 564 426 352 870 708 475 342 773 191 538 507 730 232 839 1073 526 469 379 638 902 382 440 507 737 618 577 361 527 828 541 962 751 735 827 449 623 477 476 201 751 881 917 415 407 936 821 283 705 517 392 99 422 947 832 524 974 914 743 563 420 796 496 250 109 822 261 756 114 316 605 509 540 255 990 474 788 456 703 920 660 768 533 300 827 788 689 382 288 348 232 856 609 309 574 34 271 633 924 849 381
485 288 645 242 418 114 556 440 185 658 320 778 487 670 671 476 789 843 702 593 445 612 593 348 531 538 344 271 234 569 705 618 451 403 316 808 0 666 321 297 678 682 532 664 844 250 500 486 216 227 150 413 55 628 35 166 247 351 507 310 890 186 643 151 197 576 660 691 483 661 469 767 181 225 616 655 655 481 672 416 360 619 556 331 642 726 464 908 836 467 190 452 718 604 792 641 152 546 640 757 616 393 683 606 198 543 848 845 419 103 345 546 134 112 208 330 88 297 46 516 832 420 385 461 274 579 340 683 326 933 609 301 96 577 279 273 343 684 606 271 105 586 626 498 174 269 238 520 448 616 286 247 57 74 136 397 187 411 362 773 378 676 156 713 403 313 142 824 253 469 824 729 506 633 520 365 233 248 571 716 400 448 658 825 812 231 664 689 840 776 697 753 718 662 197 747 638 651 141 289 529 160 309 687 264 291 326 804 963 497 986 594 251 559 628 841 543 279 222 434 607
639 461 921 635 898 651 451 694 764 690 812 423 413 360 8 250 237 500 561 922 580 639 381 905 238 728 335 523 609 497 968 359 390 476 881 596 666 0 798 737 827 376 412 488 561 514 587 186 882 629 563 473 721 553 631 520 570 400 760 583 514 645 240 775 475 151 986 513 186 344 196 235 702 700 966 554 134 476 47 656 383 366 708 353 894 262 234 592 441 885 806 400 249 846 258 646 515 283 882 293 598 274 37 304 859 192 511 333 805 563 653 367 699 556 821 544 753 377 656 398 304 250 449 529 520 158 554 786 397 566 889 504 656 479 486 913 658 131 228 395 766 234 824 785 736 694 487 657 762 261 596 649 632 631 775 613 531 673 391 410 891 298 668 863 522 565 571 375 419 218 288 603 711 388 316 680 899 896 195 973 417 327 888 402 509 838 702 160 527 313 991 137 957 694 853 159 208 853 669 563 925 751 620 754 863 857 808 279 517 605 604 301 663 639 927 623 442 720 880 387 761
299 337 339 563 108 221 483 214 481 457 18 728 763 641 805 690 831 769 573 278 304 431 856 125 749 298 558 275 553 468 398 590 719 695 117 680 321 798 0 60 414 646 485 570 741 547 347 657 335 173 452 361 306 497 336 327 560 398 244 625 820 507 862 203 377 764 342 586 617 640 621 805 498 544 296 526 732 405 785 220 616 876 331 454 344 942 564 805 789 146 459 724 931 316 824 461 400 571 346 766 460 571 826 608 289 744 770 853 113 365 170 523 450 381 473 638 296 443 367 482 851 558 366 353 574 769 259 439 581 850 307 295 234 487 569 481 164 761 646 451 348 626 353 219 148 104 320 323 174 843 203 569 288 271 228 240 293 203 408 729 93 910 477 441 318 625 446 806 481 580 850 583 273 895 766 158 341 257 776 409 397 694 365 794 727 165 458 878 752 779 383 836 416 460 402 817 847 370 190 600 207 170 185 459 156 110 10 829 913 333 900 834 136 375 317 707 476 78 282 701 360
256 277 348 535 164 188 428 178 470 422 77 673 716 583 745 636 771 716 526 295 252 391 806 181 694 271 505 214 522 416 408 532 671 653 168 634 297 737 60 0 400 589 428 518 692 507 299 599 351 118 416 302 293 449 306 277 525 337 225 591 768 481 806 205 326 706 364 536 557 582 562 745 478 523 321 478 672 348 724 175 567 825 300 396 347 885 503 757 734 180 455 676 874 312 764 421 356 510 346 707 416 514 766 549 305 688 718 794 121 326 116 464 431 342 470 601 290 387 343 423 792 499 305 299 535 711 199 417 533 799 312 234 204 433 527 490 109 700 585 397 342 566 341 208 136 45 263 283 158 789 142 542 256 238 229 188 240 160 347 673 154 855 454 430 260 589 411 749 431 519 790 539 243 844 715 110 359 285 720 419 337 643 364 738 675 191 425 819 701 720 399 775 422 426 408 757 791 362 157 565 239 166 125 432 192 154 71 770 859 286 850 781 78 334 330 662 420 21 303 653 338
220 497 156 893 404 563 377 238 860 154 429 542 984 512 836 846 738 538 329 217 284 192 1046 510 897 142 748 458 875 332 167 485 937 951 519 398 678 827 414 400 0 505 415 380 478 831 251 770 748 452 760 388 686 291 676 587 866 504 174 930 584 847 990 606 617 869 234 373 700 522 724 714 857 898 252 305 710 358 793 267 837 1055 136 600 123 1054 629 528 589 323 851 945 1040 112 720 196 679 544 110 648 239 719 864 535 702 871 533 711 304 669 334 460 812 684 867 927 687 616 719 429 724 669 427 315 859 877 376 56 809 589 153 444 582 353 840 890 335 731 606 651 739 595 63 195 536 413 525 189 242 985 403 903 626 607 629 298 542 268 506 549 447 1050 827 38 352 923 759 641 711 652 731 307 174 1079 947 313 755 672 901 167 450 886 99 615 491 580 144 963 506 648 207 795 144 152 808 765 965 62 539 900 298 566 374 98 570 520 418 715 684 238 628 996 426 189 183 409 385 411 696 920 77
380 395 632 779 718 607 163 464 845 352 664 95 695 18 385 516 233 168 193 658 347 315 708 770 544 450 496 427 753 192 665 64 655 713 757 221 682 376 646 589 505 0 162 126 202 668 320 418 867 524 658 292 726 213 656 517 724 332 502 767 210 761 598 723 502 479 709 143 345 34 379 210 803 823 703 201 242 240 332 437 589 704 418 384 600 636 293 252 153 673 867 665 622 559 215 309 574 159 586 143 267 430 413 96 829 502 176 215 601 603 475 136 777 607 885 742 749 421 698 171 223 363 305 294 688 488 395 454 580 258 608 395 622 170 655 956 481 252 158 465 785 164 522 535 657 559 444 380 534 607 462 794 629 617 735 407 496 457 322 90 732 660 765 535 329 752 663 160 527 309 228 232 446 728 617 491 882 839 523 668 284 587 587 150 153 755 363 535 179 146 698 303 647 355 877 270 566 547 607 738 693 684 467 415 769 741 655 211 281 339 309 636 539 340 648 250 169 580 840 642 455
242 244 517 657 563 449 44 316 702 282 504 253 631 155 420 466 357 311 201 529 196 229 670 609 509 325 406 268 631 89 560 104 587 628 595 292 532 412 485 428 415 162 0 141 315 554 184 377 708 362 527 130 572 157 508 371 607 191 367 658 360 630 589 562 365 466 588 172 302 154 331 331 667 692 574 170 298 82 378 285 503 672 300 268 488 645 232 377 313 524 720 596 632 442 346 239 440 128 475 283 191 353 448 132 669 475 316 367 449 461 315 47 637 468 738 639 593 301 552 20 368 290 147 140 578 474 232 375 486 401 487 236 464 76 548 803 322 321 194 346 631 181 415 397 495 396 294 252 388 589 299 671 476 463 575 251 344 305 184 250 573 651 629 451 167 645 531 321 413 254 368 241 313 696 571 333 722 677 503 564 132 524 480 312 280 593 293 551 308 294 586 391 547 286 723 364 561 444 447 628 552 523 305 345 606 579 495 348 441 203 454 608 376 228 527 326 32 418 679 572 350
282 381 513 798 630 573 108 370 839 227 589 170 762 136 496 590 359 198 74 545 266 194 790 695 627 339 543 394 773 102 543 128 719 765 686 150 664 488 570 518 380 126 141 0 181 696 225 495 828 475 668 251 700 91 643 508 748 332 396 799 250 771 694 677 505 572 592 31 419 149 452 336 806 832 590 75 357 184 446 351 640 790 304 409 481 741 355 246 226 575 854 728 727 441 340 184 580 226 467 267 145 486 524 184 786 588 200 331 509 599 402 155 774 607 872 779 719 443 687 161 344 420 279 221 719 581 341 329 624 282 492 363 590 88 689 932 408 371 260 488 761 257 402 430 607 495 430 274 437 699 408 812 608 593 693 330 477 370 325 175 650 757 768 409 271 786 671 265 554 376 351 116 340 814 694 412 841 787 613 545 270 653 466 243 157 698 238 641 184 267 578 427 524 229 851 394 664 426 567 769 589 637 405 290 707 673 579 334 345 242 333 724 481 228 531 184 122 513 794 704 335
445 559 629 968 792 755 288 533 1017 332 760 138 897 220 568 718 363 75 169 675 440 326 909 865 745 482 695 575 942 282 645 255 857 914 859 80 844 561 741 692 478 202 315 181 0 860 394 620 1009 656 841 432 882 244 822 686 915 505 543 962 109 944 792 858 679 677 709 158 547 236 582 349 982 1006 717 215 428 366 514 521 789 903 444 573 595 824 494 64 144 729 1034 867 810 565 339 304 754 359 581 276 287 631 595 297 967 701 66 291 670 776 577 313 952 783 1052 938 900 609 867 332 317 563 459 400 882 685 522 421 778 113 615 544 771 270 850 1113 583 430 358 654 942 365 518 579 787 672 609 428 595 804 589 982 788 774 874 505 657 538 497 151 816 854 944 496 452 947 845 218 718 511 331 173 492 927 819 584 1022 967 721 643 447 789 575 185 51 876 339 722 39 261 685 460 620 332 1032 426 760 534 748 932 733 817 584 379 883 847 750 323 207 409 159 835 660 376 652 82 301 689 974 844 457
