157
0 788 916 763 33 353 872 686 838 632 514 610 825 411 707 874 954 596 916 790 117 363 207 994 966 48 222 942 992 834 344 754 578 346 329 159 576 1091 1047 838 673 1057 732 911 526 701 684 862 317 482 708 883 358 806 488 1002 200 333 662 617 733 932 927 425 653 742 538 993 254 205 899 715 707 550 994 568 514 675 124 1017 294 299 523 827 529 171 784 1068 829 860 293 608 908 757 149 564 763 377 384 553 254 495 769 335 565 153 376 916 357 937 811 515 820 468 643 654 798 949 847 405 836 950 605 202 693 655 656 443 319 655 368 927 998 186 688 792 770 590 847 997 182 85 569 919 718 858 682 344 610 940 623 686 646 379 740 762 817
788 0 374 627 769 800 312 164 704 675 837 193 459 690 1064 564 326 370 221 576 789 456 617 762 477 791 588 684 396 386 521 841 974 888 532 658 800 741 854 387 249 749 264 833 262 815 565 641 668 311 670 640 760 732 327 220 756 481 127 919 962 695 144 470 952 966 286 661 690 593 735 1063 87 288 467 395 1035 688 745 539 552 511 725 347 308 626 86 818 50 373 736 994 600 71 828 718 983 445 429 259 590 693 159 561 537 757 544 819 434 569 446 479 678 413 685 675 581 163 148 403 78 328 184 615 274 531 620 346 590 1082 436 303 859 834 138 246 106 286 212 822 664 801 578 146 1034 374 112 746 771 433 561 1036 157 409 567 483 204
916 374 0 377 888 772 63 517 421 502 732 381 164 639 909 242 93 322 186 308 869 690 812 422 103 899 694 349 81 98 769 621 860 869 590 838 661 372 513 94 258 387 194 539 470 616 366 337 672 550 455 325 730 469 595 458 963 586 393 775 772 366 422 749 797 773 577 304 722 770 428 904 422 384 97 353 964 491 924 165 778 720 612 90 402 795 290 465 341 63 977 869 267 319 893 583 784 685 664 548 666 597 231 596 424 946 559 520 631 217 166 426 401 702 506 490 308 360 230 640 307 86 454 714 229 357 435 525 837 957 558 92 536 883 485 152 277 336 162 492 858 893 453 447 867 65 369 723 613 60 403 885 364 598 330 237 172
763 627 377 0 730 497 392 703 89 161 401 504 212 375 540 163 468 296 532 70 676 698 747 231 339 729 570 181 447 290 771 243 511 587 458 752 316 336 296 291 383 297 363 212 545 242 88 103 452 613 87 127 463 104 668 790 884 502 565 416 397 168 733 790 432 397 680 247 515 697 144 533 625 428 383 294 635 131 821 353 756 694 296 323 428 708 546 305 621 323 933 514 177 556 683 255 407 700 681 658 521 301 474 437 205 852 397 202 621 232 214 278 64 767 158 141 72 690 532 666 594 461 590 578 353 128 111 543 825 597 505 458 267 659 675 400 524 389 469 249 784 709 193 751 495 321 554 465 261 347 143 517 517 593 60 151 454
33 769 888 730 0 323 844 672 805 599 484 588 794 378 680 842 927 567 891 757 90 354 206 961 936 30 195 909 964 804 343 721 551 322 299 160 544 1058 1013 808 647 1025 705 878 507 668 651 829 284 467 675 850 326 772 476 985 222 307 642 587 702 898 909 423 624 712 526 960 221 197 866 688 689 525 964 538 493 642 144 987 292 290 490 798 503 163 762 1034 809 831 313 581 876 736 128 530 733 369 374 539 224 461 745 303 532 176 344 882 342 905 780 484 787 464 610 620 765 929 824 394 815 923 587 173 665 623 622 423 324 631 344 900 965 163 673 765 748 564 822 964 189 64 536 902 689 829 662 312 577 910 590 658 625 362 707 730 792
353 800 772 497 323 0 748 767 551 339 162 607 634 133 367 644 838 472 843 546 237 538 465 711 785 306 296 676 853 675 570 417 239 97 281 437 234 833 745 678 593 790 631 594 564 365 442 600 135 572 421 624 42 505 609 1018 539 350 680 264 379 661 943 635 300 389 652 744 145 425 610 373 742 512 823 439 239 379 461 821 528 489 206 685 492 409 759 780 825 708 623 269 668 744 220 250 409 549 542 650 255 196 713 244 349 494 256 603 480 714 624 352 540 652 346 362 553 938 796 548 818 832 651 278 594 430 388 495 586 335 394 816 687 186 755 695 738 524 767 696 475 272 328 946 370 706 689 54 279 773 385 343 642 476 498 557 738
872 312 63 392 844 748 0 453 447 501 722 319 183 617 911 277 89 285 143 326 830 632 759 467 165 857 649 391 121 103 710 634 853 845 550 786 657 430 559 101 203 441 140 571 410 624 366 368 641 490 463 360 706 491 534 413 910 539 330 774 780 407 371 688 798 782 515 355 688 718 462 907 358 331 161 317 951 496 873 228 722 664 601 71 350 745 227 516 282 73 920 865 307 256 857 576 795 626 605 485 625 582 167 559 407 895 524 553 575 265 178 397 425 640 507 492 327 314 172 581 249 83 391 671 179 351 435 469 779 953 509 70 576 849 422 90 214 284 102 534 806 853 440 394 871 75 306 698 612 121 395 886 301 543 339 243 109
686 164 517 703 672 767 453 0 787 715 834 200 569 676 1072 673 482 413 382 664 709 330 496 870 617 698 512 791 550 507 383 890 969 845 486 542 815 870 960 509 324 870 366 915 204 855 628 738 632 208 729 741 731 805 199 331 624 421 139 929 990 799 261 321 965 996 149 782 639 482 827 1073 94 293 613 428 1007 737 624 680 421 391 735 471 304 517 230 933 213 503 591 992 712 198 751 738 1015 317 305 132 529 699 286 523 568 630 518 904 331 691 554 496 761 262 727 720 670 310 305 282 241 483 123 539 358 589 671 274 448 1077 375 457 955 764 31 372 239 318 360 923 540 714 610 245 1049 503 155 714 796 573 608 1044 186 315 643 574 344
838 704 421 89 805 551 447 787 0 212 434 590 264 438 534 182 514 385 590 127 745 787 832 159 363 802 651 136 483 345 859 222 527 635 542 835 344 289 211 346 465 242 439 129 634 240 177 88 523 702 132 108 520 59 758 855 967 589 649 427 382 116 803 879 435 380 768 217 586 782 61 526 707 517 407 384 660 171 901 361 843 782 345 382 517 791 621 231 694 375 1018 525 174 633 748 301 386 789 770 746 602 358 548 518 290 933 479 116 710 237 270 366 26 856 204 190 123 755 599 756 666 507 677 658 433 218 183 633 913 602 594 509 177 722 759 469 599 477 533 162 868 779 272 822 486 373 637 525 289 381 228 515 601 682 145 221 521
632 675 502 161 599 339 501 715 212 0 241 516 341 227 410 320 586 306 628 220 535 634 650 372 485 594 461 337 579 406 699 176 360 427 360 646 161 494 415 408 426 450 430 281 529 141 136 262 315 581 81 287 308 173 635 864 775 420 586 273 288 321 799 733 296 292 658 408 378 600 272 406 651 422 527 287 476 43 705 508 674 616 135 430 414 604 604 443 680 441 835 367 337 605 536 94 308 639 622 641 409 146 538 330 146 737 295 283 557 390 337 224 200 721 13 22 226 769 610 613 659 579 593 464 406 152 66 502 744 454 438 571 365 510 691 482 581 399 557 366 681 570 107 812 371 439 582 312 111 484 114 384 538 534 179 264 536
514 837 732 401 484 162 722 834 434 241 0 652 577 163 240 562 810 475 836 462 399 654 608 589 724 468 425 568 811 634 699 265 137 215 371 586 90 724 610 637 603 676 626 453 631 217 371 499 242 657 315 524 159 381 703 1045 696 446 727 109 218 550 974 756 148 228 739 644 284 564 489 243 793 553 765 446 235 271 618 749 661 615 120 652 537 554 780 653 853 669 775 158 578 773 382 150 249 664 653 732 375 144 724 331 317 652 322 466 587 631 570 358 430 763 243 260 467 956 803 654 839 803 712 412 594 374 304 576 724 245 483 791 548 347 817 686 758 550 761 564 624 434 282 981 228 667 731 177 145 720 328 213 684 576 420 498 736
610 193 381 504 588 607 319 200 590 516 652 0 390 500 885 489 379 213 314 470 601 317 460 683 469 608 401 605 437 342 394 690 789 694 338 496 624 700 770 345 138 694 196 717 94 657 427 546 474 171 528 552 568 605 214 414 609 291 74 741 795 611 338 368 776 800 200 606 496 427 633 885 140 99 477 228 843 536 584 532 411 358 546 312 116 458 173 749 225 348 607 810 530 148 638 545 819 310 290 172 398 512 171 367 370 601 351 706 272 518 374 302 564 321 527 521 476 344 240 265 227 378 87 427 175 388 470 169 464 898 247 352 761 642 175 229 160 117 257 731 508 615 412 339 859 347 81 553 602 428 408 857 37 241 445 382 229
825 459 164 212 794 634 183 569 264 341 577 390 0 501 745 105 255 241 326 144 762 660 755 303 150 802 608 225 238 81 739 456 701 730 496 772 502 311 395 82 251 303 203 388 461 451 206 187 550 540 290 183 594 308 592 593 904 511 431 614 607 236 544 736 634 608 588 216 606 708 282 740 479 350 189 263 812 328 853 193 738 676 459 119 362 728 372 364 441 111 932 709 143 391 780 427 619 658 637 561 571 449 299 492 286 880 452 371 591 130 16 312 242 699 345 328 145 492 340 617 410 248 476 624 215 206 275 492 803 796 495 246 402 765 538 213 352 300 271 364 798 790 307 564 703 109 413 590 453 143 252 721 388 558 166 78 263
411 690 639 375 378 133 617 676 438 227 163 500 501 0 404 516 706 345 715 419 309 494 464 598 652 370 274 556 720 542 543 346 293 230 209 449 181 712 642 545 469 672 503 501 472 294 313 478 97 494 306 502 92 399 540 903 570 283 574 268 361 543 830 596 307 370 576 620 157 417 499 406 639 401 690 313 347 269 495 689 508 458 113 552 384 412 641 670 711 575 641 317 542 629 310 152 391 504 492 570 222 84 591 168 215 529 159 506 425 585 491 224 424 601 236 249 426 819 673 491 700 700 554 267 467 298 264 413 574 401 319 685 589 284 659 566 620 406 640 593 486 344 197 836 389 573 580 90 202 640 254 376 533 413 370 424 612
707 1064 909 540 680 367 911 1072 534 410 240 885 745 404 0 701 995 695 1038 609 590 892 832 660 879 658 657 667 984 814 933 312 129 362 612 804 264 808 647 817 822 755 835 491 870 298 545 618 477 898 456 641 383 475 944 1265 901 686 959 144 154 646 1197 993 113 159 980 750 509 791 571 11 1026 786 923 668 234 418 823 890 892 849 339 840 771 777 1001 707 1076 850 988 99 705 997 560 346 162 903 892 972 610 373 939 572 529 856 563 510 827 765 743 584 541 1002 404 419 612 1172 1015 894 1059 988 949 642 807 562 476 817 952 90 723 981 577 522 1053 890 979 778 966 610 842 622 489 1206 50 847 961 402 300 886 520 27 915 817 579 671 943
874 564 242 163 842 644 277 673 182 320 562 489 105 516 701 0 335 319 420 99 799 744 824 198 181 846 664 120 301 180 822 396 674 738 551 837 478 225 290 180 352 207 307 296 555 402 203 95 579 632 251 83 607 236 686 691 970 577 534 580 554 131 645 825 595 554 685 124 640 776 185 694 584 440 225 334 797 294 915 189 816 754 452 220 449 793 477 260 545 204 1006 678 40 496 812 413 562 743 722 659 622 450 405 540 313 943 498 277 671 70 118 360 166 791 319 302 94 591 441 703 514 328 576 678 316 222 260 577 883 761 567 333 299 793 642 318 458 392 372 259 866 830 320 667 655 202 517 606 425 199 262 679 490 640 146 120 366
954 326 93 468 927 838 89 482 514 586 810 379 255 706 995 335 0 373 112 399 916 697 832 511 180 941 732 440 70 181 774 711 941 935 635 862 743 448 601 178 281 469 222 632 473 704 450 431 730 551 543 418 796 562 590 375 983 620 374 859 861 458 348 744 883 862 565 389 776 793 521 991 389 406 154 405 1040 578 950 231 789 734 689 157 427 821 251 550 285 146 987 951 359 284 943 663 874 690 670 535 709 671 211 646 496 970 612 613 645 306 254 487 494 693 591 576 399 280 177 645 251 7 440 754 261 437 519 539 844 1040 588 28 627 937 452 162 245 363 126 582 879 938 528 375 954 148 349 788 697 143 483 970 355 613 418 324 150
596 370 322 296 567 472 285 413 385 306 475 213 241 345 695 319 373 0 370 273 546 424 513 496 371 578 374 423 400 237 502 478 613 568 268 532 431 544 578 241 127 525 158 508 249 448 215 353 358 320 315 364 430 394 375 570 662 272 280 551 591 423 501 507 582 596 383 444 403 467 433 694 345 131 397 33 690 324 614 426 498 436 359 231 134 488 306 567 380 264 691 630 359 302 572 349 613 424 403 361 344 331 248 274 166 640 239 499 352 367 225 121 358 478 317 309 280 480 329 385 364 367 296 394 121 176 257 259 564 719 253 348 560 564 387 222 283 95 294 535 557 571 208 511 664 262 276 420 401 343 195 668 232 320 240 199 266
916 221 186 532 891 843 143 382 590 628 836 314 326 715 1038 420 112 370 0 467 891 629 775 607 286 908 698 533 181 245 703 771 971 938 612 809 778 556 699 244 253 574 212 714 408 757 497 512 724 480 598 503 800 632 512 272 923 585 291 897 913 549 238 665 924 915 481 490 763 741 605 1034 292 366 265 403 1058 628 898 341 724 673 716 209 388 771 157 652 177 216 918 985 449 192 923 696 929 620 601 452 683 693 146 630 518 915 600 696 586 403 320 491 568 611 635 622 469 173 79 575 143 116 359 722 248 476 564 482 773 1074 547 96 718 920 353 150 159 332 75 676 823 910 555 263 1000 218 265 790 737 245 518 1012 283 556 476 381 104
790 576 308 70 757 546 326 664 127 220 462 470 144 419 609 99 399 273 467 0 709 691 756 224 270 759 586 156 377 223 766 313 577 639 473 764 380 301 305 225 340 269 312 256 521 312 107 81 487 593 154 96 509 164 648 729 898 508 525 484 467 153 676 778 501 467 655 204 549 706 163 603 582 403 313 278 697 196 838 287 756 693 352 258 407 720 493 297 566 255 940 581 122 506 720 313 477 692 671 631 541 351 420 457 225 867 416 242 615 169 147 284 102 751 220 203 8 629 472 655 538 392 557 597 307 135 160 530 824 665 504 390 291 699 635 341 472 360 408 262 795 741 225 694 565 253 512 509 326 277 168 587 478 585 50 93 395
117 789 869 676 90 237 830 709 745 535 399 601 762 309 590 799 916 546 891 709 0 408 280 904 908 69 200 856 947 780 411 645 461 231 280 238 465 1010 951 784 640 973 694 810 528 593 602 777 223 500 614 799 246 709 519 1009 313 310 662 501 617 845 932 488 536 626 568 913 160 258 806 598 714 526 939 515 403 578 234 955 361 346 417 778 504 229 772 976 826 809 403 491 831 749 45 460 647 422 424 577 207 393 747 272 486 266 311 816 380 865 748 450 729 523 545 557 717 945 829 440 828 911 612 174 655 577 566 445 402 540 353 890 899 75 706 757 756 559 819 902 271 35 484 928 600 807 679 234 502 885 541 568 638 393 659 692 789
363 456 690 698 354 538 632 330 787 634 654 317 660 494 892 744 697 424 629 691 408 0 166 915 769 382 242 845 752 634 79 803 770 592 287 212 670 968 992 637 432 950 497 897 224 756 609 772 414 149 682 785 512 779 132 657 300 216 342 762 853 844 584 102 801 861 180 868 392 157 842 896 370 312 783 412 768 670 294 830 95 64 591 612 298 192 477 988 503 648 289 799 784 445 454 613 883 14 28 201 283 552 488 326 502 301 348 893 77 789 644 422 762 116 647 649 699 619 552 54 519 695 275 264 465 569 619 169 147 872 196 669 964 475 337 542 470 362 575 946 210 405 532 572 883 647 367 493 674 732 562 865 346 105 650 624 547
207 617 812 747 206 465 759 496 832 650 608 460 755 464 832 824 832 513 775 756 280 166 0 976 879 236 191 913 880 743 137 803 704 496 291 48 645 1049 1043 747 555 1024 619 928 368 752 660 835 369 306 713 852 451 813 298 823 151 248 498 717 822 907 749 217 756 831 347 949 324 50 892 838 532 428 900 492 673 691 128 937 86 106 574 727 409 55 629 1051 663 763 186 734 863 599 325 606 853 179 191 366 244 538 630 320 542 140 356 928 188 879 738 472 810 263 663 669 764 780 700 216 675 829 434 197 582 623 652 293 123 797 259 804 1006 354 503 671 620 476 714 995 47 266 562 738 832 762 521 432 663 846 604 807 493 219 710 705 685
994 762 422 231 961 711 467 870 159 372 589 683 303 598 660 198 511 496 607 224 904 915 976 0 333 959 801 78 461 376 991 352 671 794 689 982 499 148 92 376 547 95 505 174 741 383 316 143 680 816 291 131 680 208 871 879 1115 729 731 570 505 72 838 1003 571 501 874 127 744 926 101 651 782 625 371 503 809 331 1052 304 979 917 505 416 630 938 675 74 742 395 1161 665 161 694 908 460 502 917 896 849 752 518 603 669 436 1083 628 153 840 204 316 504 174 974 364 350 216 780 636 880 710 504 770 809 511 352 338 754 1048 736 728 514 122 882 839 516 656 579 566 75 1014 937 425 861 611 394 714 685 444 367 374 644 686 810 266 301 562
966 477 103 339 936 785 165 617 363 485 724 469 150 652 879 181 180 371 286 270 908 769 879 333 0 945 745 268 127 135 848 577 844 881 637 901 646 270 422 132 337 289 274 469 554 581 353 275 699 635 424 258 745 418 683 555 1030 643 489 753 735 287 524 834 771 735 669 209 754 835 357 873 522 457 43 398 959 465 985 63 853 793 608 157 473 858 393 370 445 121 1050 850 192 421 928 574 743 765 743 640 712 599 331 636 437 1010 596 449 705 133 161 458 348 790 486 469 267 459 334 721 411 174 547 764 303 356 420 600 915 935 621 189 453 914 586 246 379 407 265 407 925 935 457 549 835 122 467 741 594 43 402 857 456 672 305 228 274
48 791 899 729 30 306 857 698 802 594 468 608 802 370 658 846 941 578 908 759 69 382 236 959 945 0 210 909 976 814 373 710 529 298 309 190 532 1060 1009 818 662 1025 719 871 529 658 652 829 279 491 671 850 313 767 502 1008 247 323 664 570 685 898 932 452 605 695 553 963 215 225 863 667 712 542 974 548 466 637 170 994 322 319 481 809 520 192 782 1032 830 842 340 560 879 756 101 522 716 397 402 565 233 454 763 309 534 201 350 876 367 910 787 490 785 492 605 616 767 951 842 420 835 937 610 186 679 625 620 445 354 606 362 914 959 138 698 780 767 579 839 960 219 37 536 925 669 840 683 299 567 920 591 637 645 385 709 735 808
222 588 694 570 195 296 649 512 651 461 425 401 608 274 657 664 732 374 698 586 200 242 191 801 745 210 0 742 769 612 275 612 532 351 113 184 456 886 863 616 451 856 510 741 327 561 485 662 182 305 528 681 274 628 330 808 315 113 461 534 635 734 731 339 573 644 378 786 151 142 712 662 513 331 772 347 526 503 251 798 236 193 383 604 309 142 573 875 625 638 373 561 700 549 240 415 665 254 249 383 53 347 552 133 364 282 172 742 192 724 593 303 631 358 474 481 594 745 632 259 628 727 412 27 470 451 469 244 300 632 153 705 822 251 507 570 558 369 628 814 219 214 379 727 652 636 478 255 472 718 426 631 438 199 538 548 597
942 684 349 181 909 676 391 791 136 337 568 605 225 556 667 120 440 423 533 156 856 845 913 78 268 909 742 0 395 299 921 355 663 763 629 921 479 157 170 299 469 116 427 207 666 376 257 79 633 741 256 60 643 194 796 805 1054 664 653 563 514 22 762 931 570 511 798 83 696 863 99 659 703 550 308 432 796 300 994 248 912 849 472 339 556 877 597 144 664 319 1097 661 84 616 864 429 515 846 825 773 695 480 524 612 378 1023 570 185 770 135 238 441 138 900 331 315 148 705 559 808 632 433 693 752 433 290 292 682 980 737 661 441 186 840 761 438 577 503 489 143 952 889 372 784 619 318 636 645 423 297 318 649 608 740 203 225 485
992 396 81 447 964 853 121 550 483 579 811 437 238 720 984 301 70 400 181 377 947 752 880 461 127 976 769 395 0 178 830 690 938 950 668 908 739 386 549 175 325 411 262 594 529 689 443 396 752 608 528 381 811 535 650 438 1032 660 438 852 844 414 416 804 873 845 627 336 802 840 482 979 456 452 92 432 1045 566 995 168 843 786 692 170 472 867 319 494 356 144 1040 947 317 351 972 662 855 746 725 597 743 677 273 675 505 1017 639 574 697 260 242 507 465 755 583 567 376 347 247 700 321 67 503 791 300 437 513 590 899 1034 630 92 580 963 520 210 311 406 191 535 927 971 533 443 941 146 413 804 691 101 483 960 415 664 404 314 212
834 386 98 290 804 675 103 507 345 406 634 342 81 542 814 180 181 237 245 223 780 634 743 376 135 814 612 299 178 0 713 532 762 772 505 766 564 363 469 3 206 364 146 469 422 524 270 268 578 503 362 261 633 388 553 512 894 508 373 679 680 312 464 702 702 682 543 276 630 699 362 809 415 322 159 266 866 397 850 195 718 657 514 40 337 722 299 432 365 35 915 772 215 321 803 485 694 631 609 515 581 498 228 508 327 874 469 452 569 184 75 333 322 661 410 395 224 412 261 587 333 174 424 632 171 259 339 465 780 860 485 168 480 791 476 140 281 272 191 440 789 806 355 486 773 33 352 627 517 105 305 789 334 536 238 143 186
344 521 769 771 343 570 710 383 859 699 699 394 739 543 933 822 774 502 703 766 411 79 137 991 848 373 275 921 830 713 0 864 808 614 343 185 723 1046 1066 717 511 1027 576 967 300 816 682 847 457 223 751 861 550 849 194 714 241 278 413 808 905 919 643 80 848 913 237 946 425 153 915 938 434 391 862 489 793 736 253 909 50 85 646 691 377 182 548 1064 569 727 215 837 862 516 456 671 935 83 104 262 324 608 564 380 572 252 407 964 150 868 722 493 835 130 712 715 774 683 624 129 587 772 345 292 544 642 688 248 70 906 265 746 1036 483 395 620 543 442 650 1020 169 401 600 628 927 726 438 530 731 811 633 907 420 182 725 702 623
754 841 621 243 721 417 634 890 222 176 265 690 456 346 312 396 711 478 771 313 645 803 803 352 577 710 612 355 690 532 864 0 322 480 521 792 182 498 354 534 592 446 587 194 705 52 278 308 443 757 173 330 399 163 811 1021 916 587 759 220 160 333 960 904 219 158 834 438 502 754 259 304 824 598 621 462 463 154 842 582 836 780 232 563 590 753 767 406 842 566 984 313 395 771 635 196 165 809 793 818 558 266 697 486 323 875 457 210 727 457 457 401 232 895 164 169 313 923 763 786 819 704 769 609 568 310 221 678 905 384 609 701 288 603 865 632 744 573 704 311 829 681 283 974 264 563 754 411 144 589 282 294 711 706 294 390 686
578 974 860 511 551 239 853 969 527 360 137 789 701 293 129 674 941 613 971 577 461 770 704 671 844 529 532 663 938 762 808 322 0 234 496 675 199 814 676 765 741 763 762 515 765 288 495 602 356 786 423 626 258 469 829 1183 772 570 864 101 201 643 1112 870 111 210 868 743 383 664 574 137 929 690 887 583 143 380 693 864 766 725 255 783 673 649 918 728 991 798 858 30 685 911 431 277 225 782 772 862 487 282 861 456 453 726 452 532 708 743 696 496 528 882 358 375 581 1094 940 775 977 934 847 516 731 503 426 706 825 108 609 923 608 394 952 821 896 688 897 633 713 493 416 1119 144 795 868 277 250 844 458 108 821 700 539 624 872
346 888 869 587 322 97 845 845 635 427 215 694 730 230 362 738 935 568 938 639 231 592 496 794 881 298 351 763 950 772 614 480 234 0 360 460 301 920 821 775 687 876 727 667 645 432 536 689 220 644 507 713 138 586 677 1107 544 424 765 294 412 747 1032 685 325 422 722 834 207 462 692 371 827 601 919 535 178 464 466 916 568 538 291 782 581 441 850 861 915 805 634 265 760 834 198 334 441 605 600 724 320 287 807 327 445 498 345 678 542 807 720 449 626 708 432 448 645 1029 890 609 909 929 732 328 689 526 479 571 619 308 470 913 761 160 835 790 830 616 862 774 496 261 424 1034 378 803 776 148 352 870 480 343 730 544 591 653 833
329 532 590 458 299 281 550 486 542 360 371 338 496 209 612 551 635 268 612 473 280 287 291 689 637 309 113 629 668 505 343 521 496 360 0 293 382 772 753 509 360 743 413 637 285 473 373 550 145 292 422 568 246 522 333 752 426 74 407 477 566 622 676 389 516 574 373 672 158 241 602 615 467 252 665 239 521 401 365 688 315 258 303 500 230 249 502 763 562 532 477 522 587 483 310 328 595 296 283 370 75 265 470 40 253 394 65 637 216 611 482 190 520 392 373 378 481 680 553 282 560 631 371 127 374 338 361 214 384 602 114 609 714 309 475 476 484 280 539 705 326 303 270 676 599 530 419 228 388 611 315 584 375 204 425 435 509
159 658 838 752 160 437 786 542 835 646 586 496 772 449 804 837 862 532 809 764 238 212 48 982 901 190 184 921 908 766 185 792 675 460 293 0 629 1061 1046 769 583 1034 646 926 405 741 666 842 352 347 712 860 427 812 343 866 133 261 537 695 802 914 792 266 733 812 392 961 302 68 895 811 574 456 923 509 637 687 88 958 135 150 561 751 436 44 666 1057 703 787 192 706 875 637 282 596 833 226 237 410 236 526 664 317 546 108 356 927 226 894 756 480 813 311 658 665 772 821 736 260 714 859 474 183 608 630 653 327 164 765 280 834 1006 313 547 701 656 502 747 998 37 222 562 781 806 785 560 409 651 870 608 780 529 254 717 719 717
576 800 661 316 544 234 657 815 344 161 90 624 502 181 264 478 743 431 778 380 465 670 645 499 646 532 456 479 739 564 723 182 199 301 382 629 0 634 521 567 557 586 572 365 616 131 295 411 277 652 229 436 219 291 702 1001 747 454 698 120 183 460 932 772 152 191 733 556 330 598 398 262 764 525 688 404 319 184 671 667 689 637 81 586 511 593 737 563 811 599 821 208 492 733 454 82 212 679 665 723 403 119 676 343 265 705 323 376 598 547 497 322 340 772 159 176 384 908 752 662 794 736 691 448 544 306 227 570 755 296 485 727 459 421 794 629 714 514 705 474 667 501 225 942 234 597 698 232 55 645 261 237 652 582 340 424 681
1091 741 372 336 1058 833 430 870 289 494 724 700 311 712 808 225 448 544 556 301 1010 968 1049 148 270 1060 886 157 386 363 1046 498 814 920 772 1061 634 0 199 361 562 53 508 322 772 525 407 233 786 852 413 210 799 345 904 824 1194 801 736 713 653 173 794 1047 717 649 900 100 849 1001 239 799 777 661 295 559 949 456 1137 218 1041 979 629 399 671 1017 655 129 713 369 1231 809 186 680 1018 586 650 967 946 872 841 637 588 758 526 1166 716 301 896 182 328 582 294 1011 488 472 293 729 602 926 679 443 785 898 525 436 447 800 1108 882 793 459 257 996 839 500 639 612 532 212 1090 1042 525 819 758 368 715 802 578 312 469 791 696 864 351 345 537
1047 854 513 296 1013 745 559 960 211 415 610 770 395 642 647 290 601 578 699 305 951 992 1043 92 422 1009 863 170 549 469 1066 354 676 821 753 1046 521 199 0 468 636 151 596 160 825 395 384 225 730 898 338 218 718 242 953 971 1178 799 820 574 494 160 931 1082 569 488 959 213 794 993 151 636 872 708 458 582 817 372 1113 388 1052 990 540 509 712 1003 767 70 834 488 1229 666 254 786 951 496 485 994 974 935 813 559 695 730 501 1144 690 145 916 296 408 574 233 1055 405 393 297 872 729 958 802 595 858 869 601 424 394 834 1121 728 801 605 69 923 929 608 748 664 658 49 1079 986 484 953 596 487 804 725 469 457 439 634 775 887 341 388 655
838 387 94 291 808 678 101 509 346 408 637 345 82 545 817 180 178 241 244 225 784 637 747 376 132 818 616 299 175 3 717 534 765 775 509 769 567 361 468 0 209 363 149 470 425 526 272 269 582 506 365 262 637 389 556 511 898 512 375 682 683 312 464 705 705 684 545 274 634 703 363 812 417 325 155 270 869 399 854 192 721 661 517 40 341 726 300 431 365 32 918 775 214 322 806 489 696 634 613 517 585 502 229 511 330 878 473 453 573 182 77 337 324 664 413 398 226 411 261 590 333 171 427 635 174 262 342 469 784 863 489 166 480 795 478 141 282 275 191 440 792 810 358 486 776 30 354 631 520 101 308 792 337 540 240 145 186
673 249 258 383 647 593 203 324 465 426 603 138 251 469 822 352 281 127 253 340 640 432 555 547 337 662 451 469 325 206 511 592 741 687 360 583 557 562 636 209 0 555 64 594 216 566 316 413 471 298 421 417 551 487 347 443 706 339 184 677 714 476 375 497 709 718 338 468 509 514 503 820 241 127 350 157 816 438 670 399 520 462 487 179 146 541 179 612 254 216 718 758 392 179 671 475 734 428 407 311 433 458 121 376 292 691 347 582 373 379 236 247 439 455 436 426 346 353 203 384 236 277 224 475 36 282 370 266 580 847 306 253 631 667 294 119 157 82 179 599 602 661 333 386 789 215 171 539 525 299 312 794 139 340 323 249 149
1057 749 387 297 1025 790 441 870 242 450 676 694 303 672 755 207 469 525 574 269 973 950 1024 95 289 1025 856 116 411 364 1027 446 763 876 743 1034 586 53 151 363 555 0 505 269 761 475 373 195 749 839 369 174 757 296 893 844 1167 776 734 662 600 129 810 1032 665 596 891 88 812 975 189 746 779 648 319 538 900 412 1108 245 1020 958 585 403 656 990 662 85 723 375 1208 758 166 685 980 541 597 950 929 865 810 595 592 727 493 1137 685 248 876 180 319 554 250 999 444 428 261 747 613 910 690 463 780 867 519 404 408 784 1088 830 770 477 206 956 839 504 644 599 543 160 1064 1006 488 835 706 374 715 760 531 328 434 739 692 845 318 325 545
732 264 194 363 705 631 140 366 439 430 626 196 203 503 835 307 222 158 212 312 694 497 619 505 274 719 510 427 262 146 576 587 762 727 413 646 572 508 596 149 64 505 0 568 279 566 308 378 515 360 413 379 589 468 408 434 770 399 228 692 718 435 373 559 721 722 396 417 557 578 471 832 276 190 286 191 846 436 733 337 584 526 507 116 209 604 182 567 257 153 783 777 346 194 723 490 737 492 471 368 487 482 110 426 309 754 393 554 437 326 188 279 413 516 439 427 316 338 180 448 232 217 278 532 39 279 369 331 644 867 368 195 596 717 335 64 160 143 136 561 665 716 347 388 800 152 210 579 535 235 316 808 188 404 303 218 109
911 833 539 212 878 594 571 915 129 281 453 717 388 501 491 296 632 508 714 256 810 897 928 174 469 871 741 207 594 469 967 194 515 667 637 926 365 322 160 470 594 269 568 0 756 236 294 202 593 822 215 213 570 117 877 981 1055 691 777 414 337 185 931 993 410 332 891 286 656 878 112 481 836 640 511 504 657 238 986 455 947 886 393 508 639 884 750 215 822 497 1114 506 276 762 806 349 330 901 882 870 689 417 676 609 395 1018 572 21 820 336 396 474 155 973 269 260 252 881 726 870 794 625 803 744 562 336 278 750 1017 570 702 629 94 776 887 597 728 602 660 118 961 845 368 950 441 495 765 579 315 493 335 477 729 793 271 350 649
526 262 470 545 507 564 410 204 634 529 631 94 461 472 870 555 473 249 408 521 528 224 368 741 554 529 327 666 529 422 300 705 765 645 285 405 616 772 825 425 216 761 279 756 0 667 462 600 429 81 555 609 528 641 131 480 515 224 135 728 794 669 404 280 765 801 134 676 440 337 682 871 186 117 564 252 804 556 493 616 317 265 535 396 117 369 261 811 302 432 513 789 595 232 567 542 820 217 196 113 334 498 265 320 382 508 313 748 179 591 444 305 608 239 541 537 528 422 332 171 310 471 87 354 251 421 493 83 370 873 178 445 809 576 190 319 251 162 351 784 415 539 422 400 848 431 155 511 602 514 430 842 125 150 489 440 323
701 815 616 242 668 365 624 855 240 141 217 657 451 294 298 402 704 448 757 312 593 756 752 383 581 658 561 376 689 524 816 52 288 432 473 741 131 525 395 526 566 475 566 236 667 0 260 320 391 716 161 344 347 182 769 1001 864 540 727 187 156 356 937 857 194 158 794 458 450 704 286 292 793 562 625 428 426 130 790 591 787 732 180 553 554 702 743 442 819 558 933 284 407 745 583 146 171 763 747 779 508 214 675 437 286 823 408 249 681 467 450 362 244 850 130 139 314 904 744 741 797 697 733 558 544 286 196 636 855 361 563 692 331 551 832 615 720 540 689 349 778 628 246 951 253 556 724 359 91 589 253 277 680 661 286 380 669
684 565 366 88 651 442 366 628 177 136 371 427 206 313 545 203 450 215 497 107 602 609 660 316 353 652 485 257 443 270 682 278 495 536 373 666 295 407 384 272 316 373 308 294 462 260 0 177 380 527 105 198 404 179 583 742 799 414 492 409 415 249 681 702 432 418 596 311 442 610 233 540 554 346 394 209 606 130 737 381 667 605 255 295 344 622 489 390 564 305 846 503 230 494 613 220 432 612 592 575 438 249 419 354 120 767 313 287 532 272 201 189 153 680 140 125 115 645 485 578 541 443 511 494 291 41 69 456 736 590 417 436 355 592 601 355 466 311 428 338 698 634 118 696 504 303 484 403 247 350 61 520 444 504 57 129 409
862 641 337 103 829 600 368 738 88 262 499 546 187 478 618 95 431 353 512 81 777 772 835 143 275 829 662 79 396 268 847 308 602 689 550 842 411 233 225 269 413 195 378 202 600 320 177 0 553 673 184 24 566 144 729 780 975 587 598 504 467 72 732 860 515 466 734 145 616 785 94 610 653 483 319 360 731 228 914 274 836 774 398 307 487 798 556 217 627 295 1020 602 87 572 785 356 473 773 753 710 616 404 483 532 298 944 491 184 696 149 197 363 76 831 258 241 73 680 527 736 597 424 633 672 379 211 214 611 905 682 585 427 218 762 708 399 535 439 459 185 873 810 292 752 570 293 584 568 356 295 238 597 552 666 124 164 450
317 668 672 452 284 135 641 632 523 315 242 474 550 97 477 579 730 358 724 487 223 414 369 680 699 279 182 633 752 578 457 443 356 220 145 352 277 786 730 582 471 749 515 593 429 391 380 553 0 437 391 576 101 488 476 887 472 216 546 352 453 621 812 515 391 462 518 691 63 323 584 482 608 381 733 325 375 358 398 742 419 372 211 582 360 316 630 753 695 610 544 384 609 614 233 249 483 425 416 515 133 179 589 109 267 432 125 598 351 646 537 245 506 526 326 336 495 809 673 419 689 725 515 172 477 357 342 360 482 460 259 706 680 215 619 579 611 398 649 681 390 257 261 814 470 607 556 82 300 681 318 451 510 345 437 477 619
482 311 550 613 467 572 490 208 702 581 657 171 540 494 898 632 551 320 480 593 500 149 306 816 635 491 305 741 608 503 223 757 786 644 292 347 652 852 898 506 298 839 360 822 81 716 527 673 437 0 615 684 538 705 55 520 448 221 193 759 834 743 445 199 797 841 81 754 437 282 752 900 226 191 645 318 811 612 434 697 245 199 571 477 186 316 327 886 356 513 438 812 673 295 543 583 861 140 121 79 324 533 340 331 437 445 335 815 125 670 523 357 676 159 594 592 601 474 402 95 370 549 127 331 332 486 552 81 293 893 177 523 879 556 206 399 321 240 427 855 352 506 474 436 880 513 217 520 644 596 490 870 197 106 559 516 400
708 670 455 87 675 421 463 729 132 81 315 528 290 306 456 251 543 315 598 154 614 682 713 291 424 671 528 256 528 362 751 173 423 507 422 712 229 413 338 365 421 369 413 215 555 161 105 184 391 615 0 208 389 100 670 847 843 475 594 329 318 240 786 779 346 319 687 329 455 663 192 450 657 441 467 303 548 44 775 440 731 671 216 392 437 670 594 363 670 397 899 427 263 600 616 173 331 687 669 669 477 226 524 395 180 807 357 214 605 319 289 261 119 762 74 59 158 749 589 657 646 536 610 533 396 140 63 540 801 511 487 531 293 590 702 458 571 410 531 289 747 648 152 801 413 395 587 393 174 429 124 432 546 580 124 219 512
883 640 325 127 850 624 360 741 108 287 524 552 183 502 641 83 418 364 503 96 799 785 852 131 258 850 681 60 381 261 861 330 626 713 568 860 436 210 218 262 417 174 379 213 609 344 198 24 576 684 208 0 590 166 739 773 994 604 602 528 490 59 726 872 539 488 742 120 638 803 102 633 655 493 301 372 755 253 933 253 852 789 423 301 498 816 554 203 624 287 1036 626 66 571 808 381 495 786 766 718 635 428 481 552 318 963 510 194 710 128 194 380 99 842 283 266 88 673 522 749 593 411 639 692 382 230 237 623 920 706 600 416 219 785 711 396 534 447 453 182 891 832 314 747 593 285 586 591 381 280 259 620 557 680 143 169 446
358 760 730 463 326 42 706 731 520 308 159 568 594 92 383 607 796 430 800 509 246 512 451 680 745 313 274 643 811 633 550 399 258 138 246 427 219 799 718 637 551 757 589 570 528 347 404 566 101 538 389 590 0 477 577 977 536 317 640 267 378 628 903 611 306 387 619 709 126 408 580 388 704 472 782 397 276 348 458 782 509 467 178 643 452 396 717 750 785 667 616 287 632 703 236 222 409 523 515 616 229 162 671 208 308 492 217 578 451 676 584 310 508 625 316 330 516 897 754 519 777 790 613 258 552 391 352 460 569 360 360 774 662 205 717 652 697 483 725 669 465 281 289 906 380 665 649 19 257 732 346 357 603 446 461 517 696
806 732 469 104 772 505 491 805 59 173 381 605 308 399 475 236 562 394 632 164 709 779 813 208 418 767 628 194 535 388 849 163 469 586 522 812 291 345 242 389 487 296 468 117 641 182 179 144 488 705 100 166 477 0 760 893 943 574 668 369 323 174 838 875 376 322 775 276 552 763 107 467 728 525 461 388 604 130 875 419 830 769 299 423 523 770 651 274 725 419 999 466 232 661 709 255 328 783 764 754 577 317 578 495 277 907 457 114 702 294 312 357 70 856 163 151 163 793 635 752 699 555 690 633 458 220 161 632 900 542 584 554 193 681 777 504 629 489 572 193 847 743 252 855 427 417 658 483 236 433 217 455 620 676 165 254 557
488 327 595 668 476 609 534 199 758 635 703 214 592 540 944 686 590 375 512 648 519 132 298 871 683 502 330 796 650 553 194 811 829 677 333 343 702 904 953 556 347 893 408 877 131 769 583 729 476 55 670 739 577 760 0 525 430 260 221 806 884 798 452 154 844 891 50 807 470 283 808 946 240 246 692 374 848 666 426 746 225 192 621 525 241 318 356 941 375 561 409 856 727 323 562 634 912 119 106 68 357 582 378 373 492 434 381 870 139 722 576 411 732 107 648 646 656 489 433 83 393 589 152 356 383 541 607 133 263 935 220 562 934 579 205 443 353 293 465 911 342 521 528 440 928 561 247 559 695 643 545 916 235 133 615 570 439
1002 220 458 790 985 1018 413 331 855 864 1045 414 593 903 1265 691 375 570 272 729 1009 657 823 879 555 1008 808 805 438 512 714 1021 1183 1107 752 866 1001 824 971 511 443 844 434 981 480 1001 742 780 887 520 847 773 977 893 525 0 954 702 347 1121 1153 820 76 651 1152 1156 478 762 910 803 874 1263 295 506 529 599 1250 871 951 606 750 716 930 473 526 837 264 924 192 486 922 1201 721 274 1048 918 1172 645 631 456 811 900 326 780 735 959 762 964 645 675 585 687 831 592 873 861 732 100 257 606 206 381 398 835 458 714 804 564 779 1290 656 367 990 1054 320 389 286 497 321 948 868 1019 776 85 1232 488 332 963 967 516 750 1238 377 623 731 639 335
200 756 963 884 222 539 910 624 967 775 696 609 904 570 901 970 983 662 923 898 313 300 151 1115 1030 247 315 1054 1032 894 241 916 772 544 426 133 747 1194 1178 898 706 1167 770 1055 515 864 799 975 472 448 843 994 536 943 430 954 0 393 641 803 914 1048 882 312 840 924 476 1094 416 195 1027 909 670 579 1051 640 714 817 78 1088 204 250 683 879 561 177 775 1190 803 914 95 802 1008 743 349 720 945 311 328 499 366 650 779 448 679 46 488 1057 337 1026 888 613 946 369 787 795 906 919 847 353 818 980 575 310 734 764 784 443 182 853 409 955 1137 385 634 823 767 627 864 1129 105 284 694 869 909 913 665 519 773 998 741 879 640 369 850 851 835
333 481 586 502 307 350 539 421 589 420 446 291 511 283 686 577 620 272 585 508 310 216 248 729 643 323 113 664 660 508 278 587 570 424 74 261 454 801 799 512 339 776 399 691 224 540 414 587 216 221 475 604 317 574 260 702 393 0 354 551 638 660 625 318 590 646 301 701 217 199 647 689 410 218 667 247 590 459 342 698 255 195 375 497 196 217 462 803 516 531 432 596 615 438 347 397 667 224 210 300 109 336 439 114 298 368 132 689 143 633 495 224 566 318 434 437 516 635 519 208 517 616 311 138 360 376 413 147 325 675 46 593 764 352 412 458 446 257 515 751 289 326 323 623 673 530 370 299 457 613 360 659 328 130 462 457 484
662 127 393 565 642 680 330 139 649 586 727 74 431 574 959 534 374 280 291 525 662 342 498 731 489 664 461 653 438 373 413 759 864 765 407 537 698 736 820 375 184 734 228 777 135 727 492 598 546 193 594 602 640 668 221 347 641 354 0 815 867 660 271 373 849 873 190 645 565 470 688 959 66 174 491 299 916 605 625 553 438 392 620 338 190 503 135 794 167 372 629 885 574 102 700 618 891 333 314 161 463 586 164 437 442 638 423 765 311 555 416 375 622 320 598 590 531 287 212 288 177 374 68 487 219 454 538 219 483 972 309 347 815 707 110 243 132 187 248 783 545 673 484 269 933 371 25 625 674 447 476 932 48 284 505 434 226
617 919 775 416 587 264 774 929 427 273 109 741 614 268 144 580 859 551 897 484 501 762 717 570 753 570 534 563 852 679 808 220 101 294 477 695 120 713 574 682 677 662 692 414 728 187 409 504 352 759 329 528 267 369 806 1121 803 551 815 0 118 543 1052 864 39 128 840 644 393 674 473 144 881 641 796 524 243 288 724 770 771 724 194 703 627 663 857 626 931 715 884 98 589 852 479 202 147 772 760 831 484 229 796 437 385 758 424 430 694 647 610 440 429 870 269 285 488 1029 872 760 914 852 806 522 664 423 340 677 834 181 587 844 507 442 909 749 834 633 825 531 733 535 345 1062 121 712 816 285 161 756 379 117 770 682 449 538 801
733 962 772 397 702 379 780 990 382 288 218 795 607 361 154 554 861 591 913 467 617 853 822 505 735 685 635 514 844 680 905 160 201 412 566 802 183 653 494 683 714 600 718 337 794 156 415 467 453 834 318 490 378 323 884 1153 914 638 867 118 0 492 1088 955 91 9 915 597 500 776 417 145 933 697 779 569 342 285 837 742 870 820 264 709 686 768 893 552 968 715 993 182 555 893 596 252 30 862 849 903 583 303 826 526 425 870 507 356 782 616 607 493 391 956 279 291 469 1057 898 846 948 854 866 625 695 439 349 752 935 234 669 849 424 560 968 769 870 681 844 455 840 651 383 1100 105 713 866 395 193 744 402 140 820 766 442 537 823
932 695 366 168 898 661 407 799 116 321 550 611 236 543 646 131 458 423 549 153 845 844 907 72 287 898 734 22 414 312 919 333 643 747 622 914 460 173 160 312 476 129 435 185 669 356 249 72 621 743 240 59 628 174 798 820 1048 660 660 543 492 0 776 931 549 489 802 105 684 858 77 637 712 552 328 431 777 283 986 270 909 846 456 352 557 870 608 144 676 334 1092 640 99 626 851 413 493 845 824 777 687 466 535 603 370 1016 562 163 769 154 248 435 121 901 314 299 145 721 573 807 645 451 698 744 440 284 279 682 978 716 658 458 169 827 769 449 588 506 503 128 946 878 362 798 597 332 644 631 405 316 309 627 615 738 197 229 498
927 144 422 733 909 943 371 261 803 799 974 338 544 830 1197 645 348 501 238 676 932 584 749 838 524 932 731 762 416 464 643 960 1112 1032 676 792 932 794 931 464 375 810 373 931 404 937 681 732 812 445 786 726 903 838 452 76 882 625 271 1052 1088 776 0 582 1084 1092 406 726 835 728 826 1195 220 431 502 529 1176 808 877 579 678 642 860 425 451 762 195 887 120 442 853 1130 678 201 971 850 1108 572 557 383 734 830 262 705 667 886 687 914 570 636 534 616 778 524 809 798 679 74 204 533 140 353 322 758 393 651 741 487 709 1219 580 334 945 978 247 334 218 424 273 905 794 943 708 28 1165 444 256 889 900 482 685 1169 301 547 674 583 281
