322
0 699 563 672 96 330 308 630 547 358 37 177 220 641 501 561 539 314 264 297 205 325 402 340 138 244 57 140 863 495 475 41 717 615 47 559 75 649 817 232 738 169 177 786 357 576 381 474 206 623 745 332 264 364 331 651 40 554 637 300 480 323 271 355 592 63 803 590 68 399 580 622 211 239 168 559 667 580 329 181 626 269 443 461 517 594 836 499 183 305 696 161 278 682 131 609 342 520 271 551 650 240 366 205 95 657 706 328 400 456 226 769 434 390 422 305 798 191 640 574 271 434 590 557 614 96 768 570 209 24 139 500 573 551 469 305 110 101 518 349 557 738 408 275 285 446 695 129 163 685 750 468 693 667 529 507 206 543 212 615 86 476 196 260 344 429 666 468 653 445 484 519 217 346 480 373 109 263 258 584 451 287 168 482 292 504 666 300 518 785 589 269 548 512 690 231 671 258 277 704 232 502 501 431 482 191 496 325 627 475 457 770 645 129 236 130 834 363 689 236 307 645 519 436 484 232 350 56 528 203 401 858 296 295 129 162 693 392 686 362 642 593 637 484 609 788 240 216 153 437 294 719 482 218 267 587 577 369 463 696 151 845 192 727 595 315 453 807 325 658 350 556 170 120 291 678 262 502 651 547 696 419 338 556 782 656 183 152 641 316 629 786 719 365 386 906 540 384 594 311 303 547 190 326 645 178 382 537 455 153 232 326 611 508 608 354 511 178 626 676 152 386
699 0 472 568 607 967 987 341 802 432 672 819 785 350 533 692 796 722 798 666 494 901 740 965 667 519 659 682 286 335 468 740 331 377 667 417 646 610 278 848 450 855 665 322 747 682 962 911 905 619 327 408 443 570 462 655 669 381 680 560 362 828 968 392 245 704 336 936 750 467 363 362 583 816 649 305 812 549 406 833 94 432 936 266 742 635 297 301 589 788 196 685 834 587 731 700 1029 638 518 355 369 534 601 817 781 824 897 619 303 904 500 413 577 317 278 978 213 888 435 528 706 650 714 893 571 791 258 357 687 687 679 381 403 190 319 941 643 776 317 949 526 45 654 433 979 558 890 828 808 190 105 277 514 707 230 866 796 637 906 631 752 509 832 881 909 311 832 697 136 773 455 182 808 1046 525 325 608 513 929 138 258 864 867 297 694 337 133 610 210 276 959 462 746 471 284 675 713 836 566 206 549 312 276 859 904 881 773 778 689 514 540 379 79 628 816 775 305 336 560 842 652 568 384 285 781 925 353 690 558 603 298 231 842 426 764 741 576 1086 408 519 295 612 503 292 312 232 584 906 546 902 478 231 564 488 645 698 382 475 236 961 816 230 787 60 198 630 428 275 986 892 803 506 633 786 820 578 841 258 684 288 193 1113 977 819 265 921 744 749 204 994 346 197 66 610 672 316 735 444 315 893 975 819 586 927 567 865 557 498 246 797 760 543 278 530 919 917 811 561 432 399 851 420
563 472 0 886 520 894 862 699 352 223 561 577 502 150 765 227 347 782 488 734 421 581 344 663 447 322 563 456 424 161 698 595 228 111 563 713 561 902 371 574 186 647 656 304 376 214 628 508 740 149 258 511 362 705 580 933 560 681 208 653 611 487 803 260 226 524 316 493 631 165 684 709 606 526 414 622 340 823 286 592 483 378 555 284 294 889 380 196 380 815 312 660 523 147 671 229 888 182 588 117 142 323 238 551 657 353 426 720 337 508 355 235 756 323 406 723 397 732 774 56 745 235 245 452 104 617 330 673 693 569 454 643 711 299 201 868 589 665 600 633 793 514 795 459 762 149 420 660 572 309 432 503 130 237 261 440 524 862 756 160 648 731 757 820 578 257 361 859 339 358 693 418 766 847 101 393 456 302 682 348 321 555 700 215 363 155 557 293 480 334 520 323 288 51 238 698 243 539 292 309 588 182 224 466 495 744 337 822 217 734 129 253 393 588 782 553 373 390 138 791 317 871 100 465 350 716 421 518 799 620 372 462 835 320 685 697 902 925 150 662 197 873 76 219 167 370 630 766 456 515 563 302 776 472 340 229 90 627 394 495 715 444 523 446 273 719 121 361 714 426 442 778 624 683 496 139 542 523 214 597 314 947 685 368 339 458 481 508 597 743 146 396 534 246 285 461 280 609 655 579 862 370 592 616 871 656 707 761 351 713 753 242 636 84 468 583 374 550 79 145 684 198
672 568 886 0 592 738 815 226 1098 703 635 850 875 834 171 1039 1090 441 913 413 572 993 974 1013 751 691 615 764 855 726 209 699 855 841 625 172 598 59 843 903 957 831 514 873 950 1041 1051 1107 810 1024 863 407 588 311 363 106 632 207 1072 372 275 968 850 650 716 723 890 1193 673 773 212 205 461 901 759 276 1171 93 634 854 484 565 1094 603 1045 128 863 694 715 512 736 538 937 1032 597 1071 863 981 407 785 853 706 861 874 693 1172 1241 361 550 1092 643 940 246 566 480 965 780 789 133 933 462 938 1069 1152 986 756 814 221 500 648 762 242 178 620 685 722 563 677 288 1021 115 567 309 482 919 880 1231 769 835 726 674 383 985 1105 645 1107 869 176 792 1028 656 197 660 670 1010 628 1182 291 661 1020 206 485 609 944 876 499 663 703 922 593 566 953 790 673 876 734 436 823 419 834 1203 639 1065 854 805 474 1111 922 769 748 442 708 669 1055 1109 762 1051 485 1073 197 873 914 597 543 602 802 869 505 1016 635 858 29 787 420 1048 875 478 709 147 470 515 797 582 615 633 581 20 927 902 310 791 110 949 670 785 797 432 782 588 1077 398 775 195 513 826 1057 823 314 493 1269 683 797 855 628 675 378 779 838 991 1211 975 120 506 671 941 1023 927 368 1082 300 734 954 1009 1112 824 1225 831 811 363 971 824 764 520 866 923 883 1054 312 256 979 793 1107 482 998 28 837 292 141 536 653 542 787 290 897 1196 1020 1081 502 891 890 781 716
96 607 520 592 0 388 386 536 565 301 65 262 283 579 423 556 557 286 323 253 119 400 424 427 165 199 53 176 785 430 389 136 651 557 59 469 43 574 741 312 685 265 145 715 386 569 459 525 298 601 677 236 184 293 240 581 62 461 623 227 386 379 361 286 517 131 734 629 143 355 486 528 139 308 183 464 674 501 258 269 532 185 505 379 527 525 761 428 165 301 617 143 344 651 152 601 425 509 185 491 590 202 356 282 174 666 723 269 313 509 165 709 363 305 329 400 717 281 550 539 244 431 587 593 584 192 692 477 183 80 174 407 482 467 398 361 70 172 422 431 477 645 353 179 381 423 712 224 248 606 663 371 651 656 450 543 276 477 299 595 148 395 247 307 417 352 676 417 569 470 397 426 246 441 449 281 85 220 352 497 365 360 262 409 313 439 570 295 422 710 633 203 555 469 619 197 660 329 256 625 151 433 426 477 530 274 514 314 616 395 429 706 556 75 263 212 760 271 653 274 314 566 462 339 505 329 255 117 452 139 310 775 315 222 172 176 613 479 630 282 574 521 596 410 542 709 171 300 69 492 203 642 408 121 275 582 520 282 370 725 216 762 262 637 516 259 403 731 419 680 395 474 121 184 351 645 334 405 637 450 617 506 427 576 706 683 239 218 544 412 567 705 624 357 392 827 546 294 499 386 377 569 117 407 567 274 309 454 366 205 234 300 514 477 641 427 535 90 575 619 246 329
330 967 894 738 388 0 105 796 837 684 335 390 476 966 587 876 830 300 518 340 506 518 696 474 457 573 337 453 1170 817 601 300 1039 942 334 698 344 692 1127 436 1067 311 301 1104 646 893 546 711 208 949 1066 560 572 458 518 671 336 710 957 430 661 570 188 674 905 375 1122 842 262 729 740 779 384 475 490 748 968 652 646 379 881 570 656 763 820 620 1147 816 514 226 1002 281 510 1011 240 925 143 841 454 877 976 570 690 431 237 954 993 398 693 692 549 1096 504 688 692 374 1100 200 765 904 289 751 903 820 943 296 1079 735 284 325 454 666 717 849 786 26 331 229 710 508 643 1000 430 538 294 774 981 259 384 991 1036 700 1024 986 835 770 451 566 179 939 246 579 141 85 539 739 963 453 950 734 616 785 159 261 810 651 438 592 361 873 745 498 232 797 596 826 901 624 762 1097 832 590 852 842 1007 303 989 483 606 1011 419 821 814 683 724 171 789 253 946 577 786 1094 927 343 153 380 1147 642 1019 125 623 709 846 682 774 287 618 378 598 365 683 1154 156 610 215 226 757 201 1014 493 962 632 967 798 930 1094 389 162 457 669 493 1029 553 488 585 903 904 526 735 961 178 1143 442 1006 901 381 783 1118 410 938 615 652 333 210 537 1007 485 728 971 745 1001 223 452 843 1093 927 463 427 855 365 954 1086 971 687 697 1212 846 555 773 505 81 833 380 495 710 308 479 638 741 183 215 656 802 837 871 546 795 408 956 1004 242 713
308 987 862 815 386 105 0 849 768 665 324 319 408 948 656 819 761 374 447 405 505 432 632 379 416 550 333 408 1169 804 661 270 1025 921 327 757 344 772 1125 357 1042 238 337 1094 580 838 453 627 131 901 1054 589 568 520 558 755 326 765 904 481 708 494 89 663 899 338 1112 760 244 701 794 835 419 402 449 794 902 726 636 306 907 570 568 764 757 702 1143 807 483 306 1002 313 433 969 259 868 48 790 491 859 956 544 644 359 214 887 920 461 699 608 535 1076 573 691 709 276 1103 132 829 866 354 698 845 742 901 246 1075 788 331 311 410 717 775 853 777 104 344 214 755 415 713 1023 506 554 194 732 908 203 316 991 1048 731 990 931 835 693 382 648 107 891 237 644 164 145 452 735 895 538 956 665 674 805 208 156 772 664 417 568 269 883 751 417 166 790 539 812 934 579 790 1092 748 577 789 811 998 354 933 406 570 1010 453 810 808 604 642 118 722 336 891 642 746 1077 941 359 213 321 1142 654 980 179 571 786 825 708 705 197 634 344 671 400 694 1161 240 602 224 257 834 112 991 547 951 712 933 792 917 1094 431 96 453 585 528 1026 624 499 536 846 883 575 751 882 171 1148 375 1021 901 444 758 1114 311 863 542 720 364 202 462 966 407 762 918 788 1002 139 356 772 1089 849 404 369 895 265 936 1091 998 640 641 1212 784 601 823 419 24 762 409 405 786 232 541 705 751 192 274 620 848 799 791 458 723 428 929 982 180 693
630 341 699 226 536 796 849 0 956 548 594 797 799 627 236 878 949 503 830 456 472 922 849 961 669 569 575 684 628 537 197 667 639 640 585 104 558 271 617 843 747 800 514 651 836 877 984 1001 809 845 645 304 463 338 301 319 591 85 898 368 150 878 862 493 508 665 668 1068 654 612 55 22 438 829 667 82 1010 222 485 805 260 441 1002 416 899 307 637 503 613 579 515 540 859 840 598 903 897 820 367 590 647 586 721 812 680 1014 1086 399 381 989 526 725 308 399 308 936 554 789 93 751 506 793 907 1025 802 725 590 61 518 609 681 133 85 413 499 774 534 669 120 960 206 340 393 376 908 721 1077 749 783 506 447 209 785 930 444 985 800 324 799 851 644 228 685 715 937 450 1024 414 441 893 181 282 643 952 708 344 585 576 888 379 381 881 780 484 765 544 209 698 219 611 1083 509 915 675 589 496 936 851 643 527 407 516 475 948 1000 769 914 558 902 231 710 696 375 514 644 747 644 354 821 675 737 228 599 253 915 858 337 650 248 454 348 570 645 478 636 593 234 960 694 303 580 284 756 480 579 571 420 792 506 978 337 554 274 426 712 893 627 275 307 1127 691 571 787 402 464 415 605 614 956 1064 873 186 493 670 857 832 855 180 907 105 512 988 963 972 600 1084 754 742 137 947 619 538 294 728 790 657 903 251 45 910 831 968 453 936 227 808 318 187 350 664 581 648 67 725 1064 946 948 453 692 683 767 554
547 802 352 1098 565 837 768 956 0 408 567 449 361 502 945 131 8 850 320 819 532 361 144 443 410 408 580 406 773 467 890 557 576 463 575 937 590 1097 721 412 501 530 707 650 192 152 380 198 637 251 605 690 509 841 742 1116 569 913 207 775 832 277 686 463 565 485 659 141 603 349 925 960 698 366 384 874 137 1017 471 461 791 532 265 562 60 1063 728 502 403 851 662 699 337 333 678 161 775 169 717 455 493 394 237 408 616 119 159 829 576 209 457 562 906 558 648 538 750 640 1012 304 807 163 131 103 289 543 681 914 744 566 407 864 942 614 488 816 630 631 840 402 989 847 914 617 605 246 148 577 454 658 778 747 406 215 574 110 386 1022 664 233 627 912 728 788 347 518 127 979 679 103 891 701 761 690 278 612 479 394 516 668 589 359 606 510 255 465 863 278 750 685 170 458 65 336 590 761 213 364 330 660 697 490 528 183 181 666 50 870 189 913 262 590 723 640 780 458 720 603 362 774 251 1076 421 703 63 578 624 490 978 703 608 814 842 484 672 709 1117 789 488 813 548 1053 368 515 516 722 729 679 533 227 711 654 942 594 290 145 440 793 658 171 676 797 395 787 607 822 375 711 514 115 226 979 686 652 307 336 363 776 217 850 664 803 471 16 690 128 376 412 885 558 498 748 859 231 177 808 72 788 911 368 778 18 677 397 1077 536 851 959 618 689 779 311 903 276 117 346 47 639 423 487 595 406
358 432 223 703 301 684 665 548 408 0 349 418 365 283 565 336 401 559 371 511 197 474 315 544 267 116 348 280 521 141 502 394 360 257 350 536 344 710 472 434 383 473 433 432 316 338 533 483 552 333 390 305 139 489 369 736 348 509 373 433 430 397 618 54 250 332 449 527 424 70 519 553 383 395 240 466 468 630 70 433 398 157 504 167 351 688 489 155 188 592 361 439 407 364 453 368 696 277 368 193 292 125 178 405 453 470 540 499 168 474 135 411 544 149 239 576 465 541 607 253 521 245 366 483 304 427 422 508 470 359 278 463 538 245 126 658 368 457 434 524 601 477 576 243 596 176 531 470 409 352 445 339 352 407 210 448 380 655 564 333 438 530 545 607 480 121 480 641 339 354 500 298 548 676 177 206 248 100 530 295 187 439 512 146 261 148 465 178 342 437 545 100 367 176 338 475 413 414 135 366 365 153 168 430 477 547 368 598 372 533 170 412 358 366 564 381 486 199 361 576 219 685 161 295 371 545 224 322 599 396 200 530 614 98 471 478 721 741 329 449 288 674 299 150 253 449 407 571 235 470 347 376 570 249 213 354 219 418 250 579 507 514 374 436 269 497 103 461 577 516 370 588 401 474 390 358 418 368 385 442 362 765 560 424 436 536 329 344 479 595 271 456 477 186 250 564 355 405 503 468 662 421 368 503 685 483 493 569 213 502 531 112 495 202 518 488 404 326 274 319 495 28
37 672 561 635 65 335 324 594 567 349 0 214 252 631 464 574 560 286 296 265 182 361 423 378 157 239 20 162 845 483 437 73 705 607 10 522 37 612 801 268 732 205 145 772 381 588 417 505 233 630 733 298 244 328 294 615 3 517 647 263 444 355 296 341 575 93 790 617 79 396 543 585 173 274 184 524 684 543 313 219 597 247 476 440 535 558 820 484 187 283 678 132 312 685 114 621 361 531 233 542 641 238 376 241 110 675 727 293 377 487 215 761 397 368 394 342 779 216 602 575 243 447 604 584 618 130 751 534 179 15 161 463 536 529 454 308 74 110 482 386 520 710 374 244 318 452 716 160 200 667 727 435 692 678 510 533 240 507 234 623 89 438 196 258 380 411 685 435 632 468 446 491 207 375 483 346 106 259 294 561 429 322 196 466 312 492 635 311 487 769 618 255 565 510 676 200 682 293 282 686 195 488 485 460 512 210 517 302 638 438 461 759 620 92 225 167 819 336 690 230 323 608 511 404 506 266 321 83 491 167 375 837 283 279 123 144 656 415 679 325 629 556 636 468 597 770 204 236 129 468 257 702 445 187 282 600 569 332 435 720 158 824 226 702 577 280 448 791 363 680 378 519 135 125 323 680 297 469 661 512 677 442 375 577 765 680 214 184 607 352 619 766 690 375 402 888 556 347 559 347 317 569 153 363 608 213 345 499 431 152 212 330 575 511 633 389 534 141 621 669 181 378
177 819 577 850 262 390 319 797 449 418 214 0 88 688 679 503 442 477 129 468 337 152 313 165 153 307 234 138 939 558 650 156 770 655 224 732 251 826 889 57 763 80 349 845 261 523 204 328 188 593 800 493 377 542 502 828 217 723 589 478 647 181 241 438 668 131 861 455 195 431 748 790 388 86 177 722 583 757 418 15 758 391 282 561 437 770 906 573 233 451 779 329 123 666 284 552 330 478 445 601 692 294 343 41 194 568 603 504 516 308 319 805 611 501 556 159 883 191 812 570 436 385 528 431 598 112 840 738 377 202 141 669 744 649 543 370 287 212 680 172 734 862 582 426 185 435 592 134 14 769 853 618 698 615 620 381 63 719 214 580 220 652 297 350 173 520 576 639 750 346 658 649 342 270 479 505 217 319 112 692 562 119 158 561 226 564 808 283 660 854 448 358 470 527 753 401 617 96 293 784 408 571 583 295 339 218 402 476 576 652 451 814 755 306 360 49 902 494 680 346 265 822 562 582 386 140 489 146 706 381 526 947 422 394 262 312 870 355 719 539 703 770 642 565 666 867 418 229 293 286 465 794 659 372 236 529 616 543 591 572 244 932 57 837 683 489 490 879 166 548 225 733 347 229 147 664 99 653 604 707 779 375 166 454 853 537 95 73 792 177 677 873 849 337 327 982 465 556 758 138 329 444 367 149 823 87 559 713 574 266 380 339 770 503 482 182 405 351 651 711 147 442
220 785 502 875 283 476 408 799 361 365 252 88 0 621 706 415 354 533 45 517 328 123 224 180 130 265 271 115 881 501 669 214 704 587 262 744 286 857 830 72 688 169 397 781 172 435 185 256 277 508 735 495 353 575 517 864 255 732 502 509 652 104 330 394 613 158 796 377 259 366 754 795 420 31 138 721 494 784 378 102 732 371 224 520 349 807 846 520 197 517 726 381 61 583 344 464 419 392 467 537 623 250 264 52 265 479 516 545 485 237 290 734 645 469 535 221 829 278 825 490 491 300 439 350 516 186 781 743 429 244 117 677 755 606 491 455 326 282 680 166 760 828 627 422 265 356 505 217 92 716 809 609 619 527 573 299 25 757 302 495 284 677 374 431 137 477 488 687 704 258 676 623 414 352 402 485 215 272 181 652 527 82 245 511 142 506 787 209 643 794 373 324 382 454 692 451 529 52 232 730 434 517 533 216 265 304 314 540 488 678 374 746 716 342 433 101 841 473 599 422 184 849 497 569 298 226 475 170 735 416 501 894 495 361 329 374 896 441 647 565 641 804 563 515 604 811 451 317 294 217 480 737 691 374 163 441 549 562 566 491 321 879 33 797 634 532 425 819 215 462 140 756 387 301 71 581 57 644 516 703 726 460 195 366 794 454 45 67 779 241 611 821 820 257 241 923 376 571 758 112 417 357 398 142 849 176 591 736 543 339 444 273 766 425 400 147 318 373 578 640 233 386
641 350 150 834 579 966 948 627 502 283 631 688 621 0 738 376 498 810 615 757 465 713 488 792 544 398 628 556 274 149 667 678 83 39 631 662 623 859 222 694 124 750 699 161 515 360 764 656 834 281 114 505 399 705 576 896 629 627 342 663 568 622 899 293 119 614 175 644 707 256 623 641 636 649 514 559 480 784 322 703 383 407 700 247 445 859 233 161 469 854 169 709 651 237 731 371 979 333 601 89 19 406 369 668 736 495 566 732 319 655 416 131 745 312 372 841 247 824 712 200 778 381 391 603 232 709 179 613 733 642 554 599 656 214 186 939 642 740 546 765 755 388 797 473 871 288 561 752 681 168 292 455 164 365 189 590 642 841 847 295 720 705 825 886 713 245 502 858 213 506 660 348 824 953 241 378 531 381 798 250 282 683 794 184 491 140 456 412 414 185 671 376 438 179 88 734 371 664 394 164 611 152 177 611 644 830 487 857 355 709 267 129 277 637 839 657 226 379 210 854 444 824 125 426 500 822 413 605 770 653 349 312 885 358 751 753 848 1022 67 657 55 840 156 185 49 220 654 854 510 660 569 153 755 502 458 374 73 616 346 641 789 294 638 314 165 735 197 211 837 572 580 738 665 757 627 229 667 466 344 535 171 1046 812 518 189 606 594 615 508 861 12 247 415 377 425 313 430 593 587 710 945 521 626 746 824 760 702 723 307 783 800 349 561 232 618 718 525 586 86 56 777 255
501 533 765 171 423 587 656 236 945 565 464 679 706 738 0 897 937 287 745 251 413 823 816 842 584 537 444 596 810 612 70 528 773 738 454 132 427 153 788 732 862 660 344 805 789 902 881 942 642 895 787 260 439 142 203 171 461 161 938 201 176 801 685 514 625 552 823 1033 503 636 187 214 290 732 594 231 1027 78 494 683 440 416 927 493 895 123 810 585 553 362 670 369 768 913 428 932 704 840 239 676 756 551 710 704 523 1027 1093 196 429 926 487 856 83 442 366 795 733 622 181 808 302 789 928 993 861 585 752 188 333 477 594 152 151 532 569 569 392 508 216 850 57 546 163 329 751 739 1083 599 665 658 634 286 876 972 549 947 699 105 626 897 486 34 497 514 841 510 1037 177 596 863 80 403 448 779 742 372 497 551 751 518 457 783 621 562 715 621 416 668 342 773 1042 490 918 728 725 307 978 752 615 681 272 597 563 891 945 595 897 338 938 31 735 834 540 372 443 631 814 375 901 477 700 143 671 311 893 705 344 538 34 299 395 763 432 471 464 414 191 769 805 141 701 109 834 559 688 744 261 616 424 911 235 707 38 352 666 917 714 152 392 1115 516 760 686 591 592 213 651 782 820 1060 810 64 335 502 773 905 757 287 950 245 667 796 838 959 764 1071 662 641 347 801 727 717 503 715 769 845 907 159 235 809 635 953 311 827 144 666 121 52 430 486 382 637 273 765 1039 850 926 332 782 793 611 582
561 692 227 1039 556 876 819 878 131 336 574 503 415 376 897 0 129 842 383 804 497 449 195 534 423 371 583 425 643 361 836 580 447 338 580 872 589 1045 592 478 369 583 702 520 246 23 480 318 688 120 475 637 459 807 696 1069 574 844 89 745 766 356 744 390 449 505 528 272 624 267 853 885 677 428 392 797 132 965 405 517 690 481 379 469 86 1018 598 397 391 855 540 698 408 204 688 49 834 58 683 338 365 362 200 466 643 136 209 806 497 324 419 430 869 479 570 618 623 687 942 176 801 126 31 235 157 580 553 842 740 576 424 799 874 509 389 852 626 656 768 496 935 735 888 569 676 159 201 619 504 537 659 671 274 112 468 235 440 983 712 102 647 863 754 816 439 429 145 954 563 181 835 609 778 763 172 541 474 354 588 561 500 437 653 409 280 358 764 262 664 556 301 408 66 221 464 753 114 432 301 537 670 385 425 289 302 709 136 870 74 865 168 458 612 632 797 498 590 534 232 797 254 1020 308 629 154 641 560 506 931 686 531 687 857 426 690 719 1057 856 357 773 424 1007 236 414 394 595 707 725 511 338 670 529 899 558 293 26 317 747 573 269 704 669 445 671 494 800 276 582 599 200 302 923 676 676 378 206 434 697 103 773 542 874 560 146 561 231 415 450 794 639 373 623 751 199 178 678 60 737 833 453 826 150 658 486 1020 590 814 904 530 712 785 265 821 162 243 441 166 617 294 357 639 325
539 796 347 1090 557 830 761 949 8 401 560 442 354 498 937 129 0 842 314 811 524 356 136 438 402 400 572 399 769 460 882 549 572 459 567 929 582 1088 717 406 499 523 699 647 184 151 376 196 631 249 602 682 501 832 733 1108 561 905 207 767 824 272 680 455 560 477 656 145 595 342 918 952 689 359 376 866 142 1009 464 455 784 524 263 555 54 1054 725 495 395 843 657 691 331 332 670 161 769 165 709 449 489 386 229 402 609 125 167 821 569 206 449 560 898 550 641 532 745 633 1004 300 799 156 131 106 287 536 677 906 736 558 399 856 934 608 482 809 622 624 833 398 981 841 905 609 600 239 156 570 447 653 773 739 404 216 567 109 379 1014 657 231 620 903 721 781 342 511 133 971 673 96 883 694 753 685 272 604 471 386 510 661 582 354 600 503 247 459 856 270 742 681 173 450 63 330 586 753 215 358 322 655 689 484 522 180 179 659 42 862 189 905 256 587 717 632 773 450 717 596 361 767 243 1068 415 696 56 571 617 482 970 694 601 810 834 476 665 701 1109 783 485 804 543 1045 365 508 511 718 721 672 525 224 703 649 934 586 282 144 435 785 650 179 668 792 388 781 601 813 369 707 509 123 220 971 678 644 301 335 357 769 217 843 659 798 466 23 686 136 368 405 878 553 494 744 852 223 168 804 69 780 903 363 771 22 669 392 1069 529 842 951 611 682 771 303 896 271 123 342 43 631 419 484 588 398
314 722 782 441 286 300 374 503 850 559 286 477 533 810 287 842 842 0 578 56 361 630 707 625 442 476 270 448 963 662 306 322 869 796 277 402 260 398 928 534 927 433 142 921 666 854 679 789 384 879 891 323 420 165 261 383 284 418 906 162 381 638 416 526 722 377 940 903 281 622 448 485 176 551 465 465 960 353 498 476 630 407 755 573 813 329 949 649 452 75 801 153 590 922 193 886 422 793 214 729 825 483 641 512 289 953 1009 106 498 771 433 940 204 500 470 556 887 365 466 810 43 718 873 870 858 367 883 444 106 291 447 380 421 646 623 282 220 270 432 644 342 748 132 337 497 703 997 364 464 789 807 445 910 939 644 819 518 274 363 875 258 281 226 229 650 565 963 170 737 752 321 550 171 509 724 442 371 496 519 656 545 595 373 626 595 672 635 582 511 903 904 460 842 734 829 89 944 568 541 811 199 658 637 746 796 333 799 56 900 278 707 929 699 211 162 438 951 438 920 195 600 412 708 441 789 460 406 368 298 162 475 933 144 463 220 166 460 486 870 209 791 337 858 626 766 888 156 350 334 751 252 833 252 311 560 867 763 250 511 1006 259 925 504 770 704 93 661 920 586 963 664 352 165 257 605 915 572 467 920 467 799 512 614 860 897 965 498 466 580 557 798 873 713 643 679 1003 832 281 486 615 352 853 190 624 412 436 185 338 531 229 107 582 518 751 919 659 818 233 826 858 369 585
264 798 488 913 323 518 447 830 320 371 296 129 45 615 745 383 314 578 0 561 357 103 188 177 162 281 314 149 880 502 706 260 698 579 306 779 329 897 828 95 675 209 441 775 137 404 164 210 316 482 730 527 376 616 553 904 298 764 471 550 684 59 366 405 616 202 790 332 305 363 786 826 461 45 162 750 455 823 393 141 750 395 182 532 312 848 843 523 219 563 728 425 36 559 390 432 455 365 506 533 616 265 249 88 310 439 474 587 503 192 311 723 686 486 557 239 831 320 859 472 536 274 406 304 493 231 780 775 474 288 151 710 789 616 496 498 369 328 710 153 798 842 670 453 293 340 463 260 135 719 816 635 601 495 581 254 67 799 343 468 330 716 420 476 111 488 448 731 711 218 712 642 460 380 387 507 250 285 205 664 542 68 287 517 125 507 808 203 666 791 328 342 345 443 689 495 496 51 235 731 473 519 539 170 219 347 275 586 457 716 359 737 727 385 479 146 838 496 577 468 171 887 493 594 258 259 501 213 775 458 522 896 541 379 375 420 934 474 636 604 639 844 546 521 601 812 493 359 328 172 516 737 731 407 159 409 542 599 586 446 367 880 78 807 639 575 421 817 226 419 96 793 431 347 28 558 54 670 485 732 729 491 197 325 792 409 83 112 803 260 605 823 837 242 215 921 340 606 788 96 457 315 439 132 888 215 632 773 560 385 490 271 794 408 355 120 276 412 566 629 276 390
297 666 734 413 253 340 405 456 819 511 265 468 517 757 251 804 811 56 561 0 315 620 677 623 415 435 247 423 907 610 261 312 815 745 255 357 234 376 872 525 876 433 120 866 639 815 673 770 398 836 837 267 372 117 205 368 262 370 865 106 329 620 436 476 667 358 885 880 276 577 401 439 129 537 436 414 925 322 449 469 574 357 740 518 779 312 893 596 417 125 745 139 575 876 191 847 453 754 158 677 772 443 604 501 289 919 977 57 443 752 390 887 168 446 414 562 831 377 425 764 51 681 836 845 813 363 828 396 93 273 422 329 376 590 571 320 193 272 379 639 308 693 114 284 509 661 966 366 455 733 751 389 861 899 589 795 503 257 379 833 255 239 247 263 640 512 929 170 680 723 275 494 196 531 680 387 339 454 522 599 490 583 381 573 567 620 580 546 456 848 882 414 807 687 774 67 903 555 503 756 147 605 584 724 776 349 768 111 860 237 664 875 643 180 192 426 895 383 873 225 568 384 657 385 759 468 351 348 267 118 420 877 189 414 224 170 433 518 818 156 737 316 810 573 713 832 104 368 293 733 196 778 219 262 528 828 712 196 455 978 271 869 490 713 649 41 613 864 591 933 642 315 133 262 588 869 559 411 879 414 744 544 615 830 841 937 479 449 527 565 745 816 658 606 645 946 797 227 436 606 384 823 146 617 385 437 138 299 475 240 130 541 467 707 894 649 789 188 776 806 375 536
205 494 421 572 119 506 505 472 532 197 182 337 328 465 413 497 524 361 357 315 0 451 403 496 197 126 172 213 665 315 363 246 534 445 178 425 163 566 621 377 575 362 236 597 378 505 513 537 412 521 560 171 66 311 210 583 179 408 552 248 327 406 476 172 398 212 615 620 261 261 428 469 186 358 195 393 623 488 143 349 425 65 531 259 485 530 641 310 144 394 497 244 387 560 267 537 543 444 186 378 477 138 301 345 292 620 684 309 195 523 77 596 374 186 220 491 597 396 505 448 324 380 528 580 497 296 573 418 272 196 210 354 434 348 281 480 177 291 352 491 460 534 391 96 485 348 673 334 324 486 545 282 550 586 330 535 330 489 416 518 268 380 365 424 465 233 630 457 450 449 366 316 360 551 364 170 119 143 441 379 247 410 373 290 303 324 471 254 323 590 630 98 509 373 501 277 591 379 202 506 173 316 307 484 537 392 484 401 548 382 349 591 439 171 374 289 640 159 558 390 286 549 352 244 479 431 152 198 446 199 196 655 420 106 291 288 592 596 519 280 457 521 497 292 426 589 213 418 52 510 178 522 409 61 253 520 410 261 259 701 336 643 318 521 396 306 300 612 503 648 405 452 203 304 384 554 384 317 565 375 497 623 502 546 586 658 282 275 455 505 453 585 517 305 355 707 499 260 431 440 497 540 171 467 549 372 319 431 250 324 336 232 438 391 625 474 512 128 469 508 357 224
325 901 581 993 400 518 432 922 361 474 361 152 123 713 823 449 356 630 103 620 451 0 254 85 253 383 380 238 980 604 789 308 796 676 371 866 397 972 928 95 766 212 500 873 209 471 62 196 310 557 827 618 476 688 638 976 364 854 538 623 775 95 344 509 718 270 888 329 348 464 876 918 533 93 260 844 498 901 496 154 852 494 137 635 369 919 942 626 319 602 830 481 67 638 436 495 429 442 585 633 712 367 344 119 345 479 499 653 605 177 411 816 758 588 657 177 933 319 947 559 589 355 467 314 575 264 880 866 529 350 241 799 877 719 599 502 435 363 803 52 877 946 733 546 251 431 489 278 165 822 920 732 687 558 685 269 124 868 339 542 372 795 443 492 21 591 486 791 814 269 796 744 491 332 479 607 337 388 163 767 645 40 291 620 222 608 909 304 765 891 316 444 400 537 788 553 558 71 339 833 550 622 643 181 211 352 324 628 522 795 451 832 831 453 509 194 937 596 659 492 269 966 592 692 305 234 598 284 851 528 623 998 570 481 414 465 1013 433 730 682 739 917 634 624 701 913 564 356 416 153 600 838 805 496 262 473 639 682 687 452 392 982 137 910 742 640 522 917 153 441 146 874 496 380 85 638 67 767 552 827 831 446 111 360 892 422 168 182 902 197 703 925 939 336 299 1021 398 692 882 14 447 350 512 37 966 213 705 854 662 416 532 372 890 498 362 29 313 491 659 724 285 493
402 740 344 974 424 696 632 849 144 315 423 313 224 488 816 195 136 707 188 677 403 254 0 340 266 284 437 262 762 410 765 413 569 449 431 820 446 969 709 283 522 394 564 647 51 217 292 172 501 303 600 568 389 705 613 985 425 799 285 639 717 160 554 366 521 340 659 219 458 273 814 851 559 234 241 767 271 891 367 327 713 412 212 481 124 931 721 441 266 706 628 555 213 384 533 244 643 188 583 419 484 268 138 274 472 258 304 691 480 168 331 577 772 461 547 422 726 502 897 313 664 108 217 177 323 401 664 803 601 421 262 747 826 549 420 675 487 487 731 304 863 785 775 492 481 199 293 437 316 622 734 641 438 307 510 135 250 888 526 287 483 784 584 645 247 435 267 840 629 46 767 613 616 568 246 505 338 274 393 602 503 241 468 442 111 412 780 152 654 672 233 341 157 308 571 618 308 237 207 629 560 432 464 124 164 526 94 725 269 785 220 597 662 497 636 316 714 496 406 630 116 952 380 598 82 448 512 345 849 562 508 792 697 371 528 564 994 662 493 681 523 923 387 447 487 702 591 541 397 172 581 629 811 464 151 221 416 664 564 301 532 775 257 735 555 682 318 699 404 256 108 854 544 507 182 384 238 673 299 745 630 679 366 154 675 259 233 270 793 443 480 721 789 130 67 801 152 662 805 257 641 146 538 292 952 401 717 834 528 545 634 205 802 259 222 250 111 501 422 489 456 321
340 965 663 1013 427 474 379 961 443 544 378 165 180 792 842 534 438 625 177 623 496 85 340 0 302 446 398 286 1057 678 815 314 876 756 388 897 415 988 1006 119 849 192 506 953 294 557 74 265 270 643 907 657 529 703 667 987 381 888 624 641 811 180 290 574 792 296 967 397 347 541 912 954 551 149 316 885 580 920 559 158 910 546 198 701 454 930 1020 699 376 588 904 485 141 724 433 581 369 527 610 710 793 430 425 151 336 560 576 662 664 248 467 899 772 648 710 106 1007 284 977 644 586 440 552 388 660 260 957 903 530 364 289 834 909 787 671 461 450 354 844 41 898 1008 738 588 187 514 565 261 179 895 989 779 772 643 754 346 169 878 300 628 369 816 421 461 96 657 567 792 884 354 823 801 472 261 562 660 378 453 114 833 707 108 261 691 301 683 963 381 817 969 380 503 485 619 866 556 643 130 410 908 573 695 713 260 282 319 408 616 608 816 534 913 896 469 490 214 1015 649 744 468 348 985 670 741 389 187 647 311 868 543 679 1073 547 540 405 459 1034 364 812 703 816 931 718 695 779 989 580 317 456 225 630 914 821 535 336 559 719 708 743 521 373 1057 179 977 813 648 599 995 74 517 232 897 508 368 166 724 126 814 637 869 905 373 28 442 970 495 221 221 951 123 783 999 999 418 383 1099 483 721 922 84 398 432 531 48 986 189 722 877 722 400 522 448 933 582 434 96 395 516 742 806 261 565
138 667 447 751 165 457 416 669 410 267 157 153 130 544 584 423 402 442 162 415 197 253 266 302 0 154 171 15 789 409 543 157 625 514 165 616 182 736 740 183 629 206 299 698 224 439 315 360 293 491 655 365 227 459 390 746 158 602 501 391 522 216 357 284 516 82 715 464 201 290 624 665 305 160 33 590 529 662 264 167 609 244 343 407 379 690 757 421 80 440 627 289 190 555 268 471 441 385 344 456 550 142 232 151 221 519 570 435 364 343 167 667 528 349 408 313 731 285 696 450 398 297 452 429 486 170 690 613 335 156 12 548 626 496 391 433 223 232 550 294 636 710 519 292 329 318 558 213 143 617 700 479 574 531 467 379 133 642 309 482 223 554 330 393 267 367 528 582 596 311 549 499 355 409 356 358 87 167 265 538 409 212 253 409 155 416 661 166 515 705 467 205 410 396 605 354 534 182 155 633 314 421 430 311 364 298 359 459 491 555 330 673 602 235 374 114 754 346 564 373 169 726 419 440 348 278 346 82 614 305 377 794 435 241 267 299 772 479 581 443 555 685 517 412 519 716 337 319 165 327 353 643 572 244 129 450 475 437 442 564 282 779 122 684 530 424 348 729 319 522 229 631 282 253 191 551 187 514 515 573 627 503 311 420 703 523 84 82 650 330 533 721 698 230 247 831 401 443 628 242 417 412 283 270 726 216 473 611 422 288 368 205 636 383 478 277 376 253 516 572 237 293
244 519 322 691 199 573 550 569 408 116 239 307 265 398 537 371 400 476 281 435 126 383 284 446 154 0 240 169 635 257 482 279 477 371 241 536 239 689 586 330 494 358 341 548 266 380 445 432 436 403 506 284 106 437 333 708 238 515 430 374 433 318 501 130 362 215 565 503 311 157 531 569 306 297 131 487 497 609 112 322 468 129 438 255 359 655 604 267 74 499 472 342 316 451 348 413 581 319 312 309 406 17 175 299 339 493 557 434 222 420 49 525 500 205 278 467 576 425 614 339 436 254 403 461 385 311 537 520 379 248 166 463 542 342 237 547 269 345 450 430 581 563 516 209 483 226 547 354 298 462 546 365 453 463 312 418 277 616 448 399 327 503 435 498 393 213 504 582 442 329 484 361 443 560 249 231 134 20 419 387 261 345 396 254 196 264 527 132 388 552 515 62 383 271 453 389 468 317 77 478 298 267 276 378 430 431 360 510 425 505 230 527 451 271 460 268 601 220 453 469 169 669 275 322 356 431 232 206 570 316 242 639 514 98 362 375 711 625 442 406 404 645 397 257 369 562 335 455 142 410 303 489 535 188 143 395 333 385 305 578 395 625 269 532 375 429 209 576 471 522 305 572 312 362 305 445 322 398 443 466 472 649 458 422 550 534 225 235 527 485 387 566 555 179 231 678 372 380 525 375 547 416 289 408 670 369 445 551 278 391 434 106 526 277 504 401 390 247 382 432 379 143
57 659 563 615 53 337 333 575 580 348 20 234 271 628 444 583 572 270 314 247 172 380 437 398 171 240 0 177 837 479 417 91 701 605 9 503 17 592 794 288 731 224 128 767 395 597 437 522 247 635 728 280 236 308 275 595 16 498 654 243 425 372 309 336 569 112 785 633 90 397 524 566 153 293 196 505 696 523 308 239 583 238 495 432 547 538 813 479 193 272 670 118 331 689 108 630 372 539 214 539 638 240 384 261 121 687 740 274 366 505 212 758 378 358 381 361 770 230 583 579 227 457 613 599 622 149 745 515 164 34 176 444 516 520 449 311 55 118 464 406 500 697 355 229 335 457 729 176 220 659 716 418 694 686 502 549 259 488 247 629 95 418 197 259 399 404 696 417 623 482 426 478 203 391 487 333 111 260 314 550 419 342 212 460 325 488 619 320 471 762 634 252 576 512 670 184 690 312 288 678 175 483 478 477 529 222 530 289 646 418 465 756 609 72 220 187 812 323 693 228 334 588 509 389 519 283 307 100 471 147 363 828 276 273 123 137 636 426 677 305 625 536 638 462 592 762 184 247 121 486 238 695 425 172 293 609 567 312 422 735 164 815 245 690 568 261 448 784 382 693 395 499 116 131 342 684 316 452 669 494 670 454 395 591 758 694 231 203 590 371 616 758 675 384 413 880 567 328 540 366 324 583 133 383 588 232 325 479 419 154 201 335 557 515 649 409 548 122 621 667 197 376
140 682 456 764 176 453 408 684 406 280 162 138 115 556 596 425 399 448 149 423 213 238 262 286 15 169 177 0 802 422 557 155 637 525 170 630 189 748 753 167 639 194 306 711 218 441 300 349 284 496 667 380 243 470 403 757 164 617 504 403 537 204 347 299 530 80 727 456 200 301 638 679 315 145 42 605 528 674 279 153 624 259 330 422 377 701 770 435 94 444 641 294 176 561 271 473 432 388 357 468 561 156 237 135 218 517 566 444 379 332 182 678 539 364 424 298 745 277 710 457 405 298 453 422 492 162 703 628 341 159 2 562 640 511 405 429 230 231 565 278 648 725 528 307 316 324 555 205 129 631 714 494 582 533 481 371 118 653 301 486 223 566 329 391 253 381 526 591 611 306 563 515 356 397 364 374 101 181 250 554 424 197 244 423 151 429 677 171 531 718 458 220 409 405 618 361 537 166 164 646 325 434 445 302 354 292 356 464 493 567 338 684 617 244 375 101 767 362 571 372 170 738 430 455 344 265 362 83 626 315 392 808 436 256 267 302 784 469 592 455 568 696 526 426 532 730 347 312 179 316 367 657 583 259 131 451 486 450 457 558 279 793 107 699 545 433 360 742 303 518 219 644 290 251 177 557 171 530 518 588 641 492 295 416 717 517 69 66 666 316 545 735 714 234 248 845 401 457 643 226 411 407 293 254 739 204 484 624 437 287 372 214 651 390 471 262 372 264 526 583 228 306
863 286 424 855 785 1170 1169 628 773 521 845 939 881 274 810 643 769 963 880 907 665 980 762 1057 789 635 837 802 0 381 742 903 196 314 843 700 828 896 52 952 291 994 879 124 788 625 1034 931 1066 535 167 639 601 826 704 941 843 664 595 802 635 892 1132 509 273 848 121 914 925 516 648 649 803 910 762 588 733 833 535 954 373 600 974 406 717 917 45 367 709 1021 167 894 916 470 929 631 1206 605 749 347 281 646 639 924 955 751 818 868 477 930 638 230 844 481 493 1097 77 1053 722 468 939 655 654 875 489 943 99 641 908 858 800 658 688 321 398 1143 838 956 594 1032 808 294 915 637 1118 563 815 985 931 179 180 533 386 611 335 864 899 916 1075 552 933 783 1029 1086 982 434 757 965 226 781 730 417 1017 1196 516 525 757 621 1051 307 425 948 1026 382 758 375 420 676 470 89 942 595 708 453 192 901 617 927 649 159 772 367 362 886 918 1054 761 1016 610 788 542 194 271 827 1029 903 55 531 438 1049 711 854 387 525 774 1066 560 837 837 822 491 74 1065 567 956 946 863 1255 286 774 241 895 409 379 278 75 812 1079 716 934 711 145 838 682 720 638 345 729 451 901 1002 63 894 226 269 875 458 63 1096 833 852 789 845 969 894 463 931 525 593 569 168 1280 1075 788 87 869 849 866 491 1116 281 93 339 648 699 42 700 700 601 976 1162 791 800 1012 854 1004 815 779 434 989 980 609 564 506 886 988 798 766 350 286 1010 497
495 335 161 726 430 817 804 537 467 141 483 558 501 149 612 361 460 662 502 610 315 604 410 678 409 257 479 422 381 0 543 533 221 134 483 553 474 744 331 572 265 615 549 291 425 354 661 583 693 308 249 366 249 565 437 777 482 520 364 519 452 520 759 143 113 473 308 601 561 141 522 548 487 531 381 461 487 666 172 573 329 258 615 123 406 735 347 36 330 705 226 559 539 306 581 376 836 305 456 66 162 267 275 543 590 496 569 588 183 578 269 281 610 172 247 716 328 681 613 214 629 315 385 557 265 568 281 511 584 495 420 484 550 148 42 791 493 593 439 655 636 380 657 326 738 222 562 611 550 217 323 342 263 395 107 532 518 712 704 316 573 578 677 737 608 103 504 719 219 440 537 257 675 817 190 241 386 242 670 201 160 571 653 53 384 9 404 300 318 295 624 228 411 142 196 584 401 548 269 229 463 24 64 533 574 686 438 708 370 581 204 276 256 487 689 523 344 240 290 704 338 712 61 306 446 687 274 463 645 504 216 394 735 208 602 603 742 882 207 518 147 718 223 57 113 310 506 710 361 578 426 236 626 352 342 370 103 480 233 627 642 378 513 325 145 590 93 320 715 559 486 621 516 609 519 297 552 361 371 435 226 907 695 483 294 587 468 485 438 735 137 321 392 284 343 423 400 460 493 599 799 483 477 635 712 625 564 604 190 634 650 231 475 199 584 615 476 436 171 195 636 116
475 468 698 209 389 601 661 197 890 502 437 650 669 667 70 836 882 306 706 261 363 789 765 815 543 482 417 557 742 543 0 505 703 668 427 96 399 208 719 702 792 639 333 735 741 840 848 898 633 830 716 200 381 143 153 235 434 112 875 184 107 760 681 450 555 520 753 983 485 573 142 178 267 697 550 172 967 128 432 656 374 358 886 424 839 192 741 516 505 382 600 359 731 845 418 870 709 779 204 607 686 497 653 672 508 967 1035 203 361 883 434 785 115 375 297 775 665 612 169 742 311 731 867 943 795 564 682 139 330 451 554 87 115 462 501 581 368 494 151 820 99 483 199 273 738 678 1025 582 636 589 568 216 807 908 478 898 665 175 619 833 471 41 498 523 806 441 978 231 526 811 15 333 453 774 678 305 456 495 730 448 387 748 608 493 666 552 356 614 273 703 993 432 860 662 655 306 914 717 560 611 242 528 493 846 899 589 843 361 875 45 673 763 471 348 451 601 745 309 833 484 649 186 603 241 839 690 279 506 102 279 327 697 449 410 456 409 229 773 735 116 631 175 766 490 618 675 242 611 380 868 190 637 96 304 616 856 645 107 322 1060 510 693 651 524 521 220 585 713 799 1004 766 89 318 492 734 837 722 218 886 182 598 800 813 904 694 1017 625 606 290 783 657 649 442 659 714 777 849 102 184 776 641 899 285 796 187 646 122 68 360 481 388 580 220 701 987 815 873 299 713 723 597 518
