199
0 288 596 539 866 445 653 447 811 263 805 228 1049 902 706 674 832 975 305 562 639 885 807 612 287 657 101 298 821 1002 297 329 324 735 563 654 891 504 645 277 452 850 470 869 536 674 662 591 663 513 921 984 221 649 788 874 558 735 231 670 672 651 742 717 351 88 530 796 307 563 309 437 250 108 196 438 1012 523 385 462 600 707 783 426 565 486 678 877 596 374 421 1066 769 557 514 698 685 431 134 631 155 524 246 748 927 595 281 643 721 711 823 377 316 414 265 501 656 438 113 203 571 714 680 563 612 1054 277 179 828 889 645 535 378 108 348 215 1028 526 568 765 527 705 677 478 724 735 360 878 475 418 547 902 493 582 432 810 172 608 400 486 686 651 257 315 826 358 188 706 582 850 584 570 665 616 453 161 672 454 299 965 611 655 695 335 237 859 187 779 314 564 319 49 571 441 174 451 896 581 479
288 0 789 639 1052 640 940 381 803 504 838 387 1259 1094 872 688 1075 1185 589 675 763 1102 842 900 570 916 191 456 880 1206 544 510 606 837 841 585 874 791 915 156 705 1013 747 1009 562 605 886 841 943 789 1154 1203 487 858 902 887 844 722 495 957 911 724 723 842 525 328 726 1020 453 850 216 396 120 385 255 712 1217 809 429 729 760 871 972 715 803 690 834 876 754 635 698 1270 1032 778 459 972 678 696 162 917 309 634 340 992 1145 764 78 843 991 876 850 363 226 686 551 623 925 567 297 492 818 859 736 838 566 1250 560 137 780 1108 902 773 418 358 491 262 1235 590 568 978 602 944 954 764 708 1004 534 1105 708 706 497 864 487 869 689 917 328 586 398 684 779 806 44 469 1070 570 246 677 852 985 800 734 596 902 510 449 820 740 588 1168 658 944 898 624 433 1066 100 732 552 595 48 244 656 554 460 716 1071 614 767
596 789 0 262 270 152 533 571 567 339 476 404 470 307 131 459 339 397 576 227 200 318 474 541 585 296 636 332 430 416 318 280 597 286 386 616 633 580 358 659 239 263 360 307 416 625 137 215 440 355 387 418 642 82 290 558 641 537 650 560 205 323 553 227 264 510 66 247 337 493 623 535 818 605 534 335 427 629 421 295 101 134 187 488 160 111 134 590 106 297 359 480 384 94 558 414 506 293 701 678 487 244 452 275 360 73 827 55 395 135 498 508 618 334 460 225 352 250 700 510 200 178 370 357 560 463 587 654 657 325 277 161 431 487 302 529 445 340 464 194 318 225 424 447 539 397 255 331 166 503 554 682 475 640 260 320 467 514 484 110 287 122 745 320 340 237 543 558 328 299 80 93 620 657 371 533 148 437 486 378 376 623 110 502 367 277 714 629 293 404 787 638 289 277 489 289 301 401 508
539 639 262 0 454 224 743 337 343 360 289 311 684 504 269 213 600 616 653 42 128 555 289 737 653 543 536 244 286 623 368 236 678 200 592 354 420 732 593 488 405 392 533 372 156 364 399 453 668 545 637 648 671 343 263 369 799 294 682 769 464 117 308 203 216 453 239 500 233 681 437 302 702 595 398 494 635 778 213 468 173 265 390 627 393 251 222 388 166 415 509 683 641 327 306 655 255 448 601 852 390 24 314 537 593 195 696 311 643 272 310 296 429 480 529 56 591 107 653 548 432 232 157 567 298 654 650 522 415 565 523 378 225 445 194 385 655 80 202 441 58 486 657 612 292 647 208 578 338 636 297 457 224 807 414 279 370 252 263 233 147 199 596 228 601 273 409 304 548 347 328 168 358 831 137 551 202 594 571 588 125 816 358 602 314 503 590 380 343 142 623 567 40 98 511 456 458 140 664
866 1052 270 454 0 422 667 791 643 608 528 670 232 52 185 585 288 172 818 411 333 154 523 694 831 401 905 597 452 170 583 548 836 337 548 776 684 775 475 914 470 94 563 181 602 779 245 373 555 540 250 214 898 228 282 593 825 647 906 690 295 447 663 282 530 781 336 181 599 660 872 756 1086 871 796 553 182 822 655 509 295 188 83 701 352 380 231 634 302 544 580 229 417 323 758 505 634 520 970 844 754 447 712 294 173 288 1093 225 467 182 544 742 865 560 712 444 462 491 970 768 375 228 480 519 728 201 833 919 750 166 390 373 666 758 560 790 202 531 639 148 510 280 529 644 655 460 521 200 412 719 744 744 677 816 494 302 734 677 713 380 382 256 1007 583 297 508 806 686 481 201 296 318 777 825 588 796 252 642 730 137 526 771 180 738 636 98 981 739 560 578 1046 909 461 511 752 509 50 567 705
445 640 152 224 422 0 519 463 567 194 502 253 619 460 264 437 452 545 462 211 246 461 501 512 467 343 483 186 478 567 181 130 485 350 369 553 643 512 381 517 180 407 308 436 351 567 250 251 450 321 518 562 509 217 381 585 579 518 518 545 292 329 532 309 116 358 86 381 194 456 487 428 665 461 386 270 578 559 306 243 170 266 340 409 195 51 244 607 168 198 286 631 453 145 467 445 477 224 548 629 335 200 308 374 504 156 676 203 441 269 523 389 482 258 339 168 382 152 550 377 227 285 375 345 496 615 466 504 639 467 323 172 314 336 165 384 595 282 402 337 264 322 443 389 515 448 109 466 118 421 472 681 388 584 190 409 315 457 371 43 324 219 596 175 449 88 395 524 330 421 163 138 560 608 280 395 245 372 373 529 349 591 258 398 214 426 563 602 154 352 641 486 263 182 350 232 451 356 443
653 940 533 743 667 519 0 934 1082 484 1004 639 702 663 646 956 425 648 384 724 728 565 1002 52 406 266 749 621 963 691 447 574 381 820 151 1065 1155 196 192 885 339 726 222 802 867 1080 443 321 113 198 527 625 508 492 820 1087 203 1037 507 26 376 838 1051 760 581 619 517 493 639 89 886 904 895 573 751 265 696 221 787 279 628 652 610 229 373 493 665 1115 632 357 264 737 282 440 960 170 996 305 786 188 671 719 714 379 590 601 932 521 215 650 1025 850 887 287 388 688 205 666 690 451 334 707 886 177 1008 754 416 815 1158 560 280 376 791 589 638 760 700 801 918 519 784 387 141 176 1035 227 582 526 404 241 974 1197 890 180 334 850 663 972 845 510 815 656 905 624 413 500 752 1043 205 804 454 608 1073 173 787 495 681 201 354 667 868 105 525 323 581 588 840 1122 458 871 966 701 780 695 480 291 718 875 180
447 381 571 337 791 463 934 0 421 453 464 304 1019 840 605 313 907 951 699 379 463 884 469 911 689 803 380 313 517 959 487 364 723 507 796 214 492 853 833 231 612 729 712 699 206 234 701 713 891 741 958 980 655 653 577 507 919 341 666 958 753 383 341 532 362 397 525 819 296 853 170 36 482 547 250 669 971 889 156 663 501 602 724 751 658 511 559 494 494 576 670 1020 916 605 78 897 298 632 426 986 312 344 233 833 924 518 455 626 899 608 475 84 159 646 599 351 836 322 540 577 689 569 380 780 186 991 681 320 404 892 785 633 148 412 304 232 991 263 196 764 282 781 890 769 327 907 365 901 574 752 115 486 122 936 608 584 307 206 91 497 447 535 348 312 906 442 258 296 776 672 618 487 225 967 203 554 539 745 647 923 303 979 679 686 357 835 381 355 476 239 347 443 336 294 532 649 795 256 801
811 803 567 343 643 567 1082 421 0 691 117 599 865 694 504 141 875 815 983 358 368 786 122 1079 980 863 772 552 199 804 705 565 1008 310 931 241 80 1075 922 650 747 552 876 479 275 229 696 779 1001 887 880 857 983 637 361 97 1143 80 994 1109 770 245 80 374 547 736 567 761 536 1024 589 408 900 890 627 838 814 1120 426 810 466 498 616 969 720 589 463 73 461 759 852 850 948 651 344 981 127 792 829 1196 656 367 565 830 814 494 876 602 963 504 106 453 578 824 862 400 917 439 919 870 760 438 197 905 239 810 976 728 109 797 844 710 433 738 508 609 834 306 245 700 316 784 987 956 94 965 541 822 678 979 307 115 326 1150 758 344 641 216 422 572 284 457 768 539 880 614 637 128 883 453 645 480 234 1175 363 865 439 938 906 777 223 1159 632 939 624 727 794 116 681 250 768 824 304 417 828 799 620 237 1008
263 504 339 360 608 194 484 453 691 0 649 154 785 641 459 550 575 711 293 367 425 621 650 458 293 412 324 149 643 739 40 125 318 528 357 609 771 405 416 414 201 600 266 630 430 627 399 337 457 301 660 721 319 386 569 729 473 626 329 507 412 477 638 496 144 185 274 533 167 401 406 425 503 266 275 224 749 445 315 230 363 460 524 300 304 228 439 743 360 135 220 803 528 294 489 477 579 197 383 536 200 338 230 491 664 351 523 382 491 463 670 369 406 200 171 307 424 254 362 190 315 479 518 346 555 792 290 367 740 625 398 274 317 157 185 282 765 384 477 502 375 445 463 315 620 503 152 616 212 304 508 798 429 487 186 595 187 529 368 231 492 413 463 158 569 106 279 616 354 615 320 331 618 516 340 201 437 291 215 702 469 525 433 250 97 596 413 696 50 445 517 309 399 274 157 217 640 456 348
805 838 476 289 528 502 1004 464 117 649 0 582 748 578 399 151 769 699 942 290 276 673 5 1005 942 772 780 524 81 687 658 524 967 202 853 324 160 1015 835 682 677 436 807 362 279 317 599 691 916 813 768 742 956 540 245 83 1081 153 967 1030 673 174 164 267 504 724 486 653 510 952 622 443 924 873 635 771 697 1061 428 740 377 393 506 911 634 515 361 114 373 699 788 732 851 565 393 891 175 725 841 1130 650 311 562 729 700 405 906 505 870 398 21 476 611 760 819 344 829 395 917 836 674 331 131 826 303 692 939 747 226 685 753 628 437 720 475 618 717 279 270 593 281 685 900 890 167 871 497 711 604 922 360 217 351 1086 690 227 632 264 442 498 189 359 799 508 774 561 645 207 800 336 556 395 319 1108 352 837 339 874 860 660 193 1086 530 890 596 614 815 227 632 246 808 824 249 378 797 730 504 228 945
228 387 404 311 670 253 639 304 599 154 582 0 872 711 497 458 693 799 403 335 414 715 584 612 396 550 237 75 594 820 192 123 428 507 510 478 680 549 563 272 341 641 420 650 324 497 499 466 609 454 768 816 384 470 562 654 615 526 395 661 529 423 535 493 140 142 339 633 79 555 255 279 416 292 135 378 831 585 184 380 387 497 589 447 423 303 464 660 381 287 375 884 666 391 348 625 477 348 303 682 85 296 75 611 757 386 423 456 635 501 600 219 254 354 296 273 570 211 341 282 443 496 454 498 428 866 390 251 630 720 533 393 182 139 121 136 848 302 364 590 301 561 613 468 517 646 149 718 328 448 373 698 301 632 330 583 64 411 225 297 458 436 343 91 689 186 142 506 501 630 413 358 488 663 235 269 455 444 344 782 389 677 511 383 58 680 311 584 188 348 389 257 343 213 238 366 694 363 497
1049 1259 470 684 232 619 702 1019 865 785 748 872 0 180 414 816 278 74 945 641 565 166 743 742 961 467 1100 803 669 62 754 749 959 566 624 1008 898 854 529 1129 613 314 670 386 833 1011 387 484 591 636 175 77 1043 403 505 805 891 875 1049 720 395 679 891 513 733 968 533 256 807 724 1091 984 1282 1036 1004 674 50 897 879 633 519 418 295 803 491 570 461 848 526 694 701 38 420 491 989 532 865 654 1163 890 954 675 922 342 125 506 1295 416 487 412 762 967 1085 689 856 669 513 711 1144 920 497 460 711 600 960 77 966 1124 973 164 465 519 890 942 772 999 30 762 871 284 740 365 562 736 883 474 725 186 574 822 976 960 908 875 637 520 934 909 939 575 613 484 1215 790 289 696 1013 916 561 412 465 537 1008 875 816 954 483 742 863 95 759 807 361 862 831 192 1182 965 735 810 1257 1095 693 733 913 638 245 800 793
902 1094 307 504 52 460 663 840 694 641 578 711 180 0 234 637 263 121 838 461 384 119 573 693 851 400 944 638 501 119 613 587 854 389 552 827 733 782 473 959 492 142 576 225 653 831 261 383 550 550 211 164 923 255 333 641 830 699 930 685 300 499 714 334 570 817 373 170 641 662 918 805 1125 902 839 569 131 828 703 525 342 238 121 713 370 415 281 683 349 568 597 179 401 350 809 497 686 540 1008 843 794 496 755 284 129 332 1134 258 456 232 594 790 912 579 736 492 458 537 1003 794 389 279 532 524 780 156 855 961 801 129 391 394 714 793 603 833 151 582 691 155 560 280 522 653 706 447 561 167 439 732 795 793 728 819 516 351 774 729 761 417 434 305 1050 625 274 543 848 738 485 247 323 363 829 825 638 824 303 653 751 85 578 767 207 757 674 75 1022 790 591 629 1090 945 512 558 781 527 81 619 714
706 872 131 269 185 264 646 605 504 459 399 497 414 234 0 422 370 347 707 227 155 293 396 659 715 391 734 422 337 353 441 379 727 197 504 603 560 708 461 731 369 144 488 177 420 609 209 325 545 478 382 381 769 155 176 476 768 492 777 672 284 279 508 132 359 618 187 256 422 614 688 570 914 726 618 464 365 756 470 423 112 6 122 617 278 234 48 512 118 428 489 414 455 220 575 510 472 423 800 801 583 261 532 331 328 111 918 124 483 4 419 557 681 464 590 258 452 307 814 636 314 68 320 474 553 387 716 743 605 303 373 285 481 598 382 610 385 348 461 195 326 290 525 574 497 481 349 323 297 633 563 614 494 765 390 206 562 502 527 228 223 70 828 407 375 353 628 524 441 168 198 139 606 780 403 657 71 565 617 318 353 741 132 633 470 238 806 586 416 399 864 745 280 326 613 419 198 390 635
674 688 459 213 585 437 956 313 141 550 151 458 816 637 422 0 785 758 842 236 270 715 155 950 839 750 640 411 209 754 566 425 867 251 805 197 222 939 804 532 618 502 745 446 137 196 594 662 880 759 805 796 841 536 318 203 1007 81 853 982 664 142 95 303 408 597 448 676 395 894 472 293 778 750 494 705 765 983 290 680 359 416 542 833 603 464 375 202 353 623 719 807 843 535 243 865 49 660 699 1062 518 236 428 731 748 386 758 501 851 422 162 328 461 690 721 268 801 301 783 729 642 362 105 780 162 771 835 602 202 725 730 590 297 598 367 477 785 166 119 615 177 683 869 823 80 854 402 746 552 841 211 248 201 1015 626 313 502 116 295 446 203 363 650 397 789 477 505 101 761 418 533 367 195 1041 223 723 351 804 766 723 87 1028 539 799 483 657 669 170 543 110 658 688 176 277 687 669 573 95 872
832 1075 339 600 288 452 425 907 875 575 769 693 278 263 370 785 0 224 684 563 515 148 765 464 702 196 899 634 703 267 537 576 695 567 350 953 930 577 252 964 380 372 407 461 755 962 206 241 313 369 105 200 791 257 533 844 613 860 796 444 164 643 875 502 567 760 381 116 644 447 938 871 1078 801 829 419 271 619 753 382 430 377 269 534 272 400 413 882 436 460 445 312 145 306 897 254 834 409 957 613 765 583 757 84 166 405 1098 288 210 371 788 838 934 438 609 564 236 584 915 677 260 438 687 328 899 329 708 937 974 141 199 302 762 731 617 829 274 679 803 176 657 131 284 465 863 198 561 103 366 553 894 985 814 597 401 559 748 851 817 413 592 422 1032 626 11 507 836 887 291 475 290 431 957 596 710 716 436 473 608 246 708 530 246 601 642 190 988 953 525 742 1082 881 624 613 678 390 336 737 519
975 1185 397 616 172 545 648 951 815 711 699 799 74 121 347 758 224 0 876 574 500 94 694 686 892 403 1026 729 621 43 680 675 890 510 561 947 853 792 469 1056 541 262 603 342 768 951 313 414 536 570 132 47 972 329 454 761 832 820 978 667 325 618 835 454 660 893 459 184 734 664 1019 915 1208 963 930 604 47 836 809 563 449 351 226 737 418 496 395 803 456 621 632 95 369 417 923 477 807 583 1089 835 880 607 849 278 58 435 1220 342 434 345 714 896 1013 618 785 599 453 639 1070 848 426 398 653 535 898 105 896 1050 922 94 400 446 819 868 699 926 55 696 807 210 674 296 507 671 827 422 651 123 501 756 911 913 841 817 565 471 860 847 869 501 554 417 1141 716 235 622 939 858 496 366 391 466 948 819 747 882 418 676 793 40 697 753 287 793 757 119 1108 911 661 746 1184 1020 627 662 840 567 196 736 729
305 589 576 653 818 462 384 699 983 293 942 403 945 838 707 842 684 876 0 657 706 781 943 335 22 488 407 433 932 912 286 419 25 811 347 882 1063 206 446 575 347 835 276 884 717 901 576 461 431 315 787 871 124 591 843 1022 254 917 124 394 550 769 927 771 438 310 521 691 450 299 596 679 525 204 463 271 920 219 587 313 629 710 738 163 467 476 698 1036 628 278 243 971 579 498 751 481 868 297 428 327 389 631 466 607 820 611 567 602 516 711 963 617 600 259 123 599 460 548 312 122 451 742 811 361 831 972 32 483 1027 782 485 444 585 288 475 478 931 676 761 683 668 579 452 233 909 532 445 760 412 146 776 1089 704 280 323 871 392 812 627 486 779 676 562 445 675 385 460 902 395 873 525 598 892 313 626 151 703 217 89 878 761 362 639 83 363 776 489 982 313 735 623 345 692 567 167 310 860 747 204
562 675 227 42 411 211 724 379 358 367 290 335 641 461 227 236 563 574 657 0 88 514 290 721 659 514 565 264 275 581 370 247 681 172 573 390 432 724 568 526 390 351 519 334 196 399 364 426 644 529 596 606 683 307 229 373 791 317 693 750 431 117 332 166 226 475 211 460 255 666 476 344 734 612 430 482 592 770 253 453 133 223 348 620 366 230 179 396 126 408 498 641 609 298 348 628 281 436 631 841 416 41 345 502 552 157 730 274 615 229 312 336 468 470 533 62 565 124 676 557 405 191 163 547 336 612 656 555 437 523 494 354 264 464 214 419 612 121 240 401 99 452 633 601 316 618 217 538 320 631 338 473 266 796 401 249 396 288 305 213 126 156 632 247 565 272 441 332 526 309 297 133 394 820 179 563 159 584 573 545 150 801 319 601 331 462 623 406 344 179 660 592 62 125 521 442 416 174 655
639 763 200 128 333 246 728 463 368 425 276 414 565 384 155 270 515 500 706 88 0 448 274 731 711 497 648 341 237 503 421 315 730 104 578 448 432 752 558 614 408 266 537 246 269 454 329 415 639 540 536 535 744 269 148 359 816 344 754 754 401 128 360 79 293 551 212 405 335 679 565 428 820 681 516 504 515 799 341 470 100 149 277 651 358 246 106 390 96 442 525 561 580 288 425 615 319 459 714 861 498 129 431 464 483 128 817 234 595 156 298 424 556 496 583 142 552 204 752 615 397 106 173 550 398 530 709 642 461 458 477 352 352 537 293 505 535 200 307 344 180 417 624 623 348 597 283 477 333 664 411 482 346 819 424 171 477 347 391 231 87 92 719 324 518 323 527 372 524 221 279 121 451 839 265 626 83 608 619 469 198 813 269 644 404 393 709 438 394 245 748 672 128 210 583 461 333 235 680
885 1102 318 555 154 461 565 884 786 621 673 715 166 119 293 715 148 94 781 514 448 0 669 599 797 312 938 647 601 131 589 591 796 475 470 897 832 701 381 976 447 247 509 336 710 903 222 320 451 477 96 101 877 244 429 742 743 782 883 585 231 572 798 414 577 804 377 90 653 575 942 848 1120 870 848 510 139 746 737 468 383 299 172 644 325 411 341 782 390 528 538 189 291 328 862 395 764 489 1001 750 794 543 768 188 42 366 1134 262 352 292 691 825 936 524 691 532 365 566 978 754 332 353 611 444 846 194 802 965 890 11 308 353 747 778 619 845 149 636 753 124 613 202 423 579 788 342 569 47 409 663 852 890 779 730 471 451 775 796 799 418 513 359 1058 635 160 534 856 816 404 354 303 396 899 733 681 788 365 583 698 103 647 670 207 699 671 59 1022 875 570 691 1102 931 571 591 747 473 198 683 637
807 842 474 289 523 501 1002 469 122 650 5 584 743 573 396 155 765 694 943 290 274 669 0 1004 943 770 783 525 76 682 658 525 968 198 852 329 164 1014 833 686 676 432 806 357 282 322 596 689 914 812 764 737 958 538 241 84 1081 159 969 1029 671 174 170 264 505 726 485 650 512 951 626 447 928 875 638 770 693 1061 431 739 375 389 502 910 633 514 358 117 371 699 788 727 848 563 398 889 180 724 844 1129 652 312 565 726 696 403 910 503 867 394 23 480 615 759 819 344 827 396 919 837 672 328 132 824 308 687 940 750 232 680 751 626 440 722 477 621 712 282 274 589 283 682 898 889 172 868 498 707 603 921 365 221 355 1085 689 222 635 269 446 497 187 357 803 510 771 561 649 212 799 331 554 394 325 1108 355 838 336 873 861 656 196 1085 527 891 598 610 818 233 632 250 813 827 250 380 798 729 499 232 944
612 900 541 737 694 512 52 911 1079 458 1005 612 742 693 659 950 464 686 335 721 731 599 1004 0 358 293 710 600 968 728 423 556 331 826 155 1050 1153 144 220 851 331 747 206 821 855 1066 462 335 150 192 567 664 460 507 830 1089 154 1031 458 59 399 836 1045 769 565 583 519 523 618 57 855 882 851 528 719 247 733 170 767 269 633 665 632 185 382 491 675 1115 636 338 241 776 324 447 941 211 989 291 745 150 639 713 687 412 627 606 890 535 255 663 1027 827 857 267 349 681 234 655 644 409 345 718 884 185 994 791 367 778 1151 595 304 381 770 553 621 729 738 792 905 545 775 413 179 143 1028 269 567 562 401 196 956 1194 873 133 323 861 632 960 824 508 818 664 867 604 452 485 720 1034 219 821 463 610 1058 133 773 452 690 168 312 702 862 81 544 278 555 619 800 1113 436 860 927 659 776 684 440 280 744 866 134
287 570 585 653 831 467 406 689 980 293 942 396 961 851 715 839 702 892 22 659 711 797 943 358 0 507 389 429 934 927 289 418 37 815 367 874 1061 228 466 559 360 846 295 892 713 894 590 477 452 334 805 887 102 603 848 1021 274 913 101 417 566 770 924 776 437 296 529 707 446 322 582 669 504 184 450 287 936 239 580 329 636 719 750 184 481 483 706 1035 635 289 259 987 599 509 742 502 864 311 408 347 377 631 457 624 836 618 546 613 537 720 963 608 586 273 127 600 480 547 291 113 466 749 811 381 824 987 9 466 1023 798 503 457 578 277 472 465 947 674 756 697 666 596 474 255 905 552 445 776 422 168 768 1085 697 301 336 876 381 806 619 492 782 683 543 442 693 388 446 898 414 881 536 605 884 334 622 136 710 238 100 894 760 384 651 101 358 791 470 977 316 732 604 326 692 566 158 325 872 744 227
657 916 296 543 401 343 266 803 863 412 772 550 467 400 391 750 196 403 488 514 497 312 770 293 507 0 733 503 722 444 372 446 499 578 157 891 930 388 74 821 211 459 211 538 688 903 182 91 156 173 300 390 597 237 567 854 431 830 601 290 110 618 846 514 443 592 304 231 517 263 804 769 906 615 682 227 450 433 647 195 397 397 343 338 150 299 417 886 402 283 252 497 116 216 810 119 796 226 787 443 612 521 620 124 345 369 931 270 100 394 794 727 802 248 419 494 62 493 732 488 115 456 666 133 834 506 513 780 951 310 20 170 655 562 500 686 458 614 738 252 594 120 134 269 831 105 439 281 230 357 814 978 730 419 227 597 596 791 712 315 584 414 875 499 186 369 688 846 94 542 218 384 897 425 623 529 437 277 414 415 665 369 263 405 494 327 824 921 366 683 929 706 576 524 494 205 451 683 326
101 191 636 536 905 483 749 380 772 324 780 237 1100 944 734 640 899 1026 407 565 648 938 783 710 389 733 0 312 806 1050 362 357 426 736 651 593 850 605 727 183 523 878 557 887 503 613 718 661 752 599 983 1039 318 697 794 843 660 693 328 767 736 639 698 727 376 140 570 853 315 659 225 377 182 208 146 522 1061 625 352 542 624 734 823 524 628 530 701 841 619 449 507 1114 847 610 453 783 644 509 66 732 152 524 222 815 981 623 199 686 804 739 796 322 233 497 361 505 737 444 161 302 639 733 661 649 557 1099 379 79 776 943 719 598 343 171 357 163 1077 507 527 816 513 769 764 573 681 817 385 937 535 517 488 854 447 684 505 814 172 561 350 526 683 673 157 328 894 404 135 658 664 866 635 595 604 717 429 261 692 549 398 1012 588 755 740 435 269 908 92 727 374 534 218 70 562 440 269 529 930 552 577
298 456 332 244 597 186 621 313 552 149 524 75 803 638 422 411 634 729 433 264 341 647 525 600 429 503 312 0 530 749 178 58 458 436 483 459 633 555 525 331 302 566 399 576 284 477 435 416 579 428 704 748 433 403 489 599 622 484 444 646 472 359 494 419 69 210 269 567 18 542 304 282 491 351 201 356 760 594 167 350 311 422 516 449 368 237 389 609 306 263 358 813 619 329 341 589 435 319 378 685 160 227 122 554 689 311 496 386 594 427 543 230 300 334 315 202 530 140 411 318 392 421 393 468 405 794 424 322 594 653 486 339 170 200 50 197 778 247 329 522 243 503 580 459 476 604 77 653 275 453 359 656 279 636 296 511 139 381 224 229 389 361 412 16 631 134 210 470 466 555 349 283 468 665 193 313 380 436 362 711 334 670 441 399 72 610 384 549 164 303 455 330 279 147 276 336 619 315 496
821 880 430 286 452 478 963 517 199 643 81 594 669 501 337 209 703 621 932 275 237 601 76 968 934 722 806 530 0 608 646 521 956 144 814 397 231 989 787 724 646 359 775 282 318 392 544 645 870 777 696 665 957 486 172 141 1054 231 968 989 619 170 243 207 500 737 450 587 518 917 665 492 960 881 663 742 618 1036 458 708 335 331 436 887 590 483 305 182 332 677 762 652 793 522 450 841 244 696 870 1098 668 305 585 669 625 362 946 452 817 336 93 517 655 733 808 335 780 393 934 832 630 269 145 786 370 612 932 780 308 612 703 587 468 730 480 647 638 299 321 527 294 628 853 860 243 817 491 640 571 899 420 291 397 1057 661 150 649 326 482 468 154 309 840 513 709 547 674 282 758 256 510 358 393 1077 378 837 285 846 847 583 222 1050 470 875 601 541 849 309 619 284 854 845 251 383 796 699 425 266 917
1002 1206 416 623 170 567 691 959 804 739 687 820 62 119 353 754 267 43 912 581 503 131 682 728 927 444 1050 749 608 0 708 696 927 504 601 945 838 833 511 1073 574 252 640 326 772 949 344 450 579 609 175 83 1006 353 444 745 874 813 1012 711 361 617 828 451 680 919 480 220 753 706 1034 924 1232 994 950 640 11 877 821 598 460 357 236 776 451 519 401 788 467 654 668 64 412 444 928 521 803 617 1113 878 902 615 867 319 101 448 1243 363 477 351 702 908 1028 654 818 610 495 653 1099 881 461 398 649 575 898 62 932 1071 912 134 440 478 831 894 716 945 31 701 810 237 680 334 550 711 821 465 671 165 530 795 914 899 847 859 598 459 882 847 879 523 551 424 1161 736 279 646 959 853 536 351 418 479 946 861 756 913 422 714 828 37 697 796 309 829 780 142 1130 903 688 748 1203 1047 631 675 871 602 183 738 769
297 544 318 368 583 181 447 487 705 40 658 192 754 613 441 566 537 680 286 370 421 589 658 423 289 372 362 178 646 708 0 142 310 526 317 636 785 379 376 455 161 580 227 616 451 653 366 298 417 261 625 688 328 358 562 738 447 644 337 471 375 484 656 489 158 222 254 500 196 366 446 458 540 288 316 185 719 420 345 190 351 444 499 272 268 207 425 755 349 95 183 772 488 264 519 436 597 156 420 508 241 346 268 453 631 337 561 357 450 446 679 403 446 161 162 313 384 266 390 196 277 466 526 306 581 763 287 407 759 592 358 238 348 193 206 322 734 400 499 471 389 408 422 281 638 462 164 581 179 278 537 815 456 459 145 589 228 553 401 213 493 401 503 184 531 99 320 637 313 602 291 320 645 488 363 216 426 258 202 672 482 492 405 234 134 566 452 717 27 464 558 344 408 288 171 176 617 474 318
329 510 280 236 548 130 574 364 565 125 524 123 749 587 379 425 576 675 419 247 315 591 525 556 418 446 357 58 521 696 142 0 443 415 432 496 645 521 470 389 247 523 352 539 308 512 378 358 526 378 647 692 435 347 462 603 589 502 446 599 413 354 514 391 22 241 215 510 71 498 362 332 538 366 256 309 707 563 213 299 271 379 466 415 309 180 349 617 266 217 314 760 561 271 386 533 455 269 422 649 206 215 180 495 634 267 547 332 538 383 545 283 359 288 296 186 474 129 440 312 334 384 393 415 440 743 414 374 617 597 428 281 217 224 65 254 725 259 356 467 249 444 526 417 496 547 31 596 217 421 400 673 317 601 244 486 186 410 273 173 373 321 466 53 573 77 264 494 411 520 292 241 504 629 220 316 342 395 341 658 343 629 387 374 91 556 434 574 122 321 511 367 275 148 274 285 573 331 459
324 606 597 678 836 485 381 723 1008 318 967 428 959 854 727 867 695 890 25 681 730 796 968 331 37 499 426 458 956 927 310 443 0 834 354 907 1088 196 453 596 366 855 288 905 742 926 593 476 434 326 799 884 130 609 865 1047 239 942 128 390 565 794 953 793 463 333 543 706 475 298 618 703 538 221 486 286 935 204 612 329 652 731 756 167 484 498 720 1061 651 299 258 985 586 517 776 486 893 315 444 312 412 655 491 619 833 633 581 621 523 732 988 642 623 275 148 623 468 572 324 146 467 764 835 370 856 987 46 503 1052 796 496 462 610 312 500 501 946 701 786 699 693 593 457 238 934 538 470 773 432 149 801 1114 729 266 342 894 416 837 652 508 803 698 580 470 686 409 482 928 405 894 544 621 917 299 651 173 725 224 111 894 787 352 657 97 389 792 507 1007 337 760 641 362 717 592 191 327 879 772 203
735 837 286 200 337 350 820 507 310 528 202 507 566 389 197 251 567 510 811 172 104 475 198 826 815 578 736 436 144 504 526 415 834 0 672 446 363 853 643 683 508 251 637 198 301 448 400 501 726 637 569 551 847 342 70 279 917 310 858 846 475 125 325 65 393 647 311 451 428 776 630 476 902 781 598 605 515 901 408 569 194 190 305 753 447 348 161 315 192 546 626 555 650 379 456 697 299 560 801 959 588 211 515 527 505 220 895 308 673 195 222 483 621 598 687 234 636 296 848 719 486 129 147 643 404 519 814 722 415 487 559 445 419 635 386 586 535 250 326 391 235 485 708 723 317 673 384 512 433 767 434 418 384 919 525 80 568 354 449 334 59 164 794 419 572 427 609 349 615 169 366 220 446 938 327 729 141 709 724 474 208 908 328 749 502 417 791 401 499 270 818 764 180 296 686 561 322 255 781
563 841 386 592 548 369 151 796 931 357 853 510 624 552 504 805 350 561 347 573 578 470 852 155 367 157 651 483 814 601 317 432 354 672 0 918 1003 231 100 769 190 596 94 667 718 933 310 181 101 55 455 547 464 352 675 937 277 886 467 177 253 687 901 613 437 514 367 387 500 111 763 765 813 502 631 132 608 276 645 133 479 510 482 188 227 342 519 964 482 222 143 655 232 292 818 137 846 163 697 298 554 568 585 282 502 452 844 379 169 508 875 714 763 158 303 537 115 517 621 373 189 562 734 29 861 664 375 710 1007 467 162 226 650 483 496 638 615 651 769 400 634 272 113 116 884 185 438 438 253 206 829 1046 745 268 189 706 543 824 706 359 665 508 804 484 339 356 634 893 67 667 308 458 925 278 641 417 535 129 285 572 717 237 391 267 451 481 743 971 322 721 862 613 629 547 390 147 597 725 169
654 585 616 354 776 553 1065 214 241 609 324 478 1008 827 603 197 953 947 882 390 448 897 329 1050 874 891 593 459 397 945 636 496 907 446 918 0 298 1014 935 442 727 696 845 643 203 20 753 800 1004 867 984 983 853 697 514 338 1082 172 865 1090 817 328 164 494 485 595 589 850 441 993 382 217 692 749 458 802 957 1054 296 786 523 598 726 908 741 592 555 313 517 712 810 1000 993 677 139 998 153 760 640 1144 509 373 421 891 932 547 662 665 991 605 326 276 372 783 772 397 935 402 751 761 777 548 299 897 57 965 868 534 195 907 871 722 296 605 430 439 977 277 152 789 298 840 997 913 158 996 483 925 672 913 107 280 180 1095 730 510 500 102 258 575 394 538 556 452 955 565 466 118 884 615 681 522 11 1124 277 744 532 891 819 913 250 1124 709 857 521 841 594 148 618 211 546 654 329 371 716 773 766 216 954
891 874 633 420 684 643 1155 492 80 771 160 680 898 733 560 222 930 853 1063 432 432 832 164 1153 1061 930 850 633 231 838 785 645 1088 363 1003 298 0 1153 990 723 822 591 951 512 356 282 758 847 1070 961 927 897 1064 699 403 93 1220 157 1075 1181 833 316 152 428 627 817 637 814 617 1098 662 482 974 971 706 914 848 1198 506 885 532 553 665 1047 789 662 521 50 528 836 929 880 1010 719 414 1048 206 868 906 1272 736 444 645 889 857 560 948 664 1028 558 141 529 651 901 942 477 985 518 999 951 829 492 269 977 307 839 1057 804 119 843 910 780 513 819 588 688 868 387 324 753 396 845 1056 1032 169 1029 621 871 751 1057 377 62 403 1227 833 382 721 291 500 645 346 519 840 619 935 692 716 196 953 487 712 548 289 1251 444 946 499 1015 986 814 302 1233 690 1019 705 772 869 153 760 331 838 903 380 497 909 874 656 317 1085
504 791 580 732 775 512 196 853 1075 405 1015 549 854 782 708 939 577 792 206 724 752 701 1014 144 228 388 605 555 989 833 379 521 196 853 231 1014 1153 0 324 762 345 815 220 880 830 1032 531 402 277 234 683 776 327 565 869 1098 67 1019 324 199 482 841 1031 801 535 491 542 618 573 133 774 828 731 409 638 247 839 48 721 285 659 713 704 106 433 505 714 1119 660 316 227 885 447 488 894 336 973 292 631 133 559 708 621 513 733 635 773 587 378 712 1036 769 777 255 258 675 340 637 519 303 403 758 887 258 960 895 238 678 1136 699 393 422 722 464 586 651 846 775 878 628 761 503 304 133 1014 394 539 669 420 101 914 1187 834 83 328 899 556 932 772 520 835 698 761 562 566 462 637 1014 297 875 510 632 1023 114 742 343 725 143 212 804 853 155 608 173 497 711 691 1095 399 841 823 547 772 663 342 292 823 849 72
645 915 358 593 475 381 192 833 922 416 835 563 529 473 461 804 252 469 446 568 558 381 833 220 466 74 727 525 787 511 376 470 453 643 100 935 990 324 0 831 223 533 178 611 732 948 253 143 84 135 358 452 561 305 636 917 362 885 564 216 184 676 900 581 470 587 356 303 540 195 819 800 895 591 692 206 517 367 678 186 458 467 417 288 201 343 484 948 462 281 225 561 133 270 846 64 848 220 777 371 617 570 637 192 410 429 924 337 76 464 856 754 818 230 393 542 15 533 710 463 162 524 724 85 878 573 473 780 1005 377 88 214 685 557 528 697 523 661 783 327 641 194 65 216 884 90 468 346 263 306 853 1037 769 348 232 666 604 837 741 360 645 478 875 523 242 392 696 897 63 614 278 442 941 353 662 505 502 229 380 484 717 295 335 365 505 399 819 973 375 730 932 694 628 564 475 199 525 731 267
277 156 659 488 914 517 885 231 650 414 682 272 1129 959 731 532 964 1056 575 526 614 976 686 851 559 821 183 331 724 1073 455 389 596 683 769 442 723 762 831 0 611 870 676 860 405 462 767 739 870 714 1036 1077 498 733 750 732 822 569 508 906 801 569 571 691 400 271 598 898 323 797 61 242 251 386 139 636 1085 788 275 645 619 730 837 671 695 568 691 722 613 550 628 1137 938 660 309 892 524 612 209 893 215 484 208 883 1019 626 226 714 905 735 694 206 71 611 506 477 838 424 341 460 715 713 579 761 417 1115 550 106 634 983 805 665 264 299 357 136 1103 435 413 852 448 833 877 709 556 916 407 984 600 667 347 717 331 844 599 764 227 433 241 559 625 663 118 341 961 458 135 527 768 835 680 596 453 876 356 424 676 684 550 1036 501 906 769 589 327 937 154 585 457 439 134 253 503 407 420 632 930 457 725
452 705 239 405 470 180 339 612 747 201 677 341 613 492 369 618 380 541 347 390 408 447 676 331 360 211 523 302 646 574 161 247 366 508 190 727 822 345 223 611 0 490 130 545 528 742 231 139 280 141 472 543 432 243 524 760 408 699 438 365 222 506 713 456 250 382 197 357 317 276 596 579 699 424 472 97 583 393 458 63 314 373 390 249 123 162 370 785 316 81 120 636 327 152 629 287 657 53 579 453 400 381 413 296 488 290 722 256 294 374 698 531 595 95 244 349 229 327 536 307 120 415 553 169 670 632 363 568 819 449 196 97 464 353 308 476 596 462 579 339 444 255 278 214 696 305 249 434 75 264 639 862 555 411 24 554 385 633 521 178 493 353 664 300 373 170 477 704 164 538 178 288 735 432 450 341 380 201 259 539 530 411 291 269 284 434 613 783 154 531 718 501 444 356 301 53 513 536 272
850 1013 263 392 94 407 726 729 552 600 436 641 314 142 144 502 372 262 835 351 266 247 432 747 846 459 878 566 359 252 580 523 855 251 596 696 591 815 533 870 490 0 597 89 532 698 286 415 616 580 344 306 905 250 191 499 870 560 913 750 349 368 576 203 503 762 326 259 565 708 824 694 1057 867 760 580 263 863 602 537 254 144 116 732 382 372 179 541 260 557 607 304 492 338 689 571 551 543 944 895 726 390 674 365 267 256 1060 234 536 139 452 687 816 584 722 393 522 446 958 773 412 160 397 566 651 269 848 885 660 259 445 397 613 742 525 752 284 466 566 212 446 342 592 682 568 530 493 291 423 749 672 651 611 864 513 209 706 600 656 369 301 207 969 551 381 495 770 601 529 106 312 283 696 875 530 796 194 676 746 224 450 827 206 759 614 189 949 651 555 506 1003 889 393 462 752 535 70 493 744
470 747 360 533 563 308 222 712 876 266 807 420 670 576 488 745 407 603 276 519 537 509 806 206 295 211 557 399 775 640 227 352 288 637 94 845 951 220 178 676 130 597 0 660 649 860 318 192 195 43 510 595 386 347 650 890 281 826 390 247 279 636 839 583 359 420 326 420 416 149 672 682 720 413 538 42 648 268 564 67 442 493 489 137 215 292 494 915 444 135 49 698 309 267 738 228 783 85 604 323 461 509 496 330 546 417 751 367 254 492 828 629 672 66 214 476 191 449 532 284 188 538 683 94 788 702 301 616 946 508 208 202 568 389 416 546 658 586 699 420 569 306 206 86 822 268 361 484 204 155 752 990 668 281 118 680 450 754 623 308 623 479 709 402 398 279 541 828 120 655 290 417 852 302 567 327 506 79 203 608 657 283 392 194 362 510 650 908 236 654 768 520 572 477 298 76 610 660 147
869 1009 307 372 181 436 802 699 479 630 362 650 386 225 177 446 461 342 884 334 246 336 357 821 892 538 887 576 282 326 616 539 905 198 667 643 512 880 611 860 545 89 660 0 496 643 359 486 695 647 432 388 944 315 128 419 937 496 953 827 427 323 511 169 518 780 363 347 572 779 810 667 1062 896 760 639 336 928 586 597 269 173 198 792 446 410 191 462 273 605 664 370 578 394 652 652 493 599 954 966 735 375 674 450 354 279 1061 292 619 172 376 668 802 640 766 386 600 445 979 811 479 155 344 638 602 330 893 886 588 347 523 458 598 763 530 750 356 437 524 297 419 423 672 746 506 614 508 380 473 808 631 573 578 933 567 136 715 552 634 403 255 218 965 559 469 524 771 541 602 28 370 300 642 946 509 831 196 738 794 302 406 901 277 810 631 278 952 583 589 467 995 905 364 455 786 593 145 452 807
536 562 416 156 602 351 867 206 275 430 279 324 833 653 420 137 755 768 717 196 269 710 282 855 713 688 503 284 318 772 451 308 742 301 718 203 356 830 732 405 528 532 649 496 0 215 553 596 802 668 793 801 709 499 372 340 898 201 720 893 616 176 211 331 294 461 386 656 267 798 346 177 645 615 357 607 784 872 152 588 329 416 543 723 537 389 372 340 322 520 617 830 791 474 157 795 152 564 563 957 381 172 290 691 747 351 628 467 788 422 294 198 336 589 599 194 732 201 646 601 574 375 176 696 146 799 708 467 310 720 668 519 160 463 245 340 804 76 51 597 98 639 795 721 193 793 291 734 470 730 142 373 83 909 532 378 366 105 164 372 242 351 522 272 757 371 368 186 682 468 479 324 209 936 90 592 350 700 645 738 98 931 514 681 354 657 535 266 430 33 535 551 140 171 558 575 601 52 766
674 605 625 364 779 567 1080 234 229 627 317 497 1011 831 609 196 962 951 901 399 454 903 322 1066 894 903 613 477 392 949 653 512 926 448 933 20 282 1032 948 462 742 698 860 643 215 0 763 812 1018 882 990 988 873 707 514 326 1100 163 884 1106 828 332 154 497 501 615 600 857 459 1009 403 237 712 769 478 818 960 1072 314 801 532 604 731 926 753 605 561 299 525 729 826 1003 1005 688 160 1011 150 776 661 1161 529 383 440 901 937 556 681 674 1003 610 317 297 392 799 790 408 948 416 772 780 790 553 300 911 72 967 888 555 176 913 883 735 315 625 447 459 980 289 165 797 310 850 1011 930 150 1008 499 931 686 931 127 261 198 1113 745 509 519 112 277 588 397 545 575 469 964 581 487 109 898 615 692 532 9 1141 293 764 538 908 837 917 256 1141 717 875 540 847 614 130 635 221 565 675 337 386 735 788 769 224 971
662 886 137 399 245 250 443 701 696 399 599 499 387 261 209 594 206 313 576 364 329 222 596 462 590 182 718 435 544 344 366 378 593 400 310 753 758 531 253 767 231 286 318 359 553 763 0 129 337 296 269 322 663 59 386 679 585 671 670 468 74 455 687 336 366 583 176 134 444 422 737 665 899 650 634 308 353 579 547 264 234 216 172 455 109 198 239 713 240 310 336 406 251 108 692 300 642 278 780 609 576 380 558 138 264 207 915 94 273 212 620 633 732 317 476 360 243 378 757 537 129 275 502 280 697 400 593 748 790 226 165 134 556 556 415 632 367 477 601 107 455 88 316 399 674 272 360 219 187 473 690 810 609 577 255 415 558 651 611 209 413 240 842 425 205 315 642 694 243 361 86 230 757 589 504 569 260 396 489 308 513 542 82 495 453 202 803 764 348 541 889 709 426 407 527 266 292 538 461
591 841 215 453 373 251 321 713 779 337 691 466 484 383 325 662 241 414 461 426 415 320 689 335 477 91 661 416 645 450 298 358 476 501 181 800 847 402 143 739 139 415 192 486 596 812 129 0 224 167 335 411 559 171 498 774 455 743 565 347 89 533 758 440 354 521 214 230 429 293 719 678 838 561 600 190 459 449 557 148 314 330 302 329 59 207 344 805 319 219 218 510 203 128 718 202 707 171 718 480 533 431 535 156 358 286 860 200 191 328 713 637 716 204 373 404 139 401 675 440 24 385 581 152 743 511 482 703 863 320 72 79 564 491 410 603 470 523 647 228 503 119 209 270 743 197 350 300 140 348 723 894 639 448 160 529 516 700 621 224 502 336 798 411 234 282 607 757 116 485 135 298 806 460 531 477 361 270 379 417 576 416 209 379 412 317 750 832 288 592 851 640 487 432 438 154 420 593 332
663 943 440 668 555 450 113 891 1001 457 916 609 591 550 545 880 313 536 431 644 639 451 914 150 452 156 752 579 870 579 417 526 434 726 101 1004 1070 277 84 870 280 616 195 695 802 1018 337 224 0 156 416 514 552 389 720 998 302 961 554 135 267 755 976 664 530 615 433 379 595 144 864 859 912 598 732 234 583 313 738 229 539 551 500 267 281 417 567 1029 543 322 245 625 173 350 909 60 923 261 798 299 655 645 684 266 477 511 945 421 104 548 937 810 863 259 401 615 94 602 717 470 241 608 803 111 947 641 460 811 1082 446 172 290 744 585 588 739 588 732 853 407 713 275 29 197 960 119 529 413 332 285 919 1116 834 284 283 750 644 907 800 434 727 561 905 579 302 449 735 972 119 698 360 521 1011 283 728 514 585 217 379 554 793 218 419 356 551 475 845 1049 421 802 963 713 704 632 490 243 606 805 233
513 789 355 545 540 321 198 741 887 301 813 454 636 550 478 759 369 570 315 529 540 477 812 192 334 173 599 428 777 609 261 378 326 637 55 867 961 234 135 714 141 580 43 647 668 882 296 167 156 0 473 560 427 331 645 896 290 840 431 224 250 644 854 581 384 461 327 390 445 139 708 710 763 456 576 77 616 282 591 80 442 483 469 167 200 299 489 923 445 167 92 665 267 260 764 185 798 109 646 323 499 522 530 294 512 416 793 355 211 482 835 659 708 103 257 490 148 467 575 328 168 532 691 50 810 671 341 656 960 476 171 193 596 430 442 583 625 603 719 394 585 274 165 103 837 225 385 450 209 186 776 1002 692 286 136 675 488 774 652 315 627 476 750 430 359 303 579 845 79 644 279 419 874 302 589 370 502 105 245 578 671 273 374 233 396 481 691 924 267 672 808 562 584 497 341 93 588 677 164
