334
0 1076 662 740 352 600 94 170 827 568 214 468 199 933 662 222 467 609 170 135 199 792 515 608 119 475 409 515 270 521 445 623 338 145 636 249 488 736 584 346 750 475 129 778 742 785 994 1007 331 244 831 1088 1021 175 207 633 715 309 163 592 616 830 783 364 831 328 160 466 281 465 793 277 177 773 473 589 489 521 912 135 616 530 242 582 426 611 736 314 131 339 711 315 451 256 993 214 966 913 772 226 652 804 206 382 380 890 314 329 50 536 64 362 289 789 365 727 543 186 729 871 1018 503 458 216 239 958 312 148 118 446 898 842 257 669 97 523 316 482 793 525 172 199 394 95 883 131 96 253 319 632 780 239 292 289 1024 346 515 677 688 418 408 590 822 735 460 225 467 876 502 758 466 447 252 264 793 852 217 676 789 433 628 299 295 634 433 302 452 477 875 774 281 832 34 480 758 545 417 390 314 670 238 650 426 647 718 474 426 777 375 299 619 498 609 61 70 707 215 460 759 351 139 55 828 564 808 850 537 867 105 791 708 544 196 942 231 370 967 652 579 197 872 597 303 793 339 88 252 786 866 616 588 189 516 1010 1000 246 302 855 549 924 622 605 605 328 256 559 407 598 571 942 444 635 610 696 514 693 325 573 594 165 909 478 166 198 577 471 161 697 789 358 831 70 676 799 616 763 553 548 241 594 785 693 623 432 104 479 749 328 781 312 154 663 819 784 104 238 233 98 269 236 679 645 736 884 773 192 758 780 121 444 227 454 344 532
1076 0 895 593 947 824 1170 947 438 959 976 727 928 199 429 1006 615 988 1055 957 895 493 714 696 1153 963 667 772 806 755 716 919 878 1157 778 1097 611 353 808 875 344 807 1180 397 335 402 88 76 839 1076 589 13 135 1134 1267 585 636 1050 920 486 877 402 295 901 245 777 1205 615 1182 664 433 834 925 454 624 522 589 993 188 1186 494 889 1064 842 743 499 360 1059 1199 916 936 898 716 1031 118 1244 120 205 427 1143 734 498 914 908 1010 260 948 937 1035 546 1110 935 814 831 1100 832 727 1262 415 269 75 1016 715 948 944 134 958 1019 1192 929 188 263 845 612 985 704 855 960 436 992 904 988 705 1052 193 959 1080 994 776 509 308 972 877 787 55 732 1001 922 683 1060 692 517 606 841 709 870 979 201 664 331 689 909 832 1307 306 229 1115 536 761 687 718 1150 876 822 754 998 874 702 307 529 1162 503 1110 977 647 864 764 1021 764 450 1122 606 760 497 952 862 784 302 902 982 628 947 958 1134 1136 607 1263 827 907 950 1188 1084 413 690 676 471 655 350 1139 286 430 972 1205 154 847 743 114 965 654 1119 907 484 1032 524 1053 1002 982 289 274 460 869 927 826 83 134 879 773 293 570 239 461 497 493 794 1007 593 724 481 667 231 850 795 805 406 1005 410 808 667 527 1082 298 933 915 1075 576 848 1202 660 884 796 391 1035 490 436 486 625 563 985 1220 537 748 430 545 867 1116 623 383 1028 623 1087 1206 724 870 295 1101 974 1238 1108 811 1114 759 444 793 198 322 922 320 304 957 695 1220 769 813 597
662 895 0 304 874 95 706 695 947 1060 448 297 706 877 698 445 497 113 509 548 507 406 844 215 634 988 543 893 566 885 338 47 807 807 120 877 449 726 119 325 590 882 787 858 689 871 811 821 363 459 1054 901 774 562 848 328 981 389 547 564 48 496 716 850 718 667 817 614 934 385 908 446 512 440 452 456 524 178 710 667 473 988 453 96 331 471 741 391 774 840 1160 352 332 848 884 872 779 690 878 876 992 404 476 281 937 634 348 333 616 517 727 300 663 1163 972 92 224 797 494 858 880 1039 323 448 767 846 351 516 750 943 720 642 664 919 645 266 370 992 910 1044 569 768 658 727 741 657 744 414 645 428 744 791 388 565 841 589 188 1126 211 995 661 466 1057 1126 773 492 991 733 777 735 757 215 509 910 772 697 858 367 1123 400 959 939 384 1033 310 370 911 316 589 370 928 999 679 203 261 985 320 951 523 487 879 297 312 784 75 922 290 718 288 368 285 997 1091 681 667 288 865 223 1181 876 797 621 485 248 1088 994 811 549 767 707 794 1048 859 843 537 415 834 1129 278 844 1265 546 888 977 366 666 811 695 856 612 1024 490 166 875 906 447 565 860 720 658 662 704 696 413 414 770 382 630 269 669 229 104 1002 537 1042 738 715 865 736 528 928 972 626 825 382 909 819 234 1192 743 505 689 816 916 707 1017 432 1059 904 423 1113 497 384 236 606 675 801 906 1033 923 809 995 1206 655 593 792 895 757 521 874 136 539 127 719 757 690 647 637 621 370 890 828 746 400
740 593 304 0 826 248 813 699 713 967 554 271 698 597 478 570 368 406 636 605 544 101 713 146 761 916 441 773 536 760 297 334 749 871 195 892 316 481 240 415 318 778 869 622 434 636 511 520 412 619 844 599 469 709 947 122 798 566 584 361 294 191 452 790 439 598 900 476 966 294 677 465 563 140 329 255 378 432 412 797 255 889 609 270 314 255 499 572 870 789 1034 447 290 843 592 952 480 390 648 910 838 101 534 414 897 332 478 463 690 344 798 444 613 1002 958 240 207 913 217 592 584 973 282 537 748 556 487 619 851 870 425 349 628 739 683 218 428 917 680 967 590 769 557 770 452 679 795 544 581 201 486 778 454 524 541 514 441 1004 95 958 554 264 852 978 653 519 924 445 638 484 632 383 509 1004 515 410 887 113 950 327 807 956 451 899 307 523 825 263 285 65 954 775 767 430 62 877 323 912 479 238 903 92 314 584 359 829 319 456 413 512 121 916 990 781 773 33 956 316 1040 829 879 718 180 178 897 763 664 245 837 439 572 964 926 556 537 382 541 1021 161 878 1105 340 871 762 556 706 797 427 591 401 909 551 284 579 616 494 517 599 552 355 454 509 501 415 553 605 340 429 169 365 339 211 870 280 971 511 649 713 551 661 664 893 636 846 204 814 899 72 1041 665 202 737 611 685 508 824 259 976 962 222 938 237 169 358 726 534 565 882 837 919 895 837 1048 381 710 779 964 816 505 896 167 307 201 427 503 684 380 362 653 306 953 721 676 250
352 947 874 826 0 789 420 204 587 216 487 596 181 764 523 514 462 859 492 370 381 837 245 737 471 125 387 208 309 221 557 848 79 309 804 180 511 595 767 559 690 163 358 572 625 574 880 893 513 567 538 960 936 524 425 704 420 615 350 530 825 837 659 45 718 228 365 376 256 537 564 429 389 797 497 593 461 783 826 481 609 180 560 780 554 605 587 622 395 37 358 540 564 119 840 375 860 838 553 239 333 851 421 615 71 838 570 578 359 506 326 610 216 444 154 910 684 461 719 693 876 167 574 468 121 814 574 451 408 93 803 774 210 394 285 647 509 132 562 180 319 153 279 260 773 253 274 536 245 650 640 113 497 313 904 312 780 324 813 132 287 588 526 389 237 388 122 767 282 617 258 679 365 435 640 756 216 727 456 508 318 214 500 292 572 585 112 589 844 833 233 567 374 740 868 199 560 85 359 658 210 736 569 452 944 134 587 651 605 574 713 146 257 401 417 798 405 651 407 3 360 404 839 686 493 594 297 855 323 674 521 194 331 794 338 468 832 300 681 231 521 546 94 527 643 277 101 675 688 526 239 412 708 867 838 438 316 672 378 869 500 453 458 462 547 354 509 494 680 887 647 810 274 658 173 536 177 304 419 499 705 125 263 192 624 138 360 813 439 167 833 282 467 567 464 466 574 201 321 617 455 676 666 644 456 339 568 83 483 145 374 346 470 695 452 114 350 295 353 203 837 601 904 786 624 196 667 700 290 534 330 181 154 576
600 824 95 248 789 0 654 616 854 970 389 203 625 793 606 392 402 164 459 478 431 347 750 129 587 900 449 800 480 791 245 98 719 744 54 803 354 636 24 255 507 790 728 766 600 779 738 749 284 421 959 831 708 521 795 245 886 355 472 471 56 433 630 763 635 577 759 519 864 290 815 364 439 373 357 365 429 185 637 622 383 897 412 24 240 380 651 359 719 754 1067 285 238 770 805 814 706 618 785 806 898 348 405 222 853 565 293 277 552 422 664 247 576 1068 893 126 129 748 415 771 804 952 229 384 685 767 298 458 696 855 644 565 578 824 572 171 294 903 817 956 492 690 565 657 661 581 677 362 556 341 656 711 314 477 770 498 195 1033 154 912 568 375 962 1032 679 414 903 654 682 646 663 166 426 856 683 618 787 289 1028 306 865 866 310 939 219 325 821 221 522 312 857 905 620 190 221 893 230 868 433 401 807 218 221 689 170 831 202 631 227 319 200 908 1001 626 613 224 810 143 1087 791 738 564 423 155 993 901 717 486 705 621 701 959 797 762 455 325 756 1038 188 773 1171 454 807 882 338 594 731 610 769 519 932 420 84 798 826 371 476 772 625 592 569 610 602 327 365 675 289 536 177 605 156 43 909 451 954 645 626 770 641 481 840 884 548 752 290 818 760 176 1097 653 441 620 722 823 613 922 338 970 840 333 1018 413 297 168 556 580 709 824 938 846 751 901 1112 572 542 712 834 691 436 801 96 449 137 641 668 610 562 555 547 276 827 736 657 306
94 1170 706 813 420 654 0 258 920 630 265 542 286 1028 756 261 558 639 196 218 284 871 603 676 80 537 502 598 364 605 523 664 418 143 694 284 577 831 640 406 841 556 97 873 837 879 1087 1100 401 256 919 1182 1112 160 141 711 802 328 252 684 662 914 877 439 924 421 121 561 288 549 887 359 257 856 561 677 582 551 1004 67 704 601 259 634 501 699 831 330 71 413 776 374 528 311 1087 173 1058 1004 866 242 734 882 281 431 435 979 360 376 135 627 94 407 382 864 402 777 611 99 816 966 1112 557 535 277 317 1052 356 197 44 514 991 933 350 758 191 595 385 545 886 583 265 271 488 162 977 224 146 292 413 718 875 310 359 383 1117 441 543 743 754 465 502 679 910 809 550 310 527 969 594 852 558 492 341 204 887 945 244 756 868 517 712 319 362 709 506 336 527 553 963 851 296 924 60 512 827 618 490 443 406 759 264 725 499 742 755 549 495 871 426 337 694 561 671 35 40 780 160 519 828 419 105 95 911 635 892 942 628 953 108 885 803 604 175 1036 323 454 1061 715 653 223 942 689 356 884 357 180 319 880 961 710 660 265 572 1104 1095 322 397 950 643 1013 717 700 699 408 292 652 489 692 644 1032 500 691 688 786 570 788 416 662 689 179 1004 544 261 241 660 548 125 766 860 447 916 154 770 892 711 850 640 607 224 680 866 781 706 485 100 573 844 381 868 351 110 746 891 877 112 309 204 128 360 265 738 736 791 977 868 282 850 872 216 525 206 540 432 617
170 947 695 699 204 616 258 0 665 419 284 442 29 790 522 310 368 668 289 166 188 731 345 587 287 330 296 345 166 350 407 664 171 209 640 192 404 597 596 371 641 307 236 623 612 628 870 883 332 363 661 960 907 327 322 580 545 411 151 476 646 752 651 203 704 173 259 332 267 406 633 252 190 702 388 502 381 587 796 305 525 371 356 604 396 520 595 418 262 181 555 348 414 153 855 296 844 801 613 214 482 744 224 424 252 788 372 382 161 430 173 415 134 623 277 742 528 330 640 724 884 369 424 267 82 823 375 246 263 294 779 732 102 500 84 496 324 336 632 384 126 73 244 107 758 49 134 333 171 553 643 99 308 181 898 220 584 521 667 305 258 500 653 570 293 202 326 751 337 620 301 490 194 360 652 732 189 615 620 372 458 257 312 468 411 383 290 441 781 719 254 666 200 544 731 383 396 265 223 579 204 606 406 491 761 311 418 644 414 373 579 349 459 229 241 668 315 474 600 204 243 212 752 538 637 685 370 781 194 661 556 398 258 805 165 318 835 502 542 184 710 486 193 626 439 82 118 659 719 490 426 213 532 876 860 248 191 707 395 821 486 459 460 295 344 398 361 466 537 839 465 643 443 594 377 548 159 404 442 298 756 327 68 148 510 306 256 671 627 189 751 103 518 638 470 593 472 405 279 516 616 600 556 459 265 329 599 213 611 229 261 493 655 664 258 99 293 163 194 197 678 539 742 764 633 25 637 664 86 393 276 284 174 461
827 438 947 713 587 854 920 665 0 542 814 675 638 239 248 849 479 1002 874 745 700 650 343 734 932 566 478 384 581 368 643 950 538 861 830 761 514 232 832 772 404 427 898 91 281 77 410 417 720 923 157 450 496 943 979 629 204 927 706 383 910 586 274 544 316 499 916 395 842 584 40 672 728 595 516 490 447 968 420 958 476 482 912 862 663 478 214 937 927 566 501 781 647 695 320 941 408 447 69 817 308 663 734 825 637 487 832 828 800 437 839 842 538 393 731 924 727 995 500 178 363 612 652 784 628 313 842 829 929 542 391 423 569 198 730 687 731 561 38 583 678 678 437 770 346 696 796 850 510 526 236 650 742 564 419 502 972 489 769 676 424 480 172 404 374 682 584 346 328 232 363 858 636 1005 210 365 790 606 323 586 300 802 743 395 683 877 490 650 525 672 820 71 860 936 776 454 684 645 567 477 791 666 686 189 1020 473 715 268 816 860 668 545 534 889 897 706 967 783 468 591 903 855 596 699 240 49 299 564 856 292 154 560 898 294 636 613 341 535 668 800 474 400 681 86 942 740 654 303 174 335 450 741 813 356 305 714 552 155 286 500 287 258 264 654 865 268 620 320 678 512 798 845 384 433 599 209 506 283 246 896 142 537 662 756 565 462 911 753 446 479 576 767 155 32 252 187 516 572 899 525 310 476 569 809 901 358 148 670 185 732 920 297 433 351 889 652 925 824 610 783 835 413 894 375 216 640 341 370 709 610 905 409 495 549
568 959 1060 967 216 970 630 419 542 0 699 769 395 761 574 728 600 1057 708 583 587 958 267 900 686 92 533 202 496 218 728 1038 260 505 977 359 653 633 946 757 769 189 557 562 676 558 908 918 707 783 439 972 978 740 611 846 340 828 559 629 1011 939 701 219 760 392 558 491 408 696 533 624 598 911 642 716 589 985 875 693 725 79 776 963 730 723 620 836 595 238 148 742 735 318 843 554 894 894 533 417 234 973 628 815 196 908 776 783 575 625 536 814 398 265 264 1085 854 657 821 690 884 91 745 678 337 825 781 666 612 125 849 839 404 348 501 814 705 85 530 56 528 369 413 474 811 469 484 748 414 774 672 330 697 495 926 473 983 118 970 190 414 709 423 210 315 590 103 807 339 652 337 877 560 606 663 806 401 859 302 671 242 361 700 151 750 796 148 756 925 961 387 498 587 942 1016 97 740 191 537 765 387 882 748 473 1132 139 770 692 805 784 864 70 41 614 630 943 587 839 205 217 557 620 944 849 368 530 326 945 526 719 534 28 514 804 536 644 849 84 838 420 320 648 276 462 856 493 315 723 685 608 91 622 893 876 834 640 494 666 440 935 567 509 517 649 759 395 681 574 839 951 838 985 158 752 74 571 345 297 466 716 680 92 473 391 763 153 552 966 243 317 933 498 472 532 517 372 708 34 489 746 306 780 799 837 672 436 579 251 384 298 568 246 278 755 669 330 522 502 543 383 1005 699 1073 831 652 409 730 765 505 700 503 246 313 719
214 976 448 554 487 389 265 284 814 699 0 287 305 864 601 35 366 398 83 117 122 620 563 413 207 612 339 587 242 586 276 409 440 359 428 442 364 667 375 141 633 558 339 746 659 756 889 902 147 109 857 987 899 161 405 460 752 130 139 497 402 673 699 479 736 350 370 419 490 317 776 146 102 612 352 457 397 312 797 243 486 643 98 370 252 481 673 139 330 460 827 108 280 427 910 424 858 791 749 432 717 630 81 168 536 758 100 114 169 433 278 148 323 876 549 514 348 363 588 813 928 653 285 30 366 873 99 69 307 573 789 722 305 696 213 336 129 618 776 667 172 350 389 285 784 236 299 49 331 486 707 382 104 255 921 315 307 792 490 587 400 461 853 827 493 133 609 776 522 687 489 232 179 467 725 746 418 509 859 290 687 500 106 724 251 99 560 303 734 597 486 837 231 270 563 650 236 549 246 537 439 470 244 625 504 577 234 695 162 90 437 629 737 236 225 521 420 253 865 487 349 174 669 375 856 847 562 717 319 702 672 680 410 860 186 232 876 780 397 401 970 494 471 802 157 230 401 695 809 534 693 80 307 920 923 101 266 802 528 791 558 562 558 181 61 557 255 527 386 809 234 426 696 573 660 639 378 610 567 110 864 606 225 389 422 570 371 502 888 414 677 247 658 782 571 798 417 688 455 451 852 558 466 220 172 457 704 493 817 496 362 725 913 680 157 383 447 309 205 435 472 532 526 778 706 290 657 672 198 288 441 518 408 387
468 727 297 271 596 203 542 442 675 769 287 0 445 653 429 308 204 329 370 333 274 333 546 145 493 702 245 596 289 587 41 286 524 602 208 634 161 474 179 156 384 588 597 590 448 603 639 651 141 367 767 737 633 447 675 173 688 327 315 296 252 389 484 567 504 378 629 317 704 91 635 196 292 327 161 210 233 294 540 529 237 695 355 202 45 232 486 336 598 560 863 186 34 592 682 681 606 529 605 647 695 342 262 180 664 488 228 215 418 238 527 208 380 865 712 315 87 642 317 618 691 756 25 267 501 643 237 350 579 657 538 464 387 625 416 55 158 705 637 758 325 514 361 503 543 415 527 286 357 218 502 529 184 283 671 296 298 830 225 724 364 218 769 829 475 250 707 535 479 488 459 190 247 732 527 502 625 223 827 102 662 698 181 736 35 278 621 26 458 310 693 719 495 266 292 690 52 678 237 277 643 183 43 499 372 630 58 482 175 263 151 709 799 509 502 238 684 109 883 599 607 446 384 97 795 719 514 436 567 480 521 759 656 634 276 128 639 836 111 614 968 284 626 694 327 438 549 470 615 344 729 279 141 684 699 222 280 614 427 520 388 421 414 147 297 475 88 354 102 537 128 216 705 322 757 470 427 568 448 397 682 685 375 586 151 617 628 231 894 452 394 468 533 643 426 726 172 771 694 190 817 296 187 143 457 378 537 640 742 669 623 698 909 443 441 530 695 547 250 636 240 298 307 530 510 430 425 429 387 72 684 532 458 135
199 928 706 698 181 625 286 29 638 395 305 445 0 768 501 333 358 683 315 188 202 726 316 591 316 306 285 316 162 321 409 677 143 230 647 194 397 577 605 384 627 278 261 598 593 603 851 864 343 388 633 941 891 356 345 578 516 434 169 461 657 743 632 177 685 151 282 314 274 404 607 261 208 695 381 493 369 604 780 334 515 345 381 614 400 510 574 441 288 156 529 363 416 147 834 316 826 786 588 224 453 739 241 439 234 774 390 399 190 418 200 431 113 595 268 750 532 356 630 702 864 348 426 287 62 802 393 271 290 269 762 717 83 471 112 499 336 313 606 362 140 71 223 132 740 76 158 355 152 546 622 85 321 175 879 206 601 494 670 289 236 490 624 542 265 214 303 733 310 599 275 504 200 380 630 715 197 610 591 371 429 258 325 440 416 404 263 443 769 716 259 638 229 561 732 356 402 247 219 568 210 605 412 467 773 283 425 625 429 393 578 324 434 258 270 667 337 484 572 182 267 241 743 540 608 658 342 771 219 643 532 375 276 784 171 320 815 477 542 195 682 472 181 599 461 111 105 641 696 473 399 232 542 855 838 262 184 683 372 807 466 437 438 301 366 372 362 448 539 826 477 651 415 581 355 526 132 375 418 325 731 302 82 155 505 278 278 673 599 161 742 131 492 611 448 564 465 382 294 509 587 589 551 471 293 307 575 199 582 223 285 464 627 648 287 86 310 186 195 202 683 526 748 746 612 16 620 648 110 393 292 255 146 456
933 199 877 597 764 793 1028 790 239 761 864 653 768 0 271 898 498 954 938 826 768 512 526 664 1022 771 533 581 665 563 632 891 701 998 756 924 510 198 773 785 286 618 1026 199 207 203 175 181 741 971 393 213 265 1014 1112 549 436 956 787 369 849 429 169 719 159 617 1049 466 1009 575 233 718 798 460 519 443 467 941 215 1053 418 694 959 807 657 422 196 966 1049 736 736 803 634 857 81 1084 180 245 228 974 535 522 793 827 824 299 855 846 896 434 959 851 656 632 917 832 678 1115 384 72 124 822 636 835 775 76 865 897 1046 739 190 253 687 413 838 645 756 767 237 797 766 822 545 897 151 809 924 890 620 453 157 802 773 646 180 586 947 722 674 872 531 435 410 642 529 745 788 156 483 178 511 843 703 1148 140 189 946 509 562 589 520 974 773 622 673 904 684 627 346 542 988 307 967 918 658 668 680 834 632 391 951 579 678 312 943 671 706 171 820 887 593 754 759 994 998 600 1105 761 707 768 1034 948 440 642 479 276 468 391 984 173 243 776 1043 59 713 636 105 765 607 952 712 376 854 325 965 853 810 184 77 330 672 805 775 117 74 763 632 95 397 300 312 330 330 686 904 411 627 340 620 306 781 772 606 341 810 241 641 475 352 963 104 741 767 907 512 657 1046 653 686 624 417 884 299 236 319 425 480 789 1053 469 550 379 496 797 987 460 197 847 425 908 1051 525 672 221 973 803 1074 953 679 943 748 354 796 180 160 764 232 239 812 604 1055 584 641 517
662 429 698 478 523 606 756 522 248 574 601 429 501 271 0 636 243 754 672 555 500 430 309 486 751 558 264 373 394 356 399 701 451 731 582 668 269 75 583 539 201 399 757 161 103 174 357 370 489 710 366 442 413 746 843 383 327 703 516 135 661 385 136 477 195 350 781 195 753 340 209 455 529 375 274 242 210 723 305 782 230 497 698 614 421 231 74 713 779 491 598 552 402 602 333 817 336 321 179 714 388 444 527 588 589 334 604 598 625 191 689 608 387 538 677 677 478 844 278 212 363 615 407 571 515 301 614 630 775 519 281 264 419 272 567 438 502 556 211 596 495 559 278 628 249 538 656 631 351 282 121 543 517 375 383 315 727 573 525 643 264 232 374 523 287 478 572 244 246 98 265 616 434 881 130 235 686 366 480 345 361 722 518 465 440 651 464 403 354 446 733 302 696 693 539 476 443 601 362 240 693 421 444 113 771 456 473 128 579 634 421 547 584 722 726 466 837 538 590 527 765 677 392 450 420 295 248 380 715 151 96 581 777 283 442 382 315 604 420 690 638 152 606 285 715 582 553 153 208 86 495 537 566 354 339 500 361 200 144 360 43 69 65 428 646 180 382 77 429 377 555 597 440 205 606 40 379 279 109 696 263 529 496 646 317 441 778 510 583 367 376 614 134 217 59 348 267 595 791 277 467 245 324 567 716 194 108 603 359 660 783 383 584 180 703 544 810 684 409 685 589 171 650 263 111 496 155 191 540 367 792 353 385 301
222 1006 445 570 514 392 261 310 849 728 35 308 333 898 636 0 399 386 67 144 156 640 598 427 195 640 374 620 277 620 301 404 470 367 435 460 395 701 380 155 663 591 342 781 692 791 919 932 171 74 893 1017 927 139 403 482 787 100 171 529 401 697 732 508 768 385 372 454 502 345 811 180 134 635 383 486 430 299 826 230 515 673 62 372 276 510 707 108 329 489 858 123 304 449 943 427 888 820 784 445 751 649 117 170 561 785 99 115 182 465 286 145 357 909 569 516 363 356 615 847 960 680 308 65 393 905 94 74 305 602 819 751 337 731 235 355 154 646 811 695 204 373 424 301 815 261 312 31 365 513 740 408 130 291 951 351 293 823 502 610 436 490 889 860 528 169 636 807 557 720 524 230 214 465 759 777 433 531 893 319 721 516 132 757 273 80 591 326 760 616 500 873 234 258 576 681 258 573 282 565 454 488 265 660 497 608 253 728 166 77 456 657 766 235 222 537 420 262 897 514 352 176 692 392 891 883 597 742 326 734 707 708 416 892 221 264 908 809 416 415 1003 526 494 838 128 250 426 727 843 567 724 114 312 952 956 136 302 836 564 819 592 597 593 213 35 593 283 561 405 836 242 431 729 602 687 674 411 645 603 91 899 635 254 406 448 601 374 516 920 447 700 264 694 818 606 833 445 715 462 478 886 586 490 226 163 493 739 517 852 516 363 759 945 711 149 408 451 319 240 451 480 562 530 808 740 318 688 702 224 315 447 551 441 414
467 615 497 368 462 402 558 368 479 600 366 204 358 498 243 399 0 533 442 342 280 375 356 307 537 547 76 412 205 401 166 490 383 568 394 551 53 303 378 295 282 412 582 399 293 411 531 544 246 472 563 627 553 520 668 246 484 461 307 131 454 385 333 424 372 235 610 118 632 113 439 221 309 339 45 135 32 490 445 571 156 523 460 404 184 152 310 470 596 424 678 308 172 495 544 655 501 445 410 582 497 389 299 346 533 424 361 354 423 69 509 365 256 667 601 500 274 654 272 450 564 605 179 337 398 507 370 404 585 502 433 374 278 422 383 232 260 549 441 599 295 428 189 461 422 364 489 392 220 190 341 429 275 188 562 155 494 646 372 594 186 132 565 634 289 254 556 414 284 321 271 379 217 716 361 388 555 265 625 107 464 614 276 546 205 409 457 182 414 371 617 519 500 457 415 513 205 548 153 210 569 281 208 298 572 461 237 329 337 391 264 548 626 523 523 342 668 307 692 465 591 469 385 259 591 521 316 413 543 336 327 596 621 494 236 139 512 658 241 552 770 131 516 491 472 403 446 330 446 168 548 311 345 556 557 266 176 441 223 458 199 221 215 187 406 272 140 166 245 476 320 406 516 229 602 283 285 369 245 468 506 525 318 514 164 447 608 366 699 298 383 437 332 447 227 522 112 608 647 155 615 232 203 330 500 179 350 524 538 567 609 499 712 320 486 430 658 515 198 561 415 177 483 420 341 347 295 314 353 133 642 355 309 118
609 988 113 406 859 164 639 668 1002 1057 398 329 683 954 754 386 533 0 445 508 480 507 861 293 563 978 565 904 560 898 366 73 798 753 212 839 490 791 181 300 670 888 727 915 758 928 903 913 349 384 1097 996 872 486 780 408 1015 312 516 619 112 595 789 841 797 669 756 643 888 421 962 432 478 536 491 519 563 88 801 593 540 990 381 147 352 536 805 311 710 827 1167 319 361 818 968 810 870 783 932 830 1014 507 443 244 917 729 299 287 566 565 673 253 658 1184 942 205 279 724 579 930 968 1027 354 405 745 930 298 460 684 935 808 730 653 953 607 316 351 983 964 1035 543 738 672 683 825 625 697 356 646 501 814 766 362 563 934 597 97 1132 311 972 677 529 1098 1144 788 471 979 818 799 803 775 179 497 842 841 782 816 453 1150 428 982 898 358 1046 330 306 909 353 686 472 885 1049 620 128 369 989 334 931 525 562 837 383 329 829 122 922 301 789 254 309 363 990 1091 618 602 386 800 228 1194 860 736 562 585 312 1123 1047 836 649 712 782 848 1042 802 925 522 427 920 1131 346 799 1285 604 860 1023 285 626 786 771 927 668 1030 455 189 962 989 421 566 929 756 756 715 751 743 410 352 802 401 681 334 768 222 195 1016 613 1031 795 713 890 778 460 997 966 601 786 446 911 759 335 1208 744 604 645 863 970 755 1054 488 1052 849 489 1141 576 458 220 539 702 860 881 1071 891 747 1019 1226 734 528 767 837 706 514 833 241 606 241 806 824 667 722 717 587 400 834 837 745 453
170 1055 509 636 492 459 196 289 874 708 83 370 315 938 672 67 442 445 0 136 174 704 603 493 128 618 407 618 294 620 360 467 457 311 502 417 445 740 447 221 714 585 282 811 735 820 969 982 230 76 907 1067 981 78 338 544 797 139 172 573 466 757 775 492 814 392 311 484 451 399 837 221 146 696 431 539 471 356 878 163 568 660 72 438 336 562 745 144 265 470 844 188 364 414 987 365 938 873 812 396 753 713 144 237 532 841 166 182 139 510 232 211 360 905 530 582 429 289 671 885 1006 653 369 108 371 950 161 46 240 583 869 803 336 744 207 419 213 625 837 671 204 344 441 258 863 239 265 97 375 570 781 381 188 310 1001 372 349 809 569 577 453 543 902 854 536 194 613 855 570 760 535 296 239 400 798 826 386 593 894 372 725 469 190 751 335 139 578 387 817 680 452 893 176 317 643 670 320 543 310 619 408 553 327 686 559 597 317 771 233 141 520 638 748 173 158 603 356 329 887 492 291 118 753 457 899 905 609 801 270 779 738 687 357 936 238 313 954 792 480 367 995 572 460 857 169 217 398 772 880 609 713 134 380 998 999 176 322 873 588 874 629 628 625 262 95 612 337 599 469 892 309 498 724 654 662 709 411 654 629 26 933 616 244 364 506 591 313 582 912 447 761 223 719 844 637 844 499 693 405 534 888 641 550 293 97 516 772 484 863 477 301 762 939 760 84 381 392 267 265 405 547 612 597 858 779 302 736 751 204 371 389 551 438 470
135 957 548 605 370 478 218 166 745 583 117 333 188 826 555 144 342 508 136 0 65 657 466 475 196 495 293 483 165 484 309 512 327 269 509 331 358 627 460 223 624 451 263 686 628 695 873 886 199 203 772 969 895 197 343 497 661 245 39 471 500 696 669 364 713 257 295 362 386 331 709 142 41 638 343 458 368 425 787 228 486 530 195 462 290 480 630 252 266 344 715 195 315 311 880 347 844 786 685 328 617 668 73 268 418 761 209 221 86 412 193 255 224 770 433 604 411 317 597 768 903 536 323 103 249 844 211 89 251 458 776 716 200 609 98 388 186 501 709 550 68 232 309 179 764 119 199 166 240 499 670 265 163 183 904 245 421 679 555 469 322 460 766 720 400 91 492 756 435 648 400 335 125 399 685 730 310 540 758 298 588 391 167 617 299 216 447 342 744 638 380 761 165 383 625 538 282 431 194 540 331 515 292 559 609 466 294 663 260 207 484 513 622 183 181 572 351 335 755 370 273 127 693 430 763 775 473 734 233 674 614 563 324 829 113 236 851 665 443 296 862 474 354 724 273 118 284 669 763 500 582 58 393 894 890 112 196 754 459 795 514 506 504 192 177 480 272 486 436 813 322 510 590 568 543 590 275 518 503 153 812 490 110 278 442 459 294 564 779 311 697 141 590 715 516 709 421 571 364 461 752 562 488 312 160 387 651 376 728 382 289 626 805 662 147 265 362 215 147 326 551 519 611 763 665 174 637 657 81 308 352 415 302 399
199 895 507 544 381 431 284 188 700 587 122 274 202 768 500 156 280 480 174 65 0 593 441 418 257 503 235 465 121 465 247 476 326 327 459 371 293 570 412 182 560 438 326 636 568 645 811 824 147 228 737 907 831 246 407 434 630 251 41 409 459 631 609 367 651 228 357 310 434 266 662 78 29 574 278 393 306 402 724 291 421 527 217 417 230 416 573 260 331 350 711 160 253 341 821 408 781 722 637 376 595 604 42 236 437 696 190 197 150 349 254 229 202 754 464 558 354 382 532 713 842 548 261 95 265 784 194 130 316 462 713 652 186 575 143 329 137 508 663 559 62 260 269 230 702 149 253 168 208 434 611 286 120 136 842 198 399 675 498 492 281 395 733 706 371 26 502 694 401 590 368 302 65 462 628 668 356 476 737 233 565 434 123 604 240 212 444 280 679 575 426 720 230 359 566 532 224 450 137 475 376 453 233 511 572 460 239 604 226 198 422 518 624 249 246 511 413 288 746 382 336 191 628 371 734 731 440 669 293 614 563 569 382 769 64 171 790 666 382 344 850 411 381 684 275 165 306 608 708 441 575 42 347 834 831 60 148 700 413 730 457 453 451 129 182 439 208 428 375 748 278 461 575 504 554 536 257 488 454 197 759 494 120 320 377 452 356 505 768 293 632 194 544 669 463 677 356 578 420 396 730 497 424 271 220 341 598 401 695 415 352 603 792 600 206 287 420 272 90 370 499 456 561 700 608 186 575 594 116 244 410 396 288 333
792 493 406 101 837 347 871 731 650 958 620 333 726 512 430 640 375 507 704 657 593 0 695 233 826 915 451 758 565 744 348 435 758 916 295 921 329 419 336 486 246 769 919 560 369 573 413 422 474 695 790 499 368 779 1000 160 757 647 631 332 395 91 380 798 357 610 949 469 999 329 617 514 616 55 345 244 376 529 317 862 232 879 684 369 370 235 437 654 923 799 1011 517 343 868 500 1000 383 292 589 945 808 14 589 494 908 234 554 539 743 334 846 524 631 966 977 338 287 971 152 515 488 973 337 600 771 465 563 682 907 870 332 259 650 700 726 286 491 916 620 964 633 797 560 811 363 717 838 617 595 186 416 801 517 551 442 529 538 983 195 969 554 250 800 947 642 567 925 357 621 418 620 471 549 1055 444 322 920 117 909 362 778 984 514 876 368 602 822 318 186 35 985 716 821 524 153 864 384 922 508 195 936 153 376 541 459 822 387 385 492 589 185 913 978 837 831 122 1007 398 1011 840 928 776 80 252 850 700 642 144 885 364 518 957 971 467 576 423 448 1005 224 914 1067 311 891 707 640 748 819 353 514 363 892 606 374 484 524 549 542 524 527 255 414 473 464 464 627 578 384 395 236 264 422 311 848 224 969 458 660 687 517 730 587 891 672 879 221 807 948 172 1009 671 102 781 565 625 469 778 263 970 1003 220 897 186 175 441 789 522 504 899 789 941 945 806 1012 305 774 803 1009 861 541 928 269 266 299 336 435 713 309 285 696 348 996 713 683 269
515 714 844 713 245 750 603 345 343 267 563 546 316 526 309 598 356 861 603 466 441 695 0 663 630 250 301 64 323 48 505 830 197 525 748 418 409 373 726 576 502 92 566 330 412 330 655 667 521 667 316 728 720 659 644 595 199 692 431 364 798 672 440 201 500 213 582 239 499 463 319 447 463 647 400 458 338 802 614 650 464 188 657 748 514 462 362 701 598 223 322 571 512 352 604 602 638 631 309 475 155 710 482 635 299 642 616 618 499 368 514 642 242 322 393 855 626 667 555 454 642 305 521 536 294 580 623 556 604 214 589 573 267 157 422 584 525 247 317 286 398 343 190 444 553 386 467 609 233 515 415 311 525 313 676 266 802 291 727 346 184 449 307 282 73 433 265 548 74 393 86 689 391 665 410 544 449 601 296 444 124 459 528 190 536 648 159 529 658 701 477 329 546 762 766 170 529 309 341 501 448 632 535 217 919 148 561 432 625 633 618 237 282 575 586 691 630 634 337 248 571 553 677 614 296 353 61 678 526 457 284 272 559 560 377 434 601 309 597 459 423 384 338 288 714 427 313 461 448 341 197 483 682 633 600 478 306 431 173 670 300 243 250 455 623 129 463 307 601 687 639 759 159 485 296 311 193 61 200 619 461 220 363 416 513 133 577 720 347 158 666 448 226 322 251 247 455 285 557 490 289 515 543 643 604 178 331 327 266 390 587 162 364 490 595 313 584 494 367 440 771 433 839 571 397 322 464 499 409 474 563 66 171 472
608 696 215 146 737 129 676 587 734 900 413 145 591 664 486 427 307 293 493 475 418 233 663 0 620 838 367 718 432 707 181 227 663 745 96 780 254 512 112 272 377 715 738 644 473 658 610 621 277 473 846 704 584 565 812 115 782 419 459 353 185 312 502 706 505 514 769 425 849 204 695 341 434 250 262 243 328 299 509 656 259 825 463 146 191 256 527 426 736 700 985 305 174 738 675 822 577 491 665 792 804 238 402 267 806 439 333 317 558 312 668 298 521 973 857 195 64 775 285 643 674 894 164 398 646 637 341 480 716 793 515 436 530 720 560 91 292 841 698 893 470 659 487 647 532 561 671 400 494 213 529 674 317 425 641 430 308 952 80 866 487 254 851 941 595 395 844 524 591 520 577 237 393 871 557 488 770 160 928 230 771 844 314 853 178 377 753 148 398 202 839 788 633 291 150 817 194 820 379 272 789 90 184 577 286 760 182 503 267 366 70 843 928 644 635 115 824 169 999 740 748 581 303 51 886 781 623 365 709 493 582 893 799 632 422 271 627 963 68 760 1076 334 770 768 410 583 694 481 641 400 853 419 141 669 696 363 421 645 522 467 452 498 490 293 408 574 229 421 62 481 193 111 823 323 894 525 564 675 533 518 713 819 521 732 169 746 769 89 1006 586 320 612 609 704 500 815 223 905 838 209 917 284 169 212 586 487 587 784 829 814 763 805 1018 443 570 675 837 690 395 782 108 324 175 512 542 576 433 425 532 202 827 658 594 196
119 1153 634 761 471 587 80 287 932 686 207 493 316 1022 751 195 537 563 128 196 257 826 630 620 0 593 489 632 358 638 479 591 457 220 630 353 548 823 575 348 817 594 178 878 824 885 1068 1081 351 179 944 1165 1087 80 217 665 829 251 234 666 592 875 865 483 908 434 202 557 366 511 897 324 228 814 534 647 563 474 981 36 675 650 182 566 455 669 825 252 151 459 830 315 483 371 1076 253 1038 978 874 317 770 836 243 366 495 950 294 310 132 606 156 339 396 908 471 709 556 162 783 963 1099 618 489 225 358 1041 289 143 124 565 970 908 366 781 207 544 334 600 897 641 257 318 495 212 959 244 204 225 421 682 866 358 308 376 1099 438 466 796 696 530 509 649 937 854 571 282 584 952 611 844 576 423 321 279 881 925 315 713 907 481 745 394 311 753 457 264 572 507 930 803 372 942 98 437 770 665 441 504 390 728 336 676 449 748 681 593 442 860 362 268 644 616 727 76 57 728 238 457 878 470 185 77 871 583 924 958 648 916 181 870 806 661 256 1025 308 419 1047 770 603 294 991 669 417 903 279 204 370 865 959 697 707 228 508 1091 1086 282 390 949 649 984 710 699 698 371 222 664 450 682 593 1002 437 626 729 759 630 785 438 687 693 106 1006 597 271 306 621 591 206 710 908 471 877 190 779 903 710 877 607 665 305 646 904 750 666 421 37 577 844 442 896 419 191 781 938 857 52 357 285 193 343 336 675 713 725 957 861 308 832 851 223 485 287 571 459 582
475 963 988 916 125 900 537 330 566 92 612 702 306 771 558 640 547 978 618 495 503 915 250 838 593 0 476 190 421 207 662 963 181 414 911 269 599 623 877 678 743 158 465 572 661 570 905 917 630 693 486 976 970 648 522 793 375 741 474 593 939 904 690 137 750 324 467 445 325 635 551 546 513 871 587 671 540 904 863 600 683 90 686 892 661 680 612 748 503 152 240 661 669 226 850 466 888 879 547 328 273 930 544 735 106 887 693 701 484 581 443 732 324 345 185 1018 789 566 786 699 889 58 679 592 247 829 697 577 520 45 838 820 325 368 411 750 627 7 549 56 443 277 358 381 803 379 391 661 345 729 665 238 617 422 926 408 902 208 911 115 362 664 470 288 278 509 18 798 312 643 301 799 481 521 660 793 311 810 370 608 270 278 620 206 681 710 95 692 899 915 303 532 495 861 962 117 669 103 466 727 298 828 678 467 1059 101 698 682 725 699 807 27 134 521 537 889 499 765 294 126 466 528 908 787 424 562 311 916 434 707 533 69 425 808 456 575 850 177 779 330 409 611 184 494 768 402 223 710 693 579 143 536 821 881 845 559 423 675 416 916 544 489 496 575 672 378 614 545 779 933 763 918 199 719 55 562 274 296 449 625 698 29 387 298 711 116 461 909 329 252 899 405 473 552 498 414 658 75 403 698 372 743 750 761 579 396 579 160 429 211 477 286 363 737 577 238 436 409 467 293 941 664 1009 820 647 321 711 745 416 636 416 207 244 665
409 667 543 441 387 449 502 296 478 533 339 245 285 533 264 374 76 565 407 293 235 451 301 367 489 476 0 352 139 342 204 530 308 501 448 477 124 334 425 298 346 347 518 407 335 417 585 598 244 448 542 679 615 482 604 318 452 448 255 183 497 460 376 349 421 159 545 84 558 164 439 194 265 415 111 210 84 513 505 521 230 457 436 447 214 226 337 458 534 349 619 303 211 420 587 588 557 508 412 509 450 465 263 355 458 491 354 351 368 133 446 368 181 620 525 556 326 595 345 477 610 533 220 308 323 551 363 365 526 430 490 437 203 390 320 284 253 478 440 529 237 354 120 393 474 297 422 372 144 266 376 353 263 121 615 79 514 586 437 519 120 206 542 583 230 213 483 467 234 355 214 399 170 650 392 443 482 340 584 143 417 539 264 490 236 398 387 228 484 446 542 509 443 476 485 449 231 472 98 283 495 352 236 290 618 393 264 370 345 381 331 478 560 467 469 414 603 336 638 390 526 418 461 317 560 515 270 486 478 382 333 527 552 536 181 142 559 595 305 480 723 190 440 477 464 338 370 377 473 207 486 273 382 602 596 237 108 465 199 525 221 223 219 177 387 240 164 193 306 543 345 458 460 297 531 301 209 324 233 431 526 454 252 440 237 379 542 433 648 224 458 372 324 446 232 493 187 539 576 231 575 304 278 351 454 137 365 448 510 492 544 454 664 375 440 355 588 449 146 487 474 242 542 475 373 274 348 372 290 173 573 290 235 190
515 772 893 773 208 800 598 345 384 202 587 596 316 581 373 620 412 904 618 483 465 758 64 718 632 190 352 0 354 17 555 876 180 507 801 387 465 436 776 613 566 45 551 382 475 381 715 727 559 686 331 786 782 668 625 654 213 717 450 427 846 737 503 170 563 240 563 297 464 515 365 482 485 710 456 519 396 841 677 650 526 124 677 797 561 524 423 726 585 195 267 605 562 324 660 579 699 694 358 446 137 773 507 673 252 706 647 651 504 429 506 677 263 289 347 908 678 654 619 508 699 244 571 561 281 638 654 572 594 159 651 638 283 188 427 636 562 187 363 223 417 330 234 435 615 390 456 634 262 576 476 293 559 346 736 306 841 234 784 293 232 511 320 242 122 461 207 610 137 455 141 729 421 640 470 607 421 662 276 495 114 421 562 142 583 676 106 580 722 763 441 360 543 800 825 106 575 260 379 564 418 691 582 277 967 90 606 494 662 662 675 175 219 572 585 750 608 678 289 211 555 557 741 668 294 387 124 743 512 520 343 208 535 618 404 479 660 248 653 435 385 447 302 319 741 428 291 524 503 405 136 506 729 691 654 508 341 485 237 734 365 307 314 494 647 193 511 371 656 750 682 810 112 549 234 374 208 105 264 633 510 160 375 393 571 77 558 777 305 173 730 445 282 366 315 259 514 221 528 550 271 578 604 685 609 238 389 288 277 351 570 148 327 554 602 295 557 481 399 410 825 497 893 633 457 325 528 563 418 524 536 69 180 529
270 806 566 536 309 480 364 166 581 496 242 289 162 665 394 277 205 560 294 165 121 565 323 432 358 421 139 354 0 351 251 542 240 363 495 356 238 467 457 262 485 331 378 521 472 530 724 737 210 349 616 818 754 361 464 416 510 368 125 323 518 586 513 284 560 113 406 199 434 241 544 129 147 535 222 337 222 491 644 388 360 429 338 471 245 356 468 378 394 273 609 251 258 308 723 450 696 647 520 381 479 578 160 321 375 629 293 296 231 271 306 323 98 642 425 600 376 456 476 605 748 473 268 213 214 688 300 248 386 377 630 576 99 453 180 341 210 425 544 477 101 233 148 256 613 159 284 286 91 387 510 243 205 19 754 80 490 574 510 435 160 335 611 596 252 109 424 606 280 488 247 381 67 511 524 583 355 448 620 209 448 421 208 495 263 324 349 284 619 554 420 599 304 449 570 430 250 389 56 415 370 443 259 394 637 362 277 507 311 309 417 431 530 329 332 505 464 343 640 311 387 283 586 381 614 612 319 617 339 520 449 483 416 672 56 161 697 571 381 350 739 330 338 563 390 199 262 516 601 346 472 163 400 739 731 154 32 591 295 662 353 341 340 153 300 318 202 327 378 681 342 500 465 434 475 427 152 368 338 315 648 407 113 314 344 351 403 512 659 185 585 232 426 551 351 556 306 493 443 350 613 437 389 341 324 223 486 351 574 383 405 486 681 515 311 244 453 310 46 363 529 380 595 615 505 148 488 512 151 232 438 284 184 295
521 755 885 760 221 791 605 350 368 218 586 587 321 563 356 620 401 898 620 484 465 744 48 707 638 207 342 17 351 0 546 869 188 517 791 400 454 418 767 608 550 59 561 365 458 364 698 709 554 687 320 769 765 672 635 642 201 716 450 412 838 721 486 182 546 238 574 285 478 506 349 478 485 696 445 506 384 836 660 656 512 141 677 789 553 510 406 725 594 206 277 601 553 336 643 590 682 677 341 459 133 759 506 668 268 690 644 647 509 416 513 673 263 290 363 898 669 663 604 491 681 261 562 560 289 621 651 574 602 176 634 621 284 173 431 627 557 204 346 240 418 338 227 443 597 394 464 633 259 563 459 303 556 343 719 300 836 245 772 310 223 497 309 246 112 459 224 593 122 438 130 723 419 652 452 590 433 649 273 486 107 436 558 148 575 675 122 571 706 749 455 345 550 796 812 121 567 276 374 550 430 679 574 260 959 107 599 477 658 660 664 192 234 578 591 738 619 672 296 225 565 562 726 658 287 372 108 727 521 503 325 225 547 600 403 472 642 261 642 446 389 433 316 305 740 433 301 507 486 390 148 505 722 673 637 506 337 468 222 717 348 290 298 489 647 176 503 356 645 734 676 801 117 534 251 356 209 88 247 635 494 178 377 404 559 94 568 766 310 173 715 452 265 350 299 248 502 238 541 537 268 563 591 679 614 225 371 302 266 365 580 143 330 537 606 305 569 490 396 423 815 482 883 616 440 329 512 547 421 515 549 68 182 518
