130
0 526 295 853 225 920 741 485 56 401 444 724 472 127 33 590 702 664 903 462 267 536 707 423 757 889 412 706 888 689 486 559 332 497 938 535 555 397 406 748 801 901 203 877 432 410 727 208 493 904 385 936 675 532 983 312 338 435 936 892 654 85 737 277 978 405 674 336 752 349 799 559 316 194 425 931 838 538 945 506 163 610 842 239 476 531 1056 569 992 482 465 684 718 641 163 334 759 701 55 598 971 985 947 469 437 565 652 254 267 590 271 133 653 575 736 622 810 792 656 341 864 974 702 707 766 258 641 645 175 605
526 0 653 334 376 420 306 338 521 153 227 201 55 402 507 99 191 691 463 476 377 668 343 492 552 468 685 662 594 752 344 505 196 763 524 589 419 220 390 335 469 381 403 351 160 510 288 438 648 718 667 413 157 664 638 494 460 247 427 485 146 525 218 543 462 674 697 414 333 642 273 574 531 400 107 423 580 566 424 797 498 804 490 330 87 396 726 759 654 486 246 167 610 871 409 375 288 714 471 178 569 633 671 666 104 274 288 516 380 604 519 491 798 169 622 408 288 356 459 329 703 635 184 487 257 528 285 122 542 885
295 653 0 984 279 965 757 438 242 501 472 850 609 321 325 678 844 441 896 325 276 291 688 275 635 870 129 510 790 445 435 414 472 205 909 335 462 614 335 748 740 976 255 971 625 249 749 493 248 745 104 1057 769 288 902 183 230 453 991 863 799 214 869 572 1111 125 451 614 755 77 911 373 611 262 581 1077 728 353 1071 211 175 327 786 482 575 449 957 292 905 340 692 776 553 348 433 604 796 477 320 643 928 909 829 208 549 555 647 138 274 394 566 427 382 622 570 544 896 799 557 597 699 891 791 605 837 553 636 751 470 309
853 334 984 0 710 285 375 612 853 484 526 133 385 733 831 313 152 945 435 765 707 958 472 793 720 466 1003 891 685 1010 618 763 529 1076 508 868 668 486 692 414 569 186 737 124 433 815 365 731 947 859 988 86 227 955 670 817 778 547 258 495 200 859 116 814 127 993 948 665 405 966 87 842 789 734 428 101 705 841 92 1112 832 1097 561 635 408 653 753 1055 689 769 456 224 819 1169 719 631 313 959 797 379 556 658 758 972 437 505 453 845 709 867 790 799 1078 393 826 620 157 389 663 590 863 674 214 666 219 804 458 235 840 1194
225 376 279 710 0 725 532 260 188 226 230 576 330 124 229 412 567 487 689 259 47 390 488 233 535 671 336 510 663 526 261 350 193 423 719 356 333 349 187 534 576 721 28 708 350 231 520 314 354 688 313 785 503 385 758 156 152 218 746 673 521 177 594 429 837 326 496 405 539 282 641 368 451 32 302 800 614 350 798 450 125 502 618 250 303 307 831 456 767 279 428 511 508 554 245 382 558 521 192 397 749 761 723 350 272 345 435 148 47 402 412 292 523 375 526 397 635 581 433 360 651 749 527 483 582 407 424 481 355 546
920 420 965 285 725 0 213 533 903 519 498 294 473 793 908 334 345 798 167 679 705 855 305 720 524 206 947 725 443 864 538 641 593 1002 235 757 550 635 634 234 349 100 754 161 574 746 218 858 857 631 939 265 264 853 401 782 736 515 40 236 371 899 305 964 330 937 799 830 225 926 233 722 950 756 527 357 480 728 286 1042 849 990 325 750 446 547 478 954 420 675 639 254 643 1065 825 792 169 803 869 328 279 387 507 893 487 413 325 830 706 738 939 907 954 350 644 477 159 185 503 746 646 407 238 486 163 949 335 303 961 1107
741 306 757 375 532 213 0 321 716 350 301 298 346 615 733 206 341 596 166 465 505 643 101 507 346 163 734 530 321 662 325 430 431 789 218 546 338 523 423 39 197 257 560 285 464 534 17 714 644 485 727 402 199 641 339 573 527 315 245 179 338 709 321 829 472 724 598 713 32 714 290 512 824 563 396 473 331 517 423 829 651 779 200 604 292 334 428 743 356 462 552 193 453 854 669 674 62 604 693 148 263 331 398 680 332 202 111 625 507 530 805 748 746 169 457 269 221 52 302 629 488 338 190 296 155 812 122 231 807 895
485 338 438 612 260 533 321 0 446 227 116 489 327 376 488 304 503 353 457 153 219 345 249 188 284 433 414 330 402 414 6 167 283 474 475 257 93 457 103 309 319 559 283 567 422 214 315 538 336 447 405 670 384 342 498 255 208 101 563 428 470 430 512 660 733 404 359 594 317 393 528 237 673 291 340 713 355 232 687 512 359 485 362 444 253 64 570 443 506 156 523 388 293 557 475 560 367 377 450 235 499 501 464 366 259 120 210 313 220 266 640 539 468 219 309 137 492 361 178 523 417 489 400 226 425 640 199 383 603 586
56 521 242 853 188 903 716 446 0 386 416 722 469 120 83 578 703 609 876 411 226 480 676 371 712 859 357 653 847 633 446 509 325 442 908 481 511 415 361 721 764 889 163 869 443 356 704 253 436 855 329 935 665 475 945 258 286 405 920 861 655 29 737 331 980 350 619 377 725 294 794 506 369 156 426 935 795 485 945 453 108 554 806 263 463 488 1016 513 953 432 488 674 668 586 198 371 738 646 81 577 938 948 903 412 426 533 622 198 225 536 323 184 597 554 686 581 800 766 613 372 815 936 691 663 753 312 612 638 231 552
401 153 501 484 226 519 350 227 386 0 113 350 116 274 388 191 344 571 516 343 224 528 342 351 491 508 533 557 572 628 232 390 81 613 562 458 319 231 251 365 459 502 254 484 194 366 335 367 505 659 515 559 280 524 642 342 310 126 535 518 299 386 369 486 611 522 578 389 367 489 415 449 487 252 114 576 542 438 572 645 350 661 491 258 77 292 726 616 655 356 295 288 520 726 318 352 360 598 349 202 601 640 645 519 48 220 282 363 227 481 462 398 662 181 535 337 414 403 387 310 635 636 305 426 366 467 273 255 457 735
444 227 472 526 230 498 301 116 416 113 0 397 211 322 439 213 404 467 460 249 206 442 263 269 380 444 477 446 473 526 121 282 179 549 494 362 206 344 166 304 367 504 259 500 306 289 289 455 425 547 463 592 302 438 552 294 252 21 521 448 366 407 419 577 652 467 473 494 309 443 447 347 584 262 224 625 437 339 608 585 351 579 405 353 140 179 633 535 564 259 408 308 406 648 398 459 329 492 400 172 527 552 542 447 143 124 207 334 208 378 555 471 571 150 421 226 425 350 275 419 522 545 322 316 365 557 197 292 534 668
724 201 850 133 576 294 298 489 722 350 397 0 253 602 704 185 51 830 404 640 574 834 383 665 629 426 872 783 619 895 495 646 397 946 477 746 552 372 563 337 495 219 604 170 315 686 284 614 820 779 856 212 111 830 626 684 646 418 283 452 83 727 24 706 261 861 834 561 330 833 79 723 685 601 299 228 628 720 223 981 699 973 498 514 275 534 713 930 645 645 358 112 717 1043 597 525 245 847 669 262 526 616 696 844 303 389 351 712 576 749 681 678 957 272 725 513 135 328 559 482 777 627 109 570 158 694 355 105 723 1065
472 55 609 385 330 473 346 327 469 116 211 253 0 349 452 144 237 678 508 455 336 643 371 466 563 509 648 656 619 737 332 494 144 729 565 570 414 177 365 371 496 436 357 406 120 482 328 384 621 731 629 466 211 640 671 457 426 229 481 525 190 473 268 492 512 637 685 367 371 602 326 558 482 352 53 471 600 549 476 761 450 777 521 276 77 388 758 732 686 467 217 221 610 842 354 329 334 703 416 207 609 666 695 635 70 282 313 474 339 589 467 437 776 193 624 414 343 397 465 283 712 667 238 497 311 476 308 177 488 851
127 402 321 733 124 793 615 376 120 274 322 602 349 0 117 463 583 606 778 383 171 498 586 354 657 765 412 634 778 642 377 475 207 501 816 475 455 301 311 623 684 774 115 752 324 348 601 195 458 811 386 815 549 494 868 260 269 315 809 770 535 131 617 306 859 403 616 302 627 351 675 490 331 103 305 814 732 471 825 520 147 596 724 161 349 428 944 552 878 403 376 558 633 641 127 286 631 642 78 471 850 870 841 446 310 444 529 224 172 524 290 167 627 448 651 514 684 667 552 276 775 860 575 602 639 284 519 520 230 619
33 507 325 831 229 908 733 488 83 388 439 704 452 117 0 575 680 683 896 475 273 559 703 438 764 883 440 722 891 711 489 571 316 526 934 553 562 369 414 741 800 885 210 859 406 427 719 175 516 914 413 915 659 555 984 331 353 432 922 888 632 113 716 247 955 433 693 302 745 377 779 575 285 200 405 907 843 555 924 537 184 637 841 210 461 537 1058 596 993 496 436 668 730 670 132 302 748 720 39 588 967 986 952 494 422 562 647 276 273 607 240 101 679 565 748 626 793 784 662 309 875 975 685 712 752 228 636 628 148 635
590 99 678 313 412 334 206 304 578 191 213 185 144 463 575 0 200 650 364 455 402 649 251 480 476 368 691 609 503 714 310 464 259 762 424 562 372 319 379 236 377 311 441 295 259 502 188 526 635 638 676 380 91 645 541 505 465 234 346 386 172 577 208 636 438 680 655 511 234 655 234 540 626 440 196 412 495 536 395 799 537 787 394 416 114 352 630 745 557 460 345 98 549 858 490 472 190 669 537 92 470 535 581 659 153 212 201 539 405 567 611 572 773 94 559 343 223 256 393 426 627 539 115 413 176 620 200 79 626 881
702 191 844 152 567 345 341 503 703 344 404 51 237 583 680 200 0 851 454 652 569 845 420 673 662 474 874 808 662 914 509 665 381 950 526 760 572 336 570 379 537 267 593 215 282 693 325 580 829 817 857 237 144 842 673 684 648 425 333 500 47 710 44 668 276 863 855 520 373 832 123 740 644 590 277 233 667 735 244 985 688 983 541 483 273 553 761 940 691 659 314 148 745 1053 567 485 290 870 646 286 575 663 739 850 295 411 384 707 571 767 643 647 972 293 754 540 186 374 587 443 812 674 150 602 207 656 386 125 689 1070
664 691 441 945 487 798 596 353 609 571 467 830 678 606 683 650 851 0 666 236 442 152 496 253 299 628 327 92 451 66 347 186 608 312 644 131 278 789 328 566 468 854 490 877 763 258 599 800 193 335 343 990 721 155 567 352 336 449 835 608 820 581 854 912 1057 325 9 888 576 364 858 123 938 502 685 1047 384 138 1009 348 501 226 509 732 606 298 594 212 563 219 862 722 173 296 731 861 656 37 656 568 641 580 458 237 609 441 496 410 441 89 897 768 167 558 182 327 806 613 295 833 286 554 731 315 737 891 489 727 828 363
903 463 896 435 689 167 166 457 876 516 460 404 508 778 896 364 454 666 0 585 659 744 208 632 376 40 858 586 277 731 461 529 597 902 73 646 448 684 561 155 200 261 717 316 623 659 182 879 753 467 854 429 331 742 236 713 666 471 207 69 465 867 422 995 495 849 666 875 151 846 365 607 988 721 559 517 320 616 450 943 805 872 166 769 457 452 317 841 255 577 706 323 501 947 835 837 177 666 857 314 122 223 340 793 497 347 255 770 661 617 970 914 829 335 500 366 284 113 379 791 486 241 313 351 247 977 265 370 973 998
462 476 325 765 259 679 465 153 411 343 249 640 455 383 475 455 652 236 585 0 213 193 381 50 314 555 272 250 465 287 147 98 373 323 590 114 139 554 93 448 417 711 269 720 531 77 462 573 182 444 269 823 537 190 576 162 125 229 710 545 615 388 663 688 887 263 244 654 457 265 682 112 710 280 456 866 404 98 841 363 306 332 463 498 389 133 634 290 580 20 628 541 256 403 504 626 516 268 443 388 605 583 509 214 385 271 354 229 212 147 671 550 321 372 274 222 645 500 231 597 403 565 553 280 579 667 344 534 612 433
267 377 276 707 47 705 505 219 226 224 206 574 336 171 273 402 569 442 659 213 0 351 455 188 490 640 315 464 621 484 219 303 208 400 686 312 288 377 140 505 538 706 64 697 371 189 495 360 317 641 294 780 494 347 718 126 112 190 727 639 524 211 593 475 835 304 451 447 510 266 635 323 497 73 314 800 570 304 794 429 145 469 580 291 298 263 789 423 726 233 455 501 461 525 291 422 536 476 238 377 714 721 679 318 273 312 404 138 2 357 458 339 486 355 479 355 623 553 388 398 604 709 517 439 567 454 393 475 402 523
536 668 291 958 390 855 643 345 480 528 442 834 643 498 559 649 845 152 744 193 351 0 551 178 407 709 174 233 567 156 339 215 546 170 735 98 305 724 278 621 556 895 386 909 709 166 642 694 44 478 191 1014 730 4 684 237 239 421 889 694 809 451 857 798 1079 172 162 794 630 214 874 137 828 398 639 1059 500 127 1032 210 374 139 600 641 580 311 722 99 683 188 801 734 296 212 625 772 698 187 537 580 740 694 588 85 573 458 534 283 350 135 785 651 135 565 310 379 834 671 365 749 430 672 746 402 767 777 524 728 707 254
707 343 688 472 488 305 101 249 676 342 263 383 371 586 703 251 420 496 208 381 455 551 0 426 248 185 653 429 252 563 252 336 423 702 231 453 247 546 352 70 126 358 514 386 491 453 107 708 555 397 648 503 275 549 302 505 457 271 340 185 408 665 406 828 572 644 498 726 80 639 385 417 829 520 414 571 247 423 523 742 600 685 151 601 303 248 388 650 316 375 587 272 352 760 656 688 163 504 664 165 264 299 329 593 337 143 60 561 456 433 805 732 649 177 356 172 320 120 201 644 394 297 273 195 253 809 68 300 794 804
423 492 275 793 233 720 507 188 371 351 269 665 466 354 438 480 673 253 632 50 188 178 426 0 363 602 227 283 515 296 182 144 370 286 638 123 187 549 102 491 466 747 238 754 532 27 502 547 156 489 222 854 565 174 626 115 85 248 750 593 635 346 687 660 916 218 262 636 500 216 711 137 684 250 461 892 454 117 871 324 264 312 512 480 405 179 684 267 630 66 625 570 299 379 478 610 554 288 409 420 654 633 558 180 395 308 395 183 187 170 644 518 312 402 317 271 678 543 281 583 447 615 583 330 613 638 384 559 579 401
757 552 635 720 535 524 346 284 712 491 380 629 563 657 764 476 662 299 376 314 490 407 248 363 0 336 557 212 159 360 282 221 559 577 346 318 202 721 351 309 176 595 554 630 676 388 355 823 430 168 563 748 519 407 276 475 434 373 563 313 645 692 653 945 817 551 297 873 318 568 634 276 957 564 592 819 93 292 769 617 612 519 213 727 486 228 322 496 276 296 778 516 127 592 760 839 409 293 728 383 342 287 195 476 508 280 278 543 491 272 924 822 466 385 123 154 567 346 106 799 151 264 520 65 501 924 277 538 886 653
889 468 870 466 671 206 163 433 859 508 444 426 509 765 883 368 474 628 40 555 640 709 185 602 336 0 827 547 237 692 435 495 589 869 55 612 417 686 535 143 160 297 699 350 627 630 180 874 719 427 824 464 345 708 204 688 640 454 246 30 482 849 445 991 531 818 628 876 141 818 392 572 987 703 559 551 279 582 486 910 785 836 125 764 454 423 289 806 223 546 713 337 462 911 827 837 188 627 843 309 102 192 301 761 493 327 237 746 641 581 967 905 791 328 460 334 312 112 343 792 445 208 329 313 268 973 247 382 965 963
412 685 129 1003 336 947 734 414 357 533 477 872 648 412 440 691 874 327 858 272 315 174 653 227 557 827 0 405 716 322 409 342 524 88 860 241 410 685 317 719 685 971 320 974 685 200 729 599 135 647 27 1070 780 171 832 191 226 457 977 816 831 327 893 688 1129 10 336 714 727 63 925 283 724 330 629 1101 651 265 1086 113 267 199 731 571 600 405 879 163 833 281 764 785 459 230 534 698 781 361 428 640 873 841 747 89 581 534 622 191 313 295 679 540 253 621 475 493 899 771 494 685 599 820 799 539 835 668 612 768 588 210
706 662 510 891 510 725 530 330 653 557 446 783 656 634 722 609 808 92 586 250 464 233 429 283 212 547 405 0 359 148 324 169 605 400 559 177 242 783 333 498 386 787 519 815 751 296 535 823 269 245 418 930 672 235 475 395 369 431 763 525 782 627 807 939 999 401 88 901 507 435 803 147 961 531 670 992 294 168 950 437 545 319 425 745 581 267 501 304 471 230 852 673 85 388 755 871 592 80 692 522 553 488 365 316 590 397 438 458 463 119 922 800 258 515 91 270 746 541 229 839 196 463 680 239 678 918 432 682 862 456
888 594 790 685 663 443 321 402 847 572 473 619 619 778 891 503 662 451 277 465 621 567 252 515 159 237 716 359 0 508 402 377 649 736 225 478 338 791 487 282 126 530 685 578 739 541 336 928 589 190 721 695 518 567 117 623 580 472 483 208 656 829 642 1050 763 710 447 962 289 725 604 435 1057 693 658 778 66 452 716 777 752 675 124 826 547 359 169 653 116 449 837 513 277 746 869 925 376 439 853 416 204 128 77 636 578 353 306 689 621 431 1028 938 618 426 268 265 528 296 237 882 215 105 511 186 470 1030 310 547 1002 810
689 752 445 1010 526 864 662 414 633 628 526 895 737 642 711 714 914 66 731 287 484 156 563 296 360 692 322 148 508 0 408 249 660 289 707 174 343 841 380 633 532 920 527 944 818 295 665 837 200 376 343 1056 786 159 623 382 374 507 901 672 883 605 919 946 1123 322 65 931 642 369 924 179 974 539 742 1112 442 189 1076 321 526 183 572 775 666 361 644 182 617 272 915 788 233 246 768 906 723 68 687 633 702 636 509 237 667 506 562 435 482 148 932 800 114 622 239 394 872 679 361 879 328 610 797 380 803 925 555 791 857 319
486 344 435 618 261 538 325 6 446 232 121 495 332 377 489 310 509 347 461 147 219 339 252 182 282 435 409 324 402 408 0 161 287 468 477 251 88 462 100 313 320 564 283 572 427 209 320 541 330 444 401 675 390 336 498 252 205 106 567 431 476 430 518 663 739 399 353 597 321 389 534 230 676 291 345 719 354 225 693 507 357 479 364 447 259 60 570 437 506 151 528 394 288 551 478 564 372 371 451 240 501 502 463 361 265 125 214 310 220 260 642 541 462 225 304 136 497 365 176 528 414 489 406 224 431 642 203 389 605 580
559 505 414 763 350 641 430 167 509 390 282 646 494 475 571 464 665 186 529 98 303 215 336 144 221 495 342 169 377 249 161 0 435 374 523 117 95 615 166 406 345 686 362 703 585 168 430 659 224 346 345 813 537 213 491 260 223 265 675 481 634 486 670 777 879 334 192 733 416 348 677 81 797 373 504 865 313 87 832 415 404 349 390 578 421 111 543 314 493 78 685 540 159 424 591 703 487 209 538 385 533 499 415 267 426 258 323 327 302 103 759 642 317 373 177 164 630 456 153 670 305 479 549 196 562 756 315 541 705 469
332 196 472 529 193 593 431 283 325 81 179 397 144 207 316 259 381 608 597 373 208 546 423 370 559 589 524 605 649 660 287 435 0 608 643 486 376 181 279 446 538 568 217 544 164 380 415 285 517 726 502 609 343 541 722 335 312 186 605 599 334 329 412 405 656 513 616 314 448 473 468 484 407 211 109 614 616 471 620 637 308 672 572 178 146 347 805 626 735 388 255 352 576 731 238 279 437 638 278 282 682 721 721 524 105 296 363 340 211 518 382 318 681 261 592 405 477 483 454 240 699 716 369 496 435 386 354 313 376 732
497 763 205 1076 423 1002 789 474 442 613 549 946 729 501 526 762 950 312 902 323 400 170 702 286 577 869 88 400 736 289 468 374 608 0 898 261 455 772 384 770 720 1033 408 1040 771 261 785 687 150 645 115 1139 850 170 854 273 303 528 1034 856 909 413 967 773 1200 98 320 802 779 150 995 303 811 418 713 1174 670 289 1156 40 356 130 765 660 677 455 893 108 853 327 851 855 466 144 622 787 839 342 515 706 906 864 758 109 661 593 677 280 397 305 766 626 196 688 480 535 965 822 528 774 596 841 868 568 899 754 667 841 673 123
938 524 909 508 719 235 218 475 908 562 494 477 565 816 934 424 526 644 73 590 686 735 231 638 346 55 860 559 225 707 477 523 643 898 0 638 450 742 577 197 179 332 746 389 683 666 236 928 748 415 859 499 399 734 166 728 681 503 273 46 535 896 495 1046 565 852 643 931 196 854 439 597 1042 751 614 589 277 609 521 939 830 858 135 819 509 460 244 830 185 579 768 391 474 933 880 893 243 640 894 364 49 151 278 791 548 374 287 788 687 603 1021 958 810 383 470 367 358 167 369 847 439 172 382 333 318 1028 297 437 1019 987
535 589 335 868 356 757 546 257 481 458 362 746 570 475 553 562 760 131 646 114 312 98 453 123 318 612 241 177 478 174 251 117 486 261 638 0 208 667 208 523 459 799 359 814 646 127 545 669 111 410 249 922 640 96 594 223 205 342 791 597 726 454 769 781 987 235 140 759 532 261 783 42 806 371 571 969 412 29 940 301 372 233 504 603 502 216 638 197 594 103 742 643 219 308 600 733 601 167 526 489 645 604 505 158 499 365 437 283 310 58 765 637 211 475 236 281 740 573 268 705 363 582 654 307 672 759 428 640 697 352
555 419 462 668 333 550 338 93 511 319 206 552 414 455 562 372 572 278 448 139 288 305 247 187 202 417 410 242 338 343 88 95 376 455 450 208 0 550 150 316 278 591 352 608 513 215 337 626 307 358 408 717 443 303 444 287 242 193 583 406 543 492 576 747 783 402 283 685 325 404 582 176 761 362 431 770 283 179 736 496 414 442 324 534 338 28 508 404 449 129 615 444 200 516 561 653 393 297 526 290 466 450 391 346 349 163 229 352 288 199 727 621 413 279 216 83 535 367 101 616 326 434 454 152 466 726 220 448 685 557
397 220 614 486 349 635 523 457 415 231 344 372 177 301 369 319 336 789 684 554 377 724 546 549 721 686 685 783 791 841 462 615 181 772 742 667 550 0 460 549 671 583 365 542 61 557 506 245 693 889 662 572 370 719 847 503 486 356 636 702 291 431 378 334 602 675 797 194 548 629 452 665 315 356 132 549 767 652 577 798 440 846 697 159 244 521 934 799 862 570 78 380 750 902 243 156 508 819 343 384 787 843 866 695 214 444 487 495 379 699 309 318 859 369 765 567 490 574 618 111 866 844 396 656 472 321 481 331 355 895
406 390 335 692 187 634 423 103 361 251 166 563 365 311 414 379 570 328 561 93 140 278 352 102 351 535 317 333 487 380 100 166 279 384 577 208 150 460 0 413 415 654 203 657 438 123 416 492 259 500 306 755 465 274 590 152 105 145 662 530 532 342 585 611 816 307 336 567 420 292 611 204 630 213 363 791 433 191 771 421 265 414 460 412 302 127 657 369 596 109 534 470 323 482 425 538 466 359 379 323 599 594 542 281 294 221 312 211 140 239 593 478 411 304 340 223 582 464 251 507 463 580 484 302 518 590 302 457 542 502
748 335 748 414 534 234 39 309 721 365 304 337 371 623 741 236 379 566 155 448 505 621 70 491 309 143 719 498 282 633 313 406 446 770 197 523 316 549 413 0 158 289 562 321 491 519 54 731 624 446 713 439 237 619 305 565 517 316 269 154 375 711 360 848 508 710 568 736 9 702 329 487 845 566 419 511 292 493 460 811 651 755 163 622 312 315 394 720 322 443 581 231 419 830 684 698 100 573 702 167 238 298 359 661 351 194 101 618 506 503 824 762 720 186 422 243 259 51 271 652 449 303 229 261 194 830 112 268 822 873
801 469 740 569 576 349 197 319 764 459 367 495 496 684 800 377 537 468 200 417 538 556 126 466 176 160 685 386 126 532 320 345 538 720 179 459 278 671 415 158 0 426 601 468 617 494 211 822 569 290 685 586 393 555 184 563 516 371 389 140 529 749 518 943 655 677 467 846 166 682 485 418 946 608 538 664 136 430 608 760 678 679 45 716 426 292 266 651 196 405 713 388 301 754 766 809 256 466 761 291 188 185 204 613 459 243 183 626 539 424 920 839 632 303 300 195 412 181 191 766 299 178 386 154 351 923 189 421 901 808
901 381 976 186 721 100 257 559 889 502 504 219 436 774 885 311 267 854 261 711 706 895 358 747 595 297 971 787 530 920 564 686 568 1033 332 799 591 583 654 289 426 0 750 62 523 773 255 817 893 715 961 167 226 893 498 797 753 523 71 328 301 889 225 916 234 961 856 776 279 944 146 767 898 750 488 257 561 770 188 1072 846 1033 408 711 426 584 577 995 517 710 576 216 708 1107 791 739 198 862 847 333 378 484 598 925 464 440 362 839 709 786 892 873 1003 354 711 527 93 248 559 694 726 503 199 550 139 903 371 259 923 1144
203 403 255 737 28 754 560 283 163 254 259 604 357 115 210 441 593 490 717 269 64 386 514 238 554 699 320 519 685 527 283 362 217 408 746 359 352 365 203 562 601 750 0 736 371 232 548 310 348 704 296 814 532 381 782 149 154 246 775 700 547 150 621 421 865 310 500 408 567 263 669 375 447 12 326 827 634 356 826 433 96 492 643 257 331 327 853 447 790 289 444 540 522 542 241 387 587 526 175 426 775 785 743 340 300 371 462 129 63 408 406 280 517 403 540 419 664 609 453 369 665 773 556 503 611 400 451 509 343 530
877 351 971 124 708 161 285 567 869 484 500 170 406 752 859 295 215 877 316 720 697 909 386 754 630 350 974 815 578 944 572 703 544 1040 389 814 608 542 657 321 468 62 736 0 483 778 280 781 903 758 962 118 204 906 553 794 752 519 134 380 253 870 171 876 187 964 880 732 311 943 92 784 855 735 456 201 604 786 139 1078 833 1047 454 677 406 597 634 1008 572 721 528 196 738 1121 759 695 223 888 822 333 436 540 648 933 442 450 381 832 699 806 851 841 1021 352 743 549 75 287 586 652 767 557 180 581 141 863 389 231 888 1153
432 160 625 433 350 574 464 422 443 194 306 315 120 324 406 259 282 763 623 531 371 709 491 532 676 627 685 751 739 818 427 585 164 771 683 646 513 61 438 491 617 523 371 483 0 543 447 299 681 844 663 519 309 705 792 498 476 321 576 644 235 455 322 393 553 675 771 256 490 633 395 640 376 363 83 502 717 628 525 799 453 836 641 202 192 486 879 790 807 546 102 319 713 896 287 217 448 792 376 328 728 787 814 688 167 396 433 499 373 674 368 366 844 314 728 524 430 515 575 172 823 788 335 610 411 379 428 270 407 895
410 510 249 815 231 746 534 214 356 366 289 686 482 348 427 502 693 258 659 77 189 166 453 27 388 630 200 296 541 295 209 168 380 261 666 127 215 557 123 519 494 773 232 778 543 0 528 543 139 510 194 877 588 161 653 98 78 268 776 621 654 330 708 653 939 191 268 636 527 188 734 149 680 244 474 914 480 128 894 299 248 295 540 481 423 207 709 249 656 92 634 593 318 360 473 611 581 294 399 444 682 660 583 157 412 334 422 163 187 180 638 510 301 426 336 299 703 570 308 587 466 642 607 356 638 632 411 581 570 378
727 288 749 365 520 218 17 315 704 335 289 284 328 601 719 188 325 599 182 462 495 642 107 502 355 180 729 535 336 665 320 430 415 785 236 545 337 506 416 54 211 255 548 280 447 528 0 697 641 497 721 396 183 639 357 565 519 304 248 197 321 696 307 812 464 719 601 695 48 708 279 512 807 551 378 464 344 516 416 825 640 779 217 587 275 331 445 741 374 459 534 177 459 853 653 657 57 608 679 132 281 349 413 676 315 195 108 615 496 531 788 733 747 154 464 271 213 69 306 611 498 356 175 303 146 795 118 214 791 892
208 438 493 731 314 858 714 538 253 367 455 614 384 195 175 526 580 800 879 573 360 694 708 547 823 874 599 823 928 837 541 659 285 687 928 669 626 245 492 731 822 817 310 781 299 543 697 0 654 985 572 817 595 689 1006 456 464 456 865 885 534 279 621 122 848 590 810 127 733 536 693 682 137 298 331 794 890 664 822 702 331 789 856 110 422 598 1088 745 1018 592 293 605 815 829 69 132 713 835 173 565 968 1005 997 640 382 578 648 417 360 716 101 85 822 545 833 673 724 766 717 153 952 1000 622 763 695 101 640 559 109 801
493 648 248 947 354 857 644 336 436 505 425 820 621 458 516 635 829 193 753 182 317 44 555 156 430 719 135 269 589 200 330 224 517 150 748 111 307 693 259 624 569 893 348 903 681 139 641 654 0 512 150 1006 719 40 706 199 206 404 890 706 791 407 843 756 1069 132 203 757 633 171 864 154 787 360 613 1047 523 139 1024 191 332 156 615 604 561 310 749 110 706 182 770 724 325 223 585 735 696 229 495 571 756 716 615 47 551 453 533 240 316 161 744 609 169 555 341 386 828 675 378 714 464 694 736 418 761 736 523 715 664 250
904 718 745 859 688 631 485 447 855 659 547 779 731 811 914 638 817 335 467 444 641 478 397 489 168 427 647 245 190 376 444 346 726 645 415 410 358 889 500 446 290 715 704 758 844 510 497 985 512 0 659 876 672 479 280 605 570 540 671 398 804 832 803 1106 946 643 328 1040 454 671 775 371 1120 714 761 955 154 392 898 682 751 557 306 892 654 386 276 547 268 425 946 669 192 622 920 1006 546 310 879 546 390 296 150 559 677 448 437 673 641 353 1086 978 491 549 175 321 703 472 272 967 48 268 670 233 640 1085 437 695 1042 695
385 667 104 988 313 939 727 405 329 515 463 856 629 386 413 676 857 343 854 269 294 191 648 222 563 824 27 418 721 343 401 345 502 115 859 249 408 662 306 713 685 961 296 962 663 194 721 572 150 659 0 1056 766 188 836 172 210 443 968 815 814 300 877 660 1114 21 353 687 721 35 911 290 697 306 609 1085 657 271 1071 136 241 226 731 545 583 401 885 189 837 279 740 771 469 257 507 672 772 379 401 629 873 844 754 106 563 526 615 167 292 306 652 513 278 609 485 491 887 765 495 660 611 824 786 541 824 641 604 753 561 234
936 413 1057 86 785 265 402 670 935 559 592 212 466 815 915 380 237 990 429 823 780 1014 503 854 748 464 1070 930 695 1056 675 813 609 1139 499 922 717 572 755 439 586 167 814 118 519 877 396 817 1006 876 1056 0 290 1011 665 886 845 613 230 494 284 939 199 901 69 1059 993 751 429 1035 145 893 875 811 510 95 722 894 21 1176 909 1154 572 721 483 705 743 1113 684 826 543 284 855 1226 805 718 339 1002 881 434 545 651 764 1034 514 557 494 918 782 916 877 885 1130 451 860 662 183 405 701 677 885 670 270 698 252 891 501 305 927 1255
675 157 769 227 503 264 199 384 665 280 302 111 211 549 659 91 144 721 331 537 494 730 275 565 519 345 780 672 518 786 390 537 343 850 399 640 443 370 465 237 393 226 532 204 309 588 183 595 719 672 766 290 0 727 536 596 555 323 269 368 139 666 135 700 350 769 725 565 231 745 145 616 685 531 264 329 522 614 305 887 628 870 400 488 202 426 625 828 554 541 379 9 605 941 566 527 156 737 621 152 448 528 596 746 238 279 240 630 496 641 675 648 851 165 614 402 134 237 447 482 668 536 26 459 101 685 244 39 700 967
532 664 288 955 385 853 641 342 475 524 438 830 640 494 555 645 842 155 742 190 347 4 549 174 407 708 171 235 567 159 336 213 541 170 734 96 303 719 274 619 555 893 381 906 705 161 639 689 40 479 188 1011 727 0 684 233 235 418 887 693 805 447 853 794 1076 169 164 790 628 211 871 136 824 393 635 1056 500 125 1029 210 370 142 599 636 577 309 723 102 683 185 796 731 297 215 621 768 695 190 533 577 740 694 588 82 569 455 531 278 345 135 781 646 139 562 311 377 832 669 364 745 431 672 743 401 764 773 522 724 702 255
983 638 902 670 758 401 339 498 945 642 552 626 671 868 984 541 673 567 236 576 718 684 302 626 276 204 832 475 117 623 498 491 722 854 166 594 444 847 590 305 184 498 782 553 792 653 357 1006 706 280 836 665 536 684 0 731 686 555 439 175 675 928 646 1127 731 825 563 1028 309 838 596 552 1129 789 715 754 184 568 686 894 855 792 151 900 605 462 88 771 19 561 885 530 394 863 951 990 382 554 945 463 125 16 130 752 639 428 362 796 719 548 1104 1023 734 478 385 366 516 299 345 946 315 12 524 296 469 1108 369 571 1086 927
312 494 183 817 156 782 573 255 258 342 294 684 457 260 331 505 684 352 713 162 126 237 505 115 475 688 191 395 623 382 252 260 335 273 728 223 287 503 152 565 563 797 149 794 498 98 565 456 199 605 172 886 596 233 731 0 47 275 809 682 641 232 705 563 943 180 362 558 572 149 740 247 592 161 439 913 565 226 901 304 150 345 608 406 411 271 793 299 736 181 581 602 415 399 388 537 613 389 304 464 749 737 670 193 390 371 464 67 124 277 549 417 368 443 433 368 720 616 387 516 563 721 617 437 658 542 453 582 475 397
338 460 230 778 152 736 527 208 286 310 252 646 426 269 353 465 648 336 666 125 112 239 457 85 434 640 226 369 580 374 205 223 312 303 681 205 242 486 105 517 516 753 154 752 476 78 519 464 206 570 210 845 555 235 686 47 0 232 763 635 606 263 667 575 904 215 346 557 525 191 700 223 601 166 412 875 522 203 860 336 181 360 562 403 375 225 749 313 692 145 564 561 381 419 395 534 568 372 323 420 702 692 629 211 357 325 417 110 110 255 560 432 374 399 399 322 677 569 343 510 528 676 575 393 615 554 406 542 493 425
435 247 453 547 218 515 315 101 405 126 21 418 229 315 432 234 425 449 471 229 190 421 271 248 373 454 457 431 472 507 106 265 186 528 503 342 193 356 145 316 371 523 246 519 321 268 304 456 404 540 443 613 323 418 555 275 232 0 539 456 387 395 440 578 672 446 455 500 321 423 468 328 586 250 239 646 434 320 628 564 336 559 409 356 160 165 634 515 566 239 422 328 394 627 397 466 346 475 393 190 535 556 540 426 160 129 217 316 192 360 556 468 551 168 409 219 445 363 267 427 513 548 343 310 384 558 206 313 531 647
936 427 991 258 746 40 245 563 920 535 521 283 481 809 922 346 333 835 207 710 727 889 340 750 563 246 977 763 483 901 567 675 605 1034 273 791 583 636 662 269 389 71 775 134 576 776 248 865 890 671 968 230 269 887 439 809 763 539 0 276 363 917 291 968 293 967 836 831 260 954 215 757 952 776 534 323 520 762 250 1073 870 1025 365 757 460 579 515 988 458 707 635 259 682 1099 834 793 196 840 883 349 317 425 547 925 500 442 356 855 729 773 943 917 990 372 683 513 149 222 540 748 686 446 242 524 170 954 366 306 969 1140
892 485 863 495 673 236 179 428 861 518 448 452 525 770 888 386 500 608 69 545 639 694 185 593 313 30 816 525 208 672 431 481 599 856 46 597 406 702 530 154 140 328 700 380 644 621 197 885 706 398 815 494 368 693 175 682 635 456 276 0 506 850 472 1002 562 808 607 890 154 809 421 556 999 705 573 581 252 568 516 897 784 819 100 775 467 415 261 790 194 535 732 361 440 894 836 852 212 605 848 321 84 164 271 748 505 328 241 741 641 564 978 913 772 340 437 323 341 131 328 807 417 178 353 294 295 984 251 405 974 947
654 146 799 200 521 371 338 470 655 299 366 83 190 535 632 172 47 820 465 615 524 809 408 635 645 482 831 782 656 883 476 634 334 909 535 726 543 291 532 375 529 301 547 253 235 654 321 534 791 804 814 284 139 805 675 641 606 387 363 506 0 662 87 624 324 821 825 478 369 788 162 707 602 543 229 280 656 702 292 943 641 946 538 436 231 522 764 902 693 623 275 145 721 1014 520 442 294 840 598 263 584 667 733 811 251 384 367 662 526 735 599 600 936 267 732 516 214 376 565 399 796 675 152 583 220 612 368 108 643 1030
85 525 214 859 177 899 709 430 29 386 407 727 473 131 113 577 710 581 867 388 211 451 665 346 692 849 327 627 829 605 430 486 329 413 896 454 492 431 342 711 749 889 150 870 455 330 696 279 407 832 300 939 666 447 928 232 263 395 917 850 662 0 742 360 986 320 591 403 716 264 797 480 397 145 433 942 776 459 950 424 82 525 792 283 464 469 998 483 936 408 505 674 644 557 222 395 733 618 106 572 925 932 884 383 428 522 612 171 210 510 352 213 567 549 662 564 800 758 594 394 791 919 691 645 751 341 601 640 261 523
737 218 869 116 594 305 321 512 737 369 419 24 268 617 716 208 44 854 422 663 593 857 406 687 653 445 893 807 642 919 518 670 412 967 495 769 576 378 585 360 518 225 621 171 322 708 307 621 843 803 877 199 135 853 646 705 667 440 291 472 87 742 0 710 243 882 859 564 353 854 79 747 688 618 312 207 651 743 208 1003 716 995 520 523 294 558 733 952 665 669 358 136 741 1066 606 528 266 871 682 286 544 636 718 866 321 413 376 731 595 773 686 687 981 296 749 537 147 349 583 486 801 648 133 594 177 699 379 129 730 1087
277 543 572 814 429 964 829 660 331 486 577 706 492 306 247 636 668 912 995 688 475 798 828 660 945 991 688 939 1050 946 663 777 405 773 1046 781 747 334 611 848 943 916 421 876 393 653 812 122 756 1106 660 901 700 794 1127 563 575 578 968 1002 624 360 710 0 925 680 921 152 849 625 786 797 47 409 439 868 1012 777 904 784 426 884 977 227 537 719 1209 841 1140 708 360 710 934 917 186 183 826 948 262 682 1086 1126 1119 738 497 699 768 516 476 830 24 148 922 662 952 795 824 882 839 224 1072 1121 726 886 801 21 760 662 105 882
978 462 1111 127 837 330 472 733 980 611 652 261 512 859 955 438 276 1057 495 887 835 1079 572 916 817 531 1129 999 763 1123 739 879 656 1200 565 987 783 602 816 508 655 234 865 187 553 939 464 848 1069 946 1114 69 350 1076 731 943 904 672 293 562 324 986 243 925 0 1119 1060 774 498 1092 205 959 896 862 553 63 791 959 48 1237 960 1218 640 756 536 770 808 1177 750 890 565 345 924 1290 840 742 409 1070 922 498 610 717 832 1096 564 622 561 973 837 982 901 919 1196 514 929 730 252 475 769 703 954 737 333 767 321 916 568 361 958 1317
405 674 125 993 326 937 724 404 350 522 467 861 637 403 433 680 863 325 849 263 304 172 644 218 551 818 10 401 710 322 399 334 513 98 852 235 402 675 307 710 677 961 310 964 675 191 719 590 132 643 21 1059 769 169 825 180 215 446 967 808 821 320 882 680 1119 0 334 705 718 55 914 277 716 320 619 1090 645 258 1075 124 259 205 722 561 590 396 873 167 826 272 754 775 454 238 525 689 771 360 420 630 865 834 741 87 570 524 613 181 302 290 671 532 256 611 470 485 889 761 486 675 595 813 789 531 825 661 602 758 581 220
674 697 451 948 496 799 598 359 619 578 473 834 685 616 693 655 855 9 666 244 451 162 498 262 297 628 336 88 447 65 353 192 616 320 643 140 283 797 336 568 467 856 500 880 771 268 601 810 203 328 353 993 725 164 563 362 346 455 836 607 825 591 859 921 1060 334 0 897 578 374 861 131 947 512 692 1050 381 147 1012 355 511 231 507 741 612 303 589 219 559 227 869 726 170 300 740 870 658 27 666 572 639 576 453 247 616 445 499 420 450 97 906 778 170 562 178 330 809 614 296 841 279 551 735 315 740 900 492 731 837 368
336 414 614 665 405 830 713 594 377 389 494 561 367 302 302 511 520 888 875 654 447 794 726 636 873 876 714 901 962 931 597 733 314 802 931 759 685 194 567 736 846 776 408 732 256 636 695 127 757 1040 687 751 565 790 1028 558 557 500 831 890 478 403 564 152 774 705 897 0 736 652 640 767 123 396 317 716 930 750 753 820 446 898 876 156 424 657 1113 853 1042 673 208 575 882 943 181 38 701 922 296 569 975 1025 1034 747 388 609 665 526 448 801 130 211 926 552 899 720 684 765 768 84 1011 1023 591 811 667 146 658 526 214 920
752 333 755 405 539 225 32 317 725 367 309 330 371 627 745 234 373 576 151 457 510 630 80 500 318 141 727 507 289 642 321 416 448 779 196 532 325 548 420 9 166 279 567 311 490 527 48 733 633 454 721 429 231 628 309 572 525 321 260 154 369 716 353 849 498 718 578 736 0 710 320 497 846 571 419 502 300 503 450 819 656 765 168 623 313 324 397 729 326 452 579 225 428 840 686 698 91 583 705 167 238 302 366 670 352 201 107 625 512 513 825 765 729 187 432 252 249 43 281 652 458 307 222 271 186 832 119 263 824 882
349 642 77 966 282 926 714 393 294 489 443 833 602 351 377 655 832 364 846 265 266 214 639 216 568 818 63 435 725 369 389 348 473 150 854 261 404 629 292 702 682 944 263 943 633 188 708 536 171 671 35 1035 745 211 838 149 191 423 954 809 788 264 854 625 1092 55 374 652 710 0 890 300 661 273 580 1061 661 280 1050 170 205 261 728 510 559 394 891 222 841 278 708 751 480 293 472 637 758 400 365 611 871 846 761 132 537 513 603 134 264 319 616 477 310 591 497 487 868 754 495 625 625 827 766 542 806 605 593 731 525 269
799 273 911 87 641 233 290 528 794 415 447 79 326 675 779 234 123 858 365 682 635 874 385 711 634 392 925 803 604 924 534 677 468 995 439 783 582 452 611 329 485 146 669 92 395 734 279 693 864 775 911 145 145 871 596 740 700 468 215 421 162 797 79 786 205 914 861 640 320 890 0 757 764 667 374 189 621 756 160 1032 765 1013 480 592 338 567 681 972 615 685 436 140 732 1086 674 605 229 872 743 294 488 585 679 891 370 419 365 772 637 781 761 756 993 309 739 533 80 308 575 561 778 599 128 579 134 773 371 160 801 1112
559 574 373 842 368 722 512 237 506 449 347 723 558 490 575 540 740 123 607 112 323 137 417 137 276 572 283 147 435 179 230 81 484 303 597 42 176 665 204 487 418 767 375 784 640 149 512 682 154 371 290 893 616 136 552 247 223 328 757 556 707 480 747 797 959 277 131 767 497 300 757 0 820 387 563 944 369 21 912 343 398 268 463 611 488 189 596 234 552 95 738 618 179 343 613 739 569 155 546 463 604 562 463 200 488 337 405 311 322 34 780 655 236 450 196 244 711 537 228 710 325 540 628 265 643 775 396 618 716 390
316 531 611 789 451 950 824 673 369 487 584 685 482 331 285 626 644 938 988 710 497 828 829 684 957 987 724 961 1057 974 676 797 407 811 1042 806 761 315 630 845 946 898 447 855 376 680 807 137 787 1120 697 875 685 824 1129 592 601 586 952 999 602 397 688 47 896 716 947 123 846 661 764 820 0 435 430 838 1021 802 877 822 459 918 979 231 532 733 1213 875 1142 730 332 695 952 954 206 159 817 973 296 678 1083 1128 1127 771 494 704 768 548 498 854 45 184 954 659 970 805 806 876 850 204 1088 1124 711 896 787 59 760 647 149 921
194 400 262 734 32 756 563 291 156 252 262 601 352 103 200 440 590 502 721 280 73 398 520 250 564 703 330 531 693 539 291 373 211 418 751 371 362 356 213 566 608 750 12 735 363 244 551 298 360 714 306 811 531 393 789 161 166 250 776 705 543 145 618 409 862 320 512 396 571 273 667 387 435 0 320 823 643 368 823 442 98 504 650 245 329 336 861 458 798 301 435 539 533 553 229 376 589 538 165 428 781 792 752 352 297 377 467 138 73 420 394 269 529 405 551 427 664 613 462 358 676 780 555 512 611 388 456 507 331 540
425 107 581 428 302 527 396 340 426 114 224 299 53 305 405 196 277 685 559 456 314 639 414 461 592 559 629 670 658 742 345 504 109 713 614 571 431 132 363 419 538 488 326 456 83 474 378 331 613 761 609 510 264 635 715 439 412 239 534 573 229 433 312 439 553 619 692 317 419 580 374 563 430 320 0 509 635 552 520 743 416 769 565 223 111 404 802 723 730 469 185 274 630 832 302 278 387 713 370 253 658 712 734 624 84 313 355 449 316 596 414 384 773 237 645 441 395 447 492 233 740 711 291 527 364 423 349 229 435 836
931 423 1077 101 800 357 473 713 935 576 625 228 471 814 907 412 233 1047 517 866 800 1059 571 892 819 551 1101 992 778 1112 719 865 614 1174 589 969 770 549 791 511 664 257 827 201 502 914 464 794 1047 955 1085 95 329 1056 754 913 875 646 323 581 280 942 207 868 63 1090 1050 716 502 1061 189 944 838 823 509 0 800 943 77 1210 921 1198 653 705 502 755 834 1156 773 870 508 326 920 1270 790 685 411 1061 875 481 636 741 849 1072 528 607 554 939 802 969 844 867 1180 494 927 722 252 483 764 647 961 759 315 766 318 860 560 333 904 1293
838 580 728 705 614 480 331 355 795 542 437 628 600 732 843 495 667 384 320 404 570 500 247 454 93 279 651 294 66 442 354 313 616 670 277 412 283 767 433 292 136 561 634 604 717 480 344 890 523 154 657 722 522 500 184 565 522 434 520 252 656 776 651 1012 791 645 381 930 300 661 621 369 1021 643 635 800 0 386 743 710 698 608 155 790 525 307 229 587 182 388 817 518 211 680 829 895 391 374 806 404 263 195 108 570 552 323 293 631 571 364 990 895 551 411 202 218 548 317 181 853 166 171 518 131 486 991 295 547 959 743
