22
0 260 577 535 389 500 237 122 763 760 508 797 361 856 461 338 548 176 833 797 281 643
260 0 368 350 360 335 206 375 638 531 554 555 282 633 341 177 322 302 753 540 78 391
577 368 0 69 706 121 571 661 335 189 529 250 619 279 205 240 479 667 493 334 423 190
535 350 69 0 702 51 556 611 307 251 459 318 617 332 136 197 509 640 453 403 413 253
389 360 706 702 0 693 171 487 998 838 866 835 88 940 701 537 364 234 1112 762 289 660
500 335 121 51 693 0 540 570 305 302 410 370 611 380 84 168 527 615 437 452 404 299
237 206 571 556 171 540 0 351 841 723 695 735 124 826 539 377 350 143 948 690 151 562
122 375 661 611 487 570 351 0 804 849 483 893 472 940 516 422 670 256 850 906 403 748
763 638 335 307 998 305 841 804 0 376 442 462 916 375 307 464 813 902 170 605 709 505
760 531 189 251 838 302 723 849 376 0 690 86 749 102 383 426 546 834 546 232 572 190
508 554 529 459 866 410 695 483 442 690 0 769 810 743 326 417 856 682 412 862 630 707
797 555 250 318 835 370 735 893 462 86 769 0 746 133 453 474 518 855 632 155 584 174
361 282 619 617 88 611 124 472 916 749 810 746 0 851 623 460 288 238 1035 676 207 572
856 633 279 332 940 380 826 940 375 102 743 133 851 0 455 519 641 935 539 286 674 287
461 341 205 136 701 84 539 516 307 383 326 453 623 455 0 163 578 594 412 536 417 380
338 177 240 197 537 168 377 422 464 426 417 474 460 519 163 0 440 446 575 509 253 344
548 322 479 509 364 527 350 670 813 546 856 518 288 641 578 440 0 494 962 414 269 355
176 302 667 640 234 615 143 256 902 834 682 855 238 935 594 446 494 0 988 823 275 686
833 753 493 453 1112 437 948 850 170 546 412 632 1035 539 412 575 962 988 0 775 829 671
797 540 334 403 762 452 690 906 605 232 862 155 676 286 536 509 414 823 775 0 548 164
281 78 423 413 289 404 151 403 709 572 630 584 207 674 417 253 269 275 829 548 0 413
643 391 190 253 660 299 562 748 505 190 707 174 572 287 380 344 355 686 671 164 413 0
