310
0 103 571 777 291 185 687 543 448 673 745 444 210 88 229 837 603 615 246 378 126 364 724 156 214 365 271 478 474 736 706 277 636 468 713 891 524 462 275 307 576 443 191 664 44 451 470 237 672 161 928 724 485 36 198 250 676 196 520 285 226 411 485 404 591 523 566 79 133 118 656 586 594 444 110 704 264 591 409 698 255 233 519 167 779 414 340 471 112 498 327 870 721 1007 601 530 304 319 959 213 611 998 473 303 200 462 738 447 421 481 724 842 317 404 364 550 38 514 277 806 654 901 722 268 627 285 169 464 304 548 566 321 603 463 393 603 570 886 602 145 451 619 722 312 243 648 242 713 727 702 284 750 562 472 124 144 564 410 270 858 656 342 885 552 545 880 249 510 745 130 113 425 613 342 968 653 247 583 393 455 527 853 603 561 574 724 625 622 631 599 459 722 222 690 869 358 258 685 642 812 631 288 520 844 585 778 409 140 613 603 777 440 801 705 535 503 238 554 588 122 254 751 372 354 259 217 513 437 418 97 629 303 462 373 906 647 626 171 136 776 424 153 554 600 429 543 692 546 276 726 122 680 190 216 182 120 282 750 691 760 132 350 539 617 245 677 575 355 760 558 559 602 671 389 353 91 552 330 150 764 402 316 245 566 840 711 406 679 728 427 678 473 741 721 356 669 789 225 793 785 641 271 533 319 138 561 180 201 841 718
103 0 610 751 394 281 757 564 354 750 665 474 201 188 191 846 632 569 153 481 159 459 722 240 274 271 330 397 377 677 726 378 616 497 682 894 539 392 377 207 543 380 292 580 77 471 484 320 765 255 931 670 523 93 292 192 762 96 606 378 168 473 388 499 622 579 642 181 232 208 756 587 677 534 80 665 364 661 421 616 315 196 448 217 791 466 442 534 205 594 324 894 681 1019 525 434 257 393 976 120 709 1012 441 379 304 504 656 551 389 494 814 842 417 416 412 545 140 559 277 801 597 929 789 316 547 372 218 494 403 641 497 318 637 481 459 555 649 904 572 179 430 714 767 411 145 560 342 802 738 788 229 783 661 409 176 209 543 514 333 856 698 332 885 622 583 898 189 502 667 111 210 447 671 301 982 679 172 595 334 504 545 883 694 483 661 734 595 595 594 697 541 669 292 788 860 383 362 736 693 800 718 321 567 879 555 794 461 239 573 647 790 423 816 749 624 504 331 602 510 82 158 782 272 347 194 113 497 341 405 7 689 206 507 270 911 724 709 78 235 803 508 224 656 693 447 475 686 507 228 779 79 730 294 136 251 183 314 844 728 740 100 421 488 656 315 769 520 259 747 478 496 547 608 492 441 116 629 381 253 791 338 213 347 474 866 787 322 736 820 336 608 375 832 714 410 754 818 203 839 822 731 372 476 305 35 525 112 285 881 698
571 610 0 453 593 459 269 108 690 312 769 139 781 588 464 324 66 484 609 513 454 410 294 437 359 657 305 625 729 623 176 628 345 120 445 393 146 559 497 669 395 521 494 746 553 165 172 710 471 634 430 583 87 607 648 501 404 685 330 404 508 198 739 404 48 115 265 531 599 474 573 220 330 372 531 480 473 222 219 753 776 798 581 719 265 169 490 169 486 447 323 312 497 469 658 760 459 300 414 600 519 457 377 318 533 109 779 576 382 172 470 371 462 223 208 250 549 64 848 363 568 335 273 805 693 372 402 120 452 421 595 892 41 161 225 488 283 338 389 434 328 474 160 452 730 768 469 457 235 415 485 181 511 526 448 687 330 545 311 392 89 331 402 214 26 336 509 265 754 501 497 177 134 430 427 107 780 156 497 125 125 286 423 645 359 231 401 385 439 523 297 577 363 575 431 231 562 148 109 400 387 289 66 273 386 250 170 602 451 44 260 313 270 142 372 217 671 61 661 679 627 185 702 315 521 683 305 698 305 604 165 644 113 735 400 295 348 683 597 217 318 422 568 436 184 581 298 419 469 189 535 135 547 564 707 450 295 540 120 408 694 269 486 46 344 473 517 665 377 658 556 530 609 537 360 662 263 243 515 205 517 715 502 750 278 327 616 173 495 665 658 750 498 314 222 384 225 434 231 214 424 484 513 356 634 410 543 408 270 386
777 751 453 0 938 768 711 361 590 761 456 441 953 839 560 283 390 222 653 904 655 805 174 717 635 615 610 490 618 264 329 959 144 427 76 269 342 436 850 673 209 419 808 488 738 399 371 993 925 908 284 222 461 803 937 563 857 776 775 765 585 596 621 814 407 562 718 783 871 738 1022 247 783 796 681 120 823 675 408 470 1030 941 409 944 285 550 870 599 751 879 454 408 119 409 425 613 496 661 402 668 966 412 310 674 849 488 476 980 362 360 923 210 836 410 543 251 777 493 1029 163 270 459 703 1045 448 729 640 434 821 865 381 1069 423 388 619 239 736 378 180 641 326 924 516 824 801 530 809 910 261 867 527 433 950 399 671 921 214 942 625 206 482 436 240 667 450 368 568 279 435 653 765 422 582 451 395 374 879 301 444 523 358 446 874 444 810 262 157 156 170 968 728 216 662 1026 166 472 900 556 537 117 841 537 504 482 196 313 546 876 198 482 291 338 317 505 817 309 971 514 440 834 666 416 664 427 568 757 266 608 361 749 610 648 506 704 289 747 802 794 870 390 738 683 1000 887 410 387 156 251 525 578 676 538 857 633 956 685 538 994 446 48 852 645 302 457 657 927 294 632 90 462 347 279 304 929 751 854 715 564 807 389 451 723 842 571 413 770 539 597 949 577 360 646 951 147 569 837 412 555 550 473 878 836 331 458 755 231 642 715 524 70
291 394 593 938 0 174 583 619 732 545 1007 516 394 207 474 911 648 826 533 136 337 204 836 233 306 651 328 748 761 964 764 45 794 537 889 976 618 719 96 598 764 692 136 934 328 548 575 174 469 161 1014 943 526 305 137 510 504 482 375 188 490 395 772 233 631 497 453 220 167 230 410 705 449 285 385 894 120 500 530 964 260 446 773 278 850 427 125 435 222 289 501 904 913 1062 862 816 546 295 1008 501 378 1051 670 278 101 495 1003 174 625 587 532 941 137 528 408 688 257 528 417 918 883 920 625 301 891 222 318 530 143 354 817 450 633 560 367 817 448 931 783 340 630 407 705 145 525 924 130 524 808 530 537 767 327 718 308 250 731 148 314 961 654 522 979 467 574 929 513 659 1004 390 209 522 568 570 1020 697 504 675 641 470 610 871 412 824 413 805 806 798 824 363 344 939 277 448 987 466 40 650 617 938 460 402 527 847 769 839 428 161 814 607 846 614 861 693 367 631 124 548 851 383 543 774 662 526 525 505 678 723 589 388 570 591 484 664 986 524 473 452 163 810 306 272 295 403 532 794 817 748 523 683 399 654 104 497 231 290 401 533 703 908 382 324 764 630 281 474 803 643 896 825 801 830 908 130 240 319 441 380 156 797 654 607 96 848 868 584 682 626 525 710 926 762 540 842 385 505 815 454 765 787 455 109 767 512 428 757 458 224 828 870
185 281 459 768 174 0 520 465 583 499 840 360 369 147 310 762 506 651 394 207 175 179 675 61 132 507 164 587 615 790 619 191 623 383 716 824 459 552 108 464 590 523 40 771 204 386 411 251 487 176 863 768 381 216 189 350 493 378 339 101 332 269 627 219 490 383 393 108 144 75 475 541 415 259 244 720 88 426 362 799 319 405 605 277 702 289 166 323 75 313 326 771 739 922 696 669 378 165 870 364 427 912 496 146 81 352 838 285 451 423 540 785 137 359 256 519 147 395 420 758 710 794 558 351 726 108 146 376 122 363 648 462 497 398 245 643 395 794 609 173 456 434 592 130 426 764 65 528 656 520 372 639 380 549 144 243 558 245 153 804 533 348 825 388 436 790 354 488 836 239 72 359 468 399 881 556 432 517 472 333 453 745 418 659 391 653 633 625 649 416 282 765 107 507 826 298 134 546 506 775 447 230 397 727 595 695 288 146 639 481 699 440 717 578 351 463 215 425 686 306 408 644 525 352 368 394 505 577 415 274 477 452 345 535 836 474 445 355 141 676 245 99 379 415 368 625 652 573 357 584 257 545 92 352 254 127 229 564 576 740 313 198 591 501 119 491 630 501 730 662 630 656 735 223 171 258 380 224 58 663 487 485 85 695 737 538 526 531 543 559 756 621 555 679 237 487 684 286 659 667 456 99 594 337 317 583 312 54 715 701
687 757 269 711 583 520 0 378 922 61 1035 369 887 668 661 515 324 753 802 459 600 380 541 531 483 875 428 870 961 893 392 627 613 361 711 583 414 807 499 870 664 769 540 1007 686 411 428 743 250 686 614 853 313 722 686 705 168 847 210 427 704 287 972 350 310 202 130 622 661 570 379 489 148 299 688 748 486 95 456 1017 824 919 836 796 469 306 458 227 578 327 543 438 765 601 918 999 679 367 544 785 339 587 637 383 567 308 1044 488 632 431 223 585 448 459 362 520 654 262 940 594 837 427 42 860 954 411 539 357 448 269 855 982 290 412 298 756 135 480 659 582 584 282 219 442 896 1025 495 213 463 167 699 315 356 779 581 762 600 475 424 605 230 557 603 135 284 483 712 532 1021 663 583 412 135 660 562 337 927 425 736 285 392 387 235 901 191 460 671 654 709 350 243 846 466 365 655 438 567 162 173 639 178 463 249 347 656 443 313 660 721 232 463 568 456 222 232 482 695 220 919 808 820 332 914 544 726 853 571 926 554 750 104 848 292 941 582 67 140 835 657 372 282 536 424 251 423 839 555 686 681 160 696 179 585 754 768 575 469 298 274 664 819 337 750 255 443 250 782 879 628 913 818 797 877 478 357 772 143 386 576 365 757 910 519 996 403 58 848 118 252 896 925 979 251 565 355 149 362 627 239 303 212 490 775 577 789 678 724 487 307 647
543 564 108 361 619 465 378 0 598 417 661 104 750 576 398 298 78 375 539 560 419 457 222 430 345 573 300 526 637 515 163 648 241 81 343 359 39 459 524 593 286 422 503 640 518 93 84 713 567 632 398 476 101 577 652 430 505 629 413 433 441 241 646 461 80 202 360 517 595 462 660 117 425 437 484 375 498 323 145 646 770 759 478 702 238 198 531 238 475 519 251 329 393 464 552 664 379 324 416 536 604 455 274 340 544 131 671 631 285 78 572 322 499 150 210 142 527 133 820 301 460 365 382 795 587 397 376 88 486 504 489 864 102 83 267 379 378 342 281 399 227 563 246 488 671 663 489 559 191 518 408 227 589 425 419 672 222 596 311 342 181 253 360 309 95 336 438 158 645 453 488 118 243 344 425 117 729 61 403 164 21 320 514 541 450 187 294 278 331 606 368 469 359 666 370 185 583 251 216 328 484 256 144 322 278 235 195 599 343 150 236 215 257 228 455 111 680 161 556 640 557 222 620 236 447 623 197 608 211 559 273 567 147 655 371 399 447 632 593 238 380 406 640 526 116 476 212 311 394 289 486 236 557 498 698 426 260 640 184 319 656 301 380 137 346 570 409 583 294 555 450 421 500 585 404 633 355 240 516 227 423 642 523 650 302 434 525 280 596 574 550 659 600 234 233 486 255 372 313 271 520 510 407 281 584 301 483 410 334 291
448 354 690 590 732 583 922 598 0 937 329 559 506 537 284 794 677 367 202 790 408 737 646 525 501 83 535 100 38 408 726 724 502 573 514 818 560 158 691 154 402 186 609 237 406 525 519 675 1012 608 846 421 618 447 645 239 985 303 836 658 252 650 49 771 677 720 840 512 581 511 1039 549 893 791 347 474 672 836 473 277 663 467 182 565 755 619 749 701 515 868 379 885 482 961 211 85 244 619 933 235 985 958 340 614 633 616 315 869 315 522 1047 756 717 469 566 497 477 668 573 705 345 932 942 655 219 636 453 575 700 899 220 601 698 529 651 351 853 877 431 415 375 974 844 708 295 209 649 1034 702 1007 230 818 944 197 439 562 444 829 547 762 776 365 797 803 666 869 233 458 337 345 526 517 801 262 933 709 376 593 195 636 577 895 941 171 892 700 446 456 421 977 767 423 535 1065 743 484 696 839 797 682 946 471 681 909 418 771 612 588 392 735 758 384 789 826 867 493 684 715 192 410 197 809 101 379 219 275 427 20 387 359 828 148 630 134 838 913 924 336 584 813 746 490 956 945 508 208 603 354 249 880 333 826 628 235 604 456 465 1094 782 602 424 633 289 730 551 1016 297 97 628 158 246 316 335 807 701 467 828 551 578 804 176 182 665 119 869 968 74 857 1061 26 308 61 1070 626 581 971 834 316 911 865 970 683 259 345 330 376 274 560 929 565
673 750 312 761 545 499 61 417 937 0 1068 395 868 646 668 574 371 790 806 416 595 346 593 517 478 885 426 891 976 932 447 590 657 391 756 642 451 829 466 875 701 791 515 1035 676 440 460 710 188 659 674 893 342 707 656 713 107 842 170 402 710 290 987 312 355 227 107 604 636 555 318 532 98 261 684 792 456 102 480 1047 793 903 862 772 526 318 420 236 562 277 559 499 809 663 947 1016 693 356 606 787 279 648 667 371 539 332 1076 438 657 464 165 642 414 483 371 559 639 293 917 649 874 488 98 830 982 391 535 386 415 215 884 958 337 442 295 792 103 541 698 578 613 221 279 409 891 1050 467 153 517 108 710 375 298 803 574 738 638 428 419 662 284 576 662 134 322 544 720 567 1055 661 566 437 179 678 623 389 917 469 756 305 430 449 176 927 139 515 712 696 749 290 217 887 457 304 711 454 532 221 226 693 118 470 280 409 694 501 325 635 759 279 520 596 515 280 183 517 661 256 946 795 824 391 923 564 734 850 606 940 580 742 150 854 315 948 642 25 82 828 631 432 255 526 367 192 449 867 605 720 692 221 693 237 557 757 741 566 476 239 331 714 805 328 781 304 434 188 815 889 679 938 848 831 913 434 330 755 121 390 553 424 777 913 488 1017 464 39 864 176 193 911 959 992 193 616 360 87 422 634 301 364 151 459 804 593 782 714 725 472 369 696
745 665 769 456 1007 840 1035 661 329 1068 0 674 833 831 532 730 728 290 514 1035 669 961 592 779 728 406 740 267 327 192 725 1008 455 677 397 725 623 288 947 481 377 317 873 93 700 628 608 981 1187 906 741 233 725 752 942 499 1141 629 1013 891 521 812 322 987 737 841 990 794 875 777 1245 562 1052 993 635 345 923 967 593 52 980 796 234 881 715 770 994 847 785 1078 545 848 339 865 144 284 461 821 857 545 1188 868 402 823 905 738 22 1117 422 604 1208 664 959 591 730 521 766 775 901 614 207 899 1042 977 117 861 695 682 942 1091 195 930 759 625 823 282 1006 824 390 668 456 1164 892 949 624 134 902 1194 674 1159 470 832 1156 293 699 873 441 1076 755 662 835 524 696 942 752 814 497 503 21 621 798 634 901 444 851 739 706 625 367 768 644 876 1122 184 1063 673 386 403 346 1184 948 240 762 1263 621 636 968 910 876 573 1110 660 788 905 388 740 763 881 325 811 719 474 750 876 1051 553 982 815 156 730 514 818 431 529 486 601 464 348 494 667 931 469 756 460 745 1047 1080 660 876 805 939 740 1183 1130 621 217 552 349 484 945 623 893 904 530 916 717 656 1267 820 492 746 823 287 795 772 1191 252 422 533 186 223 239 165 1056 914 781 981 730 851 800 353 511 926 226 845 1090 343 941 1227 339 111 348 1234 564 753 1124 828 554 946 879 1141 936 266 520 646 359 564 803 939 473
444 474 139 441 516 360 369 104 559 395 674 0 653 473 324 403 158 405 469 465 322 365 320 326 241 521 196 501 598 552 263 545 305 24 409 464 103 437 423 530 319 399 399 639 422 48 74 608 518 528 502 517 59 479 547 362 467 547 350 332 368 156 608 373 148 168 316 414 491 359 595 195 379 357 394 431 396 293 87 651 666 666 467 600 342 110 434 175 371 442 184 426 450 567 551 633 322 225 517 461 538 557 272 240 440 63 682 539 263 83 534 426 401 90 107 194 426 109 722 401 486 457 385 692 586 296 275 19 387 437 488 766 163 54 178 405 332 442 324 302 218 503 299 389 591 656 387 520 296 484 347 308 516 409 320 570 263 503 207 444 229 195 464 268 113 437 370 185 662 364 384 42 242 296 527 208 643 158 369 95 93 410 457 532 395 292 343 329 374 538 294 511 255 606 470 92 480 283 240 424 438 156 122 404 316 338 105 494 378 182 340 200 360 282 391 139 576 155 551 546 487 308 565 180 381 543 220 565 185 469 270 505 81 596 476 373 406 546 489 332 299 303 561 467 54 471 304 330 330 325 398 272 452 424 594 325 162 596 254 404 562 205 387 185 241 521 422 528 385 544 453 440 524 490 310 535 307 136 411 319 389 576 420 627 395 420 485 298 555 533 567 618 561 328 132 449 345 294 371 347 471 409 409 219 497 327 404 306 407 370
210 201 781 953 394 369 887 750 506 868 833 653 0 222 392 1039 812 767 326 518 331 537 919 358 425 427 481 571 518 868 913 359 818 677 883 1090 728 579 425 352 745 571 356 743 232 657 673 243 842 233 1127 865 695 174 258 392 858 204 707 468 368 619 527 577 801 731 762 265 242 319 801 783 783 623 275 866 425 792 611 782 186 57 633 117 983 624 489 678 309 660 520 1079 881 1211 700 572 458 522 1165 300 764 1203 643 505 343 672 821 568 590 684 899 1039 477 606 574 743 236 725 75 999 789 1110 924 163 718 477 379 673 468 719 682 117 813 668 599 752 765 1092 773 351 631 784 932 476 214 715 409 889 930 885 429 960 713 600 334 144 744 540 479 1054 866 530 1082 753 756 1086 388 701 838 306 304 631 822 502 1173 861 146 786 529 665 732 1063 776 658 757 927 796 796 794 750 651 864 429 838 1060 565 379 894 852 1000 812 496 731 1055 757 984 619 245 773 814 982 623 1006 916 715 700 282 764 684 119 322 961 407 544 391 232 697 489 604 203 835 364 672 387 1106 843 813 174 246 985 614 363 688 771 634 660 885 708 429 935 278 890 326 328 167 331 491 914 902 941 101 555 684 827 452 846 714 411 947 650 686 741 797 520 539 119 748 541 316 973 530 329 397 622 1049 907 494 886 899 494 790 506 912 913 566 854 998 402 1003 996 817 427 670 504 201 726 312 400 1051 899
88 188 588 839 207 147 668 576 537 646 831 473 222 0 308 874 628 689 334 310 184 316 771 150 231 454 283 566 562 815 737 189 695 497 779 932 562 547 210 395 643 525 134 751 131 488 510 157 623 75 970 801 505 97 111 333 636 274 485 245 310 409 573 356 614 523 541 58 44 114 593 633 560 401 196 773 206 574 452 785 195 262 603 132 814 422 276 466 102 443 385 896 791 1040 687 619 384 307 990 301 551 1031 542 289 128 478 825 372 491 521 679 887 259 447 379 602 66 527 272 853 733 922 705 219 714 256 204 491 248 499 650 315 623 500 387 678 543 915 667 198 514 566 730 257 318 736 187 668 765 663 366 769 501 554 167 99 625 338 276 904 667 402 928 535 563 910 334 565 831 211 91 461 611 418 1000 678 304 622 475 465 561 874 556 647 535 762 691 687 700 538 429 798 225 628 919 394 179 687 646 864 590 322 531 860 652 811 419 51 684 615 812 501 833 714 493 551 150 561 674 179 342 772 459 412 345 298 573 525 477 182 622 391 475 458 945 622 591 245 47 801 392 169 485 551 467 627 743 617 356 726 208 685 114 304 121 155 318 697 708 818 180 341 617 632 245 627 653 444 815 645 641 681 752 316 317 119 527 345 93 788 485 401 180 655 863 686 494 675 679 516 761 561 693 770 365 631 811 298 799 800 596 209 612 383 221 630 268 185 852 777
229 191 464 560 474 310 661 398 284 668 532 324 392 308 0 664 472 386 145 513 137 454 534 249 217 220 252 277 320 507 554 476 425 344 492 709 367 244 419 209 353 219 341 460 186 307 314 464 729 383 745 495 380 249 418 46 706 234 555 375 44 377 332 487 466 463 566 264 349 244 755 402 615 507 123 478 396 569 253 490 483 385 299 390 612 354 471 434 252 584 146 723 494 838 387 369 75 335 798 137 701 832 251 330 373 369 529 594 198 322 767 654 438 247 298 358 241 425 468 612 425 762 686 492 417 352 171 343 421 614 345 509 484 316 374 373 577 729 381 137 239 690 624 428 273 454 374 754 557 730 62 624 660 247 166 372 351 552 264 668 554 149 698 533 437 722 53 314 530 98 266 288 552 113 803 515 338 419 168 380 377 718 658 350 611 554 404 404 405 693 486 492 250 780 670 234 435 604 561 610 666 198 436 720 364 618 347 355 386 505 612 233 639 606 584 322 457 472 376 273 163 620 255 165 67 225 306 282 217 189 576 186 379 280 727 642 647 243 350 636 463 212 674 661 284 321 497 319 48 647 116 595 372 100 411 184 191 811 574 548 291 352 310 509 267 733 345 221 556 351 333 373 444 532 416 295 554 277 318 624 180 253 395 388 698 701 219 613 779 258 455 332 789 525 308 693 653 33 695 666 688 408 304 120 199 336 87 280 728 506
837 846 324 283 911 762 515 298 794 574 730 403 1039 874 664 0 263 458 793 837 710 734 148 729 643 794 598 701 828 542 148 943 296 379 332 69 312 637 815 834 395 608 800 747 808 386 367 1011 758 930 106 499 384 870 950 686 680 899 644 722 702 519 834 729 281 436 568 815 894 761 876 262 626 695 767 384 790 514 428 737 1068 1043 630 998 60 483 813 493 773 767 522 126 391 174 672 838 624 615 139 797 826 168 458 632 841 415 748 900 496 355 739 81 784 433 506 310 823 387 1112 120 529 175 494 1093 701 688 672 386 773 733 617 1155 283 374 546 472 585 94 369 691 438 775 296 773 935 785 783 728 109 682 656 200 825 597 714 969 350 870 609 97 297 516 88 521 339 84 693 354 710 735 786 413 411 581 140 216 1002 253 611 442 312 170 723 680 663 112 361 347 396 833 620 492 658 871 153 480 877 353 355 169 677 552 391 212 380 76 482 897 424 326 64 438 59 293 684 342 978 380 684 925 809 183 844 500 699 888 374 809 449 842 432 807 426 883 75 567 636 907 892 143 643 704 885 739 408 615 192 442 646 359 767 337 854 758 996 722 556 813 245 240 942 587 514 299 643 759 523 808 198 697 577 519 568 862 683 925 569 538 814 150 626 885 817 806 139 570 729 397 767 775 626 855 766 171 527 660 158 645 303 224 715 801 547 544 861 422 752 708 258 256
603 632 66 390 648 506 324 78 677 371 728 158 812 628 472 263 0 439 615 574 481 471 228 478 396 651 346 604 715 573 115 682 290 135 386 330 116 536 552 670 351 500 543 712 581 164 161 757 536 679 368 532 124 638 695 506 467 701 397 460 515 255 724 468 18 182 331 570 643 513 640 168 395 437 552 424 528 285 219 716 819 824 553 757 202 221 550 233 526 513 326 268 441 416 625 741 457 353 364 610 586 405 349 370 583 154 739 640 362 155 532 305 521 224 250 207 584 124 881 296 524 298 322 846 659 426 434 139 510 488 562 925 33 156 283 445 349 288 341 461 304 540 169 510 743 737 522 519 169 476 485 152 578 502 479 726 286 608 355 326 107 329 338 280 76 284 513 231 712 521 538 185 192 422 375 50 799 103 481 179 99 251 489 616 425 165 351 334 390 590 363 525 405 641 365 249 616 182 152 333 452 315 130 248 340 190 221 646 405 92 198 292 212 152 439 186 721 128 629 705 633 149 698 313 523 696 269 686 289 626 221 644 164 733 338 356 413 702 641 173 383 459 634 503 187 549 234 381 470 217 555 165 597 572 748 483 321 603 105 344 721 324 451 69 388 538 479 661 312 630 522 489 565 599 420 694 329 283 560 161 501 719 555 726 236 382 603 216 558 653 616 738 560 248 268 447 186 445 234 194 489 539 480 357 654 369 556 453 257 324
615 569 484 222 826 651 753 375 367 790 290 405 767 689 386 458 439 0 450 823 506 735 313 593 522 398 517 267 395 147 436 838 168 403 146 467 339 216 749 460 89 205 689 290 572 357 333 846 924 763 491 118 450 635 795 376 870 577 755 676 400 555 399 754 449 566 720 639 727 604 997 272 784 750 509 107 723 691 335 285 869 747 186 776 434 510 784 581 615 836 325 569 118 612 214 392 312 588 593 470 939 612 156 594 728 467 303 904 200 327 937 405 748 334 481 233 623 497 842 353 84 619 757 878 242 642 508 409 732 839 162 880 471 352 572 16 737 550 99 496 203 908 601 737 595 326 705 924 389 886 339 543 913 180 528 758 153 863 533 408 546 303 443 670 469 540 379 223 273 484 630 369 618 272 590 449 677 336 239 500 360 593 862 226 801 388 99 115 61 937 695 114 555 1010 380 390 786 621 590 322 843 434 510 619 98 457 504 733 36 525 438 221 469 586 795 272 833 534 226 649 460 529 445 301 376 555 185 386 245 568 648 436 486 485 488 770 810 599 727 518 692 555 950 872 356 164 270 79 342 655 501 604 732 439 797 545 433 1001 530 239 667 582 85 508 557 927 71 415 271 243 125 60 126 846 683 680 712 489 678 513 242 508 734 353 562 809 320 654 959 355 179 423 965 287 506 852 541 391 655 590 876 736 110 314 566 78 456 604 650 207
246 153 609 653 533 394 802 539 202 806 514 469 326 334 145 793 615 450 0 602 227 561 656 340 337 119 382 247 227 542 692 523 531 489 579 832 507 252 500 71 444 248 416 427 205 450 455 473 853 405 866 541 526 244 442 109 837 127 683 479 101 516 239 597 610 607 702 313 379 319 864 530 747 625 151 554 483 710 396 464 466 299 306 367 743 497 561 575 322 695 289 860 568 966 376 284 168 461 929 33 813 961 349 453 436 514 504 678 301 462 895 774 531 390 440 482 276 570 399 728 464 901 829 463 397 463 282 488 515 734 355 434 628 458 511 435 712 863 474 239 356 809 769 524 147 406 460 882 689 862 136 766 768 276 256 361 459 638 391 786 699 286 818 673 583 855 101 438 517 157 332 432 697 212 933 657 226 555 211 525 519 858 782 334 739 685 495 499 486 803 614 541 366 893 781 380 498 750 706 719 795 340 581 862 458 752 490 386 461 651 744 355 773 751 708 455 482 617 360 217 18 761 131 303 94 104 422 190 344 156 720 58 524 144 851 780 779 152 382 775 587 310 773 783 428 334 615 401 147 793 137 740 430 48 404 272 333 934 718 650 233 483 366 654 387 857 392 109 664 328 360 419 470 617 531 268 689 416 382 764 208 108 473 321 837 841 170 758 905 182 463 229 916 643 448 826 793 177 840 809 814 493 347 258 132 421 84 380 872 609
378 481 513 904 136 207 459 560 790 416 1035 465 518 310 513 837 574 823 602 0 382 103 782 265 308 714 305 790 823 967 689 181 763 482 864 905 568 750 103 671 751 718 188 971 406 505 533 311 333 285 943 941 460 402 268 555 368 575 249 146 539 320 835 114 556 406 332 299 278 282 283 660 319 162 451 877 119 384 501 997 397 567 801 405 777 361 41 345 280 152 500 814 896 978 892 876 577 242 921 571 245 965 667 231 181 429 1035 81 629 544 395 878 76 499 360 653 341 450 548 860 889 824 502 437 924 180 343 475 93 218 841 584 554 516 293 816 324 846 765 377 620 271 604 86 622 967 142 387 741 395 575 676 194 742 351 375 708 40 290 898 561 522 912 354 498 845 559 631 1030 447 272 481 464 591 935 620 614 620 669 398 556 777 276 858 280 738 787 776 810 231 232 936 273 319 930 438 140 545 517 887 325 388 446 749 753 763 364 274 805 518 773 602 784 594 234 595 261 460 884 488 615 685 733 522 574 594 657 784 577 473 460 660 415 742 913 397 341 549 274 723 199 301 175 266 494 818 769 743 558 574 464 552 196 559 362 334 389 398 613 869 491 260 772 544 266 337 811 709 850 862 819 836 919 25 155 429 321 341 228 711 685 689 133 900 778 454 732 516 389 766 945 829 403 792 334 371 725 486 659 690 318 109 780 519 516 749 520 234 724 834
126 159 454 655 337 175 600 419 408 595 669 322 331 184 137 710 481 506 227 382 0 334 597 116 117 334 171 412 441 636 582 340 513 346 594 764 398 381 284 298 458 355 205 597 99 326 343 341 627 257 801 619 367 159 289 174 616 247 460 252 157 314 453 370 470 420 489 133 221 107 637 459 528 398 88 588 263 505 282 627 375 343 436 292 653 307 340 375 115 468 202 747 606 881 525 494 209 241 834 200 585 873 357 230 235 346 666 461 306 354 672 715 308 277 253 424 121 401 402 679 554 780 631 392 554 236 60 342 292 507 481 445 484 337 302 495 497 761 483 20 329 582 609 300 296 589 240 659 601 641 199 631 541 382 31 267 441 420 176 731 541 218 758 466 428 755 178 385 667 70 129 300 511 238 842 530 331 456 304 345 401 732 556 487 516 597 507 502 515 576 393 616 141 665 742 233 298 577 534 686 573 166 409 726 467 653 302 227 500 490 651 317 675 592 483 376 328 444 514 224 242 630 357 229 192 254 390 402 294 152 530 283 349 371 779 569 560 236 221 654 363 83 549 557 303 457 566 432 185 620 98 571 235 181 300 48 160 708 573 636 239 267 436 500 164 632 473 330 635 488 466 501 576 399 304 215 475 222 181 642 317 327 259 519 718 632 350 576 680 384 590 448 692 594 251 606 668 118 681 668 590 275 434 198 189 446 142 153 725 594
364 459 410 805 204 179 380 457 737 346 961 365 537 316 454 734 471 735 561 103 334 0 679 222 238 666 221 725 772 881 586 247 666 381 768 802 467 680 120 632 659 646 181 901 382 406 434 364 308 316 840 853 357 394 310 498 321 556 176 81 485 217 784 40 453 304 249 286 297 251 303 560 252 87 414 783 112 296 406 925 447 578 728 433 674 259 83 243 253 135 417 713 802 876 820 823 510 147 820 533 252 864 581 140 196 327 962 174 546 445 363 775 68 405 262 555 326 347 579 758 805 725 421 485 853 101 284 373 70 184 766 618 451 416 190 730 246 744 672 324 531 255 506 63 604 902 128 352 638 348 513 575 207 668 304 399 613 138 205 795 461 440 809 263 395 743 504 536 954 403 251 383 368 518 834 517 611 518 599 295 454 677 240 788 222 635 693 682 718 242 139 848 203 332 827 346 187 450 418 785 275 303 343 651 660 660 262 295 715 416 670 513 681 495 178 497 315 358 813 484 575 584 691 437 518 571 563 733 489 452 367 617 312 705 810 323 280 534 292 622 103 250 222 236 396 744 667 655 495 481 426 455 214 515 397 289 306 385 512 769 490 159 689 442 190 313 729 663 749 793 740 753 836 128 54 432 237 246 222 610 616 657 144 842 677 385 673 423 364 712 866 781 378 691 236 318 624 423 564 591 280 113 700 440 495 659 476 180 628 735
724 722 294 174 836 675 541 222 646 593 592 320 919 771 534 148 228 313 656 782 597 679 0 633 548 650 511 553 680 410 155 863 148 300 199 176 217 489 743 692 247 461 715 603 691 289 264 917 764 834 210 366 322 755 857 552 693 767 624 653 570 463 687 682 246 408 560 713 796 661 868 138 624 657 644 249 716 513 319 595 966 918 482 889 123 420 752 454 674 737 399 256 260 315 526 690 488 545 286 662 814 312 313 560 756 352 609 853 355 252 757 120 720 323 428 177 715 344 994 82 388 307 531 987 556 616 567 308 707 715 470 1036 260 277 489 326 578 237 221 580 300 769 342 709 800 639 706 745 88 700 520 259 804 450 606 862 203 818 524 134 311 389 163 509 297 228 558 220 572 613 688 316 416 443 286 204 871 162 467 385 226 285 718 533 654 88 214 199 251 818 585 359 568 869 150 379 800 383 368 106 680 451 353 316 232 148 417 800 277 317 127 302 157 331 666 221 888 356 537 803 671 242 699 375 563 754 233 661 317 718 443 666 369 739 195 581 640 778 795 219 600 604 858 731 307 467 43 294 511 404 642 365 767 624 893 616 454 829 272 125 820 522 366 290 557 766 376 664 86 550 430 373 428 807 626 809 558 455 722 217 481 744 740 658 253 600 582 425 784 628 485 707 785 28 452 673 242 519 377 301 717 729 399 417 734 273 622 621 355 123
156 240 437 717 233 61 531 430 525 517 779 326 358 150 249 729 478 593 340 265 116 222 633 0 85 450 132 526 557 730 589 245 572 349 663 788 420 491 169 410 534 462 96 709 163 346 369 283 525 201 827 710 355 191 223 290 523 336 366 140 273 261 569 261 464 375 409 95 165 39 524 497 439 294 191 665 147 436 316 738 340 387 544 282 669 271 224 319 49 358 270 746 684 893 634 610 317 164 842 311 474 883 438 147 134 328 776 345 392 381 574 746 192 312 229 472 123 376 417 716 650 772 567 368 665 132 85 343 176 402 587 461 473 358 241 584 414 766 555 112 401 476 580 184 385 703 125 562 621 549 311 618 429 488 85 249 505 304 125 764 517 291 787 396 413 762 294 438 775 182 59 318 464 338 852 529 401 479 411 315 417 723 454 598 421 617 579 572 593 464 303 706 74 554 783 254 193 538 497 730 478 183 380 710 540 664 268 168 582 465 666 385 686 564 384 417 255 411 624 278 354 622 471 296 308 349 453 519 360 232 477 397 324 483 801 491 471 317 163 651 269 38 433 453 326 564 608 516 296 578 204 536 140 295 270 68 180 604 557 691 288 196 531 481 95 529 570 445 684 600 569 596 675 283 201 241 396 195 90 638 426 434 146 635 713 555 466 528 580 500 695 564 592 635 215 515 661 225 649 649 491 159 534 279 275 526 256 45 701 652
214 274 359 635 306 132 483 345 501 478 728 241 425 231 217 643 396 522 337 308 117 238 548 85 0 434 57 487 537 664 505 324 490 265 583 703 334 443 226 408 458 411 172 665 205 260 283 369 516 287 741 640 274 251 309 262 500 364 345 163 251 199 549 270 383 309 371 173 250 117 537 411 411 290 206 588 200 387 231 690 425 446 493 360 584 199 267 260 130 367 196 664 607 809 585 586 272 124 758 314 483 799 366 115 213 249 727 390 324 295 558 661 232 227 150 388 190 300 489 630 584 692 515 450 617 136 57 259 214 398 533 533 393 272 185 515 379 683 477 101 324 474 507 221 414 664 182 545 536 525 275 539 443 434 98 329 425 348 58 679 442 218 701 348 334 679 268 355 722 185 142 232 400 283 768 447 445 393 362 240 331 644 445 552 401 532 500 492 518 476 277 636 35 563 698 169 266 470 427 645 458 98 306 632 463 579 194 254 509 389 581 308 602 491 371 332 340 339 577 330 354 541 463 221 283 372 372 499 283 267 417 390 248 482 716 452 444 352 248 569 250 63 460 447 240 510 523 444 257 511 216 466 222 289 353 95 96 598 479 608 343 149 466 404 50 520 505 433 599 556 511 531 612 329 199 305 358 116 174 557 379 441 211 604 632 514 436 465 568 475 637 548 579 550 141 490 580 186 578 572 477 214 473 212 305 452 253 81 627 569
365 271 657 615 651 507 875 573 83 885 406 521 427 454 220 794 651 398 119 714 334 666 650 450 434 0 472 150 109 462 712 642 511 537 539 825 536 182 614 75 415 196 531 316 324 492 490 591 949 524 856 469 579 363 562 174 926 223 775 586 182 595 121 701 649 674 785 431 499 433 969 539 835 724 266 505 595 786 438 355 580 390 225 481 751 569 673 650 437 799 336 876 516 965 277 165 198 555 933 152 916 962 336 549 553 574 394 792 300 495 987 764 642 433 514 488 395 628 495 715 392 921 898 573 292 566 383 538 626 833 271 526 670 498 594 381 797 873 445 342 360 908 814 634 220 291 572 974 697 950 175 798 874 217 364 478 446 752 483 773 745 326 807 750 631 864 167 446 412 267 447 480 760 228 935 688 303 576 182 590 552 881 878 235 831 694 463 471 445 908 706 470 466 996 759 439 616 804 761 697 886 415 640 891 430 764 561 505 417 701 752 366 783 796 804 474 601 675 259 327 113 790 49 342 152 194 420 71 363 275 785 65 586 89 844 860 867 254 501 798 683 417 883 881 472 253 607 368 194 846 253 792 547 155 521 381 409 1031 757 621 342 572 314 699 484 953 331 18 643 225 287 354 389 730 632 383 773 495 498 788 169 114 587 203 857 918 78 818 999 67 371 114 1009 632 526 913 818 253 884 843 908 606 288 302 246 389 195 487 907 582
271 330 305 610 328 164 428 300 535 426 740 196 481 283 252 598 346 517 382 305 171 221 511 132 57 472 0 511 572 661 457 352 467 219 564 660 294 462 240 453 446 427 204 683 261 221 247 412 477 333 698 635 222 307 351 298 455 419 302 159 291 143 583 247 331 251 320 225 297 169 510 377 365 258 259 573 213 333 202 705 473 503 509 413 538 142 267 203 180 340 196 613 592 761 600 619 297 84 710 362 455 751 361 83 245 195 741 386 324 259 515 620 232 200 96 359 245 245 545 593 584 639 459 500 634 125 111 212 215 364 545 589 340 233 130 511 329 634 462 153 314 440 451 220 467 686 199 501 492 479 305 486 418 448 154 381 406 346 16 639 386 218 660 294 280 630 305 332 732 236 192 194 343 299 720 396 501 352 381 184 289 591 406 570 358 488 484 474 505 448 233 630 59 533 661 138 290 413 370 611 414 82 250 578 448 532 138 300 499 334 536 296 555 435 332 302 379 282 594 387 400 489 505 217 320 424 354 534 271 323 360 433 192 526 672 400 397 408 294 518 211 118 443 410 204 523 489 437 286 454 268 409 257 334 402 152 84 559 425 580 400 100 468 349 46 481 508 473 568 576 519 532 615 329 174 362 307 62 215 506 399 488 231 632 581 462 466 408 526 509 644 584 537 515 84 443 528 219 521 518 436 226 479 219 360 443 300 110 571 542
478 397 625 490 748 587 870 526 100 891 267 501 571 566 277 701 604 267 247 790 412 725 553 526 487 150 511 0 128 313 642 746 407 512 413 722 487 67 696 224 306 104 618 185 434 462 452 714 982 640 750 323 559 485 677 238 947 367 805 650 258 610 133 756 606 667 799 532 610 520 1022 464 856 770 369 373 673 788 414 219 713 538 81 614 666 575 748 657 527 851 333 797 381 866 129 139 215 595 840 278 966 864 257 594 647 562 259 871 242 453 1012 660 714 410 526 413 501 610 642 608 246 845 886 711 149 624 447 515 697 874 122 674 628 465 615 250 813 787 335 414 299 950 773 704 370 177 651 998 614 968 215 739 928 105 443 606 353 829 525 666 707 315 700 758 602 778 235 377 269 359 539 458 744 215 840 632 453 514 134 586 506 811 913 86 859 612 348 359 322 960 737 325 522 1044 644 437 710 774 734 584 911 438 623 828 322 683 567 616 293 670 668 312 700 755 839 417 716 656 112 465 249 729 189 327 223 340 343 120 320 400 772 208 578 227 742 867 886 397 612 730 721 489 948 918 447 107 510 259 231 814 357 759 645 263 649 461 433 1064 708 503 481 605 191 662 536 986 196 168 531 80 146 215 239 809 684 514 788 516 592 721 114 264 672 126 783 919 77 795 1028 92 220 156 1036 532 544 932 751 303 838 786 938 686 159 301 380 280 298 556 850 467
474 377 729 618 761 615 961 637 38 976 327 598 518 562 320 828 715 395 227 823 441 772 680 557 537 109 572 128 0 424 762 751 535 612 542 850 598 191 723 171 434 221 639 234 433 564 558 696 1049 632 878 441 657 470 669 274 1022 318 874 692 286 688 12 806 716 758 878 540 607 542 1074 585 931 827 376 501 703 874 512 275 680 475 208 583 791 658 781 740 546 904 418 921 507 994 223 57 282 655 967 260 1021 992 377 650 662 655 312 901 352 561 1084 788 750 508 605 533 504 707 581 737 366 968 981 671 225 671 488 614 733 935 242 608 737 568 689 378 891 913 463 448 413 1011 882 741 303 199 680 1071 738 1045 267 856 979 230 472 582 478 860 584 794 814 404 829 841 705 904 268 495 338 376 556 556 840 301 967 747 382 630 233 675 616 932 978 186 929 736 477 488 451 1012 804 443 570 1100 773 523 725 878 836 713 983 509 719 946 450 807 650 613 422 774 793 422 824 864 904 531 708 754 204 427 219 847 110 418 253 289 463 38 426 382 867 170 669 134 871 951 962 351 610 850 783 523 990 982 546 232 637 387 286 919 362 865 657 264 624 489 503 1131 820 632 440 670 320 769 587 1053 324 118 660 171 272 341 352 839 736 486 866 589 607 841 214 189 696 105 905 1007 113 896 1098 64 319 27 1108 659 619 1009 871 352 950 902 1007 714 288 383 350 408 304 594 966 596
736 677 623 264 964 790 893 515 408 932 192 552 868 815 507 542 573 147 542 967 636 881 410 730 664 462 661 313 424 0 552 973 285 549 210 533 480 289 890 534 232 297 827 238 692 504 479 972 1070 890 548 43 595 752 924 488 1015 668 902 820 513 703 423 901 585 710 865 769 855 738 1144 404 930 897 626 160 864 835 482 213 987 841 238 891 532 658 928 728 749 984 467 663 150 673 202 401 431 734 666 567 1087 676 300 740 864 613 213 1048 339 473 1082 474 892 482 629 373 749 640 941 424 81 714 894 992 211 787 645 555 875 987 191 976 606 498 719 151 883 637 233 628 349 1055 728 881 678 285 846 1069 495 1030 452 660 1060 268 661 877 294 1008 677 471 678 445 504 816 610 627 490 368 171 605 763 517 758 398 660 576 761 469 344 647 502 695 1009 237 947 495 221 239 183 1085 843 50 697 1157 429 537 924 754 725 381 989 579 653 726 238 558 651 861 174 662 537 368 566 714 942 417 963 675 221 753 548 645 502 445 483 643 331 428 392 677 788 514 632 540 554 913 955 694 856 628 840 692 1097 1019 503 210 373 226 460 785 617 737 867 541 917 678 577 1147 656 302 771 729 199 642 701 1073 162 480 344 252 181 134 73 990 830 792 858 636 813 624 339 577 874 348 663 950 385 789 1105 405 111 450 1110 381 654 996 650 518 776 705 1023 878 203 452 668 225 565 744 763 288
706 726 176 329 764 619 392 163 726 447 725 263 913 737 554 148 115 436 692 689 582 586 155 589 505 712 457 642 762 552 0 797 270 239 347 216 187 575 668 741 355 541 656 724 681 256 242 869 625 790 254 509 238 740 808 583 550 788 500 575 596 371 770 580 133 289 427 678 754 623 737 178 488 548 646 394 643 376 305 721 930 921 581 864 88 336 665 345 635 621 408 168 407 303 641 782 527 468 253 691 686 294 386 485 697 268 739 752 413 233 612 199 636 310 362 229 690 238 984 202 518 209 378 956 673 541 538 245 625 590 580 1027 135 245 398 446 445 179 337 562 352 636 186 625 828 755 637 600 70 555 557 108 681 537 582 834 295 721 467 220 162 406 227 378 190 174 590 267 707 615 647 281 274 487 263 68 889 137 533 294 180 169 585 639 523 68 339 321 378 691 473 502 516 735 265 348 731 231 221 246 542 418 243 185 341 75 335 757 400 182 84 345 97 176 541 238 834 233 648 802 709 93 761 389 598 780 299 738 350 721 299 714 279 798 224 437 501 792 752 87 495 567 741 599 279 572 181 395 544 249 647 213 710 653 858 589 423 686 118 281 819 440 469 154 501 626 489 724 241 655 539 493 559 713 535 796 428 395 673 78 551 791 670 759 145 450 655 274 640 704 615 787 640 182 382 530 108 531 225 153 580 654 501 435 745 378 641 566 214 274
277 378 628 959 45 191 627 648 724 590 1008 545 359 189 476 943 682 838 523 181 340 247 863 245 324 642 352 746 751 973 797 0 814 566 907 1007 646 720 133 585 780 695 151 932 317 574 600 131 514 131 1045 954 558 286 101 509 549 462 420 223 487 430 762 278 665 536 497 214 145 234 451 730 494 329 378 910 155 543 553 964 217 412 775 242 882 460 169 473 225 334 516 940 929 1097 863 807 550 328 1043 490 421 1086 684 311 111 528 1003 212 637 612 577 971 180 550 438 710 247 563 377 945 892 957 669 257 891 256 329 559 183 400 821 409 668 586 403 828 492 966 800 345 646 452 744 187 503 919 159 569 839 576 537 804 370 722 313 216 749 190 339 990 692 536 1009 509 608 964 511 680 1006 387 210 547 609 577 1055 731 476 703 644 504 639 908 458 824 458 835 824 816 839 406 387 951 298 490 1014 489 66 691 656 964 505 422 563 886 785 872 461 139 828 644 879 630 894 732 412 654 81 585 851 359 531 811 649 542 523 486 697 713 605 372 611 580 518 648 1018 569 519 431 142 845 349 282 335 448 557 797 842 761 525 724 391 694 106 490 192 295 421 577 740 931 356 358 773 666 306 518 811 632 920 824 807 839 915 174 280 293 485 408 159 833 656 591 126 841 904 629 677 667 570 702 931 751 584 868 415 551 851 458 806 826 500 145 774 523 410 771 451 244 867 892
