316
0 751 523 373 525 680 80 325 485 514 529 209 435 725 834 942 578 845 924 960 718 533 704 828 974 478 805 623 410 793 650 591 172 747 702 141 905 474 738 837 112 861 16 1017 638 344 848 982 613 1107 282 887 600 867 726 381 545 548 607 620 784 189 641 509 319 830 569 1039 1085 793 316 158 499 361 983 731 817 457 701 974 836 234 457 878 122 868 999 1048 692 437 235 732 500 682 981 979 480 635 776 874 550 942 868 375 869 444 776 991 413 902 389 563 907 347 76 541 570 768 152 572 900 820 279 729 1006 483 572 344 360 872 478 222 647 262 1017 422 873 384 766 913 459 681 373 448 731 845 640 427 900 112 687 867 1108 446 891 793 746 521 995 90 616 756 191 816 370 221 822 108 960 61 379 670 117 211 660 875 720 533 465 971 481 863 831 684 163 316 868 35 898 311 1009 256 592 897 744 91 782 602 507 554 800 939 745 451 861 260 574 418 480 963 440 312 636 422 373 757 348 663 802 1011 283 789 429 666 634 898 714 735 241 350 137 805 965 144 404 863 621 499 983 153 380 1042 978 561 896 419 359 451 430 883 534 425 966 205 434 683 754 709 747 821 289 970 487 213 529 911 446 356 419 997 1028 884 1055 874 638 772 557 576 849 531 577 552 524 455 306 449 854 144 480 975 392 705 115 244 893 924 926 669 890 1063 670 776 592 523 577 619 356 456 452 925 625 558 674 649 945 206
751 0 788 486 717 393 706 715 420 398 889 590 773 298 527 682 1009 320 401 287 723 757 64 601 820 589 59 376 346 769 371 984 629 44 404 612 165 353 617 659 663 222 737 732 126 490 251 404 184 872 470 481 180 152 496 463 683 719 159 169 563 597 194 405 451 143 411 655 826 68 832 624 864 401 718 185 68 1013 571 595 682 834 673 187 639 637 293 842 195 787 554 39 469 69 231 666 740 178 827 129 212 192 353 388 261 860 720 706 877 471 500 503 499 890 697 309 183 94 684 795 224 758 557 265 284 476 230 577 711 290 499 547 765 505 312 498 630 415 667 163 404 614 542 844 535 94 564 755 207 640 119 138 831 380 141 440 108 367 780 702 287 289 559 165 396 556 258 647 708 694 813 92 641 585 718 659 587 788 604 805 509 114 586 865 665 898 593 716 406 638 278 495 990 327 473 682 215 786 252 1015 706 246 778 318 631 810 194 572 319 542 424 711 714 585 615 157 427 694 77 712 468 124 690 107 119 605 674 219 830 622 772 807 671 682 939 117 132 947 232 634 433 799 635 353 851 618 903 640 656 532 754 423 508 804 350 554 51 606 775 826 828 233 402 632 399 221 369 601 371 782 846 761 777 399 429 55 929 982 296 736 651 694 398 327 637 472 450 607 432 472 715 344 747 514 211 289 345 202 145 312 86 112 460 678 798 174 684 306 436 185 605 520 217 646 326 664
523 788 0 340 76 459 577 199 368 817 112 386 90 565 508 540 235 663 701 839 251 38 723 452 508 198 846 439 609 313 457 201 391 813 468 528 947 445 343 427 571 752 527 607 666 698 716 775 604 653 498 600 610 819 420 361 120 86 636 618 429 603 808 817 448 923 386 680 646 786 249 416 100 609 570 649 828 323 340 633 412 337 119 804 459 477 899 591 858 93 397 796 318 731 987 596 55 789 269 860 599 952 667 487 734 143 319 587 191 625 314 301 612 271 563 782 637 859 378 50 802 350 679 591 923 835 752 265 166 716 288 432 147 441 909 301 486 423 340 905 392 289 769 123 395 860 293 96 817 491 672 926 673 425 910 525 713 803 553 584 845 597 497 741 477 597 681 533 548 487 169 698 468 389 192 472 347 9 184 511 278 890 466 160 375 313 505 511 665 766 939 497 207 720 453 452 671 87 660 254 355 843 253 656 472 292 606 227 711 654 375 212 169 840 211 689 629 212 864 609 512 741 893 680 683 532 279 629 327 793 397 310 575 627 272 854 675 200 986 412 401 603 614 834 400 853 272 151 880 561 42 738 679 345 477 337 822 322 256 321 275 919 387 341 389 822 439 788 676 554 564 425 632 641 403 770 148 203 685 59 171 113 389 680 760 320 583 495 356 716 136 515 410 560 805 784 744 600 873 1049 707 736 351 115 55 614 827 646 778 967 248 282 856 234 783 331
373 486 340 0 287 307 378 228 113 481 424 164 300 364 463 583 535 484 557 624 413 320 424 467 641 169 546 252 270 487 278 517 202 502 329 288 651 136 391 487 349 525 365 657 360 385 503 620 308 762 185 513 306 559 356 22 275 301 327 320 420 340 472 482 120 608 196 668 733 503 347 214 394 278 625 398 539 527 347 603 492 362 221 558 254 509 673 706 524 312 140 484 131 421 708 614 285 455 500 585 278 670 504 147 524 380 455 630 392 530 28 201 534 405 363 442 314 542 243 366 570 502 388 375 687 509 414 91 227 520 118 165 387 144 688 61 512 83 429 628 96 342 463 366 366 571 291 282 577 277 385 623 754 106 622 420 439 465 648 380 505 397 230 492 138 316 472 312 603 312 328 394 262 161 370 519 367 344 170 635 125 598 468 467 225 416 503 341 529 489 697 196 522 540 372 282 441 375 322 536 469 612 457 316 502 332 292 116 372 590 74 224 352 536 136 433 304 360 557 649 198 476 609 381 370 532 390 392 357 506 327 511 602 400 453 576 359 467 708 219 61 692 610 495 592 555 417 191 589 511 319 409 593 337 143 326 511 363 456 530 346 665 119 177 158 586 117 496 341 650 691 553 698 505 265 484 464 512 493 304 277 287 153 341 484 79 481 258 107 604 236 337 312 265 567 579 569 337 600 781 400 467 222 259 371 317 554 306 449 671 292 203 520 328 594 203
525 717 76 287 0 383 569 203 300 769 188 363 125 489 438 482 311 588 626 763 205 40 652 387 469 130 775 363 558 276 381 276 376 744 392 509 875 381 278 368 558 676 526 552 597 661 640 700 534 610 459 528 542 744 346 307 46 23 568 548 361 580 747 770 403 853 312 616 599 713 286 400 173 564 516 574 755 389 270 567 356 365 73 728 445 415 823 549 796 136 367 726 248 662 913 535 59 727 251 787 533 879 591 435 658 205 272 530 248 553 260 225 541 320 554 728 572 791 373 80 726 309 649 516 847 793 693 225 167 640 219 402 121 405 833 240 424 369 283 831 327 221 736 184 323 787 219 119 742 477 600 855 625 363 837 450 640 753 505 576 789 521 470 666 426 569 605 519 492 481 211 628 454 365 144 413 278 73 120 469 209 817 400 181 367 358 439 507 590 742 863 461 283 645 379 445 596 88 602 329 304 767 222 604 411 319 539 171 659 584 313 215 119 808 174 614 587 157 794 553 473 667 868 610 615 467 222 553 356 766 409 282 515 614 331 781 608 272 912 397 347 556 550 783 374 823 324 97 852 492 37 694 608 367 417 265 753 255 224 297 308 843 319 325 317 747 377 759 628 507 524 381 580 567 327 698 224 279 609 18 98 42 318 628 736 256 510 475 288 643 136 440 417 528 729 708 668 527 799 975 637 663 276 39 84 544 805 593 735 894 175 207 795 168 708 322
680 393 459 307 383 0 678 477 195 625 571 471 481 110 179 330 695 205 259 379 334 423 335 225 443 283 443 59 436 375 36 660 510 432 23 582 529 229 224 275 644 296 672 397 307 604 257 329 245 526 446 207 266 375 105 299 340 376 293 259 180 617 504 629 383 536 111 375 486 366 600 521 554 479 372 216 410 752 178 307 295 643 371 352 559 267 440 482 539 495 444 417 190 362 550 339 427 481 437 426 297 519 214 354 274 572 327 368 606 222 295 163 228 652 664 549 326 484 548 450 346 365 637 142 465 683 481 362 454 256 222 464 394 432 450 267 264 310 273 469 224 225 683 553 143 440 183 466 363 580 277 520 500 248 485 114 293 598 419 679 580 139 520 296 352 584 223 610 355 619 550 325 567 469 339 286 193 456 304 431 225 471 215 495 531 677 237 648 227 741 483 467 666 263 92 589 221 430 413 712 313 385 389 457 260 604 283 308 503 286 241 479 342 751 367 254 514 313 470 382 455 307 844 303 333 260 283 186 636 747 628 413 334 690 684 423 333 651 548 527 306 450 324 610 458 778 661 343 816 216 419 589 285 625 290 162 441 213 385 433 609 467 193 481 150 367 254 731 510 421 478 373 442 202 57 357 608 663 225 401 294 349 156 483 737 235 174 557 199 298 442 58 616 528 350 324 288 193 436 602 337 308 112 345 451 253 804 440 623 546 229 180 549 266 325 503
80 706 577 378 569 678 0 377 485 441 594 221 491 712 841 959 650 829 912 932 753 581 664 843 1003 506 758 620 360 829 646 660 196 698 701 100 855 460 760 859 43 833 66 1034 600 271 825 966 583 1132 249 886 567 831 735 381 584 591 571 587 798 119 582 436 300 775 570 1046 1107 753 386 174 562 307 1001 705 774 535 720 980 860 310 498 846 128 885 967 1074 631 494 238 684 509 638 934 992 529 578 819 833 515 896 854 348 846 511 808 1007 483 899 398 577 907 422 15 476 530 716 198 623 869 853 203 711 971 405 514 368 410 851 491 214 690 247 985 433 889 371 792 869 454 705 294 512 744 800 660 481 867 101 653 816 1128 435 845 793 712 451 1018 10 549 741 161 786 345 156 801 68 979 90 443 630 119 222 698 894 740 585 495 999 496 817 845 736 202 393 881 70 888 231 972 224 662 879 749 125 758 651 457 628 829 908 785 396 878 331 539 444 419 964 437 364 675 342 406 728 288 698 752 1026 247 755 350 629 593 910 744 713 315 269 210 844 979 63 480 821 580 570 936 174 372 1064 988 491 933 338 435 487 350 888 583 354 962 279 412 700 705 732 786 861 360 932 484 245 528 879 432 275 358 1020 1056 913 1074 865 642 732 624 646 830 577 611 593 522 397 225 457 852 121 482 967 442 697 183 192 862 899 908 645 848 1018 629 742 600 562 629 587 277 404 378 874 651 575 612 679 923 247
325 715 199 228 203 477 377 0 313 658 231 201 115 561 587 663 323 677 736 834 405 207 653 556 668 203 775 434 465 479 459 316 197 730 493 334 880 363 453 551 373 737 328 736 588 521 709 806 535 807 334 662 534 782 481 251 231 227 556 548 520 411 690 657 300 836 372 783 792 730 124 222 199 451 700 616 767 298 428 725 544 175 144 777 262 591 887 746 743 121 221 713 290 649 935 709 155 674 453 811 506 898 690 354 730 164 469 712 166 684 216 320 679 180 363 639 541 770 178 247 785 509 492 579 905 665 626 138 36 720 256 254 324 274 901 227 598 304 470 855 316 393 587 156 472 799 368 104 794 294 612 852 817 335 850 573 663 649 699 385 709 595 311 711 344 410 677 336 676 287 102 622 271 205 345 593 443 208 183 667 252 826 565 359 177 200 604 311 703 573 916 326 319 735 509 252 653 277 536 317 498 827 426 515 585 131 521 168 567 730 294 12 320 656 110 653 464 353 785 733 346 699 701 609 598 634 412 605 166 603 205 486 692 428 224 803 588 248 935 216 284 748 718 685 577 665 191 152 690 640 209 573 745 168 369 415 740 426 428 500 132 887 328 149 352 802 346 599 522 700 723 579 768 678 422 711 268 307 691 207 274 236 350 535 567 259 637 301 303 769 68 522 214 381 784 784 762 557 826 1007 629 691 366 209 252 545 633 509 612 900 338 307 735 350 794 133
485 420 368 113 300 195 485 313 0 509 469 276 354 254 357 488 589 374 445 521 365 339 356 372 564 170 479 138 298 433 165 563 315 444 217 390 582 85 312 401 453 424 477 561 298 446 398 509 236 674 264 402 242 470 254 104 271 305 268 250 324 433 451 511 197 554 85 562 642 425 438 326 444 326 531 302 465 608 264 495 410 465 253 463 365 416 573 622 498 368 249 427 57 362 629 513 319 430 464 503 233 593 392 186 419 444 394 533 466 417 105 124 422 494 470 451 272 491 356 380 471 440 465 268 591 551 404 181 301 412 80 270 370 241 587 86 417 127 357 548 40 274 526 426 271 497 218 337 480 386 308 559 661 79 547 308 354 487 561 486 503 288 330 398 182 403 366 418 510 424 403 330 372 274 337 429 285 369 183 556 90 526 370 464 338 511 402 453 416 570 602 282 569 430 265 394 339 377 316 597 399 513 416 334 408 431 238 154 389 479 48 313 325 599 204 340 357 320 496 550 275 388 682 313 315 430 331 291 459 581 438 463 503 501 535 496 307 529 628 332 117 602 505 510 535 622 505 220 658 403 336 451 480 444 138 241 454 287 415 483 441 574 18 289 45 488 93 568 375 563 610 479 604 392 157 407 509 562 384 319 252 284 40 361 565 55 369 364 12 491 300 224 425 348 470 474 458 245 517 698 338 381 123 263 384 246 634 320 490 602 236 135 500 278 486 314
514 398 817 481 769 625 441 658 509 0 885 463 760 586 802 956 981 666 757 683 874 801 394 849 1060 649 425 575 213 942 590 974 484 367 646 383 496 427 814 892 402 604 497 1021 363 169 620 780 399 1151 324 796 375 551 724 463 756 783 356 391 801 324 209 7 368 397 565 979 1112 465 737 464 854 208 997 510 462 917 763 911 906 694 701 583 448 891 692 1107 237 770 437 361 565 354 584 961 761 221 971 522 331 551 700 336 636 823 902 993 817 796 509 634 817 789 440 90 310 356 533 847 619 948 240 564 680 78 172 552 675 657 575 407 866 383 711 534 889 403 861 544 470 782 172 814 755 476 725 744 604 429 423 453 1125 430 505 722 467 31 1043 433 131 598 367 545 344 294 613 410 980 479 757 372 444 458 842 909 784 822 652 1049 585 478 840 949 519 776 862 486 749 276 671 333 978 694 718 488 562 857 213 972 904 644 924 175 884 693 350 598 123 871 474 648 827 193 605 508 194 827 404 1005 311 503 296 386 339 885 840 536 695 248 601 972 958 391 848 510 331 904 588 474 424 1076 940 56 1044 225 803 672 261 829 800 90 848 659 370 741 368 791 923 992 720 626 493 518 526 618 415 227 140 1045 1100 980 1067 734 626 447 924 965 652 786 751 769 520 148 278 530 760 401 517 827 696 605 570 292 606 676 718 474 536 667 362 488 620 741 852 395 305 190 63 510 745 645 211 787 710 545
529 889 112 424 188 571 594 231 469 885 0 433 125 676 618 638 123 776 813 950 346 150 825 558 589 303 949 549 685 397 568 94 427 912 580 563 1050 541 449 527 596 863 537 702 766 753 827 887 705 734 561 710 710 927 531 446 233 198 735 719 538 640 896 885 520 1021 494 782 732 891 219 452 32 677 666 757 933 229 450 739 510 312 216 913 489 579 1010 672 948 114 451 895 423 830 1094 696 150 879 336 967 694 1058 779 566 845 86 412 684 130 736 401 411 722 217 581 859 732 957 400 138 913 436 724 702 1034 896 837 338 210 828 390 485 237 502 1021 394 589 507 441 1012 488 398 819 81 506 965 405 142 927 521 776 1028 760 518 1015 637 819 875 641 602 926 708 543 851 556 641 793 561 644 504 151 798 498 437 291 572 456 116 286 594 382 994 573 200 403 262 610 524 777 802 1050 556 100 833 565 472 781 174 745 142 450 954 334 734 575 273 703 319 787 762 470 243 271 887 288 797 693 314 965 706 574 848 929 782 781 637 381 738 302 833 393 385 675 650 195 961 773 96 1093 445 485 691 717 908 469 896 212 248 920 670 154 802 789 330 565 448 922 430 338 391 248 1028 487 381 494 933 532 830 747 642 643 512 723 754 515 875 40 93 797 171 283 225 494 755 796 417 695 531 457 827 190 627 414 612 915 896 856 706 980 1158 807 843 462 226 139 715 860 726 841 1071 359 393 944 342 896 362
209 590 386 164 363 471 221 201 276 463 433 0 313 522 625 739 520 642 718 769 535 383 535 623 782 286 648 415 286 611 442 516 41 595 493 146 752 274 538 637 200 669 202 813 468 320 652 779 431 910 143 678 422 688 518 173 371 383 435 439 578 217 523 461 138 692 360 831 885 621 275 50 400 260 780 539 652 459 499 766 638 249 289 694 93 664 813 853 577 320 35 579 292 521 820 773 333 511 607 704 379 781 664 201 673 363 588 786 354 694 180 357 698 330 206 454 407 627 94 428 711 633 293 528 823 464 455 148 225 673 271 55 481 89 829 214 668 187 571 745 252 484 386 357 525 682 439 298 714 121 508 719 907 245 731 584 566 457 797 225 527 554 110 630 193 210 623 161 758 148 296 501 101 5 482 673 518 394 276 778 276 704 626 540 75 324 662 178 691 379 829 129 520 696 535 118 587 450 372 509 608 752 570 336 658 237 399 223 383 754 232 190 460 455 191 569 268 480 651 806 154 607 507 494 470 691 524 539 248 406 182 629 760 255 388 694 458 442 821 55 178 843 771 494 716 467 344 273 493 674 383 375 757 217 247 479 604 510 571 646 261 794 280 55 321 725 248 401 331 799 834 692 853 667 429 601 470 506 648 374 393 381 316 351 374 240 645 112 272 767 252 498 160 179 706 728 725 477 719 899 504 595 384 350 433 438 442 334 413 773 430 354 565 458 747 84
435 773 90 300 125 481 491 115 354 760 125 313 0 579 558 608 236 687 734 855 328 110 710 512 590 199 833 450 559 396 472 217 312 794 493 449 936 422 403 494 488 764 440 678 649 631 731 807 590 733 437 643 593 821 460 322 168 147 617 603 483 526 772 760 394 903 392 741 723 780 163 337 94 552 641 651 820 272 391 690 482 248 110 810 377 541 913 672 824 13 328 777 314 712 984 661 66 755 357 857 573 947 694 441 750 91 396 656 127 668 279 318 658 194 478 734 611 838 293 140 813 431 606 602 934 772 712 213 88 736 280 363 232 378 925 275 549 383 409 902 370 345 699 72 442 852 336 18 826 410 663 912 750 397 902 561 709 749 630 499 801 613 423 746 431 523 697 451 618 401 85 682 387 316 267 538 401 99 180 592 273 881 524 249 292 232 563 424 699 688 949 432 222 745 492 367 681 175 621 242 430 855 337 608 536 202 584 201 662 704 350 128 242 769 164 690 569 282 848 679 450 740 816 666 662 592 348 635 238 717 307 396 641 544 208 850 653 175 983 331 361 680 675 783 487 779 198 140 805 612 114 678 725 255 442 383 804 379 340 408 187 924 372 263 384 832 411 713 621 631 646 504 706 675 424 762 165 212 705 120 220 167 383 630 682 301 623 416 343 757 65 534 321 491 814 803 770 597 871 1051 689 734 369 151 145 599 748 600 717 956 295 301 819 293 806 249
725 298 565 364 489 110 712 561 254 586 676 522 579 0 232 390 799 120 200 276 442 529 245 303 522 380 342 129 421 479 107 766 562 340 112 612 422 252 326 361 674 187 715 446 235 595 151 257 186 584 466 210 210 265 201 350 446 483 232 196 265 635 436 590 411 439 189 393 540 262 686 570 657 472 428 113 306 847 285 326 384 719 469 242 603 339 334 549 463 593 491 327 271 279 440 382 529 413 544 318 256 410 143 367 170 671 430 419 701 211 360 264 231 740 698 502 275 392 607 558 237 464 639 33 358 651 426 435 543 159 306 503 504 466 346 338 333 342 374 359 269 334 669 652 242 334 294 563 254 619 190 416 548 278 377 145 192 556 486 711 520 34 550 186 369 598 117 644 415 663 642 244 609 518 450 361 297 562 399 508 311 365 288 605 589 761 298 691 179 740 374 490 772 176 175 638 110 539 374 815 411 278 496 430 333 684 235 393 467 285 291 562 452 733 450 148 507 423 371 428 473 200 832 223 262 313 391 80 713 740 692 518 383 714 776 315 265 752 438 577 345 509 357 561 555 762 750 439 801 247 525 564 268 698 301 270 348 319 493 537 692 357 245 541 211 258 279 722 487 488 550 463 492 158 162 255 713 768 130 507 403 456 214 454 737 305 174 592 263 259 535 52 676 543 240 224 204 114 327 492 257 202 213 450 560 191 801 412 594 440 340 282 477 376 232 567
834 527 508 463 438 179 841 587 357 802 618 625 558 232 0 158 735 237 222 409 299 471 477 87 294 384 566 235 616 303 215 693 661 570 156 748 633 406 174 149 810 362 828 219 466 783 316 294 410 353 619 98 433 461 108 459 392 423 458 422 81 789 666 806 553 664 273 205 311 483 702 676 609 658 197 341 524 828 168 140 176 761 455 426 717 112 473 316 695 570 603 558 333 511 631 160 494 643 382 522 471 608 219 530 324 643 256 191 685 125 445 274 105 747 826 723 496 621 692 482 404 275 814 263 506 861 650 497 557 293 357 627 395 598 476 411 104 481 202 558 393 220 862 622 116 549 222 546 428 741 422 635 322 421 585 86 419 774 254 843 748 237 688 389 528 758 290 774 183 774 638 476 725 624 335 135 162 502 403 279 355 579 68 485 677 779 66 804 188 918 529 639 700 276 92 742 318 450 588 760 224 434 343 635 107 718 454 429 679 146 406 593 350 930 486 371 692 309 597 203 629 416 1023 455 492 83 249 307 753 925 764 341 156 858 767 523 495 709 628 680 474 278 148 783 351 957 753 437 995 54 466 767 171 749 467 175 578 188 338 356 717 529 361 625 317 426 430 909 688 256 319 249 265 172 200 480 647 701 266 451 339 397 323 661 914 385 99 720 359 214 537 198 757 702 414 353 288 344 527 664 489 423 241 406 481 417 982 618 801 648 263 282 709 275 334 643
942 682 540 583 482 330 959 663 488 956 638 739 608 390 158 0 743 379 336 533 292 505 634 116 155 468 719 382 764 256 366 698 770 726 309 871 780 548 209 113 932 504 938 74 624 928 459 395 568 196 753 213 590 606 236 584 440 461 615 580 163 920 824 960 686 817 409 153 156 635 765 788 637 803 42 498 676 863 241 140 128 837 520 568 832 74 595 159 853 618 721 714 452 669 769 62 541 801 336 667 626 750 353 670 462 682 227 49 729 234 561 382 203 802 944 879 653 777 794 501 541 217 953 420 630 1013 807 598 629 430 468 748 401 725 594 525 71 615 199 701 527 269 1007 662 217 698 302 601 566 858 580 785 172 560 732 244 574 928 98 963 906 393 813 538 667 891 437 895 25 885 693 634 840 738 348 69 222 532 485 138 463 728 118 468 780 840 93 915 309 1057 655 770 705 405 237 852 470 464 743 774 188 565 315 787 81 791 611 525 833 196 536 671 370 1077 576 525 837 328 750 70 764 568 1167 613 650 76 261 464 827 1067 856 285 39 983 811 670 653 734 766 791 605 121 97 939 254 1103 806 511 1140 153 501 917 240 831 610 259 734 236 310 293 785 661 495 729 453 562 570 1052 838 100 166 153 115 303 338 634 660 709 407 490 391 440 459 813 1053 504 236 842 487 297 603 356 854 836 552 481 409 502 671 793 647 576 365 460 499 575 1122 770 953 794 324 384 867 315 455 742
578 1009 235 535 311 695 650 323 589 981 123 520 236 799 735 743 0 899 934 1074 452 272 945 670 678 425 1068 672 788 493 691 46 507 1031 703 637 1171 658 564 635 660 987 588 803 885 839 951 1009 825 820 657 829 829 1050 652 558 355 320 853 839 654 714 1007 980 622 1139 617 891 824 1013 264 530 145 775 768 880 1054 173 569 851 616 345 337 1037 561 688 1134 761 1059 223 544 1013 545 948 1216 803 272 990 422 1089 810 1180 902 673 969 159 516 787 170 855 515 535 840 233 639 962 847 1074 470 253 1036 533 802 825 1157 985 946 447 312 951 512 575 344 598 1144 511 699 617 551 1134 606 515 900 170 625 1086 526 254 1051 591 897 1148 853 634 1136 758 941 973 736 660 1031 832 626 974 663 721 916 629 746 565 224 918 569 525 402 679 573 238 408 685 503 1115 686 281 477 271 723 580 898 871 1173 648 40 955 686 537 905 285 854 39 554 1077 431 837 685 319 820 436 890 878 587 333 385 965 399 920 787 427 1084 809 670 971 997 901 899 748 492 861 338 905 441 474 781 711 183 1083 890 80 1215 522 596 785 826 1008 550 971 222 369 991 787 276 895 906 372 678 568 1040 547 435 476 290 1151 607 465 615 1056 647 905 845 736 730 608 820 875 638 996 88 34 920 294 405 347 615 858 865 536 815 607 577 946 299 750 467 699 1038 1019 979 829 1102 1281 926 966 586 350 253 835 925 831 933 1191 479 517 1054 460 1019 442
845 320 663 484 588 205 829 677 374 666 776 642 687 120 237 379 899 0 91 180 507 626 286 324 528 488 346 242 523 529 217 862 683 364 195 729 401 370 382 386 790 125 834 419 303 696 80 137 274 560 581 167 297 227 260 470 543 579 311 278 301 748 492 672 528 445 304 335 512 263 801 690 759 576 410 156 301 957 351 276 412 838 576 189 722 349 244 536 508 700 610 356 386 327 394 352 632 471 603 288 350 372 34 482 86 778 480 395 811 153 480 369 182 854 816 578 359 412 728 651 166 506 745 117 275 736 497 553 657 57 421 622 585 584 251 457 340 460 423 322 390 405 767 758 298 321 377 671 190 737 244 407 514 398 353 163 215 635 477 828 583 88 667 162 484 710 61 761 403 783 754 299 728 638 527 371 357 660 508 512 425 350 305 684 709 877 299 811 86 845 296 606 869 58 226 757 107 628 462 917 454 199 558 524 344 801 326 508 554 222 411 678 534 827 566 166 611 499 379 398 587 197 929 282 327 303 455 130 831 841 812 568 361 829 888 291 335 856 390 697 465 489 318 634 588 858 864 548 897 225 622 657 189 817 416 343 371 383 554 585 809 292 365 662 330 188 398 822 583 479 545 486 462 80 262 266 811 867 29 604 495 552 333 545 842 424 143 710 382 160 646 154 796 656 176 123 85 198 292 428 310 208 317 549 652 276 903 507 683 414 425 385 527 455 120 687
924 401 701 557 626 259 912 736 445 757 813 718 734 200 222 336 934 91 0 196 517 663 373 309 491 540 420 307 613 525 281 895 758 445 242 812 460 452 389 369 874 186 914 362 394 787 149 74 365 501 666 128 388 287 282 545 580 614 403 370 299 835 579 762 611 516 368 262 452 339 859 767 799 666 360 247 372 1006 369 213 397 902 624 245 802 324 258 486 593 747 688 439 449 414 438 298 675 559 604 349 441 422 59 567 143 824 478 342 860 103 549 419 133 910 899 668 451 491 801 682 212 497 835 205 293 828 587 619 713 112 482 702 606 666 258 523 313 541 424 376 465 425 858 804 313 388 408 720 238 818 334 473 451 478 412 176 300 726 432 912 671 173 750 236 569 797 145 844 358 862 806 388 808 715 546 346 370 696 560 474 484 415 290 700 783 936 272 890 36 935 318 691 902 76 247 835 195 655 554 955 447 231 564 615 321 863 417 568 646 153 486 739 557 918 626 253 701 518 454 341 673 276 1020 371 418 267 465 221 895 932 883 564 311 914 939 354 426 898 434 774 544 436 260 724 569 949 919 599 988 190 658 748 112 884 501 366 451 397 559 579 869 327 439 734 400 231 479 913 674 434 499 464 403 59 314 345 846 901 106 641 529 587 404 637 932 491 125 792 452 71 699 220 870 742 225 146 73 289 349 456 399 289 370 589 682 367 993 598 774 471 454 434 612 478 118 758
960 287 839 624 763 379 932 834 521 683 950 769 855 276 409 533 1074 180 196 0 688 802 292 497 687 656 280 405 591 707 383 1039 810 325 372 833 287 495 562 558 891 100 948 558 343 754 124 153 349 695 683 322 366 137 441 606 719 756 366 345 478 837 482 690 641 364 464 450 646 219 958 813 932 648 557 230 233 1122 532 408 585 985 745 100 840 516 64 682 478 869 735 326 545 331 247 494 804 465 782 187 420 238 190 585 105 947 659 538 977 299 625 539 329 1014 921 593 412 359 860 828 65 683 815 254 97 760 512 703 817 124 580 740 765 699 71 607 506 582 602 198 527 586 815 928 479 235 556 839 79 849 283 310 642 525 242 342 226 652 629 930 575 242 773 148 590 796 158 867 555 900 917 321 844 765 707 539 538 835 675 671 586 253 477 864 841 1033 464 925 224 906 122 709 1045 133 407 879 183 807 509 1090 631 45 739 577 513 952 394 667 591 347 550 834 714 865 723 204 679 680 312 536 685 184 970 314 358 463 635 231 980 894 948 746 507 921 1051 196 370 1028 243 821 592 631 455 640 760 897 1024 715 936 384 798 698 302 962 526 523 328 564 734 763 963 133 509 797 481 66 521 874 635 630 696 656 597 236 435 235 987 1042 155 780 673 728 483 592 904 575 309 819 531 249 810 323 928 746 77 57 123 292 181 259 327 199 488 724 830 345 957 562 716 293 604 557 502 635 77 826
718 723 251 413 205 334 753 405 365 874 346 535 328 442 299 292 452 507 517 688 0 219 661 223 263 250 775 347 662 76 351 407 556 758 330 680 863 449 127 183 735 620 717 356 622 797 577 590 555 405 598 397 571 707 247 424 174 182 599 570 218 744 803 876 533 866 325 439 395 700 491 579 346 683 320 550 744 572 158 401 164 571 263 680 624 237 752 343 846 337 529 743 309 682 882 351 263 781 104 760 582 852 499 544 590 394 68 338 442 424 384 242 403 521 738 816 619 810 565 209 668 104 800 475 782 913 764 387 369 564 302 562 108 553 758 352 247 477 100 802 404 109 875 375 209 774 160 325 688 655 604 853 422 444 819 346 626 853 302 758 864 466 632 628 537 725 544 696 298 668 414 646 634 536 61 227 149 242 258 263 292 805 241 186 555 561 275 696 481 900 803 607 414 557 280 632 552 171 679 482 104 704 55 700 234 525 579 313 754 434 401 416 86 949 346 588 712 54 800 360 611 641 1022 625 645 298 52 520 561 919 610 98 329 790 523 757 641 442 880 578 459 352 374 875 181 968 523 266 1002 346 215 812 467 571 504 171 768 124 52 118 513 793 381 508 355 690 459 908 738 303 318 176 380 461 293 690 368 418 534 208 142 169 360 726 894 348 392 647 357 513 339 390 615 677 674 631 575 520 769 929 657 642 269 196 207 565 965 685 852 881 129 229 851 87 620 512
533 757 38 320 40 423 581 207 339 801 150 383 110 529 471 505 272 626 663 802 219 0 692 415 480 169 815 403 591 285 421 237 391 783 431 527 915 419 306 392 573 716 535 573 637 688 679 737 573 623 487 562 581 784 382 341 83 48 608 588 392 600 784 801 433 893 352 643 615 754 273 416 138 594 537 615 796 360 302 596 378 358 100 768 460 441 862 561 833 117 390 766 288 701 954 560 52 764 248 827 572 919 629 468 697 177 287 552 224 587 294 265 574 301 567 762 610 830 384 46 766 320 673 556 887 822 730 252 172 679 259 425 121 431 873 276 450 403 305 871 365 251 761 157 357 828 255 110 782 492 640 895 642 400 877 487 680 786 521 589 824 560 492 707 459 591 645 534 513 492 195 668 469 385 159 436 309 33 157 482 249 858 429 157 379 341 468 517 627 762 903 487 243 683 415 457 636 69 638 292 322 807 226 637 436 312 577 205 693 616 350 220 135 833 199 655 616 177 834 575 500 707 890 650 654 495 244 594 348 788 410 286 539 629 306 821 647 238 952 413 381 572 577 816 377 847 303 129 875 524 4 724 641 363 453 299 793 285 229 298 298 884 358 341 357 787 415 782 660 523 535 395 599 603 367 738 184 240 648 22 133 75 358 661 757 293 545 493 327 678 140 479 422 552 769 747 706 567 839 1015 677 703 316 79 51 584 825 627 764 935 209 247 832 197 746 334
704 64 723 424 652 335 664 653 356 394 825 535 710 245 477 634 945 286 373 292 661 692 0 548 768 524 123 314 308 709 311 919 575 97 347 567 227 290 558 604 621 209 690 687 67 464 228 388 119 827 422 440 118 170 439 402 618 654 100 106 508 559 206 401 397 205 347 619 782 89 771 572 800 365 672 137 116 952 512 556 626 776 609 194 589 585 311 794 222 723 499 82 404 41 285 622 676 185 765 170 156 247 320 335 243 797 661 661 815 433 437 439 459 830 654 304 133 149 630 731 226 700 527 214 309 470 222 515 648 267 435 494 701 452 330 435 579 357 608 210 340 552 523 781 478 147 502 692 216 592 58 203 788 318 197 390 74 363 731 660 298 242 512 151 342 518 227 602 660 646 751 34 591 530 655 607 527 723 539 754 444 173 534 801 610 838 543 669 373 615 308 448 925 304 417 632 179 722 219 952 648 257 716 287 579 751 136 508 299 506 361 649 651 573 552 120 394 631 141 668 421 109 677 43 70 558 613 171 772 602 718 747 626 644 877 159 83 883 286 581 373 753 593 356 793 605 842 576 644 487 689 405 475 747 291 493 106 546 713 766 769 267 338 576 335 229 307 582 344 733 796 705 733 363 368 67 865 918 267 671 587 630 334 301 613 408 407 560 368 445 652 288 694 472 215 281 326 142 185 363 36 94 397 614 734 110 665 274 424 247 542 456 240 583 315 607
828 601 452 467 387 225 843 556 372 849 558 623 512 303 87 116 670 324 309 497 223 415 548 0 219 358 643 273 653 217 259 627 655 643 207 755 715 435 109 61 816 447 823 190 529 814 402 380 469 305 637 182 491 545 124 468 343 369 517 482 48 803 728 852 569 741 294 229 270 561 665 673 552 690 158 416 604 776 128 181 88 731 417 512 716 43 561 258 761 523 605 630 335 579 717 153 446 705 298 605 522 693 306 555 410 592 172 163 636 209 445 266 184 705 828 774 552 695 681 420 491 188 837 336 594 903 706 485 524 380 352 632 326 609 564 409 45 499 123 642 411 166 894 571 101 630 190 503 514 742 491 715 288 445 668 165 494 822 194 847 806 314 697 471 552 775 374 779 137 770 595 544 725 622 268 60 113 445 376 206 347 661 19 409 667 740 52 800 275 942 617 654 634 364 133 737 398 385 637 698 138 521 262 677 36 686 509 412 725 210 420 564 286 964 465 448 723 243 674 182 648 496 1052 522 555 80 178 382 722 952 745 255 137 867 719 605 556 652 714 676 489 231 163 835 264 989 710 404 1026 125 411 806 245 723 497 145 652 132 257 269 682 616 380 615 338 512 455 938 728 196 253 163 232 260 225 557 584 636 353 398 291 345 344 704 937 388 187 725 370 294 500 261 742 720 500 441 376 410 611 751 556 501 249 360 418 477 1006 661 842 731 219 269 772 219 422 629
974 820 508 641 469 443 1003 668 564 1060 589 782 590 522 294 155 678 528 491 687 263 480 768 219 0 497 860 486 858 195 476 631 808 862 426 924 927 637 252 168 982 653 973 162 749 1011 608 550 688 144 823 366 709 754 338 648 436 445 736 702 263 981 947 1063 755 958 496 287 147 777 753 829 596 890 142 634 819 819 300 293 154 834 524 718 874 183 750 83 980 598 771 850 517 799 921 206 526 924 255 815 738 900 505 751 613 650 199 165 699 388 615 444 357 780 988 989 769 914 822 462 692 159 1027 555 785 1111 923 635 632 581 524 802 361 786 749 580 190 690 212 850 605 300 1091 631 305 844 351 587 718 904 711 929 176 642 880 380 712 1035 74 1008 1023 531 871 684 747 958 584 943 135 922 675 764 884 782 324 161 279 499 510 16 516 874 234 397 811 821 230 951 463 1130 810 837 637 558 353 887 613 423 850 713 174 718 256 886 189 788 726 559 937 350 609 678 349 1163 601 665 922 314 891 180 835 711 1246 742 775 225 260 600 825 1144 871 204 187 1036 777 817 776 685 918 830 676 112 246 1050 132 1187 781 525 1222 304 476 1012 395 835 698 323 871 278 253 201 776 815 576 762 538 714 655 1131 934 73 55 90 156 454 434 774 603 645 557 470 397 432 544 913 1125 566 385 892 560 452 603 481 875 905 703 634 563 630 820 947 776 718 444 458 458 697 1195 870 1049 942 353 439 992 325 610 769
478 589 198 169 130 283 506 203 170 649 303 286 199 380 384 468 425 488 540 656 250 169 524 358 497 0 648 251 436 326 273 396 311 614 297 430 748 250 260 360 486 565 476 543 468 554 531 612 405 628 352 460 412 625 278 185 107 138 438 420 319 494 617 650 290 724 193 581 607 589 321 332 280 448 508 455 630 468 229 523 358 377 89 612 377 395 714 569 666 213 278 597 120 532 791 511 153 597 332 664 403 755 498 313 551 291 301 517 322 482 141 121 476 370 491 603 441 661 327 211 614 347 552 403 735 679 565 138 175 537 89 312 217 304 726 114 401 245 287 709 197 202 631 271 269 662 167 183 627 407 474 727 630 233 712 372 516 631 516 511 661 413 381 549 304 476 498 447 484 425 266 499 386 286 202 399 246 199 20 493 80 692 365 302 315 399 404 454 506 650 750 359 402 546 306 390 482 211 474 437 322 656 290 479 389 334 408 63 535 527 183 209 183 704 107 494 473 196 665 538 366 545 773 482 485 434 237 437 369 670 388 346 495 541 400 658 478 372 790 332 224 564 517 659 432 722 379 59 754 437 166 578 542 366 289 214 624 232 290 365 334 727 189 265 191 634 248 661 509 518 550 406 579 481 227 572 342 396 506 149 110 120 191 505 645 126 435 397 158 569 159 335 386 428 615 603 572 403 677 855 508 540 171 95 214 415 715 467 618 768 146 106 665 172 608 274
805 59 846 546 775 443 758 775 479 425 949 648 833 342 566 719 1068 346 420 280 775 815 123 643 860 648 0 430 397 819 423 1043 687 60 451 665 105 413 666 703 714 234 790 764 186 531 271 412 243 905 525 512 240 144 543 523 740 777 219 229 608 646 216 432 509 98 467 680 858 83 892 681 923 451 753 229 48 1073 621 623 726 892 733 186 694 677 273 878 201 846 612 73 527 127 176 698 799 205 879 99 271 138 378 446 277 920 770 739 937 499 560 559 528 950 749 339 241 78 742 853 224 806 601 308 257 503 265 636 771 308 558 603 820 562 291 558 670 475 715 119 463 665 578 904 583 51 618 815 202 694 175 79 861 440 87 480 150 395 817 753 304 329 614 185 454 605 285 699 744 749 873 152 696 643 772 699 636 846 663 845 568 59 627 921 723 957 631 770 430 677 246 550 1049 344 518 738 248 843 301 1075 753 236 830 364 671 870 254 632 359 567 484 771 769 616 675 195 475 748 33 744 522 150 720 167 178 642 725 262 889 658 830 857 705 731 999 87 190 1007 178 691 493 834 665 375 897 649 962 700 686 566 812 460 531 863 409 604 57 656 827 876 888 200 461 691 457 215 429 638 414 819 884 805 808 426 482 86 989 1042 320 794 707 752 456 371 676 532 483 661 491 490 775 391 804 565 210 294 358 255 111 260 146 142 515 736 856 233 720 355 469 125 659 577 227 700 331 722
623 376 439 252 363 59 620 434 138 575 549 415 450 129 235 382 672 242 307 405 347 403 314 273 486 251 430 0 381 398 26 640 454 411 82 523 522 170 251 317 586 314 615 451 276 548 280 374 211 577 387 266 229 381 149 242 323 360 257 225 226 558 467 579 323 519 61 434 539 359 558 465 529 422 425 213 402 718 202 366 334 596 340 365 502 316 463 531 505 464 387 395 143 335 553 396 400 444 451 427 252 520 257 295 300 542 351 423 572 280 242 138 287 612 606 502 284 462 494 435 364 393 579 152 485 630 437 312 415 287 178 406 392 373 475 216 314 251 301 471 165 238 626 523 181 433 188 434 378 522 256 509 554 188 481 173 284 549 468 621 538 163 461 303 293 525 247 552 406 562 513 299 509 412 342 333 220 437 270 475 182 465 265 493 477 635 291 591 278 683 500 408 646 300 145 533 232 420 364 687 343 405 402 404 309 559 242 266 452 344 183 436 340 695 323 253 457 318 454 438 396 306 787 278 300 315 300 190 589 689 576 435 390 631 647 422 298 623 551 470 248 502 382 563 488 722 622 310 760 275 400 535 343 577 231 182 420 235 399 455 566 480 135 427 93 384 195 674 455 470 525 411 496 253 55 346 586 642 257 381 283 333 98 431 679 183 232 498 144 352 406 88 563 469 366 353 327 174 438 611 310 304 88 324 437 220 746 387 570 541 229 156 513 270 360 451
410 346 609 270 558 436 360 465 298 213 685 286 559 421 616 764 788 523 613 591 662 591 308 653 858 436 397 381 0 731 400 776 318 338 459 269 495 220 608 691 317 497 395 833 249 173 498 653 251 957 144 626 230 478 528 251 544 571 225 250 604 251 239 214 165 420 361 806 921 396 559 305 654 56 806 377 414 745 558 737 703 534 491 498 308 696 618 909 292 570 254 324 353 279 574 776 554 229 758 474 175 535 554 123 518 629 693 804 629 631 298 423 648 616 352 174 178 358 373 637 526 739 224 409 618 253 170 347 476 530 362 232 653 197 637 321 695 190 654 509 258 572 248 618 555 440 516 542 520 302 307 457 936 219 484 543 365 195 847 355 243 442 223 443 132 210 481 303 788 358 567 275 307 281 628 712 579 614 440 848 372 456 646 737 356 611 672 376 598 321 617 165 780 564 527 352 432 645 96 783 697 561 712 49 689 523 200 387 102 704 261 457 613 315 399 390 88 614 392 819 136 408 411 278 237 697 630 394 534 318 455 761 771 336 672 462 224 713 575 316 211 883 760 225 834 342 629 462 381 649 590 154 689 501 160 536 344 584 710 781 547 575 284 339 319 533 205 300 76 849 901 775 878 579 427 375 725 769 516 575 538 556 314 70 318 317 590 269 306 679 494 428 427 168 517 567 591 325 490 657 272 393 414 529 642 251 380 48 191 515 534 434 279 575 596 370
793 769 313 487 276 375 829 479 433 942 397 611 396 479 303 256 493 529 525 707 76 285 709 217 195 326 819 398 731 0 398 447 633 807 367 756 902 515 152 162 811 648 793 310 675 870 603 597 609 339 672 399 626 740 278 497 248 253 655 624 228 820 862 944 606 912 384 408 335 741 559 655 402 755 276 590 785 626 197 381 137 641 337 710 701 216 772 277 902 403 605 792 378 733 914 318 332 839 82 796 642 887 516 615 614 454 49 296 504 426 459 308 402 585 814 881 678 859 640 267 694 40 875 513 803 983 825 463 442 586 374 638 165 628 776 426 228 549 106 836 473 162 949 436 237 813 218 393 716 731 651 895 363 512 856 366 668 920 244 834 927 500 708 662 608 801 572 772 255 744 480 697 710 612 133 200 182 304 335 198 364 845 237 213 631 626 263 772 491 975 826 682 453 574 307 708 586 228 743 526 78 728 62 767 216 595 636 389 821 423 471 489 158 1022 423 628 784 130 846 318 685 679 1096 675 699 281 102 559 632 993 684 39 295 867 583 794 696 493 912 654 531 294 347 941 105 1042 586 342 1076 342 281 883 461 643 572 216 816 163 58 57 582 820 448 584 419 716 526 983 807 245 250 115 327 473 343 732 413 459 557 276 218 242 423 794 970 419 401 723 425 511 412 428 690 751 702 650 589 567 804 956 708 682 328 271 263 619 1040 752 922 919 198 297 909 158 635 587
650 371 457 278 381 36 646 459 165 590 568 442 472 107 215 366 691 217 281 383 351 421 311 259 476 273 423 26 400 398 0 658 481 408 59 548 513 194 248 307 611 295 641 433 278 568 259 348 214 561 411 240 234 366 137 268 339 376 262 228 213 583 473 594 348 514 87 411 522 349 583 491 549 443 408 201 393 741 201 343 325 622 361 347 529 301 442 517 509 486 414 393 169 335 539 376 421 450 455 414 262 507 231 318 278 563 350 404 595 253 269 156 262 637 631 514 293 460 521 451 345 390 601 134 465 647 447 338 439 264 203 432 403 399 453 242 299 276 298 458 191 242 646 544 172 424 195 456 360 548 253 501 536 213 470 149 275 563 453 647 547 140 487 287 317 549 225 578 390 588 537 298 535 439 351 320 217 455 292 464 207 455 250 504 504 660 273 617 251 705 482 433 664 276 128 559 215 434 377 707 339 386 407 420 294 584 250 290 467 319 209 461 351 715 348 241 477 326 448 419 420 294 808 277 303 297 302 175 615 710 602 436 371 656 671 410 302 644 538 497 273 486 361 576 485 742 646 332 780 252 417 552 316 603 253 182 417 235 403 455 591 463 162 454 120 365 219 694 473 456 512 404 478 226 59 338 605 660 234 399 297 349 125 447 701 210 206 524 171 326 429 62 590 493 347 330 302 169 425 596 310 293 105 342 453 223 768 404 587 531 238 174 519 278 336 477
