155
0 107 291 476 182 723 251 745 391 587 567 302 519 726 270 644 690 553 547 645 474 494 659 257 203 321 63 421 478 608 547 251 235 366 169 446 476 796 442 115 594 141 221 831 819 755 691 556 490 697 366 803 218 704 609 157 183 517 347 421 648 405 356 458 465 506 238 741 161 246 88 220 555 161 291 658 660 383 331 409 728 139 476 135 265 504 435 329 284 162 123 683 440 628 347 498 467 189 712 314 429 516 795 487 400 552 229 490 336 521 611 235 376 201 437 220 375 708 198 331 439 460 616 376 494 133 233 297 375 620 215 459 371 624 246 204 125 78 446 834 455 554 402 413 575 422 195 303 456 449 433 131 281 451 247
107 0 185 511 137 618 248 638 441 549 468 291 492 623 177 601 646 451 501 546 371 419 634 361 203 222 95 328 372 604 443 148 231 429 123 530 369 689 427 180 511 182 228 796 712 718 585 451 538 604 286 697 216 597 513 264 286 422 411 314 541 306 251 352 527 429 341 728 72 353 186 283 541 115 243 550 552 277 392 338 637 125 470 65 204 455 411 294 256 146 92 631 345 597 331 394 521 283 633 258 336 442 750 413 497 468 325 457 389 433 508 319 328 246 355 183 475 632 130 226 456 382 546 343 393 211 317 290 452 596 257 511 354 603 323 257 232 185 491 729 375 526 464 315 531 501 274 212 349 455 386 238 191 390 269
291 185 0 586 239 434 359 457 544 496 335 330 530 441 85 535 575 271 439 370 226 366 600 536 287 70 274 237 187 610 291 46 298 549 232 674 192 505 432 355 369 318 311 735 527 658 400 266 632 438 248 511 336 412 343 446 463 306 535 132 357 136 68 189 640 367 526 709 164 535 371 419 535 230 292 369 370 124 513 308 472 267 486 173 184 391 401 290 277 239 212 545 236 553 351 210 622 465 495 284 184 326 674 363 661 326 491 488 500 286 354 496 288 402 230 225 644 500 157 96 510 263 429 391 254 369 494 386 589 567 374 610 367 580 469 387 417 370 582 544 253 496 581 205 469 639 427 103 174 491 401 420 100 377 402
476 511 586 0 643 871 727 974 105 368 921 257 994 848 502 424 459 706 383 749 811 923 349 409 312 549 537 812 721 228 872 544 292 161 628 274 754 1003 223 578 599 337 286 522 1006 469 882 750 74 739 790 976 695 890 696 446 408 891 176 692 863 593 610 769 141 930 555 364 581 458 515 265 243 620 753 890 886 710 176 845 752 611 182 459 405 381 262 315 311 370 421 493 818 361 250 690 94 578 654 769 561 504 536 917 367 581 352 962 152 581 931 637 354 665 508 362 392 633 434 677 92 499 542 847 840 353 634 774 223 320 261 82 244 309 273 273 476 479 54 977 504 303 144 786 389 238 309 501 744 136 896 447 492 901 720
182 137 239 643 0 654 122 637 566 679 414 429 355 668 275 728 772 505 629 605 339 314 768 424 339 301 121 261 398 742 410 225 368 546 14 628 375 694 564 158 604 306 364 926 724 848 606 487 664 677 192 716 96 619 582 318 354 358 527 336 555 375 304 341 645 328 351 864 85 401 212 399 678 22 110 556 561 271 510 229 712 52 608 201 331 581 546 428 393 283 229 752 286 729 468 440 644 274 730 132 421 549 876 306 575 561 408 320 512 522 471 285 457 171 455 320 546 732 260 221 592 486 654 205 353 314 284 158 557 731 384 635 491 739 428 378 275 233 618 757 478 660 582 264 659 604 378 311 353 593 254 294 293 268 162
723 618 434 871 654 0 758 165 874 586 395 639 827 46 461 577 589 176 535 126 366 582 691 954 654 404 708 474 255 777 333 471 647 901 651 1045 285 154 653 787 297 716 670 726 140 671 76 168 937 190 551 107 744 68 179 873 884 436 892 317 126 323 367 332 972 568 960 802 593 960 805 803 700 651 661 153 141 387 870 588 212 692 705 594 519 511 612 567 591 629 624 534 444 638 627 225 940 899 341 636 325 376 641 587 1059 298 900 786 846 290 325 927 518 825 364 585 1050 367 549 433 779 371 392 731 377 779 926 771 958 679 748 925 627 698 858 769 848 801 890 113 366 631 924 441 550 1006 825 435 306 739 701 848 456 649 811
251 248 359 727 122 758 0 724 641 796 472 535 271 776 398 848 892 619 748 719 418 323 882 444 439 423 190 321 504 848 484 347 471 612 133 670 474 783 673 164 726 391 462 1044 817 966 705 595 740 795 238 812 33 718 699 342 384 411 592 444 652 495 422 433 710 341 330 975 208 409 235 469 788 138 111 648 654 371 578 244 830 124 714 313 449 701 659 543 504 387 334 874 351 845 576 553 716 250 852 144 542 672 996 314 599 683 446 246 586 644 539 235 575 110 578 431 565 855 377 326 687 609 777 140 425 380 235 46 611 844 467 709 600 851 487 455 297 267 697 857 601 775 648 338 778 653 438 433 453 693 211 323 416 251 59
745 638 457 974 637 165 724 0 962 725 288 726 738 212 510 725 742 272 670 274 306 487 835 994 721 453 716 409 272 908 246 501 721 980 638 1117 269 61 767 787 443 769 741 885 102 826 105 224 1035 354 494 116 716 103 319 902 921 343 969 325 110 387 400 296 1061 470 973 948 595 991 818 865 829 641 617 88 89 368 947 516 377 683 822 630 589 640 726 660 674 684 667 688 378 781 724 285 1034 904 504 587 413 506 800 494 1115 433 948 700 927 413 209 922 620 808 468 652 1100 528 600 420 884 484 542 667 303 825 921 727 1030 818 814 1019 729 837 918 832 870 822 986 178 477 764 1008 387 690 1080 879 494 290 849 623 875 511 565 781
391 441 544 105 566 874 641 962 0 430 878 236 911 856 466 490 529 702 432 758 770 860 432 303 258 518 454 757 698 321 835 500 247 58 552 197 725 996 262 486 623 260 232 611 1004 552 876 739 98 761 727 977 609 886 706 344 304 843 71 662 852 575 578 732 99 868 450 462 513 352 420 172 318 543 677 875 872 668 72 779 778 529 241 398 375 418 295 306 287 311 356 556 767 434 248 677 79 477 694 696 553 525 615 854 273 598 247 881 54 591 897 535 358 571 510 320 293 676 387 630 144 507 581 767 798 262 533 687 127 399 183 69 253 391 170 188 376 384 57 984 510 367 56 736 444 156 210 473 711 190 820 347 459 831 629
587 549 496 368 679 586 796 725 430 0 778 294 1017 551 420 62 107 459 59 460 677 860 112 673 389 430 626 726 535 197 713 478 357 482 665 627 586 736 175 702 288 469 379 247 727 169 622 519 442 416 744 692 765 626 409 654 634 773 486 538 623 417 476 622 505 859 774 227 594 708 665 481 133 659 768 657 649 595 471 805 418 674 189 484 347 105 159 258 302 424 470 125 717 59 248 477 461 760 299 769 359 222 209 858 696 292 605 977 437 315 758 814 222 784 292 370 708 275 419 588 288 263 201 871 705 529 812 836 554 92 432 447 225 111 526 461 661 637 412 676 273 64 486 690 35 586 529 393 586 240 893 640 402 874 817
567 468 335 921 414 395 472 288 878 778 0 664 450 433 418 800 831 359 719 434 109 199 890 824 620 376 520 153 246 925 70 378 633 879 420 995 193 349 753 573 550 638 645 991 390 919 321 299 967 530 234 399 472 331 451 721 750 61 864 242 269 362 317 158 973 182 765 1004 405 808 621 742 846 426 360 244 255 210 843 239 564 466 809 489 516 675 718 617 611 568 531 787 127 838 681 313 957 688 656 327 418 565 915 206 965 520 793 412 832 482 79 693 601 570 486 560 942 673 491 249 842 515 644 390 80 678 693 465 913 862 703 944 695 878 787 711 682 635 917 458 505 796 912 154 746 963 740 423 192 820 339 695 429 279 531
302 291 330 257 429 639 535 726 236 294 664 0 783 622 246 355 401 466 266 525 555 680 357 389 99 292 350 561 467 313 615 291 66 263 414 411 498 760 139 417 403 175 84 532 767 457 640 503 310 536 549 741 502 650 474 360 343 637 256 436 616 341 353 512 335 685 480 441 354 420 374 200 254 407 533 641 637 454 235 607 558 411 179 229 148 232 136 73 54 147 200 405 565 329 46 441 307 466 493 543 317 305 503 675 446 372 322 747 208 360 674 522 131 503 276 114 448 480 186 424 179 277 381 634 584 235 519 578 325 318 144 293 70 322 252 173 366 344 260 750 279 254 285 534 290 370 242 244 487 167 672 346 235 668 544
519 492 530 994 355 827 271 738 911 1017 450 783 0 857 598 1061 1103 733 963 829 461 250 1114 709 694 600 457 356 603 1096 498 540 723 884 369 940 555 799 916 435 886 656 719 1261 840 1184 758 689 1010 919 294 847 302 770 825 610 653 396 864 556 703 649 573 503 981 268 577 1214 430 669 506 739 1029 377 251 686 695 475 849 243 955 383 962 554 674 915 896 777 745 638 584 1075 383 1071 821 669 987 502 1010 248 707 856 1203 244 862 845 716 42 856 804 529 468 798 364 760 672 827 1019 607 454 947 793 957 149 450 650 469 226 882 1077 733 979 844 1087 758 723 566 539 966 904 783 1006 920 393 994 924 709 627 538 948 132 593 616 178 299
726 623 441 848 668 46 776 212 856 551 433 622 857 0 459 539 549 172 502 98 396 615 655 951 645 405 715 502 272 744 368 475 635 885 664 1032 308 197 628 796 263 710 659 684 178 630 119 181 915 147 576 142 760 113 151 873 882 471 878 332 164 321 373 357 954 602 964 764 603 959 810 793 669 664 682 194 183 406 856 617 166 704 679 594 509 481 587 550 576 623 622 494 474 602 608 230 920 906 298 659 314 347 598 620 1050 269 895 816 831 266 365 937 498 838 346 576 1042 323 545 450 755 349 354 756 409 774 935 792 945 644 737 905 606 663 849 760 849 804 870 129 345 599 907 468 516 992 818 431 328 714 730 848 452 679 827
270 177 85 502 275 461 398 510 466 420 418 246 598 459 0 463 505 286 365 376 309 450 521 493 213 57 272 322 239 525 370 58 219 476 265 608 259 553 346 357 335 259 236 663 570 586 440 300 551 428 326 549 371 451 339 413 423 391 463 196 404 138 113 267 564 451 508 627 190 499 357 354 451 260 351 422 421 208 441 387 460 288 400 136 98 317 316 204 192 174 163 480 322 475 265 238 543 457 458 349 159 273 607 446 605 292 441 557 425 256 430 495 205 419 181 146 592 459 90 182 425 211 378 453 337 319 493 432 521 486 305 530 281 498 408 321 391 347 501 574 203 415 506 291 396 571 370 36 245 405 472 388 18 454 432
644 601 535 424 728 577 848 725 490 62 800 355 1061 539 463 0 46 466 99 453 702 894 118 735 449 466 681 759 555 234 734 521 417 543 715 686 607 730 237 758 282 530 439 200 717 123 620 529 498 398 783 682 817 623 405 715 696 799 548 564 627 443 508 647 563 892 835 224 643 771 724 544 183 710 814 661 653 626 533 843 395 727 249 537 398 147 221 314 360 482 526 69 748 72 310 492 518 820 267 813 384 235 150 893 758 294 668 1021 499 324 774 873 273 840 318 426 770 241 471 624 347 286 185 916 731 590 871 886 615 119 495 504 287 138 589 523 721 696 470 660 297 122 546 722 69 646 591 434 609 300 935 701 445 913 870
690 646 575 459 772 589 892 742 529 107 831 401 1103 549 505 46 0 490 144 468 735 932 128 780 495 506 727 795 585 256 764 563 463 584 759 725 639 744 281 804 300 576 485 161 728 88 636 553 532 405 822 692 861 639 422 761 741 833 589 598 647 478 545 680 599 929 881 219 687 816 770 589 216 754 856 682 673 662 575 882 398 771 288 582 442 191 267 360 406 528 571 56 784 98 356 520 553 866 264 855 418 266 104 930 799 318 712 1062 541 351 802 920 318 885 354 472 812 237 515 663 386 321 200 959 763 636 917 931 655 143 540 540 333 159 633 568 767 742 506 667 332 162 585 758 115 685 636 475 641 339 976 747 486 952 915
553 451 271 706 505 176 619 272 702 459 359 466 733 172 286 466 490 0 402 100 285 508 571 779 478 232 544 379 130 637 289 303 471 727 500 870 182 296 495 626 195 539 494 644 301 577 176 63 770 185 441 274 599 184 94 700 710 378 718 180 165 148 203 234 801 498 791 685 435 786 638 626 557 499 533 197 190 260 696 490 222 537 550 421 342 369 454 396 417 453 450 441 355 517 458 66 771 734 296 514 149 237 564 510 882 172 724 690 672 144 316 767 351 672 197 409 873 314 373 296 615 212 293 616 307 603 765 639 783 551 571 756 461 569 681 593 677 631 722 290 205 494 751 341 424 831 649 259 196 578 602 675 280 558 667
547 501 439 383 629 535 748 670 432 59 719 266 963 502 365 99 144 402 0 409 617 802 171 653 355 372 583 667 476 242 654 423 325 480 616 628 526 683 169 661 239 438 348 298 676 220 567 462 457 372 687 642 717 573 356 625 609 713 482 478 567 357 417 563 515 800 745 286 544 686 628 461 168 610 715 600 592 536 465 748 379 627 201 437 298 48 141 218 264 385 427 139 658 119 222 418 472 725 270 715 300 165 248 800 689 237 585 923 432 258 698 778 174 741 232 328 698 249 371 530 296 203 162 818 646 500 776 787 551 148 409 458 202 166 509 438 629 601 422 629 213 97 488 631 30 587 507 337 526 249 838 610 347 817 771
645 546 370 749 605 126 719 274 758 460 434 525 829 98 376 453 468 100 409 0 374 597 567 862 552 324 640 473 226 650 364 399 540 789 600 936 274 277 530 723 172 620 565 611 266 552 169 141 817 96 539 233 700 171 53 788 795 461 781 280 189 240 302 326 856 586 884 678 534 873 731 700 574 599 633 225 214 360 760 586 130 637 581 512 417 385 489 452 481 534 537 414 447 513 510 166 822 830 235 614 223 250 527 600 957 173 804 787 734 168 378 864 400 772 249 484 950 257 458 396 657 251 269 716 392 685 862 740 849 553 644 807 508 572 756 667 767 723 772 227 247 505 810 436 424 895 727 345 290 616 698 764 367 652 767
474 371 226 811 339 366 418 306 770 677 109 555 461 396 309 702 735 285 617 374 0 223 787 731 512 267 433 108 158 818 73 270 524 773 342 892 103 366 645 495 466 535 537 896 401 823 301 233 858 468 189 400 411 313 379 630 657 97 758 138 246 259 209 55 866 213 685 900 313 719 536 638 739 346 310 235 243 102 737 222 503 388 701 385 407 572 610 508 501 462 427 694 77 736 571 229 849 612 579 281 318 469 823 226 867 431 695 419 725 392 137 624 494 505 385 451 846 594 383 145 733 416 554 367 29 578 623 421 809 758 597 836 586 773 685 607 593 546 808 451 405 691 806 80 645 860 639 314 94 711 334 604 320 282 476
494 419 366 923 314 582 323 487 860 860 199 680 250 615 450 894 932 508 802 597 223 0 966 738 610 430 436 136 378 975 250 394 632 849 326 941 325 548 795 462 680 602 637 1093 589 1017 511 456 956 691 133 597 335 522 602 632 669 146 830 343 456 455 386 273 947 19 647 1075 347 712 523 702 901 334 220 437 447 270 811 85 727 365 848 464 543 755 766 652 631 553 504 896 153 918 708 448 940 567 798 188 516 670 1025 9 889 643 722 213 808 602 278 558 655 432 577 566 860 811 493 272 858 610 763 209 206 623 558 302 867 933 677 929 727 946 737 677 588 547 908 654 600 863 884 174 831 915 687 470 312 846 146 608 466 85 380
659 634 600 349 768 691 882 835 432 112 890 357 1114 655 521 118 128 571 171 567 787 966 0 707 456 536 704 833 648 130 825 579 423 489 754 622 698 844 219 774 394 530 440 182 832 120 731 632 419 515 847 797 850 735 517 704 679 883 498 649 734 528 584 733 490 966 824 114 686 748 730 521 116 748 863 768 760 703 487 908 513 759 202 569 440 215 224 340 379 500 550 180 826 54 311 589 444 820 385 866 471 334 187 964 706 402 641 1075 453 427 870 877 316 860 404 451 724 358 508 694 289 375 300 966 816 583 874 924 560 39 480 432 287 41 558 507 717 699 400 777 385 107 485 798 147 584 570 497 697 248 992 694 503 976 898
257 361 536 409 424 954 444 994 303 673 824 389 709 951 493 735 780 779 653 862 731 738 707 0 320 550 306 676 723 613 804 492 342 249 414 237 727 1042 499 282 774 243 315 889 1061 822 932 793 381 897 616 1042 419 944 818 106 74 773 232 669 892 631 596 713 323 752 158 756 419 51 215 191 591 407 522 905 906 638 233 652 923 373 505 364 446 622 514 453 409 328 330 791 697 695 430 731 350 212 877 551 638 682 877 730 154 738 67 689 262 715 868 262 512 344 625 381 122 866 405 587 425 639 768 585 752 176 260 486 207 669 244 350 450 666 149 216 150 192 358 1067 637 620 276 670 674 233 147 519 708 459 652 130 498 683 409
203 203 287 312 339 654 439 721 258 389 620 99 694 645 213 449 495 478 355 552 512 610 456 320 0 269 252 501 451 408 578 242 32 263 324 396 472 761 239 318 454 83 26 630 774 555 644 504 349 579 477 751 406 655 505 273 263 585 250 409 613 337 326 476 353 617 390 539 271 342 276 148 352 317 447 633 631 410 228 533 604 316 274 147 135 316 234 139 93 57 110 494 510 427 144 441 337 370 558 460 330 362 598 605 405 418 257 660 212 397 641 425 196 404 308 69 399 548 129 372 253 320 451 545 540 150 422 484 309 417 94 325 169 421 204 115 273 247 299 768 318 352 294 478 381 359 177 226 457 254 588 256 210 590 446
321 222 70 549 301 404 423 453 518 430 376 292 600 405 57 466 506 232 372 324 267 430 536 550 269 0 316 297 182 553 323 77 272 531 292 664 206 496 378 401 303 317 290 666 512 590 382 242 601 383 316 492 398 394 291 468 479 356 518 143 346 84 60 220 617 430 560 645 220 555 406 412 476 289 361 364 363 171 496 376 417 322 434 189 144 324 344 241 238 231 220 475 292 487 305 180 594 505 429 354 120 256 604 428 663 260 499 558 479 221 382 541 229 456 160 200 650 432 148 158 467 193 360 461 296 376 539 453 578 503 362 581 318 517 465 378 444 399 551 517 183 433 560 263 402 628 427 47 194 444 471 443 59 446 462
63 95 274 537 121 708 190 716 454 626 520 350 457 715 272 681 727 544 583 640 433 436 704 306 252 316 0 371 457 661 507 241 284 430 109 506 447 770 490 85 606 200 273 872 795 795 671 540 553 699 310 782 157 683 608 201 234 468 410 397 624 400 342 423 528 449 256 791 121 287 102 283 604 102 228 631 634 349 394 350 732 76 527 149 290 537 480 368 325 204 155 715 393 671 394 485 530 191 727 253 431 534 831 428 454 563 286 427 399 528 570 224 409 158 449 255 427 725 217 297 497 475 638 312 452 196 222 236 437 665 276 523 418 671 309 266 161 115 508 817 469 598 466 367 611 483 258 307 426 504 370 176 286 389 194
421 328 237 812 261 474 321 409 757 726 153 561 356 502 322 759 795 379 667 473 108 136 833 676 501 297 371 0 249 847 164 270 519 753 267 858 198 470 669 419 545 507 528 957 507 881 409 332 851 564 85 507 319 421 472 572 603 97 736 208 354 318 250 147 849 133 612 943 260 658 470 610 771 273 210 342 350 133 715 114 600 313 723 360 419 620 638 526 510 446 402 759 31 784 585 316 837 535 665 179 379 533 889 136 821 507 649 314 708 466 218 540 524 417 441 450 796 677 377 140 741 474 627 259 106 539 539 319 780 801 577 826 603 814 651 581 532 486 801 559 464 731 787 38 696 829 603 339 182 725 228 547 338 179 380
478 372 187 721 398 255 504 272 698 535 246 467 603 272 239 555 585 130 476 226 158 378 648 723 451 182 457 249 0 693 179 230 453 713 395 847 55 318 531 534 307 496 472 744 340 673 213 91 777 315 312 325 488 226 223 633 650 254 701 61 169 130 127 105 797 370 712 762 339 722 557 593 613 396 411 183 183 135 679 360 351 437 587 358 323 434 492 407 413 412 394 541 225 595 472 70 773 648 421 389 178 319 669 380 842 274 675 561 660 236 223 673 378 569 245 382 828 435 328 178 636 272 398 490 183 553 672 520 760 622 544 759 481 638 646 560 604 557 728 361 262 557 742 211 502 810 607 226 66 606 472 607 241 428 556
608 604 610 228 742 777 848 908 321 197 925 313 1096 744 525 234 256 637 242 650 818 975 130 613 408 553 661 847 693 0 865 580 376 379 727 502 738 924 181 722 481 470 387 294 917 246 807 693 294 613 849 884 815 812 598 626 595 909 391 683 802 565 609 767 367 977 744 143 665 658 670 438 80 720 844 834 827 725 384 908 616 724 134 541 432 268 209 324 351 460 514 302 845 161 274 643 320 751 496 853 515 403 315 971 593 478 549 1059 352 495 916 809 324 809 450 423 615 471 491 707 188 427 398 946 847 512 806 892 447 114 407 310 252 97 466 431 646 636 281 871 436 145 369 815 230 466 488 509 733 161 981 621 509 973 854
547 443 291 872 410 333 484 246 835 713 70 615 498 368 370 734 764 289 654 364 73 250 825 804 578 323 507 164 179 865 0 336 588 841 414 962 127 307 697 567 481 605 603 923 345 852 261 228 922 461 249 349 480 272 380 704 730 103 826 183 207 300 263 103 932 235 758 940 387 792 609 707 785 418 374 187 197 170 805 270 495 461 753 455 467 611 660 563 561 530 497 719 133 773 628 244 913 684 586 344 354 498 846 255 940 451 768 459 791 414 64 695 544 575 421 515 919 603 449 217 791 450 575 421 59 650 694 484 879 799 665 900 641 815 755 676 667 619 871 405 440 733 873 147 680 929 710 371 131 766 379 678 379 322 543
251 148 46 544 225 471 347 501 500 478 378 291 540 475 58 521 563 303 423 399 270 394 579 492 242 77 241 270 230 580 336 0 254 504 215 628 238 549 400 324 379 271 267 721 570 644 441 305 589 461 269 552 321 453 368 404 419 346 489 177 400 159 105 235 595 397 489 684 142 492 334 372 506 212 294 413 414 168 468 330 494 244 453 128 149 375 372 257 239 193 166 537 274 534 315 246 578 431 505 291 197 326 664 391 615 336 446 499 455 298 399 464 263 378 231 182 598 507 113 132 471 262 430 396 297 324 463 379 543 544 328 566 333 556 423 340 376 330 539 582 253 473 536 242 454 593 380 88 221 454 414 378 76 397 385
235 231 298 292 368 647 471 721 247 357 633 66 723 635 219 417 463 471 325 540 524 632 423 342 32 272 284 519 453 376 588 254 0 259 353 399 478 759 206 351 435 113 26 597 770 522 640 501 334 563 500 745 438 651 492 301 288 600 248 415 611 334 331 485 345 638 420 506 297 367 308 161 320 346 474 633 631 422 226 556 587 347 243 172 131 287 201 112 67 85 139 464 526 395 111 438 324 402 534 487 322 341 567 627 417 400 277 688 206 382 650 457 170 437 293 72 413 524 142 386 227 302 426 574 552 177 454 515 311 384 104 312 136 388 216 129 304 279 284 760 301 319 288 495 350 360 196 227 464 224 615 285 213 615 479
366 429 549 161 546 901 612 980 58 482 879 263 884 885 476 543 584 727 480 789 773 849 489 249 263 531 430 753 713 379 841 504 259 0 532 150 735 1017 311 453 661 246 240 669 1027 609 899 760 135 797 716 1002 581 909 738 300 258 841 20 672 871 593 590 739 98 858 400 521 501 299 385 147 375 524 656 893 890 672 37 766 816 506 295 393 391 463 340 336 310 311 350 608 765 490 283 697 106 433 738 678 577 562 671 842 216 633 197 856 54 623 903 490 391 536 539 330 235 721 392 630 200 540 625 742 800 233 488 658 71 455 176 103 293 448 128 171 336 349 109 1012 542 421 35 734 494 109 175 487 721 244 799 306 472 814 596
169 123 232 628 14 651 133 638 552 665 420 414 369 664 265 715 759 500 616 600 342 326 754 414 324 292 109 267 395 727 414 215 353 532 0 615 374 694 549 153 595 292 349 913 724 835 605 484 650 670 202 715 106 617 575 308 343 365 513 333 554 368 298 342 631 339 345 850 74 392 203 385 664 8 125 556 561 271 496 240 705 46 594 186 318 568 532 415 378 268 214 740 292 715 453 436 630 270 720 145 412 538 863 318 564 552 396 335 498 513 476 283 443 174 445 305 535 723 246 220 578 476 643 220 357 301 282 171 544 717 369 621 477 725 415 364 266 222 604 755 467 647 568 269 646 591 365 300 353 578 268 284 282 282 170
446 530 674 274 628 1045 670 1117 197 627 995 411 940 1032 608 686 725 870 628 936 892 941 622 237 396 664 506 858 847 502 962 628 399 150 615 0 864 1157 459 505 811 357 376 797 1169 742 1039 899 213 947 811 1144 642 1050 885 329 286 951 154 802 1009 732 721 863 138 952 393 637 599 286 435 255 511 607 734 1029 1027 792 175 855 966 581 437 506 529 613 490 484 455 435 465 752 874 629 434 836 183 450 889 759 720 713 808 933 114 783 224 917 204 771 1026 500 541 577 686 465 151 872 519 747 339 688 775 808 917 319 498 714 87 591 302 193 443 581 207 287 373 403 221 1158 690 564 140 844 641 41 255 622 848 386 872 346 606 895 641
476 369 192 754 375 285 474 269 725 586 193 498 555 308 259 607 639 182 526 274 103 325 698 727 472 206 447 198 55 738 127 238 478 735 374 864 0 322 572 520 363 509 495 798 350 727 231 134 807 366 268 340 461 244 276 633 653 199 722 63 180 172 146 51 823 315 704 812 327 722 549 609 658 376 375 183 187 103 700 312 402 418 628 365 351 483 534 442 444 428 404 595 173 645 507 125 801 636 476 351 226 372 723 327 853 330 683 513 684 291 178 657 418 547 294 405 836 491 345 154 671 323 453 448 127 562 655 486 779 671 563 788 518 687 660 577 600 553 757 383 313 605 766 162 553 829 619 253 21 644 425 607 265 378 528
796 689 505 1003 694 154 783 61 996 736 349 760 799 197 553 730 744 296 683 277 366 548 844 1042 761 496 770 470 318 924 307 549 759 1017 694 1157 322 0 791 842 449 813 780 881 43 826 120 257 1066 345 554 69 774 112 327 952 969 404 1007 374 149 424 445 353 1095 531 1026 955 649 1041 871 907 846 697 676 138 136 424 985 577 363 739 845 677 627 656 750 691 709 727 713 688 438 790 755 320 1066 958 495 647 443 521 795 555 1159 446 993 761 963 431 270 978 648 865 494 691 1145 521 644 475 912 507 546 728 364 871 977 787 1070 829 855 1052 758 848 961 873 921 873 1018 130 500 779 1044 446 701 1119 923 535 343 875 685 926 553 626 840
442 427 432 223 564 653 673 767 262 175 753 139 916 628 346 237 281 495 169 530 645 795 219 499 239 378 490 669 531 181 697 400 206 311 549 459 572 791 0 557 376 311 222 397 791 325 671 545 295 516 668 760 640 678 476 487 464 734 313 513 658 401 436 596 347 798 608 301 485 536 512 309 114 542 665 687 681 549 297 727 528 549 56 363 251 159 41 143 171 286 338 298 668 197 96 489 306 601 434 672 358 282 378 791 522 359 431 879 263 363 751 658 153 643 298 244 533 415 310 528 131 284 322 767 674 364 655 716 382 179 263 291 72 182 351 291 499 480 255 757 290 121 318 637 183 417 357 332 565 86 801 476 331 792 684
115 180 355 578 158 787 164 787 486 702 573 417 435 796 357 758 804 626 661 723 495 462 774 282 318 401 85 419 534 722 567 324 351 453 153 505 520 842 557 0 691 252 336 946 870 870 747 619 584 784 348 858 137 760 692 177 219 517 433 473 699 484 423 491 549 477 192 856 194 250 70 314 670 148 242 703 707 418 420 377 817 106 590 233 372 617 551 444 399 277 233 795 445 744 463 566 558 117 812 273 517 619 909 453 436 648 281 411 432 614 629 140 488 87 534 332 403 810 301 366 549 560 721 303 510 225 138 208 447 735 322 552 487 740 325 305 133 104 543 895 554 670 488 422 689 488 278 393 499 562 370 158 371 402 142
594 511 369 599 604 297 726 443 623 288 550 403 886 263 335 282 300 195 239 172 466 680 394 774 454 303 606 545 307 481 481 379 435 661 595 811 363 449 376 691 0 533 461 450 438 386 338 258 670 139 593 404 701 341 123 717 714 562 657 338 347 237 314 411 717 674 825 506 522 794 682 595 406 592 660 382 373 414 636 648 155 623 423 460 334 222 337 330 369 453 473 248 527 341 377 238 679 784 125 649 184 98 369 681 848 43 711 844 607 83 511 827 271 755 157 395 848 132 395 432 508 136 100 755 491 601 825 756 726 381 538 664 369 400 650 565 705 666 628 389 140 336 678 507 253 770 631 299 371 463 755 695 319 718 765
141 182 318 337 306 716 391 769 260 469 638 175 656 710 259 530 576 539 438 620 535 602 530 243 83 317 200 507 496 470 605 271 113 246 292 357 509 813 311 252 533 0 90 707 829 633 699 559 358 653 469 808 358 710 575 189 181 597 229 448 663 393 369 505 344 611 307 606 255 261 200 103 422 284 417 680 680 434 209 520 680 273 339 149 203 400 312 223 176 86 107 577 520 505 221 496 339 290 639 436 396 443 679 596 346 495 184 624 206 471 668 346 279 340 382 137 334 630 169 390 298 397 534 509 560 68 344 437 274 491 77 329 245 493 151 74 191 169 311 829 394 429 281 489 463 324 110 281 492 310 561 172 261 571 388
221 228 311 286 364 670 462 741 232 379 645 84 719 659 236 439 485 494 348 565 537 637 440 315 26 290 273 528 472 387 603 267 26 240 349 376 495 780 222 336 461 90 0 617 792 542 662 522 323 589 504 768 429 673 517 277 263 611 228 432 632 355 349 500 329 644 396 520 297 342 290 135 334 341 472 653 651 435 206 559 613 339 254 173 152 311 221 137 93 84 136 487 536 414 130 459 311 381 561 486 345 367 588 631 392 426 250 684 189 408 665 437 196 423 319 89 387 550 154 397 228 328 452 570 565 152 434 507 289 401 78 299 155 404 191 103 281 259 273 783 327 338 270 504 373 338 169 247 481 231 614 262 231 616 467
831 796 735 522 926 726 1044 885 611 247 991 532 1261 684 663 200 161 644 298 611 896 1093 182 889 630 666 872 957 744 294 923 721 597 669 913 797 798 881 397 946 450 707 617 0 861 77 780 707 588 536 983 824 1012 781 569 885 860 993 678 759 796 639 706 841 662 1090 1005 177 841 930 906 703 298 907 1013 831 822 823 668 1043 522 922 384 731 595 346 396 504 547 669 717 203 945 202 486 678 615 998 386 1013 579 426 86 1092 885 473 823 1221 635 508 958 1054 469 1030 515 616 904 360 667 824 470 483 350 1116 924 762 1051 1084 739 220 660 604 462 223 740 688 896 876 575 792 493 278 662 919 268 760 752 634 802 430 1135 874 645 1113 1064
819 712 527 1006 724 140 817 102 1004 727 390 767 840 178 570 717 728 301 676 266 401 589 832 1061 774 512 795 507 340 917 345 570 770 1027 724 1169 350 43 791 870 438 829 792 861 0 808 130 270 1070 324 590 36 807 119 319 974 989 444 1018 398 171 437 465 384 1103 572 1051 942 676 1062 896 921 840 726 711 168 163 453 996 616 339 768 844 697 639 651 749 697 718 743 731 672 475 779 760 333 1072 985 474 683 451 516 775 596 1175 439 1011 802 973 428 311 1007 652 896 497 704 1163 500 660 504 914 507 532 766 401 889 1006 822 1082 819 868 1058 761 839 976 888 944 897 1023 89 501 772 1052 482 691 1130 940 549 371 876 724 948 568 666 873
755 718 658 469 848 671 966 826 552 169 919 457 1184 630 586 123 88 577 220 552 823 1017 120 822 555 590 795 881 673 246 852 644 522 609 835 742 727 826 325 870 386 633 542 77 808 0 721 641 539 484 906 772 935 723 508 813 790 920 617 685 733 565 631 768 610 1015 933 162 763 861 831 634 234 829 935 769 759 748 605 966 473 844 318 654 517 269 321 427 470 593 640 138 870 128 411 608 564 924 338 935 505 354 70 1016 825 405 755 1143 572 439 890 980 391 953 440 539 843 311 589 747 409 408 286 1038 851 690 977 1006 680 154 589 552 387 161 673 617 823 802 521 744 418 204 605 844 190 704 682 557 729 366 1058 801 567 1036 986
691 585 400 882 606 76 705 105 876 622 321 640 758 119 440 620 636 176 567 169 301 511 731 932 644 382 671 409 213 807 261 441 640 899 605 1039 231 120 671 747 338 699 662 780 130 721 0 140 945 252 489 111 693 12 214 845 860 365 888 273 55 307 336 273 975 496 926 843 552 934 770 791 728 606 604 77 66 335 866 523 278 648 725 568 510 538 630 571 589 613 602 583 379 677 634 203 946 861 401 577 323 403 696 516 1045 330 881 718 844 312 249 886 527 778 373 574 1033 425 530 385 791 386 437 668 308 759 884 715 952 714 738 931 637 733 845 757 817 770 897 152 380 662 924 379 586 1001 810 419 253 754 635 819 438 581 760
556 451 266 750 487 168 595 224 739 519 299 503 689 181 300 529 553 63 462 141 233 456 632 793 504 242 540 332 91 693 228 305 501 760 484 899 134 257 545 619 258 559 522 707 270 641 140 0 811 235 401 249 579 151 151 708 721 321 749 151 113 167 199 185 838 445 793 746 425 796 637 650 613 484 502 142 136 226 727 446 270 524 600 430 370 426 504 436 452 472 462 504 306 578 500 63 810 731 357 480 189 297 628 459 904 235 741 647 706 205 253 759 397 658 246 434 892 375 390 269 661 266 357 580 252 619 758 611 812 610 598 796 505 628 705 617 681 635 762 278 257 552 786 296 484 861 669 278 151 626 559 683 297 512 646
490 538 632 74 664 937 740 1035 98 442 967 310 1010 915 551 498 532 770 457 817 858 956 419 381 349 601 553 851 777 294 922 589 334 135 650 213 807 1066 295 584 670 358 323 588 1070 539 945 811 0 810 823 1042 708 954 764 435 394 934 155 745 924 651 661 818 75 964 535 424 610 432 516 270 316 642 775 950 946 757 164 876 823 628 256 493 456 454 333 374 364 405 452 567 859 434 311 750 32 568 727 794 622 574 606 950 316 650 332 980 153 649 982 626 419 668 573 407 344 707 476 720 163 566 616 865 886 360 623 786 180 392 281 31 309 379 262 286 470 481 50 1045 570 378 105 828 463 181 306 554 795 209 919 441 543 929 726
697 604 438 739 677 190 795 354 761 416 530 536 919 147 428 398 405 185 372 96 468 691 515 897 579 383 699 564 315 613 461 461 563 797 670 947 366 345 516 784 139 653 589 536 324 484 252 235 810 0 627 288 773 251 96 831 833 557 792 365 282 302 373 418 855 681 934 621 601 912 785 724 540 669 714 316 305 446 771 676 36 704 562 562 450 360 476 463 498 570 581 348 540 464 514 250 818 885 150 697 268 236 450 694 979 164 836 876 743 182 474 923 406 839 271 516 977 176 502 478 647 260 215 801 487 721 921 818 861 507 667 803 507 527 779 692 815 773 767 262 261 469 815 526 382 906 756 394 381 602 788 808 416 743 840
366 286 248 790 192 551 238 494 727 744 234 549 294 576 326 783 822 441 687 539 189 133 847 616 477 316 310 85 312 849 249 269 500 716 202 811 268 554 668 348 593 469 504 983 590 906 489 401 823 627 0 590 238 502 532 510 545 174 698 262 434 357 282 219 814 142 539 954 214 594 404 569 776 209 126 424 432 181 679 60 663 245 719 330 416 639 641 524 501 420 371 790 116 801 579 376 806 461 716 94 416 567 920 127 765 552 595 251 675 511 302 461 532 337 472 435 737 725 362 161 726 505 666 179 191 492 461 234 736 813 543 796 599 825 606 544 468 424 774 640 495 742 751 110 717 784 557 351 249 716 162 486 344 129 297
803 697 511 976 716 107 812 116 977 692 399 741 847 142 549 682 692 274 642 233 400 597 797 1042 751 492 782 507 325 884 349 552 745 1002 715 1144 340 69 760 858 404 808 768 824 36 772 111 249 1042 288 590 0 800 99 286 957 971 450 992 385 160 415 447 378 1075 580 1037 906 664 1045 882 898 807 716 708 165 157 444 970 618 303 758 812 679 615 618 719 670 692 722 712 636 476 744 731 312 1044 973 438 680 424 483 738 603 1153 406 991 808 947 396 321 996 623 887 468 681 1142 464 639 494 885 477 497 767 402 869 995 819 1057 785 845 1029 732 804 953 865 929 881 995 62 471 739 1026 480 657 1105 918 527 362 845 728 931 547 672 867
218 216 336 695 96 744 33 716 609 765 472 502 302 760 371 817 861 599 717 700 411 335 850 419 406 398 157 319 488 815 480 321 438 581 106 642 461 774 640 137 701 358 429 1012 807 935 693 579 708 773 238 800 0 706 678 315 357 412 561 427 640 472 400 422 679 352 313 942 180 386 207 437 755 110 116 638 644 357 547 253 808 91 681 281 419 670 626 511 471 354 302 844 349 813 544 534 684 232 826 149 518 644 965 326 574 658 418 275 554 619 537 224 544 99 551 399 541 829 346 310 654 582 749 166 421 348 224 78 581 812 434 677 568 819 456 422 270 238 664 845 574 743 617 332 747 624 407 406 439 660 233 296 388 268 67
704 597 412 890 619 68 718 103 886 626 331 650 770 113 451 623 639 184 573 171 313 522 735 944 655 394 683 421 226 812 272 453 651 909 617 1050 244 112 678 760 341 710 673 781 119 723 12 151 954 251 502 99 706 0 218 857 872 376 899 286 67 318 348 286 985 507 938 847 565 946 783 802 734 619 617 86 76 348 877 535 276 661 732 580 520 544 637 580 599 624 613 585 391 681 643 214 955 874 400 590 332 409 697 528 1056 335 893 729 854 318 259 898 536 791 382 585 1044 425 541 397 800 394 439 681 320 771 897 728 962 719 749 941 646 738 857 768 829 782 906 139 388 668 934 391 591 1011 821 430 266 762 647 832 449 592 773
609 513 343 696 582 179 699 319 706 409 451 474 825 151 339 405 422 94 356 53 379 602 517 818 505 291 608 472 223 598 380 368 492 738 575 885 276 327 476 692 123 575 517 569 319 508 214 151 764 96 532 286 678 218 0 747 752 471 731 270 226 208 277 328 803 592 847 628 507 831 696 652 521 574 618 262 252 351 709 582 132 610 527 474 372 332 435 401 431 490 496 369 449 463 458 156 769 795 206 601 181 197 486 604 909 119 759 783 683 115 402 832 348 745 199 439 904 225 417 381 604 198 222 705 401 642 830 722 799 502 596 754 455 520 708 620 729 685 719 281 196 453 759 434 373 845 681 306 290 563 693 724 328 651 744
157 264 446 446 318 873 342 902 344 654 721 360 610 873 413 715 761 700 625 788 630 632 704 106 273 468 201 572 633 626 704 404 301 300 308 329 633 952 487 177 717 189 277 885 974 813 845 708 435 831 510 957 315 857 747 0 44 669 280 577 803 551 509 615 389 646 120 768 317 89 109 188 591 301 416 814 816 540 273 546 860 267 505 278 383 589 494 412 366 263 251 765 594 685 405 648 406 133 827 445 566 629 863 624 259 677 109 588 293 650 768 191 469 247 562 322 228 819 330 489 440 580 723 481 650 124 188 385 279 665 224 403 428 665 174 197 44 86 402 985 577 608 333 567 650 316 139 442 613 466 548 26 421 577 311
183 286 463 408 354 884 384 921 304 634 750 343 653 882 423 696 741 710 609 795 657 669 679 74 263 479 234 603 650 595 730 419 288 258 343 286 653 969 464 219 714 181 263 860 989 790 860 721 394 833 545 971 357 872 752 44 0 700 239 595 820 561 524 639 346 682 148 738 345 79 150 157 564 336 454 832 833 564 233 583 861 304 478 292 382 574 474 400 355 263 259 748 624 662 386 660 364 175 821 483 571 624 842 661 220 676 64 631 255 651 794 232 459 291 562 318 192 811 336 513 408 578 714 523 678 113 229 428 235 640 201 362 408 639 135 173 87 122 362 997 576 586 290 596 632 272 108 450 634 436 589 61 429 616 355
517 422 306 891 358 436 411 343 843 773 61 637 396 471 391 799 833 378 713 461 97 146 883 773 585 356 468 97 254 909 103 346 600 841 365 951 199 404 734 517 562 597 611 993 444 920 365 321 934 557 174 450 412 376 471 669 700 0 825 235 311 356 300 153 936 131 709 996 356 756 567 700 831 371 299 290 300 184 804 178 592 411 790 448 490 668 701 595 584 531 491 792 77 832 657 324 922 632 674 266 415 567 921 152 917 528 745 357 795 489 136 635 585 511 481 529 892 689 457 213 816 513 652 329 71 633 634 404 871 853 665 910 672 868 744 671 629 583 884 508 502 785 875 107 741 921 696 402 192 797 281 644 405 222 470
347 411 535 176 527 892 592 969 71 486 864 256 864 878 463 548 589 718 482 781 758 830 498 232 250 518 410 736 701 391 826 489 248 20 513 154 722 1007 313 433 657 229 228 678 1018 617 888 749 155 792 698 992 561 899 731 280 239 825 0 659 860 583 577 725 118 840 382 533 483 282 364 128 382 505 637 881 879 657 22 747 812 486 301 376 379 463 341 330 301 296 334 611 748 496 280 686 126 413 737 659 568 558 678 824 209 628 178 836 50 617 889 470 386 516 532 318 225 721 378 615 208 534 624 723 785 214 468 638 70 463 160 123 290 456 108 154 315 329 126 1004 535 426 55 717 497 114 155 475 707 251 780 286 459 795 575
421 314 132 692 336 317 444 325 662 538 242 436 556 332 196 564 598 180 478 280 138 343 649 669 409 143 397 208 61 683 183 177 415 672 333 802 63 374 513 473 338 448 432 759 398 685 273 151 745 365 262 385 427 286 270 577 595 235 659 0 227 121 83 84 760 336 653 762 279 666 497 547 603 334 353 237 238 80 637 314 401 375 570 305 288 434 477 381 381 366 343 558 190 597 446 114 738 587 457 333 180 332 687 343 792 300 623 513 621 259 239 612 361 508 246 342 776 469 282 118 610 277 421 436 167 501 611 461 716 620 500 725 458 636 599 514 546 499 695 422 267 553 702 169 506 766 557 191 51 584 424 551 202 383 495
648 541 357 863 555 126 652 110 852 623 269 616 703 164 404 627 647 165 567 189 246 456 734 892 613 346 624 354 169 802 207 400 611 871 554 1009 180 149 658 699 347 663 632 796 171 733 55 113 924 282 434 160 640 67 226 803 820 311 860 227 0 277 296 219 951 442 880 848 505 892 725 758 723 556 550 35 25 284 838 468 311 598 713 528 480 534 617 550 564 578 563 595 324 680 614 174 923 814 425 523 302 402 713 462 1010 332 844 663 817 309 200 837 510 727 359 543 996 447 494 334 774 376 447 613 253 721 835 661 922 715 706 909 619 733 812 724 773 726 876 206 369 659 898 324 588 971 774 386 201 739 580 777 404 525 707
405 306 136 593 375 323 495 387 575 417 362 341 649 321 138 443 478 148 357 240 259 455 528 631 337 84 400 318 130 565 300 159 334 593 368 732 172 424 401 484 237 393 355 639 437 565 307 167 651 302 357 415 472 318 208 551 561 356 583 121 277 0 76 205 674 451 644 641 299 637 491 483 485 366 423 300 297 185 560 414 336 401 457 273 203 313 363 278 288 307 301 440 305 476 343 104 648 589 363 411 60 214 570 455 738 196 577 607 540 154 350 624 248 536 125 267 727 370 225 195 506 157 309 517 288 455 622 521 645 500 431 634 351 515 538 450 528 483 601 436 146 433 621 280 385 694 503 112 169 476 518 526 132 485 538
356 251 68 610 304 367 422 400 578 476 317 353 573 373 113 508 545 203 417 302 209 386 584 596 326 60 342 250 127 609 263 105 331 590 298 721 146 445 436 423 314 369 349 706 465 631 336 199 661 373 282 447 400 348 277 509 524 300 577 83 296 76 0 160 677 384 593 696 232 597 438 467 531 297 347 311 311 118 555 340 408 334 492 232 205 370 401 300 298 285 267 510 241 534 365 142 655 533 440 334 134 285 640 385 715 272 548 531 538 231 321 564 285 469 191 259 700 447 201 120 528 225 384 441 238 425 562 446 634 554 418 642 378 568 519 434 482 435 611 477 214 485 619 213 446 685 479 108 134 503 442 483 118 411 467
458 352 189 769 341 332 433 296 732 622 158 512 503 357 267 647 680 234 563 326 55 273 733 713 476 220 423 147 105 767 103 235 485 739 342 863 51 353 596 491 411 505 500 841 384 768 273 185 818 418 219 378 422 286 328 615 639 153 725 84 219 205 160 0 829 264 679 847 302 705 526 607 688 345 330 216 221 74 703 261 454 387 652 357 364 518 560 461 458 428 398 639 121 682 525 175 810 608 526 305 263 414 767 276 844 376 673 461 689 336 164 626 444 512 330 412 825 540 347 126 688 361 499 399 83 553 624 442 778 705 564 797 539 720 657 576 581 533 768 425 350 638 770 111 590 829 613 268 39 664 374 589 276 326 489
