38
0 855 619 545 884 1188 213 728 271 105 335 764 947 898 690 413 483 649 910 821 546 753 873 305 773 702 742 863 825 971 168 860 628 697 543 690 780 363
855 0 820 604 192 724 716 205 591 874 773 612 534 429 772 531 776 769 933 154 931 385 1020 564 720 432 699 978 606 466 809 382 555 515 724 491 568 856
619 820 0 221 709 705 428 615 509 531 283 293 527 550 102 377 136 69 291 689 165 470 270 487 221 406 206 249 352 600 451 550 268 330 110 348 340 275
545 604 221 0 512 652 331 401 351 487 256 219 423 405 210 185 183 187 433 482 331 288 466 320 243 220 211 433 281 471 397 387 93 173 119 177 240 312
884 192 709 512 0 532 710 156 613 880 727 461 346 243 644 500 695 649 776 70 843 240 876 578 571 303 556 831 441 275 803 201 441 382 628 361 412 803
1188 724 705 652 532 0 976 616 952 1139 903 439 248 332 603 781 788 638 553 587 871 468 691 914 484 498 502 649 373 269 1048 385 562 490 703 499 411 943
213 716 428 331 710 976 0 558 146 172 156 551 737 694 487 214 293 448 713 653 395 552 694 158 563 497 532 677 612 766 94 660 415 486 340 480 567 222
728 205 615 401 156 616 558 0 456 727 590 416 388 287 568 354 577 564 737 95 731 195 818 423 520 231 498 776 419 347 652 234 350 314 520 289 376 669
271 591 509 351 613 952 146 456 0 283 279 556 704 643 545 175 385 511 775 550 515 497 780 37 595 454 563 756 609 716 230 601 413 468 405 455 559 357
105 874 531 487 880 1139 172 727 283 0 252 705 903 865 610 386 398 569 823 822 446 724 778 310 702 667 673 771 769 936 90 832 576 651 467 647 727 266
335 773 283 256 727 903 156 590 279 252 0 465 680 658 357 242 147 316 574 682 239 530 542 273 451 465 423 529 530 726 168 635 349 429 214 431 494 85
764 612 293 219 461 439 551 416 556 705 465 0 235 263 201 381 351 223 321 462 455 227 415 520 110 186 98 370 65 308 615 274 142 110 266 134 51 504
947 534 527 423 346 248 737 388 704 903 680 235 0 104 432 536 581 457 478 383 690 221 602 666 321 250 324 555 175 91 814 156 330 253 496 256 191 729
898 429 550 405 243 332 694 287 643 865 658 263 104 0 465 484 579 482 552 278 706 146 666 605 367 198 361 619 222 73 778 53 314 234 498 228 212 718
690 772 102 210 644 603 487 568 545 610 357 201 432 465 0 391 213 41 229 633 267 403 258 518 118 344 107 223 256 509 525 471 219 262 147 284 252 366
413 531 377 185 500 781 214 354 175 386 242 381 536 484 391 0 279 362 618 449 432 340 641 139 426 289 393 611 434 557 304 448 238 294 267 283 384 325
483 776 136 183 695 788 293 577 385 398 147 351 581 579 213 279 0 171 426 662 156 470 401 368 316 403 291 384 417 640 315 566 267 345 85 355 389 156
649 769 69 187 649 638 448 564 511 569 316 223 457 482 41 362 171 0 266 633 234 409 279 485 154 346 137 248 282 531 484 484 213 267 108 287 271 324
910 933 291 433 776 553 713 737 775 823 574 321 478 552 229 618 426 266 0 783 414 548 138 747 217 505 244 98 334 569 742 578 415 425 374 449 365 564
821 154 689 482 70 587 653 95 550 822 682 462 383 278 633 449 662 633 783 0 814 235 875 517 571 288 552 831 453 322 747 229 420 371 600 348 417 761
546 931 165 331 843 871 395 731 515 446 239 455 690 706 267 432 156 234 414 814 0 611 339 504 386 544 372 341 516 760 382 700 404 477 215 491 501 183
753 385 470 288 240 468 552 195 497 724 530 227 221 146 403 340 470 409 548 235 611 0 640 459 336 67 318 596 224 219 638 107 206 141 396 122 184 596
873 1020 270 466 876 691 694 818 780 778 542 415 602 666 258 641 401 279 138 875 339 640 0 757 305 588 322 46 444 691 705 686 475 505 376 529 464 512
305 564 487 320 578 914 158 423 37 310 273 520 666 605 518 139 368 485 747 517 504 459 757 0 563 416 530 731 573 679 248 563 377 431 381 418 523 355
773 720 221 243 571 484 563 520 595 702 451 110 321 367 118 426 316 154 217 571 386 336 305 563 0 289 32 260 148 403 614 383 203 207 237 232 159 472
702 432 406 220 303 498 497 231 454 667 465 186 250 198 344 289 403 346 505 288 544 67 588 416 289 0 267 545 201 269 580 169 139 83 329 60 152 530
742 699 206 211 556 502 532 498 563 673 423 98 324 361 107 393 291 137 244 552 372 318 322 530 32 267 0 278 148 403 584 372 172 184 209 208 149 448
863 978 249 433 831 649 677 776 756 771 529 370 555 619 223 611 384 248 98 831 341 596 46 731 260 545 278 0 398 644 694 640 436 462 350 486 419 506
825 606 352 281 441 373 612 419 609 769 530 65 175 222 256 434 417 282 334 453 516 224 444 573 148 201 148 398 0 255 679 244 198 144 332 164 51 570
971 466 600 471 275 269 766 347 716 936 726 308 91 73 509 557 640 531 569 322 760 219 691 679 403 269 403 644 255 0 849 120 378 298 557 294 259 782
168 809 451 397 803 1048 94 652 230 90 168 615 814 778 525 304 315 484 742 747 382 638 705 248 614 580 584 694 679 849 0 746 486 561 380 558 637 199
860 382 550 387 201 385 660 234 601 832 635 274 156 53 471 448 566 484 578 229 700 107 686 563 383 169 372 640 244 120 746 0 299 223 488 211 223 698
628 555 268 93 441 562 415 350 413 576 349 142 330 314 219 238 267 213 415 420 404 206 475 377 203 139 172 436 198 378 486 299 0 80 190 87 152 404
697 515 330 173 382 490 486 314 468 651 429 110 253 234 262 294 345 267 425 371 477 141 505 431 207 83 184 462 144 298 561 223 80 0 265 24 93 484
543 724 110 119 628 703 340 520 405 467 214 266 496 498 147 267 85 108 374 600 215 396 376 381 237 329 209 350 332 557 380 488 190 265 0 277 304 240
690 491 348 177 361 499 480 289 455 647 431 134 256 228 284 283 355 287 449 348 491 122 529 418 232 60 208 486 164 294 558 211 87 24 277 0 112 490
780 568 340 240 412 411 567 376 559 727 494 51 191 212 252 384 389 271 365 417 501 184 464 523 159 152 149 419 51 259 637 223 152 93 304 112 0 539
363 856 275 312 803 943 222 669 357 266 85 504 729 718 366 325 156 324 564 761 183 596 512 355 472 530 448 506 570 782 199 698 404 484 240 490 539 0
