315
0 83 359 622 495 457 424 688 205 849 762 566 203 786 140 354 233 551 885 294 260 660 723 730 325 323 527 360 693 662 469 854 856 462 211 617 166 850 605 420 609 628 954 927 224 755 310 572 220 591 430 872 840 223 328 983 594 1033 1037 306 116 656 484 1045 742 867 538 574 69 138 639 445 443 504 624 772 850 645 547 297 110 618 899 756 890 978 347 183 390 769 416 250 670 364 103 370 34 716 137 151 906 821 143 180 639 893 692 793 106 392 421 665 781 382 126 480 279 585 58 284 426 194 826 598 444 384 819 877 674 941 85 693 751 799 624 695 608 609 817 399 348 688 448 591 277 589 637 102 618 77 549 731 576 306 736 604 569 180 418 134 589 403 83 633 299 559 535 910 870 508 322 775 372 550 482 39 368 207 349 552 657 469 46 981 748 1045 427 815 537 328 506 863 454 720 114 471 314 824 911 91 510 609 657 517 535 308 642 401 1023 562 453 464 511 225 407 36 706 553 358 595 471 485 104 188 325 951 322 819 440 870 555 270 830 93 660 777 383 613 374 750 856 697 90 186 338 1037 357 772 93 529 243 136 499 621 911 870 550 300 645 922 201 206 389 986 402 209 807 879 273 376 422 895 523 427 700 184 739 543 222 715 436 275 524 609 140 917 374 170 1023 812 403 645 574 706 334 284 228 817 637 328 716 108 680 886 77 261 471 484 410 211 403 777 794 196 868
83 0 433 706 539 477 503 660 276 825 833 648 172 775 197 308 175 582 924 328 177 728 738 796 248 344 610 384 663 691 440 870 835 531 261 644 103 907 622 396 601 644 926 977 260 814 311 580 298 665 511 854 811 284 410 1031 602 1085 1080 362 180 685 440 1090 758 879 593 655 150 56 679 416 525 503 599 805 867 727 596 250 172 627 960 769 947 1018 426 196 447 835 356 318 753 439 85 309 55 793 210 162 885 854 177 263 712 927 699 784 47 364 433 647 809 415 184 528 263 601 130 229 509 212 872 679 493 445 800 895 696 981 78 681 822 832 631 728 691 691 809 471 430 767 481 664 212 671 711 49 600 108 603 806 564 388 744 656 548 262 421 66 560 399 162 716 316 517 499 952 924 561 251 793 394 588 477 122 373 205 431 636 644 529 128 1022 798 1097 507 819 557 248 556 871 426 743 188 525 397 814 885 153 580 634 732 482 619 307 721 343 1067 636 514 478 572 308 488 120 724 625 440 651 420 568 62 251 311 924 357 800 516 917 595 353 831 175 743 750 427 648 325 752 920 737 166 178 263 1080 430 750 167 612 232 156 508 704 895 932 615 292 728 981 130 189 440 1020 481 164 872 895 311 447 494 956 575 500 703 266 797 608 239 729 473 358 586 692 190 971 398 157 1066 840 481 729 636 709 263 366 148 803 708 290 765 77 668 946 122 285 539 445 397 188 367 744 860 131 876
359 433 0 372 266 356 98 726 156 848 402 264 420 737 243 538 493 363 619 240 589 304 575 377 619 296 272 295 741 461 562 683 843 109 208 438 464 518 473 511 581 491 965 617 245 423 364 484 298 232 137 845 865 162 118 677 503 713 748 136 253 455 627 745 586 714 240 251 321 489 394 541 293 476 664 538 674 325 271 503 368 517 556 612 557 698 77 321 135 416 631 119 376 14 457 601 394 362 331 332 894 582 288 225 279 646 581 741 427 508 370 664 567 260 253 232 407 457 303 518 238 305 531 280 209 103 803 698 500 662 439 667 391 563 527 466 370 292 754 41 252 345 292 231 543 303 278 420 632 333 252 374 570 146 615 304 603 259 406 451 651 425 321 383 307 679 639 630 548 227 593 604 310 328 473 329 371 353 262 288 642 157 331 700 446 722 109 703 405 637 238 727 544 532 329 189 165 767 918 280 153 434 299 619 295 370 295 612 728 203 143 385 184 192 117 331 546 194 124 285 643 241 410 188 421 957 237 806 86 574 324 162 725 274 366 799 209 397 560 652 505 440 269 365 625 745 5 774 337 265 382 317 429 402 873 523 206 393 362 582 502 391 169 728 85 451 454 704 229 22 63 550 242 67 606 256 412 198 303 570 266 235 191 382 257 593 301 376 734 598 77 397 238 614 604 233 548 780 278 499 421 398 655 544 394 280 121 612 462 405 540 826 441 556 728
622 706 372 0 600 722 275 1098 478 1212 427 129 757 1094 563 893 821 700 851 610 882 422 905 478 937 668 103 667 1113 775 933 991 1205 382 559 768 773 655 820 881 948 834 1330 782 603 584 732 843 429 313 236 1204 1233 509 312 840 860 844 931 508 559 770 994 911 911 1030 527 171 557 759 688 911 196 846 1036 816 979 153 571 850 563 870 649 941 684 902 319 665 495 501 982 465 94 358 688 946 652 305 516 665 1255 849 619 442 343 896 927 1097 721 875 741 1032 858 630 568 565 766 806 585 857 196 654 739 151 555 463 1165 1000 826 872 673 1032 425 836 881 760 24 147 1106 370 284 237 652 334 872 85 329 715 1003 636 537 333 940 323 954 565 976 446 779 749 1024 797 548 11 677 1049 1010 842 700 537 921 920 682 653 845 583 744 702 287 84 1009 468 578 902 662 844 264 1041 758 946 555 1052 915 845 531 513 310 1121 1282 580 368 767 321 990 87 737 243 963 905 325 462 752 459 398 257 586 873 351 283 539 1005 142 710 520 787 1321 609 1169 312 772 645 356 1064 531 93 1168 576 712 916 997 579 713 551 706 947 924 378 1141 550 107 736 646 795 58 1229 611 431 758 65 681 811 734 533 956 287 783 528 1009 597 380 363 636 546 343 956 442 588 427 659 903 626 352 452 41 583 732 673 710 919 884 295 25 466 964 934 343 848 1138 381 855 655 703 1020 641 613 645 393 980 833 747 905 1197 519 797 1051
495 539 266 600 0 158 339 529 322 619 412 474 434 495 356 480 507 100 390 212 640 302 311 338 629 220 511 184 547 196 430 417 609 218 284 173 516 387 219 393 365 233 736 440 278 304 294 250 533 330 385 606 647 283 382 493 264 549 542 200 382 189 516 551 320 448 102 441 492 586 145 418 557 283 475 286 408 501 73 474 554 271 452 348 425 482 343 352 135 369 573 280 573 277 598 562 525 452 534 383 658 334 361 442 344 404 326 497 510 409 207 451 307 134 369 35 365 206 439 503 501 333 333 469 59 164 570 433 235 445 580 441 401 313 282 209 605 479 505 245 517 475 88 313 546 518 354 503 432 432 103 446 369 407 355 137 422 480 255 523 478 291 500 611 250 540 496 414 395 72 588 338 185 63 296 482 255 362 526 520 425 132 490 485 263 563 351 443 162 659 53 462 416 266 522 87 427 521 689 405 239 170 378 479 539 302 427 554 528 303 138 189 152 427 373 483 280 274 390 146 549 490 490 317 347 727 183 575 292 377 63 413 465 444 563 585 112 134 497 397 432 202 419 388 626 542 261 552 520 501 364 383 222 642 628 433 199 334 570 467 545 399 114 494 337 469 400 439 228 247 243 452 73 262 355 479 283 199 310 307 77 488 164 621 355 441 175 409 528 339 327 623 186 364 595 488 597 540 311 444 228 472 431 439 559 263 207 492 334 411 447 623 390 670 463
457 477 356 722 158 0 448 381 340 491 571 601 336 383 333 342 399 124 464 171 540 460 266 495 509 134 625 97 397 219 273 396 487 348 267 169 426 524 149 241 226 171 609 552 236 450 178 132 559 479 491 490 511 293 458 597 153 663 627 236 361 214 361 646 284 411 260 574 476 514 238 263 643 128 323 337 393 641 229 348 541 172 594 300 559 561 427 281 226 525 430 314 707 370 550 426 480 606 534 315 537 385 313 464 498 457 245 388 438 261 58 311 334 99 344 183 248 128 410 382 591 266 442 604 175 258 446 420 219 526 535 311 559 363 181 265 722 614 403 351 583 624 74 463 429 644 507 433 284 382 261 602 220 473 286 289 267 501 103 444 322 140 487 732 161 382 338 500 524 228 465 318 84 159 138 457 121 275 591 638 287 271 467 565 388 679 459 372 80 543 210 412 260 266 517 228 494 415 562 375 382 159 532 321 650 185 575 413 619 449 270 32 302 465 473 457 249 422 474 302 397 596 419 316 216 601 150 450 410 482 172 467 389 435 697 446 146 191 357 311 583 293 402 303 504 629 350 419 508 616 261 324 73 756 519 580 353 213 700 605 448 304 189 552 439 367 554 421 194 344 358 597 231 378 262 501 428 351 238 258 98 537 317 736 323 566 83 326 613 364 430 746 343 270 470 539 498 425 467 311 353 401 299 581 531 195 342 336 182 312 299 478 545 601 415
424 503 98 275 339 448 0 823 235 940 361 166 510 825 324 634 582 440 655 338 668 283 650 357 706 395 176 392 838 528 661 749 934 132 301 512 546 519 555 610 674 571 1058 630 341 427 462 573 309 182 46 934 959 252 108 691 590 718 770 235 329 522 726 761 659 784 287 157 374 560 451 640 226 571 761 591 739 232 326 597 409 602 544 687 556 726 77 413 222 394 727 207 278 85 514 695 458 294 366 420 984 631 375 262 234 690 664 828 504 606 466 758 626 355 333 304 503 540 372 610 168 398 557 185 288 189 893 763 573 692 496 759 351 614 613 524 274 197 840 97 217 264 380 190 632 204 228 497 728 411 299 311 665 142 694 343 701 288 504 530 749 523 370 286 406 777 738 660 554 286 682 673 407 398 570 389 470 447 226 191 736 212 388 727 472 724 11 782 490 721 302 801 643 599 370 254 150 854 1010 355 148 510 243 718 202 468 218 707 748 162 202 478 220 218 40 391 619 168 89 319 741 150 489 273 519 1049 335 897 52 598 392 174 804 332 268 893 302 464 657 734 485 489 337 457 712 766 104 867 382 168 477 404 521 308 961 508 218 491 263 573 585 483 259 765 21 540 431 770 327 105 96 535 298 77 691 284 421 211 398 646 354 230 221 288 341 597 398 465 756 655 22 299 256 699 694 224 629 869 247 595 453 478 747 532 444 378 146 710 560 497 639 922 419 618 801
688 660 726 1098 529 381 823 0 666 168 930 980 489 186 617 362 498 449 661 498 611 825 361 847 528 439 998 432 20 457 220 442 183 729 577 421 565 824 343 267 167 347 266 800 532 775 399 285 863 858 864 211 152 621 814 824 280 900 810 594 640 457 245 845 379 412 629 955 737 666 538 244 998 253 65 541 451 1022 590 416 795 287 899 358 850 746 790 517 604 871 371 656 1088 740 745 408 693 981 808 542 228 569 570 775 873 620 288 197 612 296 356 87 502 467 623 559 409 344 665 447 951 514 701 984 555 635 157 467 406 721 737 127 919 554 277 512 1097 995 226 728 925 1003 454 842 487 1023 883 611 96 614 626 974 160 822 310 638 126 804 321 599 100 312 751 1109 441 178 172 708 806 601 485 414 417 502 253 707 364 485 932 1014 117 652 719 751 685 918 834 313 371 564 582 378 234 436 786 608 843 218 225 640 762 414 907 184 1022 397 954 370 815 829 651 349 680 791 844 706 383 801 835 659 288 967 600 629 365 263 493 154 788 727 516 807 306 713 1077 90 522 485 352 268 908 569 676 502 511 817 720 101 770 991 446 561 309 1129 254 896 728 393 1080 900 558 481 567 697 811 497 893 459 517 717 737 906 601 757 257 805 752 728 494 354 479 867 693 1109 599 838 425 517 800 514 803 1122 713 253 480 871 587 184 839 371 656 589 128 888 763 481 723 228 287 477 295 99 885 740 388
205 276 156 478 322 340 235 666 0 808 557 394 279 716 89 415 348 399 709 174 434 455 598 524 471 230 376 250 677 509 472 721 808 256 89 473 311 650 484 419 544 505 923 735 135 555 271 472 219 388 254 817 814 47 167 792 493 838 854 122 96 503 522 857 614 744 344 392 178 333 467 449 338 433 601 609 715 466 360 372 236 513 696 634 689 798 165 186 198 563 503 46 505 163 306 467 240 518 211 188 860 656 141 125 435 726 585 722 271 406 328 619 626 244 98 299 291 464 148 380 299 176 638 419 264 184 768 741 535 760 288 634 546 635 521 531 470 431 740 194 259 497 303 387 399 425 434 264 579 177 355 530 522 162 625 411 540 162 350 296 578 354 183 490 225 584 549 729 673 318 449 641 266 383 421 179 303 223 265 398 602 269 183 800 557 848 241 712 411 486 320 749 455 575 201 278 182 751 876 123 305 466 455 529 392 274 449 484 837 359 253 360 308 127 230 180 575 348 195 399 529 336 255 41 319 916 191 771 241 683 385 141 730 129 495 748 219 452 438 652 650 522 115 228 478 852 153 731 201 374 259 170 403 493 850 665 345 288 485 720 349 255 207 815 214 307 601 745 153 171 217 691 333 224 603 161 540 338 185 591 283 202 321 477 106 719 262 233 839 658 212 503 371 610 460 205 394 755 432 378 527 243 621 683 251 185 265 512 381 268 433 764 589 401 751
849 825 848 1212 619 491 940 168 808 0 993 1089 654 138 768 530 666 526 649 635 779 897 371 906 695 577 1117 562 171 497 386 401 27 833 721 476 732 850 406 429 266 400 117 801 678 818 550 369 1013 948 983 62 60 761 945 812 355 888 779 722 793 499 413 819 381 359 712 1059 894 834 589 409 1131 376 226 549 414 1121 669 584 954 349 924 352 869 720 917 673 717 924 537 792 1192 862 911 576 856 1060 964 700 60 564 725 922 955 598 313 142 778 461 483 189 503 588 775 653 569 414 822 615 1080 668 715 1088 657 750 51 421 440 703 902 180 983 555 338 544 1214 1098 156 843 1064 1092 560 930 655 1133 966 776 231 774 706 1050 285 957 311 706 279 954 458 766 267 457 909 1223 584 341 340 697 823 690 652 406 546 579 386 866 506 643 1071 1129 206 750 877 726 719 907 951 266 457 730 670 318 399 453 943 704 978 137 70 795 859 472 990 352 1142 549 1045 537 790 922 753 463 771 934 965 865 402 893 964 729 453 1088 765 774 523 109 624 45 900 732 591 945 247 867 1182 81 638 542 521 258 946 606 830 662 678 788 842 77 928 1108 605 718 418 1248 100 928 815 550 1187 919 726 643 680 658 931 663 940 411 655 836 848 933 685 868 278 955 797 815 645 368 586 1010 782 1228 751 848 553 679 771 504 922 1236 793 271 647 1013 756 97 918 538 695 752 192 915 925 627 824 396 441 640 463 123 934 909 327
762 833 402 427 412 571 361 930 557 993 0 326 790 857 638 874 867 480 468 568 980 114 630 88 995 604 406 578 949 497 842 670 978 302 586 517 851 239 592 802 763 594 1104 367 609 196 684 645 670 178 381 965 1032 551 469 421 652 417 515 486 653 494 926 490 626 717 310 281 723 889 403 828 531 694 882 482 656 274 343 855 765 650 222 658 261 497 434 693 411 86 969 515 344 399 860 950 797 124 724 713 1020 498 674 618 126 524 679 856 823 814 619 847 531 525 649 391 747 588 705 879 484 674 353 286 411 399 941 671 554 473 842 827 12 492 660 456 447 286 854 362 563 191 500 173 913 354 133 816 836 729 309 97 774 503 689 291 832 647 667 845 889 700 722 431 629 953 909 447 285 344 961 618 585 428 708 732 658 717 571 391 818 328 734 496 299 417 363 761 560 1018 361 749 827 551 726 356 510 872 1059 680 252 522 122 892 429 691 189 950 488 202 339 602 285 577 394 734 597 209 449 272 956 421 805 583 741 1093 548 947 327 375 414 535 786 677 340 974 475 451 894 741 151 395 672 737 997 507 405 936 736 391 734 703 632 486 977 184 232 721 364 254 887 757 437 562 380 825 102 681 571 386 340 209 339 335 714 643 211 237 661 631 482 590 269 467 649 311 574 752 505 549 375 437 230 722 970 583 937 902 125 836 310 790 818 214 796 622 295 903 743 771 852 1020 96 959 745
566 648 264 129 474 601 166 980 394 1089 326 0 673 969 483 800 742 573 725 504 819 301 777 363 864 560 80 554 996 646 826 861 1081 256 466 640 702 541 693 775 827 706 1207 665 507 463 628 720 404 187 140 1079 1113 416 237 724 735 734 813 400 484 641 892 796 782 901 398 46 507 704 559 805 213 727 920 687 850 83 442 762 528 745 543 812 572 781 229 576 376 390 892 371 112 251 645 859 598 215 481 581 1131 721 536 389 224 770 800 971 655 772 625 912 728 514 490 439 669 681 520 773 177 563 615 43 431 345 1042 871 697 749 629 909 321 707 756 631 139 49 980 253 269 155 530 208 793 44 211 649 884 565 408 241 821 260 826 436 861 404 665 682 910 686 500 138 572 942 902 719 583 409 843 790 568 525 729 528 634 611 276 66 888 341 525 781 537 736 157 912 633 877 428 923 808 716 491 387 255 995 1159 508 239 639 208 882 103 634 137 872 788 196 337 632 330 342 163 530 744 222 208 409 907 105 642 434 685 1198 499 1046 192 650 516 297 935 472 102 1047 458 583 822 870 474 584 484 620 872 807 270 1019 507 66 643 564 675 180 1103 505 302 657 99 574 741 647 413 832 183 702 421 879 493 267 243 531 418 223 830 400 465 297 564 774 504 320 323 158 501 619 559 627 801 755 188 150 337 838 855 312 782 1013 259 761 527 633 898 534 571 544 266 876 725 660 805 1079 411 753 921
203 172 420 757 434 336 510 489 279 654 790 673 0 604 193 153 76 454 798 228 207 678 583 737 204 216 654 255 493 555 269 715 663 494 212 505 92 820 471 224 431 493 756 872 181 732 157 422 408 641 533 682 641 258 445 922 442 982 959 305 201 550 281 975 604 720 510 668 262 190 561 245 601 338 428 673 714 743 502 98 313 468 881 612 858 895 444 99 380 775 228 303 784 430 257 189 204 776 335 91 713 721 137 338 681 793 538 613 124 192 283 475 670 300 189 434 96 451 198 100 570 116 763 696 402 391 628 741 551 859 248 509 778 699 471 599 747 708 639 448 511 765 359 634 123 705 683 122 428 140 518 784 393 435 583 566 375 355 262 118 390 235 278 768 185 355 332 831 830 475 173 642 260 471 311 230 219 73 514 678 472 465 241 899 697 996 518 654 413 228 465 709 255 599 312 447 451 643 714 186 544 495 707 314 670 151 715 210 950 609 453 329 509 372 509 228 573 591 474 567 271 614 111 239 143 753 254 627 506 806 481 406 665 254 774 579 331 521 174 587 851 619 222 54 207 961 415 578 293 653 74 111 352 768 723 858 559 128 765 898 112 34 359 888 491 34 810 740 220 426 469 880 487 482 539 358 712 553 129 574 359 440 525 753 174 875 267 46 945 699 487 781 571 544 184 447 164 631 667 125 662 99 497 868 275 173 498 281 227 23 200 576 799 275 715
786 775 737 1094 495 383 825 186 716 138 857 969 604 0 688 505 631 398 515 541 759 764 232 769 685 488 1001 465 202 360 355 273 120 712 633 343 690 711 277 386 176 267 247 665 593 680 477 252 929 820 870 111 188 669 841 679 234 755 651 619 715 363 410 689 243 236 583 936 823 792 453 373 1026 285 210 411 284 996 539 552 886 224 786 214 731 590 810 603 603 786 537 694 1068 751 859 567 798 928 890 634 164 427 652 836 824 466 177 10 728 422 387 138 365 482 697 530 512 288 752 586 974 595 577 965 538 636 87 296 303 570 848 95 847 417 213 406 1097 974 40 728 965 962 445 801 631 1013 835 726 184 709 576 917 210 856 172 572 238 870 373 721 257 382 837 1105 501 355 336 563 685 563 639 268 449 449 305 797 423 579 973 1012 132 627 808 595 580 773 837 137 335 722 544 198 363 315 870 582 877 38 202 722 734 339 859 341 1027 478 917 531 660 795 632 358 645 843 853 797 264 766 857 597 457 975 713 686 464 236 526 93 783 595 461 848 124 790 1058 154 528 408 501 120 807 467 754 602 671 659 731 108 857 992 545 650 313 1133 136 789 686 486 1065 781 692 587 567 532 818 620 802 286 563 723 732 794 558 751 143 871 659 687 570 229 471 917 655 1112 673 711 454 621 642 368 809 1118 662 135 637 919 729 45 786 503 557 699 107 776 863 543 702 387 378 587 434 214 797 873 208
140 197 243 563 356 333 324 617 89 768 638 483 193 688 0 336 259 417 746 163 346 532 599 599 381 204 461 236 626 528 411 728 771 335 72 486 221 712 482 359 513 504 880 787 97 618 219 457 245 474 343 784 769 87 251 843 479 894 898 167 28 522 451 905 617 745 399 482 143 252 501 387 411 403 552 636 723 556 407 289 208 502 763 634 752 838 254 109 252 638 420 124 593 251 243 382 171 605 202 101 823 684 56 158 519 756 576 695 185 340 306 579 647 249 13 341 220 462 82 293 377 104 686 509 304 248 733 750 544 801 225 601 626 663 509 558 553 520 716 278 324 586 314 471 310 513 519 178 537 91 410 616 485 241 618 464 492 186 315 208 524 311 154 574 187 518 486 771 731 368 360 648 250 412 385 127 265 146 328 485 567 332 136 841 608 906 331 702 411 396 366 745 394 589 184 332 258 725 835 48 385 478 541 466 476 220 537 402 883 443 317 345 375 184 319 128 580 430 281 456 453 421 168 55 256 875 189 734 328 730 416 213 718 102 583 703 244 477 359 638 722 558 68 144 389 897 239 691 175 460 185 82 385 574 820 735 417 226 573 785 260 172 249 848 304 219 675 752 140 254 300 759 384 309 588 188 601 411 123 592 300 257 389 559 20 778 249 146 883 678 302 588 439 595 372 262 305 724 512 300 576 155 588 750 204 145 342 444 330 185 363 713 663 327 748
354 308 538 893 480 342 634 362 415 530 874 800 153 505 336 0 137 466 797 310 253 760 541 810 185 270 790 298 362 549 150 667 544 594 334 498 207 864 443 128 348 463 624 895 292 784 190 380 561 742 663 567 510 385 582 938 397 1005 961 408 349 545 131 983 563 662 573 790 415 306 580 132 747 286 307 667 670 864 553 58 464 422 931 563 900 894 575 229 467 845 95 429 912 550 392 83 350 878 488 236 590 711 279 488 776 781 482 515 262 93 284 368 652 351 335 491 131 427 351 84 713 239 784 819 465 486 512 695 530 860 387 411 862 690 421 601 885 830 544 560 659 876 393 732 126 835 781 262 321 293 577 882 306 576 525 618 266 507 242 244 263 204 430 904 245 208 193 836 865 537 138 603 295 499 256 382 226 191 663 812 373 546 394 899 730 1021 643 582 404 223 523 643 143 577 465 518 594 544 585 337 641 487 805 178 808 182 824 76 956 710 537 322 589 519 639 381 540 688 610 625 118 751 254 373 133 622 327 511 621 823 511 550 588 407 902 452 399 532 22 516 912 635 373 192 174 965 533 459 445 787 157 257 325 908 610 913 642 152 895 944 196 164 438 874 616 146 877 692 313 540 578 932 546 593 473 510 762 637 236 531 403 590 605 892 316 909 305 196 948 677 611 918 646 476 139 596 226 525 755 39 695 246 400 918 423 260 594 137 170 153 71 439 867 378 650
233 175 493 821 507 399 582 498 348 666 867 742 76 631 259 137 0 520 864 304 141 755 635 814 127 287 720 326 499 618 280 766 678 570 286 567 72 894 527 245 465 548 761 943 257 807 221 472 451 716 602 700 647 331 510 991 492 1053 1026 381 262 613 267 1043 656 767 586 739 300 169 630 259 658 383 441 737 766 814 576 81 340 517 956 662 932 961 513 175 456 851 183 375 853 503 256 137 222 851 370 161 726 784 206 391 757 856 584 641 131 209 344 497 730 373 253 509 151 508 245 54 631 192 833 767 477 467 645 793 609 925 252 536 855 762 519 665 810 778 668 523 565 838 430 710 50 773 759 133 449 188 593 859 424 498 629 641 395 403 315 109 398 283 314 832 256 345 330 898 903 550 101 696 329 541 354 267 279 149 568 744 498 541 277 965 769 1068 588 695 474 152 540 753 270 658 347 523 512 670 722 242 620 557 783 315 734 214 788 168 1017 684 529 389 586 429 578 265 628 667 540 642 245 679 128 308 190 759 329 644 579 875 552 466 703 303 843 588 406 588 152 628 927 688 275 130 131 1028 488 593 326 719 143 177 406 829 742 933 635 186 832 973 60 110 435 950 561 42 886 791 297 501 544 955 562 556 581 406 787 630 206 626 431 493 601 815 241 948 337 117 1012 758 559 845 647 586 112 501 102 654 743 128 734 127 525 942 294 249 574 275 265 97 203 577 875 243 759
551 582 363 700 100 124 440 449 399 526 480 573 454 398 417 466 520 0 344 257 660 376 211 398 633 240 612 200 468 111 387 324 515 318 345 75 542 405 121 360 282 133 642 428 326 337 299 164 616 422 486 509 558 356 478 473 173 538 505 279 444 105 476 522 222 351 185 539 558 624 113 380 656 221 402 222 316 597 143 473 623 176 477 248 438 441 440 387 229 424 553 362 670 376 650 550 578 536 607 421 562 271 409 523 429 344 226 399 547 384 182 368 230 168 429 136 370 111 498 506 600 370 317 567 154 260 476 343 138 405 634 351 469 249 187 146 705 576 406 345 612 566 102 403 552 618 440 542 355 481 180 527 294 501 254 189 354 561 225 556 412 263 568 711 271 487 444 378 401 165 589 244 193 53 242 544 244 388 620 621 339 232 553 445 266 554 451 342 80 666 146 363 375 176 593 187 522 422 595 463 337 71 464 429 639 306 519 536 497 396 239 146 246 513 473 545 182 368 488 209 515 590 527 386 340 632 229 481 393 357 66 504 364 513 660 497 179 67 480 296 471 168 483 416 628 507 358 462 588 601 380 426 160 743 530 465 288 336 669 485 566 420 201 438 437 486 449 347 277 345 344 480 160 363 256 560 314 289 344 207 117 579 257 721 411 443 187 438 492 261 427 723 267 265 594 579 617 443 393 435 232 510 341 464 620 297 307 450 303 430 421 540 440 710 364
885 924 619 851 390 464 655 661 709 649 468 725 798 515 746 797 864 344 0 595 1004 430 300 389 972 585 791 544 681 248 690 254 626 526 674 299 887 245 359 678 516 343 740 155 664 275 642 428 910 538 699 602 703 673 734 164 417 240 163 589 773 252 779 189 282 302 378 680 882 967 245 690 880 519 640 131 240 708 352 811 944 398 308 304 247 97 691 730 513 382 876 665 786 626 987 880 914 582 921 763 654 92 748 824 509 60 372 509 891 708 520 575 159 508 759 410 713 372 829 846 823 713 115 700 445 533 600 241 273 63 970 533 464 110 403 198 865 704 493 584 866 640 443 517 893 766 524 885 590 819 366 559 550 765 352 315 617 863 556 900 670 593 890 858 615 766 727 48 203 396 927 248 538 336 548 873 585 733 875 789 546 461 881 101 188 259 665 383 393 1006 390 342 684 231 911 436 782 512 702 795 509 310 537 718 819 649 614 861 160 531 476 478 438 802 696 874 281 508 732 337 823 786 870 707 679 727 566 607 603 99 330 780 404 834 779 664 501 277 808 399 355 188 809 760 966 167 616 619 909 777 724 767 472 905 597 326 439 678 798 291 911 765 502 109 663 830 377 252 613 596 570 320 380 584 403 861 266 445 687 307 450 854 435 884 744 211 532 782 150 147 654 868 400 407 931 852 962 552 470 770 202 853 532 303 950 639 511 751 627 775 742 722 378 1053 334
294 328 240 610 212 171 338 498 174 635 568 504 228 541 163 310 304 257 595 0 431 455 436 511 430 59 508 76 511 367 322 564 634 283 95 324 305 593 319 271 370 341 750 652 69 504 125 300 390 431 374 642 644 127 316 705 321 761 751 103 191 362 388 762 454 582 282 488 306 374 350 301 500 259 434 479 560 561 276 287 371 343 653 471 632 689 294 140 157 547 406 157 616 253 393 383 321 567 362 170 686 527 153 295 466 600 416 547 298 269 154 446 487 88 174 207 180 299 242 310 453 121 545 517 174 176 594 587 381 652 377 459 556 505 350 401 606 529 566 254 429 567 154 422 347 543 470 291 408 225 290 571 350 323 457 339 373 331 177 311 416 188 317 622 68 439 399 623 605 246 394 485 92 259 248 289 135 154 436 526 429 240 298 693 474 775 348 542 248 456 238 583 305 426 346 219 344 576 704 208 330 315 495 379 530 132 515 386 739 399 229 187 284 301 353 289 416 377 338 339 407 474 277 145 184 744 28 597 316 589 266 310 560 264 605 577 103 320 331 481 623 408 231 178 430 752 234 558 338 503 166 172 229 636 676 629 335 158 602 671 335 193 132 693 324 263 582 589 22 237 270 651 259 287 431 331 485 330 99 429 144 376 300 617 155 651 89 198 737 518 317 635 344 438 402 379 387 580 447 271 440 260 446 640 365 54 284 372 223 206 303 597 571 459 587
260 177 589 882 640 540 668 611 434 779 980 819 207 759 346 253 141 660 1004 431 0 870 775 933 97 423 785 462 609 759 403 906 794 678 393 708 128 1025 668 377 598 690 866 1079 375 935 361 612 474 820 681 819 753 430 582 1129 632 1189 1166 495 338 754 367 1182 797 905 713 824 327 129 768 385 702 522 559 877 907 896 707 210 342 657 1084 801 1063 1101 594 292 575 971 251 470 926 597 223 206 232 952 384 268 840 924 305 440 864 997 723 769 164 340 485 622 871 507 336 639 292 649 299 174 686 312 970 849 605 581 764 933 751 1065 230 664 968 903 659 805 868 860 797 624 608 931 566 816 127 845 864 171 575 257 721 963 557 562 768 771 520 439 457 138 514 424 339 893 392 443 439 1038 1036 677 129 836 467 678 493 299 420 277 608 811 627 661 305 1105 903 1203 673 830 615 79 669 890 396 799 364 647 573 798 830 313 728 698 887 427 795 354 883 246 1156 789 647 530 705 484 657 297 769 774 612 770 332 743 179 401 331 866 458 762 675 1013 688 527 838 350 917 699 535 728 259 764 1051 826 335 252 116 1168 586 710 342 787 280 276 547 881 862 1059 752 327 903 1102 95 241 559 1091 647 173 1008 931 420 601 646 1082 690 656 719 443 916 746 331 766 566 535 720 869 333 1082 474 233 1152 899 646 905 768 723 137 543 43 778 854 259 869 191 653 1070 289 378 684 383 403 230 325 680 996 152 897
660 728 304 422 302 460 283 825 455 897 114 301 678 764 532 760 755 376 430 455 870 0 543 74 882 490 373 464 844 408 729 600 883 198 477 421 742 243 492 689 659 497 1011 365 498 162 569 541 589 115 314 873 933 444 388 424 549 441 512 376 548 404 813 496 542 645 199 254 626 784 313 715 483 584 775 414 587 278 235 742 672 550 261 574 278 480 348 581 298 112 855 410 355 303 760 837 695 166 634 602 928 439 565 527 79 479 586 763 715 701 506 744 461 411 544 278 633 486 602 765 430 563 317 271 297 289 846 604 464 450 742 727 101 430 561 375 437 275 764 263 497 214 388 98 801 339 93 708 730 623 200 153 667 422 600 191 723 559 554 737 780 587 626 429 515 841 798 420 284 232 848 539 471 323 598 632 544 605 506 366 716 214 635 480 244 446 288 678 454 907 250 673 714 469 634 242 433 782 965 575 151 425 107 780 400 577 184 836 487 122 226 492 171 489 321 634 509 115 372 168 842 378 697 477 627 1000 434 852 240 350 310 451 702 578 348 874 361 355 780 651 203 318 570 625 884 506 306 837 642 359 621 594 523 478 888 225 119 607 367 291 777 645 323 535 299 713 149 614 458 286 241 252 228 240 620 556 165 125 549 543 369 513 155 457 541 322 460 641 500 483 293 438 117 628 857 507 827 809 41 722 243 682 718 250 699 509 189 790 630 659 738 917 137 856 670
723 738 575 905 311 266 650 361 598 371 630 777 583 232 599 541 635 211 300 436 775 543 0 541 725 399 820 364 381 135 412 132 352 525 531 138 676 478 117 413 221 94 477 441 503 448 428 162 817 612 696 337 418 552 689 463 144 538 453 482 627 139 496 486 22 145 379 739 742 770 230 418 867 254 341 182 131 792 335 568 807 119 554 37 500 387 652 544 440 556 606 565 867 587 814 620 744 709 799 578 391 208 579 723 609 262 73 229 696 448 304 275 141 354 610 346 488 137 676 605 811 530 347 766 366 471 319 158 80 361 800 234 620 193 119 174 912 775 224 556 822 750 296 592 653 821 621 692 292 647 370 696 258 711 60 355 324 761 321 698 374 351 753 915 424 473 437 347 454 368 678 63 350 252 285 723 365 532 831 827 246 439 733 392 348 557 661 136 188 762 350 152 410 82 782 396 732 243 433 642 537 140 643 431 848 433 708 594 456 590 448 260 446 718 684 723 33 562 699 381 543 800 677 578 445 465 412 326 602 368 260 712 160 700 858 372 382 194 547 113 574 236 668 560 715 460 570 327 774 809 511 589 231 950 347 556 480 454 869 550 690 555 410 347 648 610 570 157 459 557 554 562 358 573 104 760 427 483 502 9 318 786 454 928 589 482 350 582 442 154 638 927 451 108 680 786 737 276 569 521 325 661 232 544 797 461 513 469 374 561 476 427 565 857 154
730 796 377 478 338 495 357 847 524 906 88 363 737 769 599 810 814 398 389 511 933 74 541 0 941 541 439 511 866 409 768 583 890 269 541 431 804 177 506 731 679 508 1017 304 559 113 620 561 663 184 387 877 945 511 462 362 567 372 453 438 616 406 854 433 538 630 238 316 697 851 316 756 553 615 800 394 569 328 265 796 745 564 188 570 209 427 422 642 358 39 905 479 403 376 831 889 764 192 707 665 932 412 629 601 139 442 592 768 781 745 545 763 443 458 611 320 686 503 671 821 501 623 273 329 345 352 854 584 466 399 812 741 80 405 575 368 495 331 766 335 571 253 426 170 858 398 152 774 753 690 235 170 692 496 601 209 752 633 594 801 809 628 698 484 568 877 833 372 221 274 905 529 517 346 631 702 589 664 580 429 734 272 706 426 212 375 362 673 478 966 289 661 754 463 706 293 507 784 971 643 223 436 156 817 465 628 235 886 427 195 286 526 228 563 395 704 508 190 446 192 886 446 762 545 676 1005 488 860 314 300 332 525 697 649 397 888 412 365 829 653 129 307 640 685 941 446 377 849 714 424 677 657 553 535 888 151 181 659 419 218 839 703 378 487 373 772 77 594 517 357 313 178 266 314 627 629 125 188 607 543 410 587 212 515 607 256 506 702 441 461 367 491 166 634 913 581 890 814 111 773 222 747 733 177 771 565 259 830 672 717 783 935 64 925 657
325 248 619 937 629 509 706 528 471 695 995 864 204 685 381 185 127 633 972 430 97 882 725 941 0 408 837 445 524 724 331 853 711 698 413 673 164 1016 624 314 533 645 777 1059 385 931 336 563 546 844 724 738 665 457 629 1106 581 1170 1136 509 380 720 282 1155 747 848 711 863 395 213 745 317 766 470 480 843 855 937 699 161 420 606 1080 748 1054 1070 635 302 584 977 159 500 974 629 310 119 304 978 459 287 755 889 331 499 884 960 668 695 220 278 452 547 832 495 374 632 264 607 353 127 744 320 949 890 601 595 683 880 710 1035 314 592 982 867 606 774 925 902 725 650 672 965 548 838 82 893 887 225 501 301 718 987 491 614 711 764 447 505 416 191 433 380 408 948 378 354 356 1009 1023 675 47 788 446 659 440 363 388 277 673 862 555 668 372 1074 888 1185 712 767 579 37 664 829 327 758 437 649 627 723 743 357 748 662 910 347 850 328 915 158 1129 812 656 494 713 540 700 361 723 795 659 767 242 796 227 433 293 777 454 681 706 991 670 581 772 409 964 614 531 701 185 702 1053 802 386 258 18 1139 615 628 415 838 265 302 504 941 781 1058 763 298 952 1096 126 237 562 1053 685 169 1013 877 424 627 671 1079 686 683 659 509 910 757 333 716 552 599 729 928 364 1068 455 244 1122 858 683 961 774 662 48 607 102 701 871 204 853 233 582 1066 369 375 702 301 352 223 255 591 1001 249 836
323 344 296 668 220 134 395 439 230 577 604 560 216 488 204 270 287 240 585 59 423 490 399 541 408 0 566 40 452 347 265 530 578 331 145 299 302 607 282 216 314 305 692 655 107 522 79 253 441 477 432 587 585 184 375 705 275 766 745 160 232 341 336 759 418 544 305 542 345 384 345 245 559 203 375 463 527 614 291 256 410 298 671 433 645 681 353 148 200 576 365 216 671 310 416 347 346 612 407 182 629 511 179 348 508 584 372 494 307 217 102 388 465 86 214 225 146 262 277 284 512 132 546 571 196 224 538 554 352 645 401 403 592 489 304 387 665 583 514 308 487 616 143 466 326 600 514 302 350 248 311 614 292 382 415 355 314 382 119 315 357 129 357 680 31 382 342 616 615 269 369 452 49 255 190 324 76 148 494 584 372 277 334 685 481 780 405 497 214 438 256 542 248 399 388 248 403 523 646 244 375 290 539 322 589 87 564 346 734 445 268 141 319 357 411 324 383 422 397 359 358 532 287 198 137 686 61 540 370 589 265 368 513 307 661 518 128 307 289 434 647 403 272 175 407 746 290 501 378 561 144 190 180 695 621 650 372 117 659 687 328 182 168 678 381 250 610 555 77 292 322 671 279 340 384 382 502 367 104 391 144 432 335 676 192 660 53 197 731 495 374 693 376 391 376 435 380 525 486 232 446 270 390 658 397 61 329 318 165 193 253 538 599 470 546
527 610 272 103 511 625 176 998 376 1117 406 80 654 1001 461 790 720 612 791 508 785 373 820 439 837 566 0 567 1013 694 830 913 1111 295 456 682 673 616 730 779 851 744 1234 739 500 535 629 749 345 258 135 1111 1136 406 209 798 766 811 886 407 458 688 891 870 827 950 447 124 463 664 610 809 135 747 936 745 902 155 489 748 476 778 621 857 648 851 216 562 399 468 879 362 147 258 598 843 558 295 428 562 1161 780 516 346 299 833 838 1004 622 772 642 935 783 531 466 476 663 715 486 755 110 551 684 122 463 366 1070 924 741 819 583 936 400 766 789 683 98 127 1015 273 204 234 557 277 770 71 287 616 904 536 457 322 841 223 867 492 876 355 678 650 923 696 455 114 574 946 907 788 658 452 820 839 582 567 745 488 642 599 209 26 912 380 483 851 603 814 165 954 666 847 469 969 813 764 441 425 212 1029 1187 479 290 681 286 887 28 634 218 860 861 261 373 655 377 301 155 490 788 283 180 466 901 41 611 417 684 1226 508 1074 219 720 560 257 977 434 139 1070 479 630 813 908 553 641 452 604 847 880 278 1044 459 14 633 544 698 131 1137 583 358 654 119 653 712 631 436 899 186 681 499 932 495 281 269 610 463 250 866 351 536 352 556 817 531 264 373 111 480 695 573 608 873 811 195 128 395 874 832 255 750 1045 332 752 591 604 924 612 523 542 307 877 731 644 802 1098 489 707 969
360 384 295 667 184 97 392 432 250 562 578 554 255 465 236 298 326 200 544 76 462 464 364 511 445 40 567 0 446 307 275 494 561 316 171 259 342 571 246 229 296 269 679 617 138 488 110 223 466 459 432 568 574 203 383 666 245 727 704 161 264 301 352 719 382 509 274 533 378 424 305 258 569 186 369 422 490 604 256 290 444 267 636 398 609 641 358 188 184 546 393 230 665 309 455 379 384 593 437 222 612 471 216 372 487 544 340 471 347 237 79 374 425 53 246 192 181 226 312 319 520 171 507 563 167 212 521 517 314 604 439 385 566 449 274 347 665 575 490 301 502 601 104 447 362 596 494 342 339 286 279 594 279 394 382 321 308 407 111 356 356 132 390 679 71 392 350 576 578 238 404 415 16 216 179 359 82 188 509 583 356 254 369 644 443 742 403 466 176 476 224 509 259 360 420 221 415 500 632 278 358 250 519 331 590 118 549 374 694 428 247 110 294 377 412 359 346 403 403 326 378 535 327 222 165 672 61 523 363 550 225 384 483 338 654 507 105 267 317 404 614 363 304 215 442 706 289 486 411 560 183 229 153 697 600 616 347 149 654 651 368 221 149 638 380 289 579 518 99 288 313 636 247 332 355 408 467 344 144 356 107 451 310 677 225 623 14 238 690 455 372 692 348 362 411 453 420 505 463 262 408 310 372 623 433 99 313 332 173 232 274 531 568 511 512
693 663 741 1113 547 397 838 20 677 171 949 996 493 202 626 362 499 468 681 511 609 844 381 866 524 452 1013 446 0 477 224 461 188 746 588 441 567 844 363 273 186 367 262 821 543 795 409 304 872 876 878 218 148 633 827 844 299 920 830 608 649 478 242 865 399 431 647 971 744 668 558 248 1011 269 76 562 470 1038 609 417 801 307 920 378 870 766 804 524 620 890 366 668 1104 755 748 404 698 999 815 549 231 589 578 784 891 640 309 213 616 301 371 107 523 482 631 577 416 363 672 447 964 523 722 1001 572 651 166 487 427 741 741 147 938 575 297 532 1111 1011 242 743 937 1021 471 859 486 1039 901 615 114 620 645 993 178 834 330 658 138 813 335 602 104 323 758 1124 452 171 170 728 826 619 481 435 431 521 267 714 376 492 943 1029 137 669 725 771 705 938 848 331 390 559 600 396 239 457 793 625 855 232 223 648 779 434 925 183 1037 406 972 365 836 846 668 365 697 802 858 713 403 819 849 678 282 981 604 640 372 260 506 162 804 748 535 818 323 721 1093 90 537 505 351 288 928 590 684 508 507 837 735 110 776 1006 453 568 326 1143 261 916 746 401 1095 920 559 486 582 716 826 500 912 478 529 732 753 926 619 772 277 815 772 746 503 374 496 877 711 1124 608 859 439 523 820 534 818 1137 731 273 476 882 586 197 858 373 676 593 149 908 768 492 739 226 297 482 297 86 905 740 406
662 691 461 775 196 219 528 457 509 497 497 646 555 360 528 549 618 111 248 367 759 408 135 409 724 347 694 307 477 0 447 222 480 399 456 51 645 367 119 431 295 110 607 357 437 322 397 188 725 478 574 468 539 467 578 394 184 465 412 388 556 6 537 434 136 256 248 607 670 731 94 445 750 274 422 119 212 658 205 563 734 171 442 168 393 345 538 495 331 426 629 471 734 472 760 632 688 574 718 529 522 165 520 633 473 238 183 358 654 460 273 370 119 279 540 228 466 128 609 598 693 478 251 634 255 360 445 237 57 311 744 340 487 144 180 57 783 642 357 437 713 614 213 458 645 691 486 649 372 591 238 561 320 603 192 219 387 671 308 661 444 345 679 785 376 532 491 287 351 242 679 145 297 132 302 655 338 493 722 699 340 315 664 350 228 482 539 271 145 759 226 276 439 71 705 274 623 375 562 575 407 61 508 480 721 404 573 613 407 457 325 230 317 621 564 656 101 429 585 246 580 676 634 497 431 596 340 451 478 284 136 609 295 624 725 485 290 64 560 243 453 112 595 520 717 415 456 444 700 682 480 535 224 822 480 439 347 431 737 443 667 523 307 332 528 586 443 243 388 441 432 448 230 450 218 670 301 350 451 135 228 684 323 800 522 386 293 543 398 150 518 797 316 225 683 683 717 405 434 522 200 617 333 431 732 405 386 509 379 532 495 537 437 817 275
469 440 562 933 430 273 661 220 472 386 842 826 269 355 411 150 280 387 690 322 403 729 412 768 331 265 830 275 224 447 0 533 397 592 383 398 345 792 331 53 204 347 486 804 337 722 202 262 654 734 697 419 372 432 632 841 274 912 852 425 432 445 90 879 435 522 531 807 521 447 498 24 811 172 160 559 537 879 502 199 578 297 864 430 825 785 615 305 460 799 194 472 937 576 525 215 473 867 593 327 446 600 360 570 760 666 347 365 392 76 223 218 537 324 415 451 194 319 451 232 769 306 695 837 434 487 364 561 416 754 517 261 830 580 294 503 928 848 394 573 731 876 342 721 276 865 767 391 171 397 533 866 162 634 388 563 116 597 175 379 120 143 536 944 255 116 77 733 786 497 285 476 264 430 146 490 193 271 736 849 224 527 502 790 653 929 671 437 312 368 480 500 17 461 571 490 654 394 445 428 633 388 793 56 852 198 825 184 851 703 522 244 564 592 675 490 418 677 657 576 133 795 380 432 155 483 326 363 636 730 444 614 441 501 926 310 380 445 146 373 855 547 465 285 318 857 556 312 554 825 231 347 228 957 462 851 617 185 924 872 341 262 425 756 646 277 828 556 335 558 587 867 502 605 333 598 700 614 290 403 360 667 580 938 392 826 275 299 840 559 639 958 612 335 283 672 375 375 733 152 619 368 250 851 544 290 588 63 102 258 79 307 818 524 508
