61
0 557 358 141 611 763 694 427 149 628 375 550 545 856 306 91 287 284 386 219 132 122 532 647 246 253 459 196 256 694 573 387 700 560 349 769 100 896 597 804 255 359 165 638 233 486 335 277 511 430 708 668 482 756 200 258 720 799 137 819 522
557 0 721 546 394 771 137 411 706 354 783 34 365 299 759 519 269 826 713 390 483 676 453 168 418 374 599 661 378 373 166 601 229 36 434 761 546 339 259 252 433 840 394 285 361 104 636 800 578 586 432 759 305 221 756 517 557 278 639 261 486
358 721 0 235 918 1119 837 757 358 920 701 731 499 1003 621 295 503 305 735 535 479 324 863 730 580 352 234 171 347 979 649 746 759 741 688 1124 459 1031 863 922 289 641 446 905 533 696 90 533 308 787 1008 1027 484 856 343 205 1049 999 468 962 390
141 546 235 0 688 886 676 522 225 694 515 548 445 843 443 61 293 292 527 300 247 183 628 600 344 181 319 115 180 756 520 519 645 558 452 891 237 878 646 777 149 487 213 688 300 498 196 392 374 557 781 798 394 720 251 122 815 812 275 803 398
611 394 918 688 0 388 457 197 734 57 621 360 728 521 639 633 428 888 518 394 482 724 127 560 366 590 885 791 596 112 557 385 618 359 280 375 537 573 142 553 653 723 474 140 388 315 854 736 890 339 98 408 654 567 791 729 163 379 608 510 822
763 771 1119 886 388 0 846 402 828 442 553 738 1067 902 616 825 715 980 454 602 639 838 323 939 550 858 1157 959 865 468 925 381 1000 738 445 23 663 953 530 942 912 675 695 527 616 678 1079 742 1181 333 407 124 988 956 879 969 259 753 686 895 1135
694 137 837 676 457 846 0 520 843 406 914 152 421 167 893 652 406 960 839 526 621 813 542 151 550 500 691 791 503 402 209 721 185 144 556 832 683 203 315 117 554 975 532 324 497 229 749 937 658 700 467 851 382 109 892 636 609 200 776 127 556
427 411 757 522 197 402 520 0 541 233 437 381 668 631 447 463 313 697 342 222 295 534 105 575 181 462 763 616 469 301 544 211 639 385 83 399 345 683 253 633 519 532 313 282 227 308 704 539 782 181 295 359 588 624 598 585 294 513 411 609 733
149 706 358 225 734 828 843 541 0 757 347 699 667 1005 266 209 437 157 398 354 255 41 640 793 369 386 525 191 387 825 717 447 844 709 458 838 197 1046 735 953 370 283 314 775 374 635 372 178 588 499 832 720 612 905 57 344 826 946 142 968 622
628 354 920 694 57 442 406 233 757 0 666 320 699 464 680 642 422 909 565 409 502 744 179 516 388 583 872 801 589 69 519 432 572 318 312 427 560 516 95 499 648 764 482 84 399 284 852 771 873 388 90 465 627 516 814 726 204 322 636 454 799
375 783 701 515 621 553 914 437 347 666 0 762 893 1049 81 466 554 472 107 402 335 376 497 921 366 604 834 530 609 732 863 236 982 769 371 569 298 1099 689 1031 623 122 444 719 432 684 700 203 887 288 712 431 821 1004 381 634 644 945 240 1021 892
550 34 731 548 360 738 152 381 699 320 762 0 393 306 740 517 263 823 689 374 470 671 420 201 397 381 618 663 385 341 199 574 262 10 408 727 533 349 226 269 442 823 385 252 345 77 647 786 601 558 399 727 331 245 750 526 522 267 626 270 511
545 365 499 445 728 1067 421 668 667 699 893 393 0 567 838 462 367 724 863 517 558 627 746 277 570 292 295 530 289 731 213 793 283 399 647 1062 597 580 610 469 297 901 451 641 490 415 409 822 246 802 785 1023 79 396 696 342 891 618 675 526 138
856 299 1003 843 521 902 167 631 1005 464 1049 306 567 0 1036 818 568 1126 966 676 774 976 629 290 693 667 849 958 670 435 364 841 294 296 681 886 838 52 391 105 721 1120 691 381 648 376 915 1089 811 812 498 929 539 176 1055 803 648 153 930 41 706
306 759 621 443 639 616 893 447 266 680 81 740 838 1036 0 397 514 391 161 369 288 296 520 887 343 546 762 450 550 748 824 267 947 748 372 630 240 1084 692 1010 559 85 396 725 399 664 623 127 817 323 734 496 768 977 299 564 682 941 169 1005 828
91 519 295 61 633 825 652 463 209 642 466 517 462 818 397 0 255 308 471 242 185 170 569 589 284 177 370 159 178 705 511 459 638 527 392 829 179 856 598 758 167 448 159 640 244 462 256 361 420 496 727 737 403 705 247 168 757 777 228 779 432
287 269 503 293 428 715 406 313 437 422 554 263 367 568 514 255 0 560 507 156 227 407 406 374 205 161 458 408 168 477 309 426 432 273 280 713 285 609 360 518 225 591 127 401 126 206 431 538 471 435 511 660 288 474 487 304 577 521 377 531 420
284 826 305 292 888 980 960 697 157 909 472 823 724 1126 391 308 560 0 540 502 406 164 797 892 522 473 520 194 472 976 812 601 937 833 614 992 351 1164 881 1065 437 379 447 922 517 765 356 273 592 654 986 870 682 1010 101 382 983 1080 297 1087 651
386 713 735 527 518 454 839 342 398 565 107 689 863 966 161 471 507 540 0 351 309 419 393 860 305 584 841 564 589 631 809 133 923 696 285 469 292 1017 595 956 613 226 412 623 380 611 721 288 887 181 607 335 787 934 442 639 537 855 267 940 878
219 390 535 300 394 602 526 222 354 409 402 374 517 676 369 242 156 502 351 0 101 337 328 519 55 260 554 397 267 475 461 276 580 382 158 604 165 721 380 642 309 450 92 420 30 300 483 413 583 294 490 531 440 608 411 367 515 599 256 643 552
132 483 479 247 482 639 621 295 255 502 335 470 558 774 288 185 227 406 309 101 0 241 399 601 116 274 541 325 279 570 536 275 660 478 216 644 64 819 480 736 305 363 108 520 126 398 442 316 581 310 580 552 485 697 312 341 588 700 156 740 569
122 676 324 183 724 838 813 534 41 744 376 671 627 976 296 170 407 164 419 337 241 0 636 758 357 347 484 155 348 811 681 456 808 680 452 847 189 1016 717 921 329 321 287 758 354 608 333 217 547 506 822 734 572 871 79 302 823 921 154 938 580
532 453 863 628 127 323 542 105 640 179 497 420 746 629 520 569 406 797 393 328 399 636 0 621 286 561 862 722 568 240 602 260 683 422 183 316 446 681 237 648 620 602 418 252 331 357 808 623 877 212 215 309 668 650 697 688 188 494 507 612 822
647 168 730 600 560 939 151 575 793 516 921 201 277 290 887 589 374 892 860 519 601 758 621 0 557 419 560 709 420 526 81 756 63 201 590 929 658 307 421 195 462 965 499 440 489 267 639 910 520 746 588 927 252 126 836 537 720 352 750 249 415
246 418 580 344 366 550 550 181 369 388 366 397 570 693 343 284 205 522 305 55 116 357 286 557 0 316 609 435 322 456 503 222 619 405 108 552 172 740 371 667 364 427 145 410 79 321 532 403 638 239 464 476 492 638 426 419 475 605 254 662 607
253 374 352 181 590 858 500 462 386 583 604 381 292 667 546 177 161 473 584 260 274 347 561 419 316 0 300 292 6 637 339 533 464 391 414 858 306 700 517 597 65 608 175 558 242 344 273 531 323 555 673 792 228 539 423 148 737 648 383 627 295
459 599 234 319 885 1157 691 763 525 872 834 618 295 849 762 370 458 520 841 554 541 484 862 560 609 300 0 341 294 920 485 815 576 627 711 1157 549 868 798 756 245 802 463 836 540 607 164 702 73 844 962 1084 309 685 530 202 1036 875 594 807 166
196 661 171 115 791 959 791 616 191 801 530 663 530 958 450 159 408 194 564 397 325 155 722 709 435 292 341 0 290 865 628 581 751 673 541 966 295 992 757 890 248 475 319 799 403 614 182 369 408 626 886 862 490 831 189 188 910 928 297 918 458
256 378 347 180 596 865 503 469 387 589 609 385 289 670 550 178 168 472 589 267 279 348 568 420 322 6 294 290 0 643 340 539 465 395 421 865 311 703 523 599 59 612 181 564 249 349 268 533 316 561 679 798 225 541 424 142 744 653 386 629 289
694 373 979 756 112 468 402 301 825 69 732 341 731 435 748 705 477 976 631 475 570 811 240 526 456 637 920 865 643 0 540 497 578 337 381 451 628 485 123 483 702 832 545 89 464 319 908 840 917 452 65 506 662 509 882 782 213 285 705 430 838
573 166 649 520 557 925 209 544 717 519 863 199 213 364 824 511 309 812 809 461 536 681 602 81 503 339 485 628 340 540 0 712 127 202 549 916 591 385 425 274 381 900 431 451 431 246 558 841 449 707 599 902 175 207 759 456 720 405 682 322 347
387 601 746 519 385 381 721 211 447 432 236 574 793 841 267 459 426 601 133 276 275 456 260 756 222 533 815 581 539 497 712 0 820 580 166 391 286 892 464 837 574 346 357 491 302 498 715 383 851 56 475 280 714 820 499 616 414 725 305 817 827
700 229 759 645 618 1000 185 639 844 572 982 262 283 294 947 638 432 937 923 580 660 808 683 63 619 464 576 751 465 578 127 820 0 261 654 989 716 300 477 191 502 1024 556 494 550 330 669 967 529 810 641 989 275 117 885 574 776 381 807 256 421
560 36 741 558 359 738 144 385 709 318 769 10 399 296 748 527 273 833 696 382 478 680 422 201 405 391 627 673 395 337 202 580 261 0 414 727 542 340 223 262 452 831 395 248 354 84 657 794 609 563 396 729 338 240 760 536 521 257 635 261 518
349 434 688 452 280 445 556 83 458 312 371 408 647 681 372 392 280 614 285 158 216 452 183 590 108 414 711 541 421 381 549 166 654 414 0 446 263 731 320 672 466 457 251 353 171 331 640 458 737 159 378 380 567 654 515 525 371 574 328 655 698
769 761 1124 891 375 23 832 399 838 427 569 727 1062 886 630 829 713 992 469 604 644 847 316 929 552 858 1157 966 865 451 916 391 989 727 446 0 670 937 517 927 912 691 697 512 617 669 1083 756 1180 341 389 143 983 942 890 971 240 736 696 879 1132
100 546 459 237 537 663 683 345 197 560 298 533 597 838 240 179 285 351 292 165 64 189 446 658 172 306 549 295 311 628 591 286 716 542 263 670 0 882 542 798 326 310 160 581 190 461 433 254 595 330 635 567 527 758 254 347 634 764 93 803 594
896 339 1031 878 573 953 203 683 1046 516 1099 349 580 52 1084 856 609 1164 1017 721 819 1016 681 307 740 700 868 992 703 485 385 892 300 340 731 937 882 0 443 111 752 1167 734 433 694 421 941 1134 826 864 548 981 559 184 1095 832 699 201 975 78 719
597 259 863 646 142 530 315 253 735 95 689 226 610 391 692 598 360 881 595 380 480 717 237 421 371 517 798 757 523 123 425 464 477 223 320 517 542 443 0 414 582 777 440 41 364 196 790 771 793 429 175 541 540 425 791 664 299 261 625 375 715
804 252 922 777 553 942 117 633 953 499 1031 269 469 105 1010 758 518 1065 956 642 736 921 648 195 667 597 756 890 599 483 274 837 191 262 672 927 798 111 414 0 647 1092 644 415 613 346 832 1052 714 814 548 955 448 73 1001 726 696 226 891 72 608
255 433 289 149 653 912 554 519 370 648 623 442 297 721 559 167 225 437 613 309 305 329 620 462 364 65 245 248 59 702 381 574 502 452 466 912 326 752 582 647 0 614 219 623 295 408 209 528 276 600 737 840 245 585 400 84 798 709 391 680 269
359 840 641 487 723 675 975 532 283 764 122 823 901 1120 85 448 591 379 226 450 363 321 602 965 427 608 802 475 612 832 900 346 1024 831 457 691 310 1167 777 1092 614 0 469 810 480 747 654 108 861 400 817 553 834 1058 302 609 760 1027 225 1089 881
165 394 446 213 474 695 532 313 314 482 444 385 451 691 396 159 127 447 412 92 108 287 418 499 145 175 463 319 181 545 431 357 556 395 251 697 160 734 440 644 219 469 0 482 87 320 391 411 494 381 567 621 377 601 366 274 603 633 251 655 470
638 285 905 688 140 527 324 282 775 84 719 252 641 381 725 640 401 922 623 420 520 758 252 440 410 558 836 799 564 89 451 491 494 248 353 512 581 433 41 415 623 810 482 0 405 231 831 807 830 452 148 547 574 433 832 705 284 242 663 369 750
233 361 533 300 388 616 497 227 374 399 432 345 490 648 399 244 126 517 380 30 126 354 331 489 79 242 540 403 249 464 431 302 550 354 171 617 190 694 364 613 295 480 87 405 0 272 476 440 565 316 483 550 412 578 429 357 516 575 282 615 530
486 104 696 498 315 678 229 308 635 284 684 77 415 376 664 462 206 765 611 300 398 608 357 267 321 344 607 614 349 319 246 498 330 84 331 669 461 421 196 346 408 747 320 231 272 0 617 713 599 482 370 660 344 323 687 492 478 315 554 343 519
335 636 90 196 854 1079 749 704 372 852 700 647 409 915 623 256 431 356 721 483 442 333 808 639 532 273 164 182 268 908 558 715 669 657 640 1083 433 941 790 832 209 654 391 831 476 617 0 551 236 752 941 994 393 766 371 126 992 914 460 873 307
277 800 533 392 736 742 937 539 178 771 203 786 822 1089 127 361 538 273 288 413 316 217 623 910 403 531 702 369 533 840 841 383 967 794 458 756 254 1134 771 1052 528 108 411 807 440 713 551 0 764 439 833 624 759 1012 193 514 794 1008 160 1056 790
511 578 308 374 890 1181 658 782 588 873 887 601 246 811 817 420 471 592 887 583 581 547 877 520 638 323 73 408 316 917 449 851 529 609 737 1180 595 826 793 714 276 861 494 830 565 599 236 764 0 876 962 1115 276 642 597 253 1045 849 648 769 108
430 586 787 557 339 333 700 181 499 388 288 558 802 812 323 496 435 654 181 294 310 506 212 746 239 555 844 626 561 452 707 56 810 563 159 341 330 864 429 814 600 400 381 452 316 482 752 439 876 0 426 241 723 803 552 648 359 690 357 790 846
708 432 1008 781 98 407 467 295 832 90 712 399 785 498 734 727 511 986 607 490 580 822 215 588 464 673 962 886 679 65 599 475 641 396 378 389 635 548 175 548 737 817 567 148 483 370 941 833 962 426 0 454 714 574 890 815 150 347 706 495 888
668 759 1027 798 408 124 851 359 720 465 431 727 1023 929 496 737 660 870 335 531 552 734 309 927 476 792 1084 862 798 506 902 280 989 729 380 143 567 981 541 955 840 553 621 547 550 660 994 624 1115 241 454 0 944 959 769 890 320 786 580 916 1078
482 305 484 394 654 988 382 588 612 627 821 331 79 539 768 403 288 682 787 440 485 572 668 252 492 228 309 490 225 662 175 714 275 338 567 983 527 559 540 448 245 834 377 574 412 344 393 759 276 723 714 944 0 378 645 305 816 572 609 497 180
756 221 856 720 567 956 109 624 905 516 1004 245 396 176 977 705 474 1010 934 608 697 871 650 126 638 539 685 831 541 509 207 820 117 240 654 942 758 184 425 73 585 1058 601 433 578 323 766 1012 642 803 574 959 378 0 950 662 718 277 851 139 535
200 756 343 251 791 879 892 598 57 814 381 750 696 1055 299 247 487 101 442 411 312 79 697 836 426 423 530 189 424 882 759 499 885 760 515 890 254 1095 791 1001 400 302 366 832 429 687 371 193 597 552 890 769 645 950 0 362 882 1000 195 1018 640
258 517 205 122 729 969 636 585 344 726 634 526 342 803 564 168 304 382 639 367 341 302 688 537 419 148 202 188 142 782 456 616 574 536 525 971 347 832 664 726 84 609 274 705 357 492 126 514 253 648 815 890 305 662 362 0 870 794 395 762 278
720 557 1049 815 163 259 609 294 826 204 644 522 891 648 682 757 577 983 537 515 588 823 188 720 475 737 1036 910 744 213 720 414 776 521 371 240 634 699 299 696 798 760 603 284 516 478 992 794 1045 359 150 320 816 718 882 870 0 497 689 644 981
799 278 999 812 379 753 200 513 946 322 945 267 618 153 941 777 521 1080 855 599 700 921 494 352 605 648 875 928 653 285 405 725 381 257 574 736 764 201 261 226 709 1027 633 242 575 315 914 1008 849 690 347 786 572 277 1000 794 497 0 854 159 750
137 639 468 275 608 686 776 411 142 636 240 626 675 930 169 228 377 297 267 256 156 154 507 750 254 383 594 297 386 705 682 305 807 635 328 696 93 975 625 891 391 225 251 663 282 554 460 160 648 357 706 580 609 851 195 395 689 854 0 896 659
819 261 962 803 510 895 127 609 968 454 1021 270 526 41 1005 779 531 1087 940 643 740 938 612 249 662 627 807 918 629 430 322 817 256 261 655 879 803 78 375 72 680 1089 655 369 615 343 873 1056 769 790 495 916 497 139 1018 762 644 159 896 0 664
522 486 390 398 822 1135 556 733 622 799 892 511 138 706 828 432 420 651 878 552 569 580 822 415 607 295 166 458 289 838 347 827 421 518 698 1132 594 719 715 608 269 881 470 750 530 519 307 790 108 846 888 1078 180 535 640 278 981 750 659 664 0
