118
0 348 290 403 298 624 459 670 354 669 384 101 158 117 522 766 346 563 828 707 636 545 682 387 241 242 487 598 647 316 390 795 478 388 241 880 62 225 481 236 146 428 358 188 569 159 675 509 704 587 554 798 548 724 841 375 565 555 488 427 46 164 706 529 346 540 618 811 763 645 551 844 300 877 102 324 417 473 318 57 654 809 169 637 808 139 816 565 463 579 266 264 691 381 541 302 131 476 445 522 526 317 472 204 220 484 302 456 422 531 215 332 214 158 469 267 352 740
348 0 61 745 128 609 565 984 6 996 48 411 330 464 863 949 580 910 1142 808 580 675 802 685 474 506 835 917 820 77 162 1096 817 124 588 875 306 291 789 187 398 684 706 184 899 475 967 856 1026 604 877 1056 896 841 909 715 828 510 837 776 349 408 696 667 252 693 583 1015 1081 751 662 880 81 889 336 626 78 747 410 293 786 1022 479 949 1001 217 1132 904 350 793 392 432 988 243 482 597 445 784 673 870 525 596 748 482 193 805 480 791 768 859 195 617 527 450 783 131 349 992
290 61 0 684 92 613 547 935 66 944 105 350 270 404 802 924 542 850 1094 796 591 655 786 638 432 446 777 867 795 85 190 1051 756 160 529 882 245 261 741 160 351 644 647 123 838 423 923 799 976 603 816 1018 838 826 904 654 789 518 778 716 293 362 702 646 253 670 591 987 1032 737 646 880 44 893 275 565 138 705 387 233 768 993 427 901 975 163 1083 843 364 761 363 399 943 254 491 536 393 736 637 812 524 551 705 421 137 744 447 737 711 798 138 571 466 389 733 82 340 956
403 745 684 0 667 916 698 496 750 448 784 335 444 286 118 831 495 175 625 885 952 733 846 387 471 300 185 428 756 720 792 630 77 791 166 1128 439 593 395 635 445 494 102 567 178 352 561 210 493 863 182 731 213 881 1028 31 553 877 155 88 421 453 980 714 729 705 924 836 554 832 757 1061 685 1111 415 187 818 479 626 454 809 820 362 478 852 542 605 161 831 649 577 543 559 770 873 214 367 390 548 171 827 413 475 298 579 137 548 277 185 149 575 405 232 309 373 641 700 698
298 128 92 667 0 702 623 965 129 967 176 332 227 401 782 992 594 838 1124 876 682 729 863 674 482 402 779 894 864 177 280 1086 733 247 522 972 241 332 773 238 393 693 643 109 808 449 962 802 1001 690 782 1069 837 904 988 636 837 608 776 709 315 407 791 719 343 740 681 1051 1059 815 722 966 49 982 251 528 201 749 461 241 843 1054 456 931 1041 202 1112 821 456 821 430 461 980 346 582 498 419 768 693 807 612 592 749 383 87 710 509 754 718 767 92 611 438 360 763 31 424 1007
624 609 613 916 702 0 227 808 613 865 585 723 755 693 1014 494 436 1007 927 273 72 260 294 586 446 866 875 777 391 535 455 854 991 496 767 269 653 411 664 471 499 493 823 658 1093 574 733 881 870 61 1098 715 933 316 319 900 573 100 903 884 580 485 88 272 360 303 38 579 896 244 224 274 658 280 712 923 591 556 308 622 306 601 562 777 549 560 930 1058 264 454 361 381 761 366 130 909 570 663 436 936 99 518 560 827 702 1040 368 758 806 1065 700 533 819 781 675 682 287 654
459 565 547 698 623 227 0 597 571 647 559 549 609 501 791 390 209 781 728 255 280 109 239 359 240 687 648 559 261 489 449 660 771 485 557 436 502 292 440 387 316 269 602 549 873 371 532 654 657 168 881 551 706 280 382 684 369 229 676 660 413 299 282 104 326 134 245 463 690 193 99 387 589 426 558 725 578 336 162 474 220 476 357 564 444 439 728 835 308 272 201 194 560 357 244 716 373 438 215 709 162 292 340 648 596 827 163 530 579 847 592 307 628 603 450 596 221 486
670 984 935 496 965 808 597 0 990 77 1004 677 801 591 493 466 434 421 158 633 872 551 589 299 520 733 314 74 466 925 945 136 517 965 511 913 731 714 194 808 585 337 421 856 582 516 101 293 62 747 619 265 319 606 753 512 236 826 352 408 649 576 831 536 833 507 835 428 98 609 586 817 958 880 748 662 1034 265 649 725 555 402 509 35 458 773 148 515 875 366 632 582 81 876 840 679 546 199 382 357 759 391 262 711 891 614 547 236 317 586 886 370 644 692 202 933 748 262
354 6 66 750 129 613 571 990 0 1002 46 416 333 469 868 955 587 916 1148 814 584 681 807 692 480 510 841 923 826 82 165 1103 822 127 594 879 311 298 795 193 405 690 712 188 904 482 974 862 1033 609 882 1062 902 846 914 720 835 515 843 781 355 414 701 673 257 699 587 1022 1087 756 668 884 83 893 341 631 75 753 416 298 792 1028 485 956 1007 223 1138 909 354 799 398 439 995 247 486 602 452 791 679 876 529 603 754 486 196 810 486 797 774 864 198 623 532 455 789 133 355 999
669 996 944 448 967 865 647 77 1002 0 1019 664 789 580 432 542 470 355 177 702 926 610 658 322 544 705 262 89 537 941 969 188 460 987 487 982 728 737 219 826 599 380 385 857 518 521 179 239 44 803 557 341 256 677 826 468 300 876 297 360 653 592 892 595 862 567 890 506 106 675 645 888 964 951 739 623 1050 311 684 725 624 480 517 94 536 781 159 450 914 433 661 612 159 906 888 643 551 222 432 297 810 415 307 686 889 558 581 216 282 525 884 394 618 672 218 936 783 340
384 48 105 784 176 585 559 1004 46 1019 0 452 376 500 902 947 592 947 1161 796 552 669 792 705 488 551 868 939 817 79 130 1113 857 90 625 848 346 299 809 197 420 696 742 229 941 502 983 888 1048 585 920 1065 929 830 891 754 840 485 871 812 380 428 672 663 237 690 557 1016 1102 740 654 858 129 864 379 670 33 761 409 330 778 1024 504 969 1000 248 1152 944 323 797 398 441 1005 220 456 642 473 805 681 905 505 614 762 526 241 848 487 818 800 901 242 635 570 493 804 179 339 1001
101 411 350 335 332 723 549 677 416 664 452 0 125 85 452 830 411 505 833 792 737 628 764 418 318 142 452 603 718 394 478 808 405 470 191 976 107 326 499 329 232 480 312 231 488 205 697 476 703 684 469 834 507 805 928 305 607 656 445 377 143 249 803 611 444 618 718 868 764 730 637 936 349 972 81 228 486 513 415 131 733 863 220 646 869 223 818 493 563 639 363 354 709 478 642 204 187 493 507 475 625 366 512 104 245 398 387 448 396 449 241 376 120 57 483 306 453 781
158 330 270 444 227 755 609 801 333 789 376 125 0 209 558 925 504 618 957 861 756 700 838 534 400 176 575 727 806 334 433 931 508 415 314 1018 106 344 619 307 304 584 434 147 581 310 817 599 828 724 554 948 628 880 992 413 718 675 565 495 202 322 840 685 433 697 744 969 889 799 704 989 256 1019 56 300 408 625 458 135 810 966 322 770 967 201 943 595 557 738 410 416 830 458 657 270 285 614 604 594 656 471 624 155 141 482 457 573 521 539 138 485 213 135 605 206 470 893
117 464 404 286 401 693 501 591 469 580 500 85 209 0 404 757 343 446 748 735 714 571 704 335 262 192 378 518 649 434 506 722 362 505 124 936 161 320 413 350 193 403 243 294 454 136 611 401 618 648 443 750 436 744 874 258 525 635 375 312 137 207 769 553 451 557 692 791 679 674 584 888 410 928 159 231 534 431 385 171 672 784 151 561 794 256 733 448 562 565 332 313 623 490 625 216 127 408 434 408 596 289 430 155 317 374 338 364 317 417 312 297 126 116 398 372 440 698
522 863 802 118 782 1014 791 493 868 432 902 452 558 404 0 880 583 87 600 959 1053 815 918 456 574 403 187 436 820 838 909 620 51 909 283 1214 557 707 438 753 557 565 191 684 93 462 574 202 476 958 126 748 175 951 1101 148 599 981 147 131 538 563 1073 796 844 783 1024 874 533 910 841 1141 801 1194 532 278 936 537 732 573 881 855 470 483 894 661 578 45 943 709 685 648 567 885 979 309 479 434 623 135 928 499 532 407 694 136 648 312 228 93 690 488 345 423 416 757 811 725
766 949 924 831 992 494 390 466 955 542 947 830 925 757 880 0 420 832 519 231 567 282 200 450 526 947 696 480 129 874 839 441 884 874 752 487 823 663 442 765 623 357 731 903 974 624 364 687 523 446 999 257 732 189 307 832 281 562 735 759 724 606 472 285 716 257 531 85 519 250 305 384 963 448 868 935 967 352 539 801 190 109 610 450 55 794 531 915 688 192 562 531 389 747 589 938 644 446 323 757 503 468 356 911 949 968 484 568 655 963 944 463 866 873 464 962 611 217
346 580 542 495 594 436 209 434 587 470 592 411 504 343 583 420 0 572 583 399 484 240 364 156 112 536 439 381 306 512 516 527 566 541 368 633 404 293 252 394 207 104 396 496 667 207 395 446 488 377 678 476 498 404 542 484 248 421 467 452 305 190 490 221 400 218 451 466 532 342 261 567 574 616 448 547 619 173 215 383 331 465 192 399 462 392 578 627 443 233 200 152 419 443 428 543 224 249 100 500 360 84 175 499 540 628 113 325 370 643 535 97 462 458 257 563 314 414
563 910 850 175 838 1007 781 421 916 355 947 505 618 446 87 832 572 0 518 930 1052 793 887 431 579 474 139 370 782 879 943 543 133 947 321 1192 605 731 394 786 577 538 209 736 163 480 508 145 398 950 205 681 103 918 1070 206 552 983 105 138 573 581 1061 775 868 758 1021 819 452 885 822 1114 853 1170 587 355 981 501 740 617 850 798 486 415 842 701 496 95 960 670 697 656 498 911 984 384 502 391 598 76 927 489 496 473 751 223 649 269 202 177 746 474 407 483 373 811 825 664
828 1142 1094 625 1124 927 728 158 1148 177 1161 833 957 748 600 519 583 518 0 721 994 667 679 456 674 882 439 230 556 1082 1098 78 633 1120 661 997 890 869 352 965 743 481 563 1015 682 675 196 415 133 866 723 270 425 687 824 645 358 955 472 538 808 733 938 655 983 623 956 459 71 708 702 897 1117 961 906 801 1191 410 797 884 649 430 668 192 495 931 22 613 1019 473 783 734 168 1026 972 821 705 357 520 468 888 547 408 861 1049 731 696 387 459 693 1044 526 794 845 360 1092 895 303
707 808 796 885 876 273 255 633 814 702 796 792 861 735 959 231 399 930 721 0 343 164 44 502 474 926 790 624 166 731 675 643 950 714 768 280 754 546 542 637 561 394 783 804 1049 599 540 788 695 234 1065 476 839 44 143 877 404 354 825 829 662 544 240 181 559 181 311 316 706 62 157 187 839 248 809 946 810 430 416 727 80 341 584 608 282 695 729 1000 501 271 456 445 568 581 384 942 608 543 336 854 305 475 435 887 851 1020 405 661 732 1029 847 480 858 844 560 849 459 424
636 580 591 952 682 72 280 872 584 926 552 737 756 714 1053 567 484 1052 994 343 0 327 366 638 480 879 922 837 462 509 421 922 1028 461 797 297 658 414 720 460 521 549 861 649 1129 603 799 929 932 128 1132 786 982 387 378 933 638 81 948 925 594 509 130 338 341 370 37 651 961 316 292 323 636 317 717 945 554 615 330 627 378 673 592 840 621 557 996 1098 229 521 382 409 827 338 101 929 595 719 494 982 125 564 619 841 691 1072 404 809 851 1100 689 581 838 794 731 665 287 725
545 675 655 733 729 260 109 551 681 610 669 628 700 571 815 282 240 793 667 164 327 0 138 362 310 762 655 525 155 598 558 594 801 594 608 399 593 397 421 495 398 256 632 651 902 435 473 657 612 199 915 464 709 179 304 723 314 299 688 683 499 380 282 19 435 43 290 358 637 103 35 328 696 379 646 785 687 309 268 567 113 373 420 521 337 541 670 857 407 194 302 284 501 465 321 779 444 421 196 718 233 320 314 723 698 867 243 529 592 880 693 328 694 680 436 702 330 401
682 802 786 846 863 294 239 589 807 658 792 764 838 704 918 200 364 887 679 44 366 138 0 462 445 896 748 579 123 724 674 601 910 712 732 324 731 531 498 626 536 353 744 787 1008 567 497 745 651 249 1025 438 796 41 182 839 359 368 783 788 637 518 273 152 555 147 332 285 663 54 140 231 828 292 784 912 807 387 401 705 36 308 552 564 254 677 686 959 507 227 438 422 525 580 396 908 578 500 297 811 313 439 392 858 834 982 380 618 691 990 830 443 825 815 517 836 452 384
387 685 638 387 674 586 359 299 692 322 705 418 534 335 456 450 156 431 456 502 638 362 462 0 222 512 293 236 369 626 647 412 448 667 304 761 450 416 105 509 287 108 285 567 546 228 288 296 346 526 564 415 349 495 645 384 191 577 326 326 360 277 633 343 539 327 604 468 397 454 391 684 663 739 478 486 735 100 365 439 425 458 219 264 478 477 447 497 595 263 339 290 305 583 584 491 257 101 167 356 515 93 97 480 605 525 261 171 230 528 600 71 426 449 104 642 462 363
241 474 432 471 482 446 240 520 480 544 488 318 400 262 574 526 112 579 674 474 480 310 445 222 0 452 459 459 406 409 425 624 547 445 321 676 296 194 327 291 96 211 382 384 649 131 494 471 568 396 652 587 522 487 612 453 356 406 479 447 198 79 515 293 318 300 452 576 618 413 321 625 463 666 344 485 517 273 161 274 415 576 117 484 571 280 667 619 387 344 122 76 516 362 405 476 135 323 211 514 356 128 274 413 428 594 78 367 386 620 423 150 388 369 325 451 251 525
242 506 446 300 402 866 687 733 510 705 551 142 176 192 403 947 536 474 882 926 879 762 896 512 452 0 461 659 841 505 599 869 351 585 222 1118 232 467 575 459 372 590 323 322 413 328 770 487 748 826 383 922 505 936 1064 270 704 798 443 369 285 389 946 744 579 749 861 977 811 865 774 1075 432 1112 179 129 584 612 558 261 864 968 343 707 982 350 864 436 700 754 505 495 778 610 784 98 317 569 625 466 767 478 609 39 317 312 525 496 424 371 314 484 89 85 556 382 594 874
487 835 777 185 779 875 648 314 841 262 868 452 575 378 187 696 439 139 439 790 922 655 748 293 459 461 0 251 643 795 848 446 203 856 260 1054 538 625 255 693 472 399 141 672 280 376 388 25 307 816 311 562 63 778 930 207 415 856 39 98 487 473 925 636 762 619 890 688 369 745 685 975 787 1031 533 366 901 361 619 544 711 668 379 300 708 619 419 219 845 531 580 535 383 806 858 389 402 252 459 63 797 357 356 449 694 300 524 130 73 276 689 341 379 445 234 750 709 537
598 917 867 428 894 777 559 74 923 89 939 603 727 518 436 480 381 370 230 624 837 525 579 236 459 659 251 0 460 860 884 209 455 903 437 902 659 653 131 744 519 291 350 785 527 446 138 234 109 716 562 312 267 601 752 443 220 787 291 341 579 511 807 509 775 482 801 455 164 593 559 811 889 872 675 590 969 222 596 654 544 431 440 49 481 704 217 462 825 352 574 525 131 819 799 607 476 135 343 301 721 330 218 637 819 551 493 163 247 528 814 308 570 618 134 863 695 294
647 820 795 756 864 391 261 466 826 537 817 718 806 649 820 129 306 782 556 166 462 155 123 369 406 841 643 460 0 744 710 480 816 745 658 446 702 534 389 635 502 264 654 777 911 514 374 638 528 336 932 324 687 140 292 753 241 447 680 692 604 485 386 156 586 127 426 203 540 153 182 351 834 413 750 842 837 282 409 679 93 218 499 442 183 668 563 858 563 112 433 405 402 618 472 842 530 391 217 706 384 366 287 804 823 894 358 512 591 896 819 365 764 764 409 835 482 266
316 77 85 720 177 535 489 925 82 941 79 394 334 434 838 874 512 879 1082 731 509 598 724 626 409 505 795 860 744 0 105 1034 794 81 558 802 286 220 730 118 341 617 672 188 882 425 903 815 970 529 864 986 857 763 833 691 761 438 800 743 307 349 623 591 176 617 511 941 1023 673 585 804 128 815 327 618 109 682 334 266 709 948 427 890 926 178 1073 881 281 720 320 362 925 171 410 591 397 726 603 834 449 534 683 477 214 792 408 741 726 842 214 555 513 440 725 166 272 922
390 162 190 792 280 455 449 945 165 969 130 478 433 506 909 839 516 943 1098 675 421 558 674 647 425 599 848 884 710 105 0 1044 868 40 626 717 371 231 752 157 378 621 734 290 959 471 912 866 994 458 945 977 911 711 765 764 761 355 857 805 371 381 541 554 124 583 427 912 1043 621 539 729 231 734 419 706 136 689 313 347 664 922 470 909 893 254 1091 953 192 702 316 364 936 94 326 680 445 749 596 892 378 554 691 568 319 874 405 780 776 921 319 576 598 528 750 272 228 912
795 1096 1051 630 1086 854 660 136 1103 188 1113 808 931 722 620 441 527 543 78 643 922 594 601 412 624 869 446 209 480 1034 1044 0 647 1068 646 920 857 818 314 916 699 423 558 978 706 638 132 424 145 794 745 194 444 609 746 647 292 886 483 542 771 688 863 583 927 551 884 382 99 632 630 818 1076 883 877 798 1142 354 738 849 573 353 630 162 418 890 91 638 956 400 728 680 108 969 904 816 667 319 457 485 819 500 352 846 1015 745 640 372 454 713 1010 479 780 825 326 1054 836 224
478 817 756 77 733 991 771 517 822 460 857 405 508 362 51 884 566 133 633 950 1028 801 910 448 547 351 203 455 816 794 868 647 0 867 243 1199 511 671 442 712 523 557 169 636 101 430 592 223 505 937 115 765 207 944 1093 103 603 954 165 124 497 531 1053 782 807 771 999 883 564 899 826 1129 754 1181 483 226 891 535 703 528 873 865 439 504 901 617 611 87 909 707 655 620 587 847 950 257 445 438 613 164 903 482 531 356 646 98 623 318 229 79 641 473 295 373 420 709 778 738
388 124 160 791 247 496 485 965 127 987 90 470 415 505 909 874 541 947 1120 714 461 594 712 667 445 585 856 903 745 81 40 1068 867 0 627 758 363 251 772 163 391 646 738 269 956 481 936 875 1013 498 939 1007 919 750 805 763 787 396 864 809 373 395 582 589 158 617 468 946 1064 659 576 769 198 775 407 696 96 714 344 341 701 956 481 930 928 249 1113 953 233 734 341 388 959 133 367 670 454 768 624 899 418 574 715 556 294 868 431 794 786 917 294 595 590 518 769 242 263 942
241 588 529 166 522 767 557 511 594 487 625 191 314 124 283 752 368 321 661 768 797 608 732 304 321 222 260 437 658 558 626 646 243 627 0 993 284 427 354 469 282 396 121 416 341 193 548 285 528 717 336 703 316 770 910 141 493 721 254 187 255 291 836 589 563 586 772 773 591 711 627 935 534 980 273 183 659 404 468 295 697 761 205 484 781 380 644 327 666 561 418 387 555 603 715 187 204 349 442 285 675 294 401 200 436 274 399 274 209 307 431 293 133 187 335 494 537 658
880 875 882 1128 972 269 436 913 879 982 848 976 1018 936 1214 487 633 1192 997 280 297 399 324 761 676 1118 1054 902 446 802 717 920 1199 758 993 0 914 676 813 741 745 654 1029 927 1299 807 820 1055 975 294 1311 744 1106 310 186 1116 682 364 1087 1082 835 729 181 418 629 434 291 565 985 311 372 104 927 43 973 1162 851 700 562 884 358 594 793 888 528 827 1006 1256 525 549 614 623 848 632 392 1152 809 814 594 1117 364 716 705 1079 972 1260 598 927 991 1276 969 725 1062 1033 830 952 556 697
62 306 245 439 241 653 502 731 311 728 346 107 106 161 557 823 404 605 890 754 658 593 731 450 296 232 538 659 702 286 371 857 511 363 284 914 0 243 543 227 200 489 404 133 596 221 737 561 764 620 577 860 597 773 885 409 627 577 536 472 98 217 737 579 347 591 644 870 823 692 597 883 249 914 59 334 379 535 353 30 704 868 232 699 866 118 877 598 469 638 303 309 753 378 560 308 193 538 504 568 554 379 535 198 160 506 351 514 476 556 155 394 227 157 531 212 371 802
225 291 261 593 332 411 292 714 298 737 299 326 344 320 707 663 293 731 869 546 414 397 531 416 194 467 625 653 534 220 231 818 671 251 427 676 243 0 521 104 154 397 522 259 768 250 686 642 763 382 761 766 689 572 665 569 541 333 639 593 187 153 496 387 137 409 400 726 813 485 391 653 300 678 303 546 326 464 129 213 511 732 246 679 713 152 862 752 241 502 101 142 709 180 317 526 228 517 382 674 312 323 465 429 306 694 188 550 553 733 302 345 436 384 519 304 127 702
481 789 741 395 773 664 440 194 795 219 809 499 619 413 438 442 252 394 352 542 720 421 498 105 327 575 255 131 389 730 752 314 442 772 354 813 543 521 0 614 390 170 299 665 531 324 198 249 241 602 557 349 298 526 679 400 161 665 293 318 457 381 701 403 643 381 685 441 292 502 454 728 764 787 565 527 840 112 465 535 462 424 316 160 458 578 343 473 695 277 443 393 210 687 675 538 354 5 228 317 601 198 107 547 701 530 362 126 213 521 696 176 486 522 22 741 564 307
236 187 160 635 238 471 387 808 193 826 197 329 307 350 753 765 394 786 965 637 460 495 626 509 291 459 693 744 635 118 157 916 712 163 469 741 227 104 614 0 228 499 577 188 804 318 786 711 854 453 791 869 756 666 749 608 643 382 701 648 214 234 559 486 125 509 453 829 906 577 486 730 201 748 281 557 226 564 227 199 608 835 317 773 816 109 956 797 250 606 205 245 807 151 359 533 291 610 486 736 377 417 565 425 231 721 292 631 622 767 228 438 448 383 610 214 187 805
146 398 351 445 393 499 316 585 405 599 420 232 304 193 557 623 207 577 743 561 521 398 536 287 96 372 472 519 502 341 378 699 523 391 282 745 200 154 390 228 0 300 370 291 622 96 572 488 628 456 619 676 535 577 696 423 443 443 485 440 102 17 576 383 291 393 499 672 682 499 406 703 378 740 249 424 451 356 192 177 507 672 92 550 667 192 733 602 386 440 139 122 591 334 435 410 77 386 307 520 403 200 356 333 333 555 156 402 399 589 328 219 319 287 384 361 255 615
428 684 644 494 693 493 269 337 690 380 696 480 584 403 565 357 104 538 481 394 549 256 353 108 211 590 399 291 264 617 621 423 557 646 396 654 489 397 170 499 300 0 392 591 655 275 291 400 394 432 672 375 452 387 536 489 144 496 433 435 392 286 533 238 503 220 514 388 433 346 287 576 675 631 527 580 723 71 315 472 316 382 262 302 391 490 477 606 538 165 305 257 316 545 507 582 299 170 60 463 431 114 74 556 634 631 216 273 339 637 629 106 509 519 182 661 413 315
358 706 647 102 643 823 602 421 712 385 742 312 434 243 191 731 396 209 563 783 861 632 744 285 382 323 141 350 654 672 734 558 169 738 121 1029 404 522 299 577 370 392 0 537 271 273 476 166 429 768 282 642 194 779 926 101 455 789 132 71 365 375 884 613 660 603 832 738 492 731 657 960 654 1011 394 240 775 378 541 414 707 723 281 399 753 494 544 237 755 548 495 456 477 702 787 258 293 294 447 164 736 313 374 308 557 239 457 189 104 247 552 304 238 304 277 615 621 605
188 184 123 567 109 658 549 856 188 857 229 231 147 294 684 903 496 736 1015 804 649 651 787 567 384 322 672 785 777 188 290 978 636 269 416 927 133 259 665 188 291 591 537 0 716 340 855 694 892 637 693 967 730 829 924 536 734 570 669 604 207 306 746 639 311 657 641 958 950 742 648 911 118 933 153 442 262 645 388 131 764 960 348 823 951 110 1003 724 434 727 349 372 873 328 548 413 310 660 596 701 562 488 645 297 46 621 419 645 609 675 42 505 344 266 654 79 371 906
569 899 838 178 808 1093 873 582 904 518 941 488 581 454 93 974 667 163 682 1049 1129 902 1008 546 649 413 280 527 911 882 959 706 101 956 341 1299 596 768 531 804 622 655 271 716 0 530 665 294 561 1039 46 839 263 1042 1191 200 692 1055 240 219 591 631 1155 882 903 871 1101 968 616 999 927 1228 832 1281 563 283 975 629 804 615 971 948 540 574 988 706 660 68 1008 801 756 721 657 943 1052 315 544 527 712 226 1005 584 624 425 721 103 725 405 320 41 717 573 372 450 509 786 878 817
159 475 423 352 449 574 371 516 482 521 502 205 310 136 462 624 207 480 675 599 603 435 567 228 131 328 376 446 514 425 471 638 430 481 193 807 221 250 324 318 96 275 273 340 530 0 516 394 554 525 529 639 440 608 739 331 408 527 388 343 133 101 645 417 388 420 578 663 611 539 450 755 443 797 253 354 534 315 275 211 535 658 14 482 663 259 663 507 481 434 225 194 533 431 522 345 30 319 301 423 481 162 314 291 377 468 209 316 304 498 372 175 259 250 314 417 348 583
675 967 923 561 962 733 532 101 974 179 983 697 817 611 574 364 395 508 196 540 799 473 497 288 494 770 388 138 374 903 912 132 592 936 548 820 737 686 198 786 572 291 476 855 665 516 0 371 158 672 699 174 404 511 656 572 162 759 428 475 648 560 748 460 795 429 762 327 166 521 508 723 950 786 762 713 1011 222 606 727 465 301 507 93 356 763 197 600 824 281 596 548 28 837 776 727 545 203 325 439 692 371 221 744 893 687 507 286 376 665 888 352 681 719 214 930 703 161
509 856 799 210 802 881 654 293 862 239 888 476 599 401 202 687 446 145 415 788 929 657 745 296 471 487 25 234 638 815 866 424 223 875 285 1055 561 642 249 711 488 400 166 694 294 394 371 0 284 822 328 545 52 775 927 232 407 864 58 123 508 489 930 638 778 620 897 676 345 745 687 974 809 1031 557 391 921 358 631 566 709 655 396 281 697 640 395 231 858 526 593 548 365 822 868 414 420 247 460 69 805 365 353 475 718 320 534 127 89 294 713 348 405 470 229 773 722 523
704 1026 976 493 1001 870 657 62 1033 44 1048 703 828 618 476 523 488 398 133 695 932 612 651 346 568 748 307 109 528 970 994 145 505 1013 528 975 764 763 241 854 628 394 429 892 561 554 158 284 0 808 601 309 300 667 814 512 298 886 342 405 686 620 893 598 884 569 896 481 62 671 648 879 997 942 777 668 1079 323 703 760 617 454 548 92 513 813 116 493 931 428 683 634 134 928 899 687 584 245 441 341 819 439 319 728 925 603 600 255 325 569 919 418 660 713 244 970 802 314
587 604 603 863 690 61 168 747 609 803 585 684 724 648 958 446 377 950 866 234 128 199 249 526 396 826 816 716 336 529 458 794 937 498 717 294 620 382 602 453 456 432 768 637 1039 525 672 822 808 0 1045 658 874 276 306 847 512 120 845 828 542 441 120 211 352 243 90 529 835 195 164 276 648 296 679 877 594 494 269 590 255 549 512 716 500 534 869 1003 273 394 321 335 700 365 150 865 523 602 374 878 79 461 499 787 682 989 317 698 748 1012 679 475 775 741 614 667 266 597
554 877 816 182 782 1098 881 619 882 557 920 469 554 443 126 999 678 205 723 1065 1132 915 1025 564 652 383 311 562 932 864 945 745 115 939 336 1311 577 761 557 791 619 672 282 693 46 529 699 328 601 1045 0 873 301 1060 1208 198 718 1056 271 240 580 628 1162 896 894 886 1105 996 657 1013 939 1243 809 1294 541 254 954 651 804 598 989 978 540 609 1015 690 701 112 1001 823 754 722 693 933 1051 285 541 553 728 261 1008 595 646 399 696 72 729 432 344 35 692 586 350 427 535 761 874 849
798 1056 1018 731 1069 715 551 265 1062 341 1065 834 948 750 748 257 476 681 270 476 786 464 438 415 587 922 562 312 324 986 977 194 765 1007 703 744 860 766 349 869 676 375 642 967 839 639 174 545 309 658 873 0 578 438 564 741 232 763 602 647 765 662 709 458 854 424 749 190 285 477 497 641 1050 705 892 876 1090 324 663 845 415 160 628 266 226 866 285 774 859 279 667 624 184 893 785 887 666 354 383 613 698 481 325 893 1008 859 577 454 545 839 1003 465 834 864 369 1037 754 65
548 896 838 213 837 933 706 319 902 256 929 507 628 436 175 732 498 103 425 839 982 709 796 349 522 505 63 267 687 857 911 444 207 919 316 1106 597 689 298 756 535 452 194 730 263 440 404 52 300 874 301 578 0 825 977 240 453 917 63 136 549 536 982 690 826 672 949 717 357 796 739 1025 846 1082 589 400 963 408 682 604 759 695 443 312 740 681 404 196 908 575 643 598 395 870 920 425 465 296 512 43 857 418 403 496 752 305 586 179 136 269 747 401 427 496 279 808 772 560
724 841 826 881 904 316 280 606 846 677 830 805 880 744 951 189 404 918 687 44 387 179 41 495 487 936 778 601 140 763 711 609 944 750 770 310 773 572 526 666 577 387 779 829 1042 608 511 775 667 276 1060 438 825 0 152 875 382 396 814 822 679 559 284 194 593 187 354 273 676 90 181 211 868 275 826 951 845 417 442 747 73 299 593 583 239 719 696 991 540 251 480 464 539 617 425 948 619 528 332 842 345 477 422 898 876 1018 422 648 723 1024 872 480 866 856 545 877 491 388
841 909 904 1028 988 319 382 753 914 826 891 928 992 874 1101 307 542 1070 824 143 378 304 182 645 612 1064 930 752 292 833 765 746 1093 805 910 186 885 665 679 749 696 536 926 924 1191 739 656 927 814 306 1208 564 977 152 0 1020 533 417 966 971 795 679 250 322 656 325 355 382 818 200 290 83 948 144 941 1089 901 569 538 857 219 411 724 731 344 817 835 1142 578 403 583 577 683 672 448 1083 747 680 479 993 386 619 574 1026 971 1164 541 800 874 1172 967 624 998 981 698 963 564 521
375 715 654 31 636 900 684 512 720 468 754 305 413 258 148 832 484 206 645 877 933 723 839 384 453 270 207 443 753 691 764 647 103 763 141 1116 409 569 400 608 423 489 101 536 200 331 572 232 512 847 198 741 240 875 1020 0 556 858 180 108 394 431 965 704 704 696 906 840 574 823 746 1051 654 1101 384 160 788 479 606 425 803 824 342 492 854 514 626 189 808 647 557 524 573 744 853 185 345 395 542 198 809 402 475 267 548 143 531 286 196 167 543 396 201 278 378 610 678 706
565 828 789 553 837 573 369 236 835 300 840 607 718 525 599 281 248 552 358 404 638 314 359 191 356 704 415 220 241 761 761 292 603 787 493 682 627 541 161 643 443 144 455 734 692 408 162 407 298 512 718 232 453 382 533 556 0 597 454 479 532 430 594 300 641 271 601 283 323 374 350 591 819 652 661 673 867 93 450 612 324 269 396 207 298 635 359 634 664 132 446 399 190 682 613 680 434 164 165 476 530 248 95 672 775 689 356 287 374 682 770 233 618 640 183 805 546 175
555 510 518 877 608 100 229 826 515 876 485 656 675 635 981 562 421 983 955 354 81 299 368 577 406 798 856 787 447 438 355 886 954 396 721 364 577 333 665 382 443 496 789 570 1055 527 759 864 886 120 1056 763 917 396 417 858 597 0 880 853 513 431 186 306 265 340 73 645 918 314 266 374 563 378 636 866 491 564 252 546 371 663 516 793 617 477 956 1026 164 490 303 334 787 267 30 849 518 663 444 914 67 499 568 760 613 995 333 746 784 1025 611 517 758 714 674 589 206 700
488 837 778 155 776 903 676 352 843 297 871 445 565 375 147 735 467 105 472 825 948 688 783 326 479 443 39 291 680 800 857 483 165 864 254 1087 536 639 293 701 485 433 132 669 240 388 428 58 342 845 271 602 63 814 966 180 454 880 0 73 492 487 955 669 776 653 916 727 402 779 716 1009 786 1065 527 340 905 397 640 545 746 708 392 339 748 623 451 180 863 568 598 556 422 819 882 365 412 291 492 35 823 384 393 433 690 262 547 167 96 237 685 369 364 433 272 747 727 577
427 776 716 88 709 884 660 408 781 360 812 377 495 312 131 759 452 138 538 829 925 683 788 326 447 369 98 341 692 743 805 542 124 809 187 1082 472 593 318 648 440 435 71 604 219 343 475 123 405 828 240 647 136 822 971 108 479 853 73 0 436 444 942 664 731 652 895 759 467 779 710 1009 722 1063 459 268 845 411 607 483 752 741 350 391 776 565 518 174 824 583 562 523 473 773 853 292 364 314 492 99 799 368 406 360 622 213 520 195 104 204 618 356 291 362 296 681 690 617
46 349 293 421 315 580 413 649 355 653 380 143 202 137 538 724 305 573 808 662 594 499 637 360 198 285 487 579 604 307 371 771 497 373 255 835 98 187 457 214 102 392 365 207 591 133 648 508 686 542 580 765 549 679 795 394 532 513 492 436 0 120 661 484 314 495 575 771 744 600 505 798 310 832 147 359 413 441 273 80 609 770 141 616 768 132 796 582 427 539 220 218 665 352 500 339 103 452 405 526 482 284 440 247 245 511 256 444 419 554 240 300 249 200 447 284 311 706
164 408 362 453 407 485 299 576 414 592 428 249 322 207 563 606 190 581 733 544 509 380 518 277 79 389 473 511 485 349 381 688 531 395 291 729 217 153 381 234 17 286 375 306 631 101 560 489 620 441 628 662 536 559 679 431 430 431 487 444 120 0 561 365 289 375 485 656 674 482 388 686 390 723 267 438 458 343 179 194 489 656 94 541 650 205 724 609 379 423 127 106 580 333 423 424 87 377 291 522 389 188 343 350 349 565 138 399 400 598 344 208 334 304 376 375 247 601
706 696 702 980 791 88 282 831 701 892 672 803 840 769 1073 472 490 1061 938 240 130 282 273 633 515 946 925 807 386 623 541 863 1053 582 836 181 737 496 701 559 576 533 884 746 1155 645 748 930 893 120 1162 709 982 284 250 965 594 186 955 942 661 561 0 298 448 324 114 556 914 232 248 193 747 192 796 998 676 590 388 706 294 581 632 801 523 647 943 1117 349 466 440 455 776 453 215 985 643 701 473 988 184 574 595 907 790 1107 436 804 859 1129 788 587 895 860 715 771 375 652
529 667 646 714 719 272 104 536 673 595 663 611 685 553 796 285 221 775 655 181 338 19 152 343 293 744 636 509 156 591 554 583 782 589 589 418 579 387 403 486 383 238 613 639 882 417 460 638 598 211 896 458 690 194 322 704 300 306 669 664 484 365 298 0 430 33 301 359 623 121 50 347 687 398 631 767 682 292 259 553 125 372 402 506 339 529 657 838 408 184 290 270 488 462 327 761 427 403 178 700 240 301 296 706 686 848 228 511 573 861 681 309 676 663 418 691 326 394
346 252 253 729 343 360 326 833 257 862 237 444 433 451 844 716 400 868 983 559 341 435 555 539 318 579 762 775 586 176 124 927 807 158 563 629 347 137 643 125 291 503 660 311 903 388 795 778 884 352 894 854 826 593 656 704 641 265 776 731 314 289 448 430 0 459 338 788 931 502 418 628 298 640 404 670 252 573 191 318 542 798 383 798 769 232 978 889 124 579 201 250 819 44 240 648 366 640 476 812 272 446 575 544 352 826 287 683 689 867 350 468 560 500 643 324 104 789
540 693 670 705 740 303 134 507 699 567 690 618 697 557 783 257 218 758 623 181 370 43 147 327 300 749 619 482 127 617 583 551 771 617 586 434 591 409 381 509 393 220 603 657 871 420 429 620 569 243 886 424 672 187 325 696 271 340 653 652 495 375 324 33 459 0 333 329 593 127 79 357 709 411 642 765 709 268 282 566 114 341 405 477 310 547 626 824 441 151 310 286 457 491 361 761 432 381 160 683 274 294 273 711 704 840 241 492 558 850 699 299 678 668 397 712 354 360
618 583 591 924 681 38 245 835 587 890 557 718 744 692 1024 531 451 1021 956 311 37 290 332 604 452 861 890 801 426 511 427 884 999 468 772 291 644 400 685 453 499 514 832 641 1101 578 762 897 896 90 1105 749 949 354 355 906 601 73 916 895 575 485 114 301 338 333 0 616 924 281 255 306 636 307 703 923 562 579 307 613 342 637 566 803 586 546 959 1069 234 484 360 384 790 340 100 908 571 684 458 950 96 532 583 822 685 1046 376 775 820 1073 682 549 817 776 696 662 274 687
811 1015 987 836 1051 579 463 428 1022 506 1016 868 969 791 874 85 466 819 459 316 651 358 285 468 576 977 688 455 203 941 912 382 883 946 773 565 870 726 441 829 672 388 738 958 968 663 327 676 481 529 996 190 717 273 382 840 283 645 727 759 771 656 556 359 788 329 616 0 469 335 384 461 1024 525 912 955 1037 368 606 850 274 29 649 418 37 850 473 907 766 232 624 590 348 821 671 960 684 445 365 746 584 502 371 943 1003 971 542 564 654 961 998 493 893 907 463 1021 683 167
763 1081 1032 554 1059 896 690 98 1087 106 1102 764 889 679 533 519 532 452 71 706 961 637 663 397 618 811 369 164 540 1023 1043 99 564 1064 591 985 823 813 292 906 682 433 492 950 616 611 166 345 62 835 657 285 357 676 818 574 323 918 402 467 744 674 914 623 931 593 924 469 0 687 672 887 1054 951 838 730 1132 362 747 819 631 440 605 133 502 869 53 547 972 447 730 681 137 974 933 750 641 296 477 400 852 489 359 791 984 662 645 317 388 626 978 468 723 775 298 1028 846 304
645 751 737 832 815 244 193 609 756 675 740 730 799 674 910 250 342 885 708 62 316 103 54 454 413 865 745 593 153 673 621 632 899 659 711 311 692 485 502 577 499 346 731 742 999 539 521 745 671 195 1013 477 796 90 200 823 374 314 779 779 600 482 232 121 502 127 281 335 687 0 95 230 779 285 746 888 755 389 355 665 62 356 524 582 305 633 714 952 452 242 394 382 549 527 342 883 547 503 287 809 259 421 394 826 789 967 343 617 685 978 785 427 798 783 519 789 401 420
551 662 646 757 722 224 99 586 668 645 654 637 704 584 841 305 261 822 702 157 292 35 140 391 321 774 685 559 182 585 539 630 826 576 627 372 597 391 454 486 406 287 657 648 927 450 508 687 648 164 939 497 739 181 290 746 350 266 716 710 505 388 248 50 418 79 255 384 672 95 0 307 687 354 652 802 671 342 261 570 124 400 435 556 360 538 705 884 382 229 300 288 537 446 290 795 456 454 227 748 202 344 347 735 695 890 250 560 620 905 691 353 709 691 468 696 314 434
844 880 880 1061 966 274 387 817 884 888 858 936 989 888 1141 384 567 1114 897 187 323 328 231 684 625 1075 975 811 351 804 729 818 1129 769 935 104 883 653 728 730 703 576 960 911 1228 755 723 974 879 276 1243 641 1025 211 83 1051 591 374 1009 1009 798 686 193 347 628 357 306 461 887 230 307 0 924 64 941 1109 865 616 531 854 267 490 740 794 424 806 906 1182 538 458 580 581 750 638 404 1101 760 730 517 1038 355 648 621 1036 957 1195 550 846 915 1208 953 656 1013 990 746 944 542 595
300 81 44 685 49 658 589 958 83 964 129 349 256 410 801 963 574 853 1117 839 636 696 828 663 463 432 787 889 834 128 231 1076 754 198 534 927 249 300 764 201 378 675 654 118 832 443 950 809 997 648 809 1050 846 868 948 654 819 563 786 722 310 390 747 687 298 709 636 1024 1054 779 687 924 0 938 270 555 157 733 428 243 809 1029 449 924 1013 186 1106 841 409 797 401 434 969 299 536 526 413 760 671 818 569 578 734 410 115 736 483 754 723 792 118 598 460 382 756 51 384 988
877 889 893 1111 982 280 426 880 893 951 864 972 1019 928 1194 448 616 1170 961 248 317 379 292 739 666 1112 1031 872 413 815 734 883 1181 775 980 43 914 678 787 748 740 631 1011 933 1281 797 786 1031 942 296 1294 705 1082 275 144 1101 652 378 1065 1063 832 723 192 398 640 411 307 525 951 285 354 64 938 0 972 1152 869 675 561 884 327 554 783 856 487 830 970 1236 541 519 611 617 814 646 407 1142 800 788 572 1094 371 698 679 1073 978 1244 589 903 970 1259 975 707 1054 1027 804 961 562 659
102 336 275 415 251 712 558 748 341 739 379 81 56 159 532 868 448 587 906 809 717 646 784 478 344 179 533 675 750 327 419 877 483 407 273 973 59 303 565 281 249 527 394 153 563 253 762 557 777 679 541 892 589 826 941 384 661 636 527 459 147 267 796 631 404 642 703 912 838 746 652 941 270 972 0 291 413 568 411 90 756 909 265 717 910 172 891 571 527 681 361 364 776 433 619 263 228 560 547 557 613 414 567 149 164 469 403 523 476 522 159 428 191 113 551 225 430 836
324 626 565 187 528 923 725 662 631 623 670 228 300 231 278 935 547 355 801 946 945 785 912 486 485 129 366 590 842 618 706 798 226 696 183 1162 334 546 527 557 424 580 240 442 283 354 713 391 668 877 254 876 400 951 1089 160 673 866 340 268 359 438 998 767 670 765 923 955 730 888 802 1109 555 1152 291 0 703 587 616 359 878 943 368 639 964 451 782 308 786 745 563 542 717 705 855 31 354 522 625 358 827 476 583 145 442 182 563 428 344 242 438 477 110 178 507 507 669 835
417 78 138 818 201 591 578 1034 75 1050 33 486 408 534 936 967 619 981 1191 810 554 687 807 735 517 584 901 969 837 109 136 1142 891 96 659 851 379 326 840 226 451 723 775 262 975 534 1011 921 1079 594 954 1090 963 845 901 788 867 491 905 845 413 458 676 682 252 709 562 1037 1132 755 671 865 157 869 413 703 0 789 431 364 795 1046 536 999 1020 281 1182 978 327 821 423 467 1033 230 461 675 505 835 707 939 515 643 791 559 271 882 512 850 833 935 273 665 603 527 835 208 356 1026
473 747 705 479 749 556 336 265 753 311 761 513 625 431 537 352 173 501 410 430 615 309 387 100 273 612 361 222 282 682 689 354 535 714 404 700 535 464 112 564 356 71 378 645 629 315 222 358 323 494 651 324 408 417 569 479 93 564 397 411 441 343 590 292 573 268 579 368 362 389 342 616 733 675 568 587 789 0 386 521 350 357 304 231 378 548 406 575 610 171 374 325 246 616 576 592 342 113 120 424 498 157 4 580 685 616 286 231 309 615 680 140 527 547 129 717 484 268
318 410 387 626 461 308 162 649 416 684 409 415 458 385 732 539 215 740 797 416 330 268 401 365 161 558 619 596 409 334 313 738 703 344 468 562 353 129 465 227 192 315 541 388 804 275 606 631 703 269 804 663 682 442 538 606 450 252 640 607 273 179 388 259 191 282 307 606 747 355 261 531 428 561 411 616 431 386 0 323 381 614 264 614 591 279 792 778 230 390 53 84 631 231 247 601 265 462 284 675 211 275 389 519 434 743 103 523 547 773 431 295 510 472 468 434 98 598
57 293 233 454 241 622 474 725 298 725 330 131 135 171 573 801 383 617 884 727 627 567 705 439 274 261 544 654 679 266 347 849 528 341 295 884 30 213 535 199 177 472 414 131 615 211 727 566 760 590 598 845 604 747 857 425 612 546 545 483 80 194 706 553 318 566 613 850 819 665 570 854 243 884 90 359 364 521 323 0 678 849 220 692 845 92 872 615 439 617 274 282 744 349 530 334 181 530 484 578 523 364 521 226 166 527 325 513 480 576 161 380 251 183 524 210 340 786
654 786 768 809 843 306 220 555 792 624 778 733 810 672 881 190 331 850 649 80 378 113 36 425 415 864 711 544 93 709 664 573 873 701 697 358 704 511 462 608 507 316 707 764 971 535 465 709 617 255 989 415 759 73 219 803 324 371 746 752 609 489 294 125 542 114 342 274 631 62 124 267 809 327 756 878 795 350 381 678 0 294 520 530 245 654 656 922 502 191 415 396 493 570 398 875 547 463 260 774 313 403 355 826 811 946 353 581 654 953 807 407 792 783 480 815 439 358
809 1022 993 820 1054 601 476 402 1028 480 1024 863 966 784 855 109 465 798 430 341 673 373 308 458 576 968 668 431 218 948 922 353 865 956 761 594 868 732 424 835 672 382 723 960 948 658 301 655 454 549 978 160 695 299 411 824 269 663 708 741 770 656 581 372 798 341 637 29 440 356 400 490 1029 554 909 943 1046 357 614 849 294 0 645 393 67 853 444 886 781 232 630 594 321 832 689 949 681 429 364 725 602 497 360 935 1004 954 546 546 636 942 999 486 884 901 446 1024 694 140
169 479 427 362 456 562 357 509 485 517 504 220 322 151 470 610 192 486 668 584 592 420 552 219 117 343 379 440 499 427 470 630 439 481 205 793 232 246 316 317 92 262 281 348 540 14 507 396 548 512 540 628 443 593 724 342 396 516 392 350 141 94 632 402 383 405 566 649 605 524 435 740 449 783 265 368 536 304 264 220 520 645 0 475 649 264 657 516 474 419 215 182 524 427 511 360 38 311 286 428 469 149 303 306 386 479 195 314 307 509 380 163 274 265 307 424 340 571
637 949 901 478 931 777 564 35 956 94 969 646 770 561 483 450 399 415 192 608 840 521 564 264 484 707 300 49 442 890 909 162 504 930 484 888 699 679 160 773 550 302 399 823 574 482 93 281 92 716 609 266 312 583 731 492 207 793 339 391 616 541 801 506 798 477 803 418 133 582 556 794 924 856 717 639 999 231 614 692 530 393 475 0 446 738 182 508 841 339 596 547 83 841 807 656 512 164 349 348 727 356 228 683 858 600 512 211 296 575 853 335 618 663 168 900 713 254
