29
0 592 302 601 155 463 161 423 299 550 535 383 59 390 456 297 641 589 517 558 118 442 53 364 294 153 48 478 51
592 0 797 1171 531 185 742 943 311 501 977 438 551 759 1010 829 1218 893 75 953 476 302 555 645 572 549 549 360 592
302 797 0 395 269 627 324 566 560 533 234 422 295 165 227 63 449 338 722 267 392 548 296 653 257 252 344 544 261
601 1171 395 0 642 1011 505 577 899 920 376 817 627 521 168 348 57 595 1096 455 717 941 625 848 652 625 649 940 585
155 531 269 642 0 370 303 574 297 396 477 233 99 287 479 297 691 477 455 478 160 317 105 495 145 17 159 339 112
463 185 627 1011 370 0 623 857 247 334 796 253 413 577 846 664 1061 708 124 770 359 121 417 616 391 387 427 187 451
161 742 324 505 303 623 0 275 436 698 546 536 218 462 390 287 535 656 668 590 266 604 212 355 422 295 195 637 191
423 943 566 577 574 857 275 0 634 971 759 806 482 721 537 514 581 905 877 817 501 859 476 367 697 568 442 900 462
299 311 560 899 297 247 436 634 0 509 775 359 273 579 747 575 940 756 243 774 181 308 275 368 404 313 252 375 314
550 501 533 920 396 334 698 971 509 0 607 169 491 404 755 591 976 448 456 554 505 217 497 841 290 403 541 147 509
535 977 234 376 477 796 546 759 775 607 0 555 523 219 258 259 431 219 905 79 618 695 525 886 404 461 576 670 492
383 438 422 817 233 253 536 806 359 169 555 0 324 336 649 472 871 454 375 522 336 141 330 674 165 242 372 122 345
59 551 295 627 99 413 218 482 273 491 523 324 0 359 473 303 670 556 476 537 97 385 6 402 242 100 63 419 41
390 759 165 521 287 577 462 721 579 404 219 336 359 0 360 228 577 199 689 197 444 476 363 755 187 274 420 452 340
456 1010 227 168 479 846 390 537 747 755 258 649 473 360 0 182 222 463 934 334 567 774 472 745 484 461 504 771 433
297 829 63 348 297 664 287 514 575 591 259 472 303 228 182 0 400 393 753 306 400 593 303 631 309 280 343 594 265
641 1218 449 57 691 1061 535 581 940 976 431 871 670 577 222 400 0 651 1142 511 758 993 668 871 706 673 689 993 629
589 893 338 595 477 708 656 905 756 448 219 454 556 199 463 393 651 0 829 141 637 592 560 954 351 466 618 548 539
517 75 722 1096 455 124 668 877 243 456 905 375 476 689 934 753 1142 829 0 884 402 246 479 592 501 473 475 310 517
558 953 267 455 478 770 590 817 774 554 79 522 537 197 334 306 511 141 884 0 629 663 540 917 384 464 594 631 511
118 476 392 717 160 359 266 501 181 505 618 336 97 444 567 400 758 637 402 629 0 360 96 344 301 170 72 408 135
442 302 548 941 317 121 604 859 308 217 695 141 385 476 774 593 993 592 246 663 360 0 391 666 297 332 417 70 417
53 555 296 625 105 417 212 476 275 497 525 330 6 363 472 303 668 560 479 540 96 391 0 397 248 106 57 425 39
364 645 653 848 495 616 355 367 368 841 886 674 402 755 745 631 871 954 592 917 344 666 397 0 640 500 339 726 415
294 572 257 652 145 391 422 697 404 290 404 165 242 187 484 309 706 351 501 384 301 297 248 640 0 142 304 287 245
153 549 252 625 17 387 295 568 313 403 461 242 100 274 461 280 673 466 473 464 170 332 106 500 142 0 162 352 107
48 549 344 649 159 427 195 442 252 541 576 372 63 420 504 343 689 618 475 594 72 417 57 339 304 162 0 458 83
478 360 544 940 339 187 637 900 375 147 670 122 419 452 771 594 993 548 310 631 408 70 425 726 287 352 458 0 447
51 592 261 585 112 451 191 462 314 509 492 345 41 340 433 265 629 539 517 511 135 417 39 415 245 107 83 447 0
