35
0 474 537 222 633 374 358 423 566 183 609 436 549 447 604 149 169 725 343 607 472 561 419 630 257 379 628 613 412 397 283 443 525 573 538
474 0 658 664 409 743 165 201 151 639 889 678 450 887 410 414 441 1031 774 750 382 920 432 645 651 170 816 872 222 831 687 415 752 670 81
537 658 0 473 1021 894 501 771 809 502 292 163 275 554 379 656 688 429 476 92 910 414 226 146 779 711 163 259 438 861 403 905 153 40 657
222 664 473 0 855 454 521 642 775 48 439 324 595 227 678 365 377 533 121 515 692 354 457 602 353 595 507 455 543 392 86 659 399 514 717
633 409 1021 855 0 686 529 249 286 814 1200 996 852 1077 819 493 491 1332 977 1112 175 1185 805 1036 653 309 1164 1193 614 829 913 226 1081 1041 465
374 743 894 454 686 0 684 596 771 411 892 766 922 580 970 336 304 974 536 953 516 787 794 1000 117 588 956 909 759 157 541 461 848 933 822
358 165 501 521 529 684 0 284 311 502 724 513 329 737 324 348 382 866 623 594 451 757 278 506 578 227 655 707 94 745 533 465 588 517 198
423 201 771 642 249 596 284 0 175 606 956 750 612 869 592 309 322 1092 762 862 181 953 557 790 525 59 915 947 374 710 689 214 834 792 279
566 151 809 775 286 771 311 175 0 744 1033 822 599 1001 550 472 490 1174 890 902 319 1055 583 796 697 192 966 1018 374 882 808 367 899 822 184
183 639 502 48 814 411 502 606 744 0 485 360 604 264 682 322 332 581 164 550 649 402 466 626 307 560 547 499 532 359 132 615 439 543 696
609 889 292 439 1200 892 724 956 1033 485 0 210 564 385 669 755 778 144 366 239 1061 165 483 422 792 898 165 41 684 810 352 1041 145 314 905
436 678 163 324 996 766 513 750 822 360 210 0 388 390 492 573 601 353 313 190 864 277 284 308 656 691 193 197 476 717 247 849 89 203 696
549 450 275 595 852 922 329 612 599 604 564 388 0 750 105 615 651 704 648 355 780 665 138 203 806 556 435 533 238 936 557 791 419 266 425
447 887 554 227 1077 580 737 869 1001 264 385 390 750 0 845 584 590 418 113 558 910 233 620 699 509 822 517 418 747 462 206 873 426 592 935
604 410 379 678 819 970 324 592 550 682 669 492 105 845 0 647 684 809 741 457 769 770 225 291 856 542 538 638 230 999 648 787 525 368 367
149 414 656 365 493 336 348 309 472 322 755 573 615 584 647 0 36 874 486 734 327 710 501 731 237 279 763 758 427 417 432 294 663 689 490
169 441 688 377 491 304 382 322 490 332 778 601 651 590 684 36 0 894 497 765 320 726 537 765 210 298 792 782 463 393 448 283 690 722 519
725 1031 429 533 1332 974 866 1092 1174 581 144 353 704 418 809 874 894 0 438 363 1188 188 627 549 883 1034 281 171 828 874 451 1165 289 446 1049
343 774 476 121 977 536 623 762 890 164 366 313 648 113 741 486 497 438 0 496 813 251 515 617 447 714 469 391 634 443 94 780 367 516 822
607 750 92 515 1112 953 594 862 902 550 239 190 355 558 457 734 765 363 496 0 998 385 318 186 840 802 82 200 530 907 437 991 132 89 748
472 382 910 692 175 516 451 181 319 649 1061 864 780 910 769 327 320 1188 813 998 0 1032 709 946 478 227 1042 1058 544 655 756 56 952 936 457
561 920 414 354 1185 787 757 953 1055 402 165 277 665 233 770 710 726 188 251 385 1032 0 559 557 698 898 323 204 737 685 278 1004 262 446 950
419 432 226 457 805 794 278 557 583 466 483 284 138 620 225 501 537 627 515 318 709 559 0 238 677 497 386 459 211 801 423 712 338 239 432
630 645 146 602 1036 1000 506 790 796 626 422 308 203 699 291 731 765 549 617 186 946 557 238 0 883 731 267 384 424 982 539 950 295 111 625
257 651 779 353 653 117 578 525 697 307 792 656 806 509 856 237 210 883 447 840 478 698 677 883 0 507 847 807 649 185 439 427 740 818 728
379 170 711 595 309 588 227 59 192 560 898 691 556 822 542 279 298 1034 714 802 227 898 497 731 507 0 855 888 319 691 638 250 775 732 252
628 816 163 507 1164 956 655 915 966 547 165 193 435 517 538 763 792 281 469 82 1042 323 386 267 847 855 0 124 598 898 424 1031 108 170 818
613 872 259 455 1193 909 707 947 1018 499 41 197 533 418 638 758 782 171 391 200 1058 204 459 384 807 888 124 0 663 833 368 1040 120 278 885
412 222 438 543 614 759 94 374 374 532 684 476 238 747 230 427 463 828 634 530 544 737 211 424 649 319 598 663 0 807 540 559 542 448 222
397 831 861 392 829 157 745 710 882 359 810 717 936 462 999 417 393 874 443 907 655 685 801 982 185 691 898 833 807 0 473 602 790 902 906
283 687 403 86 913 541 533 689 808 132 352 247 557 206 648 432 448 451 94 437 756 278 423 539 439 638 424 368 540 473 0 726 316 444 732
443 415 905 659 226 461 465 214 367 615 1041 849 791 873 787 294 283 1165 780 991 56 1004 712 950 427 250 1031 1040 559 602 726 0 938 932 493
525 752 153 399 1081 848 588 834 899 439 145 89 419 426 525 663 690 289 367 132 952 262 338 295 740 775 108 120 542 790 316 938 0 183 764
573 670 40 514 1041 933 517 792 822 543 314 203 266 592 368 689 722 446 516 89 936 446 239 111 818 732 170 278 448 902 444 932 183 0 664
538 81 657 717 465 822 198 279 184 696 905 696 425 935 367 490 519 1049 822 748 457 950 432 625 728 252 818 885 222 906 732 493 764 664 0
