21
0 321 205 839 218 583 891 419 628 578 675 612 986 684 432 558 700 512 714 368 730
321 0 468 658 216 302 698 512 730 269 583 535 742 420 122 237 413 635 405 258 438
205 468 0 822 278 760 878 286 459 738 614 551 1007 869 553 688 776 342 873 570 903
839 658 822 0 622 806 58 585 637 715 242 293 240 908 564 579 370 649 761 913 848
218 216 278 622 0 518 673 304 526 480 472 412 770 636 278 413 504 425 611 412 652
583 302 760 806 518 0 827 809 1023 91 810 777 799 121 288 226 455 934 159 285 147
891 698 878 58 673 827 0 643 692 736 299 351 191 925 598 601 381 706 772 950 860
419 512 286 585 304 809 643 0 222 756 353 294 800 930 536 660 654 124 878 713 932
628 730 459 637 526 1023 692 222 0 964 397 363 874 1144 742 857 809 117 1079 935 1139
578 269 738 715 480 91 736 756 964 0 729 700 708 197 222 137 363 881 136 331 175
675 583 614 242 472 810 299 353 397 729 0 64 476 926 528 597 465 407 813 838 890
612 535 551 293 412 777 351 294 363 700 64 0 519 896 491 571 464 358 792 788 866
986 742 1007 240 770 799 191 800 874 708 476 519 0 879 626 586 349 877 710 974 798
684 420 869 908 636 121 925 930 1144 197 926 896 879 0 409 334 546 1054 177 349 102
432 122 553 564 278 288 598 536 742 222 528 491 626 409 0 134 291 661 342 352 397
558 237 688 579 413 226 601 660 857 137 597 571 586 334 134 0 237 783 223 402 294
700 413 776 370 504 455 381 654 809 363 465 464 349 546 291 237 0 764 391 629 479
512 635 342 649 425 934 706 124 117 881 407 358 877 1054 661 783 764 0 1002 828 1057
714 405 873 761 611 159 772 878 1079 136 813 792 710 177 342 223 391 1002 0 443 88
368 258 570 913 412 285 950 713 935 331 838 788 974 349 352 402 629 828 443 0 423
730 438 903 848 652 147 860 932 1139 175 890 866 798 102 397 294 479 1057 88 423 0
