55
0 503 614 689 758 610 123 267 301 378 559 359 146 504 275 712 254 550 340 345 274 861 742 141 630 162 584 220 57 555 711 545 584 366 461 341 501 79 483 484 119 732 281 364 489 725 390 419 104 503 604 485 213 312 291
503 0 339 603 254 670 510 351 736 248 437 194 642 456 709 215 314 653 272 645 240 370 311 605 527 616 374 527 471 551 235 412 600 317 390 706 532 424 446 548 539 228 221 654 637 621 411 507 489 666 700 495 537 815 269
614 339 0 290 423 983 549 351 908 550 161 478 758 225 696 336 360 955 556 880 374 572 608 648 861 648 68 741 615 870 505 145 919 252 201 917 313 556 763 851 579 391 415 893 925 298 707 799 657 952 1006 282 518 879 328
689 603 290 0 713 1186 583 439 988 768 169 695 809 190 650 625 476 1146 762 1013 539 862 893 660 1096 650 234 873 713 1085 792 194 1130 364 251 1027 197 660 979 1048 606 681 598 1030 1103 38 907 989 766 1126 1200 204 512 872 472
758 254 423 713 0 821 761 587 980 460 573 428 896 618 956 87 558 822 494 869 493 149 239 858 635 868 485 764 725 698 137 551 746 529 565 939 706 679 608 722 791 33 476 875 823 718 605 697 740 853 860 670 779 1070 511
610 670 983 1186 821 0 727 762 515 433 1021 504 618 999 872 842 718 66 428 326 646 821 631 742 209 763 994 395 556 122 693 998 75 823 935 404 1036 582 224 138 729 818 588 311 135 1215 279 201 506 141 47 1008 815 784 714
123 510 549 583 761 727 0 200 406 445 468 407 226 406 202 703 210 669 410 468 270 880 783 100 729 107 509 341 171 664 736 458 696 297 373 459 390 150 583 597 30 732 302 487 609 621 490 532 224 624 723 379 90 331 256
267 351 351 439 587 762 200 0 568 382 294 319 407 249 374 520 48 716 362 574 140 717 652 300 708 304 317 433 279 673 586 279 714 100 197 593 273 223 574 624 231 555 200 591 669 473 490 562 329 691 772 246 193 532 83
301 736 908 988 980 515 406 568 0 531 860 552 186 805 444 952 549 448 493 191 545 1055 900 351 633 369 883 221 293 525 901 846 528 665 762 112 796 351 510 441 387 960 527 204 380 1025 440 399 255 375 486 783 487 283 580
378 248 550 768 460 433 445 382 531 0 599 73 487 589 642 450 333 408 40 409 244 523 374 513 331 531 564 311 327 321 369 575 369 414 521 480 641 306 214 303 464 444 182 416 389 794 162 259 318 417 458 608 509 677 312
559 437 161 169 573 1021 468 294 860 599 0 526 691 74 580 486 323 983 594 866 376 722 734 558 927 553 92 724 574 917 638 24 963 205 97 888 156 518 811 883 495 539 432 882 943 195 741 825 624 967 1037 129 415 784 312
359 194 478 695 428 504 407 319 552 73 526 0 482 517 608 406 271 477 80 451 179 510 383 485 402 501 491 337 314 394 357 502 441 344 449 514 572 281 287 372 429 408 119 460 453 721 229 324 318 481 528 538 462 668 245
146 642 758 809 896 618 226 407 186 487 691 482 0 632 268 854 399 552 446 305 419 992 860 164 684 182 724 232 171 591 839 679 609 507 595 265 615 219 542 510 203 871 421 324 485 847 454 453 169 490 601 605 302 192 437
504 456 225 190 618 999 406 249 805 589 74 517 632 0 508 534 286 958 579 824 353 766 762 492 920 486 158 683 525 901 671 80 945 176 68 840 89 471 797 861 432 585 413 840 914 224 721 801 577 937 1012 57 346 715 285
275 709 696 650 956 872 202 374 444 642 580 608 268 508 0 894 398 809 605 572 469 1079 986 134 906 113 643 476 333 828 937 578 853 457 499 533 457 337 759 753 178 926 505 591 743 688 666 690 372 752 860 463 182 230 445
712 215 336 625 87 842 703 520 952 450 486 406 854 534 894 0 495 835 479 856 440 236 305 802 668 811 398 742 684 719 197 465 768 454 483 920 622 634 621 732 733 56 433 864 830 631 605 701 704 859 877 586 714 1020 448
254 314 360 476 558 718 210 48 549 333 323 271 399 286 398 495 0 673 314 542 92 684 611 311 660 317 334 401 256 626 548 305 668 119 228 566 318 198 527 580 241 527 152 558 628 509 444 518 303 650 729 289 222 538 46
550 653 955 1146 822 66 669 716 448 408 983 477 552 958 809 835 673 0 398 259 606 833 645 680 242 702 962 333 498 134 698 961 102 782 894 337 990 528 214 105 670 816 551 244 69 1176 248 157 446 76 55 963 758 717 673
340 272 556 762 494 428 410 362 493 40 594 80 446 579 605 479 314 398 0 377 228 562 415 476 346 494 566 272 287 322 408 572 368 403 513 445 627 268 217 294 428 477 166 384 372 790 150 243 277 400 450 595 478 637 298
345 645 880 1013 869 326 468 574 191 409 866 451 305 824 572 856 542 259 377 0 505 923 753 452 447 473 868 141 305 336 772 847 336 661 769 88 835 354 333 252 460 853 468 19 190 1048 280 218 250 189 301 815 558 459 558
274 240 374 539 493 646 270 140 545 244 376 179 419 353 469 440 92 606 228 505 0 610 524 365 574 375 365 367 255 548 468 355 592 176 288 543 398 200 445 508 298 464 62 519 567 569 367 449 290 591 661 367 303 580 69
861 370 572 862 149 821 880 717 1055 523 722 510 992 766 1079 236 684 833 562 923 610 0 190 972 619 984 634 834 822 702 154 700 746 668 711 1000 853 782 626 742 908 182 582 926 847 866 646 730 828 876 864 816 906 1174 638
742 311 608 893 239 631 783 652 900 374 734 383 860 762 986 305 611 645 415 753 524 190 0 867 428 882 659 679 695 513 108 710 556 628 699 834 842 664 443 557 808 255 481 755 663 905 473 551 692 691 674 804 827 1049 569
141 605 648 660 858 742 100 300 351 513 558 485 164 492 134 802 311 680 476 452 365 972 867 0 771 21 604 346 199 694 826 549 720 397 466 425 463 207 625 620 70 829 390 471 615 698 531 557 239 626 732 458 147 231 356
630 527 861 1096 635 209 729 708 633 331 927 402 684 920 906 668 660 242 346 447 574 619 428 771 0 792 884 452 572 115 501 903 141 745 852 534 972 579 146 195 740 637 511 438 286 1121 240 236 535 308 256 939 808 870 643
162 616 648 650 868 763 107 304 369 531 553 501 182 486 113 811 317 702 494 473 375 984 882 21 792 0 602 368 220 716 839 546 742 398 462 445 453 225 646 642 77 839 404 493 637 688 552 578 260 648 754 450 139 232 363
584 374 68 234 485 994 509 317 883 564 92 491 724 158 643 398 334 962 566 868 365 634 659 604 884 602 0 728 590 885 558 77 933 217 143 899 246 533 778 859 538 452 413 883 928 248 715 805 637 953 1015 215 468 835 310
220 527 741 873 764 395 341 433 221 311 724 337 232 683 476 742 401 333 272 141 367 834 679 346 452 368 728 0 172 359 680 706 379 520 628 180 697 216 313 279 339 745 334 157 270 907 230 220 117 283 386 675 432 418 418
57 471 615 713 725 556 171 279 293 327 574 314 171 525 333 684 256 498 287 305 255 822 695 199 572 220 590 172 0 498 670 558 527 374 476 314 530 58 426 428 173 700 250 323 438 748 332 363 55 453 552 512 261 353 286
555 551 870 1085 698 122 664 673 525 321 917 394 591 901 828 719 626 134 322 336 548 702 513 694 115 716 885 359 498 0 571 894 49 724 835 423 944 514 107 84 671 695 487 326 171 1112 182 139 455 194 162 914 748 772 617
711 235 505 792 137 693 736 586 901 369 638 357 839 671 937 197 548 698 408 772 468 154 108 826 501 839 558 680 670 571 0 614 618 549 610 847 753 631 487 602 763 149 435 776 706 803 497 585 675 735 733 716 769 1022 504
545 412 145 194 551 998 458 279 846 575 24 502 679 80 578 465 305 961 572 847 355 700 710 549 903 546 77 706 558 894 614 0 940 186 84 871 168 501 788 861 486 518 410 863 922 218 718 803 607 946 1015 138 408 778 292
584 600 919 1130 746 75 696 714 528 369 963 441 609 945 853 768 668 102 368 336 592 746 556 720 141 742 933 379 527 49 618 940 0 768 880 421 986 548 155 100 701 743 532 324 155 1158 224 164 481 173 118 957 781 785 660
366 317 252 364 529 823 297 100 665 414 205 344 507 176 457 454 119 782 403 661 176 668 628 397 745 398 217 520 374 724 549 186 768 0 112 685 229 317 621 685 328 496 237 676 740 394 544 625 422 763 837 194 275 628 108
461 390 201 251 565 935 373 197 762 521 97 449 595 68 499 483 228 894 513 769 288 711 699 466 852 462 143 628 476 835 610 84 880 112 0 790 143 420 730 797 401 531 347 786 852 282 656 737 526 876 949 106 326 695 221
341 706 917 1027 939 404 459 593 112 480 888 514 265 840 533 920 566 337 445 88 543 1000 834 425 534 445 899 180 314 423 847 871 421 685 790 0 842 370 421 340 446 921 514 97 270 1063 363 306 263 263 374 825 547 393 589
501 532 313 197 706 1036 390 273 796 641 156 572 615 89 457 622 318 990 627 835 398 853 842 463 972 453 246 697 530 944 753 168 986 229 143 842 0 481 843 898 411 672 460 853 941 235 762 835 585 962 1045 37 316 676 329
79 424 556 660 679 582 150 223 351 306 518 281 219 471 337 634 198 528 268 354 200 782 664 207 579 225 533 216 58 514 631 501 548 317 420 370 481 0 433 450 163 653 202 372 472 695 339 384 106 489 583 460 233 392 228
483 446 763 979 608 224 583 574 510 214 811 287 542 797 759 621 527 214 217 333 445 626 443 625 146 646 778 313 426 107 487 788 155 621 730 421 843 433 0 115 594 601 384 329 220 1006 93 115 389 249 256 812 663 731 514
484 548 851 1048 722 138 597 624 441 303 883 372 510 861 753 732 580 105 294 252 508 742 557 620 195 642 859 279 428 84 602 861 100 685 797 340 898 450 115 0 601 714 451 243 106 1078 144 65 381 134 155 869 683 689 576
119 539 579 606 791 729 30 231 387 464 495 429 203 432 178 733 241 670 428 460 298 908 808 70 740 77 538 339 173 671 763 486 701 328 401 446 411 163 594 601 0 761 328 479 609 644 500 537 223 622 724 403 101 300 287
732 228 391 681 33 818 732 555 960 444 539 408 871 585 926 56 527 816 477 853 464 182 255 829 637 839 452 745 700 695 149 518 743 496 531 921 672 653 601 714 761 0 450 860 814 687 594 687 716 844 855 636 748 1043 480
281 221 415 598 476 588 302 200 527 182 432 119 421 413 505 433 152 551 166 468 62 582 481 390 511 404 413 334 250 487 435 410 532 237 347 514 460 202 384 451 328 450 0 480 514 627 308 393 274 540 604 428 348 593 131
364 654 893 1030 875 311 487 591 204 416 882 460 324 840 591 864 558 244 384 19 519 926 755 471 438 493 883 157 323 326 776 863 324 676 786 97 853 372 329 243 479 860 480 0 175 1065 281 214 268 172 285 832 577 476 574
489 637 925 1103 823 135 609 669 380 389 943 453 485 914 743 830 628 69 372 190 567 847 663 615 286 637 928 270 438 171 706 922 155 740 852 270 941 472 220 106 609 814 514 175 0 1135 226 130 385 29 116 916 699 648 631
725 621 298 38 718 1215 621 473 1025 794 195 721 847 224 688 631 509 1176 790 1048 569 866 905 698 1121 688 248 907 748 1112 803 218 1158 394 282 1063 235 695 1006 1078 644 687 627 1065 1135 0 935 1019 801 1158 1231 241 550 910 503
390 411 707 907 605 279 490 490 440 162 741 229 454 721 666 605 444 248 150 280 367 646 473 531 240 552 715 230 332 182 497 718 224 544 656 363 762 339 93 144 500 594 308 281 226 935 0 96 297 255 299 732 571 645 436
419 507 799 989 697 201 532 562 399 259 825 324 453 801 690 701 518 157 243 218 449 730 551 557 236 578 805 220 363 139 585 803 164 625 737 306 835 384 115 65 537 687 393 214 130 1019 96 0 318 158 211 807 618 636 516
104 489 657 766 740 506 224 329 255 318 624 318 169 577 372 704 303 446 277 250 290 828 692 239 535 260 637 117 55 455 675 607 481 422 526 263 585 106 389 381 223 716 274 268 385 801 297 318 0 399 500 565 315 360 329
503 666 952 1126 853 141 624 691 375 417 967 481 490 937 752 859 650 76 400 189 591 876 691 626 308 648 953 283 453 194 735 946 173 763 876 263 962 489 249 134 622 844 540 172 29 1158 255 158 399 0 112 937 714 648 655
604 700 1006 1200 860 47 723 772 486 458 1037 528 601 1012 860 877 729 55 450 301 661 864 674 732 256 754 1015 386 552 162 733 1015 118 837 949 374 1045 583 256 155 724 855 604 285 116 1231 299 211 500 112 0 1018 813 761 728
485 495 282 204 670 1008 379 246 783 608 129 538 605 57 463 586 289 963 595 815 367 816 804 458 939 450 215 675 512 914 716 138 957 194 106 825 37 460 812 869 403 636 428 832 916 241 732 807 565 937 1018 0 311 676 297
213 537 518 512 779 815 90 193 487 509 415 462 302 346 182 714 222 758 478 558 303 906 827 147 808 139 468 432 261 748 769 408 781 275 326 547 316 233 663 683 101 748 348 577 699 550 571 618 315 714 813 311 0 369 268
312 815 879 872 1070 784 331 532 283 677 784 668 192 715 230 1020 538 717 637 459 580 1174 1049 231 870 232 835 418 353 772 1022 778 785 628 695 393 676 392 731 689 300 1043 593 476 648 910 645 636 360 648 761 676 369 0 582
291 269 328 472 511 714 256 83 580 312 312 245 437 285 445 448 46 673 298 558 69 638 569 356 643 363 310 418 286 617 504 292 660 108 221 589 329 228 514 576 287 480 131 574 631 503 436 516 329 655 728 297 268 582 0
