45
0 416 589 411 493 632 233 754 430 479 786 606 884 289 402 704 750 653 632 445 572 329 415 168 334 228 629 747 337 573 420 991 743 195 551 271 617 385 373 38 972 734 394 527 742
416 0 584 96 202 742 183 346 615 452 512 224 468 243 414 290 341 367 215 340 339 455 11 424 275 489 573 683 196 751 433 733 649 275 256 523 358 187 239 454 760 548 152 316 432
589 584 0 669 420 206 548 690 266 134 429 786 838 713 197 693 833 402 683 243 326 262 594 426 769 809 74 164 709 290 177 538 180 443 412 854 358 732 348 599 467 278 431 310 466
411 96 669 0 298 816 191 400 674 535 605 195 502 176 490 337 344 461 253 427 435 516 84 455 194 437 663 775 118 815 510 826 743 311 352 465 454 95 320 449 856 644 241 412 522
493 202 420 298 0 605 295 309 527 302 322 370 460 422 296 290 416 176 265 188 136 379 214 425 465 633 394 494 387 641 308 542 456 302 62 673 158 387 144 525 560 346 100 120 256
632 742 206 816 605 0 664 890 207 302 632 957 1040 824 327 888 1021 607 870 417 527 320 751 465 881 860 271 295 834 119 309 716 338 541 606 903 562 865 504 629 628 475 594 505 672
233 183 548 191 295 664 0 524 501 415 614 384 651 164 353 472 520 470 399 331 407 348 182 265 221 337 562 682 169 646 374 831 661 128 358 377 444 205 225 270 835 602 197 369 552
754 346 690 400 309 890 524 0 835 594 372 295 151 576 601 68 202 298 151 489 363 689 351 722 593 833 643 711 519 941 611 550 661 583 287 864 335 489 451 790 625 504 380 386 279
430 615 266 674 527 207 501 835 0 262 660 839 986 650 233 817 930 589 781 347 496 159 622 268 706 657 337 421 669 147 226 798 445 372 550 700 541 706 396 425 733 529 484 459 671
479 452 134 535 302 302 415 594 262 0 400 660 745 580 76 588 719 329 568 115 239 178 462 327 636 691 152 272 575 347 61 558 264 316 307 736 281 598 214 494 513 285 300 208 409
786 512 429 605 322 632 614 372 660 400 0 608 488 743 453 414 569 146 456 357 214 565 523 678 784 950 360 381 705 718 450 221 327 591 260 991 171 699 413 814 261 163 416 259 96
606 224 786 195 370 957 384 295 839 660 608 0 347 352 631 227 161 483 155 544 495 680 218 642 347 612 764 863 290 973 649 814 822 495 399 634 495 246 454 644 869 692 363 489 513
884 468 838 502 460 1040 651 151 986 745 488 347 0 677 753 181 195 440 253 641 512 840 471 866 684 939 788 849 617 1093 763 631 797 723 439 966 480 580 601 922 722 635 526 537 403
289 243 713 176 422 824 164 576 650 580 743 352 677 0 517 513 510 597 430 492 549 504 234 392 57 262 725 845 61 797 538 964 822 282 483 289 579 106 383 324 979 752 334 515 669
402 414 197 490 296 327 353 601 233 76 453 631 753 517 0 586 706 362 555 114 267 112 423 251 574 616 227 347 518 347 21 625 341 245 316 661 314 545 177 418 586 353 268 227 448
704 290 693 337 290 888 472 68 817 588 414 227 181 513 586 0 155 318 84 477 369 667 294 685 528 772 653 730 455 931 598 603 682 542 282 802 348 424 425 742 672 531 346 384 318
750 341 833 344 416 1021 520 202 930 719 569 161 195 510 706 155 0 472 151 604 514 774 339 763 508 772 797 881 449 1054 721 752 834 615 422 795 499 407 534 788 825 685 446 523 473
653 367 402 461 176 607 470 298 589 329 146 483 440 597 362 318 472 0 340 252 95 470 378 560 638 807 349 414 559 673 365 367 364 458 114 848 48 555 281 683 395 214 273 139 90
632 215 683 253 265 870 399 151 781 568 456 155 253 430 555 84 151 340 0 453 370 625 218 626 443 690 651 739 371 903 570 659 694 480 275 719 360 339 385 670 718 554 298 375 360
445 340 243 427 188 417 331 489 347 115 357 544 641 492 114 477 604 252 453 0 156 217 350 321 546 638 237 353 479 453 122 548 330 258 202 682 205 497 110 469 527 288 188 114 340
572 339 326 435 136 527 407 363 496 239 214 495 512 549 267 369 514 95 370 156 0 374 350 469 595 740 284 369 519 586 270 425 327 377 96 782 48 522 199 600 430 209 214 46 184
329 455 262 516 379 320 348 689 159 178 565 680 840 504 112 667 774 470 625 217 374 0 462 164 562 555 313 426 518 299 119 735 430 222 411 599 422 553 241 337 691 462 327 332 557
415 11 594 84 214 751 182 351 622 462 523 218 471 234 423 294 339 378 218 350 350 462 0 427 265 482 584 694 186 758 442 744 660 278 268 516 369 176 248 453 772 559 162 328 442
168 424 426 455 425 465 265 722 268 327 678 642 866 392 251 685 763 560 626 321 469 164 427 0 447 395 472 588 422 414 266 868 588 148 474 439 517 465 284 173 836 600 341 423 650
334 275 769 194 465 881 221 593 706 636 784 347 684 57 574 528 508 638 443 546 595 562 265 447 0 268 780 899 79 853 595 1005 875 340 525 287 623 104 436 367 1025 801 382 563 707
228 489 809 437 633 860 337 833 657 691 950 612 939 262 616 772 772 807 690 638 740 555 482 395 268 0 844 964 323 798 636 1165 954 380 695 45 779 365 546 233 1161 924 534 699 889
629 573 74 663 394 271 562 643 337 152 360 764 788 725 227 653 797 349 651 237 284 313 584 472 780 844 0 120 716 362 209 464 117 468 375 889 308 734 347 643 396 205 422 276 405
747 683 164 775 494 295 682 711 421 272 381 863 849 845 347 730 881 414 739 353 369 426 694 588 899 964 120 0 833 407 328 423 54 589 465 1009 382 849 464 760 332 219 534 373 449
337 196 709 118 387 834 169 519 669 575 705 290 617 61 518 455 449 559 371 479 519 518 186 422 79 323 716 833 0 815 539 926 807 297 446 349 545 48 369 373 948 726 308 489 627
573 751 290 815 641 119 646 941 147 347 718 973 1093 797 347 931 1054 673 903 453 586 299 758 414 853 798 362 407 815 0 333 821 446 518 654 839 626 851 521 564 739 568 612 556 747
420 433 177 510 308 309 374 611 226 61 450 649 763 538 21 598 721 365 570 122 270 119 442 266 595 636 209 328 539 333 0 616 323 266 325 681 317 565 195 434 574 343 285 233 449
991 733 538 826 542 716 831 550 798 558 221 814 631 964 625 603 752 367 659 548 425 735 744 868 1005 1165 464 423 926 821 616 0 377 798 481 1207 387 920 622 1016 115 273 635 467 305
743 649 180 743 456 338 661 661 445 264 327 822 797 822 341 682 834 364 694 330 327 430 660 588 875 954 117 54 807 446 323 377 0 576 423 999 335 821 439 758 293 165 503 335 396
195 275 443 311 302 541 128 583 372 316 591 495 723 282 245 542 615 458 480 258 377 222 278 148 340 380 468 589 297 518 266 798 576 0 358 425 421 334 178 225 784 546 207 332 547
551 256 412 352 62 606 358 287 550 307 260 399 439 483 316 282 422 114 275 202 96 411 268 474 525 695 375 465 446 654 325 481 423 358 0 736 102 444 190 583 503 298 162 102 194
271 523 854 465 673 903 377 864 700 736 991 634 966 289 661 802 795 848 719 682 782 599 516 439 287 45 889 1009 349 839 681 1207 999 425 736 0 821 388 589 275 1204 968 575 741 929
617 358 358 454 158 562 444 335 541 281 171 495 480 579 314 348 499 48 360 205 48 422 369 517 623 779 308 382 545 626 317 387 335 421 102 821 0 545 243 646 402 197 247 94 135
385 187 732 95 387 865 205 489 706 598 699 246 580 106 545 424 407 555 339 497 522 553 176 465 104 365 734 849 48 851 565 920 821 334 444 388 545 0 387 422 947 731 318 496 618
373 239 348 320 144 504 225 451 396 214 413 454 601 383 177 425 534 281 385 110 199 241 248 284 436 546 347 464 369 521 195 622 439 178 190 589 243 387 0 402 615 379 91 155 371
38 454 599 449 525 629 270 790 425 494 814 644 922 324 418 742 788 683 670 469 600 337 453 173 367 233 643 760 373 564 434 1016 758 225 583 275 646 422 402 0 994 756 428 555 773
972 760 467 856 560 628 835 625 733 513 261 869 722 979 586 672 825 395 718 527 430 691 772 836 1025 1161 396 332 948 739 574 115 293 784 503 1204 402 947 615 994 0 238 644 466 357
734 548 278 644 346 475 602 504 529 285 163 692 635 752 353 531 685 214 554 288 209 462 559 600 801 924 205 219 726 568 343 273 165 546 298 968 197 731 379 756 238 0 418 237 232
394 152 431 241 100 594 197 380 484 300 416 363 526 334 268 346 446 273 298 188 214 327 162 341 382 534 422 534 308 612 285 635 503 207 162 575 247 318 91 428 644 418 0 181 356
527 316 310 412 120 505 369 386 459 208 259 489 537 515 227 384 523 139 375 114 46 332 328 423 563 699 276 373 489 556 233 467 335 332 102 741 94 496 155 555 466 237 181 0 228
742 432 466 522 256 672 552 279 671 409 96 513 403 669 448 318 473 90 360 340 184 557 442 650 707 889 405 449 627 747 449 305 396 547 194 929 135 618 371 773 357 232 356 228 0
