265
0 757 235 703 750 583 741 877 865 89 269 469 316 763 754 411 606 763 458 279 258 850 586 867 464 301 582 566 384 468 420 584 161 665 579 823 250 662 871 191 466 526 631 827 684 241 206 856 448 637 270 795 229 386 548 880 396 480 200 130 441 725 526 909 680 598 857 498 282 707 92 474 524 635 423 844 807 115 415 245 257 128 606 499 335 562 459 575 529 406 459 649 685 636 969 641 222 751 358 42 200 851 598 167 695 105 398 837 652 755 831 293 506 615 704 432 1039 698 942 132 705 812 410 338 338 629 599 750 471 569 535 366 113 869 845 905 362 836 645 439 164 546 159 412 448 562 331 125 890 388 432 61 507 502 273 258 553 460 625 85 413 545 694 683 578 770 844 354 772 478 462 200 577 415 533 778 555 325 426 754 800 348 726 746 456 318 750 50 477 251 608 676 422 791 372 80 466 314 615 701 732 383 289 590 857 445 288 480 367 435 488 833 745 762 621 731 344 436 444 942 501 55 286 377 362 306 661 28 470 422 464 292 634 485 186 283 538 678 205 298 359 562 279 153 540 225 132 144 485 218 131 781 359 683 487 339 844 943 374 821 727 710 518 581 323
757 0 534 579 528 586 241 615 153 684 635 572 516 370 712 431 201 609 351 480 868 110 422 287 614 490 699 487 826 564 338 514 617 147 354 460 797 581 226 786 431 246 415 333 293 768 787 502 610 1058 766 308 849 412 398 267 849 458 614 786 923 326 384 473 175 341 384 838 488 218 743 359 644 481 403 138 619 840 607 843 698 842 393 360 677 388 341 660 304 660 500 752 307 928 605 352 731 185 861 760 751 574 442 697 315 862 663 418 868 147 331 570 789 520 131 516 604 172 504 884 536 232 347 427 642 181 461 583 821 387 377 676 646 389 166 421 561 149 182 542 694 324 607 521 528 948 881 676 301 716 366 701 468 265 656 499 970 414 764 681 544 647 343 120 905 138 158 421 435 281 373 899 216 493 395 282 511 611 350 381 453 697 277 55 663 665 390 783 531 674 604 257 505 64 535 836 582 526 682 681 700 791 862 325 422 390 515 357 476 338 685 110 82 112 889 108 545 719 805 433 518 704 475 513 432 483 277 785 348 517 813 573 1001 587 795 786 937 226 666 554 884 200 581 742 631 551 720 880 700 540 850 333 862 638 272 420 178 614 968 185 33 112 523 892 436
235 534 0 628 650 529 506 782 632 152 287 424 232 536 716 186 372 687 293 108 433 621 369 685 441 182 575 365 489 419 196 501 83 431 435 692 386 594 636 343 349 324 508 595 519 362 353 732 300 763 277 562 405 234 420 692 509 271 201 311 574 495 391 767 445 449 627 574 139 472 257 318 505 535 280 611 727 339 396 329 215 307 476 349 370 430 224 554 358 416 378 649 453 710 853 496 227 558 490 251 324 749 385 259 465 340 412 692 697 521 664 130 557 531 500 242 908 503 803 352 615 624 194 106 227 431 391 668 547 346 309 394 123 640 611 750 319 629 449 260 170 313 132 223 382 666 390 142 708 434 196 190 302 299 188 66 670 237 635 152 357 524 465 476 659 536 638 187 641 253 230 416 343 214 403 605 473 194 191 610 669 272 493 530 459 229 609 252 293 303 558 442 343 563 311 315 427 117 594 662 694 470 359 435 710 215 192 247 262 245 496 620 533 530 683 524 290 471 520 784 427 190 62 301 128 75 492 264 307 233 538 257 738 445 272 400 646 496 259 122 502 348 126 289 513 139 188 346 500 39 352 550 491 632 262 115 609 835 468 623 502 478 330 656 99
703 579 628 0 84 125 777 179 730 693 438 235 406 892 132 705 640 60 371 520 618 679 836 407 251 448 204 876 475 235 539 127 675 641 251 210 548 43 805 583 282 441 170 887 286 530 573 213 898 588 896 855 618 402 232 442 490 793 505 630 544 838 263 294 684 255 938 405 489 740 626 341 210 109 358 717 104 705 294 921 840 832 201 312 395 231 641 176 345 324 252 213 801 423 288 229 841 409 532 675 549 164 860 545 814 771 333 260 343 706 331 751 347 97 447 810 377 407 313 822 46 406 515 587 851 416 876 48 405 794 759 367 647 946 746 331 341 509 407 837 771 717 570 799 257 492 998 721 420 375 641 647 822 449 817 562 526 733 240 682 291 193 836 463 429 704 509 449 186 540 688 708 621 775 247 334 155 816 598 225 193 900 799 525 281 856 214 752 854 465 108 754 290 644 334 748 239 720 163 110 122 441 961 275 276 691 445 689 366 435 269 548 500 679 385 473 362 338 409 367 205 656 582 335 645 650 302 716 359 804 403 413 515 222 857 514 493 352 502 739 558 478 751 578 187 512 769 845 282 597 703 870 532 72 537 560 758 254 1063 458 578 647 875 412 566
750 528 650 84 0 195 740 131 675 731 491 292 441 860 198 705 612 82 373 542 686 623 821 331 316 476 287 867 551 291 537 167 705 606 236 126 615 120 755 645 301 423 151 847 236 594 636 130 905 672 924 817 685 417 233 365 567 789 549 687 624 807 264 210 649 232 899 487 514 705 678 344 285 116 372 663 93 762 354 957 865 877 185 312 458 227 633 256 332 391 291 296 772 507 221 194 871 349 607 725 609 101 845 598 784 825 400 177 427 663 254 768 429 137 398 813 303 357 231 874 50 336 515 596 867 379 862 58 486 779 747 433 684 906 694 247 389 443 366 840 803 701 608 803 302 576 1031 755 342 446 637 692 816 436 839 584 610 729 324 720 338 270 808 418 513 659 442 465 107 529 681 772 597 778 250 265 196 832 595 154 110 918 765 473 353 875 143 798 854 522 184 723 329 592 377 801 299 733 247 190 194 515 995 252 193 687 477 680 396 436 345 485 447 633 470 420 405 412 488 282 249 700 599 374 651 663 258 765 359 807 483 458 599 284 893 582 577 305 555 754 633 454 769 635 262 546 805 893 359 623 762 835 607 155 525 570 707 193 1100 391 531 606 871 496 579
583 586 529 125 195 0 755 305 740 578 315 114 299 859 186 630 606 182 308 424 492 693 778 473 125 347 116 811 356 116 472 73 568 619 232 310 423 82 805 458 205 401 182 867 312 404 447 324 814 503 788 833 493 319 193 504 373 723 387 505 432 805 215 400 660 244 916 300 390 715 503 281 90 123 280 724 227 580 169 807 736 712 195 259 269 200 578 77 306 198 152 166 765 351 412 242 733 439 412 553 424 288 802 421 778 647 208 351 283 696 402 657 243 77 458 731 498 421 425 699 145 455 445 504 756 408 816 174 296 738 701 242 534 926 749 427 224 547 404 757 661 664 457 718 147 399 886 609 491 251 573 529 753 403 716 465 430 664 177 567 176 78 797 466 342 697 549 363 272 485 622 582 582 696 201 387 78 722 531 292 289 801 771 537 157 758 282 632 778 340 28 721 186 650 222 624 116 630 96 133 165 320 848 260 370 623 339 626 268 370 150 579 515 674 312 488 248 217 295 465 104 538 491 228 566 561 316 594 299 724 292 296 436 98 743 388 396 367 380 646 437 446 655 454 67 404 656 723 165 496 578 843 412 103 485 477 759 380 948 501 578 635 803 327 481
741 241 506 777 740 755 0 841 194 655 706 708 591 129 907 339 158 816 462 502 915 224 233 528 748 547 857 298 917 701 352 687 581 136 529 690 853 769 145 826 564 355 606 112 504 825 832 733 455 1175 664 78 891 494 562 508 940 313 655 807 1014 88 539 712 94 523 161 958 525 40 757 483 792 671 508 180 833 844 726 753 602 792 577 498 769 557 282 821 448 773 635 920 87 1068 842 549 645 418 939 757 797 799 245 734 88 845 775 652 1021 95 569 483 918 702 350 380 845 390 743 850 738 472 376 410 523 361 262 790 936 215 229 777 629 171 155 661 662 387 373 397 631 199 618 392 659 1066 769 632 542 821 309 696 307 359 559 501 1082 298 925 656 663 801 115 325 1035 110 396 479 658 304 281 918 187 371 553 515 676 502 322 605 679 571 39 292 791 551 612 752 372 740 777 66 625 199 638 821 718 446 849 868 892 886 761 503 658 299 573 262 568 417 820 343 318 133 1032 338 638 837 916 674 666 696 463 616 378 435 481 770 466 385 928 648 1128 728 720 854 1051 437 715 471 958 308 497 774 785 581 664 836 833 529 857 95 940 826 300 418 143 848 857 426 222 136 349 1025 431
877 615 782 179 131 305 841 0 753 861 614 413 571 965 218 833 724 126 502 674 796 699 940 371 430 608 369 988 650 412 664 293 837 710 362 156 728 222 838 763 433 544 279 944 338 710 752 120 1033 730 1056 916 797 549 364 405 664 914 677 808 713 913 395 189 753 356 995 569 646 808 803 473 387 248 503 744 83 884 473 1088 997 1005 313 442 574 356 758 348 457 503 420 354 881 560 119 313 1003 430 707 850 728 41 964 722 892 949 513 206 476 757 299 899 513 262 491 940 213 451 189 999 172 398 643 726 999 486 982 130 574 898 868 547 814 1002 777 247 515 506 471 968 934 819 738 931 429 644 1162 886 374 553 763 820 940 559 970 716 680 854 387 850 464 369 918 515 579 751 503 596 182 652 806 887 711 905 381 335 322 963 721 236 162 1049 869 559 460 1007 228 926 981 643 286 831 458 676 505 925 417 864 325 242 228 616 1126 375 211 813 608 803 527 565 445 553 532 725 526 508 533 514 580 270 376 829 731 503 780 794 364 892 489 935 572 585 655 401 1024 693 650 404 679 885 733 570 900 757 365 677 935 1020 457 755 882 936 707 228 648 701 791 80 1231 454 624 705 996 561 709
865 153 632 730 675 740 194 753 0 785 773 723 653 306 862 494 262 757 494 598 1001 54 424 399 766 621 853 490 970 715 447 667 714 201 508 596 931 733 92 915 581 384 567 238 443 903 918 636 640 1208 831 227 979 548 551 370 994 491 741 909 1068 278 536 595 195 495 282 988 611 199 863 506 797 634 546 21 764 957 756 916 766 935 546 509 820 541 416 814 454 808 651 905 281 1080 729 505 805 326 1002 874 882 712 438 824 283 971 811 549 1021 120 457 640 940 674 283 557 714 323 622 985 686 356 462 527 696 334 455 731 970 400 405 822 752 283 40 539 705 252 335 578 780 362 723 566 678 1098 941 770 406 863 444 812 491 400 722 609 1119 463 917 784 692 800 309 273 1056 101 257 550 577 389 433 1022 289 541 547 418 664 670 440 524 592 747 233 204 813 722 534 884 557 811 757 246 653 90 679 945 733 599 835 833 851 936 929 479 550 452 646 415 617 471 837 203 229 102 1042 256 688 868 953 542 670 814 578 657 515 571 429 893 493 561 962 711 1152 739 876 924 1086 378 797 626 1025 334 653 868 784 673 809 976 851 646 968 260 1003 790 381 526 56 743 1030 301 165 154 538 1044 541
89 684 152 693 731 578 655 861 785 0 278 465 289 674 758 322 524 753 408 218 332 773 496 815 468 260 595 478 434 462 345 568 73 584 540 792 307 654 787 252 434 462 601 739 638 292 266 828 366 699 221 708 302 339 515 825 450 391 192 200 503 637 489 874 597 557 768 540 231 622 149 428 531 614 380 764 796 203 419 228 190 162 573 456 356 527 375 583 478 420 441 666 597 680 945 602 167 693 418 118 249 832 509 197 607 189 413 800 685 673 785 205 539 599 641 344 1009 639 909 200 689 757 339 258 260 568 510 737 512 480 446 386 47 780 764 865 354 772 585 352 96 459 122 324 435 615 308 44 838 416 347 74 419 438 196 188 611 371 645 12 402 552 605 618 624 689 781 300 740 403 374 287 496 326 498 729 539 242 344 717 768 278 639 677 470 244 714 99 390 273 605 590 403 715 358 166 464 225 623 704 736 427 269 546 820 358 254 393 336 375 505 766 678 682 660 667 331 461 485 900 487 66 209 357 276 219 613 117 421 334 505 282 689 483 164 335 593 625 222 210 423 493 192 203 544 185 79 196 504 144 218 693 419 681 412 263 762 922 370 761 653 630 431 625 247
269 635 287 438 491 315 706 614 773 278 0 202 120 772 486 451 549 497 285 218 237 742 633 663 195 158 317 642 213 202 354 324 290 592 360 578 162 396 807 166 240 390 390 812 473 134 162 606 587 484 498 777 222 224 319 684 236 545 90 197 309 723 306 667 622 380 853 287 186 666 188 285 256 380 235 752 541 272 146 502 457 397 372 298 83 334 445 307 346 142 208 388 679 423 712 416 443 569 233 237 128 591 652 107 692 334 135 601 415 685 613 414 272 354 544 527 789 524 699 384 444 618 330 323 502 469 661 485 260 601 561 110 239 865 765 674 105 670 479 546 370 546 169 509 190 383 585 316 686 147 426 218 578 372 449 241 390 499 367 266 154 277 701 533 372 695 677 227 528 402 474 294 519 496 307 570 295 473 395 521 554 536 706 606 192 495 515 319 578 39 340 651 175 686 125 310 198 403 347 432 463 188 544 379 621 465 132 487 161 301 226 682 596 679 397 576 101 188 234 712 242 227 281 139 382 348 457 279 291 518 251 62 453 216 438 151 363 489 64 408 253 438 407 144 271 149 357 407 227 247 273 774 234 414 407 304 769 684 639 642 612 628 613 369 297
469 572 424 235 292 114 708 413 723 465 202 0 191 802 295 541 553 294 246 322 397 682 702 517 43 243 159 729 284 8 394 128 457 577 228 391 324 193 778 352 144 354 220 821 334 302 343 414 716 486 676 786 393 234 181 544 304 636 273 395 373 749 188 482 616 247 868 267 286 668 390 225 88 190 205 705 339 471 62 693 626 598 215 215 167 194 500 131 269 108 73 231 707 360 514 265 621 453 334 439 317 391 725 309 720 536 116 422 313 662 454 554 217 155 453 638 595 422 511 587 244 486 367 411 651 390 738 283 253 663 625 145 421 878 726 498 110 562 392 662 549 593 344 623 51 376 773 497 537 169 491 414 668 349 608 361 401 580 225 453 66 103 736 454 333 666 566 272 345 419 542 480 526 603 179 424 103 618 451 350 368 695 720 529 92 652 342 518 687 230 140 668 90 632 112 512 10 530 171 240 272 246 734 256 443 540 232 548 170 300 114 586 511 645 323 486 136 153 242 537 60 424 391 123 474 463 328 481 242 630 246 182 429 22 629 293 367 374 267 544 360 403 551 344 89 293 543 609 128 388 470 792 334 216 420 385 734 484 834 522 557 600 715 321 386
316 516 232 406 441 299 591 571 653 289 120 191 0 664 484 364 433 466 168 133 353 622 537 563 210 55 344 555 325 186 243 280 270 474 266 507 281 369 688 274 150 270 315 698 374 252 274 541 527 588 490 663 335 104 232 580 349 460 119 289 423 613 211 592 505 285 741 377 97 551 260 172 273 324 120 632 508 356 167 517 436 439 290 191 178 246 341 321 233 199 153 418 570 503 656 326 436 459 351 298 238 542 559 193 583 404 197 521 477 566 520 362 347 311 428 454 724 412 626 446 400 513 217 232 460 353 569 449 352 502 462 191 242 753 645 590 89 557 364 477 365 441 167 437 151 481 592 315 586 235 326 255 492 252 417 170 494 408 406 279 125 291 594 416 459 576 564 112 456 286 376 397 403 420 217 471 251 427 291 439 484 503 593 488 234 460 434 361 504 158 327 539 115 566 79 378 194 341 361 431 462 295 555 279 541 370 40 386 52 181 270 566 479 559 471 460 59 260 329 627 201 263 203 70 294 275 355 335 176 445 344 58 548 212 452 271 464 381 155 353 372 318 359 238 280 106 364 460 277 197 362 662 352 402 290 208 649 633 659 532 492 509 535 453 205
763 370 536 892 860 859 129 965 306 674 772 802 664 0 1019 352 253 934 556 557 964 345 188 658 840 615 956 239 986 794 420 795 601 255 641 816 908 881 230 874 661 457 721 89 627 881 882 860 407 1252 640 81 937 576 670 637 1009 292 710 847 1081 53 644 841 212 637 95 1039 586 157 794 581 888 784 597 296 954 874 813 733 585 794 691 600 842 666 328 921 554 856 729 1022 95 1157 970 667 631 546 1002 786 849 923 187 784 82 863 856 779 1116 224 698 481 1004 812 477 355 974 515 872 859 855 601 447 455 496 481 197 908 1016 195 228 855 657 108 265 791 743 517 494 364 633 228 661 372 751 1145 734 645 672 899 350 726 273 457 544 547 1158 303 1024 678 751 899 71 450 1119 238 525 552 782 384 307 952 277 358 659 643 781 483 376 729 804 536 96 421 879 525 737 766 330 803 883 138 715 327 721 841 811 452 952 979 1003 958 733 617 787 321 640 291 650 503 911 472 447 262 1122 467 717 919 994 804 765 724 506 700 409 461 603 792 563 363 1007 718 1211 823 711 914 1129 560 772 472 1019 415 496 820 883 635 668 839 922 566 888 47 1003 936 382 470 250 975 820 556 351 264 297 1111 480
754 712 716 132 198 186 907 218 862 758 486 295 484 1019 0 813 766 118 484 611 624 811 954 529 291 533 182 991 464 298 651 231 752 770 378 316 563 138 937 608 386 565 301 1017 418 551 596 304 1000 512 972 985 631 503 352 564 473 904 566 663 512 966 381 387 813 383 1068 367 576 869 669 455 230 236 462 849 141 736 340 986 921 883 329 429 424 354 756 179 467 351 339 143 928 342 337 360 916 540 521 721 578 229 978 589 940 808 360 371 258 837 452 844 315 209 580 916 431 539 397 863 176 533 626 689 943 547 993 139 376 913 877 393 715 1077 878 434 405 638 538 942 844 837 639 903 333 431 1067 791 539 385 753 704 934 570 902 651 467 845 177 747 360 209 962 595 365 836 638 548 306 659 802 724 746 880 365 462 252 909 710 351 306 988 928 658 300 945 340 805 962 504 158 881 372 776 406 787 294 817 142 54 22 435 1028 403 384 803 525 804 455 548 274 679 633 811 309 605 431 340 388 466 290 713 677 414 750 747 434 763 473 909 376 477 437 275 922 525 438 485 549 833 545 604 842 615 214 588 837 890 282 682 732 999 521 86 657 662 890 297 1125 587 710 778 986 347 666
411 431 186 705 705 630 339 833 494 322 451 541 364 352 813 0 236 760 334 235 618 495 184 649 569 309 701 191 662 535 168 583 249 299 470 714 568 679 479 529 426 298 554 417 520 543 538 758 203 935 338 386 591 311 474 646 684 96 375 497 752 314 443 774 298 477 445 735 270 310 443 364 629 599 350 474 793 521 530 421 272 453 520 394 530 479 92 672 375 563 479 773 275 866 881 522 311 515 670 433 508 794 202 442 285 512 561 700 841 375 649 146 711 609 444 107 919 461 810 513 681 584 190 132 211 392 209 737 709 160 123 550 304 458 466 744 453 557 412 136 292 140 316 101 492 834 451 295 670 592 74 374 128 279 228 210 842 50 765 326 478 644 282 414 820 393 566 268 667 190 60 600 215 73 458 587 560 180 112 625 695 266 319 446 598 234 627 416 149 475 658 273 452 441 437 489 547 106 710 763 793 640 435 458 715 42 330 79 371 270 633 534 458 393 835 458 424 623 684 771 525 372 170 420 70 111 491 439 347 103 701 407 904 563 383 580 815 475 437 133 684 295 160 474 631 304 325 497 641 219 535 370 671 726 197 157 460 871 539 566 397 347 173 815 158
606 201 372 640 612 606 158 724 262 524 549 553 433 253 766 236 0 684 306 351 764 259 231 459 592 391 704 292 759 545 198 541 452 62 388 581 699 628 266 675 410 204 470 268 385 671 680 626 408 1017 574 233 740 336 416 448 782 256 502 661 856 199 390 620 75 385 315 800 371 117 612 329 638 531 350 241 706 703 569 656 508 673 438 347 611 413 153 669 300 615 479 769 161 912 743 418 545 330 783 618 645 683 254 583 174 712 617 552 867 148 480 380 760 558 255 315 761 287 654 724 604 395 220 268 444 237 273 658 778 192 177 619 493 325 239 577 504 342 254 340 517 123 472 320 503 908 687 508 478 663 181 556 267 204 464 355 924 213 772 524 505 647 196 225 877 164 351 322 543 147 176 773 30 293 405 420 527 416 180 492 567 498 166 229 634 469 498 623 329 584 629 115 468 205 480 687 562 338 699 725 750 728 671 365 562 194 417 159 410 259 664 310 248 159 876 257 480 679 757 597 513 557 321 458 252 308 359 635 311 316 770 490 971 573 614 698 893 323 562 366 802 161 393 625 632 430 546 714 676 389 715 239 784 683 142 271 237 743 775 363 169 110 323 867 286
763 609 687 60 82 182 816 126 757 753 497 294 466 934 118 760 684 0 425 579 670 705 886 411 307 508 243 928 523 295 593 186 735 681 299 198 603 101 836 640 340 489 214 925 316 586 629 188 955 614 956 894 672 460 285 446 537 847 565 687 587 881 316 271 724 299 976 444 548 780 685 396 261 160 415 745 45 763 352 982 900 891 247 366 451 282 693 222 394 379 313 235 845 446 242 267 902 432 581 734 606 121 910 603 857 830 388 252 363 741 334 810 388 156 478 866 334 437 285 881 80 419 569 644 910 454 926 26 448 844 810 423 707 984 775 317 401 526 443 893 831 766 630 855 317 524 1059 781 421 427 694 707 875 499 876 621 559 787 267 742 351 243 880 497 459 738 525 507 189 591 741 763 666 830 301 348 215 875 652 237 187 959 840 554 334 915 226 812 909 523 161 796 350 673 394 807 298 778 200 123 118 490 1021 319 266 745 505 741 426 490 318 568 528 712 410 501 422 388 454 349 265 716 641 396 702 708 335 776 413 860 446 473 540 281 917 567 528 384 561 797 606 523 810 637 240 572 830 904 331 657 761 910 581 102 588 617 788 205 1123 474 611 684 929 442 624
458 351 293 371 373 308 462 502 494 408 285 246 168 556 484 334 306 425 0 192 521 460 470 408 285 159 399 506 475 238 168 253 362 332 143 400 448 347 540 443 104 111 223 574 229 419 443 441 531 718 570 539 504 72 140 422 499 422 280 454 573 503 109 474 370 156 621 499 177 422 419 29 332 265 51 475 459 517 266 619 506 569 189 60 326 146 271 365 70 316 173 466 461 606 563 203 520 295 509 449 407 466 494 359 474 556 318 399 560 420 376 398 456 277 260 440 615 245 510 591 346 353 144 224 497 184 509 402 479 430 393 327 362 632 492 459 210 389 196 468 459 355 299 430 196 609 683 420 431 369 269 397 451 102 475 230 628 362 467 401 202 342 492 247 573 427 396 108 349 177 317 564 280 405 124 321 233 462 227 317 378 550 473 321 329 508 316 496 484 325 335 421 163 405 184 529 255 362 398 437 465 441 651 142 417 320 178 320 124 64 358 397 311 408 569 291 194 378 461 493 209 403 235 162 278 292 204 482 14 435 471 224 668 266 558 435 595 220 323 384 532 162 402 405 327 233 470 598 371 274 524 545 510 397 176 198 498 548 760 367 330 360 504 563 208
279 480 108 520 542 424 502 674 598 218 218 322 133 557 611 235 351 579 192 0 413 577 414 596 344 79 478 426 431 317 153 393 170 403 331 587 352 487 617 324 241 246 401 603 422 324 330 626 393 703 383 568 389 128 313 606 454 330 153 311 524 510 284 665 426 346 641 500 36 464 265 214 406 427 173 577 619 360 301 427 322 381 370 245 296 324 229 454 261 329 272 551 466 631 746 392 331 474 445 280 295 641 434 232 479 383 327 590 610 496 568 233 476 423 424 320 804 420 700 410 507 538 135 105 332 351 443 560 474 382 342 315 173 653 583 651 223 556 367 343 267 329 126 304 278 600 493 227 619 357 208 221 363 222 297 41 609 281 540 212 256 424 486 403 585 509 565 83 536 209 256 424 320 287 296 511 366 298 181 507 564 379 497 467 367 336 505 312 370 245 453 443 238 519 211 356 326 208 493 558 589 407 460 333 609 247 96 269 156 156 404 553 465 498 601 452 193 389 450 686 321 225 69 198 164 141 396 306 206 311 466 172 670 344 366 356 581 406 214 222 461 282 231 273 412 79 277 412 410 83 370 562 446 526 216 87 584 728 568 543 451 445 402 580 78
258 868 433 618 686 492 915 796 1001 332 237 397 353 964 624 618 764 670 521 413 0 974 803 896 370 379 441 795 168 401 565 526 388 813 592 789 76 574 1028 90 474 622 611 1015 706 103 83 811 697 383 527 981 29 456 549 918 170 703 261 131 190 919 539 880 839 613 1052 288 392 877 183 522 408 588 472 980 716 162 335 488 515 350 598 535 231 564 639 452 583 294 430 492 876 413 905 645 481 806 120 218 119 781 819 181 888 237 285 819 451 906 841 531 320 552 781 666 990 761 909 294 636 853 544 509 592 706 823 666 266 778 740 253 325 1064 990 894 333 907 716 678 421 737 303 646 406 321 573 375 918 243 615 260 733 603 527 418 305 669 460 322 373 428 893 769 354 918 914 450 743 618 657 107 733 642 539 802 501 574 594 743 766 606 910 842 336 574 736 296 715 197 510 856 403 916 356 230 390 540 483 575 603 190 531 613 839 644 354 673 398 530 354 919 832 904 408 812 336 285 245 933 452 265 458 374 555 507 691 243 528 656 262 298 391 402 437 104 298 725 203 532 110 669 519 144 430 334 391 332 343 399 149 973 120 573 625 498 992 872 596 879 844 852 755 362 486
850 110 621 679 623 693 224 699 54 773 742 682 622 345 811 495 259 705 460 577 974 0 445 345 725 594 807 512 935 674 429 621 703 196 463 542 903 684 145 889 542 352 519 284 393 874 892 581 654 1168 833 269 953 518 507 316 959 503 716 887 1033 312 494 541 202 449 331 948 588 220 842 469 753 585 511 51 711 938 717 915 767 927 499 470 786 496 411 768 414 770 611 858 308 1037 675 456 804 273 970 856 855 658 461 799 312 956 774 495 976 135 403 640 899 626 235 566 660 274 568 973 635 302 442 514 702 291 479 679 931 417 417 786 737 333 87 484 670 197 290 589 774 370 704 574 638 1058 946 761 352 826 439 795 506 370 723 592 1080 468 871 771 654 756 339 228 1014 117 203 524 524 371 434 1000 283 548 504 364 619 674 430 471 538 754 264 156 773 727 481 872 571 781 710 267 615 58 644 929 692 597 789 784 801 900 931 434 496 453 619 417 584 443 795 148 179 105 998 206 654 829 915 488 627 798 564 622 508 563 380 878 457 569 923 680 1111 697 872 894 1047 329 770 625 992 304 652 844 740 651 802 966 810 631 948 301 970 740 363 510 103 689 1034 247 130 148 556 1002 526
586 422 369 836 821 778 233 940 424 496 633 702 537 188 954 184 231 886 470 414 803 445 0 691 734 484 861 66 845 695 307 723 425 276 587 804 753 816 376 713 573 397 672 270 607 728 723 850 224 1117 451 246 775 468 603 679 867 106 559 679 936 169 574 849 249 588 284 913 448 225 626 499 790 727 499 407 913 699 699 544 396 608 638 525 710 604 201 830 491 736 634 931 146 1040 969 628 443 562 854 612 692 900 24 627 149 682 735 779 1010 309 711 297 885 745 487 166 991 517 884 675 805 627 335 309 308 461 41 861 888 42 77 727 484 296 387 808 624 569 479 176 447 120 500 184 651 1015 548 463 709 770 212 554 85 386 355 394 1023 134 928 501 642 804 131 456 997 328 578 432 763 295 161 780 234 173 589 650 703 294 251 714 789 349 198 458 767 337 719 584 144 658 805 178 612 404 605 661 709 271 865 907 935 821 545 568 791 167 507 153 536 408 802 533 478 341 1009 489 595 798 864 829 677 551 353 586 252 295 578 613 480 174 879 585 1084 724 522 764 996 548 621 289 868 371 312 659 789 487 483 653 811 404 713 220 855 868 298 330 376 966 635 594 392 313 116 991 336
867 287 685 407 331 473 528 371 399 815 663 517 563 658 529 649 459 411 408 596 896 345 691 0 557 566 587 752 801 511 503 407 763 420 303 219 820 429 490 830 423 364 299 617 190 793 826 250 848 977 953 594 885 480 347 35 822 703 681 851 890 613 357 197 457 283 667 771 585 505 823 394 557 350 445 394 403 920 573 1014 886 977 302 371 670 332 558 550 338 624 468 616 591 821 331 252 909 134 850 856 792 334 713 755 600 963 631 165 746 435 76 764 714 396 207 750 317 188 223 999 362 65 496 592 853 259 732 389 762 652 633 656 769 671 429 139 563 147 240 778 855 579 708 749 493 873 1070 822 23 686 575 805 720 389 849 630 903 649 639 808 524 550 628 238 816 423 141 515 223 462 601 957 460 720 357 94 421 818 543 183 224 909 564 238 605 871 195 905 776 702 478 540 493 338 540 936 527 721 555 517 525 763 1043 284 160 615 582 591 511 441 613 196 214 398 782 201 562 669 756 145 456 811 623 523 623 661 208 890 396 749 757 608 908 522 957 797 868 190 715 748 876 355 771 800 537 642 871 1006 629 675 925 621 850 478 454 574 445 348 1152 102 309 396 778 800 588
464 614 441 251 316 125 748 430 766 468 195 43 210 840 291 569 592 307 285 344 370 725 734 557 0 264 134 758 246 50 428 159 467 617 271 422 299 207 820 332 186 395 258 860 376 279 322 442 737 443 684 825 368 267 224 584 266 665 275 380 333 787 231 513 656 290 907 224 307 708 381 266 63 222 242 748 352 455 49 695 637 593 256 257 144 237 533 115 312 75 115 207 744 320 536 306 629 496 298 432 298 412 756 300 757 524 84 456 277 703 492 572 174 182 497 663 620 465 540 577 266 527 400 438 668 433 769 299 210 696 657 117 426 917 768 532 122 604 435 686 556 627 351 647 89 333 777 503 576 133 522 413 697 388 622 381 358 610 196 456 91 84 773 497 290 708 609 302 378 455 573 457 565 628 222 464 138 636 483 387 399 709 758 572 49 666 378 514 712 217 147 706 124 675 132 501 32 551 155 236 268 208 737 299 476 570 249 581 198 336 72 629 554 687 283 529 151 112 200 571 102 422 413 148 501 485 371 474 282 655 203 189 386 34 631 265 324 416 259 563 324 444 568 330 76 306 547 602 86 404 453 830 298 219 457 412 776 504 834 565 600 642 742 279 412
301 490 182 448 476 347 547 608 621 260 158 243 55 615 533 309 391 508 159 79 379 594 484 566 264 0 398 500 371 238 195 321 229 435 280 531 311 413 650 295 176 245 341 653 382 282 297 568 473 638 448 618 359 86 255 581 394 405 124 298 467 565 229 613 464 298 694 429 43 507 261 172 327 359 122 600 548 359 222 482 392 417 313 198 228 267 289 374 229 253 196 472 521 557 686 343 395 454 392 290 261 576 505 206 534 397 251 540 532 529 530 311 402 351 415 398 749 403 648 433 438 512 171 177 409 339 515 489 404 449 409 243 212 706 611 606 145 546 353 422 326 390 143 382 200 532 554 280 589 287 273 239 437 225 370 118 544 353 461 251 177 345 544 398 513 539 553 71 480 243 323 410 360 365 238 477 292 375 239 457 508 454 547 468 289 411 454 341 448 193 375 493 161 537 132 370 247 287 414 480 512 343 519 289 560 316 26 334 81 152 325 550 462 525 526 445 115 314 381 642 245 246 148 120 239 220 360 323 170 390 396 103 600 265 419 307 515 379 176 300 411 290 308 251 333 76 330 442 332 149 366 615 393 450 249 153 614 665 625 526 464 473 479 507 150
582 699 575 204 287 116 857 369 853 595 317 159 344 956 182 701 704 243 399 478 441 807 861 587 134 398 0 888 284 166 553 188 599 723 344 410 381 167 915 427 295 502 298 969 428 370 414 417 872 390 814 935 448 393 302 619 296 796 404 483 343 902 320 497 763 358 1018 201 441 817 494 375 71 238 362 836 286 556 180 820 768 710 311 358 247 311 659 38 410 176 228 73 861 235 486 358 759 555 342 546 399 363 884 415 874 630 184 456 168 803 514 706 144 192 572 796 578 536 517 685 240 571 526 570 802 519 897 247 204 822 784 216 555 1028 860 530 256 663 517 820 685 751 481 781 209 290 903 632 604 204 650 535 827 499 755 515 323 740 67 583 222 57 892 579 229 806 666 432 378 575 701 541 679 761 307 502 188 770 610 404 391 842 871 651 125 800 393 632 845 330 109 820 249 762 266 609 153 685 43 134 161 253 862 373 474 699 384 708 329 456 94 695 630 783 196 603 285 157 212 567 191 545 547 280 633 619 432 588 393 788 202 321 321 137 756 343 290 483 378 697 366 549 702 438 72 439 675 713 100 538 551 943 342 141 576 544 869 449 956 617 689 742 874 213 544
566 487 365 876 867 811 298 988 490 478 642 729 555 239 991 191 292 928 506 426 795 512 66 752 758 500 888 0 851 722 339 760 410 340 631 857 751 854 440 707 606 444 716 325 659 727 718 902 168 1125 405 305 767 495 643 741 872 96 563 669 939 229 613 904 315 634 333 926 461 291 615 536 816 768 531 474 958 681 721 500 356 575 682 564 721 646 235 858 535 754 663 960 211 1057 1022 675 404 621 855 595 690 949 53 624 212 657 752 834 1032 376 769 272 902 784 546 134 1048 574 940 645 848 687 366 323 263 515 41 904 900 100 122 741 472 344 453 866 644 633 534 133 418 174 498 154 679 1025 496 441 770 784 238 540 63 430 318 400 1031 148 954 484 667 831 191 515 1011 395 642 456 814 337 189 764 292 153 628 707 739 256 280 766 840 298 262 521 788 292 770 558 95 664 839 245 638 471 627 638 735 256 895 943 971 830 497 614 846 188 521 187 559 442 824 598 540 408 1027 550 614 815 875 888 708 537 360 609 261 295 630 593 518 143 892 599 1095 751 483 766 1005 603 623 267 868 422 286 653 817 493 454 620 832 402 696 276 856 904 341 347 441 1017 581 656 456 378 58 1006 350
384 826 489 475 551 356 917 650 970 434 213 284 325 986 464 662 759 523 475 431 168 935 845 801 246 371 284 851 0 290 567 404 471 798 506 664 135 433 1011 194 399 586 504 1024 616 143 178 680 781 274 650 989 184 425 459 827 23 755 288 257 98 936 458 755 831 526 1066 121 400 876 292 466 266 466 424 950 567 315 229 627 624 496 499 469 149 473 659 301 523 177 338 327 893 253 764 549 599 730 57 342 186 639 864 240 906 393 170 701 283 890 738 608 152 425 720 731 852 693 781 451 501 768 542 537 686 650 872 522 98 814 774 150 410 1077 966 777 264 837 656 748 530 760 359 712 311 181 714 478 821 115 640 360 787 572 626 451 181 711 294 422 286 282 915 715 195 899 843 437 622 612 687 275 729 702 454 708 384 662 609 633 642 712 918 790 201 674 624 430 782 187 368 864 324 881 291 380 274 605 327 419 444 37 671 532 721 678 345 700 354 504 206 857 776 881 243 753 282 139 77 816 344 369 492 313 593 556 608 378 477 722 94 269 254 280 570 100 159 649 229 605 82 636 599 232 289 358 507 486 193 450 305 987 57 422 616 518 971 729 748 801 806 831 819 200 510
468 564 419 235 291 116 701 412 715 462 202 8 186 794 298 535 545 295 238 317 401 674 695 511 50 238 166 722 290 0 387 125 453 569 221 387 327 194 770 354 136 346 214 813 327 305 346 411 710 494 673 778 397 227 173 537 311 630 271 396 380 741 180 479 608 240 860 275 281 660 390 217 95 186 198 697 339 472 65 691 622 597 209 206 170 187 493 137 261 113 65 238 699 369 512 259 618 446 340 439 318 390 717 309 712 536 121 418 321 654 449 549 225 153 446 632 592 415 508 587 243 479 360 405 646 382 731 283 260 656 617 149 418 870 718 494 108 555 384 656 546 586 341 617 43 384 771 494 531 174 484 413 661 341 604 356 408 573 232 451 62 109 729 446 341 658 559 266 341 411 535 482 519 597 172 418 99 613 444 345 364 690 712 521 100 647 337 517 680 231 143 660 83 624 108 512 18 525 176 244 276 252 732 248 439 533 227 541 164 292 122 579 503 637 331 478 133 160 249 532 54 422 385 118 468 457 321 480 234 624 253 180 437 28 627 297 375 366 267 538 366 395 546 344 96 289 541 609 136 384 471 784 340 218 412 379 726 483 832 515 549 592 708 329 380
420 338 196 539 537 472 352 664 447 345 354 394 243 420 651 168 198 593 168 153 565 429 307 503 428 195 553 339 567 387 0 420 279 250 302 548 501 515 464 476 266 140 386 457 358 473 481 592 370 831 451 422 541 160 307 506 590 254 303 464 663 370 276 612 274 309 498 619 173 313 416 197 482 432 192 425 625 510 396 517 383 504 352 227 422 311 106 522 208 437 326 623 326 740 714 354 409 371 587 427 446 626 331 384 339 526 437 537 705 343 493 260 585 445 308 275 756 316 648 545 513 440 27 92 353 244 344 569 595 269 230 434 308 510 430 586 323 435 263 303 362 200 277 267 343 725 567 339 526 478 101 366 283 116 345 163 737 194 620 343 336 496 351 282 700 356 444 131 500 58 150 576 168 241 292 432 399 317 59 460 528 408 351 334 463 368 461 444 317 387 499 297 304 371 302 500 402 218 557 603 632 538 542 291 553 152 221 154 231 103 497 423 337 345 706 330 296 500 573 616 369 368 136 282 122 158 329 448 180 271 587 298 790 416 464 501 708 320 363 245 606 154 268 426 481 231 384 541 507 202 521 420 588 565 66 82 431 704 651 432 307 293 336 692 98
584 514 501 127 167 73 687 293 667 568 324 128 280 795 231 583 541 186 253 393 526 621 723 407 159 321 188 760 404 125 420 0 549 551 160 263 452 95 734 480 157 337 110 799 240 431 471 286 774 572 769 766 522 276 125 437 423 674 384 520 487 741 151 354 593 172 849 363 361 648 511 224 149 62 234 652 228 595 191 796 713 711 122 198 295 130 524 150 240 233 127 238 701 423 388 169 715 367 457 558 443 268 747 430 714 658 242 297 356 625 338 625 306 31 385 687 467 348 383 707 121 385 395 462 725 336 762 169 355 682 646 273 522 858 677 373 222 475 332 714 645 606 445 675 135 466 872 595 425 292 522 526 704 341 690 435 495 614 250 558 171 144 735 394 411 627 477 323 218 428 570 608 519 652 136 318 29 690 479 230 240 772 705 464 203 729 221 632 733 355 90 657 165 577 211 633 136 594 168 185 212 367 835 189 317 573 318 573 239 317 206 506 442 603 384 415 239 266 351 412 82 535 456 210 522 524 243 599 242 681 350 291 506 124 732 421 461 294 388 613 483 380 624 468 130 386 644 727 222 470 595 777 457 144 426 436 687 360 938 429 506 565 755 396 441
161 617 83 675 705 568 581 837 714 73 290 457 270 601 752 249 452 735 362 170 388 703 425 763 467 229 599 410 471 453 279 549 0 513 501 756 353 639 714 303 404 404 568 666 592 334 316 795 312 742 220 634 359 298 481 771 489 321 199 259 548 563 453 835 525 516 695 569 192 548 206 385 531 589 342 693 777 273 419 256 169 224 538 415 372 492 302 582 430 430 422 672 523 707 914 563 166 637 463 186 292 805 438 231 534 263 424 760 705 601 738 142 561 579 581 278 974 582 871 271 667 703 276 189 215 511 441 718 541 407 373 400 63 707 692 822 347 711 529 289 97 385 120 257 421 652 325 60 786 435 274 130 350 379 159 133 651 298 654 76 392 551 532 558 654 617 720 254 705 336 301 355 424 257 464 680 520 190 273 678 734 246 565 613 477 206 676 171 326 295 596 516 385 645 346 240 458 154 623 698 730 459 290 504 779 284 230 319 310 321 513 702 616 611 685 606 320 478 514 856 471 126 144 340 203 146 566 190 376 268 533 278 725 477 195 375 631 573 246 143 471 431 130 250 542 164 108 263 515 88 288 619 464 671 345 198 689 894 398 704 585 560 366 653 182
665 147 431 641 606 619 136 710 201 584 592 577 474 255 770 299 62 681 332 403 813 196 276 420 617 435 723 340 798 569 250 551 513 0 393 562 746 633 215 725 432 222 470 248 372 717 729 606 466 1050 637 215 790 373 426 405 822 314 551 714 896 203 403 592 43 386 298 831 420 99 666 351 659 534 380 180 699 759 599 719 570 734 441 364 649 421 216 686 313 647 503 784 173 938 719 413 608 298 825 675 693 669 296 633 184 770 649 528 888 93 450 443 789 565 225 374 730 262 625 784 602 359 268 326 506 226 315 655 811 240 231 655 551 307 180 546 538 293 239 399 579 179 526 381 528 941 750 569 437 698 243 613 322 230 527 411 959 274 790 583 534 667 210 197 906 106 302 365 528 194 238 827 88 354 417 393 540 478 239 475 550 560 159 183 662 531 482 683 385 628 641 122 496 142 513 745 587 400 714 732 755 766 734 367 536 257 461 221 445 294 690 257 205 98 901 220 516 710 791 562 532 615 378 491 314 370 348 693 335 377 803 532 1001 596 677 743 927 305 609 429 846 173 456 676 651 480 608 775 703 446 771 229 826 689 187 327 181 722 838 321 116 48 376 896 342
579 354 435 251 236 232 529 362 508 540 360 228 266 641 378 470 388 299 143 331 592 463 587 303 271 280 344 631 506 221 302 160 501 393 0 256 516 240 573 526 119 190 85 641 113 490 522 297 671 712 712 608 581 203 47 325 528 553 385 551 599 587 54 334 435 20 691 495 309 491 526 117 291 143 159 492 326 621 277 757 649 698 51 86 369 34 397 306 96 330 168 398 550 574 419 62 661 225 552 563 489 324 611 454 562 670 336 260 513 465 254 542 442 172 229 578 473 195 369 710 218 262 281 367 641 176 627 274 481 545 512 358 492 700 517 325 259 333 172 605 598 467 423 569 195 603 824 556 325 391 401 518 580 200 619 371 629 492 409 531 223 293 584 234 555 466 338 248 206 293 445 654 369 543 53 209 156 605 359 177 234 694 549 307 321 651 174 622 618 399 251 503 189 418 236 643 239 505 328 339 362 469 791 29 279 451 291 444 213 203 338 358 287 442 536 260 259 382 470 362 169 525 378 220 419 436 101 600 129 573 475 306 651 240 695 494 595 145 414 528 577 226 545 499 277 357 606 722 353 414 625 621 552 296 289 342 527 404 899 295 346 405 635 542 352
823 460 692 210 126 310 690 156 596 792 578 391 507 816 316 714 581 198 400 587 789 542 804 219 422 531 410 857 664 387 548 263 756 562 256 0 715 243 682 739 357 417 191 791 198 692 732 45 918 798 969 763 784 459 276 255 682 789 623 775 742 765 303 91 604 243 842 608 564 658 760 374 400 201 414 587 184 849 453 1013 906 946 218 342 558 264 633 378 342 496 370 422 735 634 166 196 918 275 719 802 702 116 828 682 746 907 505 55 553 604 145 797 550 239 339 822 217 300 121 951 170 241 531 621 895 344 846 179 605 763 735 536 744 848 621 121 472 350 327 850 854 684 672 815 388 700 1080 810 226 554 642 763 813 435 875 627 733 729 450 782 424 387 772 365 638 597 347 504 51 527 680 868 571 788 293 179 288 859 602 90 23 949 719 404 463 907 87 868 858 612 304 684 405 521 456 881 399 759 371 315 316 628 1047 259 68 689 539 676 457 456 460 397 377 571 596 353 483 525 605 157 338 770 635 447 669 691 226 841 385 818 602 535 725 388 950 685 700 258 639 783 745 434 801 722 378 607 861 967 475 670 851 785 719 281 521 597 635 161 1155 298 470 553 870 621 608
250 797 386 548 615 423 853 728 931 307 162 324 281 908 563 568 699 603 448 352 76 903 753 820 299 311 381 751 135 327 501 452 353 746 516 715 0 505 961 59 398 551 536 955 630 28 43 739 666 391 519 921 69 384 473 842 146 657 199 122 195 862 463 806 774 537 994 254 328 814 160 447 342 514 398 911 648 183 261 492 497 361 522 459 157 488 581 388 508 224 354 437 818 388 835 569 469 730 110 208 61 711 770 126 831 260 215 744 414 840 765 495 273 479 706 625 918 686 835 318 565 777 479 452 565 632 776 597 228 726 687 181 290 1006 922 819 256 832 642 639 402 680 253 605 331 311 579 352 842 178 558 233 688 532 503 362 304 619 408 296 297 362 837 695 330 851 839 382 668 553 602 160 669 599 463 725 427 543 534 668 692 586 849 769 269 551 661 295 675 122 442 795 327 846 280 246 317 498 421 513 542 142 537 537 765 590 285 617 324 460 290 844 759 836 377 738 260 223 203 858 378 241 403 298 503 458 615 243 454 615 222 224 384 330 436 39 288 650 137 494 117 598 484 104 363 273 376 352 281 349 174 915 111 508 559 438 925 803 613 803 772 784 714 335 427
