279
0 387 542 402 336 416 219 356 572 251 152 583 225 84 125 576 448 314 351 348 163 191 622 322 626 449 592 578 181 621 222 380 474 981 438 740 762 335 393 344 637 808 753 395 512 67 510 24 192 158 538 498 411 651 156 608 607 680 195 835 351 711 521 88 299 846 559 151 802 764 527 182 447 249 89 911 327 439 555 305 496 256 896 808 516 614 837 333 125 832 325 745 133 343 600 365 535 338 511 582 325 436 436 282 160 497 157 899 504 751 115 442 895 833 670 96 77 442 529 613 706 695 497 124 577 505 769 659 342 79 531 755 84 219 453 651 733 379 600 182 413 522 648 297 400 331 566 672 723 406 624 855 722 655 356 179 438 807 437 576 395 938 497 647 424 655 720 597 248 386 303 255 877 160 572 599 280 752 712 355 293 711 485 458 465 728 839 541 305 212 605 538 528 346 642 388 422 291 392 331 728 265 91 793 547 293 518 350 592 844 501 994 335 692 364 561 469 378 129 640 89 681 523 362 244 962 355 561 127 822 85 945 808 714 395 874 238 505 590 528 670 752 796 879 705 413 846 465 371 763 615 782 72 405 435 460 801 483 829 719 554 416 800 26 162 313 508 373 437 383 122 470 96 702 350 480 566 470 992
387 0 747 543 518 546 530 439 262 187 272 248 417 464 347 702 153 230 41 240 233 248 748 281 304 85 227 639 379 812 557 317 542 752 59 405 387 80 95 527 316 476 382 346 577 426 740 390 500 478 253 618 256 302 484 224 516 529 398 537 461 339 518 328 93 593 280 361 416 670 702 496 697 204 470 691 453 512 174 487 203 171 693 432 162 689 646 285 388 448 160 390 516 579 241 456 699 616 127 275 267 396 82 353 283 541 295 601 143 606 489 162 637 636 298 476 310 709 186 278 689 627 438 263 794 175 391 351 242 368 224 584 471 505 420 281 351 268 223 462 288 231 719 379 55 95 270 653 668 391 431 652 616 340 584 243 226 426 269 661 197 726 364 629 175 687 345 534 544 447 262 421 716 540 230 242 120 447 520 533 509 330 158 525 121 630 469 164 337 408 486 528 167 532 256 436 219 590 598 196 349 572 474 682 294 435 735 219 278 540 276 749 96 323 654 178 435 415 275 254 398 295 140 375 517 701 397 220 501 511 445 723 505 339 151 673 520 425 687 272 516 401 516 709 408 164 459 118 119 387 477 395 348 240 372 165 527 608 457 344 346 612 457 374 541 127 378 428 168 27 399 176 293 340 529 674 430 85 785
542 747 0 207 870 209 333 899 1005 565 518 995 766 488 666 143 881 522 708 849 642 520 153 839 1050 749 831 250 724 79 353 462 260 867 762 872 1114 666 813 877 1062 915 1114 440 250 591 52 565 354 669 695 171 547 1049 392 944 473 577 738 875 894 928 348 620 666 810 695 693 1105 535 64 688 114 738 562 805 294 269 840 841 690 723 769 1018 909 233 713 851 667 1146 792 1133 482 199 824 908 79 218 822 740 838 414 733 820 499 285 682 920 891 600 463 883 851 721 901 482 559 140 760 793 398 467 424 591 48 733 1112 780 844 622 717 639 520 324 401 881 978 512 860 709 919 696 248 368 793 758 1008 389 462 396 610 742 532 1086 871 534 913 1035 557 211 868 810 515 380 878 310 1075 433 301 317 816 335 697 462 781 988 637 830 645 216 258 956 723 267 866 523 1199 821 413 754 510 355 915 878 968 332 593 270 156 559 1071 295 557 574 1014 313 29 545 1022 890 978 903 651 908 214 908 397 351 635 968 629 957 875 898 298 903 361 775 588 888 597 830 864 940 846 751 306 450 193 658 577 912 820 711 789 636 1105 737 645 1111 537 1055 610 558 442 894 815 170 1183 1074 610 137 929 525 459 759 511 333 883 725 662 685 559 898 884 72 524 793 842
402 543 207 0 739 17 246 746 803 365 336 792 624 374 514 177 682 316 505 666 465 329 225 664 848 542 625 185 577 268 285 257 104 739 556 680 906 463 614 747 859 728 907 236 129 463 212 427 249 552 494 96 342 844 282 737 324 427 594 700 746 726 195 464 466 653 495 543 898 437 158 574 196 556 450 672 93 86 633 707 485 537 641 818 705 214 581 675 526 940 602 927 391 128 619 758 157 196 614 539 660 218 526 659 316 137 518 752 687 471 360 685 699 585 697 373 395 223 555 592 335 363 244 418 255 527 905 586 662 477 513 499 410 216 210 677 774 306 654 583 736 492 247 165 591 561 808 308 376 195 435 608 415 883 756 346 721 834 353 175 677 685 323 288 683 266 868 291 220 113 639 153 587 382 577 783 438 646 488 56 121 752 517 98 664 412 991 614 207 611 351 208 710 749 761 129 387 225 91 353 863 236 446 475 818 120 200 338 821 715 785 768 447 706 227 701 212 145 466 761 491 751 668 733 194 757 154 570 484 709 475 701 686 737 651 621 206 268 188 458 423 716 648 597 602 429 901 529 439 904 374 850 460 352 244 695 644 81 976 867 418 87 739 379 379 566 322 127 686 520 523 479 390 697 753 135 348 586 727
336 518 870 739 0 753 537 115 545 498 440 580 121 382 234 913 468 584 504 308 336 471 958 254 594 603 743 913 171 950 524 673 807 1243 577 923 782 518 457 9 602 994 764 696 846 280 833 312 516 203 753 835 674 645 478 679 912 968 151 1051 85 849 844 285 474 1092 779 204 859 1074 861 189 767 315 309 1176 661 771 683 34 702 350 1169 933 557 950 1114 257 214 873 365 731 395 673 759 105 869 656 634 785 270 744 597 167 458 828 257 1115 557 1044 408 454 1138 1107 808 389 356 755 703 796 1032 1010 804 358 901 688 795 864 302 263 731 1038 351 547 764 794 847 655 734 161 319 732 984 621 492 423 528 997 1042 718 892 1127 1027 608 77 451 397 920 699 912 379 1207 780 972 425 988 744 909 569 714 265 590 1168 421 748 617 475 961 984 691 628 829 669 790 518 1035 836 678 617 134 901 860 572 14 712 714 665 605 726 583 764 579 315 1099 478 627 844 610 562 1055 430 1247 529 835 673 635 782 701 307 708 247 782 605 189 573 1205 676 737 290 1027 273 1210 1019 845 416 1147 565 807 927 758 956 918 1024 1166 919 632 930 633 576 787 905 866 283 663 736 472 1033 820 835 744 810 750 975 359 424 391 793 699 443 532 215 673 369 855 14 812 853 597 1265
416 546 209 17 753 0 263 758 806 370 345 794 637 390 526 167 686 317 508 674 474 337 215 673 850 542 621 168 590 267 302 253 87 723 556 671 905 465 618 761 862 718 907 231 111 477 218 441 266 567 487 83 338 845 299 736 308 412 607 689 759 720 179 476 470 639 488 556 895 420 157 589 207 564 465 656 100 72 631 720 481 544 626 812 707 199 566 684 539 937 608 927 407 145 614 770 153 213 613 533 669 209 526 671 325 120 530 739 688 455 377 690 685 570 692 389 407 236 551 585 318 346 232 428 258 524 903 578 670 490 508 484 425 233 200 672 770 303 651 597 744 487 232 169 594 567 812 291 358 188 423 592 398 886 770 354 727 828 348 160 683 669 314 271 688 249 867 275 238 107 648 164 571 399 572 784 442 635 474 74 138 747 514 82 666 395 990 612 209 624 336 192 712 763 759 123 383 242 105 353 862 253 461 458 823 130 205 337 824 703 791 753 449 700 243 701 200 141 477 759 505 748 669 744 211 743 152 565 500 698 490 685 675 732 656 605 224 257 174 451 409 709 636 581 592 427 896 528 439 902 360 846 472 349 236 699 632 69 974 866 409 98 730 393 396 572 312 124 690 522 537 476 401 691 767 140 336 586 711
219 530 333 246 537 263 0 573 757 348 258 760 437 155 344 395 629 359 489 557 353 282 436 536 808 566 690 430 398 412 43 369 344 948 566 799 918 457 566 544 820 860 912 368 374 259 295 239 30 336 593 332 438 823 62 752 538 632 410 859 565 806 421 304 437 839 606 369 938 673 330 355 230 450 229 879 216 315 673 509 565 446 854 904 682 454 793 548 340 973 518 915 153 141 692 581 341 120 638 642 538 385 550 502 246 375 372 918 667 690 130 627 887 794 769 148 258 223 619 685 581 599 436 302 363 591 921 708 551 298 599 708 187 36 392 749 841 397 709 376 624 583 485 242 560 504 755 552 617 353 609 817 643 841 539 286 637 911 460 415 593 898 479 531 615 512 875 514 32 291 516 167 813 138 655 766 409 788 682 189 125 818 574 333 633 644 999 655 282 425 553 437 691 545 782 302 469 72 198 393 879 47 223 708 746 192 306 397 776 871 703 972 448 786 145 707 402 304 333 781 300 801 670 582 51 951 289 645 256 857 264 910 838 813 583 832 39 454 422 568 626 824 812 820 740 486 964 569 466 917 571 904 291 440 399 642 812 317 987 874 563 223 861 207 135 495 485 289 624 515 333 547 265 787 551 279 532 600 945
356 439 899 746 115 758 573 0 434 457 422 471 138 421 233 923 366 545 432 209 300 446 970 159 482 525 658 909 175 978 568 641 802 1183 496 842 672 453 366 120 489 912 653 666 841 316 866 334 547 265 685 842 628 534 511 578 879 924 163 976 30 757 826 282 412 1027 712 205 752 1042 881 259 803 248 357 1118 661 766 594 107 634 283 1115 838 455 951 1062 158 233 764 279 618 446 699 675 17 888 693 546 713 174 717 521 95 442 819 230 1040 457 1002 451 352 1072 1054 718 430 350 795 626 717 1015 982 776 336 933 613 686 790 205 276 660 990 395 575 739 705 750 614 644 218 207 664 984 610 404 343 416 979 1018 695 840 1073 992 494 192 426 289 822 650 913 277 1151 738 954 322 980 635 882 603 704 177 593 1122 475 669 510 420 886 933 704 646 734 595 785 420 1002 724 591 598 149 863 842 470 126 611 701 611 644 747 537 656 618 364 1063 364 628 875 566 450 979 317 1184 468 745 715 537 757 686 284 607 273 685 509 77 600 1138 661 659 350 950 316 1151 944 753 319 1094 594 774 932 696 912 832 954 1119 847 571 827 557 515 677 863 764 289 615 705 369 964 828 723 634 756 770 891 374 478 312 752 687 341 457 240 605 357 767 118 835 812 512 1210
572 262 1005 803 545 806 757 434 0 439 502 46 493 656 482 964 127 492 299 251 410 489 1010 302 54 297 347 901 479 1072 777 578 804 922 270 520 238 341 193 552 65 580 219 608 839 586 993 565 726 601 458 880 512 100 703 194 762 756 490 672 464 398 777 490 338 760 482 479 326 906 962 611 946 324 636 870 711 774 279 527 418 316 883 451 112 951 845 295 517 333 246 187 705 827 368 448 960 857 253 455 289 656 308 392 518 803 429 728 131 829 687 130 795 833 368 669 506 954 363 428 942 872 694 458 1050 372 253 510 258 522 421 798 652 738 680 365 367 529 314 567 226 439 980 638 212 253 22 906 914 653 652 845 851 83 622 479 152 427 520 923 184 908 612 884 147 946 203 785 777 710 303 672 925 733 388 93 367 590 732 789 758 358 365 788 141 867 291 290 598 491 727 787 116 558 215 698 470 824 852 458 227 802 642 913 84 691 990 481 19 668 119 907 359 394 892 177 695 678 443 211 544 303 180 357 754 851 659 383 655 635 600 900 639 387 176 866 755 679 950 490 743 490 671 914 566 414 410 328 379 244 714 353 510 497 631 114 685 870 289 203 572 868 549 569 734 262 625 690 135 288 529 400 495 424 551 932 671 253 966
251 187 565 365 498 370 348 457 439 0 103 432 378 311 273 533 316 88 146 318 161 68 580 331 486 218 350 486 329 633 379 185 382 750 218 489 572 109 248 507 498 557 568 212 420 309 554 264 320 386 287 447 177 489 309 404 421 470 350 586 469 469 382 231 101 606 308 299 589 584 523 408 510 219 340 682 272 348 325 464 245 190 672 568 348 534 616 341 308 625 244 578 362 391 355 472 522 429 290 331 323 265 203 361 106 389 240 651 330 547 330 319 654 610 430 321 178 521 283 363 568 527 320 148 610 257 574 408 316 269 280 540 328 320 288 410 498 157 364 388 386 271 566 200 229 196 443 531 563 247 395 631 535 521 547 73 358 571 202 501 316 712 283 506 318 546 531 426 360 281 306 234 670 381 324 429 72 501 487 349 322 475 238 364 302 545 655 309 166 366 406 396 354 511 434 273 175 405 413 86 532 388 342 606 453 251 551 112 457 594 421 759 100 449 467 361 305 254 192 433 299 454 325 418 331 721 232 313 377 572 329 716 558 474 286 651 335 318 525 279 458 503 550 668 455 161 618 225 123 571 408 558 244 166 250 330 556 436 642 530 316 428 549 230 381 205 295 263 320 169 315 220 158 456 511 492 356 251 769
152 272 518 336 440 345 258 422 502 103 0 502 319 207 206 513 375 162 232 331 129 39 560 327 553 318 453 488 268 592 285 237 380 832 313 591 660 204 310 449 565 659 654 257 419 215 499 168 228 299 388 428 260 565 211 496 473 537 289 683 428 572 405 156 179 694 407 235 685 634 486 322 447 221 241 762 245 344 425 406 347 205 749 671 424 531 691 338 233 719 274 657 258 328 459 436 489 354 386 433 324 304 303 330 20 396 192 747 408 611 227 374 743 687 533 217 88 453 387 466 594 569 364 86 561 361 664 509 327 187 382 610 225 235 324 513 600 229 466 310 401 372 564 188 302 249 502 558 602 278 474 708 588 586 478 30 396 673 286 495 351 790 351 533 366 557 618 469 275 281 303 185 736 278 428 508 153 600 564 305 261 577 342 363 375 596 741 409 177 306 466 421 433 453 527 279 269 322 362 179 622 302 242 660 500 215 500 198 522 692 461 844 199 553 389 451 341 263 138 526 214 553 413 400 251 810 239 417 279 671 235 796 656 577 333 727 253 368 515 376 526 607 644 737 553 264 719 327 227 660 473 657 163 253 297 388 649 415 729 617 402 381 652 129 278 245 362 264 372 260 237 323 72 559 454 447 422 346 845
583 248 995 792 580 794 760 471 46 432 502 0 521 667 501 948 135 477 287 279 420 486 994 332 58 270 305 881 503 1061 782 559 787 879 246 475 201 328 193 587 69 534 184 588 821 602 986 579 729 624 423 865 489 69 707 148 733 722 515 628 501 352 755 504 331 718 446 501 284 874 950 635 941 340 652 828 701 758 240 560 386 327 842 404 87 931 807 326 538 293 261 163 716 822 327 486 947 856 218 417 318 635 283 422 517 784 447 683 106 794 697 143 752 794 323 679 514 951 327 387 916 843 670 465 1042 338 214 469 285 538 387 762 665 738 658 321 320 509 272 592 263 405 960 627 203 256 69 880 885 634 618 805 819 94 657 477 183 380 495 905 208 867 585 858 167 923 164 757 778 694 330 666 887 744 349 46 360 546 695 780 753 312 333 771 129 835 263 253 585 518 697 764 85 594 169 682 445 825 845 442 185 804 657 879 130 682 982 463 46 624 162 864 345 349 892 136 673 662 455 164 562 257 146 394 754 807 644 345 673 590 617 858 595 341 190 826 755 653 932 457 709 444 628 875 524 389 366 298 359 206 682 308 525 473 609 124 642 855 258 163 539 859 503 578 746 270 598 675 151 272 549 370 501 378 586 922 641 224 924
225 417 766 624 121 637 437 138 493 378 319 521 0 283 113 799 395 463 398 241 218 349 846 191 545 500 644 795 50 846 430 552 689 1126 476 820 721 407 370 130 554 891 705 574 727 178 732 201 413 130 641 720 555 589 375 599 790 847 30 941 128 754 723 165 363 977 666 83 787 952 752 129 667 213 219 1059 544 652 588 87 591 246 1051 843 482 833 995 199 99 807 278 680 307 567 659 144 760 557 539 676 203 623 493 104 337 708 138 1006 478 923 313 383 1024 989 713 292 236 659 599 691 912 888 683 237 799 581 732 755 235 147 622 918 256 442 643 698 759 534 638 85 278 621 867 501 399 326 479 876 921 597 773 1009 905 565 171 330 340 834 580 795 312 1090 660 851 356 869 680 788 468 594 190 473 1047 336 644 552 361 852 866 579 518 739 562 672 437 914 784 581 496 13 780 739 496 134 634 594 548 507 617 464 697 481 225 977 439 510 741 491 511 946 389 1132 417 740 578 553 660 580 186 630 137 696 520 173 467 1091 555 633 212 920 177 1093 911 753 339 1029 460 685 812 644 836 818 912 1046 809 518 851 528 463 724 784 787 164 544 615 402 920 706 779 680 693 641 874 245 339 295 672 579 373 428 103 563 248 757 135 705 733 500 1147
84 464 488 374 382 390 155 421 656 311 207 667 283 0 201 540 532 359 426 432 247 245 583 403 710 521 660 558 248 567 146 408 460 1010 512 798 844 405 476 389 721 864 834 418 495 105 451 96 134 182 593 468 454 734 96 687 619 701 257 883 411 779 520 171 373 883 611 222 880 770 481 202 385 334 76 940 315 426 627 354 554 340 922 877 598 589 861 415 189 911 410 829 52 292 666 428 491 274 586 639 408 451 506 356 207 487 239 946 586 768 31 527 932 859 739 12 155 375 594 673 697 698 510 204 518 568 850 713 426 153 589 778 35 166 465 719 804 417 670 221 495 578 621 304 481 414 651 665 723 420 656 882 732 739 386 237 522 878 479 549 480 964 526 642 509 638 801 604 187 382 386 245 895 77 635 682 351 803 740 321 255 782 549 445 548 736 921 612 325 272 624 537 610 390 720 389 471 224 347 382 809 197 71 802 632 282 462 397 676 893 586 1028 403 759 294 640 479 382 214 718 148 754 602 437 192 999 361 624 110 873 109 974 857 783 480 900 183 522 560 577 692 814 841 899 755 471 920 533 434 844 637 857 153 450 456 544 845 453 911 800 593 371 859 90 78 396 535 373 521 457 181 530 171 767 396 431 591 544 1017
125 347 666 514 234 526 344 233 482 273 206 501 113 201 0 691 366 355 320 240 121 238 737 205 536 424 571 682 63 744 345 441 576 1023 405 737 692 319 324 243 546 808 679 462 614 107 635 105 317 130 549 610 450 570 282 552 678 738 83 850 232 686 610 51 277 878 573 30 746 840 647 148 572 162 158 955 431 539 522 200 501 184 945 779 445 722 888 216 41 771 240 664 238 466 583 244 654 464 474 587 211 510 414 157 223 595 55 915 437 814 232 357 926 883 645 212 122 567 517 608 798 775 570 126 701 497 701 666 234 48 533 810 183 343 530 627 698 426 570 118 298 530 755 387 343 268 473 762 808 484 668 904 794 561 274 219 337 773 475 684 298 985 551 738 335 756 650 675 374 480 190 362 938 268 562 524 268 763 760 471 412 677 477 559 396 802 763 511 382 100 670 626 459 246 587 480 447 416 514 360 663 390 164 866 445 398 642 385 502 857 397 1032 326 669 489 505 547 466 81 584 62 639 468 237 368 993 442 551 173 832 119 989 821 686 310 923 362 573 701 547 727 741 818 938 718 423 801 448 371 694 675 736 55 440 503 376 825 596 756 649 590 537 794 140 271 242 563 465 350 352 51 473 134 684 248 602 624 433 1042
576 702 143 177 913 167 395 923 964 533 513 948 799 540 691 0 846 472 665 841 642 504 47 841 1006 688 748 112 753 147 427 392 164 726 706 765 1045 622 779 920 1017 801 1049 365 138 634 189 600 407 721 605 85 472 996 444 878 345 446 769 751 923 836 232 641 631 678 600 720 1024 392 88 742 230 732 616 666 268 190 768 881 609 711 629 920 861 89 574 851 701 1067 774 1074 548 254 738 935 70 303 757 646 837 326 673 837 492 177 696 792 842 462 521 851 718 583 812 536 573 263 681 700 254 326 319 595 179 656 1041 675 837 652 632 503 574 374 308 793 890 444 781 755 911 609 107 334 753 730 971 246 318 318 492 604 392 1042 925 521 891 940 476 72 848 669 415 239 851 166 1009 304 365 254 816 331 554 533 696 935 604 715 516 221 285 868 649 179 823 382 1130 749 368 786 386 234 865 922 898 266 519 350 197 506 1001 370 611 431 985 297 164 486 981 767 955 764 605 816 315 847 299 286 644 899 665 876 817 911 348 767 304 690 648 769 644 690 744 848 819 611 359 344 49 565 447 808 696 569 677 569 1014 669 589 1041 413 969 636 485 355 860 690 98 1113 1008 506 172 819 554 530 737 409 273 853 676 698 610 568 802 926 133 409 733 700
448 153 881 682 468 686 629 366 127 316 375 135 395 532 366 846 0 376 183 160 285 363 893 213 179 214 312 789 373 950 650 468 689 878 182 498 327 226 67 476 190 565 313 498 725 467 868 443 599 491 388 761 410 204 576 211 669 676 387 644 394 397 670 369 215 716 414 368 392 821 840 504 820 204 517 820 589 658 243 444 341 192 827 472 88 838 784 210 404 411 126 298 581 701 332 383 839 730 200 398 198 548 220 303 391 691 312 705 90 753 562 15 756 773 359 544 380 827 303 385 843 780 591 332 926 302 337 466 165 403 354 727 530 610 572 350 384 421 290 462 172 367 869 516 97 126 127 806 821 541 576 788 766 211 543 352 90 456 422 809 89 857 517 783 44 839 286 687 649 592 206 547 858 609 339 158 244 556 662 664 632 369 290 672 58 781 396 246 478 391 638 681 103 482 244 582 371 697 727 345 302 675 522 832 141 567 866 370 146 643 125 870 244 387 765 170 588 562 319 240 427 319 146 291 627 817 542 330 538 611 482 852 611 391 56 808 628 578 835 414 663 479 632 849 524 316 461 249 272 330 628 398 389 394 525 13 645 751 389 285 492 744 539 443 610 136 530 573 26 181 416 318 368 412 476 808 582 180 916
314 230 522 316 584 317 359 545 492 88 162 477 463 359 355 472 376 0 193 400 248 123 518 417 534 228 333 413 414 584 397 99 313 670 239 443 593 150 309 593 545 508 593 128 349 378 519 331 335 460 237 388 97 528 334 423 334 383 435 524 557 447 300 310 165 532 253 383 594 496 474 483 483 306 402 602 229 282 326 550 205 275 590 545 390 462 533 426 388 634 322 610 407 369 333 560 471 419 301 284 409 180 212 449 154 315 326 587 371 460 373 382 580 527 411 368 249 500 261 326 484 439 234 229 570 233 592 355 398 346 240 454 382 326 204 391 485 70 355 467 466 225 493 155 281 267 499 447 477 167 313 548 447 570 630 139 430 553 123 432 390 630 196 422 385 468 553 339 364 217 392 213 583 421 295 467 142 443 404 312 302 462 218 296 351 457 678 307 109 451 318 313 394 597 449 206 112 405 379 37 551 393 402 518 517 217 512 38 508 533 490 682 133 427 458 385 221 186 277 448 374 451 352 505 331 648 167 286 441 514 397 636 498 455 355 568 337 230 458 218 372 465 483 582 396 128 610 220 123 591 321 553 321 91 163 389 487 378 663 552 240 390 505 290 421 282 208 198 384 205 394 187 231 427 597 450 269 270 686
351 41 708 505 504 508 489 432 299 146 232 287 398 426 320 665 183 193 0 244 202 207 712 279 342 104 250 606 357 774 517 285 507 752 87 421 429 43 118 513 354 492 423 314 543 393 699 356 459 450 253 581 231 343 443 264 494 514 377 546 452 366 487 296 53 595 280 337 454 651 663 468 656 189 436 688 413 476 205 472 202 153 688 461 202 655 638 284 361 487 161 431 478 538 263 449 661 575 160 281 266 365 95 342 242 508 269 611 184 592 451 190 639 629 325 437 273 668 200 292 663 605 410 227 754 184 432 360 244 337 228 573 435 463 389 307 383 238 252 436 299 232 686 340 87 94 305 626 645 358 420 647 597 378 567 202 246 458 246 626 212 723 342 602 197 656 386 509 503 411 257 380 705 501 245 283 79 457 511 493 468 361 165 490 158 611 511 192 299 388 467 499 208 518 296 400 198 549 558 162 390 531 439 665 324 395 695 187 316 551 302 751 61 349 613 219 405 380 245 294 367 329 181 373 476 705 360 234 467 523 412 721 515 367 170 667 479 399 652 266 501 422 522 699 416 148 494 130 95 428 460 431 316 216 342 196 532 571 498 385 334 572 476 337 502 122 356 392 194 32 371 173 256 363 515 635 411 118 781
348 240 849 666 308 674 557 209 251 318 331 279 241 432 240 841 160 400 244 0 207 336 889 53 304 324 451 803 229 923 568 500 697 993 294 637 480 275 158 315 314 706 463 528 736 348 827 336 527 352 493 755 465 347 497 371 727 756 238 775 235 548 700 260 241 834 521 233 552 888 817 360 771 110 399 931 573 662 386 284 443 130 932 629 249 850 883 50 271 568 83 438 476 655 470 225 820 669 338 516 38 581 323 144 351 707 193 839 249 835 464 146 877 873 509 444 299 772 424 515 885 836 634 259 890 416 492 591 6 285 465 817 421 546 605 497 541 462 436 316 70 472 882 508 199 149 238 848 875 566 664 891 835 326 382 319 100 614 484 816 72 966 578 823 117 865 440 738 582 596 52 516 949 505 466 312 259 685 755 636 590 525 399 680 211 848 542 384 481 239 704 713 263 322 404 590 439 628 692 381 458 604 404 905 205 545 829 410 270 777 156 990 293 537 700 328 622 571 224 400 303 476 299 137 567 942 548 456 412 747 359 964 743 544 110 912 565 627 838 510 744 625 756 944 648 391 622 359 336 484 700 558 279 451 563 164 768 743 538 440 578 712 684 352 507 124 592 578 135 263 283 415 294 559 315 778 650 306 1025
163 233 642 465 336 474 353 300 410 161 129 420 218 247 121 642 285 248 202 207 0 146 690 198 463 306 452 616 170 718 369 341 508 908 288 616 599 198 229 346 475 687 589 366 547 194 620 161 323 248 428 558 338 487 295 448 580 631 191 730 310 569 527 94 156 760 452 142 643 742 613 267 563 97 239 840 374 472 406 302 380 94 833 664 352 659 777 210 160 671 165 582 296 447 463 315 616 463 360 466 196 417 295 206 149 522 79 795 341 708 276 280 807 771 527 259 96 565 397 487 715 682 475 52 683 376 606 545 202 135 412 701 247 340 439 510 584 318 454 239 277 409 693 316 239 168 406 679 717 395 555 791 694 493 388 126 284 659 362 624 239 871 444 654 264 683 556 581 377 408 174 313 831 324 442 435 147 642 648 432 384 562 356 491 302 704 675 395 298 206 566 542 364 350 483 404 330 424 486 246 566 400 244 766 392 344 622 273 430 736 349 915 205 551 495 401 456 388 42 480 165 528 363 272 360 875 363 431 268 711 212 875 700 570 234 811 359 475 644 428 620 621 698 829 597 303 691 328 250 600 569 627 114 326 405 297 705 544 666 556 475 506 674 158 325 149 457 391 275 234 170 352 88 565 350 573 517 318 929
191 248 520 329 471 337 282 446 489 68 39 486 349 245 238 504 363 123 207 336 146 0 552 339 538 286 418 471 299 592 312 203 363 793 284 553 635 174 296 480 550 620 630 224 403 254 505 208 253 337 349 419 221 546 241 469 440 501 320 643 453 537 380 190 156 655 368 267 656 602 484 360 456 228 280 724 236 328 393 437 309 207 712 635 404 515 654 350 268 691 272 637 295 337 423 460 485 370 356 394 334 273 270 352 38 376 217 707 388 576 263 364 704 649 498 255 126 465 350 428 569 539 333 112 564 324 638 469 333 224 344 574 264 256 295 478 566 191 432 346 406 333 549 172 283 238 491 533 573 249 436 670 556 572 512 19 392 639 246 480 348 753 314 508 358 537 593 439 296 263 314 185 701 314 391 488 128 561 526 304 269 543 305 346 357 564 718 377 152 336 431 396 412 484 500 258 230 342 365 139 596 324 281 628 493 210 504 159 508 652 458 805 167 517 407 425 312 241 164 499 251 521 388 417 269 771 217 380 319 631 274 758 617 542 325 690 272 335 502 336 490 569 604 701 513 225 686 293 191 635 437 625 199 214 265 376 609 406 705 592 363 383 614 168 314 238 326 245 363 233 273 285 108 523 485 448 386 317 808
622 748 153 225 958 215 436 970 1010 580 560 994 846 583 737 47 893 518 712 889 690 552 0 888 1051 732 788 137 799 131 466 436 208 736 751 798 1087 669 826 966 1063 832 1092 409 178 679 204 646 450 765 644 133 515 1041 487 921 371 468 816 777 970 873 267 688 678 698 638 767 1064 399 113 786 255 780 659 679 315 236 811 927 650 759 640 956 907 98 588 899 747 1108 822 1118 589 295 778 982 98 339 800 684 884 368 717 884 540 217 743 815 888 477 564 898 736 598 851 580 620 286 723 738 257 338 356 643 178 698 1083 710 885 698 672 521 618 417 348 832 928 488 822 799 959 649 101 381 799 777 1018 255 325 362 522 618 406 1088 969 569 939 977 518 100 896 679 453 253 899 170 1052 329 405 301 864 378 561 574 735 980 651 745 539 267 329 907 692 223 869 394 1172 791 415 833 414 267 910 967 941 312 562 387 237 552 1043 408 655 438 1032 345 179 531 1027 793 1002 776 651 854 347 891 338 332 691 942 711 917 862 958 391 782 351 731 691 796 689 701 771 886 867 624 401 380 71 604 471 842 722 577 708 613 1051 713 635 1083 441 1008 683 529 397 906 714 145 1155 1051 542 213 851 600 571 785 446 320 900 722 744 652 615 839 972 164 441 778 707
322 281 839 664 254 673 536 159 302 331 327 332 191 403 205 841 213 417 279 53 198 339 888 0 354 367 499 810 183 916 543 516 703 1031 337 683 533 305 207 262 363 753 516 544 742 312 815 306 507 306 532 756 490 399 475 424 749 784 190 819 184 598 713 233 267 873 558 192 605 911 812 313 756 112 362 967 573 667 435 230 481 142 967 680 302 855 916 11 231 621 121 489 443 642 516 176 815 652 386 557 15 597 364 90 348 715 165 883 302 863 435 199 917 907 559 415 282 755 468 559 900 857 652 248 879 457 545 633 48 252 505 847 388 528 620 546 593 483 485 268 94 510 888 511 245 187 288 863 894 579 695 925 859 374 329 321 150 666 511 820 125 1002 603 838 171 875 493 757 563 602 25 512 980 473 511 365 280 729 788 630 581 576 439 685 263 871 593 431 489 190 729 727 317 268 457 597 468 609 683 402 512 583 369 930 249 543 819 432 320 821 199 1030 322 586 681 381 637 579 205 454 266 528 351 94 551 982 555 500 372 791 321 1001 787 594 162 946 548 647 841 545 772 673 798 975 690 423 675 400 367 537 726 611 249 476 581 218 808 743 590 493 610 704 731 329 476 157 616 584 189 301 243 452 280 608 262 771 675 353 1060
626 304 1050 848 594 850 808 482 54 486 553 58 545 710 536 1006 179 534 342 304 463 538 1051 354 0 328 356 939 533 1117 829 617 844 927 304 519 197 384 242 601 11 575 175 646 879 640 1041 619 778 655 479 922 547 62 755 192 790 778 543 672 512 391 813 544 385 766 502 534 293 930 1006 664 994 378 691 878 756 815 293 577 443 369 893 433 144 989 859 347 571 293 300 136 758 876 378 495 1004 907 275 471 342 693 341 444 568 842 483 725 164 850 740 183 798 846 366 722 559 1004 383 439 973 900 728 511 1097 395 213 520 311 576 442 816 706 789 716 366 353 566 321 621 275 461 1018 683 257 304 66 938 942 692 674 857 876 36 672 529 204 407 553 962 238 917 643 916 202 981 167 815 828 751 357 720 940 787 403 89 414 593 749 835 807 348 391 828 184 892 242 307 641 544 754 822 143 607 206 739 503 875 899 499 193 854 696 935 120 737 1037 520 34 667 164 910 401 391 943 189 731 719 496 201 598 293 203 405 805 852 701 399 710 634 654 907 640 379 230 877 806 712 989 514 765 485 675 928 574 447 381 356 417 203 739 328 564 532 667 166 690 912 241 167 596 914 543 622 788 315 655 732 189 329 583 427 547 421 599 978 699 282 973
449 85 749 542 603 542 566 525 297 218 318 270 500 521 424 688 214 228 104 324 306 286 732 367 328 0 146 614 461 809 598 295 524 671 31 320 365 115 170 612 339 391 365 323 556 495 748 456 538 554 174 607 220 309 527 194 464 464 480 451 547 262 486 400 151 511 201 441 371 611 699 573 711 288 536 610 457 498 107 573 127 254 615 359 185 664 570 370 465 409 246 386 573 596 158 542 694 641 73 191 353 368 16 439 324 518 374 515 166 540 543 226 553 559 221 532 372 727 101 192 646 575 400 327 797 91 364 266 326 441 142 513 532 538 390 203 283 244 150 541 367 153 692 384 128 181 311 610 617 370 363 575 556 364 669 287 298 357 224 640 275 647 315 588 245 653 325 488 577 437 347 438 644 594 144 249 170 362 448 541 527 261 76 509 164 572 449 91 337 491 430 494 184 618 221 424 175 621 607 190 322 605 539 620 347 445 740 204 309 454 339 666 119 245 680 159 404 404 348 220 471 235 129 460 546 617 389 134 569 425 515 643 419 264 228 596 551 383 667 200 451 318 432 635 324 120 400 35 105 362 418 339 419 205 341 223 443 599 434 324 279 618 373 433 595 213 328 419 234 72 475 104 353 259 614 677 374 45 706
592 227 831 625 743 621 690 658 347 350 453 305 644 660 571 748 312 333 250 451 452 418 788 499 356 146 0 658 606 881 725 368 584 575 167 186 309 257 292 752 364 255 318 390 610 640 837 600 663 700 147 673 283 314 657 168 467 433 625 332 682 119 525 546 296 413 161 587 276 589 774 719 809 431 680 523 550 565 69 714 140 398 536 217 245 708 502 500 611 319 379 359 711 699 21 675 767 751 113 121 484 422 157 577 457 571 520 392 231 500 680 327 449 489 79 670 514 828 72 82 655 570 435 471 879 100 301 163 455 587 116 463 674 658 440 59 152 320 38 687 482 139 731 481 253 320 366 622 612 435 330 500 535 388 811 423 403 221 274 690 391 561 338 603 353 681 280 499 697 513 482 546 584 731 55 266 312 245 397 635 634 129 115 572 254 553 390 67 433 636 425 529 235 758 171 498 238 738 701 297 265 725 682 588 418 546 826 299 351 331 427 563 257 100 791 169 450 480 494 174 617 128 172 589 664 508 471 57 713 299 660 553 299 123 345 520 670 412 719 187 421 175 325 572 219 205 278 127 227 303 405 224 564 273 393 316 338 668 371 279 264 708 232 574 732 351 348 497 337 218 621 147 496 113 754 761 374 146 619
578 639 250 185 913 168 430 909 901 486 488 881 795 558 682 112 789 413 606 803 616 471 137 810 939 614 658 0 746 259 468 322 107 616 635 661 962 563 723 921 950 694 967 292 68 642 289 603 434 732 513 104 394 924 467 798 234 334 764 641 913 739 133 631 578 566 504 712 933 286 188 754 315 698 632 556 251 143 685 880 523 673 519 820 794 50 463 820 698 977 730 996 576 301 647 922 171 363 679 550 804 246 600 818 468 98 679 680 774 351 545 795 605 472 718 557 560 349 595 604 159 217 223 573 289 572 957 573 800 649 542 391 593 402 224 700 795 372 693 761 872 519 79 300 692 680 910 142 215 247 385 493 282 975 934 490 843 842 393 40 802 560 321 131 799 81 927 193 403 207 785 322 447 567 605 864 553 607 404 241 306 774 567 124 760 273 1046 666 322 781 276 131 795 923 816 213 440 401 248 443 918 416 628 326 930 285 265 419 916 657 904 653 544 720 384 770 211 232 625 817 666 787 744 888 379 655 255 601 668 659 655 580 634 753 768 501 391 247 66 472 336 706 586 462 571 493 917 592 522 957 304 876 630 408 273 802 578 117 1028 926 407 228 713 554 564 691 312 225 798 612 698 527 551 704 927 218 304 660 593
181 379 724 577 171 590 398 175 479 329 268 503 50 248 63 753 373 414 357 229 170 299 799 183 533 461 606 746 0 803 394 502 640 1078 438 779 701 363 341 180 542 850 686 524 678 144 691 159 372 123 596 673 506 572 336 571 740 798 21 897 170 718 673 115 319 930 621 33 762 902 708 131 628 179 190 1010 495 603 552 137 547 209 1002 809 457 785 946 193 59 784 250 665 278 524 620 184 715 518 504 632 193 572 452 112 286 659 91 962 452 873 278 362 978 940 677 257 186 621 558 649 862 838 632 186 758 539 711 712 222 102 578 869 224 400 593 661 726 485 602 89 276 577 819 451 366 292 467 826 871 547 725 960 855 555 217 280 329 801 531 747 295 1041 610 801 336 820 659 737 428 544 176 425 998 307 603 531 315 809 817 533 473 706 519 622 411 864 767 544 446 37 730 689 472 184 606 544 500 469 574 415 675 443 197 927 432 462 700 442 498 903 382 1085 372 703 541 525 610 530 137 603 99 665 489 191 425 1045 505 592 193 877 148 1045 867 718 317 980 419 635 764 598 786 779 867 997 765 472 823 487 418 704 734 758 117 496 564 381 875 659 762 659 645 597 834 200 310 262 622 529 353 388 67 519 197 719 185 661 683 464 1098
621 812 79 268 950 267 412 978 1072 633 592 1061 846 567 744 147 950 584 774 923 718 592 131 916 1117 809 881 259 803 0 432 517 299 868 824 909 1171 732 882 957 1128 948 1173 492 280 670 123 645 433 749 742 208 600 1113 471 1002 493 593 817 899 973 974 377 698 734 825 739 772 1157 531 110 768 190 813 642 810 360 316 896 921 741 797 771 1061 974 228 719 927 747 1200 864 1194 562 278 873 987 115 297 880 785 914 460 793 898 572 318 760 940 956 607 543 952 864 728 949 561 636 212 813 838 388 469 461 667 63 786 1169 819 919 701 766 649 600 403 444 930 1027 568 913 788 994 744 232 434 860 828 1077 386 456 447 639 748 536 1152 951 607 985 1080 607 219 940 811 556 383 949 301 1134 451 380 372 892 407 693 541 831 1052 705 861 663 287 335 1005 778 310 933 525 1256 877 476 833 534 381 979 958 1025 386 647 349 232 621 1128 374 636 570 1085 382 106 604 1089 915 1050 907 716 954 290 968 437 405 712 1025 708 1009 936 976 378 912 419 825 668 916 677 832 891 987 917 755 385 486 194 703 595 952 844 709 822 693 1152 794 706 1168 561 1105 689 612 489 963 837 213 1240 1133 648 211 964 604 538 831 550 390 953 789 742 739 635 942 963 145 555 853 838
222 557 353 285 524 302 43 568 777 379 285 782 430 146 345 427 650 397 517 568 369 312 466 543 829 598 725 468 394 432 0 411 385 992 596 838 945 487 588 530 841 900 938 411 414 251 311 239 62 320 632 368 478 847 74 781 581 676 404 901 558 842 464 310 464 882 645 368 969 715 357 337 244 463 214 922 260 357 705 497 602 462 898 941 706 490 836 555 335 1004 535 939 130 172 727 574 369 134 669 681 546 429 583 502 275 417 378 961 692 734 116 647 930 837 805 137 272 231 655 723 620 641 480 319 378 627 949 748 562 297 637 752 174 80 435 784 876 437 743 363 634 622 520 285 585 526 774 593 658 396 652 860 686 860 519 314 652 947 500 451 608 941 522 572 633 550 903 557 64 334 524 210 856 109 692 790 437 829 726 228 166 853 610 374 657 686 1026 688 323 419 596 480 716 530 812 346 508 82 230 429 907 58 208 751 761 235 325 435 796 913 717 1015 479 822 149 736 446 347 344 811 295 833 698 582 93 994 333 682 236 899 253 954 879 849 602 876 81 498 456 609 669 863 854 863 781 523 998 603 500 945 615 937 294 479 442 662 855 353 1014 902 605 254 900 215 106 514 528 332 642 545 328 583 282 824 537 305 575 630 989
380 317 462 257 673 253 369 641 578 185 237 559 552 408 441 392 468 99 285 500 341 203 436 516 617 295 368 322 502 517 411 0 228 603 314 438 654 242 403 682 628 494 657 29 261 447 468 400 350 534 240 312 85 604 360 486 238 300 522 490 651 471 203 392 263 477 246 469 642 401 408 558 443 404 463 533 186 202 379 639 228 374 516 565 472 372 456 525 470 684 421 681 450 340 362 656 402 400 364 288 508 81 280 546 223 225 417 549 453 373 414 475 526 453 440 414 326 465 298 338 385 341 135 315 511 270 652 344 498 425 257 375 436 333 105 420 518 51 397 547 565 237 402 129 371 364 587 347 378 75 248 475 353 653 715 222 527 578 98 345 488 558 118 323 481 371 617 241 365 145 491 204 499 459 321 544 241 419 333 270 281 495 261 213 437 362 739 359 88 539 228 215 474 686 508 130 130 399 335 123 611 392 462 425 609 190 457 97 594 502 586 619 223 450 438 454 122 111 366 508 451 494 425 603 329 591 103 313 502 488 465 566 468 481 451 494 339 133 373 208 290 469 443 500 372 177 644 277 199 651 236 593 400 95 64 480 444 304 723 616 193 340 499 354 458 380 128 129 478 290 474 223 309 444 687 392 186 341 612
474 542 260 104 807 87 344 802 804 382 380 787 689 460 576 164 689 313 507 697 508 363 208 703 844 524 584 107 640 299 385 228 0 638 543 613 880 464 622 816 856 655 884 200 39 539 282 499 344 630 443 90 308 833 374 713 225 330 658 617 806 675 95 524 476 560 440 606 860 333 197 653 285 591 533 572 147 36 604 774 445 567 540 763 700 152 480 713 593 904 626 909 482 233 575 815 186 300 592 486 697 162 509 711 360 33 571 665 680 369 450 695 604 485 650 460 454 316 517 539 237 258 164 466 307 492 877 521 694 543 469 399 495 312 145 631 728 280 617 657 766 446 185 192 594 577 812 208 273 154 351 508 311 880 831 382 740 781 311 119 698 583 257 186 697 180 844 190 321 100 678 219 483 477 533 772 450 570 394 158 219 706 485 17 663 308 965 584 216 675 257 106 702 818 734 108 354 329 190 345 836 339 530 370 830 181 264 323 820 632 802 669 446 655 329 683 138 127 518 735 562 713 653 780 292 661 149 527 570 629 553 600 605 688 666 520 305 190 145 404 328 654 563 494 529 404 853 505 427 877 282 807 524 321 191 702 558 89 948 843 351 179 670 450 474 587 252 119 697 516 593 445 444 643 821 201 265 569 624
981 752 867 739 1243 723 948 1183 922 750 832 879 1126 1010 1023 726 878 670 752 993 908 793 736 1031 927 671 575 616 1078 868 992 603 638 0 702 410 821 729 842 1252 933 369 840 592 628 1047 904 1000 936 1131 499 707 574 877 953 734 415 315 1099 262 1201 545 544 980 771 162 472 1049 733 337 804 1154 920 935 1065 69 733 652 644 1209 550 899 98 550 820 640 157 1035 1058 772 911 895 1051 866 554 1199 787 934 680 480 1018 564 670 1090 821 604 988 228 805 268 1015 892 129 154 562 1016 920 952 575 495 481 399 511 898 905 579 806 413 994 1017 528 240 1039 912 556 560 598 602 607 1137 1038 521 636 713 799 844 942 481 411 597 357 131 334 956 1296 810 967 584 548 655 946 56 484 486 914 566 811 447 934 658 1009 784 179 1057 540 838 767 333 270 786 832 593 595 641 822 343 879 636 685 1114 395 531 811 1257 724 646 577 954 828 663 786 957 1065 300 994 756 881 638 925 271 999 47 715 540 966 744 546 644 942 728 1045 643 747 1125 900 96 660 547 1105 303 1066 37 290 559 899 117 911 494 677 486 322 453 251 160 356 612 660 636 668 813 377 664 992 583 555 885 237 714 859 810 433 817 405 955 1055 874 474 659 902 730 1064 578 902 510 1255 828 420 698 62
438 59 762 556 577 556 566 496 270 218 313 246 476 512 405 706 182 239 87 294 288 284 751 337 304 31 167 635 438 824 596 314 543 702 0 347 356 109 139 586 315 417 354 343 576 481 758 443 537 535 206 623 242 290 524 187 492 494 457 481 519 281 508 383 138 542 233 420 372 641 713 553 720 263 523 642 468 515 117 547 159 230 647 375 160 685 602 340 446 407 216 370 564 603 182 513 709 646 73 222 323 389 38 411 321 539 353 545 140 570 536 195 584 591 239 523 360 734 130 221 672 603 424 314 810 123 357 296 296 424 174 544 521 539 412 222 295 263 165 520 335 185 714 394 96 153 283 636 645 389 394 607 586 340 643 283 266 371 249 659 243 679 342 613 214 676 315 514 578 453 319 444 675 587 173 229 161 391 480 551 534 274 108 527 134 601 440 106 349 468 459 518 160 591 216 440 199 623 617 202 315 606 526 650 317 454 752 220 283 483 308 697 118 264 684 146 426 420 331 215 454 242 112 430 549 648 404 163 555 454 500 675 449 281 196 628 553 408 687 231 481 342 462 667 354 143 408 67 117 354 447 345 403 227 363 192 474 615 426 314 309 629 398 423 587 185 355 435 203 54 456 135 342 280 588 689 403 33 737
