50
0 655 359 596 903 829 943 865 246 326 254 534 865 763 585 554 905 499 151 898 839 943 651 860 1022 799 861 523 1094 1167 1000 1136 648 1126 691 877 600 598 773 377 829 861 1321 280 853 1102 1037 243 514 329
655 0 425 87 314 667 418 784 556 336 413 614 510 684 157 127 886 516 607 347 223 452 318 772 371 643 753 401 748 599 451 743 193 660 665 237 260 133 330 431 836 288 799 467 198 594 482 469 638 345
359 425 0 410 733 491 601 554 150 166 157 255 506 445 446 387 622 174 237 754 647 595 300 547 746 461 541 164 737 827 662 777 332 769 384 662 263 444 427 22 551 541 967 79 610 751 699 117 260 297
596 87 410 0 326 716 503 827 526 292 367 626 578 723 74 44 925 527 565 343 248 535 368 816 446 691 799 421 822 686 538 821 251 743 695 281 301 54 402 421 870 375 886 439 264 679 569 433 645 273
903 314 733 326 0 948 583 1072 853 617 690 928 753 980 319 359 1179 829 889 65 93 633 611 1059 327 928 1038 714 958 670 582 929 486 813 969 126 565 308 579 741 1136 457 886 765 211 727 598 759 952 573
829 667 491 716 948 0 463 129 584 630 647 315 235 98 785 724 241 330 683 997 855 416 349 116 772 30 91 345 309 627 516 382 474 455 169 831 415 770 373 469 225 526 658 561 748 496 539 604 348 757
943 418 601 503 583 463 0 591 750 629 691 624 227 537 576 537 702 558 838 644 505 54 302 578 325 458 552 459 378 226 63 346 303 243 568 456 343 552 174 590 687 134 391 677 373 176 98 704 661 705
865 784 554 827 1072 129 591 0 619 707 712 331 363 110 893 831 111 381 713 1119 979 543 466 13 902 144 39 430 383 745 643 464 592 560 174 957 526 879 502 532 112 656 754 614 875 611 663 658 354 838
246 556 150 526 853 584 750 619 0 240 179 289 639 517 547 496 665 254 99 866 772 741 448 614 893 554 615 299 856 976 811 904 482 908 445 793 414 551 575 159 589 692 1110 88 748 895 848 98 273 338
326 336 166 292 617 630 629 707 240 0 76 421 592 597 307 258 782 336 273 627 540 637 359 699 697 599 690 284 838 849 683 866 327 833 542 568 294 312 467 187 714 537 1016 158 534 797 720 142 427 132
254 413 157 367 690 647 691 712 179 76 0 405 635 602 376 331 778 332 198 698 615 696 409 705 773 616 699 307 876 914 748 910 393 886 541 645 351 383 525 180 707 606 1074 113 611 855 784 81 404 160
534 614 255 626 928 315 624 331 289 421 405 0 444 234 676 613 378 98 382 960 836 596 355 327 861 288 330 214 615 837 687 677 456 716 158 835 372 669 464 234 303 619 924 297 767 728 720 339 38 552
865 510 506 578 753 235 227 363 639 592 635 444 0 314 653 598 474 404 736 808 664 180 236 350 543 232 324 342 250 404 280 274 328 274 356 630 308 632 180 488 460 306 481 585 544 284 305 621 483 701
763 684 445 723 980 98 537 110 517 597 602 234 314 0 788 725 201 272 614 1025 887 494 369 102 833 85 98 320 407 715 594 481 495 551 77 869 425 775 423 422 157 583 756 507 788 588 619 550 263 728
585 157 446 74 319 785 576 893 547 307 376 676 653 788 0 63 989 578 573 321 256 608 439 882 493 759 866 478 897 752 608 896 325 816 756 303 370 24 477 460 932 445 955 463 306 751 639 450 693 255
554 127 387 44 359 724 537 831 496 258 331 613 598 725 63 0 925 515 529 370 285 566 379 820 490 697 804 415 845 725 574 848 270 774 692 322 309 57 426 400 868 411 922 410 308 714 606 400 631 230
905 886 622 925 1179 241 702 111 665 782 778 378 474 201 989 925 0 447 754 1225 1085 653 569 124 1013 253 150 515 469 850 753 552 696 658 240 1065 626 976 612 600 77 767 845 674 983 715 773 717 392 915
499 516 174 527 829 330 558 381 254 336 332 98 404 272 578 515 447 0 354 861 738 536 271 374 774 300 370 119 605 778 621 658 363 678 209 739 279 571 389 152 378 538 884 234 672 678 656 277 123 468
151 607 237 565 889 683 838 713 99 273 198 382 736 614 573 529 754 354 0 895 813 832 538 710 959 653 711 395 956 1064 898 1003 558 1004 540 842 497 581 664 250 677 771 1204 160 804 988 935 141 362 336
898 347 754 343 65 997 644 1119 866 627 698 960 808 1025 321 370 1225 861 895 0 143 694 655 1107 393 976 1086 748 1019 736 646 991 529 876 1010 188 604 315 632 764 1179 517 952 780 271 792 662 770 982 570
839 223 647 248 93 855 505 979 772 540 615 836 664 887 256 285 1085 738 813 143 0 553 517 966 288 835 945 621 876 614 510 851 393 740 875 64 471 241 489 654 1042 375 830 683 132 658 530 680 861 510
943 452 595 535 633 416 54 543 741 637 696 596 180 494 608 566 653 536 832 694 553 0 294 529 379 412 503 445 326 241 100 299 318 208 529 507 345 585 171 582 641 179 378 672 422 159 126 702 634 722
651 318 300 368 611 349 302 466 448 359 409 355 236 369 439 379 569 271 538 655 517 294 0 454 505 325 435 160 487 528 364 508 126 477 360 503 73 422 127 289 524 266 669 378 426 451 400 408 388 464
860 772 547 816 1059 116 578 13 614 699 705 327 350 102 882 820 124 374 710 1107 966 529 454 0 888 131 26 420 374 733 629 455 580 548 169 944 515 868 488 524 122 643 743 608 862 599 650 651 351 830
1022 371 746 446 327 772 325 902 893 697 773 861 543 833 493 490 1013 774 959 393 288 379 505 888 0 761 863 656 694 348 297 648 418 517 847 224 499 470 412 745 989 249 562 806 186 427 301 818 894 716
799 643 461 691 928 30 458 144 554 599 616 288 232 85 759 697 253 300 653 976 835 412 325 131 761 0 109 315 331 630 513 400 451 466 147 813 389 744 358 439 229 514 671 531 730 502 537 573 322 728
861 753 541 799 1038 91 552 39 615 690 699 330 324 98 866 804 150 370 711 1086 945 503 435 26 863 109 0 409 351 706 603 431 560 522 171 922 497 851 465 519 148 618 718 605 839 572 624 648 356 820
523 401 164 421 714 345 459 430 299 284 307 214 342 320 478 415 515 119 395 748 621 445 160 420 656 315 409 0 572 684 522 612 243 609 278 620 159 468 285 146 454 425 810 243 552 596 558 281 242 412
1094 748 737 822 958 309 378 383 856 838 876 615 250 407 897 845 469 605 956 1019 876 326 487 374 694 331 351 572 0 426 397 83 575 212 478 832 559 876 419 717 495 502 378 814 747 293 398 854 650 950
1167 599 827 686 670 627 226 745 976 849 914 837 404 715 752 725 850 778 1064 736 614 241 528 733 348 630 706 684 426 0 166 356 521 216 760 554 568 728 401 817 852 318 216 903 487 137 129 930 875 915
1000 451 662 538 582 516 63 643 811 683 748 687 280 594 608 574 753 621 898 646 510 100 364 629 297 513 603 522 397 166 0 352 356 230 628 457 402 584 237 652 741 163 348 737 378 148 36 763 725 754
1136 743 777 821 929 382 346 464 904 866 910 677 274 481 896 848 552 658 1003 991 851 299 508 455 648 400 431 612 83 356 352 0 582 140 548 803 577 874 422 759 576 478 294 856 720 229 347 894 714 971
648 193 332 251 486 474 303 592 482 327 393 456 328 495 325 270 696 363 558 529 393 318 126 580 418 451 560 243 575 521 356 582 0 523 482 382 84 306 159 328 649 214 694 399 310 475 392 418 486 404
1126 660 769 743 813 455 243 560 908 833 886 716 274 551 816 774 658 678 1004 876 740 208 477 548 517 466 522 609 212 216 230 140 523 0 609 688 538 793 367 754 670 377 208 849 608 91 217 883 754 925
691 665 384 695 969 169 568 174 445 542 541 158 356 77 756 692 240 209 540 1010 875 529 360 169 847 147 171 278 478 760 628 548 482 609 0 863 405 745 435 361 176 597 816 441 786 637 656 484 186 674
877 237 662 281 126 831 456 957 793 568 645 835 630 869 303 322 1065 739 842 188 64 507 503 944 224 813 922 620 832 554 457 803 382 688 863 0 465 284 459 667 1026 331 770 705 85 604 474 705 862 552
600 260 263 301 565 415 343 526 414 294 351 372 308 425 370 309 626 279 497 604 471 345 73 515 499 389 497 159 559 568 402 577 84 538 405 465 0 354 174 256 576 279 723 336 394 504 438 361 402 393
598 133 444 54 308 770 552 879 551 312 383 669 632 775 24 57 976 571 581 315 241 585 422 868 470 744 851 468 876 728 584 874 306 793 745 284 354 0 456 457 920 421 931 465 284 727 614 455 687 269
773 330 427 402 579 373 174 502 575 467 525 464 180 423 477 426 612 389 664 632 489 171 127 488 412 358 465 285 419 401 237 422 159 367 435 459 174 456 0 416 580 162 549 503 375 330 273 532 500 558
377 431 22 421 741 469 590 532 159 187 180 234 488 422 460 400 600 152 250 764 654 582 289 524 745 439 519 146 717 817 652 759 328 754 361 667 256 457 416 0 529 535 953 97 613 737 688 137 241 318
829 836 551 870 1136 225 687 112 589 714 707 303 460 157 932 868 77 378 677 1179 1042 641 524 122 989 229 148 454 495 852 741 576 649 670 176 1026 576 920 580 529 0 740 866 601 946 719 764 643 315 846
861 288 541 375 457 526 134 656 692 537 606 619 306 583 445 411 767 538 771 517 375 179 266 643 249 514 618 425 502 318 163 478 214 377 597 331 279 421 162 535 740 0 511 611 246 306 195 632 654 597
1321 799 967 886 886 658 391 754 1110 1016 1074 924 481 756 955 922 845 884 1204 952 830 378 669 743 562 671 718 810 378 216 348 294 694 208 816 770 723 931 549 953 866 511 0 1046 701 219 316 1078 962 1097
280 467 79 439 765 561 677 614 88 158 113 297 585 507 463 410 674 234 160 780 683 672 378 608 806 531 605 243 814 903 737 856 399 849 441 705 336 465 503 97 601 611 1046 0 659 829 774 43 293 272
853 198 610 264 211 748 373 875 748 534 611 767 544 788 306 308 983 672 804 271 132 422 426 862 186 730 839 552 747 487 378 720 310 608 786 85 394 284 375 613 946 246 701 659 0 526 398 664 795 537
1102 594 751 679 727 496 176 611 895 797 855 728 284 588 751 714 715 678 988 792 658 159 451 599 427 502 572 596 293 137 148 229 475 91 637 604 504 727 330 737 719 306 219 829 526 0 129 860 766 879
1037 482 699 569 598 539 98 663 848 720 784 720 305 619 639 606 773 656 935 662 530 126 400 650 301 537 624 558 398 129 36 347 392 217 656 474 438 614 273 688 764 195 316 774 398 129 0 800 758 789
243 469 117 433 759 604 704 658 98 142 81 339 621 550 450 400 717 277 141 770 680 702 408 651 818 573 648 281 854 930 763 894 418 883 484 705 361 455 532 137 643 632 1078 43 664 860 800 0 333 241
514 638 260 645 952 348 661 354 273 427 404 38 483 263 693 631 392 123 362 982 861 634 388 351 894 322 356 242 650 875 725 714 486 754 186 862 402 687 500 241 315 654 962 293 795 766 758 333 0 555
329 345 297 273 573 757 705 838 338 132 160 552 701 728 255 230 915 468 336 570 510 722 464 830 716 728 820 412 950 915 754 971 404 925 674 552 393 269 558 318 846 597 1097 272 537 879 789 241 555 0
