63
0 248 723 630 498 741 32 381 365 891 388 156 847 828 919 522 565 340 119 328 741 713 450 421 1064 597 905 360 660 470 205 726 634 674 925 631 631 590 338 650 460 812 667 696 825 239 230 719 576 449 935 527 915 137 565 683 729 263 438 66 998 237 614
248 0 585 472 742 844 232 198 117 867 618 380 741 808 878 577 745 92 147 572 926 772 690 527 1176 813 1022 607 813 449 365 797 780 700 968 837 729 474 95 838 373 873 770 732 985 209 299 857 616 476 1056 709 930 237 732 850 906 143 404 214 909 56 787
723 585 0 120 1059 713 731 388 566 432 896 741 175 401 405 485 841 570 695 923 983 566 993 576 981 993 872 970 816 337 642 609 779 454 655 977 635 138 519 925 270 631 671 493 958 484 535 808 461 423 908 824 563 597 801 877 947 474 334 657 348 544 850
630 472 120 0 1005 740 635 274 446 522 845 667 293 482 505 483 823 452 590 858 979 602 940 550 1031 964 909 905 817 311 575 643 779 492 723 956 648 110 401 913 207 680 688 532 971 396 463 820 474 401 946 801 641 512 787 875 945 372 293 565 467 435 840
498 742 1059 1005 0 661 522 825 859 1024 162 368 1120 967 1074 635 357 834 615 169 436 738 65 507 885 230 745 141 485 725 434 722 488 775 924 293 606 923 824 371 798 802 613 770 572 640 547 560 689 648 759 337 971 534 396 457 452 708 724 529 1222 718 400
741 844 713 740 661 0 772 762 925 441 542 615 669 405 502 281 305 910 823 640 334 152 610 324 331 465 180 675 186 456 536 111 173 260 267 412 115 630 864 328 584 154 75 225 256 636 551 126 269 387 216 324 337 637 265 239 294 714 497 704 690 790 269
32 232 731 635 522 772 0 379 346 913 417 188 860 850 939 548 597 321 93 353 773 741 476 451 1095 628 936 383 692 489 236 755 666 699 953 662 661 600 324 682 472 840 697 722 857 250 253 751 602 473 966 559 940 158 597 715 761 264 455 82 1014 227 646
381 198 388 274 825 762 379 0 196 701 677 460 546 646 704 481 737 193 321 662 913 661 765 477 1088 843 942 704 774 316 397 693 738 571 837 852 650 283 138 832 206 758 693 608 945 186 290 803 505 375 979 706 783 292 713 822 887 120 271 321 717 162 769
365 117 566 446 859 925 346 196 0 897 733 496 733 841 900 649 850 24 257 689 1031 839 807 617 1256 926 1105 724 910 501 474 868 876 756 1025 947 810 475 62 944 401 938 853 792 1083 294 396 949 682 545 1140 815 976 347 834 951 1009 212 455 330 906 151 889
891 867 432 522 1024 441 913 701 897 0 873 829 299 63 62 402 700 892 920 944 773 303 962 534 604 871 539 989 612 427 721 336 586 249 256 830 433 439 837 752 497 297 445 254 692 683 661 566 343 444 570 703 148 755 655 672 733 726 468 831 256 812 682
388 618 896 845 162 542 417 677 733 873 0 238 958 814 921 478 256 709 507 107 394 597 96 347 806 215 655 133 385 563 281 587 378 624 795 262 470 761 692 309 637 671 484 623 512 491 392 460 533 486 675 225 831 394 284 377 396 564 562 404 1064 586 308
156 380 741 667 368 615 188 460 496 829 238 0 838 766 865 434 412 472 272 202 585 610 312 313 927 442 768 244 514 438 109 616 490 593 824 475 511 603 457 495 471 704 542 607 675 280 206 578 492 388 797 373 829 168 415 532 575 341 419 166 972 351 461
847 741 175 293 1120 669 860 546 733 299 958 838 0 291 257 499 855 736 836 1002 974 516 1054 616 892 1020 805 1049 804 403 732 558 770 412 549 993 614 267 682 930 388 556 643 444 924 610 636 780 457 472 839 846 445 713 812 867 935 617 420 781 174 695 854
828 808 401 482 967 405 850 646 841 63 814 766 291 0 108 340 649 836 858 884 732 259 904 473 601 820 520 928 568 365 658 296 539 191 259 781 384 392 781 706 441 272 400 202 660 622 597 527 282 381 553 650 162 692 604 629 693 666 407 768 285 753 634
919 878 405 505 1074 502 939 704 900 62 921 865 257 108 0 446 756 897 940 989 834 362 1012 579 661 927 600 1034 672 450 757 396 644 299 314 887 490 432 842 811 506 360 504 309 754 703 689 627 388 477 631 758 205 781 711 732 794 739 487 857 194 825 740
522 577 485 483 635 281 548 481 649 402 478 434 499 340 446 0 359 635 580 543 499 196 571 132 607 521 461 588 334 180 330 220 296 158 404 497 172 375 587 441 307 298 215 175 489 368 301 339 59 106 497 347 396 396 318 393 463 440 217 471 587 521 365
565 745 841 823 357 305 597 737 850 700 256 412 855 649 756 359 0 829 673 363 181 399 309 274 549 171 399 389 130 512 382 376 131 462 571 138 267 721 796 95 624 450 263 447 265 563 456 206 398 422 418 38 627 508 45 123 164 647 532 553 925 699 52
340 92 570 452 834 910 321 193 24 892 709 472 736 836 897 635 829 0 232 665 1010 826 783 599 1240 903 1089 699 891 490 451 855 857 746 1015 925 794 475 55 923 395 926 837 780 1063 276 376 931 669 531 1124 794 968 324 813 930 989 195 444 306 908 129 869
119 147 695 590 615 823 93 321 257 920 507 272 836 858 940 580 673 232 0 446 851 776 569 498 1151 715 993 476 759 492 297 795 730 722 984 747 709 570 243 761 450 877 748 749 928 237 279 814 629 493 1025 635 961 186 668 787 837 220 453 121 997 159 719
328 572 923 858 169 640 353 662 689 944 107 202 1002 884 989 543 363 665 446 0 500 682 125 410 913 312 760 47 490 599 283 676 480 696 886 364 560 785 655 416 655 762 578 700 619 480 395 565 601 532 781 330 915 370 388 484 503 543 590 360 1120 549 414
741 926 983 979 436 334 773 913 1031 773 394 585 974 732 834 499 181 1010 851 500 0 473 411 441 457 205 337 514 169 668 562 437 205 563 590 143 359 873 977 90 787 487 333 537 140 743 636 207 523 579 340 217 670 689 200 107 39 827 694 732 1017 880 144
713 772 566 602 738 152 741 661 839 303 597 610 516 259 362 196 399 826 776 682 473 0 679 297 434 570 307 723 309 344 514 42 282 111 213 526 132 493 776 448 467 101 141 73 408 563 497 269 156 295 344 407 234 591 354 369 433 633 389 665 544 715 378
450 690 993 940 65 610 476 765 807 962 96 312 1054 904 1012 571 309 783 569 125 411 679 0 442 849 209 705 113 439 660 371 665 439 713 870 268 549 858 770 337 733 747 558 709 542 579 484 515 625 582 721 285 913 476 345 418 422 649 658 476 1158 664 356
421 527 576 550 507 324 451 477 617 534 347 313 616 473 579 132 274 599 498 410 441 297 442 0 653 417 497 455 297 241 218 306 261 288 511 405 210 450 558 366 349 393 249 297 469 323 228 332 191 152 530 251 518 312 242 345 411 405 258 381 716 474 297
1064 1176 981 1031 885 331 1095 1088 1256 604 806 927 892 601 661 607 549 1240 1151 913 457 434 849 653 0 657 158 938 423 775 859 396 439 540 348 594 447 924 1194 514 900 351 405 499 317 967 881 352 584 713 132 583 456 966 527 431 434 1045 818 1031 853 1121 498
597 813 993 964 230 465 628 843 926 871 215 442 1020 820 927 521 171 903 715 312 205 570 209 417 657 0 523 318 279 658 454 545 293 633 733 63 438 868 879 146 759 616 432 618 342 659 552 350 564 570 533 174 795 579 216 238 223 739 671 604 1095 776 196
905 1022 872 909 745 180 936 942 1105 539 655 768 805 520 600 461 399 1089 993 760 337 307 705 497 158 523 0 788 270 635 700 265 282 418 300 461 294 800 1044 377 762 249 251 379 204 814 725 196 445 567 37 430 403 808 373 288 306 893 676 873 795 967 349
360 607 970 905 141 675 383 704 724 989 133 244 1049 928 1034 588 389 699 476 47 514 723 113 455 938 318 788 0 518 647 329 715 511 740 925 374 598 832 692 434 702 801 615 743 639 524 441 594 646 579 807 358 956 412 417 507 521 585 638 397 1166 587 440
660 813 816 817 485 186 692 774 910 612 385 514 804 568 672 334 130 891 759 490 169 309 439 297 423 279 270 518 0 508 463 277 37 394 454 226 189 709 852 142 631 339 167 369 172 616 514 76 355 422 291 160 521 583 103 62 131 700 538 638 851 763 85
470 449 337 311 725 456 489 316 501 427 563 438 403 365 450 180 512 490 492 599 668 344 660 241 775 658 635 647 508 0 330 379 470 255 524 646 351 209 438 601 127 441 394 291 668 256 243 519 191 89 672 492 480 332 476 565 635 306 45 407 535 393 528
205 365 642 575 434 536 236 397 474 721 281 109 732 658 757 330 382 451 297 283 562 514 371 218 859 454 700 329 463 330 0 525 434 488 728 473 426 504 425 473 373 611 461 505 632 210 113 518 388 280 731 345 727 127 373 492 545 287 313 175 863 323 426
726 797 609 643 722 111 755 693 868 336 587 616 558 296 396 220 376 855 795 676 437 42 665 306 396 545 265 715 277 379 525 0 253 154 210 499 116 534 806 418 503 87 113 116 367 588 516 231 188 323 302 387 250 609 332 336 397 660 422 681 581 741 351
634 780 779 779 488 173 666 738 876 586 378 490 770 539 644 296 131 857 730 480 205 282 439 261 439 293 282 511 37 470 434 253 0 362 440 245 157 672 818 166 593 322 141 339 207 582 481 87 318 384 307 154 501 552 94 98 168 665 500 609 822 729 98
674 700 454 492 775 260 699 571 756 249 624 593 412 191 299 158 462 746 722 696 563 111 713 288 540 633 418 740 394 255 488 154 362 0 269 597 204 384 694 526 370 192 231 40 512 496 447 367 100 229 455 461 240 543 417 456 524 558 301 620 462 643 452
925 968 655 723 924 267 953 837 1025 256 795 824 549 259 314 404 571 1015 984 886 590 213 870 511 348 733 300 925 454 524 728 210 440 269 0 680 326 622 962 594 633 124 312 236 482 763 705 388 355 494 326 587 108 801 529 504 552 827 570 876 507 912 537
631 837 977 956 293 412 662 852 947 830 262 475 993 781 887 497 138 925 747 364 143 526 268 405 594 63 461 374 226 646 473 499 245 597 680 0 397 856 898 86 753 565 386 579 279 671 563 293 536 557 471 154 746 600 181 179 159 754 663 632 1060 796 148
631 729 635 648 606 115 661 650 810 433 470 511 614 384 490 172 267 794 709 560 359 132 549 210 447 438 294 598 189 351 426 116 157 204 326 397 0 538 749 322 479 202 43 182 324 520 435 173 174 276 330 274 365 522 222 252 320 598 389 591 664 674 250
590 474 138 110 923 630 600 283 475 439 761 603 267 392 432 375 721 475 570 785 873 493 858 450 924 868 800 832 709 209 504 534 672 384 622 856 538 0 421 809 133 573 578 424 862 351 397 711 364 299 837 701 546 461 684 768 838 351 200 523 435 428 735
338 95 519 401 824 864 324 138 62 837 692 457 682 781 842 587 796 55 243 655 977 776 770 558 1194 879 1044 692 852 438 425 806 818 694 962 898 749 421 0 891 340 876 792 729 1025 235 340 890 619 482 1079 762 914 300 779 894 954 152 392 295 854 106 834
650 838 925 913 371 328 682 832 944 752 309 495 930 706 811 441 95 923 761 416 90 448 337 366 514 146 377 434 142 601 473 418 166 526 594 86 322 809 891 0 716 481 307 505 205 659 551 207 473 512 388 129 664 601 125 92 87 743 623 642 987 793 75
460 373 270 207 798 584 472 206 401 497 637 471 388 441 506 307 624 395 450 655 787 467 733 349 900 759 762 702 631 127 373 503 593 370 633 753 479 133 340 716 0 560 522 408 794 221 264 645 317 209 799 600 576 329 590 686 755 236 93 393 546 320 645
812 873 631 680 802 154 840 758 938 297 671 704 556 272 360 298 450 926 877 762 487 101 747 393 351 616 249 801 339 441 611 87 322 192 124 565 202 573 876 481 560 0 189 152 396 665 598 280 257 396 283 465 183 692 408 393 448 733 486 765 552 816 420
667 770 671 688 613 75 697 693 853 445 484 542 643 400 504 215 263 837 748 578 333 141 558 249 405 432 251 615 167 394 461 113 141 231 312 386 43 578 792 307 522 189 0 203 286 563 476 137 213 319 287 276 363 562 220 228 294 641 432 629 684 716 238
696 732 493 532 770 225 722 608 792 254 623 607 444 202 309 175 447 780 749 700 537 73 709 297 499 618 379 743 369 291 505 116 339 40 236 579 182 424 729 505 408 152 203 0 479 527 472 337 120 258 416 449 221 568 401 431 497 591 337 643 482 675 432
825 985 958 971 572 256 857 945 1083 692 512 675 924 660 754 489 265 1063 928 619 140 408 542 469 317 342 204 639 172 668 632 367 207 512 482 279 324 862 1025 205 794 396 286 479 0 789 687 150 498 585 202 303 574 754 260 142 120 873 701 807 945 936 213
239 209 484 396 640 636 250 186 294 683 491 280 610 622 703 368 563 276 237 480 743 563 579 323 967 659 814 524 616 256 210 588 582 496 763 671 520 351 235 659 221 665 563 527 789 0 107 655 409 269 849 530 732 116 544 659 720 84 215 172 765 153 600
230 299 535 463 547 551 253 290 396 661 392 206 636 597 689 301 456 376 279 395 636 497 484 228 881 552 725 441 514 243 113 516 481 447 705 563 435 397 340 551 264 598 476 472 687 107 0 558 351 219 759 423 688 96 438 554 614 191 217 172 778 248 494
719 857 808 820 560 126 751 803 949 566 460 578 780 527 627 339 206 931 814 565 207 269 515 332 352 350 196 594 76 519 518 231 87 367 388 293 173 711 890 207 645 280 137 337 150 655 558 0 347 437 220 235 464 633 177 115 167 738 553 693 813 805 160
576 616 461 474 689 269 602 505 682 343 533 492 457 282 388 59 398 669 629 601 523 156 625 191 584 564 445 646 355 191 388 188 318 100 355 536 174 364 619 473 317 257 213 120 498 409 351 347 0 139 482 390 339 447 355 416 486 476 234 523 535 559 398
449 476 423 401 648 387 473 375 545 444 486 388 472 381 477 106 422 531 493 532 579 295 582 152 713 570 567 579 422 89 280 323 384 229 494 557 276 299 482 512 209 396 319 258 585 269 219 437 139 0 603 402 469 315 386 478 547 337 116 392 589 420 439
935 1056 908 946 759 216 966 979 1140 570 675 797 839 553 631 497 418 1124 1025 781 340 344 721 530 132 533 37 807 291 672 731 302 307 455 326 471 330 837 1079 388 799 283 287 416 202 849 759 220 482 603 0 451 431 841 395 302 313 928 713 904 826 1002 367
527 709 824 801 337 324 559 706 815 703 225 373 846 650 758 347 38 794 635 330 217 407 285 251 583 174 430 358 160 492 345 387 154 461 587 154 274 701 762 129 600 465 276 449 303 530 423 235 390 402 451 0 637 472 60 161 201 614 509 516 922 664 89
915 930 563 641 971 337 940 783 976 148 831 829 445 162 205 396 627 968 961 915 670 234 913 518 456 795 403 956 521 480 727 250 501 240 108 746 365 546 914 664 576 183 363 221 574 732 688 464 339 469 431 637 0 784 583 576 631 787 525 860 398 874 600
137 237 597 512 534 637 158 292 347 755 394 168 713 692 781 396 508 324 186 370 689 591 476 312 966 579 808 412 583 332 127 609 552 543 801 600 522 461 300 601 329 692 562 568 754 116 96 633 447 315 841 472 784 0 497 616 671 173 300 76 861 196 551
565 732 801 787 396 265 597 713 834 655 284 415 812 604 711 318 45 813 668 388 200 354 345 242 527 216 373 417 103 476 373 332 94 417 529 181 222 684 779 125 590 408 220 401 260 544 438 177 355 386 395 60 583 497 0 119 175 628 498 547 880 684 56
683 850 877 875 457 239 715 822 951 672 377 532 867 629 732 393 123 930 787 484 107 369 418 345 431 238 288 507 62 565 492 336 98 456 504 179 252 768 894 92 686 393 228 431 142 659 554 115 416 478 302 161 576 616 119 0 70 743 593 667 913 802 71
729 906 947 945 452 294 761 887 1009 733 396 575 935 693 794 463 164 989 837 503 39 433 422 411 434 223 306 521 131 635 545 397 168 524 552 159 320 838 954 87 755 448 294 497 120 720 614 167 486 547 313 201 631 671 175 70 0 804 662 717 978 860 120
263 143 474 372 708 714 264 120 212 726 564 341 617 666 739 440 647 195 220 543 827 633 649 405 1045 739 893 585 700 306 287 660 665 558 827 754 598 351 152 743 236 733 641 591 873 84 191 738 476 337 928 614 787 173 628 743 804 0 261 201 781 86 684
438 404 334 293 724 497 455 271 455 468 562 419 420 407 487 217 532 444 453 590 694 389 658 258 818 671 676 638 538 45 313 422 500 301 570 663 389 200 392 623 93 486 432 337 701 215 217 553 234 116 713 509 525 300 498 593 662 261 0 373 561 348 552
66 214 657 565 529 704 82 321 330 831 404 166 781 768 857 471 553 306 121 360 732 665 476 381 1031 604 873 397 638 407 175 681 609 620 876 632 591 523 295 642 393 765 629 643 807 172 172 693 523 392 904 516 860 76 547 667 717 201 373 0 933 190 599
998 909 348 467 1222 690 1014 717 906 256 1064 972 174 285 194 587 925 908 997 1120 1017 544 1158 716 853 1095 795 1166 851 535 863 581 822 462 507 1060 664 435 854 987 546 552 684 482 945 765 778 813 535 589 826 922 398 861 880 913 978 781 561 933 0 861 914
237 56 544 435 718 790 227 162 151 812 586 351 695 753 825 521 699 129 159 549 880 715 664 474 1121 776 967 587 763 393 323 741 729 643 912 796 674 428 106 793 320 816 716 675 936 153 248 805 559 420 1002 664 874 196 684 802 860 86 348 190 861 0 739
614 787 850 840 400 269 646 769 889 682 308 461 854 634 740 365 52 869 719 414 144 378 356 297 498 196 349 440 85 528 426 351 98 452 537 148 250 735 834 75 645 420 238 432 213 600 494 160 398 439 367 89 600 551 56 71 120 684 552 599 914 739 0
