37
0 611 952 745 619 760 549 500 670 405 126 1078 808 86 795 119 745 695 1198 772 560 294 858 909 474 845 547 885 596 775 307 867 770 907 1075 874 1126
611 0 373 319 729 724 63 112 107 206 488 763 678 545 382 712 386 310 736 706 590 603 720 386 197 315 728 900 107 900 628 269 497 471 711 613 621
952 373 0 284 850 759 432 468 286 562 837 576 666 897 292 1037 354 333 426 728 720 859 687 130 479 137 886 918 454 983 880 298 462 279 495 525 289
745 319 284 0 566 488 347 349 218 417 647 444 409 709 64 811 82 53 461 460 435 598 440 184 288 147 602 656 426 704 616 452 204 170 396 306 381
619 729 850 566 0 185 704 660 690 635 618 614 288 653 565 592 498 521 851 215 140 324 322 737 541 713 87 266 804 179 314 968 415 633 658 440 853
760 724 759 488 185 0 714 680 660 682 735 435 115 779 467 752 409 456 690 36 201 475 138 635 561 628 271 175 815 231 472 929 297 508 487 280 710
549 63 432 347 704 714 0 54 155 144 426 790 678 482 411 651 405 329 782 699 567 555 722 437 163 364 696 889 100 878 580 324 509 508 744 629 672
500 112 468 349 660 680 54 0 183 95 378 784 651 435 413 599 398 322 797 667 524 501 697 459 120 387 648 854 145 836 526 379 493 516 744 614 694
670 107 286 218 690 660 155 183 0 276 552 660 601 612 279 760 291 219 630 638 550 614 640 282 207 210 701 835 213 852 637 278 409 364 606 520 517
405 206 562 417 635 682 144 95 276 0 282 837 669 340 479 508 453 382 875 674 507 435 717 545 139 474 611 851 207 814 461 466 534 587 805 655 778
126 488 837 647 618 735 426 378 552 282 0 1011 766 61 702 239 657 601 1106 741 533 311 816 803 366 736 559 877 469 788 332 742 698 814 999 810 1026
1078 763 576 444 614 435 790 784 660 837 1011 0 325 1068 381 1106 386 462 293 401 564 838 297 455 698 499 694 504 871 644 844 849 312 312 90 203 376
808 678 666 409 288 115 678 651 601 669 766 325 0 816 377 815 326 386 574 79 256 539 50 538 537 540 369 252 776 344 541 860 206 404 372 166 597
86 545 897 709 653 779 482 435 612 340 61 1068 816 0 763 205 718 662 1168 787 578 336 866 865 427 797 589 916 520 819 354 794 756 875 1058 866 1088
795 382 292 64 565 467 411 413 279 479 702 381 377 763 0 856 67 101 404 436 442 631 403 172 348 162 609 628 489 691 647 497 171 112 332 255 336
119 712 1037 811 592 752 651 599 760 508 239 1106 815 205 856 0 800 759 1251 769 560 277 863 983 558 922 512 858 705 732 280 974 807 965 1113 902 1191
745 386 354 82 498 409 405 398 291 453 657 386 326 718 67 800 0 76 453 380 374 567 358 239 316 220 542 575 492 629 583 535 122 166 351 229 397
695 310 333 53 521 456 329 322 219 382 601 462 386 662 101 759 76 0 506 430 388 544 422 237 248 196 553 627 416 666 562 475 190 213 423 303 432
1198 736 426 461 851 690 782 797 630 875 1106 293 574 1168 404 1251 453 506 0 654 767 1008 562 352 749 422 921 787 837 914 1020 724 459 292 212 412 140
772 706 728 460 215 36 699 667 638 674 741 401 79 787 436 769 380 430 654 0 211 491 106 603 549 598 299 197 799 266 490 905 266 474 451 244 674
560 590 720 435 140 201 567 524 550 507 533 564 256 578 442 560 374 388 767 211 0 283 303 613 404 583 167 351 667 311 285 828 311 522 590 368 750
294 603 859 598 324 475 555 501 614 435 311 838 539 336 631 277 567 544 1008 491 283 0 586 781 411 730 253 590 639 483 25 872 552 733 852 636 965
858 720 687 440 322 138 722 697 640 717 816 297 50 866 403 863 358 422 562 106 303 586 0 558 584 565 405 238 819 352 587 893 235 417 354 168 596
909 386 130 184 737 635 437 459 282 545 803 455 538 865 172 983 239 237 352 603 613 781 558 0 437 72 780 790 485 862 799 397 337 150 379 395 235
474 197 479 288 541 561 163 120 207 139 366 698 537 427 348 558 316 248 749 549 404 411 584 437 0 370 533 734 262 716 435 462 394 458 668 516 662
845 315 137 147 713 628 364 387 210 474 736 499 540 797 162 922 220 196 422 598 583 730 565 72 370 0 749 791 415 849 750 350 334 187 430 411 307
547 728 886 602 87 271 696 648 701 611 559 694 369 589 609 512 542 553 921 299 167 253 405 780 533 749 0 346 793 229 240 979 472 687 733 512 913
885 900 918 656 266 175 889 854 835 851 877 504 252 916 628 858 575 627 787 197 351 590 238 790 734 791 346 0 990 166 581 1102 457 653 576 407 833
596 107 454 426 804 815 100 145 213 207 469 871 776 520 489 705 492 416 837 799 667 639 819 485 262 415 793 990 0 979 665 275 602 577 819 719 718
775 900 983 704 179 231 878 836 852 814 788 644 344 819 691 732 629 666 914 266 311 483 352 862 716 849 229 166 979 0 468 1129 525 739 706 510 941
307 628 880 616 314 472 580 526 637 461 332 844 541 354 647 280 583 562 1020 490 285 25 587 799 435 750 240 581 665 468 0 896 563 748 861 643 980
867 269 298 452 968 929 324 379 278 466 742 849 860 794 497 974 535 475 724 905 828 872 893 397 462 350 979 1102 275 1129 896 0 657 538 776 753 587
770 497 462 204 415 297 509 493 409 534 698 312 206 756 171 807 122 190 459 266 311 552 235 337 394 334 472 457 602 525 563 657 0 218 305 121 440
907 471 279 170 633 508 508 516 364 587 814 312 404 875 112 965 166 213 292 474 522 733 417 150 458 187 687 653 577 739 748 538 218 0 245 250 232
1075 711 495 396 658 487 744 744 606 805 999 90 372 1058 332 1113 351 423 212 451 590 852 354 379 668 430 733 576 819 706 861 776 305 245 0 221 286
874 613 525 306 440 280 629 614 520 655 810 203 166 866 255 902 229 303 412 244 368 636 168 395 516 411 512 407 719 510 643 753 121 250 221 0 431
1126 621 289 381 853 710 672 694 517 778 1026 376 597 1088 336 1191 397 432 140 674 750 965 596 235 662 307 913 833 718 941 980 587 440 232 286 431 0
