173
0 502 727 503 951 203 709 209 259 507 904 552 614 820 157 628 554 758 241 701 439 107 591 375 353 972 460 901 290 757 821 428 429 168 709 737 947 655 795 304 394 530 812 805 108 641 781 948 342 814 522 287 194 711 552 847 315 941 575 222 340 531 242 426 734 816 428 943 1020 156 177 192 620 418 666 706 503 750 187 636 425 617 705 789 705 274 369 1097 662 555 808 621 940 424 288 469 772 660 105 762 334 107 861 278 860 265 371 436 632 699 1066 658 744 990 628 136 503 610 822 567 770 648 430 873 131 926 884 644 968 125 303 250 573 594 159 813 810 202 233 724 790 809 783 752 729 687 260 820 639 812 639 413 399 645 720 460 447 481 952 838 663 340 531 353 313 662 236 625 340 760 100 646 773
502 0 592 540 503 302 399 303 264 306 412 403 335 324 653 169 347 287 271 214 147 523 301 403 265 573 398 496 343 415 625 265 352 627 206 371 516 166 329 235 109 27 342 531 532 271 781 527 162 426 479 416 315 490 238 516 319 505 176 477 256 271 505 359 292 565 571 548 561 401 462 317 627 265 348 439 98 308 354 198 403 304 508 566 607 241 201 621 244 90 356 143 548 109 580 110 276 209 450 775 545 494 464 319 375 446 337 558 262 202 593 208 276 542 245 405 350 440 492 599 303 655 525 389 625 546 391 192 515 559 440 531 386 156 576 608 354 521 320 399 583 308 386 309 236 241 396 386 237 424 136 274 148 257 593 297 130 617 490 404 305 564 42 371 200 345 272 543 377 491 426 145 541
727 592 0 254 545 602 990 583 545 294 855 202 926 778 861 737 246 527 666 560 465 650 892 352 428 457 272 433 807 1000 110 367 891 895 656 953 507 557 525 510 582 594 540 198 826 860 235 487 617 375 206 441 597 129 355 292 801 515 434 873 757 856 512 314 463 169 363 434 609 761 556 671 186 373 284 196 688 859 559 773 930 305 98 124 51 553 467 711 821 675 496 531 429 657 523 688 614 480 622 241 446 632 1024 775 603 466 371 344 851 697 684 477 520 567 833 596 917 153 284 223 828 187 328 859 844 400 833 760 568 849 896 522 966 474 881 113 505 562 524 276 103 729 387 859 730 470 835 462 409 376 614 371 683 388 12 324 698 346 580 944 893 454 563 869 548 284 654 106 390 1083 734 597 134
503 540 254 0 702 426 926 407 384 259 900 192 847 812 622 708 253 605 507 603 393 413 813 160 293 652 144 605 647 951 362 275 758 666 679 909 675 580 620 367 485 555 639 408 608 807 286 662 497 526 85 224 416 305 359 488 650 677 442 680 621 765 269 181 547 397 110 624 774 570 325 495 119 275 378 343 621 845 363 739 787 360 280 356 216 401 355 873 784 631 606 544 620 565 270 608 673 523 399 271 194 400 1005 617 703 238 216 90 797 705 843 520 593 733 781 385 802 218 470 69 830 148 76 891 607 595 877 732 725 628 723 274 863 485 661 362 613 318 341 409 345 773 518 846 742 529 661 587 457 526 617 267 577 445 243 248 608 110 726 939 839 201 529 717 415 375 493 148 201 1012 531 607 352
951 503 545 702 0 751 763 743 692 485 441 512 751 407 1108 520 462 217 754 297 513 930 725 669 608 139 595 114 846 741 482 541 844 1101 369 694 46 341 175 646 589 481 165 352 1008 649 777 74 650 177 617 741 758 423 406 259 823 32 376 975 760 727 846 595 219 390 796 140 72 887 842 792 705 551 328 366 575 563 768 552 897 361 456 430 593 679 581 171 586 521 147 360 144 612 899 602 268 299 867 785 833 903 699 821 167 779 626 775 645 419 141 301 227 39 627 823 822 485 262 717 509 718 743 468 1082 170 426 532 23 1035 944 868 834 364 1058 464 148 884 723 293 456 357 186 561 428 269 898 131 312 176 397 559 651 307 555 526 627 812 45 607 673 849 461 873 643 331 751 591 676 854 898 378 412
203 302 602 426 751 0 573 19 64 338 711 406 481 625 359 442 390 555 87 498 238 224 452 268 180 782 331 708 222 613 681 255 344 349 509 584 751 451 592 109 194 329 609 640 259 481 711 753 150 623 412 211 15 557 363 670 228 744 375 271 213 393 252 288 533 659 394 753 819 161 187 70 542 245 484 538 319 574 77 456 365 433 557 639 591 72 174 894 489 365 607 417 751 239 327 288 568 458 151 697 326 196 702 193 656 219 231 392 471 503 864 455 541 791 463 109 400 463 644 495 586 573 370 683 332 739 691 461 768 286 298 275 468 391 312 670 608 248 84 543 644 610 590 575 535 486 236 621 441 621 438 243 224 449 597 294 271 451 750 666 508 341 329 293 110 479 74 511 226 642 150 444 619
709 399 990 926 763 573 0 586 576 705 396 802 95 373 815 263 746 570 491 493 539 780 121 776 635 877 788 806 423 57 1015 656 296 752 399 78 794 468 605 573 442 395 607 908 673 130 1179 815 443 762 873 760 588 882 634 872 396 780 560 549 371 180 824 746 611 946 937 859 794 555 760 535 1021 654 730 826 307 207 649 226 329 693 903 954 1007 552 571 807 182 314 645 478 861 363 900 318 496 547 713 1172 889 757 181 431 596 780 712 928 138 348 788 548 565 794 157 679 220 839 851 989 264 1050 898 352 788 869 393 243 763 691 460 848 163 526 689 997 639 821 637 772 973 414 723 209 335 573 468 689 605 760 401 661 358 626 991 692 320 989 730 219 98 906 426 376 524 728 503 941 742 96 609 422 928
209 303 583 407 743 19 586 0 51 322 714 388 494 627 365 448 373 549 104 494 230 220 465 249 164 770 312 697 241 625 663 239 361 360 509 595 741 448 586 97 195 330 603 625 271 492 692 743 156 612 392 192 15 540 350 656 247 734 367 289 229 407 237 269 525 642 376 741 811 178 175 89 523 229 471 523 325 581 62 463 383 419 540 622 573 65 163 888 497 369 599 413 739 246 314 295 565 451 147 677 310 191 712 212 651 202 212 374 482 505 857 449 535 783 472 103 417 446 630 476 591 553 352 687 339 727 694 467 760 298 317 262 484 384 324 652 601 236 65 530 627 611 579 582 537 478 256 612 432 610 438 227 234 439 578 278 280 432 743 673 519 325 327 312 106 466 91 492 207 656 163 442 602
259 264 545 384 692 64 576 51 0 275 677 346 487 589 416 417 327 500 124 447 179 260 456 224 118 719 277 646 266 612 620 191 374 411 467 578 690 402 536 46 160 290 553 577 322 474 666 691 134 560 361 185 67 495 299 606 266 683 316 332 238 400 252 232 475 596 368 690 760 223 199 127 497 182 420 475 299 554 90 436 402 369 496 577 537 24 112 838 473 337 549 366 688 222 329 272 519 401 188 653 312 231 692 235 602 204 177 362 464 466 807 399 486 732 453 142 423 403 580 453 560 528 336 652 389 676 656 438 709 349 351 277 487 335 375 609 551 260 61 479 583 570 528 555 500 428 290 561 380 559 395 180 218 388 540 232 261 422 692 648 503 329 284 334 64 415 111 457 183 652 213 399 556
507 306 294 259 485 338 705 322 275 0 640 97 636 553 659 465 53 352 386 344 170 462 601 184 158 475 121 410 523 720 352 83 597 672 420 676 469 321 373 232 287 314 392 302 589 578 475 463 325 322 183 258 337 222 100 340 514 467 183 607 465 563 362 110 299 321 327 445 558 498 367 401 326 92 165 201 399 598 320 499 638 124 227 304 303 276 179 651 546 394 366 286 442 363 414 396 415 265 409 469 349 436 761 491 455 296 144 309 568 449 619 262 340 521 551 370 622 141 315 306 577 353 274 632 636 425 617 489 506 615 616 384 672 226 644 339 371 403 276 220 313 513 301 598 486 274 556 358 202 321 362 95 388 193 294 46 404 358 500 689 611 366 285 581 262 161 376 236 192 796 484 350 282
904 412 855 900 441 711 396 714 677 640 0 722 431 90 1046 278 656 330 663 300 536 934 421 790 665 577 758 524 679 353 838 639 605 1006 223 317 483 319 342 647 518 387 332 707 913 332 1083 510 563 519 823 820 725 728 541 638 649 467 457 824 594 457 915 730 393 750 955 569 446 779 875 712 957 644 572 661 402 199 767 281 655 561 757 775 890 654 605 432 277 348 380 355 572 479 988 437 242 383 861 1083 946 906 274 668 286 853 726 939 335 210 419 385 336 461 326 817 550 731 626 945 151 980 904 43 1017 591 22 267 432 938 756 941 527 414 948 818 372 934 733 584 799 128 489 196 176 387 735 426 454 517 291 653 507 472 862 655 461 994 398 189 338 965 399 668 613 572 667 850 773 469 817 296 750
552 403 202 192 512 406 802 388 346 97 722 0 733 636 697 560 65 415 465 422 267 490 699 186 227 474 98 421 605 818 275 164 689 720 506 773 488 405 429 309 381 410 447 258 644 675 379 477 415 337 108 276 402 159 183 320 599 489 268 677 554 659 369 125 356 265 284 446 584 567 393 473 235 171 185 169 497 691 372 595 727 168 153 237 207 352 265 682 642 491 413 372 442 459 405 493 488 340 448 374 331 468 855 574 512 309 181 263 666 539 652 337 404 545 648 416 716 58 298 224 668 260 231 717 676 419 699 584 535 668 696 386 768 312 699 264 420 415 332 222 239 593 327 691 574 342 635 395 270 337 451 169 482 256 200 121 500 301 535 782 708 346 381 667 346 182 454 139 214 894 545 438 221
614 335 926 847 751 481 95 494 487 636 431 733 0 389 721 232 680 546 398 465 467 685 34 693 554 855 712 781 329 146 960 581 206 660 382 139 778 432 584 487 362 336 589 860 579 105 1107 797 356 729 798 672 496 825 573 833 301 764 506 458 277 87 732 668 579 896 851 835 790 460 667 440 945 578 679 772 237 231 557 198 245 638 844 900 940 464 491 815 169 260 622 436 836 281 808 241 482 508 619 1098 800 662 262 335 589 691 631 844 107 333 793 508 539 785 124 586 133 774 811 911 284 975 814 388 694 842 423 219 754 598 371 756 95 476 597 943 617 728 547 725 918 420 688 234 330 536 375 664 558 726 367 585 272 579 927 619 238 904 722 277 93 816 368 285 438 676 410 871 657 165 514 388 874
820 324 778 812 407 625 373 627 589 553 90 636 389 0 964 203 571 260 580 218 446 847 372 700 575 536 670 475 606 341 767 549 544 927 133 298 445 232 280 558 431 298 274 639 834 284 1002 469 477 457 736 730 638 651 454 577 576 429 370 751 519 399 825 641 321 681 866 524 427 700 786 629 872 554 493 585 321 166 679 214 596 478 680 703 810 566 515 433 223 265 321 267 526 396 898 357 170 300 774 1001 856 818 292 592 241 763 636 850 285 122 415 302 264 433 272 729 496 649 562 858 109 896 815 81 936 542 67 197 403 859 688 852 483 327 871 747 312 845 644 511 727 53 424 164 90 307 662 367 371 455 201 564 427 390 783 566 382 905 368 200 298 875 309 602 525 493 584 767 683 458 735 206 678
157 653 861 622 1108 359 815 365 416 659 1046 697 721 964 0 768 704 914 385 856 596 210 704 514 508 1128 601 1057 392 867 959 583 521 84 859 853 1104 809 952 461 545 680 968 953 142 764 885 1105 491 970 654 423 350 856 709 1000 422 1098 732 273 462 644 352 572 891 962 531 1098 1177 269 306 337 735 572 821 856 644 882 343 772 502 772 847 932 833 431 526 1254 793 699 965 776 1095 568 370 609 925 817 250 865 435 229 978 391 1015 394 519 544 756 845 1223 815 901 1147 754 289 598 754 974 681 907 760 545 1013 28 1081 1028 781 1126 125 367 349 665 750 137 953 967 303 388 878 930 957 940 884 874 844 347 977 796 968 790 567 538 802 852 613 585 578 1109 965 782 435 684 441 469 816 382 755 482 853 229 798 917
628 169 737 708 520 442 263 448 417 465 278 560 232 203 768 0 499 314 386 234 315 667 204 572 434 623 565 550 403 263 755 433 348 727 152 216 546 205 352 396 258 153 357 645 634 135 940 565 292 501 644 582 457 624 383 609 373 532 303 548 316 211 666 527 350 684 740 604 562 500 617 436 790 434 470 566 125 139 505 37 401 435 647 693 759 393 369 596 84 81 390 215 604 204 742 159 253 284 594 934 712 639 297 390 361 610 506 727 129 107 572 285 308 555 110 551 309 590 588 765 143 818 694 245 739 611 261 23 525 659 485 692 314 266 669 737 385 678 477 509 713 213 461 140 118 310 459 432 342 498 138 442 229 364 740 462 182 786 493 235 165 730 180 400 354 467 392 700 546 359 539 159 667
554 347 246 253 462 390 746 373 327 53 656 65 680 571 704 499 0 352 439 357 218 503 645 211 209 439 133 379 575 759 299 135 648 720 441 713 442 340 368 285 337 352 386 252 639 617 440 433 376 292 170 294 389 169 119 296 566 442 204 659 517 609 395 139 294 269 335 410 535 550 407 454 300 145 135 152 442 628 368 534 690 107 175 251 260 328 232 631 582 433 355 307 406 411 440 442 424 274 454 436 371 479 793 544 450 331 185 316 608 474 600 272 341 497 590 417 671 93 272 289 604 325 282 652 682 386 634 523 485 664 669 415 720 247 693 286 361 438 325 182 260 528 276 629 510 277 609 340 206 292 387 146 437 192 247 95 451 358 482 718 651 387 321 633 315 131 429 200 229 838 535 374 230
758 287 527 605 217 555 570 549 500 352 330 415 546 260 914 314 352 0 547 81 321 752 517 528 435 309 473 236 631 556 507 382 627 899 170 508 235 124 41 456 380 265 55 378 805 447 758 252 440 200 522 584 564 398 254 318 607 223 191 763 544 514 689 457 63 421 679 290 274 680 670 588 644 390 246 331 358 385 583 348 680 246 429 445 565 483 395 340 387 305 76 145 291 396 752 385 90 99 684 759 694 723 540 607 106 621 473 661 442 222 310 101 13 255 423 638 608 413 302 639 338 664 626 339 887 300 309 329 227 832 728 713 624 164 853 488 71 720 539 254 469 208 164 383 242 79 683 119 149 197 182 399 435 160 534 381 410 708 202 450 474 712 246 656 445 247 545 532 524 664 696 162 420
241 271 666 507 754 87 491 104 124 386 663 465 398 580 385 386 439 547 0 481 253 291 370 347 238 800 401 724 142 534 737 304 256 356 475 508 759 433 587 156 167 298 602 683 261 407 790 764 108 642 485 297 101 608 390 702 143 750 383 227 126 311 338 356 535 706 481 772 818 133 270 49 621 296 516 582 261 510 164 395 280 464 612 691 660 113 208 886 422 315 607 403 770 183 413 227 546 455 222 776 414 266 629 111 642 306 302 478 398 460 857 453 534 794 391 187 313 521 676 576 529 652 455 631 356 761 644 402 769 288 230 361 381 389 306 725 607 330 168 575 699 572 606 512 489 485 170 627 452 640 407 296 158 464 662 347 206 537 748 599 432 429 305 210 126 511 13 580 305 557 156 417 669
701 214 560 603 297 498 493 494 447 344 300 422 465 218 856 234 357 81 481 0 275 704 436 507 398 390 464 316 556 483 555 356 547 836 101 435 317 48 122 406 313 189 131 432 741 368 784 333 372 269 524 553 508 435 244 383 531 304 164 692 468 433 655 441 119 474 667 369 350 613 629 524 657 363 276 370 278 317 534 270 600 261 463 492 592 428 350 407 310 224 157 80 370 321 722 306 75 82 634 783 671 675 478 533 161 589 447 650 363 150 378 85 74 335 344 588 526 431 364 646 275 680 615 299 828 377 277 250 305 768 652 680 542 125 787 536 153 682 492 299 514 171 230 316 177 91 610 198 154 267 101 372 360 172 566 364 332 701 278 391 397 689 175 578 388 276 480 550 497 589 633 81 466
439 147 465 393 513 238 539 230 179 170 536 267 467 446 596 315 218 321 253 275 0 431 432 259 128 548 251 473 374 559 514 118 432 588 315 516 512 234 357 135 119 162 374 441 496 415 640 516 166 390 334 284 245 379 139 451 360 505 137 480 306 392 382 212 295 469 427 519 581 382 353 283 482 118 266 341 232 454 261 345 476 214 391 461 474 165 74 658 390 237 369 196 518 192 453 226 350 222 362 632 410 402 611 344 426 318 193 413 405 328 628 220 308 553 389 316 452 311 425 453 444 511 379 519 569 508 514 339 530 523 472 408 501 157 547 499 371 407 218 324 473 418 355 455 365 249 416 383 203 388 245 127 219 212 464 153 233 471 513 548 448 428 141 424 132 261 246 404 237 628 386 242 436
107 523 650 413 930 224 780 220 260 462 934 490 685 847 210 667 503 752 291 704 431 0 660 305 322 936 393 869 375 825 749 392 515 254 727 799 922 660 786 298 415 549 803 748 214 699 684 919 374 781 443 214 210 649 524 800 396 917 562 327 408 599 144 367 719 754 329 907 1001 247 97 245 528 381 627 653 543 797 171 680 517 581 639 723 622 281 356 1085 711 589 793 624 904 463 181 511 778 652 72 664 233 28 921 357 856 184 318 339 690 725 1054 650 738 969 682 117 584 547 775 474 810 555 337 907 194 887 914 685 950 228 404 146 655 588 260 744 796 98 212 682 721 830 754 799 758 677 355 799 620 780 655 374 445 623 642 416 493 380 936 888 724 236 544 444 323 622 282 545 276 839 189 659 710
591 301 892 813 725 452 121 465 456 601 421 699 34 372 704 204 645 517 370 436 432 660 0 660 520 826 678 752 311 166 926 547 197 645 356 149 751 402 556 455 328 302 561 826 562 88 1072 769 324 698 763 641 467 791 539 801 282 737 473 445 252 60 703 634 549 863 819 806 765 439 639 414 911 544 646 739 203 221 527 173 241 604 809 866 905 432 457 793 149 227 594 404 806 248 779 206 457 476 592 1064 769 636 275 314 564 660 597 811 87 308 771 477 510 760 101 558 131 739 778 877 271 941 781 378 676 812 411 193 729 582 361 727 111 443 582 909 589 700 516 692 884 400 657 224 308 505 359 635 525 695 337 551 239 546 892 585 204 872 697 278 87 785 334 273 406 642 382 837 624 198 492 358 840
375 403 352 160 669 268 776 249 224 184 790 186 693 700 514 572 211 528 347 507 259 305 660 0 141 651 88 590 489 804 446 151 598 543 567 764 652 475 553 208 333 421 572 444 474 660 443 644 339 503 148 90 259 344 275 503 491 650 344 530 461 609 184 74 480 449 167 622 742 419 208 338 274 146 345 354 475 712 212 600 627 308 333 418 332 241 206 835 644 492 549 437 618 413 230 458 582 435 270 429 166 284 866 458 633 123 66 155 650 586 804 432 515 705 636 244 643 242 480 228 703 304 122 775 495 598 767 596 691 497 567 203 705 383 529 439 554 229 184 394 416 667 484 713 622 449 505 542 380 503 500 136 422 374 345 147 456 214 684 807 692 184 400 558 257 341 334 251 42 858 386 494 404
353 265 428 293 608 180 635 164 118 158 665 227 554 575 508 434 209 435 238 398 128 322 520 141 0 619 167 549 379 662 501 76 473 516 444 623 600 360 467 82 192 285 485 461 431 519 564 598 204 462 254 156 179 376 202 495 375 595 244 451 336 471 256 121 398 478 306 590 679 341 235 246 398 65 313 359 334 574 165 460 507 263 377 458 423 124 65 764 504 353 472 321 587 272 325 317 473 336 261 553 282 294 726 348 541 190 77 295 509 456 733 334 422 646 494 219 511 284 470 359 568 428 264 646 484 572 642 457 627 457 468 281 570 275 486 490 475 285 120 371 464 546 433 575 492 358 407 477 298 460 373 62 284 300 424 113 315 355 614 669 551 300 267 443 125 308 226 344 111 719 326 370 438
972 573 457 652 139 782 877 770 719 475 577 474 855 536 1128 623 439 309 800 390 548 936 826 651 619 0 568 77 907 860 376 545 924 1131 477 812 94 427 272 672 643 556 270 259 1041 756 680 67 702 158 570 733 786 351 420 166 887 110 417 1026 826 821 834 578 283 290 755 29 174 930 842 831 633 556 309 308 658 684 785 658 976 356 381 334 508 710 607 269 696 610 233 435 33 681 878 680 382 364 880 691 806 910 828 880 295 770 620 734 752 529 247 365 316 136 733 838 912 434 181 654 632 640 704 602 1103 57 561 638 155 1068 1006 854 932 420 1094 360 238 877 739 256 357 484 193 682 544 332 955 192 348 160 490 562 719 336 468 520 703 761 185 736 783 821 530 943 680 314 794 522 667 971 932 469 322
460 398 272 144 595 331 788 312 277 121 758 98 712 670 601 565 133 473 401 464 251 393 678 88 167 568 0 511 544 810 361 133 641 628 536 768 575 439 493 248 350 411 512 356 556 666 398 566 371 425 86 179 325 256 221 417 541 575 301 601 504 632 271 46 419 361 206 539 668 489 296 401 233 134 268 267 482 701 287 596 675 237 245 330 260 289 222 764 642 489 484 402 535 430 309 471 536 386 355 387 238 372 862 512 575 212 100 187 657 561 733 383 461 630 641 326 678 153 394 201 686 263 153 748 582 514 735 588 618 579 628 288 735 343 610 353 490 317 251 312 329 631 409 702 598 395 567 472 324 424 474 127 447 314 266 104 474 237 614 795 699 254 385 610 292 264 388 179 120 876 462 464 316
901 496 433 605 114 708 806 697 646 410 524 421 781 475 1057 550 379 236 724 316 473 869 752 590 549 77 511 0 830 791 368 477 847 1058 406 743 74 351 202 600 566 479 203 238 968 684 664 56 625 88 522 669 713 315 348 145 810 82 341 950 749 745 772 517 206 276 704 53 176 855 776 757 599 487 245 263 581 617 714 585 899 288 347 316 482 636 534 278 624 533 161 358 54 604 820 603 314 287 811 673 750 842 765 803 237 707 555 684 679 458 250 288 242 133 660 768 836 387 149 615 567 610 653 545 1032 67 506 565 137 995 929 793 857 343 1020 350 167 814 668 198 342 422 118 615 475 255 879 117 272 89 415 494 642 260 444 455 626 715 156 674 711 765 453 866 605 250 718 485 603 901 858 394 300
290 343 807 647 846 222 423 241 266 523 679 605 329 606 392 403 575 631 142 556 374 375 311 489 379 907 544 830 0 475 875 443 140 336 525 460 856 508 672 297 265 366 685 814 251 375 932 865 208 753 628 433 233 744 513 825 30 846 491 145 89 252 457 498 631 839 615 881 905 133 384 155 763 435 640 713 291 499 293 398 146 588 750 826 802 255 343 962 410 351 699 486 879 234 527 256 611 548 319 918 541 357 586 31 716 437 444 614 367 497 934 547 619 885 367 298 212 660 799 717 532 793 593 642 365 874 663 411 858 271 99 477 282 487 274 862 697 439 306 698 836 611 715 502 519 580 56 725 560 751 467 436 196 575 804 485 230 672 833 577 391 554 384 72 260 636 155 723 447 470 190 481 804
757 415 1000 951 741 613 57 625 612 720 353 818 146 341 867 263 759 556 534 483 559 825 166 804 662 860 810 791 475 0 1019 677 351 806 386 48 774 463 589 605 470 407 589 907 725 144 1196 796 477 753 893 794 629 888 644 866 446 759 567 604 418 226 862 769 603 947 967 844 767 605 800 579 1041 676 733 829 329 177 688 226 386 699 911 957 1019 587 597 773 179 326 630 478 845 393 938 345 478 544 757 1190 924 801 123 480 573 816 739 957 154 334 756 546 554 770 170 721 276 851 846 1012 233 1070 926 311 840 856 353 241 739 745 515 887 221 530 743 1001 623 862 673 771 977 386 714 180 316 567 521 675 606 751 397 684 393 627 1002 711 351 1018 705 169 111 941 437 431 557 731 545 957 771 116 658 417 931
821 625 110 362 482 681 1015 663 620 352 838 275 960 767 959 755 299 507 737 555 514 749 926 446 501 376 361 368 875 1019 0 432 947 990 655 971 441 561 497 581 634 623 509 134 916 885 304 417 676 328 307 537 677 135 388 223 866 450 455 952 817 896 615 398 445 92 472 357 540 842 653 748 294 441 286 189 724 867 646 793 989 322 124 63 157 625 531 641 840 702 462 542 352 704 630 729 597 480 716 317 553 730 1031 843 568 565 455 453 877 701 616 478 503 498 858 687 965 217 224 333 830 291 435 847 941 323 817 778 505 940 968 626 1009 489 971 19 471 664 607 255 42 715 350 866 731 464 907 422 414 330 624 441 733 392 121 390 742 456 522 946 917 562 592 933 614 288 726 213 481 1111 820 605 89
428 265 367 275 541 255 656 239 191 83 639 164 581 549 583 433 135 382 304 356 118 392 547 151 76 545 133 477 443 677 432 0 524 592 416 635 530 323 410 149 221 279 428 385 507 533 526 527 251 389 217 203 254 304 135 419 435 526 193 524 390 503 308 94 338 404 316 516 613 415 300 318 365 10 238 284 349 570 241 463 563 189 308 386 368 193 100 701 509 356 410 285 513 301 369 340 431 286 334 517 314 365 729 411 488 241 91 301 523 436 670 283 368 579 507 293 555 217 393 334 557 394 266 625 559 498 616 456 561 533 535 332 609 231 562 420 414 343 196 295 394 515 362 571 473 303 474 411 237 388 350 17 321 236 364 43 344 357 551 665 566 332 255 503 182 233 294 294 142 744 402 343 365
429 352 891 758 844 344 296 361 374 597 605 689 206 544 521 348 648 627 256 547 432 515 197 598 473 924 641 847 140 351 947 524 0 455 492 345 862 503 669 393 313 368 679 869 380 278 1037 875 273 779 727 554 357 812 566 865 120 850 523 253 137 149 590 595 641 899 738 900 895 273 518 285 869 518 689 771 268 411 419 331 53 639 823 893 893 357 424 939 328 323 701 490 900 249 662 244 588 560 457 1025 670 496 469 158 697 563 546 735 272 453 914 559 617 882 279 433 76 739 840 827 454 900 710 564 495 899 593 348 852 397 164 611 144 508 393 932 698 575 424 743 906 561 739 414 466 592 174 735 588 776 448 522 215 606 889 567 221 794 824 475 284 684 394 80 348 685 270 816 557 332 330 466 869
168 627 895 666 1101 349 752 360 411 672 1006 720 660 927 84 727 720 899 356 836 588 254 645 543 516 1131 628 1058 336 806 990 592 455 0 829 794 1100 788 938 458 522 654 954 972 94 711 938 1103 464 972 689 454 344 879 711 1011 366 1093 724 203 413 587 399 594 882 984 584 1102 1167 227 341 312 782 581 829 872 605 834 352 727 431 778 873 957 871 422 523 1239 744 663 955 757 1099 533 429 570 902 804 273 919 487 266 920 340 997 430 539 594 703 811 1210 802 886 1140 703 304 532 778 986 728 863 809 591 971 73 1086 988 739 1117 68 295 401 597 738 62 982 956 353 396 887 958 925 940 836 838 833 285 971 791 970 763 577 501 799 888 626 545 634 1098 913 726 490 661 375 457 824 356 792 508 784 203 773 941
709 206 656 679 369 509 399 509 467 420 223 506 382 133 859 152 441 170 475 101 315 727 356 567 444 477 536 406 525 386 655 416 492 829 0 337 397 100 205 433 315 179 207 533 735 280 876 416 368 368 603 600 521 533 323 483 497 382 238 667 436 363 697 507 219 575 732 459 410 602 661 522 741 421 374 468 234 216 557 183 545 353 560 592 686 445 386 447 218 174 245 134 461 297 768 268 100 176 655 874 724 698 376 506 208 633 503 716 276 51 422 178 168 403 258 609 460 522 465 726 174 766 681 212 831 470 200 163 372 761 616 723 466 194 776 636 239 718 520 400 614 103 330 215 75 191 581 290 247 365 72 430 333 267 661 432 294 771 341 291 306 743 183 535 404 373 477 639 550 494 631 73 566
737 371 953 909 694 584 78 595 578 676 317 773 139 298 853 216 713 508 508 435 516 799 149 764 623 812 768 743 460 48 971 635 345 794 337 0 727 414 541 569 432 362 541 858 711 104 1152 749 443 704 850 758 599 841 598 817 431 712 519 594 396 208 830 728 554 898 929 796 721 587 770 554 998 635 685 781 289 132 657 179 385 652 863 909 974 554 558 731 132 281 582 430 797 357 906 308 430 496 730 1146 889 774 125 462 526 781 699 919 114 285 713 497 505 724 128 693 273 805 797 970 188 1026 887 274 825 808 315 193 693 732 509 855 228 482 732 953 575 832 639 723 929 340 666 134 268 519 509 627 557 702 349 642 361 579 956 668 317 979 659 142 75 906 391 422 521 683 518 912 733 160 638 369 883
947 516 507 675 46 751 794 741 690 469 483 488 778 445 1104 546 442 235 759 317 512 922 751 652 600 94 575 74 856 774 441 530 862 1100 397 727 0 359 195 643 596 495 189 312 1009 677 738 27 656 150 591 727 757 389 397 218 834 15 376 982 772 750 831 577 225 349 772 93 102 891 831 794 672 540 307 334 593 597 762 580 914 345 421 390 557 678 578 203 615 541 160 373 98 625 882 619 298 307 861 747 813 894 737 830 204 765 612 751 673 448 176 309 244 59 654 817 844 457 223 687 544 684 720 509 1079 124 468 560 66 1036 955 853 859 370 1059 423 164 871 717 266 415 394 168 595 459 276 907 131 309 150 418 548 664 302 518 511 643 785 92 646 702 829 473 887 644 311 754 558 662 887 898 398 374
655 166 557 580 341 451 468 448 402 321 319 405 432 232 809 205 340 124 433 48 234 660 402 475 360 427 439 351 508 463 561 323 503 788 100 414 359 0 166 362 265 141 177 444 693 340 775 373 324 296 504 515 462 436 222 404 484 347 138 643 421 394 616 412 146 485 638 405 397 565 587 476 641 329 277 373 234 305 489 242 555 253 462 498 586 382 308 455 286 183 198 38 405 273 685 261 117 81 590 773 636 631 469 485 209 550 413 621 333 140 426 83 114 380 314 544 486 421 383 626 270 665 586 311 781 409 296 224 351 720 605 641 505 95 739 543 195 641 449 309 520 193 256 304 173 105 562 235 149 294 66 339 312 170 562 336 286 675 325 387 370 654 127 532 342 276 432 538 462 564 585 45 472
795 329 525 620 175 592 605 586 536 373 342 429 584 280 952 352 368 41 587 122 357 786 556 553 467 272 493 202 672 589 497 410 669 938 205 541 195 166 0 492 420 306 18 365 844 484 759 212 480 177 537 613 601 396 278 297 648 182 223 804 586 554 718 481 73 408 700 254 232 720 703 627 652 418 251 329 400 415 618 386 722 260 427 435 566 520 430 301 423 346 41 186 256 438 779 427 113 134 719 762 719 757 566 648 82 650 500 681 479 257 271 137 53 213 461 674 649 421 283 651 366 671 646 356 925 267 322 366 185 872 770 742 663 201 893 478 34 751 574 249 460 227 147 413 273 109 725 88 173 175 223 427 477 179 533 405 452 726 161 476 511 737 288 698 482 253 584 539 551 699 735 203 411
304 235 510 367 646 109 573 97 46 232 647 309 487 558 461 396 285 456 156 406 135 298 455 208 82 672 248 600 297 605 581 149 393 458 433 569 643 362 492 0 139 259 509 533 369 464 644 645 132 514 334 189 113 454 253 560 293 637 271 374 256 402 271 202 430 554 364 644 715 267 228 169 476 140 374 431 283 534 127 417 426 323 457 536 505 43 65 794 457 314 504 326 641 212 346 260 480 358 228 631 320 269 678 265 560 215 152 356 454 436 763 355 443 686 441 182 435 365 534 434 536 506 327 624 435 629 625 417 664 395 386 297 496 292 421 569 506 286 87 433 543 536 481 535 471 384 326 515 334 512 361 140 215 341 506 191 253 416 648 629 495 337 250 361 49 370 144 426 170 653 260 363 515
394 109 582 485 589 194 442 195 160 287 518 381 362 431 545 258 337 380 167 313 119 415 328 333 192 643 350 566 265 470 634 221 313 522 315 432 596 265 420 139 0 136 435 558 428 327 747 603 60 488 436 327 206 499 254 561 247 587 226 386 189 282 408 306 371 587 497 616 652 300 359 210 584 218 379 459 144 395 249 279 357 329 510 580 588 136 129 719 318 177 442 235 615 80 484 125 380 289 342 738 458 387 540 236 475 354 270 487 317 309 689 288 367 629 304 298 335 429 536 549 400 614 456 492 517 609 498 279 603 455 364 434 387 225 474 618 441 420 219 436 592 416 450 397 342 320 312 464 295 486 245 224 100 309 581 262 123 547 581 490 359 476 138 309 96 375 166 515 300 527 320 252 555
530 27 594 555 481 329 395 330 290 314 387 410 336 298 680 153 352 265 298 189 162 549 302 421 285 556 411 479 366 407 623 279 368 654 179 362 495 141 306 259 136 0 319 524 559 265 789 507 189 411 491 438 342 489 239 505 342 484 170 502 279 278 529 374 273 560 589 531 538 428 487 344 637 280 343 436 106 291 380 185 420 301 509 563 612 267 222 596 232 81 335 122 531 132 603 124 249 191 477 784 567 520 450 343 350 469 355 576 256 176 568 191 253 520 238 431 361 444 481 612 282 665 542 364 652 531 366 177 492 585 463 555 393 144 602 606 333 546 346 391 581 281 371 292 211 223 420 367 226 409 109 289 170 246 596 308 147 634 466 386 299 585 31 392 226 340 299 550 397 488 453 119 537
812 342 540 639 165 609 607 603 553 392 332 447 589 274 968 357 386 55 602 131 374 803 561 572 485 270 512 203 685 589 509 428 679 954 207 541 189 177 18 509 435 319 0 377 860 488 774 208 495 186 555 631 618 411 296 306 661 175 241 818 598 562 736 499 92 420 718 254 219 735 721 642 669 437 268 344 410 414 635 390 732 278 443 448 581 537 447 285 426 356 47 200 256 451 797 438 111 151 736 777 738 775 563 661 65 669 518 699 483 259 255 154 68 203 465 691 657 438 293 669 363 688 665 348 941 269 313 370 174 887 782 760 670 218 908 490 39 769 591 264 473 221 159 412 273 127 738 93 191 184 231 446 490 198 548 424 463 744 147 472 513 756 301 709 499 270 600 556 570 700 751 212 424
805 531 198 408 352 640 908 625 577 302 707 258 860 639 953 645 252 378 683 432 441 748 826 444 461 259 356 238 814 907 134 385 869 972 533 858 312 444 365 533 558 524 377 0 891 778 426 290 607 194 333 534 640 103 303 94 801 320 354 908 747 802 626 381 318 43 516 235 413 800 651 702 375 395 182 102 629 748 620 682 915 229 127 78 249 576 475 515 728 599 329 429 230 621 657 639 469 362 703 435 581 725 910 783 434 568 433 495 770 581 488 361 375 371 751 668 879 204 90 401 708 381 470 718 931 202 686 666 375 916 911 642 917 383 946 115 338 674 577 136 103 586 217 747 609 342 852 288 302 196 509 398 653 281 209 347 655 514 390 823 809 594 493 866 557 185 674 268 471 1004 787 489 63
108 532 826 608 1008 259 673 271 322 589 913 644 579 834 142 634 639 805 261 741 496 214 562 474 431 1041 556 968 251 725 916 507 380 94 735 711 1009 693 844 369 428 559 860 891 0 624 889 1012 369 882 622 388 255 801 622 926 280 1001 632 137 323 503 351 519 789 905 537 1012 1074 133 284 217 727 497 742 790 512 744 271 636 363 691 797 881 806 331 434 1145 654 569 862 663 1010 439 396 476 807 711 209 870 443 216 837 251 902 370 462 544 616 717 1115 709 792 1048 614 230 456 702 900 674 771 755 537 879 115 998 895 646 1024 27 230 359 524 644 54 908 863 310 313 801 883 830 849 746 744 740 205 879 699 881 668 493 407 708 819 543 452 590 1004 825 641 449 566 299 364 737 261 725 436 712 110 678 863
641 271 860 807 649 481 130 492 474 578 332 675 105 284 764 135 617 447 407 368 415 699 88 660 519 756 666 684 375 144 885 533 278 711 280 104 677 340 484 464 327 265 488 778 624 0 1053 696 339 636 750 653 497 752 504 744 344 663 430 515 303 129 725 625 485 816 824 737 685 495 667 455 897 532 600 695 185 134 553 98 325 563 773 823 878 449 454 709 63 184 523 348 738 252 802 203 380 419 629 1047 784 674 221 372 485 677 595 814 10 229 688 419 442 682 27 591 217 710 723 868 182 926 783 290 736 746 323 118 651 646 437 751 198 395 649 867 518 728 535 642 842 314 596 137 225 445 427 566 475 633 273 540 257 496 862 567 212 875 618 202 33 801 296 348 416 598 417 814 628 226 544 294 797
781 781 235 286 777 711 1179 692 666 475 1083 379 1107 1002 885 940 440 758 790 784 640 684 1072 443 564 680 398 664 932 1196 304 526 1037 938 876 1152 738 775 759 644 747 789 774 426 889 1053 0 716 769 610 311 510 702 363 559 520 933 747 643 965 900 1029 540 443 694 391 354 660 840 856 604 781 169 529 512 430 872 1069 650 974 1069 523 331 348 193 681 620 941 1021 870 731 745 654 827 516 866 842 702 680 22 451 675 1234 901 837 520 491 345 1044 913 915 699 750 797 1027 669 1076 354 515 217 1043 138 352 1083 875 625 1060 963 801 907 1009 537 1133 685 940 319 739 585 627 510 323 955 622 1069 948 696 947 697 630 611 827 523 845 611 226 487 870 307 814 1158 1087 450 760 1001 690 511 777 240 485 1269 816 812 365
948 527 487 662 74 753 815 743 691 463 510 477 797 469 1105 565 433 252 764 333 516 919 769 644 598 67 566 56 865 796 417 527 875 1103 416 749 27 373 212 645 603 507 208 290 1012 696 716 0 663 141 578 722 759 371 396 196 844 42 381 989 782 766 826 571 235 326 760 66 123 896 827 799 655 537 299 319 607 620 762 599 927 340 403 368 537 681 580 224 635 556 175 385 70 635 874 631 319 317 860 726 804 892 762 839 228 759 607 740 692 468 199 318 260 81 673 817 859 443 203 671 567 665 709 535 1079 98 494 578 93 1039 964 847 876 378 1063 400 180 866 716 254 393 418 165 618 481 285 915 140 313 141 434 545 674 304 498 507 655 772 119 670 722 820 484 898 648 303 759 541 656 908 902 414 353
342 162 617 497 650 150 443 156 134 325 563 415 356 477 491 292 376 440 108 372 166 374 324 339 204 702 371 625 208 477 676 251 273 464 368 443 656 324 480 132 60 189 495 607 369 339 769 663 0 546 458 317 164 543 305 616 193 647 284 326 141 270 386 325 431 634 495 675 712 241 329 154 602 245 432 507 169 424 216 307 313 380 552 624 619 110 150 778 341 215 502 295 673 90 463 139 438 350 301 758 446 347 558 179 534 338 280 488 329 356 749 348 427 689 318 259 307 466 590 563 436 633 459 534 462 667 543 310 664 396 307 411 366 285 414 662 502 391 196 490 636 467 509 426 387 381 253 525 353 544 299 249 84 367 615 293 126 548 641 517 368 463 197 258 82 428 109 543 302 521 263 308 601
814 426 375 526 177 623 762 612 560 322 519 337 729 457 970 501 292 200 642 269 390 781 698 503 462 158 425 88 753 753 328 389 779 972 368 704 150 296 177 514 488 411 186 194 882 636 610 141 546 0 441 581 627 249 261 119 734 151 262 869 674 685 685 429 150 236 622 130 248 772 688 673 529 399 158 189 516 584 627 537 829 200 282 269 421 551 448 348 580 474 138 295 128 531 733 536 288 222 723 616 664 754 740 725 240 619 467 601 630 419 318 222 200 207 610 681 773 308 107 540 538 542 569 534 945 120 499 519 200 909 852 706 799 270 935 309 147 726 581 116 295 404 40 583 442 193 800 94 193 2 363 406 569 179 385 366 557 635 207 651 665 679 384 792 521 162 636 414 515 858 773 342 248
522 479 206 85 617 412 873 392 361 183 823 108 798 736 654 644 170 522 485 524 334 443 763 148 254 570 86 522 628 893 307 217 727 689 603 850 591 504 537 334 436 491 555 333 622 750 311 578 458 441 0 234 404 229 281 409 626 593 366 677 590 719 307 132 463 328 184 542 689 566 349 482 148 219 293 261 566 779 360 676 760 276 209 290 183 373 309 788 723 570 521 469 538 517 326 557 593 443 416 301 249 426 941 596 619 260 183 163 740 633 758 440 511 649 723 393 765 135 390 122 760 177 136 815 637 514 800 668 640 645 710 319 822 409 677 303 528 356 329 325 283 695 433 779 669 447 648 502 375 441 545 212 534 362 198 182 560 194 641 871 783 261 463 694 379 290 472 103 189 961 534 534 282
287 416 441 224 741 211 760 192 185 258 820 276 672 730 423 582 294 584 297 553 284 214 641 90 156 733 179 669 433 794 537 203 554 454 600 758 727 515 613 189 327 438 631 534 388 653 510 722 317 581 234 0 199 435 337 590 439 725 394 455 420 586 105 155 542 540 184 703 813 346 117 277 343 194 424 441 472 721 141 605 576 382 424 509 418 208 216 903 646 500 613 477 700 401 169 450 628 487 181 494 131 193 868 404 690 38 115 181 643 611 872 484 571 778 631 161 607 332 566 292 719 373 161 801 404 681 798 604 762 410 501 129 672 428 442 530 618 144 129 476 507 702 559 722 647 505 441 612 440 580 529 185 402 438 433 215 442 240 753 816 684 148 422 504 237 419 283 337 65 837 307 526 495
194 315 597 416 758 15 588 15 67 337 725 402 496 638 350 457 389 564 101 508 245 210 467 259 179 786 325 713 233 629 677 254 357 344 521 599 757 462 601 113 206 342 618 640 255 497 702 759 164 627 404 199 0 555 366 671 241 750 382 275 227 408 237 282 540 657 382 757 826 164 171 79 533 244 487 538 333 588 62 471 377 435 555 636 585 80 179 903 504 379 615 427 755 254 312 303 579 466 137 687 312 182 718 205 665 205 225 380 487 516 872 464 550 798 478 94 415 460 646 485 600 563 359 697 324 743 704 475 775 282 307 260 483 399 309 667 616 232 75 545 641 623 595 590 548 494 245 628 447 626 450 242 239 455 592 293 286 438 758 681 524 327 340 305 120 482 88 504 217 657 147 455 617
711 490 129 305 423 557 882 540 495 222 728 159 825 651 856 624 169 398 608 435 379 649 791 344 376 351 256 315 744 888 135 304 812 879 533 841 389 436 396 454 499 489 411 103 801 752 363 371 543 249 229 435 555 0 252 185 734 395 322 828 683 761 525 285 334 105 412 325 491 718 552 622 283 313 159 67 589 741 530 661 855 189 32 82 172 497 400 593 709 569 367 413 320 569 554 594 486 356 608 368 477 627 905 712 474 468 340 392 744 576 564 354 391 449 725 575 830 103 170 303 707 294 366 732 836 293 706 647 447 826 838 540 874 358 856 119 375 572 488 146 93 602 258 740 608 344 778 333 287 250 496 314 598 266 137 263 606 413 456 823 785 490 458 801 484 160 598 171 374 977 700 478 62
552 238 355 359 406 363 634 350 299 100 541 183 573 454 709 383 119 254 390 244 139 524 539 275 202 420 221 348 513 644 388 135 566 711 323 598 397 222 278 253 254 239 296 303 622 504 559 396 305 261 281 337 366 252 0 312 499 393 85 617 443 508 442 203 205 333 426 391 478 515 435 416 419 144 127 205 336 510 366 418 611 75 270 330 376 292 188 566 466 320 276 189 388 318 501 341 315 164 463 555 441 497 674 483 358 375 223 408 496 355 535 161 241 445 477 420 579 207 286 404 485 444 373 534 684 376 518 406 426 649 611 466 621 128 675 371 280 478 320 185 345 413 231 510 391 175 555 276 105 260 268 152 350 101 358 127 355 458 416 599 538 459 208 563 265 122 382 320 274 728 513 254 305
847 516 292 488 259 670 872 656 606 340 638 320 833 577 1000 609 296 318 702 383 451 800 801 503 495 166 417 145 825 866 223 419 865 1011 483 817 218 404 297 560 561 505 306 94 926 744 520 196 616 119 409 590 671 185 312 0 809 227 342 930 751 784 688 434 264 131 594 142 319 826 704 727 466 429 186 150 611 700 660 646 914 238 214 172 342 601 497 421 690 574 258 397 137 615 725 626 407 325 749 529 651 775 858 795 357 625 481 573 738 534 394 325 317 277 718 711 867 274 26 488 655 474 545 653 977 109 619 629 282 953 923 706 898 361 980 205 266 733 615 127 197 524 153 699 558 299 867 212 279 121 471 434 651 259 303 387 645 597 299 769 775 665 476 871 577 191 694 356 524 968 819 450 157
315 319 801 650 823 228 396 247 266 514 649 599 301 576 422 373 566 607 143 531 360 396 282 491 375 887 541 810 30 446 866 435 120 366 497 431 834 484 648 293 247 342 661 801 280 344 933 844 193 734 626 439 241 734 499 809 0 824 472 175 62 222 470 495 609 827 623 861 881 159 398 166 764 428 625 700 262 469 302 367 136 574 741 816 799 252 335 936 379 323 676 462 860 210 542 229 585 526 337 920 552 376 556 38 690 446 443 621 337 469 909 525 595 862 337 313 189 653 783 719 501 795 598 611 394 855 633 381 834 301 121 491 259 466 305 853 674 455 311 683 826 582 696 471 489 558 86 704 541 732 440 430 171 556 798 478 202 679 809 546 361 566 361 68 253 621 157 720 449 445 215 455 793
941 505 515 677 32 744 780 734 683 467 467 489 764 429 1098 532 442 223 750 304 505 917 737 650 595 110 575 82 846 759 450 526 850 1093 382 712 15 347 182 637 587 484 175 320 1001 663 747 42 647 151 593 725 750 395 393 227 824 0 369 973 761 737 829 576 215 359 773 108 96 883 827 786 677 536 306 339 581 582 757 566 902 343 427 399 563 671 572 197 601 528 148 362 112 614 881 607 283 298 856 755 813 890 722 820 188 762 609 753 659 433 169 299 232 55 640 812 831 460 231 691 529 689 721 493 1073 138 452 545 54 1029 945 851 845 361 1052 433 151 868 711 268 424 378 166 580 444 266 897 122 302 152 405 544 653 296 525 509 631 787 77 630 688 829 462 876 636 311 746 563 659 872 891 385 382
