317
0 83 429 782 287 251 167 551 300 416 383 571 288 335 481 223 470 572 563 384 412 126 267 421 674 583 471 587 562 186 691 545 604 283 318 376 146 381 158 728 193 494 186 550 513 452 650 484 705 438 95 201 464 298 527 614 425 655 834 536 697 572 601 397 524 203 455 716 171 256 222 231 709 172 528 401 435 92 342 222 854 429 335 372 490 390 170 314 220 61 329 225 218 456 360 362 304 336 362 625 598 156 300 798 682 233 490 539 658 452 553 490 178 176 194 475 510 785 594 447 161 402 283 751 533 418 482 694 669 302 338 262 510 121 537 228 350 338 213 337 460 715 116 503 479 417 694 613 247 429 490 318 237 225 600 381 383 289 394 821 219 511 467 318 456 713 407 327 287 157 222 509 372 444 730 315 298 385 370 325 677 394 459 657 376 347 96 108 394 268 668 285 216 470 254 493 789 707 504 512 615 513 667 500 602 585 465 661 443 586 431 360 433 235 482 662 310 800 265 213 147 369 98 582 332 250 95 453 364 555 459 296 494 707 357 433 324 276 705 181 659 728 269 750 236 158 687 607 216 586 214 501 435 619 453 579 435 281 395 477 561 231 554 442 633 364 324 669 780 420 359 194 661 320 699 503 380 519 275 550 551 155 485 549 244 449 209 457 701 515 523 422 290 527 405 228 641 803 694 327 227 576 267 298 470 441 581 430 521 514 689 243 603 193 472 230 270
83 0 440 703 371 229 149 555 288 486 461 492 313 388 457 306 507 517 490 467 383 46 347 352 670 525 551 530 498 123 644 476 555 200 257 454 90 339 232 658 268 420 259 533 487 397 648 410 666 495 124 272 447 307 520 575 364 572 754 469 638 488 585 463 516 245 536 638 248 174 256 299 692 243 611 325 508 26 423 274 772 486 418 360 460 444 231 385 161 134 298 299 163 418 315 358 388 255 278 544 516 150 250 787 671 191 452 502 600 445 472 530 148 174 278 429 482 766 511 401 152 478 316 737 450 382 400 639 606 386 291 233 426 198 467 269 296 400 272 412 398 688 197 429 405 346 628 529 182 502 430 368 299 257 516 448 323 239 320 738 296 457 386 240 378 664 353 253 254 234 304 490 456 503 653 249 343 359 300 409 672 468 404 573 433 430 83 60 359 191 599 295 297 456 170 521 707 631 538 436 555 449 671 537 519 502 388 590 452 503 498 277 439 164 408 664 355 720 292 214 218 388 95 499 253 168 90 369 331 526 537 213 574 690 429 495 406 324 622 150 627 711 304 741 193 217 607 524 132 509 205 418 507 586 383 518 515 209 476 458 478 237 487 368 550 290 248 629 762 363 321 147 617 403 617 500 372 437 350 557 515 229 403 544 326 415 285 458 617 439 529 355 368 446 428 239 626 722 620 291 304 520 201 347 425 444 562 346 473 488 605 175 580 133 398 256 190
429 440 0 765 481 668 585 124 172 359 431 617 714 228 195 442 162 414 860 532 824 430 573 748 259 442 498 438 468 554 451 863 397 497 357 428 372 269 533 630 551 795 348 973 927 821 231 782 415 271 334 570 149 133 132 342 780 781 845 862 529 696 228 330 141 622 517 717 377 473 646 604 320 341 592 474 409 466 447 254 889 267 488 796 901 236 570 347 593 474 223 350 598 257 751 103 502 617 573 676 816 580 305 388 280 631 269 940 487 879 635 187 588 266 446 861 227 398 733 834 584 426 706 355 657 238 716 497 538 541 726 674 713 500 853 647 322 284 609 380 808 369 402 799 782 442 580 745 372 397 402 211 624 211 763 329 741 674 704 885 373 371 714 454 733 481 778 435 694 376 515 930 540 290 709 662 194 800 702 507 262 395 354 795 254 493 512 500 799 581 586 146 534 895 500 119 832 677 162 534 471 439 239 173 683 793 745 591 15 790 348 612 25 392 783 237 193 803 691 641 534 67 520 782 477 540 352 627 227 967 477 554 527 323 362 308 594 683 804 590 341 343 690 341 633 565 713 778 496 599 638 632 393 318 456 462 478 614 474 168 666 203 487 744 733 440 442 391 390 784 248 329 406 551 753 104 111 742 610 121 294 358 722 146 533 854 367 55 824 530 96 415 396 618 63 203 258 824 641 244 372 424 374 216 305 39 225 607 338 220 812 594 259 567 494 657 460
782 703 765 0 1047 801 780 774 649 1063 1089 213 958 920 581 981 925 362 580 1138 851 658 1049 613 764 332 1178 339 297 681 419 623 404 511 486 1083 640 509 936 169 972 574 900 987 917 722 771 565 500 1009 751 976 624 724 698 493 678 255 86 639 298 273 655 1032 682 927 1179 66 907 533 926 1000 695 881 1260 381 1105 710 1071 847 141 1002 1086 897 887 959 931 994 689 837 575 933 699 508 755 679 1067 542 460 170 422 798 530 786 725 740 501 869 322 970 244 952 758 693 960 782 559 711 285 776 795 1097 974 726 291 527 449 347 256 1077 739 785 397 901 617 947 483 966 969 1031 670 605 875 562 574 375 215 271 542 1094 364 894 997 784 322 1024 674 718 580 172 943 394 471 463 521 400 712 454 780 894 1002 951 1132 1025 56 643 860 849 618 1085 764 1075 413 277 966 1096 762 723 815 597 187 726 998 952 547 882 115 87 927 272 311 327 821 939 212 401 527 176 761 394 1063 500 741 549 571 804 870 46 945 844 922 782 776 387 450 580 710 381 552 928 1159 532 1206 685 1031 1035 1105 1005 207 756 554 692 969 766 736 915 106 334 588 196 822 315 1095 535 342 307 1146 621 1119 609 258 710 278 568 218 420 457 487 718 698 537 611 452 1094 133 710 660 427 1054 791 503 879 454 713 1024 837 931 723 253 270 772 383 1009 269 814 723 675 81 125 557 948 351 523 881 460 730 630 396 433 569 251 652 607 690 315 915 514
287 371 481 1047 0 470 403 599 450 228 141 842 396 266 624 66 418 782 837 96 613 410 130 693 736 801 207 802 794 463 875 814 797 568 562 135 410 581 199 969 179 769 154 712 698 699 707 761 865 312 295 198 589 398 611 778 683 941 1107 802 912 855 705 230 617 309 180 983 141 539 338 217 801 171 245 668 214 378 85 238 1131 306 51 545 684 294 245 151 489 254 513 134 484 635 597 475 22 621 649 899 884 382 526 865 761 482 664 747 869 600 830 423 426 361 92 706 658 879 880 679 389 165 372 836 816 597 769 897 896 63 581 488 797 205 806 320 577 221 253 137 720 841 175 781 755 672 929 898 505 215 718 274 247 302 887 216 643 542 672 1102 115 722 753 591 739 902 657 595 515 153 102 679 86 305 993 587 287 585 643 38 739 178 677 943 270 63 358 387 609 553 911 388 130 632 540 474 1066 967 457 775 834 748 703 445 880 872 747 908 496 873 251 647 499 500 758 705 289 1070 377 405 214 414 351 869 609 537 337 739 548 743 202 584 223 804 169 281 119 317 988 430 801 824 355 819 486 254 958 895 503 851 420 784 225 768 706 805 173 560 127 607 842 368 795 720 916 627 594 833 871 674 553 435 836 70 976 583 500 806 175 589 717 169 771 627 98 660 125 531 986 776 571 668 92 805 426 356 738 1077 947 523 113 789 524 266 666 512 695 716 716 658 974 519 727 466 732 361 550
251 229 668 801 470 0 84 784 516 651 597 593 163 585 679 420 721 702 394 558 160 251 381 255 898 703 676 710 664 141 838 361 749 312 446 590 310 549 272 800 299 334 424 304 261 231 877 330 871 685 339 286 673 534 749 784 225 605 830 346 810 541 810 635 744 181 650 735 400 305 161 288 917 414 710 464 660 203 546 473 833 677 521 132 238 639 231 546 117 236 519 459 107 630 127 587 478 260 341 631 489 97 458 1014 898 62 664 289 777 219 556 742 80 402 389 237 701 989 548 209 91 619 185 962 513 597 389 821 768 453 115 21 436 266 355 186 495 582 243 562 260 905 342 348 321 502 781 567 374 656 609 569 266 474 534 619 190 95 255 786 446 647 367 384 332 854 192 407 45 388 372 261 540 690 760 169 550 134 216 500 900 619 595 597 624 533 157 168 144 205 743 522 348 227 278 742 772 746 755 565 730 618 900 752 593 487 335 730 681 492 668 302 668 350 325 893 562 805 157 68 256 613 153 491 383 231 316 422 549 304 668 273 693 914 587 676 443 236 664 79 842 934 187 968 65 218 696 534 244 624 49 486 664 800 536 689 641 180 596 682 546 465 644 296 605 443 399 835 986 210 536 366 818 468 688 729 600 426 356 786 726 394 388 773 385 199 439 687 644 570 758 523 509 532 651 465 851 797 747 509 454 703 389 549 628 673 786 405 673 708 634 150 802 128 538 140 330
167 149 585 780 403 84 0 703 437 572 524 568 182 501 605 349 636 646 438 495 245 178 330 294 819 650 606 657 615 99 779 411 689 274 385 516 235 481 212 762 244 373 343 387 346 298 797 366 806 603 254 236 596 451 670 718 280 606 818 399 760 534 734 555 665 152 583 714 321 259 146 247 841 332 647 423 584 124 475 389 826 594 455 211 323 556 180 468 101 157 445 379 92 562 199 507 414 257 322 612 510 22 390 937 821 78 595 372 725 296 537 657 25 320 317 313 629 915 546 284 16 545 194 886 501 527 401 767 722 394 179 95 441 198 404 168 432 500 206 486 316 834 263 385 358 455 739 565 311 580 555 485 233 390 539 539 240 138 281 784 368 588 381 338 355 796 254 358 121 309 310 345 479 607 735 191 465 218 246 436 821 543 536 601 541 467 73 90 227 190 704 439 290 309 237 657 763 718 670 529 678 568 818 667 578 503 360 692 598 507 589 294 586 289 362 812 477 790 166 70 195 529 68 505 342 200 233 411 477 388 596 249 625 839 509 595 394 225 662 29 773 859 188 890 83 165 677 542 197 595 57 471 587 731 491 638 570 179 526 607 533 382 599 327 598 396 351 770 911 270 465 293 756 411 676 649 521 439 314 704 658 312 401 693 326 283 360 606 647 534 676 472 434 512 567 382 775 785 715 437 376 648 328 465 563 592 711 391 610 635 637 139 728 91 498 135 283
551 555 124 774 599 784 703 0 272 451 535 655 838 336 197 563 221 412 946 642 938 540 696 844 137 442 591 435 480 664 408 954 377 586 431 532 481 323 658 623 676 885 471 1089 1041 924 108 871 354 352 456 694 161 253 75 301 881 829 858 955 507 748 147 425 91 746 615 734 501 566 770 729 213 464 685 535 501 581 557 378 907 350 602 914 1014 330 695 457 703 598 300 471 708 279 861 199 619 709 655 710 886 699 384 266 166 744 276 1049 469 998 681 238 704 382 569 968 215 287 787 942 702 526 829 241 712 277 793 467 528 660 835 789 783 625 944 771 387 390 733 488 907 282 527 886 872 495 572 797 463 489 428 325 749 336 821 428 843 783 798 911 494 384 794 533 818 438 882 511 808 500 638 1045 652 370 720 765 312 915 800 622 140 494 384 845 352 605 631 616 912 681 588 266 658 1012 595 154 854 688 198 574 465 463 116 214 726 861 831 597 109 857 436 699 117 485 873 112 310 816 814 761 658 191 639 848 554 639 469 697 290 1079 571 647 619 218 466 393 714 808 844 705 275 236 813 221 745 689 738 837 597 629 757 691 484 266 502 467 575 716 578 171 716 321 506 835 777 507 519 338 277 887 311 432 362 669 784 71 191 815 733 18 273 482 800 63 655 965 488 97 870 568 28 464 510 668 172 323 161 841 648 319 492 422 461 332 325 111 159 679 342 204 858 700 193 678 539 780 549
300 288 172 649 450 516 437 272 0 414 453 475 587 270 185 394 300 337 687 526 667 268 507 576 381 359 537 359 365 392 425 691 347 324 193 448 209 142 435 539 462 623 296 819 770 652 360 609 421 361 209 477 164 74 232 331 610 627 723 689 466 539 301 384 228 503 545 593 316 301 523 511 409 281 625 316 459 313 447 216 760 353 475 648 742 310 462 357 430 355 74 318 436 184 588 73 472 444 402 536 649 436 139 500 384 473 214 776 423 733 485 327 435 123 386 695 217 485 575 669 438 457 584 452 499 147 545 448 457 499 563 519 545 398 681 528 171 319 504 395 637 418 316 626 609 293 494 589 200 448 289 245 525 149 601 376 572 511 532 748 335 279 543 284 560 452 610 268 537 309 449 776 527 377 592 493 211 644 530 485 384 432 242 639 316 483 367 348 640 411 486 76 460 744 327 281 700 562 316 394 392 324 385 322 536 626 573 487 180 624 413 439 163 219 610 377 221 682 565 500 431 149 377 616 308 369 208 461 102 808 518 382 566 407 389 385 545 574 657 437 366 428 569 453 474 453 582 616 326 466 493 472 448 328 315 369 508 444 489 178 512 83 374 572 583 278 274 387 480 615 113 159 387 514 616 212 84 572 534 277 269 290 551 256 470 693 325 175 672 392 248 272 386 465 190 94 341 698 533 92 338 345 203 234 218 164 281 440 267 219 660 427 304 405 351 529 287
416 486 359 1063 228 651 572 451 414 0 101 878 609 144 543 243 235 744 976 219 806 510 358 837 583 769 140 767 779 603 804 961 741 651 585 102 482 556 401 953 393 906 230 921 899 867 552 896 774 104 369 413 500 341 488 697 842 1010 1134 953 869 921 584 30 498 516 166 1005 250 621 545 439 664 244 234 707 50 503 148 227 1168 103 199 747 881 122 449 104 637 415 489 192 635 583 771 401 238 738 738 939 990 555 536 707 617 646 606 939 826 811 879 229 589 386 272 886 578 737 952 857 561 83 588 691 881 552 875 843 868 287 751 666 892 390 952 532 579 97 469 94 877 725 309 915 891 695 906 969 552 38 704 169 468 282 969 39 800 704 806 1150 205 690 864 648 862 834 823 643 692 263 320 885 236 89 1006 732 203 778 785 228 586 54 657 1018 105 196 509 525 795 676 901 338 349 840 634 302 1106 976 269 800 800 739 535 254 931 972 872 902 371 972 22 753 383 558 894 542 193 1094 589 594 412 307 507 966 670 649 415 819 515 944 120 686 168 669 64 63 340 539 1049 593 700 687 571 665 650 455 990 981 606 875 604 850 35 676 723 781 126 694 142 520 900 354 789 854 974 666 645 748 727 836 528 481 760 286 1019 460 426 910 404 437 643 261 879 497 324 849 211 414 1056 799 427 681 149 857 295 341 608 1108 948 505 196 753 567 181 625 397 583 796 670 573 1044 658 618 609 756 566 623
383 461 431 1089 141 597 524 535 453 101 0 895 535 204 604 176 327 790 946 118 746 493 269 803 670 813 90 813 817 569 864 927 794 644 604 7 477 594 332 992 318 877 204 851 834 822 640 867 841 201 358 337 563 386 564 760 801 1013 1156 917 919 926 660 116 572 446 91 1029 213 615 475 358 746 221 171 721 73 475 55 242 1186 199 102 682 819 205 380 96 600 367 525 165 597 633 722 456 145 717 730 955 976 504 559 796 701 601 658 880 875 739 891 325 544 397 208 834 639 822 954 806 511 23 512 776 885 598 860 897 911 193 703 614 883 330 919 459 607 147 393 59 837 801 267 887 862 716 948 971 560 77 740 223 388 307 966 108 760 661 777 1164 165 733 847 653 839 893 778 652 640 227 241 817 135 189 1033 697 250 718 752 132 673 46 695 1018 183 97 469 491 739 651 937 380 270 770 622 392 1123 1005 364 821 845 774 627 349 942 961 849 937 445 962 123 737 454 561 865 632 245 1117 516 535 346 372 464 956 673 629 405 816 556 880 76 672 117 750 69 163 244 458 1056 548 770 769 495 753 605 388 1009 976 590 897 548 854 86 742 747 822 56 665 43 582 907 381 823 826 982 679 652 813 812 793 566 487 821 190 1034 535 481 896 315 522 702 233 864 575 240 792 175 487 1060 821 510 705 92 867 370 368 687 1128 980 539 157 799 576 226 671 468 656 793 718 636 1047 626 690 574 777 498 620
571 492 617 213 842 593 568 655 475 878 895 0 747 739 458 776 769 280 433 935 657 446 838 429 681 256 985 266 198 469 398 469 340 298 292 888 433 348 724 230 760 407 699 801 733 541 680 396 471 836 547 763 494 550 581 426 493 180 264 481 302 121 565 849 566 714 983 146 704 320 714 788 634 681 1063 175 918 497 873 656 291 828 883 696 702 783 718 802 479 626 403 735 489 375 559 520 862 338 251 60 298 586 342 736 650 531 382 693 296 773 50 796 546 497 754 602 446 672 156 591 583 905 762 673 109 381 276 340 247 870 540 578 230 690 461 734 304 781 756 837 493 562 668 398 403 183 234 158 338 908 228 713 784 596 201 839 483 514 390 273 742 278 294 253 343 394 524 247 575 691 792 762 928 851 167 441 679 651 424 881 682 885 270 200 787 894 549 510 621 388 185 549 788 758 333 736 227 153 778 82 257 196 727 787 73 271 352 166 617 265 881 297 595 342 401 711 690 228 734 633 710 619 563 255 239 368 505 183 390 749 967 321 1013 625 841 857 896 792 189 544 498 637 757 706 528 702 116 218 375 45 612 120 910 466 160 225 952 415 922 483 87 524 164 388 124 216 248 445 676 513 371 409 411 887 140 584 506 267 842 669 409 677 282 600 815 649 731 585 217 86 645 203 811 66 656 537 594 234 163 384 749 271 320 698 329 587 536 193 325 458 206 443 523 479 124 703 302
288 313 714 958 396 163 182 838 587 609 535 747 0 580 766 365 731 826 547 468 239 351 278 414 963 831 601 837 798 279 956 509 866 456 564 529 403 652 209 945 217 492 407 316 308 367 939 489 979 667 383 198 751 585 815 889 374 769 991 492 941 703 889 601 813 96 568 892 377 441 69 180 996 403 615 605 606 292 480 482 995 659 443 160 300 629 161 510 269 240 609 432 259 731 268 651 397 421 497 788 651 170 564 1086 971 220 765 366 906 204 713 747 202 464 338 351 793 1072 711 327 171 559 28 1039 673 695 553 947 904 359 265 183 599 228 504 77 608 562 142 515 407 999 328 506 480 638 922 730 489 606 735 571 151 505 697 585 346 258 418 949 413 767 531 521 495 975 336 541 199 370 294 285 447 667 914 333 561 214 378 417 966 567 714 761 610 454 230 263 249 361 886 572 265 237 419 766 933 898 769 711 860 750 954 762 752 650 497 875 729 655 630 462 720 468 484 950 570 964 23 114 200 652 217 655 525 379 380 582 643 353 597 426 612 995 545 648 333 91 827 203 940 1016 41 1039 224 159 853 698 380 775 135 645 614 899 674 820 568 340 523 764 705 519 781 457 767 579 534 943 1067 356 634 460 930 371 848 792 669 589 241 836 828 382 552 838 298 288 410 745 807 716 810 654 460 688 684 516 929 957 897 604 420 828 507 553 738 728 868 563 786 798 797 306 889 268 680 58 465
335 388 228 920 266 585 501 336 270 144 204 739 580 0 402 243 156 600 872 306 745 403 378 739 474 624 276 623 635 511 664 863 598 530 448 200 365 412 375 808 381 803 173 876 844 784 444 791 638 107 264 401 360 197 360 558 753 878 993 856 725 789 456 113 368 483 291 863 204 501 512 433 545 177 369 571 191 410 220 114 1028 98 265 698 823 55 421 121 548 353 345 154 548 439 695 258 285 628 617 800 870 488 397 602 502 568 462 874 682 771 743 168 514 258 259 810 437 622 822 782 494 200 564 577 748 407 758 700 723 329 672 597 770 352 853 504 438 56 451 152 787 597 252 810 788 556 761 838 422 179 560 26 459 149 842 108 711 623 704 1012 177 546 749 518 752 693 739 510 622 210 325 837 315 118 863 637 60 718 688 287 476 170 512 887 48 268 431 437 729 572 756 194 350 795 517 208 966 833 196 660 656 595 437 186 795 851 764 758 242 850 143 638 250 431 791 440 49 952 558 539 381 169 433 844 541 540 305 693 371 888 255 572 305 549 134 118 384 526 914 517 566 568 547 557 571 421 849 854 495 734 544 719 178 539 582 637 252 595 246 380 766 216 645 750 839 530 513 610 613 750 384 353 620 336 880 332 283 790 420 325 502 198 762 372 338 785 176 282 924 659 310 539 175 721 167 204 485 967 804 362 172 609 434 43 481 264 452 670 525 434 912 563 486 520 616 529 499
481 457 195 581 624 679 605 197 185 543 604 458 766 402 0 572 357 222 776 691 819 428 691 688 243 251 679 246 285 544 261 789 202 429 264 599 369 146 621 438 647 719 473 976 921 780 233 705 241 464 394 662 45 225 122 156 734 634 664 792 334 555 135 513 107 685 693 538 496 414 703 697 239 460 771 350 592 481 608 385 711 458 643 811 891 423 647 511 580 539 159 489 587 83 732 149 646 552 485 513 701 607 229 341 229 628 79 917 292 898 486 381 599 306 567 830 35 310 594 806 609 603 764 284 520 93 616 303 345 677 707 678 600 584 780 710 213 458 689 547 755 233 501 719 707 306 387 603 316 580 231 381 710 322 630 510 700 657 641 714 509 188 620 364 650 291 742 340 693 490 632 932 695 482 526 623 353 799 650 656 245 573 188 651 438 649 540 514 789 538 397 236 644 905 445 305 658 494 352 378 278 266 275 364 529 675 663 405 188 671 536 534 169 341 708 261 358 622 744 672 616 235 551 662 383 495 387 514 131 955 658 491 708 235 535 498 725 757 647 600 181 255 750 297 629 637 541 647 458 432 662 501 578 144 308 274 654 575 644 28 522 266 310 673 581 327 349 210 307 743 147 312 217 690 587 129 124 634 719 212 100 471 623 142 653 840 500 145 674 372 191 274 550 474 254 276 175 646 456 170 510 233 307 377 128 156 108 499 148 34 662 568 123 558 345 708 393
223 306 442 981 66 420 349 563 394 243 176 776 365 243 572 0 399 722 778 161 570 344 135 634 700 740 256 742 732 402 819 756 739 502 498 169 344 520 158 906 149 710 98 679 659 647 671 701 812 310 230 170 539 347 569 724 628 875 1041 746 852 790 660 237 573 272 235 918 78 473 302 198 760 112 306 602 242 314 126 190 1065 303 112 507 644 281 206 147 430 195 454 92 426 577 546 424 86 558 584 833 821 329 463 829 721 427 608 704 809 568 764 409 370 298 31 658 606 838 814 629 335 198 344 796 750 539 705 839 834 105 528 438 733 154 749 288 514 208 225 149 665 794 109 721 695 607 866 833 439 241 656 244 226 250 821 221 588 487 612 1036 68 661 690 525 677 846 604 529 464 88 82 643 152 307 927 528 250 542 584 105 703 202 615 877 259 124 299 325 562 490 848 336 109 598 475 450 1000 902 439 709 773 685 671 428 814 808 686 844 457 809 264 583 458 434 699 672 255 1004 345 359 171 374 292 805 543 473 271 674 489 705 247 519 276 762 179 286 153 296 922 374 751 782 327 783 431 213 893 830 438 785 372 718 249 716 641 743 221 499 177 557 776 311 731 660 850 562 528 780 830 620 493 370 781 120 910 541 449 742 176 555 662 106 708 586 94 615 74 489 921 710 535 604 94 739 391 299 695 1011 882 462 71 729 458 232 607 470 649 650 657 606 909 459 679 406 666 324 484
470 507 162 925 418 721 636 221 300 235 327 769 731 156 357 399 0 577 970 442 881 511 534 846 349 605 373 601 629 630 608 967 559 612 494 326 462 422 529 793 537 903 327 1019 983 904 319 890 565 132 385 557 311 232 272 499 868 927 1005 963 691 839 364 212 285 635 401 875 358 585 662 590 433 328 467 616 283 532 359 251 1047 131 408 840 959 124 574 266 668 498 367 311 671 419 822 249 435 723 695 829 946 626 440 472 385 696 432 1007 649 917 783 27 645 347 415 937 388 505 875 909 631 315 717 458 799 398 839 658 701 481 798 731 842 504 957 657 467 197 606 290 900 503 403 908 888 589 743 889 491 272 561 160 614 250 902 219 827 747 806 1040 334 533 834 582 845 639 860 567 755 363 481 978 455 149 869 750 172 855 796 433 352 283 513 939 148 409 564 563 862 677 748 238 506 938 607 68 988 838 39 687 633 598 300 30 833 924 857 753 169 922 218 726 188 506 890 307 161 963 708 681 534 150 568 914 605 639 418 759 379 1025 353 663 400 439 262 174 537 681 954 648 488 456 700 430 699 572 870 916 594 754 683 773 266 470 608 624 361 705 371 329 812 287 647 850 881 579 573 544 495 869 398 433 562 487 908 247 265 868 576 206 454 349 844 275 494 918 332 212 971 683 202 566 325 764 112 280 382 983 803 387 329 587 498 178 466 200 369 738 501 380 959 678 404 641 645 678 577
572 517 414 362 782 702 646 412 337 744 790 280 826 600 222 722 577 0 677 862 814 475 822 628 410 30 873 23 81 561 140 703 61 397 261 785 429 201 729 216 761 634 627 970 907 735 413 621 198 675 506 772 267 404 336 146 686 460 447 711 129 396 296 713 320 763 882 326 644 398 773 803 355 611 962 258 791 535 785 553 497 669 811 828 875 630 741 695 587 634 269 653 597 161 717 343 804 501 414 324 566 656 271 456 375 642 145 885 87 913 322 602 632 425 709 792 197 392 434 774 655 794 831 393 371 192 510 122 124 827 693 694 479 691 694 787 221 652 784 732 698 282 630 629 626 210 165 438 336 779 94 575 809 487 477 708 661 651 582 507 668 61 522 322 564 152 705 297 702 634 766 927 862 693 309 596 544 800 604 818 410 766 112 481 641 819 597 562 779 516 176 410 771 910 428 527 448 277 574 217 56 99 463 586 353 539 575 185 408 533 740 469 389 357 625 446 551 405 806 716 719 443 611 524 329 479 479 402 236 933 853 453 902 346 725 706 867 841 459 631 217 357 821 427 641 728 337 494 458 242 701 364 779 187 185 58 845 553 827 250 361 415 115 599 403 264 306 167 396 700 229 378 137 842 388 349 320 516 841 428 141 616 518 350 788 821 658 367 493 209 410 182 723 320 469 428 321 432 236 260 672 10 318 567 119 377 270 396 75 207 483 562 250 574 207 771 373
563 490 860 580 837 394 438 946 687 976 946 433 547 872 776 778 970 677 0 931 342 469 768 144 1019 662 1033 672 605 376 813 48 738 362 515 938 510 630 650 660 682 69 748 437 370 190 1008 80 875 980 610 673 793 742 885 810 172 327 569 67 732 319 908 953 874 574 1014 528 734 386 556 679 1000 732 1082 432 997 473 903 759 548 971 888 416 345 927 617 875 348 583 645 788 352 698 279 758 850 246 291 432 159 460 561 1106 1001 360 721 306 718 459 382 995 414 623 747 237 781 1055 297 245 454 965 573 1044 323 682 166 764 677 833 281 372 203 634 47 580 563 889 636 900 141 949 678 61 84 481 667 308 487 991 593 849 660 729 257 938 203 303 169 490 782 647 157 413 127 815 211 437 351 720 748 410 916 989 562 250 820 355 194 872 1021 957 611 307 919 900 479 455 315 300 618 733 729 428 362 966 502 565 994 465 674 578 1046 997 384 178 114 600 867 185 988 248 848 468 81 1034 834 562 547 462 634 829 486 192 393 332 566 275 657 367 1021 307 1054 993 918 983 831 629 383 410 881 1010 578 1066 356 602 481 245 377 478 440 319 997 842 496 634 997 281 955 793 347 682 572 122 362 448 428 844 1056 191 636 537 814 849 446 876 758 166 748 955 771 717 159 909 765 308 772 853 344 473 926 515 853 372 871 690 945 539 589 626 790 672 486 829 669 847 878 283 691 792 340 320 879 372 470 534 399
384 467 532 1138 96 558 495 642 526 219 118 935 468 306 691 161 442 862 931 0 695 506 189 787 779 883 139 883 879 559 948 907 873 664 652 117 504 662 286 1055 260 864 239 783 775 789 749 856 932 319 388 276 653 467 665 847 775 1037 1199 895 992 951 761 233 672 388 102 1075 231 635 416 287 852 257 152 760 185 474 85 310 1225 316 52 623 764 318 328 185 584 349 593 209 579 710 685 542 81 718 745 993 981 474 613 907 808 574 739 828 949 671 925 442 518 447 189 793 726 928 976 765 480 137 442 883 912 674 865 975 979 108 671 577 894 297 899 396 663 252 328 154 812 900 271 875 849 763 1013 994 597 192 803 320 316 376 983 224 736 634 767 1197 196 803 849 685 835 976 747 688 603 244 186 753 21 307 1083 681 341 667 737 59 782 164 760 1039 294 43 453 483 693 649 998 458 210 705 636 505 1160 1057 480 866 915 834 739 466 975 968 843 995 547 970 241 744 553 594 853 743 340 1162 452 491 302 469 445 965 703 633 431 835 626 820 143 680 145 855 179 281 144 382 1084 522 865 875 426 862 579 340 1051 991 600 942 508 880 201 834 796 889 115 655 79 673 937 447 882 815 1011 720 687 902 919 764 633 527 907 96 1070 636 567 903 230 631 788 258 868 678 174 743 207 586 1082 867 616 757 141 900 473 434 790 1170 1036 604 191 870 616 318 744 567 754 812 794 725 1070 615 787 561 823 440 645
412 383 824 851 613 160 245 938 667 806 746 657 239 745 819 570 881 814 342 695 0 398 509 241 1047 810 821 819 764 275 954 297 866 417 571 739 458 682 414 880 435 304 582 157 103 152 1027 306 995 845 498 419 818 690 898 911 181 624 865 279 909 579 954 792 892 306 792 789 557 418 278 410 1059 572 846 561 812 357 694 634 857 836 664 82 78 799 368 702 239 394 661 616 232 763 99 739 619 323 414 683 477 257 592 1159 1044 193 795 133 882 121 613 902 237 557 539 116 838 1129 575 98 251 769 268 1104 561 733 406 927 863 587 120 151 458 416 295 300 622 741 367 715 203 1039 500 319 297 605 869 592 505 809 719 730 384 634 549 775 176 164 270 803 601 763 383 492 336 966 142 517 129 546 512 113 676 848 818 221 711 27 233 640 1049 771 714 611 783 675 317 324 36 297 826 678 485 101 388 901 801 809 915 647 833 722 1052 912 639 485 332 810 836 491 824 362 823 481 300 1044 723 847 249 211 400 771 313 493 484 335 473 474 688 143 814 362 835 1055 742 834 568 331 684 235 973 1075 279 1113 192 359 745 544 364 695 202 539 817 931 636 792 787 260 741 826 593 621 740 289 639 550 508 959 1126 159 673 511 939 601 726 879 751 435 476 940 856 552 402 922 521 49 595 840 655 654 912 631 661 591 810 622 994 832 819 649 609 813 517 709 754 827 928 463 795 847 647 255 941 262 629 255 443
126 46 430 658 410 251 178 540 268 510 493 446 351 403 428 344 511 475 469 506 398 0 392 337 649 482 583 487 453 124 604 460 514 158 214 485 59 302 278 612 314 400 289 551 501 394 628 388 629 510 141 319 422 298 500 539 357 531 709 454 594 446 559 486 494 289 571 592 282 130 298 345 666 272 647 279 536 60 457 290 728 501 456 383 473 458 277 412 163 179 268 329 168 383 321 341 428 227 239 499 483 184 213 763 647 204 417 510 557 470 427 535 171 166 318 431 451 738 470 404 184 509 356 710 407 348 367 597 561 428 296 251 390 243 451 312 256 420 318 441 389 656 235 408 385 300 583 488 138 529 387 381 345 263 477 471 316 244 300 695 328 416 355 194 352 623 350 206 269 268 348 508 496 520 607 239 353 376 286 448 651 497 363 533 449 468 122 89 371 169 553 287 341 478 130 518 663 585 540 390 512 405 654 540 475 468 363 544 441 469 521 244 426 119 388 646 366 675 332 247 265 383 135 463 207 138 97 329 299 539 569 178 608 663 456 514 450 368 579 172 594 683 345 717 205 262 561 486 97 463 235 375 534 552 337 474 547 194 510 431 434 230 441 347 507 244 202 592 735 358 287 115 579 446 573 481 352 403 397 543 480 260 371 524 370 425 317 442 576 393 515 310 401 401 424 234 600 677 574 259 336 478 157 360 386 430 535 305 434 458 564 167 551 137 352 296 144
267 347 573 1049 130 381 330 696 507 358 269 838 278 378 691 135 534 822 768 189 509 392 0 623 832 837 324 839 821 409 929 738 845 546 579 264 411 622 120 991 85 703 225 594 586 612 804 696 929 437 315 94 661 470 698 839 604 913 1101 725 950 833 787 358 701 203 291 983 197 521 230 99 889 234 337 668 343 345 214 319 1119 431 170 435 576 414 150 274 427 213 560 226 420 687 508 547 124 575 619 891 835 307 553 962 852 407 719 641 909 481 819 542 355 397 127 611 724 967 852 584 313 293 252 927 796 648 723 942 927 81 496 401 758 149 732 209 605 340 141 266 640 918 192 715 688 682 955 871 512 345 747 379 127 373 852 343 566 464 610 1084 203 760 704 585 683 954 573 595 426 201 58 563 168 432 997 521 384 482 576 142 835 309 711 912 390 179 306 342 510 505 932 458 51 516 514 585 1054 974 573 779 869 773 805 562 866 826 689 925 589 829 380 607 588 501 692 806 389 1067 263 312 137 505 295 826 599 499 346 711 596 631 323 549 334 890 297 409 63 193 966 359 871 911 237 915 411 165 954 858 473 853 331 764 354 835 718 836 294 504 249 678 824 424 816 657 896 631 591 895 960 591 596 451 893 93 964 670 571 761 45 688 776 220 724 716 40 557 207 619 957 781 668 685 215 793 524 414 823 1069 960 564 206 827 532 367 711 600 774 689 762 725 946 462 803 408 739 254 536
421 352 748 613 693 255 294 844 576 837 803 429 414 739 688 634 846 628 144 787 241 337 623 0 930 619 890 628 566 234 769 124 686 260 424 796 383 542 506 658 538 79 607 373 304 111 916 75 822 846 475 530 700 623 789 747 64 382 623 117 706 340 824 815 779 433 870 553 592 277 416 537 922 592 938 370 857 333 759 625 615 837 744 302 274 794 473 735 204 439 544 647 208 618 155 649 706 136 215 448 241 316 463 1027 917 216 645 264 684 363 382 871 269 498 603 172 699 984 334 162 310 823 438 967 326 595 165 731 654 688 149 233 217 489 115 440 476 753 493 759 69 884 536 93 66 419 654 350 380 851 537 717 518 600 307 800 69 161 47 562 640 588 142 326 94 776 100 352 214 578 604 337 771 855 584 106 690 245 51 728 932 816 544 369 784 756 335 312 207 169 608 614 584 340 249 847 559 578 873 435 637 531 950 874 402 245 91 591 757 251 850 159 739 358 70 939 703 607 411 321 489 710 342 253 310 207 434 247 562 319 878 197 911 917 778 847 687 491 442 265 816 935 441 985 212 458 508 303 252 470 299 309 857 775 443 595 854 143 811 702 357 559 537 47 399 374 342 788 984 85 543 419 762 705 486 777 652 193 605 851 701 576 161 814 620 223 631 748 414 443 822 451 711 363 752 566 863 591 593 527 649 625 384 697 596 739 795 242 627 709 406 178 801 229 427 395 296
674 670 259 764 736 898 819 137 381 583 670 681 963 474 243 700 349 410 1019 779 1047 649 832 930 0 439 722 430 489 771 359 1033 360 670 506 668 589 389 790 601 810 962 607 1201 1149 1018 30 948 287 481 580 828 231 378 149 271 973 861 851 1035 474 787 116 558 154 874 749 735 636 654 896 862 96 600 816 592 632 695 694 513 903 480 739 1030 1121 465 825 595 808 725 389 608 814 322 964 313 756 794 728 731 941 817 467 129 46 853 304 1151 444 1115 715 360 817 501 705 1066 241 157 826 1041 820 660 956 109 755 337 859 428 509 797 939 900 841 756 1023 899 456 527 865 625 996 190 660 962 950 546 551 834 553 621 455 463 881 468 865 562 938 887 883 917 631 403 863 607 893 387 979 583 918 635 775 1157 789 499 715 860 450 1025 890 760 2 629 420 880 487 742 749 730 1018 775 578 391 794 1126 684 281 858 683 319 606 454 485 67 336 754 914 906 591 243 910 567 777 246 576 951 51 447 809 940 881 789 326 758 900 627 732 587 756 368 1186 702 732 749 105 602 523 851 938 866 819 215 116 941 83 854 818 747 882 693 648 875 738 615 228 543 468 709 811 714 228 753 443 520 916 805 571 592 286 146 981 387 535 318 807 798 171 297 876 869 148 272 616 866 125 792 1071 625 219 898 599 165 513 648 707 310 447 89 839 640 404 630 420 546 470 359 236 145 741 355 229 887 800 159 784 578 905 634
583 525 442 332 801 703 650 442 359 769 813 256 831 624 251 740 605 30 662 883 810 482 837 619 439 0 896 10 58 563 151 690 84 395 268 807 439 220 741 187 774 621 646 966 902 727 443 608 216 701 521 784 296 428 366 172 677 435 417 698 113 374 326 738 350 771 904 296 662 399 780 815 381 630 985 251 815 542 806 575 467 695 831 827 870 655 752 717 588 645 289 673 597 187 713 369 823 495 405 298 547 661 284 482 403 643 173 878 75 913 300 630 635 442 726 785 227 415 412 768 660 817 838 419 351 216 495 117 98 844 690 695 461 703 681 795 233 676 794 754 688 305 646 616 613 205 138 415 344 804 95 600 820 508 455 732 654 649 573 478 688 79 508 320 551 156 699 296 701 652 782 923 882 719 279 591 568 798 596 838 439 790 125 456 666 840 604 568 776 514 146 433 786 908 427 556 419 247 603 198 32 88 492 615 329 519 563 155 437 513 765 461 417 363 612 475 576 375 812 721 731 470 618 504 326 478 492 387 257 927 876 449 925 372 748 732 883 850 432 634 242 383 828 454 641 739 308 473 459 217 704 346 803 214 176 31 868 550 849 280 339 436 92 588 378 261 305 188 420 693 249 390 155 860 359 378 347 499 854 458 171 634 503 380 804 816 677 396 467 190 440 181 744 299 497 449 350 402 206 278 692 19 324 591 143 406 299 383 104 237 458 561 279 576 193 778 373
471 551 498 1178 207 676 606 591 537 140 90 985 601 276 679 256 373 873 1033 139 821 583 324 890 722 896 0 895 902 656 940 1012 873 735 694 98 568 679 406 1077 386 964 294 917 905 904 692 955 912 241 449 404 636 468 628 834 885 1104 1246 1002 1000 1017 724 168 638 516 40 1118 302 706 545 420 804 312 94 811 90 563 130 330 1276 241 157 752 892 262 452 183 686 451 610 255 682 713 802 533 203 806 821 1045 1066 586 648 845 757 684 737 954 956 805 981 365 627 487 288 913 714 877 1045 885 592 80 575 830 976 680 950 976 995 243 785 694 974 409 1004 527 694 221 459 147 921 865 355 975 949 805 1032 1062 650 102 826 298 450 394 1057 168 844 744 865 1254 255 817 937 744 928 970 861 742 720 316 309 885 161 224 1122 783 329 793 839 183 725 106 780 1109 243 146 554 578 816 740 1023 462 336 838 713 441 1213 1093 406 910 928 860 673 390 1033 1051 937 1023 511 1052 155 827 522 652 953 681 322 1206 583 612 421 444 549 1047 764 719 495 907 639 950 20 762 29 809 147 199 284 518 1147 631 839 827 560 804 688 462 1099 1067 680 986 626 945 107 814 835 907 36 752 80 656 998 468 909 913 1073 769 743 885 867 876 650 578 896 234 1124 600 558 987 368 577 778 323 954 637 302 867 265 554 1150 910 568 794 182 957 435 455 748 1218 1067 625 247 881 667 305 753 536 723 884 799 709 1138 713 757 660 866 568 711
587 530 438 339 802 710 657 435 359 767 813 266 837 623 246 742 601 23 672 883 819 487 839 628 430 10 895 0 68 570 141 699 74 403 273 807 444 221 745 192 778 631 648 974 910 736 434 618 206 698 524 788 291 427 359 162 687 445 425 708 110 385 317 736 343 776 904 305 663 406 786 819 371 631 984 260 814 548 806 575 475 692 832 835 879 653 756 717 595 649 289 674 605 184 721 367 824 503 415 308 557 667 287 472 394 650 168 887 70 920 310 626 642 444 728 794 220 405 422 777 666 816 844 409 362 215 506 110 101 846 698 702 472 707 691 800 237 675 799 754 697 295 649 626 623 213 142 425 349 802 101 598 824 508 466 731 663 657 582 486 689 80 518 328 561 147 708 304 709 653 784 932 882 716 287 600 566 805 605 839 430 789 128 467 664 840 609 574 784 522 152 433 789 916 434 551 428 255 598 208 33 97 484 610 339 530 572 163 432 524 763 470 413 369 622 467 574 382 818 727 735 467 623 514 334 485 496 397 257 936 875 457 924 363 747 729 886 855 442 641 232 373 833 444 649 743 318 483 466 227 711 356 802 204 185 41 867 558 849 274 350 436 103 597 388 269 312 178 410 702 250 393 145 862 369 372 344 510 858 452 163 635 513 373 807 825 678 391 477 201 434 188 744 310 493 449 340 410 214 279 693 14 330 590 141 401 291 392 99 231 468 569 270 583 203 783 380
562 498 468 297 794 664 615 480 365 779 817 198 798 635 285 732 629 81 605 879 764 453 821 566 489 58 902 68 0 525 208 633 141 352 243 811 416 222 720 175 755 566 641 919 854 675 490 553 275 718 507 763 327 437 405 227 626 378 379 643 145 316 374 748 389 742 908 253 654 359 750 793 436 624 988 203 824 513 806 575 426 711 827 785 822 670 728 721 547 623 291 670 557 211 666 386 816 445 355 243 488 628 269 538 455 602 205 827 118 869 241 655 599 433 716 734 265 473 354 718 626 822 806 475 293 232 439 164 107 834 644 654 404 683 625 765 218 684 770 758 635 363 633 560 558 162 134 357 316 813 76 609 796 509 397 741 605 605 521 431 683 97 452 279 496 210 649 257 659 643 768 877 877 735 241 544 576 753 546 832 489 797 122 399 679 837 574 537 729 469 121 441 770 863 386 585 374 209 630 140 70 48 539 642 272 461 507 124 464 455 777 410 444 333 557 523 585 336 780 686 710 488 588 445 282 435 474 331 264 877 883 403 931 427 754 746 871 822 378 598 299 439 797 508 601 714 260 414 421 161 668 288 813 268 128 29 872 504 851 313 281 435 34 534 322 220 265 246 477 642 251 370 214 850 308 414 365 442 836 496 217 626 446 421 790 768 672 426 412 132 476 144 743 241 519 449 400 361 173 277 688 72 296 599 163 433 346 328 138 277 402 519 329 537 139 746 334
186 123 554 681 463 141 99 664 392 603 569 469 279 511 544 402 630 561 376 559 275 124 409 234 771 563 656 570 525 0 697 358 607 177 305 562 183 410 289 666 324 308 373 431 378 274 751 298 730 617 248 320 542 422 623 644 242 511 719 350 670 436 678 582 616 248 638 615 357 165 245 336 784 358 708 327 622 100 526 396 729 608 514 270 350 566 267 500 39 209 385 412 43 492 197 465 477 165 224 513 426 117 319 883 768 84 524 385 637 357 438 653 77 289 372 308 564 854 450 280 113 588 292 829 403 460 313 680 630 465 172 135 349 265 350 266 354 520 298 524 276 767 301 318 293 363 645 470 234 616 468 491 326 380 446 566 200 119 209 688 405 505 295 245 276 712 230 267 149 343 380 387 544 624 637 129 466 255 183 499 773 581 453 507 555 526 105 78 247 95 608 411 365 360 141 641 665 620 660 432 589 478 778 659 480 416 284 596 566 419 617 199 551 210 296 770 479 691 264 164 272 506 115 416 246 101 212 313 413 415 644 150 678 780 543 615 473 324 566 75 703 800 287 837 84 251 578 450 103 496 145 373 622 661 398 549 620 96 578 550 434 354 506 257 501 304 259 694 851 240 399 235 677 483 578 605 476 351 400 668 587 342 314 647 399 301 396 567 553 437 640 382 477 412 547 357 718 686 617 374 414 562 249 470 487 554 652 293 531 572 542 56 666 13 402 233 190
691 644 451 419 875 838 779 408 425 804 864 398 956 664 261 819 608 140 813 948 954 604 929 769 359 151 940 141 208 697 0 841 89 536 393 859 554 310 844 251 875 773 721 1110 1047 876 372 759 80 722 617 887 304 481 340 109 826 572 505 849 120 519 265 774 325 888 954 403 741 537 901 920 279 707 1032 399 854 664 866 639 561 718 898 965 1016 684 861 771 725 753 369 742 734 242 857 408 897 642 554 432 694 787 393 367 315 779 210 1026 105 1052 445 630 766 531 810 933 226 291 555 915 787 864 960 307 499 280 647 72 168 925 833 832 612 806 832 913 348 719 904 807 838 186 736 767 765 351 205 556 467 842 234 642 929 573 600 771 802 790 722 584 760 191 659 461 702 30 846 436 840 733 871 1067 950 741 376 736 613 939 744 909 358 834 243 594 699 905 726 692 919 656 243 489 880 1049 566 548 524 348 596 348 141 238 422 610 468 667 714 260 441 661 796 610 425 489 764 405 619 466 936 849 836 497 739 651 470 618 596 538 333 1074 919 593 969 269 796 758 969 965 560 766 143 273 948 349 778 849 427 617 595 355 835 495 839 141 325 178 916 693 903 284 485 508 241 739 515 404 445 73 298 841 334 500 46 939 481 361 382 650 952 426 161 714 654 344 893 962 750 396 599 340 416 323 807 447 513 520 272 498 304 366 762 143 450 638 221 411 248 534 170 231 591 701 216 710 344 900 511
