30
0 571 530 785 215 189 659 138 165 341 587 292 558 239 451 362 150 755 734 705 349 308 366 428 165 528 508 543 249 544
571 0 761 295 509 757 107 453 580 249 568 815 384 810 583 738 426 657 535 271 783 879 780 166 588 149 352 71 352 490
530 761 0 782 725 611 869 475 695 678 282 761 975 568 960 202 509 1228 1166 689 865 639 243 604 365 825 437 787 483 1008
785 295 782 0 778 975 315 649 837 518 517 1060 673 1010 877 834 635 937 804 95 1052 1087 886 364 746 442 354 366 537 783
215 509 725 778 0 319 571 257 88 262 723 320 369 401 237 572 231 541 531 716 275 443 580 418 368 414 586 458 313 335
189 757 611 975 319 0 841 326 232 518 734 150 689 88 513 413 340 836 845 894 275 126 391 618 283 700 686 724 438 646
659 107 869 315 571 841 0 549 649 323 668 887 369 899 604 845 520 622 488 323 840 965 886 273 690 162 453 116 453 484
138 453 475 649 257 326 549 0 254 251 474 429 521 363 486 351 37 756 709 567 467 438 375 299 153 436 372 436 112 537
165 580 695 837 88 232 649 254 0 331 728 237 457 316 296 527 240 613 614 769 220 355 527 473 330 496 613 535 337 415
341 249 678 518 262 518 323 251 331 0 576 567 299 580 384 592 216 567 489 463 537 643 623 173 404 187 390 206 195 355
587 568 282 517 723 734 668 474 728 576 0 870 868 723 932 409 493 1143 1053 428 936 803 464 443 450 670 215 613 416 932
292 815 761 1060 320 150 887 429 237 567 870 0 672 216 450 563 432 771 804 986 148 194 540 696 422 734 800 772 534 606
558 384 975 673 369 689 369 521 457 299 868 672 0 770 270 873 484 280 190 655 576 812 896 432 672 234 667 312 491 118
239 810 568 1010 401 88 899 363 316 580 723 216 770 0 601 366 385 925 930 925 356 81 334 662 282 766 701 783 475 732
451 583 960 877 237 513 604 486 296 384 932 450 270 601 0 810 455 324 359 836 327 622 817 556 606 445 767 515 516 169
362 738 202 834 572 413 845 351 527 592 409 563 873 366 810 0 388 1102 1060 739 675 436 54 571 206 764 481 745 403 885
150 426 509 635 231 340 520 37 240 216 493 432 484 385 455 388 0 721 671 556 458 457 413 278 190 402 375 405 102 501
755 657 1228 937 541 836 622 756 613 567 1143 771 280 925 324 1102 721 0 144 928 637 947 1117 711 896 510 946 587 750 219
734 535 1166 804 531 845 488 709 614 489 1053 804 190 930 359 1060 671 144 0 803 686 964 1081 612 857 394 847 468 682 199
705 271 689 95 716 894 323 567 769 463 428 986 655 925 836 739 556 928 803 0 987 1003 791 297 657 420 259 342 456 758
349 783 865 1052 275 275 840 467 220 537 936 148 576 356 327 675 458 637 686 987 0 343 660 690 506 679 833 730 557 493
308 879 639 1087 443 126 965 438 355 643 803 194 812 81 622 436 457 947 964 1003 343 0 400 735 363 827 782 849 550 764
366 780 243 886 580 391 886 375 527 623 464 540 896 334 817 54 413 1117 1081 791 660 400 0 613 223 799 534 784 439 901
428 166 604 364 418 618 273 299 473 173 443 696 432 662 556 571 278 711 612 297 690 735 613 0 425 229 235 182 191 511
165 588 365 746 368 283 690 153 330 404 450 422 672 282 606 206 190 896 857 657 506 363 223 425 0 587 422 580 236 679
528 149 825 442 414 700 162 436 496 187 670 734 234 766 445 764 402 510 394 420 679 827 799 229 587 0 459 77 360 341
508 352 437 354 586 686 453 372 613 390 215 800 667 701 767 481 375 946 847 259 833 782 534 235 422 459 0 398 276 742
543 71 787 366 458 724 116 436 535 206 613 772 312 783 515 745 405 587 468 342 730 849 784 182 580 77 398 0 346 418
249 352 483 537 313 438 453 112 337 195 416 534 491 475 516 403 102 750 682 456 557 550 439 191 236 360 276 346 0 532
544 490 1008 783 335 646 484 537 415 355 932 606 118 732 169 885 501 219 199 758 493 764 901 511 679 341 742 418 532 0
