30
0 626 825 360 188 242 230 564 666 488 457 387 376 424 526 96 804 922 659 201 656 720 165 197 169 617 382 980 582 108
626 0 421 826 763 560 617 682 294 336 329 241 678 210 302 561 206 571 621 760 80 106 631 733 605 938 518 652 844 641
825 421 0 1127 1005 636 920 532 166 737 720 507 656 547 712 731 307 149 390 1012 492 360 906 993 715 825 508 231 720 781
360 826 1127 0 194 601 211 924 961 547 532 629 732 620 596 450 1029 1243 1015 172 822 932 224 164 528 948 737 1308 929 461
188 763 1005 194 0 427 193 743 843 550 525 537 545 552 596 285 955 1108 846 23 778 864 142 53 348 754 569 1167 737 277
242 560 636 601 427 0 444 325 495 565 531 336 163 409 587 153 694 712 419 442 615 631 392 439 84 440 145 761 378 157
230 617 920 211 193 444 0 768 753 364 343 418 596 409 412 293 819 1040 838 177 618 723 68 143 388 847 565 1107 807 337
564 682 532 924 743 325 768 0 467 819 788 539 208 621 827 478 729 538 158 761 758 708 717 761 396 293 214 556 188 466
666 294 166 961 843 495 753 467 0 583 564 341 545 386 563 575 265 299 361 849 373 269 741 830 570 755 384 376 651 631
488 336 737 547 550 565 364 819 583 0 33 287 724 210 48 476 537 881 820 538 301 437 408 505 562 1004 609 960 932 558
457 329 720 532 525 531 343 788 564 33 0 258 691 185 70 443 532 863 792 515 301 432 383 482 529 971 577 941 899 525
387 241 507 629 537 336 418 539 341 287 258 0 476 82 289 320 419 637 533 537 283 333 416 513 369 752 337 711 669 400
376 678 656 732 545 163 596 208 545 724 691 476 0 555 743 303 780 699 347 564 742 732 538 567 208 280 165 732 215 270
424 210 547 620 552 409 409 621 386 210 185 82 555 0 208 371 410 685 611 550 231 314 421 522 433 833 419 762 751 455
526 302 712 596 596 587 412 827 563 48 70 289 743 208 0 508 498 858 819 585 259 399 454 552 590 1023 620 938 948 591
96 561 731 450 285 153 293 478 575 476 443 320 303 371 508 0 729 826 565 297 600 650 239 290 98 564 287 883 516 84
804 206 307 1029 955 694 819 729 265 537 532 419 780 410 498 729 0 449 626 955 240 100 829 929 754 1011 614 529 910 801
922 571 149 1243 1108 712 1040 538 299 881 863 637 699 685 858 826 449 0 380 1117 642 509 1020 1101 795 820 572 81 718 865
659 621 390 1015 846 419 838 158 361 820 792 533 347 611 819 565 626 380 0 861 701 624 797 855 500 441 277 397 338 574
201 760 1012 172 23 442 177 761 849 538 515 537 564 550 585 297 955 1117 861 0 773 863 132 34 365 776 584 1177 758 294
656 80 492 822 778 615 618 758 373 301 301 283 742 231 259 600 240 642 701 773 0 144 641 743 653 1008 586 724 916 682
720 106 360 932 864 631 723 708 269 437 432 333 732 314 399 650 100 509 624 863 144 0 735 836 684 980 568 590 881 726
165 631 906 224 142 392 68 717 741 408 383 416 538 421 454 239 829 1020 797 132 641 735 0 101 329 782 520 1084 747 274
197 733 993 164 53 439 143 761 830 505 482 513 567 522 552 290 929 1101 855 34 743 836 101 0 364 788 577 1163 766 297
169 605 715 528 348 84 388 396 570 562 529 369 208 433 590 98 754 795 500 365 653 684 329 364 0 465 229 845 419 73
617 938 825 948 754 440 847 293 755 1004 971 752 280 833 1023 564 1011 820 441 776 1008 980 782 788 465 0 421 826 104 509
382 518 508 737 569 145 565 214 384 609 577 337 165 419 620 287 614 572 277 584 586 568 520 577 229 421 0 618 333 302
980 652 231 1308 1167 761 1107 556 376 960 941 711 732 762 938 883 529 81 397 1177 724 590 1084 1163 845 826 618 0 728 917
582 844 720 929 737 378 807 188 651 932 899 669 215 751 948 516 910 718 338 758 916 881 747 766 419 104 333 728 0 474
108 641 781 461 277 157 337 466 631 558 525 400 270 455 591 84 801 865 574 294 682 726 274 297 73 509 302 917 474 0
