202
0 349 557 761 500 842 581 558 184 434 700 811 855 377 769 13 136 356 168 734 502 1010 421 315 507 630 290 834 909 377 983 633 634 1038 755 905 814 715 678 938 480 351 749 606 550 204 184 784 485 99 438 783 210 130 861 1074 533 212 599 860 802 663 1051 401 923 573 717 521 641 737 810 169 143 457 438 695 265 878 631 276 765 66 1139 832 304 578 1054 15 726 225 428 946 148 700 777 838 575 597 335 545 909 315 767 918 54 345 597 441 439 779 646 655 707 135 71 216 834 756 373 667 580 562 386 468 355 620 802 999 1043 444 742 149 347 829 94 141 125 106 522 688 146 470 488 820 912 665 681 362 105 374 445 393 688 864 396 837 585 780 302 130 381 606 153 64 563 136 477 808 255 825 910 587 630 553 599 412 323 732 312 651 764 340 424 320 769 423 594 65 170 311 388 347 584 845 359 60 875 900 432 787 714 140
349 0 219 528 331 838 392 715 165 329 353 756 764 200 735 336 270 235 436 754 313 882 267 483 493 494 557 977 883 44 777 529 597 906 726 650 572 821 569 760 531 380 868 465 718 220 165 806 289 446 89 477 358 467 917 849 546 516 250 875 885 404 853 77 851 226 379 228 542 532 663 318 332 239 371 843 501 791 476 426 417 411 954 596 124 608 853 361 824 482 308 784 478 377 477 530 331 690 231 690 768 528 686 708 390 178 653 110 585 553 678 630 377 319 394 137 678 833 569 565 683 494 88 296 55 548 663 810 899 657 709 439 506 827 256 210 473 455 173 662 451 122 244 581 847 451 712 310 454 515 400 103 343 994 251 522 624 901 133 432 62 271 502 340 456 455 149 518 104 854 703 542 287 400 457 420 253 634 152 709 440 322 108 269 422 495 248 414 184 126 63 586 441 889 135 289 780 649 518 925 609 489
557 219 0 551 452 978 481 916 376 486 152 878 865 366 869 545 454 413 655 910 425 951 418 695 659 599 776 1167 1011 213 796 648 741 971 863 634 578 1004 680 803 715 575 1055 572 921 387 377 960 405 650 139 416 575 681 1080 845 715 735 110 1022 1059 426 873 156 957 44 264 275 662 580 739 537 552 358 535 1038 720 892 572 639 246 615 979 606 328 779 870 571 1005 702 463 837 672 305 427 457 391 875 418 890 838 744 800 729 603 359 830 192 789 578 844 777 290 538 609 355 745 1007 782 680 872 637 243 426 202 682 744 841 958 870 845 657 716 970 463 424 683 663 100 805 669 102 338 589 957 506 876 494 659 721 567 170 212 1179 412 437 796 1086 337 649 225 205 708 557 585 672 192 475 323 1009 727 689 74 513 566 603 445 744 350 882 352 514 220 463 259 688 149 620 401 327 217 804 551 1049 310 499 878 636 712 1116 717 698
761 528 551 0 264 552 184 721 627 344 520 424 372 387 446 749 755 405 729 538 259 410 340 638 409 213 784 872 550 484 251 265 385 427 448 148 55 708 259 252 504 482 760 213 738 731 624 573 276 853 496 210 609 821 699 322 451 808 450 605 717 127 328 564 461 510 349 303 274 66 223 617 647 311 366 787 721 396 184 610 455 826 432 71 478 492 326 765 699 736 342 289 909 277 187 229 198 616 426 691 303 706 344 181 770 421 547 428 645 27 521 414 302 646 762 582 216 673 702 270 627 328 441 293 576 321 235 290 410 769 432 751 635 549 699 641 852 848 460 423 771 504 290 59 467 98 535 419 855 616 384 603 390 865 364 258 510 784 476 759 465 348 892 713 275 790 397 161 550 614 178 363 542 230 216 447 442 294 459 573 278 451 420 449 437 527 405 820 614 471 464 765 221 661 425 713 377 141 547 828 273 871
500 331 452 264 0 526 81 533 384 86 499 431 433 142 418 488 509 145 466 460 29 554 80 392 227 163 531 746 562 294 485 200 290 579 411 412 319 577 239 449 308 231 630 133 545 498 381 510 46 589 341 354 345 557 632 574 284 547 389 570 620 194 556 393 521 425 387 186 214 236 337 352 382 96 125 631 467 460 147 356 488 564 649 334 241 344 557 503 575 477 78 465 647 327 338 402 119 457 165 503 442 459 357 419 506 176 400 268 428 280 402 326 349 381 497 340 355 568 466 235 460 186 246 36 386 230 335 506 576 544 393 487 395 518 445 389 588 583 352 353 507 366 114 324 517 166 431 157 591 382 154 428 396 751 105 416 363 660 236 495 274 308 627 449 133 526 259 351 316 558 411 239 480 68 126 214 178 304 215 446 375 191 246 184 478 307 348 557 364 234 277 521 109 599 200 455 449 405 331 696 278 607
842 838 978 552 526 0 507 403 824 508 1011 130 208 637 111 836 922 605 706 111 553 340 573 545 353 389 663 380 78 808 521 334 240 362 115 634 580 265 311 435 362 503 298 413 425 943 821 77 573 890 864 758 631 814 159 618 312 741 909 53 213 616 531 908 174 950 867 708 320 488 344 677 699 622 468 366 631 199 422 570 976 882 545 565 721 263 541 835 247 670 530 396 957 795 736 782 604 288 613 388 334 583 207 514 814 660 255 794 444 536 199 207 821 710 796 792 365 196 535 307 311 345 761 554 892 296 327 484 390 536 134 735 517 13 840 802 859 871 879 175 753 892 640 573 155 521 166 538 885 486 442 940 893 355 586 810 258 305 714 754 788 817 895 777 392 777 786 714 785 80 504 295 1003 466 418 444 598 260 691 211 817 540 769 587 961 419 865 869 790 717 794 605 430 123 703 829 217 623 412 353 284 874
581 392 481 184 81 507 0 574 461 160 504 398 385 217 396 569 587 225 544 457 84 490 160 460 258 119 603 765 532 351 405 173 285 513 392 333 239 596 200 373 349 300 650 93 588 572 458 503 106 671 386 302 424 637 629 493 310 623 403 555 627 137 477 445 476 449 368 206 187 155 271 433 463 153 186 660 539 412 90 428 475 645 573 254 314 364 478 584 591 552 157 393 729 300 284 346 96 485 246 544 376 528 319 338 587 252 422 313 481 199 413 321 325 462 578 417 285 577 529 201 492 193 303 114 446 218 272 429 507 601 373 566 459 500 525 468 668 665 381 343 586 406 152 244 475 86 436 234 672 443 209 483 388 766 185 364 384 678 311 575 331 309 708 530 131 606 295 288 390 550 331 243 497 58 89 272 259 262 291 460 338 267 295 265 462 360 358 638 443 308 333 588 79 594 268 536 399 326 383 717 235 688
558 715 916 721 533 403 574 0 625 458 1006 458 541 555 400 558 676 505 393 300 560 709 520 250 316 508 300 277 482 706 817 459 353 735 386 854 770 174 479 737 225 342 194 509 22 723 621 326 566 570 779 877 381 483 343 923 269 392 889 391 267 711 855 793 558 905 918 702 453 660 603 433 440 592 410 136 297 549 537 304 1014 575 901 769 593 235 862 547 190 340 478 715 633 860 858 920 650 124 499 30 655 245 475 780 514 557 189 727 130 719 241 338 881 455 494 611 633 236 186 466 104 393 672 536 759 405 587 800 756 143 386 417 220 390 597 583 527 547 831 352 429 815 627 768 540 640 256 426 562 203 379 812 922 305 516 939 219 224 584 439 692 828 556 500 450 451 740 859 625 346 769 359 967 516 508 325 471 485 568 201 907 402 699 453 1006 232 856 560 586 592 700 235 507 342 607 571 559 844 207 228 489 538
184 165 376 627 384 824 461 625 0 343 516 766 793 243 734 171 127 245 290 727 377 931 305 376 472 538 418 898 881 195 865 557 592 957 722 764 677 756 601 833 480 325 798 510 623 119 3 780 356 281 254 618 244 305 877 949 514 364 415 853 832 515 939 220 872 389 538 356 568 615 718 194 196 316 368 759 370 818 529 321 582 246 1034 698 149 571 939 196 763 343 329 849 316 526 614 672 431 626 228 604 822 407 708 798 226 209 606 262 494 649 643 621 531 180 233 45 738 782 457 593 615 501 211 349 174 560 714 890 957 541 706 287 404 812 91 50 308 290 338 655 296 286 339 685 864 537 679 290 289 422 387 218 506 921 281 668 583 831 151 276 201 427 337 182 482 297 299 650 80 825 791 539 447 448 502 381 233 663 170 662 590 284 247 240 586 431 411 249 38 156 208 458 486 854 203 124 811 760 449 848 640 324
434 329 486 344 86 508 160 458 343 0 554 430 449 129 406 423 462 101 384 427 107 588 68 305 172 198 445 687 554 301 549 213 267 615 396 493 399 520 257 504 238 144 572 172 469 462 340 479 108 519 361 439 264 479 595 644 229 463 440 546 572 280 617 400 531 466 460 244 224 308 379 277 307 136 49 565 381 475 196 270 556 495 705 412 217 292 619 435 520 392 23 513 579 405 424 488 203 395 115 429 481 373 366 486 434 153 344 295 347 357 358 300 425 308 424 303 401 520 381 249 395 165 255 78 384 221 373 564 616 460 379 407 309 497 390 338 513 511 391 332 427 392 169 403 525 246 390 75 520 298 82 432 463 696 78 501 310 603 210 416 281 371 553 379 138 447 297 438 287 528 478 212 525 119 165 134 114 319 187 395 456 107 268 114 548 228 403 487 317 212 287 435 149 565 194 395 467 486 253 636 296 532
700 353 152 520 499 1011 504 1006 516 554 0 898 871 452 900 687 604 502 784 957 470 931 488 803 723 622 899 1241 1033 334 748 677 785 948 896 570 534 1074 702 770 792 666 1126 598 1014 538 517 1005 455 795 264 342 693 820 1129 778 780 866 117 1059 1119 410 822 302 963 127 178 312 691 564 732 660 678 418 604 1119 839 898 590 749 108 760 927 562 442 842 817 713 1073 826 532 810 820 244 359 370 407 949 512 978 822 858 818 685 742 455 897 287 885 547 902 821 220 666 747 490 732 1067 890 705 949 684 348 482 347 720 740 797 930 977 878 789 820 1004 606 563 825 806 185 845 802 230 387 545 966 503 930 580 804 821 637 321 130 1249 490 343 861 1157 449 783 338 194 853 693 626 808 267 406 454 1052 685 736 79 548 593 683 541 760 457 944 267 606 315 559 127 774 151 764 537 439 330 920 581 1095 409 640 881 574 799 1190 734 841
811 756 878 424 431 130 398 458 766 430 898 0 88 556 57 803 874 531 694 167 455 251 488 539 303 279 674 495 134 722 398 230 177 277 71 503 450 357 197 312 346 460 400 306 480 885 762 174 477 871 772 632 602 803 287 498 282 742 801 184 328 496 417 822 113 847 747 603 216 360 213 641 667 527 398 455 632 92 309 552 857 859 447 434 647 256 425 806 341 667 449 277 938 674 609 653 493 333 543 436 214 590 81 385 790 583 276 699 462 406 219 157 701 676 774 729 235 297 551 197 354 265 674 462 811 208 196 366 299 572 75 722 516 130 794 750 846 855 778 126 742 797 541 442 101 400 202 475 868 485 378 856 777 476 506 682 261 413 640 740 702 705 885 747 299 766 688 585 716 203 375 227 896 365 311 399 533 138 617 257 692 484 677 525 841 402 756 846 735 642 706 624 326 250 621 789 104 492 404 462 164 863
855 764 865 372 433 208 385 541 793 449 871 88 0 568 143 846 907 550 750 255 454 170 500 602 351 271 742 582 182 728 313 237 229 198 156 432 390 445 194 226 409 504 488 300 563 912 789 261 477 922 770 583 651 859 368 411 342 805 781 261 414 462 328 825 92 831 711 591 225 314 150 686 713 528 426 544 696 26 295 608 820 907 360 371 664 328 337 852 430 728 466 190 988 638 560 598 475 417 565 518 126 657 87 307 840 598 356 697 535 351 300 221 664 720 824 753 164 386 622 200 437 294 679 467 819 235 136 278 215 650 154 778 581 211 830 782 901 907 766 196 798 792 535 381 95 368 288 505 920 551 412 862 745 561 520 629 336 501 658 795 707 682 940 792 312 822 680 531 736 286 297 268 876 364 307 444 560 130 635 342 649 520 677 554 803 463 735 896 764 658 710 695 324 331 631 828 20 421 468 550 155 919
377 200 366 387 142 637 217 555 243 129 452 556 568 0 535 364 370 50 380 556 133 696 68 356 297 302 472 801 682 172 622 331 396 721 525 529 439 638 373 590 349 214 688 273 562 355 240 608 112 472 235 417 266 454 722 707 352 465 335 675 696 286 695 271 653 351 391 168 344 371 479 254 281 80 173 673 409 595 289 306 473 443 790 459 98 416 696 382 639 406 107 608 525 352 407 471 198 509 63 527 584 417 488 554 393 34 465 174 432 408 484 430 366 276 388 199 497 643 442 368 506 293 127 106 255 348 477 647 718 528 508 395 370 627 311 253 479 470 276 461 414 268 114 446 648 294 517 128 476 369 204 303 381 813 51 475 433 720 93 398 153 287 516 334 257 428 185 435 173 656 547 341 412 209 266 236 92 438 73 518 412 153 146 109 469 324 305 439 227 92 159 480 249 693 65 326 585 524 348 749 413 498
769 735 869 446 418 111 396 400 734 406 900 57 143 535 0 761 838 505 646 113 444 308 469 489 265 278 621 449 147 704 446 223 141 334 15 538 477 304 200 361 297 420 349 302 423 853 730 130 465 826 758 650 559 756 253 548 236 692 798 161 283 505 469 804 165 840 756 597 209 381 249 600 625 514 370 401 581 149 311 505 865 815 503 465 623 204 478 764 289 617 427 329 893 684 627 675 493 276 516 379 266 538 105 428 746 559 220 686 407 431 162 114 710 634 729 699 274 248 497 195 297 241 657 447 790 188 232 417 356 516 27 675 465 105 757 715 799 808 770 80 694 785 531 471 149 410 145 444 822 434 347 837 781 432 484 703 207 365 615 693 684 706 837 704 284 718 678 607 689 168 417 195 892 356 307 360 504 152 592 200 707 450 663 494 850 354 754 802 702 618 689 570 320 215 600 750 160 527 354 413 175 816
13 336 545 749 488 836 569 558 171 423 687 803 846 364 761 0 129 344 169 729 490 1001 409 313 499 619 294 834 902 364 971 623 626 1028 747 892 802 713 668 927 474 342 747 595 550 196 170 779 472 112 425 770 204 140 857 1062 526 218 586 855 799 650 1040 389 915 560 704 507 631 724 799 161 136 444 428 694 266 869 619 271 752 80 1128 820 291 572 1042 25 724 227 416 935 160 686 764 824 562 593 322 544 898 315 758 906 62 332 592 428 437 767 640 647 693 127 76 203 823 753 373 657 577 553 372 456 343 611 792 988 1032 445 734 152 344 823 81 128 137 119 509 681 151 457 475 808 904 652 676 352 119 371 435 381 674 864 384 824 579 779 288 134 367 592 166 59 552 143 464 795 242 820 898 579 618 541 588 404 311 723 299 646 750 329 410 308 756 417 580 79 156 297 374 349 572 840 346 47 866 887 427 787 704 153
136 270 454 755 509 922 587 676 127 462 604 874 907 370 838 129 0 367 297 819 504 1051 429 426 573 659 424 953 983 308 992 674 698 1077 825 891 805 823 718 958 565 419 861 632 670 72 130 871 483 206 354 740 302 263 958 1076 609 348 514 946 906 643 1065 302 982 477 649 480 684 742 840 251 237 444 480 813 391 931 652 378 681 172 1159 826 277 661 1066 151 833 354 449 972 217 645 738 794 559 699 348 660 943 438 820 925 190 336 689 377 551 776 732 723 647 223 206 172 861 858 494 710 684 612 333 474 257 672 835 1016 1078 571 810 282 457 909 82 124 249 224 439 757 281 380 466 812 973 664 768 401 216 481 495 284 612 980 405 788 671 893 278 264 319 541 264 179 599 272 416 775 206 914 918 646 529 571 624 478 348 778 297 745 708 389 367 352 688 511 518 182 145 284 324 477 608 939 330 104 925 888 526 904 757 259
356 235 413 405 145 605 225 505 245 101 502 531 550 50 505 344 367 0 341 519 146 686 65 307 258 293 427 754 653 212 630 313 365 712 495 550 459 592 357 592 302 164 642 265 512 362 241 571 130 448 279 455 224 422 682 719 311 425 385 640 653 314 701 309 632 399 439 215 325 381 473 218 247 115 136 625 363 576 285 258 522 421 793 476 117 374 702 359 595 363 84 605 504 396 444 508 226 463 21 478 577 369 467 564 366 57 421 222 382 423 443 397 412 243 358 203 493 601 392 350 458 265 171 112 288 322 469 650 712 478 478 358 321 594 300 244 449 443 325 430 377 313 153 464 626 308 477 80 450 319 164 338 430 767 40 515 390 674 109 363 194 336 488 308 238 394 235 468 186 619 556 310 461 204 257 190 45 420 87 475 455 103 194 60 518 275 355 415 221 112 201 432 240 654 105 310 568 545 299 702 396 469
168 436 655 729 466 706 544 393 290 384 784 694 750 380 646 169 297 341 0 595 478 914 399 162 400 561 129 667 777 450 923 549 521 942 631 877 784 555 591 867 349 258 585 542 383 356 288 642 467 185 522 796 120 109 707 1022 411 85 673 718 644 652 986 504 807 661 764 546 554 691 731 128 105 456 369 528 96 770 571 142 831 184 1064 797 346 445 989 155 567 57 387 867 251 731 785 849 566 443 320 382 822 147 663 864 120 357 453 502 280 742 507 536 743 117 101 300 758 601 206 579 424 471 440 442 460 523 720 931 951 275 621 28 192 693 228 240 153 164 598 568 48 558 493 788 794 630 541 309 179 222 363 508 745 698 377 855 448 616 340 48 446 654 191 119 488 72 531 808 332 680 855 483 723 501 536 313 297 637 339 504 792 277 477 285 831 291 656 169 258 350 454 179 523 695 391 195 770 870 294 621 623 169
734 754 910 538 460 111 457 300 727 427 957 167 255 556 113 729 819 519 595 0 489 414 495 434 261 347 551 340 187 728 559 288 172 440 102 642 575 190 280 473 255 402 236 365 323 844 723 52 506 780 788 734 525 703 172 661 213 629 849 126 179 580 583 827 258 885 825 647 275 472 357 572 592 551 383 288 519 257 382 460 933 773 614 565 634 157 591 727 176 559 450 442 847 755 712 764 553 180 525 282 379 471 212 538 705 576 143 720 333 526 88 136 781 604 687 697 384 138 423 271 203 274 683 484 807 239 340 531 463 428 112 624 405 98 737 701 748 760 812 116 642 818 575 570 239 488 54 447 775 374 354 857 845 327 505 790 149 254 626 644 709 763 784 670 330 666 718 697 694 100 527 221 941 408 369 346 507 248 604 102 785 445 695 494 919 311 807 759 692 630 715 494 378 138 621 724 271 631 303 301 266 763
502 313 425 259 29 553 84 560 377 107 470 455 454 133 444 490 504 146 478 489 0 569 81 412 256 183 548 775 587 274 488 225 318 593 438 404 312 606 261 457 336 251 660 153 572 488 374 538 23 594 317 332 358 565 661 574 313 560 360 597 649 176 561 371 543 397 359 157 238 238 351 360 390 74 150 660 484 481 163 373 459 567 657 330 230 373 562 506 604 492 94 476 650 300 317 382 95 486 167 530 456 479 380 421 512 168 429 244 454 277 432 354 321 388 504 333 367 597 488 259 489 215 225 35 367 257 350 513 589 567 420 498 417 545 442 385 595 589 325 381 518 341 86 318 540 162 460 172 596 405 181 408 367 780 105 394 392 689 227 505 253 278 634 454 161 536 233 333 306 586 414 267 451 90 146 239 184 326 207 475 349 206 223 193 449 333 319 561 360 224 256 541 130 628 185 455 469 399 357 725 300 614
1010 882 951 410 554 340 490 709 931 588 931 251 170 696 308 1001 1051 686 914 414 569 0 629 770 514 394 911 719 281 842 237 378 396 28 322 410 404 599 333 171 578 663 637 422 731 1049 928 409 593 1082 873 609 810 1023 492 307 510 972 855 384 553 527 212 935 166 913 759 683 369 371 218 842 870 643 573 700 864 159 407 772 863 1065 205 378 794 499 222 1008 582 895 602 125 1148 687 587 609 565 584 703 687 114 826 253 270 999 728 526 801 706 383 469 391 713 876 984 890 206 534 792 343 605 448 794 590 936 392 219 183 49 820 323 942 750 348 978 926 1064 1069 855 366 962 890 641 393 185 445 453 652 1080 720 565 973 800 692 652 641 507 645 789 958 821 753 1103 949 451 986 778 548 869 421 264 431 949 486 430 604 703 278 767 508 682 671 785 699 844 631 810 1055 906 788 823 866 447 460 754 979 151 400 637 693 296 1082
421 267 418 340 80 573 160 520 305 68 488 488 500 68 469 409 429 65 399 495 81 629 0 346 241 235 476 754 615 235 565 263 332 655 459 486 394 589 305 529 304 190 640 206 529 420 301 547 67 512 293 401 280 484 663 654 298 482 372 612 641 253 636 335 585 397 403 182 276 316 414 279 309 72 117 631 412 527 224 303 495 486 730 411 164 361 638 425 589 416 45 544 569 353 388 453 167 462 86 491 518 412 420 499 430 98 413 226 404 357 426 366 371 307 422 261 433 589 427 300 461 228 188 47 322 281 411 587 653 510 442 418 355 563 364 308 513 508 322 397 438 323 109 399 580 243 458 103 515 348 150 368 402 764 24 462 379 671 159 424 215 308 552 372 189 455 228 409 239 595 491 277 457 143 199 195 103 370 137 464 409 136 200 113 488 288 337 480 284 158 221 475 182 633 132 375 517 480 313 703 345 532
315 483 695 638 392 545 460 250 376 305 803 539 602 356 489 313 426 307 162 434 412 770 346 0 261 447 148 527 617 481 805 422 373 798 474 785 693 400 461 741 193 160 435 433 247 472 373 480 409 347 556 744 131 269 547 908 260 203 686 556 486 586 861 559 653 690 746 522 424 591 601 183 189 416 273 387 93 620 463 56 830 344 932 701 366 286 866 305 410 127 317 734 414 699 729 794 507 282 293 233 685 68 516 751 277 347 291 515 124 646 346 383 717 204 258 367 630 441 87 447 265 341 456 379 521 387 589 805 810 175 465 190 31 531 346 333 314 327 619 413 208 593 455 695 639 542 379 243 342 60 254 573 738 554 332 806 287 467 358 211 471 643 350 254 373 232 536 743 385 517 741 342 753 408 429 192 264 498 347 342 756 210 488 247 825 138 660 329 338 368 479 129 419 533 393 322 622 777 135 478 488 329
507 493 659 409 227 353 258 316 472 172 723 303 351 297 265 499 573 258 400 261 256 514 241 261 0 200 408 519 410 469 547 164 126 542 252 549 461 351 200 480 94 156 404 196 331 590 468 314 267 571 532 561 300 509 425 651 57 460 609 384 400 396 601 567 415 638 614 410 164 352 340 338 364 305 124 405 354 372 225 258 715 557 671 464 373 120 606 503 350 383 195 473 637 551 542 603 340 230 263 286 424 323 263 497 489 315 174 467 236 411 186 150 574 372 473 439 369 348 304 186 235 85 425 240 546 126 328 545 552 361 237 428 246 341 492 451 550 556 563 184 448 564 335 461 404 325 219 186 569 221 93 596 624 526 248 623 138 434 364 444 450 534 589 444 135 472 469 543 433 361 487 83 696 200 194 95 246 238 342 223 594 187 440 234 705 127 571 545 438 369 456 374 191 396 361 485 371 540 142 469 227 568
630 494 599 213 163 389 119 508 538 198 622 279 271 302 278 619 659 293 561 347 183 394 235 447 200 0 595 669 412 457 362 59 180 419 274 349 262 502 81 308 294 303 555 29 525 655 534 390 206 711 499 389 446 664 517 462 238 633 522 438 522 232 425 554 360 568 479 324 71 152 181 468 498 257 194 576 536 298 34 429 588 690 508 264 400 279 428 630 495 557 209 315 774 408 368 424 215 404 310 478 284 513 200 305 627 334 336 426 436 212 315 213 434 501 614 496 203 474 501 82 415 116 408 198 549 112 176 371 419 562 256 587 438 383 588 535 701 701 499 230 608 522 265 261 358 142 333 268 711 415 198 591 503 666 258 448 298 581 395 599 436 428 741 573 73 629 411 359 475 436 295 151 617 94 36 255 312 144 373 365 437 292 406 312 574 323 477 681 514 394 439 568 53 481 363 593 286 340 341 623 117 719
290 557 776 784 531 663 603 300 418 445 899 674 742 472 621 294 424 427 129 551 548 911 476 148 408 595 0 564 738 567 953 570 515 939 606 931 839 473 608 888 333 302 495 581 286 485 416 592 542 277 640 878 208 188 637 1057 401 92 785 665 565 724 1009 628 787 779 864 641 572 738 749 239 225 542 417 429 64 758 611 175 939 289 1078 848 457 417 1014 276 487 75 454 881 335 824 865 929 642 379 410 297 830 85 658 900 237 456 409 613 218 793 467 521 839 240 219 425 777 529 127 595 358 490 551 514 585 534 736 953 953 164 599 142 162 649 357 368 230 252 713 549 145 677 580 841 771 687 497 376 268 191 401 634 850 599 458 939 414 523 450 160 560 757 256 248 522 161 639 882 453 623 890 488 841 553 576 340 382 643 445 452 883 342 587 367 937 283 765 273 384 460 569 65 566 630 496 324 762 923 274 521 635 239
834 977 1167 872 746 380 765 277 898 687 1241 495 582 801 449 834 953 754 667 340 775 719 754 527 519 669 564 0 441 963 894 611 489 740 440 982 912 169 612 808 451 597 115 682 284 999 895 321 787 840 1033 1059 657 752 230 994 462 657 1127 335 167 898 910 1055 553 1151 1131 929 600 807 697 709 717 822 637 140 571 577 703 579 1234 848 924 904 853 402 919 822 174 613 709 772 900 1065 1038 1094 855 292 751 294 709 520 552 877 788 809 346 975 404 863 354 458 1089 732 769 882 723 202 461 602 295 572 925 759 1024 557 680 861 769 399 452 691 497 373 874 858 794 815 1076 450 701 1067 854 907 534 812 337 673 831 477 604 1077 1143 44 756 1118 383 88 844 712 947 1053 820 777 633 721 982 1027 893 299 866 523 1211 710 683 564 725 588 826 305 1102 655 947 708 1223 482 1089 832 860 851 954 499 688 260 859 848 594 971 459 51 604 803
909 883 1011 550 562 78 532 482 881 554 1033 134 182 682 147 902 983 653 777 187 587 281 615 617 410 412 738 441 0 851 484 362 289 301 159 615 572 340 331 399 430 564 369 439 504 1000 877 155 608 960 902 760 698 886 211 574 375 816 935 106 278 628 484 951 118 980 880 737 348 489 331 742 765 658 518 440 705 164 443 639 990 951 486 554 770 332 494 903 321 743 574 356 1027 807 737 779 627 366 663 467 297 658 215 487 883 707 329 831 520 531 272 260 834 775 865 846 347 269 611 330 389 388 803 592 938 334 316 441 331 614 175 806 590 91 902 861 930 942 911 226 825 928 673 563 101 533 241 591 956 559 494 984 910 411 631 808 329 372 763 826 831 840 967 844 429 849 820 711 837 148 477 343 1030 497 445 504 651 272 740 289 823 597 808 641 973 488 890 938 848 766 835 682 459 181 747 892 184 604 483 419 298 946
377 44 213 484 294 808 351 706 195 301 334 722 728 172 704 364 308 212 450 728 274 842 235 481 469 457 567 963 851 0 734 494 567 865 695 606 527 803 533 717 513 366 853 427 710 262 194 780 251 475 74 435 363 490 894 805 523 532 225 847 865 360 810 100 815 212 343 184 507 489 623 327 344 200 345 831 508 754 437 425 389 441 911 552 114 586 809 388 806 492 278 742 511 336 434 487 288 673 212 680 728 531 651 664 414 155 633 69 578 509 655 601 338 332 417 161 637 813 568 530 668 463 48 261 94 516 624 767 858 657 678 455 502 798 286 236 499 483 149 632 468 111 201 537 812 408 688 291 483 509 375 134 310 978 222 480 602 885 123 450 20 233 530 362 423 475 107 474 123 828 659 513 275 363 420 401 237 598 138 687 400 307 64 254 392 481 216 443 208 114 19 591 403 865 107 317 743 604 504 911 572 516
983 777 796 251 485 521 405 817 865 549 748 398 313 622 446 971 992 630 923 559 488 237 565 805 547 362 953 894 484 734 0 383 465 239 456 186 218 749 348 86 634 665 795 381 837 974 862 573 509 1068 747 408 807 1025 681 106 568 995 691 573 726 378 77 815 368 754 570 555 382 250 213 826 856 551 555 844 896 323 354 791 666 1045 182 190 717 583 75 984 735 919 554 128 1129 504 389 396 445 696 650 790 187 870 349 69 984 656 628 679 776 225 582 478 527 857 973 821 184 694 850 362 713 463 690 519 827 425 230 56 210 900 448 949 793 525 930 873 1060 1060 708 468 969 755 536 207 383 329 580 623 1069 768 560 855 618 874 590 428 598 811 714 960 714 591 1101 928 435 991 649 344 792 599 74 473 780 430 387 615 659 331 695 631 484 651 671 663 645 674 648 1037 848 710 714 921 401 644 667 940 304 178 688 859 330 1080
633 529 648 265 200 334 173 459 557 213 677 230 237 331 223 623 674 313 549 288 225 378 263 422 164 59 570 611 362 494 383 0 122 405 218 394 312 444 44 319 254 291 498 79 477 675 553 331 246 709 541 448 439 655 458 487 193 616 575 382 463 291 439 593 322 618 537 375 14 202 181 466 495 297 195 521 514 263 93 412 646 690 514 310 427 227 444 632 437 539 229 317 773 467 426 482 270 351 329 430 275 486 157 333 624 361 282 469 398 261 257 154 493 500 611 516 208 415 468 36 363 80 446 233 584 55 171 383 409 523 200 576 410 327 599 549 694 697 548 172 597 566 310 309 317 201 275 274 708 385 189 628 560 607 283 506 245 523 420 590 473 483 734 573 75 619 457 416 499 378 322 99 669 135 83 236 325 106 398 308 496 293 447 321 632 291 531 680 530 421 477 538 97 423 395 600 254 384 306 566 83 712
634 597 741 385 290 240 285 353 592 267 785 177 229 396 141 626 698 365 521 172 318 396 332 373 126 180 515 489 289 567 465 122 0 424 130 507 429 322 129 389 182 283 375 195 373 712 589 220 336 696 624 570 426 631 344 571 113 576 678 280 342 412 509 667 289 715 654 475 111 320 251 464 490 383 229 402 467 248 214 379 761 683 567 424 482 118 515 630 314 499 289 373 763 585 549 604 381 236 374 325 317 429 143 427 615 420 166 554 316 379 135 35 610 499 599 557 281 294 399 116 251 104 521 315 652 68 236 453 437 438 114 550 353 230 618 574 673 680 642 65 570 652 404 426 278 323 153 302 693 324 205 699 673 485 345 628 133 400 474 567 548 591 712 570 158 594 549 538 548 268 416 54 770 236 198 221 362 135 452 187 617 309 530 352 748 234 635 671 560 477 553 472 206 310 462 612 249 496 240 443 136 691
1038 906 971 427 579 362 513 735 957 615 948 277 198 721 334 1028 1077 712 942 440 593 28 655 798 542 419 939 740 301 865 239 405 424 0 349 417 418 623 360 181 606 691 660 448 757 1074 954 432 617 1110 895 622 838 1051 512 300 538 1000 874 405 575 546 205 958 188 932 774 705 396 391 242 870 898 667 601 724 892 186 431 800 878 1093 185 391 819 526 216 1036 606 923 628 138 1175 703 600 620 587 611 729 713 137 854 281 278 1026 753 553 823 733 400 496 419 728 904 1012 915 228 557 820 370 632 476 817 615 959 419 243 183 32 848 350 970 778 371 1004 953 1091 1096 875 394 990 911 664 407 207 466 479 679 1108 748 592 996 817 712 677 652 534 668 814 986 845 772 1131 977 478 1014 800 560 894 443 274 459 968 511 455 631 729 306 792 534 696 698 808 726 858 659 829 1082 932 813 846 894 472 480 779 1006 178 408 665 716 323 1110
755 726 863 448 411 115 392 386 722 396 896 71 156 525 15 747 825 495 631 102 438 322 459 474 252 274 606 440 159 695 456 218 130 349 0 544 481 293 198 371 282 407 339 298 408 841 718 125 458 811 750 650 545 741 250 559 221 676 793 163 276 503 481 795 180 834 753 592 204 383 256 587 611 506 359 389 566 163 308 490 862 800 517 469 612 188 489 749 278 602 417 341 878 682 628 677 488 261 505 364 278 522 111 436 732 549 205 679 392 434 147 101 708 620 715 687 282 239 481 192 282 231 648 439 781 181 239 429 370 501 18 660 450 108 744 703 784 794 763 67 679 777 524 475 165 409 131 432 807 419 335 828 778 425 474 704 192 356 604 678 675 701 822 690 277 703 671 609 678 166 425 184 887 350 302 346 492 154 582 186 706 438 655 482 848 339 749 788 689 608 680 554 315 213 590 736 174 533 338 403 175 801
905 650 634 148 412 634 333 854 764 493 570 503 432 529 538 892 891 550 877 642 404 410 486 785 549 349 931 982 615 606 186 394 507 417 544 0 93 822 377 238 644 630 874 355 872 861 761 669 420 998 605 227 757 969 790 211 586 956 525 688 820 248 255 675 509 590 391 421 400 197 290 764 794 450 514 908 869 451 325 758 483 971 358 85 615 620 249 910 812 884 490 286 1053 332 211 209 333 743 572 824 327 853 433 139 916 562 673 544 786 139 640 531 352 792 908 719 269 780 846 390 756 465 567 439 694 448 307 241 392 910 530 899 781 634 839 781 999 994 554 533 919 606 424 90 520 246 648 568 1001 760 530 714 442 969 510 241 638 895 614 907 589 429 1038 858 417 938 509 163 685 705 145 494 609 378 359 593 588 393 598 691 303 600 541 596 462 670 485 965 753 608 587 911 366 752 560 855 431 11 689 941 379 1018
814 572 578 55 319 580 239 770 677 399 534 450 390 439 477 802 805 459 784 575 312 404 394 693 461 262 839 912 572 527 218 312 429 418 481 93 0 749 301 237 556 537 802 265 787 778 674 607 329 907 533 204 664 876 731 277 501 863 473 634 754 167 295 603 474 536 357 344 319 110 240 671 701 361 421 831 776 412 236 665 459 879 400 28 528 539 291 818 740 791 397 280 962 289 182 209 246 663 480 740 305 761 374 152 824 473 593 468 697 50 564 456 313 700 816 632 227 711 755 313 675 378 486 347 618 367 255 264 398 821 466 806 689 578 750 692 907 902 491 462 826 539 338 11 483 153 575 474 909 669 438 642 403 903 418 241 557 824 526 814 509 373 946 766 327 845 436 144 599 646 151 411 562 285 268 501 496 327 510 616 277 507 463 503 440 580 430 874 665 521 508 819 275 693 474 765 392 86 600 869 309 926
715 821 1004 708 577 265 596 174 756 520 1074 357 445 638 304 713 823 592 555 190 606 599 589 400 351 502 473 169 340 803 749 444 322 623 293 822 749 0 448 664 290 441 53 513 192 863 752 191 619 737 872 891 521 651 171 852 293 563 960 238 93 729 773 898 436 986 961 761 434 642 544 573 586 656 471 100 463 446 535 445 1065 739 801 742 696 233 782 705 18 505 543 633 801 895 870 926 686 130 591 175 570 410 401 725 674 649 177 812 275 699 186 293 920 600 655 735 572 71 352 437 140 402 764 591 870 389 527 721 649 318 301 581 368 254 742 719 696 714 911 289 595 906 686 745 417 644 174 513 729 343 438 922 974 175 591 950 214 83 687 602 787 885 727 654 464 617 817 861 742 193 714 354 1046 540 514 402 567 430 668 136 933 498 784 551 1054 327 922 724 718 694 794 408 519 176 698 720 460 812 307 121 443 708
678 569 680 259 239 311 200 479 601 257 702 197 194 373 200 668 718 357 591 280 261 333 305 461 200 81 608 612 331 533 348 44 129 360 198 377 301 448 0 280 285 335 501 109 499 719 597 318 283 753 578 454 482 698 445 453 220 657 603 361 458 305 401 632 282 649 555 406 37 194 140 511 539 335 240 531 553 221 111 453 665 734 472 295 470 244 406 676 439 580 273 275 817 483 432 484 296 365 373 451 231 524 119 303 668 404 296 505 428 251 263 155 510 545 655 561 169 413 502 14 379 120 485 273 625 77 129 344 364 553 180 618 447 305 644 594 737 740 580 164 639 602 345 297 279 211 275 318 751 420 233 668 582 605 326 510 261 524 464 633 513 508 777 617 119 662 491 417 543 362 292 125 698 171 115 278 370 64 441 315 508 338 484 366 650 327 558 724 574 464 516 573 131 409 436 645 211 367 340 569 39 756
938 760 803 252 449 435 373 737 833 504 770 312 226 590 361 927 958 592 867 473 457 171 529 741 480 308 888 808 399 717 86 319 389 181 371 238 237 664 280 0 563 608 710 331 758 946 830 486 479 1020 739 440 753 971 595 188 495 935 702 487 640 377 121 805 284 763 595 546 316 229 139 776 806 526 502 760 833 237 307 731 697 998 201 210 688 506 126 938 650 858 512 47 1082 525 419 438 431 615 611 711 102 804 265 98 935 624 548 668 703 225 500 399 550 809 923 789 110 609 781 293 633 399 671 484 812 355 153 64 160 826 363 893 727 438 891 837 1009 1009 710 387 914 751 516 226 299 309 496 576 1020 700 504 844 639 788 553 470 519 725 684 906 697 600 1049 881 379 936 641 378 763 513 93 403 794 387 338 555 617 254 664 548 515 601 657 618 677 606 658 989 813 681 698 853 354 558 642 899 218 228 619 773 256 1027
480 531 715 504 308 362 349 225 480 238 792 346 409 349 297 474 565 302 349 255 336 578 304 193 94 294 333 451 430 513 634 254 182 606 282 644 556 290 285 563 0 155 339 291 239 594 476 305 344 530 582 652 270 458 397 739 68 396 677 381 355 487 684 608 460 699 695 483 252 447 423 316 337 374 189 327 286 427 320 209 793 521 748 558 407 98 690 473 293 320 260 552 597 635 633 696 425 160 301 195 498 247 325 587 452 359 125 523 143 506 167 190 657 349 435 454 453 304 218 271 157 178 474 314 581 208 409 628 620 268 272 377 171 349 483 450 502 512 624 220 397 616 408 555 446 419 202 223 526 141 156 633 701 464 304 714 105 371 398 396 497 609 540 415 229 421 530 636 456 349 577 160 759 291 288 112 278 312 378 182 681 209 495 262 784 57 641 508 443 405 504 290 285 374 408 469 429 634 58 400 307 518
351 380 575 482 231 503 300 342 325 144 666 460 504 214 420 342 419 164 258 402 251 663 190 160 156 303 302 597 564 366 665 291 283 691 407 630 537 441 335 608 155 0 488 285 348 441 322 454 249 419 438 584 147 363 552 765 190 330 549 529 511 425 727 457 572 563 593 370 297 438 472 181 208 262 115 464 239 527 314 128 682 402 806 547 255 245 731 347 446 256 157 609 484 543 569 633 347 310 157 315 566 228 416 607 335 215 281 385 218 492 317 306 562 216 321 298 499 459 238 322 303 215 331 219 428 271 463 672 698 320 393 285 166 490 337 299 402 406 489 340 305 473 300 539 561 384 353 87 417 158 105 480 590 614 179 646 257 521 246 298 351 495 442 288 229 328 399 583 301 500 597 236 625 251 279 61 129 384 228 338 597 60 357 112 676 115 518 391 290 254 359 290 268 528 265 329 524 622 138 545 368 421
749 868 1055 760 630 298 650 194 798 572 1126 400 488 688 349 747 861 642 585 236 660 637 640 435 404 555 495 115 369 853 795 498 375 660 339 874 802 53 501 710 339 488 0 567 208 903 794 229 672 765 922 944 560 678 177 898 346 586 1012 264 96 783 817 946 472 1037 1015 814 487 695 593 612 623 708 523 80 491 487 589 483 1118 769 841 794 744 287 826 738 61 534 595 677 827 949 923 980 739 179 641 203 614 438 449 774 706 698 230 862 310 752 240 346 973 638 686 779 620 103 379 490 185 456 813 644 917 443 575 766 687 334 348 611 403 289 780 760 722 741 962 340 623 956 739 797 453 698 226 562 757 380 490 969 1027 125 642 1003 267 32 735 632 836 938 751 688 518 645 868 914 787 220 763 408 1097 594 568 452 616 481 716 190 987 546 835 599 1107 374 974 753 760 742 843 429 573 194 747 757 502 863 352 67 495 733
606 465 572 213 133 413 93 509 510 172 598 306 300 273 302 595 632 265 542 365 153 422 206 433 196 29 581 682 439 427 381 79 195 448 298 355 265 513 109 331 291 285 567 0 526 626 506 410 176 688 470 377 425 643 536 480 240 616 496 461 538 216 446 525 389 540 459 297 93 158 208 445 475 227 173 584 521 327 30 413 567 666 533 270 371 286 449 607 507 541 182 341 750 389 356 415 190 410 283 479 312 501 228 322 604 305 343 397 431 216 327 230 415 478 592 467 229 489 491 108 419 116 379 168 520 127 204 393 447 556 280 567 427 406 562 508 679 679 471 250 588 493 236 265 387 132 348 244 689 405 181 561 481 680 229 437 306 594 366 579 406 403 719 549 62 609 382 351 446 457 312 159 590 64 7 241 286 173 344 377 421 270 376 286 553 315 452 658 486 365 410 557 24 501 333 567 316 346 334 635 146 698
550 718 921 738 545 425 588 22 623 469 1014 480 563 562 423 550 670 512 383 323 572 731 529 247 331 525 286 284 504 710 837 477 373 757 408 872 787 192 499 758 239 348 208 526 0 719 619 348 577 559 783 891 378 471 362 943 286 378 897 413 285 726 876 795 580 911 929 712 471 677 624 430 435 601 421 144 287 572 554 301 1024 565 923 787 596 255 883 538 209 329 488 737 620 872 872 934 663 146 504 47 677 235 496 800 504 563 210 733 132 737 263 359 893 451 485 611 653 256 177 485 126 410 677 547 761 424 607 821 778 126 408 407 218 413 592 580 515 534 837 373 418 819 637 786 562 656 278 434 550 203 390 813 931 315 524 953 239 237 587 428 697 838 543 493 466 439 747 874 626 367 789 377 973 530 524 334 476 505 572 223 920 408 705 458 1016 241 865 549 585 596 704 220 522 363 612 565 581 862 216 237 509 525
204 220 387 731 498 943 572 723 119 462 538 885 912 355 853 196 72 362 356 844 488 1049 420 472 590 655 485 999 1000 262 974 675 712 1074 841 861 778 863 719 946 594 441 903 626 719 0 123 896 466 279 297 697 343 334 990 1053 631 414 455 970 942 613 1048 239 991 413 596 443 686 724 834 290 283 422 487 859 448 937 644 420 620 245 1145 801 257 687 1048 219 871 414 446 963 288 597 697 750 532 736 346 705 938 492 827 905 258 322 719 331 595 753 759 740 597 268 272 159 853 893 546 712 723 620 295 462 197 679 831 1001 1073 626 826 344 502 930 129 144 321 297 381 774 347 320 440 786 983 644 795 410 289 523 506 217 556 1025 396 742 698 935 261 328 276 490 337 237 600 339 369 736 182 941 899 659 462 563 619 498 352 781 282 776 660 403 325 360 628 543 462 254 152 264 280 535 602 969 306 161 930 859 559 950 759 332
184 165 377 624 381 821 458 621 3 340 517 762 789 240 730 170 130 241 288 723 374 928 301 373 468 534 416 895 877 194 862 553 589 954 718 761 674 752 597 830 476 322 794 506 619 123 0 776 353 281 254 616 241 304 873 946 510 362 415 849 828 513 936 221 868 390 537 354 564 612 714 190 193 313 364 756 367 814 526 317 582 247 1031 696 146 567 936 196 759 340 325 846 317 525 612 670 428 623 224 600 819 404 704 795 225 206 602 261 491 646 639 617 530 178 232 42 734 778 453 589 611 497 210 345 176 556 711 887 953 538 702 285 401 809 91 48 308 290 338 651 294 287 336 682 860 534 675 286 289 418 383 220 505 918 277 667 579 827 148 275 200 426 337 180 478 295 298 648 78 822 788 535 448 445 499 377 229 659 167 659 589 280 246 236 586 427 411 249 34 153 207 455 482 850 200 123 807 758 445 844 637 324
784 806 960 573 510 77 503 326 780 479 1005 174 261 608 130 779 871 571 642 52 538 409 547 480 314 390 592 321 155 780 573 331 220 432 125 669 607 191 318 486 305 454 229 410 348 896 776 0 556 827 840 773 575 749 127 673 265 673 898 76 153 622 590 879 245 935 869 695 318 507 380 622 643 602 435 292 563 258 424 509 978 821 612 595 687 209 599 777 174 604 502 451 894 799 750 801 599 214 577 312 388 514 235 558 753 628 189 772 374 559 138 184 824 654 735 750 405 125 464 311 237 324 735 534 860 285 363 540 458 461 140 671 451 64 788 753 794 807 862 160 688 870 624 601 226 529 102 500 822 420 406 910 891 302 557 828 200 240 678 691 761 811 829 719 378 712 768 733 746 48 547 271 990 456 414 399 560 279 656 140 826 497 746 547 964 361 856 808 744 683 767 533 424 91 673 775 274 658 352 288 300 809
485 289 405 276 46 573 106 566 356 108 455 477 477 112 465 472 483 130 467 506 23 593 67 409 267 206 542 787 608 251 509 246 336 617 458 420 329 619 283 479 344 249 672 176 577 466 353 556 0 578 295 336 347 551 678 594 325 550 344 616 663 185 582 348 565 379 352 142 260 259 374 347 376 51 155 669 477 504 186 368 449 550 679 347 208 386 583 489 617 483 92 499 633 296 322 387 100 497 151 536 480 475 403 442 496 147 441 222 456 295 446 372 316 373 489 311 390 612 487 281 498 232 202 30 344 276 374 535 612 568 440 486 415 564 423 365 580 574 306 400 505 320 68 335 563 182 475 166 580 405 187 385 357 793 90 397 405 702 205 492 230 266 619 438 180 523 213 341 283 604 435 285 434 112 169 243 170 348 185 488 348 200 201 181 440 337 304 545 339 202 233 538 153 645 162 436 492 415 362 736 322 599
