77
0 884 972 1024 45 485 831 361 1066 764 641 794 531 410 756 605 432 805 1054 858 1115 135 923 743 998 718 640 185 788 366 574 281 251 495 291 891 773 506 275 600 481 716 1086 123 950 718 666 299 475 959 623 789 655 801 154 555 730 1135 773 1074 67 951 1076 685 48 1007 520 879 837 834 1014 443 846 573 1015 662 627
884 0 275 433 842 400 108 776 418 195 263 107 353 927 227 325 474 704 575 83 623 764 704 1082 740 597 758 897 232 519 951 779 675 805 865 761 247 470 787 287 710 296 452 761 551 172 693 616 421 221 528 119 995 697 827 945 874 533 873 551 819 385 561 612 840 393 626 74 842 112 607 457 139 405 623 307 378
972 275 0 160 935 535 209 759 144 224 351 256 485 891 486 534 541 525 308 208 350 839 485 961 504 453 642 931 499 624 866 790 814 739 866 558 199 475 799 453 655 256 178 852 310 314 566 674 504 487 439 369 890 520 874 866 733 258 719 278 904 130 289 481 924 120 567 205 664 383 352 613 414 403 369 541 352
1024 433 160 0 992 634 355 762 61 340 454 399 587 877 634 663 608 437 151 361 190 889 366 891 368 400 590 955 651 702 822 808 899 715 874 448 291 518 817 570 643 326 64 911 185 443 514 725 582 647 430 518 832 433 909 825 658 118 635 118 958 75 129 435 976 39 560 361 567 538 206 715 570 454 223 679 400
45 842 935 992 0 442 791 355 1032 725 600 753 488 422 711 560 394 789 1027 817 1088 107 905 754 979 698 630 203 743 324 582 275 206 492 299 876 736 474 270 556 469 680 1053 83 924 676 652 266 436 914 598 745 663 784 154 563 727 1104 769 1046 38 919 1048 665 34 973 501 837 829 789 989 398 802 539 991 617 593
485 400 535 634 442 0 359 457 658 312 184 317 51 609 293 156 135 630 717 383 779 371 702 854 767 506 575 521 329 124 690 431 283 541 517 716 345 229 437 114 452 310 686 362 636 240 541 246 97 489 388 304 756 623 445 678 704 753 725 720 421 560 726 495 442 605 400 402 737 351 707 81 367 232 715 220 270
831 108 209 355 791 359 0 688 352 91 191 48 309 836 279 329 406 596 487 30 539 705 599 978 638 489 653 825 296 467 852 699 642 707 783 654 139 382 708 259 614 191 385 708 453 119 586 549 357 325 423 163 893 589 759 846 767 465 766 468 764 297 478 505 786 316 528 51 734 188 512 429 222 312 527 332 280
361 776 759 762 355 457 688 0 815 600 514 669 475 154 743 613 327 458 753 719 809 263 583 430 656 394 281 213 780 357 254 80 439 136 112 539 580 306 86 549 132 516 827 313 645 606 317 228 380 926 332 720 331 454 207 238 371 858 413 783 318 698 782 356 323 755 203 740 477 772 701 478 797 376 698 678 416
1066 418 144 61 1032 658 352 815 0 353 475 399 609 933 630 673 643 499 198 353 224 931 426 952 424 459 650 1004 644 734 882 858 930 772 926 509 313 560 867 586 698 357 33 950 246 452 574 766 613 624 483 513 893 495 955 885 720 115 697 157 999 117 168 494 1018 60 614 349 629 527 260 738 557 493 278 683 439
764 195 224 340 725 312 91 600 353 0 128 95 261 747 315 323 332 515 453 122 510 634 530 887 576 404 563 745 340 406 760 615 592 616 698 579 63 295 624 232 522 101 383 641 401 104 497 473 289 402 333 212 802 508 681 755 679 457 679 443 696 271 451 417 717 305 436 142 652 251 465 389 286 224 479 343 188
641 263 351 454 600 184 191 514 475 128 0 159 134 666 277 227 214 533 549 219 610 513 577 848 634 410 535 636 310 279 704 516 463 554 601 609 163 211 524 124 459 140 503 517 479 92 481 358 166 424 310 214 756 526 568 697 660 573 669 547 573 381 553 412 594 423 381 240 659 265 548 263 295 156 559 266 153
794 107 256 399 753 317 48 669 399 95 159 0 267 819 236 281 374 610 526 65 580 670 623 976 666 499 654 796 256 429 844 675 599 697 760 673 155 363 683 213 602 194 432 671 485 76 590 517 323 307 423 123 889 603 728 838 771 510 773 510 728 337 519 511 749 361 518 84 747 157 547 385 192 297 561 284 271
531 353 485 587 488 51 309 475 609 261 134 267 0 629 268 149 147 607 674 332 736 412 671 858 734 482 567 556 305 165 698 457 333 547 543 691 296 217 463 75 455 264 637 407 596 190 527 276 96 457 367 263 761 600 482 687 695 705 714 675 465 513 681 474 487 557 395 352 720 312 666 128 332 205 676 210 235
410 927 891 877 422 609 836 154 933 747 666 819 629 0 897 765 481 517 847 867 899 357 644 332 713 486 323 227 934 504 168 189 555 167 124 584 722 456 186 703 236 658 941 407 740 758 385 372 534 1080 454 874 246 515 270 149 362 964 410 882 391 818 880 448 388 875 324 888 492 926 788 624 951 524 782 830 560
756 227 486 634 711 293 279 743 630 315 277 236 268 897 0 151 415 807 762 277 816 656 839 1115 889 686 809 813 36 414 961 724 519 810 810 880 378 468 730 195 716 393 663 638 716 216 757 539 364 202 587 116 1020 800 736 951 935 743 946 746 697 574 755 689 718 595 646 283 936 118 780 313 107 428 793 100 430
605 325 534 663 560 156 329 613 673 323 227 281 149 765 151 0 289 747 771 342 830 506 801 1006 860 623 716 666 183 269 845 585 369 694 671 828 377 367 591 104 604 367 704 487 706 221 675 398 243 353 511 209 909 740 588 833 845 779 862 764 546 593 772 618 567 628 544 356 865 242 774 162 246 347 786 64 367
432 474 541 608 394 135 406 327 643 332 214 374 147 481 415 289 0 521 665 434 727 301 606 719 676 400 445 423 452 101 555 312 297 405 399 609 342 116 319 221 317 287 666 310 571 301 418 143 53 601 281 400 620 514 353 543 573 724 597 676 364 533 679 382 384 585 268 455 617 451 641 184 474 157 647 353 209
805 704 525 437 789 630 596 458 499 515 533 610 607 517 807 747 521 0 355 621 396 684 127 455 198 124 193 671 839 616 414 531 791 353 564 89 457 406 539 645 327 419 494 725 259 595 140 556 536 918 242 722 405 7 657 422 223 488 198 398 751 407 392 138 762 453 290 636 140 765 286 699 800 402 276 796 381
1054 575 308 151 1027 717 487 753 198 453 549 526 674 847 762 771 665 355 0 498 62 920 253 806 234 362 536 959 783 764 766 811 962 680 866 339 395 559 820 672 624 410 175 949 107 558 464 762 649 793 432 650 761 353 924 772 577 138 546 47 990 190 38 400 1006 189 552 501 466 674 72 799 708 507 88 796 457
858 83 208 361 817 383 30 719 353 122 219 65 332 867 277 342 434 621 498 0 548 732 620 1007 657 517 683 854 291 493 882 730 665 738 814 678 167 413 738 279 644 221 386 734 469 142 615 577 385 305 453 160 923 614 787 877 796 467 794 477 791 307 486 533 812 321 559 21 760 177 526 450 210 343 542 339 310
1115 623 350 190 1088 779 539 809 224 510 610 580 736 899 816 830 727 396 62 548 0 981 283 840 248 416 583 1017 836 827 810 869 1024 731 922 368 453 622 878 732 679 471 194 1010 165 615 514 824 712 838 492 702 801 395 983 817 614 133 580 71 1051 242 61 454 1067 230 609 550 496 725 111 860 758 570 119 853 520
135 764 839 889 107 371 705 263 931 634 513 670 412 357 656 506 301 684 920 732 981 0 798 680 873 590 530 172 690 247 505 185 204 399 232 771 640 371 182 485 367 582 951 51 817 595 547 164 347 856 491 675 585 679 96 487 632 1000 672 940 70 816 942 558 86 871 394 753 728 722 882 344 738 438 883 567 492
923 704 485 366 905 702 599 583 426 530 577 623 671 644 839 801 606 127 253 620 283 798 0 556 74 211 321 796 868 706 536 654 890 480 690 85 467 490 662 697 451 446 413 837 181 623 265 661 612 924 327 742 520 129 778 545 332 392 296 300 867 356 292 240 879 391 403 631 213 780 180 776 815 469 167 843 436
743 1082 961 891 754 854 978 430 952 887 848 976 858 332 1115 1006 719 455 806 1007 840 680 556 0 603 508 325 559 1151 774 176 498 868 315 454 473 842 646 499 923 402 786 948 732 715 934 396 653 762 1272 554 1062 99 458 600 194 232 942 260 851 721 853 844 482 719 903 468 1026 345 1112 735 892 1143 692 722 1068 706
998 740 504 368 979 767 638 656 424 576 634 666 734 713 889 860 676 198 234 657 248 873 74 603 0 284 390 869 916 776 598 727 963 551 762 134 513 560 735 756 524 498 406 911 193 673 338 734 680 962 398 788 575 201 852 608 387 371 347 281 941 374 272 314 953 399 478 666 257 824 164 843 858 535 147 899 499
718 597 453 400 698 506 489 394 459 404 410 499 482 486 686 623 400 124 362 517 416 590 211 508 284 0 191 604 719 498 423 457 680 320 506 210 350 284 466 521 263 304 462 628 254 477 115 450 413 806 119 605 438 117 577 425 283 478 277 396 659 351 394 38 673 405 199 533 250 650 307 576 684 277 304 672 258
640 758 642 590 630 575 653 281 650 563 535 654 567 323 809 716 445 193 536 683 583 530 321 325 390 191 0 490 844 524 232 359 670 161 378 264 517 349 366 623 163 462 652 576 432 616 76 431 478 954 231 746 247 192 487 237 128 661 153 574 592 543 570 160 600 597 176 701 198 795 471 629 827 380 464 774 386
185 897 931 955 203 521 825 213 1004 745 636 796 556 227 813 666 423 671 959 854 1017 172 796 559 869 604 490 0 848 398 393 147 373 334 115 752 739 456 139 631 345 676 1019 213 852 724 531 281 476 1010 529 819 473 668 78 374 565 1057 610 986 178 886 986 567 169 944 407 876 682 868 910 507 887 529 908 729 578
788 232 499 651 743 329 296 780 644 340 310 256 305 934 36 183 452 839 783 291 836 690 868 1151 916 719 844 848 0 449 998 760 548 846 846 910 403 504 766 232 752 423 677 671 740 245 791 575 400 172 621 133 1056 832 771 988 970 758 980 765 730 593 774 722 751 612 682 294 969 120 803 346 99 463 817 127 464
366 519 624 702 324 124 467 357 734 406 279 429 165 504 414 269 101 616 764 493 827 247 706 774 776 498 524 398 449 0 603 319 197 459 403 706 426 216 324 237 381 377 758 242 672 352 506 132 120 612 379 428 675 610 321 589 650 819 678 774 300 627 778 478 321 677 349 513 705 475 742 120 492 256 748 333 307
574 951 866 822 582 690 852 254 882 760 704 844 698 168 961 845 555 414 766 882 810 505 536 176 598 423 232 393 998 603 0 322 692 151 283 464 723 495 323 767 246 662 885 556 663 794 308 479 602 1129 434 919 80 414 427 19 218 893 264 806 548 773 801 389 548 828 325 902 354 970 699 722 999 550 690 908 572
281 779 790 808 275 431 699 80 858 615 516 675 457 189 724 585 312 531 811 730 869 185 654 498 727 457 359 147 760 319 322 0 371 216 86 614 603 320 9 532 204 539 872 236 704 607 391 187 366 914 381 713 401 527 127 304 451 909 493 838 238 741 838 421 243 798 259 751 556 764 763 438 787 393 761 650 440
251 675 814 899 206 283 642 439 930 592 463 599 333 555 519 369 297 791 962 665 1024 204 890 868 963 680 670 373 548 197 692 371 0 568 433 881 618 407 371 388 511 573 955 160 868 523 668 239 317 720 564 568 770 785 299 674 787 1016 822 972 207 824 976 655 225 874 507 684 863 608 938 217 616 454 943 421 505
495 805 739 715 492 541 707 136 772 616 554 697 547 167 810 694 405 353 680 738 731 399 480 315 551 320 161 334 846 459 151 216 568 0 219 425 583 344 221 615 95 521 778 449 573 644 218 341 451 978 300 768 216 350 341 142 235 798 278 716 455 658 713 282 459 715 179 758 348 820 621 576 848 401 615 757 427
291 865 866 874 299 517 783 112 926 698 601 760 543 124 810 671 399 564 866 814 922 232 690 454 762 506 378 115 846 403 283 86 433 219 0 641 683 402 80 619 243 618 939 283 758 693 424 272 453 1001 444 800 364 560 146 264 449 971 494 896 267 809 895 468 265 867 316 835 568 851 813 521 873 474 810 735 519
891 761 558 448 876 716 654 539 509 579 609 673 691 584 880 828 609 89 339 678 368 771 85 473 134 210 264 752 910 706 464 614 881 425 641 0 518 494 622 725 411 487 497 813 262 665 224 645 623 979 329 789 441 96 741 475 253 477 214 385 838 432 378 227 848 470 379 690 128 830 266 787 865 485 252 875 461
773 247 199 291 736 345 139 580 313 63 163 155 296 722 378 377 342 457 395 167 453 640 467 842 513 350 517 739 403 426 723 603 618 583 683 518 0 283 612 280 492 64 340 653 338 164 449 477 305 461 290 275 760 450 680 719 628 410 626 388 706 219 395 366 725 260 404 184 595 313 404 425 348 210 417 401 164
506 470 475 518 474 229 382 306 560 295 211 363 217 456 468 367 116 406 559 413 622 371 490 646 560 284 349 456 504 216 495 320 407 344 402 494 283 0 329 276 249 220 579 393 462 303 312 207 132 633 164 424 551 399 398 487 478 630 496 574 439 445 577 268 458 500 179 434 508 475 531 293 504 73 535 426 123
275 787 799 817 270 437 708 86 867 624 524 683 463 186 730 591 319 539 820 738 878 182 662 499 735 466 366 139 766 324 323 9 371 221 80 622 612 329 0 539 211 548 882 234 713 615 398 192 373 921 390 720 403 535 121 305 456 918 499 847 233 750 847 430 238 807 268 759 563 771 772 443 794 402 770 656 449
600 287 453 570 556 114 259 549 586 232 124 213 75 703 195 104 221 645 672 279 732 485 697 923 756 521 623 631 232 237 767 532 388 615 619 725 280 276 539 0 522 264 616 477 603 140 577 352 168 381 411 190 827 638 556 756 751 688 766 668 535 499 675 517 557 537 456 297 765 237 673 171 256 247 683 152 264
481 710 655 643 469 452 614 132 698 522 459 602 455 236 716 604 317 327 624 644 679 367 451 402 524 263 163 345 752 381 246 204 511 95 243 411 492 249 211 522 0 429 707 413 516 549 187 274 360 883 217 673 305 323 330 237 276 734 311 656 430 582 654 225 439 639 88 665 361 724 570 494 753 306 567 666 334
716 296 256 326 680 310 191 516 357 101 140 194 264 658 393 367 287 419 410 221 471 582 446 786 498 304 462 676 423 377 662 539 573 521 618 487 64 220 548 264 429 0 382 597 339 178 396 418 256 501 232 302 702 412 618 658 577 445 578 410 648 252 416 316 668 300 341 240 554 346 408 391 380 147 419 401 99
1086 452 178 64 1053 686 385 827 33 383 503 432 637 941 663 704 666 494 175 386 194 951 413 948 406 462 652 1019 677 758 885 872 955 778 939 497 340 579 882 616 707 382 0 971 236 483 576 787 638 658 494 547 892 490 972 888 716 81 691 131 1019 134 142 498 1038 81 624 383 620 561 241 766 591 514 259 715 460
123 761 852 911 83 362 708 313 950 641 517 671 407 407 638 487 310 725 949 734 1010 51 837 732 911 628 576 213 671 242 556 236 160 449 283 813 653 393 234 477 413 597 971 0 847 594 590 186 352 840 523 666 637 720 142 538 681 1023 720 967 59 837 969 597 80 891 435 755 774 712 914 324 725 457 916 546 511
950 551 310 185 924 636 453 645 246 401 479 485 596 740 716 706 571 259 107 469 165 817 181 715 193 254 432 852 740 672 663 704 868 573 758 262 338 462 713 603 516 339 236 847 0 503 359 661 561 773 327 609 663 257 818 669 483 230 456 142 887 180 139 293 903 210 444 477 383 640 70 716 675 416 80 737 369
718 172 314 443 676 240 119 606 452 104 92 76 190 758 216 221 301 595 558 142 615 595 623 934 673 477 616 724 245 352 794 607 523 644 693 665 164 303 615 140 549 178 483 594 503 0 557 444 249 337 387 129 843 588 654 786 738 558 745 547 652 375 555 484 673 407 469 161 727 178 569 310 210 243 582 238 230
666 693 566 514 652 541 586 317 574 497 481 590 527 385 757 675 418 140 464 615 514 547 265 396 338 115 76 531 791 506 308 391 668 218 424 224 449 312 398 577 187 396 576 590 359 557 0 429 444 893 170 687 323 137 517 312 181 587 189 502 613 466 498 85 624 520 161 633 198 735 403 602 768 330 396 730 328
299 616 674 725 266 246 549 228 766 473 358 517 276 372 539 398 143 556 762 577 824 164 661 653 734 450 431 281 575 132 479 187 239 341 272 645 477 207 192 352 274 418 787 186 661 444 429 0 195 733 340 538 553 550 210 464 550 837 583 780 232 652 782 422 251 707 268 598 623 588 728 252 608 274 731 463 327
475 421 504 582 436 97 357 380 613 289 166 323 96 534 364 243 53 536 649 385 712 347 612 762 680 413 478 476 400 120 602 366 317 451 453 623 305 132 373 168 360 256 638 352 561 249 444 195 0 548 293 346 665 529 405 591 606 699 627 657 408 507 661 399 429 557 303 406 640 397 632 164 420 146 639 306 192
959 221 487 647 914 489 325 926 624 402 424 307 457 1080 202 353 601 918 793 305 838 856 924 1272 962 806 954 1010 172 612 1129 914 720 978 1001 979 461 633 921 381 883 501 658 840 773 337 893 733 548 0 724 210 1180 911 934 1120 1075 739 1079 766 899 605 777 817 920 608 805 296 1055 159 828 515 129 580 844 299 567
623 528 439 430 598 388 423 332 483 333 310 423 367 454 587 511 281 242 432 453 492 491 327 554 398 119 231 529 621 379 434 381 564 300 444 329 290 164 390 411 217 232 494 523 327 387 170 340 293 724 0 517 469 235 491 431 351 528 359 457 561 366 457 107 576 424 130 472 354 565 391 457 598 163 392 563 157
789 119 369 518 745 304 163 720 513 212 214 123 263 874 116 209 400 722 650 160 702 675 742 1062 788 605 746 819 133 428 919 713 568 768 800 789 275 424 720 190 673 302 547 666 609 129 687 538 346 210 517 0 970 715 745 910 868 627 874 632 725 460 641 613 747 480 595 167 855 51 671 351 81 370 685 188 359
655 995 890 832 663 756 893 331 893 802 756 889 761 246 1020 909 620 405 761 923 801 585 520 99 575 438 247 473 1056 675 80 401 770 216 364 441 760 551 403 827 305 702 892 637 663 843 323 553 665 1180 469 970 0 407 508 99 188 893 229 803 629 788 798 408 629 841 375 942 320 1021 692 792 1051 600 681 971 617
801 697 520 433 784 623 589 454 495 508 526 603 600 515 800 740 514 7 353 614 395 679 129 458 201 117 192 668 832 610 414 527 785 350 560 96 450 399 535 638 323 412 490 720 257 588 137 550 529 911 235 715 407 0 653 422 226 486 202 396 746 402 390 131 757 449 285 629 146 758 285 692 793 395 276 789 374
154 827 874 909 154 445 759 207 955 681 568 728 482 270 736 588 353 657 924 787 983 96 778 600 852 577 487 78 771 321 427 127 299 341 146 741 680 398 121 556 330 618 972 142 818 654 517 210 405 934 491 745 508 653 0 409 576 1014 619 948 121 838 949 542 120 895 378 809 684 794 879 428 812 471 879 651 522
555 945 866 825 563 678 846 238 885 755 697 838 687 149 951 833 543 422 772 877 817 487 545 194 608 425 237 374 988 589 19 304 674 142 264 475 719 487 305 756 237 658 888 538 669 786 312 464 591 1120 431 910 99 422 409 0 232 898 279 811 530 775 807 391 529 830 319 897 367 962 706 708 991 543 698 896 567
730 874 733 658 727 704 767 371 720 679 660 771 695 362 935 845 573 223 577 796 614 632 332 232 387 283 128 565 970 650 218 451 787 235 449 253 628 478 456 751 276 577 716 681 483 738 181 550 606 1075 351 868 188 226 576 232 0 711 47 620 689 622 614 262 694 671 304 813 136 916 506 756 949 507 495 902 509
1135 533 258 118 1104 753 465 858 115 457 573 510 705 964 743 779 724 488 138 467 133 1000 392 942 371 478 661 1057 758 819 893 909 1016 798 971 477 410 630 918 688 734 445 81 1023 230 558 587 837 699 739 528 627 893 486 1014 898 711 0 682 92 1069 193 99 516 1087 151 655 464 604 642 211 834 672 568 226 793 515
773 873 719 635 769 725 766 413 697 679 669 773 714 410 946 862 597 198 546 794 580 672 296 260 347 277 153 610 980 678 264 493 822 278 494 214 626 496 499 766 311 578 691 720 456 745 189 583 627 1079 359 874 229 202 619 279 47 682 0 590 731 603 584 262 737 651 329 810 91 922 474 781 955 519 462 918 516
1074 551 278 118 1046 720 468 783 157 443 547 510 675 882 746 764 676 398 47 477 71 940 300 851 281 396 574 986 765 774 806 838 972 716 896 385 388 574 847 668 656 410 131 967 142 547 502 780 657 766 457 632 803 396 948 811 620 92 590 0 1010 173 11 434 1026 158 580 478 512 654 119 801 686 518 135 785 467
67 819 904 958 38 421 764 318 999 696 573 728 465 391 697 546 364 751 990 791 1051 70 867 721 941 659 592 178 730 300 548 238 207 455 267 838 706 439 233 535 430 648 1019 59 887 652 613 232 408 899 561 725 629 746 121 530 689 1069 731 1010 0 885 1012 627 21 940 463 812 790 771 952 383 784 506 953 604 559
951 385 130 75 919 560 297 698 117 271 381 337 513 818 574 593 533 407 190 307 242 816 356 853 374 351 543 886 593 627 773 741 824 658 809 432 219 445 750 499 582 252 134 837 180 375 466 652 507 605 366 460 788 402 838 775 622 193 603 173 885 0 181 384 903 57 497 311 543 484 224 641 517 380 241 613 326
1076 561 289 129 1048 726 478 782 168 451 553 519 681 880 755 772 679 392 38 486 61 942 292 844 272 394 570 986 774 778 801 838 976 713 895 378 395 577 847 675 654 416 142 969 139 555 498 782 661 777 457 641 798 390 949 807 614 99 584 11 1012 181 0 432 1028 169 580 488 505 663 111 807 696 522 126 794 471
685 612 481 435 665 495 505 356 494 417 412 511 474 448 689 618 382 138 400 533 454 558 240 482 314 38 160 567 722 478 389 421 655 282 468 227 366 268 430 517 225 316 498 597 293 484 85 422 399 817 107 613 408 131 542 391 262 516 262 434 627 384 432 0 640 439 164 551 248 660 345 562 693 270 342 669 258
48 840 924 976 34 442 786 323 1018 717 594 749 487 388 718 567 384 762 1006 812 1067 86 879 719 953 673 600 169 751 321 548 243 225 459 265 848 725 458 238 557 439 668 1038 80 903 673 624 251 429 920 576 747 629 757 120 529 694 1087 737 1026 21 903 1028 640 0 958 475 833 798 792 967 405 806 525 968 626 578
1007 393 120 39 973 605 316 755 60 305 423 361 557 875 595 628 585 453 189 321 230 871 391 903 399 405 597 944 612 677 828 798 874 715 867 470 260 500 807 537 639 300 81 891 210 407 520 707 557 608 424 480 841 449 895 830 671 151 651 158 940 57 169 439 958 0 555 321 586 498 239 686 530 434 257 642 380
520 626 567 560 501 400 528 203 614 436 381 518 395 324 646 544 268 290 552 559 609 394 403 468 478 199 176 407 682 349 325 259 507 179 316 379 404 179 268 456 88 341 624 435 444 469 161 268 303 805 130 595 375 285 378 319 304 655 329 580 463 497 580 164 475 555 0 579 357 646 503 452 676 225 502 604 248
879 74 205 361 837 402 51 740 349 142 240 84 352 888 283 356 455 636 501 21 550 753 631 1026 666 533 701 876 294 513 902 751 684 758 835 690 184 434 759 297 665 240 383 755 477 161 633 598 406 296 472 167 942 629 809 897 813 464 810 478 812 311 488 551 833 321 579 0 776 177 532 468 209 364 548 349 331
837 842 664 567 829 737 734 477 629 652 659 747 720 492 936 865 617 140 466 760 496 728 213 345 257 250 198 682 969 705 354 556 863 348 568 128 595 508 563 765 361 554 620 774 383 727 198 623 640 1055 354 855 320 146 684 367 136 604 91 512 790 543 505 248 798 586 357 776 0 900 394 800 934 518 380 918 506
834 112 383 538 789 351 188 772 527 251 265 157 312 926 118 242 451 765 674 177 725 722 780 1112 824 650 795 868 120 475 970 764 608 820 851 830 313 475 771 237 724 346 561 712 640 178 735 588 397 159 565 51 1021 758 794 962 916 642 922 654 771 484 663 660 792 498 646 177 900 0 700 393 34 421 715 209 408
1014 607 352 206 989 707 512 701 260 465 548 547 666 788 780 774 641 286 72 526 111 882 180 735 164 307 471 910 803 742 699 763 938 621 813 266 404 531 772 673 570 408 241 914 70 569 403 728 632 828 391 671 692 285 879 706 506 211 474 119 952 224 111 345 967 239 503 532 394 700 0 787 734 486 17 805 439
443 457 613 715 398 81 429 478 738 389 263 385 128 624 313 162 184 699 799 450 860 344 776 892 843 576 629 507 346 120 722 438 217 576 521 787 425 293 443 171 494 391 766 324 716 310 602 252 164 515 457 351 792 692 428 708 756 834 781 801 383 641 807 562 405 686 452 468 800 393 787 0 403 308 795 223 348
846 139 414 570 802 367 222 797 557 286 295 192 332 951 107 246 474 800 708 210 758 738 815 1143 858 684 827 887 99 492 999 787 616 848 873 865 348 504 794 256 753 380 591 725 675 210 768 608 420 129 598 81 1051 793 812 991 949 672 955 686 784 517 696 693 806 530 676 209 934 34 734 403 0 451 749 205 440
573 405 403 454 539 232 312 376 493 224 156 297 205 524 428 347 157 402 507 343 570 438 469 692 535 277 380 529 463 256 550 393 454 401 474 485 210 73 402 247 306 147 514 457 416 243 330 274 146 580 163 370 600 395 471 543 507 568 519 518 506 380 522 270 525 434 225 364 518 421 486 308 451 0 493 400 53
1015 623 369 223 991 715 527 698 278 479 559 561 676 782 793 786 647 276 88 542 119 883 167 722 147 304 464 908 817 748 690 761 943 615 810 252 417 535 770 683 567 419 259 916 80 582 396 731 639 844 392 685 681 276 879 698 495 226 462 135 953 241 126 342 968 257 502 548 380 715 17 795 749 493 0 817 447
662 307 541 679 617 220 332 678 683 343 266 284 210 830 100 64 353 796 796 339 853 567 843 1068 899 672 774 729 127 333 908 650 421 757 735 875 401 426 656 152 666 401 715 546 737 238 730 463 306 299 563 188 971 789 651 896 902 793 918 785 604 613 794 669 626 642 604 349 918 209 805 223 205 400 817 0 414
627 378 352 400 593 270 280 416 439 188 153 271 235 560 430 367 209 381 457 310 520 492 436 706 499 258 386 578 464 307 572 440 505 427 519 461 164 123 449 264 334 99 460 511 369 230 328 327 192 567 157 359 617 374 522 567 509 515 516 467 559 326 471 258 578 380 248 331 506 408 439 348 440 53 447 414 0
