83
0 562 393 618 413 800 876 930 361 646 322 1079 328 766 1026 298 619 532 543 745 710 910 552 566 598 971 1002 911 372 318 1122 979 144 839 349 366 679 284 653 515 487 320 448 995 1236 945 918 423 554 573 582 780 199 1043 476 1007 658 845 530 844 194 394 826 485 859 816 907 236 375 332 893 580 869 496 944 938 177 450 702 212 234 849 810
562 0 306 788 518 733 920 483 366 358 537 879 560 434 949 448 408 510 740 831 595 567 449 799 303 898 790 528 192 258 954 545 625 398 545 760 121 447 697 633 740 243 623 568 1006 651 608 423 106 720 474 546 515 668 573 675 268 831 302 819 585 324 683 295 867 258 913 391 764 663 532 24 545 523 647 645 565 808 580 476 545 290 650
393 306 0 488 211 503 656 542 62 253 237 732 259 374 737 155 237 235 435 550 379 519 205 493 205 681 648 518 233 142 790 588 388 453 241 470 383 160 419 332 433 187 317 603 883 564 532 122 232 420 238 407 255 652 272 620 273 584 137 576 325 18 491 92 613 502 663 157 472 369 500 309 480 232 562 557 310 508 367 217 269 533 466
618 788 488 0 280 317 274 806 437 535 318 618 302 596 474 394 459 292 75 144 347 667 367 85 548 429 577 715 708 601 621 818 492 749 294 323 841 405 160 155 142 646 186 817 769 630 633 366 697 68 359 493 433 783 215 709 637 291 506 299 425 469 409 498 284 931 322 496 315 294 679 786 625 267 633 626 441 260 355 442 389 957 420
413 518 211 280 0 386 485 649 157 343 100 671 109 445 615 128 281 130 224 364 305 565 182 281 329 559 599 590 427 321 709 681 333 572 79 309 585 142 249 129 225 367 105 688 830 573 555 99 435 213 202 405 215 699 72 644 419 438 268 435 251 193 418 244 457 692 506 229 307 209 560 518 521 86 573 566 253 321 300 203 189 721 406
800 733 503 317 386 0 216 566 486 387 480 307 480 383 234 508 325 278 358 213 137 395 300 400 432 179 259 457 732 645 328 560 709 537 454 605 738 523 172 304 428 691 376 552 463 334 348 402 627 297 268 245 601 490 326 410 498 108 433 92 629 487 105 455 149 786 187 600 598 538 419 721 362 305 338 330 635 562 152 589 571 805 131
876 920 656 274 485 216 0 781 622 592 557 419 548 599 224 614 523 421 346 132 341 606 471 354 630 195 414 670 890 791 393 772 759 753 531 598 939 627 239 364 416 838 427 762 548 533 554 538 817 304 445 461 680 687 414 605 703 109 617 127 686 638 315 629 68 997 62 715 589 564 632 911 575 428 538 531 699 530 356 680 641 1017 344
930 483 542 806 649 566 781 0 588 307 731 529 749 211 693 679 369 543 801 761 467 186 471 862 338 660 454 116 630 624 616 62 927 91 721 958 393 689 652 689 843 643 730 88 606 283 245 567 415 750 463 325 791 210 654 255 272 671 409 654 857 544 466 452 713 336 742 698 957 858 151 458 207 587 277 281 846 963 456 755 795 334 436
361 366 62 437 157 486 622 588 0 289 174 734 197 408 720 96 257 209 380 510 371 549 199 436 249 664 653 555 272 169 787 631 339 501 179 409 445 103 384 283 374 216 260 644 888 584 556 85 294 370 232 421 203 683 223 645 325 558 178 552 270 48 486 137 584 564 634 127 410 307 534 370 508 194 583 577 258 446 360 167 212 595 465
646 358 253 535 343 387 592 307 289 0 424 527 442 120 594 376 76 250 516 529 252 267 173 579 60 544 438 266 416 369 599 344 626 228 414 652 350 387 400 400 548 403 430 355 664 322 286 260 252 472 176 190 490 398 356 370 111 492 116 478 553 251 326 161 531 407 574 409 651 551 246 342 229 289 319 315 544 662 237 456 490 430 293
322 537 237 318 100 480 557 731 174 424 0 770 23 533 704 90 369 230 247 429 405 659 276 291 400 649 700 680 412 305 806 767 233 650 26 236 620 96 330 194 218 346 133 776 929 671 652 164 469 261 299 503 124 794 154 742 485 522 332 521 151 222 518 299 537 738 585 182 237 133 652 542 615 186 672 665 155 271 400 124 91 769 507
1079 879 732 618 671 307 419 529 734 527 770 0 774 448 221 780 502 546 664 492 368 350 534 702 587 226 89 417 937 871 87 490 1003 551 746 912 842 795 479 607 735 911 678 469 159 249 292 659 776 604 502 337 885 352 621 279 611 338 621 325 921 721 253 658 364 840 358 859 905 841 390 860 350 585 255 253 925 869 376 866 861 847 269
328 560 259 302 109 480 548 749 197 442 23 774 0 549 701 113 385 239 231 418 411 673 289 271 419 647 705 695 435 327 807 784 229 669 29 214 643 118 326 187 197 368 121 792 933 682 664 183 492 249 310 514 132 807 154 754 506 517 353 517 148 245 522 320 530 760 578 203 215 111 667 565 629 194 682 675 155 248 407 139 94 791 512
766 434 374 596 445 383 599 211 408 120 533 448 549 0 555 492 163 333 590 562 266 148 264 651 174 511 359 148 524 486 527 236 743 156 520 753 394 503 446 478 632 517 520 243 571 217 176 371 336 539 253 141 607 278 445 254 165 491 237 475 668 371 296 282 533 412 569 529 751 654 126 414 115 378 213 211 660 754 253 574 604 426 262
1026 949 737 474 615 234 224 693 720 594 704 221 701 555 0 739 543 512 536 332 361 506 532 559 646 55 253 576 964 879 174 667 927 691 678 793 940 754 376 516 610 924 587 651 328 413 448 636 843 483 500 416 827 550 550 469 697 187 658 185 848 721 267 683 191 967 162 833 785 742 542 935 490 537 419 414 857 735 375 818 794 980 300
298 448 155 394 128 508 614 679 96 376 90 780 113 492 739 0 334 235 329 491 412 628 255 377 341 684 703 640 323 215 825 720 250 594 105 316 535 14 378 253 306 257 208 732 937 653 629 127 385 332 284 486 115 763 200 719 420 565 271 561 177 144 528 231 585 657 635 102 318 216 616 454 585 202 653 646 168 360 403 87 116 689 511
619 408 237 459 281 325 523 369 257 76 369 502 385 163 543 334 0 176 441 455 188 294 102 504 107 490 415 310 435 370 567 399 584 297 356 590 416 346 325 326 477 409 361 407 648 327 298 209 301 396 100 169 449 429 286 387 184 427 119 414 507 230 278 156 465 482 509 384 588 491 283 395 251 218 326 320 501 594 172 418 443 505 248
532 510 235 292 130 278 421 543 209 250 230 546 239 333 512 235 176 0 266 322 178 441 76 329 256 456 472 472 469 373 590 568 462 474 209 425 551 250 188 150 300 420 187 573 704 443 427 124 412 226 80 276 339 573 111 516 346 350 216 343 381 217 293 215 378 639 428 322 423 332 440 505 397 47 444 437 381 421 171 320 318 665 278
543 740 435 75 224 358 346 801 380 516 247 664 231 590 536 329 441 266 0 213 360 675 343 62 520 488 615 718 647 539 675 819 417 738 225 256 801 338 187 116 73 584 121 820 819 650 647 318 654 60 341 501 359 798 169 728 611 349 471 356 349 417 439 457 348 899 390 428 249 219 683 740 632 232 652 645 366 205 365 370 315 927 445
745 831 550 144 364 213 132 761 510 529 429 492 418 562 332 491 455 322 213 0 295 601 384 228 557 289 464 659 781 679 486 763 626 719 403 468 864 504 134 238 285 726 297 757 637 547 558 429 732 171 364 436 551 703 292 624 639 154 532 167 554 532 317 536 140 937 177 594 459 431 621 825 564 318 551 543 568 405 308 553 511 960 338
710 595 379 347 305 137 341 467 371 252 405 368 411 266 361 412 188 178 360 295 0 319 174 416 295 307 294 369 603 521 416 473 638 423 382 575 602 426 188 268 418 566 332 470 526 290 287 292 489 302 141 146 517 438 264 368 363 240 298 226 557 365 116 322 279 656 322 493 571 492 332 583 277 218 292 285 558 552 15 497 495 676 101
910 567 519 667 565 395 606 186 549 267 659 350 673 148 506 628 294 441 675 601 319 0 383 733 322 474 270 70 671 634 436 166 878 202 643 867 508 641 507 573 728 665 626 157 448 100 59 503 475 619 363 174 744 135 551 108 304 496 383 478 801 516 291 428 537 491 563 673 864 773 40 545 44 488 94 97 795 857 312 713 737 497 264
552 449 205 367 182 300 471 471 199 173 276 534 289 264 532 255 102 76 343 384 174 383 0 405 180 477 453 407 432 347 588 500 500 400 259 489 482 269 249 226 375 392 258 506 689 399 377 128 348 301 33 231 368 518 183 467 270 388 148 378 420 190 287 158 421 564 469 325 487 391 378 442 339 116 399 392 417 492 162 342 356 590 265
566 799 493 85 281 400 354 862 436 579 291 702 271 651 559 377 504 329 62 228 416 733 405 0 583 514 659 778 699 591 707 879 432 800 271 245 862 385 235 179 79 634 176 880 854 704 703 377 715 114 404 559 393 854 231 782 674 376 533 385 372 475 487 518 368 962 405 474 236 235 742 800 690 295 706 699 391 177 421 409 347 989 496
598 303 205 548 329 432 630 338 249 60 400 587 419 174 646 341 107 256 520 557 295 322 180 583 0 595 498 314 356 312 658 383 588 252 393 633 309 350 425 403 545 344 424 397 725 382 345 236 197 482 193 249 452 451 354 427 91 534 70 521 518 206 379 113 572 383 616 362 633 530 299 289 287 288 379 375 507 650 280 416 457 409 347
971 898 681 429 559 179 195 660 664 544 649 226 647 511 55 684 490 456 488 289 307 474 477 514 595 0 237 544 909 823 199 638 873 652 623 745 892 698 323 462 561 869 534 623 353 386 417 581 792 433 445 371 772 529 495 447 649 138 604 133 794 666 218 629 149 923 133 778 737 691 508 885 454 482 391 385 802 689 321 763 740 938 252
1002 790 648 577 599 259 414 454 653 438 700 89 705 359 253 703 415 472 615 464 294 270 453 659 498 237 0 339 849 785 169 420 933 469 676 855 754 718 428 547 684 825 616 402 235 170 211 580 687 555 421 249 811 296 554 216 522 318 534 302 851 637 183 572 351 756 357 779 849 779 309 771 265 513 176 173 853 819 300 790 789 764 193
911 528 518 715 590 457 670 116 555 266 680 417 695 148 576 640 310 472 718 659 369 70 407 778 314 544 339 0 648 622 504 104 891 142 666 896 458 651 558 611 767 649 659 102 506 168 129 519 442 664 392 223 755 142 583 155 277 560 381 543 816 517 355 426 602 429 629 675 894 799 38 505 95 518 162 166 808 893 360 721 752 433 326
372 192 233 708 427 732 890 630 272 416 412 937 435 524 964 323 435 469 647 781 603 671 432 699 356 909 849 648 0 108 1003 688 449 539 428 612 313 316 652 556 630 68 525 709 1080 738 700 352 216 641 464 600 357 790 496 779 370 817 315 808 422 251 709 282 847 450 896 238 617 524 642 212 639 463 735 731 400 672 589 322 394 483 681
318 258 142 601 321 645 791 624 169 369 305 871 327 486 879 215 370 373 539 679 521 634 347 591 312 823 785 622 108 0 931 678 366 532 320 511 368 209 553 450 521 47 418 695 1019 690 655 252 235 535 380 540 259 761 390 739 352 724 255 716 328 157 632 214 751 502 801 136 515 419 610 272 598 363 687 683 307 567 509 221 293 535 607
1122 954 790 621 709 328 393 616 787 599 806 87 807 527 174 825 567 590 675 486 416 436 588 707 658 199 169 504 1003 931 0 577 1037 637 781 929 922 840 497 632 748 973 704 557 154 336 378 708 850 617 555 409 925 438 653 366 688 331 687 321 956 778 300 721 348 924 330 909 921 866 476 937 434 625 341 339 961 879 426 909 897 932 324
979 545 588 818 681 560 772 62 631 344 767 490 784 236 667 720 399 568 819 763 473 166 500 879 383 638 420 104 688 678 577 0 970 149 755 989 456 731 661 710 866 699 756 25 555 253 221 604 474 766 488 327 834 154 680 211 325 662 453 644 897 590 457 497 703 396 729 745 987 890 141 521 199 613 247 252 888 989 464 799 835 392 429
144 625 388 492 333 709 759 927 339 626 233 1003 229 743 927 250 584 462 417 626 638 878 500 432 588 873 933 891 449 366 1037 970 0 840 257 221 733 239 550 410 355 385 339 982 1162 899 877 375 593 455 526 731 136 1013 383 967 662 741 518 742 81 383 751 475 750 866 796 242 230 198 867 639 835 419 898 892 83 306 633 172 144 898 740
839 398 453 749 572 537 753 91 501 228 650 551 669 156 691 594 297 474 738 719 423 202 400 800 252 652 469 142 539 532 637 149 840 0 641 880 318 603 601 623 775 552 658 170 648 301 258 486 325 689 396 292 704 274 583 297 181 645 322 628 771 456 444 364 686 289 720 608 879 779 162 374 204 516 296 297 759 890 410 668 710 295 412
349 545 241 294 79 454 531 721 179 414 26 746 29 520 678 105 356 209 225 403 382 643 259 271 393 623 676 666 428 320 781 755 257 641 0 240 625 113 304 167 201 363 108 763 905 652 634 156 473 236 280 484 150 777 128 724 480 495 327 494 175 225 494 296 510 739 559 203 240 137 637 549 599 164 652 646 180 267 378 150 117 770 484
366 760 470 323 309 605 598 958 409 652 236 912 214 753 793 316 590 425 256 468 575 867 489 245 633 745 855 896 612 511 929 989 221 880 240 0 852 314 432 309 183 544 244 996 1069 862 851 396 701 312 504 700 255 999 317 938 720 606 567 612 197 457 673 535 605 973 645 375 9 102 866 768 823 379 864 856 221 86 575 290 217 1004 672
679 121 383 841 585 738 939 393 445 350 620 842 643 394 940 535 416 551 801 864 602 508 482 862 309 892 754 458 313 368 922 456 733 318 625 852 0 537 731 688 811 359 690 480 956 600 557 486 151 773 500 524 616 592 631 611 242 842 335 828 687 399 673 344 881 137 924 494 854 751 469 100 495 573 596 595 668 892 586 576 641 170 639
284 447 160 405 142 523 627 689 103 387 96 795 118 503 754 14 346 250 338 504 426 641 269 385 350 698 718 651 316 209 840 731 239 603 113 314 537 0 392 266 314 250 218 743 952 667 642 140 387 344 299 500 103 775 213 732 428 580 280 576 168 150 542 239 599 660 649 90 317 216 628 454 598 217 666 660 157 362 418 73 109 692 526
653 697 419 160 249 172 239 652 384 400 330 479 326 446 376 378 325 188 187 134 188 507 249 235 425 323 428 558 652 553 497 661 550 601 304 432 731 392 0 140 256 600 211 659 636 470 472 300 597 126 231 334 455 623 179 549 508 191 397 191 472 401 253 402 207 806 257 478 426 369 521 690 466 189 473 466 481 391 197 449 419 830 261
515 633 332 155 129 304 364 689 283 400 194 607 187 478 516 253 326 150 116 238 268 573 226 179 403 462 547 611 556 450 632 710 410 623 167 309 688 266 140 0 155 496 72 713 765 557 550 211 543 87 227 400 318 700 60 634 494 331 356 331 332 314 364 344 343 783 391 356 304 234 577 631 529 116 559 552 341 285 269 316 281 811 363
487 740 433 142 225 428 416 843 374 548 218 735 197 632 610 306 477 300 73 285 418 728 375 79 545 561 684 767 630 521 748 866 355 775 201 183 811 314 256 155 0 564 121 869 890 709 704 324 661 130 380 555 314 854 192 787 636 423 490 429 293 416 505 469 421 916 462 400 175 156 733 742 684 259 711 704 312 135 421 332 269 945 508
320 243 187 646 367 691 838 643 216 403 346 911 368 517 924 257 409 420 584 726 566 665 392 634 344 869 825 649 68 47 973 699 385 552 363 544 359 250 600 496 564 0 462 718 1058 725 689 299 240 581 425 578 289 790 437 771 375 770 292 763 355 203 676 253 798 496 848 170 549 455 639 260 631 410 722 718 333 604 553 253 326 529 649
448 623 317 186 105 376 427 730 260 430 133 678 121 520 587 208 361 187 121 297 332 626 258 176 424 534 616 659 525 418 704 756 339 658 108 244 690 218 211 72 121 462 0 760 837 618 607 203 541 128 267 456 254 756 75 694 515 401 368 403 262 298 433 348 412 794 459 309 240 163 627 624 581 142 619 612 273 233 331 258 214 823 429
995 568 603 817 688 552 762 88 644 355 776 469 792 243 651 732 407 573 820 757 470 157 506 880 397 623 402 102 709 695 557 25 982 170 763 996 480 743 659 713 869 718 760 0 531 237 208 614 496 766 493 324 846 129 684 190 343 653 466 635 909 603 448 511 694 422 718 760 994 898 138 544 193 619 232 237 900 994 462 811 846 418 422
1236 1006 883 769 830 463 548 606 888 664 929 159 933 571 328 937 648 704 819 637 526 448 689 854 725 353 235 506 1080 1019 154 555 1162 648 905 1069 956 952 636 765 890 1058 837 531 0 356 399 815 906 759 657 480 1043 403 780 352 737 482 766 471 1080 872 411 805 502 936 485 1014 1062 1000 488 986 462 744 360 361 1083 1024 534 1024 1020 938 426
945 651 564 630 573 334 533 283 584 322 671 249 682 217 413 653 327 443 650 547 290 100 399 704 382 386 170 168 738 690 336 253 899 301 652 862 600 667 470 557 709 725 618 237 356 0 43 526 553 591 373 168 767 156 546 78 383 425 434 408 819 557 229 477 465 590 485 711 858 774 140 630 106 490 5 6 816 843 288 740 755 597 211
918 608 532 633 555 348 554 245 556 286 652 292 664 176 448 629 298 427 647 558 287 59 377 703 345 417 211 129 700 655 378 221 877 258 634 851 557 642 472 550 704 689 607 208 399 43 0 502 512 589 353 151 744 151 534 89 341 445 400 427 798 527 242 444 486 547 509 682 847 759 97 588 62 474 38 39 794 835 282 715 733 554 219
423 423 122 366 99 402 538 567 85 260 164 659 183 371 636 127 209 124 318 429 292 503 128 377 236 581 580 519 352 252 708 604 375 486 156 396 486 140 300 211 324 299 203 614 815 526 502 0 337 298 159 359 241 638 151 592 324 473 172 467 297 103 409 145 500 592 549 201 396 293 493 422 460 111 526 519 291 417 283 213 233 622 389
554 106 232 697 435 627 817 415 294 252 469 776 492 336 843 385 301 412 654 732 489 475 348 715 197 792 687 442 216 235 850 474 593 325 473 701 151 387 597 543 661 240 541 496 906 553 512 337 0 629 371 441 470 585 485 583 170 726 200 714 542 248 576 199 762 274 808 351 704 601 442 94 449 429 549 547 523 740 474 430 493 306 544
573 720 420 68 213 297 304 750 370 472 261 604 249 539 483 332 396 226 60 171 302 619 301 114 482 433 555 664 641 535 617 766 455 689 236 312 773 344 126 87 130 581 128 766 759 591 589 298 629 0 296 444 381 740 147 669 572 295 438 300 382 401 378 430 298 864 342 435 304 262 628 718 576 199 593 585 396 265 307 386 340 891 384
582 474 238 359 202 268 445 463 232 176 299 502 310 253 500 284 100 80 341 364 141 363 33 404 193 445 421 392 464 380 555 488 526 396 280 504 500 299 231 227 380 425 267 493 657 373 353 159 371 296 0 205 396 497 192 443 279 359 171 348 446 224 254 187 393 576 440 357 502 409 361 466 319 126 373 366 443 501 129 372 382 601 232
780 546 407 493 405 245 461 325 421 190 503 337 514 141 416 486 169 276 501 436 146 174 231 559 249 371 249 223 600 540 409 327 731 292 484 700 524 500 334 400 555 578 456 324 480 168 151 359 441 444 205 0 600 300 382 239 284 352 286 335 651 398 155 325 394 552 428 548 696 608 186 529 132 323 168 161 648 685 137 573 587 568 121
199 515 255 433 215 601 680 791 203 490 124 885 132 607 827 115 449 339 359 551 517 744 368 393 452 772 811 755 357 259 925 834 136 704 150 255 616 103 455 318 314 289 254 846 1043 767 744 241 470 381 396 600 0 878 277 834 528 646 382 645 71 248 632 340 661 744 709 123 261 176 731 526 701 300 767 761 55 321 510 39 45 777 618
1043 668 652 783 699 490 687 210 683 398 794 352 807 278 550 763 429 573 798 703 438 135 518 854 451 529 296 142 790 761 438 154 1013 274 777 999 592 775 623 700 854 790 756 129 403 156 151 638 585 740 497 300 878 0 682 82 419 581 515 563 936 649 385 560 620 546 637 807 995 905 151 645 178 621 152 159 930 985 433 847 872 545 366
476 573 272 215 72 326 414 654 223 356 154 621 154 445 550 200 286 111 169 292 264 551 183 231 354 495 554 583 496 390 653 680 383 583 128 317 631 213 179 60 192 437 75 684 780 546 534 151 485 147 192 382 277 682 0 621 445 369 302 367 302 253 371 287 387 730 436 302 313 228 551 572 506 67 547 540 308 309 262 270 245 758 364
1007 675 620 709 644 410 605 255 645 370 742 279 754 254 469 719 387 516 728 624 368 108 467 782 427 447 216 155 779 739 366 211 967 297 724 938 611 732 549 634 787 771 694 190 352 78 89 592 583 669 443 239 834 82 621 0 413 499 486 481 888 615 306 530 538 583 554 771 934 848 143 653 140 563 76 83 884 920 365 805 823 586 289
658 268 273 637 419 498 703 272 325 111 485 611 506 165 697 420 184 346 611 639 363 304 270 674 91 649 522 277 370 352 688 325 662 181 480 720 242 428 508 494 636 375 515 343 737 383 341 324 170 572 279 284 528 419 445 413 0 603 153 589 596 279 430 189 642 297 685 427 720 617 272 249 278 379 379 377 583 740 348 490 537 321 397
845 831 584 291 438 108 109 671 558 492 522 338 517 491 187 565 427 350 349 154 240 496 388 376 534 138 318 560 817 724 331 662 741 645 495 606 842 580 191 331 423 770 401 653 482 425 445 473 726 295 359 352 646 581 369 499 603 0 529 17 663 567 205 546 41 894 82 663 598 555 522 820 465 367 430 423 673 551 255 640 611 912 235
530 302 137 506 268 433 617 409 178 116 332 621 353 237 658 271 119 216 471 532 298 383 148 533 70 604 534 381 315 255 687 453 518 322 327 567 335 280 397 356 490 292 368 466 766 434 400 172 200 438 171 286 382 515 302 486 153 529 0 517 448 136 396 45 564 428 611 294 567 464 363 294 345 240 432 427 437 589 283 346 387 456 367
844 819 576 299 435 92 127 654 552 478 521 325 517 475 185 561 414 343 356 167 226 478 378 385 521 133 302 543 808 716 321 644 742 628 494 612 828 576 191 331 429 763 403 635 471 408 427 467 714 300 348 335 645 563 367 481 589 17 517 0 663 559 187 535 59 878 95 658 604 558 505 808 447 362 412 405 673 558 241 637 611 897 217
194 585 325 425 251 629 686 857 270 553 151 921 148 668 848 177 507 381 349 554 557 801 420 372 518 794 851 816 422 328 956 897 81 771 175 197 687 168 472 332 293 355 262 909 1080 819 798 297 542 382 446 651 71 936 302 888 596 663 448 663 0 317 669 407 674 816 721 194 204 139 791 596 757 338 819 812 23 272 552 111 64 848 658
394 324 18 469 193 487 638 544 48 251 222 721 245 371 721 144 230 217 417 532 365 516 190 475 206 666 637 517 251 157 778 590 383 456 225 457 399 150 401 314 416 203 298 603 872 557 527 103 248 401 224 398 248 649 253 615 279 567 136 559 317 0 478 92 596 515 645 157 459 355 498 326 476 213 555 550 304 493 353 211 259 546 454
826 683 491 409 418 105 315 466 486 326 518 253 522 296 267 528 278 293 439 317 116 291 287 487 379 218 183 355 709 632 300 457 751 444 494 673 673 542 253 364 505 676 433 448 411 229 242 409 576 378 254 155 632 385 371 306 430 205 396 187 669 478 0 426 246 707 276 609 667 596 317 668 259 332 233 225 672 640 126 613 608 723 34
485 295 92 498 244 455 629 452 137 161 299 658 320 282 683 231 156 215 457 536 322 428 158 518 113 629 572 426 282 214 721 497 475 364 296 535 344 239 402 344 469 253 348 511 805 477 444 145 199 430 187 325 340 560 287 530 189 546 45 535 407 92 426 0 579 447 627 249 536 432 408 290 390 230 475 470 395 561 308 303 348 476 398
859 867 613 284 457 149 68 713 584 531 537 364 530 533 191 585 465 378 348 140 279 537 421 368 572 149 351 602 847 751 348 703 750 686 510 605 881 599 207 343 421 798 412 694 502 465 486 500 762 298 393 394 661 620 387 538 642 41 564 59 674 596 246 579 0 934 49 685 597 560 564 857 506 391 470 463 685 545 294 657 624 953 276
816 258 502 931 692 786 997 336 564 407 738 840 760 412 967 657 482 639 899 937 656 491 564 962 383 923 756 429 450 502 924 396 866 289 739 973 137 660 806 783 916 496 794 422 936 590 547 592 274 864 576 552 744 546 730 583 297 894 428 878 816 515 707 447 934 0 974 624 975 871 451 237 490 667 585 586 798 1007 641 704 767 32 673
907 913 663 322 506 187 62 742 634 574 585 358 578 569 162 635 509 428 390 177 322 563 469 405 616 133 357 629 896 801 330 729 796 720 559 645 924 649 257 391 462 848 459 718 485 485 509 549 808 342 440 428 709 637 436 554 685 82 611 95 721 645 276 627 49 974 0 735 637 604 592 903 534 441 490 483 732 582 337 706 672 992 308
236 391 157 496 229 600 715 698 127 409 182 859 203 529 833 102 384 322 428 594 493 673 325 474 362 778 779 675 238 136 909 745 242 608 203 375 494 90 478 356 400 170 309 760 1014 711 682 201 351 435 357 548 123 807 302 771 427 663 294 658 194 157 609 249 685 624 735 0 379 285 656 402 633 296 710 704 174 433 483 85 157 657 590
375 764 472 315 307 598 589 957 410 651 237 905 215 751 785 318 588 423 249 459 571 864 487 236 633 737 849 894 617 515 921 987 230 879 240 9 854 317 426 304 175 549 240 994 1062 858 847 396 704 304 502 696 261 995 313 934 720 598 567 604 204 459 667 536 597 975 637 379 0 103 863 772 820 376 860 852 228 76 571 295 222 1006 667
332 663 369 294 209 538 564 858 307 551 133 841 111 654 742 216 491 332 219 431 492 773 391 235 530 691 779 799 524 419 866 890 198 779 137 102 751 216 369 234 156 455 163 898 1000 774 759 293 601 262 409 608 176 905 228 848 617 555 464 558 139 355 596 432 560 871 604 285 103 0 769 670 728 285 774 767 160 148 490 204 132 902 591
893 532 500 679 560 419 632 151 534 246 652 390 667 126 542 616 283 440 683 621 332 40 378 742 299 508 309 38 642 610 476 141 867 162 637 866 469 628 521 577 733 639 627 138 488 140 97 493 442 628 361 186 731 151 551 143 272 522 363 505 791 498 317 408 564 451 592 656 863 769 0 510 57 487 134 136 784 860 323 699 727 457 288
580 24 309 786 518 721 911 458 370 342 542 860 565 414 935 454 395 505 740 825 583 545 442 800 289 885 771 505 212 272 937 521 639 374 549 768 100 454 690 631 742 260 624 544 986 630 588 422 94 718 466 529 526 645 572 653 249 820 294 808 596 326 668 290 857 237 903 402 772 670 510 0 525 519 626 624 576 814 568 486 554 270 635
869 545 480 625 521 362 575 207 508 229 615 350 629 115 490 585 251 397 632 564 277 44 339 690 287 454 265 95 639 598 434 199 835 204 599 823 495 598 466 529 684 631 581 193 462 106 62 460 449 576 319 132 701 178 506 140 278 465 345 447 757 476 259 390 506 490 534 633 820 728 57 525 0 444 101 100 752 813 269 670 693 499 230
496 523 232 267 86 305 428 587 194 289 186 585 194 378 537 202 218 47 232 318 218 488 116 295 288 482 513 518 463 363 625 613 419 516 164 379 573 217 189 116 259 410 142 619 744 490 474 111 429 199 126 323 300 621 67 563 379 367 240 362 338 213 332 230 391 667 441 296 376 285 487 519 444 0 490 483 340 376 213 284 276 695 320
944 647 562 633 573 338 538 277 583 319 672 255 682 213 419 653 326 444 652 551 292 94 399 706 379 391 176 162 735 687 341 247 898 296 652 864 596 666 473 559 711 722 619 232 360 5 38 526 549 593 373 168 767 152 547 76 379 430 432 412 819 555 233 475 470 585 490 710 860 774 134 626 101 490 0 7 816 844 290 739 755 591 214
938 645 557 626 566 330 531 281 577 315 665 253 675 211 414 646 320 437 645 543 285 97 392 699 375 385 173 166 731 683 339 252 892 297 646 856 595 660 466 552 704 718 612 237 361 6 39 519 547 585 366 161 761 159 540 83 377 423 427 405 812 550 225 470 463 586 483 704 852 767 136 624 100 483 7 0 809 837 282 733 748 593 206
177 565 310 441 253 635 699 846 258 544 155 925 155 660 857 168 501 381 366 568 558 795 417 391 507 802 853 808 400 307 961 888 83 759 180 221 668 157 481 341 312 333 273 900 1083 816 794 291 523 396 443 648 55 930 308 884 583 673 437 673 23 304 672 395 685 798 732 174 228 160 784 576 752 340 816 809 0 296 553 94 63 830 660
450 808 508 260 321 562 530 963 446 662 271 869 248 754 735 360 594 421 205 405 552 857 492 177 650 689 819 893 672 567 879 989 306 890 267 86 892 362 391 285 135 604 233 994 1024 843 835 417 740 265 501 685 321 985 309 920 740 551 589 558 272 493 640 561 545 1007 582 433 76 148 860 814 813 376 844 837 296 0 554 351 279 1037 643
702 580 367 355 300 152 356 456 360 237 400 376 407 253 375 403 172 171 365 308 15 312 162 421 280 321 300 360 589 509 426 464 633 410 378 575 586 418 197 269 421 553 331 462 534 288 282 283 474 307 129 137 510 433 262 365 348 255 283 241 552 353 126 308 294 641 337 483 571 490 323 568 269 213 290 282 553 554 0 490 489 661 107
212 476 217 442 203 589 680 755 167 456 124 866 139 574 818 87 418 320 370 553 497 713 342 409 416 763 790 721 322 221 909 799 172 668 150 290 576 73 449 316 332 253 258 811 1024 740 715 213 430 386 372 573 39 847 270 805 490 640 346 637 111 211 613 303 657 704 706 85 295 204 699 486 670 284 739 733 94 351 490 0 73 737 597
234 545 269 389 189 571 641 795 212 490 91 861 94 604 794 116 443 318 315 511 495 737 356 347 457 740 789 752 394 293 897 835 144 710 117 217 641 109 419 281 269 326 214 846 1020 755 733 233 493 340 382 587 45 872 245 823 537 611 387 611 64 259 608 348 624 767 672 157 222 132 727 554 693 276 755 748 63 279 489 73 0 799 596
849 290 533 957 721 805 1017 334 595 430 769 847 791 426 980 689 505 665 927 960 676 497 590 989 409 938 764 433 483 535 932 392 898 295 770 1004 170 692 830 811 945 529 823 418 938 597 554 622 306 891 601 568 777 545 758 586 321 912 456 897 848 546 723 476 953 32 992 657 1006 902 457 270 499 695 591 593 830 1037 661 737 799 0 689
810 650 466 420 406 131 344 436 465 293 507 269 512 262 300 511 248 278 445 338 101 264 265 496 347 252 193 326 681 607 324 429 740 412 484 672 639 526 261 363 508 649 429 422 426 211 219 389 544 384 232 121 618 366 364 289 397 235 367 217 658 454 34 398 276 673 308 590 667 591 288 635 230 320 214 206 660 643 107 597 596 689 0
