327
0 641 614 291 357 308 561 447 427 645 240 165 183 444 584 886 82 718 750 702 533 167 590 307 567 362 181 368 588 454 289 660 730 349 576 321 82 417 645 143 492 845 744 346 394 520 246 756 225 329 548 630 421 514 373 332 354 171 572 109 323 658 643 445 456 515 730 222 302 689 332 185 632 199 183 735 658 385 98 480 305 328 415 450 366 76 722 389 483 406 499 636 553 334 696 418 739 558 146 653 315 620 51 68 644 298 371 495 333 121 423 502 419 150 711 639 549 885 191 739 798 334 299 260 340 311 202 272 401 349 758 408 610 378 605 558 638 378 302 422 351 441 540 667 635 600 311 329 461 462 358 223 638 388 248 178 312 105 476 664 670 283 616 573 864 127 569 575 571 386 380 382 312 551 352 484 798 463 519 512 316 86 742 723 132 590 400 344 679 449 506 255 357 261 436 691 79 149 449 288 798 344 437 251 698 296 695 48 91 381 61 203 391 498 514 532 671 245 464 454 788 856 243 537 386 308 429 627 79 616 504 319 402 348 658 408 264 457 340 254 433 473 191 572 420 333 626 48 373 372 667 378 327 664 466 620 450 312 286 372 295 635 602 658 624 140 161 398 605 376 314 348 586 386 288 857 736 376 227 431 209 85 463 424 183 257 707 368 248 241 319 601 232 735 321 384 738 371 575 740 297 392 243 567 145 325 168 756 253 896 286 352 650 832 570 433 794 149 497 188 372 531 498 813 558 680 555
641 0 39 638 537 356 924 653 456 579 484 508 462 577 530 374 615 468 299 199 204 508 870 849 740 887 691 353 56 217 357 351 369 624 498 767 600 742 474 672 836 289 208 299 351 615 419 559 423 362 605 39 517 298 654 751 517 663 756 746 330 280 101 611 486 302 251 418 606 231 818 558 554 450 513 504 579 834 734 404 466 432 539 1057 793 575 158 729 562 1020 327 560 836 318 532 362 193 793 756 277 373 88 661 608 248 391 553 661 347 540 246 144 708 784 74 291 418 349 803 113 365 556 669 861 684 379 776 503 286 743 188 1016 538 619 586 761 443 941 408 774 656 685 839 114 195 77 448 940 471 464 283 418 542 632 880 505 340 745 590 299 496 893 357 264 365 559 198 132 534 261 264 1008 623 913 733 635 355 315 303 144 738 668 129 325 743 149 277 373 448 699 443 571 748 489 707 350 608 517 440 509 268 635 500 793 350 801 99 682 550 603 702 817 258 851 129 566 393 398 498 200 182 354 571 346 306 480 490 802 602 76 607 848 867 293 549 637 901 388 897 387 213 864 824 81 588 826 215 689 691 269 448 525 787 348 571 73 673 792 871 511 497 954 390 601 197 678 612 375 417 404 529 404 193 341 788 327 131 654 520 373 712 667 576 413 770 564 117 691 423 712 921 67 411 145 961 492 390 369 555 161 517 887 397 479 698 927 672 454 501 391 526 740 111 265 379 356 401 525 613 511 321 534 309 389 291 55 165
614 39 0 601 532 338 885 652 456 541 469 477 433 578 542 364 593 492 277 179 212 477 831 814 701 872 673 315 27 208 335 374 341 617 460 754 570 703 438 639 797 285 195 277 313 620 400 582 393 348 612 68 516 306 616 714 511 629 717 720 298 305 131 611 446 263 231 392 596 205 804 525 569 421 480 527 542 798 706 409 429 395 537 1037 756 546 148 691 522 999 288 574 796 298 552 323 181 754 726 302 338 56 632 585 273 357 548 621 313 517 210 112 669 755 110 257 379 343 773 127 344 549 659 829 676 365 756 467 276 733 183 996 500 615 597 721 462 924 395 736 649 646 800 95 220 93 412 919 474 424 258 390 505 593 856 485 309 717 593 324 460 871 322 280 353 528 212 93 496 242 234 986 614 874 724 595 335 276 264 109 701 646 136 299 720 166 266 363 469 660 450 535 711 475 668 376 579 495 401 498 257 597 461 776 377 766 96 657 524 564 675 787 240 813 100 572 360 373 501 186 188 343 535 308 296 443 490 763 579 42 568 813 830 266 512 599 872 348 862 362 182 826 795 45 549 790 238 662 684 241 469 522 751 372 573 97 634 778 838 506 487 915 406 563 164 646 594 336 433 398 491 367 211 304 753 319 134 616 485 334 695 644 578 413 738 528 112 684 391 677 900 28 383 143 935 489 361 331 516 157 480 851 370 491 678 906 654 424 487 381 515 730 87 262 341 356 377 494 574 493 310 495 315 368 304 95 175
291 638 601 0 596 434 318 711 631 393 454 207 272 688 796 756 361 886 621 611 623 206 314 238 276 646 472 285 582 531 390 798 567 616 347 613 215 140 431 163 232 745 656 421 291 765 404 946 279 475 786 645 648 648 81 113 585 131 280 360 331 769 684 699 237 389 618 326 567 582 623 134 843 264 181 911 407 196 295 659 172 206 649 684 155 246 654 114 226 637 363 848 275 431 889 292 657 270 258 764 271 580 250 343 746 255 614 208 296 346 393 498 130 313 712 504 357 767 280 704 648 581 580 300 621 463 485 136 512 638 684 643 368 641 830 266 813 648 475 159 625 149 266 612 716 631 189 571 668 255 411 306 397 102 473 392 323 313 720 782 450 534 451 690 732 193 657 526 328 455 397 596 581 306 639 201 653 348 392 494 100 378 696 578 409 655 502 503 848 158 699 74 113 480 146 823 214 363 258 518 693 55 213 538 828 181 652 328 291 105 308 291 462 244 515 761 492 355 680 514 729 726 80 382 508 157 645 335 351 582 231 230 228 387 417 121 397 297 286 351 436 239 332 556 150 195 717 300 652 403 838 612 152 800 705 650 159 603 289 600 520 376 764 400 532 171 437 273 776 557 112 235 671 298 169 741 686 85 138 290 501 377 704 610 232 79 656 648 244 107 571 577 302 677 494 604 568 271 325 674 120 252 323 765 437 576 458 562 478 761 524 640 597 740 395 592 628 204 221 412 500 287 636 656 686 690 627
357 537 532 596 0 235 902 134 106 840 143 391 335 91 232 888 277 391 774 690 345 393 911 664 850 385 252 485 506 324 274 372 798 88 752 252 398 736 791 490 823 815 719 303 513 168 215 410 349 201 192 507 68 270 668 670 21 509 860 400 384 403 483 106 653 600 736 297 91 699 310 462 278 349 420 399 850 735 441 178 509 506 57 593 710 360 678 709 712 567 600 282 872 274 350 546 708 862 499 399 435 569 408 289 406 433 19 765 431 255 450 454 725 485 584 695 692 872 541 651 837 30 154 609 154 194 339 504 257 215 714 559 796 82 247 850 312 454 163 750 121 733 863 621 425 466 501 498 124 646 332 319 818 671 484 204 380 438 123 400 820 457 712 333 872 404 370 551 766 316 382 579 100 891 204 745 833 559 604 475 654 306 666 771 358 415 270 176 355 745 179 532 690 117 738 405 403 234 622 78 782 637 645 325 413 651 628 361 310 652 397 550 314 833 454 174 770 278 115 349 719 862 522 644 239 521 86 917 278 558 749 676 755 349 836 688 577 599 697 291 414 815 522 508 675 688 406 391 154 364 341 24 676 377 110 481 736 287 640 30 78 969 296 859 633 490 207 535 287 133 559 505 385 495 642 846 666 671 473 566 254 305 108 136 540 530 645 154 398 584 470 536 329 676 585 52 814 502 779 689 536 749 314 226 287 476 243 857 118 903 73 211 607 794 688 186 854 392 746 185 227 736 253 859 306 549 384
308 356 338 434 235 0 752 369 216 613 132 234 168 312 373 671 265 452 549 473 224 235 739 577 654 534 335 255 311 148 47 371 566 305 523 420 295 571 558 387 666 608 508 70 282 380 65 512 155 43 391 337 255 219 491 532 215 392 666 403 153 355 339 337 432 365 515 110 273 476 468 308 419 171 256 476 621 610 407 227 304 292 267 701 575 260 473 548 499 664 365 425 699 42 456 315 498 679 445 350 212 362 342 261 339 216 254 566 202 192 216 239 551 458 419 463 459 659 493 465 610 240 329 558 353 41 420 313 93 406 510 661 568 312 416 660 378 586 72 593 333 550 694 414 327 302 292 585 251 423 99 128 589 485 531 150 151 414 339 365 586 538 477 271 653 273 261 333 540 97 148 656 291 741 398 544 607 324 369 257 516 318 474 541 392 283 91 74 414 563 271 361 543 143 560 398 304 166 397 175 569 462 429 437 404 545 431 342 219 461 368 506 98 678 244 357 535 80 270 156 526 644 354 409 80 319 241 722 254 353 540 583 636 114 605 500 573 368 620 83 186 672 500 304 475 578 319 356 369 130 403 236 552 373 320 321 547 441 578 220 167 808 329 632 408 391 256 307 341 135 365 285 277 264 533 632 471 493 297 335 357 316 322 184 471 357 446 367 196 461 565 334 131 476 619 212 581 274 555 486 344 643 111 336 343 571 316 622 154 685 192 404 398 589 453 158 624 245 539 155 68 513 205 631 261 386 248
561 924 885 318 902 752 0 1006 946 485 764 522 588 993 1110 950 642 1204 830 851 935 521 107 303 243 866 735 577 870 844 708 1115 752 909 500 870 504 185 580 418 88 966 894 737 574 1070 720 1263 597 792 1094 938 958 965 273 231 893 394 229 585 642 1083 983 1000 449 638 843 643 861 814 864 448 1158 582 498 1229 496 182 517 976 472 501 957 827 195 542 906 205 383 784 610 1163 113 748 1206 561 899 171 456 1078 578 854 511 626 1058 564 918 284 601 647 688 792 216 504 995 724 555 972 442 971 836 884 860 406 902 781 718 447 829 906 929 795 490 936 1142 211 1131 843 791 159 913 239 99 875 1025 930 489 741 982 472 725 624 511 292 645 699 636 531 1025 1097 584 719 654 1005 926 499 968 799 463 770 705 731 872 11 910 307 844 611 639 784 248 641 958 779 643 962 819 820 1166 226 1015 391 212 789 217 1138 500 668 490 825 916 298 430 773 1144 278 917 581 591 321 550 444 777 74 810 1072 672 672 993 824 980 924 398 610 825 456 957 233 636 859 346 284 180 700 524 286 519 542 312 669 738 88 495 843 338 244 1028 548 934 713 1156 919 235 1117 1012 948 254 851 370 909 828 81 1082 476 782 420 721 549 1094 874 405 525 982 586 282 950 946 272 455 551 760 640 1010 927 410 396 918 930 561 320 753 858 620 933 615 915 745 559 446 926 422 213 641 1081 694 756 726 712 785 951 829 909 862 968 602 910 801 517 336 717 818 437 954 835 1003 979 936
447 653 652 711 134 369 1006 0 197 973 269 511 460 78 226 1013 365 410 903 817 453 513 1024 748 973 353 297 618 627 447 408 429 930 97 885 227 502 848 925 588 932 937 843 436 646 101 347 398 478 334 136 620 136 366 786 774 153 612 981 462 518 477 588 44 784 734 864 426 145 827 282 578 259 475 540 407 982 832 516 259 637 637 114 573 812 467 800 821 841 557 734 260 985 407 344 679 831 979 578 474 567 693 499 380 487 565 114 889 564 364 583 582 841 553 693 827 826 995 614 766 967 135 163 680 130 327 367 629 384 174 835 547 929 69 209 971 341 429 297 860 102 853 975 744 517 579 630 500 190 778 465 448 952 791 513 321 513 509 82 470 954 468 846 422 998 517 472 679 898 447 516 581 135 995 162 870 962 693 738 604 758 378 783 902 410 520 398 307 381 864 236 651 796 245 855 460 506 348 755 205 907 755 775 333 468 743 748 438 419 774 474 621 444 940 580 149 904 410 165 474 836 988 640 778 366 649 163 1038 370 681 876 762 849 483 969 810 627 732 775 423 546 918 585 632 800 780 496 471 102 497 367 135 774 434 94 591 856 267 713 151 208 1076 348 991 762 587 286 668 330 257 683 637 484 629 735 969 784 789 595 699 285 378 87 240 622 649 765 107 528 686 470 659 459 795 614 165 946 635 910 809 661 838 445 249 340 475 298 990 242 1029 193 169 731 915 822 297 986 510 873 301 356 867 351 989 393 658 493
427 456 456 631 106 216 946 197 0 827 188 423 359 121 164 819 353 295 714 625 255 425 943 731 867 491 350 470 432 254 263 267 749 190 737 358 452 771 765 547 863 741 649 271 496 172 228 328 361 174 176 422 61 171 696 717 93 562 878 487 368 297 391 155 649 566 673 309 196 638 416 498 212 369 450 309 835 788 519 72 517 508 84 698 759 413 605 746 715 672 571 217 904 244 268 529 637 887 573 294 429 499 475 361 302 432 112 779 418 312 413 394 755 566 495 647 669 800 618 568 780 135 260 686 257 177 440 522 198 318 639 664 782 175 201 871 215 561 157 789 223 758 897 549 325 381 507 602 36 639 299 331 801 694 582 254 367 519 138 294 793 560 675 231 805 448 275 489 756 270 348 682 207 934 307 758 774 531 569 417 700 391 585 718 451 322 213 142 257 770 80 561 733 166 766 299 459 285 613 142 712 665 645 430 307 710 551 440 363 671 475 628 266 874 390 141 731 284 54 284 639 795 553 613 184 532 34 935 350 487 756 741 811 322 817 710 666 582 767 292 368 862 606 438 689 746 305 467 252 329 244 84 729 271 118 393 757 393 714 76 133 1007 192 847 576 549 294 522 186 81 576 501 288 478 700 775 587 698 498 549 355 390 122 43 611 558 568 254 407 636 575 465 338 599 682 55 767 490 770 613 554 810 319 140 382 580 339 815 174 835 150 314 537 719 658 100 802 428 754 240 178 730 155 802 203 460 295
645 579 541 393 840 613 485 973 827 0 705 495 525 924 973 479 693 993 378 433 687 493 389 611 242 1007 810 357 539 615 569 880 287 892 90 945 563 371 115 549 421 515 467 556 330 993 625 1074 498 654 1003 608 868 758 329 458 823 517 257 736 459 823 669 946 193 288 406 547 849 390 969 460 1015 507 469 1026 13 513 679 821 349 340 879 1073 476 577 496 383 168 1027 271 1021 371 582 1030 298 476 314 649 819 405 491 619 675 792 408 860 220 410 644 426 497 334 704 634 302 167 506 674 578 366 838 885 690 921 654 848 374 642 955 507 1031 45 909 1022 274 939 1022 681 403 913 293 385 488 744 620 350 956 860 195 530 526 37 299 861 665 462 696 952 841 107 916 226 768 456 520 709 448 76 565 484 987 867 477 953 208 376 304 286 478 458 727 558 325 777 680 626 685 962 298 868 396 433 728 318 892 567 646 218 768 469 342 209 895 895 553 530 691 602 288 681 685 571 436 512 968 215 562 882 584 562 456 407 238 650 343 854 276 678 502 169 597 543 505 41 284 791 245 653 549 481 474 725 512 242 551 757 670 946 501 957 846 504 880 933 632 273 946 673 831 764 473 882 22 388 557 752 306 904 746 331 336 716 349 544 488 545 326 419 278 840 726 935 791 626 392 523 943 449 499 954 513 515 526 888 825 275 339 70 513 348 582 527 929 785 959 792 230 732 477 781 956 481 523 200 748 325 506 180 684 652 114 755 360 780 632 668
240 484 469 454 143 132 764 269 188 705 0 248 191 234 350 803 172 477 679 605 326 250 769 542 707 403 210 354 441 269 155 425 690 188 619 288 264 594 664 359 683 740 640 201 383 311 84 517 208 123 332 462 194 285 525 533 131 375 716 312 259 431 456 249 515 482 646 157 148 606 336 320 398 206 277 494 715 601 335 239 367 367 195 579 574 225 605 568 571 545 478 403 729 174 457 416 631 719 386 426 301 495 287 177 423 297 162 622 301 123 340 372 582 384 543 588 564 792 432 595 739 134 199 501 226 105 300 361 202 275 642 540 662 203 378 707 397 457 79 610 211 590 721 546 424 424 361 467 223 510 228 179 685 527 426 66 252 337 266 435 692 421 595 348 785 265 360 465 630 229 274 542 166 752 269 602 736 436 486 390 516 217 605 669 287 393 208 121 439 602 266 389 551 25 595 456 270 97 487 65 701 494 506 310 464 522 563 259 175 508 292 443 230 693 376 308 653 144 230 284 657 775 379 522 182 379 195 773 166 486 607 552 623 238 703 545 490 468 579 158 317 678 425 436 532 558 411 282 246 257 426 157 542 428 250 442 592 309 527 145 65 828 363 723 539 360 134 403 365 137 415 369 376 367 512 764 602 528 329 435 229 216 250 183 423 386 578 244 258 450 445 465 190 608 521 151 704 370 642 619 393 621 178 328 227 451 193 741 27 817 76 274 531 722 564 198 750 250 604 52 166 598 268 759 329 509 358
165 508 477 207 391 234 522 511 423 495 248 0 66 483 588 724 197 685 587 545 443 2 521 351 461 516 314 204 453 354 195 605 564 420 419 450 97 347 484 165 439 688 588 239 229 560 197 741 89 272 580 505 441 453 276 298 379 162 469 272 179 584 530 496 302 351 569 123 373 528 474 74 636 65 29 709 507 375 238 454 146 165 443 616 341 89 571 322 342 571 334 641 481 240 684 253 584 470 249 579 153 475 163 180 564 136 410 378 174 153 273 365 334 283 581 475 386 725 295 598 633 379 397 352 435 259 361 123 321 464 606 573 456 442 622 459 610 540 268 365 434 342 474 518 543 481 149 494 460 305 239 108 483 279 411 190 168 252 515 595 510 449 451 501 702 50 479 425 419 278 245 545 388 511 462 361 634 299 355 370 281 236 597 559 296 488 313 298 647 353 492 140 311 274 346 631 104 163 288 313 639 245 286 404 638 313 550 213 107 262 218 309 284 450 379 554 506 154 472 344 640 694 130 372 312 152 437 526 183 472 371 354 402 220 503 298 399 292 396 153 295 440 321 433 291 345 540 204 464 242 636 405 317 607 499 501 345 451 364 393 314 583 563 510 465 170 258 233 574 351 175 183 495 222 301 697 589 279 83 266 345 235 499 404 261 138 560 461 89 227 484 460 109 586 473 397 573 206 426 589 154 410 129 558 291 490 296 591 273 734 321 465 501 676 405 390 629 17 366 210 302 381 440 648 494 554 456
183 462 433 272 335 168 588 460 359 525 191 66 0 425 524 706 186 618 572 520 381 67 583 413 515 505 297 198 407 293 130 539 560 372 443 424 139 411 500 223 504 662 561 178 227 501 131 674 42 205 520 454 380 387 337 365 321 225 525 292 140 520 474 440 332 344 549 57 326 508 455 141 571 19 90 642 536 441 272 388 178 185 384 627 408 113 539 386 382 585 332 576 544 176 617 256 556 529 296 515 141 437 198 172 501 128 354 430 154 122 240 321 395 322 533 464 399 704 343 557 623 325 359 405 396 192 358 169 256 430 575 585 484 392 559 516 543 538 203 431 390 400 537 483 482 428 175 506 396 330 183 46 509 337 431 140 129 284 457 530 527 459 451 436 685 107 417 391 449 219 199 564 343 577 428 411 622 292 348 329 348 234 559 549 304 429 249 232 580 413 427 202 377 217 407 565 148 121 310 257 616 306 320 395 572 378 512 229 98 317 243 357 224 516 333 492 509 87 409 286 605 677 193 373 247 189 375 582 171 433 416 417 468 168 528 354 439 303 457 89 251 507 362 390 341 410 477 229 422 192 569 347 384 541 440 448 401 430 420 334 256 648 496 542 442 228 230 238 507 285 224 194 433 215 366 676 552 339 139 272 327 233 440 338 315 198 524 419 79 293 492 418 50 552 503 336 571 207 459 556 201 475 67 493 283 498 278 596 218 718 266 431 467 648 411 323 623 77 413 160 236 414 374 640 428 504 396
444 577 578 688 91 312 993 78 121 924 234 483 425 0 166 940 363 344 833 745 375 485 1002 751 941 413 319 567 553 374 355 353 864 117 835 281 488 827 870 580 915 863 770 376 594 77 302 346 437 274 103 543 61 287 759 761 104 600 950 478 465 399 510 34 739 674 793 385 152 757 338 553 207 439 511 346 933 825 523 180 597 593 44 630 800 451 726 801 800 610 677 210 963 347 288 627 758 953 584 396 519 620 495 375 409 519 74 855 513 345 522 512 816 565 615 762 772 921 624 689 898 110 197 691 176 270 400 594 314 232 761 600 879 88 167 941 271 487 242 842 141 824 954 670 438 502 589 547 111 731 405 407 901 762 547 295 462 519 32 392 898 511 785 343 926 496 393 608 850 382 455 628 151 982 220 835 892 636 678 535 744 386 707 835 431 442 329 244 313 836 158 623 781 208 829 384 493 325 707 169 833 728 732 375 393 739 673 444 401 742 480 632 379 924 509 95 842 364 86 403 760 916 613 720 298 610 87 1007 365 608 838 763 844 425 917 779 651 680 781 376 481 906 601 559 765 776 417 475 159 436 299 78 766 358 24 514 826 320 723 93 168 1060 272 943 694 579 288 618 256 189 649 591 405 576 730 896 708 762 564 647 314 386 19 164 626 621 690 162 486 675 518 586 416 720 649 99 882 585 864 735 626 837 400 179 359 523 315 928 209 956 164 227 658 840 764 221 918 484 835 276 289 821 273 921 314 580 415
584 530 542 796 232 373 1110 226 164 973 350 588 524 166 0 904 507 184 816 720 329 590 1107 890 1028 577 481 621 522 369 421 226 864 284 883 447 615 935 902 710 1028 818 736 419 645 132 392 180 523 330 101 491 164 236 859 881 231 725 1039 633 521 290 443 190 802 700 771 473 313 741 504 662 48 533 614 180 980 952 672 152 678 666 176 796 923 576 688 910 871 777 709 52 1068 395 121 677 722 1050 729 289 584 593 633 516 311 589 224 940 571 473 550 508 919 717 549 765 811 880 772 633 882 260 363 840 343 337 564 685 331 396 718 767 928 255 56 1033 123 652 321 954 308 921 1061 638 354 453 666 714 128 790 444 494 945 856 711 416 521 670 146 277 930 677 804 267 894 612 332 596 904 408 489 795 315 1099 384 918 875 671 703 530 865 538 655 828 590 382 347 299 157 934 105 726 897 326 929 252 621 448 764 296 798 829 800 542 260 872 629 592 525 834 627 781 402 1038 499 76 857 446 120 401 706 884 717 750 323 693 156 1096 506 579 913 901 974 469 960 872 809 728 925 453 498 1026 754 536 849 909 331 621 323 472 145 208 892 231 142 458 919 486 869 213 289 1172 152 994 684 710 439 672 126 240 738 656 338 627 862 857 659 862 662 697 478 537 148 189 768 722 647 326 569 800 685 557 500 675 813 200 883 642 920 692 716 971 481 50 518 690 474 937 333 921 298 391 628 794 794 225 911 593 912 400 323 881 231 906 239 517 366
886 374 364 756 888 671 950 1013 819 479 803 724 706 940 904 0 890 832 137 197 576 722 864 994 715 1197 989 519 387 566 651 717 198 969 450 1091 820 802 372 859 875 94 169 601 497 984 723 923 664 692 977 413 878 671 729 857 867 837 731 995 570 644 467 972 525 377 158 686 942 199 1135 740 928 689 713 867 471 931 961 773 611 578 898 1334 889 810 216 802 573 1291 399 934 840 628 902 480 182 785 961 642 571 319 886 877 614 588 905 667 553 817 471 434 762 1004 369 254 405 38 1001 280 114 901 1000 1042 1023 705 1062 654 630 1077 186 1291 462 970 960 745 815 1239 737 837 999 725 852 269 562 451 598 1212 838 504 574 675 446 698 1134 801 580 976 956 662 373 1166 306 638 24 771 572 338 487 577 531 1268 960 941 1069 646 106 428 373 414 850 940 255 178 1011 523 617 713 816 735 815 713 841 814 751 711 827 802 497 843 106 725 549 1091 709 937 274 933 805 674 942 1015 577 891 433 937 278 678 865 538 212 29 720 373 648 618 853 755 874 331 605 986 964 569 438 693 1115 460 1042 664 485 921 1038 380 637 949 584 928 1035 547 818 880 902 714 937 446 706 1109 1039 864 833 949 763 495 266 867 912 501 790 756 648 551 567 502 925 48 248 728 691 474 1015 939 941 775 957 707 257 1034 637 857 1199 354 664 230 1196 848 206 521 505 212 649 997 660 853 984 1205 969 252 825 18 860 1075 282 119 362 718 154 741 615 814 660 515 679 119 665 394 538
82 615 593 361 277 265 642 365 353 693 172 197 186 363 507 890 0 647 757 700 486 200 667 387 635 320 117 385 566 414 258 597 747 267 617 255 146 493 680 224 571 841 740 316 413 438 200 681 227 278 467 600 343 456 441 411 275 249 641 141 320 601 605 363 500 531 732 205 220 691 276 241 554 205 223 662 704 467 165 410 344 361 335 447 447 119 713 465 536 406 518 558 629 299 620 441 733 631 222 596 328 606 133 18 591 314 290 559 341 76 419 484 491 213 682 651 581 886 265 720 809 253 220 333 261 259 172 318 355 276 750 405 654 296 525 628 567 351 243 500 270 510 617 655 587 567 346 327 385 502 334 215 681 454 266 118 309 165 395 606 706 279 638 518 869 177 521 566 617 354 366 392 230 632 277 545 809 479 535 497 395 52 725 735 127 548 356 287 609 519 433 315 435 189 508 628 147 99 486 212 796 412 483 208 636 378 680 87 92 443 121 275 358 577 493 452 695 219 387 420 774 861 303 559 338 350 352 697 15 600 562 400 484 330 701 473 318 485 419 232 417 554 253 553 479 415 576 113 293 355 596 299 409 601 385 586 517 253 362 293 220 714 535 707 624 221 79 423 535 310 367 375 538 402 370 858 720 445 275 456 147 51 382 354 263 316 693 289 263 321 310 583 225 722 354 307 757 392 623 729 347 474 230 492 96 316 99 781 179 902 208 278 639 826 595 370 810 186 555 122 322 579 439 826 500 650 513
718 468 492 886 391 452 1204 410 295 993 477 685 618 344 184 832 647 0 767 668 305 686 1186 1016 1088 758 643 664 480 381 495 117 832 458 903 626 732 1022 906 828 1117 740 674 471 682 315 492 91 606 413 283 429 324 243 939 983 384 838 1101 782 574 188 368 371 844 706 720 562 480 698 683 759 163 623 708 35 998 1060 812 238 744 724 342 974 1027 694 623 999 918 953 722 165 1147 457 87 710 659 1121 864 191 640 548 763 654 220 650 389 1000 622 599 571 498 999 861 462 743 825 802 910 552 833 421 536 978 521 426 731 761 377 577 647 944 948 432 217 1098 80 832 423 1045 485 994 1143 583 273 399 730 887 267 828 489 580 961 930 875 541 578 813 328 169 932 848 796 225 826 719 287 568 931 446 524 968 485 1192 564 976 824 690 709 519 967 686 576 791 746 327 389 387 38 1008 215 812 995 458 1007 120 740 571 801 438 730 911 847 714 123 990 563 734 646 904 768 921 439 1130 484 260 843 532 276 411 622 816 806 757 379 760 305 1156 643 534 963 1024 1085 516 973 944 961 757 1055 535 514 1124 900 502 911 1024 253 760 503 510 51 366 1001 120 322 396 989 664 1004 365 428 1258 122 1015 653 830 589 710 113 343 809 708 284 664 979 783 584 941 748 729 645 685 328 294 899 808 580 507 644 910 859 515 583 603 976 347 853 685 950 622 789 1089 562 167 676 864 633 914 467 850 446 572 578 714 799 295 869 694 965 529 386 916 251 858 213 438 329
750 299 277 621 774 549 830 903 714 378 679 587 572 833 816 137 757 767 0 99 487 586 749 859 602 1068 859 383 294 459 525 650 95 852 332 966 683 674 264 721 751 137 106 479 359 884 598 858 530 575 880 338 771 579 598 724 753 700 618 859 438 579 400 864 394 240 47 555 823 76 1008 603 845 554 576 803 373 800 824 676 474 441 790 1200 758 674 153 672 448 1156 262 851 723 507 829 343 120 669 823 576 435 223 750 744 547 452 792 546 418 685 342 321 634 866 321 117 276 146 863 239 66 785 878 905 903 586 929 517 519 955 145 1157 353 856 871 630 739 1108 618 709 882 599 733 184 494 370 460 1078 737 372 451 543 342 568 998 673 448 839 853 598 273 1031 177 557 114 634 490 224 371 459 405 1132 841 821 948 523 59 290 236 299 717 807 214 53 876 444 505 598 746 610 720 577 709 693 625 650 691 672 363 724 90 592 417 961 649 802 209 798 671 543 806 877 460 768 324 841 164 549 764 430 197 107 583 238 536 481 748 648 742 237 484 851 833 442 339 564 977 324 907 535 363 795 901 280 508 815 514 792 918 421 746 768 769 648 833 371 581 982 902 752 715 836 684 397 141 730 783 363 711 646 512 414 488 365 790 121 202 597 554 337 886 805 837 671 820 570 194 916 502 721 1065 259 531 180 1059 738 113 383 390 162 513 865 529 765 852 1071 839 178 703 146 741 953 190 144 231 615 103 604 493 687 547 393 585 90 581 336 452
702 199 179 611 690 473 851 817 625 433 605 545 520 745 720 197 700 668 99 0 390 544 779 844 636 1002 795 346 197 370 455 550 177 771 370 894 642 683 319 692 768 142 45 404 328 792 527 759 477 494 787 239 683 484 602 720 669 674 653 811 380 479 300 777 403 222 52 494 745 42 939 572 748 503 538 703 430 800 783 583 450 415 703 1146 757 628 63 678 469 1104 249 753 750 431 730 320 47 700 790 477 391 127 708 688 447 410 708 570 371 625 280 236 645 829 225 132 299 187 833 150 165 704 803 880 825 507 870 493 433 879 77 1104 400 773 775 662 641 1046 540 718 802 614 757 84 394 271 435 1025 646 380 378 485 395 573 951 607 391 797 763 499 334 978 209 459 181 594 392 140 409 379 336 1084 763 841 871 545 156 264 219 216 711 751 127 131 823 345 420 515 647 626 626 558 709 617 639 550 650 609 365 646 97 590 424 898 550 790 112 749 618 546 760 847 379 784 236 747 223 484 672 342 131 171 562 241 451 460 659 689 684 140 509 839 833 374 396 573 943 317 893 470 289 807 865 186 517 807 414 746 838 351 647 683 762 548 743 272 597 913 881 667 635 866 585 453 80 700 718 340 612 559 499 386 390 329 777 159 114 601 525 321 821 749 747 581 792 551 99 837 456 705 1010 162 475 94 1018 651 198 352 430 80 495 862 469 669 792 1016 775 264 628 212 663 877 91 131 253 525 202 562 518 618 463 423 491 189 483 238 354
533 204 212 623 345 224 935 453 255 687 326 443 381 375 329 576 486 305 487 390 0 444 904 794 795 716 536 369 192 91 251 193 539 434 598 589 517 750 600 605 847 493 407 204 384 410 287 389 354 208 401 168 316 94 663 730 326 605 809 626 293 148 137 409 544 400 441 325 423 412 644 510 358 378 458 339 692 811 632 199 463 438 339 905 773 483 360 730 621 871 416 364 866 205 351 409 394 834 669 142 357 263 566 484 123 371 359 708 335 416 268 192 722 683 240 444 519 554 717 314 553 368 489 782 498 227 627 488 132 558 392 866 642 425 385 808 259 778 247 777 467 711 864 308 102 127 447 794 267 527 211 335 655 649 750 367 299 638 387 163 627 748 492 80 565 488 36 271 627 167 232 869 439 924 548 683 545 385 403 214 714 537 333 501 610 69 133 205 276 725 239 549 735 323 727 210 525 389 500 332 470 637 550 634 214 757 303 566 444 622 593 730 160 860 180 361 541 296 294 112 386 555 544 451 148 480 289 862 475 250 666 798 840 235 667 660 797 454 838 292 212 862 725 208 622 787 96 581 500 222 272 330 756 193 368 138 704 618 800 317 320 981 201 709 358 609 461 412 227 216 531 418 52 367 744 530 336 664 487 427 553 535 373 214 693 543 320 500 379 669 771 228 334 349 841 297 559 390 646 366 513 852 314 279 553 777 520 617 336 593 349 555 299 470 493 159 583 457 669 367 163 613 104 577 96 205 39
167 508 477 206 393 235 521 513 425 493 250 2 67 485 590 722 200 686 586 544 444 0 519 351 459 518 317 203 452 354 195 606 563 422 417 452 98 346 482 165 438 686 587 239 228 561 198 742 89 273 582 504 443 454 274 297 381 162 467 273 178 585 530 498 300 349 568 124 375 527 476 73 637 65 27 710 505 374 239 455 144 163 445 617 340 90 570 320 340 573 332 642 480 240 685 251 583 468 250 580 152 474 164 182 565 134 412 376 173 155 272 364 332 285 581 473 384 724 296 597 632 381 399 353 438 260 363 121 321 466 605 575 454 444 624 457 611 542 269 364 436 340 472 517 543 481 147 496 461 302 239 109 481 277 412 192 167 253 517 596 508 451 449 502 700 51 480 424 417 278 244 546 390 510 464 359 632 297 353 369 280 238 596 557 298 488 314 300 648 352 494 138 309 276 344 632 106 165 286 315 638 243 284 406 638 313 549 215 109 260 219 310 284 449 378 556 504 154 474 344 639 693 128 370 313 150 439 524 185 471 369 354 401 220 501 296 400 290 396 154 294 439 322 432 289 344 540 206 466 242 637 407 316 608 501 501 343 453 364 395 316 582 564 508 464 171 260 231 575 352 173 181 495 220 300 696 588 277 81 264 347 237 501 405 262 136 559 463 87 226 486 459 109 585 474 398 571 205 424 588 151 409 129 560 294 492 298 589 275 732 323 467 500 675 403 391 627 18 364 212 303 379 441 646 495 553 456
590 870 831 314 911 739 107 1024 943 389 769 521 583 1002 1107 864 667 1186 749 779 904 519 0 374 148 919 770 536 819 815 693 1090 666 928 416 909 523 175 491 447 106 886 821 714 528 1080 715 1251 585 781 1101 888 962 944 248 262 900 419 132 632 613 1052 938 1013 385 574 766 634 880 740 909 449 1155 574 493 1213 400 245 563 967 442 465 964 902 239 557 837 203 312 857 547 1160 39 729 1196 510 826 79 506 1047 547 795 542 650 1025 536 928 211 568 660 645 747 188 558 939 649 480 887 501 907 749 896 888 477 929 771 765 425 808 940 857 867 401 954 1143 118 1116 904 786 168 936 192 49 811 988 884 457 807 980 408 698 614 419 255 709 707 609 578 1035 1067 493 781 575 977 840 507 935 742 377 743 672 806 893 104 942 236 758 554 575 736 276 674 892 696 688 924 796 811 1149 178 1008 381 234 795 179 1111 520 678 430 833 837 277 370 820 1116 335 854 617 604 282 590 506 750 108 764 1075 587 662 993 791 910 838 391 541 807 426 959 126 658 801 269 354 255 672 430 243 592 483 393 656 698 152 557 791 284 308 993 585 961 682 1140 926 283 1091 1020 901 200 893 444 914 835 86 1064 379 714 452 745 501 1079 867 376 486 947 542 335 866 879 245 444 497 797 674 1019 920 463 385 853 956 543 351 817 803 608 865 691 918 657 516 359 856 396 295 628 1074 730 820 758 619 793 863 839 942 799 890 527 897 712 519 262 726 801 357 934 746 979 926 900
307 849 814 238 664 577 303 748 731 611 542 351 413 751 890 994 387 1016 859 844 794 351 374 0 427 565 458 505 792 705 543 947 806 651 579 584 284 252 665 190 268 981 890 590 518 826 526 1059 441 609 854 850 728 796 283 153 660 189 423 296 522 933 879 750 475 625 855 470 605 817 571 291 938 416 340 1035 625 129 234 778 395 430 722 527 146 322 884 233 451 483 599 943 348 589 1000 524 889 381 170 927 476 802 256 375 914 457 677 398 501 419 604 705 282 208 923 741 596 1005 143 926 887 641 591 103 631 593 425 352 668 625 915 493 594 681 912 403 937 539 592 231 648 323 329 838 894 829 411 437 765 493 590 458 622 315 341 476 512 243 783 942 681 416 690 849 970 306 830 748 555 629 590 432 613 296 631 404 892 580 628 705 153 370 921 817 355 839 662 631 977 321 808 286 181 565 301 975 276 446 497 594 929 277 451 479 982 58 875 309 370 331 274 142 636 266 720 839 730 499 770 695 957 965 283 621 658 384 734 462 386 802 442 19 123 570 641 328 218 534 48 502 637 224 193 769 375 68 890 277 664 591 965 685 108 949 772 849 342 560 70 678 601 384 897 614 765 186 464 504 903 672 347 459 846 521 69 979 912 286 329 525 479 370 770 723 125 293 882 660 427 139 449 793 460 905 316 690 806 495 548 904 349 95 479 871 414 452 453 798 557 1000 593 629 822 975 634 723 866 337 431 491 646 515 781 895 839 898 807
567 740 701 276 850 654 243 973 867 242 707 461 515 941 1028 715 635 1088 602 636 795 459 148 427 0 920 748 425 691 709 607 986 518 880 269 889 490 176 343 436 189 739 676 618 411 1017 642 1159 506 697 1034 761 894 845 194 281 837 404 16 632 514 941 815 956 255 439 620 559 833 596 899 397 1074 502 432 1117 253 308 565 881 350 364 899 938 281 518 695 200 178 892 413 1079 129 637 1107 388 683 72 518 936 448 661 526 617 913 440 869 88 466 611 528 625 155 574 807 504 337 739 527 768 600 839 852 522 892 691 760 346 713 912 713 900 252 903 1068 32 1022 918 710 197 893 126 145 673 873 761 362 832 903 277 598 537 270 182 733 651 512 582 972 958 344 800 430 872 691 461 824 609 230 642 565 846 848 236 913 112 609 426 439 612 289 654 752 549 684 807 699 728 1053 119 925 323 251 732 136 1005 490 624 301 772 690 223 245 814 1009 375 716 603 559 198 582 535 648 202 642 1005 439 583 920 683 767 689 335 401 714 335 887 67 624 668 132 410 332 572 282 163 634 353 460 574 584 245 584 662 178 360 880 575 922 578 1045 862 320 986 955 777 117 879 496 849 772 234 968 233 574 442 709 383 985 788 292 380 835 427 370 718 739 191 377 373 777 653 956 839 482 324 713 918 459 354 837 672 529 724 735 850 508 404 211 714 314 373 547 991 713 841 733 471 733 714 781 914 662 744 383 809 563 463 127 671 710 213 837 597 876 796 787
362 887 872 646 385 534 866 353 491 1007 403 516 505 413 577 1197 320 758 1068 1002 716 518 919 565 920 0 208 704 844 670 546 756 1064 303 935 133 444 757 1000 484 814 1140 1039 600 732 454 475 752 544 525 490 863 442 652 727 657 401 516 923 288 630 788 851 387 816 848 1039 513 297 998 75 547 613 524 539 758 1020 683 357 563 662 680 421 220 680 430 1006 729 846 209 837 614 885 575 697 761 1030 900 413 785 646 896 396 336 790 634 380 853 657 385 725 773 766 362 944 966 901 1189 423 998 1123 357 231 468 238 508 160 633 602 180 1043 197 971 327 563 907 684 76 479 753 273 793 870 947 805 824 665 171 505 820 624 527 998 746 234 395 620 341 431 786 1026 162 957 717 1177 487 746 863 932 631 665 244 285 857 193 844 1121 797 852 789 644 280 1008 1049 236 785 610 516 726 800 559 617 687 398 785 789 442 396 805 383 1098 701 798 112 797 587 965 319 412 741 337 422 632 816 778 501 1014 518 488 687 1060 1168 605 878 582 666 467 975 335 888 866 584 687 628 1018 766 372 805 571 533 713 781 372 838 782 621 788 346 254 650 712 407 636 761 436 842 805 98 506 415 396 945 678 1020 930 477 284 743 665 502 677 696 761 720 585 1161 1005 731 588 776 181 282 430 519 456 619 980 251 583 571 143 868 538 1011 315 437 1075 712 937 1020 659 661 538 592 224 145 228 1101 386 1210 367 186 931 1122 915 564 1127 503 858 383 566 893 635 1141 691 910 752
181 691 673 472 252 335 735 297 350 810 210 314 297 319 481 989 117 643 859 795 536 317 770 458 748 208 0 495 645 478 341 613 855 205 733 140 258 598 795 322 670 934 833 397 524 387 273 661 335 333 420 671 320 487 553 509 259 351 753 165 421 631 666 309 617 639 831 304 167 790 159 357 525 317 340 652 822 555 224 418 461 476 305 368 541 235 802 570 653 335 629 528 733 374 601 553 825 739 287 627 438 693 227 135 626 426 257 673 448 176 517 570 600 256 753 757 696 982 319 800 914 222 135 383 173 314 91 435 412 170 839 329 771 237 487 739 563 251 289 602 195 621 720 744 632 634 462 258 375 619 420 318 798 567 232 189 412 215 348 633 822 213 749 552 970 293 569 658 734 431 459 335 169 725 174 661 912 589 643 585 494 95 808 841 112 603 418 331 606 630 429 430 535 214 617 646 258 187 602 214 892 524 601 103 654 461 764 154 208 558 186 325 433 675 577 414 806 311 368 491 859 961 418 670 393 467 337 808 131 686 678 473 567 421 818 587 331 599 481 325 507 647 287 637 595 498 618 187 207 444 593 276 500 618 344 652 630 136 418 277 226 811 542 824 723 318 78 536 537 333 484 490 585 512 455 954 805 557 392 569 30 96 339 365 333 431 779 202 376 419 234 667 329 809 333 296 867 504 741 818 464 551 330 478 43 240 19 893 201 1002 202 173 728 918 708 397 918 304 672 180 377 696 469 932 529 719 568
368 353 315 285 485 255 577 618 470 357 354 204 198 567 621 519 385 664 383 346 369 203 536 505 425 704 495 0 297 283 211 560 362 542 268 618 300 393 310 345 488 487 390 202 29 636 271 738 160 297 646 362 511 421 304 398 466 328 439 476 102 517 406 590 181 147 366 201 502 326 652 225 664 179 193 694 366 482 441 470 113 79 522 819 440 292 379 378 254 775 133 670 499 226 688 61 388 465 444 512 57 296 367 370 489 70 504 338 54 319 110 215 361 484 426 270 209 522 486 421 429 484 545 534 578 297 556 153 293 619 412 776 312 556 668 438 601 735 324 423 565 345 499 332 452 352 96 697 504 169 178 182 334 286 615 324 105 456 595 532 338 651 253 446 497 251 400 242 285 219 140 750 520 566 615 313 429 95 151 209 386 431 415 354 497 387 279 328 629 359 516 220 395 376 363 579 307 313 142 415 438 283 183 593 583 454 369 417 294 257 423 500 225 503 233 612 310 209 525 257 452 490 222 174 298 127 496 492 369 298 299 502 514 152 351 294 597 114 554 196 162 513 520 271 252 476 457 409 600 154 622 489 435 561 576 370 336 627 537 474 409 616 546 377 265 353 425 51 565 389 176 52 411 17 441 494 406 305 179 81 524 429 578 435 446 214 376 598 121 366 686 292 170 399 676 468 372 21 300 399 164 536 177 579 481 692 476 398 381 529 428 619 316 478 214 396 426 221 300 342 298 260 415 444 451 406 364
588 56 27 582 506 311 870 627 432 539 441 453 407 553 522 387 566 480 294 197 192 452 819 792 691 844 645 297 0 182 307 362 352 591 456 727 545 687 439 616 782 310 217 249 296 597 372 569 368 321 590 70 492 286 599 695 485 606 706 693 274 295 129 586 435 257 249 366 569 220 777 502 550 396 456 515 541 778 680 386 409 376 513 1010 737 521 172 674 512 971 280 556 783 271 537 309 204 742 701 292 316 70 606 558 263 335 522 610 291 489 189 88 654 730 130 264 375 367 748 155 361 523 631 805 649 337 729 447 250 706 208 968 497 589 578 710 446 897 367 719 623 632 786 117 211 83 392 892 451 414 231 364 504 578 829 458 284 691 569 315 462 844 324 264 375 503 196 91 491 214 209 959 587 859 697 584 353 264 257 87 682 618 163 312 693 153 239 336 456 646 429 514 692 448 653 367 553 468 390 471 280 579 448 748 368 745 122 630 497 549 649 762 212 797 74 550 365 346 478 159 216 364 514 303 269 424 466 753 552 57 558 791 810 240 512 584 847 337 840 335 157 809 770 28 535 769 228 635 658 215 455 496 730 361 549 92 620 751 815 481 460 902 390 561 172 622 567 321 417 373 473 349 196 286 732 342 161 600 463 321 668 617 554 389 714 508 138 657 367 655 873 35 357 169 909 463 372 313 511 182 461 831 344 471 651 879 626 433 460 404 488 704 106 288 339 331 392 470 563 465 283 487 293 385 286 109 157
454 217 208 531 324 148 844 447 254 615 269 354 293 374 369 566 414 381 459 370 91 354 815 705 709 670 478 283 182 0 166 276 498 408 525 549 431 659 536 517 756 491 396 115 300 424 214 460 265 146 422 193 312 142 573 639 303 516 723 551 202 238 191 406 462 333 418 239 388 383 601 420 405 289 368 413 621 720 552 220 373 349 332 847 682 399 354 639 537 811 345 411 776 120 414 328 385 746 585 233 267 246 483 410 214 280 340 621 246 341 189 141 632 603 274 397 449 548 633 330 525 340 452 697 467 164 566 397 69 525 390 807 570 406 422 721 324 727 191 686 440 622 775 297 188 155 357 732 277 446 120 247 585 560 680 298 208 560 393 252 563 686 435 163 551 400 126 235 551 76 144 804 405 833 516 596 519 311 336 163 623 466 343 465 541 136 60 155 348 636 266 458 644 272 637 296 440 315 419 291 460 546 466 579 301 667 304 490 363 532 515 647 70 770 135 383 488 211 304 32 396 541 453 384 88 389 288 776 402 234 582 709 750 144 598 571 719 375 750 205 134 771 644 185 534 697 186 502 475 132 342 314 665 277 373 173 615 574 714 299 279 891 267 637 321 522 401 329 288 190 441 330 141 283 654 523 342 574 396 347 498 465 377 211 608 452 321 475 288 579 711 212 245 352 768 282 516 304 569 365 422 762 226 321 490 717 460 569 284 582 308 523 284 470 428 155 548 368 584 301 103 534 141 548 168 240 102
