262
0 810 845 1127 716 548 948 200 460 395 744 442 889 1015 634 398 644 228 207 230 916 733 415 489 839 743 231 919 609 391 595 225 641 691 468 569 177 718 109 298 1081 1087 719 705 1039 634 682 276 480 605 173 342 760 972 671 924 898 950 125 224 481 339 806 598 539 869 733 377 719 566 202 921 603 539 818 332 748 351 397 950 1099 697 857 631 923 563 769 342 879 618 201 358 524 533 406 493 221 242 764 995 867 905 646 623 384 402 605 431 1096 620 1147 951 1091 618 1009 278 860 818 257 971 384 658 764 858 967 731 675 653 763 872 564 955 955 722 702 885 719 742 254 703 1138 871 655 780 835 470 578 1172 362 741 493 974 387 889 561 875 707 240 866 438 678 933 969 533 902 313 790 737 184 706 615 528 1157 649 464 467 1158 498 639 793 1009 915 854 422 628 668 538 1155 848 165 1068 582 755 234 293 948 819 351 307 329 633 697 680 504 554 719 661 731 240 758 973 169 417 851 335 75 204 433 187 318 373 1135 795 610 679 50 716 1044 542 364 953 937 118 679 1039 722 370 1050 783 126 451 305 717 386 712 911 974 246 336 184 644 499 637 792 1198 1026 412 384 583 544 345 920
810 0 529 361 262 304 140 612 598 455 190 372 89 578 496 737 798 581 609 749 121 473 421 716 304 340 594 147 209 447 281 621 294 512 618 241 670 91 704 581 381 328 439 671 341 447 266 841 354 604 844 755 407 237 273 294 141 234 866 802 330 659 157 234 307 532 233 528 145 389 658 337 206 573 55 724 198 467 522 590 425 497 55 199 446 653 550 705 144 446 852 460 546 427 404 644 645 605 145 432 96 285 356 585 671 438 533 486 311 648 409 283 371 282 409 820 56 109 616 241 456 285 456 82 241 563 237 551 362 469 349 319 250 389 356 375 182 538 880 750 436 78 441 477 48 678 380 402 606 234 609 537 729 80 401 510 372 687 493 419 248 229 230 687 107 498 474 385 635 220 302 414 382 754 377 525 395 590 171 335 198 283 494 396 718 346 556 441 472 863 257 228 471 588 591 369 276 721 554 491 812 312 367 642 695 505 149 330 578 341 179 731 645 513 640 737 744 516 622 544 620 369 220 535 381 781 515 381 756 511 154 181 723 262 350 578 462 318 428 729 756 521 666 528 484 517 251 679 747 895 470 433 472 257 464 291 578 441 404 291 466 496
845 529 0 836 284 408 605 677 399 485 683 522 514 174 916 1009 1169 675 664 655 622 937 673 1036 821 823 738 470 463 686 370 623 726 155 400 521 806 515 747 793 896 817 140 1094 859 872 300 698 643 997 768 580 890 755 724 824 664 401 822 698 525 524 678 432 645 25 719 793 619 310 643 256 527 319 584 566 693 656 801 105 943 148 572 436 150 1019 1017 546 427 863 758 556 906 794 591 978 624 607 386 243 470 296 251 248 945 685 245 785 774 1041 901 811 878 696 939 677 571 635 803 760 503 727 934 608 761 1014 688 972 851 80 341 849 387 859 820 896 660 997 752 1156 945 499 198 958 576 432 303 868 488 301 947 141 996 567 785 45 837 615 997 451 321 387 432 1034 506 605 67 861 750 331 326 777 844 1137 664 378 868 363 496 837 621 308 995 625 1101 240 923 944 973 792 648 512 96 728 802 250 256 971 545 671 1176 248 820 382 1049 960 509 809 633 830 521 874 455 20 887 800 669 412 710 760 482 843 733 939 206 847 967 905 1093 759 638 449 727 306 871 1024 683 826 916 840 1050 701 1094 461 939 79 412 607 579 816 898 363 209 272 951 800 872 663 802 623 631 103
1127 361 836 0 608 663 237 940 959 807 386 713 330 826 636 955 924 904 939 1099 240 556 713 902 342 448 898 366 563 739 642 962 503 854 979 577 968 439 1028 858 128 41 777 762 136 597 619 1193 648 746 1186 1113 483 156 472 245 235 442 1200 1151 668 1016 321 592 589 832 405 788 409 749 1000 592 540 932 328 1082 383 776 775 868 171 838 305 558 714 811 605 1063 410 606 1197 799 734 643 727 832 989 948 489 659 375 543 710 937 898 728 888 735 62 781 73 205 94 517 260 1173 304 312 899 158 805 487 521 286 162 641 458 672 447 762 710 228 459 497 490 353 408 610 1229 847 138 349 791 528 318 1039 740 44 964 574 801 797 951 289 611 805 497 1037 482 774 603 453 413 857 334 829 794 483 944 572 662 639 33 875 665 886 34 951 518 404 215 534 492 705 846 696 735 124 475 1203 202 567 800 894 867 611 583 955 902 798 945 658 513 1003 855 593 492 452 912 437 316 1018 1005 817 889 1052 1091 876 942 826 979 8 344 682 727 1091 604 182 922 784 210 387 1055 616 148 660 758 93 483 1028 955 823 751 885 580 800 439 1029 1104 1236 609 794 823 577 115 107 809 743 599 583 784 772
716 262 284 608 0 176 371 520 379 320 400 300 278 383 641 779 911 503 511 588 373 655 432 791 540 539 547 263 188 451 126 495 445 249 395 251 624 233 607 576 643 580 177 821 603 595 33 664 387 729 697 560 606 499 441 551 403 251 735 640 285 472 400 165 376 293 435 557 335 170 527 208 250 334 314 534 410 438 561 365 688 234 313 159 254 759 735 513 213 587 697 367 645 527 365 727 509 477 119 295 235 189 106 329 713 447 281 537 551 774 664 544 631 416 668 642 313 361 598 503 331 445 651 345 503 735 405 698 567 243 154 578 250 576 537 615 377 716 712 888 697 259 182 674 311 453 158 646 420 35 694 337 768 320 514 276 554 531 713 277 46 232 277 780 278 418 221 578 574 47 101 510 624 875 411 315 642 361 214 553 407 199 710 387 838 89 661 700 689 719 452 240 212 538 586 239 103 749 414 458 920 50 538 409 793 679 225 525 476 546 325 692 435 272 662 654 591 322 544 540 428 616 451 668 119 701 687 644 844 526 398 262 607 38 613 745 454 578 632 672 814 491 820 354 659 296 273 522 554 749 621 236 215 76 718 551 630 432 528 353 420 284
548 304 408 663 176 0 442 349 302 160 353 125 364 542 517 610 760 329 341 450 425 554 267 630 497 461 370 379 104 282 49 336 346 306 324 131 448 225 439 402 664 628 270 690 621 476 143 538 234 590 552 450 521 526 354 538 431 402 582 503 117 354 383 71 244 425 375 389 293 122 371 385 154 296 336 420 362 263 396 507 701 298 359 105 420 610 631 400 336 464 557 193 497 389 191 570 355 319 218 471 332 361 157 335 544 280 282 377 615 633 706 545 660 312 653 517 361 364 422 527 166 352 559 377 526 621 326 571 490 394 77 570 406 484 445 569 324 608 580 749 722 344 229 583 344 383 122 706 301 196 539 496 599 382 383 417 461 389 639 119 133 385 422 625 372 243 341 490 399 158 86 371 686 729 255 228 697 301 153 490 495 370 633 219 692 169 515 731 614 572 549 129 316 362 412 415 279 577 260 282 767 176 439 354 641 570 178 445 307 471 438 516 343 403 491 483 448 213 371 366 316 671 414 535 202 530 576 650 686 357 459 392 445 138 627 628 283 609 549 497 648 315 692 224 551 444 426 381 442 604 501 137 244 250 760 582 466 261 402 223 244 440
948 140 605 237 371 442 0 752 730 595 264 513 93 616 574 848 879 720 748 890 48 527 551 816 320 393 728 139 350 577 415 762 388 617 749 380 804 231 843 708 293 212 540 737 260 527 383 980 483 686 985 892 454 161 361 267 104 231 1006 942 470 797 202 373 431 603 302 650 249 517 799 373 344 698 134 862 268 602 642 646 342 601 91 338 494 742 597 842 177 529 993 600 643 531 541 744 786 746 253 453 138 321 474 700 784 567 651 603 180 728 297 238 273 387 364 959 88 159 745 167 597 375 502 101 170 620 331 624 408 534 481 280 249 447 423 376 271 591 1020 820 339 112 554 519 114 809 508 275 743 337 710 581 841 60 501 577 436 828 511 559 368 236 209 782 99 638 560 439 771 336 430 521 253 832 505 658 271 719 311 371 63 313 515 530 798 460 651 338 493 1003 122 367 564 723 718 397 349 837 694 625 896 421 440 770 786 563 288 389 718 389 112 863 779 587 760 875 884 652 760 672 757 245 261 617 490 918 574 312 850 637 35 169 863 381 273 637 593 222 468 863 861 654 729 666 544 576 235 819 884 1036 546 567 586 341 349 198 691 574 499 418 603 550
200 612 677 940 520 349 752 0 327 201 563 242 690 840 516 392 619 40 13 211 721 604 244 459 672 586 103 718 410 224 397 78 473 528 343 372 138 521 91 196 903 900 542 631 861 503 486 306 300 521 257 297 616 786 501 750 707 750 260 248 282 239 621 398 359 699 558 259 531 380 98 727 407 396 623 272 568 171 279 782 926 531 661 430 739 500 656 268 679 487 276 157 425 393 213 433 104 84 564 805 667 708 458 479 346 235 450 301 905 549 965 773 910 446 844 293 664 628 176 785 188 489 629 665 782 624 498 549 610 693 371 782 756 575 548 727 536 628 320 653 961 671 480 649 640 368 391 984 231 544 419 797 379 692 415 701 557 167 731 244 480 734 769 486 702 114 616 589 84 507 419 382 969 608 289 308 972 361 441 633 811 718 720 237 579 479 443 977 710 270 870 384 582 96 199 755 623 344 134 154 615 504 529 386 507 598 463 572 44 600 773 200 306 680 282 134 189 269 37 192 250 948 618 504 495 181 598 871 520 231 759 736 116 482 861 620 202 866 641 163 445 145 640 219 587 736 774 165 288 302 519 316 468 596 1017 842 325 209 439 359 157 742
460 598 399 959 379 302 730 327 0 214 651 317 643 573 748 712 922 343 313 256 719 810 449 768 791 741 417 640 406 447 316 255 619 244 23 420 465 526 375 499 966 926 294 899 923 717 356 304 461 790 369 190 793 827 635 839 732 628 424 298 354 126 685 373 499 424 668 535 594 214 263 543 451 81 635 169 660 394 550 500 1003 253 654 404 506 787 879 149 591 703 359 281 689 611 363 728 245 244 482 592 604 548 276 163 659 452 154 553 908 826 1005 847 962 585 953 283 655 666 492 829 229 630 823 675 827 859 613 795 769 442 249 871 625 753 717 862 621 853 357 939 1024 623 235 846 642 81 224 1001 99 414 706 537 699 672 619 435 731 221 914 219 366 609 656 784 647 309 354 762 411 400 300 595 980 903 469 73 994 37 455 776 776 561 907 408 870 297 708 1033 890 393 826 423 320 408 505 561 461 666 199 397 922 337 705 64 804 818 480 725 291 753 702 526 58 409 595 428 271 98 365 478 87 968 712 752 286 471 821 952 829 499 751 642 343 356 929 861 432 910 821 483 763 415 905 127 801 473 650 214 186 417 740 165 206 444 1060 883 614 421 642 484 364 487
395 455 485 807 320 160 595 201 214 0 461 108 521 643 533 532 722 192 191 294 573 596 236 574 595 534 252 539 246 237 202 176 412 346 237 234 321 369 287 313 794 770 347 688 750 503 287 386 247 579 392 311 583 662 431 654 572 560 421 346 151 215 506 223 289 507 471 332 412 180 211 526 269 252 479 280 469 189 346 591 825 345 509 258 538 581 665 262 496 488 398 75 479 397 149 527 195 159 379 603 492 510 257 323 472 240 281 344 763 617 843 668 794 378 762 366 511 498 319 662 18 424 611 521 660 645 413 581 562 495 169 686 563 542 507 662 432 639 424 732 852 502 287 634 491 288 190 850 168 347 501 599 519 535 404 506 520 232 704 43 284 542 581 583 531 120 422 552 267 313 219 380 832 700 255 156 840 233 288 573 650 520 696 193 665 278 498 864 680 412 707 241 390 242 322 554 423 491 99 197 725 303 494 278 602 603 314 518 157 547 598 390 232 486 410 334 289 118 230 285 187 815 522 539 295 383 607 771 634 296 609 553 287 284 754 647 224 745 611 361 578 222 693 93 587 540 583 224 302 444 525 122 281 397 898 719 413 210 428 277 159 543
744 190 683 386 400 353 264 563 651 461 0 356 269 756 312 588 616 525 563 739 218 282 328 552 144 150 513 334 252 353 357 595 125 632 673 231 582 168 647 472 340 345 571 483 298 264 390 837 264 423 816 773 218 230 96 193 175 424 823 789 311 677 68 288 205 691 42 404 65 469 632 521 199 649 147 741 10 394 393 757 366 619 192 266 622 478 360 724 335 265 830 434 379 270 353 479 624 582 304 619 287 471 467 683 527 343 629 353 362 466 403 211 347 132 302 818 196 106 513 227 455 111 267 165 224 373 73 364 174 634 423 225 441 198 166 219 29 347 867 563 399 265 555 288 168 732 465 429 628 382 446 713 582 227 239 671 182 678 314 438 368 419 418 517 288 456 622 194 560 352 395 262 417 571 280 578 415 654 205 154 325 470 313 325 536 466 386 414 291 831 381 227 610 510 481 554 447 582 546 415 633 442 179 706 521 314 183 139 539 152 351 632 685 670 509 669 727 556 561 440 647 393 61 354 503 706 325 312 585 398 251 370 679 384 299 388 373 305 241 642 598 438 477 550 294 685 441 671 763 863 285 489 579 422 455 282 434 359 234 203 405 667
442 372 522 713 300 125 513 242 317 108 356 0 448 663 437 488 653 215 237 387 485 493 154 514 487 426 248 476 167 164 174 250 304 401 340 136 326 282 334 277 692 675 381 600 649 403 268 483 145 494 474 417 476 564 323 549 478 513 493 438 45 322 404 158 182 541 364 271 310 214 287 509 172 342 388 385 363 138 280 623 722 396 423 189 545 505 564 369 438 389 484 87 397 301 69 458 276 235 324 596 424 482 273 403 423 164 354 267 673 535 745 565 694 270 656 464 425 401 297 564 99 316 506 430 561 547 306 487 454 514 181 581 520 436 400 554 327 539 516 651 751 429 330 529 403 394 220 757 275 318 430 618 476 452 305 534 414 325 598 99 256 497 530 515 460 129 455 446 280 278 209 284 740 625 158 252 746 331 201 465 571 491 590 105 589 289 415 763 573 492 629 146 426 239 287 539 403 453 191 157 658 300 388 379 532 503 224 410 206 439 530 394 339 518 368 372 377 219 257 242 296 721 416 447 317 418 507 667 572 237 522 495 350 262 652 551 161 647 505 378 528 190 604 200 485 564 537 317 407 524 426 185 335 373 799 621 350 141 327 169 119 562
889 89 514 330 278 364 93 690 643 521 269 448 0 536 580 826 883 661 685 814 109 549 508 805 362 415 677 67 281 534 332 693 380 523 662 322 755 176 782 668 381 306 446 752 346 531 292 902 442 690 913 810 480 242 358 330 159 163 939 867 408 716 222 298 396 513 311 617 232 429 729 291 289 608 122 781 276 551 612 560 429 507 81 264 409 740 625 760 89 531 920 535 634 516 485 733 715 676 162 379 44 238 382 608 761 525 559 575 273 734 390 308 363 371 437 881 77 171 702 248 525 371 530 118 249 641 323 634 435 445 395 349 181 466 436 428 266 615 944 833 430 20 461 549 101 721 419 368 662 244 698 499 818 57 489 488 451 753 555 483 278 163 151 775 18 576 467 460 717 246 343 504 346 839 465 573 364 630 250 403 132 233 557 481 803 367 644 430 535 933 185 308 471 671 678 319 258 811 621 575 899 328 449 681 782 583 231 406 654 414 89 817 693 496 729 817 811 569 702 631 675 338 287 620 397 862 594 394 844 599 124 102 798 290 358 657 548 312 499 812 845 605 747 587 563 489 175 745 803 965 554 482 494 248 442 286 667 527 491 379 548 464
1015 578 174 826 383 542 616 840 573 643 756 663 536 0 1022 1152 1294 835 828 829 645 1028 808 1171 882 904 894 477 571 824 496 791 821 329 575 635 965 591 915 940 908 815 298 1203 877 975 410 873 768 1113 943 755 972 776 814 865 696 387 996 872 658 699 735 548 760 149 796 931 695 463 813 244 632 494 633 741 765 801 938 87 958 321 609 542 134 1143 1108 721 447 968 933 709 1028 911 732 1108 794 775 452 167 497 297 392 422 1086 822 419 917 764 1158 897 845 885 795 974 852 606 687 955 782 659 820 1020 647 784 1112 776 1079 930 149 485 885 369 946 909 954 738 1091 927 1271 950 527 361 1042 619 606 454 852 661 386 1076 46 1140 594 897 140 926 788 1069 605 428 379 413 1162 523 760 225 946 910 425 456 894 828 1258 791 549 855 537 594 909 614 303 1068 761 1221 374 1044 944 1046 967 626 624 259 884 950 218 310 1117 711 819 1303 366 913 557 1176 1055 601 891 796 908 513 1033 629 165 1031 967 843 581 872 905 656 833 796 1051 349 1014 1064 928 1225 899 651 447 898 416 890 1123 824 836 996 1003 1190 850 1201 629 1034 103 388 780 754 990 1001 524 378 337 941 813 1007 803 911 737 779 101
634 496 916 636 641 517 574 516 748 533 312 437 580 1022 0 334 305 477 524 727 525 102 300 268 294 189 423 643 454 307 548 582 205 823 770 395 458 443 571 338 540 595 784 180 509 48 618 823 291 113 763 800 158 494 222 390 475 729 746 765 411 719 371 483 272 930 271 261 352 636 612 806 391 779 458 771 307 365 241 1006 538 815 504 482 889 175 139 761 637 54 786 469 117 136 384 202 612 577 579 905 592 760 670 839 292 300 789 215 634 154 623 431 563 227 429 810 508 417 377 489 518 212 139 476 484 112 259 56 188 884 593 412 744 138 152 300 314 111 834 255 587 574 747 149 480 819 638 674 685 636 176 977 334 539 133 916 141 676 237 536 598 721 726 221 599 456 849 152 467 597 592 153 669 259 279 687 656 766 428 231 632 762 224 339 224 677 110 609 222 770 684 403 828 426 342 839 715 349 575 372 322 669 133 812 219 84 422 189 518 199 664 478 759 907 311 566 705 651 494 328 707 641 315 46 713 586 82 489 286 286 555 678 619 612 502 113 327 542 169 510 324 371 179 623 79 937 747 672 790 799 27 621 760 686 662 529 226 331 114 294 393 925
398 737 1009 955 779 610 848 392 712 532 588 488 826 1152 334 0 245 370 405 578 803 434 347 95 617 509 295 879 604 328 657 470 463 877 730 540 263 657 390 218 870 913 868 329 835 362 748 655 400 252 565 681 491 804 492 714 763 947 524 596 495 631 656 617 433 1028 557 223 600 698 482 980 559 773 716 659 587 352 221 1111 871 875 764 634 1031 191 438 658 857 351 592 457 222 318 420 134 493 476 766 1074 824 945 762 851 67 332 813 253 943 249 950 752 890 461 763 650 768 691 220 800 514 477 472 747 795 393 517 323 516 1003 669 739 958 465 466 634 577 415 646 310 919 814 813 479 739 760 705 995 621 789 157 1106 13 800 349 1023 461 551 564 560 733 934 954 148 844 413 942 481 310 747 696 327 988 252 375 678 979 743 604 557 911 950 550 392 237 778 225 940 552 562 968 554 913 304 210 1013 876 49 512 337 235 787 442 774 167 406 612 503 422 521 916 232 697 1006 122 356 551 637 355 249 641 961 615 292 806 350 399 820 143 253 838 909 443 743 830 378 327 863 504 282 54 309 343 591 409 1053 969 551 672 583 356 652 812 846 992 847 159 349 357 453 377 1050
644 798 1169 924 911 760 879 619 922 722 616 653 883 1294 305 245 0 590 631 816 831 368 498 160 586 490 516 945 723 490 801 697 504 1054 942 659 501 736 630 426 816 886 1030 167 791 352 884 898 527 193 810 915 442 791 524 679 779 1028 769 838 644 856 676 746 534 1186 576 389 652 867 714 1092 665 973 762 890 612 533 376 1266 803 1049 808 753 1164 151 326 887 936 352 837 647 265 385 586 195 723 700 866 1190 893 1050 918 1046 273 489 1002 385 929 150 900 721 843 519 689 891 812 722 443 785 704 512 402 782 781 285 560 256 482 1150 830 696 1042 436 456 573 617 315 890 96 854 876 983 397 784 979 872 959 838 912 223 1248 256 844 403 1176 443 784 461 741 865 1019 1027 139 902 613 1101 447 541 870 844 401 957 49 505 877 941 949 707 525 937 1053 448 547 80 930 250 878 460 807 988 670 1076 524 421 1126 996 293 725 526 23 930 439 986 120 330 707 492 642 497 968 477 915 1164 337 600 790 837 584 444 859 929 619 262 963 595 319 761 102 426 860 979 684 877 782 265 499 830 440 526 193 507 181 796 345 1202 1047 783 906 829 332 834 988 966 932 821 309 515 396 557 563 1194
228 581 675 904 503 329 720 40 343 192 525 215 661 835 477 370 590 0 47 249 688 564 204 431 633 546 75 691 382 184 377 109 434 530 361 340 130 489 123 164 865 864 538 595 823 463 469 345 261 485 297 331 575 750 461 711 672 727 298 288 252 265 585 373 321 697 519 222 495 372 134 711 375 407 590 304 530 132 242 781 887 531 629 404 729 467 617 299 653 447 316 135 388 353 178 401 138 110 539 792 639 690 448 489 320 194 456 262 870 515 928 735 873 407 805 332 631 593 150 749 176 449 589 631 746 586 459 511 569 687 358 743 733 535 508 687 499 589 361 620 923 642 477 609 607 391 382 948 251 525 385 791 356 660 375 698 516 202 691 231 462 711 745 455 673 86 613 549 75 487 403 342 933 577 250 315 936 375 411 593 780 699 680 199 547 469 406 939 670 309 839 353 580 66 168 740 607 323 144 114 587 491 489 404 476 559 432 532 52 560 745 198 327 677 255 157 228 275 42 155 271 912 580 466 487 203 559 832 492 192 726 711 155 465 823 582 162 829 601 170 421 106 604 226 548 732 751 199 321 341 479 311 468 578 980 805 291 170 398 322 120 735
207 609 664 939 511 341 748 13 313 191 563 237 685 828 524 405 631 47 0 202 719 611 248 472 675 590 115 713 405 229 388 65 476 515 329 369 152 517 97 208 904 899 530 641 861 510 477 298 302 531 254 286 621 786 503 752 706 743 261 241 278 225 621 392 361 687 560 269 530 369 87 717 404 383 621 259 569 175 289 770 928 518 658 425 728 511 664 256 673 494 271 151 435 399 212 445 92 71 557 795 661 700 447 466 359 239 437 309 903 560 965 774 911 448 847 285 661 627 188 785 179 491 636 662 782 633 499 558 614 681 361 784 748 580 553 730 537 636 315 665 962 667 468 656 637 355 380 983 217 535 430 785 392 689 421 689 562 155 738 234 472 726 762 498 697 110 604 594 97 499 410 389 967 620 292 294 971 348 437 637 808 709 727 238 591 469 453 977 716 267 866 381 570 108 211 745 614 358 120 159 628 495 534 372 519 606 460 576 34 605 768 214 292 667 295 143 181 255 51 202 236 947 619 513 484 191 606 872 533 239 756 730 116 473 863 629 207 866 647 176 458 153 650 206 595 724 767 153 276 300 526 304 455 587 1018 842 336 213 445 360 158 730
230 749 655 1099 588 450 890 211 256 294 739 387 814 829 727 578 816 249 202 0 867 812 444 656 862 784 311 828 540 428 487 148 666 499 258 522 315 663 188 404 1078 1061 543 840 1035 711 558 99 489 731 114 112 819 951 691 932 864 838 168 52 432 130 791 516 545 680 742 470 697 420 115 777 559 336 772 103 746 370 490 756 1106 508 803 552 755 706 867 116 783 695 109 304 635 600 388 638 118 158 666 837 783 773 498 416 543 437 410 511 1057 757 1132 950 1081 635 1033 83 805 788 377 951 294 680 836 814 949 835 682 760 809 695 435 964 838 778 749 921 711 838 130 858 1137 795 481 856 785 246 432 1143 173 620 627 792 565 829 620 690 758 62 937 331 560 819 862 688 823 288 608 791 276 593 491 589 1125 810 484 288 1132 293 582 829 944 784 927 424 783 520 653 1150 915 137 1000 532 573 305 405 799 683 528 196 358 810 556 731 287 710 808 607 769 211 798 888 352 203 664 481 229 27 268 238 403 174 1107 798 715 521 258 808 1051 715 442 903 838 136 556 1038 831 406 1034 846 302 632 355 849 233 796 728 861 70 106 164 728 352 456 662 1186 1008 533 408 644 540 348 741
916 121 622 240 373 425 48 721 719 573 218 485 109 645 525 803 831 688 719 867 0 478 513 770 273 345 693 169 327 539 402 736 342 622 739 350 768 204 812 669 274 208 547 688 237 479 381 959 445 638 959 875 405 132 314 226 58 265 978 920 441 779 154 354 391 622 255 608 207 509 773 400 314 693 98 845 221 567 599 670 321 607 65 319 519 695 549 825 199 481 968 573 597 486 509 697 761 720 253 486 152 347 472 701 740 529 650 560 190 680 291 201 258 342 329 939 64 112 707 138 573 329 454 58 140 571 286 575 360 554 470 242 283 399 374 332 226 543 998 771 325 122 555 471 82 799 500 281 726 341 664 608 797 54 456 597 388 805 465 538 364 268 246 734 122 608 573 390 737 334 422 476 261 784 466 647 274 710 285 323 107 341 469 495 750 460 604 327 447 977 164 339 574 688 679 427 365 794 671 590 848 423 392 763 738 515 261 340 689 341 155 825 766 605 717 842 861 637 728 634 741 248 213 569 493 884 526 285 803 597 37 202 834 378 248 589 556 205 420 827 816 618 681 648 496 598 273 797 867 1010 498 554 587 353 345 179 647 538 452 380 570 574
733 473 937 556 655 554 527 604 810 596 282 493 549 1028 102 434 368 564 611 812 478 0 373 362 219 134 516 615 476 385 578 665 211 859 832 425 556 437 664 435 452 518 811 211 425 101 637 910 349 195 856 879 75 425 214 311 423 707 841 853 460 793 328 509 314 948 239 356 336 676 697 800 411 833 427 848 274 444 336 1020 445 849 469 500 894 262 80 837 617 117 877 538 220 211 450 301 696 658 577 898 569 751 699 886 395 377 834 305 561 225 536 353 478 243 333 896 473 379 475 419 582 210 37 437 414 92 251 119 118 897 631 328 723 83 119 208 294 65 924 296 495 546 781 47 447 884 676 592 756 644 278 984 435 501 194 932 102 759 134 593 615 702 700 311 568 532 872 88 561 608 621 224 589 319 342 745 574 824 441 159 581 751 122 405 290 703 212 518 119 863 629 430 854 518 439 833 718 452 649 454 388 689 116 873 305 37 429 143 601 137 626 579 827 926 413 663 792 712 585 421 777 561 266 142 741 685 48 398 371 376 503 651 711 630 416 110 406 462 73 609 420 458 203 688 25 949 723 754 869 893 88 671 798 691 571 453 328 407 170 333 469 935
415 421 673 713 432 267 551 244 449 236 328 154 508 808 300 347 498 204 248 444 513 373 0 363 428 342 184 552 259 25 312 295 229 556 471 197 255 332 322 160 665 673 533 452 624 275 402 542 67 343 502 505 375 558 258 509 488 609 501 488 149 420 392 270 124 691 318 124 309 368 329 633 222 487 416 475 333 73 129 773 685 551 460 289 685 351 436 463 524 259 520 168 244 164 89 305 326 287 423 726 497 599 422 553 280 16 507 113 685 383 731 535 675 204 601 527 464 409 194 556 220 245 394 454 552 412 259 345 366 661 333 541 619 334 305 482 305 408 563 499 723 493 484 415 436 519 373 757 385 442 275 762 336 495 179 683 314 388 494 246 386 596 620 361 524 159 606 347 231 400 353 150 744 471 48 392 744 469 266 389 614 606 484 48 435 436 263 739 471 514 673 212 579 181 170 666 529 318 276 90 504 442 287 514 378 375 280 327 232 356 597 311 459 669 232 340 426 355 236 122 407 721 380 303 467 377 377 630 419 96 551 578 359 396 623 412 45 634 402 315 382 109 456 323 360 712 632 383 495 546 295 337 490 499 782 611 199 35 203 133 96 707
489 716 1036 902 791 630 816 459 768 574 552 514 805 1171 268 95 160 431 472 656 770 362 363 0 560 454 357 862 608 350 674 538 428 913 787 543 341 643 470 268 809 861 896 235 777 304 762 738 404 170 652 755 426 756 455 657 725 936 614 678 512 697 618 626 425 1054 517 244 574 729 554 984 556 822 689 730 549 386 234 1137 806 910 737 638 1045 103 355 728 845 296 678 498 173 288 446 72 563 541 763 1080 807 945 786 898 113 351 856 254 896 158 891 697 831 434 695 731 740 657 283 751 556 441 400 716 746 309 485 245 456 1024 695 680 949 405 412 568 545 333 732 215 855 795 845 404 712 822 735 941 681 797 106 1125 103 773 316 1047 404 623 485 597 745 925 940 55 823 460 969 420 381 755 716 302 935 159 380 726 924 796 600 498 878 949 472 411 142 800 167 877 476 650 933 556 941 365 263 1017 883 138 569 377 155 804 390 831 72 330 605 450 483 465 893 321 758 1032 177 441 630 686 424 290 702 908 570 222 831 439 321 757 61 279 803 894 524 756 770 293 355 809 434 368 59 354 249 643 336 1075 957 623 745 673 293 690 847 852 930 795 164 374 317 447 415 1069
839 304 821 342 540 497 320 672 791 595 144 487 362 882 294 617 586 633 675 862 273 219 428 560 0 107 608 429 396 450 502 714 199 776 814 371 667 307 751 549 253 302 714 431 218 256 532 960 373 404 929 904 144 205 171 97 216 525 930 909 444 810 146 433 316 827 123 473 209 614 751 641 342 793 249 872 135 500 457 890 262 763 282 411 749 469 281 856 443 266 946 559 395 317 473 491 744 703 437 735 392 589 612 827 564 440 774 417 342 440 332 136 272 226 172 943 285 195 591 199 586 183 189 244 194 309 181 332 105 768 568 122 543 155 151 75 173 279 986 516 306 365 699 202 265 872 610 380 763 519 462 841 614 308 286 807 156 802 193 576 510 524 512 515 380 574 761 141 655 493 540 318 375 538 382 719 363 796 349 62 368 586 195 438 508 609 395 326 173 942 413 369 752 606 557 672 577 622 674 519 606 584 175 848 513 257 328 115 655 95 428 708 823 807 563 765 847 695 664 523 782 347 88 340 647 797 268 208 580 477 293 465 788 526 212 328 472 248 151 727 614 536 421 686 241 817 538 795 894 974 267 632 724 554 375 236 479 463 269 322 517 798
743 340 823 448 539 461 393 586 741 534 150 426 415 904 189 509 490 546 590 784 345 134 342 454 107 0 514 481 371 362 477 635 122 758 764 330 569 312 660 449 361 407 704 343 326 149 525 883 296 302 844 836 68 304 106 205 291 573 840 829 387 744 194 407 245 832 108 371 209 583 670 671 309 753 293 804 141 415 354 902 367 747 334 392 769 365 210 790 484 158 862 489 287 214 399 384 666 626 452 769 435 621 595 797 456 351 744 316 444 341 440 243 380 156 267 867 338 244 492 299 523 111 117 302 294 227 137 233 29 778 537 230 590 54 44 141 166 200 905 426 412 412 680 138 313 820 581 487 701 525 354 860 506 367 183 814 49 726 178 522 503 569 565 409 433 496 759 45 561 492 519 216 481 442 299 671 470 750 330 50 449 621 173 360 410 596 287 433 153 855 499 332 745 513 456 704 594 515 604 432 508 577 68 801 409 169 314 16 573 14 492 607 766 811 457 670 767 643 575 425 722 454 132 235 634 700 180 313 476 379 371 517 701 518 320 244 384 355 93 628 507 445 335 627 150 830 589 720 826 887 162 589 700 568 483 341 373 377 165 257 435 813
231 594 738 898 547 370 728 103 417 252 513 248 677 894 423 295 516 75 115 311 693 516 184 357 608 514 0 714 406 159 420 181 410 597 435 356 78 502 148 93 849 857 599 529 808 415 513 403 250 420 340 401 535 742 439 692 671 759 327 344 276 339 577 404 309 759 502 162 492 430 200 756 387 480 595 375 517 126 182 843 867 597 637 432 783 397 563 371 680 399 362 184 326 309 194 330 207 184 570 841 660 730 503 561 245 170 525 210 868 447 916 719 859 387 778 392 640 591 75 740 235 426 544 635 737 529 443 452 535 744 411 723 766 496 473 656 489 535 411 550 906 660 539 562 614 466 439 942 326 566 316 849 281 671 334 758 479 270 647 288 504 743 774 382 692 133 674 511 47 526 451 301 928 505 233 387 929 449 428 563 790 739 635 198 476 522 343 923 626 347 850 369 642 9 96 786 650 248 218 103 513 541 452 479 404 507 446 501 127 528 764 146 403 738 180 157 287 346 72 95 346 906 564 407 544 193 506 812 418 139 731 736 195 509 807 523 139 819 560 134 346 75 538 298 497 791 783 268 391 377 429 374 533 621 967 796 223 155 357 315 131 793
919 147 470 366 263 379 139 718 640 539 334 476 67 477 643 879 945 691 713 828 169 615 552 862 429 481 714 0 309 577 341 714 442 497 657 359 793 222 810 712 432 347 417 817 400 595 284 912 488 752 931 815 547 299 421 394 223 96 960 881 440 722 289 320 446 466 377 666 292 426 750 233 330 597 188 786 341 589 662 507 482 480 148 287 354 801 691 766 49 593 935 561 693 573 521 790 735 697 162 316 55 182 369 588 813 569 542 627 305 796 431 370 411 430 498 891 145 238 745 305 545 433 597 185 307 707 385 698 501 397 398 412 114 532 501 494 329 681 956 897 477 69 440 616 168 715 415 399 669 227 756 442 871 122 548 440 517 768 623 498 274 99 84 835 49 606 429 527 752 240 343 560 376 902 512 572 398 623 287 470 152 174 625 521 866 351 704 475 602 952 190 345 436 707 723 259 218 861 639 613 960 311 513 672 842 649 272 472 680 480 61 857 693 451 778 849 827 573 734 675 680 373 354 683 376 894 659 450 904 646 174 35 822 283 412 723 590 361 566 849 901 644 812 596 629 437 108 759 808 983 617 485 475 216 481 337 720 568 551 428 583 411
609 209 463 563 188 104 350 410 406 246 252 167 281 571 454 604 723 382 405 540 327 476 259 608 396 371 406 309 0 281 106 413 264 386 428 64 485 124 501 414 560 527 335 633 517 409 164 632 205 541 635 550 435 422 267 434 330 354 658 592 130 453 279 36 188 475 277 382 190 217 449 376 64 398 235 519 262 283 383 551 596 375 263 30 441 572 555 500 273 400 643 254 457 339 212 541 436 397 165 472 257 340 224 431 537 275 377 355 517 586 603 440 557 233 549 611 265 260 442 424 246 267 476 276 422 551 234 511 400 431 171 466 362 400 361 470 223 534 670 700 618 262 308 500 245 488 213 606 401 189 508 526 594 289 326 461 378 478 549 211 144 339 368 594 292 296 396 405 443 147 147 322 587 687 229 333 597 405 48 395 406 346 545 219 649 227 473 628 525 654 463 52 378 399 425 409 275 578 344 306 733 214 359 458 607 497 73 356 373 380 363 550 447 453 491 539 534 316 424 376 417 571 312 480 265 585 504 545 659 355 363 330 517 157 523 561 289 506 462 540 635 339 633 322 477 483 377 470 541 686 435 241 330 244 658 479 449 267 341 165 275 472
391 447 686 739 451 282 577 224 447 237 353 164 534 824 307 328 490 184 229 428 539 385 25 350 450 362 159 577 281 0 329 279 251 565 469 221 229 358 300 135 689 698 546 452 648 286 420 526 93 342 482 494 392 583 280 533 514 633 479 470 166 411 418 290 150 705 342 107 335 379 312 654 247 489 442 464 357 58 115 787 709 560 486 310 702 345 445 453 548 270 500 165 242 174 96 295 310 273 446 746 522 621 436 558 262 10 512 107 711 380 756 559 699 227 622 511 489 434 168 581 219 267 408 480 577 419 283 350 385 676 345 564 643 350 323 502 330 417 545 495 746 518 495 429 462 515 385 783 379 462 267 778 317 521 192 698 332 373 509 251 405 619 644 351 549 148 619 364 206 420 368 161 769 464 74 393 769 469 290 409 639 627 499 64 429 451 261 763 487 493 699 235 591 157 145 686 549 298 267 70 494 459 304 512 369 385 305 347 216 376 623 285 453 683 211 316 409 355 214 97 400 747 404 306 481 352 386 653 407 75 577 603 339 414 647 418 22 659 418 289 365 85 457 320 371 727 656 369 484 525 304 344 499 519 807 636 185 26 216 159 85 723
595 281 370 642 126 49 415 397 316 202 357 174 332 496 548 657 801 377 388 487 402 578 312 674 502 477 420 341 106 329 0 379 367 281 337 153 497 212 486 451 653 609 235 724 610 505 93 572 274 627 591 478 540 512 372 535 416 357 624 540 162 383 379 70 276 385 384 435 294 112 413 335 168 297 319 448 367 312 441 465 692 271 337 93 373 650 656 428 295 495 594 242 537 424 239 612 397 362 179 422 297 312 121 325 591 325 271 420 592 671 689 538 647 335 652 550 338 354 471 514 211 372 580 359 513 650 340 604 506 349 69 566 360 504 466 576 329 634 615 786 710 312 203 604 325 397 107 684 330 147 581 450 646 356 416 374 482 427 655 160 84 339 378 667 339 292 302 510 448 111 44 407 664 768 296 244 677 310 152 501 465 321 650 265 731 129 554 718 631 612 518 148 280 411 461 366 230 625 301 331 809 130 462 362 682 597 175 461 354 486 401 566 363 363 538 530 486 236 419 414 342 651 417 570 165 578 604 642 729 404 435 352 490 88 617 658 330 595 568 546 694 364 725 255 577 401 380 418 470 643 531 152 223 201 744 568 511 308 434 253 293 395
225 621 623 962 495 336 762 78 255 176 595 250 693 791 582 470 697 109 65 148 736 665 295 538 714 635 181 714 413 279 379 0 518 471 269 386 213 532 124 273 935 924 494 704 892 564 462 247 341 594 223 222 670 812 543 786 728 736 246 195 295 160 649 394 398 647 596 331 556 341 37 698 422 329 639 195 602 222 350 728 962 475 673 429 697 576 721 190 672 548 235 163 496 453 242 510 30 17 555 770 665 684 421 413 425 289 388 368 923 624 992 806 940 488 886 231 675 650 254 811 169 532 688 681 809 692 535 618 660 647 341 819 740 629 600 773 567 693 272 729 994 673 430 708 653 291 353 1006 157 523 495 749 457 701 472 651 610 94 789 219 460 719 758 563 703 140 566 642 161 490 394 441 989 686 335 246 995 291 450 680 819 695 778 276 656 443 515 1008 766 241 877 397 531 173 276 724 597 422 82 210 694 473 582 311 584 662 474 620 64 649 772 271 229 628 361 177 132 210 115 264 174 971 653 573 454 224 663 907 598 299 772 729 112 459 894 689 258 894 697 228 523 211 713 161 650 687 760 90 212 274 582 273 414 571 1046 868 400 260 496 394 200 695
641 294 726 503 445 346 388 473 619 412 125 304 380 821 205 463 504 434 476 666 342 211 229 428 199 122 410 442 264 251 367 518 0 648 642 215 472 237 552 357 441 462 600 385 400 157 425 765 176 311 731 715 175 348 31 282 300 524 731 713 265 623 193 298 123 737 98 285 149 468 553 601 200 633 261 683 124 301 272 810 457 638 309 289 688 359 291 669 432 153 748 368 255 144 279 356 548 507 374 699 389 554 488 681 401 241 628 231 485 355 512 312 453 34 371 748 313 229 399 345 401 16 213 287 341 290 57 262 150 688 422 313 539 138 99 255 116 271 789 460 497 372 570 237 284 698 467 546 579 436 322 777 457 345 114 721 115 607 295 400 404 516 523 396 399 377 660 144 457 398 410 137 535 460 183 551 531 629 230 163 449 556 289 241 424 492 264 515 271 743 506 219 642 408 366 634 513 457 483 319 518 477 95 680 401 234 220 106 457 134 467 518 644 715 386 567 650 521 465 328 599 510 159 242 529 600 242 402 464 284 376 475 589 419 399 302 273 417 204 532 473 337 382 505 214 740 543 601 705 775 181 470 589 484 560 397 309 264 111 135 319 726
691 512 155 854 249 306 617 528 244 346 632 401 523 329 823 877 1054 530 515 499 622 859 556 913 776 758 597 497 386 565 281 471 648 0 246 434 661 472 595 659 893 829 80 995 853 782 247 545 536 893 613 428 821 749 653 796 653 454 667 543 415 369 642 351 551 180 662 669 567 188 489 335 449 165 562 412 642 527 680 259 937 16 563 367 270 907 937 392 448 771 603 420 797 693 468 860 470 455 369 362 479 356 164 105 816 565 89 669 796 935 913 792 880 616 914 524 563 607 665 752 364 653 862 595 753 928 621 877 787 202 230 825 445 786 747 851 605 914 599 1051 947 505 78 885 560 283 185 892 332 281 831 292 865 568 690 191 764 459 936 317 268 436 485 916 521 466 113 791 605 292 239 676 869 1026 555 224 888 208 429 780 648 369 931 507 990 167 815 950 912 637 687 429 81 587 667 344 282 837 395 540 1059 199 743 233 934 877 448 743 485 767 556 728 300 164 755 648 514 260 563 629 327 862 688 841 131 695 883 893 972 634 646 487 573 252 862 935 558 828 849 692 922 567 997 310 857 229 471 452 426 661 808 225 66 280 966 800 750 540 709 530 500 245
468 618 400 979 395 324 749 343 23 237 673 340 662 575 770 730 942 361 329 258 739 832 471 787 814 764 435 657 428 469 337 269 642 246 0 443 481 547 386 518 988 946 302 921 945 740 373 299 483 811 369 182 816 848 658 862 752 643 426 298 377 130 707 394 522 425 690 555 616 232 274 554 473 81 656 166 682 416 571 499 1025 257 674 426 512 808 902 146 608 726 358 303 711 634 385 748 257 259 500 600 622 561 291 158 678 474 157 575 928 848 1026 869 983 608 975 278 675 688 510 850 252 653 846 696 848 882 636 817 792 447 269 893 639 776 740 884 644 876 353 960 1046 641 245 869 662 60 242 1021 112 431 726 539 717 692 642 437 754 228 937 242 384 624 671 804 665 330 358 785 427 417 319 617 1000 924 492 95 1014 38 477 799 794 573 930 430 891 311 730 1054 913 393 844 446 324 426 524 571 474 684 218 418 942 352 728 43 824 840 502 748 308 776 719 541 54 410 613 440 275 121 381 498 97 988 735 774 298 482 844 974 848 519 771 658 352 374 951 884 454 931 844 497 781 435 927 148 824 475 664 222 180 416 762 187 214 459 1081 904 634 443 665 507 386 491
569 241 521 577 251 131 380 372 420 234 231 136 322 635 395 540 659 340 369 522 350 425 197 543 371 330 356 359 64 221 153 386 215 434 443 0 433 149 463 355 560 539 389 573 516 352 225 617 140 478 610 545 390 429 223 422 342 412 627 574 91 449 272 88 125 535 248 318 178 253 423 441 36 424 253 513 240 230 319 612 591 424 289 95 505 507 503 496 327 342 620 222 393 276 163 477 412 371 226 537 304 404 275 466 473 214 413 290 537 523 610 434 560 182 533 598 292 266 386 429 230 221 428 295 427 496 196 451 359 492 207 454 422 353 315 442 201 480 652 638 618 304 356 452 268 501 252 621 399 254 443 589 530 320 265 522 331 460 508 208 206 398 423 529 336 258 454 359 395 212 197 258 603 623 165 348 610 425 71 360 440 410 502 162 586 282 409 630 483 627 498 14 433 349 366 474 340 515 326 253 668 274 309 477 542 443 91 314 339 340 408 497 454 512 429 496 513 324 381 317 417 585 292 419 318 540 450 538 594 293 387 383 483 219 520 504 231 512 418 490 570 285 573 320 423 545 435 452 536 660 377 261 373 309 664 486 385 209 281 102 226 535
177 670 806 968 624 448 804 138 465 321 582 326 755 965 458 263 501 130 152 315 768 556 255 341 667 569 78 793 485 229 497 213 472 661 481 433 0 579 129 121 913 927 668 539 873 457 590 397 322 435 316 417 584 812 503 755 744 838 289 337 355 372 647 482 379 828 567 201 564 501 220 833 465 534 670 396 585 203 220 911 929 662 713 510 857 400 594 396 758 441 342 258 349 357 272 330 232 222 648 917 738 808 576 617 229 239 585 255 940 455 983 784 925 452 836 390 716 664 80 809 305 489 587 709 806 556 510 478 588 816 485 786 845 545 527 711 559 566 394 548 969 738 608 603 689 504 511 1012 369 644 324 921 250 747 386 828 531 288 689 360 581 822 853 376 769 207 743 561 55 604 527 353 999 498 303 444 998 500 505 619 866 817 677 274 473 596 365 987 670 319 926 447 710 86 116 863 727 214 270 180 495 616 505 524 398 542 524 557 177 584 842 69 442 807 170 109 288 404 100 144 387 975 629 435 616 130 539 874 400 190 805 815 182 586 871 548 211 886 606 60 317 149 550 355 535 862 861 288 408 345 467 442 598 698 1032 864 238 229 407 388 210 865
718 91 515 439 233 225 231 521 526 369 168 282 176 591 443 657 736 489 517 663 204 437 332 643 307 312 502 222 124 358 212 532 237 472 547 149 579 0 612 492 440 403 407 622 398 394 225 755 266 545 755 674 381 300 225 326 206 293 775 715 239 577 170 154 223 523 205 443 104 325 569 364 115 510 111 643 177 376 439 589 479 458 141 121 457 588 517 624 202 390 764 369 477 356 312 572 556 516 139 463 166 317 309 532 590 349 479 404 394 590 480 326 435 218 443 735 143 141 526 302 369 232 428 152 301 523 186 499 339 466 281 356 306 354 317 382 147 501 793 697 498 160 396 450 122 607 318 482 525 214 538 548 648 171 333 503 335 600 482 335 204 283 297 619 191 407 454 354 543 185 242 342 463 695 290 453 473 522 81 322 290 318 480 305 658 304 490 506 459 773 349 136 444 496 502 397 281 638 466 399 750 277 323 575 628 465 57 299 487 317 265 641 569 502 555 645 656 439 531 455 541 447 218 478 341 689 475 430 687 424 241 251 632 220 405 536 372 384 405 637 680 430 619 446 445 517 314 592 665 806 419 360 423 255 535 357 498 351 340 205 374 500
