24
0 506 798 594 539 864 474 585 605 420 1004 273 425 577 994 767 846 810 956 414 544 586 220 380
506 0 880 769 378 484 291 594 100 460 637 346 165 688 579 592 700 558 622 216 545 209 331 409
798 880 0 219 511 743 1092 286 946 442 772 971 964 223 860 421 371 532 693 997 335 1085 686 500
594 769 219 0 446 762 939 233 850 309 832 794 821 100 895 471 471 577 755 847 260 960 516 360
539 378 511 446 0 363 631 230 435 180 482 572 493 349 502 245 345 271 423 536 188 587 327 179
864 484 743 762 363 0 774 529 461 543 153 807 649 662 139 323 400 215 149 701 510 653 643 540
474 291 1092 939 631 774 0 814 326 650 926 203 138 878 860 865 971 844 914 95 763 170 425 593
585 594 286 233 230 529 814 0 661 175 605 710 682 132 663 253 288 351 531 718 51 799 427 230
605 100 946 850 435 461 326 661 0 542 609 426 228 765 535 623 731 573 607 275 614 192 432 495
420 460 442 309 180 543 650 175 542 0 654 536 523 231 682 356 427 421 590 555 128 654 252 57
1004 637 772 832 482 153 926 605 609 654 0 959 802 734 121 363 403 255 79 854 597 801 784 661
273 346 971 794 572 807 203 710 426 536 959 0 201 749 916 818 916 824 930 167 661 341 285 480
425 165 964 821 493 649 138 682 228 523 802 201 0 754 744 726 833 707 784 51 631 162 319 467
577 688 223 100 349 662 878 132 765 231 734 749 754 0 795 375 387 479 658 784 161 885 464 287
994 579 860 895 502 139 860 663 535 682 121 916 744 795 0 440 500 328 183 796 647 722 774 679
767 592 421 471 245 323 865 253 623 356 363 818 726 375 440 0 108 111 285 773 259 799 567 387
846 700 371 471 345 400 971 288 731 427 403 916 833 387 500 108 0 187 325 878 312 907 656 467
810 558 532 577 271 215 844 351 573 421 255 824 707 479 328 111 187 0 179 757 347 758 598 440
956 622 693 755 423 149 914 531 607 590 79 930 784 658 183 285 325 179 0 836 526 800 737 601
414 216 997 847 536 701 95 718 275 555 854 167 51 784 796 773 878 757 836 0 667 176 335 497
544 545 335 260 188 510 763 51 614 128 597 661 631 161 647 259 312 347 526 667 0 749 379 181
586 209 1085 960 587 653 170 799 192 654 801 341 162 885 722 799 907 758 800 176 749 0 474 599
220 331 686 516 327 643 425 427 432 252 784 285 319 464 774 567 656 598 737 335 379 474 0 198
380 409 500 360 179 540 593 230 495 57 661 480 467 287 679 387 467 440 601 497 181 599 198 0
