214
0 281 808 350 945 187 479 696 840 275 936 447 871 908 950 543 414 661 506 506 468 858 825 143 671 545 375 402 790 158 728 396 101 570 130 463 994 407 333 382 165 772 642 702 757 525 344 313 392 935 432 638 871 381 749 770 281 472 10 809 243 459 1015 833 414 378 264 334 282 225 364 165 280 197 516 935 542 951 429 817 833 592 744 630 957 401 921 695 638 968 689 1096 933 374 624 443 575 990 278 345 680 854 354 617 514 260 1081 730 521 216 577 349 727 647 604 926 832 529 361 544 223 594 1003 896 1046 145 598 534 901 874 303 314 685 443 979 764 562 485 353 367 616 271 767 391 566 955 876 427 499 760 129 545 364 319 340 779 815 608 484 663 643 421 980 334 772 691 786 624 1004 430 142 279 723 548 710 932 990 1012 288 165 546 479 610 128 993 698 771 964 579 668 290 809 549 194 291 968 427 653 703 197 85 897 758 647 479 443 655 502 309 407 822 289 108 962
281 0 594 75 780 297 199 534 565 17 666 367 641 647 682 317 239 388 270 559 223 577 676 200 426 609 286 328 519 123 548 489 234 598 328 291 739 418 200 198 167 508 499 437 500 274 62 40 423 653 517 370 747 125 611 535 339 267 279 611 82 334 771 677 419 487 308 200 31 57 94 122 425 253 331 654 470 752 248 541 551 362 577 401 675 191 640 423 357 694 562 881 664 192 343 168 656 709 378 213 402 583 153 717 404 79 895 624 261 251 340 348 481 588 328 657 637 568 246 265 292 522 789 619 876 297 427 402 743 609 207 122 478 217 810 669 631 264 230 289 374 249 489 226 308 682 598 393 271 582 271 456 98 56 318 515 636 340 204 679 397 156 759 213 613 411 617 563 808 156 260 313 476 274 494 659 708 772 197 132 637 551 465 272 712 448 513 685 358 573 288 545 593 321 437 692 145 373 447 206 239 621 665 418 220 188 625 364 160 163 619 222 299 753
808 594 0 524 245 888 518 185 618 611 710 424 85 248 321 714 394 569 676 636 647 472 223 666 194 670 458 452 632 680 130 681 807 602 763 785 265 551 764 427 643 667 244 634 700 641 553 594 581 509 677 599 324 615 240 94 622 730 812 59 676 374 240 205 543 704 902 763 619 639 589 658 734 639 790 542 404 162 379 347 469 232 160 194 522 414 556 587 428 381 269 288 317 435 448 453 721 595 671 465 525 656 461 788 356 564 310 324 612 845 698 547 162 426 539 307 76 613 804 517 886 396 196 368 313 719 228 317 232 258 509 502 123 681 259 361 689 332 460 470 230 561 363 416 626 691 378 487 694 126 853 373 498 538 900 667 123 592 519 608 219 591 172 477 182 493 152 421 219 564 694 907 165 379 100 680 576 229 780 652 729 666 256 853 590 191 701 442 744 344 564 237 629 697 739 661 501 411 216 618 807 358 365 178 383 409 494 332 499 638 45 529 751 158
350 75 524 0 719 372 147 478 513 89 618 343 569 572 607 310 196 340 260 562 213 510 620 250 351 612 269 310 472 192 487 505 309 591 380 313 663 417 249 158 215 466 448 396 464 253 33 70 428 587 530 329 697 125 559 462 359 276 348 544 153 298 696 619 417 508 378 248 94 131 87 185 458 287 343 590 442 684 201 468 485 292 519 330 609 138 577 376 290 620 515 809 589 154 278 94 662 647 405 193 346 534 115 727 368 105 828 581 233 323 324 351 406 558 278 582 570 566 292 212 364 491 718 546 813 344 371 359 683 534 204 105 411 221 748 627 635 199 210 275 301 262 417 189 278 630 526 382 267 521 347 423 27 32 378 472 573 299 152 667 322 135 687 198 556 351 557 534 740 123 307 382 401 200 425 607 645 697 257 190 646 559 415 347 649 373 477 614 351 533 298 470 591 360 470 636 82 304 371 240 313 548 623 347 146 116 601 322 149 164 551 226 353 683
945 780 245 719 0 1058 743 251 862 798 951 506 283 460 527 947 549 812 905 633 871 711 125 802 430 651 570 547 877 843 232 715 967 577 870 1006 431 601 968 590 786 912 303 878 945 873 751 790 631 739 698 841 153 826 204 340 707 954 951 195 862 485 366 113 593 741 1086 967 809 816 795 817 801 755 1017 775 435 138 537 587 710 442 204 410 750 590 792 831 671 590 266 259 529 596 689 664 691 823 746 606 769 900 631 747 434 733 156 261 843 1025 933 626 406 388 779 520 171 603 1010 751 1064 398 209 596 101 830 356 410 46 483 644 670 318 902 36 264 663 520 595 579 455 676 607 568 862 929 611 549 922 198 1015 417 692 725 1097 912 148 832 745 544 452 809 237 615 173 737 163 397 134 782 813 1093 409 608 318 920 803 346 975 807 710 672 335 1015 818 433 946 660 978 318 666 476 609 796 803 897 715 654 460 747 963 585 271 398 592 610 440 443 653 854 201 656 867 179
187 297 888 372 1058 0 457 807 781 282 865 587 938 941 970 445 509 607 421 686 396 835 945 285 723 728 506 542 724 216 830 580 102 746 317 339 1034 575 221 469 286 696 762 630 671 451 350 309 564 909 615 575 1004 338 873 833 453 367 176 900 220 581 1068 949 580 564 81 223 279 249 340 243 467 357 392 902 689 1043 521 822 809 658 854 697 931 475 883 637 626 976 818 1176 952 462 607 461 760 951 460 454 638 787 430 804 645 326 1182 869 457 66 484 509 778 801 560 946 925 707 228 512 43 743 1084 899 1157 326 702 656 1017 901 423 389 769 359 1090 907 745 555 467 502 671 416 767 490 496 890 876 582 408 863 58 686 395 352 166 704 919 548 460 838 694 380 1055 447 886 658 895 777 1098 399 312 97 774 565 788 867 955 1070 174 255 732 661 728 58 956 745 687 957 472 810 445 839 728 375 478 911 426 645 743 338 113 903 902 714 518 486 819 620 405 347 910 418 293 1047
479 199 518 147 743 457 0 524 367 204 471 456 541 499 519 209 297 192 164 694 128 382 661 395 325 744 393 432 325 322 518 647 419 716 524 266 596 549 269 270 360 320 511 250 321 137 139 166 564 458 670 183 750 120 613 437 504 212 476 552 246 399 644 655 548 651 438 268 197 255 119 322 605 434 274 456 545 680 295 366 356 301 556 332 480 236 441 229 168 520 580 784 500 270 150 100 796 511 551 321 202 387 239 863 464 252 829 653 109 396 208 487 371 655 131 495 578 695 301 66 437 588 699 442 826 490 425 444 713 456 342 244 425 163 766 701 767 252 337 402 289 405 310 300 146 484 418 506 179 549 448 520 151 179 408 326 595 155 5 784 299 82 662 330 596 211 589 632 737 59 453 436 366 139 427 461 510 649 301 330 782 696 482 449 514 336 332 500 246 615 440 398 720 507 617 492 67 187 322 387 428 446 699 345 162 162 707 410 287 128 553 366 497 671
696 534 185 478 251 807 524 0 724 552 826 267 270 423 494 733 299 632 688 453 649 602 141 552 261 485 323 304 723 592 55 508 716 417 628 778 451 381 727 340 535 749 63 702 775 660 511 547 412 652 500 653 226 591 91 235 471 730 701 146 615 236 424 142 373 532 837 726 564 567 558 566 575 509 795 681 224 271 288 481 592 230 48 212 669 343 690 658 493 550 88 427 487 347 506 435 536 739 515 355 597 760 383 602 194 483 387 157 631 776 727 391 271 242 587 477 158 429 771 546 814 211 338 522 351 586 107 163 210 422 393 421 132 675 284 203 504 281 344 332 259 430 479 317 657 814 525 321 703 72 764 196 451 480 852 751 124 638 527 424 270 580 332 364 79 571 90 235 317 555 566 845 271 402 159 799 723 410 731 556 545 485 88 764 736 281 779 601 769 161 423 382 444 555 579 791 485 481 312 498 712 514 204 209 364 376 311 193 402 624 166 406 622 293
840 565 618 513 862 781 367 724 0 568 109 770 587 439 404 351 616 179 362 1025 384 168 829 762 462 1073 726 758 61 686 691 997 768 1033 892 471 524 885 561 604 727 106 742 153 150 329 506 529 904 195 1015 206 930 460 813 525 861 424 836 674 598 703 600 815 882 1004 736 560 558 618 476 688 968 799 433 165 835 750 608 280 158 511 735 515 207 566 136 145 254 360 805 785 390 607 253 441 1128 188 910 664 167 37 587 1197 751 618 886 879 324 714 310 831 464 925 237 393 695 1019 568 301 750 865 729 302 915 858 660 718 851 400 695 603 593 421 872 927 1097 537 677 738 472 762 255 628 284 116 277 831 378 712 787 804 513 546 675 100 736 234 362 1084 455 418 685 675 772 173 751 907 797 411 821 729 462 375 573 94 201 616 607 697 1119 1034 724 788 195 446 138 292 341 864 794 388 1043 873 979 130 431 256 415 753 778 314 928 516 460 483 988 696 642 439 664 720 864 722
275 17 611 89 798 282 204 552 568 0 668 382 657 660 694 310 256 390 264 571 218 584 693 203 441 620 301 343 521 117 566 498 222 610 328 279 752 430 184 215 170 508 516 437 498 270 71 39 435 661 527 370 765 120 628 551 348 256 272 628 65 351 786 694 432 495 291 184 17 50 93 121 430 259 319 660 486 769 265 552 559 379 595 417 683 208 646 425 365 705 579 897 676 209 350 180 666 715 386 228 406 584 170 727 421 92 912 641 259 234 335 360 496 603 331 669 653 580 230 269 276 538 805 630 893 299 444 419 760 622 221 139 495 209 827 685 642 281 246 303 390 260 499 243 306 684 608 407 264 599 258 472 113 73 300 515 653 340 209 692 412 154 775 228 631 416 634 579 825 157 263 296 491 286 510 661 715 787 180 132 647 562 482 259 718 463 512 695 351 589 298 559 605 326 442 695 154 381 461 213 228 632 681 434 236 204 639 381 175 156 636 234 299 770
936 666 710 618 951 865 471 826 109 668 0 879 671 510 463 423 725 278 443 1134 473 240 925 865 564 1183 835 867 146 784 791 1105 860 1141 994 541 585 994 643 713 830 168 847 236 198 416 608 628 1013 234 1124 298 1027 555 914 618 968 500 932 767 693 812 664 910 991 1113 814 642 657 717 575 789 1074 904 497 196 943 832 717 364 240 617 834 620 235 675 170 242 363 410 909 853 452 715 363 548 1237 183 1017 772 275 83 695 1306 860 723 962 982 416 798 382 940 561 1032 339 457 787 1128 645 405 831 972 804 368 997 961 766 826 942 475 802 709 694 506 958 1029 1206 646 785 847 578 869 350 737 372 40 347 941 457 810 876 912 618 650 747 161 830 328 465 1193 559 515 760 783 870 282 848 1014 877 510 924 805 560 485 672 33 204 682 691 799 1228 1143 829 877 191 546 182 335 405 969 902 475 1152 978 1085 85 536 365 515 858 871 379 1030 619 569 592 1096 804 749 531 755 828 966 802
447 367 424 343 506 587 456 267 770 382 879 0 504 611 674 651 160 626 601 257 554 698 382 308 376 304 83 45 747 376 311 264 487 263 364 654 668 133 566 188 301 757 206 694 768 587 374 396 162 765 268 631 423 468 304 427 203 619 454 404 434 69 661 393 126 284 633 566 398 376 430 347 310 252 686 784 104 537 164 600 679 291 315 313 786 220 783 661 515 717 243 692 662 190 517 357 359 846 249 154 610 800 227 429 72 292 651 284 562 570 659 124 420 222 567 652 421 249 612 507 603 158 601 665 608 324 196 107 461 593 168 246 312 565 541 320 327 233 136 84 333 176 573 157 602 879 657 69 609 338 536 99 323 327 669 762 391 606 461 327 362 476 589 154 335 597 355 197 584 458 309 644 417 394 346 859 835 652 554 333 354 273 178 535 845 407 778 747 691 223 160 535 272 290 315 870 394 515 430 252 480 660 315 325 314 298 258 96 206 507 421 168 362 557
871 641 85 569 283 938 541 270 587 657 671 504 0 179 249 726 459 563 691 721 667 430 292 731 219 755 532 530 608 736 215 764 863 688 833 806 181 633 799 489 706 647 329 623 684 654 595 637 663 456 760 597 388 647 320 106 699 750 874 134 722 450 157 272 625 786 946 798 663 690 624 716 812 710 806 492 489 163 443 308 432 281 243 242 467 471 509 576 427 312 353 243 249 496 449 489 806 540 749 532 515 624 518 873 438 620 304 405 625 892 704 625 170 511 542 240 139 698 836 530 933 481 158 312 327 790 307 398 282 200 577 560 194 704 287 440 774 387 528 545 267 633 336 482 633 648 328 569 710 209 907 457 544 586 937 647 194 593 541 692 248 619 121 545 261 481 229 506 212 592 763 949 175 402 164 639 520 147 819 711 814 751 340 907 535 204 683 379 751 428 639 198 714 770 818 615 535 408 220 685 864 302 444 225 423 453 579 410 561 666 114 598 820 138
908 647 248 572 460 941 499 423 439 660 510 611 179 0 72 648 521 459 624 851 610 272 469 779 245 891 617 626 472 759 370 875 880 828 896 747 99 744 768 540 749 516 471 507 557 583 590 631 773 284 878 498 567 617 488 190 786 689 909 306 720 547 164 450 737 894 933 767 662 702 604 744 903 775 735 321 621 330 506 167 281 333 406 302 292 512 342 462 347 132 510 346 69 547 370 480 944 365 839 595 408 475 557 1013 555 648 452 571 558 885 619 721 193 664 457 60 317 833 799 466 927 625 294 142 491 853 424 514 462 44 640 595 309 651 460 610 911 433 597 630 299 705 215 544 552 482 163 679 643 374 919 587 551 596 907 514 370 503 497 845 269 581 250 609 431 373 401 655 369 557 821 933 197 375 275 477 344 178 798 743 948 876 473 919 359 215 553 200 665 584 720 102 851 843 911 446 515 325 205 741 884 130 613 287 430 465 733 514 610 627 288 665 878 295
950 682 321 607 527 970 519 494 404 694 463 674 249 72 0 649 576 452 630 918 622 236 541 826 302 959 675 687 444 798 442 938 916 897 946 754 121 807 788 591 794 491 542 492 534 589 623 663 836 231 943 492 638 640 560 260 843 697 951 378 751 609 200 521 801 956 957 786 694 738 631 785 961 826 737 269 689 393 561 159 250 390 478 362 235 561 293 449 357 63 582 389 18 598 379 513 1012 306 896 648 401 439 604 1082 621 690 507 643 566 913 617 782 254 735 459 24 388 900 815 479 954 694 349 102 551 904 491 580 531 81 693 641 377 664 525 682 979 485 651 689 353 759 215 598 554 433 130 743 650 446 952 655 589 634 925 487 441 501 517 916 322 602 307 662 503 367 473 726 428 578 871 956 257 407 344 430 284 219 820 786 1015 942 542 953 300 271 528 137 662 656 776 144 919 897 969 393 544 336 255 791 921 92 686 349 471 507 804 578 659 645 360 718 927 357
543 317 714 310 947 445 209 733 351 310 423 651 726 648 649 0 495 203 49 871 97 451 869 510 520 921 579 620 290 410 725 806 454 902 628 120 747 726 224 462 479 255 721 197 227 74 283 278 736 515 834 162 959 193 823 627 657 77 537 754 307 599 806 863 727 805 390 222 294 351 228 424 740 569 89 497 745 875 496 489 426 508 764 537 533 433 472 220 303 631 790 964 630 460 280 305 970 535 696 503 251 350 424 1033 666 394 1023 862 103 378 41 659 558 858 191 628 779 876 221 197 409 791 884 555 1027 605 635 650 919 603 513 414 630 102 969 910 943 460 521 586 491 564 435 494 95 452 527 692 46 756 462 722 328 333 324 263 800 147 206 976 496 174 845 509 805 283 796 835 930 192 570 382 554 338 629 429 544 816 272 438 952 866 691 463 541 525 243 588 41 823 602 556 901 635 753 479 259 324 505 524 468 562 908 548 371 368 906 615 459 154 753 532 598 861
414 239 394 196 549 509 297 299 616 256 725 160 459 521 576 495 0 467 445 409 400 559 439 273 276 458 111 142 590 294 321 386 420 423 377 509 596 268 438 41 248 598 260 534 608 429 229 258 289 631 401 471 508 320 372 361 269 470 418 396 317 104 607 442 265 398 538 437 270 267 283 269 387 254 537 645 250 539 15 475 539 189 345 224 652 61 641 502 362 608 323 682 561 47 362 197 512 707 323 74 454 645 85 581 173 183 675 386 404 476 501 220 330 363 407 552 420 405 483 346 515 296 588 547 648 334 193 164 509 495 120 121 271 415 581 431 481 92 75 123 223 183 439 23 443 728 535 216 455 354 467 228 172 188 557 603 410 446 301 487 253 322 566 87 378 443 386 340 593 303 305 545 325 241 296 707 698 603 436 261 502 417 226 467 707 306 618 626 535 337 201 431 429 321 396 722 236 365 321 226 418 544 428 240 156 138 411 126 106 358 408 144 362 548
661 388 569 340 812 607 192 632 179 390 278 626 563 459 452 203 467 0 197 874 211 248 755 586 384 924 573 608 132 507 610 835 589 890 715 319 557 731 391 448 551 131 636 70 145 160 329 350 748 314 856 41 853 281 723 476 694 265 657 617 419 563 622 744 729 841 567 389 379 440 297 510 798 627 292 299 703 721 461 294 223 404 653 420 333 411 278 36 142 430 704 791 434 449 126 277 977 345 742 505 51 195 424 1045 619 444 867 779 149 541 167 672 407 804 62 433 641 872 404 128 578 740 719 354 881 682 550 592 792 414 531 435 510 250 829 827 947 399 519 583 373 596 243 475 116 294 326 683 216 637 610 675 342 372 514 136 672 60 187 950 367 239 677 515 693 86 678 784 774 232 645 562 403 239 499 271 350 633 435 520 965 879 612 611 350 378 152 385 210 752 630 376 896 700 809 308 259 158 352 580 600 363 827 426 312 329 863 564 476 261 612 556 687 701
506 270 676 260 905 421 164 688 362 264 443 601 691 624 630 49 445 197 0 821 47 444 825 465 482 871 529 570 303 367 682 758 421 852 586 124 723 677 200 412 434 275 674 209 253 40 234 230 687 512 785 160 914 145 777 591 609 67 500 714 266 550 779 819 677 758 374 198 248 306 180 380 695 523 114 497 695 837 446 470 418 465 720 495 531 384 475 222 276 617 743 932 611 410 253 257 921 540 649 454 240 366 374 984 617 346 986 814 66 354 71 610 523 809 171 608 740 826 207 162 388 742 850 539 987 561 589 601 877 579 464 365 588 63 928 862 894 413 471 536 450 516 414 444 81 469 512 642 19 713 433 673 278 284 316 282 758 138 161 927 457 125 812 459 760 269 753 786 893 142 525 367 518 298 588 446 547 788 247 393 903 817 644 434 546 489 268 579 91 774 554 529 851 590 707 492 210 298 471 477 434 546 860 507 325 320 857 566 409 107 714 483 556 825
506 559 636 562 633 686 694 453 1025 571 1134 257 721 851 918 871 409 874 821 0 774 955 513 413 627 50 301 266 999 516 508 118 585 72 380 850 897 145 740 426 428 1006 392 940 1013 814 587 596 136 1022 84 875 501 679 440 662 237 826 516 599 604 326 876 531 146 144 753 741 588 545 642 489 241 337 890 1041 232 709 416 856 937 546 491 563 1043 463 1041 910 770 965 385 866 907 425 771 598 103 1103 227 373 863 1054 455 172 297 480 789 371 793 694 886 212 666 245 814 897 609 32 783 750 716 245 784 918 728 361 427 338 588 839 357 457 543 775 669 376 73 490 357 292 588 310 830 398 837 1135 912 193 826 523 628 265 547 537 811 1011 565 848 699 162 616 697 783 365 494 852 523 236 744 684 374 767 664 649 577 1115 1092 863 715 472 97 41 382 628 1102 657 1024 1000 912 317 272 784 43 312 235 1127 628 771 682 372 573 912 369 573 565 545 206 346 412 719 620 339 398 739
468 223 647 213 871 396 128 649 384 218 473 554 667 610 622 97 400 211 47 774 0 450 788 420 453 824 482 523 329 325 645 711 387 805 543 139 709 629 180 366 388 305 633 237 288 56 186 183 639 521 738 178 875 98 737 564 562 83 462 681 225 504 762 783 629 710 357 178 203 262 132 336 649 476 146 509 650 809 401 463 424 430 683 461 541 339 489 240 264 613 701 909 603 364 242 215 873 556 602 406 247 392 327 936 572 299 957 772 62 330 116 562 497 764 171 599 707 779 197 143 367 696 825 535 955 516 548 557 841 566 416 317 553 42 895 820 846 372 424 488 418 468 407 398 100 496 509 595 55 677 403 628 231 236 308 313 724 151 127 880 427 78 788 412 723 272 717 740 865 97 481 351 492 267 556 472 561 769 223 349 855 769 602 404 561 462 303 581 138 731 506 512 804 544 661 515 167 286 447 430 399 541 817 474 285 277 811 522 362 62 682 435 513 798
858 577 472 510 711 835 382 602 168 584 240 698 430 272 236 451 559 248 444 955 450 0 691 757 345 1002 670 695 209 700 562 946 802 952 886 567 356 823 629 558 722 257 630 270 301 404 514 547 847 76 959 288 793 498 686 382 823 512 856 530 629 628 432 675 819 958 805 627 579 634 502 696 937 779 539 86 746 592 548 125 26 413 604 407 98 521 88 233 220 196 688 618 222 563 234 422 1057 148 876 620 203 203 553 1127 665 611 723 759 388 772 413 779 331 822 278 225 549 945 647 323 811 768 565 134 756 848 556 628 704 235 658 579 469 491 717 805 1024 469 629 683 371 727 126 576 362 218 109 764 463 578 830 712 501 542 758 253 594 306 378 992 347 456 521 633 639 178 614 807 636 439 811 801 331 327 444 208 139 449 669 701 1052 970 618 831 147 322 294 138 455 753 754 235 967 854 948 190 431 207 291 736 810 145 806 402 413 445 889 612 611 490 517 685 861 561
825 676 223 620 125 945 661 141 829 693 925 382 292 469 541 869 439 755 825 513 788 691 0 682 373 534 450 425 835 729 145 591 851 460 747 918 467 476 869 480 669 866 183 824 894 796 652 689 506 731 575 780 101 733 79 308 582 869 831 164 756 367 418 21 468 617 978 868 705 707 700 703 676 633 934 764 310 207 428 566 686 361 104 336 745 485 777 778 613 602 141 358 539 487 629 575 577 818 621 491 716 866 524 636 312 622 278 143 766 916 861 501 364 270 715 529 152 484 913 678 954 274 286 591 226 707 249 291 78 482 526 561 245 815 161 160 548 423 479 458 383 555 576 457 790 909 601 424 841 118 900 292 593 622 994 867 99 766 664 437 388 720 298 499 64 687 78 277 233 695 691 985 366 533 257 896 799 399 873 692 593 551 217 900 813 384 897 665 904 195 543 458 492 672 678 881 625 600 414 628 847 582 166 329 503 517 328 325 540 764 181 537 745 244
143 200 666 250 802 285 395 552 762 203 865 308 731 779 826 510 273 586 465 413 420 757 682 0 538 458 232 263 718 108 584 319 183 467 129 459 861 291 338 243 35 708 499 637 701 473 256 240 283 833 352 570 731 323 606 632 175 449 149 666 208 316 878 689 296 310 343 338 217 159 295 87 232 75 506 838 407 808 288 702 733 455 600 493 856 267 827 622 538 849 548 954 809 236 527 335 497 896 198 202 596 781 222 551 372 146 938 592 461 283 537 224 594 517 526 801 688 430 378 461 308 460 860 779 903 96 454 391 758 747 159 185 543 407 836 628 478 349 209 226 483 132 656 250 508 879 762 297 464 616 230 407 256 217 398 715 671 540 400 557 511 356 838 190 628 601 642 493 860 356 60 356 589 434 569 856 893 875 306 72 473 394 466 230 899 566 714 852 550 531 159 682 452 126 244 886 332 550 574 55 174 779 622 510 357 321 533 359 171 358 679 145 104 819
671 426 194 351 430 723 325 261 462 441 564 376 219 245 302 520 276 384 482 627 453 345 373 538 0 671 373 386 464 527 230 638 652 615 651 592 323 509 579 296 508 493 285 452 522 447 377 419 536 403 645 411 472 427 350 113 541 537 673 235 505 309 346 361 503 656 728 578 446 476 405 510 659 529 596 428 406 355 261 232 333 88 273 64 422 270 434 406 242 340 344 462 288 303 259 269 726 488 594 349 343 498 316 796 330 413 504 418 418 674 504 480 56 477 348 278 260 613 617 323 716 424 374 290 506 608 211 290 408 220 395 356 130 488 450 464 693 188 351 387 54 459 219 298 432 553 285 445 500 254 695 372 327 371 717 494 288 401 326 649 29 401 340 363 312 314 294 462 411 374 577 731 51 186 115 538 474 346 599 507 725 648 272 695 486 30 524 372 550 407 475 159 633 598 667 533 315 227 55 497 655 285 465 57 205 237 544 282 367 448 232 420 634 345
545 609 670 612 651 728 744 485 1073 620 1183 304 755 891 959 921 458 924 871 50 824 1002 534 458 671 0 351 316 1048 562 540 150 628 74 417 899 933 195 788 476 475 1056 426 990 1063 865 637 646 185 1068 114 925 513 729 464 701 282 876 556 631 652 373 909 553 196 172 796 788 637 594 692 536 273 383 940 1088 269 735 465 900 984 591 521 606 1088 512 1088 959 819 1006 412 890 948 475 820 648 54 1149 268 423 912 1103 505 125 340 529 807 390 844 738 936 261 708 263 864 938 639 58 831 800 758 274 811 961 743 402 467 381 606 880 407 507 582 825 686 389 23 538 407 342 633 359 876 448 887 1183 956 242 876 554 669 303 598 587 856 1061 592 898 749 142 660 747 812 415 520 900 550 259 767 734 417 810 706 698 616 1164 1138 896 762 519 59 66 419 669 1148 700 1073 1043 962 341 321 826 42 352 265 1175 678 819 726 419 615 955 382 616 614 595 213 390 462 768 651 388 437 766
375 286 458 269 570 506 393 323 726 301 835 83 532 617 675 579 111 573 529 301 482 670 450 232 373 351 0 42 698 294 360 275 407 324 307 575 684 158 484 124 221 704 267 638 711 518 298 316 178 742 289 573 499 392 374 444 169 543 381 447 351 87 687 458 156 288 550 484 317 292 354 265 286 186 610 757 187 587 122 584 650 285 371 315 763 161 753 608 473 712 315 738 661 123 472 296 404 818 221 75 562 754 155 472 140 210 710 363 495 487 591 109 424 305 512 652 468 301 529 449 521 241 645 653 672 264 233 160 526 594 85 167 338 490 605 401 375 201 58 13 324 106 550 97 538 839 643 113 536 390 456 180 251 249 585 709 445 547 398 398 354 404 629 72 397 553 413 280 637 388 243 561 420 352 369 818 809 680 471 252 393 307 235 456 818 404 722 734 620 304 106 532 326 238 293 833 328 476 423 177 401 650 396 330 266 244 338 130 125 432 463 88 299 602
402 328 452 310 547 542 432 304 758 343 867 45 530 626 687 620 142 608 570 266 523 695 425 263 386 316 42 0 732 332 346 253 442 284 323 617 689 128 526 162 256 740 245 675 748 559 340 359 152 765 263 610 468 434 347 448 169 585 409 436 392 80 686 434 124 269 589 526 359 334 396 303 282 208 652 782 148 573 150 604 676 299 353 325 786 197 779 643 504 727 287 726 674 162 504 334 369 843 218 117 596 787 196 439 112 252 691 329 535 526 631 95 434 264 548 664 455 264 571 486 558 202 635 671 649 282 224 141 503 606 125 209 336 532 582 365 339 226 100 40 339 131 573 132 577 869 662 74 578 374 490 144 292 292 626 745 428 584 437 356 369 445 621 115 376 585 394 240 621 429 266 599 430 382 368 849 834 678 513 289 360 276 216 490 843 417 758 752 661 268 118 545 288 250 288 863 368 506 438 207 435 667 360 338 298 279 296 120 168 474 453 123 319 591
790 519 632 472 877 724 325 723 61 521 146 747 608 472 444 290 590 132 303 999 329 209 835 718 464 1048 698 732 0 638 694 965 715 1011 847 410 562 857 503 574 684 48 736 93 93 273 462 481 875 250 985 152 936 409 813 537 825 364 785 685 546 681 635 822 855 971 677 502 510 570 428 642 930 759 372 222 818 771 583 306 193 502 738 511 263 537 194 96 237 405 801 817 428 576 230 406 1102 249 874 633 137 63 553 1171 734 577 911 876 270 657 249 801 473 914 194 431 708 995 509 259 692 851 755 342 935 815 652 704 862 430 661 566 594 364 889 924 1072 516 646 709 466 726 272 601 228 166 315 806 318 717 732 788 474 504 615 43 745 181 319 1067 453 369 712 643 776 154 757 894 820 363 778 670 470 353 578 143 261 650 550 652 1092 1006 715 733 256 451 84 342 280 856 760 410 1019 833 941 188 391 244 421 713 726 352 924 514 434 454 975 678 607 385 676 686 819 745
158 123 680 192 843 216 322 592 686 117 784 376 736 759 798 410 294 507 367 516 325 700 729 108 527 562 294 332 638 0 615 426 127 566 218 352 847 386 230 255 87 622 546 552 611 380 186 157 383 777 458 486 789 231 657 632 280 345 156 689 103 366 874 733 390 418 256 230 127 67 209 29 339 180 400 777 480 832 307 661 675 454 638 493 799 266 763 542 480 813 603 969 780 248 466 286 603 833 306 238 524 701 219 658 431 116 969 656 372 194 439 316 584 595 449 773 713 531 270 387 227 534 876 739 942 196 487 441 802 723 209 177 559 307 875 695 583 348 252 291 473 215 610 274 418 802 719 381 364 649 173 474 209 163 299 630 704 456 327 654 499 269 850 232 671 534 679 571 886 275 163 267 579 392 580 778 832 873 199 44 579 499 512 173 836 552 625 807 449 598 250 658 554 232 351 813 268 495 555 144 127 741 690 511 328 293 620 405 189 262 699 209 188 837
728 548 130 487 232 830 518 55 691 566 791 311 215 370 442 725 321 610 682 508 645 562 145 584 230 540 360 346 694 615 0 559 741 472 667 778 396 431 735 360 565 723 116 679 751 651 519 557 462 609 553 634 242 595 124 187 515 727 733 93 630 273 369 137 423 583 855 735 577 585 563 590 622 546 791 639 277 227 308 439 554 216 43 191 625 358 649 634 469 499 140 380 436 367 484 434 591 696 561 384 572 727 401 657 240 503 354 202 622 795 716 436 230 296 569 426 109 484 778 533 834 266 290 475 327 624 129 205 197 372 424 440 100 674 261 244 559 287 374 370 238 466 441 341 645 776 480 370 697 33 789 248 460 493 865 724 88 621 520 478 243 580 280 394 82 544 71 290 277 554 603 861 231 388 118 762 678 355 743 582 600 539 134 789 692 245 754 553 759 215 463 336 499 596 626 752 485 456 276 531 739 466 247 184 362 379 365 229 427 625 113 440 659 245
396 489 681 505 715 580 647 508 997 498 1105 264 764 875 938 806 386 835 758 118 711 946 591 319 638 150 275 253 965 426 559 0 481 189 267 772 932 131 655 393 340 966 444 898 968 757 527 528 102 1017 36 831 594 613 513 691 150 755 406 653 522 329 921 607 138 28 650 656 515 465 578 401 123 246 816 1032 285 775 397 857 925 552 551 576 1038 431 1028 872 746 979 453 933 926 390 744 558 180 1093 122 332 830 1023 411 232 325 412 869 456 739 593 826 166 684 336 774 916 667 147 696 708 612 316 846 925 813 254 458 366 668 857 304 403 575 707 751 470 166 476 320 262 593 243 825 370 784 1110 915 196 761 580 521 312 496 477 714 972 628 803 653 280 622 637 840 321 561 824 587 321 816 628 272 665 681 625 609 1089 1085 910 625 385 154 84 426 521 1093 669 980 1006 848 396 207 798 161 205 117 1107 580 750 691 287 468 921 463 589 539 513 311 361 359 652 672 280 287 801
101 234 807 309 967 102 419 716 768 222 860 487 863 880 916 454 420 589 421 585 387 802 851 183 652 628 407 442 715 127 741 481 0 644 225 367 970 472 237 382 186 693 668 624 674 444 294 256 462 878 516 562 907 309 778 758 351 380 91 816 173 485 999 857 477 466 169 238 224 178 300 150 372 254 420 874 588 959 433 774 776 581 763 620 900 393 858 622 585 928 721 1096 898 375 569 402 661 927 360 360 614 778 346 708 547 243 1095 770 444 116 490 407 709 700 536 891 840 605 262 480 130 642 1003 852 1066 227 612 561 925 843 326 305 686 357 999 808 646 476 372 403 599 314 721 399 487 881 830 480 412 774 48 586 329 283 240 700 830 533 423 736 624 351 977 352 794 629 804 676 1013 364 211 184 704 508 707 858 929 999 190 159 634 562 634 48 931 677 689 916 488 711 342 779 627 276 383 897 376 602 678 236 15 855 802 637 450 416 716 526 314 329 826 319 198 965
570 598 602 591 577 746 716 417 1033 610 1141 263 688 828 897 902 423 890 852 72 805 952 460 467 615 74 324 284 1011 566 472 189 644 0 446 890 867 181 786 446 479 1021 359 957 1031 842 619 633 183 1016 157 894 439 713 391 638 293 862 579 561 649 330 841 479 178 216 810 786 627 589 675 538 311 392 928 1038 209 662 428 847 935 539 451 551 1036 481 1039 924 778 947 341 817 887 446 781 618 119 1099 292 399 874 1063 480 185 286 518 733 317 820 750 915 252 650 190 831 877 568 42 830 769 773 206 738 904 669 424 407 325 532 819 391 487 519 810 612 315 87 496 382 316 581 354 826 416 861 1140 901 210 859 484 688 243 575 570 864 1026 521 868 721 93 607 727 741 393 448 860 479 186 693 712 434 823 648 658 553 1121 1087 826 763 522 133 113 355 688 1098 644 1041 987 943 269 317 768 34 375 306 1129 652 777 671 421 632 898 308 559 577 561 140 340 443 753 582 376 462 694
130 328 763 380 870 317 524 628 892 328 994 364 833 896 946 628 377 715 586 380 543 886 747 129 651 417 307 323 847 218 667 267 225 446 0 564 974 296 436 355 165 836 569 765 827 597 385 367 276 962 303 698 781 447 668 739 171 563 141 754 321 394 985 757 304 248 393 437 341 281 421 207 149 123 614 967 447 894 393 828 862 566 676 602 985 385 957 751 667 972 607 1045 930 348 657 464 445 1026 154 303 726 910 342 486 436 276 1014 638 587 341 658 249 706 543 655 921 775 405 471 590 353 497 952 904 972 43 540 464 825 866 257 309 641 525 906 667 433 463 305 296 597 201 782 354 634 1009 887 329 582 696 259 457 385 347 464 843 751 668 529 540 627 482 934 290 699 731 717 521 943 484 75 408 702 561 669 986 1023 979 397 196 416 350 539 259 1028 681 841 978 667 575 204 802 424 77 160 1016 462 679 692 155 210 903 660 618 481 447 542 437 286 480 769 235 30 909
463 291 785 313 1006 339 266 778 471 279 541 654 806 747 754 120 509 319 124 850 139 567 918 459 592 899 575 617 410 352 778 772 367 890 564 0 846 709 130 471 433 374 756 318 343 165 281 258 714 632 803 279 1002 189 864 704 622 57 455 818 251 612 900 914 711 767 277 129 262 306 226 373 691 527 53 616 754 947 514 594 541 564 814 597 651 450 592 339 399 741 824 1049 736 468 377 343 944 655 655 500 364 469 428 1003 682 371 1096 892 189 274 161 639 636 871 296 733 844 859 111 281 301 804 965 664 1092 548 674 672 975 702 499 408 688 104 1031 939 921 496 518 579 555 539 539 503 204 571 637 685 105 810 366 736 337 326 206 382 858 260 265 971 565 198 927 502 853 394 849 847 1004 224 516 267 631 406 693 548 664 908 176 388 923 839 724 367 661 602 359 702 136 847 577 650 884 585 703 598 292 421 586 484 382 671 936 610 415 402 912 635 450 154 820 513 534 937
994 739 265 663 431 1034 596 451 524 752 585 668 181 99 121 747 596 557 723 897 709 356 467 861 323 933 684 689 562 847 396 932 970 867 974 846 0 800 866 619 832 607 507 603 650 683 683 725 830 352 931 596 558 714 501 241 853 788 995 315 813 608 79 446 793 952 1029 865 755 792 700 831 970 851 834 390 664 293 581 263 368 407 424 372 355 593 415 558 447 178 534 269 134 626 469 573 985 424 905 670 506 559 640 1052 607 734 392 587 657 980 718 785 267 692 556 131 317 875 897 565 1022 660 238 221 443 930 474 566 443 144 716 679 356 750 424 619 952 512 670 697 378 778 314 619 652 554 247 735 743 390 1010 632 642 686 1005 604 372 602 595 873 350 679 198 684 441 471 409 686 320 654 900 1029 272 470 323 552 402 99 894 829 991 925 514 1011 417 296 644 255 764 610 789 198 892 917 977 514 610 425 292 820 973 210 624 356 519 554 760 572 690 725 294 740 957 254
407 418 551 417 601 575 549 381 885 430 994 133 633 744 807 726 268 731 677 145 629 823 476 291 509 195 158 128 857 386 431 131 472 181 296 709 800 0 604 283 299 863 318 796 869 670 443 454 30 893 136 731 494 535 397 560 126 684 417 525 468 199 790 490 8 153 635 605 447 408 498 358 199 218 749 910 165 651 277 730 804 423 427 445 914 320 908 767 631 849 336 808 795 281 631 454 246 971 149 228 721 913 310 314 194 338 753 352 648 573 741 70 553 247 670 785 540 150 649 606 599 207 720 796 702 265 326 235 555 726 213 312 443 632 638 375 218 354 212 148 464 173 700 256 692 997 788 64 682 454 518 187 402 393 685 868 504 704 554 268 493 552 712 220 440 711 464 226 694 539 266 647 550 510 477 976 962 780 583 342 234 149 297 518 971 539 880 878 768 289 136 668 174 219 201 990 483 633 562 243 462 792 368 458 424 403 247 229 267 575 544 196 305 675
333 200 764 249 968 221 269 727 561 184 643 566 799 768 788 224 438 391 200 740 180 629 869 338 579 788 484 526 503 230 735 655 237 786 436 130 866 604 0 397 315 474 696 410 450 232 216 180 605 700 687 357 945 152 807 693 507 147 325 789 136 535 911 868 607 648 176 1 169 196 175 253 568 409 182 690 670 926 446 632 602 533 768 570 721 385 669 419 432 785 761 1042 769 392 411 311 831 736 536 412 427 566 352 887 605 274 1072 824 242 154 263 534 630 788 350 764 815 753 45 311 188 722 954 707 1060 422 620 602 932 726 402 323 656 140 996 869 809 448 430 486 534 431 576 426 277 669 681 588 186 769 239 656 276 249 139 482 821 331 271 871 551 186 920 412 805 450 806 763 983 211 392 172 625 400 666 646 741 916 48 270 808 727 662 240 741 595 465 757 254 773 469 667 777 462 580 692 264 452 586 369 251 712 865 586 381 358 822 564 359 143 794 412 406 922
382 198 427 158 590 469 270 340 604 215 713 188 489 540 591 462 41 448 412 426 366 558 480 243 296 476 124 162 574 255 360 393 382 446 355 471 619 283 397 0 216 579 301 513 587 398 190 218 301 631 411 448 549 283 413 389 265 433 385 433 276 140 635 483 281 402 497 397 229 226 245 232 380 234 501 643 284 576 52 482 536 212 385 249 653 37 638 483 353 620 364 716 575 7 350 172 529 704 318 61 439 631 44 597 210 143 713 427 374 436 471 227 351 400 387 567 457 425 442 324 474 333 623 556 687 312 234 204 550 511 102 80 305 379 621 472 499 107 72 135 241 171 442 31 415 717 542 236 421 394 429 265 135 148 515 585 449 422 275 516 271 288 599 74 419 431 426 376 631 270 281 504 347 233 328 696 697 631 395 224 517 431 267 429 705 325 597 633 503 377 196 447 450 306 390 714 206 358 337 201 380 554 468 267 146 120 445 167 72 321 444 129 338 583
165 167 643 215 786 286 360 535 727 170 830 301 706 749 794 479 248 551 434 428 388 722 669 35 508 475 221 256 684 87 565 340 186 479 165 433 832 299 315 216 0 674 485 603 667 440 221 207 295 799 372 536 721 290 594 605 193 420 169 644 182 302 851 675 303 334 337 315 185 128 261 61 261 94 479 803 403 787 263 669 698 428 583 465 821 238 792 588 503 816 536 931 777 209 492 300 516 861 222 181 561 746 191 572 362 111 919 584 428 275 505 230 564 516 491 769 667 443 356 426 304 457 837 746 887 131 435 377 743 716 142 153 520 377 820 622 495 321 191 217 453 131 622 226 475 844 728 298 433 597 234 400 221 182 385 681 653 506 365 568 481 323 814 171 613 566 625 492 840 322 94 349 560 400 544 821 858 848 287 44 493 412 451 234 864 536 680 818 519 525 164 651 466 156 273 851 297 515 543 57 179 746 616 483 324 288 537 343 144 326 657 133 139 797
772 508 667 466 912 696 320 749 106 508 168 757 647 516 491 255 598 131 275 1006 305 257 866 708 493 1056 704 740 48 622 723 966 693 1021 836 374 607 863 474 579 674 0 759 70 44 248 453 469 879 298 987 138 965 391 840 572 824 331 766 719 528 693 680 853 860 971 645 473 495 556 414 629 925 753 332 270 833 810 593 349 240 524 766 537 312 543 242 96 257 453 825 861 475 581 247 408 1109 294 871 636 153 95 555 1177 749 570 951 900 251 629 214 804 506 932 192 477 742 1004 476 257 662 868 797 388 973 805 673 720 896 474 661 564 622 337 925 948 1079 529 650 714 491 725 311 607 205 196 361 814 288 748 707 803 471 498 580 7 778 167 314 1081 480 353 753 646 805 178 787 912 860 351 768 637 503 367 608 174 307 695 522 640 1097 1011 736 708 301 482 36 391 240 877 760 450 1028 826 936 225 387 268 453 706 704 399 948 541 443 461 991 693 606 365 711 686 807 785
642 499 244 448 303 762 511 63 742 516 847 206 329 471 542 721 260 636 674 392 633 630 183 499 285 426 267 245 736 546 116 444 668 359 569 756 507 318 696 301 485 759 0 707 781 649 482 515 349 686 437 654 248 567 112 281 409 710 648 209 578 183 484 190 310 469 796 695 529 526 532 519 512 452 777 712 161 334 250 513 618 234 109 227 704 310 719 665 501 595 69 490 533 307 512 417 478 772 453 308 605 777 345 545 133 441 445 142 620 734 718 329 305 195 587 523 222 369 740 541 771 154 402 561 404 528 86 107 259 467 343 381 167 655 337 191 445 261 295 276 270 373 505 275 650 837 562 258 687 136 716 132 422 446 817 761 186 636 515 374 287 560 395 315 130 582 149 184 379 536 510 804 304 399 198 821 756 471 696 508 485 423 34 716 769 308 786 642 758 122 364 421 385 495 516 818 466 492 339 444 663 553 190 228 349 355 264 141 357 602 229 353 565 357
702 437 634 396 878 630 250 702 153 437 236 694 623 507 492 197 534 70 209 940 237 270 824 637 452 990 638 675 93 552 679 898 624 957 765 318 603 796 410 513 603 70 707 0 74 180 382 398 812 325 920 67 922 321 793 540 754 270 696 683 458 631 671 813 794 902 583 408 425 485 343 558 854 682 281 303 773 783 529 340 248 474 722 490 342 477 277 47 210 462 774 846 475 515 195 342 1043 338 801 569 109 156 487 1111 689 499 928 849 180 564 156 736 472 875 126 475 707 939 415 189 598 810 777 391 945 734 621 662 859 463 593 495 579 271 894 898 1013 469 584 648 443 656 294 542 136 259 363 749 224 706 640 744 402 427 521 77 739 97 245 1019 436 282 734 578 762 142 746 854 835 281 697 576 468 310 567 236 348 685 456 569 1030 944 683 641 344 445 83 408 191 823 691 431 963 755 866 282 318 224 417 636 635 400 897 496 381 396 933 633 538 295 677 617 736 762
757 500 700 464 945 671 321 775 150 498 198 768 684 557 534 227 608 145 253 1013 288 301 894 701 522 1063 711 748 93 611 751 968 674 1031 827 343 650 869 450 587 667 44 781 74 0 232 448 460 884 343 991 138 993 380 866 606 824 304 751 751 513 706 721 883 867 972 617 448 485 546 406 619 922 749 298 314 848 846 604 390 283 547 794 562 356 551 286 116 282 497 848 901 518 588 269 415 1116 337 870 641 178 134 560 1183 764 566 988 923 239 605 187 808 539 949 201 519 774 1012 448 262 636 885 835 432 1008 797 695 737 927 515 664 565 650 316 959 971 1086 544 656 721 516 726 349 615 192 230 404 823 264 776 686 819 472 495 549 50 808 165 315 1094 507 344 792 650 833 207 816 929 897 346 761 609 535 384 637 208 351 736 498 631 1103 1016 757 687 344 513 15 436 207 897 761 488 1037 821 933 263 388 294 485 702 686 442 971 567 456 470 1007 708 608 350 744 687 797 822
525 274 641 253 873 451 137 660 329 270 416 587 654 583 589 74 429 160 40 814 56 404 796 473 447 865 518 559 273 380 651 757 444 842 597 165 683 670 232 398 440 248 649 180 232 0 229 233 681 473 782 124 886 150 750 555 608 108 519 680 281 533 739 789 669 757 408 230 256 316 180 390 699 526 152 460 678 802 428 429 379 434 691 463 493 367 438 186 236 576 718 894 570 397 213 235 915 504 651 443 201 336 362 980 599 346 950 790 29 384 72 604 486 790 130 567 706 818 243 124 420 723 813 498 953 569 563 580 845 539 457 358 556 91 895 838 888 389 460 526 417 513 373 429 45 439 471 632 60 682 459 655 267 279 354 256 726 99 133 914 422 119 774 450 731 229 722 767 857 130 533 402 481 264 555 416 510 748 277 402 898 812 619 460 509 452 246 538 109 752 550 489 843 596 711 460 192 258 433 480 456 505 836 474 299 298 840 546 402 118 679 478 567 788
