226
0 311 603 308 834 248 542 407 173 651 629 345 138 289 430 229 416 698 92 760 547 475 55 266 839 462 936 549 336 246 549 667 85 465 636 525 522 354 704 500 348 610 352 698 686 287 268 292 430 494 442 632 203 352 570 215 611 326 807 227 597 376 673 330 186 603 495 649 88 173 608 565 665 418 304 642 407 334 691 357 638 469 676 204 195 537 397 101 522 683 522 233 133 698 447 281 136 548 703 200 114 576 544 138 309 185 595 645 903 492 617 666 548 108 857 275 189 320 458 278 544 309 366 52 300 560 316 678 132 438 456 231 507 284 308 446 498 693 566 343 241 638 592 370 149 712 471 321 770 587 517 590 391 671 408 239 512 596 308 362 538 342 541 266 273 173 617 443 203 339 451 590 185 650 146 100 383 404 429 318 80 283 675 558 502 411 466 485 466 383 676 652 534 357 525 300 582 336 129 87 723 638 341 460 259 503 214 273 295 447 416 669 298 671 368 638 496 469 148 245 573 521 224 84 638 650
311 0 728 181 1088 495 685 648 400 756 727 239 297 258 734 510 432 991 299 1025 531 600 334 575 1077 463 1192 658 268 555 583 830 395 458 854 801 831 234 945 766 348 916 565 711 967 597 579 477 710 692 742 943 491 645 623 490 922 564 1062 338 904 687 966 59 285 911 496 839 339 483 901 866 955 413 56 953 227 606 833 121 949 752 982 297 399 829 203 276 819 983 526 439 244 1000 753 512 313 857 669 502 412 703 731 447 421 438 841 935 1157 766 605 697 847 411 1115 563 397 546 633 561 854 237 68 355 79 822 595 844 374 583 732 423 558 590 38 400 767 935 775 654 275 949 522 606 459 996 746 632 1052 684 560 544 173 960 703 149 487 809 551 453 841 622 812 135 91 171 925 740 108 399 618 819 494 802 323 248 689 253 313 605 336 478 754 862 547 458 643 386 732 610 972 938 696 554 757 25 821 633 215 373 934 931 502 762 130 730 283 570 414 479 664 696 529 963 652 910 786 725 166 127 823 830 535 242 915 723
603 728 0 849 522 797 66 922 760 60 64 903 740 868 775 740 315 616 695 510 305 132 548 646 464 309 608 73 909 559 212 127 608 319 265 945 769 907 378 950 388 669 908 257 536 603 634 876 866 186 804 814 478 778 167 741 794 864 503 408 856 618 598 784 466 691 292 185 514 567 945 882 1007 343 768 781 934 820 106 652 808 887 703 448 407 523 915 701 867 654 277 818 721 682 584 350 739 686 350 671 532 27 150 571 315 435 341 987 571 415 292 211 873 546 552 751 414 872 165 763 693 876 794 625 654 388 794 144 472 164 419 372 201 686 694 387 941 373 214 626 833 768 399 900 616 570 416 628 596 69 209 355 892 573 805 580 330 234 844 275 599 428 970 593 767 719 685 821 660 329 162 281 563 90 467 687 734 545 492 776 678 863 120 616 215 277 162 456 380 920 622 1009 99 262 276 741 309 496 565 661 295 575 261 804 597 257 810 721 325 271 324 219 849 586 442 463 495 946 625 602 350 784 607 663 490 120
308 181 849 0 1140 397 797 528 308 886 858 59 214 88 670 434 580 1002 244 1068 692 717 355 536 1142 617 1243 783 86 544 732 936 373 614 930 699 781 59 1007 658 494 903 437 869 994 573 544 346 617 778 671 897 511 570 767 412 878 450 1113 441 842 663 978 134 382 892 651 931 376 471 815 791 862 566 125 917 99 512 948 303 906 659 970 400 468 843 92 222 741 983 682 325 181 996 744 573 230 832 837 451 422 822 823 437 534 483 899 844 1210 800 767 849 772 416 1164 487 464 426 729 481 827 58 169 331 252 867 509 949 421 691 764 500 701 538 217 563 661 996 856 625 132 916 695 486 429 1019 779 601 1078 815 706 712 98 977 626 287 649 888 443 576 836 650 705 289 95 139 909 663 192 530 717 888 483 913 394 209 631 430 487 526 287 352 893 855 691 597 738 560 773 486 978 842 800 636 823 156 884 642 285 329 1016 943 599 693 280 800 155 505 523 624 718 850 416 976 676 946 802 611 224 269 877 775 508 223 946 863
834 1088 522 1140 0 895 506 942 915 558 580 1179 955 1119 700 825 780 268 912 88 816 576 785 687 86 794 103 577 1168 630 725 403 783 805 265 863 615 1188 152 895 821 414 980 773 197 631 673 998 827 422 729 578 631 770 685 839 570 927 26 759 666 571 273 1131 805 447 788 336 766 691 788 730 833 809 1107 525 1239 847 456 1058 564 823 393 796 689 348 1227 930 747 327 782 953 966 347 480 576 945 491 871 762 721 526 408 719 696 659 247 820 69 345 813 729 734 729 30 800 691 949 493 814 503 1142 1156 821 1034 273 824 389 723 561 382 666 700 714 1065 864 883 161 341 607 1066 511 913 943 745 201 366 626 167 590 713 871 1216 250 759 948 830 308 912 693 410 493 888 971 1089 1002 426 751 989 748 512 280 680 440 766 934 689 990 953 797 875 982 621 407 713 735 483 939 367 965 297 848 468 542 335 1091 270 520 878 838 230 286 606 713 972 364 1036 763 697 748 425 737 932 263 472 205 372 918 936 968 265 635 682 917 219 634
248 495 797 397 895 0 732 160 95 851 835 397 199 324 284 69 658 693 202 810 789 680 284 208 924 705 989 756 365 272 781 833 197 709 757 306 404 410 794 270 595 565 111 930 714 263 221 103 220 651 279 519 322 179 796 58 502 78 869 467 452 333 672 488 432 545 736 797 316 234 418 396 466 663 464 548 480 115 869 576 530 262 628 449 408 553 483 222 346 659 762 76 251 664 427 448 182 482 944 137 268 771 704 226 538 364 689 448 962 557 856 894 377 254 912 106 401 76 636 94 474 359 529 200 514 635 114 840 344 637 521 440 736 186 508 693 271 784 703 294 267 550 839 122 181 730 537 272 788 796 748 835 496 680 232 473 756 726 60 592 516 425 316 497 422 324 566 269 406 579 635 705 241 825 384 252 255 645 675 135 176 87 887 530 734 647 641 733 549 136 664 447 712 535 644 476 688 379 371 161 844 642 545 303 489 632 241 138 524 685 533 898 53 675 436 689 523 231 366 473 663 394 217 266 677 864
542 685 66 797 506 732 0 856 696 125 120 850 680 812 710 674 291 574 634 484 309 86 487 580 458 295 599 73 854 492 219 146 544 305 242 879 707 854 357 884 354 615 843 298 497 537 568 812 800 129 739 756 412 712 183 676 736 798 486 356 795 554 554 739 414 636 284 178 453 501 882 818 944 320 721 725 884 754 151 617 750 821 653 397 347 470 866 641 802 607 275 754 663 636 523 284 678 628 381 605 468 43 106 505 265 371 302 924 562 361 311 251 810 481 537 685 353 807 99 697 635 822 752 562 613 342 728 162 410 106 361 311 194 620 652 370 875 351 176 561 775 713 406 834 551 532 360 562 563 100 206 364 845 530 739 536 325 203 778 232 543 363 905 550 718 665 631 756 610 289 96 246 497 117 410 629 668 519 470 710 615 799 178 562 207 248 96 443 323 854 577 945 44 196 228 696 270 431 512 598 290 528 201 739 554 205 752 655 274 251 262 259 784 543 378 424 439 879 573 557 307 722 540 605 449 170
407 648 922 528 942 160 856 0 252 979 965 516 352 446 253 189 811 710 361 854 942 813 439 283 984 858 1029 888 479 368 927 942 347 862 845 181 370 529 862 133 751 565 94 1075 749 336 296 183 133 761 232 472 444 171 938 196 462 84 918 621 386 372 692 634 590 539 888 897 470 356 314 314 347 817 612 515 599 103 984 735 486 164 621 606 553 594 607 379 266 665 913 209 405 664 462 574 336 478 1096 253 410 897 814 360 685 501 765 333 1006 626 1007 1037 297 397 955 171 546 102 758 158 467 482 675 358 672 704 130 948 492 769 594 583 882 245 663 851 140 853 802 341 396 520 996 42 314 758 608 326 814 928 894 989 625 706 190 634 911 820 100 739 538 518 181 657 569 477 561 212 564 731 760 791 359 940 539 410 254 806 835 152 337 176 1020 546 880 797 762 893 628 45 679 324 832 661 736 627 770 458 532 320 929 667 682 255 649 729 376 203 671 835 631 1041 118 698 519 739 574 84 526 633 738 354 316 426 722 999
173 400 760 308 915 95 696 252 0 811 792 316 103 243 362 126 590 735 109 834 720 636 220 246 935 636 1013 712 289 285 721 809 152 639 752 402 476 328 802 366 520 618 183 871 744 294 257 119 313 629 362 592 304 261 740 104 574 167 889 400 533 378 712 393 358 602 668 781 255 226 510 483 559 591 369 616 397 208 840 482 602 356 683 377 356 584 397 127 433 706 696 60 156 715 467 418 87 540 876 160 229 733 682 204 479 325 694 541 984 571 790 837 464 216 934 179 350 154 605 172 533 277 434 137 420 646 202 818 291 596 534 391 678 238 413 617 367 792 691 338 184 616 763 211 170 764 550 314 823 751 689 763 407 716 317 383 685 717 153 533 560 428 412 406 327 228 621 354 312 513 601 702 236 798 318 158 326 557 590 217 94 109 841 576 674 584 612 652 556 220 707 541 682 503 638 380 688 394 286 98 840 680 501 385 397 622 155 199 465 620 526 841 134 713 444 710 550 326 274 382 669 469 235 174 703 816
651 756 60 886 558 851 125 979 811 0 31 941 787 909 835 796 332 669 742 554 297 175 596 705 494 317 639 103 949 617 205 154 661 326 311 1005 830 944 420 1009 411 726 963 214 586 662 693 929 925 246 864 874 535 837 157 796 854 920 541 447 916 678 652 814 505 749 294 224 562 624 1006 942 1067 357 799 839 968 878 109 674 867 946 759 486 456 581 948 747 927 708 274 870 765 737 644 405 787 745 314 728 585 82 208 626 354 488 393 1047 603 474 268 172 934 599 587 808 462 927 224 820 753 915 821 675 680 444 852 169 521 215 479 420 207 745 721 395 1001 417 268 686 876 827 385 956 671 620 475 688 643 72 212 339 923 626 864 610 327 284 900 309 658 488 1030 621 801 759 742 881 694 358 219 333 620 118 512 732 794 559 502 834 727 916 65 675 221 299 222 458 439 976 676 1069 160 318 333 771 362 556 605 712 327 629 310 864 626 316 855 779 365 285 384 180 904 640 502 515 554 1004 663 631 404 844 664 707 543 76
629 727 64 858 580 835 120 965 792 31 0 915 764 884 828 781 301 681 720 572 265 155 575 694 519 285 663 80 923 606 173 178 642 294 328 997 828 917 440 999 380 732 947 194 600 653 682 910 915 247 857 876 521 826 125 781 855 904 562 421 915 673 662 785 479 754 262 244 541 609 1002 938 1064 326 770 843 940 865 139 643 869 937 767 460 435 586 919 724 922 718 242 851 742 747 643 391 765 747 291 713 567 77 214 610 328 471 405 1043 627 478 240 149 929 581 610 795 442 911 216 807 754 889 791 655 651 453 839 194 501 197 480 400 176 734 692 363 991 435 279 679 852 831 354 941 655 634 478 680 659 43 180 309 895 637 856 581 295 298 884 282 661 482 1021 591 773 733 748 873 667 330 209 345 606 141 488 708 786 527 470 822 706 897 58 679 189 269 215 426 442 961 686 1065 160 304 340 742 373 550 579 693 351 639 290 858 597 321 831 766 341 254 382 157 887 651 498 527 557 993 637 602 414 842 652 683 555 55
345 239 903 59 1179 397 850 516 316 941 915 0 234 73 677 442 639 1031 271 1105 752 771 396 555 1184 676 1281 839 39 571 790 987 403 673 976 691 792 13 1049 648 553 925 422 928 1027 596 564 332 614 826 675 908 548 575 825 420 890 442 1152 495 848 684 1007 188 437 913 710 981 420 500 813 793 856 625 182 932 83 511 1002 361 918 655 992 455 516 873 92 251 743 1009 741 322 213 1021 769 619 248 852 897 469 458 877 873 467 588 526 940 840 1249 836 826 908 774 451 1202 494 512 416 780 486 845 39 218 362 311 905 511 1000 465 744 800 549 759 553 275 623 652 1038 903 646 131 932 754 475 454 1051 816 622 1110 871 764 772 117 1007 629 347 709 934 437 632 862 687 695 349 155 186 930 666 251 587 769 932 512 965 444 245 642 489 547 530 312 341 950 880 749 655 788 620 812 471 1006 836 852 685 867 214 927 673 338 353 1062 973 651 699 340 845 161 516 578 683 760 909 409 1006 711 982 834 600 278 329 918 785 531 262 981 921
138 297 740 214 955 199 680 352 103 787 764 234 0 166 457 222 532 797 46 878 661 611 194 322 967 577 1056 685 215 338 674 805 172 578 769 505 567 245 832 469 456 691 274 822 796 361 330 192 417 631 460 682 325 360 698 201 663 267 929 351 629 450 773 290 300 679 611 786 226 268 612 582 662 529 266 702 309 311 829 384 691 459 758 320 333 640 306 41 534 774 640 144 53 786 534 417 16 619 816 237 237 713 682 236 439 321 722 644 1025 610 733 792 563 227 977 276 327 251 596 272 613 195 331 134 321 682 304 816 270 575 573 368 634 323 311 548 470 821 701 412 111 701 694 310 220 819 589 388 878 722 643 698 311 775 417 295 623 730 254 491 627 461 515 315 224 125 696 454 213 461 589 722 279 788 276 67 417 469 509 317 80 189 809 645 627 534 604 574 589 316 772 645 672 495 657 277 712 442 212 119 857 739 478 482 305 637 80 291 426 568 546 795 233 773 483 755 602 428 184 290 699 561 297 91 751 782
289 258 868 88 1119 324 812 446 243 909 884 73 166 0 604 369 620 963 207 1043 739 736 342 484 1128 660 1221 806 48 504 770 945 338 659 924 620 719 86 993 577 536 855 353 912 963 526 493 262 541 779 602 835 488 501 802 347 817 370 1093 462 775 614 940 219 404 842 695 934 369 434 740 720 784 610 205 859 156 438 963 376 845 583 921 424 471 807 161 189 670 940 725 249 155 951 700 568 179 780 889 397 398 841 827 402 555 473 883 767 1189 775 814 889 701 390 1142 421 466 345 736 413 774 36 255 299 319 846 438 957 415 706 738 505 736 480 289 614 581 982 853 575 59 859 752 404 386 986 754 551 1045 840 742 765 180 941 556 337 698 884 365 602 793 626 625 344 166 151 860 593 237 561 727 879 446 925 402 189 569 495 548 457 246 270 923 811 727 632 745 620 752 402 938 764 810 639 814 232 871 608 305 286 1011 906 611 625 335 792 89 443 543 662 705 890 337 940 649 920 769 529 249 322 861 712 462 211 917 894
430 734 775 670 700 284 710 253 362 835 828 677 457 604 0 236 751 458 439 612 873 690 430 172 750 796 782 758 648 241 834 766 346 803 642 175 121 690 638 197 715 311 318 972 504 186 175 376 127 595 30 235 343 104 832 257 219 271 678 579 172 159 442 741 572 285 819 708 448 284 187 136 250 767 715 268 759 182 816 787 246 124 367 582 487 356 760 463 99 412 839 361 502 410 228 456 441 224 1016 231 365 753 644 311 613 421 551 229 762 412 926 928 119 357 711 183 482 299 612 191 213 639 780 381 730 485 172 768 446 644 387 505 788 146 736 812 185 629 615 149 546 272 946 267 283 510 398 152 564 798 802 929 768 458 63 667 851 626 264 660 291 347 202 695 676 571 308 51 630 672 620 588 278 771 509 488 49 819 829 149 399 361 886 296 790 725 613 871 426 287 427 244 677 533 543 719 563 278 556 360 719 419 576 32 688 544 517 166 600 762 455 935 292 448 335 504 346 217 578 675 525 110 222 492 483 872
229 510 740 434 825 69 674 189 126 796 781 442 222 369 236 0 623 626 210 740 753 627 253 138 854 669 919 702 414 204 738 771 160 674 690 296 350 454 725 270 565 500 170 886 644 193 151 173 203 588 237 466 262 137 749 21 448 124 799 433 408 265 604 510 405 483 699 732 283 173 391 359 445 630 486 492 523 104 809 578 476 244 565 421 363 483 523 234 311 593 724 136 270 599 359 390 206 420 906 70 221 714 642 172 496 313 620 425 892 487 817 848 341 208 842 53 357 134 577 50 412 403 551 178 518 565 87 777 303 583 452 394 692 119 517 665 268 714 638 226 310 492 809 160 126 661 468 204 720 743 705 801 532 612 194 467 722 660 104 549 449 358 312 492 445 341 502 232 412 542 578 637 178 764 351 261 200 633 657 95 174 157 834 464 690 608 582 711 480 180 597 429 653 478 577 493 619 309 359 144 776 573 494 259 485 566 281 75 482 646 467 852 113 606 367 619 453 241 365 470 594 343 148 270 608 813
416 432 315 580 780 658 291 811 590 332 301 639 532 620 751 623 0 784 495 742 131 208 374 585 742 46 878 242 653 510 152 435 463 51 516 893 795 639 627 881 85 775 767 292 725 565 579 708 801 358 775 877 408 712 191 614 855 735 756 190 884 624 760 491 232 786 78 468 341 476 939 882 1002 29 479 861 653 723 422 342 876 833 829 213 266 642 631 491 851 801 107 650 497 826 637 311 538 756 286 567 405 294 374 459 139 330 546 980 840 541 201 269 868 417 809 655 272 733 287 662 759 619 494 458 354 560 700 451 320 218 522 246 126 621 395 84 876 619 438 612 599 852 194 778 503 760 529 602 803 260 128 179 604 742 756 293 100 471 716 102 694 457 915 298 489 469 789 784 388 81 267 501 479 401 273 468 702 229 179 692 496 699 322 716 114 45 297 161 498 794 777 995 319 273 457 449 517 511 323 498 577 728 204 784 305 427 585 636 151 47 416 270 710 751 486 653 601 860 371 313 540 804 535 442 672 291
698 991 616 1002 268 693 574 710 735 669 681 1031 797 963 458 626 784 0 759 187 859 613 661 489 340 812 331 646 1012 459 781 533 629 822 365 609 358 1041 285 645 798 152 762 872 90 440 478 796 585 451 484 311 500 543 753 643 303 710 252 698 400 360 25 1023 730 183 818 457 652 531 524 468 566 810 997 257 1101 624 593 990 296 575 126 727 607 161 1093 781 490 59 821 761 821 82 267 502 784 236 954 574 585 609 468 565 665 556 276 553 317 244 879 824 473 589 269 590 607 735 513 603 248 992 1054 670 952 232 605 525 618 580 269 596 744 507 976 867 632 282 402 399 906 243 954 718 577 68 258 422 108 673 759 919 1089 43 521 869 860 385 697 683 176 370 633 896 970 871 161 506 884 728 532 336 519 560 676 793 457 956 935 577 718 780 734 164 753 741 507 942 286 739 31 582 529 511 346 987 307 361 777 677 397 60 582 465 893 372 875 555 661 766 368 832 722 32 339 154 205 674 827 886 266 377 502 782 125 736
92 299 695 244 912 202 634 361 109 742 720 271 46 207 439 210 495 759 0 836 624 566 148 293 922 540 1013 640 256 300 633 759 131 542 723 503 544 281 787 471 421 659 291 782 756 328 300 217 411 585 445 659 281 347 657 191 639 276 885 310 611 418 735 301 262 648 574 740 181 228 602 568 655 493 276 676 342 308 783 374 666 453 725 281 287 601 336 24 521 739 602 163 64 752 499 371 44 589 780 211 192 668 636 195 397 275 678 636 982 568 696 751 550 183 934 264 281 264 550 261 583 232 341 91 312 639 296 769 224 530 531 323 593 299 308 516 471 776 655 381 154 674 661 320 185 780 547 357 838 678 602 663 338 736 404 274 587 684 261 449 592 418 515 296 237 131 664 441 204 422 543 676 240 742 233 50 396 448 483 306 42 211 765 611 587 494 558 546 545 330 735 639 626 449 611 282 667 402 180 84 811 701 433 466 288 591 125 273 383 529 501 754 244 735 441 713 562 433 164 272 655 540 263 65 710 739
760 1025 510 1068 88 810 484 854 834 554 572 1105 878 1043 612 740 742 187 836 0 791 545 714 602 153 761 179 557 1092 548 703 403 705 771 245 775 528 1114 133 807 775 329 893 767 110 547 589 913 739 384 641 495 557 683 667 755 486 841 67 702 581 484 189 1065 745 361 759 329 697 612 703 644 749 771 1041 442 1167 760 461 1002 481 735 313 738 626 261 1156 854 660 246 755 870 892 269 392 513 867 404 861 679 646 510 380 641 647 591 195 735 152 268 796 722 647 654 101 714 628 863 454 728 416 1067 1092 744 974 203 737 391 655 524 304 605 674 628 1004 826 794 137 310 520 989 428 888 856 665 119 288 540 101 576 688 848 1146 164 671 888 801 281 826 650 321 418 801 913 1020 930 341 663 923 702 474 242 600 437 702 860 601 943 910 710 798 897 619 320 686 697 445 903 295 878 214 763 443 489 286 1026 224 439 812 760 240 199 557 625 912 315 959 678 646 714 362 730 846 178 394 123 286 830 869 908 206 547 600 845 133 628
547 531 305 692 816 789 309 942 720 297 265 752 661 739 873 753 131 859 624 791 0 247 505 710 765 84 908 240 769 631 93 433 594 82 551 1020 908 751 666 1009 205 869 898 180 791 686 702 839 928 412 897 983 530 838 140 745 961 866 795 321 998 738 837 591 362 883 54 484 472 603 1059 1001 1122 131 582 963 757 853 403 425 981 959 918 343 393 729 734 619 972 883 37 780 623 910 741 422 667 859 156 696 534 293 411 588 261 455 601 1101 870 623 74 173 988 546 846 784 399 864 345 792 863 735 587 589 451 628 829 450 450 278 610 369 116 746 493 130 1003 659 481 730 723 953 97 909 632 827 615 721 864 237 103 60 704 816 881 405 43 510 847 213 789 561 1041 403 598 590 884 908 503 210 326 549 605 396 404 595 824 293 230 820 626 830 262 811 105 148 352 170 581 925 856 1117 348 366 516 551 570 620 450 629 596 807 304 905 411 489 710 764 274 110 501 170 841 827 588 717 691 990 494 422 601 918 660 570 740 233
475 600 132 717 576 680 86 813 636 175 155 771 611 736 690 627 208 613 566 545 247 0 420 546 534 218 672 75 777 459 168 232 487 229 311 853 702 775 424 853 268 634 792 286 543 509 536 754 769 164 717 763 369 679 149 626 742 750 554 276 791 539 591 655 334 652 213 259 386 457 869 807 932 238 638 737 803 714 233 531 759 794 679 316 280 491 784 571 786 640 211 695 590 667 523 240 611 635 349 560 412 105 168 455 183 316 354 911 635 382 267 240 796 426 606 643 287 756 99 655 641 744 667 500 527 381 688 248 346 45 374 245 131 586 567 290 845 416 236 541 702 725 345 788 501 579 377 538 616 115 146 307 761 570 712 451 255 267 730 147 557 349 877 465 636 587 650 732 528 203 81 303 454 202 336 557 645 434 387 672 551 742 207 578 142 164 105 364 341 807 612 931 111 157 269 611 322 416 433 537 369 562 135 720 469 241 680 616 193 172 267 246 733 581 371 470 455 844 493 473 353 715 502 532 492 186
55 334 548 355 785 284 487 439 220 596 575 396 194 342 430 253 374 661 148 714 505 420 0 260 788 421 888 495 389 222 501 611 93 424 582 541 512 403 653 521 312 582 392 651 644 270 259 339 446 438 446 618 160 363 520 242 596 361 759 183 592 356 636 361 152 577 452 594 34 154 613 567 673 379 336 623 453 357 635 362 623 484 647 167 140 499 441 157 526 649 478 280 187 666 419 226 191 525 660 210 77 520 489 121 259 131 544 652 855 447 573 617 550 79 809 293 134 359 402 298 523 360 394 84 310 512 336 622 76 383 411 176 458 285 325 412 517 642 511 326 296 619 556 404 148 671 426 306 728 533 469 551 433 632 416 238 472 541 342 313 507 298 559 266 309 216 590 450 225 295 395 537 164 594 100 152 381 389 406 334 130 329 622 528 454 365 410 458 418 419 640 661 478 301 472 327 531 300 128 124 669 601 286 461 261 450 269 283 245 402 364 620 336 633 325 593 457 494 168 249 523 513 212 133 595 597
266 575 646 536 687 208 580 283 246 705 694 555 322 484 172 138 585 489 293 602 710 546 260 0 718 631 781 619 531 87 678 660 181 637 564 310 256 566 591 306 545 371 297 822 506 56 13 311 222 479 191 367 181 132 682 154 347 245 661 409 332 131 467 589 400 357 656 614 276 112 358 308 420 599 563 382 631 179 703 620 374 250 437 410 319 345 628 317 270 459 677 272 358 469 222 306 307 296 857 86 193 622 532 140 448 255 488 399 754 352 767 780 292 185 703 117 313 264 481 131 290 515 627 220 565 431 153 665 274 501 318 340 632 39 574 643 299 580 519 91 425 380 779 270 116 523 333 68 581 659 646 764 631 474 171 498 686 538 228 498 314 235 333 526 527 421 375 199 469 505 485 510 107 658 337 337 122 647 657 131 250 295 750 330 633 561 484 700 349 292 462 411 553 390 453 563 490 178 387 209 649 436 423 204 520 446 394 81 435 599 348 785 246 469 238 481 315 299 414 507 462 255 50 336 469 732
839 1077 464 1142 86 924 458 984 935 494 519 1184 967 1128 750 854 742 340 922 153 765 534 788 718 0 752 144 525 1176 653 673 340 796 762 227 918 674 1192 135 946 791 480 1014 708 260 662 704 1025 875 392 779 648 641 812 631 866 637 962 90 742 731 611 342 1122 792 512 743 281 766 709 852 792 900 771 1100 595 1239 886 388 1037 634 874 466 781 681 393 1226 938 805 400 733 978 973 422 524 570 958 551 809 788 729 472 367 735 671 659 244 885 109 366 756 666 794 739 108 834 684 982 460 848 563 1149 1145 832 1018 289 862 324 721 526 402 654 652 748 1052 824 934 146 308 644 1077 581 862 981 764 272 386 661 248 533 664 818 1213 316 806 933 783 273 946 662 464 508 944 954 1084 1003 493 801 982 718 479 258 699 378 758 940 733 960 919 835 887 1009 555 465 666 697 450 899 379 1003 368 913 423 524 320 1081 258 545 871 853 169 348 583 765 956 347 1047 797 674 707 424 674 964 330 491 245 409 966 931 954 267 693 708 922 267 570
462 463 309 617 794 705 295 858 636 317 285 676 577 660 796 669 46 812 540 761 84 218 421 631 752 0 890 237 692 554 121 434 510 10 529 939 837 676 642 927 124 810 813 252 750 609 624 754 847 376 819 916 452 757 166 661 894 782 772 237 926 666 789 522 278 822 34 473 388 522 983 926 1046 50 512 899 686 770 415 365 915 879 862 259 312 675 664 535 895 832 65 696 540 858 676 351 583 794 240 614 452 291 386 506 183 375 567 1025 853 571 156 234 912 464 824 701 318 780 306 709 797 657 522 505 383 585 747 451 367 236 554 290 110 667 425 78 922 634 453 655 641 890 152 825 549 785 561 645 826 248 105 133 635 770 802 329 55 485 763 139 729 495 960 331 524 510 825 829 426 127 286 519 525 398 320 512 747 242 184 738 542 745 299 751 96 74 315 147 528 841 807 1040 328 306 478 481 536 551 367 545 585 757 239 828 338 449 628 683 195 46 447 234 757 780 523 677 634 907 413 348 562 846 580 487 697 268
936 1192 608 1243 103 989 599 1029 1013 639 663 1281 1056 1221 782 919 878 331 1013 179 908 672 888 781 144 890 0 668 1269 728 816 484 884 901 361 939 689 1290 252 973 922 483 1071 852 279 726 768 1093 910 522 810 639 733 858 774 934 633 1018 130 862 731 661 343 1234 909 515 883 423 869 791 855 800 895 907 1211 584 1341 936 532 1161 624 902 450 900 793 438 1330 1031 821 387 875 1050 1068 402 568 680 1046 565 953 859 823 615 504 820 798 762 351 883 37 445 900 811 805 831 79 892 795 1041 592 907 578 1244 1259 922 1137 376 914 469 826 660 482 769 793 806 1169 961 961 261 439 698 1167 571 1004 1032 844 273 466 718 222 677 805 961 1319 324 843 1052 924 406 1003 793 491 595 964 1075 1192 1105 493 832 1093 849 611 381 780 522 869 1036 774 1091 1053 887 976 1077 700 486 806 833 582 1036 469 1053 363 911 562 645 437 1194 373 619 981 939 312 363 708 792 1075 466 1137 856 800 844 529 819 1025 335 572 302 466 1000 1040 1072 369 708 780 1020 311 715
549 658 73 783 577 756 73 888 712 103 80 839 685 806 758 702 242 646 640 557 240 75 495 619 525 237 668 0 846 532 148 197 562 247 314 924 764 842 429 925 315 683 867 229 570 580 608 830 841 197 787 819 444 752 109 702 798 826 557 344 853 605 626 714 402 702 221 244 461 531 935 872 998 269 698 790 866 788 180 579 814 865 722 383 355 537 846 644 853 678 208 771 663 707 582 314 685 690 308 635 488 54 180 531 250 391 376 977 631 428 238 182 862 501 607 718 362 832 150 729 697 813 723 575 583 414 762 214 421 119 425 320 129 659 623 314 917 423 250 609 773 778 336 863 577 606 425 608 637 40 139 293 823 603 783 510 260 276 806 207 608 414 949 522 700 656 698 802 592 258 138 319 529 161 409 629 715 471 418 746 626 817 131 628 143 204 152 384 389 883 648 997 117 229 299 671 344 482 502 613 356 600 211 788 527 275 752 690 262 198 322 189 808 615 433 497 505 917 561 532 380 778 576 604 522 113
336 268 909 86 1168 365 854 479 289 949 923 39 215 48 648 414 653 1012 256 1092 769 777 389 531 1176 692 1269 846 0 553 804 989 387 690 971 656 765 51 1040 612 568 903 386 944 1012 575 541 296 581 824 645 880 536 545 837 392 863 407 1141 501 818 662 988 220 443 889 726 979 415 483 780 761 822 641 212 905 120 479 1005 389 890 622 969 462 515 856 131 237 711 988 757 290 202 999 748 614 228 828 917 445 446 882 872 451 595 520 931 805 1237 824 844 923 742 438 1190 465 510 381 780 457 821 34 253 347 336 894 480 1001 461 748 787 549 771 527 302 642 617 1030 899 623 106 906 776 439 435 1035 803 599 1094 879 777 792 156 990 598 364 727 930 403 641 841 674 660 369 179 190 907 635 266 597 770 926 495 968 445 236 614 514 570 500 295 305 960 859 762 667 789 643 800 435 987 801 854 683 861 242 919 657 343 335 1057 955 653 668 360 839 137 488 583 696 752 924 374 988 697 969 818 564 286 348 909 757 511 256 966 931
246 555 559 544 630 272 492 368 285 617 606 571 338 504 241 204 510 459 300 548 631 459 222 87 653 554 728 532 553 0 595 574 170 561 486 395 297 582 522 393 476 363 372 737 460 55 76 372 309 393 266 398 101 220 596 214 376 322 604 342 383 134 435 577 343 356 577 531 228 73 429 373 492 525 551 401 642 264 616 583 402 334 429 351 247 303 635 322 341 439 597 324 362 453 201 220 325 302 776 135 145 534 446 109 371 180 416 470 699 287 686 694 358 143 649 198 242 338 393 212 300 532 612 212 532 364 238 580 214 414 251 263 549 127 548 572 385 512 436 108 447 396 704 351 118 482 267 93 541 572 563 687 634 437 253 458 609 457 304 418 292 154 418 486 519 417 371 277 446 430 398 433 61 572 280 336 193 593 596 218 258 356 662 312 550 483 396 633 276 373 434 486 465 302 373 546 415 109 350 218 572 401 338 274 481 364 417 165 359 520 265 700 317 435 163 425 266 387 389 470 390 302 55 328 418 645
549 583 212 732 725 781 219 927 721 205 173 790 674 770 834 738 152 781 633 703 93 168 501 678 673 121 816 148 804 595 0 340 584 128 461 989 858 791 577 983 237 802 892 149 710 648 669 841 900 330 860 926 497 810 48 733 904 856 705 323 948 691 760 642 373 818 92 392 467 577 1018 958 1081 170 631 902 805 833 310 487 922 929 847 353 374 659 783 632 932 809 68 782 641 836 684 377 677 799 184 676 516 200 323 567 243 428 517 1060 779 551 99 119 946 530 755 763 380 857 268 772 804 770 644 586 504 549 808 356 437 207 542 344 46 717 546 196 977 570 394 687 747 891 188 897 613 745 545 681 780 143 32 145 755 738 849 445 122 422 836 189 724 506 1012 450 641 619 817 873 539 212 250 463 577 302 403 611 787 363 303 796 629 830 178 745 47 139 274 253 509 915 780 1078 260 308 435 601 485 570 469 625 504 731 257 866 457 409 730 740 257 108 433 121 834 749 530 636 623 968 520 465 519 870 631 585 659 147
667 830 127 936 403 833 146 942 809 154 178 987 805 945 766 771 435 533 759 403 433 232 611 660 340 434 484 197 989 574 340 0 657 444 168 941 740 992 270 952 501 610 941 369 447 610 647 921 869 182 796 768 511 786 295 775 750 894 387 497 822 606 518 883 555 636 418 76 579 599 923 858 982 464 865 728 1025 839 59 763 759 885 634 539 475 468 1007 768 850 578 404 864 793 607 554 392 801 642 469 700 580 142 128 610 408 486 261 963 448 370 417 326 852 593 433 773 480 905 209 786 651 957 897 680 759 322 812 16 534 247 384 440 327 699 798 511 942 267 153 623 905 715 527 925 652 479 377 629 496 196 336 483 987 491 804 680 457 154 874 379 550 427 967 696 860 801 626 815 752 436 218 203 592 38 544 759 730 664 613 791 735 907 217 564 340 394 201 581 344 946 544 987 135 310 226 840 233 492 650 713 173 500 336 792 700 221 880 739 416 393 313 334 883 506 432 379 450 955 712 702 278 757 627 735 409 231
85 395 608 373 783 197 544 347 152 661 642 403 172 338 346 160 463 629 131 705 594 487 93 181 796 510 884 562 387 170 584 657 0 514 605 448 437 413 661 427 405 532 308 733 625 205 184 268 353 477 359 548 156 271 599 151 527 273 756 273 512 295 604 411 245 523 540 630 122 97 525 481 583 470 385 559 472 263 687 441 554 391 599 261 211 470 465 152 438 609 566 209 192 623 371 265 162 467 748 118 76 581 530 64 341 173 552 563 852 438 660 697 464 63 804 199 204 273 452 204 462 364 448 42 385 510 243 666 147 446 401 244 539 199 393 505 424 651 541 260 283 556 649 314 64 648 417 238 707 602 551 642 463 605 326 322 563 568 253 395 463 289 466 349 351 247 539 361 288 383 449 555 109 645 191 165 298 480 500 241 92 255 693 483 536 451 459 551 417 331 605 571 529 350 491 383 544 270 210 57 692 570 352 376 342 473 253 191 327 488 379 701 250 603 311 582 431 401 233 329 528 436 141 159 579 669
465 458 319 614 805 709 305 862 639 326 294 673 578 659 803 674 51 822 542 771 82 229 424 637 762 10 901 247 690 561 128 444 514 0 540 945 845 673 653 933 123 820 817 254 761 617 630 756 853 387 826 925 459 763 174 666 903 786 783 241 934 674 799 518 280 832 37 484 392 528 990 933 1053 49 508 909 682 775 424 359 924 885 872 261 318 685 660 537 903 842 68 698 541 868 685 360 584 803 238 619 457 301 397 511 190 382 578 1032 864 581 155 238 920 469 835 706 324 784 317 714 806 655 517 508 379 596 752 461 372 247 564 297 119 673 420 69 928 645 464 663 641 899 144 829 554 796 571 653 837 257 114 127 631 781 808 326 48 496 767 148 739 504 966 327 521 509 834 836 423 133 297 530 531 408 324 513 754 235 176 744 544 748 306 761 105 83 326 137 539 844 817 1047 339 316 489 477 547 560 367 548 596 768 248 835 335 460 628 688 202 57 457 238 760 790 532 688 644 912 412 345 573 854 587 488 708 275
636 854 265 930 265 757 242 845 752 311 328 976 769 924 642 690 516 365 723 245 551 311 582 564 227 529 361 314 971 486 461 168 605 540 0 818 599 983 115 836 563 450 859 523 279 510 550 854 756 165 673 613 449 679 423 699 596 808 243 517 676 485 351 902 569 478 523 91 556 528 783 719 840 546 880 570 1026 742 227 810 603 765 469 557 463 314 1011 737 718 411 517 801 769 440 418 357 762 491 616 621 532 266 142 548 444 451 99 822 324 230 552 477 715 543 295 681 467 824 232 695 502 942 922 636 792 166 716 159 510 299 255 434 435 600 827 600 825 108 80 509 876 556 648 834 584 312 243 520 332 331 448 607 996 324 688 708 565 45 790 434 397 332 844 729 867 791 466 693 762 491 251 54 519 196 540 735 613 732 692 692 692 839 376 409 448 471 222 675 218 856 377 848 202 300 114 860 79 387 653 662 87 335 356 665 731 132 849 646 447 483 226 485 803 338 326 211 304 845 714 729 122 617 542 714 241 383
525 801 945 699 863 306 879 181 402 1005 997 691 505 620 175 296 893 609 503 775 1020 853 541 310 918 939 939 924 656 395 989 941 448 945 818 0 250 705 810 50 847 457 274 1132 665 344 319 360 95 768 145 328 492 181 992 314 323 249 842 711 232 334 596 795 692 426 965 884 566 417 136 154 165 905 771 378 775 195 990 875 343 60 501 706 627 526 782 525 119 556 987 373 557 548 402 615 489 373 1168 332 490 922 818 435 758 564 726 151 921 588 1078 1089 142 480 871 249 621 275 781 247 361 656 836 473 814 659 209 943 575 807 563 650 943 273 811 946 41 802 790 319 567 387 1086 218 395 666 574 317 717 964 957 1073 797 615 141 763 994 802 256 808 454 518 26 789 729 630 449 125 707 812 788 764 414 945 633 554 211 928 948 207 470 350 1054 455 944 871 783 998 602 227 577 144 848 696 719 782 738 450 655 441 894 577 733 153 782 719 544 259 745 909 629 1095 283 604 508 673 520 100 662 767 700 231 359 565 650 1038
522 831 769 781 615 404 707 370 476 830 828 792 567 719 121 350 795 358 544 528 908 702 512 256 674 837 689 764 765 297 858 740 437 845 599 250 0 805 574 288 770 206 439 988 417 244 253 497 237 583 137 115 394 225 850 372 98 393 595 638 89 171 345 844 641 176 856 675 523 358 184 121 242 814 818 147 873 304 795 874 126 219 254 648 541 290 872 568 132 306 872 480 608 300 186 486 551 123 1042 332 439 750 627 391 656 474 501 223 672 371 954 942 120 434 622 300 537 420 614 309 111 753 882 476 820 434 293 739 511 657 355 552 813 244 830 863 275 567 586 189 661 151 989 387 372 416 363 206 466 802 828 967 879 366 183 750 892 591 386 697 211 352 274 779 780 675 199 157 725 718 626 548 349 752 578 591 150 890 893 269 502 482 886 208 817 763 613 927 396 406 326 248 670 550 513 819 519 288 640 462 667 329 604 114 773 521 631 276 645 798 445 949 414 354 331 432 294 321 670 761 477 19 299 591 407 875
354 234 907 59 1188 410 854 529 328 944 917 13 245 86 690 454 639 1041 281 1114 751 775 403 566 1192 676 1290 842 51 582 791 992 413 673 983 705 805 0 1057 661 554 937 436 928 1037 607 575 346 627 832 688 921 557 588 827 433 903 455 1161 499 861 696 1017 181 440 924 710 986 427 510 826 806 870 625 177 944 70 524 1006 356 930 669 1003 458 522 883 79 261 756 1020 741 335 222 1032 780 626 259 863 895 480 467 880 879 477 592 533 948 853 1257 846 825 909 787 460 1211 507 518 429 785 499 857 51 210 372 308 914 524 1005 472 748 809 555 760 565 271 622 665 1046 909 657 144 944 752 488 465 1061 825 633 1120 874 765 770 105 1018 642 346 708 941 450 635 873 696 709 347 153 192 942 679 252 589 773 940 522 970 449 253 654 486 544 543 323 354 952 891 750 657 794 617 820 485 1017 849 857 691 875 209 934 683 342 364 1069 983 656 712 339 852 173 528 581 684 768 909 422 1016 720 992 844 613 281 328 926 798 542 270 990 922
704 945 378 1007 152 794 357 862 802 420 440 1049 832 993 638 725 627 285 787 133 666 424 653 591 135 642 252 429 1040 522 577 270 661 653 115 810 574 1057 0 835 669 398 888 634 194 534 577 895 760 270 668 567 506 692 538 736 554 836 129 612 642 491 276 989 660 429 637 196 631 576 758 695 810 657 967 519 1104 762 327 909 555 763 402 650 547 285 1091 803 702 338 632 846 838 365 409 436 823 457 729 658 594 380 256 600 546 524 109 794 215 238 666 589 695 604 182 708 550 855 340 722 468 1013 1013 697 887 159 738 258 586 409 272 521 550 623 920 711 823 10 188 521 942 505 764 857 631 222 257 537 229 445 563 722 1078 248 691 802 679 156 819 541 364 374 837 824 950 868 413 690 848 596 360 128 565 303 624 804 617 839 801 712 753 879 485 370 562 582 331 787 246 879 304 821 317 394 187 948 124 415 737 719 112 270 456 657 825 215 912 671 547 596 288 597 836 263 359 146 292 851 797 823 133 594 577 786 175 495
500 766 950 658 895 270 884 133 366 1009 999 648 469 577 197 270 881 645 471 807 1009 853 521 306 946 927 973 925 612 393 983 952 427 933 836 50 288 661 835 0 830 494 227 1128 697 347 317 315 84 776 167 373 487 174 988 286 367 207 873 696 278 350 631 758 673 464 955 899 548 407 186 202 214 891 734 421 731 165 1000 845 388 72 541 688 615 553 739 492 161 594 978 333 522 588 425 613 453 408 1159 314 476 926 827 421 748 556 747 201 955 607 1069 1086 188 464 904 228 609 231 785 223 396 613 799 448 783 681 184 955 561 807 580 641 937 267 778 930 12 826 804 330 525 430 1072 173 379 700 593 324 753 966 951 1061 755 649 148 736 982 817 216 799 485 526 47 762 691 595 487 145 675 800 790 782 406 955 616 521 223 904 927 189 440 307 1056 488 937 861 787 979 619 179 613 191 854 696 733 747 757 460 629 414 914 611 729 181 754 732 503 244 734 899 639 1092 241 638 520 701 543 50 632 738 720 269 353 534 679 1039
348 348 388 494 821 595 354 751 520 411 380 553 456 536 715 565 85 798 421 775 205 268 312 545 791 124 922 315 568 476 237 501 405 123 563 847 770 554 669 830 0 773 701 376 747 532 540 637 752 399 736 860 376 665 275 555 838 673 797 136 858 600 773 406 162 781 158 525 283 433 903 849 965 74 394 850 567 669 494 264 861 787 831 145 229 648 545 415 814 809 189 580 417 833 625 303 463 744 360 516 356 365 424 411 132 296 580 944 885 554 279 355 834 367 850 602 234 669 330 608 746 534 411 394 270 584 647 517 271 265 530 219 210 578 312 99 826 660 483 583 517 841 244 716 451 781 539 570 828 338 213 242 519 759 713 207 166 517 654 128 691 449 866 213 403 386 786 744 302 73 311 541 437 469 214 390 665 169 137 641 426 629 406 714 199 111 340 157 512 731 788 957 376 289 489 364 552 496 244 433 631 740 219 747 219 460 504 587 137 131 431 355 646 766 480 678 605 806 288 227 570 777 494 365 693 375
610 916 669 903 414 565 615 565 618 726 732 925 691 855 311 500 775 152 659 329 869 634 582 371 480 810 483 683 903 363 802 610 532 820 450 457 206 937 398 494 773 0 623 912 219 330 362 666 437 486 335 169 430 403 782 520 157 573 396 657 251 241 141 940 677 32 822 537 581 436 374 316 419 799 914 120 1000 485 669 933 157 424 66 679 559 145 995 681 338 100 832 637 722 100 163 470 677 87 984 458 504 655 518 472 644 499 351 405 468 254 901 865 321 504 418 459 557 599 536 472 98 886 975 575 887 288 468 605 554 595 260 557 760 381 906 854 481 393 462 280 797 107 960 576 474 213 258 304 260 716 776 930 995 165 375 808 862 455 562 673 81 323 481 836 883 780 16 357 807 709 553 407 425 630 617 697 317 919 907 440 616 650 789 59 768 736 532 926 294 597 120 433 572 504 393 909 376 288 706 574 503 131 572 315 832 411 766 427 637 767 368 872 587 151 292 252 179 524 750 823 331 225 395 691 223 785
352 565 908 437 980 111 843 94 183 963 947 422 274 353 318 170 767 762 291 893 898 792 392 297 1014 813 1071 867 386 372 892 941 308 817 859 274 439 436 888 227 701 623 0 1041 792 353 311 91 214 758 303 548 431 220 907 166 535 52 955 576 468 409 742 548 538 600 845 902 426 342 405 400 440 770 526 586 506 138 978 659 561 250 683 556 519 633 514 306 350 721 871 129 327 723 502 558 260 537 1053 241 380 882 812 337 649 476 785 426 1046 650 966 1005 382 366 995 180 513 35 746 166 527 389 589 308 595 728 157 948 455 749 616 552 848 266 583 799 233 878 808 373 306 591 945 56 292 805 631 354 862 907 859 942 533 754 256 565 864 830 69 703 586 526 275 587 483 396 622 286 488 688 746 805 348 934 493 337 306 739 773 185 276 87 999 597 845 757 752 835 646 49 731 418 822 646 746 543 787 474 469 268 944 715 657 327 578 736 287 217 635 795 637 1009 59 747 534 774 608 178 455 562 759 426 317 356 760 976
698 711 257 869 773 930 298 1075 871 214 194 928 822 912 972 886 292 872 782 767 180 286 651 822 708 252 852 229 944 737 149 369 733 254 523 1132 988 928 634 1128 376 912 1041 0 793 789 812 990 1044 426 999 1047 641 954 140 881 1026 1005 756 472 1077 824 852 771 521 932 217 438 616 723 1154 1092 1217 303 762 1019 936 980 320 605 1042 1072 952 501 523 767 913 780 1070 906 187 931 788 935 808 517 826 919 105 823 665 262 403 715 392 575 597 1196 817 658 109 47 1081 678 802 910 529 1007 378 920 925 910 767 735 631 641 955 384 586 330 655 492 193 861 673 310 1121 630 470 824 892 1007 225 1046 761 827 655 820 854 198 182 184 884 828 991 581 223 491 985 338 838 635 1155 582 776 762 928 1013 678 360 364 538 723 332 552 758 927 472 408 942 778 980 152 857 196 288 381 343 619 1064 876 1215 343 440 526 730 565 702 615 775 542 827 399 1004 589 504 877 886 406 253 550 39 983 841 657 720 735 1114 664 600 605 1001 775 733 746 139
