140
0 359 567 496 498 309 184 626 337 378 38 18 253 429 405 355 329 362 140 516 191 340 424 493 503 241 442 333 416 372 327 160 251 462 493 329 514 411 458 327 364 520 478 72 426 600 561 398 277 411 92 447 236 426 473 556 297 269 288 269 152 51 433 315 486 345 146 214 196 579 496 573 453 571 425 128 318 347 174 376 188 489 167 619 381 75 635 638 604 310 419 648 237 494 134 488 435 430 512 168 472 464 151 591 508 297 516 496 411 388 448 245 496 228 528 255 463 519 427 616 509 539 312 617 110 620 83 127 389 540 427 268 561 411 453 183 227 395 549 466
359 0 736 854 618 300 291 973 441 468 397 342 228 205 594 540 628 468 384 356 517 698 191 629 453 419 461 575 705 477 48 517 133 257 831 192 335 718 808 337 173 704 761 404 278 944 233 64 342 700 438 274 567 142 480 843 451 485 562 498 382 311 674 672 524 91 365 242 497 284 419 839 450 272 619 476 510 220 199 112 514 588 242 975 452 418 862 831 617 516 379 654 313 165 257 843 791 659 676 473 701 249 408 745 663 551 627 324 771 697 243 581 817 492 872 609 785 648 786 823 702 519 276 842 452 294 277 333 724 737 518 362 912 733 124 215 195 719 908 667
567 736 0 695 1058 439 468 889 295 270 561 578 509 910 162 907 803 929 705 539 681 559 899 1049 1059 343 1007 860 276 939 688 518 611 591 459 555 563 325 519 884 851 1055 258 500 531 882 786 800 394 278 501 957 696 869 1038 291 861 298 304 297 718 564 175 537 267 655 713 503 391 739 1046 233 1016 740 966 490 872 860 673 656 680 1052 701 814 948 606 165 100 1171 257 972 1215 428 751 536 738 702 161 1057 694 137 954 416 35 74 280 1076 554 614 331 942 428 883 766 832 627 854 1076 609 109 1040 1103 465 149 488 815 576 693 419 56 993 376 821 372 735 701 739 804 678 998
496 854 695 0 671 738 632 194 672 700 457 512 718 887 599 542 344 637 506 954 363 172 887 646 842 582 751 455 418 641 823 345 744 927 261 802 960 369 182 707 827 587 445 464 878 190 1053 889 681 417 429 880 321 903 777 459 574 541 452 524 516 545 523 202 802 838 528 680 431 1061 858 521 775 1054 542 394 531 792 661 866 367 691 634 133 677 438 635 696 849 555 785 886 661 987 617 61 80 543 615 414 558 912 509 730 685 486 690 943 94 365 896 333 262 444 158 248 251 668 90 659 568 840 753 628 419 1110 579 547 275 640 674 657 128 323 947 658 696 255 80 542
498 618 1058 671 0 769 658 653 833 873 498 491 689 483 898 153 330 154 358 935 394 627 494 27 259 740 182 225 856 144 628 554 617 850 839 731 922 831 767 281 465 128 916 559 842 621 845 599 758 851 556 424 402 548 185 979 203 765 760 762 346 518 906 626 977 678 355 661 668 902 297 1016 207 890 128 570 186 409 478 712 393 38 427 721 165 451 1100 1119 183 805 272 216 713 782 583 619 592 909 85 367 948 472 649 1084 1003 779 19 907 648 810 461 661 452 297 571 497 442 30 668 1092 140 215 761 1084 570 904 522 384 765 1025 100 755 632 808 742 445 438 417 751 140
309 300 439 738 769 0 124 901 146 169 334 305 86 489 309 644 638 618 429 217 498 566 476 770 687 171 661 637 463 628 253 403 188 197 630 116 221 491 635 526 437 815 509 294 141 879 370 364 64 460 325 546 540 438 688 589 568 234 332 252 436 268 405 537 231 215 423 108 310 347 664 571 661 344 720 352 606 461 299 217 496 750 346 871 621 383 575 537 830 251 601 872 78 322 188 749 697 385 800 478 423 534 229 446 365 308 784 204 644 474 524 411 797 533 810 533 763 795 654 532 806 744 26 556 328 413 253 390 530 445 681 90 831 520 300 333 357 696 770 764
184 291 468 632 658 124 0 786 186 225 210 181 87 443 313 526 513 509 309 336 374 462 433 657 603 131 565 514 415 520 244 289 157 295 556 171 336 432 547 433 383 695 470 174 250 763 433 350 100 411 208 489 416 409 594 552 454 194 273 207 317 145 385 433 321 232 305 53 221 431 585 548 568 425 600 238 488 393 209 252 371 642 247 763 518 259 577 556 734 228 516 777 55 373 76 637 584 371 683 353 413 487 130 483 397 260 673 319 539 411 474 317 674 410 692 415 640 682 551 543 686 654 129 558 214 486 136 274 451 458 574 101 717 451 340 241 274 573 671 644
626 973 889 194 653 901 786 0 850 881 590 640 868 968 789 559 374 665 596 1118 456 349 971 626 869 754 775 475 613 667 948 497 877 1080 450 950 1121 564 375 765 914 544 639 612 1036 32 1187 998 847 611 578 947 406 998 797 648 616 721 637 704 602 677 717 378 986 971 618 829 604 1205 893 712 801 1197 530 548 560 871 773 1002 459 683 736 104 707 557 826 890 837 739 828 867 822 1119 757 157 205 737 581 502 752 985 673 925 878 672 670 1104 280 559 970 511 201 505 100 373 217 642 281 853 526 852 913 820 572 1247 709 644 470 835 686 826 71 517 1077 763 795 269 231 513
337 441 295 672 833 146 186 850 0 40 348 342 214 618 163 693 643 689 476 308 504 502 607 829 790 103 750 668 338 699 393 371 317 325 522 262 323 374 541 619 562 857 376 291 263 833 511 505 99 336 312 669 537 575 779 453 629 131 227 149 486 314 265 473 151 360 477 212 246 478 772 429 754 477 763 323 655 576 396 364 503 819 433 805 700 400 428 391 918 127 702 962 138 467 262 694 644 244 850 498 279 663 200 305 221 196 849 309 577 360 652 339 777 564 768 504 744 855 583 385 846 840 173 409 306 550 315 449 430 298 754 86 779 410 447 428 460 681 690 803
378 468 270 700 873 169 225 881 40 0 388 383 244 651 158 733 682 729 516 301 544 532 639 870 828 142 790 708 349 739 420 407 349 331 538 284 319 388 563 658 595 898 381 331 269 864 522 532 132 346 350 704 575 604 818 454 670 159 250 176 527 355 265 502 112 385 518 247 279 483 809 425 793 483 803 361 696 612 434 385 542 860 472 832 740 440 413 369 958 146 741 1001 174 482 300 724 676 242 891 538 273 695 240 277 196 217 890 307 606 376 685 369 813 604 800 540 780 896 610 367 886 879 194 394 345 557 355 490 451 281 794 123 809 426 465 466 498 718 714 843
38 397 561 457 498 334 210 590 348 388 0 55 284 462 400 351 303 369 145 546 164 302 458 491 522 248 456 319 393 379 365 124 289 495 460 363 544 385 422 348 398 510 455 61 457 564 599 436 297 388 66 478 206 462 487 531 300 267 271 263 158 88 419 277 499 382 156 245 178 615 518 552 469 607 416 97 314 378 211 413 161 491 199 581 391 52 619 627 614 306 439 658 259 531 168 450 397 418 506 150 459 496 152 586 505 285 516 527 373 361 481 214 465 216 493 217 431 517 389 603 498 554 340 602 83 657 121 144 357 531 433 285 524 381 491 217 260 363 511 455
18 342 578 512 491 305 181 640 342 383 55 0 245 410 416 350 335 352 133 509 199 358 405 487 488 248 429 333 433 362 311 179 237 452 512 319 506 429 477 312 345 517 495 89 418 614 547 380 277 428 111 429 246 407 460 573 288 280 303 281 144 39 448 333 490 330 136 207 212 566 480 590 439 558 422 147 313 328 155 362 196 480 148 635 369 84 650 651 592 321 403 636 235 479 125 504 451 444 508 172 487 445 162 602 518 312 508 489 429 406 430 264 506 228 542 270 473 513 445 630 507 526 307 632 128 606 69 114 408 553 417 269 576 429 438 164 208 405 567 464
253 228 509 718 689 86 87 868 214 244 284 245 0 407 365 568 580 536 357 265 444 549 395 691 601 197 575 568 492 546 180 374 105 211 641 84 261 513 634 440 353 740 544 257 173 845 347 291 114 488 291 462 489 361 602 626 490 264 352 279 364 205 450 520 317 155 350 39 307 344 577 616 574 338 646 324 531 374 214 169 441 668 263 848 538 328 634 603 744 292 514 786 86 288 120 722 669 434 724 417 474 452 217 519 435 335 703 244 626 493 441 404 749 466 774 496 715 715 638 595 732 657 73 614 299 399 183 315 536 508 599 133 801 535 257 248 270 647 758 691
429 205 910 887 483 489 443 968 618 651 462 410 407 0 757 453 597 355 381 560 524 754 14 501 268 573 305 514 831 360 244 585 302 461 922 392 538 834 883 219 64 592 892 494 483 937 385 152 519 826 521 73 571 74 314 973 370 633 691 642 372 396 822 733 719 295 358 407 610 456 229 980 286 444 523 558 433 97 260 317 521 447 263 993 324 460 1019 1000 438 670 214 470 481 334 383 862 814 811 556 474 854 44 533 923 838 689 486 528 817 811 37 674 787 463 868 640 760 514 835 987 595 337 468 1000 538 438 368 341 818 902 385 534 917 838 303 245 202 700 953 568
405 594 162 599 898 309 313 789 163 158 400 416 365 757 0 749 656 767 544 459 528 443 747 890 898 184 845 706 205 777 546 369 464 488 401 424 478 250 441 722 696 900 227 339 425 777 675 656 253 203 343 800 548 721 876 297 700 135 160 136 556 402 109 417 221 518 551 354 237 640 885 267 854 640 810 336 713 703 514 525 527 892 540 727 786 447 268 243 1009 95 811 1053 281 631 378 633 590 85 901 538 115 800 254 186 106 130 917 465 509 244 787 293 755 609 720 489 724 917 509 230 886 940 335 248 330 713 415 531 329 145 832 232 718 294 609 541 580 669 599 844
355 540 907 542 153 644 526 559 693 733 351 350 568 453 749 0 198 108 217 826 241 481 460 141 310 596 216 87 702 108 540 401 511 748 691 622 816 678 622 233 416 171 762 412 732 526 774 536 625 698 406 412 252 504 239 826 89 617 607 613 208 381 754 477 841 584 220 536 516 821 334 863 242 810 79 418 37 362 370 619 240 159 317 611 149 302 947 966 311 656 275 351 581 706 455 497 462 757 157 214 796 457 503 935 854 628 173 800 508 657 443 507 360 143 466 348 341 168 529 939 165 298 639 931 419 835 391 253 613 873 132 619 524 656 664 340 347 298 621 127
329 628 803 344 330 638 513 374 643 682 303 335 580 597 656 198 0 297 244 845 140 304 601 308 503 540 410 111 563 301 612 287 557 785 514 651 841 530 439 391 546 270 618 353 753 342 855 643 601 559 331 573 108 632 436 671 242 539 499 530 246 374 635 307 794 645 262 542 420 887 524 716 436 878 203 325 191 500 431 680 142 348 385 416 339 254 812 846 505 573 456 543 563 786 459 298 264 643 288 163 677 612 442 834 762 527 350 824 318 512 596 376 191 137 276 183 162 332 338 814 252 497 641 799 338 917 398 295 452 761 330 587 331 499 743 412 438 105 424 216
362 468 929 637 154 618 509 665 689 729 369 352 536 355 767 108 297 0 224 781 303 556 363 161 206 600 113 190 749 10 475 447 463 696 762 577 768 730 698 138 325 239 811 429 688 632 698 454 610 744 432 308 328 412 141 880 72 632 639 631 210 374 787 548 830 525 215 509 545 752 227 910 138 741 168 452 106 270 324 559 301 132 273 713 41 328 985 996 246 672 167 290 565 633 434 595 556 787 208 263 828 354 514 953 870 654 167 753 594 708 341 555 468 203 571 422 447 182 614 972 241 207 609 968 448 758 374 240 676 900 65 609 628 714 593 291 284 401 714 212
140 384 705 506 358 429 309 596 476 516 145 133 357 381 544 217 244 224 0 621 144 382 381 353 385 381 314 211 531 234 368 236 317 551 571 420 613 518 519 218 322 386 594 205 527 567 611 402 407 526 208 376 191 402 345 666 157 409 416 407 13 163 563 365 623 403 22 323 322 645 387 692 328 635 291 232 180 285 186 437 140 348 142 613 247 107 763 772 469 449 308 513 364 542 240 482 433 563 375 94 604 405 291 730 647 430 375 597 439 495 389 342 433 113 496 260 401 379 458 748 377 413 426 746 225 672 175 50 475 676 288 401 541 507 499 169 198 336 574 335
516 356 539 954 935 217 336 1118 308 301 546 509 265 560 459 826 845 781 621 0 708 782 546 941 805 376 801 832 647 791 325 620 318 99 829 204 27 682 842 667 528 998 682 510 93 1096 271 410 273 644 542 630 752 492 823 756 743 430 530 449 626 470 567 752 272 271 611 302 523 206 773 724 794 211 905 569 790 569 458 243 705 911 511 1087 776 592 699 639 964 435 726 1003 295 265 385 966 914 544 978 682 572 603 445 532 471 501 948 32 860 668 598 623 1010 731 1026 750 976 963 868 647 991 869 206 681 545 284 448 576 733 566 840 297 1048 716 274 490 499 909 982 951
191 517 681 363 394 498 374 456 504 544 164 199 444 524 528 241 140 303 144 708 0 254 525 379 497 401 412 180 462 311 495 164 431 652 458 519 705 437 396 347 466 374 522 213 618 427 737 542 461 458 193 516 49 546 442 585 232 405 377 397 152 239 519 244 655 522 166 406 291 762 506 622 433 753 287 192 212 428 317 555 3 399 280 469 339 116 708 732 544 441 430 586 423 668 324 338 289 525 379 50 562 548 304 710 634 401 414 688 302 416 532 267 307 101 355 123 274 406 321 703 359 509 503 693 201 797 266 189 374 642 357 447 398 416 626 306 340 206 433 317
340 698 559 172 627 566 462 349 502 532 302 358 549 754 443 481 304 556 382 782 254 0 752 608 752 410 667 402 289 563 664 181 582 756 211 633 788 246 142 598 691 574 333 298 706 335 888 738 509 286 263 757 229 761 696 374 486 372 288 355 394 387 383 30 637 674 403 511 259 892 760 426 688 886 505 227 459 663 512 701 257 639 492 305 593 294 531 579 791 390 683 832 490 823 452 192 146 400 592 301 423 783 338 593 538 323 647 771 77 233 767 163 327 353 276 134 300 633 89 544 555 763 582 520 252 944 421 414 155 508 606 485 278 207 784 514 556 262 211 520
424 191 899 887 494 476 433 971 607 639 458 405 395 14 747 460 601 363 381 546 525 752 0 511 282 564 317 520 824 369 230 581 290 446 918 378 524 828 880 227 60 601 884 489 469 940 371 137 508 819 516 88 571 60 327 965 376 624 684 633 372 390 813 731 706 281 358 395 603 442 243 971 298 429 531 553 439 100 253 303 521 458 260 993 334 458 1010 990 452 660 226 484 470 319 374 863 814 802 566 474 845 58 525 912 827 680 497 514 815 805 52 669 791 465 870 639 764 525 833 977 604 351 455 990 533 425 361 340 813 892 396 523 919 832 288 241 197 703 952 576
493 629 1049 646 27 770 657 626 829 870 491 487 691 501 890 141 308 161 353 941 379 608 511 0 284 734 204 206 842 152 637 541 622 857 819 736 928 816 747 294 480 101 901 552 847 594 858 613 757 837 547 444 384 564 210 963 202 758 749 754 342 515 895 607 975 686 352 662 658 913 321 1001 229 902 105 559 176 424 482 720 378 64 430 695 179 442 1087 1107 211 797 292 242 712 794 583 594 568 898 59 356 937 492 642 1076 995 769 43 913 626 795 481 647 425 284 544 478 416 26 646 1080 113 243 763 1071 561 917 520 382 747 1015 115 753 605 792 753 450 446 392 727 113
503 453 1059 842 259 687 603 869 790 828 522 488 601 268 898 310 503 206 385 805 497 752 282 284 0 717 93 395 914 202 480 622 504 709 951 614 786 903 893 176 279 385 977 575 719 836 653 412 698 910 588 196 528 342 75 1052 268 763 791 766 371 496 936 740 916 534 369 585 698 722 41 1074 67 710 349 616 312 235 394 562 494 220 359 919 164 492 1138 1137 169 803 87 202 654 599 528 801 762 932 344 451 975 242 647 1080 994 800 254 774 795 880 236 728 670 401 776 619 651 287 815 1117 395 69 672 1120 605 707 483 377 859 1039 187 704 833 893 565 362 331 607 918 383
241 419 343 582 740 171 131 754 103 142 248 248 197 573 184 596 540 600 381 376 401 410 564 734 717 0 670 567 296 610 372 268 286 369 459 271 386 321 466 543 512 758 347 189 311 736 536 480 107 292 208 616 433 540 700 429 537 67 161 83 393 226 255 380 254 353 385 177 150 518 703 420 676 514 664 220 559 518 330 366 400 729 358 715 615 299 446 428 836 97 630 880 111 482 194 599 549 240 753 397 282 616 97 362 276 139 757 370 487 303 603 248 675 464 669 402 641 761 494 413 746 763 193 427 203 582 234 360 359 329 665 81 683 348 453 358 396 578 606 703
442 461 1007 751 182 661 565 775 750 790 456 429 575 305 845 216 410 113 314 801 412 667 317 204 93 670 0 301 845 109 480 547 488 709 870 602 784 830 809 135 296 303 908 513 711 742 679 432 664 841 521 242 441 374 31 980 180 709 728 710 300 444 875 657 885 533 300 555 634 742 122 1006 27 730 258 546 220 243 362 564 410 144 318 826 74 421 1076 1081 168 750 91 212 619 619 489 708 670 873 263 369 915 291 591 1030 945 740 183 770 707 808 281 655 576 314 682 533 557 212 727 1058 310 98 648 1058 538 736 436 315 781 983 96 667 740 817 582 328 306 513 828 294
333 575 860 455 225 637 514 475 668 708 319 333 568 514 706 87 111 190 211 832 180 402 520 206 395 567 301 0 640 192 567 344 526 762 613 631 824 612 542 299 470 194 698 378 738 442 808 580 610 635 365 482 178 558 326 758 145 579 557 573 206 369 700 401 818 607 222 533 469 848 418 798 327 838 107 370 86 419 389 642 180 239 338 524 232 267 887 913 395 617 354 434 568 739 450 409 375 705 199 170 742 524 470 889 812 580 245 808 425 592 509 446 280 104 380 272 257 232 445 883 180 386 636 872 376 869 385 257 541 823 219 601 438 586 697 364 380 211 535 138
416 705 276 418 856 463 415 613 338 349 393 433 492 831 205 702 563 749 531 647 462 289 824 842 914 296 845 640 0 758 659 303 571 658 197 567 662 49 245 741 767 829 62 344 597 605 832 761 400 4 327 859 463 812 876 141 677 229 142 213 545 437 107 270 426 646 546 467 222 810 911 161 860 807 748 299 672 758 572 662 463 858 580 539 777 424 249 290 995 213 833 1039 408 779 454 462 427 130 839 490 139 870 299 312 272 157 876 648 338 56 856 195 616 559 557 380 589 868 333 255 812 944 487 235 309 877 463 538 143 222 809 373 544 96 750 591 634 545 405 773
372 477 939 641 144 628 520 667 699 739 379 362 546 360 777 108 301 10 234 791 311 563 369 152 202 610 109 192 758 0 484 456 472 706 769 587 778 739 705 145 332 232 820 439 698 634 706 462 620 753 441 312 335 419 136 888 80 642 649 641 220 385 796 555 841 534 226 520 555 761 226 919 135 749 164 462 110 276 334 568 309 122 283 717 41 337 995 1006 237 682 168 281 575 642 444 599 561 796 200 271 837 358 524 963 880 664 156 763 600 717 345 564 469 210 573 429 449 173 620 981 234 200 619 978 457 766 385 250 684 910 55 619 630 723 601 301 294 404 719 207
327 48 688 823 628 253 244 948 393 420 365 311 180 244 546 540 612 475 368 325 495 664 230 637 480 372 480 567 659 484 0 482 88 229 790 148 306 674 770 350 204 707 715 367 241 921 243 112 294 655 401 310 544 186 501 797 451 438 517 451 367 278 627 637 478 53 351 195 455 281 448 792 471 270 619 439 507 244 181 84 491 600 229 946 463 391 814 783 640 469 401 679 265 173 216 815 762 612 681 454 653 289 365 697 615 505 638 293 738 653 281 541 799 479 848 581 766 657 752 775 704 544 229 794 414 304 244 317 683 688 529 314 886 690 131 203 193 699 875 667
160 517 518 345 554 403 289 497 371 407 124 179 374 585 369 401 287 447 236 620 164 181 581 541 622 268 547 344 303 456 482 0 401 585 339 457 624 283 298 454 521 538 364 118 539 475 708 558 352 298 83 597 178 586 578 433 375 255 214 244 250 206 355 155 519 493 254 336 134 716 623 464 563 709 451 51 369 498 335 521 164 555 321 474 477 131 546 568 693 287 544 736 325 642 272 348 295 361 543 187 398 618 178 548 475 240 574 606 256 261 602 108 406 257 406 133 373 568 270 539 522 646 415 530 75 765 240 255 239 478 507 332 428 271 603 341 384 310 392 481
251 133 611 744 617 188 157 877 317 349 289 237 105 302 464 511 557 463 317 318 431 582 290 622 504 286 488 526 571 472 88 401 0 237 702 114 306 586 684 353 248 682 627 283 225 851 310 193 218 567 318 358 479 257 513 709 426 351 428 364 320 200 541 554 420 93 304 110 367 331 479 705 484 322 590 356 475 273 141 125 428 593 193 870 458 321 731 704 655 384 420 696 183 242 130 739 686 527 661 394 569 347 277 623 539 417 629 290 657 564 336 455 738 430 779 506 705 645 671 694 676 564 169 711 330 369 168 268 595 608 522 234 813 601 202 172 182 637 793 637
462 257 591 927 850 197 295 1080 325 331 495 452 211 461 488 748 785 696 551 99 652 756 446 857 709 369 709 762 658 706 229 585 237 0 828 133 77 688 831 577 431 919 701 468 62 1057 194 310 261 655 502 532 698 392 730 779 663 431 529 449 555 413 591 727 334 176 539 251 505 152 677 754 701 152 828 534 713 473 378 146 649 824 431 1058 688 537 743 692 870 444 631 909 268 173 328 933 880 570 898 621 603 503 419 589 519 505 861 67 834 671 499 605 959 664 986 708 925 879 845 695 914 774 177 725 509 225 386 504 727 610 753 287 1012 717 176 409 412 857 963 875
493 831 459 261 839 630 556 450 522 538 460 512 641 922 401 691 514 762 571 829 458 211 918 819 951 459 870 613 197 769 790 339 702 828 0 723 841 151 82 790 858 783 200 431 770 450 988 880 566 198 402 936 438 917 900 198 691 398 299 380 584 530 303 214 622 787 590 609 336 976 957 262 889 972 716 364 667 837 666 808 460 850 659 363 797 470 376 444 1000 394 878 1042 564 929 574 317 301 327 803 501 328 956 427 494 466 327 859 826 212 162 940 250 505 559 417 343 485 844 197 407 765 968 652 371 385 1038 562 594 106 403 814 540 388 112 896 677 720 461 224 731
329 192 555 802 731 116 171 950 262 284 363 319 84 392 424 622 651 577 420 204 519 633 378 736 614 271 602 631 567 587 148 457 114 133 723 0 194 591 718 467 347 793 617 339 111 926 266 256 172 564 374 455 565 334 626 698 538 338 430 354 424 279 517 604 332 103 409 121 390 259 586 683 597 253 701 408 586 380 254 101 516 708 306 932 573 404 691 653 768 360 532 808 160 211 195 805 752 498 774 488 537 437 301 561 480 410 744 178 710 572 428 488 826 531 855 577 792 759 722 648 787 676 90 672 382 316 253 373 619 561 637 197 883 615 185 286 297 724 842 747
514 335 563 960 922 221 336 1121 323 319 544 506 261 538 478 816 841 768 613 27 705 788 524 928 786 386 784 824 662 778 306 624 306 77 841 194 0 696 852 651 508 987 699 511 87 1099 243 387 281 659 544 609 750 469 806 774 732 443 542 461 618 467 585 758 297 252 603 299 531 180 754 744 777 184 895 572 780 550 446 223 702 897 499 1093 761 589 721 663 946 449 707 985 299 238 381 970 918 562 967 678 592 580 450 556 493 515 934 17 866 681 576 631 1009 724 1029 751 976 950 875 670 981 850 208 703 548 257 443 567 744 588 826 305 1052 729 248 478 484 908 991 941
411 718 325 369 831 491 432 564 374 388 385 429 513 834 250 678 530 730 518 682 437 246 828 816 903 321 830 612 49 739 674 283 586 688 151 591 696 0 196 732 769 798 88 341 628 557 857 773 427 48 320 858 433 819 861 149 658 257 160 239 531 438 157 230 470 665 534 485 224 839 902 186 846 836 719 288 649 757 574 682 438 836 578 490 760 410 285 333 976 247 823 1019 431 801 464 414 381 179 810 469 188 872 309 361 321 183 851 681 291 23 857 175 573 536 510 346 546 842 285 298 781 929 514 274 302 904 466 528 95 271 789 401 496 47 770 591 634 506 355 743
458 808 519 182 767 635 547 375 541 563 422 477 634 883 441 622 439 698 519 842 396 142 880 747 893 466 809 542 245 705 770 298 684 831 82 718 852 196 0 737 819 706 265 404 776 373 981 854 572 244 371 891 371 884 839 277 628 412 314 394 531 500 353 153 656 773 540 600 327 976 901 338 830 971 643 333 601 794 633 797 399 780 620 295 735 424 452 514 933 416 823 973 563 919 554 236 218 375 727 442 384 915 417 554 517 346 787 836 130 197 899 230 422 495 336 276 403 771 115 477 688 905 654 445 357 1034 534 547 112 464 748 547 311 149 883 639 682 381 159 655
327 337 884 707 281 526 433 765 619 658 348 312 440 219 722 233 391 138 218 667 347 598 227 294 176 543 135 299 741 145 350 454 353 577 790 467 651 732 737 0 187 377 804 400 576 733 563 318 530 736 414 183 386 274 162 879 153 587 615 590 205 320 760 583 750 402 199 420 523 621 170 900 135 609 304 444 215 131 227 435 344 250 186 800 115 323 962 961 304 627 91 346 485 500 357 674 629 756 345 297 798 224 470 905 819 624 289 637 649 709 210 558 577 265 667 470 552 312 669 941 379 221 513 944 431 622 308 203 693 863 181 534 720 724 460 193 170 496 780 350
364 173 851 827 465 437 383 914 562 595 398 345 353 64 696 416 546 325 322 528 466 691 60 480 279 512 296 470 767 332 204 521 248 431 858 347 508 769 819 187 0 565 827 429 445 884 383 136 463 762 456 109 513 88 311 908 329 571 627 579 314 331 759 670 669 257 300 349 546 447 246 916 281 434 489 493 391 55 195 284 462 431 199 935 300 397 957 940 445 608 208 481 424 324 320 804 755 749 532 416 792 104 469 865 780 625 471 496 755 746 91 609 738 410 814 579 709 495 773 926 566 346 417 938 473 440 303 280 753 842 365 476 861 773 287 180 137 648 892 536
520 704 1055 587 128 815 695 544 857 898 510 517 740 592 900 171 270 239 386 998 374 574 601 101 385 758 303 194 829 232 707 538 682 919 783 793 987 798 706 377 565 0 886 570 904 512 936 694 794 825 559 538 366 651 310 941 256 773 751 767 378 550 893 578 1007 753 391 708 664 987 422 985 329 976 94 564 208 509 541 788 374 166 488 621 267 459 1078 1106 302 811 387 327 751 870 626 531 512 899 42 363 935 586 662 1084 1007 775 138 971 580 779 574 637 347 294 470 452 343 105 599 1076 19 343 811 1063 570 996 561 425 722 1016 209 787 531 769 829 510 513 333 667 56
478 761 258 445 916 509 470 639 376 381 455 495 544 892 227 762 618 811 594 682 522 333 884 901 977 347 908 698 62 820 715 364 627 701 200 617 699 88 265 804 827 886 0 406 639 635 879 818 446 67 389 921 520 871 939 82 739 279 200 264 608 499 118 318 446 699 609 521 284 853 974 100 922 852 806 361 732 820 633 713 522 919 642 559 839 486 197 251 1057 257 895 1101 459 828 512 494 464 142 897 551 131 931 359 293 271 209 936 685 373 106 917 255 660 620 592 434 634 928 365 214 869 1007 534 187 372 922 524 600 179 202 871 421 573 127 801 652 695 594 421 830
72 404 500 464 559 294 174 612 291 331 61 89 257 494 339 412 353 429 205 510 213 298 489 552 575 189 513 378 344 439 367 118 283 468 431 339 511 341 404 400 429 570 406 0 425 588 589 450 249 339 35 517 250 485 544 484 361 205 215 202 218 99 362 271 442 375 214 218 123 597 569 501 524 590 477 72 375 416 235 403 212 552 236 593 450 111 563 568 673 245 491 717 216 524 154 465 412 359 566 207 401 531 92 525 443 226 577 493 374 318 516 181 503 275 518 240 469 579 388 545 557 611 303 545 47 646 130 198 326 471 493 234 544 343 486 250 293 403 510 515
426 278 531 878 842 141 250 1036 263 269 457 418 173 483 425 732 753 688 527 93 618 706 469 847 719 311 711 738 597 698 241 539 225 62 770 111 87 628 776 576 445 904 639 425 0 1013 255 336 204 594 458 551 662 418 734 717 649 372 471 390 532 379 529 676 277 188 517 212 451 215 689 692 705 214 811 487 696 483 365 166 615 818 417 1010 684 502 682 631 875 384 638 915 216 225 294 886 834 507 884 590 541 527 368 530 458 445 855 70 784 612 521 552 922 638 943 665 888 870 794 633 897 782 124 663 463 287 356 482 670 548 748 230 967 659 219 397 407 821 911 857
600 944 882 190 621 879 763 32 833 864 564 614 845 937 777 526 342 632 567 1096 427 335 940 594 836 736 742 442 605 634 921 475 851 1057 450 926 1099 557 373 733 884 512 635 588 1013 0 1160 969 827 604 555 915 377 967 764 648 584 704 623 688 572 651 709 363 971 944 588 806 586 1179 860 711 769 1171 497 527 528 840 745 976 431 650 707 123 674 530 825 886 805 724 796 835 800 1092 732 144 188 727 549 473 745 954 652 917 869 658 638 1082 269 551 938 495 168 474 72 348 185 610 272 850 494 819 890 818 550 1220 683 615 462 828 653 806 62 511 1050 733 766 237 237 481
561 233 786 1053 845 370 433 1187 511 522 599 547 347 385 675 774 855 698 611 271 737 888 371 858 653 536 679 808 832 706 243 708 310 194 988 266 243 857 981 563 383 936 879 589 255 1160 0 246 433 828 625 458 786 311 693 959 684 602 696 619 610 510 775 860 529 216 594 381 655 81 615 940 664 70 852 661 743 437 424 186 733 813 471 1180 679 630 935 886 823 622 591 856 426 69 436 1050 996 755 907 696 790 417 564 784 713 675 852 245 964 838 419 750 1042 722 1088 816 1009 875 977 888 934 722 345 916 635 61 478 560 884 802 745 459 1123 881 111 445 428 942 1099 900
398 64 800 889 599 364 350 998 505 532 436 380 291 152 656 536 643 454 402 410 542 738 137 613 412 480 432 580 761 462 112 558 193 310 880 256 387 773 854 318 136 694 818 450 336 969 246 0 406 757 482 224 591 81 448 901 448 545 619 557 398 353 735 713 588 154 382 303 550 310 376 898 418 298 613 521 508 190 228 170 538 566 261 1006 433 451 924 895 580 577 345 615 375 187 309 874 823 720 663 495 762 192 463 810 727 609 606 378 808 751 189 630 834 506 897 641 803 629 825 886 693 480 340 904 497 305 320 353 774 800 499 425 939 785 152 235 204 738 947 661
277 342 394 681 758 64 100 847 99 132 297 277 114 519 253 625 601 610 407 273 461 509 508 757 698 107 664 610 400 620 294 352 218 261 566 172 281 427 572 530 463 794 446 249 204 827 433 406 0 396 278 571 499 475 692 527 555 170 268 188 417 243 345 479 221 265 405 114 250 411 678 511 666 408 699 301 587 480 304 272 458 742 345 814 618 348 522 489 832 189 611 876 45 382 176 694 642 326 783 445 365 564 174 405 321 244 774 264 586 410 553 350 752 506 758 484 718 782 595 481 784 751 87 502 279 477 236 374 466 394 675 26 777 456 357 337 367 652 710 741
411 700 278 417 851 460 411 611 336 346 388 428 488 826 203 698 559 744 526 644 458 286 819 837 910 292 841 635 4 753 655 298 567 655 198 564 659 48 244 736 762 825 67 339 594 604 828 757 396 0 322 854 459 807 872 146 672 226 138 209 540 432 108 267 425 642 541 463 217 807 906 166 855 804 743 294 667 753 567 658 458 854 575 538 772 419 253 293 991 210 828 1034 404 775 449 460 425 130 835 485 141 865 295 313 272 153 871 645 336 53 851 190 613 555 555 376 586 864 331 258 808 939 484 239 304 874 458 533 141 224 805 370 542 95 746 586 629 542 404 769
92 438 501 429 556 325 208 578 312 350 66 111 291 521 343 406 331 432 208 542 193 263 516 547 588 208 521 365 327 441 401 83 318 502 402 374 544 320 371 414 456 559 389 35 458 555 625 482 278 322 0 540 225 515 553 466 362 214 207 208 222 129 355 236 462 410 221 253 113 632 584 486 534 626 467 38 370 439 264 438 192 552 260 557 456 105 554 564 677 252 505 722 247 559 189 430 377 355 558 195 395 556 111 528 449 223 575 526 339 296 541 153 474 265 485 207 440 574 352 539 545 620 336 537 17 681 162 210 297 469 495 261 509 318 521 275 319 374 474 503
447 274 957 880 424 546 489 947 669 704 478 429 462 73 800 412 573 308 376 630 516 757 88 444 196 616 242 482 859 312 310 597 358 532 936 455 609 858 891 183 109 538 921 517 551 915 458 224 571 854 540 0 560 148 248 1001 336 672 723 680 365 421 859 739 778 362 354 457 637 530 157 1012 221 517 477 575 397 101 290 387 513 387 280 979 273 467 1058 1044 366 710 152 397 531 407 422 851 804 849 501 466 893 48 566 972 886 723 425 598 815 835 40 692 760 443 848 636 734 454 834 1029 543 265 526 1039 557 511 397 344 834 945 329 584 900 858 376 268 225 678 950 520
236 567 696 321 402 540 416 406 537 575 206 246 489 571 548 252 108 328 191 752 49 229 571 384 528 433 441 178 463 335 544 178 479 698 438 565 750 433 371 386 513 366 520 250 662 377 786 591 499 459 225 560 0 594 469 579 260 431 392 421 199 285 529 224 688 571 213 450 311 810 541 620 463 802 286 216 229 474 367 604 53 411 330 422 366 161 711 741 562 464 466 603 464 717 370 291 244 537 376 97 572 593 336 726 654 418 422 733 266 414 577 272 260 126 306 95 226 410 286 711 349 535 546 697 230 846 314 238 363 654 377 484 349 407 675 356 389 158 393 309
426 142 869 903 548 438 409 998 575 604 462 407 361 74 721 504 632 412 402 492 546 761 60 564 342 540 374 558 812 419 186 586 257 392 917 334 469 819 884 274 88 651 871 485 418 967 311 81 475 807 515 148 594 0 385 952 418 603 670 614 395 386 793 738 665 233 380 367 594 382 304 955 356 369 578 553 480 142 251 251 542 513 270 1015 385 468 987 962 511 637 283 544 441 259 358 883 833 780 618 497 823 112 512 880 796 664 553 459 828 796 110 667 824 495 897 655 795 579 845 951 653 411 415 967 531 365 355 357 811 865 449 492 943 827 229 247 207 733 966 624
473 480 1038 777 185 688 594 797 779 818 487 460 602 314 876 239 436 141 345 823 442 696 327 210 75 700 31 326 876 136 501 578 513 730 900 626 806 861 839 162 311 310 939 544 734 764 693 448 692 872 553 248 469 385 0 1011 210 740 759 741 331 474 906 687 912 554 331 582 665 758 111 1038 29 746 274 578 246 260 389 585 440 146 347 851 103 452 1107 1111 142 780 102 184 647 635 517 734 697 903 269 399 946 296 622 1060 975 771 183 793 735 839 287 686 597 343 705 563 579 214 755 1089 320 67 675 1089 569 749 465 346 812 1014 112 695 764 848 599 355 332 538 855 307
556 843 291 459 979 589 552 648 453 454 531 573 626 973 297 826 671 880 666 756 585 374 965 963 1052 429 980 758 141 888 797 433 709 779 198 698 774 149 277 879 908 941 82 484 717 648 959 901 527 146 466 1001 579 952 1011 0 808 361 282 346 680 579 188 365 510 781 682 603 363 931 1050 65 995 930 865 435 797 899 713 795 586 984 721 560 910 559 179 253 1126 337 971 1169 540 909 594 513 491 212 955 618 188 1012 440 323 321 292 999 761 400 171 997 324 693 685 613 488 669 989 388 216 923 1079 614 177 448 1001 605 676 220 236 939 501 587 171 882 732 775 636 421 886
297 451 861 574 203 568 454 616 629 670 300 288 490 370 700 89 242 72 157 743 232 486 376 202 268 537 180 145 677 80 451 375 426 663 691 538 732 658 628 153 329 256 739 361 649 584 684 448 555 672 362 336 260 418 210 808 0 566 569 564 144 314 717 477 774 497 152 460 475 732 283 838 202 721 168 381 62 276 285 532 230 191 232 657 106 257 915 927 318 606 213 362 510 617 381 535 494 717 235 191 758 378 448 887 804 585 220 716 526 636 363 483 424 133 519 353 400 227 547 902 252 277 562 898 378 745 318 180 604 831 133 552 574 642 575 254 258 348 650 215
269 485 298 541 765 234 194 721 131 159 267 280 264 633 135 617 539 632 409 430 405 372 624 758 763 67 709 579 229 642 438 255 351 431 398 338 443 257 412 587 571 773 279 205 372 704 602 545 170 226 214 672 431 603 740 361 566 0 99 18 421 266 190 343 267 420 416 243 123 582 751 354 718 579 681 214 581 573 383 433 404 757 406 674 650 315 386 375 873 40 676 917 179 549 250 564 516 178 771 409 221 675 118 321 238 73 783 427 447 240 662 209 658 479 641 385 625 784 452 357 759 805 258 367 203 648 281 395 302 276 697 144 649 287 521 409 449 565 559 717
288 562 304 452 760 332 273 637 227 250 271 303 352 691 160 607 499 639 416 530 377 288 684 749 791 161 728 557 142 649 517 214 428 529 299 430 542 160 314 615 627 751 200 215 471 623 696 619 268 138 207 723 392 670 759 282 569 99 0 81 429 302 147 260 350 505 427 325 93 679 784 289 740 676 663 189 574 622 433 522 376 757 445 584 663 311 348 358 885 103 707 929 270 640 312 480 435 149 755 393 188 731 158 334 264 34 779 527 359 142 717 133 595 464 563 328 563 776 362 332 736 826 354 330 191 743 325 414 203 266 702 241 566 187 610 454 497 508 464 694
269 498 297 524 762 252 207 704 149 176 263 281 279 642 136 613 530 631 407 449 397 355 633 754 766 83 710 573 213 641 451 244 364 449 380 354 461 239 394 590 579 767 264 202 390 688 619 557 188 209 208 680 421 614 741 346 564 18 81 0 420 269 180 326 283 434 415 256 110 600 755 341 720 596 675 205 577 580 390 449 396 755 410 656 650 311 378 371 873 44 680 917 194 565 258 548 500 169 766 403 213 684 119 322 241 56 780 445 429 222 670 193 645 474 625 372 612 781 434 352 753 807 275 359 196 665 286 395 284 273 696 161 633 268 536 415 456 553 541 711
152 382 718 516 346 436 317 602 486 527 158 144 364 372 556 208 246 210 13 626 152 394 372 342 371 393 300 206 545 220 367 250 320 555 584 424 618 531 531 205 314 378 608 218 532 572 610 398 417 540 222 365 199 395 331 680 144 421 429 420 0 173 577 378 633 404 16 330 335 646 373 706 314 636 283 246 170 275 186 439 149 336 139 621 233 121 777 785 455 462 294 499 373 541 248 490 442 576 366 102 618 395 304 743 660 443 363 601 450 509 379 356 436 111 502 270 405 368 469 761 369 399 433 759 239 672 183 51 488 689 275 411 548 521 498 166 193 340 584 327
51 311 564 545 518 268 145 677 314 355 88 39 205 396 402 381 374 374 163 470 239 387 390 515 496 226 444 369 437 385 278 206 200 413 530 279 467 438 500 320 331 550 499 99 379 651 510 353 243 432 129 421 285 386 474 579 314 266 302 269 173 0 443 361 460 294 163 168 215 528 486 591 451 520 455 167 344 320 136 325 236 505 143 669 388 124 644 641 609 307 410 653 200 443 85 539 486 437 539 211 480 434 150 586 501 306 534 449 460 415 419 280 546 265 579 306 512 541 475 621 540 538 268 626 145 569 34 134 425 542 440 238 612 442 403 153 196 444 597 498
433 674 175 523 906 405 385 717 265 265 419 448 450 822 109 754 635 787 563 567 519 383 813 895 936 255 875 700 107 796 627 355 541 591 303 517 585 157 353 760 759 893 118 362 529 709 775 735 345 108 355 859 529 793 906 188 717 190 147 180 577 443 0 361 328 606 575 432 241 744 928 166 886 743 807 336 720 758 568 616 519 905 586 646 811 459 201 212 1033 158 851 1077 364 727 439 564 527 24 898 539 42 864 293 210 164 136 926 572 440 158 850 258 708 610 657 456 679 922 436 185 877 973 430 183 339 815 463 560 247 126 850 320 648 204 702 592 634 630 513 836
315 672 537 202 626 537 433 378 473 502 277 333 520 733 417 477 307 548 365 752 244 30 731 607 740 380 657 401 270 555 637 155 554 727 214 604 758 230 153 583 670 578 318 271 676 363 860 713 479 267 236 739 224 738 687 365 477 343 260 326 378 361 361 0 608 647 386 482 229 863 747 413 677 857 506 199 453 643 488 673 246 636 471 335 583 273 516 560 786 361 669 827 460 795 425 221 174 376 594 289 401 764 308 571 513 295 646 741 107 215 748 133 347 344 303 129 318 633 118 526 560 754 552 504 224 916 395 395 144 487 600 455 307 194 757 492 534 275 239 523
486 524 267 802 977 231 321 986 151 112 499 490 317 719 221 841 794 830 623 272 655 637 706 975 916 254 885 818 426 841 478 519 420 334 622 332 297 470 656 750 669 1007 446 442 277 971 529 588 221 425 462 778 688 665 912 510 774 267 350 283 633 460 328 608 0 434 623 331 390 475 894 468 886 478 912 473 803 692 524 426 654 962 566 934 839 551 429 367 1053 247 829 1097 266 503 397 829 782 303 998 649 322 764 351 259 202 316 993 289 709 462 755 475 925 714 908 651 891 1001 712 376 995 971 251 412 457 553 456 593 544 298 896 222 915 513 494 557 585 830 811 953
345 91 655 838 678 215 232 971 360 385 382 330 155 295 518 584 645 525 403 271 522 674 281 686 534 353 533 607 646 534 53 493 93 176 787 103 252 665 773 402 257 753 699 375 188 944 216 154 265 642 410 362 571 233 554 781 497 420 505 434 404 294 606 647 434 0 387 179 451 242 502 772 524 232 664 447 551 298 218 35 519 650 269 964 514 414 787 752 694 447 455 732 242 149 221 833 780 589 729 484 629 339 360 662 581 490 688 240 750 644 333 543 829 515 872 600 796 707 763 746 749 598 190 767 422 275 261 353 681 659 580 287 907 684 110 244 240 728 885 712
146 365 713 528 355 423 305 618 477 518 156 136 350 358 551 220 262 215 22 611 166 403 358 352 369 385 300 222 546 226 351 254 304 539 590 409 603 534 540 199 300 391 609 214 517 588 594 382 405 541 221 354 213 380 331 682 152 416 427 415 16 163 575 386 623 387 0 317 334 629 369 707 313 619 296 247 183 263 169 422 162 343 123 635 236 123 775 782 458 456 290 502 361 524 235 504 455 573 377 116 615 383 298 737 654 440 372 586 461 511 367 359 452 128 517 282 421 378 479 759 382 398 419 758 238 655 170 35 493 685 281 401 562 525 482 150 178 356 596 341
214 242 503 680 661 108 53 829 212 247 245 207 39 407 354 536 542 509 323 302 406 511 395 662 585 177 555 533 467 520 195 336 110 251 609 121 299 485 600 420 349 708 521 218 212 806 381 303 114 463 253 457 450 367 582 603 460 243 325 256 330 168 432 482 331 179 317 0 274 381 564 597 555 374 613 286 499 365 193 199 403 642 238 810 513 290 621 595 724 274 498 766 74 320 83 683 630 417 693 380 459 451 183 516 431 311 675 282 588 464 439 369 710 431 735 457 676 686 601 584 700 640 102 601 260 434 148 283 504 498 573 127 762 505 286 227 254 609 721 658
196 497 391 431 668 310 221 604 246 279 178 212 307 610 237 516 420 545 322 523 291 259 603 658 698 150 634 469 222 555 455 134 367 505 336 390 531 224 327 523 546 664 284 123 451 586 655 550 250 217 113 637 311 594 665 363 475 123 93 110 335 215 241 229 390 451 334 274 0 648 692 377 646 643 574 99 482 536 350 473 290 664 358 565 569 218 441 451 791 153 615 835 236 594 241 449 399 241 665 302 282 649 91 420 343 111 687 514 337 202 634 100 535 374 521 262 502 685 345 426 649 732 328 424 97 707 242 321 230 357 609 226 533 235 560 369 412 442 459 607
579 284 739 1061 902 347 431 1205 478 483 615 566 344 456 640 821 887 752 645 206 762 892 442 913 722 518 742 848 810 761 281 716 331 152 976 259 180 839 976 621 447 987 853 597 215 1179 81 310 411 807 632 530 810 382 758 931 732 582 679 600 646 528 744 863 475 242 629 381 648 0 685 907 729 12 900 667 788 499 460 207 759 872 510 1190 736 651 894 839 891 597 656 925 413 123 447 1062 1009 723 960 725 756 491 559 734 667 656 911 186 970 821 492 747 1069 757 1108 832 1036 932 982 844 984 791 324 875 641 77 497 595 874 760 802 438 1139 867 160 484 474 968 1102 948
496 419 1046 858 297 664 585 893 772 809 518 480 577 229 885 334 524 227 387 773 506 760 243 321 41 703 122 418 911 226 448 623 479 677 957 586 754 902 901 170 246 422 974 569 689 860 615 376 678 906 584 157 541 304 111 1050 283 751 784 755 373 486 928 747 894 502 369 564 692 685 0 1070 95 673 380 614 333 206 376 530 503 258 345 940 185 492 1130 1126 209 791 78 240 635 562 512 819 778 923 381 459 966 201 636 1065 979 791 293 742 807 879 196 728 695 414 798 629 675 325 827 1107 431 109 647 1112 602 668 470 373 862 1028 218 686 855 894 529 345 311 628 933 416
