240
0 239 240 601 406 521 621 545 277 268 466 130 338 180 262 479 141 316 650 681 505 217 349 383 268 600 511 333 395 225 483 409 491 175 463 393 771 439 875 720 527 560 252 519 492 404 498 508 666 491 217 758 533 691 390 454 385 98 659 519 254 399 254 388 32 513 470 265 661 159 600 461 603 149 317 208 236 265 368 685 575 377 244 250 389 327 381 342 408 668 218 182 455 417 429 706 616 737 189 205 370 269 558 511 384 131 516 713 518 176 495 92 513 398 318 215 395 761 464 515 618 514 380 375 480 368 105 460 221 699 432 168 235 207 394 388 100 541 659 543 474 56 137 365 200 217 77 461 365 599 789 124 708 746 369 513 682 230 149 440 482 554 383 635 351 335 487 252 539 867 468 661 370 660 606 411 189 420 310 378 177 299 747 138 258 754 358 633 366 405 235 442 243 538 659 280 206 269 329 259 602 544 781 552 314 716 410 418 505 463 227 116 548 346 437 396 165 688 282 191 386 765 352 709 330 470 337 272 217 318 446 419 399 346 322 507 123 733 313 638
239 0 476 560 225 529 668 718 401 393 669 116 138 317 252 692 146 197 540 578 302 382 209 446 266 712 273 564 185 345 586 515 505 111 689 632 933 675 817 756 624 762 166 639 668 640 498 674 872 726 434 884 297 598 598 509 327 281 657 312 485 500 458 618 249 274 252 492 755 80 680 538 471 308 212 447 461 465 168 667 704 138 320 451 619 124 582 576 209 859 419 373 216 201 383 635 689 833 249 114 138 110 684 273 602 122 425 872 295 232 526 330 588 198 403 144 366 940 464 701 554 339 141 437 509 597 322 685 391 876 642 358 463 78 260 489 169 540 832 307 675 190 279 558 301 259 315 658 181 783 951 283 813 787 256 724 854 417 347 206 354 774 620 614 337 135 319 479 737 1048 671 553 605 781 662 193 279 334 279 597 362 278 720 221 200 674 402 820 292 500 416 425 446 451 745 48 262 467 113 106 690 573 740 686 547 670 637 585 430 681 233 125 764 467 639 321 173 801 437 354 620 915 161 883 324 562 128 140 274 427 626 652 237 209 535 393 267 836 490 627
240 476 0 678 607 566 609 387 281 276 372 361 578 314 403 265 352 543 780 802 711 293 537 408 400 518 749 185 612 350 432 375 536 413 229 175 608 241 942 708 476 358 479 440 338 208 555 365 453 251 94 640 773 802 197 468 516 212 692 728 143 375 237 154 241 750 687 166 591 396 554 447 754 283 495 85 59 143 607 730 474 615 398 137 230 567 314 102 647 474 137 245 692 658 540 797 577 658 379 442 610 507 464 750 271 371 647 559 738 374 522 147 490 611 346 413 502 577 528 342 713 702 618 404 513 134 160 228 288 521 227 244 156 446 571 368 334 591 491 782 283 295 243 209 355 404 162 382 572 421 625 228 621 725 540 300 511 166 161 679 643 327 144 689 460 552 672 163 345 676 274 787 190 557 587 632 359 563 445 262 253 431 795 299 476 849 413 448 513 387 275 527 131 661 598 513 329 256 554 497 547 564 839 449 158 784 177 293 624 330 429 357 327 317 348 537 354 593 337 208 210 618 564 535 439 436 577 475 332 318 292 241 592 534 242 656 296 645 211 683
601 560 678 0 394 126 234 571 397 401 1033 539 681 777 343 688 490 757 181 172 430 818 360 274 335 403 658 857 460 821 341 343 149 640 747 842 677 915 274 263 334 688 720 395 552 884 124 529 780 820 583 547 702 152 618 233 235 525 128 446 793 333 839 715 633 647 477 813 385 558 315 278 235 749 348 724 621 547 704 114 444 601 825 547 907 669 957 721 735 717 540 780 613 705 180 122 301 437 754 660 632 671 426 664 936 609 161 623 504 736 180 619 275 438 331 433 208 735 149 599 58 353 595 275 179 705 567 738 822 684 650 767 788 626 318 334 634 101 638 711 631 610 478 556 787 776 614 1035 417 639 692 495 445 296 309 702 654 512 534 659 254 769 774 67 250 459 338 803 659 826 637 177 868 466 251 481 770 229 299 928 777 307 159 463 751 174 265 673 268 320 833 159 551 137 363 536 395 857 491 667 337 166 182 448 831 115 719 497 138 1004 764 589 744 377 1005 238 451 458 884 475 888 632 436 678 271 312 666 420 385 363 547 919 362 359 888 213 717 457 496 91
406 225 607 394 0 409 564 735 421 416 868 283 307 532 230 763 265 404 327 367 104 592 76 397 241 663 269 737 67 564 546 490 395 335 784 780 920 836 621 633 571 811 388 607 691 801 376 687 922 837 537 836 312 392 669 436 202 395 512 121 659 473 655 722 429 259 102 671 685 273 605 480 250 516 123 606 573 543 325 508 674 212 544 533 794 298 782 695 350 888 506 574 219 316 248 440 605 757 472 340 246 322 652 274 791 330 235 859 150 455 429 478 520 44 388 195 254 949 351 733 370 114 205 389 412 704 448 778 600 887 713 559 641 304 82 464 374 410 838 322 728 377 366 614 521 484 466 861 44 806 939 380 748 666 109 791 860 492 450 265 147 850 746 457 253 90 94 658 783 1055 728 341 771 735 566 87 500 175 213 784 565 225 549 308 423 472 348 845 168 467 623 305 531 263 669 182 293 667 118 322 620 464 558 662 716 489 737 610 255 869 459 322 834 466 839 180 254 745 652 424 788 891 64 889 256 514 291 135 298 425 660 821 34 80 727 190 475 768 539 476
521 529 566 126 409 0 155 447 286 291 929 483 661 701 285 562 431 723 293 293 472 735 355 158 273 293 678 749 471 746 217 218 31 591 623 726 568 799 375 228 214 563 678 273 426 770 33 404 656 696 472 452 721 277 494 108 213 435 137 490 689 209 745 593 553 668 506 710 291 509 213 152 324 670 327 620 508 430 688 166 327 598 757 432 797 648 858 602 723 596 429 694 626 700 161 247 206 356 691 615 624 638 308 683 831 553 218 512 543 673 53 524 154 450 222 389 165 621 65 473 179 403 593 162 54 584 471 614 737 566 525 681 688 585 327 210 571 25 519 731 505 540 389 432 716 715 522 934 420 517 585 405 354 260 306 575 537 400 433 663 296 643 654 122 193 453 381 702 534 716 511 291 756 361 161 495 702 234 250 823 691 253 230 388 705 298 164 551 250 196 746 107 437 205 271 515 317 763 483 632 233 57 273 328 723 219 596 371 182 896 708 531 618 256 903 230 391 360 800 372 776 527 435 562 208 186 648 394 305 248 420 806 375 353 787 267 643 370 375 118
621 668 609 234 564 155 0 382 351 360 981 607 803 799 416 533 555 857 416 404 627 824 507 238 403 184 832 794 624 846 182 234 169 717 607 748 448 822 385 101 148 507 807 208 379 797 187 349 584 683 519 313 875 378 488 167 365 526 134 645 746 236 816 596 652 823 661 768 151 638 92 165 464 767 475 677 549 465 832 182 236 747 864 472 836 790 918 619 868 511 480 778 779 847 315 327 71 205 802 744 772 774 223 837 881 676 367 398 698 786 141 603 118 604 302 524 314 513 213 422 291 557 743 247 159 592 551 597 824 467 507 767 749 716 481 245 686 159 424 885 471 650 483 433 821 828 604 990 572 441 462 498 211 124 458 537 437 451 505 814 450 602 666 182 333 603 535 761 481 598 480 410 791 237 25 648 809 389 391 872 778 390 232 499 831 368 272 471 402 226 828 259 478 351 129 659 431 836 632 767 114 99 286 247 768 265 592 352 333 937 827 652 575 295 957 383 515 225 886 445 810 400 586 458 344 172 791 538 418 309 391 837 530 504 846 418 745 223 399 157
545 718 387 571 735 447 382 0 323 329 723 612 851 683 509 178 573 856 738 740 830 676 659 350 496 209 964 540 773 725 230 253 431 708 262 452 226 520 767 453 241 126 793 178 53 507 460 48 209 334 340 263 999 724 193 348 553 456 511 849 526 269 624 288 565 960 836 548 278 652 292 298 755 649 613 472 343 282 882 559 151 843 765 298 563 838 685 336 924 155 327 626 904 920 536 687 317 319 728 739 853 794 159 967 627 659 638 173 885 718 394 475 296 761 347 592 508 221 457 53 626 784 842 356 400 295 441 254 671 157 179 622 543 727 663 276 642 470 114 1010 122 597 442 185 720 755 485 740 719 72 244 443 277 454 630 169 137 315 396 916 687 227 364 543 490 726 755 547 103 329 133 738 516 206 356 798 718 601 521 619 632 510 614 497 803 735 395 110 576 279 661 489 305 635 297 735 464 643 744 784 273 406 667 134 518 638 273 133 603 661 771 637 199 268 706 580 546 244 723 368 532 230 723 165 481 261 845 640 455 310 100 550 705 655 618 674 648 297 233 524
277 401 281 397 421 286 351 323 0 9 644 303 537 452 191 346 258 558 512 530 521 472 344 127 179 326 641 463 453 498 206 131 255 409 382 446 532 518 661 453 249 390 499 247 275 487 274 276 501 446 187 491 676 526 256 193 266 179 415 539 404 121 467 334 307 637 519 425 383 342 322 187 500 418 297 334 224 153 568 451 308 521 522 152 511 523 575 328 609 472 144 426 581 601 274 517 340 461 466 439 533 487 289 644 545 361 385 471 569 452 244 251 238 442 65 269 237 544 247 314 434 487 520 123 234 320 199 374 473 480 298 416 404 421 357 111 358 310 433 687 308 316 144 197 477 493 253 650 400 391 550 154 433 475 323 372 456 115 154 594 403 435 382 408 202 404 456 418 362 651 308 517 471 389 334 478 467 316 213 537 426 199 516 184 516 569 133 429 278 128 476 251 155 394 381 414 141 486 421 477 324 290 559 288 437 503 342 191 357 610 498 338 416 70 618 291 227 415 534 93 491 515 402 485 185 192 529 317 132 42 239 522 394 340 503 405 400 457 122 403
268 393 276 401 416 291 360 329 9 0 638 295 529 443 186 349 249 549 513 532 517 464 339 134 175 335 635 457 447 489 215 140 261 400 383 443 539 514 666 461 258 395 490 256 281 483 278 283 506 446 182 500 670 529 258 200 265 170 422 535 398 130 459 333 298 630 515 419 392 333 331 195 500 409 292 328 220 151 560 457 317 514 513 149 506 515 568 326 601 478 139 418 574 594 275 521 348 470 457 430 525 478 298 637 539 352 385 479 565 443 250 243 247 437 69 262 238 551 251 320 437 484 513 129 240 319 191 375 464 486 301 407 398 412 354 119 349 316 441 680 312 307 135 200 468 484 244 643 395 397 558 145 442 483 320 375 463 111 146 586 402 437 380 414 201 398 453 411 367 658 311 519 467 398 343 472 458 315 210 531 418 196 522 175 507 573 137 435 275 137 468 253 152 395 390 406 134 478 415 469 333 297 565 297 431 508 342 198 358 605 489 329 419 79 612 290 219 424 526 85 487 523 397 492 184 201 521 311 125 50 245 518 390 335 496 404 391 466 124 409
466 669 372 1033 868 929 981 723 644 638 0 585 704 357 717 557 607 616 1109 1137 963 290 815 772 719 883 912 188 847 346 804 747 899 563 479 275 921 221 1303 1080 847 649 572 808 682 222 914 714 705 433 462 986 918 1143 534 836 841 514 1060 975 240 746 213 435 440 918 920 219 958 600 925 819 1068 360 784 309 431 516 723 1095 835 788 394 508 160 699 86 387 751 759 504 296 867 780 876 1148 949 1021 442 576 767 634 828 909 100 547 974 883 965 453 888 418 862 855 707 682 839 867 885 671 1060 979 793 767 878 427 467 486 280 823 543 311 244 602 860 739 500 953 807 925 602 491 560 568 387 448 425 27 825 733 934 542 982 1097 835 582 823 533 498 830 947 568 361 1052 795 790 952 229 649 946 591 1118 206 914 960 860 407 881 765 109 306 752 1160 593 547 1199 769 748 827 758 253 876 502 993 966 716 649 202 777 626 917 933 1203 810 214 1144 453 655 958 76 485 550 585 688 29 856 631 951 251 558 191 943 810 841 773 809 712 736 656 684 643 180 865 812 146 970 402 1005 583 1048
130 116 361 539 283 483 607 612 303 295 585 0 239 256 199 577 52 256 557 591 378 312 235 373 210 626 388 462 265 294 501 427 455 110 573 521 831 569 808 701 542 649 200 549 561 534 454 570 759 610 318 794 413 606 483 441 307 166 618 391 383 414 372 501 147 389 340 393 676 39 606 461 500 236 213 338 345 351 270 636 612 254 288 337 519 225 499 461 312 749 304 291 330 311 359 631 617 754 216 138 253 183 592 389 509 70 428 771 389 198 469 216 514 271 319 110 332 834 419 591 545 394 256 364 452 481 206 569 319 770 528 276 363 117 284 402 99 498 727 423 562 94 170 446 255 237 202 578 239 674 850 170 730 730 266 610 749 305 232 322 378 658 506 583 293 206 369 380 625 941 558 568 500 692 597 282 236 331 240 504 283 233 694 119 223 676 335 711 279 416 341 387 332 452 669 151 178 384 199 174 612 518 722 592 444 653 521 479 424 588 226 50 649 373 556 311 92 715 374 244 517 818 225 778 275 480 233 153 191 335 517 549 281 232 445 409 196 754 380 592
338 138 578 681 307 661 803 851 537 529 704 239 0 349 389 812 279 110 634 675 348 415 320 585 404 850 209 633 246 359 725 653 638 165 801 717 1068 751 925 889 762 887 133 777 800 717 629 808 997 829 550 1023 213 699 720 646 453 403 785 350 558 639 507 727 337 217 285 560 893 199 818 676 557 353 336 533 573 588 31 791 842 110 317 574 685 13 619 681 72 989 541 422 174 80 509 743 826 971 262 139 75 73 822 205 654 207 534 1008 311 252 662 431 726 267 542 282 496 1073 596 830 667 408 117 575 644 706 436 798 425 1009 763 410 532 131 366 627 244 670 965 221 800 282 409 684 317 258 416 688 271 913 1087 410 951 921 371 846 988 544 468 126 452 890 720 738 470 224 397 547 864 1181 795 648 680 919 799 239 297 451 413 650 411 414 840 355 163 778 540 950 416 639 454 555 568 561 884 146 400 511 193 83 828 707 855 824 621 786 748 718 545 730 221 224 883 605 676 443 311 939 455 484 692 1052 250 1017 459 700 15 267 412 564 756 721 331 321 586 494 317 974 620 753
180 317 314 777 532 701 799 683 452 443 357 256 349 0 434 579 294 271 812 845 618 66 491 562 442 767 555 297 501 46 654 582 671 208 539 401 909 418 1051 900 699 671 219 685 631 387 677 652 767 543 342 916 563 858 504 634 554 273 839 629 232 573 160 465 148 561 570 227 831 259 774 638 756 34 469 238 342 402 369 864 736 431 83 388 344 343 271 408 401 786 362 82 510 427 601 878 792 906 88 219 409 278 721 552 306 201 681 856 613 96 675 212 690 512 497 365 569 887 643 644 791 646 436 554 660 446 257 539 76 828 539 75 204 247 541 563 158 721 793 570 592 169 316 497 43 103 205 343 487 727 927 301 875 924 522 614 815 382 306 473 634 639 430 813 527 446 622 216 656 988 584 823 348 821 784 511 56 583 481 303 70 471 925 315 199 925 538 757 530 580 105 619 380 704 831 366 384 162 430 269 774 724 959 712 291 892 489 566 673 381 139 210 641 518 328 562 329 852 120 360 357 911 470 841 506 644 356 409 396 493 583 383 534 489 239 665 60 900 463 817
262 252 403 343 230 285 416 509 191 186 717 199 389 434 0 533 148 440 391 420 331 479 153 196 14 466 459 559 263 477 342 276 257 306 559 579 706 642 616 507 376 581 393 400 464 608 255 462 692 615 321 641 497 429 440 256 123 205 419 350 486 260 512 500 294 453 328 502 505 224 429 288 354 407 106 422 360 318 419 437 467 348 481 309 614 376 636 480 457 661 285 445 400 441 167 444 437 582 411 330 367 357 445 462 627 269 256 645 378 394 276 301 337 251 166 107 135 727 221 505 356 305 346 187 258 483 256 552 483 664 484 431 475 301 173 249 291 299 617 507 498 266 162 384 443 434 292 716 210 579 725 180 564 537 139 561 639 267 241 420 239 621 533 385 95 218 275 491 553 835 497 401 583 538 410 288 426 164 47 620 440 36 496 125 419 492 150 618 111 257 498 189 309 276 494 249 73 528 240 350 439 323 526 451 535 458 514 381 242 702 425 248 604 242 689 138 108 554 544 203 602 683 213 668 76 315 378 135 72 200 430 635 205 149 571 255 374 586 308 393
479 692 265 688 763 562 533 178 346 349 557 577 812 579 533 0 549 794 836 846 865 557 686 428 523 378 957 383 787 616 357 345 539 654 84 281 364 346 913 616 384 96 730 325 157 336 566 190 189 156 262 438 987 835 95 454 611 411 652 883 385 356 488 126 490 956 858 405 451 616 450 411 837 548 639 346 244 227 842 699 321 827 663 241 397 799 529 183 884 212 273 510 898 888 610 809 476 497 641 684 830 746 323 959 466 607 719 326 909 634 508 392 429 779 397 589 576 319 553 125 738 834 828 431 509 141 377 75 551 268 50 510 407 681 704 357 579 587 249 998 62 535 416 149 620 667 405 576 738 176 379 409 456 621 669 34 266 277 344 897 749 88 196 673 546 733 803 408 91 413 53 839 351 384 507 811 623 661 559 458 518 545 758 478 732 860 461 193 624 368 535 574 245 724 467 719 470 506 744 736 434 533 810 299 364 772 105 191 688 490 689 588 72 324 543 636 534 422 595 345 365 387 736 285 530 381 809 646 465 356 143 379 738 682 468 746 558 476 225 658
141 146 352 490 265 431 555 573 258 249 607 52 279 294 148 549 0 306 517 551 366 345 207 321 159 577 408 471 261 335 452 378 403 162 552 519 788 572 761 649 492 617 252 501 522 537 403 529 728 594 296 747 438 563 454 389 261 143 567 381 393 365 395 483 167 407 336 405 625 85 554 410 465 271 178 341 327 321 310 586 565 278 334 308 528 266 522 447 352 713 276 318 349 347 311 586 566 704 263 189 283 230 545 410 526 122 386 728 387 245 417 214 463 262 269 74 282 794 368 554 499 372 279 312 400 463 191 547 351 730 499 303 376 166 253 353 144 447 686 448 529 125 134 412 298 286 201 602 225 636 807 139 681 678 230 581 709 273 207 348 343 632 495 533 243 201 345 393 592 902 526 529 505 644 545 280 280 289 191 520 311 183 644 75 275 632 283 673 236 366 370 337 304 409 618 170 127 409 203 221 561 466 673 545 451 605 501 439 380 604 277 100 622 326 578 267 40 666 409 208 523 773 215 738 224 430 272 130 140 287 480 555 258 204 464 371 233 704 343 541
316 197 543 757 404 723 857 856 558 549 616 256 110 271 440 794 306 0 729 768 455 334 403 626 454 882 312 568 347 271 757 683 697 149 772 663 1079 688 1012 948 798 877 64 805 803 655 692 816 982 791 533 1050 308 791 706 693 524 399 853 458 497 670 431 697 304 321 394 495 932 220 861 716 655 285 409 485 550 580 115 864 867 219 222 565 616 113 534 645 135 984 533 352 283 169 580 830 871 1010 183 118 186 86 848 307 576 198 619 1020 421 179 716 403 769 367 575 334 561 1075 658 829 750 510 227 617 699 676 420 770 345 1012 748 341 470 140 453 658 216 735 971 314 791 260 418 679 233 170 388 598 364 913 1098 414 987 978 452 829 993 541 461 231 544 867 678 811 530 316 497 483 855 1181 785 742 617 947 849 344 215 531 472 574 340 470 917 375 72 868 586 948 489 672 374 620 559 647 925 226 433 432 286 91 868 764 937 846 559 867 719 725 627 650 133 221 863 628 590 519 344 971 365 490 627 1069 343 1022 515 736 124 337 446 591 758 654 423 403 510 584 255 1010 622 823
650 540 780 181 327 293 416 738 512 513 1109 557 634 812 391 836 517 729 0 41 319 863 331 408 390 582 558 947 391 851 508 494 306 639 887 953 857 1021 302 436 507 849 706 566 713 989 277 693 947 956 689 729 602 72 758 390 268 595 300 329 876 481 903 845 680 545 378 893 567 563 496 440 84 788 343 811 729 665 652 268 620 536 843 662 1001 625 1028 840 675 888 648 833 525 639 240 136 482 618 769 652 571 645 601 565 1018 621 135 802 390 751 344 692 447 369 450 447 278 913 284 760 124 240 530 406 337 832 645 878 869 859 794 818 866 616 279 479 656 273 812 609 784 643 551 695 811 787 684 1108 365 808 873 569 627 467 291 854 829 623 623 580 185 921 894 240 320 413 241 882 819 1006 788 14 967 647 433 403 792 230 344 1011 827 357 278 517 740 151 380 844 284 469 885 264 664 119 545 503 460 919 443 643 518 343 264 621 923 208 852 648 156 1092 767 605 898 513 1080 254 486 640 927 571 987 813 386 855 341 476 619 410 455 488 700 1019 305 332 963 148 751 639 627 266
681 578 802 172 367 293 404 740 530 532 1137 591 675 845 420 846 551 768 41 0 360 895 369 420 417 576 599 972 431 885 510 502 310 676 900 974 849 1043 261 415 505 854 744 565 718 1011 281 697 949 970 710 717 643 34 770 395 297 623 281 370 902 490 933 861 712 586 420 920 556 599 488 443 125 821 378 836 749 683 693 245 617 577 878 681 1026 665 1057 858 716 888 668 864 567 680 262 101 472 603 805 690 612 684 598 606 1045 656 164 796 431 787 346 719 446 409 466 481 300 908 293 765 115 282 571 419 341 848 671 891 901 856 805 849 893 654 317 488 691 271 810 650 792 676 577 707 846 823 712 1136 405 810 864 595 614 445 327 863 826 642 647 622 224 930 912 223 343 453 283 909 825 999 797 26 990 638 422 444 827 261 373 1037 858 385 247 546 778 110 396 844 315 478 917 279 684 144 533 542 487 949 483 682 510 339 228 620 947 177 867 657 179 1118 804 640 906 526 1109 284 518 629 960 594 1010 803 426 851 366 479 659 447 481 503 708 1042 345 370 990 185 785 624 641 249
505 302 711 430 104 472 627 830 521 517 963 378 348 618 331 865 366 455 319 360 0 681 179 486 342 743 239 837 117 647 631 581 463 414 888 883 1008 938 622 686 653 911 452 694 788 903 441 782 1021 941 641 915 282 390 772 516 282 499 556 19 758 564 749 826 525 226 64 770 758 362 679 563 235 606 225 707 677 646 358 544 760 239 622 637 894 342 876 799 372 984 610 666 209 332 318 448 676 827 551 413 275 382 738 246 888 417 269 947 74 535 500 580 598 107 484 298 333 1041 420 831 394 80 232 478 485 808 551 881 689 979 816 651 740 379 166 556 463 468 931 290 829 471 471 716 603 560 567 954 140 902 1026 484 822 719 199 892 952 595 554 268 179 953 851 497 341 173 92 757 882 1146 829 333 872 816 633 112 581 243 310 882 657 322 575 412 487 470 438 940 254 557 713 375 635 293 741 254 397 761 188 384 696 530 574 750 817 509 841 707 298 967 531 413 936 562 933 257 357 822 738 528 889 975 152 980 348 599 332 237 401 522 758 922 126 183 823 217 564 840 640 519
217 382 293 818 592 735 824 676 472 464 290 312 415 66 479 557 345 334 863 895 681 0 547 590 485 777 621 243 564 69 670 599 704 273 509 354 900 363 1092 925 715 652 284 695 625 333 713 648 742 505 339 918 629 906 490 661 601 300 872 692 187 592 99 438 185 627 634 177 844 319 791 660 811 76 523 211 332 401 435 900 742 497 124 388 286 409 204 379 465 767 365 49 576 492 646 923 811 917 153 285 476 344 728 619 242 263 730 849 677 162 705 222 711 574 523 418 612 871 679 633 835 706 503 583 691 419 273 510 10 814 521 56 160 312 596 582 218 756 783 636 576 220 346 491 100 164 219 277 548 714 917 330 884 948 576 591 803 389 320 540 689 610 394 851 569 508 681 168 638 970 567 874 295 827 807 575 119 633 526 239 46 515 963 355 262 971 571 741 580 600 40 659 380 753 846 430 423 98 493 336 790 754 998 717 241 933 461 566 721 316 201 270 615 535 262 611 377 859 65 379 301 906 531 828 547 662 422 466 433 515 577 325 593 545 176 717 117 909 467 853
349 209 537 360 76 355 507 659 344 339 815 235 320 491 153 686 207 403 331 369 179 547 0 326 164 594 327 675 120 527 475 416 337 308 709 711 848 770 608 583 502 734 375 535 615 735 322 611 845 763 464 769 369 389 593 369 142 327 470 197 597 400 602 648 374 319 177 611 620 234 541 411 267 471 46 541 501 467 343 472 603 243 514 458 731 308 730 623 374 812 432 524 272 347 195 426 543 694 441 320 272 317 581 332 733 293 216 786 226 423 368 414 453 103 312 133 192 874 293 657 348 167 238 317 351 630 380 702 554 812 637 509 582 284 51 390 332 360 764 379 651 327 294 538 485 457 402 809 66 730 866 309 683 616 51 714 785 416 378 308 146 774 674 420 183 99 138 599 706 981 651 344 706 666 507 145 465 131 139 726 516 149 520 239 409 465 276 768 105 394 575 248 456 243 606 177 218 616 130 315 555 407 535 590 653 465 662 533 225 811 436 280 758 390 785 127 188 678 609 350 724 820 79 814 184 444 305 81 222 349 583 757 54 4 671 183 432 703 462 436
383 446 408 274 397 158 238 350 127 134 772 373 585 562 196 428 321 626 408 420 486 590 326 0 182 271 649 590 445 608 149 96 128 483 480 569 523 642 534 337 180 448 573 209 315 612 149 302 552 550 313 446 689 412 350 71 205 289 288 505 532 80 591 443 414 642 500 553 308 406 234 91 412 530 283 462 350 273 614 323 276 545 626 274 639 571 702 446 653 505 271 546 591 638 187 396 245 386 564 511 564 547 255 653 673 440 293 462 546 548 117 373 142 429 66 302 158 555 127 361 316 435 542 9 106 432 320 471 591 494 386 534 531 486 320 74 448 183 445 699 377 411 245 287 582 590 372 777 390 422 541 260 367 363 288 447 466 242 278 616 336 514 500 281 144 409 406 545 418 659 381 411 598 342 226 471 570 251 188 665 545 181 388 261 596 448 49 460 231 71 597 145 279 295 299 446 195 610 434 539 243 164 431 265 564 376 448 243 260 737 589 416 491 105 746 231 282 358 653 217 618 494 399 494 141 119 574 330 181 90 295 648 365 322 630 325 506 390 223 276
268 266 400 335 241 273 403 496 179 175 719 210 404 442 14 523 159 454 390 417 342 485 164 182 0 452 473 559 276 485 328 262 245 318 550 575 692 640 608 494 362 570 405 385 451 606 244 449 680 608 316 627 511 425 431 242 121 205 408 360 486 246 515 493 299 467 340 503 490 236 414 273 355 414 117 422 355 310 433 427 452 363 490 302 614 390 639 474 472 649 279 450 414 455 160 438 422 567 421 343 382 371 431 476 628 280 254 631 390 403 262 302 322 264 152 121 127 714 209 492 350 313 361 173 245 476 256 543 489 651 474 436 476 314 181 235 301 288 603 522 487 274 161 374 451 444 294 719 222 567 711 179 550 524 147 550 625 260 239 435 243 611 528 375 85 232 282 492 541 821 487 399 582 523 396 302 435 164 45 621 445 32 486 130 432 486 135 605 113 243 503 179 302 273 480 263 71 532 254 364 425 310 517 437 535 450 506 369 239 702 436 259 594 228 691 138 118 540 550 197 601 668 227 654 65 300 392 149 68 186 418 634 215 160 573 256 382 572 298 382
600 712 518 403 663 293 184 209 326 335 883 626 850 767 466 378 577 882 582 576 743 777 594 271 452 0 919 695 714 812 125 198 289 733 458 627 275 700 566 245 91 335 824 81 221 680 317 188 402 534 442 175 960 554 356 227 462 502 318 762 661 212 748 465 628 912 765 684 75 662 91 182 618 733 553 597 462 381 880 367 57 815 842 392 728 836 832 500 920 327 411 728 862 907 426 507 114 141 790 763 834 807 56 924 784 687 508 219 808 776 249 556 145 697 308 569 411 332 328 256 461 683 813 279 262 466 509 449 775 283 363 720 672 742 582 223 684 310 240 970 316 642 470 315 796 817 562 897 660 261 291 479 108 245 553 375 253 387 460 887 577 436 540 361 410 680 657 680 312 423 326 579 681 72 160 740 789 500 458 775 730 452 415 507 842 551 320 288 494 211 772 370 399 498 89 715 451 767 705 798 70 239 469 78 670 449 455 227 472 829 824 663 408 255 863 486 541 89 834 409 700 235 669 275 411 151 840 601 438 290 248 722 629 590 761 554 720 132 312 338
511 273 749 658 269 678 832 964 641 635 912 388 209 555 459 957 408 312 558 599 239 621 327 649 473 919 0 829 207 568 798 735 662 356 960 903 1166 944 861 902 828 1022 342 857 916 909 645 917 1133 998 704 1094 44 630 863 696 467 550 779 230 751 719 710 889 519 14 182 756 948 353 869 737 474 556 366 718 733 730 197 772 924 134 526 716 883 213 826 849 185 1112 685 624 60 144 517 687 871 1022 470 337 146 277 903 7 857 386 497 1104 170 458 695 603 781 227 625 373 519 1184 618 953 628 318 131 640 678 869 594 956 631 1121 908 611 727 316 351 708 431 679 1074 53 935 460 541 817 525 467 588 896 261 1032 1184 548 1010 935 373 989 1096 680 616 82 404 1041 894 723 510 240 323 743 995 1292 932 573 873 992 834 183 504 444 461 853 613 468 809 480 371 710 600 1070 431 715 660 572 713 523 934 239 500 715 220 285 883 732 811 910 814 745 909 833 520 934 430 396 1030 699 883 448 424 1005 664 614 887 1141 250 1126 508 768 199 325 509 657 878 917 302 330 789 446 517 1031 745 743
333 564 185 857 737 749 794 540 463 457 188 462 633 297 559 383 471 568 947 972 837 243 675 590 559 695 829 0 728 312 616 560 718 473 313 120 747 120 1124 892 658 478 511 619 497 90 736 528 548 285 277 802 843 975 349 652 679 354 876 852 79 560 145 257 316 833 803 73 769 487 737 632 914 283 638 136 244 328 657 914 647 697 368 322 56 624 146 204 692 592 320 216 777 713 710 975 760 833 384 494 683 560 640 827 88 443 812 705 851 388 705 261 675 731 527 543 672 700 708 489 889 842 701 586 697 246 303 317 233 651 363 226 101 512 716 553 398 773 630 852 422 374 397 380 339 401 272 202 697 557 761 379 794 909 687 412 648 349 325 751 797 410 189 871 628 668 813 85 474 787 411 955 52 727 772 744 353 723 605 80 228 591 978 440 495 1026 592 576 671 572 205 703 316 829 777 609 487 154 662 550 728 749 1022 622 26 965 277 467 793 147 436 438 422 502 168 697 487 764 249 382 59 765 685 668 606 621 637 602 492 501 456 88 728 672 90 815 316 817 395 866
395 185 612 460 67 471 624 773 453 447 847 265 246 501 263 787 261 347 391 431 117 564 120 445 276 714 207 728 0 530 595 535 455 297 802 780 966 832 687 697 623 842 338 655 727 797 438 725 953 850 549 889 250 457 692 490 260 401 577 127 649 518 635 736 413 199 75 659 741 247 661 532 312 489 162 601 583 562 261 574 722 146 505 551 784 237 761 705 284 925 522 551 155 249 310 506 663 814 434 297 180 269 700 212 775 301 303 905 126 418 487 475 574 22 428 200 311 990 411 767 437 163 139 437 470 717 451 796 573 927 737 536 629 262 145 508 347 473 880 260 757 358 378 641 486 443 461 838 54 843 985 389 803 730 166 816 902 511 460 198 214 874 754 524 304 60 151 646 814 1097 756 405 765 787 626 25 464 238 257 769 541 266 616 317 373 537 396 881 224 513 597 365 549 330 726 137 317 645 71 270 676 525 625 709 709 556 753 644 322 854 415 297 859 505 818 241 260 799 621 443 781 939 50 931 304 564 230 141 324 463 693 814 98 124 709 257 448 824 566 542
225 345 350 821 564 746 846 725 498 489 346 294 359 46 477 616 335 271 851 885 647 69 527 608 485 812 568 312 530 0 700 628 716 233 572 422 951 432 1094 946 745 709 226 730 673 403 722 695 803 571 385 960 572 899 544 680 596 319 884 657 255 619 168 499 194 575 596 246 877 293 820 684 793 79 508 271 383 445 377 909 781 449 55 431 354 355 263 441 405 824 406 107 526 434 644 920 838 952 99 239 425 291 766 565 307 234 721 898 637 113 720 257 736 542 543 404 613 926 688 685 833 678 455 600 706 480 303 573 79 868 577 106 227 270 578 609 194 766 834 579 631 211 362 539 44 102 250 329 519 767 968 348 920 970 560 650 856 427 351 486 672 672 459 858 571 477 655 236 694 1026 622 863 364 866 830 538 66 624 523 306 98 514 970 359 201 967 584 796 571 627 108 663 424 745 877 393 429 164 458 284 820 770 1003 757 310 936 523 609 715 379 139 246 676 564 318 603 371 897 96 406 370 954 501 881 550 690 368 445 441 540 625 394 569 525 243 703 104 945 507 862
483 586 432 341 546 217 182 230 206 215 804 501 725 654 342 357 452 757 508 510 631 670 475 149 328 125 798 616 595 700 0 74 202 610 427 565 376 640 556 277 45 347 700 62 211 615 231 187 439 503 347 298 838 494 305 122 349 385 294 650 573 87 651 413 512 791 649 595 177 538 123 71 530 620 433 505 373 289 755 341 128 691 727 298 656 711 745 436 795 380 310 622 740 782 321 459 145 255 672 639 709 682 106 802 704 564 414 315 694 658 164 447 71 579 183 444 299 415 231 257 396 576 689 157 171 409 398 418 669 357 327 613 579 618 467 99 563 240 308 848 297 522 349 250 681 699 451 815 540 300 394 360 229 292 436 366 327 283 350 763 473 433 483 318 292 558 549 590 319 517 304 508 610 195 158 620 673 391 337 695 624 330 401 383 719 508 198 335 378 86 668 268 305 410 176 590 326 670 582 673 120 179 452 119 590 416 410 171 379 758 704 540 407 136 781 374 416 214 729 294 630 345 548 355 290 33 715 477 313 167 213 656 513 471 673 455 605 253 221 301
409 515 375 343 490 218 234 253 131 140 747 427 653 582 276 345 378 683 494 502 581 599 416 96 262 198 735 560 535 628 74 0 194 535 405 520 431 595 583 334 118 355 626 124 220 568 221 206 457 478 285 369 773 490 276 109 301 311 324 600 512 16 585 378 438 729 592 534 252 464 192 73 504 548 372 443 315 232 684 367 190 624 653 238 603 640 685 393 724 409 246 552 676 712 283 465 211 329 597 565 641 609 169 739 647 489 386 370 639 583 165 377 115 520 112 375 255 460 210 267 392 531 622 102 164 371 326 396 599 398 307 542 516 544 414 26 488 243 350 784 290 447 275 215 608 625 380 756 480 326 450 285 303 353 382 360 371 218 278 696 433 428 443 334 239 494 502 528 326 565 295 496 559 265 213 560 599 347 277 638 553 268 430 309 644 516 143 364 326 25 600 237 244 386 249 521 253 604 516 600 192 197 479 175 534 433 379 154 352 705 629 465 404 64 723 327 343 287 660 221 579 406 487 399 233 63 644 411 241 92 206 607 459 412 612 421 531 327 167 322
491 505 536 149 395 31 169 431 255 261 899 455 638 671 257 539 403 697 306 310 463 704 337 128 245 289 662 718 455 716 202 194 0 563 598 697 564 770 405 251 206 544 651 261 408 740 29 387 640 670 442 454 705 296 469 85 195 404 168 481 658 184 714 567 523 653 493 679 295 482 216 133 330 640 306 589 478 401 665 197 319 577 728 403 767 625 827 573 701 582 399 663 609 679 146 272 212 364 661 588 603 613 299 667 800 525 218 506 532 644 40 493 146 435 191 363 145 613 44 455 198 397 573 132 31 557 440 589 706 556 501 650 657 558 312 184 542 54 509 715 484 510 358 406 686 685 491 903 402 502 580 374 359 282 288 554 527 370 402 645 290 622 626 153 167 434 373 671 515 710 489 306 726 360 171 479 672 222 225 792 660 227 261 358 677 323 133 538 232 171 715 90 407 210 277 492 287 732 463 606 234 70 303 317 692 248 570 348 182 866 680 503 597 229 872 214 362 362 769 341 746 525 416 553 181 170 625 371 275 218 399 777 361 334 756 264 612 377 348 150
175 111 413 640 335 591 717 708 409 400 563 110 165 208 306 654 162 149 639 676 414 273 308 483 318 733 356 473 297 233 610 535 563 0 638 553 930 589 905 811 651 733 90 656 655 555 561 667 840 665 391 901 370 694 563 551 405 251 725 423 396 522 356 564 172 360 363 400 785 82 716 572 574 203 300 368 412 435 193 741 718 226 209 420 527 154 476 516 233 838 387 270 306 245 460 725 728 863 137 31 209 94 698 354 502 48 517 871 405 120 579 267 624 309 429 206 435 927 527 682 641 449 231 474 562 543 277 635 283 864 606 256 371 39 360 511 79 605 822 379 646 119 269 533 189 149 252 550 290 766 948 265 839 840 349 688 845 394 314 278 455 730 554 688 399 246 428 387 711 1034 641 652 518 799 708 304 167 422 344 498 259 339 797 226 113 768 445 801 374 525 310 493 414 543 779 159 288 363 225 83 722 627 822 697 459 753 586 576 518 580 127 71 724 479 534 405 202 823 326 340 531 919 271 873 382 590 166 229 301 443 610 561 343 307 434 491 162 863 474 697
463 689 229 747 784 623 607 262 382 383 479 573 801 539 559 84 552 772 887 900 888 509 709 480 550 458 960 313 802 572 427 405 598 638 0 204 441 264 982 693 458 170 708 401 237 257 624 271 237 76 256 521 987 892 129 515 649 409 721 906 328 414 431 75 468 960 875 345 533 611 527 475 881 510 663 301 228 241 831 767 402 827 622 251 321 789 458 130 871 280 279 464 901 879 654 870 553 580 608 668 827 732 403 961 392 593 765 407 926 604 570 371 498 796 439 601 618 388 607 209 795 864 829 481 569 95 367 9 502 343 100 466 352 669 732 413 560 648 329 997 143 519 424 192 581 633 386 500 755 257 455 414 539 700 698 103 344 292 344 895 785 101 124 738 584 745 833 350 173 474 132 891 276 468 582 825 587 699 590 384 474 576 828 486 706 921 507 269 657 427 482 623 253 771 548 721 490 447 753 722 512 599 879 380 297 837 52 257 735 411 659 577 109 374 467 673 543 506 540 359 288 467 752 361 567 447 799 661 487 399 216 299 762 705 401 787 526 560 261 724
393 632 175 842 780 726 748 452 446 443 275 521 717 401 579 281 519 663 953 974 883 354 711 569 575 627 903 120 780 422 565 520 697 553 204 0 645 74 1100 842 604 373 603 557 415 54 718 448 434 166 263 715 922 972 270 622 691 384 844 899 168 524 260 164 384 906 856 176 702 552 680 594 930 380 670 185 224 295 744 885 575 769 477 295 117 707 258 128 781 484 305 319 848 798 713 964 705 759 483 578 759 644 570 903 189 517 821 608 906 485 678 305 630 781 511 585 675 592 693 399 881 877 772 567 672 160 331 210 344 547 272 326 196 590 746 519 474 751 531 931 330 442 418 316 444 504 319 296 743 458 659 403 719 855 715 307 547 331 337 829 818 296 88 848 634 720 847 186 373 675 319 960 74 650 724 799 455 738 621 182 330 606 949 472 592 1016 580 473 689 536 319 697 291 834 713 673 505 272 719 634 669 717 997 550 113 945 179 402 797 209 536 507 311 470 263 712 525 687 368 382 84 668 734 565 613 576 719 646 507 479 380 98 766 708 210 831 408 741 353 839
771 933 608 677 920 568 448 226 532 539 921 831 1068 909 706 364 788 1079 857 849 1008 900 848 523 692 275 1166 747 966 951 376 431 564 930 441 645 0 706 806 475 359 271 1017 314 279 699 592 263 250 498 567 157 1203 826 411 495 725 680 580 1027 742 448 843 489 791 1160 1023 763 298 871 361 445 893 876 804 693 568 509 1099 627 248 1051 991 524 761 1054 893 544 1141 171 554 851 1106 1133 695 775 377 279 954 961 1064 1014 270 1169 830 881 782 61 1069 944 524 701 418 951 540 799 675 88 600 266 735 952 1049 531 536 501 667 435 895 99 386 847 761 948 843 458 867 585 117 1214 327 822 662 412 946 982 712 941 912 189 18 665 250 460 812 338 98 540 622 1124 848 364 560 630 667 925 925 764 273 150 337 854 715 211 427 992 944 767 709 822 857 699 666 713 1028 815 572 172 754 453 883 641 531 773 322 945 672 861 946 1005 339 515 718 258 727 711 469 354 746 853 997 859 341 467 907 751 759 226 945 589 729 55 918 80 664 409 1060 841 661 509 326 741 889 844 830 827 875 251 457 605
439 675 241 915 836 799 822 520 518 514 221 569 751 418 642 346 572 688 1021 1043 938 363 770 642 640 700 944 120 832 432 640 595 770 589 264 74 706 0 1174 917 678 434 630 631 486 35 791 519 484 212 333 783 960 1043 343 696 758 443 918 954 193 598 264 235 426 947 908 192 775 597 755 668 995 403 730 231 294 368 776 959 647 810 487 367 82 742 226 203 811 540 375 336 890 832 781 1036 779 831 505 612 798 678 643 943 154 557 888 672 957 508 751 357 705 834 583 641 743 648 765 467 952 937 814 639 745 233 390 272 352 607 342 346 218 627 807 593 512 824 594 969 398 485 480 390 460 522 371 245 798 522 719 464 791 929 777 368 609 402 401 867 882 348 159 921 701 772 907 204 437 725 387 1028 71 721 798 850 474 804 686 149 348 671 1023 531 615 1088 651 533 753 610 324 767 363 902 787 719 569 270 769 668 743 791 1070 623 130 1018 248 476 865 148 557 550 366 544 215 778 582 759 364 449 61 732 787 625 680 651 754 701 572 552 452 44 824 766 196 896 435 813 427 913
875 817 942 274 621 375 385 767 661 666 1303 808 925 1051 616 913 761 1012 302 261 622 1092 608 534 608 566 861 1124 687 1094 556 583 405 905 982 1100 806 1174 0 330 530 893 981 592 762 1145 388 734 968 1058 848 652 904 231 857 477 501 799 261 632 1063 577 1112 961 907 848 681 1083 514 824 476 510 387 1023 606 993 883 805 945 216 620 833 1096 808 1173 914 1230 974 971 893 805 1055 827 936 450 182 452 528 1024 922 867 926 608 868 1205 877 392 765 692 1006 422 892 484 664 597 700 481 881 418 806 263 543 826 537 428 954 840 973 1096 843 882 1041 1060 887 559 581 905 350 803 912 852 883 751 797 1059 1045 888 1307 654 826 816 769 556 345 560 920 814 776 805 881 473 986 1026 252 523 700 541 1074 866 953 860 288 1132 605 411 702 1042 483 570 1197 1051 579 154 737 1013 151 534 854 531 564 1108 433 812 365 490 786 669 1131 732 923 497 385 103 633 1098 160 961 725 387 1271 1031 858 959 629 1276 499 723 582 1158 745 1152 752 674 832 545 534 910 678 659 623 769 1182 594 608 1159 431 990 555 747 261
720 756 708 263 633 228 101 453 453 461 1080 701 889 900 507 616 649 948 436 415 686 925 583 337 494 245 902 892 697 946 277 334 251 811 693 842 475 917 330 0 238 580 900 291 459 893 261 427 645 769 619 324 946 385 578 266 441 626 136 703 846 337 917 688 752 892 726 868 184 731 165 266 498 867 556 777 649 564 917 170 302 826 963 572 933 876 1019 714 952 567 580 879 852 928 388 323 139 201 901 837 853 864 294 908 980 771 418 434 759 884 232 704 218 676 402 614 394 551 293 498 315 611 822 345 249 685 652 683 925 513 594 868 850 808 552 345 783 223 475 956 554 748 583 526 920 926 705 1090 647 505 487 598 225 32 533 616 484 551 607 891 507 679 760 198 419 682 593 862 556 623 563 428 888 276 120 720 908 458 477 971 879 478 194 596 925 354 368 530 479 327 929 336 578 397 162 743 527 937 712 858 181 184 244 319 866 249 682 443 387 1035 923 748 651 396 1057 457 609 251 987 546 908 422 663 501 432 271 876 622 514 410 477 934 600 581 946 471 844 227 497 172
527 624 476 334 571 214 148 241 249 258 847 542 762 699 376 384 492 798 507 505 653 715 502 180 362 91 828 658 623 745 45 118 206 651 458 604 359 678 530 238 0 364 742 62 232 655 234 204 449 534 391 266 868 486 340 137 371 429 271 672 616 129 695 449 556 821 674 639 134 578 78 91 536 665 462 549 417 333 793 319 113 725 771 342 697 749 789 475 832 383 355 667 771 818 337 446 102 212 716 680 744 721 93 832 746 605 423 300 717 701 166 492 60 606 222 481 320 407 241 276 390 594 722 189 177 446 443 448 714 352 358 658 623 658 491 140 606 235 305 879 323 565 393 287 726 743 496 858 568 307 376 404 189 251 461 390 322 328 395 796 489 455 521 302 318 589 567 634 337 504 331 506 651 164 123 648 717 410 367 738 669 361 376 424 761 494 228 340 403 125 714 282 349 416 131 625 365 715 614 713 75 167 428 114 632 397 445 204 387 799 747 581 428 181 824 395 455 178 774 339 670 323 578 347 319 62 752 510 352 210 242 696 538 499 717 467 649 212 264 282
