69
0 954 1224 1236 950 780 809 1139 962 1005 691 486 961 1072 895 913 835 1127 773 823 623 952 809 715 920 763 744 673 1011 736 787 384 811 484 821 1031 442 792 1114 332 997 693 521 380 1002 258 187 170 1024 990 687 337 985 402 776 465 435 595 724 449 995 1137 736 559 765 597 1044 122 965
954 0 489 523 388 728 872 351 367 694 616 753 458 492 129 268 577 392 474 1014 832 1043 210 906 479 755 779 597 152 781 198 595 686 473 688 135 512 944 531 645 638 314 508 588 53 798 878 893 737 44 784 714 980 582 177 552 540 482 399 571 695 413 309 857 798 424 280 865 243
1224 489 0 38 276 632 754 138 261 437 609 836 285 188 423 326 471 107 470 901 823 863 684 843 336 667 701 610 337 709 657 842 574 774 568 356 819 840 175 892 387 551 919 935 496 995 1085 1104 469 451 742 903 770 823 571 759 795 630 499 775 445 90 500 881 706 850 220 1109 292
1236 523 38 0 285 622 739 174 274 417 607 838 285 181 453 348 465 135 474 885 817 842 716 832 335 657 692 610 371 699 687 856 564 793 558 391 837 826 159 905 370 570 944 955 532 1003 1093 1112 447 486 734 911 748 837 600 771 810 640 511 786 426 116 518 877 695 877 250 1119 318
950 388 276 285 0 407 547 228 27 308 349 567 69 139 268 122 236 190 198 697 574 694 524 615 102 441 473 345 267 478 486 570 353 516 350 305 559 630 186 620 251 300 691 681 423 719 809 828 351 372 501 626 618 552 381 485 526 354 225 500 310 195 246 626 484 635 171 834 150
780 728 632 622 407 0 144 630 434 248 138 296 360 443 600 485 170 581 254 292 205 319 775 211 310 35 69 165 651 77 731 498 58 545 64 689 569 223 464 522 268 462 778 682 776 522 598 618 254 729 118 454 278 483 629 417 490 335 338 417 238 577 437 275 76 765 578 659 538
809 872 754 739 547 144 0 765 574 333 267 333 495 567 744 629 311 713 398 150 186 185 912 116 447 118 101 292 795 103 868 584 194 654 196 833 672 86 580 598 371 599 886 775 920 559 621 640 320 874 134 511 178 573 768 515 589 457 479 511 323 707 577 254 77 883 718 694 681
1139 351 138 174 228 630 765 0 204 481 577 790 270 219 294 225 460 62 423 915 803 898 549 840 319 665 697 572 199 703 523 754 573 672 570 218 717 850 236 806 424 449 797 827 358 924 1013 1032 519 313 728 831 812 736 444 678 704 556 425 695 487 79 403 854 707 725 96 1028 176
962 367 261 274 27 434 574 204 0 332 373 588 93 143 251 106 263 170 220 724 599 721 511 641 129 468 499 368 242 505 474 581 379 521 377 280 565 657 189 631 275 302 689 685 401 735 825 844 375 349 527 642 644 563 370 497 535 368 238 513 335 177 248 650 511 631 144 847 126
1005 694 437 417 308 248 333 481 332 0 314 533 239 263 570 426 184 421 294 472 454 425 806 439 216 280 312 334 575 321 764 676 201 681 191 612 716 418 262 712 58 521 899 840 732 748 830 850 43 680 367 669 334 659 655 586 652 466 394 593 10 410 475 524 307 864 465 882 459
691 616 609 607 349 138 267 577 373 314 0 234 323 427 491 396 151 538 158 400 228 451 644 289 272 151 167 27 559 168 600 372 134 408 143 596 435 330 459 403 308 332 640 551 667 435 519 540 336 623 168 354 416 356 501 287 359 196 217 290 305 539 313 276 189 627 509 568 454
486 753 836 838 567 296 333 790 588 533 234 0 552 658 643 586 384 758 369 390 157 499 716 263 502 277 259 227 735 251 676 278 333 384 343 768 386 338 692 277 536 439 600 467 806 229 302 322 546 772 203 179 512 272 600 240 302 270 378 227 523 762 448 126 280 619 712 366 645
961 458 285 285 69 360 495 270 93 239 323 552 0 110 337 191 191 221 190 645 541 634 589 571 51 395 428 325 335 434 549 589 303 549 299 373 591 579 153 636 182 344 738 715 493 721 811 831 282 441 462 631 554 570 443 500 549 368 247 514 241 219 291 597 437 687 231 843 219
1072 492 188 181 139 443 567 219 143 263 427 658 110 0 386 247 284 158 300 715 636 685 651 654 156 479 513 430 349 520 615 698 385 652 379 383 695 653 47 746 208 439 830 817 518 832 921 941 300 466 554 741 597 679 513 610 657 477 354 624 269 147 385 696 518 773 223 953 249
895 129 423 453 268 600 744 294 251 570 491 643 337 386 0 146 448 318 346 888 711 914 267 781 353 627 652 473 117 655 235 519 557 411 559 136 455 817 429 571 515 214 505 552 176 714 798 815 613 132 659 625 851 504 150 462 464 374 277 481 570 337 194 740 670 431 203 796 139
913 268 326 348 122 485 629 225 106 426 396 586 191 247 146 0 321 220 239 777 624 790 404 681 211 515 544 384 166 548 368 529 436 450 436 204 495 707 292 581 370 226 597 609 307 702 791 809 469 256 561 609 720 511 266 453 479 336 209 471 427 235 178 665 559 534 132 803 59
835 577 471 465 236 170 311 460 263 184 151 384 191 284 448 321 0 412 120 461 352 468 654 380 140 205 237 163 487 243 611 494 116 498 115 525 532 393 312 532 163 352 719 655 622 582 668 689 217 573 271 498 403 476 503 403 468 282 221 411 177 410 313 412 247 689 407 713 371
1127 392 107 135 190 581 713 62 170 421 538 758 221 158 318 220 412 0 389 863 760 841 581 792 271 616 649 535 240 655 552 743 523 670 519 264 715 798 173 794 365 447 812 830 406 904 993 1013 458 358 683 811 754 725 465 662 695 536 405 679 427 20 397 814 657 744 115 1013 185
773 474 470 474 198 254 398 423 220 294 158 369 190 300 346 239 120 389 0 543 386 570 536 442 147 281 307 149 404 311 492 408 213 391 217 441 429 472 341 452 259 232 605 553 522 531 620 640 332 476 322 440 514 389 385 317 374 186 101 329 289 393 193 432 325 571 351 653 296
823 1014 901 885 697 292 150 915 724 472 400 390 645 715 888 777 461 863 543 0 235 136 1040 129 598 261 235 423 943 233 996 665 344 754 346 981 765 70 727 668 515 730 982 856 1064 594 638 654 453 1018 238 567 209 657 900 610 680 576 617 602 463 857 713 274 218 989 869 718 830
623 832 823 817 574 205 186 803 599 454 228 157 541 636 711 624 352 760 386 235 0 342 828 106 489 174 143 240 786 134 786 430 259 523 268 822 531 181 661 433 473 528 748 621 883 376 435 453 456 843 87 336 362 422 698 377 446 363 434 368 443 760 522 72 155 759 737 509 682
952 1043 863 842 694 319 185 898 721 425 451 499 634 685 914 790 468 841 570 136 342 0 1094 239 592 300 287 477 954 289 1050 764 357 839 355 993 855 162 688 773 478 781 1071 955 1090 715 766 782 396 1041 315 679 100 753 948 699 771 643 658 693 418 832 756 395 263 1069 865 844 838
809 210 684 716 524 775 912 549 511 806 644 716 589 651 267 404 654 581 536 1040 828 1094 0 919 593 795 812 619 350 812 44 495 745 362 750 342 388 971 695 538 756 313 317 430 235 700 768 780 848 255 801 629 1048 487 151 483 445 466 439 500 804 601 342 836 834 231 466 737 407
715 906 843 832 615 211 116 840 641 439 289 263 571 654 781 681 380 792 442 129 106 239 919 0 521 176 142 309 846 136 875 536 269 625 275 883 636 77 673 540 470 612 853 727 956 475 528 545 431 913 121 441 273 527 783 481 551 453 506 472 428 789 600 156 137 861 783 605 737
920 479 336 335 102 310 447 319 129 216 272 502 51 156 353 211 140 271 147 598 489 592 593 521 0 345 378 275 367 384 552 553 254 522 251 405 563 531 194 598 162 328 720 687 518 677 766 786 259 467 411 587 516 534 444 463 515 330 218 475 216 270 277 546 387 674 273 800 249
763 755 667 657 441 35 118 665 468 280 151 277 395 479 627 515 205 616 281 261 174 300 795 176 345 0 34 178 682 42 751 495 93 551 99 720 572 191 499 516 302 482 784 682 803 506 579 599 282 758 87 442 268 481 650 418 492 345 361 416 269 613 459 245 43 775 611 643 569
744 779 701 692 473 69 101 697 499 312 167 259 428 513 652 544 237 649 307 235 143 287 812 142 378 34 0 192 710 8 768 491 127 555 134 748 574 165 534 509 336 499 788 681 828 488 559 578 313 783 59 430 267 478 669 418 492 356 382 415 302 646 479 215 24 783 642 625 598
673 597 610 610 345 165 292 572 368 334 27 227 325 430 473 384 163 535 149 423 240 477 619 309 275 178 192 0 545 192 575 348 160 381 169 581 407 353 465 380 324 307 613 525 648 419 505 525 358 605 187 336 443 331 478 261 332 169 197 265 325 537 291 283 215 599 500 551 442
1011 152 337 371 267 651 795 199 242 575 559 735 335 349 117 166 487 240 404 943 786 954 350 846 367 682 710 545 0 714 327 633 602 528 602 38 572 874 385 685 517 323 617 669 169 823 909 926 617 119 726 733 882 616 261 570 578 471 358 589 577 260 293 823 725 540 130 910 117
736 781 709 699 478 77 103 703 505 321 168 251 434 520 655 548 243 655 311 233 134 289 812 136 384 42 8 192 714 0 768 486 135 551 141 752 570 162 541 503 344 500 784 676 831 481 551 570 322 786 50 423 272 474 669 414 488 354 384 411 310 653 481 206 30 780 648 618 603
787 198 657 687 486 731 868 523 474 764 600 676 549 615 235 368 611 552 492 996 786 1050 44 875 552 751 768 575 327 768 0 462 701 329 706 324 359 927 659 506 714 269 312 410 232 667 738 751 806 243 758 594 1004 453 108 445 410 423 395 462 762 572 298 794 790 227 437 711 374
384 595 842 856 570 498 584 754 581 676 372 278 589 698 519 529 494 743 408 665 430 764 495 536 553 495 491 348 633 486 462 0 507 133 516 656 116 608 742 52 656 311 323 191 647 205 282 297 704 627 449 136 759 18 419 91 55 222 345 83 668 754 352 404 516 352 660 277 581
811 686 574 564 353 58 194 573 379 201 134 333 303 385 557 436 116 523 213 344 259 357 745 269 254 93 127 160 602 135 701 507 0 540 10 640 568 277 406 536 214 434 770 685 732 553 632 653 213 685 173 479 302 491 596 421 493 324 306 424 190 520 403 327 133 752 524 689 487
484 473 774 793 516 545 654 672 521 681 408 384 549 652 411 450 498 670 391 754 523 839 362 625 522 551 555 381 528 551 329 133 540 0 548 547 44 692 698 177 650 223 233 165 523 338 410 424 715 507 524 268 820 126 295 145 86 217 304 156 675 684 274 510 580 236 575 391 495
821 688 568 558 350 64 196 570 377 191 143 343 299 379 559 436 115 519 217 346 268 355 750 275 251 99 134 169 602 141 706 516 10 548 0 640 577 279 399 546 205 440 778 694 734 563 643 663 203 686 181 489 298 500 601 431 502 332 311 434 181 515 408 336 138 759 522 699 486
1031 135 356 391 305 689 833 218 280 612 596 768 373 383 136 204 525 264 441 981 822 993 342 883 405 720 748 581 38 752 324 656 640 547 640 0 590 912 417 708 554 348 622 683 141 849 934 951 655 95 763 760 921 640 269 597 601 502 392 616 615 285 322 858 763 542 161 932 156
442 512 819 837 559 569 672 717 565 716 435 386 591 695 455 495 532 715 429 765 531 855 388 636 563 572 574 407 572 570 359 116 568 44 577 590 0 704 741 150 687 268 216 124 560 313 380 392 749 547 539 252 841 115 334 156 84 250 345 163 710 729 319 513 599 236 620 354 540
792 944 840 826 630 223 86 850 657 418 330 338 579 653 817 707 393 798 472 70 181 162 971 77 531 191 165 353 874 162 927 608 277 692 279 912 704 0 667 614 457 660 921 800 993 553 605 622 403 948 171 518 202 599 831 548 620 508 547 541 408 793 643 234 148 925 801 682 761
1114 531 175 159 186 464 580 236 189 262 459 692 153 47 429 292 312 173 341 727 661 688 695 673 194 499 534 465 385 541 659 742 406 698 399 417 741 667 0 789 212 486 877 864 555 872 961 981 295 503 577 782 596 723 559 653 702 521 399 667 270 157 432 724 536 820 256 995 291
332 645 892 905 620 522 598 806 631 712 403 277 636 746 571 581 532 794 452 668 433 773 538 540 598 516 509 380 685 503 506 52 536 177 546 708 150 614 789 0 695 363 339 192 696 162 233 247 738 677 463 111 775 69 469 135 107 268 394 123 704 805 404 399 533 378 712 224 634
997 638 387 370 251 268 371 424 275 58 308 536 182 208 515 370 163 365 259 515 473 478 756 470 162 302 336 324 517 344 714 656 214 650 205 554 687 457 212 695 0 478 863 812 675 743 827 848 100 623 387 660 388 638 606 565 628 440 355 573 62 355 430 541 334 824 406 875 401
693 314 551 570 300 462 599 449 302 521 332 439 344 439 214 226 352 447 232 730 528 781 313 612 328 482 499 307 323 500 269 311 434 223 440 348 268 660 486 363 478 0 393 384 367 500 586 603 560 335 492 411 736 294 170 248 258 169 131 267 517 461 54 546 521 346 353 588 273
521 508 919 944 691 778 886 797 689 899 640 600 738 830 505 597 719 812 605 982 748 1071 317 853 720 784 788 613 617 784 312 323 770 233 778 622 216 921 877 339 863 393 0 158 544 488 531 537 935 551 755 450 1053 328 356 372 301 446 508 380 894 829 446 727 812 86 703 477 627
380 588 935 955 681 682 775 827 685 840 551 467 715 817 552 609 655 830 553 856 621 955 430 727 687 682 681 525 669 676 410 191 685 165 694 683 124 800 864 192 812 384 158 0 633 331 373 379 871 628 641 303 948 202 415 265 192 373 469 265 833 844 436 591 706 220 730 322 651
1002 53 496 532 423 776 920 358 401 732 667 806 493 518 176 307 622 406 522 1064 883 1090 235 956 518 803 828 648 169 831 232 647 732 523 734 141 560 993 555 696 675 367 544 633 0 850 929 944 775 52 835 766 1025 633 227 605 591 535 450 623 733 426 361 909 846 459 299 914 275
258 798 995 1003 719 522 559 924 735 748 435 229 721 832 714 702 582 904 531 594 376 715 700 475 677 506 488 419 823 481 667 205 553 338 563 849 313 553 872 162 743 500 488 331 850 0 89 109 766 827 433 92 737 216 624 252 259 367 499 234 738 912 533 320 510 536 834 137 758
187 878 1085 1093 809 598 621 1013 825 830 519 302 811 921 798 791 668 993 620 638 435 766 768 528 766 579 559 505 909 551 738 282 632 410 643 934 380 605 961 233 827 586 531 373 929 89 0 20 846 909 501 182 797 296 702 339 338 457 588 321 820 1002 620 371 579 589 923 84 847
170 893 1104 1112 828 618 640 1032 844 850 540 322 831 941 815 809 689 1013 640 654 453 782 780 545 786 599 578 525 926 570 751 297 653 424 663 951 392 622 981 247 848 603 537 379 944 109 20 0 867 925 520 201 815 312 717 357 353 476 608 339 841 1021 638 389 598 597 942 76 865
1024 737 469 447 351 254 320 519 375 43 336 546 282 300 613 469 217 458 332 453 456 396 848 431 259 282 313 358 617 322 806 704 213 715 203 655 749 403 295 738 100 560 935 871 775 766 846 867 0 723 370 690 301 687 697 615 682 499 432 621 43 447 515 528 304 903 506 902 501
990 44 451 486 372 729 874 313 349 680 623 772 441 466 132 256 573 358 476 1018 843 1041 255 913 467 758 783 605 119 786 243 627 685 507 686 95 547 948 503 677 623 335 551 628 52 827 909 925 723 0 791 741 975 612 214 579 571 501 409 597 682 378 324 871 801 468 249 898 223
687 784 742 734 501 118 134 728 527 367 168 203 462 554 659 561 271 683 322 238 87 315 801 121 411 87 59 187 726 50 758 449 173 524 181 763 539 171 577 463 387 492 755 641 835 433 501 520 370 791 0 378 312 438 663 383 456 337 384 377 356 682 478 158 77 756 667 569 618
337 714 903 911 626 454 511 831 642 669 354 179 631 741 625 609 498 811 440 567 336 679 629 441 587 442 430 336 733 423 594 136 479 268 489 760 252 518 782 111 660 411 450 303 766 92 182 201 690 741 378 0 690 141 542 163 184 275 406 144 660 819 441 294 453 486 741 215 666
985 980 770 748 618 278 178 812 644 334 416 512 554 597 851 720 403 754 514 209 362 100 1048 273 516 268 267 443 882 272 1004 759 302 820 298 921 841 202 596 775 388 736 1053 948 1025 737 797 815 301 975 312 690 0 746 899 685 759 612 608 683 327 744 706 426 242 1043 785 871 765
402 582 823 837 552 483 573 736 563 659 356 272 570 679 504 511 476 725 389 657 422 753 487 527 534 481 478 331 616 474 453 18 491 126 500 640 115 599 723 69 638 294 328 202 633 216 296 312 687 612 438 141 746 0 407 72 42 203 326 66 651 736 334 399 503 351 643 294 564
776 177 571 600 381 629 768 444 370 655 501 600 443 513 150 266 503 465 385 900 698 948 151 783 444 650 669 478 261 669 108 419 596 295 601 269 334 831 559 469 606 170 356 415 227 624 702 717 697 214 663 542 899 407 0 383 364 336 290 402 653 484 193 713 690 281 352 687 281
465 552 759 771 485 417 515 678 497 586 287 240 500 610 462 453 403 662 317 610 377 699 483 481 463 418 418 261 570 414 445 91 421 145 431 597 156 548 653 135 565 248 372 265 605 252 339 357 615 579 383 163 685 72 383 0 73 132 259 18 578 672 281 366 443 381 585 351 508
435 540 795 810 526 490 589 704 535 652 359 302 549 657 464 479 468 695 374 680 446 771 445 551 515 492 492 332 578 488 410 55 493 86 502 601 84 620 702 107 628 258 301 192 591 259 338 353 682 571 456 184 759 42 364 73 0 188 302 78 645 706 301 429 517 317 609 331 530
595 482 630 640 354 335 457 556 368 466 196 270 368 477 374 336 282 536 186 576 363 643 466 453 330 345 356 169 471 354 423 222 324 217 332 502 250 508 521 268 440 169 446 373 535 367 457 476 499 501 337 275 612 203 336 132 188 0 131 146 460 545 179 377 380 430 467 479 393
724 399 499 511 225 338 479 425 238 394 217 378 247 354 277 209 221 405 101 617 434 658 439 506 218 361 382 197 358 384 395 345 306 304 311 392 345 547 399 394 355 131 508 469 450 499 588 608 432 409 384 406 608 326 290 259 302 131 0 275 389 414 98 466 403 470 339 609 268
449 571 775 786 500 417 511 695 513 593 290 227 514 624 481 471 411 679 329 602 368 693 500 472 475 416 415 265 589 411 462 83 424 156 434 616 163 541 667 123 573 267 380 265 623 234 321 339 621 597 377 144 683 66 402 18 78 146 275 0 585 688 299 353 440 392 603 334 526
995 695 445 426 310 238 323 487 335 10 305 523 241 269 570 427 177 427 289 463 443 418 804 428 216 269 302 325 577 310 762 668 190 675 181 615 710 408 270 704 62 517 894 833 733 738 820 841 43 682 356 660 327 651 653 578 645 460 389 585 0 416 472 514 296 860 468 873 461
1137 413 90 116 195 577 707 79 177 410 539 762 219 147 337 235 410 20 393 857 760 832 601 789 270 613 646 537 260 653 572 754 520 684 515 285 729 793 157 805 355 461 829 844 426 912 1002 1021 447 378 682 819 744 736 484 672 706 545 414 688 416 0 410 815 653 761 135 1023 202
736 309 500 518 246 437 577 403 248 475 313 448 291 385 194 178 313 397 193 713 522 756 342 600 277 459 479 291 293 481 298 352 403 274 408 322 319 643 432 404 430 54 446 436 361 533 620 638 515 324 478 441 706 334 193 281 301 179 98 299 472 410 0 548 500 397 308 628 229
559 857 881 877 626 275 254 854 650 524 276 126 597 696 740 665 412 814 432 274 72 395 836 156 546 245 215 283 823 206 794 404 327 510 336 858 513 234 724 399 541 546 727 591 909 320 371 389 528 871 158 294 426 399 713 366 429 377 466 353 514 815 548 0 228 746 783 448 724
765 798 706 695 484 76 77 707 511 307 189 280 437 518 670 559 247 657 325 218 155 263 834 137 387 43 24 215 725 30 790 516 133 580 138 763 599 148 536 533 334 521 812 706 846 510 579 598 304 801 77 453 242 503 690 443 517 380 403 440 296 653 500 228 0 807 654 646 613
597 424 850 877 635 765 883 725 631 864 627 619 687 773 431 534 689 744 571 989 759 1069 231 861 674 775 783 599 540 780 227 352 752 236 759 542 236 925 820 378 824 346 86 220 459 536 589 597 903 468 756 486 1043 351 281 381 317 430 470 392 860 761 397 746 807 0 632 542 558
1044 280 220 250 171 578 718 96 144 465 509 712 231 223 203 132 407 115 351 869 737 865 466 783 273 611 642 500 130 648 437 660 524 575 522 161 620 801 256 712 406 353 703 730 299 834 923 942 506 249 667 741 785 643 352 585 609 467 339 603 468 135 308 783 654 632 0 935 80
122 865 1109 1119 834 659 694 1028 847 882 568 366 843 953 796 803 713 1013 653 718 509 844 737 605 800 643 625 551 910 618 711 277 689 391 699 932 354 682 995 224 875 588 477 322 914 137 84 76 902 898 569 215 871 294 687 351 331 479 609 334 873 1023 628 448 646 542 935 0 857
965 243 292 318 150 538 681 176 126 459 454 645 219 249 139 59 371 185 296 830 682 838 407 737 249 569 598 442 117 603 374 581 487 495 486 156 540 761 291 634 401 273 627 651 275 758 847 865 501 223 618 666 765 564 281 508 530 393 268 526 461 202 229 724 613 558 80 857 0
