80
0 250 637 383 780 717 315 970 144 284 225 579 581 1041 774 77 1060 983 497 551 552 809 170 187 475 747 433 662 398 243 230 511 797 260 806 436 109 375 696 851 107 449 602 567 872 709 1039 257 528 456 519 102 204 465 710 698 806 232 716 309 172 367 723 944 529 336 203 543 451 597 572 791 636 472 860 579 466 157 1049 661
250 0 546 470 585 749 300 843 250 315 443 648 480 934 912 323 964 867 248 507 579 901 393 339 628 874 323 754 281 35 73 600 845 495 924 535 264 131 690 871 163 554 385 343 715 789 941 379 356 208 564 351 445 452 772 448 608 271 466 109 423 382 862 850 688 278 383 361 331 528 573 631 387 251 852 330 278 139 964 499
637 546 0 395 336 356 325 339 740 368 637 387 66 403 698 702 425 346 531 127 277 585 629 515 565 646 223 489 265 581 618 415 454 705 660 420 727 488 245 422 638 437 368 393 290 483 403 467 246 504 314 680 813 214 433 635 362 411 626 440 742 301 664 309 608 302 553 264 214 60 217 240 564 392 360 539 315 652 419 189
383 470 395 0 679 337 194 722 525 157 271 195 372 759 446 415 763 718 626 269 186 437 286 198 195 405 320 288 322 492 511 133 414 331 454 65 493 514 340 472 448 85 593 585 683 330 747 127 456 582 144 370 490 181 326 810 708 198 814 422 408 128 396 653 252 244 207 482 339 335 229 622 732 516 495 683 454 489 740 523
780 585 336 679 0 690 532 359 831 587 865 717 320 477 1032 856 526 404 422 446 605 921 839 729 868 980 377 823 398 616 655 734 784 934 996 721 836 466 576 738 733 741 210 257 191 819 501 706 254 425 635 856 981 506 769 410 29 606 389 485 928 557 996 446 919 482 777 236 356 389 548 137 365 336 658 376 315 722 551 157
717 749 356 337 690 0 449 556 855 449 597 158 393 541 372 753 524 530 828 280 171 232 621 536 380 320 474 181 504 779 806 235 103 647 317 300 826 747 115 134 769 299 708 723 600 147 518 465 568 791 198 708 825 299 90 969 715 503 964 668 741 370 351 442 390 473 544 593 481 313 182 578 893 692 177 858 613 803 488 546
315 300 325 194 532 449 0 662 431 55 334 351 274 728 636 377 745 672 432 238 278 605 314 201 383 593 154 461 141 329 356 312 545 404 637 257 411 323 401 575 334 278 412 399 582 492 725 174 286 389 264 356 488 160 472 616 561 86 622 233 420 82 588 629 442 54 247 311 175 282 278 508 539 324 565 489 267 361 733 387
970 843 339 722 359 556 662 0 1062 707 975 659 389 119 928 1038 170 50 748 454 568 775 969 855 871 876 540 732 579 878 917 711 619 1042 869 735 1054 753 453 536 959 748 537 581 167 704 147 805 491 739 613 1018 1151 548 647 769 362 749 748 734 1081 640 908 134 904 634 892 492 524 391 508 236 718 629 439 720 572 965 204 351
144 250 740 525 831 855 431 1062 0 411 357 721 679 1142 917 157 1165 1080 485 668 687 954 304 331 618 891 523 806 483 225 192 654 938 377 950 580 43 380 826 988 103 593 635 593 948 852 1144 400 591 452 657 213 237 589 852 674 856 357 696 346 257 495 866 1049 670 439 347 601 537 707 702 865 623 501 991 568 518 110 1158 732
284 315 368 157 587 449 55 707 411 0 280 334 322 767 603 340 782 714 473 269 278 586 263 149 338 562 210 438 196 340 362 285 539 349 610 222 387 358 414 579 321 242 466 451 633 474 763 119 342 428 255 313 445 181 461 662 617 54 669 265 373 83 553 667 398 108 193 366 231 321 290 560 586 373 579 534 320 354 768 441
225 443 637 271 865 597 334 975 357 280 0 442 598 1023 570 205 1030 977 674 522 458 634 55 136 276 550 488 496 468 447 444 365 657 69 613 297 315 547 612 731 331 299 725 700 912 549 1013 170 615 629 414 147 232 427 565 876 894 259 889 461 148 336 520 918 321 382 87 637 509 583 499 841 806 610 763 750 577 381 1009 722
579 648 387 195 717 158 351 659 721 334 442 0 398 666 318 607 657 642 768 271 112 254 469 393 227 267 423 115 443 674 696 77 219 490 297 147 688 670 213 289 643 142 687 692 667 141 647 322 543 728 93 559 671 237 131 933 745 384 932 583 588 268 279 562 248 388 394 570 436 329 170 627 855 642 332 812 568 682 625 561
581 480 66 372 320 393 274 389 679 322 598 398 0 463 715 648 487 402 468 126 285 615 585 471 554 663 158 507 200 515 552 414 494 667 684 407 668 421 288 473 576 425 317 337 315 508 465 428 185 440 315 630 762 192 462 582 348 360 574 374 694 264 677 372 602 244 512 206 148 80 231 250 509 328 418 480 250 588 484 163
1041 934 403 759 477 541 728 119 1142 767 1023 666 463 0 906 1105 53 74 857 502 589 742 1022 910 888 856 620 722 661 970 1008 726 586 1088 839 762 1131 853 453 493 1040 772 649 691 286 687 34 854 589 845 636 1080 1213 596 630 887 481 813 866 825 1138 693 891 105 914 706 943 594 607 446 533 351 834 733 395 833 671 1050 96 455
774 912 698 446 1032 372 636 928 917 603 570 318 715 906 0 773 882 901 1068 588 430 175 618 595 299 52 735 209 749 932 946 327 322 582 81 380 877 960 481 423 863 360 1004 1006 966 224 879 538 860 1025 408 716 789 551 281 1242 1060 641 1244 868 712 560 51 810 249 683 570 886 750 643 484 934 1164 949 514 1119 879 910 841 878
77 323 702 415 856 753 377 1038 157 340 205 607 648 1105 773 0 1121 1049 571 609 593 825 154 217 475 751 505 680 471 312 294 535 827 219 812 461 113 450 742 888 168 470 680 645 944 730 1101 288 604 531 557 58 126 520 737 771 883 291 790 386 106 420 722 1006 524 404 215 619 523 659 620 865 711 550 904 654 543 213 1108 735
1060 964 425 763 526 524 745 170 1165 782 1030 657 487 53 882 1121 0 122 897 513 587 715 1032 922 882 834 646 705 687 999 1037 721 560 1093 814 761 1152 887 444 464 1063 770 691 732 336 667 25 863 624 883 634 1094 1226 607 611 933 531 829 913 855 1150 705 871 116 905 727 953 631 634 462 535 396 879 770 368 876 705 1076 47 494
983 867 346 718 404 530 672 50 1080 714 977 642 402 74 901 1049 122 0 783 454 556 743 973 860 858 849 557 709 597 902 940 697 587 1043 839 726 1070 782 432 500 977 739 575 617 213 678 98 807 519 772 602 1027 1159 549 620 812 408 758 792 758 1087 643 882 93 889 647 895 523 543 394 498 276 760 661 402 759 600 985 154 382
497 248 531 626 422 828 432 748 485 473 674 768 468 857 1068 571 897 783 0 551 674 1021 627 552 811 1024 354 883 327 263 293 741 931 731 1064 690 506 126 741 930 409 711 214 168 593 906 872 572 285 45 676 597 693 537 875 202 437 450 219 215 670 508 1020 793 871 385 601 271 347 540 645 513 139 139 884 83 219 377 909 402
551 507 127 269 446 280 238 454 668 269 522 271 126 502 588 609 513 454 551 0 159 494 520 408 438 537 200 381 236 541 573 291 383 588 559 293 650 480 190 379 570 310 430 442 417 384 495 353 289 516 190 580 712 94 341 689 474 319 684 412 636 191 551 399 482 234 441 313 204 66 106 364 612 413 345 577 334 592 498 290
552 579 277 186 605 171 278 568 687 278 458 112 285 589 430 593 587 556 674 159 0 348 472 376 302 378 322 223 346 608 634 143 266 516 404 174 659 584 154 301 599 183 579 586 561 234 573 307 436 635 47 552 675 137 201 830 633 332 828 502 593 199 392 483 338 305 392 462 333 218 61 517 752 543 310 712 466 632 560 449
809 901 585 437 921 232 605 775 954 586 634 254 615 742 175 825 715 743 1021 494 348 0 674 622 362 137 670 149 693 926 947 304 156 664 99 376 918 925 347 251 884 361 924 933 831 114 714 555 781 980 345 771 865 484 153 1178 946 633 1175 838 783 523 184 651 335 643 610 806 681 537 388 810 1100 891 347 1060 815 926 672 773
170 393 629 286 839 621 314 969 304 263 55 469 585 1022 618 154 1032 973 627 520 472 674 0 114 321 596 465 532 441 395 390 394 687 104 658 321 262 501 626 755 275 327 689 662 896 584 1015 169 586 583 430 97 204 426 596 830 868 233 844 417 121 329 568 919 370 358 80 607 486 578 509 823 761 571 781 704 543 326 1014 700
187 339 515 198 729 536 201 855 331 149 136 393 471 910 595 217 922 860 552 408 376 622 114 0 299 565 353 474 331 351 357 323 612 204 622 249 297 427 527 670 268 261 589 566 782 521 904 70 478 507 339 176 305 315 523 752 758 123 764 336 228 217 544 808 357 247 51 500 374 465 406 709 680 479 687 624 442 314 905 588
475 628 565 195 868 380 383 871 618 338 276 227 554 888 299 475 882 858 811 438 302 362 321 299 0 275 515 235 517 645 655 161 412 301 337 147 578 693 437 501 566 128 788 780 855 291 870 249 651 766 257 419 504 362 322 1000 897 364 1006 599 423 323 248 782 60 436 271 677 534 504 362 802 923 708 557 872 648 613 851 711
747 874 646 405 980 320 593 876 891 562 550 267 663 856 52 751 834 849 1024 537 378 137 596 565 275 0 687 157 703 896 911 282 275 569 65 340 852 917 429 376 833 320 954 957 913 172 830 504 810 981 358 694 775 502 229 1196 1007 602 1196 826 695 515 47 760 232 638 543 837 701 591 432 882 1117 903 466 1073 831 879 793 826
433 323 223 320 377 474 154 540 523 210 488 423 158 620 735 505 646 557 354 200 322 670 465 353 515 687 0 539 41 358 394 409 576 557 721 374 514 280 391 580 420 396 274 271 439 556 623 328 136 317 330 493 624 186 522 509 406 231 509 219 562 191 690 530 571 106 400 162 21 206 291 361 431 220 544 390 144 430 643 235
662 754 489 288 823 181 461 732 806 438 496 115 507 722 209 680 705 709 883 381 223 149 532 474 235 157 539 0 558 779 798 155 180 532 182 227 771 783 279 277 735 213 802 807 759 55 699 406 658 842 208 628 728 352 98 1048 850 485 1048 694 645 379 178 622 227 501 465 684 552 434 275 725 970 758 349 928 684 777 668 669
398 281 265 322 398 504 141 579 483 196 468 443 200 661 749 471 687 597 327 236 346 693 441 331 517 703 41 558 0 316 352 422 606 536 740 381 475 244 426 614 380 402 272 262 473 579 664 315 147 288 350 463 593 209 548 493 427 208 495 179 533 194 704 572 575 87 380 170 54 247 321 393 415 200 581 370 131 389 684 264
243 35 581 492 616 779 329 878 225 340 447 674 515 970 932 312 999 902 263 541 608 926 395 351 645 896 358 779 316 0 39 624 874 496 947 557 242 156 722 902 146 575 414 371 748 815 976 396 390 227 592 345 431 483 799 460 639 294 480 144 415 410 881 885 704 309 392 395 366 562 604 665 403 281 884 347 311 114 999 534
230 73 618 511 655 806 356 917 192 362 444 696 552 1008 946 294 1037 940 293 573 634 947 390 357 655 911 394 798 352 39 0 643 900 488 964 575 214 192 752 931 126 592 451 408 788 837 1014 408 429 260 616 332 408 512 823 485 677 313 506 182 399 436 895 922 714 340 396 434 403 597 633 704 432 319 915 376 350 85 1036 573
511 600 415 133 734 235 312 711 654 285 365 77 414 726 327 535 721 697 741 291 143 304 394 323 161 282 409 155 422 624 643 0 293 413 325 74 620 636 277 366 581 66 681 681 703 198 709 254 539 699 101 486 596 232 202 915 762 330 917 545 512 233 281 621 195 356 321 565 425 355 204 655 837 622 408 791 552 622 691 576
797 845 454 414 784 103 545 619 938 539 657 219 494 586 322 827 560 587 931 383 266 156 687 612 412 275 576 180 606 874 900 293 0 701 253 366 907 848 209 102 856 359 810 825 681 127 558 541 671 894 284 778 889 400 92 1072 808 592 1066 768 805 464 316 494 408 572 613 695 584 414 285 667 996 795 191 961 716 893 518 643
260 495 705 331 934 647 404 1042 377 349 69 490 667 1088 582 219 1093 1043 731 588 516 664 104 204 301 569 557 532 536 496 488 413 701 0 633 348 333 605 670 779 368 348 791 765 981 587 1077 238 683 687 470 165 206 494 608 934 963 328 949 522 132 403 534 983 336 451 156 705 578 650 561 910 866 674 817 809 644 418 1072 791
806 924 660 454 996 317 637 869 950 610 613 297 684 839 81 812 814 839 1064 559 404 99 658 622 337 65 721 182 740 947 964 325 253 633 0 389 912 961 431 350 889 371 984 989 917 177 812 560 840 1022 390 756 839 534 230 1230 1023 653 1230 871 759 557 108 747 296 680 603 866 734 608 452 891 1152 939 445 1109 866 934 771 845
436 535 420 65 721 300 257 735 580 222 297 147 407 762 380 461 761 726 690 293 174 376 321 249 147 340 374 227 381 557 575 74 366 348 389 0 546 579 324 434 508 21 648 643 710 272 747 179 509 646 127 412 525 215 276 871 750 263 875 487 441 186 331 656 198 306 247 535 392 359 228 655 793 577 468 745 512 550 735 564
109 264 727 493 836 826 411 1054 43 387 315 688 668 1131 877 113 1152 1070 506 650 659 918 262 297 578 852 514 771 475 242 214 620 907 333 912 546 0 395 801 959 103 558 644 605 945 818 1131 366 591 470 627 170 200 567 819 699 861 333 721 351 214 471 826 1036 630 425 309 603 530 691 677 862 646 511 965 590 521 129 1143 730
375 131 488 514 466 747 323 753 380 358 547 670 421 853 960 450 887 782 126 480 584 925 501 427 693 917 280 783 244 156 192 636 848 605 961 579 395 0 670 858 294 600 260 215 612 810 863 450 263 82 580 473 575 448 784 329 488 330 344 93 546 403 911 777 754 282 475 261 280 484 564 529 262 130 824 205 182 270 893 402
696 690 245 340 576 115 401 453 826 414 612 213 288 453 481 742 444 432 741 190 154 347 626 527 437 429 391 279 426 722 752 277 209 670 431 324 801 670 0 189 733 330 605 624 486 257 434 459 470 707 199 703 829 240 201 870 600 468 863 599 747 331 456 349 461 412 545 493 394 208 123 462 795 602 164 763 522 762 414 434
851 871 422 472 738 134 575 536 988 579 731 289 473 493 423 888 464 500 930 379 301 251 755 670 501 376 580 277 614 902 931 366 102 779 350 434 959 858 189 0 900 431 789 810 616 226 463 599 657 896 332 842 959 419 180 1055 759 634 1047 785 875 498 418 407 502 593 678 679 583 394 298 612 981 791 98 951 711 933 421 608
107 163 638 448 733 769 334 959 103 321 331 643 576 1040 863 168 1063 977 409 570 599 884 275 268 566 833 420 735 380 146 126 581 856 368 889 508 103 294 733 900 0 523 541 502 845 779 1041 330 490 371 572 208 284 494 773 606 758 266 627 248 273 403 812 947 622 339 296 500 434 606 610 762 549 408 898 493 418 50 1057 630
449 554 437 85 741 299 278 748 593 242 299 142 425 772 360 470 770 739 711 310 183 361 327 261 128 320 396 213 402 575 592 66 359 348 371 21 558 600 330 431 523 0 670 664 727 260 757 193 530 667 136 420 529 234 268 892 770 282 896 507 445 207 311 666 178 328 255 556 414 376 240 673 815 599 469 766 534 566 743 583
602 385 368 593 210 708 412 537 635 466 725 687 317 649 1004 680 691 575 214 430 579 924 689 589 788 954 274 802 272 414 451 681 810 791 984 648 644 260 605 789 541 670 0 46 379 812 666 584 143 215 596 689 806 452 771 267 229 468 257 294 763 464 961 593 845 358 640 117 256 397 535 301 197 133 729 185 147 524 707 203
567 343 393 585 257 723 399 581 593 451 700 692 337 691 1006 645 732 617 168 442 586 933 662 566 780 957 271 807 262 371 408 681 825 765 989 643 605 215 624 810 502 664 46 0 424 821 707 566 154 168 599 656 771 455 782 246 276 447 241 258 731 457 961 632 837 344 617 130 255 416 546 345 171 95 753 148 131 483 747 240
872 715 290 683 191 600 582 167 948 633 912 667 315 286 966 944 336 213 593 417 561 831 896 782 855 913 439 759 473 748 788 703 681 981 917 710 945 612 486 616 845 727 379 424 0 743 311 743 358 588 602 933 1064 502 687 602 195 666 580 607 1000 579 937 267 897 543 825 354 420 351 500 83 553 484 525 558 437 844 364 215
709 789 483 330 819 147 492 704 852 474 549 141 508 687 224 730 667 678 906 384 234 114 584 521 291 172 556 55 579 815 837 198 127 587 177 272 818 810 257 226 779 260 812 821 743 0 662 452 669 866 230 679 781 370 57 1064 846 523 1062 724 698 409 204 589 282 528 515 695 568 432 278 715 987 777 305 946 701 819 628 669
1039 941 403 747 501 518 725 147 1144 763 1013 647 465 34 879 1101 25 98 872 495 573 714 1015 904 870 830 623 699 664 976 1014 709 558 1077 812 747 1131 863 434 463 1041 757 666 707 311 662 0 846 600 858 620 1075 1207 589 605 908 506 810 888 832 1132 687 866 95 895 705 935 606 611 442 520 371 854 746 367 851 681 1053 61 469
257 379 467 127 706 465 174 805 400 119 170 322 428 854 538 288 863 807 572 353 307 555 169 70 249 504 328 406 315 396 408 254 541 238 560 179 366 450 459 599 330 193 584 566 743 452 846 0 461 527 269 244 369 258 453 768 735 122 777 357 289 165 487 751 308 227 89 485 350 413 340 673 693 484 618 639 436 374 845 558
528 356 246 456 254 568 286 491 591 342 615 543 185 589 860 604 624 519 285 289 436 781 586 478 651 810 136 658 147 390 429 539 671 683 840 509 591 263 470 657 490 530 143 154 358 669 600 461 0 263 452 602 728 308 629 400 282 355 395 248 674 328 817 516 707 234 528 26 116 263 393 275 325 149 604 295 81 486 632 143
456 208 504 582 425 791 389 739 452 428 629 728 440 845 1025 531 883 772 45 516 635 980 583 507 766 981 317 842 288 227 260 699 894 687 1022 646 470 82 707 896 371 667 215 168 588 866 858 527 263 0 635 555 654 497 836 246 444 405 262 170 628 465 977 777 826 342 556 252 312 510 608 506 180 113 854 123 189 342 893 389
519 564 314 144 635 198 264 613 657 255 414 93 315 636 408 557 634 602 676 190 47 345 430 339 257 358 330 208 350 592 616 101 284 470 390 127 627 580 199 332 572 136 596 599 602 230 620 269 452 635 0 513 635 144 207 840 664 307 839 494 552 182 366 530 296 298 351 478 344 253 105 554 762 549 350 719 475 608 607 478
102 351 680 370 856 708 356 1018 213 313 147 559 630 1080 716 58 1094 1027 597 580 552 771 97 176 419 694 493 628 463 345 332 486 778 165 756 412 170 473 703 842 208 420 689 656 933 679 1075 244 602 555 513 0 132 488 688 799 884 269 816 400 74 389 665 979 467 389 165 620 513 634 583 855 735 562 863 678 547 257 1079 727
204 445 813 490 981 825 488 1151 237 445 232 671 762 1213 789 126 1226 1159 693 712 675 865 204 305 504 775 624 728 593 431 408 596 889 206 839 525 200 575 829 959 284 529 806 771 1064 781 1207 369 728 654 635 132 0 619 797 891 1009 402 911 513 83 520 740 1111 542 521 283 744 644 766 710 986 833 676 985 776 669 324 1210 857
465 452 214 181 506 299 160 548 589 181 427 237 192 596 551 520 607 549 537 94 137 484 426 315 362 502 186 352 209 483 512 232 400 494 534 215 567 448 240 419 494 234 452 455 502 370 589 258 308 497 144 488 619 0 338 696 535 233 695 368 543 99 509 493 412 174 347 335 199 157 120 442 618 407 405 576 331 521 590 349
710 772 433 326 769 90 472 647 852 461 565 131 462 630 281 737 611 620 875 341 201 153 596 523 322 229 522 98 548 799 823 202 92 608 230 276 819 784 201 180 773 268 771 782 687 57 605 453 629 836 207 688 797 338 0 1027 795 512 1024 700 713 389 262 531 321 504 523 654 532 384 235 662 950 743 251 911 665 811 573 620
698 448 635 810 410 969 616 769 674 662 876 933 582 887 1242 771 933 812 202 689 830 1178 830 752 1000 1196 509 1048 493 460 485 915 1072 934 1230 871 699 329 870 1055 606 892 267 246 602 1064 908 768 400 246 840 799 891 696 1027 0 413 645 29 415 871 685 1197 844 1059 565 802 377 496 662 792 537 78 293 996 128 364 570 955 465
806 608 362 708 29 715 561 362 856 617 894 745 348 481 1060 883 531 408 437 474 633 946 868 758 897 1007 406 850 427 639 677 762 808 963 1023 750 861 488 600 759 758 770 229 276 195 846 506 735 282 444 664 884 1009 535 795 413 0 635 389 509 956 586 1024 456 948 511 807 264 385 416 576 152 372 358 678 387 341 746 558 186
232 271 411 198 606 503 86 749 357 54 259 384 360 813 641 291 829 758 450 319 332 633 233 123 364 602 231 485 208 294 313 330 592 328 653 263 333 330 468 634 266 282 468 447 666 523 810 122 355 405 307 269 402 233 512 645 635 0 655 236 334 137 590 714 424 124 173 377 252 367 345 590 571 363 633 517 320 300 817 467
716 466 626 814 389 964 622 748 696 669 889 932 574 866 1244 790 913 792 219 684 828 1175 844 764 1006 1196 509 1048 495 480 506 917 1066 949 1230 875 721 344 863 1047 627 896 257 241 580 1062 888 777 395 262 839 816 911 695 1024 29 389 655 0 428 889 689 1199 826 1065 570 814 370 495 654 788 517 84 298 985 139 365 591 936 451
309 109 440 422 485 668 233 734 346 265 461 583 374 825 868 386 855 758 215 412 502 838 417 336 599 826 219 694 179 144 182 545 768 522 871 487 351 93 599 785 248 507 294 258 607 724 832 357 248 170 494 400 513 368 700 415 509 236 428 0 475 315 818 742 660 196 386 255 225 426 487 523 344 163 758 288 172 239 856 391
172 423 742 408 928 741 420 1081 257 373 148 588 694 1138 712 106 1150 1087 670 636 593 783 121 228 423 695 562 645 533 415 399 512 805 132 759 441 214 546 747 875 273 445 763 731 1000 698 1132 289 674 628 552 74 83 543 713 871 956 334 889 475 0 445 662 1036 464 457 201 692 582 692 629 924 808 636 903 751 621 320 1133 797
367 382 301 128 557 370 82 640 495 83 336 268 264 693 560 420 705 643 508 191 199 523 329 217 323 515 191 379 194 410 436 233 464 403 557 186 471 403 331 498 403 207 464 457 579 409 687 165 328 465 182 389 520 99 389 685 586 137 689 315 445 0 513 591 380 123 252 354 211 249 207 512 607 391 495 560 326 434 689 403
723 862 664 396 996 351 588 908 866 553 520 279 677 891 51 722 871 882 1020 551 392 184 568 544 248 47 690 178 704 881 895 281 316 534 108 331 826 911 456 418 812 311 961 961 937 204 866 487 817 977 366 665 740 509 262 1197 1024 590 1199 818 662 513 0 794 199 635 519 844 706 608 448 902 1119 903 505 1072 833 859 831 841
944 850 309 653 446 442 629 134 1049 667 918 562 372 105 810 1006 116 93 793 399 483 651 919 808 782 760 530 622 572 885 922 621 494 983 747 656 1036 777 349 407 947 666 593 632 267 589 95 751 516 777 530 979 1111 493 531 844 456 714 826 742 1036 591 794 0 810 610 840 524 519 346 428 310 786 663 309 778 595 960 116 391
529 688 608 252 919 390 442 904 670 398 321 248 602 914 249 524 905 889 871 482 338 335 370 357 60 232 571 227 575 704 714 195 408 336 296 198 630 754 461 502 622 178 845 837 897 282 895 308 707 826 296 467 542 412 321 1059 948 424 1065 660 464 380 199 810 0 495 326 733 590 547 399 847 982 767 567 932 706 670 872 761
336 278 302 244 482 473 54 634 439 108 382 388 244 706 683 404 727 647 385 234 305 643 358 247 436 638 106 501 87 309 340 356 572 451 680 306 425 282 412 593 339 328 358 344 543 528 705 227 234 342 298 389 521 174 504 565 511 124 570 196 457 123 635 610 495 0 295 258 127 267 294 466 487 272 575 438 213 358 719 342
203 383 553 207 777 544 247 892 347 193 87 394 512 943 570 215 953 895 601 441 392 610 80 51 271 543 400 465 380 392 396 321 613 156 603 247 309 475 545 678 296 255 640 617 825 515 935 89 528 556 351 165 283 347 523 802 807 173 814 386 201 252 519 840 326 295 0 550 422 501 428 753 730 530 702 674 492 345 934 634
543 361 264 482 236 593 311 492 601 366 637 570 206 594 886 619 631 523 271 313 462 806 607 500 677 837 162 684 170 395 434 565 695 705 866 535 603 261 493 679 500 556 117 130 354 695 606 485 26 252 478 620 744 335 654 377 264 377 370 255 692 354 844 524 733 258 550 0 143 285 418 270 302 139 624 274 83 494 640 141
451 331 214 339 356 481 175 524 537 231 509 436 148 607 750 523 634 543 347 204 333 681 486 374 534 701 21 552 54 366 403 425 584 578 734 392 530 280 394 583 434 414 256 255 420 568 611 350 116 312 344 513 644 199 532 496 385 252 495 225 582 211 706 519 590 127 422 143 0 203 299 341 419 211 544 379 133 443 632 214
597 528 60 335 389 313 282 391 707 321 583 329 80 446 643 659 462 394 540 66 218 537 578 465 504 591 206 434 247 562 597 355 414 650 608 359 691 484 208 394 606 376 397 416 351 432 442 413 263 510 253 634 766 157 384 662 416 367 654 426 692 249 608 346 547 267 501 285 203 0 159 300 587 401 344 558 321 624 452 236
572 573 217 229 548 182 278 508 702 290 499 170 231 533 484 620 535 498 645 106 61 388 509 406 362 432 291 275 321 604 633 204 285 561 452 228 677 564 123 298 610 240 535 546 500 278 520 340 393 608 105 583 710 120 235 792 576 345 788 487 629 207 448 428 399 294 428 418 299 159 0 457 715 511 288 678 432 639 511 394
791 631 240 622 137 578 508 236 865 560 841 627 250 351 934 865 396 276 513 364 517 810 823 709 802 882 361 725 393 665 704 655 667 910 891 655 862 529 462 612 762 673 301 345 83 715 371 673 275 506 554 855 986 442 662 537 152 590 517 523 924 512 902 310 847 466 753 270 341 300 457 0 483 401 528 483 353 761 418 132
636 387 564 732 365 893 539 718 623 586 806 855 509 834 1164 711 879 760 139 612 752 1100 761 680 923 1117 431 970 415 403 432 837 996 866 1152 793 646 262 795 981 549 815 197 171 553 987 854 693 325 180 762 735 833 618 950 78 372 571 84 344 808 607 1119 786 982 487 730 302 419 587 715 483 0 216 924 57 286 516 898 400
472 251 392 516 336 692 324 629 501 373 610 642 328 733 949 550 770 661 139 413 543 891 571 479 708 903 220 758 200 281 319 622 795 674 939 577 511 130 602 791 408 599 133 95 484 777 746 484 149 113 549 562 676 407 743 293 358 363 298 163 636 391 903 663 767 272 530 139 211 401 511 401 216 0 745 170 80 391 779 278
860 852 360 495 658 177 565 439 991 579 763 332 418 395 514 904 368 402 884 345 310 347 781 687 557 466 544 349 581 884 915 408 191 817 445 468 965 824 164 98 898 469 729 753 525 305 367 618 604 854 350 863 985 405 251 996 678 633 985 758 903 495 505 309 567 575 702 624 544 344 288 528 924 745 0 899 665 926 327 538
579 330 539 683 376 858 489 720 568 534 750 812 480 833 1119 654 876 759 83 577 712 1060 704 624 872 1073 390 928 370 347 376 791 961 809 1109 745 590 205 763 951 493 766 185 148 558 946 851 639 295 123 719 678 776 576 911 128 387 517 139 288 751 560 1072 778 932 438 674 274 379 558 678 483 57 170 899 0 245 460 892 387
466 278 315 454 315 613 267 572 518 320 577 568 250 671 879 543 705 600 219 334 466 815 543 442 648 831 144 684 131 311 350 552 716 644 866 512 521 182 522 711 418 534 147 131 437 701 681 436 81 189 475 547 669 331 665 364 341 320 365 172 621 326 833 595 706 213 492 83 133 321 432 353 286 80 665 245 0 411 711 223
157 139 652 489 722 803 361 965 110 354 381 682 588 1050 910 213 1076 985 377 592 632 926 326 314 613 879 430 777 389 114 85 622 893 418 934 550 129 270 762 933 50 566 524 483 844 819 1053 374 486 342 608 257 324 521 811 570 746 300 591 239 320 434 859 960 670 358 345 494 443 624 639 761 516 391 926 460 411 0 1072 629
1049 964 419 740 551 488 733 204 1158 768 1009 625 484 96 841 1108 47 154 909 498 560 672 1014 905 851 793 643 668 684 999 1036 691 518 1072 771 735 1143 893 414 421 1057 743 707 747 364 628 61 845 632 893 607 1079 1210 590 573 955 558 817 936 856 1133 689 831 116 872 719 934 640 632 452 511 418 898 779 327 892 711 1072 0 507
661 499 189 523 157 546 387 351 732 441 722 561 163 455 878 735 494 382 402 290 449 773 700 588 711 826 235 669 264 534 573 576 643 791 845 564 730 402 434 608 630 583 203 240 215 669 469 558 143 389 478 727 857 349 620 465 186 467 451 391 797 403 841 391 761 342 634 141 214 236 394 132 400 278 538 387 223 629 507 0
