235
0 830 1133 444 709 458 367 572 741 874 476 634 169 67 793 978 174 159 860 735 648 1042 212 321 787 400 769 513 929 579 749 338 819 946 600 385 1091 799 614 739 784 907 740 774 221 366 772 908 155 461 489 825 600 667 765 986 909 680 240 1122 866 780 812 260 376 604 1209 751 385 1097 82 77 755 152 412 229 1026 468 888 363 620 786 317 920 540 668 206 668 1171 507 595 247 1143 1112 955 391 369 626 978 819 539 83 779 1174 710 634 814 351 810 1239 741 585 447 514 708 576 703 483 1103 606 195 1108 195 201 160 823 982 606 775 943 872 1034 265 232 531 789 456 1230 864 658 199 856 751 321 602 982 606 1261 557 239 670 346 835 1051 401 566 596 354 1104 665 548 364 801 876 790 490 242 1101 912 890 727 868 503 501 829 868 859 616 751 117 274 858 224 905 80 820 754 805 244 700 621 497 1053 79 200 644 1027 502 271 1062 439 603 181 256 427 959 882 231 712 596 440 500 327 578 358 356 184 551 853 1051 927 498 907 633 664 760 990 673 652 1112 742 602 381 1057 317
830 0 805 739 1113 373 544 373 544 139 624 890 673 824 476 714 871 671 69 1133 217 505 707 881 796 430 383 424 744 744 160 515 869 344 979 737 703 190 797 389 1125 139 970 475 609 465 665 126 691 741 348 319 456 628 594 641 453 355 873 744 585 714 757 569 751 271 788 1020 458 811 750 864 1134 685 755 614 683 905 836 635 215 278 517 576 692 1047 633 1092 836 942 807 615 722 819 667 820 799 766 313 68 303 765 783 790 1135 224 133 671 918 892 426 1056 421 330 1123 649 923 407 719 482 827 863 780 689 758 630 363 337 1062 129 691 611 861 603 737 972 806 856 668 566 741 43 581 531 395 291 342 892 917 601 210 770 35 733 796 445 980 532 753 1097 915 466 651 1071 650 560 589 833 1009 218 836 1120 578 748 317 50 860 539 880 849 645 546 772 776 791 652 913 741 604 954 835 600 795 785 682 948 606 417 559 536 908 414 865 577 404 148 116 793 1088 856 436 817 503 304 751 604 667 1000 750 492 706 812 226 545 599 867 592 726 293 826 950 1034 806 497 512
1133 805 0 721 831 897 783 643 400 672 657 647 983 1080 387 154 1036 1038 743 834 717 327 921 924 412 876 465 674 218 595 675 1020 439 472 772 774 107 621 591 480 775 690 625 401 977 938 365 707 1089 706 810 493 563 467 368 173 353 549 985 72 280 372 359 975 788 706 125 672 976 54 1062 1205 815 1001 758 1046 127 818 332 769 781 543 902 248 610 786 957 843 38 818 618 1075 123 44 181 816 820 561 526 872 914 1125 411 73 860 729 673 785 498 107 454 877 769 781 846 562 612 727 93 546 984 104 957 932 1181 309 467 635 701 753 264 196 954 949 638 578 748 100 269 476 938 772 383 1023 595 556 630 128 748 935 695 824 770 85 791 603 776 808 52 852 754 936 333 613 344 644 956 74 498 592 508 686 629 671 493 774 386 521 522 1061 860 303 929 265 1055 313 550 357 920 647 613 635 98 1148 934 696 200 694 976 302 846 582 1025 942 857 743 701 934 795 655 764 716 920 703 804 778 961 841 309 350 207 714 589 502 468 499 212 491 625 52 601 834 815 349 942
444 739 721 0 391 490 238 367 371 708 118 216 340 381 455 568 318 410 732 415 522 718 243 208 345 419 479 314 506 136 594 507 375 680 253 58 701 611 172 450 430 746 325 437 379 451 356 755 463 17 439 565 310 262 374 599 587 427 264 725 485 351 376 406 69 468 815 354 502 678 392 521 423 354 37 462 632 167 446 140 542 552 368 548 111 328 337 363 757 203 155 499 757 693 556 104 101 182 734 766 570 466 338 773 409 517 654 119 370 823 432 317 346 437 399 165 280 341 711 295 268 680 251 268 544 422 713 406 390 806 456 666 232 349 88 363 67 821 455 283 245 743 365 498 357 751 402 848 190 335 529 104 725 646 76 303 252 268 701 366 185 448 391 462 380 181 369 678 476 682 283 475 168 57 570 754 415 263 311 351 216 492 221 473 364 411 319 372 316 290 185 146 632 484 274 252 659 324 416 730 176 342 306 362 424 815 729 220 374 172 329 89 399 435 87 175 317 261 421 734 514 84 697 273 271 318 621 235 455 692 320 300 98 740 416
709 1113 831 391 0 881 628 740 639 1060 493 231 678 643 734 712 536 746 1096 26 900 966 575 389 435 808 794 696 630 372 959 881 393 983 138 419 862 963 325 771 91 1097 206 721 737 835 550 1109 792 384 830 885 659 519 610 784 857 772 469 868 704 510 496 773 413 848 952 159 884 778 695 780 48 687 391 815 797 256 499 527 927 889 749 766 420 65 690 42 857 212 309 852 916 790 727 355 383 361 1045 1147 961 765 442 901 29 897 1013 498 332 907 741 127 738 827 15 467 229 730 865 636 517 748 536 605 852 625 1009 775 139 1163 616 867 445 711 375 253 329 924 629 574 557 1111 612 870 719 1068 771 938 201 699 903 418 1094 785 364 667 138 656 836 47 205 832 586 260 578 556 733 764 363 1019 343 207 536 367 890 1122 444 584 315 592 582 730 514 573 644 602 283 506 681 192 287 514 733 776 614 169 863 708 784 967 277 700 528 730 815 1169 1085 497 35 258 721 303 780 817 424 563 659 159 542 988 662 309 1031 584 545 339 830 424 820 785 231 108 370 993 794
458 373 897 490 881 0 253 256 515 437 407 693 309 459 510 760 521 299 410 905 224 696 366 567 702 76 442 244 748 559 321 152 765 561 743 463 821 383 616 421 920 465 795 496 240 92 610 463 318 500 87 456 351 523 561 726 581 350 538 860 620 646 691 198 472 204 933 834 94 880 380 490 914 319 490 241 772 637 780 354 175 405 158 650 499 818 271 850 935 679 614 247 862 893 721 538 512 599 573 361 89 392 690 913 897 209 380 385 793 1002 444 793 158 116 887 485 746 188 837 376 484 915 439 342 389 619 595 263 873 492 684 741 533 240 530 818 552 979 667 474 400 402 544 164 305 569 267 1015 680 241 251 477 382 813 522 314 742 225 854 852 675 93 618 923 612 358 222 894 900 473 698 951 383 525 459 414 780 427 740 489 321 594 439 754 426 631 763 677 249 766 647 398 847 412 334 739 734 223 187 723 628 321 517 212 66 509 438 462 865 651 172 579 136 197 465 318 309 740 709 696 725 574 489 443 501 735 703 595 282 897 783 784 523 702 141
367 544 783 238 628 253 0 213 384 548 171 445 203 331 426 631 342 254 553 652 331 674 178 337 497 181 402 151 595 322 422 283 551 586 490 211 732 460 377 371 668 584 551 408 195 217 440 589 305 248 211 463 233 337 416 627 541 316 332 765 508 462 502 202 221 278 850 587 268 753 288 432 661 222 237 271 670 386 589 101 331 430 142 558 263 565 174 597 822 428 371 305 782 768 603 290 264 366 624 558 335 345 486 818 644 321 489 135 567 891 373 542 123 218 634 268 503 139 745 242 292 774 247 173 397 476 621 251 624 634 533 670 317 166 286 581 299 877 521 309 210 558 400 278 236 632 250 910 427 152 346 232 537 699 271 199 489 32 749 600 422 214 461 684 452 146 175 761 676 546 472 706 168 276 468 570 576 263 510 335 109 496 233 584 299 479 528 491 136 520 404 174 712 367 170 488 663 144 207 695 380 235 334 163 187 647 562 253 612 403 107 327 171 246 217 66 184 488 533 684 585 322 563 281 325 509 626 381 302 769 542 531 274 690 191
572 373 643 367 740 256 213 0 259 346 251 521 403 542 258 504 554 437 365 761 160 477 392 528 470 234 204 62 493 375 227 378 539 374 606 372 572 253 430 177 757 383 609 242 369 296 362 391 480 368 168 253 104 288 308 473 348 111 538 610 365 403 449 352 387 111 687 656 333 624 490 630 763 420 386 422 519 534 537 279 197 217 278 398 321 674 367 718 681 569 438 445 616 638 465 454 435 403 411 407 291 535 457 663 762 159 290 315 577 749 193 683 134 142 750 284 560 92 587 132 502 658 458 385 569 364 410 40 698 441 430 497 519 347 364 619 434 728 411 231 423 376 290 384 48 419 38 763 544 337 163 410 358 558 429 77 606 218 601 723 542 295 366 722 360 187 346 638 679 335 487 763 204 375 257 387 545 190 531 548 321 340 442 502 509 377 560 433 328 588 467 226 591 558 382 578 490 69 350 500 539 66 545 331 213 451 365 460 716 485 136 444 288 84 390 256 388 627 461 483 469 438 352 203 262 521 456 377 92 641 591 661 441 489 309
741 544 400 371 639 515 384 259 0 452 277 408 585 693 95 251 664 638 505 653 379 348 532 578 255 483 169 278 233 285 385 625 327 344 527 413 350 362 317 155 625 486 458 83 577 543 120 501 689 361 428 256 166 122 51 245 223 198 624 382 125 170 213 574 429 349 468 512 585 373 667 811 646 603 406 646 286 514 294 381 435 275 503 181 267 576 558 631 439 532 339 676 403 388 219 476 471 280 407 598 548 728 241 434 666 386 419 403 381 508 119 627 374 402 652 208 417 333 362 146 610 402 577 539 781 104 370 264 553 556 170 299 595 549 309 445 420 493 151 89 553 528 36 627 211 431 259 526 478 535 365 464 516 316 447 205 529 408 365 638 480 541 111 537 108 250 555 384 466 395 312 594 239 339 260 536 315 125 354 681 466 121 551 246 665 118 389 196 520 453 354 251 336 750 540 471 292 299 576 358 534 193 654 542 466 557 481 561 607 389 367 404 521 334 442 384 564 576 210 367 211 400 404 107 103 336 254 214 276 390 434 592 470 372 544
874 139 672 708 1060 437 548 346 452 0 589 831 709 858 371 591 888 721 72 1078 226 366 723 874 707 477 283 406 629 688 126 588 779 205 932 717 568 97 736 298 1062 38 900 374 654 524 570 49 749 706 385 202 403 552 498 513 324 287 880 609 470 621 661 620 732 273 650 952 530 681 792 918 1076 723 730 675 552 875 733 625 261 177 557 452 643 994 669 1044 701 907 751 684 585 689 544 800 781 702 174 208 388 819 694 653 1084 239 59 660 833 756 333 1018 435 359 1072 593 855 408 584 424 840 735 794 710 826 525 223 305 994 104 581 477 863 642 690 894 773 719 558 492 756 101 487 602 350 155 308 755 873 636 205 757 104 603 773 404 933 543 619 1049 872 525 551 989 552 527 632 705 917 80 759 1043 540 706 199 102 764 476 802 875 656 431 781 667 825 549 836 645 635 888 775 562 669 840 705 892 472 406 612 397 883 366 881 618 449 109 30 800 1032 801 447 777 550 303 736 600 699 962 648 353 589 772 86 477 524 786 461 652 254 696 878 992 787 357 564
476 624 657 118 493 407 171 251 277 589 0 287 338 423 351 502 387 402 615 515 409 615 264 309 330 342 365 202 453 153 476 455 380 566 357 141 623 492 209 335 519 627 388 332 354 387 295 636 456 117 343 449 192 191 292 518 481 309 347 651 399 307 343 369 157 355 740 428 437 620 409 551 520 355 144 435 556 286 426 114 433 434 313 459 93 428 321 469 695 319 207 470 677 635 482 216 204 196 618 654 479 478 320 702 514 404 536 127 396 763 320 432 252 336 502 103 339 238 634 179 333 632 301 278 544 348 599 289 468 688 395 577 319 323 124 413 184 755 388 189 281 627 280 450 239 634 284 785 294 308 413 190 608 577 188 185 357 203 630 473 292 383 324 517 313 63 337 624 505 564 301 544 50 126 454 638 409 157 339 405 208 399 274 431 398 344 358 334 289 360 239 29 576 499 281 338 570 215 375 629 294 224 376 327 341 697 611 283 472 246 236 193 342 323 168 132 315 376 379 629 451 188 579 171 189 338 532 213 337 635 376 410 206 635 362
634 890 647 216 231 693 445 521 408 831 287 0 552 568 504 512 481 623 870 247 682 743 451 333 235 625 563 484 433 146 733 722 222 752 126 266 661 734 95 540 235 868 109 491 595 663 328 880 674 201 631 654 434 288 383 573 629 544 415 673 483 294 291 623 269 631 761 141 714 597 595 712 244 565 235 677 593 191 323 354 714 658 582 546 201 167 552 222 679 177 83 715 716 611 518 244 265 130 815 928 766 669 237 712 257 680 786 335 187 736 510 232 540 623 244 240 68 524 665 409 442 580 440 478 751 404 779 554 180 935 407 654 382 565 163 154 180 746 416 343 446 886 384 714 495 837 549 766 104 551 682 292 870 589 234 446 130 477 643 230 111 660 366 247 357 344 585 588 280 788 139 260 322 169 659 896 275 355 136 527 432 505 412 382 557 383 125 298 532 74 56 302 550 686 486 62 649 499 632 746 224 475 470 578 627 940 857 403 201 43 523 137 612 601 285 388 530 193 341 764 458 139 800 354 314 156 614 195 596 607 108 191 253 769 630
169 673 983 340 678 309 203 403 585 709 338 552 0 151 630 830 216 70 699 704 482 875 103 304 665 243 602 345 787 465 583 226 707 777 551 286 935 632 510 572 740 742 661 612 74 222 630 744 122 356 327 656 437 525 614 830 743 512 249 967 710 645 681 120 283 437 1053 684 256 950 86 229 720 18 317 138 872 422 763 225 459 617 155 761 416 625 39 640 1021 466 495 174 986 965 803 326 299 513 809 668 396 142 655 1020 686 469 649 226 709 1090 576 566 279 350 680 441 618 314 948 445 191 967 153 74 207 674 813 437 715 782 727 874 256 69 419 703 374 1078 717 507 122 696 599 211 434 813 437 1110 496 72 504 265 675 900 324 401 548 187 951 639 489 220 655 800 645 338 87 956 816 722 619 805 355 396 660 709 741 462 649 180 130 700 167 769 118 674 659 672 75 624 526 353 908 164 66 576 867 333 133 897 401 436 214 97 268 797 718 188 673 510 271 415 173 410 267 207 23 521 717 883 781 412 739 480 517 655 830 547 483 966 659 571 312 890 170
67 824 1080 381 643 459 331 542 693 858 423 568 151 0 750 926 110 170 850 668 632 1005 161 254 726 394 733 481 874 517 732 356 756 916 532 322 1043 779 551 702 717 892 673 731 219 369 717 894 187 399 478 794 560 613 714 938 870 648 174 1073 818 723 753 263 313 586 1161 684 397 1043 84 143 689 139 348 250 977 401 827 312 611 759 307 874 481 601 191 602 1118 440 531 275 1096 1058 905 324 303 563 952 819 544 131 719 1124 644 620 798 295 745 1186 702 519 425 500 642 520 636 457 1055 563 128 1052 130 158 216 771 952 578 708 933 818 989 198 220 469 722 390 1178 811 608 142 848 701 339 568 958 578 1209 490 223 653 282 827 1000 336 528 529 323 1053 599 481 367 747 809 737 443 236 1046 846 868 663 801 454 439 799 860 797 568 686 53 229 812 160 847 33 767 688 747 223 633 556 445 998 136 160 577 983 472 275 1024 372 566 116 247 419 948 868 165 645 530 415 434 323 557 295 310 159 485 795 1014 874 432 886 585 612 696 945 613 627 1058 676 535 315 1021 317
793 476 387 455 734 510 426 258 95 371 351 504 630 750 0 257 733 676 430 749 339 264 589 658 341 493 93 296 270 378 322 637 412 248 622 491 314 287 413 97 719 403 552 19 611 554 203 418 724 446 423 169 193 217 131 215 132 163 697 352 116 253 292 602 507 322 430 606 591 372 715 859 741 648 488 673 261 604 362 444 401 199 528 140 355 672 599 727 424 624 434 699 360 385 213 559 552 375 312 535 529 770 328 405 762 349 346 470 470 492 67 721 388 394 748 296 512 346 329 187 678 413 642 592 815 155 274 248 647 473 214 244 670 585 400 537 508 469 192 174 614 454 124 641 211 337 243 505 572 573 320 541 445 302 531 230 625 445 343 734 574 553 180 625 182 311 589 389 547 307 406 685 306 427 173 461 393 193 446 743 521 84 618 300 721 178 481 275 560 548 450 322 344 793 592 566 237 314 601 278 622 201 722 574 472 472 401 630 703 485 386 495 542 316 519 440 611 670 277 279 235 490 315 181 195 427 201 310 241 389 528 687 552 285 564
978 714 154 568 712 760 631 504 251 591 502 512 830 926 257 0 882 886 659 718 596 306 766 773 279 733 345 529 82 445 570 876 321 410 638 620 150 525 447 354 666 616 506 267 826 794 212 633 937 553 672 395 417 312 215 92 269 419 832 161 141 224 220 825 635 578 251 557 835 122 908 1051 702 848 605 897 86 673 221 615 658 439 754 139 457 661 805 719 192 676 474 927 205 136 47 665 668 414 474 778 784 972 275 205 741 606 581 630 385 260 323 744 625 645 727 408 485 583 153 398 830 156 802 777 1029 155 417 501 591 684 112 173 801 798 486 467 598 253 114 323 783 686 231 878 455 504 496 282 608 784 577 671 681 78 639 456 642 657 134 728 613 792 178 521 189 491 805 134 414 515 375 593 475 520 397 691 275 368 396 907 706 174 774 140 900 159 428 214 768 522 472 481 87 994 780 565 172 549 827 293 700 440 871 792 715 678 622 780 677 514 618 568 773 571 651 624 808 704 171 331 55 566 517 350 314 373 154 342 498 138 481 702 663 333 795
174 871 1036 318 536 521 342 554 664 888 387 481 216 110 733 882 0 261 889 561 666 994 165 152 660 449 729 491 823 452 762 441 682 922 431 262 1009 802 477 698 613 924 581 713 291 437 670 928 289 334 523 800 550 570 678 905 859 651 68 1035 786 669 694 337 249 616 1125 587 473 995 183 244 582 213 281 342 941 302 762 289 655 770 362 846 426 497 251 494 1073 338 455 372 1064 1010 866 240 225 496 964 874 609 241 654 1085 536 655 829 262 664 1139 692 411 454 540 534 473 548 479 1019 549 54 998 95 182 327 731 957 593 608 971 771 964 98 282 405 633 310 1136 768 576 131 890 667 425 571 973 591 1164 394 279 684 213 869 959 258 525 428 344 1013 491 386 435 703 715 693 421 302 995 761 888 589 701 427 372 804 902 727 542 607 57 233 786 115 791 123 724 605 691 271 541 477 413 949 247 189 482 957 486 350 1010 271 565 11 310 471 984 901 103 540 446 441 353 385 585 232 301 212 379 739 1006 828 352 905 557 574 619 919 554 644 1009 587 429 234 1012 385
159 671 1038 410 746 299 254 437 638 721 402 623 70 170 676 886 261 0 704 772 495 914 173 367 731 244 640 384 847 534 596 186 775 806 620 356 985 650 580 611 809 753 732 658 68 207 690 753 53 427 335 687 483 586 670 881 783 548 304 1019 762 708 745 101 354 455 1103 754 228 1007 86 198 789 59 388 81 924 491 828 291 463 645 165 811 483 695 81 708 1077 534 566 112 1035 1022 857 395 368 581 833 660 380 99 721 1072 753 481 661 295 779 1146 619 632 305 362 748 505 689 345 999 495 246 1026 214 145 143 730 842 467 785 786 786 921 316 91 489 774 445 1132 775 563 189 698 655 169 473 835 468 1165 566 103 519 336 678 954 395 446 617 231 1004 707 559 205 714 871 704 396 92 1015 886 742 688 876 415 465 691 710 808 517 719 214 198 749 233 832 143 732 730 736 118 695 596 415 966 122 137 647 914 369 112 936 468 478 261 107 271 803 727 252 742 580 301 486 170 431 338 270 92 588 780 920 839 483 759 536 576 724 878 613 510 1024 729 639 382 926 159
860 69 743 732 1096 410 553 365 505 72 615 870 699 850 430 659 889 704 0 1115 222 438 723 887 760 460 339 422 693 725 138 558 832 277 965 736 640 143 775 350 1103 70 944 431 639 501 625 59 728 732 372 266 436 598 554 583 393 326 886 681 534 675 717 602 751 275 722 995 500 751 779 899 1115 712 751 652 623 900 792 638 240 231 544 520 676 1030 659 1078 773 934 788 657 657 760 612 819 799 743 243 137 350 800 747 725 1120 233 86 674 885 828 386 1047 434 350 1107 629 898 414 656 460 842 805 796 708 800 585 295 326 1038 82 643 548 871 630 722 942 799 791 620 536 757 29 541 573 378 221 330 827 905 626 207 772 36 673 794 431 966 545 691 1083 903 502 609 1039 609 551 618 774 972 152 807 1091 567 736 263 31 820 515 850 871 659 495 785 729 816 608 883 701 627 930 814 589 738 821 702 930 544 418 593 469 905 396 882 605 433 99 46 806 1070 838 448 806 533 308 753 610 691 991 707 424 654 801 158 519 569 835 532 698 277 766 923 1023 806 429 545
735 1133 834 415 26 905 652 761 653 1078 515 247 704 668 749 718 561 772 1115 0 921 977 601 415 443 832 811 718 635 390 978 906 397 997 162 444 868 981 342 787 75 1115 211 736 762 860 562 1127 818 407 854 902 679 534 623 792 869 791 495 873 715 520 504 799 438 869 956 161 909 780 721 805 27 713 415 841 804 282 502 551 949 906 774 776 440 87 716 67 859 238 327 878 921 792 734 381 409 377 1060 1168 985 791 450 904 35 918 1032 523 335 907 757 152 761 850 29 486 240 752 870 655 543 749 562 631 878 635 1023 796 135 1182 625 876 471 737 396 255 353 925 638 590 583 1131 626 895 738 1084 791 939 225 725 923 444 1114 790 390 687 163 681 841 71 229 857 597 251 589 577 759 765 358 1036 353 193 557 389 906 1141 448 602 323 617 607 742 540 578 670 612 289 515 706 202 303 536 736 802 640 186 872 730 810 977 303 719 553 756 839 1187 1104 523 46 277 744 327 805 838 449 588 685 185 549 1000 668 332 1048 601 561 346 839 438 840 787 237 134 396 1004 819
648 217 717 522 900 224 331 160 379 226 409 682 482 632 339 596 666 495 222 921 0 481 501 666 616 252 253 207 605 536 101 375 686 339 765 520 629 159 590 242 918 260 768 331 428 304 495 262 526 524 160 242 255 437 431 544 377 182 663 671 456 541 586 395 534 54 735 816 318 709 565 693 923 497 538 454 590 688 671 418 63 188 331 470 481 834 443 878 753 725 599 466 664 721 552 603 582 562 350 246 204 594 602 722 922 14 166 454 730 818 275 840 212 133 910 443 720 192 646 283 620 752 573 486 605 479 372 129 858 304 544 543 649 415 525 775 589 789 523 376 535 227 415 386 191 346 134 826 703 410 27 553 207 636 579 236 766 322 669 882 701 304 490 878 487 345 405 728 828 250 642 921 364 534 244 239 686 342 686 650 436 422 563 625 599 497 716 570 409 748 628 386 683 615 481 738 537 200 388 509 691 212 660 391 225 318 235 583 877 646 225 602 325 87 534 389 473 784 590 478 573 597 267 351 410 675 511 531 102 726 750 819 589 484 340
1042 505 327 718 966 696 674 477 348 366 615 743 875 1005 264 306 994 914 438 977 481 0 845 922 539 701 273 530 377 632 408 840 599 161 867 755 220 344 658 303 937 377 769 282 846 761 416 394 957 708 616 240 445 469 361 213 134 365 961 257 262 456 478 828 771 492 284 823 787 352 962 1104 966 893 752 897 233 863 514 704 542 292 754 202 615 907 841 965 350 880 681 918 223 355 268 823 815 620 203 574 684 1011 529 294 995 495 384 732 663 397 303 969 611 584 981 556 737 569 234 445 940 412 902 846 1046 341 145 450 861 434 361 139 934 823 658 741 769 357 343 435 872 467 364 849 441 232 448 392 822 812 454 805 470 280 794 476 870 688 276 972 825 760 379 811 387 572 822 378 712 287 624 880 569 688 237 468 562 457 657 1001 775 237 879 432 974 364 692 465 802 774 692 586 357 1034 844 804 138 544 825 30 883 439 984 808 675 422 393 892 932 730 613 752 762 503 783 697 858 921 441 25 334 748 280 445 451 635 152 549 416 364 744 932 815 27 782
212 707 921 243 575 366 178 392 532 723 264 451 103 161 589 766 165 173 723 601 501 845 0 209 579 292 576 329 717 374 597 316 617 764 447 187 881 638 415 545 636 759 560 570 164 291 560 763 223 260 359 641 400 455 554 776 711 493 171 912 656 569 601 205 182 450 999 581 334 884 150 287 617 114 217 239 816 319 680 151 491 609 208 712 330 522 117 538 959 363 399 276 935 900 744 222 195 422 803 712 456 222 571 963 584 490 663 139 614 1027 542 465 289 376 578 364 518 314 893 402 120 896 73 30 300 611 799 430 612 805 659 828 168 143 327 604 272 1018 652 447 34 725 540 302 413 811 429 1049 393 134 519 162 704 840 221 370 445 179 892 537 385 288 588 699 578 281 165 888 720 725 526 702 293 301 646 737 654 406 554 157 70 651 73 693 134 608 562 594 120 523 428 285 840 241 39 474 821 323 218 864 299 409 158 167 312 819 736 96 569 410 276 314 235 419 166 149 84 419 641 856 715 311 742 424 452 562 783 464 480 900 559 468 208 862 241
321 881 924 208 389 567 337 528 578 874 309 333 304 254 658 773 152 367 887 415 666 922 209 0 530 491 674 467 707 329 752 525 543 873 279 168 908 781 343 643 463 911 430 640 372 498 561 918 408 221 545 754 496 470 582 807 790 609 84 931 693 552 571 414 151 612 1022 434 542 879 307 395 434 309 172 442 839 150 631 249 669 733 413 756 318 346 325 348 959 186 318 477 964 894 763 107 107 367 923 895 655 376 526 978 392 657 817 213 520 1024 629 268 461 554 388 373 400 473 917 487 128 876 152 238 463 629 907 568 456 966 661 874 56 352 286 484 177 1024 660 489 182 893 573 511 532 936 566 1050 243 343 679 120 873 851 133 480 275 353 906 346 234 495 597 563 586 360 374 877 613 860 451 549 357 252 759 905 591 465 464 205 246 699 137 669 255 618 459 570 328 390 336 338 832 387 248 330 867 469 427 935 119 521 142 376 507 977 892 115 390 302 445 215 442 579 142 276 289 230 619 938 718 215 876 477 479 479 829 433 620 893 437 281 110 944 449
787 796 412 345 435 702 497 470 255 707 330 235 665 726 341 279 660 731 760 443 616 539 579 530 0 651 423 460 199 209 636 777 72 582 360 403 429 616 187 410 398 741 232 334 684 703 137 755 785 327 623 509 366 181 209 349 443 443 601 439 279 88 61 698 414 576 527 285 752 362 729 864 429 681 379 765 363 410 101 440 665 530 639 337 249 382 651 440 444 406 212 800 484 377 291 425 435 164 648 848 756 801 13 477 464 619 674 441 129 503 374 465 545 604 450 229 206 514 433 338 612 350 595 599 872 201 603 489 322 811 181 433 568 654 256 202 353 511 196 240 587 782 219 774 428 675 484 532 335 639 606 448 769 355 403 396 364 529 409 449 341 700 165 284 160 354 668 355 213 648 95 346 330 288 513 790 79 280 119 696 534 311 566 147 707 176 154 73 620 243 202 323 315 821 604 286 428 480 704 536 440 407 649 657 642 811 736 565 400 243 533 315 665 554 432 462 642 428 108 562 227 314 656 267 207 97 397 117 515 373 206 423 427 566 686
400 430 876 419 808 76 181 234 483 477 342 625 243 394 493 733 449 244 460 832 252 701 292 491 651 0 435 205 714 495 354 143 711 577 670 389 807 410 552 410 849 508 729 477 179 61 568 508 273 429 92 464 317 476 527 708 578 341 463 845 596 601 645 143 397 218 921 766 102 855 320 441 842 254 417 202 753 562 734 281 219 417 87 633 435 746 203 777 915 605 548 218 851 869 697 463 436 537 598 426 164 342 639 898 823 238 418 310 735 983 428 718 109 122 814 428 681 149 822 339 411 885 365 269 354 586 612 252 805 542 650 731 458 173 464 755 479 962 634 431 326 455 509 149 281 597 255 997 608 172 277 402 434 791 447 278 669 151 835 779 603 60 581 860 574 299 158 867 843 502 639 885 324 456 468 467 730 383 680 421 245 574 364 714 361 595 701 631 177 699 581 337 819 363 261 669 724 184 135 726 553 294 444 146 27 559 482 386 793 583 119 508 73 199 390 244 239 665 667 704 695 503 519 401 456 677 691 540 285 872 718 710 447 710 87
769 383 465 479 794 442 402 204 169 283 365 563 602 733 93 345 729 640 339 811 253 273 576 674 423 435 0 256 363 427 229 577 495 200 674 506 380 195 469 31 788 317 622 92 572 496 287 332 684 473 356 91 179 276 215 291 144 94 702 421 207 337 379 557 522 243 491 676 528 456 688 831 806 619 509 626 337 639 454 441 316 107 482 216 392 730 567 783 501 665 487 649 420 468 300 582 570 433 256 442 449 738 410 473 820 264 253 471 550 566 53 768 339 325 807 336 580 297 397 186 676 500 635 574 774 247 233 182 718 387 308 299 678 550 439 613 539 540 285 220 604 362 204 584 167 275 179 576 619 538 232 554 352 383 553 205 676 415 417 789 620 495 269 706 270 314 549 475 634 227 479 762 316 463 95 370 481 219 521 733 505 171 614 393 702 269 556 362 528 615 507 336 431 760 572 625 292 270 554 296 654 166 720 534 411 388 313 629 764 538 340 533 492 244 531 429 585 715 368 281 327 528 238 214 250 504 262 376 161 473 600 737 572 288 513
513 424 674 314 696 244 151 62 278 406 202 484 345 481 296 529 491 384 422 718 207 530 329 467 460 205 256 0 509 340 285 346 525 435 560 314 610 315 396 227 719 444 577 279 317 265 366 451 429 317 162 313 112 280 321 508 399 167 476 646 394 402 447 305 328 153 726 621 307 651 432 574 721 363 330 377 553 481 536 218 231 279 231 435 282 630 311 672 713 517 401 403 657 665 493 397 377 373 473 452 296 481 447 700 716 202 349 254 558 781 235 632 95 145 705 254 528 56 624 134 440 680 396 323 520 381 470 102 663 499 445 539 457 293 323 592 381 762 428 230 360 431 304 349 89 482 100 797 497 282 215 351 411 589 372 72 560 159 635 676 494 263 377 697 369 140 294 663 663 398 465 733 162 328 317 442 538 182 508 486 259 374 379 511 449 390 534 433 272 554 432 182 614 504 321 538 532 20 305 552 484 94 482 279 189 510 424 397 674 445 90 395 246 121 331 194 329 576 465 538 489 390 415 199 257 501 497 357 154 668 561 612 384 544 268
929 744 218 506 630 748 595 493 233 629 453 433 787 874 270 82 823 847 693 635 605 377 717 707 199 714 363 509 0 377 592 853 238 463 559 561 232 554 373 364 584 657 424 275 791 773 157 674 899 490 661 427 397 262 187 166 317 423 770 240 159 154 142 794 574 579 328 475 816 172 862 1004 619 805 543 865 169 600 140 567 664 466 725 187 397 580 766 638 252 601 400 897 286 187 109 599 605 343 528 805 782 929 196 279 659 613 612 578 303 317 330 664 604 636 645 353 404 565 235 374 772 179 747 731 991 129 474 497 508 727 64 251 738 761 421 384 531 318 82 287 731 719 204 854 445 558 491 343 531 747 588 610 712 156 574 436 563 623 210 646 537 771 134 441 143 450 771 172 336 557 294 512 432 455 430 725 193 335 314 851 660 198 719 58 850 118 346 139 730 440 396 434 125 951 734 485 248 530 797 367 628 427 812 758 698 723 660 723 594 438 596 498 747 567 591 580 765 626 92 402 43 496 561 316 270 291 224 274 503 186 398 622 599 404 769
579 744 595 136 372 559 322 375 285 688 153 146 465 517 378 445 452 534 725 390 536 632 374 329 209 495 427 340 377 0 588 605 242 622 247 194 585 590 57 401 381 725 237 363 494 539 237 737 587 118 492 517 288 162 272 487 508 400 395 605 381 223 243 514 205 486 696 281 590 550 524 656 390 481 171 576 516 233 310 245 570 517 464 446 60 306 456 356 630 247 63 613 642 565 439 222 229 47 682 782 628 597 202 651 396 534 641 238 247 694 374 343 403 482 383 95 188 384 593 264 403 548 387 396 671 309 651 408 323 791 333 561 363 463 47 259 153 695 335 207 379 741 268 599 349 703 403 721 193 448 536 239 724 524 197 300 249 354 579 363 195 536 274 364 264 203 480 547 356 648 154 394 179 79 522 751 280 212 188 487 336 396 357 340 499 294 206 240 429 213 92 161 503 616 401 204 555 356 522 639 257 329 441 471 494 797 713 356 345 113 387 124 493 456 223 273 442 291 289 651 390 121 661 213 183 191 518 103 450 563 224 310 222 656 512
749 160 675 594 959 321 422 227 385 126 476 733 583 732 322 570 762 596 138 978 101 408 597 752 636 354 229 285 592 588 0 473 708 254 827 599 580 66 639 231 968 162 811 319 529 404 505 166 627 594 262 182 299 467 435 506 324 194 755 622 435 554 598 497 614 146 677 861 415 675 666 794 978 597 613 555 549 761 678 503 147 132 432 435 538 893 543 940 709 795 651 565 608 685 524 682 662 608 255 214 286 695 622 671 982 115 66 539 758 770 268 908 308 234 969 493 764 283 596 324 714 723 668 584 706 474 284 187 903 214 537 490 739 516 584 811 660 738 514 405 630 152 422 485 240 248 191 775 766 510 78 636 136 598 656 293 828 417 625 945 765 404 493 910 492 413 507 696 849 152 676 960 428 598 183 163 701 380 720 748 530 398 656 621 698 496 752 581 508 795 678 451 654 717 578 793 484 283 489 438 767 258 755 493 326 225 140 675 933 701 320 668 427 177 616 476 573 852 593 401 556 663 168 386 439 706 463 566 139 691 790 884 668 407 441
338 515 1020 507 881 152 283 378 625 588 455 722 226 356 637 876 441 186 558 906 375 840 316 525 777 143 577 346 853 605 473 0 833 711 747 465 951 535 659 553 933 616 830 621 153 82 705 612 185 520 224 602 458 608 667 852 720 484 476 989 740 734 777 110 469 350 1065 861 58 998 272 356 919 228 496 109 897 626 865 368 327 552 141 777 547 823 199 846 1058 670 651 100 995 1012 840 526 498 650 725 493 212 262 766 1042 892 360 532 389 851 1127 572 778 251 256 885 550 783 292 966 479 418 1027 378 286 243 727 745 395 897 638 790 875 480 173 567 862 558 1106 774 568 343 548 650 17 425 721 398 1141 687 183 402 462 528 935 516 419 745 251 979 846 681 84 720 965 712 423 150 1010 960 625 756 982 447 553 605 559 857 520 793 398 299 718 388 851 328 735 811 764 200 797 684 455 961 278 276 758 868 326 98 867 610 437 440 151 166 656 588 410 871 679 257 594 112 337 457 334 237 728 802 842 836 589 641 538 590 793 835 663 424 1014 822 777 510 848 92
819 869 439 375 393 765 551 539 327 779 380 222 707 756 412 321 682 775 832 397 686 599 617 543 72 711 495 525 238 242 708 833 0 651 339 434 471 689 205 482 345 812 187 405 732 761 208 827 829 358 688 580 435 250 281 400 510 515 619 475 343 158 123 750 443 646 559 236 811 386 766 897 381 723 407 814 407 411 106 485 734 602 693 397 292 347 696 404 467 399 227 850 524 399 341 442 457 194 717 920 822 839 85 507 422 690 746 481 65 520 446 441 608 670 408 284 175 578 472 407 637 362 625 638 914 267 670 559 269 883 237 485 587 702 289 145 371 534 255 310 621 854 291 829 498 744 554 551 326 687 678 474 842 392 424 464 343 583 443 413 334 758 233 216 230 412 717 374 141 719 93 281 387 317 584 862 53 348 86 722 577 377 595 181 739 242 111 138 668 208 207 377 341 858 644 262 481 545 756 594 443 476 671 707 704 883 808 592 357 243 594 329 721 623 461 510 684 411 158 623 274 329 727 336 277 66 452 171 586 394 162 398 447 626 741
946 344 472 680 983 561 586 374 344 205 566 752 777 916 248 410 922 806 277 997 339 161 764 873 582 577 200 435 463 622 254 711 651 0 868 706 366 188 659 230 968 219 800 261 737 635 446 236 845 674 487 122 377 464 377 324 145 270 899 406 312 494 528 714 723 360 444 854 655 486 864 1002 990 794 710 779 358 839 585 636 396 161 642 276 591 920 740 974 499 863 679 796 380 493 364 782 770 622 66 413 538 906 571 449 1010 353 224 668 712 552 249 965 501 456 996 533 761 462 382 387 869 543 827 759 930 384 35 340 895 281 426 276 875 718 637 782 740 514 405 414 794 306 372 721 351 95 339 550 815 709 311 753 308 409 754 397 870 593 419 981 817 634 417 867 422 512 714 511 780 125 653 929 516 662 117 307 624 419 692 921 693 275 808 510 884 409 728 512 702 797 697 536 480 928 756 814 272 444 709 192 854 356 913 699 551 272 233 824 951 731 506 732 645 378 731 621 762 912 502 150 420 727 119 412 440 673 266 559 296 500 776 932 772 155 663
600 979 772 253 138 743 490 606 527 932 357 126 551 532 622 638 431 620 965 162 765 867 447 279 360 670 674 560 559 247 827 747 339 868 0 283 787 834 209 649 189 970 173 607 605 698 454 981 668 245 692 765 529 404 505 700 749 644 363 799 608 421 417 640 278 713 887 160 748 720 576 674 172 561 253 685 719 131 443 389 790 764 613 671 289 76 559 112 802 93 188 723 843 734 645 225 252 247 929 1011 823 648 363 837 156 762 883 361 292 858 621 105 599 689 146 340 164 592 792 507 404 701 416 477 734 530 896 642 177 1034 533 780 334 579 243 231 191 869 542 454 432 979 505 736 587 950 637 888 63 566 769 286 962 715 230 534 4 518 769 117 67 695 492 291 482 420 600 710 361 895 264 269 401 231 770 990 392 458 252 484 447 629 391 507 529 509 230 424 547 137 174 379 674 661 485 77 775 571 651 871 160 568 422 597 677 1041 956 376 123 137 582 165 644 681 290 425 531 74 467 887 584 170 908 460 428 274 740 318 688 730 189 65 239 892 659
385 737 774 58 419 463 211 372 413 717 141 266 286 322 491 620 262 356 736 444 520 755 187 168 403 389 506 314 561 194 599 465 434 706 283 0 750 622 230 476 468 755 376 472 330 415 408 763 408 76 421 588 330 310 421 647 622 445 212 775 531 407 433 361 16 466 865 400 465 733 334 462 455 299 31 412 682 174 505 109 533 570 330 592 163 359 286 387 811 216 212 450 806 748 606 82 64 241 757 760 547 408 396 824 434 513 662 78 428 877 461 331 330 423 425 213 332 332 760 319 211 736 192 212 487 471 740 412 434 813 509 710 182 301 147 417 93 874 506 323 187 745 410 455 370 772 409 902 222 288 530 51 726 698 59 317 281 238 752 389 216 412 442 514 431 195 322 733 533 698 342 522 190 116 593 757 474 297 368 292 168 534 162 529 305 462 375 429 268 339 241 170 686 426 219 295 704 320 371 768 171 358 251 317 398 823 737 162 406 224 313 131 361 433 30 145 263 276 477 770 566 127 714 310 316 376 666 293 463 747 373 320 69 776 376
1091 703 107 701 862 821 732 572 350 568 623 661 935 1043 314 150 1009 985 640 868 629 220 881 908 429 807 380 610 232 585 580 951 471 366 787 750 0 523 592 400 815 585 656 330 922 869 348 602 1034 687 734 397 503 439 330 105 256 470 963 41 225 369 370 915 765 624 118 707 904 137 1017 1161 852 953 738 986 69 816 368 731 693 449 841 175 590 811 906 870 133 822 619 1013 56 138 146 802 802 558 419 771 830 1076 425 92 892 642 573 750 534 190 379 893 703 704 877 537 636 660 16 490 955 197 924 889 1126 279 360 558 740 647 255 91 933 895 624 616 737 159 250 435 902 669 342 955 526 449 554 196 755 882 606 801 668 81 775 541 791 753 56 878 760 867 311 665 322 600 899 164 555 488 525 738 588 657 397 671 423 475 547 1028 817 236 897 289 1015 291 579 363 868 672 619 598 156 1099 890 715 96 628 914 195 843 515 998 885 785 637 597 906 827 661 700 710 856 624 780 734 914 852 321 243 202 707 485 457 435 523 118 485 542 146 631 852 798 242 878
799 190 621 611 963 383 460 253 362 97 492 734 632 779 287 525 802 650 143 981 159 344 638 781 616 410 195 315 554 590 66 535 689 188 834 622 523 0 639 206 965 135 804 288 582 464 481 146 683 609 318 129 305 457 410 454 268 190 790 565 395 531 574 552 638 195 617 856 477 624 717 848 979 647 634 612 497 778 649 532 211 88 485 387 545 897 593 946 654 810 653 625 548 633 477 704 686 605 190 253 351 750 603 613 987 174 58 568 742 713 242 920 353 289 974 495 759 323 539 327 752 675 707 627 764 442 218 212 898 200 501 432 772 567 592 800 676 680 479 396 670 167 398 546 253 186 215 716 775 560 133 663 158 547 677 307 836 459 570 952 775 463 465 896 465 430 559 646 828 91 665 949 443 609 128 174 676 378 708 792 569 356 693 587 745 465 742 557 557 792 678 465 606 771 622 795 426 316 546 374 786 268 794 545 383 206 123 712 935 704 364 680 482 221 642 509 620 865 563 336 515 675 108 381 428 693 408 557 160 640 783 894 692 342 498
614 797 591 172 325 616 377 430 317 736 209 95 510 551 413 447 477 580 775 342 590 658 415 343 187 552 469 396 373 57 639 659 205 659 209 230 592 639 0 445 328 773 180 398 543 594 249 785 633 155 549 560 340 195 296 499 539 449 416 609 400 223 232 566 238 541 699 225 645 544 565 692 339 525 202 626 523 226 287 295 626 563 518 465 117 261 504 314 625 230 26 663 649 558 447 239 252 37 721 836 685 638 184 652 351 589 691 285 199 687 416 311 460 539 338 147 131 440 599 315 432 536 420 439 715 324 687 462 267 840 337 576 383 513 92 204 168 692 343 248 417 792 295 653 402 743 457 715 165 498 589 269 776 526 219 354 212 409 581 321 169 591 287 308 277 260 530 539 306 693 112 337 236 114 565 802 249 260 139 516 383 420 390 329 535 306 152 234 478 157 38 218 496 656 445 156 571 413 574 662 255 382 466 522 550 845 762 387 296 72 444 128 547 512 256 325 487 264 282 678 392 127 706 259 220 146 535 110 503 556 167 275 243 683 566
739 389 480 450 771 421 371 177 155 298 335 540 572 702 97 354 698 611 350 787 242 303 545 643 410 410 31 227 364 401 231 553 482 230 649 476 400 206 445 0 766 334 602 89 544 472 275 348 656 444 334 116 148 255 204 307 172 70 671 439 213 325 368 529 492 226 512 655 505 468 658 801 783 590 479 599 353 611 446 409 304 121 455 231 365 706 538 758 517 637 462 623 441 480 310 552 539 409 284 445 433 708 396 492 796 252 264 440 535 583 36 741 312 304 783 309 559 269 416 156 645 510 604 543 746 243 264 158 697 403 306 321 647 521 412 595 510 558 284 197 573 372 191 560 138 303 155 594 593 509 223 523 360 396 523 174 650 385 434 764 594 470 262 690 261 283 521 485 622 248 460 745 286 434 121 380 471 192 503 702 474 180 583 390 671 264 537 351 499 593 484 306 441 731 542 601 314 242 527 325 624 136 688 506 387 405 327 598 741 514 312 505 465 224 501 398 554 688 361 312 331 500 260 188 227 487 282 355 145 485 580 711 542 318 486
784 1125 775 430 91 920 668 757 625 1062 519 235 740 717 719 666 613 809 1103 75 918 937 636 463 398 849 788 719 584 381 968 933 345 968 189 468 815 965 328 766 0 1098 168 708 794 881 525 1111 857 420 862 878 669 511 590 744 835 776 545 817 676 480 459 828 464 867 898 114 932 720 764 857 48 750 437 874 753 320 447 570 950 887 797 735 437 116 748 130 798 278 318 912 867 732 686 414 441 360 1032 1164 996 836 407 846 111 916 1018 545 280 844 734 214 770 856 102 475 207 758 816 643 590 686 604 666 922 596 992 790 75 1166 579 829 519 767 396 199 374 864 594 570 622 1120 595 923 730 1057 785 876 245 754 917 475 1104 736 418 681 192 698 785 137 252 878 559 178 552 579 788 705 289 1014 315 118 557 395 883 1130 392 587 279 668 634 705 580 525 716 572 244 471 735 173 290 536 678 849 675 181 825 733 838 935 346 710 604 784 853 1170 1088 565 73 273 753 341 828 837 477 606 720 234 501 960 619 346 1026 584 538 301 794 412 831 726 193 185 428 964 843
907 139 690 746 1097 465 584 383 486 38 627 868 742 892 403 616 924 753 70 1115 260 377 759 911 741 508 317 444 657 725 162 616 812 219 970 755 585 135 773 334 1098 0 936 407 686 554 604 17 780 744 418 233 440 588 531 536 347 325 917 626 499 654 694 652 770 308 662 988 557 702 825 950 1113 757 768 705 573 913 765 662 290 212 590 477 680 1032 703 1081 719 945 788 712 599 709 569 837 819 739 177 206 411 850 728 668 1122 273 95 698 868 771 368 1056 470 392 1109 630 891 445 601 462 876 757 830 745 855 557 231 343 1030 70 611 494 900 675 727 929 811 733 588 528 792 97 521 629 388 153 346 769 911 670 239 794 107 624 811 442 971 579 637 1087 910 554 583 1023 585 565 664 726 950 100 795 1079 578 744 230 93 796 513 837 910 692 460 817 697 859 580 871 677 669 925 812 600 692 871 740 929 490 443 643 407 921 404 917 651 481 71 27 837 1069 839 482 815 582 339 774 637 733 1000 679 361 616 810 100 514 560 821 481 688 291 717 914 1029 825 365 595
