91
0 775 255 708 639 1101 488 649 1013 323 269 360 799 847 1007 696 543 873 366 617 1126 322 744 571 767 422 872 1122 505 1061 871 670 836 779 811 363 605 401 683 663 692 1102 520 305 913 647 179 870 1045 733 324 715 712 77 104 626 1055 971 652 210 429 845 575 499 214 159 375 674 512 163 500 930 708 676 922 690 472 647 542 596 393 670 576 724 204 355 415 749 544 1161 168
775 0 520 74 344 455 289 467 581 454 758 689 417 356 234 386 247 295 491 254 402 558 307 244 642 420 407 425 342 370 504 664 120 697 744 619 733 447 111 195 100 347 255 757 789 376 642 384 375 250 578 595 425 751 675 168 327 256 173 701 693 386 247 481 568 670 703 357 389 619 519 747 523 128 533 339 304 160 365 230 384 216 271 113 620 670 392 402 447 423 637
255 520 0 453 431 861 236 463 810 69 317 323 588 630 751 498 290 634 183 375 876 208 514 323 622 219 663 875 283 814 685 551 586 650 691 276 529 211 428 414 437 848 265 336 786 435 163 656 801 503 209 563 524 236 156 372 803 720 405 235 376 623 335 324 72 173 343 456 298 102 343 786 534 422 722 480 217 393 336 354 139 426 342 474 156 306 177 551 355 909 135
708 74 453 0 338 474 229 407 561 386 684 615 378 391 298 391 173 284 417 185 443 509 263 171 587 374 443 458 304 399 531 601 183 641 689 545 665 400 39 131 28 400 187 683 740 315 582 421 398 268 504 538 432 681 607 94 368 289 155 628 619 357 214 409 504 599 629 300 316 550 448 702 466 58 504 344 236 88 338 201 315 155 243 128 562 596 319 416 377 470 567
639 344 431 338 0 800 263 673 896 399 745 727 698 208 539 72 353 623 528 456 738 331 584 397 864 219 233 766 149 714 259 843 308 912 959 664 871 238 356 433 353 667 305 760 1030 593 465 230 720 126 601 807 109 651 566 355 664 599 182 666 762 689 155 606 434 604 746 591 520 526 643 1003 746 370 832 51 317 374 97 153 364 460 124 231 439 708 430 122 600 751 566
1101 455 861 474 800 0 681 518 288 793 978 872 349 776 330 840 582 227 743 486 151 969 360 541 573 841 824 94 778 99 931 664 523 623 653 815 776 866 473 450 471 241 625 961 634 472 1016 799 80 700 811 567 877 1052 996 511 176 206 623 955 839 284 688 640 927 958 876 442 595 938 662 569 509 469 325 793 665 487 812 675 727 436 717 568 999 859 688 849 589 192 937
488 289 236 229 263 681 0 423 700 176 516 477 483 429 523 335 114 466 272 231 669 287 380 164 612 165 470 678 135 618 520 582 350 657 704 411 607 188 214 239 219 629 60 524 780 354 354 458 612 291 352 553 371 471 392 170 594 514 174 445 505 494 119 343 278 399 495 359 260 337 380 761 498 214 623 301 53 194 198 134 116 261 142 239 333 458 168 382 340 698 363
649 467 463 407 673 518 423 0 365 412 472 360 170 788 598 742 320 321 289 227 602 646 192 277 190 570 837 574 559 519 912 197 587 240 287 311 282 584 369 275 378 628 371 450 357 91 625 818 492 652 327 134 782 585 552 336 553 483 517 466 321 233 518 149 535 491 362 113 174 502 154 339 75 350 273 701 374 326 621 521 377 252 549 527 620 349 302 782 108 648 482
1013 581 810 561 896 288 700 365 0 750 831 715 223 936 561 953 586 287 649 469 434 969 321 536 330 865 988 381 826 359 1085 440 685 369 388 674 556 885 540 469 543 511 639 805 352 374 974 964 325 827 693 348 993 950 914 548 433 413 714 831 665 208 754 514 882 856 713 355 512 862 519 285 318 526 91 906 664 526 877 748 699 444 786 685 964 707 636 977 468 479 845
323 454 69 386 399 793 176 412 750 0 348 331 527 589 684 469 220 566 152 307 806 237 448 253 580 204 626 806 249 744 658 519 525 613 656 273 511 205 360 345 369 779 198 361 747 375 226 617 732 457 207 521 498 297 221 304 734 651 349 272 374 559 285 282 135 223 350 395 241 164 307 743 485 353 663 446 150 324 309 303 70 357 297 415 214 312 114 521 306 840 187
269 758 317 684 745 978 516 472 831 348 0 116 641 938 967 814 512 760 267 535 1037 498 621 517 541 536 974 1021 595 961 1002 433 850 541 566 163 348 527 649 594 660 1037 517 36 669 506 379 965 939 804 181 498 840 193 235 590 975 894 689 84 178 699 631 337 340 159 123 536 397 239 319 697 513 636 740 793 475 603 652 648 399 590 645 746 395 124 367 867 389 1079 192
360 689 323 615 727 872 477 360 715 331 116 0 530 906 885 798 449 659 207 450 940 526 520 444 425 534 947 919 578 861 987 319 790 428 455 70 245 531 578 511 589 946 465 90 558 402 430 935 837 768 126 381 829 283 297 521 880 801 643 149 69 590 597 235 369 215 19 433 308 278 210 583 397 563 625 772 429 529 639 612 364 504 616 692 439 19 313 849 285 983 234
799 417 588 378 698 349 483 170 223 527 641 530 0 768 483 759 369 179 433 252 447 746 114 318 253 646 820 412 613 362 909 324 534 310 351 478 430 665 348 264 354 487 423 620 377 153 752 798 332 645 486 229 800 741 698 343 408 348 521 629 491 68 548 308 660 646 532 132 291 644 321 330 162 332 140 714 444 323 667 545 476 237 581 507 742 518 413 790 258 494 631
847 356 630 391 208 776 429 788 936 589 938 906 768 0 465 165 485 649 701 560 679 538 655 516 974 425 51 720 348 680 154 974 256 1027 1074 840 1020 445 425 517 417 592 450 949 1131 699 673 30 696 140 781 921 173 856 771 451 614 570 275 861 933 742 309 753 640 804 924 688 660 729 792 1094 853 443 889 157 478 462 304 295 543 544 292 263 647 887 596 126 735 680 766
1007 234 751 298 539 330 523 598 561 684 967 885 483 465 0 561 468 306 701 434 214 790 406 451 736 651 509 259 570 230 618 790 232 793 834 816 880 678 325 373 315 128 486 961 853 514 877 484 255 420 785 704 593 979 905 384 155 148 395 917 876 425 475 658 802 894 896 486 576 848 692 797 631 335 550 518 534 367 582 456 613 380 495 321 855 867 610 557 614 216 863
696 386 498 391 72 840 335 742 953 469 814 798 759 165 561 0 422 674 600 522 766 379 645 465 933 281 178 799 219 750 188 914 329 981 1029 736 943 297 413 495 409 689 375 829 1097 661 519 180 759 141 672 876 40 712 628 418 694 635 239 733 834 747 224 678 496 670 817 657 591 591 715 1069 814 428 892 47 389 436 162 220 436 523 195 273 493 779 502 53 671 776 632
543 247 290 173 353 582 114 320 586 220 512 449 369 485 468 422 0 360 246 117 586 392 266 50 511 279 532 588 245 527 597 494 341 559 606 379 535 300 142 132 152 559 54 512 677 244 435 515 516 345 333 454 461 511 440 84 514 430 209 454 461 380 197 268 349 426 464 247 175 382 307 654 393 133 509 382 84 103 304 202 150 150 228 245 418 430 145 463 252 619 395
873 295 634 284 623 227 466 321 287 566 760 659 179 649 306 674 360 0 517 259 282 751 139 316 433 629 700 260 574 201 798 498 398 489 530 598 599 653 271 228 272 309 407 745 546 257 790 676 178 544 588 406 714 825 769 297 233 169 440 732 633 118 492 424 701 731 665 226 369 711 450 492 336 262 252 627 444 273 617 482 501 210 523 403 775 644 460 695 373 327 709
366 491 183 417 528 743 272 289 649 152 267 207 433 701 701 600 246 517 0 273 784 385 382 250 439 353 743 773 382 712 788 369 587 467 508 139 359 356 382 330 393 776 258 265 603 281 339 730 693 562 87 381 633 310 265 323 718 636 436 219 234 479 392 143 252 215 223 308 148 212 160 604 356 369 558 570 223 335 446 406 163 329 412 486 336 187 106 650 182 824 198
617 254 375 185 456 486 231 227 469 307 535 450 252 560 434 522 117 259 273 0 513 504 150 67 415 395 610 506 361 444 686 418 369 467 514 382 480 416 146 61 156 503 171 527 576 140 532 590 428 425 354 361 562 573 512 108 445 362 290 492 445 264 302 229 442 481 461 135 142 454 266 547 294 127 392 479 196 100 417 302 243 56 335 300 517 432 202 558 193 551 456
1126 402 876 443 738 151 669 602 434 806 1037 940 447 679 214 766 586 282 784 513 0 953 420 554 691 817 724 57 743 85 832 771 438 744 778 877 877 844 455 463 450 98 620 1024 771 539 1019 699 117 624 861 675 801 1086 1022 506 75 156 575 1003 915 379 649 704 936 994 946 508 641 963 731 707 610 457 457 722 665 483 767 633 737 457 674 509 1000 924 712 767 654 47 969
322 558 208 509 331 969 287 646 969 237 498 526 746 538 790 379 392 751 385 504 953 0 654 439 818 139 557 964 225 905 549 755 583 851 893 484 737 112 499 523 504 905 344 524 985 600 143 558 899 442 418 758 392 353 275 457 877 798 398 414 583 768 316 519 159 339 546 615 473 259 544 980 720 501 885 381 308 482 239 336 271 543 303 474 118 511 343 431 542 978 306
744 307 514 263 584 360 380 192 321 448 621 520 114 655 406 645 266 139 382 150 420 654 0 216 340 545 706 399 505 341 794 383 426 397 442 458 474 566 233 151 240 437 319 605 482 118 675 684 317 531 450 300 686 693 640 230 365 291 406 594 495 114 436 284 584 598 526 87 234 583 311 440 226 217 249 599 346 210 557 432 390 124 469 392 662 505 337 675 234 464 578
571 244 323 171 397 541 164 277 536 253 517 444 318 516 451 465 50 316 250 67 554 439 216 0 468 328 565 552 295 491 635 458 350 517 565 374 507 349 133 91 144 534 104 513 632 197 474 546 478 378 336 411 504 534 467 77 483 400 241 466 449 331 242 243 386 445 458 198 149 409 283 607 349 119 459 423 130 85 352 244 186 105 274 265 458 425 160 504 219 589 417
767 642 622 587 864 573 612 190 330 580 541 425 253 974 736 933 511 433 439 415 691 818 340 468 0 754 1024 649 748 606 1101 114 762 57 102 404 228 766 551 457 560 738 561 510 168 275 778 1004 573 840 446 60 972 695 681 523 658 602 706 564 364 317 709 299 691 609 418 286 356 639 279 165 121 532 255 891 562 512 810 712 556 431 740 712 776 423 479 972 278 738 609
422 420 219 374 219 841 165 570 865 204 536 534 646 425 651 281 279 629 353 395 817 139 545 328 754 0 453 832 87 772 467 708 444 793 838 478 711 27 368 404 371 767 226 555 922 510 252 448 769 313 411 694 305 432 347 332 742 664 259 454 578 659 177 464 215 389 553 519 398 309 496 909 645 372 786 269 202 356 121 197 199 426 165 335 227 516 277 335 475 842 351
872 407 663 443 233 824 470 837 988 626 974 947 820 51 509 178 532 700 743 610 724 557 706 565 1024 453 0 766 380 728 108 1023 306 1077 1124 881 1067 471 476 568 468 634 495 987 1182 749 696 25 744 186 821 971 174 885 800 501 660 618 323 896 976 793 351 799 668 836 965 739 707 760 838 1145 903 494 941 183 521 512 331 338 582 595 331 314 670 928 639 128 783 722 799
1122 425 875 458 766 94 678 574 381 806 1021 919 412 720 259 799 588 260 773 506 57 964 399 552 649 832 766 0 761 61 874 735 473 702 734 858 843 858 465 461 460 153 626 1005 722 517 1024 741 82 657 847 638 835 1079 1018 511 106 169 597 990 891 344 669 684 938 986 925 486 628 959 709 658 575 464 409 754 670 488 789 653 738 451 695 535 1006 905 707 803 634 98 962
505 342 283 304 149 778 135 559 826 249 595 578 613 348 570 219 245 574 382 361 743 225 505 295 748 87 380 761 0 704 408 715 358 792 839 517 733 114 305 357 307 688 191 610 916 489 339 373 703 228 453 689 250 509 424 279 668 592 175 516 615 617 94 473 293 456 597 493 394 381 508 897 634 312 752 197 186 303 64 113 219 382 77 250 314 559 290 272 474 766 419
1061 370 814 399 714 99 618 519 359 744 961 861 362 680 230 750 527 201 712 444 85 905 341 491 606 772 728 61 704 0 835 686 428 660 694 799 793 799 405 399 401 151 565 946 689 459 962 702 34 609 787 590 787 1017 956 450 78 115 542 930 834 294 612 626 876 925 867 428 567 897 652 627 525 404 375 704 608 426 734 597 676 390 639 482 944 846 646 757 575 132 900
871 504 685 531 259 931 520 912 1085 658 1002 987 909 154 618 188 597 798 788 686 832 549 794 635 1101 467 108 874 408 835 0 1091 409 1152 1200 924 1126 480 560 650 554 743 554 1018 1262 826 692 133 850 263 861 1046 162 893 810 578 768 724 395 921 1022 887 404 859 678 856 1006 819 770 776 897 1229 981 578 1034 218 573 592 350 395 624 677 378 402 667 968 688 137 849 831 818
670 664 551 601 843 664 582 197 440 519 433 319 324 974 790 914 494 498 369 418 771 755 383 458 114 708 1023 735 715 686 1091 0 783 109 142 308 116 716 562 470 573 808 539 401 242 288 699 1005 655 836 359 97 952 596 591 524 731 666 700 463 254 391 690 243 617 514 309 310 323 554 212 263 162 543 359 876 529 518 779 696 508 448 719 718 700 319 431 957 243 818 520
836 120 586 183 308 523 350 587 685 525 850 790 534 256 232 329 341 398 587 369 438 583 426 350 762 444 306 473 358 428 409 783 0 817 864 720 849 471 223 313 212 360 334 852 908 495 687 281 442 187 674 715 363 822 742 273 367 316 186 787 799 499 268 592 623 747 805 477 498 688 631 865 643 241 645 286 379 271 359 247 460 335 280 112 663 771 482 329 561 446 712
779 697 650 641 912 623 657 240 369 613 541 428 310 1027 793 981 559 489 467 467 744 851 397 517 57 793 1077 702 792 660 1152 109 817 0 47 416 207 804 605 511 614 794 608 508 136 327 802 1057 627 892 465 105 1020 705 698 575 714 658 757 572 362 373 757 332 718 622 418 341 398 659 307 155 175 586 301 940 605 565 855 761 594 486 787 765 802 428 517 1021 318 792 627
811 744 691 689 959 653 704 287 388 656 566 455 351 1074 834 1029 606 530 508 514 778 893 442 565 102 838 1124 734 839 694 1200 142 864 47 0 449 222 849 652 558 661 831 655 532 103 375 841 1104 661 940 501 153 1068 736 733 623 751 698 804 602 388 412 804 375 758 655 444 388 444 696 349 141 222 633 328 988 652 612 902 808 639 533 835 812 842 457 562 1069 364 826 662
363 619 276 545 664 815 411 311 674 273 163 70 478 840 816 736 379 598 139 382 877 484 458 374 404 478 881 858 517 799 924 308 720 416 449 0 258 477 508 443 519 880 396 147 551 342 402 869 776 701 67 354 768 290 284 450 816 736 575 160 100 536 530 174 331 206 85 373 240 252 156 567 357 493 582 708 362 459 579 545 300 436 550 623 408 51 245 786 225 919 213
605 733 529 665 871 776 607 282 556 511 348 245 430 1020 880 943 535 599 359 480 877 737 474 507 228 711 1067 843 733 793 1126 116 849 207 222 258 0 715 626 538 636 908 572 313 324 366 661 1050 763 880 321 212 979 528 538 580 833 764 745 394 175 498 722 267 588 457 230 393 360 510 229 360 268 607 475 908 554 579 797 732 516 519 748 773 666 251 443 989 288 924 470
401 447 211 400 238 866 188 584 885 205 527 531 665 445 678 297 300 653 356 416 844 112 566 349 766 27 471 858 114 799 480 716 471 804 849 477 715 0 394 427 397 794 248 547 934 527 229 468 795 337 410 706 318 415 331 356 768 690 286 444 578 680 204 473 199 376 550 537 411 296 504 923 660 397 806 289 221 381 140 224 209 449 191 362 203 513 287 350 487 869 339
683 111 428 39 356 473 214 369 540 360 649 578 348 425 325 413 142 271 382 146 455 499 233 133 551 368 476 465 305 405 560 562 223 605 652 508 626 394 0 93 11 420 165 647 706 278 564 454 400 297 469 500 454 653 581 59 381 300 174 595 581 333 220 370 483 569 591 264 277 523 408 670 430 18 478 367 212 48 346 211 289 119 251 161 545 559 286 441 338 485 538
663 195 414 131 433 450 239 275 469 345 594 511 264 517 373 495 132 228 330 61 463 523 151 91 457 404 568 461 357 399 650 470 313 511 558 443 538 427 93 0 103 447 179 587 613 184 565 547 386 387 413 406 536 623 558 79 393 310 258 548 507 261 285 290 478 533 523 170 203 500 327 579 336 75 400 450 216 59 407 281 278 27 318 254 549 494 249 527 253 499 506
692 100 437 28 353 471 219 378 543 369 660 589 354 417 315 409 152 272 393 156 450 504 240 144 560 371 468 460 307 401 554 573 212 614 661 519 636 397 11 103 0 412 173 658 714 287 571 446 397 290 479 510 450 663 590 69 375 294 171 605 592 338 220 381 491 578 602 273 288 532 419 677 439 29 483 362 220 60 345 210 298 128 251 153 551 570 296 436 349 478 547
1102 347 848 400 667 241 629 628 511 779 1037 946 487 592 128 689 559 309 776 503 98 905 437 534 738 767 634 153 688 151 743 808 360 794 831 880 908 794 420 447 412 0 585 1027 834 554 983 609 185 548 857 716 722 1068 999 475 80 146 515 995 928 421 594 712 903 979 955 524 640 940 743 773 646 425 521 647 633 455 706 576 709 447 615 444 962 929 694 686 665 87 951
520 255 265 187 305 625 60 371 639 198 517 465 423 450 486 375 54 407 258 171 620 344 319 104 561 226 495 626 191 565 554 539 334 608 655 396 572 248 165 179 173 585 0 520 728 297 399 480 557 310 344 503 414 495 420 114 546 464 179 452 485 433 151 305 318 416 481 301 216 363 343 706 445 162 563 337 48 138 251 159 129 200 180 229 380 446 152 419 295 650 382
305 757 336 683 760 961 524 450 805 361 36 90 620 949 961 829 512 745 265 527 1024 524 605 513 510 555 987 1005 610 946 1018 401 852 508 532 147 313 547 647 587 658 1027 520 0 635 489 409 977 923 814 178 469 857 228 266 588 963 883 695 111 146 680 641 321 365 187 92 520 387 265 299 664 487 633 714 807 480 599 668 657 407 582 656 750 423 101 369 882 372 1067 218
913 789 786 740 1030 634 780 357 352 747 669 558 377 1131 853 1097 677 546 603 576 771 985 482 632 168 922 1182 722 916 689 1262 242 908 136 103 551 324 934 706 613 714 834 728 635 0 437 938 1161 655 1000 600 228 1137 838 834 684 753 710 867 704 491 428 875 465 854 757 547 443 525 795 442 67 284 687 313 1055 730 670 978 877 725 587 906 867 938 559 648 1135 447 818 762
647 376 435 315 593 472 354 91 374 375 506 402 153 699 514 661 244 257 281 140 539 600 118 197 275 510 749 517 489 459 826 288 495 327 375 342 366 527 278 184 287 554 297 489 437 0 599 729 435 565 340 222 701 591 546 248 484 408 431 485 376 198 439 168 507 495 408 31 138 491 192 410 154 259 287 618 308 237 548 440 328 160 471 437 589 387 261 698 117 583 480
179 642 163 582 465 1016 354 625 974 226 379 430 752 673 877 519 435 790 339 532 1019 143 675 474 778 252 696 1024 339 962 692 699 687 802 841 402 661 229 564 565 571 983 399 409 938 599 0 695 952 566 342 720 533 214 145 513 945 863 500 298 493 785 420 483 92 222 449 620 462 151 498 943 695 562 886 516 354 536 369 441 288 579 414 575 26 417 339 571 517 1050 196
870 384 656 421 230 799 458 818 964 617 965 935 798 30 484 180 515 676 730 590 699 558 684 546 1004 448 25 741 373 702 133 1005 281 1057 1104 869 1050 468 454 547 446 609 480 977 1161 729 695 0 719 170 809 952 182 880 796 482 634 593 306 888 962 770 338 783 664 830 953 718 690 754 822 1124 883 473 917 179 508 492 327 324 571 574 320 293 669 916 625 135 765 697 792
1045 375 801 398 720 80 612 492 325 732 939 837 332 696 255 759 516 178 693 428 117 899 317 478 573 769 744 82 703 34 850 655 442 627 661 776 763 795 400 386 397 185 557 923 655 435 952 719 0 619 766 559 797 1000 941 442 109 125 545 910 809 264 612 602 865 907 842 403 547 882 627 592 495 398 341 713 599 418 735 598 664 375 640 489 935 822 631 768 551 165 884
733 250 503 268 126 700 291 652 827 457 804 768 645 140 420 141 345 544 562 425 624 442 531 378 840 313 186 657 228 609 263 836 187 892 940 701 880 337 297 387 290 548 310 814 1000 565 566 170 619 0 643 786 178 735 651 316 553 494 136 730 793 625 173 612 521 676 786 556 520 604 651 966 719 314 772 98 339 329 202 156 406 414 161 141 541 749 457 151 596 634 639
324 578 209 504 601 811 352 327 693 207 181 126 486 781 785 672 333 588 87 354 861 418 450 336 446 411 821 847 453 787 861 359 674 465 501 67 321 410 469 413 479 857 344 178 600 340 342 809 766 643 0 392 703 258 234 410 797 715 520 144 168 538 471 179 266 165 144 370 219 195 176 612 384 455 601 645 306 422 514 487 238 410 490 573 346 106 192 723 228 902 162
715 595 563 538 807 567 553 134 348 521 498 381 229 921 704 876 454 406 381 361 675 758 300 411 60 694 971 638 689 590 1046 97 715 105 153 354 212 706 500 406 510 716 503 469 228 222 720 952 559 786 392 0 915 644 627 470 637 575 651 514 323 296 652 239 633 556 376 238 296 583 222 223 73 481 263 835 502 460 751 655 496 382 682 660 718 377 419 916 218 722 555
712 425 524 432 109 877 371 782 993 498 840 829 800 173 593 40 461 714 633 562 801 392 686 504 972 305 174 835 250 787 162 952 363 1020 1068 768 979 318 454 536 450 722 414 857 1137 701 533 182 797 178 703 915 0 732 648 459 730 672 279 759 866 788 263 715 517 694 848 697 629 614 752 1110 853 469 933 87 425 476 189 260 469 563 233 313 507 810 537 47 709 809 656
77 751 236 681 651 1052 471 585 950 297 193 283 741 856 979 712 511 825 310 573 1086 353 693 534 695 432 885 1079 509 1017 893 596 822 705 736 290 528 415 653 623 663 1068 495 228 838 591 214 880 1000 735 258 644 732 0 84 595 1017 933 642 134 352 789 570 436 216 95 298 618 458 134 433 858 641 645 859 702 447 613 553 590 366 628 574 710 236 279 374 766 483 1123 117
104 675 156 607 566 996 392 552 914 221 235 297 698 771 905 628 440 769 265 512 1022 275 640 467 681 347 800 1018 424 956 810 591 742 698 733 284 538 331 581 558 590 999 420 266 834 546 145 796 941 651 234 627 648 84 0 524 951 867 560 156 364 742 486 403 132 82 315 571 409 58 408 846 614 574 823 617 371 543 469 507 291 566 490 629 162 288 310 682 446 1057 72
626 168 372 94 355 511 170 336 548 304 590 521 343 451 384 418 84 297 323 108 506 457 230 77 523 332 501 511 279 450 578 524 273 575 623 450 580 356 59 79 69 475 114 588 684 248 513 482 442 316 410 470 459 595 524 0 432 350 183 536 526 339 206 319 430 510 534 240 225 466 358 652 402 49 479 374 159 24 328 202 233 106 239 193 494 502 227 452 291 537 479
1055 327 803 368 664 176 594 553 433 734 975 880 408 614 155 694 514 233 718 445 75 877 365 483 658 742 660 106 668 78 768 731 367 714 751 816 833 768 381 393 375 80 546 963 753 484 945 634 109 553 797 637 730 1017 951 432 0 83 500 937 860 341 574 646 862 926 888 453 578 892 675 692 568 383 440 650 592 410 692 557 664 389 599 434 926 864 643 697 597 106 899
971 256 720 289 599 206 514 483 413 651 894 801 348 570 148 635 430 169 636 362 156 798 291 400 602 664 618 169 592 115 724 666 316 658 698 736 764 690 300 310 294 146 464 883 710 408 863 593 125 494 715 575 672 933 867 350 83 0 428 855 783 286 499 567 780 843 809 378 497 809 597 653 504 301 403 589 509 327 620 484 581 306 526 367 844 785 559 643 519 189 816
652 173 405 155 182 623 174 517 714 349 689 643 521 275 395 239 209 440 436 290 575 398 406 241 706 259 323 597 175 542 395 700 186 757 804 575 745 286 174 258 171 515 179 695 867 431 500 306 545 136 520 651 279 642 560 183 500 428 0 619 664 508 82 477 438 573 660 424 384 508 516 835 585 189 653 193 214 198 192 62 289 285 100 75 476 624 330 269 460 594 536
210 701 235 628 666 955 445 466 831 272 84 149 629 861 917 733 454 732 219 492 1003 414 594 466 564 454 896 990 516 930 921 463 787 572 602 160 394 444 595 548 605 995 452 111 704 485 298 888 910 730 144 514 759 134 156 536 937 855 619 0 218 683 557 321 256 76 165 514 362 155 312 725 517 583 739 714 408 550 571 576 329 548 569 680 312 145 309 786 371 1043 108
429 693 376 619 762 839 505 321 665 374 178 69 491 933 876 834 461 633 234 445 915 583 495 449 364 578 976 891 615 834 1022 254 799 362 388 100 175 578 581 507 592 928 485 146 491 376 493 962 809 793 168 323 866 352 364 526 860 783 664 218 0 555 624 218 427 282 55 407 304 342 185 518 348 564 575 804 454 532 678 638 397 496 646 707 501 76 336 884 263 960 299
845 386 623 357 689 284 494 233 208 559 699 590 68 742 425 747 380 118 479 264 379 768 114 331 317 659 793 344 617 294 887 391 499 373 412 536 498 680 333 261 338 421 433 680 428 198 785 770 264 625 538 296 788 789 742 339 341 286 508 683 555 0 545 363 693 694 594 171 333 686 380 375 230 319 147 700 461 318 668 540 502 235 578 484 773 578 446 773 312 426 677
575 247 335 214 155 688 119 518 754 285 631 597 548 309 475 224 197 492 392 302 649 316 436 242 709 177 351 669 94 612 404 690 268 757 804 530 722 204 220 285 220 594 151 641 875 439 420 338 612 173 471 652 263 570 486 206 574 499 82 557 624 545 0 455 361 506 615 438 367 437 493 849 591 230 686 186 170 227 125 20 233 312 32 158 395 577 288 268 446 671 469
499 481 324 409 606 640 343 149 514 282 337 235 308 753 658 678 268 424 143 229 704 519 284 243 299 464 799 684 473 626 859 243 592 332 375 174 267 473 370 290 381 712 305 321 465 168 483 783 602 612 179 239 715 436 403 319 646 567 477 321 218 363 455 0 394 341 242 199 94 353 39 462 213 352 423 642 289 321 537 464 265 278 482 509 479 220 187 723 51 747 332
214 568 72 504 434 927 278 535 882 135 340 369 660 640 802 496 349 701 252 442 936 159 584 386 691 215 668 938 293 876 678 617 623 718 758 331 588 199 483 478 491 903 318 365 854 507 92 664 865 521 266 633 517 216 132 430 862 780 438 256 427 693 361 394 0 183 388 528 370 101 412 856 605 479 794 485 271 452 336 382 200 491 362 510 84 354 247 549 427 968 148
159 670 173 599 604 958 399 491 856 223 159 215 646 804 894 670 426 731 215 481 994 339 598 445 609 389 836 986 456 925 856 514 747 622 655 206 457 376 569 533 578 979 416 187 757 495 222 830 907 676 165 556 694 95 82 510 926 843 573 76 282 694 506 341 183 0 233 523 364 81 341 773 549 559 765 653 369 527 508 525 288 537 515 638 236 206 285 723 388 1032 37
375 703 343 629 746 876 495 362 713 350 123 19 532 924 896 817 464 665 223 461 946 546 526 458 418 553 965 925 597 867 1006 309 805 418 444 85 230 550 591 523 602 955 481 92 547 408 449 953 842 786 144 376 848 298 315 534 888 809 660 165 55 594 615 242 388 233 0 439 319 298 215 573 395 576 623 790 447 543 658 629 383 515 634 708 458 37 330 868 292 990 252
674 357 456 300 591 442 359 113 355 395 536 433 132 688 486 657 247 226 308 135 508 615 87 198 286 519 739 486 493 428 819 310 477 341 388 373 393 537 264 170 273 524 301 520 443 31 620 718 403 556 370 238 697 618 571 240 453 378 424 514 407 171 438 199 528 523 439 0 162 516 223 412 166 245 270 613 317 226 550 438 344 145 470 425 609 419 280 693 148 552 506
512 389 298 316 520 595 260 174 512 241 397 308 291 660 576 591 175 369 148 142 641 473 234 149 356 398 707 628 394 567 770 323 498 398 444 240 360 411 277 203 288 640 216 387 525 138 462 690 547 520 219 296 629 458 409 225 578 497 384 362 304 333 367 94 370 364 319 162 0 354 133 512 249 260 423 553 207 228 457 374 203 195 396 414 453 291 129 635 80 682 345
163 619 102 550 526 938 337 502 862 164 239 278 644 729 848 591 382 711 212 454 963 259 583 409 639 309 760 959 381 897 776 554 688 659 696 252 510 296 523 500 532 940 363 265 795 491 151 754 882 604 195 583 614 134 58 466 892 809 508 155 342 686 437 353 101 81 298 516 354 0 362 805 566 515 771 577 315 485 430 457 234 507 443 576 161 266 251 644 394 998 47
500 519 343 448 643 662 380 154 519 307 319 210 321 792 692 715 307 450 160 266 731 544 311 283 279 496 838 709 508 652 897 212 631 307 349 156 229 504 408 327 419 743 343 299 442 192 498 822 627 651 176 222 752 433 408 358 675 597 516 312 185 380 493 39 412 341 215 223 133 362 0 445 207 391 427 679 326 360 572 503 296 314 520 548 496 197 220 761 78 775 336
930 747 786 702 1003 569 761 339 285 743 697 583 330 1094 797 1069 654 492 604 547 707 980 440 607 165 909 1145 658 897 627 1229 263 865 155 141 567 360 923 670 579 677 773 706 664 67 410 943 1124 592 966 612 223 1110 858 846 652 692 653 835 725 518 375 849 462 856 773 573 412 512 805 445 0 263 652 252 1026 712 637 957 850 715 552 881 831 941 582 638 1105 437 754 774
708 523 534 466 746 509 498 75 318 485 513 397 162 853 631 814 393 336 356 294 610 720 226 349 121 645 903 575 634 525 981 162 643 175 222 357 268 660 430 336 439 646 445 487 284 154 695 883 495 719 384 73 853 641 614 402 568 504 585 517 348 230 591 213 605 549 395 166 249 566 207 263 0 411 227 772 449 391 695 593 452 311 622 591 690 389 377 852 179 657 543
676 128 422 58 370 469 214 350 526 353 636 563 332 443 335 428 133 262 369 127 457 501 217 119 532 372 494 464 312 404 578 543 241 586 633 493 607 397 18 75 29 425 162 633 687 259 562 473 398 314 455 481 469 645 574 49 383 301 189 583 564 319 230 352 479 559 576 245 260 515 391 652 411 0 463 382 208 33 355 222 283 100 262 180 542 544 275 458 320 488 528
922 533 722 504 832 325 623 273 91 663 740 625 140 889 550 892 509 252 558 392 457 885 249 459 255 786 941 409 752 375 1034 359 645 301 328 582 475 806 478 400 483 521 563 714 313 287 886 917 341 772 601 263 933 859 823 479 440 403 653 739 575 147 686 423 794 765 623 270 423 771 427 252 227 463 0 846 585 459 806 681 614 373 718 631 877 616 549 920 377 504 754
690 339 480 344 51 793 301 701 906 446 793 772 714 157 518 47 382 627 570 479 722 381 599 423 891 269 183 754 197 704 218 876 286 940 988 708 908 289 367 450 362 647 337 807 1055 618 516 179 713 98 645 835 87 702 617 374 650 589 193 714 804 700 186 642 485 653 790 613 553 577 679 1026 772 382 846 0 354 391 148 179 407 477 159 226 490 752 470 81 633 732 616
472 304 217 236 317 665 53 374 664 150 475 429 444 478 534 389 84 444 223 196 665 308 346 130 562 202 521 670 186 608 573 529 379 605 652 362 554 221 212 216 220 633 48 480 730 308 354 508 599 339 306 502 425 447 371 159 592 509 214 408 454 461 170 289 271 369 447 317 207 315 326 712 449 208 585 354 0 182 250 183 81 234 195 271 335 410 117 436 288 697 335
647 160 393 88 374 487 194 326 526 324 603 529 323 462 367 436 103 273 335 100 483 482 210 85 512 356 512 488 303 426 592 518 271 565 612 459 579 381 48 59 60 455 138 599 670 237 536 492 418 329 422 460 476 613 543 24 410 327 198 550 532 318 227 321 452 527 543 226 228 485 360 637 391 33 459 391 182 0 351 222 254 86 260 200 518 511 242 468 290 516 497
542 365 336 338 97 812 198 621 877 309 652 639 667 304 582 162 304 617 446 417 767 239 557 352 810 121 331 789 64 734 350 779 359 855 902 579 797 140 346 407 345 706 251 668 978 548 369 327 735 202 514 751 189 553 469 328 692 620 192 571 678 668 125 537 336 508 658 550 457 430 572 957 695 355 806 148 250 351 0 137 282 433 95 261 343 621 354 215 538 786 470
596 230 354 201 153 675 134 521 748 303 648 612 545 295 456 220 202 482 406 302 633 336 432 244 712 197 338 653 113 597 395 696 247 761 808 545 732 224 211 281 210 576 159 657 877 440 441 324 598 156 487 655 260 590 507 202 557 484 62 576 638 540 20 464 382 525 629 438 374 457 503 850 593 222 681 179 183 222 137 0 250 308 42 137 416 592 301 261 453 654 488
393 384 139 315 364 727 116 377 699 70 399 364 476 543 613 436 150 501 163 243 737 271 390 186 556 199 582 738 219 676 624 508 460 594 639 300 516 209 289 278 298 709 129 407 725 328 288 571 664 406 238 496 469 366 291 233 664 581 289 329 397 502 233 265 200 288 383 344 203 234 296 715 452 283 614 407 81 254 282 250 0 291 251 351 273 345 77 486 278 770 253
670 216 426 155 460 436 261 252 444 357 590 504 237 544 380 523 150 210 329 56 457 543 124 105 431 426 595 451 382 390 677 448 335 486 533 436 519 449 119 27 128 447 200 582 587 160 579 574 375 414 410 382 563 628 566 106 389 306 285 548 496 235 312 278 491 537 515 145 195 507 314 552 311 100 373 477 234 86 433 308 291 0 345 280 564 487 256 555 238 495 511
576 271 342 243 124 717 142 549 786 297 645 616 581 292 495 195 228 523 412 335 674 303 469 274 740 165 331 695 77 639 378 719 280 787 835 550 748 191 251 318 251 615 180 656 906 471 414 320 640 161 490 682 233 574 490 239 599 526 100 569 646 578 32 482 362 515 634 470 396 443 520 881 622 262 718 159 195 260 95 42 251 345 0 174 389 596 310 241 475 694 477
724 113 474 128 231 568 239 527 685 415 746 692 507 263 321 273 245 403 486 300 509 474 392 265 712 335 314 535 250 482 402 718 112 765 812 623 773 362 161 254 153 444 229 750 867 437 575 293 489 141 573 660 313 710 629 193 434 367 75 680 707 484 158 509 510 638 708 425 414 576 548 831 591 180 631 226 271 200 261 137 351 280 174 0 551 673 380 291 484 525 602
204 620 156 562 439 999 333 620 964 214 395 439 742 647 855 493 418 775 336 517 1000 118 662 458 776 227 670 1006 314 944 667 700 663 802 842 408 666 203 545 549 551 962 380 423 938 589 26 669 935 541 346 718 507 236 162 494 926 844 476 312 501 773 395 479 84 236 458 609 453 161 496 941 690 542 877 490 335 518 343 416 273 564 389 551 0 426 328 545 512 1030 207
355 670 306 596 708 859 458 349 707 312 124 19 518 887 867 779 430 644 187 432 924 511 505 425 423 516 928 905 559 846 968 319 771 428 457 51 251 513 559 494 570 929 446 101 559 387 417 916 822 749 106 377 810 279 288 502 864 785 624 145 76 578 577 220 354 206 37 419 291 266 197 582 389 544 616 752 410 511 621 592 345 487 596 673 426 0 294 830 270 967 222
415 392 177 319 430 688 168 302 636 114 367 313 413 596 610 502 145 460 106 202 712 343 337 160 479 277 639 707 290 646 688 431 482 517 562 245 443 287 286 249 296 694 152 369 648 261 339 625 631 457 192 419 537 374 310 227 643 559 330 309 336 446 288 187 247 285 330 280 129 251 220 638 377 275 549 470 117 242 354 301 77 256 310 380 328 294 0 550 201 749 257
749 402 551 416 122 849 382 782 977 521 867 849 790 126 557 53 463 695 650 558 767 431 675 504 972 335 128 803 272 757 137 957 329 1021 1069 786 989 350 441 527 436 686 419 882 1135 698 571 135 768 151 723 916 47 766 682 452 697 643 269 786 884 773 268 723 549 723 868 693 635 644 761 1105 852 458 920 81 436 468 215 261 486 555 241 291 545 830 550 0 714 773 685
544 447 355 377 600 589 340 108 468 306 389 285 258 735 614 671 252 373 182 193 654 542 234 219 278 475 783 634 474 575 849 243 561 318 364 225 288 487 338 253 349 665 295 372 447 117 517 765 551 596 228 218 709 483 446 291 597 519 460 371 263 312 446 51 427 388 292 148 80 394 78 437 179 320 377 633 288 290 538 453 278 238 475 484 512 270 201 714 0 698 377
1161 423 909 470 751 192 698 648 479 840 1079 983 494 680 216 776 619 327 824 551 47 978 464 589 738 842 722 98 766 132 831 818 446 792 826 919 924 869 485 499 478 87 650 1067 818 583 1050 697 165 634 902 722 809 1123 1057 537 106 189 594 1043 960 426 671 747 968 1032 990 552 682 998 775 754 657 488 504 732 697 516 786 654 770 495 694 525 1030 967 749 773 698 0 1006
168 637 135 567 566 937 363 482 845 187 192 234 631 766 863 632 395 709 198 456 969 306 578 417 609 351 799 962 419 900 818 520 712 627 662 213 470 339 538 506 547 951 382 218 762 480 196 792 884 639 162 555 656 117 72 479 899 816 536 108 299 677 469 332 148 37 252 506 345 47 336 774 543 528 754 616 335 497 470 488 253 511 477 602 207 222 257 685 377 1006 0
