169
0 579 533 789 670 445 661 326 93 636 486 576 267 388 49 654 786 473 251 626 78 225 679 552 243 677 619 468 436 547 794 387 409 757 679 440 791 229 486 141 385 771 743 437 405 222 404 378 517 640 150 636 375 283 818 410 554 575 346 298 413 251 771 562 581 25 460 492 465 309 751 42 473 441 27 528 191 859 527 179 136 460 624 104 301 218 501 823 447 449 691 455 250 202 375 812 127 823 476 539 689 337 447 292 242 491 345 480 851 531 236 875 858 657 425 253 508 548 283 377 578 688 100 529 411 640 37 174 621 436 416 533 306 474 194 457 364 510 230 600 890 685 481 405 503 476 576 432 753 586 413 119 583 382 491 716 434 696 425 67 763 640 138 508 578 662 221 548 347
579 0 642 892 903 561 480 369 491 152 764 312 825 815 534 76 248 1033 548 66 502 435 325 816 508 99 503 132 194 332 869 927 313 679 819 522 291 430 805 580 712 782 852 152 982 637 339 936 953 209 657 253 258 301 295 363 235 601 908 465 265 827 414 34 466 553 164 986 510 572 222 621 620 171 605 297 396 958 945 700 503 1019 868 631 811 524 373 943 131 962 607 362 415 413 205 831 689 276 317 148 796 590 363 289 370 926 740 111 901 69 543 362 326 255 312 355 545 837 327 607 862 213 520 192 195 758 602 739 905 158 293 665 279 889 510 935 453 866 568 163 355 689 158 933 460 966 818 974 197 249 575 690 178 728 412 799 933 218 740 542 364 65 691 363 80 403 397 743 785
533 642 0 277 265 99 291 700 542 565 190 373 562 363 539 682 685 698 745 709 530 651 453 206 718 698 225 521 663 336 271 579 736 255 182 884 638 650 245 396 231 238 231 607 733 750 750 624 446 518 683 475 414 554 681 771 430 84 619 740 386 695 485 656 227 523 661 540 897 224 652 554 60 644 552 360 551 349 423 457 614 686 237 637 469 316 276 322 573 553 217 279 660 403 560 279 638 720 794 501 172 199 801 543 407 428 309 543 323 573 297 703 718 494 332 412 99 238 605 160 253 568 591 749 474 125 568 670 287 617 727 27 473 384 343 486 222 312 736 523 745 161 680 560 898 521 195 612 693 438 121 622 498 252 864 190 513 574 221 574 521 665 656 289 577 364 607 114 367
789 892 277 0 198 376 450 976 810 791 327 592 753 513 802 921 883 834 1015 957 797 926 641 277 990 933 402 781 934 563 41 730 1012 276 110 1160 823 925 359 647 423 145 46 876 902 1011 1026 783 522 735 935 686 684 831 866 1048 663 291 790 1016 650 910 633 910 430 782 930 639 1173 482 856 803 328 914 804 596 827 72 492 678 883 825 225 890 647 580 518 52 839 674 316 536 936 679 833 122 881 914 1069 745 105 454 1077 819 683 518 493 802 87 825 558 871 898 699 594 689 356 302 882 413 286 776 857 1017 740 153 822 905 276 886 1003 265 748 484 609 597 499 394 1004 752 919 210 949 700 1175 626 246 749 905 661 392 862 729 436 1140 93 637 781 390 837 685 904 900 529 820 540 883 243 537
670 903 265 198 0 342 534 909 711 831 183 637 584 338 693 946 948 643 913 970 695 841 712 117 895 962 472 778 903 601 233 544 960 413 136 1079 898 842 191 530 284 305 176 853 719 892 970 599 326 783 807 739 663 775 941 988 695 330 610 931 641 749 730 914 485 669 906 444 1097 390 916 675 283 887 680 625 749 241 295 531 783 634 45 764 476 487 541 197 824 482 421 542 857 606 800 306 743 982 1023 765 178 362 1022 767 623 324 338 800 285 833 461 958 977 757 590 633 364 127 820 327 101 832 752 995 726 180 698 759 79 863 954 239 705 294 516 405 460 206 897 788 1003 315 927 513 1111 432 96 559 957 703 336 723 763 290 1082 209 447 838 245 727 773 929 762 554 841 617 805 160 369
445 561 99 376 342 0 286 600 447 501 216 321 509 346 447 608 632 667 649 628 436 552 415 257 621 625 223 435 568 281 370 546 637 317 279 785 594 552 266 314 209 328 330 514 685 659 651 584 454 460 596 422 322 455 634 672 365 131 575 642 299 626 466 572 206 433 568 531 798 145 597 469 58 550 466 297 452 448 436 392 518 655 306 550 427 226 214 420 483 534 259 204 561 305 465 372 557 669 697 427 271 128 702 444 307 432 278 458 420 491 211 665 674 443 248 313 76 282 506 101 305 513 497 657 384 224 481 592 346 524 629 113 375 388 252 475 124 334 641 457 703 240 588 532 799 511 257 584 632 379 42 541 431 232 765 289 495 520 217 482 491 591 574 228 502 339 508 181 338
661 480 291 450 534 286 0 691 628 354 479 169 784 632 646 492 433 953 802 540 623 684 191 497 766 499 66 402 584 161 418 831 691 201 412 883 373 682 534 557 495 318 421 517 962 844 713 867 732 294 805 243 359 543 416 738 246 209 855 763 310 881 196 506 84 642 569 816 886 415 407 696 317 558 687 198 589 506 710 659 688 940 517 761 710 461 168 503 472 821 136 214 683 469 499 364 786 464 732 335 376 407 758 527 444 711 565 419 437 423 457 426 449 254 265 440 214 529 599 387 542 330 678 643 388 356 698 829 572 529 676 318 452 667 476 761 302 602 804 323 472 240 581 818 864 797 482 870 457 232 327 774 303 518 820 364 782 333 498 676 239 477 799 167 401 90 634 403 625
326 369 700 976 909 600 691 0 237 491 732 542 593 690 278 440 615 794 185 387 255 103 615 797 147 462 677 326 175 534 969 714 88 853 877 193 649 99 751 415 643 913 930 222 710 283 77 702 827 525 332 548 331 150 660 85 482 704 668 96 380 531 716 339 634 308 206 816 199 519 587 359 650 197 342 499 163 1049 832 501 197 781 866 324 624 425 526 1021 263 775 776 486 77 303 202 961 390 645 151 418 871 547 122 165 293 800 630 322 1017 358 451 727 694 562 428 287 631 804 95 583 834 555 230 236 309 824 330 435 880 213 101 712 241 776 397 777 478 792 210 474 724 816 218 732 201 798 813 758 566 513 587 400 471 649 175 889 758 562 682 263 682 433 384 525 412 648 111 760 650
93 491 542 810 711 447 628 237 0 560 528 523 361 458 45 567 708 567 204 536 18 142 621 594 183 591 593 388 343 498 811 479 318 746 703 372 718 144 537 187 431 775 764 346 498 217 314 472 593 570 184 572 309 192 742 322 491 571 440 225 352 336 717 473 552 71 367 578 394 328 673 133 485 348 116 474 98 882 600 263 72 554 666 147 387 230 461 848 360 537 675 414 164 158 286 820 198 744 385 465 707 358 359 202 186 566 405 398 865 448 253 802 782 591 374 193 500 595 189 398 626 615 51 435 335 658 111 248 671 345 324 547 228 545 200 539 346 570 194 527 814 685 388 495 424 561 615 525 671 524 421 198 512 432 408 731 520 623 471 53 703 554 202 466 498 616 129 575 417
636 152 565 791 831 501 354 491 560 0 715 198 856 801 598 139 151 1059 658 196 567 537 179 758 618 145 390 175 328 231 763 945 450 555 731 661 161 533 762 603 682 669 755 269 1025 736 476 962 932 61 739 111 266 388 182 502 135 509 938 585 244 888 262 186 360 611 300 982 652 550 115 679 557 301 664 205 476 853 919 725 589 1045 801 707 823 528 289 843 228 967 488 298 523 444 297 716 757 189 464 97 703 562 506 372 400 906 725 171 788 133 541 243 221 107 269 387 466 784 429 568 806 64 598 343 225 670 666 807 846 279 430 591 331 866 522 928 416 828 674 44 254 582 301 945 607 961 755 990 133 129 524 754 69 701 560 700 933 71 704 614 211 126 763 276 81 268 493 675 777
486 764 190 327 183 216 479 732 528 715 0 536 427 193 510 817 848 528 729 831 512 660 628 66 712 835 412 634 740 497 345 415 787 430 220 897 809 661 54 346 101 369 285 696 582 708 795 465 256 677 625 639 512 604 850 813 581 275 468 749 499 583 670 771 408 485 746 354 916 214 813 493 166 727 497 513 570 390 232 355 599 518 138 581 322 307 431 349 671 375 404 417 676 431 638 393 563 885 852 637 246 187 847 597 453 239 166 656 405 695 281 879 890 659 455 464 270 74 646 160 103 729 569 836 577 209 515 583 149 704 783 165 541 195 336 303 311 123 713 671 918 326 768 390 933 337 89 441 848 595 191 544 646 111 906 282 335 736 64 543 701 799 583 444 711 546 626 100 211
576 312 373 592 637 321 169 542 523 198 536 0 750 649 550 329 312 940 674 373 523 552 107 572 635 340 193 235 420 40 566 820 532 367 533 732 273 549 587 502 519 474 557 353 927 730 555 847 770 146 706 102 221 402 313 581 77 312 828 622 173 816 195 337 162 553 403 835 732 402 279 615 372 393 603 48 464 656 754 618 573 926 610 666 696 411 107 645 306 828 295 137 546 373 343 522 703 349 569 165 504 407 598 385 337 746 575 251 593 253 417 348 353 122 151 329 274 600 456 403 620 194 570 474 232 473 611 750 658 365 516 400 316 703 416 779 266 655 681 160 383 384 414 814 704 814 566 863 320 68 351 695 138 540 659 501 791 201 535 575 192 314 713 94 233 106 501 485 631
267 825 562 753 584 509 784 593 361 856 427 750 0 246 317 898 1008 208 483 879 345 490 857 478 490 921 726 703 700 713 772 123 677 816 647 682 1000 494 397 253 339 785 712 693 178 410 670 111 321 847 313 831 591 544 1032 675 751 632 82 552 615 171 936 814 700 289 723 253 711 369 971 234 505 703 250 706 456 814 343 132 397 194 542 290 107 338 653 771 697 200 767 613 516 415 629 815 233 1046 743 759 671 381 712 550 459 303 262 719 832 770 334 1082 1073 853 606 474 584 458 550 410 483 899 363 795 641 630 263 218 514 695 684 549 546 308 337 237 490 382 455 815 1105 722 744 149 758 242 508 166 983 779 467 215 795 321 752 705 200 907 365 329 942 883 250 664 811 813 489 520 216
388 815 363 513 338 346 632 690 458 801 193 649 246 0 426 878 946 337 639 878 440 600 751 236 631 899 567 683 744 609 535 222 761 616 410 827 920 602 153 274 137 562 474 714 390 594 763 272 140 774 501 745 558 590 958 775 675 445 277 682 562 413 811 814 552 397 758 186 851 251 910 379 318 737 388 614 529 570 142 217 521 325 296 463 138 294 542 527 702 190 580 514 622 420 650 586 428 984 829 711 439 242 811 589 456 113 75 703 594 749 272 997 999 767 532 470 418 213 618 248 236 828 486 843 620 402 407 435 268 720 762 344 553 86 314 130 387 137 617 757 1029 514 780 198 882 166 266 250 935 696 306 407 733 114 864 475 150 836 143 454 832 862 448 555 778 683 579 293 41
49 534 539 802 693 447 646 278 45 598 510 550 317 426 0 610 747 522 220 580 32 179 651 576 206 633 607 427 388 523 805 436 360 754 694 401 755 182 514 163 410 775 756 390 453 211 356 427 558 605 159 604 342 236 780 362 523 575 395 256 382 293 745 517 568 30 412 538 425 320 712 88 480 393 71 501 143 874 566 223 94 509 648 116 347 223 482 838 403 496 684 435 203 178 329 819 159 783 427 502 700 348 400 246 212 532 377 439 860 489 244 839 820 624 400 222 505 575 234 389 605 651 60 480 373 652 68 209 649 389 367 542 266 512 195 501 355 543 203 563 852 687 433 453 459 521 598 481 712 555 418 156 548 409 445 726 480 660 450 34 733 597 165 488 538 640 172 564 385
654 76 682 921 946 608 492 440 567 139 817 329 898 878 610 0 186 1106 622 68 578 510 318 865 582 23 523 197 264 357 895 998 379 693 855 584 241 505 859 651 770 803 883 227 1057 711 404 1008 1015 201 733 251 321 377 237 428 257 634 981 537 319 903 395 101 490 628 233 1052 570 632 167 696 666 243 680 326 472 985 1006 772 579 1091 914 707 880 590 407 973 206 1030 624 405 489 484 281 852 765 209 374 181 829 648 423 365 440 988 803 179 923 130 608 303 263 246 361 426 584 888 402 662 912 186 596 242 261 794 678 815 954 233 358 707 352 950 578 1000 507 923 642 169 290 714 224 1002 515 1032 865 1044 130 262 625 766 191 787 467 829 1000 188 797 618 339 17 767 396 105 407 473 788 850
786 248 685 883 948 632 433 615 708 151 848 312 1008 946 747 186 0 1210 791 253 715 674 242 885 751 170 484 320 442 351 852 1096 561 626 837 769 74 669 897 755 823 750 853 394 1177 875 587 1114 1073 172 884 210 417 529 52 611 271 619 1090 712 394 1038 275 280 464 761 412 1129 755 695 36 829 685 418 814 335 621 940 1060 877 732 1196 922 854 973 678 417 936 360 1115 569 434 656 596 435 795 906 38 560 249 805 705 608 514 552 1049 870 311 868 265 691 117 78 191 415 538 587 913 564 707 933 119 744 429 374 778 815 956 971 402 541 712 480 1007 673 1074 559 964 809 193 108 673 406 1095 701 1108 879 1141 58 253 660 904 215 843 654 796 1081 111 842 761 215 187 911 403 211 343 632 798 924
473 1033 698 834 643 667 953 794 567 1059 528 940 208 337 522 1106 1210 0 667 1087 551 691 1046 561 680 1129 891 910 909 901 861 121 880 953 738 864 1197 695 483 456 468 897 800 902 126 580 872 97 321 1045 489 1026 795 752 1231 874 948 778 127 744 816 294 1118 1022 870 496 931 204 894 542 1173 436 649 911 453 898 664 883 351 334 597 14 609 478 244 533 838 840 905 160 914 802 717 621 838 918 413 1249 945 962 771 546 911 758 666 319 391 926 919 977 524 1279 1273 1048 802 680 743 532 757 566 547 1098 564 1003 847 737 464 381 564 903 888 680 754 350 537 237 674 439 637 1017 1305 851 953 139 948 211 592 87 1187 975 626 399 996 446 946 807 197 1107 480 531 1130 1090 426 850 1017 993 694 629 332
251 548 745 1015 913 649 802 185 204 658 729 674 483 639 220 622 791 667 0 571 219 123 760 796 40 644 776 485 358 657 1015 607 266 938 908 198 819 126 734 383 630 976 968 397 567 103 247 583 765 685 178 700 452 276 834 237 626 770 547 94 501 382 861 520 733 246 390 729 228 533 761 263 688 378 251 627 213 1087 777 426 131 655 867 192 543 434 633 1053 432 680 865 588 135 348 360 1021 254 823 315 575 911 562 267 293 361 740 595 486 1068 528 458 899 870 716 538 363 697 795 229 602 825 721 160 420 452 863 233 287 869 390 283 751 357 725 405 699 541 761 30 635 900 883 403 632 282 714 817 648 744 658 625 269 628 629 287 935 672 728 670 187 835 613 241 635 583 776 172 780 598
626 66 709 957 970 628 540 387 536 196 831 373 879 878 580 68 253 1087 571 0 548 465 375 882 532 82 566 197 213 395 934 983 320 740 885 521 309 460 871 637 777 845 918 189 1031 665 345 989 1016 257 693 305 322 344 305 367 297 667 961 483 331 871 458 65 530 601 182 1046 506 637 236 668 687 196 651 361 439 1023 1009 756 540 1073 935 671 869 585 439 1009 182 1021 668 429 443 471 251 894 731 274 310 212 862 656 360 334 428 989 804 175 964 136 605 371 329 304 379 414 612 903 361 673 929 250 560 177 258 825 647 781 972 192 300 732 334 953 570 996 519 932 594 218 354 753 168 990 449 1026 885 1030 196 307 642 733 236 793 402 864 992 252 806 585 403 73 731 428 139 459 432 810 847
78 502 530 797 695 436 623 255 18 567 512 523 345 440 32 578 715 551 219 548 0 160 623 578 199 601 587 395 357 497 798 462 335 738 689 390 724 163 520 170 414 764 750 358 484 225 332 456 575 574 184 575 312 205 749 340 494 561 424 242 354 325 717 485 547 55 382 560 412 314 680 120 472 362 103 474 112 869 581 245 87 538 650 144 369 216 458 834 371 520 667 411 183 153 297 808 190 752 403 471 694 343 377 214 185 548 387 407 852 457 239 808 788 595 373 194 491 579 205 384 609 620 60 451 341 645 100 240 654 358 341 534 235 526 187 521 338 552 206 532 821 674 403 478 442 543 599 508 680 526 409 188 517 415 426 718 502 629 454 52 705 564 196 463 506 615 147 561 399
225 435 651 926 841 552 684 103 142 537 660 552 490 600 179 510 674 691 123 465 160 0 637 726 83 533 661 363 253 536 922 612 190 829 822 237 698 4 673 328 566 875 879 282 607 201 181 599 735 562 234 577 330 153 715 184 502 667 565 90 380 429 738 409 618 209 283 718 256 452 642 256 597 268 239 505 100 998 742 403 93 678 797 222 526 355 516 967 313 675 754 471 26 247 240 922 288 706 254 453 821 481 221 170 251 709 545 366 973 409 380 779 751 593 419 250 594 730 109 519 761 599 127 330 329 772 227 333 806 276 201 660 235 687 325 680 437 709 136 513 782 781 300 631 282 701 745 656 629 535 533 296 505 570 266 841 659 607 606 161 712 500 282 517 463 655 50 699 559
679 325 453 641 712 415 191 615 621 179 628 107 857 751 651 318 242 1046 760 375 623 637 0 658 721 321 243 291 473 145 610 927 592 388 597 799 186 634 680 609 619 510 611 407 1034 823 617 954 868 118 806 73 313 485 229 643 134 382 936 701 269 922 100 357 227 656 451 938 796 508 215 719 462 446 707 152 556 698 851 726 667 1033 689 767 803 519 210 694 361 932 327 244 628 476 412 555 806 273 619 202 564 510 655 468 438 845 678 300 628 284 524 250 265 71 256 429 359 688 536 504 706 141 667 509 309 539 714 854 741 419 574 481 405 802 523 882 372 749 770 162 291 431 457 920 760 917 649 970 266 102 449 799 153 641 713 554 896 144 632 674 84 305 815 197 246 101 588 568 735
552 816 206 277 117 257 497 797 594 758 66 572 478 236 576 865 885 561 796 882 578 726 658 0 778 882 431 687 800 533 301 453 850 420 177 963 842 727 82 412 166 340 239 754 625 774 859 506 264 715 689 675 567 667 884 877 622 287 513 815 551 639 692 824 433 551 805 374 982 278 851 557 201 786 562 553 635 335 236 416 666 551 72 646 371 372 469 293 727 403 406 461 742 495 698 357 626 921 915 684 211 250 911 659 515 253 224 709 359 746 346 909 922 694 503 525 299 34 709 219 48 767 635 894 631 183 581 644 89 762 846 179 601 214 401 327 364 126 779 714 950 315 826 425 998 359 30 475 888 634 240 607 689 173 970 247 364 773 127 609 727 847 646 483 759 570 691 94 261
243 508 718 990 895 621 766 147 183 618 712 635 490 631 206 582 751 680 40 532 199 83 721 778 0 604 741 444 319 619 989 614 231 906 884 196 778 86 719 368 614 947 943 357 585 135 214 593 761 644 197 659 414 236 793 207 586 740 558 66 463 401 821 480 698 235 350 731 222 511 720 262 663 338 248 589 177 1062 771 422 112 668 849 202 542 412 597 1030 391 684 832 552 94 318 320 993 266 782 284 535 886 540 240 253 328 735 584 446 1041 487 436 858 829 676 501 329 667 779 189 579 809 680 146 384 412 838 232 305 854 350 247 726 319 718 382 698 510 749 62 595 859 854 364 636 268 715 798 656 704 618 599 280 587 615 267 908 673 687 654 177 795 573 256 599 542 738 133 758 590
677 99 698 933 962 625 499 462 591 145 835 340 921 899 633 23 170 1129 644 82 601 533 321 882 604 0 533 220 286 369 907 1021 399 701 868 603 230 528 878 673 790 813 896 251 1080 734 425 1031 1035 206 756 257 342 401 222 448 270 648 1004 559 339 927 394 124 502 652 255 1074 588 652 156 720 683 266 704 339 496 996 1026 795 602 1115 930 731 903 612 422 985 230 1052 632 421 512 507 305 861 788 191 392 198 842 668 442 389 463 1009 824 202 933 152 630 288 246 250 380 449 599 906 426 681 930 185 620 259 283 808 702 839 971 256 379 723 375 970 600 1022 526 942 665 180 272 725 245 1025 532 1053 882 1067 113 272 643 789 203 808 485 841 1022 186 816 642 336 38 790 410 123 413 496 804 871
619 503 225 402 472 223 66 677 593 390 412 193 726 567 607 523 484 891 776 566 587 661 243 431 741 533 0 410 586 171 373 769 686 181 354 870 429 659 467 507 430 280 369 520 904 810 706 807 665 333 765 284 348 527 472 731 268 144 796 743 301 830 261 526 43 601 574 751 875 357 455 651 252 561 643 208 563 463 644 604 656 878 453 720 650 411 151 455 477 757 105 191 662 434 494 328 741 517 732 355 320 347 753 512 414 645 501 429 399 441 405 486 506 297 249 412 149 463 583 324 477 374 644 653 386 296 656 783 507 532 672 251 436 601 429 696 255 536 776 354 531 192 588 755 858 732 417 807 503 261 265 729 332 453 817 312 718 379 432 638 300 508 756 155 426 145 611 337 562
468 132 521 781 778 435 402 326 388 175 634 235 703 683 427 197 320 910 485 197 395 363 291 687 444 220 410 0 185 241 761 801 301 591 701 508 336 359 673 454 579 681 739 118 865 561 325 812 820 200 565 222 125 212 356 352 164 489 786 416 136 720 391 137 369 443 167 855 504 439 286 511 494 158 495 204 301 850 813 575 413 895 742 533 683 393 265 831 71 832 515 244 350 288 125 731 586 356 333 91 682 458 365 197 243 793 608 22 798 67 411 418 395 236 189 229 427 707 255 475 733 236 424 243 63 641 495 636 777 130 284 543 161 756 380 803 323 734 499 150 427 585 179 805 471 834 691 847 285 192 446 584 145 596 425 688 802 243 608 441 356 181 590 257 110 340 317 617 653
436 194 663 934 903 568 584 175 343 328 740 420 700 744 388 264 442 909 358 213 357 253 473 800 319 286 586 185 0 423 920 814 122 767 845 333 481 248 770 479 667 848 890 67 840 452 148 812 885 371 485 402 250 158 489 173 349 646 781 272 289 672 572 163 543 413 31 895 325 528 415 476 625 27 459 385 245 1005 883 588 334 895 863 467 709 453 436 983 113 862 690 405 230 324 103 898 530 471 148 270 831 553 181 156 291 857 675 172 961 195 477 556 521 412 344 279 578 814 156 581 843 392 359 98 200 787 452 578 889 55 102 681 199 826 430 849 444 823 381 319 550 750 46 826 286 876 810 860 391 376 567 535 321 678 240 842 839 399 702 386 531 258 528 430 247 525 226 745 708
547 332 336 563 601 281 161 534 498 231 497 40 713 609 523 357 351 901 657 395 497 536 145 533 619 369 171 241 423 0 539 782 531 350 500 726 313 533 547 467 479 450 526 356 891 708 552 809 729 182 681 141 206 390 354 578 99 278 791 610 156 784 225 354 134 525 408 795 727 363 317 585 333 397 574 37 445 628 713 582 551 888 573 639 658 375 67 616 311 788 275 100 532 345 339 499 674 388 571 184 472 366 597 373 311 705 534 260 568 269 380 388 394 162 123 304 237 561 445 363 581 233 546 484 228 439 582 720 620 368 515 362 301 663 381 739 227 615 662 190 423 357 421 775 703 774 528 825 356 102 311 665 166 500 659 471 751 240 494 549 229 341 685 54 257 119 485 447 592
794 869 271 41 233 370 418 969 811 763 345 566 772 535 805 895 852 861 1015 934 798 922 610 301 989 907 373 761 920 539 0 754 1001 237 125 1155 790 922 382 654 438 106 61 860 925 1015 1016 807 553 707 942 657 669 822 833 1039 638 273 813 1012 633 925 597 889 405 786 914 669 1167 485 825 810 326 898 811 572 822 89 523 692 884 852 255 897 668 582 497 87 821 702 283 518 931 674 819 80 890 882 1057 722 105 457 1067 809 677 547 511 783 59 803 561 836 864 670 577 682 342 329 874 417 315 747 859 1000 723 153 828 916 310 871 991 263 737 512 611 625 490 422 1005 726 884 181 932 726 1166 656 270 775 875 634 390 872 704 453 1130 80 664 751 407 840 651 879 909 507 796 509 878 255 557
387 927 579 730 544 546 831 714 479 945 415 820 123 222 436 998 1096 121 607 983 462 612 927 453 614 1021 769 801 814 782 754 0 797 834 630 805 1081 616 372 347 348 784 693 802 176 532 791 56 239 929 435 908 683 656 1115 797 831 658 79 675 701 270 997 918 749 407 834 143 834 421 1059 356 529 814 372 780 572 783 267 227 519 108 507 414 124 417 718 740 801 86 794 682 637 513 737 808 356 1134 864 849 661 425 834 660 557 229 271 818 813 868 406 1162 1157 930 685 572 622 427 666 445 445 982 485 910 738 624 386 336 468 804 803 562 649 251 423 149 555 337 579 902 1188 734 857 35 882 138 484 46 1075 857 504 338 880 327 875 696 104 991 363 451 1010 982 372 730 906 872 609 515 212
409 313 736 1012 960 637 691 88 318 450 787 532 677 761 360 379 561 880 266 320 335 190 592 850 231 399 686 301 122 531 1001 797 0 866 916 210 602 186 810 486 703 937 966 185 798 367 26 787 900 492 420 522 340 184 609 51 465 730 753 172 385 619 692 280 643 389 150 894 203 572 535 443 691 149 426 494 232 1084 903 580 284 867 917 412 703 484 534 1058 231 855 789 499 164 356 192 986 478 587 68 390 907 600 67 193 336 873 698 292 1046 317 510 676 640 533 438 327 659 860 143 633 890 515 315 155 302 861 415 523 936 174 20 751 263 846 457 853 513 855 293 441 668 839 155 814 172 876 864 842 508 493 630 487 442 711 130 922 836 521 741 348 653 374 472 531 369 638 188 806 722
757 679 255 276 413 317 201 853 746 555 430 367 816 616 754 693 626 953 938 740 738 829 388 420 906 701 181 591 767 350 237 834 866 0 278 1045 560 827 483 631 486 131 259 702 988 963 885 879 682 495 908 444 526 702 602 910 444 186 875 914 481 943 362 704 223 743 755 785 1052 463 602 785 311 742 780 388 729 320 655 707 814 941 412 862 725 540 331 325 658 804 77 367 832 591 674 170 873 653 913 532 235 443 933 687 578 668 565 610 243 619 527 601 631 454 428 578 249 454 758 409 456 528 797 834 567 241 794 909 473 714 852 272 611 625 563 733 400 544 935 524 650 105 770 814 1038 768 396 866 655 432 356 858 504 507 997 209 764 532 473 787 418 678 889 336 601 289 780 332 622
679 819 182 110 136 279 412 877 703 731 220 533 647 410 694 855 837 738 908 885 689 822 597 177 884 868 354 701 845 500 125 630 916 278 0 1057 783 822 257 538 313 172 65 789 800 902 930 682 435 679 826 632 597 734 826 951 598 221 687 912 567 801 606 834 374 673 844 549 1072 375 807 693 226 826 694 529 724 179 406 568 776 728 142 780 542 473 447 145 755 580 291 457 833 576 742 182 771 870 976 675 42 346 981 723 584 427 386 723 184 750 450 839 861 648 512 591 274 207 783 305 197 724 750 932 656 60 712 795 202 800 908 165 654 390 502 503 403 301 896 690 884 182 863 602 1077 535 146 652 852 601 289 752 666 328 1044 75 541 730 282 729 652 838 789 459 751 499 780 133 431
440 522 884 1160 1079 785 883 193 372 661 897 732 682 827 401 584 769 864 198 521 390 237 799 963 196 603 870 508 333 726 1155 805 210 1045 1057 0 813 236 909 560 802 1102 1113 394 760 286 184 781 957 702 375 730 524 343 818 159 669 893 746 148 572 575 899 488 827 430 361 926 32 689 745 458 832 359 445 691 333 1232 967 619 306 852 1034 391 738 592 720 1202 439 878 969 679 224 481 389 1150 452 794 213 598 1055 719 161 358 478 932 777 500 1204 528 617 885 847 742 621 474 820 967 287 757 997 726 341 346 499 1007 427 483 1042 383 230 894 434 913 562 895 665 942 227 651 874 1006 363 830 104 911 982 846 714 699 768 468 651 805 134 1074 868 732 842 373 862 581 438 718 580 838 277 936 786
791 291 638 823 898 594 373 649 718 161 809 273 1000 920 755 241 74 1197 819 309 724 698 186 842 778 230 429 336 481 313 790 1081 602 560 783 813 0 694 860 746 792 687 794 426 1172 897 628 1102 1043 153 899 174 416 549 42 654 249 568 1080 744 385 1042 204 325 413 766 452 1105 802 670 74 833 644 456 819 305 636 877 1027 867 749 1183 875 865 957 664 381 876 388 1095 507 405 683 594 458 730 914 93 609 253 749 677 654 533 551 1019 845 332 804 291 674 83 80 152 395 539 543 871 589 676 890 103 758 480 383 725 822 964 926 436 582 666 489 976 662 1049 533 928 835 191 109 614 449 1077 751 1084 834 1125 126 224 625 910 207 813 704 738 1059 94 808 772 144 238 920 367 237 284 654 753 900
229 430 650 925 842 552 682 99 144 533 661 549 494 602 182 505 669 695 126 460 163 4 634 727 86 528 659 359 248 533 922 616 186 827 822 236 694 0 675 330 568 874 879 277 611 206 177 603 738 558 239 573 328 149 711 181 499 666 569 90 377 434 734 404 616 212 278 721 255 453 638 260 597 264 243 502 99 998 744 406 98 682 797 226 530 355 514 967 308 678 752 469 22 247 235 921 292 702 250 449 821 482 218 166 250 711 547 361 972 405 381 775 747 589 416 249 593 731 105 520 762 595 131 325 326 772 231 338 807 272 197 660 232 689 326 683 436 711 140 509 778 779 295 634 279 704 745 660 624 531 533 301 501 571 263 841 663 603 607 164 708 495 287 515 459 652 48 699 562
486 805 245 359 191 266 534 751 537 762 54 587 397 153 514 859 897 483 734 871 520 673 680 82 719 878 467 673 770 547 382 372 810 483 257 909 860 675 0 351 107 415 321 729 543 706 817 425 201 725 619 688 550 629 901 833 628 330 431 761 541 559 724 810 462 488 778 303 930 242 862 488 219 758 494 561 587 417 177 340 607 472 147 577 289 326 480 374 707 326 459 464 691 454 670 435 553 934 876 682 288 218 868 623 480 185 147 696 441 736 300 931 940 709 498 492 324 64 667 198 92 778 575 867 614 255 513 568 134 737 807 220 571 142 354 252 352 68 716 718 969 378 800 345 951 286 112 396 895 644 237 533 693 104 926 324 287 785 69 547 754 842 572 494 755 599 642 150 180
141 580 396 647 530 314 557 415 187 603 346 502 253 274 163 651 755 456 383 637 170 328 609 412 368 673 507 454 479 467 654 347 486 631 538 560 746 330 351 0 246 634 601 459 426 364 488 359 413 593 288 579 338 321 778 500 498 445 335 412 361 323 692 572 474 138 496 416 582 172 718 157 335 476 156 457 254 718 417 122 256 442 484 242 232 96 411 681 455 385 568 368 348 166 394 674 243 793 555 506 548 197 537 323 210 386 217 471 710 521 104 829 820 600 355 224 382 411 345 238 441 645 223 577 391 500 174 278 485 462 488 395 302 360 86 370 255 382 366 562 852 552 519 353 609 397 435 393 731 527 278 227 541 246 589 576 360 654 286 197 694 635 260 421 560 573 304 406 235
385 712 231 423 284 209 495 643 431 682 101 519 339 137 410 770 823 468 630 777 414 566 619 166 614 790 430 579 667 479 438 348 703 486 313 802 792 568 107 246 0 446 379 628 504 607 710 393 250 650 523 618 454 522 831 726 551 310 390 654 450 487 675 715 416 385 676 322 823 140 787 391 182 655 395 488 480 489 237 255 501 456 238 479 240 219 411 449 608 327 446 388 584 347 567 476 462 861 770 596 334 121 761 517 375 226 78 601 497 644 193 867 872 639 413 388 281 164 560 116 195 704 470 764 519 291 414 483 239 635 701 214 468 184 246 266 266 156 613 637 902 387 698 329 843 302 191 382 816 571 171 443 612 22 818 367 287 712 40 443 698 753 481 425 667 548 535 183 136
771 782 238 145 305 328 318 913 775 669 369 474 785 562 775 803 750 897 976 845 764 875 510 340 947 813 280 681 848 450 106 784 937 131 172 1102 687 874 415 634 446 0 136 785 948 987 954 833 604 610 921 560 599 763 730 977 548 208 835 963 559 928 492 804 315 760 840 715 1112 462 725 792 298 825 790 485 774 190 575 690 847 887 314 875 685 553 416 194 745 742 182 442 882 629 750 49 876 779 990 634 131 437 1004 749 625 594 524 702 119 718 535 731 760 572 503 628 281 373 817 398 368 648 825 923 649 159 806 907 374 797 925 241 675 554 579 667 438 467 969 634 780 97 856 759 1106 700 312 810 776 541 358 859 612 465 1067 97 702 652 423 810 547 788 894 424 706 409 829 269 577
743 852 231 46 176 330 421 930 764 755 285 557 712 474 756 883 853 800 968 918 750 879 611 239 943 896 369 739 890 526 61 693 966 259 65 1113 794 879 321 601 379 136 0 833 864 965 981 746 492 700 890 652 640 785 837 1002 626 251 752 969 607 867 608 870 395 736 887 608 1127 436 824 757 281 870 758 558 780 119 462 634 836 790 195 844 607 534 479 92 796 641 290 494 890 632 788 130 835 884 1025 706 59 407 1032 774 637 486 451 761 120 785 511 845 870 666 552 643 313 267 836 367 254 743 811 974 697 106 776 860 251 843 958 219 703 450 563 564 453 361 957 716 892 181 906 665 1130 594 208 714 872 625 345 817 692 394 1095 56 603 748 348 791 658 867 854 489 781 510 836 198 496
437 152 607 876 853 514 517 222 346 269 696 353 693 714 390 227 394 902 397 189 358 282 407 754 357 251 520 118 67 356 860 802 185 702 789 394 426 277 729 459 628 785 833 0 842 484 210 805 855 308 505 337 192 154 438 236 282 586 775 318 227 681 506 128 478 412 54 874 388 488 364 478 572 40 461 319 249 946 851 574 352 888 814 482 691 420 371 925 46 845 625 343 263 296 65 835 541 425 215 205 774 511 247 144 258 828 643 106 899 135 443 504 473 348 283 244 519 770 174 536 798 333 371 142 136 731 457 591 843 12 166 626 161 794 400 826 393 784 416 256 503 688 73 811 353 854 762 848 347 309 517 543 256 641 307 783 818 340 661 395 467 217 542 365 189 458 245 694 680
405 982 733 902 719 685 962 710 498 1025 582 927 178 390 453 1057 1177 126 567 1031 484 607 1034 625 585 1080 904 865 840 891 925 176 798 988 800 760 1172 611 543 426 504 948 864 842 0 473 787 120 413 1019 388 1005 759 689 1203 786 925 806 113 651 787 185 1114 967 878 430 866 306 791 547 1140 364 678 846 381 882 596 957 442 308 514 122 682 386 264 515 831 914 852 252 942 791 633 580 780 975 320 1215 860 927 829 558 822 698 625 405 425 880 984 931 512 1255 1244 1027 781 638 761 600 685 585 620 1070 485 930 805 790 388 279 643 842 808 718 705 427 512 324 669 513 536 985 1276 891 886 209 849 307 656 174 1149 954 643 310 966 484 852 864 279 1079 525 454 1119 1042 329 842 975 991 618 680 371
222 637 750 1011 892 659 844 283 217 736 708 730 410 594 211 711 875 580 103 665 225 201 823 774 135 734 810 561 452 708 1015 532 367 963 902 286 897 206 706 364 607 987 965 484 473 0 349 501 711 757 97 767 509 348 915 340 689 786 466 197 556 288 921 610 769 228 483 662 318 529 843 218 691 469 212 682 266 1082 725 377 157 569 846 130 483 434 676 1045 514 610 892 629 222 375 440 1030 177 908 418 648 910 557 371 364 399 687 561 565 1071 610 454 979 952 785 586 404 715 769 310 598 798 796 166 519 520 862 193 199 840 478 383 753 418 677 407 638 563 724 74 709 983 898 498 559 379 648 798 569 831 722 629 196 699 602 388 936 606 804 646 176 901 702 159 680 664 827 243 770 553
404 339 750 1026 970 651 713 77 314 476 795 555 670 763 356 404 587 872 247 345 332 181 617 859 214 425 706 325 148 552 1016 791 26 885 930 184 628 177 817 488 710 954 981 210 787 349 0 779 901 518 406 547 359 196 635 26 489 747 746 152 405 607 717 306 663 385 176 892 178 581 561 436 704 174 420 516 234 1099 905 577 275 859 927 400 701 491 554 1072 256 852 808 517 155 364 213 1003 467 613 73 415 921 609 51 206 347 874 701 316 1062 343 516 702 666 558 457 339 675 868 149 642 898 541 308 178 324 875 408 510 944 199 46 764 279 848 463 852 527 861 275 466 694 856 181 809 152 874 874 836 534 517 642 477 467 717 114 937 834 547 748 341 678 400 460 551 395 661 185 817 723
378 936 624 783 599 584 867 702 472 962 465 847 111 272 427 1008 1114 97 583 989 456 599 954 506 593 1031 807 812 812 809 807 56 787 879 682 781 1102 603 425 359 393 833 746 805 120 501 779 0 296 950 407 931 698 655 1135 783 853 700 35 656 719 227 1028 924 784 400 834 195 811 453 1077 343 571 814 360 804 568 838 323 237 505 83 562 391 157 438 747 794 807 138 836 709 625 523 740 858 329 1152 852 865 712 460 820 661 568 285 314 829 866 879 430 1184 1177 953 707 582 660 480 661 483 500 1002 471 907 750 674 371 303 523 806 795 607 656 306 440 205 583 392 553 920 1209 780 856 91 862 193 537 71 1090 880 542 313 899 372 858 747 160 1011 411 438 1038 993 343 758 920 903 600 564 257
517 953 446 522 326 454 732 827 593 932 256 770 321 140 558 1015 1073 321 765 1016 575 735 868 264 761 1035 665 820 885 729 553 239 900 682 435 957 1043 738 201 413 250 604 492 855 413 711 901 296 0 901 615 869 695 730 1082 912 802 531 316 814 696 492 919 952 657 528 898 118 983 383 1037 502 414 877 514 739 667 566 30 339 652 314 298 582 228 434 662 523 841 163 660 639 758 560 791 618 537 1112 968 844 473 369 949 729 597 27 212 841 609 886 412 1117 1123 890 662 610 519 230 758 366 238 955 617 983 758 448 532 534 246 860 901 421 693 66 455 90 515 138 741 887 1152 577 921 204 1017 109 292 242 1065 821 419 517 862 230 1000 509 135 962 236 584 946 998 557 675 913 793 716 349 178
640 209 518 735 783 460 294 525 570 61 677 146 847 774 605 201 172 1045 685 257 574 562 118 715 644 206 333 200 371 182 707 929 492 495 679 702 153 558 725 593 650 610 700 308 1019 757 518 950 901 0 752 50 264 410 186 544 99 458 928 617 232 890 206 241 306 615 345 958 696 523 136 682 515 343 668 163 492 796 887 715 605 1031 755 717 806 512 246 788 263 945 429 262 550 442 326 658 764 210 512 109 649 532 551 393 399 876 699 203 730 176 523 236 227 46 245 387 419 743 455 535 764 53 611 397 236 619 671 813 802 319 473 545 342 835 509 903 387 792 698 51 259 525 349 927 655 937 711 974 174 81 487 759 57 670 607 645 911 62 670 624 160 188 771 232 131 207 515 630 753
150 657 683 935 807 596 805 332 184 739 625 706 313 501 159 733 884 489 178 693 184 234 806 689 197 756 765 565 485 681 942 435 420 908 826 375 899 239 619 288 523 921 890 505 388 97 406 407 615 752 0 756 493 356 921 402 675 726 372 263 537 204 901 634 727 165 514 565 405 459 851 132 623 498 131 658 263 1005 630 284 153 477 761 46 387 369 641 967 528 513 840 594 259 336 452 962 80 919 478 646 837 486 436 370 369 592 472 573 999 621 386 982 960 775 557 377 658 682 332 526 712 796 141 564 516 789 114 109 752 502 433 683 410 583 345 541 512 633 148 708 992 836 532 462 461 551 715 474 845 708 563 99 695 517 464 865 509 804 562 131 887 722 63 647 673 798 261 693 460
636 253 475 686 739 422 243 548 572 111 639 102 831 745 604 251 210 1026 700 305 575 577 73 675 659 257 284 222 402 141 657 908 522 444 632 730 174 573 688 579 618 560 652 337 1005 767 547 931 869 50 756 0 262 423 213 573 81 412 911 637 223 883 169 284 258 612 379 930 725 496 176 677 475 374 664 130 500 746 854 699 612 1012 712 718 784 493 208 739 291 920 378 231 566 435 346 607 762 246 547 132 601 503 583 406 394 844 670 230 680 212 502 253 254 21 224 383 377 703 472 502 723 92 615 436 247 572 669 811 761 348 504 502 348 802 493 875 358 756 711 89 284 475 384 904 688 909 669 952 220 51 452 756 80 639 641 596 885 99 635 625 135 237 770 194 173 156 528 588 726
375 258 414 684 663 322 359 331 309 266 512 221 591 558 342 321 417 795 452 322 312 330 313 567 414 342 348 125 250 206 669 683 340 526 597 524 416 328 550 338 454 599 640 192 759 509 359 698 695 264 493 262 0 184 444 384 181 396 673 404 49 625 411 260 304 351 246 731 528 314 381 417 381 229 403 175 243 755 687 461 353 781 625 456 563 270 196 733 160 711 449 158 326 179 150 649 500 455 390 168 582 333 407 167 135 668 483 146 711 191 287 500 485 282 98 122 328 586 239 353 613 313 354 334 64 538 407 549 657 202 327 434 95 631 259 679 203 610 459 226 518 502 266 685 511 711 573 729 392 214 328 495 208 470 470 592 679 321 484 363 393 304 508 194 224 324 280 503 529
283 301 554 831 775 455 543 150 192 388 604 402 544 590 236 377 529 752 276 344 205 153 485 667 236 401 527 212 158 390 822 656 184 702 734 343 549 149 629 321 522 763 785 154 689 348 196 655 730 410 356 423 184 0 568 217 350 554 625 220 234 527 585 281 484 259 179 738 350 389 496 325 508 159 308 357 95 903 731 430 203 738 733 329 550 304 377 876 171 704 625 336 143 175 96 811 388 563 248 300 726 416 247 17 152 703 523 218 868 264 329 631 606 440 279 143 482 677 55 448 707 448 218 256 176 679 303 438 753 153 179 568 91 673 279 692 332 676 288 362 637 666 200 667 344 718 680 702 488 382 446 390 352 532 309 742 681 456 559 241 559 365 389 377 317 507 105 621 553
818 295 681 866 941 634 416 660 742 182 850 313 1032 958 780 237 52 1231 834 305 749 715 229 884 793 222 472 356 489 354 833 1115 609 602 826 818 42 711 901 778 831 730 837 438 1203 915 635 1135 1082 186 921 213 444 568 0 659 284 611 1113 756 416 1069 244 329 456 793 459 1142 805 708 73 860 685 465 845 343 657 920 1067 900 770 1217 917 889 992 698 421 919 402 1131 550 443 699 623 475 773 939 55 610 278 792 715 658 553 580 1058 883 350 846 306 709 67 41 192 431 567 585 913 606 715 932 133 780 479 407 768 848 989 968 447 589 708 513 1016 695 1087 570 969 851 218 73 657 454 1113 752 1122 876 1160 111 261 665 936 237 852 704 781 1096 124 848 796 185 237 945 407 251 327 672 795 937
410 363 771 1048 988 672 738 85 322 502 813 581 675 775 362 428 611 874 237 367 340 184 643 877 207 448 731 352 173 578 1039 797 51 910 951 159 654 181 833 500 726 977 1002 236 786 340 26 783 912 544 402 573 384 217 659 0 515 770 749 142 430 605 743 330 688 392 201 901 152 599 586 441 724 200 424 542 247 1120 917 585 278 861 945 400 709 507 580 1093 282 859 833 542 159 382 239 1026 466 637 78 441 943 627 37 229 367 886 715 343 1085 369 533 726 690 584 482 359 698 885 168 661 916 566 312 196 350 896 411 508 961 225 71 785 302 861 479 862 549 875 266 492 717 880 205 815 128 883 892 841 557 544 662 477 493 732 93 959 842 573 764 345 704 424 458 576 421 688 196 837 735
554 235 430 663 695 365 246 482 491 135 581 77 751 675 523 257 271 948 626 297 494 502 134 622 586 270 268 164 349 99 638 831 465 444 598 669 249 499 628 498 551 548 626 282 925 689 489 853 802 99 675 81 181 350 284 515 0 377 831 567 141 802 235 260 233 530 330 858 667 424 235 596 421 322 582 70 422 728 789 619 534 934 666 638 707 414 154 715 235 846 371 164 493 353 280 597 680 309 497 88 572 433 529 333 312 777 599 177 667 176 424 331 326 102 146 301 331 648 401 436 670 153 536 399 174 538 587 729 710 294 448 456 270 736 413 803 287 695 635 92 357 457 340 828 635 837 619 875 267 33 390 674 67 571 589 571 811 161 571 544 212 241 688 141 158 176 453 540 653
575 601 84 291 330 131 209 704 571 509 275 312 632 445 575 634 619 778 770 667 561 667 382 287 740 648 144 489 646 278 273 658 730 186 221 893 568 666 330 445 310 208 251 586 806 786 747 700 531 458 726 412 396 554 611 770 377 0 694 755 359 756 405 619 155 562 641 624 904 276 588 601 129 624 597 308 566 361 507 521 642 766 309 680 544 357 228 342 548 635 136 244 673 422 546 257 688 653 785 456 195 256 797 541 416 512 387 511 315 534 342 629 647 428 303 419 73 320 608 223 333 504 622 726 449 161 612 724 363 597 720 110 467 469 381 569 229 397 764 469 672 113 658 640 898 605 273 692 632 380 169 673 445 332 861 198 595 510 304 609 444 617 705 239 531 287 620 193 446
346 908 619 790 610 575 855 668 440 938 468 828 82 277 395 981 1090 127 547 961 424 565 936 513 558 1004 796 786 781 791 813 79 753 875 687 746 1080 569 431 335 390 835 752 775 113 466 746 35 316 928 372 911 673 625 1113 749 831 694 0 621 696 194 1012 896 771 368 804 223 776 440 1053 309 565 784 326 785 536 847 343 213 471 113 572 356 150 417 730 804 779 165 830 691 591 497 711 861 293 1128 819 841 715 448 786 631 542 304 312 802 872 852 411 1163 1155 933 686 556 651 489 629 474 510 980 438 875 724 676 338 267 536 776 762 605 629 320 418 226 566 404 518 897 1187 778 825 115 826 218 544 105 1066 860 533 278 877 370 823 750 182 989 411 405 1020 966 308 741 894 888 567 566 257
