312
0 907 748 884 828 648 597 605 405 601 458 926 864 1019 573 555 699 1151 462 919 989 636 785 369 1131 959 837 918 1190 936 1012 591 942 646 670 932 872 430 670 606 723 294 854 655 698 764 342 870 582 697 721 915 601 255 555 824 800 426 949 284 1157 818 743 942 902 790 1015 874 750 569 910 809 966 1034 1129 879 466 564 1001 924 750 1236 846 1135 53 1124 447 657 722 627 880 753 650 698 153 759 923 966 270 83 476 770 244 1090 540 271 864 556 851 78 890 165 327 191 184 576 566 759 819 1087 1061 678 937 877 947 330 1081 387 553 135 282 822 892 773 529 757 567 494 862 798 1033 1019 719 427 275 1223 1124 389 699 842 1113 993 717 761 1093 930 119 1122 1232 219 957 1165 792 815 663 630 571 1015 1010 964 484 771 592 1229 759 950 396 452 879 462 675 750 836 912 799 587 760 478 419 1007 120 961 904 936 808 779 108 435 868 642 814 726 904 710 140 293 438 993 779 661 757 928 719 180 1137 957 64 474 413 997 892 800 1023 600 658 566 841 601 1173 736 819 1067 910 779 949 742 262 658 111 820 766 409 745 847 200 793 626 654 646 441 905 786 732 345 82 832 770 906 577 84 1011 1142 308 1023 697 1182 987 106 921 736 1082 87 29 601 900 921 794 1041 705 162 616 835 415 1218 906 250 1003 216 335 825 263 841 505 756 253 1086 407 952 332 284 1048 501 407 633 692 455 1096 373 595 743 512 672
907 0 701 356 158 613 550 821 534 315 647 599 52 522 431 366 332 373 458 686 164 350 221 627 496 124 99 445 390 673 575 323 55 386 536 149 334 476 487 647 713 837 639 272 405 324 679 458 326 896 241 234 831 653 441 82 287 863 221 845 318 823 729 972 222 299 128 121 494 350 836 904 251 162 381 850 719 344 552 799 234 468 282 475 939 392 473 401 470 606 873 335 402 249 904 154 636 735 648 898 504 344 758 192 673 639 454 408 886 829 211 752 634 728 750 364 627 448 751 189 175 608 528 751 631 645 272 528 361 772 656 394 154 181 378 332 380 533 878 174 390 199 332 752 714 407 448 724 210 480 437 242 864 370 214 399 790 257 452 809 165 389 366 306 260 330 471 372 627 846 568 271 442 500 598 172 729 824 660 754 292 456 887 820 537 319 707 767 518 103 812 428 85 96 294 473 947 472 872 371 313 683 246 447 803 821 492 158 643 792 571 130 296 728 371 286 954 502 531 114 626 344 310 307 368 543 722 315 362 172 208 459 959 453 166 498 688 252 915 127 515 552 403 199 742 770 399 489 438 539 859 180 844 562 830 456 340 11 438 968 539 305 769 270 273 435 171 812 862 335 560 952 928 510 114 904 932 198 232 768 395 72 768 510 116 898 163 789 677 153 891 854 848 252 872 202 559 195 696 637 353 790 539 406 652 458 316 544 563 748 480 412
748 701 0 965 543 128 214 210 693 514 298 237 652 386 779 489 381 664 645 184 641 398 480 408 538 822 604 343 708 208 344 630 689 347 179 598 941 564 921 148 30 477 139 672 302 377 415 1031 599 225 480 890 221 586 771 657 416 384 552 489 730 125 29 285 515 858 715 776 208 644 182 203 543 705 626 171 284 544 347 180 474 708 885 559 738 609 646 834 231 148 187 366 828 711 629 659 212 222 548 679 382 357 504 780 209 572 294 728 189 694 858 611 743 592 580 449 194 954 76 776 737 110 297 128 240 446 659 635 508 669 510 956 815 528 582 369 702 329 184 529 499 645 826 327 479 745 565 359 575 1031 559 576 181 331 746 391 658 741 715 532 606 670 913 402 665 725 820 493 313 226 311 819 812 669 106 858 352 336 153 295 737 954 187 176 181 573 12 285 455 786 748 396 630 645 868 987 700 550 182 789 395 26 497 256 611 471 465 651 72 142 133 816 793 664 646 506 747 388 445 703 186 363 553 561 359 246 92 635 709 631 494 486 266 972 597 204 737 552 669 577 191 422 297 820 741 73 802 910 289 390 190 525 154 560 724 1007 361 692 792 747 367 719 442 585 454 654 631 728 202 367 434 722 747 884 789 227 233 675 508 731 787 666 343 644 793 549 659 532 423 548 534 158 310 786 530 748 418 576 420 536 547 275 707 816 69 511 638 645 205 50 766 303
884 356 965 0 474 851 770 1027 483 460 808 920 376 868 311 499 588 721 446 996 518 567 517 740 852 266 412 778 731 989 915 365 407 618 786 503 24 518 244 869 968 932 939 304 667 614 787 106 393 1120 492 130 1034 673 329 342 594 1003 575 935 649 1091 988 1249 567 112 463 235 775 367 1126 1159 606 499 734 1131 884 446 892 1097 507 812 82 831 930 747 459 227 742 837 1150 621 234 258 941 311 953 1050 688 908 651 638 829 490 868 666 774 336 1154 816 146 768 558 751 783 529 834 156 1029 490 498 857 858 1044 954 738 620 517 483 761 717 75 203 459 435 620 336 699 1150 471 745 552 172 901 793 740 804 859 390 137 793 598 1098 660 534 738 789 583 794 874 521 737 93 619 308 280 317 726 962 1147 735 149 293 851 875 211 866 978 964 916 247 169 1151 1113 831 412 973 934 620 369 767 771 437 452 98 162 959 525 1146 246 625 942 590 714 828 916 593 511 922 1019 849 237 188 713 721 638 945 645 635 454 936 650 666 418 605 749 1009 356 701 336 523 813 1231 147 522 776 624 413 935 432 800 665 686 161 686 1038 258 257 676 672 1144 470 1086 597 802 119 634 367 307 963 882 639 869 626 514 786 526 778 1151 612 910 954 911 306 243 1187 1178 544 460 723 270 338 912 863 243 972 514 850 781 467 970 1124 1017 180 949 521 673 550 802 684 709 964 478 251 903 539 667 526 782 1005 372 662
828 158 543 474 0 458 400 670 498 229 511 450 111 395 447 272 181 343 418 533 161 215 65 510 407 280 64 304 376 522 441 296 151 240 380 104 450 407 542 495 555 716 484 276 250 166 560 566 283 741 109 369 679 572 451 132 130 727 139 725 330 665 571 814 106 390 202 249 336 326 679 747 167 212 334 693 579 274 418 644 88 438 393 394 852 337 431 447 312 452 715 177 445 280 802 178 486 585 559 806 383 186 649 279 526 556 304 408 728 749 340 665 597 640 657 254 479 528 593 275 242 452 385 595 484 535 258 475 276 695 557 494 288 55 323 174 375 401 720 29 293 192 395 616 605 404 371 594 156 579 359 180 708 212 270 264 708 294 428 700 129 359 457 151 262 347 492 271 488 692 434 353 467 452 440 322 597 685 506 614 325 534 729 664 380 264 549 625 415 246 747 298 94 119 392 558 852 399 714 406 158 526 125 290 710 701 393 166 485 637 413 279 356 656 334 183 867 382 425 185 473 188 234 246 222 397 565 291 354 168 52 357 801 539 121 340 640 184 818 42 357 440 245 313 686 612 432 539 287 421 702 41 687 484 757 555 182 148 456 880 408 316 648 214 139 392 159 742 706 178 443 861 845 545 255 747 775 213 123 706 423 137 634 453 259 783 176 682 560 6 773 696 704 324 756 264 446 131 577 546 274 646 507 443 495 373 283 492 413 590 479 259
648 613 128 851 458 0 86 217 565 393 189 284 561 406 653 365 281 640 517 272 577 285 392 291 547 728 513 331 685 288 382 507 608 236 78 528 827 436 795 53 120 399 206 553 208 296 306 913 476 283 378 784 228 466 644 559 341 336 494 411 692 248 143 408 452 742 645 674 154 520 310 307 492 642 606 298 202 421 376 303 379 699 772 562 643 592 517 710 155 21 313 283 704 594 543 552 276 322 429 585 254 281 404 716 119 451 273 602 308 587 752 501 617 479 471 327 81 832 204 712 674 30 316 248 301 331 616 507 383 557 393 837 713 433 456 287 577 201 307 438 482 588 706 250 372 722 562 267 464 910 553 526 253 256 689 368 548 691 703 439 541 649 794 333 547 603 692 471 369 351 186 703 685 671 112 760 263 287 232 226 617 831 302 303 171 450 139 224 327 704 634 384 550 569 753 864 611 421 306 665 327 101 437 171 508 389 337 587 132 179 117 719 674 547 623 461 654 260 318 631 245 296 517 440 251 118 208 512 680 522 412 487 386 850 532 145 614 438 579 486 153 296 221 712 621 199 678 784 179 263 319 432 236 434 615 887 284 604 665 656 392 680 352 542 349 643 569 616 331 279 464 632 649 757 690 354 328 619 402 614 662 569 269 650 695 474 596 435 313 461 460 280 281 670 451 689 293 515 315 416 521 229 579 691 58 383 605 517 77 157 638 201
597 550 214 770 400 86 0 271 481 310 151 329 498 427 567 280 219 624 431 338 534 209 335 229 555 661 451 336 668 350 415 421 552 165 72 482 747 351 709 100 207 376 269 470 158 250 256 829 390 353 310 709 280 395 557 491 296 343 458 388 665 334 229 494 412 660 596 602 156 434 394 390 461 597 593 384 195 335 405 385 316 693 692 566 599 582 432 625 137 68 399 236 618 512 508 476 331 392 360 542 170 240 359 670 127 380 278 515 394 531 676 442 538 419 415 243 78 747 289 666 629 105 342 329 353 269 587 424 298 495 328 754 640 368 369 240 490 121 393 378 476 550 622 240 322 705 562 240 387 826 551 494 328 219 648 362 491 656 694 401 497 635 711 295 464 518 606 462 413 434 115 622 599 671 171 689 239 297 297 227 533 746 388 387 201 366 225 233 246 646 571 385 494 517 672 779 574 336 393 580 290 187 401 138 457 364 253 543 205 250 162 649 591 480 608 435 611 177 238 581 301 262 496 356 182 35 289 428 660 446 360 493 471 765 488 148 539 358 540 423 169 220 188 635 551 285 592 698 113 185 404 370 315 355 556 803 243 542 579 616 417 652 319 515 279 636 527 554 416 227 489 592 602 671 619 441 408 579 329 548 576 501 260 653 625 452 553 392 262 403 439 367 307 589 427 646 217 476 268 346 507 250 495 605 144 297 582 435 12 243 552 142
605 821 210 1027 670 217 271 0 663 567 232 446 770 592 788 528 489 852 638 391 795 478 604 337 741 933 722 535 896 416 553 666 821 436 295 745 1005 551 932 174 179 312 349 722 421 512 317 1076 636 104 582 975 11 506 776 762 557 193 712 323 908 222 187 337 670 915 861 872 368 671 320 204 710 859 816 281 168 581 554 346 587 905 952 760 583 801 633 858 373 218 279 499 851 768 466 744 422 419 468 527 381 498 376 933 158 497 480 740 246 566 943 498 685 485 463 499 196 984 251 929 891 234 501 313 450 365 832 603 544 556 425 1003 909 640 602 503 721 329 259 648 690 806 869 186 367 934 764 236 654 1067 756 744 112 473 906 577 537 909 910 387 758 860 960 550 719 760 821 681 523 376 295 878 821 871 292 959 227 154 362 153 783 981 231 326 368 615 217 133 432 916 633 588 763 784 928 1015 536 538 266 816 545 203 655 388 479 311 453 804 277 70 312 920 842 565 835 677 590 387 418 847 396 513 732 608 453 283 289 673 894 713 627 686 305 1004 749 360 662 622 509 695 361 388 439 900 648 215 823 919 383 368 308 641 128 514 600 1046 501 813 800 585 573 896 302 759 551 850 787 610 325 493 643 561 597 883 890 318 195 836 600 628 807 772 194 847 895 374 814 395 326 673 359 240 110 847 360 906 381 733 314 460 733 105 677 836 203 508 819 608 258 175 759 410
405 534 693 483 498 565 481 663 0 279 432 772 500 807 172 257 441 842 79 808 649 377 479 327 876 565 486 697 874 814 824 211 578 416 537 597 469 131 295 554 682 477 738 264 485 506 360 482 216 767 411 510 666 199 154 453 525 576 636 477 823 806 705 963 595 385 655 479 582 183 875 844 661 681 830 861 497 229 806 866 444 936 440 871 448 831 67 258 544 544 874 501 250 301 461 380 787 865 224 425 311 522 367 725 519 197 658 151 861 333 486 287 100 273 306 300 508 373 770 722 703 587 748 810 803 307 755 59 244 278 263 426 494 444 176 504 165 364 864 471 764 684 314 494 341 902 853 443 345 460 840 678 762 527 739 687 306 775 926 405 624 857 391 548 275 227 182 743 846 916 387 366 196 945 645 550 452 565 767 520 272 366 852 869 645 234 705 541 239 626 293 723 553 585 403 399 476 146 865 238 550 667 605 520 348 462 228 650 684 683 629 532 314 230 832 665 463 305 251 637 760 551 726 252 418 447 770 219 852 364 510 816 937 394 617 577 156 313 452 476 606 278 529 444 215 762 224 280 452 306 883 460 761 150 322 445 520 536 179 481 808 808 424 712 400 887 650 299 896 483 868 472 431 233 506 916 849 699 381 248 212 462 498 941 512 503 660 382 352 493 503 838 615 352 482 730 284 630 370 225 761 573 14 233 623 187 782 56 488 715 116 463
601 315 514 460 229 393 310 567 279 0 358 525 268 536 283 50 174 568 201 581 389 122 200 316 597 396 236 428 603 581 561 120 344 173 335 333 438 177 415 408 513 526 515 159 238 233 368 519 90 659 132 412 574 345 280 235 247 567 361 533 560 639 534 799 318 350 414 321 347 141 685 701 384 432 554 683 434 50 541 664 165 661 384 592 629 553 211 324 310 378 701 230 318 202 589 188 549 638 335 585 202 252 443 490 408 330 395 233 701 522 380 441 374 416 436 68 373 441 583 487 460 403 488 608 559 331 488 248 47 467 340 443 353 174 104 233 202 243 698 200 485 421 312 458 399 633 573 423 106 517 561 405 638 262 492 412 482 521 652 494 359 583 401 270 153 213 328 464 591 715 280 311 313 667 435 409 429 534 543 467 223 441 696 674 410 63 523 484 203 418 517 448 303 335 362 473 633 169 696 278 274 489 327 282 489 510 177 393 481 558 412 374 280 427 557 387 644 198 216 396 525 279 449 47 167 288 570 123 583 159 232 538 778 458 351 345 412 64 601 219 373 239 274 335 457 587 295 407 227 232 700 188 626 256 528 494 249 312 295 657 540 545 458 438 121 610 388 513 709 214 595 639 620 391 343 740 719 441 106 476 280 246 472 662 349 584 403 473 366 226 577 672 567 280 558 485 247 359 385 324 483 511 290 308 448 145 510 265 322 550 292 223
458 647 298 808 511 189 151 232 432 358 0 470 595 577 557 312 334 768 405 461 659 298 450 113 706 746 551 487 812 478 562 443 659 273 221 604 787 318 700 151 277 226 396 504 294 382 117 850 414 335 407 769 236 292 544 577 427 216 591 237 802 391 299 540 543 696 713 676 307 445 473 415 598 719 738 450 76 362 554 478 423 840 737 717 454 728 400 629 287 169 458 368 621 552 358 544 465 510 254 396 157 377 214 789 93 279 430 509 439 398 738 313 462 293 282 292 108 755 373 785 750 220 491 427 490 149 723 372 326 371 213 778 710 469 376 373 492 115 444 485 624 679 645 105 183 848 711 90 456 840 701 630 330 359 773 512 360 787 840 252 623 779 736 431 502 534 589 609 555 522 79 660 589 821 301 764 90 177 421 109 561 752 427 471 347 396 310 126 200 748 449 536 605 631 710 786 425 306 448 588 427 274 536 285 318 213 222 667 321 253 301 728 620 366 752 575 466 163 186 696 434 403 639 393 290 130 389 451 802 514 479 644 511 775 613 299 447 418 392 525 318 155 332 693 445 354 593 687 240 138 474 475 332 285 427 819 379 641 568 469 566 788 168 653 376 784 653 429 489 355 639 445 460 650 697 501 418 707 415 433 577 588 122 803 703 301 677 246 125 512 288 420 210 630 276 770 148 605 125 242 653 155 445 606 236 278 723 377 145 304 526 272
926 599 237 920 450 284 329 446 772 525 470 0 559 155 809 524 353 456 706 96 491 405 402 559 308 723 514 159 498 76 107 644 569 358 257 464 895 641 937 333 267 682 97 664 290 308 583 1004 616 454 435 820 457 720 805 581 325 609 400 694 537 301 263 408 380 825 571 699 190 667 265 395 381 552 417 297 485 570 112 219 414 485 837 332 924 398 711 843 227 301 322 305 838 691 826 610 41 137 687 867 482 285 684 623 402 704 146 759 351 861 790 771 845 748 745 479 364 948 226 620 581 253 80 189 34 599 476 721 541 825 657 929 739 460 620 305 728 444 336 448 294 484 813 533 650 534 343 551 543 1012 338 410 408 267 579 211 820 563 495 722 463 459 889 301 654 731 854 295 85 258 444 786 838 441 171 769 547 560 94 506 728 951 360 248 130 588 231 501 558 661 900 197 516 519 830 980 895 626 326 797 294 243 357 251 785 673 557 503 170 379 169 727 774 808 439 340 936 487 554 564 52 269 367 571 360 362 182 646 505 589 399 264 407 963 456 196 856 538 862 491 167 542 251 761 875 263 817 930 319 506 294 449 378 668 886 988 289 587 821 939 133 529 635 408 422 435 481 884 291 318 198 915 929 917 704 339 434 513 471 874 803 587 551 414 708 758 508 716 590 456 743 321 541 754 735 585 541 429 594 673 348 499 785 830 257 585 444 734 330 280 814 310
864 52 652 376 111 561 498 770 500 268 595 559 0 492 411 318 280 375 423 643 164 298 172 577 480 169 48 408 397 632 542 289 78 334 485 131 353 434 481 596 663 787 595 245 354 275 629 474 288 845 189 263 779 609 419 50 241 811 200 795 332 775 680 925 191 306 154 143 446 317 790 855 231 182 377 804 667 300 519 755 182 471 298 462 895 386 437 391 421 554 826 286 390 229 857 125 595 694 603 853 454 296 709 227 620 595 413 383 838 786 236 707 601 683 704 314 575 451 704 224 202 558 490 706 592 596 276 490 315 729 609 406 181 129 338 283 353 481 830 123 370 201 327 700 665 418 435 673 165 492 424 229 813 322 239 365 747 278 457 761 154 391 374 262 232 309 453 350 592 802 516 273 425 498 550 211 677 772 617 701 275 459 838 775 491 278 658 714 470 153 773 396 66 93 304 479 901 429 825 356 269 634 214 397 757 771 444 161 595 741 523 168 289 686 370 261 910 451 482 137 583 299 295 264 316 490 676 281 371 136 163 437 912 459 151 449 652 206 869 76 467 502 355 215 705 722 385 482 386 489 813 129 794 519 788 468 292 46 419 924 507 318 719 260 221 434 169 771 817 285 534 907 884 497 145 858 882 208 181 729 378 46 717 505 149 849 169 741 627 105 841 806 796 249 822 229 509 178 646 591 338 738 506 393 602 412 315 506 511 699 456 361
1019 522 386 868 395 406 427 592 807 536 577 155 492 0 811 549 366 309 733 245 387 429 366 649 152 642 455 109 349 220 63 646 483 395 356 376 844 683 926 459 415 800 250 651 330 303 683 961 622 608 419 755 603 793 811 526 296 742 304 812 397 456 414 555 301 786 467 636 270 673 414 550 277 441 269 449 607 586 45 365 391 330 787 176 1024 249 741 830 297 420 473 306 826 667 935 572 192 269 763 968 551 285 785 505 525 776 155 765 505 949 729 858 891 833 835 507 481 921 381 502 466 378 91 342 169 688 346 763 564 906 740 889 673 423 639 304 732 524 489 404 157 370 787 655 747 384 189 665 523 975 186 299 562 280 457 131 907 432 341 828 366 310 853 270 638 721 857 166 122 397 535 748 837 285 302 694 662 692 249 632 709 926 514 396 234 595 382 630 621 565 977 97 437 431 787 951 1001 669 479 785 266 389 277 310 880 789 613 398 315 528 289 653 747 883 293 238 1037 554 621 463 207 257 242 577 390 454 337 645 359 556 351 111 557 933 362 279 913 530 967 437 259 616 282 706 941 418 809 921 377 582 443 409 532 727 969 950 287 511 823 1042 23 391 746 287 417 281 377 964 438 324 63 1019 1026 917 635 486 589 396 456 947 797 529 674 259 638 876 401 819 688 402 862 475 680 718 852 465 617 332 695 749 213 633 819 821 393 630 307 778 432 432 828 356
573 431 779 311 447 653 567 788 172 283 557 809 411 811 0 293 456 781 154 863 574 405 451 467 852 431 413 705 807 864 841 166 483 455 607 531 299 239 143 655 774 639 796 171 521 511 508 312 193 889 392 353 793 368 17 360 515 727 585 641 744 901 796 1061 553 219 560 348 630 142 957 951 613 591 777 951 629 240 821 940 421 878 276 841 618 783 162 85 591 634 966 510 78 182 633 285 832 920 388 597 411 532 532 621 634 364 677 51 960 504 334 459 249 445 477 336 612 206 853 619 607 669 770 884 842 456 685 214 274 449 422 253 353 401 197 512 81 465 960 426 736 611 148 635 501 829 818 587 294 293 806 623 877 544 646 682 478 688 865 573 556 797 219 541 185 102 46 715 874 991 496 208 32 897 711 404 596 710 824 656 139 200 953 948 693 220 790 677 356 509 457 719 474 504 238 234 648 251 960 73 545 754 569 564 520 624 335 572 756 797 690 396 159 401 774 629 633 404 371 544 808 556 681 238 450 537 845 166 781 282 475 797 1037 227 552 627 314 281 624 414 655 402 558 296 376 852 53 131 505 420 970 416 871 302 490 276 529 437 12 652 818 730 582 657 394 835 577 466 980 495 868 643 600 108 375 1007 963 619 355 412 44 366 643 899 379 671 580 550 501 440 671 934 756 204 650 634 409 571 520 387 721 708 167 60 711 280 721 219 576 810 62 504
555 366 489 499 272 365 280 528 257 50 312 524 318 549 293 0 183 605 184 571 434 120 235 266 622 447 285 440 641 574 569 141 393 165 314 377 477 141 431 375 486 475 504 194 233 248 318 551 110 622 168 458 534 299 286 286 270 519 399 482 603 613 508 773 354 387 462 370 339 155 665 670 420 479 588 660 388 55 550 647 199 696 425 618 581 587 192 345 300 348 677 243 338 241 539 238 544 629 287 537 155 264 392 539 369 284 402 241 674 477 426 393 346 368 388 44 337 466 561 535 507 378 494 591 556 280 528 218 18 422 291 476 402 217 97 246 213 200 672 242 511 464 343 411 348 672 601 374 157 546 589 443 603 270 538 430 436 566 688 443 402 620 434 292 191 237 335 491 594 698 236 350 324 698 418 458 380 487 532 421 256 466 668 655 403 87 499 438 152 469 476 466 350 382 400 499 584 130 671 300 294 464 360 274 441 459 126 438 463 523 397 424 314 383 593 418 596 150 165 444 518 294 482 81 163 254 552 148 622 209 269 560 751 485 394 336 378 115 551 265 364 189 275 381 419 562 313 422 212 183 678 230 593 212 484 523 262 363 305 609 551 588 407 475 149 644 431 470 688 225 610 591 573 400 393 717 686 485 149 436 297 297 424 692 399 534 448 423 315 270 526 646 522 319 507 532 196 399 334 275 514 467 270 326 422 100 547 234 291 522 291 214
699 332 381 588 181 281 219 489 441 174 334 353 280 366 456 183 0 454 367 415 325 66 117 351 443 447 232 256 494 412 387 291 333 61 206 269 564 320 584 315 388 549 353 313 79 67 398 663 264 564 98 509 499 452 453 278 102 548 261 558 473 506 406 662 212 485 380 395 187 315 537 581 272 384 430 543 400 222 368 509 98 537 507 443 716 425 375 490 153 273 563 60 485 344 650 279 379 472 429 664 227 81 494 456 344 435 221 407 570 623 477 533 528 507 518 142 297 598 441 452 416 280 314 455 387 382 395 399 198 573 417 587 434 151 274 63 375 230 564 159 337 346 464 438 450 529 429 421 198 667 417 302 534 88 438 248 580 453 533 544 288 467 546 116 303 378 502 318 417 559 260 446 485 531 286 479 423 505 380 434 377 600 568 524 246 236 388 444 280 427 637 283 276 299 493 630 706 307 560 443 116 360 209 126 569 534 265 333 333 460 260 438 427 541 439 259 730 228 285 364 357 111 325 218 44 216 420 292 480 252 144 381 646 614 279 187 555 186 672 205 212 291 103 439 590 453 463 576 105 264 556 151 516 375 637 643 79 324 468 740 368 459 482 329 74 483 319 627 562 42 426 719 712 564 409 599 606 373 128 601 449 288 456 522 414 619 343 529 399 184 608 538 523 413 592 435 295 272 414 415 349 464 453 476 325 269 402 415 231 425 466 80
1151 373 664 721 343 640 624 852 842 568 768 456 375 309 781 605 454 0 762 551 211 514 369 803 186 459 367 320 44 528 371 638 319 511 569 250 701 745 857 691 688 992 542 610 474 392 848 826 627 889 437 593 863 899 787 425 351 967 206 1003 99 753 693 863 250 673 259 493 486 668 721 847 185 223 39 754 820 615 355 673 405 96 653 155 1169 60 774 767 491 646 778 405 766 603 1103 497 496 579 880 1118 681 392 947 253 746 883 372 747 807 1074 576 985 940 960 972 577 697 821 676 252 229 619 377 645 476 835 101 817 612 1022 871 767 520 397 666 400 715 679 792 370 164 174 702 865 903 82 130 859 499 851 128 163 845 409 200 274 1032 157 84 996 224 16 740 341 597 679 825 170 430 706 703 645 798 129 563 515 859 919 548 851 649 830 815 703 485 607 663 855 731 358 1080 268 309 283 668 847 1160 735 783 731 343 658 246 486 1023 978 713 216 591 796 540 484 664 987 17 195 1184 682 738 267 505 365 129 589 497 638 634 633 50 498 336 198 863 827 229 494 980 528 1126 369 490 745 436 572 1025 710 759 857 529 718 750 382 817 816 1085 828 391 364 790 1194 333 100 929 130 456 65 206 1073 746 420 303 1173 1165 872 479 794 885 177 462 1041 752 421 884 146 479 1066 210 981 850 348 1054 776 921 623 1039 213 749 212 864 867 118 867 851 767 649 704 60 833 634 713 820 498
462 458 645 446 418 517 431 638 79 201 405 706 423 733 154 184 367 762 0 748 570 305 400 313 799 498 407 624 794 752 754 135 501 348 481 518 429 87 296 513 636 489 679 194 417 431 354 463 136 740 332 456 642 228 139 377 448 573 556 491 744 763 659 922 516 340 577 412 518 109 826 808 581 603 750 816 476 151 735 814 365 856 393 793 501 751 14 234 480 497 830 427 226 236 497 305 724 805 242 471 266 448 383 649 486 220 587 112 820 386 430 326 179 307 337 228 469 359 721 646 625 536 678 757 738 302 675 75 169 329 272 398 430 364 97 429 110 321 822 391 686 605 274 481 350 822 774 433 266 446 762 599 730 455 661 612 353 697 847 427 544 777 360 471 203 172 183 665 778 864 349 315 185 866 588 487 441 556 708 503 215 354 812 818 582 154 657 523 205 553 357 648 474 506 358 388 522 99 822 202 474 619 526 454 385 473 186 571 630 650 570 466 265 282 752 586 516 260 219 560 697 477 647 172 348 399 718 143 772 287 430 739 897 380 537 514 229 234 494 397 543 249 460 385 284 716 198 282 389 270 836 380 726 151 381 428 446 460 164 533 736 729 429 632 323 808 571 360 848 409 794 521 486 245 439 872 817 620 302 312 183 386 488 862 445 526 581 404 347 414 524 795 602 296 503 652 257 550 366 238 682 555 89 210 576 134 702 88 440 671 122 396
919 686 184 996 533 272 338 391 808 581 461 96 643 245 863 571 415 551 748 0 585 458 480 562 395 810 597 253 593 27 188 701 659 408 273 556 972 676 996 313 215 658 69 728 343 381 579 1076 671 381 505 902 401 733 857 662 404 569 494 670 634 215 203 312 471 898 665 782 233 721 169 308 476 647 512 203 461 622 200 123 488 575 914 421 912 492 751 904 271 293 228 375 898 759 808 685 55 57 698 854 505 358 675 718 381 718 231 812 260 860 871 773 873 751 743 527 353 1014 148 715 676 242 177 98 76 602 572 754 589 829 663 1001 821 537 668 376 782 459 244 528 390 579 880 507 645 628 435 533 612 1082 431 506 334 336 676 306 821 659 586 707 556 554 960 382 718 792 907 392 141 163 452 858 893 528 167 855 528 521 41 477 793 1016 270 152 170 644 175 468 581 752 906 294 604 610 904 1046 878 661 234 857 375 200 448 298 779 650 585 597 140 321 179 812 843 817 535 435 923 510 575 657 60 347 463 628 413 373 104 704 601 661 481 356 312 1030 549 235 877 602 846 573 207 558 313 839 889 187 876 988 360 523 198 528 303 692 887 1058 362 675 875 924 222 625 618 504 488 527 575 888 195 385 277 899 920 971 788 243 348 608 540 885 861 669 524 500 792 731 602 705 586 539 716 231 494 826 711 681 556 522 587 684 444 460 822 889 228 620 541 766 336 216 862 358
989 164 641 518 161 577 534 795 649 389 659 491 164 387 574 434 325 211 570 585 0 370 212 668 337 265 164 332 233 568 446 440 111 386 499 57 497 566 645 622 659 872 551 405 377 284 718 621 433 854 270 393 805 733 581 215 238 872 91 881 173 753 670 889 126 463 80 285 435 470 748 841 111 64 217 770 723 432 423 706 244 307 446 314 1014 228 583 556 423 576 794 298 555 394 962 288 532 629 720 967 541 297 809 139 662 718 359 543 814 911 372 826 749 801 818 415 613 611 677 135 96 565 413 664 521 694 111 631 436 856 718 559 315 216 478 294 512 554 802 191 240 37 491 763 764 255 286 746 304 644 276 88 817 321 113 280 870 132 292 860 37 227 530 244 391 472 616 224 502 749 585 433 589 336 534 321 748 828 568 757 440 619 817 731 462 417 644 766 576 178 907 300 100 71 458 637 1013 558 795 521 250 628 144 407 871 856 554 11 574 753 507 284 453 816 207 152 1029 540 586 76 528 282 153 401 369 538 641 434 207 293 181 307 881 617 46 441 795 339 980 173 450 600 356 364 844 702 549 646 424 579 774 203 793 645 918 620 293 154 582 1041 407 158 804 110 298 271 10 903 774 307 414 1022 1007 662 275 820 874 51 284 865 543 210 782 346 275 940 18 842 718 163 930 781 842 411 913 111 605 64 734 708 195 784 657 557 605 534 152 648 547 690 616 393
636 350 398 567 215 285 209 478 377 122 298 405 298 429 405 120 66 514 305 458 370 0 157 298 510 455 253 320 554 458 448 242 360 52 219 313 543 254 538 309 401 502 393 275 115 133 347 633 213 562 109 500 487 387 400 284 164 514 315 511 527 524 421 684 267 459 417 393 225 263 565 592 330 426 492 566 369 165 429 543 126 600 487 509 655 488 312 446 187 273 585 126 440 312 594 267 427 516 366 605 171 146 440 494 325 371 281 354 587 560 467 471 462 445 458 77 282 561 465 490 457 290 373 487 438 325 449 334 137 509 356 557 431 170 215 129 324 186 583 187 403 395 429 403 395 587 494 380 179 634 482 358 536 149 482 314 517 501 595 490 334 528 515 181 267 334 449 383 473 593 220 420 435 596 314 480 383 474 421 404 340 562 584 554 288 185 407 416 217 450 571 349 307 334 469 593 648 241 581 400 182 375 267 160 509 486 200 377 361 459 291 441 395 476 500 320 670 171 223 400 403 176 386 169 44 195 450 245 538 237 190 447 665 577 325 223 489 154 614 227 251 232 155 426 524 472 417 529 109 209 582 177 521 309 573 610 145 343 417 680 431 513 434 387 77 546 365 562 590 107 491 660 651 513 411 623 613 420 121 535 402 295 420 587 416 570 387 473 347 215 560 557 498 387 542 478 237 323 364 352 413 440 390 431 336 203 460 349 222 438 409 101
785 221 480 517 65 392 335 604 479 200 450 402 172 366 451 235 117 369 400 480 212 157 0 455 403 341 123 266 406 471 405 290 216 177 315 155 493 375 559 430 491 659 427 285 184 103 505 603 271 676 68 421 614 532 452 182 76 664 164 668 372 603 507 754 118 425 263 302 274 319 621 683 184 269 353 633 516 250 383 587 36 460 435 394 807 353 411 463 249 387 655 114 460 300 751 209 435 534 515 759 329 125 597 339 461 515 256 407 666 707 391 621 575 595 610 209 414 555 532 335 301 387 342 537 436 482 295 449 243 654 510 529 342 58 302 111 374 342 658 49 288 237 421 554 552 438 374 534 158 614 362 208 643 150 325 235 666 344 453 648 177 384 491 101 272 356 496 267 448 636 373 387 475 466 378 380 537 622 451 551 342 560 666 606 322 247 486 561 368 312 711 271 159 182 429 586 804 365 653 419 108 462 126 225 663 644 347 219 424 572 351 338 381 618 357 186 822 328 376 247 420 133 248 228 159 333 505 287 387 191 33 346 740 568 167 277 612 172 770 96 296 388 183 359 655 550 444 555 222 366 643 48 623 447 718 589 121 212 461 834 376 357 592 239 88 409 208 705 647 114 419 814 801 554 311 687 711 262 98 672 432 190 572 462 316 727 229 630 505 68 717 634 640 355 700 321 394 167 522 502 282 582 489 455 431 335 312 465 348 527 476 194
369 627 408 740 510 291 229 337 327 316 113 559 577 649 467 266 351 803 313 562 668 298 455 0 765 713 539 550 845 576 643 376 648 292 302 610 720 228 608 259 388 210 494 442 335 410 52 771 351 441 400 717 339 179 452 550 452 264 611 217 824 504 411 653 563 628 711 636 380 372 585 527 624 722 777 563 169 305 631 588 423 883 674 772 376 770 305 544 352 269 571 398 537 492 299 505 560 613 141 321 126 412 143 788 206 166 495 422 552 302 686 212 350 190 186 262 214 670 484 784 752 319 568 535 582 40 745 268 275 267 102 702 667 461 305 403 410 127 558 481 673 693 571 168 100 880 763 120 422 757 752 653 441 400 779 566 261 799 881 193 632 816 661 462 444 460 494 656 643 633 115 595 498 870 396 723 128 243 521 192 493 666 540 582 430 339 420 213 120 730 344 594 599 628 644 700 359 218 561 507 460 382 560 341 231 193 147 674 423 365 391 690 551 256 788 608 389 127 105 693 529 441 673 341 307 197 496 386 831 475 488 702 624 691 623 372 333 381 324 515 397 77 380 641 333 466 508 594 281 89 587 470 444 177 327 738 413 623 477 396 641 809 141 680 371 827 663 326 602 382 712 373 377 554 660 614 528 718 398 324 492 561 175 856 665 273 684 178 50 509 264 533 289 568 246 775 69 620 68 129 694 245 341 521 342 200 753 272 228 416 430 309
1131 496 538 852 407 547 555 741 876 597 706 308 480 152 852 622 443 186 799 395 337 510 403 765 0 602 455 219 217 369 207 693 447 488 488 349 830 762 950 600 566 932 403 682 432 376 804 953 674 761 467 729 753 893 854 523 351 883 279 943 284 608 566 700 301 786 407 617 400 722 562 702 248 375 150 599 744 648 196 512 436 181 776 30 1141 129 809 855 419 558 623 384 852 688 1060 584 344 412 867 1087 655 365 906 424 663 876 277 810 656 1057 707 967 968 941 947 584 617 930 534 422 392 520 240 493 319 802 257 840 633 1011 848 886 650 451 702 380 777 638 640 426 115 308 801 791 866 248 57 796 557 972 63 253 715 370 371 200 1015 335 195 952 330 181 854 330 669 754 897 136 261 539 655 752 874 133 449 658 794 834 402 771 733 937 666 544 377 650 534 771 719 511 1078 171 416 399 784 958 1123 749 629 814 328 539 283 425 995 920 707 346 466 679 433 621 761 983 173 224 1155 658 722 409 360 334 186 630 478 578 490 690 235 576 377 63 704 939 330 409 998 575 1089 445 395 722 385 694 1033 571 840 947 485 690 591 435 685 819 1075 948 366 485 862 1162 174 282 874 227 476 140 328 1067 585 402 124 1139 1141 952 610 633 742 326 501 1044 830 524 811 106 611 1008 345 941 808 414 994 626 825 725 982 382 724 302 818 852 143 776 888 850 540 713 209 856 562 584 879 458
959 124 822 266 280 728 661 933 565 396 746 723 169 642 431 447 447 459 498 810 265 455 341 713 602 0 218 568 466 797 696 368 159 496 653 266 247 535 449 760 832 922 763 304 523 445 765 372 380 1011 351 135 942 712 444 171 410 960 338 929 383 944 849 1095 345 246 200 85 616 389 959 1025 366 236 474 974 820 412 674 923 349 547 208 579 995 489 512 378 590 720 996 456 381 263 974 209 761 860 713 960 596 466 835 225 780 700 579 422 1008 882 125 812 662 790 816 455 737 389 874 224 233 726 651 875 755 726 359 572 438 824 727 321 80 295 434 453 401 630 1000 293 503 295 301 850 792 474 551 818 291 400 541 351 981 492 268 521 846 317 529 885 277 473 303 430 295 341 462 486 750 970 667 233 432 588 720 56 823 924 785 855 296 399 1008 944 661 382 828 869 597 103 855 549 207 210 234 408 1010 534 995 361 437 803 369 566 867 906 570 256 765 907 693 35 275 778 460 404 1010 592 611 194 750 468 418 375 480 651 845 358 436 237 332 571 1082 389 280 619 721 332 979 245 637 636 525 141 780 892 388 455 551 628 982 297 962 623 878 379 462 135 434 1027 660 373 854 375 381 524 274 858 986 454 676 1012 982 487 58 1028 1051 283 334 810 388 160 865 603 53 978 257 864 762 275 972 976 952 228 952 255 643 310 781 704 460 894 567 390 771 528 407 586 674 868 488 527
837 99 604 412 64 513 451 722 486 236 551 514 48 455 413 285 232 367 407 597 164 253 123 539 455 218 0 367 394 587 502 276 109 287 437 117 389 409 497 548 615 748 547 243 306 227 590 506 270 797 144 305 731 582 420 71 194 767 176 756 337 726 631 877 157 333 177 185 397 306 743 807 207 197 365 756 622 274 480 708 134 464 332 439 866 371 421 403 372 506 778 237 402 237 823 131 550 649 572 822 414 248 674 253 574 567 368 380 790 759 277 678 586 653 673 276 528 475 655 250 223 509 448 658 548 560 273 470 284 703 576 436 224 83 317 235 348 438 782 75 342 200 346 657 629 419 414 631 141 522 402 211 765 274 257 325 719 290 451 725 143 384 401 215 229 311 457 321 551 756 473 298 431 485 502 258 635 728 570 657 283 481 790 728 444 256 610 669 435 196 750 358 67 99 333 504 869 403 776 365 222 585 179 348 726 732 410 164 547 692 474 215 306 661 360 231 881 411 447 159 537 251 274 241 269 444 628 270 370 130 116 408 863 485 138 401 634 179 837 27 419 465 306 251 685 673 393 495 338 450 765 81 745 492 763 497 244 91 422 894 469 323 679 244 175 422 165 747 769 236 499 876 856 506 191 810 834 213 140 707 385 74 673 489 195 811 173 705 589 58 803 757 750 270 784 249 472 159 607 560 315 692 494 402 553 382 307 487 464 650 453 313
918 445 343 778 304 331 336 535 697 428 487 159 408 109 705 440 256 320 624 253 332 320 266 550 219 568 367 0 364 236 139 539 413 287 269 307 754 573 822 384 368 713 228 547 223 194 587 868 514 568 314 672 546 687 704 436 192 666 241 724 390 438 373 562 224 691 412 552 181 565 419 531 222 394 282 446 525 477 117 375 288 370 697 231 926 266 632 726 200 341 470 197 722 566 842 475 199 296 659 871 446 175 689 464 445 670 58 657 495 846 644 755 782 730 734 397 398 822 360 461 422 306 82 337 189 588 323 654 454 802 637 795 590 324 530 195 625 424 482 308 156 325 687 572 649 402 230 577 420 880 222 252 525 170 422 53 804 408 375 734 304 326 757 166 534 617 751 150 183 416 437 653 731 339 243 617 575 617 239 553 607 826 501 402 166 487 343 554 515 503 872 53 361 362 694 853 906 560 473 681 161 339 200 208 781 701 506 343 271 477 223 575 648 777 303 181 939 449 516 405 198 148 214 469 281 359 320 539 365 457 255 157 557 835 298 190 805 424 872 346 178 512 175 618 834 392 704 817 272 479 447 312 497 620 866 855 178 434 716 946 113 380 655 252 310 314 322 860 446 214 171 923 927 811 554 492 567 354 351 841 692 441 592 319 557 788 349 723 591 311 775 463 612 622 763 427 513 270 600 644 203 561 710 717 332 521 297 669 343 393 720 249
1190 390 708 731 376 685 668 896 874 603 812 498 397 349 807 641 494 44 794 593 233 554 406 845 217 466 394 364 0 569 411 668 335 553 613 278 711 780 877 736 733 1035 586 637 518 434 890 837 658 933 473 601 907 937 814 448 393 1011 242 1046 86 796 737 904 288 689 268 507 531 698 762 890 223 232 82 796 864 649 395 714 442 82 665 187 1209 100 807 788 535 691 820 447 788 627 1145 521 538 619 919 1159 722 435 989 250 790 921 416 775 850 1112 586 1024 973 999 1012 614 741 837 720 249 233 664 420 687 517 877 121 851 648 1060 911 779 531 430 699 442 743 721 835 404 208 196 722 909 945 37 164 902 529 863 164 198 889 452 199 319 1071 152 63 1038 251 39 754 383 624 705 850 215 469 746 746 662 823 132 607 522 902 963 591 895 673 846 858 745 530 640 707 900 771 363 1118 312 333 304 682 861 1201 771 825 754 386 703 286 530 1063 1021 752 236 635 841 585 493 685 1024 61 237 1224 722 778 279 548 408 172 622 538 682 677 663 29 525 372 237 905 842 258 539 1015 560 1167 399 534 786 480 586 1060 753 782 878 572 759 792 415 861 853 1124 840 434 382 815 1234 373 93 971 167 494 80 229 1111 787 462 338 1213 1205 895 491 835 928 192 496 1078 776 443 928 156 490 1108 229 1023 892 380 1097 819 965 642 1082 212 790 244 906 906 163 911 883 790 694 741 93 867 678 757 847 541
936 673 208 989 522 288 350 416 814 581 478 76 632 220 864 574 412 528 752 27 568 458 471 576 369 797 587 236 569 0 162 700 645 409 282 541 964 682 995 332 239 678 82 726 343 374 595 1071 672 408 500 892 426 746 859 653 395 592 477 690 611 242 228 335 456 892 648 772 234 722 193 335 458 629 488 229 481 623 174 145 482 550 906 396 931 468 756 902 273 309 253 369 897 755 827 678 36 62 711 872 514 351 692 700 400 730 219 813 286 875 862 788 881 766 759 529 370 1011 174 696 658 258 156 124 51 617 551 761 592 843 677 995 811 529 671 370 783 470 270 519 368 561 876 527 661 604 410 552 607 1077 406 487 361 331 656 288 836 638 561 726 539 530 955 372 715 790 908 370 114 182 465 853 894 502 179 843 547 544 57 498 790 1013 297 175 171 644 199 489 591 737 920 274 591 595 898 1043 897 668 259 856 365 222 433 300 796 670 593 579 158 346 188 801 839 831 511 417 941 519 585 641 55 338 443 627 414 385 131 703 577 655 471 332 336 1026 533 238 887 599 865 563 209 569 309 831 902 214 875 988 363 534 223 520 330 701 902 1053 355 662 876 943 197 603 637 485 484 502 558 903 218 380 251 918 938 972 778 266 375 589 535 898 861 659 545 474 781 752 585 723 602 529 737 258 518 820 731 662 567 506 603 697 422 482 828 888 248 627 519 773 349 242 865 359
1012 575 344 915 441 382 415 553 824 561 562 107 542 63 841 569 387 371 754 188 446 448 405 643 207 696 502 139 411 162 0 675 538 408 342 431 891 697 961 433 374 780 205 685 340 330 672 1006 650 561 452 806 564 795 839 573 331 713 360 792 461 403 370 494 352 829 526 686 262 701 355 496 335 502 332 391 584 609 22 306 426 388 834 233 1014 311 760 865 294 398 416 331 861 705 920 614 139 207 764 957 553 309 774 567 501 778 166 793 449 944 778 854 905 830 829 525 460 961 330 564 527 352 76 286 112 682 408 778 585 905 737 933 724 463 662 329 761 521 433 446 220 431 826 632 737 445 249 647 559 1019 247 359 515 299 519 177 903 495 399 814 423 372 896 305 673 755 887 228 59 335 528 791 868 339 272 747 643 663 199 607 746 965 459 337 214 622 339 603 626 623 978 147 490 487 832 992 988 683 422 820 300 350 328 312 872 770 621 457 277 487 264 706 787 884 356 295 1026 557 625 522 159 285 304 604 406 445 286 675 422 596 393 173 497 974 418 270 922 562 954 483 246 616 294 754 946 368 842 955 381 582 384 450 484 735 967 994 312 564 853 1031 40 454 730 349 446 341 435 963 378 347 90 1007 1018 948 687 427 536 457 490 949 830 577 651 311 689 856 460 807 678 448 842 420 646 760 833 527 616 389 684 749 276 603 837 855 361 643 370 792 419 387 854 364
591 323 630 365 296 507 421 666 211 120 443 644 289 646 166 141 291 638 135 701 440 242 290 376 693 368 276 539 668 700 675 0 367 293 453 390 344 169 295 516 627 576 635 68 358 345 425 410 31 762 228 344 672 345 164 242 351 639 435 581 614 754 649 914 399 253 443 283 467 29 803 812 462 469 630 800 519 86 655 783 258 734 297 684 627 633 149 205 430 490 817 344 199 117 610 170 668 758 348 592 286 366 479 514 507 333 511 118 815 514 315 445 312 423 450 180 478 325 700 511 492 519 603 727 678 379 548 206 123 456 368 336 306 245 72 346 85 337 813 271 578 476 203 536 440 694 662 494 139 404 650 476 744 379 528 518 478 565 723 528 417 654 294 376 73 96 211 557 707 834 371 219 194 748 554 364 501 612 663 550 118 324 809 793 530 57 640 569 256 419 490 554 343 374 268 357 643 171 812 159 380 605 412 402 501 560 229 441 600 664 532 338 177 410 630 473 642 280 271 426 645 390 529 73 287 395 689 10 645 152 316 636 893 343 410 466 364 117 613 269 494 301 393 269 419 703 175 287 346 307 818 261 735 256 511 382 362 325 177 658 652 599 511 510 228 688 442 492 827 329 703 644 614 273 310 857 827 489 192 446 160 251 547 747 315 624 450 505 420 290 620 787 652 191 599 518 309 426 441 341 567 599 218 188 563 176 578 221 432 664 185 343
