291
0 488 300 608 594 901 812 642 924 515 763 138 306 285 177 162 381 408 531 493 860 307 902 591 671 765 624 205 884 357 356 369 879 650 833 619 544 720 587 496 627 715 602 858 724 297 654 279 185 287 760 380 792 477 935 1002 277 198 143 966 527 343 156 919 712 677 434 516 753 790 690 187 326 214 628 549 408 542 358 370 461 587 618 262 294 990 573 230 360 1005 494 544 460 578 747 277 677 465 654 734 368 857 390 411 464 394 753 592 502 474 543 878 495 551 833 963 450 629 662 647 677 559 485 834 472 809 933 361 227 779 850 916 61 383 937 603 396 929 449 70 183 915 792 504 219 739 198 156 945 432 456 878 521 429 388 349 782 323 299 932 983 778 821 554 787 405 1002 446 529 876 595 573 907 445 832 387 233 462 717 910 186 240 867 984 252 943 37 584 523 793 873 706 864 855 418 811 960 728 867 604 650 633 353 247 737 902 650 709 65 295 391 966 656 326 604 875 375 453 920 953 603 667 209 81 290 426 439 688 623 343 811 763 319 861 589 486 907 855 221 676 500 537 655 556 919 884 394 696 1032 812 361 880 875 748 521 251 655 658 374 639 138 959 463 836 497 662 826 150 739 720 489 732 672 451 417 808 211 1054 402 472 405 544 964 975 114 109 389 522 101 473 984
488 0 190 187 688 731 426 630 449 28 554 396 493 407 600 510 343 337 108 58 525 182 418 288 402 494 141 291 396 598 242 451 487 478 592 173 426 335 777 196 246 562 304 591 500 347 268 468 305 237 399 140 333 809 462 820 495 581 425 481 615 476 550 434 224 188 78 104 506 560 204 368 562 423 808 686 377 407 418 136 767 803 583 587 525 514 95 591 588 774 17 587 144 223 374 232 272 754 173 452 183 538 552 129 158 382 279 122 55 485 490 723 62 134 488 771 751 316 464 334 396 586 486 346 509 548 504 128 484 758 513 589 427 370 716 797 257 617 453 455 375 634 517 459 429 589 290 409 469 215 229 577 57 110 481 620 304 542 310 491 499 405 336 811 341 176 753 667 338 419 237 882 523 809 710 739 365 819 346 775 302 273 731 678 236 745 454 828 589 538 761 375 378 383 91 453 679 725 384 786 315 472 142 333 586 466 806 341 429 437 409 502 728 388 133 391 324 50 640 767 784 757 307 556 199 67 297 733 645 278 399 675 674 640 929 222 420 369 366 411 40 798 671 167 540 574 503 317 544 324 686 549 806 786 317 318 755 464 585 717 499 752 614 623 200 397 424 351 332 242 648 316 339 201 527 587 329 892 100 374 666 179 708 782 425 480 744 849 390 713 502
300 190 0 342 582 740 540 562 625 218 572 229 382 254 411 324 241 252 234 192 611 49 601 339 443 542 323 100 586 440 196 373 607 471 629 343 385 445 645 229 348 553 353 642 523 252 375 308 115 126 496 127 495 640 636 837 331 395 238 666 506 334 362 618 412 378 134 220 541 590 395 185 402 286 680 566 335 372 291 109 603 664 520 410 362 691 273 408 432 813 199 492 177 304 477 104 393 593 362 504 154 616 412 158 226 278 453 304 215 391 425 724 195 257 579 791 587 377 470 396 443 498 397 536 408 593 647 62 309 701 600 673 240 316 749 665 238 693 357 264 191 694 569 386 256 580 104 223 646 186 213 646 220 166 404 457 482 384 217 642 682 510 520 661 494 138 800 519 324 581 321 721 638 634 695 564 194 645 447 769 115 128 723 753 52 767 269 683 486 580 744 452 563 555 118 550 741 659 566 657 390 459 53 210 577 614 686 440 245 284 350 669 634 302 303 574 276 153 700 784 655 657 153 365 13 136 242 649 564 164 529 642 496 669 762 278 606 559 232 450 199 646 594 300 653 648 374 422 731 511 515 634 772 708 306 151 652 468 433 620 311 779 484 647 232 435 548 178 457 419 517 447 415 240 401 614 148 902 123 313 508 297 758 803 236 309 568 683 206 563 683
608 187 342 0 875 891 528 814 448 164 714 488 514 585 747 665 529 524 270 238 644 311 395 451 559 641 205 436 331 775 273 444 577 650 742 37 609 452 963 376 385 733 465 732 661 379 398 643 443 322 519 230 381 981 464 974 668 736 579 443 802 658 700 401 211 178 263 274 660 714 157 527 739 480 994 873 351 590 602 242 942 987 767 753 700 504 206 750 766 916 170 774 329 380 492 330 389 931 121 599 242 664 735 197 148 568 310 86 136 672 675 887 241 288 606 924 926 471 633 487 551 773 673 287 696 694 562 286 651 940 632 706 549 356 864 982 255 738 640 592 534 767 661 645 597 759 420 564 461 402 415 706 219 181 467 795 321 719 350 538 469 518 322 992 406 363 890 848 518 455 390 1059 615 976 879 906 534 987 470 940 432 369 898 798 373 898 571 1011 776 686 930 515 352 399 274 568 809 908 371 972 462 647 308 394 756 520 992 467 544 615 391 517 915 401 231 370 320 237 773 922 970 944 402 684 346 210 484 919 831 461 486 851 839 792 1102 161 378 288 430 569 217 978 856 54 633 700 688 441 489 292 856 667 981 972 497 488 942 634 764 904 651 901 799 778 380 556 515 458 434 274 833 415 483 178 712 742 491 1048 219 560 843 75 845 934 572 569 911 1023 506 894 478
594 688 582 875 0 434 655 139 901 712 406 674 875 345 480 434 349 351 623 640 608 631 922 493 457 482 735 543 967 250 774 908 701 339 474 859 296 614 142 512 584 324 487 520 412 796 596 321 559 694 597 705 768 345 902 518 317 433 463 983 76 265 460 945 821 808 612 614 448 442 841 458 272 767 148 62 901 317 291 686 297 184 169 359 300 954 699 401 242 570 705 103 548 551 608 671 627 271 830 486 737 585 204 732 798 309 783 803 740 202 220 402 637 617 607 498 287 505 370 505 472 111 202 927 179 487 797 613 367 214 606 630 586 878 512 155 819 618 235 528 457 568 499 237 389 327 585 459 922 473 464 574 664 733 936 274 812 271 772 819 982 621 868 238 738 512 588 186 386 817 554 341 704 395 341 363 417 388 594 405 582 669 376 644 590 491 604 230 98 474 358 538 904 841 603 614 597 164 889 138 533 325 588 740 327 791 128 588 610 320 905 896 63 844 699 904 846 638 571 485 136 76 668 566 588 678 392 101 95 424 694 266 370 465 411 857 951 966 738 452 660 239 107 850 705 588 215 599 1055 884 326 615 323 157 403 444 69 366 225 45 457 512 132 442 509 451 686 636 653 775 114 662 533 821 188 439 471 541 687 319 241 855 570 509 494 696 368 353 606 201 972
901 731 740 891 434 0 433 303 696 742 177 926 1113 617 849 772 529 506 627 673 320 784 744 443 331 256 693 760 824 639 924 1113 438 268 161 861 364 462 569 541 506 189 428 194 231 992 497 636 784 865 403 823 607 779 688 100 650 801 758 786 447 573 813 764 741 750 684 628 232 178 785 720 643 1008 558 494 1070 371 543 807 729 610 303 737 650 725 684 776 627 138 748 401 601 512 429 845 515 703 796 295 869 290 563 836 885 509 658 805 785 433 359 32 668 605 347 65 718 420 272 404 340 381 421 802 443 210 534 732 695 251 328 298 868 1053 92 576 958 268 454 831 723 205 244 397 684 164 800 745 711 557 532 252 681 825 1144 672 676 630 958 568 773 418 725 669 569 609 162 606 416 609 501 772 418 826 93 786 672 820 439 67 804 864 62 259 776 58 896 656 429 212 100 383 746 661 685 378 206 283 721 558 429 281 712 947 165 551 522 439 890 610 1089 656 396 1042 662 737 1010 698 204 53 557 421 880 905 751 761 499 356 345 592 488 168 777 111 842 951 782 844 961 322 691 672 326 892 409 267 529 464 847 756 741 310 178 344 435 668 435 273 608 407 788 79 528 116 537 335 464 875 495 672 529 513 410 924 516 150 709 162 787 439 657 908 162 77 787 979 792 787 868 631 758
812 426 540 528 655 433 0 529 267 420 291 769 908 586 849 751 468 440 324 378 124 564 311 225 199 193 324 613 391 724 666 875 67 316 272 492 377 94 792 317 191 358 217 241 257 764 165 640 637 641 60 559 178 930 262 490 666 810 692 357 613 602 799 332 337 357 422 334 229 268 389 633 705 823 803 691 804 360 539 549 878 830 489 777 685 307 342 802 710 411 437 562 363 236 65 628 154 856 413 173 606 150 647 555 579 482 240 445 466 504 445 443 374 297 89 442 862 189 285 176 185 547 495 373 531 225 143 498 688 593 113 180 758 795 374 807 683 215 493 753 639 257 194 449 648 372 637 674 285 379 357 194 368 536 905 758 250 683 726 164 347 36 296 869 141 410 379 747 320 179 219 967 99 957 465 894 598 959 94 497 647 663 466 273 591 417 789 872 583 228 508 123 313 227 433 54 292 589 288 791 164 329 491 738 370 137 781 102 770 601 834 244 659 809 306 304 750 420 261 444 789 693 692 854 553 483 391 638 568 474 55 479 852 321 1032 638 349 415 766 203 388 864 576 548 114 184 590 117 422 328 838 144 581 666 317 566 700 289 696 658 755 413 665 320 315 206 32 716 95 264 688 113 146 624 597 291 602 565 517 404 777 570 336 449 710 846 900 957 735 790 334
642 630 562 814 139 303 529 0 785 650 267 697 897 364 561 495 321 310 549 576 472 611 812 394 337 349 653 546 865 341 758 917 571 214 334 793 206 499 282 439 485 185 386 380 278 798 492 364 567 683 474 674 658 478 784 395 371 512 501 869 143 299 531 834 731 724 560 543 313 303 759 479 350 788 283 194 895 226 294 655 427 324 47 444 364 834 623 484 329 437 647 103 486 460 488 660 522 401 753 357 712 448 270 697 759 286 681 736 684 176 140 272 573 538 475 369 415 398 244 395 352 85 168 829 171 349 668 579 420 141 471 491 622 874 376 294 799 478 209 572 480 428 363 176 424 187 589 492 805 416 400 436 597 693 946 372 708 340 769 693 866 497 764 377 625 463 452 302 299 698 459 481 571 523 214 483 432 518 478 286 589 667 250 504 582 359 645 370 130 337 242 419 798 728 554 485 457 97 780 276 424 203 554 745 188 666 256 473 645 348 905 773 130 848 616 796 837 584 431 356 274 163 673 631 570 633 336 112 44 398 572 137 476 326 550 822 843 870 751 330 597 377 47 797 571 449 249 487 940 784 438 478 232 157 319 445 170 241 310 130 515 379 225 302 435 333 561 652 539 678 225 551 420 788 229 299 481 429 649 257 354 806 432 380 532 735 488 489 632 329 855
924 449 625 448 901 696 267 785 0 428 558 844 933 760 1005 907 650 627 394 432 376 629 66 418 447 460 308 719 164 927 678 877 259 571 537 412 608 287 1031 457 336 622 420 501 521 787 316 820 739 686 314 586 141 1141 16 742 848 974 833 90 850 798 954 78 243 281 491 409 495 535 291 771 900 872 1047 930 789 589 731 585 1091 1068 741 957 873 65 355 974 914 652 450 802 473 382 297 682 284 1072 332 436 624 405 857 568 560 676 171 393 461 728 683 708 430 376 349 697 1075 398 541 396 432 790 721 179 756 492 177 566 858 859 367 412 864 790 628 1048 677 449 709 879 778 504 461 676 809 638 729 815 22 525 513 446 406 546 903 958 145 878 752 141 81 292 126 1099 164 532 616 966 530 88 371 1191 287 1159 732 1092 749 1164 307 761 740 722 732 493 676 673 894 1106 820 495 775 365 101 70 506 321 528 852 77 1033 370 581 571 781 636 148 1030 313 870 782 827 74 913 822 322 82 747 473 507 701 1031 947 756 983 636 516 572 896 821 628 216 745 1039 584 1252 600 104 206 815 454 428 1091 832 491 301 433 799 303 156 157 1036 389 848 928 518 707 952 544 903 910 904 666 889 585 458 452 235 798 248 207 917 240 367 603 812 558 734 816 549 613 987 515 578 702 842 928 1098 1174 832 1012 71
515 28 218 164 712 742 420 650 428 0 564 419 509 435 629 539 368 362 114 74 524 208 395 298 410 500 120 319 369 626 255 463 480 492 599 147 445 332 803 213 248 576 313 596 510 362 267 497 333 258 397 158 317 837 442 829 523 610 454 456 640 504 579 409 198 162 106 114 514 568 176 397 591 443 833 712 385 426 445 156 795 830 603 616 554 493 81 620 616 779 22 610 164 230 371 254 268 782 144 457 198 539 580 142 158 407 259 95 46 509 511 735 77 138 487 779 779 323 477 341 404 609 509 319 533 554 491 156 512 777 512 588 454 379 723 823 265 617 477 483 403 637 522 481 458 602 317 438 447 238 250 578 60 121 491 649 283 570 326 477 476 402 313 838 328 202 757 694 355 402 243 910 517 838 723 768 394 848 345 787 329 296 743 678 263 753 481 855 613 544 774 378 354 363 119 451 681 745 361 812 320 488 171 352 600 452 831 340 455 465 418 484 751 401 119 367 334 78 643 776 810 780 330 583 227 90 319 755 666 305 390 691 703 648 958 219 395 341 386 420 53 825 692 151 533 575 530 315 519 299 715 548 822 807 334 347 778 477 612 740 528 759 640 632 217 406 416 377 325 221 674 309 343 203 554 596 358 901 120 396 694 166 712 790 454 503 772 878 416 740 479
763 554 572 714 406 177 291 267 558 564 0 771 951 485 737 651 382 356 449 495 209 615 598 266 154 97 518 603 669 552 752 946 318 113 75 684 220 297 548 365 331 81 250 116 53 825 324 517 628 697 247 649 452 728 554 268 536 691 622 647 387 459 695 620 572 577 508 450 63 36 613 576 546 849 550 455 898 220 415 633 675 590 239 636 543 598 508 671 539 244 570 334 426 334 270 677 345 650 622 127 695 183 471 660 709 370 495 628 608 324 246 173 491 427 219 220 662 243 103 228 164 315 312 643 343 82 417 560 575 304 210 224 723 882 177 561 784 213 333 694 580 170 101 274 554 85 641 607 576 387 361 168 504 649 977 587 516 529 789 447 639 267 569 640 415 438 238 543 249 470 324 743 311 767 178 715 530 764 274 227 646 699 187 247 612 195 752 635 361 71 225 214 594 513 510 239 208 306 571 543 254 130 541 782 83 424 522 273 743 485 919 532 393 875 486 588 839 522 174 214 541 425 718 778 584 586 337 364 311 435 343 189 691 98 812 774 634 685 799 145 514 638 309 715 308 182 425 295 714 596 664 212 293 382 266 518 435 106 521 396 663 206 458 75 361 158 324 719 334 505 471 351 237 748 419 45 560 338 612 290 587 731 202 231 648 831 721 745 717 579 625
138 396 229 488 674 926 769 697 844 419 771 0 201 334 312 273 396 419 461 415 835 215 815 561 657 755 537 167 785 459 224 244 836 662 835 504 561 674 690 454 578 736 574 854 726 159 605 353 142 168 724 269 720 605 857 1026 361 325 213 876 601 409 282 829 617 580 358 447 750 794 589 218 423 93 730 638 271 555 403 264 584 696 665 379 385 910 489 354 458 1015 397 607 406 532 706 165 623 585 550 720 247 837 472 297 341 421 673 485 397 521 579 906 418 485 804 983 572 600 667 618 660 619 531 735 527 804 877 280 315 838 824 895 99 246 949 708 261 913 491 165 218 908 783 538 285 762 133 214 864 401 428 864 439 317 267 459 699 415 161 871 895 739 732 671 721 361 1007 549 524 806 550 700 867 578 867 517 265 594 675 944 126 124 899 971 178 961 102 699 591 790 912 676 774 777 344 777 954 790 781 706 616 647 281 109 760 842 748 668 79 355 257 893 734 192 523 787 236 372 914 974 704 750 89 219 216 329 434 760 686 336 759 804 447 870 721 355 814 752 83 663 417 654 718 435 881 868 461 651 938 718 484 857 926 821 511 258 740 665 468 717 249 975 549 846 457 648 778 53 687 637 579 676 640 322 487 815 219 1085 299 486 516 420 966 995 184 83 519 651 68 582 899
306 493 382 514 875 1113 908 897 933 509 951 201 0 535 480 463 588 608 584 531 990 346 891 719 825 924 629 355 841 656 255 89 973 845 1010 542 750 813 887 609 717 924 734 1024 903 146 743 554 332 267 870 353 826 782 947 1213 561 505 413 947 802 611 462 902 692 653 485 573 923 970 650 419 621 108 928 838 178 741 602 360 768 890 863 567 584 996 589 537 656 1194 488 808 552 678 849 282 755 772 609 886 310 996 673 367 376 616 768 543 473 720 774 1095 535 611 956 1167 757 757 848 776 825 819 729 795 727 975 998 411 514 1038 978 1052 292 163 1128 904 260 1074 689 357 419 1076 951 733 486 950 313 415 951 568 594 1027 548 388 93 652 790 614 183 985 970 882 811 860 835 520 1182 745 702 912 695 879 1007 748 1059 693 465 765 819 1136 311 253 1090 1134 339 1145 282 890 792 962 1106 830 848 871 475 925 1123 990 861 903 768 832 423 171 948 959 947 812 269 556 140 992 935 113 626 864 194 488 1082 1160 902 951 233 374 369 429 614 962 886 521 888 999 625 1049 891 353 882 801 152 832 526 843 919 461 1022 1029 662 792 1000 789 668 1013 1123 1022 686 453 941 845 667 919 439 1157 750 1026 612 817 911 244 818 729 779 804 793 337 688 994 416 1274 395 675 708 439 1140 1180 383 198 694 827 269 776 977
285 407 254 585 345 617 586 364 760 435 485 334 535 0 264 169 118 147 387 377 608 299 756 362 415 500 504 198 769 191 435 563 651 372 557 578 264 506 392 302 428 432 369 587 451 450 451 62 213 352 528 381 618 402 767 717 90 224 141 822 270 82 217 777 599 573 329 374 482 514 599 115 155 426 428 319 556 266 73 363 359 410 335 197 119 823 456 216 181 724 421 273 300 379 522 330 481 346 575 475 405 600 158 412 480 115 602 530 449 190 258 592 377 395 587 678 343 397 387 410 424 284 201 721 193 538 723 300 101 505 600 659 258 533 656 411 481 666 164 214 115 644 527 219 69 454 239 129 782 235 247 615 407 418 591 213 633 134 427 730 831 550 683 408 602 243 723 265 272 693 392 475 672 408 547 338 71 416 495 625 236 324 582 717 250 659 282 429 257 523 589 467 726 690 316 572 687 456 720 405 423 354 276 394 453 700 437 488 281 30 559 783 403 498 472 732 502 357 649 668 403 422 322 293 256 375 195 427 351 136 600 479 280 581 522 532 773 753 394 417 394 394 384 548 681 623 130 482 894 686 283 626 595 488 271 103 414 384 180 387 179 676 233 556 301 406 607 292 534 578 266 533 440 494 157 530 126 769 373 199 258 548 687 691 171 371 344 442 268 310 828
177 600 411 747 480 849 849 561 1005 629 737 312 480 264 0 98 383 411 615 589 872 435 993 624 680 762 723 312 990 230 516 546 915 626 812 752 520 765 441 551 682 675 632 845 709 471 707 221 303 439 792 517 865 302 1013 948 201 49 175 1059 426 279 51 1012 816 785 532 600 742 769 805 235 212 391 483 426 583 526 325 504 292 434 548 121 199 1070 672 79 238 968 609 458 532 632 785 424 735 300 773 738 517 864 291 550 611 377 839 716 626 418 495 822 590 630 852 914 284 660 646 674 689 476 430 941 406 798 983 473 165 685 865 922 216 558 901 456 560 928 404 158 228 902 788 463 201 695 327 192 1027 482 499 877 620 565 564 209 869 221 468 988 1071 813 915 392 853 473 972 307 537 944 646 399 936 269 769 213 256 285 757 845 315 393 805 976 374 898 209 423 432 782 803 731 958 934 516 836 944 634 956 460 685 608 457 418 694 958 510 749 233 255 567 1035 543 502 697 967 546 557 907 903 459 547 368 106 404 547 458 581 532 380 860 694 148 830 412 643 1004 967 395 681 601 375 562 699 946 885 320 742 1128 912 195 890 790 637 535 297 533 642 256 526 101 916 350 804 550 670 869 310 792 810 367 788 703 606 334 782 274 989 530 462 257 690 939 926 175 281 214 347 259 323 1070
162 510 324 665 434 772 751 495 907 539 651 273 463 169 98 0 287 315 519 495 778 354 897 526 585 669 628 228 896 195 452 516 817 538 724 667 431 667 425 452 583 592 534 755 619 425 609 136 225 371 695 438 767 337 915 872 124 71 86 962 371 199 48 916 723 692 439 504 651 681 713 141 164 363 466 387 539 435 235 424 312 426 476 106 135 972 578 88 197 886 520 394 435 533 687 353 637 312 683 645 444 770 232 471 535 284 742 628 539 338 414 746 496 533 756 836 299 562 556 577 594 410 350 847 331 707 885 384 77 627 770 829 173 513 818 441 498 836 320 107 135 812 696 378 104 613 251 101 929 384 401 785 526 485 539 188 773 163 415 890 974 716 819 398 755 376 887 283 441 846 548 429 839 319 696 252 158 332 659 773 241 328 732 886 292 818 181 427 370 691 733 635 862 837 424 740 855 576 860 442 587 520 367 369 612 859 487 651 196 165 529 937 497 464 601 871 495 465 817 825 440 506 308 135 319 460 360 531 471 282 761 623 181 746 456 574 908 875 353 587 508 381 503 619 849 793 247 643 1032 817 213 796 728 590 439 200 494 552 211 480 24 836 302 720 452 575 771 255 693 714 327 690 605 535 266 696 180 917 446 369 245 612 853 848 99 270 255 383 208 312 972
381 343 241 529 349 529 468 321 650 368 382 396 588 118 383 287 0 28 297 300 491 290 651 245 298 386 414 233 672 279 437 600 532 269 451 516 165 388 435 197 315 340 250 477 343 480 337 173 256 362 410 358 508 495 656 630 200 342 242 717 275 149 334 673 508 487 265 285 372 409 516 194 250 481 465 343 574 161 82 339 447 462 281 311 223 712 371 334 266 625 359 253 212 267 404 339 368 430 498 359 393 484 217 383 449 39 498 463 393 151 188 509 299 299 469 588 431 278 280 291 307 257 156 627 171 428 605 264 220 461 483 543 341 553 558 454 479 553 117 313 198 534 414 147 183 365 275 226 672 138 141 501 328 383 630 308 529 228 450 614 724 432 582 475 489 166 621 332 154 580 279 556 553 509 471 442 148 515 377 548 277 349 503 605 261 567 370 490 251 413 517 348 623 581 255 453 579 418 615 443 305 253 239 429 364 583 463 370 361 134 585 670 396 530 380 628 516 292 539 579 441 422 358 403 249 328 78 409 323 77 483 411 390 480 610 509 671 661 438 301 320 463 353 501 563 508 163 365 789 588 385 510 537 467 152 138 418 277 258 383 293 581 272 456 195 289 489 346 419 478 305 418 321 473 185 427 179 688 337 91 342 506 583 600 267 450 448 531 338 379 719
408 337 252 524 351 506 440 310 627 362 356 419 608 147 411 315 28 0 283 291 462 301 630 218 270 358 400 254 654 300 447 617 504 244 424 509 142 362 444 179 291 317 223 450 316 496 313 200 278 376 382 364 485 516 632 607 226 371 270 695 278 170 363 651 492 473 261 272 344 382 503 221 273 502 472 350 587 136 104 345 467 473 268 338 248 689 358 361 287 599 354 251 201 244 376 353 344 449 487 330 401 455 234 387 452 50 478 455 389 149 173 487 289 283 440 564 450 251 253 263 278 253 151 609 172 400 578 269 248 449 454 514 367 567 532 463 489 524 115 340 225 506 385 134 212 343 295 254 649 125 123 473 318 386 647 330 509 251 464 587 702 404 562 490 465 161 594 348 126 555 255 573 525 532 451 465 175 537 350 527 298 365 482 577 277 542 396 503 252 385 498 320 603 558 252 425 551 408 594 452 278 228 244 446 341 557 469 343 387 161 599 645 394 546 365 607 528 287 511 555 450 421 377 431 260 328 55 404 316 89 456 393 415 454 630 514 651 644 457 272 312 479 346 499 534 480 178 339 768 570 409 481 521 461 124 163 418 250 277 382 322 557 283 430 177 260 462 368 393 459 316 393 293 478 198 401 204 666 340 67 362 505 556 576 295 475 471 550 362 395 696
531 108 234 270 623 627 324 549 394 114 449 461 584 387 615 519 297 283 0 54 418 247 378 183 296 386 117 325 381 571 341 551 388 380 485 245 343 231 726 110 139 463 198 483 396 439 162 450 345 319 293 234 261 787 404 714 477 588 441 443 555 443 564 397 212 190 102 14 399 454 220 379 539 504 753 630 482 323 378 224 741 756 502 581 506 460 75 592 559 666 123 520 87 116 269 308 170 725 206 344 281 431 514 232 266 332 224 188 159 422 413 620 50 27 382 664 725 209 364 227 289 516 421 334 448 440 417 181 477 670 406 482 471 472 609 745 361 509 393 485 386 526 409 387 425 490 338 423 415 158 160 469 54 215 581 598 254 517 402 409 457 301 300 772 260 144 644 629 250 347 129 852 423 795 610 726 362 803 240 673 349 346 630 571 285 639 501 786 526 430 661 267 343 324 116 347 571 641 341 733 207 377 180 417 487 381 746 235 478 414 511 435 657 484 85 352 426 95 532 661 731 688 377 589 246 159 233 657 569 250 304 580 666 533 905 330 389 366 446 305 67 760 593 265 439 466 460 211 513 299 671 442 711 707 230 318 687 364 553 648 513 645 567 517 114 291 326 411 233 195 599 220 231 309 481 481 342 786 192 303 637 281 600 675 449 542 731 825 440 676 456
493 58 192 238 640 673 378 576 432 74 495 415 531 377 589 495 300 291 54 0 472 199 409 230 344 436 133 289 401 566 287 496 442 419 534 219 371 286 735 139 193 504 245 534 442 386 216 440 307 267 347 180 305 780 443 762 467 566 414 474 569 441 539 427 227 197 59 47 448 502 222 354 532 453 764 642 427 352 379 171 736 762 529 565 496 498 82 573 555 717 75 538 91 166 323 258 224 722 198 394 227 484 515 178 215 338 260 163 113 437 437 665 4 81 436 712 720 258 406 277 338 536 437 351 462 490 467 134 461 702 460 536 432 418 659 754 307 563 406 452 361 578 460 407 408 531 297 397 453 166 177 522 30 161 526 590 289 511 348 458 489 355 329 774 308 136 696 630 281 391 181 849 477 784 651 714 343 793 294 716 308 296 672 625 243 687 462 790 542 480 702 320 371 363 74 402 623 670 373 743 259 415 139 365 528 431 760 289 438 406 456 478 678 430 110 382 372 43 584 709 741 707 329 555 204 104 247 681 593 242 356 617 652 582 899 279 416 379 396 353 21 761 618 224 493 520 463 265 541 322 660 496 748 733 260 297 706 405 550 667 488 694 573 565 143 338 380 366 287 227 606 272 283 257 486 529 315 833 138 323 633 237 651 724 419 497 719 819 399 677 490
860 525 611 644 608 320 124 472 376 524 209 835 990 608 872 778 491 462 418 472 0 643 426 274 192 125 439 672 512 719 758 965 118 275 166 609 364 193 749 382 279 288 261 126 195 849 257 654 697 723 126 650 302 912 368 368 678 830 730 465 579 607 825 446 460 478 508 426 159 177 511 674 705 898 755 652 900 353 549 638 859 790 439 787 693 404 449 816 705 286 538 525 437 312 153 707 258 835 532 135 698 30 638 651 682 495 364 560 570 489 419 335 468 391 38 322 845 235 246 216 184 508 478 497 513 128 215 578 708 510 12 63 810 890 253 763 780 93 487 796 680 133 109 433 674 294 701 712 391 434 408 71 468 634 996 753 375 685 812 248 452 126 419 836 266 474 254 726 336 290 296 937 102 945 366 888 634 945 179 387 709 739 361 154 660 298 841 834 550 138 405 159 434 346 516 76 168 515 407 746 221 292 567 818 292 230 728 184 826 617 928 336 601 897 417 423 844 511 137 326 744 633 765 892 624 576 422 573 515 516 178 395 854 210 1005 744 466 537 843 191 485 832 516 660 99 60 584 209 526 452 833 23 481 591 341 608 642 251 689 602 785 292 641 215 379 202 150 782 211 387 660 230 196 726 586 193 648 443 609 411 763 681 211 328 751 907 894 934 794 766 437
307 182 49 311 631 784 564 611 629 208 615 215 346 299 435 354 290 301 247 199 643 0 601 373 481 580 322 125 577 483 146 331 630 516 670 317 432 470 692 262 373 598 388 680 565 210 399 351 132 82 524 85 505 678 641 881 373 424 268 663 555 381 388 616 406 370 145 235 581 631 382 220 444 258 727 614 288 419 340 70 642 710 570 446 404 694 273 440 475 854 186 542 205 331 504 64 414 634 346 541 105 649 458 118 184 328 457 285 194 441 474 769 202 273 609 834 627 410 513 430 480 547 446 527 457 632 665 66 347 751 631 706 246 269 790 711 188 727 406 282 226 731 607 435 295 625 111 254 649 227 254 681 223 131 361 497 484 427 174 657 681 537 519 704 507 177 840 564 367 591 349 761 663 668 741 599 236 681 474 815 123 98 769 788 61 810 273 727 535 619 791 484 561 561 132 579 778 709 566 704 422 505 76 175 623 629 734 467 247 329 304 678 683 260 307 573 228 156 737 828 702 706 129 379 43 118 289 698 613 213 550 690 530 711 799 233 602 547 201 488 201 689 644 265 678 682 422 447 727 506 552 666 820 757 349 196 700 511 477 669 339 821 531 689 265 473 570 169 478 421 565 466 446 194 449 655 186 947 95 361 550 259 797 846 260 299 603 721 208 607 684
902 418 601 395 922 744 311 812 66 395 598 815 891 756 993 897 651 630 378 409 426 601 0 432 476 501 279 699 98 930 637 832 313 600 583 360 626 312 1048 455 343 657 435 550 557 747 328 818 717 652 350 551 154 1146 82 795 846 965 819 65 867 801 942 22 200 238 468 392 534 578 242 758 902 836 1067 947 742 606 734 551 1097 1083 767 953 872 109 328 967 917 708 417 821 461 386 330 650 295 1079 284 473 586 456 863 530 516 680 154 348 423 741 702 754 407 363 397 749 1081 417 570 418 461 810 736 115 770 536 239 541 852 894 417 468 841 744 680 1066 633 505 720 861 765 557 504 692 801 675 705 801 70 520 511 498 381 508 857 960 123 880 713 204 80 331 82 1111 187 520 673 975 543 136 378 1201 344 1161 775 1093 739 1167 334 808 716 691 777 551 651 725 870 1120 837 538 819 395 43 84 484 366 585 883 36 1051 389 608 549 745 672 206 1051 339 846 780 780 140 939 779 298 27 702 448 561 752 1049 972 725 965 612 485 575 924 846 621 256 782 1037 632 1259 551 40 140 779 483 402 1102 859 441 359 485 806 325 137 103 1037 441 890 959 529 696 976 573 908 934 892 719 901 631 456 479 280 770 272 183 930 261 391 557 821 602 720 869 516 623 992 465 633 755 826 898 1098 1181 807 1021 85
591 288 339 451 493 443 225 394 418 298 266 561 719 362 624 526 245 218 183 230 274 373 432 0 114 210 265 398 474 513 499 701 291 202 306 423 196 143 616 111 91 282 15 310 212 583 103 418 423 455 170 392 279 725 422 532 445 586 468 494 436 386 574 454 337 333 248 184 218 272 368 409 489 625 635 515 644 176 320 378 674 651 347 556 466 477 246 579 499 489 304 390 170 71 160 438 136 654 369 169 440 277 439 400 444 263 290 366 342 310 272 437 225 162 243 482 658 39 182 57 110 381 304 435 338 263 360 311 464 502 263 334 539 631 429 634 527 354 291 530 415 358 235 260 422 308 427 450 440 160 135 308 238 386 732 545 318 467 546 369 497 189 374 681 254 200 471 547 111 341 65 773 316 746 428 681 373 750 132 489 435 467 446 414 386 457 570 688 405 252 479 115 411 353 253 219 405 479 397 619 61 202 297 548 305 338 621 125 554 379 668 429 515 631 230 412 586 259 364 478 617 548 492 630 352 324 167 507 423 250 238 404 633 352 834 509 458 475 571 123 248 672 441 449 328 309 381 121 567 391 624 296 532 550 100 342 550 183 487 509 530 464 471 335 107 108 244 508 176 283 498 179 81 485 394 299 380 603 353 194 570 465 427 493 486 633 687 756 521 593 489
671 402 443 559 457 331 199 337 447 410 154 657 825 415 680 585 298 270 296 344 192 481 476 114 0 99 364 491 536 533 611 811 253 124 192 529 179 163 593 221 177 188 98 199 101 691 173 462 516 563 140 505 323 734 446 418 486 637 538 532 414 416 632 498 423 426 362 297 104 158 462 485 517 727 605 492 756 165 357 490 682 631 294 596 502 497 353 624 519 376 418 363 282 180 150 545 198 659 468 62 552 186 453 513 558 302 355 473 455 307 246 327 339 273 173 368 666 88 94 73 14 348 298 504 334 151 342 421 515 421 185 245 624 743 315 608 640 258 300 606 490 251 126 251 482 210 524 521 468 257 231 207 350 501 842 567 379 496 655 362 528 164 434 670 289 304 359 549 144 361 169 768 265 763 325 703 443 764 141 381 531 571 340 314 487 343 655 673 384 139 375 81 465 391 366 166 298 408 445 592 101 133 405 653 207 334 585 137 641 425 780 438 466 741 331 461 698 373 257 365 590 499 594 701 455 438 232 449 374 329 236 314 665 238 834 623 508 546 674 9 361 664 385 560 272 212 398 154 603 458 648 211 435 483 150 420 505 97 504 463 592 350 466 221 217 9 229 604 203 359 489 216 88 599 403 185 460 490 467 219 582 577 316 379 561 725 709 760 611 592 518
765 494 542 641 482 256 193 349 460 500 97 755 924 500 762 669 386 358 386 436 125 580 501 210 99 0 439 588 574 598 708 910 224 150 100 609 244 206 624 319 255 168 194 100 70 790 243 541 613 662 151 602 356 787 456 332 564 717 629 550 453 490 716 522 485 494 458 389 36 79 530 577 586 826 630 526 854 236 436 588 735 664 313 670 576 500 436 702 583 280 509 400 379 270 175 644 259 710 542 42 650 107 516 609 651 385 403 555 545 367 294 259 432 361 126 282 720 177 122 159 100 382 355 549 390 54 323 520 597 400 123 162 719 840 223 638 737 166 367 698 582 152 27 312 568 179 622 612 479 356 330 115 439 595 941 632 422 567 754 351 541 170 474 710 319 403 261 601 235 372 256 812 222 822 274 766 533 821 183 314 629 671 279 219 586 256 750 708 424 45 319 128 498 416 463 142 199 399 475 620 180 167 504 753 177 327 604 183 737 506 878 436 478 839 410 491 796 468 158 281 619 511 693 790 555 534 326 453 391 424 245 285 734 150 879 716 537 591 773 92 453 707 394 647 222 123 464 208 616 502 712 136 389 476 245 514 519 126 567 479 679 260 517 140 315 107 226 702 240 416 534 258 158 693 464 106 555 407 563 300 640 665 217 292 653 822 772 809 708 640 528
624 141 323 205 735 693 324 653 308 120 518 537 629 504 723 628 414 400 117 133 439 322 279 265 364 439 0 421 268 689 374 580 377 467 539 171 447 247 842 223 186 546 277 527 465 483 196 566 439 378 314 278 198 905 321 772 594 699 548 342 669 561 672 295 95 73 191 130 460 515 106 487 656 564 868 745 498 426 496 276 859 873 605 695 623 373 50 704 677 711 142 631 204 194 286 373 183 843 104 398 319 458 632 262 267 450 138 121 157 536 520 691 132 118 401 722 842 277 446 290 354 626 534 219 563 491 377 262 592 766 426 501 563 495 661 861 381 533 508 585 494 562 458 497 539 571 426 530 328 276 277 500 103 241 608 715 163 635 446 359 359 312 197 890 214 260 684 747 354 283 199 970 415 912 689 842 475 920 264 745 438 414 704 593 372 696 591 903 640 485 739 312 239 243 207 363 603 741 244 849 263 468 271 473 568 336 860 262 567 531 533 363 766 520 36 251 450 170 567 720 847 797 448 688 334 208 349 763 676 367 286 669 781 590 1023 319 283 249 506 374 123 878 698 224 432 494 578 235 408 189 787 462 796 810 334 429 798 447 671 758 621 699 684 578 227 362 314 491 229 101 716 210 282 312 598 543 449 846 240 416 755 246 639 732 552 620 847 943 528 794 362
205 291 100 436 543 760 613 546 719 319 603 167 355 198 312 228 233 254 325 289 672 125 699 398 491 588 421 0 686 367 241 370 681 494 667 440 396 520 586 296 425 570 411 686 558 254 452 239 25 157 564 210 586 555 730 860 257 299 142 763 467 280 264 716 512 479 230 311 582 626 496 98 328 248 624 517 358 388 255 195 521 600 510 321 288 785 371 315 361 848 299 463 255 377 549 135 474 515 462 553 220 672 354 243 308 262 548 404 314 369 420 741 291 346 642 816 507 437 499 455 494 472 377 636 380 636 730 163 226 688 661 731 146 335 781 605 287 748 337 164 103 741 616 379 176 597 43 128 740 238 263 698 318 256 399 378 577 313 229 727 779 581 618 589 581 203 839 452 356 670 394 640 710 544 704 475 127 556 519 781 43 126 736 805 64 794 177 613 452 622 751 514 661 649 214 617 787 642 663 600 455 480 150 199 594 698 634 511 157 225 362 760 599 303 400 672 304 251 746 808 598 619 127 266 92 235 266 620 540 168 609 644 405 702 676 351 705 660 205 496 298 573 572 391 723 702 327 496 830 611 429 693 769 681 343 101 611 497 366 584 214 808 430 678 298 482 625 115 537 516 463 528 478 312 355 647 72 920 218 321 432 384 798 828 136 235 479 599 122 493 779
884 396 586 331 967 824 391 865 164 369 669 785 841 769 990 896 672 654 381 401 512 577 98 474 536 574 268 686 0 951 591 775 403 658 662 300 671 374 1086 475 383 722 481 632 625 701 373 831 701 618 423 516 217 1167 180 880 859 967 815 118 907 821 940 90 174 207 458 395 606 653 196 755 919 796 1108 986 682 650 755 520 1120 1120 819 962 887 196 318 972 938 797 390 864 469 418 399 619 343 1103 236 542 546 540 889 491 465 704 184 302 387 778 747 832 400 374 480 833 1103 467 630 471 522 855 773 50 806 614 336 524 859 958 502 558 823 687 765 1105 581 594 753 850 762 645 581 732 806 742 686 798 166 536 531 583 370 469 799 978 157 897 669 301 147 406 101 1143 255 526 762 1003 582 227 413 1228 436 1177 848 1107 743 1184 397 886 698 661 853 644 632 809 850 1154 877 614 894 459 78 166 474 446 674 943 106 1091 441 664 535 706 739 300 1095 400 825 795 722 238 989 728 297 91 649 434 649 836 1089 1022 695 952 595 458 600 978 896 632 336 848 1048 712 1283 492 61 46 741 544 389 1132 913 382 452 572 832 382 158 84 1052 529 962 1017 566 697 1025 632 930 983 889 804 933 709 477 538 362 745 336 195 964 320 448 504 850 678 717 956 486 657 1015 405 722 840 819 869 1113 1204 785 1049 160
357 598 440 775 250 639 724 341 927 626 552 459 656 191 230 195 279 300 571 566 719 483 930 513 533 598 689 367 951 0 608 703 784 450 628 769 355 655 231 477 591 480 515 667 535 602 612 132 375 524 664 567 785 216 932 734 110 182 248 995 200 129 213 952 783 760 520 559 571 587 788 269 38 552 272 197 714 368 196 549 169 237 336 109 79 988 643 150 14 766 612 239 484 545 664 502 643 155 765 584 586 704 81 598 666 251 777 721 640 231 306 610 565 577 706 705 153 541 475 550 545 258 242 904 209 623 867 490 146 457 713 759 363 689 701 248 654 758 233 299 265 722 621 285 190 495 403 251 949 414 420 709 596 606 727 34 808 56 586 880 1002 688 861 222 764 431 775 89 406 853 555 284 799 233 554 170 246 237 641 627 396 488 590 799 428 692 375 246 211 608 583 601 902 859 506 699 760 405 894 247 569 432 467 544 495 850 292 634 386 161 709 942 313 645 656 907 665 548 726 693 246 317 477 319 440 565 355 351 307 323 748 477 139 637 333 715 950 938 535 532 584 206 336 738 805 719 135 634 1068 867 114 733 564 407 413 289 304 471 31 295 219 711 120 611 475 524 750 432 689 757 137 691 581 676 133 595 297 770 562 321 67 736 747 717 275 465 176 253 392 126 997
356 242 196 273 774 924 666 758 678 255 752 224 255 435 516 452 437 447 341 287 758 146 637 499 611 708 374 241 591 608 0 209 728 657 802 296 577 573 826 389 479 740 514 809 700 110 503 480 233 83 634 107 572 789 692 1020 498 518 371 694 698 518 477 648 437 398 251 332 714 765 397 339 570 207 863 753 146 563 482 120 759 841 716 554 529 741 336 540 602 987 235 687 329 446 610 105 511 754 356 668 60 768 593 113 127 474 513 290 217 587 621 911 291 369 722 972 744 533 652 552 608 693 592 544 602 762 746 191 465 897 746 822 302 132 925 845 46 847 552 358 343 857 734 582 417 768 205 362 695 367 392 803 299 134 239 618 535 554 77 732 716 642 556 830 583 315 970 693 508 658 462 877 764 771 885 705 367 785 581 957 213 124 912 908 184 947 318 854 679 750 935 602 594 616 245 688 903 855 606 840 539 647 212 121 765 707 872 575 291 464 170 737 827 145 374 610 87 247 862 966 838 850 148 436 188 182 434 844 759 360 641 836 634 846 909 131 629 553 157 619 278 814 790 219 780 802 562 553 749 535 663 781 966 903 489 332 843 650 607 813 433 957 668 826 393 604 666 207 573 474 702 558 564 99 589 791 312 1087 149 507 673 200 926 984 353 299 708 834 259 734 722
369 451 373 444 908 1113 875 917 877 463 946 244 89 563 546 516 600 617 551 496 965 331 832 701 811 910 580 370 775 703 209 0 938 845 1001 475 755 782 933 590 688 926 716 1010 896 121 712 591 351 248 842 316 779 846 892 1211 601 565 455 885 834 643 522 841 634 596 457 541 912 962 589 450 666 155 973 876 95 744 625 327 827 940 880 622 628 938 544 596 701 1185 443 834 531 652 819 268 721 829 548 870 269 974 711 322 317 632 717 484 422 740 788 1097 501 578 930 1165 815 737 843 757 810 843 748 730 751 963 955 390 557 1058 953 1029 343 88 1121 951 200 1053 708 409 451 1060 936 747 523 953 327 454 894 558 585 1008 508 342 30 703 737 656 156 940 909 851 753 915 791 508 1170 793 697 863 669 941 974 815 1066 756 492 831 790 1141 328 251 1096 1114 339 1141 339 943 820 950 1114 808 788 818 449 897 1106 1012 803 949 745 833 406 171 951 915 989 784 321 588 55 940 967 70 582 805 130 455 1066 1158 947 985 243 443 362 392 615 990 911 527 851 1010 687 1042 958 283 820 733 170 819 488 898 943 393 990 1008 693 761 934 729 727 989 1137 1051 680 471 976 842 711 951 492 1152 788 1021 594 804 875 273 783 678 819 767 770 274 720 987 439 1276 358 682 760 370 1127 1177 427 267 758 891 310 826 917
879 487 607 577 701 438 67 571 259 480 318 836 973 651 915 817 532 504 388 442 118 630 313 291 253 224 377 681 403 784 728 938 0 362 283 540 433 161 840 384 258 392 283 244 293 828 231 704 705 706 122 622 207 987 250 482 730 875 759 349 664 664 865 332 377 402 487 399 260 289 431 700 766 889 849 741 865 418 601 613 935 880 533 841 748 286 399 866 770 395 497 612 430 303 132 693 217 912 458 214 669 148 706 617 638 545 275 497 524 560 498 453 438 361 99 437 919 255 331 241 240 596 551 393 587 242 99 564 753 622 111 154 825 857 368 855 744 191 552 820 706 244 216 505 713 402 705 741 273 446 424 187 430 598 968 818 279 745 790 130 334 101 316 921 174 477 359 803 382 177 286 1021 38 1016 483 954 665 1017 162 505 714 729 479 241 658 414 856 922 634 249 522 184 325 237 498 87 271 623 297 838 230 377 557 804 400 112 826 169 838 665 896 218 701 872 363 312 812 484 248 442 836 734 758 921 620 546 456 677 612 541 91 507 913 328 1087 695 353 433 832 256 450 916 617 601 55 173 649 185 408 351 899 129 598 700 380 633 742 335 756 701 821 407 720 332 383 261 63 783 155 306 741 171 211 683 655 309 669 556 580 465 835 624 320 443 777 913 960 1013 803 845 319
650 478 471 650 339 268 316 214 571 492 113 662 845 372 626 538 269 244 380 419 275 516 600 202 124 150 467 494 658 450 657 845 362 0 185 624 107 287 478 282 286 84 190 219 85 723 288 405 519 597 260 558 446 637 570 367 425 580 508 656 304 349 583 622 536 534 422 378 121 143 570 464 440 741 487 379 802 108 302 541 584 518 172 528 434 620 447 562 436 355 495 250 340 273 274 576 316 560 571 147 602 257 368 572 626 257 475 566 533 219 144 253 415 362 270 322 570 195 31 187 138 234 207 624 241 173 457 465 463 302 272 310 611 785 288 493 692 308 224 581 467 276 172 166 441 112 533 494 591 290 265 258 433 563 875 484 500 422 689 481 652 284 556 561 412 341 351 451 148 484 267 662 367 672 232 617 417 671 265 301 538 595 256 351 507 299 640 561 275 158 283 205 588 516 421 275 317 285 568 476 217 18 445 678 109 453 464 260 631 372 820 560 343 774 432 585 743 439 280 314 474 377 612 665 482 500 231 325 252 325 358 201 588 211 729 692 632 666 693 116 439 557 261 643 369 269 318 276 726 578 563 286 330 359 167 407 383 27 419 341 550 313 366 186 277 120 348 610 327 476 384 339 209 662 316 158 448 431 524 178 490 657 315 334 535 720 623 659 606 490 641
