76
0 690 867 888 617 718 210 517 703 416 768 683 815 300 253 552 347 430 484 103 77 591 434 254 366 610 661 815 595 520 480 848 97 625 734 228 491 581 330 474 472 278 355 222 795 165 369 53 727 370 726 682 867 678 678 787 365 100 303 274 565 210 651 516 373 58 726 686 191 689 661 860 445 717 454 180
690 0 765 248 590 260 570 275 872 315 599 7 143 725 717 939 345 738 230 589 765 127 257 797 677 1161 708 482 237 889 374 792 598 224 473 697 310 264 483 891 462 419 774 727 670 809 705 721 670 733 321 131 219 66 298 822 727 713 632 416 218 699 950 182 571 660 536 850 536 887 387 213 322 105 685 603
867 765 0 692 256 514 944 914 317 853 166 766 739 1119 655 569 766 490 646 801 893 668 723 723 522 860 219 315 541 540 485 55 847 545 293 1052 928 519 563 593 432 805 597 1063 96 836 1156 847 141 550 452 635 702 698 467 161 1166 795 1066 755 576 685 474 685 1071 809 229 310 884 351 379 701 898 673 435 949
888 248 692 0 599 221 799 524 886 554 539 256 110 964 856 1017 560 826 404 785 958 300 466 943 782 1274 710 377 312 968 467 734 804 281 415 929 558 336 618 985 539 637 889 958 610 981 950 910 640 840 265 206 29 223 284 794 971 890 873 621 330 849 997 378 817 848 488 865 757 908 372 35 567 175 762 829
617 590 256 599 0 382 688 687 288 615 164 589 608 862 424 443 521 292 423 546 649 473 490 503 296 728 117 290 353 399 249 250 591 369 208 796 696 326 307 435 181 553 391 807 178 603 901 600 115 338 334 473 598 528 320 239 910 551 810 502 377 447 401 470 818 558 151 267 628 309 228 595 661 519 224 693
718 260 514 221 382 0 671 479 671 466 349 263 230 849 650 796 431 607 260 617 782 202 344 738 566 1056 496 222 124 747 259 547 645 97 221 802 505 137 417 766 322 502 674 827 422 790 853 731 437 624 62 129 216 194 63 592 870 703 767 472 162 648 777 263 730 671 290 650 620 692 155 212 496 160 542 695
210 570 944 799 688 671 0 343 842 259 816 562 709 182 425 734 242 580 412 177 278 501 335 452 505 820 761 820 548 696 486 937 135 574 750 131 311 544 381 658 514 168 528 158 859 375 212 263 804 528 697 599 774 576 647 896 221 298 123 205 509 382 818 424 167 231 762 822 60 834 661 767 272 624 582 37
517 275 914 524 687 479 343 0 930 105 755 268 418 469 636 917 208 724 267 431 594 276 197 698 649 1081 793 686 388 870 437 927 419 398 647 455 36 403 453 853 514 248 721 488 818 667 438 561 791 696 529 362 495 312 488 925 461 573 374 278 347 604 964 231 301 507 691 907 330 935 548 488 72 364 693 380
703 872 317 886 288 671 842 930 0 843 378 871 897 993 454 264 738 272 683 670 703 751 733 493 340 547 175 546 636 247 508 265 718 655 479 920 932 608 488 307 422 746 363 922 330 619 1048 667 263 335 620 760 886 812 609 157 1051 611 964 696 655 494 157 734 996 649 408 22 786 34 516 883 891 806 259 834
416 315 853 554 615 466 259 105 843 0 701 307 457 410 531 816 107 626 219 327 493 270 133 592 550 975 716 654 357 770 369 861 318 374 604 382 92 364 358 750 436 142 618 414 759 563 396 458 724 594 506 368 527 332 461 850 416 468 318 173 313 498 868 202 267 403 638 821 235 845 505 520 48 382 598 294
768 599 166 539 164 349 816 755 378 701 0 600 577 996 588 586 620 453 488 690 806 503 568 667 460 877 215 171 376 546 338 197 733 379 128 932 770 355 444 588 303 666 554 947 72 765 1026 756 115 502 288 469 546 532 301 258 1037 709 935 618 413 609 520 524 931 710 64 362 756 408 213 544 744 507 386 826
683 7 766 256 589 263 562 268 871 307 600 0 151 717 711 935 337 734 224 582 758 123 250 792 672 1156 706 485 236 885 371 793 591 224 475 689 302 263 478 886 459 412 769 720 671 802 698 714 670 729 324 133 227 68 299 821 719 706 624 409 216 693 947 176 563 653 537 848 528 885 387 220 314 110 682 595
815 143 739 110 608 230 709 418 897 457 577 151 0 868 811 1001 476 804 335 712 888 224 384 896 752 1243 724 431 278 951 435 775 726 251 449 837 453 306 571 961 516 552 855 867 650 921 849 842 667 809 289 151 80 137 289 822 871 827 775 542 282 799 994 299 715 780 520 876 671 917 384 74 466 105 744 741
300 725 1119 964 862 849 182 469 993 410 996 717 868 0 551 852 418 723 589 324 335 671 508 552 652 882 928 1002 727 820 667 1108 276 752 932 72 433 725 556 774 693 348 654 82 1036 445 81 348 978 665 877 770 937 740 828 1061 69 400 95 387 687 507 950 595 180 347 943 974 240 981 843 930 406 790 736 170
253 717 655 856 424 650 425 636 454 531 588 711 811 551 0 309 429 182 486 248 250 594 480 88 132 449 437 678 543 272 391 627 290 575 591 478 622 521 239 234 338 395 104 475 598 180 615 213 521 119 636 661 842 681 595 553 614 157 539 357 530 43 399 535 592 203 560 439 380 437 545 836 574 705 221 407
552 939 569 1017 443 796 734 917 264 816 586 935 1001 852 309 0 710 201 717 557 527 811 739 302 269 293 373 733 723 50 568 521 600 749 652 780 909 695 470 78 484 691 206 773 557 424 920 504 478 221 760 851 1010 889 733 417 918 452 847 647 726 352 125 770 901 509 592 264 688 231 652 1005 863 899 256 716
347 345 766 560 521 431 242 208 738 107 620 337 476 418 429 710 0 518 171 248 423 260 93 495 443 877 617 595 310 663 282 770 253 334 535 373 199 310 252 645 340 76 513 400 674 479 425 382 633 488 461 358 536 340 412 752 441 382 337 77 269 399 760 182 313 323 560 716 196 740 439 529 154 385 492 269
430 738 490 826 292 607 580 724 272 626 453 734 804 723 182 201 518 0 516 404 432 610 540 234 77 451 271 576 525 151 368 456 451 553 489 650 718 498 272 159 288 508 106 650 447 355 782 394 366 63 576 653 817 689 545 374 783 338 700 461 526 222 244 569 741 377 441 256 527 258 472 812 673 700 69 569
484 230 646 404 423 260 412 267 683 219 488 224 335 589 486 717 171 516 0 380 555 110 87 568 451 931 534 435 141 668 176 659 400 163 385 543 282 145 253 665 260 243 545 569 550 586 594 507 525 506 292 197 382 199 244 663 611 492 507 219 98 469 740 53 475 446 424 660 363 692 287 376 258 233 469 438
103 589 801 785 546 617 177 431 670 327 690 582 712 324 248 557 248 404 380 0 176 488 332 284 331 663 604 724 493 519 386 787 47 523 645 253 409 480 245 482 388 184 351 261 723 236 378 134 660 351 627 578 763 575 579 736 381 142 296 173 462 206 641 413 343 76 643 652 132 661 567 757 361 613 413 164
77 765 893 958 649 782 278 594 703 493 806 758 888 335 250 527 423 432 555 176 0 663 508 224 377 552 680 866 659 500 536 870 174 691 782 268 568 644 380 449 518 355 343 253 827 109 411 51 754 369 786 752 937 750 738 801 404 98 357 349 631 212 634 589 434 110 767 688 266 686 715 931 522 788 467 245
591 127 668 300 473 202 501 276 751 270 503 123 224 671 594 811 260 610 110 488 663 0 166 677 550 1035 590 413 126 761 248 690 504 126 384 632 303 150 358 763 335 337 648 660 571 697 665 617 561 606 253 99 277 88 215 709 684 602 583 321 96 579 823 77 537 555 438 728 457 764 289 270 295 125 558 530
434 257 723 466 490 344 335 197 733 133 568 250 384 508 480 739 93 540 87 332 508 166 0 555 469 930 596 523 228 690 241 733 342 249 470 466 206 233 268 680 316 170 552 493 628 554 508 464 597 520 379 264 442 247 332 728 526 458 423 159 185 456 775 89 388 403 505 711 290 739 372 435 175 291 502 363
254 797 723 943 503 738 452 698 493 592 667 792 896 552 88 302 495 234 568 284 224 677 555 0 207 383 503 764 631 277 479 691 318 662 676 481 681 608 325 225 426 452 131 471 672 126 623 203 593 173 725 747 928 765 683 609 619 155 556 420 616 99 411 615 619 220 643 481 415 472 633 922 633 790 288 428
366 677 522 782 296 566 505 649 340 550 460 672 752 652 132 269 443 77 451 331 377 550 469 207 0 492 305 563 474 221 316 495 378 504 475 580 642 448 201 214 244 431 108 582 466 313 709 334 388 57 542 600 771 632 507 423 712 280 626 384 471 164 321 503 665 310 438 322 451 329 443 766 597 647 89 495
610 1161 860 1274 728 1056 820 1081 547 975 877 1156 1243 882 449 293 877 451 931 663 552 1035 930 383 492 0 666 1018 967 330 809 811 691 996 934 819 1064 941 678 294 734 835 388 800 850 446 961 557 771 434 1027 1092 1264 1120 995 705 951 524 909 803 961 477 392 981 983 593 879 551 791 514 923 1258 1016 1138 519 791
661 708 219 710 117 496 761 793 175 716 215 706 724 928 437 373 617 271 534 604 680 590 596 503 305 666 0 375 470 336 358 189 651 486 304 858 800 443 382 384 280 640 377 865 185 617 973 635 105 330 445 591 711 645 435 136 980 582 884 588 493 469 306 583 902 603 234 155 702 200 341 708 763 636 216 761
815 482 315 377 290 222 820 686 546 654 171 485 431 1002 678 733 595 576 435 724 866 413 523 764 563 1018 375 0 299 690 339 358 761 287 87 945 709 290 486 725 348 656 668 965 237 845 1019 814 284 614 162 352 388 417 198 429 1034 774 929 614 342 690 681 457 908 761 141 528 762 574 159 388 691 381 506 837
595 237 541 312 353 124 548 388 636 357 376 236 278 727 543 723 310 525 141 493 659 126 228 631 474 967 470 299 0 673 158 563 520 31 260 679 410 28 305 683 238 379 579 703 444 673 734 610 436 532 151 129 298 175 104 585 751 584 647 347 43 537 721 158 616 549 311 614 496 652 163 292 392 176 466 571
520 889 540 968 399 747 696 870 247 770 546 885 951 820 272 50 663 151 668 519 500 761 690 277 221 330 336 690 673 0 518 495 562 699 607 748 862 645 421 61 434 646 167 742 522 402 886 474 441 175 712 801 961 839 684 394 885 420 811 601 676 315 134 720 862 475 549 243 648 218 605 956 816 849 207 679
480 374 485 467 249 259 486 437 508 369 338 371 435 667 391 568 282 368 176 386 536 248 241 479 316 809 358 339 158 518 0 492 422 187 265 608 447 132 160 526 87 329 422 627 392 534 691 485 356 374 251 285 455 321 206 488 704 452 600 283 158 389 575 226 593 428 279 485 427 519 181 450 414 332 312 500
848 792 55 734 250 547 937 927 265 861 197 793 775 1108 627 521 770 456 659 787 870 690 733 691 495 811 189 358 563 495 492 0 834 570 326 1040 939 540 555 550 431 804 563 1049 125 807 1149 825 136 518 486 664 742 726 496 107 1158 771 1059 753 596 659 422 701 1069 790 257 259 877 299 405 741 907 704 406 939
97 598 847 804 591 645 135 419 718 318 733 591 726 276 290 600 253 451 400 47 174 504 342 318 378 691 651 761 520 562 422 834 0 549 684 206 394 509 288 524 430 181 394 215 768 253 330 143 705 397 658 598 781 589 609 784 333 167 250 183 486 248 686 427 302 98 685 699 99 708 604 774 348 630 460 117
625 224 545 281 369 97 574 398 655 374 379 224 251 752 575 749 334 553 163 523 691 126 249 662 504 996 486 287 31 699 187 570 549 0 258 705 422 55 337 711 265 405 609 730 449 705 757 641 446 562 132 105 268 159 89 598 775 616 671 375 65 568 744 172 637 580 315 633 523 672 165 262 407 152 492 598
734 473 293 415 208 221 750 647 479 604 128 475 449 932 591 652 535 489 385 645 782 384 470 676 475 934 304 87 260 607 265 326 684 258 0 873 666 244 404 640 264 590 580 892 201 759 954 731 225 526 160 343 420 406 175 378 968 690 863 546 300 604 606 415 849 679 73 460 692 504 98 418 644 380 420 765
228 697 1052 929 796 802 131 455 920 382 932 689 837 72 478 780 373 650 543 253 268 632 466 481 580 819 858 945 679 748 608 1040 206 705 873 0 420 674 489 702 629 299 581 33 971 377 143 277 910 592 826 731 904 706 777 990 137 328 104 333 640 435 877 555 196 274 881 902 183 909 786 896 387 754 665 108
491 310 928 558 696 505 311 36 932 92 770 302 453 433 622 909 199 718 282 409 568 303 206 681 642 1064 800 709 410 862 447 939 394 422 666 420 0 422 450 843 520 229 710 453 832 644 402 537 803 687 553 392 529 344 511 933 424 551 338 264 367 588 960 251 265 484 707 909 302 935 567 522 48 396 690 349
581 264 519 336 326 137 544 403 608 364 355 263 306 725 521 695 310 498 145 480 644 150 233 608 448 941 443 290 28 645 132 540 509 55 244 674 422 0 284 656 210 376 554 697 423 654 735 594 411 506 152 157 323 203 102 560 751 567 647 341 57 515 693 171 620 534 291 586 491 624 145 317 402 204 438 566
330 483 563 618 307 417 381 453 488 358 444 478 571 556 239 470 252 272 253 245 380 358 268 325 201 678 382 486 305 421 160 555 288 337 404 489 450 284 0 414 143 260 291 502 481 373 594 328 422 254 412 422 602 443 367 518 603 292 504 208 290 231 510 305 519 275 398 466 322 488 335 596 406 466 240 386
474 891 593 985 435 766 658 853 307 750 588 886 961 774 234 78 645 159 665 482 449 763 680 225 214 294 384 725 683 61 526 550 524 711 640 702 843 656 414 0 446 621 134 695 569 347 843 426 488 159 734 811 976 844 704 451 840 374 770 579 682 276 192 718 826 432 586 302 614 279 629 971 796 858 225 639
472 462 432 539 181 322 514 514 422 436 303 459 516 693 338 484 340 288 260 388 518 335 316 426 244 734 280 348 238 434 87 431 430 265 264 629 520 210 143 446 0 373 352 643 345 498 726 467 295 301 300 367 529 407 262 413 736 426 635 322 244 345 488 312 639 416 254 399 454 432 206 524 483 414 227 523
278 419 805 637 553 502 168 248 746 142 666 412 552 348 395 691 76 508 243 184 355 337 170 452 431 835 640 656 379 646 329 804 181 405 590 299 229 376 260 621 373 0 487 325 715 420 363 318 668 470 528 434 613 417 479 776 377 325 273 51 340 360 753 259 266 261 609 725 120 745 498 606 181 462 492 194
355 774 597 889 391 674 528 721 363 618 554 769 855 654 104 206 513 106 545 351 343 648 552 131 108 388 377 668 579 167 422 563 394 609 580 581 710 554 291 134 352 487 0 577 552 255 719 311 472 53 650 704 877 732 614 478 718 256 643 446 573 147 295 596 695 307 538 351 482 343 551 872 663 750 168 511
222 727 1063 958 807 827 158 488 922 414 947 720 867 82 475 773 400 650 569 261 253 660 493 471 582 800 865 965 703 742 627 1049 215 730 892 33 453 697 502 695 643 325 577 0 983 363 162 268 921 591 849 758 933 735 800 996 151 321 136 355 665 432 873 582 229 273 897 904 206 909 806 926 420 783 668 131
795 670 96 610 178 422 859 818 330 759 72 671 650 1036 598 557 674 447 550 723 827 571 628 672 466 850 185 237 444 522 392 125 768 449 201 971 832 423 481 569 345 715 552 983 0 778 1071 779 81 501 361 541 617 603 373 195 1081 729 980 666 480 623 479 589 981 737 134 316 799 361 283 616 803 580 384 866
165 809 836 981 603 790 375 667 619 563 765 802 921 445 180 424 479 355 586 236 109 697 554 126 313 446 617 845 673 402 534 807 253 705 759 377 644 654 373 347 498 420 255 363 778 0 521 112 701 291 785 778 963 785 740 729 514 96 464 402 651 156 536 627 537 160 735 606 353 598 703 957 597 818 401 345
369 705 1156 950 901 853 212 438 1048 396 1026 698 849 81 615 920 425 782 594 378 411 665 508 623 709 961 973 1019 734 886 691 1149 330 757 954 143 402 735 594 843 726 363 719 162 1071 521 0 420 1016 726 886 763 922 728 837 1108 24 469 91 408 693 572 1014 592 136 411 970 1030 272 1039 861 915 383 779 790 214
53 721 847 910 600 731 263 561 667 458 756 714 842 348 213 504 382 394 507 134 51 617 464 203 334 557 635 814 610 474 485 825 143 641 731 277 537 594 328 426 467 318 311 268 779 112 420 0 707 332 735 704 890 704 687 758 415 55 356 307 582 172 606 543 426 61 717 651 241 650 663 883 490 741 424 234
727 670 141 640 115 437 804 791 263 724 115 670 667 978 521 478 633 366 525 660 754 561 597 593 388 771 105 284 436 441 356 136 705 446 225 910 803 411 422 488 295 668 472 921 81 701 1016 707 0 422 379 545 644 605 380 155 1025 656 926 617 466 548 406 568 933 668 151 247 744 293 286 642 770 588 305 808
370 733 550 840 338 624 528 696 335 594 502 729 809 665 119 221 488 63 506 351 369 606 520 173 57 434 330 614 532 175 374 518 397 562 526 592 687 506 254 159 301 470 53 591 501 291 726 332 422 0 599 658 829 689 564 438 727 276 647 425 528 160 290 558 692 318 485 319 478 319 498 824 641 705 117 514
726 321 452 265 334 62 697 529 620 506 288 324 289 877 636 760 461 576 292 627 786 253 379 725 542 1027 445 162 151 712 251 486 658 132 160 826 553 152 412 734 300 528 650 849 361 785 886 735 379 599 0 190 266 255 49 534 902 703 798 493 193 638 733 304 768 676 231 600 643 643 107 263 540 222 509 718
682 131 635 206 473 129 599 362 760 368 469 133 151 770 661 851 358 653 197 578 752 99 264 747 600 1092 591 352 129 801 285 664 598 105 343 731 392 157 422 811 367 434 704 758 541 778 763 704 545 658 190 0 185 64 168 699 783 685 682 415 131 650 849 175 635 642 407 738 555 777 260 179 390 47 595 628
867 219 702 29 598 216 774 495 886 527 546 227 80 937 842 1010 536 817 382 763 937 277 442 928 771 1264 711 388 298 961 455 742 781 268 420 904 529 323 602 976 529 613 877 933 617 963 922 890 644 829 266 185 0 197 279 799 943 871 846 598 313 833 993 354 789 828 493 865 733 908 370 7 539 151 754 804
678 66 698 223 528 194 576 312 812 332 532 68 137 740 681 889 340 689 199 575 750 88 247 765 632 1120 645 417 175 839 321 726 589 159 406 706 344 203 443 844 407 417 732 735 603 785 728 704 605 689 255 64 197 0 231 757 748 691 650 405 163 667 894 161 596 643 469 790 536 828 320 190 348 51 634 607
678 298 467 284 320 63 647 488 609 461 301 299 289 828 595 733 412 545 244 579 738 215 332 683 507 995 435 198 104 684 206 496 609 89 175 777 511 102 367 704 262 479 614 800 373 740 837 687 380 564 49 168 279 231 0 535 854 656 749 444 147 595 713 260 720 629 239 588 593 630 95 275 495 207 479 669
787 822 161 794 239 592 896 925 157 850 258 821 822 1061 553 417 752 374 663 736 801 709 728 609 423 705 136 429 585 394 488 107 784 598 378 990 933 560 518 451 413 776 478 996 195 729 1108 758 155 438 534 699 799 757 535 0 1114 704 1019 725 613 588 315 709 1038 730 305 153 837 191 440 796 897 742 334 894
365 727 1166 971 910 870 221 461 1051 416 1037 719 871 69 614 918 441 783 611 381 404 684 526 619 712 951 980 1034 751 885 704 1158 333 775 968 137 424 751 603 840 736 377 718 151 1081 514 24 415 1025 727 902 783 943 748 854 1114 0 465 104 421 710 571 1013 611 159 410 983 1033 281 1041 876 936 405 799 794 219
100 713 795 890 551 703 298 573 611 468 709 706 827 400 157 452 382 338 492 142 98 602 458 155 280 524 582 774 584 420 452 771 167 616 690 328 551 567 292 374 426 325 256 321 729 96 469 55 656 276 703 685 871 691 656 704 465 0 400 305 560 116 552 531 465 69 672 595 267 595 626 864 503 724 369 273
303 632 1066 873 810 767 123 374 964 318 935 624 775 95 539 847 337 700 507 296 357 583 423 556 626 909 884 929 647 811 600 1059 250 671 863 104 338 647 504 770 635 273 643 136 980 464 91 356 926 647 798 682 846 650 749 1019 104 400 0 317 606 496 936 509 93 338 879 945 182 956 771 839 312 700 705 132
274 416 755 621 502 472 205 278 696 173 618 409 542 387 357 647 77 461 219 173 349 321 159 420 384 803 588 614 347 601 283 753 183 375 546 333 264 341 208 579 322 51 446 355 666 402 408 307 617 425 493 415 598 405 444 725 421 305 317 0 310 325 705 244 316 246 562 674 149 694 456 591 217 447 442 224
565 218 576 330 377 162 509 347 655 313 413 216 282 687 530 726 269 526 98 462 631 96 185 616 471 961 493 342 43 676 158 596 486 65 300 640 367 57 290 682 244 340 573 665 480 651 693 582 466 528 193 131 313 163 147 613 710 560 606 310 0 520 732 115 574 521 348 632 458 669 202 307 349 176 470 533
210 699 685 849 447 648 382 604 494 498 609 693 799 507 43 352 399 222 469 206 212 579 456 99 164 477 469 690 537 315 389 659 248 568 604 435 588 515 231 276 345 360 147 432 623 156 572 172 548 160 638 650 833 667 595 588 571 116 496 325 520 0 442 516 550 160 578 478 338 479 551 827 540 693 254 364
651 950 474 997 401 777 818 964 157 868 520 947 994 950 399 125 760 244 740 641 634 823 775 411 321 392 306 681 721 134 575 422 686 744 606 877 960 693 510 192 488 753 295 873 479 536 1014 606 406 290 733 849 993 894 713 315 1013 552 936 705 732 442 0 793 982 603 539 165 768 123 625 989 915 897 272 804
516 182 685 378 470 263 424 231 734 202 524 176 299 595 535 770 182 569 53 413 589 77 89 615 503 981 583 457 158 720 226 701 427 172 415 555 251 171 305 718 312 259 596 582 589 627 592 543 568 558 304 175 354 161 260 709 611 531 509 244 115 516 793 0 468 482 460 711 379 744 317 347 235 203 523 452
373 571 1071 817 818 730 167 301 996 267 931 563 715 180 592 901 313 741 475 343 434 537 388 619 665 983 902 908 616 862 593 1069 302 637 849 196 265 620 519 826 639 266 695 229 981 537 136 426 933 692 768 635 789 596 720 1038 159 465 93 316 574 550 982 468 0 398 872 976 214 991 753 782 249 647 737 192
58 660 809 848 558 671 231 507 649 403 710 653 780 347 203 509 323 377 446 76 110 555 403 220 310 593 603 761 549 475 428 790 98 580 679 274 484 534 275 432 416 261 307 273 737 160 411 61 668 318 676 642 828 643 629 730 410 69 338 246 521 160 603 482 398 0 669 632 198 636 608 821 437 679 398 208
726 536 229 488 151 290 762 691 408 638 64 537 520 943 560 592 560 441 424 643 767 438 505 643 438 879 234 141 311 549 279 257 685 315 73 881 707 291 398 586 254 609 538 897 134 735 970 717 151 485 231 407 493 469 239 305 983 672 879 562 348 578 539 460 872 669 0 389 703 434 149 491 681 446 373 774
686 850 310 865 267 650 822 907 22 821 362 848 876 974 439 264 716 256 660 652 688 728 711 481 322 551 155 528 614 243 485 259 699 633 460 902 909 586 466 302 399 725 351 904 316 606 1030 651 247 319 600 738 865 790 588 153 1033 595 945 674 632 478 165 711 976 632 389 0 766 45 495 862 869 784 239 815
191 536 884 757 628 620 60 330 786 235 756 528 671 240 380 688 196 527 363 132 266 457 290 415 451 791 702 762 496 648 427 877 99 523 692 183 302 491 322 614 454 120 482 206 799 353 272 241 744 478 643 555 733 536 593 837 281 267 182 149 458 338 768 379 214 198 703 766 0 779 603 726 258 582 526 75
689 887 351 908 309 692 834 935 34 845 408 885 917 981 437 231 740 258 692 661 686 764 739 472 329 514 200 574 652 218 519 299 708 672 504 909 935 624 488 279 432 745 343 909 361 598 1039 650 293 319 643 777 908 828 630 191 1041 595 956 694 669 479 123 744 991 636 434 45 779 0 537 904 893 824 253 825
661 387 379 372 228 155 661 548 516 505 213 387 384 843 545 652 439 472 287 567 715 289 372 633 443 923 341 159 163 605 181 405 604 165 98 786 567 145 335 629 206 498 551 806 283 703 861 663 286 498 107 260 370 320 95 440 876 626 771 456 202 551 625 317 753 608 149 495 603 537 0 367 545 301 404 677
860 213 701 35 595 212 767 488 883 520 544 220 74 930 836 1005 529 812 376 757 931 270 435 922 766 1258 708 388 292 956 450 741 774 262 418 896 522 317 596 971 524 606 872 926 616 957 915 883 642 824 263 179 7 190 275 796 936 864 839 591 307 827 989 347 782 821 491 862 726 904 367 0 532 144 749 797
445 322 898 567 661 496 272 72 891 48 744 314 466 406 574 863 154 673 258 361 522 295 175 633 597 1016 763 691 392 816 414 907 348 407 644 387 48 402 406 796 483 181 663 420 803 597 383 490 770 641 540 390 539 348 495 897 405 503 312 217 349 540 915 235 249 437 681 869 258 893 545 532 0 399 646 309
717 105 673 175 519 160 624 364 806 382 507 110 105 790 705 899 385 700 233 613 788 125 291 790 647 1138 636 381 176 849 332 704 630 152 380 754 396 204 466 858 414 462 750 783 580 818 779 741 588 705 222 47 151 51 207 742 799 724 700 447 176 693 897 203 647 679 446 784 582 824 301 144 399 0 642 654
454 685 435 762 224 542 582 693 259 598 386 682 744 736 221 256 492 69 469 413 467 558 502 288 89 519 216 506 466 207 312 406 460 492 420 665 690 438 240 225 227 492 168 668 384 401 790 424 305 117 509 595 754 634 479 334 794 369 705 442 470 254 272 523 737 398 373 239 526 253 404 749 646 642 0 576
180 603 949 829 693 695 37 380 834 294 826 595 741 170 407 716 269 569 438 164 245 530 363 428 495 791 761 837 571 679 500 939 117 598 765 108 349 566 386 639 523 194 511 131 866 345 214 234 808 514 718 628 804 607 669 894 219 273 132 224 533 364 804 452 192 208 774 815 75 825 677 797 309 654 576 0
