107
0 165 260 16 520 643 260 899 355 610 583 574 179 818 393 621 47 128 660 726 254 234 804 657 386 796 862 276 733 885 632 841 767 672 659 740 765 405 714 729 323 143 150 204 485 751 454 135 755 565 397 625 885 760 157 712 607 727 868 775 560 487 609 66 350 558 840 50 445 111 448 629 207 587 676 881 756 308 301 833 973 213 292 611 598 439 760 170 123 177 227 717 439 653 94 258 955 284 654 117 771 419 205 908 241 289 790
165 0 277 170 488 645 188 742 426 455 696 508 267 695 414 675 120 39 528 833 401 98 648 630 425 651 774 236 595 873 596 825 793 751 533 723 641 522 804 640 187 174 24 200 591 594 540 142 822 673 385 737 838 735 88 567 580 596 874 829 678 452 708 226 189 403 790 118 279 222 574 581 315 435 560 778 726 347 403 731 947 255 376 452 453 374 820 248 142 262 184 834 531 776 85 214 946 332 493 83 755 452 231 841 78 235 706
260 277 0 245 264 385 460 804 165 529 459 339 439 638 139 398 267 253 511 583 283 238 710 398 148 669 636 91 592 625 376 581 520 481 497 480 591 306 539 508 265 121 288 76 350 665 282 145 547 430 139 496 630 500 346 590 348 570 612 551 450 235 453 307 348 483 586 240 474 371 366 379 157 501 494 670 497 72 187 623 713 468 142 547 488 219 543 110 152 437 109 596 279 547 290 99 696 67 597 205 511 175 55 663 294 116 561
16 170 245 0 506 628 274 898 339 608 568 563 193 811 377 605 57 131 654 711 242 233 803 643 370 793 852 265 728 870 618 827 751 656 653 726 759 391 699 719 320 130 157 192 470 750 438 124 739 550 383 611 872 746 169 709 593 722 852 759 545 474 593 72 351 557 827 51 449 125 434 617 191 585 668 872 742 293 286 824 959 230 276 611 595 428 744 154 112 192 217 702 423 639 104 247 940 268 654 113 757 404 191 896 244 279 779
520 488 264 506 0 181 676 715 298 501 534 119 697 463 175 328 518 479 399 608 515 407 634 141 217 557 396 255 474 385 112 336 353 454 370 235 429 452 526 285 369 376 507 316 443 605 360 390 475 499 125 554 366 247 573 497 92 435 399 443 542 36 488 571 457 474 322 491 569 631 507 118 401 473 338 447 239 249 378 406 459 718 336 534 435 138 452 373 401 695 309 647 373 623 530 277 459 275 580 439 267 195 316 401 466 253 321
643 645 385 628 181 0 833 865 335 675 467 265 822 579 251 206 652 629 555 501 568 574 791 113 268 703 445 408 623 243 144 206 173 333 522 117 557 449 405 379 546 506 661 454 406 768 335 528 325 434 260 474 310 150 724 654 115 578 229 278 486 214 402 684 636 651 284 625 750 754 491 194 480 647 479 518 163 338 423 488 344 853 394 709 605 319 295 478 536 821 461 552 355 546 673 431 312 364 754 584 141 234 440 391 634 414 383
260 188 460 274 676 833 0 817 595 549 842 689 217 834 598 854 221 206 661 984 512 273 729 817 605 758 940 425 716 1061 783 1013 979 920 674 911 781 665 967 808 344 345 172 384 742 674 703 316 996 823 573 885 1021 923 114 678 768 728 1063 1008 820 640 865 285 299 502 973 241 316 224 709 765 462 537 711 935 913 526 555 888 1134 158 538 533 570 558 997 407 312 210 372 977 691 914 179 402 1135 507 562 255 943 635 409 1018 222 423 876
899 742 804 898 715 865 817 0 945 289 1229 604 998 324 836 1043 859 774 316 1320 1073 665 95 760 880 162 540 715 242 935 722 888 1028 1170 345 834 320 1103 1242 510 580 816 764 775 1126 148 1045 797 1186 1196 754 1257 768 813 804 220 750 287 1008 1144 1230 701 1196 964 553 341 733 849 500 963 1164 671 949 313 386 463 788 853 990 453 920 963 944 290 315 623 1158 879 808 992 727 1354 1051 1321 827 715 991 865 255 784 852 876 812 679 663 690 546
355 426 165 339 298 335 595 945 0 682 295 408 522 743 124 266 380 395 639 417 233 401 854 394 81 801 694 253 720 575 389 541 423 325 619 449 701 160 378 581 430 252 432 234 186 813 117 284 402 265 199 330 630 478 480 727 351 692 537 420 288 286 288 377 513 639 594 356 640 456 220 413 157 653 604 744 484 96 88 702 679 568 65 703 634 328 405 188 285 522 274 431 113 385 416 264 639 98 753 345 476 109 197 688 454 276 620
610 455 529 608 501 675 549 289 682 0 974 414 716 325 584 822 570 485 169 1079 789 375 194 589 625 209 503 438 184 810 546 758 848 942 202 680 278 835 1012 406 291 530 477 492 867 141 789 509 974 942 506 1006 683 670 521 135 562 216 862 945 971 477 950 675 266 51 637 559 244 677 895 500 667 29 260 461 648 586 717 424 831 686 672 39 73 380 953 596 519 709 443 1105 793 1065 540 435 878 594 79 495 706 628 531 626 376 413 469
583 696 459 568 534 467 842 1229 295 974 0 653 712 997 393 271 621 660 917 144 347 688 1141 570 350 1079 904 548 996 648 585 636 437 188 893 577 962 177 175 814 725 524 697 522 109 1102 185 556 279 34 474 43 772 612 732 1009 545 962 571 344 33 537 78 576 806 933 751 602 931 656 142 626 383 945 869 969 629 392 293 932 763 773 325 997 922 606 311 448 555 715 566 138 182 91 665 559 689 391 1047 613 592 353 482 858 738 571 836
574 508 339 563 119 265 689 604 408 414 653 0 745 344 283 440 563 508 291 725 611 415 527 175 328 444 297 298 361 410 132 358 436 569 259 269 310 566 641 174 354 433 530 371 562 502 478 439 582 619 215 674 332 265 597 389 150 320 450 542 661 121 607 632 431 396 283 538 527 682 623 90 490 387 221 337 247 344 482 293 457 755 437 450 343 136 555 449 451 742 348 766 490 743 566 317 482 368 493 477 297 310 383 335 468 286 222
179 267 439 193 697 822 217 998 522 716 712 745 0 962 571 789 182 249 796 857 365 363 906 836 561 917 1027 449 862 1064 810 1021 941 827 800 919 908 541 861 893 454 321 243 381 627 851 610 308 914 701 576 755 1062 939 194 834 785 864 1045 941 685 664 751 145 449 665 1016 207 507 68 571 805 367 698 825 1039 935 486 456 991 1153 70 457 708 720 609 923 345 297 6 397 838 593 771 188 429 1134 460 744 269 950 596 384 1081 342 459 957
818 695 638 811 463 579 834 324 743 325 997 344 962 0 620 775 790 713 173 1065 922 598 288 467 665 178 217 566 143 615 435 570 729 904 162 527 53 903 977 201 508 697 719 641 905 301 821 690 904 963 543 1017 444 502 778 198 469 110 693 854 1005 462 950 883 535 353 410 771 558 910 962 386 795 321 144 148 476 665 808 129 595 949 762 360 274 422 873 738 702 957 600 1108 832 1087 774 576 668 685 371 703 541 651 667 355 626 544 224
393 414 139 377 175 251 598 836 124 584 393 283 571 620 0 269 404 391 524 495 342 361 747 285 45 686 571 192 605 494 273 453 381 368 502 355 580 283 434 456 364 259 426 214 291 709 208 284 422 360 81 422 522 379 485 615 238 573 475 419 394 161 366 432 454 545 483 377 579 503 341 292 236 555 483 620 380 87 203 577 589 604 162 609 530 212 414 227 291 569 234 521 216 485 430 211 563 114 659 344 384 45 192 571 420 208 496
621 675 398 605 328 206 854 1043 266 822 271 440 789 775 269 0 644 649 727 294 468 629 963 317 250 884 652 461 801 380 342 365 180 129 698 308 748 306 202 579 631 508 685 474 237 932 195 537 155 240 330 272 502 344 739 825 305 761 312 154 294 346 200 644 722 790 484 619 846 722 330 389 422 793 662 724 363 328 337 692 495 835 331 852 759 442 145 452 542 789 501 345 217 343 678 480 428 346 900 599 321 225 445 593 688 476 589
47 120 267 57 518 652 221 859 380 570 621 563 182 790 404 644 0 85 629 763 299 198 764 658 402 761 846 267 700 891 630 846 783 702 630 744 737 444 747 712 289 145 104 201 521 711 484 127 782 602 399 663 881 762 113 677 607 697 879 799 599 484 644 105 308 518 835 26 399 121 489 624 241 549 650 860 756 323 335 812 976 201 320 570 563 427 785 192 117 179 214 757 471 694 47 246 962 301 612 88 775 435 212 898 198 276 775
128 39 253 131 479 629 206 774 395 485 660 508 249 713 391 649 85 0 549 798 361 116 679 620 399 678 782 224 618 861 589 814 773 720 552 712 660 485 772 648 207 142 37 177 555 625 507 111 794 638 370 701 835 726 94 594 571 617 858 803 642 443 674 190 223 433 787 79 318 197 536 577 278 464 576 790 718 320 367 743 939 247 342 484 479 372 793 213 109 244 170 798 497 739 61 202 934 303 526 49 743 428 203 843 113 227 712
660 528 511 654 399 555 661 316 639 169 917 291 796 173 524 727 629 549 0 1004 791 433 236 456 569 162 333 428 81 659 416 608 723 854 35 539 121 799 926 241 341 550 552 498 815 215 733 538 872 883 443 943 519 524 608 98 439 68 719 833 919 385 880 726 361 186 475 612 387 746 860 366 664 157 93 295 500 551 692 256 669 779 645 208 105 312 846 600 550 790 453 1039 741 1008 609 434 723 566 236 543 562 563 530 457 456 404 300
726 833 583 711 608 501 984 1320 417 1079 144 725 857 1065 495 294 763 798 1004 0 492 818 1235 612 456 1164 946 668 1081 633 636 633 419 168 977 595 1036 320 103 872 846 659 835 651 242 1200 300 691 220 160 573 101 784 631 873 1100 598 1044 544 295 173 619 130 721 931 1040 771 743 1057 801 286 682 523 1050 946 1019 651 512 431 986 746 918 457 1105 1022 701 261 585 691 860 692 65 305 115 806 681 660 516 1154 750 603 450 612 880 870 689 884
254 401 283 242 515 568 512 1073 233 789 347 611 365 922 342 468 299 361 791 492 0 432 978 625 308 946 907 363 871 807 615 774 641 477 779 683 875 181 502 784 501 261 393 297 268 929 273 286 569 337 397 390 862 711 412 865 579 852 763 609 320 495 391 233 559 739 824 288 672 311 206 633 127 762 778 947 717 267 145 902 913 427 180 800 758 501 586 193 278 367 346 474 252 407 347 359 869 243 847 324 710 340 262 914 464 387 832
234 98 238 233 407 574 273 665 401 375 688 415 363 598 361 629 198 116 433 818 432 0 569 547 382 563 676 170 503 793 512 744 731 719 436 643 545 522 777 542 91 174 122 167 580 517 518 145 782 662 317 727 748 653 186 479 499 501 802 780 675 370 689 300 127 323 699 184 245 313 579 492 325 352 462 680 642 311 399 632 862 354 363 378 365 284 775 250 153 358 129 827 513 773 176 150 867 302 423 119 675 404 206 746 60 160 609
804 648 710 803 634 791 729 95 854 194 1141 527 906 288 747 963 764 679 236 1235 978 569 0 690 790 110 504 621 174 880 651 831 958 1088 269 770 269 1011 1160 453 484 721 670 680 1037 55 956 701 1108 1108 666 1169 723 752 712 137 676 223 947 1069 1140 617 1109 869 459 246 684 754 414 870 1072 601 855 218 317 436 727 762 897 416 875 872 851 198 222 535 1082 784 712 900 632 1267 961 1232 733 620 940 772 167 689 790 788 717 642 569 596 498
657 630 398 643 141 113 817 760 394 589 570 175 836 467 285 317 658 620 456 612 625 547 690 0 317 598 335 396 519 247 42 196 268 446 422 98 448 530 517 266 503 515 648 456 498 671 421 530 438 536 259 581 237 105 714 554 50 473 276 387 586 177 509 706 588 571 199 631 693 769 578 90 521 562 374 406 98 369 481 375 318 858 445 625 517 268 405 503 540 833 450 662 439 653 671 418 321 397 667 581 129 286 452 297 605 394 271
386 425 148 370 217 268 605 880 81 625 350 328 561 665 45 250 402 399 569 456 308 382 790 317 0 731 613 217 650 512 309 474 381 338 547 378 625 238 401 500 394 261 435 224 246 751 165 289 400 317 125 380 554 405 491 660 272 619 484 403 350 206 326 420 482 585 516 376 609 493 296 331 211 595 529 663 409 79 165 621 611 599 128 649 572 257 395 216 294 561 253 480 171 441 432 234 579 102 699 350 407 34 196 608 440 236 539
796 651 669 793 557 703 758 162 801 209 1079 444 917 178 686 884 761 678 162 1164 946 563 110 598 731 0 394 583 82 776 560 729 866 1011 186 673 162 961 1084 350 473 697 674 650 978 129 895 682 1025 1045 605 1104 615 652 724 84 589 125 847 982 1081 545 1042 862 468 255 577 747 452 873 1021 510 820 221 224 326 627 712 852 306 767 891 806 232 198 474 997 754 694 911 603 1200 903 1170 735 587 835 726 224 679 691 725 684 532 574 559 391
862 774 636 852 396 445 940 540 694 503 904 297 1027 217 571 652 846 782 333 946 907 676 504 335 613 394 0 588 344 417 319 378 566 779 303 362 239 845 849 133 596 725 797 663 826 511 745 728 760 870 510 916 234 330 862 398 359 297 504 699 918 412 845 923 650 517 209 823 707 967 899 283 787 490 248 85 305 639 774 88 382 1028 730 542 437 424 723 745 740 1023 635 997 761 988 842 605 462 664 565 758 367 589 678 138 718 573 75
276 236 91 265 255 408 425 715 253 438 548 298 449 566 192 461 267 224 428 668 363 170 621 396 217 583 588 0 508 637 365 589 562 556 418 487 517 398 618 456 178 137 253 76 439 575 368 141 614 518 149 583 615 501 318 503 346 490 638 610 540 219 537 335 265 392 568 241 391 384 458 357 236 410 421 612 494 156 278 564 714 464 234 455 399 163 606 173 153 445 54 684 367 637 276 22 710 158 505 185 519 236 101 632 230 25 515
733 595 592 728 474 623 716 242 720 184 996 361 862 143 605 801 700 618 81 1081 871 503 174 519 650 82 344 508 0 706 480 657 787 929 104 596 105 881 1001 279 411 627 618 577 896 168 813 614 943 962 524 1022 553 578 672 55 507 49 773 901 999 462 959 799 419 219 512 684 424 816 941 430 745 185 144 287 553 633 774 258 705 841 727 217 146 393 916 680 626 857 532 1117 821 1087 678 513 767 648 228 616 616 643 609 478 520 484 328
885 873 625 870 385 243 1061 935 575 810 648 410 1064 615 494 380 891 861 659 633 807 793 880 247 512 776 417 637 706 0 286 52 215 474 623 150 615 672 530 427 750 746 891 690 614 871 556 765 416 620 492 642 188 145 956 751 294 657 98 342 674 422 573 927 834 800 207 864 937 996 705 320 723 787 567 502 164 581 662 493 115 1092 637 848 737 516 375 721 774 1062 691 695 578 711 909 660 73 608 887 819 118 477 680 298 852 638 390
632 596 376 618 112 144 783 722 389 546 585 132 810 435 273 342 630 589 416 636 615 512 651 42 309 560 319 365 480 286 0 234 307 471 382 139 413 531 544 237 464 489 616 429 507 630 427 503 469 551 236 598 254 142 682 514 40 435 318 422 598 146 528 683 548 528 211 604 652 743 582 50 506 520 336 385 129 354 474 351 350 829 435 582 475 230 439 483 513 807 420 683 444 670 642 387 359 381 625 551 169 280 428 299 569 362 250
841 825 581 827 336 206 1013 888 541 758 636 358 1021 570 453 365 846 814 608 633 774 744 831 196 474 729 378 589 657 52 234 0 216 469 572 102 568 647 530 378 699 701 843 644 593 821 531 719 421 606 446 633 160 93 908 701 244 608 126 350 660 373 562 885 783 748 168 819 884 953 683 268 685 734 517 463 111 540 629 451 138 1047 601 796 685 465 380 680 729 1019 643 693 552 704 863 612 125 568 835 772 70 440 636 268 802 589 346
767 793 520 751 353 173 979 1028 423 848 437 436 941 729 381 180 783 773 723 419 641 731 958 268 381 866 566 562 787 215 307 216 0 259 690 204 714 486 315 528 712 640 807 595 416 937 372 665 204 411 414 428 372 235 867 822 286 741 134 135 465 385 360 798 803 825 369 757 920 874 510 357 580 821 643 647 260 460 503 625 329 981 488 883 778 490 164 597 672 941 611 480 394 496 811 583 252 483 927 725 200 348 573 476 791 571 517
672 751 481 656 454 333 920 1170 325 942 188 569 827 904 368 129 702 720 854 168 477 719 1088 446 338 1011 779 556 929 474 471 469 259 0 825 427 877 297 72 708 732 578 757 555 210 1056 218 609 95 169 440 171 617 463 805 951 435 889 390 155 219 470 110 683 821 907 603 679 947 764 296 519 465 912 790 852 483 408 371 821 588 880 382 970 880 561 123 512 611 828 590 224 234 237 741 573 508 420 1019 671 436 323 521 712 775 575 717
659 533 497 653 370 522 674 345 619 202 893 259 800 162 502 698 630 552 35 977 779 436 269 422 547 186 303 418 104 623 382 572 690 825 0 504 108 780 897 205 346 543 557 490 793 249 710 533 841 859 422 918 483 488 616 132 407 73 684 801 896 358 855 724 374 214 439 612 410 749 840 332 652 187 58 270 464 534 676 228 633 786 629 241 134 291 814 591 546 795 447 1013 719 984 613 425 687 550 270 543 526 540 519 424 464 394 266
740 723 480 726 235 117 911 834 449 680 577 269 919 527 355 308 744 712 539 595 683 643 770 98 378 673 362 487 596 150 139 102 204 427 504 0 516 566 495 327 601 599 741 543 521 754 452 617 399 545 345 580 195 35 806 636 143 549 181 337 597 272 508 785 686 665 176 717 791 851 608 180 589 655 453 442 57 442 537 420 234 945 506 717 607 366 361 580 627 917 541 651 472 652 761 510 224 469 758 670 31 344 535 285 701 488 312
765 641 591 759 429 557 781 320 701 278 962 310 908 53 580 748 737 660 121 1036 875 545 269 448 625 162 239 517 105 615 413 568 714 877 108 516 0 862 950 190 454 646 666 591 867 272 784 638 883 928 502 984 453 494 724 160 445 62 688 835 968 425 918 830 481 304 415 718 507 856 921 363 748 272 97 183 468 621 764 152 605 895 717 315 223 377 852 689 650 903 549 1077 794 1052 721 526 672 640 331 650 533 613 618 374 572 495 228
405 522 306 391 452 449 665 1103 160 835 177 566 541 903 283 306 444 485 799 320 181 522 1011 530 238 961 845 398 881 672 531 647 486 297 780 566 862 0 321 737 568 353 521 359 87 968 116 385 391 160 360 219 757 599 555 886 492 852 615 436 156 444 210 401 644 789 726 426 767 482 60 562 207 806 765 900 609 250 123 858 784 600 164 853 790 488 410 275 382 543 406 313 94 253 488 404 728 240 903 439 589 257 318 827 568 422 772
714 804 539 699 526 405 967 1242 378 1012 175 641 861 977 434 202 747 772 926 103 502 777 1160 517 401 1084 849 618 1001 530 544 530 315 72 897 495 950 321 0 781 796 630 809 612 234 1127 264 662 119 169 508 144 681 530 854 1023 507 962 441 193 209 542 111 719 883 976 670 726 1010 800 306 591 507 982 863 924 551 466 413 893 643 917 430 1039 951 631 159 560 663 863 649 165 276 195 788 634 558 476 1088 722 501 388 576 779 832 638 789
729 640 508 719 285 379 808 510 581 406 814 174 893 201 456 579 712 648 241 872 784 542 453 266 500 350 133 456 279 427 237 378 528 708 205 327 190 737 781 0 464 593 664 532 727 446 645 595 704 779 389 830 278 304 729 326 274 230 498 652 824 294 761 791 522 410 234 689 588 833 793 190 662 388 147 163 278 518 656 120 428 895 612 445 334 293 672 617 607 889 502 918 659 901 708 472 487 541 476 624 343 480 548 224 586 440 69
323 187 265 320 369 546 344 580 430 291 725 354 454 508 364 631 289 207 341 846 501 91 484 503 394 473 596 178 411 750 464 699 712 732 346 601 454 568 796 464 0 240 211 211 615 433 546 217 786 696 303 761 686 606 271 389 458 410 769 776 715 333 716 389 91 240 637 274 215 404 627 437 384 266 374 594 592 334 445 547 809 441 404 299 275 234 774 310 228 449 162 862 544 813 267 166 823 333 346 206 632 410 251 675 122 157 532
143 174 121 130 376 506 345 816 252 530 524 433 321 697 259 508 145 142 550 659 261 174 721 515 261 697 725 137 627 746 489 701 640 578 543 599 646 353 630 593 240 0 179 62 417 671 365 32 652 500 255 564 742 618 230 615 464 615 733 663 508 344 533 198 300 479 697 118 419 254 407 486 151 504 553 749 614 181 231 701 832 346 202 539 504 301 652 77 33 318 96 663 356 606 171 122 817 162 586 92 631 292 66 766 215 154 652
150 24 288 157 507 661 172 764 432 477 697 530 243 719 426 685 104 37 552 835 393 122 670 648 435 674 797 253 618 891 616 843 807 757 557 741 666 521 809 664 211 179 0 212 592 615 544 148 830 674 401 738 859 754 66 591 599 620 890 839 678 471 711 208 211 425 811 106 295 200 571 601 314 457 584 802 745 357 404 755 966 232 379 473 477 395 829 250 146 238 200 834 534 775 63 231 964 340 513 86 773 464 239 864 100 254 729
204 200 76 192 316 454 384 775 234 492 522 371 381 641 214 474 201 177 498 651 297 167 680 456 224 650 663 76 577 690 429 644 595 555 490 543 591 359 612 532 211 62 212 0 413 632 351 74 623 495 198 560 681 560 271 568 405 562 682 628 510 283 522 261 285 443 635 175 409 314 417 425 175 465 496 688 555 148 235 641 774 402 197 506 460 239 620 104 84 378 49 660 345 608 219 64 762 136 554 130 574 252 40 704 220 96 590
485 591 350 470 443 406 742 1126 186 867 109 562 627 905 291 237 521 555 815 242 268 580 1037 498 246 978 826 439 896 614 507 593 416 210 793 521 867 87 234 727 615 417 592 413 0 996 83 450 305 82 372 147 716 555 631 906 467 864 549 354 103 442 124 486 697 825 689 501 822 567 93 543 280 838 772 887 569 283 188 848 727 684 217 889 817 504 326 342 448 629 457 247 75 198 564 449 664 282 939 507 541 254 373 793 630 462 755
751 594 665 750 605 768 674 148 813 141 1102 502 851 301 709 932 711 625 215 1200 929 517 55 671 751 129 511 575 168 871 630 821 937 1056 249 754 272 968 1127 446 433 671 615 632 996 0 916 651 1080 1069 628 1131 721 738 657 119 652 218 934 1044 1100 585 1073 816 404 193 680 700 359 815 1029 580 807 167 303 449 714 719 852 424 873 817 807 142 179 498 1056 736 661 845 583 1230 921 1193 679 573 933 728 113 636 776 751 670 646 515 550 497
454 540 282 438 360 335 703 1045 117 789 185 478 610 821 208 195 484 507 733 300 273 518 956 421 165 895 745 368 813 556 427 531 372 218 710 452 784 116 264 645 546 365 544 351 83 916 0 397 304 153 290 217 645 485 589 824 387 781 500 336 185 359 170 465 630 748 615 462 757 546 156 462 246 760 688 805 497 211 153 765 667 662 165 812 737 421 315 295 398 611 391 317 21 276 524 380 612 215 862 458 474 170 313 718 571 390 674
135 142 145 124 390 528 316 797 284 509 556 439 308 690 284 537 127 111 538 691 286 145 701 530 289 682 728 141 614 765 503 719 665 609 533 617 638 385 662 595 217 32 148 74 450 651 397 0 682 532 272 597 754 635 202 599 480 604 756 692 540 356 566 196 272 458 708 100 389 242 439 497 181 484 546 747 629 210 263 700 848 328 234 517 487 304 681 109 12 304 92 695 388 638 145 123 837 192 563 61 649 319 92 774 184 155 655
755 822 547 739 475 325 996 1186 402 974 279 582 914 904 422 155 782 794 872 220 569 782 1108 438 400 1025 760 614 943 416 469 421 204 95 841 399 883 391 119 704 786 652 830 623 305 1080 304 682 0 263 485 256 576 432 882 971 437 901 324 74 312 497 203 769 877 943 570 758 1001 850 391 519 549 945 801 838 456 475 457 811 527 965 462 1005 910 596 40 590 685 915 653 284 321 314 818 633 440 490 1053 744 400 378 591 679 840 631 704
565 673 430 550 499 434 823 1196 265 942 34 619 701 963 360 240 602 638 883 160 337 662 1108 536 317 1045 870 518 962 620 551 606 411 169 859 545 928 160 169 779 696 500 674 495 82 1069 153 532 263 0 441 65 740 580 712 975 511 928 545 324 54 503 60 562 778 901 718 583 904 643 136 591 362 913 834 935 597 362 270 898 735 760 299 966 890 573 292 425 531 703 538 165 151 125 646 530 663 363 1015 590 560 320 455 825 712 541 801
397 385 139 383 125 260 573 754 199 506 474 215 576 543 81 330 399 370 443 573 397 317 666 259 125 605 510 149 524 492 236 446 414 440 422 345 502 360 508 389 303 255 401 198 372 628 290 272 485 441 0 503 491 362 464 534 209 493 489 472 475 99 445 447 394 468 447 372 517 509 419 242 278 476 405 552 358 129 268 508 576 600 222 532 449 131 471 247 282 574 201 601 297 566 416 171 565 153 581 326 376 122 192 526 377 156 435
625 737 496 611 554 474 885 1257 330 1006 43 674 755 1017 422 272 663 701 943 101 390 727 1169 581 380 1104 916 583 1022 642 598 633 428 171 918 580 984 219 144 830 761 564 738 560 147 1131 217 597 256 65 503 0 774 616 774 1036 559 987 561 325 72 561 72 619 843 965 756 645 969 699 184 641 424 976 891 984 634 427 334 948 757 817 364 1029 952 634 291 489 595 758 603 100 216 72 708 595 679 428 1079 654 593 380 520 864 777 606 849
885 838 630 872 366 310 1021 768 630 683 772 332 1062 444 522 502 881 835 519 784 862 748 723 237 554 615 234 615 553 188 254 160 372 617 483 195 453 757 681 278 686 742 859 681 716 721 645 754 576 740 491 774 0 160 926 602 285 503 282 508 793 398 702 937 760 682 49 855 846 996 801 258 758 663 425 319 148 606 717 317 152 1079 682 722 610 464 537 738 765 1059 668 841 664 846 890 636 227 634 754 800 181 522 682 110 801 608 224
760 735 500 746 247 150 923 813 478 670 612 265 939 502 379 344 762 726 524 631 711 653 752 105 405 652 330 501 578 145 142 93 235 463 488 35 494 599 530 304 606 618 754 560 555 738 485 635 432 580 362 616 160 0 820 619 155 529 195 369 633 283 544 807 690 657 140 735 791 871 641 175 615 645 435 412 25 465 566 392 213 963 534 707 597 372 395 603 644 937 556 686 505 688 777 524 218 493 747 686 39 372 554 249 710 500 283
157 88 346 169 573 724 114 804 480 521 732 597 194 778 485 739 113 94 608 873 412 186 712 714 491 724 862 318 672 956 682 908 867 805 616 806 724 555 854 729 271 230 66 271 631 657 589 202 882 712 464 774 926 820 0 641 664 677 953 894 711 536 752 199 255 471 878 129 318 165 601 668 350 504 645 865 811 412 443 818 1032 170 424 514 528 462 882 293 197 188 264 868 577 806 66 296 1029 393 550 141 838 521 295 930 152 320 795
712 567 590 709 497 654 678 220 727 135 1009 389 834 198 615 825 677 594 98 1100 865 479 137 554 660 84 398 503 55 751 514 701 822 951 132 636 160 886 1023 326 389 615 591 568 906 119 824 599 971 975 534 1036 602 619 641 0 538 101 814 932 1010 481 975 778 386 176 560 663 379 790 946 464 739 141 183 343 595 636 775 312 754 809 728 165 114 402 945 672 610 828 521 1133 831 1100 652 506 813 649 172 595 657 656 603 531 491 478 379
607 580 348 593 92 115 768 750 351 562 545 150 785 469 238 305 607 571 439 598 579 499 676 50 272 589 359 346 507 294 40 244 286 435 407 143 445 492 507 274 458 464 599 405 467 652 387 480 437 511 209 559 285 155 664 538 0 463 313 393 558 128 489 655 545 541 245 580 653 718 542 83 473 535 364 424 149 321 437 389 368 808 399 597 492 224 408 453 490 783 400 644 404 630 621 368 367 348 641 530 175 242 401 337 558 345 290
727 596 570 722 435 578 728 287 692 216 962 320 864 110 573 761 697 617 68 1044 852 501 223 473 619 125 297 490 49 657 435 608 741 889 73 549 62 852 962 230 410 615 620 562 864 218 781 604 901 928 493 987 503 529 677 101 463 0 725 857 966 426 922 793 429 243 462 679 448 814 912 384 725 210 99 246 504 607 749 212 655 847 702 252 163 364 872 663 616 858 518 1081 790 1053 678 497 717 623 269 611 568 610 592 429 524 467 279
868 874 612 852 399 229 1063 1008 537 862 571 450 1045 693 475 312 879 858 719 544 763 802 947 276 484 847 504 638 773 98 318 126 134 390 684 181 688 615 441 498 769 733 890 682 549 934 500 756 324 545 489 561 282 195 953 814 313 725 0 250 599 436 494 904 857 846 295 852 967 977 642 362 692 836 631 589 220 559 622 576 203 1079 602 899 789 537 283 700 764 1044 690 607 522 628 902 660 118 585 940 813 157 450 667 392 862 643 470
775 829 551 759 443 278 1008 1144 420 945 344 542 941 854 419 154 799 803 833 295 609 780 1069 387 403 982 699 610 901 342 422 350 135 155 801 337 835 436 193 652 776 663 839 628 354 1044 336 692 74 324 472 325 508 369 894 932 393 857 250 0 375 469 266 796 867 917 504 774 989 875 444 473 574 916 758 779 393 482 486 755 453 988 484 977 878 572 34 607 696 941 653 359 356 386 833 630 365 501 1024 754 335 377 599 612 839 624 647
560 678 450 545 542 486 820 1230 288 971 33 661 685 1005 394 294 599 642 919 173 320 675 1140 586 350 1081 918 540 999 674 598 660 465 219 896 597 968 156 209 824 715 508 678 510 103 1100 185 540 312 54 475 72 793 633 711 1010 558 966 599 375 0 543 109 550 795 928 770 582 919 630 114 637 363 941 874 981 648 385 277 944 789 747 312 992 921 607 343 431 538 688 555 157 178 98 644 550 717 382 1042 595 613 356 469 876 723 564 849
487 452 235 474 36 214 640 701 286 477 537 121 664 462 161 346 484 443 385 619 495 370 617 177 206 545 412 219 462 422 146 373 385 470 358 272 425 444 542 294 333 344 471 283 442 585 359 356 497 503 99 561 398 283 536 481 128 426 436 469 543 0 496 540 422 447 353 457 535 598 501 144 377 448 331 458 275 227 362 415 495 683 318 508 412 105 476 344 367 661 273 655 370 628 495 241 496 252 555 404 304 189 285 428 429 217 337
609 708 453 593 488 402 865 1196 288 950 78 607 751 950 366 200 644 674 880 130 391 689 1109 509 326 1042 845 537 959 573 528 562 360 110 855 508 918 210 111 761 716 533 711 522 124 1073 170 566 203 60 445 72 702 544 752 975 489 922 494 266 109 496 0 610 801 911 684 623 927 691 195 571 403 921 826 913 562 382 309 878 688 809 331 976 895 574 233 460 565 753 562 158 177 144 686 551 612 386 1025 625 521 322 484 792 742 559 779
66 226 307 72 571 684 285 964 377 675 576 632 145 883 432 644 105 190 726 721 233 300 869 706 420 862 923 335 799 927 683 885 798 683 724 785 830 401 719 791 389 198 208 261 486 816 465 196 769 562 447 619 937 807 199 778 655 793 904 796 550 540 610 0 413 623 893 115 503 81 437 683 221 652 741 944 804 346 312 896 1019 198 312 675 664 499 778 205 184 145 289 706 448 640 146 318 996 319 717 183 816 454 255 964 303 350 850
350 189 348 351 457 636 299 553 513 266 806 431 449 535 454 722 308 223 361 931 559 127 459 588 482 468 650 265 419 834 548 783 803 821 374 686 481 644 883 522 91 300 211 285 697 404 630 272 877 778 394 843 760 690 255 386 545 429 857 867 795 422 801 413 0 215 711 300 126 410 702 518 450 248 413 638 674 419 520 592 889 423 482 262 274 320 865 376 280 443 240 944 627 893 274 250 908 415 303 241 717 499 326 741 110 246 591
558 403 483 557 474 651 502 341 639 51 933 396 665 353 545 790 518 433 186 1040 739 323 246 571 585 255 517 392 219 800 528 748 825 907 214 665 304 789 976 410 240 479 425 443 825 193 748 458 943 901 468 965 682 657 471 176 541 243 846 917 928 447 911 623 215 0 635 508 205 625 850 484 619 35 269 482 636 542 670 442 827 636 626 64 81 347 923 546 468 659 394 1065 750 1023 488 387 869 549 114 443 692 590 482 633 325 367 475
840 790 586 827 322 284 973 733 594 637 751 283 1016 410 483 484 835 787 475 771 824 699 684 199 516 577 209 568 512 207 211 168 369 603 439 176 415 726 670 234 637 697 811 635 689 680 615 708 570 718 447 756 49 140 878 560 245 462 295 504 770 353 684 893 711 635 0 809 797 950 772 211 718 616 381 295 121 565 681 286 194 1032 644 676 564 416 532 694 719 1013 622 827 634 828 843 589 258 593 709 752 170 485 638 109 752 561 187
50 118 240 51 491 625 241 849 356 559 602 538 207 771 377 619 26 79 612 743 288 184 754 631 376 747 823 241 684 864 604 819 757 679 612 717 718 426 726 689 274 118 106 175 501 700 462 100 758 583 372 645 855 735 129 663 580 679 852 774 582 457 623 115 300 508 809 0 398 144 472 598 220 537 630 838 730 297 314 790 949 228 297 561 549 402 761 168 90 204 189 739 449 677 62 221 936 275 604 68 749 408 185 873 192 252 751
445 279 474 449 569 750 316 500 640 244 931 527 507 558 579 846 399 318 387 1057 672 245 414 693 609 452 707 391 424 937 652 884 920 947 410 791 507 767 1010 588 215 419 295 409 822 359 757 389 1001 904 517 969 846 791 318 379 653 448 967 989 919 535 927 503 126 205 797 398 0 483 824 616 570 239 460 681 774 545 644 638 982 465 607 221 284 431 989 496 395 500 365 1069 753 1018 357 376 1009 541 246 348 821 625 450 812 208 372 657
111 222 371 125 631 754 224 963 456 677 656 682 68 910 503 722 121 197 746 801 311 313 870 769 493 873 967 384 816 996 743 953 874 764 749 851 856 482 800 833 404 254 200 314 567 815 546 242 850 643 509 699 996 871 165 790 718 814 977 875 630 598 691 81 410 625 950 144 483 0 516 740 301 657 770 981 867 417 392 933 1085 117 391 673 675 546 858 277 231 67 333 785 529 718 138 365 1066 392 711 209 882 527 317 1017 300 396 895
448 574 366 434 507 491 709 1164 220 895 142 623 571 962 341 330 489 536 860 286 206 579 1072 578 296 1021 899 458 941 705 582 683 510 296 840 608 921 60 306 793 627 407 571 417 93 1029 156 439 391 136 419 184 801 641 601 946 542 912 642 444 114 501 195 437 702 850 772 472 824 516 0 615 258 866 824 955 653 310 181 914 818 633 223 914 850 548 416 329 435 574 465 269 138 205 535 464 757 301 963 491 629 313 376 874 623 482 826
629 581 379 617 118 194 765 671 413 500 626 90 805 386 292 389 624 577 366 682 633 492 601 90 331 510 283 357 430 320 50 268 357 519 332 180 363 562 591 190 437 486 601 425 543 580 462 497 519 591 242 641 258 175 668 464 83 384 362 473 637 144 571 683 518 484 211 598 616 740 615 0 519 474 285 343 157 367 495 307 372 821 454 537 428 208 489 489 508 802 410 727 478 712 632 378 392 393 578 541 208 306 429 283 547 350 211
207 315 157 191 401 480 462 949 157 667 383 490 367 795 236 422 241 278 664 523 127 325 855 521 211 820 787 236 745 723 506 685 580 465 652 589 748 207 507 662 384 151 314 175 280 807 246 181 549 362 278 424 758 615 350 739 473 725 692 574 363 377 403 221 450 619 718 220 570 301 258 519 0 640 651 824 616 152 94 778 823 416 91 681 634 375 556 74 177 367 224 520 231 460 283 234 790 125 729 232 618 246 137 802 365 261 712
587 435 501 585 473 647 537 313 653 29 945 387 698 321 555 793 549 464 157 1050 762 352 218 562 595 221 490 410 185 787 520 734 821 912 187 655 272 806 982 388 266 504 457 465 838 167 760 484 945 913 476 976 663 645 504 141 535 210 836 916 941 448 921 652 248 35 616 537 239 657 866 474 640 0 244 452 623 557 688 413 809 670 643 62 53 351 924 569 494 692 416 1076 763 1036 520 407 855 565 107 472 681 599 503 610 357 384 452
676 560 494 668 338 479 711 386 604 260 869 221 825 144 483 662 650 576 93 946 778 462 317 374 529 224 248 421 144 567 336 517 643 790 58 453 97 765 863 147 374 553 584 496 772 303 688 546 801 834 405 891 425 435 645 183 364 99 631 758 874 331 826 741 413 269 381 630 460 770 824 285 651 244 0 224 411 524 667 179 575 816 620 299 190 279 773 594 559 820 456 985 698 959 637 432 631 542 329 562 473 518 522 366 495 400 208
881 778 670 872 447 518 935 463 744 461 969 337 1039 148 620 724 860 790 295 1019 947 680 436 406 663 326 85 612 287 502 385 463 647 852 270 442 183 900 924 163 594 749 802 688 887 449 805 747 838 935 552 984 319 412 865 343 424 246 589 779 981 458 913 944 638 482 295 838 681 981 955 343 824 452 224 0 386 681 820 48 465 1034 775 498 400 452 802 777 760 1034 655 1068 819 1055 851 627 547 704 514 771 449 642 707 219 717 594 135
756 726 497 742 239 163 913 788 484 648 629 247 935 476 380 363 756 718 500 651 717 642 727 98 409 627 305 494 553 164 129 111 260 483 464 57 468 609 551 278 592 614 745 555 569 714 497 629 456 597 358 634 148 25 811 595 149 504 220 393 648 275 562 804 674 636 121 730 774 867 653 157 616 623 411 386 0 466 572 366 220 957 538 685 574 359 419 601 639 932 548 706 516 706 770 516 235 494 725 679 65 376 551 229 698 491 258
308 347 72 293 249 338 526 853 96 586 392 344 486 665 87 328 323 320 551 512 267 311 762 369 79 712 639 156 633 581 354 540 460 408 534 442 621 250 466 518 334 181 357 148 283 719 211 210 475 362 129 427 606 465 412 636 321 607 559 482 385 227 382 346 419 542 565 297 545 417 310 367 152 557 524 681 466 0 142 636 676 521 96 607 540 244 472 140 214 484 182 528 210 482 352 169 650 27 657 271 472 111 117 650 367 179 564
301 403 187 286 378 423 555 990 88 717 293 482 456 808 203 337 335 367 692 431 145 399 897 481 165 852 774 278 774 662 474 629 503 371 676 537 764 123 413 656 445 231 404 235 188 852 153 263 457 270 268 334 717 566 443 775 437 749 622 486 277 362 309 312 520 670 681 314 644 392 181 495 94 688 667 820 572 142 0 776 767 508 46 734 675 387 467 154 261 457 283 431 137 375 376 283 725 126 783 319 564 195 194 773 445 303 699
833 731 623 824 406 488 888 453 702 424 932 293 991 129 577 692 812 743 256 986 902 632 416 375 621 306 88 564 258 493 351 451 625 821 228 420 152 858 893 120 547 701 755 641 848 424 765 700 811 898 508 948 317 392 818 312 389 212 576 755 944 415 878 896 592 442 286 790 638 933 914 307 778 413 179 48 366 636 776 0 467 987 731 462 361 405 777 730 712 986 607 1034 779 1019 803 579 543 659 482 723 430 601 660 226 670 546 108
973 947 713 959 459 344 1134 920 679 831 763 457 1153 595 589 495 976 939 669 746 913 862 875 318 611 767 382 714 705 115 350 138 329 588 633 234 605 784 643 428 809 832 966 774 727 873 667 848 527 735 576 757 152 213 1032 754 368 655 203 453 789 495 688 1019 889 827 194 949 982 1085 818 372 823 809 575 465 220 676 767 467 0 1176 738 870 757 578 486 815 858 1150 769 808 689 825 990 737 100 704 903 899 204 577 768 247 918 712 377
213 255 468 230 718 853 158 963 568 686 773 755 70 949 604 835 201 247 779 918 427 354 872 858 599 891 1028 464 841 1092 829 1047 981 880 786 945 895 600 917 895 441 346 232 402 684 817 662 328 965 760 600 817 1079 963 170 809 808 847 1079 988 747 683 809 198 423 636 1032 228 465 117 633 821 416 670 816 1034 957 521 508 987 1176 0 504 675 697 619 972 384 318 65 410 902 646 835 189 442 1164 497 708 279 977 633 413 1090 322 471 960
292 376 142 276 336 394 538 944 65 672 325 437 457 762 162 331 320 342 645 457 180 363 851 445 128 806 730 234 727 637 435 601 488 382 629 506 717 164 430 612 404 202 379 197 217 807 165 234 462 299 222 364 682 534 424 728 399 702 602 484 312 318 331 312 482 626 644 297 607 391 223 454 91 643 620 775 538 96 46 731 738 504 0 690 629 340 468 130 234 458 243 463 154 410 359 240 702 79 739 293 534 161 157 734 413 259 656
611 452 547 611 534 709 533 290 703 39 997 450 708 360 609 852 570 484 208 1105 800 378 198 625 649 232 542 455 217 848 582 796 883 970 241 717 315 853 1039 445 299 539 473 506 889 142 812 517 1005 966 532 1029 722 707 514 165 597 252 899 977 992 508 976 675 262 64 676 561 221 673 914 537 681 62 299 498 685 607 734 462 870 675 690 0 112 409 985 608 527 702 456 1129 815 1088 537 451 916 613 49 498 743 654 545 665 373 431 508
598 453 488 595 435 605 570 315 634 73 922 343 720 274 530 759 563 479 105 1022 758 365 222 517 572 198 437 399 146 737 475 685 778 880 134 607 223 790 951 334 275 504 477 460 817 179 737 487 910 890 449 952 610 597 528 114 492 163 789 878 921 412 895 664 274 81 564 549 284 675 850 428 634 53 190 400 574 540 675 361 757 697 629 112 0 320 887 564 498 714 412 1051 742 1014 537 399 804 550 150 481 633 572 496 556 377 374 398
439 374 219 428 138 319 558 623 328 380 606 136 609 422 212 442 427 372 312 701 501 284 535 268 257 474 424 163 393 516 230 465 490 561 291 366 377 488 631 293 234 301 395 239 504 498 421 304 596 573 131 634 464 372 462 402 224 364 537 572 607 105 574 499 320 347 416 402 431 546 548 208 375 351 279 452 359 244 387 405 578 619 340 409 320 0 577 325 316 605 212 732 429 697 429 181 589 263 458 341 397 253 255 472 339 150 351
760 820 543 744 452 295 997 1158 405 953 311 555 923 873 414 145 785 793 846 261 586 775 1082 405 395 997 723 606 916 375 439 380 164 123 814 361 852 410 159 672 774 652 829 620 326 1056 315 681 40 292 471 291 537 395 882 945 408 872 283 34 343 476 233 778 865 923 532 761 989 858 416 489 556 924 773 802 419 472 467 777 486 972 468 985 887 577 0 593 685 924 647 324 334 352 820 625 399 489 1032 743 362 370 589 640 834 621 669
170 248 110 154 373 478 407 879 188 596 448 449 345 738 227 452 192 213 600 585 193 250 784 503 216 754 745 173 680 721 483 680 597 512 591 580 689 275 560 617 310 77 250 104 342 736 295 109 590 425 247 489 738 603 293 672 453 663 700 607 431 344 460 205 376 546 694 168 496 277 329 489 74 569 594 777 601 140 154 730 815 384 130 608 564 325 593 0 106 344 152 586 284 529 228 166 791 114 656 165 611 250 71 772 293 196 671
123 142 152 112 401 536 312 808 285 519 555 451 297 702 291 542 117 109 550 691 278 153 712 540 294 694 740 153 626 774 513 729 672 611 546 627 650 382 663 607 228 33 146 84 448 661 398 12 685 531 282 595 765 644 197 610 490 616 764 696 538 367 565 184 280 468 719 90 395 231 435 508 177 494 559 760 639 214 261 712 858 318 234 527 498 316 685 106 0 294 105 693 388 635 138 135 846 195 573 59 658 324 98 786 188 167 667
177 262 437 192 695 821 210 992 522 709 715 742 6 957 569 789 179 244 790 860 367 358 900 833 561 911 1023 445 857 1062 807 1019 941 828 795 917 903 543 863 889 449 318 238 378 629 845 611 304 915 703 574 758 1059 937 188 828 783 858 1044 941 688 661 753 145 443 659 1013 204 500 67 574 802 367 692 820 1034 932 484 457 986 1150 65 458 702 714 605 924 344 294 0 393 841 594 774 183 425 1133 459 738 265 948 595 382 1077 336 455 952
227 184 109 217 309 461 372 727 274 443 566 348 397 600 234 501 214 170 453 692 346 129 632 450 253 603 635 54 532 691 420 643 611 590 447 541 549 406 649 502 162 96 200 49 457 583 391 92 653 538 201 603 668 556 264 521 400 518 690 653 555 273 562 289 240 394 622 189 365 333 465 410 224 416 456 655 548 182 283 607 769 410 243 456 412 212 647 152 105 393 0 704 387 653 221 32 764 175 505 131 573 276 89 684 186 62 563
717 834 596 702 647 552 977 1354 431 1105 138 766 838 1108 521 345 757 798 1039 65 474 827 1267 662 480 1200 997 684 1117 695 683 693 480 224 1013 651 1077 313 165 918 862 663 834 660 247 1230 317 695 284 165 601 100 841 686 868 1133 644 1081 607 359 157 655 158 706 944 1065 827 739 1069 785 269 727 520 1076 985 1068 706 528 431 1034 808 902 463 1129 1051 732 324 586 693 841 704 0 317 69 801 696 724 528 1179 751 660 479 620 936 876 707 932
439 531 279 423 373 355 691 1051 113 793 182 490 593 832 216 217 471 497 741 305 252 513 961 439 171 903 761 367 821 578 444 552 394 234 719 472 794 94 276 659 544 356 534 345 75 921 21 388 321 151 297 216 664 505 577 831 404 790 522 356 178 370 177 448 627 750 634 449 753 529 138 478 231 763 698 819 516 210 137 779 689 646 154 815 742 429 334 284 388 594 387 317 0 272 512 378 634 211 865 448 494 181 307 736 565 389 689
