303
0 660 972 252 430 293 637 392 545 254 338 325 928 660 988 589 625 610 719 804 427 928 461 313 688 421 729 519 753 234 567 655 851 834 664 433 899 481 386 697 1023 666 271 600 217 829 608 757 682 769 921 355 550 292 753 874 68 727 409 1009 605 491 27 851 297 480 431 870 670 164 473 626 165 952 529 402 944 617 334 389 265 796 645 802 766 576 963 797 757 212 265 774 707 771 715 665 527 426 675 306 844 765 936 459 669 1110 424 356 413 552 920 334 341 677 712 456 523 227 386 371 696 769 1070 1006 992 153 775 242 957 820 648 294 833 440 773 739 264 373 661 340 234 1000 487 614 1072 832 591 506 517 809 581 750 145 389 75 756 427 609 584 737 611 611 527 799 325 804 893 350 921 1013 719 198 364 693 907 218 536 946 540 238 687 1042 597 614 463 972 1084 530 765 298 461 967 254 808 505 560 547 473 890 616 848 559 505 838 676 922 701 119 506 923 941 431 360 719 737 509 379 256 51 678 510 460 380 879 740 743 208 294 303 684 528 634 573 905 845 744 872 499 985 917 521 942 548 769 605 379 272 391 623 465 548 372 81 325 1024 618 750 943 594 734 814 964 655 426 870 922 830 513 752 449 593 178 415 864 176 281 255 397 508 167 666 368 495 219 298 426 327 438 682 1022 804 552 206 343 926 904 910 536 680 434 704 242 902
660 0 624 783 491 443 380 653 593 551 575 347 340 575 562 430 443 648 62 439 341 433 310 764 354 551 237 497 207 508 361 287 201 411 390 666 506 697 523 427 394 218 616 61 501 196 567 177 317 109 334 311 325 676 319 236 613 351 472 350 349 330 637 257 371 306 519 219 458 496 260 582 600 436 221 448 292 213 361 501 596 170 355 420 354 337 372 417 303 480 441 576 536 145 265 401 159 627 361 518 556 514 380 648 344 497 318 399 685 694 363 481 320 41 514 503 143 610 390 379 396 140 431 376 394 607 325 645 316 384 513 372 256 468 389 369 457 587 583 454 670 404 433 197 477 182 577 448 602 174 138 251 627 484 644 171 353 216 291 433 717 520 227 403 336 547 296 489 301 380 362 464 345 435 516 494 550 402 657 426 238 399 614 265 420 328 467 362 448 374 559 581 602 372 487 164 196 297 230 588 505 605 688 399 475 409 485 653 274 556 370 477 582 269 135 446 310 601 614 499 319 488 281 245 453 467 721 753 357 470 237 490 201 595 252 118 364 639 525 355 702 342 290 135 400 428 602 303 326 310 313 615 579 463 647 86 182 315 268 185 441 351 532 519 530 308 534 440 184 273 144 616 477 307 588 810 406 613 324 743 493 497 676 464 583 489 363 666 334 363 497 234 482 320 575 412 278 194 431 649 164 417 352
972 624 0 918 549 681 342 673 486 1020 1083 807 398 1185 113 1038 1057 1239 597 193 561 240 877 845 311 580 854 465 814 737 968 372 697 212 315 1198 118 1241 601 1050 846 418 1087 647 942 511 405 459 941 615 873 773 440 775 939 740 903 289 1019 710 380 497 964 430 812 519 558 557 301 860 555 396 1017 266 520 570 567 833 668 591 1067 730 975 208 974 411 894 1036 321 765 714 224 280 717 887 312 585 1163 984 1014 130 208 935 610 967 947 576 621 682 1262 343 639 761 583 267 1067 694 778 924 610 1019 713 845 833 901 1017 941 1097 526 996 336 730 829 535 1010 992 710 1109 1193 631 815 910 1012 817 962 689 430 1032 520 720 541 864 850 1022 911 769 557 835 903 241 1298 1126 517 1021 772 173 836 1008 809 830 986 851 852 279 109 933 1134 314 1228 775 862 814 1207 884 991 769 917 958 214 823 1118 58 752 985 1068 537 794 531 635 1188 132 481 1242 1009 1094 272 272 886 860 67 363 1033 1098 891 500 464 814 749 951 299 909 520 696 755 1077 1091 883 849 775 1091 509 1102 493 72 430 529 953 1200 167 912 1258 419 893 703 1013 961 737 816 374 532 915 1133 916 647 58 560 450 804 429 796 188 851 1145 563 106 453 141 459 448 575 757 1040 1027 363 1012 928 805 1141 482 940 311 610 1229 764 1072 553 677 1200 958 707 168 837 904 769 51 1000 498 536 292 1184 459 802 337
252 783 918 0 382 341 625 248 437 502 588 505 981 904 962 817 854 860 833 785 467 938 663 87 688 339 909 457 921 275 784 679 984 831 649 686 873 734 328 918 1172 716 524 729 450 916 515 830 884 887 1087 521 565 143 949 1015 232 732 647 1129 606 516 275 915 477 520 366 967 628 353 541 528 417 969 596 387 1038 799 421 345 517 942 858 791 967 583 1128 1007 782 309 342 698 637 915 903 645 627 678 887 550 788 711 1112 318 878 1269 480 394 249 805 959 325 500 787 651 698 667 175 605 415 912 912 1213 1154 1155 405 969 494 1040 1021 582 420 998 403 980 946 325 624 906 347 117 1164 719 793 1239 965 492 740 403 951 670 930 167 629 195 914 460 793 785 711 864 850 591 1006 488 744 1054 590 1073 1159 927 388 562 662 880 448 782 976 792 378 871 1182 846 809 693 1110 1240 748 737 484 709 929 190 1007 744 643 723 520 1005 862 812 446 758 1039 906 942 650 158 702 884 983 671 611 907 822 472 564 192 292 620 718 409 510 1023 962 967 63 74 464 913 588 869 638 846 909 838 1059 751 974 1091 774 999 750 910 827 608 197 577 633 508 755 625 297 334 975 719 820 1091 628 900 797 1120 894 362 829 989 779 480 821 521 756 431 654 909 427 30 425 649 531 86 609 333 748 327 550 380 420 691 887 1140 763 739 425 506 880 1097 989 613 650 687 774 407 940
430 491 549 382 0 166 243 172 142 544 626 386 612 847 583 717 748 855 525 403 154 557 530 325 307 60 686 88 678 200 658 307 684 449 267 747 493 796 53 784 880 358 603 456 463 573 182 481 708 577 824 371 197 241 751 723 362 351 611 807 227 165 427 555 373 185 28 630 251 354 232 202 511 588 271 54 694 598 212 41 586 661 708 408 780 209 863 834 407 244 205 344 277 636 696 263 335 721 731 561 420 341 866 157 717 986 183 137 200 841 584 99 348 479 284 668 428 229 526 146 765 632 912 862 885 507 766 600 687 826 218 270 742 24 805 774 190 660 852 106 270 895 645 585 968 666 170 669 131 665 355 706 301 604 364 654 142 594 624 330 891 784 265 827 349 378 786 575 791 866 758 361 452 281 501 455 752 598 814 288 662 878 829 630 618 808 955 630 356 386 705 553 203 812 693 327 523 194 684 826 435 158 807 844 799 562 277 337 545 508 610 632 647 701 484 90 427 201 419 251 584 29 306 735 825 834 338 323 336 802 256 782 302 480 549 507 834 777 592 841 825 631 595 626 709 552 190 437 256 180 611 677 388 116 605 409 469 804 266 654 415 842 820 28 453 628 408 97 470 225 529 534 620 539 510 398 339 693 175 392 239 62 794 251 602 4 220 751 719 815 387 558 422 358 507 880 637 297 269 738 427 327 565
293 443 681 341 166 0 344 246 306 378 461 235 655 697 694 575 609 696 492 510 138 638 393 322 395 191 594 247 598 70 522 366 645 541 371 581 605 630 146 655 836 388 438 393 297 577 347 494 593 546 759 230 258 236 647 678 226 435 452 788 312 199 283 583 218 192 180 626 381 190 202 367 349 664 258 120 698 492 85 135 420 606 582 509 672 283 799 720 470 85 39 494 426 580 596 372 286 555 608 396 555 476 790 276 596 935 143 63 279 677 639 73 206 446 427 509 339 166 373 81 640 576 875 818 825 346 665 436 703 722 369 118 671 165 692 659 29 495 701 59 226 834 494 482 909 626 336 518 289 614 329 615 199 443 242 584 135 487 501 444 728 635 255 716 202 517 723 413 738 822 641 194 303 401 614 289 595 662 651 122 562 843 671 515 466 771 906 492 472 230 544 674 159 708 539 303 414 189 664 671 555 321 642 741 661 635 413 232 417 630 662 474 482 601 483 224 286 158 270 393 449 191 187 687 697 705 281 310 183 665 252 638 302 615 577 498 746 614 692 767 660 670 468 573 572 395 161 297 331 179 481 511 236 51 732 377 485 755 307 575 521 787 673 176 577 657 540 228 486 180 436 371 461 586 346 367 177 527 216 313 381 115 629 87 436 161 87 585 601 799 512 441 256 215 634 788 653 273 388 573 438 163 621
637 380 342 625 243 344 0 405 262 679 745 470 383 882 350 738 762 922 385 167 218 313 562 568 65 293 613 184 587 406 669 100 535 206 27 862 261 906 296 773 725 173 746 376 600 382 206 290 673 428 701 438 99 485 693 579 570 109 691 625 40 154 627 341 473 177 262 441 78 518 219 216 675 345 199 245 495 558 325 280 726 535 694 168 726 70 734 788 175 427 375 205 156 514 637 31 277 829 710 676 226 156 754 363 693 834 234 282 427 934 348 314 424 350 136 741 395 465 596 269 746 509 746 708 750 675 702 755 477 762 136 388 631 222 758 734 373 772 889 301 512 760 695 543 828 520 224 717 285 533 253 629 527 691 582 551 215 558 614 101 974 820 195 775 434 197 661 674 652 709 723 508 521 68 270 592 816 357 901 433 606 712 891 604 672 647 802 653 129 484 790 331 442 749 750 237 501 190 510 877 213 267 910 778 806 319 108 563 555 287 375 707 762 641 311 153 485 439 613 118 602 218 360 593 806 819 579 566 434 805 185 804 190 283 336 341 744 870 352 729 927 404 595 502 718 631 430 488 54 191 617 795 577 316 391 295 277 658 115 565 177 702 846 266 236 409 207 146 277 237 480 697 699 310 669 642 463 805 140 629 113 294 897 424 732 245 335 865 688 630 174 544 562 433 293 793 428 223 58 849 249 460 329
392 653 673 248 172 246 405 0 188 579 668 479 782 935 725 819 854 923 691 554 311 717 639 172 471 113 831 223 829 224 768 478 851 606 426 784 637 834 131 901 1046 530 626 612 504 746 268 653 838 745 983 476 370 112 889 888 333 514 684 978 396 335 400 727 458 352 147 802 393 386 393 280 521 750 438 205 867 734 325 152 612 823 829 562 915 380 1023 965 575 284 275 451 392 797 837 419 494 765 854 610 544 469 1020 71 842 1150 335 262 33 892 752 181 452 645 408 740 572 166 612 280 886 793 1080 1028 1046 513 906 611 860 964 339 364 898 196 936 904 253 704 939 207 167 1056 734 723 1130 832 244 758 154 828 521 852 246 672 317 810 300 729 747 479 947 875 432 960 447 500 946 637 954 1032 887 408 547 430 643 498 828 763 870 353 803 1047 901 759 706 976 1120 737 503 469 768 688 142 950 775 493 657 358 854 906 574 197 851 983 906 724 411 275 663 643 778 706 691 841 656 253 531 140 403 379 695 189 429 899 943 951 227 177 427 911 424 881 472 601 722 678 982 830 741 997 869 802 714 788 818 630 125 543 426 345 727 715 383 204 731 574 642 969 439 806 565 1005 914 145 588 800 537 261 642 381 673 541 692 709 524 255 411 735 347 290 368 156 839 299 637 172 330 789 846 987 524 686 466 461 637 1026 809 462 418 779 599 395 733
545 593 486 437 142 306 262 188 0 684 767 528 644 988 545 856 887 998 616 385 282 555 670 360 325 125 805 96 791 328 795 354 774 443 275 888 460 937 165 919 969 421 741 568 603 638 80 545 838 666 927 512 270 297 875 816 479 366 754 880 269 266 547 602 516 294 126 697 224 491 349 91 645 590 373 195 754 725 354 171 724 761 842 397 906 266 964 962 436 380 345 263 207 737 819 266 448 862 864 702 359 287 974 123 849 1077 311 279 195 984 606 235 489 574 227 810 553 323 668 287 898 733 995 952 984 639 889 734 739 949 160 413 849 152 933 903 329 801 994 247 345 994 787 711 1065 757 56 811 33 763 455 824 404 747 473 763 270 722 758 312 1034 926 367 953 491 315 888 718 887 954 888 500 594 265 465 595 895 610 957 429 786 961 971 761 759 893 1046 769 332 529 848 505 296 936 835 429 653 307 761 968 395 15 948 967 937 568 235 438 682 460 633 775 788 824 558 147 568 293 543 201 722 124 444 829 959 969 410 366 478 939 357 922 393 414 598 586 950 920 567 949 966 666 730 726 847 695 278 577 300 295 747 817 515 255 545 507 532 897 336 768 396 938 960 130 407 671 353 152 532 349 652 667 762 571 645 444 481 834 270 471 192 193 936 388 742 147 362 891 849 886 345 690 562 500 452 997 690 401 255 879 497 469 588
254 551 1020 502 544 378 679 579 684 0 89 221 873 406 1007 349 384 359 614 832 464 916 269 550 711 563 542 624 578 361 342 658 712 843 705 205 925 255 519 461 857 641 68 491 81 744 725 695 469 655 741 259 580 505 546 724 273 741 163 874 639 525 228 789 210 501 557 770 735 195 467 745 92 932 509 497 843 435 357 512 47 647 422 824 551 609 781 571 745 305 339 859 793 625 519 710 469 185 452 56 904 830 742 632 450 930 445 420 607 313 880 448 264 581 789 204 409 420 179 423 467 624 909 842 810 105 568 93 868 604 738 292 658 542 551 518 354 126 407 438 454 817 247 438 885 695 715 262 664 662 526 562 358 141 307 595 470 427 379 779 370 359 511 576 251 871 719 104 756 850 498 183 206 745 935 89 282 914 295 258 496 885 344 415 227 820 908 307 806 200 207 1001 440 593 254 514 383 489 769 362 888 699 271 621 431 902 769 349 318 961 895 183 112 522 663 595 241 441 209 756 303 570 329 726 503 503 449 530 245 441 517 386 547 962 783 659 669 254 991 726 289 880 347 627 370 154 456 248 646 488 339 135 208 428 1065 543 692 780 596 564 840 792 403 553 913 852 886 596 694 445 440 91 167 821 79 532 216 156 539 419 745 490 260 295 58 540 347 209 465 890 853 371 122 258 970 694 827 502 733 199 650 223 864
338 575 1083 588 626 461 745 668 767 89 0 275 908 330 1063 298 330 272 636 892 534 963 271 639 772 648 527 704 569 448 309 715 716 898 770 121 983 169 604 411 846 690 79 517 165 771 805 731 440 672 724 310 646 594 517 724 361 798 121 878 704 593 313 823 272 567 641 791 805 282 528 825 172 977 565 577 861 428 431 595 75 649 386 882 517 674 762 527 796 391 422 931 866 629 499 776 515 96 414 68 971 898 717 720 415 910 513 498 697 223 919 532 321 608 860 140 437 510 184 499 423 629 899 832 791 184 539 122 890 568 813 365 645 623 511 480 438 36 330 520 543 798 203 434 862 701 796 212 748 665 570 545 447 101 395 592 542 421 359 843 280 290 567 535 310 940 707 86 747 840 460 267 240 812 993 172 205 955 205 338 481 878 260 399 192 817 891 277 869 260 126 1060 529 558 192 562 390 554 781 282 951 782 183 583 372 947 839 438 316 1022 932 133 22 501 696 671 278 531 296 829 289 650 386 723 450 448 537 619 310 383 574 323 599 1028 818 688 640 164 1042 704 200 913 333 633 326 147 545 281 708 555 319 51 298 511 1125 579 730 772 655 558 899 778 334 637 976 881 952 672 732 508 449 162 121 860 161 618 290 67 606 504 817 574 171 380 40 621 421 124 433 894 918 368 205 313 1032 659 853 554 801 112 691 300 905
325 347 807 505 386 235 470 479 528 221 275 0 655 462 788 340 374 471 409 616 267 694 163 518 496 423 408 451 428 261 291 439 529 623 495 392 708 436 379 425 698 419 290 285 157 532 552 476 379 455 597 38 371 445 444 550 292 523 228 689 430 321 299 571 28 294 406 565 534 163 252 572 254 710 290 332 638 297 174 365 269 472 358 606 462 400 639 503 524 206 204 662 599 447 399 501 248 358 385 207 696 625 615 512 375 785 243 249 512 468 659 308 45 371 590 284 204 359 140 243 414 445 745 681 667 260 464 310 659 515 548 117 508 376 476 442 225 302 467 288 413 675 260 292 748 511 547 284 516 485 305 430 337 225 329 431 276 290 281 567 513 400 292 501 37 666 568 203 595 688 423 127 68 538 718 149 367 692 437 131 368 718 443 304 232 648 759 258 593 27 326 784 365 502 307 293 223 280 575 440 675 543 440 534 427 680 568 352 197 746 675 248 291 403 447 412 58 366 275 560 219 405 110 554 469 475 442 502 51 432 298 402 326 752 566 447 556 404 770 595 458 663 246 446 339 168 375 71 432 282 254 325 244 284 849 326 473 617 379 409 624 638 437 403 700 637 677 412 475 232 267 272 237 600 243 535 79 334 333 443 549 347 427 188 268 381 165 394 383 703 643 235 135 37 756 592 616 281 527 379 430 97 644
928 340 398 981 612 655 383 782 644 873 908 655 0 905 297 765 772 986 286 294 518 158 649 935 318 668 523 566 473 725 697 304 323 230 369 1004 292 1037 662 742 449 266 940 393 812 153 580 178 629 274 491 616 417 848 604 360 869 278 811 311 386 465 910 84 673 463 635 175 427 775 456 585 907 136 400 595 169 544 595 642 920 373 678 273 637 403 506 697 208 722 671 480 481 370 561 378 410 965 677 846 404 414 554 746 661 549 511 593 806 1035 55 656 617 302 454 844 470 809 725 573 708 366 446 437 509 911 599 964 128 646 498 636 465 588 674 666 679 923 913 635 864 518 773 529 565 320 601 788 668 359 352 526 854 822 892 426 523 548 626 347 1056 854 402 679 633 423 457 822 423 433 665 751 670 386 298 804 890 88 997 692 546 416 952 595 761 374 519 701 339 680 899 341 791 638 828 370 537 465 249 923 335 648 1028 656 797 126 431 887 615 341 38 817 916 564 211 529 633 789 891 462 660 592 560 375 758 773 927 931 647 790 403 820 355 408 89 222 587 980 244 533 1042 23 628 357 732 763 783 628 356 476 651 951 853 649 394 330 181 414 352 462 286 460 861 638 349 56 387 521 179 480 483 926 816 73 896 1002 693 950 449 967 465 650 1017 711 911 613 601 1005 647 308 363 574 785 621 365 631 104 393 393 987 226 699 65
660 575 1185 904 847 697 882 935 988 406 330 462 905 0 1135 146 132 117 621 993 714 1008 323 942 885 885 398 906 451 711 217 818 624 977 903 293 1071 277 842 181 680 766 409 539 454 752 1004 752 283 632 551 476 791 884 337 610 671 897 257 762 842 755 634 826 479 724 868 746 957 562 670 1023 498 1011 682 793 801 362 635 827 406 555 228 977 315 817 578 287 867 652 663 1087 1030 548 358 912 607 271 235 354 1097 1037 517 973 249 710 686 710 967 214 935 770 498 616 1016 205 492 796 324 701 213 550 734 671 605 511 354 450 842 347 986 579 502 835 288 274 683 301 8 750 840 607 202 378 654 615 1002 178 978 572 645 404 748 274 708 493 725 359 284 965 193 62 687 303 498 1076 551 313 600 680 264 533 394 949 1081 456 125 975 187 581 364 724 96 310 230 681 700 229 987 467 204 1148 809 344 161 652 390 710 704 56 1058 1003 248 355 117 984 990 747 327 1118 938 234 311 357 710 862 420 810 614 990 280 864 546 603 193 182 847 924 513 128 697 85 699 1145 822 689 436 210 1100 515 248 902 292 558 174 305 822 411 833 716 269 315 606 746 1215 626 757 625 771 455 997 612 44 865 1084 863 1076 860 759 660 432 492 250 881 485 934 524 290 762 823 980 809 246 636 370 842 626 288 266 779 1038 347 483 488 1135 432 821 660 941 279 733 540 926
988 562 113 962 583 694 350 725 545 1007 1063 788 297 1135 0 988 1004 1198 527 183 564 142 838 896 301 623 784 506 740 757 918 349 610 165 323 1174 90 1214 636 989 747 377 1076 595 933 425 465 389 878 538 783 752 439 819 868 651 920 267 989 608 382 499 977 342 797 515 596 465 334 862 541 460 1015 161 498 593 467 776 668 623 1055 649 917 186 903 412 802 965 271 777 724 297 339 640 818 324 551 1138 923 996 194 258 846 667 907 845 573 631 738 1229 244 663 744 521 318 1033 652 811 895 618 957 635 742 734 806 1016 868 1090 423 920 386 726 747 565 939 925 723 1086 1142 651 854 814 973 760 863 604 490 991 578 638 501 792 877 994 933 694 562 778 850 253 1260 1077 497 948 756 236 748 984 717 731 921 848 826 301 82 924 1095 210 1193 776 796 712 1165 828 954 671 816 912 227 808 1086 56 786 911 1029 503 745 525 542 1142 151 542 1212 932 1037 174 313 913 816 89 260 1001 1077 822 431 493 787 784 962 346 865 555 678 665 1013 1027 922 898 762 1033 490 1050 463 158 343 457 871 1168 55 824 1228 317 844 626 961 933 773 787 368 530 867 1112 926 667 96 510 381 710 411 724 173 757 1093 601 139 353 194 487 379 564 703 1037 996 275 1008 976 798 1117 482 975 356 640 1200 772 1056 586 677 1176 895 603 201 788 898 751 106 917 400 508 314 1159 401 798 241
589 430 1038 817 717 575 738 819 856 349 298 340 765 146 988 0 36 223 479 846 578 863 186 845 739 759 277 771 328 599 70 672 499 830 758 318 924 325 717 113 584 619 375 393 372 612 867 607 166 494 455 347 648 779 237 491 586 751 185 647 698 615 561 684 361 584 740 612 813 465 529 886 440 867 538 662 670 221 506 701 365 428 105 830 228 673 489 230 720 542 544 943 887 417 239 767 461 283 126 292 951 892 436 851 134 632 549 580 852 292 793 646 371 472 872 159 345 691 213 570 126 419 638 572 518 453 258 418 709 275 845 456 391 704 216 187 565 282 154 625 741 523 102 235 580 488 866 86 848 446 498 288 654 207 624 366 589 216 139 819 298 89 543 239 373 931 448 244 493 581 170 432 272 804 934 372 144 832 255 468 236 623 190 170 125 572 617 87 841 350 198 1002 701 267 109 506 244 569 576 158 911 871 304 289 88 839 846 659 182 972 797 167 287 239 566 725 290 702 539 847 136 731 412 486 154 154 757 828 391 96 553 66 553 999 680 546 355 255 954 428 313 762 145 426 37 210 712 280 688 576 122 306 523 623 1069 479 612 519 625 327 850 515 108 737 937 724 929 723 614 520 286 440 182 738 426 848 410 288 620 742 838 684 296 524 332 713 498 315 153 664 892 201 392 361 988 367 685 515 796 300 587 428 783
625 443 1057 854 748 609 762 854 887 384 330 374 772 132 1004 36 0 226 488 866 607 876 218 881 761 792 271 801 324 634 93 693 496 847 781 341 942 344 750 82 570 638 408 410 408 619 896 620 157 499 440 380 674 815 221 486 623 771 220 640 722 643 598 693 396 611 772 615 838 502 556 915 475 878 562 694 671 230 539 733 399 427 98 849 208 699 472 201 737 577 578 967 913 418 232 791 484 308 112 327 972 915 416 885 123 613 579 613 886 303 803 680 404 485 897 190 368 727 249 602 102 420 624 559 500 488 241 451 711 251 872 490 381 735 191 166 600 312 140 658 777 504 138 245 559 487 896 121 880 444 519 280 691 242 661 364 619 227 153 842 303 86 568 212 406 954 435 279 482 568 150 468 307 828 952 408 161 843 268 503 234 611 194 178 162 563 599 118 862 386 224 1019 737 244 138 528 263 597 575 157 931 902 321 264 52 852 870 695 209 990 806 201 318 231 578 755 323 737 575 873 165 763 443 479 120 119 794 864 426 59 578 47 575 1019 689 557 335 273 968 410 328 769 166 428 43 246 748 313 711 605 145 335 560 656 1086 496 625 508 649 325 869 500 89 769 957 730 951 752 627 548 301 475 216 749 461 885 446 316 648 779 864 717 314 560 365 744 531 338 141 657 914 220 429 394 1007 343 689 539 820 323 603 464 793
610 648 1239 860 855 696 922 923 998 359 272 471 986 117 1198 223 226 0 700 1046 735 1078 362 908 933 887 497 922 550 699 288 867 721 1036 944 199 1129 171 842 291 791 823 342 605 422 834 1022 824 383 717 662 493 826 859 445 712 632 949 243 866 881 784 585 904 481 754 874 835 992 538 704 1042 444 1083 724 802 894 443 645 830 345 651 324 1031 426 853 691 403 927 639 659 1123 1062 641 458 952 654 189 337 316 1143 1078 632 968 349 826 709 719 953 99 1012 769 513 689 1051 187 546 772 332 714 321 643 846 781 718 456 463 380 933 462 1014 584 607 847 402 384 678 237 111 753 811 721 227 457 770 711 1018 207 984 669 699 506 715 252 666 589 745 438 360 1011 77 139 728 418 508 1119 660 286 707 791 371 515 408 990 1139 427 106 1051 81 575 459 834 33 393 250 788 814 286 1034 468 155 1207 789 457 171 701 454 739 800 70 1109 1013 141 470 228 1055 1026 708 381 1174 1017 222 249 457 783 882 440 790 568 1023 333 875 569 706 309 298 808 889 519 240 738 183 747 1194 900 765 550 117 1167 628 137 985 358 650 259 302 803 435 876 744 335 241 567 747 1274 688 828 733 815 550 1051 723 155 870 1136 947 1122 881 830 689 503 433 235 956 433 890 518 215 793 776 1012 810 142 625 311 850 636 194 367 883 1086 414 458 503 1188 548 908 705 980 189 799 533 1001
719 62 597 833 525 492 385 691 616 614 636 409 286 621 527 479 488 700 0 420 381 392 370 810 350 585 257 521 217 559 411 287 159 384 391 726 478 755 560 465 355 214 678 124 564 136 582 138 352 53 315 372 346 722 342 200 670 339 532 296 359 360 696 205 433 340 553 156 461 556 300 596 662 391 254 486 229 258 413 539 659 149 396 400 377 353 349 439 281 535 493 572 538 129 291 403 206 686 399 580 541 507 368 681 382 462 360 444 722 750 314 524 381 46 514 561 206 659 451 423 432 125 388 337 368 669 344 707 253 399 521 429 247 501 413 398 508 648 629 498 719 378 489 244 448 141 595 503 628 147 170 267 680 545 701 174 392 262 340 425 770 569 260 424 397 536 275 550 270 341 394 524 407 434 487 556 604 354 713 483 270 355 666 310 478 284 431 415 436 436 617 551 649 388 542 198 253 333 173 637 485 627 745 413 516 365 485 708 332 529 317 536 643 295 96 471 373 648 674 503 375 518 339 212 486 500 772 801 417 510 268 536 224 575 201 69 365 696 486 343 759 285 343 116 447 489 648 366 333 346 365 676 639 508 616 117 146 281 282 199 420 321 577 553 509 249 519 465 148 316 198 679 537 261 650 859 466 673 352 797 499 537 734 519 645 523 415 725 370 308 483 289 544 381 550 414 217 229 432 708 145 477 305
804 439 193 785 403 510 167 554 385 832 892 616 294 993 183 846 866 1046 420 0 381 172 683 722 121 447 674 331 638 573 776 179 541 64 140 1006 94 1048 457 862 711 227 900 458 756 360 310 289 755 448 717 581 257 643 758 585 737 96 826 588 199 316 793 289 623 334 419 414 161 680 365 309 835 208 328 411 445 645 486 443 880 563 786 22 793 229 743 856 139 593 540 186 194 547 705 141 391 971 797 824 122 120 776 502 780 817 392 448 571 1068 244 480 570 400 168 873 501 629 731 434 832 542 720 696 754 836 762 912 414 820 226 546 663 385 828 809 539 917 1000 468 674 764 818 629 823 530 334 838 415 555 348 686 694 829 749 595 379 646 713 74 1104 933 325 841 582 130 678 816 658 695 801 668 659 124 104 747 941 236 1034 594 678 687 1013 695 797 632 786 765 52 633 924 169 606 808 874 344 602 345 492 994 65 385 1048 833 904 190 151 730 667 130 271 839 907 709 326 313 621 603 779 185 716 376 505 600 891 904 742 723 586 901 317 911 299 155 287 357 784 1006 188 752 1065 317 700 533 822 768 593 622 187 348 723 941 743 483 233 370 278 657 237 618 11 704 953 423 91 338 102 306 276 386 568 857 833 233 829 800 620 949 300 794 192 458 1036 589 883 406 495 1008 771 588 70 646 719 578 142 833 373 342 136 992 277 618 229
427 341 561 467 154 138 218 311 282 464 534 267 518 714 564 578 607 735 381 381 0 501 392 433 262 212 531 193 523 208 515 228 539 407 246 654 476 700 181 637 735 251 530 302 384 450 289 362 556 435 673 242 124 344 597 577 362 300 495 672 182 65 414 448 264 54 182 502 271 299 81 309 456 526 130 107 572 444 107 159 510 511 560 377 626 151 712 681 331 215 161 397 332 485 542 249 183 623 581 466 441 366 712 310 567 839 29 75 343 735 501 145 223 334 325 550 273 293 403 56 616 481 769 717 735 456 612 537 572 671 280 171 588 135 652 622 165 564 720 120 350 745 516 431 818 521 288 539 280 516 211 551 336 492 380 501 12 441 475 320 780 651 125 673 229 407 635 470 643 720 606 290 327 282 485 375 630 524 705 214 508 736 707 479 489 665 808 490 347 276 593 548 278 658 567 183 371 53 548 699 431 296 707 689 657 497 305 370 400 506 524 514 553 547 356 148 296 276 399 294 442 160 167 587 676 687 411 425 224 658 120 644 171 500 442 374 679 671 558 688 724 534 448 477 566 435 273 303 196 41 466 585 362 133 609 264 352 657 169 500 391 693 683 181 455 522 423 146 354 71 375 478 503 448 451 490 247 597 81 449 283 155 694 209 518 152 117 657 567 682 392 408 345 233 512 725 522 152 270 643 306 242 483
928 433 240 938 557 638 313 717 555 916 963 694 158 1008 142 863 876 1078 392 172 501 0 724 881 250 606 647 493 601 705 793 272 467 111 291 1070 139 1107 610 857 607 275 984 472 846 283 481 256 744 398 641 656 381 799 730 508 863 207 880 470 333 438 913 200 707 447 576 322 330 788 460 482 934 36 409 554 327 646 596 593 963 508 787 157 765 358 659 827 172 715 662 349 366 500 682 297 448 1032 791 898 260 289 704 669 774 707 504 574 736 1115 103 621 651 391 340 920 537 775 788 557 824 496 605 594 664 937 729 1002 286 781 397 648 605 536 802 789 665 984 1016 605 824 673 856 631 723 462 505 873 584 496 393 654 832 887 881 555 502 649 724 242 1143 953 409 810 665 287 605 881 574 591 786 770 723 290 143 837 977 75 1079 702 662 574 1044 699 839 530 677 791 225 716 974 183 753 771 912 401 623 454 400 1019 192 556 1103 792 907 32 323 867 697 184 123 890 975 686 299 467 685 751 896 357 745 532 588 523 878 892 891 880 675 902 406 923 369 255 201 322 729 1056 94 682 1118 179 720 486 834 827 742 683 309 462 744 1010 859 620 238 392 251 568 334 586 161 615 966 579 201 213 247 460 249 484 577 955 886 134 926 956 715 1013 422 938 364 606 1090 708 961 559 604 1071 762 466 231 664 813 657 209 775 259 413 300 1054 279 718 99
461 310 877 663 530 393 562 639 670 269 271 163 649 323 838 186 218 362 370 683 392 724 0 680 570 574 275 585 308 424 129 505 446 675 583 356 767 387 532 262 587 462 325 257 251 506 681 477 222 402 473 162 469 608 292 456 441 587 162 608 521 431 433 565 188 400 554 522 634 312 347 701 343 733 363 476 591 165 321 515 307 379 195 669 306 495 513 343 567 370 365 765 707 359 256 591 292 316 223 223 781 718 479 667 214 662 363 395 672 391 667 463 187 347 693 196 186 522 91 384 251 359 639 572 543 354 314 360 621 360 662 275 388 517 317 282 386 279 330 440 576 550 135 168 620 430 680 156 662 395 338 295 496 175 479 325 403 158 123 649 422 261 367 342 191 758 450 185 486 580 263 276 101 629 777 247 257 705 355 294 230 615 330 153 115 551 640 99 672 180 251 845 529 347 191 339 119 386 510 315 747 684 380 378 269 704 668 507 48 812 677 167 275 259 439 539 107 529 409 667 56 545 225 457 306 313 601 664 212 272 377 252 384 832 560 427 411 333 810 462 395 652 88 362 179 123 538 96 514 392 92 307 384 439 912 332 478 510 453 294 688 522 291 551 773 618 760 537 481 336 178 353 167 609 329 694 240 303 438 596 657 499 368 351 286 526 313 355 224 624 723 101 254 177 826 443 587 343 620 338 445 259 655
313 764 845 87 325 322 568 172 360 550 639 518 935 942 896 845 881 908 810 722 433 881 680 0 632 275 910 391 918 265 806 631 965 772 590 743 807 792 273 941 1157 675 580 715 489 882 440 793 896 864 1080 528 518 88 957 999 277 676 685 1104 553 474 332 874 492 482 305 935 563 381 511 452 472 913 564 340 1004 804 406 292 571 928 876 730 978 533 1121 1022 732 312 332 623 565 902 909 585 605 732 904 593 716 641 1110 238 894 1257 450 366 166 860 909 288 505 764 581 738 659 161 632 387 932 898 1196 1139 1147 461 976 554 1003 1031 511 420 992 348 994 960 313 675 945 313 104 1156 750 796 1231 946 416 773 326 936 643 932 194 668 245 906 424 798 799 648 918 886 559 1019 495 672 1045 630 1060 1144 941 413 580 598 814 486 824 923 844 387 876 1164 892 819 723 1092 1228 771 672 500 754 860 162 1017 781 615 726 485 980 904 745 367 814 1049 934 887 582 201 715 815 935 708 662 913 789 414 576 163 344 550 736 349 504 1008 985 990 105 19 472 941 553 901 604 773 868 808 1062 803 911 1088 831 954 765 895 851 640 162 589 581 472 772 679 341 302 903 694 783 1077 584 895 734 1109 929 302 760 948 709 421 783 494 754 488 692 862 480 85 440 702 488 160 540 285 803 331 602 324 407 748 902 1115 695 748 459 512 809 1102 952 584 586 742 738 421 890
688 354 311 688 307 395 65 471 325 711 772 496 318 885 301 739 761 933 350 121 262 250 570 632 0 358 591 250 560 460 669 68 492 146 51 887 215 929 360 765 677 137 779 361 635 329 265 240 661 388 662 461 138 549 673 536 622 43 709 571 83 197 676 280 502 214 327 388 118 560 244 272 714 281 209 304 437 548 366 343 758 499 687 115 707 112 693 770 111 476 423 222 190 480 618 62 279 852 700 704 211 159 718 429 683 786 272 331 493 952 282 372 450 320 164 757 393 525 613 317 736 475 695 661 708 715 680 791 416 739 187 425 597 285 741 719 423 797 892 357 574 718 705 531 783 478 285 726 350 495 242 605 584 711 636 521 261 548 610 80 989 824 206 756 462 194 622 697 610 661 709 547 540 84 224 626 827 292 918 474 589 661 901 596 683 598 754 656 101 513 807 290 503 727 761 233 498 224 459 884 179 330 930 754 802 254 136 620 558 250 309 723 787 622 266 218 503 500 661 159 606 283 385 550 796 809 640 630 465 800 198 805 186 261 276 298 714 889 296 693 947 340 594 467 717 650 492 505 66 228 617 821 625 372 354 275 227 614 118 539 129 659 847 330 205 346 190 211 227 265 469 736 716 245 708 705 499 829 181 689 158 355 918 471 762 309 375 889 676 575 153 541 598 458 260 763 368 227 85 873 207 497 264
421 551 580 339 60 191 293 113 125 563 648 423 668 885 623 759 792 887 585 447 212 606 574 275 358 0 742 117 735 204 703 364 745 497 315 768 534 817 44 832 941 417 618 514 483 634 188 541 759 638 884 412 257 196 805 784 354 402 643 868 282 225 422 613 407 245 33 690 289 369 291 205 520 639 331 105 755 651 253 58 602 721 757 454 833 266 922 886 462 257 228 365 301 695 751 310 394 744 780 585 450 372 924 98 767 1046 239 180 140 867 638 117 388 540 313 700 483 203 562 194 814 691 973 923 945 515 821 611 747 880 244 305 800 84 857 825 210 683 890 135 235 955 683 638 1028 727 169 707 101 725 415 762 282 635 350 713 199 647 673 373 919 823 325 879 388 407 846 603 851 926 809 381 491 323 541 476 786 651 842 313 717 939 862 681 655 869 1016 674 398 420 735 590 176 866 729 388 575 253 744 862 473 139 830 898 844 613 311 318 592 544 665 665 670 755 544 140 469 173 418 281 629 76 353 795 873 882 302 275 371 847 317 824 363 509 608 568 891 804 636 900 848 688 643 686 754 586 159 479 312 240 658 697 390 140 637 469 529 864 326 712 459 902 860 32 489 686 440 148 530 283 584 543 652 595 521 352 368 715 236 360 270 76 818 268 621 62 260 772 769 876 423 608 442 398 540 936 696 357 311 760 487 354 620
729 237 854 909 686 594 613 831 805 542 527 408 523 398 784 277 271 497 257 674 531 647 275 910 591 742 0 710 53 645 228 524 225 642 625 581 736 597 706 223 318 455 592 240 526 370 789 396 114 249 198 387 548 829 84 214 701 588 406 370 580 539 702 451 437 510 713 354 692 571 456 806 619 642 434 636 404 112 509 686 576 158 173 655 119 564 238 182 536 601 578 812 770 154 39 636 356 543 162 492 793 751 206 840 149 387 503 569 864 569 561 650 409 274 749 410 259 749 364 551 188 157 372 304 267 629 88 631 447 148 743 490 118 666 155 142 598 525 406 624 808 275 333 116 344 218 797 335 809 174 361 21 742 426 738 97 543 119 167 670 574 358 441 166 420 784 179 448 221 313 142 535 365 671 745 521 420 601 532 530 46 352 465 128 336 296 365 252 685 433 461 808 749 135 372 382 186 498 306 428 739 818 579 164 282 619 720 760 227 787 559 399 525 42 354 659 351 748 678 732 240 689 407 209 235 249 845 896 445 274 451 316 426 830 448 326 151 528 741 187 588 516 196 166 240 390 754 339 559 510 208 552 650 628 873 318 404 247 499 61 675 251 353 712 764 475 771 654 406 460 158 628 407 513 604 938 487 540 537 851 726 676 569 582 551 683 506 579 131 387 734 177 525 402 807 194 431 406 666 563 397 504 555
519 497 465 457 88 247 184 223 96 624 704 451 566 906 506 771 801 922 521 331 193 493 585 391 250 117 710 0 695 287 708 268 680 382 203 825 416 873 136 830 875 331 685 472 543 549 101 455 745 571 832 431 175 313 781 721 450 293 680 789 182 171 515 518 443 199 92 607 172 438 255 121 596 526 277 127 667 632 278 129 667 666 752 339 812 174 868 869 358 329 286 256 190 641 725 196 353 797 773 637 335 256 878 179 758 983 222 206 243 915 532 187 410 478 198 735 459 313 591 208 808 637 902 857 889 592 794 684 654 854 131 341 753 82 839 810 274 736 912 189 350 899 706 618 970 663 95 730 107 667 359 729 388 674 452 667 181 629 668 256 963 843 271 860 414 292 792 648 792 860 796 441 515 207 423 535 818 541 886 366 692 868 895 669 680 800 951 684 281 455 776 473 287 841 757 333 561 213 669 889 355 108 882 872 850 502 194 424 593 427 559 699 724 730 466 51 486 284 507 165 635 58 359 734 868 879 418 392 403 852 261 837 298 395 513 493 854 851 519 853 900 587 641 631 759 620 272 494 213 202 659 755 476 201 521 411 443 802 243 672 342 843 876 97 372 589 324 56 443 257 558 619 688 493 594 470 414 769 174 474 154 150 870 334 682 92 287 828 757 796 306 599 502 420 424 901 604 305 195 815 406 403 514
753 207 814 921 678 598 587 829 791 578 569 428 473 451 740 328 324 550 217 638 523 601 308 918 560 735 53 695 0 652 276 494 172 602 597 628 695 646 702 275 279 423 631 223 555 322 771 354 167 202 168 403 528 834 130 163 720 554 448 319 555 525 726 403 457 498 705 303 665 592 445 786 651 595 418 630 351 143 512 681 614 105 226 617 164 543 210 225 498 612 585 783 743 103 92 609 343 590 215 530 757 719 192 834 202 357 496 567 862 620 513 649 423 240 721 457 258 757 399 549 241 107 331 263 238 661 128 668 394 182 719 500 80 657 201 193 604 568 459 623 817 247 379 141 320 165 780 383 797 121 340 52 756 468 756 46 535 150 211 638 626 410 424 208 436 751 142 488 178 271 194 556 392 642 704 550 471 553 583 544 92 309 517 172 380 249 333 298 651 454 508 766 755 171 421 363 205 486 253 481 702 804 628 195 336 572 692 775 260 747 510 443 567 94 313 644 373 754 702 706 280 679 413 158 286 300 857 904 460 327 435 369 405 792 401 284 158 578 695 170 638 465 236 116 291 428 759 361 533 499 250 596 672 629 831 292 363 203 475 23 638 214 406 705 726 425 736 639 365 452 164 661 450 467 636 950 505 586 521 867 700 673 619 594 591 675 510 626 184 336 699 207 551 418 767 206 379 390 638 610 361 521 508
234 508 737 275 200 70 406 224 328 361 448 261 725 711 757 599 634 699 559 573 208 705 424 265 460 204 645 287 652 0 552 434 709 607 433 567 667 617 163 687 898 458 414 455 283 647 381 564 634 612 816 266 324 185 693 741 165 501 459 855 376 267 228 653 238 262 205 695 436 166 272 401 316 732 328 168 767 539 146 161 398 667 618 573 715 348 857 761 538 59 67 542 474 641 644 432 353 545 645 388 610 531 845 271 634 996 213 132 256 671 709 100 242 512 478 515 395 104 389 151 675 638 938 880 884 310 712 406 772 767 415 155 728 206 733 699 50 484 715 105 164 893 511 531 967 690 367 535 305 676 398 666 128 447 176 642 204 533 539 504 724 652 325 757 234 570 782 412 799 885 681 184 327 460 676 277 603 731 648 131 611 907 676 557 483 835 967 519 532 248 544 734 105 753 550 372 461 259 731 681 615 343 631 786 687 703 466 162 454 690 732 482 471 648 552 274 317 105 219 444 480 229 239 749 730 737 213 251 211 692 323 659 372 670 647 566 796 608 757 822 649 741 505 635 600 406 113 329 397 249 515 497 188 90 791 445 555 817 376 631 583 847 692 200 636 727 596 279 557 250 489 338 467 656 316 302 188 516 284 243 432 138 619 75 419 195 145 571 641 866 570 484 243 250 692 837 723 343 447 560 508 171 691
567 361 968 784 658 522 669 768 795 342 309 291 697 217 918 70 93 288 411 776 515 793 129 806 669 703 228 708 276 552 0 602 442 760 688 353 854 369 661 135 544 549 381 323 350 546 803 538 131 429 418 292 581 735 207 439 556 680 187 595 629 549 539 616 315 518 682 548 745 431 463 822 429 797 469 604 609 155 449 644 368 371 80 759 209 605 455 230 650 497 494 874 819 358 195 698 392 315 109 287 881 823 408 796 107 602 486 523 801 347 724 592 316 403 804 183 275 649 181 511 129 359 598 531 485 441 230 422 646 262 778 404 346 643 208 175 515 301 224 569 701 490 107 168 553 430 803 107 789 389 428 242 618 209 595 309 527 150 72 750 360 159 474 234 320 862 405 240 449 540 155 396 225 735 864 348 198 764 309 422 184 580 254 108 117 525 584 36 771 305 232 931 656 251 144 436 173 504 517 226 841 810 352 278 141 770 777 626 115 901 729 176 303 196 496 662 236 657 516 779 74 671 351 435 178 184 722 789 341 144 485 135 483 928 612 478 331 301 884 396 363 696 75 366 51 191 666 225 619 511 52 328 496 568 998 408 542 475 556 272 780 475 177 679 867 658 859 659 544 455 217 433 187 669 415 815 366 314 554 713 770 628 342 479 338 654 442 351 124 612 822 130 363 307 917 352 620 446 727 335 517 384 714
655 287 372 679 307 366 100 478 354 658 715 439 304 818 349 672 693 867 287 179 228 272 505 631 68 364 524 268 494 434 602 0 435 185 103 828 268 869 357 696 625 73 726 292 584 284 305 191 592 329 602 404 113 544 605 479 591 83 647 527 85 167 641 250 448 175 331 343 173 518 192 316 668 298 149 292 400 479 325 338 706 437 618 167 639 98 634 702 104 443 389 288 250 417 550 115 213 792 631 647 279 227 656 446 615 733 231 302 503 889 279 356 394 254 227 694 326 510 552 285 667 412 646 608 651 669 612 741 386 672 236 379 534 284 673 650 393 739 825 337 563 661 640 463 728 420 322 661 374 434 174 538 562 650 609 456 230 479 541 149 925 757 147 688 407 263 562 638 552 609 641 502 480 147 278 575 762 298 855 431 520 612 835 527 619 547 702 589 169 458 745 345 490 659 696 166 429 182 410 817 242 362 869 687 734 268 198 597 491 309 304 660 729 554 211 226 442 488 624 215 539 288 329 493 727 740 628 627 413 732 141 737 120 327 245 241 649 827 335 631 886 324 527 404 649 589 481 443 54 189 549 764 587 352 411 207 178 558 62 473 185 602 779 334 268 322 258 219 178 215 400 689 654 231 660 699 450 771 151 671 211 347 857 435 707 308 333 830 608 532 220 473 549 402 321 698 336 163 144 814 149 450 260
