64
0 185 792 821 318 302 716 318 168 192 585 724 735 707 462 666 172 622 321 564 97 644 865 843 182 351 794 862 605 763 755 834 407 594 81 538 655 176 410 432 280 392 320 828 348 111 971 287 616 483 410 427 836 844 142 743 922 604 711 675 204 404 385 716
185 0 814 842 472 224 870 132 98 11 636 772 753 711 647 808 134 806 375 640 100 607 1024 829 367 306 854 1021 609 814 853 930 435 780 125 502 668 65 574 507 432 578 441 984 390 279 1104 187 642 655 433 416 851 845 154 894 1056 683 837 840 387 527 536 684
792 814 0 30 619 605 655 850 893 807 221 116 63 122 857 564 921 1067 470 289 765 291 776 165 784 518 165 768 209 124 346 356 387 997 751 352 148 749 657 382 623 874 533 722 444 869 652 648 176 721 386 400 55 104 912 650 623 279 482 724 869 496 594 245
821 842 30 0 649 631 677 875 921 834 251 142 89 141 886 587 949 1096 500 318 793 306 794 154 814 544 176 786 234 142 363 367 416 1025 780 373 174 777 686 412 654 903 563 741 473 899 663 674 205 748 414 426 29 87 940 671 635 307 502 747 899 526 624 254
318 472 619 649 0 438 399 591 485 473 398 520 578 578 270 348 491 485 249 336 373 597 551 726 196 418 563 548 495 548 472 551 325 427 347 515 521 428 107 246 40 261 101 512 277 326 653 456 466 199 336 401 673 701 459 425 606 363 401 368 274 127 66 648
302 224 605 631 438 0 796 246 318 214 452 578 542 495 680 718 352 875 233 479 221 382 956 607 431 87 667 952 396 623 702 773 252 832 224 278 457 166 545 360 402 634 363 909 230 413 989 42 439 637 246 206 637 627 359 815 943 522 721 791 488 435 485 460
716 870 655 677 399 796 0 984 884 870 506 540 652 689 394 95 888 531 566 419 772 796 160 814 565 748 513 155 659 535 327 369 592 459 746 758 645 821 309 464 439 467 438 114 579 704 288 824 592 265 603 679 707 759 854 31 246 400 178 97 619 361 334 812
318 132 850 875 591 246 984 0 199 126 696 824 787 737 779 916 231 939 454 715 229 608 1141 839 499 333 912 1137 641 869 936 1009 494 913 253 511 702 163 696 588 551 711 547 1098 461 410 1205 203 686 780 489 452 880 865 264 1007 1157 759 936 960 519 631 652 685
168 98 893 921 485 318 884 199 0 109 704 842 832 794 620 831 36 760 437 698 132 698 1033 918 343 395 920 1031 692 883 902 981 508 741 153 593 748 152 578 564 446 545 474 997 457 228 1134 283 718 651 508 500 932 930 65 910 1086 740 871 844 342 560 552 775
192 11 807 834 473 214 870 126 109 0 630 765 745 702 652 808 145 813 371 635 103 597 1025 820 372 296 847 1022 601 808 849 926 429 786 128 492 660 58 576 503 433 584 440 984 384 288 1103 177 634 658 426 408 843 836 165 894 1055 679 835 841 394 525 536 674
585 636 221 251 398 452 506 696 704 630 0 139 181 194 644 411 728 858 267 88 572 293 651 337 564 370 217 644 154 179 276 333 202 790 555 280 142 571 444 161 402 655 311 596 247 654 595 494 86 515 207 255 274 304 714 510 555 109 357 555 649 278 377 305
724 772 116 142 520 578 540 824 842 765 139 0 119 174 748 448 867 956 406 184 710 334 664 275 696 493 93 656 211 44 239 265 336 885 693 362 159 706 549 297 529 769 442 610 385 792 557 621 144 608 338 374 170 219 853 535 524 167 367 607 781 395 489 312
735 753 63 89 578 542 652 787 832 745 181 119 0 64 825 558 861 1038 414 260 705 235 781 163 736 455 196 774 146 147 359 382 328 969 692 290 85 688 625 336 579 836 488 726 387 815 676 585 119 693 326 337 101 123 852 649 643 259 483 713 821 459 559 199
707 711 122 141 578 495 689 737 794 702 194 174 64 0 834 595 823 1049 390 281 669 170 825 148 723 408 258 817 102 208 410 440 299 982 658 232 56 646 634 331 574 838 482 770 361 793 731 537 112 709 296 294 142 137 818 689 697 290 527 745 807 465 565 137
462 647 857 886 270 680 394 779 620 652 644 748 825 834 0 408 611 216 518 567 550 867 493 981 280 677 768 494 759 766 627 696 596 156 526 786 778 623 200 507 293 85 372 478 547 398 682 689 721 150 606 672 912 948 570 425 641 581 503 309 287 369 268 914
666 808 564 587 348 718 95 916 831 808 411 448 558 595 408 0 839 574 486 324 713 702 247 721 531 665 427 241 564 446 248 302 504 500 687 666 550 756 277 376 385 470 369 195 495 668 306 748 497 262 515 590 617 668 807 102 259 305 101 163 594 286 281 717
172 134 921 949 491 352 888 231 36 145 728 867 861 823 611 839 0 742 461 719 156 731 1035 949 338 428 943 1033 721 908 919 998 534 727 173 625 777 186 581 585 453 533 488 1000 482 214 1143 318 745 650 535 530 961 960 41 916 1095 760 882 844 328 573 558 808
622 806 1067 1096 485 875 531 939 760 813 858 956 1038 1049 216 574 742 0 731 779 717 1083 575 1195 450 881 969 579 975 971 813 875 811 73 696 1001 993 795 414 723 504 241 587 581 760 532 802 879 936 347 821 885 1123 1161 700 559 767 789 675 434 420 584 484 1131
321 375 470 500 249 233 566 454 437 371 267 406 414 390 518 486 461 731 0 264 305 363 727 533 341 183 482 722 292 446 481 556 93 675 287 271 337 312 346 133 226 496 152 678 31 402 757 267 294 439 100 154 515 526 446 584 710 308 488 570 422 208 277 424
564 640 289 318 336 479 419 715 698 635 88 184 260 281 567 324 719 779 264 0 566 377 566 421 516 404 233 560 240 212 223 294 228 709 545 351 231 577 367 134 347 585 262 512 254 620 529 518 175 433 236 301 344 382 700 424 486 43 278 466 600 210 305 394
97 100 765 793 373 221 772 229 132 103 572 710 705 669 550 713 156 717 305 566 0 587 925 798 271 285 787 922 567 752 772 850 378 687 25 480 622 79 474 431 333 484 349 886 325 205 1012 199 589 555 379 378 806 806 148 797 964 608 746 740 302 435 438 662
644 607 291 306 597 382 796 608 698 597 293 334 235 170 867 702 731 1083 363 377 587 0 944 231 702 303 424 937 139 372 555 596 274 1022 581 106 176 546 676 366 582 855 495 889 331 743 879 421 213 762 265 219 299 268 734 802 841 402 651 837 781 508 604 77
865 1024 776 794 551 956 160 1141 1033 1025 651 664 781 825 493 247 1035 575 727 566 925 944 0 939 704 909 621 7 805 652 431 448 751 511 899 912 785 978 454 622 592 575 597 54 739 843 243 984 735 391 762 837 824 880 999 144 223 542 298 193 749 521 488 953
843 829 165 154 726 607 814 839 918 820 337 275 163 148 981 721 949 1195 533 421 798 231 939 0 869 523 329 931 241 289 510 520 440 1128 789 329 205 767 781 480 722 987 630 885 502 934 817 647 260 853 435 419 128 69 947 810 788 423 643 877 952 612 713 156
182 367 784 814 196 431 565 499 343 372 564 696 736 723 280 531 338 450 341 516 271 702 704 869 0 450 749 703 629 728 668 748 433 416 249 605 667 347 256 402 172 213 254 673 372 139 837 430 617 314 441 485 835 855 299 594 790 548 594 511 85 316 257 765
351 306 518 544 418 87 748 333 395 296 370 493 455 408 677 665 428 881 183 404 285 303 909 523 450 0 582 903 309 537 628 696 175 832 281 197 369 244 521 295 387 640 330 859 169 458 924 130 353 615 168 119 550 541 431 765 878 447 658 753 518 391 456 379
794 854 165 176 563 667 513 912 920 847 217 93 196 258 768 427 943 969 482 233 787 424 621 329 749 582 0 613 304 51 189 190 420 896 769 456 250 789 575 362 578 799 496 568 464 854 487 709 237 622 423 464 206 264 927 504 458 201 335 591 832 436 523 395
862 1021 768 786 548 952 155 1137 1031 1022 644 656 774 817 494 241 1033 579 722 560 922 937 7 931 703 903 613 0 798 644 424 440 745 514 896 906 778 974 452 617 589 575 593 47 734 841 237 980 728 390 756 832 816 872 997 139 216 535 290 192 748 516 485 946
605 609 209 234 495 396 659 641 692 601 154 211 146 102 759 564 721 975 292 240 567 139 805 241 629 309 304 798 0 254 418 464 199 911 555 151 61 545 562 252 488 757 396 750 261 693 742 439 75 643 195 193 241 239 716 664 703 263 511 703 712 392 491 158
763 814 124 142 548 623 535 869 883 808 179 44 147 208 766 446 908 971 446 212 752 372 652 289 728 537 51 644 254 0 221 235 379 899 734 406 199 749 570 333 559 792 474 598 426 828 530 665 188 623 382 418 172 228 893 528 500 187 359 608 812 421 513 345
755 853 346 363 472 702 327 936 902 849 276 239 359 410 627 248 919 813 481 223 772 555 431 510 668 628 189 424 418 221 0 80 452 739 749 555 382 792 451 347 497 672 435 378 475 791 323 741 343 476 460 522 392 449 896 315 287 181 149 410 746 356 416 546
834 930 356 367 551 773 369 1009 981 926 333 265 382 440 696 302 998 875 556 294 850 596 448 520 748 696 190 440 464 235 80 0 521 802 828 608 420 868 527 422 577 746 515 399 548 871 296 812 390 546 528 586 395 454 975 351 269 250 200 459 825 436 495 578
407 435 387 416 325 252 592 494 508 429 202 336 328 299 596 504 534 811 93 228 378 274 751 440 433 175 420 745 199 379 452 521 0 752 364 190 248 370 412 128 308 580 224 699 61 493 751 292 211 503 11 87 429 436 525 606 706 271 487 610 515 253 341 332
594 780 997 1025 427 832 459 913 741 786 790 885 969 982 156 500 727 73 675 709 687 1022 511 1128 416 832 896 514 911 899 739 802 752 0 665 942 927 763 348 659 449 202 528 513 704 513 733 838 869 276 763 828 1052 1092 685 487 697 718 601 362 399 519 419 1067
81 125 751 780 347 224 746 253 153 128 555 693 692 658 526 687 173 696 287 545 25 581 899 789 249 281 769 896 555 734 749 828 364 665 0 474 609 98 448 411 307 462 324 860 309 192 987 206 575 529 365 369 792 795 160 771 939 587 722 714 283 411 412 655
538 502 352 373 515 278 758 511 593 492 280 362 290 232 786 666 625 1001 271 351 480 106 912 329 605 197 456 906 151 406 555 608 190 942 474 0 210 441 603 303 496 767 414 859 241 639 875 318 221 692 180 119 373 354 627 768 834 385 629 788 682 440 531 182
655 668 148 174 521 457 645 702 748 660 142 159 85 56 778 550 777 993 337 231 622 176 785 205 667 369 250 778 61 199 382 420 248 927 609 210 0 603 579 275 518 782 425 730 308 739 705 499 57 654 245 252 183 189 770 647 669 245 488 697 751 409 509 168
176 65 749 777 428 166 821 163 152 58 571 706 688 646 623 756 186 795 312 577 79 546 978 767 347 244 789 974 545 749 792 868 370 763 98 441 603 0 533 445 388 560 387 936 325 283 1049 134 576 618 368 352 786 781 195 845 1001 620 780 796 381 472 489 623
410 574 657 686 107 545 309 696 578 576 444 549 625 634 200 277 581 414 346 367 474 676 454 781 256 521 575 452 562 570 451 527 412 348 448 603 579 533 0 311 146 224 194 420 371 395 582 563 522 93 423 494 712 748 545 338 535 383 350 266 317 170 72 719
432 507 382 412 246 360 464 588 564 503 161 297 336 331 507 376 585 723 133 134 431 366 622 480 402 295 362 617 252 333 347 422 128 659 411 303 275 445 311 0 243 507 152 571 129 494 630 396 221 395 139 215 433 457 566 477 584 176 363 485 487 141 240 408
280 432 623 654 40 402 439 551 446 433 402 529 579 574 293 385 453 504 226 347 333 582 592 722 172 387 578 589 488 559 497 577 308 449 307 496 518 388 146 243 0 272 92 552 255 295 690 419 464 236 318 380 676 701 421 464 642 377 434 408 254 144 105 636
392 578 874 903 261 634 467 711 545 584 655 769 836 838 85 470 533 241 496 585 484 855 575 987 213 640 799 575 757 792 672 746 580 202 462 767 782 560 224 507 272 0 361 557 526 319 756 638 727 208 590 649 928 960 492 499 712 604 558 387 206 377 279 908
320 441 533 563 101 363 438 547 474 440 311 442 488 482 372 369 488 587 152 262 349 495 597 630 254 330 496 593 396 474 435 515 224 528 324 414 425 387 194 152 92 361 0 552 178 360 663 387 372 287 234 302 585 609 462 460 615 296 397 428 338 86 126 547
828 984 722 741 512 909 114 1098 997 984 596 610 726 770 478 195 1000 581 678 512 886 889 54 885 673 859 568 47 750 598 378 399 699 513 860 859 730 936 420 571 552 557 552 0 689 812 222 938 680 365 710 786 770 826 965 93 193 487 243 170 723 474 448 898
348 390 444 473 277 230 579 461 457 384 247 385 387 361 547 495 482 760 31 254 325 331 739 502 372 169 464 734 261 426 475 548 61 704 309 241 308 325 371 129 255 526 178 689 0 432 759 267 268 464 68 124 488 497 469 595 713 297 491 587 454 225 301 393
111 279 869 899 326 413 704 410 228 288 654 792 815 793 398 668 214 532 402 620 205 743 843 934 139 458 854 841 693 828 791 871 493 513 192 639 739 283 395 494 295 319 360 812 432 0 975 399 695 451 498 524 916 929 172 733 927 656 727 650 114 435 391 813
971 1104 652 663 653 989 288 1205 1134 1103 595 557 676 731 682 306 1143 802 757 529 1012 879 243 817 837 924 487 237 742 530 323 296 751 733 987 875 705 1049 582 630 690 756 663 222 759 975 0 1024 667 551 760 829 691 750 1112 257 48 491 269 376 898 577 587 868
287 187 648 674 456 42 824 203 283 177 494 621 585 537 689 748 318 879 267 518 199 421 984 647 430 130 709 980 439 665 741 812 292 838 206 318 499 134 563 396 419 638 387 938 267 399 1024 0 482 655 287 249 680 668 329 844 977 562 755 815 482 463 507 499
616 642 176 205 466 439 592 686 718 634 86 144 119 112 721 497 745 936 294 175 589 213 735 260 617 353 237 728 75 188 343 390 211 869 575 221 57 576 522 221 464 727 372 680 268 695 667 482 0 597 210 233 221 237 736 595 628 193 439 642 702 352 453 219
483 655 721 748 199 637 265 780 651 658 515 608 693 709 150 262 650 347 439 433 555 762 391 853 314 615 622 390 643 623 476 546 503 276 529 692 654 618 93 395 236 208 287 365 464 451 551 655 597 0 514 586 776 815 612 295 506 441 353 198 358 254 162 801
410 433 386 414 336 246 603 489 508 426 207 338 326 296 606 515 535 821 100 236 379 265 762 435 441 168 423 756 195 382 460 528 11 763 365 180 245 368 423 139 318 590 234 710 68 498 760 287 210 514 0 76 427 433 526 617 715 279 497 622 522 265 352 324
427 416 400 426 401 206 679 452 500 408 255 374 337 294 672 590 530 885 154 301 378 219 837 419 485 119 464 832 193 418 522 586 87 828 369 119 252 352 494 215 380 649 302 786 124 524 829 249 233 586 76 0 434 429 527 692 785 342 569 698 563 339 423 289
836 851 55 29 673 637 707 880 932 843 274 170 101 142 912 617 961 1123 515 344 806 299 824 128 835 550 206 816 241 172 392 395 429 1052 792 373 183 786 712 433 676 928 585 770 488 916 691 680 221 776 427 434 0 59 953 701 664 335 532 777 920 550 649 241
844 845 104 87 701 627 759 865 930 836 304 219 123 137 948 668 960 1161 526 382 806 268 880 69 855 541 264 872 239 228 449 454 436 1092 795 354 189 781 748 457 701 960 609 826 497 929 750 668 237 815 433 429 59 0 955 754 723 377 586 826 939 582 682 201
142 154 912 940 459 359 854 264 65 165 714 853 852 818 570 807 41 700 446 700 148 734 999 947 299 431 927 997 716 893 896 975 525 685 160 627 770 195 545 566 421 492 462 965 469 172 1112 329 736 612 526 527 953 955 0 882 1064 740 854 808 286 546 526 809
743 894 650 671 425 815 31 1007 910 894 510 535 649 689 425 102 916 559 584 424 797 802 144 810 594 765 504 139 664 528 315 351 606 487 771 768 647 845 338 477 464 499 460 93 595 733 257 844 595 295 617 692 701 754 882 0 215 402 169 124 649 380 359 814
922 1056 623 635 606 943 246 1157 1086 1055 555 524 643 697 641 259 1095 767 710 486 964 841 223 788 790 878 458 216 703 500 287 269 706 697 939 834 669 1001 535 584 642 712 615 193 713 927 48 977 628 506 715 785 664 723 1064 215 0 449 222 337 852 529 539 833
604 683 279 307 363 522 400 759 740 679 109 167 259 290 581 305 760 789 308 43 608 402 542 423 548 447 201 535 263 187 181 250 271 718 587 385 245 620 383 176 377 604 296 487 297 656 491 562 193 441 279 342 335 377 740 402 449 0 248 455 631 235 325 411
711 837 482 502 401 721 178 936 871 835 357 367 483 527 503 101 882 675 488 278 746 651 298 643 594 658 335 290 511 359 149 200 487 601 722 629 488 780 350 363 434 558 397 243 491 727 269 755 439 353 497 569 532 586 854 169 222 248 0 262 664 310 336 656
675 840 724 747 368 791 97 960 844 841 555 607 713 745 309 163 844 434 570 466 740 837 193 877 511 753 591 192 703 608 410 459 610 362 714 788 697 796 266 485 408 387 428 170 587 650 376 815 642 198 622 698 777 826 808 124 337 455 262 0 556 362 309 860
204 387 869 899 274 488 619 519 342 394 649 781 821 807 287 594 328 420 422 600 302 781 749 952 85 518 832 748 712 812 746 825 515 399 283 682 751 381 317 487 254 206 338 723 454 114 898 482 702 358 522 563 920 939 286 649 852 631 664 556 0 398 331 846
404 527 496 526 127 435 361 631 560 525 278 395 459 465 369 286 573 584 208 210 435 508 521 612 316 391 436 516 392 421 356 436 253 519 411 440 409 472 170 141 144 377 86 474 225 435 577 463 352 254 265 339 550 582 546 380 529 235 310 362 398 0 100 549
385 536 594 624 66 485 334 652 552 536 377 489 559 565 268 281 558 484 277 305 438 604 488 713 257 456 523 485 491 513 416 495 341 419 412 531 509 489 72 240 105 279 126 448 301 391 587 507 453 162 352 423 649 682 526 359 539 325 336 309 331 100 0 648
716 684 245 254 648 460 812 685 775 674 305 312 199 137 914 717 808 1131 424 394 662 77 953 156 765 379 395 946 158 345 546 578 332 1067 655 182 168 623 719 408 636 908 547 898 393 813 868 499 219 801 324 289 241 201 809 814 833 411 656 860 846 549 648 0
