34
0 286 293 426 815 187 790 613 929 426 744 493 745 171 746 289 58 374 393 950 364 582 413 792 194 356 691 265 245 94 265 764 645 870
286 0 425 314 591 124 765 648 660 567 699 212 514 205 709 127 227 282 272 679 77 347 131 522 435 522 422 308 89 328 470 564 677 659
293 425 0 681 730 306 524 329 911 145 493 623 677 222 489 329 300 633 306 936 487 772 500 789 172 100 698 551 337 202 112 652 361 759
426 314 681 0 844 390 1078 950 837 826 1013 320 767 467 1022 440 391 52 587 849 319 244 375 708 621 765 623 201 390 514 686 841 980 922
815 591 730 844 0 633 588 655 248 797 515 532 78 651 537 528 765 835 439 274 543 699 478 224 862 812 246 898 581 799 837 96 662 82
187 124 306 390 633 0 701 560 741 450 643 335 561 83 649 105 132 347 236 763 197 467 234 604 313 401 504 315 57 209 346 589 591 692
790 765 524 1078 588 701 0 210 837 467 78 871 593 646 59 638 773 1041 493 862 780 1060 747 778 695 532 737 1013 689 713 620 494 185 555
613 648 329 950 655 560 210 0 889 257 211 795 634 490 197 522 606 907 400 916 681 975 664 801 495 324 737 855 562 528 416 559 32 647
929 660 911 837 248 741 837 889 0 1000 762 521 255 782 784 644 872 843 605 26 592 635 529 138 1018 1003 238 942 684 936 1009 342 900 300
426 567 145 826 797 450 467 257 1000 0 458 760 754 367 447 463 441 777 409 1026 625 914 633 887 263 77 803 689 478 332 178 709 284 812
744 699 493 1013 515 643 78 211 762 458 0 796 517 593 22 573 723 978 426 788 710 987 674 700 666 517 659 957 626 673 596 419 197 486
493 212 623 320 532 335 871 795 521 760 796 0 456 412 811 296 435 322 394 535 138 191 131 389 648 723 303 429 289 541 679 541 821 612
745 514 677 767 78 561 593 634 255 754 517 456 0 582 538 456 693 757 378 281 465 626 400 187 801 763 181 820 507 732 781 111 645 156
171 205 222 467 651 83 646 490 782 367 593 412 582 0 597 140 133 421 222 805 274 550 301 649 244 317 550 367 123 153 266 595 522 701
746 709 489 1022 537 649 59 197 784 447 22 811 538 597 0 582 726 987 437 810 722 1001 688 722 662 508 679 962 634 672 590 442 180 508
289 127 329 440 528 105 638 522 644 463 573 296 456 140 582 0 236 405 149 666 165 460 171 509 384 429 409 404 58 292 397 484 551 587
58 227 300 391 765 132 773 606 872 441 723 435 693 133 726 236 0 340 351 893 305 531 354 735 234 376 634 251 189 123 294 716 638 821
374 282 633 52 835 347 1041 907 843 777 978 322 757 421 987 405 340 0 553 856 298 277 359 711 569 715 622 153 352 463 635 825 938 911
393 272 306 587 439 236 493 400 605 409 426 394 378 222 437 149 351 553 0 630 288 577 264 483 423 400 394 549 205 362 405 376 426 483
950 679 936 849 274 763 862 916 26 1026 788 535 281 805 810 666 893 856 630 0 610 643 548 158 1042 1029 259 958 705 958 1034 368 926 323
364 77 487 319 543 197 780 681 592 625 710 138 465 274 722 165 305 298 288 610 0 295 65 454 510 586 355 358 150 404 541 527 709 616
582 347 772 244 699 467 1060 975 635 914 987 191 626 550 1001 460 531 277 577 643 295 0 314 521 763 868 455 425 436 651 809 720 1003 781
413 131 500 375 478 234 747 664 529 633 674 131 400 301 688 171 354 359 264 548 65 314 0 391 544 601 291 423 179 443 566 466 690 552
792 522 789 708 224 604 778 801 138 887 700 389 187 649 722 509 735 711 483 158 454 521 391 0 887 884 100 806 547 802 883 296 816 301
194 435 172 621 862 313 695 495 1018 263 666 648 801 244 662 384 234 569 423 1042 510 763 544 887 0 186 790 455 365 111 85 793 526 901
356 522 100 765 812 401 532 324 1003 77 517 723 763 317 508 429 376 715 400 1029 586 868 601 884 186 0 794 620 436 261 101 730 353 835
691 422 698 623 246 504 737 737 238 803 659 303 181 550 679 409 634 622 394 259 355 455 291 100 790 794 0 710 446 702 789 289 754 329
265 308 551 201 898 315 1013 855 942 689 957 429 820 367 962 404 251 153 549 958 358 425 423 806 455 620 710 0 345 359 530 872 887 967
245 89 337 390 581 57 689 562 684 478 626 289 507 123 634 58 189 352 205 705 150 436 179 547 365 436 446 345 0 264 390 540 592 642
94 328 202 514 799 209 713 528 936 332 673 541 732 153 672 292 123 463 362 958 404 651 443 802 111 261 702 359 264 0 172 738 560 846
265 470 112 686 837 346 620 416 1009 178 596 679 781 266 590 397 294 635 405 1034 541 809 566 883 85 101 789 530 390 172 0 761 446 869
764 564 652 841 96 589 494 559 342 709 419 541 111 595 442 484 716 825 376 368 527 720 466 296 793 730 289 872 540 738 761 0 566 108
645 677 361 980 662 591 185 32 900 284 197 821 645 522 180 551 638 938 426 926 709 1003 690 816 526 353 754 887 592 560 446 566 0 650
870 659 759 922 82 692 555 647 300 812 486 612 156 701 508 587 821 911 483 323 616 781 552 301 901 835 329 967 642 846 869 108 650 0
