16
0 766 463 567 683 749 497 713 820 355 775 704 280 462 69 925
766 0 1043 388 578 309 809 488 901 1021 448 88 654 1133 814 779
463 1043 0 697 660 882 309 746 588 144 831 959 741 154 397 800
567 388 697 0 220 193 430 177 529 710 213 299 615 812 586 472
683 578 660 220 0 293 352 105 322 718 186 493 796 800 681 261
749 309 882 193 293 0 599 191 611 903 138 238 754 1003 774 470
497 809 309 430 352 599 0 444 332 388 529 721 718 456 461 503
713 488 746 177 105 191 444 0 420 791 85 407 789 881 721 305
820 901 588 529 322 611 332 420 0 701 486 815 1010 743 790 254
355 1021 144 710 718 903 388 791 701 0 872 943 635 114 285 892
775 448 831 213 186 138 529 85 486 872 0 374 826 964 787 331
704 88 959 299 493 238 721 407 815 943 374 0 621 1054 748 704
280 654 741 615 796 754 718 789 1010 635 826 621 0 740 350 1057
462 1133 154 812 800 1003 456 881 743 114 964 1054 740 0 392 953
69 814 397 586 681 774 461 721 790 285 787 748 350 392 0 913
925 779 800 472 261 470 503 305 254 892 331 704 1057 953 913 0
