65
0 883 576 85 184 440 599 401 641 796 372 726 460 558 217 557 271 270 209 573 650 290 710 342 575 518 686 354 418 745 785 337 797 589 633 382 373 508 454 684 581 203 264 375 999 748 820 89 633 781 814 485 528 407 212 478 611 795 458 792 230 769 851 840 380
883 0 439 957 749 444 931 855 633 585 792 193 655 359 1058 360 687 1099 675 611 251 1010 214 1129 526 382 560 688 582 725 544 1130 236 724 272 905 1231 784 601 970 514 721 619 676 136 194 414 954 674 102 85 804 794 981 706 449 494 625 592 857 689 115 41 233 600
576 439 0 627 524 234 494 424 224 282 365 246 219 370 694 127 315 724 384 651 352 609 225 734 94 158 188 574 171 345 252 737 253 750 355 477 862 751 170 539 571 375 359 577 506 434 246 620 258 349 353 752 769 553 364 394 82 304 161 468 345 337 398 291 496
85 957 627 0 269 512 582 391 666 828 375 794 486 639 134 622 313 187 281 657 729 233 778 264 615 586 720 437 462 761 821 258 859 668 712 359 289 583 490 666 666 252 340 458 1070 828 868 13 653 855 886 557 602 369 265 561 654 823 496 794 283 842 924 902 465
184 749 524 269 0 329 696 501 651 784 451 616 482 401 402 466 290 455 154 389 502 456 604 524 553 421 675 172 404 772 764 519 705 414 484 501 555 345 453 779 397 228 164 193 874 594 767 274 656 651 689 327 366 546 224 314 581 793 454 845 235 640 721 748 198
440 444 234 512 329 0 621 479 432 516 411 289 328 182 616 141 262 658 231 423 233 584 276 696 303 94 418 344 223 560 487 695 376 517 221 515 788 516 271 687 353 281 178 345 559 336 456 510 455 342 374 519 534 588 265 170 311 537 265 669 251 330 411 419 263
599 931 494 582 696 621 0 198 317 457 245 739 296 803 542 601 419 534 558 1009 824 388 719 482 404 606 403 841 398 305 480 490 719 1076 820 222 645 1031 355 85 960 469 594 855 981 917 604 569 275 844 845 1018 1053 237 476 782 438 426 363 254 470 832 890 748 803
401 855 424 391 501 479 198 0 337 505 67 663 205 661 374 499 239 379 371 834 703 234 642 353 357 490 415 653 276 396 513 358 674 893 695 58 507 841 254 283 795 278 414 668 930 803 606 378 308 758 770 826 862 130 287 625 399 487 264 406 285 745 815 710 624
641 633 224 666 651 432 317 337 0 169 309 448 181 589 691 351 375 706 497 855 576 567 429 689 132 375 86 744 248 128 176 694 409 946 579 396 840 932 198 340 783 445 499 751 669 655 288 656 42 556 549 928 951 460 442 601 145 157 197 244 426 545 592 433 678
796 585 282 828 784 516 457 505 169 0 478 428 342 641 859 399 525 875 633 931 599 736 413 858 230 437 110 853 383 164 41 863 348 1031 607 564 1008 1032 342 456 848 596 623 857 587 658 178 818 198 530 510 1033 1051 626 589 675 207 41 339 288 572 522 547 357 778
372 792 365 375 451 411 245 67 309 478 0 600 153 593 382 434 176 396 312 771 635 259 580 384 307 424 380 596 210 388 481 389 618 833 627 113 530 786 195 328 730 223 352 610 871 736 563 363 287 694 708 773 807 189 230 558 350 465 204 420 225 681 752 655 562
726 193 246 794 616 289 739 663 448 428 600 0 462 284 886 175 507 923 517 582 198 826 20 947 335 208 382 595 391 550 387 949 117 695 214 713 1058 730 408 781 486 548 467 588 278 232 280 790 488 107 107 743 744 790 534 358 305 465 399 682 516 97 152 151 505
460 655 219 486 482 328 296 205 181 342 153 462 0 508 521 309 197 541 328 734 528 411 441 536 153 310 236 594 105 291 338 540 469 814 524 261 677 785 59 359 676 267 341 604 725 623 410 476 175 562 570 778 806 336 264 495 196 336 67 367 250 549 614 505 539
558 359 370 639 401 182 803 661 589 641 593 284 508 0 757 244 436 805 367 301 107 748 283 852 457 214 558 328 404 715 605 851 399 412 87 695 926 447 449 867 210 440 304 318 493 192 536 639 618 273 318 461 460 766 425 90 453 669 442 833 414 265 340 435 240
217 1058 694 134 402 616 542 374 691 859 382 886 521 757 0 710 382 52 391 791 841 156 868 134 665 679 757 571 523 768 858 127 938 802 826 327 172 715 539 622 798 337 454 592 1164 942 924 128 670 956 983 689 734 309 352 684 707 848 546 778 369 943 1023 980 597
557 360 127 622 466 141 601 499 351 399 434 175 309 244 710 0 331 748 350 532 227 652 157 772 219 46 314 483 224 473 365 773 241 636 228 547 882 647 251 654 449 374 307 482 454 316 317 617 383 260 278 652 664 623 360 278 210 425 242 595 342 247 321 284 398
271 687 315 313 290 262 419 239 375 525 176 507 197 436 382 331 0 417 141 594 495 324 488 441 304 304 415 422 149 488 514 442 556 657 484 263 553 614 183 498 556 70 176 436 786 598 554 305 372 585 608 602 635 331 68 390 342 526 187 555 55 572 650 598 386
270 1099 724 187 455 658 534 379 706 875 396 923 541 805 52 748 417 0 438 844 886 148 905 87 689 718 775 624 552 775 877 79 971 855 871 327 137 768 564 611 849 378 500 645 1202 988 949 180 683 996 1022 741 787 297 393 733 731 861 572 777 409 984 1063 1013 649
209 675 384 281 154 231 558 371 497 633 312 517 328 367 391 350 141 438 0 468 449 389 502 486 403 310 523 283 251 617 616 485 591 522 434 383 562 473 299 639 443 94 63 297 790 551 630 279 501 573 605 461 495 441 83 299 433 640 300 692 87 561 643 635 256
573 611 651 657 389 423 1009 834 855 931 771 582 734 301 791 532 594 844 468 0 387 840 583 914 726 493 839 220 630 984 897 909 699 113 369 850 936 184 683 1084 98 562 419 198 747 417 837 663 877 549 595 211 188 908 550 256 731 955 678 1090 549 544 605 732 211
650 251 352 729 502 233 824 703 576 599 635 198 528 107 841 227 495 886 449 387 0 817 203 927 446 217 530 436 431 695 561 926 315 501 20 743 1012 546 468 880 290 512 388 425 385 103 472 728 610 167 213 562 558 817 496 197 432 631 460 820 483 160 232 346 348
290 1010 609 233 456 584 388 234 567 736 259 826 411 748 156 652 324 148 389 840 817 0 807 125 563 628 640 629 440 630 740 129 861 871 804 180 273 796 442 466 828 308 451 648 1104 920 821 221 541 909 930 774 816 153 323 688 606 720 451 628 334 896 972 901 633
710 214 225 778 604 276 719 642 429 413 580 20 441 283 868 157 488 905 502 583 203 807 0 928 315 192 364 588 371 532 373 930 116 695 218 693 1040 728 388 760 488 531 453 582 297 245 270 773 468 127 128 739 742 769 517 353 285 449 378 663 499 116 173 154 498
342 1129 734 264 524 696 482 353 689 858 384 947 536 852 134 772 441 87 486 914 927 125 928 0 689 746 764 696 564 745 864 9 986 931 914 296 162 847 568 554 913 415 549 717 1225 1030 947 255 661 1027 1050 821 866 248 431 786 732 840 576 733 444 1014 1092 1026 713
575 526 94 615 553 303 404 357 132 230 307 335 153 457 665 219 304 689 403 726 446 563 315 689 0 243 122 628 156 259 212 692 322 820 448 414 826 812 126 446 652 372 393 633 582 529 259 606 164 441 441 810 831 487 364 471 43 241 119 376 346 429 485 355 557
518 382 158 586 421 94 606 490 375 437 424 208 310 214 679 46 304 718 310 493 217 628 192 746 243 0 347 436 215 501 405 747 284 595 214 535 851 603 251 664 413 341 264 436 485 314 363 581 405 280 304 607 620 610 326 237 240 461 243 619 309 267 345 328 352
686 560 188 720 675 418 403 415 86 110 380 382 236 558 757 314 415 775 523 839 530 640 364 764 122 347 0 749 273 168 101 769 330 936 535 474 910 931 232 422 760 485 515 754 588 601 201 710 127 490 478 931 950 541 479 582 107 120 228 299 462 480 520 352 676
354 688 574 437 172 344 841 653 744 853 596 595 594 328 571 483 422 624 283 220 436 629 588 696 628 436 749 0 499 871 827 691 701 243 416 660 716 192 552 921 247 374 252 21 822 508 800 443 757 601 645 184 213 711 365 241 646 869 551 961 370 592 668 741 90
418 582 171 462 404 223 398 276 248 383 210 391 105 404 523 224 149 552 251 630 431 440 371 564 156 215 273 499 0 372 369 566 421 712 425 323 690 689 53 464 570 215 251 508 666 529 405 454 257 483 498 684 709 399 208 389 192 389 51 464 189 470 542 462 439
745 725 345 761 772 560 305 396 128 164 388 550 291 715 768 473 488 775 617 984 695 630 532 745 259 501 168 871 372 0 197 752 491 1075 699 450 903 1059 320 294 911 557 623 879 742 769 336 750 116 657 644 1055 1079 502 556 730 263 126 321 132 541 648 685 507 806
785 544 252 821 764 487 480 513 176 41 481 387 338 605 858 365 514 877 616 897 561 740 373 864 212 405 101 827 369 197 0 869 307 1000 569 572 1012 1003 332 485 813 583 602 830 548 618 139 812 212 489 469 1005 1022 637 576 642 183 81 327 325 558 481 506 317 749
337 1130 737 258 519 695 490 358 694 863 389 949 540 851 127 773 442 79 485 909 926 129 930 9 692 747 769 691 566 752 869 0 988 925 913 302 154 841 571 562 910 414 548 712 1227 1029 951 249 667 1028 1051 815 860 255 430 783 735 846 579 740 444 1015 1093 1028 710
797 236 253 859 705 376 719 674 409 348 618 117 469 399 938 241 556 971 591 699 315 861 116 986 322 284 330 701 421 491 307 988 0 811 331 729 1108 844 423 749 603 607 548 696 262 338 180 853 451 193 164 855 858 805 594 469 282 388 414 623 575 188 198 43 612
589 724 750 668 414 517 1076 893 946 1031 833 695 814 412 802 636 657 855 522 113 501 871 695 931 820 595 936 243 712 1075 1000 925 811 0 483 903 934 106 766 1155 212 615 482 226 860 530 945 676 965 663 709 139 99 955 605 358 829 1054 762 1176 608 658 718 845 274
633 272 355 712 484 221 820 695 579 607 627 214 524 87 826 228 484 871 434 369 20 804 218 914 448 214 535 416 425 699 569 913 331 483 0 735 996 527 465 878 272 498 372 405 405 116 484 712 612 187 233 543 539 808 483 177 435 639 457 823 470 180 252 363 328
382 905 477 359 501 515 222 58 396 564 113 713 261 695 327 547 263 327 383 850 743 180 693 296 414 535 474 660 323 450 572 302 729 903 735 0 452 845 307 306 818 288 433 677 983 845 665 346 366 807 821 828 866 76 300 653 457 545 316 451 301 794 865 766 639
373 1231 862 289 555 788 645 507 840 1008 530 1058 677 926 172 882 553 137 562 936 1012 273 1040 162 826 851 910 716 690 903 1012 154 1108 934 996 452 0 839 702 716 952 510 623 737 1336 1113 1086 287 814 1128 1155 810 857 410 525 850 869 993 709 894 542 1115 1196 1150 753
508 784 751 583 345 516 1031 841 932 1032 786 730 785 447 715 647 614 768 473 184 546 796 728 847 812 603 931 192 689 1059 1003 841 844 106 527 845 839 0 743 1112 274 563 445 181 921 591 963 592 946 713 759 32 21 892 555 376 826 1051 740 1152 561 707 774 881 255
454 601 170 490 453 271 355 254 198 342 195 408 59 449 539 251 183 564 299 683 468 442 388 568 126 251 232 552 53 320 332 571 423 766 465 307 702 743 0 417 621 253 303 561 676 564 384 481 205 506 516 737 763 383 247 439 167 344 9 410 230 493 560 461 493
684 970 539 666 779 687 85 283 340 456 328 781 359 867 622 654 498 611 639 1084 880 466 760 554 446 664 422 921 464 294 485 562 749 1155 878 306 716 1112 417 0 1032 551 672 935 1009 971 618 653 297 887 885 1100 1134 314 558 852 475 420 424 209 551 876 928 773 881
581 514 571 666 397 353 960 795 783 848 730 486 676 210 798 449 556 849 443 98 290 828 488 913 652 413 760 247 570 911 813 910 603 212 272 818 952 274 621 1032 0 534 386 227 650 319 746 670 808 450 497 297 281 881 521 182 653 874 616 1022 517 446 506 636 200
203 721 375 252 228 281 469 278 445 596 223 548 267 440 337 374 70 378 94 562 512 308 531 415 372 341 485 374 215 557 583 414 607 615 498 288 510 563 253 551 534 0 148 390 826 615 618 246 442 618 645 549 584 347 15 382 408 597 257 621 31 605 685 650 350
264 619 359 340 164 178 594 414 499 623 352 467 341 304 454 307 176 500 63 419 388 451 453 549 393 264 515 252 251 623 602 548 548 482 372 433 623 445 303 672 386 148 0 264 736 489 602 339 508 517 551 436 465 494 134 236 418 634 302 709 131 505 587 592 209
375 676 577 458 193 345 855 668 751 857 610 588 604 318 592 482 436 645 297 198 425 648 582 717 633 436 754 21 508 879 830 712 696 226 405 677 737 181 561 935 227 390 264 0 811 495 799 464 765 591 635 177 201 729 381 232 650 874 559 970 384 583 658 736 84
999 136 506 1070 874 559 981 930 669 587 871 278 725 493 1164 454 786 1202 790 747 385 1104 297 1225 582 485 588 822 666 742 548 1227 262 860 405 983 1336 921 676 1009 650 826 736 811 0 330 409 1066 712 223 185 940 930 1059 812 581 544 629 666 873 795 234 153 236 733
748 194 434 828 594 336 917 803 655 658 736 232 623 192 942 316 598 988 551 417 103 920 245 1030 529 314 601 508 529 769 618 1029 338 530 116 845 1113 591 564 971 319 615 489 495 330 0 512 828 692 150 193 612 600 919 599 280 510 693 556 897 586 151 192 358 424
820 414 246 868 767 456 604 606 288 178 563 280 410 536 924 317 554 949 630 837 472 821 270 947 259 363 201 800 405 336 139 951 180 945 484 665 1086 963 384 618 746 618 602 799 409 512 0 860 329 372 345 970 980 735 608 589 217 219 377 464 589 366 378 181 716
89 954 620 13 274 510 569 378 656 818 363 790 476 639 128 617 305 180 279 663 728 221 773 255 606 581 710 443 454 750 812 249 853 676 712 346 287 592 481 653 670 246 339 464 1066 828 860 0 642 852 882 567 611 356 259 562 646 813 487 781 277 840 921 896 470
633 674 258 653 656 455 275 308 42 198 287 488 175 618 670 383 372 683 501 877 610 541 468 661 164 405 127 757 257 116 212 667 451 965 612 366 814 946 205 297 808 442 508 765 712 692 329 642 0 595 590 941 966 427 440 625 183 179 206 214 425 584 633 476 695
781 102 349 855 651 342 844 758 556 530 694 107 562 273 956 260 585 996 573 549 167 909 127 1027 441 280 490 601 483 657 489 1028 193 663 187 807 1128 713 506 887 450 618 517 591 223 150 372 852 595 0 46 730 725 883 603 360 412 568 497 789 587 13 70 209 512
814 85 353 886 689 374 845 770 549 510 708 107 570 318 983 278 608 1022 605 595 213 930 128 1050 441 304 478 645 498 644 469 1051 164 709 233 821 1155 759 516 885 497 645 551 635 185 193 345 882 590 46 0 775 771 897 630 404 409 549 507 776 613 52 44 173 555
485 804 752 557 327 519 1018 826 928 1033 773 743 778 461 689 652 602 741 461 211 562 774 739 821 810 607 931 184 684 1055 1005 815 855 139 543 828 810 32 737 1100 297 549 436 177 940 612 970 567 941 730 775 0 46 873 542 386 826 1051 735 1145 549 723 792 893 256
528 794 769 602 366 534 1053 862 951 1051 807 744 806 460 734 664 635 787 495 188 558 816 742 866 831 620 950 213 709 1079 1022 860 858 99 539 866 857 21 763 1134 281 584 465 201 930 600 980 611 966 725 771 46 0 913 576 391 845 1070 760 1172 582 718 784 895 274
407 981 553 369 546 588 237 130 460 626 189 790 336 766 309 623 331 297 441 908 817 153 769 248 487 610 541 711 399 502 637 255 805 955 808 76 410 892 383 314 881 347 494 729 1059 919 735 356 427 883 897 873 913 0 360 721 530 604 392 484 364 870 941 841 697
212 706 364 265 224 265 476 287 442 589 230 534 264 425 352 360 68 393 83 550 496 323 517 431 364 326 479 365 208 556 576 430 594 605 483 300 525 555 247 558 521 15 134 381 812 599 608 259 440 603 630 542 576 360 0 367 400 592 250 622 18 590 670 637 339
478 449 394 561 314 170 782 625 601 675 558 358 495 90 684 278 390 733 299 256 197 688 353 786 471 237 582 241 389 730 642 783 469 358 177 653 850 376 439 852 182 382 236 232 581 280 589 562 625 360 404 386 391 721 367 0 475 699 434 840 359 351 428 508 151
611 494 82 654 581 311 438 399 145 207 350 305 196 453 707 210 342 731 433 731 432 606 285 732 43 240 107 646 192 263 183 735 282 829 435 457 869 826 167 475 653 408 418 650 544 510 217 646 183 412 409 826 845 530 400 475 0 225 160 388 381 401 453 314 571
795 625 304 823 793 537 426 487 157 41 465 465 336 669 848 425 526 861 640 955 631 720 449 840 241 461 120 869 389 126 81 846 388 1054 639 545 993 1051 344 420 874 597 634 874 629 693 219 813 179 568 549 1051 1070 604 592 699 225 0 341 247 575 560 587 398 796
458 592 161 496 454 265 363 264 197 339 204 399 67 442 546 242 187 572 300 678 460 451 378 576 119 243 228 551 51 321 327 579 414 762 457 316 709 740 9 424 616 257 302 559 666 556 377 487 206 497 507 735 760 392 250 434 160 341 0 413 233 484 551 452 490
792 857 468 794 845 669 254 406 244 288 420 682 367 833 778 595 555 777 692 1090 820 628 663 733 376 619 299 961 464 132 325 740 623 1176 823 451 894 1152 410 209 1022 621 709 970 873 897 464 781 214 789 776 1145 1172 484 622 840 388 247 413 0 610 779 817 638 903
230 689 345 283 235 251 470 285 426 572 225 516 250 414 369 342 55 409 87 549 483 334 499 444 346 309 462 370 189 541 558 444 575 608 470 301 542 561 230 551 517 31 131 384 795 586 589 277 425 587 613 549 582 364 18 359 381 575 233 610 0 574 654 618 339
769 115 337 842 640 330 832 745 545 522 681 97 549 265 943 247 572 984 561 544 160 896 116 1014 429 267 480 592 470 648 481 1015 188 658 180 794 1115 707 493 876 446 605 505 583 234 151 366 840 584 13 52 723 718 870 590 351 401 560 484 779 574 0 81 207 503
851 41 398 924 721 411 890 815 592 547 752 152 614 340 1023 321 650 1063 643 605 232 972 173 1092 485 345 520 668 542 685 506 1093 198 718 252 865 1196 774 560 928 506 685 587 658 153 192 378 921 633 70 44 792 784 941 670 428 453 587 551 817 654 81 0 200 580
840 233 291 902 748 419 748 710 433 357 655 151 505 435 980 284 598 1013 635 732 346 901 154 1026 355 328 352 741 462 507 317 1028 43 845 363 766 1150 881 461 773 636 650 592 736 236 358 181 896 476 209 173 893 895 841 637 508 314 398 452 638 618 207 200 0 652
380 600 496 465 198 263 803 624 678 778 562 505 539 240 597 398 386 649 256 211 348 633 498 713 557 352 676 90 439 806 749 710 612 274 328 639 753 255 493 881 200 350 209 84 733 424 716 470 695 512 555 256 274 697 339 151 571 796 490 903 339 503 580 652 0
