134
0 52 451 116 522 375 328 272 85 649 469 462 228 510 554 612 109 321 365 650 382 715 433 394 365 143 26 685 483 509 307 260 371 278 459 310 446 369 213 373 654 88 268 188 829 127 400 426 300 387 157 546 263 353 624 186 413 510 653 344 675 382 335 492 668 445 391 605 578 132 291 351 388 571 151 202 427 201 125 247 373 343 175 267 146 557 406 333 475 366 750 522 621 719 113 815 823 233 518 715 61 221 411 443 502 562 224 278 462 228 590 686 258 199 482 283 607 676 274 271 224 324 692 129 381 173 454 304 369 741 229 560 581 264
52 0 412 97 571 428 335 259 44 684 522 495 185 503 582 582 74 279 317 667 347 746 472 437 318 156 78 671 511 542 274 209 324 289 511 257 461 323 183 341 642 139 321 161 851 104 445 478 317 431 159 550 211 319 613 225 459 562 615 395 645 331 293 489 632 421 388 572 616 79 303 317 359 553 203 189 383 249 77 247 426 292 126 306 189 582 413 325 522 324 767 532 648 757 137 844 854 247 534 738 113 237 363 416 555 588 226 324 513 186 641 651 249 152 441 281 643 714 309 313 173 335 679 101 428 175 447 323 393 754 176 587 629 212
451 412 0 341 825 759 720 251 369 1097 859 907 440 831 991 788 442 484 147 1057 77 1157 884 652 457 563 472 960 920 954 149 362 447 683 877 340 853 463 241 101 941 505 682 269 1251 327 680 783 418 838 350 916 352 104 919 636 692 932 743 780 837 225 481 835 777 689 743 755 1028 350 696 107 619 832 566 552 71 648 336 318 763 197 393 536 492 987 790 270 919 91 1155 912 1056 1169 416 1253 1264 384 926 1140 492 393 142 672 920 995 611 727 895 226 1015 798 606 406 595 305 1056 1127 517 555 270 727 973 464 686 567 786 726 799 1133 302 995 1021 332
116 97 341 0 554 440 433 161 60 765 539 578 254 599 670 662 165 344 275 762 269 831 548 400 369 251 132 764 599 625 194 245 371 385 544 281 557 375 100 258 736 165 348 73 943 15 416 479 238 498 72 648 243 240 708 301 430 599 680 441 723 313 355 587 701 508 486 647 692 107 399 238 443 643 229 286 325 307 76 152 441 265 185 266 172 673 510 227 578 261 862 629 737 834 94 931 940 166 629 830 151 160 322 501 588 678 324 386 557 130 680 721 345 213 506 186 722 791 261 278 159 432 773 193 407 273 544 416 484 850 185 676 681 236
522 571 825 554 0 200 706 574 581 711 196 616 749 916 720 1097 629 840 815 886 749 799 545 174 887 583 499 1099 677 645 688 780 894 658 286 825 746 892 621 724 1063 435 304 597 978 567 145 130 410 474 502 882 781 726 1031 497 133 318 1162 349 1159 866 855 879 1171 920 797 1101 627 640 665 723 879 1014 382 681 841 423 619 508 212 815 698 294 386 753 764 564 426 776 968 830 774 730 460 901 894 442 789 880 463 435 860 926 297 743 658 430 349 675 369 1187 716 722 996 520 669 697 310 278 713 685 1100 643 146 628 861 636 644 990 734 733 445 779
375 428 759 440 200 0 509 515 449 539 99 422 589 717 529 908 471 675 715 691 682 627 353 217 728 403 349 900 481 455 611 634 737 462 139 685 546 732 528 661 863 288 116 501 797 455 186 71 389 280 410 681 638 655 831 306 189 193 983 151 970 750 691 679 989 732 600 916 453 505 468 652 697 818 224 501 759 232 491 451 12 704 548 243 270 559 564 530 257 693 777 630 587 573 350 732 728 386 589 695 314 375 762 740 175 551 470 229 189 571 272 1004 530 568 823 476 495 535 270 224 590 487 900 480 148 446 663 437 443 795 603 542 314 640
328 335 720 433 706 509 0 594 378 431 564 257 297 210 297 417 281 319 592 337 665 466 286 642 384 185 326 394 235 292 599 385 399 53 500 432 134 383 514 665 359 358 402 495 533 440 632 579 620 304 485 217 395 639 327 215 643 527 519 379 475 562 334 178 514 250 91 436 393 374 42 638 247 310 365 167 673 286 395 575 499 550 328 546 434 280 78 659 419 628 436 197 354 514 436 549 565 558 207 424 340 545 629 267 532 293 110 282 462 499 580 525 121 320 398 611 402 476 563 541 450 25 396 256 599 160 155 75 123 419 422 297 521 411
272 259 251 161 574 515 594 0 218 911 613 727 389 756 824 796 323 471 264 922 174 981 690 402 479 412 283 917 754 774 119 351 476 547 639 368 718 485 106 150 890 292 449 109 1101 155 429 534 173 634 124 810 345 152 863 451 441 695 795 555 855 337 477 747 821 653 646 775 834 244 560 149 586 793 343 445 270 441 214 66 519 283 321 285 257 829 672 71 699 207 1022 791 891 975 192 1083 1090 133 790 987 290 142 302 644 681 834 485 520 664 163 778 841 505 347 624 62 866 932 265 304 235 593 927 350 434 434 703 576 642 1011 277 831 794 331
85 44 369 60 581 449 378 218 0 728 546 539 197 539 626 603 105 290 279 710 302 790 515 437 320 201 109 703 555 586 230 201 324 332 541 244 505 326 138 296 675 161 348 117 896 63 449 496 295 471 130 591 201 274 647 267 463 594 626 429 665 301 301 528 646 447 427 590 659 59 346 273 383 583 228 226 342 286 41 213 449 259 130 304 195 626 455 287 560 282 810 575 693 800 128 889 898 223 578 783 139 215 326 441 585 633 267 363 547 144 674 665 286 158 452 246 686 757 303 313 141 378 712 133 436 217 484 367 437 796 154 632 666 198
649 684 1097 765 711 539 431 911 728 0 514 190 718 516 143 779 663 750 990 267 1031 88 220 753 816 538 632 636 196 145 957 803 831 442 424 854 321 815 863 1022 603 619 510 838 271 777 724 594 859 285 787 396 812 1002 579 463 728 399 907 402 823 976 765 470 890 650 477 813 85 750 432 1001 669 634 577 580 1064 471 761 867 526 954 731 729 670 178 401 958 285 1008 303 341 124 83 720 192 190 821 281 195 621 807 1032 672 418 159 513 396 361 870 383 895 548 731 818 902 45 53 756 714 841 412 626 646 686 545 498 389 315 348 824 149 290 826
469 522 859 539 196 99 564 613 546 514 0 432 676 767 532 974 561 759 814 700 781 603 360 283 815 482 443 946 494 456 711 727 825 522 90 778 579 819 627 760 909 384 202 600 783 554 247 98 481 294 510 715 731 754 877 377 245 125 1057 185 1035 847 776 725 1060 799 655 985 432 600 526 752 770 874 319 579 858 307 588 548 97 803 639 336 369 567 610 625 231 792 779 660 582 535 449 705 697 483 613 687 409 472 861 810 104 555 541 281 153 670 190 1074 601 658 903 572 473 501 362 316 687 540 944 567 216 523 716 489 481 804 698 545 254 734
462 495 907 578 616 422 257 727 539 190 432 0 531 395 109 648 472 570 799 269 842 253 71 619 636 347 446 552 63 47 768 614 650 257 346 667 183 636 675 834 515 439 361 650 390 590 596 489 691 142 604 304 623 813 486 277 603 347 764 271 699 787 586 347 753 498 322 675 136 560 249 812 504 515 405 393 873 297 570 687 410 764 541 572 497 136 250 778 218 818 354 244 173 267 539 356 362 647 189 280 437 633 841 517 360 129 326 229 288 680 372 762 367 542 655 723 152 226 597 559 650 234 546 455 558 355 360 203 134 373 634 120 293 637
228 185 440 254 749 589 297 389 197 718 676 531 0 391 591 409 120 94 302 628 400 761 533 622 139 208 250 534 524 573 347 87 148 276 648 136 431 143 286 408 511 314 475 280 828 250 628 647 492 515 326 477 97 378 486 318 642 693 430 522 469 265 107 395 448 265 305 393 666 148 287 378 196 408 369 137 385 375 180 402 585 256 69 492 373 577 359 461 625 350 723 479 651 798 320 847 862 420 502 721 286 412 334 254 689 590 204 431 636 245 766 468 176 42 256 431 683 758 495 498 177 311 545 109 609 181 346 328 402 697 139 592 735 115
510 503 831 599 916 717 210 756 539 516 767 395 391 0 374 263 434 357 688 306 791 515 448 851 407 375 515 184 344 410 734 469 422 262 697 501 212 403 662 798 149 556 612 649 505 602 842 788 810 488 661 130 480 768 117 425 853 716 393 582 308 635 365 47 374 170 123 299 511 516 253 768 225 120 572 313 772 496 544 750 707 640 448 750 633 337 157 826 597 741 379 176 403 596 623 565 588 743 234 422 535 732 715 194 724 357 289 489 652 632 758 379 253 429 342 784 503 569 765 746 568 230 186 406 809 338 57 280 291 337 530 366 686 499
554 582 991 670 720 529 297 824 626 143 532 109 591 374 0 637 549 615 875 171 929 170 176 729 681 428 541 505 70 75 857 678 696 315 443 727 178 679 765 923 470 540 471 741 283 681 705 594 797 250 702 259 687 901 445 374 711 436 764 379 682 854 630 327 747 507 335 670 146 640 304 899 528 493 510 455 952 402 655 787 517 836 612 681 602 42 259 878 307 900 247 201 67 225 639 262 273 750 140 171 536 736 914 530 451 25 389 338 382 764 447 753 417 608 676 824 129 194 705 668 727 280 496 530 666 427 354 267 192 272 706 13 358 703
612 582 788 662 1097 908 417 796 603 779 974 648 409 263 637 0 508 325 641 559 772 776 693 999 333 514 627 229 602 669 735 449 341 453 916 452 468 326 691 787 235 684 794 688 746 659 998 976 898 720 734 389 457 756 237 602 1010 944 138 792 63 565 320 309 112 176 331 48 771 558 450 757 224 149 721 420 719 676 590 811 900 592 478 878 756 601 398 868 835 710 616 439 665 860 719 820 843 827 497 676 658 818 651 171 949 620 438 693 879 642 996 115 380 451 194 840 765 832 886 880 567 442 246 484 971 469 287 493 528 565 524 630 932 475
109 74 442 165 629 471 281 323 105 663 561 472 120 434 549 508 0 212 327 618 385 717 460 504 258 124 130 598 479 518 317 167 266 241 539 221 413 262 234 384 570 194 359 217 809 168 509 528 392 429 232 491 173 358 542 222 523 587 544 416 570 321 226 424 560 346 323 499 600 92 254 357 284 479 250 122 402 267 114 318 468 293 80 376 255 544 356 392 531 351 717 478 614 739 211 811 823 321 486 698 165 312 369 341 582 553 171 332 533 218 663 578 182 96 372 351 623 697 381 381 178 285 607 27 489 124 380 283 357 700 163 553 640 180
321 279 484 344 840 675 319 471 290 750 759 570 94 357 615 325 212 0 337 626 456 784 583 716 66 280 342 476 554 609 412 126 80 313 725 145 444 66 365 468 457 406 559 363 830 340 721 735 583 575 417 462 135 437 436 390 735 767 336 597 384 278 16 372 356 205 298 305 707 238 320 438 136 348 459 190 420 453 269 489 670 288 159 586 467 596 365 543 689 398 716 476 670 832 414 862 879 511 509 729 377 504 359 188 765 610 250 502 707 316 836 376 203 131 162 517 719 794 589 592 242 338 489 197 701 244 322 367 436 683 200 614 798 154
365 317 147 275 815 715 592 264 279 990 814 799 302 688 875 641 327 337 0 927 142 1044 785 650 309 452 389 813 805 845 147 219 299 561 818 193 727 315 194 166 795 436 622 218 1125 260 672 752 434 747 313 779 208 139 773 540 685 871 601 708 691 86 334 696 634 543 607 608 927 242 573 141 473 685 502 424 83 566 240 322 717 49 264 521 446 867 659 316 840 76 1024 780 938 1066 366 1136 1148 380 799 1016 417 384 47 525 862 877 487 641 826 144 952 655 474 272 449 326 951 1024 507 537 148 602 826 345 670 447 646 607 682 999 169 878 946 189
650 667 1057 762 886 691 337 922 710 267 700 269 628 306 171 559 618 626 927 0 1003 230 340 880 686 510 643 381 210 245 935 715 702 378 613 758 205 683 849 1002 352 656 620 828 204 771 859 758 921 412 806 176 725 977 334 489 867 607 695 539 591 891 638 270 671 470 328 599 307 711 364 976 512 409 639 505 1009 534 731 895 679 884 665 818 725 133 268 983 478 965 100 150 145 332 749 261 284 867 132 117 646 853 962 494 622 146 447 482 553 837 617 672 453 655 645 932 278 319 841 807 787 332 369 594 822 495 314 346 286 104 758 157 527 743
382 347 77 269 749 682 665 174 302 1031 781 842 400 791 929 772 385 456 142 1003 0 1093 815 576 439 501 401 930 858 889 74 330 431 626 800 319 798 445 169 28 909 431 606 196 1194 255 603 706 344 767 273 868 320 28 885 568 615 856 741 705 824 228 456 792 772 659 696 742 960 292 639 30 588 802 491 500 106 576 274 241 686 185 345 459 415 927 739 201 845 65 1102 861 995 1101 339 1191 1201 307 871 1082 420 315 161 643 843 934 555 655 819 166 938 794 556 362 583 230 989 1059 440 477 223 671 942 409 609 509 744 666 738 1083 261 933 946 301
715 746 1157 831 799 627 466 981 790 88 603 253 761 515 170 776 717 784 1044 230 1093 0 297 839 849 594 699 612 238 206 1020 848 864 486 513 897 342 847 927 1087 581 691 593 903 185 842 811 682 938 366 857 387 857 1065 561 530 815 487 909 487 814 1024 798 471 888 663 497 814 173 807 474 1064 691 627 653 625 1120 546 820 940 614 1006 781 811 746 189 423 1031 373 1067 239 339 115 110 792 106 109 897 286 130 691 883 1084 686 506 173 559 473 450 930 468 891 587 778 836 975 131 116 838 797 896 450 599 698 773 596 506 436 361 290 875 169 375 873
433 472 884 548 545 353 286 690 515 220 360 71 533 448 176 693 460 583 785 340 815 297 0 554 649 336 415 613 134 103 741 613 662 272 274 666 240 649 647 806 576 398 299 621 451 560 529 418 640 74 566 369 621 787 546 247 535 278 803 203 748 780 599 402 796 535 362 717 144 542 267 785 533 567 357 397 855 251 549 646 340 753 534 515 450 207 296 737 151 797 424 310 236 286 499 403 406 601 257 344 401 587 828 552 290 198 333 176 218 658 310 805 382 538 682 681 176 243 541 501 636 261 608 447 491 352 408 219 165 444 624 189 239 633
394 437 652 400 174 217 642 402 437 753 283 619 622 851 729 999 504 716 650 880 576 839 554 0 755 488 375 1035 672 657 518 639 760 589 353 680 712 760 457 550 1000 315 260 435 1005 412 36 185 236 480 341 842 639 554 968 427 43 402 1048 353 1062 706 729 820 1061 825 728 996 667 497 599 551 775 936 281 579 671 360 472 336 229 654 563 134 248 754 710 389 474 606 972 797 790 790 310 945 942 271 766 898 342 266 694 828 383 748 571 398 406 514 474 1079 624 589 876 346 708 751 142 124 559 625 1038 523 69 532 794 581 610 984 585 740 528 634
365 318 457 369 887 728 384 479 320 816 815 636 139 407 681 333 258 66 309 686 439 849 649 755 0 340 388 508 619 675 405 128 15 379 784 119 508 6 373 455 494 452 614 375 891 362 764 786 606 640 441 519 133 424 475 451 777 828 316 657 386 239 50 426 342 245 359 304 773 263 387 425 181 382 509 254 389 512 293 506 724 259 192 623 507 660 428 549 753 377 774 536 734 898 448 925 943 535 572 791 424 530 324 224 825 675 315 564 769 317 898 363 269 166 146 530 785 860 623 631 243 404 523 248 746 307 377 433 503 739 201 679 862 148
143 156 563 251 583 403 185 412 201 538 482 347 208 375 428 514 124 280 452 510 501 594 336 488 340 0 142 555 357 393 430 280 352 135 444 334 305 343 340 497 522 181 287 318 695 260 484 468 437 310 299 403 288 473 491 111 497 487 580 316 577 444 297 353 587 339 253 517 475 213 148 472 295 449 207 98 526 174 226 390 397 417 198 377 258 426 263 475 417 472 611 379 494 614 251 690 701 373 378 582 159 360 494 343 485 433 86 223 428 336 558 603 136 205 421 426 498 572 390 375 303 181 560 111 457 44 318 166 237 599 288 432 527 298
26 78 472 132 499 349 326 283 109 632 443 446 250 515 541 627 130 342 389 643 401 699 415 375 388 142 0 692 470 493 326 285 395 275 433 335 440 392 232 391 660 63 242 205 818 145 379 401 295 366 163 544 288 372 630 169 392 485 672 319 690 408 357 495 686 458 394 622 559 158 288 370 403 580 125 212 450 177 150 252 347 368 200 250 128 546 404 340 451 388 743 518 608 701 109 801 808 231 511 704 35 218 436 457 477 550 226 255 437 251 564 704 266 223 502 289 589 658 259 253 249 320 698 147 358 177 458 296 359 735 255 547 556 290
685 671 960 764 1099 900 394 917 703 636 946 552 534 184 505 229 598 476 813 381 930 612 613 1035 508 555 692 0 494 557 881 600 521 446 872 620 373 503 818 940 37 736 796 807 545 766 1025 971 985 661 830 248 610 910 68 609 1037 887 362 761 235 747 478 220 328 271 306 277 650 672 437 910 341 127 755 483 895 680 703 917 890 763 598 931 813 463 336 988 764 874 414 308 513 709 797 634 659 916 368 494 714 905 832 287 897 483 468 671 824 780 923 322 426 575 396 950 633 689 946 928 710 414 17 571 993 515 240 463 465 359 669 494 845 629
483 511 920 599 677 481 235 754 555 196 494 63 524 344 70 602 479 554 805 210 858 238 134 672 619 357 470 494 0 66 786 611 634 248 408 661 134 618 694 852 457 471 412 670 350 610 650 548 730 202 632 245 620 830 429 304 658 410 723 329 651 786 569 296 710 461 285 632 168 570 237 828 475 464 444 387 882 336 584 718 468 767 543 617 534 82 210 808 281 830 299 185 137 279 569 333 344 681 127 236 466 667 845 482 423 81 321 276 351 694 433 717 353 540 625 754 169 242 641 605 657 216 487 460 612 357 315 198 123 314 637 77 352 635
509 542 954 625 645 455 292 774 586 145 456 47 573 410 75 669 518 609 845 245 889 206 103 657 675 393 493 557 66 0 816 658 690 298 367 709 200 674 722 881 521 485 401 697 348 637 632 519 736 177 651 308 667 860 493 324 638 362 789 306 718 831 624 363 776 525 349 698 103 606 289 859 537 531 450 435 919 342 617 734 442 809 586 615 543 112 275 825 232 865 323 248 132 224 586 309 315 693 188 240 484 679 887 546 377 99 369 272 307 727 377 784 406 586 687 770 110 184 640 601 696 271 550 501 594 400 381 245 172 347 679 88 292 681
307 274 149 194 688 611 599 119 230 957 711 768 347 734 857 735 317 412 147 935 74 1020 741 518 405 430 326 881 786 816 0 286 400 558 727 287 730 412 94 66 858 356 532 121 1124 180 543 638 292 693 201 805 278 46 833 494 555 783 717 631 791 227 415 732 746 610 635 709 886 225 571 44 540 754 417 436 153 501 204 182 615 175 286 395 343 856 673 168 771 88 1035 795 923 1027 266 1119 1129 246 803 1012 345 252 184 597 771 863 488 580 745 102 865 767 493 306 552 181 915 984 378 413 171 603 892 342 545 440 685 596 667 1017 213 862 872 260
260 209 362 245 780 634 385 351 201 803 727 614 87 469 678 449 167 126 219 715 330 848 613 639 128 280 285 600 611 658 286 0 127 362 707 54 519 134 245 341 580 348 524 247 916 236 650 687 479 590 315 561 10 311 557 387 664 755 444 584 506 177 129 477 469 329 390 425 748 142 373 311 258 472 410 223 303 435 169 378 632 171 87 505 394 665 447 422 696 274 809 566 738 882 329 934 949 409 589 809 321 404 248 313 749 677 289 498 700 192 830 490 264 74 272 402 767 841 503 514 118 398 613 170 635 260 427 413 488 782 75 679 805 29
371 324 447 371 894 737 399 476 324 831 825 650 148 422 696 341 266 80 299 702 431 864 662 760 15 352 395 521 634 690 400 127 0 393 795 113 523 18 370 448 507 459 623 374 906 363 769 794 607 653 443 534 131 417 489 463 783 839 319 668 393 227 65 441 346 259 374 311 787 266 401 418 196 394 516 267 379 522 295 505 733 250 197 627 513 675 443 546 765 369 789 552 749 913 452 941 958 536 587 806 431 531 312 237 836 690 329 575 780 314 910 367 283 172 152 528 799 874 627 635 240 418 535 257 752 319 392 447 517 754 199 694 874 145
278 289 683 385 658 462 53 547 332 442 522 257 276 262 315 453 241 313 561 378 626 486 272 589 379 135 275 446 248 298 558 362 393 0 463 412 172 379 470 624 411 304 353 450 568 393 579 532 568 277 435 270 371 599 379 163 591 493 546 338 513 538 329 231 544 280 139 467 394 334 13 598 264 356 311 139 640 235 353 525 453 521 297 492 380 305 130 610 394 591 478 244 377 522 384 575 588 506 245 456 287 493 599 294 497 316 73 240 429 460 551 557 110 292 412 561 408 483 509 487 415 46 448 218 547 117 205 54 126 464 391 317 499 387
459 511 877 544 286 139 500 639 541 424 90 346 648 697 443 916 539 725 818 613 800 513 274 353 784 444 433 872 408 367 727 707 795 463 0 760 502 787 639 782 835 381 195 611 692 559 319 175 525 213 527 636 712 772 804 334 320 56 1007 128 975 842 741 654 1007 744 590 931 341 591 465 770 720 808 315 538 869 273 582 578 129 800 619 379 384 479 539 661 140 804 689 579 492 447 461 615 608 516 530 597 401 503 865 756 43 467 492 227 62 674 138 1020 552 635 859 606 383 412 407 360 682 476 870 541 284 482 648 424 407 715 687 456 175 717
310 257 340 281 825 685 432 368 244 854 778 667 136 501 727 452 221 145 193 758 319 897 666 680 119 334 335 620 661 709 287 54 113 412 760 0 565 126 263 335 602 397 576 271 960 271 693 736 508 644 349 600 48 304 581 441 707 808 430 637 506 135 141 512 459 350 430 423 801 185 423 305 281 492 461 274 275 489 208 402 683 143 141 546 439 713 491 436 750 258 851 608 786 934 370 982 998 440 635 854 371 436 214 332 803 725 340 553 754 204 884 480 311 129 265 423 819 893 542 556 133 447 633 224 680 314 463 464 539 821 96 728 860 46
446 461 853 557 746 546 134 718 505 321 579 183 431 212 178 468 413 444 727 205 798 342 240 712 508 305 440 373 134 200 730 519 523 172 502 565 0 506 643 797 336 459 455 622 398 565 695 616 726 289 603 135 529 771 306 296 705 514 590 399 518 696 458 164 576 329 156 498 303 506 158 770 350 332 451 302 807 353 526 692 534 685 463 633 532 152 81 779 391 762 305 85 226 404 548 418 435 668 73 290 447 654 763 351 524 169 242 319 451 632 550 583 254 455 497 729 300 371 654 625 584 127 369 389 659 289 181 144 102 294 557 175 475 546
369 323 463 375 892 732 383 485 326 815 819 636 143 403 679 326 262 66 315 683 445 847 649 760 6 343 392 503 618 674 412 134 18 379 787 126 506 0 379 461 488 456 617 382 888 368 768 790 612 641 447 515 139 430 470 454 782 830 310 659 379 245 50 423 336 240 356 297 772 269 386 431 177 376 512 255 395 514 299 512 728 266 197 628 512 658 426 556 754 384 771 534 733 897 453 923 941 541 570 788 428 536 330 219 828 673 316 566 771 324 900 356 269 171 139 536 784 859 629 636 250 403 517 252 750 308 374 433 502 736 207 678 863 154
213 183 241 100 621 528 514 106 138 863 627 675 286 662 765 691 234 365 194 849 169 927 647 457 373 340 232 818 694 722 94 245 370 470 639 263 643 379 0 159 792 263 443 27 1035 86 478 560 252 598 120 725 239 140 766 400 491 694 689 539 749 251 372 656 715 552 557 670 791 146 484 138 483 693 326 355 231 407 119 141 530 198 219 327 257 765 590 177 678 165 948 711 831 933 178 1027 1036 190 716 921 251 192 239 541 682 772 403 486 654 61 776 735 415 244 518 159 821 890 314 342 130 516 828 261 476 354 611 506 576 933 171 770 779 225
373 341 101 258 724 661 665 150 296 1022 760 834 408 798 923 787 384 468 166 1002 28 1087 806 550 455 497 391 940 852 881 66 341 448 624 782 335 797 461 159 0 918 417 588 185 1191 245 578 683 317 756 255 871 332 30 894 559 590 838 760 690 841 252 470 797 791 669 700 759 950 291 638 30 599 813 476 502 134 563 271 216 666 206 349 435 397 923 740 172 831 89 1102 861 990 1092 323 1185 1195 283 870 1078 407 292 188 655 825 930 555 643 803 167 920 812 559 369 600 204 980 1049 415 454 230 669 952 409 585 507 749 662 734 1084 271 929 930 314
654 642 941 736 1063 863 359 890 675 603 909 515 511 149 470 235 570 457 795 352 909 581 576 1000 494 522 660 37 457 521 858 580 507 411 835 602 336 488 792 918 0 704 760 781 522 738 990 934 954 624 801 212 590 888 32 574 1002 850 372 725 250 732 461 184 341 252 272 283 615 646 401 888 321 112 721 453 878 645 676 888 853 745 574 898 781 428 299 961 727 854 391 272 480 677 767 607 632 886 333 466 682 875 815 270 860 448 436 634 787 756 886 337 395 551 390 922 599 656 913 895 687 378 38 543 958 483 206 427 428 337 647 459 809 609
88 139 505 165 435 288 358 292 161 619 384 439 314 556 540 684 194 406 436 656 431 691 398 315 452 181 63 736 471 485 356 348 459 304 381 397 459 456 263 417 704 0 186 235 821 180 317 338 266 342 168 573 351 402 673 168 330 435 734 275 747 463 421 532 747 512 433 681 542 216 316 400 460 629 66 265 490 148 203 248 287 420 263 196 76 550 434 339 414 426 755 541 607 683 100 795 801 211 527 707 28 197 483 513 425 552 268 228 391 293 516 764 314 287 564 284 574 640 209 196 303 347 742 210 295 222 499 315 369 752 314 548 516 352
268 321 682 348 304 116 402 449 348 510 202 361 475 612 471 794 359 559 622 620 606 593 299 260 614 287 242 796 412 401 532 524 623 353 195 576 455 617 443 588 760 186 0 415 750 364 240 182 357 226 333 588 528 578 728 193 249 250 867 112 857 649 576 577 873 618 492 801 425 400 360 575 581 709 120 385 673 118 389 391 110 607 436 220 192 494 463 478 256 608 712 541 534 559 266 699 699 333 507 641 208 320 669 625 239 489 356 138 214 479 332 888 415 456 707 422 464 517 247 204 489 382 798 366 204 330 557 334 352 724 498 482 344 531
188 161 269 73 597 501 495 109 117 838 600 650 280 649 741 688 217 363 218 828 196 903 621 435 375 318 205 807 670 697 121 247 374 450 611 271 622 382 27 185 781 235 415 0 1012 60 455 534 238 571 95 707 242 167 754 374 468 666 692 511 747 271 371 641 716 544 541 668 765 135 463 165 476 684 298 339 258 380 105 131 503 219 211 303 230 742 571 181 650 192 928 692 808 907 151 1002 1011 173 695 899 223 173 264 534 654 748 384 459 626 79 748 736 399 237 519 154 795 864 292 319 137 496 817 244 451 334 596 484 553 914 176 746 751 230
829 851 1251 943 978 797 533 1101 896 271 783 390 828 505 283 746 809 830 1125 204 1194 185 451 1005 891 695 818 545 350 348 1124 916 906 568 692 960 398 888 1035 1191 522 821 750 1012 0 953 979 857 1080 525 980 377 926 1167 511 654 984 670 884 652 772 1093 842 472 857 672 532 790 351 902 555 1166 716 598 793 701 1206 685 920 1067 785 1083 862 963 884 271 469 1157 551 1160 131 354 217 286 919 118 143 1032 326 113 816 1018 1162 696 689 269 640 620 629 1028 654 856 652 853 847 1104 309 301 988 950 983 524 530 786 940 685 517 528 459 185 956 273 561 943
127 104 327 15 567 455 440 155 63 777 554 590 250 602 681 659 168 340 260 771 255 842 560 412 362 260 145 766 610 637 180 236 363 393 559 271 565 368 86 245 738 180 364 60 953 0 429 494 244 512 79 654 234 226 710 314 442 614 675 455 720 299 349 591 696 507 490 643 705 102 407 224 441 644 244 290 310 321 70 152 456 250 181 278 187 683 517 223 593 246 871 637 748 847 108 942 951 172 638 840 165 167 307 500 603 689 330 400 572 115 695 716 350 209 500 184 735 804 272 291 146 439 775 196 420 279 548 426 494 858 174 687 695 226
400 445 680 416 145 186 632 429 449 724 247 596 628 842 705 998 509 721 672 859 603 811 529 36 764 484 379 1025 650 632 543 650 769 579 319 693 695 768 478 578 990 317 240 455 979 429 0 149 266 455 360 827 650 580 959 416 13 368 1051 326 1061 725 736 809 1063 823 719 997 638 509 589 577 775 929 276 578 696 347 485 362 198 674 572 151 256 731 698 420 444 631 950 781 765 759 323 917 913 296 748 873 345 290 716 826 348 725 566 379 374 533 438 1081 620 597 881 375 679 721 165 137 575 614 1028 526 38 529 785 568 593 963 599 717 495 647
426 478 783 479 130 71 579 534 496 594 98 489 647 788 594 976 528 735 752 758 706 682 418 185 786 468 401 971 548 519 638 687 794 532 175 736 616 790 560 683 934 338 182 534 857 494 149 0 391 346 440 752 690 680 903 374 148 220 1048 220 1039 792 751 750 1055 800 670 983 509 553 538 677 763 888 278 566 789 300 536 468 82 745 602 251 306 626 635 540 309 723 842 700 649 621 386 786 781 402 659 757 365 392 798 808 199 616 538 300 234 608 288 1070 597 623 886 489 551 586 274 231 634 558 971 538 118 512 734 508 514 862 650 607 348 690
300 317 418 238 410 389 620 173 295 859 481 691 492 810 797 898 392 583 434 921 344 938 640 236 606 437 295 985 730 736 292 479 607 568 525 508 726 612 252 317 954 266 357 238 1080 244 266 391 0 573 166 837 476 324 924 432 277 581 919 469 960 502 593 791 940 739 690 885 776 345 580 321 677 869 286 502 443 394 314 113 397 448 423 145 196 811 698 153 612 381 1020 807 864 914 187 1044 1047 71 793 967 280 80 475 734 564 811 522 464 563 314 661 959 559 451 744 113 813 872 118 165 376 612 992 418 280 472 753 582 634 1019 412 806 694 466
387 431 838 498 474 280 304 634 471 285 294 142 515 488 250 720 429 575 747 412 767 366 74 480 640 310 366 661 202 177 693 590 653 277 213 644 289 641 598 756 624 342 226 571 525 512 455 346 573 0 510 423 597 739 593 208 461 227 822 129 777 750 592 444 818 554 389 740 203 505 276 737 542 603 294 385 814 193 508 586 267 719 507 444 386 279 331 677 116 754 497 366 310 342 442 473 474 537 318 418 348 523 792 569 236 271 326 114 163 615 275 829 381 515 689 620 240 300 471 430 600 278 658 420 416 335 442 229 197 516 592 262 223 608
157 159 350 72 502 410 485 124 130 787 510 604 326 661 702 734 232 417 313 806 273 857 566 341 441 299 163 830 632 651 201 315 443 435 527 349 603 447 120 255 801 168 333 95 980 79 360 440 166 510 0 702 313 245 772 328 373 583 753 435 795 365 427 646 774 577 545 719 710 179 448 243 513 711 222 348 349 317 148 90 414 313 257 208 142 708 563 177 578 282 906 679 769 851 69 960 967 94 674 866 166 88 359 571 570 712 379 396 547 173 665 793 407 285 578 126 742 808 198 223 220 481 838 259 356 328 605 459 522 898 252 709 675 304
546 550 916 648 882 681 217 810 591 396 715 304 477 130 259 389 491 462 779 176 868 387 369 842 519 403 544 248 245 308 805 561 534 270 636 600 135 515 725 871 212 573 588 707 377 654 827 752 837 423 702 0 572 843 186 418 837 646 523 535 428 735 473 94 502 295 172 428 403 580 257 843 340 240 573 370 862 481 605 793 670 733 524 756 648 218 140 875 520 824 255 60 277 474 654 434 457 775 120 291 557 763 810 319 657 238 324 453 584 704 677 504 311 509 469 829 388 449 775 749 647 225 242 464 792 375 141 262 237 221 613 249 597 590
263 211 352 243 781 638 395 345 201 812 731 623 97 480 687 457 173 135 208 725 320 857 621 639 133 288 288 610 620 667 278 10 131 371 712 48 529 139 239 332 590 351 528 242 926 234 650 690 476 597 313 572 0 302 567 393 664 760 449 589 514 167 137 487 475 338 400 433 757 141 383 302 268 482 413 232 292 440 167 373 635 161 93 504 395 674 457 416 703 264 820 576 748 891 328 944 959 406 599 819 324 401 238 323 755 686 298 505 706 185 836 496 274 82 278 397 776 850 502 514 110 408 622 177 636 269 438 422 497 792 68 689 812 19
353 319 104 240 726 655 639 152 274 1002 754 813 378 768 901 756 358 437 139 977 28 1065 787 554 424 473 372 910 830 860 46 311 417 599 772 304 771 430 140 30 888 402 578 167 1167 226 580 680 324 739 245 843 302 0 864 539 593 828 730 677 810 224 439 768 761 639 672 728 931 265 613 2 569 782 463 475 120 547 246 218 659 177 321 434 388 899 713 186 817 65 1076 835 967 1073 311 1163 1173 283 845 1054 391 291 165 624 816 907 529 626 791 140 910 782 531 339 569 210 960 1030 416 452 201 644 922 383 585 482 720 638 710 1057 240 906 917 283
624 613 919 708 1031 831 327 863 647 579 877 486 486 117 445 237 542 436 773 334 885 561 546 968 475 491 630 68 429 493 833 557 489 379 804 581 306 470 766 894 32 673 728 754 511 710 959 903 924 593 772 186 567 864 0 542 970 820 375 693 260 712 440 152 346 231 240 283 589 619 369 864 300 100 689 424 857 613 649 860 821 724 548 867 750 403 268 933 697 832 380 245 458 655 737 592 617 856 306 450 651 845 795 251 829 423 405 602 756 731 857 344 365 526 378 894 574 633 882 864 663 346 69 514 926 452 174 395 397 328 623 434 780 586
186 225 636 301 497 306 215 451 267 463 377 277 318 425 374 602 222 390 540 489 568 530 247 427 451 111 169 609 304 324 494 387 463 163 334 441 296 454 400 559 574 168 193 374 654 314 416 374 432 208 328 418 393 539 542 0 427 376 680 206 664 543 407 393 684 426 303 610 392 298 172 538 392 517 155 204 608 74 302 413 298 511 301 338 237 382 284 504 309 549 588 380 441 533 265 632 639 379 361 540 162 365 585 434 374 385 164 112 317 411 447 698 224 312 526 450 420 490 358 330 392 198 611 216 384 147 368 156 202 587 385 381 418 402
413 459 692 430 133 189 643 441 463 728 245 603 642 853 711 1010 523 735 685 867 615 815 535 43 777 497 392 1037 658 638 555 664 783 591 320 707 705 782 491 590 1002 330 249 468 984 442 13 148 277 461 373 837 664 593 970 427 0 367 1064 332 1074 739 749 820 1077 836 730 1010 642 522 600 590 788 941 289 590 709 357 499 374 201 687 585 165 270 738 708 431 447 643 957 790 771 762 337 921 917 309 757 879 358 303 730 839 347 732 578 388 376 547 436 1094 633 611 895 387 684 724 178 151 589 625 1039 540 45 541 796 579 602 971 613 723 495 661
510 562 932 599 318 193 527 695 594 399 125 347 693 716 436 944 587 767 871 607 856 487 278 402 828 487 485 887 410 362 783 755 839 493 56 808 514 830 694 838 850 435 250 666 670 614 368 220 581 227 583 646 760 828 820 376 367 0 1040 171 1002 893 784 671 1038 774 615 961 320 642 494 826 755 830 369 578 924 319 635 634 184 853 667 435 440 474 559 717 129 859 677 588 478 412 516 586 577 572 535 580 454 560 918 788 20 460 529 265 64 728 82 1051 588 682 897 662 360 381 462 416 734 501 884 587 333 523 670 451 425 708 738 449 128 766
653 615 743 680 1162 983 519 795 626 907 1057 764 430 393 764 138 544 336 601 695 741 909 803 1048 316 580 672 362 723 789 717 444 319 546 1007 430 590 310 689 760 372 734 867 692 884 675 1051 1048 919 822 753 523 449 730 375 680 1064 1040 0 879 134 518 325 438 40 268 442 95 892 573 546 731 287 286 780 481 672 751 604 821 976 555 496 920 800 729 514 865 939 676 754 570 796 988 751 956 979 847 626 812 706 841 602 252 1042 748 516 780 976 633 1098 58 455 468 174 846 890 958 924 925 559 545 380 525 1028 536 409 592 638 703 518 757 1040 464
344 395 780 441 349 151 379 555 429 402 185 271 522 582 379 792 416 597 708 539 705 487 203 353 657 316 319 761 329 306 631 584 668 338 128 637 399 659 539 690 725 275 112 511 652 455 326 220 469 129 435 535 589 677 693 206 332 171 879 0 852 726 614 541 881 618 470 805 317 474 342 675 593 689 214 410 766 148 469 500 139 687 496 331 298 408 425 588 144 702 626 481 438 448 367 594 592 444 439 546 291 430 755 630 168 400 364 99 118 568 247 894 424 511 731 532 357 407 359 315 568 355 760 416 288 354 530 304 298 643 569 391 240 596
675 645 837 723 1159 970 475 855 665 823 1035 699 469 308 682 63 570 384 691 591 824 814 748 1062 386 577 690 235 651 718 791 506 393 513 975 506 518 379 749 841 250 747 857 747 772 720 1061 1039 960 777 795 428 514 810 260 664 1074 1002 134 852 0 612 377 355 96 238 388 82 819 618 510 811 287 188 784 483 767 738 650 872 962 642 539 941 819 644 451 927 891 762 640 482 706 902 782 851 876 888 541 708 721 880 698 234 1007 664 501 753 938 699 1053 87 443 511 242 900 811 876 949 944 624 500 252 547 1034 532 339 551 583 587 581 674 987 531
382 331 225 313 866 750 562 337 301 976 847 787 265 635 854 565 321 278 86 891 228 1024 780 706 239 444 408 747 786 831 227 177 227 538 842 135 696 245 251 252 732 463 649 271 1093 299 725 792 502 750 365 735 167 224 712 543 739 893 518 726 612 0 272 647 552 481 565 530 919 251 549 226 414 620 529 399 154 579 260 389 750 53 246 574 486 842 624 394 850 162 985 742 915 1055 408 1112 1126 442 767 986 440 443 85 461 885 853 464 650 844 192 972 573 441 245 371 398 939 1013 563 588 159 575 762 332 719 431 598 588 663 956 158 856 958 151
335 293 481 355 855 691 334 477 301 765 776 586 107 365 630 320 226 16 334 638 456 798 599 729 50 297 357 478 569 624 415 129 65 329 741 141 458 50 372 470 461 421 576 371 842 349 736 751 593 592 427 473 137 439 440 407 749 784 325 614 377 272 0 381 346 209 310 298 722 248 336 439 141 350 474 207 417 470 279 498 686 285 171 599 481 610 378 549 706 398 727 488 684 847 427 876 893 522 522 742 392 515 355 190 782 625 267 519 724 321 853 366 219 143 150 525 734 809 601 605 247 353 492 212 716 261 332 383 452 694 204 629 815 155
492 489 835 587 879 679 178 747 528 470 725 347 395 47 327 309 424 372 696 270 792 471 402 820 426 353 495 220 296 363 732 477 441 231 654 512 164 423 656 797 184 532 577 641 472 591 809 750 791 444 646 94 487 768 152 393 820 671 438 541 355 647 381 0 420 200 101 343 463 510 221 768 247 168 543 302 779 462 536 736 669 649 447 723 609 291 115 815 551 745 350 132 358 550 604 526 547 725 188 383 512 713 725 224 680 311 268 450 607 630 712 425 242 430 375 771 456 522 740 719 569 195 221 396 776 319 49 243 246 312 533 320 639 506
668 632 777 701 1171 989 514 821 646 890 1060 753 448 374 747 112 560 356 634 671 772 888 796 1061 342 587 686 328 710 776 746 469 346 544 1007 459 576 336 715 791 341 747 873 716 857 696 1063 1055 940 818 774 502 475 761 346 684 1077 1038 40 881 96 552 346 420 0 264 433 78 879 594 543 762 292 262 790 489 706 756 626 844 981 587 516 935 814 712 503 891 934 708 726 551 777 971 768 932 956 868 608 788 719 861 636 250 1042 731 519 781 974 660 1094 21 459 488 197 870 875 942 941 940 586 539 346 539 1040 543 395 588 630 675 543 740 1033 490
445 421 689 508 920 732 250 653 447 650 799 498 265 170 507 176 346 205 543 470 659 663 535 825 245 339 458 271 461 525 610 329 259 280 744 350 329 240 552 669 252 512 618 544 672 507 823 800 739 554 577 295 338 639 231 426 836 774 268 618 238 481 209 200 264 0 176 187 628 409 279 639 70 143 546 247 626 499 440 660 724 493 332 708 586 477 250 725 670 603 548 327 548 733 555 724 745 668 377 583 486 658 564 24 778 495 262 519 710 510 830 276 204 307 175 692 629 700 717 709 439 276 284 320 796 294 158 324 370 507 398 502 771 358
391 388 743 486 797 600 91 646 427 477 655 322 305 123 335 331 323 298 607 328 696 497 362 728 359 253 394 306 285 349 635 390 374 139 590 430 156 356 557 700 272 433 492 541 532 490 719 670 690 389 545 172 400 672 240 303 730 615 442 470 388 565 310 101 433 176 0 354 452 411 132 671 193 219 448 201 690 375 437 634 590 561 351 626 510 308 75 714 503 652 420 178 381 560 503 568 586 624 214 432 413 612 639 196 621 325 167 374 550 533 664 443 142 336 340 670 454 526 642 623 474 114 310 296 687 218 66 166 197 392 441 331 601 419
605 572 755 647 1101 916 436 775 590 813 985 675 393 299 670 48 499 305 608 599 742 814 717 996 304 517 622 277 632 698 709 425 311 467 931 423 498 297 670 759 283 681 801 668 790 643 997 983 885 740 719 428 433 728 283 610 1010 961 95 805 82 530 298 343 78 187 354 0 801 541 466 729 221 191 722 420 685 683 573 794 908 560 462 873 751 635 425 847 856 680 659 475 702 894 709 860 884 813 532 717 654 806 616 175 965 654 445 705 897 618 1016 89 386 434 159 822 797 865 879 876 543 461 294 476 972 472 317 510 551 609 501 663 955 449
578 616 1028 692 627 453 393 834 659 85 432 136 666 511 146 771 600 707 927 307 960 173 144 667 773 475 559 650 168 103 886 748 787 394 341 801 303 772 791 950 615 542 425 765 351 705 638 509 776 203 710 403 757 931 589 392 642 320 892 317 819 919 722 463 879 628 452 801 0 685 386 930 639 631 497 528 998 393 693 788 440 893 672 645 590 189 378 879 200 941 363 343 166 141 642 278 276 741 282 262 545 726 970 649 338 170 462 315 278 802 314 886 504 675 789 823 41 98 672 629 778 371 642 586 600 488 484 340 270 400 764 158 221 770
132 79 350 107 640 505 374 244 59 750 600 560 148 516 640 558 92 238 242 711 292 807 542 497 263 213 158 672 570 606 225 142 266 334 591 185 506 269 146 291 646 216 400 135 902 102 509 553 345 505 179 580 141 265 619 298 522 642 573 474 618 251 248 510 594 409 411 541 685 0 347 264 342 549 281 210 313 328 31 253 504 214 79 363 254 636 448 316 600 259 810 570 705 825 187 903 914 273 579 790 191 267 287 401 634 645 263 401 592 125 721 614 269 107 399 283 710 782 361 373 95 378 682 117 495 217 464 375 448 792 97 645 708 138
291 303 696 399 665 468 42 560 346 432 526 249 287 253 304 450 254 320 573 364 639 474 267 599 387 148 288 437 237 289 571 373 401 13 465 423 158 386 484 638 401 316 360 463 555 407 589 538 580 276 448 257 383 613 369 172 600 494 546 342 510 549 336 221 543 279 132 466 386 347 0 612 267 350 322 150 652 243 367 538 459 533 309 504 392 293 117 624 392 605 464 230 365 513 398 563 576 519 232 443 299 506 612 294 498 304 86 244 430 473 551 556 117 304 416 575 399 474 521 498 428 32 439 231 556 130 197 48 116 451 404 306 496 398
351 317 107 238 723 652 638 149 273 1001 752 812 378 768 899 757 357 438 141 976 30 1064 785 551 425 472 370 910 828 859 44 311 418 598 770 305 770 431 138 30 888 400 575 165 1166 224 577 677 321 737 243 843 302 2 864 538 590 826 731 675 811 226 439 768 762 639 671 729 930 264 612 0 569 783 461 474 123 545 245 215 656 178 320 432 385 898 712 183 815 67 1075 834 965 1071 309 1162 1172 281 844 1053 389 288 168 625 813 905 528 624 789 139 908 783 531 339 570 207 958 1028 413 450 201 643 922 382 582 481 720 637 709 1056 241 904 915 283
388 359 619 443 879 697 247 586 383 669 770 504 196 225 528 224 284 136 473 512 588 691 533 775 181 295 403 341 475 537 540 258 196 264 720 281 350 177 483 599 321 460 581 476 716 441 775 763 677 542 513 340 268 569 300 392 788 755 287 593 287 414 141 247 292 70 193 221 639 342 267 569 0 213 500 198 557 464 374 594 690 424 264 654 532 502 269 657 659 533 596 364 575 752 495 760 779 605 407 621 433 596 496 58 757 519 229 493 692 441 816 308 168 239 150 625 644 717 662 656 369 272 354 260 750 251 199 315 371 559 328 525 764 288
571 553 832 643 1014 818 310 793 583 634 874 515 408 120 493 149 479 348 685 409 802 627 567 936 382 449 580 127 464 531 754 472 394 356 808 492 332 376 693 813 112 629 709 684 598 644 929 888 869 603 711 240 482 782 100 517 941 830 286 689 188 620 350 168 262 143 219 191 631 549 350 783 213 0 654 368 767 590 579 796 809 635 473 825 705 455 272 865 714 746 468 293 518 713 683 670 693 799 352 526 605 789 704 159 837 475 364 593 765 653 875 264 314 449 278 829 622 687 838 824 583 333 141 452 899 406 160 385 406 419 542 485 805 501
