230
0 464 877 623 853 307 68 109 1050 565 792 635 1070 757 865 800 145 993 592 510 442 806 357 381 702 329 797 996 758 542 857 440 445 241 716 233 202 516 565 690 735 558 473 696 439 808 927 111 308 620 872 599 548 593 192 386 749 297 241 87 760 794 750 887 117 403 717 658 487 387 825 900 584 476 847 525 383 910 573 832 301 633 536 721 709 195 566 917 835 577 272 642 622 132 549 407 273 750 460 680 506 777 712 1012 911 790 235 698 597 301 909 556 436 471 89 902 737 572 426 772 1108 436 367 703 589 711 779 136 582 952 663 412 200 216 569 412 690 131 577 463 459 494 1024 734 671 821 569 351 231 1027 478 704 530 445 562 718 677 683 359 722 1010 634 302 531 750 484 510 463 875 282 549 912 719 125 304 686 288 712 795 597 426 515 528 622 237 240 1005 635 610 278 426 663 636 116 364 748 782 860 822 1130 148 307 576 354 673 541 512 432 250 784 1005 494 525 839 544 805 427 586 612 769 501 694 727 649 785 274 373 262 845 99
464 0 958 182 743 164 398 526 1025 678 435 577 980 978 704 659 319 971 296 374 765 872 515 131 994 461 404 1002 1012 486 595 139 726 316 751 237 645 821 762 943 332 233 326 1026 755 503 926 424 652 988 558 656 662 901 614 552 978 700 223 489 862 760 636 783 582 768 449 768 361 77 862 475 647 159 594 302 84 730 387 765 518 221 132 631 580 308 267 935 414 612 697 566 858 503 585 607 533 640 809 584 820 385 688 920 741 901 623 593 963 182 692 262 77 500 474 734 891 759 135 401 1047 730 121 747 306 905 531 591 784 847 493 771 383 386 580 762 586 484 922 299 92 294 1026 1046 976 570 839 113 459 996 645 765 894 286 914 1007 1004 642 252 819 980 987 546 498 747 823 382 778 479 225 923 995 857 586 641 253 628 1030 727 716 769 795 754 960 229 269 1012 236 917 574 577 857 532 348 210 756 944 466 516 1076 609 673 950 198 791 727 299 720 288 861 876 560 872 982 500 926 574 957 541 452 579 499 1059 541 848 247 630 261 662 445
877 958 0 942 372 943 889 788 254 314 811 395 373 288 464 437 871 220 731 590 540 86 526 837 444 569 881 174 361 473 644 819 487 731 208 927 805 488 334 358 888 778 634 538 531 718 163 973 624 624 743 306 333 479 763 493 305 708 894 964 118 254 408 358 882 620 661 219 599 924 112 998 318 809 628 675 946 499 602 297 577 890 879 383 448 786 744 123 957 347 758 415 344 1010 376 471 604 400 578 417 506 877 290 353 480 94 704 419 617 839 568 742 881 466 966 476 177 321 823 832 344 504 860 210 715 247 621 840 326 363 532 607 713 1054 377 590 423 747 562 660 869 673 198 498 471 625 417 913 1097 251 398 194 607 671 578 438 525 335 719 155 242 587 575 459 230 555 581 521 914 993 630 37 171 862 618 939 630 508 311 280 575 450 382 547 869 783 180 869 476 608 453 267 456 886 759 215 170 905 720 348 859 649 634 775 204 346 673 501 750 99 420 414 565 126 458 96 453 630 430 738 399 555 549 453 109 1008 517 769 505 781
623 182 942 0 667 341 561 667 963 702 275 546 895 1015 609 578 480 914 213 360 855 856 584 245 1059 534 230 954 1061 476 466 196 805 430 734 410 787 900 807 995 157 164 327 1104 843 362 879 598 760 1083 408 661 688 976 749 616 1019 823 388 660 862 715 570 706 737 874 336 780 358 248 836 293 656 174 469 270 262 625 339 705 606 62 93 578 516 444 197 897 232 615 829 528 909 678 593 672 632 576 905 534 903 211 655 837 639 901 746 538 1059 323 574 200 187 523 645 634 908 800 208 237 969 813 256 735 228 937 416 740 829 764 425 874 501 568 579 861 532 617 1011 306 165 280 975 1116 1046 448 905 281 641 933 694 757 992 304 1006 1069 1081 608 324 821 918 1076 637 496 716 914 368 864 300 406 1023 978 871 739 747 70 736 1103 671 737 866 867 810 1044 387 398 964 85 991 676 630 892 489 511 293 729 960 288 374 1000 760 785 1049 292 803 771 275 801 406 850 781 585 964 988 492 929 626 1055 511 311 604 417 1136 493 834 429 712 382 561 585
853 743 372 667 0 790 835 801 298 385 472 217 238 600 92 89 786 254 459 386 696 312 518 652 730 528 547 306 672 313 280 609 627 634 247 804 868 682 502 638 572 519 437 816 683 368 242 917 712 868 381 311 392 715 818 506 614 810 767 936 367 131 110 40 905 767 339 368 407 737 264 651 324 584 264 441 762 130 357 75 584 607 631 132 164 694 483 273 621 305 851 211 579 978 323 526 625 108 751 176 697 547 172 177 113 392 770 160 852 689 196 486 672 383 932 107 458 486 619 501 304 645 680 264 446 527 275 874 512 106 250 758 654 968 296 738 168 742 791 462 651 455 321 793 743 267 631 740 1028 268 471 288 814 480 800 730 796 179 561 350 255 839 601 321 186 739 381 686 564 857 845 396 422 891 701 643 705 794 82 385 729 634 545 796 744 669 314 583 720 654 475 512 226 812 590 202 490 557 367 335 898 745 859 608 380 485 445 636 641 326 152 379 771 477 309 419 471 859 241 400 381 250 837 215 301 878 596 648 137 756
307 164 943 341 790 0 239 382 1050 640 567 595 1027 914 769 714 166 993 393 403 661 859 446 146 906 392 550 1015 938 495 695 207 633 225 745 74 499 724 699 868 479 338 352 926 652 617 939 259 536 874 677 636 622 806 473 485 912 568 73 325 836 780 679 830 425 650 544 736 383 93 860 633 625 245 690 362 80 803 441 797 429 369 269 665 627 189 362 942 570 597 558 590 786 338 568 532 432 682 697 617 721 530 700 966 811 874 492 631 849 105 778 354 166 477 310 803 848 699 192 538 1085 633 118 737 397 849 623 439 720 896 550 655 276 229 572 648 623 351 815 328 195 341 1041 953 883 664 754 64 303 1022 586 750 779 310 804 920 904 658 233 794 1006 878 452 499 755 715 409 676 627 73 805 981 818 432 526 410 511 934 758 677 658 705 681 855 91 169 1025 378 822 466 517 799 565 191 200 760 900 613 631 1113 455 551 833 182 757 666 354 624 200 844 935 529 763 945 506 896 515 841 562 568 545 567 959 576 836 97 539 176 734 306
68 398 889 561 835 239 0 162 1048 574 741 619 1059 789 840 777 81 991 543 476 487 814 363 321 746 326 741 998 797 522 819 383 481 206 717 165 268 559 589 727 677 505 436 746 482 764 927 84 352 676 827 600 556 638 252 396 783 355 175 109 773 787 729 871 185 455 675 670 453 321 829 842 585 420 810 481 316 884 536 820 314 574 475 703 685 150 516 919 776 573 334 624 655 145 544 424 294 730 510 660 551 722 704 999 886 805 287 678 652 241 878 507 374 461 100 878 758 594 368 719 1101 475 305 705 542 738 741 203 608 937 632 463 184 173 561 462 670 161 628 422 398 451 1026 782 716 784 606 285 207 1024 494 709 584 404 614 761 726 672 315 733 1007 687 322 514 746 532 478 506 820 215 605 925 737 193 347 625 330 761 782 608 474 553 556 672 173 191 1008 577 655 309 435 689 614 49 313 746 805 805 777 1125 217 356 633 302 687 562 469 469 208 793 987 491 576 860 526 822 436 642 594 722 501 661 778 626 792 208 401 214 817 115
109 526 788 667 801 382 162 0 976 482 803 584 1008 652 824 757 217 919 601 491 334 721 286 423 593 273 817 917 651 499 839 474 339 246 641 313 119 407 467 583 761 577 463 587 330 804 851 220 199 514 867 526 466 484 91 308 644 192 310 185 670 729 704 833 104 294 709 571 469 449 745 929 510 506 828 524 450 871 558 771 222 668 576 671 668 223 579 837 863 510 175 595 518 229 484 318 187 703 351 635 397 799 649 951 870 699 126 653 490 348 879 569 484 417 192 861 640 476 461 787 1038 329 415 626 595 610 762 80 483 896 636 303 182 325 507 303 646 62 468 459 503 493 945 625 562 803 462 414 338 954 391 624 422 444 453 609 568 625 369 635 938 526 216 484 680 375 490 354 894 372 443 822 626 92 196 724 180 603 736 511 317 408 427 513 298 269 926 666 500 180 347 563 596 199 385 677 683 879 817 1060 104 197 470 380 584 446 511 326 266 698 952 427 416 742 498 712 349 479 566 770 432 670 618 608 701 369 274 286 810 82
1050 1025 254 963 298 1050 1048 976 0 496 768 454 145 542 375 388 1014 57 752 654 772 275 693 922 699 722 843 80 615 554 564 887 712 863 334 1050 1013 730 560 612 871 810 705 793 762 662 125 1133 836 877 665 451 511 729 968 667 560 928 1014 1138 344 269 393 262 1076 852 638 420 671 1009 236 942 466 866 551 723 1033 386 639 260 753 904 921 393 448 923 774 147 916 475 976 461 591 1182 503 662 788 388 816 441 747 845 350 162 366 338 910 432 869 945 460 775 951 590 1137 366 425 544 895 798 91 731 948 349 738 499 572 1037 557 219 539 840 864 1200 489 821 439 925 812 731 933 731 62 753 726 558 661 1007 1253 30 591 353 854 747 827 692 779 391 816 363 44 841 760 552 302 796 647 755 854 1111 879 248 410 1058 828 942 837 763 297 472 808 687 610 800 990 908 76 880 728 803 628 513 492 1035 851 302 425 849 659 94 1059 865 884 869 415 562 725 725 877 301 244 557 811 377 544 348 626 881 488 697 548 546 803 484 288 1129 721 890 426 951
565 678 314 702 385 640 574 482 496 0 653 226 547 314 447 386 557 440 510 344 311 240 211 550 389 255 708 434 367 236 560 545 242 421 165 617 518 299 130 308 692 540 374 461 298 589 370 658 344 492 636 77 18 344 472 178 319 439 585 653 200 275 329 405 581 383 503 97 344 633 262 835 67 544 543 434 653 497 385 330 264 661 623 288 329 473 513 355 781 106 485 251 228 698 116 166 295 324 365 283 313 698 213 496 487 235 415 298 475 538 538 507 602 180 654 479 212 116 545 661 565 260 569 148 495 235 502 542 146 456 369 374 398 739 140 354 296 436 414 398 596 421 463 453 390 527 259 617 782 476 96 142 431 403 420 395 439 217 428 159 460 468 266 213 217 354 336 301 763 685 463 351 179 563 335 718 343 447 305 37 344 251 163 426 560 475 443 643 353 307 139 192 284 571 470 208 265 750 597 583 563 375 479 484 117 103 428 251 442 219 519 119 388 306 220 256 138 480 242 586 99 405 488 291 219 698 227 463 459 468
792 435 811 275 472 567 741 803 768 653 0 440 673 958 393 386 664 727 202 342 892 733 620 430 1041 586 75 778 1018 420 214 366 829 558 621 622 912 916 779 962 125 236 349 1106 878 107 710 799 832 1113 135 589 645 981 867 639 967 915 591 850 760 560 404 506 893 933 153 704 357 478 699 187 591 327 223 281 500 392 280 531 667 219 304 429 363 597 226 736 149 548 935 416 880 878 537 691 703 411 948 400 925 80 526 621 411 796 846 395 1091 507 328 236 401 505 838 407 829 767 382 38 755 841 454 629 207 878 197 882 798 552 290 929 620 796 512 913 392 743 1035 346 372 311 793 1104 1038 210 899 503 868 738 683 654 1032 359 1035 1047 1083 485 435 726 726 1097 696 445 582 949 348 894 110 640 1064 843 789 889 818 218 812 1096 505 679 912 874 798 1058 579 552 786 200 993 748 636 841 376 697 428 599 876 97 114 786 905 863 1087 439 725 746 293 830 543 735 553 556 995 888 435 825 632 1092 415 73 573 260 1135 373 714 664 749 530 342 726
635 577 395 546 217 595 619 584 454 226 440 0 441 519 245 179 573 398 335 203 518 310 305 468 614 311 503 425 581 101 333 438 448 421 189 600 656 520 356 529 500 383 252 688 504 366 348 702 511 716 411 153 224 571 606 299 528 608 563 719 324 185 121 252 689 580 287 264 218 556 290 627 159 422 317 283 580 295 207 204 371 494 486 86 104 481 349 358 578 121 645 25 453 762 125 329 413 119 575 59 532 496 110 381 290 362 561 77 697 491 322 347 502 167 715 282 389 342 444 454 491 465 494 193 320 439 276 659 373 317 150 573 437 758 95 553 72 525 637 279 486 285 450 678 616 300 485 552 816 426 287 217 649 294 642 618 666 65 362 287 410 693 390 105 171 568 195 513 549 658 681 431 349 675 498 545 500 673 165 246 547 473 387 652 539 460 435 473 579 445 273 405 64 598 397 182 437 537 373 518 683 544 700 415 285 329 282 454 430 306 369 174 607 453 94 391 269 702 36 370 181 183 714 67 288 677 399 441 244 538
1070 980 373 895 238 1027 1059 1008 145 547 673 441 0 657 286 321 1015 154 692 624 846 366 721 890 809 741 749 213 732 541 461 847 781 862 381 1038 1060 814 636 719 786 754 675 903 835 566 213 1143 891 977 558 486 559 826 1012 701 674 987 1001 1156 438 278 348 198 1111 924 560 491 643 975 316 837 502 821 450 679 1000 281 595 239 785 834 865 363 402 923 718 251 818 497 1032 440 685 1199 523 708 824 344 895 410 831 753 358 61 262 442 959 396 967 925 349 721 910 599 1153 266 528 619 857 707 85 800 918 399 680 603 485 1076 637 133 487 913 875 1199 502 893 404 952 907 700 889 693 204 867 832 463 750 978 1257 130 642 412 943 717 921 805 887 387 797 445 134 943 797 546 331 878 618 832 749 1093 971 376 504 1095 881 865 888 875 277 532 881 768 684 901 978 901 213 810 826 846 665 608 462 1039 827 338 538 746 560 115 1099 922 979 845 492 630 684 793 871 390 121 580 900 499 535 459 662 977 470 607 576 483 916 451 371 1114 773 881 335 972
757 978 288 1015 600 914 789 652 542 314 958 519 657 0 684 638 798 507 824 659 334 299 468 846 158 523 1018 462 74 549 837 850 312 689 359 876 628 263 216 84 1005 854 687 252 331 884 444 865 456 346 925 369 326 219 598 430 17 515 850 837 234 468 590 600 725 406 806 255 658 924 351 1143 369 853 820 749 941 729 698 526 489 975 934 553 610 730 827 407 1092 412 564 544 134 881 428 381 498 583 350 566 279 1009 454 630 713 217 539 577 344 821 788 822 903 491 844 707 142 219 849 970 632 323 862 346 809 80 791 680 194 625 669 393 645 963 449 380 577 630 296 709 901 734 484 210 189 809 195 903 988 539 332 319 350 713 315 150 240 484 726 250 529 308 472 526 416 323 650 312 1068 946 367 297 179 704 457 1032 472 220 522 282 364 246 235 271 827 745 467 957 211 480 401 122 583 803 767 399 119 1056 890 636 693 470 364 779 235 251 742 326 714 279 687 430 315 166 533 198 404 358 543 889 410 702 260 586 302 955 388 739 713 674
865 704 464 609 92 769 840 824 375 447 393 245 286 684 0 66 784 337 410 371 754 402 550 625 808 551 468 392 756 324 191 576 684 635 326 791 901 746 570 717 501 473 420 892 740 286 332 920 756 937 292 370 450 786 851 544 698 853 753 945 454 218 123 116 928 821 273 444 393 707 355 567 381 547 177 408 732 51 327 166 615 547 583 162 156 694 437 365 541 354 891 230 654 986 366 572 657 126 810 190 760 471 239 230 46 481 806 171 920 671 105 441 637 409 939 37 542 554 588 424 364 702 654 342 398 610 199 900 582 159 218 812 664 961 337 793 177 763 859 442 614 427 405 872 819 183 700 714 1025 346 524 367 878 460 867 809 872 229 547 433 334 910 636 339 268 800 368 746 479 839 910 488 505 916 743 578 745 872 162 453 785 698 610 867 732 664 400 524 792 690 517 590 228 812 571 285 577 473 284 395 924 789 926 589 458 549 415 691 638 414 173 418 835 568 325 508 513 927 257 323 424 204 914 216 390 861 642 641 50 771
800 659 437 578 89 714 777 757 388 386 386 179 321 638 66 0 722 343 371 313 691 368 483 573 755 484 460 392 708 258 207 527 621 572 278 733 834 685 512 666 483 432 363 837 677 285 323 857 690 878 305 309 388 728 784 478 650 787 695 881 412 183 58 128 862 756 250 391 334 656 326 568 319 500 190 358 682 116 275 145 548 517 543 98 91 631 396 351 535 290 824 163 599 922 301 507 590 62 747 123 699 460 185 261 112 442 740 104 861 615 153 399 589 342 876 103 497 496 538 413 392 638 601 292 358 561 189 833 525 189 166 748 599 901 271 728 111 697 800 386 567 375 408 819 764 187 642 661 964 358 460 319 817 404 807 757 816 168 489 388 344 852 569 273 224 738 308 683 482 783 849 466 459 849 677 554 679 818 126 395 721 638 549 809 674 603 400 494 735 624 451 538 163 750 515 241 536 474 286 423 858 723 865 533 407 489 364 628 576 377 220 352 774 532 259 471 447 866 191 313 358 161 861 151 353 804 577 581 75 706
145 319 871 480 786 166 81 217 1014 557 664 573 1015 798 784 722 0 957 468 414 516 792 347 241 770 301 662 968 813 473 750 302 499 152 689 96 332 584 589 742 597 427 370 780 509 690 895 139 385 719 753 573 539 665 308 383 793 406 97 186 757 748 677 823 262 496 604 654 391 242 803 761 559 340 742 410 239 825 471 777 310 493 394 654 630 91 440 891 695 541 393 575 665 215 512 421 301 678 547 609 578 642 665 954 829 792 332 626 695 160 815 430 293 424 174 820 752 593 287 640 1061 496 224 678 467 741 673 273 610 889 571 502 159 186 524 497 618 192 665 354 316 381 996 811 744 716 624 206 242 988 485 685 625 335 653 785 759 629 245 716 972 726 325 469 711 566 417 533 740 159 649 908 728 267 377 543 361 791 738 593 509 572 563 708 92 121 978 496 682 326 421 691 561 33 238 713 801 725 704 1087 290 395 677 225 673 560 398 488 145 773 937 462 613 853 479 811 421 686 545 647 475 597 812 573 770 161 411 144 758 145
993 971 220 914 254 993 991 919 57 440 727 398 154 507 337 343 957 0 702 599 722 227 636 866 661 665 802 63 580 498 528 833 661 806 278 994 958 682 509 573 826 759 650 755 711 622 71 1076 782 835 629 394 455 686 912 610 524 874 958 1080 298 213 343 221 1020 801 593 368 615 954 184 904 409 813 514 670 978 354 587 208 697 855 869 340 397 866 723 101 876 417 922 406 546 1125 446 607 732 337 767 387 699 802 294 148 334 296 856 379 826 889 428 724 897 532 1080 333 383 494 840 755 130 679 893 293 688 458 530 981 508 189 489 790 807 1143 432 770 386 868 768 676 879 677 68 717 686 520 615 951 1195 35 536 298 808 692 783 656 741 335 760 313 22 800 704 495 245 747 592 706 817 1054 834 221 364 1002 774 895 783 726 244 418 757 638 559 759 933 851 67 832 685 748 572 468 439 978 795 244 388 810 620 143 1003 811 841 813 364 509 672 673 819 252 228 500 765 346 487 309 570 838 433 655 491 497 767 430 237 1073 667 833 387 894
592 296 731 213 459 393 543 601 752 510 202 335 692 824 410 371 468 702 0 167 711 646 434 247 885 394 224 741 876 275 303 186 652 356 524 437 711 743 626 813 187 62 156 941 697 225 666 606 639 936 287 460 498 814 666 459 829 718 403 653 655 501 359 499 691 744 154 580 174 314 624 347 457 149 300 85 338 434 129 493 474 159 173 364 304 397 30 683 285 415 736 316 729 683 396 513 509 364 765 321 749 208 442 633 446 694 647 325 913 317 396 39 238 340 642 439 708 616 200 187 763 662 274 527 15 744 236 680 647 560 213 742 418 613 378 726 318 541 860 148 211 112 763 945 877 275 735 330 685 722 518 549 851 159 858 894 918 396 234 616 707 924 505 297 503 769 175 715 297 466 883 766 670 687 625 211 618 935 458 542 727 704 637 888 389 353 751 138 827 554 463 702 276 501 230 516 759 282 239 794 703 669 907 242 602 591 97 651 342 641 584 398 817 783 291 722 459 912 301 180 417 209 971 280 624 490 566 330 366 524
510 374 590 360 386 403 476 491 654 344 342 203 624 659 371 313 414 599 167 0 550 504 278 268 717 246 382 629 709 117 349 234 489 270 381 419 590 579 458 646 354 196 51 774 537 318 552 552 491 773 379 301 332 648 541 297 664 578 382 584 503 387 276 426 591 590 221 420 22 354 490 509 296 219 338 90 379 411 67 397 327 316 289 263 223 326 168 561 449 255 603 193 561 622 233 350 365 279 606 215 586 369 314 562 416 542 513 228 751 302 401 163 298 172 577 407 548 449 241 339 683 500 295 380 153 580 271 571 479 492 156 587 314 589 219 570 220 429 696 77 282 83 653 778 710 312 568 354 654 625 351 400 690 93 695 726 751 268 176 462 609 759 356 135 373 608 8 553 448 470 723 627 511 582 478 373 473 768 358 378 570 538 469 722 361 293 638 298 660 409 298 536 163 444 203 383 600 434 330 712 595 523 746 221 443 423 84 489 269 495 532 231 655 629 133 570 293 751 167 292 250 184 805 173 481 491 407 270 343 424
442 765 540 855 696 661 487 334 772 311 892 518 846 334 754 691 516 722 711 550 0 497 276 637 259 322 932 699 321 484 845 664 69 450 468 606 294 74 212 257 896 717 554 265 13 851 650 554 135 227 907 386 304 150 267 252 322 181 589 516 430 584 633 716 394 80 757 356 538 697 538 1058 373 681 829 625 708 805 612 640 250 833 764 592 623 471 701 624 996 401 230 540 209 558 393 201 232 628 57 577 63 918 524 800 796 445 211 595 203 587 840 693 701 390 525 788 366 228 657 890 852 52 644 449 699 312 778 349 215 765 637 68 386 657 423 50 591 327 157 566 709 600 727 295 229 809 139 668 672 758 230 434 140 561 150 275 243 524 532 408 744 222 220 459 525 59 544 22 999 675 172 566 368 373 140 893 156 275 616 316 35 92 162 195 569 501 707 821 167 194 258 276 563 512 568 514 395 985 862 865 361 139 196 574 357 217 614 64 477 471 829 351 108 458 472 447 262 201 521 836 339 676 297 573 484 678 144 504 762 376
806 872 86 856 312 859 814 721 275 240 733 310 366 299 402 368 792 227 646 504 497 0 451 751 445 491 801 203 373 386 575 733 438 650 122 845 747 455 285 354 806 692 547 538 487 643 156 898 567 611 671 222 258 460 703 419 315 656 812 893 71 185 332 306 817 577 581 151 513 838 52 920 235 722 558 589 861 443 517 237 505 805 792 304 369 706 659 127 878 262 705 330 319 939 291 403 535 325 541 335 472 797 208 333 425 82 644 338 601 755 508 657 795 382 894 420 162 270 736 753 357 457 774 124 630 238 545 777 282 326 450 565 635 977 291 546 342 676 542 574 783 587 231 504 466 553 388 828 1021 262 330 109 581 585 556 441 521 252 633 89 249 577 506 373 150 521 495 480 837 911 607 123 138 799 560 855 570 511 243 209 533 412 335 535 786 701 211 784 460 543 379 242 371 809 673 134 182 828 646 369 797 595 615 690 142 289 587 451 668 25 388 332 538 165 372 107 378 612 345 659 318 474 553 370 23 926 455 687 439 708
357 515 526 584 518 446 363 286 693 211 620 305 721 468 550 483 347 636 434 278 276 451 0 384 480 55 657 638 498 235 599 399 221 221 358 413 351 316 253 428 620 441 278 520 263 589 569 447 217 503 648 242 193 392 301 38 467 310 385 445 411 442 427 548 390 312 493 308 263 457 468 782 226 411 585 349 473 599 342 485 65 558 494 391 399 267 425 559 720 223 343 320 343 490 198 91 107 425 330 360 319 642 362 664 596 445 256 379 479 352 618 416 444 142 445 587 406 253 394 616 753 230 397 345 423 403 526 356 274 610 388 309 188 528 222 292 372 233 428 290 447 324 666 534 464 562 324 434 570 670 140 347 416 285 425 492 497 340 268 371 654 493 86 215 394 335 272 282 725 483 448 562 381 375 204 618 202 520 451 246 293 283 238 460 360 277 648 546 407 142 74 352 329 360 307 392 457 711 601 774 380 250 473 317 326 219 338 218 246 430 668 141 383 507 229 464 73 478 293 568 145 426 552 341 429 494 131 271 543 259
381 131 837 245 652 146 321 423 922 550 430 468 890 846 625 573 241 866 247 268 637 751 384 0 863 329 422 893 881 372 548 64 596 192 632 191 542 691 630 811 356 195 217 897 627 472 816 370 529 862 533 532 533 771 505 421 847 584 160 426 737 653 542 692 493 645 398 641 251 87 746 520 523 103 544 217 111 658 298 665 389 252 155 531 488 199 217 823 454 490 587 460 726 450 461 475 406 545 683 483 691 402 577 829 667 776 507 495 837 80 631 208 64 374 413 659 762 627 48 404 951 600 28 627 251 775 476 494 653 758 408 647 262 367 460 636 487 374 795 191 80 198 918 916 845 518 708 88 439 893 514 643 769 174 787 875 874 533 121 694 877 859 417 380 634 695 274 649 501 220 798 875 729 494 517 304 505 900 626 587 643 664 622 831 151 154 903 255 786 448 445 726 431 273 80 642 815 486 486 980 515 551 825 67 664 595 210 590 166 739 793 432 745 855 384 801 442 832 433 425 451 422 929 441 728 243 500 140 589 340
702 994 444 1059 730 906 746 593 699 389 1041 614 809 158 808 755 770 661 885 717 259 445 480 863 0 534 1094 619 95 621 944 879 273 686 482 858 542 187 262 92 1071 905 736 94 263 978 596 813 394 192 1025 460 395 109 523 445 140 425 837 774 375 600 703 735 647 310 892 364 711 932 497 1221 454 888 927 804 946 856 767 659 479 1026 971 663 713 717 883 560 1164 496 471 639 160 815 504 389 474 697 250 667 195 1082 570 778 841 367 469 681 194 823 909 876 924 545 783 835 282 274 874 1047 789 274 874 466 871 207 890 603 242 766 758 298 630 917 530 293 679 585 158 755 927 784 642 64 38 913 155 906 931 694 366 441 218 755 179 16 82 592 748 381 684 153 454 596 543 223 709 239 1151 927 226 455 312 627 399 1085 415 65 649 368 277 201 249 123 815 741 624 1011 93 444 428 218 673 768 787 527 274 1138 986 793 612 396 217 797 350 295 795 282 713 423 830 487 195 325 605 351 432 210 631 975 469 795 108 680 445 932 367 740 831 633
329 461 569 534 528 392 326 273 722 255 586 311 741 523 551 484 301 665 394 246 322 491 55 329 534 0 618 672 553 228 582 346 271 168 391 362 354 366 307 483 578 395 238 572 309 563 600 410 245 549 624 274 237 444 304 93 522 331 333 416 456 464 430 561 378 350 466 353 229 402 503 742 259 360 569 309 418 599 313 502 80 510 443 398 396 218 382 593 679 248 358 322 398 460 220 145 119 429 374 361 369 603 382 682 597 491 268 380 526 297 611 373 390 144 414 588 457 306 341 579 778 278 342 379 384 456 507 348 329 625 372 348 144 485 239 333 373 214 477 247 393 282 700 587 517 545 378 379 532 698 193 384 460 240 472 546 548 355 214 414 682 542 110 211 421 381 242 330 689 432 492 606 430 364 232 571 226 572 466 292 335 336 293 510 308 224 682 500 459 162 124 406 324 317 253 420 508 674 575 801 373 277 517 262 372 273 297 267 192 472 680 165 430 556 225 511 123 523 293 538 175 409 604 337 468 444 178 216 539 231
797 404 881 230 547 550 741 817 843 708 75 503 749 1018 468 460 662 802 224 382 932 801 657 422 1094 618 0 852 1075 473 288 359 871 570 687 610 931 961 832 1017 73 240 380 1155 919 183 783 793 863 1156 203 648 700 1029 887 679 1025 942 582 848 826 631 475 581 902 968 220 765 394 457 769 127 649 321 298 309 477 467 326 604 699 183 280 498 432 604 240 809 76 606 959 479 934 873 592 733 733 482 987 467 969 19 593 697 486 862 870 463 1134 502 402 250 383 552 835 483 892 821 374 48 830 883 443 694 234 937 271 895 852 628 354 966 636 779 569 950 459 759 1079 372 355 337 868 1156 1089 286 948 486 853 813 731 720 1072 383 1078 1101 1132 552 448 790 801 1142 729 497 651 990 389 936 78 620 1105 913 852 900 850 164 842 1147 577 737 950 921 848 1105 573 557 860 171 1041 778 680 899 438 695 434 667 940 63 188 862 918 893 1129 442 787 798 321 871 553 802 628 606 1038 954 488 892 676 1133 475 146 624 327 1185 437 782 644 788 536 417 738
996 1002 174 954 306 1015 998 917 80 434 778 425 213 462 392 392 968 63 741 629 699 203 638 893 619 672 852 0 535 521 584 863 641 820 280 1011 948 654 488 533 874 797 678 713 690 675 76 1083 770 798 685 397 450 651 904 610 480 859 976 1083 270 242 385 276 1015 779 640 352 643 981 171 958 412 845 569 704 1005 413 622 250 696 897 905 377 438 879 761 79 927 427 908 436 514 1129 456 600 730 379 742 422 672 852 316 212 392 260 846 416 791 910 487 761 927 546 1084 392 347 473 870 805 170 660 919 293 727 420 581 976 484 250 529 767 815 1155 446 749 423 869 734 705 911 709 28 672 646 573 585 976 1204 82 528 292 777 719 750 612 700 360 783 293 79 762 701 516 260 721 621 682 870 1074 802 168 334 997 762 939 772 683 283 408 735 613 538 721 951 867 9 874 649 741 570 436 472 988 819 256 345 864 674 173 997 797 806 837 345 493 704 654 835 228 291 507 735 297 510 269 569 803 461 705 496 541 723 465 219 1091 656 850 441 897
758 1012 361 1061 672 938 797 651 615 367 1018 581 732 74 756 708 813 580 876 709 321 373 498 881 95 553 1075 535 0 604 904 890 315 714 430 895 613 246 253 70 1059 902 734 184 321 948 518 869 452 288 990 429 377 184 589 460 58 497 872 835 307 541 659 674 715 384 867 320 706 955 426 1202 427 895 887 798 971 801 753 599 509 1023 977 620 676 751 877 481 1148 470 545 606 154 878 483 407 512 652 325 631 259 1065 523 704 786 292 532 642 289 849 859 871 940 538 843 779 215 260 887 1028 705 322 895 415 861 146 856 670 231 699 730 371 664 969 506 362 642 636 249 755 939 782 556 138 132 875 190 932 990 612 369 389 307 757 269 83 177 550 762 322 603 249 489 580 487 297 701 299 1128 965 319 368 250 694 454 1082 470 151 594 338 346 243 259 217 849 770 539 1007 171 488 436 176 644 814 803 471 193 1116 954 708 682 460 311 814 302 289 790 327 740 353 761 478 279 237 588 272 439 304 604 950 459 765 189 649 377 972 402 766 783 682
542 486 473 476 313 495 522 499 554 236 420 101 541 549 324 258 473 498 275 117 484 386 235 372 621 228 473 521 604 0 365 347 417 321 265 499 581 500 359 544 455 312 161 685 470 368 445 604 452 697 423 185 227 561 531 240 556 546 462 624 386 284 207 349 604 536 276 305 126 459 375 600 181 335 350 206 483 372 149 305 298 430 407 180 169 381 281 451 545 139 579 102 461 666 121 283 340 207 541 138 509 462 205 481 371 424 491 156 676 391 383 277 410 96 620 362 433 348 352 426 592 431 397 263 260 470 295 576 379 416 154 530 342 657 103 512 148 439 619 188 396 200 547 683 617 329 478 454 716 526 264 282 621 200 621 628 662 163 262 344 510 679 322 25 262 538 109 482 530 557 654 510 395 591 439 485 438 675 266 267 508 456 378 640 438 359 531 411 572 377 226 428 96 499 298 270 485 517 378 619 601 485 675 316 327 325 202 420 330 377 465 136 582 512 16 452 221 678 71 357 153 193 714 109 363 576 349 340 311 447
857 595 644 466 280 695 819 839 564 560 214 333 461 837 191 207 750 528 303 349 845 575 599 548 944 582 288 584 904 365 0 489 776 616 479 734 934 852 690 857 334 364 383 1021 831 107 522 890 816 1049 101 485 558 904 885 606 848 909 698 928 617 391 247 307 940 901 150 584 371 618 533 378 492 453 17 341 642 180 283 349 658 404 464 284 230 668 334 553 357 454 940 309 784 963 455 647 700 254 902 277 864 295 382 412 200 648 851 263 1030 612 113 342 541 461 919 198 698 675 503 250 544 792 576 492 297 758 77 919 705 345 211 894 663 910 425 876 264 777 970 396 514 369 596 1008 949 36 819 634 980 535 617 518 979 414 974 948 999 354 505 589 524 1027 685 388 429 897 349 841 290 769 1012 672 659 931 803 421 801 1005 333 577 871 806 721 985 681 629 591 381 913 740 589 730 281 782 515 446 739 285 100 575 944 850 1031 531 602 662 352 780 610 583 340 494 938 739 374 677 585 1034 323 156 506 173 1046 272 559 792 714 605 142 773
440 139 819 196 609 207 383 474 887 545 366 438 847 850 576 527 302 833 186 234 664 733 399 64 879 346 359 863 890 347 489 0 618 233 612 256 592 713 637 822 294 131 186 918 653 410 786 434 564 891 470 519 530 791 553 434 852 626 224 488 725 622 501 650 550 678 339 633 221 130 723 460 511 39 485 168 156 607 252 628 414 194 103 494 446 252 155 796 394 475 632 427 736 514 448 490 437 505 712 446 715 339 548 786 616 764 549 457 867 143 576 147 63 365 476 609 757 632 15 340 912 624 89 608 191 776 419 548 659 714 361 679 304 430 442 667 449 421 821 159 50 156 887 934 863 459 723 144 503 858 520 626 799 147 815 890 895 503 132 682 842 886 444 359 608 723 242 674 438 280 829 856 722 550 551 250 540 919 590 582 672 682 633 855 214 205 873 194 806 480 453 728 394 336 96 617 810 423 424 941 570 589 856 95 656 601 163 613 210 722 747 426 772 846 361 790 450 862 402 362 445 372 950 403 709 304 523 187 538 392
445 726 487 805 627 633 481 339 712 242 829 448 781 312 684 621 499 661 652 489 69 438 221 596 273 271 871 641 315 417 776 618 0 414 401 585 324 95 153 246 838 662 496 300 56 785 589 554 145 284 840 316 235 174 289 193 304 221 564 524 374 516 563 647 414 142 691 293 477 661 477 998 303 632 760 567 675 735 549 572 208 779 715 522 553 444 644 565 937 331 271 470 179 568 323 138 201 558 126 507 98 857 455 734 726 393 228 525 262 552 770 636 659 324 531 718 319 168 611 828 790 18 605 383 639 276 710 370 161 697 570 132 357 654 353 112 521 320 208 510 664 543 669 320 250 741 125 635 676 697 161 369 204 506 206 287 277 455 485 349 682 272 182 392 457 121 482 65 937 654 237 516 315 394 144 840 159 303 547 250 101 73 104 238 542 468 650 767 190 173 192 233 494 499 523 447 355 923 795 804 385 164 259 531 297 151 556 13 442 413 761 282 166 416 405 398 197 262 452 771 270 608 333 504 424 660 95 469 692 366
241 316 731 430 634 225 206 246 863 421 558 421 862 689 635 572 152 806 356 270 450 650 221 192 686 168 570 820 714 321 616 233 414 0 542 196 362 508 474 644 514 330 232 712 440 567 746 284 337 672 631 428 403 589 321 260 687 393 165 314 620 596 526 671 334 453 476 518 247 247 657 683 414 262 606 284 260 678 332 624 207 424 336 502 480 60 333 743 617 393 399 423 561 352 364 307 218 527 492 458 506 552 514 802 681 656 316 475 647 137 672 323 257 274 306 672 625 474 222 540 910 416 195 532 352 624 538 325 495 737 426 455 71 337 374 445 467 190 606 221 269 253 847 735 665 580 533 220 394 837 361 541 578 204 598 700 690 477 122 578 821 671 232 316 561 506 272 463 647 264 607 768 597 330 325 482 313 718 586 458 452 485 456 645 140 56 830 420 605 257 293 574 410 177 140 564 677 632 581 935 348 359 634 138 538 441 272 407 27 632 785 317 556 724 327 677 291 641 393 530 331 455 745 422 627 277 319 54 611 167
716 751 208 734 247 745 717 641 334 165 621 189 381 359 326 278 689 278 524 381 468 122 358 632 482 391 687 280 430 265 479 612 401 542 0 735 683 443 262 391 688 570 426 569 455 536 210 802 510 623 571 117 179 469 636 332 372 605 700 804 139 120 232 256 742 543 468 121 391 719 115 808 132 600 462 467 742 373 395 179 419 683 670 197 259 599 537 202 763 148 651 210 332 849 178 330 454 225 519 220 459 681 97 332 358 175 580 227 608 640 429 534 674 269 803 352 219 245 615 638 399 420 656 18 509 283 440 704 268 299 333 533 534 874 173 513 229 591 547 452 661 464 308 546 495 453 387 710 923 312 261 41 575 464 558 483 549 135 516 109 297 593 426 252 61 503 373 455 727 799 605 245 180 725 501 734 509 547 166 151 502 395 308 550 675 591 290 662 473 470 293 264 252 707 555 46 260 717 541 419 726 541 617 572 132 251 465 412 558 117 364 226 531 267 250 204 291 617 223 548 216 361 589 251 99 816 393 575 353 617
233 237 927 410 804 74 165 313 1050 617 622 600 1038 876 791 733 96 994 437 419 606 845 413 191 858 362 610 1011 895 499 734 256 585 196 735 0 428 673 663 825 541 387 370 871 599 662 936 187 478 814 724 622 599 754 404 451 873 502 37 251 816 781 694 843 351 590 584 714 398 163 850 699 609 295 727 394 154 828 466 804 387 433 332 675 643 146 407 935 635 586 489 598 745 267 557 495 384 696 639 628 668 590 700 977 834 852 428 643 789 122 809 398 228 466 236 826 820 665 240 594 1091 583 167 726 439 815 659 366 684 909 573 596 231 176 565 590 635 287 758 349 255 369 1038 901 832 701 708 129 247 1023 554 736 720 330 746 872 850 660 243 774 1007 820 406 499 751 658 424 623 688 70 744 964 793 358 469 478 454 882 764 654 601 658 641 800 60 144 1021 440 771 414 487 764 577 117 221 755 870 674 676 1118 381 490 772 204 734 632 384 575 176 828 952 512 705 919 507 873 485 780 568 616 527 594 904 589 822 81 493 160 759 240
202 645 805 787 868 499 268 119 1013 518 912 656 1060 628 901 834 332 958 711 590 294 747 351 542 542 354 931 948 613 581 934 592 324 362 683 428 0 367 471 551 876 691 567 519 296 907 887 304 181 431 969 574 503 434 49 362 617 116 428 247 688 783 778 897 108 232 811 595 569 568 777 1045 558 623 922 632 569 950 658 830 285 785 694 742 748 342 691 869 979 566 75 670 499 282 545 352 243 776 292 710 353 912 706 1006 946 712 102 730 409 467 965 681 604 491 260 938 642 483 580 898 1082 309 535 666 704 599 858 69 483 956 726 243 294 410 571 251 723 171 400 566 622 601 976 564 507 897 433 533 405 994 422 660 346 552 382 559 503 689 482 657 978 450 266 563 729 319 587 316 1007 482 360 836 635 89 186 842 176 540 797 540 267 382 425 445 417 388 957 782 449 214 395 557 677 311 502 723 679 992 919 1101 71 159 386 498 605 458 619 310 383 722 1016 488 351 740 577 720 399 396 643 876 488 762 548 689 729 476 291 404 892 202
516 821 488 900 682 724 559 407 730 299 916 520 814 263 746 685 584 682 743 579 74 455 316 691 187 366 961 654 246 500 852 713 95 508 443 673 367 0 180 184 930 755 588 205 76 868 611 627 208 197 921 376 297 81 342 286 251 252 654 590 385 562 629 697 468 142 776 324 569 755 500 1088 366 727 836 659 768 797 637 620 302 873 810 587 625 534 737 582 1028 399 301 543 147 632 397 230 291 623 90 578 17 948 510 771 786 396 285 595 177 645 838 729 754 411 598 778 312 197 707 917 812 91 700 424 731 251 789 423 176 742 650 129 448 730 427 117 592 398 118 603 759 636 681 228 159 818 73 728 746 717 236 406 132 600 122 202 182 517 581 369 704 180 275 474 502 66 572 53 1025 741 163 512 320 447 212 934 228 210 600 296 100 48 136 144 633 561 662 861 98 258 281 221 571 581 619 489 335 1011 878 824 435 213 180 626 321 197 649 101 535 429 807 363 89 397 487 394 285 181 528 857 349 688 238 580 445 746 190 562 759 446
565 762 334 807 502 699 589 467 560 130 779 356 636 216 570 512 589 509 626 458 212 285 253 630 262 307 832 488 253 359 690 637 153 474 262 663 471 180 0 188 811 650 481 331 202 718 438 668 290 366 766 205 134 215 432 214 216 373 636 649 220 382 456 517 553 291 631 144 454 707 325 959 197 642 673 546 725 620 506 440 279 771 723 415 459 517 625 412 903 236 423 381 103 694 242 168 294 451 259 412 196 821 332 591 609 241 371 428 350 605 665 619 688 286 654 601 173 16 634 785 639 171 646 243 611 151 632 510 22 561 498 280 433 761 269 261 425 434 288 501 687 529 516 324 260 657 130 686 793 545 116 225 313 503 297 269 309 344 510 196 531 339 266 334 322 242 450 196 889 733 343 364 163 534 285 829 298 318 420 117 248 133 49 297 612 530 496 755 223 287 185 101 414 597 551 309 216 876 726 653 528 314 357 563 145 35 538 166 499 260 626 227 269 274 343 248 188 357 371 714 208 535 358 421 272 743 192 523 587 475
690 943 358 995 638 868 727 583 612 308 962 529 719 84 717 666 742 573 813 646 257 354 428 811 92 483 1017 533 70 544 857 822 246 644 391 825 551 184 188 0 998 838 669 183 256 895 506 800 385 267 940 375 317 135 524 391 69 436 801 768 284 508 614 643 651 325 811 274 642 885 406 1144 371 828 840 734 901 765 692 567 439 959 910 575 627 680 814 471 1089 414 485 554 86 811 424 337 441 608 268 581 198 1006 481 687 750 277 466 594 262 779 819 807 871 474 776 743 191 197 818 970 701 254 825 375 799 115 806 606 166 674 676 312 594 900 449 301 593 566 212 689 871 717 556 154 113 827 121 862 922 606 301 350 265 691 231 91 167 504 693 289 595 229 418 520 451 241 638 235 1072 895 283 372 219 630 387 1018 403 157 557 283 284 175 189 191 778 699 538 943 126 419 368 127 590 744 734 435 188 1059 903 706 618 395 281 744 259 223 726 258 670 331 738 414 231 244 528 263 371 276 549 895 396 712 200 596 353 902 331 696 742 612
735 332 888 157 572 479 677 761 871 692 125 500 786 1005 501 483 597 826 187 354 896 806 620 356 1071 578 73 874 1059 455 334 294 838 514 688 541 876 930 811 998 0 185 342 1128 883 226 802 726 819 1123 260 637 682 1001 834 645 1011 894 514 782 824 644 490 608 843 927 233 756 362 386 778 168 636 258 340 271 405 507 306 623 657 111 209 508 442 543 195 825 103 593 908 477 914 806 576 700 689 497 950 471 936 54 598 731 524 862 821 470 1100 437 447 204 313 526 769 520 884 801 309 86 865 849 376 693 200 925 301 838 832 660 356 926 582 709 556 911 465 704 1047 330 285 296 891 1132 1064 324 922 415 782 841 705 718 1036 338 1045 1080 1105 554 394 787 828 1111 687 479 658 955 361 901 148 549 1068 922 845 841 806 94 798 1122 593 723 912 891 823 1075 507 497 882 101 1014 734 650 884 436 630 375 673 934 134 235 896 860 848 1093 382 778 776 282 837 495 805 667 584 1003 953 471 891 646 1098 469 179 602 336 1159 436 785 573 751 476 450 680
558 233 778 164 519 338 505 577 810 540 236 383 754 854 473 432 427 759 62 196 717 692 441 195 905 395 240 797 902 312 364 131 662 330 570 387 691 755 650 838 185 0 169 957 704 279 721 562 635 944 339 497 527 829 648 469 859 708 355 613 697 555 417 559 662 744 215 616 196 255 673 354 492 92 361 106 279 497 176 551 473 120 111 420 362 364 36 736 288 451 722 366 752 641 429 525 504 422 769 374 760 221 492 694 509 736 635 380 921 271 458 35 178 364 601 502 744 642 147 213 824 671 221 571 74 776 298 655 671 621 271 743 397 562 415 728 374 520 870 151 150 121 819 964 895 337 753 274 635 781 539 592 856 155 866 915 933 446 209 656 766 934 504 332 554 776 205 723 317 411 888 814 707 660 621 180 613 953 515 574 731 719 656 900 343 318 806 105 842 549 478 731 327 460 194 566 796 302 293 855 678 663 913 204 639 614 112 659 313 686 646 425 824 824 328 764 474 919 348 230 444 271 988 333 670 435 572 296 429 497
473 326 634 327 437 352 436 463 705 374 349 252 675 687 420 363 370 650 156 51 554 547 278 217 736 238 380 678 734 161 383 186 496 232 426 370 567 588 481 669 342 169 0 788 541 340 601 509 483 780 403 338 361 661 520 303 691 565 333 545 543 437 327 477 560 588 246 456 35 304 536 504 332 175 374 71 328 458 100 448 318 290 250 314 274 285 148 610 442 293 586 243 583 581 268 358 354 330 608 266 594 365 362 613 464 582 496 279 757 252 444 140 249 196 536 455 583 473 192 341 734 506 244 423 146 610 306 543 502 543 203 585 282 542 259 569 271 402 704 26 235 48 702 795 726 348 584 303 608 676 369 442 694 42 702 746 765 317 128 501 660 768 349 175 421 612 57 559 451 420 726 671 546 553 470 349 463 784 409 410 570 551 487 733 312 249 688 275 674 399 310 564 214 401 152 430 635 436 353 763 568 514 751 170 478 445 60 494 227 538 583 257 661 667 175 609 305 756 217 308 276 227 819 224 524 441 409 225 389 392
