6
0 234 606 86 305 268
234 0 445 320 84 312
606 445 0 674 460 431
86 320 674 0 391 295
305 84 460 391 0 394
268 312 431 295 394 0
