187
0 367 187 255 636 432 552 358 122 421 355 31 687 417 574 582 425 544 584 677 277 103 202 658 400 477 279 531 629 327 241 671 611 668 187 621 362 302 244 341 205 488 201 292 213 410 680 192 262 601 303 630 455 301 577 412 315 31 522 600 260 436 373 733 289 85 304 324 245 433 680 287 557 235 666 531 320 471 182 284 506 378 86 640 461 352 307 112 259 191 108 696 348 181 503 332 533 699 330 671 504 546 393 111 454 475 447 655 554 237 492 313 281 825 369 606 195 384 595 639 896 347 633 224 304 733 352 486 298 820 134 259 451 636 314 910 463 369 151 85 772 567 664 392 592 349 527 121 232 431 529 224 316 510 422 529 537 328 558 253 154 426 314 597 371 341 648 526 628 313 234 659 361 581 489 418 273 597 327 80 541 608 407 416 276 678 445
367 0 248 598 706 69 413 715 363 601 94 357 683 473 312 668 126 787 274 728 567 470 165 325 753 783 397 717 567 222 234 898 458 659 284 722 429 506 553 331 180 835 473 619 464 773 738 518 539 839 593 944 149 277 838 444 126 337 557 779 475 546 160 779 578 306 273 692 500 716 688 149 838 200 1006 858 676 832 539 627 142 129 280 484 745 633 298 337 192 190 259 1034 129 537 830 381 855 761 77 888 139 643 297 262 507 529 680 977 528 151 143 676 407 871 591 581 426 266 524 735 915 714 722 591 631 847 698 583 604 869 481 623 556 449 239 927 443 247 515 429 719 671 594 315 395 578 187 487 326 114 321 236 675 654 668 875 236 544 235 585 283 592 656 342 4 40 814 883 659 644 509 999 443 763 483 778 492 388 225 308 758 934 332 123 348 322 748
187 248 0 442 755 317 572 539 123 573 284 161 777 517 531 706 351 720 513 790 459 269 134 572 582 664 170 690 691 332 269 844 628 755 260 751 462 263 308 400 76 672 373 480 378 585 796 280 439 776 485 818 380 120 757 501 150 172 621 758 415 561 195 846 330 102 343 485 414 616 775 118 741 238 851 719 503 648 367 471 366 321 129 657 645 533 359 102 257 171 131 882 178 315 690 187 721 817 183 842 364 672 417 152 556 579 617 842 628 97 391 490 397 940 347 683 178 395 651 769 1001 506 759 384 388 872 538 609 357 936 257 434 575 637 127 1015 533 376 303 211 843 696 723 425 586 515 433 301 321 272 513 256 497 653 596 714 470 300 478 441 231 573 418 559 252 241 803 705 730 500 410 844 239 739 567 596 245 585 140 107 710 795 444 344 134 569 631
255 598 442 0 563 655 641 124 352 313 559 281 659 420 728 509 622 342 762 611 115 191 436 845 156 232 501 384 654 480 402 468 696 647 335 526 385 471 337 431 456 237 156 51 179 193 608 290 134 396 119 377 649 553 356 436 567 276 503 445 217 388 628 662 387 340 430 181 168 213 645 540 323 419 412 276 87 241 80 29 740 570 332 721 235 155 418 355 439 408 347 442 600 219 247 564 279 621 575 476 737 472 508 338 445 458 275 400 571 486 703 112 310 742 504 609 390 515 633 546 824 198 545 157 336 611 100 430 368 736 244 97 401 738 569 839 504 509 192 257 766 481 686 497 707 222 729 149 333 678 663 390 94 406 243 278 717 481 747 28 321 329 307 744 602 565 497 288 585 61 141 405 577 426 511 190 444 718 583 335 364 352 504 613 512 883 204
636 706 755 563 0 713 381 646 754 250 614 664 137 240 566 55 623 349 648 49 449 668 643 724 644 495 904 221 241 484 501 357 393 144 495 58 294 938 851 378 706 655 460 523 438 711 45 795 436 355 445 593 628 870 406 264 777 625 150 214 385 199 841 100 903 688 439 743 421 424 115 773 453 539 725 590 626 722 601 570 807 587 636 396 433 422 416 736 531 596 626 729 803 742 578 940 570 62 748 332 804 92 413 605 203 179 319 638 208 717 701 666 360 189 1000 182 831 445 263 51 264 757 36 708 879 151 595 150 897 184 732 661 184 449 857 279 268 462 704 707 249 82 250 394 463 341 693 634 434 821 487 509 641 160 347 669 626 963 667 535 525 234 860 557 708 667 200 732 75 535 445 718 983 217 229 694 910 482 858 684 286 628 378 619 884 803 481
432 69 317 655 713 0 391 774 433 632 108 423 677 489 264 679 95 824 214 731 616 535 230 257 811 830 464 744 553 238 272 929 429 653 331 734 450 574 622 348 249 891 523 673 512 834 742 587 587 874 642 992 106 338 877 457 188 402 563 804 517 567 207 779 647 374 296 756 547 760 684 215 881 243 1060 910 735 892 599 684 97 126 345 454 790 680 321 406 230 248 323 1086 182 605 882 443 905 764 141 918 94 657 300 324 519 541 716 1026 524 221 76 737 440 869 659 575 496 268 510 746 907 779 732 656 701 858 755 599 673 867 549 686 575 412 299 918 446 252 581 496 701 685 578 319 360 618 121 550 364 130 288 278 735 676 708 931 181 612 173 641 335 620 725 294 65 91 835 942 660 698 558 1053 505 789 485 838 560 350 283 376 790 985 335 97 414 252 796
552 413 572 641 381 391 0 762 633 433 323 567 303 251 186 368 296 627 272 381 545 635 438 343 782 710 742 507 168 240 317 692 58 279 365 422 263 820 796 217 500 833 486 628 462 832 395 744 516 660 560 855 288 657 690 221 523 525 251 544 426 329 571 419 839 555 247 807 476 627 315 532 717 338 963 808 727 871 630 664 470 284 500 87 651 573 245 607 316 405 479 979 537 721 786 752 794 416 479 672 468 363 160 461 252 260 539 898 172 494 354 752 331 500 900 207 716 177 128 426 525 828 410 730 855 532 721 331 850 499 684 719 327 97 629 535 157 196 684 638 310 389 188 160 85 478 333 621 329 518 113 333 736 421 549 863 257 855 296 615 398 412 857 176 412 384 556 904 311 652 501 956 809 536 177 825 797 104 621 554 572 870 146 296 704 424 682
358 715 539 124 646 774 762 0 434 400 681 379 754 532 853 595 745 367 887 695 220 271 551 969 44 214 567 445 763 605 526 481 816 745 459 603 502 514 363 554 563 136 280 135 302 70 690 331 247 412 211 316 773 640 359 552 674 383 607 496 335 489 731 743 406 439 555 125 285 241 738 645 312 542 314 209 39 117 177 99 857 693 441 840 249 224 542 443 562 526 459 347 706 260 185 635 221 700 686 495 854 560 632 453 554 563 334 326 681 595 825 57 431 815 527 715 453 639 745 622 900 128 624 179 334 670 52 526 378 808 305 109 501 859 662 915 620 634 250 336 865 564 794 620 829 315 852 238 458 789 787 514 42 486 303 177 842 514 871 147 444 420 291 868 719 683 546 168 679 115 260 308 637 479 624 65 489 841 678 435 407 276 627 736 589 1006 201
122 363 123 352 754 433 633 434 0 543 382 91 797 528 623 701 453 662 616 794 394 164 218 681 478 583 158 654 729 395 316 790 691 777 280 741 473 190 189 435 183 569 323 396 335 473 798 157 381 719 418 729 483 206 691 520 273 129 634 722 382 555 317 850 219 77 388 367 367 546 792 241 667 297 749 626 400 537 272 378 488 414 134 721 573 467 398 28 320 234 154 781 302 194 598 214 630 817 304 791 486 665 473 172 567 589 567 749 659 212 503 381 395 943 267 712 83 457 693 760 1011 387 753 267 268 855 440 604 241 938 137 326 570 709 231 1026 565 440 187 98 876 687 763 476 661 471 544 203 335 395 592 300 392 632 541 611 571 222 584 357 245 548 295 649 368 349 771 595 742 413 355 742 239 703 594 486 165 663 249 79 662 700 493 444 161 685 552
421 601 573 313 250 632 433 400 543 0 523 452 354 182 582 196 559 200 646 298 199 433 489 731 403 284 700 118 381 396 368 297 475 346 331 215 192 715 613 292 542 428 225 273 209 467 295 559 188 245 194 422 576 694 261 215 635 417 218 185 161 106 703 349 665 488 336 493 182 202 338 622 284 404 535 384 378 486 354 319 729 511 445 492 222 176 312 530 408 442 442 549 666 500 365 747 368 308 619 286 726 160 365 422 183 183 106 465 303 562 647 417 194 431 770 326 613 390 374 235 512 507 233 460 634 315 349 129 656 425 497 410 112 528 691 527 275 397 463 480 467 168 409 346 515 90 655 394 278 710 502 368 392 95 120 451 610 736 649 284 350 21 613 586 604 560 229 505 278 287 202 528 781 167 261 452 686 532 697 483 158 440 341 552 690 794 260
355 94 284 559 614 108 323 681 382 523 0 352 589 384 247 577 71 715 233 635 512 458 164 303 716 725 449 636 473 132 166 820 370 565 228 632 343 547 569 243 208 793 421 573 408 743 645 528 483 765 538 887 101 344 769 354 201 323 464 696 410 460 249 685 601 313 188 674 442 654 594 215 773 141 959 807 642 799 509 588 205 39 272 398 683 574 213 354 124 163 248 984 214 534 780 445 801 668 156 809 203 553 203 244 416 438 608 922 434 191 143 648 332 777 632 487 456 172 430 644 821 697 631 577 644 756 658 494 623 775 482 599 469 367 311 833 350 153 506 429 626 581 501 221 314 510 173 467 256 207 239 173 644 569 600 832 189 585 204 543 237 512 662 275 94 61 729 848 566 599 455 952 505 681 389 746 529 310 301 314 681 881 238 62 404 326 691
31 357 161 281 664 423 567 379 91 452 352 0 712 442 579 611 423 575 584 705 308 114 194 656 422 506 248 562 651 337 252 702 625 693 203 650 387 275 229 360 187 511 232 320 244 428 708 181 293 632 333 658 454 272 607 436 295 42 547 631 290 465 351 761 272 60 319 336 276 463 705 266 587 241 690 558 342 491 206 310 493 378 80 655 491 382 324 80 266 190 104 721 328 182 529 300 560 727 314 703 491 575 407 112 480 501 478 681 577 219 487 332 307 853 344 629 167 395 616 669 923 359 662 235 296 763 376 514 284 849 129 277 479 648 287 938 485 380 158 76 795 596 685 407 603 381 523 141 253 414 538 235 337 541 453 553 538 303 557 281 169 456 310 603 361 333 679 546 654 340 266 683 330 612 512 438 247 607 301 55 573 634 423 415 244 672 474
687 683 777 659 137 677 303 754 797 354 589 712 0 269 488 170 582 483 574 104 544 736 653 641 757 621 937 352 137 469 509 494 297 24 522 195 324 986 917 378 717 777 535 624 511 822 119 862 525 491 545 728 580 883 541 278 772 670 165 351 458 272 831 121 968 725 437 840 502 546 22 773 587 544 858 718 730 840 684 670 764 556 669 291 558 531 419 776 531 608 655 863 794 816 705 964 699 134 736 469 761 199 386 634 232 212 440 773 155 723 651 767 406 196 1056 102 878 417 174 186 231 856 173 794 955 260 704 229 967 196 797 754 258 348 864 244 246 436 777 765 115 204 131 370 375 440 634 706 463 796 416 520 744 278 465 795 559 1015 599 630 554 334 942 473 683 647 336 854 76 640 528 851 1013 354 210 807 959 393 862 721 419 761 352 579 910 725 604
417 473 517 420 240 489 251 532 528 182 384 442 269 0 402 196 406 381 471 272 312 470 403 555 546 459 672 271 234 252 260 460 296 251 258 249 56 717 649 142 466 589 277 397 252 603 279 594 286 419 322 604 417 630 442 35 537 400 105 321 204 85 602 328 699 458 201 598 253 376 263 532 467 298 712 558 501 634 430 437 585 363 403 316 400 327 177 508 292 356 391 728 564 551 537 704 544 300 509 444 583 169 197 369 38 61 288 646 151 476 490 532 136 422 786 195 609 226 213 263 485 616 251 538 691 374 487 110 700 418 530 509 89 347 617 499 94 239 513 496 360 197 266 177 333 230 491 443 197 588 321 268 513 192 298 617 438 745 478 392 289 163 682 405 475 433 348 662 214 418 280 705 750 309 91 592 690 349 617 454 330 619 167 400 648 622 432
574 312 531 728 566 264 186 853 623 582 247 579 488 402 0 549 186 782 87 567 650 672 405 158 880 841 697 672 351 252 338 860 197 465 403 604 392 794 805 307 455 944 573 727 553 921 582 760 619 821 671 995 162 586 843 367 437 543 429 716 531 487 469 605 841 549 297 873 577 760 501 457 864 339 1091 935 815 968 697 754 319 210 501 213 787 694 311 595 314 391 477 1111 440 754 910 689 924 603 389 843 317 540 226 466 415 429 685 1036 357 438 203 831 434 684 878 393 700 213 314 610 703 895 594 783 875 717 819 499 860 684 707 789 488 161 550 712 319 218 722 656 479 567 365 242 116 607 168 670 395 393 81 353 821 589 689 979 88 832 119 705 429 564 888 29 309 298 733 1009 498 752 598 1084 751 706 350 918 775 100 538 549 733 1003 243 192 651 237 810
582 668 706 509 55 679 368 595 701 196 577 611 170 196 549 0 591 313 629 102 394 613 597 707 594 451 852 182 247 446 456 339 388 170 446 56 247 884 796 337 658 608 405 469 383 660 100 740 381 326 391 558 598 821 373 223 733 572 120 190 330 146 798 155 847 636 397 689 366 377 150 727 417 494 687 548 574 674 546 516 774 552 585 395 388 370 373 684 488 549 576 694 760 687 535 890 529 116 706 316 771 37 380 554 160 138 271 603 197 671 672 613 309 243 946 185 778 411 261 67 319 704 55 654 824 179 543 97 842 238 677 606 131 445 810 334 238 427 649 652 285 33 264 360 452 287 666 578 385 782 468 463 589 110 298 625 603 909 644 480 474 179 805 543 669 628 190 686 95 483 390 680 932 189 202 644 856 471 811 632 250 590 346 586 833 783 435
425 126 351 622 623 95 296 745 453 559 71 423 582 406 186 591 0 756 163 638 569 528 235 232 779 778 513 668 457 164 222 855 336 558 288 647 371 614 640 269 276 854 479 634 464 809 650 599 538 804 593 939 30 399 812 372 251 394 473 725 461 486 286 686 672 384 224 743 496 704 590 270 821 203 1017 863 706 863 576 651 183 53 343 361 733 627 248 425 183 234 319 1041 255 605 836 503 856 672 202 843 181 571 210 314 433 454 650 975 430 255 87 714 375 775 699 480 525 180 415 657 812 766 643 646 715 770 720 515 694 774 553 666 494 323 364 823 355 166 577 500 606 599 482 231 270 556 106 536 307 222 196 232 709 596 645 892 119 652 133 605 301 546 733 216 124 112 754 911 568 659 511 1009 564 711 394 811 597 262 351 385 718 937 245 9 466 260 745
544 787 720 342 349 824 627 367 662 200 715 575 483 381 782 313 756 0 847 394 267 518 659 932 347 165 819 131 549 592 553 128 664 484 506 293 393 808 679 491 703 327 346 290 343 416 384 631 282 57 244 245 774 840 62 415 806 550 391 146 316 298 872 427 729 624 532 488 306 130 462 788 104 587 375 248 364 407 414 331 920 706 591 679 117 196 508 656 595 615 595 380 838 561 242 875 226 385 796 134 917 292 566 577 375 368 107 289 481 727 844 408 383 480 846 489 717 590 552 307 566 494 316 497 676 319 318 300 710 472 579 429 299 719 844 580 471 597 532 579 597 280 571 547 711 210 854 475 461 892 702 551 381 215 124 332 810 820 849 323 517 218 642 786 790 747 190 402 409 287 310 369 899 135 451 394 779 728 853 618 63 279 542 749 820 995 167
584 274 513 762 648 214 272 887 616 646 233 584 574 471 87 629 163 847 0 652 695 685 398 85 918 894 671 742 438 283 361 932 284 551 429 685 454 776 803 360 438 987 611 767 593 953 666 761 664 889 717 1051 133 551 907 436 400 552 508 790 579 556 420 691 835 546 337 895 621 815 587 424 924 353 1141 985 848 1004 724 790 248 206 504 299 843 744 355 588 330 394 480 1163 397 765 959 655 976 687 351 915 246 618 281 473 488 503 747 1091 440 416 141 860 484 771 860 479 688 261 400 691 790 918 676 801 877 800 857 573 857 770 714 815 559 245 512 799 394 260 735 661 566 645 452 300 203 662 98 689 432 335 161 375 853 661 747 1023 46 814 43 742 449 629 894 108 270 272 810 1048 582 792 640 1133 717 779 427 953 759 186 497 547 801 1055 305 171 622 154 862
677 728 790 611 49 731 381 695 794 298 635 705 104 272 567 102 638 394 652 0 497 713 675 724 693 543 942 268 227 507 531 393 385 118 530 101 328 979 895 404 738 703 505 571 483 760 15 840 483 396 493 637 641 903 450 292 805 665 173 255 430 242 867 56 947 726 465 791 467 472 82 802 499 568 770 637 675 771 648 618 822 606 673 385 481 471 443 775 559 628 662 773 829 787 626 976 617 35 773 367 820 139 432 641 233 210 367 682 212 747 714 715 399 150 1043 174 872 463 256 87 219 806 78 756 925 158 644 192 942 146 776 709 227 440 888 234 285 481 750 750 209 131 230 413 460 389 702 679 469 843 491 540 690 209 396 717 632 1005 673 583 560 282 907 556 729 690 235 781 71 584 491 763 1021 261 245 743 951 479 888 722 331 674 397 635 920 805 530
277 567 459 115 449 616 545 220 394 199 512 308 544 312 650 394 569 267 695 497 0 254 418 779 236 215 551 281 544 413 347 396 598 533 285 413 283 544 426 345 452 294 94 84 104 290 494 374 31 324 26 377 593 577 299 332 561 287 390 346 120 273 626 548 477 360 357 296 74 157 530 539 282 372 448 294 189 325 160 127 708 515 333 621 186 74 340 389 388 380 341 472 594 309 267 608 288 507 559 398 705 357 425 326 334 345 179 410 461 480 654 224 218 630 589 497 450 437 525 433 711 312 432 262 439 504 176 315 464 623 317 212 286 643 585 726 400 435 275 312 652 367 575 411 616 108 674 211 263 660 580 339 202 293 150 328 651 560 685 86 283 215 414 663 571 530 397 360 470 106 57 440 631 327 403 281 515 629 596 354 274 369 415 560 553 826 181
103 470 269 191 668 535 635 271 164 433 458 114 736 470 672 613 528 518 685 713 254 0 305 761 315 423 309 531 695 422 335 647 694 720 274 644 419 290 182 419 302 406 209 238 230 315 714 127 250 575 274 566 558 369 541 472 409 134 571 598 283 471 463 768 234 173 391 222 250 395 727 380 512 334 585 462 236 379 111 215 608 480 190 722 420 322 390 172 358 294 212 617 441 85 434 373 467 730 429 651 605 576 480 214 505 523 433 585 616 334 596 220 334 857 337 665 200 474 665 664 932 244 660 120 223 748 276 520 230 851 64 165 487 723 390 947 530 462 50 66 830 593 729 476 682 349 631 43 307 529 623 319 229 527 404 448 639 306 661 200 244 442 221 694 474 445 649 435 671 253 230 579 386 579 551 326 261 689 406 168 528 536 489 519 323 782 394
202 165 134 436 643 230 438 551 218 489 164 194 653 403 405 597 235 659 398 675 418 305 0 465 590 633 304 607 560 198 144 777 493 630 158 646 349 391 405 274 65 674 324 461 320 608 682 365 392 713 445 794 265 230 704 382 147 172 502 674 343 458 214 729 437 149 215 526 358 572 652 133 697 108 848 703 512 667 374 466 306 195 115 522 602 489 234 190 124 47 94 876 179 376 675 317 701 703 141 771 303 566 284 98 441 464 552 824 501 73 293 510 299 824 474 557 294 261 519 662 880 549 652 426 480 770 537 503 459 820 321 458 471 503 213 894 407 242 351 268 713 592 592 293 452 448 330 321 215 243 381 134 511 559 536 715 353 427 367 426 141 484 500 432 169 139 715 720 612 485 362 841 372 656 443 614 370 452 214 150 638 780 312 226 267 478 599
658 325 572 845 724 257 343 969 681 731 303 656 641 555 158 707 232 932 85 724 779 761 465 0 1001 980 722 826 504 366 443 1015 345 619 510 762 539 831 870 445 499 1071 695 851 677 1035 738 830 748 973 802 1137 202 595 992 519 445 626 587 872 664 640 455 760 899 615 422 974 705 901 656 473 1009 431 1226 1070 930 1087 804 873 260 281 576 356 928 830 440 653 409 467 552 1248 437 838 1044 699 1061 759 399 998 259 698 367 547 570 585 832 1176 515 474 181 941 569 836 916 549 749 347 469 768 850 996 752 878 946 875 941 655 922 837 785 895 642 299 554 858 475 345 809 732 622 725 515 385 266 748 138 767 516 361 238 456 934 744 833 1107 128 869 99 825 529 714 965 168 321 331 890 1132 655 876 724 1218 761 862 507 1035 816 247 538 616 885 1141 390 241 671 86 947
400 753 582 156 644 811 782 44 478 403 716 422 757 546 880 594 779 347 918 693 236 315 590 1001 0 187 612 436 774 635 559 455 835 750 491 598 520 557 406 578 604 91 307 154 327 69 687 375 266 389 223 274 806 684 332 568 715 424 615 482 355 497 773 738 448 482 583 161 307 227 740 687 282 576 270 167 79 89 217 128 895 726 482 858 230 227 569 487 596 563 499 303 748 304 146 680 181 695 726 471 893 560 657 492 565 573 327 282 692 636 860 101 453 807 568 724 497 666 759 616 893 159 620 223 373 658 61 531 419 800 349 153 508 879 706 908 636 662 295 380 870 563 804 644 852 322 886 281 486 829 812 547 86 484 297 132 873 557 903 175 478 423 329 895 757 720 531 131 681 130 283 264 682 466 637 49 533 864 721 477 392 233 650 770 633 1039 180
477 783 664 232 495 830 710 214 583 284 725 506 621 459 841 451 778 165 894 543 215 423 633 980 187 0 733 275 665 618 559 268 756 618 499 443 452 701 559 535 665 163 310 186 318 254 534 518 244 202 189 161 801 779 145 489 774 492 501 309 317 390 839 582 606 562 559 340 283 83 602 751 97 587 253 99 222 241 312 210 923 725 543 775 63 151 540 583 601 596 553 270 808 445 83 796 84 539 774 284 920 423 615 540 467 468 183 197 588 693 865 264 410 641 727 608 623 633 659 460 728 342 466 371 542 484 172 411 583 634 476 297 397 807 791 742 554 634 423 489 737 418 691 599 789 234 883 381 471 876 765 552 238 343 164 173 853 708 888 226 499 306 503 850 786 745 355 239 545 170 273 245 810 295 544 231 674 804 804 557 219 161 599 770 744 1032 34
279 397 170 501 904 464 742 567 158 700 449 248 937 672 697 852 513 819 671 942 551 309 304 722 612 733 0 811 857 502 435 947 798 916 415 894 615 119 239 564 244 703 481 547 493 595 946 244 539 876 575 874 541 136 847 659 276 282 776 880 538 705 286 998 233 215 510 479 525 702 933 248 821 407 881 768 537 659 421 525 489 487 268 827 728 624 524 169 426 339 281 914 291 309 741 69 775 966 322 949 488 816 586 302 710 733 725 891 792 258 540 511 543 1091 199 846 114 565 818 912 1157 496 904 390 316 1010 581 754 269 1087 263 459 720 807 178 1171 697 546 318 244 1008 839 890 594 755 629 584 352 474 383 682 421 527 787 699 744 630 156 633 509 382 703 359 725 401 400 928 718 886 562 513 875 81 861 729 612 118 754 198 219 820 841 612 506 52 707 704
531 717 690 384 221 744 507 445 654 118 636 562 352 271 672 182 668 131 742 268 281 531 607 826 436 275 811 0 419 507 484 189 540 352 449 167 296 819 707 399 660 437 331 337 318 505 259 654 281 153 267 376 683 810 193 306 754 530 263 68 275 186 821 306 759 602 448 554 287 209 331 740 235 521 505 369 432 509 441 383 842 621 561 553 214 230 423 642 524 561 559 511 784 590 358 861 349 263 736 174 839 161 466 539 257 247 111 421 353 680 755 475 311 371 869 358 720 493 423 184 456 565 190 540 719 226 393 176 746 364 595 481 183 596 808 471 354 503 556 584 467 148 440 446 592 183 760 490 395 827 590 485 448 87 144 449 709 837 749 359 468 124 692 672 719 676 117 514 277 343 302 498 893 49 329 485 790 610 814 597 69 408 438 661 804 894 264
629 567 691 654 241 553 168 763 729 381 473 651 137 234 351 247 457 549 438 227 544 695 560 504 774 665 857 419 0 366 421 587 160 115 449 293 277 920 870 294 625 808 511 628 486 833 243 815 519 570 551 791 453 788 611 224 666 608 163 438 438 278 721 257 918 653 347 832 487 583 152 671 649 452 913 764 733 861 663 670 636 438 596 157 602 549 333 705 435 520 579 924 684 779 746 877 747 262 626 564 634 258 279 559 209 201 482 836 82 625 521 766 362 333 995 61 812 307 42 291 356 850 276 770 918 385 716 254 923 333 752 743 269 213 765 367 165 327 741 713 153 277 34 267 237 452 501 672 397 677 282 435 745 333 501 832 425 952 464 625 484 359 911 336 567 534 436 884 166 648 514 906 930 435 145 821 894 256 760 650 488 817 248 456 825 588 642
327 222 332 480 484 238 240 605 395 396 132 337 469 252 252 446 164 592 283 507 413 422 198 366 635 618 502 507 366 0 86 693 297 446 151 500 211 580 567 110 262 704 328 484 310 671 517 517 382 640 436 778 183 423 648 222 302 298 335 565 300 328 361 559 607 318 60 620 339 542 472 305 657 98 861 706 566 721 445 507 335 114 264 326 571 467 84 368 75 164 242 884 324 506 679 514 698 539 267 681 332 421 87 226 285 307 486 815 315 259 252 580 211 652 661 369 477 63 324 513 701 642 500 530 632 625 574 362 621 650 461 537 337 313 399 713 224 44 472 412 520 449 397 99 266 393 264 418 150 336 202 103 571 438 481 741 238 615 271 459 177 383 640 272 223 182 597 765 439 509 357 853 570 551 263 670 557 270 395 316 555 778 118 156 465 413 585
241 234 269 402 501 272 317 526 316 368 166 252 509 260 338 456 222 553 361 531 347 335 144 443 559 559 435 484 421 86 0 663 375 487 67 507 208 505 482 131 208 632 257 412 243 592 538 432 317 605 372 721 247 374 605 238 278 212 358 548 244 321 343 585 524 238 74 536 276 488 508 271 608 38 795 642 487 644 362 431 367 168 183 404 517 408 90 290 42 99 162 820 305 419 615 457 636 560 254 654 365 426 156 144 298 321 446 756 359 216 306 499 173 680 584 414 399 143 382 522 736 558 511 445 546 631 499 363 537 676 375 453 333 396 357 750 264 128 385 326 573 453 454 160 351 345 328 332 92 342 288 16 491 426 436 670 316 539 344 384 90 359 554 359 237 193 585 690 467 437 290 787 508 531 299 592 481 356 357 237 524 716 177 213 404 481 525
671 898 844 468 357 929 692 481 790 297 820 702 494 460 860 339 855 128 932 393 396 647 777 1015 455 268 947 189 587 693 663 0 721 501 622 299 484 936 806 586 824 417 472 417 466 522 379 758 409 72 373 277 871 965 122 495 924 676 442 149 434 375 991 410 855 750 633 605 430 255 471 908 175 699 413 324 483 502 542 455 1026 807 715 731 236 324 609 783 705 732 718 407 956 688 328 1003 302 373 911 26 1023 331 655 699 445 432 227 317 530 847 943 527 490 438 973 525 845 682 598 307 521 609 320 622 800 272 435 362 836 431 707 552 372 777 968 534 542 691 659 707 602 310 602 635 777 330 948 603 572 1005 778 663 500 271 249 411 898 948 938 451 635 309 764 860 900 857 158 485 428 412 436 408 1027 155 514 498 908 795 976 745 139 326 627 849 947 1083 280
611 458 628 696 393 429 58 816 691 475 370 625 297 296 197 388 336 664 284 385 598 694 493 345 835 756 798 540 160 297 375 721 0 275 424 439 314 878 855 275 555 884 542 682 518 887 401 803 569 694 612 897 324 709 727 269 571 584 278 572 480 369 617 417 898 613 306 864 530 673 312 583 757 395 1009 854 782 924 687 718 502 331 558 29 696 622 304 664 373 462 537 1024 584 780 833 806 840 420 527 700 500 389 218 520 291 296 581 940 191 547 384 807 386 491 958 211 774 234 129 441 507 884 425 788 913 541 774 364 909 491 742 775 366 56 680 515 202 252 743 696 283 413 170 219 80 526 358 680 387 558 141 391 791 453 593 912 278 912 315 670 457 454 915 178 456 431 579 955 319 705 556 1001 863 566 214 879 854 98 671 612 607 915 204 337 759 430 728
668 659 755 647 144 653 279 745 777 346 565 693 24 251 465 170 558 484 551 118 533 720 630 619 750 618 916 352 115 446 487 501 275 0 501 201 305 967 900 356 695 772 520 614 496 813 133 845 513 495 535 729 556 861 543 257 749 650 148 356 444 259 807 142 950 705 415 829 488 541 38 750 587 521 857 716 720 833 671 659 740 532 649 271 555 523 396 756 508 586 634 864 770 800 701 943 697 150 713 476 737 195 363 613 215 196 436 774 131 700 627 757 388 220 1037 78 859 393 151 194 255 845 180 780 940 276 695 219 950 220 780 742 246 327 842 267 223 413 761 747 120 204 113 347 352 430 610 691 442 772 392 499 734 275 460 791 536 996 576 618 534 326 927 450 660 623 344 849 74 631 515 850 992 357 187 799 940 371 839 701 420 760 328 555 889 702 600
187 284 260 335 495 331 365 459 280 331 228 203 522 258 403 446 288 506 429 530 285 274 158 510 491 499 415 449 449 151 67 622 424 501 0 493 202 470 431 156 214 566 192 346 181 524 536 379 255 560 310 661 314 375 555 244 304 161 362 516 191 304 371 586 475 204 118 469 216 431 518 291 554 87 731 579 420 576 295 363 423 235 148 452 461 349 121 256 104 111 133 756 335 359 551 446 574 557 289 615 421 413 206 112 297 320 398 695 379 231 370 431 142 680 545 433 362 200 413 510 743 491 500 379 490 615 432 350 485 676 319 386 317 450 365 757 285 189 324 272 597 438 483 204 408 296 394 267 61 386 350 55 423 401 385 604 384 502 412 317 34 326 495 423 288 246 557 623 472 371 227 723 492 498 315 524 444 415 369 201 482 654 220 279 390 548 465
621 722 751 526 58 734 422 603 741 215 632 650 195 249 604 56 647 293 685 101 413 644 646 762 598 443 894 167 293 500 507 299 439 201 493 0 298 921 826 390 707 604 435 483 415 665 91 771 404 296 407 536 654 868 349 278 785 612 177 155 363 189 850 140 878 678 450 704 394 374 173 778 397 545 668 536 585 674 570 530 829 608 628 445 381 380 426 725 540 599 621 672 812 714 525 934 516 97 758 275 827 80 436 599 215 193 270 580 250 720 728 626 353 216 980 232 816 467 311 19 298 717 23 676 850 124 551 143 870 209 709 624 176 496 859 313 295 482 677 687 307 55 305 416 506 305 723 607 432 836 524 513 600 119 300 616 659 944 700 498 520 202 828 598 724 682 144 681 130 494 416 662 974 159 258 647 892 525 861 674 229 572 402 642 877 839 430
362 429 462 385 294 450 263 502 473 192 343 387 324 56 392 247 371 393 454 328 283 419 349 539 520 452 615 296 277 211 208 484 314 305 202 298 0 662 597 102 411 570 235 367 210 573 334 542 255 437 297 603 386 575 453 53 486 345 161 354 167 117 551 383 647 402 155 559 217 370 319 480 471 246 704 548 469 609 387 405 547 325 347 338 396 310 130 452 242 302 335 722 514 502 525 648 536 355 460 471 544 217 173 313 95 117 293 644 197 423 458 497 85 478 731 245 554 197 250 313 541 578 302 494 642 423 459 155 649 474 478 470 126 360 563 555 118 206 464 442 411 245 311 153 338 217 463 395 141 542 314 215 479 226 296 601 417 690 456 358 233 176 634 399 431 388 385 641 270 390 244 697 694 339 132 565 634 353 564 398 349 613 149 365 592 602 422
302 506 263 471 938 574 820 514 190 715 547 275 986 717 794 884 614 808 776 979 544 290 391 831 557 701 119 819 920 580 505 936 878 967 470 921 662 0 154 626 338 646 490 522 507 528 982 184 539 864 565 829 643 255 827 710 390 316 822 887 557 738 405 1035 128 267 578 409 534 683 981 360 794 482 818 722 489 591 395 491 606 583 324 907 706 612 588 215 505 416 343 853 407 256 696 177 731 1001 433 941 605 847 661 362 755 777 723 840 849 359 649 456 582 1127 84 902 108 643 883 940 1198 422 934 335 217 1030 537 788 166 1122 229 409 753 892 297 1212 756 625 278 235 1067 867 954 665 843 636 693 333 525 500 772 489 476 808 694 685 733 38 739 486 436 722 264 822 510 503 937 649 929 532 517 813 143 867 784 548 28 843 317 269 818 790 683 607 170 821 675
244 553 308 337 851 622 796 363 189 613 569 229 917 649 805 796 640 679 803 895 426 182 405 870 406 559 239 707 870 567 482 806 855 900 431 826 597 154 0 585 373 494 391 388 412 374 896 55 427 733 442 679 670 355 692 649 457 270 752 772 465 654 491 951 52 257 548 254 432 550 908 424 655 470 664 572 341 437 267 352 674 599 304 884 571 487 552 216 495 414 328 699 482 117 547 308 583 913 491 813 672 758 636 341 685 704 603 689 793 401 693 305 513 1039 167 843 139 625 838 846 1115 268 842 188 81 927 391 703 54 1033 119 262 669 878 391 1130 704 610 150 158 1009 775 904 636 833 527 733 218 475 577 768 465 327 708 573 532 758 150 772 355 398 623 120 830 557 539 823 495 853 395 410 659 291 753 727 394 133 837 412 256 697 639 651 632 279 875 535
341 331 400 431 378 348 217 554 435 292 243 360 378 142 307 337 269 491 360 404 345 419 274 445 578 535 564 399 294 110 131 586 275 356 156 390 102 626 585 0 339 639 274 424 251 624 413 531 314 537 364 691 284 505 550 113 400 317 231 456 225 218 463 458 631 359 61 591 272 455 378 398 564 166 784 628 518 667 414 455 445 223 302 303 483 387 40 411 155 230 285 805 425 505 603 587 617 435 370 573 442 311 80 264 176 198 388 731 228 345 356 539 127 552 702 283 518 98 257 404 606 612 391 512 640 515 517 251 639 549 470 503 226 310 487 619 133 105 468 426 444 339 328 66 276 302 362 404 111 446 234 143 525 328 387 672 320 658 358 406 190 278 640 318 333 291 486 705 339 449 295 777 638 442 168 619 600 287 485 356 450 697 73 262 534 504 503
205 180 76 456 706 249 500 563 183 542 208 187 717 466 455 658 276 703 438 738 452 302 65 499 604 665 244 660 625 262 208 824 555 695 214 707 411 338 373 339 0 691 361 486 361 615 745 339 429 759 479 823 305 165 746 446 111 180 566 727 390 518 173 793 399 130 280 524 398 609 717 86 735 174 868 728 525 676 386 485 309 245 123 584 639 525 298 157 189 109 111 898 144 362 700 252 728 766 127 820 307 626 348 126 504 527 598 851 566 32 320 518 356 887 423 622 249 325 584 723 945 546 713 422 451 829 554 563 424 884 305 463 531 562 151 958 472 305 343 253 778 652 657 358 511 494 362 326 274 227 438 198 521 615 579 733 395 376 404 449 191 539 476 483 184 168 770 731 676 509 399 861 308 709 507 623 321 510 155 134 687 805 377 268 204 502 631
488 835 672 237 655 891 833 136 569 428 793 511 777 589 944 608 854 327 987 703 294 406 674 1071 91 163 703 437 808 704 632 417 884 772 566 604 570 646 494 639 691 0 376 220 393 126 695 465 325 358 274 196 880 776 297 614 802 511 646 472 413 530 862 744 533 571 650 242 367 231 758 775 242 652 179 98 170 86 305 208 978 801 568 905 222 262 634 578 671 645 584 211 836 395 88 771 117 701 812 437 975 578 719 576 603 608 337 196 729 723 937 192 511 804 653 754 588 731 797 621 891 235 627 313 455 647 137 558 503 797 441 245 539 931 796 905 682 729 386 471 891 575 837 705 907 359 961 371 554 915 873 622 177 498 311 41 943 644 975 250 556 450 409 957 839 802 517 77 700 195 347 172 772 458 678 102 622 921 811 566 382 148 708 845 725 1114 173
201 473 373 156 460 523 486 280 323 225 421 232 535 277 573 405 479 346 611 505 94 209 324 695 307 310 481 331 511 328 257 472 542 520 192 435 235 490 391 274 361 376 0 155 24 350 505 336 68 403 120 471 504 493 385 288 468 204 371 399 76 265 534 559 443 278 275 323 44 248 523 447 374 280 538 386 243 395 152 181 614 426 245 567 278 164 262 313 297 286 250 563 501 282 359 533 382 521 465 471 611 367 351 234 308 324 246 504 429 387 563 265 155 647 545 472 388 359 486 455 724 343 450 260 421 540 246 313 437 642 273 234 280 582 498 739 354 355 244 254 634 383 544 340 550 148 585 174 179 566 506 247 251 319 223 413 567 510 599 132 189 233 407 588 477 436 448 437 466 181 37 530 562 380 366 345 461 561 508 272 340 461 347 470 476 738 276
292 619 480 51 523 673 628 135 396 273 573 320 624 397 727 469 634 290 767 571 84 238 461 851 154 186 547 337 628 484 412 417 682 614 346 483 367 522 388 424 486 220 155 0 174 206 567 341 112 344 78 338 659 593 305 416 597 310 473 396 201 356 660 621 438 378 431 220 152 161 609 572 274 432 387 242 106 243 128 47 761 580 363 705 184 106 416 397 450 429 376 415 631 271 213 609 242 579 602 425 758 433 503 365 419 429 226 364 546 516 716 143 299 699 556 581 438 513 610 503 781 234 503 208 387 563 92 395 420 692 293 144 368 726 607 797 485 510 243 303 733 440 659 490 698 184 740 195 334 705 658 401 120 364 194 258 723 532 754 39 337 291 356 741 623 584 448 282 549 25 129 380 625 377 488 197 494 710 620 372 313 318 496 625 557 893 156
213 464 378 179 438 512 462 302 335 209 408 244 511 252 553 383 464 343 593 483 104 230 320 677 327 318 493 318 486 310 243 466 518 496 181 415 210 507 412 251 361 393 24 174 0 372 484 357 74 399 129 480 489 498 385 263 466 212 347 387 53 242 532 538 464 285 256 348 37 252 500 446 377 268 552 399 266 416 177 203 604 411 249 543 282 169 242 324 283 280 252 576 498 305 372 543 393 500 460 464 601 346 330 234 283 300 239 514 404 386 549 289 131 627 564 447 404 339 461 435 702 368 430 285 444 523 266 291 459 621 293 259 257 558 502 717 329 335 267 272 610 363 519 318 527 138 570 196 160 561 485 234 274 301 218 430 549 528 582 154 182 215 431 567 468 426 435 456 443 199 47 544 574 368 341 367 478 538 510 280 332 473 324 455 486 722 284
410 773 585 193 711 834 832 70 473 467 743 428 822 603 921 660 809 416 953 760 290 315 608 1035 69 254 595 505 833 671 592 522 887 813 524 665 573 528 374 624 615 126 350 206 372 0 754 351 318 456 281 322 837 679 399 622 724 437 676 551 406 558 779 806 411 488 623 120 356 296 805 695 347 605 290 220 106 64 234 169 914 757 495 911 299 291 611 485 627 586 514 324 756 286 202 664 237 763 740 538 911 626 701 510 624 633 395 322 751 647 887 97 501 876 530 784 480 708 816 684 961 109 687 206 331 727 118 594 379 869 338 151 570 929 704 976 691 702 285 376 933 629 864 690 899 383 916 288 526 842 856 579 100 551 364 160 908 523 936 217 507 487 284 937 777 743 600 123 746 185 331 284 660 535 694 24 506 911 721 483 461 274 697 800 621 1069 248
680 738 796 608 45 742 395 690 798 295 645 708 119 279 582 100 650 384 666 15 494 714 682 738 687 534 946 259 243 517 538 379 401 133 536 91 334 982 896 413 745 695 505 567 484 754 0 841 481 384 490 626 654 909 439 301 814 668 182 243 431 244 876 54 948 731 474 788 466 465 98 810 488 576 759 628 671 764 646 614 834 617 678 400 473 466 452 779 568 635 668 762 838 787 617 982 607 22 783 353 831 138 443 646 240 217 360 670 226 755 727 711 403 145 1045 189 875 474 271 76 218 802 68 754 925 142 638 194 943 140 777 706 229 455 896 233 296 492 750 752 223 126 246 424 474 386 715 679 475 853 505 547 686 203 390 708 646 1007 687 580 566 279 906 571 740 700 221 772 84 580 491 753 1026 249 257 737 954 493 896 727 321 663 408 646 926 819 522
192 518 280 290 795 587 744 331 157 559 528 181 862 594 760 740 599 631 761 840 374 127 365 830 375 518 244 654 815 517 432 758 803 845 379 771 542 184 55 531 339 465 336 341 357 351 841 0 373 686 391 645 629 345 646 594 431 220 696 720 410 598 471 895 107 215 496 234 377 503 853 399 612 422 640 538 305 416 217 308 645 556 258 832 525 437 499 182 447 369 282 674 458 72 512 314 547 857 462 765 643 703 585 293 629 649 552 657 738 369 656 273 457 984 215 788 132 575 783 791 1059 252 787 152 115 873 353 647 107 978 64 225 613 828 378 1074 650 560 99 106 953 720 850 583 783 473 695 164 421 553 719 415 292 654 522 505 716 190 732 307 346 569 138 784 523 501 771 474 797 350 356 634 308 701 672 369 158 788 397 214 646 607 598 591 276 840 492
262 539 439 134 436 587 516 247 381 188 483 293 525 286 619 381 538 282 664 483 31 250 392 748 266 244 539 281 519 382 317 409 569 513 255 404 255 539 427 314 429 325 68 112 74 318 481 373 0 339 55 405 562 558 318 304 536 268 368 348 89 253 602 536 479 342 326 315 42 180 512 515 306 343 479 325 215 355 165 151 679 485 312 593 210 96 309 374 358 353 318 502 569 312 298 594 318 495 533 410 676 343 394 302 311 323 186 439 437 456 623 246 187 619 587 474 441 406 499 423 699 332 421 272 446 500 205 297 468 613 314 228 267 613 565 714 373 404 276 304 631 355 551 380 586 100 644 209 232 634 549 309 226 284 160 359 620 556 654 106 255 202 424 632 542 501 399 391 453 135 30 471 620 328 377 309 510 598 575 336 281 398 385 529 538 795 209
601 839 776 396 355 874 660 412 719 245 765 632 491 419 821 326 804 57 889 396 324 575 713 973 389 202 876 153 570 640 605 72 694 495 560 296 437 864 733 537 759 358 403 344 399 456 384 686 339 0 301 243 821 897 62 454 861 607 417 141 370 334 928 423 783 681 580 536 362 183 470 843 118 640 380 270 413 441 469 383 971 755 648 707 165 252 556 713 647 669 651 379 893 615 270 933 248 382 850 82 968 311 610 633 409 400 161 287 506 783 892 457 433 465 900 508 774 634 576 309 550 540 320 550 728 300 365 330 764 458 635 480 334 749 901 564 506 642 587 636 604 294 589 590 745 265 900 531 513 945 740 603 430 240 180 357 854 876 893 378 572 260 693 823 842 799 172 430 421 339 367 374 956 137 482 433 835 763 910 675 88 286 583 797 877 1039 211
303 593 485 119 445 642 560 211 418 194 538 333 545 322 671 391 593 244 717 493 26 274 445 802 223 189 575 267 551 436 372 373 612 535 310 407 297 565 442 364 479 274 120 78 129 281 490 391 55 301 0 351 617 603 273 344 587 313 395 330 139 277 653 543 494 386 379 298 96 131 530 565 256 398 424 270 185 312 175 125 734 540 360 635 160 49 362 414 413 407 368 448 621 325 243 633 263 502 586 376 731 355 445 353 342 351 161 384 469 507 678 222 237 623 607 503 472 458 535 426 705 312 426 273 452 492 164 316 479 616 336 217 290 658 612 720 413 457 292 334 655 363 582 430 633 105 698 231 287 687 599 364 199 287 130 307 674 579 708 92 310 212 425 683 597 556 382 344 471 96 83 417 655 311 413 270 536 646 623 380 254 343 433 584 578 849 155
630 944 818 377 593 992 855 316 729 422 887 658 728 604 995 558 939 245 1051 637 377 566 794 1137 274 161 874 376 791 778 721 277 897 729 661 536 603 829 679 691 823 196 471 338 480 322 626 645 405 243 351 0 961 930 187 636 933 648 630 383 478 527 997 666 722 716 719 435 445 236 707 909 142 748 137 107 339 277 456 350 1085 886 701 914 208 312 698 732 762 757 712 136 967 572 132 939 98 625 935 302 1082 537 771 699 605 603 316 44 720 852 1026 373 568 708 843 731 760 790 791 550 793 429 559 493 647 542 293 539 693 701 611 419 532 950 945 806 698 792 557 632 842 525 815 753 937 389 1043 525 632 1037 917 714 352 458 307 169 1011 830 1047 377 661 443 603 1002 948 907 416 239 654 317 435 131 947 376 683 298 803 953 958 711 308 56 752 931 889 1191 195
455 149 380 649 628 106 288 773 483 576 101 454 580 417 162 598 30 774 133 641 593 558 265 202 806 801 541 683 453 183 247 871 324 556 314 654 386 643 670 284 305 880 504 659 489 837 654 629 562 821 617 961 0 425 831 383 275 424 479 738 483 499 307 687 702 414 244 772 520 726 589 296 841 231 1041 887 734 891 604 678 183 80 373 348 755 649 266 455 210 264 350 1065 278 635 860 529 880 676 227 857 180 580 220 344 443 462 669 998 431 284 73 742 395 775 728 479 555 190 411 664 809 795 650 676 745 776 747 526 724 774 583 694 506 306 389 820 360 179 607 530 599 608 476 240 254 576 81 565 330 236 182 259 736 609 665 918 89 681 103 631 329 562 763 192 147 140 765 937 570 685 536 1034 591 725 399 838 626 244 375 415 734 960 252 38 493 233 768
